CTD-processing/allCTD/CNV--turbid/2013_06-06_alongbay_skb04_outer_cast099.cnv
* Sea-Bird SBE19plus Data File:
* FileName = C:\Documents and Settings\kbayadmin\My Documents\CTD data\2013-06-06 Kachemak Bay all bay inner bay Nuka\2013-06-06 Kachemak Bay All Bay Inner Bay cast099.hex
* Software Version 1.59
* Temperature SN =  4141
* Conductivity SN =  4141
* System UpLoad Time = Jun 18 2013 16:28:09
** Kachemak Bay All Bay Inner Bay
** 2013-06-06
** Station: KBay 4
** N': 59 33.1176
** W': 151 31.7778
** Start Time: 1316
** Depth(ft): 525
# nquan = 16
# nvalues = 1124                        
# units = specified
# name 0 = scan: Scan Count
# name 1 = timeJ: Julian Days
# name 2 = timeH: Time, Elapsed [hours]
# name 3 = timeM: Time, Elapsed [minutes]
# name 4 = timeS: Time, Elapsed [seconds]
# name 5 = prdM: Pressure, Strain Gauge [db]
# name 6 = specc: Specific Conductance [uS/cm]
# name 7 = sal00: Salinity, Practical [PSU]
# name 8 = tv290C: Temperature [ITS-90, deg C]
# name 9 = depSM: Depth [salt water, m], lat = 59.00
# name 10 = oxsolML/L: Oxygen Saturation, Garcia & Gordon [ml/l]
# name 11 = potemp090C: Potential Temperature [ITS-90, deg C]
# name 12 = sigma-é00: Density [sigma-theta, kg/m^3]
# name 13 = n2satML/L: Nitrogen Saturation [ml/l]
# name 14 = par: PAR/Irradiance, Biospherical/Licor
# name 15 = flag:  0.000e+00
# span 0 =          1,       1124       
# span 1 = 157.552234, 157.555483       
# span 2 =    0.00000,    0.07799       
# span 3 =     0.0000,     4.6792       
# span 4 =      0.000,    280.750       
# span 5 =     -0.094,    155.229       
# span 6 =    420.768,  51461.136       
# span 7 =     0.1979,    31.8865       
# span 8 =     4.7190,     9.8286       
# span 9 =     -0.093,    153.720       
# span 10 =    6.54974,    8.19956      
# span 11 =     4.7080,     9.8285      
# span 12 =    -0.0165,    25.2385      
# span 13 =   11.84790,   15.01259      
# span 14 = 3.6382e-02, 6.0696e+01      
# span 15 = 0.0000e+00, 0.0000e+00      
# interval = seconds: 0.25
# start_time = Jun 06 2013 13:15:13 [Instrument's time stamp, header]
# bad_flag = -9.990e-29
*END*
[from data line 814]
        815 157.554589    0.05653     3.3917    203.500     82.741  51167.597    31.8073     5.1159     81.951    7.20604     5.0944    25.1328   12.90971 3.6382e-02 0.0000e+00
        816 157.554592    0.05660     3.3958    203.750     82.955  51173.537    31.8095     5.1076     82.163    7.20735     5.0887    25.1355   12.91184 3.6382e-02 0.0000e+00
        817 157.554595    0.05667     3.4000    204.000     83.178  51180.663    31.8127     5.1005     82.384    7.20842     5.0846    25.1389   12.91356 3.6382e-02 0.0000e+00
        818 157.554598    0.05674     3.4042    204.250     83.409  51187.789    31.8163     5.0949     82.612    7.20922     5.0821    25.1423   12.91484 3.6382e-02 0.0000e+00
        819 157.554601    0.05681     3.4083    204.500     83.644  51194.415    31.8199     5.0908     82.845    7.20975     5.0810    25.1456   12.91567 3.6382e-02 0.0000e+00
        820 157.554604    0.05688     3.4125    204.750     83.880  51200.877    31.8237     5.0882     83.078    7.21000     5.0815    25.1488   12.91605 3.6382e-02 0.0000e+00
        821 157.554606    0.05694     3.4167    205.000     84.114  51207.093    31.8276     5.0872     83.310    7.20999     5.0834    25.1521   12.91598 3.6382e-02 0.0000e+00
        822 157.554609    0.05701     3.4208    205.250     84.344  51212.870    31.8315     5.0876     83.538    7.20972     5.0866    25.1552   12.91548 3.6382e-02 0.0000e+00
        823 157.554612    0.05708     3.4250    205.500     84.572  51218.207    31.8355     5.0895     83.763    7.20920     5.0909    25.1581   12.91457 3.6382e-02 0.0000e+00
        824 157.554615    0.05715     3.4292    205.750     84.795  51222.604    31.8391     5.0928     83.985    7.20847     5.0961    25.1606   12.91332 3.6382e-02 0.0000e+00
        825 157.554618    0.05722     3.4333    206.000     85.015  51226.316    31.8425     5.0971     84.203    7.20757     5.1022    25.1628   12.91178 3.6382e-02 0.0000e+00
        826 157.554621    0.05729     3.4375    206.250     85.232  51230.214    31.8462     5.1023     84.417    7.20650     5.1092    25.1652   12.90996 3.6382e-02 0.0000e+00
        827 157.554624    0.05736     3.4417    206.500     85.446  51234.003    31.8500     5.1084     84.629    7.20526     5.1171    25.1676   12.90786 3.6382e-02 0.0000e+00
        828 157.554627    0.05743     3.4458    206.750     85.657  51237.230    31.8537     5.1155     84.839    7.20386     5.1252    25.1697   12.90551 3.6382e-02 0.0000e+00
        829 157.554630    0.05750     3.4500    207.000     85.866  51237.989    31.8558     5.1234     85.045    7.20239     5.1323    25.1705   12.90307 3.6382e-02 0.0000e+00
        830 157.554633    0.05757     3.4542    207.250     86.074  51234.041    31.8547     5.1315     85.251    7.20105     5.1370    25.1687   12.90087 3.6382e-02 0.0000e+00
        831 157.554635    0.05764     3.4583    207.500     86.283  51225.845    31.8505     5.1386     85.458    7.20004     5.1385    25.1646   12.89925 3.6382e-02 0.0000e+00
        832 157.554638    0.05771     3.4625    207.750     86.497  51214.144    31.8434     5.1433     85.670    7.19956     5.1358    25.1585   12.89855 3.6382e-02 0.0000e+00
        833 157.554641    0.05778     3.4667    208.000     86.720  51200.436    31.8342     5.1448     85.891    7.19976     5.1294    25.1510   12.89900 3.6382e-02 0.0000e+00
        834 157.554644    0.05785     3.4708    208.250     86.952  51189.908    31.8263     5.1421     86.121    7.20060     5.1210    25.1450   12.90049 3.6382e-02 0.0000e+00
        835 157.554647    0.05792     3.4750    208.500     87.191  51187.406    31.8231     5.1357     86.357    7.20185     5.1128    25.1432   12.90259 3.6382e-02 0.0000e+00
        836 157.554650    0.05799     3.4792    208.750     87.432  51192.332    31.8245     5.1274     86.596    7.20320     5.1062    25.1453   12.90481 3.6382e-02 0.0000e+00
        837 157.554653    0.05806     3.4833    209.000     87.670  51201.982    31.8293     5.1192     86.831    7.20439     5.1022    25.1499   12.90670 3.6382e-02 0.0000e+00
        838 157.554656    0.05813     3.4875    209.250     87.898  51215.187    31.8368     5.1126     87.057    7.20517     5.1014    25.1566   12.90790 3.6382e-02 0.0000e+00
        839 157.554659    0.05819     3.4917    209.500     88.115  51229.290    31.8455     5.1086     87.273    7.20543     5.1032    25.1640   12.90822 3.6382e-02 0.0000e+00
        840 157.554661    0.05826     3.4958    209.750     88.324  51239.182    31.8521     5.1079     87.480    7.20525     5.1061    25.1692   12.90783 3.6382e-02 0.0000e+00
        841 157.554664    0.05833     3.5000    210.000     88.532  51242.593    31.8547     5.1097     87.686    7.20481     5.1088    25.1711   12.90707 3.6382e-02 0.0000e+00
        842 157.554667    0.05840     3.5042    210.250     88.744  51241.885    31.8547     5.1125     87.896    7.20431     5.1111    25.1708   12.90625 3.6382e-02 0.0000e+00
        843 157.554670    0.05847     3.5083    210.500     88.964  51240.693    31.8544     5.1153     88.114    7.20385     5.1132    25.1703   12.90549 3.6382e-02 0.0000e+00
        844 157.554673    0.05854     3.5125    210.750     89.191  51241.049    31.8550     5.1176     88.338    7.20343     5.1153    25.1705   12.90478 3.6382e-02 0.0000e+00
        845 157.554676    0.05861     3.5167    211.000     89.421  51241.970    31.8560     5.1197     88.565    7.20302     5.1172    25.1711   12.90410 3.6382e-02 0.0000e+00
        846 157.554679    0.05868     3.5208    211.250     89.649  51241.589    31.8561     5.1219     88.791    7.20265     5.1187    25.1709   12.90348 3.6382e-02 0.0000e+00
        847 157.554682    0.05875     3.5250    211.500     89.876  51240.011    31.8553     5.1238     89.016    7.20235     5.1195    25.1701   12.90299 3.6382e-02 0.0000e+00
        848 157.554685    0.05882     3.5292    211.750     90.102  51238.363    31.8544     5.1253     89.240    7.20214     5.1199    25.1692   12.90266 3.6382e-02 0.0000e+00
        849 157.554688    0.05889     3.5333    212.000     90.327  51237.147    31.8536     5.1262     89.463    7.20202     5.1197    25.1685   12.90248 3.6382e-02 0.0000e+00
        850 157.554690    0.05896     3.5375    212.250     90.552  51236.234    31.8530     5.1265     89.686    7.20199     5.1191    25.1679   12.90244 3.6382e-02 0.0000e+00
        851 157.554693    0.05903     3.5417    212.500     90.779  51234.933    31.8519     5.1264     89.910    7.20206     5.1176    25.1671   12.90256 3.6382e-02 0.0000e+00
        852 157.554696    0.05910     3.5458    212.750     91.007  51232.405    31.8499     5.1258     90.137    7.20227     5.1149    25.1656   12.90293 3.6382e-02 0.0000e+00
        853 157.554699    0.05917     3.5500    213.000     91.236  51228.357    31.8467     5.1243     90.363    7.20267     5.1108    25.1632   12.90364 3.6382e-02 0.0000e+00
        854 157.554702    0.05924     3.5542    213.250     91.462  51223.852    31.8429     5.1216     90.587    7.20332     5.1054    25.1605   12.90475 3.6382e-02 0.0000e+00
        855 157.554705    0.05931     3.5583    213.500     91.684  51221.178    31.8401     5.1175     90.807    7.20417     5.0996    25.1587   12.90620 3.6382e-02 0.0000e+00
        856 157.554708    0.05937     3.5625    213.750     91.904  51222.022    31.8394     5.1121     91.025    7.20513     5.0943    25.1588   12.90779 3.6382e-02 0.0000e+00
        857 157.554711    0.05944     3.5667    214.000     92.123  51226.044    31.8408     5.1064     91.242    7.20605     5.0900    25.1605   12.90929 3.6382e-02 0.0000e+00
        858 157.554714    0.05951     3.5708    214.250     92.346  51231.587    31.8434     5.1011     91.462    7.20684     5.0868    25.1631   12.91056 3.6382e-02 0.0000e+00
        859 157.554716    0.05958     3.5750    214.500     92.573  51237.226    31.8462     5.0968     91.687    7.20745     5.0845    25.1658   12.91153 3.6382e-02 0.0000e+00
        860 157.554719    0.05965     3.5792    214.750     92.806  51241.555    31.8484     5.0936     91.918    7.20789     5.0825    25.1679   12.91223 3.6382e-02 0.0000e+00
        861 157.554722    0.05972     3.5833    215.000     93.044  51242.788    31.8486     5.0913     92.154    7.20826     5.0798    25.1684   12.91284 3.6382e-02 0.0000e+00
        862 157.554725    0.05979     3.5875    215.250     93.285  51240.543    31.8465     5.0893     92.392    7.20871     5.0760    25.1669   12.91361 3.6382e-02 0.0000e+00
        863 157.554728    0.05986     3.5917    215.500     93.523  51237.539    31.8438     5.0866     92.628    7.20931     5.0714    25.1650   12.91463 3.6382e-02 0.0000e+00
        864 157.554731    0.05993     3.5958    215.750     93.757  51236.600    31.8422     5.0828     92.859    7.21004     5.0666    25.1642   12.91586 3.6382e-02 0.0000e+00
        865 157.554734    0.06000     3.6000    216.000     93.984  51237.836    31.8419     5.0782     93.085    7.21084     5.0620    25.1645   12.91718 3.6382e-02 0.0000e+00
        866 157.554737    0.06007     3.6042    216.250     94.208  51240.365    31.8425     5.0735     93.306    7.21163     5.0577    25.1655   12.91849 3.6382e-02 0.0000e+00
        867 157.554740    0.06014     3.6083    216.500     94.431  51243.018    31.8432     5.0689     93.527    7.21238     5.0536    25.1665   12.91973 3.6382e-02 0.0000e+00
        868 157.554742    0.06021     3.6125    216.750     94.657  51244.536    31.8432     5.0646     93.751    7.21311     5.0492    25.1670   12.92093 3.6382e-02 0.0000e+00
        869 157.554745    0.06028     3.6167    217.000     94.889  51244.433    31.8422     5.0605     93.981    7.21388     5.0441    25.1666   12.92221 3.6382e-02 0.0000e+00
        870 157.554748    0.06035     3.6208    217.250     95.128  51243.363    31.8403     5.0561     94.217    7.21473     5.0384    25.1657   12.92364 3.6382e-02 0.0000e+00
        871 157.554751    0.06042     3.6250    217.500     95.369  51242.195    31.8383     5.0510     94.456    7.21570     5.0319    25.1646   12.92526 3.6382e-02 0.0000e+00
        872 157.554754    0.06049     3.6292    217.750     95.609  51241.324    31.8364     5.0453     94.693    7.21679     5.0250    25.1637   12.92708 3.6382e-02 0.0000e+00
        873 157.554757    0.06056     3.6333    218.000     95.843  51241.534    31.8350     5.0388     94.926    7.21797     5.0181    25.1633   12.92905 3.6382e-02 0.0000e+00
        874 157.554760    0.06062     3.6375    218.250     96.070  51243.587    31.8348     5.0319     95.151    7.21917     5.0116    25.1639   12.93104 3.6382e-02 0.0000e+00
        875 157.554763    0.06069     3.6417    218.500     96.291  51247.397    31.8358     5.0250     95.369    7.22032     5.0059    25.1655   12.93292 3.6382e-02 0.0000e+00
        876 157.554766    0.06076     3.6458    218.750     96.507  51251.960    31.8374     5.0185     95.583    7.22135     5.0010    25.1674   12.93460 3.6382e-02 0.0000e+00
        877 157.554769    0.06083     3.6500    219.000     96.721  51256.127    31.8389     5.0129     95.794    7.22226     4.9969    25.1693   12.93608 3.6382e-02 0.0000e+00
        878 157.554771    0.06090     3.6542    219.250     96.936  51259.647    31.8402     5.0080     96.007    7.22303     4.9934    25.1708   12.93734 3.6382e-02 0.0000e+00
        879 157.554774    0.06097     3.6583    219.500     97.154  51262.934    31.8414     5.0039     96.223    7.22369     4.9905    25.1722   12.93841 3.6382e-02 0.0000e+00
        880 157.554777    0.06104     3.6625    219.750     97.377  51266.046    31.8427     5.0004     96.444    7.22423     4.9882    25.1736   12.93929 3.6382e-02 0.0000e+00
        881 157.554780    0.06111     3.6667    220.000     97.604  51268.750    31.8438     4.9976     96.669    7.22467     4.9864    25.1748   12.94000 3.6382e-02 0.0000e+00
        882 157.554783    0.06118     3.6708    220.250     97.835  51271.097    31.8448     4.9953     96.897    7.22502     4.9850    25.1758   12.94056 3.6382e-02 0.0000e+00
        883 157.554786    0.06125     3.6750    220.500     98.067  51273.058    31.8456     4.9935     97.127    7.22529     4.9838    25.1767   12.94100 3.6382e-02 0.0000e+00
        884 157.554789    0.06132     3.6792    220.750     98.301  51274.429    31.8461     4.9921     97.359    7.22551     4.9828    25.1772   12.94135 3.6382e-02 0.0000e+00
        885 157.554792    0.06139     3.6833    221.000     98.536  51275.043    31.8462     4.9909     97.591    7.22570     4.9816    25.1774   12.94167 3.6382e-02 0.0000e+00
        886 157.554795    0.06146     3.6875    221.250     98.770  51275.055    31.8459     4.9899     97.823    7.22590     4.9802    25.1772   12.94200 3.6382e-02 0.0000e+00
        887 157.554797    0.06153     3.6917    221.500     99.004  51274.805    31.8454     4.9887     98.055    7.22612     4.9785    25.1769   12.94238 3.6382e-02 0.0000e+00
        888 157.554800    0.06160     3.6958    221.750     99.239  51274.156    31.8445     4.9874     98.288    7.22640     4.9764    25.1764   12.94285 3.6382e-02 0.0000e+00
        889 157.554803    0.06167     3.7000    222.000     99.474  51272.808    31.8431     4.9857     98.521    7.22676     4.9737    25.1755   12.94345 3.6382e-02 0.0000e+00
        890 157.554806    0.06174     3.7042    222.250     99.709  51271.316    31.8415     4.9835     98.753    7.22720     4.9705    25.1745   12.94421 3.6382e-02 0.0000e+00
        891 157.554809    0.06181     3.7083    222.500     99.944  51270.732    31.8404     4.9808     98.985    7.22772     4.9672    25.1739   12.94508 3.6382e-02 0.0000e+00
        892 157.554812    0.06187     3.7125    222.750    100.178  51271.507    31.8401     4.9777     99.217    7.22828     4.9640    25.1740   12.94600 3.6382e-02 0.0000e+00
        893 157.554815    0.06194     3.7167    223.000    100.411  51273.219    31.8404     4.9744     99.449    7.22883     4.9611    25.1746   12.94691 3.6382e-02 0.0000e+00
        894 157.554818    0.06201     3.7208    223.250    100.645  51274.956    31.8408     4.9713     99.680    7.22936     4.9582    25.1753   12.94778 3.6382e-02 0.0000e+00
        895 157.554821    0.06208     3.7250    223.500    100.882  51276.107    31.8408     4.9683     99.914    7.22987     4.9554    25.1756   12.94862 3.6382e-02 0.0000e+00
        896 157.554823    0.06215     3.7292    223.750    101.124  51276.718    31.8405     4.9655    100.154    7.23037     4.9524    25.1757   12.94946 3.6382e-02 0.0000e+00
        897 157.554826    0.06222     3.7333    224.000    101.372  51277.293    31.8402     4.9627    100.400    7.23088     4.9494    25.1757   12.95031 3.6382e-02 0.0000e+00
        898 157.554829    0.06229     3.7375    224.250    101.629  51278.177    31.8400     4.9597    100.654    7.23140     4.9464    25.1759   12.95117 3.6382e-02 0.0000e+00
        899 157.554832    0.06236     3.7417    224.500    101.892  51279.187    31.8399     4.9567    100.914    7.23193     4.9434    25.1761   12.95204 3.6382e-02 0.0000e+00
        900 157.554835    0.06243     3.7458    224.750    102.157  51280.338    31.8399     4.9537    101.177    7.23245     4.9404    25.1764   12.95290 3.6382e-02 0.0000e+00
        901 157.554838    0.06250     3.7500    225.000    102.419  51281.851    31.8402     4.9507    101.436    7.23295     4.9376    25.1770   12.95373 3.6382e-02 0.0000e+00
        902 157.554841    0.06257     3.7542    225.250    102.673  51283.549    31.8406     4.9478    101.688    7.23344     4.9350    25.1776   12.95452 3.6382e-02 0.0000e+00
        903 157.554844    0.06264     3.7583    225.500    102.919  51285.448    31.8411     4.9450    101.931    7.23389     4.9328    25.1783   12.95527 3.6382e-02 0.0000e+00
