CTD-processing/allCTD/CNV--turbid/2013_06-28_t9andtutka_s05_cast197.cnv
* Sea-Bird SBE19plus Data File:
* FileName = C:\Documents and Settings\kbayadmin\My Documents\CTD data\2013-06-28 Kachemak Bay Homer Spit Line and Tutka Bay\2013-06-28 Kachemak Bay Homer Spit Line and Tutka Bay cast197.hex
* Software Version 1.59
* Temperature SN =  5028
* Conductivity SN =  5028
* System UpLoad Time = Jun 29 2013 13:17:58
** Kachemak Bay Homer Spit Line and Tutka Bay
** 2013-06-28
** Station: 9.05
** N': 59 34.776
** W': -151 22.802
** Start Time: 1408
** Depth(ft): 310
# nquan = 16
# nvalues = 677                         
# units = specified
# name 0 = scan: Scan Count
# name 1 = timeJ: Julian Days
# name 2 = timeH: Time, Elapsed [hours]
# name 3 = timeM: Time, Elapsed [minutes]
# name 4 = timeS: Time, Elapsed [seconds]
# name 5 = prdM: Pressure, Strain Gauge [db]
# name 6 = specc: Specific Conductance [uS/cm]
# name 7 = sal00: Salinity, Practical [PSU]
# name 8 = tv290C: Temperature [ITS-90, deg C]
# name 9 = depSM: Depth [salt water, m], lat = 59.00
# name 10 = oxsolML/L: Oxygen Saturation, Garcia & Gordon [ml/l]
# name 11 = potemp090C: Potential Temperature [ITS-90, deg C]
# name 12 = sigma-é00: Density [sigma-theta, kg/m^3]
# name 13 = n2satML/L: Nitrogen Saturation [ml/l]
# name 14 = par: PAR/Irradiance, Biospherical/Licor
# name 15 = flag:  0.000e+00
# span 0 =          1,        677       
# span 1 = 179.589965, 179.591921       
# span 2 =    0.00000,    0.04694       
# span 3 =     0.0000,     2.8167       
# span 4 =      0.000,    169.000       
# span 5 =      0.077,     88.376       
# span 6 =   2721.282,  50867.056       
# span 7 =     1.4153,    31.7165       
# span 8 =     5.6831,    10.2995       
# span 9 =      0.076,     87.531       
# span 10 =    6.56104,    7.91264      
# span 11 =     5.6763,    10.2994      
# span 12 =     0.8524,    24.9971      
# span 13 =   11.88957,   14.51052      
# span 14 = 4.6390e-02, 3.9826e+02      
# span 15 = 0.0000e+00, 0.0000e+00      
# interval = seconds: 0.25
# start_time = Jun 28 2013 14:09:33 [Instrument's time stamp, header]
# bad_flag = -9.990e-29
*END*
          1 179.589965    0.00000     0.0000      0.000      0.078   3223.780     1.7127     9.5687      0.077    7.89332     9.5682     1.0823   14.47346 2.8562e+02 0.0000e+00
          2 179.589968    0.00007     0.0042      0.250      0.077   4500.882     2.4231     9.5685      0.076    7.85769     9.5677     1.6383   14.40296 2.9639e+02 0.0000e+00
          3 179.589971    0.00014     0.0083      0.500      0.077   5723.911     3.1038     9.5682      0.076    7.82357     9.5672     2.1711   14.33542 3.0835e+02 0.0000e+00
          4 179.589974    0.00021     0.0125      0.750      0.077   6209.319     3.3660     9.5677      0.076    7.81039     9.5667     2.3767   14.30928 3.2024e+02 0.0000e+00
          5 179.589977    0.00028     0.0167      1.000      0.077   5967.926     3.2177     9.5672      0.076    7.81775     9.5659     2.2614   14.32379 3.3084e+02 0.0000e+00
          6 179.589980    0.00035     0.0208      1.250      0.077   5354.154     2.8633     9.5667      0.076    7.83552     9.5647     1.9847   14.35890 3.3896e+02 0.0000e+00
          7 179.589983    0.00042     0.0250      1.500      0.077   4671.740     2.4748     9.5659      0.076    7.85511     9.5631     1.6812   14.39759 3.4509e+02 0.0000e+00
          8 179.589986    0.00049     0.0292      1.750      0.077   4116.523     2.1617     9.5647      0.076    7.87103     9.5613     1.4363   14.42902 3.5062e+02 0.0000e+00
          9 179.589988    0.00056     0.0333      2.000      0.077   3725.443     1.9423     9.5631      0.076    7.88233     9.5591     1.2648   14.45131 3.5635e+02 0.0000e+00
         10 179.589991    0.00063     0.0375      2.250      0.077   3481.071     1.8055     9.5613      0.076    7.88956     9.5569     1.1580   14.46550 3.6181e+02 0.0000e+00
         11 179.589994    0.00069     0.0417      2.500      0.077   3325.362     1.7189     9.5591      0.076    7.89432     9.5545     1.0904   14.47481 3.6619e+02 0.0000e+00
         12 179.589997    0.00076     0.0458      2.750      0.077   3198.695     1.6496     9.5569      0.076    7.89825     9.5522     1.0363   14.48248 3.6953e+02 0.0000e+00
         13 179.590000    0.00083     0.0500      3.000      0.077   3071.229     1.5811     9.5545      0.076    7.90218     9.5501     0.9828   14.49013 3.7212e+02 0.0000e+00
         14 179.590003    0.00090     0.0542      3.250      0.077   2943.340     1.5139     9.5522      0.076    7.90606     9.5482     0.9302   14.49770 3.7355e+02 0.0000e+00
         15 179.590006    0.00097     0.0583      3.500      0.077   2827.280     1.4550     9.5501      0.076    7.90955     9.5467     0.8840   14.50450 3.7323e+02 0.0000e+00
         16 179.590009    0.00104     0.0625      3.750      0.077   2742.750     1.4159     9.5482      0.076    7.91205     9.5459     0.8533   14.50938 3.7142e+02 0.0000e+00
         17 179.590012    0.00111     0.0667      4.000      0.078   2721.282     1.4153     9.5467      0.077    7.91264     9.5463     0.8524   14.51052 3.6919e+02 0.0000e+00
         18 179.590014    0.00118     0.0708      4.250      0.079   2806.825     1.4794     9.5459      0.078    7.91002     9.5486     0.9020   14.50535 3.6718e+02 0.0000e+00
         19 179.590017    0.00125     0.0750      4.500      0.080   3061.513     1.6461     9.5463      0.079    7.90229     9.5541     1.0314   14.49018 3.6580e+02 0.0000e+00
         20 179.590020    0.00132     0.0792      4.750      0.083   3578.355     1.9731     9.5486      0.082    7.88660     9.5650     1.2856   14.45942 3.6582e+02 0.0000e+00
         21 179.590023    0.00139     0.0833      5.000      0.087   4506.642     2.5539     9.5541      0.086    7.85832     9.5847     1.7371   14.40405 3.6796e+02 0.0000e+00
         22 179.590026    0.00146     0.0875      5.250      0.093   6102.309     3.5475     9.5650      0.092    7.80958     9.6193     2.5096   14.30865 3.7275e+02 0.0000e+00
         23 179.590029    0.00153     0.0917      5.500      0.104   8804.341     5.2261     9.5848      0.103    7.72689     9.6778     3.8147   14.14685 3.7958e+02 0.0000e+00
         24 179.590032    0.00160     0.0958      5.750      0.121  13348.728     8.0454     9.6194      0.120    7.58765     9.7634     6.0068   13.87448 3.8805e+02 0.0000e+00
         25 179.590035    0.00167     0.1000      6.000      0.151  19992.627    12.2000     9.6778      0.149    7.38237     9.8636     9.2354   13.47347 3.9631e+02 0.0000e+00
         26 179.590038    0.00174     0.1042      6.250      0.194  27488.573    16.9692     9.7634      0.192    7.14682     9.9606    12.9375   13.01473 3.9826e+02 0.0000e+00
         27 179.590041    0.00181     0.1083      6.500      0.248  33878.534    21.1007     9.8636      0.245    6.94147    10.0446    16.1400   12.61636 3.8990e+02 0.0000e+00
         28 179.590043    0.00187     0.1125      6.750      0.308  38166.995    23.8930     9.9606      0.305    6.79914    10.1123    18.2996   12.34160 3.7111e+02 0.0000e+00
         29 179.590046    0.00194     0.1167      7.000      0.374  40712.022    25.5516    10.0447      0.370    6.71070    10.1631    19.5783   12.17189 3.4293e+02 0.0000e+00
         30 179.590049    0.00201     0.1208      7.250      0.446  42217.836    26.5339    10.1124      0.441    6.65569    10.1986    20.3328   12.06698 3.0479e+02 0.0000e+00
         31 179.590052    0.00208     0.1250      7.500      0.523  43106.106    27.1138    10.1632      0.518    6.62160    10.2215    20.7765   12.00237 2.6499e+02 0.0000e+00
         32 179.590055    0.00215     0.1292      7.750      0.602  43628.878    27.4551    10.1986      0.596    6.60071    10.2349    21.0368   11.96295 2.3868e+02 0.0000e+00
         33 179.590058    0.00222     0.1333      8.000      0.680  43935.897    27.6555    10.2216      0.673    6.58812    10.2409    21.1892   11.93926 2.2509e+02 0.0000e+00
         34 179.590061    0.00229     0.1375      8.250      0.750  44115.068    27.7721    10.2350      0.743    6.58077    10.2408    21.2780   11.92543 2.1789e+02 0.0000e+00
         35 179.590064    0.00236     0.1417      8.500      0.806  44220.428    27.8404    10.2410      0.798    6.57672    10.2358    21.3302   11.91776 2.1530e+02 0.0000e+00
         36 179.590067    0.00243     0.1458      8.750      0.838  44286.525    27.8830    10.2409      0.831    6.57477    10.2286    21.3634   11.91392 2.1483e+02 0.0000e+00
         37 179.590069    0.00250     0.1500      9.000      0.846  44330.647    27.9112    10.2359      0.839    6.57418    10.2217    21.3861   11.91256 2.1641e+02 0.0000e+00
         38 179.590072    0.00257     0.1542      9.250      0.837  44359.454    27.9292    10.2287      0.829    6.57441    10.2168    21.4013   11.91268 2.1913e+02 0.0000e+00
         39 179.590075    0.00264     0.1583      9.500      0.820  44378.491    27.9410    10.2218      0.812    6.57487    10.2151    21.4116   11.91329 2.1915e+02 0.0000e+00
         40 179.590078    0.00271     0.1625      9.750      0.805  44393.623    27.9505    10.2169      0.797    6.57515    10.2168    21.4198   11.91362 2.1646e+02 0.0000e+00
         41 179.590081    0.00278     0.1667     10.000      0.800  44406.097    27.9588    10.2152      0.792    6.57504    10.2211    21.4265   11.91333 2.1325e+02 0.0000e+00
         42 179.590084    0.00285     0.1708     10.250      0.807  44411.859    27.9628    10.2169      0.800    6.57461    10.2263    21.4294   11.91257 2.0975e+02 0.0000e+00
         43 179.590087    0.00292     0.1750     10.500      0.824  44407.789    27.9603    10.2212      0.816    6.57409    10.2312    21.4268   11.91173 2.0758e+02 0.0000e+00
         44 179.590090    0.00299     0.1792     10.750      0.842  44395.976    27.9526    10.2264      0.835    6.57365    10.2352    21.4200   11.91111 2.0778e+02 0.0000e+00
         45 179.590093    0.00306     0.1833     11.000      0.857  44382.603    27.9437    10.2313      0.849    6.57332    10.2382    21.4123   11.91067 2.0859e+02 0.0000e+00
         46 179.590095    0.00313     0.1875     11.250      0.862  44373.771    27.9380    10.2353      0.854    6.57299    10.2404    21.4072   11.91018 2.1036e+02 0.0000e+00
         47 179.590098    0.00319     0.1917     11.500      0.857  44372.919    27.9377    10.2383      0.849    6.57256    10.2423    21.4065   11.90947 2.1454e+02 0.0000e+00
         48 179.590101    0.00326     0.1958     11.750      0.843  44380.497    27.9432    10.2405      0.835    6.57201    10.2443    21.4104   11.90848 2.1788e+02 0.0000e+00
         49 179.590104    0.00333     0.2000     12.000      0.824  44392.678    27.9519    10.2424      0.816    6.57137    10.2461    21.4169   11.90731 2.1808e+02 0.0000e+00
         50 179.590107    0.00340     0.2042     12.250      0.807  44403.071    27.9594    10.2444      0.800    6.57077    10.2473    21.4224   11.90623 2.1652e+02 0.0000e+00
         51 179.590110    0.00347     0.2083     12.500      0.800  44407.052    27.9624    10.2462      0.792    6.57038    10.2475    21.4244   11.90555 2.1364e+02 0.0000e+00
         52 179.590113    0.00354     0.2125     12.750      0.804  44402.927    27.9596    10.2474      0.796    6.57032    10.2460    21.4221   11.90548 2.0973e+02 0.0000e+00
         53 179.590116    0.00361     0.2167     13.000      0.818  44391.375    27.9516    10.2476      0.810    6.57063    10.2419    21.4158   11.90609 2.0691e+02 0.0000e+00
         54 179.590119    0.00368     0.2208     13.250      0.834  44377.488    27.9418    10.2461      0.827    6.57126    10.2351    21.4084   11.90726 2.0646e+02 0.0000e+00
         55 179.590122    0.00375     0.2250     13.500      0.845  44369.956    27.9361    10.2420      0.837    6.57209    10.2273    21.4046   11.90870 2.0738e+02 0.0000e+00
         56 179.590124    0.00382     0.2292     13.750      0.845  44374.098    27.9382    10.2352      0.837    6.57297    10.2212    21.4074   11.91015 2.1061e+02 0.0000e+00
         57 179.590127    0.00389     0.2333     14.000      0.833  44388.160    27.9472    10.2273      0.826    6.57374    10.2188    21.4156   11.91131 2.1503e+02 0.0000e+00
         58 179.590130    0.00396     0.2375     14.250      0.816  44405.499    27.9586    10.2212      0.809    6.57414    10.2199    21.4254   11.91184 2.1570e+02 0.0000e+00
         59 179.590133    0.00403     0.2417     14.500      0.803  44419.321    27.9680    10.2188      0.796    6.57409    10.2227    21.4331   11.91165 2.1243e+02 0.0000e+00
         60 179.590136    0.00410     0.2458     14.750      0.803  44424.898    27.9720    10.2200      0.795    6.57376    10.2245    21.4360   11.91105 2.0817e+02 0.0000e+00
         61 179.590139    0.00417     0.2500     15.000      0.819  44419.040    27.9682    10.2227      0.811    6.57353    10.2233    21.4326   11.91070 2.0428e+02 0.0000e+00
         62 179.590142    0.00424     0.2542     15.250      0.845  44405.023    27.9586    10.2246      0.837    6.57366    10.2179    21.4249   11.91104 2.0155e+02 0.0000e+00
         63 179.590145    0.00431     0.2583     15.500      0.872  44393.680    27.9506    10.2234      0.864    6.57417    10.2090    21.4188   11.91198 1.9982e+02 0.0000e+00
         64 179.590148    0.00438     0.2625     15.750      0.894  44392.700    27.9493    10.2180      0.885    6.57501    10.1997    21.4187   11.91340 1.9845e+02 0.0000e+00
         65 179.590150    0.00444     0.2667     16.000      0.907  44401.437    27.9544    10.2091      0.899    6.57608    10.1926    21.4241   11.91510 1.9783e+02 0.0000e+00
         66 179.590153    0.00451     0.2708     16.250      0.913  44414.756    27.9627    10.1998      0.904    6.57708    10.1896    21.4320   11.91666 1.9881e+02 0.0000e+00
         67 179.590156    0.00458     0.2750     16.500      0.913  44426.925    27.9704    10.1927      0.904    6.57777    10.1909    21.4391   11.91772 2.0033e+02 0.0000e+00
         68 179.590159    0.00465     0.2792     16.750      0.910  44434.577    27.9754    10.1897      0.901    6.57800    10.1957    21.4435   11.91804 2.0055e+02 0.0000e+00
         69 179.590162    0.00472     0.2833     17.000      0.904  44437.778    27.9778    10.1910      0.895    6.57771    10.2024    21.4451   11.91753 1.9952e+02 0.0000e+00
         70 179.590165    0.00479     0.2875     17.250      0.900  44438.816    27.9790    10.1958      0.891    6.57697    10.2098    21.4454   11.91629 1.9808e+02 0.0000e+00
         71 179.590168    0.00486     0.2917     17.500      0.899  44439.043    27.9799    10.2025      0.890    6.57597    10.2168    21.4450   11.91461 1.9673e+02 0.0000e+00
         72 179.590171    0.00493     0.2958     17.750      0.904  44437.220    27.9794    10.2099      0.895    6.57492    10.2224    21.4434   11.91287 1.9526e+02 0.0000e+00
         73 179.590174    0.00500     0.3000     18.000      0.915  44431.486    27.9762    10.2169      0.906    6.57403    10.2259    21.4398   11.91145 1.9350e+02 0.0000e+00
         74 179.590177    0.00507     0.3042     18.250      0.929  44421.482    27.9698    10.2225      0.920    6.57348    10.2268    21.4340   11.91061 1.9177e+02 0.0000e+00
         75 179.590179    0.00514     0.3083     18.500      0.942  44408.733    27.9613    10.2260      0.933    6.57334    10.2252    21.4268   11.91048 1.9094e+02 0.0000e+00
         76 179.590182    0.00521     0.3125     18.750      0.949  44397.200    27.9534    10.2269      0.940    6.57354    10.2211    21.4205   11.91091 1.9183e+02 0.0000e+00
         77 179.590185    0.00528     0.3167     19.000      0.946  44391.939    27.9495    10.2253      0.937    6.57394    10.2158    21.4178   11.91161 1.9307e+02 0.0000e+00
         78 179.590188    0.00535     0.3208     19.250      0.933  44396.024    27.9519    10.2212      0.925    6.57442    10.2121    21.4203   11.91239 1.9317e+02 0.0000e+00
         79 179.590191    0.00542     0.3250     19.500      0.914  44409.265    27.9606    10.2159      0.906    6.57482    10.2120    21.4278   11.91295 1.9282e+02 0.0000e+00
         80 179.590194    0.00549     0.3292     19.750      0.896  44426.840    27.9724    10.2122      0.888    6.57487    10.2152    21.4376   11.91288 1.9233e+02 0.0000e+00
         81 179.590197    0.00556     0.3333     20.000      0.888  44440.456    27.9819    10.2121      0.880    6.57449    10.2196    21.4450   11.91214 1.9166e+02 0.0000e+00
         82 179.590200    0.00562     0.3375     20.250      0.896  44443.374    27.9843    10.2153      0.888    6.57392    10.2223    21.4464   11.91116 1.9095e+02 0.0000e+00
         83 179.590203    0.00569     0.3417     20.500      0.917  44433.809    27.9781    10.2197      0.908    6.57355    10.2211    21.4409   11.91061 1.8987e+02 0.0000e+00
         84 179.590205    0.00576     0.3458     20.750      0.942  44417.563    27.9671    10.2224      0.933    6.57362    10.2150    21.4319   11.91087 1.8964e+02 0.0000e+00
         85 179.590208    0.00583     0.3500     21.000      0.961  44406.396    27.9592    10.2212      0.952    6.57414    10.2057    21.4259   11.91182 1.9093e+02 0.0000e+00
         86 179.590211    0.00590     0.3542     21.250      0.967  44407.665    27.9594    10.2151      0.958    6.57501    10.1969    21.4271   11.91327 1.9284e+02 0.0000e+00
         87 179.590214    0.00597     0.3583     21.500      0.960  44419.088    27.9663    10.2058      0.951    6.57605    10.1916    21.4339   11.91491 1.9484e+02 0.0000e+00
         88 179.590217    0.00604     0.3625     21.750      0.947  44433.562    27.9755    10.1970      0.938    6.57694    10.1914    21.4424   11.91628 1.9598e+02 0.0000e+00
         89 179.590220    0.00611     0.3667     22.000      0.934  44445.048    27.9829    10.1917      0.925    6.57739    10.1957    21.4490   11.91694 1.9629e+02 0.0000e+00
         90 179.590223    0.00618     0.3708     22.250      0.929  44450.343    27.9865    10.1915      0.920    6.57726    10.2018    21.4519   11.91668 1.9683e+02 0.0000e+00
