CTD-processing/allCTD/CNV--turbid/2013_07-19_t3_s06_cast029.cnv
* Sea-Bird SBE19plus Data File:
* FileName = C:\Documents and Settings\kris.holderied.local\My Documents\2012-2013-CTD-DATA-new-files\2013-07-CookInlet-EVOSTC-LTM\2013-07-19-CookInlet-Tran3-AnchorPt\2013-07-19-CookInlet-Tran3-AnchorPt-cast029.hex
* Software Version 1.54
* Temperature SN =  5028
* Conductivity SN =  5028
* System UpLoad Time = Jul 19 2013 17:05:30
** Cook Inlet LTM Ocean - Tran3 - Anchor Pt Line
** Date: 2013-07-19
** Station: 3-06
** Start time (AKDT-24 hr): 11:30
** Depth (m): 49
** Comment:
** Comment:
# nquan = 16
# nvalues = 498                         
# units = specified
# name 0 = scan: Scan Count
# name 1 = timeJ: Julian Days
# name 2 = timeH: Time, Elapsed [hours]
# name 3 = timeM: Time, Elapsed [minutes]
# name 4 = timeS: Time, Elapsed [seconds]
# name 5 = prdM: Pressure, Strain Gauge [db]
# name 6 = specc: Specific Conductance [uS/cm]
# name 7 = sal00: Salinity, Practical [PSU]
# name 8 = tv290C: Temperature [ITS-90, deg C]
# name 9 = depSM: Depth [salt water, m], lat = 59.00
# name 10 = oxsolML/L: Oxygen Saturation, Garcia & Gordon [ml/l]
# name 11 = potemp090C: Potential Temperature [ITS-90, deg C]
# name 12 = sigma-é00: Density [sigma-theta, kg/m^3]
# name 13 = n2satML/L: Nitrogen Saturation [ml/l]
# name 14 = par: PAR/Irradiance, Biospherical/Licor
# name 15 = flag:  0.000e+00
# span 0 =          1,        498       
# span 1 = 200.480197, 200.481635       
# span 2 =    0.00000,    0.03451       
# span 3 =     0.0000,     2.0708       
# span 4 =      0.000,    124.250       
# span 5 =      0.025,     49.076       
# span 6 =    248.073,  47042.433       
# span 7 =     0.1171,    29.7339       
# span 8 =     9.8177,    12.2333       
# span 9 =      0.025,     48.612       
# span 10 =    6.40923,    7.49772      
# span 11 =     9.8125,    12.2333      
# span 12 =    -0.4347,    22.8730      
# span 13 =   11.63329,   13.82740      
# span 14 = 6.2807e-02, 4.7761e+02      
# span 15 = 0.0000e+00, 0.0000e+00      
# interval = seconds: 0.25
# start_time = Jul 19 2013 11:31:29 [Instrument's time stamp, header]
# bad_flag = -9.990e-29
*END*
[from data line 362]
        363 200.481244    0.02514     1.5083     90.500     18.153  46551.784    29.4340    10.0801     17.982    6.53259    10.0763    22.5972   11.82499 2.8712e-01 0.0000e+00
        364 200.481247    0.02521     1.5125     90.750     18.351  46553.388    29.4350    10.0792     18.178    6.53268    10.0753    22.5980   11.82513 2.7039e-01 0.0000e+00
        365 200.481250    0.02528     1.5167     91.000     18.586  46555.205    29.4360    10.0783     18.411    6.53276    10.0739    22.5990   11.82525 2.5256e-01 0.0000e+00
        366 200.481253    0.02535     1.5208     91.250     18.860  46557.472    29.4374    10.0773     18.683    6.53286    10.0723    22.6003   11.82539 2.3400e-01 0.0000e+00
        367 200.481256    0.02542     1.5250     91.500     19.169  46560.308    29.4391    10.0760     18.989    6.53297    10.0705    22.6018   11.82557 2.1537e-01 0.0000e+00
        368 200.481259    0.02549     1.5292     91.750     19.504  46563.450    29.4410    10.0744     19.320    6.53313    10.0689    22.6035   11.82580 1.9739e-01 0.0000e+00
        369 200.481262    0.02556     1.5333     92.000     19.853  46566.515    29.4428    10.0727     19.666    6.53330    10.0675    22.6052   11.82606 1.8074e-01 0.0000e+00
        370 200.481264    0.02562     1.5375     92.250     20.206  46569.322    29.4444    10.0711     20.016    6.53345    10.0662    22.6067   11.82630 1.6589e-01 0.0000e+00
        371 200.481267    0.02569     1.5417     92.500     20.554  46572.073    29.4460    10.0697     20.361    6.53358    10.0644    22.6082   11.82648 1.5301e-01 0.0000e+00
        372 200.481270    0.02576     1.5458     92.750     20.892  46575.326    29.4480    10.0684     20.696    6.53368    10.0622    22.6100   11.82664 1.4205e-01 0.0000e+00
        373 200.481273    0.02583     1.5500     93.000     21.216  46579.489    29.4506    10.0667     21.016    6.53382    10.0598    22.6123   11.82682 1.3282e-01 0.0000e+00
        374 200.481276    0.02590     1.5542     93.250     21.522  46584.293    29.4536    10.0646     21.320    6.53401    10.0575    22.6150   11.82710 1.2506e-01 0.0000e+00
        375 200.481279    0.02597     1.5583     93.500     21.811  46589.044    29.4565    10.0621     21.606    6.53423    10.0555    22.6177   11.82744 1.1844e-01 0.0000e+00
        376 200.481282    0.02604     1.5625     93.750     22.084  46593.294    29.4591    10.0598     21.876    6.53446    10.0538    22.6201   11.82777 1.1270e-01 0.0000e+00
        377 200.481285    0.02611     1.5667     94.000     22.344  46596.991    29.4614    10.0579     22.134    6.53464    10.0523    22.6222   11.82806 1.0766e-01 0.0000e+00
        378 200.481288    0.02618     1.5708     94.250     22.596  46600.284    29.4634    10.0562     22.383    6.53480    10.0508    22.6240   11.82830 1.0319e-01 0.0000e+00
        379 200.481291    0.02625     1.5750     94.500     22.843  46603.400    29.4653    10.0547     22.628    6.53493    10.0494    22.6257   11.82850 9.9184e-02 0.0000e+00
        380 200.481293    0.02632     1.5792     94.750     23.087  46606.504    29.4672    10.0533     22.870    6.53505    10.0479    22.6274   11.82868 9.5583e-02 0.0000e+00
        381 200.481296    0.02639     1.5833     95.000     23.330  46609.592    29.4691    10.0518     23.110    6.53518    10.0465    22.6291   11.82886 9.2365e-02 0.0000e+00
        382 200.481299    0.02646     1.5875     95.250     23.570  46612.499    29.4709    10.0504     23.349    6.53531    10.0454    22.6307   11.82906 8.9524e-02 0.0000e+00
        383 200.481302    0.02653     1.5917     95.500     23.810  46615.030    29.4724    10.0491     23.586    6.53544    10.0445    22.6321   11.82925 8.7039e-02 0.0000e+00
        384 200.481305    0.02660     1.5958     95.750     24.050  46617.117    29.4737    10.0480     23.823    6.53555    10.0436    22.6333   11.82942 8.4864e-02 0.0000e+00
        385 200.481308    0.02667     1.6000     96.000     24.294  46618.943    29.4748    10.0471     24.066    6.53563    10.0427    22.6343   11.82954 8.2928e-02 0.0000e+00
        386 200.481311    0.02674     1.6042     96.250     24.549  46620.885    29.4759    10.0463     24.318    6.53569    10.0415    22.6353   11.82963 8.1172e-02 0.0000e+00
        387 200.481314    0.02681     1.6083     96.500     24.819  46623.266    29.4774    10.0453     24.586    6.53577    10.0400    22.6366   11.82974 7.9557e-02 0.0000e+00
        388 200.481317    0.02688     1.6125     96.750     25.114  46626.127    29.4791    10.0441     24.877    6.53587    10.0382    22.6381   11.82988 7.8026e-02 0.0000e+00
        389 200.481319    0.02694     1.6167     97.000     25.444  46629.398    29.4811    10.0426     25.204    6.53600    10.0362    22.6399   11.83008 7.6515e-02 0.0000e+00
        390 200.481322    0.02701     1.6208     97.250     25.804  46633.214    29.4834    10.0409     25.561    6.53615    10.0337    22.6420   11.83029 7.5037e-02 0.0000e+00
        391 200.481325    0.02708     1.6250     97.500     26.167  46637.829    29.4863    10.0390     25.920    6.53631    10.0308    22.6446   11.83052 7.3680e-02 0.0000e+00
        392 200.481328    0.02715     1.6292     97.750     26.517  46643.284    29.4897    10.0366     26.268    6.53651    10.0278    22.6476   11.83082 7.2490e-02 0.0000e+00
        393 200.481331    0.02722     1.6333     98.000     26.853  46649.163    29.4933    10.0337     26.601    6.53677    10.0249    22.6509   11.83121 7.1460e-02 0.0000e+00
        394 200.481334    0.02729     1.6375     98.250     27.170  46654.815    29.4968    10.0306     26.914    6.53706    10.0226    22.6541   11.83165 7.0583e-02 0.0000e+00
        395 200.481337    0.02736     1.6417     98.500     27.463  46659.761    29.4998    10.0278     27.204    6.53734    10.0208    22.6569   11.83207 6.9856e-02 0.0000e+00
        396 200.481340    0.02743     1.6458     98.750     27.727  46663.729    29.5022    10.0255     27.466    6.53757    10.0195    22.6592   11.83243 6.9283e-02 0.0000e+00
        397 200.481343    0.02750     1.6500     99.000     27.960  46666.663    29.5040    10.0238     27.697    6.53775    10.0185    22.6608   11.83271 6.8844e-02 0.0000e+00
        398 200.481345    0.02757     1.6542     99.250     28.163  46668.744    29.5052    10.0225     27.898    6.53788    10.0179    22.6619   11.83291 6.8498e-02 0.0000e+00
        399 200.481348    0.02764     1.6583     99.500     28.343  46670.236    29.5060    10.0216     28.076    6.53798    10.0174    22.6628   11.83306 6.8209e-02 0.0000e+00
        400 200.481351    0.02771     1.6625     99.750     28.510  46671.354    29.5066    10.0209     28.241    6.53805    10.0170    22.6634   11.83316 6.7952e-02 0.0000e+00
        401 200.481354    0.02778     1.6667    100.000     28.676  46672.237    29.5071    10.0204     28.406    6.53809    10.0167    22.6639   11.83323 6.7718e-02 0.0000e+00
        402 200.481357    0.02785     1.6708    100.250     28.856  46673.019    29.5076    10.0201     28.585    6.53812    10.0163    22.6643   11.83328 6.7501e-02 0.0000e+00
        403 200.481360    0.02792     1.6750    100.500     29.064  46673.922    29.5081    10.0198     28.791    6.53815    10.0157    22.6647   11.83331 6.7291e-02 0.0000e+00
        404 200.481363    0.02799     1.6792    100.750     29.309  46675.202    29.5089    10.0194     29.033    6.53817    10.0147    22.6654   11.83335 6.7087e-02 0.0000e+00
        405 200.481366    0.02806     1.6833    101.000     29.594  46677.080    29.5100    10.0188     29.315    6.53821    10.0133    22.6663   11.83339 6.6898e-02 0.0000e+00
        406 200.481369    0.02813     1.6875    101.250     29.918  46679.670    29.5116    10.0179     29.636    6.53827    10.0114    22.6677   11.83348 6.6734e-02 0.0000e+00
        407 200.481372    0.02819     1.6917    101.500     30.271  46682.959    29.5136    10.0165     29.986    6.53838    10.0091    22.6695   11.83364 6.6605e-02 0.0000e+00
        408 200.481374    0.02826     1.6958    101.750     30.637  46686.766    29.5159    10.0147     30.348    6.53855    10.0067    22.6716   11.83390 6.6533e-02 0.0000e+00
        409 200.481377    0.02833     1.7000    102.000     30.996  46690.749    29.5183    10.0124     30.704    6.53878    10.0044    22.6738   11.83424 6.6585e-02 0.0000e+00
        410 200.481380    0.02840     1.7042    102.250     31.332  46694.537    29.5205    10.0100     31.037    6.53903    10.0025    22.6759   11.83463 6.6585e-02 0.0000e+00
        411 200.481383    0.02847     1.7083    102.500     31.631  46697.770    29.5224    10.0078     31.333    6.53927    10.0011    22.6778   11.83501 6.6298e-02 0.0000e+00
        412 200.481386    0.02854     1.7125    102.750     31.886  46700.322    29.5238    10.0060     31.586    6.53948    10.0000    22.6792   11.83533 6.5928e-02 0.0000e+00
        413 200.481389    0.02861     1.7167    103.000     32.093  46702.338    29.5250    10.0046     31.791    6.53963     9.9993    22.6803   11.83557 6.5665e-02 0.0000e+00
        414 200.481392    0.02868     1.7208    103.250     32.255  46703.899    29.5259    10.0035     31.951    6.53974     9.9990    22.6812   11.83574 6.5468e-02 0.0000e+00
        415 200.481395    0.02875     1.7250    103.500     32.378  46705.055    29.5266    10.0029     32.073    6.53981     9.9989    22.6818   11.83585 6.5322e-02 0.0000e+00
        416 200.481398    0.02882     1.7292    103.750     32.474  46705.995    29.5271    10.0025     32.168    6.53984     9.9992    22.6823   11.83589 6.5224e-02 0.0000e+00
        417 200.481400    0.02889     1.7333    104.000     32.557  46706.768    29.5276    10.0024     32.250    6.53982     9.9996    22.6827   11.83586 6.5151e-02 0.0000e+00
        418 200.481403    0.02896     1.7375    104.250     32.642  46707.142    29.5279    10.0027     32.334    6.53977     9.9998    22.6829   11.83577 6.5086e-02 0.0000e+00
        419 200.481406    0.02903     1.7417    104.500     32.745  46707.001    29.5278    10.0031     32.436    6.53972     9.9996    22.6828   11.83568 6.5032e-02 0.0000e+00
        420 200.481409    0.02910     1.7458    104.750     32.880  46706.605    29.5275    10.0034     32.570    6.53970     9.9988    22.6825   11.83565 6.4989e-02 0.0000e+00
        421 200.481412    0.02917     1.7500    105.000     33.060  46706.486    29.5273    10.0032     32.748    6.53973     9.9973    22.6824   11.83571 6.4945e-02 0.0000e+00
        422 200.481415    0.02924     1.7542    105.250     33.290  46707.263    29.5277    10.0024     32.976    6.53983     9.9951    22.6828   11.83587 6.4875e-02 0.0000e+00
        423 200.481418    0.02931     1.7583    105.500     33.569  46709.422    29.5289    10.0009     33.253    6.53999     9.9921    22.6840   11.83612 6.4775e-02 0.0000e+00
        424 200.481421    0.02937     1.7625    105.750     33.891  46713.245    29.5312     9.9987     33.571    6.54020     9.9879    22.6862   11.83644 6.4677e-02 0.0000e+00
        425 200.481424    0.02944     1.7667    106.000     34.242  46719.018    29.5348     9.9958     33.919    6.54048     9.9826    22.6894   11.83686 6.4592e-02 0.0000e+00
        426 200.481427    0.02951     1.7708    106.250     34.613  46726.908    29.5396     9.9917     34.287    6.54087     9.9768    22.6938   11.83745 6.4516e-02 0.0000e+00
        427 200.481429    0.02958     1.7750    106.500     34.994  46736.427    29.5455     9.9864     34.664    6.54138     9.9710    22.6993   11.83822 6.4453e-02 0.0000e+00
        428 200.481432    0.02965     1.7792    106.750     35.374  46746.581    29.5518     9.9806     35.041    6.54195     9.9654    22.7051   11.83908 6.4401e-02 0.0000e+00
        429 200.481435    0.02972     1.7833    107.000     35.746  46756.629    29.5580     9.9749     35.409    6.54251     9.9601    22.7108   11.83995 6.4337e-02 0.0000e+00
        430 200.481438    0.02979     1.7875    107.250     36.099  46766.398    29.5640     9.9693     35.759    6.54306     9.9549    22.7164   11.84078 6.4254e-02 0.0000e+00
        431 200.481441    0.02986     1.7917    107.500     36.426  46775.911    29.5699     9.9640     36.083    6.54358     9.9501    22.7219   11.84158 6.4177e-02 0.0000e+00
        432 200.481444    0.02993     1.7958    107.750     36.722  46784.934    29.5755     9.9588     36.376    6.54410     9.9458    22.7271   11.84237 6.4139e-02 0.0000e+00
        433 200.481447    0.03000     1.8000    108.000     36.986  46793.105    29.5806     9.9540     36.637    6.54457     9.9421    22.7318   11.84310 6.4125e-02 0.0000e+00
        434 200.481450    0.03007     1.8042    108.250     37.215  46800.330    29.5850     9.9497     36.863    6.54499     9.9388    22.7359   11.84374 6.4105e-02 0.0000e+00
        435 200.481453    0.03014     1.8083    108.500     37.410  46806.664    29.5889     9.9460     37.057    6.54536     9.9361    22.7396   11.84430 6.4082e-02 0.0000e+00
        436 200.481455    0.03021     1.8125    108.750     37.577  46812.027    29.5922     9.9428     37.222    6.54569     9.9338    22.7426   11.84480 6.4058e-02 0.0000e+00
        437 200.481458    0.03028     1.8167    109.000     37.720  46816.429    29.5949     9.9401     37.364    6.54597     9.9317    22.7452   11.84523 6.4027e-02 0.0000e+00
        438 200.481461    0.03035     1.8208    109.250     37.845  46820.350    29.5974     9.9378     37.488    6.54619     9.9292    22.7474   11.84557 6.4000e-02 0.0000e+00
        439 200.481464    0.03042     1.8250    109.500     37.962  46824.701    29.6001     9.9357     37.604    6.54637     9.9255    22.7499   11.84584 6.3978e-02 0.0000e+00
        440 200.481467    0.03049     1.8292    109.750     38.079  46830.554    29.6038     9.9332     37.720    6.54659     9.9201    22.7532   11.84614 6.3954e-02 0.0000e+00
        441 200.481470    0.03056     1.8333    110.000     38.207  46839.047    29.6093     9.9295     37.846    6.54689     9.9130    22.7580   11.84658 6.3923e-02 0.0000e+00
        442 200.481473    0.03062     1.8375    110.250     38.353  46850.623    29.6167     9.9241     37.991    6.54735     9.9050    22.7647   11.84726 6.3886e-02 0.0000e+00
        443 200.481476    0.03069     1.8417    110.500     38.526  46864.300    29.6253     9.9171     38.162    6.54801     9.8972    22.7726   11.84824 6.3851e-02 0.0000e+00
        444 200.481479    0.03076     1.8458    110.750     38.732  46878.403    29.6342     9.9091     38.366    6.54879     9.8904    22.7807   11.84942 6.3818e-02 0.0000e+00
        445 200.481481    0.03083     1.8500    111.000     38.976  46891.481    29.6423     9.9014     38.608    6.54956     9.8849    22.7883   11.85061 6.3778e-02 0.0000e+00
        446 200.481484    0.03090     1.8542    111.250     39.261  46902.621    29.6492     9.8946     38.890    6.55024     9.8806    22.7947   11.85166 6.3728e-02 0.0000e+00
        447 200.481487    0.03097     1.8583    111.500     39.585  46911.565    29.6547     9.8891     39.211    6.55080     9.8772    22.7999   11.85253 6.3685e-02 0.0000e+00
        448 200.481490    0.03104     1.8625    111.750     39.943  46918.625    29.6590     9.8849     39.566    6.55124     9.8743    22.8039   11.85320 6.3655e-02 0.0000e+00
        449 200.481493    0.03111     1.8667    112.000     40.327  46924.400    29.6625     9.8815     39.947    6.55158     9.8716    22.8072   11.85372 6.3632e-02 0.0000e+00
        450 200.481496    0.03118     1.8708    112.250     40.729  46929.521    29.6655     9.8787     40.344    6.55186     9.8687    22.8100   11.85414 6.3632e-02 0.0000e+00
        451 200.481499    0.03125     1.8750    112.500     41.136  46934.769    29.6687     9.8760     40.747    6.55211     9.8650    22.8129   11.85451 6.3656e-02 0.0000e+00
