CTD-processing/allCTD/CNV--turbid/2013_06-06_t4_s10_cast084.cnv
* Sea-Bird SBE19plus Data File:
* FileName = C:\Documents and Settings\kbayadmin\My Documents\CTD data\2013-06-06 Kachemak Bay all bay inner bay Nuka\2013-06-06 Kachemak Bay All Bay Outer Bay cast084.hex
* Software Version 1.59
* Temperature SN =  4141
* Conductivity SN =  4141
* System UpLoad Time = Jun 18 2013 16:14:56
** Kachemak Bay All Bay Outer Bay
** 2013-06-06
** Station: 4-10
** N': 59 38.622
** W': 151 39.0006
** Start Time: 0946
** Depth(ft): 43
# nquan = 16
# nvalues = 473                         
# units = specified
# name 0 = scan: Scan Count
# name 1 = timeJ: Julian Days
# name 2 = timeH: Time, Elapsed [hours]
# name 3 = timeM: Time, Elapsed [minutes]
# name 4 = timeS: Time, Elapsed [seconds]
# name 5 = prdM: Pressure, Strain Gauge [db]
# name 6 = specc: Specific Conductance [uS/cm]
# name 7 = sal00: Salinity, Practical [PSU]
# name 8 = tv290C: Temperature [ITS-90, deg C]
# name 9 = depSM: Depth [salt water, m], lat = 59.00
# name 10 = oxsolML/L: Oxygen Saturation, Garcia & Gordon [ml/l]
# name 11 = potemp090C: Potential Temperature [ITS-90, deg C]
# name 12 = sigma-é00: Density [sigma-theta, kg/m^3]
# name 13 = n2satML/L: Nitrogen Saturation [ml/l]
# name 14 = par: PAR/Irradiance, Biospherical/Licor
# name 15 = flag:  0.000e+00
# span 0 =          1,        473       
# span 1 = 157.406771, 157.408137       
# span 2 =    0.00000,    0.03278       
# span 3 =     0.0000,     1.9667       
# span 4 =      0.000,    118.000       
# span 5 =     -0.067,     12.455       
# span 6 =      9.647,  50257.179       
# span 7 =     0.0082,    31.4699       
# span 8 =     6.3988,    10.5470       
# span 9 =     -0.067,     12.338       
# span 10 =    6.49095,    7.80705      
# span 11 =     6.3978,    10.5469      
# span 12 =    -0.3370,    24.7157      
# span 13 =   11.76298,   14.35260      
# span 14 = 3.6424e+00, 1.7156e+01      
# span 15 = 0.0000e+00, 0.0000e+00      
# interval = seconds: 0.25
# start_time = Jun 06 2013 09:45:45 [Instrument's time stamp, header]
# bad_flag = -9.990e-29
*END*
[from data line 181]
        182 157.407295    0.01257     0.7542     45.250      0.724  45596.209    28.8156    10.4648      0.717    6.50348    10.4656    22.0533   11.78416 7.5654e+00 0.0000e+00
        183 157.407297    0.01264     0.7583     45.500      0.719  45596.436    28.8158    10.4654      0.712    6.50339    10.4656    22.0534   11.78400 7.7232e+00 0.0000e+00
        184 157.407300    0.01271     0.7625     45.750      0.714  45597.157    28.8163    10.4657      0.707    6.50333    10.4655    22.0537   11.78390 8.3029e+00 0.0000e+00
        185 157.407303    0.01278     0.7667     46.000      0.712  45598.062    28.8170    10.4657      0.705    6.50330    10.4653    22.0542   11.78384 8.9334e+00 0.0000e+00
        186 157.407306    0.01285     0.7708     46.250      0.712  45598.955    28.8176    10.4656      0.705    6.50329    10.4652    22.0547   11.78382 9.3010e+00 0.0000e+00
        187 157.407309    0.01292     0.7750     46.500      0.715  45599.803    28.8181    10.4654      0.708    6.50328    10.4651    22.0552   11.78381 9.4497e+00 0.0000e+00
        188 157.407312    0.01299     0.7792     46.750      0.719  45600.658    28.8187    10.4653      0.712    6.50328    10.4651    22.0556   11.78379 9.4192e+00 0.0000e+00
        189 157.407315    0.01306     0.7833     47.000      0.722  45601.567    28.8193    10.4652      0.716    6.50326    10.4651    22.0561   11.78375 9.2162e+00 0.0000e+00
        190 157.407318    0.01313     0.7875     47.250      0.724  45602.445    28.8199    10.4652      0.718    6.50324    10.4650    22.0566   11.78371 8.9123e+00 0.0000e+00
        191 157.407321    0.01319     0.7917     47.500      0.725  45603.060    28.8204    10.4652      0.718    6.50322    10.4649    22.0570   11.78368 8.8033e+00 0.0000e+00
        192 157.407323    0.01326     0.7958     47.750      0.723  45603.048    28.8204    10.4651      0.716    6.50324    10.4646    22.0570   11.78370 8.9691e+00 0.0000e+00
        193 157.407326    0.01333     0.8000     48.000      0.720  45602.269    28.8198    10.4649      0.713    6.50329    10.4642    22.0566   11.78379 8.9252e+00 0.0000e+00
        194 157.407329    0.01340     0.8042     48.250      0.717  45601.583    28.8193    10.4647      0.710    6.50335    10.4637    22.0562   11.78389 8.4531e+00 0.0000e+00
        195 157.407332    0.01347     0.8083     48.500      0.715  45602.192    28.8197    10.4643      0.708    6.50339    10.4632    22.0566   11.78395 8.2734e+00 0.0000e+00
        196 157.407335    0.01354     0.8125     48.750      0.716  45604.216    28.8211    10.4638      0.709    6.50339    10.4627    22.0577   11.78395 8.8284e+00 0.0000e+00
        197 157.407338    0.01361     0.8167     49.000      0.719  45607.058    28.8230    10.4633      0.713    6.50338    10.4623    22.0593   11.78391 9.2455e+00 0.0000e+00
        198 157.407341    0.01368     0.8208     49.250      0.723  45610.205    28.8251    10.4628      0.717    6.50337    10.4620    22.0611   11.78386 9.1476e+00 0.0000e+00
        199 157.407344    0.01375     0.8250     49.500      0.726  45613.075    28.8271    10.4624      0.719    6.50335    10.4617    22.0627   11.78380 9.0885e+00 0.0000e+00
        200 157.407347    0.01382     0.8292     49.750      0.726  45614.942    28.8284    10.4620      0.720    6.50334    10.4614    22.0637   11.78378 9.4051e+00 0.0000e+00
        201 157.407350    0.01389     0.8333     50.000      0.724  45615.404    28.8287    10.4617      0.717    6.50337    10.4610    22.0640   11.78383 9.9661e+00 0.0000e+00
        202 157.407352    0.01396     0.8375     50.250      0.720  45614.649    28.8281    10.4614      0.713    6.50344    10.4606    22.0636   11.78395 1.0197e+01 0.0000e+00
        203 157.407355    0.01403     0.8417     50.500      0.716  45613.457    28.8272    10.4611      0.709    6.50353    10.4600    22.0630   11.78410 1.0218e+01 0.0000e+00
        204 157.407358    0.01410     0.8458     50.750      0.713  45612.921    28.8268    10.4606      0.706    6.50361    10.4593    22.0627   11.78424 1.0267e+01 0.0000e+00
        205 157.407361    0.01417     0.8500     51.000      0.712  45613.612    28.8272    10.4601      0.705    6.50367    10.4584    22.0631   11.78434 1.0152e+01 0.0000e+00
        206 157.407364    0.01424     0.8542     51.250      0.714  45615.469    28.8285    10.4594      0.707    6.50372    10.4574    22.0642   11.78441 1.0047e+01 0.0000e+00
        207 157.407367    0.01431     0.8583     51.500      0.719  45618.337    28.8304    10.4585      0.712    6.50376    10.4565    22.0658   11.78446 9.9149e+00 0.0000e+00
        208 157.407370    0.01438     0.8625     51.750      0.724  45622.118    28.8329    10.4575      0.717    6.50380    10.4557    22.0679   11.78448 9.7668e+00 0.0000e+00
        209 157.407373    0.01444     0.8667     52.000      0.729  45626.676    28.8360    10.4566      0.722    6.50380    10.4551    22.0705   11.78446 9.6665e+00 0.0000e+00
        210 157.407376    0.01451     0.8708     52.250      0.730  45631.746    28.8394    10.4558      0.724    6.50377    10.4548    22.0733   11.78436 9.5117e+00 0.0000e+00
        211 157.407378    0.01458     0.8750     52.500      0.729  45636.925    28.8430    10.4552      0.722    6.50370    10.4547    22.0761   11.78420 9.4525e+00 0.0000e+00
        212 157.407381    0.01465     0.8792     52.750      0.725  45641.578    28.8462    10.4549      0.718    6.50361    10.4548    22.0787   11.78401 9.5676e+00 0.0000e+00
        213 157.407384    0.01472     0.8833     53.000      0.719  45644.883    28.8485    10.4548      0.713    6.50353    10.4550    22.0805   11.78385 9.6112e+00 0.0000e+00
        214 157.407387    0.01479     0.8875     53.250      0.714  45646.257    28.8495    10.4549      0.707    6.50348    10.4552    22.0813   11.78375 9.5105e+00 0.0000e+00
        215 157.407390    0.01486     0.8917     53.500      0.711  45645.802    28.8492    10.4551      0.704    6.50346    10.4555    22.0810   11.78373 9.4795e+00 0.0000e+00
        216 157.407393    0.01493     0.8958     53.750      0.710  45644.368    28.8482    10.4553      0.703    6.50347    10.4557    22.0802   11.78375 9.5159e+00 0.0000e+00
        217 157.407396    0.01500     0.9000     54.000      0.711  45642.837    28.8472    10.4556      0.704    6.50348    10.4559    22.0794   11.78378 9.4892e+00 0.0000e+00
        218 157.407399    0.01507     0.9042     54.250      0.714  45641.676    28.8464    10.4558      0.707    6.50348    10.4560    22.0787   11.78379 9.3562e+00 0.0000e+00
        219 157.407402    0.01514     0.9083     54.500      0.717  45641.512    28.8463    10.4560      0.710    6.50346    10.4561    22.0786   11.78376 9.1730e+00 0.0000e+00
        220 157.407405    0.01521     0.9125     54.750      0.719  45643.127    28.8474    10.4561      0.712    6.50340    10.4562    22.0795   11.78364 8.9879e+00 0.0000e+00
        221 157.407407    0.01528     0.9167     55.000      0.719  45646.617    28.8499    10.4562      0.712    6.50328    10.4564    22.0814   11.78342 8.7639e+00 0.0000e+00
        222 157.407410    0.01535     0.9208     55.250      0.717  45650.973    28.8530    10.4563      0.710    6.50314    10.4566    22.0838   11.78315 8.7613e+00 0.0000e+00
        223 157.407413    0.01542     0.9250     55.500      0.714  45654.580    28.8555    10.4564      0.707    6.50301    10.4568    22.0857   11.78290 9.1981e+00 0.0000e+00
        224 157.407416    0.01549     0.9292     55.750      0.711  45656.336    28.8567    10.4567      0.704    6.50293    10.4571    22.0866   11.78275 9.6751e+00 0.0000e+00
        225 157.407419    0.01556     0.9333     56.000      0.709  45656.432    28.8568    10.4569      0.702    6.50289    10.4573    22.0867   11.78268 9.8704e+00 0.0000e+00
        226 157.407422    0.01563     0.9375     56.250      0.708  45656.066    28.8566    10.4572      0.701    6.50287    10.4575    22.0865   11.78265 9.7747e+00 0.0000e+00
        227 157.407425    0.01569     0.9417     56.500      0.709  45656.473    28.8569    10.4574      0.702    6.50282    10.4577    22.0867   11.78257 9.5848e+00 0.0000e+00
        228 157.407428    0.01576     0.9458     56.750      0.710  45658.276    28.8582    10.4576      0.703    6.50273    10.4579    22.0876   11.78241 9.5405e+00 0.0000e+00
        229 157.407431    0.01583     0.9500     57.000      0.711  45661.517    28.8605    10.4578      0.704    6.50261    10.4581    22.0894   11.78218 9.6312e+00 0.0000e+00
        230 157.407433    0.01590     0.9542     57.250      0.710  45665.852    28.8635    10.4580      0.703    6.50246    10.4584    22.0917   11.78189 1.0066e+01 0.0000e+00
        231 157.407436    0.01597     0.9583     57.500      0.708  45670.403    28.8667    10.4582      0.701    6.50229    10.4586    22.0942   11.78158 1.1150e+01 0.0000e+00
        232 157.407439    0.01604     0.9625     57.750      0.706  45673.709    28.8691    10.4585      0.699    6.50216    10.4588    22.0959   11.78133 1.2697e+01 0.0000e+00
        233 157.407442    0.01611     0.9667     58.000      0.705  45674.470    28.8696    10.4587      0.698    6.50211    10.4589    22.0963   11.78124 1.3570e+01 0.0000e+00
        234 157.407445    0.01618     0.9708     58.250      0.704  45672.786    28.8685    10.4588      0.698    6.50213    10.4591    22.0954   11.78129 1.2976e+01 0.0000e+00
        235 157.407448    0.01625     0.9750     58.500      0.704  45670.793    28.8671    10.4590      0.697    6.50217    10.4592    22.0943   11.78136 1.1727e+01 0.0000e+00
        236 157.407451    0.01632     0.9792     58.750      0.704  45671.145    28.8674    10.4591      0.697    6.50213    10.4593    22.0945   11.78130 1.0574e+01 0.0000e+00
        237 157.407454    0.01639     0.9833     59.000      0.704  45674.270    28.8696    10.4593      0.697    6.50202    10.4595    22.0962   11.78109 9.9655e+00 0.0000e+00
        238 157.407457    0.01646     0.9875     59.250      0.704  45678.076    28.8722    10.4594      0.698    6.50189    10.4596    22.0983   11.78084 1.0046e+01 0.0000e+00
        239 157.407459    0.01653     0.9917     59.500      0.704  45680.416    28.8739    10.4596      0.698    6.50180    10.4598    22.0995   11.78068 1.0165e+01 0.0000e+00
        240 157.407462    0.01660     0.9958     59.750      0.704  45680.974    28.8743    10.4597      0.697    6.50177    10.4599    22.0998   11.78061 1.0031e+01 0.0000e+00
        241 157.407465    0.01667     1.0000     60.000      0.704  45680.703    28.8741    10.4599      0.697    6.50175    10.4601    22.0996   11.78059 9.7883e+00 0.0000e+00
        242 157.407468    0.01674     1.0042     60.250      0.704  45680.263    28.8738    10.4600      0.697    6.50174    10.4602    22.0994   11.78058 9.5843e+00 0.0000e+00
        243 157.407471    0.01681     1.0083     60.500      0.704  45679.738    28.8735    10.4602      0.697    6.50174    10.4604    22.0991   11.78057 9.4863e+00 0.0000e+00
        244 157.407474    0.01688     1.0125     60.750      0.704  45679.634    28.8734    10.4603      0.697    6.50172    10.4605    22.0991   11.78054 9.4481e+00 0.0000e+00
        245 157.407477    0.01694     1.0167     61.000      0.704  45681.210    28.8746    10.4605      0.697    6.50165    10.4606    22.0999   11.78041 9.5090e+00 0.0000e+00
        246 157.407480    0.01701     1.0208     61.250      0.703  45685.098    28.8773    10.4606      0.696    6.50152    10.4606    22.1020   11.78016 9.6387e+00 0.0000e+00
        247 157.407483    0.01708     1.0250     61.500      0.702  45689.670    28.8805    10.4607      0.695    6.50137    10.4606    22.1045   11.77988 9.6376e+00 0.0000e+00
        248 157.407486    0.01715     1.0292     61.750      0.700  45691.851    28.8820    10.4607      0.693    6.50130    10.4606    22.1056   11.77975 9.4425e+00 0.0000e+00
        249 157.407488    0.01722     1.0333     62.000      0.699  45689.679    28.8805    10.4607      0.692    6.50137    10.4607    22.1045   11.77987 9.3330e+00 0.0000e+00
        250 157.407491    0.01729     1.0375     62.250      0.698  45683.963    28.8765    10.4607      0.691    6.50153    10.4608    22.1013   11.78020 9.3269e+00 0.0000e+00
        251 157.407494    0.01736     1.0417     62.500      0.700  45677.994    28.8724    10.4607      0.693    6.50170    10.4609    22.0981   11.78053 9.2178e+00 0.0000e+00
        252 157.407497    0.01743     1.0458     62.750      0.702  45675.116    28.8704    10.4608      0.695    6.50177    10.4611    22.0965   11.78067 9.2441e+00 0.0000e+00
        253 157.407500    0.01750     1.0500     63.000      0.703  45676.297    28.8712    10.4610      0.696    6.50172    10.4613    22.0971   11.78057 9.6855e+00 0.0000e+00
        254 157.407503    0.01757     1.0542     63.250      0.703  45679.715    28.8736    10.4612      0.696    6.50159    10.4615    22.0990   11.78033 1.0240e+01 0.0000e+00
        255 157.407506    0.01764     1.0583     63.500      0.701  45682.423    28.8755    10.4614      0.694    6.50148    10.4618    22.1004   11.78012 1.0569e+01 0.0000e+00
        256 157.407509    0.01771     1.0625     63.750      0.699  45682.470    28.8756    10.4616      0.692    6.50145    10.4621    22.1004   11.78006 1.0753e+01 0.0000e+00
        257 157.407512    0.01778     1.0667     64.000      0.698  45679.738    28.8737    10.4619      0.691    6.50149    10.4624    22.0989   11.78016 1.0915e+01 0.0000e+00
        258 157.407514    0.01785     1.0708     64.250      0.699  45675.679    28.8709    10.4621      0.692    6.50156    10.4626    22.0967   11.78032 1.1003e+01 0.0000e+00
        259 157.407517    0.01792     1.0750     64.500      0.701  45672.272    28.8685    10.4624      0.695    6.50162    10.4629    22.0948   11.78044 1.0823e+01 0.0000e+00
        260 157.407520    0.01799     1.0792     64.750      0.704  45671.029    28.8677    10.4627      0.698    6.50162    10.4631    22.0941   11.78044 1.0482e+01 0.0000e+00
        261 157.407523    0.01806     1.0833     65.000      0.707  45672.621    28.8688    10.4630      0.701    6.50153    10.4633    22.0950   11.78029 1.0106e+01 0.0000e+00
        262 157.407526    0.01812     1.0875     65.250      0.708  45676.600    28.8716    10.4632      0.702    6.50138    10.4635    22.0971   11.78001 9.7862e+00 0.0000e+00
        263 157.407529    0.01819     1.0917     65.500      0.708  45681.172    28.8749    10.4634      0.702    6.50122    10.4637    22.0996   11.77970 9.6627e+00 0.0000e+00
        264 157.407532    0.01826     1.0958     65.750      0.707  45684.016    28.8769    10.4636      0.701    6.50112    10.4638    22.1012   11.77949 9.7356e+00 0.0000e+00
        265 157.407535    0.01833     1.1000     66.000      0.707  45684.096    28.8769    10.4637      0.700    6.50109    10.4640    22.1012   11.77945 9.8461e+00 0.0000e+00
        266 157.407538    0.01840     1.1042     66.250      0.706  45682.473    28.8758    10.4639      0.699    6.50112    10.4641    22.1003   11.77951 9.8659e+00 0.0000e+00
        267 157.407541    0.01847     1.1083     66.500      0.706  45681.215    28.8750    10.4640      0.699    6.50113    10.4643    22.0996   11.77955 9.9450e+00 0.0000e+00
        268 157.407543    0.01854     1.1125     66.750      0.706  45681.591    28.8753    10.4641      0.699    6.50110    10.4644    22.0998   11.77949 1.0001e+01 0.0000e+00
        269 157.407546    0.01861     1.1167     67.000      0.706  45682.976    28.8763    10.4643      0.699    6.50103    10.4645    22.1005   11.77937 1.0210e+01 0.0000e+00
        270 157.407549    0.01868     1.1208     67.250      0.706  45683.278    28.8765    10.4644      0.699    6.50101    10.4645    22.1007   11.77932 1.0652e+01 0.0000e+00
        271 157.407552    0.01875     1.1250     67.500      0.705  45680.890    28.8748    10.4645      0.698    6.50106    10.4646    22.0994   11.77943 1.0851e+01 0.0000e+00
