CTD-processing/allCTD/CNV--turbid/2013_07-21_t6_s03_cast075.cnv
* Sea-Bird SBE19plus Data File:
* FileName = C:\Users\kris.holderied\Documents\kasitsna\Research-Projects-and-Data\Oceanography-AK\CTD-CookInlet-GulfWatchAK\2013-07-EVOSTC-CookInlet-Ocean\2013-07-21-22-CookInlet-Tran6-Douglas\2013-07-21-22-CookInlet-Tran6-Douglas-cast075.hex
* Software Version 1.59
* Temperature SN =  5028
* Conductivity SN =  5028
* System UpLoad Time = Apr 09 2014 21:21:29
** Cook Inlet LTM Transect 6 (Douglas) west to east
** Date: 2013-07-21/22
** Station: 6-03
** Start time: 03:21
** Depth (m): 106
** CoComment:
** Comment:
# nquan = 16
# nvalues = 864                         
# units = specified
# name 0 = scan: Scan Count
# name 1 = timeJ: Julian Days
# name 2 = timeH: Time, Elapsed [hours]
# name 3 = timeM: Time, Elapsed [minutes]
# name 4 = timeS: Time, Elapsed [seconds]
# name 5 = prdM: Pressure, Strain Gauge [db]
# name 6 = specc: Specific Conductance [uS/cm]
# name 7 = sal00: Salinity, Practical [PSU]
# name 8 = tv290C: Temperature [ITS-90, deg C]
# name 9 = depSM: Depth [salt water, m], lat = 59.00
# name 10 = oxsolML/L: Oxygen Saturation, Garcia & Gordon [ml/l]
# name 11 = potemp090C: Potential Temperature [ITS-90, deg C]
# name 12 = sigma-é00: Density [sigma-theta, kg/m^3]
# name 13 = n2satML/L: Nitrogen Saturation [ml/l]
# name 14 = par: PAR/Irradiance, Biospherical/Licor
# name 15 = flag:  0.000e+00
# span 0 =          1,        864       
# span 1 = 203.140382, 203.142879       
# span 2 =    0.00000,    0.05993       
# span 3 =     0.0000,     3.5958       
# span 4 =      0.000,    215.750       
# span 5 =     -0.041,    104.012       
# span 6 =    681.946,  51014.196       
# span 7 =     0.3259,    32.1275       
# span 8 =     6.8353,     8.1553       
# span 9 =     -0.041,    103.014       
# span 10 =    6.84408,    8.26643      
# span 11 =     6.8265,     8.1553      
# span 12 =     0.1085,    25.1354      
# span 13 =   12.30923,   15.12338      
# span 14 = 3.9028e-02, 1.1168e+00      
# span 15 = 0.0000e+00, 0.0000e+00      
# interval = seconds: 0.25
# start_time = Jul 22 2013 03:22:09 [Instrument's time stamp, header]
# bad_flag = -9.990e-29
*END*
[from data line 814]
        815 203.142737    0.05653     3.3917    203.500     93.518  51001.384    32.0313     6.8456     92.622    6.90878     6.8367    25.1023   12.41582 4.2035e-02 0.0000e+00
        816 203.142740    0.05660     3.3958    203.750     93.705  51001.675    32.0314     6.8452     92.808    6.90884     6.8362    25.1024   12.41592 4.2029e-02 0.0000e+00
        817 203.142743    0.05667     3.4000    204.000     93.888  51001.779    32.0313     6.8448     92.990    6.90890     6.8355    25.1024   12.41602 4.2024e-02 0.0000e+00
        818 203.142746    0.05674     3.4042    204.250     94.074  51001.756    32.0311     6.8444     93.173    6.90898     6.8347    25.1023   12.41616 4.2031e-02 0.0000e+00
        819 203.142749    0.05681     3.4083    204.500     94.265  51001.862    32.0310     6.8437     93.363    6.90909     6.8338    25.1022   12.41634 4.2046e-02 0.0000e+00
        820 203.142752    0.05688     3.4125    204.750     94.467  51002.413    32.0311     6.8429     93.563    6.90921     6.8330    25.1025   12.41654 4.2055e-02 0.0000e+00
        821 203.142755    0.05694     3.4167    205.000     94.680  51003.279    32.0314     6.8421     93.774    6.90934     6.8323    25.1029   12.41674 4.2058e-02 0.0000e+00
        822 203.142758    0.05701     3.4208    205.250     94.907  51004.145    32.0318     6.8413     93.998    6.90945     6.8317    25.1033   12.41692 4.2060e-02 0.0000e+00
        823 203.142760    0.05708     3.4250    205.500     95.148  51005.006    32.0322     6.8406     94.237    6.90954     6.8312    25.1037   12.41708 4.2057e-02 0.0000e+00
        824 203.142763    0.05715     3.4292    205.750     95.401  51005.844    32.0325     6.8400     94.487    6.90962     6.8309    25.1040   12.41720 4.2045e-02 0.0000e+00
        825 203.142766    0.05722     3.4333    206.000     95.661  51006.514    32.0328     6.8395     94.744    6.90968     6.8306    25.1043   12.41729 4.2034e-02 0.0000e+00
        826 203.142769    0.05729     3.4375    206.250     95.921  51006.966    32.0329     6.8392     95.002    6.90973     6.8303    25.1044   12.41736 4.2031e-02 0.0000e+00
        827 203.142772    0.05736     3.4417    206.500     96.176  51007.297    32.0330     6.8389     95.255    6.90977     6.8301    25.1045   12.41743 4.2032e-02 0.0000e+00
        828 203.142775    0.05743     3.4458    206.750     96.424  51007.670    32.0331     6.8387     95.500    6.90980     6.8300    25.1046   12.41749 4.2034e-02 0.0000e+00
        829 203.142778    0.05750     3.4500    207.000     96.660  51008.159    32.0333     6.8385     95.734    6.90982     6.8301    25.1048   12.41752 4.2034e-02 0.0000e+00
        830 203.142781    0.05757     3.4542    207.250     96.883  51008.673    32.0335     6.8384     95.955    6.90982     6.8303    25.1050   12.41751 4.2043e-02 0.0000e+00
        831 203.142784    0.05764     3.4583    207.500     97.095  51008.869    32.0336     6.8386     96.164    6.90979     6.8304    25.1050   12.41747 4.2059e-02 0.0000e+00
        832 203.142786    0.05771     3.4625    207.750     97.295  51008.578    32.0333     6.8388     96.363    6.90977     6.8303    25.1048   12.41744 4.2069e-02 0.0000e+00
        833 203.142789    0.05778     3.4667    208.000     97.489  51008.240    32.0330     6.8389     96.555    6.90977     6.8302    25.1045   12.41743 4.2075e-02 0.0000e+00
        834 203.142792    0.05785     3.4708    208.250     97.679  51008.236    32.0329     6.8388     96.743    6.90978     6.8301    25.1045   12.41745 4.2082e-02 0.0000e+00
        835 203.142795    0.05792     3.4750    208.500     97.866  51008.477    32.0330     6.8387     96.929    6.90980     6.8299    25.1045   12.41748 4.2084e-02 0.0000e+00
        836 203.142798    0.05799     3.4792    208.750     98.053  51008.611    32.0330     6.8386     97.114    6.90982     6.8296    25.1045   12.41752 4.2084e-02 0.0000e+00
        837 203.142801    0.05806     3.4833    209.000     98.242  51008.413    32.0327     6.8384     97.301    6.90985     6.8290    25.1044   12.41758 4.2087e-02 0.0000e+00
        838 203.142804    0.05813     3.4875    209.250     98.435  51008.263    32.0325     6.8381     97.492    6.90992     6.8284    25.1042   12.41768 4.2097e-02 0.0000e+00
        839 203.142807    0.05819     3.4917    209.500     98.635  51008.646    32.0325     6.8376     97.690    6.91000     6.8279    25.1043   12.41782 4.2117e-02 0.0000e+00
        840 203.142810    0.05826     3.4958    209.750     98.845  51009.431    32.0329     6.8370     97.897    6.91008     6.8275    25.1047   12.41795 4.2139e-02 0.0000e+00
        841 203.142812    0.05833     3.5000    210.000     99.065  51010.254    32.0332     6.8364     98.116    6.91015     6.8272    25.1051   12.41806 4.2157e-02 0.0000e+00
        842 203.142815    0.05840     3.5042    210.250     99.295  51010.937    32.0335     6.8361     98.343    6.91019     6.8271    25.1053   12.41812 4.2167e-02 0.0000e+00
        843 203.142818    0.05847     3.5083    210.500     99.533  51011.439    32.0337     6.8359     98.578    6.91022     6.8270    25.1055   12.41816 4.2162e-02 0.0000e+00
        844 203.142821    0.05854     3.5125    210.750     99.776  51011.835    32.0339     6.8358     98.819    6.91023     6.8270    25.1057   12.41818 4.2145e-02 0.0000e+00
        845 203.142824    0.05861     3.5167    211.000    100.023  51012.117    32.0340     6.8357     99.064    6.91023     6.8270    25.1057   12.41818 4.2131e-02 0.0000e+00
        846 203.142827    0.05868     3.5208    211.250    100.274  51012.208    32.0339     6.8357     99.312    6.91023     6.8268    25.1057   12.41819 4.2129e-02 0.0000e+00
        847 203.142830    0.05875     3.5250    211.500    100.526  51012.185    32.0338     6.8357     99.562    6.91024     6.8267    25.1056   12.41821 4.2138e-02 0.0000e+00
        848 203.142833    0.05882     3.5292    211.750    100.780  51012.285    32.0337     6.8356     99.813    6.91026     6.8265    25.1056   12.41824 4.2147e-02 0.0000e+00
        849 203.142836    0.05889     3.5333    212.000    101.033  51012.598    32.0338     6.8355    100.064    6.91028     6.8265    25.1056   12.41827 4.2152e-02 0.0000e+00
        850 203.142839    0.05896     3.5375    212.250    101.285  51013.002    32.0339     6.8354    100.313    6.91029     6.8265    25.1057   12.41829 4.2153e-02 0.0000e+00
        851 203.142841    0.05903     3.5417    212.500    101.533  51013.358    32.0340     6.8353    100.559    6.91029     6.8266    25.1058   12.41828 4.2159e-02 0.0000e+00
        852 203.142844    0.05910     3.5458    212.750    101.776  51013.559    32.0341     6.8354    100.800    6.91028     6.8267    25.1059   12.41826 4.2169e-02 0.0000e+00
        853 203.142847    0.05917     3.5500    213.000    102.013  51013.611    32.0340     6.8355    101.034    6.91026     6.8268    25.1058   12.41823 4.2172e-02 0.0000e+00
        854 203.142850    0.05924     3.5542    213.250    102.243  51013.601    32.0339     6.8356    101.263    6.91025     6.8268    25.1057   12.41821 4.2174e-02 0.0000e+00
        855 203.142853    0.05931     3.5583    213.500    102.468  51013.615    32.0339     6.8357    101.486    6.91024     6.8268    25.1057   12.41820 4.2180e-02 0.0000e+00
        856 203.142856    0.05937     3.5625    213.750    102.689  51013.682    32.0338     6.8358    101.704    6.91023     6.8269    25.1056   12.41819 4.2187e-02 0.0000e+00
        857 203.142859    0.05944     3.5667    214.000    102.906  51013.788    32.0338     6.8358    101.919    6.91023     6.8269    25.1056   12.41818 4.2193e-02 0.0000e+00
        858 203.142862    0.05951     3.5708    214.250    103.121  51013.967    32.0338     6.8359    102.132    6.91022     6.8270    25.1056   12.41817 4.2201e-02 0.0000e+00
        859 203.142865    0.05958     3.5750    214.500    103.331  51014.167    32.0339     6.8359    102.340    6.91021     6.8271    25.1056   12.41815 4.2204e-02 0.0000e+00
        860 203.142867    0.05965     3.5792    214.750    103.534  51014.196    32.0338     6.8360    102.541    6.91019     6.8271    25.1056   12.41813 4.2202e-02 0.0000e+00
        861 203.142870    0.05972     3.5833    215.000    103.722  51014.004    32.0336     6.8361    102.726    6.91019     6.8270    25.1054   12.41812 4.2194e-02 0.0000e+00
        862 203.142873    0.05979     3.5875    215.250    103.877  51013.806    32.0334     6.8361    102.880    6.91019     6.8270    25.1053   12.41813 4.2185e-02 0.0000e+00
        863 203.142876    0.05986     3.5917    215.500    103.977  51013.786    32.0333     6.8360    102.980    6.91020 -9.990e-29    25.1052   12.41815 4.2181e-02 0.0000e+00
        864 203.142879    0.05993     3.5958    215.750    104.012  51013.828    32.0333     6.8360    103.014    6.91021 -9.990e-29    25.1052   12.41816 4.2182e-02 0.0000e+00
