CTD-processing/allCTD/CNV--turbid/2013_01-04_t9_s10_cast010.cnv
* Sea-Bird SBE19plus Data File:
* FileName = C:\Documents and Settings\kris.holderied.local\My Documents\2012-2013-CTD-DATA-new-files\2013-01-04-CTD-HomerSpitLine\2013-01-04-HomerSpitLine-cast010.hex
* Software Version 1.54
* Temperature SN =  5028
* Conductivity SN =  5028
* System UpLoad Time = Feb 11 2013 18:58:28
** Kachemak Bay Spit Line South to North
** Date:  4 Jan 2013
** Station:  9-10
** Start time (AKDT-24 hr):  18:12
** Depth (m):  65
** Comment: After wave buoy rescue.
** Comment: CTD time set wrong by 2 hours
# nquan = 16
# nvalues = 795                         
# units = specified
# name 0 = scan: Scan Count
# name 1 = timeJ: Julian Days
# name 2 = timeH: Time, Elapsed [hours]
# name 3 = timeM: Time, Elapsed [minutes]
# name 4 = timeS: Time, Elapsed [seconds]
# name 5 = prdM: Pressure, Strain Gauge [db]
# name 6 = specc: Specific Conductance [uS/cm]
# name 7 = sal00: Salinity, Practical [PSU]
# name 8 = tv290C: Temperature [ITS-90, deg C]
# name 9 = depSM: Depth [salt water, m], lat = 59.00
# name 10 = oxsolML/L: Oxygen Saturation, Garcia & Gordon [ml/l]
# name 11 = potemp090C: Potential Temperature [ITS-90, deg C]
# name 12 = sigma-é00: Density [sigma-theta, kg/m^3]
# name 13 = n2satML/L: Nitrogen Saturation [ml/l]
# name 14 = par: PAR/Irradiance, Biospherical/Licor
# name 15 = flag:  0.000e+00
# span 0 =          1,        795       
# span 1 =   4.842060,   4.844358       
# span 2 =    0.00000,    0.05514       
# span 3 =     0.0000,     3.3083       
# span 4 =      0.000,    198.500       
# span 5 =     -0.065,     58.148       
# span 6 =      8.179,  51155.371       
# span 7 =     0.0048,    31.7006       
# span 8 =     2.5102,     4.6190       
# span 9 =     -0.065,     57.596       
# span 10 =    7.29823,    9.44667      
# span 11 =     2.5102,     4.6159      
# span 12 =    -0.0308,    25.1014      
# span 13 =   13.06330,   17.11155      
# span 14 = 3.7912e-02, 4.6547e+00      
# span 15 = 0.0000e+00, 0.0000e+00      
# interval = seconds: 0.25
# start_time = Jan 04 2013 20:12:34 [Instrument's time stamp, header]
# bad_flag = -9.990e-29
*END*
[from data line 543]
        544   4.843631    0.03771     2.2625    135.750     31.972  50937.037    31.4118     3.9581     31.670    7.43004     3.9572    24.9371   13.28465 3.7912e-02 0.0000e+00
        545   4.843634    0.03778     2.2667    136.000     32.069  50937.209    31.4120     3.9587     31.767    7.42993     3.9576    24.9372   13.28447 3.7912e-02 0.0000e+00
        546   4.843637    0.03785     2.2708    136.250     32.170  50937.203    31.4121     3.9592     31.867    7.42984     3.9580    24.9372   13.28431 3.7912e-02 0.0000e+00
        547   4.843640    0.03792     2.2750    136.500     32.273  50937.027    31.4120     3.9596     31.969    7.42976     3.9583    24.9371   13.28418 3.7912e-02 0.0000e+00
        548   4.843643    0.03799     2.2792    136.750     32.380  50936.982    31.4121     3.9600     32.075    7.42969     3.9586    24.9370   13.28407 3.7912e-02 0.0000e+00
        549   4.843646    0.03806     2.2833    137.000     32.489  50937.392    31.4124     3.9603     32.183    7.42962     3.9590    24.9372   13.28395 3.7912e-02 0.0000e+00
        550   4.843649    0.03812     2.2875    137.250     32.601  50938.058    31.4128     3.9607     32.294    7.42953     3.9596    24.9376   13.28380 3.7912e-02 0.0000e+00
        551   4.843652    0.03819     2.2917    137.500     32.714  50938.556    31.4132     3.9611     32.406    7.42943     3.9601    24.9379   13.28363 3.7912e-02 0.0000e+00
        552   4.843655    0.03826     2.2958    137.750     32.829  50938.961    31.4135     3.9616     32.519    7.42932     3.9607    24.9381   13.28344 3.7912e-02 0.0000e+00
        553   4.843657    0.03833     2.3000    138.000     32.943  50939.451    31.4139     3.9622     32.633    7.42920     3.9613    24.9383   13.28323 3.7912e-02 0.0000e+00
        554   4.843660    0.03840     2.3042    138.250     33.057  50939.942    31.4143     3.9628     32.745    7.42907     3.9620    24.9386   13.28301 3.7912e-02 0.0000e+00
        555   4.843663    0.03847     2.3083    138.500     33.170  50940.474    31.4148     3.9634     32.857    7.42893     3.9626    24.9389   13.28278 3.7912e-02 0.0000e+00
        556   4.843666    0.03854     2.3125    138.750     33.282  50941.164    31.4154     3.9641     32.967    7.42879     3.9634    24.9393   13.28254 3.7912e-02 0.0000e+00
        557   4.843669    0.03861     2.3167    139.000     33.392  50942.055    31.4161     3.9648     33.076    7.42863     3.9643    24.9398   13.28227 3.7912e-02 0.0000e+00
        558   4.843672    0.03868     2.3208    139.250     33.500  50943.384    31.4171     3.9655     33.184    7.42844     3.9656    24.9406   13.28194 3.7912e-02 0.0000e+00
        559   4.843675    0.03875     2.3250    139.500     33.608  50945.643    31.4188     3.9665     33.291    7.42818     3.9676    24.9418   13.28149 3.7912e-02 0.0000e+00
        560   4.843678    0.03882     2.3292    139.750     33.717  50949.308    31.4216     3.9678     33.399    7.42781     3.9704    24.9439   13.28083 3.7912e-02 0.0000e+00
        561   4.843681    0.03889     2.3333    140.000     33.826  50954.852    31.4258     3.9697     33.507    7.42725     3.9746    24.9470   13.27985 3.7912e-02 0.0000e+00
        562   4.843683    0.03896     2.3375    140.250     33.937  50962.527    31.4316     3.9726     33.617    7.42643     3.9802    24.9514   13.27843 3.7912e-02 0.0000e+00
        563   4.843686    0.03903     2.3417    140.500     34.049  50971.856    31.4389     3.9767     33.727    7.42531     3.9875    24.9568   13.27649 3.7912e-02 0.0000e+00
        564   4.843689    0.03910     2.3458    140.750     34.162  50982.019    31.4472     3.9824     33.839    7.42387     3.9962    24.9628   13.27400 3.7912e-02 0.0000e+00
        565   4.843692    0.03917     2.3500    141.000     34.276  50991.594    31.4554     3.9897     33.952    7.42214     4.0059    24.9686   13.27104 3.7912e-02 0.0000e+00
        566   4.843695    0.03924     2.3542    141.250     34.390  50998.685    31.4622     3.9984     34.066    7.42022     4.0155    24.9732   13.26778 3.7912e-02 0.0000e+00
        567   4.843698    0.03931     2.3583    141.500     34.504  51001.532    31.4664     4.0081     34.179    7.41826     4.0238    24.9756   13.26449 3.7912e-02 0.0000e+00
        568   4.843701    0.03938     2.3625    141.750     34.618  50998.704    31.4667     4.0177     34.291    7.41650     4.0300    24.9749   13.26159 3.7912e-02 0.0000e+00
        569   4.843704    0.03944     2.3667    142.000     34.731  50992.296    31.4642     4.0260     34.404    7.41512     4.0345    24.9722   13.25934 3.7912e-02 0.0000e+00
        570   4.843707    0.03951     2.3708    142.250     34.844  50987.609    31.4625     4.0322     34.515    7.41408     4.0385    24.9702   13.25764 3.7912e-02 0.0000e+00
        571   4.843709    0.03958     2.3750    142.500     34.955  50988.241    31.4639     4.0367     34.625    7.41320     4.0430    24.9709   13.25617 3.7912e-02 0.0000e+00
        572   4.843712    0.03965     2.3792    142.750     35.066  50993.114    31.4681     4.0407     34.736    7.41227     4.0483    24.9739   13.25458 3.7912e-02 0.0000e+00
        573   4.843715    0.03972     2.3833    143.000     35.178  50997.748    31.4723     4.0452     34.846    7.41124     4.0538    24.9768   13.25283 3.7912e-02 0.0000e+00
        574   4.843718    0.03979     2.3875    143.250     35.290  51000.331    31.4753     4.0505     34.957    7.41014     4.0595    24.9786   13.25097 3.7912e-02 0.0000e+00
        575   4.843721    0.03986     2.3917    143.500     35.405  51002.708    31.4781     4.0561     35.071    7.40900     4.0653    24.9804   13.24904 3.7912e-02 0.0000e+00
        576   4.843724    0.03993     2.3958    143.750     35.521  51005.659    31.4814     4.0617     35.186    7.40781     4.0711    24.9825   13.24704 3.7912e-02 0.0000e+00
        577   4.843727    0.04000     2.4000    144.000     35.638  51007.973    31.4843     4.0676     35.302    7.40661     4.0767    24.9842   13.24502 3.7912e-02 0.0000e+00
        578   4.843730    0.04007     2.4042    144.250     35.755  51009.093    31.4864     4.0734     35.417    7.40545     4.0819    24.9853   13.24308 3.7912e-02 0.0000e+00
        579   4.843733    0.04014     2.4083    144.500     35.871  51010.123    31.4884     4.0790     35.532    7.40435     4.0872    24.9863   13.24123 3.7912e-02 0.0000e+00
        580   4.843736    0.04021     2.4125    144.750     35.984  51012.648    31.4913     4.0843     35.645    7.40325     4.0929    24.9881   13.23939 3.7912e-02 0.0000e+00
        581   4.843738    0.04028     2.4167    145.000     36.095  51017.408    31.4957     4.0895     35.755    7.40208     4.0994    24.9911   13.23740 3.7912e-02 0.0000e+00
        582   4.843741    0.04035     2.4208    145.250     36.204  51023.240    31.5010     4.0952     35.862    7.40079     4.1067    24.9948   13.23520 3.7912e-02 0.0000e+00
        583   4.843744    0.04042     2.4250    145.500     36.309  51028.794    31.5062     4.1017     35.967    7.39936     4.1148    24.9983   13.23276 3.7912e-02 0.0000e+00
        584   4.843747    0.04049     2.4292    145.750     36.413  51034.942    31.5121     4.1090     36.070    7.39775     4.1244    25.0023   13.23004 3.7912e-02 0.0000e+00
        585   4.843750    0.04056     2.4333    146.000     36.516  51044.223    31.5203     4.1172     36.172    7.39588     4.1366    25.0080   13.22683 3.7912e-02 0.0000e+00
        586   4.843753    0.04063     2.4375    146.250     36.619  51058.788    31.5324     4.1268     36.274    7.39354     4.1521    25.0167   13.22282 3.7912e-02 0.0000e+00
        587   4.843756    0.04069     2.4417    146.500     36.724  51077.268    31.5479     4.1390     36.378    7.39058     4.1706    25.0278   13.21773 3.7912e-02 0.0000e+00
        588   4.843759    0.04076     2.4458    146.750     36.831  51093.726    31.5627     4.1545     36.484    7.38704     4.1899    25.0381   13.21171 3.7912e-02 0.0000e+00
        589   4.843762    0.04083     2.4500    147.000     36.941  51101.726    31.5724     4.1730     36.593    7.38325     4.2078    25.0440   13.20531 3.7912e-02 0.0000e+00
        590   4.843764    0.04090     2.4542    147.250     37.055  51099.456    31.5753     4.1923     36.706    7.37963     4.2225    25.0444   13.19930 3.7912e-02 0.0000e+00
        591   4.843767    0.04097     2.4583    147.500     37.171  51090.639    31.5734     4.2102     36.820    7.37652     4.2339    25.0412   13.19419 3.7912e-02 0.0000e+00
        592   4.843770    0.04104     2.4625    147.750     37.287  51080.779    31.5701     4.2249     36.935    7.37404     4.2427    25.0371   13.19015 3.7912e-02 0.0000e+00
        593   4.843773    0.04111     2.4667    148.000     37.402  51073.488    31.5677     4.2363     37.049    7.37212     4.2499    25.0341   13.18700 3.7912e-02 0.0000e+00
        594   4.843776    0.04118     2.4708    148.250     37.517  51070.232    31.5675     4.2451     37.163    7.37056     4.2567    25.0330   13.18443 3.7912e-02 0.0000e+00
        595   4.843779    0.04125     2.4750    148.500     37.630  51071.485    31.5700     4.2523     37.275    7.36914     4.2642    25.0343   13.18206 3.7912e-02 0.0000e+00
        596   4.843782    0.04132     2.4792    148.750     37.742  51076.536    31.5750     4.2592     37.385    7.36767     4.2725    25.0376   13.17956 3.7912e-02 0.0000e+00
        597   4.843785    0.04139     2.4833    149.000     37.852  51082.155    31.5805     4.2667     37.495    7.36606     4.2812    25.0412   13.17683 3.7912e-02 0.0000e+00
        598   4.843788    0.04146     2.4875    149.250     37.961  51085.202    31.5845     4.2750     37.603    7.36437     4.2897    25.0436   13.17400 3.7912e-02 0.0000e+00
        599   4.843791    0.04153     2.4917    149.500     38.070  51085.817    31.5869     4.2837     37.711    7.36270     4.2976    25.0446   13.17121 3.7912e-02 0.0000e+00
        600   4.843793    0.04160     2.4958    149.750     38.179  51085.122    31.5883     4.2922     37.819    7.36111     4.3048    25.0449   13.16857 3.7912e-02 0.0000e+00
        601   4.843796    0.04167     2.5000    150.000     38.289  51083.554    31.5890     4.3001     37.928    7.35966     4.3112    25.0447   13.16615 3.7912e-02 0.0000e+00
        602   4.843799    0.04174     2.5042    150.250     38.399  51081.524    31.5892     4.3073     38.037    7.35836     4.3166    25.0441   13.16400 3.7912e-02 0.0000e+00
        603   4.843802    0.04181     2.5083    150.500     38.509  51079.379    31.5892     4.3137     38.145    7.35722     4.3213    25.0435   13.16213 3.7912e-02 0.0000e+00
        604   4.843805    0.04188     2.5125    150.750     38.618  51077.465    31.5891     4.3192     38.253    7.35625     4.3252    25.0429   13.16053 3.7912e-02 0.0000e+00
        605   4.843808    0.04194     2.5167    151.000     38.727  51076.480    31.5895     4.3238     38.361    7.35541     4.3290    25.0427   13.15913 3.7912e-02 0.0000e+00
        606   4.843811    0.04201     2.5208    151.250     38.833  51077.005    31.5907     4.3278     38.466    7.35463     4.3329    25.0432   13.15784 3.7912e-02 0.0000e+00
        607   4.843814    0.04208     2.5250    151.500     38.938  51078.959    31.5928     4.3315     38.570    7.35386     4.3372    25.0446   13.15654 3.7912e-02 0.0000e+00
        608   4.843817    0.04215     2.5292    151.750     39.041  51081.984    31.5958     4.3354     38.672    7.35303     4.3421    25.0465   13.15512 3.7912e-02 0.0000e+00
        609   4.843819    0.04222     2.5333    152.000     39.143  51085.731    31.5993     4.3398     38.773    7.35209     4.3477    25.0489   13.15352 3.7912e-02 0.0000e+00
        610   4.843822    0.04229     2.5375    152.250     39.245  51090.203    31.6034     4.3447     38.874    7.35101     4.3542    25.0517   13.15169 3.7912e-02 0.0000e+00
        611   4.843825    0.04236     2.5417    152.500     39.348  51095.237    31.6081     4.3503     38.976    7.34977     4.3612    25.0549   13.14958 3.7912e-02 0.0000e+00
        612   4.843828    0.04243     2.5458    152.750     39.453  51099.338    31.6123     4.3568     39.080    7.34841     4.3685    25.0576   13.14728 3.7912e-02 0.0000e+00
        613   4.843831    0.04250     2.5500    153.000     39.561  51101.388    31.6153     4.3639     39.187    7.34699     4.3755    25.0593   13.14491 3.7912e-02 0.0000e+00
        614   4.843834    0.04257     2.5542    153.250     39.672  51102.223    31.6175     4.3711     39.298    7.34559     4.3822    25.0603   13.14257 3.7912e-02 0.0000e+00
        615   4.843837    0.04264     2.5583    153.500     39.787  51102.188    31.6191     4.3782     39.411    7.34426     4.3881    25.0608   13.14035 3.7912e-02 0.0000e+00
        616   4.843840    0.04271     2.5625    153.750     39.903  51100.459    31.6194     4.3848     39.526    7.34306     4.3929    25.0604   13.13837 3.7912e-02 0.0000e+00
        617   4.843843    0.04278     2.5667    154.000     40.020  51097.351    31.6185     4.3907     39.642    7.34205     4.3966    25.0591   13.13671 3.7912e-02 0.0000e+00
        618   4.843845    0.04285     2.5708    154.250     40.135  51094.223    31.6174     4.3956     39.756    7.34125     4.3996    25.0577   13.13540 3.7912e-02 0.0000e+00
        619   4.843848    0.04292     2.5750    154.500     40.247  51092.027    31.6168     4.3993     39.867    7.34062     4.4020    25.0568   13.13437 3.7912e-02 0.0000e+00
        620   4.843851    0.04299     2.5792    154.750     40.354  51091.075    31.6167     4.4023     39.973    7.34009     4.4044    25.0565   13.13350 3.7912e-02 0.0000e+00
        621   4.843854    0.04306     2.5833    155.000     40.458  51091.365    31.6174     4.4047     40.076    7.33962     4.4069    25.0568   13.13271 3.7912e-02 0.0000e+00
        622   4.843857    0.04312     2.5875    155.250     40.558  51092.626    31.6188     4.4071     40.174    7.33913     4.4096    25.0577   13.13188 3.7912e-02 0.0000e+00
        623   4.843860    0.04319     2.5917    155.500     40.655  51094.067    31.6203     4.4096     40.271    7.33861     4.4124    25.0586   13.13101 3.7912e-02 0.0000e+00
        624   4.843863    0.04326     2.5958    155.750     40.752  51094.797    31.6214     4.4123     40.366    7.33808     4.4150    25.0592   13.13011 3.7912e-02 0.0000e+00
        625   4.843866    0.04333     2.6000    156.000     40.849  51094.694    31.6219     4.4151     40.463    7.33756     4.4174    25.0593   13.12925 3.7912e-02 0.0000e+00
        626   4.843869    0.04340     2.6042    156.250     40.948  51094.298    31.6222     4.4177     40.561    7.33709     4.4196    25.0592   13.12846 3.7912e-02 0.0000e+00
        627   4.843872    0.04347     2.6083    156.500     41.050  51094.185    31.6226     4.4201     40.663    7.33664     4.4220    25.0593   13.12772 3.7912e-02 0.0000e+00
        628   4.843874    0.04354     2.6125    156.750     41.157  51095.072    31.6237     4.4224     40.769    7.33618     4.4249    25.0600   13.12695 3.7912e-02 0.0000e+00
        629   4.843877    0.04361     2.6167    157.000     41.267  51097.290    31.6257     4.4248     40.877    7.33566     4.4286    25.0613   13.12606 3.7912e-02 0.0000e+00
        630   4.843880    0.04368     2.6208    157.250     41.379  51100.396    31.6284     4.4277     40.988    7.33501     4.4331    25.0632   13.12495 3.7912e-02 0.0000e+00
        631   4.843883    0.04375     2.6250    157.500     41.493  51103.761    31.6315     4.4313     41.101    7.33421     4.4386    25.0653   13.12358 3.7912e-02 0.0000e+00
        632   4.843886    0.04382     2.6292    157.750     41.607  51107.340    31.6349     4.4359     41.213    7.33323     4.4452    25.0676   13.12193 3.7912e-02 0.0000e+00
