CTD-processing/allCTD/CNV--turbid/2013-04-19-cookinlet-tran6-cast064-s22.cnv
* Sea-Bird SBE19plus Data File:
* FileName = C:\Documents and Settings\kris.holderied.local\My Documents\2012-2013-CTD-DATA-new-files\2013-04-EVOSTC-CookInlet-Ocean\2013-04-19-CookInlet-Tran6-Douglas\2013-04-19-CookInlet-Tran6-cast064.hex
* Software Version 1.54
* Temperature SN =  5028
* Conductivity SN =  5028
* System UpLoad Time = Apr 19 2013 22:29:06
** Cook Inlet LTM Transect 6 (Douglas line) West to East
** Date:  2013-04-19
** Station:  6-22
** Start time (AKDT-24 hr):  1231
** Depth (m): 166
** Comment:  CTD time set wrong
** Comment:
# nquan = 16
# nvalues = 956                         
# units = specified
# name 0 = scan: Scan Count
# name 1 = timeJ: Julian Days
# name 2 = timeH: Time, Elapsed [hours]
# name 3 = timeM: Time, Elapsed [minutes]
# name 4 = timeS: Time, Elapsed [seconds]
# name 5 = prdM: Pressure, Strain Gauge [db]
# name 6 = specc: Specific Conductance [uS/cm]
# name 7 = sal00: Salinity, Practical [PSU]
# name 8 = tv290C: Temperature [ITS-90, deg C]
# name 9 = depSM: Depth [salt water, m], lat = 59.00
# name 10 = oxsolML/L: Oxygen Saturation, Garcia & Gordon [ml/l]
# name 11 = potemp090C: Potential Temperature [ITS-90, deg C]
# name 12 = sigma-é00: Density [sigma-theta, kg/m^3]
# name 13 = n2satML/L: Nitrogen Saturation [ml/l]
# name 14 = par: PAR/Irradiance, Biospherical/Licor
# name 15 = flag:  0.000e+00
# span 0 =          1,        956       
# span 1 = 109.502975, 109.505738       
# span 2 =    0.00000,    0.06632       
# span 3 =     0.0000,     3.9792       
# span 4 =      0.000,    238.750       
# span 5 =      0.075,    156.767       
# span 6 =    351.818,  52229.150       
# span 7 =     0.1587,    32.3311       
# span 8 =     2.3128,     4.5617       
# span 9 =      0.074,    155.242       
# span 10 =    7.27688,    9.55742      
# span 11 =     2.3128,     4.5507      
# span 12 =     0.0848,    25.6215      
# span 13 =   13.01992,   17.28777      
# span 14 = 3.7912e-02, 1.9903e+03      
# span 15 = 0.0000e+00, 0.0000e+00      
# interval = seconds: 0.25
# start_time = Apr 19 2013 12:04:17 [Instrument's time stamp, header]
# bad_flag = -9.990e-29
*END*
[from data line 181]
        182 109.503498    0.01257     0.7542     45.250      1.914  52023.305    31.9481     3.0934      1.895    7.56223     3.0862    25.4415   13.49572 6.2691e+02 0.0000e+00
        183 109.503501    0.01264     0.7583     45.500      1.978  52034.116    31.9542     3.0892      1.959    7.56271     3.0854    25.4468   13.49642 6.1510e+02 0.0000e+00
        184 109.503504    0.01271     0.7625     45.750      2.030  52044.366    31.9604     3.0864      2.010    7.56292     3.0868    25.4520   13.49669 5.9224e+02 0.0000e+00
        185 109.503507    0.01278     0.7667     46.000      2.071  52050.653    31.9644     3.0856      2.051    7.56286     3.0902    25.4553   13.49654 5.8842e+02 0.0000e+00
        186 109.503510    0.01285     0.7708     46.250      2.105  52051.081    31.9651     3.0870      2.084    7.56257     3.0947    25.4557   13.49605 6.1445e+02 0.0000e+00
        187 109.503513    0.01292     0.7750     46.500      2.130  52045.652    31.9623     3.0904      2.110    7.56208     3.0992    25.4532   13.49527 6.3647e+02 0.0000e+00
        188 109.503516    0.01299     0.7792     46.750      2.147  52035.529    31.9566     3.0949      2.127    7.56151     3.1024    25.4483   13.49442 6.4726e+02 0.0000e+00
        189 109.503519    0.01306     0.7833     47.000      2.155  52022.793    31.9492     3.0993      2.135    7.56107     3.1040    25.4419   13.49379 6.6794e+02 0.0000e+00
        190 109.503521    0.01313     0.7875     47.250      2.150  52010.509    31.9417     3.1026      2.130    7.56085     3.1038    25.4357   13.49352 6.9509e+02 0.0000e+00
        191 109.503524    0.01319     0.7917     47.500      2.131  52001.386    31.9360     3.1041      2.111    7.56085     3.1017    25.4310   13.49359 7.1382e+02 0.0000e+00
        192 109.503527    0.01326     0.7958     47.750      2.094  51996.655    31.9327     3.1039      2.075    7.56106     3.0984    25.4284   13.49399 7.1489e+02 0.0000e+00
        193 109.503530    0.01333     0.8000     48.000      2.040  51996.384    31.9320     3.1018      2.021    7.56148     3.0949    25.4280   13.49469 6.9437e+02 0.0000e+00
        194 109.503533    0.01340     0.8042     48.250      1.967  51999.322    31.9332     3.0986      1.948    7.56204     3.0918    25.4292   13.49559 6.7162e+02 0.0000e+00
        195 109.503536    0.01347     0.8083     48.500      1.877  52003.411    31.9351     3.0950      1.860    7.56261     3.0893    25.4310   13.49651 6.6669e+02 0.0000e+00
        196 109.503539    0.01354     0.8125     48.750      1.774  52007.160    31.9368     3.0919      1.758    7.56310     3.0877    25.4327   13.49730 6.7963e+02 0.0000e+00
        197 109.503542    0.01361     0.8167     49.000      1.664  52010.096    31.9382     3.0894      1.649    7.56348     3.0868    25.4340   13.49791 7.1261e+02 0.0000e+00
        198 109.503545    0.01368     0.8208     49.250      1.554  52012.321    31.9393     3.0878      1.539    7.56373     3.0866    25.4351   13.49831 7.6263e+02 0.0000e+00
        199 109.503547    0.01375     0.8250     49.500      1.451  52014.126    31.9404     3.0869      1.437    7.56385     3.0869    25.4360   13.49849 7.9551e+02 0.0000e+00
        200 109.503550    0.01382     0.8292     49.750      1.368  52016.105    31.9417     3.0866      1.355    7.56383     3.0878    25.4371   13.49844 7.8911e+02 0.0000e+00
        201 109.503553    0.01389     0.8333     50.000      1.315  52019.208    31.9439     3.0869      1.303    7.56366     3.0896    25.4388   13.49812 7.5915e+02 0.0000e+00
        202 109.503556    0.01396     0.8375     50.250      1.304  52024.684    31.9479     3.0879      1.292    7.56328     3.0928    25.4419   13.49745 7.2225e+02 0.0000e+00
        203 109.503559    0.01403     0.8417     50.500      1.339  52032.571    31.9537     3.0897      1.326    7.56265     3.0976    25.4463   13.49632 6.7794e+02 0.0000e+00
        204 109.503562    0.01410     0.8458     50.750      1.419  52039.834    31.9594     3.0929      1.406    7.56176     3.1032    25.4506   13.49478 6.2110e+02 0.0000e+00
        205 109.503565    0.01417     0.8500     51.000      1.540  52042.335    31.9623     3.0977      1.526    7.56071     3.1081    25.4525   13.49302 5.6929e+02 0.0000e+00
        206 109.503568    0.01424     0.8542     51.250      1.690  52037.677    31.9605     3.1033      1.674    7.55975     3.1111    25.4506   13.49146 5.3441e+02 0.0000e+00
        207 109.503571    0.01431     0.8583     51.500      1.855  52026.148    31.9539     3.1082      1.837    7.55916     3.1110    25.4450   13.49057 5.0844e+02 0.0000e+00
        208 109.503573    0.01438     0.8625     51.750      2.021  52012.298    31.9452     3.1112      2.003    7.55904     3.1074    25.4378   13.49049 4.8972e+02 0.0000e+00
        209 109.503576    0.01444     0.8667     52.000      2.179  52003.535    31.9392     3.1112      2.159    7.55936     3.1009    25.4330   13.49110 4.8102e+02 0.0000e+00
        210 109.503579    0.01451     0.8708     52.250      2.318  52004.330    31.9387     3.1075      2.296    7.56007     3.0936    25.4329   13.49228 4.8213e+02 0.0000e+00
        211 109.503582    0.01458     0.8750     52.500      2.430  52013.333    31.9431     3.1010      2.407    7.56106     3.0872    25.4369   13.49385 4.9384e+02 0.0000e+00
        212 109.503585    0.01465     0.8792     52.750      2.503  52026.198    31.9498     3.0938      2.479    7.56208     3.0827    25.4429   13.49544 5.1635e+02 0.0000e+00
        213 109.503588    0.01472     0.8833     53.000      2.526  52039.502    31.9571     3.0874      2.502    7.56289     3.0803    25.4493   13.49669 5.4118e+02 0.0000e+00
        214 109.503591    0.01479     0.8875     53.250      2.490  52051.361    31.9640     3.0828      2.466    7.56340     3.0802    25.4551   13.49743 5.6605e+02 0.0000e+00
        215 109.503594    0.01486     0.8917     53.500      2.392  52059.870    31.9691     3.0804      2.369    7.56358     3.0827    25.4595   13.49766 5.9687e+02 0.0000e+00
        216 109.503597    0.01493     0.8958     53.750      2.241  52063.046    31.9714     3.0803      2.219    7.56348     3.0871    25.4613   13.49746 6.1625e+02 0.0000e+00
        217 109.503600    0.01500     0.9000     54.000      2.049  52060.023    31.9701     3.0828      2.030    7.56309     3.0922    25.4600   13.49683 6.0118e+02 0.0000e+00
        218 109.503602    0.01507     0.9042     54.250      1.836  52052.139    31.9660     3.0872      1.819    7.56248     3.0971    25.4564   13.49588 5.5470e+02 0.0000e+00
        219 109.503605    0.01514     0.9083     54.500      1.622  52043.012    31.9613     3.0922      1.607    7.56177     3.1020    25.4522   13.49478 4.8053e+02 0.0000e+00
        220 109.503608    0.01521     0.9125     54.750      1.431  52036.284    31.9581     3.0972      1.418    7.56101     3.1070    25.4493   13.49356 3.9811e+02 0.0000e+00
        221 109.503611    0.01528     0.9167     55.000      1.281  52033.297    31.9575     3.1021      1.269    7.56013     3.1123    25.4483   13.49212 3.4246e+02 0.0000e+00
        222 109.503614    0.01535     0.9208     55.250      1.184  52033.332    31.9589     3.1071      1.173    7.55912     3.1177    25.4490   13.49044 3.1580e+02 0.0000e+00
        223 109.503617    0.01542     0.9250     55.500      1.149  52034.907    31.9614     3.1123      1.138    7.55800     3.1229    25.4506   13.48857 3.0775e+02 0.0000e+00
        224 109.503620    0.01549     0.9292     55.750      1.177  52034.788    31.9627     3.1178      1.166    7.55691     3.1269    25.4512   13.48674 3.1727e+02 0.0000e+00
        225 109.503623    0.01556     0.9333     56.000      1.257  52028.207    31.9596     3.1230      1.246    7.55610     3.1291    25.4482   13.48545 3.3886e+02 0.0000e+00
        226 109.503626    0.01563     0.9375     56.250      1.376  52015.087    31.9517     3.1270      1.363    7.55575     3.1289    25.4416   13.48498 3.6747e+02 0.0000e+00
        227 109.503628    0.01569     0.9417     56.500      1.518  52001.662    31.9431     3.1292      1.505    7.55579     3.1259    25.4345   13.48515 3.9480e+02 0.0000e+00
        228 109.503631    0.01576     0.9458     56.750      1.672  51994.019    31.9378     3.1290      1.657    7.55611     3.1203    25.4303   13.48575 4.0867e+02 0.0000e+00
        229 109.503634    0.01583     0.9500     57.000      1.825  51994.690    31.9374     3.1260      1.808    7.55668     3.1130    25.4302   13.48670 4.1368e+02 0.0000e+00
        230 109.503637    0.01590     0.9542     57.250      1.967  52003.193    31.9416     3.1205      1.949    7.55750     3.1058    25.4341   13.48800 4.2534e+02 0.0000e+00
        231 109.503640    0.01597     0.9583     57.500      2.092  52016.386    31.9485     3.1132      2.072    7.55851     3.1004    25.4402   13.48958 4.4399e+02 0.0000e+00
        232 109.503643    0.01604     0.9625     57.750      2.189  52029.073    31.9551     3.1060      2.169    7.55951     3.0965    25.4461   13.49114 4.5829e+02 0.0000e+00
        233 109.503646    0.01611     0.9667     58.000      2.249  52037.768    31.9596     3.1005      2.228    7.56031     3.0931    25.4501   13.49239 4.6563e+02 0.0000e+00
        234 109.503649    0.01618     0.9708     58.250      2.269  52043.665    31.9625     3.0966      2.248    7.56089     3.0900    25.4528   13.49331 4.6910e+02 0.0000e+00
        235 109.503652    0.01625     0.9750     58.500      2.251  52049.137    31.9654     3.0932      2.230    7.56138     3.0876    25.4553   13.49409 4.7104e+02 0.0000e+00
        236 109.503655    0.01632     0.9792     58.750      2.199  52054.228    31.9680     3.0901      2.179    7.56182     3.0862    25.4577   13.49478 4.7487e+02 0.0000e+00
        237 109.503657    0.01639     0.9833     59.000      2.120  52057.880    31.9699     3.0878      2.100    7.56216     3.0856    25.4595   13.49531 4.8052e+02 0.0000e+00
        238 109.503660    0.01646     0.9875     59.250      2.021  52059.453    31.9707     3.0864      2.002    7.56239     3.0853    25.4602   13.49567 4.9309e+02 0.0000e+00
        239 109.503663    0.01653     0.9917     59.500      1.912  52058.932    31.9702     3.0857      1.893    7.56254     3.0851    25.4599   13.49592 5.1600e+02 0.0000e+00
        240 109.503666    0.01660     0.9958     59.750      1.799  52057.207    31.9690     3.0855      1.782    7.56264     3.0847    25.4589   13.49611 5.2838e+02 0.0000e+00
        241 109.503669    0.01667     1.0000     60.000      1.691  52055.556    31.9679     3.0852      1.675    7.56274     3.0840    25.4581   13.49629 5.1040e+02 0.0000e+00
        242 109.503672    0.01674     1.0042     60.250      1.593  52054.636    31.9672     3.0848      1.578    7.56286     3.0831    25.4575   13.49650 4.6947e+02 0.0000e+00
        243 109.503675    0.01681     1.0083     60.500      1.511  52054.510    31.9670     3.0841      1.496    7.56300     3.0822    25.4574   13.49674 4.2821e+02 0.0000e+00
        244 109.503678    0.01688     1.0125     60.750      1.449  52054.990    31.9671     3.0832      1.435    7.56316     3.0813    25.4576   13.49700 4.0292e+02 0.0000e+00
        245 109.503681    0.01694     1.0167     61.000      1.411  52055.754    31.9674     3.0823      1.398    7.56333     3.0804    25.4579   13.49727 3.9369e+02 0.0000e+00
        246 109.503683    0.01701     1.0208     61.250      1.401  52056.664    31.9678     3.0813      1.388    7.56349     3.0797    25.4583   13.49752 3.9418e+02 0.0000e+00
        247 109.503686    0.01708     1.0250     61.500      1.419  52057.767    31.9683     3.0805      1.405    7.56362     3.0792    25.4588   13.49774 3.9806e+02 0.0000e+00
        248 109.503689    0.01715     1.0292     61.750      1.464  52059.056    31.9689     3.0797      1.450    7.56372     3.0788    25.4594   13.49789 4.0045e+02 0.0000e+00
        249 109.503692    0.01722     1.0333     62.000      1.532  52060.423    31.9697     3.0792      1.518    7.56378     3.0787    25.4600   13.49798 3.9886e+02 0.0000e+00
        250 109.503695    0.01729     1.0375     62.250      1.618  52061.505    31.9703     3.0789      1.604    7.56380     3.0787    25.4605   13.49802 3.9565e+02 0.0000e+00
        251 109.503698    0.01736     1.0417     62.500      1.717  52061.927    31.9705     3.0787      1.702    7.56382     3.0790    25.4607   13.49804 3.9738e+02 0.0000e+00
        252 109.503701    0.01743     1.0458     62.750      1.822  52061.756    31.9703     3.0788      1.805    7.56382     3.0795    25.4605   13.49803 4.0341e+02 0.0000e+00
        253 109.503704    0.01750     1.0500     63.000      1.926  52061.035    31.9698     3.0791      1.908    7.56379     3.0800    25.4601   13.49800 4.0651e+02 0.0000e+00
        254 109.503707    0.01757     1.0542     63.250      2.022  52059.529    31.9689     3.0796      2.003    7.56374     3.0800    25.4594   13.49793 4.0810e+02 0.0000e+00
        255 109.503709    0.01764     1.0583     63.500      2.103  52057.703    31.9678     3.0801      2.083    7.56370     3.0791    25.4584   13.49788 4.1697e+02 0.0000e+00
        256 109.503712    0.01771     1.0625     63.750      2.162  52056.963    31.9673     3.0801      2.141    7.56373     3.0772    25.4580   13.49793 4.3465e+02 0.0000e+00
        257 109.503715    0.01778     1.0667     64.000      2.194  52058.396    31.9680     3.0792      2.173    7.56387     3.0748    25.4586   13.49816 4.5609e+02 0.0000e+00
        258 109.503718    0.01785     1.0708     64.250      2.195  52061.928    31.9698     3.0773      2.175    7.56414     3.0725    25.4603   13.49857 4.7886e+02 0.0000e+00
        259 109.503721    0.01792     1.0750     64.500      2.165  52066.559    31.9723     3.0749      2.145    7.56446     3.0708    25.4625   13.49906 5.0738e+02 0.0000e+00
        260 109.503724    0.01799     1.0792     64.750      2.106  52071.210    31.9749     3.0726      2.087    7.56475     3.0697    25.4647   13.49951 5.4765e+02 0.0000e+00
        261 109.503727    0.01806     1.0833     65.000      2.023  52075.108    31.9772     3.0709      2.004    7.56496     3.0692    25.4667   13.49983 5.9969e+02 0.0000e+00
        262 109.503730    0.01812     1.0875     65.250      1.922  52077.705    31.9787     3.0698      1.904    7.56509     3.0692    25.4680   13.50002 6.5366e+02 0.0000e+00
        263 109.503733    0.01819     1.0917     65.500      1.813  52078.822    31.9794     3.0693      1.797    7.56515     3.0698    25.4686   13.50012 6.9005e+02 0.0000e+00
        264 109.503736    0.01826     1.0958     65.750      1.708  52078.609    31.9793     3.0693      1.693    7.56515     3.0711    25.4685   13.50011 7.1281e+02 0.0000e+00
        265 109.503738    0.01833     1.1000     66.000      1.617  52077.326    31.9786     3.0699      1.602    7.56507     3.0733    25.4679   13.50000 7.2781e+02 0.0000e+00
        266 109.503741    0.01840     1.1042     66.250      1.546  52074.897    31.9773     3.0711      1.532    7.56490     3.0763    25.4668   13.49973 7.1348e+02 0.0000e+00
        267 109.503744    0.01847     1.1083     66.500      1.502  52070.648    31.9751     3.0733      1.488    7.56460     3.0792    25.4648   13.49927 6.8750e+02 0.0000e+00
        268 109.503747    0.01854     1.1125     66.750      1.485  52064.441    31.9717     3.0763      1.472    7.56422     3.0811    25.4618   13.49868 6.8394e+02 0.0000e+00
        269 109.503750    0.01861     1.1167     67.000      1.495  52057.984    31.9681     3.0793      1.482    7.56385     3.0816    25.4587   13.49812 7.0138e+02 0.0000e+00
        270 109.503753    0.01868     1.1208     67.250      1.528  52053.589    31.9656     3.0812      1.514    7.56361     3.0809    25.4565   13.49776 7.2417e+02 0.0000e+00
        271 109.503756    0.01875     1.1250     67.500      1.580  52052.330    31.9649     3.0817      1.565    7.56356     3.0794    25.4559   13.49768 7.3278e+02 0.0000e+00
