CTD-processing/allCTD/CNV--turbid/2013_10-29_t4_s01_cast123.cnv
* Sea-Bird SBE19plus Data File:
* FileName = C:\Users\kris.holderied\Documents\kasitsna\Research-Projects-and-Data\Oceanography-AK\CTD-CookInlet-GulfWatchAK\2013-10-11-EVOSTC-CookInlet-Ocean\2013-10-29-CookInlet-Tran4-Barabara\2013-10-29-CookInlet-Tran4-cast123.hex
* Software Version 1.59
* Temperature SN =  5028
* Conductivity SN =  5028
* System UpLoad Time = Feb 14 2014 21:24:59
** Cook Inlet Transect 4 (Barabara) north to south
** Date: 2013-10-29
** Station: 4-01
** Start time: 12:17
** Depth (m): 19
** Comment:  CTD instrument time is AK Daylight time
** Comment:
# nquan = 16
# nvalues = 433                         
# units = specified
# name 0 = scan: Scan Count
# name 1 = timeJ: Julian Days
# name 2 = timeH: Time, Elapsed [hours]
# name 3 = timeM: Time, Elapsed [minutes]
# name 4 = timeS: Time, Elapsed [seconds]
# name 5 = prdM: Pressure, Strain Gauge [db]
# name 6 = specc: Specific Conductance [uS/cm]
# name 7 = sal00: Salinity, Practical [PSU]
# name 8 = tv290C: Temperature [ITS-90, deg C]
# name 9 = depSM: Depth [salt water, m], lat = 59.00
# name 10 = oxsolML/L: Oxygen Saturation, Garcia & Gordon [ml/l]
# name 11 = potemp090C: Potential Temperature [ITS-90, deg C]
# name 12 = sigma-é00: Density [sigma-theta, kg/m^3]
# name 13 = n2satML/L: Nitrogen Saturation [ml/l]
# name 14 = par: PAR/Irradiance, Biospherical/Licor
# name 15 = flag:  0.000e+00
# span 0 =          1,        433       
# span 1 = 302.512986, 302.514236       
# span 2 =    0.00000,    0.03000       
# span 3 =     0.0000,     1.8000       
# span 4 =      0.000,    108.000       
# span 5 =     -0.190,     19.412       
# span 6 =    797.835,  46888.979       
# span 7 =     0.3815,    29.5306       
# span 8 =     7.2095,     8.9648       
# span 9 =     -0.188,     19.230       
# span 10 =    6.69193,    8.42899      
# span 11 =     7.2096,     8.9628      
# span 12 =     0.1978,    22.8443      
# span 13 =   12.08797,   15.39637      
# span 14 = 1.6671e+00, 1.2335e+02      
# span 15 = 0.0000e+00, 0.0000e+00      
# interval = seconds: 0.25
# start_time = Oct 29 2013 12:18:42 [Instrument's time stamp, header]
# bad_flag = -9.990e-29
*END*
[from data line 181]
        182 302.513510    0.01257     0.7542     45.250      0.732  45378.454    28.4455     8.6337      0.726    6.78943     8.6351    22.0437   12.26302 6.9272e+01 0.0000e+00
        183 302.513513    0.01264     0.7583     45.500      0.723  45379.609    28.4464     8.6340      0.717    6.78934     8.6368    22.0443   12.26286 6.8887e+01 0.0000e+00
        184 302.513516    0.01271     0.7625     45.750      0.717  45397.387    28.4589     8.6352      0.711    6.78861     8.6389    22.0539   12.26150 6.8496e+01 0.0000e+00
        185 302.513519    0.01278     0.7667     46.000      0.717  45428.410    28.4806     8.6369      0.710    6.78740     8.6418    22.0706   12.25923 6.8202e+01 0.0000e+00
        186 302.513521    0.01285     0.7708     46.250      0.723  45460.781    28.5033     8.6390      0.716    6.78608     8.6454    22.0881   12.25674 6.8042e+01 0.0000e+00
        187 302.513524    0.01292     0.7750     46.500      0.734  45483.077    28.5191     8.6419      0.727    6.78494     8.6491    22.1000   12.25466 6.8071e+01 0.0000e+00
        188 302.513527    0.01299     0.7792     46.750      0.746  45491.536    28.5254     8.6455      0.739    6.78412     8.6521    22.1044   12.25321 6.8097e+01 0.0000e+00
        189 302.513530    0.01306     0.7833     47.000      0.757  45488.087    28.5235     8.6492      0.750    6.78364     8.6542    22.1024   12.25244 6.7808e+01 0.0000e+00
        190 302.513533    0.01313     0.7875     47.250      0.765  45478.070    28.5169     8.6522      0.758    6.78347     8.6562    22.0969   12.25224 6.7449e+01 0.0000e+00
        191 302.513536    0.01319     0.7917     47.500      0.772  45468.906    28.5108     8.6543      0.764    6.78340     8.6587    22.0918   12.25221 6.7461e+01 0.0000e+00
        192 302.513539    0.01326     0.7958     47.750      0.776  45464.993    28.5084     8.6563      0.769    6.78321     8.6619    22.0896   12.25192 6.7821e+01 0.0000e+00
        193 302.513542    0.01333     0.8000     48.000      0.780  45463.097    28.5074     8.6588      0.772    6.78286     8.6652    22.0885   12.25136 6.8261e+01 0.0000e+00
        194 302.513545    0.01340     0.8042     48.250      0.782  45456.702    28.5034     8.6620      0.775    6.78255     8.6679    22.0849   12.25089 6.8645e+01 0.0000e+00
        195 302.513547    0.01347     0.8083     48.500      0.782  45442.942    28.4943     8.6653      0.775    6.78245     8.6696    22.0773   12.25083 6.8919e+01 0.0000e+00
        196 302.513550    0.01354     0.8125     48.750      0.781  45424.499    28.4819     8.6680      0.773    6.78258     8.6705    22.0672   12.25121 6.9044e+01 0.0000e+00
        197 302.513553    0.01361     0.8167     49.000      0.777  45408.023    28.4707     8.6696      0.769    6.78282     8.6710    22.0582   12.25174 6.9182e+01 0.0000e+00
        198 302.513556    0.01368     0.8208     49.250      0.771  45399.748    28.4651     8.6705      0.764    6.78293     8.6716    22.0537   12.25200 6.9376e+01 0.0000e+00
        199 302.513559    0.01375     0.8250     49.500      0.765  45402.207    28.4668     8.6710      0.758    6.78277     8.6724    22.0550   12.25171 6.9402e+01 0.0000e+00
        200 302.513562    0.01382     0.8292     49.750      0.760  45413.545    28.4748     8.6716      0.753    6.78233     8.6735    22.0611   12.25089 6.9297e+01 0.0000e+00
        201 302.513565    0.01389     0.8333     50.000      0.756  45427.641    28.4846     8.6724      0.749    6.78178     8.6748    22.0687   12.24984 6.9311e+01 0.0000e+00
        202 302.513568    0.01396     0.8375     50.250      0.753  45437.341    28.4915     8.6736      0.746    6.78130     8.6758    22.0740   12.24896 6.9438e+01 0.0000e+00
        203 302.513571    0.01403     0.8417     50.500      0.749  45437.960    28.4921     8.6749      0.742    6.78107     8.6760    22.0743   12.24858 6.9557e+01 0.0000e+00
        204 302.513573    0.01410     0.8458     50.750      0.744  45427.948    28.4853     8.6759      0.737    6.78122     8.6752    22.0688   12.24891 6.9557e+01 0.0000e+00
        205 302.513576    0.01417     0.8500     51.000      0.736  45410.463    28.4732     8.6761      0.729    6.78173     8.6739    22.0593   12.24990 6.9431e+01 0.0000e+00
        206 302.513579    0.01424     0.8542     51.250      0.726  45393.476    28.4614     8.6753      0.719    6.78236     8.6721    22.0502   12.25110 6.9342e+01 0.0000e+00
        207 302.513582    0.01431     0.8583     51.500      0.714  45384.987    28.4554     8.6740      0.708    6.78284     8.6698    22.0456   12.25196 6.9293e+01 0.0000e+00
        208 302.513585    0.01438     0.8625     51.750      0.705  45390.469    28.4589     8.6722      0.699    6.78295     8.6674    22.0487   12.25211 6.9189e+01 0.0000e+00
        209 302.513588    0.01444     0.8667     52.000      0.701  45413.105    28.4743     8.6699      0.694    6.78263     8.6661    22.0610   12.25138 6.9089e+01 0.0000e+00
        210 302.513591    0.01451     0.8708     52.250      0.705  45451.488    28.5006     8.6675      0.698    6.78184     8.6667    22.0819   12.24975 6.8929e+01 0.0000e+00
        211 302.513594    0.01458     0.8750     52.500      0.716  45498.071    28.5327     8.6662      0.710    6.78063     8.6687    22.1072   12.24733 6.8549e+01 0.0000e+00
        212 302.513597    0.01465     0.8792     52.750      0.735  45541.218    28.5626     8.6668      0.728    6.77922     8.6711    22.1305   12.24463 6.7966e+01 0.0000e+00
        213 302.513600    0.01472     0.8833     53.000      0.758  45569.568    28.5825     8.6688      0.751    6.77804     8.6725    22.1458   12.24243 6.7355e+01 0.0000e+00
        214 302.513602    0.01479     0.8875     53.250      0.780  45575.668    28.5871     8.6712      0.773    6.77748     8.6714    22.1490   12.24144 6.7182e+01 0.0000e+00
        215 302.513605    0.01486     0.8917     53.500      0.799  45555.463    28.5732     8.6726      0.791    6.77787     8.6665    22.1380   12.24227 6.7586e+01 0.0000e+00
        216 302.513608    0.01493     0.8958     53.750      0.809  45510.995    28.5423     8.6715      0.801    6.77939     8.6560    22.1140   12.24517 6.8139e+01 0.0000e+00
        217 302.513611    0.01500     0.9000     54.000      0.808  45456.067    28.5036     8.6666      0.800    6.78184     8.6383    22.0844   12.24972 6.8719e+01 0.0000e+00
        218 302.513614    0.01507     0.9042     54.250      0.795  45412.123    28.4718     8.6561      0.788    6.78485     8.6149    22.0610   12.25511 6.9381e+01 0.0000e+00
        219 302.513617    0.01514     0.9083     54.500      0.774  45397.600    28.4594     8.6384      0.767    6.78811     8.5913    22.0538   12.26066 6.9964e+01 0.0000e+00
        220 302.513620    0.01521     0.9125     54.750      0.748  45419.115    28.4712     8.6149      0.742    6.79118     8.5733    22.0664   12.26560 7.0499e+01 0.0000e+00
        221 302.513623    0.01528     0.9167     55.000      0.724  45469.204    28.5028     8.5914      0.718    6.79340     8.5639    22.0945   12.26889 7.1049e+01 0.0000e+00
        222 302.513626    0.01535     0.9208     55.250      0.706  45530.933    28.5432     8.5734      0.700    6.79438     8.5634    22.1286   12.27001 7.1382e+01 0.0000e+00
        223 302.513628    0.01542     0.9250     55.500      0.696  45586.983    28.5808     8.5639      0.690    6.79418     8.5708    22.1593   12.26921 7.1471e+01 0.0000e+00
        224 302.513631    0.01549     0.9292     55.750      0.694  45627.551    28.6088     8.5634      0.688    6.79302     8.5841    22.1813   12.26694 7.1306e+01 0.0000e+00
        225 302.513634    0.01556     0.9333     56.000      0.700  45650.830    28.6259     8.5709      0.694    6.79112     8.6004    22.1937   12.26358 7.0574e+01 0.0000e+00
        226 302.513637    0.01563     0.9375     56.250      0.711  45660.525    28.6344     8.5842      0.705    6.78872     8.6170    22.1984   12.25948 6.9438e+01 0.0000e+00
        227 302.513640    0.01569     0.9417     56.500      0.726  45660.553    28.6366     8.6004      0.719    6.78613     8.6315    22.1978   12.25516 6.8657e+01 0.0000e+00
        228 302.513643    0.01576     0.9458     56.750      0.743  45649.841    28.6313     8.6170      0.735    6.78382     8.6425    22.1913   12.25140 6.8735e+01 0.0000e+00
        229 302.513646    0.01583     0.9500     57.000      0.757  45623.138    28.6147     8.6315      0.750    6.78232     8.6488    22.1763   12.24912 6.9232e+01 0.0000e+00
        230 302.513649    0.01590     0.9542     57.250      0.766  45578.937    28.5855     8.6425      0.759    6.78193     8.6499    22.1519   12.24884 6.9310e+01 0.0000e+00
        231 302.513652    0.01597     0.9583     57.500      0.767  45528.386    28.5513     8.6488      0.760    6.78246     8.6455    22.1243   12.25014 6.8882e+01 0.0000e+00
        232 302.513655    0.01604     0.9625     57.750      0.761  45490.111    28.5250     8.6500      0.755    6.78344     8.6366    22.1035   12.25210 6.8511e+01 0.0000e+00
        233 302.513657    0.01611     0.9667     58.000      0.751  45477.646    28.5158     8.6455      0.745    6.78453     8.6269    22.0969   12.25401 6.8796e+01 0.0000e+00
        234 302.513660    0.01618     0.9708     58.250      0.741  45492.937    28.5252     8.6367      0.734    6.78547     8.6196    22.1056   12.25545 6.9704e+01 0.0000e+00
        235 302.513663    0.01625     0.9750     58.500      0.733  45524.771    28.5460     8.6269      0.727    6.78605     8.6161    22.1232   12.25616 7.0499e+01 0.0000e+00
        236 302.513666    0.01632     0.9792     58.750      0.728  45557.747    28.5679     8.6196      0.722    6.78620     8.6161    22.1414   12.25614 7.0770e+01 0.0000e+00
        237 302.513669    0.01639     0.9833     59.000      0.725  45584.790    28.5861     8.6161      0.719    6.78594     8.6194    22.1561   12.25547 7.0612e+01 0.0000e+00
        238 302.513672    0.01646     0.9875     59.250      0.725  45606.994    28.6015     8.6162      0.719    6.78526     8.6256    22.1682   12.25415 7.0431e+01 0.0000e+00
        239 302.513675    0.01653     0.9917     59.500      0.729  45626.256    28.6153     8.6195      0.723    6.78414     8.6337    22.1785   12.25213 7.0560e+01 0.0000e+00
        240 302.513678    0.01660     0.9958     59.750      0.737  45641.086    28.6264     8.6257      0.730    6.78271     8.6425    22.1863   12.24962 7.0810e+01 0.0000e+00
        241 302.513681    0.01667     1.0000     60.000      0.747  45646.614    28.6313     8.6338      0.740    6.78125     8.6503    22.1890   12.24714 7.0928e+01 0.0000e+00
        242 302.513683    0.01674     1.0042     60.250      0.757  45637.474    28.6261     8.6425      0.750    6.78014     8.6559    22.1837   12.24536 7.0892e+01 0.0000e+00
        243 302.513686    0.01681     1.0083     60.500      0.764  45611.448    28.6091     8.6504      0.757    6.77968     8.6584    22.1692   12.24481 7.0943e+01 0.0000e+00
        244 302.513689    0.01688     1.0125     60.750      0.766  45573.884    28.5838     8.6559      0.759    6.77994     8.6576    22.1487   12.24556 7.1219e+01 0.0000e+00
        245 302.513692    0.01694     1.0167     61.000      0.762  45536.614    28.5583     8.6585      0.755    6.78068     8.6534    22.1284   12.24710 7.1464e+01 0.0000e+00
        246 302.513695    0.01701     1.0208     61.250      0.755  45510.630    28.5402     8.6577      0.748    6.78159     8.6464    22.1143   12.24883 7.1620e+01 0.0000e+00
        247 302.513698    0.01708     1.0250     61.500      0.745  45503.248    28.5345     8.6535      0.738    6.78248     8.6386    22.1105   12.25039 7.1996e+01 0.0000e+00
        248 302.513701    0.01715     1.0292     61.750      0.737  45516.133    28.5426     8.6465      0.730    6.78320     8.6320    22.1178   12.25148 7.2571e+01 0.0000e+00
        249 302.513704    0.01722     1.0333     62.000      0.733  45542.481    28.5598     8.6387      0.726    6.78364     8.6278    22.1323   12.25200 7.3151e+01 0.0000e+00
        250 302.513707    0.01729     1.0375     62.250      0.731  45571.450    28.5790     8.6321      0.724    6.78381     8.6264    22.1483   12.25203 7.3664e+01 0.0000e+00
        251 302.513709    0.01736     1.0417     62.500      0.731  45595.985    28.5955     8.6279      0.724    6.78372     8.6275    22.1617   12.25168 7.3753e+01 0.0000e+00
        252 302.513712    0.01743     1.0458     62.750      0.731  45614.260    28.6079     8.6265      0.724    6.78339     8.6305    22.1717   12.25098 7.3402e+01 0.0000e+00
        253 302.513715    0.01750     1.0500     63.000      0.732  45626.563    28.6166     8.6276      0.725    6.78284     8.6347    22.1783   12.24996 7.3151e+01 0.0000e+00
        254 302.513718    0.01757     1.0542     63.250      0.733  45633.335    28.6217     8.6306      0.726    6.78216     8.6395    22.1819   12.24877 7.3265e+01 0.0000e+00
        255 302.513721    0.01764     1.0583     63.500      0.735  45634.013    28.6227     8.6348      0.729    6.78147     8.6443    22.1821   12.24762 7.3674e+01 0.0000e+00
        256 302.513724    0.01771     1.0625     63.750      0.738  45627.351    28.6187     8.6396      0.732    6.78091     8.6482    22.1783   12.24673 7.4191e+01 0.0000e+00
        257 302.513727    0.01778     1.0667     64.000      0.741  45613.923    28.6100     8.6444      0.734    6.78056     8.6508    22.1708   12.24625 7.4498e+01 0.0000e+00
        258 302.513730    0.01785     1.0708     64.250      0.743  45597.939    28.5995     8.6483      0.736    6.78042     8.6525    22.1620   12.24617 7.4369e+01 0.0000e+00
        259 302.513733    0.01792     1.0750     64.500      0.744  45584.910    28.5908     8.6509      0.738    6.78040     8.6538    22.1548   12.24624 7.4054e+01 0.0000e+00
        260 302.513736    0.01799     1.0792     64.750      0.745  45577.405    28.5858     8.6526      0.738    6.78036     8.6551    22.1507   12.24624 7.3915e+01 0.0000e+00
        261 302.513738    0.01806     1.0833     65.000      0.746  45573.729    28.5834     8.6539      0.739    6.78027     8.6562    22.1486   12.24611 7.3989e+01 0.0000e+00
        262 302.513741    0.01812     1.0875     65.250      0.748  45569.406    28.5806     8.6551      0.741    6.78020     8.6568    22.1463   12.24604 7.4257e+01 0.0000e+00
        263 302.513744    0.01819     1.0917     65.500      0.749  45560.450    28.5746     8.6562      0.742    6.78030     8.6564    22.1414   12.24627 7.4751e+01 0.0000e+00
        264 302.513747    0.01826     1.0958     65.750      0.748  45547.545    28.5657     8.6568      0.741    6.78060     8.6550    22.1343   12.24688 7.5276e+01 0.0000e+00
        265 302.513750    0.01833     1.1000     66.000      0.745  45536.197    28.5578     8.6565      0.738    6.78100     8.6525    22.1282   12.24764 7.5424e+01 0.0000e+00
        266 302.513753    0.01840     1.1042     66.250      0.740  45531.959    28.5547     8.6551      0.733    6.78135     8.6494    22.1260   12.24826 7.5212e+01 0.0000e+00
        267 302.513756    0.01847     1.1083     66.500      0.734  45537.777    28.5584     8.6526      0.727    6.78157     8.6467    22.1292   12.24858 7.5022e+01 0.0000e+00
        268 302.513759    0.01854     1.1125     66.750      0.729  45553.438    28.5688     8.6495      0.722    6.78160     8.6458    22.1378   12.24849 7.4977e+01 0.0000e+00
        269 302.513762    0.01861     1.1167     67.000      0.727  45574.950    28.5834     8.6468      0.720    6.78136     8.6471    22.1496   12.24792 7.5072e+01 0.0000e+00
        270 302.513764    0.01868     1.1208     67.250      0.728  45596.343    28.5981     8.6459      0.721    6.78085     8.6503    22.1612   12.24690 7.5365e+01 0.0000e+00
        271 302.513767    0.01875     1.1250     67.500      0.733  45611.940    28.6091     8.6472      0.726    6.78017     8.6544    22.1696   12.24563 7.5739e+01 0.0000e+00
