CTD-processing/allCTD/CNV--turbid/2013_10-29_t9_s07_cast119.cnv
* Sea-Bird SBE19plus Data File:
* FileName = C:\Users\kris.holderied\Documents\kasitsna\Research-Projects-and-Data\Oceanography-AK\CTD-CookInlet-GulfWatchAK\2013-10-11-EVOSTC-CookInlet-Ocean\2013-10-29-CookInlet-Tran9-HomerSpit\2013-10-29-CookInlet-Tran9-cast119.hex
* Software Version 1.59
* Temperature SN =  5028
* Conductivity SN =  5028
* System UpLoad Time = Feb 14 2014 21:18:17
** Cook Inlet Transect 9 (Homer Spit) south to north
** Date: 2013-10-29
** Station: 9-07
** Start time: 10:26
** Depth (m): 98
** Comment:  CTD instrument time is AK Daylight time
** Comment:
# nquan = 16
# nvalues = 1104                        
# units = specified
# name 0 = scan: Scan Count
# name 1 = timeJ: Julian Days
# name 2 = timeH: Time, Elapsed [hours]
# name 3 = timeM: Time, Elapsed [minutes]
# name 4 = timeS: Time, Elapsed [seconds]
# name 5 = prdM: Pressure, Strain Gauge [db]
# name 6 = specc: Specific Conductance [uS/cm]
# name 7 = sal00: Salinity, Practical [PSU]
# name 8 = tv290C: Temperature [ITS-90, deg C]
# name 9 = depSM: Depth [salt water, m], lat = 59.00
# name 10 = oxsolML/L: Oxygen Saturation, Garcia & Gordon [ml/l]
# name 11 = potemp090C: Potential Temperature [ITS-90, deg C]
# name 12 = sigma-é00: Density [sigma-theta, kg/m^3]
# name 13 = n2satML/L: Nitrogen Saturation [ml/l]
# name 14 = par: PAR/Irradiance, Biospherical/Licor
# name 15 = flag:  0.000e+00
# span 0 =          1,       1104       
# span 1 = 302.435799, 302.438990       
# span 2 =    0.00000,    0.07660       
# span 3 =     0.0000,     4.5958       
# span 4 =      0.000,    275.750       
# span 5 =     -0.173,     98.066       
# span 6 =    368.007,  48421.644       
# span 7 =     0.1711,    30.5479       
# span 8 =     6.8559,     8.8558       
# span 9 =     -0.172,     97.127       
# span 10 =    6.66907,    8.51487      
# span 11 =     6.8559,     8.8498      
# span 12 =     0.0471,    23.6621      
# span 13 =   12.03766,   15.54426      
# span 14 = 4.4319e-02, 5.8383e+01      
# span 15 = 0.0000e+00, 0.0000e+00      
# interval = seconds: 0.25
# start_time = Oct 29 2013 10:27:33 [Instrument's time stamp, header]
# bad_flag = -9.990e-29
*END*
[from data line 633]
        634 302.437630    0.04396     2.6375    158.250     42.906  48028.093    30.2989     8.8415     42.500    6.67717     8.8388    23.4637   12.05408 6.5821e-02 0.0000e+00
        635 302.437633    0.04403     2.6417    158.500     43.035  48035.191    30.3040     8.8424     42.628    6.67681     8.8394    23.4675   12.05342 6.5452e-02 0.0000e+00
        636 302.437636    0.04410     2.6458    158.750     43.163  48041.396    30.3083     8.8431     42.755    6.67652     8.8399    23.4709   12.05289 6.5098e-02 0.0000e+00
        637 302.437639    0.04417     2.6500    159.000     43.290  48046.893    30.3122     8.8437     42.881    6.67627     8.8402    23.4738   12.05243 6.4751e-02 0.0000e+00
        638 302.437642    0.04424     2.6542    159.250     43.416  48051.431    30.3153     8.8442     43.006    6.67605     8.8403    23.4762   12.05204 6.4414e-02 0.0000e+00
        639 302.437645    0.04431     2.6583    159.500     43.540  48054.795    30.3177     8.8446     43.129    6.67589     8.8401    23.4780   12.05174 6.4089e-02 0.0000e+00
        640 302.437648    0.04437     2.6625    159.750     43.661  48057.237    30.3194     8.8447     43.248    6.67580     8.8395    23.4793   12.05157 6.3780e-02 0.0000e+00
        641 302.437650    0.04444     2.6667    160.000     43.779  48059.149    30.3206     8.8444     43.365    6.67579     8.8386    23.4803   12.05153 6.3490e-02 0.0000e+00
        642 302.437653    0.04451     2.6708    160.250     43.895  48060.697    30.3216     8.8438     43.480    6.67584     8.8376    23.4811   12.05160 6.3215e-02 0.0000e+00
        643 302.437656    0.04458     2.6750    160.500     44.010  48061.912    30.3222     8.8430     43.594    6.67593     8.8365    23.4818   12.05175 6.2952e-02 0.0000e+00
        644 302.437659    0.04465     2.6792    160.750     44.124  48063.006    30.3228     8.8419     43.707    6.67606     8.8355    23.4824   12.05196 6.2695e-02 0.0000e+00
        645 302.437662    0.04472     2.6833    161.000     44.238  48064.194    30.3235     8.8409     43.820    6.67619     8.8345    23.4830   12.05217 6.2438e-02 0.0000e+00
        646 302.437665    0.04479     2.6875    161.250     44.354  48065.398    30.3241     8.8399     43.935    6.67632     8.8337    23.4837   12.05237 6.2174e-02 0.0000e+00
        647 302.437668    0.04486     2.6917    161.500     44.472  48066.518    30.3247     8.8389     44.052    6.67643     8.8329    23.4843   12.05254 6.1901e-02 0.0000e+00
        648 302.437671    0.04493     2.6958    161.750     44.592  48067.626    30.3253     8.8381     44.171    6.67653     8.8323    23.4849   12.05270 6.1626e-02 0.0000e+00
        649 302.437674    0.04500     2.7000    162.000     44.715  48068.774    30.3260     8.8374     44.292    6.67661     8.8318    23.4856   12.05283 6.1349e-02 0.0000e+00
        650 302.437677    0.04507     2.7042    162.250     44.841  48069.912    30.3266     8.8368     44.417    6.67667     8.8315    23.4862   12.05292 6.1068e-02 0.0000e+00
        651 302.437679    0.04514     2.7083    162.500     44.970  48070.963    30.3272     8.8363     44.544    6.67671     8.8312    23.4867   12.05298 6.0783e-02 0.0000e+00
        652 302.437682    0.04521     2.7125    162.750     45.101  48071.888    30.3278     8.8360     44.675    6.67674     8.8309    23.4872   12.05302 6.0494e-02 0.0000e+00
        653 302.437685    0.04528     2.7167    163.000     45.234  48072.692    30.3282     8.8357     44.806    6.67676     8.8307    23.4876   12.05306 6.0201e-02 0.0000e+00
        654 302.437688    0.04535     2.7208    163.250     45.368  48073.431    30.3287     8.8354     44.938    6.67678     8.8304    23.4879   12.05308 5.9914e-02 0.0000e+00
        655 302.437691    0.04542     2.7250    163.500     45.500  48074.115    30.3291     8.8352     45.070    6.67680     8.8302    23.4883   12.05310 5.9644e-02 0.0000e+00
        656 302.437694    0.04549     2.7292    163.750     45.631  48074.717    30.3294     8.8350     45.200    6.67682     8.8300    23.4886   12.05313 5.9395e-02 0.0000e+00
        657 302.437697    0.04556     2.7333    164.000     45.760  48075.242    30.3297     8.8348     45.328    6.67684     8.8297    23.4888   12.05316 5.9156e-02 0.0000e+00
        658 302.437700    0.04562     2.7375    164.250     45.887  48075.721    30.3299     8.8346     45.454    6.67686     8.8295    23.4891   12.05319 5.8918e-02 0.0000e+00
        659 302.437703    0.04569     2.7417    164.500     46.011  48076.216    30.3302     8.8344     45.576    6.67688     8.8293    23.4893   12.05323 5.8679e-02 0.0000e+00
        660 302.437705    0.04576     2.7458    164.750     46.132  48076.745    30.3305     8.8342     45.695    6.67690     8.8291    23.4896   12.05325 5.8441e-02 0.0000e+00
        661 302.437708    0.04583     2.7500    165.000     46.249  48077.276    30.3308     8.8340     45.811    6.67691     8.8289    23.4898   12.05327 5.8215e-02 0.0000e+00
        662 302.437711    0.04590     2.7542    165.250     46.363  48077.871    30.3311     8.8338     45.924    6.67692     8.8287    23.4901   12.05329 5.8011e-02 0.0000e+00
        663 302.437714    0.04597     2.7583    165.500     46.475  48078.633    30.3316     8.8336     46.035    6.67694     8.8284    23.4905   12.05330 5.7822e-02 0.0000e+00
        664 302.437717    0.04604     2.7625    165.750     46.586  48079.536    30.3321     8.8333     46.145    6.67695     8.8280    23.4910   12.05332 5.7636e-02 0.0000e+00
        665 302.437720    0.04611     2.7667    166.000     46.697  48080.487    30.3327     8.8330     46.255    6.67697     8.8277    23.4915   12.05335 5.7454e-02 0.0000e+00
        666 302.437723    0.04618     2.7708    166.250     46.808  48081.421    30.3333     8.8327     46.365    6.67699     8.8274    23.4920   12.05338 5.7278e-02 0.0000e+00
        667 302.437726    0.04625     2.7750    166.500     46.919  48082.285    30.3338     8.8324     46.475    6.67702     8.8272    23.4924   12.05341 5.7101e-02 0.0000e+00
        668 302.437729    0.04632     2.7792    166.750     47.033  48083.108    30.3343     8.8321     46.587    6.67704     8.8270    23.4929   12.05344 5.6915e-02 0.0000e+00
        669 302.437731    0.04639     2.7833    167.000     47.149  48083.951    30.3348     8.8318     46.702    6.67705     8.8269    23.4933   12.05345 5.6721e-02 0.0000e+00
        670 302.437734    0.04646     2.7875    167.250     47.268  48084.794    30.3353     8.8317     46.821    6.67705     8.8268    23.4937   12.05345 5.6525e-02 0.0000e+00
        671 302.437737    0.04653     2.7917    167.500     47.392  48085.558    30.3358     8.8316     46.944    6.67704     8.8268    23.4941   12.05343 5.6328e-02 0.0000e+00
        672 302.437740    0.04660     2.7958    167.750     47.519  48086.177    30.3361     8.8316     47.069    6.67704     8.8269    23.4944   12.05341 5.6131e-02 0.0000e+00
        673 302.437743    0.04667     2.8000    168.000     47.647  48086.653    30.3364     8.8316     47.196    6.67703     8.8269    23.4946   12.05339 5.5936e-02 0.0000e+00
        674 302.437746    0.04674     2.8042    168.250     47.777  48087.046    30.3366     8.8316     47.325    6.67701     8.8270    23.4948   12.05336 5.5750e-02 0.0000e+00
        675 302.437749    0.04681     2.8083    168.500     47.907  48087.407    30.3368     8.8317     47.454    6.67699     8.8271    23.4949   12.05332 5.5567e-02 0.0000e+00
        676 302.437752    0.04688     2.8125    168.750     48.037  48087.737    30.3370     8.8318     47.582    6.67697     8.8271    23.4951   12.05328 5.5391e-02 0.0000e+00
        677 302.437755    0.04694     2.8167    169.000     48.165  48088.047    30.3372     8.8319     47.709    6.67695     8.8272    23.4952   12.05325 5.5226e-02 0.0000e+00
        678 302.437758    0.04701     2.8208    169.250     48.290  48088.387    30.3374     8.8319     47.833    6.67693     8.8273    23.4954   12.05321 5.5064e-02 0.0000e+00
        679 302.437760    0.04708     2.8250    169.500     48.413  48088.772    30.3376     8.8320     47.955    6.67690     8.8275    23.4955   12.05317 5.4897e-02 0.0000e+00
        680 302.437763    0.04715     2.8292    169.750     48.534  48089.154    30.3378     8.8322     48.074    6.67687     8.8276    23.4957   12.05312 5.4734e-02 0.0000e+00
        681 302.437766    0.04722     2.8333    170.000     48.651  48089.463    30.3380     8.8323     48.191    6.67684     8.8277    23.4958   12.05307 5.4575e-02 0.0000e+00
        682 302.437769    0.04729     2.8375    170.250     48.768  48089.703    30.3382     8.8324     48.306    6.67682     8.8278    23.4959   12.05302 5.4421e-02 0.0000e+00
        683 302.437772    0.04736     2.8417    170.500     48.883  48089.962    30.3383     8.8325     48.421    6.67679     8.8279    23.4960   12.05298 5.4279e-02 0.0000e+00
        684 302.437775    0.04743     2.8458    170.750     48.998  48090.324    30.3385     8.8326     48.534    6.67677     8.8280    23.4962   12.05293 5.4143e-02 0.0000e+00
        685 302.437778    0.04750     2.8500    171.000     49.112  48090.797    30.3388     8.8327     48.647    6.67674     8.8281    23.4964   12.05288 5.4003e-02 0.0000e+00
        686 302.437781    0.04757     2.8542    171.250     49.226  48091.351    30.3392     8.8329     48.760    6.67670     8.8283    23.4966   12.05282 5.3850e-02 0.0000e+00
        687 302.437784    0.04764     2.8583    171.500     49.340  48092.012    30.3397     8.8330     48.873    6.67666     8.8285    23.4970   12.05275 5.3687e-02 0.0000e+00
        688 302.437786    0.04771     2.8625    171.750     49.455  48092.881    30.3402     8.8332     48.987    6.67661     8.8289    23.4974   12.05266 5.3537e-02 0.0000e+00
        689 302.437789    0.04778     2.8667    172.000     49.571  48094.074    30.3410     8.8335     49.102    6.67654     8.8293    23.4980   12.05253 5.3412e-02 0.0000e+00
        690 302.437792    0.04785     2.8708    172.250     49.689  48095.540    30.3421     8.8338     49.219    6.67645     8.8299    23.4988   12.05236 5.3297e-02 0.0000e+00
        691 302.437795    0.04792     2.8750    172.500     49.808  48097.010    30.3431     8.8343     49.337    6.67633     8.8305    23.4995   12.05215 5.3182e-02 0.0000e+00
        692 302.437798    0.04799     2.8792    172.750     49.928  48098.218    30.3440     8.8349     49.456    6.67620     8.8311    23.5001   12.05193 5.3062e-02 0.0000e+00
        693 302.437801    0.04806     2.8833    173.000     50.050  48099.116    30.3446     8.8355     49.576    6.67608     8.8317    23.5005   12.05172 5.2928e-02 0.0000e+00
        694 302.437804    0.04813     2.8875    173.250     50.172  48099.895    30.3452     8.8361     49.697    6.67596     8.8323    23.5009   12.05152 5.2791e-02 0.0000e+00
        695 302.437807    0.04819     2.8917    173.500     50.296  48100.683    30.3458     8.8367     49.820    6.67584     8.8329    23.5012   12.05132 5.2658e-02 0.0000e+00
        696 302.437810    0.04826     2.8958    173.750     50.420  48101.401    30.3464     8.8373     49.943    6.67573     8.8334    23.5016   12.05113 5.2525e-02 0.0000e+00
        697 302.437813    0.04833     2.9000    174.000     50.545  48101.937    30.3468     8.8379     50.067    6.67563     8.8339    23.5018   12.05095 5.2389e-02 0.0000e+00
        698 302.437815    0.04840     2.9042    174.250     50.670  48102.237    30.3470     8.8385     50.190    6.67554     8.8343    23.5019   12.05080 5.2255e-02 0.0000e+00
        699 302.437818    0.04847     2.9083    174.500     50.795  48102.248    30.3470     8.8390     50.314    6.67546     8.8346    23.5018   12.05067 5.2130e-02 0.0000e+00
        700 302.437821    0.04854     2.9125    174.750     50.919  48102.069    30.3469     8.8394     50.437    6.67541     8.8348    23.5017   12.05058 5.2013e-02 0.0000e+00
        701 302.437824    0.04861     2.9167    175.000     51.043  48102.038    30.3468     8.8397     50.560    6.67536     8.8350    23.5016   12.05051 5.1895e-02 0.0000e+00
        702 302.437827    0.04868     2.9208    175.250     51.168  48102.302    30.3470     8.8399     50.683    6.67533     8.8352    23.5017   12.05044 5.1781e-02 0.0000e+00
        703 302.437830    0.04875     2.9250    175.500     51.292  48102.750    30.3473     8.8401     50.806    6.67529     8.8354    23.5019   12.05037 5.1671e-02 0.0000e+00
        704 302.437833    0.04882     2.9292    175.750     51.414  48103.250    30.3476     8.8403     50.927    6.67524     8.8357    23.5021   12.05029 5.1565e-02 0.0000e+00
        705 302.437836    0.04889     2.9333    176.000     51.534  48103.635    30.3479     8.8405     51.046    6.67519     8.8360    23.5023   12.05021 5.1461e-02 0.0000e+00
        706 302.437839    0.04896     2.9375    176.250     51.652  48103.895    30.3481     8.8408     51.163    6.67514     8.8362    23.5024   12.05012 5.1359e-02 0.0000e+00
        707 302.437841    0.04903     2.9417    176.500     51.770  48104.094    30.3482     8.8411     51.279    6.67509     8.8365    23.5025   12.05004 5.1249e-02 0.0000e+00
        708 302.437844    0.04910     2.9458    176.750     51.887  48104.217    30.3483     8.8414     51.395    6.67505     8.8366    23.5025   12.04996 5.1130e-02 0.0000e+00
        709 302.437847    0.04917     2.9500    177.000     52.005  48104.404    30.3484     8.8416     51.512    6.67501     8.8368    23.5025   12.04990 5.1018e-02 0.0000e+00
        710 302.437850    0.04924     2.9542    177.250     52.122  48104.833    30.3487     8.8418     51.628    6.67497     8.8371    23.5027   12.04983 5.0917e-02 0.0000e+00
        711 302.437853    0.04931     2.9583    177.500     52.240  48105.532    30.3491     8.8420     51.745    6.67492     8.8374    23.5030   12.04974 5.0817e-02 0.0000e+00
        712 302.437856    0.04938     2.9625    177.750     52.359  48106.429    30.3497     8.8423     51.863    6.67485     8.8378    23.5035   12.04962 5.0712e-02 0.0000e+00
        713 302.437859    0.04944     2.9667    178.000     52.479  48107.385    30.3504     8.8426     51.981    6.67477     8.8382    23.5040   12.04949 5.0609e-02 0.0000e+00
        714 302.437862    0.04951     2.9708    178.250     52.600  48108.206    30.3510     8.8430     52.101    6.67469     8.8386    23.5044   12.04934 5.0511e-02 0.0000e+00
        715 302.437865    0.04958     2.9750    178.500     52.721  48108.808    30.3514     8.8434     52.221    6.67460     8.8389    23.5046   12.04919 5.0421e-02 0.0000e+00
        716 302.437867    0.04965     2.9792    178.750     52.842  48109.249    30.3517     8.8438     52.341    6.67453     8.8391    23.5048   12.04907 5.0343e-02 0.0000e+00
        717 302.437870    0.04972     2.9833    179.000     52.963  48109.564    30.3519     8.8442     52.460    6.67448     8.8393    23.5050   12.04897 5.0267e-02 0.0000e+00
        718 302.437873    0.04979     2.9875    179.250     53.081  48109.819    30.3521     8.8444     52.578    6.67443     8.8394    23.5051   12.04889 5.0178e-02 0.0000e+00
        719 302.437876    0.04986     2.9917    179.500     53.198  48110.109    30.3523     8.8446     52.694    6.67439     8.8395    23.5052   12.04883 5.0081e-02 0.0000e+00
        720 302.437879    0.04993     2.9958    179.750     53.314  48110.493    30.3525     8.8447     52.809    6.67436     8.8396    23.5053   12.04878 4.9978e-02 0.0000e+00
        721 302.437882    0.05000     3.0000    180.000     53.430  48110.970    30.3528     8.8449     52.924    6.67433     8.8397    23.5056   12.04873 4.9875e-02 0.0000e+00
        722 302.437885    0.05007     3.0042    180.250     53.546  48111.506    30.3531     8.8450     53.038    6.67431     8.8398    23.5058   12.04868 4.9778e-02 0.0000e+00
        723 302.437888    0.05014     3.0083    180.500     53.662  48112.085    30.3535     8.8450     53.153    6.67428     8.8399    23.5061   12.04862 4.9688e-02 0.0000e+00
