CTD-processing/allCTD/CNV--turbid/2013_10-29_t9_s10_cast122.cnv
* Sea-Bird SBE19plus Data File:
* FileName = C:\Users\kris.holderied\Documents\kasitsna\Research-Projects-and-Data\Oceanography-AK\CTD-CookInlet-GulfWatchAK\2013-10-11-EVOSTC-CookInlet-Ocean\2013-10-29-CookInlet-Tran9-HomerSpit\2013-10-29-CookInlet-Tran9-cast122.hex
* Software Version 1.59
* Temperature SN =  5028
* Conductivity SN =  5028
* System UpLoad Time = Feb 14 2014 21:21:07
** Cook Inlet Transect 9 (Homer Spit) south to north
** Date: 2013-10-29
** Station: 9-10
** Start time: 10:51
** Depth (m): 63
** Comment:  CTD instrument time is AK Daylight time
** Comment:
# nquan = 16
# nvalues = 737                         
# units = specified
# name 0 = scan: Scan Count
# name 1 = timeJ: Julian Days
# name 2 = timeH: Time, Elapsed [hours]
# name 3 = timeM: Time, Elapsed [minutes]
# name 4 = timeS: Time, Elapsed [seconds]
# name 5 = prdM: Pressure, Strain Gauge [db]
# name 6 = specc: Specific Conductance [uS/cm]
# name 7 = sal00: Salinity, Practical [PSU]
# name 8 = tv290C: Temperature [ITS-90, deg C]
# name 9 = depSM: Depth [salt water, m], lat = 59.00
# name 10 = oxsolML/L: Oxygen Saturation, Garcia & Gordon [ml/l]
# name 11 = potemp090C: Potential Temperature [ITS-90, deg C]
# name 12 = sigma-é00: Density [sigma-theta, kg/m^3]
# name 13 = n2satML/L: Nitrogen Saturation [ml/l]
# name 14 = par: PAR/Irradiance, Biospherical/Licor
# name 15 = flag:  0.000e+00
# span 0 =          1,        737       
# span 1 = 302.452894, 302.455023       
# span 2 =    0.00000,    0.05111       
# span 3 =     0.0000,     3.0667       
# span 4 =      0.000,    184.000       
# span 5 =     -0.176,     62.769       
# span 6 =   1172.501,  48225.583       
# span 7 =     0.5713,    30.4298       
# span 8 =     7.2215,     8.8942       
# span 9 =     -0.175,     62.172       
# span 10 =    6.66675,    8.32975      
# span 11 =     7.2214,     8.8906      
# span 12 =     0.3186,    23.5650      
# span 13 =   12.03607,   15.22346      
# span 14 = 4.6919e-02, 5.2044e+01      
# span 15 = 0.0000e+00, 0.0000e+00      
# interval = seconds: 0.25
# start_time = Oct 29 2013 10:52:10 [Instrument's time stamp, header]
# bad_flag = -9.990e-29
*END*
[from data line 181]
        182 302.453417    0.01257     0.7542     45.250      0.692  45569.184    28.3845     7.2617      0.685    7.00856     7.2594    22.1798   12.62692 2.2539e+01 0.0000e+00
        183 302.453420    0.01264     0.7583     45.500      0.682  45569.374    28.3845     7.2606      0.675    7.00873     7.2583    22.1800   12.62721 2.3007e+01 0.0000e+00
        184 302.453423    0.01271     0.7625     45.750      0.678  45569.479    28.3844     7.2594      0.671    7.00892     7.2573    22.1800   12.62753 2.3139e+01 0.0000e+00
        185 302.453426    0.01278     0.7667     46.000      0.682  45570.085    28.3846     7.2583      0.676    7.00909     7.2566    22.1804   12.62781 2.2955e+01 0.0000e+00
        186 302.453429    0.01285     0.7708     46.250      0.694  45571.277    28.3853     7.2574      0.687    7.00922     7.2563    22.1810   12.62800 2.2717e+01 0.0000e+00
        187 302.453432    0.01292     0.7750     46.500      0.710  45572.363    28.3859     7.2567      0.704    7.00930     7.2562    22.1816   12.62813 2.2522e+01 0.0000e+00
        188 302.453435    0.01299     0.7792     46.750      0.728  45572.525    28.3860     7.2563      0.721    7.00936     7.2561    22.1817   12.62823 2.2320e+01 0.0000e+00
        189 302.453438    0.01306     0.7833     47.000      0.741  45571.623    28.3854     7.2563      0.734    7.00940     7.2559    22.1812   12.62831 2.2106e+01 0.0000e+00
        190 302.453440    0.01313     0.7875     47.250      0.747  45570.469    28.3846     7.2562      0.740    7.00944     7.2552    22.1806   12.62839 2.2109e+01 0.0000e+00
        191 302.453443    0.01319     0.7917     47.500      0.744  45570.042    28.3842     7.2560      0.737    7.00950     7.2541    22.1804   12.62848 2.2521e+01 0.0000e+00
        192 302.453446    0.01326     0.7958     47.750      0.731  45570.733    28.3846     7.2553      0.724    7.00958     7.2528    22.1808   12.62862 2.3128e+01 0.0000e+00
        193 302.453449    0.01333     0.8000     48.000      0.710  45572.420    28.3856     7.2542      0.704    7.00972     7.2515    22.1817   12.62883 2.3585e+01 0.0000e+00
        194 302.453452    0.01340     0.8042     48.250      0.686  45574.704    28.3870     7.2528      0.679    7.00988     7.2504    22.1829   12.62908 2.3867e+01 0.0000e+00
        195 302.453455    0.01347     0.8083     48.500      0.663  45577.239    28.3885     7.2515      0.657    7.01002     7.2499    22.1843   12.62930 2.4106e+01 0.0000e+00
        196 302.453458    0.01354     0.8125     48.750      0.649  45579.860    28.3902     7.2505      0.643    7.01011     7.2500    22.1857   12.62942 2.4270e+01 0.0000e+00
        197 302.453461    0.01361     0.8167     49.000      0.648  45582.012    28.3916     7.2499      0.642    7.01013     7.2512    22.1869   12.62945 2.4219e+01 0.0000e+00
        198 302.453464    0.01368     0.8208     49.250      0.659  45582.659    28.3920     7.2501      0.653    7.01009     7.2532    22.1872   12.62936 2.3902e+01 0.0000e+00
        199 302.453466    0.01375     0.8250     49.500      0.680  45581.120    28.3911     7.2512      0.673    7.00995     7.2555    22.1864   12.62914 2.3445e+01 0.0000e+00
        200 302.453469    0.01382     0.8292     49.750      0.703  45577.552    28.3890     7.2532      0.697    7.00972     7.2574    22.1845   12.62879 2.2979e+01 0.0000e+00
        201 302.453472    0.01389     0.8333     50.000      0.725  45572.854    28.3861     7.2556      0.718    7.00947     7.2584    22.1819   12.62842 2.2594e+01 0.0000e+00
        202 302.453475    0.01396     0.8375     50.250      0.740  45568.223    28.3832     7.2575      0.733    7.00930     7.2583    22.1794   12.62816 2.2404e+01 0.0000e+00
        203 302.453478    0.01403     0.8417     50.500      0.747  45564.732    28.3809     7.2585      0.740    7.00924     7.2569    22.1775   12.62809 2.2477e+01 0.0000e+00
        204 302.453481    0.01410     0.8458     50.750      0.746  45563.209    28.3798     7.2583      0.739    7.00931     7.2549    22.1766   12.62824 2.2732e+01 0.0000e+00
        205 302.453484    0.01417     0.8500     51.000      0.740  45563.875    28.3801     7.2570      0.732    7.00951     7.2526    22.1770   12.62856 2.2887e+01 0.0000e+00
        206 302.453487    0.01424     0.8542     51.250      0.729  45566.160    28.3814     7.2550      0.722    7.00979     7.2504    22.1783   12.62900 2.2826e+01 0.0000e+00
        207 302.453490    0.01431     0.8583     51.500      0.717  45569.196    28.3831     7.2527      0.710    7.01008     7.2485    22.1799   12.62947 2.2816e+01 0.0000e+00
        208 302.453492    0.01438     0.8625     51.750      0.704  45572.278    28.3849     7.2505      0.698    7.01036     7.2470    22.1816   12.62991 2.3002e+01 0.0000e+00
        209 302.453495    0.01444     0.8667     52.000      0.694  45574.981    28.3865     7.2486      0.687    7.01059     7.2460    22.1831   12.63028 2.3231e+01 0.0000e+00
        210 302.453498    0.01451     0.8708     52.250      0.685  45577.101    28.3877     7.2471      0.679    7.01077     7.2455    22.1843   12.63056 2.3476e+01 0.0000e+00
        211 302.453501    0.01458     0.8750     52.500      0.679  45578.482    28.3886     7.2461      0.673    7.01090     7.2454    22.1850   12.63075 2.3745e+01 0.0000e+00
        212 302.453504    0.01465     0.8792     52.750      0.674  45579.052    28.3889     7.2456      0.667    7.01096     7.2453    22.1853   12.63085 2.3818e+01 0.0000e+00
        213 302.453507    0.01472     0.8833     53.000      0.669  45579.108    28.3889     7.2455      0.662    7.01098     7.2449    22.1854   12.63089 2.3648e+01 0.0000e+00
        214 302.453510    0.01479     0.8875     53.250      0.665  45579.290    28.3890     7.2453      0.659    7.01101     7.2443    22.1855   12.63093 2.3494e+01 0.0000e+00
        215 302.453513    0.01486     0.8917     53.500      0.664  45579.943    28.3894     7.2449      0.658    7.01105     7.2438    22.1858   12.63100 2.3483e+01 0.0000e+00
        216 302.453516    0.01493     0.8958     53.750      0.667  45580.711    28.3899     7.2444      0.660    7.01112     7.2434    22.1862   12.63111 2.3518e+01 0.0000e+00
        217 302.453519    0.01500     0.9000     54.000      0.673  45581.027    28.3900     7.2438      0.667    7.01120     7.2431    22.1864   12.63124 2.3508e+01 0.0000e+00
        218 302.453521    0.01507     0.9042     54.250      0.682  45580.835    28.3898     7.2434      0.675    7.01128     7.2429    22.1863   12.63136 2.3454e+01 0.0000e+00
        219 302.453524    0.01514     0.9083     54.500      0.691  45580.540    28.3896     7.2432      0.684    7.01133     7.2426    22.1862   12.63145 2.3238e+01 0.0000e+00
        220 302.453527    0.01521     0.9125     54.750      0.700  45580.460    28.3895     7.2429      0.693    7.01137     7.2420    22.1861   12.63152 2.2816e+01 0.0000e+00
        221 302.453530    0.01528     0.9167     55.000      0.708  45580.704    28.3896     7.2426      0.701    7.01142     7.2412    22.1863   12.63160 2.2520e+01 0.0000e+00
        222 302.453533    0.01535     0.9208     55.250      0.715  45581.290    28.3899     7.2420      0.708    7.01150     7.2404    22.1866   12.63172 2.2531e+01 0.0000e+00
        223 302.453536    0.01542     0.9250     55.500      0.720  45582.074    28.3903     7.2413      0.714    7.01160     7.2397    22.1870   12.63189 2.2685e+01 0.0000e+00
        224 302.453539    0.01549     0.9292     55.750      0.722  45582.684    28.3906     7.2405      0.716    7.01172     7.2390    22.1873   12.63208 2.2878e+01 0.0000e+00
        225 302.453542    0.01556     0.9333     56.000      0.720  45582.697    28.3905     7.2398      0.713    7.01184     7.2383    22.1873   12.63229 2.3027e+01 0.0000e+00
        226 302.453545    0.01563     0.9375     56.250      0.713  45582.134    28.3900     7.2391      0.706    7.01198     7.2375    22.1870   12.63252 2.2999e+01 0.0000e+00
        227 302.453547    0.01569     0.9417     56.500      0.702  45581.421    28.3894     7.2384      0.695    7.01212     7.2367    22.1867   12.63276 2.2840e+01 0.0000e+00
        228 302.453550    0.01576     0.9458     56.750      0.689  45580.765    28.3888     7.2375      0.683    7.01228     7.2359    22.1863   12.63303 2.2743e+01 0.0000e+00
        229 302.453553    0.01583     0.9500     57.000      0.679  45580.059    28.3882     7.2367      0.673    7.01244     7.2353    22.1860   12.63331 2.2827e+01 0.0000e+00
        230 302.453556    0.01590     0.9542     57.250      0.674  45579.077    28.3875     7.2360      0.668    7.01260     7.2347    22.1854   12.63358 2.3048e+01 0.0000e+00
        231 302.453559    0.01597     0.9583     57.500      0.673  45577.623    28.3864     7.2353      0.666    7.01275     7.2342    22.1846   12.63385 2.3275e+01 0.0000e+00
        232 302.453562    0.01604     0.9625     57.750      0.672  45575.675    28.3849     7.2348      0.666    7.01291     7.2336    22.1836   12.63412 2.3438e+01 0.0000e+00
        233 302.453565    0.01611     0.9667     58.000      0.669  45573.487    28.3834     7.2343      0.662    7.01306     7.2327    22.1824   12.63439 2.3503e+01 0.0000e+00
        234 302.453568    0.01618     0.9708     58.250      0.661  45571.563    28.3820     7.2337      0.655    7.01322     7.2315    22.1814   12.63468 2.3527e+01 0.0000e+00
        235 302.453571    0.01625     0.9750     58.500      0.650  45570.452    28.3811     7.2328      0.644    7.01341     7.2301    22.1808   12.63501 2.3612e+01 0.0000e+00
        236 302.453573    0.01632     0.9792     58.750      0.640  45570.479    28.3809     7.2315      0.634    7.01363     7.2288    22.1808   12.63536 2.3637e+01 0.0000e+00
        237 302.453576    0.01639     0.9833     59.000      0.635  45571.437    28.3813     7.2301      0.630    7.01383     7.2278    22.1813   12.63570 2.3405e+01 0.0000e+00
        238 302.453579    0.01646     0.9875     59.250      0.639  45572.623    28.3819     7.2288      0.633    7.01401     7.2274    22.1820   12.63598 2.3065e+01 0.0000e+00
        239 302.453582    0.01653     0.9917     59.500      0.650  45573.346    28.3823     7.2279      0.644    7.01414     7.2272    22.1824   12.63620 2.2895e+01 0.0000e+00
        240 302.453585    0.01660     0.9958     59.750      0.665  45573.141    28.3821     7.2274      0.659    7.01423     7.2270    22.1823   12.63634 2.2822e+01 0.0000e+00
        241 302.453588    0.01667     1.0000     60.000      0.679  45571.952    28.3813     7.2273      0.673    7.01429     7.2264    22.1816   12.63646 2.2665e+01 0.0000e+00
        242 302.453591    0.01674     1.0042     60.250      0.688  45570.431    28.3802     7.2271      0.682    7.01437     7.2254    22.1808   12.63660 2.2481e+01 0.0000e+00
        243 302.453594    0.01681     1.0083     60.500      0.692  45569.372    28.3794     7.2265      0.685    7.01450     7.2241    22.1802   12.63683 2.2364e+01 0.0000e+00
        244 302.453597    0.01688     1.0125     60.750      0.690  45569.104    28.3790     7.2255      0.684    7.01469     7.2230    22.1801   12.63715 2.2365e+01 0.0000e+00
        245 302.453600    0.01694     1.0167     61.000      0.686  45569.589    28.3792     7.2242      0.680    7.01489     7.2222    22.1804   12.63748 2.2524e+01 0.0000e+00
        246 302.453602    0.01701     1.0208     61.250      0.683  45570.431    28.3796     7.2230      0.677    7.01506     7.2218    22.1809   12.63776 2.2748e+01 0.0000e+00
        247 302.453605    0.01708     1.0250     61.500      0.683  45570.738    28.3797     7.2222      0.677    7.01519     7.2219    22.1810   12.63797 2.2925e+01 0.0000e+00
        248 302.453608    0.01715     1.0292     61.750      0.686  45569.725    28.3789     7.2219      0.679    7.01527     7.2221    22.1805   12.63812 2.3010e+01 0.0000e+00
        249 302.453611    0.01722     1.0333     62.000      0.690  45567.504    28.3774     7.2220      0.683    7.01533     7.2223    22.1793   12.63824 2.3051e+01 0.0000e+00
        250 302.453614    0.01729     1.0375     62.250      0.692  45564.797    28.3755     7.2222      0.685    7.01538     7.2223    22.1778   12.63834 2.3118e+01 0.0000e+00
        251 302.453617    0.01736     1.0417     62.500      0.689  45562.301    28.3739     7.2224      0.683    7.01543     7.2221    22.1765   12.63845 2.3191e+01 0.0000e+00
        252 302.453620    0.01743     1.0458     62.750      0.682  45560.551    28.3727     7.2224      0.675    7.01549     7.2218    22.1755   12.63856 2.3190e+01 0.0000e+00
        253 302.453623    0.01750     1.0500     63.000      0.670  45559.869    28.3722     7.2222      0.663    7.01555     7.2215    22.1751   12.63866 2.3076e+01 0.0000e+00
        254 302.453626    0.01757     1.0542     63.250      0.656  45560.145    28.3723     7.2219      0.649    7.01559     7.2214    22.1753   12.63872 2.2977e+01 0.0000e+00
        255 302.453628    0.01764     1.0583     63.500      0.644  45560.931    28.3728     7.2216      0.638    7.01560     7.2215    22.1757   12.63874 2.3035e+01 0.0000e+00
        256 302.453631    0.01771     1.0625     63.750      0.640  45561.774    28.3734     7.2215      0.634    7.01559     7.2219    22.1762   12.63871 2.3160e+01 0.0000e+00
        257 302.453634    0.01778     1.0667     64.000      0.645  45562.311    28.3738     7.2216      0.639    7.01556     7.2225    22.1765   12.63865 2.3103e+01 0.0000e+00
        258 302.453637    0.01785     1.0708     64.250      0.657  45562.365    28.3739     7.2220      0.651    7.01550     7.2234    22.1765   12.63855 2.2794e+01 0.0000e+00
        259 302.453640    0.01792     1.0750     64.500      0.672  45561.867    28.3736     7.2226      0.665    7.01541     7.2244    22.1762   12.63841 2.2446e+01 0.0000e+00
        260 302.453643    0.01799     1.0792     64.750      0.684  45560.985    28.3731     7.2235      0.677    7.01529     7.2254    22.1757   12.63822 2.2352e+01 0.0000e+00
        261 302.453646    0.01806     1.0833     65.000      0.689  45560.319    28.3728     7.2245      0.682    7.01514     7.2261    22.1754   12.63797 2.2654e+01 0.0000e+00
        262 302.453649    0.01812     1.0875     65.250      0.684  45560.303    28.3729     7.2254      0.677    7.01498     7.2268    22.1753   12.63771 2.3188e+01 0.0000e+00
        263 302.453652    0.01819     1.0917     65.500      0.671  45560.928    28.3735     7.2262      0.665    7.01483     7.2275    22.1757   12.63746 2.3699e+01 0.0000e+00
        264 302.453655    0.01826     1.0958     65.750      0.654  45561.881    28.3743     7.2268      0.647    7.01469     7.2282    22.1762   12.63721 2.4144e+01 0.0000e+00
        265 302.453657    0.01833     1.1000     66.000      0.638  45562.790    28.3750     7.2275      0.631    7.01454     7.2287    22.1767   12.63696 2.4482e+01 0.0000e+00
        266 302.453660    0.01840     1.1042     66.250      0.628  45563.616    28.3756     7.2282      0.622    7.01440     7.2292    22.1771   12.63672 2.4531e+01 0.0000e+00
        267 302.453663    0.01847     1.1083     66.500      0.629  45564.441    28.3763     7.2287      0.623    7.01428     7.2296    22.1776   12.63650 2.4247e+01 0.0000e+00
        268 302.453666    0.01854     1.1125     66.750      0.640  45565.047    28.3768     7.2292      0.634    7.01418     7.2300    22.1779   12.63634 2.3861e+01 0.0000e+00
        269 302.453669    0.01861     1.1167     67.000      0.660  45565.012    28.3768     7.2296      0.654    7.01412     7.2307    22.1779   12.63623 2.3610e+01 0.0000e+00
        270 302.453672    0.01868     1.1208     67.250      0.682  45564.211    28.3763     7.2301      0.676    7.01406     7.2316    22.1774   12.63614 2.3459e+01 0.0000e+00
        271 302.453675    0.01875     1.1250     67.500      0.704  45562.897    28.3755     7.2307      0.698    7.01399     7.2328    22.1767   12.63604 2.3352e+01 0.0000e+00
