CTD-processing/allCTD/CNV--turbid/2013_11-06_t6_s24_cast148.cnv
* Sea-Bird SBE19plus Data File:
* FileName = C:\Users\kris.holderied\Documents\kasitsna\Research-Projects-and-Data\Oceanography-AK\CTD-CookInlet-GulfWatchAK\2013-10-11-EVOSTC-CookInlet-Ocean\2013-11-06-CookInlet-Tran6-Douglas\2013-11-06-CookInlet-Tran6-cast148.hex
* Software Version 1.59
* Temperature SN =  5028
* Conductivity SN =  5028
* System UpLoad Time = Feb 14 2014 17:27:43
** Cook Inlet Transect 6 (Douglas) east to west
** Date: 2013-11-06
** Station: 6-24
** Start time: 15:12
** Depth (m): 170
** Comment:  CTD instrument time is AK Daylight time *1 hour off*
** Comment:
# nquan = 16
# nvalues = 732                         
# units = specified
# name 0 = scan: Scan Count
# name 1 = timeJ: Julian Days
# name 2 = timeH: Time, Elapsed [hours]
# name 3 = timeM: Time, Elapsed [minutes]
# name 4 = timeS: Time, Elapsed [seconds]
# name 5 = prdM: Pressure, Strain Gauge [db]
# name 6 = specc: Specific Conductance [uS/cm]
# name 7 = sal00: Salinity, Practical [PSU]
# name 8 = tv290C: Temperature [ITS-90, deg C]
# name 9 = depSM: Depth [salt water, m], lat = 59.00
# name 10 = oxsolML/L: Oxygen Saturation, Garcia & Gordon [ml/l]
# name 11 = potemp090C: Potential Temperature [ITS-90, deg C]
# name 12 = sigma-é00: Density [sigma-theta, kg/m^3]
# name 13 = n2satML/L: Nitrogen Saturation [ml/l]
# name 14 = par: PAR/Irradiance, Biospherical/Licor
# name 15 = flag:  0.000e+00
# span 0 =          1,        732       
# span 1 = 310.675208, 310.677323       
# span 2 =    0.00000,    0.05076       
# span 3 =     0.0000,     3.0458       
# span 4 =      0.000,    182.750       
# span 5 =     -0.037,    166.648       
# span 6 =    442.594,  52234.351       
# span 7 =     0.2055,    32.7446       
# span 8 =     5.2363,     8.7045       
# span 9 =     -0.037,    165.024       
# span 10 =    6.65493,    8.86967      
# span 11 =     5.2369,     8.6977      
# span 12 =     0.1274,    25.7387      
# span 13 =   12.00470,   16.14031      
# span 14 = 3.9131e-02, 5.9593e+01      
# span 15 = 0.0000e+00, 0.0000e+00      
# interval = seconds: 0.25
# start_time = Nov 06 2013 16:12:18 [Instrument's time stamp, header]
# bad_flag = -9.990e-29
*END*
[from data line 272]
        273 310.675995    0.01889     1.1333     68.000      1.808  47475.348    29.7742     7.7543      1.791    6.86693     7.8776    23.2062   12.37483 2.2992e+01 0.0000e+00
        274 310.675998    0.01896     1.1375     68.250      1.750  47443.581    29.7624     7.8221      1.734    6.85680     7.9180    23.1878   12.35821 2.3680e+01 0.0000e+00
        275 310.676001    0.01903     1.1417     68.500      1.681  47403.747    29.7431     7.8777      1.665    6.84896     7.9454    23.1651   12.34546 2.4308e+01 0.0000e+00
        276 310.676004    0.01910     1.1458     68.750      1.607  47369.961    29.7258     7.9181      1.592    6.84341     7.9633    23.1460   12.33648 2.4864e+01 0.0000e+00
        277 310.676007    0.01917     1.1500     69.000      1.534  47345.443    29.7129     7.9455      1.520    6.83969     7.9748    23.1322   12.33048 2.5358e+01 0.0000e+00
        278 310.676010    0.01924     1.1542     69.250      1.470  47329.077    29.7042     7.9635      1.456    6.83727     7.9820    23.1230   12.32659 2.5750e+01 0.0000e+00
        279 310.676013    0.01931     1.1583     69.500      1.420  47318.664    29.6988     7.9749      1.407    6.83573     7.9867    23.1171   12.32410 2.5921e+01 0.0000e+00
        280 310.676016    0.01938     1.1625     69.750      1.391  47312.234    29.6954     7.9822      1.379    6.83474     7.9897    23.1135   12.32250 2.5780e+01 0.0000e+00
        281 310.676019    0.01944     1.1667     70.000      1.386  47308.262    29.6933     7.9869      1.373    6.83410     7.9916    23.1112   12.32147 2.5293e+01 0.0000e+00
        282 310.676021    0.01951     1.1708     70.250      1.407  47305.822    29.6921     7.9898      1.393    6.83369     7.9930    23.1098   12.32081 2.4472e+01 0.0000e+00
        283 310.676024    0.01958     1.1750     70.500      1.453  47304.518    29.6914     7.9918      1.439    6.83342     7.9940    23.1091   12.32036 2.3424e+01 0.0000e+00
        284 310.676027    0.01965     1.1792     70.750      1.521  47303.999    29.6913     7.9931      1.506    6.83322     7.9948    23.1087   12.32004 2.2327e+01 0.0000e+00
        285 310.676030    0.01972     1.1833     71.000      1.606  47303.783    29.6912     7.9941      1.591    6.83306     7.9955    23.1086   12.31978 2.1381e+01 0.0000e+00
        286 310.676033    0.01979     1.1875     71.250      1.700  47303.552    29.6911     7.9949      1.685    6.83293     7.9960    23.1084   12.31957 2.0698e+01 0.0000e+00
        287 310.676036    0.01986     1.1917     71.500      1.796  47303.308    29.6910     7.9956      1.780    6.83283     7.9964    23.1082   12.31941 2.0226e+01 0.0000e+00
        288 310.676039    0.01993     1.1958     71.750      1.888  47303.148    29.6910     7.9961      1.870    6.83275     7.9967    23.1081   12.31927 1.9815e+01 0.0000e+00
        289 310.676042    0.02000     1.2000     72.000      1.974  47303.171    29.6910     7.9966      1.955    6.83268     7.9971    23.1081   12.31916 1.9323e+01 0.0000e+00
        290 310.676045    0.02007     1.2042     72.250      2.061  47303.613    29.6913     7.9969      2.042    6.83261     7.9976    23.1083   12.31904 1.8702e+01 0.0000e+00
        291 310.676047    0.02014     1.2083     72.500      2.164  47304.787    29.6922     7.9973      2.144    6.83252     7.9986    23.1089   12.31888 1.8006e+01 0.0000e+00
        292 310.676050    0.02021     1.2125     72.750      2.295  47306.675    29.6935     7.9979      2.274    6.83238     8.0000    23.1098   12.31862 1.7298e+01 0.0000e+00
        293 310.676053    0.02028     1.2167     73.000      2.466  47308.250    29.6947     7.9989      2.442    6.83217     8.0015    23.1106   12.31826 1.6567e+01 0.0000e+00
        294 310.676056    0.02035     1.2208     73.250      2.678  47308.684    29.6951     8.0003      2.653    6.83193     8.0030    23.1108   12.31785 1.5746e+01 0.0000e+00
        295 310.676059    0.02042     1.2250     73.500      2.932  47308.780    29.6952     8.0018      2.904    6.83169     8.0044    23.1107   12.31745 1.4791e+01 0.0000e+00
        296 310.676062    0.02049     1.2292     73.750      3.220  47309.269    29.6957     8.0033      3.189    6.83144     8.0059    23.1108   12.31704 1.3710e+01 0.0000e+00
        297 310.676065    0.02056     1.2333     74.000      3.536  47310.043    29.6963     8.0047      3.503    6.83119     8.0077    23.1111   12.31661 1.2563e+01 0.0000e+00
        298 310.676068    0.02063     1.2375     74.250      3.875  47311.225    29.6972     8.0063      3.839    6.83090     8.0100    23.1116   12.31613 1.1417e+01 0.0000e+00
        299 310.676071    0.02069     1.2417     74.500      4.237  47313.520    29.6989     8.0081      4.197    6.83054     8.0133    23.1127   12.31551 1.0320e+01 0.0000e+00
        300 310.676073    0.02076     1.2458     74.750      4.622  47318.185    29.7023     8.0104      4.579    6.83003     8.0187    23.1151   12.31462 9.3096e+00 0.0000e+00
        301 310.676076    0.02083     1.2500     75.000      5.032  47326.467    29.7084     8.0138      4.985    6.82924     8.0271    23.1194   12.31323 8.3990e+00 0.0000e+00
        302 310.676079    0.02090     1.2542     75.250      5.462  47338.798    29.7176     8.0192      5.411    6.82800     8.0396    23.1258   12.31106 7.5797e+00 0.0000e+00
        303 310.676082    0.02097     1.2583     75.500      5.909  47354.835    29.7297     8.0276      5.854    6.82614     8.0558    23.1342   12.30783 6.8489e+00 0.0000e+00
        304 310.676085    0.02104     1.2625     75.750      6.367  47370.141    29.7420     8.0401      6.307    6.82365     8.0741    23.1421   12.30356 6.2097e+00 0.0000e+00
        305 310.676088    0.02111     1.2667     76.000      6.827  47379.564    29.7507     8.0564      6.763    6.82074     8.0930    23.1467   12.29863 5.6594e+00 0.0000e+00
        306 310.676091    0.02118     1.2708     76.250      7.282  47384.831    29.7569     8.0748      7.214    6.81763     8.1118    23.1490   12.29340 5.1893e+00 0.0000e+00
        307 310.676094    0.02125     1.2750     76.500      7.727  47388.610    29.7621     8.0937      7.654    6.81446     8.1297    23.1504   12.28809 4.7862e+00 0.0000e+00
        308 310.676097    0.02132     1.2792     76.750      8.160  47390.694    29.7661     8.1125      8.083    6.81137     8.1459    23.1510   12.28292 4.4341e+00 0.0000e+00
        309 310.676100    0.02139     1.2833     77.000      8.582  47391.179    29.7689     8.1305      8.502    6.80847     8.1600    23.1506   12.27808 4.1186e+00 0.0000e+00
        310 310.676102    0.02146     1.2875     77.250      8.997  47391.563    29.7713     8.1468      8.912    6.80584     8.1719    23.1503   12.27370 3.8286e+00 0.0000e+00
        311 310.676105    0.02153     1.2917     77.500      9.407  47393.706    29.7747     8.1609      9.318    6.80351     8.1815    23.1510   12.26979 3.5572e+00 0.0000e+00
        312 310.676108    0.02160     1.2958     77.750      9.816  47397.651    29.7790     8.1728      9.724    6.80147     8.1886    23.1527   12.26637 3.3032e+00 0.0000e+00
        313 310.676111    0.02167     1.3000     78.000     10.228  47403.072    29.7840     8.1824     10.132    6.79977     8.1936    23.1552   12.26349 3.0680e+00 0.0000e+00
        314 310.676114    0.02174     1.3042     78.250     10.643  47411.238    29.7905     8.1895     10.543    6.79838     8.1972    23.1594   12.26111 2.8556e+00 0.0000e+00
        315 310.676117    0.02181     1.3083     78.500     11.063  47422.692    29.7990     8.1945     10.959    6.79723     8.2000    23.1653   12.25910 2.6570e+00 0.0000e+00
        316 310.676120    0.02187     1.3125     78.750     11.486  47435.389    29.8082     8.1983     11.378    6.79625     8.2022    23.1720   12.25736 2.4560e+00 0.0000e+00
        317 310.676123    0.02194     1.3167     79.000     11.908  47448.948    29.8179     8.2012     11.797    6.79538     8.2042    23.1792   12.25580 2.2604e+00 0.0000e+00
        318 310.676126    0.02201     1.3208     79.250     12.327  47464.293    29.8287     8.2034     12.211    6.79456     8.2056    23.1873   12.25430 2.0842e+00 0.0000e+00
        319 310.676128    0.02208     1.3250     79.500     12.740  47477.874    29.8382     8.2054     12.620    6.79383     8.2052    23.1945   12.25298 1.9289e+00 0.0000e+00
        320 310.676131    0.02215     1.3292     79.750     13.147  47485.487    29.8435     8.2069     13.023    6.79337     8.2021    23.1985   12.25215 1.7925e+00 0.0000e+00
        321 310.676134    0.02222     1.3333     80.000     13.547  47490.514    29.8468     8.2064     13.420    6.79330     8.1982    23.2011   12.25198 1.6720e+00 0.0000e+00
        322 310.676137    0.02229     1.3375     80.250     13.941  47501.607    29.8539     8.2034     13.811    6.79344     8.1964    23.2071   12.25214 1.5638e+00 0.0000e+00
        323 310.676140    0.02236     1.3417     80.500     14.333  47522.224    29.8675     8.1996     14.199    6.79344     8.1985    23.2183   12.25196 1.4646e+00 0.0000e+00
        324 310.676143    0.02243     1.3458     80.750     14.727  47548.917    29.8857     8.1977     14.589    6.79292     8.2052    23.2328   12.25088 1.3715e+00 0.0000e+00
        325 310.676146    0.02250     1.3500     81.000     15.128  47577.798    29.9059     8.1999     14.986    6.79170     8.2158    23.2483   12.24860 1.2824e+00 0.0000e+00
        326 310.676149    0.02257     1.3542     81.250     15.539  47606.430    29.9266     8.2066     15.393    6.78975     8.2289    23.2636   12.24511 1.1962e+00 0.0000e+00
        327 310.676152    0.02264     1.3583     81.500     15.965  47631.219    29.9452     8.2173     15.815    6.78728     8.2425    23.2767   12.24080 1.1125e+00 0.0000e+00
        328 310.676155    0.02271     1.3625     81.750     16.406  47649.990    29.9599     8.2304     16.252    6.78462     8.2564    23.2865   12.23620 1.0314e+00 0.0000e+00
        329 310.676157    0.02278     1.3667     82.000     16.861  47667.247    29.9737     8.2441     16.703    6.78190     8.2721    23.2953   12.23154 9.5358e-01 0.0000e+00
        330 310.676160    0.02285     1.3708     82.250     17.327  47689.915    29.9913     8.2580     17.164    6.77899     8.2908    23.3072   12.22650 8.7996e-01 0.0000e+00
        331 310.676163    0.02292     1.3750     82.500     17.796  47714.871    30.0108     8.2738     17.629    6.77571     8.3108    23.3202   12.22083 8.1172e-01 0.0000e+00
        332 310.676166    0.02299     1.3792     82.750     18.262  47732.135    30.0253     8.2925     18.091    6.77220     8.3300    23.3289   12.21485 7.4959e-01 0.0000e+00
        333 310.676169    0.02306     1.3833     83.000     18.719  47740.318    30.0337     8.3125     18.543    6.76876     8.3473    23.3327   12.20904 6.9391e-01 0.0000e+00
        334 310.676172    0.02313     1.3875     83.250     19.163  47743.591    30.0386     8.3318     18.983    6.76560     8.3627    23.3337   12.20375 6.4445e-01 0.0000e+00
        335 310.676175    0.02319     1.3917     83.500     19.591  47745.013    30.0419     8.3492     19.407    6.76280     8.3768    23.3339   12.19907 6.0047e-01 0.0000e+00
        336 310.676178    0.02326     1.3958     83.750     20.003  47748.031    30.0460     8.3646     19.815    6.76026     8.3907    23.3349   12.19481 5.6110e-01 0.0000e+00
        337 310.676181    0.02333     1.4000     84.000     20.402  47755.044    30.0528     8.3787     20.211    6.75780     8.4050    23.3382   12.19066 5.2547e-01 0.0000e+00
        338 310.676183    0.02340     1.4042     84.250     20.794  47764.253    30.0610     8.3926     20.599    6.75531     8.4196    23.3427   12.18643 4.9270e-01 0.0000e+00
        339 310.676186    0.02347     1.4083     84.500     21.183  47772.104    30.0684     8.4070     20.984    6.75279     8.4338    23.3464   12.18217 4.6212e-01 0.0000e+00
        340 310.676189    0.02354     1.4125     84.750     21.573  47777.589    30.0741     8.4217     21.371    6.75031     8.4468    23.3488   12.17799 4.3333e-01 0.0000e+00
        341 310.676192    0.02361     1.4167     85.000     21.970  47780.491    30.0780     8.4359     21.763    6.74798     8.4583    23.3498   12.17408 4.0602e-01 0.0000e+00
        342 310.676195    0.02368     1.4208     85.250     22.375  47781.947    30.0807     8.4490     22.165    6.74586     8.4683    23.3500   12.17055 3.8016e-01 0.0000e+00
        343 310.676198    0.02375     1.4250     85.500     22.788  47785.218    30.0845     8.4605     22.573    6.74395     8.4774    23.3513   12.16733 3.5585e-01 0.0000e+00
        344 310.676201    0.02382     1.4292     85.750     23.205  47792.717    30.0909     8.4705     22.986    6.74214     8.4864    23.3549   12.16425 3.3314e-01 0.0000e+00
        345 310.676204    0.02389     1.4333     86.000     23.622  47803.926    30.0999     8.4798     23.400    6.74035     8.4949    23.3606   12.16117 3.1211e-01 0.0000e+00
        346 310.676207    0.02396     1.4375     86.250     24.038  47814.818    30.1086     8.4887     23.812    6.73860     8.5025    23.3661   12.15817 2.9287e-01 0.0000e+00
        347 310.676209    0.02403     1.4417     86.500     24.451  47821.335    30.1142     8.4973     24.221    6.73705     8.5085    23.3693   12.15553 2.7540e-01 0.0000e+00
        348 310.676212    0.02410     1.4458     86.750     24.860  47823.554    30.1167     8.5049     24.626    6.73579     8.5129    23.3701   12.15341 2.5947e-01 0.0000e+00
        349 310.676215    0.02417     1.4500     87.000     25.266  47824.151    30.1178     8.5109     25.029    6.73482     8.5162    23.3701   12.15180 2.4492e-01 0.0000e+00
        350 310.676218    0.02424     1.4542     87.250     25.671  47824.991    30.1188     8.5154     25.429    6.73410     8.5186    23.3703   12.15059 2.3157e-01 0.0000e+00
        351 310.676221    0.02431     1.4583     87.500     26.076  47826.807    30.1203     8.5186     25.830    6.73354     8.5208    23.3710   12.14964 2.1911e-01 0.0000e+00
        352 310.676224    0.02438     1.4625     87.750     26.484  47830.306    30.1230     8.5211     26.235    6.73304     8.5231    23.3727   12.14879 2.0732e-01 0.0000e+00
        353 310.676227    0.02444     1.4667     88.000     26.899  47836.700    30.1276     8.5233     26.646    6.73251     8.5262    23.3760   12.14785 1.9610e-01 0.0000e+00
        354 310.676230    0.02451     1.4708     88.250     27.323  47847.688    30.1354     8.5257     27.065    6.73181     8.5309    23.3818   12.14660 1.8540e-01 0.0000e+00
        355 310.676233    0.02458     1.4750     88.500     27.755  47865.870    30.1483     8.5289     27.494    6.73077     8.5385    23.3915   12.14471 1.7518e-01 0.0000e+00
        356 310.676236    0.02465     1.4792     88.750     28.196  47895.630    30.1695     8.5337     27.931    6.72912     8.5504    23.4074   12.14172 1.6543e-01 0.0000e+00
        357 310.676238    0.02472     1.4833     89.000     28.643  47941.715    30.2026     8.5413     28.373    6.72653     8.5671    23.4322   12.13702 1.5623e-01 0.0000e+00
        358 310.676241    0.02479     1.4875     89.250     29.093  47996.523    30.2423     8.5532     28.819    6.72299     8.5864    23.4616   12.13066 1.4765e-01 0.0000e+00
        359 310.676244    0.02486     1.4917     89.500     29.540  48043.018    30.2769     8.5699     29.262    6.71896     8.6059    23.4862   12.12356 1.3971e-01 0.0000e+00
        360 310.676247    0.02493     1.4958     89.750     29.982  48078.033    30.3039     8.5893     29.699    6.71485     8.6242    23.5045   12.11643 1.3247e-01 0.0000e+00
        361 310.676250    0.02500     1.5000     90.000     30.413  48109.489    30.3285     8.6088     30.127    6.71084     8.6407    23.5209   12.10948 1.2592e-01 0.0000e+00
