CTD-processing/allCTD/CNV--turbid/2013_07-18_t7_s22_cast002.cnv
* Sea-Bird SBE19plus Data File:
* FileName = C:\Documents and Settings\kris.holderied.local\My Documents\2012-2013-CTD-DATA-new-files\2013-07-CookInlet-EVOSTC-LTM\2013-07-18-CookInlet-Tran7-Augustine\2013-07-18-CookInlet-Tran7-Augustine-cast002.hex
* Software Version 1.54
* Temperature SN =  5028
* Conductivity SN =  5028
* System UpLoad Time = Jul 18 2013 22:01:42
** Cook Inlet LTM Ocean - Tran7 Augustine Line, East to West
** Date: 2013-07-18
** Station:  7-22
** Start time (AKDT-24 hr): 12:47
** Depth (m): 74
** Comment:
** Comment:
# nquan = 16
# nvalues = 464                         
# units = specified
# name 0 = scan: Scan Count
# name 1 = timeJ: Julian Days
# name 2 = timeH: Time, Elapsed [hours]
# name 3 = timeM: Time, Elapsed [minutes]
# name 4 = timeS: Time, Elapsed [seconds]
# name 5 = prdM: Pressure, Strain Gauge [db]
# name 6 = specc: Specific Conductance [uS/cm]
# name 7 = sal00: Salinity, Practical [PSU]
# name 8 = tv290C: Temperature [ITS-90, deg C]
# name 9 = depSM: Depth [salt water, m], lat = 59.00
# name 10 = oxsolML/L: Oxygen Saturation, Garcia & Gordon [ml/l]
# name 11 = potemp090C: Potential Temperature [ITS-90, deg C]
# name 12 = sigma-é00: Density [sigma-theta, kg/m^3]
# name 13 = n2satML/L: Nitrogen Saturation [ml/l]
# name 14 = par: PAR/Irradiance, Biospherical/Licor
# name 15 = flag:  0.000e+00
# span 0 =          1,        464       
# span 1 = 199.533519, 199.534858       
# span 2 =    0.00000,    0.03215       
# span 3 =     0.0000,     1.9292       
# span 4 =      0.000,    115.750       
# span 5 =      0.811,     75.770       
# span 6 =  49449.597,  50640.763       
# span 7 =    31.4634,    31.8846       
# span 8 =     7.3895,    10.5439       
# span 9 =      0.804,     75.048       
# span 10 =    6.37357,    6.82944      
# span 11 =     7.3826,    10.5438      
# span 12 =    24.1897,    24.9142      
# span 13 =   11.53384,   12.28650      
# span 14 = 6.8687e-02, 1.0125e+02      
# span 15 = 0.0000e+00, 0.0000e+00      
# interval = seconds: 0.25
# start_time = Jul 18 2013 12:48:16 [Instrument's time stamp, header]
# bad_flag = -9.990e-29
*END*
[from data line 91]
         92 199.533782    0.00632     0.3792     22.750      1.446  49657.695    31.6685    10.4211      1.432    6.39219    10.3948    24.2817   11.56556 8.3671e+01 0.0000e+00
         93 199.533785    0.00639     0.3833     23.000      1.463  49698.069    31.6953    10.4061      1.450    6.39318    10.3879    24.3051   11.56687 8.2314e+01 0.0000e+00
         94 199.533788    0.00646     0.3875     23.250      1.478  49751.819    31.7320    10.3950      1.464    6.39323    10.3852    24.3356   11.56652 8.0385e+01 0.0000e+00
         95 199.533791    0.00653     0.3917     23.500      1.489  49804.080    31.7682    10.3881      1.476    6.39271    10.3875    24.3649   11.56524 7.8733e+01 0.0000e+00
         96 199.533793    0.00660     0.3958     23.750      1.498  49844.309    31.7963    10.3854      1.484    6.39193    10.3954    24.3873   11.56362 7.7965e+01 0.0000e+00
         97 199.533796    0.00667     0.4000     24.000      1.505  49871.037    31.8155    10.3877      1.491    6.39083    10.4080    24.4019   11.56157 7.8138e+01 0.0000e+00
         98 199.533799    0.00674     0.4042     24.250      1.509  49885.728    31.8269    10.3956      1.495    6.38927    10.4231    24.4094   11.55884 7.8492e+01 0.0000e+00
         99 199.533802    0.00681     0.4083     24.500      1.511  49890.648    31.8320    10.4082      1.497    6.38733    10.4398    24.4112   11.55556 7.8736e+01 0.0000e+00
        100 199.533805    0.00688     0.4125     24.750      1.509  49888.287    31.8322    10.4232      1.495    6.38523    10.4588    24.4088   11.55209 7.9148e+01 0.0000e+00
        101 199.533808    0.00694     0.4167     25.000      1.503  49878.954    31.8276    10.4400      1.488    6.38310    10.4796    24.4024   11.54861 7.9826e+01 0.0000e+00
        102 199.533811    0.00701     0.4208     25.250      1.492  49859.836    31.8164    10.4590      1.478    6.38093    10.4989    24.3905   11.54515 8.0675e+01 0.0000e+00
        103 199.533814    0.00708     0.4250     25.500      1.480  49828.269    31.7965    10.4798      1.466    6.37886    10.5130    24.3715   11.54196 8.1417e+01 0.0000e+00
        104 199.533817    0.00715     0.4292     25.750      1.468  49786.412    31.7692    10.4991      1.454    6.37730    10.5199    24.3470   11.53970 8.1896e+01 0.0000e+00
        105 199.533819    0.00722     0.4333     26.000      1.459  49740.969    31.7388    10.5132      1.445    6.37659    10.5185    24.3209   11.53888 8.2541e+01 0.0000e+00
        106 199.533822    0.00729     0.4375     26.250      1.455  49701.652    31.7117    10.5201      1.441    6.37675    10.5095    24.2987   11.53946 8.3629e+01 0.0000e+00
        107 199.533825    0.00736     0.4417     26.500      1.454  49678.738    31.6953    10.5187      1.440    6.37760    10.4955    24.2861   11.54107 8.4595e+01 0.0000e+00
        108 199.533828    0.00743     0.4458     26.750      1.457  49678.284    31.6939    10.5097      1.443    6.37891    10.4811    24.2865   11.54325 8.4770e+01 0.0000e+00
        109 199.533831    0.00750     0.4500     27.000      1.460  49700.253    31.7078    10.4957      1.447    6.38027    10.4698    24.2997   11.54534 8.3934e+01 0.0000e+00
        110 199.533834    0.00757     0.4542     27.250      1.463  49738.533    31.7331    10.4813      1.449    6.38123    10.4633    24.3219   11.54664 8.2680e+01 0.0000e+00
        111 199.533837    0.00764     0.4583     27.500      1.463  49781.577    31.7623    10.4699      1.449    6.38161    10.4633    24.3465   11.54693 8.2112e+01 0.0000e+00
        112 199.533840    0.00771     0.4625     27.750      1.460  49817.426    31.7869    10.4635      1.447    6.38150    10.4714    24.3668   11.54645 8.2320e+01 0.0000e+00
        113 199.533843    0.00778     0.4667     28.000      1.454  49838.483    31.8018    10.4634      1.441    6.38090    10.4871    24.3784   11.54528 8.2248e+01 0.0000e+00
        114 199.533845    0.00785     0.4708     28.250      1.445  49840.222    31.8040    10.4715      1.432    6.37970    10.5067    24.3787   11.54326 8.1267e+01 0.0000e+00
        115 199.533848    0.00792     0.4750     28.500      1.436  49821.002    31.7923    10.4873      1.422    6.37800    10.5244    24.3670   11.54058 7.9905e+01 0.0000e+00
        116 199.533851    0.00799     0.4792     28.750      1.428  49784.395    31.7688    10.5069      1.415    6.37624    10.5352    24.3453   11.53795 7.8978e+01 0.0000e+00
        117 199.533854    0.00806     0.4833     29.000      1.425  49738.487    31.7384    10.5245      1.412    6.37504    10.5375    24.3187   11.53632 7.8749e+01 0.0000e+00
        118 199.533857    0.00813     0.4875     29.250      1.430  49692.921    31.7074    10.5354      1.416    6.37481    10.5313    24.2927   11.53630 7.8860e+01 0.0000e+00
        119 199.533860    0.00819     0.4917     29.500      1.441  49656.210    31.6817    10.5377      1.428    6.37554    10.5171    24.2722   11.53781 7.8611e+01 0.0000e+00
        120 199.533863    0.00826     0.4958     29.750      1.458  49634.146    31.6653    10.5314      1.444    6.37706    10.4973    24.2605   11.54054 7.7832e+01 0.0000e+00
        121 199.533866    0.00833     0.5000     30.000      1.477  49628.413    31.6595    10.5173      1.463    6.37925    10.4754    24.2584   11.54424 7.7121e+01 0.0000e+00
        122 199.533869    0.00840     0.5042     30.250      1.497  49636.662    31.6629    10.4974      1.483    6.38186    10.4552    24.2644   11.54852 7.6817e+01 0.0000e+00
        123 199.533872    0.00847     0.5083     30.500      1.516  49655.318    31.6735    10.4756      1.502    6.38445    10.4389    24.2763   11.55268 7.7031e+01 0.0000e+00
        124 199.533874    0.00854     0.5125     30.750      1.532  49682.772    31.6904    10.4554      1.518    6.38655    10.4275    24.2930   11.55596 7.7938e+01 0.0000e+00
        125 199.533877    0.00861     0.5167     31.000      1.544  49719.285    31.7143    10.4390      1.529    6.38784    10.4213    24.3143   11.55781 7.9190e+01 0.0000e+00
        126 199.533880    0.00868     0.5208     31.250      1.549  49762.660    31.7436    10.4277      1.535    6.38821    10.4196    24.3391   11.55808 8.0313e+01 0.0000e+00
        127 199.533883    0.00875     0.5250     31.500      1.547  49806.153    31.7737    10.4214      1.532    6.38785    10.4229    24.3636   11.55713 8.1426e+01 0.0000e+00
        128 199.533886    0.00882     0.5292     31.750      1.536  49843.787    31.8002    10.4198      1.522    6.38701    10.4327    24.3845   11.55541 8.2766e+01 0.0000e+00
        129 199.533889    0.00889     0.5333     32.000      1.518  49872.483    31.8209    10.4231      1.503    6.38570    10.4498    24.4001   11.55301 8.4186e+01 0.0000e+00
        130 199.533892    0.00896     0.5375     32.250      1.493  49887.808    31.8330    10.4329      1.478    6.38386    10.4723    24.4078   11.54981 8.5287e+01 0.0000e+00
        131 199.533895    0.00903     0.5417     32.500      1.463  49885.465    31.8335    10.4499      1.449    6.38149    10.4963    24.4053   11.54588 8.5562e+01 0.0000e+00
        132 199.533898    0.00910     0.5458     32.750      1.431  49865.712    31.8222    10.4724      1.418    6.37884    10.5178    24.3928   11.54162 8.4811e+01 0.0000e+00
        133 199.533900    0.00917     0.5500     33.000      1.402  49832.561    31.8017    10.4965      1.389    6.37635    10.5340    24.3727   11.53774 8.3880e+01 0.0000e+00
        134 199.533903    0.00924     0.5542     33.250      1.378  49790.330    31.7744    10.5180      1.365    6.37449    10.5430    24.3478   11.53498 8.3434e+01 0.0000e+00
        135 199.533906    0.00931     0.5583     33.500      1.362  49742.065    31.7421    10.5341      1.350    6.37357    10.5438    24.3199   11.53384 8.2493e+01 0.0000e+00
        136 199.533909    0.00937     0.5625     33.750      1.356  49690.921    31.7070    10.5432      1.344    6.37375    10.5354    24.2910   11.53456 8.0216e+01 0.0000e+00
        137 199.533912    0.00944     0.5667     34.000      1.361  49642.140    31.6725    10.5439      1.348    6.37505    10.5181    24.2640   11.53712 7.7274e+01 0.0000e+00
        138 199.533915    0.00951     0.5708     34.250      1.376  49602.673    31.6435    10.5355      1.363    6.37739    10.4944    24.2429   11.54133 7.4960e+01 0.0000e+00
        139 199.533918    0.00958     0.5750     34.500      1.402  49578.165    31.6241    10.5182      1.389    6.38057    10.4686    24.2306   11.54683 7.3977e+01 0.0000e+00
        140 199.533921    0.00965     0.5792     34.750      1.435  49572.316    31.6170    10.4945      1.422    6.38413    10.4449    24.2292   11.55282 7.4010e+01 0.0000e+00
        141 199.533924    0.00972     0.5833     35.000      1.471  49587.173    31.6244    10.4688      1.457    6.38739    10.4255    24.2393   11.55814 7.4573e+01 0.0000e+00
        142 199.533927    0.00979     0.5875     35.250      1.504  49621.597    31.6459    10.4450      1.490    6.38981    10.4112    24.2600   11.56188 7.5466e+01 0.0000e+00
        143 199.533929    0.00986     0.5917     35.500      1.531  49671.753    31.6790    10.4257      1.516    6.39114    10.4015    24.2891   11.56369 7.6254e+01 0.0000e+00
        144 199.533932    0.00993     0.5958     35.750      1.549  49729.321    31.7180    10.4114      1.534    6.39152    10.3958    24.3220   11.56386 7.6540e+01 0.0000e+00
        145 199.533935    0.01000     0.6000     36.000      1.559  49781.862    31.7541    10.4017      1.544    6.39139    10.3938    24.3517   11.56321 7.6607e+01 0.0000e+00
        146 199.533938    0.01007     0.6042     36.250      1.563  49821.516    31.7815    10.3960      1.548    6.39107    10.3958    24.3740   11.56236 7.6909e+01 0.0000e+00
        147 199.533941    0.01014     0.6083     36.500      1.563  49847.716    31.7998    10.3940      1.548    6.39060    10.4012    24.3886   11.56136 7.7688e+01 0.0000e+00
        148 199.533944    0.01021     0.6125     36.750      1.561  49862.794    31.8107    10.3960      1.546    6.38987    10.4093    24.3967   11.56004 7.9080e+01 0.0000e+00
        149 199.533947    0.01028     0.6167     37.000      1.556  49870.981    31.8172    10.4014      1.541    6.38886    10.4196    24.4009   11.55827 8.0921e+01 0.0000e+00
        150 199.533950    0.01035     0.6208     37.250      1.547  49876.096    31.8218    10.4095      1.532    6.38756    10.4333    24.4031   11.55607 8.2822e+01 0.0000e+00
        151 199.533953    0.01042     0.6250     37.500      1.530  49878.016    31.8244    10.4198      1.515    6.38602    10.4520    24.4034   11.55348 8.4517e+01 0.0000e+00
        152 199.533955    0.01049     0.6292     37.750      1.502  49872.564    31.8222    10.4334      1.488    6.38422    10.4762    24.3994   11.55054 8.6122e+01 0.0000e+00
        153 199.533958    0.01056     0.6333     38.000      1.464  49852.842    31.8106    10.4522      1.451    6.38211    10.5022    24.3871   11.54717 8.7712e+01 0.0000e+00
        154 199.533961    0.01063     0.6375     38.250      1.420  49814.475    31.7864    10.4764      1.407    6.37974    10.5243    24.3642   11.54355 8.8204e+01 0.0000e+00
        155 199.533964    0.01069     0.6417     38.500      1.374  49759.754    31.7508    10.5024      1.361    6.37760    10.5381    24.3320   11.54042 8.6710e+01 0.0000e+00
        156 199.533967    0.01076     0.6458     38.750      1.332  49694.701    31.7074    10.5245      1.320    6.37632    10.5406    24.2945   11.53880 8.4727e+01 0.0000e+00
        157 199.533970    0.01083     0.6500     39.000      1.303  49627.380    31.6614    10.5382      1.291    6.37629    10.5302    24.2563   11.53930 8.3379e+01 0.0000e+00
        158 199.533973    0.01090     0.6542     39.250      1.292  49566.960    31.6189    10.5407      1.280    6.37767    10.5077    24.2228   11.54209 8.1477e+01 0.0000e+00
        159 199.533976    0.01097     0.6583     39.500      1.302  49522.362    31.5860    10.5303      1.290    6.38045    10.4786    24.1990   11.54709 7.8872e+01 0.0000e+00
        160 199.533979    0.01104     0.6625     39.750      1.332  49502.386    31.5691    10.5078      1.320    6.38424    10.4496    24.1897   11.55357 7.6608e+01 0.0000e+00
        161 199.533981    0.01111     0.6667     40.000      1.377  49509.134    31.5704    10.4788      1.364    6.38822    10.4248    24.1955   11.56014 7.4546e+01 0.0000e+00
        162 199.533984    0.01118     0.6708     40.250      1.428  49535.276    31.5853    10.4497      1.415    6.39163    10.4061    24.2121   11.56561 7.2742e+01 0.0000e+00
        163 199.533987    0.01125     0.6750     40.500      1.479  49573.143    31.6091    10.4250      1.465    6.39408    10.3934    24.2348   11.56939 7.1959e+01 0.0000e+00
        164 199.533990    0.01132     0.6792     40.750      1.522  49620.130    31.6401    10.4063      1.508    6.39542    10.3864    24.2621   11.57123 7.2233e+01 0.0000e+00
        165 199.533993    0.01139     0.6833     41.000      1.555  49673.315    31.6762    10.3936      1.540    6.39570    10.3844    24.2923   11.57127 7.3253e+01 0.0000e+00
        166 199.533996    0.01146     0.6875     41.250      1.574  49723.409    31.7108    10.3866      1.559    6.39526    10.3871    24.3205   11.57014 7.5108e+01 0.0000e+00
        167 199.533999    0.01153     0.6917     41.500      1.580  49758.512    31.7354    10.3845      1.565    6.39454    10.3937    24.3400   11.56865 7.7647e+01 0.0000e+00
        168 199.534002    0.01160     0.6958     41.750      1.575  49769.926    31.7438    10.3873      1.561    6.39381    10.4012    24.3461   11.56734 8.0849e+01 0.0000e+00
        169 199.534005    0.01167     0.7000     42.000      1.563  49754.667    31.7338    10.3938      1.549    6.39331    10.4061    24.3372   11.56663 8.5854e+01 0.0000e+00
        170 199.534008    0.01174     0.7042     42.250      1.549  49720.004    31.7102    10.4014      1.535    6.39323    10.4065    24.3175   11.56678 9.3916e+01 0.0000e+00
        171 199.534010    0.01181     0.7083     42.500      1.537  49682.829    31.6845    10.4062      1.523    6.39360    10.4029    24.2967   11.56770 1.0118e+02 0.0000e+00
        172 199.534013    0.01188     0.7125     42.750      1.527  49658.963    31.6676    10.4066      1.513    6.39424    10.3976    24.2835   11.56896 1.0125e+02 0.0000e+00
        173 199.534016    0.01194     0.7167     43.000      1.518  49655.444    31.6647    10.4031      1.504    6.39484    10.3927    24.2818   11.57000 9.6322e+01 0.0000e+00
        174 199.534019    0.01201     0.7208     43.250      1.507  49672.298    31.6760    10.3978      1.493    6.39512    10.3897    24.2915   11.57033 9.2012e+01 0.0000e+00
        175 199.534022    0.01208     0.7250     43.500      1.492  49704.199    31.6980    10.3929      1.478    6.39491    10.3896    24.3095   11.56971 8.8872e+01 0.0000e+00
        176 199.534025    0.01215     0.7292     43.750      1.472  49740.191    31.7231    10.3899      1.459    6.39429    10.3929    24.3295   11.56840 8.7065e+01 0.0000e+00
        177 199.534028    0.01222     0.7333     44.000      1.450  49769.066    31.7436    10.3897      1.436    6.39348    10.3997    24.3455   11.56680 8.6856e+01 0.0000e+00
        178 199.534031    0.01229     0.7375     44.250      1.427  49784.117    31.7546    10.3931      1.414    6.39256    10.4085    24.3536   11.56515 8.6492e+01 0.0000e+00
        179 199.534034    0.01236     0.7417     44.500      1.407  49782.731    31.7545    10.3999      1.394    6.39163    10.4167    24.3523   11.56360 8.4810e+01 0.0000e+00
        180 199.534036    0.01243     0.7458     44.750      1.392  49766.764    31.7443    10.4086      1.379    6.39083    10.4219    24.3429   11.56240 8.2259e+01 0.0000e+00
