CTD-processing/allCTD/CNV--turbid/2013-04-20-cookinlet-trans7-cast089-s08.cnv
* Sea-Bird SBE19plus Data File:
* FileName = C:\Documents and Settings\kris.holderied.local\My Documents\2012-2013-CTD-DATA-new-files\2013-04-EVOSTC-CookInlet-Ocean\2013-04-CookInlet-Tran7-Augustine\2013-04-20-CookInlet-Trans7-Cast089.hex
* Software Version 1.54
* Temperature SN =  5028
* Conductivity SN =  5028
* System UpLoad Time = Apr 20 2013 14:54:07
** Cook Inlet LTM Tran7 Augustine to Flat Island
** Date:  2013-04-20
** Station:  7-08
** Start time (AKDT-24 hr):  0844
** Depth (m): 74
** Comment: Not as clean as previous stations. aproching high slack.
** Comment:
# nquan = 16
# nvalues = 611                         
# units = specified
# name 0 = scan: Scan Count
# name 1 = timeJ: Julian Days
# name 2 = timeH: Time, Elapsed [hours]
# name 3 = timeM: Time, Elapsed [minutes]
# name 4 = timeS: Time, Elapsed [seconds]
# name 5 = prdM: Pressure, Strain Gauge [db]
# name 6 = specc: Specific Conductance [uS/cm]
# name 7 = sal00: Salinity, Practical [PSU]
# name 8 = tv290C: Temperature [ITS-90, deg C]
# name 9 = depSM: Depth [salt water, m], lat = 59.00
# name 10 = oxsolML/L: Oxygen Saturation, Garcia & Gordon [ml/l]
# name 11 = potemp090C: Potential Temperature [ITS-90, deg C]
# name 12 = sigma-é00: Density [sigma-theta, kg/m^3]
# name 13 = n2satML/L: Nitrogen Saturation [ml/l]
# name 14 = par: PAR/Irradiance, Biospherical/Licor
# name 15 = flag:  0.000e+00
# span 0 =          1,        611       
# span 1 = 110.365752, 110.367517       
# span 2 =    0.00000,    0.04236       
# span 3 =     0.0000,     2.5417       
# span 4 =      0.000,    152.500       
# span 5 =      0.107,     74.843       
# span 6 =    662.377,  52109.071       
# span 7 =     0.3061,    31.9973       
# span 8 =     2.1608,     3.2372       
# span 9 =      0.106,     74.130       
# span 10 =    7.53442,    9.60958      
# span 11 =     2.1608,     3.2343      
# span 12 =     0.1974,    25.4720      
# span 13 =   13.44959,   17.37911      
# span 14 = 3.7912e-02, 3.5007e+02      
# span 15 = 0.0000e+00, 0.0000e+00      
# interval = seconds: 0.25
# start_time = Apr 20 2013 08:46:41 [Instrument's time stamp, header]
# bad_flag = -9.990e-29
*END*
[from data line 181]
        182 110.366276    0.01257     0.7542     45.250      1.021  51630.178    31.4608     2.2795      1.012    7.74334     2.2748    25.1170   13.80092 6.4545e+01 0.0000e+00
        183 110.366279    0.01264     0.7583     45.500      1.000  51641.238    31.4673     2.2764      0.991    7.74360     2.2745    25.1225   13.80126 6.5333e+01 0.0000e+00
        184 110.366282    0.01271     0.7625     45.750      0.981  51649.093    31.4722     2.2749      0.972    7.74364     2.2751    25.1265   13.80127 6.6152e+01 0.0000e+00
        185 110.366285    0.01278     0.7667     46.000      0.963  51654.268    31.4755     2.2745      0.954    7.74354     2.2767    25.1292   13.80104 6.6216e+01 0.0000e+00
        186 110.366288    0.01285     0.7708     46.250      0.945  51657.029    31.4776     2.2751      0.936    7.74331     2.2796    25.1308   13.80065 6.5295e+01 0.0000e+00
        187 110.366291    0.01292     0.7750     46.500      0.928  51657.196    31.4781     2.2768      0.919    7.74295     2.2834    25.1311   13.80005 6.4146e+01 0.0000e+00
        188 110.366293    0.01299     0.7792     46.750      0.913  51655.012    31.4775     2.2796      0.905    7.74244     2.2877    25.1304   13.79921 6.3426e+01 0.0000e+00
        189 110.366296    0.01306     0.7833     47.000      0.903  51651.431    31.4762     2.2834      0.894    7.74177     2.2923    25.1290   13.79813 6.3232e+01 0.0000e+00
        190 110.366299    0.01313     0.7875     47.250      0.899  51647.452    31.4747     2.2877      0.891    7.74099     2.2968    25.1276   13.79686 6.3158e+01 0.0000e+00
        191 110.366302    0.01319     0.7917     47.500      0.903  51643.823    31.4736     2.2923      0.895    7.74016     2.3010    25.1263   13.79550 6.2780e+01 0.0000e+00
        192 110.366305    0.01326     0.7958     47.750      0.915  51641.081    31.4730     2.2968      0.907    7.73931     2.3047    25.1255   13.79412 6.2300e+01 0.0000e+00
        193 110.366308    0.01333     0.8000     48.000      0.936  51639.195    31.4729     2.3010      0.928    7.73851     2.3080    25.1251   13.79280 6.2148e+01 0.0000e+00
        194 110.366311    0.01340     0.8042     48.250      0.966  51637.371    31.4727     2.3047      0.958    7.73780     2.3107    25.1247   13.79162 6.2143e+01 0.0000e+00
        195 110.366314    0.01347     0.8083     48.500      1.004  51634.555    31.4717     2.3080      0.994    7.73721     2.3128    25.1237   13.79066 6.1866e+01 0.0000e+00
        196 110.366317    0.01354     0.8125     48.750      1.044  51629.917    31.4693     2.3108      1.034    7.73680     2.3139    25.1216   13.79002 6.1499e+01 0.0000e+00
        197 110.366319    0.01361     0.8167     49.000      1.080  51622.767    31.4651     2.3128      1.070    7.73662     2.3137    25.1181   13.78979 6.1515e+01 0.0000e+00
        198 110.366322    0.01368     0.8208     49.250      1.108  51612.741    31.4587     2.3139      1.098    7.73675     2.3120    25.1128   13.79008 6.2099e+01 0.0000e+00
        199 110.366325    0.01375     0.8250     49.500      1.122  51601.235    31.4509     2.3138      1.112    7.73719     2.3082    25.1066   13.79091 6.3195e+01 0.0000e+00
        200 110.366328    0.01382     0.8292     49.750      1.120  51592.110    31.4442     2.3120      1.110    7.73788     2.3021    25.1014   13.79214 6.4625e+01 0.0000e+00
        201 110.366331    0.01389     0.8333     50.000      1.102  51590.050    31.4418     2.3082      1.093    7.73876     2.2947    25.0998   13.79362 6.6116e+01 0.0000e+00
        202 110.366334    0.01396     0.8375     50.250      1.072  51597.346    31.4450     2.3021      1.062    7.73977     2.2879    25.1028   13.79525 6.7410e+01 0.0000e+00
        203 110.366337    0.01403     0.8417     50.500      1.033  51611.830    31.4527     2.2948      1.024    7.74080     2.2830    25.1094   13.79683 6.8257e+01 0.0000e+00
        204 110.366340    0.01410     0.8458     50.750      0.994  51628.913    31.4622     2.2879      0.985    7.74162     2.2806    25.1176   13.79807 6.8679e+01 0.0000e+00
        205 110.366343    0.01417     0.8500     51.000      0.960  51644.226    31.4711     2.2830      0.951    7.74211     2.2809    25.1251   13.79875 6.8870e+01 0.0000e+00
        206 110.366345    0.01424     0.8542     51.250      0.937  51654.493    31.4774     2.2806      0.928    7.74225     2.2838    25.1302   13.79890 6.8891e+01 0.0000e+00
        207 110.366348    0.01431     0.8583     51.500      0.925  51658.519    31.4802     2.2809      0.916    7.74204     2.2882    25.1325   13.79851 6.9033e+01 0.0000e+00
        208 110.366351    0.01438     0.8625     51.750      0.922  51657.236    31.4802     2.2838      0.913    7.74148     2.2929    25.1322   13.79759 6.9213e+01 0.0000e+00
        209 110.366354    0.01444     0.8667     52.000      0.922  51652.612    31.4783     2.2882      0.914    7.74071     2.2972    25.1304   13.79635 6.8723e+01 0.0000e+00
        210 110.366357    0.01451     0.8708     52.250      0.926  51646.966    31.4759     2.2929      0.917    7.73992     2.3012    25.1281   13.79508 6.7443e+01 0.0000e+00
        211 110.366360    0.01458     0.8750     52.500      0.933  51642.310    31.4740     2.2973      0.923    7.73918     2.3049    25.1263   13.79388 6.6122e+01 0.0000e+00
        212 110.366363    0.01465     0.8792     52.750      0.945  51639.321    31.4731     2.3012      0.935    7.73846     2.3085    25.1252   13.79270 6.5479e+01 0.0000e+00
        213 110.366366    0.01472     0.8833     53.000      0.963  51636.892    31.4725     2.3050      0.954    7.73776     2.3117    25.1245   13.79156 6.5650e+01 0.0000e+00
        214 110.366369    0.01479     0.8875     53.250      0.987  51632.937    31.4708     2.3086      0.978    7.73715     2.3142    25.1229   13.79057 6.6388e+01 0.0000e+00
        215 110.366372    0.01486     0.8917     53.500      1.012  51625.825    31.4669     2.3118      1.002    7.73673     2.3158    25.1196   13.78994 6.7393e+01 0.0000e+00
        216 110.366374    0.01493     0.8958     53.750      1.031  51615.211    31.4605     2.3143      1.021    7.73659     2.3161    25.1142   13.78978 6.8600e+01 0.0000e+00
        217 110.366377    0.01500     0.9000     54.000      1.043  51602.664    31.4525     2.3158      1.033    7.73671     2.3152    25.1077   13.79010 7.0503e+01 0.0000e+00
        218 110.366380    0.01507     0.9042     54.250      1.047  51591.043    31.4448     2.3162      1.037    7.73705     2.3130    25.1015   13.79076 7.4014e+01 0.0000e+00
        219 110.366383    0.01514     0.9083     54.500      1.044  51582.958    31.4391     2.3153      1.034    7.73753     2.3098    25.0970   13.79162 7.9889e+01 0.0000e+00
        220 110.366386    0.01521     0.9125     54.750      1.038  51580.084    31.4365     2.3131      1.028    7.73810     2.3064    25.0952   13.79260 8.8826e+01 0.0000e+00
        221 110.366389    0.01528     0.9167     55.000      1.033  51582.168    31.4370     2.3099      1.023    7.73869     2.3036    25.0958   13.79357 1.0204e+02 0.0000e+00
        222 110.366392    0.01535     0.9208     55.250      1.028  51587.017    31.4393     2.3065      1.019    7.73922     2.3017    25.0979   13.79442 1.2044e+02 0.0000e+00
        223 110.366395    0.01542     0.9250     55.500      1.025  51591.890    31.4418     2.3037      1.015    7.73964     2.3004    25.1001   13.79507 1.4232e+02 0.0000e+00
        224 110.366398    0.01549     0.9292     55.750      1.021  51594.786    31.4432     2.3017      1.011    7.73995     2.2995    25.1013   13.79557 1.6518e+02 0.0000e+00
        225 110.366400    0.01556     0.9333     56.000      1.014  51595.497    31.4433     2.3004      1.005    7.74020     2.2989    25.1015   13.79597 1.8932e+02 0.0000e+00
        226 110.366403    0.01563     0.9375     56.250      1.004  51595.406    31.4430     2.2995      0.995    7.74038     2.2987    25.1014   13.79628 2.0891e+02 0.0000e+00
        227 110.366406    0.01569     0.9417     56.500      0.992  51595.772    31.4431     2.2990      0.982    7.74049     2.2988    25.1015   13.79645 2.1346e+02 0.0000e+00
        228 110.366409    0.01576     0.9458     56.750      0.977  51596.981    31.4439     2.2988      0.968    7.74049     2.2991    25.1021   13.79644 2.0924e+02 0.0000e+00
        229 110.366412    0.01583     0.9500     57.000      0.963  51599.415    31.4456     2.2989      0.954    7.74038     2.2996    25.1034   13.79624 2.1102e+02 0.0000e+00
        230 110.366415    0.01590     0.9542     57.250      0.952  51603.559    31.4484     2.2992      0.943    7.74017     2.3003    25.1057   13.79586 2.2077e+02 0.0000e+00
        231 110.366418    0.01597     0.9583     57.500      0.946  51609.341    31.4524     2.2996      0.938    7.73987     2.3015    25.1089   13.79530 2.4008e+02 0.0000e+00
        232 110.366421    0.01604     0.9625     57.750      0.948  51615.855    31.4570     2.3003      0.939    7.73948     2.3033    25.1125   13.79461 2.6315e+02 0.0000e+00
        233 110.366424    0.01611     0.9667     58.000      0.955  51621.480    31.4611     2.3015      0.946    7.73903     2.3056    25.1157   13.79381 2.7587e+02 0.0000e+00
        234 110.366427    0.01618     0.9708     58.250      0.968  51624.352    31.4635     2.3033      0.959    7.73856     2.3082    25.1175   13.79300 2.7580e+02 0.0000e+00
        235 110.366429    0.01625     0.9750     58.500      0.983  51623.232    31.4634     2.3056      0.974    7.73811     2.3103    25.1172   13.79226 2.6361e+02 0.0000e+00
        236 110.366432    0.01632     0.9792     58.750      1.000  51618.281    31.4608     2.3082      0.990    7.73775     2.3117    25.1150   13.79170 2.4203e+02 0.0000e+00
        237 110.366435    0.01639     0.9833     59.000      1.016  51611.003    31.4565     2.3104      1.007    7.73756     2.3122    25.1114   13.79144 2.1846e+02 0.0000e+00
        238 110.366438    0.01646     0.9875     59.250      1.031  51603.390    31.4518     2.3117      1.021    7.73754     2.3121    25.1075   13.79148 2.0680e+02 0.0000e+00
        239 110.366441    0.01653     0.9917     59.500      1.042  51596.866    31.4476     2.3123      1.033    7.73766     2.3112    25.1040   13.79173 2.1273e+02 0.0000e+00
        240 110.366444    0.01660     0.9958     59.750      1.050  51591.808    31.4441     2.3121      1.040    7.73787     2.3095    25.1013   13.79212 2.2377e+02 0.0000e+00
        241 110.366447    0.01667     1.0000     60.000      1.052  51588.189    31.4414     2.3112      1.042    7.73818     2.3067    25.0992   13.79267 2.3097e+02 0.0000e+00
        242 110.366450    0.01674     1.0042     60.250      1.049  51586.508    31.4398     2.3095      1.039    7.73861     2.3031    25.0981   13.79340 2.3488e+02 0.0000e+00
        243 110.366453    0.01681     1.0083     60.500      1.041  51587.504    31.4397     2.3067      1.031    7.73915     2.2990    25.0982   13.79429 2.4032e+02 0.0000e+00
        244 110.366455    0.01688     1.0125     60.750      1.029  51591.379    31.4413     2.3031      1.019    7.73977     2.2949    25.0997   13.79529 2.5314e+02 0.0000e+00
        245 110.366458    0.01694     1.0167     61.000      1.014  51597.622    31.4444     2.2990      1.004    7.74042     2.2913    25.1025   13.79631 2.6633e+02 0.0000e+00
        246 110.366461    0.01701     1.0208     61.250      0.997  51605.278    31.4484     2.2949      0.988    7.74100     2.2886    25.1060   13.79723 2.7197e+02 0.0000e+00
        247 110.366464    0.01708     1.0250     61.500      0.979  51613.528    31.4529     2.2913      0.970    7.74146     2.2871    25.1099   13.79792 2.8061e+02 0.0000e+00
        248 110.366467    0.01715     1.0292     61.750      0.962  51621.831    31.4577     2.2887      0.953    7.74172     2.2867    25.1139   13.79828 3.0486e+02 0.0000e+00
        249 110.366470    0.01722     1.0333     62.000      0.946  51629.651    31.4626     2.2871      0.937    7.74176     2.2873    25.1179   13.79829 3.3416e+02 0.0000e+00
        250 110.366473    0.01729     1.0375     62.250      0.933  51636.511    31.4671     2.2867      0.925    7.74160     2.2888    25.1215   13.79797 3.3424e+02 0.0000e+00
        251 110.366476    0.01736     1.0417     62.500      0.924  51642.121    31.4710     2.2873      0.916    7.74128     2.2916    25.1246   13.79738 3.0229e+02 0.0000e+00
        252 110.366479    0.01743     1.0458     62.750      0.922  51646.171    31.4742     2.2889      0.914    7.74080     2.2957    25.1270   13.79655 2.6910e+02 0.0000e+00
        253 110.366481    0.01750     1.0500     63.000      0.927  51648.094    31.4762     2.2917      0.918    7.74016     2.3007    25.1285   13.79546 2.4508e+02 0.0000e+00
        254 110.366484    0.01757     1.0542     63.250      0.939  51647.624    31.4771     2.2958      0.930    7.73931     2.3059    25.1289   13.79406 2.2622e+02 0.0000e+00
        255 110.366487    0.01764     1.0583     63.500      0.958  51645.228    31.4769     2.3008      0.949    7.73835     2.3107    25.1283   13.79246 2.1255e+02 0.0000e+00
        256 110.366490    0.01771     1.0625     63.750      0.982  51641.305    31.4757     2.3060      0.972    7.73740     2.3146    25.1270   13.79091 2.1127e+02 0.0000e+00
        257 110.366493    0.01778     1.0667     64.000      1.007  51635.793    31.4733     2.3107      0.998    7.73660     2.3175    25.1248   13.78963 2.2206e+02 0.0000e+00
        258 110.366496    0.01785     1.0708     64.250      1.033  51628.436    31.4694     2.3147      1.023    7.73603     2.3193    25.1214   13.78875 2.3413e+02 0.0000e+00
        259 110.366499    0.01792     1.0750     64.500      1.056  51619.010    31.4639     2.3176      1.046    7.73576     2.3199    25.1168   13.78837 2.4506e+02 0.0000e+00
        260 110.366502    0.01799     1.0792     64.750      1.075  51608.110    31.4571     2.3194      1.064    7.73577     2.3193    25.1112   13.78848 2.4815e+02 0.0000e+00
        261 110.366505    0.01806     1.0833     65.000      1.088  51597.314    31.4500     2.3200      1.078    7.73602     2.3173    25.1054   13.78900 2.3754e+02 0.0000e+00
        262 110.366508    0.01812     1.0875     65.250      1.096  51588.349    31.4438     2.3194      1.086    7.73647     2.3136    25.1005   13.78983 2.3004e+02 0.0000e+00
        263 110.366510    0.01819     1.0917     65.500      1.099  51582.995    31.4396     2.3173      1.088    7.73709     2.3083    25.0974   13.79090 2.4111e+02 0.0000e+00
        264 110.366513    0.01826     1.0958     65.750      1.095  51582.894    31.4385     2.3137      1.085    7.73786     2.3016    25.0968   13.79218 2.5963e+02 0.0000e+00
        265 110.366516    0.01833     1.1000     66.000      1.085  51588.520    31.4408     2.3083      1.074    7.73878     2.2945    25.0990   13.79367 2.6804e+02 0.0000e+00
        266 110.366519    0.01840     1.1042     66.250      1.066  51598.852    31.4459     2.3017      1.056    7.73981     2.2878    25.1035   13.79529 2.6712e+02 0.0000e+00
        267 110.366522    0.01847     1.1083     66.500      1.040  51611.979    31.4527     2.2946      1.030    7.74083     2.2823    25.1095   13.79690 2.6216e+02 0.0000e+00
        268 110.366525    0.01854     1.1125     66.750      1.007  51625.987    31.4603     2.2879      0.998    7.74174     2.2783    25.1160   13.79830 2.5808e+02 0.0000e+00
        269 110.366528    0.01861     1.1167     67.000      0.971  51639.624    31.4679     2.2823      0.962    7.74242     2.2762    25.1225   13.79931 2.6254e+02 0.0000e+00
        270 110.366531    0.01868     1.1208     67.250      0.937  51652.268    31.4753     2.2783      0.928    7.74281     2.2763    25.1287   13.79985 2.7243e+02 0.0000e+00
        271 110.366534    0.01875     1.1250     67.500      0.908  51663.028    31.4819     2.2762      0.899    7.74286     2.2791    25.1342   13.79986 2.8028e+02 0.0000e+00
