CTD-processing/allCTD/CNV--turbid/2013_02-12_alongbay_skb08_cast040.cnv
* Sea-Bird SBE19plus Data File:
* FileName = C:\Documents and Settings\kris.holderied.local\My Documents\2012-2013-CTD-DATA-new-files\2013-02-EVOSTC-CookInlet\2013-02-12-along-KBay-line\2012-02-12-Along-KBay-line-cast040.hex
* Software Version 1.54
* Temperature SN =  5028
* Conductivity SN =  5028
* System UpLoad Time = Mar 14 2013 23:52:37
** Kachemak Bay - along-bay transect, west to east
** Date:  12 Feb 2013
** Station: KB-07
** Start time (AKDT-24 hr): 19:49
** Depth (m): 144
** Comment: CTD time set wrong by 2 hours
** Comment: Supplement to Gulf Watch sampling
# nquan = 16
# nvalues = 1085                        
# units = specified
# name 0 = scan: Scan Count
# name 1 = timeJ: Julian Days
# name 2 = timeH: Time, Elapsed [hours]
# name 3 = timeM: Time, Elapsed [minutes]
# name 4 = timeS: Time, Elapsed [seconds]
# name 5 = prdM: Pressure, Strain Gauge [db]
# name 6 = specc: Specific Conductance [uS/cm]
# name 7 = sal00: Salinity, Practical [PSU]
# name 8 = tv290C: Temperature [ITS-90, deg C]
# name 9 = depSM: Depth [salt water, m], lat = 59.00
# name 10 = oxsolML/L: Oxygen Saturation, Garcia & Gordon [ml/l]
# name 11 = potemp090C: Potential Temperature [ITS-90, deg C]
# name 12 = sigma-é00: Density [sigma-theta, kg/m^3]
# name 13 = n2satML/L: Nitrogen Saturation [ml/l]
# name 14 = par: PAR/Irradiance, Biospherical/Licor
# name 15 = flag:  0.000e+00
# span 0 =          1,       1085       
# span 1 =  43.908461,  43.911597       
# span 2 =    0.00000,    0.07528       
# span 3 =     0.0000,     4.5167       
# span 4 =      0.000,    271.000       
# span 5 =     -0.108,    137.999       
# span 6 =     20.376,  51475.201       
# span 7 =     0.0080,    31.6793       
# span 8 =     2.2971,     3.7968       
# span 9 =     -0.107,    136.663       
# span 10 =    7.44634,    9.57775      
# span 11 =     2.2971,     3.7881      
# span 12 =    -0.0394,    25.1675      
# span 13 =   13.30815,   17.33101      
# span 14 = 3.7912e-02, 5.7911e+00      
# span 15 = 0.0000e+00, 0.0000e+00      
# interval = seconds: 0.25
# start_time = Feb 12 2013 21:48:11 [Instrument's time stamp, header]
# bad_flag = -9.990e-29
*END*
[from data line 362]
        363  43.909508    0.02514     1.5083     90.500      3.023  51327.578    31.5783     3.4927      2.995    7.50684     3.4932    25.1120   13.40922 2.3393e-01 0.0000e+00
        364  43.909511    0.02521     1.5125     90.750      3.119  51328.075    31.5786     3.4930      3.090    7.50678     3.4937    25.1123   13.40911 2.0259e-01 0.0000e+00
        365  43.909514    0.02528     1.5167     91.000      3.208  51328.230    31.5788     3.4934      3.178    7.50670     3.4941    25.1124   13.40896 1.7638e-01 0.0000e+00
        366  43.909517    0.02535     1.5208     91.250      3.296  51328.049    31.5788     3.4939      3.266    7.50661     3.4945    25.1124   13.40881 1.5553e-01 0.0000e+00
        367  43.909520    0.02542     1.5250     91.500      3.390  51327.639    31.5786     3.4943      3.358    7.50653     3.4947    25.1122   13.40869 1.3815e-01 0.0000e+00
        368  43.909523    0.02549     1.5292     91.750      3.494  51327.100    31.5782     3.4947      3.462    7.50648     3.4947    25.1119   13.40861 1.2500e-01 0.0000e+00
        369  43.909525    0.02556     1.5333     92.000      3.615  51326.499    31.5778     3.4949      3.581    7.50646     3.4944    25.1115   13.40859 1.1741e-01 0.0000e+00
        370  43.909528    0.02562     1.5375     92.250      3.756  51325.816    31.5773     3.4949      3.721    7.50650     3.4939    25.1111   13.40865 1.1526e-01 0.0000e+00
        371  43.909531    0.02569     1.5417     92.500      3.917  51325.230    31.5767     3.4946      3.881    7.50658     3.4932    25.1106   13.40879 1.1697e-01 0.0000e+00
        372  43.909534    0.02576     1.5458     92.750      4.097  51325.182    31.5765     3.4941      4.059    7.50669     3.4925    25.1105   13.40899 1.1950e-01 0.0000e+00
        373  43.909537    0.02583     1.5500     93.000      4.290  51325.789    31.5766     3.4934      4.250    7.50681     3.4920    25.1107   13.40918 1.2026e-01 0.0000e+00
        374  43.909540    0.02590     1.5542     93.250      4.486  51326.465    31.5768     3.4928      4.444    7.50692     3.4915    25.1109   13.40935 1.1842e-01 0.0000e+00
        375  43.909543    0.02597     1.5583     93.500      4.673  51326.732    31.5768     3.4923      4.629    7.50701     3.4910    25.1109   13.40951 1.1361e-01 0.0000e+00
        376  43.909546    0.02604     1.5625     93.750      4.840  51326.863    31.5767     3.4918      4.795    7.50710     3.4905    25.1109   13.40967 1.0597e-01 0.0000e+00
        377  43.909549    0.02611     1.5667     94.000      4.979  51327.236    31.5767     3.4913      4.933    7.50720     3.4900    25.1109   13.40982 9.7076e-02 0.0000e+00
        378  43.909552    0.02618     1.5708     94.250      5.090  51327.852    31.5769     3.4908      5.042    7.50729     3.4898    25.1112   13.40996 8.8780e-02 0.0000e+00
        379  43.909554    0.02625     1.5750     94.500      5.177  51328.528    31.5772     3.4904      5.128    7.50735     3.4896    25.1115   13.41006 8.1814e-02 0.0000e+00
        380  43.909557    0.02632     1.5792     94.750      5.252  51329.128    31.5775     3.4901      5.203    7.50738     3.4896    25.1117   13.41011 7.6265e-02 0.0000e+00
        381  43.909560    0.02639     1.5833     95.000      5.330  51329.542    31.5777     3.4900      5.280    7.50739     3.4896    25.1119   13.41012 7.2219e-02 0.0000e+00
        382  43.909563    0.02646     1.5875     95.250      5.427  51329.707    31.5778     3.4899      5.376    7.50739     3.4895    25.1120   13.41013 6.9778e-02 0.0000e+00
        383  43.909566    0.02653     1.5917     95.500      5.553  51329.772    31.5778     3.4899      5.501    7.50740     3.4895    25.1119   13.41014 6.8908e-02 0.0000e+00
        384  43.909569    0.02660     1.5958     95.750      5.716  51330.018    31.5778     3.4899      5.662    7.50740     3.4896    25.1120   13.41014 6.9334e-02 0.0000e+00
        385  43.909572    0.02667     1.6000     96.000      5.914  51330.503    31.5781     3.4898      5.858    7.50739     3.4897    25.1122   13.41013 7.0274e-02 0.0000e+00
        386  43.909575    0.02674     1.6042     96.250      6.137  51330.777    31.5782     3.4899      6.079    7.50738     3.4897    25.1122   13.41010 7.0492e-02 0.0000e+00
        387  43.909578    0.02681     1.6083     96.500      6.368  51330.583    31.5780     3.4900      6.308    7.50737     3.4896    25.1120   13.41009 6.9069e-02 0.0000e+00
        388  43.909580    0.02688     1.6125     96.750      6.588  51330.337    31.5777     3.4900      6.527    7.50738     3.4894    25.1118   13.41011 6.6156e-02 0.0000e+00
        389  43.909583    0.02694     1.6167     97.000      6.783  51330.372    31.5776     3.4900      6.720    7.50740     3.4893    25.1118   13.41015 6.2481e-02 0.0000e+00
        390  43.909586    0.02701     1.6208     97.250      6.939  51330.569    31.5776     3.4898      6.875    7.50743     3.4892    25.1118   13.41019 5.8632e-02 0.0000e+00
        391  43.909589    0.02708     1.6250     97.500      7.053  51330.749    31.5776     3.4897      6.987    7.50745     3.4891    25.1119   13.41022 5.5066e-02 0.0000e+00
        392  43.909592    0.02715     1.6292     97.750      7.136  51330.926    31.5777     3.4896      7.070    7.50746     3.4889    25.1119   13.41025 5.2073e-02 0.0000e+00
        393  43.909595    0.02722     1.6333     98.000      7.214  51331.135    31.5778     3.4895      7.146    7.50748     3.4888    25.1120   13.41027 4.9799e-02 0.0000e+00
        394  43.909598    0.02729     1.6375     98.250      7.307  51331.390    31.5779     3.4894      7.239    7.50749     3.4888    25.1121   13.41029 4.8335e-02 0.0000e+00
        395  43.909601    0.02736     1.6417     98.500      7.434  51331.681    31.5780     3.4893      7.364    7.50750     3.4887    25.1122   13.41031 4.7654e-02 0.0000e+00
        396  43.909604    0.02743     1.6458     98.750      7.603  51331.876    31.5780     3.4893      7.532    7.50751     3.4887    25.1122   13.41031 4.7576e-02 0.0000e+00
        397  43.909606    0.02750     1.6500     99.000      7.813  51331.891    31.5779     3.4892      7.739    7.50752     3.4885    25.1121   13.41033 4.7786e-02 0.0000e+00
        398  43.909609    0.02757     1.6542     99.250      8.052  51331.805    31.5777     3.4892      7.976    7.50754     3.4882    25.1119   13.41037 4.7917e-02 0.0000e+00
        399  43.909612    0.02764     1.6583     99.500      8.300  51331.716    31.5775     3.4890      8.222    7.50758     3.4878    25.1118   13.41045 4.7597e-02 0.0000e+00
        400  43.909615    0.02771     1.6625     99.750      8.536  51331.663    31.5772     3.4887      8.455    7.50765     3.4873    25.1116   13.41056 4.6673e-02 0.0000e+00
        401  43.909618    0.02778     1.6667    100.000      8.738  51331.852    31.5772     3.4883      8.656    7.50773     3.4870    25.1116   13.41069 4.5384e-02 0.0000e+00
        402  43.909621    0.02785     1.6708    100.250      8.897  51332.388    31.5773     3.4878      8.813    7.50780     3.4867    25.1118   13.41081 4.3992e-02 0.0000e+00
        403  43.909624    0.02792     1.6750    100.500      9.010  51332.974    31.5776     3.4875      8.926    7.50786     3.4865    25.1120   13.41090 4.2628e-02 0.0000e+00
        404  43.909627    0.02799     1.6792    100.750      9.088  51333.405    31.5777     3.4872      9.004    7.50790     3.4864    25.1122   13.41096 4.1423e-02 0.0000e+00
        405  43.909630    0.02806     1.6833    101.000      9.149  51333.657    31.5778     3.4870      9.064    7.50793     3.4863    25.1123   13.41100 4.0501e-02 0.0000e+00
        406  43.909633    0.02813     1.6875    101.250      9.216  51333.741    31.5778     3.4869      9.130    7.50795     3.4862    25.1123   13.41104 3.9973e-02 0.0000e+00
        407  43.909635    0.02819     1.6917    101.500      9.312  51333.781    31.5778     3.4868      9.225    7.50797     3.4860    25.1122   13.41107 3.9920e-02 0.0000e+00
        408  43.909638    0.02826     1.6958    101.750      9.456  51333.989    31.5778     3.4867      9.367    7.50798     3.4860    25.1123   13.41110 4.0398e-02 0.0000e+00
        409  43.909641    0.02833     1.7000    102.000      9.654  51334.470    31.5780     3.4866      9.564    7.50800     3.4860    25.1124   13.41111 4.1539e-02 0.0000e+00
        410  43.909644    0.02840     1.7042    102.250      9.902  51335.022    31.5783     3.4865      9.809    7.50800     3.4861    25.1126   13.41111 4.3591e-02 0.0000e+00
        411  43.909647    0.02847     1.7083    102.500     10.180  51335.346    31.5784     3.4866     10.085    7.50798     3.4862    25.1127   13.41109 4.5993e-02 0.0000e+00
        412  43.909650    0.02854     1.7125    102.750     10.465  51335.330    31.5782     3.4867     10.367    7.50797     3.4862    25.1126   13.41106 4.7782e-02 0.0000e+00
        413  43.909653    0.02861     1.7167    103.000     10.729  51335.175    31.5780     3.4868     10.628    7.50796     3.4861    25.1124   13.41106 4.8023e-02 0.0000e+00
        414  43.909656    0.02868     1.7208    103.250     10.951  51335.105    31.5779     3.4868     10.849    7.50797     3.4860    25.1123   13.41107 4.6039e-02 0.0000e+00
        415  43.909659    0.02875     1.7250    103.500     11.123  51335.166    31.5778     3.4867     11.019    7.50798     3.4860    25.1122   13.41109 4.3240e-02 0.0000e+00
        416  43.909661    0.02882     1.7292    103.750     11.249  51335.492    31.5780     3.4867     11.143    7.50799     3.4861    25.1124   13.41111 4.1172e-02 0.0000e+00
        417  43.909664    0.02889     1.7333    104.000     11.340  51336.135    31.5783     3.4866     11.233    7.50798     3.4864    25.1127   13.41108 3.9868e-02 0.0000e+00
        418  43.909667    0.02896     1.7375    104.250     11.417  51336.904    31.5788     3.4867     11.310    7.50793     3.4869    25.1131   13.41100 3.9085e-02 0.0000e+00
        419  43.909670    0.02903     1.7417    104.500     11.506  51337.759    31.5794     3.4870     11.398    7.50785     3.4877    25.1135   13.41085 3.8616e-02 0.0000e+00
        420  43.909673    0.02910     1.7458    104.750     11.627  51338.916    31.5803     3.4876     11.518    7.50771     3.4890    25.1142   13.41061 3.8335e-02 0.0000e+00
        421  43.909676    0.02917     1.7500    105.000     11.795  51340.588    31.5815     3.4884     11.685    7.50748     3.4909    25.1151   13.41022 3.8166e-02 0.0000e+00
        422  43.909679    0.02924     1.7542    105.250     12.015  51342.348    31.5830     3.4898     11.903    7.50716     3.4930    25.1161   13.40967 3.8064e-02 0.0000e+00
        423  43.909682    0.02931     1.7583    105.500     12.280  51342.952    31.5837     3.4916     12.165    7.50678     3.4949    25.1165   13.40903 3.8004e-02 0.0000e+00
        424  43.909685    0.02937     1.7625    105.750     12.575  51341.998    31.5834     3.4938     12.457    7.50640     3.4963    25.1161   13.40841 3.7967e-02 0.0000e+00
        425  43.909687    0.02944     1.7667    106.000     12.880  51340.358    31.5826     3.4957     12.759    7.50609     3.4973    25.1153   13.40791 3.7945e-02 0.0000e+00
        426  43.909690    0.02951     1.7708    106.250     13.174  51338.713    31.5817     3.4971     13.051    7.50586     3.4978    25.1145   13.40755 3.7932e-02 0.0000e+00
        427  43.909693    0.02958     1.7750    106.500     13.442  51337.361    31.5809     3.4981     13.316    7.50572     3.4981    25.1138   13.40733 3.7924e-02 0.0000e+00
        428  43.909696    0.02965     1.7792    106.750     13.674  51336.452    31.5803     3.4986     13.546    7.50565     3.4981    25.1133   13.40722 3.7919e-02 0.0000e+00
        429  43.909699    0.02972     1.7833    107.000     13.871  51335.881    31.5799     3.4989     13.741    7.50562     3.4981    25.1129   13.40718 3.7916e-02 0.0000e+00
        430  43.909702    0.02979     1.7875    107.250     14.038  51335.630    31.5797     3.4990     13.906    7.50562     3.4981    25.1127   13.40718 3.7915e-02 0.0000e+00
        431  43.909705    0.02986     1.7917    107.500     14.183  51335.744    31.5797     3.4989     14.051    7.50563     3.4981    25.1127   13.40719 3.7914e-02 0.0000e+00
        432  43.909708    0.02993     1.7958    107.750     14.323  51336.064    31.5798     3.4989     14.189    7.50563     3.4982    25.1128   13.40719 3.7913e-02 0.0000e+00
        433  43.909711    0.03000     1.8000    108.000     14.473  51336.533    31.5801     3.4990     14.337    7.50561     3.4984    25.1130   13.40716 3.7913e-02 0.0000e+00
        434  43.909714    0.03007     1.8042    108.250     14.649  51337.258    31.5805     3.4990     14.511    7.50558     3.4987    25.1133   13.40709 3.7912e-02 0.0000e+00
        435  43.909716    0.03014     1.8083    108.500     14.862  51337.917    31.5809     3.4992     14.722    7.50552     3.4990    25.1136   13.40699 3.7912e-02 0.0000e+00
        436  43.909719    0.03021     1.8125    108.750     15.119  51338.153    31.5810     3.4995     14.977    7.50545     3.4993    25.1137   13.40688 3.7912e-02 0.0000e+00
        437  43.909722    0.03028     1.8167    109.000     15.417  51338.265    31.5810     3.4999     15.272    7.50539     3.4995    25.1137   13.40678 3.7912e-02 0.0000e+00
        438  43.909725    0.03035     1.8208    109.250     15.745  51338.572    31.5811     3.5002     15.597    7.50533     3.4998    25.1137   13.40668 3.7912e-02 0.0000e+00
        439  43.909728    0.03042     1.8250    109.500     16.087  51338.927    31.5813     3.5005     15.936    7.50527     3.5001    25.1138   13.40657 3.7912e-02 0.0000e+00
        440  43.909731    0.03049     1.8292    109.750     16.422  51339.193    31.5813     3.5008     16.267    7.50520     3.5005    25.1138   13.40647 3.7912e-02 0.0000e+00
        441  43.909734    0.03056     1.8333    110.000     16.727  51339.526    31.5815     3.5011     16.569    7.50514     3.5009    25.1139   13.40636 3.7912e-02 0.0000e+00
        442  43.909737    0.03062     1.8375    110.250     16.987  51339.847    31.5817     3.5015     16.827    7.50507     3.5012    25.1140   13.40623 3.7912e-02 0.0000e+00
        443  43.909740    0.03069     1.8417    110.500     17.198  51339.837    31.5816     3.5019     17.036    7.50500     3.5015    25.1140   13.40612 3.7912e-02 0.0000e+00
        444  43.909742    0.03076     1.8458    110.750     17.367  51339.593    31.5814     3.5022     17.204    7.50494     3.5017    25.1138   13.40602 3.7912e-02 0.0000e+00
        445  43.909745    0.03083     1.8500    111.000     17.506  51339.395    31.5813     3.5025     17.342    7.50489     3.5018    25.1137   13.40595 3.7912e-02 0.0000e+00
        446  43.909748    0.03090     1.8542    111.250     17.635  51339.264    31.5812     3.5027     17.469    7.50486     3.5019    25.1136   13.40589 3.7912e-02 0.0000e+00
        447  43.909751    0.03097     1.8583    111.500     17.776  51339.216    31.5811     3.5029     17.608    7.50484     3.5019    25.1135   13.40586 3.7912e-02 0.0000e+00
        448  43.909754    0.03104     1.8625    111.750     17.945  51339.298    31.5811     3.5030     17.776    7.50482     3.5019    25.1135   13.40584 3.7912e-02 0.0000e+00
        449  43.909757    0.03111     1.8667    112.000     18.156  51339.365    31.5811     3.5030     17.985    7.50481     3.5019    25.1135   13.40582 3.7912e-02 0.0000e+00
        450  43.909760    0.03118     1.8708    112.250     18.411  51339.288    31.5809     3.5031     18.238    7.50481     3.5019    25.1133   13.40582 3.7912e-02 0.0000e+00
        451  43.909763    0.03125     1.8750    112.500     18.708  51339.346    31.5808     3.5031     18.533    7.50481     3.5020    25.1132   13.40583 3.7912e-02 0.0000e+00
