CTD-processing/allCTD/CNV--turbid/2013_06-06_t9_s09_cast153.cnv
* Sea-Bird SBE19plus Data File:
* FileName = C:\Documents and Settings\kbayadmin\My Documents\CTD data\2013-06-06 Kachemak Bay all bay inner bay\2013-06-06 Kachemak Bay All Bay Inner Bay cast153.hex
* Software Version 1.59
* Temperature SN =  5028
* Conductivity SN =  5028
* System UpLoad Time = Jun 18 2013 15:39:03
** Kachemak Bay All Bay Inner Bay
** 2013-06-06
** Station: 9.09
** N': 59 35.546
** W': 151 23.952
** Start Time: 1025
** Depth(ft): 258
# nquan = 16
# nvalues = 607                         
# units = specified
# name 0 = scan: Scan Count
# name 1 = timeJ: Julian Days
# name 2 = timeH: Time, Elapsed [hours]
# name 3 = timeM: Time, Elapsed [minutes]
# name 4 = timeS: Time, Elapsed [seconds]
# name 5 = prdM: Pressure, Strain Gauge [db]
# name 6 = specc: Specific Conductance [uS/cm]
# name 7 = sal00: Salinity, Practical [PSU]
# name 8 = tv290C: Temperature [ITS-90, deg C]
# name 9 = depSM: Depth [salt water, m], lat = 59.00
# name 10 = oxsolML/L: Oxygen Saturation, Garcia & Gordon [ml/l]
# name 11 = potemp090C: Potential Temperature [ITS-90, deg C]
# name 12 = sigma-é00: Density [sigma-theta, kg/m^3]
# name 13 = n2satML/L: Nitrogen Saturation [ml/l]
# name 14 = par: PAR/Irradiance, Biospherical/Licor
# name 15 = flag:  0.000e+00
# span 0 =          1,        607       
# span 1 = 157.434410, 157.436163       
# span 2 =    0.00000,    0.04208       
# span 3 =     0.0000,     2.5250       
# span 4 =      0.000,    151.500       
# span 5 =      0.000,     73.211       
# span 6 =    957.919,  51141.914       
# span 7 =     0.4735,    31.7524       
# span 8 =     4.9197,     9.1081       
# span 9 =      0.000,     72.514       
# span 10 =    6.66978,    8.11982      
# span 11 =     4.9146,     9.1081      
# span 12 =     0.1779,    25.1106      
# span 13 =   12.04985,   14.87398      
# span 14 = 5.9298e-02, 1.7336e+03      
# span 15 = 0.0000e+00, 0.0000e+00      
# interval = seconds: 0.25
# start_time = Jun 06 2013 10:25:33 [Instrument's time stamp, header]
# bad_flag = -9.990e-29
*END*
[from data line 362]
        363 157.435457    0.02514     1.5083     90.500     15.622  50271.775    31.3774     5.8701     15.476    7.09858     5.7688    24.7066   12.73771 2.5959e+00 0.0000e+00
        364 157.435460    0.02521     1.5125     90.750     15.901  50326.337    31.4048     5.8184     15.752    7.10595     5.7264    24.7343   12.74954 2.4235e+00 0.0000e+00
        365 157.435463    0.02528     1.5167     91.000     16.176  50381.838    31.4334     5.7700     16.025    7.11271     5.6923    24.7626   12.76034 2.2693e+00 0.0000e+00
        366 157.435466    0.02535     1.5208     91.250     16.445  50434.973    31.4616     5.7276     16.291    7.11850     5.6668    24.7898   12.76954 2.1322e+00 0.0000e+00
        367 157.435469    0.02542     1.5250     91.500     16.705  50479.803    31.4856     5.6936     16.549    7.12308     5.6476    24.8127   12.77680 2.0097e+00 0.0000e+00
        368 157.435472    0.02549     1.5292     91.750     16.959  50512.617    31.5031     5.6681     16.800    7.12654     5.6321    24.8294   12.78231 1.8988e+00 0.0000e+00
        369 157.435475    0.02556     1.5333     92.000     17.206  50534.982    31.5145     5.6489     17.044    7.12922     5.6168    24.8407   12.78658 1.7984e+00 0.0000e+00
        370 157.435477    0.02562     1.5375     92.250     17.444  50549.317    31.5212     5.6334     17.280    7.13152     5.5992    24.8478   12.79030 1.7077e+00 0.0000e+00
        371 157.435480    0.02569     1.5417     92.500     17.673  50560.405    31.5256     5.6182     17.507    7.13389     5.5795    24.8531   12.79415 1.6250e+00 0.0000e+00
        372 157.435483    0.02576     1.5458     92.750     17.894  50575.099    31.5321     5.6006     17.726    7.13655     5.5599    24.8602   12.79847 1.5477e+00 0.0000e+00
        373 157.435486    0.02583     1.5500     93.000     18.108  50595.007    31.5418     5.5809     17.938    7.13942     5.5425    24.8701   12.80308 1.4734e+00 0.0000e+00
        374 157.435489    0.02590     1.5542     93.250     18.319  50617.609    31.5533     5.5613     18.147    7.14219     5.5285    24.8815   12.80750 1.4004e+00 0.0000e+00
        375 157.435492    0.02597     1.5583     93.500     18.529  50639.569    31.5648     5.5439     18.355    7.14458     5.5181    24.8926   12.81131 1.3277e+00 0.0000e+00
        376 157.435495    0.02604     1.5625     93.750     18.738  50658.067    31.5746     5.5300     18.562    7.14648     5.5106    24.9019   12.81432 1.2552e+00 0.0000e+00
        377 157.435498    0.02611     1.5667     94.000     18.946  50672.033    31.5820     5.5195     18.768    7.14789     5.5050    24.9090   12.81656 1.1833e+00 0.0000e+00
        378 157.435501    0.02618     1.5708     94.250     19.152  50681.713    31.5871     5.5121     18.972    7.14891     5.5006    24.9138   12.81819 1.1125e+00 0.0000e+00
        379 157.435503    0.02625     1.5750     94.500     19.356  50688.520    31.5905     5.5065     19.174    7.14969     5.4969    24.9172   12.81942 1.0432e+00 0.0000e+00
        380 157.435506    0.02632     1.5792     94.750     19.559  50693.927    31.5933     5.5020     19.375    7.15032     5.4941    24.9198   12.82042 9.7596e-01 0.0000e+00
        381 157.435509    0.02639     1.5833     95.000     19.763  50698.357    31.5955     5.4984     19.578    7.15083     5.4919    24.9220   12.82124 9.1170e-01 0.0000e+00
        382 157.435512    0.02646     1.5875     95.250     19.971  50701.794    31.5971     5.4956     19.784    7.15123     5.4900    24.9236   12.82187 8.5135e-01 0.0000e+00
        383 157.435515    0.02653     1.5917     95.500     20.183  50704.274    31.5983     5.4934     19.993    7.15154     5.4876    24.9248   12.82238 7.9557e-01 0.0000e+00
        384 157.435518    0.02660     1.5958     95.750     20.396  50705.835    31.5989     5.4916     20.205    7.15183     5.4833    24.9255   12.82285 7.4474e-01 0.0000e+00
        385 157.435521    0.02667     1.6000     96.000     20.611  50707.047    31.5991     5.4892     20.417    7.15223     5.4761    24.9259   12.82351 6.9886e-01 0.0000e+00
        386 157.435524    0.02674     1.6042     96.250     20.825  50709.668    31.5999     5.4849     20.630    7.15292     5.4664    24.9271   12.82464 6.5776e-01 0.0000e+00
        387 157.435527    0.02681     1.6083     96.500     21.039  50715.792    31.6025     5.4777     20.841    7.15401     5.4556    24.9300   12.82641 6.2123e-01 0.0000e+00
        388 157.435530    0.02688     1.6125     96.750     21.250  50725.440    31.6071     5.4680     21.050    7.15544     5.4449    24.9347   12.82871 5.8888e-01 0.0000e+00
        389 157.435532    0.02694     1.6167     97.000     21.456  50736.317    31.6123     5.4572     21.254    7.15701     5.4346    24.9400   12.83125 5.5985e-01 0.0000e+00
        390 157.435535    0.02701     1.6208     97.250     21.659  50746.152    31.6167     5.4465     21.455    7.15862     5.4247    24.9448   12.83384 5.3319e-01 0.0000e+00
        391 157.435538    0.02708     1.6250     97.500     21.859  50754.252    31.6201     5.4363     21.653    7.16020     5.4151    24.9486   12.83642 5.0824e-01 0.0000e+00
        392 157.435541    0.02715     1.6292     97.750     22.059  50761.086    31.6227     5.4263     21.851    7.16177     5.4057    24.9517   12.83897 4.8435e-01 0.0000e+00
        393 157.435544    0.02722     1.6333     98.000     22.262  50767.085    31.6247     5.4167     22.052    7.16331     5.3967    24.9544   12.84148 4.6102e-01 0.0000e+00
        394 157.435547    0.02729     1.6375     98.250     22.469  50773.360    31.6270     5.4074     22.258    7.16479     5.3883    24.9573   12.84390 4.3808e-01 0.0000e+00
        395 157.435550    0.02736     1.6417     98.500     22.681  50781.282    31.6305     5.3983     22.467    7.16617     5.3810    24.9611   12.84613 4.1557e-01 0.0000e+00
        396 157.435553    0.02743     1.6458     98.750     22.894  50790.311    31.6349     5.3899     22.679    7.16738     5.3749    24.9655   12.84808 3.9373e-01 0.0000e+00
        397 157.435556    0.02750     1.6500     99.000     23.106  50798.953    31.6392     5.3827     22.889    7.16841     5.3700    24.9697   12.84972 3.7281e-01 0.0000e+00
        398 157.435558    0.02757     1.6542     99.250     23.315  50806.185    31.6428     5.3767     23.096    7.16926     5.3659    24.9733   12.85108 3.5293e-01 0.0000e+00
        399 157.435561    0.02764     1.6583     99.500     23.522  50811.571    31.6454     5.3718     23.301    7.16997     5.3623    24.9759   12.85222 3.3416e-01 0.0000e+00
        400 157.435564    0.02771     1.6625     99.750     23.728  50815.400    31.6471     5.3677     23.505    7.17059     5.3590    24.9777   12.85321 3.1659e-01 0.0000e+00
        401 157.435567    0.02778     1.6667    100.000     23.933  50818.254    31.6482     5.3641     23.708    7.17114     5.3559    24.9790   12.85411 3.0036e-01 0.0000e+00
        402 157.435570    0.02785     1.6708    100.250     24.137  50820.559    31.6490     5.3609     23.911    7.17166     5.3527    24.9800   12.85496 2.8563e-01 0.0000e+00
        403 157.435573    0.02792     1.6750    100.500     24.340  50822.685    31.6497     5.3577     24.112    7.17217     5.3495    24.9809   12.85579 2.7245e-01 0.0000e+00
        404 157.435576    0.02799     1.6792    100.750     24.543  50824.579    31.6503     5.3545     24.312    7.17268     5.3461    24.9817   12.85662 2.6078e-01 0.0000e+00
        405 157.435579    0.02806     1.6833    101.000     24.748  50825.996    31.6505     5.3514     24.515    7.17321     5.3422    24.9822   12.85750 2.5051e-01 0.0000e+00
        406 157.435582    0.02813     1.6875    101.250     24.956  50827.473    31.6507     5.3479     24.722    7.17379     5.3381    24.9828   12.85845 2.4149e-01 0.0000e+00
        407 157.435584    0.02819     1.6917    101.500     25.169  50829.816    31.6514     5.3441     24.932    7.17441     5.3340    24.9837   12.85947 2.3371e-01 0.0000e+00
        408 157.435587    0.02826     1.6958    101.750     25.384  50833.129    31.6527     5.3399     25.145    7.17505     5.3303    24.9852   12.86052 2.2708e-01 0.0000e+00
        409 157.435590    0.02833     1.7000    102.000     25.600  50836.807    31.6543     5.3359     25.359    7.17567     5.3272    24.9869   12.86152 2.2139e-01 0.0000e+00
        410 157.435593    0.02840     1.7042    102.250     25.817  50840.316    31.6559     5.3322     25.574    7.17622     5.3246    24.9886   12.86241 2.1641e-01 0.0000e+00
        411 157.435596    0.02847     1.7083    102.500     26.037  50843.456    31.6573     5.3291     25.791    7.17669     5.3225    24.9900   12.86317 2.1195e-01 0.0000e+00
        412 157.435599    0.02854     1.7125    102.750     26.258  50846.047    31.6584     5.3265     26.011    7.17708     5.3207    24.9912   12.86379 2.0789e-01 0.0000e+00
        413 157.435602    0.02861     1.7167    103.000     26.481  50847.982    31.6592     5.3244     26.231    7.17739     5.3192    24.9921   12.86430 2.0406e-01 0.0000e+00
        414 157.435605    0.02868     1.7208    103.250     26.706  50849.235    31.6596     5.3227     26.454    7.17767     5.3176    24.9926   12.86475 2.0037e-01 0.0000e+00
        415 157.435608    0.02875     1.7250    103.500     26.932  50849.838    31.6596     5.3212     26.678    7.17793     5.3158    24.9928   12.86518 1.9680e-01 0.0000e+00
        416 157.435611    0.02882     1.7292    103.750     27.159  50849.929    31.6592     5.3196     26.903    7.17821     5.3134    24.9927   12.86565 1.9337e-01 0.0000e+00
        417 157.435613    0.02889     1.7333    104.000     27.383  50849.791    31.6586     5.3178     27.125    7.17856     5.3105    24.9924   12.86623 1.9008e-01 0.0000e+00
        418 157.435616    0.02896     1.7375    104.250     27.604  50849.889    31.6581     5.3155     27.344    7.17898     5.3072    24.9922   12.86693 1.8700e-01 0.0000e+00
        419 157.435619    0.02903     1.7417    104.500     27.821  50850.938    31.6581     5.3126     27.559    7.17947     5.3039    24.9926   12.86774 1.8417e-01 0.0000e+00
        420 157.435622    0.02910     1.7458    104.750     28.036  50852.781    31.6586     5.3093     27.772    7.18000     5.3006    24.9933   12.86862 1.8101e-01 0.0000e+00
        421 157.435625    0.02917     1.7500    105.000     28.253  50854.304    31.6588     5.3060     27.987    7.18055     5.2971    24.9939   12.86952 1.7669e-01 0.0000e+00
        422 157.435628    0.02924     1.7542    105.250     28.474  50855.267    31.6587     5.3027     28.206    7.18112     5.2936    24.9942   12.87047 1.7149e-01 0.0000e+00
        423 157.435631    0.02931     1.7583    105.500     28.700  50856.206    31.6585     5.2993     28.430    7.18172     5.2903    24.9944   12.87146 1.6602e-01 0.0000e+00
        424 157.435634    0.02937     1.7625    105.750     28.931  50857.825    31.6587     5.2958     28.659    7.18230     5.2872    24.9950   12.87242 1.6045e-01 0.0000e+00
        425 157.435637    0.02944     1.7667    106.000     29.165  50859.852    31.6593     5.2925     28.891    7.18284     5.2843    24.9958   12.87330 1.5490e-01 0.0000e+00
        426 157.435639    0.02951     1.7708    106.250     29.399  50861.299    31.6596     5.2894     29.122    7.18335     5.2815    24.9963   12.87414 1.4944e-01 0.0000e+00
        427 157.435642    0.02958     1.7750    106.500     29.629  50862.637    31.6598     5.2865     29.350    7.18384     5.2788    24.9968   12.87494 1.4416e-01 0.0000e+00
        428 157.435645    0.02965     1.7792    106.750     29.853  50864.349    31.6602     5.2837     29.572    7.18430     5.2763    24.9975   12.87569 1.3914e-01 0.0000e+00
        429 157.435648    0.02972     1.7833    107.000     30.069  50866.104    31.6608     5.2811     29.785    7.18473     5.2740    24.9983   12.87640 1.3444e-01 0.0000e+00
        430 157.435651    0.02979     1.7875    107.250     30.275  50868.026    31.6615     5.2786     29.990    7.18512     5.2718    24.9991   12.87704 1.3012e-01 0.0000e+00
        431 157.435654    0.02986     1.7917    107.500     30.474  50870.099    31.6623     5.2762     30.187    7.18548     5.2699    25.0000   12.87762 1.2612e-01 0.0000e+00
        432 157.435657    0.02993     1.7958    107.750     30.671  50872.196    31.6632     5.2741     30.382    7.18580     5.2682    25.0009   12.87814 1.2238e-01 0.0000e+00
        433 157.435660    0.03000     1.8000    108.000     30.868  50874.439    31.6643     5.2722     30.577    7.18608     5.2667    25.0020   12.87858 1.1888e-01 0.0000e+00
        434 157.435663    0.03007     1.8042    108.250     31.068  50876.681    31.6654     5.2705     30.775    7.18631     5.2650    25.0030   12.87896 1.1565e-01 0.0000e+00
        435 157.435666    0.03014     1.8083    108.500     31.269  50878.529    31.6662     5.2690     30.975    7.18654     5.2631    25.0039   12.87932 1.1271e-01 0.0000e+00
        436 157.435668    0.03021     1.8125    108.750     31.470  50879.542    31.6665     5.2674     31.174    7.18680     5.2607    25.0043   12.87975 1.1006e-01 0.0000e+00
        437 157.435671    0.03028     1.8167    109.000     31.670  50879.825    31.6662     5.2654     31.371    7.18715     5.2578    25.0043   12.88032 1.0772e-01 0.0000e+00
        438 157.435674    0.03035     1.8208    109.250     31.869  50880.065    31.6657     5.2630     31.569    7.18758     5.2545    25.0042   12.88104 1.0566e-01 0.0000e+00
        439 157.435677    0.03042     1.8250    109.500     32.068  50880.708    31.6655     5.2601     31.766    7.18809     5.2510    25.0043   12.88188 1.0389e-01 0.0000e+00
        440 157.435680    0.03049     1.8292    109.750     32.267  50881.685    31.6654     5.2569     31.962    7.18865     5.2474    25.0046   12.88280 1.0228e-01 0.0000e+00
        441 157.435683    0.03056     1.8333    110.000     32.465  50882.947    31.6654     5.2535     32.158    7.18924     5.2439    25.0050   12.88377 1.0076e-01 0.0000e+00
        442 157.435686    0.03062     1.8375    110.250     32.664  50884.720    31.6657     5.2499     32.356    7.18983     5.2407    25.0057   12.88476 9.9364e-02 0.0000e+00
        443 157.435689    0.03069     1.8417    110.500     32.867  50887.004    31.6665     5.2463     32.557    7.19040     5.2379    25.0066   12.88569 9.8149e-02 0.0000e+00
        444 157.435692    0.03076     1.8458    110.750     33.075  50889.562    31.6675     5.2431     32.763    7.19091     5.2356    25.0078   12.88652 9.7042e-02 0.0000e+00
        445 157.435694    0.03083     1.8500    111.000     33.288  50891.979    31.6684     5.2403     32.974    7.19134     5.2336    25.0089   12.88721 9.5978e-02 0.0000e+00
        446 157.435697    0.03090     1.8542    111.250     33.502  50893.910    31.6692     5.2380     33.186    7.19169     5.2319    25.0097   12.88779 9.4996e-02 0.0000e+00
        447 157.435700    0.03097     1.8583    111.500     33.712  50895.424    31.6697     5.2361     33.394    7.19200     5.2304    25.0104   12.88829 9.4146e-02 0.0000e+00
        448 157.435703    0.03104     1.8625    111.750     33.916  50896.954    31.6703     5.2344     33.596    7.19226     5.2292    25.0110   12.88872 9.3398e-02 0.0000e+00
        449 157.435706    0.03111     1.8667    112.000     34.112  50898.683    31.6711     5.2329     33.790    7.19248     5.2281    25.0118   12.88907 9.2701e-02 0.0000e+00
        450 157.435709    0.03118     1.8708    112.250     34.304  50900.068    31.6717     5.2317     33.981    7.19267     5.2269    25.0124   12.88936 9.2032e-02 0.0000e+00
        451 157.435712    0.03125     1.8750    112.500     34.497  50900.684    31.6718     5.2306     34.172    7.19284     5.2253    25.0126   12.88965 9.1367e-02 0.0000e+00
