CTD-processing/allCTD/CNV--turbid/2013_02-12_alongbay_skb12_cast044.cnv
* Sea-Bird SBE19plus Data File:
* FileName = C:\Documents and Settings\kris.holderied.local\My Documents\2012-2013-CTD-DATA-new-files\2013-02-EVOSTC-CookInlet\2013-02-12-along-KBay-line\2012-02-12-Along-KBay-line-cast044.hex
* Software Version 1.54
* Temperature SN =  5028
* Conductivity SN =  5028
* System UpLoad Time = Mar 14 2013 23:57:10
** Kachemak Bay - along-bay transect, west to east
** Date:  12 Feb 2013
** Station: KB-11
** Start time (AKDT-24 hr): 21:37
** Depth (m): 51
** Comment: CTD time set wrong by 2 hours
** Comment: Supplement to Gulf Watch sampling
# nquan = 16
# nvalues = 599                         
# units = specified
# name 0 = scan: Scan Count
# name 1 = timeJ: Julian Days
# name 2 = timeH: Time, Elapsed [hours]
# name 3 = timeM: Time, Elapsed [minutes]
# name 4 = timeS: Time, Elapsed [seconds]
# name 5 = prdM: Pressure, Strain Gauge [db]
# name 6 = specc: Specific Conductance [uS/cm]
# name 7 = sal00: Salinity, Practical [PSU]
# name 8 = tv290C: Temperature [ITS-90, deg C]
# name 9 = depSM: Depth [salt water, m], lat = 59.00
# name 10 = oxsolML/L: Oxygen Saturation, Garcia & Gordon [ml/l]
# name 11 = potemp090C: Potential Temperature [ITS-90, deg C]
# name 12 = sigma-é00: Density [sigma-theta, kg/m^3]
# name 13 = n2satML/L: Nitrogen Saturation [ml/l]
# name 14 = par: PAR/Irradiance, Biospherical/Licor
# name 15 = flag:  0.000e+00
# span 0 =          1,        599       
# span 1 =  43.984676,  43.986406       
# span 2 =    0.00000,    0.04153       
# span 3 =     0.0000,     2.4917       
# span 4 =      0.000,    149.500       
# span 5 =     -0.123,     43.654       
# span 6 =    208.520,  51357.558       
# span 7 =     0.0906,    31.5971       
# span 8 =     0.8925,     3.5695       
# span 9 =     -0.122,     43.241       
# span 10 =    7.49176,    9.96330      
# span 11 =     0.8925,     3.5669      
# span 12 =    -0.0283,    25.1209      
# span 13 =   13.38409,   17.97440      
# span 14 = 3.7912e-02, 7.4953e+00      
# span 15 = 0.0000e+00, 0.0000e+00      
# interval = seconds: 0.25
# start_time = Feb 12 2013 23:37:56 [Instrument's time stamp, header]
# bad_flag = -9.990e-29
*END*
[from data line 362]
        363  43.985723    0.02514     1.5083     90.500      7.631  51317.935    31.5181     3.2901      7.560    7.54755     3.2897    25.0819   13.47718 6.0468e-02 0.0000e+00
        364  43.985726    0.02521     1.5125     90.750      7.729  51318.330    31.5183     3.2901      7.657    7.54754     3.2898    25.0821   13.47716 5.8718e-02 0.0000e+00
        365  43.985729    0.02528     1.5167     91.000      7.847  51318.571    31.5184     3.2902      7.774    7.54752     3.2900    25.0822   13.47713 5.7405e-02 0.0000e+00
        366  43.985732    0.02535     1.5208     91.250      7.987  51318.656    31.5184     3.2903      7.912    7.54750     3.2901    25.0822   13.47709 5.6339e-02 0.0000e+00
        367  43.985735    0.02542     1.5250     91.500      8.145  51318.724    31.5185     3.2904      8.068    7.54748     3.2902    25.0822   13.47705 5.5136e-02 0.0000e+00
        368  43.985738    0.02549     1.5292     91.750      8.315  51318.841    31.5185     3.2905      8.237    7.54745     3.2903    25.0822   13.47701 5.3559e-02 0.0000e+00
        369  43.985741    0.02556     1.5333     92.000      8.494  51319.131    31.5186     3.2907      8.415    7.54742     3.2906    25.0823   13.47696 5.1684e-02 0.0000e+00
        370  43.985744    0.02562     1.5375     92.250      8.677  51319.572    31.5189     3.2909      8.595    7.54737     3.2911    25.0825   13.47688 4.9750e-02 0.0000e+00
        371  43.985747    0.02569     1.5417     92.500      8.857  51319.969    31.5191     3.2912      8.774    7.54730     3.2916    25.0826   13.47676 4.7977e-02 0.0000e+00
        372  43.985749    0.02576     1.5458     92.750      9.035  51320.263    31.5193     3.2916      8.950    7.54721     3.2921    25.0828   13.47661 4.6387e-02 0.0000e+00
        373  43.985752    0.02583     1.5500     93.000      9.213  51320.349    31.5194     3.2921      9.126    7.54711     3.2926    25.0828   13.47643 4.4963e-02 0.0000e+00
        374  43.985755    0.02590     1.5542     93.250      9.397  51320.075    31.5193     3.2927      9.308    7.54701     3.2929    25.0827   13.47627 4.3956e-02 0.0000e+00
        375  43.985758    0.02597     1.5583     93.500      9.590  51319.523    31.5189     3.2931      9.499    7.54694     3.2930    25.0823   13.47616 4.3840e-02 0.0000e+00
        376  43.985761    0.02604     1.5625     93.750      9.795  51318.924    31.5185     3.2935      9.702    7.54690     3.2928    25.0820   13.47610 4.5099e-02 0.0000e+00
        377  43.985764    0.02611     1.5667     94.000     10.010  51318.461    31.5181     3.2936      9.916    7.54690     3.2925    25.0816   13.47611 4.8255e-02 0.0000e+00
        378  43.985767    0.02618     1.5708     94.250     10.233  51318.134    31.5177     3.2935     10.137    7.54695     3.2921    25.0814   13.47619 5.4170e-02 0.0000e+00
        379  43.985770    0.02625     1.5750     94.500     10.459  51318.185    31.5175     3.2931     10.361    7.54702     3.2917    25.0813   13.47631 6.4421e-02 0.0000e+00
        380  43.985773    0.02632     1.5792     94.750     10.685  51318.905    31.5178     3.2927     10.585    7.54709     3.2916    25.0815   13.47642 7.2686e-02 0.0000e+00
        381  43.985775    0.02639     1.5833     95.000     10.907  51319.859    31.5182     3.2924     10.805    7.54713     3.2916    25.0819   13.47648 7.0150e-02 0.0000e+00
        382  43.985778    0.02646     1.5875     95.250     11.126  51320.640    31.5186     3.2922     11.022    7.54713     3.2919    25.0822   13.47648 6.2210e-02 0.0000e+00
        383  43.985781    0.02653     1.5917     95.500     11.341  51321.281    31.5190     3.2923     11.235    7.54710     3.2923    25.0825   13.47642 5.6013e-02 0.0000e+00
        384  43.985784    0.02660     1.5958     95.750     11.554  51321.830    31.5193     3.2925     11.446    7.54704     3.2928    25.0827   13.47631 5.1587e-02 0.0000e+00
        385  43.985787    0.02667     1.6000     96.000     11.768  51322.310    31.5196     3.2929     11.658    7.54695     3.2934    25.0829   13.47616 4.8492e-02 0.0000e+00
        386  43.985790    0.02674     1.6042     96.250     11.986  51322.537    31.5198     3.2934     11.873    7.54684     3.2940    25.0830   13.47597 4.6224e-02 0.0000e+00
        387  43.985793    0.02681     1.6083     96.500     12.212  51322.280    31.5197     3.2941     12.097    7.54673     3.2944    25.0829   13.47579 4.4305e-02 0.0000e+00
        388  43.985796    0.02688     1.6125     96.750     12.451  51321.653    31.5193     3.2946     12.333    7.54664     3.2944    25.0825   13.47566 4.2624e-02 0.0000e+00
        389  43.985799    0.02694     1.6167     97.000     12.711  51320.890    31.5187     3.2950     12.591    7.54660     3.2942    25.0820   13.47560 4.1231e-02 0.0000e+00
        390  43.985802    0.02701     1.6208     97.250     12.987  51320.219    31.5182     3.2951     12.865    7.54661     3.2938    25.0816   13.47562 4.0108e-02 0.0000e+00
        391  43.985804    0.02708     1.6250     97.500     13.258  51320.052    31.5179     3.2949     13.134    7.54666     3.2935    25.0813   13.47571 3.9276e-02 0.0000e+00
        392  43.985807    0.02715     1.6292     97.750     13.515  51320.531    31.5180     3.2946     13.388    7.54673     3.2933    25.0815   13.47582 3.8733e-02 0.0000e+00
        393  43.985810    0.02722     1.6333     98.000     13.760  51321.339    31.5183     3.2942     13.630    7.54677     3.2933    25.0818   13.47589 3.8405e-02 0.0000e+00
        394  43.985813    0.02729     1.6375     98.250     13.993  51322.326    31.5188     3.2941     13.861    7.54678     3.2938    25.0822   13.47589 3.8208e-02 0.0000e+00
        395  43.985816    0.02736     1.6417     98.500     14.216  51323.658    31.5196     3.2942     14.083    7.54673     3.2947    25.0828   13.47580 3.8090e-02 0.0000e+00
        396  43.985819    0.02743     1.6458     98.750     14.434  51325.498    31.5208     3.2946     14.299    7.54658     3.2963    25.0838   13.47554 3.8019e-02 0.0000e+00
        397  43.985822    0.02750     1.6500     99.000     14.652  51327.636    31.5224     3.2956     14.514    7.54632     3.2987    25.0849   13.47508 3.7976e-02 0.0000e+00
        398  43.985825    0.02757     1.6542     99.250     14.875  51329.449    31.5240     3.2972     14.735    7.54593     3.3016    25.0860   13.47443 3.7951e-02 0.0000e+00
        399  43.985828    0.02764     1.6583     99.500     15.106  51330.605    31.5252     3.2995     14.964    7.54543     3.3049    25.0868   13.47358 3.7935e-02 0.0000e+00
        400  43.985830    0.02771     1.6625     99.750     15.344  51331.110    31.5262     3.3024     15.200    7.54484     3.3084    25.0873   13.47259 3.7926e-02 0.0000e+00
        401  43.985833    0.02778     1.6667    100.000     15.583  51331.304    31.5270     3.3057     15.437    7.54419     3.3121    25.0877   13.47150 3.7920e-02 0.0000e+00
        402  43.985836    0.02785     1.6708    100.250     15.814  51331.413    31.5279     3.3093     15.665    7.54348     3.3159    25.0881   13.47033 3.7917e-02 0.0000e+00
        403  43.985839    0.02792     1.6750    100.500     16.032  51331.099    31.5285     3.3130     15.882    7.54275     3.3195    25.0883   13.46912 3.7915e-02 0.0000e+00
        404  43.985842    0.02799     1.6792    100.750     16.239  51330.206    31.5288     3.3168     16.087    7.54203     3.3229    25.0882   13.46793 3.7914e-02 0.0000e+00
        405  43.985845    0.02806     1.6833    101.000     16.437  51328.532    31.5285     3.3205     16.283    7.54136     3.3256    25.0876   13.46683 3.7913e-02 0.0000e+00
        406  43.985848    0.02813     1.6875    101.250     16.631  51326.195    31.5276     3.3238     16.474    7.54078     3.3279    25.0867   13.46588 3.7913e-02 0.0000e+00
        407  43.985851    0.02819     1.6917    101.500     16.825  51324.381    31.5270     3.3266     16.667    7.54029     3.3300    25.0860   13.46509 3.7912e-02 0.0000e+00
        408  43.985854    0.02826     1.6958    101.750     17.027  51323.825    31.5271     3.3289     16.867    7.53986     3.3322    25.0859   13.46437 3.7912e-02 0.0000e+00
        409  43.985856    0.02833     1.7000    102.000     17.240  51323.734    31.5275     3.3310     17.078    7.53944     3.3342    25.0860   13.46367 3.7912e-02 0.0000e+00
        410  43.985859    0.02840     1.7042    102.250     17.463  51323.242    31.5276     3.3332     17.298    7.53903     3.3362    25.0858   13.46301 3.7912e-02 0.0000e+00
        411  43.985862    0.02847     1.7083    102.500     17.691  51322.716    31.5277     3.3352     17.524    7.53865     3.3381    25.0857   13.46237 3.7912e-02 0.0000e+00
        412  43.985865    0.02854     1.7125    102.750     17.917  51322.746    31.5281     3.3372     17.749    7.53827     3.3399    25.0858   13.46174 3.7912e-02 0.0000e+00
        413  43.985868    0.02861     1.7167    103.000     18.136  51322.467    31.5282     3.3391     17.965    7.53791     3.3414    25.0858   13.46113 3.7912e-02 0.0000e+00
        414  43.985871    0.02868     1.7208    103.250     18.342  51320.894    31.5275     3.3409     18.170    7.53760     3.3423    25.0851   13.46063 3.7912e-02 0.0000e+00
        415  43.985874    0.02875     1.7250    103.500     18.535  51319.101    31.5266     3.3424     18.361    7.53737     3.3431    25.0842   13.46027 3.7912e-02 0.0000e+00
        416  43.985877    0.02882     1.7292    103.750     18.717  51318.715    31.5265     3.3434     18.541    7.53719     3.3440    25.0841   13.45998 3.7912e-02 0.0000e+00
        417  43.985880    0.02889     1.7333    104.000     18.892  51319.666    31.5272     3.3442     18.715    7.53701     3.3454    25.0846   13.45967 3.7912e-02 0.0000e+00
        418  43.985883    0.02896     1.7375    104.250     19.066  51321.488    31.5286     3.3451     18.887    7.53676     3.3474    25.0856   13.45924 3.7912e-02 0.0000e+00
        419  43.985885    0.02903     1.7417    104.500     19.242  51324.062    31.5306     3.3465     19.062    7.53641     3.3499    25.0871   13.45862 3.7912e-02 0.0000e+00
        420  43.985888    0.02910     1.7458    104.750     19.421  51326.082    31.5324     3.3485     19.239    7.53594     3.3528    25.0883   13.45783 3.7912e-02 0.0000e+00
        421  43.985891    0.02917     1.7500    105.000     19.603  51326.744    31.5335     3.3511     19.419    7.53541     3.3557    25.0889   13.45694 3.7912e-02 0.0000e+00
        422  43.985894    0.02924     1.7542    105.250     19.785  51326.868    31.5342     3.3539     19.600    7.53485     3.3585    25.0892   13.45600 3.7912e-02 0.0000e+00
        423  43.985897    0.02931     1.7583    105.500     19.968  51326.927    31.5349     3.3568     19.780    7.53428     3.3612    25.0895   13.45505 3.7912e-02 0.0000e+00
        424  43.985900    0.02937     1.7625    105.750     20.148  51326.163    31.5350     3.3597     19.959    7.53373     3.3634    25.0894   13.45415 3.7912e-02 0.0000e+00
        425  43.985903    0.02944     1.7667    106.000     20.324  51324.268    31.5343     3.3624     20.133    7.53327     3.3650    25.0886   13.45339 3.7912e-02 0.0000e+00
        426  43.985906    0.02951     1.7708    106.250     20.494  51322.617    31.5336     3.3646     20.302    7.53289     3.3668    25.0879   13.45279 3.7912e-02 0.0000e+00
        427  43.985909    0.02958     1.7750    106.500     20.659  51324.111    31.5349     3.3662     20.465    7.53252     3.3701    25.0888   13.45216 3.7912e-02 0.0000e+00
        428  43.985911    0.02965     1.7792    106.750     20.817  51330.754    31.5398     3.3680     20.622    7.53194     3.3757    25.0925   13.45113 3.7912e-02 0.0000e+00
        429  43.985914    0.02972     1.7833    107.000     20.970  51339.412    31.5464     3.3713     20.773    7.53098     3.3830    25.0975   13.44946 3.7912e-02 0.0000e+00
        430  43.985917    0.02979     1.7875    107.250     21.119  51345.556    31.5519     3.3769     20.920    7.52966     3.3913    25.1014   13.44721 3.7912e-02 0.0000e+00
        431  43.985920    0.02986     1.7917    107.500     21.265  51348.981    31.5560     3.3843     21.065    7.52809     3.4002    25.1040   13.44456 3.7912e-02 0.0000e+00
        432  43.985923    0.02993     1.7958    107.750     21.412  51350.673    31.5592     3.3926     21.211    7.52637     3.4088    25.1058   13.44169 3.7912e-02 0.0000e+00
        433  43.985926    0.03000     1.8000    108.000     21.562  51349.982    31.5609     3.4014     21.359    7.52465     3.4168    25.1064   13.43882 3.7912e-02 0.0000e+00
        434  43.985929    0.03007     1.8042    108.250     21.717  51347.547    31.5614     3.4101     21.513    7.52302     3.4239    25.1060   13.43612 3.7912e-02 0.0000e+00
        435  43.985932    0.03014     1.8083    108.500     21.878  51344.849    31.5615     3.4181     21.673    7.52153     3.4302    25.1054   13.43367 3.7912e-02 0.0000e+00
        436  43.985935    0.03021     1.8125    108.750     22.045  51342.224    31.5615     3.4252     21.838    7.52021     3.4359    25.1047   13.43149 3.7912e-02 0.0000e+00
        437  43.985937    0.03028     1.8167    109.000     22.217  51340.507    31.5618     3.4315     22.008    7.51902     3.4413    25.1045   13.42953 3.7912e-02 0.0000e+00
        438  43.985940    0.03035     1.8208    109.250     22.390  51340.414    31.5631     3.4371     22.180    7.51791     3.4466    25.1050   13.42767 3.7912e-02 0.0000e+00
        439  43.985943    0.03042     1.8250    109.500     22.561  51340.762    31.5646     3.4426     22.349    7.51683     3.4516    25.1057   13.42587 3.7912e-02 0.0000e+00
        440  43.985946    0.03049     1.8292    109.750     22.728  51339.741    31.5652     3.4479     22.514    7.51580     3.4558    25.1057   13.42417 3.7912e-02 0.0000e+00
        441  43.985949    0.03056     1.8333    110.000     22.887  51337.068    31.5646     3.4530     22.672    7.51491     3.4591    25.1048   13.42270 3.7912e-02 0.0000e+00
        442  43.985952    0.03062     1.8375    110.250     23.041  51333.842    31.5634     3.4572     22.824    7.51419     3.4615    25.1034   13.42153 3.7912e-02 0.0000e+00
        443  43.985955    0.03069     1.8417    110.500     23.189  51330.974    31.5622     3.4605     22.971    7.51364     3.4632    25.1022   13.42064 3.7912e-02 0.0000e+00
        444  43.985958    0.03076     1.8458    110.750     23.335  51328.731    31.5612     3.4629     23.115    7.51324     3.4644    25.1012   13.42000 3.7912e-02 0.0000e+00
        445  43.985961    0.03083     1.8500    111.000     23.481  51327.143    31.5605     3.4645     23.260    7.51297     3.4651    25.1005   13.41956 3.7912e-02 0.0000e+00
        446  43.985964    0.03090     1.8542    111.250     23.629  51326.144    31.5600     3.4657     23.406    7.51278     3.4657    25.1000   13.41925 3.7912e-02 0.0000e+00
        447  43.985966    0.03097     1.8583    111.500     23.781  51325.540    31.5597     3.4665     23.557    7.51264     3.4660    25.0997   13.41903 3.7912e-02 0.0000e+00
        448  43.985969    0.03104     1.8625    111.750     23.937  51325.162    31.5595     3.4671     23.712    7.51255     3.4663    25.0995   13.41888 3.7912e-02 0.0000e+00
        449  43.985972    0.03111     1.8667    112.000     24.096  51325.014    31.5594     3.4674     23.870    7.51249     3.4666    25.0994   13.41878 3.7912e-02 0.0000e+00
        450  43.985975    0.03118     1.8708    112.250     24.256  51325.123    31.5595     3.4677     24.028    7.51243     3.4668    25.0994   13.41868 3.7912e-02 0.0000e+00
        451  43.985978    0.03125     1.8750    112.500     24.415  51325.408    31.5597     3.4680     24.185    7.51237     3.4671    25.0995   13.41859 3.7912e-02 0.0000e+00
