CTD-processing/allCTD/CNV--turbid/2013_07-19_t3_s02_cast025.cnv
* Sea-Bird SBE19plus Data File:
* FileName = C:\Documents and Settings\kris.holderied.local\My Documents\2012-2013-CTD-DATA-new-files\2013-07-CookInlet-EVOSTC-LTM\2013-07-19-CookInlet-Tran3-AnchorPt\2013-07-19-CookInlet-Tran3-AnchorPt-cast025.hex
* Software Version 1.54
* Temperature SN =  5028
* Conductivity SN =  5028
* System UpLoad Time = Jul 19 2013 17:03:24
** Cook Inlet LTM Ocean - Tran3 - Anchor Pt Line
** Date: 2013-07-19
** Station:  3-02
** Start time (AKDT-24 hr): 10:12
** Depth (m): 26
** Comment:
** Comment:
# nquan = 16
# nvalues = 389                         
# units = specified
# name 0 = scan: Scan Count
# name 1 = timeJ: Julian Days
# name 2 = timeH: Time, Elapsed [hours]
# name 3 = timeM: Time, Elapsed [minutes]
# name 4 = timeS: Time, Elapsed [seconds]
# name 5 = prdM: Pressure, Strain Gauge [db]
# name 6 = specc: Specific Conductance [uS/cm]
# name 7 = sal00: Salinity, Practical [PSU]
# name 8 = tv290C: Temperature [ITS-90, deg C]
# name 9 = depSM: Depth [salt water, m], lat = 59.00
# name 10 = oxsolML/L: Oxygen Saturation, Garcia & Gordon [ml/l]
# name 11 = potemp090C: Potential Temperature [ITS-90, deg C]
# name 12 = sigma-é00: Density [sigma-theta, kg/m^3]
# name 13 = n2satML/L: Nitrogen Saturation [ml/l]
# name 14 = par: PAR/Irradiance, Biospherical/Licor
# name 15 = flag:  0.000e+00
# span 0 =          1,        389       
# span 1 = 200.425556, 200.426678       
# span 2 =    0.00000,    0.02694       
# span 3 =     0.0000,     1.6167       
# span 4 =      0.000,     97.000       
# span 5 =      0.025,     26.699       
# span 6 =     96.496,  46454.449       
# span 7 =     0.0469,    29.3691       
# span 8 =    10.1375,    13.0839       
# span 9 =      0.024,     26.448       
# span 10 =    6.34813,    7.35894      
# span 11 =    10.1346,    13.0839      
# span 12 =    -0.5942,    22.5376      
# span 13 =   11.54605,   13.59312      
# span 14 = 7.4078e-02, 2.0718e+02      
# span 15 = 0.0000e+00, 0.0000e+00      
# interval = seconds: 0.25
# start_time = Jul 19 2013 10:12:48 [Instrument's time stamp, header]
# bad_flag = -9.990e-29
*END*
[from data line 181]
        182 200.426079    0.01257     0.7542     45.250      1.309  42944.485    27.1082    11.9723      1.297    6.36379    12.0065    20.4735   11.57254 7.8650e+01 0.0000e+00
        183 200.426082    0.01264     0.7583     45.500      1.245  42899.351    27.0784    11.9919      1.233    6.36234    12.0136    20.4470   11.57047 8.0644e+01 0.0000e+00
        184 200.426085    0.01271     0.7625     45.750      1.193  42846.339    27.0426    12.0066      1.182    6.36177    12.0128    20.4167   11.56995 8.1472e+01 0.0000e+00
        185 200.426088    0.01278     0.7667     46.000      1.161  42802.212    27.0124    12.0137      1.150    6.36201    12.0061    20.3921   11.57072 8.1602e+01 0.0000e+00
        186 200.426091    0.01285     0.7708     46.250      1.150  42773.864    26.9926    12.0130      1.139    6.36290    11.9966    20.3769   11.57244 8.1300e+01 0.0000e+00
        187 200.426094    0.01292     0.7750     46.500      1.156  42759.159    26.9818    12.0062      1.145    6.36425    11.9874    20.3697   11.57480 8.0034e+01 0.0000e+00
        188 200.426097    0.01299     0.7792     46.750      1.174  42754.892    26.9780    11.9968      1.164    6.36569    11.9800    20.3684   11.57724 7.7461e+01 0.0000e+00
        189 200.426100    0.01306     0.7833     47.000      1.201  42755.043    26.9773    11.9876      1.191    6.36696    11.9744    20.3695   11.57937 7.4189e+01 0.0000e+00
        190 200.426102    0.01313     0.7875     47.250      1.235  42747.645    26.9715    11.9802      1.224    6.36820    11.9705    20.3663   11.58150 7.0826e+01 0.0000e+00
        191 200.426105    0.01319     0.7917     47.500      1.275  42723.446    26.9542    11.9746      1.263    6.36965    11.9683    20.3539   11.58413 6.7554e+01 0.0000e+00
        192 200.426108    0.01326     0.7958     47.750      1.321  42685.867    26.9276    11.9706      1.308    6.37126    11.9682    20.3340   11.58712 6.4655e+01 0.0000e+00
        193 200.426111    0.01333     0.8000     48.000      1.371  42647.177    26.9004    11.9685      1.358    6.37265    11.9697    20.3133   11.58975 6.2567e+01 0.0000e+00
        194 200.426114    0.01340     0.8042     48.250      1.421  42619.527    26.8811    11.9684      1.407    6.37344    11.9720    20.2984   11.59129 6.1365e+01 0.0000e+00
        195 200.426117    0.01347     0.8083     48.500      1.464  42611.083    26.8754    11.9699      1.450    6.37346    11.9744    20.2937   11.59140 6.0668e+01 0.0000e+00
        196 200.426120    0.01354     0.8125     48.750      1.498  42623.032    26.8839    11.9721      1.484    6.37282    11.9767    20.2999   11.59022 6.0117e+01 0.0000e+00
        197 200.426123    0.01361     0.8167     49.000      1.523  42644.096    26.8988    11.9745      1.508    6.37189    11.9789    20.3110   11.58851 5.9735e+01 0.0000e+00
        198 200.426126    0.01368     0.8208     49.250      1.539  42654.697    26.9064    11.9768      1.524    6.37127    11.9812    20.3164   11.58739 5.9733e+01 0.0000e+00
        199 200.426128    0.01375     0.8250     49.500      1.549  42643.454    26.8987    11.9791      1.534    6.37128    11.9841    20.3101   11.58749 6.0212e+01 0.0000e+00
        200 200.426131    0.01382     0.8292     49.750      1.554  42619.640    26.8823    11.9814      1.539    6.37162    11.9879    20.2970   11.58825 6.1169e+01 0.0000e+00
        201 200.426134    0.01389     0.8333     50.000      1.552  42606.776    26.8736    11.9843      1.537    6.37158    11.9930    20.2898   11.58829 6.2620e+01 0.0000e+00
        202 200.426137    0.01396     0.8375     50.250      1.536  42622.377    26.8848    11.9881      1.522    6.37061    11.9998    20.2978   11.58655 6.4613e+01 0.0000e+00
        203 200.426140    0.01403     0.8417     50.500      1.504  42664.761    26.9148    11.9932      1.490    6.36871    12.0088    20.3201   11.58303 6.7055e+01 0.0000e+00
        204 200.426143    0.01410     0.8458     50.750      1.454  42714.980    26.9504    11.9999      1.440    6.36637    12.0208    20.3465   11.57871 6.9772e+01 0.0000e+00
        205 200.426146    0.01417     0.8500     51.000      1.390  42751.691    26.9767    12.0089      1.377    6.36409    12.0349    20.3653   11.57460 7.2905e+01 0.0000e+00
        206 200.426149    0.01424     0.8542     51.250      1.318  42764.196    26.9865    12.0209      1.306    6.36207    12.0490    20.3708   11.57113 7.6444e+01 0.0000e+00
        207 200.426152    0.01431     0.8583     51.500      1.247  42753.541    26.9803    12.0351      1.236    6.36040    12.0608    20.3635   11.56842 7.9691e+01 0.0000e+00
        208 200.426155    0.01438     0.8625     51.750      1.186  42724.991    26.9616    12.0492      1.175    6.35924    12.0689    20.3465   11.56671 8.1807e+01 0.0000e+00
        209 200.426157    0.01444     0.8667     52.000      1.141  42680.217    26.9314    12.0609      1.130    6.35885    12.0728    20.3210   11.56643 8.2461e+01 0.0000e+00
        210 200.426160    0.01451     0.8708     52.250      1.114  42620.916    26.8907    12.0690      1.104    6.35938    12.0722    20.2881   11.56779 8.1789e+01 0.0000e+00
        211 200.426163    0.01458     0.8750     52.500      1.111  42555.855    26.8456    12.0729      1.101    6.36065    12.0669    20.2526   11.57045 8.0006e+01 0.0000e+00
        212 200.426166    0.01465     0.8792     52.750      1.134  42490.674    26.8001    12.0723      1.123    6.36256    12.0577    20.2175   11.57417 7.7211e+01 0.0000e+00
        213 200.426169    0.01472     0.8833     53.000      1.182  42428.141    26.7561    12.0670      1.171    6.36504    12.0461    20.1844   11.57882 7.3409e+01 0.0000e+00
        214 200.426172    0.01479     0.8875     53.250      1.250  42381.880    26.7231    12.0578      1.238    6.36761    12.0339    20.1604   11.58349 6.9018e+01 0.0000e+00
        215 200.426175    0.01486     0.8917     53.500      1.327  42363.284    26.7091    12.0463      1.315    6.36974    12.0226    20.1516   11.58720 6.4793e+01 0.0000e+00
        216 200.426178    0.01493     0.8958     53.750      1.404  42371.970    26.7141    12.0340      1.391    6.37120    12.0135    20.1577   11.58957 6.1296e+01 0.0000e+00
        217 200.426181    0.01500     0.9000     54.000      1.472  42403.017    26.7348    12.0228      1.459    6.37190    12.0070    20.1756   11.59049 5.8905e+01 0.0000e+00
        218 200.426183    0.01507     0.9042     54.250      1.525  42443.011    26.7619    12.0137      1.511    6.37205    12.0029    20.1982   11.59041 5.7880e+01 0.0000e+00
        219 200.426186    0.01514     0.9083     54.500      1.560  42470.495    26.7805    12.0072      1.545    6.37219    12.0006    20.2137   11.59042 5.8190e+01 0.0000e+00
        220 200.426189    0.01521     0.9125     54.750      1.574  42471.867    26.7812    12.0031      1.560    6.37273    11.9992    20.2149   11.59131 5.9438e+01 0.0000e+00
        221 200.426192    0.01528     0.9167     55.000      1.571  42450.994    26.7664    12.0008      1.557    6.37362    11.9976    20.2039   11.59298 6.1093e+01 0.0000e+00
        222 200.426195    0.01535     0.9208     55.250      1.555  42423.872    26.7474    11.9994      1.540    6.37459    11.9959    20.1894   11.59480 6.2750e+01 0.0000e+00
        223 200.426198    0.01542     0.9250     55.500      1.529  42404.063    26.7335    11.9978      1.514    6.37536    11.9948    20.1789   11.59625 6.4248e+01 0.0000e+00
        224 200.426201    0.01549     0.9292     55.750      1.499  42395.427    26.7273    11.9961      1.484    6.37583    11.9949    20.1745   11.59711 6.5634e+01 0.0000e+00
        225 200.426204    0.01556     0.9333     56.000      1.467  42398.575    26.7294    11.9949      1.453    6.37591    11.9966    20.1763   11.59721 6.7108e+01 0.0000e+00
        226 200.426207    0.01563     0.9375     56.250      1.434  42415.618    26.7413    11.9950      1.421    6.37542    11.9995    20.1855   11.59625 6.8796e+01 0.0000e+00
        227 200.426209    0.01569     0.9417     56.500      1.398  42448.760    26.7646    11.9967      1.385    6.37426    12.0033    20.2032   11.59404 7.0535e+01 0.0000e+00
        228 200.426212    0.01576     0.9458     56.750      1.357  42493.499    26.7960    11.9996      1.344    6.37260    12.0084    20.2270   11.59091 7.2160e+01 0.0000e+00
        229 200.426215    0.01583     0.9500     57.000      1.311  42536.591    26.8264    12.0034      1.299    6.37087    12.0154    20.2499   11.58767 7.3693e+01 0.0000e+00
        230 200.426218    0.01590     0.9542     57.250      1.264  42564.270    26.8461    12.0086      1.252    6.36937    12.0236    20.2642   11.58495 7.5180e+01 0.0000e+00
        231 200.426221    0.01597     0.9583     57.500      1.220  42567.890    26.8492    12.0156      1.209    6.36830    12.0317    20.2654   11.58312 7.6596e+01 0.0000e+00
        232 200.426224    0.01604     0.9625     57.750      1.187  42545.432    26.8343    12.0238      1.177    6.36778    12.0389    20.2524   11.58244 7.7555e+01 0.0000e+00
        233 200.426227    0.01611     0.9667     58.000      1.172  42501.972    26.8046    12.0318      1.161    6.36788    12.0459    20.2281   11.58296 7.7551e+01 0.0000e+00
        234 200.426230    0.01618     0.9708     58.250      1.176  42445.331    26.7658    12.0390      1.165    6.36846    12.0543    20.1968   11.58438 7.6373e+01 0.0000e+00
        235 200.426233    0.01625     0.9750     58.500      1.199  42380.601    26.7213    12.0460      1.188    6.36928    12.0658    20.1611   11.58629 7.3804e+01 0.0000e+00
        236 200.426236    0.01632     0.9792     58.750      1.240  42307.608    26.6711    12.0544      1.229    6.37015    12.0811    20.1208   11.58833 7.0050e+01 0.0000e+00
        237 200.426238    0.01639     0.9833     59.000      1.298  42224.080    26.6139    12.0659      1.287    6.37088    12.0991    20.0745   11.59023 6.5940e+01 0.0000e+00
        238 200.426241    0.01646     0.9875     59.250      1.369  42137.498    26.5548    12.0813      1.357    6.37117    12.1173    20.0261   11.59141 6.2100e+01 0.0000e+00
        239 200.426244    0.01653     0.9917     59.500      1.446  42066.171    26.5066    12.0992      1.432    6.37067    12.1335    19.9856   11.59115 5.8834e+01 0.0000e+00
        240 200.426247    0.01660     0.9958     59.750      1.518  42026.280    26.4803    12.1175      1.504    6.36925    12.1464    19.9620   11.58911 5.6550e+01 0.0000e+00
        241 200.426250    0.01667     1.0000     60.000      1.577  42028.609    26.4832    12.1337      1.562    6.36693    12.1552    19.9614   11.58520 5.5700e+01 0.0000e+00
        242 200.426253    0.01674     1.0042     60.250      1.613  42073.498    26.5155    12.1465      1.598    6.36390    12.1602    19.9842   11.57977 5.6477e+01 0.0000e+00
        243 200.426256    0.01681     1.0083     60.500      1.621  42141.457    26.5635    12.1554      1.607    6.36078    12.1619    20.0198   11.57401 5.8772e+01 0.0000e+00
        244 200.426259    0.01688     1.0125     60.750      1.599  42202.851    26.6067    12.1604      1.585    6.35837    12.1612    20.0523   11.56949 6.2315e+01 0.0000e+00
        245 200.426262    0.01694     1.0167     61.000      1.548  42235.219    26.6294    12.1621      1.533    6.35723    12.1594    20.0696   11.56732 6.6722e+01 0.0000e+00
        246 200.426264    0.01701     1.0208     61.250      1.474  42228.687    26.6248    12.1614      1.460    6.35751    12.1576    20.0661   11.56784 7.1355e+01 0.0000e+00
        247 200.426267    0.01708     1.0250     61.500      1.390  42185.708    26.5947    12.1596      1.377    6.35895    12.1566    20.0432   11.57060 7.5486e+01 0.0000e+00
        248 200.426270    0.01715     1.0292     61.750      1.311  42124.211    26.5518    12.1578      1.298    6.36091    12.1567    20.0103   11.57437 7.8674e+01 0.0000e+00
        249 200.426273    0.01722     1.0333     62.000      1.248  42065.618    26.5109    12.1568      1.236    6.36268    12.1574    19.9788   11.57781 8.0603e+01 0.0000e+00
        250 200.426276    0.01729     1.0375     62.250      1.207  42016.691    26.4769    12.1568      1.196    6.36404    12.1584    19.9525   11.58048 8.1014e+01 0.0000e+00
        251 200.426279    0.01736     1.0417     62.500      1.185  41977.525    26.4497    12.1575      1.174    6.36503    12.1593    19.9313   11.58244 7.9905e+01 0.0000e+00
        252 200.426282    0.01743     1.0458     62.750      1.178  41950.168    26.4307    12.1585      1.167    6.36566    12.1598    19.9164   11.58370 7.7658e+01 0.0000e+00
        253 200.426285    0.01750     1.0500     63.000      1.185  41931.046    26.4175    12.1594      1.174    6.36607    12.1599    19.9060   11.58455 7.5012e+01 0.0000e+00
        254 200.426288    0.01757     1.0542     63.250      1.206  41911.524    26.4039    12.1599      1.195    6.36654    12.1596    19.8955   11.58550 7.2426e+01 0.0000e+00
        255 200.426291    0.01764     1.0583     63.500      1.240  41887.116    26.3870    12.1600      1.229    6.36721    12.1585    19.8823   11.58681 6.9856e+01 0.0000e+00
        256 200.426293    0.01771     1.0625     63.750      1.285  41861.907    26.3694    12.1597      1.274    6.36796    12.1568    19.8688   11.58827 6.7240e+01 0.0000e+00
        257 200.426296    0.01778     1.0667     64.000      1.340  41844.212    26.3569    12.1587      1.328    6.36859    12.1546    19.8593   11.58947 6.4765e+01 0.0000e+00
        258 200.426299    0.01785     1.0708     64.250      1.398  41837.295    26.3520    12.1569      1.385    6.36903    12.1525    19.8558   11.59026 6.2719e+01 0.0000e+00
        259 200.426302    0.01792     1.0750     64.500      1.452  41838.637    26.3527    12.1548      1.439    6.36929    12.1508    19.8568   11.59069 6.1251e+01 0.0000e+00
        260 200.426305    0.01799     1.0792     64.750      1.494  41845.782    26.3575    12.1527      1.480    6.36937    12.1496    19.8609   11.59077 6.0433e+01 0.0000e+00
        261 200.426308    0.01806     1.0833     65.000      1.520  41855.488    26.3641    12.1510      1.506    6.36934    12.1487    19.8663   11.59063 6.0278e+01 0.0000e+00
        262 200.426311    0.01812     1.0875     65.250      1.531  41860.406    26.3674    12.1498      1.517    6.36938    12.1482    19.8691   11.59066 6.0761e+01 0.0000e+00
        263 200.426314    0.01819     1.0917     65.500      1.530  41856.212    26.3644    12.1489      1.516    6.36961    12.1480    19.8669   11.59109 6.1841e+01 0.0000e+00
        264 200.426317    0.01826     1.0958     65.750      1.522  41847.887    26.3586    12.1484      1.507    6.36992    12.1481    19.8625   11.59166 6.3310e+01 0.0000e+00
        265 200.426319    0.01833     1.1000     66.000      1.507  41841.639    26.3542    12.1482      1.493    6.37011    12.1484    19.8592   11.59204 6.4939e+01 0.0000e+00
        266 200.426322    0.01840     1.1042     66.250      1.486  41839.498    26.3528    12.1483      1.472    6.37016    12.1488    19.8580   11.59214 6.6630e+01 0.0000e+00
        267 200.426325    0.01847     1.1083     66.500      1.458  41841.123    26.3539    12.1486      1.444    6.37008    12.1494    19.8588   11.59199 6.8259e+01 0.0000e+00
        268 200.426328    0.01854     1.1125     66.750      1.425  41842.434    26.3549    12.1490      1.411    6.36999    12.1503    19.8595   11.59182 6.9617e+01 0.0000e+00
        269 200.426331    0.01861     1.1167     67.000      1.387  41836.499    26.3508    12.1496      1.374    6.37007    12.1516    19.8562   11.59200 7.0727e+01 0.0000e+00
        270 200.426334    0.01868     1.1208     67.250      1.348  41822.492    26.3412    12.1505      1.335    6.37033    12.1533    19.8486   11.59256 7.1733e+01 0.0000e+00
        271 200.426337    0.01875     1.1250     67.500      1.312  41806.533    26.3302    12.1518      1.299    6.37059    12.1552    19.8399   11.59313 7.2585e+01 0.0000e+00
