CTD-processing/allCTD/CNV--turbid/2013_07-21_t6_s06_cast072.cnv
* Sea-Bird SBE19plus Data File:
* FileName = C:\Users\kris.holderied\Documents\kasitsna\Research-Projects-and-Data\Oceanography-AK\CTD-CookInlet-GulfWatchAK\2013-07-EVOSTC-CookInlet-Ocean\2013-07-21-22-CookInlet-Tran6-Douglas\2013-07-21-22-CookInlet-Tran6-Douglas-cast072.hex
* Software Version 1.59
* Temperature SN =  5028
* Conductivity SN =  5028
* System UpLoad Time = Apr 09 2014 21:17:44
** Cook Inlet LTM Transect 6 (Douglas) west to east
** Date: 2013-07-21/22
** Station: 6-06
** Start time: 02:19
** Depth (m): 146
** CoComment:
** Comment:
# nquan = 16
# nvalues = 1130                        
# units = specified
# name 0 = scan: Scan Count
# name 1 = timeJ: Julian Days
# name 2 = timeH: Time, Elapsed [hours]
# name 3 = timeM: Time, Elapsed [minutes]
# name 4 = timeS: Time, Elapsed [seconds]
# name 5 = prdM: Pressure, Strain Gauge [db]
# name 6 = specc: Specific Conductance [uS/cm]
# name 7 = sal00: Salinity, Practical [PSU]
# name 8 = tv290C: Temperature [ITS-90, deg C]
# name 9 = depSM: Depth [salt water, m], lat = 59.00
# name 10 = oxsolML/L: Oxygen Saturation, Garcia & Gordon [ml/l]
# name 11 = potemp090C: Potential Temperature [ITS-90, deg C]
# name 12 = sigma-é00: Density [sigma-theta, kg/m^3]
# name 13 = n2satML/L: Nitrogen Saturation [ml/l]
# name 14 = par: PAR/Irradiance, Biospherical/Licor
# name 15 = flag:  0.000e+00
# span 0 =          1,       1130       
# span 1 = 203.097269, 203.100535       
# span 2 =    0.00000,    0.07840       
# span 3 =     0.0000,     4.7042       
# span 4 =      0.000,    282.250       
# span 5 =     -0.041,    144.282       
# span 6 =    971.688,  51330.259       
# span 7 =     0.4716,    32.1426       
# span 8 =     6.3422,     9.0294       
# span 9 =     -0.040,    142.884       
# span 10 =    6.60066,    8.06014      
# span 11 =     6.3319,     9.0294      
# span 12 =     0.1542,    25.2545      
# span 13 =   11.90902,   14.77323      
# span 14 = 4.0806e-02, 1.3484e+00      
# span 15 = 0.0000e+00, 0.0000e+00      
# interval = seconds: 0.25
# start_time = Jul 22 2013 02:20:04 [Instrument's time stamp, header]
# bad_flag = -9.990e-29
*END*
[from data line 543]
        544 203.098840    0.03771     2.2625    135.750     37.127  50728.509    31.9458     7.2862     36.777    6.84288     7.2689    24.9759   12.30796 4.2108e-02 0.0000e+00
        545 203.098843    0.03778     2.2667    136.000     37.308  50727.977    31.9443     7.2802     36.956    6.84389     7.2579    24.9755   12.30966 4.2094e-02 0.0000e+00
        546 203.098845    0.03785     2.2708    136.250     37.483  50725.479    31.9411     7.2723     37.130    6.84528     7.2440    24.9741   12.31199 4.2077e-02 0.0000e+00
        547 203.098848    0.03792     2.2750    136.500     37.658  50725.232    31.9390     7.2613     37.302    6.84711     7.2289    24.9739   12.31503 4.2064e-02 0.0000e+00
        548 203.098851    0.03799     2.2792    136.750     37.833  50730.755    31.9403     7.2474     37.476    6.84923     7.2143    24.9768   12.31852 4.2039e-02 0.0000e+00
        549 203.098854    0.03806     2.2833    137.000     38.010  50740.963    31.9447     7.2323     37.652    6.85141     7.2016    24.9823   12.32207 4.2014e-02 0.0000e+00
        550 203.098857    0.03812     2.2875    137.250     38.188  50753.060    31.9505     7.2177     37.828    6.85343     7.1908    24.9888   12.32534 4.2011e-02 0.0000e+00
        551 203.098860    0.03819     2.2917    137.500     38.366  50764.284    31.9561     7.2050     38.005    6.85519     7.1814    24.9949   12.32817 4.2024e-02 0.0000e+00
        552 203.098863    0.03826     2.2958    137.750     38.542  50772.987    31.9602     7.1942     38.179    6.85670     7.1729    24.9996   12.33062 4.2052e-02 0.0000e+00
        553 203.098866    0.03833     2.3000    138.000     38.714  50779.785    31.9632     7.1848     38.349    6.85804     7.1651    25.0032   12.33281 4.2086e-02 0.0000e+00
        554 203.098869    0.03840     2.3042    138.250     38.880  50786.063    31.9660     7.1763     38.513    6.85926     7.1581    25.0066   12.33479 4.2114e-02 0.0000e+00
        555 203.098872    0.03847     2.3083    138.500     39.042  50791.923    31.9687     7.1685     38.674    6.86036     7.1517    25.0097   12.33657 4.2130e-02 0.0000e+00
        556 203.098874    0.03854     2.3125    138.750     39.204  50796.719    31.9707     7.1616     38.834    6.86137     7.1454    25.0122   12.33821 4.2128e-02 0.0000e+00
        557 203.098877    0.03861     2.3167    139.000     39.371  50800.375    31.9721     7.1552     38.998    6.86232     7.1394    25.0141   12.33976 4.2122e-02 0.0000e+00
        558 203.098880    0.03868     2.3208    139.250     39.547  50803.993    31.9734     7.1490     39.173    6.86324     7.1339    25.0160   12.34127 4.2110e-02 0.0000e+00
        559 203.098883    0.03875     2.3250    139.500     39.738  50808.614    31.9755     7.1429     39.362    6.86410     7.1292    25.0185   12.34267 4.2100e-02 0.0000e+00
        560 203.098886    0.03882     2.3292    139.750     39.944  50813.548    31.9779     7.1374     39.566    6.86486     7.1254    25.0211   12.34389 4.2120e-02 0.0000e+00
        561 203.098889    0.03889     2.3333    140.000     40.162  50817.704    31.9798     7.1328     39.782    6.86550     7.1220    25.0233   12.34493 4.2158e-02 0.0000e+00
        562 203.098892    0.03896     2.3375    140.250     40.386  50820.834    31.9812     7.1289     40.004    6.86604     7.1187    25.0249   12.34581 4.2189e-02 0.0000e+00
        563 203.098895    0.03903     2.3417    140.500     40.608  50822.859    31.9820     7.1256     40.224    6.86654     7.1150    25.0259   12.34662 4.2210e-02 0.0000e+00
        564 203.098898    0.03910     2.3458    140.750     40.820  50823.489    31.9817     7.1224     40.435    6.86706     7.1102    25.0261   12.34748 4.2234e-02 0.0000e+00
        565 203.098900    0.03917     2.3500    141.000     41.018  50822.733    31.9804     7.1187     40.630    6.86770     7.1040    25.0256   12.34856 4.2275e-02 0.0000e+00
        566 203.098903    0.03924     2.3542    141.250     41.198  50822.549    31.9794     7.1138     40.808    6.86852     7.0975    25.0254   12.34992 4.2324e-02 0.0000e+00
        567 203.098906    0.03931     2.3583    141.500     41.360  50825.528    31.9803     7.1077     40.969    6.86945     7.0916    25.0270   12.35145 4.2350e-02 0.0000e+00
        568 203.098909    0.03938     2.3625    141.750     41.508  50831.115    31.9830     7.1012     41.116    6.87036     7.0869    25.0300   12.35292 4.2348e-02 0.0000e+00
        569 203.098912    0.03944     2.3667    142.000     41.649  50836.672    31.9858     7.0953     41.256    6.87115     7.0827    25.0329   12.35420 4.2335e-02 0.0000e+00
        570 203.098915    0.03951     2.3708    142.250     41.792  50840.416    31.9875     7.0906     41.397    6.87183     7.0784    25.0349   12.35530 4.2313e-02 0.0000e+00
        571 203.098918    0.03958     2.3750    142.500     41.944  50841.907    31.9877     7.0864     41.547    6.87247     7.0730    25.0357   12.35636 4.2279e-02 0.0000e+00
        572 203.098921    0.03965     2.3792    142.750     42.112  50841.787    31.9868     7.0821     41.714    6.87320     7.0662    25.0355   12.35757 4.2257e-02 0.0000e+00
        573 203.098924    0.03972     2.3833    143.000     42.301  50841.852    31.9858     7.0767     41.901    6.87410     7.0587    25.0354   12.35907 4.2262e-02 0.0000e+00
        574 203.098927    0.03979     2.3875    143.250     42.509  50843.835    31.9859     7.0700     42.107    6.87516     7.0507    25.0364   12.36082 4.2272e-02 0.0000e+00
        575 203.098929    0.03986     2.3917    143.500     42.730  50847.269    31.9868     7.0625     42.326    6.87631     7.0424    25.0382   12.36271 4.2267e-02 0.0000e+00
        576 203.098932    0.03993     2.3958    143.750     42.957  50850.996    31.9879     7.0545     42.551    6.87753     7.0341    25.0401   12.36471 4.2258e-02 0.0000e+00
        577 203.098935    0.04000     2.4000    144.000     43.178  50855.715    31.9896     7.0462     42.770    6.87876     7.0265    25.0425   12.36672 4.2265e-02 0.0000e+00
        578 203.098938    0.04007     2.4042    144.250     43.386  50862.049    31.9925     7.0380     42.976    6.87993     7.0199    25.0458   12.36863 4.2279e-02 0.0000e+00
        579 203.098941    0.04014     2.4083    144.500     43.575  50868.463    31.9955     7.0304     43.163    6.88100     7.0140    25.0492   12.37035 4.2282e-02 0.0000e+00
        580 203.098944    0.04021     2.4125    144.750     43.742  50873.350    31.9976     7.0238     43.329    6.88195     7.0084    25.0517   12.37189 4.2285e-02 0.0000e+00
        581 203.098947    0.04028     2.4167    145.000     43.890  50877.206    31.9992     7.0179     43.475    6.88282     7.0033    25.0537   12.37331 4.2306e-02 0.0000e+00
        582 203.098950    0.04035     2.4208    145.250     44.023  50881.132    32.0009     7.0123     43.607    6.88362     6.9986    25.0558   12.37462 4.2332e-02 0.0000e+00
        583 203.098953    0.04042     2.4250    145.500     44.148  50884.952    32.0025     7.0072     43.730    6.88436     6.9943    25.0578   12.37582 4.2344e-02 0.0000e+00
        584 203.098955    0.04049     2.4292    145.750     44.273  50888.034    32.0038     7.0025     43.854    6.88504     6.9901    25.0594   12.37693 4.2357e-02 0.0000e+00
        585 203.098958    0.04056     2.4333    146.000     44.406  50890.347    32.0046     6.9982     43.986    6.88569     6.9858    25.0606   12.37799 4.2388e-02 0.0000e+00
        586 203.098961    0.04063     2.4375    146.250     44.553  50892.220    32.0051     6.9940     44.132    6.88633     6.9809    25.0616   12.37905 4.2414e-02 0.0000e+00
        587 203.098964    0.04069     2.4417    146.500     44.716  50893.416    32.0051     6.9897     44.294    6.88702     6.9750    25.0621   12.38019 4.2414e-02 0.0000e+00
        588 203.098967    0.04076     2.4458    146.750     44.896  50893.347    32.0041     6.9849     44.472    6.88783     6.9675    25.0620   12.38154 4.2406e-02 0.0000e+00
        589 203.098970    0.04083     2.4500    147.000     45.088  50893.040    32.0027     6.9790     44.662    6.88884     6.9587    25.0617   12.38321 4.2392e-02 0.0000e+00
        590 203.098973    0.04090     2.4542    147.250     45.286  50894.153    32.0020     6.9715     44.858    6.89005     6.9485    25.0622   12.38523 4.2368e-02 0.0000e+00
        591 203.098976    0.04097     2.4583    147.500     45.485  50896.241    32.0018     6.9626     45.055    6.89147     6.9364    25.0632   12.38757 4.2349e-02 0.0000e+00
        592 203.098979    0.04104     2.4625    147.750     45.679  50897.750    32.0009     6.9525     45.247    6.89313     6.9217    25.0638   12.39032 4.2339e-02 0.0000e+00
        593 203.098981    0.04111     2.4667    148.000     45.866  50898.963    31.9995     6.9404     45.433    6.89512     6.9046    25.0643   12.39364 4.2339e-02 0.0000e+00
        594 203.098984    0.04118     2.4708    148.250     46.046  50902.044    31.9989     6.9257     45.611    6.89749     6.8860    25.0658   12.39755 4.2345e-02 0.0000e+00
        595 203.098987    0.04125     2.4750    148.500     46.219  50908.689    32.0004     6.9086     45.782    6.90014     6.8674    25.0692   12.40193 4.2347e-02 0.0000e+00
        596 203.098990    0.04132     2.4792    148.750     46.387  50919.305    32.0043     6.8900     45.949    6.90292     6.8502    25.0747   12.40646 4.2348e-02 0.0000e+00
        597 203.098993    0.04139     2.4833    149.000     46.553  50932.990    32.0104     6.8715     46.113    6.90560     6.8353    25.0819   12.41083 4.2350e-02 0.0000e+00
        598 203.098996    0.04146     2.4875    149.250     46.721  50947.731    32.0175     6.8543     46.279    6.90803     6.8228    25.0897   12.41475 4.2346e-02 0.0000e+00
        599 203.098999    0.04153     2.4917    149.500     46.892  50961.359    32.0242     6.8393     46.448    6.91011     6.8123    25.0969   12.41810 4.2341e-02 0.0000e+00
        600 203.099002    0.04160     2.4958    149.750     47.066  50972.260    32.0294     6.8269     46.621    6.91186     6.8030    25.1027   12.42092 4.2354e-02 0.0000e+00
        601 203.099005    0.04167     2.5000    150.000     47.242  50980.053    32.0329     6.8164     46.795    6.91337     6.7943    25.1068   12.42339 4.2374e-02 0.0000e+00
        602 203.099008    0.04174     2.5042    150.250     47.417  50986.316    32.0355     6.8071     46.968    6.91475     6.7864    25.1100   12.42563 4.2384e-02 0.0000e+00
        603 203.099010    0.04181     2.5083    150.500     47.586  50993.091    32.0385     6.7984     47.136    6.91600     6.7799    25.1135   12.42766 4.2395e-02 0.0000e+00
        604 203.099013    0.04188     2.5125    150.750     47.748  51000.351    32.0420     6.7906     47.295    6.91709     6.7747    25.1173   12.42941 4.2414e-02 0.0000e+00
        605 203.099016    0.04194     2.5167    151.000     47.899  51006.715    32.0452     6.7841     47.445    6.91798     6.7706    25.1207   12.43085 4.2432e-02 0.0000e+00
        606 203.099019    0.04201     2.5208    151.250     48.039  51011.476    32.0475     6.7789     47.585    6.91870     6.7671    25.1232   12.43201 4.2450e-02 0.0000e+00
        607 203.099022    0.04208     2.5250    151.500     48.169  51014.923    32.0491     6.7748     47.713    6.91930     6.7640    25.1249   12.43298 4.2465e-02 0.0000e+00
        608 203.099025    0.04215     2.5292    151.750     48.291  51017.745    32.0503     6.7713     47.834    6.91980     6.7615    25.1264   12.43380 4.2468e-02 0.0000e+00
        609 203.099028    0.04222     2.5333    152.000     48.409  51020.284    32.0515     6.7682     47.951    6.92023     6.7593    25.1277   12.43450 4.2464e-02 0.0000e+00
        610 203.099031    0.04229     2.5375    152.250     48.529  51022.293    32.0524     6.7657     48.070    6.92060     6.7572    25.1287   12.43510 4.2460e-02 0.0000e+00
        611 203.099034    0.04236     2.5417    152.500     48.658  51023.566    32.0528     6.7635     48.197    6.92093     6.7550    25.1294   12.43564 4.2464e-02 0.0000e+00
        612 203.099036    0.04243     2.5458    152.750     48.798  51024.218    32.0528     6.7614     48.336    6.92126     6.7524    25.1296   12.43618 4.2483e-02 0.0000e+00
        613 203.099039    0.04250     2.5500    153.000     48.954  51024.269    32.0523     6.7592     48.491    6.92163     6.7489    25.1296   12.43680 4.2526e-02 0.0000e+00
        614 203.099042    0.04257     2.5542    153.250     49.126  51023.700    32.0514     6.7566     48.661    6.92210     6.7443    25.1292   12.43758 4.2558e-02 0.0000e+00
        615 203.099045    0.04264     2.5583    153.500     49.313  51023.092    32.0502     6.7531     48.846    6.92271     6.7389    25.1287   12.43860 4.2551e-02 0.0000e+00
        616 203.099048    0.04271     2.5625    153.750     49.511  51023.869    32.0498     6.7486     49.042    6.92345     6.7333    25.1289   12.43984 4.2543e-02 0.0000e+00
        617 203.099051    0.04278     2.5667    154.000     49.713  51026.847    32.0508     6.7432     49.243    6.92427     6.7280    25.1304   12.44118 4.2555e-02 0.0000e+00
        618 203.099054    0.04285     2.5708    154.250     49.913  51030.969    32.0526     6.7376     49.441    6.92509     6.7232    25.1325   12.44251 4.2566e-02 0.0000e+00
        619 203.099057    0.04292     2.5750    154.500     50.105  51035.025    32.0543     6.7324     49.632    6.92585     6.7188    25.1346   12.44374 4.2556e-02 0.0000e+00
        620 203.099060    0.04299     2.5792    154.750     50.286  51038.684    32.0559     6.7276     49.811    6.92655     6.7148    25.1365   12.44488 4.2530e-02 0.0000e+00
        621 203.099063    0.04306     2.5833    155.000     50.454  51041.780    32.0572     6.7232     49.977    6.92719     6.7109    25.1380   12.44593 4.2513e-02 0.0000e+00
        622 203.099065    0.04312     2.5875    155.250     50.611  51044.612    32.0584     6.7191     50.132    6.92779     6.7075    25.1395   12.44690 4.2521e-02 0.0000e+00
        623 203.099068    0.04319     2.5917    155.500     50.759  51047.442    32.0596     6.7153     50.279    6.92835     6.7043    25.1409   12.44781 4.2545e-02 0.0000e+00
        624 203.099071    0.04326     2.5958    155.750     50.905  51049.782    32.0605     6.7119     50.423    6.92886     6.7011    25.1421   12.44864 4.2574e-02 0.0000e+00
        625 203.099074    0.04333     2.6000    156.000     51.053  51051.318    32.0609     6.7087     50.569    6.92935     6.6976    25.1428   12.44945 4.2605e-02 0.0000e+00
        626 203.099077    0.04340     2.6042    156.250     51.205  51052.349    32.0609     6.7055     50.720    6.92986     6.6937    25.1433   12.45030 4.2631e-02 0.0000e+00
        627 203.099080    0.04347     2.6083    156.500     51.361  51053.358    32.0609     6.7020     50.874    6.93042     6.6894    25.1437   12.45122 4.2641e-02 0.0000e+00
        628 203.099083    0.04354     2.6125    156.750     51.518  51054.792    32.0611     6.6981     51.030    6.93104     6.6849    25.1444   12.45224 4.2633e-02 0.0000e+00
        629 203.099086    0.04361     2.6167    157.000     51.675  51056.832    32.0616     6.6939     51.185    6.93169     6.6803    25.1454   12.45332 4.2627e-02 0.0000e+00
        630 203.099089    0.04368     2.6208    157.250     51.826  51059.129    32.0623     6.6894     51.335    6.93238     6.6756    25.1465   12.45444 4.2626e-02 0.0000e+00
        631 203.099091    0.04375     2.6250    157.500     51.969  51061.590    32.0631     6.6848     51.477    6.93309     6.6710    25.1477   12.45560 4.2624e-02 0.0000e+00
        632 203.099094    0.04382     2.6292    157.750     52.104  51064.728    32.0644     6.6801     51.610    6.93379     6.6670    25.1493   12.45674 4.2620e-02 0.0000e+00
