CTD-processing/allCTD/CNV--turbid/2013_05-21_t9_s04_cast148.cnv
* Sea-Bird SBE19plus Data File:
* FileName = C:\Documents and Settings\kris.holderied.local\My Documents\2012-2013-CTD-DATA-new-files\2013-05-21-CTD-HomerSpitLine-LTM\2013-05-21-Tran9-HomerSpit-cast148.hex
* Software Version 1.54
* Temperature SN =  5028
* Conductivity SN =  5028
* System UpLoad Time = Jun 05 2013 20:33:18
** Cook Inlet LTM Transect 9 (Homer Spit) Monthly
** Date:  2013-05-21
** Station:  9-04
** Start time (AKDT-24 hr): ????
** Depth (ft): 305
** Comment:Forgot to record times
** Comment:
# nquan = 16
# nvalues = 738                         
# units = specified
# name 0 = scan: Scan Count
# name 1 = timeJ: Julian Days
# name 2 = timeH: Time, Elapsed [hours]
# name 3 = timeM: Time, Elapsed [minutes]
# name 4 = timeS: Time, Elapsed [seconds]
# name 5 = prdM: Pressure, Strain Gauge [db]
# name 6 = specc: Specific Conductance [uS/cm]
# name 7 = sal00: Salinity, Practical [PSU]
# name 8 = tv290C: Temperature [ITS-90, deg C]
# name 9 = depSM: Depth [salt water, m], lat = 59.00
# name 10 = oxsolML/L: Oxygen Saturation, Garcia & Gordon [ml/l]
# name 11 = potemp090C: Potential Temperature [ITS-90, deg C]
# name 12 = sigma-é00: Density [sigma-theta, kg/m^3]
# name 13 = n2satML/L: Nitrogen Saturation [ml/l]
# name 14 = par: PAR/Irradiance, Biospherical/Licor
# name 15 = flag:  0.000e+00
# span 0 =          1,        738       
# span 1 = 141.563773, 141.565906       
# span 2 =    0.00000,    0.05118       
# span 3 =     0.0000,     3.0708       
# span 4 =      0.000,    184.250       
# span 5 =      0.161,     88.288       
# span 6 =   3897.682,  51655.860       
# span 7 =     2.3321,    31.9123       
# span 8 =     4.1116,     6.3356       
# span 9 =      0.159,     87.443       
# span 10 =    7.04899,    8.63674      
# span 11 =     4.1059,     6.3355      
# span 12 =     1.7918,    25.3197      
# span 13 =   12.66329,   15.71914      
# span 14 = 3.7912e-02, 5.4808e+02      
# span 15 = 0.0000e+00, 0.0000e+00      
# interval = seconds: 0.25
# start_time = May 21 2013 13:31:50 [Instrument's time stamp, header]
# bad_flag = -9.990e-29
*END*
          1 141.563773    0.00000     0.0000      0.000      0.161   3897.682     2.3321     5.7726      0.159    8.63674     5.8076     1.7918   15.71914 5.4808e+02 0.0000e+00
          2 141.563776    0.00007     0.0042      0.250      0.178   6181.769     3.7403     5.7857      0.176    8.55965     5.8440     2.9022   15.56990 5.4767e+02 0.0000e+00
          3 141.563779    0.00014     0.0083      0.500      0.207   9997.429     6.0916     5.8076      0.204    8.43090     5.9016     4.7562   15.32068 5.4689e+02 0.0000e+00
          4 141.563782    0.00021     0.0125      0.750      0.253  16362.574    10.0133     5.8440      0.250    8.21616     5.9780     7.8485   14.90498 5.4288e+02 0.0000e+00
          5 141.563785    0.00028     0.0167      1.000      0.322  25251.069    15.5368     5.9016      0.319    7.91474     6.0594    12.2023   14.32217 5.3246e+02 0.0000e+00
          6 141.563788    0.00035     0.0208      1.250      0.411  34028.329    21.0678     5.9781      0.408    7.61305     6.1315    16.5585   13.74033 5.1544e+02 0.0000e+00
          7 141.563791    0.00042     0.0250      1.500      0.506  40192.128    24.9880     6.0595      0.501    7.39607     6.1878    19.6422   13.32337 4.9119e+02 0.0000e+00
          8 141.563793    0.00049     0.0292      1.750      0.589  43851.578    27.3177     6.1316      0.584    7.26306     6.2278    21.4719   13.06883 4.5887e+02 0.0000e+00
          9 141.563796    0.00056     0.0333      2.000      0.653  46021.836    28.7003     6.1879      0.647    7.18181     6.2540    22.5562   12.91390 4.2722e+02 0.0000e+00
         10 141.563799    0.00063     0.0375      2.250      0.696  47308.887    29.5206     6.2279      0.689    7.13246     6.2697    23.1987   12.82008 4.0747e+02 0.0000e+00
         11 141.563802    0.00069     0.0417      2.500      0.718  48074.649    30.0087     6.2541      0.711    7.10268     6.2789    23.5807   12.76355 3.9653e+02 0.0000e+00
         12 141.563805    0.00076     0.0458      2.750      0.725  48534.470    30.3018     6.2698      0.718    7.08479     6.2847    23.8102   12.72959 3.8365e+02 0.0000e+00
         13 141.563808    0.00083     0.0500      3.000      0.726  48814.196    30.4803     6.2790      0.720    7.07399     6.2893    23.9499   12.70907 3.7060e+02 0.0000e+00
         14 141.563811    0.00090     0.0542      3.250      0.734  48984.581    30.5892     6.2848      0.728    7.06736     6.2930    24.0352   12.69649 3.6219e+02 0.0000e+00
         15 141.563814    0.00097     0.0583      3.500      0.754  49085.857    30.6541     6.2894      0.747    7.06324     6.2957    24.0858   12.68870 3.5473e+02 0.0000e+00
         16 141.563817    0.00104     0.0625      3.750      0.784  49143.957    30.6913     6.2931      0.777    7.06068     6.2969    24.1147   12.68392 3.4816e+02 0.0000e+00
         17 141.563819    0.00111     0.0667      4.000      0.823  49175.099    30.7112     6.2958      0.815    7.05918     6.2962    24.1301   12.68114 3.4353e+02 0.0000e+00
         18 141.563822    0.00118     0.0708      4.250      0.865  49188.673    30.7195     6.2970      0.857    7.05851     6.2928    24.1365   12.67989 3.3979e+02 0.0000e+00
         19 141.563825    0.00125     0.0750      4.500      0.898  49193.509    30.7219     6.2963      0.890    7.05848     6.2868    24.1385   12.67979 3.3878e+02 0.0000e+00
         20 141.563828    0.00132     0.0792      4.750      0.913  49198.924    30.7246     6.2929      0.905    7.05889     6.2798    24.1410   12.68043 3.4190e+02 0.0000e+00
         21 141.563831    0.00139     0.0833      5.000      0.907  49208.566    30.7299     6.2869      0.899    7.05961     6.2740    24.1459   12.68156 3.4674e+02 0.0000e+00
         22 141.563834    0.00146     0.0875      5.250      0.887  49220.422    30.7366     6.2799      0.879    7.06045     6.2710    24.1521   12.68285 3.4967e+02 0.0000e+00
         23 141.563837    0.00153     0.0917      5.500      0.863  49232.148    30.7436     6.2741      0.855    7.06108     6.2714    24.1582   12.68380 3.4817e+02 0.0000e+00
         24 141.563840    0.00160     0.0958      5.750      0.847  49242.095    30.7498     6.2711      0.839    7.06128     6.2747    24.1635   12.68405 3.4338e+02 0.0000e+00
         25 141.563843    0.00167     0.1000      6.000      0.846  49247.986    30.7539     6.2715      0.838    7.06102     6.2795    24.1667   12.68357 3.3787e+02 0.0000e+00
         26 141.563845    0.00174     0.1042      6.250      0.861  49247.341    30.7541     6.2748      0.853    7.06047     6.2843    24.1664   12.68265 3.3185e+02 0.0000e+00
         27 141.563848    0.00181     0.1083      6.500      0.890  49239.561    30.7495     6.2796      0.881    7.05988     6.2882    24.1623   12.68174 3.2695e+02 0.0000e+00
         28 141.563851    0.00187     0.1125      6.750      0.922  49226.599    30.7414     6.2844      0.913    7.05946     6.2906    24.1553   12.68115 3.2462e+02 0.0000e+00
         29 141.563854    0.00194     0.1167      7.000      0.947  49213.116    30.7328     6.2883      0.938    7.05923     6.2916    24.1481   12.68087 3.2380e+02 0.0000e+00
         30 141.563857    0.00201     0.1208      7.250      0.958  49204.487    30.7273     6.2907      0.949    7.05908     6.2916    24.1434   12.68070 3.2493e+02 0.0000e+00
         31 141.563860    0.00208     0.1250      7.500      0.954  49203.812    30.7270     6.2916      0.945    7.05894     6.2920    24.1431   12.68046 3.2770e+02 0.0000e+00
         32 141.563863    0.00215     0.1292      7.750      0.937  49211.489    30.7323     6.2916      0.928    7.05869     6.2942    24.1473   12.67999 3.2962e+02 0.0000e+00
         33 141.563866    0.00222     0.1333      8.000      0.916  49223.728    30.7408     6.2921      0.908    7.05822     6.2982    24.1539   12.67910 3.3025e+02 0.0000e+00
         34 141.563869    0.00229     0.1375      8.250      0.898  49233.227    30.7478     6.2942      0.890    7.05753     6.3031    24.1592   12.67787 3.2987e+02 0.0000e+00
         35 141.563872    0.00236     0.1417      8.500      0.889  49234.430    30.7494     6.2982      0.880    7.05679     6.3076    24.1599   12.67663 3.2776e+02 0.0000e+00
         36 141.563874    0.00243     0.1458      8.750      0.890  49226.527    30.7448     6.3031      0.881    7.05620     6.3113    24.1557   12.67572 3.2474e+02 0.0000e+00
         37 141.563877    0.00250     0.1500      9.000      0.901  49211.971    30.7356     6.3077      0.892    7.05588     6.3139    24.1479   12.67530 3.2233e+02 0.0000e+00
         38 141.563880    0.00257     0.1542      9.250      0.919  49194.826    30.7244     6.3113      0.910    7.05580     6.3158    24.1387   12.67531 3.2026e+02 0.0000e+00
         39 141.563883    0.00264     0.1583      9.500      0.937  49179.677    30.7145     6.3139      0.928    7.05583     6.3171    24.1305   12.67549 3.1908e+02 0.0000e+00
         40 141.563886    0.00271     0.1625      9.750      0.950  49169.356    30.7077     6.3158      0.942    7.05584     6.3181    24.1249   12.67558 3.1915e+02 0.0000e+00
         41 141.563889    0.00278     0.1667     10.000      0.954  49164.584    30.7046     6.3172      0.946    7.05575     6.3188    24.1223   12.67548 3.2041e+02 0.0000e+00
         42 141.563892    0.00285     0.1708     10.250      0.947  49165.959    30.7057     6.3182      0.939    7.05555     6.3195    24.1231   12.67512 3.2346e+02 0.0000e+00
         43 141.563895    0.00292     0.1750     10.500      0.932  49172.946    30.7107     6.3189      0.923    7.05520     6.3203    24.1269   12.67449 3.2547e+02 0.0000e+00
         44 141.563898    0.00299     0.1792     10.750      0.913  49182.321    30.7173     6.3196      0.904    7.05477     6.3211    24.1320   12.67370 3.2459e+02 0.0000e+00
         45 141.563900    0.00306     0.1833     11.000      0.896  49190.488    30.7231     6.3204      0.888    7.05437     6.3216    24.1365   12.67296 3.2259e+02 0.0000e+00
         46 141.563903    0.00313     0.1875     11.250      0.888  49195.089    30.7264     6.3212      0.880    7.05408     6.3217    24.1390   12.67245 3.1993e+02 0.0000e+00
         47 141.563906    0.00319     0.1917     11.500      0.890  49194.753    30.7263     6.3217      0.882    7.05400     6.3214    24.1388   12.67231 3.1624e+02 0.0000e+00
         48 141.563909    0.00326     0.1958     11.750      0.900  49189.026    30.7224     6.3218      0.892    7.05416     6.3208    24.1357   12.67263 3.1355e+02 0.0000e+00
         49 141.563912    0.00333     0.2000     12.000      0.915  49179.490    30.7157     6.3215      0.907    7.05453     6.3202    24.1305   12.67332 3.1196e+02 0.0000e+00
         50 141.563915    0.00340     0.2042     12.250      0.931  49170.305    30.7092     6.3208      0.923    7.05493     6.3198    24.1255   12.67407 3.1045e+02 0.0000e+00
         51 141.563918    0.00347     0.2083     12.500      0.945  49164.970    30.7054     6.3202      0.936    7.05521     6.3196    24.1226   12.67458 3.1142e+02 0.0000e+00
         52 141.563921    0.00354     0.2125     12.750      0.953  49164.705    30.7052     6.3199      0.944    7.05528     6.3196    24.1224   12.67470 3.1328e+02 0.0000e+00
         53 141.563924    0.00361     0.2167     13.000      0.954  49170.176    30.7089     6.3197      0.945    7.05514     6.3197    24.1254   12.67441 3.1261e+02 0.0000e+00
         54 141.563927    0.00368     0.2208     13.250      0.949  49180.103    30.7158     6.3197      0.940    7.05483     6.3201    24.1308   12.67380 3.1221e+02 0.0000e+00
         55 141.563929    0.00375     0.2250     13.500      0.939  49191.050    30.7234     6.3198      0.930    7.05444     6.3207    24.1368   12.67308 3.1313e+02 0.0000e+00
         56 141.563932    0.00382     0.2292     13.750      0.928  49200.450    30.7300     6.3202      0.919    7.05407     6.3213    24.1419   12.67238 3.1249e+02 0.0000e+00
         57 141.563935    0.00389     0.2333     14.000      0.918  49206.964    30.7346     6.3208      0.909    7.05376     6.3217    24.1455   12.67181 3.1119e+02 0.0000e+00
         58 141.563938    0.00396     0.2375     14.250      0.912  49210.460    30.7371     6.3213      0.903    7.05355     6.3220    24.1474   12.67143 3.1067e+02 0.0000e+00
         59 141.563941    0.00403     0.2417     14.500      0.912  49211.595    30.7379     6.3218      0.903    7.05344     6.3222    24.1480   12.67123 3.0957e+02 0.0000e+00
         60 141.563944    0.00410     0.2458     14.750      0.917  49210.625    30.7373     6.3221      0.908    7.05341     6.3221    24.1475   12.67120 3.0804e+02 0.0000e+00
         61 141.563947    0.00417     0.2500     15.000      0.926  49207.543    30.7352     6.3223      0.917    7.05349     6.3216    24.1458   12.67135 3.0675e+02 0.0000e+00
         62 141.563950    0.00424     0.2542     15.250      0.936  49202.376    30.7316     6.3222      0.927    7.05367     6.3208    24.1430   12.67170 3.0606e+02 0.0000e+00
         63 141.563953    0.00431     0.2583     15.500      0.946  49195.969    30.7271     6.3217      0.937    7.05396     6.3199    24.1395   12.67223 3.0617e+02 0.0000e+00
         64 141.563955    0.00438     0.2625     15.750      0.951  49190.762    30.7234     6.3209      0.942    7.05427     6.3193    24.1366   12.67279 3.0582e+02 0.0000e+00
         65 141.563958    0.00444     0.2667     16.000      0.950  49189.538    30.7224     6.3200      0.941    7.05447     6.3192    24.1360   12.67313 3.0567e+02 0.0000e+00
         66 141.563961    0.00451     0.2708     16.250      0.945  49193.276    30.7248     6.3194      0.936    7.05445     6.3197    24.1380   12.67307 3.0660e+02 0.0000e+00
         67 141.563964    0.00458     0.2750     16.500      0.938  49200.140    30.7296     6.3193      0.929    7.05424     6.3206    24.1418   12.67266 3.0707e+02 0.0000e+00
         68 141.563967    0.00465     0.2792     16.750      0.930  49206.823    30.7343     6.3198      0.921    7.05394     6.3215    24.1454   12.67210 3.0675e+02 0.0000e+00
         69 141.563970    0.00472     0.2833     17.000      0.925  49211.234    30.7375     6.3206      0.916    7.05365     6.3224    24.1478   12.67159 3.0608e+02 0.0000e+00
         70 141.563973    0.00479     0.2875     17.250      0.922  49213.188    30.7390     6.3216      0.914    7.05342     6.3232    24.1489   12.67120 3.0507e+02 0.0000e+00
         71 141.563976    0.00486     0.2917     17.500      0.923  49213.431    30.7393     6.3225      0.914    7.05326     6.3238    24.1490   12.67093 3.0506e+02 0.0000e+00
         72 141.563979    0.00493     0.2958     17.750      0.926  49212.647    30.7389     6.3232      0.917    7.05316     6.3242    24.1486   12.67076 3.0581e+02 0.0000e+00
         73 141.563981    0.00500     0.3000     18.000      0.932  49210.890    30.7378     6.3239      0.923    7.05311     6.3244    24.1477   12.67069 3.0607e+02 0.0000e+00
         74 141.563984    0.00507     0.3042     18.250      0.939  49207.677    30.7356     6.3243      0.931    7.05313     6.3243    24.1459   12.67076 3.0645e+02 0.0000e+00
         75 141.563987    0.00514     0.3083     18.500      0.946  49202.686    30.7322     6.3245      0.937    7.05326     6.3239    24.1432   12.67101 3.0726e+02 0.0000e+00
         76 141.563990    0.00521     0.3125     18.750      0.950  49197.486    30.7286     6.3244      0.941    7.05345     6.3235    24.1404   12.67137 3.0807e+02 0.0000e+00
         77 141.563993    0.00528     0.3167     19.000      0.950  49194.635    30.7266     6.3240      0.941    7.05360     6.3233    24.1388   12.67165 3.0839e+02 0.0000e+00
         78 141.563996    0.00535     0.3208     19.250      0.945  49195.214    30.7269     6.3236      0.936    7.05366     6.3234    24.1391   12.67173 3.0843e+02 0.0000e+00
         79 141.563999    0.00542     0.3250     19.500      0.937  49198.866    30.7294     6.3234      0.928    7.05358     6.3237    24.1411   12.67157 3.0873e+02 0.0000e+00
         80 141.564002    0.00549     0.3292     19.750      0.927  49203.923    30.7329     6.3235      0.918    7.05340     6.3242    24.1439   12.67123 3.0839e+02 0.0000e+00
         81 141.564005    0.00556     0.3333     20.000      0.919  49208.161    30.7359     6.3238      0.910    7.05320     6.3244    24.1462   12.67087 3.0710e+02 0.0000e+00
         82 141.564008    0.00562     0.3375     20.250      0.915  49209.851    30.7372     6.3242      0.906    7.05307     6.3243    24.1472   12.67064 3.0638e+02 0.0000e+00
         83 141.564010    0.00569     0.3417     20.500      0.915  49207.964    30.7359     6.3245      0.906    7.05309     6.3238    24.1461   12.67068 3.0624e+02 0.0000e+00
         84 141.564013    0.00576     0.3458     20.750      0.917  49202.543    30.7322     6.3244      0.909    7.05328     6.3232    24.1432   12.67104 3.0610e+02 0.0000e+00
         85 141.564016    0.00583     0.3500     21.000      0.922  49195.838    30.7274     6.3239      0.913    7.05359     6.3228    24.1395   12.67161 3.0590e+02 0.0000e+00
         86 141.564019    0.00590     0.3542     21.250      0.927  49191.793    30.7245     6.3233      0.918    7.05383     6.3227    24.1373   12.67205 3.0585e+02 0.0000e+00
         87 141.564022    0.00597     0.3583     21.500      0.932  49192.578    30.7250     6.3229      0.923    7.05387     6.3228    24.1377   12.67212 3.0621e+02 0.0000e+00
         88 141.564025    0.00604     0.3625     21.750      0.938  49196.479    30.7277     6.3228      0.929    7.05376     6.3228    24.1398   12.67190 3.0597e+02 0.0000e+00
         89 141.564028    0.00611     0.3667     22.000      0.944  49199.798    30.7300     6.3229      0.935    7.05364     6.3227    24.1416   12.67167 3.0499e+02 0.0000e+00
         90 141.564031    0.00618     0.3708     22.250      0.947  49200.378    30.7304     6.3229      0.938    7.05361     6.3224    24.1419   12.67162 3.0411e+02 0.0000e+00
