CTD-processing/allCTD/CNV--turbid/2013_04-21_t4_s01_cast122.cnv
* Sea-Bird SBE19plus Data File:
* FileName = C:\Documents and Settings\kris.holderied.local\My Documents\2012-2013-CTD-DATA-new-files\2013-04-EVOSTC-CookInlet-Ocean\2013-04-21-CookInlet-Tran4-Barabara\2013-04-21-CookInlet-Tran4-cast122.hex
* Software Version 1.54
* Temperature SN =  5028
* Conductivity SN =  5028
* System UpLoad Time = Apr 21 2013 12:22:02
** Cook Inlet LTM Transect 4 (Barabara) South to North
** Date:  2013-04-21
** Station:  4-01
** Start time (AKDT-24 hr):  0925
** Depth (m): 17
** Comment:Snow? Clean H2O
# nquan = 16
# nvalues = 413                         
# units = specified
# name 0 = scan: Scan Count
# name 1 = timeJ: Julian Days
# name 2 = timeH: Time, Elapsed [hours]
# name 3 = timeM: Time, Elapsed [minutes]
# name 4 = timeS: Time, Elapsed [seconds]
# name 5 = prdM: Pressure, Strain Gauge [db]
# name 6 = specc: Specific Conductance [uS/cm]
# name 7 = sal00: Salinity, Practical [PSU]
# name 8 = tv290C: Temperature [ITS-90, deg C]
# name 9 = depSM: Depth [salt water, m], lat = 59.00
# name 10 = oxsolML/L: Oxygen Saturation, Garcia & Gordon [ml/l]
# name 11 = potemp090C: Potential Temperature [ITS-90, deg C]
# name 12 = sigma-é00: Density [sigma-theta, kg/m^3]
# name 13 = n2satML/L: Nitrogen Saturation [ml/l]
# name 14 = par: PAR/Irradiance, Biospherical/Licor
# name 15 = flag:  0.000e+00
# span 0 =          1,        413       
# span 1 = 111.393079, 111.394271       
# span 2 =    0.00000,    0.02861       
# span 3 =     0.0000,     1.7167       
# span 4 =      0.000,    103.000       
# span 5 =      0.079,     17.182       
# span 6 =      3.618,  51777.233       
# span 7 =     0.0027,    31.9912       
# span 8 =     3.8146,     4.7346       
# span 9 =      0.079,     17.020       
# span 10 =    7.40006,    9.01211      
# span 11 =     3.8136,     4.7324      
# span 12 =    -0.0274,    25.4011      
# span 13 =   13.22843,   16.38284      
# span 14 = 2.9483e+00, 6.0795e+01      
# span 15 = 0.0000e+00, 0.0000e+00      
# interval = seconds: 0.25
# start_time = Apr 21 2013 09:26:02 [Instrument's time stamp, header]
# bad_flag = -9.990e-29
*END*
[from data line 181]
        182 111.393602    0.01257     0.7542     45.250      1.035  51717.936    31.9597     3.9565      1.026    7.40287     3.9631    25.3725   13.23265 3.5421e+01 0.0000e+00
        183 111.393605    0.01264     0.7583     45.500      1.032  51712.499    31.9570     3.9608      1.023    7.40223     3.9628    25.3699   13.23162 3.5483e+01 0.0000e+00
        184 111.393608    0.01271     0.7625     45.750      1.034  51709.891    31.9558     3.9631      1.024    7.40188     3.9604    25.3687   13.23107 3.5344e+01 0.0000e+00
        185 111.393611    0.01278     0.7667     46.000      1.040  51710.555    31.9562     3.9628      1.030    7.40191     3.9569    25.3691   13.23111 3.5148e+01 0.0000e+00
        186 111.393614    0.01285     0.7708     46.250      1.049  51714.623    31.9583     3.9604      1.039    7.40224     3.9535    25.3711   13.23161 3.4986e+01 0.0000e+00
        187 111.393617    0.01292     0.7750     46.500      1.058  51721.107    31.9619     3.9569      1.048    7.40270     3.9510    25.3743   13.23233 3.4857e+01 0.0000e+00
        188 111.393620    0.01299     0.7792     46.750      1.066  51727.938    31.9657     3.9535      1.056    7.40313     3.9493    25.3776   13.23299 3.4769e+01 0.0000e+00
        189 111.393623    0.01306     0.7833     47.000      1.069  51733.207    31.9687     3.9510      1.059    7.40343     3.9478    25.3802   13.23344 3.4746e+01 0.0000e+00
        190 111.393626    0.01313     0.7875     47.250      1.069  51736.985    31.9709     3.9493      1.059    7.40362     3.9464    25.3821   13.23373 3.4752e+01 0.0000e+00
        191 111.393628    0.01319     0.7917     47.500      1.066  51740.777    31.9731     3.9479      1.056    7.40377     3.9454    25.3840   13.23395 3.4775e+01 0.0000e+00
        192 111.393631    0.01326     0.7958     47.750      1.061  51745.053    31.9757     3.9464      1.051    7.40390     3.9453    25.3862   13.23414 3.4877e+01 0.0000e+00
        193 111.393634    0.01333     0.8000     48.000      1.056  51748.981    31.9781     3.9455      1.046    7.40395     3.9456    25.3883   13.23419 3.4982e+01 0.0000e+00
        194 111.393637    0.01340     0.8042     48.250      1.052  51751.803    31.9800     3.9453      1.042    7.40388     3.9458    25.3898   13.23405 3.4998e+01 0.0000e+00
        195 111.393640    0.01347     0.8083     48.500      1.051  51753.691    31.9814     3.9457      1.041    7.40376     3.9456    25.3908   13.23382 3.5050e+01 0.0000e+00
        196 111.393643    0.01354     0.8125     48.750      1.052  51755.443    31.9826     3.9458      1.042    7.40366     3.9453    25.3918   13.23365 3.5221e+01 0.0000e+00
        197 111.393646    0.01361     0.8167     49.000      1.054  51757.262    31.9838     3.9457      1.044    7.40364     3.9454    25.3927   13.23360 3.5353e+01 0.0000e+00
        198 111.393649    0.01368     0.8208     49.250      1.055  51758.261    31.9844     3.9454      1.045    7.40365     3.9461    25.3933   13.23362 3.5329e+01 0.0000e+00
        199 111.393652    0.01375     0.8250     49.500      1.054  51757.467    31.9839     3.9454      1.044    7.40367     3.9474    25.3929   13.23365 3.5215e+01 0.0000e+00
        200 111.393655    0.01382     0.8292     49.750      1.051  51755.106    31.9825     3.9461      1.041    7.40362     3.9494    25.3916   13.23359 3.5027e+01 0.0000e+00
        201 111.393657    0.01389     0.8333     50.000      1.047  51751.976    31.9807     3.9474      1.037    7.40347     3.9512    25.3900   13.23336 3.4845e+01 0.0000e+00
        202 111.393660    0.01396     0.8375     50.250      1.044  51748.186    31.9786     3.9494      1.034    7.40321     3.9517    25.3882   13.23296 3.4889e+01 0.0000e+00
        203 111.393663    0.01403     0.8417     50.500      1.046  51744.133    31.9763     3.9512      1.036    7.40300     3.9508    25.3861   13.23264 3.5040e+01 0.0000e+00
        204 111.393666    0.01410     0.8458     50.750      1.050  51741.380    31.9745     3.9517      1.040    7.40301     3.9495    25.3847   13.23267 3.5056e+01 0.0000e+00
        205 111.393669    0.01417     0.8500     51.000      1.056  51741.049    31.9740     3.9508      1.046    7.40319     3.9488    25.3844   13.23298 3.5079e+01 0.0000e+00
        206 111.393672    0.01424     0.8542     51.250      1.061  51742.285    31.9746     3.9495      1.051    7.40339     3.9492    25.3850   13.23331 3.5136e+01 0.0000e+00
        207 111.393675    0.01431     0.8583     51.500      1.063  51742.949    31.9749     3.9489      1.053    7.40350     3.9506    25.3853   13.23348 3.5157e+01 0.0000e+00
        208 111.393678    0.01438     0.8625     51.750      1.061  51741.627    31.9741     3.9492      1.051    7.40349     3.9537    25.3846   13.23347 3.5248e+01 0.0000e+00
        209 111.393681    0.01444     0.8667     52.000      1.056  51737.902    31.9719     3.9506      1.046    7.40334     3.9582    25.3827   13.23325 3.5313e+01 0.0000e+00
        210 111.393683    0.01451     0.8708     52.250      1.049  51731.360    31.9681     3.9537      1.039    7.40297     3.9628    25.3795   13.23270 3.5278e+01 0.0000e+00
        211 111.393686    0.01458     0.8750     52.500      1.042  51722.628    31.9633     3.9582      1.032    7.40239     3.9655    25.3752   13.23180 3.5278e+01 0.0000e+00
        212 111.393689    0.01465     0.8792     52.750      1.038  51714.091    31.9586     3.9628      1.028    7.40180     3.9655    25.3710   13.23088 3.5262e+01 0.0000e+00
        213 111.393692    0.01472     0.8833     53.000      1.038  51708.153    31.9552     3.9656      1.028    7.40147     3.9629    25.3680   13.23039 3.5115e+01 0.0000e+00
        214 111.393695    0.01479     0.8875     53.250      1.043  51705.888    31.9536     3.9656      1.033    7.40155     3.9586    25.3668   13.23055 3.4986e+01 0.0000e+00
        215 111.393698    0.01486     0.8917     53.500      1.052  51707.154    31.9538     3.9630      1.042    7.40201     3.9540    25.3672   13.23130 3.5054e+01 0.0000e+00
        216 111.393701    0.01493     0.8958     53.750      1.062  51711.246    31.9556     3.9587      1.052    7.40269     3.9505    25.3690   13.23240 3.5155e+01 0.0000e+00
        217 111.393704    0.01500     0.9000     54.000      1.072  51717.108    31.9584     3.9541      1.062    7.40338     3.9489    25.3718   13.23350 3.5065e+01 0.0000e+00
        218 111.393707    0.01507     0.9042     54.250      1.078  51722.549    31.9613     3.9505      1.068    7.40388     3.9495    25.3744   13.23429 3.4930e+01 0.0000e+00
        219 111.393709    0.01514     0.9083     54.500      1.079  51724.747    31.9624     3.9490      1.069    7.40411     3.9523    25.3754   13.23465 3.5082e+01 0.0000e+00
        220 111.393712    0.01521     0.9125     54.750      1.073  51722.441    31.9610     3.9495      1.063    7.40408     3.9579    25.3742   13.23463 3.5438e+01 0.0000e+00
        221 111.393715    0.01528     0.9167     55.000      1.061  51715.664    31.9571     3.9524      1.052    7.40377     3.9659    25.3708   13.23416 3.5531e+01 0.0000e+00
        222 111.393718    0.01535     0.9208     55.250      1.048  51704.420    31.9508     3.9580      1.038    7.40307     3.9739    25.3653   13.23309 3.5343e+01 0.0000e+00
        223 111.393721    0.01542     0.9250     55.500      1.035  51689.956    31.9428     3.9659      1.026    7.40203     3.9795    25.3582   13.23148 3.5310e+01 0.0000e+00
        224 111.393724    0.01549     0.9292     55.750      1.027  51675.640    31.9350     3.9740      1.018    7.40096     3.9811    25.3512   13.22982 3.5465e+01 0.0000e+00
        225 111.393727    0.01556     0.9333     56.000      1.026  51665.376    31.9293     3.9796      1.017    7.40024     3.9790    25.3461   13.22871 3.5376e+01 0.0000e+00
        226 111.393730    0.01563     0.9375     56.250      1.031  51661.508    31.9271     3.9812      1.021    7.40006     3.9742    25.3442   13.22843 3.5064e+01 0.0000e+00
        227 111.393733    0.01569     0.9417     56.500      1.039  51664.231    31.9284     3.9791      1.030    7.40037     3.9683    25.3455   13.22893 3.4966e+01 0.0000e+00
        228 111.393736    0.01576     0.9458     56.750      1.049  51672.015    31.9326     3.9743      1.039    7.40103     3.9628    25.3492   13.22996 3.5103e+01 0.0000e+00
        229 111.393738    0.01583     0.9500     57.000      1.058  51682.025    31.9380     3.9684      1.048    7.40182     3.9581    25.3541   13.23120 3.5193e+01 0.0000e+00
        230 111.393741    0.01590     0.9542     57.250      1.062  51691.425    31.9431     3.9629      1.052    7.40256     3.9540    25.3587   13.23236 3.5140e+01 0.0000e+00
        231 111.393744    0.01597     0.9583     57.500      1.062  51699.713    31.9476     3.9582      1.052    7.40318     3.9502    25.3627   13.23332 3.5068e+01 0.0000e+00
        232 111.393747    0.01604     0.9625     57.750      1.060  51708.329    31.9525     3.9540      1.050    7.40369     3.9472    25.3670   13.23409 3.5195e+01 0.0000e+00
        233 111.393750    0.01611     0.9667     58.000      1.056  51717.681    31.9580     3.9503      1.046    7.40409     3.9448    25.3717   13.23468 3.5530e+01 0.0000e+00
        234 111.393753    0.01618     0.9708     58.250      1.053  51726.825    31.9635     3.9472      1.044    7.40436     3.9428    25.3764   13.23507 3.5601e+01 0.0000e+00
        235 111.393756    0.01625     0.9750     58.500      1.052  51734.989    31.9685     3.9448      1.043    7.40455     3.9409    25.3806   13.23530 3.5306e+01 0.0000e+00
        236 111.393759    0.01632     0.9792     58.750      1.053  51741.955    31.9727     3.9428      1.043    7.40470     3.9392    25.3841   13.23550 3.5241e+01 0.0000e+00
        237 111.393762    0.01639     0.9833     59.000      1.055  51747.666    31.9762     3.9410      1.045    7.40486     3.9375    25.3871   13.23572 3.5477e+01 0.0000e+00
        238 111.393764    0.01646     0.9875     59.250      1.057  51752.085    31.9788     3.9392      1.047    7.40505     3.9358    25.3893   13.23599 3.5554e+01 0.0000e+00
        239 111.393767    0.01653     0.9917     59.500      1.058  51755.029    31.9804     3.9375      1.048    7.40527     3.9337    25.3908   13.23634 3.5493e+01 0.0000e+00
        240 111.393770    0.01660     0.9958     59.750      1.058  51756.113    31.9807     3.9358      1.048    7.40557     3.9311    25.3912   13.23683 3.5584e+01 0.0000e+00
        241 111.393773    0.01667     1.0000     60.000      1.057  51755.592    31.9798     3.9337      1.047    7.40599     3.9280    25.3907   13.23753 3.5643e+01 0.0000e+00
        242 111.393776    0.01674     1.0042     60.250      1.056  51755.186    31.9789     3.9311      1.046    7.40651     3.9250    25.3902   13.23840 3.5502e+01 0.0000e+00
        243 111.393779    0.01681     1.0083     60.500      1.056  51757.141    31.9795     3.9281      1.046    7.40703     3.9226    25.3910   13.23925 3.5418e+01 0.0000e+00
        244 111.393782    0.01688     1.0125     60.750      1.056  51762.333    31.9823     3.9251      1.046    7.40743     3.9209    25.3935   13.23987 3.5351e+01 0.0000e+00
        245 111.393785    0.01694     1.0167     61.000      1.055  51769.255    31.9865     3.9226      1.045    7.40766     3.9196    25.3970   13.24020 3.5068e+01 0.0000e+00
        246 111.393788    0.01701     1.0208     61.250      1.054  51774.914    31.9899     3.9209      1.044    7.40780     3.9186    25.3999   13.24039 3.4835e+01 0.0000e+00
        247 111.393791    0.01708     1.0250     61.500      1.052  51777.233    31.9912     3.9196      1.042    7.40797     3.9177    25.4011   13.24065 3.4899e+01 0.0000e+00
        248 111.393793    0.01715     1.0292     61.750      1.051  51775.435    31.9897     3.9186      1.041    7.40823     3.9170    25.4000   13.24110 3.4971e+01 0.0000e+00
        249 111.393796    0.01722     1.0333     62.000      1.053  51769.956    31.9857     3.9178      1.043    7.40858     3.9163    25.3969   13.24172 3.4955e+01 0.0000e+00
        250 111.393799    0.01729     1.0375     62.250      1.057  51763.631    31.9812     3.9170      1.047    7.40893     3.9162    25.3934   13.24237 3.5085e+01 0.0000e+00
        251 111.393802    0.01736     1.0417     62.500      1.061  51759.703    31.9784     3.9164      1.051    7.40919     3.9168    25.3912   13.24283 3.5215e+01 0.0000e+00
        252 111.393805    0.01743     1.0458     62.750      1.063  51758.645    31.9776     3.9163      1.053    7.40926     3.9183    25.3906   13.24295 3.5089e+01 0.0000e+00
        253 111.393808    0.01750     1.0500     63.000      1.061  51758.420    31.9776     3.9169      1.051    7.40914     3.9207    25.3906   13.24276 3.4986e+01 0.0000e+00
        254 111.393811    0.01757     1.0542     63.250      1.054  51756.923    31.9769     3.9184      1.044    7.40890     3.9238    25.3899   13.24238 3.5211e+01 0.0000e+00
        255 111.393814    0.01764     1.0583     63.500      1.045  51752.902    31.9748     3.9208      1.035    7.40858     3.9266    25.3879   13.24187 3.5313e+01 0.0000e+00
        256 111.393817    0.01771     1.0625     63.750      1.037  51746.065    31.9709     3.9239      1.027    7.40822     3.9283    25.3845   13.24133 3.5106e+01 0.0000e+00
        257 111.393819    0.01778     1.0667     64.000      1.032  51737.804    31.9659     3.9267      1.022    7.40796     3.9286    25.3803   13.24096 3.5170e+01 0.0000e+00
        258 111.393822    0.01785     1.0708     64.250      1.032  51730.337    31.9613     3.9284      1.022    7.40788     3.9272    25.3764   13.24088 3.5425e+01 0.0000e+00
        259 111.393825    0.01792     1.0750     64.500      1.037  51725.581    31.9581     3.9287      1.027    7.40799     3.9248    25.3739   13.24112 3.5337e+01 0.0000e+00
        260 111.393828    0.01799     1.0792     64.750      1.045  51724.686    31.9571     3.9273      1.035    7.40828     3.9220    25.3733   13.24161 3.5075e+01 0.0000e+00
        261 111.393831    0.01806     1.0833     65.000      1.053  51727.319    31.9583     3.9249      1.043    7.40867     3.9195    25.3744   13.24223 3.4993e+01 0.0000e+00
        262 111.393834    0.01812     1.0875     65.250      1.061  51731.945    31.9608     3.9221      1.051    7.40904     3.9173    25.3767   13.24281 3.4940e+01 0.0000e+00
        263 111.393837    0.01819     1.0917     65.500      1.068  51737.102    31.9637     3.9195      1.058    7.40936     3.9154    25.3792   13.24330 3.4744e+01 0.0000e+00
        264 111.393840    0.01826     1.0958     65.750      1.073  51742.248    31.9667     3.9173      1.063    7.40961     3.9141    25.3818   13.24368 3.4622e+01 0.0000e+00
        265 111.393843    0.01833     1.1000     66.000      1.076  51747.550    31.9699     3.9155      1.066    7.40979     3.9135    25.3845   13.24393 3.4718e+01 0.0000e+00
        266 111.393845    0.01840     1.1042     66.250      1.076  51752.861    31.9732     3.9141      1.066    7.40987     3.9139    25.3873   13.24401 3.4853e+01 0.0000e+00
        267 111.393848    0.01847     1.1083     66.500      1.073  51756.827    31.9757     3.9136      1.063    7.40984     3.9150    25.3894   13.24393 3.4977e+01 0.0000e+00
        268 111.393851    0.01854     1.1125     66.750      1.065  51758.126    31.9767     3.9139      1.055    7.40973     3.9165    25.3901   13.24373 3.5170e+01 0.0000e+00
        269 111.393854    0.01861     1.1167     67.000      1.055  51757.161    31.9763     3.9150      1.045    7.40955     3.9181    25.3897   13.24345 3.5338e+01 0.0000e+00
        270 111.393857    0.01868     1.1208     67.250      1.043  51754.530    31.9749     3.9165      1.033    7.40934     3.9192    25.3884   13.24313 3.5339e+01 0.0000e+00
        271 111.393860    0.01875     1.1250     67.500      1.033  51750.304    31.9724     3.9181      1.023    7.40917     3.9191    25.3863   13.24288 3.5224e+01 0.0000e+00
