CTD-processing/allCTD/CNV--turbid/2013_06-06_alongbay_bearb_inner_cast172.cnv
* Sea-Bird SBE19plus Data File:
* FileName = C:\Documents and Settings\kbayadmin\My Documents\CTD data\2013-06-06 Kachemak Bay all bay inner bay\2013-06-06 Kachemak Bay All Bay Inner Bay cast172.hex
* Software Version 1.59
* Temperature SN =  5028
* Conductivity SN =  5028
* System UpLoad Time = Jun 18 2013 16:02:43
** Kachemak Bay All Bay Inner Bay
** 2013-06-06
** Station: Bear Cove B
** N': 59 43.212
** W': 151 1.691
** Start Time: 1414
** Depth(ft): 90
# nquan = 16
# nvalues = 443                         
# units = specified
# name 0 = scan: Scan Count
# name 1 = timeJ: Julian Days
# name 2 = timeH: Time, Elapsed [hours]
# name 3 = timeM: Time, Elapsed [minutes]
# name 4 = timeS: Time, Elapsed [seconds]
# name 5 = prdM: Pressure, Strain Gauge [db]
# name 6 = specc: Specific Conductance [uS/cm]
# name 7 = sal00: Salinity, Practical [PSU]
# name 8 = tv290C: Temperature [ITS-90, deg C]
# name 9 = depSM: Depth [salt water, m], lat = 59.00
# name 10 = oxsolML/L: Oxygen Saturation, Garcia & Gordon [ml/l]
# name 11 = potemp090C: Potential Temperature [ITS-90, deg C]
# name 12 = sigma-é00: Density [sigma-theta, kg/m^3]
# name 13 = n2satML/L: Nitrogen Saturation [ml/l]
# name 14 = par: PAR/Irradiance, Biospherical/Licor
# name 15 = flag:  0.000e+00
# span 0 =          1,        443       
# span 1 = 157.594294, 157.595573       
# span 2 =    0.00000,    0.03069       
# span 3 =     0.0000,     1.8417       
# span 4 =      0.000,    110.500       
# span 5 =     -0.085,     25.924       
# span 6 =    118.260,  50818.576       
# span 7 =     0.0547,    31.5683       
# span 8 =     4.9911,    11.0549       
# span 9 =     -0.084,     25.680       
# span 10 =    6.45755,    8.19136      
# span 11 =     4.9892,    11.0548      
# span 12 =    -0.1353,    24.9567      
# span 13 =   11.71874,   15.00096      
# span 14 = 8.2312e-02, 2.3098e+03      
# span 15 = 0.0000e+00, 0.0000e+00      
# interval = seconds: 0.25
# start_time = Jun 06 2013 14:15:47 [Instrument's time stamp, header]
# bad_flag = -9.990e-29
*END*
          1 157.594294    0.00000     0.0000      0.000     -0.073    118.260     0.0547     8.4633     -0.072    8.19136     8.4666    -0.1353   15.00096 2.8567e+02 0.0000e+00
          2 157.594297    0.00007     0.0042      0.250     -0.073    119.285     0.0552     8.4646     -0.073    8.19108     8.4694    -0.1350   15.00048 2.9485e+02 0.0000e+00
          3 157.594300    0.00014     0.0083      0.500     -0.074    120.944     0.0560     8.4666     -0.073    8.19064     8.4728    -0.1346   14.99973 3.0986e+02 0.0000e+00
          4 157.594303    0.00021     0.0125      0.750     -0.074    123.187     0.0570     8.4694     -0.074    8.19003     8.4763    -0.1339   14.99868 3.3812e+02 0.0000e+00
          5 157.594306    0.00028     0.0167      1.000     -0.075    125.774     0.0582     8.4728     -0.074    8.18930     8.4795    -0.1332   14.99743 3.6616e+02 0.0000e+00
          6 157.594308    0.00035     0.0208      1.250     -0.075    128.371     0.0594     8.4763     -0.074    8.18855     8.4824    -0.1325   14.99614 3.6701e+02 0.0000e+00
          7 157.594311    0.00042     0.0250      1.500     -0.074    130.603     0.0604     8.4795     -0.074    8.18787     8.4853    -0.1319   14.99497 3.5281e+02 0.0000e+00
          8 157.594314    0.00049     0.0292      1.750     -0.074    132.351     0.0612     8.4824     -0.073    8.18726     8.4889    -0.1315   14.99393 3.4975e+02 0.0000e+00
          9 157.594317    0.00056     0.0333      2.000     -0.073    133.977     0.0619     8.4853     -0.073    8.18664     8.4939    -0.1311   14.99287 3.6600e+02 0.0000e+00
         10 157.594320    0.00063     0.0375      2.250     -0.073    135.858     0.0628     8.4889     -0.073    8.18586     8.4999    -0.1307   14.99156 4.1000e+02 0.0000e+00
         11 157.594323    0.00069     0.0417      2.500     -0.073    137.966     0.0638     8.4939     -0.073    8.18483     8.5061    -0.1302   14.98981 4.9750e+02 0.0000e+00
         12 157.594326    0.00076     0.0458      2.750     -0.073    140.082     0.0648     8.4999     -0.073    8.18358     8.5117    -0.1299   14.98769 6.5329e+02 0.0000e+00
         13 157.594329    0.00083     0.0500      3.000     -0.074    142.017     0.0657     8.5061     -0.074    8.18230     8.5161    -0.1296   14.98551 8.6773e+02 0.0000e+00
         14 157.594332    0.00090     0.0542      3.250     -0.074    143.699     0.0665     8.5117     -0.074    8.18116     8.5194    -0.1293   14.98358 1.0801e+03 0.0000e+00
         15 157.594334    0.00097     0.0583      3.500     -0.074    145.209     0.0672     8.5161     -0.074    8.18025     8.5218    -0.1291   14.98203 1.2532e+03 0.0000e+00
         16 157.594337    0.00104     0.0625      3.750     -0.074    146.760     0.0679     8.5194     -0.074    8.17955     8.5235    -0.1287   14.98084 1.3924e+03 0.0000e+00
         17 157.594340    0.00111     0.0667      4.000     -0.075    148.647     0.0688     8.5218     -0.075    8.17903     8.5248    -0.1282   14.97995 1.5040e+03 0.0000e+00
         18 157.594343    0.00118     0.0708      4.250     -0.075    151.026     0.0699     8.5235     -0.075    8.17863     8.5256    -0.1274   14.97926 1.5761e+03 0.0000e+00
         19 157.594346    0.00125     0.0750      4.500     -0.076    153.952     0.0713     8.5248     -0.075    8.17832     8.5262    -0.1264   14.97870 1.5917e+03 0.0000e+00
         20 157.594349    0.00132     0.0792      4.750     -0.076    157.624     0.0731     8.5256     -0.075    8.17805     8.5267    -0.1250   14.97822 1.5409e+03 0.0000e+00
         21 157.594352    0.00139     0.0833      5.000     -0.076    162.372     0.0754     8.5262     -0.076    8.17780     8.5271    -0.1232   14.97777 1.4117e+03 0.0000e+00
         22 157.594355    0.00146     0.0875      5.250     -0.077    168.972     0.0787     8.5267     -0.076    8.17754     8.5274    -0.1206   14.97728 1.2510e+03 0.0000e+00
         23 157.594358    0.00153     0.0917      5.500     -0.077    179.077     0.0837     8.5271     -0.076    8.17720     8.5277    -0.1167   14.97663 1.1904e+03 0.0000e+00
         24 157.594361    0.00160     0.0958      5.750     -0.077    195.246     0.0918     8.5274     -0.076    8.17671     8.5280    -0.1103   14.97568 1.2313e+03 0.0000e+00
         25 157.594363    0.00167     0.1000      6.000     -0.078    221.075     0.1047     8.5277     -0.077    8.17597     8.5284    -0.1001   14.97424 1.2715e+03 0.0000e+00
         26 157.594366    0.00174     0.1042      6.250     -0.078    262.098     0.1254     8.5280     -0.077    8.17482     8.5289    -0.0839   14.97200 1.3284e+03 0.0000e+00
         27 157.594369    0.00181     0.1083      6.500     -0.079    327.575     0.1584     8.5284     -0.078    8.17301     8.5295    -0.0578   14.96844 1.3929e+03 0.0000e+00
         28 157.594372    0.00187     0.1125      6.750     -0.079    433.037     0.2118     8.5289     -0.078    8.17011     8.5304    -0.0157   14.96274 1.3544e+03 0.0000e+00
         29 157.594375    0.00194     0.1167      7.000     -0.080    603.261     0.2981     8.5295     -0.079    8.16545     8.5316     0.0524   14.95356 1.2400e+03 0.0000e+00
         30 157.594378    0.00201     0.1208      7.250     -0.080    871.301     0.4346     8.5304     -0.079    8.15811     8.5336     0.1601   14.93911 1.2291e+03 0.0000e+00
         31 157.594381    0.00208     0.1250      7.500     -0.081   1254.731     0.6316     8.5316     -0.080    8.14752     8.5368     0.3155   14.91826 1.3421e+03 0.0000e+00
         32 157.594384    0.00215     0.1292      7.750     -0.081   1725.835     0.8769     8.5336     -0.080    8.13427     8.5421     0.5087   14.89219 1.5367e+03 0.0000e+00
         33 157.594387    0.00222     0.1333      8.000     -0.082   2289.881     1.1753     8.5368     -0.081    8.11802     8.5506     0.7434   14.86028 1.8221e+03 0.0000e+00
         34 157.594389    0.00229     0.1375      8.250     -0.083   2983.466     1.5469     8.5421     -0.082    8.09758     8.5643     1.0355   14.82021 2.0740e+03 0.0000e+00
         35 157.594392    0.00236     0.1417      8.500     -0.084   3636.745     1.8997     8.5506     -0.083    8.07751     8.5859     1.3125   14.78108 2.2139e+03 0.0000e+00
         36 157.594395    0.00243     0.1458      8.750     -0.085   3925.423     2.0551     8.5643     -0.084    8.06675     8.6165     1.4338   14.76060 2.2826e+03 0.0000e+00
         37 157.594398    0.00250     0.1500      9.000     -0.085   3795.767     1.9825     8.5859     -0.084    8.06639     8.6546     1.3752   14.76111 2.3098e+03 0.0000e+00
         38 157.594401    0.00257     0.1542      9.250     -0.085   3493.049     1.8183     8.6165     -0.084    8.06911     8.6958     1.2438   14.76820 2.3083e+03 0.0000e+00
         39 157.594404    0.00264     0.1583      9.500     -0.085   3207.413     1.6682     8.6546     -0.084    8.06977     8.7364     1.1227   14.77167 2.2935e+03 0.0000e+00
         40 157.594407    0.00271     0.1625      9.750     -0.084   3007.000     1.5701     8.6958     -0.084    8.06729     8.7750     1.0419   14.76910 2.2844e+03 0.0000e+00
         41 157.594410    0.00278     0.1667     10.000     -0.083   2937.103     1.5509     8.7364     -0.083    8.06110     8.8125     1.0228   14.75922 2.2725e+03 0.0000e+00
         42 157.594413    0.00285     0.1708     10.250     -0.082   3043.005     1.6392     8.7750     -0.081    8.05018     8.8521     1.0877   14.73990 2.2432e+03 0.0000e+00
         43 157.594416    0.00292     0.1750     10.500     -0.079   3404.134     1.8855     8.8125     -0.078    8.03201     8.8993     1.2758   14.70626 2.2037e+03 0.0000e+00
         44 157.594418    0.00299     0.1792     10.750     -0.074   4162.260     2.3796     8.8521     -0.074    8.00185     8.9628     1.6568   14.64913 2.1654e+03 0.0000e+00
         45 157.594421    0.00306     0.1833     11.000     -0.065   5555.224     3.2717     8.8993     -0.065    7.95167     9.0567     2.3472   14.55303 2.1320e+03 0.0000e+00
         46 157.594424    0.00313     0.1875     11.250     -0.051   7978.760     4.8124     8.9628     -0.050    7.86815     9.2037     3.5414   14.39227 2.1045e+03 0.0000e+00
         47 157.594427    0.00319     0.1917     11.500     -0.026  12099.095     7.4229     9.0567     -0.026    7.72906     9.4298     5.5662   14.12384 2.0832e+03 0.0000e+00
         48 157.594430    0.00326     0.1958     11.750      0.014  18971.672    11.7765     9.2037      0.014    7.49894     9.7280     8.9436   13.67928 2.0652e+03 0.0000e+00
         49 157.594433    0.00333     0.2000     12.000      0.073  27577.953    17.2436     9.4298      0.072    7.20439    10.0427    13.1781   13.11198 2.0435e+03 0.0000e+00
         50 157.594436    0.00340     0.2042     12.250      0.146  34519.897    21.6740     9.7280      0.144    6.94927    10.3189    16.5916   12.62514 2.0097e+03 0.0000e+00
         51 157.594439    0.00347     0.2083     12.500      0.221  38638.305    24.3144    10.0427      0.219    6.77721    10.5340    18.6046   12.30173 1.9511e+03 0.0000e+00
         52 157.594442    0.00354     0.2125     12.750      0.292  40992.474    25.8264    10.3189      0.289    6.66448    10.6865    19.7421   12.09281 1.8477e+03 0.0000e+00
         53 157.594444    0.00361     0.2167     13.000      0.358  42332.067    26.6878    10.5340      0.354    6.59175    10.7853    20.3810   11.95955 1.6710e+03 0.0000e+00
         54 157.594447    0.00368     0.2208     13.250      0.417  43091.950    27.1765    10.6865      0.413    6.54597    10.8434    20.7385   11.87638 1.4419e+03 0.0000e+00
         55 157.594450    0.00375     0.2250     13.500      0.467  43524.958    27.4544    10.7854      0.463    6.51810    10.8729    20.9400   11.82598 1.2554e+03 0.0000e+00
         56 157.594453    0.00382     0.2292     13.750      0.510  43774.400    27.6138    10.8435      0.505    6.50184    10.8834    21.0553   11.79661 1.1487e+03 0.0000e+00
         57 157.594456    0.00389     0.2333     14.000      0.547  43920.077    27.7061    10.8730      0.542    6.49299    10.8820    21.1229   11.78052 1.0701e+03 0.0000e+00
         58 157.594459    0.00396     0.2375     14.250      0.582  44008.342    27.7614    10.8835      0.576    6.48869    10.8733    21.1645   11.77256 9.9190e+02 0.0000e+00
         59 157.594462    0.00403     0.2417     14.500      0.613  44065.195    27.7965    10.8821      0.607    6.48711    10.8596    21.1922   11.76942 9.3307e+02 0.0000e+00
         60 157.594465    0.00410     0.2458     14.750      0.638  44102.721    27.8192    10.8734      0.632    6.48721    10.8421    21.2114   11.76926 9.0442e+02 0.0000e+00
         61 157.594468    0.00417     0.2500     15.000      0.655  44126.018    27.8325    10.8597      0.649    6.48848    10.8216    21.2241   11.77117 8.8424e+02 0.0000e+00
         62 157.594470    0.00424     0.2542     15.250      0.664  44141.916    27.8408    10.8422      0.658    6.49053    10.7968    21.2335   11.77445 8.7158e+02 0.0000e+00
         63 157.594473    0.00431     0.2583     15.500      0.668  44158.642    27.8499    10.8216      0.661    6.49302    10.7665    21.2439   11.77847 9.0206e+02 0.0000e+00
         64 157.594476    0.00438     0.2625     15.750      0.666  44178.365    27.8608    10.7969      0.660    6.49604    10.7328    21.2565   11.78335 9.6670e+02 0.0000e+00
         65 157.594479    0.00444     0.2667     16.000      0.662  44199.216    27.8721    10.7666      0.655    6.49984    10.7001    21.2703   11.78951 1.0288e+03 0.0000e+00
         66 157.594482    0.00451     0.2708     16.250      0.656  44220.799    27.8836    10.7329      0.650    6.50413    10.6717    21.2847   11.79649 1.0872e+03 0.0000e+00
         67 157.594485    0.00458     0.2750     16.500      0.653  44242.770    27.8955    10.7002      0.647    6.50827    10.6491    21.2993   11.80322 1.1733e+03 0.0000e+00
         68 157.594488    0.00465     0.2792     16.750      0.654  44262.939    27.9066    10.6717      0.648    6.51183    10.6330    21.3126   11.80901 1.2411e+03 0.0000e+00
         69 157.594491    0.00472     0.2833     17.000      0.660  44279.005    27.9155    10.6491      0.654    6.51467    10.6228    21.3232   11.81361 1.2047e+03 0.0000e+00
         70 157.594494    0.00479     0.2875     17.250      0.670  44289.483    27.9211    10.6330      0.664    6.51672    10.6168    21.3302   11.81695 1.1121e+03 0.0000e+00
         71 157.594497    0.00486     0.2917     17.500      0.682  44293.752    27.9230    10.6229      0.675    6.51807    10.6125    21.3334   11.81917 1.0404e+03 0.0000e+00
         72 157.594499    0.00493     0.2958     17.750      0.691  44292.939    27.9218    10.6169      0.685    6.51899    10.6085    21.3334   11.82070 9.9782e+02 0.0000e+00
         73 157.594502    0.00500     0.3000     18.000      0.694  44289.872    27.9193    10.6126      0.688    6.51970    10.6041    21.3321   11.82192 9.9055e+02 0.0000e+00
         74 157.594505    0.00507     0.3042     18.250      0.690  44288.135    27.9177    10.6086      0.684    6.52033    10.5987    21.3315   11.82299 1.0142e+03 0.0000e+00
         75 157.594508    0.00514     0.3083     18.500      0.681  44290.202    27.9187    10.6042      0.674    6.52091    10.5923    21.3330   11.82394 1.0327e+03 0.0000e+00
         76 157.594511    0.00521     0.3125     18.750      0.670  44295.188    27.9216    10.5987      0.663    6.52157    10.5863    21.3362   11.82499 1.0338e+03 0.0000e+00
         77 157.594514    0.00528     0.3167     19.000      0.663  44300.422    27.9245    10.5923      0.656    6.52236    10.5821    21.3395   11.82627 1.0050e+03 0.0000e+00
         78 157.594517    0.00535     0.3208     19.250      0.664  44304.450    27.9267    10.5863      0.658    6.52312    10.5796    21.3422   11.82751 9.2981e+02 0.0000e+00
         79 157.594520    0.00542     0.3250     19.500      0.675  44307.224    27.9282    10.5822      0.668    6.52365    10.5772    21.3440   11.82838 8.4581e+02 0.0000e+00
         80 157.594523    0.00549     0.3292     19.750      0.691  44310.014    27.9299    10.5797      0.684    6.52394    10.5737    21.3457   11.82884 7.9697e+02 0.0000e+00
         81 157.594525    0.00556     0.3333     20.000      0.706  44316.414    27.9341    10.5773      0.699    6.52410    10.5690    21.3494   11.82904 7.9967e+02 0.0000e+00
         82 157.594528    0.00562     0.3375     20.250      0.713  44327.767    27.9417    10.5738      0.706    6.52428    10.5646    21.3558   11.82925 8.3493e+02 0.0000e+00
         83 157.594531    0.00569     0.3417     20.500      0.709  44337.564    27.9480    10.5691      0.702    6.52469    10.5629    21.3615   11.82986 8.9010e+02 0.0000e+00
         84 157.594534    0.00576     0.3458     20.750      0.696  44340.099    27.9493    10.5647      0.690    6.52527    10.5657    21.3633   11.83081 9.8625e+02 0.0000e+00
         85 157.594537    0.00583     0.3500     21.000      0.680  44339.396    27.9487    10.5629      0.674    6.52554    10.5745    21.3630   11.83127 1.0924e+03 0.0000e+00
         86 157.594540    0.00590     0.3542     21.250      0.670  44341.108    27.9501    10.5658      0.663    6.52507    10.5897    21.3637   11.83047 1.1251e+03 0.0000e+00
         87 157.594543    0.00597     0.3583     21.500      0.670  44342.724    27.9522    10.5746      0.663    6.52373    10.6092    21.3639   11.82822 1.0228e+03 0.0000e+00
         88 157.594546    0.00604     0.3625     21.750      0.681  44336.828    27.9496    10.5898      0.675    6.52168    10.6278    21.3594   11.82484 8.3686e+02 0.0000e+00
         89 157.594549    0.00611     0.3667     22.000      0.699  44320.456    27.9402    10.6092      0.692    6.51930    10.6405    21.3490   11.82101 6.9424e+02 0.0000e+00
         90 157.594552    0.00618     0.3708     22.250      0.715  44300.243    27.9280    10.6278      0.708    6.51716    10.6454    21.3365   11.81760 6.2633e+02 0.0000e+00
