CTD-processing/allCTD/CNV--turbid/2013_07-18_t7_s13_cast011.cnv
* Sea-Bird SBE19plus Data File:
* FileName = C:\Documents and Settings\kris.holderied.local\My Documents\2012-2013-CTD-DATA-new-files\2013-07-CookInlet-EVOSTC-LTM\2013-07-18-CookInlet-Tran7-Augustine\2013-07-18-CookInlet-Tran7-Augustine-cast011.hex
* Software Version 1.54
* Temperature SN =  5028
* Conductivity SN =  5028
* System UpLoad Time = Jul 18 2013 22:09:18
** Cook Inlet LTM Ocean - Tran7 Augustine Line, East to West
** Date: 2013-07-18
** Station: 7-13
** Start time (AKDT-24 hr): 15:59
** Depth (m): 69
** Comment:
** Comment:
# nquan = 16
# nvalues = 609                         
# units = specified
# name 0 = scan: Scan Count
# name 1 = timeJ: Julian Days
# name 2 = timeH: Time, Elapsed [hours]
# name 3 = timeM: Time, Elapsed [minutes]
# name 4 = timeS: Time, Elapsed [seconds]
# name 5 = prdM: Pressure, Strain Gauge [db]
# name 6 = specc: Specific Conductance [uS/cm]
# name 7 = sal00: Salinity, Practical [PSU]
# name 8 = tv290C: Temperature [ITS-90, deg C]
# name 9 = depSM: Depth [salt water, m], lat = 59.00
# name 10 = oxsolML/L: Oxygen Saturation, Garcia & Gordon [ml/l]
# name 11 = potemp090C: Potential Temperature [ITS-90, deg C]
# name 12 = sigma-é00: Density [sigma-theta, kg/m^3]
# name 13 = n2satML/L: Nitrogen Saturation [ml/l]
# name 14 = par: PAR/Irradiance, Biospherical/Licor
# name 15 = flag:  0.000e+00
# span 0 =          1,        609       
# span 1 = 199.666354, 199.668113       
# span 2 =    0.00000,    0.04222       
# span 3 =     0.0000,     2.5333       
# span 4 =      0.000,    152.000       
# span 5 =      0.029,     68.407       
# span 6 =    237.769,  50576.868       
# span 7 =     0.1123,    31.8957       
# span 8 =     7.6147,    12.2534       
# span 9 =      0.029,     67.756       
# span 10 =    6.22796,    7.49724      
# span 11 =     7.6083,    12.2534      
# span 12 =    -0.4392,    24.8886      
# span 13 =   11.29652,   13.82666      
# span 14 = 5.8147e-02, 8.1532e+02      
# span 15 = 0.0000e+00, 0.0000e+00      
# interval = seconds: 0.25
# start_time = Jul 18 2013 15:59:33 [Instrument's time stamp, header]
# bad_flag = -9.990e-29
*END*
[from data line 452]
        453 199.667662    0.03139     1.8833    113.000     30.605  50560.155    31.8880     7.6198     30.316    6.79344     7.6168    24.8846   12.22694 5.7751e-01 0.0000e+00
        454 199.667665    0.03146     1.8875    113.250     30.868  50560.241    31.8879     7.6197     30.577    6.79345     7.6167    24.8846   12.22697 5.5347e-01 0.0000e+00
        455 199.667668    0.03153     1.8917    113.500     31.121  50560.501    31.8880     7.6196     30.827    6.79347     7.6167    24.8846   12.22699 5.3123e-01 0.0000e+00
        456 199.667671    0.03160     1.8958    113.750     31.361  50560.772    31.8881     7.6196     31.065    6.79347     7.6168    24.8847   12.22699 5.1103e-01 0.0000e+00
        457 199.667674    0.03167     1.9000    114.000     31.589  50560.965    31.8881     7.6196     31.291    6.79347     7.6169    24.8847   12.22698 4.9271e-01 0.0000e+00
        458 199.667677    0.03174     1.9042    114.250     31.807  50560.987    31.8880     7.6197     31.507    6.79346     7.6170    24.8847   12.22696 4.7604e-01 0.0000e+00
        459 199.667679    0.03181     1.9083    114.500     32.016  50560.820    31.8878     7.6198     31.714    6.79345     7.6170    24.8845   12.22695 4.6104e-01 0.0000e+00
        460 199.667682    0.03188     1.9125    114.750     32.220  50560.598    31.8876     7.6199     31.916    6.79344     7.6169    24.8843   12.22695 4.4739e-01 0.0000e+00
        461 199.667685    0.03194     1.9167    115.000     32.421  50560.449    31.8874     7.6200     32.115    6.79345     7.6169    24.8841   12.22696 4.3456e-01 0.0000e+00
        462 199.667688    0.03201     1.9208    115.250     32.621  50560.379    31.8873     7.6199     32.314    6.79346     7.6168    24.8840   12.22698 4.2233e-01 0.0000e+00
        463 199.667691    0.03208     1.9250    115.500     32.824  50560.338    31.8871     7.6199     32.515    6.79347     7.6166    24.8840   12.22701 4.1054e-01 0.0000e+00
        464 199.667694    0.03215     1.9292    115.750     33.032  50560.328    31.8870     7.6198     32.720    6.79349     7.6165    24.8839   12.22704 3.9899e-01 0.0000e+00
        465 199.667697    0.03222     1.9333    116.000     33.247  50560.334    31.8869     7.6197     32.934    6.79351     7.6163    24.8838   12.22707 3.8743e-01 0.0000e+00
        466 199.667700    0.03229     1.9375    116.250     33.473  50560.353    31.8868     7.6196     33.157    6.79353     7.6162    24.8837   12.22711 3.7566e-01 0.0000e+00
        467 199.667703    0.03236     1.9417    116.500     33.711  50560.451    31.8868     7.6195     33.393    6.79355     7.6162    24.8837   12.22714 3.6360e-01 0.0000e+00
        468 199.667705    0.03243     1.9458    116.750     33.963  50560.617    31.8868     7.6194     33.642    6.79357     7.6161    24.8837   12.22717 3.5118e-01 0.0000e+00
        469 199.667708    0.03250     1.9500    117.000     34.227  50560.785    31.8867     7.6193     33.904    6.79357     7.6161    24.8837   12.22718 3.3843e-01 0.0000e+00
        470 199.667711    0.03257     1.9542    117.250     34.501  50560.947    31.8867     7.6193     34.175    6.79358     7.6161    24.8837   12.22719 3.2547e-01 0.0000e+00
        471 199.667714    0.03264     1.9583    117.500     34.782  50561.082    31.8867     7.6194     34.454    6.79357     7.6161    24.8837   12.22719 3.1264e-01 0.0000e+00
        472 199.667717    0.03271     1.9625    117.750     35.066  50561.113    31.8866     7.6194     34.735    6.79357     7.6161    24.8836   12.22719 3.0024e-01 0.0000e+00
        473 199.667720    0.03278     1.9667    118.000     35.347  50561.081    31.8864     7.6194     35.014    6.79358     7.6162    24.8835   12.22719 2.8842e-01 0.0000e+00
        474 199.667723    0.03285     1.9708    118.250     35.621  50561.125    31.8863     7.6194     35.285    6.79358     7.6162    24.8834   12.22719 2.7739e-01 0.0000e+00
        475 199.667726    0.03292     1.9750    118.500     35.882  50561.193    31.8862     7.6195     35.544    6.79358     7.6163    24.8834   12.22719 2.6729e-01 0.0000e+00
        476 199.667729    0.03299     1.9792    118.750     36.127  50561.113    31.8861     7.6196     35.787    6.79357     7.6162    24.8832   12.22718 2.5813e-01 0.0000e+00
        477 199.667731    0.03306     1.9833    119.000     36.354  50560.932    31.8859     7.6197     36.011    6.79357     7.6161    24.8831   12.22718 2.4988e-01 0.0000e+00
        478 199.667734    0.03313     1.9875    119.250     36.563  50560.864    31.8857     7.6196     36.218    6.79358     7.6160    24.8830   12.22719 2.4247e-01 0.0000e+00
        479 199.667737    0.03319     1.9917    119.500     36.757  50560.983    31.8857     7.6195     36.410    6.79360     7.6158    24.8830   12.22722 2.3582e-01 0.0000e+00
        480 199.667740    0.03326     1.9958    119.750     36.939  50561.120    31.8857     7.6194     36.591    6.79362     7.6157    24.8830   12.22726 2.2977e-01 0.0000e+00
        481 199.667743    0.03333     2.0000    120.000     37.114  50561.181    31.8856     7.6192     36.764    6.79365     7.6156    24.8830   12.22730 2.2414e-01 0.0000e+00
        482 199.667746    0.03340     2.0042    120.250     37.288  50561.241    31.8856     7.6191     36.936    6.79367     7.6155    24.8830   12.22734 2.1872e-01 0.0000e+00
        483 199.667749    0.03347     2.0083    120.500     37.468  50561.325    31.8855     7.6190     37.114    6.79369     7.6154    24.8829   12.22737 2.1330e-01 0.0000e+00
        484 199.667752    0.03354     2.0125    120.750     37.661  50561.430    31.8855     7.6189     37.305    6.79370     7.6154    24.8829   12.22739 2.0775e-01 0.0000e+00
        485 199.667755    0.03361     2.0167    121.000     37.872  50561.579    31.8855     7.6189     37.514    6.79371     7.6154    24.8829   12.22740 2.0200e-01 0.0000e+00
        486 199.667758    0.03368     2.0208    121.250     38.106  50561.720    31.8855     7.6189     37.746    6.79371     7.6154    24.8829   12.22741 1.9600e-01 0.0000e+00
        487 199.667760    0.03375     2.0250    121.500     38.361  50561.774    31.8854     7.6189     37.998    6.79370     7.6155    24.8828   12.22740 1.8984e-01 0.0000e+00
        488 199.667763    0.03382     2.0292    121.750     38.632  50561.755    31.8853     7.6190     38.267    6.79370     7.6155    24.8827   12.22739 1.8362e-01 0.0000e+00
        489 199.667766    0.03389     2.0333    122.000     38.914  50561.765    31.8852     7.6190     38.547    6.79369     7.6155    24.8826   12.22738 1.7749e-01 0.0000e+00
        490 199.667769    0.03396     2.0375    122.250     39.201  50561.884    31.8851     7.6191     38.831    6.79368     7.6156    24.8826   12.22737 1.7160e-01 0.0000e+00
        491 199.667772    0.03403     2.0417    122.500     39.485  50562.070    31.8852     7.6192     39.112    6.79367     7.6156    24.8826   12.22734 1.6610e-01 0.0000e+00
        492 199.667775    0.03410     2.0458    122.750     39.761  50562.235    31.8852     7.6193     39.385    6.79366     7.6157    24.8826   12.22732 1.6109e-01 0.0000e+00
        493 199.667778    0.03417     2.0500    123.000     40.022  50562.349    31.8851     7.6193     39.644    6.79365     7.6157    24.8826   12.22731 1.5661e-01 0.0000e+00
        494 199.667781    0.03424     2.0542    123.250     40.267  50562.434    31.8851     7.6194     39.886    6.79364     7.6157    24.8825   12.22730 1.5260e-01 0.0000e+00
        495 199.667784    0.03431     2.0583    123.500     40.495  50562.526    31.8851     7.6194     40.113    6.79364     7.6156    24.8825   12.22730 1.4900e-01 0.0000e+00
        496 199.667786    0.03438     2.0625    123.750     40.710  50562.635    31.8851     7.6194     40.326    6.79364     7.6156    24.8825   12.22730 1.4571e-01 0.0000e+00
        497 199.667789    0.03444     2.0667    124.000     40.917  50562.705    31.8850     7.6194     40.530    6.79364     7.6155    24.8825   12.22730 1.4260e-01 0.0000e+00
        498 199.667792    0.03451     2.0708    124.250     41.121  50562.703    31.8849     7.6194     40.733    6.79365     7.6155    24.8824   12.22732 1.3957e-01 0.0000e+00
        499 199.667795    0.03458     2.0750    124.500     41.332  50562.712    31.8848     7.6194     40.942    6.79366     7.6154    24.8823   12.22733 1.3649e-01 0.0000e+00
        500 199.667798    0.03465     2.0792    124.750     41.556  50562.782    31.8848     7.6193     41.164    6.79367     7.6154    24.8823   12.22735 1.3332e-01 0.0000e+00
        501 199.667801    0.03472     2.0833    125.000     41.798  50562.841    31.8847     7.6193     41.403    6.79367     7.6154    24.8822   12.22737 1.3003e-01 0.0000e+00
        502 199.667804    0.03479     2.0875    125.250     42.059  50562.859    31.8846     7.6193     41.661    6.79368     7.6153    24.8821   12.22738 1.2662e-01 0.0000e+00
        503 199.667807    0.03486     2.0917    125.500     42.337  50562.879    31.8845     7.6193     41.937    6.79368     7.6152    24.8821   12.22739 1.2314e-01 0.0000e+00
        504 199.667810    0.03493     2.0958    125.750     42.629  50562.885    31.8843     7.6193     42.227    6.79369     7.6150    24.8820   12.22741 1.1966e-01 0.0000e+00
        505 199.667813    0.03500     2.1000    126.000     42.929  50562.839    31.8841     7.6192     42.523    6.79372     7.6148    24.8818   12.22745 1.1627e-01 0.0000e+00
        506 199.667815    0.03507     2.1042    126.250     43.228  50562.805    31.8839     7.6190     42.820    6.79375     7.6145    24.8817   12.22751 1.1308e-01 0.0000e+00
        507 199.667818    0.03514     2.1083    126.500     43.520  50562.901    31.8838     7.6187     43.109    6.79379     7.6142    24.8817   12.22758 1.1014e-01 0.0000e+00
        508 199.667821    0.03521     2.1125    126.750     43.799  50563.118    31.8838     7.6185     43.385    6.79384     7.6139    24.8817   12.22765 1.0751e-01 0.0000e+00
        509 199.667824    0.03528     2.1167    127.000     44.061  50563.382    31.8838     7.6182     43.645    6.79388     7.6138    24.8817   12.22771 1.0525e-01 0.0000e+00
        510 199.667827    0.03535     2.1208    127.250     44.306  50563.701    31.8839     7.6180     43.887    6.79391     7.6138    24.8818   12.22776 1.0328e-01 0.0000e+00
        511 199.667830    0.03542     2.1250    127.500     44.534  50564.075    31.8840     7.6179     44.113    6.79392     7.6138    24.8820   12.22778 1.0149e-01 0.0000e+00
        512 199.667833    0.03549     2.1292    127.750     44.750  50564.480    31.8842     7.6179     44.326    6.79391     7.6140    24.8821   12.22776 9.9851e-02 0.0000e+00
        513 199.667836    0.03556     2.1333    128.000     44.959  50564.770    31.8844     7.6180     44.534    6.79389     7.6141    24.8822   12.22773 9.8321e-02 0.0000e+00
        514 199.667839    0.03562     2.1375    128.250     45.168  50564.648    31.8842     7.6182     44.741    6.79387     7.6140    24.8820   12.22770 9.6853e-02 0.0000e+00
        515 199.667841    0.03569     2.1417    128.500     45.383  50564.132    31.8838     7.6183     44.954    6.79387     7.6138    24.8817   12.22770 9.5411e-02 0.0000e+00
        516 199.667844    0.03576     2.1458    128.750     45.608  50563.684    31.8833     7.6183     45.177    6.79390     7.6135    24.8814   12.22775 9.3952e-02 0.0000e+00
        517 199.667847    0.03583     2.1500    129.000     45.846  50563.666    31.8832     7.6180     45.413    6.79394     7.6132    24.8813   12.22782 9.2443e-02 0.0000e+00
        518 199.667850    0.03590     2.1542    129.250     46.098  50563.965    31.8832     7.6177     45.662    6.79398     7.6130    24.8814   12.22789 9.0899e-02 0.0000e+00
        519 199.667853    0.03597     2.1583    129.500     46.360  50564.354    31.8833     7.6175     45.921    6.79402     7.6129    24.8815   12.22794 8.9358e-02 0.0000e+00
        520 199.667856    0.03604     2.1625    129.750     46.629  50564.772    31.8835     7.6173     46.187    6.79404     7.6128    24.8817   12.22798 8.7856e-02 0.0000e+00
        521 199.667859    0.03611     2.1667    130.000     46.902  50565.149    31.8836     7.6172     46.458    6.79404     7.6128    24.8818   12.22799 8.6411e-02 0.0000e+00
        522 199.667862    0.03618     2.1708    130.250     47.176  50565.405    31.8837     7.6172     46.729    6.79404     7.6128    24.8818   12.22799 8.5038e-02 0.0000e+00
        523 199.667865    0.03625     2.1750    130.500     47.449  50565.461    31.8836     7.6172     47.000    6.79405     7.6127    24.8817   12.22800 8.3737e-02 0.0000e+00
        524 199.667867    0.03632     2.1792    130.750     47.720  50565.319    31.8834     7.6172     47.268    6.79405     7.6125    24.8815   12.22801 8.2493e-02 0.0000e+00
        525 199.667870    0.03639     2.1833    131.000     47.984  50565.197    31.8832     7.6172     47.530    6.79407     7.6123    24.8814   12.22804 8.1313e-02 0.0000e+00
        526 199.667873    0.03646     2.1875    131.250     48.241  50565.388    31.8831     7.6170     47.784    6.79410     7.6122    24.8814   12.22808 8.0219e-02 0.0000e+00
        527 199.667876    0.03653     2.1917    131.500     48.489  50565.881    31.8833     7.6168     48.030    6.79412     7.6123    24.8816   12.22812 7.9213e-02 0.0000e+00
        528 199.667879    0.03660     2.1958    131.750     48.728  50566.432    31.8836     7.6167     48.267    6.79412     7.6125    24.8818   12.22812 7.8292e-02 0.0000e+00
        529 199.667882    0.03667     2.2000    132.000     48.960  50566.950    31.8838     7.6168     48.497    6.79410     7.6128    24.8820   12.22808 7.7449e-02 0.0000e+00
        530 199.667885    0.03674     2.2042    132.250     49.188  50567.363    31.8841     7.6170     48.722    6.79405     7.6133    24.8822   12.22800 7.6667e-02 0.0000e+00
        531 199.667888    0.03681     2.2083    132.500     49.412  50567.471    31.8841     7.6174     48.945    6.79399     7.6136    24.8822   12.22790 7.5933e-02 0.0000e+00
        532 199.667891    0.03687     2.2125    132.750     49.637  50567.301    31.8840     7.6179     49.168    6.79392     7.6139    24.8820   12.22780 7.5232e-02 0.0000e+00
        533 199.667894    0.03694     2.2167    133.000     49.866  50567.193    31.8839     7.6183     49.394    6.79387     7.6143    24.8818   12.22770 7.4543e-02 0.0000e+00
        534 199.667896    0.03701     2.2208    133.250     50.098  50567.472    31.8840     7.6186     49.624    6.79381     7.6149    24.8819   12.22761 7.3855e-02 0.0000e+00
        535 199.667899    0.03708     2.2250    133.500     50.335  50568.078    31.8844     7.6190     49.859    6.79374     7.6157    24.8822   12.22748 7.3173e-02 0.0000e+00
        536 199.667902    0.03715     2.2292    133.750     50.575  50568.594    31.8847     7.6196     50.097    6.79363     7.6166    24.8824   12.22729 7.2513e-02 0.0000e+00
        537 199.667905    0.03722     2.2333    134.000     50.817  50568.692    31.8848     7.6204     50.336    6.79350     7.6174    24.8823   12.22707 7.1898e-02 0.0000e+00
        538 199.667908    0.03729     2.2375    134.250     51.055  50568.312    31.8846     7.6213     50.571    6.79336     7.6180    24.8820   12.22686 7.1344e-02 0.0000e+00
        539 199.667911    0.03736     2.2417    134.500     51.286  50567.640    31.8841     7.6221     50.800    6.79325     7.6184    24.8816   12.22669 7.0859e-02 0.0000e+00
        540 199.667914    0.03743     2.2458    134.750     51.506  50566.878    31.8836     7.6227     51.018    6.79318     7.6185    24.8811   12.22657 7.0429e-02 0.0000e+00
        541 199.667917    0.03750     2.2500    135.000     51.715  50566.100    31.8830     7.6231     51.225    6.79315     7.6183    24.8806   12.22652 7.0036e-02 0.0000e+00
        542 199.667920    0.03757     2.2542    135.250     51.910  50565.510    31.8826     7.6232     51.418    6.79316     7.6181    24.8802   12.22654 6.9675e-02 0.0000e+00
