CTD-processing/allCTD/CNV--turbid/2013_07-09_t9andtutka_s08_cast226.cnv
* Sea-Bird SBE19plus Data File:
* FileName = C:\Documents and Settings\kbayadmin\My Documents\CTD data\2013-07-09 Kachemak Bay Homer Spit Line and Tutka Bay\2013-07-09 Kachemak Bay Homer Spit Line and Tutka Bay cast226.hex
* Software Version 1.59
* Temperature SN =  5028
* Conductivity SN =  5028
* System UpLoad Time = Jul 10 2013 11:19:22
** Kachemak Bay Homer Spit Line and Tutka Bay
** 2013-07-05
** Station: 9.08
** N': 59 35.313
** W': -151 23.719
** Start Time: 1847
** Depth(ft): 305
# nquan = 16
# nvalues = 819                         
# units = specified
# name 0 = scan: Scan Count
# name 1 = timeJ: Julian Days
# name 2 = timeH: Time, Elapsed [hours]
# name 3 = timeM: Time, Elapsed [minutes]
# name 4 = timeS: Time, Elapsed [seconds]
# name 5 = prdM: Pressure, Strain Gauge [db]
# name 6 = specc: Specific Conductance [uS/cm]
# name 7 = sal00: Salinity, Practical [PSU]
# name 8 = tv290C: Temperature [ITS-90, deg C]
# name 9 = depSM: Depth [salt water, m], lat = 59.00
# name 10 = oxsolML/L: Oxygen Saturation, Garcia & Gordon [ml/l]
# name 11 = potemp090C: Potential Temperature [ITS-90, deg C]
# name 12 = sigma-é00: Density [sigma-theta, kg/m^3]
# name 13 = n2satML/L: Nitrogen Saturation [ml/l]
# name 14 = par: PAR/Irradiance, Biospherical/Licor
# name 15 = flag:  0.000e+00
# span 0 =          1,        819       
# span 1 = 190.783958, 190.786325       
# span 2 =    0.00000,    0.05681       
# span 3 =     0.0000,     3.4083       
# span 4 =      0.000,    204.500       
# span 5 =     -0.003,     88.097       
# span 6 =    903.679,  50758.683       
# span 7 =     0.4408,    31.7147       
# span 8 =     6.0115,    10.0089       
# span 9 =     -0.003,     87.255       
# span 10 =    6.57630,    7.91360      
# span 11 =     6.0045,    10.0088      
# span 12 =     0.0662,    24.9513      
# span 13 =   11.90714,   14.52624      
# span 14 = 4.7881e-02, 2.2436e+03      
# span 15 = 0.0000e+00, 0.0000e+00      
# interval = seconds: 0.25
# start_time = Jul 09 2013 18:48:54 [Instrument's time stamp, header]
# bad_flag = -9.990e-29
*END*
[from data line 272]
        273 190.784745    0.01889     1.1333     68.000      0.977  45433.379    28.6502    10.0006      0.968    6.57694    10.0060    21.9988   11.90808 6.2741e+02 0.0000e+00
        274 190.784748    0.01896     1.1375     68.250      0.954  45427.391    28.6464    10.0040      0.945    6.57661    10.0073    21.9953   11.90757 6.4196e+02 0.0000e+00
        275 190.784751    0.01903     1.1417     68.500      0.932  45422.708    28.6434    10.0061      0.924    6.57644    10.0082    21.9926   11.90732 6.5054e+02 0.0000e+00
        276 190.784754    0.01910     1.1458     68.750      0.921  45419.145    28.6411    10.0074      0.912    6.57635    10.0087    21.9906   11.90720 6.5772e+02 0.0000e+00
        277 190.784757    0.01917     1.1500     69.000      0.925  45416.383    28.6392    10.0083      0.916    6.57631    10.0088    21.9890   11.90714 6.4998e+02 0.0000e+00
        278 190.784760    0.01924     1.1542     69.250      0.945  45414.004    28.6376    10.0088      0.936    6.57630    10.0087    21.9877   11.90716 6.3218e+02 0.0000e+00
        279 190.784763    0.01931     1.1583     69.500      0.973  45412.068    28.6363    10.0089      0.964    6.57633    10.0082    21.9866   11.90723 6.0088e+02 0.0000e+00
        280 190.784766    0.01938     1.1625     69.750      1.000  45410.811    28.6354    10.0088      0.991    6.57639    10.0075    21.9860   11.90734 5.4246e+02 0.0000e+00
        281 190.784769    0.01944     1.1667     70.000      1.015  45410.224    28.6349    10.0083      1.005    6.57648    10.0068    21.9857   11.90749 4.9099e+02 0.0000e+00
        282 190.784771    0.01951     1.1708     70.250      1.011  45410.179    28.6348    10.0076      1.001    6.57659    10.0062    21.9857   11.90766 4.6750e+02 0.0000e+00
        283 190.784774    0.01958     1.1750     70.500      0.991  45410.405    28.6349    10.0069      0.981    6.57669    10.0059    21.9859   11.90783 4.5245e+02 0.0000e+00
        284 190.784777    0.01965     1.1792     70.750      0.963  45410.585    28.6350    10.0063      0.953    6.57677    10.0057    21.9861   11.90796 4.3211e+02 0.0000e+00
        285 190.784780    0.01972     1.1833     71.000      0.940  45410.685    28.6350    10.0060      0.931    6.57682    10.0057    21.9862   11.90805 4.1291e+02 0.0000e+00
        286 190.784783    0.01979     1.1875     71.250      0.935  45410.838    28.6351    10.0058      0.926    6.57684    10.0058    21.9863   11.90808 4.0077e+02 0.0000e+00
        287 190.784786    0.01986     1.1917     71.500      0.953  45411.033    28.6352    10.0058      0.944    6.57683    10.0055    21.9864   11.90806 3.9511e+02 0.0000e+00
        288 190.784789    0.01993     1.1958     71.750      0.987  45411.025    28.6352    10.0059      0.978    6.57682    10.0044    21.9864   11.90805 4.0743e+02 0.0000e+00
        289 190.784792    0.02000     1.2000     72.000      1.025  45411.099    28.6352    10.0056      1.015    6.57686    10.0022    21.9864   11.90812 4.4377e+02 0.0000e+00
        290 190.784795    0.02007     1.2042     72.250      1.049  45412.289    28.6359    10.0045      1.039    6.57699     9.9996    21.9871   11.90833 4.9441e+02 0.0000e+00
        291 190.784797    0.02014     1.2083     72.500      1.049  45414.940    28.6375    10.0023      1.039    6.57724     9.9973    21.9887   11.90871 5.5107e+02 0.0000e+00
        292 190.784800    0.02021     1.2125     72.750      1.023  45418.132    28.6394     9.9997      1.013    6.57754     9.9958    21.9906   11.90919 5.9390e+02 0.0000e+00
        293 190.784803    0.02028     1.2167     73.000      0.980  45420.631    28.6409     9.9974      0.972    6.57781     9.9950    21.9921   11.90962 5.9004e+02 0.0000e+00
        294 190.784806    0.02035     1.2208     73.250      0.940  45421.910    28.6417     9.9959      0.932    6.57800     9.9947    21.9929   11.90992 5.6584e+02 0.0000e+00
        295 190.784809    0.02042     1.2250     73.500      0.919  45422.249    28.6418     9.9951      0.911    6.57810     9.9946    21.9932   11.91009 5.7197e+02 0.0000e+00
        296 190.784812    0.02049     1.2292     73.750      0.927  45422.128    28.6417     9.9948      0.918    6.57815     9.9943    21.9931   11.91017 6.0107e+02 0.0000e+00
        297 190.784815    0.02056     1.2333     74.000      0.960  45421.908    28.6415     9.9947      0.950    6.57818     9.9938    21.9930   11.91022 6.2918e+02 0.0000e+00
        298 190.784818    0.02063     1.2375     74.250      1.007  45421.922    28.6415     9.9944      0.997    6.57821     9.9928    21.9930   11.91028 6.3267e+02 0.0000e+00
        299 190.784821    0.02069     1.2417     74.500      1.052  45422.450    28.6418     9.9939      1.042    6.57828     9.9915    21.9933   11.91039 5.9256e+02 0.0000e+00
        300 190.784823    0.02076     1.2458     74.750      1.082  45423.523    28.6424     9.9929      1.071    6.57840     9.9903    21.9939   11.91058 5.4077e+02 0.0000e+00
        301 190.784826    0.02083     1.2500     75.000      1.086  45424.851    28.6432     9.9916      1.076    6.57855     9.9894    21.9947   11.91082 5.1238e+02 0.0000e+00
        302 190.784829    0.02090     1.2542     75.250      1.064  45425.967    28.6438     9.9904      1.054    6.57869     9.9887    21.9954   11.91106 5.1221e+02 0.0000e+00
        303 190.784832    0.02097     1.2583     75.500      1.024  45426.663    28.6442     9.9895      1.014    6.57882     9.9882    21.9959   11.91125 5.1168e+02 0.0000e+00
        304 190.784835    0.02104     1.2625     75.750      0.979  45427.029    28.6444     9.9888      0.970    6.57891     9.9879    21.9962   11.91141 4.7548e+02 0.0000e+00
        305 190.784838    0.02111     1.2667     76.000      0.945  45427.198    28.6445     9.9883      0.936    6.57897     9.9877    21.9963   11.91151 4.3371e+02 0.0000e+00
        306 190.784841    0.02118     1.2708     76.250      0.931  45427.339    28.6446     9.9880      0.923    6.57901     9.9875    21.9964   11.91158 4.1895e+02 0.0000e+00
        307 190.784844    0.02125     1.2750     76.500      0.945  45427.600    28.6447     9.9878      0.936    6.57904     9.9874    21.9966   11.91162 4.2434e+02 0.0000e+00
        308 190.784847    0.02132     1.2792     76.750      0.981  45428.024    28.6450     9.9876      0.972    6.57906     9.9872    21.9968   11.91164 4.3882e+02 0.0000e+00
        309 190.784850    0.02139     1.2833     77.000      1.029  45428.560    28.6453     9.9875      1.019    6.57906     9.9868    21.9971   11.91164 4.5907e+02 0.0000e+00
        310 190.784852    0.02146     1.2875     77.250      1.070  45429.217    28.6458     9.9873      1.060    6.57907     9.9862    21.9974   11.91164 4.9362e+02 0.0000e+00
        311 190.784855    0.02153     1.2917     77.500      1.088  45430.086    28.6463     9.9869      1.078    6.57910     9.9855    21.9979   11.91169 5.3582e+02 0.0000e+00
        312 190.784858    0.02160     1.2958     77.750      1.076  45431.097    28.6469     9.9863      1.065    6.57917     9.9851    21.9985   11.91180 5.6969e+02 0.0000e+00
        313 190.784861    0.02167     1.3000     78.000      1.037  45431.897    28.6474     9.9856      1.027    6.57924     9.9852    21.9990   11.91192 5.8217e+02 0.0000e+00
        314 190.784864    0.02174     1.3042     78.250      0.987  45432.181    28.6476     9.9853      0.977    6.57928     9.9855    21.9992   11.91198 5.6770e+02 0.0000e+00
        315 190.784867    0.02181     1.3083     78.500      0.945  45431.996    28.6475     9.9853      0.936    6.57928     9.9861    21.9991   11.91198 5.3949e+02 0.0000e+00
        316 190.784870    0.02187     1.3125     78.750      0.929  45431.493    28.6472     9.9856      0.920    6.57925     9.9868    21.9988   11.91193 5.1390e+02 0.0000e+00
        317 190.784873    0.02194     1.3167     79.000      0.943  45430.656    28.6467     9.9862      0.934    6.57918     9.9872    21.9983   11.91182 5.0712e+02 0.0000e+00
        318 190.784876    0.02201     1.3208     79.250      0.980  45429.696    28.6461     9.9870      0.971    6.57910     9.9868    21.9978   11.91170 5.0585e+02 0.0000e+00
        319 190.784878    0.02208     1.3250     79.500      1.024  45429.266    28.6458     9.9874      1.015    6.57906     9.9857    21.9975   11.91163 4.9043e+02 0.0000e+00
        320 190.784881    0.02215     1.3292     79.750      1.060  45429.858    28.6462     9.9869      1.050    6.57910     9.9845    21.9979   11.91170 4.7624e+02 0.0000e+00
        321 190.784884    0.02222     1.3333     80.000      1.078  45431.271    28.6471     9.9858      1.068    6.57922     9.9835    21.9987   11.91189 4.7410e+02 0.0000e+00
        322 190.784887    0.02229     1.3375     80.250      1.075  45432.768    28.6480     9.9846      1.065    6.57936     9.9828    21.9996   11.91211 4.7700e+02 0.0000e+00
        323 190.784890    0.02236     1.3417     80.500      1.056  45433.812    28.6486     9.9836      1.046    6.57948     9.9823    22.0002   11.91230 4.8229e+02 0.0000e+00
        324 190.784893    0.02243     1.3458     80.750      1.028  45434.458    28.6490     9.9829      1.019    6.57957     9.9819    22.0006   11.91244 4.9335e+02 0.0000e+00
        325 190.784896    0.02250     1.3500     81.000      1.000  45434.950    28.6493     9.9824      0.990    6.57963     9.9815    22.0009   11.91254 5.0493e+02 0.0000e+00
        326 190.784899    0.02257     1.3542     81.250      0.975  45435.360    28.6495     9.9820      0.966    6.57968     9.9811    22.0012   11.91262 5.2180e+02 0.0000e+00
        327 190.784902    0.02264     1.3583     81.500      0.960  45435.684    28.6497     9.9816      0.951    6.57973     9.9807    22.0014   11.91270 5.4005e+02 0.0000e+00
        328 190.784905    0.02271     1.3625     81.750      0.957  45435.994    28.6498     9.9812      0.948    6.57978     9.9804    22.0016   11.91279 5.4039e+02 0.0000e+00
        329 190.784907    0.02278     1.3667     82.000      0.968  45436.286    28.6500     9.9808      0.959    6.57983     9.9801    22.0018   11.91287 5.2192e+02 0.0000e+00
        330 190.784910    0.02285     1.3708     82.250      0.993  45436.502    28.6501     9.9805      0.983    6.57987     9.9798    22.0019   11.91293 4.8933e+02 0.0000e+00
        331 190.784913    0.02292     1.3750     82.500      1.025  45436.708    28.6502     9.9802      1.016    6.57990     9.9795    22.0020   11.91299 4.5560e+02 0.0000e+00
        332 190.784916    0.02299     1.3792     82.750      1.056  45436.996    28.6503     9.9799      1.047    6.57994     9.9791    22.0022   11.91305 4.4311e+02 0.0000e+00
        333 190.784919    0.02306     1.3833     83.000      1.075  45437.348    28.6505     9.9796      1.065    6.57998     9.9788    22.0024   11.91311 4.5783e+02 0.0000e+00
        334 190.784922    0.02313     1.3875     83.250      1.074  45437.724    28.6508     9.9792      1.064    6.58002     9.9785    22.0026   11.91317 4.8119e+02 0.0000e+00
        335 190.784925    0.02319     1.3917     83.500      1.050  45438.118    28.6510     9.9789      1.040    6.58007     9.9784    22.0029   11.91324 4.9673e+02 0.0000e+00
        336 190.784928    0.02326     1.3958     83.750      1.011  45438.454    28.6512     9.9786      1.000    6.58010     9.9786    22.0031   11.91329 5.1825e+02 0.0000e+00
        337 190.784931    0.02333     1.4000     84.000      0.966  45438.572    28.6513     9.9785      0.956    6.58011     9.9794    22.0032   11.91331 5.5799e+02 0.0000e+00
        338 190.784933    0.02340     1.4042     84.250      0.930  45438.301    28.6512     9.9787      0.920    6.58008     9.9809    22.0030   11.91326 5.7618e+02 0.0000e+00
        339 190.784936    0.02347     1.4083     84.500      0.915  45437.497    28.6507     9.9795      0.906    6.57998     9.9831    22.0025   11.91310 5.5465e+02 0.0000e+00
        340 190.784939    0.02354     1.4125     84.750      0.930  45435.961    28.6498     9.9810      0.921    6.57980     9.9853    22.0016   11.91281 5.4183e+02 0.0000e+00
        341 190.784942    0.02361     1.4167     85.000      0.972  45433.661    28.6484     9.9832      0.963    6.57955     9.9865    22.0001   11.91241 5.4740e+02 0.0000e+00
        342 190.784945    0.02368     1.4208     85.250      1.027  45431.324    28.6470     9.9854      1.018    6.57929     9.9865    21.9987   11.91201 5.4928e+02 0.0000e+00
        343 190.784948    0.02375     1.4250     85.500      1.076  45430.141    28.6463     9.9866      1.066    6.57914     9.9859    21.9980   11.91176 5.5670e+02 0.0000e+00
        344 190.784951    0.02382     1.4292     85.750      1.102  45430.518    28.6466     9.9866      1.092    6.57912     9.9854    21.9982   11.91174 5.6597e+02 0.0000e+00
        345 190.784954    0.02389     1.4333     86.000      1.099  45431.604    28.6473     9.9860      1.088    6.57919     9.9854    21.9988   11.91184 5.6485e+02 0.0000e+00
        346 190.784957    0.02396     1.4375     86.250      1.069  45432.293    28.6477     9.9855      1.059    6.57925     9.9856    21.9993   11.91192 5.7374e+02 0.0000e+00
        347 190.784959    0.02403     1.4417     86.500      1.026  45432.290    28.6478     9.9854      1.016    6.57925     9.9857    21.9993   11.91193 5.8887e+02 0.0000e+00
        348 190.784962    0.02410     1.4458     86.750      0.983  45431.919    28.6475     9.9856      0.974    6.57923     9.9858    21.9991   11.91189 5.9594e+02 0.0000e+00
        349 190.784965    0.02417     1.4500     87.000      0.952  45431.551    28.6473     9.9858      0.943    6.57921     9.9856    21.9989   11.91187 6.2685e+02 0.0000e+00
        350 190.784968    0.02424     1.4542     87.250      0.940  45431.371    28.6472     9.9858      0.932    6.57922     9.9854    21.9988   11.91188 6.9264e+02 0.0000e+00
        351 190.784971    0.02431     1.4583     87.500      0.949  45431.380    28.6472     9.9857      0.940    6.57924     9.9853    21.9988   11.91192 7.3264e+02 0.0000e+00
        352 190.784974    0.02438     1.4625     87.750      0.975  45431.489    28.6472     9.9855      0.966    6.57926     9.9852    21.9988   11.91196 7.1551e+02 0.0000e+00
        353 190.784977    0.02444     1.4667     88.000      1.010  45431.579    28.6472     9.9854      1.000    6.57928     9.9852    21.9989   11.91198 6.8184e+02 0.0000e+00
        354 190.784980    0.02451     1.4708     88.250      1.044  45431.642    28.6473     9.9853      1.034    6.57929     9.9850    21.9989   11.91199 6.4393e+02 0.0000e+00
        355 190.784983    0.02458     1.4750     88.500      1.068  45431.737    28.6473     9.9853      1.058    6.57929     9.9847    21.9990   11.91201 6.0735e+02 0.0000e+00
        356 190.784986    0.02465     1.4792     88.750      1.076  45431.909    28.6474     9.9851      1.066    6.57932     9.9843    21.9991   11.91204 6.0098e+02 0.0000e+00
        357 190.784988    0.02472     1.4833     89.000      1.066  45432.212    28.6476     9.9848      1.055    6.57936     9.9839    21.9993   11.91210 6.3055e+02 0.0000e+00
        358 190.784991    0.02479     1.4875     89.250      1.041  45432.664    28.6479     9.9844      1.031    6.57940     9.9836    21.9995   11.91217 6.5681e+02 0.0000e+00
        359 190.784994    0.02486     1.4917     89.500      1.010  45433.191    28.6482     9.9840      1.000    6.57944     9.9833    21.9998   11.91224 6.5565e+02 0.0000e+00
        360 190.784997    0.02493     1.4958     89.750      0.982  45433.666    28.6485     9.9837      0.973    6.57948     9.9831    22.0001   11.91229 6.4326e+02 0.0000e+00
        361 190.785000    0.02500     1.5000     90.000      0.963  45433.987    28.6487     9.9834      0.954    6.57950     9.9830    22.0003   11.91233 6.1462e+02 0.0000e+00
