CTD-processing/allCTD/CNV--turbid/2013_06-19_t9_s06_cast184.cnv
* Sea-Bird SBE19plus Data File:
* FileName = C:\Documents and Settings\kbayadmin\My Documents\CTD data\2013-06-19 Kachemak Bay Homer Spit Line\2013-06-06 Kachemak Bay Homer Spit Line cast184.hex
* Software Version 1.59
* Temperature SN =  5028
* Conductivity SN =  5028
* System UpLoad Time = Jun 19 2013 15:43:58
** Kachemak Bay All Bay Inner Bay
** 2013-06-06
** Station: 9-06
** N': 59 34.946
** W': 151 23.112
** Start Time: 1153
** Depth(ft): 330
# nquan = 16
# nvalues = 803                         
# units = specified
# name 0 = scan: Scan Count
# name 1 = timeJ: Julian Days
# name 2 = timeH: Time, Elapsed [hours]
# name 3 = timeM: Time, Elapsed [minutes]
# name 4 = timeS: Time, Elapsed [seconds]
# name 5 = prdM: Pressure, Strain Gauge [db]
# name 6 = specc: Specific Conductance [uS/cm]
# name 7 = sal00: Salinity, Practical [PSU]
# name 8 = tv290C: Temperature [ITS-90, deg C]
# name 9 = depSM: Depth [salt water, m], lat = 59.00
# name 10 = oxsolML/L: Oxygen Saturation, Garcia & Gordon [ml/l]
# name 11 = potemp090C: Potential Temperature [ITS-90, deg C]
# name 12 = sigma-é00: Density [sigma-theta, kg/m^3]
# name 13 = n2satML/L: Nitrogen Saturation [ml/l]
# name 14 = par: PAR/Irradiance, Biospherical/Licor
# name 15 = flag:  0.000e+00
# span 0 =          1,        803       
# span 1 = 170.495046, 170.497367       
# span 2 =    0.00000,    0.05569       
# span 3 =     0.0000,     3.3417       
# span 4 =      0.000,    200.500       
# span 5 =     -0.054,     96.695       
# span 6 =   1008.143,  51259.411       
# span 7 =     0.4913,    31.8297       
# span 8 =     4.9604,    13.9337       
# span 9 =     -0.054,     95.769       
# span 10 =    6.08296,    7.90885      
# span 11 =     4.9536,    13.9336      
# span 12 =     0.1052,    25.1676      
# span 13 =   11.09768,   14.51751      
# span 14 = 4.6412e-02, 2.8756e+02      
# span 15 = 0.0000e+00, 0.0000e+00      
# interval = seconds: 0.25
# start_time = Jun 19 2013 11:52:52 [Instrument's time stamp, header]
# bad_flag = -9.990e-29
*END*
[from data line 633]
        634 170.496878    0.04396     2.6375    158.250     55.466  50947.040    31.7315     5.4115     54.940    7.15911     5.3938    25.0398   12.83317 4.7338e-02 0.0000e+00
        635 170.496881    0.04403     2.6417    158.500     55.728  50948.476    31.7310     5.4050     55.199    7.16023     5.3863    25.0401   12.83503 4.7226e-02 0.0000e+00
        636 170.496884    0.04410     2.6458    158.750     55.989  50950.659    31.7309     5.3980     55.458    7.16142     5.3786    25.0408   12.83701 4.7110e-02 0.0000e+00
        637 170.496887    0.04417     2.6500    159.000     56.251  50953.441    31.7312     5.3906     55.717    7.16268     5.3709    25.0419   12.83908 4.6988e-02 0.0000e+00
        638 170.496889    0.04424     2.6542    159.250     56.514  50956.553    31.7316     5.3829     55.977    7.16396     5.3633    25.0431   12.84119 4.6836e-02 0.0000e+00
        639 170.496892    0.04431     2.6583    159.500     56.776  50960.446    31.7325     5.3752     56.238    7.16524     5.3563    25.0447   12.84328 4.6693e-02 0.0000e+00
        640 170.496895    0.04437     2.6625    159.750     57.039  50965.496    31.7343     5.3676     56.498    7.16644     5.3501    25.0469   12.84525 4.6612e-02 0.0000e+00
        641 170.496898    0.04444     2.6667    160.000     57.301  50971.286    31.7367     5.3605     56.758    7.16752     5.3449    25.0496   12.84701 4.6595e-02 0.0000e+00
        642 170.496901    0.04451     2.6708    160.250     57.563  50976.798    31.7390     5.3544     57.017    7.16846     5.3404    25.0522   12.84852 4.6619e-02 0.0000e+00
        643 170.496904    0.04458     2.6750    160.500     57.824  50981.377    31.7410     5.3492     57.275    7.16926     5.3364    25.0543   12.84981 4.6636e-02 0.0000e+00
        644 170.496907    0.04465     2.6792    160.750     58.082  50985.220    31.7426     5.3447     57.531    7.16995     5.3331    25.0561   12.85093 4.6621e-02 0.0000e+00
        645 170.496910    0.04472     2.6833    161.000     58.340  50988.672    31.7440     5.3408     57.786    7.17054     5.3303    25.0576   12.85190 4.6607e-02 0.0000e+00
        646 170.496913    0.04479     2.6875    161.250     58.595  50991.765    31.7453     5.3374     58.039    7.17105     5.3281    25.0590   12.85272 4.6592e-02 0.0000e+00
        647 170.496916    0.04486     2.6917    161.500     58.850  50994.312    31.7464     5.3347     58.291    7.17146     5.3263    25.0602   12.85339 4.6552e-02 0.0000e+00
        648 170.496918    0.04493     2.6958    161.750     59.105  50996.271    31.7471     5.3325     58.544    7.17180     5.3249    25.0610   12.85394 4.6489e-02 0.0000e+00
        649 170.496921    0.04500     2.7000    162.000     59.361  50997.717    31.7476     5.3308     58.797    7.17208     5.3236    25.0616   12.85439 4.6430e-02 0.0000e+00
        650 170.496924    0.04507     2.7042    162.250     59.615  50998.716    31.7479     5.3293     59.049    7.17231     5.3223    25.0620   12.85477 4.6412e-02 0.0000e+00
        651 170.496927    0.04514     2.7083    162.500     59.863  50999.423    31.7480     5.3280     59.295    7.17253     5.3210    25.0622   12.85513 4.6430e-02 0.0000e+00
        652 170.496930    0.04521     2.7125    162.750     60.105  50999.922    31.7480     5.3267     59.534    7.17274     5.3197    25.0623   12.85548 4.6458e-02 0.0000e+00
        653 170.496933    0.04528     2.7167    163.000     60.341  51000.223    31.7478     5.3255     59.768    7.17297     5.3182    25.0623   12.85586 4.6491e-02 0.0000e+00
        654 170.496936    0.04535     2.7208    163.250     60.573  51000.383    31.7475     5.3241     59.997    7.17321     5.3165    25.0623   12.85626 4.6534e-02 0.0000e+00
        655 170.496939    0.04542     2.7250    163.500     60.803  51000.505    31.7471     5.3227     60.225    7.17347     5.3147    25.0622   12.85670 4.6601e-02 0.0000e+00
        656 170.496942    0.04549     2.7292    163.750     61.032  51000.613    31.7468     5.3211     60.452    7.17377     5.3127    25.0620   12.85719 4.6729e-02 0.0000e+00
        657 170.496944    0.04556     2.7333    164.000     61.263  51000.560    31.7463     5.3193     60.681    7.17410     5.3104    25.0618   12.85774 4.6934e-02 0.0000e+00
        658 170.496947    0.04562     2.7375    164.250     61.497  51000.192    31.7455     5.3173     60.913    7.17447     5.3075    25.0614   12.85837 4.7135e-02 0.0000e+00
        659 170.496950    0.04569     2.7417    164.500     61.734  50999.333    31.7443     5.3150     61.147    7.17493     5.3036    25.0608   12.85914 4.7230e-02 0.0000e+00
        660 170.496953    0.04576     2.7458    164.750     61.973  50997.556    31.7423     5.3121     61.385    7.17552     5.2982    25.0596   12.86014 4.7234e-02 0.0000e+00
        661 170.496956    0.04583     2.7500    165.000     62.214  50994.218    31.7391     5.3083     61.623    7.17633     5.2904    25.0574   12.86152 4.7234e-02 0.0000e+00
        662 170.496959    0.04590     2.7542    165.250     62.453  50988.761    31.7341     5.3029     61.860    7.17749     5.2791    25.0541   12.86350 4.7266e-02 0.0000e+00
        663 170.496962    0.04597     2.7583    165.500     62.690  50980.933    31.7269     5.2951     62.095    7.17917     5.2643    25.0493   12.86637 4.7327e-02 0.0000e+00
        664 170.496965    0.04604     2.7625    165.750     62.923  50974.324    31.7198     5.2838     62.326    7.18143     5.2475    25.0450   12.87019 4.7441e-02 0.0000e+00
        665 170.496968    0.04611     2.7667    166.000     63.155  50974.954    31.7170     5.2690     62.555    7.18410     5.2309    25.0444   12.87463 4.7620e-02 0.0000e+00
        666 170.496970    0.04618     2.7708    166.250     63.390  50983.040    31.7189     5.2522     62.787    7.18688     5.2157    25.0477   12.87920 4.7831e-02 0.0000e+00
        667 170.496973    0.04625     2.7750    166.500     63.628  50994.947    31.7235     5.2356     63.024    7.18951     5.2027    25.0532   12.88349 4.8050e-02 0.0000e+00
        668 170.496976    0.04632     2.7792    166.750     63.870  51008.320    31.7294     5.2204     63.263    7.19183     5.1920    25.0595   12.88724 4.8275e-02 0.0000e+00
        669 170.496979    0.04639     2.7833    167.000     64.114  51021.528    31.7356     5.2074     63.505    7.19376     5.1836    25.0658   12.89035 4.8471e-02 0.0000e+00
        670 170.496982    0.04646     2.7875    167.250     64.358  51033.529    31.7414     5.1967     63.746    7.19531     5.1772    25.0717   12.89283 4.8672e-02 0.0000e+00
        671 170.496985    0.04653     2.7917    167.500     64.600  51044.028    31.7467     5.1883     63.986    7.19649     5.1725    25.0768   12.89472 4.8874e-02 0.0000e+00
        672 170.496988    0.04660     2.7958    167.750     64.841  51052.963    31.7514     5.1819     64.225    7.19737     5.1692    25.0812   12.89610 4.8969e-02 0.0000e+00
        673 170.496991    0.04667     2.8000    168.000     65.080  51060.210    31.7553     5.1772     64.461    7.19799     5.1670    25.0848   12.89708 4.8986e-02 0.0000e+00
        674 170.496994    0.04674     2.8042    168.250     65.317  51065.812    31.7583     5.1739     64.697    7.19841     5.1657    25.0876   12.89773 4.9031e-02 0.0000e+00
        675 170.496997    0.04681     2.8083    168.500     65.555  51070.037    31.7606     5.1718     64.932    7.19866     5.1651    25.0897   12.89813 4.9130e-02 0.0000e+00
        676 170.496999    0.04688     2.8125    168.750     65.794  51073.326    31.7625     5.1705     65.168    7.19879     5.1651    25.0913   12.89831 4.9269e-02 0.0000e+00
        677 170.497002    0.04694     2.8167    169.000     66.035  51076.126    31.7642     5.1700     65.407    7.19881     5.1657    25.0927   12.89832 4.9414e-02 0.0000e+00
        678 170.497005    0.04701     2.8208    169.250     66.279  51078.613    31.7658     5.1700     65.649    7.19873     5.1667    25.0940   12.89816 4.9569e-02 0.0000e+00
        679 170.497008    0.04708     2.8250    169.500     66.525  51080.474    31.7670     5.1705     65.892    7.19857     5.1678    25.0949   12.89789 4.9772e-02 0.0000e+00
        680 170.497011    0.04715     2.8292    169.750     66.772  51081.246    31.7677     5.1715     66.137    7.19837     5.1689    25.0953   12.89755 4.9986e-02 0.0000e+00
        681 170.497014    0.04722     2.8333    170.000     67.021  51081.072    31.7677     5.1726     66.383    7.19817     5.1698    25.0951   12.89722 5.0129e-02 0.0000e+00
        682 170.497017    0.04729     2.8375    170.250     67.270  51080.621    31.7675     5.1737     66.630    7.19799     5.1706    25.0949   12.89693 5.0215e-02 0.0000e+00
        683 170.497020    0.04736     2.8417    170.500     67.519  51080.401    31.7674     5.1747     66.877    7.19784     5.1713    25.0947   12.89667 5.0298e-02 0.0000e+00
        684 170.497023    0.04743     2.8458    170.750     67.768  51080.482    31.7675     5.1755     67.123    7.19769     5.1721    25.0947   12.89643 5.0375e-02 0.0000e+00
        685 170.497025    0.04750     2.8500    171.000     68.018  51080.735    31.7677     5.1763     67.371    7.19754     5.1730    25.0948   12.89619 5.0441e-02 0.0000e+00
        686 170.497028    0.04757     2.8542    171.250     68.270  51081.160    31.7681     5.1771     67.621    7.19739     5.1740    25.0950   12.89593 5.0494e-02 0.0000e+00
        687 170.497031    0.04764     2.8583    171.500     68.525  51081.933    31.7687     5.1780     67.873    7.19721     5.1751    25.0954   12.89562 5.0532e-02 0.0000e+00
        688 170.497034    0.04771     2.8625    171.750     68.782  51082.837    31.7694     5.1790     68.127    7.19700     5.1762    25.0958   12.89527 5.0541e-02 0.0000e+00
        689 170.497037    0.04778     2.8667    172.000     69.040  51083.104    31.7697     5.1802     68.383    7.19679     5.1768    25.0959   12.89491 5.0527e-02 0.0000e+00
        690 170.497040    0.04785     2.8708    172.250     69.299  51082.414    31.7693     5.1812     68.640    7.19662     5.1767    25.0955   12.89464 5.0514e-02 0.0000e+00
        691 170.497043    0.04792     2.8750    172.500     69.559  51081.118    31.7685     5.1819     68.897    7.19655     5.1757    25.0948   12.89454 5.0516e-02 0.0000e+00
        692 170.497046    0.04799     2.8792    172.750     69.819  51079.740    31.7674     5.1818     69.155    7.19661     5.1737    25.0939   12.89466 5.0532e-02 0.0000e+00
        693 170.497049    0.04806     2.8833    173.000     70.078  51078.814    31.7664     5.1808     69.411    7.19683     5.1709    25.0933   12.89503 5.0539e-02 0.0000e+00
        694 170.497052    0.04813     2.8875    173.250     70.336  51078.756    31.7658     5.1789     69.666    7.19719     5.1675    25.0930   12.89563 5.0547e-02 0.0000e+00
        695 170.497054    0.04819     2.8917    173.500     70.595  51079.807    31.7658     5.1761     69.923    7.19767     5.1637    25.0933   12.89643 5.0575e-02 0.0000e+00
        696 170.497057    0.04826     2.8958    173.750     70.856  51081.875    31.7664     5.1727     70.182    7.19823     5.1598    25.0941   12.89734 5.0600e-02 0.0000e+00
        697 170.497060    0.04833     2.9000    174.000     71.119  51084.480    31.7672     5.1689     70.442    7.19884     5.1557    25.0952   12.89833 5.0599e-02 0.0000e+00
        698 170.497063    0.04840     2.9042    174.250     71.383  51086.947    31.7680     5.1650     70.703    7.19948     5.1512    25.0962   12.89937 5.0562e-02 0.0000e+00
        699 170.497066    0.04847     2.9083    174.500     71.646  51088.683    31.7682     5.1609     70.963    7.20017     5.1458    25.0968   12.90051 5.0517e-02 0.0000e+00
        700 170.497069    0.04854     2.9125    174.750     71.906  51089.610    31.7677     5.1564     71.221    7.20096     5.1394    25.0970   12.90182 5.0486e-02 0.0000e+00
        701 170.497072    0.04861     2.9167    175.000     72.163  51090.652    31.7671     5.1511     71.476    7.20190     5.1323    25.0971   12.90339 5.0438e-02 0.0000e+00
        702 170.497075    0.04868     2.9208    175.250     72.416  51093.358    31.7675     5.1447     71.727    7.20298     5.1253    25.0981   12.90516 5.0378e-02 0.0000e+00
        703 170.497078    0.04875     2.9250    175.500     72.665  51098.345    31.7693     5.1376     71.974    7.20411     5.1190    25.1003   12.90701 5.0346e-02 0.0000e+00
        704 170.497080    0.04882     2.9292    175.750     72.912  51104.698    31.7720     5.1306     72.217    7.20519     5.1136    25.1032   12.90875 5.0332e-02 0.0000e+00
        705 170.497083    0.04889     2.9333    176.000     73.157  51110.998    31.7749     5.1243     72.460    7.20614     5.1090    25.1062   12.91029 5.0294e-02 0.0000e+00
        706 170.497086    0.04896     2.9375    176.250     73.402  51116.425    31.7773     5.1189     72.703    7.20695     5.1052    25.1088   12.91159 5.0224e-02 0.0000e+00
        707 170.497089    0.04903     2.9417    176.500     73.649  51120.916    31.7793     5.1144     72.948    7.20763     5.1020    25.1108   12.91269 5.0138e-02 0.0000e+00
        708 170.497092    0.04910     2.9458    176.750     73.898  51124.590    31.7809     5.1107     73.195    7.20820     5.0991    25.1125   12.91361 5.0051e-02 0.0000e+00
        709 170.497095    0.04917     2.9500    177.000     74.150  51127.494    31.7821     5.1074     73.443    7.20870     5.0965    25.1138   12.91442 4.9970e-02 0.0000e+00
        710 170.497098    0.04924     2.9542    177.250     74.402  51129.840    31.7830     5.1046     73.693    7.20915     5.0941    25.1148   12.91515 4.9904e-02 0.0000e+00
        711 170.497101    0.04931     2.9583    177.500     74.654  51131.857    31.7837     5.1019     73.943    7.20956     5.0918    25.1156   12.91583 4.9868e-02 0.0000e+00
        712 170.497104    0.04938     2.9625    177.750     74.904  51133.507    31.7842     5.0995     74.190    7.20995     5.0894    25.1163   12.91647 4.9852e-02 0.0000e+00
        713 170.497106    0.04944     2.9667    178.000     75.152  51134.726    31.7844     5.0972     74.436    7.21034     5.0867    25.1167   12.91711 4.9828e-02 0.0000e+00
        714 170.497109    0.04951     2.9708    178.250     75.400  51135.625    31.7844     5.0948     74.682    7.21075     5.0837    25.1170   12.91779 4.9795e-02 0.0000e+00
        715 170.497112    0.04958     2.9750    178.500     75.648  51136.365    31.7842     5.0922     74.928    7.21121     5.0802    25.1171   12.91855 4.9753e-02 0.0000e+00
        716 170.497115    0.04965     2.9792    178.750     75.896  51137.088    31.7839     5.0892     75.173    7.21173     5.0759    25.1172   12.91942 4.9704e-02 0.0000e+00
        717 170.497118    0.04972     2.9833    179.000     76.143  51137.992    31.7836     5.0857     75.417    7.21235     5.0709    25.1174   12.92044 4.9666e-02 0.0000e+00
        718 170.497121    0.04979     2.9875    179.250     76.391  51139.338    31.7835     5.0815     75.662    7.21309     5.0650    25.1178   12.92166 4.9650e-02 0.0000e+00
        719 170.497124    0.04986     2.9917    179.500     76.639  51141.232    31.7836     5.0764     75.908    7.21396     5.0584    25.1184   12.92309 4.9646e-02 0.0000e+00
        720 170.497127    0.04993     2.9958    179.750     76.890  51143.888    31.7841     5.0706     76.157    7.21495     5.0513    25.1194   12.92472 4.9640e-02 0.0000e+00
        721 170.497130    0.05000     3.0000    180.000     77.144  51147.923    31.7853     5.0640     76.409    7.21603     5.0445    25.1211   12.92649 4.9632e-02 0.0000e+00
        722 170.497133    0.05007     3.0042    180.250     77.401  51153.553    31.7875     5.0570     76.663    7.21714     5.0383    25.1236   12.92828 4.9623e-02 0.0000e+00
        723 170.497135    0.05014     3.0083    180.500     77.661  51159.913    31.7903     5.0501     76.920    7.21818     5.0329    25.1265   12.92997 4.9608e-02 0.0000e+00
