CTD-processing/allCTD/CNV--turbid/2013_08-30_t9_s03_cast090.cnv
* Sea-Bird SBE19plus Data File:
* FileName = C:\Users\kris.holderied\Documents\kasitsna\Research-Projects-and-Data\Oceanography-AK\CTD-Data-ALL-to-2013-06-17\2013-CTD-KachBay-CookInlet\2013-08-30-CTD-HomerSpitLine-Tran9-LTM\2013-08-30-CookInlet-Tran9-HomerSpit-cast090.hex
* Software Version 1.59
* Temperature SN =  5028
* Conductivity SN =  5028
* System UpLoad Time = Apr 02 2014 16:07:49
** Cook Inlet LTM Transect 9 (Homer Spit) monthly
** Date: 30 Aug 2013
** Station: 9-03
** Start time: 11:42
** Depth (m): 93
** Comment:  CTD instrument time is AK Daylight time
** Comment:
# nquan = 16
# nvalues = 596                         
# units = specified
# name 0 = scan: Scan Count
# name 1 = timeJ: Julian Days
# name 2 = timeH: Time, Elapsed [hours]
# name 3 = timeM: Time, Elapsed [minutes]
# name 4 = timeS: Time, Elapsed [seconds]
# name 5 = prdM: Pressure, Strain Gauge [db]
# name 6 = specc: Specific Conductance [uS/cm]
# name 7 = sal00: Salinity, Practical [PSU]
# name 8 = tv290C: Temperature [ITS-90, deg C]
# name 9 = depSM: Depth [salt water, m], lat = 59.00
# name 10 = oxsolML/L: Oxygen Saturation, Garcia & Gordon [ml/l]
# name 11 = potemp090C: Potential Temperature [ITS-90, deg C]
# name 12 = sigma-é00: Density [sigma-theta, kg/m^3]
# name 13 = n2satML/L: Nitrogen Saturation [ml/l]
# name 14 = par: PAR/Irradiance, Biospherical/Licor
# name 15 = flag:  0.000e+00
# span 0 =          1,        596       
# span 1 = 242.488310, 242.490032       
# span 2 =    0.00000,    0.04132       
# span 3 =     0.0000,     2.4792       
# span 4 =      0.000,    148.750       
# span 5 =     -0.042,     84.577       
# span 6 =    670.989,  49192.120       
# span 7 =     0.3237,    31.1520       
# span 8 =     9.2438,    11.2854       
# span 9 =     -0.041,     83.769       
# span 10 =    6.43554,    7.73874      
# span 11 =     9.2350,    11.2853      
# span 12 =    -0.1173,    24.0704      
# span 13 =   11.67371,   14.23246      
# span 14 = 6.2524e-02, 5.8910e+02      
# span 15 = 0.0000e+00, 0.0000e+00      
# interval = seconds: 0.25
# start_time = Aug 30 2013 11:43:10 [Instrument's time stamp, header]
# bad_flag = -9.990e-29
*END*
[from data line 91]
         92 242.488573    0.00632     0.3792     22.750      0.676  35441.089    21.9008    11.2435      0.669    6.68157    11.2452    16.5614   12.16557 2.2136e+02 0.0000e+00
         93 242.488576    0.00639     0.3833     23.000      0.681  36421.946    22.5666    11.2446      0.674    6.65329    11.2456    17.0771   12.11011 2.2108e+02 0.0000e+00
         94 242.488579    0.00646     0.3875     23.250      0.683  37538.563    23.3268    11.2453      0.677    6.62118    11.2456    17.6661   12.04714 2.2227e+02 0.0000e+00
         95 242.488582    0.00653     0.3917     23.500      0.687  38542.861    24.0122    11.2457      0.680    6.59235    11.2452    18.1972   11.99061 2.2276e+02 0.0000e+00
         96 242.488585    0.00660     0.3958     23.750      0.694  39312.776    24.5386    11.2456      0.687    6.57030    11.2446    18.6052   11.94738 2.2168e+02 0.0000e+00
         97 242.488588    0.00667     0.4000     24.000      0.705  39844.784    24.9027    11.2452      0.698    6.55513    11.2441    18.8875   11.91761 2.1971e+02 0.0000e+00
         98 242.488591    0.00674     0.4042     24.250      0.716  40190.080    25.1392    11.2447      0.710    6.54532    11.2435    19.0709   11.89837 2.1848e+02 0.0000e+00
         99 242.488594    0.00681     0.4083     24.500      0.725  40403.636    25.2855    11.2441      0.719    6.53928    11.2428    19.1844   11.88652 2.1955e+02 0.0000e+00
        100 242.488597    0.00688     0.4125     24.750      0.728  40550.829    25.3864    11.2436      0.721    6.53516    11.2420    19.2627   11.87840 2.2330e+02 0.0000e+00
        101 242.488600    0.00694     0.4167     25.000      0.723  40715.057    25.4995    11.2429      0.716    6.53056    11.2410    19.3505   11.86937 2.2867e+02 0.0000e+00
        102 242.488602    0.00701     0.4208     25.250      0.713  40918.800    25.6400    11.2421      0.706    6.52486    11.2396    19.4596   11.85817 2.3430e+02 0.0000e+00
        103 242.488605    0.00708     0.4250     25.500      0.702  41085.667    25.7551    11.2410      0.695    6.52024    11.2379    19.5490   11.84909 2.3930e+02 0.0000e+00
        104 242.488608    0.00715     0.4292     25.750      0.694  41132.539    25.7873    11.2396      0.687    6.51911    11.2360    19.5742   11.84680 2.4316e+02 0.0000e+00
        105 242.488611    0.00722     0.4333     26.000      0.691  41071.677    25.7450    11.2379      0.684    6.52110    11.2344    19.5417   11.85062 2.4566e+02 0.0000e+00
        106 242.488614    0.00729     0.4375     26.250      0.695  41034.748    25.7193    11.2361      0.688    6.52241    11.2332    19.5220   11.85312 2.4664e+02 0.0000e+00
        107 242.488617    0.00736     0.4417     26.500      0.705  41119.324    25.7776    11.2345      0.698    6.52022    11.2322    19.5675   11.84877 2.4638e+02 0.0000e+00
        108 242.488620    0.00743     0.4458     26.750      0.717  41251.408    25.8688    11.2333      0.710    6.51663    11.2314    19.6384   11.84168 2.4588e+02 0.0000e+00
        109 242.488623    0.00750     0.4500     27.000      0.727  41322.298    25.9178    11.2323      0.720    6.51475    11.2306    19.6766   11.83795 2.4646e+02 0.0000e+00
        110 242.488626    0.00757     0.4542     27.250      0.732  41356.159    25.9411    11.2315      0.725    6.51390    11.2299    19.6949   11.83626 2.4890e+02 0.0000e+00
        111 242.488628    0.00764     0.4583     27.500      0.730  41461.810    26.0143    11.2307      0.723    6.51099    11.2293    19.7517   11.83054 2.5282e+02 0.0000e+00
        112 242.488631    0.00771     0.4625     27.750      0.721  41666.791    26.1562    11.2300      0.715    6.50524    11.2287    19.8619   11.81925 2.5718e+02 0.0000e+00
        113 242.488634    0.00778     0.4667     28.000      0.711  41885.049    26.3074    11.2294      0.704    6.49910    11.2280    19.9793   11.80721 2.6114e+02 0.0000e+00
        114 242.488637    0.00785     0.4708     28.250      0.703  42037.659    26.4132    11.2288      0.697    6.49483    11.2272    20.0614   11.79883 2.6371e+02 0.0000e+00
        115 242.488640    0.00792     0.4750     28.500      0.702  42096.542    26.4540    11.2280      0.695    6.49326    11.2265    20.0933   11.79572 2.6388e+02 0.0000e+00
        116 242.488643    0.00799     0.4792     28.750      0.709  42046.494    26.4194    11.2273      0.702    6.49480    11.2257    20.0666   11.79871 2.6164e+02 0.0000e+00
        117 242.488646    0.00806     0.4833     29.000      0.721  41867.006    26.2952    11.2265      0.714    6.50003    11.2248    19.9703   11.80892 2.5781e+02 0.0000e+00
        118 242.488649    0.00813     0.4875     29.250      0.735  41547.352    26.0739    11.2258      0.729    6.50927    11.2237    19.7988   11.82698 2.5360e+02 0.0000e+00
        119 242.488652    0.00819     0.4917     29.500      0.748  41164.123    25.8088    11.2249      0.741    6.52036    11.2225    19.5934   11.84864 2.5050e+02 0.0000e+00
        120 242.488655    0.00826     0.4958     29.750      0.754  40891.948    25.6206    11.2238      0.747    6.52829    11.2211    19.4476   11.86414 2.4972e+02 0.0000e+00
        121 242.488657    0.00833     0.5000     30.000      0.751  40881.294    25.6132    11.2225      0.744    6.52878    11.2198    19.4420   11.86504 2.5155e+02 0.0000e+00
        122 242.488660    0.00840     0.5042     30.250      0.742  41142.837    25.7938    11.2212      0.735    6.52150    11.2189    19.5824   11.85073 2.5506e+02 0.0000e+00
        123 242.488663    0.00847     0.5083     30.500      0.730  41520.124    26.0546    11.2199      0.724    6.51090    11.2184    19.7849   11.82993 2.5862e+02 0.0000e+00
        124 242.488666    0.00854     0.5125     30.750      0.720  41831.334    26.2699    11.2190      0.714    6.50214    11.2180    19.9520   11.81274 2.6067e+02 0.0000e+00
        125 242.488669    0.00861     0.5167     31.000      0.717  42003.700    26.3893    11.2185      0.710    6.49730    11.2177    20.0446   11.80324 2.6047e+02 0.0000e+00
        126 242.488672    0.00868     0.5208     31.250      0.721  42018.440    26.3995    11.2181      0.714    6.49693    11.2173    20.0526   11.80251 2.5837e+02 0.0000e+00
        127 242.488675    0.00875     0.5250     31.500      0.732  41848.756    26.2820    11.2178      0.725    6.50183    11.2167    19.9615   11.81208 2.5538e+02 0.0000e+00
        128 242.488678    0.00882     0.5292     31.750      0.745  41512.468    26.0492    11.2174      0.738    6.51149    11.2158    19.7810   11.83098 2.5253e+02 0.0000e+00
        129 242.488681    0.00889     0.5333     32.000      0.756  41140.850    25.7920    11.2168      0.749    6.52220    11.2148    19.5816   11.85192 2.5065e+02 0.0000e+00
        130 242.488683    0.00896     0.5375     32.250      0.761  40911.936    25.6337    11.2159      0.754    6.52886    11.2136    19.4590   11.86492 2.5016e+02 0.0000e+00
        131 242.488686    0.00903     0.5417     32.500      0.759  40936.793    25.6508    11.2149      0.751    6.52829    11.2125    19.4724   11.86378 2.5104e+02 0.0000e+00
        132 242.488689    0.00910     0.5458     32.750      0.750  41209.530    25.8392    11.2137      0.742    6.52067    11.2117    19.6187   11.84881 2.5291e+02 0.0000e+00
        133 242.488692    0.00917     0.5500     33.000      0.737  41600.005    26.1092    11.2126      0.730    6.50968    11.2113    19.8284   11.82723 2.5509e+02 0.0000e+00
        134 242.488695    0.00924     0.5542     33.250      0.725  41951.288    26.3524    11.2118      0.718    6.49976    11.2111    20.0171   11.80777 2.5665e+02 0.0000e+00
        135 242.488698    0.00931     0.5583     33.500      0.718  42190.246    26.5178    11.2114      0.711    6.49299    11.2110    20.1455   11.79451 2.5671e+02 0.0000e+00
        136 242.488701    0.00937     0.5625     33.750      0.718  42310.104    26.6008    11.2112      0.711    6.48959    11.2107    20.2099   11.78785 2.5487e+02 0.0000e+00
        137 242.488704    0.00944     0.5667     34.000      0.725  42306.440    26.5983    11.2110      0.718    6.48972    11.2104    20.2080   11.78810 2.5159e+02 0.0000e+00
        138 242.488707    0.00951     0.5708     34.250      0.737  42161.010    26.4974    11.2108      0.730    6.49391    11.2098    20.1297   11.79628 2.4802e+02 0.0000e+00
        139 242.488709    0.00958     0.5750     34.500      0.750  41900.336    26.3166    11.2104      0.743    6.50141    11.2092    19.9896   11.81095 2.4535e+02 0.0000e+00
        140 242.488712    0.00965     0.5792     34.750      0.760  41638.419    26.1351    11.2099      0.753    6.50897    11.2084    19.8488   11.82572 2.4445e+02 0.0000e+00
        141 242.488715    0.00972     0.5833     35.000      0.763  41499.338    26.0387    11.2092      0.755    6.51303    11.2076    19.7741   11.83365 2.4574e+02 0.0000e+00
        142 242.488718    0.00979     0.5875     35.250      0.757  41545.172    26.0704    11.2085      0.749    6.51183    11.2069    19.7988   11.83127 2.4927e+02 0.0000e+00
        143 242.488721    0.00986     0.5917     35.500      0.744  41757.798    26.2176    11.2077      0.737    6.50587    11.2065    19.9132   11.81957 2.5447e+02 0.0000e+00
        144 242.488724    0.00993     0.5958     35.750      0.729  42036.680    26.4108    11.2070      0.722    6.49800    11.2063    20.0632   11.80414 2.5958e+02 0.0000e+00
        145 242.488727    0.01000     0.6000     36.000      0.717  42266.783    26.5703    11.2065      0.710    6.49150    11.2061    20.1870   11.79139 2.6212e+02 0.0000e+00
        146 242.488730    0.01007     0.6042     36.250      0.713  42388.834    26.6550    11.2063      0.706    6.48804    11.2057    20.2528   11.78463 2.6018e+02 0.0000e+00
        147 242.488733    0.01014     0.6083     36.500      0.719  42381.248    26.6499    11.2062      0.712    6.48828    11.2050    20.2488   11.78509 2.5428e+02 0.0000e+00
        148 242.488736    0.01021     0.6125     36.750      0.732  42216.339    26.5355    11.2058      0.725    6.49305    11.2038    20.1602   11.79440 2.4770e+02 0.0000e+00
        149 242.488738    0.01028     0.6167     37.000      0.747  41906.383    26.3206    11.2051      0.740    6.50201    11.2021    19.9935   11.81191 2.4395e+02 0.0000e+00
        150 242.488741    0.01035     0.6208     37.250      0.758  41560.865    26.0811    11.2039      0.750    6.51206    11.2001    19.8080   11.83153 2.4453e+02 0.0000e+00
        151 242.488744    0.01042     0.6250     37.500      0.759  41329.465    25.9207    11.2022      0.752    6.51892    11.1981    19.6838   11.84488 2.4870e+02 0.0000e+00
        152 242.488747    0.01049     0.6292     37.750      0.751  41312.659    25.9088    11.2002      0.744    6.51969    11.1967    19.6749   11.84631 2.5453e+02 0.0000e+00
        153 242.488750    0.01056     0.6333     38.000      0.737  41490.599    26.0317    11.1982      0.731    6.51489    11.1961    19.7705   11.83683 2.5994e+02 0.0000e+00
        154 242.488753    0.01063     0.6375     38.250      0.724  41739.709    26.2039    11.1968      0.718    6.50796    11.1961    19.9044   11.82322 2.6327e+02 0.0000e+00
        155 242.488756    0.01069     0.6417     38.500      0.717  41946.051    26.3468    11.1962      0.710    6.50215    11.1964    20.0153   11.81182 2.6388e+02 0.0000e+00
        156 242.488759    0.01076     0.6458     38.750      0.719  42059.254    26.4252    11.1962      0.712    6.49892    11.1965    20.0761   11.80549 2.6229e+02 0.0000e+00
        157 242.488762    0.01083     0.6500     39.000      0.728  42068.919    26.4318    11.1965      0.721    6.49860    11.1963    20.0812   11.80488 2.5949e+02 0.0000e+00
        158 242.488764    0.01090     0.6542     39.250      0.741  41977.854    26.3687    11.1966      0.734    6.50118    11.1957    20.0322   11.80993 2.5634e+02 0.0000e+00
        159 242.488767    0.01097     0.6583     39.500      0.754  41817.429    26.2574    11.1964      0.747    6.50580    11.1947    19.9459   11.81895 2.5389e+02 0.0000e+00
        160 242.488770    0.01104     0.6625     39.750      0.762  41652.831    26.1433    11.1958      0.755    6.51059    11.1933    19.8575   11.82830 2.5365e+02 0.0000e+00
        161 242.488773    0.01111     0.6667     40.000      0.761  41543.501    26.0675    11.1948      0.754    6.51386    11.1919    19.7989   11.83466 2.5652e+02 0.0000e+00
        162 242.488776    0.01118     0.6708     40.250      0.750  41529.676    26.0578    11.1934      0.743    6.51446    11.1908    19.7916   11.83578 2.6202e+02 0.0000e+00
        163 242.488779    0.01125     0.6750     40.500      0.733  41628.855    26.1264    11.1920      0.727    6.51184    11.1905    19.8451   11.83058 2.6849e+02 0.0000e+00
        164 242.488782    0.01132     0.6792     40.750      0.717  41814.677    26.2550    11.1909      0.711    6.50668    11.1909    19.9450   11.82044 2.7373e+02 0.0000e+00
        165 242.488785    0.01139     0.6833     41.000      0.706  42024.137    26.4002    11.1906      0.700    6.50074    11.1920    20.0577   11.80881 2.7591e+02 0.0000e+00
        166 242.488788    0.01146     0.6875     41.250      0.705  42198.884    26.5214    11.1910      0.698    6.49569    11.1935    20.1517   11.79894 2.7442e+02 0.0000e+00
        167 242.488791    0.01153     0.6917     41.500      0.714  42307.416    26.5968    11.1921      0.707    6.49243    11.1951    20.2100   11.79261 2.7052e+02 0.0000e+00
        168 242.488793    0.01160     0.6958     41.750      0.728  42324.635    26.6089    11.1936      0.721    6.49172    11.1963    20.2191   11.79128 2.6691e+02 0.0000e+00
        169 242.488796    0.01167     0.7000     42.000      0.741  42229.780    26.5432    11.1951      0.734    6.49420    11.1970    20.1679   11.79621 2.6575e+02 0.0000e+00
        170 242.488799    0.01174     0.7042     42.250      0.747  42059.655    26.4253    11.1964      0.740    6.49889    11.1971    20.0763   11.80542 2.6739e+02 0.0000e+00
        171 242.488802    0.01181     0.7083     42.500      0.743  41901.985    26.3161    11.1971      0.736    6.50329    11.1967    19.9914   11.81407 2.7122e+02 0.0000e+00
        172 242.488805    0.01188     0.7125     42.750      0.732  41824.807    26.2626    11.1972      0.725    6.50547    11.1960    19.9498   11.81835 2.7619e+02 0.0000e+00
        173 242.488808    0.01194     0.7167     43.000      0.717  41862.466    26.2887    11.1968      0.710    6.50446    11.1956    19.9701   11.81635 2.8072e+02 0.0000e+00
        174 242.488811    0.01201     0.7208     43.250      0.703  42007.816    26.3894    11.1961      0.697    6.50040    11.1957    20.0484   11.80839 2.8348e+02 0.0000e+00
        175 242.488814    0.01208     0.7250     43.500      0.696  42210.982    26.5303    11.1956      0.690    6.49466    11.1965    20.1578   11.79713 2.8406e+02 0.0000e+00
        176 242.488817    0.01215     0.7292     43.750      0.697  42411.543    26.6695    11.1958      0.690    6.48891    11.1976    20.2657   11.78589 2.8310e+02 0.0000e+00
        177 242.488819    0.01222     0.7333     44.000      0.704  42558.218    26.7713    11.1966      0.698    6.48461    11.1988    20.3446   11.77750 2.8179e+02 0.0000e+00
        178 242.488822    0.01229     0.7375     44.250      0.716  42626.099    26.8185    11.1977      0.709    6.48251    11.1996    20.3811   11.77343 2.8084e+02 0.0000e+00
        179 242.488825    0.01236     0.7417     44.500      0.728  42612.164    26.8089    11.1989      0.721    6.48274    11.1999    20.3735   11.77393 2.8008e+02 0.0000e+00
        180 242.488828    0.01243     0.7458     44.750      0.737  42524.104    26.7478    11.1997      0.730    6.48513    11.1998    20.3259   11.77865 2.7949e+02 0.0000e+00
