CTD-processing/allCTD/CNV--turbid/2013_01-04_t9_s04_cast004.cnv
* Sea-Bird SBE19plus Data File:
* FileName = C:\Documents and Settings\kris.holderied.local\My Documents\2012-2013-CTD-DATA-new-files\2013-01-04-CTD-HomerSpitLine\2013-01-04-HomerSpitLine-cast004.hex
* Software Version 1.54
* Temperature SN =  5028
* Conductivity SN =  5028
* System UpLoad Time = Feb 11 2013 18:51:08
** Kachemak Bay Spit Line South to North
** Date:  4 Jan 2013
** Station:  9-04
** Start time (AKDT-24 hr):  16:57
** Depth (m):  82
** Comment: After wave buoy rescue.
** Comment: CTD time set wrong by 2 hours
# nquan = 16
# nvalues = 902                         
# units = specified
# name 0 = scan: Scan Count
# name 1 = timeJ: Julian Days
# name 2 = timeH: Time, Elapsed [hours]
# name 3 = timeM: Time, Elapsed [minutes]
# name 4 = timeS: Time, Elapsed [seconds]
# name 5 = prdM: Pressure, Strain Gauge [db]
# name 6 = specc: Specific Conductance [uS/cm]
# name 7 = sal00: Salinity, Practical [PSU]
# name 8 = tv290C: Temperature [ITS-90, deg C]
# name 9 = depSM: Depth [salt water, m], lat = 59.00
# name 10 = oxsolML/L: Oxygen Saturation, Garcia & Gordon [ml/l]
# name 11 = potemp090C: Potential Temperature [ITS-90, deg C]
# name 12 = sigma-é00: Density [sigma-theta, kg/m^3]
# name 13 = n2satML/L: Nitrogen Saturation [ml/l]
# name 14 = par: PAR/Irradiance, Biospherical/Licor
# name 15 = flag:  0.000e+00
# span 0 =          1,        902       
# span 1 =   4.789884,   4.792491       
# span 2 =    0.00000,    0.06257       
# span 3 =     0.0000,     3.7542       
# span 4 =      0.000,    225.250       
# span 5 =     -0.089,     81.982       
# span 6 =     18.337,  51187.244       
# span 7 =     0.0074,    31.7195       
# span 8 =     2.5974,     4.6648       
# span 9 =     -0.088,     81.199       
# span 10 =    7.28875,    9.39797      
# span 11 =     2.5973,     4.6591      
# span 12 =    -0.0251,    25.1131      
# span 13 =   13.04741,   17.02981      
# span 14 = 3.7912e-02, 1.0552e+01      
# span 15 = 0.0000e+00, 0.0000e+00      
# interval = seconds: 0.25
# start_time = Jan 04 2013 18:57:26 [Instrument's time stamp, header]
# bad_flag = -9.990e-29
*END*
[from data line 814]
        815   4.792240    0.05653     3.3917    203.500     70.518  51158.150    31.6900     4.5880     69.847    7.30362     4.5835    25.0959   13.07234 3.7912e-02 0.0000e+00
        816   4.792242    0.05660     3.3958    203.750     70.668  51158.331    31.6901     4.5882     69.995    7.30360     4.5837    25.0960   13.07230 3.7912e-02 0.0000e+00
        817   4.792245    0.05667     3.4000    204.000     70.818  51158.619    31.6903     4.5883     70.144    7.30357     4.5839    25.0961   13.07224 3.7912e-02 0.0000e+00
        818   4.792248    0.05674     3.4042    204.250     70.967  51158.822    31.6904     4.5885     70.291    7.30353     4.5842    25.0961   13.07217 3.7912e-02 0.0000e+00
        819   4.792251    0.05681     3.4083    204.500     71.111  51159.004    31.6905     4.5887     70.434    7.30348     4.5845    25.0962   13.07209 3.7912e-02 0.0000e+00
        820   4.792254    0.05688     3.4125    204.750     71.250  51159.310    31.6907     4.5890     70.572    7.30342     4.5848    25.0964   13.07199 3.7912e-02 0.0000e+00
        821   4.792257    0.05694     3.4167    205.000     71.383  51159.522    31.6908     4.5893     70.703    7.30335     4.5851    25.0965   13.07188 3.7912e-02 0.0000e+00
        822   4.792260    0.05701     3.4208    205.250     71.510  51159.453    31.6908     4.5897     70.829    7.30329     4.5853    25.0964   13.07178 3.7912e-02 0.0000e+00
        823   4.792263    0.05708     3.4250    205.500     71.632  51159.019    31.6905     4.5900     70.951    7.30325     4.5852    25.0961   13.07172 3.7912e-02 0.0000e+00
        824   4.792266    0.05715     3.4292    205.750     71.752  51158.409    31.6901     4.5902     71.070    7.30324     4.5851    25.0958   13.07171 3.7912e-02 0.0000e+00
        825   4.792269    0.05722     3.4333    206.000     71.872  51158.106    31.6898     4.5902     71.188    7.30326     4.5849    25.0955   13.07174 3.7912e-02 0.0000e+00
        826   4.792271    0.05729     3.4375    206.250     71.995  51158.255    31.6898     4.5900     71.310    7.30329     4.5848    25.0956   13.07179 3.7912e-02 0.0000e+00
        827   4.792274    0.05736     3.4417    206.500     72.124  51158.739    31.6900     4.5898     71.437    7.30331     4.5849    25.0958   13.07182 3.7912e-02 0.0000e+00
        828   4.792277    0.05743     3.4458    206.750     72.259  51159.398    31.6904     4.5898     71.571    7.30330     4.5851    25.0961   13.07181 3.7912e-02 0.0000e+00
        829   4.792280    0.05750     3.4500    207.000     72.401  51160.007    31.6908     4.5898     71.711    7.30327     4.5854    25.0964   13.07175 3.7912e-02 0.0000e+00
        830   4.792283    0.05757     3.4542    207.250     72.548  51160.543    31.6911     4.5900     71.857    7.30322     4.5859    25.0966   13.07166 3.7912e-02 0.0000e+00
        831   4.792286    0.05764     3.4583    207.500     72.699  51161.299    31.6916     4.5904     72.006    7.30313     4.5866    25.0970   13.07151 3.7912e-02 0.0000e+00
        832   4.792289    0.05771     3.4625    207.750     72.850  51162.179    31.6923     4.5909     72.156    7.30301     4.5874    25.0974   13.07130 3.7912e-02 0.0000e+00
        833   4.792292    0.05778     3.4667    208.000     73.001  51162.417    31.6925     4.5916     72.305    7.30287     4.5880    25.0976   13.07107 3.7912e-02 0.0000e+00
        834   4.792295    0.05785     3.4708    208.250     73.147  51161.771    31.6922     4.5924     72.450    7.30275     4.5882    25.0972   13.07088 3.7912e-02 0.0000e+00
        835   4.792297    0.05792     3.4750    208.500     73.288  51160.594    31.6914     4.5930     72.590    7.30268     4.5881    25.0966   13.07077 3.7912e-02 0.0000e+00
        836   4.792300    0.05799     3.4792    208.750     73.423  51159.324    31.6906     4.5932     72.723    7.30268     4.5878    25.0959   13.07077 3.7912e-02 0.0000e+00
        837   4.792303    0.05806     3.4833    209.000     73.552  51158.812    31.6901     4.5931     72.851    7.30271     4.5876    25.0955   13.07084 3.7912e-02 0.0000e+00
        838   4.792306    0.05813     3.4875    209.250     73.678  51159.577    31.6905     4.5928     72.976    7.30275     4.5877    25.0959   13.07089 3.7912e-02 0.0000e+00
        839   4.792309    0.05819     3.4917    209.500     73.801  51160.909    31.6913     4.5926     73.098    7.30274     4.5880    25.0966   13.07087 3.7912e-02 0.0000e+00
        840   4.792312    0.05826     3.4958    209.750     73.925  51162.049    31.6921     4.5927     73.221    7.30269     4.5886    25.0971   13.07077 3.7912e-02 0.0000e+00
        841   4.792315    0.05833     3.5000    210.000     74.052  51163.089    31.6928     4.5931     73.347    7.30259     4.5894    25.0977   13.07060 3.7912e-02 0.0000e+00
        842   4.792318    0.05840     3.5042    210.250     74.184  51163.806    31.6934     4.5937     73.477    7.30246     4.5901    25.0981   13.07037 3.7912e-02 0.0000e+00
        843   4.792321    0.05847     3.5083    210.500     74.319  51163.974    31.6936     4.5945     73.611    7.30231     4.5910    25.0982   13.07013 3.7912e-02 0.0000e+00
        844   4.792323    0.05854     3.5125    210.750     74.457  51164.448    31.6940     4.5953     73.747    7.30216     4.5921    25.0984   13.06986 3.7912e-02 0.0000e+00
        845   4.792326    0.05861     3.5167    211.000     74.596  51166.000    31.6952     4.5961     73.886    7.30195     4.5936    25.0992   13.06951 3.7912e-02 0.0000e+00
        846   4.792329    0.05868     3.5208    211.250     74.736  51167.911    31.6967     4.5972     74.024    7.30168     4.5953    25.1003   13.06905 3.7912e-02 0.0000e+00
        847   4.792332    0.05875     3.5250    211.500     74.874  51168.789    31.6975     4.5987     74.160    7.30137     4.5969    25.1008   13.06852 3.7912e-02 0.0000e+00
        848   4.792335    0.05882     3.5292    211.750     75.008  51168.352    31.6976     4.6005     74.293    7.30106     4.5981    25.1007   13.06802 3.7912e-02 0.0000e+00
        849   4.792338    0.05889     3.5333    212.000     75.139  51167.158    31.6971     4.6021     74.423    7.30081     4.5989    25.1001   13.06760 3.7912e-02 0.0000e+00
        850   4.792341    0.05896     3.5375    212.250     75.267  51166.079    31.6965     4.6033     74.550    7.30062     4.5997    25.0996   13.06730 3.7912e-02 0.0000e+00
        851   4.792344    0.05903     3.5417    212.500     75.394  51165.885    31.6965     4.6041     74.675    7.30047     4.6005    25.0995   13.06704 3.7912e-02 0.0000e+00
        852   4.792347    0.05910     3.5458    212.750     75.520  51166.545    31.6971     4.6049     74.800    7.30032     4.6015    25.0999   13.06678 3.7912e-02 0.0000e+00
        853   4.792350    0.05917     3.5500    213.000     75.649  51167.834    31.6981     4.6057     74.928    7.30012     4.6028    25.1006   13.06645 3.7912e-02 0.0000e+00
        854   4.792352    0.05924     3.5542    213.250     75.782  51169.410    31.6993     4.6067     75.059    7.29988     4.6044    25.1015   13.06603 3.7912e-02 0.0000e+00
        855   4.792355    0.05931     3.5583    213.500     75.919  51171.013    31.7007     4.6080     75.195    7.29958     4.6063    25.1024   13.06553 3.7912e-02 0.0000e+00
        856   4.792358    0.05937     3.5625    213.750     76.059  51172.808    31.7022     4.6096     75.334    7.29923     4.6084    25.1034   13.06492 3.7912e-02 0.0000e+00
        857   4.792361    0.05944     3.5667    214.000     76.203  51174.715    31.7039     4.6115     75.477    7.29881     4.6108    25.1046   13.06422 3.7912e-02 0.0000e+00
        858   4.792364    0.05951     3.5708    214.250     76.348  51176.048    31.7052     4.6137     75.620    7.29836     4.6130    25.1054   13.06346 3.7912e-02 0.0000e+00
        859   4.792367    0.05958     3.5750    214.500     76.490  51176.196    31.7058     4.6160     75.761    7.29793     4.6149    25.1056   13.06273 3.7912e-02 0.0000e+00
        860   4.792370    0.05965     3.5792    214.750     76.627  51175.470    31.7057     4.6183     75.896    7.29753     4.6166    25.1053   13.06208 3.7912e-02 0.0000e+00
        861   4.792373    0.05972     3.5833    215.000     76.756  51174.665    31.7055     4.6202     76.024    7.29720     4.6180    25.1050   13.06153 3.7912e-02 0.0000e+00
        862   4.792376    0.05979     3.5875    215.250     76.878  51174.412    31.7057     4.6219     76.145    7.29690     4.6194    25.1049   13.06104 3.7912e-02 0.0000e+00
        863   4.792378    0.05986     3.5917    215.500     76.994  51175.056    31.7064     4.6233     76.260    7.29662     4.6209    25.1053   13.06056 3.7912e-02 0.0000e+00
        864   4.792381    0.05993     3.5958    215.750     77.109  51176.141    31.7074     4.6247     76.374    7.29632     4.6226    25.1060   13.06006 3.7912e-02 0.0000e+00
        865   4.792384    0.06000     3.6000    216.000     77.225  51177.140    31.7083     4.6262     76.489    7.29600     4.6243    25.1066   13.05952 3.7912e-02 0.0000e+00
        866   4.792387    0.06007     3.6042    216.250     77.346  51178.265    31.7094     4.6279     76.608    7.29565     4.6262    25.1073   13.05894 3.7912e-02 0.0000e+00
        867   4.792390    0.06014     3.6083    216.500     77.472  51179.459    31.7106     4.6297     76.734    7.29529     4.6282    25.1080   13.05831 3.7912e-02 0.0000e+00
        868   4.792393    0.06021     3.6125    216.750     77.606  51180.324    31.7115     4.6316     76.866    7.29490     4.6302    25.1086   13.05767 3.7912e-02 0.0000e+00
        869   4.792396    0.06028     3.6167    217.000     77.747  51180.617    31.7121     4.6336     77.006    7.29452     4.6319    25.1088   13.05703 3.7912e-02 0.0000e+00
        870   4.792399    0.06035     3.6208    217.250     77.893  51180.199    31.7122     4.6356     77.150    7.29417     4.6333    25.1087   13.05645 3.7912e-02 0.0000e+00
        871   4.792402    0.06042     3.6250    217.500     78.041  51179.308    31.7119     4.6373     77.296    7.29388     4.6344    25.1083   13.05596 3.7912e-02 0.0000e+00
        872   4.792405    0.06049     3.6292    217.750     78.187  51178.499    31.7116     4.6388     77.441    7.29364     4.6354    25.1079   13.05557 3.7912e-02 0.0000e+00
        873   4.792407    0.06056     3.6333    218.000     78.328  51178.279    31.7117     4.6399     77.582    7.29344     4.6363    25.1078   13.05525 3.7912e-02 0.0000e+00
        874   4.792410    0.06062     3.6375    218.250     78.463  51178.472    31.7119     4.6408     77.715    7.29326     4.6372    25.1079   13.05496 3.7912e-02 0.0000e+00
        875   4.792413    0.06069     3.6417    218.500     78.591  51178.909    31.7124     4.6417     77.842    7.29309     4.6386    25.1082   13.05466 3.7912e-02 0.0000e+00
        876   4.792416    0.06076     3.6458    218.750     78.711  51180.462    31.7136     4.6427     77.961    7.29286     4.6407    25.1090   13.05426 3.7912e-02 0.0000e+00
        877   4.792419    0.06083     3.6500    219.000     78.827  51183.417    31.7159     4.6440     78.076    7.29251     4.6435    25.1107   13.05366 3.7912e-02 0.0000e+00
        878   4.792422    0.06090     3.6542    219.250     78.943  51186.285    31.7183     4.6461     78.190    7.29202     4.6466    25.1124   13.05282 3.7912e-02 0.0000e+00
        879   4.792425    0.06097     3.6583    219.500     79.061  51187.244    31.7195     4.6490     78.307    7.29146     4.6495    25.1131   13.05188 3.7912e-02 0.0000e+00
        880   4.792428    0.06104     3.6625    219.750     79.186  51186.069    31.7193     4.6521     78.431    7.29092     4.6518    25.1126   13.05098 3.7912e-02 0.0000e+00
        881   4.792431    0.06111     3.6667    220.000     79.320  51183.962    31.7185     4.6550     78.564    7.29045     4.6534    25.1117   13.05023 3.7912e-02 0.0000e+00
        882   4.792433    0.06118     3.6708    220.250     79.464  51181.948    31.7175     4.6573     78.706    7.29010     4.6545    25.1107   13.04966 3.7912e-02 0.0000e+00
        883   4.792436    0.06125     3.6750    220.500     79.615  51180.430    31.7168     4.6589     78.856    7.28986     4.6552    25.1099   13.04926 3.7912e-02 0.0000e+00
        884   4.792439    0.06132     3.6792    220.750     79.770  51179.637    31.7164     4.6600     79.009    7.28968     4.6559    25.1095   13.04897 3.7912e-02 0.0000e+00
        885   4.792442    0.06139     3.6833    221.000     79.926  51179.659    31.7165     4.6607     79.163    7.28953     4.6565    25.1095   13.04873 3.7912e-02 0.0000e+00
        886   4.792445    0.06146     3.6875    221.250     80.076  51180.227    31.7170     4.6614     79.312    7.28940     4.6571    25.1098   13.04850 3.7912e-02 0.0000e+00
        887   4.792448    0.06153     3.6917    221.500     80.218  51180.902    31.7175     4.6620     79.453    7.28926     4.6577    25.1102   13.04827 3.7912e-02 0.0000e+00
        888   4.792451    0.06160     3.6958    221.750     80.351  51181.324    31.7179     4.6627     79.584    7.28913     4.6582    25.1104   13.04804 3.7912e-02 0.0000e+00
        889   4.792454    0.06167     3.7000    222.000     80.475  51181.331    31.7180     4.6633     79.707    7.28902     4.6585    25.1104   13.04787 3.7912e-02 0.0000e+00
        890   4.792457    0.06174     3.7042    222.250     80.593  51181.113    31.7179     4.6637     79.824    7.28894     4.6586    25.1103   13.04775 3.7912e-02 0.0000e+00
        891   4.792459    0.06181     3.7083    222.500     80.709  51180.945    31.7178     4.6640     79.938    7.28890     4.6586    25.1102   13.04767 3.7912e-02 0.0000e+00
        892   4.792462    0.06187     3.7125    222.750     80.827  51180.997    31.7178     4.6642     80.055    7.28887     4.6587    25.1102   13.04763 3.7912e-02 0.0000e+00
        893   4.792465    0.06194     3.7167    223.000     80.950  51181.403    31.7180     4.6642     80.177    7.28885     4.6588    25.1103   13.04759 3.7912e-02 0.0000e+00
        894   4.792468    0.06201     3.7208    223.250     81.081  51182.025    31.7184     4.6643     80.307    7.28882     4.6590    25.1106   13.04754 3.7912e-02 0.0000e+00
        895   4.792471    0.06208     3.7250    223.500     81.219  51182.481    31.7186     4.6644     80.444    7.28879     4.6591    25.1108   13.04748 3.7912e-02 0.0000e+00
        896   4.792474    0.06215     3.7292    223.750     81.364  51182.440    31.7186     4.6646     80.587    7.28875     4.6591    25.1108   13.04742 3.7912e-02 0.0000e+00
        897   4.792477    0.06222     3.7333    224.000     81.510  51181.946    31.7182     4.6648     80.732    7.28875     4.6590    25.1105   13.04741 3.7912e-02 0.0000e+00
        898   4.792480    0.06229     3.7375    224.250     81.651  51181.606    31.7179     4.6648     80.871    7.28876     4.6588    25.1102   13.04744 3.7912e-02 0.0000e+00
        899   4.792483    0.06236     3.7417    224.500     81.779  51181.945    31.7180     4.6647     80.999    7.28878     4.6588    25.1104   13.04747 3.7912e-02 0.0000e+00
        900   4.792486    0.06243     3.7458    224.750     81.885  51182.727    31.7185     4.6645     81.104    7.28879     4.6588    25.1107   13.04747 3.7912e-02 0.0000e+00
        901   4.792488    0.06250     3.7500    225.000     81.957  51183.334    31.7189     4.6645     81.174    7.28878 -9.990e-29    25.1110   13.04744 3.7912e-02 0.0000e+00
        902   4.792491    0.06257     3.7542    225.250     81.982  51183.522    31.7190     4.6645     81.199    7.28877 -9.990e-29    25.1111   13.04743 3.7912e-02 0.0000e+00
