CTD-processing/allCTD/CNV--turbid/2013_02-12_t9_s05_cast017.cnv
* Sea-Bird SBE19plus Data File:
* FileName = C:\Documents and Settings\kris.holderied.local\My Documents\2012-2013-CTD-DATA-new-files\2013-02-EVOSTC-CookInlet\2013-02-12-HomerSpitLine-Tran9\2013-02-12-HomerSpitLine-Tran9-cast017.hex
* Software Version 1.54
* Temperature SN =  5028
* Conductivity SN =  5028
* System UpLoad Time = Feb 12 2013 10:17:25
** Kachemak Bay Spit Line  North to south
** Date:  12 Feb 2013
** Station:  9-05
** Start time (AKDT-24 hr):  0845
** Depth (m):  94
** Comment:
# nquan = 16
# nvalues = 805                         
# units = specified
# name 0 = scan: Scan Count
# name 1 = timeJ: Julian Days
# name 2 = timeH: Time, Elapsed [hours]
# name 3 = timeM: Time, Elapsed [minutes]
# name 4 = timeS: Time, Elapsed [seconds]
# name 5 = prdM: Pressure, Strain Gauge [db]
# name 6 = specc: Specific Conductance [uS/cm]
# name 7 = sal00: Salinity, Practical [PSU]
# name 8 = tv290C: Temperature [ITS-90, deg C]
# name 9 = depSM: Depth [salt water, m], lat = 59.00
# name 10 = oxsolML/L: Oxygen Saturation, Garcia & Gordon [ml/l]
# name 11 = potemp090C: Potential Temperature [ITS-90, deg C]
# name 12 = sigma-é00: Density [sigma-theta, kg/m^3]
# name 13 = n2satML/L: Nitrogen Saturation [ml/l]
# name 14 = par: PAR/Irradiance, Biospherical/Licor
# name 15 = flag:  0.000e+00
# span 0 =          1,        805       
# span 1 =  43.448426,  43.450752       
# span 2 =    0.00000,    0.05583       
# span 3 =     0.0000,     3.3500       
# span 4 =      0.000,    201.000       
# span 5 =     -0.165,     85.483       
# span 6 =     62.226,  51406.837       
# span 7 =     0.0322,    31.6199       
# span 8 =     1.7987,     3.6100       
# span 9 =     -0.163,     84.666       
# span 10 =  -46.16474,    9.60616      
# span 11 =     1.7987,     3.6048      
# span 12 =    -0.0361,    25.1351      
# span 13 =   13.36957,   17.56081      
# span 14 = 3.7912e-02, 6.2001e+00      
# span 15 = 0.0000e+00, 0.0000e+00      
# interval = seconds: 0.25
# start_time = Feb 12 2013 10:45:44 [Instrument's time stamp, header]
# bad_flag = -9.990e-29
*END*
[from data line 724]
        725  43.450521    0.05028     3.0167    181.000     74.768  51396.362    31.6171     3.6077     74.055    7.48370     3.6034    25.1330   13.37050 3.7912e-02 0.0000e+00
        726  43.450524    0.05035     3.0208    181.250     74.878  51396.354    31.6171     3.6078     74.164    7.48366     3.6036    25.1330   13.37045 3.7912e-02 0.0000e+00
        727  43.450527    0.05042     3.0250    181.500     74.985  51396.446    31.6171     3.6080     74.270    7.48363     3.6037    25.1330   13.37040 3.7912e-02 0.0000e+00
        728  43.450530    0.05049     3.0292    181.750     75.098  51396.661    31.6172     3.6081     74.383    7.48360     3.6039    25.1331   13.37035 3.7912e-02 0.0000e+00
        729  43.450532    0.05056     3.0333    182.000     75.228  51396.907    31.6174     3.6083     74.511    7.48357     3.6041    25.1332   13.37029 3.7912e-02 0.0000e+00
        730  43.450535    0.05063     3.0375    182.250     75.378  51397.108    31.6175     3.6085     74.659    7.48353     3.6043    25.1332   13.37022 3.7912e-02 0.0000e+00
        731  43.450538    0.05069     3.0417    182.500     75.548  51397.280    31.6176     3.6087     74.828    7.48348     3.6045    25.1333   13.37015 3.7912e-02 0.0000e+00
        732  43.450541    0.05076     3.0458    182.750     75.734  51397.427    31.6176     3.6089     75.012    7.48344     3.6047    25.1333   13.37008 3.7912e-02 0.0000e+00
        733  43.450544    0.05083     3.0500    183.000     75.927  51397.465    31.6176     3.6091     75.203    7.48341     3.6047    25.1333   13.37002 3.7912e-02 0.0000e+00
        734  43.450547    0.05090     3.0542    183.250     76.117  51397.412    31.6175     3.6093     75.392    7.48338     3.6047    25.1332   13.36998 3.7912e-02 0.0000e+00
        735  43.450550    0.05097     3.0583    183.500     76.296  51397.392    31.6174     3.6093     75.569    7.48337     3.6046    25.1331   13.36996 3.7912e-02 0.0000e+00
        736  43.450553    0.05104     3.0625    183.750     76.457  51397.444    31.6174     3.6093     75.728    7.48337     3.6045    25.1331   13.36996 3.7912e-02 0.0000e+00
        737  43.450556    0.05111     3.0667    184.000     76.599  51397.640    31.6175     3.6093     75.868    7.48338     3.6044    25.1331   13.36998 3.7912e-02 0.0000e+00
        738  43.450558    0.05118     3.0708    184.250     76.722  51397.959    31.6176     3.6092     75.991    7.48339     3.6043    25.1332   13.37000 3.7912e-02 0.0000e+00
        739  43.450561    0.05125     3.0750    184.500     76.834  51398.256    31.6177     3.6091     76.102    7.48340     3.6043    25.1333   13.37002 3.7912e-02 0.0000e+00
        740  43.450564    0.05132     3.0792    184.750     76.942  51398.527    31.6178     3.6090     76.209    7.48341     3.6042    25.1334   13.37003 3.7912e-02 0.0000e+00
        741  43.450567    0.05139     3.0833    185.000     77.055  51398.823    31.6179     3.6089     76.321    7.48342     3.6042    25.1335   13.37003 3.7913e-02 0.0000e+00
        742  43.450570    0.05146     3.0875    185.250     77.181  51399.147    31.6181     3.6089     76.445    7.48342     3.6042    25.1337   13.37003 3.7913e-02 0.0000e+00
        743  43.450573    0.05153     3.0917    185.500     77.323  51399.500    31.6182     3.6089     76.585    7.48341     3.6042    25.1338   13.37002 3.7914e-02 0.0000e+00
        744  43.450576    0.05160     3.0958    185.750     77.480  51399.844    31.6184     3.6089     76.741    7.48341     3.6042    25.1339   13.37001 3.7915e-02 0.0000e+00
        745  43.450579    0.05167     3.1000    186.000     77.647  51400.096    31.6185     3.6089     76.907    7.48340     3.6043    25.1340   13.37000 3.7916e-02 0.0000e+00
        746  43.450582    0.05174     3.1042    186.250     77.819  51400.223    31.6185     3.6089     77.077    7.48339     3.6044    25.1340   13.36998 3.7919e-02 0.0000e+00
        747  43.450584    0.05181     3.1083    186.500     77.987  51400.239    31.6184     3.6090     77.243    7.48337     3.6045    25.1339   13.36995 3.7921e-02 0.0000e+00
        748  43.450587    0.05187     3.1125    186.750     78.147  51400.187    31.6183     3.6092     77.401    7.48336     3.6046    25.1339   13.36993 3.7919e-02 0.0000e+00
        749  43.450590    0.05194     3.1167    187.000     78.295  51400.156    31.6183     3.6093     77.548    7.48334     3.6046    25.1338   13.36991 3.7916e-02 0.0000e+00
        750  43.450593    0.05201     3.1208    187.250     78.431  51400.166    31.6182     3.6093     77.683    7.48333     3.6046    25.1337   13.36989 3.7915e-02 0.0000e+00
        751  43.450596    0.05208     3.1250    187.500     78.559  51400.160    31.6182     3.6094     77.810    7.48333     3.6045    25.1337   13.36988 3.7914e-02 0.0000e+00
        752  43.450599    0.05215     3.1292    187.750     78.683  51400.202    31.6181     3.6094     77.932    7.48333     3.6044    25.1337   13.36989 3.7913e-02 0.0000e+00
        753  43.450602    0.05222     3.1333    188.000     78.806  51400.410    31.6182     3.6093     78.054    7.48334     3.6043    25.1337   13.36991 3.7913e-02 0.0000e+00
        754  43.450605    0.05229     3.1375    188.250     78.932  51400.720    31.6183     3.6092     78.179    7.48335     3.6043    25.1339   13.36992 3.7912e-02 0.0000e+00
        755  43.450608    0.05236     3.1417    188.500     79.063  51400.956    31.6184     3.6091     78.309    7.48336     3.6042    25.1339   13.36994 3.7912e-02 0.0000e+00
        756  43.450611    0.05243     3.1458    188.750     79.201  51401.047    31.6184     3.6091     78.445    7.48337     3.6042    25.1339   13.36995 3.7912e-02 0.0000e+00
        757  43.450613    0.05250     3.1500    189.000     79.345  51401.067    31.6183     3.6090     78.588    7.48338     3.6041    25.1338   13.36997 3.7912e-02 0.0000e+00
        758  43.450616    0.05257     3.1542    189.250     79.495  51401.126    31.6183     3.6090     78.737    7.48339     3.6040    25.1338   13.36999 3.7912e-02 0.0000e+00
        759  43.450619    0.05264     3.1583    189.500     79.648  51401.283    31.6183     3.6089     78.888    7.48340     3.6040    25.1338   13.37001 3.7912e-02 0.0000e+00
        760  43.450622    0.05271     3.1625    189.750     79.802  51401.521    31.6183     3.6088     79.041    7.48341     3.6039    25.1339   13.37002 3.7912e-02 0.0000e+00
        761  43.450625    0.05278     3.1667    190.000     79.957  51401.794    31.6184     3.6088     79.194    7.48342     3.6039    25.1340   13.37003 3.7912e-02 0.0000e+00
        762  43.450628    0.05285     3.1708    190.250     80.112  51402.051    31.6185     3.6087     79.348    7.48342     3.6039    25.1341   13.37003 3.7912e-02 0.0000e+00
        763  43.450631    0.05292     3.1750    190.500     80.267  51402.242    31.6186     3.6087     79.501    7.48341     3.6040    25.1341   13.37003 3.7912e-02 0.0000e+00
        764  43.450634    0.05299     3.1792    190.750     80.420  51402.367    31.6186     3.6087     79.653    7.48341     3.6040    25.1341   13.37002 3.7912e-02 0.0000e+00
        765  43.450637    0.05306     3.1833    191.000     80.570  51402.462    31.6186     3.6088     79.802    7.48340     3.6039    25.1341   13.37001 3.7912e-02 0.0000e+00
        766  43.450639    0.05312     3.1875    191.250     80.715  51402.535    31.6185     3.6088     79.945    7.48340     3.6039    25.1340   13.37001 3.7913e-02 0.0000e+00
        767  43.450642    0.05319     3.1917    191.500     80.853  51402.581    31.6185     3.6088     80.082    7.48341     3.6038    25.1340   13.37002 3.7913e-02 0.0000e+00
        768  43.450645    0.05326     3.1958    191.750     80.983  51402.626    31.6185     3.6087     80.211    7.48342     3.6037    25.1340   13.37003 3.7914e-02 0.0000e+00
        769  43.450648    0.05333     3.2000    192.000     81.105  51402.693    31.6184     3.6087     80.331    7.48343     3.6037    25.1340   13.37005 3.7915e-02 0.0000e+00
        770  43.450651    0.05340     3.2042    192.250     81.221  51402.802    31.6184     3.6087     80.446    7.48344     3.6036    25.1340   13.37007 3.7916e-02 0.0000e+00
        771  43.450654    0.05347     3.2083    192.500     81.335  51402.959    31.6185     3.6086     80.559    7.48345     3.6036    25.1340   13.37008 3.7919e-02 0.0000e+00
        772  43.450657    0.05354     3.2125    192.750     81.452  51403.130    31.6185     3.6086     80.674    7.48345     3.6036    25.1341   13.37009 3.7924e-02 0.0000e+00
        773  43.450660    0.05361     3.2167    193.000     81.576  51403.286    31.6185     3.6085     80.796    7.48346     3.6036    25.1341   13.37010 3.7931e-02 0.0000e+00
        774  43.450663    0.05368     3.2208    193.250     81.709  51403.440    31.6186     3.6085     80.929    7.48346     3.6036    25.1342   13.37010 3.7944e-02 0.0000e+00
        775  43.450666    0.05375     3.2250    193.500     81.856  51403.621    31.6186     3.6086     81.074    7.48345     3.6037    25.1342   13.37009 3.7966e-02 0.0000e+00
        776  43.450668    0.05382     3.2292    193.750     82.016  51403.787    31.6186     3.6086     81.233    7.48344     3.6038    25.1342   13.37007 3.8002e-02 0.0000e+00
        777  43.450671    0.05389     3.2333    194.000     82.190  51403.940    31.6187     3.6086     81.405    7.48343     3.6039    25.1342   13.37004 3.8061e-02 0.0000e+00
        778  43.450674    0.05396     3.2375    194.250     82.375  51404.117    31.6187     3.6087     81.589    7.48341     3.6040    25.1343   13.37001 3.8161e-02 0.0000e+00
        779  43.450677    0.05403     3.2417    194.500     82.563  51404.250    31.6188     3.6089     81.775    7.48339     3.6040    25.1343   13.36997 3.8327e-02 0.0000e+00
        780  43.450680    0.05410     3.2458    194.750     82.735  51404.299    31.6187     3.6090     81.945    7.48337     3.6041    25.1343   13.36994 3.8603e-02 0.0000e+00
        781  43.450683    0.05417     3.2500    195.000     82.884  51404.297    31.6187     3.6090     82.093    7.48336     3.6040    25.1342   13.36992 3.9064e-02 0.0000e+00
        782  43.450686    0.05424     3.2542    195.250     83.016  51404.301    31.6186     3.6091     82.223    7.48335     3.6040    25.1342   13.36992 3.9352e-02 0.0000e+00
        783  43.450689    0.05431     3.2583    195.500     83.134  51404.409    31.6186     3.6091     82.341    7.48335     3.6040    25.1342   13.36992 3.9064e-02 0.0000e+00
        784  43.450692    0.05438     3.2625    195.750     83.246  51404.678    31.6188     3.6090     82.451    7.48335     3.6040    25.1343   13.36992 3.8603e-02 0.0000e+00
        785  43.450694    0.05444     3.2667    196.000     83.357  51405.114    31.6190     3.6090     82.561    7.48335     3.6040    25.1344   13.36991 3.8327e-02 0.0000e+00
        786  43.450697    0.05451     3.2708    196.250     83.473  51405.682    31.6193     3.6090     82.676    7.48333     3.6042    25.1347   13.36987 3.8161e-02 0.0000e+00
        787  43.450700    0.05458     3.2750    196.500     83.598  51406.211    31.6196     3.6091     82.799    7.48330     3.6043    25.1349   13.36982 3.8061e-02 0.0000e+00
        788  43.450703    0.05465     3.2792    196.750     83.734  51406.532    31.6198     3.6092     82.935    7.48327     3.6044    25.1351   13.36976 3.8001e-02 0.0000e+00
        789  43.450706    0.05472     3.2833    197.000     83.883  51406.646    31.6199     3.6094     83.082    7.48324     3.6045    25.1351   13.36971 3.7966e-02 0.0000e+00
        790  43.450709    0.05479     3.2875    197.250     84.041  51406.623    31.6198     3.6096     83.238    7.48321     3.6046    25.1350   13.36968 3.7944e-02 0.0000e+00
        791  43.450712    0.05486     3.2917    197.500     84.204  51406.553    31.6197     3.6097     83.399    7.48320     3.6046    25.1350   13.36965 3.7931e-02 0.0000e+00
        792  43.450715    0.05493     3.2958    197.750     84.365  51406.542    31.6196     3.6097     83.559    7.48319     3.6047    25.1349   13.36964 3.7924e-02 0.0000e+00
        793  43.450718    0.05500     3.3000    198.000     84.519  51406.606    31.6196     3.6098     83.711    7.48318     3.6047    25.1349   13.36962 3.7919e-02 0.0000e+00
        794  43.450720    0.05507     3.3042    198.250     84.663  51406.698    31.6196     3.6098     83.854    7.48317     3.6047    25.1349   13.36961 3.7916e-02 0.0000e+00
        795  43.450723    0.05514     3.3083    198.500     84.795  51406.776    31.6196     3.6099     83.985    7.48316     3.6048    25.1349   13.36959 3.7915e-02 0.0000e+00
        796  43.450726    0.05521     3.3125    198.750     84.914  51406.818    31.6196     3.6099     84.103    7.48316     3.6048    25.1348   13.36958 3.7914e-02 0.0000e+00
        797  43.450729    0.05528     3.3167    199.000     85.023  51406.837    31.6195     3.6099     84.211    7.48315     3.6048    25.1348   13.36958 3.7913e-02 0.0000e+00
        798  43.450732    0.05535     3.3208    199.250     85.123  51406.829    31.6195     3.6100     84.310    7.48315     3.6047    25.1347   13.36957 3.7913e-02 0.0000e+00
        799  43.450735    0.05542     3.3250    199.500     85.215  51406.734    31.6194     3.6100     84.401    7.48316     3.6046    25.1346   13.36958 3.7912e-02 0.0000e+00
        800  43.450738    0.05549     3.3292    199.750     85.299  51406.608    31.6193     3.6099     84.484    7.48317     3.6045    25.1345   13.36961 3.7912e-02 0.0000e+00
        801  43.450741    0.05556     3.3333    200.000     85.370  51406.580    31.6192     3.6098     84.555    7.48320     3.6043    25.1345   13.36965 3.7912e-02 0.0000e+00
        802  43.450744    0.05563     3.3375    200.250     85.424  51406.643    31.6192     3.6097     84.607    7.48322     3.6042    25.1345   13.36970 3.7912e-02 0.0000e+00
        803  43.450747    0.05569     3.3417    200.500     85.458  51406.728    31.6192     3.6095     84.641    7.48325     3.6042    25.1345   13.36974 3.7912e-02 0.0000e+00
        804  43.450749    0.05576     3.3458    200.750     85.477  51406.761    31.6191     3.6094     84.660    7.48327 -9.990e-29    25.1345   13.36977 3.7912e-02 0.0000e+00
        805  43.450752    0.05583     3.3500    201.000     85.483  51406.753    31.6191     3.6094     84.666    7.48328 -9.990e-29    25.1345   13.36978 3.7912e-02 0.0000e+00
