CTD-processing/allCTD/CNV--turbid/2013_07-09_t9andtutka_s07_cast225.cnv
* Sea-Bird SBE19plus Data File:
* FileName = C:\Documents and Settings\kbayadmin\My Documents\CTD data\2013-07-09 Kachemak Bay Homer Spit Line and Tutka Bay\2013-07-09 Kachemak Bay Homer Spit Line and Tutka Bay cast225.hex
* Software Version 1.59
* Temperature SN =  5028
* Conductivity SN =  5028
* System UpLoad Time = Jul 10 2013 11:17:53
** Kachemak Bay Homer Spit Line and Tutka Bay
** 2013-07-05
** Station: 9.07
** N': 59 35.159
** W': -151 23.366
** Start Time: 1838
** Depth(ft): 324
# nquan = 16
# nvalues = 680                         
# units = specified
# name 0 = scan: Scan Count
# name 1 = timeJ: Julian Days
# name 2 = timeH: Time, Elapsed [hours]
# name 3 = timeM: Time, Elapsed [minutes]
# name 4 = timeS: Time, Elapsed [seconds]
# name 5 = prdM: Pressure, Strain Gauge [db]
# name 6 = specc: Specific Conductance [uS/cm]
# name 7 = sal00: Salinity, Practical [PSU]
# name 8 = tv290C: Temperature [ITS-90, deg C]
# name 9 = depSM: Depth [salt water, m], lat = 59.00
# name 10 = oxsolML/L: Oxygen Saturation, Garcia & Gordon [ml/l]
# name 11 = potemp090C: Potential Temperature [ITS-90, deg C]
# name 12 = sigma-é00: Density [sigma-theta, kg/m^3]
# name 13 = n2satML/L: Nitrogen Saturation [ml/l]
# name 14 = par: PAR/Irradiance, Biospherical/Licor
# name 15 = flag:  0.000e+00
# span 0 =          1,        680       
# span 1 = 190.776597, 190.778562       
# span 2 =    0.00000,    0.04715       
# span 3 =     0.0000,     2.8292       
# span 4 =      0.000,    169.750       
# span 5 =     -0.012,     97.609       
# span 6 =    544.445,  50797.393       
# span 7 =     0.2619,    31.7234       
# span 8 =     5.9790,    10.2236       
# span 9 =     -0.012,     96.673       
# span 10 =    6.56482,    7.84458      
# span 11 =     5.9712,    10.2236      
# span 12 =    -0.1119,    24.9676      
# span 13 =   11.88618,   14.41232      
# span 14 = 4.7847e-02, 1.1482e+03      
# span 15 = 0.0000e+00, 0.0000e+00      
# interval = seconds: 0.25
# start_time = Jul 09 2013 18:38:18 [Instrument's time stamp, header]
# bad_flag = -9.990e-29
*END*
[from data line 272]
        273 190.777384    0.01889     1.1333     68.000      0.940  45642.266    28.7878     9.9298      0.932    6.58142     9.9080    22.1171   11.91382 4.5729e+02 0.0000e+00
        274 190.777387    0.01896     1.1375     68.250      0.924  45652.938    28.7938     9.9168      0.916    6.58306     9.9026    22.1238   11.91647 4.2554e+02 0.0000e+00
        275 190.777390    0.01903     1.1417     68.500      0.910  45660.530    28.7981     9.9081      0.901    6.58413     9.8989    22.1286   11.91820 4.0634e+02 0.0000e+00
        276 190.777393    0.01910     1.1458     68.750      0.899  45665.261    28.8008     9.9027      0.891    6.58481     9.8959    22.1315   11.91928 4.0405e+02 0.0000e+00
        277 190.777396    0.01917     1.1500     69.000      0.894  45668.309    28.8025     9.8990      0.885    6.58526     9.8932    22.1334   11.92001 4.2027e+02 0.0000e+00
        278 190.777399    0.01924     1.1542     69.250      0.893  45671.084    28.8041     9.8960      0.884    6.58563     9.8914    22.1351   11.92061 4.6275e+02 0.0000e+00
        279 190.777402    0.01931     1.1583     69.500      0.895  45674.295    28.8060     9.8933      0.886    6.58595     9.8913    22.1370   11.92111 5.1370e+02 0.0000e+00
        280 190.777405    0.01938     1.1625     69.750      0.900  45677.193    28.8078     9.8915      0.891    6.58613     9.8928    22.1387   11.92138 5.4040e+02 0.0000e+00
        281 190.777407    0.01944     1.1667     70.000      0.906  45678.332    28.8086     9.8914      0.898    6.58611     9.8952    22.1394   11.92134 5.4438e+02 0.0000e+00
        282 190.777410    0.01951     1.1708     70.250      0.911  45677.430    28.8081     9.8929      0.903    6.58591     9.8982    22.1388   11.92102 5.4271e+02 0.0000e+00
        283 190.777413    0.01958     1.1750     70.500      0.911  45675.493    28.8070     9.8953      0.903    6.58561     9.9019    22.1376   11.92053 5.5617e+02 0.0000e+00
        284 190.777416    0.01965     1.1792     70.750      0.903  45673.151    28.8058     9.8983      0.895    6.58523     9.9064    22.1361   11.91992 5.8455e+02 0.0000e+00
        285 190.777419    0.01972     1.1833     71.000      0.888  45670.354    28.8042     9.9020      0.880    6.58476     9.9119    22.1343   11.91916 5.9448e+02 0.0000e+00
        286 190.777422    0.01979     1.1875     71.250      0.871  45666.901    28.8024     9.9065      0.863    6.58418     9.9183    22.1321   11.91822 5.7629e+02 0.0000e+00
        287 190.777425    0.01986     1.1917     71.500      0.858  45662.783    28.8001     9.9120      0.850    6.58348     9.9258    22.1295   11.91708 5.4694e+02 0.0000e+00
        288 190.777428    0.01993     1.1958     71.750      0.854  45658.031    28.7976     9.9184      0.846    6.58266     9.9342    22.1265   11.91575 5.1615e+02 0.0000e+00
        289 190.777431    0.02000     1.2000     72.000      0.863  45652.238    28.7944     9.9259      0.855    6.58170     9.9426    22.1229   11.91421 4.9648e+02 0.0000e+00
        290 190.777433    0.02007     1.2042     72.250      0.879  45644.644    28.7901     9.9343      0.871    6.58066     9.9492    22.1182   11.91254 4.9161e+02 0.0000e+00
        291 190.777436    0.02014     1.2083     72.500      0.896  45635.347    28.7845     9.9427      0.888    6.57968     9.9528    22.1126   11.91098 4.8803e+02 0.0000e+00
        292 190.777439    0.02021     1.2125     72.750      0.910  45626.758    28.7793     9.9493      0.901    6.57896     9.9541    22.1075   11.90984 4.8097e+02 0.0000e+00
        293 190.777442    0.02028     1.2167     73.000      0.918  45621.609    28.7761     9.9529      0.909    6.57856     9.9543    22.1044   11.90923 4.8088e+02 0.0000e+00
        294 190.777445    0.02035     1.2208     73.250      0.925  45619.727    28.7749     9.9542      0.916    6.57841     9.9536    22.1033   11.90900 4.9744e+02 0.0000e+00
        295 190.777448    0.02042     1.2250     73.500      0.937  45619.317    28.7747     9.9544      0.928    6.57840     9.9517    22.1031   11.90898 5.1722e+02 0.0000e+00
        296 190.777451    0.02049     1.2292     73.750      0.956  45619.447    28.7747     9.9537      0.947    6.57850     9.9473    22.1032   11.90915 5.2902e+02 0.0000e+00
        297 190.777454    0.02056     1.2333     74.000      0.980  45619.688    28.7746     9.9518      0.971    6.57878     9.9391    22.1034   11.90962 5.6056e+02 0.0000e+00
        298 190.777457    0.02063     1.2375     74.250      1.001  45620.497    28.7747     9.9474      0.992    6.57941     9.9275    22.1041   11.91065 6.0557e+02 0.0000e+00
        299 190.777459    0.02069     1.2417     74.500      1.013  45625.564    28.7773     9.9392      1.004    6.58050     9.9156    22.1074   11.91242 6.2839e+02 0.0000e+00
        300 190.777462    0.02076     1.2458     74.750      1.017  45636.755    28.7837     9.9276      1.007    6.58191     9.9046    22.1143   11.91469 6.2214e+02 0.0000e+00
        301 190.777465    0.02083     1.2500     75.000      1.018  45648.822    28.7908     9.9157      1.008    6.58334     9.8921    22.1216   11.91697 5.8399e+02 0.0000e+00
        302 190.777468    0.02090     1.2542     75.250      1.026  45657.554    28.7956     9.9047      1.016    6.58473     9.8749    22.1271   11.91922 5.4251e+02 0.0000e+00
        303 190.777471    0.02097     1.2583     75.500      1.050  45665.518    28.7997     9.8922      1.039    6.58638     9.8521    22.1323   11.92191 5.2697e+02 0.0000e+00
        304 190.777474    0.02104     1.2625     75.750      1.094  45677.596    28.8061     9.8750      1.083    6.58860     9.8241    22.1399   11.92552 5.2210e+02 0.0000e+00
        305 190.777477    0.02111     1.2667     76.000      1.158  45696.099    28.8163     9.8522      1.147    6.59149     9.7912    22.1514   11.93018 5.0234e+02 0.0000e+00
        306 190.777480    0.02118     1.2708     76.250      1.236  45720.588    28.8300     9.8242      1.225    6.59499     9.7527    22.1665   11.93582 4.6183e+02 0.0000e+00
        307 190.777483    0.02125     1.2750     76.500      1.327  45750.755    28.8472     9.7913      1.314    6.59907     9.7074    22.1850   11.94238 4.2328e+02 0.0000e+00
        308 190.777486    0.02132     1.2792     76.750      1.428  45787.520    28.8682     9.7528      1.414    6.60379     9.6541    22.2074   11.94995 3.9842e+02 0.0000e+00
        309 190.777488    0.02139     1.2833     77.000      1.538  45832.828    28.8944     9.7076      1.524    6.60930     9.5941    22.2348   11.95878 3.8412e+02 0.0000e+00
        310 190.777491    0.02146     1.2875     77.250      1.657  45889.031    28.9272     9.6542      1.642    6.61572     9.5332    22.2686   11.96902 3.7347e+02 0.0000e+00
        311 190.777494    0.02153     1.2917     77.500      1.783  45955.611    28.9664     9.5943      1.766    6.62284     9.4787    22.3084   11.98035 3.5157e+02 0.0000e+00
        312 190.777497    0.02160     1.2958     77.750      1.917  46026.278    29.0082     9.5334      1.900    6.63001     9.4351    22.3504   11.99172 3.2218e+02 0.0000e+00
        313 190.777500    0.02167     1.3000     78.000      2.063  46091.313    29.0469     9.4789      2.044    6.63637     9.4017    22.3889   12.00180 2.9724e+02 0.0000e+00
        314 190.777503    0.02174     1.3042     78.250      2.220  46143.883    29.0781     9.4353      2.200    6.64146     9.3734    22.4200   12.00985 2.7243e+02 0.0000e+00
        315 190.777506    0.02181     1.3083     78.500      2.387  46185.123    29.1027     9.4019      2.365    6.64534     9.3431    22.4442   12.01599 2.4632e+02 0.0000e+00
        316 190.777509    0.02187     1.3125     78.750      2.562  46222.460    29.1252     9.3737      2.538    6.64855     9.3033    22.4661   12.02104 2.2416e+02 0.0000e+00
        317 190.777512    0.02194     1.3167     79.000      2.738  46265.587    29.1514     9.3434      2.713    6.65191     9.2500    22.4911   12.02628 2.0547e+02 0.0000e+00
        318 190.777514    0.02201     1.3208     79.250      2.913  46323.957    29.1870     9.3036      2.886    6.65628     9.1864    22.5249   12.03310 1.8952e+02 0.0000e+00
        319 190.777517    0.02208     1.3250     79.500      3.085  46402.151    29.2347     9.2503      3.057    6.66215     9.1211    22.5702   12.04225 1.7521e+02 0.0000e+00
        320 190.777520    0.02215     1.3292     79.750      3.258  46494.940    29.2912     9.1867      3.228    6.66918     9.0605    22.6238   12.05320 1.6212e+02 0.0000e+00
        321 190.777523    0.02222     1.3333     80.000      3.435  46590.599    29.3494     9.1214      3.404    6.67640     9.0062    22.6791   12.06445 1.5110e+02 0.0000e+00
        322 190.777526    0.02229     1.3375     80.250      3.619  46680.453    29.4041     9.0609      3.585    6.68307     8.9556    22.7309   12.07484 1.4148e+02 0.0000e+00
        323 190.777529    0.02236     1.3417     80.500      3.810  46763.249    29.4547     9.0066      3.775    6.68900     8.9047    22.7785   12.08405 1.3247e+02 0.0000e+00
        324 190.777532    0.02243     1.3458     80.750      4.010  46842.791    29.5034     8.9560      3.973    6.69447     8.8508    22.8240   12.09252 1.2409e+02 0.0000e+00
        325 190.777535    0.02250     1.3500     81.000      4.219  46924.595    29.5535     8.9051      4.180    6.69994     8.7919    22.8707   12.10097 1.1597e+02 0.0000e+00
        326 190.777538    0.02257     1.3542     81.250      4.437  47014.660    29.6089     8.8512      4.396    6.70563     8.7231    22.9220   12.10971 1.0755e+02 0.0000e+00
        327 190.777541    0.02264     1.3583     81.500      4.660  47120.529    29.6746     8.7923      4.617    6.71166     8.6377    22.9819   12.11889 9.9346e+01 0.0000e+00
        328 190.777543    0.02271     1.3625     81.750      4.886  47254.052    29.7580     8.7236      4.841    6.71842     8.5325    23.0573   12.12906 9.1893e+01 0.0000e+00
        329 190.777546    0.02278     1.3667     82.000      5.112  47427.389    29.8668     8.6382      5.065    6.72662     8.4124    23.1548   12.14129 8.4893e+01 0.0000e+00
        330 190.777549    0.02285     1.3708     82.250      5.338  47638.452    29.9990     8.5330      5.288    6.73682     8.2883    23.2734   12.15655 7.7888e+01 0.0000e+00
        331 190.777552    0.02292     1.3750     82.500      5.563  47867.845    30.1416     8.4130      5.511    6.74884     8.1719    23.4024   12.17469 7.1097e+01 0.0000e+00
        332 190.777555    0.02299     1.3792     82.750      5.789  48092.598    30.2802     8.2889      5.735    6.76170     8.0726    23.5287   12.19428 6.5048e+01 0.0000e+00
        333 190.777558    0.02306     1.3833     83.000      6.017  48294.389    30.4037     8.1725      5.961    6.77407     7.9943    23.6420   12.21324 5.9894e+01 0.0000e+00
        334 190.777561    0.02313     1.3875     83.250      6.249  48462.268    30.5059     8.0732      6.190    6.78480     7.9355    23.7361   12.22973 5.5453e+01 0.0000e+00
        335 190.777564    0.02319     1.3917     83.500      6.484  48594.361    30.5861     7.9949      6.423    6.79329     7.8925    23.8101   12.24280 5.1498e+01 0.0000e+00
        336 190.777567    0.02326     1.3958     83.750      6.721  48695.564    30.6477     7.9362      6.657    6.79961     7.8608    23.8666   12.25250 4.7934e+01 0.0000e+00
        337 190.777569    0.02333     1.4000     84.000      6.957  48773.730    30.6955     7.8931      6.892    6.80413     7.8367    23.9102   12.25938 4.4770e+01 0.0000e+00
        338 190.777572    0.02340     1.4042     84.250      7.192  48836.882    30.7346     7.8614      7.125    6.80729     7.8176    23.9453   12.26412 4.1971e+01 0.0000e+00
        339 190.777575    0.02347     1.4083     84.500      7.425  48892.687    30.7697     7.8374      7.355    6.80945     7.8017    23.9762   12.26726 3.9439e+01 0.0000e+00
        340 190.777578    0.02354     1.4125     84.750      7.656  48947.256    30.8047     7.8183      7.584    6.81085     7.7881    24.0063   12.26914 3.7062e+01 0.0000e+00
        341 190.777581    0.02361     1.4167     85.000      7.887  49005.174    30.8425     7.8024      7.813    6.81162     7.7760    24.0381   12.26995 3.4758e+01 0.0000e+00
        342 190.777584    0.02368     1.4208     85.250      8.119  49073.025    30.8876     7.7888      8.043    6.81172     7.7648    24.0754   12.26957 3.2494e+01 0.0000e+00
        343 190.777587    0.02375     1.4250     85.500      8.354  49159.891    30.9461     7.7767      8.276    6.81099     7.7550    24.1231   12.26763 3.0282e+01 0.0000e+00
        344 190.777590    0.02382     1.4292     85.750      8.592  49272.331    31.0227     7.7656      8.511    6.80931     7.7482    24.1847   12.26390 2.8165e+01 0.0000e+00
        345 190.777593    0.02389     1.4333     86.000      8.832  49398.673    31.1091     7.7558      8.750    6.80698     7.7456    24.2539   12.25898 2.6205e+01 0.0000e+00
        346 190.777595    0.02396     1.4375     86.250      9.075  49510.065    31.1856     7.7490      8.990    6.80464     7.7458    24.3149   12.25415 2.4454e+01 0.0000e+00
        347 190.777598    0.02403     1.4417     86.500      9.317  49589.552    31.2405     7.7464      9.230    6.80260     7.7457    24.3583   12.25010 2.2938e+01 0.0000e+00
        348 190.777601    0.02410     1.4458     86.750      9.556  49639.055    31.2750     7.7467      9.467    6.80103     7.7415    24.3853   12.24707 2.1647e+01 0.0000e+00
        349 190.777604    0.02417     1.4500     87.000      9.795  49666.634    31.2941     7.7465      9.704    6.80020     7.7299    24.4004   12.24547 2.0528e+01 0.0000e+00
        350 190.777607    0.02424     1.4542     87.250     10.041  49677.785    31.3011     7.7424      9.947    6.80053     7.7090    24.4065   12.24593 1.9519e+01 0.0000e+00
        351 190.777610    0.02431     1.4583     87.500     10.299  49683.602    31.3031     7.7308     10.202    6.80225     7.6815    24.4097   12.24874 1.8580e+01 0.0000e+00
        352 190.777613    0.02438     1.4625     87.750     10.566  49701.543    31.3121     7.7099     10.467    6.80508     7.6520    24.4197   12.25332 1.7703e+01 0.0000e+00
        353 190.777616    0.02444     1.4667     88.000     10.837  49732.843    31.3294     7.6825     10.736    6.80857     7.6237    24.4370   12.25888 1.6881e+01 0.0000e+00
        354 190.777619    0.02451     1.4708     88.250     11.109  49769.057    31.3498     7.6531     11.005    6.81224     7.5988    24.4570   12.26469 1.6095e+01 0.0000e+00
        355 190.777622    0.02458     1.4750     88.500     11.381  49807.114    31.3716     7.6248     11.274    6.81567     7.5788    24.4781   12.27009 1.5328e+01 0.0000e+00
        356 190.777624    0.02465     1.4792     88.750     11.653  49844.798    31.3937     7.5999     11.543    6.81856     7.5636    24.4989   12.27459 1.4576e+01 0.0000e+00
        357 190.777627    0.02472     1.4833     89.000     11.924  49880.067    31.4149     7.5799     11.812    6.82072     7.5522    24.5183   12.27791 1.3847e+01 0.0000e+00
        358 190.777630    0.02479     1.4875     89.250     12.194  49913.410    31.4356     7.5647     12.079    6.82216     7.5430    24.5366   12.28004 1.3150e+01 0.0000e+00
        359 190.777633    0.02486     1.4917     89.500     12.462  49947.458    31.4573     7.5533     12.345    6.82297     7.5347    24.5553   12.28110 1.2492e+01 0.0000e+00
        360 190.777636    0.02493     1.4958     89.750     12.732  49986.093    31.4826     7.5441     12.613    6.82327     7.5270    24.5764   12.28128 1.1864e+01 0.0000e+00
        361 190.777639    0.02500     1.5000     90.000     13.009  50031.195    31.5126     7.5359     12.887    6.82321     7.5199    24.6011   12.28081 1.1268e+01 0.0000e+00
