CTD-processing/allCTD/CNV--turbid/2013-04-20-cookinlet-tran3-cast115-s07.cnv
* Sea-Bird SBE19plus Data File:
* FileName = C:\Documents and Settings\kris.holderied.local\My Documents\2012-2013-CTD-DATA-new-files\2013-04-EVOSTC-CookInlet-Ocean\2013-04-CookInlet-Tran3-AnchorPt\2013-04-20-CookInlet-Tran3-cast115.hex
* Software Version 1.54
* Temperature SN =  5028
* Conductivity SN =  5028
* System UpLoad Time = Apr 20 2013 23:37:43
** Cook Inlet LTM Transect 3 (Anchor Pt) East to West
** Date:  2013-04-20
** Station:  3-07
** Start time (AKDT-24 hr):  2056
** Depth (m): 108
** Comment:Noticably colder an temp, wind 8 N
** Comment:
# nquan = 16
# nvalues = 1097                        
# units = specified
# name 0 = scan: Scan Count
# name 1 = timeJ: Julian Days
# name 2 = timeH: Time, Elapsed [hours]
# name 3 = timeM: Time, Elapsed [minutes]
# name 4 = timeS: Time, Elapsed [seconds]
# name 5 = prdM: Pressure, Strain Gauge [db]
# name 6 = specc: Specific Conductance [uS/cm]
# name 7 = sal00: Salinity, Practical [PSU]
# name 8 = tv290C: Temperature [ITS-90, deg C]
# name 9 = depSM: Depth [salt water, m], lat = 59.00
# name 10 = oxsolML/L: Oxygen Saturation, Garcia & Gordon [ml/l]
# name 11 = potemp090C: Potential Temperature [ITS-90, deg C]
# name 12 = sigma-é00: Density [sigma-theta, kg/m^3]
# name 13 = n2satML/L: Nitrogen Saturation [ml/l]
# name 14 = par: PAR/Irradiance, Biospherical/Licor
# name 15 = flag:  0.000e+00
# span 0 =          1,       1097       
# span 1 = 110.874618, 110.877789       
# span 2 =    0.00000,    0.07611       
# span 3 =     0.0000,     4.5667       
# span 4 =      0.000,    274.000       
# span 5 =      0.102,    103.864       
# span 6 =   2812.204,  51593.178       
# span 7 =     1.4014,    31.4394       
# span 8 =     1.6995,     2.4857       
# span 9 =      0.101,    102.867       
# span 10 =    7.70447,    9.56966      
# span 11 =     1.6991,     2.4804      
# span 12 =     1.0798,    25.0860      
# span 13 =   13.73711,   17.29361      
# span 14 = 3.7912e-02, 3.1381e+02      
# span 15 = 0.0000e+00, 0.0000e+00      
# interval = seconds: 0.25
# start_time = Apr 20 2013 20:59:27 [Instrument's time stamp, header]
# bad_flag = -9.990e-29
*END*
[from data line 904]
        905 110.877234    0.06278     3.7667    226.000     76.682  51539.024    31.3942     2.4029     75.951    7.72287     2.4015    25.0549   13.76806 3.7912e-02 0.0000e+00
        906 110.877237    0.06285     3.7708    226.250     76.829  51536.730    31.3930     2.4044     76.097    7.72263     2.4019    25.0539   13.76767 3.7912e-02 0.0000e+00
        907 110.877240    0.06292     3.7750    226.500     76.975  51534.822    31.3919     2.4054     76.242    7.72251     2.4019    25.0529   13.76748 3.7912e-02 0.0000e+00
        908 110.877242    0.06299     3.7792    226.750     77.120  51533.653    31.3912     2.4058     76.385    7.72247     2.4018    25.0523   13.76743 3.7912e-02 0.0000e+00
        909 110.877245    0.06306     3.7833    227.000     77.264  51533.029    31.3907     2.4059     76.528    7.72248     2.4016    25.0519   13.76745 3.7912e-02 0.0000e+00
        910 110.877248    0.06313     3.7875    227.250     77.407  51532.685    31.3904     2.4058     76.669    7.72251     2.4014    25.0517   13.76752 3.7912e-02 0.0000e+00
        911 110.877251    0.06319     3.7917    227.500     77.548  51532.852    31.3903     2.4056     76.809    7.72255     2.4013    25.0517   13.76758 3.7912e-02 0.0000e+00
        912 110.877254    0.06326     3.7958    227.750     77.688  51533.485    31.3906     2.4054     76.948    7.72258     2.4014    25.0519   13.76761 3.7912e-02 0.0000e+00
        913 110.877257    0.06333     3.8000    228.000     77.827  51534.179    31.3910     2.4053     77.085    7.72258     2.4015    25.0522   13.76761 3.7912e-02 0.0000e+00
        914 110.877260    0.06340     3.8042    228.250     77.964  51534.891    31.3914     2.4053     77.220    7.72255     2.4018    25.0526   13.76756 3.7912e-02 0.0000e+00
        915 110.877263    0.06347     3.8083    228.500     78.097  51536.146    31.3922     2.4055     77.353    7.72248     2.4027    25.0532   13.76743 3.7912e-02 0.0000e+00
        916 110.877266    0.06354     3.8125    228.750     78.228  51538.777    31.3940     2.4058     77.482    7.72231     2.4041    25.0546   13.76713 3.7912e-02 0.0000e+00
        917 110.877269    0.06361     3.8167    229.000     78.356  51542.512    31.3967     2.4066     77.609    7.72201     2.4061    25.0567   13.76660 3.7912e-02 0.0000e+00
        918 110.877271    0.06368     3.8208    229.250     78.482  51545.402    31.3990     2.4081     77.733    7.72160     2.4082    25.0584   13.76590 3.7912e-02 0.0000e+00
        919 110.877274    0.06375     3.8250    229.500     78.606  51546.404    31.4001     2.4101     77.856    7.72116     2.4101    25.0592   13.76515 3.7912e-02 0.0000e+00
        920 110.877277    0.06382     3.8292    229.750     78.729  51546.242    31.4005     2.4121     77.978    7.72073     2.4117    25.0593   13.76445 3.7912e-02 0.0000e+00
        921 110.877280    0.06389     3.8333    230.000     78.852  51545.537    31.4005     2.4140     78.100    7.72037     2.4129    25.0592   13.76384 3.7912e-02 0.0000e+00
        922 110.877283    0.06396     3.8375    230.250     78.977  51544.556    31.4002     2.4156     78.223    7.72007     2.4138    25.0589   13.76336 3.7912e-02 0.0000e+00
        923 110.877286    0.06403     3.8417    230.500     79.105  51543.804    31.4000     2.4169     78.351    7.71985     2.4146    25.0586   13.76299 3.7912e-02 0.0000e+00
        924 110.877289    0.06410     3.8458    230.750     79.238  51543.712    31.4001     2.4178     78.482    7.71966     2.4154    25.0586   13.76267 3.7912e-02 0.0000e+00
        925 110.877292    0.06417     3.8500    231.000     79.376  51544.197    31.4006     2.4186     78.619    7.71948     2.4162    25.0589   13.76237 3.7912e-02 0.0000e+00
        926 110.877295    0.06424     3.8542    231.250     79.520  51545.169    31.4014     2.4193     78.762    7.71929     2.4173    25.0595   13.76205 3.7912e-02 0.0000e+00
        927 110.877297    0.06431     3.8583    231.500     79.668  51547.003    31.4028     2.4202     78.908    7.71905     2.4188    25.0605   13.76164 3.7912e-02 0.0000e+00
        928 110.877300    0.06438     3.8625    231.750     79.819  51550.140    31.4051     2.4213     79.058    7.71872     2.4210    25.0623   13.76105 3.7912e-02 0.0000e+00
        929 110.877303    0.06444     3.8667    232.000     79.972  51554.271    31.4083     2.4228     79.209    7.71825     2.4236    25.0647   13.76024 3.7912e-02 0.0000e+00
        930 110.877306    0.06451     3.8708    232.250     80.124  51557.612    31.4111     2.4250     79.360    7.71768     2.4262    25.0668   13.75926 3.7912e-02 0.0000e+00
        931 110.877309    0.06458     3.8750    232.500     80.276  51558.414    31.4123     2.4277     79.510    7.71710     2.4283    25.0675   13.75830 3.7912e-02 0.0000e+00
        932 110.877312    0.06465     3.8792    232.750     80.426  51556.877    31.4119     2.4303     79.659    7.71662     2.4297    25.0670   13.75750 3.7912e-02 0.0000e+00
        933 110.877315    0.06472     3.8833    233.000     80.575  51554.518    31.4108     2.4324     79.806    7.71627     2.4305    25.0660   13.75694 3.7912e-02 0.0000e+00
        934 110.877318    0.06479     3.8875    233.250     80.721  51552.965    31.4101     2.4338     79.951    7.71604     2.4312    25.0653   13.75657 3.7912e-02 0.0000e+00
        935 110.877321    0.06486     3.8917    233.500     80.865  51552.953    31.4102     2.4346     80.093    7.71586     2.4319    25.0654   13.75628 3.7912e-02 0.0000e+00
        936 110.877323    0.06493     3.8958    233.750     81.005  51554.048    31.4111     2.4353     80.232    7.71569     2.4328    25.0660   13.75598 3.7912e-02 0.0000e+00
        937 110.877326    0.06500     3.9000    234.000     81.142  51555.466    31.4122     2.4360     80.367    7.71549     2.4338    25.0668   13.75563 3.7912e-02 0.0000e+00
        938 110.877329    0.06507     3.9042    234.250     81.275  51556.410    31.4130     2.4369     80.499    7.71526     2.4348    25.0674   13.75525 3.7912e-02 0.0000e+00
        939 110.877332    0.06514     3.9083    234.500     81.404  51556.451    31.4132     2.4380     80.627    7.71505     2.4355    25.0675   13.75490 3.7912e-02 0.0000e+00
        940 110.877335    0.06521     3.9125    234.750     81.531  51555.826    31.4130     2.4389     80.753    7.71489     2.4360    25.0673   13.75463 3.7912e-02 0.0000e+00
        941 110.877338    0.06528     3.9167    235.000     81.656  51554.942    31.4125     2.4396     80.877    7.71477     2.4362    25.0669   13.75444 3.7912e-02 0.0000e+00
        942 110.877341    0.06535     3.9208    235.250     81.780  51554.386    31.4122     2.4401     81.000    7.71469     2.4365    25.0666   13.75432 3.7912e-02 0.0000e+00
        943 110.877344    0.06542     3.9250    235.500     81.904  51554.633    31.4124     2.4404     81.122    7.71463     2.4368    25.0667   13.75422 3.7912e-02 0.0000e+00
        944 110.877347    0.06549     3.9292    235.750     82.027  51555.282    31.4128     2.4406     81.244    7.71456     2.4371    25.0670   13.75410 3.7912e-02 0.0000e+00
        945 110.877350    0.06556     3.9333    236.000     82.150  51555.717    31.4131     2.4409     81.366    7.71448     2.4374    25.0672   13.75397 3.7912e-02 0.0000e+00
        946 110.877352    0.06563     3.9375    236.250     82.275  51555.836    31.4132     2.4413     81.490    7.71441     2.4377    25.0673   13.75384 3.7912e-02 0.0000e+00
        947 110.877355    0.06569     3.9417    236.500     82.403  51555.749    31.4132     2.4416     81.617    7.71435     2.4378    25.0673   13.75374 3.7912e-02 0.0000e+00
        948 110.877358    0.06576     3.9458    236.750     82.536  51555.494    31.4130     2.4418     81.748    7.71431     2.4378    25.0671   13.75368 3.7912e-02 0.0000e+00
        949 110.877361    0.06583     3.9500    237.000     82.673  51555.251    31.4129     2.4420     81.883    7.71430     2.4379    25.0669   13.75366 3.7912e-02 0.0000e+00
        950 110.877364    0.06590     3.9542    237.250     82.815  51555.279    31.4128     2.4420     82.024    7.71428     2.4379    25.0669   13.75364 3.7912e-02 0.0000e+00
        951 110.877367    0.06597     3.9583    237.500     82.962  51555.379    31.4128     2.4421     82.170    7.71428     2.4378    25.0669   13.75363 3.7912e-02 0.0000e+00
        952 110.877370    0.06604     3.9625    237.750     83.113  51555.234    31.4127     2.4421     82.320    7.71428     2.4377    25.0667   13.75364 3.7912e-02 0.0000e+00
        953 110.877373    0.06611     3.9667    238.000     83.269  51554.937    31.4124     2.4421     82.473    7.71430     2.4376    25.0665   13.75367 3.7912e-02 0.0000e+00
        954 110.877376    0.06618     3.9708    238.250     83.426  51554.721    31.4121     2.4420     82.629    7.71433     2.4375    25.0663   13.75373 3.7912e-02 0.0000e+00
        955 110.877378    0.06625     3.9750    238.500     83.584  51554.820    31.4120     2.4418     82.786    7.71437     2.4374    25.0663   13.75379 3.7912e-02 0.0000e+00
        956 110.877381    0.06632     3.9792    238.750     83.742  51555.398    31.4123     2.4417     82.943    7.71438     2.4375    25.0665   13.75381 3.7912e-02 0.0000e+00
        957 110.877384    0.06639     3.9833    239.000     83.899  51556.253    31.4128     2.4416     83.098    7.71437     2.4377    25.0669   13.75377 3.7912e-02 0.0000e+00
        958 110.877387    0.06646     3.9875    239.250     84.053  51557.018    31.4132     2.4417     83.250    7.71432     2.4380    25.0673   13.75370 3.7912e-02 0.0000e+00
        959 110.877390    0.06653     3.9917    239.500     84.202  51557.589    31.4136     2.4419     83.398    7.71426     2.4383    25.0676   13.75359 3.7912e-02 0.0000e+00
        960 110.877393    0.06660     3.9958    239.750     84.347  51557.971    31.4139     2.4422     83.541    7.71419     2.4386    25.0677   13.75347 3.7912e-02 0.0000e+00
        961 110.877396    0.06667     4.0000    240.000     84.486  51558.109    31.4140     2.4426     83.679    7.71412     2.4388    25.0678   13.75335 3.7912e-02 0.0000e+00
        962 110.877399    0.06674     4.0042    240.250     84.619  51558.068    31.4140     2.4429     83.811    7.71406     2.4390    25.0678   13.75326 3.7912e-02 0.0000e+00
        963 110.877402    0.06681     4.0083    240.500     84.746  51558.004    31.4139     2.4431     83.937    7.71402     2.4392    25.0677   13.75318 3.7912e-02 0.0000e+00
        964 110.877405    0.06688     4.0125    240.750     84.869  51558.005    31.4139     2.4433     84.058    7.71398     2.4394    25.0677   13.75312 3.7912e-02 0.0000e+00
        965 110.877407    0.06694     4.0167    241.000     84.988  51558.091    31.4140     2.4435     84.176    7.71395     2.4395    25.0677   13.75306 3.7912e-02 0.0000e+00
        966 110.877410    0.06701     4.0208    241.250     85.105  51558.374    31.4141     2.4436     84.292    7.71391     2.4397    25.0679   13.75300 3.7912e-02 0.0000e+00
        967 110.877413    0.06708     4.0250    241.500     85.222  51558.958    31.4145     2.4438     84.408    7.71386     2.4400    25.0682   13.75292 3.7912e-02 0.0000e+00
        968 110.877416    0.06715     4.0292    241.750     85.340  51559.622    31.4149     2.4440     84.525    7.71379     2.4403    25.0685   13.75280 3.7912e-02 0.0000e+00
        969 110.877419    0.06722     4.0333    242.000     85.460  51560.118    31.4153     2.4443     84.644    7.71371     2.4407    25.0688   13.75266 3.7912e-02 0.0000e+00
        970 110.877422    0.06729     4.0375    242.250     85.583  51560.598    31.4157     2.4447     84.765    7.71362     2.4411    25.0690   13.75251 3.7912e-02 0.0000e+00
        971 110.877425    0.06736     4.0417    242.500     85.709  51561.119    31.4161     2.4451     84.890    7.71352     2.4415    25.0693   13.75234 3.7912e-02 0.0000e+00
        972 110.877428    0.06743     4.0458    242.750     85.837  51561.379    31.4163     2.4455     85.017    7.71343     2.4418    25.0694   13.75219 3.7912e-02 0.0000e+00
        973 110.877431    0.06750     4.0500    243.000     85.968  51561.199    31.4162     2.4459     85.146    7.71335     2.4420    25.0693   13.75206 3.7912e-02 0.0000e+00
        974 110.877433    0.06757     4.0542    243.250     86.100  51560.545    31.4158     2.4462     85.277    7.71331     2.4419    25.0690   13.75200 3.7912e-02 0.0000e+00
        975 110.877436    0.06764     4.0583    243.500     86.233  51559.645    31.4151     2.4464     85.409    7.71332     2.4418    25.0685   13.75202 3.7912e-02 0.0000e+00
        976 110.877439    0.06771     4.0625    243.750     86.366  51558.998    31.4146     2.4463     85.541    7.71335     2.4415    25.0681   13.75208 3.7912e-02 0.0000e+00
        977 110.877442    0.06778     4.0667    244.000     86.499  51558.750    31.4143     2.4462     85.672    7.71340     2.4413    25.0679   13.75216 3.7912e-02 0.0000e+00
        978 110.877445    0.06785     4.0708    244.250     86.630  51558.656    31.4141     2.4459     85.803    7.71346     2.4410    25.0677   13.75226 3.7912e-02 0.0000e+00
        979 110.877448    0.06792     4.0750    244.500     86.760  51558.357    31.4138     2.4457     85.931    7.71352     2.4406    25.0675   13.75237 3.7912e-02 0.0000e+00
        980 110.877451    0.06799     4.0792    244.750     86.888  51557.643    31.4132     2.4454     86.058    7.71361     2.4400    25.0670   13.75253 3.7912e-02 0.0000e+00
        981 110.877454    0.06806     4.0833    245.000     87.014  51556.682    31.4124     2.4450     86.182    7.71374     2.4393    25.0664   13.75274 3.7912e-02 0.0000e+00
        982 110.877457    0.06813     4.0875    245.250     87.137  51555.883    31.4116     2.4444     86.305    7.71390     2.4386    25.0658   13.75301 3.7912e-02 0.0000e+00
        983 110.877459    0.06819     4.0917    245.500     87.259  51555.910    31.4114     2.4437     86.426    7.71404     2.4382    25.0657   13.75326 3.7912e-02 0.0000e+00
        984 110.877462    0.06826     4.0958    245.750     87.380  51557.519    31.4122     2.4430     86.545    7.71413     2.4385    25.0664   13.75338 3.7912e-02 0.0000e+00
        985 110.877465    0.06833     4.1000    246.000     87.498  51560.669    31.4142     2.4427     86.662    7.71409     2.4393    25.0680   13.75330 3.7912e-02 0.0000e+00
        986 110.877468    0.06840     4.1042    246.250     87.615  51564.194    31.4165     2.4429     86.778    7.71392     2.4406    25.0698   13.75299 3.7912e-02 0.0000e+00
        987 110.877471    0.06847     4.1083    246.500     87.732  51566.500    31.4183     2.4438     86.894    7.71366     2.4418    25.0712   13.75254 3.7912e-02 0.0000e+00
        988 110.877474    0.06854     4.1125    246.750     87.849  51566.646    31.4187     2.4451     87.010    7.71340     2.4425    25.0714   13.75210 3.7912e-02 0.0000e+00
        989 110.877477    0.06861     4.1167    247.000     87.967  51565.034    31.4178     2.4462     87.126    7.71321     2.4427    25.0706   13.75181 3.7912e-02 0.0000e+00
        990 110.877480    0.06868     4.1208    247.250     88.087  51562.571    31.4163     2.4470     87.245    7.71314     2.4424    25.0694   13.75172 3.7912e-02 0.0000e+00
        991 110.877483    0.06875     4.1250    247.500     88.211  51560.010    31.4146     2.4472     87.367    7.71319     2.4418    25.0680   13.75182 3.7912e-02 0.0000e+00
        992 110.877486    0.06882     4.1292    247.750     88.338  51558.394    31.4133     2.4469     87.493    7.71331     2.4412    25.0670   13.75203 3.7912e-02 0.0000e+00
        993 110.877488    0.06889     4.1333    248.000     88.470  51558.590    31.4132     2.4463     87.624    7.71343     2.4410    25.0670   13.75224 3.7912e-02 0.0000e+00
        994 110.877491    0.06896     4.1375    248.250     88.606  51560.366    31.4142     2.4457     87.758    7.71349     2.4413    25.0678   13.75232 3.7912e-02 0.0000e+00
