CTD-processing/allCTD/CNV--turbid/2013-04-19-cookinlet-tran6-cast078-s04.cnv
* Sea-Bird SBE19plus Data File:
* FileName = C:\Documents and Settings\kris.holderied.local\My Documents\2012-2013-CTD-DATA-new-files\2013-04-EVOSTC-CookInlet-Ocean\2013-04-19-CookInlet-Tran6-Douglas\2013-04-19-CookInlet-Tran6-cast078.hex
* Software Version 1.54
* Temperature SN =  5028
* Conductivity SN =  5028
* System UpLoad Time = Apr 19 2013 22:46:15
** Cook Inlet LTM Transect 6 (Douglas line) West to East
** Date:  2013-04-19
** Station:  6-04
** Start time (AKDT-24 hr):  2011
** Depth (m): 108
** Comment:  CTD time set wrong
** Comment:	Perfect cast. Check Depth of CTD against Fathometer
# nquan = 16
# nvalues = 829                         
# units = specified
# name 0 = scan: Scan Count
# name 1 = timeJ: Julian Days
# name 2 = timeH: Time, Elapsed [hours]
# name 3 = timeM: Time, Elapsed [minutes]
# name 4 = timeS: Time, Elapsed [seconds]
# name 5 = prdM: Pressure, Strain Gauge [db]
# name 6 = specc: Specific Conductance [uS/cm]
# name 7 = sal00: Salinity, Practical [PSU]
# name 8 = tv290C: Temperature [ITS-90, deg C]
# name 9 = depSM: Depth [salt water, m], lat = 59.00
# name 10 = oxsolML/L: Oxygen Saturation, Garcia & Gordon [ml/l]
# name 11 = potemp090C: Potential Temperature [ITS-90, deg C]
# name 12 = sigma-é00: Density [sigma-theta, kg/m^3]
# name 13 = n2satML/L: Nitrogen Saturation [ml/l]
# name 14 = par: PAR/Irradiance, Biospherical/Licor
# name 15 = flag:  0.000e+00
# span 0 =          1,        829       
# span 1 = 109.842106, 109.844502       
# span 2 =    0.00000,    0.05750       
# span 3 =     0.0000,     3.4500       
# span 4 =      0.000,    207.000       
# span 5 =      0.079,    107.617       
# span 6 =     77.653,  52163.344       
# span 7 =     0.0345,    32.3652       
# span 8 =     4.1262,     5.2402       
# span 9 =      0.078,    106.583       
# span 10 =    7.29371,    8.92088      
# span 11 =     4.1233,     5.2402      
# span 12 =    -0.0065,    25.6528      
# span 13 =   13.04987,   16.22914      
# span 14 = 3.7912e-02, 9.1559e+01      
# span 15 = 0.0000e+00, 0.0000e+00      
# interval = seconds: 0.25
# start_time = Apr 19 2013 20:12:38 [Instrument's time stamp, header]
# bad_flag = -9.990e-29
*END*
[from data line 362]
        363 109.843154    0.02514     1.5083     90.500      8.656  51576.746    31.9247     4.2298      8.575    7.35558     4.2260    25.3180   13.15506 1.6310e+01 0.0000e+00
        364 109.843157    0.02521     1.5125     90.750      8.759  51578.040    31.9251     4.2281      8.677    7.35584     4.2243    25.3186   13.15549 1.6286e+01 0.0000e+00
        365 109.843160    0.02528     1.5167     91.000      8.864  51578.701    31.9252     4.2266      8.781    7.35611     4.2223    25.3187   13.15593 1.6059e+01 0.0000e+00
        366 109.843163    0.02535     1.5208     91.250      8.971  51579.272    31.9251     4.2249      8.887    7.35642     4.2202    25.3188   13.15644 1.5692e+01 0.0000e+00
        367 109.843166    0.02542     1.5250     91.500      9.082  51580.490    31.9254     4.2229      8.997    7.35676     4.2181    25.3193   13.15699 1.5280e+01 0.0000e+00
        368 109.843168    0.02549     1.5292     91.750      9.199  51582.176    31.9260     4.2208      9.113    7.35711     4.2160    25.3200   13.15757 1.4884e+01 0.0000e+00
        369 109.843171    0.02556     1.5333     92.000      9.322  51583.693    31.9265     4.2187      9.235    7.35746     4.2139    25.3206   13.15815 1.4535e+01 0.0000e+00
        370 109.843174    0.02562     1.5375     92.250      9.453  51584.953    31.9268     4.2166      9.364    7.35782     4.2117    25.3210   13.15873 1.4273e+01 0.0000e+00
        371 109.843177    0.02569     1.5417     92.500      9.589  51586.127    31.9270     4.2145      9.499    7.35819     4.2095    25.3214   13.15933 1.4093e+01 0.0000e+00
        372 109.843180    0.02576     1.5458     92.750      9.729  51587.375    31.9273     4.2123      9.638    7.35856     4.2072    25.3218   13.15995 1.3972e+01 0.0000e+00
        373 109.843183    0.02583     1.5500     93.000      9.869  51588.905    31.9277     4.2101      9.776    7.35894     4.2051    25.3224   13.16057 1.3924e+01 0.0000e+00
        374 109.843186    0.02590     1.5542     93.250     10.005  51590.806    31.9284     4.2078      9.912    7.35930     4.2033    25.3232   13.16115 1.3932e+01 0.0000e+00
        375 109.843189    0.02597     1.5583     93.500     10.136  51592.878    31.9293     4.2058     10.041    7.35963     4.2017    25.3241   13.16168 1.3908e+01 0.0000e+00
        376 109.843192    0.02604     1.5625     93.750     10.259  51594.961    31.9302     4.2039     10.163    7.35992     4.2005    25.3250   13.16214 1.3774e+01 0.0000e+00
        377 109.843194    0.02611     1.5667     94.000     10.374  51596.952    31.9311     4.2023     10.277    7.36015     4.1996    25.3259   13.16251 1.3535e+01 0.0000e+00
        378 109.843197    0.02618     1.5708     94.250     10.483  51598.632    31.9320     4.2011     10.385    7.36033     4.1990    25.3267   13.16280 1.3244e+01 0.0000e+00
        379 109.843200    0.02625     1.5750     94.500     10.587  51599.842    31.9325     4.2003     10.488    7.36045     4.1985    25.3272   13.16300 1.2945e+01 0.0000e+00
        380 109.843203    0.02632     1.5792     94.750     10.690  51600.618    31.9329     4.1997     10.590    7.36054     4.1982    25.3275   13.16314 1.2682e+01 0.0000e+00
        381 109.843206    0.02639     1.5833     95.000     10.797  51601.160    31.9331     4.1992     10.696    7.36061     4.1979    25.3277   13.16325 1.2491e+01 0.0000e+00
        382 109.843209    0.02646     1.5875     95.250     10.911  51601.604    31.9333     4.1989     10.808    7.36066     4.1977    25.3279   13.16333 1.2374e+01 0.0000e+00
        383 109.843212    0.02653     1.5917     95.500     11.033  51601.963    31.9334     4.1986     10.930    7.36070     4.1975    25.3280   13.16340 1.2291e+01 0.0000e+00
        384 109.843215    0.02660     1.5958     95.750     11.165  51602.248    31.9334     4.1984     11.061    7.36074     4.1973    25.3281   13.16345 1.2184e+01 0.0000e+00
        385 109.843218    0.02667     1.6000     96.000     11.305  51602.461    31.9335     4.1982     11.199    7.36077     4.1969    25.3281   13.16351 1.2013e+01 0.0000e+00
        386 109.843220    0.02674     1.6042     96.250     11.450  51602.635    31.9335     4.1980     11.342    7.36082     4.1963    25.3281   13.16358 1.1789e+01 0.0000e+00
        387 109.843223    0.02681     1.6083     96.500     11.596  51602.861    31.9335     4.1976     11.488    7.36089     4.1955    25.3282   13.16370 1.1546e+01 0.0000e+00
        388 109.843226    0.02688     1.6125     96.750     11.744  51603.342    31.9336     4.1970     11.634    7.36099     4.1948    25.3283   13.16387 1.1301e+01 0.0000e+00
        389 109.843229    0.02694     1.6167     97.000     11.894  51604.205    31.9339     4.1963     11.783    7.36110     4.1941    25.3287   13.16405 1.1042e+01 0.0000e+00
        390 109.843232    0.02701     1.6208     97.250     12.047  51605.146    31.9343     4.1955     11.935    7.36121     4.1935    25.3291   13.16423 1.0751e+01 0.0000e+00
        391 109.843235    0.02708     1.6250     97.500     12.203  51605.890    31.9346     4.1949     12.089    7.36132     4.1929    25.3294   13.16440 1.0449e+01 0.0000e+00
        392 109.843238    0.02715     1.6292     97.750     12.355  51606.544    31.9348     4.1943     12.240    7.36141     4.1923    25.3296   13.16455 1.0187e+01 0.0000e+00
        393 109.843241    0.02722     1.6333     98.000     12.503  51607.183    31.9350     4.1937     12.386    7.36150     4.1918    25.3299   13.16470 9.9785e+00 0.0000e+00
        394 109.843244    0.02729     1.6375     98.250     12.651  51607.770    31.9352     4.1932     12.532    7.36158     4.1913    25.3301   13.16483 9.8165e+00 0.0000e+00
        395 109.843247    0.02736     1.6417     98.500     12.799  51608.303    31.9354     4.1927     12.679    7.36166     4.1908    25.3302   13.16496 9.6889e+00 0.0000e+00
        396 109.843249    0.02743     1.6458     98.750     12.947  51608.777    31.9355     4.1922     12.826    7.36174     4.1902    25.3304   13.16509 9.5760e+00 0.0000e+00
        397 109.843252    0.02750     1.6500     99.000     13.094  51609.247    31.9357     4.1917     12.972    7.36183     4.1897    25.3305   13.16523 9.4621e+00 0.0000e+00
        398 109.843255    0.02757     1.6542     99.250     13.240  51609.832    31.9359     4.1911     13.116    7.36192     4.1892    25.3308   13.16538 9.3392e+00 0.0000e+00
        399 109.843258    0.02764     1.6583     99.500     13.384  51610.506    31.9361     4.1906     13.258    7.36201     4.1889    25.3310   13.16551 9.1978e+00 0.0000e+00
        400 109.843261    0.02771     1.6625     99.750     13.528  51611.139    31.9364     4.1901     13.401    7.36207     4.1886    25.3313   13.16562 9.0282e+00 0.0000e+00
        401 109.843264    0.02778     1.6667    100.000     13.675  51611.697    31.9366     4.1898     13.546    7.36212     4.1884    25.3315   13.16570 8.8293e+00 0.0000e+00
        402 109.843267    0.02785     1.6708    100.250     13.828  51612.192    31.9368     4.1895     13.698    7.36216     4.1883    25.3317   13.16576 8.6114e+00 0.0000e+00
        403 109.843270    0.02792     1.6750    100.500     13.988  51612.587    31.9370     4.1893     13.856    7.36218     4.1882    25.3318   13.16580 8.3850e+00 0.0000e+00
        404 109.843273    0.02799     1.6792    100.750     14.156  51612.796    31.9370     4.1892     14.023    7.36220     4.1880    25.3318   13.16583 8.1542e+00 0.0000e+00
        405 109.843275    0.02806     1.6833    101.000     14.333  51612.810    31.9369     4.1891     14.199    7.36223     4.1878    25.3317   13.16587 7.9210e+00 0.0000e+00
        406 109.843278    0.02813     1.6875    101.250     14.519  51612.719    31.9367     4.1890     14.383    7.36226     4.1875    25.3316   13.16593 7.6879e+00 0.0000e+00
        407 109.843281    0.02819     1.6917    101.500     14.710  51612.535    31.9364     4.1888     14.572    7.36232     4.1870    25.3314   13.16602 7.4575e+00 0.0000e+00
        408 109.843284    0.02826     1.6958    101.750     14.901  51612.190    31.9360     4.1885     14.761    7.36239     4.1863    25.3311   13.16615 7.2358e+00 0.0000e+00
        409 109.843287    0.02833     1.7000    102.000     15.089  51611.772    31.9355     4.1880     14.947    7.36250     4.1855    25.3308   13.16634 7.0313e+00 0.0000e+00
        410 109.843290    0.02840     1.7042    102.250     15.268  51611.722    31.9352     4.1873     15.125    7.36263     4.1847    25.3306   13.16656 6.8491e+00 0.0000e+00
        411 109.843293    0.02847     1.7083    102.500     15.438  51612.307    31.9353     4.1865     15.293    7.36277     4.1841    25.3308   13.16679 6.6883e+00 0.0000e+00
        412 109.843296    0.02854     1.7125    102.750     15.596  51613.049    31.9356     4.1857     15.450    7.36290     4.1834    25.3311   13.16699 6.5436e+00 0.0000e+00
        413 109.843299    0.02861     1.7167    103.000     15.746  51613.346    31.9355     4.1851     15.599    7.36301     4.1827    25.3311   13.16718 6.4102e+00 0.0000e+00
        414 109.843302    0.02868     1.7208    103.250     15.888  51613.085    31.9351     4.1845     15.739    7.36314     4.1817    25.3309   13.16740 6.2846e+00 0.0000e+00
        415 109.843304    0.02875     1.7250    103.500     16.025  51612.802    31.9347     4.1837     15.875    7.36329     4.1808    25.3306   13.16767 6.1632e+00 0.0000e+00
        416 109.843307    0.02882     1.7292    103.750     16.161  51613.256    31.9347     4.1828     16.010    7.36346     4.1800    25.3307   13.16794 6.0430e+00 0.0000e+00
        417 109.843310    0.02889     1.7333    104.000     16.302  51614.555    31.9353     4.1819     16.149    7.36360     4.1797    25.3313   13.16817 5.9212e+00 0.0000e+00
        418 109.843313    0.02896     1.7375    104.250     16.449  51616.175    31.9362     4.1811     16.295    7.36369     4.1798    25.3320   13.16831 5.7950e+00 0.0000e+00
        419 109.843316    0.02903     1.7417    104.500     16.604  51617.590    31.9370     4.1808     16.448    7.36371     4.1801    25.3327   13.16833 5.6634e+00 0.0000e+00
        420 109.843319    0.02910     1.7458    104.750     16.767  51618.507    31.9376     4.1809     16.610    7.36367     4.1805    25.3332   13.16825 5.5256e+00 0.0000e+00
        421 109.843322    0.02917     1.7500    105.000     16.938  51618.715    31.9377     4.1812     16.779    7.36360     4.1809    25.3332   13.16813 5.3814e+00 0.0000e+00
        422 109.843325    0.02924     1.7542    105.250     17.116  51618.253    31.9374     4.1816     16.955    7.36354     4.1809    25.3329   13.16802 5.2326e+00 0.0000e+00
        423 109.843328    0.02931     1.7583    105.500     17.298  51617.404    31.9368     4.1820     17.135    7.36351     4.1807    25.3324   13.16798 5.0832e+00 0.0000e+00
        424 109.843330    0.02937     1.7625    105.750     17.483  51616.453    31.9361     4.1821     17.319    7.36353     4.1802    25.3319   13.16802 4.9381e+00 0.0000e+00
        425 109.843333    0.02944     1.7667    106.000     17.669  51615.825    31.9355     4.1818     17.503    7.36360     4.1796    25.3314   13.16814 4.8011e+00 0.0000e+00
        426 109.843336    0.02951     1.7708    106.250     17.855  51615.775    31.9353     4.1814     17.687    7.36370     4.1790    25.3313   13.16831 4.6740e+00 0.0000e+00
        427 109.843339    0.02958     1.7750    106.500     18.042  51616.143    31.9353     4.1808     17.872    7.36380     4.1784    25.3314   13.16849 4.5564e+00 0.0000e+00
        428 109.843342    0.02965     1.7792    106.750     18.227  51616.767    31.9355     4.1802     18.056    7.36390     4.1781    25.3316   13.16865 4.4452e+00 0.0000e+00
        429 109.843345    0.02972     1.7833    107.000     18.410  51617.579    31.9358     4.1796     18.238    7.36398     4.1779    25.3319   13.16878 4.3373e+00 0.0000e+00
        430 109.843348    0.02979     1.7875    107.250     18.591  51618.501    31.9363     4.1793     18.417    7.36403     4.1780    25.3323   13.16884 4.2305e+00 0.0000e+00
        431 109.843351    0.02986     1.7917    107.500     18.769  51619.371    31.9367     4.1791     18.592    7.36403     4.1782    25.3327   13.16884 4.1241e+00 0.0000e+00
        432 109.843354    0.02993     1.7958    107.750     18.942  51619.905    31.9370     4.1792     18.764    7.36401     4.1784    25.3329   13.16879 4.0186e+00 0.0000e+00
        433 109.843356    0.03000     1.8000    108.000     19.109  51619.964    31.9370     4.1794     18.930    7.36397     4.1785    25.3329   13.16873 3.9164e+00 0.0000e+00
        434 109.843359    0.03007     1.8042    108.250     19.269  51619.737    31.9368     4.1796     19.088    7.36394     4.1784    25.3327   13.16869 3.8203e+00 0.0000e+00
        435 109.843362    0.03014     1.8083    108.500     19.420  51619.486    31.9366     4.1797     19.237    7.36393     4.1783    25.3325   13.16868 3.7334e+00 0.0000e+00
        436 109.843365    0.03021     1.8125    108.750     19.559  51619.341    31.9364     4.1797     19.375    7.36394     4.1782    25.3324   13.16870 3.6571e+00 0.0000e+00
        437 109.843368    0.03028     1.8167    109.000     19.687  51619.387    31.9364     4.1796     19.502    7.36396     4.1780    25.3324   13.16873 3.5904e+00 0.0000e+00
        438 109.843371    0.03035     1.8208    109.250     19.806  51619.638    31.9365     4.1795     19.620    7.36398     4.1780    25.3324   13.16877 3.5307e+00 0.0000e+00
        439 109.843374    0.03042     1.8250    109.500     19.921  51619.990    31.9366     4.1793     19.733    7.36400     4.1780    25.3326   13.16879 3.4751e+00 0.0000e+00
        440 109.843377    0.03049     1.8292    109.750     20.035  51620.317    31.9368     4.1793     19.847    7.36400     4.1780    25.3327   13.16880 3.4200e+00 0.0000e+00
        441 109.843380    0.03056     1.8333    110.000     20.156  51620.576    31.9369     4.1793     19.967    7.36400     4.1781    25.3328   13.16878 3.3619e+00 0.0000e+00
        442 109.843383    0.03062     1.8375    110.250     20.289  51620.785    31.9369     4.1793     20.098    7.36398     4.1782    25.3328   13.16876 3.2976e+00 0.0000e+00
        443 109.843385    0.03069     1.8417    110.500     20.438  51620.959    31.9370     4.1794     20.246    7.36396     4.1783    25.3329   13.16872 3.2249e+00 0.0000e+00
        444 109.843388    0.03076     1.8458    110.750     20.604  51621.130    31.9371     4.1796     20.411    7.36393     4.1785    25.3329   13.16868 3.1436e+00 0.0000e+00
        445 109.843391    0.03083     1.8500    111.000     20.788  51621.304    31.9372     4.1797     20.592    7.36390     4.1786    25.3330   13.16863 3.0546e+00 0.0000e+00
        446 109.843394    0.03090     1.8542    111.250     20.986  51621.394    31.9372     4.1799     20.789    7.36388     4.1787    25.3330   13.16859 2.9598e+00 0.0000e+00
        447 109.843397    0.03097     1.8583    111.500     21.195  51621.332    31.9370     4.1800     20.996    7.36386     4.1786    25.3329   13.16856 2.8624e+00 0.0000e+00
        448 109.843400    0.03104     1.8625    111.750     21.411  51621.162    31.9368     4.1801     21.209    7.36386     4.1785    25.3327   13.16856 2.7665e+00 0.0000e+00
        449 109.843403    0.03111     1.8667    112.000     21.629  51620.908    31.9365     4.1800     21.426    7.36387     4.1782    25.3324   13.16859 2.6749e+00 0.0000e+00
        450 109.843406    0.03118     1.8708    112.250     21.846  51620.483    31.9361     4.1799     21.640    7.36391     4.1777    25.3321   13.16866 2.5892e+00 0.0000e+00
        451 109.843409    0.03125     1.8750    112.500     22.058  51619.766    31.9354     4.1796     21.850    7.36400     4.1767    25.3316   13.16881 2.5099e+00 0.0000e+00
