CTD-processing/allCTD/CNV--turbid/2013_07-19_t3_s03_cast026.cnv
* Sea-Bird SBE19plus Data File:
* FileName = C:\Documents and Settings\kris.holderied.local\My Documents\2012-2013-CTD-DATA-new-files\2013-07-CookInlet-EVOSTC-LTM\2013-07-19-CookInlet-Tran3-AnchorPt\2013-07-19-CookInlet-Tran3-AnchorPt-cast026.hex
* Software Version 1.54
* Temperature SN =  5028
* Conductivity SN =  5028
* System UpLoad Time = Jul 19 2013 17:03:53
** Cook Inlet LTM Ocean - Tran3 - Anchor Pt Line
** Date: 2013-07-19
** Station: 3-03
** Start time (AKDT-24 hr): 10:22
** Depth (m): 29
** Comment:
** Comment:
# nquan = 16
# nvalues = 373                         
# units = specified
# name 0 = scan: Scan Count
# name 1 = timeJ: Julian Days
# name 2 = timeH: Time, Elapsed [hours]
# name 3 = timeM: Time, Elapsed [minutes]
# name 4 = timeS: Time, Elapsed [seconds]
# name 5 = prdM: Pressure, Strain Gauge [db]
# name 6 = specc: Specific Conductance [uS/cm]
# name 7 = sal00: Salinity, Practical [PSU]
# name 8 = tv290C: Temperature [ITS-90, deg C]
# name 9 = depSM: Depth [salt water, m], lat = 59.00
# name 10 = oxsolML/L: Oxygen Saturation, Garcia & Gordon [ml/l]
# name 11 = potemp090C: Potential Temperature [ITS-90, deg C]
# name 12 = sigma-é00: Density [sigma-theta, kg/m^3]
# name 13 = n2satML/L: Nitrogen Saturation [ml/l]
# name 14 = par: PAR/Irradiance, Biospherical/Licor
# name 15 = flag:  0.000e+00
# span 0 =          1,        373       
# span 1 = 200.433310, 200.434387       
# span 2 =    0.00000,    0.02583       
# span 3 =     0.0000,     1.5500       
# span 4 =      0.000,     93.000       
# span 5 =      0.053,     29.796       
# span 6 =    651.188,  46817.469       
# span 7 =     0.3663,    29.5916       
# span 8 =     9.8785,    12.8178       
# span 9 =      0.053,     29.515       
# span 10 =    6.33956,    7.38694      
# span 11 =     9.8754,    12.8064      
# span 12 =    -0.3142,    22.7522      
# span 13 =   11.51654,   13.63643      
# span 14 = 7.0552e-02, 2.2415e+02      
# span 15 = 0.0000e+00, 0.0000e+00      
# interval = seconds: 0.25
# start_time = Jul 19 2013 10:23:58 [Instrument's time stamp, header]
# bad_flag = -9.990e-29
*END*
[from data line 181]
        182 200.433834    0.01257     0.7542     45.250      1.145  44846.639    28.3967    11.5087      1.135    6.37517    11.5113    21.5527   11.57613 1.0561e+02 0.0000e+00
        183 200.433837    0.01264     0.7583     45.500      1.191  44846.573    28.3967    11.5100      1.180    6.37499    11.5130    21.5525   11.57583 1.0393e+02 0.0000e+00
        184 200.433840    0.01271     0.7625     45.750      1.248  44841.739    28.3935    11.5114      1.237    6.37493    11.5154    21.5498   11.57577 1.0232e+02 0.0000e+00
        185 200.433843    0.01278     0.7667     46.000      1.314  44835.843    28.3895    11.5131      1.302    6.37485    11.5186    21.5464   11.57569 1.0113e+02 0.0000e+00
        186 200.433845    0.01285     0.7708     46.250      1.378  44832.636    28.3874    11.5156      1.365    6.37460    11.5225    21.5444   11.57530 1.0050e+02 0.0000e+00
        187 200.433848    0.01292     0.7750     46.500      1.433  44833.853    28.3886    11.5188      1.420    6.37412    11.5274    21.5447   11.57449 9.9750e+01 0.0000e+00
        188 200.433851    0.01299     0.7792     46.750      1.474  44838.884    28.3925    11.5227      1.460    6.37342    11.5337    21.5470   11.57328 9.8789e+01 0.0000e+00
        189 200.433854    0.01306     0.7833     47.000      1.494  44844.083    28.3966    11.5276      1.480    6.37259    11.5417    21.5494   11.57185 9.9092e+01 0.0000e+00
        190 200.433857    0.01313     0.7875     47.250      1.492  44844.748    28.3976    11.5339      1.478    6.37169    11.5504    21.5491   11.57034 1.0229e+02 0.0000e+00
        191 200.433860    0.01319     0.7917     47.500      1.465  44839.158    28.3945    11.5418      1.451    6.37073    11.5583    21.5453   11.56879 1.0840e+02 0.0000e+00
        192 200.433863    0.01326     0.7958     47.750      1.414  44829.039    28.3882    11.5505      1.400    6.36980    11.5642    21.5389   11.56731 1.1641e+02 0.0000e+00
        193 200.433866    0.01333     0.8000     48.000      1.336  44816.952    28.3805    11.5585      1.323    6.36902    11.5671    21.5316   11.56611 1.2532e+02 0.0000e+00
        194 200.433869    0.01340     0.8042     48.250      1.236  44804.483    28.3724    11.5644      1.224    6.36855    11.5661    21.5242   11.56542 1.3465e+02 0.0000e+00
        195 200.433872    0.01347     0.8083     48.500      1.124  44792.483    28.3643    11.5672      1.114    6.36849    11.5612    21.5175   11.56542 1.4338e+02 0.0000e+00
        196 200.433874    0.01354     0.8125     48.750      1.018  44781.648    28.3566    11.5663      1.008    6.36892    11.5535    21.5117   11.56623 1.4876e+02 0.0000e+00
        197 200.433877    0.01361     0.8167     49.000      0.935  44773.723    28.3507    11.5613      0.927    6.36984    11.5460    21.5079   11.56782 1.4829e+02 0.0000e+00
        198 200.433880    0.01368     0.8208     49.250      0.894  44772.120    28.3488    11.5536      0.886    6.37096    11.5410    21.5078   11.56971 1.4026e+02 0.0000e+00
        199 200.433883    0.01375     0.8250     49.500      0.900  44776.785    28.3514    11.5461      0.892    6.37189    11.5387    21.5111   11.57122 1.2658e+02 0.0000e+00
        200 200.433886    0.01382     0.8292     49.750      0.946  44782.915    28.3552    11.5411      0.937    6.37242    11.5378    21.5150   11.57205 1.1379e+02 0.0000e+00
        201 200.433889    0.01389     0.8333     50.000      1.018  44787.100    28.3579    11.5388      1.009    6.37262    11.5366    21.5174   11.57235 1.0511e+02 0.0000e+00
        202 200.433892    0.01396     0.8375     50.250      1.102  44789.123    28.3592    11.5379      1.092    6.37269    11.5343    21.5186   11.57246 9.9409e+01 0.0000e+00
        203 200.433895    0.01403     0.8417     50.500      1.187  44790.447    28.3600    11.5367      1.176    6.37282    11.5314    21.5194   11.57267 9.5608e+01 0.0000e+00
        204 200.433898    0.01410     0.8458     50.750      1.262  44793.304    28.3617    11.5345      1.251    6.37306    11.5289    21.5211   11.57304 9.3290e+01 0.0000e+00
        205 200.433900    0.01417     0.8500     51.000      1.322  44799.264    28.3656    11.5315      1.310    6.37330    11.5280    21.5246   11.57341 9.2703e+01 0.0000e+00
        206 200.433903    0.01424     0.8542     51.250      1.364  44807.972    28.3715    11.5290      1.351    6.37341    11.5295    21.5296   11.57352 9.3975e+01 0.0000e+00
        207 200.433906    0.01431     0.8583     51.500      1.390  44816.612    28.3774    11.5281      1.377    6.37330    11.5340    21.5344   11.57325 9.6786e+01 0.0000e+00
        208 200.433909    0.01438     0.8625     51.750      1.400  44821.183    28.3808    11.5297      1.387    6.37295    11.5406    21.5367   11.57263 1.0045e+02 0.0000e+00
        209 200.433912    0.01444     0.8667     52.000      1.394  44819.529    28.3800    11.5342      1.381    6.37236    11.5472    21.5354   11.57167 1.0445e+02 0.0000e+00
        210 200.433915    0.01451     0.8708     52.250      1.373  44813.052    28.3761    11.5407      1.360    6.37163    11.5522    21.5312   11.57050 1.0866e+02 0.0000e+00
        211 200.433918    0.01458     0.8750     52.500      1.343  44804.883    28.3710    11.5473      1.331    6.37093    11.5546    21.5261   11.56939 1.1272e+02 0.0000e+00
        212 200.433921    0.01465     0.8792     52.750      1.310  44797.049    28.3660    11.5523      1.298    6.37044    11.5537    21.5214   11.56864 1.1643e+02 0.0000e+00
        213 200.433924    0.01472     0.8833     53.000      1.280  44790.640    28.3617    11.5547      1.268    6.37029    11.5493    21.5176   11.56844 1.1911e+02 0.0000e+00
        214 200.433927    0.01479     0.8875     53.250      1.258  44786.670    28.3589    11.5538      1.246    6.37053    11.5419    21.5156   11.56887 1.1943e+02 0.0000e+00
        215 200.433929    0.01486     0.8917     53.500      1.248  44785.499    28.3576    11.5494      1.237    6.37118    11.5334    21.5154   11.56997 1.1799e+02 0.0000e+00
        216 200.433932    0.01493     0.8958     53.750      1.252  44787.560    28.3584    11.5421      1.240    6.37215    11.5254    21.5173   11.57157 1.1631e+02 0.0000e+00
        217 200.433935    0.01500     0.9000     54.000      1.267  44793.917    28.3621    11.5335      1.255    6.37318    11.5196    21.5216   11.57323 1.1425e+02 0.0000e+00
        218 200.433938    0.01507     0.9042     54.250      1.286  44805.951    28.3697    11.5256      1.274    6.37396    11.5174    21.5289   11.57443 1.1166e+02 0.0000e+00
        219 200.433941    0.01514     0.9083     54.500      1.300  44822.277    28.3806    11.5198      1.287    6.37431    11.5198    21.5384   11.57489 1.0954e+02 0.0000e+00
        220 200.433944    0.01521     0.9125     54.750      1.300  44835.919    28.3899    11.5175      1.288    6.37424    11.5267    21.5460   11.57466 1.0881e+02 0.0000e+00
        221 200.433947    0.01528     0.9167     55.000      1.287  44840.148    28.3931    11.5199      1.275    6.37378    11.5356    21.5481   11.57386 1.0962e+02 0.0000e+00
        222 200.433950    0.01535     0.9208     55.250      1.265  44834.337    28.3897    11.5268      1.254    6.37297    11.5432    21.5442   11.57256 1.1140e+02 0.0000e+00
        223 200.433953    0.01542     0.9250     55.500      1.242  44822.111    28.3820    11.5357      1.230    6.37207    11.5476    21.5367   11.57116 1.1316e+02 0.0000e+00
        224 200.433955    0.01549     0.9292     55.750      1.224  44807.448    28.3725    11.5433      1.213    6.37141    11.5476    21.5280   11.57018 1.1400e+02 0.0000e+00
        225 200.433958    0.01556     0.9333     56.000      1.219  44793.326    28.3630    11.5477      1.208    6.37120    11.5431    21.5199   11.56995 1.1357e+02 0.0000e+00
        226 200.433961    0.01563     0.9375     56.250      1.235  44781.667    28.3548    11.5478      1.223    6.37152    11.5351    21.5135   11.57057 1.1152e+02 0.0000e+00
        227 200.433964    0.01569     0.9417     56.500      1.276  44774.574    28.3494    11.5433      1.264    6.37235    11.5260    21.5101   11.57202 1.0724e+02 0.0000e+00
        228 200.433967    0.01576     0.9458     56.750      1.345  44774.658    28.3487    11.5353      1.332    6.37348    11.5180    21.5109   11.57389 1.0204e+02 0.0000e+00
        229 200.433970    0.01583     0.9500     57.000      1.431  44781.622    28.3527    11.5262      1.417    6.37456    11.5127    21.5156   11.57565 9.8027e+01 0.0000e+00
        230 200.433973    0.01590     0.9542     57.250      1.519  44793.026    28.3599    11.5182      1.504    6.37535    11.5107    21.5225   11.57688 9.5209e+01 0.0000e+00
        231 200.433976    0.01597     0.9583     57.500      1.590  44806.984    28.3691    11.5129      1.575    6.37571    11.5125    21.5306   11.57736 9.3179e+01 0.0000e+00
        232 200.433979    0.01604     0.9625     57.750      1.633  44819.379    28.3776    11.5109      1.617    6.37564    11.5177    21.5376   11.57714 9.2260e+01 0.0000e+00
        233 200.433981    0.01611     0.9667     58.000      1.640  44824.540    28.3814    11.5127      1.625    6.37524    11.5246    21.5402   11.57643 9.2892e+01 0.0000e+00
        234 200.433984    0.01618     0.9708     58.250      1.612  44821.493    28.3798    11.5179      1.597    6.37459    11.5307    21.5380   11.57537 9.5669e+01 0.0000e+00
        235 200.433987    0.01625     0.9750     58.500      1.554  44813.565    28.3749    11.5248      1.540    6.37386    11.5349    21.5330   11.57421 1.0079e+02 0.0000e+00
        236 200.433990    0.01632     0.9792     58.750      1.480  44803.870    28.3687    11.5309      1.466    6.37327    11.5364    21.5272   11.57330 1.0738e+02 0.0000e+00
        237 200.433993    0.01639     0.9833     59.000      1.403  44794.858    28.3628    11.5351      1.390    6.37294    11.5351    21.5219   11.57283 1.1346e+02 0.0000e+00
        238 200.433996    0.01646     0.9875     59.250      1.334  44788.070    28.3582    11.5366      1.322    6.37291    11.5307    21.5180   11.57284 1.1727e+02 0.0000e+00
        239 200.433999    0.01653     0.9917     59.500      1.279  44783.170    28.3547    11.5352      1.267    6.37324    11.5243    21.5155   11.57343 1.1892e+02 0.0000e+00
        240 200.434002    0.01660     0.9958     59.750      1.242  44779.629    28.3518    11.5309      1.231    6.37395    11.5172    21.5141   11.57464 1.1926e+02 0.0000e+00
        241 200.434005    0.01667     1.0000     60.000      1.227  44778.218    28.3502    11.5245      1.216    6.37489    11.5107    21.5140   11.57623 1.1866e+02 0.0000e+00
        242 200.434008    0.01674     1.0042     60.250      1.234  44779.608    28.3505    11.5174      1.223    6.37585    11.5055    21.5154   11.57781 1.1737e+02 0.0000e+00
        243 200.434010    0.01681     1.0083     60.500      1.258  44783.153    28.3524    11.5108      1.246    6.37667    11.5019    21.5180   11.57915 1.1497e+02 0.0000e+00
        244 200.434013    0.01688     1.0125     60.750      1.292  44787.481    28.3549    11.5057      1.280    6.37727    11.4998    21.5209   11.58013 1.1129e+02 0.0000e+00
        245 200.434016    0.01694     1.0167     61.000      1.333  44791.480    28.3573    11.5021      1.321    6.37766    11.4988    21.5234   11.58074 1.0731e+02 0.0000e+00
        246 200.434019    0.01701     1.0208     61.250      1.380  44794.629    28.3593    11.5000      1.367    6.37787    11.4983    21.5253   11.58106 1.0400e+02 0.0000e+00
        247 200.434022    0.01708     1.0250     61.500      1.429  44796.946    28.3609    11.4990      1.415    6.37795    11.4980    21.5266   11.58118 1.0163e+02 0.0000e+00
        248 200.434025    0.01715     1.0292     61.750      1.474  44798.776    28.3621    11.4985      1.460    6.37797    11.4973    21.5276   11.58118 1.0012e+02 0.0000e+00
        249 200.434028    0.01722     1.0333     62.000      1.510  44800.124    28.3630    11.4982      1.496    6.37798    11.4959    21.5284   11.58119 9.9331e+01 0.0000e+00
        250 200.434031    0.01729     1.0375     62.250      1.531  44798.810    28.3620    11.4975      1.517    6.37811    11.4932    21.5277   11.58142 9.9330e+01 0.0000e+00
        251 200.434034    0.01736     1.0417     62.500      1.534  44793.073    28.3578    11.4961      1.519    6.37847    11.4897    21.5248   11.58207 1.0016e+02 0.0000e+00
        252 200.434036    0.01743     1.0458     62.750      1.516  44787.075    28.3534    11.4934      1.502    6.37901    11.4866    21.5218   11.58302 1.0167e+02 0.0000e+00
        253 200.434039    0.01750     1.0500     63.000      1.482  44785.579    28.3520    11.4899      1.467    6.37955    11.4849    21.5213   11.58394 1.0376e+02 0.0000e+00
        254 200.434042    0.01757     1.0542     63.250      1.437  44787.370    28.3530    11.4867      1.424    6.37994    11.4847    21.5226   11.58457 1.0660e+02 0.0000e+00
        255 200.434045    0.01764     1.0583     63.500      1.393  44789.156    28.3541    11.4851      1.380    6.38012    11.4851    21.5238   11.58486 1.0954e+02 0.0000e+00
        256 200.434048    0.01771     1.0625     63.750      1.359  44789.649    28.3544    11.4848      1.346    6.38015    11.4858    21.5241   11.58490 1.1111e+02 0.0000e+00
        257 200.434051    0.01778     1.0667     64.000      1.340  44789.435    28.3543    11.4852      1.327    6.38009    11.4866    21.5239   11.58481 1.1102e+02 0.0000e+00
        258 200.434054    0.01785     1.0708     64.250      1.339  44789.296    28.3543    11.4859      1.327    6.37999    11.4873    21.5238   11.58466 1.0999e+02 0.0000e+00
        259 200.434057    0.01792     1.0750     64.500      1.355  44788.489    28.3538    11.4868      1.343    6.37990    11.4869    21.5233   11.58450 1.0826e+02 0.0000e+00
        260 200.434060    0.01799     1.0792     64.750      1.385  44786.018    28.3521    11.4875      1.372    6.37987    11.4855    21.5218   11.58449 1.0594e+02 0.0000e+00
        261 200.434063    0.01806     1.0833     65.000      1.422  44783.683    28.3504    11.4871      1.409    6.37999    11.4838    21.5206   11.58469 1.0388e+02 0.0000e+00
        262 200.434065    0.01812     1.0875     65.250      1.462  44783.967    28.3505    11.4857      1.448    6.38019    11.4828    21.5209   11.58503 1.0283e+02 0.0000e+00
        263 200.434068    0.01819     1.0917     65.500      1.497  44786.085    28.3518    11.4840      1.483    6.38037    11.4825    21.5222   11.58531 1.0276e+02 0.0000e+00
        264 200.434071    0.01826     1.0958     65.750      1.523  44787.791    28.3529    11.4830      1.509    6.38046    11.4824    21.5232   11.58545 1.0271e+02 0.0000e+00
        265 200.434074    0.01833     1.1000     66.000      1.541  44788.242    28.3531    11.4827      1.526    6.38049    11.4821    21.5234   11.58549 1.0162e+02 0.0000e+00
        266 200.434077    0.01840     1.1042     66.250      1.555  44787.922    28.3529    11.4826      1.540    6.38051    11.4815    21.5233   11.58552 9.9360e+01 0.0000e+00
        267 200.434080    0.01847     1.1083     66.500      1.579  44787.538    28.3526    11.4823      1.564    6.38056    11.4803    21.5231   11.58561 9.6840e+01 0.0000e+00
        268 200.434083    0.01854     1.1125     66.750      1.623  44787.089    28.3522    11.4817      1.607    6.38066    11.4780    21.5229   11.58579 9.5050e+01 0.0000e+00
        269 200.434086    0.01861     1.1167     67.000      1.693  44785.894    28.3512    11.4805      1.677    6.38086    11.4738    21.5224   11.58613 9.3543e+01 0.0000e+00
        270 200.434089    0.01868     1.1208     67.250      1.788  44783.629    28.3494    11.4782      1.772    6.38125    11.4669    21.5213   11.58679 9.0931e+01 0.0000e+00
        271 200.434091    0.01875     1.1250     67.500      1.910  44781.461    28.3475    11.4740      1.892    6.38191    11.4575    21.5205   11.58791 8.6285e+01 0.0000e+00
