CTD-processing/allCTD/CNV--turbid/2013_08-07_t9_s04_cast114.cnv
* Sea-Bird SBE19plus Data File:
* FileName = C:\Users\kris.holderied\Documents\kasitsna\Research-Projects-and-Data\Oceanography-AK\CTD-Data-ALL-to-2014-03\2013-CTD-KachBay-CookInlet\2013-08-07-CookInlet-CTD4141\2013-08-07-CookInlet-Tran9-cast114.hex
* Software Version 1.59
* Temperature SN =  4141
* Conductivity SN =  4141
* System UpLoad Time = May 27 2014 20:06:34
** Cook Inlet LTM Transect 9 (Homer Spit) Extra??
** Date: 2013-08-07
** Station: 9-04
** Start time: 15:49
** Depth (m): 95.7
** Comment:
** Comment:
# nquan = 16
# nvalues = 721                         
# units = specified
# name 0 = scan: Scan Count
# name 1 = timeJ: Julian Days
# name 2 = timeH: Time, Elapsed [hours]
# name 3 = timeM: Time, Elapsed [minutes]
# name 4 = timeS: Time, Elapsed [seconds]
# name 5 = prdM: Pressure, Strain Gauge [db]
# name 6 = specc: Specific Conductance [uS/cm]
# name 7 = sal00: Salinity, Practical [PSU]
# name 8 = tv290C: Temperature [ITS-90, deg C]
# name 9 = depSM: Depth [salt water, m], lat = 59.00
# name 10 = oxsolML/L: Oxygen Saturation, Garcia & Gordon [ml/l]
# name 11 = potemp090C: Potential Temperature [ITS-90, deg C]
# name 12 = sigma-é00: Density [sigma-theta, kg/m^3]
# name 13 = n2satML/L: Nitrogen Saturation [ml/l]
# name 14 = par: PAR/Irradiance, Biospherical/Licor
# name 15 = flag:  0.000e+00
# span 0 =          1,        721       
# span 1 = 219.658970, 219.661053       
# span 2 =    0.00000,    0.05000       
# span 3 =     0.0000,     3.0000       
# span 4 =      0.000,    180.000       
# span 5 =     -0.115,     86.066       
# span 6 =    274.322,  50400.956       
# span 7 =     0.1290,    31.7684       
# span 8 =     7.7220,    11.4929       
# span 9 =     -0.113,     85.244       
# span 10 =    6.43497,    7.75141      
# span 11 =     7.7140,    11.4928      
# span 12 =    -0.2688,    24.7772      
# span 13 =   11.64331,   14.25669      
# span 14 = 3.6382e-02, 6.1476e+02      
# span 15 = 0.0000e+00, 0.0000e+00      
# interval = seconds: 0.25
# start_time = Aug 07 2013 15:48:55 [Instrument's time stamp, header]
# bad_flag = -9.990e-29
*END*
          1 219.658970    0.00000     0.0000      0.000     -0.104    278.814     0.1311    10.7764     -0.103    7.75003    10.7748    -0.2674   14.25437 5.2190e+02 0.0000e+00
          2 219.658973    0.00007     0.0042      0.250     -0.104    277.710     0.1306    10.7757     -0.103    7.75019    10.7739    -0.2678   14.25465 5.1958e+02 0.0000e+00
          3 219.658976    0.00014     0.0083      0.500     -0.104    276.340     0.1299    10.7748     -0.103    7.75039    10.7729    -0.2682   14.25499 5.1593e+02 0.0000e+00
          4 219.658979    0.00021     0.0125      0.750     -0.104    275.026     0.1293    10.7739     -0.103    7.75060    10.7719    -0.2686   14.25535 5.1144e+02 0.0000e+00
          5 219.658981    0.00028     0.0167      1.000     -0.104    274.322     0.1290    10.7729     -0.103    7.75079    10.7710    -0.2688   14.25568 5.0707e+02 0.0000e+00
          6 219.658984    0.00035     0.0208      1.250     -0.104    274.519     0.1291    10.7719     -0.103    7.75096    10.7701    -0.2686   14.25597 5.0304e+02 0.0000e+00
          7 219.658987    0.00042     0.0250      1.500     -0.105    275.423     0.1295    10.7710     -0.104    7.75111    10.7693    -0.2682   14.25622 4.9796e+02 0.0000e+00
          8 219.658990    0.00049     0.0292      1.750     -0.105    276.709     0.1301    10.7701     -0.104    7.75124    10.7687    -0.2676   14.25643 4.8966e+02 0.0000e+00
          9 219.658993    0.00056     0.0333      2.000     -0.105    278.198     0.1308    10.7693     -0.104    7.75135    10.7685    -0.2670   14.25660 4.7953e+02 0.0000e+00
         10 219.658996    0.00063     0.0375      2.250     -0.105    279.985     0.1316    10.7687     -0.104    7.75141    10.7687    -0.2662   14.25669 4.7379e+02 0.0000e+00
         11 219.658999    0.00069     0.0417      2.500     -0.105    282.511     0.1329    10.7684     -0.104    7.75140    10.7697    -0.2653   14.25665 4.7942e+02 0.0000e+00
         12 219.659002    0.00076     0.0458      2.750     -0.105    285.860     0.1345    10.7687     -0.104    7.75128    10.7721    -0.2640   14.25642 4.9504e+02 0.0000e+00
         13 219.659005    0.00083     0.0500      3.000     -0.105    288.560     0.1358    10.7697     -0.104    7.75102    10.7767    -0.2631   14.25597 5.0905e+02 0.0000e+00
         14 219.659008    0.00090     0.0542      3.250     -0.105    290.251     0.1366    10.7721     -0.104    7.75055    10.7845    -0.2627   14.25516 5.1606e+02 0.0000e+00
         15 219.659010    0.00097     0.0583      3.500     -0.105    293.847     0.1383    10.7767     -0.104    7.74965    10.7955    -0.2618   14.25360 5.1785e+02 0.0000e+00
         16 219.659013    0.00104     0.0625      3.750     -0.106    299.103     0.1408    10.7844     -0.105    7.74813    10.8088    -0.2606   14.25100 5.1375e+02 0.0000e+00
         17 219.659016    0.00111     0.0667      4.000     -0.106    303.022     0.1427    10.7955     -0.105    7.74604    10.8235    -0.2602   14.24745 5.0749e+02 0.0000e+00
         18 219.659019    0.00118     0.0708      4.250     -0.105    306.337     0.1443    10.8088     -0.104    7.74357    10.8399    -0.2603   14.24325 5.0688e+02 0.0000e+00
         19 219.659022    0.00125     0.0750      4.500     -0.105    310.143     0.1462    10.8235     -0.104    7.74084    10.8572    -0.2603   14.23859 5.1256e+02 0.0000e+00
         20 219.659025    0.00132     0.0792      4.750     -0.106    313.254     0.1477    10.8399     -0.105    7.73783    10.8732    -0.2607   14.23348 5.1806e+02 0.0000e+00
         21 219.659028    0.00139     0.0833      5.000     -0.106    314.567     0.1484    10.8572     -0.105    7.73468    10.8856    -0.2619   14.22814 5.1909e+02 0.0000e+00
         22 219.659031    0.00146     0.0875      5.250     -0.107    314.765     0.1486    10.8732     -0.106    7.73180    10.8943    -0.2634   14.22327 5.1680e+02 0.0000e+00
         23 219.659034    0.00153     0.0917      5.500     -0.107    315.813     0.1492    10.8856     -0.106    7.72954    10.8998    -0.2641   14.21943 5.1359e+02 0.0000e+00
         24 219.659036    0.00160     0.0958      5.750     -0.107    319.904     0.1515    10.8943     -0.106    7.72788    10.9032    -0.2632   14.21660 5.1035e+02 0.0000e+00
         25 219.659039    0.00167     0.1000      6.000     -0.108    328.919     0.1562    10.8998     -0.107    7.72665    10.9050    -0.2600   14.21445 5.0626e+02 0.0000e+00
         26 219.659042    0.00174     0.1042      6.250     -0.108    345.512     0.1649    10.9032     -0.107    7.72563    10.9057    -0.2536   14.21260 5.0137e+02 0.0000e+00
         27 219.659045    0.00181     0.1083      6.500     -0.108    375.143     0.1803    10.9050     -0.107    7.72456    10.9057    -0.2418   14.21056 4.9802e+02 0.0000e+00
         28 219.659048    0.00187     0.1125      6.750     -0.109    425.800     0.2066    10.9057     -0.108    7.72315    10.9052    -0.2213   14.20779 4.9784e+02 0.0000e+00
         29 219.659051    0.00194     0.1167      7.000     -0.109    510.912     0.2507    10.9057     -0.108    7.72100    10.9045    -0.1867   14.20351 5.0252e+02 0.0000e+00
         30 219.659054    0.00201     0.1208      7.250     -0.109    655.270     0.3254    10.9052     -0.108    7.71744    10.9035    -0.1282   14.19641 5.1304e+02 0.0000e+00
         31 219.659057    0.00208     0.1250      7.500     -0.109    899.384     0.4516    10.9045     -0.108    7.71142    10.9023    -0.0294   14.18442 5.2604e+02 0.0000e+00
         32 219.659060    0.00215     0.1292      7.750     -0.109   1303.971     0.6609    10.9035     -0.108    7.70141    10.9010     0.1345   14.16444 5.3783e+02 0.0000e+00
         33 219.659063    0.00222     0.1333      8.000     -0.110   1831.545     0.9345    10.9023     -0.109    7.68829    10.8995     0.3488   14.13830 5.4701e+02 0.0000e+00
         34 219.659065    0.00229     0.1375      8.250     -0.110   2287.452     1.1718    10.9010     -0.109    7.67698    10.8980     0.5345   14.11573 5.5341e+02 0.0000e+00
         35 219.659068    0.00236     0.1417      8.500     -0.110   2543.424     1.3046    10.8995     -0.109    7.67077    10.8965     0.6386   14.10331 5.5840e+02 0.0000e+00
         36 219.659071    0.00243     0.1458      8.750     -0.110   2637.100     1.3519    10.8980     -0.109    7.66873    10.8949     0.6758   14.09918 5.6285e+02 0.0000e+00
         37 219.659074    0.00250     0.1500      9.000     -0.111   2648.262     1.3559    10.8965     -0.110    7.66880    10.8932     0.6792   14.09925 5.6711e+02 0.0000e+00
         38 219.659077    0.00257     0.1542      9.250     -0.111   2624.076     1.3418    10.8949     -0.110    7.66977    10.8916     0.6683   14.10108 5.7163e+02 0.0000e+00
         39 219.659080    0.00264     0.1583      9.500     -0.111   2583.836     1.3196    10.8932     -0.110    7.67113    10.8899     0.6512   14.10370 5.7590e+02 0.0000e+00
         40 219.659083    0.00271     0.1625      9.750     -0.111   2544.072     1.2981    10.8916     -0.110    7.67247    10.8882     0.6346   14.10627 5.7968e+02 0.0000e+00
         41 219.659086    0.00278     0.1667     10.000     -0.111   2521.698     1.2862    10.8899     -0.110    7.67334    10.8865     0.6255   14.10792 5.8336e+02 0.0000e+00
         42 219.659089    0.00285     0.1708     10.250     -0.111   2530.522     1.2915    10.8882     -0.110    7.67339    10.8847     0.6298   14.10793 5.8827e+02 0.0000e+00
         43 219.659091    0.00292     0.1750     10.500     -0.112   2597.126     1.3283    10.8865     -0.111    7.67193    10.8829     0.6587   14.10492 5.9459e+02 0.0000e+00
         44 219.659094    0.00299     0.1792     10.750     -0.112   2767.539     1.4214    10.8847     -0.111    7.66773    10.8811     0.7315   14.09649 6.0038e+02 0.0000e+00
         45 219.659097    0.00306     0.1833     11.000     -0.113   3083.482     1.5937    10.8829     -0.112    7.65970    10.8793     0.8661   14.08044 6.0534e+02 0.0000e+00
         46 219.659100    0.00313     0.1875     11.250     -0.113   3498.497     1.8203    10.8811     -0.112    7.64904    10.8775     1.0431   14.05915 6.0983e+02 0.0000e+00
         47 219.659103    0.00319     0.1917     11.500     -0.113   3873.822     2.0259    10.8793     -0.112    7.63939    10.8758     1.2037   14.03989 6.1319e+02 0.0000e+00
         48 219.659106    0.00326     0.1958     11.750     -0.114   4164.063     2.1856    10.8775     -0.113    7.63197    10.8741     1.3284   14.02506 6.1476e+02 0.0000e+00
         49 219.659109    0.00333     0.2000     12.000     -0.114   4432.835     2.3345    10.8758     -0.113    7.62509    10.8724     1.4446   14.01128 6.1423e+02 0.0000e+00
         50 219.659112    0.00340     0.2042     12.250     -0.115   4684.937     2.4748    10.8741     -0.113    7.61861    10.8708     1.5541   13.99833 6.1256e+02 0.0000e+00
         51 219.659115    0.00347     0.2083     12.500     -0.115   4855.742     2.5700    10.8724     -0.113    7.61431    10.8692     1.6286   13.98969 6.1046e+02 0.0000e+00
         52 219.659117    0.00354     0.2125     12.750     -0.114   4895.015     2.5918    10.8708     -0.113    7.61354    10.8677     1.6457   13.98809 6.0846e+02 0.0000e+00
         53 219.659120    0.00361     0.2167     13.000     -0.114   4798.236     2.5374    10.8692     -0.113    7.61644    10.8663     1.6035   13.99376 6.0713e+02 0.0000e+00
         54 219.659123    0.00368     0.2208     13.250     -0.114   4598.730     2.4257    10.8677     -0.113    7.62209    10.8651     1.5166   14.00492 6.0599e+02 0.0000e+00
         55 219.659126    0.00375     0.2250     13.500     -0.114   4361.574     2.2933    10.8663     -0.113    7.62873    10.8640     1.4136   14.01803 6.0459e+02 0.0000e+00
         56 219.659129    0.00382     0.2292     13.750     -0.114   4142.938     2.1716    10.8651     -0.113    7.63483    10.8631     1.3189   14.03008 6.0271e+02 0.0000e+00
         57 219.659132    0.00389     0.2333     14.000     -0.114   3941.854     2.0602    10.8640     -0.113    7.64041    10.8623     1.2321   14.04111 6.0056e+02 0.0000e+00
         58 219.659135    0.00396     0.2375     14.250     -0.114   3739.674     1.9486    10.8631     -0.113    7.64598    10.8617     1.1452   14.05212 5.9858e+02 0.0000e+00
         59 219.659138    0.00403     0.2417     14.500     -0.114   3539.942     1.8388    10.8623     -0.113    7.65144    10.8612     1.0596   14.06293 5.9670e+02 0.0000e+00
         60 219.659141    0.00410     0.2458     14.750     -0.113   3346.938     1.7330    10.8617     -0.112    7.65667    10.8610     0.9772   14.07329 5.9476e+02 0.0000e+00
         61 219.659144    0.00417     0.2500     15.000     -0.113   3154.960     1.6283    10.8612     -0.112    7.66183    10.8609     0.8955   14.08352 5.9272e+02 0.0000e+00
         62 219.659146    0.00424     0.2542     15.250     -0.113   2964.993     1.5250    10.8610     -0.112    7.66688    10.8610     0.8149   14.09355 5.9081e+02 0.0000e+00
         63 219.659149    0.00431     0.2583     15.500     -0.113   2791.953     1.4313    10.8609     -0.112    7.67145    10.8612     0.7417   14.10262 5.8918e+02 0.0000e+00
         64 219.659152    0.00438     0.2625     15.750     -0.113   2649.756     1.3544    10.8610     -0.112    7.67517    10.8614     0.6817   14.11001 5.8761e+02 0.0000e+00
         65 219.659155    0.00444     0.2667     16.000     -0.113   2549.918     1.3006    10.8612     -0.112    7.67775    10.8617     0.6397   14.11516 5.8600e+02 0.0000e+00
         66 219.659158    0.00451     0.2708     16.250     -0.113   2504.128     1.2759    10.8614     -0.112    7.67890    10.8621     0.6204   14.11746 5.8500e+02 0.0000e+00
         67 219.659161    0.00458     0.2750     16.500     -0.114   2506.865     1.2774    10.8617     -0.113    7.67877    10.8624     0.6215   14.11722 5.8517e+02 0.0000e+00
         68 219.659164    0.00465     0.2792     16.750     -0.114   2539.693     1.2952    10.8621     -0.113    7.67785    10.8628     0.6353   14.11540 5.8602e+02 0.0000e+00
         69 219.659167    0.00472     0.2833     17.000     -0.114   2546.215     1.2988    10.8624     -0.113    7.67761    10.8631     0.6382   14.11494 5.8665e+02 0.0000e+00
         70 219.659170    0.00479     0.2875     17.250     -0.114   2468.196     1.2570    10.8628     -0.113    7.67958    10.8636     0.6055   14.11887 5.8668e+02 0.0000e+00
         71 219.659172    0.00486     0.2917     17.500     -0.114   2340.386     1.1886    10.8631     -0.113    7.68284    10.8641     0.5520   14.12538 5.8705e+02 0.0000e+00
         72 219.659175    0.00493     0.2958     17.750     -0.114   2215.675     1.1221    10.8635     -0.113    7.68600    10.8647     0.5000   14.13168 5.8818e+02 0.0000e+00
         73 219.659178    0.00500     0.3000     18.000     -0.114   2104.653     1.0631    10.8640     -0.113    7.68878    10.8653     0.4538   14.13725 5.8901e+02 0.0000e+00
         74 219.659181    0.00507     0.3042     18.250     -0.114   2013.432     1.0148    10.8646     -0.113    7.69104    10.8659     0.4160   14.14176 5.8917e+02 0.0000e+00
         75 219.659184    0.00514     0.3083     18.500     -0.113   1937.908     0.9749    10.8652     -0.112    7.69287    10.8665     0.3848   14.14544 5.8916e+02 0.0000e+00
         76 219.659187    0.00521     0.3125     18.750     -0.113   1862.079     0.9352    10.8658     -0.112    7.69470    10.8671     0.3536   14.14910 5.8881e+02 0.0000e+00
         77 219.659190    0.00528     0.3167     19.000     -0.113   1773.778     0.8891    10.8664     -0.112    7.69684    10.8676     0.3175   14.15338 5.8792e+02 0.0000e+00
         78 219.659193    0.00535     0.3208     19.250     -0.114   1675.307     0.8380    10.8670     -0.113    7.69923    10.8681     0.2774   14.15817 5.8681e+02 0.0000e+00
         79 219.659196    0.00542     0.3250     19.500     -0.114   1585.956     0.7920    10.8676     -0.113    7.70139    10.8684     0.2414   14.16249 5.8567e+02 0.0000e+00
         80 219.659198    0.00549     0.3292     19.750     -0.113   1523.613     0.7608    10.8680     -0.112    7.70285    10.8686     0.2169   14.16543 5.8505e+02 0.0000e+00
         81 219.659201    0.00556     0.3333     20.000     -0.113   1494.404     0.7477    10.8684     -0.112    7.70345    10.8687     0.2065   14.16666 5.8523e+02 0.0000e+00
         82 219.659204    0.00562     0.3375     20.250     -0.113   1502.885     0.7556    10.8686     -0.112    7.70307    10.8684     0.2125   14.16593 5.8515e+02 0.0000e+00
         83 219.659207    0.00569     0.3417     20.500     -0.112   1556.039     0.7891    10.8686     -0.111    7.70151    10.8677     0.2385   14.16285 5.8383e+02 0.0000e+00
         84 219.659210    0.00576     0.3458     20.750     -0.111   1665.305     0.8556    10.8684     -0.110    7.69845    10.8664     0.2902   14.15677 5.8181e+02 0.0000e+00
         85 219.659213    0.00583     0.3500     21.000     -0.109   1856.953     0.9715    10.8677     -0.108    7.69314    10.8641     0.3802   14.14623 5.7999e+02 0.0000e+00
         86 219.659216    0.00590     0.3542     21.250     -0.105   2190.083     1.1718    10.8664     -0.104    7.68398    10.8602     0.5359   14.12803 5.7858e+02 0.0000e+00
         87 219.659219    0.00597     0.3583     21.500     -0.100   2770.672     1.5187    10.8641     -0.099    7.66809    10.8538     0.8057   14.09645 5.7759e+02 0.0000e+00
         88 219.659222    0.00604     0.3625     21.750     -0.092   3758.852     2.1075    10.8602     -0.091    7.64109    10.8432     1.2636   14.04281 5.7633e+02 0.0000e+00
         89 219.659225    0.00611     0.3667     22.000     -0.077   5411.584     3.0918    10.8538     -0.077    7.59594    10.8260     2.0291   13.95309 5.7395e+02 0.0000e+00
         90 219.659227    0.00618     0.3708     22.250     -0.053   8168.625     4.7336    10.8432     -0.053    7.52061    10.8015     3.3060   13.80339 5.7026e+02 0.0000e+00
