CTD-processing/allCTD/CNV--turbid/2013_07-21_t6_s25_cast053.cnv
* Sea-Bird SBE19plus Data File:
* FileName = C:\Users\kris.holderied\Documents\kasitsna\Research-Projects-and-Data\Oceanography-AK\CTD-CookInlet-GulfWatchAK\2013-07-EVOSTC-CookInlet-Ocean\2013-07-21-22-CookInlet-Tran6-Douglas\2013-07-21-22-CookInlet-Tran6-Douglas-cast053.hex
* Software Version 1.59
* Temperature SN =  5028
* Conductivity SN =  5028
* System UpLoad Time = Apr 09 2014 20:52:27
** Cook Inlet LTM Transect 6 (Douglas) west to east
** Date: 2013-07-21/22
** Station: 6-25
** Start time: 19:07
** Depth (m): 172
** CoComment:
** Comment:
# nquan = 16
# nvalues = 921                         
# units = specified
# name 0 = scan: Scan Count
# name 1 = timeJ: Julian Days
# name 2 = timeH: Time, Elapsed [hours]
# name 3 = timeM: Time, Elapsed [minutes]
# name 4 = timeS: Time, Elapsed [seconds]
# name 5 = prdM: Pressure, Strain Gauge [db]
# name 6 = specc: Specific Conductance [uS/cm]
# name 7 = sal00: Salinity, Practical [PSU]
# name 8 = tv290C: Temperature [ITS-90, deg C]
# name 9 = depSM: Depth [salt water, m], lat = 59.00
# name 10 = oxsolML/L: Oxygen Saturation, Garcia & Gordon [ml/l]
# name 11 = potemp090C: Potential Temperature [ITS-90, deg C]
# name 12 = sigma-é00: Density [sigma-theta, kg/m^3]
# name 13 = n2satML/L: Nitrogen Saturation [ml/l]
# name 14 = par: PAR/Irradiance, Biospherical/Licor
# name 15 = flag:  0.000e+00
# span 0 =          1,        921       
# span 1 = 202.796620, 202.799282       
# span 2 =    0.00000,    0.06389       
# span 3 =     0.0000,     3.8333       
# span 4 =      0.000,    230.000       
# span 5 =     -0.026,    171.978       
# span 6 =    372.847,  52580.760       
# span 7 =     0.1771,    32.6222       
# span 8 =     4.3642,    12.0203       
# span 9 =     -0.026,    170.299       
# span 10 =    6.33097,    7.58825      
# span 11 =     4.3548,    12.0203      
# span 12 =    -0.3477,    25.8330      
# span 13 =   11.47774,   13.97948      
# span 14 = 5.2755e-02, 1.1546e+02      
# span 15 = 0.0000e+00, 0.0000e+00      
# interval = seconds: 0.25
# start_time = Jul 21 2013 19:07:08 [Instrument's time stamp, header]
# bad_flag = -9.990e-29
*END*
[from data line 543]
        544 202.798192    0.03771     2.2625    135.750     72.501  51269.938    31.9879     5.6134     71.810    7.11278     5.5448    25.2195   12.75339 5.9509e-02 0.0000e+00
        545 202.798194    0.03778     2.2667    136.000     72.758  51267.312    31.9798     5.5836     72.065    7.11818     5.5111    25.2165   12.76241 5.9465e-02 0.0000e+00
        546 202.798197    0.03785     2.2708    136.250     73.039  51277.112    31.9795     5.5504     72.343    7.12379     5.4806    25.2202   12.77167 5.9400e-02 0.0000e+00
        547 202.798200    0.03792     2.2750    136.500     73.342  51299.881    31.9881     5.5167     72.643    7.12906     5.4552    25.2308   12.78028 5.9332e-02 0.0000e+00
        548 202.798203    0.03799     2.2792    136.750     73.664  51328.433    32.0012     5.4862     72.962    7.13359     5.4356    25.2447   12.78759 5.9279e-02 0.0000e+00
        549 202.798206    0.03806     2.2833    137.000     74.000  51356.996    32.0155     5.4608     73.295    7.13720     5.4217    25.2589   12.79337 5.9234e-02 0.0000e+00
        550 202.798209    0.03812     2.2875    137.250     74.342  51384.056    32.0298     5.4412     73.634    7.13984     5.4133    25.2726   12.79754 5.9185e-02 0.0000e+00
        551 202.798212    0.03819     2.2917    137.500     74.681  51408.303    32.0435     5.4273     73.970    7.14154     5.4095    25.2850   12.80017 5.9133e-02 0.0000e+00
        552 202.798215    0.03826     2.2958    137.750     75.011  51427.573    32.0549     5.4190     74.296    7.14241     5.4089    25.2949   12.80148 5.9085e-02 0.0000e+00
        553 202.798218    0.03833     2.3000    138.000     75.324  51441.138    32.0633     5.4152     74.606    7.14265     5.4105    25.3020   12.80176 5.9037e-02 0.0000e+00
        554 202.798220    0.03840     2.3042    138.250     75.620  51450.149    32.0692     5.4147     74.899    7.14245     5.4134    25.3068   12.80136 5.8997e-02 0.0000e+00
        555 202.798223    0.03847     2.3083    138.500     75.899  51456.088    32.0735     5.4163     75.176    7.14197     5.4169    25.3100   12.80051 5.8966e-02 0.0000e+00
        556 202.798226    0.03854     2.3125    138.750     76.167  51459.381    32.0763     5.4192     75.441    7.14134     5.4201    25.3119   12.79944 5.8938e-02 0.0000e+00
        557 202.798229    0.03861     2.3167    139.000     76.428  51459.541    32.0770     5.4227     75.699    7.14072     5.4222    25.3120   12.79840 5.8902e-02 0.0000e+00
        558 202.798232    0.03868     2.3208    139.250     76.689  51456.880    32.0758     5.4259     75.958    7.14024     5.4228    25.3106   12.79761 5.8855e-02 0.0000e+00
        559 202.798235    0.03875     2.3250    139.500     76.954  51452.852    32.0733     5.4281     76.221    7.13999     5.4216    25.3085   12.79723 5.8802e-02 0.0000e+00
        560 202.798238    0.03882     2.3292    139.750     77.229  51448.669    32.0704     5.4286     76.493    7.14003     5.4186    25.3061   12.79734 5.8750e-02 0.0000e+00
        561 202.798241    0.03889     2.3333    140.000     77.515  51445.306    32.0677     5.4274     76.776    7.14036     5.4143    25.3041   12.79792 5.8710e-02 0.0000e+00
        562 202.798244    0.03896     2.3375    140.250     77.811  51444.073    32.0661     5.4245     77.069    7.14094     5.4094    25.3032   12.79889 5.8684e-02 0.0000e+00
        563 202.798247    0.03903     2.3417    140.500     78.117  51446.050    32.0664     5.4202     77.372    7.14165     5.4044    25.3039   12.80005 5.8652e-02 0.0000e+00
        564 202.798249    0.03910     2.3458    140.750     78.429  51449.895    32.0678     5.4153     77.682    7.14240     5.3991    25.3056   12.80129 5.8612e-02 0.0000e+00
        565 202.798252    0.03917     2.3500    141.000     78.745  51452.952    32.0687     5.4103     77.995    7.14321     5.3937    25.3069   12.80261 5.8574e-02 0.0000e+00
        566 202.798255    0.03924     2.3542    141.250     79.060  51455.699    32.0694     5.4051     78.307    7.14407     5.3884    25.3080   12.80401 5.8529e-02 0.0000e+00
        567 202.798258    0.03931     2.3583    141.500     79.372  51460.063    32.0711     5.3997     78.615    7.14491     5.3838    25.3100   12.80538 5.8483e-02 0.0000e+00
        568 202.798261    0.03938     2.3625    141.750     79.677  51465.758    32.0737     5.3945     78.917    7.14566     5.3799    25.3127   12.80660 5.8455e-02 0.0000e+00
        569 202.798264    0.03944     2.3667    142.000     79.974  51471.222    32.0764     5.3899     79.211    7.14632     5.3761    25.3153   12.80764 5.8442e-02 0.0000e+00
        570 202.798267    0.03951     2.3708    142.250     80.260  51474.642    32.0778     5.3860     79.495    7.14692     5.3716    25.3168   12.80862 5.8429e-02 0.0000e+00
        571 202.798270    0.03958     2.3750    142.500     80.537  51474.353    32.0766     5.3822     79.769    7.14761     5.3652    25.3164   12.80977 5.8408e-02 0.0000e+00
        572 202.798273    0.03965     2.3792    142.750     80.808  51469.907    32.0725     5.3777     80.037    7.14857     5.3558    25.3136   12.81141 5.8378e-02 0.0000e+00
        573 202.798275    0.03972     2.3833    143.000     81.078  51462.012    32.0656     5.3713     80.304    7.14999     5.3424    25.3088   12.81385 5.8343e-02 0.0000e+00
        574 202.798278    0.03979     2.3875    143.250     81.353  51451.601    32.0562     5.3619     80.577    7.15204     5.3244    25.3025   12.81734 5.8302e-02 0.0000e+00
        575 202.798281    0.03986     2.3917    143.500     81.639  51439.838    32.0451     5.3485     80.860    7.15484     5.3016    25.2952   12.82211 5.8256e-02 0.0000e+00
        576 202.798284    0.03993     2.3958    143.750     81.939  51428.502    32.0333     5.3306     81.157    7.15846     5.2745    25.2879   12.82825 5.8219e-02 0.0000e+00
        577 202.798287    0.04000     2.4000    144.000     82.253  51419.716    32.0223     5.3078     81.468    7.16287     5.2441    25.2817   12.83567 5.8197e-02 0.0000e+00
        578 202.798290    0.04007     2.4042    144.250     82.578  51415.560    32.0134     5.2806     81.790    7.16792     5.2120    25.2778   12.84413 5.8175e-02 0.0000e+00
        579 202.798293    0.04014     2.4083    144.500     82.911  51417.263    32.0079     5.2503     82.119    7.17337     5.1805    25.2768   12.85320 5.8143e-02 0.0000e+00
        580 202.798296    0.04021     2.4125    144.750     83.244  51427.071    32.0076     5.2182     82.449    7.17887     5.1526    25.2801   12.86228 5.8098e-02 0.0000e+00
        581 202.798299    0.04028     2.4167    145.000     83.571  51446.980    32.0143     5.1867     82.773    7.18394     5.1306    25.2890   12.87056 5.8046e-02 0.0000e+00
        582 202.798302    0.04035     2.4208    145.250     83.889  51473.237    32.0262     5.1588     83.088    7.18814     5.1154    25.3015   12.87734 5.8002e-02 0.0000e+00
        583 202.798304    0.04042     2.4250    145.500     84.195  51500.823    32.0403     5.1368     83.391    7.19123     5.1074    25.3151   12.88226 5.7967e-02 0.0000e+00
        584 202.798307    0.04049     2.4292    145.750     84.489  51529.464    32.0566     5.1216     83.682    7.19305     5.1071    25.3297   12.88507 5.7933e-02 0.0000e+00
        585 202.798310    0.04056     2.4333    146.000     84.774  51559.057    32.0751     5.1137     83.964    7.19352     5.1135    25.3452   12.88561 5.7899e-02 0.0000e+00
        586 202.798313    0.04063     2.4375    146.250     85.050  51584.200    32.0922     5.1134     84.237    7.19275     5.1238    25.3588   12.88411 5.7866e-02 0.0000e+00
        587 202.798316    0.04069     2.4417    146.500     85.320  51597.223    32.1025     5.1199     84.505    7.19114     5.1343    25.3662   12.88133 5.7825e-02 0.0000e+00
        588 202.798319    0.04076     2.4458    146.750     85.587  51596.792    32.1043     5.1302     84.769    7.18928     5.1429    25.3665   12.87824 5.7779e-02 0.0000e+00
        589 202.798322    0.04083     2.4500    147.000     85.853  51589.072    32.1011     5.1407     85.033    7.18763     5.1488    25.3629   12.87554 5.7748e-02 0.0000e+00
        590 202.798325    0.04090     2.4542    147.250     86.123  51580.082    32.0967     5.1493     85.301    7.18637     5.1524    25.3584   12.87353 5.7735e-02 0.0000e+00
        591 202.798328    0.04097     2.4583    147.500     86.399  51572.278    32.0925     5.1552     85.574    7.18555     5.1540    25.3544   12.87223 5.7723e-02 0.0000e+00
        592 202.798330    0.04104     2.4625    147.750     86.682  51566.029    32.0888     5.1588     85.854    7.18511     5.1538    25.3511   12.87155 5.7700e-02 0.0000e+00
        593 202.798333    0.04111     2.4667    148.000     86.972  51560.776    32.0854     5.1604     86.140    7.18500     5.1519    25.3483   12.87140 5.7669e-02 0.0000e+00
        594 202.798336    0.04118     2.4708    148.250     87.266  51555.891    32.0819     5.1603     86.432    7.18520     5.1481    25.3455   12.87177 5.7632e-02 0.0000e+00
        595 202.798339    0.04125     2.4750    148.500     87.564  51551.021    32.0780     5.1584     86.727    7.18571     5.1422    25.3426   12.87266 5.7587e-02 0.0000e+00
        596 202.798342    0.04132     2.4792    148.750     87.862  51546.425    32.0738     5.1546     87.022    7.18656     5.1346    25.3397   12.87412 5.7540e-02 0.0000e+00
        597 202.798345    0.04139     2.4833    149.000     88.159  51543.663    32.0705     5.1488     87.316    7.18772     5.1261    25.3377   12.87607 5.7500e-02 0.0000e+00
        598 202.798348    0.04146     2.4875    149.250     88.452  51544.415    32.0692     5.1412     87.607    7.18908     5.1172    25.3376   12.87834 5.7465e-02 0.0000e+00
        599 202.798351    0.04153     2.4917    149.500     88.741  51547.422    32.0693     5.1326     87.892    7.19054     5.1077    25.3386   12.88075 5.7434e-02 0.0000e+00
        600 202.798354    0.04160     2.4958    149.750     89.025  51548.701    32.0681     5.1238     88.174    7.19211     5.0968    25.3386   12.88337 5.7416e-02 0.0000e+00
        601 202.798356    0.04167     2.5000    150.000     89.307  51548.108    32.0655     5.1142     88.452    7.19388     5.0856    25.3376   12.88632 5.7404e-02 0.0000e+00
        602 202.798359    0.04174     2.5042    150.250     89.585  51550.919    32.0649     5.1034     88.728    7.19576     5.0754    25.3383   12.88943 5.7382e-02 0.0000e+00
        603 202.798362    0.04181     2.5083    150.500     89.862  51558.894    32.0678     5.0922     89.002    7.19756     5.0673    25.3418   12.89236 5.7352e-02 0.0000e+00
        604 202.798365    0.04188     2.5125    150.750     90.138  51568.426    32.0720     5.0820     89.275    7.19909     5.0610    25.3463   12.89484 5.7320e-02 0.0000e+00
        605 202.798368    0.04194     2.5167    151.000     90.415  51576.330    32.0755     5.0739     89.550    7.20032     5.0558    25.3500   12.89682 5.7281e-02 0.0000e+00
        606 202.798371    0.04201     2.5208    151.250     90.697  51581.292    32.0774     5.0676     89.829    7.20132     5.0509    25.3522   12.89844 5.7244e-02 0.0000e+00
        607 202.798374    0.04208     2.5250    151.500     90.985  51583.062    32.0774     5.0625     90.114    7.20220     5.0454    25.3527   12.89990 5.7215e-02 0.0000e+00
        608 202.798377    0.04215     2.5292    151.750     91.281  51582.043    32.0755     5.0576     90.407    7.20313     5.0385    25.3517   12.90147 5.7179e-02 0.0000e+00
        609 202.798380    0.04222     2.5333    152.000     91.583  51579.139    32.0721     5.0521     90.707    7.20425     5.0298    25.3497   12.90335 5.7133e-02 0.0000e+00
        610 202.798383    0.04229     2.5375    152.250     91.891  51575.302    32.0678     5.0452     91.012    7.20564     5.0187    25.3470   12.90570 5.7086e-02 0.0000e+00
        611 202.798385    0.04236     2.5417    152.500     92.201  51570.010    32.0621     5.0365     91.318    7.20741     5.0046    25.3435   12.90870 5.7043e-02 0.0000e+00
        612 202.798388    0.04243     2.5458    152.750     92.510  51563.542    32.0551     5.0254     91.625    7.20966     4.9884    25.3391   12.91251 5.7004e-02 0.0000e+00
        613 202.798391    0.04250     2.5500    153.000     92.816  51561.428    32.0504     5.0113     91.928    7.21232     4.9724    25.3369   12.91695 5.6959e-02 0.0000e+00
        614 202.798394    0.04257     2.5542    153.250     93.118  51567.928    32.0511     4.9951     92.226    7.21508     4.9585    25.3393   12.92150 5.6900e-02 0.0000e+00
        615 202.798397    0.04264     2.5583    153.500     93.413  51579.066    32.0551     4.9792     92.518    7.21763     4.9469    25.3442   12.92566 5.6844e-02 0.0000e+00
        616 202.798400    0.04271     2.5625    153.750     93.702  51589.783    32.0592     4.9653     92.804    7.21983     4.9374    25.3490   12.92924 5.6818e-02 0.0000e+00
        617 202.798403    0.04278     2.5667    154.000     93.984  51599.264    32.0630     4.9537     93.084    7.22165     4.9298    25.3532   12.93219 5.6810e-02 0.0000e+00
        618 202.798406    0.04285     2.5708    154.250     94.262  51607.597    32.0665     4.9442     93.359    7.22312     4.9238    25.3570   12.93458 5.6795e-02 0.0000e+00
        619 202.798409    0.04292     2.5750    154.500     94.535  51614.218    32.0693     4.9366     93.630    7.22429     4.9189    25.3600   12.93648 5.6769e-02 0.0000e+00
        620 202.798411    0.04299     2.5792    154.750     94.806  51618.909    32.0710     4.9306     93.898    7.22524     4.9146    25.3621   12.93803 5.6745e-02 0.0000e+00
        621 202.798414    0.04306     2.5833    155.000     95.075  51621.981    32.0719     4.9257     94.164    7.22605     4.9106    25.3633   12.93935 5.6727e-02 0.0000e+00
        622 202.798417    0.04312     2.5875    155.250     95.345  51623.892    32.0721     4.9215     94.432    7.22678     4.9067    25.3640   12.94055 5.6708e-02 0.0000e+00
        623 202.798420    0.04319     2.5917    155.500     95.619  51624.848    32.0718     4.9175     94.704    7.22748     4.9025    25.3641   12.94171 5.6674e-02 0.0000e+00
        624 202.798423    0.04326     2.5958    155.750     95.899  51625.000    32.0709     4.9136     94.981    7.22820     4.8978    25.3638   12.94292 5.6628e-02 0.0000e+00
        625 202.798426    0.04333     2.6000    156.000     96.186  51624.720    32.0696     4.9094     95.265    7.22900     4.8924    25.3632   12.94424 5.6586e-02 0.0000e+00
        626 202.798429    0.04340     2.6042    156.250     96.480  51624.408    32.0682     4.9047     95.556    7.22988     4.8864    25.3626   12.94571 5.6554e-02 0.0000e+00
        627 202.798432    0.04347     2.6083    156.500     96.778  51623.807    32.0665     4.8994     95.851    7.23088     4.8790    25.3618   12.94739 5.6530e-02 0.0000e+00
        628 202.798435    0.04354     2.6125    156.750     97.080  51621.762    32.0636     4.8934     96.150    7.23207     4.8701    25.3602   12.94939 5.6506e-02 0.0000e+00
        629 202.798438    0.04361     2.6167    157.000     97.381  51619.506    32.0602     4.8860     96.448    7.23351     4.8604    25.3583   12.95180 5.6471e-02 0.0000e+00
        630 202.798440    0.04368     2.6208    157.250     97.681  51620.815    32.0590     4.8771     96.745    7.23511     4.8511    25.3583   12.95447 5.6435e-02 0.0000e+00
        631 202.798443    0.04375     2.6250    157.500     97.976  51626.132    32.0603     4.8674     97.036    7.23673     4.8429    25.3604   12.95713 5.6411e-02 0.0000e+00
        632 202.798446    0.04382     2.6292    157.750     98.263  51632.778    32.0626     4.8582     97.321    7.23822     4.8358    25.3632   12.95956 5.6394e-02 0.0000e+00
