CTD-processing/allCTD/CNV--turbid/2013_06-28_t9andtutka_s08_cast200.cnv
* Sea-Bird SBE19plus Data File:
* FileName = C:\Documents and Settings\kbayadmin\My Documents\CTD data\2013-06-28 Kachemak Bay Homer Spit Line and Tutka Bay\2013-06-28 Kachemak Bay Homer Spit Line and Tutka Bay cast200.hex
* Software Version 1.59
* Temperature SN =  5028
* Conductivity SN =  5028
* System UpLoad Time = Jun 29 2013 13:21:59
** Kachemak Bay Homer Spit Line and Tutka Bay
** 2013-06-28
** Station: 9.08
** N': 59 35.359
** W': -151 23.700
** Start Time: 1450
** Depth(ft): 295
# nquan = 16
# nvalues = 648                         
# units = specified
# name 0 = scan: Scan Count
# name 1 = timeJ: Julian Days
# name 2 = timeH: Time, Elapsed [hours]
# name 3 = timeM: Time, Elapsed [minutes]
# name 4 = timeS: Time, Elapsed [seconds]
# name 5 = prdM: Pressure, Strain Gauge [db]
# name 6 = specc: Specific Conductance [uS/cm]
# name 7 = sal00: Salinity, Practical [PSU]
# name 8 = tv290C: Temperature [ITS-90, deg C]
# name 9 = depSM: Depth [salt water, m], lat = 59.00
# name 10 = oxsolML/L: Oxygen Saturation, Garcia & Gordon [ml/l]
# name 11 = potemp090C: Potential Temperature [ITS-90, deg C]
# name 12 = sigma-é00: Density [sigma-theta, kg/m^3]
# name 13 = n2satML/L: Nitrogen Saturation [ml/l]
# name 14 = par: PAR/Irradiance, Biospherical/Licor
# name 15 = flag:  0.000e+00
# span 0 =          1,        648       
# span 1 = 179.617755, 179.619627       
# span 2 =    0.00000,    0.04493       
# span 3 =     0.0000,     2.6958       
# span 4 =      0.000,    161.750       
# span 5 =      0.054,     84.690       
# span 6 =   2586.771,  50817.316       
# span 7 =     1.3368,    31.6773       
# span 8 =     5.6483,     9.9749       
# span 9 =      0.054,     83.881       
# span 10 =    6.59665,    7.96022      
# span 11 =     5.6420,     9.9748      
# span 12 =     0.8110,    24.9701      
# span 13 =   11.94429,   14.59185      
# span 14 = 4.6127e-02, 7.6401e+02      
# span 15 = 0.0000e+00, 0.0000e+00      
# interval = seconds: 0.25
# start_time = Jun 28 2013 14:49:34 [Instrument's time stamp, header]
# bad_flag = -9.990e-29
*END*
[from data line 452]
        453 179.619063    0.03139     1.8833    113.000     30.149  50262.057    31.4713     6.4319     29.865    7.00129     6.4175    24.7130   12.57574 3.4106e-01 0.0000e+00
        454 179.619065    0.03146     1.8875    113.250     30.459  50265.273    31.4724     6.4266     30.172    7.00211     6.4096    24.7145   12.57708 3.2307e-01 0.0000e+00
        455 179.619068    0.03153     1.8917    113.500     30.767  50269.845    31.4742     6.4201     30.477    7.00308     6.4017    24.7168   12.57866 3.0624e-01 0.0000e+00
        456 179.619071    0.03160     1.8958    113.750     31.072  50278.077    31.4783     6.4123     30.779    7.00418     6.3958    24.7210   12.58042 2.9052e-01 0.0000e+00
        457 179.619074    0.03167     1.9000    114.000     31.374  50289.015    31.4843     6.4043     31.078    7.00520     6.3929    24.7266   12.58203 2.7581e-01 0.0000e+00
        458 179.619077    0.03174     1.9042    114.250     31.674  50298.305    31.4895     6.3984     31.375    7.00592     6.3918    24.7315   12.58315 2.6210e-01 0.0000e+00
        459 179.619080    0.03181     1.9083    114.500     31.971  50302.728    31.4918     6.3956     31.670    7.00628     6.3905    24.7337   12.58372 2.4933e-01 0.0000e+00
        460 179.619083    0.03188     1.9125    114.750     32.267  50303.174    31.4918     6.3945     31.963    7.00645     6.3874    24.7339   12.58402 2.3740e-01 0.0000e+00
        461 179.619086    0.03194     1.9167    115.000     32.562  50302.322    31.4909     6.3932     32.254    7.00670     6.3813    24.7333   12.58444 2.2617e-01 0.0000e+00
        462 179.619089    0.03201     1.9208    115.250     32.856  50302.679    31.4904     6.3901     32.546    7.00723     6.3721    24.7333   12.58531 2.1555e-01 0.0000e+00
        463 179.619091    0.03208     1.9250    115.500     33.150  50306.637    31.4919     6.3841     32.837    7.00815     6.3603    24.7352   12.58682 2.0554e-01 0.0000e+00
        464 179.619094    0.03215     1.9292    115.750     33.445  50315.166    31.4959     6.3748     33.129    7.00948     6.3468    24.7395   12.58896 1.9611e-01 0.0000e+00
        465 179.619097    0.03222     1.9333    116.000     33.739  50327.108    31.5018     6.3630     33.421    7.01113     6.3326    24.7456   12.59162 1.8721e-01 0.0000e+00
        466 179.619100    0.03229     1.9375    116.250     34.034  50340.937    31.5088     6.3496     33.713    7.01301     6.3178    24.7527   12.59464 1.7880e-01 0.0000e+00
        467 179.619103    0.03236     1.9417    116.500     34.329  50354.768    31.5155     6.3354     34.005    7.01502     6.3008    24.7598   12.59788 1.7084e-01 0.0000e+00
        468 179.619106    0.03243     1.9458    116.750     34.624  50366.481    31.5207     6.3206     34.297    7.01721     6.2804    24.7658   12.60143 1.6338e-01 0.0000e+00
        469 179.619109    0.03250     1.9500    117.000     34.918  50378.151    31.5255     6.3037     34.588    7.01977     6.2578    24.7716   12.60560 1.5642e-01 0.0000e+00
        470 179.619112    0.03257     1.9542    117.250     35.211  50395.420    31.5334     6.2832     34.879    7.02275     6.2366    24.7804   12.61043 1.4992e-01 0.0000e+00
        471 179.619115    0.03264     1.9583    117.500     35.503  50419.319    31.5456     6.2607     35.169    7.02589     6.2192    24.7927   12.61546 1.4383e-01 0.0000e+00
        472 179.619117    0.03271     1.9625    117.750     35.796  50444.480    31.5588     6.2395     35.459    7.02876     6.2061    24.8058   12.62003 1.3809e-01 0.0000e+00
        473 179.619120    0.03278     1.9667    118.000     36.089  50465.893    31.5702     6.2221     35.749    7.03108     6.1967    24.8169   12.62373 1.3269e-01 0.0000e+00
        474 179.619123    0.03285     1.9708    118.250     36.381  50482.373    31.5790     6.2090     36.038    7.03283     6.1902    24.8254   12.62650 1.2758e-01 0.0000e+00
        475 179.619126    0.03292     1.9750    118.500     36.672  50494.512    31.5854     6.1996     36.326    7.03407     6.1859    24.8317   12.62847 1.2275e-01 0.0000e+00
        476 179.619129    0.03299     1.9792    118.750     36.964  50502.916    31.5899     6.1932     36.616    7.03493     6.1831    24.8360   12.62982 1.1815e-01 0.0000e+00
        477 179.619132    0.03306     1.9833    119.000     37.259  50508.440    31.5928     6.1889     36.908    7.03550     6.1812    24.8388   12.63074 1.1377e-01 0.0000e+00
        478 179.619135    0.03313     1.9875    119.250     37.557  50512.136    31.5946     6.1861     37.203    7.03588     6.1799    24.8406   12.63135 1.0964e-01 0.0000e+00
        479 179.619138    0.03319     1.9917    119.500     37.858  50514.678    31.5959     6.1842     37.501    7.03614     6.1791    24.8419   12.63175 1.0577e-01 0.0000e+00
        480 179.619141    0.03326     1.9958    119.750     38.159  50516.373    31.5967     6.1829     37.799    7.03630     6.1785    24.8426   12.63201 1.0217e-01 0.0000e+00
        481 179.619144    0.03333     2.0000    120.000     38.460  50517.473    31.5972     6.1821     38.097    7.03642     6.1780    24.8431   12.63219 9.8780e-02 0.0000e+00
        482 179.619146    0.03340     2.0042    120.250     38.761  50518.354    31.5975     6.1816     38.395    7.03649     6.1777    24.8434   12.63232 9.5547e-02 0.0000e+00
        483 179.619149    0.03347     2.0083    120.500     39.064  50519.211    31.5979     6.1811     38.695    7.03654     6.1773    24.8438   12.63240 9.2476e-02 0.0000e+00
        484 179.619152    0.03354     2.0125    120.750     39.368  50520.054    31.5983     6.1808     38.997    7.03658     6.1770    24.8441   12.63245 8.9593e-02 0.0000e+00
        485 179.619155    0.03361     2.0167    121.000     39.675  50521.044    31.5988     6.1805     39.301    7.03660     6.1764    24.8445   12.63249 8.6883e-02 0.0000e+00
        486 179.619158    0.03368     2.0208    121.250     39.985  50522.515    31.5996     6.1802     39.608    7.03663     6.1755    24.8452   12.63251 8.4332e-02 0.0000e+00
        487 179.619161    0.03375     2.0250    121.500     40.297  50524.797    31.6009     6.1796     39.916    7.03666     6.1742    24.8463   12.63255 8.1929e-02 0.0000e+00
        488 179.619164    0.03382     2.0292    121.750     40.609  50527.976    31.6028     6.1787     40.225    7.03671     6.1729    24.8479   12.63262 7.9684e-02 0.0000e+00
        489 179.619167    0.03389     2.0333    122.000     40.919  50531.834    31.6051     6.1775     40.533    7.03681     6.1719    24.8499   12.63274 7.7617e-02 0.0000e+00
        490 179.619170    0.03396     2.0375    122.250     41.224  50535.938    31.6075     6.1762     40.834    7.03690     6.1713    24.8520   12.63287 7.5715e-02 0.0000e+00
        491 179.619172    0.03403     2.0417    122.500     41.522  50539.695    31.6098     6.1752     41.130    7.03696     6.1711    24.8539   12.63294 7.3946e-02 0.0000e+00
        492 179.619175    0.03410     2.0458    122.750     41.816  50542.529    31.6115     6.1747     41.421    7.03697     6.1710    24.8553   12.63294 7.2299e-02 0.0000e+00
        493 179.619178    0.03417     2.0500    123.000     42.108  50544.301    31.6126     6.1745     41.710    7.03696     6.1710    24.8562   12.63289 7.0764e-02 0.0000e+00
        494 179.619181    0.03424     2.0542    123.250     42.398  50545.711    31.6134     6.1744     41.997    7.03693     6.1712    24.8568   12.63283 6.9317e-02 0.0000e+00
        495 179.619184    0.03431     2.0583    123.500     42.688  50547.355    31.6144     6.1745     42.285    7.03688     6.1716    24.8576   12.63274 6.7945e-02 0.0000e+00
        496 179.619187    0.03438     2.0625    123.750     42.977  50548.784    31.6153     6.1747     42.571    7.03680     6.1721    24.8583   12.63260 6.6646e-02 0.0000e+00
        497 179.619190    0.03444     2.0667    124.000     43.265  50549.490    31.6157     6.1751     42.856    7.03671     6.1725    24.8586   12.63245 6.5426e-02 0.0000e+00
        498 179.619193    0.03451     2.0708    124.250     43.550  50549.341    31.6156     6.1756     43.139    7.03663     6.1728    24.8584   12.63232 6.4303e-02 0.0000e+00
        499 179.619196    0.03458     2.0750    124.500     43.833  50548.877    31.6152     6.1760     43.419    7.03657     6.1729    24.8581   12.63223 6.3278e-02 0.0000e+00
        500 179.619198    0.03465     2.0792    124.750     44.112  50549.315    31.6154     6.1763     43.695    7.03652     6.1732    24.8582   12.63214 6.2337e-02 0.0000e+00
        501 179.619201    0.03472     2.0833    125.000     44.387  50550.280    31.6160     6.1765     43.967    7.03646     6.1734    24.8586   12.63204 6.1467e-02 0.0000e+00
        502 179.619204    0.03479     2.0875    125.250     44.657  50550.282    31.6159     6.1768     44.235    7.03642     6.1730    24.8585   12.63196 6.0647e-02 0.0000e+00
        503 179.619207    0.03486     2.0917    125.500     44.925  50548.840    31.6148     6.1770     44.500    7.03643     6.1719    24.8577   12.63201 5.9859e-02 0.0000e+00
        504 179.619210    0.03493     2.0958    125.750     45.191  50546.740    31.6132     6.1767     44.764    7.03657     6.1702    24.8564   12.63225 5.9108e-02 0.0000e+00
        505 179.619213    0.03500     2.1000    126.000     45.456  50545.638    31.6121     6.1755     45.026    7.03681     6.1684    24.8557   12.63266 5.8400e-02 0.0000e+00
        506 179.619216    0.03507     2.1042    126.250     45.721  50546.084    31.6120     6.1738     45.288    7.03709     6.1669    24.8558   12.63312 5.7730e-02 0.0000e+00
        507 179.619219    0.03514     2.1083    126.500     45.985  50547.439    31.6124     6.1721     45.550    7.03735     6.1657    24.8564   12.63355 5.7088e-02 0.0000e+00
        508 179.619222    0.03521     2.1125    126.750     46.251  50549.378    31.6134     6.1706     45.813    7.03756     6.1650    24.8573   12.63388 5.6470e-02 0.0000e+00
        509 179.619225    0.03528     2.1167    127.000     46.520  50551.676    31.6146     6.1694     46.080    7.03769     6.1648    24.8584   12.63409 5.5866e-02 0.0000e+00
        510 179.619227    0.03535     2.1208    127.250     46.793  50554.028    31.6160     6.1688     46.350    7.03774     6.1652    24.8596   12.63416 5.5276e-02 0.0000e+00
        511 179.619230    0.03542     2.1250    127.500     47.069  50556.333    31.6174     6.1686     46.624    7.03770     6.1663    24.8608   12.63406 5.4717e-02 0.0000e+00
        512 179.619233    0.03549     2.1292    127.750     47.347  50558.819    31.6191     6.1691     46.899    7.03755     6.1682    24.8620   12.63379 5.4189e-02 0.0000e+00
        513 179.619236    0.03556     2.1333    128.000     47.624  50561.905    31.6213     6.1702     47.174    7.03726     6.1710    24.8636   12.63330 5.3693e-02 0.0000e+00
        514 179.619239    0.03562     2.1375    128.250     47.897  50565.361    31.6239     6.1721     47.444    7.03683     6.1744    24.8655   12.63254 5.3241e-02 0.0000e+00
        515 179.619242    0.03569     2.1417    128.500     48.164  50567.720    31.6259     6.1749     47.708    7.03626     6.1778    24.8668   12.63158 5.2827e-02 0.0000e+00
        516 179.619245    0.03576     2.1458    128.750     48.424  50568.266    31.6269     6.1784     47.966    7.03565     6.1808    24.8671   12.63056 5.2448e-02 0.0000e+00
        517 179.619248    0.03583     2.1500    129.000     48.677  50568.715    31.6277     6.1818     48.217    7.03506     6.1837    24.8673   12.62956 5.2109e-02 0.0000e+00
        518 179.619251    0.03590     2.1542    129.250     48.924  50571.242    31.6299     6.1848     48.461    7.03445     6.1864    24.8687   12.62854 5.1796e-02 0.0000e+00
        519 179.619253    0.03597     2.1583    129.500     49.165  50574.984    31.6330     6.1877     48.700    7.03384     6.1886    24.8708   12.62749 5.1500e-02 0.0000e+00
        520 179.619256    0.03604     2.1625    129.750     49.403  50577.129    31.6349     6.1904     48.935    7.03329     6.1896    24.8719   12.62656 5.1217e-02 0.0000e+00
        521 179.619259    0.03611     2.1667    130.000     49.639  50577.554    31.6355     6.1926     49.169    7.03291     6.1898    24.8721   12.62592 5.0947e-02 0.0000e+00
        522 179.619262    0.03618     2.1708    130.250     49.874  50577.929    31.6358     6.1937     49.402    7.03271     6.1894    24.8723   12.62559 5.0695e-02 0.0000e+00
        523 179.619265    0.03625     2.1750    130.500     50.107  50578.816    31.6364     6.1938     49.633    7.03266     6.1887    24.8727   12.62550 5.0463e-02 0.0000e+00
        524 179.619268    0.03632     2.1792    130.750     50.341  50579.946    31.6370     6.1934     49.864    7.03270     6.1878    24.8732   12.62555 5.0245e-02 0.0000e+00
        525 179.619271    0.03639     2.1833    131.000     50.576  50581.001    31.6375     6.1928     50.097    7.03279     6.1868    24.8737   12.62569 5.0026e-02 0.0000e+00
        526 179.619274    0.03646     2.1875    131.250     50.814  50581.900    31.6378     6.1919     50.333    7.03291     6.1856    24.8740   12.62589 4.9808e-02 0.0000e+00
        527 179.619277    0.03653     2.1917    131.500     51.057  50582.654    31.6380     6.1909     50.573    7.03307     6.1841    24.8743   12.62615 4.9599e-02 0.0000e+00
        528 179.619280    0.03660     2.1958    131.750     51.304  50583.375    31.6382     6.1897     50.818    7.03326     6.1826    24.8746   12.62646 4.9401e-02 0.0000e+00
        529 179.619282    0.03667     2.2000    132.000     51.555  50584.475    31.6385     6.1883     51.067    7.03347     6.1812    24.8751   12.62681 4.9208e-02 0.0000e+00
        530 179.619285    0.03674     2.2042    132.250     51.812  50586.175    31.6393     6.1868     51.321    7.03368     6.1800    24.8759   12.62714 4.9013e-02 0.0000e+00
        531 179.619288    0.03681     2.2083    132.500     52.072  50588.001    31.6402     6.1854     51.578    7.03387     6.1789    24.8768   12.62745 4.8812e-02 0.0000e+00
        532 179.619291    0.03687     2.2125    132.750     52.334  50589.498    31.6408     6.1843     51.838    7.03403     6.1779    24.8774   12.62771 4.8615e-02 0.0000e+00
        533 179.619294    0.03694     2.2167    133.000     52.598  50590.631    31.6413     6.1832     52.100    7.03418     6.1766    24.8779   12.62795 4.8434e-02 0.0000e+00
        534 179.619297    0.03701     2.2208    133.250     52.864  50591.523    31.6416     6.1822     52.363    7.03434     6.1751    24.8783   12.62820 4.8270e-02 0.0000e+00
        535 179.619300    0.03708     2.2250    133.500     53.132  50592.327    31.6418     6.1810     52.628    7.03453     6.1731    24.8786   12.62852 4.8110e-02 0.0000e+00
        536 179.619303    0.03715     2.2292    133.750     53.403  50593.269    31.6420     6.1794     52.897    7.03477     6.1709    24.8790   12.62892 4.7947e-02 0.0000e+00
        537 179.619306    0.03722     2.2333    134.000     53.678  50594.749    31.6425     6.1775     53.169    7.03506     6.1686    24.8796   12.62939 4.7787e-02 0.0000e+00
        538 179.619308    0.03729     2.2375    134.250     53.956  50596.914    31.6435     6.1753     53.445    7.03538     6.1665    24.8806   12.62991 4.7638e-02 0.0000e+00
        539 179.619311    0.03736     2.2417    134.500     54.237  50599.364    31.6446     6.1730     53.723    7.03570     6.1644    24.8818   12.63042 4.7508e-02 0.0000e+00
        540 179.619314    0.03743     2.2458    134.750     54.519  50601.649    31.6457     6.1709     54.002    7.03601     6.1623    24.8829   12.63092 4.7391e-02 0.0000e+00
        541 179.619317    0.03750     2.2500    135.000     54.798  50603.677    31.6465     6.1688     54.278    7.03631     6.1602    24.8838   12.63140 4.7279e-02 0.0000e+00
        542 179.619320    0.03757     2.2542    135.250     55.074  50605.687    31.6474     6.1667     54.552    7.03661     6.1582    24.8848   12.63189 4.7171e-02 0.0000e+00
