CTD-processing/allCTD/CNV--turbid/2013_07-19_t4_s08_cast042.cnv
* Sea-Bird SBE19plus Data File:
* FileName = C:\Documents and Settings\kris.holderied.local\My Documents\2012-2013-CTD-DATA-new-files\2013-07-CookInlet-EVOSTC-LTM\2013-07-19-CookInlet-Tran4-Barabara\2013-07-19-CookInlet-Tran4-Barabara-cast042.hex
* Software Version 1.54
* Temperature SN =  5028
* Conductivity SN =  5028
* System UpLoad Time = Jul 19 2013 21:55:55
** Cook Inlet LTM Ocean - Tran4 - Barabara, North to South
** Date: 2013-07-19
** Station:  4-08
** Start time (AKDT-24 hr): 18:09
** Depth (m): 25
** Comment:
** Comment:
# nquan = 16
# nvalues = 389                         
# units = specified
# name 0 = scan: Scan Count
# name 1 = timeJ: Julian Days
# name 2 = timeH: Time, Elapsed [hours]
# name 3 = timeM: Time, Elapsed [minutes]
# name 4 = timeS: Time, Elapsed [seconds]
# name 5 = prdM: Pressure, Strain Gauge [db]
# name 6 = specc: Specific Conductance [uS/cm]
# name 7 = sal00: Salinity, Practical [PSU]
# name 8 = tv290C: Temperature [ITS-90, deg C]
# name 9 = depSM: Depth [salt water, m], lat = 59.00
# name 10 = oxsolML/L: Oxygen Saturation, Garcia & Gordon [ml/l]
# name 11 = potemp090C: Potential Temperature [ITS-90, deg C]
# name 12 = sigma-é00: Density [sigma-theta, kg/m^3]
# name 13 = n2satML/L: Nitrogen Saturation [ml/l]
# name 14 = par: PAR/Irradiance, Biospherical/Licor
# name 15 = flag:  0.000e+00
# span 0 =          1,        389       
# span 1 = 200.756551, 200.757674       
# span 2 =    0.00000,    0.02694       
# span 3 =     0.0000,     1.6167       
# span 4 =      0.000,     97.000       
# span 5 =      0.068,     27.379       
# span 6 =    532.787,  50262.907       
# span 7 =     0.2558,    31.7288       
# span 8 =     7.9068,    11.1769       
# span 9 =      0.067,     27.121       
# span 10 =    6.40124,    7.67250      
# span 11 =     7.9042,    11.1769      
# span 12 =    -0.2102,    24.7193      
# span 13 =   11.58134,   14.12139      
# span 14 = 8.5339e-01, 1.1007e+03      
# span 15 = 0.0000e+00, 0.0000e+00      
# interval = seconds: 0.25
# start_time = Jul 19 2013 18:09:26 [Instrument's time stamp, header]
# bad_flag = -9.990e-29
*END*
[from data line 91]
         92 200.756814    0.00632     0.3792     22.750      2.509  49549.493    31.5799    10.3267      2.486    6.40894    10.3401    24.2285   11.59434 2.7990e+02 0.0000e+00
         93 200.756817    0.00639     0.3833     23.000      2.464  49526.949    31.5654    10.3383      2.441    6.40791    10.3326    24.2153   11.59282 2.8684e+02 0.0000e+00
         94 200.756820    0.00646     0.3875     23.250      2.413  49514.759    31.5570    10.3403      2.391    6.40797    10.3185    24.2084   11.59303 2.9164e+02 0.0000e+00
         95 200.756823    0.00653     0.3917     23.500      2.370  49512.787    31.5547    10.3329      2.348    6.40911    10.3020    24.2079   11.59493 2.9212e+02 0.0000e+00
         96 200.756826    0.00660     0.3958     23.750      2.343  49521.030    31.5588    10.3187      2.321    6.41091    10.2865    24.2135   11.59787 2.9229e+02 0.0000e+00
         97 200.756829    0.00667     0.4000     24.000      2.333  49537.893    31.5687    10.3022      2.311    6.41281    10.2740    24.2239   11.60090 2.9551e+02 0.0000e+00
         98 200.756832    0.00674     0.4042     24.250      2.337  49559.898    31.5824    10.2867      2.316    6.41440    10.2653    24.2371   11.60337 2.9955e+02 0.0000e+00
         99 200.756834    0.00681     0.4083     24.500      2.352  49585.047    31.5986    10.2743      2.330    6.41548    10.2607    24.2519   11.60496 3.0137e+02 0.0000e+00
        100 200.756837    0.00688     0.4125     24.750      2.373  49612.755    31.6171    10.2656      2.350    6.41593    10.2604    24.2677   11.60549 3.0160e+02 0.0000e+00
        101 200.756840    0.00694     0.4167     25.000      2.392  49639.740    31.6356    10.2610      2.370    6.41582    10.2645    24.2829   11.60508 3.0081e+02 0.0000e+00
        102 200.756843    0.00701     0.4208     25.250      2.405  49660.087    31.6500    10.2607      2.383    6.41527    10.2725    24.2942   11.60400 2.9663e+02 0.0000e+00
        103 200.756846    0.00708     0.4250     25.500      2.409  49669.646    31.6573    10.2648      2.387    6.41440    10.2821    24.2991   11.60247 2.9301e+02 0.0000e+00
        104 200.756849    0.00715     0.4292     25.750      2.402  49667.251    31.6566    10.2727      2.380    6.41332    10.2904    24.2973   11.60069 2.8911e+02 0.0000e+00
        105 200.756852    0.00722     0.4333     26.000      2.386  49655.243    31.6493    10.2823      2.363    6.41227    10.2955    24.2900   11.59905 2.7988e+02 0.0000e+00
        106 200.756855    0.00729     0.4375     26.250      2.363  49639.656    31.6393    10.2906      2.340    6.41153    10.2971    24.2808   11.59793 2.6871e+02 0.0000e+00
        107 200.756858    0.00736     0.4417     26.500      2.337  49628.281    31.6319    10.2957      2.314    6.41112    10.2966    24.2742   11.59735 2.5949e+02 0.0000e+00
        108 200.756861    0.00743     0.4458     26.750      2.311  49626.932    31.6312    10.2974      2.289    6.41092    10.2955    24.2733   11.59702 2.5454e+02 0.0000e+00
        109 200.756863    0.00750     0.4500     27.000      2.288  49635.220    31.6370    10.2969      2.267    6.41075    10.2945    24.2779   11.59668 2.5220e+02 0.0000e+00
        110 200.756866    0.00757     0.4542     27.250      2.270  49646.954    31.6451    10.2958      2.249    6.41058    10.2936    24.2845   11.59629 2.4853e+02 0.0000e+00
        111 200.756869    0.00764     0.4583     27.500      2.258  49655.866    31.6513    10.2948      2.237    6.41046    10.2928    24.2895   11.59602 2.4458e+02 0.0000e+00
        112 200.756872    0.00771     0.4625     27.750      2.256  49659.537    31.6538    10.2939      2.235    6.41048    10.2922    24.2916   11.59602 2.4411e+02 0.0000e+00
        113 200.756875    0.00778     0.4667     28.000      2.266  49658.956    31.6533    10.2931      2.245    6.41061    10.2918    24.2914   11.59625 2.4049e+02 0.0000e+00
        114 200.756878    0.00785     0.4708     28.250      2.289  49657.837    31.6524    10.2924      2.268    6.41074    10.2919    24.2908   11.59647 2.2263e+02 0.0000e+00
        115 200.756881    0.00792     0.4750     28.500      2.325  49660.549    31.6543    10.2920      2.304    6.41072    10.2933    24.2923   11.59643 1.9847e+02 0.0000e+00
        116 200.756884    0.00799     0.4792     28.750      2.372  49668.125    31.6596    10.2921      2.349    6.41048    10.2966    24.2965   11.59596 1.8158e+02 0.0000e+00
        117 200.756887    0.00806     0.4833     29.000      2.422  49677.375    31.6663    10.2935      2.400    6.41001    10.3021    24.3014   11.59509 1.7462e+02 0.0000e+00
        118 200.756889    0.00813     0.4875     29.250      2.470  49683.749    31.6712    10.2968      2.447    6.40936    10.3106    24.3047   11.59396 1.7664e+02 0.0000e+00
        119 200.756892    0.00819     0.4917     29.500      2.507  49683.960    31.6721    10.3023      2.483    6.40855    10.3224    24.3044   11.59262 1.8708e+02 0.0000e+00
        120 200.756895    0.00826     0.4958     29.750      2.529  49676.296    31.6677    10.3109      2.505    6.40754    10.3357    24.2996   11.59099 2.0560e+02 0.0000e+00
        121 200.756898    0.00833     0.5000     30.000      2.535  49660.460    31.6579    10.3226      2.512    6.40631    10.3478    24.2900   11.58907 2.3174e+02 0.0000e+00
        122 200.756901    0.00840     0.5042     30.250      2.526  49638.266    31.6438    10.3359      2.502    6.40503    10.3562    24.2768   11.58712 2.5985e+02 0.0000e+00
        123 200.756904    0.00847     0.5083     30.500      2.503  49613.451    31.6278    10.3481      2.479    6.40400    10.3595    24.2623   11.58560 2.8190e+02 0.0000e+00
        124 200.756907    0.00854     0.5125     30.750      2.470  49591.537    31.6133    10.3565      2.446    6.40342    10.3575    24.2496   11.58481 3.0050e+02 0.0000e+00
        125 200.756910    0.00861     0.5167     31.000      2.430  49578.936    31.6049    10.3598      2.407    6.40331    10.3517    24.2424   11.58472 3.1716e+02 0.0000e+00
        126 200.756913    0.00868     0.5208     31.250      2.390  49579.458    31.6050    10.3577      2.367    6.40359    10.3457    24.2428   11.58519 3.2324e+02 0.0000e+00
        127 200.756916    0.00875     0.5250     31.500      2.351  49591.785    31.6130    10.3520      2.329    6.40406    10.3425    24.2501   11.58588 3.2356e+02 0.0000e+00
        128 200.756918    0.00882     0.5292     31.750      2.317  49609.737    31.6250    10.3460      2.296    6.40440    10.3435    24.2604   11.58630 3.2923e+02 0.0000e+00
        129 200.756921    0.00889     0.5333     32.000      2.288  49625.323    31.6356    10.3428      2.267    6.40441    10.3492    24.2693   11.58619 3.3490e+02 0.0000e+00
        130 200.756924    0.00896     0.5375     32.250      2.263  49632.664    31.6410    10.3438      2.242    6.40405    10.3584    24.2732   11.58553 3.3660e+02 0.0000e+00
        131 200.756927    0.00903     0.5417     32.500      2.240  49629.082    31.6391    10.3495      2.220    6.40334    10.3682    24.2709   11.58437 3.3883e+02 0.0000e+00
        132 200.756930    0.00910     0.5458     32.750      2.221  49615.039    31.6303    10.3587      2.200    6.40243    10.3754    24.2625   11.58296 3.4192e+02 0.0000e+00
        133 200.756933    0.00917     0.5500     33.000      2.205  49594.100    31.6167    10.3685      2.184    6.40162    10.3780    24.2502   11.58179 3.4012e+02 0.0000e+00
        134 200.756936    0.00924     0.5542     33.250      2.194  49571.380    31.6016    10.3757      2.173    6.40124    10.3745    24.2372   11.58134 3.3134e+02 0.0000e+00
        135 200.756939    0.00931     0.5583     33.500      2.192  49551.979    31.5881    10.3782      2.171    6.40143    10.3643    24.2263   11.58182 3.2004e+02 0.0000e+00
        136 200.756942    0.00937     0.5625     33.750      2.202  49539.964    31.5792    10.3748      2.181    6.40228    10.3482    24.2199   11.58333 3.1020e+02 0.0000e+00
        137 200.756944    0.00944     0.5667     34.000      2.228  49536.642    31.5755    10.3646      2.207    6.40385    10.3289    24.2188   11.58597 3.0390e+02 0.0000e+00
        138 200.756947    0.00951     0.5708     34.250      2.270  49539.447    31.5755    10.3485      2.248    6.40609    10.3093    24.2215   11.58968 2.9584e+02 0.0000e+00
        139 200.756950    0.00958     0.5750     34.500      2.326  49545.861    31.5777    10.3292      2.304    6.40869    10.2918    24.2264   11.59396 2.8552e+02 0.0000e+00
        140 200.756953    0.00965     0.5792     34.750      2.391  49558.881    31.5844    10.3096      2.369    6.41115    10.2785    24.2350   11.59795 2.7861e+02 0.0000e+00
        141 200.756956    0.00972     0.5833     35.000      2.458  49584.258    31.6002    10.2921      2.435    6.41293    10.2706    24.2502   11.60072 2.7265e+02 0.0000e+00
        142 200.756959    0.00979     0.5875     35.250      2.519  49621.798    31.6251    10.2788      2.495    6.41376    10.2689    24.2718   11.60180 2.6711e+02 0.0000e+00
        143 200.756962    0.00986     0.5917     35.500      2.566  49662.041    31.6526    10.2709      2.542    6.41374    10.2744    24.2945   11.60144 2.6219e+02 0.0000e+00
        144 200.756965    0.00993     0.5958     35.750      2.595  49691.615    31.6733    10.2692      2.570    6.41312    10.2855    24.3109   11.60017 2.5682e+02 0.0000e+00
        145 200.756968    0.01000     0.6000     36.000      2.602  49700.830    31.6805    10.2747      2.578    6.41205    10.2972    24.3156   11.59831 2.5399e+02 0.0000e+00
        146 200.756970    0.01007     0.6042     36.250      2.588  49688.822    31.6734    10.2858      2.564    6.41080    10.3050    24.3082   11.59633 2.5509e+02 0.0000e+00
        147 200.756973    0.01014     0.6083     36.500      2.554  49662.612    31.6563    10.2975      2.530    6.40988    10.3074    24.2930   11.59501 2.5675e+02 0.0000e+00
        148 200.756976    0.01021     0.6125     36.750      2.503  49632.441    31.6359    10.3053      2.479    6.40962    10.3044    24.2758   11.59481 2.5584e+02 0.0000e+00
        149 200.756979    0.01028     0.6167     37.000      2.442  49608.552    31.6193    10.3077      2.419    6.40997    10.2977    24.2625   11.59559 2.5484e+02 0.0000e+00
        150 200.756982    0.01035     0.6208     37.250      2.377  49597.432    31.6111    10.3047      2.355    6.41072    10.2897    24.2566   11.59694 2.5948e+02 0.0000e+00
        151 200.756985    0.01042     0.6250     37.500      2.315  49599.683    31.6119    10.2980      2.293    6.41163    10.2826    24.2583   11.59842 2.7070e+02 0.0000e+00
        152 200.756988    0.01049     0.6292     37.750      2.259  49611.982    31.6197    10.2899      2.237    6.41243    10.2775    24.2657   11.59966 2.8313e+02 0.0000e+00
        153 200.756991    0.01056     0.6333     38.000      2.212  49630.112    31.6316    10.2828      2.192    6.41293    10.2744    24.2762   11.60034 2.9291e+02 0.0000e+00
        154 200.756994    0.01063     0.6375     38.250      2.177  49650.392    31.6454    10.2778      2.157    6.41307    10.2726    24.2877   11.60042 3.0235e+02 0.0000e+00
        155 200.756997    0.01069     0.6417     38.500      2.154  49669.480    31.6585    10.2747      2.135    6.41297    10.2716    24.2985   11.60009 3.1160e+02 0.0000e+00
        156 200.756999    0.01076     0.6458     38.750      2.144  49684.611    31.6690    10.2729      2.125    6.41279    10.2713    24.3070   11.59967 3.1597e+02 0.0000e+00
        157 200.757002    0.01083     0.6500     39.000      2.148  49694.489    31.6759    10.2718      2.129    6.41265    10.2720    24.3125   11.59936 3.1731e+02 0.0000e+00
        158 200.757005    0.01090     0.6542     39.250      2.168  49699.422    31.6793    10.2716      2.148    6.41255    10.2741    24.3152   11.59914 3.1674e+02 0.0000e+00
        159 200.757008    0.01097     0.6583     39.500      2.202  49701.151    31.6806    10.2723      2.182    6.41240    10.2781    24.3161   11.59888 3.1305e+02 0.0000e+00
        160 200.757011    0.01104     0.6625     39.750      2.247  49702.671    31.6819    10.2743      2.226    6.41206    10.2849    24.3168   11.59830 3.1171e+02 0.0000e+00
        161 200.757014    0.01111     0.6667     40.000      2.296  49704.748    31.6839    10.2783      2.275    6.41142    10.2960    24.3176   11.59723 3.0939e+02 0.0000e+00
        162 200.757017    0.01118     0.6708     40.250      2.341  49703.218    31.6836    10.2852      2.319    6.41047    10.3114    24.3163   11.59566 3.0025e+02 0.0000e+00
        163 200.757020    0.01125     0.6750     40.500      2.379  49691.927    31.6770    10.2963      2.356    6.40920    10.3285    24.3093   11.59363 2.8973e+02 0.0000e+00
        164 200.757023    0.01132     0.6792     40.750      2.408  49667.478    31.6616    10.3117      2.385    6.40768    10.3425    24.2947   11.59129 2.7975e+02 0.0000e+00
        165 200.757025    0.01139     0.6833     41.000      2.431  49633.481    31.6396    10.3288      2.408    6.40620    10.3500    24.2747   11.58911 2.6989e+02 0.0000e+00
        166 200.757028    0.01146     0.6875     41.250      2.452  49599.535    31.6173    10.3428      2.429    6.40517    10.3501    24.2550   11.58766 2.6484e+02 0.0000e+00
        167 200.757031    0.01153     0.6917     41.500      2.474  49575.264    31.6010    10.3503      2.451    6.40479    10.3442    24.2411   11.58723 2.6741e+02 0.0000e+00
        168 200.757034    0.01160     0.6958     41.750      2.499  49566.258    31.5947    10.3504      2.475    6.40503    10.3354    24.2361   11.58769 2.7376e+02 0.0000e+00
        169 200.757037    0.01167     0.7000     42.000      2.525  49572.818    31.5986    10.3445      2.501    6.40569    10.3276    24.2401   11.58874 2.7955e+02 0.0000e+00
        170 200.757040    0.01174     0.7042     42.250      2.549  49590.950    31.6103    10.3357      2.525    6.40643    10.3234    24.2507   11.58984 2.8464e+02 0.0000e+00
        171 200.757043    0.01181     0.7083     42.500      2.566  49613.916    31.6256    10.3279      2.542    6.40690    10.3243    24.2640   11.59043 2.9213e+02 0.0000e+00
        172 200.757046    0.01188     0.7125     42.750      2.570  49633.932    31.6393    10.3237      2.546    6.40692    10.3309    24.2753   11.59030 3.0478e+02 0.0000e+00
        173 200.757049    0.01194     0.7167     43.000      2.556  49644.296    31.6467    10.3246      2.532    6.40649    10.3415    24.2810   11.58951 3.2066e+02 0.0000e+00
        174 200.757052    0.01201     0.7208     43.250      2.521  49640.836    31.6451    10.3311      2.497    6.40565    10.3521    24.2786   11.58812 3.3329e+02 0.0000e+00
        175 200.757054    0.01208     0.7250     43.500      2.466  49623.944    31.6345    10.3418      2.443    6.40460    10.3590    24.2685   11.58652 3.4001e+02 0.0000e+00
        176 200.757057    0.01215     0.7292     43.750      2.396  49598.945    31.6181    10.3524      2.374    6.40379    10.3609    24.2540   11.58537 3.4665e+02 0.0000e+00
        177 200.757060    0.01222     0.7333     44.000      2.321  49573.330    31.6009    10.3593      2.299    6.40354    10.3577    24.2394   11.58516 3.4964e+02 0.0000e+00
        178 200.757063    0.01229     0.7375     44.250      2.251  49553.957    31.5874    10.3612      2.230    6.40383    10.3497    24.2286   11.58581 3.4592e+02 0.0000e+00
        179 200.757066    0.01236     0.7417     44.500      2.194  49545.284    31.5809    10.3580      2.174    6.40455    10.3382    24.2241   11.58707 3.4322e+02 0.0000e+00
        180 200.757069    0.01243     0.7458     44.750      2.157  49548.098    31.5819    10.3500      2.137    6.40562    10.3255    24.2262   11.58883 3.3960e+02 0.0000e+00
