CTD-processing/allCTD/CNV--turbid/2013_06-06_alongbay_sadiec_outer_cast101.cnv
* Sea-Bird SBE19plus Data File:
* FileName = C:\Documents and Settings\kbayadmin\My Documents\CTD data\2013-06-06 Kachemak Bay all bay inner bay Nuka\2013-06-06 Kachemak Bay All Bay Outer Bay cast101.hex
* Software Version 1.59
* Temperature SN =  4141
* Conductivity SN =  4141
* System UpLoad Time = Jun 18 2013 16:31:37
** Kachemak Bay All Bay Outer Bay
** 2013-06-06
** Station: Sadie C
** N': 59 28.1736
** W': 151 21.2466
** Start Time: 1601
** Depth(ft): 95
# nquan = 16
# nvalues = 567                         
# units = specified
# name 0 = scan: Scan Count
# name 1 = timeJ: Julian Days
# name 2 = timeH: Time, Elapsed [hours]
# name 3 = timeM: Time, Elapsed [minutes]
# name 4 = timeS: Time, Elapsed [seconds]
# name 5 = prdM: Pressure, Strain Gauge [db]
# name 6 = specc: Specific Conductance [uS/cm]
# name 7 = sal00: Salinity, Practical [PSU]
# name 8 = tv290C: Temperature [ITS-90, deg C]
# name 9 = depSM: Depth [salt water, m], lat = 59.00
# name 10 = oxsolML/L: Oxygen Saturation, Garcia & Gordon [ml/l]
# name 11 = potemp090C: Potential Temperature [ITS-90, deg C]
# name 12 = sigma-é00: Density [sigma-theta, kg/m^3]
# name 13 = n2satML/L: Nitrogen Saturation [ml/l]
# name 14 = par: PAR/Irradiance, Biospherical/Licor
# name 15 = flag:  0.000e+00
# span 0 =          1,        567       
# span 1 = 157.665949, 157.667587       
# span 2 =    0.00000,    0.03931       
# span 3 =     0.0000,     2.3583       
# span 4 =      0.000,    141.500       
# span 5 =     -0.106,     29.263       
# span 6 =    251.746,  50946.232       
# span 7 =     0.1173,    31.7245       
# span 8 =     5.3192,    10.3902       
# span 9 =     -0.105,     28.988       
# span 10 =    6.56648,    8.06169      
# span 11 =     5.3171,    10.3901      
# span 12 =    -0.1322,    25.0444      
# span 13 =   11.89735,   14.78120      
# span 14 = 3.7286e+00, 9.4221e+01      
# span 15 = 0.0000e+00, 0.0000e+00      
# interval = seconds: 0.25
# start_time = Jun 06 2013 15:58:58 [Instrument's time stamp, header]
# bad_flag = -9.990e-29
*END*
          1 157.665949    0.00000     0.0000      0.000     -0.103    251.746     0.1173     9.1090     -0.103    8.06169     9.1199    -0.1321   14.78120 7.6729e+01 0.0000e+00
          2 157.665952    0.00007     0.0042      0.250     -0.103    252.380     0.1176     9.1139     -0.103    8.06072     9.1261    -0.1322   14.77956 8.0784e+01 0.0000e+00
          3 157.665955    0.00014     0.0083      0.500     -0.103    253.631     0.1183     9.1199     -0.103    8.05954     9.1321    -0.1322   14.77756 8.4097e+01 0.0000e+00
          4 157.665958    0.00021     0.0125      0.750     -0.103    255.964     0.1194     9.1261     -0.102    8.05829     9.1377    -0.1318   14.77542 8.6365e+01 0.0000e+00
          5 157.665961    0.00028     0.0167      1.000     -0.103    259.891     0.1213     9.1321     -0.102    8.05703     9.1429    -0.1307   14.77327 8.8663e+01 0.0000e+00
          6 157.665964    0.00035     0.0208      1.250     -0.103    265.951     0.1243     9.1377     -0.102    8.05580     9.1478    -0.1288   14.77115 9.1756e+01 0.0000e+00
          7 157.665966    0.00042     0.0250      1.500     -0.104    274.901     0.1287     9.1429     -0.103    8.05457     9.1522    -0.1258   14.76902 9.3843e+01 0.0000e+00
          8 157.665969    0.00049     0.0292      1.750     -0.104    288.007     0.1351     9.1478     -0.103    8.05329     9.1559    -0.1211   14.76676 9.2723e+01 0.0000e+00
          9 157.665972    0.00056     0.0333      2.000     -0.104    307.333     0.1446     9.1522     -0.103    8.05194     9.1584    -0.1139   14.76433 8.7808e+01 0.0000e+00
         10 157.665975    0.00063     0.0375      2.250     -0.104    336.191     0.1589     9.1559     -0.103    8.05050     9.1599    -0.1029   14.76169 8.3100e+01 0.0000e+00
         11 157.665978    0.00069     0.0417      2.500     -0.104    380.398     0.1809     9.1584     -0.103    8.04888     9.1607    -0.0858   14.75862 8.4861e+01 0.0000e+00
         12 157.665981    0.00076     0.0458      2.750     -0.104    450.178     0.2157     9.1599     -0.103    8.04679     9.1612    -0.0585   14.75457 9.0896e+01 0.0000e+00
         13 157.665984    0.00083     0.0500      3.000     -0.104    562.545     0.2718     9.1607     -0.103    8.04374     9.1618    -0.0143   14.74857 9.4221e+01 0.0000e+00
         14 157.665987    0.00090     0.0542      3.250     -0.104    743.734     0.3624     9.1612     -0.103    8.03896     9.1625     0.0571   14.73914 9.3583e+01 0.0000e+00
         15 157.665990    0.00097     0.0583      3.500     -0.104    988.564     0.4853     9.1618     -0.103    8.03252     9.1633     0.1540   14.72641 9.0786e+01 0.0000e+00
         16 157.665992    0.00104     0.0625      3.750     -0.104   1212.335     0.5979     9.1625     -0.103    8.02656     9.1639     0.2427   14.71467 8.7012e+01 0.0000e+00
         17 157.665995    0.00111     0.0667      4.000     -0.104   1337.832     0.6608     9.1633     -0.103    8.02316     9.1640     0.2923   14.70798 8.3165e+01 0.0000e+00
         18 157.665998    0.00118     0.0708      4.250     -0.103   1379.868     0.6813     9.1639     -0.102    8.02199     9.1635     0.3084   14.70569 7.8920e+01 0.0000e+00
         19 157.666001    0.00125     0.0750      4.500     -0.101   1381.053     0.6813     9.1640     -0.100    8.02197     9.1625     0.3084   14.70566 7.4239e+01 0.0000e+00
         20 157.666004    0.00132     0.0792      4.750     -0.100   1365.977     0.6731     9.1635     -0.099    8.02248     9.1613     0.3020   14.70665 7.0255e+01 0.0000e+00
         21 157.666007    0.00139     0.0833      5.000     -0.098   1348.841     0.6641     9.1625     -0.097    8.02314     9.1599     0.2950   14.70789 6.7317e+01 0.0000e+00
         22 157.666010    0.00146     0.0875      5.250     -0.097   1332.011     0.6553     9.1613     -0.096    8.02383     9.1585     0.2882   14.70920 6.4967e+01 0.0000e+00
         23 157.666013    0.00153     0.0917      5.500     -0.096   1316.558     0.6473     9.1599     -0.095    8.02451     9.1570     0.2820   14.71045 6.2745e+01 0.0000e+00
         24 157.666016    0.00160     0.0958      5.750     -0.096   1298.744     0.6383     9.1585     -0.095    8.02524     9.1553     0.2750   14.71183 6.1924e+01 0.0000e+00
         25 157.666019    0.00167     0.1000      6.000     -0.095   1272.429     0.6249     9.1570     -0.094    8.02622     9.1535     0.2646   14.71368 6.4193e+01 0.0000e+00
         26 157.666021    0.00174     0.1042      6.250     -0.095   1255.877     0.6167     9.1553     -0.094    8.02697     9.1517     0.2582   14.71507 6.8540e+01 0.0000e+00
         27 157.666024    0.00181     0.1083      6.500     -0.095   1276.061     0.6273     9.1535     -0.094    8.02676     9.1499     0.2667   14.71456 7.2915e+01 0.0000e+00
         28 157.666027    0.00187     0.1125      6.750     -0.096   1346.500     0.6639     9.1517     -0.095    8.02523     9.1483     0.2957   14.71142 7.6239e+01 0.0000e+00
         29 157.666030    0.00194     0.1167      7.000     -0.097   1474.839     0.7305     9.1499     -0.096    8.02214     9.1471     0.3482   14.70520 7.8389e+01 0.0000e+00
         30 157.666033    0.00201     0.1208      7.250     -0.099   1665.746     0.8299     9.1483     -0.098    8.01732     9.1462     0.4265   14.69559 7.9735e+01 0.0000e+00
         31 157.666036    0.00208     0.1250      7.500     -0.101   1882.341     0.9428     9.1471     -0.100    8.01174     9.1457     0.5154   14.68448 8.1203e+01 0.0000e+00
         32 157.666039    0.00215     0.1292      7.750     -0.102   2039.221     1.0246     9.1462     -0.101    8.00769     9.1452     0.5799   14.67642 8.4148e+01 0.0000e+00
         33 157.666042    0.00222     0.1333      8.000     -0.103   2102.078     1.0571     9.1457     -0.102    8.00613     9.1448     0.6055   14.67329 8.7890e+01 0.0000e+00
         34 157.666045    0.00229     0.1375      8.250     -0.103   2120.386     1.0664     9.1452     -0.103    8.00574     9.1444     0.6129   14.67250 8.9869e+01 0.0000e+00
         35 157.666047    0.00236     0.1417      8.500     -0.104   2131.990     1.0722     9.1448     -0.103    8.00552     9.1443     0.6175   14.67204 9.0028e+01 0.0000e+00
         36 157.666050    0.00243     0.1458      8.750     -0.104   2131.537     1.0719     9.1444     -0.103    8.00561     9.1445     0.6173   14.67219 8.9866e+01 0.0000e+00
         37 157.666053    0.00250     0.1500      9.000     -0.104   2129.928     1.0710     9.1443     -0.103    8.00568     9.1452     0.6166   14.67232 8.9896e+01 0.0000e+00
         38 157.666056    0.00257     0.1542      9.250     -0.105   2159.778     1.0868     9.1445     -0.104    8.00482     9.1459     0.6290   14.67063 9.0734e+01 0.0000e+00
         39 157.666059    0.00264     0.1583      9.500     -0.105   2235.439     1.1268     9.1452     -0.104    8.00264     9.1466     0.6605   14.66635 8.9749e+01 0.0000e+00
         40 157.666062    0.00271     0.1625      9.750     -0.106   2334.652     1.1794     9.1459     -0.105    7.99979     9.1469     0.7017   14.66076 8.3107e+01 0.0000e+00
         41 157.666065    0.00278     0.1667     10.000     -0.106   2421.411     1.2255     9.1466     -0.105    7.99730     9.1466     0.7379   14.65587 7.3676e+01 0.0000e+00
         42 157.666068    0.00285     0.1708     10.250     -0.106   2472.254     1.2525     9.1469     -0.105    7.99586     9.1459     0.7591   14.65303 6.7643e+01 0.0000e+00
         43 157.666071    0.00292     0.1750     10.500     -0.106   2485.595     1.2596     9.1466     -0.105    7.99554     9.1448     0.7647   14.65239 6.9125e+01 0.0000e+00
         44 157.666073    0.00299     0.1792     10.750     -0.106   2491.432     1.2627     9.1459     -0.105    7.99552     9.1435     0.7672   14.65231 7.1514e+01 0.0000e+00
         45 157.666076    0.00306     0.1833     11.000     -0.106   2507.873     1.2716     9.1448     -0.105    7.99528     9.1420     0.7742   14.65177 6.8707e+01 0.0000e+00
         46 157.666079    0.00313     0.1875     11.250     -0.106   2528.074     1.2826     9.1435     -0.105    7.99497     9.1405     0.7829   14.65109 6.4928e+01 0.0000e+00
         47 157.666082    0.00319     0.1917     11.500     -0.106   2569.822     1.3052     9.1420     -0.105    7.99409     9.1388     0.8008   14.64927 6.1932e+01 0.0000e+00
         48 157.666085    0.00326     0.1958     11.750     -0.106   2655.438     1.3515     9.1405     -0.105    7.99202     9.1370     0.8373   14.64508 6.1232e+01 0.0000e+00
         49 157.666088    0.00333     0.2000     12.000     -0.105   2748.341     1.4019     9.1388     -0.104    7.98976     9.1349     0.8770   14.64052 5.9549e+01 0.0000e+00
         50 157.666091    0.00340     0.2042     12.250     -0.104   2780.114     1.4200     9.1370     -0.103    7.98922     9.1326     0.8913   14.63934 5.3361e+01 0.0000e+00
         51 157.666094    0.00347     0.2083     12.500     -0.104   2721.718     1.3903     9.1349     -0.103    7.99118     9.1303     0.8681   14.64312 4.7552e+01 0.0000e+00
         52 157.666097    0.00354     0.2125     12.750     -0.104   2600.305     1.3280     9.1326     -0.103    7.99489     9.1284     0.8191   14.65035 4.6454e+01 0.0000e+00
         53 157.666100    0.00361     0.2167     13.000     -0.104   2482.690     1.2695     9.1303     -0.103    7.99845     9.1275     0.7732   14.65728 4.9902e+01 0.0000e+00
         54 157.666102    0.00368     0.2208     13.250     -0.102   2428.330     1.2477     9.1284     -0.102    8.00013     9.1279     0.7558   14.66051 5.6226e+01 0.0000e+00
         55 157.666105    0.00375     0.2250     13.500     -0.100   2458.945     1.2761     9.1275     -0.100    7.99920     9.1307     0.7776   14.65865 6.2282e+01 0.0000e+00
         56 157.666108    0.00382     0.2292     13.750     -0.097   2590.459     1.3662     9.1279     -0.097    7.99504     9.1371     0.8473   14.65051 6.4084e+01 0.0000e+00
         57 157.666111    0.00389     0.2333     14.000     -0.093   2883.324     1.5554     9.1307     -0.093    7.98572     9.1497     0.9941   14.63234 6.5309e+01 0.0000e+00
         58 157.666114    0.00396     0.2375     14.250     -0.087   3456.206     1.9154     9.1371     -0.087    7.96755     9.1725     1.2738   14.59691 6.9302e+01 0.0000e+00
         59 157.666117    0.00403     0.2417     14.500     -0.076   4486.991     2.5555     9.1497     -0.076    7.93485     9.2125     1.7712   14.53320 7.0975e+01 0.0000e+00
         60 157.666120    0.00410     0.2458     14.750     -0.058   6248.628     3.6452     9.1725     -0.057    7.87880     9.2816     2.6181   14.42407 6.8134e+01 0.0000e+00
         61 157.666123    0.00417     0.2500     15.000     -0.026   9185.138     5.4617     9.2125     -0.026    7.78498     9.3968     4.0297   14.24147 6.2331e+01 0.0000e+00
         62 157.666126    0.00424     0.2542     15.250      0.026  14067.141     8.4828     9.2816      0.026    7.62848     9.5627     6.3772   13.93703 5.3636e+01 0.0000e+00
         63 157.666128    0.00431     0.2583     15.500      0.109  20743.647    12.6431     9.3968      0.108    7.41090     9.7538     9.6067   13.51485 4.5439e+01 0.0000e+00
         64 157.666131    0.00438     0.2625     15.750      0.231  27687.532    17.0501     9.5628      0.229    7.17690     9.9331    13.0200   13.06325 4.0153e+01 0.0000e+00
         65 157.666134    0.00444     0.2667     16.000      0.397  33562.019    20.8519     9.7538      0.393    6.97097    10.0787    15.9559   12.66825 3.3855e+01 0.0000e+00
         66 157.666137    0.00451     0.2708     16.250      0.584  37632.560    23.5082     9.9332      0.579    6.82122    10.1847    17.9998   12.38287 2.7084e+01 0.0000e+00
         67 157.666140    0.00458     0.2750     16.500      0.752  40037.360    25.0799    10.0787      0.745    6.72677    10.2547    19.2030   12.20428 2.4682e+01 0.0000e+00
         68 157.666143    0.00465     0.2792     16.750      0.870  41455.858    26.0080    10.1847      0.862    6.66803    10.2967    19.9104   12.09387 2.7316e+01 0.0000e+00
         69 157.666146    0.00472     0.2833     17.000      0.926  42302.988    26.5628    10.2548      0.917    6.63194    10.3197    20.3322   12.02623 3.2682e+01 0.0000e+00
         70 157.666149    0.00479     0.2875     17.250      0.924  42821.651    26.9028    10.2968      0.915    6.60999    10.3321    20.5909   11.98508 3.8651e+01 0.0000e+00
         71 157.666152    0.00486     0.2917     17.500      0.887  43154.685    27.1218    10.3198      0.878    6.59651    10.3404    20.7581   11.95969 4.2889e+01 0.0000e+00
         72 157.666155    0.00493     0.2958     17.750      0.851  43386.590    27.2754    10.3322      0.843    6.58769    10.3477    20.8758   11.94296 4.3372e+01 0.0000e+00
         73 157.666157    0.00500     0.3000     18.000      0.849  43552.551    27.3863    10.3405      0.840    6.58150    10.3543    20.9609   11.93121 4.2368e+01 0.0000e+00
         74 157.666160    0.00507     0.3042     18.250      0.887  43659.482    27.4581    10.3478      0.879    6.57722    10.3588    21.0158   11.92315 4.2584e+01 0.0000e+00
         75 157.666163    0.00514     0.3083     18.500      0.946  43718.051    27.4975    10.3544      0.937    6.57448    10.3597    21.0455   11.91809 4.4347e+01 0.0000e+00
         76 157.666166    0.00521     0.3125     18.750      0.991  43745.923    27.5162    10.3589      0.982    6.57298    10.3571    21.0593   11.91534 4.8912e+01 0.0000e+00
         77 157.666169    0.00528     0.3167     19.000      0.999  43759.912    27.5253    10.3598      0.989    6.57242    10.3530    21.0663   11.91428 5.7514e+01 0.0000e+00
         78 157.666172    0.00535     0.3208     19.250      0.965  43771.952    27.5330    10.3572      0.956    6.57244    10.3501    21.0727   11.91421 6.7882e+01 0.0000e+00
         79 157.666175    0.00542     0.3250     19.500      0.909  43787.941    27.5434    10.3531      0.901    6.57258    10.3506    21.0815   11.91432 7.4091e+01 0.0000e+00
         80 157.666178    0.00549     0.3292     19.750      0.863  43806.182    27.5557    10.3502      0.855    6.57247    10.3542    21.0915   11.91398 7.1326e+01 0.0000e+00
         81 157.666181    0.00556     0.3333     20.000      0.852  43818.196    27.5640    10.3507      0.845    6.57205    10.3590    21.0979   11.91318 5.9397e+01 0.0000e+00
         82 157.666183    0.00562     0.3375     20.250      0.883  43818.663    27.5647    10.3543      0.875    6.57150    10.3628    21.0978   11.91226 4.4909e+01 0.0000e+00
         83 157.666186    0.00569     0.3417     20.500      0.935  43810.356    27.5593    10.3592      0.927    6.57101    10.3638    21.0928   11.91152 3.5712e+01 0.0000e+00
         84 157.666189    0.00576     0.3458     20.750      0.979  43799.892    27.5524    10.3629      0.970    6.57076    10.3620    21.0869   11.91118 3.2199e+01 0.0000e+00
         85 157.666192    0.00583     0.3500     21.000      0.993  43792.938    27.5477    10.3639      0.985    6.57081    10.3591    21.0830   11.91133 3.1581e+01 0.0000e+00
         86 157.666195    0.00590     0.3542     21.250      0.974  43790.794    27.5460    10.3621      0.965    6.57115    10.3575    21.0820   11.91190 3.2695e+01 0.0000e+00
         87 157.666198    0.00597     0.3583     21.500      0.935  43792.931    27.5472    10.3592      0.927    6.57152    10.3591    21.0834   11.91250 3.3351e+01 0.0000e+00
         88 157.666201    0.00604     0.3625     21.750      0.903  43797.226    27.5500    10.3577      0.895    6.57162    10.3638    21.0858   11.91263 3.1870e+01 0.0000e+00
         89 157.666204    0.00611     0.3667     22.000      0.899  43797.394    27.5503    10.3593      0.891    6.57137    10.3698    21.0858   11.91222 3.0089e+01 0.0000e+00
         90 157.666207    0.00618     0.3708     22.250      0.925  43789.413    27.5452    10.3639      0.916    6.57091    10.3754    21.0811   11.91152 2.9342e+01 0.0000e+00
