CTD-processing/allCTD/CNV--turbid/2013_04-20_t3_s05_cast117.cnv
* Sea-Bird SBE19plus Data File:
* FileName = C:\Documents and Settings\kris.holderied.local\My Documents\2012-2013-CTD-DATA-new-files\2013-04-EVOSTC-CookInlet-Ocean\2013-04-CookInlet-Tran3-AnchorPt\2013-04-20-CookInlet-Tran3-cast117.hex
* Software Version 1.54
* Temperature SN =  5028
* Conductivity SN =  5028
* System UpLoad Time = Apr 20 2013 23:40:07
** Cook Inlet LTM Transect 3 (Anchor Pt) East to West
** Date:  2013-04-20
** Station:  3-05
** Start time (AKDT-24 hr):  2138
** Depth (m): 27
** Comment:very turbid- can’t see the bottom of CTD
# nquan = 16
# nvalues = 598                         
# units = specified
# name 0 = scan: Scan Count
# name 1 = timeJ: Julian Days
# name 2 = timeH: Time, Elapsed [hours]
# name 3 = timeM: Time, Elapsed [minutes]
# name 4 = timeS: Time, Elapsed [seconds]
# name 5 = prdM: Pressure, Strain Gauge [db]
# name 6 = specc: Specific Conductance [uS/cm]
# name 7 = sal00: Salinity, Practical [PSU]
# name 8 = tv290C: Temperature [ITS-90, deg C]
# name 9 = depSM: Depth [salt water, m], lat = 59.00
# name 10 = oxsolML/L: Oxygen Saturation, Garcia & Gordon [ml/l]
# name 11 = potemp090C: Potential Temperature [ITS-90, deg C]
# name 12 = sigma-é00: Density [sigma-theta, kg/m^3]
# name 13 = n2satML/L: Nitrogen Saturation [ml/l]
# name 14 = par: PAR/Irradiance, Biospherical/Licor
# name 15 = flag:  0.000e+00
# span 0 =          1,        598       
# span 1 = 110.902836, 110.904563       
# span 2 =    0.00000,    0.04146       
# span 3 =     0.0000,     2.4875       
# span 4 =      0.000,    149.250       
# span 5 =      0.105,     25.758       
# span 6 =   1486.248,  50878.255       
# span 7 =     0.7072,    30.7696       
# span 8 =     1.5956,     1.6775       
# span 9 =      0.104,     25.515       
# span 10 =    7.90073,    9.73363      
# span 11 =     1.5956,     1.6772      
# span 12 =     0.5044,    24.6054      
# span 13 =   14.07005,   17.57960      
# span 14 = 3.7912e-02, 1.0281e+01      
# span 15 = 0.0000e+00, 0.0000e+00      
# interval = seconds: 0.25
# start_time = Apr 20 2013 21:40:05 [Instrument's time stamp, header]
# bad_flag = -9.990e-29
*END*
[from data line 543]
        544 110.904407    0.03771     2.2625    135.750     18.372  50868.326    30.7667     1.6696     18.199    7.90168     1.6688    24.6031   14.07145 3.7912e-02 0.0000e+00
        545 110.904410    0.03778     2.2667    136.000     18.495  50868.415    30.7666     1.6696     18.322    7.90168     1.6688    24.6031   14.07145 3.7912e-02 0.0000e+00
        546 110.904413    0.03785     2.2708    136.250     18.621  50868.518    30.7666     1.6696     18.446    7.90169     1.6687    24.6031   14.07146 3.7912e-02 0.0000e+00
        547 110.904416    0.03792     2.2750    136.500     18.750  50868.635    30.7666     1.6696     18.574    7.90169     1.6687    24.6031   14.07147 3.7912e-02 0.0000e+00
        548 110.904418    0.03799     2.2792    136.750     18.884  50868.776    30.7667     1.6695     18.707    7.90170     1.6686    24.6031   14.07148 3.7912e-02 0.0000e+00
        549 110.904421    0.03806     2.2833    137.000     19.024  50868.961    30.7667     1.6695     18.846    7.90170     1.6686    24.6032   14.07149 3.7912e-02 0.0000e+00
        550 110.904424    0.03812     2.2875    137.250     19.171  50869.147    30.7667     1.6695     18.991    7.90171     1.6686    24.6032   14.07150 3.7912e-02 0.0000e+00
        551 110.904427    0.03819     2.2917    137.500     19.323  50869.308    30.7667     1.6695     19.141    7.90171     1.6686    24.6032   14.07150 3.7912e-02 0.0000e+00
        552 110.904430    0.03826     2.2958    137.750     19.480  50869.508    30.7668     1.6695     19.297    7.90171     1.6686    24.6033   14.07150 3.7912e-02 0.0000e+00
        553 110.904433    0.03833     2.3000    138.000     19.641  50869.773    30.7669     1.6694     19.456    7.90171     1.6685    24.6033   14.07149 3.7912e-02 0.0000e+00
        554 110.904436    0.03840     2.3042    138.250     19.805  50870.056    30.7669     1.6694     19.619    7.90171     1.6685    24.6034   14.07149 3.7912e-02 0.0000e+00
        555 110.904439    0.03847     2.3083    138.500     19.970  50870.353    30.7670     1.6694     19.783    7.90171     1.6684    24.6035   14.07149 3.7912e-02 0.0000e+00
        556 110.904442    0.03854     2.3125    138.750     20.136  50870.735    30.7672     1.6693     19.948    7.90171     1.6684    24.6036   14.07149 3.7912e-02 0.0000e+00
        557 110.904444    0.03861     2.3167    139.000     20.302  50871.250    30.7674     1.6693     20.112    7.90171     1.6684    24.6038   14.07148 3.7912e-02 0.0000e+00
        558 110.904447    0.03868     2.3208    139.250     20.468  50871.798    30.7677     1.6692     20.277    7.90170     1.6684    24.6040   14.07146 3.7912e-02 0.0000e+00
        559 110.904450    0.03875     2.3250    139.500     20.633  50872.249    30.7679     1.6692     20.440    7.90168     1.6684    24.6042   14.07144 3.7912e-02 0.0000e+00
        560 110.904453    0.03882     2.3292    139.750     20.796  50872.600    30.7681     1.6692     20.601    7.90167     1.6684    24.6043   14.07142 3.7912e-02 0.0000e+00
        561 110.904456    0.03889     2.3333    140.000     20.956  50872.862    30.7682     1.6693     20.759    7.90167     1.6684    24.6044   14.07141 3.7912e-02 0.0000e+00
        562 110.904459    0.03896     2.3375    140.250     21.113  50873.015    30.7682     1.6693     20.914    7.90166     1.6684    24.6044   14.07140 3.7912e-02 0.0000e+00
        563 110.904462    0.03903     2.3417    140.500     21.265  50873.127    30.7682     1.6693     21.065    7.90166     1.6684    24.6044   14.07139 3.7912e-02 0.0000e+00
        564 110.904465    0.03910     2.3458    140.750     21.413  50873.283    30.7682     1.6693     21.212    7.90165     1.6684    24.6044   14.07139 3.7912e-02 0.0000e+00
        565 110.904468    0.03917     2.3500    141.000     21.556  50873.487    30.7683     1.6693     21.354    7.90165     1.6684    24.6044   14.07138 3.7912e-02 0.0000e+00
        566 110.904470    0.03924     2.3542    141.250     21.696  50873.676    30.7684     1.6694     21.492    7.90164     1.6685    24.6045   14.07136 3.7912e-02 0.0000e+00
        567 110.904473    0.03931     2.3583    141.500     21.834  50873.812    30.7684     1.6694     21.629    7.90163     1.6685    24.6045   14.07135 3.7912e-02 0.0000e+00
        568 110.904476    0.03938     2.3625    141.750     21.971  50873.921    30.7684     1.6694     21.765    7.90163     1.6685    24.6045   14.07134 3.7912e-02 0.0000e+00
        569 110.904479    0.03944     2.3667    142.000     22.109  50874.043    30.7684     1.6694     21.902    7.90162     1.6686    24.6046   14.07133 3.7912e-02 0.0000e+00
        570 110.904482    0.03951     2.3708    142.250     22.249  50874.202    30.7684     1.6695     22.040    7.90161     1.6686    24.6046   14.07131 3.7912e-02 0.0000e+00
        571 110.904485    0.03958     2.3750    142.500     22.389  50874.363    30.7685     1.6695     22.179    7.90160     1.6686    24.6046   14.07129 3.7912e-02 0.0000e+00
        572 110.904488    0.03965     2.3792    142.750     22.532  50874.498    30.7686     1.6696     22.321    7.90159     1.6686    24.6047   14.07127 3.7912e-02 0.0000e+00
        573 110.904491    0.03972     2.3833    143.000     22.678  50874.608    30.7686     1.6696     22.465    7.90158     1.6686    24.6047   14.07126 3.7912e-02 0.0000e+00
        574 110.904494    0.03979     2.3875    143.250     22.825  50874.700    30.7685     1.6696     22.610    7.90158     1.6686    24.6047   14.07126 3.7912e-02 0.0000e+00
        575 110.904497    0.03986     2.3917    143.500     22.972  50874.803    30.7685     1.6696     22.756    7.90159     1.6686    24.6046   14.07127 3.7912e-02 0.0000e+00
        576 110.904499    0.03993     2.3958    143.750     23.121  50874.930    30.7685     1.6696     22.903    7.90159     1.6685    24.6046   14.07127 3.7912e-02 0.0000e+00
        577 110.904502    0.04000     2.4000    144.000     23.269  50875.076    30.7685     1.6696     23.051    7.90159     1.6685    24.6047   14.07128 3.7912e-02 0.0000e+00
        578 110.904505    0.04007     2.4042    144.250     23.418  50875.217    30.7686     1.6695     23.198    7.90159     1.6686    24.6047   14.07128 3.7912e-02 0.0000e+00
        579 110.904508    0.04014     2.4083    144.500     23.568  50875.325    30.7686     1.6695     23.347    7.90159     1.6686    24.6047   14.07127 3.7912e-02 0.0000e+00
        580 110.904511    0.04021     2.4125    144.750     23.719  50875.457    30.7686     1.6696     23.496    7.90159     1.6686    24.6047   14.07126 3.7912e-02 0.0000e+00
        581 110.904514    0.04028     2.4167    145.000     23.872  50875.659    30.7686     1.6696     23.648    7.90158     1.6687    24.6047   14.07125 3.7912e-02 0.0000e+00
        582 110.904517    0.04035     2.4208    145.250     24.026  50875.886    30.7687     1.6697     23.800    7.90156     1.6687    24.6048   14.07122 3.7912e-02 0.0000e+00
        583 110.904520    0.04042     2.4250    145.500     24.180  50876.135    30.7688     1.6697     23.953    7.90155     1.6688    24.6048   14.07120 3.7912e-02 0.0000e+00
        584 110.904523    0.04049     2.4292    145.750     24.335  50876.360    30.7689     1.6698     24.107    7.90153     1.6688    24.6049   14.07118 3.7912e-02 0.0000e+00
        585 110.904525    0.04056     2.4333    146.000     24.490  50876.486    30.7689     1.6698     24.260    7.90152     1.6688    24.6049   14.07116 3.7912e-02 0.0000e+00
        586 110.904528    0.04063     2.4375    146.250     24.643  50876.583    30.7689     1.6699     24.411    7.90151     1.6688    24.6049   14.07114 3.7912e-02 0.0000e+00
        587 110.904531    0.04069     2.4417    146.500     24.794  50876.720    30.7689     1.6699     24.560    7.90150     1.6689    24.6049   14.07113 3.7912e-02 0.0000e+00
        588 110.904534    0.04076     2.4458    146.750     24.941  50876.883    30.7689     1.6699     24.706    7.90150     1.6689    24.6049   14.07111 3.7912e-02 0.0000e+00
        589 110.904537    0.04083     2.4500    147.000     25.085  50877.030    30.7689     1.6699     24.849    7.90149     1.6690    24.6050   14.07110 3.7912e-02 0.0000e+00
        590 110.904540    0.04090     2.4542    147.250     25.223  50877.172    30.7690     1.6700     24.986    7.90148     1.6690    24.6050   14.07108 3.7912e-02 0.0000e+00
        591 110.904543    0.04097     2.4583    147.500     25.354  50877.391    30.7691     1.6700     25.116    7.90146     1.6691    24.6051   14.07105 3.7912e-02 0.0000e+00
        592 110.904546    0.04104     2.4625    147.750     25.474  50877.728    30.7693     1.6701     25.234    7.90144     1.6692    24.6052   14.07102 3.7912e-02 0.0000e+00
        593 110.904549    0.04111     2.4667    148.000     25.575  50878.068    30.7695     1.6702     25.334    7.90142     1.6692    24.6054   14.07098 3.7912e-02 0.0000e+00
        594 110.904552    0.04118     2.4708    148.250     25.652  50878.248    30.7696     1.6703     25.410    7.90140     1.6693    24.6054   14.07094 3.7912e-02 0.0000e+00
        595 110.904554    0.04125     2.4750    148.500     25.703  50878.255    30.7696     1.6703     25.461    7.90138     1.6693    24.6054   14.07092 3.7912e-02 0.0000e+00
        596 110.904557    0.04132     2.4792    148.750     25.735  50878.171    30.7695     1.6704     25.492    7.90137     1.6693    24.6054   14.07091 3.7912e-02 0.0000e+00
        597 110.904560    0.04139     2.4833    149.000     25.752  50878.073    30.7694     1.6704     25.509    7.90137 -9.990e-29    24.6053   14.07091 3.7912e-02 0.0000e+00
        598 110.904563    0.04146     2.4875    149.250     25.758  50878.032    30.7694     1.6704     25.515    7.90137 -9.990e-29    24.6053   14.07091 3.7912e-02 0.0000e+00
