CTD-processing/allCTD/CNV--turbid/2013_02-12_alongbay_skb09_cast041.cnv
* Sea-Bird SBE19plus Data File:
* FileName = C:\Documents and Settings\kris.holderied.local\My Documents\2012-2013-CTD-DATA-new-files\2013-02-EVOSTC-CookInlet\2013-02-12-along-KBay-line\2012-02-12-Along-KBay-line-cast041.hex
* Software Version 1.54
* Temperature SN =  5028
* Conductivity SN =  5028
* System UpLoad Time = Mar 14 2013 23:54:03
** Kachemak Bay - along-bay transect, west to east
** Date:  12 Feb 2013
** Station: KB-08
** Start time (AKDT-24 hr): 20:15
** Depth (m): 77
** Comment: CTD time set wrong by 2 hours
** Comment: Supplement to Gulf Watch sampling
# nquan = 16
# nvalues = 931                         
# units = specified
# name 0 = scan: Scan Count
# name 1 = timeJ: Julian Days
# name 2 = timeH: Time, Elapsed [hours]
# name 3 = timeM: Time, Elapsed [minutes]
# name 4 = timeS: Time, Elapsed [seconds]
# name 5 = prdM: Pressure, Strain Gauge [db]
# name 6 = specc: Specific Conductance [uS/cm]
# name 7 = sal00: Salinity, Practical [PSU]
# name 8 = tv290C: Temperature [ITS-90, deg C]
# name 9 = depSM: Depth [salt water, m], lat = 59.00
# name 10 = oxsolML/L: Oxygen Saturation, Garcia & Gordon [ml/l]
# name 11 = potemp090C: Potential Temperature [ITS-90, deg C]
# name 12 = sigma-é00: Density [sigma-theta, kg/m^3]
# name 13 = n2satML/L: Nitrogen Saturation [ml/l]
# name 14 = par: PAR/Irradiance, Biospherical/Licor
# name 15 = flag:  0.000e+00
# span 0 =          1,        931       
# span 1 =  43.926933,  43.929624       
# span 2 =    0.00000,    0.06458       
# span 3 =     0.0000,     3.8750       
# span 4 =      0.000,    232.500       
# span 5 =     -0.135,     75.201       
# span 6 =     12.210,  51402.284       
# span 7 =     0.0048,    31.6002       
# span 8 =     1.6290,     3.5117       
# span 9 =     -0.134,     74.485       
# span 10 =    7.50232,    9.74860      
# span 11 =     1.6290,     3.5084      
# span 12 =    -0.0627,    25.1284      
# span 13 =   13.40149,   17.61697      
# span 14 = 3.7912e-02, 5.6067e+00      
# span 15 = 0.0000e+00, 0.0000e+00      
# interval = seconds: 0.25
# start_time = Feb 12 2013 22:14:47 [Instrument's time stamp, header]
# bad_flag = -9.990e-29
*END*
[from data line 272]
        273  43.927720    0.01889     1.1333     68.000      1.645  51284.845    31.5340     3.4295      1.629    7.52082     3.4278    25.0825   13.43285 9.6698e-01 0.0000e+00
        274  43.927723    0.01896     1.1375     68.250      1.660  51267.887    31.5227     3.4302      1.644    7.52126     3.4225    25.0734   13.43374 1.0085e+00 0.0000e+00
        275  43.927726    0.01903     1.1417     68.500      1.647  51259.888    31.5167     3.4279      1.632    7.52200     3.4156    25.0688   13.43503 1.0774e+00 0.0000e+00
        276  43.927729    0.01910     1.1458     68.750      1.610  51263.397    31.5178     3.4226      1.595    7.52292     3.4089    25.0701   13.43653 1.1237e+00 0.0000e+00
        277  43.927731    0.01917     1.1500     69.000      1.557  51275.948    31.5246     3.4157      1.542    7.52385     3.4040    25.0761   13.43799 1.1371e+00 0.0000e+00
        278  43.927734    0.01924     1.1542     69.250      1.497  51292.879    31.5344     3.4090      1.483    7.52459     3.4018    25.0846   13.43909 1.1374e+00 0.0000e+00
        279  43.927737    0.01931     1.1583     69.500      1.441  51310.357    31.5451     3.4041      1.427    7.52496     3.4026    25.0935   13.43956 1.1416e+00 0.0000e+00
        280  43.927740    0.01938     1.1625     69.750      1.399  51325.332    31.5547     3.4019      1.386    7.52488     3.4065    25.1013   13.43930 1.1459e+00 0.0000e+00
        281  43.927743    0.01944     1.1667     70.000      1.380  51336.306    31.5624     3.4027      1.367    7.52433     3.4126    25.1073   13.43828 1.1424e+00 0.0000e+00
        282  43.927746    0.01951     1.1708     70.250      1.390  51342.791    31.5678     3.4066      1.377    7.52334     3.4197    25.1113   13.43657 1.1372e+00 0.0000e+00
        283  43.927749    0.01958     1.1750     70.500      1.429  51343.706    31.5699     3.4127      1.416    7.52209     3.4266    25.1125   13.43449 1.1223e+00 0.0000e+00
        284  43.927752    0.01965     1.1792     70.750      1.491  51338.555    31.5682     3.4198      1.477    7.52087     3.4322    25.1104   13.43249 1.0702e+00 0.0000e+00
        285  43.927755    0.01972     1.1833     71.000      1.563  51327.929    31.5626     3.4266      1.549    7.51988     3.4358    25.1054   13.43093 9.9195e-01 0.0000e+00
        286  43.927758    0.01979     1.1875     71.250      1.629  51312.497    31.5535     3.4322      1.614    7.51931     3.4370    25.0977   13.43011 9.2732e-01 0.0000e+00
        287  43.927760    0.01986     1.1917     71.500      1.674  51294.834    31.5424     3.4359      1.659    7.51920     3.4355    25.0886   13.43008 9.0023e-01 0.0000e+00
        288  43.927763    0.01993     1.1958     71.750      1.687  51281.530    31.5337     3.4371      1.671    7.51943     3.4319    25.0815   13.43056 9.1395e-01 0.0000e+00
        289  43.927766    0.02000     1.2000     72.000      1.665  51279.942    31.5323     3.4356      1.649    7.51978     3.4285    25.0805   13.43116 9.7536e-01 0.0000e+00
        290  43.927769    0.02007     1.2042     72.250      1.613  51293.377    31.5405     3.4320      1.598    7.52002     3.4281    25.0874   13.43145 1.0661e+00 0.0000e+00
        291  43.927772    0.02014     1.2083     72.500      1.542  51317.090    31.5558     3.4286      1.528    7.51986     3.4314    25.0999   13.43100 1.1605e+00 0.0000e+00
        292  43.927775    0.02021     1.2125     72.750      1.468  51338.446    31.5702     3.4282      1.454    7.51921     3.4369    25.1114   13.42973 1.2585e+00 0.0000e+00
        293  43.927778    0.02028     1.2167     73.000      1.408  51348.572    31.5780     3.4315      1.395    7.51820     3.4426    25.1173   13.42796 1.3299e+00 0.0000e+00
        294  43.927781    0.02035     1.2208     73.250      1.376  51349.747    31.5802     3.4370      1.363    7.51707     3.4477    25.1185   13.42606 1.3708e+00 0.0000e+00
        295  43.927784    0.02042     1.2250     73.500      1.379  51347.580    31.5801     3.4427      1.366    7.51601     3.4520    25.1180   13.42432 1.3895e+00 0.0000e+00
        296  43.927786    0.02049     1.2292     73.750      1.414  51344.644    31.5794     3.4478      1.400    7.51511     3.4554    25.1170   13.42284 1.3401e+00 0.0000e+00
        297  43.927789    0.02056     1.2333     74.000      1.468  51341.125    31.5781     3.4521      1.455    7.51438     3.4577    25.1155   13.42165 1.2315e+00 0.0000e+00
        298  43.927792    0.02063     1.2375     74.250      1.527  51336.913    31.5761     3.4555      1.513    7.51385     3.4588    25.1136   13.42080 1.1260e+00 0.0000e+00
        299  43.927795    0.02069     1.2417     74.500      1.576  51332.650    31.5737     3.4578      1.561    7.51354     3.4587    25.1115   13.42032 1.0373e+00 0.0000e+00
        300  43.927798    0.02076     1.2458     74.750      1.605  51329.361    31.5717     3.4588      1.590    7.51345     3.4580    25.1099   13.42020 9.6559e-01 0.0000e+00
        301  43.927801    0.02083     1.2500     75.000      1.609  51327.892    31.5707     3.4588      1.594    7.51351     3.4571    25.1091   13.42031 9.3612e-01 0.0000e+00
        302  43.927804    0.02090     1.2542     75.250      1.592  51327.843    31.5705     3.4581      1.577    7.51365     3.4561    25.1090   13.42054 9.8572e-01 0.0000e+00
        303  43.927807    0.02097     1.2583     75.500      1.560  51327.842    31.5703     3.4572      1.545    7.51383     3.4547    25.1089   13.42084 1.0946e+00 0.0000e+00
        304  43.927810    0.02104     1.2625     75.750      1.523  51327.511    31.5699     3.4561      1.509    7.51405     3.4532    25.1086   13.42122 1.1585e+00 0.0000e+00
        305  43.927813    0.02111     1.2667     76.000      1.489  51327.586    31.5696     3.4548      1.476    7.51431     3.4518    25.1085   13.42165 1.1353e+00 0.0000e+00
        306  43.927815    0.02118     1.2708     76.250      1.463  51328.507    31.5698     3.4533      1.450    7.51457     3.4507    25.1088   13.42208 1.0693e+00 0.0000e+00
        307  43.927818    0.02125     1.2750     76.500      1.449  51330.071    31.5705     3.4519      1.436    7.51480     3.4499    25.1095   13.42245 9.8425e-01 0.0000e+00
        308  43.927821    0.02132     1.2792     76.750      1.448  51331.673    31.5713     3.4507      1.434    7.51497     3.4495    25.1103   13.42272 9.0348e-01 0.0000e+00
        309  43.927824    0.02139     1.2833     77.000      1.458  51332.834    31.5719     3.4500      1.444    7.51508     3.4494    25.1108   13.42288 8.5053e-01 0.0000e+00
        310  43.927827    0.02146     1.2875     77.250      1.478  51333.692    31.5724     3.4496      1.464    7.51513     3.4494    25.1112   13.42296 8.2704e-01 0.0000e+00
        311  43.927830    0.02153     1.2917     77.500      1.505  51334.376    31.5728     3.4494      1.491    7.51514     3.4495    25.1116   13.42297 8.1270e-01 0.0000e+00
        312  43.927833    0.02160     1.2958     77.750      1.539  51334.466    31.5729     3.4495      1.524    7.51513     3.4493    25.1116   13.42295 7.8276e-01 0.0000e+00
        313  43.927836    0.02167     1.3000     78.000      1.582  51333.689    31.5723     3.4495      1.567    7.51514     3.4488    25.1112   13.42298 7.5429e-01 0.0000e+00
        314  43.927839    0.02174     1.3042     78.250      1.638  51332.748    31.5716     3.4494      1.623    7.51521     3.4481    25.1106   13.42311 7.4495e-01 0.0000e+00
        315  43.927841    0.02181     1.3083     78.500      1.712  51332.832    31.5715     3.4489      1.696    7.51531     3.4477    25.1106   13.42328 7.3549e-01 0.0000e+00
        316  43.927844    0.02187     1.3125     78.750      1.802  51333.982    31.5721     3.4482      1.785    7.51540     3.4476    25.1111   13.42342 7.0642e-01 0.0000e+00
        317  43.927847    0.02194     1.3167     79.000      1.903  51334.998    31.5726     3.4478      1.886    7.51545     3.4475    25.1115   13.42349 6.6234e-01 0.0000e+00
        318  43.927850    0.02201     1.3208     79.250      2.014  51335.211    31.5727     3.4477      1.996    7.51547     3.4473    25.1116   13.42353 6.1576e-01 0.0000e+00
        319  43.927853    0.02208     1.3250     79.500      2.134  51334.998    31.5725     3.4476      2.115    7.51550     3.4469    25.1114   13.42358 5.6969e-01 0.0000e+00
        320  43.927856    0.02215     1.3292     79.750      2.266  51334.844    31.5722     3.4474      2.245    7.51555     3.4465    25.1112   13.42365 5.2763e-01 0.0000e+00
        321  43.927859    0.02222     1.3333     80.000      2.411  51334.954    31.5721     3.4471      2.388    7.51561     3.4461    25.1112   13.42376 4.9613e-01 0.0000e+00
        322  43.927862    0.02229     1.3375     80.250      2.569  51335.393    31.5722     3.4467      2.546    7.51568     3.4459    25.1113   13.42387 4.7477e-01 0.0000e+00
        323  43.927865    0.02236     1.3417     80.500      2.739  51336.191    31.5726     3.4463      2.714    7.51573     3.4459    25.1117   13.42395 4.5257e-01 0.0000e+00
        324  43.927867    0.02243     1.3458     80.750      2.916  51337.348    31.5733     3.4461      2.890    7.51574     3.4464    25.1122   13.42396 4.2147e-01 0.0000e+00
        325  43.927870    0.02250     1.3500     81.000      3.097  51338.792    31.5742     3.4461      3.068    7.51568     3.4474    25.1129   13.42386 3.8641e-01 0.0000e+00
        326  43.927873    0.02257     1.3542     81.250      3.278  51340.192    31.5751     3.4466      3.248    7.51555     3.4487    25.1137   13.42362 3.5361e-01 0.0000e+00
        327  43.927876    0.02264     1.3583     81.500      3.457  51340.944    31.5758     3.4476      3.426    7.51534     3.4501    25.1141   13.42327 3.2638e-01 0.0000e+00
        328  43.927879    0.02271     1.3625     81.750      3.632  51340.699    31.5759     3.4489      3.598    7.51509     3.4513    25.1141   13.42286 3.0541e-01 0.0000e+00
        329  43.927882    0.02278     1.3667     82.000      3.799  51339.661    31.5755     3.4503      3.764    7.51485     3.4523    25.1136   13.42246 2.8759e-01 0.0000e+00
        330  43.927885    0.02285     1.3708     82.250      3.958  51338.387    31.5748     3.4515      3.922    7.51465     3.4529    25.1130   13.42214 2.7049e-01 0.0000e+00
        331  43.927888    0.02292     1.3750     82.500      4.109  51337.291    31.5742     3.4525      4.070    7.51450     3.4533    25.1124   13.42191 2.5375e-01 0.0000e+00
        332  43.927891    0.02299     1.3792     82.750      4.253  51336.495    31.5738     3.4531      4.213    7.51440     3.4536    25.1120   13.42175 2.3990e-01 0.0000e+00
        333  43.927894    0.02306     1.3833     83.000      4.394  51336.035    31.5735     3.4536      4.353    7.51434     3.4538    25.1118   13.42165 2.3087e-01 0.0000e+00
        334  43.927896    0.02313     1.3875     83.250      4.539  51335.853    31.5734     3.4539      4.496    7.51429     3.4539    25.1116   13.42157 2.2348e-01 0.0000e+00
        335  43.927899    0.02319     1.3917     83.500      4.692  51335.830    31.5733     3.4541      4.648    7.51426     3.4541    25.1116   13.42152 2.1375e-01 0.0000e+00
        336  43.927902    0.02326     1.3958     83.750      4.856  51335.864    31.5733     3.4542      4.810    7.51423     3.4542    25.1115   13.42147 2.0169e-01 0.0000e+00
        337  43.927905    0.02333     1.4000     84.000      5.027  51335.886    31.5733     3.4544      4.980    7.51420     3.4543    25.1115   13.42142 1.8907e-01 0.0000e+00
        338  43.927908    0.02340     1.4042     84.250      5.198  51335.847    31.5732     3.4545      5.150    7.51418     3.4543    25.1114   13.42139 1.7724e-01 0.0000e+00
        339  43.927911    0.02347     1.4083     84.500      5.358  51335.771    31.5731     3.4546      5.308    7.51417     3.4543    25.1113   13.42138 1.6769e-01 0.0000e+00
        340  43.927914    0.02354     1.4125     84.750      5.494  51335.729    31.5730     3.4546      5.442    7.51417     3.4543    25.1113   13.42137 1.6139e-01 0.0000e+00
        341  43.927917    0.02361     1.4167     85.000      5.599  51335.776    31.5730     3.4546      5.547    7.51417     3.4542    25.1112   13.42137 1.5713e-01 0.0000e+00
        342  43.927920    0.02368     1.4208     85.250      5.675  51335.891    31.5730     3.4546      5.621    7.51417     3.4542    25.1113   13.42137 1.5252e-01 0.0000e+00
        343  43.927922    0.02375     1.4250     85.500      5.727  51336.043    31.5731     3.4546      5.673    7.51417     3.4543    25.1113   13.42138 1.4705e-01 0.0000e+00
        344  43.927925    0.02382     1.4292     85.750      5.767  51336.269    31.5732     3.4546      5.713    7.51417     3.4544    25.1114   13.42137 1.4170e-01 0.0000e+00
        345  43.927928    0.02389     1.4333     86.000      5.810  51336.586    31.5734     3.4546      5.756    7.51416     3.4545    25.1116   13.42134 1.3693e-01 0.0000e+00
        346  43.927931    0.02396     1.4375     86.250      5.871  51336.955    31.5736     3.4547      5.816    7.51413     3.4548    25.1118   13.42129 1.3286e-01 0.0000e+00
        347  43.927934    0.02403     1.4417     86.500      5.963  51337.287    31.5739     3.4549      5.907    7.51408     3.4551    25.1119   13.42122 1.2971e-01 0.0000e+00
        348  43.927937    0.02410     1.4458     86.750      6.091  51337.505    31.5740     3.4551      6.034    7.51403     3.4554    25.1120   13.42112 1.2754e-01 0.0000e+00
        349  43.927940    0.02417     1.4500     87.000      6.251  51337.593    31.5740     3.4554      6.192    7.51396     3.4557    25.1121   13.42102 1.2536e-01 0.0000e+00
        350  43.927943    0.02424     1.4542     87.250      6.427  51337.545    31.5740     3.4558      6.366    7.51390     3.4559    25.1120   13.42092 1.2166e-01 0.0000e+00
        351  43.927946    0.02431     1.4583     87.500      6.600  51337.370    31.5739     3.4561      6.538    7.51385     3.4561    25.1118   13.42084 1.1668e-01 0.0000e+00
        352  43.927948    0.02438     1.4625     87.750      6.753  51337.118    31.5737     3.4563      6.689    7.51382     3.4561    25.1117   13.42079 1.1149e-01 0.0000e+00
        353  43.927951    0.02444     1.4667     88.000      6.873  51336.857    31.5735     3.4565      6.809    7.51380     3.4561    25.1115   13.42076 1.0646e-01 0.0000e+00
        354  43.927954    0.02451     1.4708     88.250      6.957  51336.673    31.5733     3.4565      6.892    7.51379     3.4561    25.1114   13.42075 1.0176e-01 0.0000e+00
        355  43.927957    0.02458     1.4750     88.500      7.010  51336.615    31.5733     3.4565      6.944    7.51380     3.4560    25.1114   13.42076 9.7623e-02 0.0000e+00
        356  43.927960    0.02465     1.4792     88.750      7.043  51336.675    31.5733     3.4565      6.977    7.51381     3.4560    25.1114   13.42077 9.4146e-02 0.0000e+00
        357  43.927963    0.02472     1.4833     89.000      7.073  51336.854    31.5734     3.4564      7.007    7.51381     3.4560    25.1114   13.42078 9.1330e-02 0.0000e+00
        358  43.927966    0.02479     1.4875     89.250      7.114  51337.122    31.5736     3.4564      7.048    7.51381     3.4560    25.1116   13.42078 8.9123e-02 0.0000e+00
        359  43.927969    0.02486     1.4917     89.500      7.181  51337.371    31.5737     3.4564      7.114    7.51381     3.4561    25.1117   13.42077 8.6989e-02 0.0000e+00
        360  43.927972    0.02493     1.4958     89.750      7.284  51337.526    31.5737     3.4565      7.215    7.51379     3.4561    25.1117   13.42074 8.4578e-02 0.0000e+00
        361  43.927975    0.02500     1.5000     90.000      7.427  51337.577    31.5737     3.4565      7.357    7.51378     3.4561    25.1117   13.42072 8.2202e-02 0.0000e+00
