CTD-processing/allCTD/CNV--turbid/2013_01-04_t9_s03_cast003.cnv
* Sea-Bird SBE19plus Data File:
* FileName = C:\Documents and Settings\kris.holderied.local\My Documents\2012-2013-CTD-DATA-new-files\2013-01-04-CTD-HomerSpitLine\2013-01-04-HomerSpitLine-cast003.hex
* Software Version 1.54
* Temperature SN =  5028
* Conductivity SN =  5028
* System UpLoad Time = Feb 11 2013 18:49:35
** Kachemak Bay Spit Line South to North
** Date:  4 Jan 2013
** Station:  9-03
** Start time (AKDT-24 hr):  16:45
** Depth (m):  94
** Comment: After wave buoy rescue.
** Comment: CTD time set wrong by 2 hours
# nquan = 16
# nvalues = 1168                        
# units = specified
# name 0 = scan: Scan Count
# name 1 = timeJ: Julian Days
# name 2 = timeH: Time, Elapsed [hours]
# name 3 = timeM: Time, Elapsed [minutes]
# name 4 = timeS: Time, Elapsed [seconds]
# name 5 = prdM: Pressure, Strain Gauge [db]
# name 6 = specc: Specific Conductance [uS/cm]
# name 7 = sal00: Salinity, Practical [PSU]
# name 8 = tv290C: Temperature [ITS-90, deg C]
# name 9 = depSM: Depth [salt water, m], lat = 59.00
# name 10 = oxsolML/L: Oxygen Saturation, Garcia & Gordon [ml/l]
# name 11 = potemp090C: Potential Temperature [ITS-90, deg C]
# name 12 = sigma-é00: Density [sigma-theta, kg/m^3]
# name 13 = n2satML/L: Nitrogen Saturation [ml/l]
# name 14 = par: PAR/Irradiance, Biospherical/Licor
# name 15 = flag:  0.000e+00
# span 0 =          1,       1168       
# span 1 =   4.782292,   4.785668       
# span 2 =    0.00000,    0.08104       
# span 3 =     0.0000,     4.8625       
# span 4 =      0.000,    291.750       
# span 5 =     -0.062,     88.394       
# span 6 =    172.713,  51184.275       
# span 7 =     0.0764,    31.7089       
# span 8 =     2.3693,     4.6307       
# span 9 =     -0.062,     87.550       
# span 10 =    7.29521,    9.33050      
# span 11 =     2.3693,     4.6247      
# span 12 =     0.0334,    25.1068      
# span 13 =   13.05821,   16.91569      
# span 14 = 3.7912e-02, 9.7703e+00      
# span 15 = 0.0000e+00, 0.0000e+00      
# interval = seconds: 0.25
# start_time = Jan 04 2013 18:46:30 [Instrument's time stamp, header]
# bad_flag = -9.990e-29
*END*
[from data line 543]
        544   4.783863    0.03771     2.2625    135.750      0.634  49674.544    30.1887     2.4219      0.628    7.78318     2.4144    24.0899   13.88378 2.6636e+00 0.0000e+00
        545   4.783866    0.03778     2.2667    136.000      0.634  49656.956    30.1762     2.4192      0.628    7.78438     2.4084    24.0801   13.88594 2.6505e+00 0.0000e+00
        546   4.783869    0.03785     2.2708    136.250      0.634  49644.823    30.1668     2.4144      0.628    7.78582     2.4034    24.0730   13.88844 2.6150e+00 0.0000e+00
        547   4.783872    0.03792     2.2750    136.500      0.634  49645.194    30.1655     2.4085      0.628    7.78706     2.4009    24.0723   13.89050 2.5655e+00 0.0000e+00
        548   4.783874    0.03799     2.2792    136.750      0.635  49656.655    30.1718     2.4034      0.629    7.78771     2.4014    24.0777   13.89149 2.5583e+00 0.0000e+00
        549   4.783877    0.03806     2.2833    137.000      0.635  49673.426    30.1824     2.4009      0.629    7.78764     2.4041    24.0863   13.89123 2.5960e+00 0.0000e+00
        550   4.783880    0.03812     2.2875    137.250      0.636  49689.106    30.1930     2.4014      0.630    7.78698     2.4084    24.0947   13.89000 2.6239e+00 0.0000e+00
        551   4.783883    0.03819     2.2917    137.500      0.638  49702.001    30.2023     2.4041      0.632    7.78595     2.4135    24.1020   13.88816 2.6245e+00 0.0000e+00
        552   4.783886    0.03826     2.2958    137.750      0.640  49711.928    30.2101     2.4084      0.634    7.78469     2.4188    24.1079   13.88599 2.6812e+00 0.0000e+00
        553   4.783889    0.03833     2.3000    138.000      0.644  49718.689    30.2160     2.4135      0.638    7.78338     2.4237    24.1123   13.88374 2.7528e+00 0.0000e+00
        554   4.783892    0.03840     2.3042    138.250      0.651  49724.547    30.2213     2.4188      0.645    7.78207     2.4289    24.1162   13.88151 2.7410e+00 0.0000e+00
        555   4.783895    0.03847     2.3083    138.500      0.662  49734.911    30.2296     2.4237      0.655    7.78065     2.4356    24.1224   13.87906 2.7193e+00 0.0000e+00
        556   4.783898    0.03854     2.3125    138.750      0.680  49756.514    30.2454     2.4289      0.674    7.77880     2.4456    24.1347   13.87579 2.7622e+00 0.0000e+00
        557   4.783900    0.03861     2.3167    139.000      0.711  49795.558    30.2733     2.4356      0.704    7.77601     2.4610    24.1565   13.87082 2.7351e+00 0.0000e+00
        558   4.783903    0.03868     2.3208    139.250      0.762  49856.819    30.3170     2.4456      0.755    7.77174     2.4836    24.1906   13.86318 2.5122e+00 0.0000e+00
        559   4.783906    0.03875     2.3250    139.500      0.847  49939.802    30.3766     2.4611      0.839    7.76555     2.5132    24.2372   13.85216 2.2043e+00 0.0000e+00
        560   4.783909    0.03882     2.3292    139.750      0.975  50034.296    30.4459     2.4836      0.966    7.75747     2.5479    24.2908   13.83789 1.9045e+00 0.0000e+00
        561   4.783912    0.03889     2.3333    140.000      1.140  50127.494    30.5162     2.5132      1.129    7.74798     2.5859    24.3448   13.82129 1.6320e+00 0.0000e+00
        562   4.783915    0.03896     2.3375    140.250      1.325  50212.023    30.5820     2.5480      1.313    7.73774     2.6256    24.3948   13.80350 1.3903e+00 0.0000e+00
        563   4.783918    0.03903     2.3417    140.500      1.514  50284.640    30.6407     2.5859      1.500    7.72727     2.6664    24.4388   13.78544 1.1422e+00 0.0000e+00
        564   4.783921    0.03910     2.3458    140.750      1.696  50345.069    30.6917     2.6257      1.680    7.71688     2.7080    24.4766   13.76760 9.1262e-01 0.0000e+00
        565   4.783924    0.03917     2.3500    141.000      1.870  50395.865    30.7365     2.6665      1.852    7.70664     2.7518    24.5092   13.75010 7.3444e-01 0.0000e+00
        566   4.783927    0.03924     2.3542    141.250      2.048  50447.716    30.7823     2.7081      2.029    7.69622     2.8004    24.5425   13.73229 6.0030e-01 0.0000e+00
        567   4.783929    0.03931     2.3583    141.500      2.244  50508.846    30.8348     2.7519      2.224    7.68505     2.8550    24.5810   13.71315 5.0139e-01 0.0000e+00
        568   4.783932    0.03938     2.3625    141.750      2.463  50570.947    30.8892     2.8005      2.441    7.67288     2.9148    24.6206   13.69234 4.2919e-01 0.0000e+00
        569   4.783935    0.03944     2.3667    142.000      2.699  50624.483    30.9393     2.8551      2.674    7.65980     2.9779    24.6564   13.67009 3.7517e-01 0.0000e+00
        570   4.783938    0.03951     2.3708    142.250      2.944  50666.919    30.9834     2.9150      2.917    7.64609     3.0418    24.6867   13.64688 3.3364e-01 0.0000e+00
        571   4.783941    0.03958     2.3750    142.500      3.194  50695.559    31.0189     2.9781      3.164    7.63223     3.1035    24.7100   13.62352 3.0052e-01 0.0000e+00
        572   4.783944    0.03965     2.3792    142.750      3.445  50707.487    31.0433     3.0420      3.413    7.61882     3.1605    24.7242   13.60108 2.7329e-01 0.0000e+00
        573   4.783947    0.03972     2.3833    143.000      3.692  50705.355    31.0576     3.1037      3.657    7.60639     3.2122    24.7305   13.58038 2.5073e-01 0.0000e+00
        574   4.783950    0.03979     2.3875    143.250      3.928  50699.309    31.0680     3.1607      3.891    7.59509     3.2595    24.7341   13.56159 2.3162e-01 0.0000e+00
        575   4.783953    0.03986     2.3917    143.500      4.152  50695.326    31.0783     3.2124      4.113    7.58481     3.3025    24.7380   13.54449 2.1501e-01 0.0000e+00
        576   4.783955    0.03993     2.3958    143.750      4.365  50690.170    31.0867     3.2597      4.324    7.57550     3.3410    24.7407   13.52900 2.0059e-01 0.0000e+00
        577   4.783958    0.04000     2.4000    144.000      4.570  50681.998    31.0919     3.3027      4.527    7.56715     3.3753    24.7412   13.51515 1.8820e-01 0.0000e+00
        578   4.783961    0.04007     2.4042    144.250      4.770  50675.112    31.0969     3.3413      4.725    7.55968     3.4060    24.7419   13.50276 1.7766e-01 0.0000e+00
        579   4.783964    0.04014     2.4083    144.500      4.968  50670.620    31.1023     3.3756      4.922    7.55298     3.4332    24.7433   13.49164 1.6884e-01 0.0000e+00
        580   4.783967    0.04021     2.4125    144.750      5.169  50664.098    31.1055     3.4063      5.120    7.54707     3.4567    24.7431   13.48185 1.6171e-01 0.0000e+00
        581   4.783970    0.04028     2.4167    145.000      5.374  50656.713    31.1072     3.4335      5.323    7.54192     3.4773    24.7421   13.47332 1.5586e-01 0.0000e+00
        582   4.783973    0.04035     2.4208    145.250      5.584  50652.875    31.1103     3.4570      5.532    7.53738     3.4957    24.7426   13.46579 1.5041e-01 0.0000e+00
        583   4.783976    0.04042     2.4250    145.500      5.798  50650.496    31.1137     3.4777      5.744    7.53336     3.5115    24.7435   13.45911 1.4497e-01 0.0000e+00
        584   4.783979    0.04049     2.4292    145.750      6.014  50645.577    31.1148     3.4961      5.958    7.52989     3.5245    24.7427   13.45336 1.3961e-01 0.0000e+00
        585   4.783981    0.04056     2.4333    146.000      6.229  50639.429    31.1144     3.5119      6.171    7.52697     3.5353    24.7411   13.44855 1.3439e-01 0.0000e+00
        586   4.783984    0.04063     2.4375    146.250      6.441  50636.077    31.1153     3.5249      6.380    7.52451     3.5451    24.7406   13.44448 1.2937e-01 0.0000e+00
        587   4.783987    0.04069     2.4417    146.500      6.647  50637.696    31.1189     3.5357      6.585    7.52232     3.5547    24.7425   13.44082 1.2463e-01 0.0000e+00
        588   4.783990    0.04076     2.4458    146.750      6.845  50643.770    31.1253     3.5454      6.781    7.52019     3.5653    24.7468   13.43722 1.2025e-01 0.0000e+00
        589   4.783993    0.04083     2.4500    147.000      7.033  50654.542    31.1349     3.5551      6.967    7.51791     3.5782    24.7535   13.43333 1.1633e-01 0.0000e+00
        590   4.783996    0.04090     2.4542    147.250      7.207  50672.826    31.1498     3.5658      7.139    7.51519     3.5943    24.7645   13.42863 1.1299e-01 0.0000e+00
        591   4.783999    0.04097     2.4583    147.500      7.363  50696.368    31.1689     3.5787      7.294    7.51183     3.6131    24.7785   13.42284 1.1032e-01 0.0000e+00
        592   4.784002    0.04104     2.4625    147.750      7.505  50718.174    31.1875     3.5947      7.435    7.50791     3.6337    24.7919   13.41613 1.0835e-01 0.0000e+00
        593   4.784005    0.04111     2.4667    148.000      7.640  50735.842    31.2041     3.6136      7.569    7.50360     3.6547    24.8033   13.40879 1.0712e-01 0.0000e+00
        594   4.784008    0.04118     2.4708    148.250      7.773  50748.197    31.2174     3.6341      7.701    7.49913     3.6744    24.8121   13.40124 1.0684e-01 0.0000e+00
        595   4.784010    0.04125     2.4750    148.500      7.909  50752.331    31.2253     3.6551      7.836    7.49486     3.6913    24.8165   13.39408 1.0791e-01 0.0000e+00
        596   4.784013    0.04132     2.4792    148.750      8.053  50748.988    31.2277     3.6748      7.977    7.49110     3.7048    24.8167   13.38785 1.1106e-01 0.0000e+00
        597   4.784016    0.04139     2.4833    149.000      8.205  50742.146    31.2271     3.6918      8.128    7.48802     3.7151    24.8147   13.38277 1.1748e-01 0.0000e+00
        598   4.784019    0.04146     2.4875    149.250      8.369  50735.148    31.2255     3.7053      8.291    7.48561     3.7228    24.8122   13.37882 1.2535e-01 0.0000e+00
        599   4.784022    0.04153     2.4917    149.500      8.546  50729.576    31.2242     3.7156      8.466    7.48379     3.7286    24.8102   13.37583 1.2926e-01 0.0000e+00
        600   4.784025    0.04160     2.4958    149.750      8.738  50726.043    31.2235     3.7233      8.656    7.48240     3.7332    24.8090   13.37355 1.2770e-01 0.0000e+00
        601   4.784028    0.04167     2.5000    150.000      8.948  50725.005    31.2241     3.7291      8.864    7.48130     3.7373    24.8090   13.37173 1.2159e-01 0.0000e+00
        602   4.784031    0.04174     2.5042    150.250      9.181  50726.958    31.2265     3.7337      9.095    7.48034     3.7416    24.8104   13.37011 1.1152e-01 0.0000e+00
        603   4.784034    0.04181     2.5083    150.500      9.442  50732.692    31.2312     3.7378      9.354    7.47935     3.7471    24.8138   13.36840 1.0111e-01 0.0000e+00
        604   4.784036    0.04188     2.5125    150.750      9.738  50742.813    31.2390     3.7422      9.647    7.47815     3.7541    24.8196   13.36632 9.2767e-02 0.0000e+00
        605   4.784039    0.04194     2.5167    151.000     10.067  50755.773    31.2490     3.7477      9.972    7.47664     3.7624    24.8270   13.36370 8.6118e-02 0.0000e+00
        606   4.784042    0.04201     2.5208    151.250     10.420  50767.007    31.2582     3.7547     10.322    7.47488     3.7709    24.8337   13.36067 8.0750e-02 0.0000e+00
        607   4.784045    0.04208     2.5250    151.500     10.783  50772.703    31.2639     3.7631     10.682    7.47306     3.7785    24.8374   13.35761 7.6377e-02 0.0000e+00
        608   4.784048    0.04215     2.5292    151.750     11.139  50773.478    31.2663     3.7715     11.034    7.47139     3.7849    24.8385   13.35481 7.2854e-02 0.0000e+00
        609   4.784051    0.04222     2.5333    152.000     11.465  50771.972    31.2669     3.7792     11.358    7.46995     3.7899    24.8384   13.35243 7.0093e-02 0.0000e+00
        610   4.784054    0.04229     2.5375    152.250     11.737  50769.504    31.2667     3.7856     11.627    7.46880     3.7936    24.8376   13.35053 6.7994e-02 0.0000e+00
        611   4.784057    0.04236     2.5417    152.500     11.941  50766.353    31.2656     3.7906     11.828    7.46792     3.7962    24.8363   13.34910 6.6422e-02 0.0000e+00
        612   4.784060    0.04243     2.5458    152.750     12.088  50763.583    31.2646     3.7944     11.974    7.46729     3.7981    24.8351   13.34807 6.5195e-02 0.0000e+00
        613   4.784063    0.04250     2.5500    153.000     12.205  50762.887    31.2646     3.7969     12.090    7.46682     3.8000    24.8349   13.34729 6.4169e-02 0.0000e+00
        614   4.784065    0.04257     2.5542    153.250     12.314  50764.376    31.2661     3.7989     12.198    7.46640     3.8022    24.8359   13.34657 6.3222e-02 0.0000e+00
        615   4.784068    0.04264     2.5583    153.500     12.429  50767.058    31.2683     3.8008     12.312    7.46594     3.8050    24.8375   13.34579 6.2266e-02 0.0000e+00
        616   4.784071    0.04271     2.5625    153.750     12.559  50770.969    31.2714     3.8030     12.441    7.46538     3.8084    24.8398   13.34482 6.1280e-02 0.0000e+00
        617   4.784074    0.04278     2.5667    154.000     12.710  50776.045    31.2755     3.8058     12.590    7.46467     3.8126    24.8427   13.34360 6.0251e-02 0.0000e+00
        618   4.784077    0.04285     2.5708    154.250     12.881  50780.939    31.2795     3.8093     12.760    7.46382     3.8171    24.8456   13.34214 5.9195e-02 0.0000e+00
        619   4.784080    0.04292     2.5750    154.500     13.070  50784.628    31.2830     3.8134     12.948    7.46289     3.8216    24.8480   13.34056 5.8145e-02 0.0000e+00
        620   4.784083    0.04299     2.5792    154.750     13.267  50787.267    31.2858     3.8179     13.143    7.46193     3.8260    24.8498   13.33894 5.7135e-02 0.0000e+00
        621   4.784086    0.04306     2.5833    155.000     13.462  50788.987    31.2879     3.8225     13.336    7.46098     3.8300    24.8511   13.33734 5.6204e-02 0.0000e+00
        622   4.784089    0.04312     2.5875    155.250     13.652  50789.814    31.2895     3.8269     13.524    7.46010     3.8333    24.8519   13.33587 5.5355e-02 0.0000e+00
        623   4.784091    0.04319     2.5917    155.500     13.839  50790.198    31.2906     3.8309     13.709    7.45932     3.8361    24.8524   13.33456 5.4569e-02 0.0000e+00
        624   4.784094    0.04326     2.5958    155.750     14.024  50790.011    31.2912     3.8342     13.892    7.45867     3.8381    24.8525   13.33349 5.3842e-02 0.0000e+00
        625   4.784097    0.04333     2.6000    156.000     14.208  50788.887    31.2910     3.8369     14.074    7.45819     3.8394    24.8521   13.33270 5.3182e-02 0.0000e+00
        626   4.784100    0.04340     2.6042    156.250     14.391  50787.746    31.2906     3.8389     14.256    7.45784     3.8404    24.8517   13.33213 5.2609e-02 0.0000e+00
        627   4.784103    0.04347     2.6083    156.500     14.575  50787.687    31.2908     3.8403     14.438    7.45758     3.8413    24.8517   13.33170 5.2130e-02 0.0000e+00
        628   4.784106    0.04354     2.6125    156.750     14.758  50788.304    31.2913     3.8413     14.619    7.45736     3.8420    24.8521   13.33133 5.1777e-02 0.0000e+00
        629   4.784109    0.04361     2.6167    157.000     14.938  50789.001    31.2919     3.8422     14.798    7.45717     3.8428    24.8525   13.33101 5.1621e-02 0.0000e+00
        630   4.784112    0.04368     2.6208    157.250     15.116  50789.914    31.2926     3.8430     14.974    7.45700     3.8436    24.8530   13.33071 5.1770e-02 0.0000e+00
        631   4.784115    0.04375     2.6250    157.500     15.291  50791.122    31.2935     3.8437     15.148    7.45682     3.8445    24.8536   13.33040 5.2404e-02 0.0000e+00
        632   4.784117    0.04382     2.6292    157.750     15.465  50792.859    31.2948     3.8445     15.320    7.45661     3.8456    24.8545   13.33003 5.2709e-02 0.0000e+00
