CTD-processing/allCTD/CNV--turbid/2013_12-03_t9_s01_cast134.cnv
* Sea-Bird SBE19plus Data File:
* FileName = C:\Users\kris.holderied\Documents\kasitsna\Research-Projects-and-Data\Oceanography-AK\CTD-CookInlet-GulfWatchAK\2013-12-03-CookInlet-HomerSpit-monthly\2014_12_03_CookInlet_Tran9_cast134.hex
* Software Version 1.59
* Temperature SN =  4141
* Conductivity SN =  4141
* System UpLoad Time = Apr 14 2014 19:01:40
** Cook Inlet LTM Transect 9 (Homer Spit) Monthly
** Date: 2013-12-03
** Station: 9-01
** Start time: 15:02
** Depth (m): 68.6
** Comment: CTD time off by 1 hour
** Comment:
# nquan = 16
# nvalues = 513                         
# units = specified
# name 0 = scan: Scan Count
# name 1 = timeJ: Julian Days
# name 2 = timeH: Time, Elapsed [hours]
# name 3 = timeM: Time, Elapsed [minutes]
# name 4 = timeS: Time, Elapsed [seconds]
# name 5 = prdM: Pressure, Strain Gauge [db]
# name 6 = specc: Specific Conductance [uS/cm]
# name 7 = sal00: Salinity, Practical [PSU]
# name 8 = tv290C: Temperature [ITS-90, deg C]
# name 9 = depSM: Depth [salt water, m], lat = 59.00
# name 10 = oxsolML/L: Oxygen Saturation, Garcia & Gordon [ml/l]
# name 11 = potemp090C: Potential Temperature [ITS-90, deg C]
# name 12 = sigma-é00: Density [sigma-theta, kg/m^3]
# name 13 = n2satML/L: Nitrogen Saturation [ml/l]
# name 14 = par: PAR/Irradiance, Biospherical/Licor
# name 15 = flag:  0.000e+00
# span 0 =          1,        513       
# span 1 = 337.668206, 337.669688       
# span 2 =    0.00000,    0.03556       
# span 3 =     0.0000,     2.1333       
# span 4 =      0.000,    128.000       
# span 5 =      0.175,     63.991       
# span 6 =   5082.929,  49991.465       
# span 7 =     2.6568,    31.3108       
# span 8 =     5.3796,     6.6652       
# span 9 =      0.173,     63.383       
# span 10 =    6.97074,    8.68078      
# span 11 =     5.3796,     6.6598      
# span 12 =     2.0751,    24.5576      
# span 13 =   12.52727,   15.78366      
# span 14 = 3.6382e-02, 3.8936e+00      
# span 15 = 0.0000e+00, 0.0000e+00      
# interval = seconds: 0.25
# start_time = Dec 03 2013 16:02:13 [Instrument's time stamp, header]
# bad_flag = -9.990e-29
*END*
[from data line 181]
        182 337.668730    0.01257     0.7542     45.250      1.394  49673.422    31.0699     6.3928      1.380    7.02630     6.3880    24.4011   12.62216 2.5874e+00 0.0000e+00
        183 337.668733    0.01264     0.7583     45.500      1.374  49666.268    31.0646     6.3908      1.361    7.02687     6.3851    24.3972   12.62317 2.6083e+00 0.0000e+00
        184 337.668736    0.01271     0.7625     45.750      1.353  49664.632    31.0630     6.3881      1.340    7.02738     6.3821    24.3962   12.62403 2.6237e+00 0.0000e+00
        185 337.668738    0.01278     0.7667     46.000      1.330  49664.754    31.0626     6.3852      1.318    7.02788     6.3795    24.3962   12.62487 2.6384e+00 0.0000e+00
        186 337.668741    0.01285     0.7708     46.250      1.307  49665.832    31.0628     6.3823      1.295    7.02835     6.3773    24.3968   12.62564 2.6712e+00 0.0000e+00
        187 337.668744    0.01292     0.7750     46.500      1.285  49669.174    31.0646     6.3796      1.273    7.02870     6.3758    24.3985   12.62620 2.7072e+00 0.0000e+00
        188 337.668747    0.01299     0.7792     46.750      1.263  49673.543    31.0672     6.3775      1.251    7.02893     6.3748    24.4009   12.62655 2.6933e+00 0.0000e+00
        189 337.668750    0.01306     0.7833     47.000      1.242  49677.322    31.0696     6.3759      1.230    7.02908     6.3744    24.4029   12.62676 2.6405e+00 0.0000e+00
        190 337.668753    0.01313     0.7875     47.250      1.222  49683.414    31.0736     6.3749      1.211    7.02905     6.3747    24.4062   12.62666 2.6280e+00 0.0000e+00
        191 337.668756    0.01319     0.7917     47.500      1.209  49696.329    31.0825     6.3745      1.198    7.02871     6.3758    24.4132   12.62598 2.6521e+00 0.0000e+00
        192 337.668759    0.01326     0.7958     47.750      1.207  49715.844    31.0961     6.3748      1.195    7.02803     6.3779    24.4239   12.62469 2.6427e+00 0.0000e+00
        193 337.668762    0.01333     0.8000     48.000      1.217  49736.203    31.1104     6.3759      1.205    7.02719     6.3805    24.4351   12.62311 2.6189e+00 0.0000e+00
        194 337.668764    0.01340     0.8042     48.250      1.238  49750.376    31.1205     6.3780      1.226    7.02637     6.3826    24.4428   12.62164 2.6200e+00 0.0000e+00
        195 337.668767    0.01347     0.8083     48.500      1.263  49753.327    31.1230     6.3806      1.251    7.02583     6.3828    24.4445   12.62071 2.6382e+00 0.0000e+00
        196 337.668770    0.01354     0.8125     48.750      1.282  49742.590    31.1160     6.3827      1.271    7.02582     6.3799    24.4387   12.62078 2.6739e+00 0.0000e+00
        197 337.668773    0.01361     0.8167     49.000      1.289  49721.174    31.1012     6.3829      1.278    7.02647     6.3728    24.4270   12.62205 2.7206e+00 0.0000e+00
        198 337.668776    0.01368     0.8208     49.250      1.281  49699.365    31.0856     6.3800      1.269    7.02766     6.3607    24.4150   12.62421 2.7537e+00 0.0000e+00
        199 337.668779    0.01375     0.8250     49.500      1.261  49690.182    31.0779     6.3729      1.249    7.02919     6.3463    24.4099   12.62684 2.7434e+00 0.0000e+00
        200 337.668782    0.01382     0.8292     49.750      1.236  49702.501    31.0842     6.3608      1.224    7.03088     6.3342    24.4163   12.62954 2.6760e+00 0.0000e+00
        201 337.668785    0.01389     0.8333     50.000      1.218  49734.120    31.1034     6.3464      1.206    7.03235     6.3278    24.4332   12.63174 2.6148e+00 0.0000e+00
        202 337.668788    0.01396     0.8375     50.250      1.213  49771.309    31.1269     6.3343      1.202    7.03325     6.3280    24.4532   12.63292 2.5963e+00 0.0000e+00
        203 337.668791    0.01403     0.8417     50.500      1.223  49799.081    31.1449     6.3279      1.212    7.03346     6.3333    24.4682   12.63305 2.5774e+00 0.0000e+00
        204 337.668793    0.01410     0.8458     50.750      1.242  49810.193    31.1527     6.3281      1.230    7.03308     6.3410    24.4743   12.63232 2.5519e+00 0.0000e+00
        205 337.668796    0.01417     0.8500     51.000      1.261  49803.991    31.1494     6.3334      1.249    7.03236     6.3485    24.4710   12.63117 2.5323e+00 0.0000e+00
        206 337.668799    0.01424     0.8542     51.250      1.273  49784.064    31.1370     6.3411      1.261    7.03167     6.3548    24.4603   12.63019 2.5377e+00 0.0000e+00
        207 337.668802    0.01431     0.8583     51.500      1.274  49758.535    31.1207     6.3486      1.262    7.03118     6.3591    24.4466   12.62959 2.5954e+00 0.0000e+00
        208 337.668805    0.01438     0.8625     51.750      1.265  49736.574    31.1067     6.3549      1.253    7.03081     6.3613    24.4348   12.62915 2.6601e+00 0.0000e+00
        209 337.668808    0.01444     0.8667     52.000      1.252  49724.684    31.0992     6.3592      1.240    7.03045     6.3622    24.4284   12.62864 2.6543e+00 0.0000e+00
        210 337.668811    0.01451     0.8708     52.250      1.241  49725.685    31.1003     6.3614      1.229    7.03004     6.3634    24.4290   12.62796 2.6185e+00 0.0000e+00
        211 337.668814    0.01458     0.8750     52.500      1.239  49736.940    31.1083     6.3623      1.227    7.02952     6.3655    24.4352   12.62699 2.6036e+00 0.0000e+00
        212 337.668817    0.01465     0.8792     52.750      1.246  49751.291    31.1184     6.3635      1.234    7.02886     6.3686    24.4430   12.62576 2.5656e+00 0.0000e+00
        213 337.668819    0.01472     0.8833     53.000      1.260  49761.437    31.1259     6.3656      1.248    7.02816     6.3721    24.4486   12.62452 2.5368e+00 0.0000e+00
        214 337.668822    0.01479     0.8875     53.250      1.275  49762.417    31.1271     6.3687      1.263    7.02760     6.3753    24.4492   12.62357 2.5636e+00 0.0000e+00
        215 337.668825    0.01486     0.8917     53.500      1.284  49752.659    31.1210     6.3722      1.271    7.02730     6.3774    24.4439   12.62316 2.5861e+00 0.0000e+00
        216 337.668828    0.01493     0.8958     53.750      1.282  49736.109    31.1101     6.3754      1.270    7.02729     6.3782    24.4350   12.62328 2.5773e+00 0.0000e+00
        217 337.668831    0.01500     0.9000     54.000      1.270  49720.955    31.1000     6.3775      1.258    7.02741     6.3775    24.4268   12.62361 2.5760e+00 0.0000e+00
        218 337.668834    0.01507     0.9042     54.250      1.255  49714.963    31.0960     6.3783      1.243    7.02747     6.3761    24.4235   12.62376 2.5956e+00 0.0000e+00
        219 337.668837    0.01514     0.9083     54.500      1.243  49722.387    31.1010     6.3776      1.231    7.02735     6.3753    24.4276   12.62349 2.6148e+00 0.0000e+00
        220 337.668840    0.01521     0.9125     54.750      1.241  49740.323    31.1132     6.3762      1.229    7.02701     6.3762    24.4373   12.62278 2.6101e+00 0.0000e+00
        221 337.668843    0.01528     0.9167     55.000      1.251  49759.621    31.1264     6.3754      1.239    7.02653     6.3790    24.4478   12.62181 2.5750e+00 0.0000e+00
        222 337.668845    0.01535     0.9208     55.250      1.270  49771.769    31.1350     6.3763      1.258    7.02598     6.3828    24.4544   12.62079 2.5248e+00 0.0000e+00
        223 337.668848    0.01542     0.9250     55.500      1.291  49772.325    31.1359     6.3791      1.279    7.02548     6.3864    24.4548   12.61996 2.5071e+00 0.0000e+00
        224 337.668851    0.01549     0.9292     55.750      1.309  49760.764    31.1286     6.3829      1.296    7.02520     6.3891    24.4486   12.61959 2.5379e+00 0.0000e+00
        225 337.668854    0.01556     0.9333     56.000      1.319  49741.996    31.1162     6.3865      1.306    7.02518     6.3903    24.4384   12.61972 2.5755e+00 0.0000e+00
        226 337.668857    0.01563     0.9375     56.250      1.323  49724.841    31.1048     6.3892      1.310    7.02526     6.3900    24.4291   12.62000 2.6075e+00 0.0000e+00
        227 337.668860    0.01569     0.9417     56.500      1.323  49716.039    31.0990     6.3904      1.310    7.02533     6.3891    24.4243   12.62019 2.6187e+00 0.0000e+00
        228 337.668863    0.01576     0.9458     56.750      1.326  49718.156    31.1004     6.3901      1.313    7.02531     6.3885    24.4255   12.62013 2.5737e+00 0.0000e+00
        229 337.668866    0.01583     0.9500     57.000      1.334  49728.758    31.1075     6.3892      1.321    7.02513     6.3887    24.4312   12.61974 2.5196e+00 0.0000e+00
        230 337.668869    0.01590     0.9542     57.250      1.345  49739.853    31.1151     6.3887      1.333    7.02486     6.3892    24.4373   12.61921 2.5252e+00 0.0000e+00
        231 337.668872    0.01597     0.9583     57.500      1.355  49743.733    31.1179     6.3889      1.343    7.02472     6.3895    24.4394   12.61893 2.5589e+00 0.0000e+00
        232 337.668874    0.01604     0.9625     57.750      1.359  49738.280    31.1142     6.3893      1.347    7.02481     6.3891    24.4364   12.61914 2.5695e+00 0.0000e+00
        233 337.668877    0.01611     0.9667     58.000      1.354  49726.354    31.1060     6.3896      1.342    7.02515     6.3877    24.4299   12.61979 2.5744e+00 0.0000e+00
        234 337.668880    0.01618     0.9708     58.250      1.339  49713.383    31.0970     6.3893      1.326    7.02562     6.3846    24.4228   12.62069 2.5999e+00 0.0000e+00
        235 337.668883    0.01625     0.9750     58.500      1.316  49704.810    31.0908     6.3878      1.303    7.02615     6.3798    24.4181   12.62165 2.6282e+00 0.0000e+00
        236 337.668886    0.01632     0.9792     58.750      1.289  49705.592    31.0907     6.3847      1.276    7.02666     6.3746    24.4185   12.62249 2.6322e+00 0.0000e+00
        237 337.668889    0.01639     0.9833     59.000      1.266  49720.033    31.0998     6.3799      1.254    7.02702     6.3709    24.4263   12.62297 2.6315e+00 0.0000e+00
        238 337.668892    0.01646     0.9875     59.250      1.257  49745.485    31.1165     6.3747      1.245    7.02711     6.3705    24.4400   12.62291 2.6477e+00 0.0000e+00
        239 337.668895    0.01653     0.9917     59.500      1.261  49770.143    31.1329     6.3710      1.250    7.02695     6.3729    24.4534   12.62243 2.6439e+00 0.0000e+00
        240 337.668898    0.01660     0.9958     59.750      1.274  49783.077    31.1418     6.3706      1.262    7.02660     6.3765    24.4605   12.62175 2.6131e+00 0.0000e+00
        241 337.668900    0.01667     1.0000     60.000      1.286  49780.780    31.1406     6.3730      1.274    7.02626     6.3798    24.4593   12.62120 2.6141e+00 0.0000e+00
        242 337.668903    0.01674     1.0042     60.250      1.291  49766.277    31.1312     6.3766      1.279    7.02611     6.3821    24.4514   12.62106 2.6353e+00 0.0000e+00
        243 337.668906    0.01681     1.0083     60.500      1.287  49747.251    31.1187     6.3799      1.275    7.02614     6.3828    24.4411   12.62127 2.6301e+00 0.0000e+00
        244 337.668909    0.01688     1.0125     60.750      1.276  49731.912    31.1085     6.3822      1.264    7.02624     6.3818    24.4328   12.62157 2.6361e+00 0.0000e+00
        245 337.668912    0.01694     1.0167     61.000      1.264  49726.255    31.1047     6.3829      1.252    7.02631     6.3801    24.4297   12.62172 2.6666e+00 0.0000e+00
        246 337.668915    0.01701     1.0208     61.250      1.255  49732.447    31.1088     6.3819      1.243    7.02627     6.3788    24.4331   12.62161 2.6684e+00 0.0000e+00
        247 337.668918    0.01708     1.0250     61.500      1.254  49746.375    31.1182     6.3802      1.242    7.02613     6.3788    24.4407   12.62125 2.6293e+00 0.0000e+00
        248 337.668921    0.01715     1.0292     61.750      1.261  49760.346    31.1276     6.3789      1.249    7.02589     6.3797    24.4483   12.62074 2.5912e+00 0.0000e+00
        249 337.668924    0.01722     1.0333     62.000      1.271  49768.082    31.1329     6.3789      1.259    7.02565     6.3809    24.4525   12.62028 2.5918e+00 0.0000e+00
        250 337.668927    0.01729     1.0375     62.250      1.281  49766.373    31.1319     6.3798      1.269    7.02554     6.3814    24.4516   12.62012 2.6286e+00 0.0000e+00
        251 337.668929    0.01736     1.0417     62.500      1.283  49755.583    31.1246     6.3810      1.271    7.02569     6.3806    24.4457   12.62046 2.6702e+00 0.0000e+00
        252 337.668932    0.01743     1.0458     62.750      1.277  49740.789    31.1145     6.3815      1.265    7.02607     6.3780    24.4376   12.62121 2.6819e+00 0.0000e+00
        253 337.668935    0.01750     1.0500     63.000      1.263  49730.537    31.1073     6.3807      1.252    7.02653     6.3737    24.4320   12.62206 2.6689e+00 0.0000e+00
        254 337.668938    0.01757     1.0542     63.250      1.250  49732.164    31.1079     6.3781      1.238    7.02694     6.3696    24.4329   12.62273 2.6660e+00 0.0000e+00
        255 337.668941    0.01764     1.0583     63.500      1.242  49747.506    31.1178     6.3738      1.231    7.02718     6.3677    24.4411   12.62301 2.6664e+00 0.0000e+00
        256 337.668944    0.01771     1.0625     63.750      1.245  49770.877    31.1332     6.3697      1.234    7.02714     6.3692    24.4538   12.62275 2.6383e+00 0.0000e+00
        257 337.668947    0.01778     1.0667     64.000      1.257  49792.724    31.1480     6.3678      1.246    7.02676     6.3740    24.4657   12.62193 2.6133e+00 0.0000e+00
        258 337.668950    0.01785     1.0708     64.250      1.273  49807.013    31.1581     6.3693      1.261    7.02604     6.3814    24.4735   12.62062 2.6427e+00 0.0000e+00
        259 337.668953    0.01792     1.0750     64.500      1.285  49814.652    31.1643     6.3741      1.273    7.02498     6.3910    24.4778   12.61878 2.6750e+00 0.0000e+00
        260 337.668955    0.01799     1.0792     64.750      1.286  49824.687    31.1726     6.3815      1.275    7.02338     6.4026    24.4834   12.61604 2.6755e+00 0.0000e+00
        261 337.668958    0.01806     1.0833     65.000      1.277  49842.151    31.1864     6.3911      1.266    7.02117     6.4150    24.4932   12.61220 2.6857e+00 0.0000e+00
        262 337.668961    0.01812     1.0875     65.250      1.261  49856.333    31.1984     6.4027      1.249    7.01870     6.4262    24.5012   12.60798 2.7034e+00 0.0000e+00
        263 337.668964    0.01819     1.0917     65.500      1.246  49858.784    31.2024     6.4151      1.235    7.01648     6.4346    24.5028   12.60425 2.7184e+00 0.0000e+00
        264 337.668967    0.01826     1.0958     65.750      1.240  49854.060    31.2012     6.4263      1.228    7.01472     6.4404    24.5005   12.60135 2.7174e+00 0.0000e+00
        265 337.668970    0.01833     1.1000     66.000      1.244  49847.972    31.1985     6.4347      1.232    7.01345     6.4440    24.4973   12.59930 2.6773e+00 0.0000e+00
        266 337.668973    0.01840     1.1042     66.250      1.256  49842.689    31.1959     6.4405      1.244    7.01263     6.4461    24.4945   12.59797 2.6368e+00 0.0000e+00
        267 337.668976    0.01847     1.1083     66.500      1.269  49838.912    31.1939     6.4441      1.257    7.01213     6.4471    24.4925   12.59717 2.6197e+00 0.0000e+00
        268 337.668979    0.01854     1.1125     66.750      1.279  49836.638    31.1927     6.4462      1.267    7.01185     6.4477    24.4913   12.59672 2.6170e+00 0.0000e+00
        269 337.668981    0.01861     1.1167     67.000      1.284  49835.480    31.1921     6.4472      1.272    7.01170     6.4480    24.4907   12.59647 2.6499e+00 0.0000e+00
        270 337.668984    0.01868     1.1208     67.250      1.281  49835.279    31.1921     6.4478      1.269    7.01162     6.4482    24.4906   12.59633 2.6901e+00 0.0000e+00
        271 337.668987    0.01875     1.1250     67.500      1.274  49835.529    31.1923     6.4481      1.262    7.01156     6.4483    24.4908   12.59623 2.6861e+00 0.0000e+00
