CTD-processing/allCTD/CNV--turbid/2013_11-06_t6_s28_cast152.cnv
* Sea-Bird SBE19plus Data File:
* FileName = C:\Users\kris.holderied\Documents\kasitsna\Research-Projects-and-Data\Oceanography-AK\CTD-CookInlet-GulfWatchAK\2013-10-11-EVOSTC-CookInlet-Ocean\2013-11-06-CookInlet-Tran6-Douglas\2013-11-06-CookInlet-Tran6-cast152.hex
* Software Version 1.59
* Temperature SN =  5028
* Conductivity SN =  5028
* System UpLoad Time = Feb 14 2014 17:32:35
** Cook Inlet Transect 6 (Douglas) east to west
** Date: 2013-11-06
** Station: 6-28
** Start time: 16:31
** Depth (m): 35
** Comment:  CTD instrument time is AK Daylight time *1 hour off*
** Comment:
# nquan = 16
# nvalues = 477                         
# units = specified
# name 0 = scan: Scan Count
# name 1 = timeJ: Julian Days
# name 2 = timeH: Time, Elapsed [hours]
# name 3 = timeM: Time, Elapsed [minutes]
# name 4 = timeS: Time, Elapsed [seconds]
# name 5 = prdM: Pressure, Strain Gauge [db]
# name 6 = specc: Specific Conductance [uS/cm]
# name 7 = sal00: Salinity, Practical [PSU]
# name 8 = tv290C: Temperature [ITS-90, deg C]
# name 9 = depSM: Depth [salt water, m], lat = 59.00
# name 10 = oxsolML/L: Oxygen Saturation, Garcia & Gordon [ml/l]
# name 11 = potemp090C: Potential Temperature [ITS-90, deg C]
# name 12 = sigma-é00: Density [sigma-theta, kg/m^3]
# name 13 = n2satML/L: Nitrogen Saturation [ml/l]
# name 14 = par: PAR/Irradiance, Biospherical/Licor
# name 15 = flag:  0.000e+00
# span 0 =          1,        477       
# span 1 = 310.729977, 310.731354       
# span 2 =    0.00000,    0.03306       
# span 3 =     0.0000,     1.9833       
# span 4 =      0.000,    119.000       
# span 5 =     -0.042,     35.596       
# span 6 =    662.747,  45992.667       
# span 7 =     0.3132,    28.6463       
# span 8 =     6.1148,     7.1661       
# span 9 =     -0.042,     35.260       
# span 10 =    7.01203,    8.66591      
# span 11 =     6.1148,     7.1631      
# span 12 =     0.1895,    22.3980      
# span 13 =   12.62935,   15.79611      
# span 14 = 4.1997e-02, 1.3199e+01      
# span 15 = 0.0000e+00, 0.0000e+00      
# interval = seconds: 0.25
# start_time = Nov 06 2013 17:31:10 [Instrument's time stamp, header]
# bad_flag = -9.990e-29
*END*
[from data line 91]
         92 310.730240    0.00632     0.3792     22.750      1.718  45485.644    28.2685     6.8816      1.702    7.07613     6.8309    22.1357   12.74032 3.1900e+00 0.0000e+00
         93 310.730243    0.00639     0.3833     23.000      1.829  45483.916    28.2640     6.8609      1.812    7.07975     6.7982    22.1347   12.74638 3.0425e+00 0.0000e+00
         94 310.730246    0.00646     0.3875     23.250      1.930  45510.408    28.2774     6.8310      1.912    7.08407     6.7680    22.1489   12.75335 3.0009e+00 0.0000e+00
         95 310.730249    0.00653     0.3917     23.500      2.011  45552.990    28.3014     6.7983      1.992    7.08836     6.7432    22.1717   12.76016 3.0614e+00 0.0000e+00
         96 310.730252    0.00660     0.3958     23.750      2.062  45600.372    28.3291     6.7682      2.042    7.09207     6.7257    22.1971   12.76594 3.2133e+00 0.0000e+00
         97 310.730255    0.00667     0.4000     24.000      2.074  45644.353    28.3553     6.7434      2.054    7.09494     6.7164    22.2208   12.77036 3.4468e+00 0.0000e+00
         98 310.730258    0.00674     0.4042     24.250      2.042  45681.894    28.3783     6.7259      2.023    7.09676     6.7162    22.2409   12.77309 3.7539e+00 0.0000e+00
         99 310.730260    0.00681     0.4083     24.500      1.969  45715.244    28.3997     6.7166      1.950    7.09731     6.7271    22.2589   12.77373 4.1239e+00 0.0000e+00
        100 310.730263    0.00688     0.4125     24.750      1.859  45744.609    28.4198     6.7163      1.842    7.09642     6.7506    22.2747   12.77198 4.5288e+00 0.0000e+00
        101 310.730266    0.00694     0.4167     25.000      1.725  45766.198    28.4364     6.7273      1.709    7.09383     6.7832    22.2865   12.76748 4.9209e+00 0.0000e+00
        102 310.730269    0.00701     0.4208     25.250      1.583  45774.519    28.4459     6.7507      1.568    7.08951     6.8181    22.2911   12.76021 5.2429e+00 0.0000e+00
        103 310.730272    0.00708     0.4250     25.500      1.449  45762.380    28.4428     6.7833      1.436    7.08426     6.8492    22.2847   12.75155 5.4326e+00 0.0000e+00
        104 310.730275    0.00715     0.4292     25.750      1.340  45727.909    28.4247     6.8182      1.327    7.07933     6.8733    22.2663   12.74361 5.4579e+00 0.0000e+00
        105 310.730278    0.00722     0.4333     26.000      1.265  45675.623    28.3938     6.8493      1.253    7.07562     6.8894    22.2382   12.73787 5.3437e+00 0.0000e+00
        106 310.730281    0.00729     0.4375     26.250      1.230  45612.909    28.3546     6.8734      1.218    7.07347     6.8979    22.2045   12.73481 5.1425e+00 0.0000e+00
        107 310.730284    0.00736     0.4417     26.500      1.234  45553.346    28.3163     6.8895      1.222    7.07259     6.8997    22.1724   12.73385 4.8973e+00 0.0000e+00
        108 310.730286    0.00743     0.4458     26.750      1.273  45512.840    28.2899     6.8980      1.261    7.07241     6.8964    22.1506   12.73389 4.6267e+00 0.0000e+00
        109 310.730289    0.00750     0.4500     27.000      1.344  45499.689    28.2811     6.8998      1.331    7.07253     6.8907    22.1435   12.73421 4.3371e+00 0.0000e+00
        110 310.730292    0.00757     0.4542     27.250      1.440  45509.187    28.2871     6.8965      1.426    7.07280     6.8843    22.1486   12.73458 4.0379e+00 0.0000e+00
        111 310.730295    0.00764     0.4583     27.500      1.552  45526.169    28.2978     6.8908      1.537    7.07324     6.8763    22.1577   12.73517 3.7471e+00 0.0000e+00
        112 310.730298    0.00771     0.4625     27.750      1.669  45534.088    28.3022     6.8845      1.653    7.07409     6.8629    22.1619   12.73651 3.4903e+00 0.0000e+00
        113 310.730301    0.00778     0.4667     28.000      1.781  45527.441    28.2963     6.8764      1.764    7.07569     6.8406    22.1582   12.73925 3.2938e+00 0.0000e+00
        114 310.730304    0.00785     0.4708     28.250      1.877  45521.114    28.2898     6.8630      1.859    7.07820     6.8100    22.1547   12.74348 3.1759e+00 0.0000e+00
        115 310.730307    0.00792     0.4750     28.500      1.949  45535.299    28.2960     6.8407      1.931    7.08160     6.7775    22.1623   12.74904 3.1420e+00 0.0000e+00
        116 310.730310    0.00799     0.4792     28.750      1.990  45571.850    28.3162     6.8102      1.972    7.08571     6.7494    22.1819   12.75558 3.1889e+00 0.0000e+00
        117 310.730313    0.00806     0.4833     29.000      1.998  45617.876    28.3426     6.7777      1.979    7.08986     6.7288    22.2066   12.76211 3.3091e+00 0.0000e+00
        118 310.730315    0.00813     0.4875     29.250      1.974  45661.829    28.3683     6.7496      1.956    7.09331     6.7166    22.2302   12.76750 3.4926e+00 0.0000e+00
        119 310.730318    0.00819     0.4917     29.500      1.925  45698.687    28.3903     6.7289      1.907    7.09570     6.7134    22.2500   12.77118 3.7208e+00 0.0000e+00
        120 310.730321    0.00826     0.4958     29.750      1.858  45725.515    28.4068     6.7168      1.840    7.09694     6.7196    22.2644   12.77302 3.9624e+00 0.0000e+00
        121 310.730324    0.00833     0.5000     30.000      1.782  45737.737    28.4147     6.7136      1.765    7.09710     6.7343    22.2710   12.77318 4.1933e+00 0.0000e+00
        122 310.730327    0.00840     0.5042     30.250      1.704  45732.617    28.4122     6.7198      1.687    7.09619     6.7540    22.2683   12.77171 4.4044e+00 0.0000e+00
        123 310.730330    0.00847     0.5083     30.500      1.630  45712.085    28.4005     6.7345      1.614    7.09430     6.7738    22.2574   12.76872 4.5902e+00 0.0000e+00
        124 310.730333    0.00854     0.5125     30.750      1.562  45680.645    28.3821     6.7542      1.547    7.09190     6.7905    22.2405   12.76498 4.7474e+00 0.0000e+00
        125 310.730336    0.00861     0.5167     31.000      1.503  45643.930    28.3601     6.7740      1.489    7.08965     6.8036    22.2208   12.76154 4.8736e+00 0.0000e+00
        126 310.730339    0.00868     0.5208     31.250      1.453  45607.477    28.3378     6.7906      1.439    7.08793     6.8139    22.2013   12.75897 4.9680e+00 0.0000e+00
        127 310.730341    0.00875     0.5250     31.500      1.413  45575.060    28.3177     6.8037      1.400    7.08670     6.8215    22.1838   12.75719 5.0292e+00 0.0000e+00
        128 310.730344    0.00882     0.5292     31.750      1.386  45548.747    28.3013     6.8140      1.373    7.08576     6.8258    22.1697   12.75586 5.0378e+00 0.0000e+00
        129 310.730347    0.00889     0.5333     32.000      1.374  45530.266    28.2898     6.8216      1.361    7.08504     6.8268    22.1598   12.75480 4.9618e+00 0.0000e+00
        130 310.730350    0.00896     0.5375     32.250      1.380  45521.936    28.2848     6.8259      1.367    7.08456     6.8266    22.1553   12.75407 4.7962e+00 0.0000e+00
        131 310.730353    0.00903     0.5417     32.500      1.403  45525.043    28.2871     6.8270      1.390    7.08428     6.8278    22.1570   12.75358 4.5761e+00 0.0000e+00
        132 310.730356    0.00910     0.5458     32.750      1.444  45536.891    28.2951     6.8267      1.431    7.08394     6.8316    22.1633   12.75292 4.3399e+00 0.0000e+00
        133 310.730359    0.00917     0.5500     33.000      1.501  45550.687    28.3048     6.8279      1.487    7.08330     6.8375    22.1708   12.75173 4.1026e+00 0.0000e+00
        134 310.730362    0.00924     0.5542     33.250      1.571  45558.640    28.3108     6.8318      1.556    7.08238     6.8433    22.1751   12.75012 3.8713e+00 0.0000e+00
        135 310.730365    0.00931     0.5583     33.500      1.648  45555.072    28.3092     6.8376      1.633    7.08148     6.8461    22.1731   12.74866 3.6611e+00 0.0000e+00
        136 310.730367    0.00937     0.5625     33.750      1.728  45538.522    28.2988     6.8434      1.712    7.08101     6.8431    22.1642   12.74801 3.4904e+00 0.0000e+00
        137 310.730370    0.00944     0.5667     34.000      1.804  45514.482    28.2827     6.8462      1.787    7.08130     6.8317    22.1512   12.74871 3.3748e+00 0.0000e+00
        138 310.730373    0.00951     0.5708     34.250      1.873  45493.610    28.2679     6.8432      1.855    7.08249     6.8101    22.1399   12.75087 3.3252e+00 0.0000e+00
        139 310.730376    0.00958     0.5750     34.500      1.928  45486.800    28.2614     6.8318      1.910    7.08467     6.7803    22.1362   12.75457 3.3471e+00 0.0000e+00
        140 310.730379    0.00965     0.5792     34.750      1.967  45502.423    28.2687     6.8102      1.949    7.08791     6.7488    22.1446   12.75983 3.4386e+00 0.0000e+00
        141 310.730382    0.00972     0.5833     35.000      1.985  45540.325    28.2899     6.7804      1.966    7.09185     6.7226    22.1649   12.76609 3.5922e+00 0.0000e+00
        142 310.730385    0.00979     0.5875     35.250      1.978  45590.697    28.3195     6.7489      1.959    7.09570     6.7063    22.1919   12.77209 3.7988e+00 0.0000e+00
        143 310.730388    0.00986     0.5917     35.500      1.945  45642.588    28.3509     6.7227      1.927    7.09858     6.7014    22.2197   12.77645 4.0522e+00 0.0000e+00
        144 310.730391    0.00993     0.5958     35.750      1.888  45688.274    28.3796     6.7065      1.870    7.09993     6.7074    22.2443   12.77831 4.3459e+00 0.0000e+00
        145 310.730394    0.01000     0.6000     36.000      1.808  45721.926    28.4019     6.7015      1.792    7.09971     6.7244    22.2624   12.77766 4.6636e+00 0.0000e+00
        146 310.730396    0.01007     0.6042     36.250      1.713  45740.130    28.4154     6.7075      1.697    7.09808     6.7511    22.2723   12.77479 4.9794e+00 0.0000e+00
        147 310.730399    0.01014     0.6083     36.500      1.611  45743.639    28.4206     6.7245      1.596    7.09502     6.7835    22.2743   12.76966 5.2607e+00 0.0000e+00
        148 310.730402    0.01021     0.6125     36.750      1.510  45734.959    28.4189     6.7513      1.496    7.09067     6.8159    22.2698   12.76248 5.4621e+00 0.0000e+00
        149 310.730405    0.01028     0.6167     37.000      1.422  45714.256    28.4099     6.7836      1.409    7.08574     6.8440    22.2588   12.75443 5.5477e+00 0.0000e+00
        150 310.730408    0.01035     0.6208     37.250      1.356  45680.882    28.3921     6.8160      1.343    7.08121     6.8659    22.2409   12.74716 5.5224e+00 0.0000e+00
        151 310.730411    0.01042     0.6250     37.500      1.319  45637.038    28.3665     6.8441      1.307    7.07776     6.8822    22.2174   12.74177 5.4064e+00 0.0000e+00
        152 310.730414    0.01049     0.6292     37.750      1.315  45589.811    28.3376     6.8660      1.302    7.07548     6.8945    22.1920   12.73837 5.2091e+00 0.0000e+00
        153 310.730417    0.01056     0.6333     38.000      1.341  45549.829    28.3127     6.8823      1.328    7.07395     6.9041    22.1705   12.73615 4.9442e+00 0.0000e+00
        154 310.730420    0.01063     0.6375     38.250      1.394  45524.332    28.2972     6.8946      1.380    7.07264     6.9115    22.1567   12.73418 4.6397e+00 0.0000e+00
        155 310.730422    0.01069     0.6417     38.500      1.465  45513.364    28.2911     6.9042      1.451    7.07134     6.9170    22.1508   12.73210 4.3323e+00 0.0000e+00
        156 310.730425    0.01076     0.6458     38.750      1.548  45510.670    28.2904     6.9116      1.533    7.07015     6.9206    22.1493   12.73014 4.0573e+00 0.0000e+00
        157 310.730428    0.01083     0.6500     39.000      1.636  45506.733    28.2885     6.9171      1.620    7.06933     6.9221    22.1472   12.72882 3.8386e+00 0.0000e+00
        158 310.730431    0.01090     0.6542     39.250      1.723  45494.978    28.2810     6.9207      1.707    7.06908     6.9207    22.1408   12.72850 3.6824e+00 0.0000e+00
        159 310.730434    0.01097     0.6583     39.500      1.805  45474.623    28.2672     6.9222      1.788    7.06947     6.9153    22.1298   12.72932 3.5795e+00 0.0000e+00
        160 310.730437    0.01104     0.6625     39.750      1.878  45450.163    28.2502     6.9208      1.860    7.07050     6.9042    22.1166   12.73124 3.5267e+00 0.0000e+00
        161 310.730440    0.01111     0.6667     40.000      1.937  45428.592    28.2346     6.9154      1.919    7.07212     6.8849    22.1049   12.73413 3.5327e+00 0.0000e+00
        162 310.730443    0.01118     0.6708     40.250      1.977  45416.593    28.2246     6.9043      1.959    7.07443     6.8567    22.0984   12.73807 3.6016e+00 0.0000e+00
        163 310.730446    0.01125     0.6750     40.500      1.995  45421.608    28.2250     6.8850      1.976    7.07759     6.8229    22.1011   12.74330 3.7268e+00 0.0000e+00
        164 310.730448    0.01132     0.6792     40.750      1.988  45448.977    28.2394     6.8568      1.969    7.08158     6.7903    22.1158   12.74973 3.8976e+00 0.0000e+00
        165 310.730451    0.01139     0.6833     41.000      1.956  45496.247    28.2665     6.8230      1.937    7.08591     6.7653    22.1412   12.75654 4.1063e+00 0.0000e+00
        166 310.730454    0.01146     0.6875     41.250      1.900  45554.893    28.3015     6.7905      1.883    7.08966     6.7514    22.1727   12.76230 4.3427e+00 0.0000e+00
        167 310.730457    0.01153     0.6917     41.500      1.827  45614.605    28.3385     6.7655      1.810    7.09206     6.7495    22.2049   12.76582 4.5845e+00 0.0000e+00
        168 310.730460    0.01160     0.6958     41.750      1.742  45664.502    28.3706     6.7516      1.726    7.09287     6.7588    22.2318   12.76674 4.8039e+00 0.0000e+00
        169 310.730463    0.01167     0.7000     42.000      1.653  45695.394    28.3915     6.7497      1.638    7.09220     6.7765    22.2485   12.76537 4.9835e+00 0.0000e+00
        170 310.730466    0.01174     0.7042     42.250      1.569  45703.478    28.3985     6.7589      1.555    7.09033     6.7980    22.2529   12.76218 5.1192e+00 0.0000e+00
        171 310.730469    0.01181     0.7083     42.500      1.496  45691.271    28.3930     6.7766      1.482    7.08766     6.8183    22.2464   12.75783 5.2116e+00 0.0000e+00
        172 310.730472    0.01188     0.7125     42.750      1.438  45663.784    28.3776     6.7981      1.425    7.08483     6.8342    22.2317   12.75334 5.2554e+00 0.0000e+00
        173 310.730475    0.01194     0.7167     43.000      1.399  45625.362    28.3545     6.8185      1.386    7.08254     6.8443    22.2110   12.74984 5.2384e+00 0.0000e+00
        174 310.730477    0.01201     0.7208     43.250      1.378  45582.222    28.3274     6.8343      1.366    7.08118     6.8483    22.1878   12.74793 5.1614e+00 0.0000e+00
        175 310.730480    0.01208     0.7250     43.500      1.375  45543.617    28.3026     6.8444      1.363    7.08068     6.8462    22.1671   12.74742 5.0496e+00 0.0000e+00
        176 310.730483    0.01215     0.7292     43.750      1.389  45517.017    28.2850     6.8484      1.376    7.08083     6.8382    22.1527   12.74790 4.9174e+00 0.0000e+00
        177 310.730486    0.01222     0.7333     44.000      1.419  45506.927    28.2777     6.8463      1.406    7.08152     6.8268    22.1473   12.74914 4.7439e+00 0.0000e+00
        178 310.730489    0.01229     0.7375     44.250      1.464  45515.779    28.2825     6.8383      1.450    7.08261     6.8155    22.1520   12.75089 4.5174e+00 0.0000e+00
        179 310.730492    0.01236     0.7417     44.500      1.521  45539.122    28.2967     6.8269      1.507    7.08383     6.8064    22.1645   12.75273 4.2708e+00 0.0000e+00
        180 310.730495    0.01243     0.7458     44.750      1.588  45565.192    28.3127     6.8156      1.573    7.08495     6.7995    22.1785   12.75438 4.0341e+00 0.0000e+00
