CTD-processing/allCTD/CNV--turbid/2013_08-07_t9_s08_cast118.cnv
* Sea-Bird SBE19plus Data File:
* FileName = C:\Users\kris.holderied\Documents\kasitsna\Research-Projects-and-Data\Oceanography-AK\CTD-Data-ALL-to-2014-03\2013-CTD-KachBay-CookInlet\2013-08-07-CookInlet-CTD4141\2013-08-07-CookInlet-Tran9-cast118.hex
* Software Version 1.59
* Temperature SN =  4141
* Conductivity SN =  4141
* System UpLoad Time = May 27 2014 20:11:56
** Cook Inlet LTM Transect 9 (Homer Spit) Extra??
** Date: 2013-08-07
** Station: 9-08
** Start time: 16:24
** Depth (m): 94.2
** Comment:
** Comment:
# nquan = 16
# nvalues = 583                         
# units = specified
# name 0 = scan: Scan Count
# name 1 = timeJ: Julian Days
# name 2 = timeH: Time, Elapsed [hours]
# name 3 = timeM: Time, Elapsed [minutes]
# name 4 = timeS: Time, Elapsed [seconds]
# name 5 = prdM: Pressure, Strain Gauge [db]
# name 6 = specc: Specific Conductance [uS/cm]
# name 7 = sal00: Salinity, Practical [PSU]
# name 8 = tv290C: Temperature [ITS-90, deg C]
# name 9 = depSM: Depth [salt water, m], lat = 59.00
# name 10 = oxsolML/L: Oxygen Saturation, Garcia & Gordon [ml/l]
# name 11 = potemp090C: Potential Temperature [ITS-90, deg C]
# name 12 = sigma-é00: Density [sigma-theta, kg/m^3]
# name 13 = n2satML/L: Nitrogen Saturation [ml/l]
# name 14 = par: PAR/Irradiance, Biospherical/Licor
# name 15 = flag:  0.000e+00
# span 0 =          1,        583       
# span 1 = 219.682674, 219.684358       
# span 2 =    0.00000,    0.04042       
# span 3 =     0.0000,     2.4250       
# span 4 =      0.000,    145.500       
# span 5 =     -0.117,     85.248       
# span 6 =    436.547,  50316.117       
# span 7 =     0.2070,    31.6900       
# span 8 =     7.5519,    11.3822       
# span 9 =     -0.117,     84.434       
# span 10 =    6.42094,    7.78578      
# span 11 =     7.5445,    11.3822      
# span 12 =    -0.1865,    24.7334      
# span 13 =   11.61862,   14.31371      
# span 14 = 3.6382e-02, 3.2115e+01      
# span 15 = 0.0000e+00, 0.0000e+00      
# interval = seconds: 0.25
# start_time = Aug 07 2013 16:23:03 [Instrument's time stamp, header]
# bad_flag = -9.990e-29
*END*
[from data line 362]
        363 219.683721    0.02514     1.5083     90.500     17.425  49210.716    31.3237    10.2425     17.262    6.43122    10.2188    24.0431   11.63430 3.6382e-02 0.0000e+00
        364 219.683724    0.02521     1.5125     90.750     17.773  49218.894    31.3280    10.2320     17.606    6.43250    10.2059    24.0483   11.63638 3.6382e-02 0.0000e+00
        365 219.683727    0.02528     1.5167     91.000     18.127  49225.844    31.3314    10.2208     17.957    6.43394    10.1906    24.0528   11.63872 3.6382e-02 0.0000e+00
        366 219.683730    0.02535     1.5208     91.250     18.487  49232.448    31.3343    10.2079     18.313    6.43562    10.1723    24.0572   11.64147 3.6382e-02 0.0000e+00
        367 219.683733    0.02542     1.5250     91.500     18.851  49238.958    31.3369    10.1927     18.674    6.43765    10.1499    24.0617   11.64481 3.6382e-02 0.0000e+00
        368 219.683736    0.02549     1.5292     91.750     19.219  49245.101    31.3387    10.1744     19.039    6.44015    10.1224    24.0662   11.64892 3.6382e-02 0.0000e+00
        369 219.683738    0.02556     1.5333     92.000     19.591  49251.426    31.3402    10.1520     19.407    6.44324    10.0900    24.0711   11.65402 3.6382e-02 0.0000e+00
        370 219.683741    0.02562     1.5375     92.250     19.966  49260.381    31.3430    10.1246     19.779    6.44699    10.0534    24.0777   11.66020 3.6382e-02 0.0000e+00
        371 219.683744    0.02569     1.5417     92.500     20.344  49273.183    31.3478    10.0922     20.153    6.45135    10.0129    24.0868   11.66737 3.6382e-02 0.0000e+00
        372 219.683747    0.02576     1.5458     92.750     20.725  49287.694    31.3533    10.0557     20.530    6.45628     9.9683    24.0970   11.67546 3.6382e-02 0.0000e+00
        373 219.683750    0.02583     1.5500     93.000     21.107  49303.038    31.3588    10.0152     20.909    6.46177     9.9206    24.1080   11.68449 3.6382e-02 0.0000e+00
        374 219.683753    0.02590     1.5542     93.250     21.492  49321.911    31.3663     9.9706     21.290    6.46778     9.8717    24.1211   11.69435 3.6382e-02 0.0000e+00
        375 219.683756    0.02597     1.5583     93.500     21.878  49344.648    31.3761     9.9229     21.673    6.47413     9.8230    24.1365   11.70475 3.6382e-02 0.0000e+00
        376 219.683759    0.02604     1.5625     93.750     22.266  49368.377    31.3864     9.8742     22.057    6.48062     9.7749    24.1525   11.71538 3.6382e-02 0.0000e+00
        377 219.683762    0.02611     1.5667     94.000     22.652  49392.917    31.3972     9.8254     22.439    6.48710     9.7288    24.1688   11.72598 3.6382e-02 0.0000e+00
        378 219.683764    0.02618     1.5708     94.250     23.034  49421.119    31.4107     9.7773     22.818    6.49338     9.6868    24.1871   11.73622 3.6382e-02 0.0000e+00
        379 219.683767    0.02625     1.5750     94.500     23.411  49454.069    31.4278     9.7313     23.191    6.49924     9.6507    24.2079   11.74572 3.6382e-02 0.0000e+00
        380 219.683770    0.02632     1.5792     94.750     23.782  49488.423    31.4463     9.6894     23.558    6.50445     9.6205    24.2291   11.75412 3.6382e-02 0.0000e+00
        381 219.683773    0.02639     1.5833     95.000     24.148  49518.830    31.4629     9.6533     23.921    6.50891     9.5943    24.2478   11.76131 3.6382e-02 0.0000e+00
        382 219.683776    0.02646     1.5875     95.250     24.511  49541.228    31.4745     9.6231     24.280    6.51274     9.5694    24.2617   11.76752 3.6382e-02 0.0000e+00
        383 219.683779    0.02653     1.5917     95.500     24.872  49554.292    31.4801     9.5970     24.638    6.51626     9.5429    24.2702   11.77328 3.6382e-02 0.0000e+00
        384 219.683782    0.02660     1.5958     95.750     25.230  49559.914    31.4806     9.5720     24.992    6.51982     9.5137    24.2746   11.77917 3.6382e-02 0.0000e+00
        385 219.683785    0.02667     1.6000     96.000     25.585  49563.053    31.4791     9.5456     25.344    6.52369     9.4827    24.2776   11.78559 3.6382e-02 0.0000e+00
        386 219.683788    0.02674     1.6042     96.250     25.938  49568.864    31.4791     9.5164     25.694    6.52788     9.4518    24.2823   11.79253 3.6382e-02 0.0000e+00
        387 219.683791    0.02681     1.6083     96.500     26.290  49578.570    31.4816     9.4855     26.042    6.53223     9.4221    24.2891   11.79971 3.6382e-02 0.0000e+00
        388 219.683793    0.02688     1.6125     96.750     26.640  49589.203    31.4848     9.4546     26.389    6.53656     9.3937    24.2965   11.80683 3.6382e-02 0.0000e+00
        389 219.683796    0.02694     1.6167     97.000     26.988  49598.598    31.4872     9.4249     26.734    6.54073     9.3673    24.3031   11.81372 3.6382e-02 0.0000e+00
        390 219.683799    0.02701     1.6208     97.250     27.334  49609.101    31.4906     9.3966     27.076    6.54468     9.3436    24.3102   11.82020 3.6382e-02 0.0000e+00
        391 219.683802    0.02708     1.6250     97.500     27.678  49621.897    31.4959     9.3702     27.417    6.54828     9.3228    24.3185   11.82610 3.6382e-02 0.0000e+00
        392 219.683805    0.02715     1.6292     97.750     28.021  49633.730    31.5009     9.3466     27.757    6.55149     9.3037    24.3261   11.83136 3.6382e-02 0.0000e+00
        393 219.683808    0.02722     1.6333     98.000     28.364  49641.286    31.5032     9.3258     28.097    6.55441     9.2845    24.3312   11.83615 3.6382e-02 0.0000e+00
        394 219.683811    0.02729     1.6375     98.250     28.706  49643.009    31.5016     9.3067     28.436    6.55724     9.2633    24.3329   11.84086 3.6382e-02 0.0000e+00
        395 219.683814    0.02736     1.6417     98.500     29.046  49639.591    31.4964     9.2875     28.773    6.56025     9.2391    24.3319   11.84591 3.6382e-02 0.0000e+00
        396 219.683817    0.02743     1.6458     98.750     29.385  49633.949    31.4894     9.2664     29.108    6.56362     9.2114    24.3296   11.85158 3.6382e-02 0.0000e+00
        397 219.683819    0.02750     1.6500     99.000     29.721  49628.612    31.4821     9.2422     29.441    6.56746     9.1797    24.3277   11.85802 3.6382e-02 0.0000e+00
        398 219.683822    0.02757     1.6542     99.250     30.054  49623.488    31.4745     9.2145     29.771    6.57182     9.1435    24.3261   11.86533 3.6382e-02 0.0000e+00
        399 219.683825    0.02764     1.6583     99.500     30.384  49617.497    31.4658     9.1829     30.098    6.57681     9.1022    24.3242   11.87369 3.6382e-02 0.0000e+00
        400 219.683828    0.02771     1.6625     99.750     30.710  49612.608    31.4571     9.1466     30.420    6.58247     9.0569    24.3230   11.88317 3.6382e-02 0.0000e+00
        401 219.683831    0.02778     1.6667    100.000     31.028  49613.066    31.4515     9.1054     30.736    6.58874     9.0093    24.3249   11.89363 3.6382e-02 0.0000e+00
        402 219.683834    0.02785     1.6708    100.250     31.339  49619.617    31.4496     9.0601     31.043    6.59546     8.9603    24.3304   11.90477 3.6382e-02 0.0000e+00
        403 219.683837    0.02792     1.6750    100.500     31.642  49629.217    31.4495     9.0125     31.344    6.60246     8.9106    24.3376   11.91636 3.6382e-02 0.0000e+00
        404 219.683840    0.02799     1.6792    100.750     31.939  49640.689    31.4504     8.9635     31.637    6.60963     8.8619    24.3458   11.92821 3.6382e-02 0.0000e+00
        405 219.683843    0.02806     1.6833    101.000     32.229  49657.321    31.4549     8.9139     31.925    6.61675     8.8174    24.3569   11.93995 3.6382e-02 0.0000e+00
        406 219.683845    0.02813     1.6875    101.250     32.512  49683.089    31.4659     8.8652     32.206    6.62346     8.7799    24.3729   11.95092 3.6382e-02 0.0000e+00
        407 219.683848    0.02819     1.6917    101.500     32.788  49714.924    31.4817     8.8207     32.479    6.62936     8.7494    24.3920   11.96049 3.6382e-02 0.0000e+00
        408 219.683851    0.02826     1.6958    101.750     33.054  49743.411    31.4961     8.7832     32.743    6.63429     8.7235    24.4090   11.96847 3.6382e-02 0.0000e+00
        409 219.683854    0.02833     1.7000    102.000     33.309  49762.161    31.5048     8.7528     32.995    6.63843     8.6996    24.4203   11.97522 3.6382e-02 0.0000e+00
        410 219.683857    0.02840     1.7042    102.250     33.551  49772.740    31.5083     8.7269     33.235    6.64211     8.6764    24.4270   11.98127 3.6382e-02 0.0000e+00
        411 219.683860    0.02847     1.7083    102.500     33.784  49780.504    31.5102     8.7030     33.466    6.64559     8.6532    24.4321   11.98701 3.6382e-02 0.0000e+00
        412 219.683863    0.02854     1.7125    102.750     34.011  49785.856    31.5104     8.6797     33.690    6.64903     8.6284    24.4357   11.99270 3.6382e-02 0.0000e+00
        413 219.683866    0.02861     1.7167    103.000     34.233  49784.758    31.5061     8.6566     33.911    6.65266     8.6000    24.4358   11.99876 3.6382e-02 0.0000e+00
        414 219.683869    0.02868     1.7208    103.250     34.453  49777.425    31.4972     8.6318     34.128    6.65675     8.5689    24.4326   12.00563 3.6382e-02 0.0000e+00
        415 219.683872    0.02875     1.7250    103.500     34.672  49772.874    31.4897     8.6035     34.345    6.66130     8.5384    24.4309   12.01325 3.6382e-02 0.0000e+00
        416 219.683874    0.02882     1.7292    103.750     34.893  49780.514    31.4903     8.5723     34.564    6.66593     8.5121    24.4361   12.02090 3.6382e-02 0.0000e+00
        417 219.683877    0.02889     1.7333    104.000     35.119  49798.092    31.4980     8.5419     34.788    6.67015     8.4911    24.4466   12.02780 3.6382e-02 0.0000e+00
        418 219.683880    0.02896     1.7375    104.250     35.346  49817.215    31.5074     8.5156     35.013    6.67368     8.4748    24.4578   12.03352 3.6382e-02 0.0000e+00
        419 219.683883    0.02903     1.7417    104.500     35.573  49832.821    31.5151     8.4947     35.238    6.67648     8.4616    24.4670   12.03805 3.6382e-02 0.0000e+00
        420 219.683886    0.02910     1.7458    104.750     35.798  49842.685    31.5195     8.4784     35.461    6.67873     8.4497    24.4728   12.04172 3.6382e-02 0.0000e+00
        421 219.683889    0.02917     1.7500    105.000     36.023  49846.789    31.5203     8.4652     35.683    6.68068     8.4379    24.4754   12.04493 3.6382e-02 0.0000e+00
        422 219.683892    0.02924     1.7542    105.250     36.249  49847.929    31.5192     8.4533     35.907    6.68251     8.4259    24.4763   12.04798 3.6382e-02 0.0000e+00
        423 219.683895    0.02931     1.7583    105.500     36.477  49849.590    31.5185     8.4415     36.133    6.68431     8.4138    24.4774   12.05097 3.6382e-02 0.0000e+00
        424 219.683898    0.02937     1.7625    105.750     36.710  49852.970    31.5190     8.4295     36.364    6.68609     8.4017    24.4796   12.05391 3.6382e-02 0.0000e+00
        425 219.683900    0.02944     1.7667    106.000     36.951  49857.541    31.5202     8.4175     36.603    6.68785     8.3895    24.4823   12.05681 3.6382e-02 0.0000e+00
        426 219.683903    0.02951     1.7708    106.250     37.203  49863.041    31.5221     8.4053     36.853    6.68959     8.3776    24.4856   12.05967 3.6382e-02 0.0000e+00
        427 219.683906    0.02958     1.7750    106.500     37.468  49870.039    31.5251     8.3931     37.115    6.69129     8.3667    24.4897   12.06245 3.6382e-02 0.0000e+00
        428 219.683909    0.02965     1.7792    106.750     37.744  49879.042    31.5295     8.3813     37.388    6.69289     8.3571    24.4949   12.06503 3.6382e-02 0.0000e+00
        429 219.683912    0.02972     1.7833    107.000     38.029  49888.967    31.5346     8.3704     37.671    6.69431     8.3490    24.5006   12.06732 3.6382e-02 0.0000e+00
        430 219.683915    0.02979     1.7875    107.250     38.318  49898.162    31.5395     8.3608     37.957    6.69553     8.3419    24.5058   12.06928 3.6382e-02 0.0000e+00
        431 219.683918    0.02986     1.7917    107.500     38.606  49905.976    31.5436     8.3527     38.242    6.69658     8.3355    24.5102   12.07097 3.6382e-02 0.0000e+00
        432 219.683921    0.02993     1.7958    107.750     38.892  49912.223    31.5468     8.3457     38.526    6.69750     8.3293    24.5137   12.07245 3.6382e-02 0.0000e+00
        433 219.683924    0.03000     1.8000    108.000     39.177  49916.863    31.5489     8.3393     38.807    6.69837     8.3229    24.5163   12.07386 3.6382e-02 0.0000e+00
        434 219.683927    0.03007     1.8042    108.250     39.459  49919.984    31.5500     8.3331     39.087    6.69925     8.3158    24.5180   12.07531 3.6382e-02 0.0000e+00
        435 219.683929    0.03014     1.8083    108.500     39.738  49921.657    31.5501     8.3267     39.363    6.70022     8.3080    24.5190   12.07691 3.6382e-02 0.0000e+00
        436 219.683932    0.03021     1.8125    108.750     40.011  49922.265    31.5493     8.3197     39.634    6.70131     8.2994    24.5195   12.07872 3.6382e-02 0.0000e+00
        437 219.683935    0.03028     1.8167    109.000     40.281  49922.211    31.5480     8.3119     39.900    6.70254     8.2900    24.5196   12.08077 3.6382e-02 0.0000e+00
        438 219.683938    0.03035     1.8208    109.250     40.547  49922.103    31.5464     8.3033     40.164    6.70390     8.2803    24.5197   12.08305 3.6382e-02 0.0000e+00
        439 219.683941    0.03042     1.8250    109.500     40.813  49923.758    31.5460     8.2939     40.427    6.70534     8.2714    24.5207   12.08543 3.6382e-02 0.0000e+00
        440 219.683944    0.03049     1.8292    109.750     41.079  49928.476    31.5478     8.2843     40.691    6.70673     8.2640    24.5235   12.08770 3.6382e-02 0.0000e+00
        441 219.683947    0.03056     1.8333    110.000     41.347  49935.147    31.5510     8.2754     40.956    6.70793     8.2584    24.5272   12.08965 3.6382e-02 0.0000e+00
        442 219.683950    0.03062     1.8375    110.250     41.619  49941.876    31.5544     8.2681     41.226    6.70889     8.2544    24.5310   12.09120 3.6382e-02 0.0000e+00
        443 219.683953    0.03069     1.8417    110.500     41.896  49947.689    31.5575     8.2625     41.500    6.70960     8.2516    24.5342   12.09234 3.6382e-02 0.0000e+00
        444 219.683955    0.03076     1.8458    110.750     42.176  49952.483    31.5601     8.2585     41.777    6.71009     8.2497    24.5369   12.09313 3.6382e-02 0.0000e+00
        445 219.683958    0.03083     1.8500    111.000     42.457  49956.332    31.5623     8.2557     42.056    6.71042     8.2485    24.5390   12.09364 3.6382e-02 0.0000e+00
        446 219.683961    0.03090     1.8542    111.250     42.741  49959.019    31.5638     8.2539     42.337    6.71063     8.2477    24.5404   12.09398 3.6382e-02 0.0000e+00
        447 219.683964    0.03097     1.8583    111.500     43.026  49960.558    31.5645     8.2527     42.620    6.71078     8.2471    24.5412   12.09421 3.6382e-02 0.0000e+00
        448 219.683967    0.03104     1.8625    111.750     43.312  49961.359    31.5648     8.2519     42.903    6.71089     8.2465    24.5415   12.09438 3.6382e-02 0.0000e+00
        449 219.683970    0.03111     1.8667    112.000     43.598  49961.794    31.5649     8.2513     43.186    6.71097     8.2461    24.5417   12.09453 3.6382e-02 0.0000e+00
        450 219.683973    0.03118     1.8708    112.250     43.882  49962.073    31.5649     8.2508     43.468    6.71105     8.2457    24.5418   12.09465 3.6382e-02 0.0000e+00
        451 219.683976    0.03125     1.8750    112.500     44.168  49962.191    31.5648     8.2504     43.750    6.71111     8.2453    24.5417   12.09476 3.6382e-02 0.0000e+00
