CTD-processing/allCTD/CNV--turbid/2013_02-12_t4_s04_cast026.cnv
* Sea-Bird SBE19plus Data File:
* FileName = C:\Documents and Settings\kris.holderied.local\My Documents\2012-2013-CTD-DATA-new-files\2013-02-EVOSTC-CookInlet\2013-02-12-CookInlet-Barabara-to-BluffPt-Tran4\2013-02-12-CookInletOcean-Tran4-cast026.hex
* Software Version 1.54
* Temperature SN =  5028
* Conductivity SN =  5028
* System UpLoad Time = Feb 12 2013 14:17:25
** Cook Inlet Ocean Transect 4 Barabara to Bluff Pt
** Date:  12 Feb 2013
** Station:4-04
** Start time (AKDT-24 hr):1146
** Depth (m):87
** Comment:Secchi disk depth = 7m
** Zooplankton (50 m vertical), phytoplankton (surface bucket, 60 liter filtered), OA water samples (1 m and 50 m)
# nquan = 16
# nvalues = 675                         
# units = specified
# name 0 = scan: Scan Count
# name 1 = timeJ: Julian Days
# name 2 = timeH: Time, Elapsed [hours]
# name 3 = timeM: Time, Elapsed [minutes]
# name 4 = timeS: Time, Elapsed [seconds]
# name 5 = prdM: Pressure, Strain Gauge [db]
# name 6 = specc: Specific Conductance [uS/cm]
# name 7 = sal00: Salinity, Practical [PSU]
# name 8 = tv290C: Temperature [ITS-90, deg C]
# name 9 = depSM: Depth [salt water, m], lat = 59.00
# name 10 = oxsolML/L: Oxygen Saturation, Garcia & Gordon [ml/l]
# name 11 = potemp090C: Potential Temperature [ITS-90, deg C]
# name 12 = sigma-é00: Density [sigma-theta, kg/m^3]
# name 13 = n2satML/L: Nitrogen Saturation [ml/l]
# name 14 = par: PAR/Irradiance, Biospherical/Licor
# name 15 = flag:  0.000e+00
# span 0 =          1,        675       
# span 1 =  43.573912,  43.575862       
# span 2 =    0.00000,    0.04681       
# span 3 =     0.0000,     2.8083       
# span 4 =      0.000,    168.500       
# span 5 =     -0.113,     81.217       
# span 6 =     28.213,  51464.530       
# span 7 =     0.0140,    31.7581       
# span 8 =     3.2757,     4.0060       
# span 9 =     -0.112,     80.441       
# span 10 =    7.40405,    9.33837      
# span 11 =     3.2757,     4.0008      
# span 12 =    -0.0174,    25.2080      
# span 13 =   13.23723,   16.92995      
# span 14 = 3.7912e-02, 2.4281e+02      
# span 15 = 0.0000e+00, 0.0000e+00      
# interval = seconds: 0.25
# start_time = Feb 12 2013 13:46:26 [Instrument's time stamp, header]
# bad_flag = -9.990e-29
*END*
[from data line 91]
         92  43.574175    0.00632     0.3792     22.750      1.501  51271.460    31.6275     3.8436      1.487    7.44002     3.8538    25.1191   13.29829 8.9171e+01 0.0000e+00
         93  43.574178    0.00639     0.3833     23.000      1.448  51271.626    31.6288     3.8483      1.435    7.43910     3.8587    25.1196   13.29676 8.8737e+01 0.0000e+00
         94  43.574181    0.00646     0.3875     23.250      1.414  51258.981    31.6215     3.8539      1.401    7.43844     3.8622    25.1134   13.29576 8.8045e+01 0.0000e+00
         95  43.574184    0.00653     0.3917     23.500      1.400  51243.938    31.6125     3.8588      1.387    7.43800     3.8639    25.1057   13.29516 8.7919e+01 0.0000e+00
         96  43.574187    0.00660     0.3958     23.750      1.401  51231.811    31.6051     3.8623      1.388    7.43774     3.8630    25.0995   13.29482 8.7930e+01 0.0000e+00
         97  43.574190    0.00667     0.4000     24.000      1.412  51215.618    31.5944     3.8640      1.399    7.43796     3.8584    25.0909   13.29533 8.7560e+01 0.0000e+00
         98  43.574193    0.00674     0.4042     24.250      1.420  51194.564    31.5799     3.8631      1.407    7.43886     3.8499    25.0794   13.29700 8.6723e+01 0.0000e+00
         99  43.574196    0.00681     0.4083     24.500      1.416  51184.059    31.5716     3.8585      1.403    7.44011     3.8396    25.0732   13.29919 8.6015e+01 0.0000e+00
        100  43.574198    0.00688     0.4125     24.750      1.398  51195.240    31.5772     3.8500      1.385    7.44139     3.8316    25.0784   13.30122 8.6569e+01 0.0000e+00
        101  43.574201    0.00694     0.4167     25.000      1.370  51224.065    31.5943     3.8397      1.357    7.44240     3.8290    25.0930   13.30266 8.8074e+01 0.0000e+00
        102  43.574204    0.00701     0.4208     25.250      1.340  51256.852    31.6147     3.8317      1.328    7.44282     3.8318    25.1100   13.30309 8.9081e+01 0.0000e+00
        103  43.574207    0.00708     0.4250     25.500      1.318  51280.099    31.6300     3.8291      1.306    7.44253     3.8377    25.1224   13.30240 8.9464e+01 0.0000e+00
        104  43.574210    0.00715     0.4292     25.750      1.307  51288.872    31.6366     3.8319      1.295    7.44168     3.8443    25.1274   13.30092 8.9515e+01 0.0000e+00
        105  43.574213    0.00722     0.4333     26.000      1.308  51285.436    31.6357     3.8378      1.296    7.44065     3.8502    25.1262   13.29923 8.8578e+01 0.0000e+00
        106  43.574216    0.00729     0.4375     26.250      1.318  51274.607    31.6299     3.8444      1.306    7.43975     3.8546    25.1209   13.29781 8.6778e+01 0.0000e+00
        107  43.574219    0.00736     0.4417     26.500      1.336  51260.349    31.6216     3.8502      1.323    7.43910     3.8573    25.1138   13.29686 8.5526e+01 0.0000e+00
        108  43.574222    0.00743     0.4458     26.750      1.357  51243.638    31.6113     3.8547      1.344    7.43881     3.8574    25.1052   13.29651 8.5902e+01 0.0000e+00
        109  43.574225    0.00750     0.4500     27.000      1.380  51223.174    31.5980     3.8574      1.367    7.43899     3.8539    25.0943   13.29699 8.7401e+01 0.0000e+00
        110  43.574227    0.00757     0.4542     27.250      1.400  51200.460    31.5825     3.8575      1.387    7.43975     3.8455    25.0820   13.29845 8.8271e+01 0.0000e+00
        111  43.574230    0.00764     0.4583     27.500      1.415  51182.564    31.5695     3.8540      1.401    7.44104     3.8314    25.0720   13.30075 8.7527e+01 0.0000e+00
        112  43.574233    0.00771     0.4625     27.750      1.421  51177.192    31.5638     3.8456      1.407    7.44286     3.8127    25.0683   13.30382 8.6091e+01 0.0000e+00
        113  43.574236    0.00778     0.4667     28.000      1.418  51187.818    31.5676     3.8315      1.405    7.44524     3.7921    25.0726   13.30769 8.5218e+01 0.0000e+00
        114  43.574239    0.00785     0.4708     28.250      1.409  51212.175    31.5796     3.8128      1.396    7.44804     3.7721    25.0839   13.31215 8.4648e+01 0.0000e+00
        115  43.574242    0.00792     0.4750     28.500      1.394  51243.899    31.5962     3.7921      1.381    7.45097     3.7548    25.0990   13.31678 8.3525e+01 0.0000e+00
        116  43.574245    0.00799     0.4792     28.750      1.376  51275.832    31.6131     3.7721      1.363    7.45377     3.7412    25.1143   13.32118 8.2521e+01 0.0000e+00
        117  43.574248    0.00806     0.4833     29.000      1.357  51302.698    31.6272     3.7549      1.344    7.45620     3.7308    25.1271   13.32501 8.3109e+01 0.0000e+00
        118  43.574251    0.00813     0.4875     29.250      1.341  51322.649    31.6374     3.7412      1.328    7.45818     3.7228    25.1365   13.32813 8.4832e+01 0.0000e+00
        119  43.574253    0.00819     0.4917     29.500      1.332  51336.577    31.6444     3.7308      1.320    7.45973     3.7165    25.1430   13.33060 8.5948e+01 0.0000e+00
        120  43.574256    0.00826     0.4958     29.750      1.333  51346.273    31.6490     3.7229      1.321    7.46095     3.7112    25.1475   13.33254 8.5948e+01 0.0000e+00
        121  43.574259    0.00833     0.5000     30.000      1.346  51353.141    31.6521     3.7166      1.333    7.46195     3.7064    25.1505   13.33416 8.5504e+01 0.0000e+00
        122  43.574262    0.00840     0.5042     30.250      1.368  51358.064    31.6542     3.7112      1.355    7.46282     3.7017    25.1526   13.33557 8.5206e+01 0.0000e+00
        123  43.574265    0.00847     0.5083     30.500      1.397  51361.821    31.6556     3.7064      1.384    7.46363     3.6967    25.1542   13.33688 8.4925e+01 0.0000e+00
        124  43.574268    0.00854     0.5125     30.750      1.427  51365.446    31.6569     3.7018      1.414    7.46441     3.6910    25.1556   13.33816 8.4222e+01 0.0000e+00
        125  43.574271    0.00861     0.5167     31.000      1.451  51370.028    31.6587     3.6967      1.438    7.46525     3.6849    25.1575   13.33951 8.3241e+01 0.0000e+00
        126  43.574274    0.00868     0.5208     31.250      1.461  51376.018    31.6614     3.6911      1.447    7.46615     3.6789    25.1602   13.34097 8.2715e+01 0.0000e+00
        127  43.574277    0.00875     0.5250     31.500      1.453  51382.907    31.6646     3.6850      1.440    7.46710     3.6732    25.1633   13.34250 8.2916e+01 0.0000e+00
        128  43.574280    0.00882     0.5292     31.750      1.433  51389.923    31.6679     3.6789      1.420    7.46805     3.6680    25.1665   13.34401 8.3720e+01 0.0000e+00
        129  43.574282    0.00889     0.5333     32.000      1.406  51396.519    31.6710     3.6732      1.392    7.46893     3.6637    25.1695   13.34544 8.5167e+01 0.0000e+00
        130  43.574285    0.00896     0.5375     32.250      1.377  51402.336    31.6737     3.6681      1.364    7.46973     3.6600    25.1721   13.34672 8.6814e+01 0.0000e+00
        131  43.574288    0.00903     0.5417     32.500      1.353  51407.389    31.6761     3.6638      1.341    7.47042     3.6570    25.1744   13.34782 8.7870e+01 0.0000e+00
        132  43.574291    0.00910     0.5458     32.750      1.338  51411.956    31.6783     3.6601      1.325    7.47097     3.6546    25.1765   13.34871 8.7889e+01 0.0000e+00
        133  43.574294    0.00917     0.5500     33.000      1.333  51416.329    31.6805     3.6571      1.320    7.47140     3.6528    25.1785   13.34939 8.7183e+01 0.0000e+00
        134  43.574297    0.00924     0.5542     33.250      1.338  51420.611    31.6828     3.6547      1.326    7.47173     3.6514    25.1806   13.34989 8.6402e+01 0.0000e+00
        135  43.574300    0.00931     0.5583     33.500      1.353  51424.572    31.6850     3.6529      1.340    7.47196     3.6506    25.1825   13.35024 8.5495e+01 0.0000e+00
        136  43.574303    0.00937     0.5625     33.750      1.375  51428.061    31.6871     3.6515      1.362    7.47210     3.6503    25.1843   13.35044 8.4302e+01 0.0000e+00
        137  43.574306    0.00944     0.5667     34.000      1.403  51431.229    31.6890     3.6507      1.390    7.47215     3.6505    25.1859   13.35051 8.3349e+01 0.0000e+00
        138  43.574308    0.00951     0.5708     34.250      1.434  51434.227    31.6909     3.6503      1.421    7.47211     3.6513    25.1875   13.35042 8.3107e+01 0.0000e+00
        139  43.574311    0.00958     0.5750     34.500      1.464  51437.273    31.6930     3.6505      1.451    7.47197     3.6529    25.1891   13.35016 8.3559e+01 0.0000e+00
        140  43.574314    0.00965     0.5792     34.750      1.485  51440.620    31.6955     3.6514      1.471    7.47170     3.6555    25.1910   13.34967 8.4408e+01 0.0000e+00
        141  43.574317    0.00972     0.5833     35.000      1.490  51444.206    31.6984     3.6530      1.476    7.47126     3.6594    25.1931   13.34892 8.5003e+01 0.0000e+00
        142  43.574320    0.00979     0.5875     35.250      1.474  51447.005    31.7009     3.6556      1.461    7.47065     3.6645    25.1949   13.34787 8.4722e+01 0.0000e+00
        143  43.574323    0.00986     0.5917     35.500      1.441  51447.019    31.7019     3.6595      1.427    7.46989     3.6705    25.1954   13.34660 8.4022e+01 0.0000e+00
        144  43.574326    0.00993     0.5958     35.750      1.394  51442.897    31.7004     3.6645      1.380    7.46904     3.6771    25.1937   13.34522 8.4012e+01 0.0000e+00
        145  43.574329    0.01000     0.6000     36.000      1.342  51434.791    31.6964     3.6705      1.329    7.46814     3.6848    25.1899   13.34380 8.4767e+01 0.0000e+00
        146  43.574332    0.01007     0.6042     36.250      1.299  51424.380    31.6910     3.6772      1.287    7.46719     3.6948    25.1850   13.34231 8.5566e+01 0.0000e+00
        147  43.574334    0.01014     0.6083     36.500      1.280  51414.113    31.6859     3.6849      1.268    7.46604     3.7084    25.1803   13.34047 8.5759e+01 0.0000e+00
        148  43.574337    0.01021     0.6125     36.750      1.291  51404.129    31.6815     3.6949      1.278    7.46444     3.7247    25.1759   13.33788 8.5288e+01 0.0000e+00
        149  43.574340    0.01028     0.6167     37.000      1.327  51390.957    31.6759     3.7085      1.314    7.46224     3.7398    25.1701   13.33432 8.4942e+01 0.0000e+00
        150  43.574343    0.01035     0.6208     37.250      1.377  51370.025    31.6656     3.7247      1.363    7.45978     3.7496    25.1605   13.33039 8.4939e+01 0.0000e+00
        151  43.574346    0.01042     0.6250     37.500      1.424  51341.634    31.6500     3.7399      1.411    7.45779     3.7511    25.1467   13.32733 8.4674e+01 0.0000e+00
        152  43.574349    0.01049     0.6292     37.750      1.458  51315.809    31.6348     3.7497      1.445    7.45678     3.7442    25.1337   13.32584 8.3998e+01 0.0000e+00
        153  43.574352    0.01056     0.6333     38.000      1.474  51305.113    31.6279     3.7512      1.460    7.45685     3.7323    25.1280   13.32605 8.3205e+01 0.0000e+00
        154  43.574355    0.01063     0.6375     38.250      1.470  51312.568    31.6313     3.7443      1.456    7.45793     3.7195    25.1313   13.32779 8.2718e+01 0.0000e+00
        155  43.574358    0.01069     0.6417     38.500      1.453  51331.526    31.6413     3.7324      1.439    7.45961     3.7085    25.1404   13.33044 8.3013e+01 0.0000e+00
        156  43.574361    0.01076     0.6458     38.750      1.429  51353.542    31.6531     3.7196      1.416    7.46135     3.7004    25.1510   13.33316 8.4057e+01 0.0000e+00
        157  43.574363    0.01083     0.6500     39.000      1.406  51373.182    31.6638     3.7086      1.393    7.46282     3.6950    25.1605   13.33543 8.4966e+01 0.0000e+00
        158  43.574366    0.01090     0.6542     39.250      1.388  51388.614    31.6723     3.7005      1.376    7.46387     3.6916    25.1680   13.33706 8.4905e+01 0.0000e+00
        159  43.574369    0.01097     0.6583     39.500      1.376  51400.068    31.6788     3.6951      1.364    7.46453     3.6897    25.1737   13.33806 8.4369e+01 0.0000e+00
        160  43.574372    0.01104     0.6625     39.750      1.370  51408.166    31.6835     3.6917      1.357    7.46491     3.6888    25.1777   13.33863 8.4207e+01 0.0000e+00
        161  43.574375    0.01111     0.6667     40.000      1.369  51413.478    31.6866     3.6898      1.357    7.46510     3.6885    25.1804   13.33890 8.4223e+01 0.0000e+00
        162  43.574378    0.01118     0.6708     40.250      1.374  51416.782    31.6886     3.6889      1.361    7.46516     3.6885    25.1821   13.33898 8.3930e+01 0.0000e+00
        163  43.574381    0.01125     0.6750     40.500      1.383  51419.051    31.6901     3.6886      1.370    7.46516     3.6889    25.1833   13.33895 8.3239e+01 0.0000e+00
        164  43.574384    0.01132     0.6792     40.750      1.393  51420.952    31.6914     3.6886      1.381    7.46509     3.6896    25.1843   13.33882 8.2405e+01 0.0000e+00
        165  43.574387    0.01139     0.6833     41.000      1.405  51422.729    31.6927     3.6890      1.392    7.46496     3.6908    25.1853   13.33859 8.1787e+01 0.0000e+00
        166  43.574389    0.01146     0.6875     41.250      1.416  51424.664    31.6942     3.6897      1.403    7.46474     3.6923    25.1864   13.33821 8.1407e+01 0.0000e+00
        167  43.574392    0.01153     0.6917     41.500      1.425  51427.008    31.6961     3.6909      1.412    7.46443     3.6943    25.1878   13.33767 8.1252e+01 0.0000e+00
        168  43.574395    0.01160     0.6958     41.750      1.430  51429.364    31.6980     3.6924      1.416    7.46405     3.6965    25.1892   13.33702 8.1467e+01 0.0000e+00
        169  43.574398    0.01167     0.7000     42.000      1.428  51430.832    31.6995     3.6944      1.415    7.46362     3.6990    25.1902   13.33630 8.2040e+01 0.0000e+00
        170  43.574401    0.01174     0.7042     42.250      1.421  51431.038    31.7002     3.6966      1.408    7.46317     3.7017    25.1906   13.33554 8.2981e+01 0.0000e+00
        171  43.574404    0.01181     0.7083     42.500      1.410  51430.061    31.7002     3.6991      1.396    7.46271     3.7045    25.1903   13.33479 8.4018e+01 0.0000e+00
        172  43.574407    0.01188     0.7125     42.750      1.398  51427.799    31.6993     3.7018      1.384    7.46227     3.7072    25.1894   13.33407 8.4400e+01 0.0000e+00
        173  43.574410    0.01194     0.7167     43.000      1.390  51424.256    31.6976     3.7046      1.376    7.46185     3.7096    25.1878   13.33339 8.3867e+01 0.0000e+00
        174  43.574413    0.01201     0.7208     43.250      1.390  51419.978    31.6954     3.7073      1.377    7.46146     3.7115    25.1858   13.33278 8.3154e+01 0.0000e+00
        175  43.574416    0.01208     0.7250     43.500      1.400  51415.914    31.6932     3.7097      1.387    7.46113     3.7130    25.1838   13.33226 8.2977e+01 0.0000e+00
        176  43.574418    0.01215     0.7292     43.750      1.419  51413.048    31.6917     3.7116      1.406    7.46086     3.7141    25.1824   13.33184 8.3263e+01 0.0000e+00
        177  43.574421    0.01222     0.7333     44.000      1.441  51412.385    31.6916     3.7131      1.428    7.46060     3.7152    25.1822   13.33141 8.3633e+01 0.0000e+00
        178  43.574424    0.01229     0.7375     44.250      1.457  51413.872    31.6929     3.7142      1.443    7.46033     3.7166    25.1832   13.33095 8.3799e+01 0.0000e+00
        179  43.574427    0.01236     0.7417     44.500      1.461  51415.595    31.6943     3.7153      1.447    7.46005     3.7183    25.1842   13.33047 8.3675e+01 0.0000e+00
        180  43.574430    0.01243     0.7458     44.750      1.450  51415.343    31.6945     3.7167      1.437    7.45978     3.7198    25.1842   13.33002 8.3665e+01 0.0000e+00
