CTD-processing/allCTD/CNV--turbid/2013_11-06_t6_s04_cast136.cnv
* Sea-Bird SBE19plus Data File:
* FileName = C:\Users\kris.holderied\Documents\kasitsna\Research-Projects-and-Data\Oceanography-AK\CTD-CookInlet-GulfWatchAK\2013-10-11-EVOSTC-CookInlet-Ocean\2013-11-06-CookInlet-Tran6-Douglas\2013-11-06-CookInlet-Tran6-cast136.hex
* Software Version 1.59
* Temperature SN =  5028
* Conductivity SN =  5028
* System UpLoad Time = Feb 14 2014 17:10:51
** Cook Inlet Transect 6 (Douglas) east to west
** Date: 2013-11-06
** Station: 6-04
** Start time: 08:44
** Depth (m): 102
** Comment:  CTD instrument time is AK Daylight time *1 hour off*
** Comment:
# nquan = 16
# nvalues = 614                         
# units = specified
# name 0 = scan: Scan Count
# name 1 = timeJ: Julian Days
# name 2 = timeH: Time, Elapsed [hours]
# name 3 = timeM: Time, Elapsed [minutes]
# name 4 = timeS: Time, Elapsed [seconds]
# name 5 = prdM: Pressure, Strain Gauge [db]
# name 6 = specc: Specific Conductance [uS/cm]
# name 7 = sal00: Salinity, Practical [PSU]
# name 8 = tv290C: Temperature [ITS-90, deg C]
# name 9 = depSM: Depth [salt water, m], lat = 59.00
# name 10 = oxsolML/L: Oxygen Saturation, Garcia & Gordon [ml/l]
# name 11 = potemp090C: Potential Temperature [ITS-90, deg C]
# name 12 = sigma-é00: Density [sigma-theta, kg/m^3]
# name 13 = n2satML/L: Nitrogen Saturation [ml/l]
# name 14 = par: PAR/Irradiance, Biospherical/Licor
# name 15 = flag:  0.000e+00
# span 0 =          1,        614       
# span 1 = 310.404294, 310.406068       
# span 2 =    0.00000,    0.04257       
# span 3 =     0.0000,     2.5542       
# span 4 =      0.000,    153.250       
# span 5 =      0.002,    101.581       
# span 6 =    473.086,  49924.724       
# span 7 =     0.2205,    31.5365       
# span 8 =     4.9755,     8.6425       
# span 9 =      0.002,    100.606       
# span 10 =    6.67568,    8.92107      
# span 11 =     4.9755,     8.6374      
# span 12 =     0.1435,    24.4982      
# span 13 =   12.04080,   16.22563      
# span 14 = 4.3522e-02, 1.1159e+01      
# span 15 = 0.0000e+00, 0.0000e+00      
# interval = seconds: 0.25
# start_time = Nov 06 2013 09:42:11 [Instrument's time stamp, header]
# bad_flag = -9.990e-29
*END*
[from data line 543]
        544 310.405865    0.03771     2.2625    135.750     80.705  48998.933    30.9320     8.6339     79.935    6.68086     8.6260    23.9904   12.05243 4.4127e-02 0.0000e+00
        545 310.405868    0.03778     2.2667    136.000     81.093  49000.693    30.9331     8.6340     80.319    6.68079     8.6260    23.9912   12.05231 4.4134e-02 0.0000e+00
        546 310.405871    0.03785     2.2708    136.250     81.461  49003.584    30.9349     8.6341     80.684    6.68070     8.6261    23.9927   12.05214 4.4125e-02 0.0000e+00
        547 310.405874    0.03792     2.2750    136.500     81.808  49007.552    30.9375     8.6342     81.027    6.68057     8.6260    23.9948   12.05190 4.4107e-02 0.0000e+00
        548 310.405877    0.03799     2.2792    136.750     82.131  49011.899    30.9404     8.6342     81.347    6.68044     8.6255    23.9970   12.05163 4.4115e-02 0.0000e+00
        549 310.405880    0.03806     2.2833    137.000     82.430  49017.246    30.9440     8.6341     81.644    6.68030     8.6247    23.9999   12.05135 4.4109e-02 0.0000e+00
        550 310.405883    0.03812     2.2875    137.250     82.708  49024.777    30.9491     8.6337     81.918    6.68014     8.6238    24.0039   12.05104 4.4073e-02 0.0000e+00
        551 310.405885    0.03819     2.2917    137.500     82.965  49035.121    30.9562     8.6329     82.173    6.67995     8.6231    24.0095   12.05064 4.4066e-02 0.0000e+00
        552 310.405888    0.03826     2.2958    137.750     83.208  49048.613    30.9654     8.6321     82.413    6.67969     8.6225    24.0169   12.05009 4.4081e-02 0.0000e+00
        553 310.405891    0.03833     2.3000    138.000     83.441  49065.263    30.9768     8.6313     82.644    6.67931     8.6222    24.0259   12.04932 4.4104e-02 0.0000e+00
        554 310.405894    0.03840     2.3042    138.250     83.673  49084.447    30.9901     8.6308     82.874    6.67881     8.6217    24.0364   12.04833 4.4141e-02 0.0000e+00
        555 310.405897    0.03847     2.3083    138.500     83.913  49105.187    31.0045     8.6305     83.112    6.67823     8.6209    24.0477   12.04720 4.4159e-02 0.0000e+00
        556 310.405900    0.03854     2.3125    138.750     84.169  49126.277    31.0191     8.6301     83.364    6.67766     8.6193    24.0592   12.04608 4.4145e-02 0.0000e+00
        557 310.405903    0.03861     2.3167    139.000     84.444  49146.147    31.0327     8.6293     83.637    6.67719     8.6169    24.0700   12.04514 4.4099e-02 0.0000e+00
        558 310.405906    0.03868     2.3208    139.250     84.742  49165.174    31.0457     8.6277     83.932    6.67686     8.6133    24.0804   12.04443 4.4049e-02 0.0000e+00
        559 310.405909    0.03875     2.3250    139.500     85.062  49186.358    31.0600     8.6253     84.249    6.67660     8.6077    24.0920   12.04382 4.4054e-02 0.0000e+00
        560 310.405911    0.03882     2.3292    139.750     85.399  49214.485    31.0790     8.6217     84.584    6.67631     8.5992    24.1074   12.04312 4.4085e-02 0.0000e+00
        561 310.405914    0.03889     2.3333    140.000     85.750  49254.487    31.1061     8.6162     84.930    6.67597     8.5863    24.1294   12.04221 4.4103e-02 0.0000e+00
        562 310.405917    0.03896     2.3375    140.250     86.105  49308.365    31.1424     8.6077     85.282    6.67568     8.5685    24.1591   12.04129 4.4113e-02 0.0000e+00
        563 310.405920    0.03903     2.3417    140.500     86.460  49373.862    31.1862     8.5948     85.634    6.67571     8.5467    24.1953   12.04080 4.4086e-02 0.0000e+00
        564 310.405923    0.03910     2.3458    140.750     86.809  49445.593    31.2336     8.5770     85.980    6.67632     8.5233    24.2351   12.04123 4.4015e-02 0.0000e+00
        565 310.405926    0.03917     2.3500    141.000     87.148  49517.872    31.2808     8.5553     86.316    6.67753     8.5009    24.2753   12.04266 4.3968e-02 0.0000e+00
        566 310.405929    0.03924     2.3542    141.250     87.477  49585.092    31.3243     8.5319     86.641    6.67915     8.4815    24.3127   12.04481 4.3963e-02 0.0000e+00
        567 310.405932    0.03931     2.3583    141.500     87.797  49643.130    31.3614     8.5096     86.957    6.68089     8.4655    24.3451   12.04724 4.3963e-02 0.0000e+00
        568 310.405935    0.03938     2.3625    141.750     88.111  49691.532    31.3923     8.4902     87.268    6.68247     8.4527    24.3722   12.04948 4.3958e-02 0.0000e+00
        569 310.405937    0.03944     2.3667    142.000     88.423  49730.779    31.4173     8.4742     87.578    6.68379     8.4428    24.3941   12.05135 4.3946e-02 0.0000e+00
        570 310.405940    0.03951     2.3708    142.250     88.738  49760.884    31.4363     8.4614     87.890    6.68488     8.4355    24.4109   12.05293 4.3946e-02 0.0000e+00
        571 310.405943    0.03958     2.3750    142.500     89.054  49782.733    31.4499     8.4515     88.203    6.68577     8.4304    24.4230   12.05423 4.3990e-02 0.0000e+00
        572 310.405946    0.03965     2.3792    142.750     89.373  49797.807    31.4593     8.4442     88.519    6.68646     8.4269    24.4314   12.05526 4.4032e-02 0.0000e+00
        573 310.405949    0.03972     2.3833    143.000     89.691  49808.301    31.4657     8.4392     88.834    6.68694     8.4242    24.4372   12.05597 4.4013e-02 0.0000e+00
        574 310.405952    0.03979     2.3875    143.250     90.003  49816.949    31.4711     8.4357     89.142    6.68723     8.4216    24.4419   12.05638 4.3954e-02 0.0000e+00
        575 310.405955    0.03986     2.3917    143.500     90.302  49826.042    31.4769     8.4331     89.438    6.68738     8.4187    24.4469   12.05655 4.3897e-02 0.0000e+00
        576 310.405958    0.03993     2.3958    143.750     90.584  49836.343    31.4836     8.4305     89.717    6.68748     8.4157    24.4525   12.05663 4.3853e-02 0.0000e+00
        577 310.405961    0.04000     2.4000    144.000     90.848  49846.630    31.4903     8.4276     89.979    6.68762     8.4129    24.4582   12.05679 4.3830e-02 0.0000e+00
        578 310.405964    0.04007     2.4042    144.250     91.099  49855.483    31.4959     8.4246     90.228    6.68783     8.4108    24.4630   12.05706 4.3827e-02 0.0000e+00
        579 310.405966    0.04014     2.4083    144.500     91.344  49862.233    31.5001     8.4219     90.470    6.68805     8.4093    24.4667   12.05738 4.3839e-02 0.0000e+00
        580 310.405969    0.04021     2.4125    144.750     91.591  49866.596    31.5028     8.4197     90.715    6.68826     8.4085    24.4691   12.05769 4.3851e-02 0.0000e+00
        581 310.405972    0.04028     2.4167    145.000     91.849  49868.756    31.5040     8.4183     90.971    6.68842     8.4083    24.4703   12.05794 4.3855e-02 0.0000e+00
        582 310.405975    0.04035     2.4208    145.250     92.127  49869.307    31.5041     8.4176     91.246    6.68852     8.4085    24.4705   12.05811 4.3873e-02 0.0000e+00
        583 310.405978    0.04042     2.4250    145.500     92.428  49868.736    31.5036     8.4175     91.543    6.68857     8.4088    24.4701   12.05821 4.3901e-02 0.0000e+00
        584 310.405981    0.04049     2.4292    145.750     92.752  49867.807    31.5028     8.4176     91.864    6.68858     8.4090    24.4695   12.05823 4.3913e-02 0.0000e+00
        585 310.405984    0.04056     2.4333    146.000     93.097  49867.549    31.5025     8.4180     92.206    6.68854     8.4090    24.4692   12.05817 4.3914e-02 0.0000e+00
        586 310.405987    0.04063     2.4375    146.250     93.456  49867.929    31.5027     8.4182     92.562    6.68850     8.4087    24.4693   12.05810 4.3911e-02 0.0000e+00
        587 310.405990    0.04069     2.4417    146.500     93.824  49868.848    31.5031     8.4182     92.925    6.68848     8.4081    24.4697   12.05806 4.3866e-02 0.0000e+00
        588 310.405992    0.04076     2.4458    146.750     94.189  49871.533    31.5048     8.4180     93.287    6.68843     8.4069    24.4710   12.05796 4.3810e-02 0.0000e+00
        589 310.405995    0.04083     2.4500    147.000     94.544  49876.579    31.5081     8.4174     93.639    6.68838     8.4052    24.4737   12.05783 4.3804e-02 0.0000e+00
        590 310.405998    0.04090     2.4542    147.250     94.884  49882.613    31.5120     8.4162     93.976    6.68839     8.4036    24.4769   12.05780 4.3817e-02 0.0000e+00
        591 310.406001    0.04097     2.4583    147.500     95.207  49887.980    31.5154     8.4146     94.295    6.68848     8.4024    24.4798   12.05792 4.3830e-02 0.0000e+00
        592 310.406004    0.04104     2.4625    147.750     95.512  49891.937    31.5178     8.4130     94.598    6.68862     8.4015    24.4819   12.05811 4.3843e-02 0.0000e+00
        593 310.406007    0.04111     2.4667    148.000     95.805  49894.743    31.5194     8.4118     94.888    6.68873     8.4009    24.4834   12.05827 4.3849e-02 0.0000e+00
        594 310.406010    0.04118     2.4708    148.250     96.090  49897.057    31.5208     8.4110     95.170    6.68879     8.4003    24.4846   12.05836 4.3861e-02 0.0000e+00
        595 310.406013    0.04125     2.4750    148.500     96.373  49899.227    31.5221     8.4103     95.450    6.68883     8.3996    24.4857   12.05841 4.3874e-02 0.0000e+00
        596 310.406016    0.04132     2.4792    148.750     96.657  49901.406    31.5234     8.4098     95.731    6.68886     8.3989    24.4868   12.05844 4.3866e-02 0.0000e+00
        597 310.406019    0.04139     2.4833    149.000     96.944  49903.695    31.5248     8.4092     96.015    6.68889     8.3982    24.4880   12.05848 4.3870e-02 0.0000e+00
        598 310.406021    0.04146     2.4875    149.250     97.232  49906.167    31.5263     8.4085     96.300    6.68893     8.3973    24.4893   12.05852 4.3913e-02 0.0000e+00
        599 310.406024    0.04153     2.4917    149.500     97.521  49908.819    31.5279     8.4078     96.586    6.68897     8.3964    24.4906   12.05857 4.3962e-02 0.0000e+00
        600 310.406027    0.04160     2.4958    149.750     97.807  49911.514    31.5296     8.4069     96.869    6.68903     8.3955    24.4920   12.05864 4.3994e-02 0.0000e+00
        601 310.406030    0.04167     2.5000    150.000     98.087  49914.002    31.5310     8.4060     97.147    6.68910     8.3948    24.4933   12.05874 4.3975e-02 0.0000e+00
        602 310.406033    0.04174     2.5042    150.250     98.363  49916.055    31.5322     8.4052     97.420    6.68917     8.3944    24.4944   12.05885 4.3913e-02 0.0000e+00
        603 310.406036    0.04181     2.5083    150.500     98.638  49917.418    31.5330     8.4045     97.693    6.68924     8.3942    24.4951   12.05895 4.3886e-02 0.0000e+00
        604 310.406039    0.04188     2.5125    150.750     98.917  49918.010    31.5332     8.4041     97.969    6.68929     8.3941    24.4953   12.05904 4.3905e-02 0.0000e+00
        605 310.406042    0.04194     2.5167    151.000     99.204  49918.312    31.5332     8.4040     98.253    6.68931     8.3940    24.4954   12.05907 4.3910e-02 0.0000e+00
        606 310.406045    0.04201     2.5208    151.250     99.503  49918.976    31.5336     8.4039     98.549    6.68930     8.3936    24.4957   12.05905 4.3879e-02 0.0000e+00
        607 310.406047    0.04208     2.5250    151.500     99.816  49920.179    31.5342     8.4038     98.859    6.68929     8.3932    24.4963   12.05902 4.3830e-02 0.0000e+00
        608 310.406050    0.04215     2.5292    151.750    100.140  49921.542    31.5350     8.4034     99.179    6.68931     8.3929    24.4969   12.05904 4.3774e-02 0.0000e+00
        609 310.406053    0.04222     2.5333    152.000    100.468  49922.525    31.5355     8.4030     99.504    6.68935     8.3928    24.4973   12.05911 4.3730e-02 0.0000e+00
        610 310.406056    0.04229     2.5375    152.250    100.789  49922.916    31.5356     8.4028     99.822    6.68939     8.3928    24.4974   12.05917 4.3697e-02 0.0000e+00
        611 310.406059    0.04236     2.5417    152.500    101.088  49923.112    31.5356     8.4027    100.117    6.68940     8.3928    24.4974   12.05918 4.3648e-02 0.0000e+00
        612 310.406062    0.04243     2.5458    152.750    101.340  49923.636    31.5358     8.4028    100.367    6.68937     8.3928    24.4977   12.05914 4.3585e-02 0.0000e+00
        613 310.406065    0.04250     2.5500    153.000    101.516  49924.371    31.5363     8.4028    100.542    6.68935 -9.990e-29    24.4980   12.05909 4.3539e-02 0.0000e+00
        614 310.406068    0.04257     2.5542    153.250    101.581  49924.724    31.5365     8.4028    100.606    6.68934 -9.990e-29    24.4982   12.05908 4.3522e-02 0.0000e+00
