CTD-processing/allCTD/CNV--turbid/2013_07-18_t7_s16_cast008.cnv
* Sea-Bird SBE19plus Data File:
* FileName = C:\Documents and Settings\kris.holderied.local\My Documents\2012-2013-CTD-DATA-new-files\2013-07-CookInlet-EVOSTC-LTM\2013-07-18-CookInlet-Tran7-Augustine\2013-07-18-CookInlet-Tran7-Augustine-cast008.hex
* Software Version 1.54
* Temperature SN =  5028
* Conductivity SN =  5028
* System UpLoad Time = Jul 18 2013 22:06:39
** Cook Inlet LTM Ocean - Tran7 Augustine Line, East to West
** Date: 2013-07-18
** Station: 7-16
** Start time (AKDT-24 hr): 14:53
** Depth (m): 85
** Comment:
** Comment:
# nquan = 16
# nvalues = 785                         
# units = specified
# name 0 = scan: Scan Count
# name 1 = timeJ: Julian Days
# name 2 = timeH: Time, Elapsed [hours]
# name 3 = timeM: Time, Elapsed [minutes]
# name 4 = timeS: Time, Elapsed [seconds]
# name 5 = prdM: Pressure, Strain Gauge [db]
# name 6 = specc: Specific Conductance [uS/cm]
# name 7 = sal00: Salinity, Practical [PSU]
# name 8 = tv290C: Temperature [ITS-90, deg C]
# name 9 = depSM: Depth [salt water, m], lat = 59.00
# name 10 = oxsolML/L: Oxygen Saturation, Garcia & Gordon [ml/l]
# name 11 = potemp090C: Potential Temperature [ITS-90, deg C]
# name 12 = sigma-é00: Density [sigma-theta, kg/m^3]
# name 13 = n2satML/L: Nitrogen Saturation [ml/l]
# name 14 = par: PAR/Irradiance, Biospherical/Licor
# name 15 = flag:  0.000e+00
# span 0 =          1,        785       
# span 1 = 199.620428, 199.622697       
# span 2 =    0.00000,    0.05444       
# span 3 =     0.0000,     3.2667       
# span 4 =      0.000,    196.000       
# span 5 =      0.034,     84.928       
# span 6 =    223.458,  50694.896       
# span 7 =     0.1051,    32.1509       
# span 8 =     7.4385,    11.3641       
# span 9 =      0.033,     84.116       
# span 10 =    6.42954,    7.65823      
# span 11 =     7.4307,    11.3641      
# span 12 =    -0.3413,    24.9406      
# span 13 =   11.62394,   14.09938      
# span 14 = 5.2510e-02, 8.7842e+02      
# span 15 = 0.0000e+00, 0.0000e+00      
# interval = seconds: 0.25
# start_time = Jul 18 2013 14:53:25 [Instrument's time stamp, header]
# bad_flag = -9.990e-29
*END*
[from data line 452]
        453 199.621736    0.03139     1.8833    113.000     30.517  50627.763    31.9160     7.5049     30.229    6.81003     7.5007    24.9225   12.25403 6.2391e-01 0.0000e+00
        454 199.621739    0.03146     1.8875    113.250     30.662  50628.117    31.9161     7.5042     30.373    6.81013     7.4999    24.9227   12.25420 6.1254e-01 0.0000e+00
        455 199.621742    0.03153     1.8917    113.500     30.814  50628.603    31.9162     7.5035     30.524    6.81024     7.4991    24.9229   12.25438 6.0164e-01 0.0000e+00
        456 199.621745    0.03160     1.8958    113.750     30.974  50628.853    31.9162     7.5027     30.682    6.81036     7.4981    24.9229   12.25458 5.9117e-01 0.0000e+00
        457 199.621748    0.03167     1.9000    114.000     31.142  50629.194    31.9162     7.5019     30.848    6.81049     7.4973    24.9231   12.25479 5.8108e-01 0.0000e+00
        458 199.621751    0.03174     1.9042    114.250     31.315  50630.124    31.9166     7.5010     31.020    6.81062     7.4968    24.9235   12.25499 5.7130e-01 0.0000e+00
        459 199.621753    0.03181     1.9083    114.500     31.495  50631.652    31.9175     7.5002     31.198    6.81071     7.4970    24.9243   12.25514 5.6162e-01 0.0000e+00
        460 199.621756    0.03188     1.9125    114.750     31.681  50633.354    31.9185     7.4997     31.383    6.81073     7.4975    24.9252   12.25516 5.5183e-01 0.0000e+00
        461 199.621759    0.03194     1.9167    115.000     31.874  50633.787    31.9187     7.4999     31.574    6.81069     7.4976    24.9254   12.25509 5.4180e-01 0.0000e+00
        462 199.621762    0.03201     1.9208    115.250     32.073  50632.156    31.9176     7.5005     31.771    6.81066     7.4966    24.9244   12.25505 5.3143e-01 0.0000e+00
        463 199.621765    0.03208     1.9250    115.500     32.277  50629.643    31.9158     7.5006     31.973    6.81073     7.4941    24.9229   12.25518 5.2065e-01 0.0000e+00
        464 199.621768    0.03215     1.9292    115.750     32.481  50626.978    31.9136     7.4996     32.175    6.81097     7.4897    24.9214   12.25561 5.0953e-01 0.0000e+00
        465 199.621771    0.03222     1.9333    116.000     32.684  50623.814    31.9109     7.4971     32.376    6.81148     7.4835    24.9196   12.25649 4.9826e-01 0.0000e+00
        466 199.621774    0.03229     1.9375    116.250     32.881  50622.251    31.9090     7.4927     32.571    6.81226     7.4769    24.9187   12.25779 4.8703e-01 0.0000e+00
        467 199.621777    0.03236     1.9417    116.500     33.070  50624.971    31.9097     7.4865     32.759    6.81318     7.4712    24.9201   12.25931 4.7597e-01 0.0000e+00
        468 199.621780    0.03243     1.9458    116.750     33.250  50630.741    31.9126     7.4799     32.937    6.81408     7.4669    24.9233   12.26076 4.6526e-01 0.0000e+00
        469 199.621782    0.03250     1.9500    117.000     33.417  50636.780    31.9158     7.4742     33.102    6.81482     7.4639    24.9265   12.26195 4.5512e-01 0.0000e+00
        470 199.621785    0.03257     1.9542    117.250     33.570  50641.731    31.9184     7.4700     33.254    6.81537     7.4619    24.9292   12.26282 4.4559e-01 0.0000e+00
        471 199.621788    0.03264     1.9583    117.500     33.709  50645.303    31.9204     7.4670     33.391    6.81575     7.4605    24.9312   12.26342 4.3663e-01 0.0000e+00
        472 199.621791    0.03271     1.9625    117.750     33.834  50647.621    31.9216     7.4650     33.515    6.81601     7.4596    24.9324   12.26383 4.2820e-01 0.0000e+00
        473 199.621794    0.03278     1.9667    118.000     33.949  50649.102    31.9223     7.4636     33.628    6.81618     7.4589    24.9332   12.26411 4.2023e-01 0.0000e+00
        474 199.621797    0.03285     1.9708    118.250     34.055  50650.128    31.9228     7.4627     33.734    6.81631     7.4584    24.9337   12.26431 4.1268e-01 0.0000e+00
        475 199.621800    0.03292     1.9750    118.500     34.160  50650.775    31.9231     7.4620     33.838    6.81640     7.4579    24.9340   12.26446 4.0538e-01 0.0000e+00
        476 199.621803    0.03299     1.9792    118.750     34.266  50651.082    31.9232     7.4615     33.943    6.81647     7.4575    24.9342   12.26458 3.9810e-01 0.0000e+00
        477 199.621806    0.03306     1.9833    119.000     34.379  50651.203    31.9232     7.4611     34.055    6.81654     7.4570    24.9342   12.26470 3.9079e-01 0.0000e+00
        478 199.621808    0.03313     1.9875    119.250     34.500  50651.426    31.9232     7.4606     34.174    6.81661     7.4566    24.9343   12.26482 3.8354e-01 0.0000e+00
        479 199.621811    0.03319     1.9917    119.500     34.628  50651.938    31.9234     7.4602     34.302    6.81668     7.4563    24.9345   12.26492 3.7643e-01 0.0000e+00
        480 199.621814    0.03326     1.9958    119.750     34.764  50652.471    31.9237     7.4598     34.437    6.81673     7.4561    24.9348   12.26500 3.6958e-01 0.0000e+00
        481 199.621817    0.03333     2.0000    120.000     34.905  50652.724    31.9237     7.4595     34.577    6.81677     7.4558    24.9349   12.26506 3.6316e-01 0.0000e+00
        482 199.621820    0.03340     2.0042    120.250     35.050  50652.730    31.9236     7.4593     34.720    6.81680     7.4555    24.9348   12.26512 3.5720e-01 0.0000e+00
        483 199.621823    0.03347     2.0083    120.500     35.196  50652.633    31.9235     7.4591     34.865    6.81685     7.4549    24.9347   12.26520 3.5161e-01 0.0000e+00
        484 199.621826    0.03354     2.0125    120.750     35.346  50652.519    31.9232     7.4587     35.013    6.81691     7.4542    24.9346   12.26531 3.4624e-01 0.0000e+00
        485 199.621829    0.03361     2.0167    121.000     35.500  50652.469    31.9230     7.4582     35.165    6.81699     7.4534    24.9345   12.26546 3.4100e-01 0.0000e+00
        486 199.621832    0.03368     2.0208    121.250     35.661  50652.718    31.9230     7.4575     35.325    6.81710     7.4527    24.9346   12.26563 3.3578e-01 0.0000e+00
        487 199.621834    0.03375     2.0250    121.500     35.830  50653.390    31.9233     7.4567     35.492    6.81721     7.4521    24.9349   12.26581 3.3028e-01 0.0000e+00
        488 199.621837    0.03382     2.0292    121.750     36.009  50654.216    31.9236     7.4560     35.670    6.81732     7.4516    24.9353   12.26598 3.2433e-01 0.0000e+00
        489 199.621840    0.03389     2.0333    122.000     36.200  50654.929    31.9239     7.4554     35.858    6.81740     7.4513    24.9356   12.26611 3.1797e-01 0.0000e+00
        490 199.621843    0.03396     2.0375    122.250     36.400  50655.497    31.9242     7.4549     36.057    6.81746     7.4511    24.9359   12.26620 3.1120e-01 0.0000e+00
        491 199.621846    0.03403     2.0417    122.500     36.607  50655.964    31.9243     7.4546     36.262    6.81749     7.4509    24.9361   12.26626 3.0413e-01 0.0000e+00
        492 199.621849    0.03410     2.0458    122.750     36.818  50656.359    31.9245     7.4544     36.471    6.81752     7.4508    24.9362   12.26630 2.9697e-01 0.0000e+00
        493 199.621852    0.03417     2.0500    123.000     37.029  50656.662    31.9246     7.4543     36.680    6.81753     7.4508    24.9363   12.26632 2.8988e-01 0.0000e+00
        494 199.621855    0.03424     2.0542    123.250     37.238  50656.865    31.9246     7.4542     36.887    6.81754     7.4508    24.9363   12.26634 2.8293e-01 0.0000e+00
        495 199.621858    0.03431     2.0583    123.500     37.442  50657.033    31.9246     7.4542     37.089    6.81755     7.4508    24.9363   12.26635 2.7622e-01 0.0000e+00
        496 199.621861    0.03438     2.0625    123.750     37.641  50657.213    31.9247     7.4542     37.285    6.81755     7.4509    24.9364   12.26634 2.6983e-01 0.0000e+00
        497 199.621863    0.03444     2.0667    124.000     37.833  50657.346    31.9247     7.4542     37.476    6.81754     7.4510    24.9364   12.26633 2.6380e-01 0.0000e+00
        498 199.621866    0.03451     2.0708    124.250     38.019  50657.364    31.9246     7.4543     37.660    6.81753     7.4510    24.9364   12.26630 2.5817e-01 0.0000e+00
        499 199.621869    0.03458     2.0750    124.500     38.197  50657.294    31.9245     7.4545     37.836    6.81751     7.4511    24.9363   12.26628 2.5299e-01 0.0000e+00
        500 199.621872    0.03465     2.0792    124.750     38.367  50657.218    31.9244     7.4546     38.004    6.81750     7.4512    24.9362   12.26627 2.4829e-01 0.0000e+00
        501 199.621875    0.03472     2.0833    125.000     38.528  50657.140    31.9243     7.4546     38.164    6.81750     7.4512    24.9360   12.26626 2.4405e-01 0.0000e+00
        502 199.621878    0.03479     2.0875    125.250     38.679  50657.059    31.9242     7.4547     38.314    6.81750     7.4512    24.9359   12.26626 2.4018e-01 0.0000e+00
        503 199.621881    0.03486     2.0917    125.500     38.821  50657.025    31.9241     7.4547     38.455    6.81749     7.4512    24.9359   12.26626 2.3665e-01 0.0000e+00
        504 199.621884    0.03493     2.0958    125.750     38.955  50657.061    31.9240     7.4548     38.587    6.81749     7.4512    24.9358   12.26626 2.3338e-01 0.0000e+00
        505 199.621887    0.03500     2.1000    126.000     39.084  50657.149    31.9240     7.4548     38.715    6.81748     7.4513    24.9359   12.26625 2.3020e-01 0.0000e+00
        506 199.621889    0.03507     2.1042    126.250     39.212  50657.229    31.9240     7.4548     38.842    6.81748     7.4513    24.9359   12.26624 2.2691e-01 0.0000e+00
        507 199.621892    0.03514     2.1083    126.500     39.346  50657.262    31.9240     7.4548     38.975    6.81748     7.4512    24.9358   12.26624 2.2339e-01 0.0000e+00
        508 199.621895    0.03521     2.1125    126.750     39.489  50657.269    31.9240     7.4549     39.117    6.81748     7.4512    24.9358   12.26624 2.1955e-01 0.0000e+00
        509 199.621898    0.03528     2.1167    127.000     39.644  50657.283    31.9239     7.4549     39.269    6.81748     7.4511    24.9357   12.26624 2.1535e-01 0.0000e+00
        510 199.621901    0.03535     2.1208    127.250     39.810  50657.328    31.9239     7.4549     39.434    6.81748     7.4510    24.9357   12.26625 2.1089e-01 0.0000e+00
        511 199.621904    0.03542     2.1250    127.500     39.987  50657.449    31.9239     7.4548     39.609    6.81749     7.4509    24.9357   12.26627 2.0627e-01 0.0000e+00
        512 199.621907    0.03549     2.1292    127.750     40.172  50657.677    31.9239     7.4547     39.793    6.81751     7.4509    24.9358   12.26628 2.0163e-01 0.0000e+00
        513 199.621910    0.03556     2.1333    128.000     40.362  50657.925    31.9240     7.4547     39.981    6.81752     7.4508    24.9358   12.26630 1.9709e-01 0.0000e+00
        514 199.621913    0.03562     2.1375    128.250     40.552  50658.119    31.9240     7.4546     40.169    6.81752     7.4508    24.9359   12.26631 1.9280e-01 0.0000e+00
        515 199.621916    0.03569     2.1417    128.500     40.738  50658.262    31.9241     7.4545     40.353    6.81753     7.4508    24.9359   12.26632 1.8884e-01 0.0000e+00
        516 199.621918    0.03576     2.1458    128.750     40.918  50658.369    31.9241     7.4545     40.531    6.81753     7.4508    24.9359   12.26632 1.8526e-01 0.0000e+00
        517 199.621921    0.03583     2.1500    129.000     41.089  50658.447    31.9240     7.4546     40.701    6.81753     7.4508    24.9359   12.26632 1.8211e-01 0.0000e+00
        518 199.621924    0.03590     2.1542    129.250     41.251  50658.498    31.9240     7.4546     40.862    6.81752     7.4509    24.9358   12.26631 1.7938e-01 0.0000e+00
        519 199.621927    0.03597     2.1583    129.500     41.404  50658.559    31.9239     7.4546     41.014    6.81752     7.4509    24.9358   12.26630 1.7703e-01 0.0000e+00
        520 199.621930    0.03604     2.1625    129.750     41.549  50658.658    31.9239     7.4547     41.157    6.81751     7.4509    24.9358   12.26629 1.7500e-01 0.0000e+00
        521 199.621933    0.03611     2.1667    130.000     41.688  50658.768    31.9240     7.4547     41.294    6.81750     7.4509    24.9358   12.26628 1.7319e-01 0.0000e+00
        522 199.621936    0.03618     2.1708    130.250     41.823  50658.866    31.9240     7.4547     41.428    6.81750     7.4508    24.9358   12.26628 1.7150e-01 0.0000e+00
        523 199.621939    0.03625     2.1750    130.500     41.959  50658.945    31.9240     7.4547     41.562    6.81751     7.4508    24.9358   12.26628 1.6982e-01 0.0000e+00
        524 199.621942    0.03632     2.1792    130.750     42.099  50658.994    31.9239     7.4547     41.701    6.81751     7.4507    24.9358   12.26629 1.6803e-01 0.0000e+00
        525 199.621944    0.03639     2.1833    131.000     42.248  50659.014    31.9239     7.4546     41.849    6.81752     7.4507    24.9358   12.26630 1.6599e-01 0.0000e+00
        526 199.621947    0.03646     2.1875    131.250     42.410  50659.049    31.9238     7.4546     42.009    6.81752     7.4507    24.9357   12.26631 1.6362e-01 0.0000e+00
        527 199.621950    0.03653     2.1917    131.500     42.588  50659.134    31.9238     7.4546     42.185    6.81753     7.4506    24.9357   12.26632 1.6088e-01 0.0000e+00
        528 199.621953    0.03660     2.1958    131.750     42.782  50659.246    31.9238     7.4546     42.377    6.81753     7.4506    24.9357   12.26632 1.5779e-01 0.0000e+00
        529 199.621956    0.03667     2.2000    132.000     42.991  50659.369    31.9238     7.4546     42.585    6.81753     7.4507    24.9357   12.26633 1.5440e-01 0.0000e+00
        530 199.621959    0.03674     2.2042    132.250     43.212  50659.504    31.9238     7.4546     42.804    6.81753     7.4507    24.9357   12.26633 1.5080e-01 0.0000e+00
        531 199.621962    0.03681     2.2083    132.500     43.439  50659.629    31.9238     7.4546     43.028    6.81753     7.4507    24.9357   12.26632 1.4707e-01 0.0000e+00
        532 199.621965    0.03687     2.2125    132.750     43.666  50659.750    31.9238     7.4546     43.253    6.81752     7.4507    24.9357   12.26631 1.4336e-01 0.0000e+00
        533 199.621968    0.03694     2.2167    133.000     43.886  50659.902    31.9238     7.4547     43.471    6.81751     7.4507    24.9357   12.26630 1.3979e-01 0.0000e+00
        534 199.621970    0.03701     2.2208    133.250     44.094  50660.098    31.9238     7.4547     43.677    6.81751     7.4508    24.9357   12.26628 1.3648e-01 0.0000e+00
        535 199.621973    0.03708     2.2250    133.500     44.285  50660.307    31.9239     7.4548     43.866    6.81750     7.4508    24.9358   12.26627 1.3353e-01 0.0000e+00
        536 199.621976    0.03715     2.2292    133.750     44.455  50660.466    31.9239     7.4548     44.035    6.81749     7.4509    24.9358   12.26625 1.3100e-01 0.0000e+00
        537 199.621979    0.03722     2.2333    134.000     44.602  50660.551    31.9239     7.4549     44.180    6.81748     7.4509    24.9358   12.26623 1.2893e-01 0.0000e+00
        538 199.621982    0.03729     2.2375    134.250     44.725  50660.609    31.9239     7.4550     44.302    6.81746     7.4510    24.9358   12.26621 1.2732e-01 0.0000e+00
        539 199.621985    0.03736     2.2417    134.500     44.823  50660.668    31.9239     7.4550     44.399    6.81745     7.4511    24.9358   12.26620 1.2616e-01 0.0000e+00
        540 199.621988    0.03743     2.2458    134.750     44.901  50660.695    31.9239     7.4551     44.477    6.81744     7.4511    24.9358   12.26618 1.2539e-01 0.0000e+00
        541 199.621991    0.03750     2.2500    135.000     44.964  50660.671    31.9239     7.4552     44.539    6.81743     7.4512    24.9357   12.26617 1.2491e-01 0.0000e+00
        542 199.621994    0.03757     2.2542    135.250     45.018  50660.629    31.9239     7.4552     44.592    6.81743     7.4512    24.9357   12.26616 1.2462e-01 0.0000e+00
