CTD-processing/allCTD/CNV--turbid/2013_02-12_t4_s01_cast023.cnv
* Sea-Bird SBE19plus Data File:
* FileName = C:\Documents and Settings\kris.holderied.local\My Documents\2012-2013-CTD-DATA-new-files\2013-02-EVOSTC-CookInlet\2013-02-12-CookInlet-Barabara-to-BluffPt-Tran4\2013-02-12-CookInletOcean-Tran4-cast023.hex
* Software Version 1.54
* Temperature SN =  5028
* Conductivity SN =  5028
* System UpLoad Time = Feb 12 2013 14:10:10
** Cook Inlet Ocean Transect 4 Barabara to Bluff Pt
** Date:  12 Feb 2013
** Station:4-01
** Start time (AKDT-24 hr):1057
** Depth (m):16
** Comment:
# nquan = 16
# nvalues = 447                         
# units = specified
# name 0 = scan: Scan Count
# name 1 = timeJ: Julian Days
# name 2 = timeH: Time, Elapsed [hours]
# name 3 = timeM: Time, Elapsed [minutes]
# name 4 = timeS: Time, Elapsed [seconds]
# name 5 = prdM: Pressure, Strain Gauge [db]
# name 6 = specc: Specific Conductance [uS/cm]
# name 7 = sal00: Salinity, Practical [PSU]
# name 8 = tv290C: Temperature [ITS-90, deg C]
# name 9 = depSM: Depth [salt water, m], lat = 59.00
# name 10 = oxsolML/L: Oxygen Saturation, Garcia & Gordon [ml/l]
# name 11 = potemp090C: Potential Temperature [ITS-90, deg C]
# name 12 = sigma-é00: Density [sigma-theta, kg/m^3]
# name 13 = n2satML/L: Nitrogen Saturation [ml/l]
# name 14 = par: PAR/Irradiance, Biospherical/Licor
# name 15 = flag:  0.000e+00
# span 0 =          1,        447       
# span 1 =  43.541366,  43.542656       
# span 2 =    0.00000,    0.03097       
# span 3 =     0.0000,     1.8583       
# span 4 =      0.000,    111.500       
# span 5 =     -0.114,     16.627       
# span 6 =      6.364,  51560.157       
# span 7 =     0.0045,    31.8426       
# span 8 =     3.6670,     6.1032       
# span 9 =     -0.113,     16.471       
# span 10 =    7.40232,    8.72440      
# span 11 =     3.6670,     6.1008      
# span 12 =    -0.0567,    25.2830      
# span 13 =   13.23437,   15.89943      
# span 14 = 4.7033e+00, 2.2393e+02      
# span 15 = 0.0000e+00, 0.0000e+00      
# interval = seconds: 0.25
# start_time = Feb 12 2013 12:59:34 [Instrument's time stamp, header]
# bad_flag = -9.990e-29
*END*
[from data line 181]
        182  43.541889    0.01257     0.7542     45.250      1.301  51213.170    31.6261     4.0029      1.289    7.41121     3.9702    25.1029   13.25076 9.4885e+01 0.0000e+00
        183  43.541892    0.01264     0.7583     45.500      1.314  51218.444    31.6262     3.9880      1.302    7.41389     3.9552    25.1044   13.25519 9.3688e+01 0.0000e+00
        184  43.541895    0.01271     0.7625     45.750      1.340  51250.005    31.6435     3.9703      1.327    7.41622     3.9460    25.1198   13.25881 9.2933e+01 0.0000e+00
        185  43.541898    0.01278     0.7667     46.000      1.368  51298.749    31.6731     3.9553      1.355    7.41746     3.9447    25.1448   13.26047 9.2246e+01 0.0000e+00
        186  43.541901    0.01285     0.7708     46.250      1.389  51351.058    31.7065     3.9461      1.377    7.41743     3.9519    25.1723   13.25999 9.1598e+01 0.0000e+00
        187  43.541904    0.01292     0.7750     46.500      1.398  51387.823    31.7313     3.9448      1.385    7.41644     3.9656    25.1921   13.25801 9.1473e+01 0.0000e+00
        188  43.541907    0.01299     0.7792     46.750      1.392  51394.991    31.7379     3.9520      1.379    7.41480     3.9806    25.1966   13.25523 9.2131e+01 0.0000e+00
        189  43.541910    0.01306     0.7833     47.000      1.375  51372.141    31.7257     3.9657      1.362    7.41293     3.9911    25.1856   13.25230 9.3357e+01 0.0000e+00
        190  43.541913    0.01313     0.7875     47.250      1.354  51330.691    31.7010     3.9807      1.341    7.41146     3.9936    25.1645   13.25019 9.4601e+01 0.0000e+00
        191  43.541916    0.01319     0.7917     47.500      1.336  51288.146    31.6745     3.9912      1.324    7.41090     3.9880    25.1424   13.24961 9.5454e+01 0.0000e+00
        192  43.541918    0.01326     0.7958     47.750      1.330  51258.616    31.6550     3.9937      1.317    7.41141     3.9765    25.1267   13.25072 9.5619e+01 0.0000e+00
        193  43.541921    0.01333     0.8000     48.000      1.336  51248.117    31.6465     3.9881      1.323    7.41287     3.9633    25.1205   13.25323 9.4821e+01 0.0000e+00
        194  43.541924    0.01340     0.8042     48.250      1.352  51257.635    31.6502     3.9766      1.339    7.41475     3.9519    25.1245   13.25629 9.3284e+01 0.0000e+00
        195  43.541927    0.01347     0.8083     48.500      1.372  51284.142    31.6651     3.9634      1.359    7.41639     3.9441    25.1376   13.25880 9.1786e+01 0.0000e+00
        196  43.541930    0.01354     0.8125     48.750      1.390  51321.500    31.6878     3.9520      1.377    7.41732     3.9409    25.1568   13.26003 9.1188e+01 0.0000e+00
        197  43.541933    0.01361     0.8167     49.000      1.401  51360.184    31.7123     3.9442      1.388    7.41749     3.9424    25.1770   13.25999 9.1703e+01 0.0000e+00
        198  43.541936    0.01368     0.8208     49.250      1.401  51389.512    31.7315     3.9410      1.389    7.41712     3.9486    25.1926   13.25913 9.2757e+01 0.0000e+00
        199  43.541939    0.01375     0.8250     49.500      1.392  51403.262    31.7413     3.9425      1.379    7.41635     3.9569    25.2002   13.25773 9.3819e+01 0.0000e+00
        200  43.541942    0.01382     0.8292     49.750      1.375  51399.360    31.7401     3.9487      1.362    7.41530     3.9637    25.1987   13.25602 9.4612e+01 0.0000e+00
        201  43.541944    0.01389     0.8333     50.000      1.355  51380.197    31.7291     3.9570      1.343    7.41435     3.9665    25.1891   13.25460 9.4770e+01 0.0000e+00
        202  43.541947    0.01396     0.8375     50.250      1.338  51352.851    31.7121     3.9638      1.326    7.41397     3.9648    25.1749   13.25419 9.4080e+01 0.0000e+00
        203  43.541950    0.01403     0.8417     50.500      1.329  51326.452    31.6948     3.9666      1.317    7.41432     3.9593    25.1609   13.25501 9.2882e+01 0.0000e+00
        204  43.541953    0.01410     0.8458     50.750      1.331  51309.097    31.6825     3.9649      1.319    7.41524     3.9516    25.1513   13.25668 9.2002e+01 0.0000e+00
        205  43.541956    0.01417     0.8500     51.000      1.343  51305.288    31.6786     3.9594      1.330    7.41643     3.9436    25.1488   13.25869 9.1862e+01 0.0000e+00
        206  43.541959    0.01424     0.8542     51.250      1.360  51316.531    31.6844     3.9517      1.348    7.41753     3.9371    25.1541   13.26044 9.1930e+01 0.0000e+00
        207  43.541962    0.01431     0.8583     51.500      1.377  51341.512    31.6995     3.9437      1.365    7.41822     3.9333    25.1669   13.26138 9.1686e+01 0.0000e+00
        208  43.541965    0.01438     0.8625     51.750      1.389  51372.696    31.7192     3.9372      1.376    7.41841     3.9328    25.1832   13.26144 9.1312e+01 0.0000e+00
        209  43.541968    0.01444     0.8667     52.000      1.391  51398.482    31.7358     3.9334      1.378    7.41827     3.9352    25.1968   13.26098 9.1236e+01 0.0000e+00
        210  43.541970    0.01451     0.8708     52.250      1.385  51411.120    31.7443     3.9328      1.372    7.41795     3.9386    25.2036   13.26034 9.1884e+01 0.0000e+00
        211  43.541973    0.01458     0.8750     52.500      1.373  51407.950    31.7427     3.9352      1.360    7.41759     3.9401    25.2021   13.25976 9.3288e+01 0.0000e+00
        212  43.541976    0.01465     0.8792     52.750      1.360  51391.633    31.7325     3.9387      1.347    7.41747     3.9372    25.1936   13.25971 9.4742e+01 0.0000e+00
        213  43.541979    0.01472     0.8833     53.000      1.351  51370.429    31.7184     3.9402      1.338    7.41791     3.9289    25.1822   13.26062 9.5581e+01 0.0000e+00
        214  43.541982    0.01479     0.8875     53.250      1.347  51353.181    31.7059     3.9373      1.334    7.41906     3.9151    25.1726   13.26268 9.5529e+01 0.0000e+00
        215  43.541985    0.01486     0.8917     53.500      1.349  51345.405    31.6986     3.9290      1.336    7.42094     3.8975    25.1676   13.26587 9.4628e+01 0.0000e+00
        216  43.541988    0.01493     0.8958     53.750      1.357  51349.333    31.6979     3.9152      1.344    7.42348     3.8794    25.1683   13.27008 9.3454e+01 0.0000e+00
        217  43.541991    0.01500     0.9000     54.000      1.367  51365.288    31.7045     3.8976      1.354    7.42634     3.8643    25.1752   13.27471 9.2630e+01 0.0000e+00
        218  43.541994    0.01507     0.9042     54.250      1.378  51392.823    31.7189     3.8795      1.366    7.42889     3.8549    25.1884   13.27874 9.2496e+01 0.0000e+00
        219  43.541997    0.01514     0.9083     54.500      1.387  51430.784    31.7412     3.8644      1.374    7.43051     3.8522    25.2075   13.28112 9.3076e+01 0.0000e+00
        220  43.541999    0.01521     0.9125     54.750      1.391  51472.658    31.7674     3.8550      1.378    7.43090     3.8562    25.2293   13.28142 9.3952e+01 0.0000e+00
        221  43.542002    0.01528     0.9167     55.000      1.388  51505.834    31.7894     3.8523      1.375    7.43029     3.8666    25.2470   13.28012 9.4628e+01 0.0000e+00
        222  43.542005    0.01535     0.9208     55.250      1.378  51518.376    31.7989     3.8563      1.364    7.42908     3.8804    25.2542   13.27800 9.4915e+01 0.0000e+00
        223  43.542008    0.01542     0.9250     55.500      1.362  51502.169    31.7904     3.8667      1.349    7.42763     3.8923    25.2464   13.27572 9.4935e+01 0.0000e+00
        224  43.542011    0.01549     0.9292     55.750      1.346  51456.450    31.7626     3.8805      1.333    7.42651     3.8973    25.2230   13.27423 9.4811e+01 0.0000e+00
        225  43.542014    0.01556     0.9333     56.000      1.333  51391.446    31.7212     3.8924      1.321    7.42643     3.8932    25.1890   13.27464 9.4553e+01 0.0000e+00
        226  43.542017    0.01563     0.9375     56.250      1.330  51325.062    31.6771     3.8974      1.317    7.42774     3.8808    25.1535   13.27737 9.4240e+01 0.0000e+00
        227  43.542020    0.01569     0.9417     56.500      1.338  51276.247    31.6428     3.8933      1.325    7.43022     3.8644    25.1266   13.28191 9.3933e+01 0.0000e+00
        228  43.542023    0.01576     0.9458     56.750      1.353  51261.130    31.6295     3.8809      1.341    7.43314     3.8499    25.1172   13.28691 9.3526e+01 0.0000e+00
        229  43.542025    0.01583     0.9500     57.000      1.372  51288.874    31.6445     3.8645      1.359    7.43536     3.8412    25.1306   13.29037 9.2860e+01 0.0000e+00
        230  43.542028    0.01590     0.9542     57.250      1.387  51348.764    31.6817     3.8499      1.374    7.43614     3.8412    25.1616   13.29117 9.2271e+01 0.0000e+00
        231  43.542031    0.01597     0.9583     57.500      1.394  51410.657    31.7218     3.8413      1.381    7.43569     3.8503    25.1943   13.28991 9.2330e+01 0.0000e+00
        232  43.542034    0.01604     0.9625     57.750      1.392  51445.819    31.7458     3.8413      1.379    7.43448     3.8643    25.2134   13.28760 9.2884e+01 0.0000e+00
        233  43.542037    0.01611     0.9667     58.000      1.384  51439.606    31.7438     3.8504      1.371    7.43293     3.8768    25.2109   13.28507 9.3349e+01 0.0000e+00
        234  43.542040    0.01618     0.9708     58.250      1.373  51396.207    31.7176     3.8644      1.360    7.43170     3.8836    25.1888   13.28338 9.3405e+01 0.0000e+00
        235  43.542043    0.01625     0.9750     58.500      1.366  51336.922    31.6802     3.8769      1.353    7.43131     3.8841    25.1579   13.28323 9.3245e+01 0.0000e+00
        236  43.542046    0.01632     0.9792     58.750      1.364  51287.862    31.6484     3.8837      1.351    7.43167     3.8799    25.1320   13.28423 9.3305e+01 0.0000e+00
        237  43.542049    0.01639     0.9833     59.000      1.368  51266.169    31.6337     3.8842      1.355    7.43232     3.8743    25.1203   13.28550 9.3446e+01 0.0000e+00
        238  43.542052    0.01646     0.9875     59.250      1.374  51275.076    31.6388     3.8800      1.361    7.43282     3.8695    25.1247   13.28626 9.3140e+01 0.0000e+00
        239  43.542054    0.01653     0.9917     59.500      1.377  51306.433    31.6588     3.8744      1.365    7.43284     3.8665    25.1411   13.28603 9.2426e+01 0.0000e+00
        240  43.542057    0.01660     0.9958     59.750      1.375  51343.004    31.6826     3.8696      1.362    7.43251     3.8656    25.1605   13.28518 9.1999e+01 0.0000e+00
        241  43.542060    0.01667     1.0000     60.000      1.366  51368.399    31.6992     3.8666      1.353    7.43223     3.8664    25.1739   13.28450 9.2293e+01 0.0000e+00
        242  43.542063    0.01674     1.0042     60.250      1.353  51375.104    31.7036     3.8657      1.341    7.43217     3.8672    25.1775   13.28434 9.3020e+01 0.0000e+00
        243  43.542066    0.01681     1.0083     60.500      1.340  51362.770    31.6954     3.8665      1.328    7.43244     3.8667    25.1709   13.28489 9.3769e+01 0.0000e+00
        244  43.542069    0.01688     1.0125     60.750      1.330  51337.321    31.6782     3.8673      1.318    7.43316     3.8650    25.1572   13.28631 9.4315e+01 0.0000e+00
        245  43.542072    0.01694     1.0167     61.000      1.326  51307.457    31.6577     3.8668      1.314    7.43428     3.8628    25.1410   13.28842 9.4464e+01 0.0000e+00
        246  43.542075    0.01701     1.0208     61.250      1.330  51280.687    31.6391     3.8651      1.318    7.43552     3.8609    25.1263   13.29072 9.4149e+01 0.0000e+00
        247  43.542078    0.01708     1.0250     61.500      1.343  51262.643    31.6262     3.8628      1.330    7.43658     3.8605    25.1163   13.29263 9.3464e+01 0.0000e+00
        248  43.542080    0.01715     1.0292     61.750      1.363  51256.423    31.6215     3.8610      1.351    7.43715     3.8619    25.1127   13.29363 9.2608e+01 0.0000e+00
        249  43.542083    0.01722     1.0333     62.000      1.388  51262.950    31.6259     3.8606      1.375    7.43700     3.8649    25.1162   13.29333 9.2019e+01 0.0000e+00
        250  43.542086    0.01729     1.0375     62.250      1.412  51282.368    31.6394     3.8620      1.399    7.43607     3.8694    25.1268   13.29162 9.1982e+01 0.0000e+00
        251  43.542089    0.01736     1.0417     62.500      1.430  51312.975    31.6610     3.8649      1.417    7.43445     3.8758    25.1437   13.28866 9.2248e+01 0.0000e+00
        252  43.542092    0.01743     1.0458     62.750      1.438  51347.888    31.6859     3.8695      1.425    7.43237     3.8848    25.1631   13.28491 9.2555e+01 0.0000e+00
        253  43.542095    0.01750     1.0500     63.000      1.434  51375.472    31.7062     3.8759      1.420    7.43018     3.8958    25.1787   13.28102 9.2962e+01 0.0000e+00
        254  43.542098    0.01757     1.0542     63.250      1.417  51384.333    31.7145     3.8849      1.403    7.42814     3.9066    25.1843   13.27755 9.3597e+01 0.0000e+00
        255  43.542101    0.01764     1.0583     63.500      1.390  51369.319    31.7069     3.8959      1.377    7.42652     3.9148    25.1773   13.27498 9.4334e+01 0.0000e+00
        256  43.542104    0.01771     1.0625     63.750      1.357  51334.599    31.6859     3.9067      1.345    7.42561     3.9186    25.1595   13.27375 9.4841e+01 0.0000e+00
        257  43.542106    0.01778     1.0667     64.000      1.327  51292.334    31.6590     3.9149      1.315    7.42548     3.9177    25.1374   13.27388 9.5041e+01 0.0000e+00
        258  43.542109    0.01785     1.0708     64.250      1.306  51257.214    31.6360     3.9187      1.294    7.42594     3.9130    25.1188   13.27494 9.4839e+01 0.0000e+00
        259  43.542112    0.01792     1.0750     64.500      1.301  51238.634    31.6231     3.9178      1.289    7.42675     3.9063    25.1086   13.27645 9.4075e+01 0.0000e+00
        260  43.542115    0.01799     1.0792     64.750      1.312  51237.207    31.6210     3.9131      1.300    7.42770     3.8991    25.1074   13.27805 9.3236e+01 0.0000e+00
        261  43.542118    0.01806     1.0833     65.000      1.336  51248.669    31.6272     3.9064      1.324    7.42862     3.8932    25.1130   13.27948 9.2808e+01 0.0000e+00
        262  43.542121    0.01812     1.0875     65.250      1.367  51269.409    31.6396     3.8992      1.354    7.42929     3.8898    25.1235   13.28043 9.2716e+01 0.0000e+00
        263  43.542124    0.01819     1.0917     65.500      1.398  51297.692    31.6574     3.8933      1.384    7.42948     3.8897    25.1382   13.28050 9.2963e+01 0.0000e+00
        264  43.542127    0.01826     1.0958     65.750      1.421  51329.075    31.6780     3.8899      1.407    7.42906     3.8932    25.1549   13.27955 9.3520e+01 0.0000e+00
        265  43.542130    0.01833     1.1000     66.000      1.432  51354.512    31.6953     3.8897      1.418    7.42822     3.9003    25.1687   13.27793 9.4015e+01 0.0000e+00
        266  43.542133    0.01840     1.1042     66.250      1.430  51365.091    31.7034     3.8933      1.416    7.42717     3.9087    25.1748   13.27609 9.4140e+01 0.0000e+00
        267  43.542135    0.01847     1.1083     66.500      1.417  51355.874    31.6988     3.9004      1.403    7.42612     3.9156    25.1705   13.27442 9.4059e+01 0.0000e+00
        268  43.542138    0.01854     1.1125     66.750      1.397  51329.853    31.6831     3.9088      1.383    7.42538     3.9190    25.1572   13.27340 9.4280e+01 0.0000e+00
        269  43.542141    0.01861     1.1167     67.000      1.375  51298.292    31.6632     3.9157      1.362    7.42513     3.9184    25.1407   13.27325 9.5101e+01 0.0000e+00
        270  43.542144    0.01868     1.1208     67.250      1.356  51272.999    31.6468     3.9191      1.343    7.42534     3.9148    25.1273   13.27380 9.6112e+01 0.0000e+00
        271  43.542147    0.01875     1.1250     67.500      1.343  51259.300    31.6374     3.9185      1.331    7.42591     3.9096    25.1199   13.27487 9.6517e+01 0.0000e+00
