CTD-processing/allCTD/CNV--turbid/2013_07-19_t4_s10_cast040.cnv
* Sea-Bird SBE19plus Data File:
* FileName = C:\Documents and Settings\kris.holderied.local\My Documents\2012-2013-CTD-DATA-new-files\2013-07-CookInlet-EVOSTC-LTM\2013-07-19-CookInlet-Tran4-Barabara\2013-07-19-CookInlet-Tran4-Barabara-cast040.hex
* Software Version 1.54
* Temperature SN =  5028
* Conductivity SN =  5028
* System UpLoad Time = Jul 19 2013 21:54:56
** Cook Inlet LTM Ocean - Tran4 - Barabara, North to South
** Date: 2013-07-19
** Station: 4-10
** Start time (AKDT-24 hr): 17:50
** Depth (m): 13
** Comment:
** Comment:
# nquan = 16
# nvalues = 328                         
# units = specified
# name 0 = scan: Scan Count
# name 1 = timeJ: Julian Days
# name 2 = timeH: Time, Elapsed [hours]
# name 3 = timeM: Time, Elapsed [minutes]
# name 4 = timeS: Time, Elapsed [seconds]
# name 5 = prdM: Pressure, Strain Gauge [db]
# name 6 = specc: Specific Conductance [uS/cm]
# name 7 = sal00: Salinity, Practical [PSU]
# name 8 = tv290C: Temperature [ITS-90, deg C]
# name 9 = depSM: Depth [salt water, m], lat = 59.00
# name 10 = oxsolML/L: Oxygen Saturation, Garcia & Gordon [ml/l]
# name 11 = potemp090C: Potential Temperature [ITS-90, deg C]
# name 12 = sigma-é00: Density [sigma-theta, kg/m^3]
# name 13 = n2satML/L: Nitrogen Saturation [ml/l]
# name 14 = par: PAR/Irradiance, Biospherical/Licor
# name 15 = flag:  0.000e+00
# span 0 =          1,        328       
# span 1 = 200.743669, 200.744615       
# span 2 =    0.00000,    0.02271       
# span 3 =     0.0000,     1.3625       
# span 4 =      0.000,     81.750       
# span 5 =      0.067,     14.201       
# span 6 =    187.120,  49859.033       
# span 7 =     0.0910,    31.6419       
# span 8 =     9.1759,    16.2552       
# span 9 =      0.067,     14.067       
# span 10 =    6.33590,    6.97715      
# span 11 =     9.1745,    16.2552      
# span 12 =    -1.0195,    24.4627      
# span 13 =   11.48169,   12.76599      
# span 14 = 3.8286e+00, 8.5395e+02      
# span 15 = 0.0000e+00, 0.0000e+00      
# interval = seconds: 0.25
# start_time = Jul 19 2013 17:50:53 [Instrument's time stamp, header]
# bad_flag = -9.990e-29
*END*
[from data line 272]
        273 200.744456    0.01889     1.1333     68.000      1.500  48404.963    30.7513    10.1563      1.486    6.46695    10.1510    23.6110   11.70033 3.4380e+02 0.0000e+00
        274 200.744459    0.01896     1.1375     68.250      1.485  48405.425    30.7514    10.1542      1.471    6.46725    10.1474    23.6114   11.70083 3.3536e+02 0.0000e+00
        275 200.744462    0.01903     1.1417     68.500      1.504  48406.781    30.7519    10.1512      1.490    6.46765    10.1437    23.6124   11.70149 3.2509e+02 0.0000e+00
        276 200.744465    0.01910     1.1458     68.750      1.563  48408.986    30.7530    10.1476      1.548    6.46812    10.1412    23.6138   11.70224 3.1031e+02 0.0000e+00
        277 200.744468    0.01917     1.1500     69.000      1.668  48412.050    30.7547    10.1439      1.652    6.46856    10.1418    23.6157   11.70296 2.8317e+02 0.0000e+00
        278 200.744470    0.01924     1.1542     69.250      1.822  48415.353    30.7567    10.1414      1.805    6.46883    10.1462    23.6176   11.70339 2.5083e+02 0.0000e+00
        279 200.744473    0.01931     1.1583     69.500      2.022  48415.723    30.7570    10.1421      2.002    6.46873    10.1524    23.6177   11.70321 2.2183e+02 0.0000e+00
        280 200.744476    0.01938     1.1625     69.750      2.252  48411.336    30.7543    10.1464      2.231    6.46822    10.1596    23.6150   11.70240 1.9719e+02 0.0000e+00
        281 200.744479    0.01944     1.1667     70.000      2.498  48404.584    30.7502    10.1527      2.474    6.46750    10.1671    23.6107   11.70126 1.7766e+02 0.0000e+00
        282 200.744482    0.01951     1.1708     70.250      2.746  48396.831    30.7455    10.1599      2.720    6.46668    10.1730    23.6059   11.69996 1.6289e+02 0.0000e+00
        283 200.744485    0.01958     1.1750     70.500      2.988  48388.016    30.7401    10.1674      2.960    6.46584    10.1763    23.6005   11.69863 1.5025e+02 0.0000e+00
        284 200.744488    0.01965     1.1792     70.750      3.215  48381.191    30.7359    10.1733      3.185    6.46518    10.1782    23.5962   11.69759 1.3836e+02 0.0000e+00
        285 200.744491    0.01972     1.1833     71.000      3.423  48377.867    30.7339    10.1766      3.391    6.46480    10.1791    23.5941   11.69698 1.2801e+02 0.0000e+00
        286 200.744494    0.01979     1.1875     71.250      3.615  48375.532    30.7324    10.1786      3.581    6.46459    10.1782    23.5927   11.69664 1.1947e+02 0.0000e+00
        287 200.744497    0.01986     1.1917     71.500      3.795  48373.256    30.7308    10.1795      3.759    6.46452    10.1750    23.5913   11.69655 1.1240e+02 0.0000e+00
        288 200.744499    0.01993     1.1958     71.750      3.970  48372.135    30.7299    10.1787      3.933    6.46468    10.1691    23.5907   11.69683 1.0668e+02 0.0000e+00
        289 200.744502    0.02000     1.2000     72.000      4.150  48373.047    30.7301    10.1754      4.111    6.46514    10.1607    23.5914   11.69758 1.0166e+02 0.0000e+00
        290 200.744505    0.02007     1.2042     72.250      4.344  48376.329    30.7316    10.1696      4.303    6.46589    10.1491    23.5935   11.69882 9.6236e+01 0.0000e+00
        291 200.744508    0.02014     1.2083     72.500      4.558  48381.506    30.7341    10.1612      4.516    6.46697    10.1339    23.5969   11.70058 8.9707e+01 0.0000e+00
        292 200.744511    0.02021     1.2125     72.750      4.800  48389.725    30.7384    10.1496      4.756    6.46844    10.1156    23.6021   11.70296 8.2146e+01 0.0000e+00
        293 200.744514    0.02028     1.2167     73.000      5.073  48403.021    30.7458    10.1344      5.026    6.47028    10.0922    23.6104   11.70592 7.4227e+01 0.0000e+00
        294 200.744517    0.02035     1.2208     73.250      5.374  48419.787    30.7552    10.1161      5.324    6.47248    10.0602    23.6207   11.70945 6.6541e+01 0.0000e+00
        295 200.744520    0.02042     1.2250     73.500      5.699  48442.616    30.7683    10.0928      5.646    6.47525    10.0196    23.6347   11.71388 5.9407e+01 0.0000e+00
        296 200.744523    0.02049     1.2292     73.750      6.042  48480.958    30.7912    10.0608      5.985    6.47883     9.9734    23.6577   11.71954 5.2920e+01 0.0000e+00
        297 200.744525    0.02056     1.2333     74.000      6.393  48538.526    30.8265    10.0203      6.333    6.48312     9.9237    23.6918   11.72623 4.7076e+01 0.0000e+00
        298 200.744528    0.02063     1.2375     74.250      6.744  48611.752    30.8722     9.9742      6.681    6.48777     9.8699    23.7349   11.73339 4.1919e+01 0.0000e+00
        299 200.744531    0.02069     1.2417     74.500      7.086  48695.613    30.9248     9.9245      7.020    6.49265     9.8103    23.7840   11.74085 3.7515e+01 0.0000e+00
        300 200.744534    0.02076     1.2458     74.750      7.415  48787.240    30.9824     9.8706      7.345    6.49794     9.7437    23.8376   11.74891 3.3864e+01 0.0000e+00
        301 200.744537    0.02083     1.2500     75.000      7.727  48887.203    31.0450     9.8111      7.655    6.50383     9.6682    23.8960   11.75793 3.0870e+01 0.0000e+00
        302 200.744540    0.02090     1.2542     75.250      8.023  48997.492    31.1140     9.7446      7.948    6.51047     9.5835    23.9605   11.76809 2.8368e+01 0.0000e+00
        303 200.744543    0.02097     1.2583     75.500      8.307  49119.950    31.1903     9.6691      8.229    6.51811     9.4974    24.0321   11.77982 2.6178e+01 0.0000e+00
        304 200.744546    0.02104     1.2625     75.750      8.582  49251.777    31.2719     9.5844      8.502    6.52685     9.4213    24.1093   11.79332 2.4162e+01 0.0000e+00
        305 200.744549    0.02111     1.2667     76.000      8.853  49380.816    31.3512     9.4983      8.770    6.53592     9.3612    24.1849   11.80739 2.2247e+01 0.0000e+00
        306 200.744552    0.02118     1.2708     76.250      9.123  49491.865    31.4191     9.4222      9.037    6.54404     9.3167    24.2499   11.82001 2.0424e+01 0.0000e+00
        307 200.744554    0.02125     1.2750     76.500      9.394  49577.817    31.4715     9.3622      9.306    6.55050     9.2844    24.3003   11.83007 1.8715e+01 0.0000e+00
        308 200.744557    0.02132     1.2792     76.750      9.668  49640.669    31.5096     9.3177      9.577    6.55533     9.2609    24.3371   11.83761 1.7135e+01 0.0000e+00
        309 200.744560    0.02139     1.2833     77.000      9.943  49685.884    31.5369     9.2854      9.849    6.55885     9.2434    24.3635   11.84311 1.5688e+01 0.0000e+00
        310 200.744563    0.02146     1.2875     77.250     10.219  49718.888    31.5569     9.2620     10.123    6.56141     9.2299    24.3828   11.84710 1.4371e+01 0.0000e+00
        311 200.744566    0.02153     1.2917     77.500     10.493  49744.196    31.5722     9.2445     10.395    6.56329     9.2193    24.3975   11.85004 1.3177e+01 0.0000e+00
        312 200.744569    0.02160     1.2958     77.750     10.765  49765.241    31.5850     9.2311     10.664    6.56470     9.2109    24.4096   11.85222 1.2091e+01 0.0000e+00
        313 200.744572    0.02167     1.3000     78.000     11.033  49783.858    31.5965     9.2204     10.929    6.56576     9.2048    24.4203   11.85383 1.1098e+01 0.0000e+00
        314 200.744575    0.02174     1.3042     78.250     11.297  49800.664    31.6071     9.2121     11.190    6.56652     9.2009    24.4298   11.85496 1.0186e+01 0.0000e+00
        315 200.744578    0.02181     1.3083     78.500     11.557  49815.599    31.6167     9.2060     11.448    6.56700     9.1987    24.4383   11.85564 9.3483e+00 0.0000e+00
        316 200.744580    0.02187     1.3125     78.750     11.814  49827.441    31.6244     9.2022     11.703    6.56724     9.1974    24.4449   11.85594 8.5786e+00 0.0000e+00
        317 200.744583    0.02194     1.3167     79.000     12.070  49835.191    31.6294     9.2000     11.956    6.56734     9.1964    24.4492   11.85605 7.8709e+00 0.0000e+00
        318 200.744586    0.02201     1.3208     79.250     12.323  49839.676    31.6323     9.1987     12.207    6.56740     9.1950    24.4516   11.85611 7.2217e+00 0.0000e+00
        319 200.744589    0.02208     1.3250     79.500     12.574  49842.339    31.6339     9.1977     12.456    6.56748     9.1933    24.4530   11.85623 6.6287e+00 0.0000e+00
        320 200.744592    0.02215     1.3292     79.750     12.822  49844.178    31.6349     9.1964     12.702    6.56763     9.1910    24.4540   11.85646 6.0881e+00 0.0000e+00
        321 200.744595    0.02222     1.3333     80.000     13.066  49845.678    31.6356     9.1947     12.944    6.56786     9.1881    24.4549   11.85682 5.5954e+00 0.0000e+00
        322 200.744598    0.02229     1.3375     80.250     13.304  49847.030    31.6361     9.1924     13.179    6.56817     9.1847    24.4556   11.85733 5.1510e+00 0.0000e+00
        323 200.744601    0.02236     1.3417     80.500     13.531  49848.419    31.6366     9.1895     13.404    6.56856     9.1811    24.4565   11.85798 4.7580e+00 0.0000e+00
        324 200.744604    0.02243     1.3458     80.750     13.743  49850.135    31.6373     9.1862     13.614    6.56902     9.1778    24.4575   11.85873 4.4224e+00 0.0000e+00
        325 200.744606    0.02250     1.3500     81.000     13.929  49852.563    31.6384     9.1826     13.799    6.56950     9.1754    24.4590   11.85950 4.1531e+00 0.0000e+00
        326 200.744609    0.02257     1.3542     81.250     14.076  49855.485    31.6399     9.1792     13.944    6.56992     9.1745    24.4607   11.86018 3.9631e+00 0.0000e+00
        327 200.744612    0.02264     1.3583     81.500     14.169  49858.003    31.6413     9.1768     14.036    6.57021 -9.990e-29    24.4621   11.86064 3.8593e+00 0.0000e+00
        328 200.744615    0.02271     1.3625     81.750     14.201  49859.033    31.6419     9.1759     14.067    6.57031 -9.990e-29    24.4627   11.86081 3.8286e+00 0.0000e+00
