CTD-processing/allCTD/CNV--turbid/2013_07-21_t6_s22_cast056.cnv
* Sea-Bird SBE19plus Data File:
* FileName = C:\Users\kris.holderied\Documents\kasitsna\Research-Projects-and-Data\Oceanography-AK\CTD-CookInlet-GulfWatchAK\2013-07-EVOSTC-CookInlet-Ocean\2013-07-21-22-CookInlet-Tran6-Douglas\2013-07-21-22-CookInlet-Tran6-Douglas-cast056.hex
* Software Version 1.59
* Temperature SN =  5028
* Conductivity SN =  5028
* System UpLoad Time = Apr 09 2014 20:56:10
** Cook Inlet LTM Transect 6 (Douglas) west to east
** Date: 2013-07-21/22
** Station: 6-22
** Start time: 20:13
** Depth (m): 163
** CoComment:
** Comment:
# nquan = 16
# nvalues = 914                         
# units = specified
# name 0 = scan: Scan Count
# name 1 = timeJ: Julian Days
# name 2 = timeH: Time, Elapsed [hours]
# name 3 = timeM: Time, Elapsed [minutes]
# name 4 = timeS: Time, Elapsed [seconds]
# name 5 = prdM: Pressure, Strain Gauge [db]
# name 6 = specc: Specific Conductance [uS/cm]
# name 7 = sal00: Salinity, Practical [PSU]
# name 8 = tv290C: Temperature [ITS-90, deg C]
# name 9 = depSM: Depth [salt water, m], lat = 59.00
# name 10 = oxsolML/L: Oxygen Saturation, Garcia & Gordon [ml/l]
# name 11 = potemp090C: Potential Temperature [ITS-90, deg C]
# name 12 = sigma-é00: Density [sigma-theta, kg/m^3]
# name 13 = n2satML/L: Nitrogen Saturation [ml/l]
# name 14 = par: PAR/Irradiance, Biospherical/Licor
# name 15 = flag:  0.000e+00
# span 0 =          1,        914       
# span 1 = 202.843090, 202.845732       
# span 2 =    0.00000,    0.06340       
# span 3 =     0.0000,     3.8042       
# span 4 =      0.000,    228.250       
# span 5 =     -0.029,    164.420       
# span 6 =    603.794,  52582.382       
# span 7 =     0.2912,    32.6253       
# span 8 =     4.5355,    12.4706       
# span 9 =     -0.029,    162.818       
# span 10 =    6.32846,    7.45203      
# span 11 =     4.5253,    12.4706      
# span 12 =    -0.3253,    25.8362      
# span 13 =   11.46110,   13.74753      
# span 14 = 4.6717e-02, 1.9228e+03      
# span 15 = 0.0000e+00, 0.0000e+00      
# interval = seconds: 0.25
# start_time = Jul 21 2013 20:14:03 [Instrument's time stamp, header]
# bad_flag = -9.990e-29
*END*
[from data line 452]
        453 202.844398    0.03139     1.8833    113.000     40.645  50788.712    31.9079     6.8454     40.260    6.91446     6.7973    25.0045   12.42675 1.4510e-01 0.0000e+00
        454 202.844401    0.03146     1.8875    113.250     40.819  50813.952    31.9209     6.8204     40.433    6.91786     6.7805    25.0180   12.43220 1.4338e-01 0.0000e+00
        455 202.844404    0.03153     1.8917    113.500     40.991  50830.689    31.9289     6.8008     40.604    6.92062     6.7645    25.0268   12.43667 1.4177e-01 0.0000e+00
        456 202.844407    0.03160     1.8958    113.750     41.165  50842.304    31.9338     6.7840     40.776    6.92308     6.7483    25.0329   12.44068 1.4026e-01 0.0000e+00
        457 202.844410    0.03167     1.9000    114.000     41.346  50852.265    31.9378     6.7680     40.955    6.92546     6.7318    25.0381   12.44456 1.3865e-01 0.0000e+00
        458 202.844413    0.03174     1.9042    114.250     41.537  50864.189    31.9430     6.7518     41.144    6.92782     6.7159    25.0443   12.44839 1.3685e-01 0.0000e+00
        459 202.844416    0.03181     1.9083    114.500     41.742  50880.126    31.9510     6.7353     41.347    6.93010     6.7016    25.0527   12.45205 1.3489e-01 0.0000e+00
        460 202.844418    0.03188     1.9125    114.750     41.962  50899.915    31.9618     6.7195     41.565    6.93216     6.6898    25.0633   12.45532 1.3281e-01 0.0000e+00
        461 202.844421    0.03194     1.9167    115.000     42.196  50921.355    31.9740     6.7052     41.798    6.93389     6.6805    25.0747   12.45803 1.3067e-01 0.0000e+00
        462 202.844424    0.03201     1.9208    115.250     42.442  50941.146    31.9855     6.6934     42.041    6.93527     6.6737    25.0853   12.46017 1.2849e-01 0.0000e+00
        463 202.844427    0.03208     1.9250    115.500     42.693  50957.545    31.9951     6.6841     42.290    6.93631     6.6690    25.0940   12.46177 1.2635e-01 0.0000e+00
        464 202.844430    0.03215     1.9292    115.750     42.944  50970.924    32.0030     6.6773     42.538    6.93704     6.6660    25.1012   12.46288 1.2435e-01 0.0000e+00
        465 202.844433    0.03222     1.9333    116.000     43.188  50981.738    32.0095     6.6726     42.780    6.93750     6.6642    25.1069   12.46356 1.2253e-01 0.0000e+00
        466 202.844436    0.03229     1.9375    116.250     43.420  50989.699    32.0144     6.6696     43.009    6.93776     6.6631    25.1111   12.46392 1.2088e-01 0.0000e+00
        467 202.844439    0.03236     1.9417    116.500     43.636  50994.709    32.0174     6.6679     43.223    6.93790     6.6620    25.1138   12.46411 1.1936e-01 0.0000e+00
        468 202.844442    0.03243     1.9458    116.750     43.833  50997.375    32.0190     6.6668     43.418    6.93800     6.6606    25.1151   12.46426 1.1793e-01 0.0000e+00
        469 202.844444    0.03250     1.9500    117.000     44.011  50998.516    32.0195     6.6658     43.595    6.93814     6.6585    25.1157   12.46449 1.1666e-01 0.0000e+00
        470 202.844447    0.03257     1.9542    117.250     44.172  50998.713    32.0193     6.6644     43.755    6.93837     6.6555    25.1157   12.46487 1.1566e-01 0.0000e+00
        471 202.844450    0.03264     1.9583    117.500     44.322  50998.308    32.0186     6.6623     43.903    6.93874     6.6513    25.1154   12.46549 1.1480e-01 0.0000e+00
        472 202.844453    0.03271     1.9625    117.750     44.467  50997.372    32.0173     6.6593     44.047    6.93928     6.6453    25.1147   12.46640 1.1385e-01 0.0000e+00
        473 202.844456    0.03278     1.9667    118.000     44.615  50995.566    32.0152     6.6551     44.194    6.94006     6.6375    25.1136   12.46772 1.1281e-01 0.0000e+00
        474 202.844459    0.03285     1.9708    118.250     44.771  50994.153    32.0130     6.6491     44.348    6.94112     6.6285    25.1127   12.46950 1.1181e-01 0.0000e+00
        475 202.844462    0.03292     1.9750    118.500     44.941  50995.741    32.0126     6.6413     44.516    6.94240     6.6193    25.1134   12.47161 1.1081e-01 0.0000e+00
        476 202.844465    0.03299     1.9792    118.750     45.126  50999.878    32.0137     6.6324     44.700    6.94379     6.6101    25.1154   12.47389 1.0971e-01 0.0000e+00
        477 202.844468    0.03306     1.9833    119.000     45.329  51004.569    32.0152     6.6231     44.900    6.94521     6.6012    25.1177   12.47622 1.0849e-01 0.0000e+00
        478 202.844470    0.03313     1.9875    119.250     45.546  51009.683    32.0169     6.6140     45.115    6.94661     6.5927    25.1203   12.47851 1.0717e-01 0.0000e+00
        479 202.844473    0.03319     1.9917    119.500     45.774  51015.356    32.0191     6.6051     45.341    6.94794     6.5849    25.1231   12.48069 1.0577e-01 0.0000e+00
        480 202.844476    0.03326     1.9958    119.750     46.009  51021.255    32.0215     6.5966     45.574    6.94919     6.5776    25.1261   12.48272 1.0439e-01 0.0000e+00
        481 202.844479    0.03333     2.0000    120.000     46.246  51027.077    32.0240     6.5888     45.809    6.95035     6.5707    25.1291   12.48460 1.0304e-01 0.0000e+00
        482 202.844482    0.03340     2.0042    120.250     46.484  51032.460    32.0263     6.5815     46.044    6.95142     6.5641    25.1318   12.48635 1.0174e-01 0.0000e+00
        483 202.844485    0.03347     2.0083    120.500     46.720  51037.359    32.0283     6.5747     46.278    6.95243     6.5579    25.1342   12.48800 1.0046e-01 0.0000e+00
        484 202.844488    0.03354     2.0125    120.750     46.952  51042.180    32.0303     6.5681     46.508    6.95340     6.5521    25.1366   12.48957 9.9234e-02 0.0000e+00
        485 202.844491    0.03361     2.0167    121.000     47.180  51047.120    32.0324     6.5619     46.734    6.95431     6.5469    25.1391   12.49105 9.8074e-02 0.0000e+00
        486 202.844494    0.03368     2.0208    121.250     47.402  51052.078    32.0347     6.5561     46.954    6.95514     6.5425    25.1417   12.49239 9.6945e-02 0.0000e+00
        487 202.844497    0.03375     2.0250    121.500     47.616  51056.923    32.0370     6.5510     47.166    6.95586     6.5389    25.1442   12.49355 9.5893e-02 0.0000e+00
        488 202.844499    0.03382     2.0292    121.750     47.822  51061.502    32.0392     6.5466     47.370    6.95647     6.5361    25.1465   12.49452 9.5020e-02 0.0000e+00
        489 202.844502    0.03389     2.0333    122.000     48.017  51065.617    32.0413     6.5430     47.563    6.95695     6.5338    25.1486   12.49530 9.4278e-02 0.0000e+00
        490 202.844505    0.03396     2.0375    122.250     48.201  51069.118    32.0431     6.5401     47.744    6.95733     6.5321    25.1504   12.49590 9.3542e-02 0.0000e+00
        491 202.844508    0.03403     2.0417    122.500     48.371  51072.020    32.0447     6.5379     47.913    6.95762     6.5307    25.1519   12.49635 9.2797e-02 0.0000e+00
        492 202.844511    0.03410     2.0458    122.750     48.527  51074.391    32.0459     6.5362     48.068    6.95784     6.5296    25.1531   12.49670 9.2126e-02 0.0000e+00
        493 202.844514    0.03417     2.0500    123.000     48.674  51076.418    32.0470     6.5349     48.213    6.95800     6.5287    25.1541   12.49696 9.1595e-02 0.0000e+00
        494 202.844517    0.03424     2.0542    123.250     48.816  51078.416    32.0481     6.5338     48.354    6.95813     6.5279    25.1551   12.49716 9.1137e-02 0.0000e+00
        495 202.844520    0.03431     2.0583    123.500     48.958  51080.675    32.0494     6.5328     48.494    6.95822     6.5273    25.1563   12.49729 9.0636e-02 0.0000e+00
        496 202.844523    0.03438     2.0625    123.750     49.105  51083.324    32.0511     6.5321     48.640    6.95827     6.5269    25.1577   12.49735 9.0078e-02 0.0000e+00
        497 202.844525    0.03444     2.0667    124.000     49.262  51086.234    32.0529     6.5315     48.795    6.95828     6.5267    25.1592   12.49735 8.9466e-02 0.0000e+00
        498 202.844528    0.03451     2.0708    124.250     49.432  51089.131    32.0548     6.5311     48.964    6.95826     6.5265    25.1607   12.49729 8.8796e-02 0.0000e+00
        499 202.844531    0.03458     2.0750    124.500     49.616  51091.856    32.0565     6.5308     49.146    6.95821     6.5264    25.1621   12.49719 8.8074e-02 0.0000e+00
        500 202.844534    0.03465     2.0792    124.750     49.816  51094.501    32.0583     6.5307     49.344    6.95815     6.5264    25.1635   12.49707 8.7301e-02 0.0000e+00
        501 202.844537    0.03472     2.0833    125.000     50.030  51097.221    32.0601     6.5307     49.556    6.95808     6.5263    25.1649   12.49693 8.6481e-02 0.0000e+00
        502 202.844540    0.03479     2.0875    125.250     50.255  51099.990    32.0619     6.5306     49.779    6.95801     6.5262    25.1663   12.49678 8.5632e-02 0.0000e+00
        503 202.844543    0.03486     2.0917    125.500     50.486  51102.449    32.0634     6.5306     50.008    6.95794     6.5257    25.1676   12.49665 8.4857e-02 0.0000e+00
        504 202.844546    0.03493     2.0958    125.750     50.720  51104.120    32.0645     6.5304     50.240    6.95791     6.5248    25.1684   12.49659 8.4195e-02 0.0000e+00
        505 202.844549    0.03500     2.1000    126.000     50.952  51105.066    32.0649     6.5300     50.469    6.95796     6.5233    25.1689   12.49667 8.3538e-02 0.0000e+00
        506 202.844552    0.03507     2.1042    126.250     51.177  51105.887    32.0652     6.5291     50.692    6.95810     6.5214    25.1692   12.49690 8.2896e-02 0.0000e+00
        507 202.844554    0.03514     2.1083    126.500     51.392  51107.006    32.0656     6.5276     50.905    6.95832     6.5194    25.1697   12.49725 8.2368e-02 0.0000e+00
        508 202.844557    0.03521     2.1125    126.750     51.598  51108.331    32.0661     6.5258     51.109    6.95859     6.5172    25.1703   12.49770 8.1953e-02 0.0000e+00
        509 202.844560    0.03528     2.1167    127.000     51.797  51109.523    32.0665     6.5238     51.306    6.95890     6.5148    25.1709   12.49820 8.1560e-02 0.0000e+00
        510 202.844563    0.03535     2.1208    127.250     51.991  51110.397    32.0666     6.5217     51.498    6.95924     6.5120    25.1712   12.49876 8.1090e-02 0.0000e+00
        511 202.844566    0.03542     2.1250    127.500     52.181  51111.063    32.0665     6.5192     51.687    6.95964     6.5087    25.1715   12.49942 8.0549e-02 0.0000e+00
        512 202.844569    0.03549     2.1292    127.750     52.370  51111.722    32.0663     6.5164     51.874    6.96010     6.5049    25.1717   12.50019 8.0009e-02 0.0000e+00
        513 202.844572    0.03556     2.1333    128.000     52.558  51112.523    32.0662     6.5132     52.060    6.96064     6.5007    25.1720   12.50107 7.9490e-02 0.0000e+00
        514 202.844575    0.03562     2.1375    128.250     52.745  51113.674    32.0662     6.5094     52.245    6.96125     6.4962    25.1725   12.50208 7.8957e-02 0.0000e+00
        515 202.844578    0.03569     2.1417    128.500     52.933  51115.310    32.0664     6.5052     52.431    6.96192     6.4916    25.1732   12.50318 7.8402e-02 0.0000e+00
        516 202.844580    0.03576     2.1458    128.750     53.120  51117.237    32.0668     6.5007     52.616    6.96262     6.4871    25.1741   12.50435 7.7826e-02 0.0000e+00
        517 202.844583    0.03583     2.1500    129.000     53.305  51119.223    32.0673     6.4961     52.800    6.96334     6.4827    25.1750   12.50553 7.7300e-02 0.0000e+00
        518 202.844586    0.03590     2.1542    129.250     53.489  51121.473    32.0679     6.4916     52.982    6.96405     6.4787    25.1761   12.50669 7.6929e-02 0.0000e+00
        519 202.844589    0.03597     2.1583    129.500     53.671  51124.126    32.0688     6.4872     53.162    6.96471     6.4751    25.1774   12.50777 7.6618e-02 0.0000e+00
        520 202.844592    0.03604     2.1625    129.750     53.850  51126.608    32.0697     6.4832     53.339    6.96531     6.4717    25.1786   12.50876 7.6269e-02 0.0000e+00
        521 202.844595    0.03611     2.1667    130.000     54.029  51128.346    32.0701     6.4796     53.517    6.96588     6.4684    25.1794   12.50968 7.5916e-02 0.0000e+00
        522 202.844598    0.03618     2.1708    130.250     54.208  51129.368    32.0701     6.4763     53.695    6.96643     6.4648    25.1798   12.51059 7.5524e-02 0.0000e+00
        523 202.844601    0.03625     2.1750    130.500     54.391  51129.773    32.0697     6.4729     53.875    6.96699     6.4606    25.1799   12.51153 7.5101e-02 0.0000e+00
        524 202.844604    0.03632     2.1792    130.750     54.577  51129.500    32.0687     6.4693     54.060    6.96762     6.4556    25.1796   12.51258 7.4705e-02 0.0000e+00
        525 202.844606    0.03639     2.1833    131.000     54.770  51128.510    32.0672     6.4652     54.251    6.96836     6.4494    25.1789   12.51383 7.4318e-02 0.0000e+00
        526 202.844609    0.03646     2.1875    131.250     54.971  51126.932    32.0650     6.4602     54.450    6.96927     6.4417    25.1778   12.51536 7.3912e-02 0.0000e+00
        527 202.844612    0.03653     2.1917    131.500     55.180  51125.193    32.0625     6.4540     54.657    6.97039     6.4328    25.1767   12.51724 7.3504e-02 0.0000e+00
        528 202.844615    0.03660     2.1958    131.750     55.397  51124.640    32.0606     6.4463     54.872    6.97172     6.4236    25.1761   12.51946 7.3087e-02 0.0000e+00
        529 202.844618    0.03667     2.2000    132.000     55.621  51127.162    32.0606     6.4374     55.094    6.97316     6.4152    25.1772   12.52185 7.2650e-02 0.0000e+00
        530 202.844621    0.03674     2.2042    132.250     55.852  51132.624    32.0625     6.4283     55.322    6.97456     6.4081    25.1799   12.52413 7.2212e-02 0.0000e+00
        531 202.844624    0.03681     2.2083    132.500     56.090  51139.030    32.0652     6.4199     55.558    6.97581     6.4022    25.1831   12.52615 7.1784e-02 0.0000e+00
        532 202.844627    0.03687     2.2125    132.750     56.334  51144.842    32.0678     6.4128     55.799    6.97685     6.3974    25.1860   12.52784 7.1409e-02 0.0000e+00
        533 202.844630    0.03694     2.2167    133.000     56.583  51149.499    32.0698     6.4069     56.046    6.97770     6.3933    25.1883   12.52923 7.1054e-02 0.0000e+00
        534 202.844633    0.03701     2.2208    133.250     56.837  51152.881    32.0711     6.4021     56.298    6.97842     6.3896    25.1900   12.53040 7.0640e-02 0.0000e+00
        535 202.844635    0.03708     2.2250    133.500     57.096  51154.851    32.0716     6.3981     56.555    6.97905     6.3858    25.1908   12.53144 7.0190e-02 0.0000e+00
        536 202.844638    0.03715     2.2292    133.750     57.359  51155.679    32.0713     6.3944     56.815    6.97967     6.3818    25.1911   12.53246 6.9747e-02 0.0000e+00
        537 202.844641    0.03722     2.2333    134.000     57.623  51156.121    32.0708     6.3906     57.076    6.98030     6.3775    25.1911   12.53351 6.9300e-02 0.0000e+00
        538 202.844644    0.03729     2.2375    134.250     57.884  51156.570    32.0702     6.3866     57.335    6.98098     6.3728    25.1912   12.53464 6.8826e-02 0.0000e+00
        539 202.844647    0.03736     2.2417    134.500     58.143  51157.037    32.0696     6.3823     57.591    6.98171     6.3678    25.1912   12.53585 6.8344e-02 0.0000e+00
        540 202.844650    0.03743     2.2458    134.750     58.396  51157.538    32.0689     6.3777     57.842    6.98250     6.3623    25.1913   12.53716 6.7872e-02 0.0000e+00
        541 202.844653    0.03750     2.2500    135.000     58.643  51158.174    32.0683     6.3726     58.086    6.98335     6.3565    25.1914   12.53858 6.7455e-02 0.0000e+00
        542 202.844656    0.03757     2.2542    135.250     58.883  51159.047    32.0677     6.3672     58.324    6.98426     6.3503    25.1917   12.54009 6.7167e-02 0.0000e+00
