CTD-processing/allCTD/CNV--turbid/2013_11-08_t3_s06_cast163.cnv
* Sea-Bird SBE19plus Data File:
* FileName = C:\Users\kris.holderied\Documents\kasitsna\Research-Projects-and-Data\Oceanography-AK\CTD-CookInlet-GulfWatchAK\2013-10-11-EVOSTC-CookInlet-Ocean\2013-11-08-CookInlet-Tran3-AnchorPt\2013-11-08-CookInlet-Tran3-cast163.hex
* Software Version 1.59
* Temperature SN =  5028
* Conductivity SN =  5028
* System UpLoad Time = Feb 14 2014 16:53:06
** Cook Inlet Transect 3 (Anchor Pt) east to west
** Date: 2013-11-08
** Station: 3-06
** Start time: 14:23
** Depth (m): 47
** Comment:  CTD instrument time is AK Daylight time - 1 hr off
** Comment:
# nquan = 16
# nvalues = 499                         
# units = specified
# name 0 = scan: Scan Count
# name 1 = timeJ: Julian Days
# name 2 = timeH: Time, Elapsed [hours]
# name 3 = timeM: Time, Elapsed [minutes]
# name 4 = timeS: Time, Elapsed [seconds]
# name 5 = prdM: Pressure, Strain Gauge [db]
# name 6 = specc: Specific Conductance [uS/cm]
# name 7 = sal00: Salinity, Practical [PSU]
# name 8 = tv290C: Temperature [ITS-90, deg C]
# name 9 = depSM: Depth [salt water, m], lat = 59.00
# name 10 = oxsolML/L: Oxygen Saturation, Garcia & Gordon [ml/l]
# name 11 = potemp090C: Potential Temperature [ITS-90, deg C]
# name 12 = sigma-é00: Density [sigma-theta, kg/m^3]
# name 13 = n2satML/L: Nitrogen Saturation [ml/l]
# name 14 = par: PAR/Irradiance, Biospherical/Licor
# name 15 = flag:  0.000e+00
# span 0 =          1,        499       
# span 1 = 312.640810, 312.642251       
# span 2 =    0.00000,    0.03458       
# span 3 =     0.0000,     2.0750       
# span 4 =      0.000,    124.500       
# span 5 =      0.022,     47.520       
# span 6 =    167.114,  45822.085       
# span 7 =     0.0751,    28.5958       
# span 8 =     5.0592,     7.6481       
# span 9 =      0.021,     47.070       
# span 10 =    6.93678,    8.91796      
# span 11 =     5.0601,     7.6440      
# span 12 =     0.0262,    22.2973      
# span 13 =   12.50534,   16.22355      
# span 14 = 3.9376e-02, 1.2847e+02      
# span 15 = 0.0000e+00, 0.0000e+00      
# interval = seconds: 0.25
# start_time = Nov 08 2013 15:22:46 [Instrument's time stamp, header]
# bad_flag = -9.990e-29
*END*
[from data line 91]
         92 312.641073    0.00632     0.3792     22.750      1.397  45244.715    28.1825     7.4041      1.384    6.99478     7.4013    22.0032   12.60667 3.6253e+01 0.0000e+00
         93 312.641076    0.00639     0.3833     23.000      1.431  45231.758    28.1736     7.4043      1.417    6.99514     7.3937    21.9962   12.60738 3.6306e+01 0.0000e+00
         94 312.641079    0.00646     0.3875     23.250      1.463  45186.626    28.1421     7.4014      1.450    6.99705     7.3802    21.9718   12.61095 3.6340e+01 0.0000e+00
         95 312.641082    0.00653     0.3917     23.500      1.489  45126.089    28.0994     7.3938      1.475    7.00025     7.3594    21.9392   12.61679 3.6303e+01 0.0000e+00
         96 312.641085    0.00660     0.3958     23.750      1.504  45080.814    28.0663     7.3803      1.490    7.00395     7.3318    21.9150   12.62335 3.6392e+01 0.0000e+00
         97 312.641088    0.00667     0.4000     24.000      1.505  45072.509    28.0575     7.3595      1.491    7.00773     7.3041    21.9107   12.62972 3.6966e+01 0.0000e+00
         98 312.641091    0.00674     0.4042     24.250      1.492  45108.067    28.0779     7.3319      1.479    7.01126     7.2848    21.9302   12.63531 3.8092e+01 0.0000e+00
         99 312.641094    0.00681     0.4083     24.500      1.467  45176.599    28.1208     7.3042      1.453    7.01379     7.2778    21.9674   12.63895 3.9410e+01 0.0000e+00
        100 312.641097    0.00688     0.4125     24.750      1.432  45251.840    28.1697     7.2849      1.419    7.01467     7.2822    22.0082   12.63979 4.0519e+01 0.0000e+00
        101 312.641100    0.00694     0.4167     25.000      1.394  45310.030    28.2086     7.2780      1.382    7.01401     7.2944    22.0396   12.63820 4.1298e+01 0.0000e+00
        102 312.641102    0.00701     0.4208     25.250      1.357  45340.965    28.2305     7.2823      1.344    7.01230     7.3100    22.0563   12.63508 4.1817e+01 0.0000e+00
        103 312.641105    0.00708     0.4250     25.500      1.323  45345.137    28.2352     7.2945      1.311    7.01010     7.3250    22.0585   12.63138 4.2296e+01 0.0000e+00
        104 312.641108    0.00715     0.4292     25.750      1.295  45327.340    28.2253     7.3101      1.284    7.00801     7.3373    22.0487   12.62805 4.3040e+01 0.0000e+00
        105 312.641111    0.00722     0.4333     26.000      1.275  45296.561    28.2064     7.3251      1.264    7.00645     7.3473    22.0320   12.62570 4.3758e+01 0.0000e+00
        106 312.641114    0.00729     0.4375     26.250      1.263  45270.083    28.1901     7.3374      1.252    7.00521     7.3567    22.0176   12.62386 4.3671e+01 0.0000e+00
        107 312.641117    0.00736     0.4417     26.500      1.259  45267.327    28.1897     7.3474      1.248    7.00362     7.3670    22.0160   12.62123 4.2458e+01 0.0000e+00
        108 312.641120    0.00743     0.4458     26.750      1.266  45291.040    28.2074     7.3568      1.255    7.00127     7.3775    22.0287   12.61711 4.0725e+01 0.0000e+00
        109 312.641123    0.00750     0.4500     27.000      1.286  45323.897    28.2315     7.3671      1.275    6.99851     7.3870    22.0463   12.61223 3.9377e+01 0.0000e+00
        110 312.641126    0.00757     0.4542     27.250      1.320  45347.746    28.2494     7.3776      1.308    6.99598     7.3942    22.0591   12.60781 3.8480e+01 0.0000e+00
        111 312.641128    0.00764     0.4583     27.500      1.364  45355.743    28.2563     7.3871      1.352    6.99414     7.3989    22.0632   12.60467 3.7634e+01 0.0000e+00
        112 312.641131    0.00771     0.4625     27.750      1.415  45349.009    28.2527     7.3944      1.402    6.99313     7.4007    22.0595   12.60305 3.6846e+01 0.0000e+00
        113 312.641134    0.00778     0.4667     28.000      1.468  45330.175    28.2404     7.3991      1.454    6.99294     7.3988    22.0493   12.60288 3.6232e+01 0.0000e+00
        114 312.641137    0.00785     0.4708     28.250      1.518  45300.107    28.2200     7.4009      1.504    6.99358     7.3914    22.0330   12.60422 3.5783e+01 0.0000e+00
        115 312.641140    0.00792     0.4750     28.500      1.561  45257.213    28.1902     7.3989      1.547    6.99527     7.3761    22.0099   12.60739 3.5651e+01 0.0000e+00
        116 312.641143    0.00799     0.4792     28.750      1.590  45202.613    28.1516     7.3916      1.576    6.99823     7.3488    21.9805   12.61279 3.6093e+01 0.0000e+00
        117 312.641146    0.00806     0.4833     29.000      1.601  45147.732    28.1116     7.3763      1.586    7.00255     7.3055    21.9510   12.62046 3.7159e+01 0.0000e+00
        118 312.641149    0.00813     0.4875     29.250      1.590  45114.459    28.0846     7.3489      1.576    7.00823     7.2482    21.9333   12.63020 3.8610e+01 0.0000e+00
        119 312.641152    0.00819     0.4917     29.500      1.558  45124.862    28.0853     7.3056      1.544    7.01523     7.1872    21.9393   12.64179 4.0170e+01 0.0000e+00
        120 312.641155    0.00826     0.4958     29.750      1.507  45182.833    28.1166     7.2483      1.493    7.02311     7.1350    21.9710   12.65445 4.1654e+01 0.0000e+00
        121 312.641157    0.00833     0.5000     30.000      1.443  45272.302    28.1689     7.1873      1.429    7.03063     7.1010    22.0198   12.66624 4.2796e+01 0.0000e+00
        122 312.641160    0.00840     0.5042     30.250      1.377  45372.826    28.2301     7.1351      1.363    7.03632     7.0900    22.0743   12.67487 4.3399e+01 0.0000e+00
        123 312.641163    0.00847     0.5083     30.500      1.317  45462.525    28.2865     7.1011      1.305    7.03925     7.1017    22.1229   12.67902 4.3864e+01 0.0000e+00
        124 312.641166    0.00854     0.5125     30.750      1.273  45520.316    28.3245     7.0901      1.261    7.03930     7.1309    22.1542   12.67862 4.4590e+01 0.0000e+00
        125 312.641169    0.00861     0.5167     31.000      1.244  45538.479    28.3388     7.1018      1.232    7.03673     7.1683    22.1640   12.67417 4.5067e+01 0.0000e+00
        126 312.641172    0.00868     0.5208     31.250      1.230  45520.680    28.3311     7.1310      1.218    7.03232     7.2048    22.1543   12.66695 4.4791e+01 0.0000e+00
        127 312.641175    0.00875     0.5250     31.500      1.225  45472.958    28.3040     7.1684      1.213    7.02747     7.2361    22.1283   12.65927 4.4073e+01 0.0000e+00
        128 312.641178    0.00882     0.5292     31.750      1.227  45407.295    28.2645     7.2049      1.215    7.02333     7.2620    22.0927   12.65293 4.3424e+01 0.0000e+00
        129 312.641181    0.00889     0.5333     32.000      1.235  45344.546    28.2261     7.2362      1.223    7.02001     7.2842    22.0586   12.64791 4.2975e+01 0.0000e+00
        130 312.641183    0.00896     0.5375     32.250      1.249  45304.788    28.2027     7.2622      1.237    7.01686     7.3036    22.0370   12.64299 4.2466e+01 0.0000e+00
        131 312.641186    0.00903     0.5417     32.500      1.272  45298.290    28.2015     7.2843      1.260    7.01331     7.3213    22.0333   12.63713 4.1498e+01 0.0000e+00
        132 312.641189    0.00910     0.5458     32.750      1.308  45322.289    28.2209     7.3037      1.295    7.00927     7.3379    22.0460   12.63019 3.9949e+01 0.0000e+00
        133 312.641192    0.00917     0.5500     33.000      1.357  45359.038    28.2488     7.3215      1.345    7.00511     7.3521    22.0657   12.62295 3.8357e+01 0.0000e+00
        134 312.641195    0.00924     0.5542     33.250      1.421  45385.667    28.2695     7.3380      1.407    7.00148     7.3620    22.0799   12.61667 3.7259e+01 0.0000e+00
        135 312.641198    0.00931     0.5583     33.500      1.491  45387.454    28.2728     7.3522      1.478    6.99903     7.3654    22.0807   12.61255 3.6660e+01 0.0000e+00
        136 312.641201    0.00937     0.5625     33.750      1.559  45358.553    28.2544     7.3621      1.545    6.99827     7.3598    22.0650   12.61154 3.6646e+01 0.0000e+00
        137 312.641204    0.00944     0.5667     34.000      1.613  45300.283    28.2149     7.3655      1.599    6.99954     7.3417    22.0335   12.61414 3.7448e+01 0.0000e+00
        138 312.641207    0.00951     0.5708     34.250      1.645  45229.025    28.1650     7.3599      1.630    7.00274     7.3074    21.9951   12.62008 3.9070e+01 0.0000e+00
        139 312.641209    0.00958     0.5750     34.500      1.649  45176.351    28.1261     7.3418      1.634    7.00747     7.2580    21.9668   12.62841 4.1345e+01 0.0000e+00
        140 312.641212    0.00965     0.5792     34.750      1.624  45169.140    28.1160     7.3075      1.610    7.01350     7.2029    21.9632   12.63853 4.4057e+01 0.0000e+00
        141 312.641215    0.00972     0.5833     35.000      1.574  45211.945    28.1381     7.2582      1.560    7.02051     7.1540    21.9867   12.64986 4.6923e+01 0.0000e+00
        142 312.641218    0.00979     0.5875     35.250      1.504  45289.598    28.1832     7.2031      1.490    7.02740     7.1194    22.0290   12.66070 4.9723e+01 0.0000e+00
        143 312.641221    0.00986     0.5917     35.500      1.423  45382.114    28.2393     7.1541      1.410    7.03278     7.1023    22.0792   12.66889 5.2724e+01 0.0000e+00
        144 312.641224    0.00993     0.5958     35.750      1.344  45470.224    28.2946     7.1195      1.331    7.03588     7.1038    22.1270   12.67332 5.5927e+01 0.0000e+00
        145 312.641227    0.01000     0.6000     36.000      1.275  45535.367    28.3368     7.1024      1.262    7.03672     7.1230    22.1623   12.67417 5.8210e+01 0.0000e+00
        146 312.641230    0.01007     0.6042     36.250      1.223  45568.135    28.3596     7.1039      1.211    7.03542     7.1554    22.1799   12.67174 5.8327e+01 0.0000e+00
        147 312.641233    0.01014     0.6083     36.500      1.192  45572.959    28.3658     7.1231      1.180    7.03199     7.1937    22.1825   12.66598 5.6290e+01 0.0000e+00
        148 312.641236    0.01021     0.6125     36.750      1.181  45562.016    28.3632     7.1555      1.169    7.02683     7.2323    22.1764   12.65747 5.3378e+01 0.0000e+00
        149 312.641238    0.01028     0.6167     37.000      1.188  45547.225    28.3589     7.1938      1.177    7.02080     7.2679    22.1682   12.64752 5.0724e+01 0.0000e+00
        150 312.641241    0.01035     0.6208     37.250      1.212  45534.033    28.3556     7.2324      1.200    7.01468     7.2992    22.1608   12.63743 4.8496e+01 0.0000e+00
        151 312.641244    0.01042     0.6250     37.500      1.250  45520.756    28.3519     7.2680      1.238    7.00906     7.3255    22.1534   12.62817 4.6374e+01 0.0000e+00
        152 312.641247    0.01049     0.6292     37.750      1.298  45504.360    28.3453     7.2993      1.286    7.00428     7.3467    22.1443   12.62035 4.4333e+01 0.0000e+00
        153 312.641250    0.01056     0.6333     38.000      1.352  45484.436    28.3355     7.3256      1.339    7.00047     7.3633    22.1333   12.61415 4.2785e+01 0.0000e+00
        154 312.641253    0.01063     0.6375     38.250      1.406  45462.383    28.3235     7.3468      1.393    6.99757     7.3758    22.1212   12.60950 4.2107e+01 0.0000e+00
        155 312.641256    0.01069     0.6417     38.500      1.458  45439.481    28.3103     7.3634      1.444    6.99549     7.3847    22.1087   12.60623 4.2423e+01 0.0000e+00
        156 312.641259    0.01076     0.6458     38.750      1.503  45416.344    28.2962     7.3759      1.489    6.99412     7.3906    22.0960   12.60414 4.3756e+01 0.0000e+00
        157 312.641262    0.01083     0.6500     39.000      1.540  45393.189    28.2816     7.3848      1.525    6.99335     7.3939    22.0834   12.60305 4.6161e+01 0.0000e+00
        158 312.641264    0.01090     0.6542     39.250      1.565  45369.221    28.2660     7.3907      1.551    6.99312     7.3948    22.0704   12.60285 4.9659e+01 0.0000e+00
        159 312.641267    0.01097     0.6583     39.500      1.580  45342.059    28.2478     7.3941      1.565    6.99341     7.3926    22.0557   12.60356 5.4513e+01 0.0000e+00
        160 312.641270    0.01104     0.6625     39.750      1.583  45308.829    28.2251     7.3950      1.568    6.99430     7.3861    22.0378   12.60533 6.0987e+01 0.0000e+00
        161 312.641273    0.01111     0.6667     40.000      1.574  45268.568    28.1971     7.3927      1.560    6.99594     7.3742    22.0161   12.60841 6.8353e+01 0.0000e+00
        162 312.641276    0.01118     0.6708     40.250      1.553  45225.260    28.1664     7.3863      1.539    6.99840     7.3554    21.9928   12.61287 7.5547e+01 0.0000e+00
        163 312.641279    0.01125     0.6750     40.500      1.520  45188.379    28.1393     7.3743      1.506    7.00158     7.3291    21.9731   12.61848 8.2278e+01 0.0000e+00
        164 312.641282    0.01132     0.6792     40.750      1.475  45170.117    28.1240     7.3556      1.462    7.00532     7.2973    21.9634   12.62487 8.7887e+01 0.0000e+00
        165 312.641285    0.01139     0.6833     41.000      1.422  45180.012    28.1269     7.3292      1.409    7.00946     7.2660    21.9690   12.63170 9.1424e+01 0.0000e+00
        166 312.641288    0.01146     0.6875     41.250      1.364  45218.829    28.1489     7.2974      1.351    7.01361     7.2420    21.9903   12.63830 9.3798e+01 0.0000e+00
        167 312.641291    0.01153     0.6917     41.500      1.308  45277.834    28.1847     7.2662      1.296    7.01703     7.2289    22.0224   12.64351 9.5233e+01 0.0000e+00
        168 312.641293    0.01160     0.6958     41.750      1.259  45343.740    28.2264     7.2422      1.248    7.01901     7.2268    22.0582   12.64626 9.3878e+01 0.0000e+00
        169 312.641296    0.01167     0.7000     42.000      1.223  45404.426    28.2662     7.2290      1.212    7.01933     7.2347    22.0910   12.64627 8.9913e+01 0.0000e+00
        170 312.641299    0.01174     0.7042     42.250      1.203  45452.144    28.2986     7.2269      1.192    7.01817     7.2511    22.1168   12.64395 8.4559e+01 0.0000e+00
        171 312.641302    0.01181     0.7083     42.500      1.200  45484.325    28.3219     7.2348      1.189    7.01582     7.2737    22.1341   12.63975 7.8226e+01 0.0000e+00
        172 312.641305    0.01188     0.7125     42.750      1.215  45502.814    28.3371     7.2512      1.204    7.01246     7.2991    22.1439   12.63399 7.1673e+01 0.0000e+00
        173 312.641308    0.01194     0.7167     43.000      1.246  45509.971    28.3454     7.2738      1.234    7.00841     7.3240    22.1476   12.62718 6.5662e+01 0.0000e+00
        174 312.641311    0.01201     0.7208     43.250      1.290  45503.935    28.3450     7.2992      1.278    7.00430     7.3457    22.1441   12.62037 6.1109e+01 0.0000e+00
        175 312.641314    0.01208     0.7250     43.500      1.342  45479.195    28.3317     7.3241      1.329    7.00087     7.3627    22.1305   12.61486 5.8866e+01 0.0000e+00
        176 312.641317    0.01215     0.7292     43.750      1.396  45431.840    28.3024     7.3458      1.383    6.99869     7.3745    22.1047   12.61163 5.8850e+01 0.0000e+00
        177 312.641319    0.01222     0.7333     44.000      1.445  45367.355    28.2606     7.3628      1.432    6.99786     7.3812    22.0697   12.61078 6.0523e+01 0.0000e+00
        178 312.641322    0.01229     0.7375     44.250      1.487  45304.108    28.2189     7.3746      1.473    6.99786     7.3833    22.0355   12.61132 6.3266e+01 0.0000e+00
        179 312.641325    0.01236     0.7417     44.500      1.520  45262.762    28.1915     7.3813      1.505    6.99803     7.3820    22.0131   12.61195 6.6264e+01 0.0000e+00
        180 312.641328    0.01243     0.7458     44.750      1.544  45252.490    28.1847     7.3834      1.529    6.99801     7.3785    22.0075   12.61200 6.8938e+01 0.0000e+00
