CTD-processing/allCTD/CNV--turbid/2013_06-28_t9andtutka_s03_cast194.cnv
* Sea-Bird SBE19plus Data File:
* FileName = C:\Documents and Settings\kbayadmin\My Documents\CTD data\2013-06-28 Kachemak Bay Homer Spit Line and Tutka Bay\2013-06-28 Kachemak Bay Homer Spit Line and Tutka Bay cast194.hex
* Software Version 1.59
* Temperature SN =  5028
* Conductivity SN =  5028
* System UpLoad Time = Jun 29 2013 13:14:44
** Kachemak Bay Homer Spit Line and Tutka Bay
** 2013-06-28
** Station: 9.03
** N': 59 34.470
** W': -151 22.158
** Start Time: 1347
** Depth(ft): 295
# nquan = 16
# nvalues = 642                         
# units = specified
# name 0 = scan: Scan Count
# name 1 = timeJ: Julian Days
# name 2 = timeH: Time, Elapsed [hours]
# name 3 = timeM: Time, Elapsed [minutes]
# name 4 = timeS: Time, Elapsed [seconds]
# name 5 = prdM: Pressure, Strain Gauge [db]
# name 6 = specc: Specific Conductance [uS/cm]
# name 7 = sal00: Salinity, Practical [PSU]
# name 8 = tv290C: Temperature [ITS-90, deg C]
# name 9 = depSM: Depth [salt water, m], lat = 59.00
# name 10 = oxsolML/L: Oxygen Saturation, Garcia & Gordon [ml/l]
# name 11 = potemp090C: Potential Temperature [ITS-90, deg C]
# name 12 = sigma-é00: Density [sigma-theta, kg/m^3]
# name 13 = n2satML/L: Nitrogen Saturation [ml/l]
# name 14 = par: PAR/Irradiance, Biospherical/Licor
# name 15 = flag:  0.000e+00
# span 0 =          1,        642       
# span 1 = 179.574780, 179.576635       
# span 2 =    0.00000,    0.04451       
# span 3 =     0.0000,     2.6708       
# span 4 =      0.000,    160.250       
# span 5 =      0.059,     82.274       
# span 6 =   2034.631,  50845.475       
# span 7 =     1.0340,    31.7026       
# span 8 =     5.6740,    10.4764       
# span 9 =      0.059,     81.489       
# span 10 =    6.54198,    7.91618      
# span 11 =     5.6677,    10.4763      
# span 12 =     0.5468,    24.9871      
# span 13 =   11.85975,   14.52194      
# span 14 = 4.4779e-02, 4.3068e+02      
# span 15 = 0.0000e+00, 0.0000e+00      
# interval = seconds: 0.25
# start_time = Jun 28 2013 13:47:41 [Instrument's time stamp, header]
# bad_flag = -9.990e-29
*END*
[from data line 181]
        182 179.575304    0.01257     0.7542     45.250      0.905  44196.265    27.8291    10.3728      0.897    6.55774    10.3713    21.3006   11.88618 2.0544e+02 0.0000e+00
        183 179.575307    0.01264     0.7583     45.500      0.885  44202.879    27.8334    10.3704      0.876    6.55790    10.3758    21.3043   11.88640 2.0543e+02 0.0000e+00
        184 179.575310    0.01271     0.7625     45.750      0.870  44203.917    27.8342    10.3714      0.862    6.55772    10.3819    21.3048   11.88609 2.0593e+02 0.0000e+00
        185 179.575313    0.01278     0.7667     46.000      0.867  44199.083    27.8313    10.3759      0.859    6.55720    10.3872    21.3019   11.88526 2.0615e+02 0.0000e+00
        186 179.575315    0.01285     0.7708     46.250      0.877  44189.537    27.8253    10.3820      0.869    6.55658    10.3901    21.2962   11.88429 2.0570e+02 0.0000e+00
        187 179.575318    0.01292     0.7750     46.500      0.897  44178.610    27.8183    10.3873      0.889    6.55611    10.3894    21.2899   11.88360 2.0409e+02 0.0000e+00
        188 179.575321    0.01299     0.7792     46.750      0.922  44170.557    27.8130    10.3902      0.913    6.55592    10.3851    21.2853   11.88335 2.0281e+02 0.0000e+00
        189 179.575324    0.01306     0.7833     47.000      0.942  44168.398    27.8114    10.3895      0.933    6.55608    10.3786    21.2842   11.88363 2.0394e+02 0.0000e+00
        190 179.575327    0.01313     0.7875     47.250      0.950  44173.398    27.8145    10.3852      0.941    6.55657    10.3725    21.2872   11.88441 2.0672e+02 0.0000e+00
        191 179.575330    0.01319     0.7917     47.500      0.942  44184.494    27.8215    10.3787      0.933    6.55721    10.3692    21.2937   11.88539 2.0893e+02 0.0000e+00
        192 179.575333    0.01326     0.7958     47.750      0.920  44198.725    27.8308    10.3726      0.911    6.55770    10.3706    21.3019   11.88610 2.0964e+02 0.0000e+00
        193 179.575336    0.01333     0.8000     48.000      0.894  44212.429    27.8400    10.3693      0.886    6.55779    10.3771    21.3096   11.88613 2.0942e+02 0.0000e+00
        194 179.575339    0.01340     0.8042     48.250      0.876  44222.632    27.8472    10.3706      0.868    6.55729    10.3869    21.3150   11.88521 2.0846e+02 0.0000e+00
        195 179.575341    0.01347     0.8083     48.500      0.876  44226.154    27.8503    10.3772      0.868    6.55622    10.3965    21.3164   11.88340 2.0693e+02 0.0000e+00
        196 179.575344    0.01354     0.8125     48.750      0.895  44219.369    27.8466    10.3870      0.886    6.55497    10.4029    21.3119   11.88137 2.0584e+02 0.0000e+00
        197 179.575347    0.01361     0.8167     49.000      0.923  44203.356    27.8365    10.3966      0.914    6.55401    10.4041    21.3025   11.87990 2.0552e+02 0.0000e+00
        198 179.575350    0.01368     0.8208     49.250      0.947  44186.429    27.8254    10.4030      0.938    6.55356    10.4004    21.2928   11.87929 2.0597e+02 0.0000e+00
        199 179.575353    0.01375     0.8250     49.500      0.956  44178.331    27.8199    10.4042      0.947    6.55362    10.3946    21.2884   11.87945 2.0782e+02 0.0000e+00
        200 179.575356    0.01382     0.8292     49.750      0.948  44181.910    27.8220    10.4005      0.940    6.55406    10.3903    21.2906   11.88017 2.1022e+02 0.0000e+00
        201 179.575359    0.01389     0.8333     50.000      0.928  44191.945    27.8283    10.3947      0.920    6.55463    10.3898    21.2965   11.88103 2.1099e+02 0.0000e+00
        202 179.575362    0.01396     0.8375     50.250      0.905  44200.961    27.8342    10.3904      0.897    6.55500    10.3931    21.3017   11.88157 2.0966e+02 0.0000e+00
        203 179.575365    0.01403     0.8417     50.500      0.890  44204.462    27.8366    10.3899      0.882    6.55497    10.3982    21.3036   11.88149 2.0788e+02 0.0000e+00
        204 179.575367    0.01410     0.8458     50.750      0.887  44200.998    27.8345    10.3932      0.879    6.55458    10.4025    21.3015   11.88087 2.0743e+02 0.0000e+00
        205 179.575370    0.01417     0.8500     51.000      0.896  44191.624    27.8285    10.3983      0.888    6.55410    10.4043    21.2960   11.88015 2.0740e+02 0.0000e+00
        206 179.575373    0.01424     0.8542     51.250      0.912  44180.906    27.8215    10.4026      0.904    6.55378    10.4030    21.2899   11.87970 2.0662e+02 0.0000e+00
        207 179.575376    0.01431     0.8583     51.500      0.930  44174.127    27.8170    10.4044      0.921    6.55372    10.3997    21.2861   11.87965 2.0669e+02 0.0000e+00
        208 179.575379    0.01438     0.8625     51.750      0.944  44173.481    27.8164    10.4031      0.936    6.55392    10.3962    21.2858   11.88000 2.0748e+02 0.0000e+00
        209 179.575382    0.01444     0.8667     52.000      0.953  44177.432    27.8188    10.3998      0.945    6.55429    10.3935    21.2882   11.88058 2.0693e+02 0.0000e+00
        210 179.575385    0.01451     0.8708     52.250      0.956  44182.836    27.8222    10.3963      0.947    6.55466    10.3918    21.2914   11.88115 2.0606e+02 0.0000e+00
        211 179.575388    0.01458     0.8750     52.500      0.950  44187.807    27.8253    10.3936      0.941    6.55491    10.3912    21.2944   11.88154 2.0723e+02 0.0000e+00
        212 179.575391    0.01465     0.8792     52.750      0.937  44192.353    27.8283    10.3920      0.928    6.55502    10.3916    21.2970   11.88168 2.0932e+02 0.0000e+00
        213 179.575394    0.01472     0.8833     53.000      0.920  44196.661    27.8313    10.3914      0.912    6.55499    10.3931    21.2993   11.88158 2.0959e+02 0.0000e+00
        214 179.575396    0.01479     0.8875     53.250      0.907  44199.731    27.8335    10.3918      0.898    6.55484    10.3956    21.3010   11.88131 2.0828e+02 0.0000e+00
        215 179.575399    0.01486     0.8917     53.500      0.902  44199.991    27.8338    10.3933      0.894    6.55461    10.3984    21.3010   11.88093 2.0786e+02 0.0000e+00
        216 179.575402    0.01493     0.8958     53.750      0.910  44196.510    27.8316    10.3958      0.901    6.55434    10.4003    21.2989   11.88051 2.0803e+02 0.0000e+00
        217 179.575405    0.01500     0.9000     54.000      0.930  44189.929    27.8273    10.3986      0.921    6.55412    10.4001    21.2951   11.88019 2.0584e+02 0.0000e+00
        218 179.575408    0.01507     0.9042     54.250      0.957  44182.838    27.8226    10.4004      0.948    6.55405    10.3972    21.2911   11.88014 2.0276e+02 0.0000e+00
        219 179.575411    0.01514     0.9083     54.500      0.982  44178.455    27.8195    10.4002      0.973    6.55420    10.3921    21.2888   11.88043 2.0288e+02 0.0000e+00
        220 179.575414    0.01521     0.9125     54.750      0.997  44179.044    27.8196    10.3974      0.988    6.55461    10.3863    21.2893   11.88111 2.0565e+02 0.0000e+00
        221 179.575417    0.01528     0.9167     55.000      0.995  44185.089    27.8233    10.3922      0.985    6.55520    10.3820    21.2930   11.88204 2.0768e+02 0.0000e+00
        222 179.575420    0.01535     0.9208     55.250      0.974  44195.303    27.8298    10.3864      0.965    6.55576    10.3810    21.2990   11.88289 2.0850e+02 0.0000e+00
        223 179.575422    0.01542     0.9250     55.500      0.942  44207.133    27.8376    10.3821      0.933    6.55605    10.3845    21.3057   11.88328 2.0965e+02 0.0000e+00
        224 179.575425    0.01549     0.9292     55.750      0.912  44217.765    27.8449    10.3811      0.904    6.55589    10.3921    21.3115   11.88291 2.0921e+02 0.0000e+00
        225 179.575428    0.01556     0.9333     56.000      0.899  44224.760    27.8502    10.3846      0.890    6.55516    10.4016    21.3151   11.88164 2.0602e+02 0.0000e+00
        226 179.575431    0.01563     0.9375     56.250      0.909  44225.156    27.8512    10.3922      0.900    6.55403    10.4099    21.3147   11.87974 2.0372e+02 0.0000e+00
        227 179.575434    0.01569     0.9417     56.500      0.940  44216.867    27.8464    10.4017      0.931    6.55287    10.4149    21.3094   11.87788 2.0421e+02 0.0000e+00
        228 179.575437    0.01576     0.9458     56.750      0.979  44202.063    27.8370    10.4100      0.970    6.55206    10.4153    21.3008   11.87666 2.0570e+02 0.0000e+00
        229 179.575440    0.01583     0.9500     57.000      1.010  44188.229    27.8279    10.4150      1.000    6.55173    10.4117    21.2929   11.87621 2.0650e+02 0.0000e+00
        230 179.575443    0.01590     0.9542     57.250      1.021  44183.042    27.8243    10.4154      1.012    6.55182    10.4069    21.2900   11.87642 2.0744e+02 0.0000e+00
        231 179.575446    0.01597     0.9583     57.500      1.011  44187.708    27.8272    10.4118      1.001    6.55222    10.4036    21.2928   11.87704 2.1088e+02 0.0000e+00
        232 179.575448    0.01604     0.9625     57.750      0.984  44197.752    27.8337    10.4070      0.975    6.55264    10.4037    21.2986   11.87766 2.1534e+02 0.0000e+00
        233 179.575451    0.01611     0.9667     58.000      0.951  44207.578    27.8402    10.4037      0.942    6.55283    10.4075    21.3042   11.87790 2.1618e+02 0.0000e+00
        234 179.575454    0.01618     0.9708     58.250      0.924  44214.298    27.8449    10.4038      0.915    6.55263    10.4139    21.3079   11.87750 2.1387e+02 0.0000e+00
        235 179.575457    0.01625     0.9750     58.500      0.916  44217.554    27.8475    10.4076      0.907    6.55198    10.4210    21.3093   11.87638 2.1163e+02 0.0000e+00
        236 179.575460    0.01632     0.9792     58.750      0.932  44216.194    27.8473    10.4140      0.923    6.55106    10.4267    21.3081   11.87487 2.0874e+02 0.0000e+00
        237 179.575463    0.01639     0.9833     59.000      0.968  44208.473    27.8426    10.4211      0.959    6.55024    10.4292    21.3033   11.87356 2.0572e+02 0.0000e+00
        238 179.575466    0.01646     0.9875     59.250      1.011  44194.763    27.8337    10.4268      1.002    6.54979    10.4272    21.2955   11.87293 2.0526e+02 0.0000e+00
        239 179.575469    0.01653     0.9917     59.500      1.042  44181.426    27.8247    10.4293      1.032    6.54981    10.4212    21.2881   11.87307 2.0784e+02 0.0000e+00
        240 179.575472    0.01660     0.9958     59.750      1.048  44177.835    27.8219    10.4273      1.038    6.55022    10.4146    21.2863   11.87378 2.1166e+02 0.0000e+00
        241 179.575475    0.01667     1.0000     60.000      1.026  44186.237    27.8271    10.4214      1.016    6.55085    10.4110    21.2913   11.87477 2.1349e+02 0.0000e+00
        242 179.575477    0.01674     1.0042     60.250      0.987  44200.694    27.8365    10.4147      0.978    6.55141    10.4125    21.2996   11.87558 2.1188e+02 0.0000e+00
        243 179.575480    0.01681     1.0083     60.500      0.949  44214.784    27.8459    10.4111      0.940    6.55153    10.4185    21.3076   11.87566 2.0897e+02 0.0000e+00
        244 179.575483    0.01688     1.0125     60.750      0.931  44224.783    27.8531    10.4126      0.922    6.55102    10.4267    21.3129   11.87474 2.0711e+02 0.0000e+00
        245 179.575486    0.01694     1.0167     61.000      0.942  44227.568    27.8556    10.4186      0.933    6.55006    10.4346    21.3139   11.87310 2.0509e+02 0.0000e+00
        246 179.575489    0.01701     1.0208     61.250      0.979  44222.240    27.8528    10.4268      0.970    6.54900    10.4405    21.3104   11.87138 2.0122e+02 0.0000e+00
        247 179.575492    0.01708     1.0250     61.500      1.027  44211.763    27.8463    10.4347      1.018    6.54813    10.4436    21.3040   11.87002 1.9814e+02 0.0000e+00
        248 179.575495    0.01715     1.0292     61.750      1.071  44201.190    27.8395    10.4406      1.062    6.54757    10.4440    21.2978   11.86917 1.9878e+02 0.0000e+00
        249 179.575498    0.01722     1.0333     62.000      1.098  44194.893    27.8355    10.4437      1.087    6.54730    10.4429    21.2942   11.86877 2.0201e+02 0.0000e+00
        250 179.575501    0.01729     1.0375     62.250      1.100  44193.734    27.8347    10.4442      1.089    6.54727    10.4417    21.2935   11.86872 2.0534e+02 0.0000e+00
        251 179.575503    0.01736     1.0417     62.500      1.082  44196.046    27.8362    10.4431      1.072    6.54736    10.4414    21.2949   11.86886 2.0686e+02 0.0000e+00
        252 179.575506    0.01743     1.0458     62.750      1.057  44199.657    27.8386    10.4419      1.047    6.54743    10.4426    21.2969   11.86895 2.0589e+02 0.0000e+00
        253 179.575509    0.01750     1.0500     63.000      1.038  44202.620    27.8407    10.4416      1.028    6.54739    10.4448    21.2985   11.86885 2.0327e+02 0.0000e+00
        254 179.575512    0.01757     1.0542     63.250      1.033  44203.570    27.8414    10.4427      1.023    6.54719    10.4473    21.2990   11.86852 2.0023e+02 0.0000e+00
        255 179.575515    0.01764     1.0583     63.500      1.043  44201.539    27.8403    10.4449      1.033    6.54692    10.4490    21.2977   11.86808 1.9778e+02 0.0000e+00
        256 179.575518    0.01771     1.0625     63.750      1.064  44196.346    27.8369    10.4474      1.053    6.54671    10.4494    21.2947   11.86778 1.9620e+02 0.0000e+00
        257 179.575521    0.01778     1.0667     64.000      1.085  44189.725    27.8325    10.4491      1.075    6.54665    10.4480    21.2910   11.86772 1.9487e+02 0.0000e+00
        258 179.575524    0.01785     1.0708     64.250      1.099  44185.106    27.8293    10.4495      1.088    6.54673    10.4454    21.2884   11.86789 1.9396e+02 0.0000e+00
        259 179.575527    0.01792     1.0750     64.500      1.100  44184.892    27.8290    10.4482      1.090    6.54693    10.4426    21.2884   11.86824 1.9509e+02 0.0000e+00
        260 179.575530    0.01799     1.0792     64.750      1.089  44188.888    27.8315    10.4455      1.079    6.54721    10.4408    21.2908   11.86866 1.9857e+02 0.0000e+00
        261 179.575532    0.01806     1.0833     65.000      1.071  44195.466    27.8358    10.4427      1.061    6.54744    10.4407    21.2946   11.86899 2.0224e+02 0.0000e+00
        262 179.575535    0.01812     1.0875     65.250      1.055  44202.597    27.8406    10.4409      1.045    6.54750    10.4427    21.2986   11.86903 2.0392e+02 0.0000e+00
        263 179.575538    0.01819     1.0917     65.500      1.050  44208.743    27.8449    10.4408      1.039    6.54733    10.4463    21.3019   11.86870 2.0247e+02 0.0000e+00
        264 179.575541    0.01826     1.0958     65.750      1.060  44213.546    27.8484    10.4428      1.050    6.54690    10.4508    21.3044   11.86794 1.9843e+02 0.0000e+00
        265 179.575544    0.01833     1.1000     66.000      1.083  44217.396    27.8515    10.4464      1.073    6.54625    10.4557    21.3062   11.86683 1.9475e+02 0.0000e+00
        266 179.575547    0.01840     1.1042     66.250      1.110  44220.334    27.8540    10.4509      1.099    6.54550    10.4604    21.3074   11.86554 1.9349e+02 0.0000e+00
        267 179.575550    0.01847     1.1083     66.500      1.127  44221.509    27.8553    10.4558      1.116    6.54474    10.4643    21.3077   11.86426 1.9387e+02 0.0000e+00
        268 179.575553    0.01854     1.1125     66.750      1.123  44220.649    27.8552    10.4605      1.113    6.54407    10.4673    21.3068   11.86316 1.9505e+02 0.0000e+00
        269 179.575556    0.01861     1.1167     67.000      1.098  44218.735    27.8542    10.4644      1.088    6.54355    10.4693    21.3055   11.86230 1.9720e+02 0.0000e+00
        270 179.575558    0.01868     1.1208     67.250      1.061  44216.798    27.8532    10.4674      1.050    6.54317    10.4706    21.3042   11.86169 1.9961e+02 0.0000e+00
        271 179.575561    0.01875     1.1250     67.500      1.024  44215.422    27.8525    10.4694      1.014    6.54291    10.4717    21.3033   11.86127 2.0063e+02 0.0000e+00
