CTD-processing/allCTD/CNV--turbid/2013_07-09_t9andtutka_s05_cast223.cnv
* Sea-Bird SBE19plus Data File:
* FileName = C:\Documents and Settings\kbayadmin\My Documents\CTD data\2013-07-09 Kachemak Bay Homer Spit Line and Tutka Bay\2013-07-09 Kachemak Bay Homer Spit Line and Tutka Bay cast223.hex
* Software Version 1.59
* Temperature SN =  5028
* Conductivity SN =  5028
* System UpLoad Time = Jul 10 2013 11:14:58
** Kachemak Bay Homer Spit Line and Tutka Bay
** 2013-07-05
** Station: 9.05
** N': 59 34.743
** W': -151 22.787
** Start Time: 1808
** Depth(ft): 314
# nquan = 16
# nvalues = 726                         
# units = specified
# name 0 = scan: Scan Count
# name 1 = timeJ: Julian Days
# name 2 = timeH: Time, Elapsed [hours]
# name 3 = timeM: Time, Elapsed [minutes]
# name 4 = timeS: Time, Elapsed [seconds]
# name 5 = prdM: Pressure, Strain Gauge [db]
# name 6 = specc: Specific Conductance [uS/cm]
# name 7 = sal00: Salinity, Practical [PSU]
# name 8 = tv290C: Temperature [ITS-90, deg C]
# name 9 = depSM: Depth [salt water, m], lat = 59.00
# name 10 = oxsolML/L: Oxygen Saturation, Garcia & Gordon [ml/l]
# name 11 = potemp090C: Potential Temperature [ITS-90, deg C]
# name 12 = sigma-é00: Density [sigma-theta, kg/m^3]
# name 13 = n2satML/L: Nitrogen Saturation [ml/l]
# name 14 = par: PAR/Irradiance, Biospherical/Licor
# name 15 = flag:  0.000e+00
# span 0 =          1,        726       
# span 1 = 190.756227, 190.758325       
# span 2 =    0.00000,    0.05035       
# span 3 =     0.0000,     3.0208       
# span 4 =      0.000,    181.250       
# span 5 =      0.012,     87.604       
# span 6 =   2235.189,  50826.193       
# span 7 =     1.1418,    31.7425       
# span 8 =     5.9517,     9.8032       
# span 9 =      0.011,     86.767       
# span 10 =    6.60950,    7.94589      
# span 11 =     5.9448,     9.8032      
# span 12 =     0.6473,    24.9861      
# span 13 =   11.96291,   14.57053      
# span 14 = 4.9028e-02, 9.9281e+02      
# span 15 = 0.0000e+00, 0.0000e+00      
# interval = seconds: 0.25
# start_time = Jul 09 2013 18:08:58 [Instrument's time stamp, header]
# bad_flag = -9.990e-29
*END*
[from data line 452]
        453 190.757535    0.03139     1.8833    113.000     21.018  50259.151    31.6500     7.4278     20.821    6.83396     7.4485    24.7238   12.29689 3.7904e+00 0.0000e+00
        454 190.757538    0.03146     1.8875    113.250     21.233  50252.699    31.6475     7.4406     21.034    6.83207     7.4553    24.7202   12.29379 3.6600e+00 0.0000e+00
        455 190.757541    0.03153     1.8917    113.500     21.457  50245.735    31.6442     7.4504     21.256    6.83068     7.4598    24.7163   12.29154 3.5321e+00 0.0000e+00
        456 190.757543    0.03160     1.8958    113.750     21.688  50240.212    31.6414     7.4573     21.484    6.82973     7.4626    24.7131   12.29000 3.4088e+00 0.0000e+00
        457 190.757546    0.03167     1.9000    114.000     21.920  50236.517    31.6395     7.4618     21.714    6.82911     7.4641    24.7110   12.28899 3.2925e+00 0.0000e+00
        458 190.757549    0.03174     1.9042    114.250     22.147  50234.428    31.6384     7.4646     21.939    6.82872     7.4648    24.7098   12.28837 3.1850e+00 0.0000e+00
        459 190.757552    0.03181     1.9083    114.500     22.367  50233.617    31.6380     7.4661     22.157    6.82850     7.4647    24.7092   12.28801 3.0859e+00 0.0000e+00
        460 190.757555    0.03188     1.9125    114.750     22.581  50233.824    31.6381     7.4668     22.369    6.82838     7.4640    24.7093   12.28782 2.9934e+00 0.0000e+00
        461 190.757558    0.03194     1.9167    115.000     22.788  50234.864    31.6387     7.4668     22.574    6.82836     7.4625    24.7098   12.28776 2.9062e+00 0.0000e+00
        462 190.757561    0.03201     1.9208    115.250     22.991  50236.356    31.6396     7.4661     22.775    6.82842     7.4599    24.7105   12.28787 2.8228e+00 0.0000e+00
        463 190.757564    0.03208     1.9250    115.500     23.193  50237.806    31.6402     7.4646     22.975    6.82863     7.4557    24.7112   12.28819 2.7405e+00 0.0000e+00
        464 190.757567    0.03215     1.9292    115.750     23.399  50239.004    31.6405     7.4620     23.179    6.82902     7.4492    24.7118   12.28884 2.6579e+00 0.0000e+00
        465 190.757569    0.03222     1.9333    116.000     23.611  50239.845    31.6403     7.4578     23.389    6.82969     7.4400    24.7122   12.28995 2.5755e+00 0.0000e+00
        466 190.757572    0.03229     1.9375    116.250     23.828  50240.429    31.6396     7.4514     23.604    6.83074     7.4275    24.7125   12.29168 2.4947e+00 0.0000e+00
        467 190.757575    0.03236     1.9417    116.500     24.045  50241.537    31.6387     7.4421     23.819    6.83223     7.4116    24.7131   12.29415 2.4166e+00 0.0000e+00
        468 190.757578    0.03243     1.9458    116.750     24.259  50243.328    31.6377     7.4297     24.031    6.83421     7.3915    24.7140   12.29745 2.3425e+00 0.0000e+00
        469 190.757581    0.03250     1.9500    117.000     24.468  50244.563    31.6358     7.4138     24.238    6.83679     7.3664    24.7147   12.30174 2.2728e+00 0.0000e+00
        470 190.757584    0.03257     1.9542    117.250     24.671  50245.171    31.6327     7.3937     24.439    6.84008     7.3368    24.7150   12.30722 2.2064e+00 0.0000e+00
        471 190.757587    0.03264     1.9583    117.500     24.872  50248.667    31.6308     7.3686     24.638    6.84410     7.3051    24.7168   12.31389 2.1415e+00 0.0000e+00
        472 190.757590    0.03271     1.9625    117.750     25.076  50260.512    31.6339     7.3390     24.840    6.84860     7.2755    24.7233   12.32129 2.0769e+00 0.0000e+00
        473 190.757593    0.03278     1.9667    118.000     25.285  50284.856    31.6454     7.3074     25.047    6.85306     7.2517    24.7366   12.32852 2.0127e+00 0.0000e+00
        474 190.757595    0.03285     1.9708    118.250     25.497  50318.580    31.6638     7.2778     25.257    6.85689     7.2348    24.7550   12.33463 1.9495e+00 0.0000e+00
        475 190.757598    0.03292     1.9750    118.500     25.712  50350.934    31.6821     7.2540     25.470    6.85981     7.2240    24.7727   12.33923 1.8875e+00 0.0000e+00
        476 190.757601    0.03299     1.9792    118.750     25.929  50375.674    31.6964     7.2371     25.685    6.86182     7.2177    24.7862   12.34237 1.8273e+00 0.0000e+00
        477 190.757604    0.03306     1.9833    119.000     26.146  50393.416    31.7068     7.2263     25.900    6.86306     7.2145    24.7958   12.34429 1.7696e+00 0.0000e+00
        478 190.757607    0.03313     1.9875    119.250     26.361  50405.169    31.7138     7.2200     26.112    6.86373     7.2132    24.8022   12.34532 1.7150e+00 0.0000e+00
        479 190.757610    0.03319     1.9917    119.500     26.572  50412.203    31.7181     7.2168     26.322    6.86404     7.2131    24.8060   12.34577 1.6634e+00 0.0000e+00
        480 190.757613    0.03326     1.9958    119.750     26.782  50415.994    31.7204     7.2156     26.530    6.86413     7.2134    24.8080   12.34589 1.6140e+00 0.0000e+00
        481 190.757616    0.03333     2.0000    120.000     26.993  50417.973    31.7217     7.2154     26.739    6.86409     7.2142    24.8090   12.34582 1.5659e+00 0.0000e+00
        482 190.757619    0.03340     2.0042    120.250     27.209  50419.434    31.7227     7.2158     26.953    6.86398     7.2153    24.8097   12.34563 1.5185e+00 0.0000e+00
        483 190.757622    0.03347     2.0083    120.500     27.431  50420.833    31.7237     7.2166     27.173    6.86381     7.2169    24.8104   12.34534 1.4713e+00 0.0000e+00
        484 190.757624    0.03354     2.0125    120.750     27.660  50422.668    31.7251     7.2178     27.399    6.86357     7.2189    24.8113   12.34492 1.4243e+00 0.0000e+00
        485 190.757627    0.03361     2.0167    121.000     27.895  50424.744    31.7267     7.2194     27.632    6.86325     7.2212    24.8124   12.34436 1.3780e+00 0.0000e+00
        486 190.757630    0.03368     2.0208    121.250     28.132  50426.036    31.7278     7.2214     27.867    6.86288     7.2234    24.8130   12.34373 1.3331e+00 0.0000e+00
        487 190.757633    0.03375     2.0250    121.500     28.369  50426.094    31.7282     7.2238     28.102    6.86249     7.2252    24.8130   12.34309 1.2901e+00 0.0000e+00
        488 190.757636    0.03382     2.0292    121.750     28.602  50424.776    31.7275     7.2260     28.333    6.86217     7.2262    24.8122   12.34256 1.2494e+00 0.0000e+00
        489 190.757639    0.03389     2.0333    122.000     28.828  50422.682    31.7263     7.2277     28.557    6.86195     7.2268    24.8110   12.34221 1.2111e+00 0.0000e+00
        490 190.757642    0.03396     2.0375    122.250     29.047  50421.087    31.7252     7.2288     28.774    6.86182     7.2272    24.8100   12.34202 1.1748e+00 0.0000e+00
        491 190.757645    0.03403     2.0417    122.500     29.262  50420.607    31.7249     7.2294     28.987    6.86174     7.2275    24.8097   12.34189 1.1400e+00 0.0000e+00
        492 190.757648    0.03410     2.0458    122.750     29.476  50420.884    31.7251     7.2298     29.198    6.86168     7.2280    24.8097   12.34178 1.1058e+00 0.0000e+00
        493 190.757650    0.03417     2.0500    123.000     29.693  50421.639    31.7256     7.2302     29.414    6.86160     7.2286    24.8101   12.34164 1.0717e+00 0.0000e+00
        494 190.757653    0.03424     2.0542    123.250     29.917  50422.595    31.7262     7.2307     29.635    6.86149     7.2293    24.8105   12.34146 1.0376e+00 0.0000e+00
        495 190.757656    0.03431     2.0583    123.500     30.144  50423.068    31.7265     7.2313     29.860    6.86137     7.2299    24.8107   12.34125 1.0042e+00 0.0000e+00
        496 190.757659    0.03438     2.0625    123.750     30.372  50423.016    31.7265     7.2320     30.086    6.86126     7.2303    24.8106   12.34107 9.7238e-01 0.0000e+00
        497 190.757662    0.03444     2.0667    124.000     30.597  50422.727    31.7263     7.2326     30.308    6.86118     7.2304    24.8104   12.34094 9.4271e-01 0.0000e+00
        498 190.757665    0.03451     2.0708    124.250     30.815  50422.175    31.7259     7.2330     30.524    6.86113     7.2302    24.8100   12.34087 9.1533e-01 0.0000e+00
        499 190.757668    0.03458     2.0750    124.500     31.025  50421.386    31.7253     7.2331     30.733    6.86114     7.2297    24.8095   12.34088 8.8980e-01 0.0000e+00
        500 190.757671    0.03465     2.0792    124.750     31.231  50420.458    31.7245     7.2330     30.936    6.86120     7.2287    24.8089   12.34099 8.6566e-01 0.0000e+00
        501 190.757674    0.03472     2.0833    125.000     31.432  50419.379    31.7235     7.2325     31.135    6.86132     7.2273    24.8082   12.34121 8.4293e-01 0.0000e+00
        502 190.757677    0.03479     2.0875    125.250     31.627  50418.274    31.7225     7.2316     31.328    6.86151     7.2255    24.8076   12.34154 8.2183e-01 0.0000e+00
        503 190.757679    0.03486     2.0917    125.500     31.814  50417.412    31.7216     7.2302     31.513    6.86177     7.2235    24.8070   12.34197 8.0214e-01 0.0000e+00
        504 190.757682    0.03493     2.0958    125.750     31.995  50417.202    31.7211     7.2284     31.693    6.86207     7.2215    24.8068   12.34249 7.8341e-01 0.0000e+00
        505 190.757685    0.03500     2.1000    126.000     32.175  50418.158    31.7213     7.2264     31.871    6.86239     7.2197    24.8073   12.34300 7.6526e-01 0.0000e+00
        506 190.757688    0.03507     2.1042    126.250     32.356  50419.510    31.7218     7.2244     32.050    6.86268     7.2178    24.8080   12.34348 7.4728e-01 0.0000e+00
        507 190.757691    0.03514     2.1083    126.500     32.541  50419.886    31.7217     7.2226     32.234    6.86297     7.2158    24.8081   12.34396 7.2898e-01 0.0000e+00
        508 190.757694    0.03521     2.1125    126.750     32.734  50419.855    31.7213     7.2207     32.426    6.86327     7.2140    24.8080   12.34447 7.1003e-01 0.0000e+00
        509 190.757697    0.03528     2.1167    127.000     32.938  50420.964    31.7216     7.2187     32.628    6.86357     7.2126    24.8086   12.34496 6.9046e-01 0.0000e+00
        510 190.757700    0.03535     2.1208    127.250     33.152  50422.931    31.7226     7.2169     32.839    6.86382     7.2115    24.8096   12.34536 6.7056e-01 0.0000e+00
        511 190.757703    0.03542     2.1250    127.500     33.372  50423.461    31.7226     7.2156     33.057    6.86403     7.2095    24.8098   12.34570 6.5062e-01 0.0000e+00
        512 190.757705    0.03549     2.1292    127.750     33.596  50420.956    31.7206     7.2145     33.280    6.86430     7.2059    24.8083   12.34617 6.3084e-01 0.0000e+00
        513 190.757708    0.03556     2.1333    128.000     33.825  50415.892    31.7166     7.2126     33.506    6.86477     7.1999    24.8054   12.34701 6.1136e-01 0.0000e+00
        514 190.757711    0.03562     2.1375    128.250     34.056  50409.861    31.7116     7.2089     33.735    6.86557     7.1917    24.8020   12.34840 5.9227e-01 0.0000e+00
        515 190.757714    0.03569     2.1417    128.500     34.291  50404.749    31.7069     7.2030     33.968    6.86673     7.1819    24.7991   12.35036 5.7357e-01 0.0000e+00
        516 190.757717    0.03576     2.1458    128.750     34.530  50401.972    31.7035     7.1948     34.204    6.86817     7.1714    24.7975   12.35279 5.5521e-01 0.0000e+00
        517 190.757720    0.03583     2.1500    129.000     34.772  50402.159    31.7018     7.1850     34.444    6.86980     7.1613    24.7975   12.35549 5.3720e-01 0.0000e+00
        518 190.757723    0.03590     2.1542    129.250     35.018  50405.793    31.7024     7.1745     34.688    6.87143     7.1525    24.7993   12.35818 5.1947e-01 0.0000e+00
        519 190.757726    0.03597     2.1583    129.500     35.270  50411.961    31.7048     7.1644     34.937    6.87291     7.1448    24.8026   12.36060 5.0206e-01 0.0000e+00
        520 190.757729    0.03604     2.1625    129.750     35.525  50416.705    31.7065     7.1557     35.189    6.87422     7.1365    24.8051   12.36275 4.8509e-01 0.0000e+00
        521 190.757731    0.03611     2.1667    130.000     35.783  50416.522    31.7049     7.1479     35.445    6.87552     7.1260    24.8049   12.36492 4.6862e-01 0.0000e+00
        522 190.757734    0.03618     2.1708    130.250     36.043  50411.712    31.7000     7.1397     35.702    6.87704     7.1131    24.8021   12.36750 4.5268e-01 0.0000e+00
        523 190.757737    0.03625     2.1750    130.500     36.304  50407.444    31.6951     7.1293     35.961    6.87892     7.0991    24.7996   12.37066 4.3727e-01 0.0000e+00
        524 190.757740    0.03632     2.1792    130.750     36.567  50409.126    31.6939     7.1163     36.222    6.88102     7.0858    24.8004   12.37416 4.2226e-01 0.0000e+00
        525 190.757743    0.03639     2.1833    131.000     36.834  50415.653    31.6958     7.1024     36.486    6.88314     7.0738    24.8038   12.37763 4.0754e-01 0.0000e+00
        526 190.757746    0.03646     2.1875    131.250     37.105  50422.982    31.6985     7.0891     36.755    6.88512     7.0626    24.8077   12.38087 3.9309e-01 0.0000e+00
        527 190.757749    0.03653     2.1917    131.500     37.380  50428.241    31.6999     7.0771     37.027    6.88696     7.0517    24.8104   12.38389 3.7888e-01 0.0000e+00
        528 190.757752    0.03660     2.1958    131.750     37.659  50431.237    31.6999     7.0660     37.303    6.88873     7.0411    24.8119   12.38682 3.6490e-01 0.0000e+00
        529 190.757755    0.03667     2.2000    132.000     37.941  50434.303    31.7000     7.0551     37.583    6.89046     7.0315    24.8134   12.38967 3.5123e-01 0.0000e+00
        530 190.757758    0.03674     2.2042    132.250     38.227  50439.278    31.7015     7.0445     37.866    6.89207     7.0237    24.8159   12.39232 3.3789e-01 0.0000e+00
        531 190.757760    0.03681     2.2083    132.500     38.514  50446.312    31.7046     7.0349     38.150    6.89346     7.0178    24.8196   12.39457 3.2495e-01 0.0000e+00
        532 190.757763    0.03687     2.2125    132.750     38.801  50453.509    31.7081     7.0270     38.435    6.89454     7.0135    24.8234   12.39633 3.1255e-01 0.0000e+00
        533 190.757766    0.03694     2.2167    133.000     39.085  50459.012    31.7107     7.0211     38.716    6.89535     7.0103    24.8263   12.39764 3.0082e-01 0.0000e+00
        534 190.757769    0.03701     2.2208    133.250     39.363  50462.711    31.7124     7.0169     38.991    6.89596     7.0077    24.8282   12.39861 2.8982e-01 0.0000e+00
        535 190.757772    0.03708     2.2250    133.500     39.636  50465.137    31.7134     7.0137     39.261    6.89642     7.0054    24.8294   12.39937 2.7952e-01 0.0000e+00
        536 190.757775    0.03715     2.2292    133.750     39.902  50466.926    31.7141     7.0111     39.525    6.89680     7.0035    24.8302   12.39999 2.6987e-01 0.0000e+00
        537 190.757778    0.03722     2.2333    134.000     40.164  50468.621    31.7147     7.0089     39.784    6.89712     7.0018    24.8310   12.40051 2.6083e-01 0.0000e+00
        538 190.757781    0.03729     2.2375    134.250     40.420  50470.396    31.7155     7.0070     40.038    6.89739     7.0004    24.8319   12.40095 2.5239e-01 0.0000e+00
        539 190.757784    0.03736     2.2417    134.500     40.671  50472.025    31.7162     7.0053     40.287    6.89762     6.9989    24.8327   12.40131 2.4444e-01 0.0000e+00
        540 190.757786    0.03743     2.2458    134.750     40.920  50473.043    31.7166     7.0039     40.534    6.89783     6.9971    24.8332   12.40166 2.3685e-01 0.0000e+00
        541 190.757789    0.03750     2.2500    135.000     41.168  50473.350    31.7164     7.0025     40.779    6.89807     6.9946    24.8332   12.40205 2.2954e-01 0.0000e+00
        542 190.757792    0.03757     2.2542    135.250     41.417  50473.393    31.7160     7.0007     41.025    6.89838     6.9913    24.8332   12.40256 2.2252e-01 0.0000e+00
