CTD-processing/allCTD/CNV--turbid/2013_04-19_t6_s14_cast070.cnv
* Sea-Bird SBE19plus Data File:
* FileName = C:\Documents and Settings\kris.holderied.local\My Documents\2012-2013-CTD-DATA-new-files\2013-04-EVOSTC-CookInlet-Ocean\2013-04-19-CookInlet-Tran6-Douglas\2013-04-19-CookInlet-Tran6-cast070.hex
* Software Version 1.54
* Temperature SN =  5028
* Conductivity SN =  5028
* System UpLoad Time = Apr 19 2013 22:37:21
** Cook Inlet LTM Transect 6 (Douglas line) West to East
** Date:  2013-04-19
** Station:  6-14
** Start time (AKDT-24 hr):  15:53
** Depth (m): 133
** Comment:  CTD time set wrong
** Comment:
# nquan = 16
# nvalues = 1536                        
# units = specified
# name 0 = scan: Scan Count
# name 1 = timeJ: Julian Days
# name 2 = timeH: Time, Elapsed [hours]
# name 3 = timeM: Time, Elapsed [minutes]
# name 4 = timeS: Time, Elapsed [seconds]
# name 5 = prdM: Pressure, Strain Gauge [db]
# name 6 = specc: Specific Conductance [uS/cm]
# name 7 = sal00: Salinity, Practical [PSU]
# name 8 = tv290C: Temperature [ITS-90, deg C]
# name 9 = depSM: Depth [salt water, m], lat = 59.00
# name 10 = oxsolML/L: Oxygen Saturation, Garcia & Gordon [ml/l]
# name 11 = potemp090C: Potential Temperature [ITS-90, deg C]
# name 12 = sigma-é00: Density [sigma-theta, kg/m^3]
# name 13 = n2satML/L: Nitrogen Saturation [ml/l]
# name 14 = par: PAR/Irradiance, Biospherical/Licor
# name 15 = flag:  0.000e+00
# span 0 =          1,       1536       
# span 1 = 109.661157, 109.665599       
# span 2 =    0.00000,    0.10660       
# span 3 =     0.0000,     6.3958       
# span 4 =      0.000,    383.750       
# span 5 =      0.085,    128.550       
# span 6 =    437.203,  52132.642       
# span 7 =     0.2008,    32.1251       
# span 8 =     3.6136,     4.0486       
# span 9 =      0.084,    127.309       
# span 10 =    7.38211,    9.25088      
# span 11 =     3.6136,     4.0484      
# span 12 =     0.1363,    25.5250      
# span 13 =   13.19726,   16.78007      
# span 14 = 3.7912e-02, 7.5109e+02      
# span 15 = 0.0000e+00, 0.0000e+00      
# interval = seconds: 0.25
# start_time = Apr 19 2013 15:52:04 [Instrument's time stamp, header]
# bad_flag = -9.990e-29
*END*
[from data line 724]
        725 109.663252    0.05028     3.0167    181.000     54.086  52041.903    32.1068     3.7670     53.574    7.42984     3.7624    25.5078   13.27521 1.3962e+00 0.0000e+00
        726 109.663255    0.05035     3.0208    181.250     54.224  52041.746    32.1065     3.7664     53.711    7.42995     3.7617    25.5076   13.27540 1.3802e+00 0.0000e+00
        727 109.663258    0.05042     3.0250    181.500     54.356  52042.034    32.1065     3.7658     53.841    7.43007     3.7610    25.5077   13.27561 1.3651e+00 0.0000e+00
        728 109.663261    0.05049     3.0292    181.750     54.480  52042.685    32.1067     3.7651     53.963    7.43019     3.7605    25.5079   13.27580 1.3507e+00 0.0000e+00
        729 109.663264    0.05056     3.0333    182.000     54.594  52043.437    32.1070     3.7644     54.076    7.43029     3.7601    25.5082   13.27597 1.3371e+00 0.0000e+00
        730 109.663267    0.05063     3.0375    182.250     54.698  52044.143    32.1073     3.7639     54.180    7.43037     3.7599    25.5085   13.27609 1.3243e+00 0.0000e+00
        731 109.663270    0.05069     3.0417    182.500     54.794  52044.711    32.1075     3.7635     54.275    7.43042     3.7597    25.5087   13.27617 1.3122e+00 0.0000e+00
        732 109.663273    0.05076     3.0458    182.750     54.882  52045.132    32.1077     3.7633     54.363    7.43046     3.7595    25.5089   13.27624 1.3010e+00 0.0000e+00
        733 109.663275    0.05083     3.0500    183.000     54.963  52045.444    32.1078     3.7631     54.442    7.43049     3.7594    25.5090   13.27628 1.2914e+00 0.0000e+00
        734 109.663278    0.05090     3.0542    183.250     55.034  52045.655    32.1079     3.7630     54.513    7.43051     3.7593    25.5091   13.27632 1.2835e+00 0.0000e+00
        735 109.663281    0.05097     3.0583    183.500     55.096  52045.769    32.1079     3.7629     54.574    7.43053     3.7593    25.5091   13.27634 1.2772e+00 0.0000e+00
        736 109.663284    0.05104     3.0625    183.750     55.146  52045.817    32.1079     3.7628     54.623    7.43054     3.7592    25.5091   13.27637 1.2725e+00 0.0000e+00
        737 109.663287    0.05111     3.0667    184.000     55.185  52045.854    32.1078     3.7627     54.661    7.43055     3.7591    25.5091   13.27639 1.2690e+00 0.0000e+00
        738 109.663290    0.05118     3.0708    184.250     55.214  52045.907    32.1078     3.7627     54.691    7.43057     3.7590    25.5091   13.27641 1.2662e+00 0.0000e+00
        739 109.663293    0.05125     3.0750    184.500     55.240  52045.963    32.1078     3.7626     54.716    7.43058     3.7589    25.5091   13.27643 1.2636e+00 0.0000e+00
        740 109.663296    0.05132     3.0792    184.750     55.267  52046.011    32.1078     3.7625     54.744    7.43060     3.7588    25.5091   13.27646 1.2604e+00 0.0000e+00
        741 109.663299    0.05139     3.0833    185.000     55.304  52046.023    32.1078     3.7624     54.780    7.43062     3.7586    25.5091   13.27649 1.2558e+00 0.0000e+00
        742 109.663302    0.05146     3.0875    185.250     55.357  52046.002    32.1077     3.7622     54.832    7.43065     3.7584    25.5091   13.27654 1.2490e+00 0.0000e+00
        743 109.663304    0.05153     3.0917    185.500     55.433  52046.054    32.1077     3.7620     54.908    7.43069     3.7581    25.5090   13.27661 1.2393e+00 0.0000e+00
        744 109.663307    0.05160     3.0958    185.750     55.538  52046.280    32.1077     3.7618     55.012    7.43073     3.7579    25.5091   13.27668 1.2261e+00 0.0000e+00
        745 109.663310    0.05167     3.1000    186.000     55.675  52046.584    32.1078     3.7616     55.147    7.43076     3.7576    25.5092   13.27674 1.2094e+00 0.0000e+00
        746 109.663313    0.05174     3.1042    186.250     55.843  52046.781    32.1078     3.7614     55.313    7.43080     3.7574    25.5092   13.27680 1.1898e+00 0.0000e+00
        747 109.663316    0.05181     3.1083    186.500     56.038  52046.946    32.1078     3.7611     55.507    7.43084     3.7571    25.5092   13.27687 1.1680e+00 0.0000e+00
        748 109.663319    0.05187     3.1125    186.750     56.255  52047.271    32.1078     3.7609     55.721    7.43089     3.7569    25.5092   13.27694 1.1451e+00 0.0000e+00
        749 109.663322    0.05194     3.1167    187.000     56.483  52047.691    32.1079     3.7607     55.948    7.43093     3.7567    25.5093   13.27700 1.1222e+00 0.0000e+00
        750 109.663325    0.05201     3.1208    187.250     56.713  52048.090    32.1080     3.7605     56.175    7.43096     3.7566    25.5094   13.27706 1.1000e+00 0.0000e+00
        751 109.663328    0.05208     3.1250    187.500     56.932  52048.463    32.1082     3.7603     56.392    7.43098     3.7565    25.5095   13.27710 1.0794e+00 0.0000e+00
        752 109.663330    0.05215     3.1292    187.750     57.131  52048.786    32.1083     3.7602     56.589    7.43100     3.7564    25.5096   13.27713 1.0615e+00 0.0000e+00
        753 109.663333    0.05222     3.1333    188.000     57.301  52049.063    32.1083     3.7601     56.757    7.43102     3.7563    25.5097   13.27715 1.0474e+00 0.0000e+00
        754 109.663336    0.05229     3.1375    188.250     57.434  52049.313    32.1084     3.7600     56.889    7.43102     3.7563    25.5098   13.27716 1.0376e+00 0.0000e+00
        755 109.663339    0.05236     3.1417    188.500     57.525  52049.490    32.1085     3.7599     56.979    7.43103     3.7564    25.5098   13.27717 1.0323e+00 0.0000e+00
        756 109.663342    0.05243     3.1458    188.750     57.573  52049.557    32.1085     3.7599     57.027    7.43103     3.7564    25.5098   13.27717 1.0308e+00 0.0000e+00
        757 109.663345    0.05250     3.1500    189.000     57.583  52049.535    32.1085     3.7600     57.037    7.43103     3.7565    25.5098   13.27717 1.0324e+00 0.0000e+00
        758 109.663348    0.05257     3.1542    189.250     57.562  52049.451    32.1084     3.7600     57.016    7.43102     3.7565    25.5098   13.27716 1.0362e+00 0.0000e+00
        759 109.663351    0.05264     3.1583    189.500     57.524  52049.336    32.1084     3.7601     56.978    7.43102     3.7566    25.5097   13.27715 1.0404e+00 0.0000e+00
        760 109.663354    0.05271     3.1625    189.750     57.481  52049.212    32.1083     3.7601     56.936    7.43101     3.7566    25.5097   13.27714 1.0437e+00 0.0000e+00
        761 109.663356    0.05278     3.1667    190.000     57.446  52049.087    32.1082     3.7601     56.901    7.43101     3.7565    25.5096   13.27714 1.0452e+00 0.0000e+00
        762 109.663359    0.05285     3.1708    190.250     57.431  52049.016    32.1082     3.7601     56.886    7.43101     3.7565    25.5096   13.27714 1.0445e+00 0.0000e+00
        763 109.663362    0.05292     3.1750    190.500     57.444  52049.074    32.1082     3.7601     56.899    7.43102     3.7564    25.5096   13.27715 1.0410e+00 0.0000e+00
        764 109.663365    0.05299     3.1792    190.750     57.489  52049.202    32.1083     3.7600     56.944    7.43102     3.7564    25.5097   13.27716 1.0343e+00 0.0000e+00
        765 109.663368    0.05306     3.1833    191.000     57.568  52049.316    32.1083     3.7600     57.022    7.43103     3.7563    25.5097   13.27716 1.0246e+00 0.0000e+00
        766 109.663371    0.05312     3.1875    191.250     57.680  52049.436    32.1083     3.7600     57.133    7.43103     3.7563    25.5097   13.27717 1.0122e+00 0.0000e+00
        767 109.663374    0.05319     3.1917    191.500     57.820  52049.591    32.1084     3.7600     57.272    7.43103     3.7564    25.5098   13.27717 9.9785e-01 0.0000e+00
        768 109.663377    0.05326     3.1958    191.750     57.986  52049.798    32.1084     3.7600     57.436    7.43103     3.7564    25.5098   13.27717 9.8155e-01 0.0000e+00
        769 109.663380    0.05333     3.2000    192.000     58.173  52050.069    32.1085     3.7600     57.621    7.43102     3.7565    25.5099   13.27715 9.6388e-01 0.0000e+00
        770 109.663383    0.05340     3.2042    192.250     58.376  52050.428    32.1087     3.7600     57.822    7.43100     3.7566    25.5100   13.27712 9.4561e-01 0.0000e+00
        771 109.663385    0.05347     3.2083    192.500     58.588  52050.869    32.1089     3.7601     58.033    7.43098     3.7568    25.5102   13.27707 9.2731e-01 0.0000e+00
        772 109.663388    0.05354     3.2125    192.750     58.805  52051.274    32.1091     3.7603     58.247    7.43094     3.7571    25.5103   13.27701 9.0955e-01 0.0000e+00
        773 109.663391    0.05361     3.2167    193.000     59.019  52051.467    32.1092     3.7605     58.459    7.43090     3.7573    25.5104   13.27694 8.9278e-01 0.0000e+00
        774 109.663394    0.05368     3.2208    193.250     59.221  52051.502    32.1092     3.7608     58.659    7.43085     3.7575    25.5103   13.27686 8.7762e-01 0.0000e+00
        775 109.663397    0.05375     3.2250    193.500     59.403  52051.562    32.1092     3.7610     58.839    7.43081     3.7577    25.5103   13.27679 8.6500e-01 0.0000e+00
        776 109.663400    0.05382     3.2292    193.750     59.554  52051.669    32.1092     3.7612     58.988    7.43077     3.7578    25.5103   13.27673 8.5577e-01 0.0000e+00
        777 109.663403    0.05389     3.2333    194.000     59.665  52051.723    32.1092     3.7614     59.098    7.43073     3.7580    25.5103   13.27667 8.5042e-01 0.0000e+00
        778 109.663406    0.05396     3.2375    194.250     59.729  52051.648    32.1092     3.7616     59.162    7.43070     3.7581    25.5103   13.27661 8.4912e-01 0.0000e+00
        779 109.663409    0.05403     3.2417    194.500     59.744  52051.479    32.1091     3.7617     59.177    7.43068     3.7582    25.5102   13.27657 8.5150e-01 0.0000e+00
        780 109.663411    0.05410     3.2458    194.750     59.717  52051.289    32.1090     3.7619     59.150    7.43066     3.7582    25.5101   13.27655 8.5626e-01 0.0000e+00
        781 109.663414    0.05417     3.2500    195.000     59.662  52051.088    32.1089     3.7619     59.096    7.43065     3.7582    25.5100   13.27653 8.6178e-01 0.0000e+00
        782 109.663417    0.05424     3.2542    195.250     59.597  52050.885    32.1088     3.7619     59.032    7.43065     3.7581    25.5100   13.27654 8.6692e-01 0.0000e+00
        783 109.663420    0.05431     3.2583    195.500     59.540  52050.723    32.1087     3.7619     58.975    7.43066     3.7581    25.5099   13.27655 8.7081e-01 0.0000e+00
        784 109.663423    0.05438     3.2625    195.750     59.504  52050.649    32.1087     3.7618     58.940    7.43067     3.7580    25.5099   13.27657 8.7249e-01 0.0000e+00
        785 109.663426    0.05444     3.2667    196.000     59.504  52050.691    32.1087     3.7618     58.940    7.43068     3.7579    25.5099   13.27659 8.7113e-01 0.0000e+00
        786 109.663429    0.05451     3.2708    196.250     59.548  52050.836    32.1088     3.7617     58.983    7.43069     3.7579    25.5099   13.27660 8.6618e-01 0.0000e+00
        787 109.663432    0.05458     3.2750    196.500     59.638  52051.076    32.1089     3.7617     59.072    7.43069     3.7580    25.5100   13.27660 8.5762e-01 0.0000e+00
        788 109.663435    0.05465     3.2792    196.750     59.771  52051.442    32.1091     3.7617     59.204    7.43068     3.7581    25.5102   13.27658 8.4627e-01 0.0000e+00
        789 109.663438    0.05472     3.2833    197.000     59.936  52051.922    32.1093     3.7618     59.367    7.43066     3.7583    25.5104   13.27654 8.3330e-01 0.0000e+00
        790 109.663440    0.05479     3.2875    197.250     60.119  52052.421    32.1096     3.7619     59.549    7.43062     3.7586    25.5106   13.27647 8.1977e-01 0.0000e+00
        791 109.663443    0.05486     3.2917    197.500     60.306  52052.786    32.1098     3.7621     59.734    7.43057     3.7589    25.5108   13.27639 8.0674e-01 0.0000e+00
        792 109.663446    0.05493     3.2958    197.750     60.483  52052.902    32.1099     3.7624     59.910    7.43052     3.7591    25.5108   13.27630 7.9502e-01 0.0000e+00
        793 109.663449    0.05500     3.3000    198.000     60.641  52052.845    32.1098     3.7627     60.066    7.43047     3.7593    25.5107   13.27622 7.8506e-01 0.0000e+00
        794 109.663452    0.05507     3.3042    198.250     60.770  52052.747    32.1098     3.7629     60.193    7.43043     3.7594    25.5106   13.27616 7.7703e-01 0.0000e+00
        795 109.663455    0.05514     3.3083    198.500     60.866  52052.650    32.1097     3.7631     60.288    7.43040     3.7595    25.5105   13.27611 7.7097e-01 0.0000e+00
        796 109.663458    0.05521     3.3125    198.750     60.927  52052.549    32.1096     3.7632     60.349    7.43038     3.7596    25.5104   13.27608 7.6700e-01 0.0000e+00
        797 109.663461    0.05528     3.3167    199.000     60.957  52052.444    32.1096     3.7633     60.379    7.43036     3.7596    25.5104   13.27605 7.6511e-01 0.0000e+00
        798 109.663464    0.05535     3.3208    199.250     60.960  52052.360    32.1095     3.7634     60.382    7.43036     3.7596    25.5103   13.27604 7.6478e-01 0.0000e+00
        799 109.663466    0.05542     3.3250    199.500     60.944  52052.323    32.1095     3.7634     60.366    7.43035     3.7596    25.5103   13.27603 7.6547e-01 0.0000e+00
        800 109.663469    0.05549     3.3292    199.750     60.918  52052.323    32.1095     3.7634     60.340    7.43035     3.7596    25.5103   13.27602 7.6673e-01 0.0000e+00
        801 109.663472    0.05556     3.3333    200.000     60.891  52052.327    32.1095     3.7634     60.313    7.43034     3.7596    25.5103   13.27602 7.6795e-01 0.0000e+00
        802 109.663475    0.05563     3.3375    200.250     60.871  52052.330    32.1095     3.7634     60.293    7.43034     3.7597    25.5104   13.27601 7.6862e-01 0.0000e+00
        803 109.663478    0.05569     3.3417    200.500     60.864  52052.366    32.1096     3.7634     60.286    7.43033     3.7597    25.5104   13.27601 7.6839e-01 0.0000e+00
        804 109.663481    0.05576     3.3458    200.750     60.875  52052.438    32.1096     3.7635     60.297    7.43033     3.7597    25.5105   13.27600 7.6704e-01 0.0000e+00
        805 109.663484    0.05583     3.3500    201.000     60.906  52052.514    32.1097     3.7635     60.328    7.43032     3.7597    25.5105   13.27599 7.6458e-01 0.0000e+00
        806 109.663487    0.05590     3.3542    201.250     60.957  52052.591    32.1097     3.7635     60.378    7.43032     3.7596    25.5105   13.27599 7.6094e-01 0.0000e+00
        807 109.663490    0.05597     3.3583    201.500     61.026  52052.718    32.1097     3.7635     60.446    7.43032     3.7596    25.5105   13.27599 7.5615e-01 0.0000e+00
        808 109.663492    0.05604     3.3625    201.750     61.109  52052.907    32.1098     3.7635     60.529    7.43032     3.7595    25.5106   13.27599 7.5036e-01 0.0000e+00
        809 109.663495    0.05611     3.3667    202.000     61.202  52053.055    32.1099     3.7634     60.621    7.43033     3.7593    25.5106   13.27599 7.4383e-01 0.0000e+00
        810 109.663498    0.05618     3.3708    202.250     61.301  52053.047    32.1098     3.7634     60.718    7.43034     3.7590    25.5106   13.27602 7.3717e-01 0.0000e+00
        811 109.663501    0.05625     3.3750    202.500     61.401  52052.917    32.1096     3.7632     60.818    7.43038     3.7585    25.5105   13.27609 7.3073e-01 0.0000e+00
        812 109.663504    0.05632     3.3792    202.750     61.503  52052.914    32.1095     3.7629     60.919    7.43045     3.7580    25.5104   13.27620 7.2427e-01 0.0000e+00
        813 109.663507    0.05639     3.3833    203.000     61.604  52053.244    32.1095     3.7624     61.019    7.43054     3.7574    25.5105   13.27634 7.1776e-01 0.0000e+00
