CTD-processing/allCTD/CNV--turbid/2013_07-05_t9andtutka_s01_cast213.cnv
* Sea-Bird SBE19plus Data File:
* FileName = C:\Documents and Settings\kbayadmin\My Documents\CTD data\2013-07-05 Kachemak Bay Homer Spit Line and Tutka Bay\2013-07-05 Kachemak Bay Homer Spit Line and Tutka Bay cast213.hex
* Software Version 1.59
* Temperature SN =  5028
* Conductivity SN =  5028
* System UpLoad Time = Jul 06 2013 12:01:23
** Kachemak Bay Homer Spit Line and Tutka Bay
** 2013-07-05
** Station:9.01
** N':59 34.205
** W':-151 21.540
** Start Time:1603
** Depth(ft):240
# nquan = 16
# nvalues = 661                         
# units = specified
# name 0 = scan: Scan Count
# name 1 = timeJ: Julian Days
# name 2 = timeH: Time, Elapsed [hours]
# name 3 = timeM: Time, Elapsed [minutes]
# name 4 = timeS: Time, Elapsed [seconds]
# name 5 = prdM: Pressure, Strain Gauge [db]
# name 6 = specc: Specific Conductance [uS/cm]
# name 7 = sal00: Salinity, Practical [PSU]
# name 8 = tv290C: Temperature [ITS-90, deg C]
# name 9 = depSM: Depth [salt water, m], lat = 59.00
# name 10 = oxsolML/L: Oxygen Saturation, Garcia & Gordon [ml/l]
# name 11 = potemp090C: Potential Temperature [ITS-90, deg C]
# name 12 = sigma-é00: Density [sigma-theta, kg/m^3]
# name 13 = n2satML/L: Nitrogen Saturation [ml/l]
# name 14 = par: PAR/Irradiance, Biospherical/Licor
# name 15 = flag:  0.000e+00
# span 0 =          1,        661       
# span 1 = 186.668183, 186.670093       
# span 2 =    0.00000,    0.04583       
# span 3 =     0.0000,     2.7500       
# span 4 =      0.000,    165.000       
# span 5 =     -0.005,     69.359       
# span 6 =    833.485,  50742.978       
# span 7 =     0.4024,    31.7497       
# span 8 =     6.1724,    11.0749       
# span 9 =     -0.005,     68.699       
# span 10 =    6.60697,    8.14543      
# span 11 =     6.1667,    11.0748      
# span 12 =     0.1302,    24.9547      
# span 13 =   11.99970,   14.91818      
# span 14 = 5.0026e-02, 3.7879e+02      
# span 15 = 0.0000e+00, 0.0000e+00      
# interval = seconds: 0.25
# start_time = Jul 05 2013 16:02:11 [Instrument's time stamp, header]
# bad_flag = -9.990e-29
*END*
[from data line 452]
        453 186.669491    0.03139     1.8833    113.000     24.622  50455.069    31.7295     7.1057     24.390    6.88108     7.1003    24.8298   12.37381 2.7664e+00 0.0000e+00
        454 186.669494    0.03146     1.8875    113.250     24.835  50452.958    31.7277     7.1045     24.601    6.88135     7.0973    24.8285   12.37428 2.6863e+00 0.0000e+00
        455 186.669497    0.03153     1.8917    113.500     25.054  50450.431    31.7255     7.1025     24.818    6.88177     7.0933    24.8271   12.37499 2.6067e+00 0.0000e+00
        456 186.669499    0.03160     1.8958    113.750     25.276  50448.679    31.7237     7.0995     25.038    6.88233     7.0889    24.8260   12.37594 2.5283e+00 0.0000e+00
        457 186.669502    0.03167     1.9000    114.000     25.500  50449.059    31.7232     7.0956     25.260    6.88298     7.0847    24.8261   12.37703 2.4520e+00 0.0000e+00
        458 186.669505    0.03174     1.9042    114.250     25.724  50451.270    31.7238     7.0912     25.482    6.88364     7.0807    24.8272   12.37812 2.3784e+00 0.0000e+00
        459 186.669508    0.03181     1.9083    114.500     25.946  50453.482    31.7245     7.0870     25.702    6.88428     7.0768    24.8283   12.37916 2.3076e+00 0.0000e+00
        460 186.669511    0.03188     1.9125    114.750     26.166  50455.528    31.7251     7.0830     25.920    6.88488     7.0733    24.8293   12.38015 2.2396e+00 0.0000e+00
        461 186.669514    0.03194     1.9167    115.000     26.383  50458.064    31.7261     7.0792     26.135    6.88545     7.0703    24.8306   12.38107 2.1744e+00 0.0000e+00
        462 186.669517    0.03201     1.9208    115.250     26.597  50460.739    31.7273     7.0757     26.347    6.88595     7.0677    24.8320   12.38188 2.1120e+00 0.0000e+00
        463 186.669520    0.03208     1.9250    115.500     26.809  50463.165    31.7284     7.0726     26.557    6.88638     7.0656    24.8332   12.38258 2.0519e+00 0.0000e+00
        464 186.669523    0.03215     1.9292    115.750     27.020  50465.036    31.7291     7.0701     26.766    6.88675     7.0637    24.8342   12.38318 1.9940e+00 0.0000e+00
        465 186.669525    0.03222     1.9333    116.000     27.231  50466.326    31.7295     7.0679     26.975    6.88707     7.0623    24.8348   12.38370 1.9380e+00 0.0000e+00
        466 186.669528    0.03229     1.9375    116.250     27.442  50467.891    31.7302     7.0661     27.184    6.88733     7.0614    24.8356   12.38412 1.8835e+00 0.0000e+00
        467 186.669531    0.03236     1.9417    116.500     27.652  50470.287    31.7315     7.0647     27.392    6.88750     7.0612    24.8368   12.38439 1.8309e+00 0.0000e+00
        468 186.669534    0.03243     1.9458    116.750     27.859  50473.093    31.7332     7.0638     27.597    6.88756     7.0618    24.8383   12.38448 1.7809e+00 0.0000e+00
        469 186.669537    0.03250     1.9500    117.000     28.062  50475.369    31.7347     7.0637     27.798    6.88752     7.0627    24.8394   12.38438 1.7334e+00 0.0000e+00
        470 186.669540    0.03257     1.9542    117.250     28.262  50476.371    31.7354     7.0643     27.996    6.88739     7.0635    24.8399   12.38416 1.6874e+00 0.0000e+00
        471 186.669543    0.03264     1.9583    117.500     28.461  50476.740    31.7357     7.0652     28.194    6.88723     7.0640    24.8400   12.38389 1.6423e+00 0.0000e+00
        472 186.669546    0.03271     1.9625    117.750     28.662  50477.197    31.7361     7.0660     28.393    6.88708     7.0643    24.8402   12.38365 1.5980e+00 0.0000e+00
        473 186.669549    0.03278     1.9667    118.000     28.866  50477.642    31.7364     7.0666     28.594    6.88698     7.0644    24.8404   12.38347 1.5545e+00 0.0000e+00
        474 186.669552    0.03285     1.9708    118.250     29.070  50478.294    31.7368     7.0669     28.796    6.88691     7.0643    24.8407   12.38336 1.5123e+00 0.0000e+00
        475 186.669554    0.03292     1.9750    118.500     29.274  50479.281    31.7374     7.0670     28.998    6.88687     7.0640    24.8412   12.38328 1.4715e+00 0.0000e+00
        476 186.669557    0.03299     1.9792    118.750     29.477  50480.116    31.7379     7.0669     29.199    6.88687     7.0633    24.8416   12.38326 1.4320e+00 0.0000e+00
        477 186.669560    0.03306     1.9833    119.000     29.679  50480.524    31.7381     7.0666     29.399    6.88691     7.0623    24.8417   12.38332 1.3934e+00 0.0000e+00
        478 186.669563    0.03313     1.9875    119.250     29.883  50480.532    31.7379     7.0660     29.601    6.88702     7.0607    24.8417   12.38350 1.3554e+00 0.0000e+00
        479 186.669566    0.03319     1.9917    119.500     30.089  50480.139    31.7373     7.0649     29.806    6.88721     7.0585    24.8414   12.38383 1.3181e+00 0.0000e+00
        480 186.669569    0.03326     1.9958    119.750     30.297  50479.670    31.7366     7.0633     30.012    6.88749     7.0558    24.8410   12.38431 1.2814e+00 0.0000e+00
        481 186.669572    0.03333     2.0000    120.000     30.509  50479.155    31.7358     7.0612     30.222    6.88787     7.0522    24.8406   12.38495 1.2452e+00 0.0000e+00
        482 186.669575    0.03340     2.0042    120.250     30.725  50477.936    31.7343     7.0584     30.436    6.88837     7.0474    24.8398   12.38579 1.2092e+00 0.0000e+00
        483 186.669578    0.03347     2.0083    120.500     30.946  50475.923    31.7322     7.0549     30.654    6.88903     7.0411    24.8386   12.38691 1.1733e+00 0.0000e+00
        484 186.669580    0.03354     2.0125    120.750     31.171  50473.625    31.7297     7.0501     30.878    6.88991     7.0335    24.8373   12.38839 1.1377e+00 0.0000e+00
        485 186.669583    0.03361     2.0167    121.000     31.399  50472.002    31.7273     7.0438     31.103    6.89101     7.0252    24.8363   12.39023 1.1030e+00 0.0000e+00
        486 186.669586    0.03368     2.0208    121.250     31.625  50472.909    31.7265     7.0362     31.327    6.89225     7.0170    24.8366   12.39230 1.0698e+00 0.0000e+00
        487 186.669589    0.03375     2.0250    121.500     31.849  50476.229    31.7273     7.0280     31.549    6.89353     7.0093    24.8383   12.39441 1.0380e+00 0.0000e+00
        488 186.669592    0.03382     2.0292    121.750     32.071  50480.414    31.7286     7.0198     31.769    6.89477     7.0026    24.8405   12.39644 1.0074e+00 0.0000e+00
        489 186.669595    0.03389     2.0333    122.000     32.291  50485.755    31.7309     7.0121     31.987    6.89589     6.9974    24.8433   12.39826 9.7783e-01 0.0000e+00
        490 186.669598    0.03396     2.0375    122.250     32.510  50491.856    31.7339     7.0054     32.204    6.89681     6.9935    24.8465   12.39975 9.4911e-01 0.0000e+00
        491 186.669601    0.03403     2.0417    122.500     32.731  50496.940    31.7364     7.0002     32.423    6.89753     6.9906    24.8491   12.40091 9.2094e-01 0.0000e+00
        492 186.669604    0.03410     2.0458    122.750     32.956  50500.402    31.7380     6.9963     32.645    6.89807     6.9885    24.8509   12.40179 8.9313e-01 0.0000e+00
        493 186.669606    0.03417     2.0500    123.000     33.184  50503.221    31.7393     6.9934     32.872    6.89847     6.9871    24.8524   12.40243 8.6565e-01 0.0000e+00
        494 186.669609    0.03424     2.0542    123.250     33.417  50505.919    31.7407     6.9914     33.102    6.89874     6.9863    24.8537   12.40285 8.3869e-01 0.0000e+00
        495 186.669612    0.03431     2.0583    123.500     33.652  50507.545    31.7415     6.9901     33.334    6.89891     6.9856    24.8545   12.40313 8.1245e-01 0.0000e+00
        496 186.669615    0.03438     2.0625    123.750     33.886  50507.720    31.7414     6.9892     33.566    6.89905     6.9846    24.8545   12.40335 7.8705e-01 0.0000e+00
        497 186.669618    0.03444     2.0667    124.000     34.120  50506.966    31.7406     6.9885     33.798    6.89920     6.9832    24.8540   12.40361 7.6248e-01 0.0000e+00
        498 186.669621    0.03451     2.0708    124.250     34.354  50505.530    31.7394     6.9876     34.030    6.89940     6.9811    24.8532   12.40396 7.3861e-01 0.0000e+00
        499 186.669624    0.03458     2.0750    124.500     34.589  50503.200    31.7374     6.9862     34.262    6.89971     6.9778    24.8518   12.40450 7.1540e-01 0.0000e+00
        500 186.669627    0.03465     2.0792    124.750     34.825  50499.393    31.7343     6.9841     34.496    6.90019     6.9735    24.8496   12.40532 6.9284e-01 0.0000e+00
        501 186.669630    0.03472     2.0833    125.000     35.062  50495.749    31.7311     6.9809     34.731    6.90085     6.9688    24.8475   12.40646 6.7096e-01 0.0000e+00
        502 186.669633    0.03479     2.0875    125.250     35.300  50495.393    31.7299     6.9766     34.967    6.90159     6.9645    24.8472   12.40770 6.4974e-01 0.0000e+00
        503 186.669635    0.03486     2.0917    125.500     35.539  50497.342    31.7303     6.9719     35.204    6.90232     6.9608    24.8481   12.40890 6.2913e-01 0.0000e+00
        504 186.669638    0.03493     2.0958    125.750     35.781  50499.422    31.7309     6.9676     35.443    6.90297     6.9578    24.8492   12.40997 6.0906e-01 0.0000e+00
        505 186.669641    0.03500     2.1000    126.000     36.025  50502.022    31.7320     6.9639     35.685    6.90351     6.9556    24.8505   12.41085 5.8949e-01 0.0000e+00
        506 186.669644    0.03507     2.1042    126.250     36.271  50505.425    31.7337     6.9609     35.929    6.90391     6.9543    24.8522   12.41149 5.7038e-01 0.0000e+00
        507 186.669647    0.03514     2.1083    126.500     36.518  50508.914    31.7356     6.9588     36.174    6.90417     6.9540    24.8540   12.41189 5.5177e-01 0.0000e+00
        508 186.669650    0.03521     2.1125    126.750     36.766  50512.256    31.7376     6.9576     36.419    6.90427     6.9544    24.8557   12.41204 5.3374e-01 0.0000e+00
        509 186.669653    0.03528     2.1167    127.000     37.012  50514.800    31.7392     6.9573     36.663    6.90424     6.9547    24.8570   12.41197 5.1646e-01 0.0000e+00
        510 186.669656    0.03535     2.1208    127.250     37.254  50514.179    31.7387     6.9576     36.902    6.90420     6.9544    24.8566   12.41191 5.0018e-01 0.0000e+00
        511 186.669659    0.03542     2.1250    127.500     37.490  50511.860    31.7370     6.9580     37.136    6.90422     6.9543    24.8552   12.41197 4.8490e-01 0.0000e+00
        512 186.669661    0.03549     2.1292    127.750     37.722  50512.795    31.7376     6.9577     37.366    6.90424     6.9556    24.8557   12.41199 4.7033e-01 0.0000e+00
        513 186.669664    0.03556     2.1333    128.000     37.952  50518.184    31.7412     6.9576     37.594    6.90409     6.9589    24.8586   12.41171 4.5630e-01 0.0000e+00
        514 186.669667    0.03562     2.1375    128.250     38.181  50525.293    31.7463     6.9589     37.821    6.90366     6.9636    24.8624   12.41092 4.4276e-01 0.0000e+00
        515 186.669670    0.03569     2.1417    128.500     38.411  50529.557    31.7497     6.9622     38.048    6.90297     6.9681    24.8647   12.40974 4.2963e-01 0.0000e+00
        516 186.669673    0.03576     2.1458    128.750     38.642  50528.508    31.7497     6.9669     38.277    6.90222     6.9715    24.8641   12.40850 4.1694e-01 0.0000e+00
        517 186.669676    0.03583     2.1500    129.000     38.871  50524.454    31.7476     6.9715     38.504    6.90159     6.9735    24.8618   12.40748 4.0479e-01 0.0000e+00
        518 186.669679    0.03590     2.1542    129.250     39.095  50520.128    31.7451     6.9749     38.726    6.90116     6.9742    24.8594   12.40680 3.9329e-01 0.0000e+00
        519 186.669682    0.03597     2.1583    129.500     39.316  50516.486    31.7428     6.9769     38.944    6.90094     6.9740    24.8573   12.40647 3.8241e-01 0.0000e+00
        520 186.669685    0.03604     2.1625    129.750     39.535  50513.889    31.7410     6.9777     39.161    6.90090     6.9732    24.8558   12.40643 3.7184e-01 0.0000e+00
        521 186.669688    0.03611     2.1667    130.000     39.758  50512.385    31.7398     6.9775     39.382    6.90098     6.9722    24.8549   12.40658 3.6134e-01 0.0000e+00
        522 186.669690    0.03618     2.1708    130.250     39.988  50512.153    31.7394     6.9767     39.610    6.90113     6.9713    24.8547   12.40682 3.5086e-01 0.0000e+00
        523 186.669693    0.03625     2.1750    130.500     40.224  50513.183    31.7399     6.9757     39.844    6.90127     6.9709    24.8552   12.40705 3.4044e-01 0.0000e+00
        524 186.669696    0.03632     2.1792    130.750     40.465  50514.769    31.7407     6.9749     40.083    6.90136     6.9708    24.8560   12.40720 3.3019e-01 0.0000e+00
        525 186.669699    0.03639     2.1833    131.000     40.708  50516.116    31.7415     6.9745     40.323    6.90140     6.9710    24.8566   12.40724 3.2019e-01 0.0000e+00
        526 186.669702    0.03646     2.1875    131.250     40.951  50516.962    31.7419     6.9744     40.564    6.90138     6.9712    24.8570   12.40721 3.1050e-01 0.0000e+00
        527 186.669705    0.03653     2.1917    131.500     41.194  50517.127    31.7419     6.9746     40.804    6.90135     6.9712    24.8570   12.40716 3.0123e-01 0.0000e+00
        528 186.669708    0.03660     2.1958    131.750     41.434  50516.473    31.7414     6.9748     41.042    6.90134     6.9708    24.8566   12.40715 2.9244e-01 0.0000e+00
        529 186.669711    0.03667     2.2000    132.000     41.671  50515.373    31.7406     6.9748     41.277    6.90138     6.9702    24.8559   12.40722 2.8411e-01 0.0000e+00
        530 186.669714    0.03674     2.2042    132.250     41.905  50514.692    31.7399     6.9745     41.509    6.90147     6.9696    24.8554   12.40737 2.7614e-01 0.0000e+00
        531 186.669716    0.03681     2.2083    132.500     42.138  50514.787    31.7398     6.9739     41.740    6.90157     6.9691    24.8554   12.40753 2.6840e-01 0.0000e+00
        532 186.669719    0.03687     2.2125    132.750     42.371  50514.480    31.7394     6.9734     41.971    6.90167     6.9681    24.8551   12.40771 2.6085e-01 0.0000e+00
        533 186.669722    0.03694     2.2167    133.000     42.604  50512.671    31.7379     6.9728     42.201    6.90182     6.9663    24.8541   12.40799 2.5351e-01 0.0000e+00
        534 186.669725    0.03701     2.2208    133.250     42.836  50510.180    31.7359     6.9718     42.431    6.90207     6.9641    24.8526   12.40843 2.4639e-01 0.0000e+00
        535 186.669728    0.03708     2.2250    133.500     43.067  50508.607    31.7344     6.9701     42.660    6.90241     6.9617    24.8516   12.40901 2.3955e-01 0.0000e+00
        536 186.669731    0.03715     2.2292    133.750     43.295  50508.228    31.7336     6.9679     42.886    6.90280     6.9592    24.8513   12.40967 2.3304e-01 0.0000e+00
        537 186.669734    0.03722     2.2333    134.000     43.519  50508.282    31.7331     6.9654     43.108    6.90321     6.9568    24.8512   12.41035 2.2687e-01 0.0000e+00
        538 186.669737    0.03729     2.2375    134.250     43.740  50508.416    31.7326     6.9630     43.327    6.90362     6.9545    24.8512   12.41103 2.2097e-01 0.0000e+00
        539 186.669740    0.03736     2.2417    134.500     43.961  50509.140    31.7326     6.9606     43.546    6.90401     6.9528    24.8515   12.41167 2.1521e-01 0.0000e+00
        540 186.669742    0.03743     2.2458    134.750     44.186  50511.109    31.7335     6.9583     43.768    6.90432     6.9516    24.8525   12.41218 2.0953e-01 0.0000e+00
        541 186.669745    0.03750     2.2500    135.000     44.414  50513.542    31.7348     6.9566     43.994    6.90454     6.9509    24.8537   12.41253 2.0394e-01 0.0000e+00
        542 186.669748    0.03757     2.2542    135.250     44.644  50514.690    31.7353     6.9555     44.222    6.90470     6.9499    24.8543   12.41277 1.9849e-01 0.0000e+00
