CTD-processing/allCTD/CNV--turbid/2013_07-19_t4_s06_cast044.cnv
* Sea-Bird SBE19plus Data File:
* FileName = C:\Documents and Settings\kris.holderied.local\My Documents\2012-2013-CTD-DATA-new-files\2013-07-CookInlet-EVOSTC-LTM\2013-07-19-CookInlet-Tran4-Barabara\2013-07-19-CookInlet-Tran4-Barabara-cast044.hex
* Software Version 1.54
* Temperature SN =  5028
* Conductivity SN =  5028
* System UpLoad Time = Jul 19 2013 21:57:04
** Cook Inlet LTM Ocean - Tran4 - Barabara, North to South
** Date: 2013-07-19
** Station: 4-06
** Start time (AKDT-24 hr): 18:51
** Depth (m): 58
** Comment:
** Comment:
# nquan = 16
# nvalues = 530                         
# units = specified
# name 0 = scan: Scan Count
# name 1 = timeJ: Julian Days
# name 2 = timeH: Time, Elapsed [hours]
# name 3 = timeM: Time, Elapsed [minutes]
# name 4 = timeS: Time, Elapsed [seconds]
# name 5 = prdM: Pressure, Strain Gauge [db]
# name 6 = specc: Specific Conductance [uS/cm]
# name 7 = sal00: Salinity, Practical [PSU]
# name 8 = tv290C: Temperature [ITS-90, deg C]
# name 9 = depSM: Depth [salt water, m], lat = 59.00
# name 10 = oxsolML/L: Oxygen Saturation, Garcia & Gordon [ml/l]
# name 11 = potemp090C: Potential Temperature [ITS-90, deg C]
# name 12 = sigma-é00: Density [sigma-theta, kg/m^3]
# name 13 = n2satML/L: Nitrogen Saturation [ml/l]
# name 14 = par: PAR/Irradiance, Biospherical/Licor
# name 15 = flag:  0.000e+00
# span 0 =          1,        530       
# span 1 = 200.785208, 200.786739       
# span 2 =    0.00000,    0.03674       
# span 3 =     0.0000,     2.2042       
# span 4 =      0.000,    132.250       
# span 5 =      0.043,     58.909       
# span 6 =    278.181,  50431.897       
# span 7 =     0.1319,    31.7458       
# span 8 =     7.2155,    11.7070       
# span 9 =      0.043,     58.350       
# span 10 =    6.39496,    7.58573      
# span 11 =     7.2102,    11.7070      
# span 12 =    -0.3643,    24.8054      
# span 13 =   11.57087,   13.97629      
# span 14 = 6.6274e-02, 4.4908e+02      
# span 15 = 0.0000e+00, 0.0000e+00      
# interval = seconds: 0.25
# start_time = Jul 19 2013 18:50:42 [Instrument's time stamp, header]
# bad_flag = -9.990e-29
*END*
[from data line 452]
        453 200.786516    0.03139     1.8833    113.000     38.912  50220.662    31.7031     7.9644     38.545    6.74859     7.9211    24.6912   12.15506 2.7353e-01 0.0000e+00
        454 200.786519    0.03146     1.8875    113.250     39.199  50214.712    31.6958     7.9461     38.829    6.75172     7.8974    24.6881   12.16031 2.6500e-01 0.0000e+00
        455 200.786522    0.03153     1.8917    113.500     39.481  50210.281    31.6892     7.9249     39.108    6.75526     7.8715    24.6859   12.16625 2.5693e-01 0.0000e+00
        456 200.786525    0.03160     1.8958    113.750     39.757  50207.441    31.6833     7.9011     39.381    6.75916     7.8442    24.6846   12.17277 2.4942e-01 0.0000e+00
        457 200.786528    0.03167     1.9000    114.000     40.025  50207.277    31.6789     7.8753     39.647    6.76332     7.8171    24.6848   12.17971 2.4244e-01 0.0000e+00
        458 200.786531    0.03174     1.9042    114.250     40.284  50212.661    31.6781     7.8480     39.904    6.76754     7.7914    24.6880   12.18670 2.3583e-01 0.0000e+00
        459 200.786534    0.03181     1.9083    114.500     40.537  50222.523    31.6805     7.8209     40.154    6.77162     7.7677    24.6937   12.19341 2.2950e-01 0.0000e+00
        460 200.786536    0.03188     1.9125    114.750     40.786  50233.091    31.6836     7.7952     40.400    6.77543     7.7458    24.6998   12.19967 2.2338e-01 0.0000e+00
        461 200.786539    0.03194     1.9167    115.000     41.031  50243.496    31.6869     7.7715     40.644    6.77893     7.7261    24.7057   12.20543 2.1745e-01 0.0000e+00
        462 200.786542    0.03201     1.9208    115.250     41.275  50255.435    31.6915     7.7496     40.886    6.78210     7.7094    24.7124   12.21061 2.1165e-01 0.0000e+00
        463 200.786545    0.03208     1.9250    115.500     41.520  50269.744    31.6982     7.7299     41.127    6.78484     7.6963    24.7204   12.21506 2.0600e-01 0.0000e+00
        464 200.786548    0.03215     1.9292    115.750     41.766  50285.417    31.7063     7.7132     41.371    6.78706     7.6872    24.7291   12.21863 2.0051e-01 0.0000e+00
        465 200.786551    0.03222     1.9333    116.000     42.016  50300.601    31.7147     7.7002     41.619    6.78870     7.6815    24.7375   12.22124 1.9509e-01 0.0000e+00
        466 200.786554    0.03229     1.9375    116.250     42.270  50314.008    31.7224     7.6911     41.871    6.78977     7.6787    24.7449   12.22292 1.8964e-01 0.0000e+00
        467 200.786557    0.03236     1.9417    116.500     42.529  50324.983    31.7291     7.6855     42.127    6.79035     7.6778    24.7509   12.22379 1.8421e-01 0.0000e+00
        468 200.786560    0.03243     1.9458    116.750     42.793  50332.706    31.7339     7.6827     42.389    6.79056     7.6778    24.7550   12.22408 1.7886e-01 0.0000e+00
        469 200.786563    0.03250     1.9500    117.000     43.061  50336.884    31.7366     7.6819     42.654    6.79057     7.6779    24.7572   12.22407 1.7361e-01 0.0000e+00
        470 200.786565    0.03257     1.9542    117.250     43.332  50338.444    31.7375     7.6819     42.923    6.79052     7.6774    24.7580   12.22397 1.6851e-01 0.0000e+00
        471 200.786568    0.03264     1.9583    117.500     43.606  50338.190    31.7372     7.6819     43.194    6.79052     7.6758    24.7578   12.22398 1.6361e-01 0.0000e+00
        472 200.786571    0.03271     1.9625    117.750     43.879  50336.213    31.7356     7.6815     43.464    6.79067     7.6725    24.7566   12.22424 1.5893e-01 0.0000e+00
        473 200.786574    0.03278     1.9667    118.000     44.149  50332.430    31.7326     7.6799     43.732    6.79105     7.6671    24.7545   12.22491 1.5450e-01 0.0000e+00
        474 200.786577    0.03285     1.9708    118.250     44.417  50327.319    31.7284     7.6766     43.997    6.79174     7.6593    24.7516   12.22610 1.5035e-01 0.0000e+00
        475 200.786580    0.03292     1.9750    118.500     44.681  50321.796    31.7235     7.6712     44.259    6.79280     7.6493    24.7485   12.22791 1.4650e-01 0.0000e+00
        476 200.786583    0.03299     1.9792    118.750     44.943  50316.565    31.7185     7.6635     44.518    6.79422     7.6376    24.7456   12.23033 1.4291e-01 0.0000e+00
        477 200.786586    0.03306     1.9833    119.000     45.204  50313.410    31.7145     7.6535     44.777    6.79595     7.6256    24.7439   12.23323 1.3952e-01 0.0000e+00
        478 200.786589    0.03313     1.9875    119.250     45.464  50314.408    31.7131     7.6418     45.034    6.79781     7.6145    24.7444   12.23633 1.3633e-01 0.0000e+00
        479 200.786591    0.03319     1.9917    119.500     45.721  50318.815    31.7141     7.6299     45.289    6.79962     7.6046    24.7469   12.23931 1.3333e-01 0.0000e+00
        480 200.786594    0.03326     1.9958    119.750     45.975  50323.513    31.7154     7.6188     45.540    6.80129     7.5952    24.7494   12.24205 1.3046e-01 0.0000e+00
        481 200.786597    0.03333     2.0000    120.000     46.225  50325.678    31.7152     7.6088     45.787    6.80284     7.5852    24.7506   12.24462 1.2763e-01 0.0000e+00
        482 200.786600    0.03340     2.0042    120.250     46.469  50324.081    31.7124     7.5995     46.030    6.80442     7.5733    24.7497   12.24727 1.2493e-01 0.0000e+00
        483 200.786603    0.03347     2.0083    120.500     46.710  50319.111    31.7072     7.5895     46.268    6.80620     7.5586    24.7470   12.25028 1.2241e-01 0.0000e+00
        484 200.786606    0.03354     2.0125    120.750     46.949  50311.300    31.6996     7.5776     46.505    6.80837     7.5403    24.7427   12.25397 1.1999e-01 0.0000e+00
        485 200.786609    0.03361     2.0167    121.000     47.190  50302.113    31.6906     7.5629     46.744    6.81106     7.5197    24.7376   12.25853 1.1763e-01 0.0000e+00
        486 200.786612    0.03368     2.0208    121.250     47.438  50297.860    31.6845     7.5447     46.989    6.81418     7.4999    24.7353   12.26375 1.1532e-01 0.0000e+00
        487 200.786615    0.03375     2.0250    121.500     47.694  50305.882    31.6865     7.5241     47.243    6.81730     7.4843    24.7398   12.26888 1.1298e-01 0.0000e+00
        488 200.786617    0.03382     2.0292    121.750     47.961  50325.326    31.6966     7.5043     47.507    6.81993     7.4733    24.7504   12.27311 1.1058e-01 0.0000e+00
        489 200.786620    0.03389     2.0333    122.000     48.240  50344.432    31.7072     7.4886     47.784    6.82189     7.4643    24.7609   12.27622 1.0815e-01 0.0000e+00
        490 200.786623    0.03396     2.0375    122.250     48.531  50352.700    31.7110     7.4777     48.072    6.82344     7.4550    24.7654   12.27872 1.0573e-01 0.0000e+00
        491 200.786626    0.03403     2.0417    122.500     48.832  50353.090    31.7097     7.4687     48.370    6.82489     7.4452    24.7655   12.28115 1.0337e-01 0.0000e+00
        492 200.786629    0.03410     2.0458    122.750     49.141  50354.604    31.7090     7.4594     48.676    6.82637     7.4368    24.7663   12.28361 1.0105e-01 0.0000e+00
        493 200.786632    0.03417     2.0500    123.000     49.453  50362.757    31.7129     7.4497     48.984    6.82772     7.4312    24.7707   12.28579 9.8856e-02 0.0000e+00
        494 200.786635    0.03424     2.0542    123.250     49.762  50375.001    31.7199     7.4413     49.291    6.82872     7.4278    24.7773   12.28735 9.6831e-02 0.0000e+00
        495 200.786638    0.03431     2.0583    123.500     50.064  50383.569    31.7248     7.4357     49.590    6.82937     7.4249    24.7819   12.28836 9.4989e-02 0.0000e+00
        496 200.786641    0.03438     2.0625    123.750     50.355  50385.756    31.7256     7.4324     49.878    6.82986     7.4214    24.7831   12.28916 9.3340e-02 0.0000e+00
        497 200.786644    0.03444     2.0667    124.000     50.633  50384.647    31.7242     7.4295     50.154    6.83037     7.4172    24.7824   12.29003 9.1878e-02 0.0000e+00
        498 200.786646    0.03451     2.0708    124.250     50.899  50383.675    31.7228     7.4260     50.417    6.83097     7.4125    24.7817   12.29104 9.0560e-02 0.0000e+00
        499 200.786649    0.03458     2.0750    124.500     51.152  50383.688    31.7220     7.4218     50.668    6.83166     7.4078    24.7817   12.29219 8.9345e-02 0.0000e+00
        500 200.786652    0.03465     2.0792    124.750     51.397  50384.479    31.7217     7.4172     50.910    6.83240     7.4034    24.7820   12.29342 8.8218e-02 0.0000e+00
        501 200.786655    0.03472     2.0833    125.000     51.636  50386.643    31.7223     7.4125     51.147    6.83312     7.3996    24.7831   12.29459 8.7160e-02 0.0000e+00
        502 200.786658    0.03479     2.0875    125.250     51.874  50388.951    31.7230     7.4081     51.382    6.83376     7.3958    24.7843   12.29565 8.6154e-02 0.0000e+00
        503 200.786661    0.03486     2.0917    125.500     52.112  50389.336    31.7226     7.4043     51.618    6.83438     7.3922    24.7845   12.29668 8.5181e-02 0.0000e+00
        504 200.786664    0.03493     2.0958    125.750     52.355  50389.745    31.7221     7.4006     51.859    6.83498     7.3893    24.7846   12.29768 8.4224e-02 0.0000e+00
        505 200.786667    0.03500     2.1000    126.000     52.606  50393.249    31.7238     7.3970     52.108    6.83548     7.3877    24.7865   12.29848 8.3279e-02 0.0000e+00
        506 200.786670    0.03507     2.1042    126.250     52.866  50397.555    31.7262     7.3942     52.366    6.83581     7.3864    24.7888   12.29900 8.2329e-02 0.0000e+00
        507 200.786672    0.03514     2.1083    126.500     53.136  50397.502    31.7258     7.3926     52.633    6.83608     7.3836    24.7886   12.29944 8.1383e-02 0.0000e+00
        508 200.786675    0.03521     2.1125    126.750     53.414  50391.954    31.7216     7.3913     52.908    6.83647     7.3780    24.7855   12.30015 8.0458e-02 0.0000e+00
        509 200.786678    0.03528     2.1167    127.000     53.700  50382.699    31.7145     7.3885     53.191    6.83722     7.3684    24.7803   12.30147 7.9554e-02 0.0000e+00
        510 200.786681    0.03535     2.1208    127.250     53.988  50370.788    31.7051     7.3829     53.477    6.83852     7.3539    24.7737   12.30374 7.8681e-02 0.0000e+00
        511 200.786684    0.03542     2.1250    127.500     54.277  50356.849    31.6936     7.3734     53.762    6.84053     7.3345    24.7660   12.30721 7.7876e-02 0.0000e+00
        512 200.786687    0.03549     2.1292    127.750     54.560  50344.338    31.6823     7.3589     54.043    6.84331     7.3126    24.7590   12.31195 7.7138e-02 0.0000e+00
        513 200.786690    0.03556     2.1333    128.000     54.837  50341.118    31.6766     7.3395     54.316    6.84661     7.2918    24.7572   12.31748 7.6432e-02 0.0000e+00
        514 200.786693    0.03562     2.1375    128.250     55.105  50350.023    31.6789     7.3175     54.582    6.84995     7.2744    24.7620   12.32297 7.5735e-02 0.0000e+00
        515 200.786696    0.03569     2.1417    128.500     55.366  50364.609    31.6854     7.2967     54.841    6.85292     7.2607    24.7699   12.32781 7.5032e-02 0.0000e+00
        516 200.786698    0.03576     2.1458    128.750     55.625  50378.768    31.6922     7.2794     55.097    6.85535     7.2503    24.7775   12.33174 7.4311e-02 0.0000e+00
        517 200.786701    0.03583     2.1500    129.000     55.883  50390.478    31.6979     7.2657     55.353    6.85724     7.2422    24.7839   12.33479 7.3574e-02 0.0000e+00
        518 200.786704    0.03590     2.1542    129.250     56.146  50399.190    31.7020     7.2553     55.613    6.85870     7.2357    24.7885   12.33715 7.2831e-02 0.0000e+00
        519 200.786707    0.03597     2.1583    129.500     56.415  50405.070    31.7046     7.2472     55.880    6.85985     7.2302    24.7917   12.33902 7.2080e-02 0.0000e+00
        520 200.786710    0.03604     2.1625    129.750     56.693  50409.265    31.7063     7.2408     56.155    6.86079     7.2256    24.7939   12.34056 7.1329e-02 0.0000e+00
        521 200.786713    0.03611     2.1667    130.000     56.979  50413.080    31.7079     7.2353     56.439    6.86158     7.2218    24.7958   12.34183 7.0595e-02 0.0000e+00
        522 200.786716    0.03618     2.1708    130.250     57.271  50416.440    31.7093     7.2308     56.728    6.86223     7.2185    24.7976   12.34290 6.9865e-02 0.0000e+00
        523 200.786719    0.03625     2.1750    130.500     57.563  50419.164    31.7104     7.2269     57.017    6.86279     7.2157    24.7990   12.34381 6.9154e-02 0.0000e+00
        524 200.786722    0.03632     2.1792    130.750     57.850  50421.924    31.7116     7.2236     57.302    6.86325     7.2136    24.8004   12.34456 6.8496e-02 0.0000e+00
        525 200.786725    0.03639     2.1833    131.000     58.124  50424.804    31.7131     7.2209     57.573    6.86362     7.2120    24.8019   12.34515 6.7895e-02 0.0000e+00
        526 200.786727    0.03646     2.1875    131.250     58.376  50427.313    31.7143     7.2188     57.822    6.86390     7.2110    24.8031   12.34559 6.7352e-02 0.0000e+00
        527 200.786730    0.03653     2.1917    131.500     58.595  50429.215    31.7153     7.2173     58.039    6.86410     7.2104    24.8041   12.34590 6.6898e-02 0.0000e+00
        528 200.786733    0.03660     2.1958    131.750     58.766  50430.588    31.7160     7.2163     58.209    6.86422     7.2102    24.8048   12.34610 6.6551e-02 0.0000e+00
        529 200.786736    0.03667     2.2000    132.000     58.873  50431.534    31.7165     7.2157     58.315    6.86429 -9.990e-29    24.8052   12.34621 6.6339e-02 0.0000e+00
        530 200.786739    0.03674     2.2042    132.250     58.909  50431.897    31.7167     7.2155     58.350    6.86431 -9.990e-29    24.8054   12.34624 6.6274e-02 0.0000e+00
