CTD-processing/allCTD/CNV--turbid/2013_11-06_t6_s11_cast141.cnv
* Sea-Bird SBE19plus Data File:
* FileName = C:\Users\kris.holderied\Documents\kasitsna\Research-Projects-and-Data\Oceanography-AK\CTD-CookInlet-GulfWatchAK\2013-10-11-EVOSTC-CookInlet-Ocean\2013-11-06-CookInlet-Tran6-Douglas\2013-11-06-CookInlet-Tran6-cast141.hex
* Software Version 1.59
* Temperature SN =  5028
* Conductivity SN =  5028
* System UpLoad Time = Feb 14 2014 17:20:25
** Cook Inlet Transect 6 (Douglas) east to west
** Date: 2013-11-06
** Station: 6-11
** Start time: 11:32
** Depth (m): 114
** Comment:  CTD instrument time is AK Daylight time *1 hour off*
** Comment:
# nquan = 16
# nvalues = 734                         
# units = specified
# name 0 = scan: Scan Count
# name 1 = timeJ: Julian Days
# name 2 = timeH: Time, Elapsed [hours]
# name 3 = timeM: Time, Elapsed [minutes]
# name 4 = timeS: Time, Elapsed [seconds]
# name 5 = prdM: Pressure, Strain Gauge [db]
# name 6 = specc: Specific Conductance [uS/cm]
# name 7 = sal00: Salinity, Practical [PSU]
# name 8 = tv290C: Temperature [ITS-90, deg C]
# name 9 = depSM: Depth [salt water, m], lat = 59.00
# name 10 = oxsolML/L: Oxygen Saturation, Garcia & Gordon [ml/l]
# name 11 = potemp090C: Potential Temperature [ITS-90, deg C]
# name 12 = sigma-é00: Density [sigma-theta, kg/m^3]
# name 13 = n2satML/L: Nitrogen Saturation [ml/l]
# name 14 = par: PAR/Irradiance, Biospherical/Licor
# name 15 = flag:  0.000e+00
# span 0 =          1,        734       
# span 1 = 310.521111, 310.523232       
# span 2 =    0.00000,    0.05090       
# span 3 =     0.0000,     3.0542       
# span 4 =      0.000,    183.250       
# span 5 =     -0.019,    111.521       
# span 6 =    773.478,  51218.559       
# span 7 =     0.3676,    32.2634       
# span 8 =     5.8854,     8.7124       
# span 9 =     -0.019,    110.449       
# span 10 =    6.66418,    8.68731      
# span 11 =     5.8855,     8.7082      
# span 12 =     0.2342,    25.2188      
# span 13 =   12.02221,   15.82706      
# span 14 = 4.3832e-02, 2.8838e+02      
# span 15 = 0.0000e+00, 0.0000e+00      
# interval = seconds: 0.25
# start_time = Nov 06 2013 12:30:24 [Instrument's time stamp, header]
# bad_flag = -9.990e-29
*END*
[from data line 362]
        363 310.522159    0.02514     1.5083     90.500      1.337  48489.218    30.6063     8.6094      1.324    6.69867     8.6102    23.7379   12.08591 8.0728e+01 0.0000e+00
        364 310.522161    0.02521     1.5125     90.750      1.634  48489.471    30.6064     8.6098      1.619    6.69860     8.6108    23.7379   12.08580 7.3351e+01 0.0000e+00
        365 310.522164    0.02528     1.5167     91.000      1.980  48489.556    30.6064     8.6103      1.961    6.69851     8.6118    23.7378   12.08566 6.9932e+01 0.0000e+00
        366 310.522167    0.02535     1.5208     91.250      2.346  48489.871    30.6065     8.6111      2.324    6.69839     8.6130    23.7379   12.08546 6.8380e+01 0.0000e+00
        367 310.522170    0.02542     1.5250     91.500      2.708  48490.368    30.6068     8.6120      2.683    6.69823     8.6143    23.7380   12.08520 6.5863e+01 0.0000e+00
        368 310.522173    0.02549     1.5292     91.750      3.050  48490.447    30.6069     8.6133      3.021    6.69804     8.6156    23.7379   12.08488 6.2507e+01 0.0000e+00
        369 310.522176    0.02556     1.5333     92.000      3.361  48489.899    30.6066     8.6147      3.329    6.69785     8.6166    23.7374   12.08456 6.0324e+01 0.0000e+00
        370 310.522179    0.02562     1.5375     92.250      3.635  48489.008    30.6061     8.6160      3.601    6.69768     8.6174    23.7368   12.08429 5.9403e+01 0.0000e+00
        371 310.522182    0.02569     1.5417     92.500      3.871  48488.230    30.6056     8.6170      3.835    6.69755     8.6181    23.7363   12.08407 5.8683e+01 0.0000e+00
        372 310.522185    0.02576     1.5458     92.750      4.077  48488.061    30.6055     8.6178      4.039    6.69743     8.6190    23.7361   12.08388 5.7737e+01 0.0000e+00
        373 310.522187    0.02583     1.5500     93.000      4.266  48488.491    30.6058     8.6185      4.226    6.69731     8.6200    23.7362   12.08368 5.6563e+01 0.0000e+00
        374 310.522190    0.02590     1.5542     93.250      4.454  48489.027    30.6062     8.6194      4.412    6.69716     8.6212    23.7364   12.08342 5.4969e+01 0.0000e+00
        375 310.522193    0.02597     1.5583     93.500      4.655  48489.235    30.6064     8.6205      4.611    6.69699     8.6223    23.7364   12.08313 5.2847e+01 0.0000e+00
        376 310.522196    0.02604     1.5625     93.750      4.882  48489.079    30.6064     8.6217      4.837    6.69681     8.6232    23.7362   12.08284 5.0254e+01 0.0000e+00
        377 310.522199    0.02611     1.5667     94.000      5.143  48488.712    30.6062     8.6228      5.095    6.69665     8.6238    23.7359   12.08257 4.7362e+01 0.0000e+00
        378 310.522202    0.02618     1.5708     94.250      5.438  48488.075    30.6057     8.6237      5.388    6.69653     8.6241    23.7354   12.08238 4.4525e+01 0.0000e+00
        379 310.522205    0.02625     1.5750     94.500      5.760  48487.353    30.6052     8.6244      5.707    6.69645     8.6242    23.7349   12.08226 4.2044e+01 0.0000e+00
        380 310.522208    0.02632     1.5792     94.750      6.095  48487.111    30.6049     8.6247      6.039    6.69641     8.6243    23.7346   12.08220 3.9919e+01 0.0000e+00
        381 310.522211    0.02639     1.5833     95.000      6.428  48487.335    30.6050     8.6249      6.368    6.69639     8.6245    23.7347   12.08216 3.8048e+01 0.0000e+00
        382 310.522214    0.02646     1.5875     95.250      6.748  48487.771    30.6051     8.6250      6.685    6.69636     8.6249    23.7348   12.08212 3.6309e+01 0.0000e+00
        383 310.522216    0.02653     1.5917     95.500      7.049  48488.519    30.6055     8.6252      6.983    6.69631     8.6255    23.7351   12.08203 3.4623e+01 0.0000e+00
        384 310.522219    0.02660     1.5958     95.750      7.327  48489.309    30.6060     8.6256      7.259    6.69623     8.6262    23.7354   12.08188 3.3113e+01 0.0000e+00
        385 310.522222    0.02667     1.6000     96.000      7.582  48489.746    30.6063     8.6262      7.511    6.69612     8.6269    23.7356   12.08170 3.1947e+01 0.0000e+00
        386 310.522225    0.02674     1.6042     96.250      7.815  48489.978    30.6065     8.6270      7.742    6.69601     8.6276    23.7356   12.08151 3.1119e+01 0.0000e+00
        387 310.522228    0.02681     1.6083     96.500      8.030  48490.133    30.6066     8.6277      7.955    6.69589     8.6282    23.7356   12.08131 3.0504e+01 0.0000e+00
        388 310.522231    0.02688     1.6125     96.750      8.233  48490.031    30.6065     8.6284      8.156    6.69578     8.6286    23.7354   12.08114 3.0010e+01 0.0000e+00
        389 310.522234    0.02694     1.6167     97.000      8.433  48489.674    30.6063     8.6290      8.354    6.69570     8.6287    23.7351   12.08101 2.9548e+01 0.0000e+00
        390 310.522237    0.02701     1.6208     97.250      8.637  48489.314    30.6060     8.6294      8.556    6.69565     8.6288    23.7349   12.08093 2.8983e+01 0.0000e+00
        391 310.522240    0.02708     1.6250     97.500      8.853  48489.263    30.6059     8.6296      8.770    6.69563     8.6289    23.7348   12.08089 2.8207e+01 0.0000e+00
        392 310.522242    0.02715     1.6292     97.750      9.087  48489.661    30.6061     8.6297      9.002    6.69561     8.6291    23.7349   12.08085 2.7225e+01 0.0000e+00
        393 310.522245    0.02722     1.6333     98.000      9.343  48490.210    30.6064     8.6299      9.255    6.69558     8.6293    23.7351   12.08080 2.6110e+01 0.0000e+00
        394 310.522248    0.02729     1.6375     98.250      9.623  48490.694    30.6067     8.6301      9.533    6.69554     8.6296    23.7353   12.08073 2.4961e+01 0.0000e+00
        395 310.522251    0.02736     1.6417     98.500      9.925  48491.111    30.6069     8.6303      9.832    6.69549     8.6299    23.7354   12.08065 2.3868e+01 0.0000e+00
        396 310.522254    0.02743     1.6458     98.750     10.243  48491.291    30.6069     8.6307     10.147    6.69544     8.6301    23.7354   12.08056 2.2869e+01 0.0000e+00
        397 310.522257    0.02750     1.6500     99.000     10.573  48491.165    30.6067     8.6310     10.474    6.69539     8.6301    23.7352   12.08049 2.1958e+01 0.0000e+00
        398 310.522260    0.02757     1.6542     99.250     10.908  48490.722    30.6063     8.6312     10.806    6.69538     8.6299    23.7349   12.08047 2.1128e+01 0.0000e+00
        399 310.522263    0.02764     1.6583     99.500     11.241  48489.906    30.6056     8.6313     11.135    6.69540     8.6294    23.7343   12.08051 2.0377e+01 0.0000e+00
        400 310.522266    0.02771     1.6625     99.750     11.564  48489.014    30.6048     8.6311     11.456    6.69546     8.6287    23.7337   12.08063 1.9691e+01 0.0000e+00
        401 310.522269    0.02778     1.6667    100.000     11.871  48488.527    30.6043     8.6306     11.760    6.69556     8.6280    23.7334   12.08080 1.9045e+01 0.0000e+00
        402 310.522271    0.02785     1.6708    100.250     12.155  48488.563    30.6041     8.6299     12.041    6.69567     8.6274    23.7333   12.08098 1.8429e+01 0.0000e+00
        403 310.522274    0.02792     1.6750    100.500     12.413  48488.922    30.6041     8.6293     12.297    6.69577     8.6270    23.7335   12.08115 1.7855e+01 0.0000e+00
        404 310.522277    0.02799     1.6792    100.750     12.647  48489.375    30.6043     8.6287     12.529    6.69585     8.6266    23.7337   12.08128 1.7340e+01 0.0000e+00
        405 310.522280    0.02806     1.6833    101.000     12.863  48489.775    30.6044     8.6282     12.742    6.69591     8.6264    23.7338   12.08138 1.6891e+01 0.0000e+00
        406 310.522283    0.02813     1.6875    101.250     13.067  48490.058    30.6044     8.6279     12.945    6.69595     8.6262    23.7339   12.08145 1.6508e+01 0.0000e+00
        407 310.522286    0.02819     1.6917    101.500     13.270  48490.225    30.6044     8.6277     13.146    6.69599     8.6260    23.7339   12.08150 1.6164e+01 0.0000e+00
        408 310.522289    0.02826     1.6958    101.750     13.481  48490.288    30.6044     8.6275     13.355    6.69602     8.6257    23.7339   12.08155 1.5817e+01 0.0000e+00
        409 310.522292    0.02833     1.7000    102.000     13.707  48490.214    30.6042     8.6273     13.578    6.69606     8.6253    23.7338   12.08162 1.5439e+01 0.0000e+00
        410 310.522295    0.02840     1.7042    102.250     13.955  48490.136    30.6040     8.6271     13.823    6.69610     8.6250    23.7337   12.08170 1.5019e+01 0.0000e+00
        411 310.522297    0.02847     1.7083    102.500     14.226  48490.331    30.6040     8.6267     14.093    6.69616     8.6247    23.7337   12.08178 1.4555e+01 0.0000e+00
        412 310.522300    0.02854     1.7125    102.750     14.521  48490.852    30.6041     8.6264     14.385    6.69620     8.6246    23.7339   12.08185 1.4051e+01 0.0000e+00
        413 310.522303    0.02861     1.7167    103.000     14.834  48491.604    30.6045     8.6262     14.695    6.69622     8.6247    23.7342   12.08188 1.3514e+01 0.0000e+00
        414 310.522306    0.02868     1.7208    103.250     15.158  48492.497    30.6050     8.6261     15.016    6.69621     8.6249    23.7346   12.08186 1.2970e+01 0.0000e+00
        415 310.522309    0.02875     1.7250    103.500     15.484  48493.280    30.6054     8.6262     15.339    6.69617     8.6253    23.7349   12.08179 1.2445e+01 0.0000e+00
        416 310.522312    0.02882     1.7292    103.750     15.805  48493.792    30.6057     8.6265     15.657    6.69612     8.6256    23.7351   12.08170 1.1951e+01 0.0000e+00
        417 310.522315    0.02889     1.7333    104.000     16.118  48494.218    30.6059     8.6269     15.967    6.69605     8.6261    23.7352   12.08159 1.1495e+01 0.0000e+00
        418 310.522318    0.02896     1.7375    104.250     16.421  48494.864    30.6062     8.6273     16.267    6.69597     8.6266    23.7355   12.08146 1.1076e+01 0.0000e+00
        419 310.522321    0.02903     1.7417    104.500     16.717  48495.841    30.6069     8.6277     16.560    6.69588     8.6274    23.7359   12.08129 1.0686e+01 0.0000e+00
        420 310.522323    0.02910     1.7458    104.750     17.006  48496.779    30.6075     8.6283     16.847    6.69576     8.6282    23.7363   12.08108 1.0315e+01 0.0000e+00
        421 310.522326    0.02917     1.7500    105.000     17.293  48497.212    30.6078     8.6291     17.130    6.69563     8.6289    23.7364   12.08087 9.9575e+00 0.0000e+00
        422 310.522329    0.02924     1.7542    105.250     17.580  48497.259    30.6078     8.6299     17.415    6.69551     8.6296    23.7363   12.08067 9.6128e+00 0.0000e+00
        423 310.522332    0.02931     1.7583    105.500     17.869  48497.261    30.6078     8.6306     17.702    6.69539     8.6301    23.7362   12.08048 9.2862e+00 0.0000e+00
        424 310.522335    0.02937     1.7625    105.750     18.163  48497.252    30.6078     8.6313     17.992    6.69529     8.6306    23.7361   12.08031 8.9791e+00 0.0000e+00
        425 310.522338    0.02944     1.7667    106.000     18.459  48497.294    30.6078     8.6320     18.286    6.69520     8.6311    23.7360   12.08016 8.6891e+00 0.0000e+00
        426 310.522341    0.02951     1.7708    106.250     18.757  48497.636    30.6080     8.6325     18.581    6.69511     8.6317    23.7361   12.08001 8.4145e+00 0.0000e+00
        427 310.522344    0.02958     1.7750    106.500     19.054  48498.383    30.6084     8.6330     18.875    6.69501     8.6324    23.7364   12.07984 8.1545e+00 0.0000e+00
        428 310.522347    0.02965     1.7792    106.750     19.349  48499.554    30.6092     8.6336     19.168    6.69489     8.6334    23.7369   12.07962 7.9049e+00 0.0000e+00
        429 310.522350    0.02972     1.7833    107.000     19.640  48501.288    30.6104     8.6344     19.456    6.69472     8.6346    23.7377   12.07934 7.6626e+00 0.0000e+00
        430 310.522352    0.02979     1.7875    107.250     19.925  48503.402    30.6119     8.6353     19.738    6.69451     8.6359    23.7388   12.07897 7.4274e+00 0.0000e+00
        431 310.522355    0.02986     1.7917    107.500     20.204  48504.862    30.6130     8.6366     20.015    6.69428     8.6369    23.7394   12.07857 7.1983e+00 0.0000e+00
        432 310.522358    0.02993     1.7958    107.750     20.479  48504.795    30.6130     8.6379     20.287    6.69408     8.6376    23.7392   12.07824 6.9733e+00 0.0000e+00
        433 310.522361    0.03000     1.8000    108.000     20.752  48503.873    30.6124     8.6390     20.557    6.69394     8.6380    23.7386   12.07802 6.7495e+00 0.0000e+00
        434 310.522364    0.03007     1.8042    108.250     21.025  48503.646    30.6122     8.6397     20.828    6.69385     8.6384    23.7384   12.07786 6.5257e+00 0.0000e+00
        435 310.522367    0.03014     1.8083    108.500     21.303  48504.706    30.6129     8.6401     21.103    6.69375     8.6390    23.7388   12.07770 6.3024e+00 0.0000e+00
        436 310.522370    0.03021     1.8125    108.750     21.590  48506.229    30.6139     8.6406     21.387    6.69364     8.6397    23.7396   12.07749 6.0790e+00 0.0000e+00
        437 310.522373    0.03028     1.8167    109.000     21.887  48507.375    30.6147     8.6412     21.681    6.69352     8.6403    23.7401   12.07728 5.8563e+00 0.0000e+00
        438 310.522376    0.03035     1.8208    109.250     22.197  48508.156    30.6152     8.6419     21.988    6.69339     8.6408    23.7404   12.07707 5.6363e+00 0.0000e+00
        439 310.522378    0.03042     1.8250    109.500     22.516  48508.969    30.6157     8.6425     22.305    6.69328     8.6412    23.7407   12.07687 5.4212e+00 0.0000e+00
        440 310.522381    0.03049     1.8292    109.750     22.843  48509.907    30.6163     8.6430     22.628    6.69317     8.6416    23.7411   12.07669 5.2145e+00 0.0000e+00
        441 310.522384    0.03056     1.8333    110.000     23.173  48510.714    30.6168     8.6435     22.955    6.69307     8.6420    23.7414   12.07652 5.0200e+00 0.0000e+00
        442 310.522387    0.03062     1.8375    110.250     23.502  48511.448    30.6172     8.6440     23.281    6.69299     8.6424    23.7417   12.07638 4.8397e+00 0.0000e+00
        443 310.522390    0.03069     1.8417    110.500     23.828  48512.550    30.6179     8.6443     23.604    6.69290     8.6428    23.7422   12.07623 4.6742e+00 0.0000e+00
        444 310.522393    0.03076     1.8458    110.750     24.148  48514.400    30.6191     8.6447     23.921    6.69279     8.6435    23.7431   12.07603 4.5219e+00 0.0000e+00
        445 310.522396    0.03083     1.8500    111.000     24.461  48517.684    30.6213     8.6452     24.231    6.69263     8.6446    23.7447   12.07573 4.3798e+00 0.0000e+00
        446 310.522399    0.03090     1.8542    111.250     24.764  48522.694    30.6248     8.6459     24.532    6.69237     8.6461    23.7474   12.07526 4.2453e+00 0.0000e+00
        447 310.522402    0.03097     1.8583    111.500     25.059  48528.151    30.6287     8.6471     24.823    6.69203     8.6479    23.7502   12.07465 4.1163e+00 0.0000e+00
        448 310.522405    0.03104     1.8625    111.750     25.347  48533.164    30.6323     8.6486     25.108    6.69164     8.6498    23.7528   12.07396 3.9910e+00 0.0000e+00
        449 310.522407    0.03111     1.8667    112.000     25.634  48538.363    30.6360     8.6504     25.393    6.69121     8.6518    23.7555   12.07320 3.8675e+00 0.0000e+00
        450 310.522410    0.03118     1.8708    112.250     25.926  48544.764    30.6406     8.6523     25.682    6.69072     8.6541    23.7589   12.07234 3.7433e+00 0.0000e+00
        451 310.522413    0.03125     1.8750    112.500     26.228  48553.961    30.6472     8.6544     25.982    6.69013     8.6573    23.7637   12.07127 3.6160e+00 0.0000e+00
