CTD-processing/allCTD/CNV--turbid/2013_06-06_alongbay_chinapoota_inner_cast178.cnv
* Sea-Bird SBE19plus Data File:
* FileName = C:\Documents and Settings\kbayadmin\My Documents\CTD data\2013-06-06 Kachemak Bay all bay inner bay\2013-06-06 Kachemak Bay All Bay Inner Bay cast178.hex
* Software Version 1.59
* Temperature SN =  5028
* Conductivity SN =  5028
* System UpLoad Time = Jun 18 2013 16:08:16
** Kachemak Bay All Bay Inner Bay
** 2013-06-06
** Station: China Poot A
** N': 59 34.935
** W': 151 19.607
** Start Time: 1809
** Depth(ft): 83
# nquan = 16
# nvalues = 483                         
# units = specified
# name 0 = scan: Scan Count
# name 1 = timeJ: Julian Days
# name 2 = timeH: Time, Elapsed [hours]
# name 3 = timeM: Time, Elapsed [minutes]
# name 4 = timeS: Time, Elapsed [seconds]
# name 5 = prdM: Pressure, Strain Gauge [db]
# name 6 = specc: Specific Conductance [uS/cm]
# name 7 = sal00: Salinity, Practical [PSU]
# name 8 = tv290C: Temperature [ITS-90, deg C]
# name 9 = depSM: Depth [salt water, m], lat = 59.00
# name 10 = oxsolML/L: Oxygen Saturation, Garcia & Gordon [ml/l]
# name 11 = potemp090C: Potential Temperature [ITS-90, deg C]
# name 12 = sigma-é00: Density [sigma-theta, kg/m^3]
# name 13 = n2satML/L: Nitrogen Saturation [ml/l]
# name 14 = par: PAR/Irradiance, Biospherical/Licor
# name 15 = flag:  0.000e+00
# span 0 =          1,        483       
# span 1 = 157.756713, 157.758108       
# span 2 =    0.00000,    0.03347       
# span 3 =     0.0000,     2.0083       
# span 4 =      0.000,    120.500       
# span 5 =     -0.111,     19.862       
# span 6 =    260.044,  51098.831       
# span 7 =     0.1403,    31.7482       
# span 8 =     4.9106,     9.5755       
# span 9 =     -0.110,     19.675       
# span 10 =    6.76833,    8.16756      
# span 11 =     4.9092,     9.5661      
# span 12 =    -0.1517,    25.1070      
# span 13 =   12.20358,   14.94350      
# span 14 = 2.3114e+00, 2.1091e+03      
# span 15 = 0.0000e+00, 0.0000e+00      
# interval = seconds: 0.25
# start_time = Jun 06 2013 18:09:40 [Instrument's time stamp, header]
# bad_flag = -9.990e-29
*END*
[from data line 362]
        363 157.757760    0.02514     1.5083     90.500      1.849  48336.975    30.3990     7.9259      1.832    6.81217     7.9189    23.6730   12.27638 4.1800e+02 0.0000e+00
        364 157.757763    0.02521     1.5125     90.750      1.934  48339.073    30.3999     7.9224      1.916    6.81267     7.9151    23.6742   12.27719 4.0136e+02 0.0000e+00
        365 157.757766    0.02528     1.5167     91.000      2.031  48340.264    30.4001     7.9191      2.012    6.81318     7.9109    23.6749   12.27804 3.8647e+02 0.0000e+00
        366 157.757769    0.02535     1.5208     91.250      2.147  48342.629    30.4011     7.9152      2.127    6.81374     7.9065    23.6762   12.27894 3.7009e+02 0.0000e+00
        367 157.757772    0.02542     1.5250     91.500      2.281  48345.476    30.4024     7.9110      2.260    6.81432     7.9007    23.6778   12.27989 3.5084e+02 0.0000e+00
        368 157.757775    0.02549     1.5292     91.750      2.428  48345.982    30.4021     7.9067      2.406    6.81502     7.8927    23.6781   12.28104 3.2783e+02 0.0000e+00
        369 157.757778    0.02556     1.5333     92.000      2.582  48346.709    30.4016     7.9009      2.559    6.81593     7.8833    23.6785   12.28257 3.0527e+02 0.0000e+00
        370 157.757781    0.02562     1.5375     92.250      2.737  48351.365    30.4036     7.8929      2.711    6.81709     7.8731    23.6812   12.28446 2.8640e+02 0.0000e+00
        371 157.757784    0.02569     1.5417     92.500      2.885  48358.387    30.4069     7.8836      2.858    6.81840     7.8619    23.6851   12.28658 2.7171e+02 0.0000e+00
        372 157.757786    0.02576     1.5458     92.750      3.025  48365.890    30.4105     7.8734      2.998    6.81982     7.8488    23.6894   12.28889 2.5993e+02 0.0000e+00
        373 157.757789    0.02583     1.5500     93.000      3.163  48373.628    30.4141     7.8622      3.134    6.82140     7.8321    23.6937   12.29147 2.4682e+02 0.0000e+00
        374 157.757792    0.02590     1.5542     93.250      3.303  48380.930    30.4171     7.8491      3.273    6.82330     7.8097    23.6979   12.29458 2.2996e+02 0.0000e+00
        375 157.757795    0.02597     1.5583     93.500      3.449  48388.980    30.4201     7.8324      3.417    6.82577     7.7800    23.7025   12.29862 2.1270e+02 0.0000e+00
        376 157.757798    0.02604     1.5625     93.750      3.598  48400.684    30.4247     7.8100      3.565    6.82905     7.7419    23.7092   12.30400 1.9839e+02 0.0000e+00
        377 157.757801    0.02611     1.5667     94.000      3.746  48418.250    30.4322     7.7803      3.711    6.83335     7.6957    23.7191   12.31103 1.8540e+02 0.0000e+00
        378 157.757804    0.02618     1.5708     94.250      3.888  48443.853    30.4440     7.7422      3.852    6.83878     7.6448    23.7336   12.31986 1.7298e+02 0.0000e+00
        379 157.757807    0.02625     1.5750     94.500      4.023  48480.662    30.4623     7.6960      3.986    6.84518     7.5967    23.7543   12.33022 1.6382e+02 0.0000e+00
        380 157.757810    0.02632     1.5792     94.750      4.148  48530.738    30.4891     7.6452      4.110    6.85194     7.5574    23.7822   12.34107 1.5883e+02 0.0000e+00
        381 157.757813    0.02639     1.5833     95.000      4.262  48585.583    30.5196     7.5970      4.222    6.85813     7.5273    23.8127   12.35093 1.5590e+02 0.0000e+00
        382 157.757815    0.02646     1.5875     95.250      4.361  48631.196    30.5450     7.5578      4.320    6.86314     7.5040    23.8380   12.35891 1.5304e+02 0.0000e+00
        383 157.757818    0.02653     1.5917     95.500      4.446  48665.801    30.5642     7.5277      4.404    6.86701     7.4867    23.8571   12.36508 1.4930e+02 0.0000e+00
        384 157.757821    0.02660     1.5958     95.750      4.523  48693.232    30.5796     7.5044      4.480    6.86998     7.4741    23.8723   12.36979 1.4418e+02 0.0000e+00
        385 157.757824    0.02667     1.6000     96.000      4.603  48712.847    30.5904     7.4872      4.560    6.87220     7.4635    23.8831   12.37334 1.3803e+02 0.0000e+00
        386 157.757827    0.02674     1.6042     96.250      4.702  48724.494    30.5964     7.4745      4.658    6.87393     7.4525    23.8896   12.37611 1.3141e+02 0.0000e+00
        387 157.757830    0.02681     1.6083     96.500      4.828  48730.757    30.5990     7.4639      4.783    6.87548     7.4399    23.8930   12.37865 1.2414e+02 0.0000e+00
        388 157.757833    0.02688     1.6125     96.750      4.983  48736.003    30.6008     7.4529      4.936    6.87713     7.4263    23.8959   12.38135 1.1655e+02 0.0000e+00
        389 157.757836    0.02694     1.6167     97.000      5.158  48744.396    30.6046     7.4404      5.109    6.87894     7.4127    23.9005   12.38430 1.0968e+02 0.0000e+00
        390 157.757839    0.02701     1.6208     97.250      5.339  48755.907    30.6103     7.4268      5.289    6.88082     7.3985    23.9069   12.38735 1.0380e+02 0.0000e+00
        391 157.757841    0.02708     1.6250     97.500      5.511  48767.099    30.6158     7.4131      5.459    6.88273     7.3831    23.9130   12.39045 9.8476e+01 0.0000e+00
        392 157.757844    0.02715     1.6292     97.750      5.659  48777.610    30.6207     7.3990      5.606    6.88474     7.3673    23.9188   12.39371 9.3717e+01 0.0000e+00
        393 157.757847    0.02722     1.6333     98.000      5.778  48791.637    30.6279     7.3836      5.724    6.88686     7.3535    23.9265   12.39712 8.9833e+01 0.0000e+00
        394 157.757850    0.02729     1.6375     98.250      5.874  48809.821    30.6379     7.3678      5.819    6.88890     7.3424    23.9364   12.40037 8.6657e+01 0.0000e+00
        395 157.757853    0.02736     1.6417     98.500      5.961  48826.903    30.6475     7.3540      5.906    6.89065     7.3325    23.9458   12.40314 8.3749e+01 0.0000e+00
        396 157.757856    0.02743     1.6458     98.750      6.054  48840.292    30.6549     7.3429      5.998    6.89209     7.3206    23.9531   12.40543 8.0986e+01 0.0000e+00
        397 157.757859    0.02750     1.6500     99.000      6.162  48849.349    30.6596     7.3330      6.105    6.89344     7.3013    23.9580   12.40761 7.8366e+01 0.0000e+00
        398 157.757862    0.02757     1.6542     99.250      6.290  48855.587    30.6619     7.3211      6.231    6.89522     7.2716    23.9614   12.41053 7.5635e+01 0.0000e+00
        399 157.757865    0.02764     1.6583     99.500      6.435  48868.281    30.6674     7.3019      6.375    6.89803     7.2349    23.9683   12.41511 7.2513e+01 0.0000e+00
        400 157.757867    0.02771     1.6625     99.750      6.590  48896.598    30.6821     7.2722      6.528    6.90208     7.1987    23.9838   12.42162 6.9077e+01 0.0000e+00
        401 157.757870    0.02778     1.6667    100.000      6.744  48939.027    30.7054     7.2355      6.682    6.90686     7.1691    24.0070   12.42924 6.5699e+01 0.0000e+00
        402 157.757873    0.02785     1.6708    100.250      6.891  48984.308    30.7308     7.1993      6.827    6.91147     7.1479    24.0317   12.43654 6.2741e+01 0.0000e+00
        403 157.757876    0.02792     1.6750    100.500      7.025  49023.890    30.7533     7.1697      6.959    6.91516     7.1336    24.0533   12.44236 6.0337e+01 0.0000e+00
        404 157.757879    0.02799     1.6792    100.750      7.145  49055.863    30.7719     7.1486      7.078    6.91769     7.1236    24.0707   12.44630 5.8367e+01 0.0000e+00
        405 157.757882    0.02806     1.6833    101.000      7.256  49078.626    30.7853     7.1343      7.187    6.91936     7.1157    24.0830   12.44890 5.6478e+01 0.0000e+00
        406 157.757885    0.02813     1.6875    101.250      7.368  49093.053    30.7936     7.1243      7.299    6.92057     7.1082    24.0909   12.45081 5.4243e+01 0.0000e+00
        407 157.757888    0.02819     1.6917    101.500      7.498  49102.846    30.7990     7.1163      7.428    6.92159     7.1003    24.0962   12.45243 5.1468e+01 0.0000e+00
        408 157.757891    0.02826     1.6958    101.750      7.654  49110.741    30.8031     7.1089      7.582    6.92260     7.0913    24.1004   12.45404 4.8284e+01 0.0000e+00
        409 157.757894    0.02833     1.7000    102.000      7.834  49118.393    30.8070     7.1009      7.761    6.92369     7.0818    24.1045   12.45580 4.5008e+01 0.0000e+00
        410 157.757896    0.02840     1.7042    102.250      8.029  49127.392    30.8116     7.0920      7.954    6.92490     7.0726    24.1093   12.45774 4.1949e+01 0.0000e+00
        411 157.757899    0.02847     1.7083    102.500      8.227  49138.216    30.8174     7.0825      8.151    6.92616     7.0645    24.1151   12.45976 3.9274e+01 0.0000e+00
        412 157.757902    0.02854     1.7125    102.750      8.417  49149.330    30.8235     7.0733      8.339    6.92735     7.0579    24.1211   12.46165 3.7047e+01 0.0000e+00
        413 157.757905    0.02861     1.7167    103.000      8.590  49159.257    30.8290     7.0653      8.510    6.92838     7.0525    24.1265   12.46329 3.5277e+01 0.0000e+00
        414 157.757908    0.02868     1.7208    103.250      8.743  49167.337    30.8334     7.0587      8.662    6.92924     7.0477    24.1308   12.46464 3.3865e+01 0.0000e+00
        415 157.757911    0.02875     1.7250    103.500      8.883  49173.577    30.8367     7.0533      8.800    6.92995     7.0433    24.1341   12.46578 3.2632e+01 0.0000e+00
        416 157.757914    0.02882     1.7292    103.750      9.021  49178.683    30.8394     7.0485      8.937    6.93060     7.0387    24.1368   12.46681 3.1431e+01 0.0000e+00
        417 157.757917    0.02889     1.7333    104.000      9.167  49182.713    30.8414     7.0440      9.081    6.93122     7.0326    24.1390   12.46781 3.0184e+01 0.0000e+00
        418 157.757920    0.02896     1.7375    104.250      9.327  49185.394    30.8424     7.0395      9.240    6.93191     7.0234    24.1404   12.46894 2.8854e+01 0.0000e+00
        419 157.757922    0.02903     1.7417    104.500      9.503  49188.319    30.8433     7.0334      9.414    6.93285     7.0112    24.1419   12.47048 2.7420e+01 0.0000e+00
        420 157.757925    0.02910     1.7458    104.750      9.693  49194.568    30.8460     7.0242      9.603    6.93419     6.9962    24.1452   12.47266 2.5884e+01 0.0000e+00
        421 157.757928    0.02917     1.7500    105.000      9.896  49204.444    30.8506     7.0120      9.803    6.93593     6.9779    24.1504   12.47550 2.4279e+01 0.0000e+00
        422 157.757931    0.02924     1.7542    105.250     10.107  49216.162    30.8561     6.9970     10.012    6.93809     6.9567    24.1566   12.47900 2.2659e+01 0.0000e+00
        423 157.757934    0.02931     1.7583    105.500     10.321  49231.340    30.8634     6.9788     10.224    6.94068     6.9341    24.1647   12.48319 2.1093e+01 0.0000e+00
        424 157.757937    0.02937     1.7625    105.750     10.537  49251.244    30.8735     6.9576     10.438    6.94363     6.9116    24.1754   12.48794 1.9638e+01 0.0000e+00
        425 157.757940    0.02944     1.7667    106.000     10.752  49273.245    30.8848     6.9351     10.652    6.94673     6.8899    24.1872   12.49294 1.8314e+01 0.0000e+00
        426 157.757943    0.02951     1.7708    106.250     10.969  49295.594    30.8963     6.9126     10.866    6.94982     6.8700    24.1991   12.49790 1.7109e+01 0.0000e+00
        427 157.757946    0.02958     1.7750    106.500     11.188  49318.293    30.9082     6.8909     11.083    6.95277     6.8526    24.2113   12.50262 1.6000e+01 0.0000e+00
        428 157.757948    0.02965     1.7792    106.750     11.412  49339.923    30.9196     6.8710     11.305    6.95546     6.8371    24.2228   12.50692 1.4977e+01 0.0000e+00
        429 157.757951    0.02972     1.7833    107.000     11.639  49358.336    30.9293     6.8535     11.529    6.95783     6.8218    24.2326   12.51072 1.4042e+01 0.0000e+00
        430 157.757954    0.02979     1.7875    107.250     11.865  49372.748    30.9365     6.8381     11.753    6.95999     6.8035    24.2403   12.51420 1.3203e+01 0.0000e+00
        431 157.757957    0.02986     1.7917    107.500     12.085  49383.349    30.9410     6.8228     11.972    6.96224     6.7798    24.2458   12.51787 1.2459e+01 0.0000e+00
        432 157.757960    0.02993     1.7958    107.750     12.295  49394.636    30.9455     6.8046     12.180    6.96499     6.7515    24.2517   12.52235 1.1800e+01 0.0000e+00
        433 157.757963    0.03000     1.8000    108.000     12.494  49413.603    30.9544     6.7809     12.377    6.96842     6.7199    24.2617   12.52791 1.1221e+01 0.0000e+00
        434 157.757966    0.03007     1.8042    108.250     12.677  49438.290    30.9664     6.7526     12.558    6.97245     6.6842    24.2748   12.53444 1.0713e+01 0.0000e+00
        435 157.757969    0.03014     1.8083    108.500     12.844  49463.808    30.9784     6.7210     12.723    6.97702     6.6439    24.2882   12.54185 1.0263e+01 0.0000e+00
        436 157.757972    0.03021     1.8125    108.750     12.999  49492.717    30.9920     6.6853     12.877    6.98220     6.5983    24.3034   12.55023 9.8394e+00 0.0000e+00
        437 157.757975    0.03028     1.8167    109.000     13.152  49525.310    31.0072     6.6450     13.029    6.98808     6.5441    24.3204   12.55975 9.4020e+00 0.0000e+00
        438 157.757977    0.03035     1.8208    109.250     13.317  49557.477    31.0212     6.5994     13.192    6.99487     6.4752    24.3370   12.57082 8.9248e+00 0.0000e+00
        439 157.757980    0.03042     1.8250    109.500     13.501  49589.879    31.0336     6.5452     13.375    7.00318     6.3845    24.3535   12.58440 8.4157e+00 0.0000e+00
        440 157.757983    0.03049     1.8292    109.750     13.706  49626.746    31.0463     6.4763     13.578    7.01391     6.2660    24.3720   12.60197 7.9028e+00 0.0000e+00
        441 157.757986    0.03056     1.8333    110.000     13.925  49676.071    31.0634     6.3856     13.794    7.02805     6.1230    24.3965   12.62512 7.4203e+00 0.0000e+00
        442 157.757989    0.03062     1.8375    110.250     14.145  49757.740    31.0975     6.2671     14.012    7.04603     5.9711    24.4378   12.65441 6.9979e+00 0.0000e+00
        443 157.757992    0.03069     1.8417    110.500     14.352  49885.135    31.1584     6.1241     14.218    7.06688     5.8278    24.5030   12.68808 6.6532e+00 0.0000e+00
        444 157.757995    0.03076     1.8458    110.750     14.536  50044.841    31.2396     5.9722     14.399    7.08834     5.7053    24.5852   12.72251 6.3920e+00 0.0000e+00
        445 157.757998    0.03083     1.8500    111.000     14.687  50212.770    31.3277     5.8289     14.549    7.10811     5.6094    24.6717   12.75407 6.2088e+00 0.0000e+00
        446 157.758001    0.03090     1.8542    111.250     14.806  50368.607    31.4111     5.7064     14.667    7.12469     5.5396    24.7520   12.78041 6.0826e+00 0.0000e+00
        447 157.758003    0.03097     1.8583    111.500     14.901  50496.738    31.4805     5.6105     14.761    7.13751     5.4894    24.8180   12.80071 5.9833e+00 0.0000e+00
        448 157.758006    0.03104     1.8625    111.750     14.987  50588.358    31.5298     5.5408     14.847    7.14691     5.4493    24.8650   12.81561 5.8810e+00 0.0000e+00
        449 157.758009    0.03111     1.8667    112.000     15.083  50646.097    31.5595     5.4906     14.941    7.15397     5.4120    24.8943   12.82688 5.7530e+00 0.0000e+00
        450 157.758012    0.03118     1.8708    112.250     15.200  50683.921    31.5774     5.4504     15.057    7.15990     5.3749    24.9131   12.83646 5.5916e+00 0.0000e+00
        451 157.758015    0.03125     1.8750    112.500     15.343  50716.046    31.5919     5.4131     15.198    7.16554     5.3378    24.9287   12.84558 5.4022e+00 0.0000e+00
