CTD-processing/allCTD/CNV--turbid/2013-04-20-cookinlet-trans7-cast105-s24.cnv
* Sea-Bird SBE19plus Data File:
* FileName = C:\Documents and Settings\kris.holderied.local\My Documents\2012-2013-CTD-DATA-new-files\2013-04-EVOSTC-CookInlet-Ocean\2013-04-CookInlet-Tran7-Augustine\2013-04-20-CookInlet-Trans7-Cast105.hex
* Software Version 1.54
* Temperature SN =  5028
* Conductivity SN =  5028
* System UpLoad Time = Apr 20 2013 15:11:01
** Cook Inlet LTM Tran7 Augustine to Flat Island
** Date:  2013-04-20
** Station:  7-24
** Start time (AKDT-24 hr):  1403
** Depth (m): 23
** Comment: Short cast/ alf off bottom; big currents.
** Comment:
# nquan = 16
# nvalues = 475                         
# units = specified
# name 0 = scan: Scan Count
# name 1 = timeJ: Julian Days
# name 2 = timeH: Time, Elapsed [hours]
# name 3 = timeM: Time, Elapsed [minutes]
# name 4 = timeS: Time, Elapsed [seconds]
# name 5 = prdM: Pressure, Strain Gauge [db]
# name 6 = specc: Specific Conductance [uS/cm]
# name 7 = sal00: Salinity, Practical [PSU]
# name 8 = tv290C: Temperature [ITS-90, deg C]
# name 9 = depSM: Depth [salt water, m], lat = 59.00
# name 10 = oxsolML/L: Oxygen Saturation, Garcia & Gordon [ml/l]
# name 11 = potemp090C: Potential Temperature [ITS-90, deg C]
# name 12 = sigma-é00: Density [sigma-theta, kg/m^3]
# name 13 = n2satML/L: Nitrogen Saturation [ml/l]
# name 14 = par: PAR/Irradiance, Biospherical/Licor
# name 15 = flag:  0.000e+00
# span 0 =          1,        475       
# span 1 = 110.585938, 110.587309       
# span 2 =    0.00000,    0.03292       
# span 3 =     0.0000,     1.9750       
# span 4 =      0.000,    118.500       
# span 5 =      0.112,     23.110       
# span 6 =     20.519,  51717.616       
# span 7 =     0.0089,    31.9329       
# span 8 =     3.8291,     3.9514       
# span 9 =      0.111,     22.893       
# span 10 =    7.42159,    9.18410      
# span 11 =     3.8284,     3.9514      
# span 12 =    -0.0179,    25.3612      
# span 13 =   13.26407,   16.67136      
# span 14 = 1.3696e+01, 4.0879e+02      
# span 15 = 0.0000e+00, 0.0000e+00      
# interval = seconds: 0.25
# start_time = Apr 20 2013 14:03:45 [Instrument's time stamp, header]
# bad_flag = -9.990e-29
*END*
[from data line 181]
        182 110.586461    0.01257     0.7542     45.250      1.554  51696.819    31.9161     3.8383      1.540    7.42647     3.8387    25.3491   13.27214 1.8956e+02 0.0000e+00
        183 110.586464    0.01264     0.7583     45.500      1.575  51698.086    31.9170     3.8385      1.561    7.42639     3.8391    25.3498   13.27201 1.9210e+02 0.0000e+00
        184 110.586467    0.01271     0.7625     45.750      1.600  51700.292    31.9186     3.8388      1.585    7.42626     3.8397    25.3511   13.27178 1.9340e+02 0.0000e+00
        185 110.586470    0.01278     0.7667     46.000      1.623  51703.614    31.9209     3.8392      1.608    7.42607     3.8406    25.3529   13.27142 1.9290e+02 0.0000e+00
        186 110.586473    0.01285     0.7708     46.250      1.641  51707.633    31.9238     3.8398      1.626    7.42581     3.8420    25.3551   13.27096 1.8994e+02 0.0000e+00
        187 110.586476    0.01292     0.7750     46.500      1.652  51711.005    31.9263     3.8407      1.637    7.42551     3.8439    25.3570   13.27044 1.8570e+02 0.0000e+00
        188 110.586479    0.01299     0.7792     46.750      1.658  51712.274    31.9275     3.8421      1.642    7.42520     3.8459    25.3579   13.26990 1.8256e+02 0.0000e+00
        189 110.586481    0.01306     0.7833     47.000      1.658  51711.050    31.9271     3.8440      1.642    7.42488     3.8478    25.3574   13.26938 1.8211e+02 0.0000e+00
        190 110.586484    0.01313     0.7875     47.250      1.654  51708.097    31.9256     3.8460      1.639    7.42459     3.8493    25.3560   13.26892 1.8531e+02 0.0000e+00
        191 110.586487    0.01319     0.7917     47.500      1.649  51704.566    31.9237     3.8479      1.634    7.42434     3.8503    25.3543   13.26854 1.9048e+02 0.0000e+00
        192 110.586490    0.01326     0.7958     47.750      1.643  51701.457    31.9220     3.8494      1.628    7.42416     3.8509    25.3527   13.26826 1.9387e+02 0.0000e+00
        193 110.586493    0.01333     0.8000     48.000      1.634  51699.424    31.9208     3.8504      1.619    7.42403     3.8512    25.3517   13.26807 1.9502e+02 0.0000e+00
        194 110.586496    0.01340     0.8042     48.250      1.622  51698.429    31.9203     3.8510      1.607    7.42395     3.8514    25.3512   13.26794 1.9681e+02 0.0000e+00
        195 110.586499    0.01347     0.8083     48.500      1.606  51697.869    31.9200     3.8513      1.591    7.42390     3.8514    25.3510   13.26787 2.0016e+02 0.0000e+00
        196 110.586502    0.01354     0.8125     48.750      1.588  51697.188    31.9196     3.8515      1.573    7.42390     3.8515    25.3506   13.26787 2.0293e+02 0.0000e+00
        197 110.586505    0.01361     0.8167     49.000      1.569  51696.024    31.9188     3.8515      1.554    7.42393     3.8513    25.3500   13.26792 2.0310e+02 0.0000e+00
        198 110.586508    0.01368     0.8208     49.250      1.553  51694.223    31.9176     3.8516      1.539    7.42399     3.8508    25.3491   13.26804 2.0129e+02 0.0000e+00
        199 110.586510    0.01375     0.8250     49.500      1.544  51692.160    31.9162     3.8514      1.529    7.42409     3.8497    25.3479   13.26823 2.0015e+02 0.0000e+00
        200 110.586513    0.01382     0.8292     49.750      1.543  51690.579    31.9150     3.8509      1.528    7.42425     3.8483    25.3470   13.26851 2.0151e+02 0.0000e+00
        201 110.586516    0.01389     0.8333     50.000      1.551  51690.087    31.9144     3.8498      1.537    7.42446     3.8467    25.3466   13.26887 2.0397e+02 0.0000e+00
        202 110.586519    0.01396     0.8375     50.250      1.568  51691.092    31.9147     3.8484      1.553    7.42471     3.8453    25.3470   13.26927 2.0514e+02 0.0000e+00
        203 110.586522    0.01403     0.8417     50.500      1.589  51693.811    31.9161     3.8468      1.574    7.42492     3.8445    25.3483   13.26960 2.0513e+02 0.0000e+00
        204 110.586525    0.01410     0.8458     50.750      1.612  51698.066    31.9187     3.8455      1.596    7.42503     3.8443    25.3505   13.26975 2.0468e+02 0.0000e+00
        205 110.586528    0.01417     0.8500     51.000      1.631  51703.142    31.9220     3.8446      1.616    7.42502     3.8449    25.3532   13.26969 2.0384e+02 0.0000e+00
        206 110.586531    0.01424     0.8542     51.250      1.646  51707.740    31.9250     3.8444      1.631    7.42490     3.8463    25.3556   13.26945 2.0354e+02 0.0000e+00
        207 110.586534    0.01431     0.8583     51.500      1.657  51710.264    31.9269     3.8450      1.641    7.42471     3.8482    25.3571   13.26911 2.0480e+02 0.0000e+00
        208 110.586536    0.01438     0.8625     51.750      1.663  51709.805    31.9269     3.8464      1.647    7.42446     3.8501    25.3570   13.26870 2.0662e+02 0.0000e+00
        209 110.586539    0.01444     0.8667     52.000      1.665  51706.820    31.9253     3.8483      1.650    7.42419     3.8518    25.3555   13.26828 2.0683e+02 0.0000e+00
        210 110.586542    0.01451     0.8708     52.250      1.668  51702.499    31.9229     3.8503      1.652    7.42396     3.8529    25.3534   13.26792 2.0502e+02 0.0000e+00
        211 110.586545    0.01458     0.8750     52.500      1.673  51698.070    31.9202     3.8519      1.657    7.42379     3.8536    25.3511   13.26769 2.0297e+02 0.0000e+00
        212 110.586548    0.01465     0.8792     52.750      1.680  51694.624    31.9182     3.8530      1.664    7.42369     3.8541    25.3494   13.26755 2.0321e+02 0.0000e+00
        213 110.586551    0.01472     0.8833     53.000      1.688  51692.861    31.9172     3.8537      1.672    7.42362     3.8543    25.3485   13.26743 2.0656e+02 0.0000e+00
        214 110.586554    0.01479     0.8875     53.250      1.693  51692.909    31.9173     3.8542      1.677    7.42353     3.8546    25.3485   13.26729 2.1008e+02 0.0000e+00
        215 110.586557    0.01486     0.8917     53.500      1.691  51694.329    31.9183     3.8544      1.675    7.42343     3.8549    25.3493   13.26711 2.1085e+02 0.0000e+00
        216 110.586560    0.01493     0.8958     53.750      1.679  51696.177    31.9196     3.8547      1.664    7.42332     3.8554    25.3503   13.26691 2.1014e+02 0.0000e+00
        217 110.586563    0.01500     0.9000     54.000      1.658  51697.211    31.9204     3.8550      1.643    7.42322     3.8558    25.3509   13.26673 2.1043e+02 0.0000e+00
        218 110.586565    0.01507     0.9042     54.250      1.630  51696.473    31.9201     3.8555      1.616    7.42315     3.8559    25.3506   13.26663 2.1232e+02 0.0000e+00
        219 110.586568    0.01514     0.9083     54.500      1.600  51693.982    31.9185     3.8559      1.585    7.42315     3.8554    25.3493   13.26664 2.1457e+02 0.0000e+00
        220 110.586571    0.01521     0.9125     54.750      1.573  51690.880    31.9164     3.8560      1.558    7.42324     3.8541    25.3477   13.26682 2.1545e+02 0.0000e+00
        221 110.586574    0.01528     0.9167     55.000      1.557  51688.595    31.9147     3.8555      1.542    7.42342     3.8522    25.3464   13.26715 2.1501e+02 0.0000e+00
        222 110.586577    0.01535     0.9208     55.250      1.554  51687.922    31.9139     3.8542      1.540    7.42370     3.8501    25.3459   13.26761 2.1493e+02 0.0000e+00
        223 110.586580    0.01542     0.9250     55.500      1.564  51689.300    31.9144     3.8523      1.550    7.42402     3.8485    25.3464   13.26813 2.1605e+02 0.0000e+00
        224 110.586583    0.01549     0.9292     55.750      1.581  51693.080    31.9165     3.8502      1.567    7.42428     3.8476    25.3483   13.26854 2.1674e+02 0.0000e+00
        225 110.586586    0.01556     0.9333     56.000      1.600  51699.084    31.9202     3.8486      1.585    7.42440     3.8478    25.3514   13.26868 2.1558e+02 0.0000e+00
        226 110.586589    0.01563     0.9375     56.250      1.616  51706.074    31.9247     3.8477      1.601    7.42433     3.8492    25.3551   13.26851 2.1399e+02 0.0000e+00
        227 110.586591    0.01569     0.9417     56.500      1.626  51711.445    31.9284     3.8479      1.611    7.42411     3.8518    25.3580   13.26809 2.1394e+02 0.0000e+00
        228 110.586594    0.01576     0.9458     56.750      1.630  51712.712    31.9296     3.8493      1.615    7.42378     3.8549    25.3588   13.26754 2.1527e+02 0.0000e+00
        229 110.586597    0.01583     0.9500     57.000      1.629  51709.655    31.9282     3.8519      1.614    7.42339     3.8577    25.3574   13.26692 2.1638e+02 0.0000e+00
        230 110.586600    0.01590     0.9542     57.250      1.626  51703.823    31.9249     3.8550      1.611    7.42300     3.8599    25.3546   13.26631 2.1652e+02 0.0000e+00
        231 110.586603    0.01597     0.9583     57.500      1.626  51696.955    31.9210     3.8578      1.610    7.42268     3.8611    25.3511   13.26583 2.1530e+02 0.0000e+00
        232 110.586606    0.01604     0.9625     57.750      1.632  51690.750    31.9173     3.8600      1.616    7.42247     3.8613    25.3480   13.26555 2.1344e+02 0.0000e+00
        233 110.586609    0.01611     0.9667     58.000      1.644  51686.820    31.9149     3.8612      1.629    7.42238     3.8609    25.3460   13.26542 2.1381e+02 0.0000e+00
        234 110.586612    0.01618     0.9708     58.250      1.661  51685.934    31.9143     3.8614      1.646    7.42235     3.8603    25.3455   13.26539 2.1721e+02 0.0000e+00
        235 110.586615    0.01625     0.9750     58.500      1.678  51687.648    31.9154     3.8610      1.662    7.42237     3.8599    25.3464   13.26541 2.2122e+02 0.0000e+00
        236 110.586617    0.01632     0.9792     58.750      1.689  51690.987    31.9175     3.8604      1.673    7.42238     3.8597    25.3481   13.26539 2.2376e+02 0.0000e+00
        237 110.586620    0.01639     0.9833     59.000      1.692  51694.980    31.9201     3.8600      1.676    7.42233     3.8601    25.3502   13.26528 2.2462e+02 0.0000e+00
        238 110.586623    0.01646     0.9875     59.250      1.686  51698.297    31.9223     3.8598      1.670    7.42224     3.8608    25.3520   13.26510 2.2486e+02 0.0000e+00
        239 110.586626    0.01653     0.9917     59.500      1.673  51699.375    31.9232     3.8602      1.657    7.42214     3.8613    25.3527   13.26492 2.2466e+02 0.0000e+00
        240 110.586629    0.01660     0.9958     59.750      1.656  51697.607    31.9221     3.8609      1.641    7.42207     3.8613    25.3518   13.26481 2.2299e+02 0.0000e+00
        241 110.586632    0.01667     1.0000     60.000      1.641  51694.108    31.9199     3.8614      1.626    7.42208     3.8603    25.3499   13.26486 2.1972e+02 0.0000e+00
        242 110.586635    0.01674     1.0042     60.250      1.630  51690.912    31.9177     3.8614      1.615    7.42220     3.8583    25.3482   13.26509 2.1627e+02 0.0000e+00
        243 110.586638    0.01681     1.0083     60.500      1.625  51689.556    31.9165     3.8604      1.610    7.42244     3.8557    25.3474   13.26550 2.1516e+02 0.0000e+00
        244 110.586641    0.01688     1.0125     60.750      1.625  51690.594    31.9168     3.8584      1.609    7.42279     3.8531    25.3478   13.26607 2.1821e+02 0.0000e+00
        245 110.586644    0.01694     1.0167     61.000      1.627  51693.882    31.9184     3.8558      1.612    7.42318     3.8511    25.3493   13.26670 2.2289e+02 0.0000e+00
        246 110.586646    0.01701     1.0208     61.250      1.631  51699.110    31.9213     3.8532      1.616    7.42350     3.8500    25.3518   13.26719 2.2484e+02 0.0000e+00
        247 110.586649    0.01708     1.0250     61.500      1.633  51705.558    31.9252     3.8512      1.618    7.42367     3.8499    25.3551   13.26742 2.2431e+02 0.0000e+00
        248 110.586652    0.01715     1.0292     61.750      1.633  51711.697    31.9291     3.8501      1.618    7.42368     3.8509    25.3583   13.26739 2.2367e+02 0.0000e+00
        249 110.586655    0.01722     1.0333     62.000      1.629  51715.819    31.9319     3.8500      1.614    7.42355     3.8527    25.3606   13.26714 2.2347e+02 0.0000e+00
        250 110.586658    0.01729     1.0375     62.250      1.625  51716.881    31.9329     3.8510      1.610    7.42332     3.8546    25.3612   13.26674 2.2380e+02 0.0000e+00
        251 110.586661    0.01736     1.0417     62.500      1.620  51715.171    31.9321     3.8528      1.605    7.42303     3.8563    25.3605   13.26628 2.2479e+02 0.0000e+00
        252 110.586664    0.01743     1.0458     62.750      1.617  51712.066    31.9305     3.8547      1.602    7.42276     3.8575    25.3590   13.26585 2.2629e+02 0.0000e+00
        253 110.586667    0.01750     1.0500     63.000      1.615  51709.170    31.9289     3.8564      1.600    7.42254     3.8585    25.3576   13.26551 2.2828e+02 0.0000e+00
        254 110.586670    0.01757     1.0542     63.250      1.613  51707.451    31.9280     3.8576      1.598    7.42236     3.8596    25.3568   13.26522 2.3094e+02 0.0000e+00
        255 110.586672    0.01764     1.0583     63.500      1.608  51706.574    31.9277     3.8586      1.594    7.42219     3.8608    25.3564   13.26495 2.3395e+02 0.0000e+00
        256 110.586675    0.01771     1.0625     63.750      1.600  51705.406    31.9272     3.8597      1.586    7.42204     3.8623    25.3559   13.26470 2.3598e+02 0.0000e+00
        257 110.586678    0.01778     1.0667     64.000      1.590  51703.000    31.9259     3.8609      1.575    7.42187     3.8637    25.3547   13.26445 2.3663e+02 0.0000e+00
        258 110.586681    0.01785     1.0708     64.250      1.580  51699.081    31.9236     3.8624      1.566    7.42171     3.8646    25.3528   13.26421 2.3723e+02 0.0000e+00
        259 110.586684    0.01792     1.0750     64.500      1.574  51694.188    31.9206     3.8638      1.560    7.42160     3.8645    25.3502   13.26407 2.3807e+02 0.0000e+00
        260 110.586687    0.01799     1.0792     64.750      1.577  51689.578    31.9177     3.8647      1.562    7.42159     3.8631    25.3478   13.26409 2.3759e+02 0.0000e+00
        261 110.586690    0.01806     1.0833     65.000      1.588  51686.703    31.9157     3.8646      1.573    7.42172     3.8605    25.3462   13.26432 2.3510e+02 0.0000e+00
        262 110.586693    0.01812     1.0875     65.250      1.605  51686.373    31.9151     3.8632      1.590    7.42200     3.8574    25.3459   13.26479 2.3235e+02 0.0000e+00
        263 110.586696    0.01819     1.0917     65.500      1.622  51688.626    31.9160     3.8606      1.607    7.42242     3.8545    25.3469   13.26547 2.3143e+02 0.0000e+00
        264 110.586698    0.01826     1.0958     65.750      1.631  51693.339    31.9184     3.8575      1.616    7.42286     3.8525    25.3491   13.26617 2.3204e+02 0.0000e+00
        265 110.586701    0.01833     1.1000     66.000      1.622  51700.193    31.9224     3.8546      1.606    7.42318     3.8517    25.3525   13.26665 2.3322e+02 0.0000e+00
        266 110.586704    0.01840     1.1042     66.250      1.590  51707.364    31.9268     3.8526      1.575    7.42333     3.8520    25.3562   13.26683 2.3572e+02 0.0000e+00
        267 110.586707    0.01847     1.1083     66.500      1.538  51711.542    31.9295     3.8518      1.524    7.42335     3.8530    25.3584   13.26682 2.4038e+02 0.0000e+00
        268 110.586710    0.01854     1.1125     66.750      1.473  51710.586    31.9289     3.8521      1.459    7.42332     3.8537    25.3580   13.26678 2.4629e+02 0.0000e+00
        269 110.586713    0.01861     1.1167     67.000      1.403  51705.369    31.9256     3.8531      1.389    7.42331     3.8535    25.3553   13.26681 2.5132e+02 0.0000e+00
        270 110.586716    0.01868     1.1208     67.250      1.337  51698.677    31.9213     3.8538      1.325    7.42339     3.8522    25.3517   13.26701 2.5305e+02 0.0000e+00
        271 110.586719    0.01875     1.1250     67.500      1.286  51692.988    31.9174     3.8536      1.274    7.42362     3.8500    25.3487   13.26744 2.5132e+02 0.0000e+00
