CTD-processing/allCTD/CNV--turbid/2013_10-29_t4_s03_cast125.cnv
* Sea-Bird SBE19plus Data File:
* FileName = C:\Users\kris.holderied\Documents\kasitsna\Research-Projects-and-Data\Oceanography-AK\CTD-CookInlet-GulfWatchAK\2013-10-11-EVOSTC-CookInlet-Ocean\2013-10-29-CookInlet-Tran4-Barabara\2013-10-29-CookInlet-Tran4-cast125.hex
* Software Version 1.59
* Temperature SN =  5028
* Conductivity SN =  5028
* System UpLoad Time = Feb 14 2014 21:26:27
** Cook Inlet Transect 4 (Barabara) north to south
** Date: 2013-10-29
** Station: 4-03
** Start time: 12:50
** Depth (m): 108
** Comment:  CTD instrument time is AK Daylight time
** Comment:
# nquan = 16
# nvalues = 736                         
# units = specified
# name 0 = scan: Scan Count
# name 1 = timeJ: Julian Days
# name 2 = timeH: Time, Elapsed [hours]
# name 3 = timeM: Time, Elapsed [minutes]
# name 4 = timeS: Time, Elapsed [seconds]
# name 5 = prdM: Pressure, Strain Gauge [db]
# name 6 = specc: Specific Conductance [uS/cm]
# name 7 = sal00: Salinity, Practical [PSU]
# name 8 = tv290C: Temperature [ITS-90, deg C]
# name 9 = depSM: Depth [salt water, m], lat = 59.00
# name 10 = oxsolML/L: Oxygen Saturation, Garcia & Gordon [ml/l]
# name 11 = potemp090C: Potential Temperature [ITS-90, deg C]
# name 12 = sigma-é00: Density [sigma-theta, kg/m^3]
# name 13 = n2satML/L: Nitrogen Saturation [ml/l]
# name 14 = par: PAR/Irradiance, Biospherical/Licor
# name 15 = flag:  0.000e+00
# span 0 =          1,        736       
# span 1 = 302.535984, 302.538111       
# span 2 =    0.00000,    0.05104       
# span 3 =     0.0000,     3.0625       
# span 4 =      0.000,    183.750       
# span 5 =     -0.192,    108.009       
# span 6 =    354.563,  48516.186       
# span 7 =     0.1682,    30.6070       
# span 8 =     7.8976,     9.0035       
# span 9 =     -0.190,    106.971       
# span 10 =    6.66367,    8.29891      
# span 11 =     7.8979,     9.0024      
# span 12 =    -0.0096,    23.7123      
# span 13 =   12.02884,   15.18056      
# span 14 = 4.4867e-02, 1.3747e+02      
# span 15 = 0.0000e+00, 0.0000e+00      
# interval = seconds: 0.25
# start_time = Oct 29 2013 12:51:49 [Instrument's time stamp, header]
# bad_flag = -9.990e-29
*END*
          1 302.535984    0.00000     0.0000      0.000     -0.182    354.563     0.1682     7.8976     -0.181    8.29891     7.8979    -0.0096   15.18056 6.6014e+01 0.0000e+00
          2 302.535987    0.00007     0.0042      0.250     -0.184    425.558     0.2037     7.8977     -0.182    8.29698     7.8980     0.0186   15.17676 7.2870e+01 0.0000e+00
          3 302.535990    0.00014     0.0083      0.500     -0.186    543.466     0.2628     7.8979     -0.184    8.29378     7.8981     0.0654   15.17046 8.0980e+01 0.0000e+00
          4 302.535992    0.00021     0.0125      0.750     -0.187    732.246     0.3577     7.8980     -0.185    8.28866     7.8982     0.1404   15.16037 8.8905e+01 0.0000e+00
          5 302.535995    0.00028     0.0167      1.000     -0.189   1008.928     0.4974     7.8981     -0.187    8.28113     7.8984     0.2511   15.14552 9.5732e+01 0.0000e+00
          6 302.535998    0.00035     0.0208      1.250     -0.190   1352.380     0.6724     7.8982     -0.188    8.27171     7.8986     0.3895   15.12696 1.0156e+02 0.0000e+00
          7 302.536001    0.00042     0.0250      1.500     -0.191   1715.617     0.8597     7.8984     -0.189    8.26165     7.8989     0.5376   15.10711 1.0693e+02 0.0000e+00
          8 302.536004    0.00049     0.0292      1.750     -0.191   2091.970     1.0563     7.8986     -0.189    8.25109     7.8995     0.6929   15.08631 1.1192e+02 0.0000e+00
          9 302.536007    0.00056     0.0333      2.000     -0.191   2487.614     1.2655     7.8989     -0.189    8.23986     7.9003     0.8580   15.06419 1.1624e+02 0.0000e+00
         10 302.536010    0.00063     0.0375      2.250     -0.192   2847.581     1.4579     7.8995     -0.190    8.22952     7.9017     1.0098   15.04385 1.1961e+02 0.0000e+00
         11 302.536013    0.00069     0.0417      2.500     -0.192   3100.530     1.5956     7.9003     -0.190    8.22210     7.9041     1.1182   15.02928 1.2246e+02 0.0000e+00
         12 302.536016    0.00076     0.0458      2.750     -0.191   3249.701     1.6805     7.9017     -0.190    8.21747     7.9080     1.1848   15.02024 1.2577e+02 0.0000e+00
         13 302.536019    0.00083     0.0500      3.000     -0.191   3382.689     1.7611     7.9041     -0.189    8.21300     7.9145     1.2478   15.01161 1.2907e+02 0.0000e+00
         14 302.536021    0.00090     0.0542      3.250     -0.191   3588.179     1.8878     7.9080     -0.189    8.20598     7.9253     1.3467   14.99806 1.3113e+02 0.0000e+00
         15 302.536024    0.00097     0.0583      3.500     -0.189   3928.160     2.0983     7.9145     -0.187    8.19431     7.9434     1.5108   14.97554 1.3222e+02 0.0000e+00
         16 302.536027    0.00104     0.0625      3.750     -0.187   4530.036     2.4683     7.9253     -0.185    8.17385     7.9734     1.7996   14.93599 1.3299e+02 0.0000e+00
         17 302.536030    0.00111     0.0667      4.000     -0.182   5595.273     3.1185     7.9434     -0.180    8.13796     8.0232     2.3073   14.86656 1.3370e+02 0.0000e+00
         18 302.536033    0.00118     0.0708      4.250     -0.174   7350.917     4.1916     7.9734     -0.172    8.07874     8.1012     3.1451   14.75201 1.3446e+02 0.0000e+00
         19 302.536036    0.00125     0.0750      4.500     -0.161  10132.023     5.9017     8.0232     -0.159    7.98423     8.2025     4.4798   14.56937 1.3509e+02 0.0000e+00
         20 302.536039    0.00132     0.0792      4.750     -0.142  14495.934     8.6040     8.1012     -0.140    7.83562     8.3063     6.5880   14.28220 1.3539e+02 0.0000e+00
         21 302.536042    0.00139     0.0833      5.000     -0.119  20489.716    12.3603     8.2025     -0.118    7.63223     8.3944     9.5174   13.88911 1.3551e+02 0.0000e+00
         22 302.536045    0.00146     0.0875      5.250     -0.099  26704.553    16.3236     8.3063     -0.097    7.42143     8.4613    12.6068   13.48204 1.3584e+02 0.0000e+00
         23 302.536047    0.00153     0.0917      5.500     -0.084  30950.573    19.0756     8.3944     -0.083    7.27429     8.5086    14.7497   13.19901 1.3657e+02 0.0000e+00
         24 302.536050    0.00160     0.0958      5.750     -0.078  31739.449    19.5962     8.4613     -0.077    7.23752     8.5388    15.1504   13.13062 1.3728e+02 0.0000e+00
         25 302.536053    0.00167     0.1000      6.000     -0.081  28777.916    17.6809     8.5086     -0.081    7.31952     8.5536    13.6497   13.29331 1.3747e+02 0.0000e+00
         26 302.536056    0.00174     0.1042      6.250     -0.091  23023.872    13.9948     8.5388     -0.090    7.49002     8.5544    10.7671   13.62848 1.3717e+02 0.0000e+00
         27 302.536059    0.00181     0.1083      6.500     -0.104  16678.333     9.9960     8.5536     -0.103    7.68076     8.5452     7.6410   14.00299 1.3679e+02 0.0000e+00
         28 302.536062    0.00187     0.1125      6.750     -0.117  11775.470     6.9536     8.5544     -0.116    7.82937     8.5324     5.2625   14.29453 1.3645e+02 0.0000e+00
         29 302.536065    0.00194     0.1167      7.000     -0.128   8878.738     5.1667     8.5452     -0.127    7.91871     8.5204     3.8659   14.46931 1.3595e+02 0.0000e+00
         30 302.536068    0.00201     0.1208      7.250     -0.136   7665.473     4.4109     8.5324     -0.135    7.95784     8.5112     3.2758   14.54534 1.3535e+02 0.0000e+00
         31 302.536071    0.00208     0.1250      7.500     -0.140   7918.400     4.5408     8.5204     -0.139    7.95271     8.5063     3.3787   14.53443 1.3494e+02 0.0000e+00
         32 302.536073    0.00215     0.1292      7.750     -0.138   9674.273     5.5745     8.5112     -0.137    7.90180     8.5064     4.1885   14.43369 1.3468e+02 0.0000e+00
         33 302.536076    0.00222     0.1333      8.000     -0.134  11925.696     6.9152     8.5063     -0.133    7.83500     8.5110     5.2378   14.30200 1.3446e+02 0.0000e+00
         34 302.536079    0.00229     0.1375      8.250     -0.135  12486.527     7.2508     8.5064     -0.133    7.81832     8.5200     5.5005   14.26921 1.3430e+02 0.0000e+00
         35 302.536082    0.00236     0.1417      8.500     -0.140  11330.206     6.5641     8.5110     -0.139    7.85273     8.5371     4.9630   14.33720 1.3435e+02 0.0000e+00
         36 302.536085    0.00243     0.1458      8.750     -0.144  10805.096     6.2714     8.5200     -0.142    7.86708     8.5655     4.7330   14.36607 1.3452e+02 0.0000e+00
         37 302.536088    0.00250     0.1500      9.000     -0.138  12280.762     7.1985     8.5371     -0.137    7.81939     8.6008     5.4561   14.27350 1.3440e+02 0.0000e+00
         38 302.536091    0.00257     0.1542      9.250     -0.124  15605.704     9.2775     8.5655     -0.123    7.71340     8.6355     7.0784   14.06718 1.3396e+02 0.0000e+00
         39 302.536094    0.00264     0.1583      9.500     -0.105  20764.650    12.5487     8.6008     -0.104    7.54965     8.6651     9.6304   13.74819 1.3412e+02 0.0000e+00
         40 302.536097    0.00271     0.1625      9.750     -0.083  27376.655    16.7856     8.6355     -0.082    7.34126     8.6880    12.9358   13.34201 1.3537e+02 0.0000e+00
         41 302.536100    0.00278     0.1667     10.000     -0.064  33098.740    20.4784     8.6651     -0.064    7.16107     8.7028    15.8166   12.99097 1.3673e+02 0.0000e+00
         42 302.536102    0.00285     0.1708     10.250     -0.054  36008.755    22.3555     8.6880     -0.054    7.06815     8.7076    17.2802   12.81032 1.3691e+02 0.0000e+00
         43 302.536105    0.00292     0.1750     10.500     -0.054  36067.092    22.3604     8.7028     -0.054    7.06388     8.7025    17.2827   12.80243 1.3573e+02 0.0000e+00
         44 302.536108    0.00299     0.1792     10.750     -0.055  34063.561    21.0227     8.7076     -0.055    7.12439     8.6924    16.2382   12.92072 1.3378e+02 0.0000e+00
         45 302.536111    0.00306     0.1833     11.000     -0.045  32639.481    20.0776     8.7025     -0.045    7.16889     8.6864    15.5014   13.00737 1.3098e+02 0.0000e+00
         46 302.536114    0.00313     0.1875     11.250     -0.012  34411.593    21.2291     8.6924     -0.013    7.11630     8.6909    16.4019   12.90409 1.2642e+02 0.0000e+00
         47 302.536117    0.00319     0.1917     11.500      0.044  38234.028    23.7447     8.6864      0.043    7.00018     8.7067    18.3667   12.67702 1.1894e+02 0.0000e+00
         48 302.536120    0.00326     0.1958     11.750      0.123  41551.134    25.9476     8.6909      0.122    6.89787     8.7291    20.0861   12.47757 1.0683e+02 0.0000e+00
         49 302.536123    0.00333     0.2000     12.000      0.218  43663.612    27.3556     8.7067      0.216    6.83070     8.7510    21.1834   12.34724 9.2577e+01 0.0000e+00
         50 302.536126    0.00340     0.2042     12.250      0.310  44913.310    28.1898     8.7291      0.307    6.78890     8.7677    21.8315   12.26669 8.3235e+01 0.0000e+00
         51 302.536128    0.00347     0.2083     12.500      0.379  45643.698    28.6779     8.7510      0.376    6.76309     8.7791    22.2095   12.21730 8.0224e+01 0.0000e+00
         52 302.536131    0.00354     0.2125     12.750      0.421  46072.562    28.9648     8.7677      0.417    6.74732     8.7867    22.4310   12.18728 7.9625e+01 0.0000e+00
         53 302.536134    0.00361     0.2167     13.000      0.445  46325.643    29.1341     8.7791      0.441    6.73778     8.7917    22.5616   12.16917 7.9421e+01 0.0000e+00
         54 302.536137    0.00368     0.2208     13.250      0.462  46472.573    29.2324     8.7867      0.457    6.73208     8.7949    22.6372   12.15838 7.9574e+01 0.0000e+00
         55 302.536140    0.00375     0.2250     13.500      0.477  46555.006    29.2874     8.7918      0.472    6.72875     8.7968    22.6795   12.15211 7.9688e+01 0.0000e+00
         56 302.536143    0.00382     0.2292     13.750      0.493  46601.145    29.3182     8.7950      0.488    6.72684     8.7980    22.7030   12.14850 7.9272e+01 0.0000e+00
         57 302.536146    0.00389     0.2333     14.000      0.514  46630.597    29.3379     8.7969      0.509    6.72564     8.7989    22.7181   12.14624 7.8096e+01 0.0000e+00
         58 302.536149    0.00396     0.2375     14.250      0.544  46653.501    29.3533     8.7981      0.539    6.72475     8.7993    22.7300   12.14456 7.6388e+01 0.0000e+00
         59 302.536152    0.00403     0.2417     14.500      0.588  46670.514    29.3648     8.7990      0.582    6.72409     8.7991    22.7389   12.14333 7.4502e+01 0.0000e+00
         60 302.536155    0.00410     0.2458     14.750      0.644  46679.571    29.3709     8.7994      0.638    6.72375     8.7981    22.7436   12.14268 7.2255e+01 0.0000e+00
         61 302.536157    0.00417     0.2500     15.000      0.707  46679.211    29.3705     8.7992      0.701    6.72379     8.7958    22.7433   12.14274 7.0222e+01 0.0000e+00
         62 302.536160    0.00424     0.2542     15.250      0.770  46670.017    29.3638     8.7982      0.763    6.72422     8.7917    22.7382   12.14354 6.8893e+01 0.0000e+00
         63 302.536163    0.00431     0.2583     15.500      0.822  46659.681    29.3563     8.7959      0.815    6.72489     8.7865    22.7326   12.14476 6.8040e+01 0.0000e+00
         64 302.536166    0.00438     0.2625     15.750      0.861  46657.728    29.3543     8.7918      0.853    6.72560     8.7823    22.7317   12.14595 6.7881e+01 0.0000e+00
         65 302.536169    0.00444     0.2667     16.000      0.886  46666.630    29.3598     8.7866      0.878    6.72615     8.7807    22.7367   12.14678 6.8322e+01 0.0000e+00
         66 302.536172    0.00451     0.2708     16.250      0.899  46682.656    29.3704     8.7824      0.890    6.72633     8.7822    22.7456   12.14695 6.8619e+01 0.0000e+00
         67 302.536175    0.00458     0.2750     16.500      0.901  46699.962    29.3822     8.7808      0.893    6.72604     8.7856    22.7550   12.14634 6.8685e+01 0.0000e+00
         68 302.536178    0.00465     0.2792     16.750      0.896  46713.679    29.3920     8.7823      0.888    6.72540     8.7899    22.7624   12.14515 6.8880e+01 0.0000e+00
         69 302.536181    0.00472     0.2833     17.000      0.887  46721.350    29.3978     8.7857      0.879    6.72463     8.7941    22.7665   12.14380 6.8968e+01 0.0000e+00
         70 302.536183    0.00479     0.2875     17.250      0.879  46722.809    29.3993     8.7900      0.871    6.72392     8.7978    22.7671   12.14260 6.8972e+01 0.0000e+00
         71 302.536186    0.00486     0.2917     17.500      0.874  46718.692    29.3970     8.7942      0.866    6.72338     8.8007    22.7647   12.14174 6.9575e+01 0.0000e+00
         72 302.536189    0.00493     0.2958     17.750      0.872  46709.446    29.3911     8.7979      0.863    6.72308     8.8028    22.7595   12.14132 7.0792e+01 0.0000e+00
         73 302.536192    0.00500     0.3000     18.000      0.870  46696.959    29.3828     8.8008      0.862    6.72300     8.8045    22.7526   12.14128 7.1595e+01 0.0000e+00
         74 302.536195    0.00507     0.3042     18.250      0.868  46686.427    29.3757     8.8029      0.860    6.72298     8.8061    22.7468   12.14134 7.1566e+01 0.0000e+00
         75 302.536198    0.00514     0.3083     18.500      0.864  46682.163    29.3730     8.8046      0.856    6.72285     8.8076    22.7444   12.14116 7.1170e+01 0.0000e+00
         76 302.536201    0.00521     0.3125     18.750      0.861  46682.660    29.3736     8.8062      0.853    6.72259     8.8090    22.7446   12.14072 7.0775e+01 0.0000e+00
         77 302.536204    0.00528     0.3167     19.000      0.860  46684.040    29.3747     8.8077      0.852    6.72231     8.8099    22.7453   12.14023 7.1124e+01 0.0000e+00
         78 302.536207    0.00535     0.3208     19.250      0.864  46683.886    29.3748     8.8091      0.856    6.72210     8.8102    22.7451   12.13988 7.2447e+01 0.0000e+00
         79 302.536209    0.00542     0.3250     19.500      0.873  46681.244    29.3731     8.8100      0.865    6.72204     8.8098    22.7437   12.13981 7.3296e+01 0.0000e+00
         80 302.536212    0.00549     0.3292     19.750      0.883  46676.442    29.3698     8.8103      0.876    6.72214     8.8089    22.7410   12.14002 7.2794e+01 0.0000e+00
         81 302.536215    0.00556     0.3333     20.000      0.891  46672.068    29.3667     8.8099      0.883    6.72234     8.8082    22.7387   12.14038 7.1976e+01 0.0000e+00
         82 302.536218    0.00562     0.3375     20.250      0.894  46672.504    29.3669     8.8090      0.886    6.72246     8.8081    22.7389   12.14057 7.1502e+01 0.0000e+00
         83 302.536221    0.00569     0.3417     20.500      0.892  46679.099    29.3714     8.8083      0.884    6.72237     8.8088    22.7426   12.14038 7.1115e+01 0.0000e+00
         84 302.536224    0.00576     0.3458     20.750      0.887  46688.483    29.3779     8.8082      0.879    6.72210     8.8100    22.7477   12.13984 7.1084e+01 0.0000e+00
         85 302.536227    0.00583     0.3500     21.000      0.881  46696.913    29.3839     8.8089      0.873    6.72173     8.8112    22.7522   12.13916 7.1502e+01 0.0000e+00
         86 302.536230    0.00590     0.3542     21.250      0.877  46702.651    29.3880     8.8101      0.869    6.72137     8.8123    22.7553   12.13852 7.1603e+01 0.0000e+00
         87 302.536233    0.00597     0.3583     21.500      0.875  46705.145    29.3899     8.8113      0.867    6.72111     8.8133    22.7566   12.13806 7.1171e+01 0.0000e+00
         88 302.536236    0.00604     0.3625     21.750      0.876  46704.479    29.3896     8.8124      0.867    6.72096     8.8143    22.7562   12.13781 7.0966e+01 0.0000e+00
         89 302.536238    0.00611     0.3667     22.000      0.878  46701.568    29.3877     8.8134      0.870    6.72088     8.8153    22.7546   12.13771 7.1315e+01 0.0000e+00
         90 302.536241    0.00618     0.3708     22.250      0.881  46698.151    29.3855     8.8144      0.873    6.72083     8.8162    22.7527   12.13765 7.1295e+01 0.0000e+00
