CTD-processing/allCTD/CNV--turbid/2013_02-12_alongbay_skb03_cast035.cnv
* Sea-Bird SBE19plus Data File:
* FileName = C:\Documents and Settings\kris.holderied.local\My Documents\2012-2013-CTD-DATA-new-files\2013-02-EVOSTC-CookInlet\2013-02-12-along-KBay-line\2012-02-12-Along-KBay-line-cast035.hex
* Software Version 1.54
* Temperature SN =  5028
* Conductivity SN =  5028
* System UpLoad Time = Mar 14 2013 23:45:41
** Kachemak Bay - along-bay transect, west to east
** Date:  12 Feb 2013
** Station: KB-02
** Start time (AKDT-24 hr): 17:18
** Depth (m): 127
** Comment: CTD time set wrong by 2 hours
** Comment: Supplement to Gulf Watch sampling
# nquan = 16
# nvalues = 893                         
# units = specified
# name 0 = scan: Scan Count
# name 1 = timeJ: Julian Days
# name 2 = timeH: Time, Elapsed [hours]
# name 3 = timeM: Time, Elapsed [minutes]
# name 4 = timeS: Time, Elapsed [seconds]
# name 5 = prdM: Pressure, Strain Gauge [db]
# name 6 = specc: Specific Conductance [uS/cm]
# name 7 = sal00: Salinity, Practical [PSU]
# name 8 = tv290C: Temperature [ITS-90, deg C]
# name 9 = depSM: Depth [salt water, m], lat = 59.00
# name 10 = oxsolML/L: Oxygen Saturation, Garcia & Gordon [ml/l]
# name 11 = potemp090C: Potential Temperature [ITS-90, deg C]
# name 12 = sigma-é00: Density [sigma-theta, kg/m^3]
# name 13 = n2satML/L: Nitrogen Saturation [ml/l]
# name 14 = par: PAR/Irradiance, Biospherical/Licor
# name 15 = flag:  0.000e+00
# span 0 =          1,        893       
# span 1 =  43.804132,  43.806713       
# span 2 =    0.00000,    0.06194       
# span 3 =     0.0000,     3.7167       
# span 4 =      0.000,    223.000       
# span 5 =     -0.178,    111.225       
# span 6 =      0.310,  51701.216       
# span 7 =    -0.0012,    31.8170       
# span 8 =     0.8079,     3.9307       
# span 9 =     -0.177,    110.155       
# span 10 =  -98.99841,    9.93952      
# span 11 =     0.8081,     3.9264      
# span 12 =    -0.1084,    25.3059      
# span 13 =   13.26017,   18.03981      
# span 14 = 3.7912e-02, 4.5835e+01      
# span 15 = 0.0000e+00, 0.0000e+00      
# interval = seconds: 0.25
# start_time = Feb 12 2013 19:17:57 [Instrument's time stamp, header]
# bad_flag = -9.990e-29
*END*
[from data line 91]
         92  43.804395    0.00632     0.3792     22.750      1.544  50937.909    31.3886     3.7949      1.529    7.46094     3.7905    24.9336   13.33595 1.4269e+01 0.0000e+00
         93  43.804398    0.00639     0.3833     23.000      1.525  50953.751    31.3986     3.7916      1.511    7.46104     3.7920    24.9419   13.33598 1.4176e+01 0.0000e+00
         94  43.804401    0.00646     0.3875     23.250      1.503  50983.887    31.4188     3.7906      1.489    7.46021     3.7949    24.9581   13.33434 1.4225e+01 0.0000e+00
         95  43.804404    0.00653     0.3917     23.500      1.482  51016.320    31.4413     3.7921      1.469    7.45879     3.7977    24.9758   13.33172 1.4360e+01 0.0000e+00
         96  43.804407    0.00660     0.3958     23.750      1.467  51041.711    31.4593     3.7950      1.454    7.45736     3.7997    24.9899   13.32911 1.4438e+01 0.0000e+00
         97  43.804410    0.00667     0.4000     24.000      1.462  51055.444    31.4693     3.7978      1.449    7.45634     3.8007    24.9976   13.32730 1.4410e+01 0.0000e+00
         98  43.804413    0.00674     0.4042     24.250      1.468  51057.757    31.4713     3.7998      1.454    7.45587     3.8005    24.9990   13.32651 1.4365e+01 0.0000e+00
         99  43.804416    0.00681     0.4083     24.500      1.484  51048.952    31.4656     3.8008      1.470    7.45599     3.7986    24.9943   13.32677 1.4292e+01 0.0000e+00
        100  43.804418    0.00688     0.4125     24.750      1.509  51026.871    31.4505     3.8006      1.495    7.45678     3.7935    24.9824   13.32827 1.4088e+01 0.0000e+00
        101  43.804421    0.00694     0.4167     25.000      1.539  50986.552    31.4226     3.7987      1.525    7.45854     3.7829    24.9604   13.33155 1.3810e+01 0.0000e+00
        102  43.804424    0.00701     0.4208     25.250      1.568  50922.235    31.3776     3.7936      1.554    7.46175     3.7641    24.9250   13.33744 1.3652e+01 0.0000e+00
        103  43.804427    0.00708     0.4250     25.500      1.591  50843.016    31.3211     3.7830      1.576    7.46654     3.7347    24.8811   13.34610 1.3708e+01 0.0000e+00
        104  43.804430    0.00715     0.4292     25.750      1.599  50780.603    31.2741     3.7642      1.585    7.47236     3.6954    24.8454   13.35631 1.3908e+01 0.0000e+00
        105  43.804433    0.00722     0.4333     26.000      1.590  50767.890    31.2583     3.7348      1.575    7.47856     3.6538    24.8355   13.36675 1.4136e+01 0.0000e+00
        106  43.804436    0.00729     0.4375     26.250      1.564  50820.890    31.2848     3.6955      1.549    7.48443     3.6206    24.8602   13.37609 1.4375e+01 0.0000e+00
        107  43.804439    0.00736     0.4417     26.500      1.525  50932.229    31.3503     3.6539      1.511    7.48876     3.6051    24.9161   13.38238 1.4624e+01 0.0000e+00
        108  43.804442    0.00743     0.4458     26.750      1.481  51070.846    31.4363     3.6207      1.467    7.49050     3.6109    24.9876   13.38412 1.4805e+01 0.0000e+00
        109  43.804444    0.00750     0.4500     27.000      1.441  51197.763    31.5188     3.6052      1.427    7.48917     3.6338    25.0546   13.38084 1.4919e+01 0.0000e+00
        110  43.804447    0.00757     0.4542     27.250      1.415  51287.027    31.5810     3.6110      1.401    7.48495     3.6650    25.1035   13.37306 1.4987e+01 0.0000e+00
        111  43.804450    0.00764     0.4583     27.500      1.410  51330.379    31.6161     3.6339      1.397    7.47896     3.6962    25.1294   13.36270 1.4951e+01 0.0000e+00
        112  43.804453    0.00771     0.4625     27.750      1.432  51333.122    31.6257     3.6651      1.418    7.47275     3.7222    25.1342   13.35233 1.4787e+01 0.0000e+00
        113  43.804456    0.00778     0.4667     28.000      1.476  51305.900    31.6148     3.6963      1.462    7.46757     3.7389    25.1227   13.34391 1.4529e+01 0.0000e+00
        114  43.804459    0.00785     0.4708     28.250      1.535  51254.295    31.5861     3.7223      1.520    7.46428     3.7427    25.0974   13.33886 1.4220e+01 0.0000e+00
        115  43.804462    0.00792     0.4750     28.500      1.596  51177.491    31.5379     3.7390      1.581    7.46366     3.7296    25.0575   13.33848 1.3936e+01 0.0000e+00
        116  43.804465    0.00799     0.4792     28.750      1.646  51081.093    31.4732     3.7428      1.631    7.46623     3.6949    25.0057   13.34357 1.3785e+01 0.0000e+00
        117  43.804468    0.00806     0.4833     29.000      1.673  50998.523    31.4137     3.7297      1.657    7.47164     3.6393    24.9596   13.35329 1.3840e+01 0.0000e+00
        118  43.804470    0.00813     0.4875     29.250      1.670  50979.837    31.3924     3.6950      1.654    7.47909     3.5759    24.9458   13.36586 1.4087e+01 0.0000e+00
        119  43.804473    0.00819     0.4917     29.500      1.637  51042.588    31.4214     3.6394      1.622    7.48786     3.5235    24.9739   13.37995 1.4435e+01 0.0000e+00
        120  43.804476    0.00826     0.4958     29.750      1.584  51156.731    31.4833     3.5760      1.569    7.49638     3.4926    25.0289   13.39320 1.4798e+01 0.0000e+00
        121  43.804479    0.00833     0.5000     30.000      1.520  51282.698    31.5560     3.5235      1.506    7.50236     3.4864    25.0914   13.40210 1.5117e+01 0.0000e+00
        122  43.804482    0.00840     0.5042     30.250      1.459  51393.780    31.6238     3.4926      1.445    7.50461     3.5052    25.1482   13.40492 1.5356e+01 0.0000e+00
        123  43.804485    0.00847     0.5083     30.500      1.413  51478.056    31.6795     3.4864      1.400    7.50292     3.5445    25.1932   13.40140 1.5409e+01 0.0000e+00
        124  43.804488    0.00854     0.5125     30.750      1.396  51532.953    31.7216     3.5052      1.383    7.49730     3.5939    25.2250   13.39158 1.5174e+01 0.0000e+00
        125  43.804491    0.00861     0.5167     31.000      1.411  51547.461    31.7413     3.5445      1.398    7.48906     3.6425    25.2371   13.37772 1.4772e+01 0.0000e+00
        126  43.804494    0.00868     0.5208     31.250      1.455  51512.433    31.7298     3.5940      1.441    7.48054     3.6818    25.2235   13.36382 1.4451e+01 0.0000e+00
        127  43.804497    0.00875     0.5250     31.500      1.514  51433.468    31.6882     3.6426      1.500    7.47372     3.7057    25.1859   13.35311 1.4287e+01 0.0000e+00
        128  43.804499    0.00882     0.5292     31.750      1.573  51318.737    31.6199     3.6819      1.558    7.46997     3.7100    25.1280   13.34782 1.4166e+01 0.0000e+00
        129  43.804502    0.00889     0.5333     32.000      1.616  51187.099    31.5362     3.7058      1.601    7.46980     3.6918    25.0592   13.34865 1.4019e+01 0.0000e+00
        130  43.804505    0.00896     0.5375     32.250      1.634  51082.035    31.4658     3.7101      1.619    7.47259     3.6546    25.0028   13.35417 1.3899e+01 0.0000e+00
        131  43.804508    0.00903     0.5417     32.500      1.625  51043.376    31.4350     3.6919      1.610    7.47748     3.6097    24.9800   13.36265 1.3930e+01 0.0000e+00
        132  43.804511    0.00910     0.5458     32.750      1.593  51073.505    31.4463     3.6547      1.578    7.48375     3.5693    24.9924   13.37285 1.4203e+01 0.0000e+00
        133  43.804514    0.00917     0.5500     33.000      1.547  51147.048    31.4853     3.6098      1.533    7.49003     3.5402    25.0275   13.38269 1.4588e+01 0.0000e+00
        134  43.804517    0.00924     0.5542     33.250      1.497  51239.536    31.5382     3.5694      1.483    7.49477     3.5253    25.0732   13.38982 1.4812e+01 0.0000e+00
        135  43.804520    0.00931     0.5583     33.500      1.452  51333.156    31.5946     3.5403      1.439    7.49726     3.5270    25.1208   13.39319 1.4827e+01 0.0000e+00
        136  43.804523    0.00937     0.5625     33.750      1.422  51411.136    31.6439     3.5254      1.409    7.49752     3.5471    25.1614   13.39296 1.4795e+01 0.0000e+00
        137  43.804525    0.00944     0.5667     34.000      1.412  51466.045    31.6817     3.5270      1.399    7.49529     3.5825    25.1913   13.38879 1.4769e+01 0.0000e+00
        138  43.804528    0.00951     0.5708     34.250      1.424  51496.488    31.7074     3.5471      1.410    7.49028     3.6247    25.2099   13.38019 1.4684e+01 0.0000e+00
        139  43.804531    0.00958     0.5750     34.500      1.452  51494.792    31.7151     3.5826      1.439    7.48337     3.6644    25.2128   13.36869 1.4525e+01 0.0000e+00
        140  43.804534    0.00965     0.5792     34.750      1.493  51456.213    31.6994     3.6248      1.479    7.47642     3.6951    25.1964   13.35742 1.4370e+01 0.0000e+00
        141  43.804537    0.00972     0.5833     35.000      1.537  51385.400    31.6610     3.6645      1.523    7.47106     3.7123    25.1623   13.34908 1.4267e+01 0.0000e+00
        142  43.804540    0.00979     0.5875     35.250      1.577  51288.723    31.6028     3.6952      1.562    7.46838     3.7133    25.1132   13.34542 1.4193e+01 0.0000e+00
        143  43.804543    0.00986     0.5917     35.500      1.605  51182.431    31.5347     3.7124      1.590    7.46866     3.6958    25.0574   13.34678 1.4146e+01 0.0000e+00
        144  43.804546    0.00993     0.5958     35.750      1.615  51098.717    31.4780     3.7134      1.600    7.47136     3.6612    25.0122   13.35197 1.4176e+01 0.0000e+00
        145  43.804549    0.01000     0.6000     36.000      1.606  51065.859    31.4513     3.6959      1.591    7.47592     3.6181    24.9926   13.35985 1.4333e+01 0.0000e+00
        146  43.804552    0.01007     0.6042     36.250      1.579  51090.192    31.4594     3.6613      1.565    7.48185     3.5768    25.0022   13.36954 1.4645e+01 0.0000e+00
        147  43.804554    0.01014     0.6083     36.500      1.540  51155.245    31.4930     3.6182      1.526    7.48808     3.5444    25.0329   13.37938 1.5091e+01 0.0000e+00
        148  43.804557    0.01021     0.6125     36.750      1.496  51238.821    31.5396     3.5769      1.482    7.49331     3.5248    25.0737   13.38740 1.5475e+01 0.0000e+00
        149  43.804560    0.01028     0.6167     37.000      1.454  51328.477    31.5925     3.5445      1.441    7.49660     3.5215    25.1187   13.39213 1.5588e+01 0.0000e+00
        150  43.804563    0.01035     0.6208     37.250      1.424  51414.917    31.6464     3.5249      1.411    7.49746     3.5373    25.1634   13.39284 1.5481e+01 0.0000e+00
        151  43.804566    0.01042     0.6250     37.500      1.414  51487.947    31.6952     3.5216      1.401    7.49561     3.5716    25.2025   13.38914 1.5270e+01 0.0000e+00
        152  43.804569    0.01049     0.6292     37.750      1.430  51537.446    31.7328     3.5374      1.416    7.49078     3.6157    25.2310   13.38067 1.5022e+01 0.0000e+00
        153  43.804572    0.01056     0.6333     38.000      1.470  51546.405    31.7475     3.5717      1.456    7.48373     3.6576    25.2396   13.36884 1.4818e+01 0.0000e+00
        154  43.804575    0.01063     0.6375     38.250      1.525  51502.874    31.7288     3.6158      1.511    7.47657     3.6882    25.2207   13.35729 1.4661e+01 0.0000e+00
        155  43.804578    0.01069     0.6417     38.500      1.584  51413.488    31.6784     3.6577      1.569    7.47143     3.7018    25.1768   13.34946 1.4488e+01 0.0000e+00
        156  43.804580    0.01076     0.6458     38.750      1.632  51296.159    31.6061     3.6884      1.617    7.46947     3.6944    25.1165   13.34717 1.4326e+01 0.0000e+00
        157  43.804583    0.01083     0.6500     39.000      1.658  51184.295    31.5333     3.7019      1.642    7.47067     3.6658    25.0573   13.35010 1.4270e+01 0.0000e+00
        158  43.804586    0.01090     0.6542     39.250      1.656  51122.828    31.4897     3.6945      1.640    7.47423     3.6234    25.0232   13.35656 1.4359e+01 0.0000e+00
        159  43.804589    0.01097     0.6583     39.500      1.627  51134.231    31.4904     3.6659      1.612    7.47946     3.5800    25.0264   13.36518 1.4565e+01 0.0000e+00
        160  43.804592    0.01104     0.6625     39.750      1.580  51203.262    31.5269     3.6235      1.565    7.48539     3.5464    25.0593   13.37449 1.4840e+01 0.0000e+00
        161  43.804595    0.01111     0.6667     40.000      1.523  51299.685    31.5817     3.5801      1.509    7.49060     3.5295    25.1069   13.38235 1.5102e+01 0.0000e+00
        162  43.804598    0.01118     0.6708     40.250      1.469  51396.939    31.6395     3.5465      1.455    7.49384     3.5334    25.1559   13.38695 1.5234e+01 0.0000e+00
        163  43.804601    0.01125     0.6750     40.500      1.429  51474.210    31.6878     3.5296      1.416    7.49451     3.5584    25.1959   13.38741 1.5164e+01 0.0000e+00
        164  43.804604    0.01132     0.6792     40.750      1.411  51523.926    31.7226     3.5334      1.398    7.49203     3.5981    25.2232   13.38287 1.4986e+01 0.0000e+00
        165  43.804606    0.01139     0.6833     41.000      1.419  51546.613    31.7443     3.5584      1.405    7.48633     3.6421    25.2382   13.37318 1.4815e+01 0.0000e+00
        166  43.804609    0.01146     0.6875     41.250      1.447  51536.994    31.7477     3.5981      1.434    7.47886     3.6817    25.2373   13.36081 1.4645e+01 0.0000e+00
        167  43.804612    0.01153     0.6917     41.500      1.489  51492.398    31.7283     3.6422      1.476    7.47175     3.7108    25.2179   13.34934 1.4479e+01 0.0000e+00
        168  43.804615    0.01160     0.6958     41.750      1.535  51418.264    31.6876     3.6817      1.521    7.46656     3.7256    25.1819   13.34130 1.4368e+01 0.0000e+00
        169  43.804618    0.01167     0.7000     42.000      1.573  51321.303    31.6288     3.7109      1.559    7.46420     3.7231    25.1325   13.33818 1.4341e+01 0.0000e+00
        170  43.804621    0.01174     0.7042     42.250      1.596  51219.688    31.5633     3.7257      1.581    7.46479     3.7017    25.0790   13.34002 1.4405e+01 0.0000e+00
        171  43.804624    0.01181     0.7083     42.500      1.598  51151.258    31.5161     3.7232      1.583    7.46764     3.6660    25.0417   13.34534 1.4550e+01 0.0000e+00
        172  43.804627    0.01188     0.7125     42.750      1.580  51145.893    31.5072     3.7018      1.565    7.47201     3.6274    25.0365   13.35267 1.4724e+01 0.0000e+00
        173  43.804630    0.01194     0.7167     43.000      1.546  51199.494    31.5349     3.6661      1.532    7.47715     3.5975    25.0618   13.36078 1.4906e+01 0.0000e+00
        174  43.804633    0.01201     0.7208     43.250      1.506  51286.445    31.5846     3.6275      1.492    7.48172     3.5841    25.1049   13.36767 1.5095e+01 0.0000e+00
        175  43.804635    0.01208     0.7250     43.500      1.470  51380.130    31.6409     3.5976      1.456    7.48437     3.5918    25.1524   13.37130 1.5228e+01 0.0000e+00
        176  43.804638    0.01215     0.7292     43.750      1.449  51459.776    31.6917     3.5842      1.435    7.48425     3.6190    25.1941   13.37044 1.5306e+01 0.0000e+00
        177  43.804641    0.01222     0.7333     44.000      1.452  51511.726    31.7290     3.5919      1.438    7.48094     3.6560    25.2231   13.36449 1.5420e+01 0.0000e+00
        178  43.804644    0.01229     0.7375     44.250      1.480  51522.832    31.7433     3.6191      1.465    7.47523     3.6911    25.2320   13.35488 1.5540e+01 0.0000e+00
        179  43.804647    0.01236     0.7417     44.500      1.522  51484.771    31.7265     3.6561      1.507    7.46928     3.7155    25.2153   13.34529 1.5606e+01 0.0000e+00
        180  43.804650    0.01243     0.7458     44.750      1.566  51404.869    31.6808     3.6912      1.551    7.46516     3.7239    25.1757   13.33908 1.5643e+01 0.0000e+00
