CTD-processing/allCTD/CNV--turbid/2013_06-06_t9_s05_cast157.cnv
* Sea-Bird SBE19plus Data File:
* FileName = C:\Documents and Settings\kbayadmin\My Documents\CTD data\2013-06-06 Kachemak Bay all bay inner bay\2013-06-06 Kachemak Bay All Bay Inner Bay cast157.hex
* Software Version 1.59
* Temperature SN =  5028
* Conductivity SN =  5028
* System UpLoad Time = Jun 18 2013 15:44:28
** Kachemak Bay All Bay Inner Bay
** 2013-06-06
** Station: 9.05
** N': 59 34.744
** W': 151 22.718
** Start Time: 1116
** Depth(ft): 309
# nquan = 16
# nvalues = 693                         
# units = specified
# name 0 = scan: Scan Count
# name 1 = timeJ: Julian Days
# name 2 = timeH: Time, Elapsed [hours]
# name 3 = timeM: Time, Elapsed [minutes]
# name 4 = timeS: Time, Elapsed [seconds]
# name 5 = prdM: Pressure, Strain Gauge [db]
# name 6 = specc: Specific Conductance [uS/cm]
# name 7 = sal00: Salinity, Practical [PSU]
# name 8 = tv290C: Temperature [ITS-90, deg C]
# name 9 = depSM: Depth [salt water, m], lat = 59.00
# name 10 = oxsolML/L: Oxygen Saturation, Garcia & Gordon [ml/l]
# name 11 = potemp090C: Potential Temperature [ITS-90, deg C]
# name 12 = sigma-é00: Density [sigma-theta, kg/m^3]
# name 13 = n2satML/L: Nitrogen Saturation [ml/l]
# name 14 = par: PAR/Irradiance, Biospherical/Licor
# name 15 = flag:  0.000e+00
# span 0 =          1,        693       
# span 1 = 157.468565, 157.470567       
# span 2 =    0.00000,    0.04806       
# span 3 =     0.0000,     2.8833       
# span 4 =      0.000,    173.000       
# span 5 =     -0.067,     88.221       
# span 6 =      4.892,  51298.416       
# span 7 =     0.0061,    31.8242       
# span 8 =     4.7863,     9.5574       
# span 9 =     -0.066,     87.378       
# span 10 =    6.66217,    8.15875      
# span 11 =     4.7801,     9.5574      
# span 12 =    -0.1861,    25.1801      
# span 13 =   12.05032,   14.94669      
# span 14 = 4.1589e-02, 1.8098e+03      
# span 15 = 0.0000e+00, 0.0000e+00      
# interval = seconds: 0.25
# start_time = Jun 06 2013 11:14:44 [Instrument's time stamp, header]
# bad_flag = -9.990e-29
*END*
[from data line 543]
        544 157.470136    0.03771     2.2625    135.750     51.478  51126.028    31.7731     5.0193     50.991    7.22433     5.0107    25.1161   12.94035 4.4383e-02 0.0000e+00
        545 157.470139    0.03778     2.2667    136.000     51.706  51126.562    31.7729     5.0172     51.216    7.22469     5.0067    25.1162   12.94095 4.4242e-02 0.0000e+00
        546 157.470142    0.03785     2.2708    136.250     51.933  51127.121    31.7726     5.0144     51.441    7.22520     5.0017    25.1162   12.94179 4.4107e-02 0.0000e+00
        547 157.470145    0.03792     2.2750    136.500     52.161  51128.353    31.7725     5.0105     51.667    7.22588     4.9958    25.1165   12.94292 4.3974e-02 0.0000e+00
        548 157.470148    0.03799     2.2792    136.750     52.390  51130.236    31.7726     5.0055     51.894    7.22675     4.9894    25.1171   12.94435 4.3842e-02 0.0000e+00
        549 157.470150    0.03806     2.2833    137.000     52.620  51132.470    31.7727     4.9996     52.121    7.22776     4.9827    25.1179   12.94603 4.3716e-02 0.0000e+00
        550 157.470153    0.03812     2.2875    137.250     52.850  51135.167    31.7730     4.9931     52.349    7.22886     4.9762    25.1189   12.94783 4.3604e-02 0.0000e+00
        551 157.470156    0.03819     2.2917    137.500     53.082  51138.179    31.7735     4.9865     52.579    7.22998     4.9700    25.1200   12.94966 4.3505e-02 0.0000e+00
        552 157.470159    0.03826     2.2958    137.750     53.317  51141.242    31.7741     4.9801     52.811    7.23107     4.9642    25.1211   12.95146 4.3414e-02 0.0000e+00
        553 157.470162    0.03833     2.3000    138.000     53.555  51144.238    31.7747     4.9739     53.047    7.23211     4.9588    25.1223   12.95317 4.3335e-02 0.0000e+00
        554 157.470165    0.03840     2.3042    138.250     53.796  51147.349    31.7754     4.9681     53.286    7.23308     4.9539    25.1235   12.95476 4.3266e-02 0.0000e+00
        555 157.470168    0.03847     2.3083    138.500     54.038  51150.471    31.7763     4.9627     53.526    7.23397     4.9494    25.1248   12.95622 4.3192e-02 0.0000e+00
        556 157.470171    0.03854     2.3125    138.750     54.282  51153.178    31.7770     4.9578     53.768    7.23479     4.9454    25.1258   12.95757 4.3114e-02 0.0000e+00
        557 157.470174    0.03861     2.3167    139.000     54.527  51155.875    31.7777     4.9533     54.011    7.23553     4.9421    25.1269   12.95878 4.3038e-02 0.0000e+00
        558 157.470177    0.03868     2.3208    139.250     54.773  51159.027    31.7789     4.9494     54.254    7.23615     4.9395    25.1283   12.95980 4.2969e-02 0.0000e+00
        559 157.470179    0.03875     2.3250    139.500     55.022  51162.340    31.7803     4.9461     54.500    7.23666     4.9377    25.1298   12.96061 4.2911e-02 0.0000e+00
        560 157.470182    0.03882     2.3292    139.750     55.274  51165.369    31.7817     4.9435     54.749    7.23703     4.9364    25.1311   12.96121 4.2855e-02 0.0000e+00
        561 157.470185    0.03889     2.3333    140.000     55.527  51167.865    31.7829     4.9417     55.000    7.23730     4.9354    25.1323   12.96163 4.2798e-02 0.0000e+00
        562 157.470188    0.03896     2.3375    140.250     55.779  51169.685    31.7838     4.9404     55.250    7.23748     4.9347    25.1331   12.96192 4.2744e-02 0.0000e+00
        563 157.470191    0.03903     2.3417    140.500     56.031  51170.862    31.7843     4.9394     55.499    7.23762     4.9340    25.1336   12.96214 4.2691e-02 0.0000e+00
        564 157.470194    0.03910     2.3458    140.750     56.282  51171.642    31.7845     4.9387     55.748    7.23773     4.9332    25.1338   12.96233 4.2643e-02 0.0000e+00
        565 157.470197    0.03917     2.3500    141.000     56.534  51172.322    31.7847     4.9380     55.998    7.23784     4.9325    25.1341   12.96252 4.2607e-02 0.0000e+00
        566 157.470200    0.03924     2.3542    141.250     56.788  51173.152    31.7850     4.9373     56.249    7.23795     4.9319    25.1344   12.96269 4.2571e-02 0.0000e+00
        567 157.470203    0.03931     2.3583    141.500     57.043  51174.194    31.7854     4.9366     56.502    7.23805     4.9312    25.1348   12.96285 4.2528e-02 0.0000e+00
        568 157.470205    0.03938     2.3625    141.750     57.300  51175.218    31.7858     4.9359     56.756    7.23814     4.9306    25.1352   12.96299 4.2482e-02 0.0000e+00
        569 157.470208    0.03944     2.3667    142.000     57.557  51175.962    31.7861     4.9353     57.011    7.23824     4.9298    25.1355   12.96315 4.2437e-02 0.0000e+00
        570 157.470211    0.03951     2.3708    142.250     57.815  51176.432    31.7862     4.9347     57.267    7.23834     4.9290    25.1356   12.96332 4.2393e-02 0.0000e+00
        571 157.470214    0.03958     2.3750    142.500     58.073  51176.701    31.7861     4.9340     57.523    7.23847     4.9278    25.1356   12.96353 4.2345e-02 0.0000e+00
        572 157.470217    0.03965     2.3792    142.750     58.331  51176.730    31.7858     4.9332     57.778    7.23863     4.9263    25.1355   12.96380 4.2293e-02 0.0000e+00
        573 157.470220    0.03972     2.3833    143.000     58.588  51176.445    31.7852     4.9320     58.032    7.23885     4.9242    25.1352   12.96418 4.2246e-02 0.0000e+00
        574 157.470223    0.03979     2.3875    143.250     58.846  51175.828    31.7843     4.9305     58.287    7.23916     4.9213    25.1346   12.96469 4.2203e-02 0.0000e+00
        575 157.470226    0.03986     2.3917    143.500     59.104  51175.024    31.7832     4.9284     58.543    7.23958     4.9177    25.1340   12.96540 4.2161e-02 0.0000e+00
        576 157.470229    0.03993     2.3958    143.750     59.362  51174.224    31.7819     4.9256     58.798    7.24013     4.9131    25.1332   12.96634 4.2119e-02 0.0000e+00
        577 157.470231    0.04000     2.4000    144.000     59.619  51173.745    31.7806     4.9219     59.053    7.24083     4.9079    25.1326   12.96750 4.2079e-02 0.0000e+00
        578 157.470234    0.04007     2.4042    144.250     59.875  51174.088    31.7797     4.9174     59.307    7.24165     4.9023    25.1324   12.96887 4.2043e-02 0.0000e+00
        579 157.470237    0.04014     2.4083    144.500     60.131  51175.230    31.7792     4.9122     59.560    7.24258     4.8963    25.1326   12.97040 4.2012e-02 0.0000e+00
        580 157.470240    0.04021     2.4125    144.750     60.388  51176.792    31.7789     4.9066     59.815    7.24357     4.8904    25.1329   12.97204 4.1983e-02 0.0000e+00
        581 157.470243    0.04028     2.4167    145.000     60.646  51179.557    31.7794     4.9006     60.070    7.24458     4.8852    25.1339   12.97371 4.1960e-02 0.0000e+00
        582 157.470246    0.04035     2.4208    145.250     60.905  51184.256    31.7812     4.8947     60.327    7.24553     4.8810    25.1360   12.97524 4.1936e-02 0.0000e+00
        583 157.470249    0.04042     2.4250    145.500     61.165  51189.686    31.7837     4.8895     60.584    7.24632     4.8780    25.1385   12.97652 4.1915e-02 0.0000e+00
        584 157.470252    0.04049     2.4292    145.750     61.426  51194.426    31.7859     4.8854     60.842    7.24692     4.8759    25.1407   12.97748 4.1907e-02 0.0000e+00
        585 157.470255    0.04056     2.4333    146.000     61.689  51198.002    31.7876     4.8824     61.103    7.24736     4.8743    25.1424   12.97818 4.1902e-02 0.0000e+00
        586 157.470258    0.04063     2.4375    146.250     61.953  51200.434    31.7886     4.8803     61.364    7.24767     4.8731    25.1434   12.97868 4.1879e-02 0.0000e+00
        587 157.470260    0.04069     2.4417    146.500     62.216  51202.021    31.7893     4.8788     61.625    7.24790     4.8721    25.1441   12.97907 4.1848e-02 0.0000e+00
        588 157.470263    0.04076     2.4458    146.750     62.478  51203.000    31.7895     4.8776     61.884    7.24810     4.8712    25.1444   12.97938 4.1826e-02 0.0000e+00
        589 157.470266    0.04083     2.4500    147.000     62.738  51203.700    31.7896     4.8765     62.141    7.24827     4.8703    25.1446   12.97967 4.1813e-02 0.0000e+00
        590 157.470269    0.04090     2.4542    147.250     62.998  51204.472    31.7898     4.8756     62.398    7.24842     4.8694    25.1449   12.97992 4.1798e-02 0.0000e+00
        591 157.470272    0.04097     2.4583    147.500     63.256  51205.376    31.7901     4.8747     62.655    7.24856     4.8687    25.1452   12.98014 4.1779e-02 0.0000e+00
        592 157.470275    0.04104     2.4625    147.750     63.514  51206.277    31.7904     4.8739     62.910    7.24869     4.8680    25.1456   12.98034 4.1762e-02 0.0000e+00
        593 157.470278    0.04111     2.4667    148.000     63.771  51206.975    31.7906     4.8732     63.165    7.24880     4.8670    25.1458   12.98053 4.1745e-02 0.0000e+00
        594 157.470281    0.04118     2.4708    148.250     64.028  51207.434    31.7907     4.8725     63.420    7.24892     4.8657    25.1459   12.98073 4.1734e-02 0.0000e+00
        595 157.470284    0.04125     2.4750    148.500     64.286  51208.008    31.7908     4.8716     63.675    7.24909     4.8641    25.1461   12.98099 4.1737e-02 0.0000e+00
        596 157.470286    0.04132     2.4792    148.750     64.543  51209.827    31.7916     4.8703     63.930    7.24928     4.8628    25.1468   12.98130 4.1748e-02 0.0000e+00
        597 157.470289    0.04139     2.4833    149.000     64.802  51213.717    31.7938     4.8687     64.186    7.24944     4.8620    25.1487   12.98153 4.1755e-02 0.0000e+00
        598 157.470292    0.04146     2.4875    149.250     65.062  51218.488    31.7967     4.8675     64.443    7.24952     4.8616    25.1511   12.98163 4.1760e-02 0.0000e+00
        599 157.470295    0.04153     2.4917    149.500     65.324  51222.629    31.7992     4.8667     64.702    7.24952     4.8612    25.1532   12.98161 4.1763e-02 0.0000e+00
        600 157.470298    0.04160     2.4958    149.750     65.587  51225.916    31.8012     4.8663     64.963    7.24949     4.8604    25.1549   12.98153 4.1757e-02 0.0000e+00
        601 157.470301    0.04167     2.5000    150.000     65.852  51228.150    31.8026     4.8659     65.225    7.24949     4.8587    25.1560   12.98152 4.1749e-02 0.0000e+00
        602 157.470304    0.04174     2.5042    150.250     66.117  51229.412    31.8031     4.8651     65.488    7.24962     4.8565    25.1565   12.98171 4.1743e-02 0.0000e+00
        603 157.470307    0.04181     2.5083    150.500     66.382  51230.763    31.8035     4.8635     65.751    7.24988     4.8540    25.1571   12.98214 4.1725e-02 0.0000e+00
        604 157.470310    0.04188     2.5125    150.750     66.646  51232.814    31.8043     4.8612     66.012    7.25022     4.8517    25.1579   12.98270 4.1699e-02 0.0000e+00
        605 157.470313    0.04194     2.5167    151.000     66.908  51235.161    31.8053     4.8588     66.272    7.25060     4.8495    25.1589   12.98331 4.1678e-02 0.0000e+00
        606 157.470315    0.04201     2.5208    151.250     67.169  51237.372    31.8061     4.8564     66.531    7.25097     4.8475    25.1599   12.98391 4.1668e-02 0.0000e+00
        607 157.470318    0.04208     2.5250    151.500     67.432  51239.334    31.8069     4.8542     66.790    7.25131     4.8455    25.1607   12.98446 4.1669e-02 0.0000e+00
        608 157.470321    0.04215     2.5292    151.750     67.695  51240.848    31.8073     4.8522     67.051    7.25164     4.8434    25.1613   12.98500 4.1669e-02 0.0000e+00
        609 157.470324    0.04222     2.5333    152.000     67.960  51241.881    31.8075     4.8503     67.313    7.25197     4.8410    25.1616   12.98555 4.1657e-02 0.0000e+00
        610 157.470327    0.04229     2.5375    152.250     68.225  51242.780    31.8075     4.8482     67.576    7.25233     4.8385    25.1619   12.98614 4.1645e-02 0.0000e+00
        611 157.470330    0.04236     2.5417    152.500     68.491  51243.966    31.8077     4.8459     67.839    7.25273     4.8358    25.1622   12.98679 4.1642e-02 0.0000e+00
        612 157.470333    0.04243     2.5458    152.750     68.756  51245.870    31.8083     4.8433     68.101    7.25314     4.8333    25.1630   12.98747 4.1640e-02 0.0000e+00
        613 157.470336    0.04250     2.5500    153.000     69.019  51248.641    31.8094     4.8406     68.362    7.25355     4.8311    25.1642   12.98813 4.1631e-02 0.0000e+00
        614 157.470339    0.04257     2.5542    153.250     69.282  51251.888    31.8110     4.8382     68.623    7.25391     4.8293    25.1657   12.98870 4.1625e-02 0.0000e+00
        615 157.470341    0.04264     2.5583    153.500     69.548  51254.951    31.8125     4.8360     68.886    7.25420     4.8278    25.1671   12.98917 4.1625e-02 0.0000e+00
        616 157.470344    0.04271     2.5625    153.750     69.816  51257.590    31.8138     4.8343     69.152    7.25445     4.8267    25.1683   12.98956 4.1624e-02 0.0000e+00
        617 157.470347    0.04278     2.5667    154.000     70.087  51260.273    31.8152     4.8328     69.420    7.25464     4.8261    25.1696   12.98985 4.1609e-02 0.0000e+00
        618 157.470350    0.04285     2.5708    154.250     70.358  51263.340    31.8169     4.8317     69.688    7.25475     4.8261    25.1711   12.99002 4.1591e-02 0.0000e+00
        619 157.470353    0.04292     2.5750    154.500     70.628  51266.359    31.8187     4.8311     69.955    7.25477     4.8267    25.1726   12.99002 4.1589e-02 0.0000e+00
        620 157.470356    0.04299     2.5792    154.750     70.897  51269.032    31.8204     4.8311     70.221    7.25468     4.8279    25.1739   12.98985 4.1597e-02 0.0000e+00
        621 157.470359    0.04306     2.5833    155.000     71.165  51271.604    31.8222     4.8317     70.487    7.25449     4.8296    25.1753   12.98951 4.1611e-02 0.0000e+00
        622 157.470362    0.04312     2.5875    155.250     71.431  51273.591    31.8237     4.8329     70.751    7.25420     4.8313    25.1763   12.98902 4.1625e-02 0.0000e+00
        623 157.470365    0.04319     2.5917    155.500     71.694  51273.994    31.8242     4.8346     71.012    7.25388     4.8326    25.1766   12.98848 4.1637e-02 0.0000e+00
        624 157.470367    0.04326     2.5958    155.750     71.954  51272.801    31.8237     4.8364     71.269    7.25361     4.8331    25.1759   12.98803 4.1650e-02 0.0000e+00
        625 157.470370    0.04333     2.6000    156.000     72.211  51270.733    31.8224     4.8377     71.524    7.25344     4.8327    25.1748   12.98777 4.1657e-02 0.0000e+00
        626 157.470373    0.04340     2.6042    156.250     72.466  51268.148    31.8206     4.8383     71.776    7.25343     4.8312    25.1733   12.98778 4.1645e-02 0.0000e+00
        627 157.470376    0.04347     2.6083    156.500     72.719  51265.711    31.8187     4.8379     72.026    7.25359     4.8290    25.1719   12.98808 4.1632e-02 0.0000e+00
        628 157.470379    0.04354     2.6125    156.750     72.970  51264.643    31.8176     4.8364     72.275    7.25390     4.8266    25.1711   12.98861 4.1628e-02 0.0000e+00
        629 157.470382    0.04361     2.6167    157.000     73.220  51265.330    31.8174     4.8342     72.523    7.25429     4.8245    25.1712   12.98924 4.1631e-02 0.0000e+00
        630 157.470385    0.04368     2.6208    157.250     73.469  51267.307    31.8181     4.8318     72.769    7.25467     4.8228    25.1720   12.98986 4.1640e-02 0.0000e+00
        631 157.470388    0.04375     2.6250    157.500     73.717  51269.771    31.8192     4.8297     73.015    7.25499     4.8216    25.1731   12.99038 4.1648e-02 0.0000e+00
        632 157.470391    0.04382     2.6292    157.750     73.966  51271.995    31.8202     4.8280     73.261    7.25523     4.8208    25.1741   12.99076 4.1654e-02 0.0000e+00
