CTD-processing/allCTD/CNV--turbid/2013_06-06_t4_s01_cast093.cnv
* Sea-Bird SBE19plus Data File:
* FileName = C:\Documents and Settings\kbayadmin\My Documents\CTD data\2013-06-06 Kachemak Bay all bay inner bay Nuka\2013-06-06 Kachemak Bay All Bay Inner Bay cast093.hex
* Software Version 1.59
* Temperature SN =  4141
* Conductivity SN =  4141
* System UpLoad Time = Jun 18 2013 16:22:42
** Kachemak Bay All Bay Inner Bay
** 2013-06-06
** Station: 4-01
** N': 59 29.454
** W': 151 38.9706
** Start Time: 1115
** Depth(ft): 52
# nquan = 16
# nvalues = 384                         
# units = specified
# name 0 = scan: Scan Count
# name 1 = timeJ: Julian Days
# name 2 = timeH: Time, Elapsed [hours]
# name 3 = timeM: Time, Elapsed [minutes]
# name 4 = timeS: Time, Elapsed [seconds]
# name 5 = prdM: Pressure, Strain Gauge [db]
# name 6 = specc: Specific Conductance [uS/cm]
# name 7 = sal00: Salinity, Practical [PSU]
# name 8 = tv290C: Temperature [ITS-90, deg C]
# name 9 = depSM: Depth [salt water, m], lat = 59.00
# name 10 = oxsolML/L: Oxygen Saturation, Garcia & Gordon [ml/l]
# name 11 = potemp090C: Potential Temperature [ITS-90, deg C]
# name 12 = sigma-é00: Density [sigma-theta, kg/m^3]
# name 13 = n2satML/L: Nitrogen Saturation [ml/l]
# name 14 = par: PAR/Irradiance, Biospherical/Licor
# name 15 = flag:  0.000e+00
# span 0 =          1,        384       
# span 1 = 157.469375, 157.470483       
# span 2 =    0.00000,    0.02660       
# span 3 =     0.0000,     1.5958       
# span 4 =      0.000,     95.750       
# span 5 =     -0.088,     15.838       
# span 6 =   1710.611,  50612.408       
# span 7 =     0.8477,    31.6738       
# span 8 =     6.1827,     7.9309       
# span 9 =     -0.087,     15.689       
# span 10 =    6.97875,    8.25650      
# span 11 =     6.1814,     7.9309      
# span 12 =     0.5268,    24.9032      
# span 13 =   12.53957,   15.09859      
# span 14 = 1.0906e+00, 6.3064e+01      
# span 15 = 0.0000e+00, 0.0000e+00      
# interval = seconds: 0.25
# start_time = Jun 06 2013 11:15:54 [Instrument's time stamp, header]
# bad_flag = -9.990e-29
*END*
[from data line 181]
        182 157.469899    0.01257     0.7542     45.250      1.008  50134.941    31.4151     6.5309      0.998    6.98774     6.5342    24.6560   12.55406 1.7814e+01 0.0000e+00
        183 157.469902    0.01264     0.7583     45.500      0.997  50138.881    31.4181     6.5324      0.988    6.98737     6.5358    24.6582   12.55340 1.5175e+01 0.0000e+00
        184 157.469905    0.01271     0.7625     45.750      0.990  50130.127    31.4124     6.5343      0.981    6.98731     6.5365    24.6535   12.55338 1.6329e+01 0.0000e+00
        185 157.469907    0.01278     0.7667     46.000      0.989  50114.443    31.4018     6.5359      0.980    6.98755     6.5366    24.6449   12.55390 1.9207e+01 0.0000e+00
        186 157.469910    0.01285     0.7708     46.250      0.994  50099.077    31.3913     6.5366      0.984    6.98791     6.5361    24.6366   12.55464 2.2126e+01 0.0000e+00
        187 157.469913    0.01292     0.7750     46.500      1.000  50088.950    31.3842     6.5367      0.990    6.98823     6.5354    24.6310   12.55524 2.4351e+01 0.0000e+00
        188 157.469916    0.01299     0.7792     46.750      1.005  50086.927    31.3827     6.5362      0.995    6.98837     6.5348    24.6299   12.55550 2.3834e+01 0.0000e+00
        189 157.469919    0.01306     0.7833     47.000      1.008  50092.692    31.3866     6.5355      0.998    6.98831     6.5346    24.6330   12.55535 2.1446e+01 0.0000e+00
        190 157.469922    0.01313     0.7875     47.250      1.007  50101.813    31.3928     6.5349      0.998    6.98812     6.5345    24.6380   12.55495 1.9818e+01 0.0000e+00
        191 157.469925    0.01319     0.7917     47.500      1.006  50108.287    31.3973     6.5347      0.996    6.98795     6.5343    24.6415   12.55462 2.1555e+01 0.0000e+00
        192 157.469928    0.01326     0.7958     47.750      1.004  50109.687    31.3983     6.5346      0.995    6.98791     6.5339    24.6423   12.55455 2.6326e+01 0.0000e+00
        193 157.469931    0.01333     0.8000     48.000      1.003  50109.399    31.3980     6.5344      0.993    6.98795     6.5333    24.6421   12.55462 2.8647e+01 0.0000e+00
        194 157.469933    0.01340     0.8042     48.250      1.000  50112.126    31.3998     6.5340      0.991    6.98794     6.5328    24.6436   12.55458 2.5871e+01 0.0000e+00
        195 157.469936    0.01347     0.8083     48.500      0.996  50116.984    31.4031     6.5334      0.986    6.98788     6.5321    24.6463   12.55445 2.2088e+01 0.0000e+00
        196 157.469939    0.01354     0.8125     48.750      0.992  50118.007    31.4037     6.5329      0.982    6.98795     6.5310    24.6468   12.55454 2.2222e+01 0.0000e+00
        197 157.469942    0.01361     0.8167     49.000      0.990  50111.512    31.3991     6.5322      0.981    6.98827     6.5292    24.6433   12.55514 2.6471e+01 0.0000e+00
        198 157.469945    0.01368     0.8208     49.250      0.993  50100.476    31.3912     6.5311      0.984    6.98881     6.5268    24.6372   12.55614 3.0921e+01 0.0000e+00
        199 157.469948    0.01375     0.8250     49.500      0.999  50091.750    31.3849     6.5293      0.990    6.98940     6.5244    24.6324   12.55719 3.5151e+01 0.0000e+00
        200 157.469951    0.01382     0.8292     49.750      1.006  50090.016    31.3832     6.5269      0.997    6.98986     6.5224    24.6314   12.55797 4.0019e+01 0.0000e+00
        201 157.469954    0.01389     0.8333     50.000      1.010  50093.926    31.3855     6.5245      1.001    6.99015     6.5208    24.6335   12.55842 4.0886e+01 0.0000e+00
        202 157.469957    0.01396     0.8375     50.250      1.013  50097.351    31.3875     6.5225      1.004    6.99039     6.5193    24.6353   12.55878 3.9399e+01 0.0000e+00
        203 157.469959    0.01403     0.8417     50.500      1.015  50096.272    31.3864     6.5209      1.006    6.99069     6.5174    24.6347   12.55929 4.2116e+01 0.0000e+00
        204 157.469962    0.01410     0.8458     50.750      1.017  50093.063    31.3839     6.5193      1.008    6.99106     6.5154    24.6329   12.55994 4.3074e+01 0.0000e+00
        205 157.469965    0.01417     0.8500     51.000      1.020  50092.410    31.3831     6.5175      1.011    6.99140     6.5137    24.6325   12.56050 3.6559e+01 0.0000e+00
        206 157.469968    0.01424     0.8542     51.250      1.021  50096.589    31.3857     6.5155      1.012    6.99160     6.5126    24.6348   12.56081 2.9600e+01 0.0000e+00
        207 157.469971    0.01431     0.8583     51.500      1.021  50104.944    31.3912     6.5138      1.011    6.99163     6.5120    24.6393   12.56079 2.6817e+01 0.0000e+00
        208 157.469974    0.01438     0.8625     51.750      1.017  50114.307    31.3974     6.5126      1.008    6.99153     6.5119    24.6444   12.56054 2.6307e+01 0.0000e+00
        209 157.469977    0.01444     0.8667     52.000      1.012  50120.248    31.4015     6.5121      1.003    6.99143     6.5116    24.6476   12.56032 2.5559e+01 0.0000e+00
        210 157.469980    0.01451     0.8708     52.250      1.008  50119.413    31.4009     6.5120      0.998    6.99148     6.5109    24.6472   12.56042 2.4126e+01 0.0000e+00
        211 157.469983    0.01458     0.8750     52.500      1.007  50111.199    31.3951     6.5117      0.997    6.99179     6.5094    24.6427   12.56101 2.3744e+01 0.0000e+00
        212 157.469986    0.01465     0.8792     52.750      1.009  50099.027    31.3866     6.5109      1.000    6.99231     6.5074    24.6360   12.56197 2.3987e+01 0.0000e+00
        213 157.469988    0.01472     0.8833     53.000      1.015  50088.542    31.3790     6.5095      1.006    6.99289     6.5052    24.6303   12.56303 2.3421e+01 0.0000e+00
        214 157.469991    0.01479     0.8875     53.250      1.022  50083.027    31.3748     6.5075      1.013    6.99341     6.5031    24.6272   12.56394 2.3641e+01 0.0000e+00
        215 157.469994    0.01486     0.8917     53.500      1.028  50082.203    31.3738     6.5052      1.019    6.99382     6.5013    24.6267   12.56463 2.6453e+01 0.0000e+00
        216 157.469997    0.01493     0.8958     53.750      1.034  50084.580    31.3751     6.5032      1.024    6.99410     6.4999    24.6280   12.56508 2.9464e+01 0.0000e+00
        217 157.470000    0.01500     0.9000     54.000      1.037  50089.528    31.3782     6.5014      1.028    6.99425     6.4989    24.6306   12.56528 2.8010e+01 0.0000e+00
        218 157.470003    0.01507     0.9042     54.250      1.038  50097.333    31.3834     6.5000      1.028    6.99424     6.4984    24.6349   12.56521 2.2444e+01 0.0000e+00
        219 157.470006    0.01514     0.9083     54.500      1.034  50107.065    31.3899     6.4990      1.024    6.99410     6.4982    24.6402   12.56490 1.6401e+01 0.0000e+00
        220 157.470009    0.01521     0.9125     54.750      1.025  50115.273    31.3955     6.4985      1.016    6.99393     6.4981    24.6447   12.56453 1.2275e+01 0.0000e+00
        221 157.470012    0.01528     0.9167     55.000      1.016  50118.411    31.3977     6.4983      1.007    6.99385     6.4976    24.6464   12.56437 1.1158e+01 0.0000e+00
        222 157.470014    0.01535     0.9208     55.250      1.010  50115.606    31.3957     6.4982      1.000    6.99396     6.4967    24.6448   12.56458 1.1125e+01 0.0000e+00
        223 157.470017    0.01542     0.9250     55.500      1.007  50108.803    31.3909     6.4977      0.998    6.99426     6.4953    24.6411   12.56514 1.0289e+01 0.0000e+00
        224 157.470020    0.01549     0.9292     55.750      1.008  50101.634    31.3858     6.4968      0.999    6.99466     6.4937    24.6371   12.56585 9.8319e+00 0.0000e+00
        225 157.470023    0.01556     0.9333     56.000      1.012  50097.023    31.3823     6.4954      1.003    6.99504     6.4921    24.6346   12.56653 1.0573e+01 0.0000e+00
        226 157.470026    0.01563     0.9375     56.250      1.017  50095.532    31.3810     6.4938      1.007    6.99536     6.4907    24.6338   12.56708 1.2717e+01 0.0000e+00
        227 157.470029    0.01569     0.9417     56.500      1.023  50096.439    31.3813     6.4922      1.013    6.99561     6.4896    24.6342   12.56748 1.4473e+01 0.0000e+00
        228 157.470032    0.01576     0.9458     56.750      1.029  50099.253    31.3830     6.4908      1.019    6.99576     6.4888    24.6358   12.56771 1.3471e+01 0.0000e+00
        229 157.470035    0.01583     0.9500     57.000      1.033  50104.115    31.3861     6.4897      1.023    6.99579     6.4886    24.6384   12.56773 1.2312e+01 0.0000e+00
        230 157.470038    0.01590     0.9542     57.250      1.033  50111.430    31.3911     6.4889      1.023    6.99569     6.4889    24.6424   12.56749 1.3558e+01 0.0000e+00
        231 157.470041    0.01597     0.9583     57.500      1.030  50120.293    31.3972     6.4887      1.020    6.99545     6.4897    24.6472   12.56701 1.7121e+01 0.0000e+00
        232 157.470043    0.01604     0.9625     57.750      1.022  50127.317    31.4021     6.4890      1.013    6.99517     6.4906    24.6511   12.56649 2.2873e+01 0.0000e+00
        233 157.470046    0.01611     0.9667     58.000      1.015  50128.273    31.4029     6.4898      1.006    6.99500     6.4913    24.6516   12.56621 2.7761e+01 0.0000e+00
        234 157.470049    0.01618     0.9708     58.250      1.013  50121.461    31.3984     6.4907      1.003    6.99506     6.4913    24.6479   12.56636 2.9339e+01 0.0000e+00
        235 157.470052    0.01625     0.9750     58.500      1.016  50110.296    31.3908     6.4914      1.007    6.99529     6.4905    24.6418   12.56685 3.1531e+01 0.0000e+00
        236 157.470055    0.01632     0.9792     58.750      1.025  50101.621    31.3847     6.4914      1.015    6.99558     6.4893    24.6371   12.56739 3.4560e+01 0.0000e+00
        237 157.470058    0.01639     0.9833     59.000      1.032  50100.584    31.3838     6.4906      1.023    6.99575     6.4883    24.6365   12.56769 3.3460e+01 0.0000e+00
        238 157.470061    0.01646     0.9875     59.250      1.035  50107.864    31.3887     6.4894      1.026    6.99572     6.4876    24.6404   12.56758 3.0013e+01 0.0000e+00
        239 157.470064    0.01653     0.9917     59.500      1.032  50119.362    31.3965     6.4884      1.023    6.99553     6.4869    24.6467   12.56717 3.0363e+01 0.0000e+00
        240 157.470067    0.01660     0.9958     59.750      1.025  50128.356    31.4026     6.4877      1.015    6.99536     6.4860    24.6516   12.56681 3.3431e+01 0.0000e+00
        241 157.470069    0.01667     1.0000     60.000      1.018  50130.371    31.4039     6.4870      1.008    6.99541     6.4847    24.6527   12.56688 3.3497e+01 0.0000e+00
        242 157.470072    0.01674     1.0042     60.250      1.015  50125.093    31.4001     6.4861      1.005    6.99573     6.4831    24.6498   12.56746 3.2180e+01 0.0000e+00
        243 157.470075    0.01681     1.0083     60.500      1.018  50115.883    31.3934     6.4848      1.008    6.99625     6.4811    24.6447   12.56839 3.2307e+01 0.0000e+00
        244 157.470078    0.01688     1.0125     60.750      1.026  50108.498    31.3880     6.4831      1.017    6.99677     6.4790    24.6406   12.56933 3.3018e+01 0.0000e+00
        245 157.470081    0.01694     1.0167     61.000      1.037  50107.639    31.3870     6.4811      1.028    6.99714     6.4773    24.6401   12.56995 3.8508e+01 0.0000e+00
        246 157.470084    0.01701     1.0208     61.250      1.046  50115.346    31.3920     6.4791      1.037    6.99725     6.4766    24.6443   12.57007 4.6896e+01 0.0000e+00
        247 157.470087    0.01708     1.0250     61.500      1.048  50130.507    31.4022     6.4774      1.039    6.99705     6.4769    24.6525   12.56961 4.8230e+01 0.0000e+00
        248 157.470090    0.01715     1.0292     61.750      1.042  50147.767    31.4140     6.4767      1.032    6.99662     6.4782    24.6619   12.56875 4.5363e+01 0.0000e+00
        249 157.470093    0.01722     1.0333     62.000      1.029  50159.715    31.4224     6.4770      1.019    6.99618     6.4799    24.6685   12.56791 4.5146e+01 0.0000e+00
        250 157.470095    0.01729     1.0375     62.250      1.015  50160.319    31.4231     6.4783      1.006    6.99594     6.4810    24.6688   12.56750 4.2925e+01 0.0000e+00
        251 157.470098    0.01736     1.0417     62.500      1.008  50148.890    31.4154     6.4800      0.999    6.99602     6.4813    24.6626   12.56774 3.7346e+01 0.0000e+00
        252 157.470101    0.01743     1.0458     62.750      1.014  50132.277    31.4041     6.4811      1.004    6.99635     6.4806    24.6536   12.56843 3.4876e+01 0.0000e+00
        253 157.470104    0.01750     1.0500     63.000      1.030  50119.648    31.3954     6.4814      1.020    6.99672     6.4797    24.6467   12.56914 3.4579e+01 0.0000e+00
        254 157.470107    0.01757     1.0542     63.250      1.050  50116.772    31.3933     6.4807      1.040    6.99692     6.4793    24.6451   12.56950 3.0613e+01 0.0000e+00
        255 157.470110    0.01764     1.0583     63.500      1.066  50125.308    31.3990     6.4798      1.056    6.99681     6.4801    24.6498   12.56924 2.4841e+01 0.0000e+00
        256 157.470113    0.01771     1.0625     63.750      1.069  50142.613    31.4109     6.4794      1.059    6.99632     6.4823    24.6592   12.56828 2.2986e+01 0.0000e+00
        257 157.470116    0.01778     1.0667     64.000      1.060  50161.483    31.4242     6.4802      1.050    6.99559     6.4863    24.6695   12.56690 2.5359e+01 0.0000e+00
        258 157.470119    0.01785     1.0708     64.250      1.043  50172.874    31.4325     6.4824      1.033    6.99484     6.4918    24.6758   12.56557 3.0319e+01 0.0000e+00
        259 157.470122    0.01792     1.0750     64.500      1.025  50169.638    31.4310     6.4864      1.016    6.99426     6.4970    24.6741   12.56462 3.6325e+01 0.0000e+00
        260 157.470124    0.01799     1.0792     64.750      1.015  50150.953    31.4190     6.4919      1.006    6.99391     6.4994    24.6640   12.56420 3.9708e+01 0.0000e+00
        261 157.470127    0.01806     1.0833     65.000      1.017  50124.969    31.4020     6.4971      1.008    6.99386     6.4986    24.6499   12.56434 3.8206e+01 0.0000e+00
        262 157.470130    0.01812     1.0875     65.250      1.030  50102.952    31.3872     6.4995      1.021    6.99415     6.4954    24.6379   12.56500 3.3247e+01 0.0000e+00
        263 157.470133    0.01819     1.0917     65.500      1.049  50091.645    31.3792     6.4987      1.039    6.99465     6.4912    24.6317   12.56593 2.8895e+01 0.0000e+00
        264 157.470136    0.01826     1.0958     65.750      1.065  50092.358    31.3791     6.4955      1.054    6.99517     6.4871    24.6321   12.56679 2.5924e+01 0.0000e+00
        265 157.470139    0.01833     1.1000     66.000      1.071  50101.415    31.3846     6.4913      1.061    6.99560     6.4830    24.6369   12.56742 2.2919e+01 0.0000e+00
        266 157.470142    0.01840     1.1042     66.250      1.066  50109.597    31.3895     6.4872      1.056    6.99604     6.4784    24.6413   12.56810 1.9646e+01 0.0000e+00
        267 157.470145    0.01847     1.1083     66.500      1.053  50106.247    31.3864     6.4831      1.043    6.99685     6.4727    24.6394   12.56947 1.6125e+01 0.0000e+00
        268 157.470148    0.01854     1.1125     66.750      1.038  50092.173    31.3758     6.4785      1.028    6.99809     6.4658    24.6316   12.57165 1.4243e+01 0.0000e+00
        269 157.470150    0.01861     1.1167     67.000      1.027  50080.558    31.3667     6.4727      1.017    6.99945     6.4586    24.6252   12.57402 1.3162e+01 0.0000e+00
        270 157.470153    0.01868     1.1208     67.250      1.024  50078.483    31.3640     6.4658      1.014    7.00070     6.4518    24.6239   12.57612 1.0663e+01 0.0000e+00
        271 157.470156    0.01875     1.1250     67.500      1.029  50083.325    31.3660     6.4587      1.019    7.00178     6.4456    24.6264   12.57788 8.5819e+00 0.0000e+00
