CTD-processing/allCTD/CNV--turbid/2013_12-03_t9_s08_cast127.cnv
* Sea-Bird SBE19plus Data File:
* FileName = C:\Users\kris.holderied\Documents\kasitsna\Research-Projects-and-Data\Oceanography-AK\CTD-CookInlet-GulfWatchAK\2013-12-03-CookInlet-HomerSpit-monthly\2014_12_03_CookInlet_Tran9_cast127.hex
* Software Version 1.59
* Temperature SN =  4141
* Conductivity SN =  4141
* System UpLoad Time = Apr 14 2014 18:52:14
** Cook Inlet LTM Transect 9 (Homer Spit) Monthly
** Date: 2013-12-03
** Station: 9-08
** Start time: 13:50
** Depth (m): 94.2
** Comment: CTD time off by 1 hour
** Comment:
# nquan = 16
# nvalues = 634                         
# units = specified
# name 0 = scan: Scan Count
# name 1 = timeJ: Julian Days
# name 2 = timeH: Time, Elapsed [hours]
# name 3 = timeM: Time, Elapsed [minutes]
# name 4 = timeS: Time, Elapsed [seconds]
# name 5 = prdM: Pressure, Strain Gauge [db]
# name 6 = specc: Specific Conductance [uS/cm]
# name 7 = sal00: Salinity, Practical [PSU]
# name 8 = tv290C: Temperature [ITS-90, deg C]
# name 9 = depSM: Depth [salt water, m], lat = 59.00
# name 10 = oxsolML/L: Oxygen Saturation, Garcia & Gordon [ml/l]
# name 11 = potemp090C: Potential Temperature [ITS-90, deg C]
# name 12 = sigma-é00: Density [sigma-theta, kg/m^3]
# name 13 = n2satML/L: Nitrogen Saturation [ml/l]
# name 14 = par: PAR/Irradiance, Biospherical/Licor
# name 15 = flag:  0.000e+00
# span 0 =          1,        634       
# span 1 = 337.618391, 337.620223       
# span 2 =    0.00000,    0.04396       
# span 3 =     0.0000,     2.6375       
# span 4 =      0.000,    158.250       
# span 5 =      0.184,     91.905       
# span 6 =   9067.571,  49922.751       
# span 7 =     4.9130,    31.2393       
# span 8 =     3.5893,     6.6067       
# span 9 =      0.182,     91.025       
# span 10 =    6.98358,    8.96188      
# span 11 =     3.5920,     6.5989      
# span 12 =     3.9049,    24.5264      
# span 13 =   12.54941,   16.21862      
# span 14 = 3.6382e-02, 3.9938e+00      
# span 15 = 0.0000e+00, 0.0000e+00      
# interval = seconds: 0.25
# start_time = Dec 03 2013 14:50:29 [Instrument's time stamp, header]
# bad_flag = -9.990e-29
*END*
[from data line 452]
        453 337.619699    0.03139     1.8833    113.000     44.211  49845.952    31.1688     6.3897     43.793    7.02220     6.3845    24.4799   12.61413 3.6382e-02 0.0000e+00
        454 337.619702    0.03146     1.8875    113.250     44.583  49846.515    31.1689     6.3889     44.161    7.02234     6.3839    24.4800   12.61435 3.6382e-02 0.0000e+00
        455 337.619705    0.03153     1.8917    113.500     44.955  49846.456    31.1685     6.3882     44.529    7.02247     6.3831    24.4799   12.61457 3.6382e-02 0.0000e+00
        456 337.619708    0.03160     1.8958    113.750     45.325  49845.844    31.1678     6.3876     44.896    7.02260     6.3821    24.4794   12.61480 3.6382e-02 0.0000e+00
        457 337.619711    0.03167     1.9000    114.000     45.694  49845.646    31.1674     6.3868     45.262    7.02275     6.3810    24.4791   12.61505 3.6382e-02 0.0000e+00
        458 337.619714    0.03174     1.9042    114.250     46.062  49845.929    31.1672     6.3859     45.626    7.02291     6.3797    24.4791   12.61532 3.6382e-02 0.0000e+00
        459 337.619716    0.03181     1.9083    114.500     46.429  49845.322    31.1664     6.3848     45.989    7.02312     6.3778    24.4786   12.61568 3.6382e-02 0.0000e+00
        460 337.619719    0.03188     1.9125    114.750     46.794  49842.965    31.1644     6.3835     46.351    7.02343     6.3751    24.4772   12.61621 3.6382e-02 0.0000e+00
        461 337.619722    0.03194     1.9167    115.000     47.158  49839.976    31.1618     6.3817     46.712    7.02386     6.3719    24.4754   12.61696 3.6382e-02 0.0000e+00
        462 337.619725    0.03201     1.9208    115.250     47.521  49838.166    31.1599     6.3790     47.071    7.02438     6.3685    24.4742   12.61785 3.6382e-02 0.0000e+00
        463 337.619728    0.03208     1.9250    115.500     47.884  49838.392    31.1593     6.3758     47.431    7.02494     6.3656    24.4741   12.61878 3.6382e-02 0.0000e+00
        464 337.619731    0.03215     1.9292    115.750     48.247  49841.120    31.1604     6.3724     47.790    7.02544     6.3637    24.4754   12.61959 3.6382e-02 0.0000e+00
        465 337.619734    0.03222     1.9333    116.000     48.610  49845.452    31.1627     6.3695     48.150    7.02580     6.3629    24.4776   12.62016 3.6382e-02 0.0000e+00
        466 337.619737    0.03229     1.9375    116.250     48.973  49849.474    31.1649     6.3677     48.510    7.02600     6.3630    24.4796   12.62046 3.6382e-02 0.0000e+00
        467 337.619740    0.03236     1.9417    116.500     49.336  49852.260    31.1666     6.3669     48.869    7.02605     6.3635    24.4810   12.62052 3.6382e-02 0.0000e+00
        468 337.619742    0.03243     1.9458    116.750     49.698  49853.443    31.1672     6.3670     49.228    7.02600     6.3639    24.4815   12.62043 3.6382e-02 0.0000e+00
        469 337.619745    0.03250     1.9500    117.000     50.060  49853.059    31.1669     6.3675     49.586    7.02593     6.3641    24.4812   12.62031 3.6382e-02 0.0000e+00
        470 337.619748    0.03257     1.9542    117.250     50.421  49852.068    31.1661     6.3680     49.944    7.02588     6.3640    24.4805   12.62025 3.6382e-02 0.0000e+00
        471 337.619751    0.03264     1.9583    117.500     50.782  49851.749    31.1658     6.3682     50.301    7.02587     6.3640    24.4802   12.62023 3.6382e-02 0.0000e+00
        472 337.619754    0.03271     1.9625    117.750     51.144  49852.393    31.1660     6.3682     50.659    7.02586     6.3641    24.4804   12.62021 3.6382e-02 0.0000e+00
        473 337.619757    0.03278     1.9667    118.000     51.506  49853.132    31.1664     6.3683     51.018    7.02584     6.3642    24.4807   12.62017 3.6382e-02 0.0000e+00
        474 337.619760    0.03285     1.9708    118.250     51.869  49853.217    31.1663     6.3684     51.378    7.02583     6.3640    24.4806   12.62015 3.6382e-02 0.0000e+00
        475 337.619763    0.03292     1.9750    118.500     52.233  49852.460    31.1656     6.3685     51.738    7.02584     6.3633    24.4801   12.62018 3.6382e-02 0.0000e+00
        476 337.619766    0.03299     1.9792    118.750     52.596  49850.596    31.1642     6.3683     52.097    7.02593     6.3618    24.4789   12.62035 3.6382e-02 0.0000e+00
        477 337.619769    0.03306     1.9833    119.000     52.959  49847.798    31.1619     6.3677     52.457    7.02615     6.3594    24.4772   12.62073 3.6382e-02 0.0000e+00
        478 337.619771    0.03313     1.9875    119.250     53.322  49845.386    31.1598     6.3661     52.817    7.02650     6.3565    24.4758   12.62134 3.6382e-02 0.0000e+00
        479 337.619774    0.03319     1.9917    119.500     53.685  49844.472    31.1586     6.3637     53.176    7.02694     6.3537    24.4751   12.62210 3.6382e-02 0.0000e+00
        480 337.619777    0.03326     1.9958    119.750     54.048  49844.861    31.1582     6.3609     53.536    7.02742     6.3509    24.4751   12.62290 3.6382e-02 0.0000e+00
        481 337.619780    0.03333     2.0000    120.000     54.410  49845.741    31.1581     6.3581     53.894    7.02789     6.3484    24.4754   12.62368 3.6382e-02 0.0000e+00
        482 337.619783    0.03340     2.0042    120.250     54.771  49846.933    31.1582     6.3554     54.251    7.02833     6.3463    24.4759   12.62440 3.6382e-02 0.0000e+00
        483 337.619786    0.03347     2.0083    120.500     55.131  49848.835    31.1589     6.3529     54.608    7.02871     6.3447    24.4767   12.62501 3.6382e-02 0.0000e+00
        484 337.619789    0.03354     2.0125    120.750     55.491  49851.413    31.1601     6.3508     54.964    7.02900     6.3439    24.4779   12.62547 3.6382e-02 0.0000e+00
        485 337.619792    0.03361     2.0167    121.000     55.850  49854.253    31.1616     6.3493     55.321    7.02917     6.3438    24.4793   12.62574 3.6382e-02 0.0000e+00
        486 337.619795    0.03368     2.0208    121.250     56.210  49856.833    31.1631     6.3485     55.677    7.02923     6.3442    24.4806   12.62582 3.6382e-02 0.0000e+00
        487 337.619797    0.03375     2.0250    121.500     56.569  49858.645    31.1642     6.3484     56.032    7.02920     6.3448    24.4814   12.62576 3.6382e-02 0.0000e+00
        488 337.619800    0.03382     2.0292    121.750     56.927  49859.573    31.1647     6.3488     56.387    7.02911     6.3456    24.4818   12.62560 3.6382e-02 0.0000e+00
        489 337.619803    0.03389     2.0333    122.000     57.285  49860.128    31.1651     6.3495     56.741    7.02898     6.3464    24.4820   12.62539 3.6382e-02 0.0000e+00
        490 337.619806    0.03396     2.0375    122.250     57.643  49860.384    31.1653     6.3503     57.096    7.02885     6.3470    24.4820   12.62516 3.6382e-02 0.0000e+00
        491 337.619809    0.03403     2.0417    122.500     58.002  49859.805    31.1648     6.3511     57.452    7.02873     6.3473    24.4816   12.62497 3.6382e-02 0.0000e+00
        492 337.619812    0.03410     2.0458    122.750     58.362  49859.089    31.1643     6.3517     57.808    7.02865     6.3475    24.4811   12.62485 3.6382e-02 0.0000e+00
        493 337.619815    0.03417     2.0500    123.000     58.723  49859.507    31.1645     6.3521     58.166    7.02859     6.3481    24.4812   12.62474 3.6382e-02 0.0000e+00
        494 337.619818    0.03424     2.0542    123.250     59.084  49861.251    31.1656     6.3523     58.523    7.02850     6.3494    24.4820   12.62457 3.6382e-02 0.0000e+00
        495 337.619821    0.03431     2.0583    123.500     59.443  49864.511    31.1678     6.3529     58.879    7.02830     6.3521    24.4837   12.62422 3.6382e-02 0.0000e+00
        496 337.619823    0.03438     2.0625    123.750     59.800  49869.966    31.1716     6.3543     59.232    7.02790     6.3570    24.4866   12.62350 3.6382e-02 0.0000e+00
        497 337.619826    0.03444     2.0667    124.000     60.153  49878.298    31.1777     6.3571     59.582    7.02716     6.3651    24.4911   12.62220 3.6382e-02 0.0000e+00
        498 337.619829    0.03451     2.0708    124.250     60.504  49890.978    31.1872     6.3620     59.930    7.02591     6.3769    24.4980   12.62001 3.6382e-02 0.0000e+00
        499 337.619832    0.03458     2.0750    124.500     60.852  49906.063    31.1990     6.3700     60.274    7.02404     6.3920    24.5063   12.61678 3.6382e-02 0.0000e+00
        500 337.619835    0.03465     2.0792    124.750     61.196  49917.121    31.2087     6.3819     60.615    7.02164     6.4086    24.5125   12.61269 3.6382e-02 0.0000e+00
        501 337.619838    0.03472     2.0833    125.000     61.538  49921.135    31.2141     6.3971     60.953    7.01890     6.4247    24.5149   12.60810 3.6382e-02 0.0000e+00
        502 337.619841    0.03479     2.0875    125.250     61.877  49918.724    31.2154     6.4137     61.288    7.01612     6.4388    24.5138   12.60349 3.6382e-02 0.0000e+00
        503 337.619844    0.03486     2.0917    125.500     62.214  49911.073    31.2129     6.4298     61.623    7.01359     6.4501    24.5099   12.59934 3.6382e-02 0.0000e+00
        504 337.619847    0.03493     2.0958    125.750     62.551  49901.621    31.2088     6.4439     61.957    7.01148     6.4592    24.5049   12.59589 3.6382e-02 0.0000e+00
        505 337.619850    0.03500     2.1000    126.000     62.886  49894.896    31.2061     6.4553     62.289    7.00974     6.4670    24.5014   12.59305 3.6382e-02 0.0000e+00
        506 337.619852    0.03507     2.1042    126.250     63.222  49892.213    31.2057     6.4644     62.621    7.00827     6.4743    24.5000   12.59062 3.6382e-02 0.0000e+00
        507 337.619855    0.03514     2.1083    126.500     63.557  49891.297    31.2064     6.4722     62.953    7.00695     6.4811    24.4995   12.58844 3.6382e-02 0.0000e+00
        508 337.619858    0.03521     2.1125    126.750     63.893  49889.961    31.2066     6.4795     63.286    7.00575     6.4872    24.4988   12.58645 3.6382e-02 0.0000e+00
        509 337.619861    0.03528     2.1167    127.000     64.229  49888.004    31.2064     6.4864     63.619    7.00465     6.4925    24.4978   12.58463 3.6382e-02 0.0000e+00
        510 337.619864    0.03535     2.1208    127.250     64.566  49885.995    31.2060     6.4925     63.953    7.00366     6.4971    24.4967   12.58301 3.6382e-02 0.0000e+00
        511 337.619867    0.03542     2.1250    127.500     64.904  49883.515    31.2051     6.4979     64.287    7.00282     6.5007    24.4953   12.58164 3.6382e-02 0.0000e+00
        512 337.619870    0.03549     2.1292    127.750     65.242  49880.410    31.2036     6.5025     64.622    7.00214     6.5035    24.4936   12.58053 3.6382e-02 0.0000e+00
        513 337.619873    0.03556     2.1333    128.000     65.582  49877.634    31.2022     6.5061     64.958    7.00161     6.5056    24.4920   12.57967 3.6382e-02 0.0000e+00
        514 337.619876    0.03562     2.1375    128.250     65.922  49875.534    31.2011     6.5090     65.295    7.00119     6.5071    24.4908   12.57900 3.6382e-02 0.0000e+00
        515 337.619878    0.03569     2.1417    128.500     66.262  49873.725    31.2001     6.5111     65.633    7.00090     6.5080    24.4898   12.57852 3.6382e-02 0.0000e+00
        516 337.619881    0.03576     2.1458    128.750     66.603  49872.042    31.1991     6.5126     65.970    7.00070     6.5084    24.4888   12.57821 3.6382e-02 0.0000e+00
        517 337.619884    0.03583     2.1500    129.000     66.943  49870.584    31.1981     6.5135     66.307    7.00060     6.5086    24.4879   12.57805 3.6382e-02 0.0000e+00
        518 337.619887    0.03590     2.1542    129.250     67.286  49869.703    31.1974     6.5140     66.646    7.00055     6.5087    24.4873   12.57798 3.6382e-02 0.0000e+00
        519 337.619890    0.03597     2.1583    129.500     67.630  49869.577    31.1972     6.5142     66.987    7.00052     6.5088    24.4871   12.57793 3.6382e-02 0.0000e+00
        520 337.619893    0.03604     2.1625    129.750     67.974  49869.997    31.1974     6.5144     67.328    7.00049     6.5088    24.4872   12.57788 3.6382e-02 0.0000e+00
        521 337.619896    0.03611     2.1667    130.000     68.317  49870.763    31.1977     6.5145     67.668    7.00046     6.5090    24.4875   12.57783 3.6382e-02 0.0000e+00
        522 337.619899    0.03618     2.1708    130.250     68.657  49871.872    31.1983     6.5146     68.005    7.00041     6.5094    24.4880   12.57774 3.6382e-02 0.0000e+00
        523 337.619902    0.03625     2.1750    130.500     68.992  49872.843    31.1989     6.5148     68.336    7.00035     6.5097    24.4884   12.57763 3.6382e-02 0.0000e+00
        524 337.619905    0.03632     2.1792    130.750     69.320  49872.918    31.1989     6.5151     68.661    7.00030     6.5097    24.4883   12.57754 3.6382e-02 0.0000e+00
        525 337.619907    0.03639     2.1833    131.000     69.644  49872.230    31.1983     6.5154     68.982    7.00027     6.5096    24.4878   12.57750 3.6382e-02 0.0000e+00
        526 337.619910    0.03646     2.1875    131.250     69.967  49871.425    31.1976     6.5155     69.301    7.00029     6.5093    24.4873   12.57754 3.6382e-02 0.0000e+00
        527 337.619913    0.03653     2.1917    131.500     70.291  49871.176    31.1973     6.5154     69.621    7.00033     6.5092    24.4870   12.57761 3.6382e-02 0.0000e+00
        528 337.619916    0.03660     2.1958    131.750     70.616  49872.159    31.1977     6.5151     69.944    7.00035     6.5095    24.4874   12.57763 3.6382e-02 0.0000e+00
        529 337.619919    0.03667     2.2000    132.000     70.945  49874.511    31.1992     6.5151     70.269    7.00029     6.5105    24.4886   12.57753 3.6382e-02 0.0000e+00
        530 337.619922    0.03674     2.2042    132.250     71.277  49877.340    31.2011     6.5155     70.598    7.00014     6.5120    24.4901   12.57725 3.6382e-02 0.0000e+00
        531 337.619925    0.03681     2.2083    132.500     71.611  49879.389    31.2025     6.5165     70.929    6.99991     6.5137    24.4911   12.57685 3.6382e-02 0.0000e+00
        532 337.619928    0.03687     2.2125    132.750     71.947  49880.199    31.2032     6.5180     71.262    6.99963     6.5154    24.4915   12.57638 3.6382e-02 0.0000e+00
        533 337.619931    0.03694     2.2167    133.000     72.284  49880.276    31.2034     6.5197     71.596    6.99934     6.5170    24.4914   12.57590 3.6382e-02 0.0000e+00
        534 337.619933    0.03701     2.2208    133.250     72.623  49880.270    31.2036     6.5215     71.932    6.99905     6.5186    24.4913   12.57542 3.6382e-02 0.0000e+00
        535 337.619936    0.03708     2.2250    133.500     72.964  49880.489    31.2039     6.5231     72.269    6.99876     6.5202    24.4913   12.57494 3.6382e-02 0.0000e+00
        536 337.619939    0.03715     2.2292    133.750     73.305  49881.088    31.2045     6.5248     72.607    6.99847     6.5218    24.4916   12.57445 3.6382e-02 0.0000e+00
        537 337.619942    0.03722     2.2333    134.000     73.646  49881.850    31.2051     6.5264     72.945    6.99818     6.5233    24.4919   12.57395 3.6382e-02 0.0000e+00
        538 337.619945    0.03729     2.2375    134.250     73.985  49882.272    31.2056     6.5280     73.280    6.99790     6.5244    24.4920   12.57348 3.6382e-02 0.0000e+00
        539 337.619948    0.03736     2.2417    134.500     74.321  49882.275    31.2057     6.5294     73.613    6.99765     6.5253    24.4919   12.57308 3.6382e-02 0.0000e+00
        540 337.619951    0.03743     2.2458    134.750     74.655  49881.832    31.2054     6.5306     73.943    6.99747     6.5258    24.4916   12.57278 3.6382e-02 0.0000e+00
        541 337.619954    0.03750     2.2500    135.000     74.985  49881.022    31.2049     6.5315     74.271    6.99735     6.5262    24.4910   12.57259 3.6382e-02 0.0000e+00
        542 337.619957    0.03757     2.2542    135.250     75.315  49880.732    31.2046     6.5321     74.597    6.99727     6.5266    24.4908   12.57245 3.6382e-02 0.0000e+00
