CTD-processing/allCTD/CNV--turbid/2013_09-25_t9_s01_cast109.cnv
* Sea-Bird SBE19plus Data File:
* FileName = C:\Users\kris.holderied\Documents\kasitsna\Research-Projects-and-Data\Oceanography-AK\CTD-CookInlet-GulfWatchAK\2013-09-25-CookInlet-Tran9-HomerSpit\2013-09-25-CookInlet-Tran9-HomerSpit-cast109.hex
* Software Version 1.59
* Temperature SN =  5028
* Conductivity SN =  5028
* System UpLoad Time = Apr 09 2014 20:03:50
** Cook Inlet LTM Homer Spit Line - Monthly
** Date: 2013-09-25
** Station: 9-01
** Start time: 15:13
** Depth (m): 67.1
** CoComment:
** Comment:
# nquan = 16
# nvalues = 626                         
# units = specified
# name 0 = scan: Scan Count
# name 1 = timeJ: Julian Days
# name 2 = timeH: Time, Elapsed [hours]
# name 3 = timeM: Time, Elapsed [minutes]
# name 4 = timeS: Time, Elapsed [seconds]
# name 5 = prdM: Pressure, Strain Gauge [db]
# name 6 = specc: Specific Conductance [uS/cm]
# name 7 = sal00: Salinity, Practical [PSU]
# name 8 = tv290C: Temperature [ITS-90, deg C]
# name 9 = depSM: Depth [salt water, m], lat = 59.00
# name 10 = oxsolML/L: Oxygen Saturation, Garcia & Gordon [ml/l]
# name 11 = potemp090C: Potential Temperature [ITS-90, deg C]
# name 12 = sigma-é00: Density [sigma-theta, kg/m^3]
# name 13 = n2satML/L: Nitrogen Saturation [ml/l]
# name 14 = par: PAR/Irradiance, Biospherical/Licor
# name 15 = flag:  0.000e+00
# span 0 =          1,        626       
# span 1 = 268.634479, 268.636288       
# span 2 =    0.00000,    0.04340       
# span 3 =     0.0000,     2.6042       
# span 4 =      0.000,    156.250       
# span 5 =     -0.191,     64.626       
# span 6 =   3808.739,  49131.219       
# span 7 =     1.9772,    31.0218       
# span 8 =     8.5670,     9.0288       
# span 9 =     -0.189,     64.012       
# span 10 =    6.64291,    7.99560      
# span 11 =     8.5607,     9.0285      
# span 12 =     1.3435,    24.0703      
# span 13 =   11.99460,   14.64177      
# span 14 = 4.9644e-02, 2.1843e+02      
# span 15 = 0.0000e+00, 0.0000e+00      
# interval = seconds: 0.25
# start_time = Sep 25 2013 15:13:39 [Instrument's time stamp, header]
# bad_flag = -9.990e-29
*END*
[from data line 362]
        363 268.635527    0.02514     1.5083     90.500      5.993  48459.720    30.6298     8.9384      5.937    6.64847     8.9432    23.7075   12.00250 1.8075e+01 0.0000e+00
        364 268.635530    0.02521     1.5125     90.750      6.191  48463.148    30.6326     8.9412      6.133    6.64792     8.9453    23.7092   12.00156 1.7392e+01 0.0000e+00
        365 268.635532    0.02528     1.5167     91.000      6.385  48464.935    30.6341     8.9438      6.325    6.64747     8.9469    23.7101   12.00080 1.6761e+01 0.0000e+00
        366 268.635535    0.02535     1.5208     91.250      6.575  48466.434    30.6353     8.9459      6.513    6.64711     8.9482    23.7107   12.00018 1.6171e+01 0.0000e+00
        367 268.635538    0.02542     1.5250     91.500      6.761  48467.996    30.6366     8.9476      6.697    6.64681     8.9494    23.7114   11.99967 1.5613e+01 0.0000e+00
        368 268.635541    0.02549     1.5292     91.750      6.945  48469.537    30.6378     8.9490      6.879    6.64655     8.9505    23.7122   11.99923 1.5079e+01 0.0000e+00
        369 268.635544    0.02556     1.5333     92.000      7.129  48471.220    30.6390     8.9502      7.062    6.64632     8.9518    23.7130   11.99883 1.4563e+01 0.0000e+00
        370 268.635547    0.02562     1.5375     92.250      7.315  48473.264    30.6405     8.9513      7.246    6.64608     8.9533    23.7140   11.99842 1.4063e+01 0.0000e+00
        371 268.635550    0.02569     1.5417     92.500      7.502  48475.358    30.6421     8.9526      7.432    6.64583     8.9548    23.7150   11.99798 1.3583e+01 0.0000e+00
        372 268.635553    0.02576     1.5458     92.750      7.689  48476.850    30.6433     8.9541      7.617    6.64556     8.9563    23.7157   11.99752 1.3121e+01 0.0000e+00
        373 268.635556    0.02583     1.5500     93.000      7.875  48477.680    30.6440     8.9556      7.801    6.64530     8.9575    23.7161   11.99708 1.2669e+01 0.0000e+00
        374 268.635558    0.02590     1.5542     93.250      8.058  48478.187    30.6445     8.9571      7.982    6.64506     8.9586    23.7162   11.99668 1.2234e+01 0.0000e+00
        375 268.635561    0.02597     1.5583     93.500      8.237  48478.609    30.6449     8.9584      8.160    6.64485     8.9596    23.7163   11.99633 1.1824e+01 0.0000e+00
        376 268.635564    0.02604     1.5625     93.750      8.412  48479.020    30.6452     8.9595      8.333    6.64467     8.9604    23.7164   11.99603 1.1438e+01 0.0000e+00
        377 268.635567    0.02611     1.5667     94.000      8.582  48479.256    30.6455     8.9604      8.502    6.64452     8.9612    23.7165   11.99577 1.1078e+01 0.0000e+00
        378 268.635570    0.02618     1.5708     94.250      8.745  48479.468    30.6457     8.9613      8.662    6.64438     8.9619    23.7165   11.99554 1.0750e+01 0.0000e+00
        379 268.635573    0.02625     1.5750     94.500      8.897  48479.893    30.6460     8.9621      8.814    6.64425     8.9625    23.7166   11.99532 1.0456e+01 0.0000e+00
        380 268.635576    0.02632     1.5792     94.750      9.041  48480.233    30.6463     8.9628      8.956    6.64414     8.9630    23.7167   11.99513 1.0186e+01 0.0000e+00
        381 268.635579    0.02639     1.5833     95.000      9.178  48480.259    30.6463     8.9634      9.092    6.64404     8.9635    23.7167   11.99497 9.9252e+00 0.0000e+00
        382 268.635582    0.02646     1.5875     95.250      9.317  48480.108    30.6462     8.9640      9.229    6.64396     8.9638    23.7166   11.99484 9.6607e+00 0.0000e+00
        383 268.635584    0.02653     1.5917     95.500      9.463  48479.913    30.6461     8.9644      9.374    6.64390     8.9641    23.7164   11.99475 9.3860e+00 0.0000e+00
        384 268.635587    0.02660     1.5958     95.750      9.618  48479.649    30.6459     8.9648      9.528    6.64386     8.9642    23.7162   11.99468 9.1058e+00 0.0000e+00
        385 268.635590    0.02667     1.6000     96.000      9.782  48479.323    30.6456     8.9651      9.690    6.64383     8.9643    23.7159   11.99463 8.8255e+00 0.0000e+00
        386 268.635593    0.02674     1.6042     96.250      9.952  48479.045    30.6454     8.9652      9.859    6.64381     8.9643    23.7157   11.99461 8.5436e+00 0.0000e+00
        387 268.635596    0.02681     1.6083     96.500     10.130  48478.894    30.6452     8.9653     10.036    6.64381     8.9642    23.7156   11.99460 8.2569e+00 0.0000e+00
        388 268.635599    0.02688     1.6125     96.750     10.318  48478.912    30.6452     8.9653     10.222    6.64381     8.9640    23.7155   11.99460 7.9671e+00 0.0000e+00
        389 268.635602    0.02694     1.6167     97.000     10.514  48479.079    30.6452     8.9653     10.416    6.64382     8.9636    23.7156   11.99462 7.6788e+00 0.0000e+00
        390 268.635605    0.02701     1.6208     97.250     10.715  48479.355    30.6452     8.9651     10.614    6.64384     8.9631    23.7157   11.99466 7.3969e+00 0.0000e+00
        391 268.635608    0.02708     1.6250     97.500     10.916  48479.764    30.6454     8.9647     10.814    6.64389     8.9626    23.7159   11.99473 7.1240e+00 0.0000e+00
        392 268.635611    0.02715     1.6292     97.750     11.117  48480.390    30.6457     8.9643     11.013    6.64394     8.9620    23.7162   11.99482 6.8609e+00 0.0000e+00
        393 268.635613    0.02722     1.6333     98.000     11.317  48481.026    30.6460     8.9637     11.211    6.64401     8.9612    23.7165   11.99492 6.6073e+00 0.0000e+00
        394 268.635616    0.02729     1.6375     98.250     11.517  48481.172    30.6459     8.9631     11.409    6.64410     8.9600    23.7165   11.99507 6.3620e+00 0.0000e+00
        395 268.635619    0.02736     1.6417     98.500     11.716  48480.733    30.6454     8.9624     11.606    6.64423     8.9582    23.7162   11.99530 6.1254e+00 0.0000e+00
        396 268.635622    0.02743     1.6458     98.750     11.915  48480.175    30.6448     8.9612     11.803    6.64444     8.9559    23.7159   11.99565 5.8983e+00 0.0000e+00
        397 268.635625    0.02750     1.6500     99.000     12.114  48480.270    30.6445     8.9594     12.001    6.64471     8.9535    23.7160   11.99611 5.6810e+00 0.0000e+00
        398 268.635628    0.02757     1.6542     99.250     12.314  48481.437    30.6449     8.9571     12.198    6.64503     8.9511    23.7166   11.99663 5.4731e+00 0.0000e+00
        399 268.635631    0.02764     1.6583     99.500     12.514  48482.807    30.6455     8.9547     12.396    6.64536     8.9486    23.7174   11.99718 5.2720e+00 0.0000e+00
        400 268.635634    0.02771     1.6625     99.750     12.716  48483.041    30.6452     8.9524     12.597    6.64572     8.9455    23.7176   11.99777 5.0771e+00 0.0000e+00
        401 268.635637    0.02778     1.6667    100.000     12.920  48481.805    30.6439     8.9499     12.799    6.64615     8.9410    23.7169   11.99849 4.8890e+00 0.0000e+00
        402 268.635639    0.02785     1.6708    100.250     13.128  48479.419    30.6417     8.9468     13.005    6.64671     8.9350    23.7157   11.99944 4.7046e+00 0.0000e+00
        403 268.635642    0.02792     1.6750    100.500     13.342  48476.913    30.6393     8.9424     13.217    6.64747     8.9271    23.7144   12.00073 4.5185e+00 0.0000e+00
        404 268.635645    0.02799     1.6792    100.750     13.566  48475.180    30.6371     8.9364     13.439    6.64845     8.9169    23.7137   12.00239 4.3281e+00 0.0000e+00
        405 268.635648    0.02806     1.6833    101.000     13.802  48473.380    30.6347     8.9285     13.673    6.64973     8.9044    23.7129   12.00453 4.1343e+00 0.0000e+00
        406 268.635651    0.02813     1.6875    101.250     14.049  48472.664    30.6327     8.9184     13.917    6.65132     8.8909    23.7129   12.00719 3.9399e+00 0.0000e+00
        407 268.635654    0.02819     1.6917    101.500     14.302  48476.749    30.6337     8.9059     14.168    6.65313     8.8783    23.7156   12.01018 3.7462e+00 0.0000e+00
        408 268.635657    0.02826     1.6958    101.750     14.562  48486.098    30.6383     8.8924     14.425    6.65494     8.8678    23.7212   12.01313 3.5536e+00 0.0000e+00
        409 268.635660    0.02833     1.7000    102.000     14.826  48497.995    30.6447     8.8798     14.687    6.65653     8.8595    23.7281   12.01568 3.3631e+00 0.0000e+00
        410 268.635663    0.02840     1.7042    102.250     15.095  48510.311    30.6518     8.8694     14.953    6.65778     8.8524    23.7352   12.01767 3.1762e+00 0.0000e+00
        411 268.635666    0.02847     1.7083    102.500     15.370  48522.715    30.6592     8.8611     15.226    6.65870     8.8455    23.7422   12.01910 2.9948e+00 0.0000e+00
        412 268.635668    0.02854     1.7125    102.750     15.651  48536.637    30.6678     8.8541     15.504    6.65937     8.8381    23.7501   12.02010 2.8204e+00 0.0000e+00
        413 268.635671    0.02861     1.7167    103.000     15.936  48553.851    30.6788     8.8472     15.786    6.65993     8.8301    23.7597   12.02088 2.6539e+00 0.0000e+00
        414 268.635674    0.02868     1.7208    103.250     16.223  48575.673    30.6929     8.8397     16.071    6.66043     8.8217    23.7718   12.02154 2.4968e+00 0.0000e+00
        415 268.635677    0.02875     1.7250    103.500     16.512  48602.493    30.7104     8.8317     16.357    6.66087     8.8133    23.7867   12.02205 2.3503e+00 0.0000e+00
        416 268.635680    0.02882     1.7292    103.750     16.800  48630.964    30.7291     8.8233     16.642    6.66131     8.8058    23.8026   12.02256 2.2152e+00 0.0000e+00
        417 268.635683    0.02889     1.7333    104.000     17.085  48655.657    30.7450     8.8150     16.925    6.66187     8.7999    23.8163   12.02329 2.0918e+00 0.0000e+00
        418 268.635686    0.02896     1.7375    104.250     17.366  48674.470    30.7570     8.8075     17.204    6.66246     8.7956    23.8268   12.02412 1.9804e+00 0.0000e+00
        419 268.635689    0.02903     1.7417    104.500     17.642  48688.192    30.7657     8.8016     17.476    6.66296     8.7927    23.8345   12.02484 1.8806e+00 0.0000e+00
        420 268.635692    0.02910     1.7458    104.750     17.906  48697.973    30.7718     8.7974     17.738    6.66333     8.7908    23.8399   12.02537 1.7919e+00 0.0000e+00
        421 268.635694    0.02917     1.7500    105.000     18.157  48704.948    30.7762     8.7946     17.986    6.66356     8.7897    23.8437   12.02571 1.7129e+00 0.0000e+00
        422 268.635697    0.02924     1.7542    105.250     18.394  48710.189    30.7795     8.7927     18.221    6.66370     8.7890    23.8466   12.02589 1.6421e+00 0.0000e+00
        423 268.635700    0.02931     1.7583    105.500     18.618  48714.454    30.7823     8.7915     18.443    6.66376     8.7887    23.8489   12.02595 1.5778e+00 0.0000e+00
        424 268.635703    0.02937     1.7625    105.750     18.834  48717.998    30.7846     8.7909     18.657    6.66375     8.7885    23.8508   12.02592 1.5180e+00 0.0000e+00
        425 268.635706    0.02944     1.7667    106.000     19.044  48721.098    30.7866     8.7906     18.865    6.66371     8.7883    23.8525   12.02583 1.4614e+00 0.0000e+00
        426 268.635709    0.02951     1.7708    106.250     19.252  48724.137    30.7886     8.7904     19.071    6.66365     8.7881    23.8541   12.02570 1.4074e+00 0.0000e+00
        427 268.635712    0.02958     1.7750    106.500     19.457  48727.204    30.7906     8.7902     19.274    6.66359     8.7878    23.8557   12.02557 1.3561e+00 0.0000e+00
        428 268.635715    0.02965     1.7792    106.750     19.657  48730.316    30.7927     8.7901     19.472    6.66352     8.7873    23.8574   12.02544 1.3083e+00 0.0000e+00
        429 268.635718    0.02972     1.7833    107.000     19.850  48733.603    30.7949     8.7898     19.663    6.66347     8.7866    23.8591   12.02533 1.2642e+00 0.0000e+00
        430 268.635720    0.02979     1.7875    107.250     20.034  48737.194    30.7973     8.7893     19.845    6.66344     8.7857    23.8610   12.02524 1.2232e+00 0.0000e+00
        431 268.635723    0.02986     1.7917    107.500     20.211  48741.495    30.8001     8.7887     20.021    6.66341     8.7843    23.8634   12.02517 1.1847e+00 0.0000e+00
        432 268.635726    0.02993     1.7958    107.750     20.384  48747.307    30.8040     8.7877     20.192    6.66339     8.7824    23.8665   12.02508 1.1482e+00 0.0000e+00
        433 268.635729    0.03000     1.8000    108.000     20.554  48755.005    30.8091     8.7864     20.361    6.66337     8.7796    23.8707   12.02498 1.1134e+00 0.0000e+00
        434 268.635732    0.03007     1.8042    108.250     20.724  48764.297    30.8152     8.7844     20.530    6.66339     8.7759    23.8759   12.02495 1.0799e+00 0.0000e+00
        435 268.635735    0.03014     1.8083    108.500     20.895  48774.894    30.8222     8.7817     20.699    6.66350     8.7712    23.8817   12.02504 1.0476e+00 0.0000e+00
        436 268.635738    0.03021     1.8125    108.750     21.069  48786.445    30.8297     8.7781     20.871    6.66372     8.7660    23.8881   12.02532 1.0161e+00 0.0000e+00
        437 268.635741    0.03028     1.8167    109.000     21.245  48798.323    30.8373     8.7734     21.045    6.66410     8.7609    23.8948   12.02584 9.8549e-01 0.0000e+00
        438 268.635744    0.03035     1.8208    109.250     21.424  48809.848    30.8445     8.7681     21.223    6.66456     8.7564    23.9012   12.02653 9.5585e-01 0.0000e+00
        439 268.635747    0.03042     1.8250    109.500     21.604  48820.333    30.8511     8.7631     21.401    6.66504     8.7526    23.9071   12.02723 9.2748e-01 0.0000e+00
        440 268.635749    0.03049     1.8292    109.750     21.782  48829.298    30.8567     8.7586     21.577    6.66547     8.7496    23.9121   12.02788 9.0097e-01 0.0000e+00
        441 268.635752    0.03056     1.8333    110.000     21.956  48836.708    30.8612     8.7548     21.749    6.66584     8.7472    23.9162   12.02843 8.7642e-01 0.0000e+00
        442 268.635755    0.03062     1.8375    110.250     22.125  48842.800    30.8650     8.7518     21.917    6.66612     8.7454    23.9196   12.02886 8.5354e-01 0.0000e+00
        443 268.635758    0.03069     1.8417    110.500     22.290  48847.950    30.8682     8.7494     22.080    6.66633     8.7439    23.9225   12.02917 8.3221e-01 0.0000e+00
        444 268.635761    0.03076     1.8458    110.750     22.451  48852.486    30.8710     8.7476     22.240    6.66648     8.7427    23.9250   12.02937 8.1203e-01 0.0000e+00
        445 268.635764    0.03083     1.8500    111.000     22.611  48856.476    30.8735     8.7462     22.399    6.66659     8.7415    23.9272   12.02953 7.9232e-01 0.0000e+00
        446 268.635767    0.03090     1.8542    111.250     22.775  48859.997    30.8757     8.7449     22.561    6.66668     8.7405    23.9291   12.02966 7.7265e-01 0.0000e+00
        447 268.635770    0.03097     1.8583    111.500     22.945  48863.175    30.8777     8.7438     22.729    6.66677     8.7397    23.9309   12.02977 7.5266e-01 0.0000e+00
        448 268.635773    0.03104     1.8625    111.750     23.123  48865.963    30.8795     8.7428     22.905    6.66684     8.7390    23.9324   12.02987 7.3206e-01 0.0000e+00
        449 268.635775    0.03111     1.8667    112.000     23.310  48868.278    30.8809     8.7420     23.090    6.66689     8.7385    23.9336   12.02995 7.1114e-01 0.0000e+00
        450 268.635778    0.03118     1.8708    112.250     23.504  48870.108    30.8820     8.7413     23.283    6.66694     8.7381    23.9345   12.03001 6.9050e-01 0.0000e+00
        451 268.635781    0.03125     1.8750    112.500     23.700  48871.513    30.8828     8.7408     23.478    6.66698     8.7378    23.9353   12.03007 6.7056e-01 0.0000e+00
