CTD-processing/allCTD/CNV--turbid/2013_07-22_t9_s05_cast082.cnv
* Sea-Bird SBE19plus Data File:
* FileName = C:\Users\kris.holderied\Documents\kasitsna\Research-Projects-and-Data\Oceanography-AK\CTD-CookInlet-GulfWatchAK\2013-07-EVOSTC-CookInlet-Ocean\2013-07-22-CookInlet-Tran9-HomerSpit\2013-07-22-CookInlet-Tran9-HomerSpit-cast082.hex
* Software Version 1.59
* Temperature SN =  5028
* Conductivity SN =  5028
* System UpLoad Time = Apr 09 2014 19:20:33
** Cook Inlet LTM  Transect 9 (Homer Spit)  south to north
** Date: 2013-07-22
** Station: 9-05
** Start time: 09:34
** Depth (m): 91
** Comment:  CTD instrument time is AK Daylight.
** Comment:
# nquan = 16
# nvalues = 606                         
# units = specified
# name 0 = scan: Scan Count
# name 1 = timeJ: Julian Days
# name 2 = timeH: Time, Elapsed [hours]
# name 3 = timeM: Time, Elapsed [minutes]
# name 4 = timeS: Time, Elapsed [seconds]
# name 5 = prdM: Pressure, Strain Gauge [db]
# name 6 = specc: Specific Conductance [uS/cm]
# name 7 = sal00: Salinity, Practical [PSU]
# name 8 = tv290C: Temperature [ITS-90, deg C]
# name 9 = depSM: Depth [salt water, m], lat = 59.00
# name 10 = oxsolML/L: Oxygen Saturation, Garcia & Gordon [ml/l]
# name 11 = potemp090C: Potential Temperature [ITS-90, deg C]
# name 12 = sigma-é00: Density [sigma-theta, kg/m^3]
# name 13 = n2satML/L: Nitrogen Saturation [ml/l]
# name 14 = par: PAR/Irradiance, Biospherical/Licor
# name 15 = flag:  0.000e+00
# span 0 =          1,        606       
# span 1 = 203.399178, 203.400929       
# span 2 =    0.00000,    0.04201       
# span 3 =     0.0000,     2.5208       
# span 4 =      0.000,    151.250       
# span 5 =      0.001,     90.030       
# span 6 =   1213.780,  50500.114       
# span 7 =     0.6021,    31.6168       
# span 8 =     6.4779,    14.0248       
# span 9 =      0.001,     89.170       
# span 10 =    6.20791,    7.63022      
# span 11 =     6.4704,    14.0247      
# span 12 =     0.0453,    24.8226      
# span 13 =   11.31582,   14.04485      
# span 14 = 5.3143e-02, 5.6403e+02      
# span 15 = 0.0000e+00, 0.0000e+00      
# interval = seconds: 0.25
# start_time = Jul 22 2013 09:34:49 [Instrument's time stamp, header]
# bad_flag = -9.990e-29
*END*
[from data line 91]
         92 203.399442    0.00632     0.3792     22.750      1.064  33398.027    20.6606    13.9332      1.054    6.35619    13.9301    15.1493   11.63690 4.0006e+01 0.0000e+00
         93 203.399444    0.00639     0.3833     23.000      1.053  33413.818    20.6713    13.9314      1.044    6.35601    13.9294    15.1578   11.63646 4.0551e+01 0.0000e+00
         94 203.399447    0.00646     0.3875     23.250      1.037  33426.242    20.6797    13.9303      1.027    6.35583    13.9295    15.1644   11.63605 4.0921e+01 0.0000e+00
         95 203.399450    0.00653     0.3917     23.500      1.016  33438.919    20.6883    13.9296      1.007    6.35558    13.9306    15.1711   11.63554 4.1238e+01 0.0000e+00
         96 203.399453    0.00660     0.3958     23.750      0.993  33453.546    20.6982    13.9296      0.984    6.35519    13.9326    15.1788   11.63476 4.1801e+01 0.0000e+00
         97 203.399456    0.00667     0.4000     24.000      0.969  33468.247    20.7082    13.9308      0.961    6.35464    13.9345    15.1863   11.63372 4.2600e+01 0.0000e+00
         98 203.399459    0.00674     0.4042     24.250      0.948  33480.131    20.7164    13.9327      0.939    6.35406    13.9361    15.1922   11.63266 4.3346e+01 0.0000e+00
         99 203.399462    0.00681     0.4083     24.500      0.930  33489.389    20.7228    13.9347      0.922    6.35355    13.9374    15.1968   11.63172 4.3822e+01 0.0000e+00
        100 203.399465    0.00688     0.4125     24.750      0.920  33499.013    20.7294    13.9363      0.912    6.35308    13.9384    15.2016   11.63086 4.3746e+01 0.0000e+00
        101 203.399468    0.00694     0.4167     25.000      0.919  33511.196    20.7377    13.9375      0.910    6.35258    13.9390    15.2078   11.62993 4.3010e+01 0.0000e+00
        102 203.399470    0.00701     0.4208     25.250      0.929  33523.786    20.7463    13.9386      0.921    6.35210    13.9381    15.2142   11.62903 4.2114e+01 0.0000e+00
        103 203.399473    0.00708     0.4250     25.500      0.950  33530.487    20.7509    13.9391      0.942    6.35185    13.9348    15.2176   11.62855 4.1502e+01 0.0000e+00
        104 203.399476    0.00715     0.4292     25.750      0.979  33525.368    20.7474    13.9382      0.970    6.35211    13.9283    15.2150   11.62902 4.0985e+01 0.0000e+00
        105 203.399479    0.00722     0.4333     26.000      1.007  33504.593    20.7331    13.9350      0.998    6.35310    13.9178    15.2047   11.63086 4.0316e+01 0.0000e+00
        106 203.399482    0.00729     0.4375     26.250      1.031  33470.182    20.7094    13.9284      1.021    6.35491    13.9025    15.1876   11.63416 3.9658e+01 0.0000e+00
        107 203.399485    0.00736     0.4417     26.500      1.045  33433.401    20.6839    13.9179      1.035    6.35732    13.8815    15.1699   11.63849 3.9376e+01 0.0000e+00
        108 203.399488    0.00743     0.4458     26.750      1.048  33408.508    20.6663    13.9026      1.038    6.36004    13.8567    15.1591   11.64326 3.9589e+01 0.0000e+00
        109 203.399491    0.00750     0.4500     27.000      1.044  33405.569    20.6633    13.8816      1.034    6.36296    13.8344    15.1606   11.64818 4.0086e+01 0.0000e+00
        110 203.399494    0.00757     0.4542     27.250      1.034  33425.701    20.6758    13.8568      1.025    6.36578    13.8203    15.1747   11.65275 4.0588e+01 0.0000e+00
        111 203.399497    0.00764     0.4583     27.500      1.024  33459.774    20.6978    13.8345      1.015    6.36789    13.8157    15.1958   11.65602 4.0952e+01 0.0000e+00
        112 203.399499    0.00771     0.4625     27.750      1.017  33494.559    20.7208    13.8204      1.008    6.36887    13.8186    15.2160   11.65737 4.1155e+01 0.0000e+00
        113 203.399502    0.00778     0.4667     28.000      1.014  33520.264    20.7380    13.8158      1.005    6.36880    13.8263    15.2301   11.65706 4.1151e+01 0.0000e+00
        114 203.399505    0.00785     0.4708     28.250      1.016  33532.631    20.7465    13.8188      1.007    6.36807    13.8353    15.2361   11.65573 4.0872e+01 0.0000e+00
        115 203.399508    0.00792     0.4750     28.500      1.023  33531.409    20.7461    13.8264      1.014    6.36707    13.8424    15.2344   11.65406 4.0439e+01 0.0000e+00
        116 203.399511    0.00799     0.4792     28.750      1.032  33518.260    20.7376    13.8355      1.023    6.36619    13.8444    15.2262   11.65270 4.0150e+01 0.0000e+00
        117 203.399514    0.00806     0.4833     29.000      1.040  33495.520    20.7225    13.8425      1.031    6.36584    13.8404    15.2133   11.65231 4.0149e+01 0.0000e+00
        118 203.399517    0.00813     0.4875     29.250      1.044  33468.359    20.7041    13.8446      1.034    6.36629    13.8300    15.1988   11.65328 4.0362e+01 0.0000e+00
        119 203.399520    0.00819     0.4917     29.500      1.040  33444.978    20.6881    13.8405      1.030    6.36747    13.8126    15.1872   11.65545 4.0727e+01 0.0000e+00
        120 203.399523    0.00826     0.4958     29.750      1.026  33432.029    20.6788    13.8301      1.016    6.36923    13.7893    15.1819   11.65849 4.1312e+01 0.0000e+00
        121 203.399525    0.00833     0.5000     30.000      1.003  33433.582    20.6790    13.8127      0.993    6.37155    13.7654    15.1852   11.66237 4.2122e+01 0.0000e+00
        122 203.399528    0.00840     0.5042     30.250      0.973  33450.973    20.6897    13.7894      0.963    6.37425    13.7472    15.1976   11.66675 4.2980e+01 0.0000e+00
        123 203.399531    0.00847     0.5083     30.500      0.941  33480.618    20.7087    13.7655      0.932    6.37670    13.7385    15.2165   11.67062 4.3729e+01 0.0000e+00
        124 203.399534    0.00854     0.5125     30.750      0.914  33515.711    20.7316    13.7473      0.905    6.37822    13.7409    15.2375   11.67290 4.4477e+01 0.0000e+00
        125 203.399537    0.00861     0.5167     31.000      0.896  33548.902    20.7537    13.7386      0.887    6.37851    13.7544    15.2561   11.67312 4.5091e+01 0.0000e+00
        126 203.399540    0.00868     0.5208     31.250      0.890  33574.085    20.7710    13.7410      0.882    6.37751    13.7764    15.2689   11.67124 4.5048e+01 0.0000e+00
        127 203.399543    0.00875     0.5250     31.500      0.899  33588.975    20.7818    13.7546      0.890    6.37528    13.8020    15.2747   11.66737 4.4340e+01 0.0000e+00
        128 203.399546    0.00882     0.5292     31.750      0.921  33595.212    20.7871    13.7765      0.912    6.37212    13.8268    15.2748   11.66203 4.3237e+01 0.0000e+00
        129 203.399549    0.00889     0.5333     32.000      0.955  33594.752    20.7880    13.8021      0.945    6.36867    13.8480    15.2709   11.65624 4.1890e+01 0.0000e+00
        130 203.399552    0.00896     0.5375     32.250      0.995  33587.090    20.7840    13.8269      0.985    6.36551    13.8634    15.2634   11.65101 4.0612e+01 0.0000e+00
        131 203.399554    0.00903     0.5417     32.500      1.037  33569.944    20.7733    13.8481      1.026    6.36310    13.8715    15.2514   11.64710 3.9675e+01 0.0000e+00
        132 203.399557    0.00910     0.5458     32.750      1.074  33541.033    20.7544    13.8635      1.063    6.36178    13.8712    15.2340   11.64512 3.9143e+01 0.0000e+00
        133 203.399560    0.00917     0.5500     33.000      1.101  33502.536    20.7287    13.8716      1.090    6.36172    13.8617    15.2127   11.64533 3.8954e+01 0.0000e+00
        134 203.399563    0.00924     0.5542     33.250      1.115  33464.110    20.7025    13.8713      1.104    6.36279    13.8417    15.1927   11.64743 3.9060e+01 0.0000e+00
        135 203.399566    0.00931     0.5583     33.500      1.113  33437.818    20.6842    13.8618      1.103    6.36479    13.8134    15.1803   11.65100 3.9446e+01 0.0000e+00
        136 203.399569    0.00937     0.5625     33.750      1.098  33432.108    20.6794    13.8419      1.088    6.36764    13.7828    15.1802   11.65583 4.0069e+01 0.0000e+00
        137 203.399572    0.00944     0.5667     34.000      1.073  33448.544    20.6892    13.8135      1.063    6.37105    13.7564    15.1929   11.66140 4.0892e+01 0.0000e+00
        138 203.399575    0.00951     0.5708     34.250      1.042  33481.462    20.7101    13.7829      1.033    6.37432    13.7377    15.2145   11.66662 4.1797e+01 0.0000e+00
        139 203.399578    0.00958     0.5750     34.500      1.012  33520.469    20.7353    13.7565      1.002    6.37685    13.7270    15.2386   11.67056 4.2628e+01 0.0000e+00
        140 203.399580    0.00965     0.5792     34.750      0.985  33554.572    20.7575    13.7378      0.976    6.37848    13.7236    15.2591   11.67301 4.3248e+01 0.0000e+00
        141 203.399583    0.00972     0.5833     35.000      0.966  33576.792    20.7721    13.7271      0.956    6.37933    13.7259    15.2723   11.67426 4.3514e+01 0.0000e+00
        142 203.399586    0.00979     0.5875     35.250      0.954  33584.939    20.7775    13.7237      0.945    6.37958    13.7310    15.2770   11.67461 4.3411e+01 0.0000e+00
        143 203.399589    0.00986     0.5917     35.500      0.950  33580.359    20.7745    13.7260      0.941    6.37938    13.7355    15.2743   11.67433 4.3085e+01 0.0000e+00
        144 203.399592    0.00993     0.5958     35.750      0.952  33566.880    20.7656    13.7311      0.943    6.37905    13.7379    15.2666   11.67389 4.2793e+01 0.0000e+00
        145 203.399595    0.01000     0.6000     36.000      0.957  33549.562    20.7540    13.7356      0.948    6.37890    13.7381    15.2569   11.67376 4.2603e+01 0.0000e+00
        146 203.399598    0.01007     0.6042     36.250      0.962  33533.387    20.7431    13.7380      0.953    6.37901    13.7372    15.2481   11.67409 4.2328e+01 0.0000e+00
        147 203.399601    0.01014     0.6083     36.500      0.966  33521.725    20.7352    13.7382      0.957    6.37929    13.7359    15.2419   11.67465 4.1966e+01 0.0000e+00
        148 203.399604    0.01021     0.6125     36.750      0.967  33515.497    20.7310    13.7373      0.958    6.37959    13.7349    15.2388   11.67519 4.1745e+01 0.0000e+00
        149 203.399606    0.01028     0.6167     37.000      0.966  33514.084    20.7300    13.7361      0.957    6.37980    13.7348    15.2382   11.67555 4.1757e+01 0.0000e+00
        150 203.399609    0.01035     0.6208     37.250      0.965  33516.862    20.7318    13.7350      0.956    6.37986    13.7364    15.2398   11.67564 4.1933e+01 0.0000e+00
        151 203.399612    0.01042     0.6250     37.500      0.966  33523.168    20.7361    13.7349      0.957    6.37971    13.7408    15.2432   11.67533 4.2129e+01 0.0000e+00
        152 203.399615    0.01049     0.6292     37.750      0.971  33531.353    20.7417    13.7366      0.962    6.37927    13.7490    15.2472   11.67452 4.2137e+01 0.0000e+00
        153 203.399618    0.01056     0.6333     38.000      0.981  33538.647    20.7469    13.7410      0.972    6.37847    13.7618    15.2504   11.67313 4.1830e+01 0.0000e+00
        154 203.399621    0.01063     0.6375     38.250      0.996  33542.418    20.7498    13.7492      0.987    6.37725    13.7784    15.2512   11.67106 4.1209e+01 0.0000e+00
        155 203.399624    0.01069     0.6417     38.500      1.017  33541.473    20.7498    13.7619      1.008    6.37555    13.7959    15.2488   11.66822 4.0491e+01 0.0000e+00
        156 203.399627    0.01076     0.6458     38.750      1.040  33535.224    20.7463    13.7785      1.031    6.37346    13.8103    15.2432   11.66477 4.0047e+01 0.0000e+00
        157 203.399630    0.01083     0.6500     39.000      1.064  33522.337    20.7384    13.7961      1.054    6.37142    13.8177    15.2339   11.66145 4.0060e+01 0.0000e+00
        158 203.399633    0.01090     0.6542     39.250      1.082  33501.921    20.7253    13.8104      1.072    6.37003    13.8158    15.2212   11.65927 4.0432e+01 0.0000e+00
        159 203.399635    0.01097     0.6583     39.500      1.089  33477.961    20.7094    13.8178      1.080    6.36967    13.8033    15.2076   11.65887 4.0977e+01 0.0000e+00
        160 203.399638    0.01104     0.6625     39.750      1.085  33459.212    20.6965    13.8159      1.075    6.37042    13.7799    15.1981   11.66028 4.1552e+01 0.0000e+00
        161 203.399641    0.01111     0.6667     40.000      1.068  33453.651    20.6921    13.8034      1.058    6.37228    13.7506    15.1970   11.66343 4.2109e+01 0.0000e+00
        162 203.399644    0.01118     0.6708     40.250      1.042  33465.321    20.6989    13.7800      1.032    6.37514    13.7228    15.2065   11.66813 4.2747e+01 0.0000e+00
        163 203.399647    0.01125     0.6750     40.500      1.012  33492.219    20.7158    13.7507      1.002    6.37840    13.7016    15.2247   11.67339 4.3495e+01 0.0000e+00
        164 203.399650    0.01132     0.6792     40.750      0.984  33527.080    20.7381    13.7229      0.974    6.38125    13.6890    15.2469   11.67788 4.4101e+01 0.0000e+00
        165 203.399653    0.01139     0.6833     41.000      0.963  33560.766    20.7599    13.7017      0.954    6.38322    13.6853    15.2675   11.68093 4.4291e+01 0.0000e+00
        166 203.399656    0.01146     0.6875     41.250      0.951  33584.927    20.7757    13.6891      0.942    6.38429    13.6897    15.2819   11.68252 4.4185e+01 0.0000e+00
        167 203.399659    0.01153     0.6917     41.500      0.949  33594.569    20.7821    13.6854      0.940    6.38452    13.6987    15.2875   11.68283 4.3969e+01 0.0000e+00
        168 203.399661    0.01160     0.6958     41.750      0.953  33589.124    20.7786    13.6898      0.944    6.38406    13.7076    15.2840   11.68211 4.3575e+01 0.0000e+00
        169 203.399664    0.01167     0.7000     42.000      0.959  33572.872    20.7680    13.6988      0.950    6.38328    13.7133    15.2743   11.68092 4.3123e+01 0.0000e+00
        170 203.399667    0.01174     0.7042     42.250      0.964  33554.164    20.7557    13.7077      0.956    6.38258    13.7152    15.2632   11.67990 4.2858e+01 0.0000e+00
        171 203.399670    0.01181     0.7083     42.500      0.967  33540.306    20.7466    13.7134      0.958    6.38217    13.7137    15.2552   11.67932 4.2790e+01 0.0000e+00
        172 203.399673    0.01188     0.7125     42.750      0.967  33534.026    20.7424    13.7153      0.958    6.38208    13.7108    15.2516   11.67923 4.2815e+01 0.0000e+00
        173 203.399676    0.01194     0.7167     43.000      0.965  33535.184    20.7432    13.7138      0.956    6.38225    13.7087    15.2525   11.67951 4.2849e+01 0.0000e+00
        174 203.399679    0.01201     0.7208     43.250      0.963  33541.545    20.7473    13.7109      0.954    6.38248    13.7088    15.2562   11.67983 4.2982e+01 0.0000e+00
        175 203.399682    0.01208     0.7250     43.500      0.963  33549.506    20.7526    13.7088      0.954    6.38256    13.7121    15.2607   11.67989 4.3233e+01 0.0000e+00
        176 203.399685    0.01215     0.7292     43.750      0.967  33556.149    20.7572    13.7089      0.958    6.38236    13.7187    15.2641   11.67951 4.3356e+01 0.0000e+00
        177 203.399688    0.01222     0.7333     44.000      0.976  33559.711    20.7597    13.7122      0.967    6.38182    13.7281    15.2655   11.67857 4.3221e+01 0.0000e+00
        178 203.399690    0.01229     0.7375     44.250      0.991  33559.395    20.7598    13.7188      0.982    6.38093    13.7394    15.2644   11.67708 4.2836e+01 0.0000e+00
        179 203.399693    0.01236     0.7417     44.500      1.010  33555.223    20.7575    13.7282      1.001    6.37976    13.7514    15.2609   11.67516 4.2247e+01 0.0000e+00
        180 203.399696    0.01243     0.7458     44.750      1.033  33547.495    20.7528    13.7396      1.024    6.37842    13.7620    15.2552   11.67298 4.1670e+01 0.0000e+00
