CTD-processing/allCTD/CNV--turbid/2013_11-06_t6_s02_cast134.cnv
* Sea-Bird SBE19plus Data File:
* FileName = C:\Users\kris.holderied\Documents\kasitsna\Research-Projects-and-Data\Oceanography-AK\CTD-CookInlet-GulfWatchAK\2013-10-11-EVOSTC-CookInlet-Ocean\2013-11-06-CookInlet-Tran6-Douglas\2013-11-06-CookInlet-Tran6-cast134.hex
* Software Version 1.59
* Temperature SN =  5028
* Conductivity SN =  5028
* System UpLoad Time = Feb 14 2014 17:09:31
** Cook Inlet Transect 6 (Douglas) east to west
** Date: 2013-11-06
** Station: 6-02
** Start time: 08:20
** Depth (m): 45
** Comment:  CTD instrument time is AK Daylight time *1 hour off*
** Comment:
# nquan = 16
# nvalues = 470                         
# units = specified
# name 0 = scan: Scan Count
# name 1 = timeJ: Julian Days
# name 2 = timeH: Time, Elapsed [hours]
# name 3 = timeM: Time, Elapsed [minutes]
# name 4 = timeS: Time, Elapsed [seconds]
# name 5 = prdM: Pressure, Strain Gauge [db]
# name 6 = specc: Specific Conductance [uS/cm]
# name 7 = sal00: Salinity, Practical [PSU]
# name 8 = tv290C: Temperature [ITS-90, deg C]
# name 9 = depSM: Depth [salt water, m], lat = 59.00
# name 10 = oxsolML/L: Oxygen Saturation, Garcia & Gordon [ml/l]
# name 11 = potemp090C: Potential Temperature [ITS-90, deg C]
# name 12 = sigma-é00: Density [sigma-theta, kg/m^3]
# name 13 = n2satML/L: Nitrogen Saturation [ml/l]
# name 14 = par: PAR/Irradiance, Biospherical/Licor
# name 15 = flag:  0.000e+00
# span 0 =          1,        470       
# span 1 = 310.387361, 310.388718       
# span 2 =    0.00000,    0.03257       
# span 3 =     0.0000,     1.9542       
# span 4 =      0.000,    117.250       
# span 5 =      0.016,     45.818       
# span 6 =   1463.088,  49263.188       
# span 7 =     0.7163,    31.1128       
# span 8 =     6.2732,     8.5825       
# span 9 =      0.016,     45.384       
# span 10 =    6.68236,    8.59252      
# span 11 =     6.2732,     8.5780      
# span 12 =     0.4875,    24.1692      
# span 13 =   12.05316,   15.66145      
# span 14 = 7.0233e-02, 1.8703e+00      
# span 15 = 0.0000e+00, 0.0000e+00      
# interval = seconds: 0.25
# start_time = Nov 06 2013 09:17:48 [Instrument's time stamp, header]
# bad_flag = -9.990e-29
*END*
[from data line 91]
         92 310.387624    0.00632     0.3792     22.750      1.689  48752.258    30.7563     8.3776      1.674    6.72716     8.3725    23.8891   12.13123 3.5399e-01 0.0000e+00
         93 310.387627    0.00639     0.3833     23.000      1.730  48683.272    30.7086     8.3812      1.714    6.72869     8.3489    23.8512   12.13436 3.5541e-01 0.0000e+00
         94 310.387630    0.00646     0.3875     23.250      1.762  48633.091    30.6722     8.3726      1.746    6.73160     8.3117    23.8240   12.13962 3.5788e-01 0.0000e+00
         95 310.387633    0.00653     0.3917     23.500      1.778  48630.094    30.6666     8.3490      1.761    6.73543     8.2714    23.8230   12.14603 3.5876e-01 0.0000e+00
         96 310.387636    0.00660     0.3958     23.750      1.774  48683.039    30.6981     8.3119      1.758    6.73970     8.2423    23.8530   12.15272 3.5896e-01 0.0000e+00
         97 310.387639    0.00667     0.4000     24.000      1.753  48774.327    30.7559     8.2715      1.737    6.74331     8.2348    23.9040   12.15799 3.6200e-01 0.0000e+00
         98 310.387642    0.00674     0.4042     24.250      1.721  48864.745    30.8147     8.2425      1.705    6.74516     8.2497    23.9543   12.16031 3.7087e-01 0.0000e+00
         99 310.387645    0.00681     0.4083     24.500      1.686  48914.008    30.8480     8.2350      1.670    6.74484     8.2782    23.9815   12.15938 3.8440e-01 0.0000e+00
        100 310.387648    0.00688     0.4125     24.750      1.657  48898.418    30.8394     8.2498      1.641    6.74295     8.3088    23.9726   12.15636 3.9695e-01 0.0000e+00
        101 310.387650    0.00694     0.4167     25.000      1.640  48819.316    30.7884     8.2784      1.624    6.74084     8.3336    23.9286   12.15349 4.0357e-01 0.0000e+00
        102 310.387653    0.00701     0.4208     25.250      1.634  48711.315    30.7176     8.3090      1.618    6.73928     8.3493    23.8687   12.15179 4.0290e-01 0.0000e+00
        103 310.387656    0.00708     0.4250     25.500      1.636  48625.854    30.6616     8.3337      1.621    6.73797     8.3567    23.8212   12.15030 3.9808e-01 0.0000e+00
        104 310.387659    0.00715     0.4292     25.750      1.644  48598.991    30.6451     8.3494      1.629    6.73630     8.3604    23.8061   12.14774 3.9434e-01 0.0000e+00
        105 310.387662    0.00722     0.4333     26.000      1.654  48630.045    30.6679     8.3569      1.639    6.73417     8.3651    23.8229   12.14393 3.9393e-01 0.0000e+00
        106 310.387665    0.00729     0.4375     26.250      1.664  48685.409    30.7072     8.3606      1.648    6.73189     8.3733    23.8531   12.13968 3.9474e-01 0.0000e+00
        107 310.387668    0.00736     0.4417     26.500      1.671  48738.118    30.7447     8.3653      1.655    6.72954     8.3856    23.8818   12.13532 3.9372e-01 0.0000e+00
        108 310.387671    0.00743     0.4458     26.750      1.674  48784.004    30.7779     8.3735      1.659    6.72684     8.4013    23.9067   12.13045 3.9024e-01 0.0000e+00
        109 310.387674    0.00750     0.4500     27.000      1.676  48826.116    30.8092     8.3857      1.661    6.72362     8.4189    23.9294   12.12473 3.8620e-01 0.0000e+00
        110 310.387677    0.00757     0.4542     27.250      1.679  48862.681    30.8370     8.4015      1.664    6.72001     8.4361    23.9489   12.11842 3.8553e-01 0.0000e+00
        111 310.387679    0.00764     0.4583     27.500      1.686  48885.458    30.8555     8.4191      1.670    6.71654     8.4510    23.9609   12.11244 3.9130e-01 0.0000e+00
        112 310.387682    0.00771     0.4625     27.750      1.697  48887.189    30.8593     8.4363      1.681    6.71378     8.4627    23.9613   12.10782 4.0334e-01 0.0000e+00
        113 310.387685    0.00778     0.4667     28.000      1.711  48863.130    30.8446     8.4512      1.695    6.71215     8.4702    23.9477   12.10531 4.1870e-01 0.0000e+00
        114 310.387688    0.00785     0.4708     28.250      1.726  48810.286    30.8094     8.4629      1.709    6.71193     8.4735    23.9184   12.10538 4.2914e-01 0.0000e+00
        115 310.387691    0.00792     0.4750     28.500      1.736  48739.674    30.7611     8.4704      1.719    6.71289     8.4724    23.8795   12.10756 4.2758e-01 0.0000e+00
        116 310.387694    0.00799     0.4792     28.750      1.737  48682.028    30.7213     8.4736      1.721    6.71413     8.4676    23.8478   12.11011 4.1787e-01 0.0000e+00
        117 310.387697    0.00806     0.4833     29.000      1.727  48664.976    30.7092     8.4726      1.711    6.71482     8.4620    23.8385   12.11140 4.0779e-01 0.0000e+00
        118 310.387700    0.00813     0.4875     29.250      1.708  48693.603    30.7285     8.4678      1.693    6.71471     8.4594    23.8543   12.11097 4.0185e-01 0.0000e+00
        119 310.387703    0.00819     0.4917     29.500      1.686  48749.281    30.7667     8.4622      1.670    6.71389     8.4611    23.8850   12.10915 3.9984e-01 0.0000e+00
        120 310.387705    0.00826     0.4958     29.750      1.665  48803.178    30.8040     8.4596      1.650    6.71266     8.4661    23.9146   12.10666 3.9842e-01 0.0000e+00
        121 310.387708    0.00833     0.5000     30.000      1.653  48838.536    30.8290     8.4613      1.637    6.71132     8.4727    23.9339   12.10412 3.9626e-01 0.0000e+00
        122 310.387711    0.00840     0.5042     30.250      1.651  48855.096    30.8413     8.4663      1.635    6.71003     8.4795    23.9428   12.10183 3.9476e-01 0.0000e+00
        123 310.387714    0.00847     0.5083     30.500      1.660  48858.516    30.8446     8.4728      1.645    6.70889     8.4857    23.9444   12.09991 3.9576e-01 0.0000e+00
        124 310.387717    0.00854     0.5125     30.750      1.678  48852.320    30.8412     8.4797      1.663    6.70800     8.4906    23.9408   12.09847 3.9996e-01 0.0000e+00
        125 310.387720    0.00861     0.5167     31.000      1.702  48834.858    30.8299     8.4859      1.686    6.70755     8.4934    23.9311   12.09787 4.0540e-01 0.0000e+00
        126 310.387723    0.00868     0.5208     31.250      1.725  48801.290    30.8072     8.4907      1.709    6.70781     8.4939    23.9125   12.09859 4.0746e-01 0.0000e+00
        127 310.387726    0.00875     0.5250     31.500      1.742  48751.802    30.7730     8.4936      1.726    6.70887     8.4921    23.8853   12.10076 4.0453e-01 0.0000e+00
        128 310.387729    0.00882     0.5292     31.750      1.747  48700.902    30.7375     8.4941      1.731    6.71034     8.4878    23.8575   12.10363 3.9986e-01 0.0000e+00
        129 310.387731    0.00889     0.5333     32.000      1.740  48669.513    30.7153     8.4922      1.723    6.71159     8.4811    23.8404   12.10597 3.9688e-01 0.0000e+00
        130 310.387734    0.00896     0.5375     32.250      1.722  48669.932    30.7149     8.4879      1.705    6.71226     8.4745    23.8407   12.10709 3.9683e-01 0.0000e+00
        131 310.387737    0.00903     0.5417     32.500      1.697  48704.227    30.7379     8.4812      1.681    6.71226     8.4713    23.8597   12.10681 3.9897e-01 0.0000e+00
        132 310.387740    0.00910     0.5458     32.750      1.671  48762.078    30.7774     8.4746      1.655    6.71154     8.4725    23.8916   12.10512 4.0158e-01 0.0000e+00
        133 310.387743    0.00917     0.5500     33.000      1.649  48823.660    30.8200     8.4715      1.633    6.71016     8.4766    23.9254   12.10232 4.0302e-01 0.0000e+00
        134 310.387746    0.00924     0.5542     33.250      1.636  48872.866    30.8546     8.4726      1.620    6.70848     8.4817    23.9524   12.09912 4.0284e-01 0.0000e+00
        135 310.387749    0.00931     0.5583     33.500      1.635  48900.745    30.8747     8.4767      1.619    6.70699     8.4862    23.9675   12.09640 4.0124e-01 0.0000e+00
        136 310.387752    0.00937     0.5625     33.750      1.646  48902.847    30.8769     8.4818      1.630    6.70612     8.4889    23.9685   12.09493 3.9856e-01 0.0000e+00
        137 310.387755    0.00944     0.5667     34.000      1.666  48877.703    30.8600     8.4864      1.650    6.70617     8.4884    23.9546   12.09522 3.9614e-01 0.0000e+00
        138 310.387758    0.00951     0.5708     34.250      1.689  48825.067    30.8236     8.4890      1.674    6.70736     8.4840    23.9256   12.09764 3.9546e-01 0.0000e+00
        139 310.387760    0.00958     0.5750     34.500      1.709  48754.243    30.7740     8.4886      1.693    6.70959     8.4746    23.8869   12.10193 3.9741e-01 0.0000e+00
        140 310.387763    0.00965     0.5792     34.750      1.720  48687.827    30.7269     8.4842      1.704    6.71230     8.4590    23.8506   12.10700 4.0185e-01 0.0000e+00
        141 310.387766    0.00972     0.5833     35.000      1.723  48647.675    30.6974     8.4748      1.707    6.71501     8.4386    23.8290   12.11185 4.0722e-01 0.0000e+00
        142 310.387769    0.00979     0.5875     35.250      1.718  48648.604    30.6958     8.4592      1.702    6.71743     8.4188    23.8300   12.11588 4.1412e-01 0.0000e+00
        143 310.387772    0.00986     0.5917     35.500      1.710  48695.007    30.7253     8.4388      1.694    6.71923     8.4057    23.8560   12.11850 4.2610e-01 0.0000e+00
        144 310.387775    0.00993     0.5958     35.750      1.704  48771.226    30.7756     8.4189      1.688    6.72004     8.4021    23.8983   12.11921 4.4100e-01 0.0000e+00
        145 310.387778    0.01000     0.6000     36.000      1.705  48848.201    30.8275     8.4058      1.689    6.71976     8.4073    23.9408   12.11811 4.5482e-01 0.0000e+00
        146 310.387781    0.01007     0.6042     36.250      1.713  48901.697    30.8644     8.4023      1.697    6.71869     8.4180    23.9702   12.11589 4.7353e-01 0.0000e+00
        147 310.387784    0.01014     0.6083     36.500      1.725  48919.705    30.8777     8.4075      1.709    6.71733     8.4301    23.9799   12.11347 4.9903e-01 0.0000e+00
        148 310.387786    0.01021     0.6125     36.750      1.738  48898.967    30.8648     8.4182      1.722    6.71626     8.4401    23.9683   12.11187 5.2265e-01 0.0000e+00
        149 310.387789    0.01028     0.6167     37.000      1.747  48845.306    30.8291     8.4303      1.731    6.71600     8.4462    23.9385   12.11186 5.4374e-01 0.0000e+00
        150 310.387792    0.01035     0.6208     37.250      1.750  48781.302    30.7858     8.4403      1.734    6.71637     8.4475    23.9032   12.11302 5.6196e-01 0.0000e+00
        151 310.387795    0.01042     0.6250     37.500      1.747  48737.578    30.7562     8.4464      1.731    6.71674     8.4450    23.8790   12.11400 5.7228e-01 0.0000e+00
        152 310.387798    0.01049     0.6292     37.750      1.742  48732.272    30.7526     8.4477      1.726    6.71670     8.4419    23.8761   12.11397 5.7574e-01 0.0000e+00
        153 310.387801    0.01056     0.6333     38.000      1.739  48761.928    30.7730     8.4452      1.723    6.71619     8.4405    23.8924   12.11287 5.7516e-01 0.0000e+00
        154 310.387804    0.01063     0.6375     38.250      1.742  48800.570    30.7995     8.4421      1.726    6.71550     8.4405    23.9137   12.11141 5.7189e-01 0.0000e+00
        155 310.387807    0.01069     0.6417     38.500      1.748  48816.583    30.8105     8.4407      1.732    6.71524     8.4396    23.9225   12.11083 5.6149e-01 0.0000e+00
        156 310.387810    0.01076     0.6458     38.750      1.752  48794.032    30.7947     8.4407      1.736    6.71592     8.4345    23.9101   12.11216 5.4491e-01 0.0000e+00
        157 310.387813    0.01083     0.6500     39.000      1.749  48741.322    30.7578     8.4397      1.732    6.71768     8.4223    23.8813   12.11552 5.3400e-01 0.0000e+00
        158 310.387815    0.01090     0.6542     39.250      1.736  48686.100    30.7184     8.4347      1.719    6.72016     8.4010    23.8512   12.12011 5.2924e-01 0.0000e+00
        159 310.387818    0.01097     0.6583     39.500      1.713  48657.969    30.6970     8.4225      1.697    6.72295     8.3740    23.8362   12.12500 5.1831e-01 0.0000e+00
        160 310.387821    0.01104     0.6625     39.750      1.682  48675.451    30.7061     8.4012      1.667    6.72577     8.3485    23.8464   12.12956 4.9956e-01 0.0000e+00
        161 310.387824    0.01111     0.6667     40.000      1.651  48732.275    30.7418     8.3741      1.636    6.72832     8.3301    23.8783   12.13333 4.8078e-01 0.0000e+00
        162 310.387827    0.01118     0.6708     40.250      1.627  48798.895    30.7846     8.3487      1.612    6.73030     8.3191    23.9155   12.13609 4.6238e-01 0.0000e+00
        163 310.387830    0.01125     0.6750     40.500      1.614  48849.174    30.8170     8.3303      1.599    6.73168     8.3140    23.9435   12.13799 4.4393e-01 0.0000e+00
        164 310.387833    0.01132     0.6792     40.750      1.608  48876.485    30.8345     8.3193      1.593    6.73259     8.3141    23.9588   12.13928 4.2818e-01 0.0000e+00
        165 310.387836    0.01139     0.6833     41.000      1.608  48891.835    30.8444     8.3142      1.593    6.73293     8.3195    23.9673   12.13971 4.1504e-01 0.0000e+00
        166 310.387839    0.01146     0.6875     41.250      1.615  48914.826    30.8605     8.3142      1.599    6.73222     8.3310    23.9799   12.13834 4.0404e-01 0.0000e+00
        167 310.387841    0.01153     0.6917     41.500      1.631  48955.989    30.8901     8.3196      1.616    6.73011     8.3492    24.0023   12.13448 3.9612e-01 0.0000e+00
        168 310.387844    0.01160     0.6958     41.750      1.660  49007.297    30.9277     8.3312      1.644    6.72671     8.3726    24.0301   12.12840 3.9248e-01 0.0000e+00
        169 310.387847    0.01167     0.7000     42.000      1.700  49051.967    30.9616     8.3493      1.684    6.72248     8.3975    24.0540   12.12097 3.9539e-01 0.0000e+00
        170 310.387850    0.01174     0.7042     42.250      1.753  49074.047    30.9805     8.3727      1.737    6.71811     8.4190    24.0655   12.11350 4.0626e-01 0.0000e+00
        171 310.387853    0.01181     0.7083     42.500      1.813  49062.848    30.9763     8.3976      1.796    6.71452     8.4331    24.0586   12.10761 4.2326e-01 0.0000e+00
        172 310.387856    0.01188     0.7125     42.750      1.872  49016.508    30.9471     8.4192      1.855    6.71254     8.4363    24.0325   12.10470 4.3824e-01 0.0000e+00
        173 310.387859    0.01194     0.7167     43.000      1.919  48937.540    30.8939     8.4333      1.902    6.71273     8.4253    23.9888   12.10567 4.4493e-01 0.0000e+00
        174 310.387862    0.01201     0.7208     43.250      1.945  48840.854    30.8267     8.4365      1.927    6.71517     8.3960    23.9358   12.11053 4.5131e-01 0.0000e+00
        175 310.387865    0.01208     0.7250     43.500      1.942  48764.348    30.7716     8.4255      1.924    6.71925     8.3492    23.8942   12.11797 4.6370e-01 0.0000e+00
        176 310.387867    0.01215     0.7292     43.750      1.908  48745.409    30.7540     8.3962      1.891    6.72446     8.2951    23.8846   12.12681 4.7392e-01 0.0000e+00
        177 310.387870    0.01222     0.7333     44.000      1.847  48791.487    30.7793     8.3494      1.830    6.73046     8.2480    23.9112   12.13643 4.7444e-01 0.0000e+00
        178 310.387873    0.01229     0.7375     44.250      1.767  48881.111    30.8340     8.2953      1.751    6.73629     8.2174    23.9618   12.14541 4.7017e-01 0.0000e+00
        179 310.387876    0.01236     0.7417     44.500      1.677  48985.742    30.9001     8.2481      1.662    6.74057     8.2070    24.0204   12.15168 4.6615e-01 0.0000e+00
        180 310.387879    0.01243     0.7458     44.750      1.589  49082.650    30.9632     8.2176      1.574    6.74245     8.2166    24.0743   12.15401 4.5991e-01 0.0000e+00
