CTD-processing/allCTD/CNV--turbid/2013-04-20-cookinlet-trans7-cast085-s04.cnv
* Sea-Bird SBE19plus Data File:
* FileName = C:\Documents and Settings\kris.holderied.local\My Documents\2012-2013-CTD-DATA-new-files\2013-04-EVOSTC-CookInlet-Ocean\2013-04-CookInlet-Tran7-Augustine\2013-04-20-CookInlet-Trans7-Cast085.hex
* Software Version 1.54
* Temperature SN =  5028
* Conductivity SN =  5028
* System UpLoad Time = Apr 20 2013 14:51:04
** Cook Inlet LTM Tran7 Augustine to Flat Island
** Date:  2013-04-20
** Station:  6-04
** Start time (AKDT-24 hr):  0721
** Depth (m): 50
** Comment:Finished Flow meter collected from FM side, other was facbol.
** Comment:
# nquan = 16
# nvalues = 631                         
# units = specified
# name 0 = scan: Scan Count
# name 1 = timeJ: Julian Days
# name 2 = timeH: Time, Elapsed [hours]
# name 3 = timeM: Time, Elapsed [minutes]
# name 4 = timeS: Time, Elapsed [seconds]
# name 5 = prdM: Pressure, Strain Gauge [db]
# name 6 = specc: Specific Conductance [uS/cm]
# name 7 = sal00: Salinity, Practical [PSU]
# name 8 = tv290C: Temperature [ITS-90, deg C]
# name 9 = depSM: Depth [salt water, m], lat = 59.00
# name 10 = oxsolML/L: Oxygen Saturation, Garcia & Gordon [ml/l]
# name 11 = potemp090C: Potential Temperature [ITS-90, deg C]
# name 12 = sigma-é00: Density [sigma-theta, kg/m^3]
# name 13 = n2satML/L: Nitrogen Saturation [ml/l]
# name 14 = par: PAR/Irradiance, Biospherical/Licor
# name 15 = flag:  0.000e+00
# span 0 =          1,        631       
# span 1 = 110.306019, 110.307841       
# span 2 =    0.00000,    0.04375       
# span 3 =     0.0000,     2.6250       
# span 4 =      0.000,    157.500       
# span 5 =      0.113,     50.463       
# span 6 =    581.737,  51763.146       
# span 7 =     0.2647,    31.4793       
# span 8 =     0.9848,     2.3137       
# span 9 =      0.111,     49.986       
# span 10 =    7.73943,    9.93394      
# span 11 =     0.9849,     2.3122      
# span 12 =     0.1173,    25.1433      
# span 13 =   13.79518,   17.92225      
# span 14 = 3.7912e-02, 5.1268e+01      
# span 15 = 0.0000e+00, 0.0000e+00      
# interval = seconds: 0.25
# start_time = Apr 20 2013 07:20:40 [Instrument's time stamp, header]
# bad_flag = -9.990e-29
*END*
          1 110.306019    0.00000     0.0000      0.000      0.115    581.737     0.2647     0.9848      0.114    9.93394     0.9849     0.1173   17.92225 4.0487e+01 0.0000e+00
          2 110.306021    0.00007     0.0042      0.250      0.115    600.581     0.2739     0.9848      0.114    9.93330     0.9849     0.1248   17.92101 4.1583e+01 0.0000e+00
          3 110.306024    0.00014     0.0083      0.500      0.115    633.379     0.2900     0.9849      0.114    9.93220     0.9850     0.1379   17.91888 4.2876e+01 0.0000e+00
          4 110.306027    0.00021     0.0125      0.750      0.115    689.232     0.3172     0.9849      0.114    9.93032     0.9851     0.1600   17.91526 4.4282e+01 0.0000e+00
          5 110.306030    0.00028     0.0167      1.000      0.115    779.555     0.3612     0.9850      0.114    9.92728     0.9852     0.1959   17.90940 4.5874e+01 0.0000e+00
          6 110.306033    0.00035     0.0208      1.250      0.115    919.013     0.4294     0.9851      0.114    9.92259     0.9852     0.2515   17.90035 4.7675e+01 0.0000e+00
          7 110.306036    0.00042     0.0250      1.500      0.115   1132.028     0.5339     0.9852      0.114    9.91541     0.9853     0.3366   17.88650 4.9401e+01 0.0000e+00
          8 110.306039    0.00049     0.0292      1.750      0.116   1422.099     0.6767     0.9852      0.115    9.90561     0.9854     0.4528   17.86760 5.0590e+01 0.0000e+00
          9 110.306042    0.00056     0.0333      2.000      0.116   1712.963     0.8203     0.9853      0.115    9.89575     0.9855     0.5698   17.84858 5.1150e+01 0.0000e+00
         10 110.306045    0.00063     0.0375      2.250      0.116   1927.180     0.9264     0.9854      0.115    9.88847     0.9856     0.6562   17.83453 5.1268e+01 0.0000e+00
         11 110.306047    0.00069     0.0417      2.500      0.116   2077.379     1.0011     0.9855      0.115    9.88334     0.9857     0.7170   17.82463 5.1033e+01 0.0000e+00
         12 110.306050    0.00076     0.0458      2.750      0.117   2173.992     1.0493     0.9856      0.116    9.88002     0.9858     0.7562   17.81823 5.0435e+01 0.0000e+00
         13 110.306053    0.00083     0.0500      3.000      0.117   2198.057     1.0610     0.9857      0.116    9.87919     0.9858     0.7657   17.81663 4.9550e+01 0.0000e+00
         14 110.306056    0.00090     0.0542      3.250      0.116   2171.329     1.0472     0.9858      0.115    9.88010     0.9859     0.7545   17.81840 4.8628e+01 0.0000e+00
         15 110.306059    0.00097     0.0583      3.500      0.116   2128.468     1.0255     0.9858      0.115    9.88156     0.9860     0.7369   17.82122 4.7669e+01 0.0000e+00
         16 110.306062    0.00104     0.0625      3.750      0.115   2064.115     0.9931     0.9859      0.114    9.88375     0.9860     0.7106   17.82545 4.6492e+01 0.0000e+00
         17 110.306065    0.00111     0.0667      4.000      0.115   1956.554     0.9392     0.9860      0.114    9.88742     0.9861     0.6667   17.83254 4.5158e+01 0.0000e+00
         18 110.306068    0.00118     0.0708      4.250      0.115   1811.482     0.8666     0.9860      0.114    9.89237     0.9861     0.6077   17.84209 4.3763e+01 0.0000e+00
         19 110.306071    0.00125     0.0750      4.500      0.114   1650.608     0.7864     0.9861      0.113    9.89784     0.9862     0.5424   17.85264 4.2371e+01 0.0000e+00
         20 110.306073    0.00132     0.0792      4.750      0.114   1489.501     0.7065     0.9861      0.113    9.90329     0.9862     0.4774   17.86318 4.1021e+01 0.0000e+00
         21 110.306076    0.00139     0.0833      5.000      0.114   1340.537     0.6329     0.9862      0.112    9.90832     0.9863     0.4174   17.87288 3.9471e+01 0.0000e+00
         22 110.306079    0.00146     0.0875      5.250      0.114   1214.591     0.5709     0.9862      0.112    9.91255     0.9865     0.3669   17.88105 3.7592e+01 0.0000e+00
         23 110.306082    0.00153     0.0917      5.500      0.114   1116.947     0.5230     0.9863      0.112    9.91580     0.9866     0.3280   17.88735 3.5758e+01 0.0000e+00
         24 110.306085    0.00160     0.0958      5.750      0.113   1048.314     0.4896     0.9865      0.112    9.91807     0.9868     0.3007   17.89173 3.4281e+01 0.0000e+00
         25 110.306088    0.00167     0.1000      6.000      0.113   1008.288     0.4703     0.9866      0.111    9.91937     0.9870     0.2850   17.89424 3.3155e+01 0.0000e+00
         26 110.306091    0.00174     0.1042      6.250      0.113    995.886     0.4647     0.9868      0.111    9.91972     0.9872     0.2804   17.89494 3.2420e+01 0.0000e+00
         27 110.306094    0.00181     0.1083      6.500      0.113   1009.281     0.4720     0.9870      0.111    9.91919     0.9876     0.2863   17.89394 3.2071e+01 0.0000e+00
         28 110.306097    0.00187     0.1125      6.750      0.113   1043.292     0.4900     0.9872      0.112    9.91794     0.9882     0.3009   17.89154 3.1948e+01 0.0000e+00
         29 110.306100    0.00194     0.1167      7.000      0.113   1090.008     0.5152     0.9876      0.112    9.91619     0.9890     0.3213   17.88822 3.1934e+01 0.0000e+00
         30 110.306102    0.00201     0.1208      7.250      0.114   1143.740     0.5455     0.9882      0.113    9.91412     0.9904     0.3457   17.88427 3.1990e+01 0.0000e+00
         31 110.306105    0.00208     0.1250      7.500      0.114   1209.673     0.5845     0.9890      0.113    9.91147     0.9925     0.3771   17.87924 3.2106e+01 0.0000e+00
         32 110.306108    0.00215     0.1292      7.750      0.115   1310.162     0.6451     0.9904      0.114    9.90740     0.9959     0.4257   17.87151 3.2348e+01 0.0000e+00
         33 110.306111    0.00222     0.1333      8.000      0.117   1480.838     0.7476     0.9925      0.116    9.90052     1.0015     0.5080   17.85845 3.2846e+01 0.0000e+00
         34 110.306114    0.00229     0.1375      8.250      0.119   1777.099     0.9242     0.9959      0.118    9.88868     1.0107     0.6499   17.83596 3.3748e+01 0.0000e+00
         35 110.306117    0.00236     0.1417      8.500      0.122   2277.512     1.2216     1.0015      0.120    9.86876     1.0260     0.8890   17.79809 3.4829e+01 0.0000e+00
         36 110.306120    0.00243     0.1458      8.750      0.126   3096.859     1.7103     1.0107      0.125    9.83606     1.0514     1.2816   17.73597 3.5631e+01 0.0000e+00
         37 110.306123    0.00250     0.1500      9.000      0.134   4446.768     2.5171     1.0260      0.133    9.78212     1.0937     1.9297   17.63347 3.6130e+01 0.0000e+00
         38 110.306126    0.00257     0.1542      9.250      0.148   6699.714     3.8633     1.0514      0.147    9.69212     1.1642     3.0111   17.46248 3.6299e+01 0.0000e+00
         39 110.306128    0.00264     0.1583      9.500      0.171  10466.902     6.1129     1.0937      0.170    9.54173     1.2778     4.8184   17.17672 3.6028e+01 0.0000e+00
         40 110.306131    0.00271     0.1625      9.750      0.209  16752.754     9.8658     1.1642      0.208    9.29087     1.4351     7.8334   16.70004 3.5439e+01 0.0000e+00
         41 110.306134    0.00278     0.1667     10.000      0.268  25455.959    15.1046     1.2778      0.266    8.93986     1.6105    12.0399   16.03422 3.4488e+01 0.0000e+00
         42 110.306137    0.00285     0.1708     10.250      0.348  34266.473    20.5019     1.4351      0.345    8.57527     1.7745    16.3687   15.34552 3.2929e+01 0.0000e+00
         43 110.306140    0.00292     0.1750     10.500      0.441  41024.447    24.7164     1.6105      0.437    8.28407     1.9108    19.7438   14.79863 3.0390e+01 0.0000e+00
         44 110.306143    0.00299     0.1792     10.750      0.539  45333.177    27.4289     1.7745      0.534    8.08734     2.0139    21.9123   14.43161 2.6868e+01 0.0000e+00
         45 110.306146    0.00306     0.1833     11.000      0.633  47838.369    29.0138     1.9108      0.627    7.96410     2.0863    23.1766   14.20339 2.3374e+01 0.0000e+00
         46 110.306149    0.00313     0.1875     11.250      0.717  49283.616    29.9321     2.0139      0.710    7.88770     2.1344    23.9076   14.06285 2.0956e+01 0.0000e+00
         47 110.306152    0.00319     0.1917     11.500      0.788  50111.905    30.4599     2.0864      0.781    7.84102     2.1653    24.3270   13.97746 1.9428e+01 0.0000e+00
         48 110.306155    0.00326     0.1958     11.750      0.847  50588.734    30.7644     2.1345      0.839    7.81276     2.1849    24.5685   13.92595 1.8343e+01 0.0000e+00
         49 110.306157    0.00333     0.2000     12.000      0.898  50871.611    30.9456     2.1654      0.889    7.79548     2.1973    24.7119   13.89455 1.7760e+01 0.0000e+00
         50 110.306160    0.00340     0.2042     12.250      0.945  51044.830    31.0569     2.1850      0.936    7.78477     2.2048    24.8001   13.87510 1.7605e+01 0.0000e+00
         51 110.306163    0.00347     0.2083     12.500      0.993  51148.277    31.1235     2.1974      0.984    7.77823     2.2089    24.8528   13.86325 1.7555e+01 0.0000e+00
         52 110.306166    0.00354     0.2125     12.750      1.043  51203.482    31.1589     2.2049      1.033    7.77452     2.2101    24.8807   13.85655 1.7405e+01 0.0000e+00
         53 110.306169    0.00361     0.2167     13.000      1.094  51227.157    31.1737     2.2090      1.083    7.77274     2.2089    24.8924   13.85336 1.7157e+01 0.0000e+00
         54 110.306172    0.00368     0.2208     13.250      1.139  51232.583    31.1763     2.2102      1.128    7.77223     2.2057    24.8944   13.85245 1.6901e+01 0.0000e+00
         55 110.306175    0.00375     0.2250     13.500      1.174  51236.430    31.1777     2.2090      1.162    7.77232     2.2026    24.8957   13.85255 1.6744e+01 0.0000e+00
         56 110.306178    0.00382     0.2292     13.750      1.195  51258.446    31.1911     2.2058      1.184    7.77218     2.2025    24.9066   13.85214 1.6728e+01 0.0000e+00
         57 110.306181    0.00389     0.2333     14.000      1.207  51298.038    31.2165     2.2027      1.196    7.77141     2.2059    24.9272   13.85052 1.6786e+01 0.0000e+00
         58 110.306183    0.00396     0.2375     14.250      1.214  51336.260    31.2419     2.2026      1.202    7.77008     2.2117    24.9475   13.84797 1.6792e+01 0.0000e+00
         59 110.306186    0.00403     0.2417     14.500      1.219  51361.068    31.2594     2.2060      1.208    7.76845     2.2181    24.9613   13.84505 1.6664e+01 0.0000e+00
         60 110.306189    0.00410     0.2458     14.750      1.227  51371.600    31.2680     2.2118      1.215    7.76686     2.2242    24.9678   13.84231 1.6445e+01 0.0000e+00
         61 110.306192    0.00417     0.2500     15.000      1.235  51372.071    31.2701     2.2182      1.224    7.76550     2.2295    24.9690   13.84002 1.6263e+01 0.0000e+00
         62 110.306195    0.00424     0.2542     15.250      1.242  51367.800    31.2689     2.2242      1.231    7.76437     2.2341    24.9676   13.83817 1.6224e+01 0.0000e+00
         63 110.306198    0.00431     0.2583     15.500      1.247  51362.672    31.2669     2.2296      1.236    7.76342     2.2378    24.9657   13.83664 1.6322e+01 0.0000e+00
         64 110.306201    0.00438     0.2625     15.750      1.249  51358.690    31.2655     2.2341      1.237    7.76260     2.2406    24.9642   13.83531 1.6442e+01 0.0000e+00
         65 110.306204    0.00444     0.2667     16.000      1.248  51355.611    31.2645     2.2378      1.236    7.76193     2.2426    24.9631   13.83422 1.6497e+01 0.0000e+00
         66 110.306207    0.00451     0.2708     16.250      1.247  51351.051    31.2623     2.2407      1.235    7.76149     2.2437    24.9611   13.83352 1.6508e+01 0.0000e+00
         67 110.306209    0.00458     0.2750     16.500      1.248  51340.737    31.2559     2.2427      1.236    7.76144     2.2438    24.9559   13.83352 1.6484e+01 0.0000e+00
         68 110.306212    0.00465     0.2792     16.750      1.255  51318.868    31.2415     2.2438      1.243    7.76199     2.2427    24.9443   13.83463 1.6379e+01 0.0000e+00
         69 110.306215    0.00472     0.2833     17.000      1.268  51280.995    31.2162     2.2439      1.256    7.76333     2.2404    24.9240   13.83718 1.6237e+01 0.0000e+00
         70 110.306218    0.00479     0.2875     17.250      1.284  51233.910    31.1843     2.2428      1.272    7.76524     2.2370    24.8986   13.84076 1.6178e+01 0.0000e+00
         71 110.306221    0.00486     0.2917     17.500      1.299  51196.039    31.1582     2.2405      1.287    7.76708     2.2328    24.8779   13.84414 1.6261e+01 0.0000e+00
         72 110.306224    0.00493     0.2958     17.750      1.307  51180.788    31.1470     2.2371      1.295    7.76835     2.2292    24.8692   13.84638 1.6456e+01 0.0000e+00
         73 110.306227    0.00500     0.3000     18.000      1.305  51190.506    31.1523     2.2329      1.293    7.76889     2.2278    24.8738   13.84721 1.6701e+01 0.0000e+00
         74 110.306230    0.00507     0.3042     18.250      1.293  51220.490    31.1715     2.2293      1.281    7.76857     2.2286    24.8893   13.84642 1.6920e+01 0.0000e+00
         75 110.306233    0.00514     0.3083     18.500      1.273  51260.624    31.1980     2.2279      1.261    7.76743     2.2309    24.9106   13.84419 1.7013e+01 0.0000e+00
         76 110.306236    0.00521     0.3125     18.750      1.251  51299.569    31.2244     2.2287      1.239    7.76586     2.2336    24.9316   13.84125 1.6935e+01 0.0000e+00
         77 110.306238    0.00528     0.3167     19.000      1.232  51328.016    31.2441     2.2310      1.221    7.76437     2.2357    24.9473   13.83851 1.6753e+01 0.0000e+00
         78 110.306241    0.00535     0.3208     19.250      1.224  51339.501    31.2526     2.2336      1.212    7.76339     2.2363    24.9539   13.83679 1.6540e+01 0.0000e+00
         79 110.306244    0.00542     0.3250     19.500      1.229  51331.725    31.2479     2.2357      1.218    7.76323     2.2347    24.9500   13.83658 1.6398e+01 0.0000e+00
         80 110.306247    0.00549     0.3292     19.750      1.248  51305.476    31.2305     2.2363      1.237    7.76404     2.2304    24.9360   13.83815 1.6365e+01 0.0000e+00
         81 110.306250    0.00556     0.3333     20.000      1.275  51265.348    31.2031     2.2348      1.263    7.76581     2.2227    24.9142   13.84143 1.6337e+01 0.0000e+00
         82 110.306253    0.00562     0.3375     20.250      1.302  51225.130    31.1749     2.2305      1.290    7.76816     2.2109    24.8920   13.84568 1.6284e+01 0.0000e+00
         83 110.306256    0.00569     0.3417     20.500      1.322  51204.855    31.1591     2.2228      1.310    7.77050     2.1962    24.8799   13.84976 1.6207e+01 0.0000e+00
         84 110.306259    0.00576     0.3458     20.750      1.333  51220.463    31.1662     2.2110      1.321    7.77244     2.1844    24.8864   13.85288 1.6051e+01 0.0000e+00
         85 110.306262    0.00583     0.3500     21.000      1.334  51272.045    31.1967     2.1963      1.322    7.77370     2.1808    24.9118   13.85454 1.5925e+01 0.0000e+00
         86 110.306264    0.00590     0.3542     21.250      1.328  51337.504    31.2373     2.1844      1.316    7.77386     2.1859    24.9451   13.85426 1.6037e+01 0.0000e+00
         87 110.306267    0.00597     0.3583     21.500      1.320  51388.494    31.2704     2.1808      1.308    7.77279     2.1962    24.9719   13.85206 1.6347e+01 0.0000e+00
         88 110.306270    0.00604     0.3625     21.750      1.317  51408.722    31.2855     2.1859      1.305    7.77098     2.2073    24.9836   13.84887 1.6650e+01 0.0000e+00
         89 110.306273    0.00611     0.3667     22.000      1.321  51394.595    31.2789     2.1962      1.309    7.76932     2.2163    24.9776   13.84620 1.6810e+01 0.0000e+00
         90 110.306276    0.00618     0.3708     22.250      1.333  51352.082    31.2535     2.2073      1.321    7.76849     2.2223    24.9565   13.84519 1.6794e+01 0.0000e+00
