CTD-processing/allCTD/CNV--turbid/2013_09-25_t9_s02_cast108.cnv
* Sea-Bird SBE19plus Data File:
* FileName = C:\Users\kris.holderied\Documents\kasitsna\Research-Projects-and-Data\Oceanography-AK\CTD-CookInlet-GulfWatchAK\2013-09-25-CookInlet-Tran9-HomerSpit\2013-09-25-CookInlet-Tran9-HomerSpit-cast108.hex
* Software Version 1.59
* Temperature SN =  5028
* Conductivity SN =  5028
* System UpLoad Time = Apr 09 2014 20:02:37
** Cook Inlet LTM Homer Spit Line - Monthly
** Date: 2013-09-25
** Station: 9-02
** Start time: 15:04
** Depth (m): 73.2
** CoComment:
** Comment:
# nquan = 16
# nvalues = 655                         
# units = specified
# name 0 = scan: Scan Count
# name 1 = timeJ: Julian Days
# name 2 = timeH: Time, Elapsed [hours]
# name 3 = timeM: Time, Elapsed [minutes]
# name 4 = timeS: Time, Elapsed [seconds]
# name 5 = prdM: Pressure, Strain Gauge [db]
# name 6 = specc: Specific Conductance [uS/cm]
# name 7 = sal00: Salinity, Practical [PSU]
# name 8 = tv290C: Temperature [ITS-90, deg C]
# name 9 = depSM: Depth [salt water, m], lat = 59.00
# name 10 = oxsolML/L: Oxygen Saturation, Garcia & Gordon [ml/l]
# name 11 = potemp090C: Potential Temperature [ITS-90, deg C]
# name 12 = sigma-é00: Density [sigma-theta, kg/m^3]
# name 13 = n2satML/L: Nitrogen Saturation [ml/l]
# name 14 = par: PAR/Irradiance, Biospherical/Licor
# name 15 = flag:  0.000e+00
# span 0 =          1,        655       
# span 1 = 268.628657, 268.630550       
# span 2 =    0.00000,    0.04542       
# span 3 =     0.0000,     2.7250       
# span 4 =      0.000,    163.500       
# span 5 =     -0.197,     66.750       
# span 6 =   2053.903,  49139.662       
# span 7 =     1.0307,    31.0268       
# span 8 =     8.5670,     9.1128       
# span 9 =     -0.195,     66.116       
# span 10 =    6.63644,    8.01964      
# span 11 =     8.5605,     9.1124      
# span 12 =     0.5898,    24.0743      
# span 13 =   11.98555,   14.69648      
# span 14 = 4.9178e-02, 2.8268e+02      
# span 15 = 0.0000e+00, 0.0000e+00      
# interval = seconds: 0.25
# start_time = Sep 25 2013 15:05:16 [Instrument's time stamp, header]
# bad_flag = -9.990e-29
*END*
[from data line 633]
        634 268.630489    0.04396     2.6375    158.250     63.095  49109.340    31.0104     8.5893     62.496    6.68415     8.5821    24.0581   12.05692 4.9658e-02 0.0000e+00
        635 268.630492    0.04403     2.6417    158.500     63.304  49110.009    31.0107     8.5889     62.703    6.68420     8.5815    24.0584   12.05701 4.9626e-02 0.0000e+00
        636 268.630495    0.04410     2.6458    158.750     63.515  49110.720    31.0110     8.5884     62.912    6.68426     8.5808    24.0587   12.05710 4.9601e-02 0.0000e+00
        637 268.630498    0.04417     2.6500    159.000     63.728  49111.567    31.0114     8.5878     63.122    6.68433     8.5802    24.0591   12.05721 4.9577e-02 0.0000e+00
        638 268.630501    0.04424     2.6542    159.250     63.940  49112.510    31.0119     8.5872     63.332    6.68441     8.5796    24.0596   12.05733 4.9547e-02 0.0000e+00
        639 268.630503    0.04431     2.6583    159.500     64.153  49113.432    31.0124     8.5865     63.543    6.68448     8.5791    24.0601   12.05745 4.9514e-02 0.0000e+00
        640 268.630506    0.04437     2.6625    159.750     64.369  49114.219    31.0127     8.5860     63.756    6.68455     8.5786    24.0605   12.05756 4.9480e-02 0.0000e+00
        641 268.630509    0.04444     2.6667    160.000     64.585  49114.873    31.0130     8.5855     63.971    6.68461     8.5778    24.0608   12.05765 4.9442e-02 0.0000e+00
        642 268.630512    0.04451     2.6708    160.250     64.802  49115.561    31.0133     8.5850     64.186    6.68468     8.5769    24.0611   12.05776 4.9402e-02 0.0000e+00
        643 268.630515    0.04458     2.6750    160.500     65.018  49116.506    31.0138     8.5842     64.399    6.68476     8.5757    24.0616   12.05790 4.9362e-02 0.0000e+00
        644 268.630518    0.04465     2.6792    160.750     65.229  49117.713    31.0144     8.5833     64.609    6.68487     8.5742    24.0622   12.05807 4.9323e-02 0.0000e+00
        645 268.630521    0.04472     2.6833    161.000     65.433  49119.151    31.0151     8.5822     64.811    6.68501     8.5724    24.0629   12.05829 4.9290e-02 0.0000e+00
        646 268.630524    0.04479     2.6875    161.250     65.628  49120.958    31.0161     8.5807     65.004    6.68519     8.5701    24.0639   12.05857 4.9262e-02 0.0000e+00
        647 268.630527    0.04486     2.6917    161.500     65.813  49123.282    31.0174     8.5789     65.188    6.68541     8.5677    24.0652   12.05893 4.9242e-02 0.0000e+00
        648 268.630530    0.04493     2.6958    161.750     65.990  49126.226    31.0190     8.5766     65.363    6.68567     8.5654    24.0668   12.05935 4.9223e-02 0.0000e+00
        649 268.630532    0.04500     2.7000    162.000     66.158  49129.568    31.0210     8.5742     65.528    6.68596     8.5635    24.0687   12.05979 4.9196e-02 0.0000e+00
        650 268.630535    0.04507     2.7042    162.250     66.313  49132.760    31.0228     8.5719     65.682    6.68622     8.5621    24.0705   12.06020 4.9178e-02 0.0000e+00
        651 268.630538    0.04514     2.7083    162.500     66.453  49135.397    31.0243     8.5700     65.821    6.68643     8.5612    24.0719   12.06053 4.9183e-02 0.0000e+00
        652 268.630541    0.04521     2.7125    162.750     66.573  49137.369    31.0255     8.5686     65.940    6.68659     8.5607    24.0730   12.06078 4.9194e-02 0.0000e+00
        653 268.630544    0.04528     2.7167    163.000     66.668  49138.697    31.0262     8.5677     66.034    6.68670     8.5605    24.0737   12.06095 4.9197e-02 0.0000e+00
        654 268.630547    0.04535     2.7208    163.250     66.729  49139.433    31.0267     8.5672     66.095    6.68676 -9.990e-29    24.0742   12.06104 4.9199e-02 0.0000e+00
        655 268.630550    0.04542     2.7250    163.500     66.750  49139.662    31.0268     8.5670     66.116    6.68678 -9.990e-29    24.0743   12.06107 4.9200e-02 0.0000e+00
