CTD-processing/allCTD/CNV--turbid/2013-04-21-cookinlet-tran4-cast126-s05.cnv
* Sea-Bird SBE19plus Data File:
* FileName = C:\Documents and Settings\kris.holderied.local\My Documents\2012-2013-CTD-DATA-new-files\2013-04-EVOSTC-CookInlet-Ocean\2013-04-21-CookInlet-Tran4-Barabara\2013-04-21-CookInlet-Tran4-cast126.hex
* Software Version 1.54
* Temperature SN =  5028
* Conductivity SN =  5028
* System UpLoad Time = Apr 21 2013 12:25:38
** Cook Inlet LTM Transect 4 (Barabara) South to North
** Date:  2013-04-21
** Station:  4-05
** Start time (AKDT-24 hr):  1038
** Depth (m): 79
** Comment: Snow
** Comment:
# nquan = 16
# nvalues = 888                         
# units = specified
# name 0 = scan: Scan Count
# name 1 = timeJ: Julian Days
# name 2 = timeH: Time, Elapsed [hours]
# name 3 = timeM: Time, Elapsed [minutes]
# name 4 = timeS: Time, Elapsed [seconds]
# name 5 = prdM: Pressure, Strain Gauge [db]
# name 6 = specc: Specific Conductance [uS/cm]
# name 7 = sal00: Salinity, Practical [PSU]
# name 8 = tv290C: Temperature [ITS-90, deg C]
# name 9 = depSM: Depth [salt water, m], lat = 59.00
# name 10 = oxsolML/L: Oxygen Saturation, Garcia & Gordon [ml/l]
# name 11 = potemp090C: Potential Temperature [ITS-90, deg C]
# name 12 = sigma-é00: Density [sigma-theta, kg/m^3]
# name 13 = n2satML/L: Nitrogen Saturation [ml/l]
# name 14 = par: PAR/Irradiance, Biospherical/Licor
# name 15 = flag:  0.000e+00
# span 0 =          1,        888       
# span 1 = 111.444398, 111.446965       
# span 2 =    0.00000,    0.06160       
# span 3 =     0.0000,     3.6958       
# span 4 =      0.000,    221.750       
# span 5 =      0.082,     77.483       
# span 6 =     26.915,  51967.560       
# span 7 =     0.0108,    31.9561       
# span 8 =     2.6284,     3.7487       
# span 9 =      0.081,     76.744       
# span 10 =    7.44274,    9.50642      
# span 11 =     2.6284,     3.7484      
# span 12 =    -0.0305,    25.4198      
# span 13 =   13.29900,   17.21150      
# span 14 = 3.7912e-02, 8.5802e+01      
# span 15 = 0.0000e+00, 0.0000e+00      
# interval = seconds: 0.25
# start_time = Apr 21 2013 10:39:56 [Instrument's time stamp, header]
# bad_flag = -9.990e-29
*END*
[from data line 633]
        634 111.446230    0.04396     2.6375    158.250     39.089  51865.952    31.9348     3.5289     38.720    7.48205     3.5191    25.3929   13.36362 7.3761e-02 0.0000e+00
        635 111.446233    0.04403     2.6417    158.500     39.218  51867.599    31.9349     3.5252     38.848    7.48274     3.5158    25.3933   13.36475 7.2914e-02 0.0000e+00
        636 111.446236    0.04410     2.6458    158.750     39.348  51869.833    31.9354     3.5215     38.976    7.48338     3.5128    25.3940   13.36581 7.2070e-02 0.0000e+00
        637 111.446238    0.04417     2.6500    159.000     39.475  51872.167    31.9361     3.5181     39.103    7.48397     3.5102    25.3948   13.36676 7.1267e-02 0.0000e+00
        638 111.446241    0.04424     2.6542    159.250     39.600  51874.427    31.9368     3.5152     39.227    7.48448     3.5080    25.3957   13.36760 7.0500e-02 0.0000e+00
        639 111.446244    0.04431     2.6583    159.500     39.723  51876.420    31.9374     3.5126     39.348    7.48492     3.5060    25.3964   13.36832 6.9755e-02 0.0000e+00
        640 111.446247    0.04437     2.6625    159.750     39.843  51877.807    31.9377     3.5104     39.467    7.48532     3.5039    25.3968   13.36897 6.9038e-02 0.0000e+00
        641 111.446250    0.04444     2.6667    160.000     39.962  51878.346    31.9375     3.5083     39.584    7.48570     3.5015    25.3968   13.36960 6.8360e-02 0.0000e+00
        642 111.446253    0.04451     2.6708    160.250     40.080  51877.662    31.9365     3.5063     39.702    7.48613     3.4982    25.3962   13.37032 6.7714e-02 0.0000e+00
        643 111.446256    0.04458     2.6750    160.500     40.200  51875.565    31.9344     3.5039     39.820    7.48668     3.4939    25.3948   13.37126 6.7068e-02 0.0000e+00
        644 111.446259    0.04465     2.6792    160.750     40.323  51873.333    31.9320     3.5006     39.942    7.48740     3.4890    25.3931   13.37248 6.6389e-02 0.0000e+00
        645 111.446262    0.04472     2.6833    161.000     40.450  51873.223    31.9307     3.4963     40.068    7.48825     3.4844    25.3925   13.37391 6.5671e-02 0.0000e+00
        646 111.446264    0.04479     2.6875    161.250     40.584  51875.924    31.9313     3.4915     40.200    7.48912     3.4805    25.3934   13.37533 6.4926e-02 0.0000e+00
        647 111.446267    0.04486     2.6917    161.500     40.723  51880.260    31.9330     3.4868     40.338    7.48990     3.4775    25.3952   13.37658 6.4169e-02 0.0000e+00
        648 111.446270    0.04493     2.6958    161.750     40.867  51884.873    31.9350     3.4829     40.481    7.49051     3.4755    25.3972   13.37757 6.3413e-02 0.0000e+00
        649 111.446273    0.04500     2.7000    162.000     41.014  51888.968    31.9370     3.4800     40.626    7.49095     3.4743    25.3990   13.37827 6.2667e-02 0.0000e+00
        650 111.446276    0.04507     2.7042    162.250     41.162  51892.308    31.9387     3.4780     40.772    7.49123     3.4738    25.4005   13.37872 6.1959e-02 0.0000e+00
        651 111.446279    0.04514     2.7083    162.500     41.308  51895.035    31.9402     3.4768     40.917    7.49138     3.4738    25.4018   13.37894 6.1303e-02 0.0000e+00
        652 111.446282    0.04521     2.7125    162.750     41.449  51897.433    31.9416     3.4762     41.057    7.49141     3.4744    25.4030   13.37898 6.0689e-02 0.0000e+00
        653 111.446285    0.04528     2.7167    163.000     41.585  51899.858    31.9432     3.4762     41.192    7.49133     3.4757    25.4042   13.37881 6.0111e-02 0.0000e+00
        654 111.446288    0.04535     2.7208    163.250     41.716  51902.430    31.9450     3.4769     41.322    7.49112     3.4777    25.4057   13.37844 5.9566e-02 0.0000e+00
        655 111.446291    0.04542     2.7250    163.500     41.841  51904.653    31.9468     3.4782     41.445    7.49078     3.4801    25.4070   13.37786 5.9047e-02 0.0000e+00
        656 111.446293    0.04549     2.7292    163.750     41.961  51905.876    31.9481     3.4802     41.564    7.49035     3.4826    25.4078   13.37714 5.8553e-02 0.0000e+00
        657 111.446296    0.04556     2.7333    164.000     42.078  51906.063    31.9488     3.4826     41.681    7.48987     3.4852    25.4081   13.37634 5.8090e-02 0.0000e+00
        658 111.446299    0.04562     2.7375    164.250     42.195  51905.780    31.9492     3.4851     41.796    7.48938     3.4877    25.4082   13.37552 5.7646e-02 0.0000e+00
        659 111.446302    0.04569     2.7417    164.500     42.312  51905.396    31.9495     3.4877     41.912    7.48889     3.4900    25.4083   13.37471 5.7203e-02 0.0000e+00
        660 111.446305    0.04576     2.7458    164.750     42.430  51904.782    31.9496     3.4902     42.029    7.48843     3.4920    25.4082   13.37394 5.6754e-02 0.0000e+00
        661 111.446308    0.04583     2.7500    165.000     42.550  51903.549    31.9493     3.4926     42.147    7.48801     3.4934    25.4077   13.37325 5.6299e-02 0.0000e+00
        662 111.446311    0.04590     2.7542    165.250     42.670  51901.075    31.9481     3.4946     42.267    7.48769     3.4937    25.4066   13.37275 5.5853e-02 0.0000e+00
        663 111.446314    0.04597     2.7583    165.500     42.792  51897.508    31.9460     3.4960     42.387    7.48755     3.4929    25.4047   13.37255 5.5419e-02 0.0000e+00
        664 111.446317    0.04604     2.7625    165.750     42.914  51894.440    31.9439     3.4962     42.508    7.48760     3.4914    25.4030   13.37266 5.4978e-02 0.0000e+00
        665 111.446319    0.04611     2.7667    166.000     43.036  51893.076    31.9427     3.4955     42.629    7.48781     3.4897    25.4022   13.37301 5.4528e-02 0.0000e+00
        666 111.446322    0.04618     2.7708    166.250     43.158  51892.957    31.9422     3.4940     42.750    7.48810     3.4877    25.4019   13.37349 5.4083e-02 0.0000e+00
        667 111.446325    0.04625     2.7750    166.500     43.280  51893.111    31.9418     3.4923     42.870    7.48844     3.4855    25.4018   13.37406 5.3643e-02 0.0000e+00
        668 111.446328    0.04632     2.7792    166.750     43.402  51893.028    31.9411     3.4903     42.992    7.48883     3.4828    25.4014   13.37472 5.3195e-02 0.0000e+00
        669 111.446331    0.04639     2.7833    167.000     43.527  51892.845    31.9404     3.4881     43.115    7.48929     3.4798    25.4010   13.37549 5.2739e-02 0.0000e+00
        670 111.446334    0.04646     2.7875    167.250     43.655  51892.927    31.9397     3.4854     43.242    7.48981     3.4767    25.4007   13.37636 5.2283e-02 0.0000e+00
        671 111.446337    0.04653     2.7917    167.500     43.785  51893.502    31.9393     3.4824     43.371    7.49038     3.4736    25.4006   13.37731 5.1821e-02 0.0000e+00
        672 111.446340    0.04660     2.7958    167.750     43.918  51895.058    31.9394     3.4793     43.503    7.49096     3.4709    25.4011   13.37825 5.1357e-02 0.0000e+00
        673 111.446343    0.04667     2.8000    168.000     44.052  51897.690    31.9404     3.4762     43.635    7.49147     3.4687    25.4021   13.37909 5.0910e-02 0.0000e+00
        674 111.446345    0.04674     2.8042    168.250     44.186  51900.387    31.9415     3.4736     43.768    7.49191     3.4670    25.4032   13.37979 5.0489e-02 0.0000e+00
        675 111.446348    0.04681     2.8083    168.500     44.318  51902.428    31.9422     3.4714     43.899    7.49227     3.4655    25.4040   13.38037 5.0077e-02 0.0000e+00
        676 111.446351    0.04688     2.8125    168.750     44.448  51904.110    31.9429     3.4696     44.028    7.49256     3.4644    25.4046   13.38085 4.9665e-02 0.0000e+00
        677 111.446354    0.04694     2.8167    169.000     44.578  51905.565    31.9434     3.4682     44.156    7.49280     3.4634    25.4052   13.38124 4.9280e-02 0.0000e+00
        678 111.446357    0.04701     2.8208    169.250     44.706  51906.610    31.9438     3.4670     44.283    7.49300     3.4625    25.4056   13.38156 4.8928e-02 0.0000e+00
        679 111.446360    0.04708     2.8250    169.500     44.834  51907.086    31.9438     3.4660     44.410    7.49318     3.4614    25.4057   13.38185 4.8595e-02 0.0000e+00
        680 111.446363    0.04715     2.8292    169.750     44.960  51906.754    31.9432     3.4651     44.535    7.49337     3.4599    25.4053   13.38218 4.8287e-02 0.0000e+00
        681 111.446366    0.04722     2.8333    170.000     45.084  51906.142    31.9425     3.4640     44.657    7.49362     3.4582    25.4048   13.38260 4.8032e-02 0.0000e+00
        682 111.446369    0.04729     2.8375    170.250     45.204  51906.334    31.9422     3.4625     44.776    7.49390     3.4565    25.4047   13.38308 4.7857e-02 0.0000e+00
        683 111.446372    0.04736     2.8417    170.500     45.322  51907.311    31.9423     3.4609     44.893    7.49421     3.4549    25.4050   13.38358 4.7704e-02 0.0000e+00
        684 111.446374    0.04743     2.8458    170.750     45.436  51908.085    31.9424     3.4592     45.006    7.49451     3.4531    25.4052   13.38407 4.7440e-02 0.0000e+00
        685 111.446377    0.04750     2.8500    171.000     45.548  51908.233    31.9420     3.4576     45.117    7.49483     3.4510    25.4050   13.38460 4.7069e-02 0.0000e+00
        686 111.446380    0.04757     2.8542    171.250     45.658  51908.219    31.9415     3.4558     45.226    7.49518     3.4489    25.4048   13.38519 4.6701e-02 0.0000e+00
        687 111.446383    0.04764     2.8583    171.500     45.768  51908.879    31.9414     3.4538     45.335    7.49556     3.4470    25.4048   13.38582 4.6373e-02 0.0000e+00
        688 111.446386    0.04771     2.8625    171.750     45.881  51910.574    31.9419     3.4517     45.447    7.49592     3.4454    25.4055   13.38641 4.6063e-02 0.0000e+00
        689 111.446389    0.04778     2.8667    172.000     45.997  51912.304    31.9425     3.4498     45.562    7.49624     3.4437    25.4062   13.38693 4.5769e-02 0.0000e+00
        690 111.446392    0.04785     2.8708    172.250     46.117  51912.968    31.9425     3.4481     45.681    7.49655     3.4419    25.4063   13.38743 4.5511e-02 0.0000e+00
        691 111.446395    0.04792     2.8750    172.500     46.242  51913.003    31.9420     3.4465     45.805    7.49688     3.4399    25.4061   13.38798 4.5294e-02 0.0000e+00
        692 111.446398    0.04799     2.8792    172.750     46.373  51913.482    31.9418     3.4446     45.934    7.49722     3.4381    25.4061   13.38855 4.5131e-02 0.0000e+00
        693 111.446400    0.04806     2.8833    173.000     46.509  51914.659    31.9421     3.4427     46.068    7.49757     3.4364    25.4065   13.38912 4.5075e-02 0.0000e+00
        694 111.446403    0.04813     2.8875    173.250     46.650  51916.150    31.9425     3.4408     46.208    7.49788     3.4350    25.4070   13.38964 4.5197e-02 0.0000e+00
        695 111.446406    0.04819     2.8917    173.500     46.796  51917.694    31.9431     3.4392     46.353    7.49816     3.4338    25.4076   13.39009 4.5603e-02 0.0000e+00
        696 111.446409    0.04826     2.8958    173.750     46.944  51919.235    31.9437     3.4378     46.500    7.49839     3.4330    25.4082   13.39046 4.5794e-02 0.0000e+00
        697 111.446412    0.04833     2.9000    174.000     47.093  51920.599    31.9443     3.4367     46.648    7.49857     3.4323    25.4087   13.39075 4.5112e-02 0.0000e+00
        698 111.446415    0.04840     2.9042    174.250     47.244  51921.681    31.9447     3.4358     46.798    7.49871     3.4318    25.4092   13.39097 4.4106e-02 0.0000e+00
        699 111.446418    0.04847     2.9083    174.500     47.397  51922.579    31.9451     3.4351     46.948    7.49881     3.4313    25.4095   13.39114 4.3437e-02 0.0000e+00
        700 111.446421    0.04854     2.9125    174.750     47.549  51923.332    31.9454     3.4346     47.099    7.49890     3.4310    25.4098   13.39128 4.2996e-02 0.0000e+00
        701 111.446424    0.04861     2.9167    175.000     47.701  51923.948    31.9456     3.4342     47.249    7.49896     3.4307    25.4100   13.39138 4.2632e-02 0.0000e+00
        702 111.446427    0.04868     2.9208    175.250     47.850  51924.463    31.9458     3.4339     47.397    7.49901     3.4305    25.4102   13.39146 4.2303e-02 0.0000e+00
        703 111.446429    0.04875     2.9250    175.500     47.998  51924.927    31.9459     3.4336     47.544    7.49905     3.4304    25.4103   13.39152 4.2000e-02 0.0000e+00
        704 111.446432    0.04882     2.9292    175.750     48.143  51925.351    31.9461     3.4334     47.688    7.49908     3.4302    25.4105   13.39157 4.1729e-02 0.0000e+00
        705 111.446435    0.04889     2.9333    176.000     48.287  51925.698    31.9462     3.4332     47.831    7.49910     3.4301    25.4106   13.39161 4.1483e-02 0.0000e+00
        706 111.446438    0.04896     2.9375    176.250     48.430  51925.973    31.9463     3.4331     47.973    7.49912     3.4300    25.4107   13.39164 4.1255e-02 0.0000e+00
        707 111.446441    0.04903     2.9417    176.500     48.572  51926.187    31.9463     3.4330     48.114    7.49914     3.4299    25.4107   13.39166 4.1045e-02 0.0000e+00
        708 111.446444    0.04910     2.9458    176.750     48.714  51926.362    31.9464     3.4329     48.253    7.49915     3.4299    25.4108   13.39169 4.0846e-02 0.0000e+00
        709 111.446447    0.04917     2.9500    177.000     48.855  51926.520    31.9464     3.4328     48.392    7.49917     3.4298    25.4108   13.39171 4.0647e-02 0.0000e+00
        710 111.446450    0.04924     2.9542    177.250     48.996  51926.677    31.9464     3.4328     48.532    7.49919     3.4297    25.4108   13.39173 4.0443e-02 0.0000e+00
        711 111.446453    0.04931     2.9583    177.500     49.138  51926.876    31.9464     3.4327     48.673    7.49920     3.4296    25.4108   13.39176 4.0238e-02 0.0000e+00
        712 111.446455    0.04938     2.9625    177.750     49.283  51927.116    31.9465     3.4326     48.816    7.49922     3.4294    25.4109   13.39178 4.0038e-02 0.0000e+00
        713 111.446458    0.04944     2.9667    178.000     49.431  51927.343    31.9466     3.4325     48.963    7.49923     3.4293    25.4110   13.39181 3.9833e-02 0.0000e+00
        714 111.446461    0.04951     2.9708    178.250     49.583  51927.559    31.9466     3.4324     49.113    7.49925     3.4293    25.4110   13.39183 3.9615e-02 0.0000e+00
        715 111.446464    0.04958     2.9750    178.500     49.741  51927.812    31.9466     3.4323     49.270    7.49926     3.4292    25.4110   13.39186 3.9396e-02 0.0000e+00
        716 111.446467    0.04965     2.9792    178.750     49.904  51928.073    31.9467     3.4322     49.431    7.49927     3.4291    25.4111   13.39187 3.9183e-02 0.0000e+00
        717 111.446470    0.04972     2.9833    179.000     50.069  51928.280    31.9468     3.4321     49.595    7.49928     3.4291    25.4111   13.39189 3.8973e-02 0.0000e+00
        718 111.446473    0.04979     2.9875    179.250     50.234  51928.455    31.9468     3.4321     49.759    7.49929     3.4291    25.4112   13.39190 3.8774e-02 0.0000e+00
        719 111.446476    0.04986     2.9917    179.500     50.396  51928.665    31.9469     3.4321     49.920    7.49929     3.4291    25.4112   13.39190 3.8587e-02 0.0000e+00
        720 111.446479    0.04993     2.9958    179.750     50.554  51928.901    31.9469     3.4320     50.076    7.49929     3.4290    25.4113   13.39190 3.8410e-02 0.0000e+00
        721 111.446481    0.05000     3.0000    180.000     50.707  51929.100    31.9470     3.4320     50.227    7.49929     3.4290    25.4113   13.39190 3.8258e-02 0.0000e+00
        722 111.446484    0.05007     3.0042    180.250     50.855  51929.241    31.9470     3.4320     50.374    7.49929     3.4290    25.4113   13.39190 3.8139e-02 0.0000e+00
        723 111.446487    0.05014     3.0083    180.500     51.002  51929.361    31.9470     3.4320     50.519    7.49929     3.4290    25.4114   13.39190 3.8053e-02 0.0000e+00
