CTD-processing/allCTD/CNV--turbid/2013_07-19_t4_s07_cast043.cnv
* Sea-Bird SBE19plus Data File:
* FileName = C:\Documents and Settings\kris.holderied.local\My Documents\2012-2013-CTD-DATA-new-files\2013-07-CookInlet-EVOSTC-LTM\2013-07-19-CookInlet-Tran4-Barabara\2013-07-19-CookInlet-Tran4-Barabara-cast043.hex
* Software Version 1.54
* Temperature SN =  5028
* Conductivity SN =  5028
* System UpLoad Time = Jul 19 2013 21:56:27
** Cook Inlet LTM Ocean - Tran4 - Barabara, North to South
** Date: 2013-07-19
** Station: 4-07
** Start time (AKDT-24 hr): 18:19
** Depth (m): 32
** Comment:
** Comment:
# nquan = 16
# nvalues = 452                         
# units = specified
# name 0 = scan: Scan Count
# name 1 = timeJ: Julian Days
# name 2 = timeH: Time, Elapsed [hours]
# name 3 = timeM: Time, Elapsed [minutes]
# name 4 = timeS: Time, Elapsed [seconds]
# name 5 = prdM: Pressure, Strain Gauge [db]
# name 6 = specc: Specific Conductance [uS/cm]
# name 7 = sal00: Salinity, Practical [PSU]
# name 8 = tv290C: Temperature [ITS-90, deg C]
# name 9 = depSM: Depth [salt water, m], lat = 59.00
# name 10 = oxsolML/L: Oxygen Saturation, Garcia & Gordon [ml/l]
# name 11 = potemp090C: Potential Temperature [ITS-90, deg C]
# name 12 = sigma-é00: Density [sigma-theta, kg/m^3]
# name 13 = n2satML/L: Nitrogen Saturation [ml/l]
# name 14 = par: PAR/Irradiance, Biospherical/Licor
# name 15 = flag:  0.000e+00
# span 0 =          1,        452       
# span 1 = 200.764039, 200.765344       
# span 2 =    0.00000,    0.03132       
# span 3 =     0.0000,     1.8792       
# span 4 =      0.000,    112.750       
# span 5 =      0.067,     33.983       
# span 6 =    306.947,  50319.275       
# span 7 =     0.1514,    31.7352       
# span 8 =     7.7231,    11.1986       
# span 9 =      0.067,     33.662       
# span 10 =    6.39398,    7.67386      
# span 11 =     7.7199,    11.1986      
# span 12 =    -0.2945,    24.7503      
# span 13 =   11.56994,   14.12524      
# span 14 = 2.5508e-01, 1.1899e+03      
# span 15 = 0.0000e+00, 0.0000e+00      
# interval = seconds: 0.25
# start_time = Jul 19 2013 18:20:13 [Instrument's time stamp, header]
# bad_flag = -9.990e-29
*END*
[from data line 91]
         92 200.764303    0.00632     0.3792     22.750      1.712  49526.239    31.5763    10.4292      1.696    6.39485    10.4485    24.2086   11.57105 3.1737e+02 0.0000e+00
         93 200.764306    0.00639     0.3833     23.000      1.566  49484.789    31.5488    10.4435      1.551    6.39398    10.4454    24.1847   11.56994 3.5187e+02 0.0000e+00
         94 200.764308    0.00646     0.3875     23.250      1.415  49458.454    31.5308    10.4487      1.402    6.39399    10.4357    24.1699   11.57016 4.0745e+02 0.0000e+00
         95 200.764311    0.00653     0.3917     23.500      1.269  49451.437    31.5256    10.4455      1.257    6.39464    10.4230    24.1663   11.57131 4.6495e+02 0.0000e+00
         96 200.764314    0.00660     0.3958     23.750      1.137  49461.279    31.5314    10.4358      1.126    6.39575    10.4106    24.1724   11.57308 4.9168e+02 0.0000e+00
         97 200.764317    0.00667     0.4000     24.000      1.025  49478.801    31.5423    10.4232      1.015    6.39707    10.3991    24.1830   11.57513 4.9588e+02 0.0000e+00
         98 200.764320    0.00674     0.4042     24.250      0.944  49492.535    31.5506    10.4107      0.935    6.39846    10.3876    24.1915   11.57733 5.0842e+02 0.0000e+00
         99 200.764323    0.00681     0.4083     24.500      0.905  49495.936    31.5516    10.3992      0.896    6.40001    10.3751    24.1942   11.57990 5.2806e+02 0.0000e+00
        100 200.764326    0.00688     0.4125     24.750      0.917  49487.692    31.5443    10.3877      0.908    6.40191    10.3608    24.1905   11.58312 5.4492e+02 0.0000e+00
        101 200.764329    0.00694     0.4167     25.000      0.983  49467.180    31.5283    10.3753      0.973    6.40430    10.3447    24.1801   11.58728 5.5174e+02 0.0000e+00
        102 200.764332    0.00701     0.4208     25.250      1.095  49439.920    31.5072    10.3609      1.085    6.40716    10.3280    24.1661   11.59226 5.4102e+02 0.0000e+00
        103 200.764334    0.00708     0.4250     25.500      1.239  49417.441    31.4892    10.3448      1.228    6.41013    10.3124    24.1548   11.59741 5.3183e+02 0.0000e+00
        104 200.764337    0.00715     0.4292     25.750      1.398  49405.575    31.4787    10.3282      1.385    6.41288    10.2989    24.1494   11.60209 5.2202e+02 0.0000e+00
        105 200.764340    0.00722     0.4333     26.000      1.553  49403.152    31.4750    10.3125      1.539    6.41521    10.2883    24.1491   11.60599 4.8660e+02 0.0000e+00
        106 200.764343    0.00729     0.4375     26.250      1.693  49407.393    31.4763    10.2991      1.677    6.41703    10.2807    24.1524   11.60899 4.3882e+02 0.0000e+00
        107 200.764346    0.00736     0.4417     26.500      1.814  49415.911    31.4810    10.2885      1.797    6.41831    10.2756    24.1578   11.61105 3.9767e+02 0.0000e+00
        108 200.764349    0.00743     0.4458     26.750      1.913  49426.879    31.4877    10.2809      1.896    6.41910    10.2725    24.1644   11.61227 3.5887e+02 0.0000e+00
        109 200.764352    0.00750     0.4500     27.000      1.988  49439.428    31.4960    10.2758      1.969    6.41947    10.2707    24.1716   11.61279 3.2538e+02 0.0000e+00
        110 200.764355    0.00757     0.4542     27.250      2.032  49454.528    31.5062    10.2727      2.013    6.41949    10.2698    24.1801   11.61271 3.0525e+02 0.0000e+00
        111 200.764358    0.00764     0.4583     27.500      2.042  49472.330    31.5186    10.2709      2.023    6.41924    10.2696    24.1901   11.61213 2.9947e+02 0.0000e+00
        112 200.764361    0.00771     0.4625     27.750      2.015  49489.432    31.5306    10.2700      1.997    6.41886    10.2696    24.1996   11.61137 3.0893e+02 0.0000e+00
        113 200.764363    0.00778     0.4667     28.000      1.948  49501.372    31.5390    10.2698      1.931    6.41855    10.2698    24.2062   11.61076 3.3035e+02 0.0000e+00
        114 200.764366    0.00785     0.4708     28.250      1.843  49506.543    31.5427    10.2698      1.826    6.41840    10.2702    24.2091   11.61046 3.5997e+02 0.0000e+00
        115 200.764369    0.00792     0.4750     28.500      1.704  49507.749    31.5437    10.2700      1.688    6.41833    10.2710    24.2098   11.61034 3.9795e+02 0.0000e+00
        116 200.764372    0.00799     0.4792     28.750      1.540  49509.533    31.5451    10.2704      1.526    6.41822    10.2724    24.2108   11.61013 4.4077e+02 0.0000e+00
        117 200.764375    0.00806     0.4833     29.000      1.363  49513.759    31.5482    10.2712      1.350    6.41798    10.2746    24.2131   11.60970 4.8749e+02 0.0000e+00
        118 200.764378    0.00813     0.4875     29.250      1.185  49519.883    31.5528    10.2725      1.174    6.41760    10.2780    24.2164   11.60902 5.2390e+02 0.0000e+00
        119 200.764381    0.00819     0.4917     29.500      1.021  49526.694    31.5580    10.2747      1.012    6.41708    10.2830    24.2201   11.60809 5.3215e+02 0.0000e+00
        120 200.764384    0.00826     0.4958     29.750      0.885  49530.872    31.5614    10.2781      0.877    6.41647    10.2903    24.2222   11.60704 5.3364e+02 0.0000e+00
        121 200.764387    0.00833     0.5000     30.000      0.791  49527.242    31.5595    10.2831      0.784    6.41585    10.2989    24.2199   11.60603 5.4417e+02 0.0000e+00
        122 200.764389    0.00840     0.5042     30.250      0.751  49512.166    31.5498    10.2903      0.744    6.41524    10.3061    24.2111   11.60515 5.5144e+02 0.0000e+00
        123 200.764392    0.00847     0.5083     30.500      0.775  49484.972    31.5316    10.2990      0.767    6.41478    10.3083    24.1955   11.60459 5.4407e+02 0.0000e+00
        124 200.764395    0.00854     0.5125     30.750      0.868  49449.058    31.5070    10.3062      0.860    6.41478    10.3041    24.1751   11.60489 5.1267e+02 0.0000e+00
        125 200.764398    0.00861     0.5167     31.000      1.037  49413.336    31.4820    10.3084      1.028    6.41551    10.2953    24.1552   11.60638 4.5649e+02 0.0000e+00
        126 200.764401    0.00868     0.5208     31.250      1.281  49388.180    31.4636    10.3042      1.269    6.41684    10.2853    24.1416   11.60881 3.9111e+02 0.0000e+00
        127 200.764404    0.00875     0.5250     31.500      1.578  49377.659    31.4549    10.2955      1.563    6.41841    10.2764    24.1363   11.61151 3.3367e+02 0.0000e+00
        128 200.764407    0.00882     0.5292     31.750      1.884  49378.344    31.4540    10.2855      1.866    6.41984    10.2698    24.1373   11.61390 2.8738e+02 0.0000e+00
        129 200.764410    0.00889     0.5333     32.000      2.151  49385.251    31.4577    10.2766      2.130    6.42093    10.2657    24.1417   11.61566 2.5420e+02 0.0000e+00
        130 200.764413    0.00896     0.5375     32.250      2.355  49394.809    31.4636    10.2700      2.332    6.42161    10.2641    24.1473   11.61672 2.3727e+02 0.0000e+00
        131 200.764416    0.00903     0.5417     32.500      2.490  49404.431    31.4698    10.2660      2.466    6.42192    10.2646    24.1529   11.61715 2.3436e+02 0.0000e+00
        132 200.764418    0.00910     0.5458     32.750      2.555  49412.105    31.4750    10.2644      2.531    6.42193    10.2664    24.1572   11.61711 2.4134e+02 0.0000e+00
        133 200.764421    0.00917     0.5500     33.000      2.553  49416.330    31.4780    10.2648      2.529    6.42174    10.2687    24.1595   11.61677 2.5500e+02 0.0000e+00
        134 200.764424    0.00924     0.5542     33.250      2.493  49416.799    31.4786    10.2667      2.470    6.42146    10.2705    24.1596   11.61630 2.7105e+02 0.0000e+00
        135 200.764427    0.00931     0.5583     33.500      2.390  49414.052    31.4770    10.2690      2.368    6.42121    10.2710    24.1580   11.61590 2.8576e+02 0.0000e+00
        136 200.764430    0.00937     0.5625     33.750      2.262  49409.161    31.4738    10.2707      2.241    6.42110    10.2703    24.1552   11.61575 2.9886e+02 0.0000e+00
        137 200.764433    0.00944     0.5667     34.000      2.126  49404.291    31.4705    10.2712      2.106    6.42116    10.2688    24.1525   11.61590 3.1114e+02 0.0000e+00
        138 200.764436    0.00951     0.5708     34.250      1.993  49401.703    31.4686    10.2705      1.975    6.42134    10.2670    24.1512   11.61621 3.2187e+02 0.0000e+00
        139 200.764439    0.00958     0.5750     34.500      1.873  49402.063    31.4687    10.2690      1.855    6.42154    10.2654    24.1515   11.61655 3.2534e+02 0.0000e+00
        140 200.764442    0.00965     0.5792     34.750      1.770  49404.489    31.4703    10.2672      1.753    6.42173    10.2641    24.1530   11.61684 3.1802e+02 0.0000e+00
        141 200.764444    0.00972     0.5833     35.000      1.687  49407.593    31.4724    10.2656      1.672    6.42187    10.2632    24.1549   11.61705 2.9936e+02 0.0000e+00
        142 200.764447    0.00979     0.5875     35.250      1.630  49410.069    31.4740    10.2643      1.615    6.42199    10.2626    24.1563   11.61723 2.7393e+02 0.0000e+00
        143 200.764450    0.00986     0.5917     35.500      1.600  49411.057    31.4745    10.2634      1.585    6.42210    10.2623    24.1570   11.61740 2.5555e+02 0.0000e+00
        144 200.764453    0.00993     0.5958     35.750      1.603  49410.609    31.4741    10.2628      1.588    6.42220    10.2624    24.1568   11.61757 2.4822e+02 0.0000e+00
        145 200.764456    0.01000     0.6000     36.000      1.641  49409.399    31.4732    10.2625      1.625    6.42227    10.2626    24.1561   11.61770 2.4536e+02 0.0000e+00
        146 200.764459    0.01007     0.6042     36.250      1.714  49407.912    31.4722    10.2626      1.698    6.42231    10.2631    24.1553   11.61777 2.4308e+02 0.0000e+00
        147 200.764462    0.01014     0.6083     36.500      1.820  49406.461    31.4711    10.2628      1.803    6.42231    10.2637    24.1544   11.61778 2.3706e+02 0.0000e+00
        148 200.764465    0.01021     0.6125     36.750      1.951  49405.498    31.4705    10.2633      1.932    6.42227    10.2643    24.1538   11.61773 2.2687e+02 0.0000e+00
        149 200.764468    0.01028     0.6167     37.000      2.093  49405.608    31.4706    10.2639      2.073    6.42219    10.2651    24.1538   11.61759 2.2051e+02 0.0000e+00
        150 200.764470    0.01035     0.6208     37.250      2.232  49407.479    31.4719    10.2645      2.211    6.42204    10.2661    24.1547   11.61732 2.2066e+02 0.0000e+00
        151 200.764473    0.01042     0.6250     37.500      2.355  49411.614    31.4749    10.2653      2.333    6.42180    10.2674    24.1569   11.61690 2.2174e+02 0.0000e+00
        152 200.764476    0.01049     0.6292     37.750      2.450  49417.131    31.4789    10.2663      2.427    6.42150    10.2692    24.1599   11.61636 2.2072e+02 0.0000e+00
        153 200.764479    0.01056     0.6333     38.000      2.511  49421.568    31.4821    10.2676      2.487    6.42119    10.2714    24.1622   11.61580 2.1962e+02 0.0000e+00
        154 200.764482    0.01063     0.6375     38.250      2.533  49422.853    31.4833    10.2694      2.509    6.42089    10.2734    24.1628   11.61529 2.2070e+02 0.0000e+00
        155 200.764485    0.01069     0.6417     38.500      2.514  49420.250    31.4817    10.2717      2.491    6.42064    10.2745    24.1612   11.61490 2.2488e+02 0.0000e+00
        156 200.764488    0.01076     0.6458     38.750      2.458  49414.310    31.4778    10.2737      2.435    6.42052    10.2744    24.1578   11.61475 2.3037e+02 0.0000e+00
        157 200.764491    0.01083     0.6500     39.000      2.378  49407.132    31.4729    10.2748      2.356    6.42057    10.2734    24.1538   11.61488 2.3340e+02 0.0000e+00
        158 200.764494    0.01090     0.6542     39.250      2.290  49401.418    31.4688    10.2747      2.268    6.42075    10.2718    24.1506   11.61523 2.3271e+02 0.0000e+00
        159 200.764497    0.01097     0.6583     39.500      2.208  49398.866    31.4669    10.2736      2.187    6.42097    10.2700    24.1493   11.61563 2.2895e+02 0.0000e+00
        160 200.764499    0.01104     0.6625     39.750      2.138  49399.693    31.4673    10.2720      2.118    6.42118    10.2684    24.1499   11.61597 2.2602e+02 0.0000e+00
        161 200.764502    0.01111     0.6667     40.000      2.079  49403.423    31.4698    10.2702      2.060    6.42133    10.2671    24.1521   11.61618 2.2816e+02 0.0000e+00
        162 200.764505    0.01118     0.6708     40.250      2.031  49409.520    31.4739    10.2686      2.012    6.42139    10.2661    24.1556   11.61623 2.3365e+02 0.0000e+00
        163 200.764508    0.01125     0.6750     40.500      1.991  49416.621    31.4788    10.2673      1.972    6.42137    10.2653    24.1596   11.61614 2.3756e+02 0.0000e+00
        164 200.764511    0.01132     0.6792     40.750      1.956  49421.743    31.4823    10.2663      1.938    6.42136    10.2647    24.1625   11.61608 2.3776e+02 0.0000e+00
        165 200.764514    0.01139     0.6833     41.000      1.926  49422.060    31.4825    10.2656      1.908    6.42146    10.2641    24.1628   11.61625 2.3580e+02 0.0000e+00
        166 200.764517    0.01146     0.6875     41.250      1.903  49417.753    31.4794    10.2649      1.886    6.42168    10.2635    24.1604   11.61665 2.3132e+02 0.0000e+00
        167 200.764520    0.01153     0.6917     41.500      1.893  49411.649    31.4750    10.2643      1.876    6.42195    10.2628    24.1571   11.61714 2.2340e+02 0.0000e+00
        168 200.764523    0.01160     0.6958     41.750      1.902  49406.160    31.4710    10.2637      1.884    6.42220    10.2622    24.1542   11.61761 2.1258e+02 0.0000e+00
        169 200.764525    0.01167     0.7000     42.000      1.937  49402.131    31.4681    10.2630      1.919    6.42241    10.2615    24.1520   11.61799 1.9944e+02 0.0000e+00
        170 200.764528    0.01174     0.7042     42.250      2.002  49399.737    31.4663    10.2624      1.983    6.42257    10.2609    24.1507   11.61828 1.8899e+02 0.0000e+00
        171 200.764531    0.01181     0.7083     42.500      2.092  49398.987    31.4656    10.2617      2.072    6.42268    10.2603    24.1503   11.61848 1.8505e+02 0.0000e+00
        172 200.764534    0.01188     0.7125     42.750      2.193  49399.868    31.4661    10.2611      2.173    6.42275    10.2599    24.1508   11.61859 1.8449e+02 0.0000e+00
        173 200.764537    0.01194     0.7167     43.000      2.292  49402.399    31.4678    10.2606      2.272    6.42276    10.2597    24.1522   11.61858 1.8319e+02 0.0000e+00
        174 200.764540    0.01201     0.7208     43.250      2.377  49406.493    31.4706    10.2602      2.355    6.42270    10.2598    24.1545   11.61844 1.8091e+02 0.0000e+00
        175 200.764543    0.01208     0.7250     43.500      2.440  49411.712    31.4743    10.2600      2.417    6.42257    10.2602    24.1573   11.61818 1.8130e+02 0.0000e+00
        176 200.764546    0.01215     0.7292     43.750      2.478  49416.511    31.4776    10.2601      2.455    6.42242    10.2608    24.1599   11.61789 1.8634e+02 0.0000e+00
        177 200.764549    0.01222     0.7333     44.000      2.488  49418.631    31.4792    10.2604      2.465    6.42231    10.2614    24.1611   11.61769 1.9487e+02 0.0000e+00
        178 200.764552    0.01229     0.7375     44.250      2.471  49416.645    31.4779    10.2610      2.449    6.42228    10.2618    24.1599   11.61766 2.0450e+02 0.0000e+00
        179 200.764554    0.01236     0.7417     44.500      2.431  49411.137    31.4741    10.2617      2.408    6.42234    10.2617    24.1568   11.61781 2.1365e+02 0.0000e+00
        180 200.764557    0.01243     0.7458     44.750      2.372  49404.795    31.4696    10.2621      2.350    6.42247    10.2612    24.1533   11.61808 2.2348e+02 0.0000e+00
