CTD-processing/allCTD/CNV--turbid/2013_02-12_t4_s06_cast028.cnv
* Sea-Bird SBE19plus Data File:
* FileName = C:\Documents and Settings\kris.holderied.local\My Documents\2012-2013-CTD-DATA-new-files\2013-02-EVOSTC-CookInlet\2013-02-12-CookInlet-Barabara-to-BluffPt-Tran4\2013-02-12-CookInletOcean-Tran4-cast028.hex
* Software Version 1.54
* Temperature SN =  5028
* Conductivity SN =  5028
* System UpLoad Time = Feb 12 2013 14:24:33
** Cook Inlet Ocean Transect 4 Barabara to Bluff Pt
** Date:  12 Feb 2013
** Station:4-06
** Start time (AKDT-24 hr):1226
** Depth (m):68
** Comment:
# nquan = 16
# nvalues = 578                         
# units = specified
# name 0 = scan: Scan Count
# name 1 = timeJ: Julian Days
# name 2 = timeH: Time, Elapsed [hours]
# name 3 = timeM: Time, Elapsed [minutes]
# name 4 = timeS: Time, Elapsed [seconds]
# name 5 = prdM: Pressure, Strain Gauge [db]
# name 6 = specc: Specific Conductance [uS/cm]
# name 7 = sal00: Salinity, Practical [PSU]
# name 8 = tv290C: Temperature [ITS-90, deg C]
# name 9 = depSM: Depth [salt water, m], lat = 59.00
# name 10 = oxsolML/L: Oxygen Saturation, Garcia & Gordon [ml/l]
# name 11 = potemp090C: Potential Temperature [ITS-90, deg C]
# name 12 = sigma-é00: Density [sigma-theta, kg/m^3]
# name 13 = n2satML/L: Nitrogen Saturation [ml/l]
# name 14 = par: PAR/Irradiance, Biospherical/Licor
# name 15 = flag:  0.000e+00
# span 0 =          1,        578       
# span 1 =  43.601817,  43.603487       
# span 2 =    0.00000,    0.04007       
# span 3 =     0.0000,     2.4042       
# span 4 =      0.000,    144.250       
# span 5 =     -0.107,     62.785       
# span 6 =      4.619,  51512.490       
# span 7 =     0.0018,    31.7656       
# span 8 =     2.8551,     4.0104       
# span 9 =     -0.106,     62.189       
# span 10 =    7.40401,    9.45556      
# span 11 =     2.8556,     4.0064      
# span 12 =    -0.0338,    25.2377      
# span 13 =   13.23735,   17.12651      
# span 14 = 4.5869e-02, 2.1948e+02      
# span 15 = 0.0000e+00, 0.0000e+00      
# interval = seconds: 0.25
# start_time = Feb 12 2013 14:26:37 [Instrument's time stamp, header]
# bad_flag = -9.990e-29
*END*
[from data line 452]
        453  43.603125    0.03139     1.8833    113.000     33.060  51387.291    31.7011     3.8876     32.749    7.42831     3.8857    25.1736   13.27801 1.0548e+00 0.0000e+00
        454  43.603128    0.03146     1.8875    113.250     33.310  51387.439    31.7011     3.8877     32.997    7.42830     3.8858    25.1736   13.27799 1.0219e+00 0.0000e+00
        455  43.603131    0.03153     1.8917    113.500     33.550  51387.605    31.7011     3.8878     33.234    7.42828     3.8858    25.1736   13.27796 9.9155e-01 0.0000e+00
        456  43.603134    0.03160     1.8958    113.750     33.779  51387.856    31.7011     3.8879     33.460    7.42826     3.8859    25.1737   13.27793 9.6342e-01 0.0000e+00
        457  43.603137    0.03167     1.9000    114.000     33.999  51388.220    31.7013     3.8880     33.678    7.42824     3.8861    25.1738   13.27789 9.3705e-01 0.0000e+00
        458  43.603139    0.03174     1.9042    114.250     34.217  51388.716    31.7015     3.8881     33.894    7.42821     3.8863    25.1740   13.27784 9.1156e-01 0.0000e+00
        459  43.603142    0.03181     1.9083    114.500     34.440  51389.407    31.7019     3.8882     34.115    7.42816     3.8867    25.1743   13.27775 8.8554e-01 0.0000e+00
        460  43.603145    0.03188     1.9125    114.750     34.676  51390.270    31.7025     3.8885     34.349    7.42809     3.8871    25.1747   13.27762 8.5812e-01 0.0000e+00
        461  43.603148    0.03194     1.9167    115.000     34.931  51391.082    31.7030     3.8888     34.601    7.42799     3.8876    25.1750   13.27746 8.2935e-01 0.0000e+00
        462  43.603151    0.03201     1.9208    115.250     35.206  51391.582    31.7033     3.8893     34.874    7.42789     3.8880    25.1752   13.27729 7.9942e-01 0.0000e+00
        463  43.603154    0.03208     1.9250    115.500     35.501  51391.775    31.7034     3.8898     35.166    7.42780     3.8883    25.1753   13.27713 7.6879e-01 0.0000e+00
        464  43.603157    0.03215     1.9292    115.750     35.809  51391.915    31.7034     3.8903     35.471    7.42772     3.8886    25.1753   13.27700 7.3837e-01 0.0000e+00
        465  43.603160    0.03222     1.9333    116.000     36.123  51392.116    31.7035     3.8906     35.783    7.42765     3.8888    25.1753   13.27689 7.0916e-01 0.0000e+00
        466  43.603163    0.03229     1.9375    116.250     36.432  51392.319    31.7035     3.8909     36.089    7.42760     3.8889    25.1753   13.27681 6.8216e-01 0.0000e+00
        467  43.603166    0.03236     1.9417    116.500     36.725  51392.558    31.7036     3.8911     36.378    7.42756     3.8891    25.1753   13.27674 6.5805e-01 0.0000e+00
        468  43.603168    0.03243     1.9458    116.750     36.994  51392.836    31.7037     3.8913     36.645    7.42752     3.8892    25.1754   13.27667 6.3684e-01 0.0000e+00
        469  43.603171    0.03250     1.9500    117.000     37.240  51393.092    31.7038     3.8914     36.888    7.42748     3.8894    25.1755   13.27661 6.1808e-01 0.0000e+00
        470  43.603174    0.03257     1.9542    117.250     37.466  51393.323    31.7039     3.8916     37.112    7.42745     3.8895    25.1755   13.27656 6.0108e-01 0.0000e+00
        471  43.603177    0.03264     1.9583    117.500     37.680  51393.544    31.7039     3.8917     37.324    7.42742     3.8896    25.1756   13.27651 5.8512e-01 0.0000e+00
        472  43.603180    0.03271     1.9625    117.750     37.889  51393.789    31.7040     3.8919     37.531    7.42739     3.8898    25.1756   13.27645 5.6959e-01 0.0000e+00
        473  43.603183    0.03278     1.9667    118.000     38.102  51394.063    31.7042     3.8920     37.742    7.42736     3.8900    25.1757   13.27639 5.5400e-01 0.0000e+00
        474  43.603186    0.03285     1.9708    118.250     38.322  51394.327    31.7043     3.8922     37.960    7.42732     3.8902    25.1758   13.27633 5.3816e-01 0.0000e+00
        475  43.603189    0.03292     1.9750    118.500     38.552  51394.550    31.7044     3.8924     38.188    7.42728     3.8903    25.1758   13.27626 5.2205e-01 0.0000e+00
        476  43.603192    0.03299     1.9792    118.750     38.792  51394.697    31.7044     3.8926     38.426    7.42724     3.8905    25.1758   13.27620 5.0574e-01 0.0000e+00
        477  43.603194    0.03306     1.9833    119.000     39.043  51394.806    31.7044     3.8928     38.674    7.42721     3.8907    25.1758   13.27615 4.8943e-01 0.0000e+00
        478  43.603197    0.03313     1.9875    119.250     39.300  51395.003    31.7044     3.8930     38.929    7.42718     3.8909    25.1758   13.27609 4.7336e-01 0.0000e+00
        479  43.603200    0.03319     1.9917    119.500     39.561  51395.356    31.7046     3.8931     39.188    7.42714     3.8911    25.1759   13.27602 4.5771e-01 0.0000e+00
        480  43.603203    0.03326     1.9958    119.750     39.823  51395.798    31.7048     3.8933     39.447    7.42709     3.8913    25.1761   13.27594 4.4267e-01 0.0000e+00
        481  43.603206    0.03333     2.0000    120.000     40.084  51396.174    31.7050     3.8936     39.705    7.42704     3.8915    25.1762   13.27586 4.2841e-01 0.0000e+00
        482  43.603209    0.03340     2.0042    120.250     40.341  51396.375    31.7051     3.8938     39.959    7.42699     3.8917    25.1762   13.27578 4.1490e-01 0.0000e+00
        483  43.603212    0.03347     2.0083    120.500     40.594  51396.520    31.7051     3.8941     40.210    7.42695     3.8919    25.1762   13.27570 4.0201e-01 0.0000e+00
        484  43.603215    0.03354     2.0125    120.750     40.845  51396.782    31.7052     3.8943     40.459    7.42690     3.8922    25.1763   13.27562 3.8960e-01 0.0000e+00
        485  43.603218    0.03361     2.0167    121.000     41.097  51397.126    31.7053     3.8945     40.709    7.42685     3.8924    25.1764   13.27553 3.7753e-01 0.0000e+00
        486  43.603220    0.03368     2.0208    121.250     41.351  51397.486    31.7055     3.8948     40.961    7.42679     3.8927    25.1765   13.27544 3.6570e-01 0.0000e+00
        487  43.603223    0.03375     2.0250    121.500     41.610  51397.872    31.7057     3.8950     41.217    7.42674     3.8930    25.1767   13.27535 3.5410e-01 0.0000e+00
        488  43.603226    0.03382     2.0292    121.750     41.872  51398.214    31.7059     3.8953     41.477    7.42668     3.8932    25.1768   13.27525 3.4275e-01 0.0000e+00
        489  43.603229    0.03389     2.0333    122.000     42.136  51398.482    31.7060     3.8956     41.737    7.42662     3.8935    25.1768   13.27515 3.3180e-01 0.0000e+00
        490  43.603232    0.03396     2.0375    122.250     42.395  51398.786    31.7061     3.8959     41.994    7.42656     3.8939    25.1769   13.27505 3.2145e-01 0.0000e+00
        491  43.603235    0.03403     2.0417    122.500     42.646  51399.170    31.7063     3.8962     42.243    7.42649     3.8942    25.1771   13.27494 3.1178e-01 0.0000e+00
        492  43.603238    0.03410     2.0458    122.750     42.888  51399.512    31.7065     3.8965     42.483    7.42642     3.8946    25.1772   13.27482 3.0274e-01 0.0000e+00
        493  43.603241    0.03417     2.0500    123.000     43.123  51399.764    31.7067     3.8969     42.716    7.42635     3.8949    25.1773   13.27470 2.9419e-01 0.0000e+00
        494  43.603244    0.03424     2.0542    123.250     43.354  51400.018    31.7068     3.8973     42.944    7.42628     3.8953    25.1774   13.27457 2.8597e-01 0.0000e+00
        495  43.603247    0.03431     2.0583    123.500     43.583  51400.334    31.7070     3.8977     43.171    7.42620     3.8958    25.1775   13.27443 2.7795e-01 0.0000e+00
        496  43.603249    0.03438     2.0625    123.750     43.815  51400.715    31.7073     3.8981     43.401    7.42611     3.8963    25.1777   13.27428 2.7007e-01 0.0000e+00
        497  43.603252    0.03444     2.0667    124.000     44.051  51401.014    31.7075     3.8986     43.634    7.42601     3.8968    25.1778   13.27412 2.6230e-01 0.0000e+00
        498  43.603255    0.03451     2.0708    124.250     44.291  51400.943    31.7074     3.8991     43.872    7.42591     3.8971    25.1777   13.27396 2.5461e-01 0.0000e+00
        499  43.603258    0.03458     2.0750    124.500     44.534  51400.580    31.7072     3.8996     44.113    7.42584     3.8972    25.1774   13.27385 2.4707e-01 0.0000e+00
        500  43.603261    0.03465     2.0792    124.750     44.779  51400.239    31.7069     3.8999     44.356    7.42580     3.8973    25.1772   13.27379 2.3978e-01 0.0000e+00
        501  43.603264    0.03472     2.0833    125.000     45.023  51399.887    31.7066     3.9000     44.597    7.42578     3.8971    25.1769   13.27376 2.3281e-01 0.0000e+00
        502  43.603267    0.03479     2.0875    125.250     45.261  51399.421    31.7061     3.9001     44.833    7.42579     3.8968    25.1766   13.27379 2.2621e-01 0.0000e+00
        503  43.603270    0.03486     2.0917    125.500     45.493  51399.008    31.7057     3.8999     45.063    7.42584     3.8965    25.1762   13.27387 2.2001e-01 0.0000e+00
        504  43.603273    0.03493     2.0958    125.750     45.718  51399.008    31.7055     3.8997     45.285    7.42590     3.8963    25.1761   13.27397 2.1417e-01 0.0000e+00
        505  43.603275    0.03500     2.1000    126.000     45.937  51399.552    31.7057     3.8994     45.502    7.42595     3.8962    25.1763   13.27405 2.0857e-01 0.0000e+00
        506  43.603278    0.03507     2.1042    126.250     46.156  51400.308    31.7061     3.8992     45.719    7.42597     3.8962    25.1766   13.27408 2.0306e-01 0.0000e+00
        507  43.603281    0.03514     2.1083    126.500     46.382  51400.966    31.7064     3.8991     45.943    7.42597     3.8963    25.1768   13.27407 1.9752e-01 0.0000e+00
        508  43.603284    0.03521     2.1125    126.750     46.620  51401.547    31.7067     3.8992     46.179    7.42595     3.8966    25.1771   13.27403 1.9183e-01 0.0000e+00
        509  43.603287    0.03528     2.1167    127.000     46.874  51402.272    31.7071     3.8993     46.430    7.42590     3.8971    25.1774   13.27395 1.8600e-01 0.0000e+00
        510  43.603290    0.03535     2.1208    127.250     47.143  51403.303    31.7077     3.8995     46.696    7.42582     3.8979    25.1779   13.27381 1.8006e-01 0.0000e+00
        511  43.603293    0.03542     2.1250    127.500     47.423  51404.708    31.7086     3.9000     46.974    7.42568     3.8991    25.1786   13.27357 1.7417e-01 0.0000e+00
        512  43.603296    0.03549     2.1292    127.750     47.707  51406.672    31.7100     3.9008     47.256    7.42547     3.9009    25.1796   13.27320 1.6849e-01 0.0000e+00
        513  43.603299    0.03556     2.1333    128.000     47.985  51409.041    31.7118     3.9021     47.530    7.42515     3.9030    25.1809   13.27265 1.6322e-01 0.0000e+00
        514  43.603302    0.03562     2.1375    128.250     48.245  51410.750    31.7133     3.9039     47.789    7.42474     3.9052    25.1819   13.27196 1.5854e-01 0.0000e+00
        515  43.603304    0.03569     2.1417    128.500     48.483  51410.752    31.7137     3.9061     48.025    7.42432     3.9070    25.1820   13.27126 1.5445e-01 0.0000e+00
        516  43.603307    0.03576     2.1458    128.750     48.698  51409.271    31.7131     3.9083     48.238    7.42395     3.9082    25.1813   13.27066 1.5084e-01 0.0000e+00
        517  43.603310    0.03583     2.1500    129.000     48.896  51407.344    31.7122     3.9101     48.433    7.42368     3.9089    25.1804   13.27022 1.4757e-01 0.0000e+00
        518  43.603313    0.03590     2.1542    129.250     49.084  51405.761    31.7113     3.9113     48.619    7.42351     3.9092    25.1796   13.26995 1.4448e-01 0.0000e+00
        519  43.603316    0.03597     2.1583    129.500     49.272  51404.805    31.7107     3.9120     48.805    7.42341     3.9094    25.1790   13.26980 1.4143e-01 0.0000e+00
        520  43.603319    0.03604     2.1625    129.750     49.470  51404.504    31.7104     3.9123     49.001    7.42336     3.9096    25.1788   13.26971 1.3825e-01 0.0000e+00
        521  43.603322    0.03611     2.1667    130.000     49.684  51404.755    31.7105     3.9125     49.214    7.42332     3.9099    25.1789   13.26965 1.3486e-01 0.0000e+00
        522  43.603325    0.03618     2.1708    130.250     49.918  51405.504    31.7110     3.9127     49.446    7.42326     3.9104    25.1793   13.26955 1.3127e-01 0.0000e+00
        523  43.603328    0.03625     2.1750    130.500     50.171  51406.497    31.7116     3.9130     49.696    7.42317     3.9110    25.1797   13.26939 1.2754e-01 0.0000e+00
        524  43.603330    0.03632     2.1792    130.750     50.437  51406.999    31.7120     3.9136     49.960    7.42306     3.9115    25.1800   13.26920 1.2376e-01 0.0000e+00
        525  43.603333    0.03639     2.1833    131.000     50.709  51406.859    31.7119     3.9142     50.229    7.42295     3.9119    25.1798   13.26902 1.2008e-01 0.0000e+00
        526  43.603336    0.03646     2.1875    131.250     50.978  51406.642    31.7117     3.9147     50.496    7.42286     3.9122    25.1797   13.26887 1.1661e-01 0.0000e+00
        527  43.603339    0.03653     2.1917    131.500     51.240  51406.535    31.7116     3.9151     50.754    7.42279     3.9125    25.1795   13.26876 1.1339e-01 0.0000e+00
        528  43.603342    0.03660     2.1958    131.750     51.491  51406.493    31.7115     3.9155     51.003    7.42274     3.9127    25.1794   13.26867 1.1041e-01 0.0000e+00
        529  43.603345    0.03667     2.2000    132.000     51.734  51406.616    31.7116     3.9158     51.244    7.42268     3.9130    25.1794   13.26858 1.0764e-01 0.0000e+00
        530  43.603348    0.03674     2.2042    132.250     51.972  51406.825    31.7117     3.9160     51.480    7.42263     3.9132    25.1795   13.26850 1.0505e-01 0.0000e+00
        531  43.603351    0.03681     2.2083    132.500     52.208  51406.968    31.7117     3.9163     51.713    7.42258     3.9134    25.1795   13.26842 1.0257e-01 0.0000e+00
        532  43.603354    0.03687     2.2125    132.750     52.443  51407.128    31.7117     3.9165     51.946    7.42254     3.9136    25.1795   13.26834 1.0018e-01 0.0000e+00
        533  43.603356    0.03694     2.2167    133.000     52.677  51407.367    31.7118     3.9167     52.178    7.42250     3.9138    25.1796   13.26827 9.7844e-02 0.0000e+00
        534  43.603359    0.03701     2.2208    133.250     52.909  51407.613    31.7119     3.9169     52.408    7.42246     3.9140    25.1796   13.26820 9.5580e-02 0.0000e+00
        535  43.603362    0.03708     2.2250    133.500     53.139  51407.836    31.7120     3.9171     52.635    7.42242     3.9142    25.1797   13.26814 9.3392e-02 0.0000e+00
        536  43.603365    0.03715     2.2292    133.750     53.367  51408.073    31.7121     3.9173     52.861    7.42237     3.9144    25.1797   13.26806 9.1286e-02 0.0000e+00
        537  43.603368    0.03722     2.2333    134.000     53.594  51408.269    31.7122     3.9175     53.086    7.42233     3.9146    25.1798   13.26799 8.9264e-02 0.0000e+00
        538  43.603371    0.03729     2.2375    134.250     53.821  51408.189    31.7121     3.9178     53.310    7.42229     3.9147    25.1797   13.26792 8.7306e-02 0.0000e+00
        539  43.603374    0.03736     2.2417    134.500     54.048  51407.903    31.7118     3.9180     53.536    7.42226     3.9147    25.1794   13.26789 8.5393e-02 0.0000e+00
        540  43.603377    0.03743     2.2458    134.750     54.279  51407.821    31.7117     3.9181     53.764    7.42226     3.9146    25.1793   13.26788 8.3513e-02 0.0000e+00
        541  43.603380    0.03750     2.2500    135.000     54.513  51408.003    31.7117     3.9181     53.997    7.42226     3.9146    25.1793   13.26788 8.1668e-02 0.0000e+00
        542  43.603383    0.03757     2.2542    135.250     54.753  51408.280    31.7117     3.9181     54.234    7.42225     3.9147    25.1793   13.26787 7.9868e-02 0.0000e+00
