CTD-processing/allCTD/CNV--turbid/2013_08-30_t9_s02_cast089.cnv
* Sea-Bird SBE19plus Data File:
* FileName = C:\Users\kris.holderied\Documents\kasitsna\Research-Projects-and-Data\Oceanography-AK\CTD-Data-ALL-to-2013-06-17\2013-CTD-KachBay-CookInlet\2013-08-30-CTD-HomerSpitLine-Tran9-LTM\2013-08-30-CookInlet-Tran9-HomerSpit-cast089.hex
* Software Version 1.59
* Temperature SN =  5028
* Conductivity SN =  5028
* System UpLoad Time = Apr 02 2014 16:06:49
** Cook Inlet LTM Transect 9 (Homer Spit) monthly
** Date: 30 Aug 2013
** Station: 9-02
** Start time: 11:34
** Depth (m): 73.5
** Comment:  CTD instrument time is AK Daylight time
** Comment:
# nquan = 16
# nvalues = 480                         
# units = specified
# name 0 = scan: Scan Count
# name 1 = timeJ: Julian Days
# name 2 = timeH: Time, Elapsed [hours]
# name 3 = timeM: Time, Elapsed [minutes]
# name 4 = timeS: Time, Elapsed [seconds]
# name 5 = prdM: Pressure, Strain Gauge [db]
# name 6 = specc: Specific Conductance [uS/cm]
# name 7 = sal00: Salinity, Practical [PSU]
# name 8 = tv290C: Temperature [ITS-90, deg C]
# name 9 = depSM: Depth [salt water, m], lat = 59.00
# name 10 = oxsolML/L: Oxygen Saturation, Garcia & Gordon [ml/l]
# name 11 = potemp090C: Potential Temperature [ITS-90, deg C]
# name 12 = sigma-é00: Density [sigma-theta, kg/m^3]
# name 13 = n2satML/L: Nitrogen Saturation [ml/l]
# name 14 = par: PAR/Irradiance, Biospherical/Licor
# name 15 = flag:  0.000e+00
# span 0 =          1,        480       
# span 1 = 242.482662, 242.484048       
# span 2 =    0.00000,    0.03326       
# span 3 =     0.0000,     1.9958       
# span 4 =      0.000,    119.750       
# span 5 =     -0.041,     66.444       
# span 6 =    232.567,  48976.907       
# span 7 =     0.1095,    31.0375       
# span 8 =     9.4579,    11.1204       
# span 9 =     -0.041,     65.812       
# span 10 =    6.44721,    7.69108      
# span 11 =     9.4509,    11.1204      
# span 12 =    -0.3190,    23.9473      
# span 13 =   11.69285,   14.15452      
# span 14 = 6.4676e-02, 5.3307e+02      
# span 15 = 0.0000e+00, 0.0000e+00      
# interval = seconds: 0.25
# start_time = Aug 30 2013 11:35:02 [Instrument's time stamp, header]
# bad_flag = -9.990e-29
*END*
          1 242.482662    0.00000     0.0000      0.000     -0.026    295.195     0.1391    11.1038     -0.026    7.69108    11.1054    -0.2942   14.15452 2.6154e+02 0.0000e+00
          2 242.482665    0.00007     0.0042      0.250     -0.024    291.160     0.1372    11.1045     -0.024    7.69106    11.1065    -0.2958   14.15451 2.5867e+02 0.0000e+00
          3 242.482668    0.00014     0.0083      0.500     -0.022    286.661     0.1350    11.1054     -0.022    7.69100    11.1076    -0.2976   14.15445 2.5702e+02 0.0000e+00
          4 242.482671    0.00021     0.0125      0.750     -0.020    282.604     0.1331    11.1065     -0.020    7.69091    11.1089    -0.2992   14.15431 2.5777e+02 0.0000e+00
          5 242.482674    0.00028     0.0167      1.000     -0.019    279.258     0.1315    11.1076     -0.019    7.69078    11.1102    -0.3006   14.15411 2.6130e+02 0.0000e+00
          6 242.482677    0.00035     0.0208      1.250     -0.019    276.281     0.1301    11.1089     -0.019    7.69063    11.1114    -0.3018   14.15387 2.6794e+02 0.0000e+00
          7 242.482679    0.00042     0.0250      1.500     -0.019    273.316     0.1287    11.1102     -0.019    7.69047    11.1125    -0.3031   14.15363 2.7676e+02 0.0000e+00
          8 242.482682    0.00049     0.0292      1.750     -0.020    270.235     0.1272    11.1114     -0.020    7.69032    11.1136    -0.3044   14.15339 2.8611e+02 0.0000e+00
          9 242.482685    0.00056     0.0333      2.000     -0.022    267.101     0.1257    11.1125     -0.021    7.69018    11.1146    -0.3057   14.15319 2.9537e+02 0.0000e+00
         10 242.482688    0.00063     0.0375      2.250     -0.023    264.244     0.1243    11.1136     -0.022    7.69006    11.1154    -0.3068   14.15300 3.0500e+02 0.0000e+00
         11 242.482691    0.00069     0.0417      2.500     -0.024    261.742     0.1231    11.1146     -0.024    7.68995    11.1160    -0.3079   14.15283 3.1564e+02 0.0000e+00
         12 242.482694    0.00076     0.0458      2.750     -0.025    259.241     0.1219    11.1154     -0.025    7.68986    11.1166    -0.3089   14.15270 3.2606e+02 0.0000e+00
         13 242.482697    0.00083     0.0500      3.000     -0.026    256.510     0.1206    11.1160     -0.026    7.68981    11.1171    -0.3099   14.15262 3.3388e+02 0.0000e+00
         14 242.482700    0.00090     0.0542      3.250     -0.027    253.633     0.1193    11.1166     -0.027    7.68977    11.1174    -0.3111   14.15259 3.3914e+02 0.0000e+00
         15 242.482703    0.00097     0.0583      3.500     -0.028    250.697     0.1179    11.1171     -0.028    7.68976    11.1177    -0.3122   14.15259 3.4358e+02 0.0000e+00
         16 242.482705    0.00104     0.0625      3.750     -0.029    247.616     0.1164    11.1174     -0.029    7.68976    11.1180    -0.3134   14.15262 3.4770e+02 0.0000e+00
         17 242.482708    0.00111     0.0667      4.000     -0.030    244.323     0.1149    11.1177     -0.030    7.68979    11.1182    -0.3146   14.15268 3.5114e+02 0.0000e+00
         18 242.482711    0.00118     0.0708      4.250     -0.030    240.882     0.1132    11.1180     -0.030    7.68982    11.1185    -0.3159   14.15275 3.5419e+02 0.0000e+00
         19 242.482714    0.00125     0.0750      4.500     -0.030    237.565     0.1117    11.1182     -0.030    7.68985    11.1187    -0.3172   14.15283 3.5688e+02 0.0000e+00
         20 242.482717    0.00132     0.0792      4.750     -0.030    234.797     0.1104    11.1185     -0.030    7.68987    11.1190    -0.3182   14.15288 3.5850e+02 0.0000e+00
         21 242.482720    0.00139     0.0833      5.000     -0.030    232.973     0.1096    11.1187     -0.030    7.68986    11.1193    -0.3189   14.15288 3.5884e+02 0.0000e+00
         22 242.482723    0.00146     0.0875      5.250     -0.030    232.567     0.1095    11.1190     -0.030    7.68982    11.1196    -0.3190   14.15281 3.5943e+02 0.0000e+00
         23 242.482726    0.00153     0.0917      5.500     -0.030    234.412     0.1105    11.1193     -0.030    7.68972    11.1200    -0.3183   14.15263 3.6283e+02 0.0000e+00
         24 242.482729    0.00160     0.0958      5.750     -0.031    239.980     0.1133    11.1196     -0.031    7.68953    11.1202    -0.3161   14.15226 3.7056e+02 0.0000e+00
         25 242.482731    0.00167     0.1000      6.000     -0.032    251.557     0.1191    11.1199     -0.032    7.68919    11.1204    -0.3115   14.15160 3.8205e+02 0.0000e+00
         26 242.482734    0.00174     0.1042      6.250     -0.033    272.631     0.1297    11.1202     -0.033    7.68863    11.1204    -0.3033   14.15050 3.9538e+02 0.0000e+00
         27 242.482737    0.00181     0.1083      6.500     -0.035    308.779     0.1478    11.1204     -0.035    7.68772    11.1201    -0.2891   14.14871 4.0893e+02 0.0000e+00
         28 242.482740    0.00187     0.1125      6.750     -0.037    367.516     0.1772    11.1204     -0.037    7.68630    11.1195    -0.2661   14.14587 4.2135e+02 0.0000e+00
         29 242.482743    0.00194     0.1167      7.000     -0.039    458.362     0.2229    11.1201     -0.039    7.68413    11.1182    -0.2303   14.14154 4.3054e+02 0.0000e+00
         30 242.482746    0.00201     0.1208      7.250     -0.040    598.250     0.2935    11.1195     -0.040    7.68082    11.1161    -0.1749   14.13492 4.3462e+02 0.0000e+00
         31 242.482749    0.00208     0.1250      7.500     -0.041    813.403     0.4027    11.1182     -0.040    7.67574    11.1125    -0.0894   14.12477 4.3423e+02 0.0000e+00
         32 242.482752    0.00215     0.1292      7.750     -0.041   1072.794     0.5351    11.1161     -0.041    7.66971    11.1064     0.0145   14.11265 4.3190e+02 0.0000e+00
         33 242.482755    0.00222     0.1333      8.000     -0.041   1303.416     0.6547    11.1125     -0.040    7.66457    11.0963     0.1085   14.10224 4.2925e+02 0.0000e+00
         34 242.482758    0.00229     0.1375      8.250     -0.039   1509.917     0.7648    11.1064     -0.039    7.66033    11.0794     0.1951   14.09350 4.2706e+02 0.0000e+00
         35 242.482760    0.00236     0.1417      8.500     -0.036   1736.485     0.8891    11.0963     -0.036    7.65614    11.0513     0.2932   14.08465 4.2675e+02 0.0000e+00
         36 242.482763    0.00243     0.1458      8.750     -0.031   2009.162     1.0429    11.0794     -0.030    7.65173    11.0045     0.4148   14.07504 4.3160e+02 0.0000e+00
         37 242.482766    0.00250     0.1500      9.000     -0.022   2378.892     1.2558    11.0513     -0.022    7.64648    10.9265     0.5837   14.06319 4.4591e+02 0.0000e+00
         38 242.482769    0.00257     0.1542      9.250     -0.009   2956.238     1.5910    11.0045     -0.009    7.63868    10.7970     0.8495   14.04533 4.7013e+02 0.0000e+00
         39 242.482772    0.00264     0.1583      9.500      0.013   3926.188     2.1538    10.9265      0.013    7.62546    10.6027     1.2960   14.01514 4.9770e+02 0.0000e+00
         40 242.482775    0.00271     0.1625      9.750      0.048   5507.041     3.0730    10.7970      0.048    7.60427    10.3731     2.0254   13.96652 5.1937e+02 0.0000e+00
         41 242.482778    0.00278     0.1667     10.000      0.097   7788.229     4.4136    10.6027      0.096    7.57438    10.1731     3.0893   13.89741 5.3097e+02 0.0000e+00
         42 242.482781    0.00285     0.1708     10.250      0.156  10840.606     6.2379    10.3731      0.155    7.52776    10.0523     4.5330   13.79353 5.3307e+02 0.0000e+00
         43 242.482784    0.00292     0.1750     10.500      0.221  14761.539     8.6212    10.1732      0.219    7.44957    10.0169     6.4079   13.62901 5.2602e+02 0.0000e+00
         44 242.482786    0.00299     0.1792     10.750      0.289  19052.465    11.2687    10.0523      0.286    7.34566    10.0427     8.4791   13.41796 5.0858e+02 0.0000e+00
         45 242.482789    0.00306     0.1833     11.000      0.356  22781.851    13.5998    10.0170      0.353    7.24281    10.1011    10.2942   13.21345 4.7659e+02 0.0000e+00
         46 242.482792    0.00313     0.1875     11.250      0.423  25544.154    15.3447    10.0428      0.419    7.15777    10.1718    11.6462   13.04718 4.2663e+02 0.0000e+00
         47 242.482795    0.00319     0.1917     11.500      0.486  27484.537    16.5814    10.1012      0.482    7.09141    10.2406    12.5989   12.91930 3.6799e+02 0.0000e+00
         48 242.482798    0.00326     0.1958     11.750      0.544  28895.300    17.4893    10.1719      0.539    7.03861    10.3002    13.2946   12.81872 3.1773e+02 0.0000e+00
         49 242.482801    0.00333     0.2000     12.000      0.594  29995.224    18.2042    10.2407      0.589    6.99523    10.3491    13.8404   12.73663 2.8201e+02 0.0000e+00
         50 242.482804    0.00340     0.2042     12.250      0.636  30824.927    18.7474    10.3003      0.630    6.96130    10.3891    14.2541   12.67271 2.5807e+02 0.0000e+00
         51 242.482807    0.00347     0.2083     12.500      0.667  31450.604    19.1597    10.3492      0.660    6.93513    10.4228    14.5675   12.62354 2.4311e+02 0.0000e+00
         52 242.482810    0.00354     0.2125     12.750      0.687  31981.561    19.5120    10.3892      0.680    6.91319    10.4532    14.8354   12.58229 2.3477e+02 0.0000e+00
         53 242.482812    0.00361     0.2167     13.000      0.699  32479.801    19.8446    10.4229      0.692    6.89324    10.4847    15.0888   12.54467 2.2970e+02 0.0000e+00
         54 242.482815    0.00368     0.2208     13.250      0.707  33010.500    20.2004    10.4533      0.700    6.87290    10.5209    15.3607   12.50613 2.2349e+02 0.0000e+00
         55 242.482818    0.00375     0.2250     13.500      0.713  33564.563    20.5734    10.4847      0.706    6.85175    10.5620    15.6456   12.46606 2.1549e+02 0.0000e+00
         56 242.482821    0.00382     0.2292     13.750      0.722  34101.492    20.9363    10.5210      0.715    6.83041    10.6048    15.9220   12.42581 2.0875e+02 0.0000e+00
         57 242.482824    0.00389     0.2333     14.000      0.732  34645.846    21.3055    10.5621      0.725    6.80813    10.6459    16.2026   12.38397 2.0364e+02 0.0000e+00
         58 242.482827    0.00396     0.2375     14.250      0.744  35186.152    21.6730    10.6049      0.737    6.78574    10.6829    16.4814   12.34197 1.9907e+02 0.0000e+00
         59 242.482830    0.00403     0.2417     14.500      0.755  35669.403    22.0025    10.6460      0.748    6.76533    10.7152    16.7310   12.30376 1.9663e+02 0.0000e+00
         60 242.482833    0.00410     0.2458     14.750      0.763  36083.499    22.2855    10.6830      0.757    6.74759    10.7436    16.9451   12.27063 1.9853e+02 0.0000e+00
         61 242.482836    0.00417     0.2500     15.000      0.767  36450.526    22.5368    10.7153      0.760    6.73197    10.7691    17.1353   12.24143 2.0427e+02 0.0000e+00
         62 242.482839    0.00424     0.2542     15.250      0.766  36780.388    22.7629    10.7437      0.759    6.71806    10.7926    17.3065   12.21541 2.1101e+02 0.0000e+00
         63 242.482841    0.00431     0.2583     15.500      0.764  37031.489    22.9357    10.7692      0.757    6.70689    10.8138    17.4367   12.19463 2.1572e+02 0.0000e+00
         64 242.482844    0.00438     0.2625     15.750      0.763  37125.783    23.0018    10.7927      0.756    6.70059    10.8318    17.4845   12.18331 2.1648e+02 0.0000e+00
         65 242.482847    0.00444     0.2667     16.000      0.766  36984.917    22.9079    10.8138      0.759    6.70147    10.8461    17.4084   12.18595 2.1333e+02 0.0000e+00
         66 242.482850    0.00451     0.2708     16.250      0.771  36640.100    22.6750    10.8318      0.764    6.70874    10.8573    17.2250   12.20098 2.0806e+02 0.0000e+00
         67 242.482853    0.00458     0.2750     16.500      0.777  36336.399    22.4699    10.8462      0.770    6.71537    10.8662    17.0638   12.21461 2.0265e+02 0.0000e+00
         68 242.482856    0.00465     0.2792     16.750      0.780  36342.114    22.4748    10.8574      0.773    6.71352    10.8733    17.0658   12.21146 1.9819e+02 0.0000e+00
         69 242.482859    0.00472     0.2833     17.000      0.780  36693.537    22.7144    10.8663      0.772    6.70201    10.8795    17.2503   12.18929 1.9471e+02 0.0000e+00
         70 242.482862    0.00479     0.2875     17.250      0.776  37209.004    23.0656    10.8734      0.768    6.68602    10.8854    17.5216   12.15826 1.9164e+02 0.0000e+00
         71 242.482865    0.00486     0.2917     17.500      0.771  37703.888    23.4032    10.8796      0.763    6.67077    10.8910    17.7825   12.12864 1.8846e+02 0.0000e+00
         72 242.482867    0.00493     0.2958     17.750      0.767  38131.021    23.6950    10.8855      0.759    6.65753    10.8960    18.0080   12.10296 1.8486e+02 0.0000e+00
         73 242.482870    0.00500     0.3000     18.000      0.767  38492.300    23.9422    10.8911      0.759    6.64624    10.8997    18.1988   12.08108 1.8047e+02 0.0000e+00
         74 242.482873    0.00507     0.3042     18.250      0.773  38772.115    24.1338    10.8961      0.765    6.63741    10.9018    18.3467   12.06399 1.7503e+02 0.0000e+00
         75 242.482876    0.00514     0.3083     18.500      0.782  38966.314    24.2669    10.8998      0.775    6.63124    10.9024    18.4494   12.05207 1.6956e+02 0.0000e+00
         76 242.482879    0.00521     0.3125     18.750      0.793  39088.519    24.3506    10.9019      0.786    6.62740    10.9018    18.5141   12.04463 1.6555e+02 0.0000e+00
         77 242.482882    0.00528     0.3167     19.000      0.802  39162.606    24.4014    10.9024      0.795    6.62518    10.9005    18.5533   12.04030 1.6372e+02 0.0000e+00
         78 242.482885    0.00535     0.3208     19.250      0.806  39211.342    24.4347    10.9019      0.799    6.62385    10.8986    18.5792   12.03768 1.6438e+02 0.0000e+00
         79 242.482888    0.00542     0.3250     19.500      0.804  39241.603    24.4553    10.9006      0.797    6.62317    10.8960    18.5954   12.03629 1.6747e+02 0.0000e+00
         80 242.482891    0.00549     0.3292     19.750      0.796  39258.469    24.4667    10.8987      0.789    6.62296    10.8924    18.6046   12.03580 1.7244e+02 0.0000e+00
         81 242.482894    0.00556     0.3333     20.000      0.784  39274.397    24.4774    10.8961      0.777    6.62289    10.8875    18.6133   12.03555 1.7805e+02 0.0000e+00
         82 242.482896    0.00562     0.3375     20.250      0.772  39277.948    24.4795    10.8924      0.764    6.62333    10.8812    18.6156   12.03625 1.8258e+02 0.0000e+00
         83 242.482899    0.00569     0.3417     20.500      0.763  39247.201    24.4581    10.8875      0.756    6.62495    10.8736    18.5997   12.03921 1.8513e+02 0.0000e+00
         84 242.482902    0.00576     0.3458     20.750      0.762  39179.102    24.4109    10.8813      0.754    6.62784    10.8645    18.5641   12.04462 1.8558e+02 0.0000e+00
         85 242.482905    0.00583     0.3500     21.000      0.769  39074.047    24.3383    10.8736      0.762    6.63202    10.8546    18.5090   12.05248 1.8387e+02 0.0000e+00
         86 242.482908    0.00590     0.3542     21.250      0.782  38917.591    24.2305    10.8646      0.775    6.63790    10.8453    18.4267   12.06360 1.8115e+02 0.0000e+00
         87 242.482911    0.00597     0.3583     21.500      0.798  38680.630    24.0676    10.8547      0.790    6.64622    10.8375    18.3018   12.07948 1.8012e+02 0.0000e+00
         88 242.482914    0.00604     0.3625     21.750      0.809  38370.826    23.8549    10.8454      0.801    6.65658    10.8315    18.1383   12.09937 1.8317e+02 0.0000e+00
         89 242.482917    0.00611     0.3667     22.000      0.812  38080.894    23.6561    10.8376      0.804    6.66614    10.8272    17.9852   12.11775 1.9082e+02 0.0000e+00
         90 242.482920    0.00618     0.3708     22.250      0.805  37947.051    23.5641    10.8316      0.798    6.67091    10.8233    17.9147   12.12683 2.0101e+02 0.0000e+00
