CTD-processing/allCTD/CNV--turbid/2013_11-06_t6_s22_cast147.cnv
* Sea-Bird SBE19plus Data File:
* FileName = C:\Users\kris.holderied\Documents\kasitsna\Research-Projects-and-Data\Oceanography-AK\CTD-CookInlet-GulfWatchAK\2013-10-11-EVOSTC-CookInlet-Ocean\2013-11-06-CookInlet-Tran6-Douglas\2013-11-06-CookInlet-Tran6-cast147.hex
* Software Version 1.59
* Temperature SN =  5028
* Conductivity SN =  5028
* System UpLoad Time = Feb 14 2014 17:26:34
** Cook Inlet Transect 6 (Douglas) east to west
** Date: 2013-11-06
** Station: 6-22
** Start time: 14:40
** Depth (m): 167
** Comment:  CTD instrument time is AK Daylight time *1 hour off*
** Comment:
# nquan = 16
# nvalues = 853                         
# units = specified
# name 0 = scan: Scan Count
# name 1 = timeJ: Julian Days
# name 2 = timeH: Time, Elapsed [hours]
# name 3 = timeM: Time, Elapsed [minutes]
# name 4 = timeS: Time, Elapsed [seconds]
# name 5 = prdM: Pressure, Strain Gauge [db]
# name 6 = specc: Specific Conductance [uS/cm]
# name 7 = sal00: Salinity, Practical [PSU]
# name 8 = tv290C: Temperature [ITS-90, deg C]
# name 9 = depSM: Depth [salt water, m], lat = 59.00
# name 10 = oxsolML/L: Oxygen Saturation, Garcia & Gordon [ml/l]
# name 11 = potemp090C: Potential Temperature [ITS-90, deg C]
# name 12 = sigma-é00: Density [sigma-theta, kg/m^3]
# name 13 = n2satML/L: Nitrogen Saturation [ml/l]
# name 14 = par: PAR/Irradiance, Biospherical/Licor
# name 15 = flag:  0.000e+00
# span 0 =          1,        853       
# span 1 = 310.652824, 310.655289       
# span 2 =    0.00000,    0.05917       
# span 3 =     0.0000,     3.5500       
# span 4 =      0.000,    213.000       
# span 5 =     -0.033,    166.665       
# span 6 =    361.093,  52117.582       
# span 7 =     0.1662,    32.6858       
# span 8 =     4.9016,     8.6715       
# span 9 =     -0.032,    165.040       
# span 10 =    6.67964,    8.94086      
# span 11 =     4.9016,     8.6667      
# span 12 =     0.1001,    25.6780      
# span 13 =   12.05167,   16.25922      
# span 14 = 3.8430e-02, 8.8185e+01      
# span 15 = 0.0000e+00, 0.0000e+00      
# interval = seconds: 0.25
# start_time = Nov 06 2013 15:40:04 [Instrument's time stamp, header]
# bad_flag = -9.990e-29
*END*
[from data line 91]
         92 310.653087    0.00632     0.3792     22.750      1.416  48596.110    30.6167     8.1716      1.402    6.76471     8.1920    23.8092   12.19511 4.0996e+01 0.0000e+00
         93 310.653090    0.00639     0.3833     23.000      1.299  48579.750    30.6060     8.1759      1.287    6.76452     8.2146    23.8002   12.19493 4.3494e+01 0.0000e+00
         94 310.653093    0.00646     0.3875     23.250      1.181  48551.725    30.5890     8.1922      1.170    6.76278     8.2414    23.7845   12.19225 4.5523e+01 0.0000e+00
         95 310.653096    0.00653     0.3917     23.500      1.070  48528.902    30.5765     8.2147      1.060    6.75987     8.2728    23.7715   12.18760 4.6852e+01 0.0000e+00
         96 310.653099    0.00660     0.3958     23.750      0.973  48518.845    30.5735     8.2415      0.964    6.75591     8.3072    23.7653   12.18108 4.7161e+01 0.0000e+00
         97 310.653102    0.00667     0.4000     24.000      0.900  48514.282    30.5750     8.2729      0.892    6.75105     8.3414    23.7620   12.17303 4.6122e+01 0.0000e+00
         98 310.653105    0.00674     0.4042     24.250      0.859  48507.638    30.5754     8.3073      0.851    6.74579     8.3732    23.7575   12.16430 4.3953e+01 0.0000e+00
         99 310.653108    0.00681     0.4083     24.500      0.857  48502.552    30.5769     8.3415      0.849    6.74051     8.4013    23.7537   12.15555 4.1129e+01 0.0000e+00
        100 310.653111    0.00688     0.4125     24.750      0.894  48503.523    30.5822     8.3732      0.886    6.73545     8.4247    23.7533   12.14710 3.8132e+01 0.0000e+00
        101 310.653113    0.00694     0.4167     25.000      0.967  48505.850    30.5879     8.4014      0.958    6.73092     8.4420    23.7538   12.13953 3.5555e+01 0.0000e+00
        102 310.653116    0.00701     0.4208     25.250      1.068  48500.198    30.5874     8.4248      1.058    6.72738     8.4509    23.7499   12.13369 3.3709e+01 0.0000e+00
        103 310.653119    0.00708     0.4250     25.500      1.189  48475.418    30.5725     8.4421      1.178    6.72541     8.4484    23.7358   12.13061 3.2473e+01 0.0000e+00
        104 310.653122    0.00715     0.4292     25.750      1.317  48420.739    30.5356     8.4511      1.305    6.72567     8.4297    23.7056   12.13149 3.1715e+01 0.0000e+00
        105 310.653125    0.00722     0.4333     26.000      1.437  48347.033    30.4837     8.4485      1.424    6.72833     8.3899    23.6653   12.13653 3.1519e+01 0.0000e+00
        106 310.653128    0.00729     0.4375     26.250      1.535  48297.616    30.4464     8.4298      1.521    6.73281     8.3315    23.6388   12.14440 3.1898e+01 0.0000e+00
        107 310.653131    0.00736     0.4417     26.500      1.601  48308.693    30.4483     8.3900      1.586    6.73878     8.2684    23.6460   12.15427 3.2639e+01 0.0000e+00
        108 310.653134    0.00743     0.4458     26.750      1.626  48373.919    30.4852     8.3317      1.611    6.74605     8.2152    23.6833   12.16585 3.3589e+01 0.0000e+00
        109 310.653137    0.00750     0.4500     27.000      1.611  48461.990    30.5373     8.2686      1.595    6.75338     8.1791    23.7332   12.17735 3.4877e+01 0.0000e+00
        110 310.653139    0.00757     0.4542     27.250      1.559  48547.108    30.5889     8.2153      1.544    6.75925     8.1628    23.7812   12.18643 3.6645e+01 0.0000e+00
        111 310.653142    0.00764     0.4583     27.500      1.481  48613.317    30.6297     8.1792      1.466    6.76297     8.1663    23.8184   12.19208 3.8527e+01 0.0000e+00
        112 310.653145    0.00771     0.4625     27.750      1.389  48650.909    30.6536     8.1629      1.376    6.76441     8.1865    23.8394   12.19417 3.9931e+01 0.0000e+00
        113 310.653148    0.00778     0.4667     28.000      1.298  48663.117    30.6627     8.1664      1.286    6.76347     8.2185    23.8460   12.19250 4.0479e+01 0.0000e+00
        114 310.653151    0.00785     0.4708     28.250      1.226  48665.957    30.6678     8.1866      1.214    6.76016     8.2580    23.8471   12.18697 3.9866e+01 0.0000e+00
        115 310.653154    0.00792     0.4750     28.500      1.186  48671.411    30.6764     8.2186      1.175    6.75489     8.2992    23.8493   12.17813 3.8297e+01 0.0000e+00
        116 310.653157    0.00799     0.4792     28.750      1.189  48673.009    30.6834     8.2581      1.178    6.74856     8.3353    23.8491   12.16756 3.6644e+01 0.0000e+00
        117 310.653160    0.00806     0.4833     29.000      1.235  48656.413    30.6779     8.2994      1.223    6.74251     8.3594    23.8389   12.15762 3.5533e+01 0.0000e+00
        118 310.653163    0.00813     0.4875     29.250      1.313  48614.225    30.6538     8.3354      1.300    6.73808     8.3650    23.8148   12.15057 3.4985e+01 0.0000e+00
        119 310.653166    0.00819     0.4917     29.500      1.406  48545.968    30.6096     8.3596      1.392    6.73634     8.3465    23.7768   12.14824 3.4776e+01 0.0000e+00
        120 310.653168    0.00826     0.4958     29.750      1.496  48475.427    30.5611     8.3652      1.481    6.73760     8.3063    23.7380   12.15093 3.4615e+01 0.0000e+00
        121 310.653171    0.00833     0.5000     30.000      1.571  48447.007    30.5385     8.3466      1.556    6.74142     8.2600    23.7229   12.15753 3.4186e+01 0.0000e+00
        122 310.653174    0.00840     0.5042     30.250      1.634  48472.636    30.5504     8.3065      1.618    6.74702     8.2240    23.7380   12.16664 3.3364e+01 0.0000e+00
        123 310.653177    0.00847     0.5083     30.500      1.689  48527.242    30.5817     8.2601      1.672    6.75271     8.2072    23.7691   12.17569 3.2359e+01 0.0000e+00
        124 310.653180    0.00854     0.5125     30.750      1.743  48586.117    30.6174     8.2241      1.727    6.75664     8.2130    23.8023   12.18175 3.1585e+01 0.0000e+00
        125 310.653183    0.00861     0.5167     31.000      1.804  48634.324    30.6485     8.2073      1.787    6.75783     8.2378    23.8291   12.18335 3.1142e+01 0.0000e+00
        126 310.653186    0.00868     0.5208     31.250      1.876  48659.755    30.6671     8.2132      1.858    6.75612     8.2694    23.8428   12.18028 3.0729e+01 0.0000e+00
        127 310.653189    0.00875     0.5250     31.500      1.958  48647.429    30.6622     8.2380      1.940    6.75254     8.2934    23.8354   12.17441 3.0250e+01 0.0000e+00
        128 310.653192    0.00882     0.5292     31.750      2.044  48589.775    30.6266     8.2696      2.025    6.74928     8.2991    23.8030   12.16946 2.9846e+01 0.0000e+00
        129 310.653194    0.00889     0.5333     32.000      2.123  48508.969    30.5737     8.2936      2.103    6.74794     8.2814    23.7582   12.16790 2.9642e+01 0.0000e+00
        130 310.653197    0.00896     0.5375     32.250      2.184  48450.331    30.5336     8.2993      2.163    6.74883     8.2453    23.7259   12.16986 2.9757e+01 0.0000e+00
        131 310.653200    0.00903     0.5417     32.500      2.217  48441.708    30.5250     8.2816      2.197    6.75191     8.2045    23.7217   12.17507 3.0272e+01 0.0000e+00
        132 310.653203    0.00910     0.5458     32.750      2.217  48476.726    30.5441     8.2455      2.196    6.75659     8.1719    23.7418   12.18258 3.1189e+01 0.0000e+00
        133 310.653206    0.00917     0.5500     33.000      2.180  48536.434    30.5797     8.2047      2.160    6.76126     8.1548    23.7755   12.18987 3.2336e+01 0.0000e+00
        134 310.653209    0.00924     0.5542     33.250      2.109  48604.431    30.6223     8.1721      2.089    6.76439     8.1580    23.8135   12.19452 3.3509e+01 0.0000e+00
        135 310.653212    0.00931     0.5583     33.500      2.010  48661.724    30.6597     8.1550      1.991    6.76536     8.1832    23.8453   12.19566 3.4740e+01 0.0000e+00
        136 310.653215    0.00937     0.5625     33.750      1.893  48692.715    30.6819     8.1582      1.875    6.76390     8.2252    23.8622   12.19297 3.6052e+01 0.0000e+00
        137 310.653218    0.00944     0.5667     34.000      1.772  48694.150    30.6867     8.1834      1.755    6.75983     8.2732    23.8624   12.18618 3.7315e+01 0.0000e+00
        138 310.653220    0.00951     0.5708     34.250      1.661  48665.760    30.6732     8.2254      1.645    6.75401     8.3173    23.8458   12.17670 3.8298e+01 0.0000e+00
        139 310.653223    0.00958     0.5750     34.500      1.571  48606.366    30.6389     8.2734      1.556    6.74818     8.3515    23.8121   12.16747 3.8665e+01 0.0000e+00
        140 310.653226    0.00965     0.5792     34.750      1.513  48519.787    30.5851     8.3175      1.498    6.74381     8.3740    23.7636   12.16091 3.8178e+01 0.0000e+00
        141 310.653229    0.00972     0.5833     35.000      1.490  48425.242    30.5241     8.3517      1.475    6.74126     8.3857    23.7110   12.15745 3.6873e+01 0.0000e+00
        142 310.653232    0.00979     0.5875     35.250      1.502  48354.969    30.4784     8.3742      1.488    6.73984     8.3888    23.6719   12.15565 3.5153e+01 0.0000e+00
        143 310.653235    0.00986     0.5917     35.500      1.547  48330.935    30.4633     8.3859      1.532    6.73873     8.3866    23.6585   12.15400 3.3588e+01 0.0000e+00
        144 310.653238    0.00993     0.5958     35.750      1.618  48345.268    30.4738     8.3889      1.603    6.73780     8.3808    23.6662   12.15234 3.2417e+01 0.0000e+00
        145 310.653241    0.01000     0.6000     36.000      1.708  48360.719    30.4842     8.3867      1.692    6.73768     8.3684    23.6747   12.15201 3.1496e+01 0.0000e+00
        146 310.653244    0.01007     0.6042     36.250      1.806  48342.136    30.4703     8.3810      1.789    6.73917     8.3415    23.6646   12.15464 3.0735e+01 0.0000e+00
        147 310.653247    0.01014     0.6083     36.500      1.900  48293.906    30.4348     8.3685      1.883    6.74263     8.2933    23.6385   12.16081 3.0174e+01 0.0000e+00
        148 310.653249    0.01021     0.6125     36.750      1.985  48260.764    30.4076     8.3416      1.966    6.74793     8.2273    23.6211   12.16992 2.9748e+01 0.0000e+00
        149 310.653252    0.01028     0.6167     37.000      2.053  48282.724    30.4158     8.2934      2.034    6.75493     8.1579    23.6344   12.18141 2.9471e+01 0.0000e+00
        150 310.653255    0.01035     0.6208     37.250      2.102  48356.495    30.4574     8.2275      2.082    6.76319     8.0988    23.6764   12.19457 2.9507e+01 0.0000e+00
        151 310.653258    0.01042     0.6250     37.500      2.129  48452.265    30.5139     8.1581      2.109    6.77132     8.0556    23.7305   12.20734 2.9908e+01 0.0000e+00
        152 310.653261    0.01049     0.6292     37.750      2.138  48547.240    30.5713     8.0990      2.118    6.77786     8.0274    23.7839   12.21745 3.0542e+01 0.0000e+00
        153 310.653264    0.01056     0.6333     38.000      2.131  48631.080    30.6233     8.0558      2.111    6.78221     8.0104    23.8307   12.22401 3.1228e+01 0.0000e+00
        154 310.653267    0.01063     0.6375     38.250      2.112  48696.250    30.6645     8.0276      2.092    6.78472     8.0009    23.8670   12.22766 3.1909e+01 0.0000e+00
        155 310.653270    0.01069     0.6417     38.500      2.085  48736.882    30.6903     8.0106      2.065    6.78620     7.9970    23.8897   12.22977 3.2580e+01 0.0000e+00
        156 310.653273    0.01076     0.6458     38.750      2.049  48753.149    30.7002     8.0011      2.029    6.78720     7.9976    23.8988   12.23132 3.3231e+01 0.0000e+00
        157 310.653275    0.01083     0.6500     39.000      2.004  48753.915    30.7001     7.9972      1.985    6.78781     8.0027    23.8993   12.23232 3.3937e+01 0.0000e+00
        158 310.653278    0.01090     0.6542     39.250      1.949  48753.312    30.6998     7.9978      1.931    6.78774     8.0135    23.8990   12.23221 3.4823e+01 0.0000e+00
        159 310.653281    0.01097     0.6583     39.500      1.884  48759.690    30.7051     8.0029      1.866    6.78672     8.0321    23.9024   12.23045 3.5937e+01 0.0000e+00
        160 310.653284    0.01104     0.6625     39.750      1.810  48768.928    30.7132     8.0137      1.793    6.78469     8.0610    23.9072   12.22700 3.7199e+01 0.0000e+00
        161 310.653287    0.01111     0.6667     40.000      1.730  48771.849    30.7181     8.0323      1.714    6.78162     8.1020    23.9084   12.22185 3.8438e+01 0.0000e+00
        162 310.653290    0.01118     0.6708     40.250      1.652  48765.470    30.7181     8.0612      1.636    6.77719     8.1540    23.9043   12.21451 3.9360e+01 0.0000e+00
        163 310.653293    0.01125     0.6750     40.500      1.582  48753.327    30.7158     8.1022      1.567    6.77100     8.2124    23.8967   12.20430 3.9526e+01 0.0000e+00
        164 310.653296    0.01132     0.6792     40.750      1.532  48739.685    30.7141     8.1542      1.518    6.76311     8.2711    23.8880   12.19126 3.8615e+01 0.0000e+00
        165 310.653299    0.01139     0.6833     41.000      1.514  48725.167    30.7128     8.2126      1.500    6.75424     8.3244    23.8786   12.17660 3.6752e+01 0.0000e+00
        166 310.653302    0.01146     0.6875     41.250      1.538  48705.232    30.7076     8.2713      1.523    6.74552     8.3685    23.8662   12.16223 3.4567e+01 0.0000e+00
        167 310.653304    0.01153     0.6917     41.500      1.605  48671.620    30.6920     8.3246      1.590    6.73807     8.4002    23.8463   12.15008 3.2712e+01 0.0000e+00
        168 310.653307    0.01160     0.6958     41.750      1.705  48615.358    30.6592     8.3687      1.689    6.73279     8.4161    23.8143   12.14175 3.1265e+01 0.0000e+00
        169 310.653310    0.01167     0.7000     42.000      1.817  48529.012    30.6035     8.4004      1.800    6.73042     8.4127    23.7661   12.13850 3.0044e+01 0.0000e+00
        170 310.653313    0.01174     0.7042     42.250      1.920  48417.537    30.5280     8.4163      1.902    6.73130     8.3857    23.7047   12.14089 2.9138e+01 0.0000e+00
        171 310.653316    0.01181     0.7083     42.500      1.997  48315.485    30.4562     8.4129      1.979    6.73496     8.3350    23.6489   12.14785 2.8702e+01 0.0000e+00
        172 310.653319    0.01188     0.7125     42.750      2.042  48272.694    30.4223     8.3859      2.023    6.74055     8.2710    23.6263   12.15752 2.8708e+01 0.0000e+00
        173 310.653322    0.01194     0.7167     43.000      2.056  48310.668    30.4414     8.3352      2.036    6.74744     8.2109    23.6485   12.16869 2.9116e+01 0.0000e+00
        174 310.653325    0.01201     0.7208     43.250      2.043  48408.466    30.5002     8.2712      2.024    6.75461     8.1677    23.7037   12.17983 2.9939e+01 0.0000e+00
        175 310.653328    0.01208     0.7250     43.500      2.013  48524.715    30.5724     8.2111      1.994    6.76061     8.1463    23.7689   12.18888 3.1058e+01 0.0000e+00
        176 310.653330    0.01215     0.7292     43.750      1.976  48616.915    30.6303     8.1679      1.958    6.76467     8.1448    23.8205   12.19488 3.2203e+01 0.0000e+00
        177 310.653333    0.01222     0.7333     44.000      1.940  48660.491    30.6576     8.1465      1.922    6.76675     8.1559    23.8449   12.19798 3.3077e+01 0.0000e+00
        178 310.653336    0.01229     0.7375     44.250      1.910  48656.285    30.6545     8.1450      1.893    6.76711     8.1698    23.8426   12.19862 3.3431e+01 0.0000e+00
        179 310.653339    0.01236     0.7417     44.500      1.888  48619.326    30.6304     8.1561      1.871    6.76646     8.1789    23.8222   12.19784 3.3218e+01 0.0000e+00
        180 310.653342    0.01243     0.7458     44.750      1.872  48572.106    30.5996     8.1700      1.855    6.76569     8.1801    23.7961   12.19695 3.2669e+01 0.0000e+00
