CTD-processing/allCTD/CNV--turbid/2014_03-28_alongbay_skb04_cast222.cnv
* Sea-Bird SBE19plus Data File:
* FileName = C:\Users\kris.holderied\Documents\kasitsna\Research-Projects-and-Data\Oceanography-AK\CTD-Data-ALL-to-2013-06-17\2014-CTD-KachemakBay\2014-03-28-KachemakBay-AlongBayLine\2014-03-28-KachemakBay-AlongBayLine-cast222.hex
* Software Version 1.59
* Temperature SN =  5028
* Conductivity SN =  5028
* System UpLoad Time = Apr 09 2014 18:21:42
** Cook Inlet, Kachemak Bay Along-bay line, west to east
** Date: 2014-03-28
** Station: KB04
** Start time: 12:58
** Depth (m): 159.4
** Comment:  CTD instrument time is AK Daylight. Did Tran 9 in middle of along-bay run (9-06 is KB-06).
** Comment:
# nquan = 16
# nvalues = 1783                        
# units = specified
# name 0 = scan: Scan Count
# name 1 = timeJ: Julian Days
# name 2 = timeH: Time, Elapsed [hours]
# name 3 = timeM: Time, Elapsed [minutes]
# name 4 = timeS: Time, Elapsed [seconds]
# name 5 = prdM: Pressure, Strain Gauge [db]
# name 6 = specc: Specific Conductance [uS/cm]
# name 7 = sal00: Salinity, Practical [PSU]
# name 8 = tv290C: Temperature [ITS-90, deg C]
# name 9 = depSM: Depth [salt water, m], lat = 59.00
# name 10 = oxsolML/L: Oxygen Saturation, Garcia & Gordon [ml/l]
# name 11 = potemp090C: Potential Temperature [ITS-90, deg C]
# name 12 = sigma-é00: Density [sigma-theta, kg/m^3]
# name 13 = n2satML/L: Nitrogen Saturation [ml/l]
# name 14 = par: PAR/Irradiance, Biospherical/Licor
# name 15 = flag:  0.000e+00
# span 0 =          1,       1783       
# span 1 =  87.539861,  87.545017       
# span 2 =    0.00000,    0.12375       
# span 3 =     0.0000,     7.4250       
# span 4 =      0.000,    445.500       
# span 5 =     -0.083,    157.138       
# span 6 =   3205.668,  51365.864       
# span 7 =     1.5897,    31.6717       
# span 8 =     2.1028,     4.1879       
# span 9 =     -0.083,    155.609       
# span 10 =    7.38040,    9.54586      
# span 11 =     2.1058,     4.1878      
# span 12 =     1.2338,    25.1323      
# span 13 =   13.20057,   17.25030      
# span 14 = 3.7912e-02, 1.0437e+03      
# span 15 = 0.0000e+00, 0.0000e+00      
# interval = seconds: 0.25
# start_time = Mar 28 2014 12:57:24 [Instrument's time stamp, header]
# bad_flag = -9.990e-29
*END*
[from data line 272]
        273  87.540648    0.01889     1.1333     68.000      0.859  51097.659    31.5813     4.1456      0.851    7.38771     4.1564    25.0535   13.21257 6.0536e+02 0.0000e+00
        274  87.540651    0.01896     1.1375     68.250      0.858  51090.335    31.5779     4.1522      0.849    7.38670     4.1592    25.0502   13.21094 5.7258e+02 0.0000e+00
        275  87.540654    0.01903     1.1417     68.500      0.858  51086.046    31.5760     4.1564      0.850    7.38604     4.1610    25.0482   13.20987 4.9914e+02 0.0000e+00
        276  87.540657    0.01910     1.1458     68.750      0.861  51083.219    31.5747     4.1592      0.853    7.38560     4.1620    25.0469   13.20917 4.1200e+02 0.0000e+00
        277  87.540660    0.01917     1.1500     69.000      0.865  51080.947    31.5736     4.1610      0.857    7.38533     4.1625    25.0459   13.20873 3.4770e+02 0.0000e+00
        278  87.540663    0.01924     1.1542     69.250      0.869  51079.208    31.5726     4.1621      0.861    7.38519     4.1625    25.0450   13.20851 3.1198e+02 0.0000e+00
        279  87.540666    0.01931     1.1583     69.500      0.870  51078.248    31.5721     4.1625      0.862    7.38513     4.1624    25.0446   13.20843 2.9626e+02 0.0000e+00
        280  87.540668    0.01938     1.1625     69.750      0.868  51078.072    31.5720     4.1626      0.860    7.38513     4.1623    25.0445   13.20843 2.9159e+02 0.0000e+00
        281  87.540671    0.01944     1.1667     70.000      0.863  51078.466    31.5722     4.1624      0.856    7.38514     4.1622    25.0447   13.20844 2.8582e+02 0.0000e+00
        282  87.540674    0.01951     1.1708     70.250      0.858  51079.116    31.5726     4.1623      0.851    7.38514     4.1623    25.0450   13.20844 2.7850e+02 0.0000e+00
        283  87.540677    0.01958     1.1750     70.500      0.855  51079.794    31.5731     4.1623      0.847    7.38513     4.1626    25.0454   13.20841 2.7630e+02 0.0000e+00
        284  87.540680    0.01965     1.1792     70.750      0.853  51080.444    31.5735     4.1624      0.845    7.38509     4.1630    25.0457   13.20833 2.7320e+02 0.0000e+00
        285  87.540683    0.01972     1.1833     71.000      0.853  51080.979    31.5740     4.1626      0.845    7.38502     4.1635    25.0460   13.20821 2.6527e+02 0.0000e+00
        286  87.540686    0.01979     1.1875     71.250      0.853  51081.192    31.5742     4.1631      0.845    7.38493     4.1640    25.0462   13.20806 2.6107e+02 0.0000e+00
        287  87.540689    0.01986     1.1917     71.500      0.853  51081.084    31.5743     4.1636      0.845    7.38484     4.1645    25.0462   13.20791 2.6775e+02 0.0000e+00
        288  87.540692    0.01993     1.1958     71.750      0.852  51080.990    31.5743     4.1641      0.844    7.38475     4.1650    25.0462   13.20776 2.8072e+02 0.0000e+00
        289  87.540694    0.02000     1.2000     72.000      0.852  51081.014    31.5745     4.1646      0.844    7.38465     4.1656    25.0462   13.20760 2.9168e+02 0.0000e+00
        290  87.540697    0.02007     1.2042     72.250      0.852  51080.866    31.5745     4.1651      0.844    7.38455     4.1660    25.0462   13.20743 3.0730e+02 0.0000e+00
        291  87.540700    0.02014     1.2083     72.500      0.852  51080.491    31.5743     4.1656      0.844    7.38446     4.1662    25.0460   13.20729 3.4270e+02 0.0000e+00
        292  87.540703    0.02021     1.2125     72.750      0.851  51080.204    31.5742     4.1660      0.843    7.38440     4.1665    25.0459   13.20718 3.9425e+02 0.0000e+00
        293  87.540706    0.02028     1.2167     73.000      0.851  51080.180    31.5743     4.1663      0.843    7.38435     4.1668    25.0460   13.20709 4.3979e+02 0.0000e+00
        294  87.540709    0.02035     1.2208     73.250      0.853  51080.207    31.5744     4.1666      0.845    7.38430     4.1670    25.0460   13.20701 4.8639e+02 0.0000e+00
        295  87.540712    0.02042     1.2250     73.500      0.854  51079.978    31.5743     4.1668      0.846    7.38425     4.1671    25.0459   13.20694 5.4905e+02 0.0000e+00
        296  87.540715    0.02049     1.2292     73.750      0.855  51079.555    31.5741     4.1670      0.847    7.38423     4.1671    25.0457   13.20690 6.0005e+02 0.0000e+00
        297  87.540718    0.02056     1.2333     74.000      0.854  51079.361    31.5739     4.1671      0.846    7.38422     4.1671    25.0456   13.20689 6.2459e+02 0.0000e+00
        298  87.540720    0.02063     1.2375     74.250      0.852  51079.688    31.5741     4.1671      0.843    7.38421     4.1674    25.0457   13.20688 6.3090e+02 0.0000e+00
        299  87.540723    0.02069     1.2417     74.500      0.849  51080.403    31.5747     4.1672      0.841    7.38417     4.1679    25.0461   13.20681 6.2065e+02 0.0000e+00
        300  87.540726    0.02076     1.2458     74.750      0.848  51081.078    31.5752     4.1675      0.840    7.38410     4.1685    25.0465   13.20667 6.0997e+02 0.0000e+00
        301  87.540729    0.02083     1.2500     75.000      0.851  51081.213    31.5754     4.1680      0.843    7.38399     4.1690    25.0466   13.20650 6.1636e+02 0.0000e+00
        302  87.540732    0.02090     1.2542     75.250      0.857  51080.672    31.5752     4.1686      0.849    7.38390     4.1693    25.0464   13.20635 6.3246e+02 0.0000e+00
        303  87.540735    0.02097     1.2583     75.500      0.865  51079.772    31.5747     4.1690      0.857    7.38383     4.1693    25.0459   13.20625 6.4840e+02 0.0000e+00
        304  87.540738    0.02104     1.2625     75.750      0.873  51078.776    31.5741     4.1693      0.865    7.38382     4.1689    25.0454   13.20623 6.6248e+02 0.0000e+00
        305  87.540741    0.02111     1.2667     76.000      0.878  51077.834    31.5734     4.1693      0.870    7.38385     4.1684    25.0449   13.20629 6.7037e+02 0.0000e+00
        306  87.540744    0.02118     1.2708     76.250      0.878  51077.310    31.5730     4.1690      0.870    7.38392     4.1679    25.0446   13.20643 6.7502e+02 0.0000e+00
        307  87.540747    0.02125     1.2750     76.500      0.874  51077.816    31.5732     4.1685      0.865    7.38401     4.1678    25.0449   13.20656 6.8219e+02 0.0000e+00
        308  87.540749    0.02132     1.2792     76.750      0.866  51079.219    31.5741     4.1680      0.858    7.38405     4.1681    25.0456   13.20661 6.9009e+02 0.0000e+00
        309  87.540752    0.02139     1.2833     77.000      0.857  51080.402    31.5748     4.1679      0.850    7.38403     4.1685    25.0462   13.20657 6.9502e+02 0.0000e+00
        310  87.540755    0.02146     1.2875     77.250      0.853  51080.767    31.5751     4.1682      0.845    7.38397     4.1688    25.0464   13.20647 6.9327e+02 0.0000e+00
        311  87.540758    0.02153     1.2917     77.500      0.854  51080.431    31.5750     4.1686      0.846    7.38391     4.1689    25.0463   13.20637 6.8687e+02 0.0000e+00
        312  87.540761    0.02160     1.2958     77.750      0.861  51079.364    31.5744     4.1689      0.853    7.38388     4.1685    25.0457   13.20633 6.8159e+02 0.0000e+00
        313  87.540764    0.02167     1.3000     78.000      0.870  51077.906    31.5734     4.1690      0.862    7.38391     4.1678    25.0449   13.20640 6.7595e+02 0.0000e+00
        314  87.540767    0.02174     1.3042     78.250      0.878  51076.979    31.5726     4.1686      0.870    7.38402     4.1669    25.0444   13.20657 6.7114e+02 0.0000e+00
        315  87.540770    0.02181     1.3083     78.500      0.881  51076.976    31.5725     4.1679      0.873    7.38415     4.1662    25.0443   13.20680 6.7404e+02 0.0000e+00
        316  87.540773    0.02187     1.3125     78.750      0.879  51077.872    31.5729     4.1670      0.871    7.38428     4.1658    25.0448   13.20702 6.8632e+02 0.0000e+00
        317  87.540775    0.02194     1.3167     79.000      0.873  51079.351    31.5737     4.1663      0.865    7.38437     4.1658    25.0455   13.20716 6.9851e+02 0.0000e+00
        318  87.540778    0.02201     1.3208     79.250      0.867  51080.703    31.5746     4.1659      0.859    7.38441     4.1660    25.0462   13.20720 6.9918e+02 0.0000e+00
        319  87.540781    0.02208     1.3250     79.500      0.862  51081.608    31.5752     4.1658      0.854    7.38439     4.1664    25.0467   13.20715 6.9197e+02 0.0000e+00
        320  87.540784    0.02215     1.3292     79.750      0.861  51082.022    31.5755     4.1661      0.853    7.38433     4.1668    25.0469   13.20705 6.8289e+02 0.0000e+00
        321  87.540787    0.02222     1.3333     80.000      0.863  51081.964    31.5756     4.1665      0.855    7.38426     4.1671    25.0469   13.20693 6.7200e+02 0.0000e+00
        322  87.540790    0.02229     1.3375     80.250      0.865  51081.560    31.5754     4.1669      0.857    7.38419     4.1673    25.0468   13.20684 6.6664e+02 0.0000e+00
        323  87.540793    0.02236     1.3417     80.500      0.865  51080.969    31.5750     4.1672      0.857    7.38415     4.1673    25.0465   13.20678 6.7086e+02 0.0000e+00
        324  87.540796    0.02243     1.3458     80.750      0.862  51080.662    31.5749     4.1673      0.854    7.38413     4.1674    25.0463   13.20675 6.7918e+02 0.0000e+00
        325  87.540799    0.02250     1.3500     81.000      0.858  51081.049    31.5751     4.1674      0.850    7.38411     4.1678    25.0465   13.20671 6.8737e+02 0.0000e+00
        326  87.540802    0.02257     1.3542     81.250      0.854  51081.845    31.5757     4.1675      0.846    7.38406     4.1684    25.0470   13.20661 6.9059e+02 0.0000e+00
        327  87.540804    0.02264     1.3583     81.500      0.853  51082.419    31.5762     4.1679      0.845    7.38398     4.1690    25.0473   13.20646 6.8667e+02 0.0000e+00
        328  87.540807    0.02271     1.3625     81.750      0.856  51082.477    31.5763     4.1684      0.848    7.38386     4.1697    25.0474   13.20627 6.8332e+02 0.0000e+00
        329  87.540810    0.02278     1.3667     82.000      0.862  51082.122    31.5762     4.1691      0.853    7.38375     4.1702    25.0473   13.20608 6.8683e+02 0.0000e+00
        330  87.540813    0.02285     1.3708     82.250      0.867  51081.487    31.5760     4.1697      0.859    7.38365     4.1705    25.0470   13.20592 6.9484e+02 0.0000e+00
        331  87.540816    0.02292     1.3750     82.500      0.870  51080.685    31.5756     4.1702      0.862    7.38358     4.1707    25.0466   13.20581 7.0328e+02 0.0000e+00
        332  87.540819    0.02299     1.3792     82.750      0.867  51079.917    31.5751     4.1706      0.859    7.38353     4.1708    25.0462   13.20575 7.1021e+02 0.0000e+00
        333  87.540822    0.02306     1.3833     83.000      0.860  51079.411    31.5749     4.1708      0.852    7.38351     4.1708    25.0459   13.20572 7.1898e+02 0.0000e+00
        334  87.540825    0.02313     1.3875     83.250      0.851  51079.276    31.5748     4.1708      0.843    7.38351     4.1709    25.0458   13.20571 7.3352e+02 0.0000e+00
        335  87.540828    0.02319     1.3917     83.500      0.844  51079.404    31.5749     4.1708      0.836    7.38350     4.1710    25.0459   13.20570 7.3733e+02 0.0000e+00
        336  87.540830    0.02326     1.3958     83.750      0.844  51079.524    31.5750     4.1709      0.836    7.38348     4.1710    25.0459   13.20567 7.2639e+02 0.0000e+00
        337  87.540833    0.02333     1.4000     84.000      0.850  51079.386    31.5749     4.1710      0.842    7.38347     4.1710    25.0459   13.20565 7.2567e+02 0.0000e+00
        338  87.540836    0.02340     1.4042     84.250      0.859  51078.974    31.5746     4.1711      0.851    7.38347     4.1708    25.0457   13.20565 7.3062e+02 0.0000e+00
        339  87.540839    0.02347     1.4083     84.500      0.868  51078.678    31.5744     4.1710      0.860    7.38349     4.1706    25.0455   13.20569 7.3001e+02 0.0000e+00
        340  87.540842    0.02354     1.4125     84.750      0.872  51078.878    31.5745     4.1708      0.864    7.38352     4.1705    25.0456   13.20573 7.3459e+02 0.0000e+00
        341  87.540845    0.02361     1.4167     85.000      0.869  51079.432    31.5748     4.1706      0.861    7.38354     4.1706    25.0459   13.20576 7.4895e+02 0.0000e+00
        342  87.540848    0.02368     1.4208     85.250      0.859  51080.040    31.5752     4.1705      0.851    7.38354     4.1708    25.0463   13.20575 7.8339e+02 0.0000e+00
        343  87.540851    0.02375     1.4250     85.500      0.847  51080.509    31.5756     4.1706      0.839    7.38351     4.1710    25.0465   13.20570 8.2166e+02 0.0000e+00
        344  87.540854    0.02382     1.4292     85.750      0.839  51080.579    31.5757     4.1708      0.832    7.38346     4.1712    25.0466   13.20562 8.0870e+02 0.0000e+00
        345  87.540856    0.02389     1.4333     86.000      0.840  51080.160    31.5754     4.1711      0.833    7.38343     4.1711    25.0463   13.20557 7.5591e+02 0.0000e+00
        346  87.540859    0.02396     1.4375     86.250      0.850  51079.516    31.5750     4.1712      0.842    7.38343     4.1708    25.0460   13.20557 7.2436e+02 0.0000e+00
        347  87.540862    0.02403     1.4417     86.500      0.863  51079.048    31.5747     4.1711      0.855    7.38346     4.1705    25.0457   13.20563 7.1533e+02 0.0000e+00
        348  87.540865    0.02410     1.4458     86.750      0.875  51079.044    31.5746     4.1709      0.867    7.38351     4.1703    25.0457   13.20571 7.0871e+02 0.0000e+00
        349  87.540868    0.02417     1.4500     87.000      0.879  51079.349    31.5748     4.1706      0.871    7.38355     4.1701    25.0458   13.20579 7.1013e+02 0.0000e+00
        350  87.540871    0.02424     1.4542     87.250      0.873  51079.672    31.5749     4.1703      0.865    7.38359     4.1701    25.0460   13.20584 6.9817e+02 0.0000e+00
        351  87.540874    0.02431     1.4583     87.500      0.860  51080.043    31.5751     4.1702      0.852    7.38360     4.1702    25.0462   13.20586 6.5871e+02 0.0000e+00
        352  87.540877    0.02438     1.4625     87.750      0.846  51080.381    31.5754     4.1702      0.838    7.38360     4.1703    25.0464   13.20585 6.2791e+02 0.0000e+00
        353  87.540880    0.02444     1.4667     88.000      0.838  51080.399    31.5754     4.1703      0.830    7.38358     4.1703    25.0464   13.20582 6.3035e+02 0.0000e+00
        354  87.540883    0.02451     1.4708     88.250      0.839  51079.978    31.5751     4.1704      0.831    7.38357     4.1701    25.0462   13.20581 6.4485e+02 0.0000e+00
        355  87.540885    0.02458     1.4750     88.500      0.848  51079.186    31.5746     4.1704      0.840    7.38360     4.1696    25.0458   13.20587 6.4130e+02 0.0000e+00
        356  87.540888    0.02465     1.4792     88.750      0.860  51078.530    31.5741     4.1701      0.852    7.38367     4.1690    25.0454   13.20599 6.2756e+02 0.0000e+00
        357  87.540891    0.02472     1.4833     89.000      0.870  51078.584    31.5740     4.1696      0.862    7.38377     4.1685    25.0454   13.20615 6.1409e+02 0.0000e+00
        358  87.540894    0.02479     1.4875     89.250      0.874  51079.242    31.5743     4.1690      0.866    7.38386     4.1683    25.0457   13.20629 5.9768e+02 0.0000e+00
        359  87.540897    0.02486     1.4917     89.500      0.871  51080.119    31.5748     4.1685      0.863    7.38392     4.1682    25.0461   13.20639 5.8342e+02 0.0000e+00
        360  87.540900    0.02493     1.4958     89.750      0.863  51080.916    31.5753     4.1683      0.855    7.38394     4.1684    25.0465   13.20642 5.8046e+02 0.0000e+00
        361  87.540903    0.02500     1.5000     90.000      0.853  51081.384    31.5756     4.1682      0.845    7.38393     4.1685    25.0468   13.20639 5.9045e+02 0.0000e+00
