CTD-processing/allCTD/CNV--turbid/2014_07-23_t6_s10_cast205.cnv
* Sea-Bird SBE19plus Data File:
* FileName = C:\Users\kris.holderied\Documents\kasitsna\Research-Projects-and-Data\Oceanography-AK\CTD-Data-ALL-to-2014-06\2014-CTD-KachemakBay-CookInlet\2014-07-EVOSTC-CookInlet-quarterly\2014-07-23-CookInlet-Tran6-Douglas\2014-07-23-CookInlet-Tran6-cast205.hex
* Software Version 1.59
* Temperature SN =  4141
* Conductivity SN =  4141
* System UpLoad Time = Jul 23 2014 23:29:12
** Cook Inlet LTM Transect 6 (Douglas) East to West
** Date: 07-23
** Station: 6-10
** Start time: 12:15
** Depth (m): 98.4
** Comment:  CTD time is Alaska Daylight time.  Transducer  depth (transducer is 9 ft).
** Comment:
# nquan = 16
# nvalues = 769                         
# units = specified
# name 0 = scan: Scan Count
# name 1 = timeJ: Julian Days
# name 2 = timeH: Time, Elapsed [hours]
# name 3 = timeM: Time, Elapsed [minutes]
# name 4 = timeS: Time, Elapsed [seconds]
# name 5 = prdM: Pressure, Strain Gauge [db]
# name 6 = specc: Specific Conductance [uS/cm]
# name 7 = sal00: Salinity, Practical [PSU]
# name 8 = tv290C: Temperature [ITS-90, deg C]
# name 9 = depSM: Depth [salt water, m], lat = 59.00
# name 10 = oxsolML/L: Oxygen Saturation, Garcia & Gordon [ml/l]
# name 11 = potemp090C: Potential Temperature [ITS-90, deg C]
# name 12 = sigma-é00: Density [sigma-theta, kg/m^3]
# name 13 = n2satML/L: Nitrogen Saturation [ml/l]
# name 14 = par: PAR/Irradiance, Biospherical/Licor
# name 15 = flag:  0.000e+00
# span 0 =          1,        769       
# span 1 = 204.510671, 204.512894       
# span 2 =    0.00000,    0.05333       
# span 3 =     0.0000,     3.2000       
# span 4 =      0.000,    192.000       
# span 5 =     -0.108,    101.515       
# span 6 =    417.755,  51163.156       
# span 7 =     0.1987,    32.3060       
# span 8 =     7.7750,    11.9218       
# span 9 =     -0.107,    100.541       
# span 10 =    6.39138,    7.54811      
# span 11 =     7.7663,    11.9218      
# span 12 =    -0.3350,    25.1920      
# span 13 =   11.56192,   13.91145      
# span 14 = 4.7139e-02, 2.1620e+03      
# span 15 = 0.0000e+00, 0.0000e+00      
# interval = seconds: 0.25
# start_time = Jul 23 2014 12:15:22 [Instrument's time stamp, header]
# bad_flag = -9.990e-29
*END*
[from data line 452]
        453 204.511979    0.03139     1.8833    113.000     29.044  49640.071    31.5393     9.5985     28.771    6.51355     9.5948    24.3164   11.76809 6.1903e+00 0.0000e+00
        454 204.511982    0.03146     1.8875    113.250     29.250  49560.900    31.4836     9.5992     28.975    6.51579     9.5915    24.2727   11.77247 5.9468e+00 0.0000e+00
        455 204.511985    0.03153     1.8917    113.500     29.473  49614.886    31.5214     9.5980     29.196    6.51438     9.5866    24.3024   11.76969 5.7197e+00 0.0000e+00
        456 204.511988    0.03160     1.8958    113.750     29.712  49775.427    31.6340     9.5946     29.433    6.51014     9.5810    24.3909   11.76132 5.5018e+00 0.0000e+00
        457 204.511991    0.03167     1.9000    114.000     29.967  49919.625    31.7349     9.5898     29.685    6.50662     9.5755    24.4705   11.75427 5.2891e+00 0.0000e+00
        458 204.511994    0.03174     1.9042    114.250     30.238  50008.244    31.7965     9.5842     29.953    6.50483     9.5706    24.5195   11.75057 5.0808e+00 0.0000e+00
        459 204.511997    0.03181     1.9083    114.500     30.522  50062.936    31.8342     9.5787     30.235    6.50404     9.5662    24.5498   11.74880 4.8799e+00 0.0000e+00
        460 204.511999    0.03188     1.9125    114.750     30.818  50095.805    31.8565     9.5739     30.528    6.50379     9.5607    24.5680   11.74812 4.6916e+00 0.0000e+00
        461 204.512002    0.03194     1.9167    115.000     31.126  50113.334    31.8681     9.5695     30.832    6.50393     9.5535    24.5778   11.74822 4.5238e+00 0.0000e+00
        462 204.512005    0.03201     1.9208    115.250     31.445  50122.312    31.8736     9.5641     31.149    6.50449     9.5462    24.5829   11.74907 4.3675e+00 0.0000e+00
        463 204.512008    0.03208     1.9250    115.500     31.775  50129.154    31.8773     9.5569     31.475    6.50536     9.5408    24.5869   11.75047 4.1948e+00 0.0000e+00
        464 204.512011    0.03215     1.9292    115.750     32.112  50137.281    31.8819     9.5497     31.809    6.50620     9.5373    24.5917   11.75180 3.9966e+00 0.0000e+00
        465 204.512014    0.03222     1.9333    116.000     32.449  50148.023    31.8886     9.5443     32.143    6.50669     9.5343    24.5978   11.75253 3.7792e+00 0.0000e+00
        466 204.512017    0.03229     1.9375    116.250     32.776  50156.473    31.8939     9.5408     32.467    6.50696     9.5303    24.6025   11.75292 3.5598e+00 0.0000e+00
        467 204.512020    0.03236     1.9417    116.500     33.081  50159.779    31.8957     9.5379     32.770    6.50731     9.5255    24.6044   11.75348 3.3709e+00 0.0000e+00
        468 204.512023    0.03243     1.9458    116.750     33.355  50162.730    31.8972     9.5339     33.041    6.50781     9.5212    24.6062   11.75429 3.2261e+00 0.0000e+00
        469 204.512025    0.03250     1.9500    117.000     33.591  50166.931    31.8994     9.5292     33.274    6.50841     9.5183    24.6087   11.75525 3.1208e+00 0.0000e+00
        470 204.512028    0.03257     1.9542    117.250     33.785  50170.114    31.9010     9.5248     33.466    6.50897     9.5174    24.6106   11.75615 3.0506e+00 0.0000e+00
        471 204.512031    0.03264     1.9583    117.500     33.941  50171.496    31.9015     9.5219     33.621    6.50936     9.5189    24.6115   11.75679 3.0131e+00 0.0000e+00
        472 204.512034    0.03271     1.9625    117.750     34.067  50171.613    31.9014     9.5211     33.745    6.50948     9.5225    24.6115   11.75700 3.0082e+00 0.0000e+00
        473 204.512037    0.03278     1.9667    118.000     34.176  50170.386    31.9006     9.5226     33.853    6.50930     9.5269    24.6107   11.75670 3.0187e+00 0.0000e+00
        474 204.512040    0.03285     1.9708    118.250     34.285  50167.313    31.8989     9.5261     33.961    6.50886     9.5308    24.6088   11.75600 3.0095e+00 0.0000e+00
        475 204.512043    0.03292     1.9750    118.500     34.414  50163.128    31.8965     9.5306     34.089    6.50832     9.5331    24.6063   11.75513 2.9647e+00 0.0000e+00
        476 204.512046    0.03299     1.9792    118.750     34.576  50159.393    31.8943     9.5346     34.250    6.50784     9.5332    24.6039   11.75437 2.8859e+00 0.0000e+00
        477 204.512049    0.03306     1.9833    119.000     34.784  50157.132    31.8930     9.5368     34.456    6.50757     9.5313    24.6025   11.75394 2.7722e+00 0.0000e+00
        478 204.512052    0.03313     1.9875    119.250     35.041  50156.095    31.8922     9.5369     34.710    6.50759     9.5280    24.6018   11.75398 2.6200e+00 0.0000e+00
        479 204.512054    0.03319     1.9917    119.500     35.345  50154.918    31.8910     9.5351     35.011    6.50790     9.5234    24.6012   11.75451 2.4413e+00 0.0000e+00
        480 204.512057    0.03326     1.9958    119.750     35.686  50153.545    31.8894     9.5318     35.350    6.50844     9.5178    24.6005   11.75542 2.2668e+00 0.0000e+00
        481 204.512060    0.03333     2.0000    120.000     36.052  50155.527    31.8900     9.5273     35.712    6.50907     9.5121    24.6017   11.75646 2.1121e+00 0.0000e+00
        482 204.512063    0.03340     2.0042    120.250     36.426  50162.448    31.8940     9.5217     36.082    6.50971     9.5073    24.6057   11.75746 1.9763e+00 0.0000e+00
        483 204.512066    0.03347     2.0083    120.500     36.792  50171.460    31.8994     9.5160     36.445    6.51029     9.5038    24.6108   11.75837 1.8594e+00 0.0000e+00
        484 204.512069    0.03354     2.0125    120.750     37.139  50180.537    31.9050     9.5113     36.788    6.51073     9.5010    24.6160   11.75903 1.7602e+00 0.0000e+00
        485 204.512072    0.03361     2.0167    121.000     37.459  50187.786    31.9095     9.5078     37.106    6.51104     9.4982    24.6201   11.75950 1.6769e+00 0.0000e+00
        486 204.512075    0.03368     2.0208    121.250     37.749  50191.817    31.9119     9.5050     37.392    6.51134     9.4945    24.6223   11.75996 1.6092e+00 0.0000e+00
        487 204.512078    0.03375     2.0250    121.500     38.006  50192.974    31.9122     9.5022     37.647    6.51173     9.4887    24.6230   11.76059 1.5558e+00 0.0000e+00
        488 204.512080    0.03382     2.0292    121.750     38.234  50191.347    31.9104     9.4986     37.873    6.51233     9.4790    24.6222   11.76161 1.5148e+00 0.0000e+00
        489 204.512083    0.03389     2.0333    122.000     38.439  50186.522    31.9061     9.4928     38.076    6.51334     9.4627    24.6198   11.76333 1.4848e+00 0.0000e+00
        490 204.512086    0.03396     2.0375    122.250     38.629  50177.356    31.8982     9.4831     38.265    6.51507     9.4381    24.6152   11.76628 1.4662e+00 0.0000e+00
        491 204.512089    0.03403     2.0417    122.500     38.812  50168.496    31.8897     9.4668     38.446    6.51778     9.4085    24.6111   11.77087 1.4609e+00 0.0000e+00
        492 204.512092    0.03410     2.0458    122.750     38.993  50172.902    31.8893     9.4422     38.626    6.52132     9.3793    24.6147   11.77674 1.4747e+00 0.0000e+00
        493 204.512095    0.03417     2.0500    123.000     39.181  50191.801    31.8985     9.4127     38.811    6.52519     9.3524    24.6265   11.78304 1.4975e+00 0.0000e+00
        494 204.512098    0.03424     2.0542    123.250     39.379  50211.942    31.9086     9.3835     39.007    6.52897     9.3275    24.6390   11.78918 1.5008e+00 0.0000e+00
        495 204.512101    0.03431     2.0583    123.500     39.594  50229.784    31.9173     9.3565     39.220    6.53249     9.3065    24.6501   11.79490 1.4734e+00 0.0000e+00
        496 204.512104    0.03438     2.0625    123.750     39.830  50250.440    31.9283     9.3317     39.454    6.53561     9.2911    24.6627   11.79993 1.4189e+00 0.0000e+00
        497 204.512106    0.03444     2.0667    124.000     40.087  50273.371    31.9414     9.3107     39.708    6.53810     9.2828    24.6762   11.80389 1.3351e+00 0.0000e+00
        498 204.512109    0.03451     2.0708    124.250     40.360  50295.651    31.9549     9.2954     39.979    6.53975     9.2824    24.6892   11.80646 1.2340e+00 0.0000e+00
        499 204.512112    0.03458     2.0750    124.500     40.643  50316.440    31.9682     9.2870     40.259    6.54039     9.2904    24.7009   11.80735 1.1438e+00 0.0000e+00
        500 204.512115    0.03465     2.0792    124.750     40.927  50333.538    31.9801     9.2868     40.541    6.53993     9.3039    24.7103   11.80645 1.0737e+00 0.0000e+00
        501 204.512118    0.03472     2.0833    125.000     41.208  50340.026    31.9857     9.2948     40.819    6.53854     9.3174    24.7134   11.80408 1.0168e+00 0.0000e+00
        502 204.512121    0.03479     2.0875    125.250     41.481  50330.837    31.9810     9.3083     41.090    6.53677     9.3265    24.7076   11.80121 9.6898e-01 0.0000e+00
        503 204.512124    0.03486     2.0917    125.500     41.747  50313.536    31.9706     9.3219     41.352    6.53525     9.3304    24.6973   11.79883 9.2727e-01 0.0000e+00
        504 204.512127    0.03493     2.0958    125.750     42.006  50298.393    31.9611     9.3310     41.609    6.53434     9.3298    24.6884   11.79743 8.8930e-01 0.0000e+00
        505 204.512130    0.03500     2.1000    126.000     42.263  50287.224    31.9536     9.3349     41.864    6.53409     9.3248    24.6820   11.79710 8.5333e-01 0.0000e+00
        506 204.512133    0.03507     2.1042    126.250     42.524  50277.775    31.9468     9.3343     42.123    6.53445     9.3145    24.6768   11.79779 8.1838e-01 0.0000e+00
        507 204.512135    0.03514     2.1083    126.500     42.792  50269.212    31.9399     9.3293     42.388    6.53547     9.3002    24.6722   11.79956 7.8418e-01 0.0000e+00
        508 204.512138    0.03521     2.1125    126.750     43.066  50266.506    31.9364     9.3190     42.659    6.53710     9.2849    24.6711   11.80229 7.5088e-01 0.0000e+00
        509 204.512141    0.03528     2.1167    127.000     43.344  50272.743    31.9387     9.3048     42.934    6.53907     9.2713    24.6751   11.80552 7.1906e-01 0.0000e+00
        510 204.512144    0.03535     2.1208    127.250     43.619  50284.090    31.9445     9.2896     43.206    6.54102     9.2602    24.6820   11.80869 6.8984e-01 0.0000e+00
        511 204.512147    0.03542     2.1250    127.500     43.881  50295.370    31.9504     9.2759     43.466    6.54275     9.2511    24.6888   11.81147 6.6420e-01 0.0000e+00
        512 204.512150    0.03549     2.1292    127.750     44.123  50302.672    31.9539     9.2648     43.706    6.54420     9.2430    24.6933   11.81384 6.4241e-01 0.0000e+00
        513 204.512153    0.03556     2.1333    128.000     44.340  50304.466    31.9538     9.2558     43.921    6.54551     9.2350    24.6946   11.81601 6.2442e-01 0.0000e+00
        514 204.512156    0.03562     2.1375    128.250     44.528  50301.069    31.9501     9.2477     44.107    6.54684     9.2269    24.6930   11.81825 6.0980e-01 0.0000e+00
        515 204.512159    0.03569     2.1417    128.500     44.693  50292.739    31.9431     9.2397     44.270    6.54831     9.2192    24.6888   11.82076 5.9763e-01 0.0000e+00
        516 204.512161    0.03576     2.1458    128.750     44.841  50290.381    31.9402     9.2316     44.417    6.54960     9.2128    24.6878   11.82294 5.8683e-01 0.0000e+00
        517 204.512164    0.03583     2.1500    129.000     44.985  50304.716    31.9492     9.2239     44.560    6.55033     9.2080    24.6960   11.82403 5.7628e-01 0.0000e+00
        518 204.512167    0.03590     2.1542    129.250     45.138  50323.830    31.9617     9.2175     44.711    6.55073     9.2047    24.7068   11.82454 5.6491e-01 0.0000e+00
        519 204.512170    0.03597     2.1583    129.500     45.312  50336.659    31.9700     9.2128     44.883    6.55107     9.2023    24.7140   11.82501 5.5186e-01 0.0000e+00
        520 204.512173    0.03604     2.1625    129.750     45.518  50344.021    31.9746     9.2095     45.087    6.55134     9.1999    24.7182   11.82541 5.3652e-01 0.0000e+00
        521 204.512176    0.03611     2.1667    130.000     45.762  50347.548    31.9767     9.2071     45.329    6.55161     9.1973    24.7201   11.82582 5.1879e-01 0.0000e+00
        522 204.512179    0.03618     2.1708    130.250     46.045  50350.348    31.9782     9.2047     45.610    6.55189     9.1954    24.7217   11.82627 4.9919e-01 0.0000e+00
        523 204.512182    0.03625     2.1750    130.500     46.366  50354.621    31.9807     9.2022     45.928    6.55215     9.1949    24.7240   11.82667 4.7842e-01 0.0000e+00
        524 204.512185    0.03632     2.1792    130.750     46.715  50359.380    31.9836     9.2003     46.274    6.55230     9.1955    24.7266   11.82688 4.5674e-01 0.0000e+00
        525 204.512188    0.03639     2.1833    131.000     47.079  50362.457    31.9856     9.1998     46.634    6.55229     9.1974    24.7282   11.82684 4.3508e-01 0.0000e+00
        526 204.512190    0.03646     2.1875    131.250     47.442  50364.805    31.9872     9.2005     46.993    6.55212     9.2011    24.7294   11.82654 4.1513e-01 0.0000e+00
        527 204.512193    0.03653     2.1917    131.500     47.788  50368.080    31.9896     9.2024     47.336    6.55174     9.2063    24.7310   11.82589 3.9781e-01 0.0000e+00
        528 204.512196    0.03660     2.1958    131.750     48.108  50369.515    31.9910     9.2061     47.653    6.55116     9.2109    24.7315   11.82490 3.8399e-01 0.0000e+00
        529 204.512199    0.03667     2.2000    132.000     48.398  50364.183    31.9879     9.2114     47.940    6.55052     9.2113    24.7283   11.82388 3.7464e-01 0.0000e+00
        530 204.512202    0.03674     2.2042    132.250     48.656  50351.606    31.9795     9.2160     48.195    6.55020     9.2060    24.7210   11.82346 3.7063e-01 0.0000e+00
        531 204.512205    0.03681     2.2083    132.500     48.881  50339.130    31.9707     9.2164     48.419    6.55051     9.1959    24.7141   11.82408 3.7368e-01 0.0000e+00
        532 204.512208    0.03687     2.2125    132.750     49.077  50333.084    31.9656     9.2112     48.613    6.55150     9.1815    24.7109   11.82577 3.8685e-01 0.0000e+00
        533 204.512211    0.03694     2.2167    133.000     49.249  50330.441    31.9622     9.2010     48.783    6.55311     9.1608    24.7098   11.82848 4.1537e-01 0.0000e+00
        534 204.512214    0.03701     2.2208    133.250     49.405  50325.073    31.9563     9.1866     48.937    6.55546     9.1308    24.7074   11.83243 4.4724e-01 0.0000e+00
        535 204.512216    0.03708     2.2250    133.500     49.555  50315.695    31.9466     9.1660     49.085    6.55887     9.0915    24.7031   11.83819 4.5005e-01 0.0000e+00
        536 204.512219    0.03715     2.2292    133.750     49.707  50312.708    31.9402     9.1359     49.236    6.56352     9.0493    24.7027   11.84598 4.2606e-01 0.0000e+00
        537 204.512222    0.03722     2.2333    134.000     49.869  50330.129    31.9467     9.0967     49.397    6.56897     9.0120    24.7139   11.85491 4.1281e-01 0.0000e+00
        538 204.512225    0.03729     2.2375    134.250     50.048  50365.372    31.9654     9.0545     49.574    6.57432     8.9832    24.7351   11.86354 4.2966e-01 0.0000e+00
        539 204.512228    0.03736     2.2417    134.500     50.246  50404.079    31.9872     9.0172     49.769    6.57885     8.9626    24.7579   11.87077 4.6198e-01 0.0000e+00
        540 204.512231    0.03743     2.2458    134.750     50.463  50436.076    32.0055     8.9884     49.984    6.58228     8.9482    24.7766   11.87623 4.7861e-01 0.0000e+00
        541 204.512234    0.03750     2.2500    135.000     50.699  50458.963    32.0185     8.9678     50.218    6.58473     8.9381    24.7900   11.88012 4.6559e-01 0.0000e+00
        542 204.512237    0.03757     2.2542    135.250     50.951  50474.820    32.0275     8.9535     50.468    6.58645     8.9310    24.7992   11.88285 4.2190e-01 0.0000e+00
