CTD-processing/allCTD/CNV--turbid/2014_10-18_t6_s07_cast110.cnv
* Sea-Bird SBE19plus Data File:
* FileName = C:\Users\kris.holderied\Documents\kasitsna\Research-Projects-and-Data\Oceanography-AK\CTD-Data-ALL-to-2014-10\2014-CTD-KachemakBay-CookInlet\2014-10-EVOSTC-CookInlet\2014-10-18-CookInlet-Tran6-Douglas\2014-10-18-CookInlet-Tran6-cast110.hex
* Software Version 1.59
* Temperature SN =  4141
* Conductivity SN =  4141
* System UpLoad Time = Oct 18 2014 09:55:16
** Cook Inlet LTM Tran6 (Douglas)  east to west
** Date: 10-18
** Station: 6-07
** Start time: 02:19
** Depth (m): 126
** Comment:  CTD time is Alaska Daylight time.  R/V Pandalus. Transducer  depth.
** Comment:
# nquan = 16
# nvalues = 1023                        
# units = specified
# name 0 = scan: Scan Count
# name 1 = timeJ: Julian Days
# name 2 = timeH: Time, Elapsed [hours]
# name 3 = timeM: Time, Elapsed [minutes]
# name 4 = timeS: Time, Elapsed [seconds]
# name 5 = prdM: Pressure, Strain Gauge [db]
# name 6 = specc: Specific Conductance [uS/cm]
# name 7 = sal00: Salinity, Practical [PSU]
# name 8 = tv290C: Temperature [ITS-90, deg C]
# name 9 = depSM: Depth [salt water, m], lat = 59.00
# name 10 = oxsolML/L: Oxygen Saturation, Garcia & Gordon [ml/l]
# name 11 = potemp090C: Potential Temperature [ITS-90, deg C]
# name 12 = sigma-é00: Density [sigma-theta, kg/m^3]
# name 13 = n2satML/L: Nitrogen Saturation [ml/l]
# name 14 = par: PAR/Irradiance, Biospherical/Licor
# name 15 = flag:  0.000e+00
# span 0 =          1,       1023       
# span 1 = 291.096551, 291.099508       
# span 2 =    0.00000,    0.07097       
# span 3 =     0.0000,     4.2583       
# span 4 =      0.000,    255.500       
# span 5 =     -0.297,    122.940       
# span 6 =    376.135,  51215.937       
# span 7 =     0.1770,    32.2850       
# span 8 =     7.5077,    11.1016       
# span 9 =     -0.295,    121.755       
# span 10 =    6.37004,    8.21077      
# span 11 =     7.4963,    11.0993      
# span 12 =    -0.0298,    25.2133      
# span 13 =   11.54833,   15.03183      
# span 14 = 3.7958e-02, 9.1467e-01      
# span 15 = 0.0000e+00, 0.0000e+00      
# interval = seconds: 0.25
# start_time = Oct 18 2014 02:19:02 [Instrument's time stamp, header]
# bad_flag = -9.990e-29
*END*
[from data line 452]
        453 291.097859    0.03139     1.8833    113.000     24.672  47045.153    29.8908    11.0946     24.439    6.37154    11.0881    22.7845   11.55238 3.8315e-02 0.0000e+00
        454 291.097862    0.03146     1.8875    113.250     24.843  47058.570    29.9000    11.0932     24.609    6.37136    11.0843    22.7919   11.55197 3.8341e-02 0.0000e+00
        455 291.097865    0.03153     1.8917    113.500     25.032  47079.823    29.9147    11.0910     24.796    6.37108    11.0782    22.8037   11.55133 3.8359e-02 0.0000e+00
        456 291.097867    0.03160     1.8958    113.750     25.238  47112.994    29.9376    11.0872     25.000    6.37067    11.0692    22.8221   11.55038 3.8366e-02 0.0000e+00
        457 291.097870    0.03167     1.9000    114.000     25.459  47158.245    29.9687    11.0812     25.219    6.37024    11.0571    22.8474   11.54930 3.8367e-02 0.0000e+00
        458 291.097873    0.03174     1.9042    114.250     25.688  47209.977    30.0041    11.0722     25.447    6.37004    11.0418    22.8764   11.54855 3.8369e-02 0.0000e+00
        459 291.097876    0.03181     1.9083    114.500     25.920  47265.178    30.0416    11.0601     25.675    6.37018    11.0224    22.9077   11.54833 3.8378e-02 0.0000e+00
        460 291.097879    0.03188     1.9125    114.750     26.143  47322.876    30.0805    11.0448     25.897    6.37071    10.9984    22.9405   11.54874 3.8364e-02 0.0000e+00
        461 291.097882    0.03194     1.9167    115.000     26.350  47379.394    30.1182    11.0254     26.102    6.37184    10.9721    22.9731   11.55018 3.8316e-02 0.0000e+00
        462 291.097885    0.03201     1.9208    115.250     26.534  47435.406    30.1550    11.0015     26.284    6.37364    10.9482    23.0058   11.55272 3.8263e-02 0.0000e+00
        463 291.097888    0.03208     1.9250    115.500     26.688  47491.464    30.1916    10.9752     26.437    6.37577    10.9301    23.0388   11.55583 3.8220e-02 0.0000e+00
        464 291.097891    0.03215     1.9292    115.750     26.812  47540.404    30.2234    10.9513     26.560    6.37777    10.9181    23.0676   11.55877 3.8189e-02 0.0000e+00
        465 291.097894    0.03222     1.9333    116.000     26.908  47577.207    30.2473    10.9332     26.655    6.37929    10.9110    23.0893   11.56101 3.8178e-02 0.0000e+00
        466 291.097896    0.03229     1.9375    116.250     26.982  47603.431    30.2645    10.9212     26.727    6.38024    10.9072    23.1047   11.56238 3.8180e-02 0.0000e+00
        467 291.097899    0.03236     1.9417    116.500     27.039  47621.706    30.2766    10.9141     26.784    6.38072    10.9052    23.1153   11.56304 3.8187e-02 0.0000e+00
        468 291.097902    0.03243     1.9458    116.750     27.088  47633.863    30.2847    10.9103     26.833    6.38091    10.9034    23.1223   11.56325 3.8207e-02 0.0000e+00
        469 291.097905    0.03250     1.9500    117.000     27.139  47641.597    30.2900    10.9083     26.883    6.38098    10.9001    23.1267   11.56330 3.8241e-02 0.0000e+00
        470 291.097908    0.03257     1.9542    117.250     27.199  47646.558    30.2932    10.9065     26.943    6.38110    10.8933    23.1295   11.56346 3.8277e-02 0.0000e+00
        471 291.097911    0.03264     1.9583    117.500     27.277  47648.585    30.2943    10.9032     27.020    6.38151    10.8798    23.1309   11.56413 3.8302e-02 0.0000e+00
        472 291.097914    0.03271     1.9625    117.750     27.380  47644.205    30.2904    10.8964     27.122    6.38261    10.8584    23.1291   11.56600 3.8326e-02 0.0000e+00
        473 291.097917    0.03278     1.9667    118.000     27.514  47637.676    30.2842    10.8829     27.255    6.38471    10.8328    23.1266   11.56956 3.8354e-02 0.0000e+00
        474 291.097920    0.03285     1.9708    118.250     27.680  47644.067    30.2863    10.8615     27.419    6.38758    10.8077    23.1318   11.57429 3.8385e-02 0.0000e+00
        475 291.097922    0.03292     1.9750    118.500     27.878  47662.194    30.2961    10.8360     27.616    6.39071    10.7827    23.1438   11.57935 3.8422e-02 0.0000e+00
        476 291.097925    0.03299     1.9792    118.750     28.106  47672.789    30.3007    10.8110     27.841    6.39398    10.7555    23.1516   11.58473 3.8464e-02 0.0000e+00
        477 291.097928    0.03306     1.9833    119.000     28.357  47674.108    30.2988    10.7859     28.090    6.39752    10.7270    23.1543   11.59063 3.8507e-02 0.0000e+00
        478 291.097931    0.03313     1.9875    119.250     28.625  47680.163    30.2999    10.7587     28.356    6.40125    10.7001    23.1598   11.59679 3.8528e-02 0.0000e+00
        479 291.097934    0.03319     1.9917    119.500     28.899  47695.703    30.3075    10.7303     28.627    6.40487    10.6771    23.1705   11.60271 3.8527e-02 0.0000e+00
        480 291.097937    0.03326     1.9958    119.750     29.170  47718.900    30.3207    10.7034     28.895    6.40806    10.6594    23.1854   11.60784 3.8535e-02 0.0000e+00
        481 291.097940    0.03333     2.0000    120.000     29.430  47743.812    30.3356    10.6805     29.153    6.41064    10.6461    23.2008   11.61194 3.8552e-02 0.0000e+00
        482 291.097943    0.03340     2.0042    120.250     29.675  47762.717    30.3468    10.6627     29.396    6.41264    10.6358    23.2125   11.61513 3.8547e-02 0.0000e+00
        483 291.097946    0.03347     2.0083    120.500     29.898  47774.719    30.3537    10.6495     29.617    6.41420    10.6275    23.2201   11.61763 3.8511e-02 0.0000e+00
        484 291.097948    0.03354     2.0125    120.750     30.093  47782.682    30.3581    10.6392     29.810    6.41545    10.6207    23.2253   11.61964 3.8441e-02 0.0000e+00
        485 291.097951    0.03361     2.0167    121.000     30.253  47788.416    30.3611    10.6310     29.968    6.41647    10.6151    23.2290   11.62131 3.8364e-02 0.0000e+00
        486 291.097954    0.03368     2.0208    121.250     30.376  47792.533    30.3632    10.6242     30.089    6.41733    10.6103    23.2318   11.62270 3.8310e-02 0.0000e+00
        487 291.097957    0.03375     2.0250    121.500     30.462  47795.402    30.3645    10.6186     30.175    6.41806    10.6062    23.2338   11.62390 3.8266e-02 0.0000e+00
        488 291.097960    0.03382     2.0292    121.750     30.520  47797.878    30.3657    10.6137     30.232    6.41868    10.6028    23.2355   11.62491 3.8230e-02 0.0000e+00
        489 291.097963    0.03389     2.0333    122.000     30.558  47800.397    30.3670    10.6096     30.270    6.41919    10.6000    23.2372   11.62576 3.8221e-02 0.0000e+00
        490 291.097966    0.03396     2.0375    122.250     30.591  47802.226    30.3679    10.6063     30.303    6.41963    10.5974    23.2384   11.62646 3.8238e-02 0.0000e+00
        491 291.097969    0.03403     2.0417    122.500     30.633  47803.276    30.3683    10.6034     30.345    6.42000    10.5949    23.2392   11.62708 3.8265e-02 0.0000e+00
        492 291.097972    0.03410     2.0458    122.750     30.701  47804.696    30.3690    10.6008     30.412    6.42034    10.5925    23.2402   11.62763 3.8302e-02 0.0000e+00
        493 291.097975    0.03417     2.0500    123.000     30.808  47807.345    30.3705    10.5983     30.518    6.42063    10.5905    23.2418   11.62809 3.8354e-02 0.0000e+00
        494 291.097977    0.03424     2.0542    123.250     30.964  47811.426    30.3730    10.5960     30.672    6.42084    10.5889    23.2441   11.62842 3.8421e-02 0.0000e+00
        495 291.097980    0.03431     2.0583    123.500     31.175  47816.247    30.3761    10.5940     30.882    6.42099    10.5876    23.2469   11.62863 3.8502e-02 0.0000e+00
        496 291.097983    0.03438     2.0625    123.750     31.442  47821.765    30.3797    10.5924     31.146    6.42107    10.5866    23.2500   11.62871 3.8561e-02 0.0000e+00
        497 291.097986    0.03444     2.0667    124.000     31.758  47828.590    30.3843    10.5911     31.459    6.42107    10.5861    23.2537   11.62866 3.8592e-02 0.0000e+00
        498 291.097989    0.03451     2.0708    124.250     32.114  47834.624    30.3883    10.5902     31.811    6.42102    10.5851    23.2570   11.62854 3.8634e-02 0.0000e+00
        499 291.097992    0.03458     2.0750    124.500     32.492  47836.889    30.3896    10.5897     32.185    6.42103    10.5826    23.2582   11.62854 3.8631e-02 0.0000e+00
        500 291.097995    0.03465     2.0792    124.750     32.869  47835.698    30.3885    10.5887     32.559    6.42121    10.5787    23.2575   11.62885 3.8473e-02 0.0000e+00
        501 291.097998    0.03472     2.0833    125.000     33.219  47834.684    30.3874    10.5863     32.905    6.42160    10.5745    23.2570   11.62950 3.8251e-02 0.0000e+00
        502 291.098001    0.03479     2.0875    125.250     33.517  47836.879    30.3884    10.5825     33.201    6.42210    10.5711    23.2584   11.63032 3.8156e-02 0.0000e+00
        503 291.098003    0.03486     2.0917    125.500     33.753  47841.871    30.3913    10.5783     33.435    6.42256    10.5689    23.2614   11.63105 3.8170e-02 0.0000e+00
        504 291.098006    0.03493     2.0958    125.750     33.924  47847.143    30.3946    10.5749     33.604    6.42290    10.5679    23.2645   11.63157 3.8196e-02 0.0000e+00
        505 291.098009    0.03500     2.1000    126.000     34.035  47850.527    30.3967    10.5728     33.714    6.42311    10.5674    23.2665   11.63189 3.8219e-02 0.0000e+00
        506 291.098012    0.03507     2.1042    126.250     34.098  47851.983    30.3976    10.5717     33.776    6.42323    10.5673    23.2673   11.63207 3.8240e-02 0.0000e+00
        507 291.098015    0.03514     2.1083    126.500     34.129  47852.807    30.3981    10.5713     33.807    6.42327    10.5673    23.2678   11.63213 3.8266e-02 0.0000e+00
        508 291.098018    0.03521     2.1125    126.750     34.146  47854.085    30.3989    10.5711     33.824    6.42325    10.5676    23.2685   11.63210 3.8287e-02 0.0000e+00
        509 291.098021    0.03528     2.1167    127.000     34.170  47856.843    30.4009    10.5711     33.848    6.42317    10.5686    23.2700   11.63195 3.8304e-02 0.0000e+00
        510 291.098024    0.03535     2.1208    127.250     34.218  47861.626    30.4043    10.5714     33.895    6.42299    10.5705    23.2726   11.63160 3.8329e-02 0.0000e+00
        511 291.098027    0.03542     2.1250    127.500     34.303  47868.531    30.4092    10.5724     33.979    6.42265    10.5737    23.2763   11.63098 3.8363e-02 0.0000e+00
        512 291.098030    0.03549     2.1292    127.750     34.432  47877.686    30.4158    10.5744     34.107    6.42210    10.5784    23.2811   11.63000 3.8390e-02 0.0000e+00
        513 291.098032    0.03556     2.1333    128.000     34.608  47889.434    30.4244    10.5776     34.281    6.42130    10.5852    23.2873   11.62858 3.8414e-02 0.0000e+00
        514 291.098035    0.03562     2.1375    128.250     34.828  47905.295    30.4360    10.5823     34.499    6.42017    10.5947    23.2956   11.62656 3.8432e-02 0.0000e+00
        515 291.098038    0.03569     2.1417    128.500     35.085  47926.383    30.4515    10.5891     34.754    6.41859    10.6071    23.3065   11.62375 3.8425e-02 0.0000e+00
        516 291.098041    0.03576     2.1458    128.750     35.371  47950.170    30.4693    10.5987     35.037    6.41653    10.6216    23.3187   11.62013 3.8395e-02 0.0000e+00
        517 291.098044    0.03583     2.1500    129.000     35.671  47972.800    30.4865    10.6111     35.335    6.41410    10.6375    23.3301   11.61589 3.8367e-02 0.0000e+00
        518 291.098047    0.03590     2.1542    129.250     35.971  47993.225    30.5025    10.6257     35.632    6.41142    10.6542    23.3400   11.61125 3.8382e-02 0.0000e+00
        519 291.098050    0.03597     2.1583    129.500     36.257  48013.466    30.5185    10.6416     35.915    6.40856    10.6722    23.3498   11.60633 3.8418e-02 0.0000e+00
        520 291.098053    0.03604     2.1625    129.750     36.519  48036.396    30.5364    10.6584     36.175    6.40550    10.6911    23.3610   11.60103 3.8424e-02 0.0000e+00
        521 291.098056    0.03611     2.1667    130.000     36.753  48058.691    30.5541    10.6764     36.406    6.40228    10.7094    23.3717   11.59549 3.8414e-02 0.0000e+00
        522 291.098058    0.03618     2.1708    130.250     36.957  48071.921    30.5655    10.6953     36.609    6.39919    10.7252    23.3774   11.59023 3.8411e-02 0.0000e+00
        523 291.098061    0.03625     2.1750    130.500     37.136  48074.749    30.5695    10.7137     36.785    6.39648    10.7376    23.3774   11.58570 3.8407e-02 0.0000e+00
        524 291.098064    0.03632     2.1792    130.750     37.292  48073.637    30.5705    10.7294     36.940    6.39426    10.7472    23.3755   11.58200 3.8401e-02 0.0000e+00
        525 291.098067    0.03639     2.1833    131.000     37.434  48074.478    30.5724    10.7419     37.081    6.39246    10.7548    23.3749   11.57900 3.8401e-02 0.0000e+00
        526 291.098070    0.03646     2.1875    131.250     37.569  48078.549    30.5764    10.7515     37.215    6.39098    10.7608    23.3763   11.57649 3.8406e-02 0.0000e+00
        527 291.098073    0.03653     2.1917    131.500     37.706  48083.818    30.5809    10.7591     37.350    6.38974    10.7652    23.3785   11.57438 3.8422e-02 0.0000e+00
        528 291.098076    0.03660     2.1958    131.750     37.850  48089.547    30.5856    10.7651     37.492    6.38872    10.7682    23.3811   11.57263 3.8445e-02 0.0000e+00
        529 291.098079    0.03667     2.2000    132.000     38.006  48097.062    30.5913    10.7695     37.647    6.38787    10.7699    23.3849   11.57116 3.8457e-02 0.0000e+00
        530 291.098082    0.03674     2.2042    132.250     38.177  48106.599    30.5983    10.7725     37.816    6.38717    10.7706    23.3898   11.56992 3.8470e-02 0.0000e+00
        531 291.098084    0.03681     2.2083    132.500     38.363  48117.202    30.6059    10.7743     38.001    6.38662    10.7707    23.3955   11.56891 3.8497e-02 0.0000e+00
        532 291.098087    0.03687     2.2125    132.750     38.563  48128.739    30.6141    10.7751     38.200    6.38618    10.7702    23.4017   11.56808 3.8516e-02 0.0000e+00
        533 291.098090    0.03694     2.2167    133.000     38.775  48141.457    30.6230    10.7751     38.409    6.38581    10.7693    23.4086   11.56737 3.8513e-02 0.0000e+00
        534 291.098093    0.03701     2.2208    133.250     38.994  48155.152    30.6325    10.7746     38.626    6.38549    10.7681    23.4161   11.56672 3.8508e-02 0.0000e+00
        535 291.098096    0.03708     2.2250    133.500     39.217  48169.457    30.6424    10.7738     38.847    6.38520    10.7664    23.4239   11.56613 3.8517e-02 0.0000e+00
        536 291.098099    0.03715     2.2292    133.750     39.439  48183.694    30.6523    10.7726     39.067    6.38497    10.7639    23.4318   11.56563 3.8527e-02 0.0000e+00
        537 291.098102    0.03722     2.2333    134.000     39.658  48197.274    30.6616    10.7709     39.284    6.38483    10.7607    23.4393   11.56529 3.8518e-02 0.0000e+00
        538 291.098105    0.03729     2.2375    134.250     39.871  48210.114    30.6703    10.7685     39.495    6.38481    10.7567    23.4465   11.56515 3.8497e-02 0.0000e+00
        539 291.098108    0.03736     2.2417    134.500     40.077  48222.283    30.6784    10.7653     39.698    6.38492    10.7524    23.4534   11.56524 3.8492e-02 0.0000e+00
        540 291.098111    0.03743     2.2458    134.750     40.273  48233.721    30.6859    10.7614     39.892    6.38515    10.7483    23.4599   11.56553 3.8497e-02 0.0000e+00
        541 291.098113    0.03750     2.2500    135.000     40.459  48244.137    30.6927    10.7571     40.077    6.38546    10.7447    23.4659   11.56596 3.8495e-02 0.0000e+00
        542 291.098116    0.03757     2.2542    135.250     40.635  48253.374    30.6987    10.7530     40.251    6.38578    10.7416    23.4713   11.56642 3.8483e-02 0.0000e+00
