CTD-processing/allCTD/CNV--turbid/2014_02-14_t9_s05_cast174.cnv
* Sea-Bird SBE19plus Data File:
* FileName = C:\Users\kris.holderied\Documents\kasitsna\Research-Projects-and-Data\Oceanography-AK\CTD-CookInlet-GulfWatchAK\2014-02-EVOSTC-CookInlet-LTM-BATCH-UPLOAD\2014-02-CookInlet-Seasonal-cast174.hex
* Software Version 1.59
* Temperature SN =  5028
* Conductivity SN =  5028
* System UpLoad Time = Apr 09 2014 20:13:19
** Cook Inlet LTM 2014 February Seasonal - Batch upload
** Date: 2013-02-15
** Station: 9-05
** Start time: 11:06
** Depth (m): 95
** CoComment:
** Comment:
# nquan = 16
# nvalues = 784                         
# units = specified
# name 0 = scan: Scan Count
# name 1 = timeJ: Julian Days
# name 2 = timeH: Time, Elapsed [hours]
# name 3 = timeM: Time, Elapsed [minutes]
# name 4 = timeS: Time, Elapsed [seconds]
# name 5 = prdM: Pressure, Strain Gauge [db]
# name 6 = specc: Specific Conductance [uS/cm]
# name 7 = sal00: Salinity, Practical [PSU]
# name 8 = tv290C: Temperature [ITS-90, deg C]
# name 9 = depSM: Depth [salt water, m], lat = 59.00
# name 10 = oxsolML/L: Oxygen Saturation, Garcia & Gordon [ml/l]
# name 11 = potemp090C: Potential Temperature [ITS-90, deg C]
# name 12 = sigma-é00: Density [sigma-theta, kg/m^3]
# name 13 = n2satML/L: Nitrogen Saturation [ml/l]
# name 14 = par: PAR/Irradiance, Biospherical/Licor
# name 15 = flag:  0.000e+00
# span 0 =          1,        784       
# span 1 =  46.462037,  46.464303       
# span 2 =    0.00000,    0.05438       
# span 3 =     0.0000,     3.2625       
# span 4 =      0.000,    195.750       
# span 5 =     -0.462,     94.673       
# span 6 =   1787.901,  51533.711       
# span 7 =     0.8660,    31.8557       
# span 8 =     2.5354,     4.9927       
# span 9 =     -0.457,     93.767       
# span 10 =    7.22495,    9.42222      
# span 11 =     2.5353,     4.9858      
# span 12 =     0.6637,    25.1847      
# span 13 =   12.94030,   17.05586      
# span 14 = 3.7912e-02, 5.8422e+01      
# span 15 = 0.0000e+00, 0.0000e+00      
# interval = seconds: 0.25
# start_time = Feb 15 2014 11:05:20 [Instrument's time stamp, header]
# bad_flag = -9.990e-29
*END*
          1  46.462037    0.00000     0.0000      0.000     -0.460   1927.795     0.9361     2.7749     -0.456    9.41597     2.7719     0.7204   17.04419 3.5128e+01 0.0000e+00
          2  46.462040    0.00007     0.0042      0.250     -0.461   1880.651     0.9123     2.7736     -0.457    9.41785     2.7700     0.7011   17.04774 3.4038e+01 0.0000e+00
          3  46.462043    0.00014     0.0083      0.500     -0.461   1832.002     0.8877     2.7719     -0.457    9.41986     2.7680     0.6813   17.05152 3.2533e+01 0.0000e+00
          4  46.462046    0.00021     0.0125      0.750     -0.461   1796.752     0.8701     2.7700     -0.457    9.42147     2.7661     0.6670   17.05452 3.1115e+01 0.0000e+00
          5  46.462049    0.00028     0.0167      1.000     -0.461   1787.901     0.8660     2.7680     -0.457    9.42222     2.7642     0.6637   17.05586 3.0219e+01 0.0000e+00
          6  46.462052    0.00035     0.0208      1.250     -0.461   1824.665     0.8853     2.7661     -0.457    9.42148     2.7625     0.6791   17.05429 2.9974e+01 0.0000e+00
          7  46.462054    0.00042     0.0250      1.500     -0.461   1931.071     0.9402     2.7642     -0.457    9.41844     2.7609     0.7233   17.04826 3.0474e+01 0.0000e+00
          8  46.462057    0.00049     0.0292      1.750     -0.460   2118.617     1.0369     2.7625     -0.456    9.41269     2.7595     0.8012   17.03699 3.1231e+01 0.0000e+00
          9  46.462060    0.00056     0.0333      2.000     -0.459   2379.058     1.1716     2.7609     -0.455    9.40448     2.7582     0.9098   17.02095 3.1357e+01 0.0000e+00
         10  46.462063    0.00063     0.0375      2.250     -0.459   2670.855     1.3235     2.7595     -0.455    9.39514     2.7571     1.0321   17.00274 3.1128e+01 0.0000e+00
         11  46.462066    0.00069     0.0417      2.500     -0.458   3007.800     1.4999     2.7582     -0.454    9.38421     2.7560     1.1741   16.98144 3.1497e+01 0.0000e+00
         12  46.462069    0.00076     0.0458      2.750     -0.459   3437.065     1.7255     2.7571     -0.455    9.37013     2.7551     1.3557   16.95403 3.2510e+01 0.0000e+00
         13  46.462072    0.00083     0.0500      3.000     -0.459   3861.713     1.9493     2.7560     -0.455    9.35613     2.7542     1.5358   16.92680 3.3739e+01 0.0000e+00
         14  46.462075    0.00090     0.0542      3.250     -0.459   4145.951     2.0995     2.7551     -0.455    9.34680     2.7534     1.6566   16.90865 3.4950e+01 0.0000e+00
         15  46.462078    0.00097     0.0583      3.500     -0.459   4247.917     2.1529     2.7542     -0.455    9.34362     2.7526     1.6996   16.90241 3.5846e+01 0.0000e+00
         16  46.462080    0.00104     0.0625      3.750     -0.459   4203.460     2.1285     2.7534     -0.455    9.34537     2.7517     1.6800   16.90576 3.6324e+01 0.0000e+00
         17  46.462083    0.00111     0.0667      4.000     -0.459   4072.694     2.0585     2.7526     -0.455    9.35003     2.7509     1.6237   16.91473 3.6626e+01 0.0000e+00
         18  46.462086    0.00118     0.0708      4.250     -0.459   3882.258     1.9572     2.7517     -0.455    9.35669     2.7500     1.5422   16.92759 3.6935e+01 0.0000e+00
         19  46.462089    0.00125     0.0750      4.500     -0.460   3668.273     1.8441     2.7509     -0.456    9.36411     2.7492     1.4512   16.94194 3.7286e+01 0.0000e+00
         20  46.462092    0.00132     0.0792      4.750     -0.460   3479.636     1.7451     2.7500     -0.456    9.37065     2.7483     1.3715   16.95457 3.7805e+01 0.0000e+00
         21  46.462095    0.00139     0.0833      5.000     -0.461   3353.808     1.6802     2.7492     -0.457    9.37504     2.7476     1.3191   16.96304 3.8548e+01 0.0000e+00
         22  46.462098    0.00146     0.0875      5.250     -0.461   3348.924     1.6800     2.7483     -0.457    9.37532     2.7471     1.3188   16.96353 3.9549e+01 0.0000e+00
         23  46.462101    0.00153     0.0917      5.500     -0.461   3537.110     1.7827     2.7476     -0.457    9.36902     2.7468     1.4013   16.95129 4.1236e+01 0.0000e+00
         24  46.462104    0.00160     0.0958      5.750     -0.462   3969.016     2.0160     2.7471     -0.457    9.35442     2.7464     1.5888   16.92294 4.3861e+01 0.0000e+00
         25  46.462106    0.00167     0.1000      6.000     -0.461   4582.289     2.3483     2.7468     -0.457    9.33355     2.7461     1.8557   16.88248 4.7166e+01 0.0000e+00
         26  46.462109    0.00174     0.1042      6.250     -0.460   5103.177     2.6336     2.7464     -0.456    9.31576     2.7456     2.0848   16.84800 5.0675e+01 0.0000e+00
         27  46.462112    0.00181     0.1083      6.500     -0.458   5335.924     2.7669     2.7461     -0.454    9.30777     2.7450     2.1916   16.83254 5.3728e+01 0.0000e+00
         28  46.462115    0.00187     0.1125      6.750     -0.455   5387.698     2.8091     2.7456     -0.451    9.30585     2.7441     2.2249   16.82890 5.5955e+01 0.0000e+00
         29  46.462118    0.00194     0.1167      7.000     -0.450   5458.965     2.8734     2.7450     -0.446    9.30304     2.7428     2.2755   16.82360 5.7404e+01 0.0000e+00
         30  46.462121    0.00201     0.1208      7.250     -0.443   5754.668     3.0775     2.7441     -0.439    9.29219     2.7408     2.4375   16.80284 5.8200e+01 0.0000e+00
         31  46.462124    0.00208     0.1250      7.500     -0.432   6472.678     3.5401     2.7428     -0.428    9.26632     2.7377     2.8059   16.75315 5.8422e+01 0.0000e+00
         32  46.462127    0.00215     0.1292      7.750     -0.412   7856.139     4.4119     2.7408     -0.408    9.21675     2.7327     3.5010   16.65782 5.7846e+01 0.0000e+00
         33  46.462130    0.00222     0.1333      8.000     -0.379  10335.105     5.9581     2.7377     -0.376    9.12815     2.7244     4.7343   16.48736 5.6186e+01 0.0000e+00
         34  46.462133    0.00229     0.1375      8.250     -0.325  14612.432     8.6131     2.7327     -0.322    8.97549     2.7109     6.8526   16.19358 5.3183e+01 0.0000e+00
         35  46.462135    0.00236     0.1417      8.500     -0.235  21899.969    13.1222     2.7244     -0.233    8.71569     2.6919    10.4506   15.69352 4.8231e+01 0.0000e+00
         36  46.462138    0.00243     0.1458      8.750     -0.095  31272.929    18.9166     2.7109     -0.094    8.38249     2.6713    15.0748   15.05206 4.0528e+01 0.0000e+00
         37  46.462141    0.00250     0.1500      9.000      0.089  39072.912    23.7463     2.6919      0.088    8.10701     2.6530    18.9300   14.52145 3.1534e+01 0.0000e+00
         38  46.462144    0.00257     0.1542      9.250      0.286  43913.292    26.7492     2.6713      0.283    7.93796     2.6382    21.3277   14.19545 2.4916e+01 0.0000e+00
         39  46.462147    0.00264     0.1583      9.500      0.455  46829.986    28.5578     2.6530      0.450    7.83731     2.6267    22.7722   14.00104 2.1882e+01 0.0000e+00
         40  46.462150    0.00271     0.1625      9.750      0.572  48581.622    29.6429     2.6382      0.567    7.77765     2.6180    23.6392   13.88561 2.1180e+01 0.0000e+00
         41  46.462153    0.00278     0.1667     10.000      0.636  49630.889    30.2922     2.6267      0.630    7.74247     2.6118    24.1582   13.81739 2.1715e+01 0.0000e+00
         42  46.462156    0.00285     0.1708     10.250      0.658  50254.973    30.6776     2.6180      0.652    7.72191     2.6075    24.4663   13.77741 2.2757e+01 0.0000e+00
         43  46.462159    0.00292     0.1750     10.500      0.653  50619.472    30.9018     2.6118      0.646    7.71013     2.6043    24.6457   13.75444 2.3929e+01 0.0000e+00
         44  46.462161    0.00299     0.1792     10.750      0.631  50821.776    31.0252     2.6075      0.625    7.70378     2.6019    24.7445   13.74199 2.5083e+01 0.0000e+00
         45  46.462164    0.00306     0.1833     11.000      0.605  50917.391    31.0817     2.6043      0.599    7.70099     2.5997    24.7899   13.73644 2.5935e+01 0.0000e+00
         46  46.462167    0.00313     0.1875     11.250      0.585  50942.512    31.0938     2.6019      0.579    7.70058     2.5973    24.7997   13.73547 2.6144e+01 0.0000e+00
         47  46.462170    0.00319     0.1917     11.500      0.579  50934.748    31.0855     2.5997      0.574    7.70129     2.5943    24.7932   13.73669 2.5652e+01 0.0000e+00
         48  46.462173    0.00326     0.1958     11.750      0.596  50935.150    31.0836     2.5973      0.591    7.70176     2.5908    24.7918   13.73745 2.4594e+01 0.0000e+00
         49  46.462176    0.00333     0.2000     12.000      0.637  50973.796    31.1079     2.5944      0.631    7.70100     2.5870    24.8115   13.73584 2.3362e+01 0.0000e+00
         50  46.462179    0.00340     0.2042     12.250      0.698  51044.589    31.1540     2.5908      0.691    7.69922     2.5831    24.8485   13.73227 2.2563e+01 0.0000e+00
         51  46.462182    0.00347     0.2083     12.500      0.767  51111.838    31.1979     2.5870      0.760    7.69763     2.5793    24.8838   13.72905 2.2389e+01 0.0000e+00
         52  46.462185    0.00354     0.2125     12.750      0.830  51157.961    31.2276     2.5831      0.822    7.69679     2.5754    24.9079   13.72727 2.2560e+01 0.0000e+00
         53  46.462187    0.00361     0.2167     13.000      0.875  51188.490    31.2470     2.5793      0.867    7.69650     2.5715    24.9237   13.72653 2.2874e+01 0.0000e+00
         54  46.462190    0.00368     0.2208     13.250      0.897  51209.723    31.2602     2.5755      0.889    7.69655     2.5679    24.9345   13.72643 2.3377e+01 0.0000e+00
         55  46.462193    0.00375     0.2250     13.500      0.896  51225.187    31.2695     2.5716      0.888    7.69681     2.5649    24.9422   13.72673 2.4154e+01 0.0000e+00
         56  46.462196    0.00382     0.2292     13.750      0.877  51236.655    31.2762     2.5679      0.869    7.69716     2.5630    24.9479   13.72722 2.5116e+01 0.0000e+00
         57  46.462199    0.00389     0.2333     14.000      0.849  51244.919    31.2809     2.5650      0.841    7.69748     2.5621    24.9519   13.72768 2.5957e+01 0.0000e+00
         58  46.462202    0.00396     0.2375     14.250      0.819  51250.097    31.2839     2.5630      0.811    7.69770     2.5618    24.9544   13.72800 2.6491e+01 0.0000e+00
         59  46.462205    0.00403     0.2417     14.500      0.792  51252.577    31.2854     2.5621      0.784    7.69779     2.5617    24.9556   13.72814 2.6911e+01 0.0000e+00
         60  46.462208    0.00410     0.2458     14.750      0.771  51253.181    31.2857     2.5618      0.764    7.69783     2.5615    24.9559   13.72820 2.7264e+01 0.0000e+00
         61  46.462211    0.00417     0.2500     15.000      0.757  51252.794    31.2854     2.5617      0.751    7.69787     2.5610    24.9557   13.72827 2.7318e+01 0.0000e+00
         62  46.462214    0.00424     0.2542     15.250      0.750  51252.132    31.2849     2.5615      0.743    7.69795     2.5602    24.9553   13.72840 2.7081e+01 0.0000e+00
         63  46.462216    0.00431     0.2583     15.500      0.748  51251.549    31.2843     2.5610      0.742    7.69807     2.5591    24.9549   13.72861 2.6749e+01 0.0000e+00
         64  46.462219    0.00438     0.2625     15.750      0.751  51251.012    31.2838     2.5602      0.744    7.69824     2.5579    24.9545   13.72891 2.6337e+01 0.0000e+00
         65  46.462222    0.00444     0.2667     16.000      0.756  51250.182    31.2829     2.5592      0.749    7.69849     2.5565    24.9539   13.72932 2.5868e+01 0.0000e+00
         66  46.462225    0.00451     0.2708     16.250      0.760  51248.592    31.2815     2.5579      0.753    7.69881     2.5551    24.9528   13.72986 2.5618e+01 0.0000e+00
         67  46.462228    0.00458     0.2750     16.500      0.758  51246.222    31.2795     2.5565      0.751    7.69918     2.5537    24.9514   13.73050 2.5723e+01 0.0000e+00
         68  46.462231    0.00465     0.2792     16.750      0.746  51244.270    31.2778     2.5552      0.739    7.69953     2.5522    24.9501   13.73111 2.5972e+01 0.0000e+00
         69  46.462234    0.00472     0.2833     17.000      0.723  51244.578    31.2777     2.5538      0.716    7.69980     2.5503    24.9501   13.73157 2.6134e+01 0.0000e+00
         70  46.462237    0.00479     0.2875     17.250      0.693  51247.147    31.2790     2.5522      0.686    7.70004     2.5483    24.9513   13.73194 2.6212e+01 0.0000e+00
         71  46.462240    0.00486     0.2917     17.500      0.666  51249.901    31.2804     2.5504      0.659    7.70032     2.5463    24.9526   13.73238 2.6232e+01 0.0000e+00
         72  46.462242    0.00493     0.2958     17.750      0.652  51251.689    31.2811     2.5484      0.646    7.70067     2.5445    24.9532   13.73295 2.6203e+01 0.0000e+00
         73  46.462245    0.00500     0.3000     18.000      0.660  51252.841    31.2813     2.5464      0.654    7.70104     2.5428    24.9536   13.73356 2.6240e+01 0.0000e+00
         74  46.462248    0.00507     0.3042     18.250      0.691  51253.570    31.2813     2.5445      0.685    7.70141     2.5414    24.9537   13.73417 2.6130e+01 0.0000e+00
         75  46.462251    0.00514     0.3083     18.500      0.739  51253.889    31.2810     2.5428      0.732    7.70174     2.5401    24.9536   13.73472 2.5611e+01 0.0000e+00
         76  46.462254    0.00521     0.3125     18.750      0.794  51254.369    31.2809     2.5414      0.786    7.70202     2.5388    24.9536   13.73519 2.4974e+01 0.0000e+00
         77  46.462257    0.00528     0.3167     19.000      0.844  51255.875    31.2815     2.5401      0.836    7.70224     2.5374    24.9543   13.73553 2.4679e+01 0.0000e+00
         78  46.462260    0.00535     0.3208     19.250      0.881  51258.250    31.2827     2.5389      0.873    7.70242     2.5361    24.9553   13.73581 2.4767e+01 0.0000e+00
         79  46.462263    0.00542     0.3250     19.500      0.900  51260.786    31.2840     2.5375      0.891    7.70261     2.5353    24.9565   13.73611 2.5060e+01 0.0000e+00
         80  46.462266    0.00549     0.3292     19.750      0.899  51263.673    31.2856     2.5362      0.891    7.70278     2.5357    24.9578   13.73637 2.5556e+01 0.0000e+00
         81  46.462269    0.00556     0.3333     20.000      0.882  51267.184    31.2878     2.5354      0.873    7.70283     2.5380    24.9596   13.73642 2.6209e+01 0.0000e+00
         82  46.462271    0.00562     0.3375     20.250      0.853  51270.365    31.2900     2.5358      0.845    7.70264     2.5424    24.9614   13.73607 2.6792e+01 0.0000e+00
         83  46.462274    0.00569     0.3417     20.500      0.821  51271.732    31.2916     2.5381      0.814    7.70210     2.5482    24.9625   13.73517 2.7131e+01 0.0000e+00
         84  46.462277    0.00576     0.3458     20.750      0.793  51270.099    31.2917     2.5425      0.786    7.70125     2.5542    24.9622   13.73376 2.7216e+01 0.0000e+00
         85  46.462280    0.00583     0.3500     21.000      0.775  51264.622    31.2896     2.5482      0.767    7.70025     2.5596    24.9601   13.73214 2.7089e+01 0.0000e+00
         86  46.462283    0.00590     0.3542     21.250      0.767  51255.122    31.2849     2.5543      0.760    7.69933     2.5636    24.9559   13.73070 2.6855e+01 0.0000e+00
         87  46.462286    0.00597     0.3583     21.500      0.767  51242.432    31.2778     2.5596      0.760    7.69867     2.5658    24.9498   13.72969 2.6700e+01 0.0000e+00
         88  46.462289    0.00604     0.3625     21.750      0.767  51229.580    31.2702     2.5636      0.760    7.69830     2.5662    24.9434   13.72918 2.6690e+01 0.0000e+00
         89  46.462292    0.00611     0.3667     22.000      0.762  51221.549    31.2654     2.5658      0.755    7.69812     2.5658    24.9394   13.72895 2.6733e+01 0.0000e+00
         90  46.462295    0.00618     0.3708     22.250      0.748  51221.896    31.2658     2.5663      0.741    7.69802     2.5664    24.9397   13.72878 2.6710e+01 0.0000e+00
