CTD-processing/allCTD/CNV--turbid/2014_11-25_t9_s01_cast162.cnv
* Sea-Bird SBE19plus Data File:
* FileName = C:\Users\kris.holderied\Documents\kasitsna\Research-Projects-and-Data\Oceanography-AK\CTD-Data-ALL-to-2014-10\2014-CTD-KachemakBay-CookInlet\2014-11-25-CookInlet-HomerSpit-monthly\2014-11-25-CookInlet-Tran9-cast162.hex
* Software Version 1.59
* Temperature SN =  4141
* Conductivity SN =  4141
* System UpLoad Time = Dec 16 2014 19:45:35
** Cook Inlet LTM Tran9 (Homer Spit)
** Date: 11-25
** Station: 9-01
** Start time:  16:06
** Depth (m): 68.6
** Comment:  CTD time was left on AKDT by mistake and is one hour ahead of local Alaska Standard time.
** Comment: On Kasitsna Bay Lab R/V Banacle.
# nquan = 16
# nvalues = 563                         
# units = specified
# name 0 = scan: Scan Count
# name 1 = timeJ: Julian Days
# name 2 = timeH: Time, Elapsed [hours]
# name 3 = timeM: Time, Elapsed [minutes]
# name 4 = timeS: Time, Elapsed [seconds]
# name 5 = prdM: Pressure, Strain Gauge [db]
# name 6 = specc: Specific Conductance [uS/cm]
# name 7 = sal00: Salinity, Practical [PSU]
# name 8 = tv290C: Temperature [ITS-90, deg C]
# name 9 = depSM: Depth [salt water, m], lat = 59.00
# name 10 = oxsolML/L: Oxygen Saturation, Garcia & Gordon [ml/l]
# name 11 = potemp090C: Potential Temperature [ITS-90, deg C]
# name 12 = sigma-é00: Density [sigma-theta, kg/m^3]
# name 13 = n2satML/L: Nitrogen Saturation [ml/l]
# name 14 = par: PAR/Irradiance, Biospherical/Licor
# name 15 = flag:  0.000e+00
# span 0 =          1,        563       
# span 1 = 329.714190, 329.715816       
# span 2 =    0.00000,    0.03903       
# span 3 =     0.0000,     2.3417       
# span 4 =      0.000,    140.500       
# span 5 =      0.044,     67.229       
# span 6 =   3896.458,  48638.438       
# span 7 =     2.0128,    30.6945       
# span 8 =     6.5422,     8.7007       
# span 9 =      0.044,     66.590       
# span 10 =    6.68121,    8.44623      
# span 11 =     6.5548,     8.6940      
# span 12 =     1.5136,    23.7980      
# span 13 =   12.05594,   15.39056      
# span 14 = 3.6382e-02, 1.5712e+01      
# span 15 = 0.0000e+00, 0.0000e+00      
# interval = seconds: 0.25
# start_time = Nov 25 2014 17:08:26 [Instrument's time stamp, header]
# bad_flag = -9.990e-29
*END*
[from data line 181]
        182 329.714714    0.01257     0.7542     45.250      0.975  48124.032    30.2472     7.8998      0.966    6.82298     7.8835    23.5576   12.29616 6.1158e+00 0.0000e+00
        183 329.714716    0.01264     0.7583     45.500      0.959  48135.469    30.2541     7.8926      0.950    6.82380     7.8762    23.5639   12.29742 6.1210e+00 0.0000e+00
        184 329.714719    0.01271     0.7625     45.750      0.952  48156.183    30.2671     7.8836      0.943    6.82461     7.8727    23.5754   12.29860 6.1023e+00 0.0000e+00
        185 329.714722    0.01278     0.7667     46.000      0.957  48179.083    30.2819     7.8763      0.948    6.82509     7.8739    23.5880   12.29922 6.0891e+00 0.0000e+00
        186 329.714725    0.01285     0.7708     46.250      0.972  48196.110    30.2932     7.8728      0.963    6.82512     7.8794    23.5974   12.29913 6.0255e+00 0.0000e+00
        187 329.714728    0.01292     0.7750     46.500      0.993  48201.749    30.2973     7.8740      0.984    6.82475     7.8871    23.6005   12.29846 5.9206e+00 0.0000e+00
        188 329.714731    0.01299     0.7792     46.750      1.012  48194.285    30.2930     7.8795      1.002    6.82410     7.8940    23.5963   12.29744 5.8663e+00 0.0000e+00
        189 329.714734    0.01306     0.7833     47.000      1.023  48176.150    30.2815     7.8872      1.013    6.82341     7.8971    23.5862   12.29644 5.8760e+00 0.0000e+00
        190 329.714737    0.01313     0.7875     47.250      1.021  48154.452    30.2675     7.8941      1.011    6.82297     7.8948    23.5743   12.29589 5.9097e+00 0.0000e+00
        191 329.714740    0.01319     0.7917     47.500      1.006  48138.440    30.2568     7.8972      0.996    6.82296     7.8874    23.5655   12.29600 5.9374e+00 0.0000e+00
        192 329.714742    0.01326     0.7958     47.750      0.983  48135.411    30.2544     7.8949      0.974    6.82343     7.8784    23.5639   12.29681 5.9329e+00 0.0000e+00
        193 329.714745    0.01333     0.8000     48.000      0.960  48147.624    30.2618     7.8875      0.951    6.82424     7.8724    23.5707   12.29807 5.9078e+00 0.0000e+00
        194 329.714748    0.01340     0.8042     48.250      0.946  48170.899    30.2766     7.8785      0.937    6.82498     7.8726    23.5835   12.29910 5.8882e+00 0.0000e+00
        195 329.714751    0.01347     0.8083     48.500      0.949  48196.707    30.2936     7.8725      0.940    6.82515     7.8798    23.5977   12.29917 5.8590e+00 0.0000e+00
        196 329.714754    0.01354     0.8125     48.750      0.970  48215.867    30.3070     7.8727      0.960    6.82454     7.8923    23.6082   12.29799 5.8201e+00 0.0000e+00
        197 329.714757    0.01361     0.8167     49.000      1.000  48221.536    30.3120     7.8799      0.990    6.82320     7.9060    23.6111   12.29570 5.7770e+00 0.0000e+00
        198 329.714760    0.01368     0.8208     49.250      1.028  48209.694    30.3056     7.8924      1.018    6.82153     7.9162    23.6044   12.29303 5.7554e+00 0.0000e+00
        199 329.714763    0.01375     0.8250     49.500      1.041  48182.315    30.2887     7.9061      1.031    6.82016     7.9192    23.5892   12.29097 5.7980e+00 0.0000e+00
        200 329.714766    0.01382     0.8292     49.750      1.034  48151.699    30.2689     7.9163      1.024    6.81945     7.9139    23.5723   12.29004 5.8879e+00 0.0000e+00
        201 329.714769    0.01389     0.8333     50.000      1.007  48134.153    30.2572     7.9193      0.998    6.81951     7.9036    23.5627   12.29028 5.9510e+00 0.0000e+00
        202 329.714771    0.01396     0.8375     50.250      0.970  48137.803    30.2589     7.9140      0.961    6.82025     7.8939    23.5648   12.29149 5.9710e+00 0.0000e+00
        203 329.714774    0.01403     0.8417     50.500      0.935  48159.105    30.2722     7.9037      0.927    6.82126     7.8895    23.5767   12.29300 5.9619e+00 0.0000e+00
        204 329.714777    0.01410     0.8458     50.750      0.916  48187.663    30.2906     7.8940      0.907    6.82194     7.8923    23.5924   12.29389 5.8591e+00 0.0000e+00
        205 329.714780    0.01417     0.8500     51.000      0.915  48211.636    30.3066     7.8896      0.907    6.82192     7.9020    23.6056   12.29366 5.6849e+00 0.0000e+00
        206 329.714783    0.01424     0.8542     51.250      0.933  48223.752    30.3154     7.8924      0.924    6.82110     7.9160    23.6121   12.29218 5.5802e+00 0.0000e+00
        207 329.714786    0.01431     0.8583     51.500      0.960  48221.691    30.3155     7.9021      0.951    6.81958     7.9300    23.6108   12.28968 5.6012e+00 0.0000e+00
        208 329.714789    0.01438     0.8625     51.750      0.987  48204.044    30.3053     7.9161      0.978    6.81787     7.9407    23.6009   12.28697 5.6694e+00 0.0000e+00
        209 329.714792    0.01444     0.8667     52.000      1.005  48173.474    30.2862     7.9301      0.996    6.81653     7.9458    23.5840   12.28500 5.7208e+00 0.0000e+00
        210 329.714795    0.01451     0.8708     52.250      1.010  48139.708    30.2643     7.9408      1.001    6.81584     7.9439    23.5653   12.28412 5.7780e+00 0.0000e+00
        211 329.714797    0.01458     0.8750     52.500      1.003  48114.155    30.2473     7.9459      0.994    6.81581     7.9355    23.5513   12.28428 5.8308e+00 0.0000e+00
        212 329.714800    0.01465     0.8792     52.750      0.989  48103.842    30.2398     7.9440      0.980    6.81644     7.9239    23.5457   12.28542 5.8522e+00 0.0000e+00
        213 329.714803    0.01472     0.8833     53.000      0.974  48109.668    30.2426     7.9356      0.965    6.81762     7.9129    23.5490   12.28734 5.8684e+00 0.0000e+00
        214 329.714806    0.01479     0.8875     53.250      0.963  48127.470    30.2533     7.9239      0.954    6.81896     7.9053    23.5590   12.28942 5.8859e+00 0.0000e+00
        215 329.714809    0.01486     0.8917     53.500      0.958  48150.905    30.2679     7.9130      0.950    6.82001     7.9017    23.5720   12.29098 5.8662e+00 0.0000e+00
        216 329.714812    0.01493     0.8958     53.750      0.963  48173.708    30.2826     7.9054      0.954    6.82054     7.9016    23.5846   12.29167 5.7756e+00 0.0000e+00
        217 329.714815    0.01500     0.9000     54.000      0.975  48190.758    30.2939     7.9018      0.966    6.82059     7.9040    23.5940   12.29162 5.6544e+00 0.0000e+00
        218 329.714818    0.01507     0.9042     54.250      0.992  48198.639    30.2994     7.9017      0.982    6.82035     7.9074    23.5983   12.29117 5.5957e+00 0.0000e+00
        219 329.714821    0.01514     0.9083     54.500      1.008  48195.978    30.2979     7.9041      0.998    6.82004     7.9101    23.5968   12.29067 5.6218e+00 0.0000e+00
        220 329.714823    0.01521     0.9125     54.750      1.017  48184.978    30.2908     7.9075      1.008    6.81984     7.9112    23.5907   12.29042 5.6855e+00 0.0000e+00
        221 329.714826    0.01528     0.9167     55.000      1.018  48171.563    30.2818     7.9102      1.008    6.81981     7.9104    23.5833   12.29049 5.7506e+00 0.0000e+00
        222 329.714829    0.01535     0.9208     55.250      1.012  48162.197    30.2755     7.9113      1.002    6.81992     7.9081    23.5782   12.29075 5.8000e+00 0.0000e+00
        223 329.714832    0.01542     0.9250     55.500      1.005  48161.185    30.2747     7.9105      0.996    6.82009     7.9057    23.5776   12.29103 5.8344e+00 0.0000e+00
        224 329.714835    0.01549     0.9292     55.750      1.004  48169.085    30.2798     7.9082      0.995    6.82022     7.9047    23.5820   12.29118 5.8875e+00 0.0000e+00
        225 329.714838    0.01556     0.9333     56.000      1.013  48181.149    30.2879     7.9058      1.004    6.82024     7.9059    23.5886   12.29112 5.9594e+00 0.0000e+00
        226 329.714841    0.01563     0.9375     56.250      1.029  48189.817    30.2937     7.9048      1.019    6.82013     7.9089    23.5934   12.29086 5.9877e+00 0.0000e+00
        227 329.714844    0.01569     0.9417     56.500      1.044  48189.632    30.2938     7.9060      1.035    6.81994     7.9123    23.5932   12.29055 5.9524e+00 0.0000e+00
        228 329.714847    0.01576     0.9458     56.750      1.053  48179.720    30.2873     7.9090      1.043    6.81976     7.9143    23.5878   12.29033 5.9258e+00 0.0000e+00
        229 329.714850    0.01583     0.9500     57.000      1.051  48164.444    30.2772     7.9124      1.041    6.81968     7.9134    23.5794   12.29032 5.9670e+00 0.0000e+00
        230 329.714852    0.01590     0.9542     57.250      1.039  48150.788    30.2680     7.9144      1.029    6.81978     7.9092    23.5719   12.29059 6.0315e+00 0.0000e+00
        231 329.714855    0.01597     0.9583     57.500      1.021  48144.180    30.2633     7.9135      1.012    6.82012     7.9030    23.5683   12.29122 6.0395e+00 0.0000e+00
        232 329.714858    0.01604     0.9625     57.750      1.003  48147.087    30.2647     7.9093      0.994    6.82071     7.8972    23.5700   12.29218 5.9855e+00 0.0000e+00
        233 329.714861    0.01611     0.9667     58.000      0.990  48158.437    30.2716     7.9031      0.981    6.82137     7.8939    23.5763   12.29319 5.9386e+00 0.0000e+00
        234 329.714864    0.01618     0.9708     58.250      0.984  48173.821    30.2814     7.8973      0.974    6.82184     7.8935    23.5848   12.29384 5.9032e+00 0.0000e+00
        235 329.714867    0.01625     0.9750     58.500      0.985  48187.996    30.2908     7.8940      0.976    6.82194     7.8959    23.5926   12.29390 5.8250e+00 0.0000e+00
        236 329.714870    0.01632     0.9792     58.750      0.994  48197.771    30.2976     7.8936      0.985    6.82170     7.9011    23.5979   12.29341 5.7491e+00 0.0000e+00
        237 329.714873    0.01639     0.9833     59.000      1.008  48201.709    30.3007     7.8960      0.998    6.82118     7.9088    23.6000   12.29252 5.7284e+00 0.0000e+00
        238 329.714876    0.01646     0.9875     59.250      1.023  48198.172    30.2990     7.9012      1.013    6.82046     7.9174    23.5980   12.29134 5.7192e+00 0.0000e+00
        239 329.714878    0.01653     0.9917     59.500      1.035  48186.331    30.2919     7.9089      1.026    6.81958     7.9244    23.5914   12.28997 5.7067e+00 0.0000e+00
        240 329.714881    0.01660     0.9958     59.750      1.042  48168.465    30.2808     7.9175      1.032    6.81874     7.9284    23.5814   12.28871 5.7295e+00 0.0000e+00
        241 329.714884    0.01667     1.0000     60.000      1.040  48149.696    30.2688     7.9245      1.030    6.81818     7.9291    23.5711   12.28795 5.7822e+00 0.0000e+00
        242 329.714887    0.01674     1.0042     60.250      1.032  48134.761    30.2590     7.9285      1.022    6.81800     7.9265    23.5629   12.28776 5.8226e+00 0.0000e+00
        243 329.714890    0.01681     1.0083     60.500      1.020  48126.593    30.2535     7.9292      1.010    6.81814     7.9217    23.5584   12.28807 5.8499e+00 0.0000e+00
        244 329.714893    0.01688     1.0125     60.750      1.009  48127.263    30.2535     7.9266      0.999    6.81853     7.9163    23.5588   12.28871 5.8704e+00 0.0000e+00
        245 329.714896    0.01694     1.0167     61.000      1.003  48136.530    30.2592     7.9218      0.993    6.81902     7.9116    23.5640   12.28945 5.8472e+00 0.0000e+00
        246 329.714899    0.01701     1.0208     61.250      1.003  48150.681    30.2683     7.9164      0.994    6.81946     7.9083    23.5718   12.29007 5.7784e+00 0.0000e+00
        247 329.714902    0.01708     1.0250     61.500      1.009  48164.830    30.2774     7.9117      1.000    6.81978     7.9065    23.5796   12.29049 5.7181e+00 0.0000e+00
        248 329.714905    0.01715     1.0292     61.750      1.019  48175.452    30.2843     7.9084      1.010    6.81998     7.9056    23.5855   12.29073 5.7023e+00 0.0000e+00
        249 329.714907    0.01722     1.0333     62.000      1.029  48180.868    30.2878     7.9066      1.020    6.82011     7.9051    23.5885   12.29090 5.7186e+00 0.0000e+00
        250 329.714910    0.01729     1.0375     62.250      1.037  48181.031    30.2877     7.9057      1.028    6.82025     7.9048    23.5886   12.29114 5.7547e+00 0.0000e+00
        251 329.714913    0.01736     1.0417     62.500      1.041  48177.301    30.2851     7.9052      1.032    6.82045     7.9048    23.5865   12.29150 5.8031e+00 0.0000e+00
        252 329.714916    0.01743     1.0458     62.750      1.042  48171.678    30.2811     7.9049      1.032    6.82067     7.9049    23.5835   12.29191 5.8240e+00 0.0000e+00
        253 329.714919    0.01750     1.0500     63.000      1.039  48165.908    30.2771     7.9049      1.029    6.82085     7.9050    23.5803   12.29227 5.8091e+00 0.0000e+00
        254 329.714922    0.01757     1.0542     63.250      1.034  48161.066    30.2737     7.9050      1.025    6.82098     7.9047    23.5777   12.29252 5.7836e+00 0.0000e+00
        255 329.714925    0.01764     1.0583     63.500      1.029  48157.738    30.2714     7.9051      1.020    6.82108     7.9039    23.5759   12.29270 5.7584e+00 0.0000e+00
        256 329.714928    0.01771     1.0625     63.750      1.025  48156.199    30.2703     7.9048      1.015    6.82117     7.9029    23.5750   12.29287 5.7613e+00 0.0000e+00
        257 329.714931    0.01778     1.0667     64.000      1.022  48156.471    30.2704     7.9040      1.012    6.82128     7.9018    23.5752   12.29306 5.8142e+00 0.0000e+00
        258 329.714933    0.01785     1.0708     64.250      1.019  48158.764    30.2719     7.9030      1.010    6.82138     7.9013    23.5765   12.29321 5.8757e+00 0.0000e+00
        259 329.714936    0.01792     1.0750     64.500      1.019  48163.783    30.2752     7.9019      1.009    6.82140     7.9021    23.5792   12.29320 5.8728e+00 0.0000e+00
        260 329.714939    0.01799     1.0792     64.750      1.021  48172.508    30.2812     7.9014      1.011    6.82121     7.9049    23.5840   12.29281 5.8062e+00 0.0000e+00
        261 329.714942    0.01806     1.0833     65.000      1.028  48185.705    30.2905     7.9022      1.018    6.82068     7.9108    23.5912   12.29181 5.7429e+00 0.0000e+00
        262 329.714945    0.01812     1.0875     65.250      1.038  48203.447    30.3032     7.9050      1.028    6.81967     7.9210    23.6008   12.28998 5.7151e+00 0.0000e+00
        263 329.714948    0.01819     1.0917     65.500      1.049  48225.698    30.3196     7.9109      1.039    6.81803     7.9373    23.6128   12.28706 5.7067e+00 0.0000e+00
        264 329.714951    0.01826     1.0958     65.750      1.056  48254.719    30.3413     7.9211      1.046    6.81549     7.9609    23.6284   12.28258 5.6843e+00 0.0000e+00
        265 329.714954    0.01833     1.1000     66.000      1.055  48286.135    30.3657     7.9374      1.045    6.81188     7.9889    23.6452   12.27630 5.6628e+00 0.0000e+00
        266 329.714957    0.01840     1.1042     66.250      1.046  48303.128    30.3811     7.9610      1.036    6.80755     8.0158    23.6540   12.26895 5.6753e+00 0.0000e+00
        267 329.714959    0.01847     1.1083     66.500      1.030  48297.932    30.3817     7.9890      1.020    6.80318     8.0376    23.6506   12.26171 5.6851e+00 0.0000e+00
        268 329.714962    0.01854     1.1125     66.750      1.013  48280.428    30.3736     8.0159      1.003    6.79938     8.0533    23.6405   12.25552 5.6629e+00 0.0000e+00
        269 329.714965    0.01861     1.1167     67.000      0.999  48261.762    30.3639     8.0377      0.990    6.79645     8.0639    23.6299   12.25079 5.6277e+00 0.0000e+00
        270 329.714968    0.01868     1.1208     67.250      0.992  48246.705    30.3557     8.0534      0.983    6.79438     8.0708    23.6213   12.24747 5.6043e+00 0.0000e+00
        271 329.714971    0.01875     1.1250     67.500      0.992  48235.687    30.3497     8.0640      0.982    6.79301     8.0750    23.6151   12.24527 5.6033e+00 0.0000e+00
