CTD-processing/allCTD/CNV--turbid/2014_02-17_t7_s20_cast216.cnv
* Sea-Bird SBE19plus Data File:
* FileName = C:\Users\kris.holderied\Documents\kasitsna\Research-Projects-and-Data\Oceanography-AK\CTD-CookInlet-GulfWatchAK\2014-02-EVOSTC-CookInlet-LTM-BATCH-UPLOAD\2014-02-CookInlet-Seasonal-cast216.hex
* Software Version 1.59
* Temperature SN =  5028
* Conductivity SN =  5028
* System UpLoad Time = Apr 09 2014 20:41:15
** Cook Inlet LTM 2014 February Seasonal - Batch upload
** Date: 2014-02-17
** Station: 7-20
** Start time: 11:34
** Depth (m): 81
** CoComment:
** Comment:
# nquan = 16
# nvalues = 605                         
# units = specified
# name 0 = scan: Scan Count
# name 1 = timeJ: Julian Days
# name 2 = timeH: Time, Elapsed [hours]
# name 3 = timeM: Time, Elapsed [minutes]
# name 4 = timeS: Time, Elapsed [seconds]
# name 5 = prdM: Pressure, Strain Gauge [db]
# name 6 = specc: Specific Conductance [uS/cm]
# name 7 = sal00: Salinity, Practical [PSU]
# name 8 = tv290C: Temperature [ITS-90, deg C]
# name 9 = depSM: Depth [salt water, m], lat = 59.00
# name 10 = oxsolML/L: Oxygen Saturation, Garcia & Gordon [ml/l]
# name 11 = potemp090C: Potential Temperature [ITS-90, deg C]
# name 12 = sigma-é00: Density [sigma-theta, kg/m^3]
# name 13 = n2satML/L: Nitrogen Saturation [ml/l]
# name 14 = par: PAR/Irradiance, Biospherical/Licor
# name 15 = flag:  0.000e+00
# span 0 =          1,        605       
# span 1 =  48.481736,  48.483484       
# span 2 =    0.00000,    0.04194       
# span 3 =     0.0000,     2.5167       
# span 4 =      0.000,    151.000       
# span 5 =     -0.334,     81.404       
# span 6 =   1631.426,  51460.993       
# span 7 =     0.7813,    31.9128       
# span 8 =     1.1025,     4.9210       
# span 9 =     -0.331,     80.627       
# span 10 =    7.23485,    9.86651      
# span 11 =     1.1025,     4.9152      
# span 12 =     0.5432,    25.2806      
# span 13 =   12.95600,   17.80046      
# span 14 = 3.8096e-02, 7.8088e+01      
# span 15 = 0.0000e+00, 0.0000e+00      
# interval = seconds: 0.25
# start_time = Feb 17 2014 11:33:42 [Instrument's time stamp, header]
# bad_flag = -9.990e-29
*END*
[from data line 91]
         92  48.481999    0.00632     0.3792     22.750      0.483  50828.326    31.5320     4.7377      0.479    7.28512     4.6556    24.9546   13.04383 2.9954e+01 0.0000e+00
         93  48.482002    0.00639     0.3833     23.000      0.563  50778.147    31.4909     4.7077      0.558    7.29240     4.5940    24.9251   13.05638 2.9579e+01 0.0000e+00
         94  48.482005    0.00646     0.3875     23.250      0.628  50821.403    31.5088     4.6557      0.622    7.30067     4.5444    24.9447   13.06980 2.9413e+01 0.0000e+00
         95  48.482008    0.00653     0.3917     23.500      0.673  50934.465    31.5725     4.5941      0.666    7.30838     4.5224    25.0015   13.08171 2.9443e+01 0.0000e+00
         96  48.482011    0.00660     0.3958     23.750      0.697  51065.015    31.6508     4.5444      0.691    7.31329     4.5316    25.0687   13.08880 2.9456e+01 0.0000e+00
         97  48.482014    0.00667     0.4000     24.000      0.708  51169.724    31.7175     4.5224      0.702    7.31389     4.5643    25.1240   13.08893 2.9328e+01 0.0000e+00
         98  48.482017    0.00674     0.4042     24.250      0.713  51226.809    31.7588     4.5316      0.707    7.31023     4.6071    25.1557   13.08236 2.9082e+01 0.0000e+00
         99  48.482020    0.00681     0.4083     24.500      0.718  51229.453    31.7680     4.5643      0.711    7.30402     4.6490    25.1597   13.07198 2.8827e+01 0.0000e+00
        100  48.482023    0.00688     0.4125     24.750      0.726  51184.827    31.7471     4.6071      0.719    7.29749     4.6832    25.1387   13.06148 2.8576e+01 0.0000e+00
        101  48.482025    0.00694     0.4167     25.000      0.741  51111.917    31.7066     4.6490      0.734    7.29212     4.7062    25.1022   13.05313 2.8347e+01 0.0000e+00
        102  48.482028    0.00701     0.4208     25.250      0.767  51026.585    31.6557     4.6832      0.759    7.28860     4.7154    25.0584   13.04798 2.8315e+01 0.0000e+00
        103  48.482031    0.00708     0.4250     25.500      0.805  50930.897    31.5952     4.7062      0.798    7.28752     4.7078    25.0080   13.04699 2.8436e+01 0.0000e+00
        104  48.482034    0.00715     0.4292     25.750      0.855  50830.956    31.5287     4.7154      0.848    7.28916     4.6802    24.9543   13.05054 2.8501e+01 0.0000e+00
        105  48.482037    0.00722     0.4333     26.000      0.915  50758.802    31.4776     4.7079      0.906    7.29299     4.6332    24.9145   13.05753 2.8478e+01 0.0000e+00
        106  48.482040    0.00729     0.4375     26.250      0.979  50747.788    31.4638     4.6803      0.970    7.29853     4.5765    24.9065   13.06685 2.8387e+01 0.0000e+00
        107  48.482043    0.00736     0.4417     26.500      1.042  50799.985    31.4890     4.6333      1.032    7.30557     4.5249    24.9313   13.07815 2.8298e+01 0.0000e+00
        108  48.482046    0.00743     0.4458     26.750      1.094  50890.120    31.5380     4.5766      1.084    7.31316     4.4897    24.9760   13.09005 2.8386e+01 0.0000e+00
        109  48.482049    0.00750     0.4500     27.000      1.130  50991.833    31.5961     4.5250      1.119    7.31941     4.4760    25.0273   13.09962 2.8759e+01 0.0000e+00
        110  48.482052    0.00757     0.4542     27.250      1.146  51089.455    31.6549     4.4897      1.135    7.32274     4.4857    25.0777   13.10436 2.9272e+01 0.0000e+00
        111  48.482054    0.00764     0.4583     27.500      1.145  51166.875    31.7049     4.4760      1.134    7.32270     4.5160    25.1187   13.10364 2.9589e+01 0.0000e+00
        112  48.482057    0.00771     0.4625     27.750      1.130  51208.332    31.7355     4.4857      1.120    7.31948     4.5581    25.1420   13.09793 2.9603e+01 0.0000e+00
        113  48.482060    0.00778     0.4667     28.000      1.109  51209.408    31.7431     4.5160      1.098    7.31375     4.6014    25.1449   13.08837 2.9476e+01 0.0000e+00
        114  48.482063    0.00785     0.4708     28.250      1.087  51171.042    31.7265     4.5582      1.077    7.30713     4.6368    25.1274   13.07765 2.9340e+01 0.0000e+00
        115  48.482066    0.00792     0.4750     28.500      1.074  51093.777    31.6833     4.6014      1.064    7.30163     4.6578    25.0887   13.06913 2.9198e+01 0.0000e+00
        116  48.482069    0.00799     0.4792     28.750      1.082  50981.776    31.6145     4.6368      1.072    7.29877     4.6599    25.0305   13.06530 2.8856e+01 0.0000e+00
        117  48.482072    0.00806     0.4833     29.000      1.119  50857.303    31.5339     4.6579      1.108    7.29902     4.6404    24.9644   13.06675 2.8250e+01 0.0000e+00
        118  48.482075    0.00813     0.4875     29.250      1.184  50762.940    31.4696     4.6599      1.173    7.30181     4.6024    24.9132   13.07219 2.7623e+01 0.0000e+00
        119  48.482078    0.00819     0.4917     29.500      1.271  50727.523    31.4410     4.6405      1.259    7.30663     4.5546    24.8925   13.08053 2.7130e+01 0.0000e+00
        120  48.482080    0.00826     0.4958     29.750      1.368  50748.311    31.4467     4.6025      1.356    7.31305     4.5059    24.9009   13.09106 2.6739e+01 0.0000e+00
        121  48.482083    0.00833     0.5000     30.000      1.463  50805.778    31.4753     4.5547      1.450    7.32009     4.4622    24.9285   13.10231 2.6394e+01 0.0000e+00
        122  48.482086    0.00840     0.5042     30.250      1.547  50880.842    31.5156     4.5060      1.532    7.32671     4.4271    24.9655   13.11271 2.6126e+01 0.0000e+00
        123  48.482089    0.00847     0.5083     30.500      1.611  50961.187    31.5607     4.4623      1.596    7.33224     4.4042    25.0057   13.12126 2.6051e+01 0.0000e+00
        124  48.482092    0.00854     0.5125     30.750      1.654  51038.735    31.6058     4.4273      1.639    7.33622     4.3958    25.0450   13.12725 2.6234e+01 0.0000e+00
        125  48.482095    0.00861     0.5167     31.000      1.678  51103.614    31.6450     4.4043      1.662    7.33835     4.4025    25.0784   13.13026 2.6604e+01 0.0000e+00
        126  48.482098    0.00868     0.5208     31.250      1.689  51145.839    31.6720     4.3959      1.673    7.33851     4.4231    25.1007   13.13017 2.7020e+01 0.0000e+00
        127  48.482101    0.00875     0.5250     31.500      1.696  51166.929    31.6879     4.4027      1.680    7.33653     4.4553    25.1127   13.12669 2.7271e+01 0.0000e+00
        128  48.482104    0.00882     0.5292     31.750      1.704  51174.678    31.6979     4.4233      1.688    7.33238     4.4950    25.1185   13.11971 2.7239e+01 0.0000e+00
        129  48.482106    0.00889     0.5333     32.000      1.719  51164.095    31.6980     4.4554      1.702    7.32668     4.5350    25.1153   13.11029 2.7051e+01 0.0000e+00
        130  48.482109    0.00896     0.5375     32.250      1.742  51113.498    31.6724     4.4951      1.725    7.32092     4.5673    25.0910   13.10112 2.6832e+01 0.0000e+00
        131  48.482112    0.00903     0.5417     32.500      1.774  51014.404    31.6136     4.5351      1.757    7.31673     4.5852    25.0402   13.09497 2.6565e+01 0.0000e+00
        132  48.482115    0.00910     0.5458     32.750      1.815  50897.501    31.5408     4.5674      1.798    7.31462     4.5841    24.9792   13.09242 2.6257e+01 0.0000e+00
        133  48.482118    0.00917     0.5500     33.000      1.860  50805.167    31.4816     4.5853      1.843    7.31436     4.5627    24.9304   13.09277 2.6019e+01 0.0000e+00
        134  48.482121    0.00924     0.5542     33.250      1.901  50761.435    31.4514     4.5842      1.883    7.31604     4.5277    24.9066   13.09593 2.5956e+01 0.0000e+00
        135  48.482124    0.00931     0.5583     33.500      1.930  50775.728    31.4563     4.5628      1.911    7.31958     4.4923    24.9127   13.10171 2.6069e+01 0.0000e+00
        136  48.482127    0.00937     0.5625     33.750      1.939  50843.989    31.4952     4.5278      1.920    7.32385     4.4688    24.9471   13.10826 2.6305e+01 0.0000e+00
        137  48.482130    0.00944     0.5667     34.000      1.927  50948.572    31.5588     4.4924      1.909    7.32699     4.4658    25.0011   13.11262 2.6607e+01 0.0000e+00
        138  48.482133    0.00951     0.5708     34.250      1.898  51063.713    31.6323     4.4689      1.880    7.32753     4.4866    25.0618   13.11255 2.6951e+01 0.0000e+00
        139  48.482135    0.00958     0.5750     34.500      1.858  51162.182    31.6991     4.4659      1.841    7.32479     4.5274    25.1150   13.10717 2.7370e+01 0.0000e+00
        140  48.482138    0.00965     0.5792     34.750      1.816  51225.957    31.7475     4.4867      1.800    7.31874     4.5785    25.1513   13.09654 2.7832e+01 0.0000e+00
        141  48.482141    0.00972     0.5833     35.000      1.784  51248.570    31.7723     4.5275      1.767    7.31032     4.6300    25.1668   13.08232 2.8212e+01 0.0000e+00
        142  48.482144    0.00979     0.5875     35.250      1.767  51231.166    31.7719     4.5786      1.751    7.30132     4.6749    25.1613   13.06747 2.8357e+01 0.0000e+00
        143  48.482147    0.00986     0.5917     35.500      1.771  51179.979    31.7485     4.6301      1.755    7.29340     4.7097    25.1374   13.05470 2.8217e+01 0.0000e+00
        144  48.482150    0.00993     0.5958     35.750      1.798  51102.216    31.7052     4.6751      1.782    7.28761     4.7333    25.0985   13.04571 2.7919e+01 0.0000e+00
        145  48.482153    0.01000     0.6000     36.000      1.844  51003.458    31.6453     4.7098      1.827    7.28443     4.7467    25.0473   13.04124 2.7516e+01 0.0000e+00
        146  48.482156    0.01007     0.6042     36.250      1.903  50892.061    31.5742     4.7334      1.885    7.28376     4.7517    24.9885   13.04106 2.6967e+01 0.0000e+00
        147  48.482159    0.01014     0.6083     36.500      1.967  50786.174    31.5045     4.7468      1.949    7.28481     4.7497    24.9319   13.04369 2.6312e+01 0.0000e+00
        148  48.482161    0.01021     0.6125     36.750      2.031  50710.150    31.4535     4.7518      2.012    7.28643     4.7427    24.8909   13.04702 2.5734e+01 0.0000e+00
        149  48.482164    0.01028     0.6167     37.000      2.089  50683.291    31.4347     4.7499      2.069    7.28769     4.7342    24.8762   13.04934 2.5439e+01 0.0000e+00
        150  48.482167    0.01035     0.6208     37.250      2.139  50708.153    31.4501     4.7428      2.119    7.28817     4.7291    24.8892   13.04993 2.5416e+01 0.0000e+00
        151  48.482170    0.01042     0.6250     37.500      2.181  50766.848    31.4885     4.7344      2.161    7.28778     4.7301    24.9205   13.04879 2.5501e+01 0.0000e+00
        152  48.482173    0.01049     0.6292     37.750      2.215  50833.169    31.5328     4.7293      2.194    7.28651     4.7370    24.9561   13.04612 2.5597e+01 0.0000e+00
        153  48.482176    0.01056     0.6333     38.000      2.240  50886.304    31.5695     4.7303      2.219    7.28454     4.7477    24.9851   13.04239 2.5703e+01 0.0000e+00
        154  48.482179    0.01063     0.6375     38.250      2.257  50917.212    31.5922     4.7372      2.236    7.28222     4.7593    25.0023   13.03826 2.5875e+01 0.0000e+00
        155  48.482182    0.01069     0.6417     38.500      2.266  50927.283    31.6014     4.7479      2.245    7.27989     4.7695    25.0086   13.03431 2.6148e+01 0.0000e+00
        156  48.482185    0.01076     0.6458     38.750      2.265  50922.067    31.6004     4.7595      2.244    7.27791     4.7773    25.0066   13.03105 2.6469e+01 0.0000e+00
        157  48.482188    0.01083     0.6500     39.000      2.254  50909.112    31.5938     4.7697      2.233    7.27645     4.7830    25.0002   13.02872 2.6836e+01 0.0000e+00
        158  48.482190    0.01090     0.6542     39.250      2.234  50900.881    31.5899     4.7775      2.213    7.27528     4.7882    24.9963   13.02683 2.7297e+01 0.0000e+00
        159  48.482193    0.01097     0.6583     39.500      2.205  50911.182    31.5982     4.7831      2.185    7.27388     4.7949    25.0024   13.02442 2.7777e+01 0.0000e+00
        160  48.482196    0.01104     0.6625     39.750      2.171  50942.208    31.6207     4.7883      2.150    7.27187     4.8032    25.0196   13.02081 2.8136e+01 0.0000e+00
        161  48.482199    0.01111     0.6667     40.000      2.137  50981.556    31.6491     4.7950      2.117    7.26932     4.8120    25.0414   13.01624 2.8350e+01 0.0000e+00
        162  48.482202    0.01118     0.6708     40.250      2.111  51013.735    31.6731     4.8033      2.091    7.26670     4.8196    25.0595   13.01160 2.8486e+01 0.0000e+00
        163  48.482205    0.01125     0.6750     40.500      2.095  51028.661    31.6853     4.8121      2.076    7.26457     4.8252    25.0683   13.00793 2.8585e+01 0.0000e+00
        164  48.482208    0.01132     0.6792     40.750      2.092  51021.389    31.6820     4.8198      2.073    7.26340     4.8281    25.0648   13.00603 2.8595e+01 0.0000e+00
        165  48.482211    0.01139     0.6833     41.000      2.100  50988.695    31.6608     4.8253      2.081    7.26346     4.8279    25.0474   13.00641 2.8455e+01 0.0000e+00
        166  48.482214    0.01146     0.6875     41.250      2.115  50928.357    31.6200     4.8282      2.096    7.26495     4.8249    25.0148   13.00939 2.8163e+01 0.0000e+00
        167  48.482216    0.01153     0.6917     41.500      2.133  50848.045    31.5648     4.8280      2.113    7.26767     4.8195    24.9711   13.01459 2.7763e+01 0.0000e+00
        168  48.482219    0.01160     0.6958     41.750      2.150  50769.853    31.5105     4.8250      2.130    7.27084     4.8121    24.9284   13.02054 2.7343e+01 0.0000e+00
        169  48.482222    0.01167     0.7000     42.000      2.165  50716.946    31.4730     4.8196      2.145    7.27361     4.8045    24.8993   13.02559 2.6983e+01 0.0000e+00
        170  48.482225    0.01174     0.7042     42.250      2.180  50705.490    31.4635     4.8122      2.159    7.27537     4.7995    24.8926   13.02862 2.6693e+01 0.0000e+00
        171  48.482228    0.01181     0.7083     42.500      2.195  50740.247    31.4857     4.8046      2.175    7.27562     4.7981    24.9109   13.02874 2.6421e+01 0.0000e+00
        172  48.482231    0.01188     0.7125     42.750      2.216  50805.887    31.5296     4.7996      2.195    7.27434     4.7993    24.9463   13.02606 2.6166e+01 0.0000e+00
        173  48.482234    0.01194     0.7167     43.000      2.244  50874.455    31.5763     4.7982      2.223    7.27231     4.8018    24.9834   13.02211 2.6066e+01 0.0000e+00
        174  48.482237    0.01201     0.7208     43.250      2.279  50921.514    31.6089     4.7995      2.258    7.27050     4.8030    25.0091   13.01871 2.6155e+01 0.0000e+00
        175  48.482240    0.01208     0.7250     43.500      2.318  50933.299    31.6175     4.8020      2.297    7.26965     4.7995    25.0157   13.01719 2.6209e+01 0.0000e+00
        176  48.482242    0.01215     0.7292     43.750      2.358  50903.055    31.5970     4.8032      2.336    7.27045     4.7884    24.9993   13.01879 2.6040e+01 0.0000e+00
        177  48.482245    0.01222     0.7333     44.000      2.392  50829.833    31.5460     4.7997      2.369    7.27355     4.7661    24.9592   13.02456 2.5718e+01 0.0000e+00
        178  48.482248    0.01229     0.7375     44.250      2.414  50731.017    31.4757     4.7886      2.392    7.27895     4.7281    24.9046   13.03438 2.5437e+01 0.0000e+00
        179  48.482251    0.01236     0.7417     44.500      2.421  50642.437    31.4100     4.7663      2.399    7.28607     4.6721    24.8548   13.04699 2.5361e+01 0.0000e+00
        180  48.482254    0.01243     0.7458     44.750      2.411  50599.253    31.3720     4.7283      2.389    7.29461     4.6047    24.8286   13.06158 2.5591e+01 0.0000e+00
