CTD-processing/allCTD/CNV--turbid/2014_10-13_t3_s15_cast084.cnv
* Sea-Bird SBE19plus Data File:
* FileName = C:\Users\kris.holderied\Documents\kasitsna\Research-Projects-and-Data\Oceanography-AK\CTD-Data-ALL-to-2014-10\2014-CTD-KachemakBay-CookInlet\2014-10-EVOSTC-CookInlet\2014-10-13-CookInlet-Tran3-AnchorPt\2014-10-13-CookInlet-Tran3-cast084.hex
* Software Version 1.59
* Temperature SN =  4141
* Conductivity SN =  4141
* System UpLoad Time = Oct 13 2014 18:11:10
** Cook Inlet LTM Tran3 (Anchor Pt)  southeast to northwest
** Date: 10-13
** Station: 3-15
** Start time: 13:24
** Depth (m): 17.8
** Comment:  CTD time is Alaska Daylight time.  R/V Pandalus. Transducer  depth.
** Comment:
# nquan = 16
# nvalues = 416                         
# units = specified
# name 0 = scan: Scan Count
# name 1 = timeJ: Julian Days
# name 2 = timeH: Time, Elapsed [hours]
# name 3 = timeM: Time, Elapsed [minutes]
# name 4 = timeS: Time, Elapsed [seconds]
# name 5 = prdM: Pressure, Strain Gauge [db]
# name 6 = specc: Specific Conductance [uS/cm]
# name 7 = sal00: Salinity, Practical [PSU]
# name 8 = tv290C: Temperature [ITS-90, deg C]
# name 9 = depSM: Depth [salt water, m], lat = 59.00
# name 10 = oxsolML/L: Oxygen Saturation, Garcia & Gordon [ml/l]
# name 11 = potemp090C: Potential Temperature [ITS-90, deg C]
# name 12 = sigma-é00: Density [sigma-theta, kg/m^3]
# name 13 = n2satML/L: Nitrogen Saturation [ml/l]
# name 14 = par: PAR/Irradiance, Biospherical/Licor
# name 15 = flag:  0.000e+00
# span 0 =          1,        416       
# span 1 = 286.558808, 286.560009       
# span 2 =    0.00000,    0.02882       
# span 3 =     0.0000,     1.7292       
# span 4 =      0.000,    103.750       
# span 5 =     -0.177,     18.409       
# span 6 =    589.005,  47648.067       
# span 7 =     0.2810,    30.1244       
# span 8 =     9.4045,     9.4546       
# span 9 =     -0.175,     18.236       
# span 10 =    6.59440,    7.98817      
# span 11 =     9.4044,     9.4546      
# span 12 =    -0.0298,    23.2350      
# span 13 =   11.91910,   14.65457      
# span 14 = 3.6382e-02, 1.0768e+02      
# span 15 = 0.0000e+00, 0.0000e+00      
# interval = seconds: 0.25
# start_time = Oct 13 2014 13:24:41 [Instrument's time stamp, header]
# bad_flag = -9.990e-29
*END*
          1 286.558808    0.00000     0.0000      0.000     -0.176    643.603     0.3077     9.4463     -0.174    7.98728     9.4463    -0.0085   14.65271 1.0768e+02 0.0000e+00
          2 286.558811    0.00007     0.0042      0.250     -0.176    644.183     0.3080     9.4463     -0.174    7.98727     9.4464    -0.0082   14.65267 1.0544e+02 0.0000e+00
          3 286.558814    0.00014     0.0083      0.500     -0.176    643.692     0.3078     9.4463     -0.174    7.98727     9.4464    -0.0084   14.65269 1.0258e+02 0.0000e+00
          4 286.558817    0.00021     0.0125      0.750     -0.176    641.369     0.3067     9.4464     -0.174    7.98731     9.4465    -0.0093   14.65279 9.8413e+01 0.0000e+00
          5 286.558819    0.00028     0.0167      1.000     -0.175    636.952     0.3045     9.4464     -0.173    7.98741     9.4466    -0.0111   14.65299 9.2692e+01 0.0000e+00
          6 286.558822    0.00035     0.0208      1.250     -0.174    630.832     0.3014     9.4465     -0.172    7.98755     9.4468    -0.0134   14.65327 8.5234e+01 0.0000e+00
          7 286.558825    0.00042     0.0250      1.500     -0.172    623.844     0.2980     9.4466     -0.170    7.98771     9.4471    -0.0162   14.65358 7.5716e+01 0.0000e+00
          8 286.558828    0.00049     0.0292      1.750     -0.169    616.663     0.2945     9.4468     -0.167    7.98786     9.4474    -0.0190   14.65388 6.5500e+01 0.0000e+00
          9 286.558831    0.00056     0.0333      2.000     -0.166    609.830     0.2911     9.4471     -0.164    7.98798     9.4478    -0.0216   14.65415 5.6337e+01 0.0000e+00
         10 286.558834    0.00063     0.0375      2.250     -0.163    603.696     0.2881     9.4474     -0.161    7.98808     9.4482    -0.0240   14.65435 4.8935e+01 0.0000e+00
         11 286.558837    0.00069     0.0417      2.500     -0.160    598.355     0.2855     9.4478     -0.158    7.98814     9.4487    -0.0261   14.65449 4.3834e+01 0.0000e+00
         12 286.558840    0.00076     0.0458      2.750     -0.158    593.965     0.2833     9.4482     -0.156    7.98817     9.4492    -0.0279   14.65457 4.1212e+01 0.0000e+00
         13 286.558843    0.00083     0.0500      3.000     -0.157    590.764     0.2818     9.4487     -0.155    7.98815     9.4497    -0.0291   14.65457 4.0691e+01 0.0000e+00
         14 286.558845    0.00090     0.0542      3.250     -0.156    589.005     0.2810     9.4492     -0.154    7.98810     9.4502    -0.0298   14.65449 4.1304e+01 0.0000e+00
         15 286.558848    0.00097     0.0583      3.500     -0.156    589.109     0.2811     9.4497     -0.154    7.98800     9.4506    -0.0297   14.65432 4.1891e+01 0.0000e+00
         16 286.558851    0.00104     0.0625      3.750     -0.157    591.717     0.2825     9.4502     -0.155    7.98784     9.4511    -0.0287   14.65402 4.2277e+01 0.0000e+00
         17 286.558854    0.00111     0.0667      4.000     -0.158    597.897     0.2858     9.4506     -0.156    7.98758     9.4516    -0.0261   14.65354 4.3377e+01 0.0000e+00
         18 286.558857    0.00118     0.0708      4.250     -0.159    609.598     0.2920     9.4511     -0.157    7.98717     9.4521    -0.0213   14.65276 4.5921e+01 0.0000e+00
         19 286.558860    0.00125     0.0750      4.500     -0.161    630.356     0.3028     9.4516     -0.160    7.98653     9.4526    -0.0128   14.65151 4.9715e+01 0.0000e+00
         20 286.558863    0.00132     0.0792      4.750     -0.164    666.207     0.3215     9.4521     -0.163    7.98547     9.4531     0.0018   14.64945 5.4245e+01 0.0000e+00
         21 286.558866    0.00139     0.0833      5.000     -0.168    726.825     0.3532     9.4526     -0.166    7.98377     9.4535     0.0266   14.64610 5.9259e+01 0.0000e+00
         22 286.558869    0.00146     0.0875      5.250     -0.171    827.882     0.4059     9.4530     -0.170    7.98100     9.4538     0.0681   14.64064 6.3746e+01 0.0000e+00
         23 286.558872    0.00153     0.0917      5.500     -0.174    994.825     0.4931     9.4534     -0.172    7.97648     9.4541     0.1366   14.63171 6.6162e+01 0.0000e+00
         24 286.558874    0.00160     0.0958      5.750     -0.176   1267.897     0.6359     9.4538     -0.174    7.96914     9.4543     0.2487   14.61720 6.6674e+01 0.0000e+00
         25 286.558877    0.00167     0.1000      6.000     -0.176   1701.336     0.8630     9.4541     -0.175    7.95751     9.4545     0.4271   14.59419 6.6316e+01 0.0000e+00
         26 286.558880    0.00174     0.1042      6.250     -0.176   2271.507     1.1636     9.4543     -0.175    7.94217     9.4546     0.6632   14.56382 6.5652e+01 0.0000e+00
         27 286.558883    0.00181     0.1083      6.500     -0.177   2884.634     1.4901     9.4545     -0.175    7.92554     9.4546     0.9195   14.53091 6.4893e+01 0.0000e+00
         28 286.558886    0.00187     0.1125      6.750     -0.177   3473.566     1.8070     9.4546     -0.175    7.90944     9.4546     1.1681   14.49903 6.4077e+01 0.0000e+00
         29 286.558889    0.00194     0.1167      7.000     -0.177   3922.993     2.0500     9.4546     -0.175    7.89711     9.4544     1.3587   14.47462 6.3171e+01 0.0000e+00
         30 286.558892    0.00201     0.1208      7.250     -0.177   4140.527     2.1668     9.4546     -0.175    7.89119     9.4539     1.4503   14.46290 6.1371e+01 0.0000e+00
         31 286.558895    0.00208     0.1250      7.500     -0.177   4186.049     2.1898     9.4544     -0.175    7.89006     9.4530     1.4685   14.46064 5.9694e+01 0.0000e+00
         32 286.558898    0.00215     0.1292      7.750     -0.177   4172.493     2.1813     9.4539     -0.175    7.89058     9.4518     1.4619   14.46165 5.9913e+01 0.0000e+00
         33 286.558900    0.00222     0.1333      8.000     -0.176   4167.830     2.1787     9.4530     -0.174    7.89089     9.4504     1.4600   14.46223 6.0308e+01 0.0000e+00
         34 286.558903    0.00229     0.1375      8.250     -0.175   4178.608     2.1856     9.4518     -0.173    7.89080     9.4488     1.4655   14.46199 5.9161e+01 0.0000e+00
         35 286.558906    0.00236     0.1417      8.500     -0.174   4174.792     2.1856     9.4504     -0.172    7.89113     9.4467     1.4656   14.46257 5.6832e+01 0.0000e+00
         36 286.558909    0.00243     0.1458      8.750     -0.173   4137.258     2.1688     9.4488     -0.171    7.89241     9.4445     1.4524   14.46503 5.4908e+01 0.0000e+00
         37 286.558912    0.00250     0.1500      9.000     -0.172   4077.076     2.1423     9.4467     -0.170    7.89431     9.4422     1.4316   14.46873 5.4426e+01 0.0000e+00
         38 286.558915    0.00257     0.1542      9.250     -0.170   4044.039     2.1353     9.4445     -0.169    7.89540     9.4401     1.4260   14.47081 5.4178e+01 0.0000e+00
         39 286.558918    0.00264     0.1583      9.500     -0.169   4129.621     2.2010     9.4422     -0.167    7.89301     9.4383     1.4770   14.46607 5.4122e+01 0.0000e+00
         40 286.558921    0.00271     0.1625      9.750     -0.165   4430.761     2.3973     9.4401     -0.164    7.88432     9.4365     1.6301   14.44892 5.4217e+01 0.0000e+00
         41 286.558924    0.00278     0.1667     10.000     -0.160   5036.131     2.7814     9.4383     -0.158    7.86666     9.4346     1.9296   14.41415 5.3724e+01 0.0000e+00
         42 286.558927    0.00285     0.1708     10.250     -0.150   6078.011     3.4396     9.4365     -0.149    7.83605     9.4325     2.4428   14.35396 5.3086e+01 0.0000e+00
         43 286.558929    0.00292     0.1750     10.500     -0.135   7800.667     4.5293     9.4346     -0.133    7.78521     9.4302     3.2923   14.25403 5.1653e+01 0.0000e+00
         44 286.558932    0.00299     0.1792     10.750     -0.110  10649.193     6.3331     9.4325     -0.108    7.70091     9.4274     4.6985   14.08839 4.9553e+01 0.0000e+00
         45 286.558935    0.00306     0.1833     11.000     -0.068  15412.578     9.3482     9.4302     -0.067    7.55976     9.4241     7.0488   13.81109 4.8154e+01 0.0000e+00
         46 286.558938    0.00313     0.1875     11.250     -0.001  22736.780    14.0146     9.4274     -0.000    7.34215     9.4209    10.6858   13.38385 4.7379e+01 0.0000e+00
         47 286.558941    0.00319     0.1917     11.500      0.094  31091.984    19.3907     9.4241      0.093    7.09322     9.4186    14.8752   12.89549 4.5946e+01 0.0000e+00
         48 286.558944    0.00326     0.1958     11.750      0.206  37594.411    23.6016     9.4209      0.205    6.89931     9.4174    18.1565   12.51525 4.2297e+01 0.0000e+00
         49 286.558947    0.00333     0.2000     12.000      0.322  41578.653    26.1858     9.4186      0.319    6.78057     9.4172    20.1704   12.28243 3.6626e+01 0.0000e+00
         50 286.558950    0.00340     0.2042     12.250      0.434  43981.449    27.7450     9.4174      0.430    6.70892     9.4176    21.3854   12.14197 3.1374e+01 0.0000e+00
         51 286.558953    0.00347     0.2083     12.500      0.541  45427.577    28.6836     9.4172      0.536    6.66573     9.4185    22.1168   12.05731 2.8645e+01 0.0000e+00
         52 286.558955    0.00354     0.2125     12.750      0.640  46293.965    29.2460     9.4177      0.634    6.63976     9.4197    22.5549   12.00644 2.8719e+01 0.0000e+00
         53 286.558958    0.00361     0.2167     13.000      0.730  46811.559    29.5819     9.4186      0.723    6.62415     9.4210    22.8165   11.97590 3.0422e+01 0.0000e+00
         54 286.558961    0.00368     0.2208     13.250      0.804  47119.719    29.7818     9.4198      0.797    6.61475     9.4222    22.9721   11.95753 3.1797e+01 0.0000e+00
         55 286.558964    0.00375     0.2250     13.500      0.861  47305.452    29.9025     9.4211      0.853    6.60900     9.4234    23.0659   11.94632 3.1731e+01 0.0000e+00
         56 286.558967    0.00382     0.2292     13.750      0.905  47421.005    29.9778     9.4223      0.896    6.60536     9.4248    23.1244   11.93924 3.1053e+01 0.0000e+00
         57 286.558970    0.00389     0.2333     14.000      0.944  47493.536    30.0252     9.4235      0.935    6.60302     9.4264    23.1612   11.93469 3.1225e+01 0.0000e+00
         58 286.558973    0.00396     0.2375     14.250      0.980  47537.711    30.0543     9.4249      0.971    6.60148     9.4280    23.1836   11.93175 3.2343e+01 0.0000e+00
         59 286.558976    0.00403     0.2417     14.500      1.011  47563.297    30.0711     9.4266      1.002    6.60048     9.4295    23.1965   11.92985 3.3357e+01 0.0000e+00
         60 286.558979    0.00410     0.2458     14.750      1.033  47577.056    30.0802     9.4282      1.024    6.59982     9.4307    23.2034   11.92863 3.3697e+01 0.0000e+00
         61 286.558981    0.00417     0.2500     15.000      1.042  47584.159    30.0849     9.4296      1.033    6.59939     9.4318    23.2068   11.92785 3.3640e+01 0.0000e+00
         62 286.558984    0.00424     0.2542     15.250      1.039  47588.821    30.0881     9.4308      1.029    6.59906     9.4328    23.2091   11.92727 3.3339e+01 0.0000e+00
         63 286.558987    0.00431     0.2583     15.500      1.026  47593.241    30.0912     9.4319      1.016    6.59877     9.4339    23.2113   11.92674 3.2986e+01 0.0000e+00
         64 286.558990    0.00438     0.2625     15.750      1.009  47597.015    30.0938     9.4329      1.000    6.59850     9.4350    23.2132   11.92626 3.3084e+01 0.0000e+00
         65 286.558993    0.00444     0.2667     16.000      0.997  47599.071    30.0954     9.4340      0.988    6.59827     9.4361    23.2143   11.92586 3.3492e+01 0.0000e+00
         66 286.558996    0.00451     0.2708     16.250      0.992  47599.058    30.0955     9.4351      0.983    6.59810     9.4371    23.2142   11.92557 3.4000e+01 0.0000e+00
         67 286.558999    0.00458     0.2750     16.500      0.993  47597.146    30.0943     9.4362      0.983    6.59799     9.4378    23.2130   11.92541 3.4456e+01 0.0000e+00
         68 286.559002    0.00465     0.2792     16.750      0.994  47593.889    30.0921     9.4372      0.984    6.59794     9.4383    23.2112   11.92536 3.4694e+01 0.0000e+00
         69 286.559005    0.00472     0.2833     17.000      0.992  47591.128    30.0902     9.4379      0.982    6.59792     9.4386    23.2096   11.92533 3.4471e+01 0.0000e+00
         70 286.559008    0.00479     0.2875     17.250      0.984  47591.244    30.0904     9.4384      0.975    6.59784     9.4387    23.2097   11.92521 3.3526e+01 0.0000e+00
         71 286.559010    0.00486     0.2917     17.500      0.971  47594.041    30.0924     9.4387      0.962    6.59772     9.4386    23.2112   11.92498 3.3340e+01 0.0000e+00
         72 286.559013    0.00493     0.2958     17.750      0.954  47597.216    30.0946     9.4388      0.945    6.59761     9.4384    23.2129   11.92477 3.4856e+01 0.0000e+00
         73 286.559016    0.00500     0.3000     18.000      0.935  47599.429    30.0962     9.4387      0.926    6.59756     9.4381    23.2141   11.92466 3.6906e+01 0.0000e+00
         74 286.559019    0.00507     0.3042     18.250      0.918  47600.864    30.0971     9.4385      0.909    6.59754     9.4380    23.2149   11.92463 3.8439e+01 0.0000e+00
         75 286.559022    0.00514     0.3083     18.500      0.905  47601.977    30.0979     9.4382      0.896    6.59754     9.4379    23.2156   11.92463 3.8713e+01 0.0000e+00
         76 286.559025    0.00521     0.3125     18.750      0.900  47602.929    30.0985     9.4381      0.891    6.59754     9.4380    23.2161   11.92462 3.7681e+01 0.0000e+00
         77 286.559028    0.00528     0.3167     19.000      0.903  47603.793    30.0991     9.4380      0.894    6.59752     9.4383    23.2166   11.92458 3.6143e+01 0.0000e+00
         78 286.559031    0.00535     0.3208     19.250      0.913  47604.665    30.0997     9.4381      0.904    6.59748     9.4387    23.2170   11.92450 3.4986e+01 0.0000e+00
         79 286.559034    0.00542     0.3250     19.500      0.929  47605.584    30.1004     9.4384      0.920    6.59741     9.4391    23.2175   11.92438 3.4471e+01 0.0000e+00
         80 286.559036    0.00549     0.3292     19.750      0.949  47606.467    30.1011     9.4388      0.940    6.59733     9.4395    23.2179   11.92423 3.3785e+01 0.0000e+00
         81 286.559039    0.00556     0.3333     20.000      0.972  47607.193    30.1016     9.4392      0.963    6.59724     9.4398    23.2183   11.92408 3.2329e+01 0.0000e+00
         82 286.559042    0.00562     0.3375     20.250      0.999  47607.684    30.1020     9.4396      0.990    6.59717     9.4401    23.2186   11.92396 3.0180e+01 0.0000e+00
         83 286.559045    0.00569     0.3417     20.500      1.029  47607.963    30.1022     9.4399      1.019    6.59711     9.4403    23.2187   11.92386 2.8318e+01 0.0000e+00
         84 286.559048    0.00576     0.3458     20.750      1.061  47608.083    30.1023     9.4402      1.051    6.59707     9.4405    23.2187   11.92378 2.7985e+01 0.0000e+00
         85 286.559051    0.00583     0.3500     21.000      1.092  47607.985    30.1023     9.4404      1.082    6.59704     9.4406    23.2187   11.92373 2.8955e+01 0.0000e+00
         86 286.559054    0.00590     0.3542     21.250      1.120  47607.551    30.1020     9.4406      1.110    6.59703     9.4406    23.2184   11.92371 3.0106e+01 0.0000e+00
         87 286.559057    0.00597     0.3583     21.500      1.139  47606.865    30.1015     9.4407      1.128    6.59703     9.4405    23.2180   11.92373 3.0556e+01 0.0000e+00
         88 286.559060    0.00604     0.3625     21.750      1.145  47606.236    30.1011     9.4407      1.134    6.59705     9.4404    23.2177   11.92376 2.9950e+01 0.0000e+00
         89 286.559062    0.00611     0.3667     22.000      1.135  47605.933    30.1009     9.4407      1.124    6.59707     9.4404    23.2175   11.92379 2.8973e+01 0.0000e+00
         90 286.559065    0.00618     0.3708     22.250      1.110  47605.903    30.1009     9.4406      1.099    6.59708     9.4403    23.2175   11.92381 2.9493e+01 0.0000e+00
