CTD-processing/allCTD/CNV--turbid/2014_04-11_t3_s11_cast011.cnv
* Sea-Bird SBE19plus Data File:
* FileName = C:\Users\kris.holderied\Documents\kasitsna\Research-Projects-and-Data\Oceanography-AK\CTD-CookInlet-GulfWatchAK\2014-04-EVOSTC-CookInlet-Ocean\2014-04-11-CookInlet-Tran3-AnchorPt\2014-04-11-CookInlet-Tran3-AnchorPt-cast011.hex
* Software Version 1.59
* Temperature SN =  5028
* Conductivity SN =  5028
* System UpLoad Time = Apr 11 2014 15:36:06
** Cook Inlet LTM Transect 3 (Anchor Pt) west to east
** Date: 2014-04-11
** Station: 3-11
** Start time: 13:50
** Depth (m): 40
** Comment:  CTD time is AKDaylight
** Comment:
# nquan = 16
# nvalues = 444                         
# units = specified
# name 0 = scan: Scan Count
# name 1 = timeJ: Julian Days
# name 2 = timeH: Time, Elapsed [hours]
# name 3 = timeM: Time, Elapsed [minutes]
# name 4 = timeS: Time, Elapsed [seconds]
# name 5 = prdM: Pressure, Strain Gauge [db]
# name 6 = specc: Specific Conductance [uS/cm]
# name 7 = sal00: Salinity, Practical [PSU]
# name 8 = tv290C: Temperature [ITS-90, deg C]
# name 9 = depSM: Depth [salt water, m], lat = 59.00
# name 10 = oxsolML/L: Oxygen Saturation, Garcia & Gordon [ml/l]
# name 11 = potemp090C: Potential Temperature [ITS-90, deg C]
# name 12 = sigma-é00: Density [sigma-theta, kg/m^3]
# name 13 = n2satML/L: Nitrogen Saturation [ml/l]
# name 14 = par: PAR/Irradiance, Biospherical/Licor
# name 15 = flag:  0.000e+00
# span 0 =          1,        444       
# span 1 = 101.577025, 101.578307       
# span 2 =    0.00000,    0.03076       
# span 3 =     0.0000,     1.8458       
# span 4 =      0.000,    110.750       
# span 5 =      0.057,     39.844       
# span 6 =    524.901,  51319.111       
# span 7 =     0.2427,    31.6989       
# span 8 =     2.6868,     4.1100       
# span 9 =      0.057,     39.467       
# span 10 =    7.39031,    9.48296      
# span 11 =     2.6874,     4.1096      
# span 12 =     0.1582,    25.1605      
# span 13 =   13.21587,   17.16826      
# span 14 = 1.4432e+00, 1.3670e+03      
# span 15 = 0.0000e+00, 0.0000e+00      
# interval = seconds: 0.25
# start_time = Apr 11 2014 13:50:55 [Instrument's time stamp, header]
# bad_flag = -9.990e-29
*END*
[from data line 181]
        182 101.577549    0.01257     0.7542     45.250      1.485  51168.193    31.5758     3.9209      1.471    7.42856     3.9148    25.0707   13.28006 3.3897e+02 0.0000e+00
        183 101.577552    0.01264     0.7583     45.500      1.475  51191.276    31.5902     3.9155      1.461    7.42882     3.9194    25.0827   13.28028 3.7794e+02 0.0000e+00
        184 101.577555    0.01271     0.7625     45.750      1.466  51202.875    31.5980     3.9149      1.452    7.42854     3.9281    25.0889   13.27973 4.0251e+02 0.0000e+00
        185 101.577558    0.01278     0.7667     46.000      1.463  51199.854    31.5970     3.9195      1.449    7.42775     3.9380    25.0877   13.27844 3.8896e+02 0.0000e+00
        186 101.577561    0.01285     0.7708     46.250      1.466  51183.288    31.5878     3.9282      1.452    7.42663     3.9460    25.0795   13.27671 3.5402e+02 0.0000e+00
        187 101.577564    0.01292     0.7750     46.500      1.477  51158.770    31.5735     3.9381      1.464    7.42555     3.9504    25.0672   13.27513 3.1447e+02 0.0000e+00
        188 101.577567    0.01299     0.7792     46.750      1.495  51133.412    31.5581     3.9461      1.482    7.42488     3.9504    25.0542   13.27422 2.8934e+02 0.0000e+00
        189 101.577569    0.01306     0.7833     47.000      1.518  51112.743    31.5451     3.9505      1.504    7.42475     3.9452    25.0434   13.27418 2.9249e+02 0.0000e+00
        190 101.577572    0.01313     0.7875     47.250      1.542  51100.459    31.5367     3.9505      1.527    7.42517     3.9348    25.0368   13.27498 3.1036e+02 0.0000e+00
        191 101.577575    0.01319     0.7917     47.500      1.562  51100.035    31.5351     3.9453      1.547    7.42619     3.9218    25.0360   13.27668 3.2338e+02 0.0000e+00
        192 101.577578    0.01326     0.7958     47.750      1.575  51113.245    31.5416     3.9349      1.560    7.42774     3.9097    25.0422   13.27915 3.2907e+02 0.0000e+00
        193 101.577581    0.01333     0.8000     48.000      1.580  51136.875    31.5546     3.9219      1.565    7.42945     3.9010    25.0538   13.28180 3.2641e+02 0.0000e+00
        194 101.577584    0.01340     0.8042     48.250      1.576  51164.492    31.5705     3.9098      1.561    7.43084     3.8964    25.0676   13.28390 3.1242e+02 0.0000e+00
        195 101.577587    0.01347     0.8083     48.500      1.564  51190.360    31.5861     3.9011      1.549    7.43164     3.8956    25.0807   13.28501 3.0815e+02 0.0000e+00
        196 101.577590    0.01354     0.8125     48.750      1.546  51211.586    31.5994     3.8965      1.531    7.43182     3.8994    25.0918   13.28512 3.1557e+02 0.0000e+00
        197 101.577593    0.01361     0.8167     49.000      1.525  51227.144    31.6099     3.8957      1.510    7.43142     3.9090    25.1002   13.28433 3.1382e+02 0.0000e+00
        198 101.577595    0.01368     0.8208     49.250      1.506  51234.679    31.6159     3.8995      1.492    7.43044     3.9246    25.1046   13.28263 3.0205e+02 0.0000e+00
        199 101.577598    0.01375     0.8250     49.500      1.496  51230.736    31.6155     3.9091      1.481    7.42872     3.9438    25.1034   13.27980 2.9401e+02 0.0000e+00
        200 101.577601    0.01382     0.8292     49.750      1.497  51214.374    31.6081     3.9247      1.483    7.42625     3.9623    25.0961   13.27582 2.9857e+02 0.0000e+00
        201 101.577604    0.01389     0.8333     50.000      1.512  51188.306    31.5950     3.9439      1.498    7.42344     3.9763    25.0838   13.27135 3.0579e+02 0.0000e+00
        202 101.577607    0.01396     0.8375     50.250      1.538  51155.620    31.5771     3.9624      1.524    7.42099     3.9833    25.0678   13.26755 3.0398e+02 0.0000e+00
        203 101.577610    0.01403     0.8417     50.500      1.570  51119.208    31.5556     3.9764      1.556    7.41952     3.9816    25.0494   13.26541 3.0647e+02 0.0000e+00
        204 101.577613    0.01410     0.8458     50.750      1.599  51086.451    31.5350     3.9834      1.585    7.41929     3.9711    25.0323   13.26530 3.2869e+02 0.0000e+00
        205 101.577616    0.01417     0.8500     51.000      1.618  51069.814    31.5232     3.9817      1.603    7.42018     3.9546    25.0231   13.26692 3.4873e+02 0.0000e+00
        206 101.577619    0.01424     0.8542     51.250      1.620  51078.648    31.5267     3.9712      1.605    7.42191     3.9381    25.0269   13.26973 3.3939e+02 0.0000e+00
        207 101.577622    0.01431     0.8583     51.500      1.607  51111.175    31.5449     3.9547      1.591    7.42399     3.9269    25.0430   13.27291 3.2033e+02 0.0000e+00
        208 101.577624    0.01438     0.8625     51.750      1.580  51154.953    31.5708     3.9382      1.565    7.42569     3.9242    25.0651   13.27538 3.2263e+02 0.0000e+00
        209 101.577627    0.01444     0.8667     52.000      1.547  51193.200    31.5942     3.9270      1.533    7.42653     3.9308    25.0848   13.27647 3.3656e+02 0.0000e+00
        210 101.577630    0.01451     0.8708     52.250      1.519  51213.237    31.6073     3.9243      1.505    7.42637     3.9442    25.0954   13.27603 3.4549e+02 0.0000e+00
        211 101.577633    0.01458     0.8750     52.500      1.502  51211.424    31.6076     3.9309      1.488    7.42517     3.9597    25.0950   13.27404 3.6940e+02 0.0000e+00
        212 101.577636    0.01465     0.8792     52.750      1.499  51190.802    31.5968     3.9443      1.485    7.42327     3.9727    25.0852   13.27106 4.0878e+02 0.0000e+00
        213 101.577639    0.01472     0.8833     53.000      1.508  51157.331    31.5777     3.9598      1.494    7.42143     3.9811    25.0685   13.26826 4.1582e+02 0.0000e+00
        214 101.577642    0.01479     0.8875     53.250      1.527  51119.754    31.5552     3.9728      1.513    7.42019     3.9840    25.0494   13.26651 3.8017e+02 0.0000e+00
        215 101.577645    0.01486     0.8917     53.500      1.550  51087.630    31.5353     3.9812      1.536    7.41967     3.9809    25.0327   13.26592 3.4488e+02 0.0000e+00
        216 101.577648    0.01493     0.8958     53.750      1.574  51067.072    31.5219     3.9841      1.559    7.41982     3.9726    25.0218   13.26634 3.2960e+02 0.0000e+00
        217 101.577650    0.01500     0.9000     54.000      1.595  51060.847    31.5169     3.9810      1.580    7.42063     3.9618    25.0182   13.26774 3.2613e+02 0.0000e+00
        218 101.577653    0.01507     0.9042     54.250      1.609  51068.498    31.5202     3.9727      1.594    7.42196     3.9514    25.0216   13.26989 3.3237e+02 0.0000e+00
        219 101.577656    0.01514     0.9083     54.500      1.614  51086.014    31.5295     3.9619      1.599    7.42345     3.9434    25.0300   13.27222 3.4555e+02 0.0000e+00
        220 101.577659    0.01521     0.9125     54.750      1.611  51108.474    31.5423     3.9515      1.595    7.42469     3.9382    25.0412   13.27411 3.5993e+02 0.0000e+00
        221 101.577662    0.01528     0.9167     55.000      1.600  51131.783    31.5563     3.9435      1.584    7.42545     3.9354    25.0531   13.27518 3.7870e+02 0.0000e+00
        222 101.577665    0.01535     0.9208     55.250      1.583  51152.903    31.5695     3.9383      1.568    7.42573     3.9345    25.0640   13.27547 4.0761e+02 0.0000e+00
        223 101.577668    0.01542     0.9250     55.500      1.565  51169.717    31.5803     3.9355      1.550    7.42570     3.9351    25.0729   13.27527 4.2557e+02 0.0000e+00
        224 101.577671    0.01549     0.9292     55.750      1.548  51180.828    31.5877     3.9346      1.534    7.42549     3.9371    25.0788   13.27483 4.1320e+02 0.0000e+00
        225 101.577674    0.01556     0.9333     56.000      1.535  51186.232    31.5915     3.9352      1.521    7.42518     3.9402    25.0818   13.27427 3.9034e+02 0.0000e+00
        226 101.577677    0.01563     0.9375     56.250      1.527  51187.107    31.5926     3.9372      1.513    7.42477     3.9448    25.0825   13.27358 3.7715e+02 0.0000e+00
        227 101.577679    0.01569     0.9417     56.500      1.526  51184.051    31.5912     3.9403      1.512    7.42427     3.9505    25.0811   13.27276 3.7746e+02 0.0000e+00
        228 101.577682    0.01576     0.9458     56.750      1.532  51175.787    31.5867     3.9449      1.517    7.42367     3.9556    25.0771   13.27184 3.7662e+02 0.0000e+00
        229 101.577685    0.01583     0.9500     57.000      1.543  51160.373    31.5776     3.9506      1.528    7.42309     3.9576    25.0693   13.27100 3.7020e+02 0.0000e+00
        230 101.577688    0.01590     0.9542     57.250      1.557  51140.113    31.5650     3.9557      1.542    7.42279     3.9546    25.0588   13.27067 3.8392e+02 0.0000e+00
        231 101.577691    0.01597     0.9583     57.500      1.570  51122.635    31.5535     3.9577      1.556    7.42302     3.9467    25.0495   13.27120 4.2548e+02 0.0000e+00
        232 101.577694    0.01604     0.9625     57.750      1.579  51115.834    31.5481     3.9547      1.565    7.42383     3.9360    25.0455   13.27261 4.5618e+02 0.0000e+00
        233 101.577697    0.01611     0.9667     58.000      1.582  51124.278    31.5520     3.9468      1.568    7.42507     3.9259    25.0493   13.27460 4.5051e+02 0.0000e+00
        234 101.577700    0.01618     0.9708     58.250      1.580  51146.822    31.5648     3.9361      1.565    7.42636     3.9194    25.0605   13.27658 4.3722e+02 0.0000e+00
        235 101.577703    0.01625     0.9750     58.500      1.574  51175.555    31.5820     3.9260      1.559    7.42733     3.9182    25.0751   13.27795 4.2192e+02 0.0000e+00
        236 101.577705    0.01632     0.9792     58.750      1.567  51199.602    31.5968     3.9195      1.552    7.42776     3.9224    25.0875   13.27846 3.9426e+02 0.0000e+00
        237 101.577708    0.01639     0.9833     59.000      1.562  51210.570    31.6040     3.9183      1.548    7.42762     3.9300    25.0934   13.27814 3.7424e+02 0.0000e+00
        238 101.577711    0.01646     0.9875     59.250      1.562  51205.005    31.6012     3.9225      1.548    7.42701     3.9376    25.0907   13.27716 3.7188e+02 0.0000e+00
        239 101.577714    0.01653     0.9917     59.500      1.566  51185.808    31.5900     3.9301      1.552    7.42619     3.9426    25.0811   13.27595 3.7590e+02 0.0000e+00
        240 101.577717    0.01660     0.9958     59.750      1.574  51161.883    31.5755     3.9377      1.559    7.42553     3.9440    25.0688   13.27506 3.8495e+02 0.0000e+00
        241 101.577720    0.01667     1.0000     60.000      1.583  51141.882    31.5631     3.9427      1.568    7.42525     3.9415    25.0585   13.27477 4.1490e+02 0.0000e+00
        242 101.577723    0.01674     1.0042     60.250      1.592  51129.944    31.5552     3.9441      1.577    7.42540     3.9361    25.0522   13.27511 4.4761e+02 0.0000e+00
        243 101.577726    0.01681     1.0083     60.500      1.600  51127.458    31.5530     3.9416      1.585    7.42596     3.9293    25.0506   13.27606 4.4905e+02 0.0000e+00
        244 101.577729    0.01688     1.0125     60.750      1.604  51133.852    31.5560     3.9362      1.589    7.42678     3.9227    25.0535   13.27737 4.3753e+02 0.0000e+00
        245 101.577731    0.01694     1.0167     61.000      1.604  51146.980    31.5633     3.9294      1.589    7.42765     3.9179    25.0599   13.27872 4.2837e+02 0.0000e+00
        246 101.577734    0.01701     1.0208     61.250      1.601  51163.809    31.5732     3.9228      1.586    7.42835     3.9152    25.0684   13.27974 4.0539e+02 0.0000e+00
        247 101.577737    0.01708     1.0250     61.500      1.596  51180.433    31.5834     3.9180      1.581    7.42872     3.9142    25.0770   13.28021 3.8323e+02 0.0000e+00
        248 101.577740    0.01715     1.0292     61.750      1.589  51193.081    31.5914     3.9153      1.574    7.42881     3.9142    25.0836   13.28025 3.9624e+02 0.0000e+00
        249 101.577743    0.01722     1.0333     62.000      1.582  51199.319    31.5954     3.9143      1.567    7.42879     3.9147    25.0869   13.28017 4.3151e+02 0.0000e+00
        250 101.577746    0.01729     1.0375     62.250      1.574  51199.094    31.5952     3.9143      1.559    7.42879     3.9155    25.0868   13.28018 4.4654e+02 0.0000e+00
        251 101.577749    0.01736     1.0417     62.500      1.566  51195.285    31.5928     3.9148      1.551    7.42882     3.9163    25.0848   13.28026 4.3848e+02 0.0000e+00
        252 101.577752    0.01743     1.0458     62.750      1.558  51192.344    31.5909     3.9156      1.543    7.42878     3.9172    25.0832   13.28021 4.2502e+02 0.0000e+00
        253 101.577755    0.01750     1.0500     63.000      1.551  51193.793    31.5921     3.9164      1.537    7.42857     3.9188    25.0841   13.27985 4.1492e+02 0.0000e+00
        254 101.577758    0.01757     1.0542     63.250      1.549  51200.151    31.5967     3.9173      1.535    7.42817     3.9217    25.0876   13.27913 4.1133e+02 0.0000e+00
        255 101.577760    0.01764     1.0583     63.500      1.553  51208.679    31.6029     3.9189      1.538    7.42757     3.9262    25.0924   13.27806 4.1103e+02 0.0000e+00
        256 101.577763    0.01771     1.0625     63.750      1.562  51215.934    31.6085     3.9218      1.548    7.42677     3.9328    25.0966   13.27668 4.1859e+02 0.0000e+00
        257 101.577766    0.01778     1.0667     64.000      1.575  51221.174    31.6132     3.9263      1.561    7.42572     3.9422    25.0999   13.27488 4.3051e+02 0.0000e+00
        258 101.577769    0.01785     1.0708     64.250      1.589  51229.189    31.6202     3.9329      1.574    7.42417     3.9562    25.1048   13.27224 4.3120e+02 0.0000e+00
        259 101.577772    0.01792     1.0750     64.500      1.600  51250.532    31.6370     3.9423      1.585    7.42164     3.9776    25.1173   13.26784 4.2071e+02 0.0000e+00
        260 101.577775    0.01799     1.0792     64.750      1.606  51287.333    31.6654     3.9563      1.590    7.41768     4.0057    25.1386   13.26092 4.1043e+02 0.0000e+00
        261 101.577778    0.01806     1.0833     65.000      1.605  51317.323    31.6910     3.9777      1.590    7.41252     4.0343    25.1569   13.25208 4.1546e+02 0.0000e+00
        262 101.577781    0.01812     1.0875     65.250      1.600  51319.111    31.6989     4.0058      1.585    7.40705     4.0581    25.1605   13.24295 4.1741e+02 0.0000e+00
        263 101.577784    0.01819     1.0917     65.500      1.596  51300.370    31.6930     4.0344      1.581    7.40218     4.0756    25.1530   13.23498 3.8879e+02 0.0000e+00
        264 101.577786    0.01826     1.0958     65.750      1.598  51277.936    31.6834     4.0582      1.583    7.39836     4.0876    25.1430   13.22881 3.5995e+02 0.0000e+00
        265 101.577789    0.01833     1.1000     66.000      1.611  51259.168    31.6747     4.0757      1.596    7.39564     4.0955    25.1345   13.22443 3.6379e+02 0.0000e+00
        266 101.577792    0.01840     1.1042     66.250      1.638  51245.552    31.6683     4.0877      1.623    7.39380     4.1006    25.1282   13.22148 4.0676e+02 0.0000e+00
        267 101.577795    0.01847     1.1083     66.500      1.685  51236.297    31.6638     4.0956      1.670    7.39259     4.1038    25.1239   13.21955 4.8028e+02 0.0000e+00
        268 101.577798    0.01854     1.1125     66.750      1.761  51230.211    31.6608     4.1007      1.745    7.39182     4.1058    25.1210   13.21831 5.4892e+02 0.0000e+00
        269 101.577801    0.01861     1.1167     67.000      1.881  51226.431    31.6590     4.1039      1.864    7.39133     4.1069    25.1192   13.21753 5.8878e+02 0.0000e+00
        270 101.577804    0.01868     1.1208     67.250      2.064  51224.311    31.6579     4.1059      2.045    7.39103     4.1076    25.1182   13.21705 5.9334e+02 0.0000e+00
        271 101.577807    0.01875     1.1250     67.500      2.321  51223.260    31.6573     4.1071      2.300    7.39085     4.1080    25.1176   13.21675 5.4790e+02 0.0000e+00
