CTD-processing/allCTD/CNV--turbid/2014_10-13_t4_s04_cast075.cnv
* Sea-Bird SBE19plus Data File:
* FileName = C:\Users\kris.holderied\Documents\kasitsna\Research-Projects-and-Data\Oceanography-AK\CTD-Data-ALL-to-2014-10\2014-CTD-KachemakBay-CookInlet\2014-10-EVOSTC-CookInlet\2014-10-13-CookInlet-Tran4-Barabara\2014-10-13-CookInlet-Tran4-cast075.hex
* Software Version 1.59
* Temperature SN =  4141
* Conductivity SN =  4141
* System UpLoad Time = Oct 13 2014 12:08:10
** Cook Inlet LTM Tran4 (Barabara)  south to north
** Date: 10-13
** Station: 4-04
** Start time: 09:50
** Depth (m): 85
** Comment:  CTD time is Alaska Daylight time.  R/V Pandalus. Transducer  depth.
** Comment:
# nquan = 16
# nvalues = 1056                        
# units = specified
# name 0 = scan: Scan Count
# name 1 = timeJ: Julian Days
# name 2 = timeH: Time, Elapsed [hours]
# name 3 = timeM: Time, Elapsed [minutes]
# name 4 = timeS: Time, Elapsed [seconds]
# name 5 = prdM: Pressure, Strain Gauge [db]
# name 6 = specc: Specific Conductance [uS/cm]
# name 7 = sal00: Salinity, Practical [PSU]
# name 8 = tv290C: Temperature [ITS-90, deg C]
# name 9 = depSM: Depth [salt water, m], lat = 59.00
# name 10 = oxsolML/L: Oxygen Saturation, Garcia & Gordon [ml/l]
# name 11 = potemp090C: Potential Temperature [ITS-90, deg C]
# name 12 = sigma-é00: Density [sigma-theta, kg/m^3]
# name 13 = n2satML/L: Nitrogen Saturation [ml/l]
# name 14 = par: PAR/Irradiance, Biospherical/Licor
# name 15 = flag:  0.000e+00
# span 0 =          1,       1056       
# span 1 = 286.410926, 286.413979       
# span 2 =    0.00000,    0.07326       
# span 3 =     0.0000,     4.3958       
# span 4 =      0.000,    263.750       
# span 5 =     -0.196,     84.744       
# span 6 =    485.362,  48862.878       
# span 7 =     0.2294,    30.9961       
# span 8 =     8.4155,     9.8124       
# span 9 =     -0.195,     83.935       
# span 10 =    6.50563,    8.18047      
# span 11 =     8.4155,     9.8091      
# span 12 =    -0.0045,    23.8591      
# span 13 =   11.76149,   14.97825      
# span 14 = 3.6382e-02, 6.0094e+01      
# span 15 = 0.0000e+00, 0.0000e+00      
# interval = seconds: 0.25
# start_time = Oct 13 2014 09:51:44 [Instrument's time stamp, header]
# bad_flag = -9.990e-29
*END*
[from data line 181]
        182 286.411450    0.01257     0.7542     45.250      1.019  48407.044    30.6862     9.6226      1.009    6.54589     9.6219    23.6460   11.83191 3.0369e+01 0.0000e+00
        183 286.411453    0.01264     0.7583     45.500      0.997  48420.693    30.6957     9.6219      0.988    6.54559     9.6228    23.6536   11.83130 3.0932e+01 0.0000e+00
        184 286.411455    0.01271     0.7625     45.750      0.976  48427.655    30.7007     9.6220      0.967    6.54535     9.6239    23.6574   11.83085 3.1126e+01 0.0000e+00
        185 286.411458    0.01278     0.7667     46.000      0.955  48427.278    30.7005     9.6229      0.946    6.54524     9.6246    23.6571   11.83066 3.1154e+01 0.0000e+00
        186 286.411461    0.01285     0.7708     46.250      0.934  48420.537    30.6959     9.6240      0.925    6.54528     9.6249    23.6534   11.83079 3.1376e+01 0.0000e+00
        187 286.411464    0.01292     0.7750     46.500      0.915  48409.062    30.6880     9.6247      0.906    6.54551     9.6250    23.6471   11.83126 3.1687e+01 0.0000e+00
        188 286.411467    0.01299     0.7792     46.750      0.898  48395.419    30.6785     9.6250      0.889    6.54587     9.6251    23.6396   11.83196 3.1757e+01 0.0000e+00
        189 286.411470    0.01306     0.7833     47.000      0.883  48382.707    30.6695     9.6251      0.875    6.54623     9.6254    23.6326   11.83268 3.1601e+01 0.0000e+00
        190 286.411473    0.01313     0.7875     47.250      0.873  48373.177    30.6628     9.6252      0.865    6.54650     9.6258    23.6274   11.83320 3.1457e+01 0.0000e+00
        191 286.411476    0.01319     0.7917     47.500      0.866  48367.983    30.6592     9.6255      0.858    6.54661     9.6262    23.6245   11.83342 3.1372e+01 0.0000e+00
        192 286.411479    0.01326     0.7958     47.750      0.862  48368.019    30.6593     9.6259      0.854    6.54655     9.6267    23.6245   11.83332 3.1256e+01 0.0000e+00
        193 286.411481    0.01333     0.8000     48.000      0.861  48374.467    30.6639     9.6263      0.853    6.54629     9.6274    23.6280   11.83284 3.1007e+01 0.0000e+00
        194 286.411484    0.01340     0.8042     48.250      0.865  48388.036    30.6735     9.6268      0.857    6.54581     9.6285    23.6354   11.83193 3.0592e+01 0.0000e+00
        195 286.411487    0.01347     0.8083     48.500      0.875  48406.708    30.6867     9.6275      0.867    6.54516     9.6302    23.6456   11.83070 3.0134e+01 0.0000e+00
        196 286.411490    0.01354     0.8125     48.750      0.893  48425.998    30.7004     9.6286      0.885    6.54443     9.6322    23.6561   11.82932 2.9744e+01 0.0000e+00
        197 286.411493    0.01361     0.8167     49.000      0.919  48442.064    30.7119     9.6303      0.911    6.54370     9.6343    23.6648   11.82798 2.9553e+01 0.0000e+00
        198 286.411496    0.01368     0.8208     49.250      0.951  48452.849    30.7197     9.6323      0.942    6.54308     9.6362    23.6706   11.82685 2.9618e+01 0.0000e+00
        199 286.411499    0.01375     0.8250     49.500      0.983  48457.835    30.7235     9.6344      0.974    6.54261     9.6378    23.6732   11.82604 2.9657e+01 0.0000e+00
        200 286.411502    0.01382     0.8292     49.750      1.011  48457.653    30.7236     9.6363      1.001    6.54233     9.6389    23.6730   11.82557 2.9509e+01 0.0000e+00
        201 286.411505    0.01389     0.8333     50.000      1.029  48453.434    30.7208     9.6379      1.019    6.54222     9.6394    23.6706   11.82542 2.9451e+01 0.0000e+00
        202 286.411508    0.01396     0.8375     50.250      1.035  48446.643    30.7161     9.6390      1.025    6.54226     9.6395    23.6668   11.82555 2.9745e+01 0.0000e+00
        203 286.411510    0.01403     0.8417     50.500      1.027  48439.686    30.7113     9.6395      1.017    6.54240     9.6396    23.6630   11.82583 3.0334e+01 0.0000e+00
        204 286.411513    0.01410     0.8458     50.750      1.007  48435.973    30.7088     9.6396      0.997    6.54249     9.6399    23.6609   11.82600 3.1011e+01 0.0000e+00
        205 286.411516    0.01417     0.8500     51.000      0.978  48437.902    30.7101     9.6397      0.968    6.54242     9.6405    23.6620   11.82587 3.1539e+01 0.0000e+00
        206 286.411519    0.01424     0.8542     51.250      0.944  48444.848    30.7151     9.6400      0.935    6.54217     9.6416    23.6658   11.82539 3.1911e+01 0.0000e+00
        207 286.411522    0.01431     0.8583     51.500      0.912  48454.219    30.7217     9.6406      0.903    6.54179     9.6430    23.6709   11.82469 3.2338e+01 0.0000e+00
        208 286.411525    0.01438     0.8625     51.750      0.887  48463.697    30.7285     9.6417      0.879    6.54135     9.6446    23.6761   11.82388 3.2735e+01 0.0000e+00
        209 286.411528    0.01444     0.8667     52.000      0.876  48471.664    30.7343     9.6431      0.868    6.54090     9.6462    23.6804   11.82306 3.2891e+01 0.0000e+00
        210 286.411531    0.01451     0.8708     52.250      0.879  48477.298    30.7385     9.6447      0.871    6.54049     9.6478    23.6834   11.82234 3.2792e+01 0.0000e+00
        211 286.411534    0.01458     0.8750     52.500      0.897  48480.351    30.7408     9.6463      0.889    6.54016     9.6491    23.6849   11.82177 3.2490e+01 0.0000e+00
        212 286.411536    0.01465     0.8792     52.750      0.925  48480.617    30.7412     9.6479      0.917    6.53993     9.6503    23.6850   11.82137 3.2071e+01 0.0000e+00
        213 286.411539    0.01472     0.8833     53.000      0.958  48477.961    30.7395     9.6492      0.949    6.53980     9.6510    23.6834   11.82118 3.1621e+01 0.0000e+00
        214 286.411542    0.01479     0.8875     53.250      0.987  48472.148    30.7356     9.6504      0.979    6.53981     9.6513    23.6802   11.82124 3.1149e+01 0.0000e+00
        215 286.411545    0.01486     0.8917     53.500      1.008  48462.646    30.7290     9.6511      0.999    6.53998     9.6510    23.6749   11.82160 3.0648e+01 0.0000e+00
        216 286.411548    0.01493     0.8958     53.750      1.017  48448.951    30.7194     9.6514      1.007    6.54034     9.6503    23.6674   11.82232 3.0242e+01 0.0000e+00
        217 286.411551    0.01500     0.9000     54.000      1.011  48432.064    30.7075     9.6511      1.001    6.54088     9.6493    23.6581   11.82336 3.0168e+01 0.0000e+00
        218 286.411554    0.01507     0.9042     54.250      0.991  48415.455    30.6957     9.6504      0.982    6.54147     9.6478    23.6491   11.82448 3.0545e+01 0.0000e+00
        219 286.411557    0.01514     0.9083     54.500      0.959  48402.794    30.6867     9.6494      0.950    6.54200     9.6457    23.6422   11.82546 3.1159e+01 0.0000e+00
        220 286.411560    0.01521     0.9125     54.750      0.919  48396.476    30.6821     9.6479      0.910    6.54241     9.6434    23.6388   11.82620 3.1595e+01 0.0000e+00
        221 286.411563    0.01528     0.9167     55.000      0.875  48398.739    30.6834     9.6458      0.867    6.54266     9.6416    23.6402   11.82659 3.1631e+01 0.0000e+00
        222 286.411565    0.01535     0.9208     55.250      0.836  48410.721    30.6916     9.6435      0.828    6.54264     9.6406    23.6469   11.82646 3.1418e+01 0.0000e+00
        223 286.411568    0.01542     0.9250     55.500      0.808  48430.233    30.7051     9.6417      0.800    6.54233     9.6406    23.6577   11.82579 3.1312e+01 0.0000e+00
        224 286.411571    0.01549     0.9292     55.750      0.797  48451.625    30.7200     9.6407      0.789    6.54186     9.6418    23.6695   11.82482 3.1447e+01 0.0000e+00
        225 286.411574    0.01556     0.9333     56.000      0.805  48469.127    30.7323     9.6407      0.798    6.54133     9.6436    23.6791   11.82381 3.1558e+01 0.0000e+00
        226 286.411577    0.01563     0.9375     56.250      0.832  48480.360    30.7403     9.6419      0.825    6.54083     9.6457    23.6852   11.82288 3.1335e+01 0.0000e+00
        227 286.411580    0.01569     0.9417     56.500      0.874  48485.858    30.7444     9.6437      0.866    6.54039     9.6476    23.6881   11.82210 3.0660e+01 0.0000e+00
        228 286.411583    0.01576     0.9458     56.750      0.924  48487.060    30.7455     9.6458      0.916    6.54005     9.6491    23.6886   11.82152 2.9762e+01 0.0000e+00
        229 286.411586    0.01583     0.9500     57.000      0.978  48485.110    30.7443     9.6477      0.969    6.53982     9.6501    23.6874   11.82115 2.9077e+01 0.0000e+00
        230 286.411589    0.01590     0.9542     57.250      1.030  48480.355    30.7411     9.6492      1.021    6.53973     9.6505    23.6847   11.82104 2.8794e+01 0.0000e+00
        231 286.411591    0.01597     0.9583     57.500      1.075  48472.305    30.7356     9.6503      1.065    6.53982     9.6501    23.6802   11.82125 2.8804e+01 0.0000e+00
        232 286.411594    0.01604     0.9625     57.750      1.107  48459.841    30.7269     9.6506      1.097    6.54013     9.6486    23.6734   11.82188 2.8919e+01 0.0000e+00
        233 286.411597    0.01611     0.9667     58.000      1.121  48442.712    30.7148     9.6502      1.111    6.54071     9.6458    23.6640   11.82298 2.9036e+01 0.0000e+00
        234 286.411600    0.01618     0.9708     58.250      1.117  48423.733    30.7012     9.6487      1.107    6.54149     9.6411    23.6537   11.82444 2.9232e+01 0.0000e+00
        235 286.411603    0.01625     0.9750     58.500      1.095  48407.506    30.6895     9.6460      1.085    6.54238     9.6341    23.6449   11.82606 2.9617e+01 0.0000e+00
        236 286.411606    0.01632     0.9792     58.750      1.058  48397.408    30.6818     9.6413      1.048    6.54338     9.6250    23.6397   11.82780 3.0215e+01 0.0000e+00
        237 286.411609    0.01639     0.9833     59.000      1.011  48394.933    30.6792     9.6343      1.002    6.54449     9.6146    23.6387   11.82968 3.0964e+01 0.0000e+00
        238 286.411612    0.01646     0.9875     59.250      0.960  48399.496    30.6813     9.6252      0.951    6.54573     9.6043    23.6417   11.83171 3.1716e+01 0.0000e+00
        239 286.411615    0.01653     0.9917     59.500      0.907  48408.772    30.6865     9.6147      0.899    6.54702     9.5952    23.6474   11.83378 3.2289e+01 0.0000e+00
        240 286.411617    0.01660     0.9958     59.750      0.857  48420.060    30.6931     9.6045      0.849    6.54822     9.5876    23.6542   11.83569 3.2570e+01 0.0000e+00
        241 286.411620    0.01667     1.0000     60.000      0.812  48431.593    30.7001     9.5953      0.804    6.54925     9.5815    23.6611   11.83730 3.2514e+01 0.0000e+00
        242 286.411623    0.01674     1.0042     60.250      0.774  48442.875    30.7070     9.5877      0.766    6.55006     9.5773    23.6677   11.83857 3.2184e+01 0.0000e+00
        243 286.411626    0.01681     1.0083     60.500      0.746  48454.095    30.7141     9.5816      0.739    6.55064     9.5753    23.6742   11.83944 3.1878e+01 0.0000e+00
        244 286.411629    0.01688     1.0125     60.750      0.733  48465.682    30.7217     9.5774      0.726    6.55093     9.5759    23.6808   11.83984 3.1686e+01 0.0000e+00
        245 286.411632    0.01694     1.0167     61.000      0.735  48477.954    30.7301     9.5754      0.729    6.55087     9.5793    23.6877   11.83963 3.1374e+01 0.0000e+00
        246 286.411635    0.01701     1.0208     61.250      0.757  48490.635    30.7391     9.5760      0.750    6.55040     9.5854    23.6946   11.83874 3.0822e+01 0.0000e+00
        247 286.411638    0.01708     1.0250     61.500      0.797  48502.681    30.7480     9.5794      0.789    6.54953     9.5939    23.7010   11.83719 3.0115e+01 0.0000e+00
        248 286.411641    0.01715     1.0292     61.750      0.853  48512.442    30.7556     9.5855      0.846    6.54832     9.6037    23.7060   11.83511 2.9393e+01 0.0000e+00
        249 286.411644    0.01722     1.0333     62.000      0.922  48517.467    30.7602     9.5940      0.913    6.54691     9.6136    23.7083   11.83271 2.8755e+01 0.0000e+00
        250 286.411646    0.01729     1.0375     62.250      0.993  48515.459    30.7600     9.6038      0.984    6.54549     9.6222    23.7066   11.83036 2.8242e+01 0.0000e+00
        251 286.411649    0.01736     1.0417     62.500      1.058  48506.136    30.7547     9.6137      1.048    6.54429     9.6290    23.7009   11.82844 2.7810e+01 0.0000e+00
        252 286.411652    0.01743     1.0458     62.750      1.107  48490.781    30.7450     9.6223      1.097    6.54346     9.6338    23.6919   11.82716 2.7372e+01 0.0000e+00
        253 286.411655    0.01750     1.0500     63.000      1.137  48471.556    30.7324     9.6291      1.127    6.54301     9.6367    23.6810   11.82658 2.6985e+01 0.0000e+00
        254 286.411658    0.01757     1.0542     63.250      1.146  48452.596    30.7197     9.6339      1.135    6.54286     9.6380    23.6703   11.82648 2.6971e+01 0.0000e+00
        255 286.411661    0.01764     1.0583     63.500      1.135  48438.907    30.7104     9.6368      1.124    6.54282     9.6383    23.6627   11.82654 2.7532e+01 0.0000e+00
        256 286.411664    0.01771     1.0625     63.750      1.109  48433.539    30.7068     9.6381      1.098    6.54278     9.6382    23.6597   11.82651 2.8471e+01 0.0000e+00
        257 286.411667    0.01778     1.0667     64.000      1.071  48436.256    30.7088     9.6384      1.061    6.54266     9.6381    23.6611   11.82628 2.9342e+01 0.0000e+00
        258 286.411670    0.01785     1.0708     64.250      1.027  48443.954    30.7142     9.6383      1.018    6.54244     9.6383    23.6654   11.82587 2.9915e+01 0.0000e+00
        259 286.411672    0.01792     1.0750     64.500      0.980  48452.838    30.7205     9.6382      0.971    6.54219     9.6388    23.6703   11.82537 3.0449e+01 0.0000e+00
        260 286.411675    0.01799     1.0792     64.750      0.933  48460.159    30.7256     9.6384      0.925    6.54195     9.6395    23.6743   11.82491 3.1170e+01 0.0000e+00
        261 286.411678    0.01806     1.0833     65.000      0.888  48464.530    30.7288     9.6389      0.880    6.54175     9.6403    23.6767   11.82453 3.1930e+01 0.0000e+00
        262 286.411681    0.01812     1.0875     65.250      0.847  48466.002    30.7299     9.6396      0.839    6.54159     9.6409    23.6774   11.82426 3.2473e+01 0.0000e+00
        263 286.411684    0.01819     1.0917     65.500      0.811  48466.040    30.7301     9.6404      0.803    6.54148     9.6415    23.6774   11.82407 3.2628e+01 0.0000e+00
        264 286.411687    0.01826     1.0958     65.750      0.783  48467.035    30.7309     9.6410      0.775    6.54136     9.6423    23.6780   11.82387 3.2461e+01 0.0000e+00
        265 286.411690    0.01833     1.1000     66.000      0.765  48470.391    30.7333     9.6416      0.758    6.54117     9.6435    23.6798   11.82353 3.2220e+01 0.0000e+00
        266 286.411693    0.01840     1.1042     66.250      0.761  48475.482    30.7370     9.6424      0.755    6.54090     9.6450    23.6825   11.82304 3.2006e+01 0.0000e+00
        267 286.411696    0.01847     1.1083     66.500      0.772  48480.861    30.7409     9.6436      0.765    6.54056     9.6467    23.6854   11.82243 3.1718e+01 0.0000e+00
        268 286.411698    0.01854     1.1125     66.750      0.796  48485.245    30.7442     9.6451      0.788    6.54020     9.6482    23.6877   11.82179 3.1255e+01 0.0000e+00
        269 286.411701    0.01861     1.1167     67.000      0.831  48488.080    30.7463     9.6468      0.823    6.53987     9.6496    23.6892   11.82121 3.0685e+01 0.0000e+00
        270 286.411704    0.01868     1.1208     67.250      0.874  48489.627    30.7476     9.6483      0.867    6.53960     9.6509    23.6899   11.82074 3.0070e+01 0.0000e+00
        271 286.411707    0.01875     1.1250     67.500      0.925  48490.289    30.7482     9.6497      0.916    6.53937     9.6520    23.6902   11.82036 2.9455e+01 0.0000e+00
