CTD-processing/allCTD/CNV--turbid/2014_10-13_t4_s01_cast072.cnv
* Sea-Bird SBE19plus Data File:
* FileName = C:\Users\kris.holderied\Documents\kasitsna\Research-Projects-and-Data\Oceanography-AK\CTD-Data-ALL-to-2014-10\2014-CTD-KachemakBay-CookInlet\2014-10-EVOSTC-CookInlet\2014-10-13-CookInlet-Tran4-Barabara\2014-10-13-CookInlet-Tran4-cast072.hex
* Software Version 1.59
* Temperature SN =  4141
* Conductivity SN =  4141
* System UpLoad Time = Oct 13 2014 12:05:33
** Cook Inlet LTM Tran4 (Barabara)  south to north
** Date: 10-13
** Station: 4-01
** Start time: 08:56
** Depth (m): 17
** Comment:  CTD time is Alaska Daylight time.  R/V Pandalus. Transducer  depth.
** Comment:
# nquan = 16
# nvalues = 428                         
# units = specified
# name 0 = scan: Scan Count
# name 1 = timeJ: Julian Days
# name 2 = timeH: Time, Elapsed [hours]
# name 3 = timeM: Time, Elapsed [minutes]
# name 4 = timeS: Time, Elapsed [seconds]
# name 5 = prdM: Pressure, Strain Gauge [db]
# name 6 = specc: Specific Conductance [uS/cm]
# name 7 = sal00: Salinity, Practical [PSU]
# name 8 = tv290C: Temperature [ITS-90, deg C]
# name 9 = depSM: Depth [salt water, m], lat = 59.00
# name 10 = oxsolML/L: Oxygen Saturation, Garcia & Gordon [ml/l]
# name 11 = potemp090C: Potential Temperature [ITS-90, deg C]
# name 12 = sigma-é00: Density [sigma-theta, kg/m^3]
# name 13 = n2satML/L: Nitrogen Saturation [ml/l]
# name 14 = par: PAR/Irradiance, Biospherical/Licor
# name 15 = flag:  0.000e+00
# span 0 =          1,        428       
# span 1 = 286.373611, 286.374847       
# span 2 =    0.00000,    0.02965       
# span 3 =     0.0000,     1.7792       
# span 4 =      0.000,    106.750       
# span 5 =     -0.206,     18.224       
# span 6 =      6.231,  48591.285       
# span 7 =     0.0057,    30.8146       
# span 8 =     8.0454,     9.6689       
# span 9 =     -0.204,     18.053       
# span 10 =    6.53394,    8.27761      
# span 11 =     8.0454,     9.6672      
# span 12 =    -0.1489,    23.7528      
# span 13 =   11.81059,   15.14714      
# span 14 = 3.9727e-01, 1.2169e+01      
# span 15 = 0.0000e+00, 0.0000e+00      
# interval = seconds: 0.25
# start_time = Oct 13 2014 08:58:00 [Instrument's time stamp, header]
# bad_flag = -9.990e-29
*END*
          1 286.373611    0.00000     0.0000      0.000     -0.203      6.237     0.0057     8.0687     -0.201    8.27299     8.0687    -0.1489   15.13938 9.1550e+00 0.0000e+00
          2 286.373614    0.00007     0.0042      0.250     -0.203      6.237     0.0057     8.0687     -0.201    8.27298     8.0684    -0.1489   15.13936 8.9987e+00 0.0000e+00
          3 286.373617    0.00014     0.0083      0.500     -0.202      6.234     0.0057     8.0687     -0.200    8.27298     8.0676    -0.1489   15.13936 8.8557e+00 0.0000e+00
          4 286.373620    0.00021     0.0125      0.750     -0.202      6.233     0.0057     8.0684     -0.200    8.27304     8.0662    -0.1489   15.13946 8.8141e+00 0.0000e+00
          5 286.373623    0.00028     0.0167      1.000     -0.202      6.231     0.0057     8.0676     -0.200    8.27321     8.0641    -0.1488   15.13974 8.8307e+00 0.0000e+00
          6 286.373626    0.00035     0.0208      1.250     -0.202      6.237     0.0057     8.0662     -0.200    8.27349     8.0614    -0.1487   15.14022 8.8189e+00 0.0000e+00
          7 286.373628    0.00042     0.0250      1.500     -0.203      6.262     0.0057     8.0641     -0.201    8.27391     8.0580    -0.1486   15.14094 8.8675e+00 0.0000e+00
          8 286.373631    0.00049     0.0292      1.750     -0.203      6.304     0.0057     8.0614     -0.201    8.27447     8.0544    -0.1484   15.14188 8.9989e+00 0.0000e+00
          9 286.373634    0.00056     0.0333      2.000     -0.204      6.358     0.0057     8.0580     -0.202    8.27515     8.0510    -0.1482   15.14301 9.1417e+00 0.0000e+00
         10 286.373637    0.00063     0.0375      2.250     -0.205      6.449     0.0058     8.0544     -0.203    8.27588     8.0482    -0.1479   15.14425 9.3903e+00 0.0000e+00
         11 286.373640    0.00069     0.0417      2.500     -0.206      6.623     0.0059     8.0510     -0.204    8.27657     8.0465    -0.1476   15.14541 9.7990e+00 0.0000e+00
         12 286.373643    0.00076     0.0458      2.750     -0.206      6.926     0.0060     8.0482     -0.204    8.27711     8.0456    -0.1473   15.14633 1.0274e+01 0.0000e+00
         13 286.373646    0.00083     0.0500      3.000     -0.206      7.413     0.0063     8.0465     -0.204    8.27745     8.0454    -0.1470   15.14690 1.0709e+01 0.0000e+00
         14 286.373649    0.00090     0.0542      3.250     -0.205      8.166     0.0068     8.0456     -0.203    8.27760     8.0455    -0.1466   15.14714 1.1010e+01 0.0000e+00
         15 286.373652    0.00097     0.0583      3.500     -0.205      9.342     0.0075     8.0454     -0.203    8.27761     8.0457    -0.1460   15.14714 1.1175e+01 0.0000e+00
         16 286.373655    0.00104     0.0625      3.750     -0.205     11.230     0.0086     8.0455     -0.203    8.27754     8.0461    -0.1451   15.14701 1.1317e+01 0.0000e+00
         17 286.373657    0.00111     0.0667      4.000     -0.205     14.327     0.0105     8.0457     -0.203    8.27741     8.0467    -0.1436   15.14676 1.1495e+01 0.0000e+00
         18 286.373660    0.00118     0.0708      4.250     -0.205     19.456     0.0137     8.0461     -0.203    8.27718     8.0477    -0.1412   15.14633 1.1632e+01 0.0000e+00
         19 286.373663    0.00125     0.0750      4.500     -0.205     27.986     0.0189     8.0467     -0.203    8.27679     8.0489    -0.1371   15.14561 1.1703e+01 0.0000e+00
         20 286.373666    0.00132     0.0792      4.750     -0.205     42.192     0.0277     8.0477     -0.203    8.27617     8.0504    -0.1304   15.14445 1.1818e+01 0.0000e+00
         21 286.373669    0.00139     0.0833      5.000     -0.205     65.863     0.0423     8.0489     -0.203    8.27522     8.0525    -0.1190   15.14264 1.1994e+01 0.0000e+00
         22 286.373672    0.00146     0.0875      5.250     -0.205    105.318     0.0666     8.0504     -0.203    8.27373     8.0553    -0.1001   15.13981 1.2136e+01 0.0000e+00
         23 286.373675    0.00153     0.0917      5.500     -0.204    171.080     0.1071     8.0525     -0.202    8.27135     8.0591    -0.0686   15.13526 1.2169e+01 0.0000e+00
         24 286.373678    0.00160     0.0958      5.750     -0.204    280.676     0.1746     8.0553     -0.202    8.26751     8.0644    -0.0159   15.12787 1.2081e+01 0.0000e+00
         25 286.373681    0.00167     0.1000      6.000     -0.203    463.340     0.2871     8.0591     -0.201    8.26126     8.0721     0.0718   15.11583 1.1934e+01 0.0000e+00
         26 286.373683    0.00174     0.1042      6.250     -0.201    767.793     0.4747     8.0644     -0.199    8.25108     8.0836     0.2181   15.09616 1.1783e+01 0.0000e+00
         27 286.373686    0.00181     0.1083      6.500     -0.197   1275.213     0.7873     8.0721     -0.195    8.23437     8.1020     0.4621   15.06378 1.1661e+01 0.0000e+00
         28 286.373689    0.00187     0.1125      6.750     -0.191   2120.910     1.3082     8.0836     -0.189    8.20673     8.1318     0.8688   15.01021 1.1537e+01 0.0000e+00
         29 286.373692    0.00194     0.1167      7.000     -0.182   3530.416     2.1765     8.1020     -0.180    8.16087     8.1810     1.5467   14.92126 1.1378e+01 0.0000e+00
         30 286.373695    0.00201     0.1208      7.250     -0.166   5879.594     3.6237     8.1318     -0.165    8.08458     8.2628     2.6766   14.77326 1.1223e+01 0.0000e+00
         31 286.373698    0.00208     0.1250      7.500     -0.140   9794.869     6.0356     8.1810     -0.139    7.95754     8.3904     4.5598   14.52676 1.1049e+01 0.0000e+00
         32 286.373701    0.00215     0.1292      7.750     -0.099  16134.531     9.9612     8.2628     -0.098    7.75086     8.5571     7.6239   14.12590 1.0828e+01 0.0000e+00
         33 286.373704    0.00222     0.1333      8.000     -0.040  24753.653    15.3787     8.3904     -0.040    7.46596     8.7353    11.8485   13.57446 1.0557e+01 0.0000e+00
         34 286.373707    0.00229     0.1375      8.250      0.032  33246.837    20.8078     8.5571      0.032    7.17789     8.8999    16.0746   13.01911 1.0178e+01 0.0000e+00
         35 286.373709    0.00236     0.1417      8.500      0.113  39239.081    24.6759     8.7353      0.112    6.96497     9.0385    19.0763   12.61131 9.5821e+00 0.0000e+00
         36 286.373712    0.00243     0.1458      8.750      0.202  42804.441    26.9837     8.8999      0.200    6.82924     9.1467    20.8584   12.35357 8.5949e+00 0.0000e+00
         37 286.373715    0.00250     0.1500      9.000      0.295  44963.103    28.3873     9.0386      0.292    6.74110     9.2254    21.9364   12.18758 7.4277e+00 0.0000e+00
         38 286.373718    0.00257     0.1542      9.250      0.387  46254.652    29.2303     9.1468      0.383    6.68449     9.2791    22.5800   12.08182 6.6104e+00 0.0000e+00
         39 286.373721    0.00264     0.1583      9.500      0.470  46991.030    29.7108     9.2255      0.465    6.64959     9.3132    22.9443   12.01711 6.1667e+00 0.0000e+00
         40 286.373724    0.00271     0.1625      9.750      0.536  47387.907    29.9685     9.2791      0.531    6.62901     9.3330    23.1380   11.97926 5.9229e+00 0.0000e+00
         41 286.373727    0.00278     0.1667     10.000      0.581  47597.802    30.1035     9.3132      0.576    6.61721     9.3436    23.2386   11.95769 5.8732e+00 0.0000e+00
         42 286.373730    0.00285     0.1708     10.250      0.605  47750.115    30.2030     9.3330      0.599    6.60944     9.3501    23.3135   11.94339 5.9232e+00 0.0000e+00
         43 286.373733    0.00292     0.1750     10.500      0.613  47903.885    30.3062     9.3436      0.607    6.60312     9.3559    23.3926   11.93153 5.9907e+00 0.0000e+00
         44 286.373736    0.00299     0.1792     10.750      0.612  48045.041    30.4024     9.3501      0.606    6.59784     9.3617    23.4669   11.92154 6.0551e+00 0.0000e+00
         45 286.373738    0.00306     0.1833     11.000      0.606  48146.082    30.4718     9.3559      0.600    6.59391     9.3674    23.5203   11.91414 6.0971e+00 0.0000e+00
         46 286.373741    0.00313     0.1875     11.250      0.599  48201.987    30.5105     9.3617      0.593    6.59132     9.3724    23.5496   11.90935 6.1502e+00 0.0000e+00
         47 286.373744    0.00319     0.1917     11.500      0.592  48223.608    30.5256     9.3674      0.586    6.58980     9.3765    23.5605   11.90663 6.2215e+00 0.0000e+00
         48 286.373747    0.00326     0.1958     11.750      0.586  48237.625    30.5357     9.3725      0.581    6.58861     9.3796    23.5676   11.90453 6.2679e+00 0.0000e+00
         49 286.373750    0.00333     0.2000     12.000      0.585  48266.784    30.5564     9.3765      0.580    6.58713     9.3823    23.5831   11.90181 6.2840e+00 0.0000e+00
         50 286.373753    0.00340     0.2042     12.250      0.591  48299.608    30.5797     9.3797      0.586    6.58566     9.3850    23.6008   11.89910 6.2545e+00 0.0000e+00
         51 286.373756    0.00347     0.2083     12.500      0.607  48323.530    30.5967     9.3824      0.602    6.58454     9.3878    23.6137   11.89703 6.1942e+00 0.0000e+00
         52 286.373759    0.00354     0.2125     12.750      0.633  48340.277    30.6087     9.3850      0.628    6.58365     9.3909    23.6227   11.89540 6.1161e+00 0.0000e+00
         53 286.373762    0.00361     0.2167     13.000      0.668  48351.780    30.6171     9.3878      0.662    6.58288     9.3946    23.6288   11.89403 6.0382e+00 0.0000e+00
         54 286.373764    0.00368     0.2208     13.250      0.708  48360.254    30.6234     9.3910      0.701    6.58215     9.3990    23.6332   11.89274 6.0014e+00 0.0000e+00
         55 286.373767    0.00375     0.2250     13.500      0.747  48367.321    30.6288     9.3947      0.741    6.58137     9.4038    23.6369   11.89140 5.9757e+00 0.0000e+00
         56 286.373770    0.00382     0.2292     13.750      0.781  48374.773    30.6346     9.3990      0.774    6.58050     9.4090    23.6407   11.88987 5.9682e+00 0.0000e+00
         57 286.373773    0.00389     0.2333     14.000      0.803  48382.798    30.6409     9.4039      0.796    6.57952     9.4141    23.6449   11.88818 6.0174e+00 0.0000e+00
         58 286.373776    0.00396     0.2375     14.250      0.812  48388.927    30.6459     9.4091      0.804    6.57855     9.4185    23.6480   11.88651 6.0825e+00 0.0000e+00
         59 286.373779    0.00403     0.2417     14.500      0.805  48391.804    30.6486     9.4142      0.798    6.57770     9.4218    23.6493   11.88507 6.1109e+00 0.0000e+00
         60 286.373782    0.00410     0.2458     14.750      0.786  48392.238    30.6495     9.4186      0.779    6.57701     9.4235    23.6493   11.88392 6.1363e+00 0.0000e+00
         61 286.373785    0.00417     0.2500     15.000      0.757  48391.327    30.6493     9.4218      0.750    6.57655     9.4238    23.6486   11.88316 6.2094e+00 0.0000e+00
         62 286.373788    0.00424     0.2542     15.250      0.722  48389.982    30.6486     9.4236      0.716    6.57633     9.4230    23.6478   11.88280 6.2930e+00 0.0000e+00
         63 286.373791    0.00431     0.2583     15.500      0.688  48388.834    30.6478     9.4238      0.682    6.57632     9.4215    23.6472   11.88279 6.3622e+00 0.0000e+00
         64 286.373793    0.00438     0.2625     15.750      0.655  48387.941    30.6471     9.4230      0.649    6.57647     9.4199    23.6467   11.88305 6.4572e+00 0.0000e+00
         65 286.373796    0.00444     0.2667     16.000      0.622  48387.092    30.6463     9.4216      0.617    6.57672     9.4188    23.6463   11.88346 6.5807e+00 0.0000e+00
         66 286.373799    0.00451     0.2708     16.250      0.589  48386.743    30.6459     9.4200      0.584    6.57697     9.4186    23.6462   11.88388 6.6601e+00 0.0000e+00
         67 286.373802    0.00458     0.2750     16.500      0.557  48388.174    30.6467     9.4189      0.552    6.57710     9.4193    23.6471   11.88409 6.6734e+00 0.0000e+00
         68 286.373805    0.00465     0.2792     16.750      0.528  48392.073    30.6495     9.4187      0.523    6.57701     9.4206    23.6493   11.88392 6.6058e+00 0.0000e+00
         69 286.373808    0.00472     0.2833     17.000      0.509  48396.587    30.6527     9.4194      0.504    6.57677     9.4221    23.6517   11.88347 6.4339e+00 0.0000e+00
         70 286.373811    0.00479     0.2875     17.250      0.505  48398.650    30.6543     9.4207      0.500    6.57651     9.4234    23.6528   11.88303 6.2670e+00 0.0000e+00
         71 286.373814    0.00486     0.2917     17.500      0.516  48397.348    30.6536     9.4221      0.511    6.57633     9.4246    23.6520   11.88274 6.1584e+00 0.0000e+00
         72 286.373817    0.00493     0.2958     17.750      0.542  48394.557    30.6518     9.4235      0.537    6.57621     9.4260    23.6504   11.88256 6.0470e+00 0.0000e+00
         73 286.373819    0.00500     0.3000     18.000      0.580  48393.995    30.6515     9.4247      0.574    6.57604     9.4276    23.6500   11.88229 5.9314e+00 0.0000e+00
         74 286.373822    0.00507     0.3042     18.250      0.627  48398.166    30.6546     9.4261      0.621    6.57572     9.4298    23.6522   11.88171 5.8347e+00 0.0000e+00
         75 286.373825    0.00514     0.3083     18.500      0.682  48405.085    30.6597     9.4277      0.675    6.57526     9.4325    23.6559   11.88089 5.7914e+00 0.0000e+00
         76 286.373828    0.00521     0.3125     18.750      0.740  48410.733    30.6639     9.4299      0.733    6.57477     9.4356    23.6589   11.88002 5.8134e+00 0.0000e+00
         77 286.373831    0.00528     0.3167     19.000      0.796  48412.596    30.6655     9.4326      0.788    6.57430     9.4382    23.6597   11.87922 5.8065e+00 0.0000e+00
         78 286.373834    0.00535     0.3208     19.250      0.841  48410.015    30.6641     9.4357      0.833    6.57391     9.4399    23.6581   11.87861 5.7459e+00 0.0000e+00
         79 286.373837    0.00542     0.3250     19.500      0.871  48404.258    30.6604     9.4383      0.863    6.57369     9.4407    23.6548   11.87827 5.7387e+00 0.0000e+00
         80 286.373840    0.00549     0.3292     19.750      0.881  48398.084    30.6563     9.4400      0.873    6.57361     9.4408    23.6513   11.87819 5.8664e+00 0.0000e+00
         81 286.373843    0.00556     0.3333     20.000      0.868  48394.182    30.6537     9.4408      0.860    6.57360     9.4403    23.6492   11.87822 6.0829e+00 0.0000e+00
         82 286.373845    0.00562     0.3375     20.250      0.833  48392.901    30.6528     9.4409      0.825    6.57363     9.4392    23.6485   11.87827 6.2798e+00 0.0000e+00
         83 286.373848    0.00569     0.3417     20.500      0.775  48391.941    30.6520     9.4404      0.768    6.57374     9.4377    23.6480   11.87846 6.4988e+00 0.0000e+00
         84 286.373851    0.00576     0.3458     20.750      0.702  48389.257    30.6500     9.4393      0.695    6.57398     9.4359    23.6466   11.87888 6.8234e+00 0.0000e+00
         85 286.373854    0.00583     0.3500     21.000      0.623  48384.128    30.6463     9.4378      0.617    6.57436     9.4340    23.6439   11.87955 7.1383e+00 0.0000e+00
         86 286.373857    0.00590     0.3542     21.250      0.551  48375.825    30.6403     9.4360      0.545    6.57487     9.4319    23.6394   11.88048 7.2978e+00 0.0000e+00
         87 286.373860    0.00597     0.3583     21.500      0.494  48363.000    30.6310     9.4341      0.489    6.57554     9.4296    23.6325   11.88171 7.3020e+00 0.0000e+00
         88 286.373863    0.00604     0.3625     21.750      0.459  48343.408    30.6170     9.4320      0.455    6.57644     9.4269    23.6219   11.88337 7.1874e+00 0.0000e+00
         89 286.373866    0.00611     0.3667     22.000      0.450  48314.793    30.5967     9.4296      0.446    6.57765     9.4237    23.6064   11.88561 6.9783e+00 0.0000e+00
         90 286.373869    0.00618     0.3708     22.250      0.465  48281.454    30.5729     9.4269      0.461    6.57905     9.4201    23.5883   11.88822 6.7330e+00 0.0000e+00
