CTD-processing/allCTD/CNV--turbid/2014_02-17_t7_s21_cast217.cnv
* Sea-Bird SBE19plus Data File:
* FileName = C:\Users\kris.holderied\Documents\kasitsna\Research-Projects-and-Data\Oceanography-AK\CTD-CookInlet-GulfWatchAK\2014-02-EVOSTC-CookInlet-LTM-BATCH-UPLOAD\2014-02-CookInlet-Seasonal-cast217.hex
* Software Version 1.59
* Temperature SN =  5028
* Conductivity SN =  5028
* System UpLoad Time = Apr 09 2014 20:41:57
** Cook Inlet LTM 2014 February Seasonal - Batch upload
** Date: 2014-02-17
** Station: 7-21
** Start time: 12:01
** Depth (m): 72
** CoComment:
** Comment:
# nquan = 16
# nvalues = 562                         
# units = specified
# name 0 = scan: Scan Count
# name 1 = timeJ: Julian Days
# name 2 = timeH: Time, Elapsed [hours]
# name 3 = timeM: Time, Elapsed [minutes]
# name 4 = timeS: Time, Elapsed [seconds]
# name 5 = prdM: Pressure, Strain Gauge [db]
# name 6 = specc: Specific Conductance [uS/cm]
# name 7 = sal00: Salinity, Practical [PSU]
# name 8 = tv290C: Temperature [ITS-90, deg C]
# name 9 = depSM: Depth [salt water, m], lat = 59.00
# name 10 = oxsolML/L: Oxygen Saturation, Garcia & Gordon [ml/l]
# name 11 = potemp090C: Potential Temperature [ITS-90, deg C]
# name 12 = sigma-é00: Density [sigma-theta, kg/m^3]
# name 13 = n2satML/L: Nitrogen Saturation [ml/l]
# name 14 = par: PAR/Irradiance, Biospherical/Licor
# name 15 = flag:  0.000e+00
# span 0 =          1,        562       
# span 1 =  48.500602,  48.502225       
# span 2 =    0.00000,    0.03896       
# span 3 =     0.0000,     2.3375       
# span 4 =      0.000,    140.250       
# span 5 =     -0.340,     71.354       
# span 6 =    313.774,  51387.593       
# span 7 =     0.1380,    31.8823       
# span 8 =     0.1956,     4.8556       
# span 9 =     -0.337,     70.674       
# span 10 =    7.24752,   10.16454      
# span 11 =     0.1956,     4.8505      
# span 12 =    -0.0309,    25.2381      
# span 13 =   12.97726,   18.30970      
# span 14 = 4.2028e-02, 8.9186e+01      
# span 15 = 0.0000e+00, 0.0000e+00      
# interval = seconds: 0.25
# start_time = Feb 17 2014 12:00:52 [Instrument's time stamp, header]
# bad_flag = -9.990e-29
*END*
[from data line 91]
         92  48.500865    0.00632     0.3792     22.750      1.071  51012.548    31.5136     4.1062      1.061    7.39828     4.1910    25.0035   13.23090 4.3643e+01 0.0000e+00
         93  48.500868    0.00639     0.3833     23.000      1.024  51116.596    31.5916     4.1357      1.014    7.38909     4.2599    25.0625   13.21470 4.2980e+01 0.0000e+00
         94  48.500871    0.00646     0.3875     23.250      1.000  51169.955    31.6410     4.1910      0.991    7.37672     4.3313    25.0963   13.19365 4.2375e+01 0.0000e+00
         95  48.500874    0.00653     0.3917     23.500      1.003  51177.390    31.6621     4.2599      0.993    7.36334     4.3967    25.1063   13.17128 4.1923e+01 0.0000e+00
         96  48.500877    0.00660     0.3958     23.750      1.032  51144.157    31.6560     4.3313      1.022    7.35089     4.4509    25.0943   13.15080 4.1252e+01 0.0000e+00
         97  48.500880    0.00667     0.4000     24.000      1.085  51079.936    31.6271     4.3967      1.075    7.34066     4.4916    25.0649   13.13428 4.0174e+01 0.0000e+00
         98  48.500883    0.00674     0.4042     24.250      1.156  50994.112    31.5808     4.4510      1.145    7.33329     4.5174    25.0227   13.12273 3.9077e+01 0.0000e+00
         99  48.500885    0.00681     0.4083     24.500      1.238  50886.668    31.5166     4.4916      1.226    7.32924     4.5272    24.9677   13.11688 3.8404e+01 0.0000e+00
        100  48.500888    0.00688     0.4125     24.750      1.322  50746.509    31.4265     4.5175      1.309    7.32909     4.5189    24.8936   13.11780 3.8268e+01 0.0000e+00
        101  48.500891    0.00694     0.4167     25.000      1.398  50575.918    31.3120     4.5273      1.385    7.33301     4.4894    24.8018   13.12575 3.8559e+01 0.0000e+00
        102  48.500894    0.00701     0.4208     25.250      1.458  50414.471    31.1997     4.5190      1.444    7.34002     4.4371    24.7135   13.13879 3.8956e+01 0.0000e+00
        103  48.500897    0.00708     0.4250     25.500      1.497  50318.908    31.1277     4.4895      1.483    7.34881     4.3705    24.6593   13.15425 3.9118e+01 0.0000e+00
        104  48.500900    0.00715     0.4292     25.750      1.514  50326.241    31.1209     4.4372      1.500    7.35847     4.3080    24.6592   13.17030 3.9041e+01 0.0000e+00
        105  48.500903    0.00722     0.4333     26.000      1.511  50435.650    31.1806     4.3706      1.497    7.36738     4.2637    24.7131   13.18422 3.9059e+01 0.0000e+00
        106  48.500906    0.00729     0.4375     26.250      1.498  50609.410    31.2850     4.3081      1.483    7.37337     4.2458    24.8022   13.19276 3.9537e+01 0.0000e+00
        107  48.500909    0.00736     0.4417     26.500      1.483  50785.851    31.3953     4.2638      1.469    7.37580     4.2575    24.8942   13.19534 4.0519e+01 0.0000e+00
        108  48.500911    0.00743     0.4458     26.750      1.472  50904.137    31.4720     4.2459      1.458    7.37518     4.2910    24.9569   13.19331 4.1465e+01 0.0000e+00
        109  48.500914    0.00750     0.4500     27.000      1.465  50929.397    31.4920     4.2576      1.451    7.37210     4.3315    24.9716   13.18796 4.1799e+01 0.0000e+00
        110  48.500917    0.00757     0.4542     27.250      1.456  50857.330    31.4506     4.2911      1.443    7.36815     4.3681    24.9354   13.18198 4.1554e+01 0.0000e+00
        111  48.500920    0.00764     0.4583     27.500      1.441  50719.025    31.3654     4.3316      1.428    7.36514     4.3978    24.8638   13.17812 4.1111e+01 0.0000e+00
        112  48.500923    0.00771     0.4625     27.750      1.415  50574.646    31.2752     4.3682      1.402    7.36307     4.4199    24.7886   13.17587 4.1070e+01 0.0000e+00
        113  48.500926    0.00778     0.4667     28.000      1.376  50469.505    31.2102     4.3978      1.363    7.36100     4.4352    24.7340   13.17331 4.1982e+01 0.0000e+00
        114  48.500929    0.00785     0.4708     28.250      1.326  50411.565    31.1757     4.4199      1.313    7.35877     4.4462    24.7044   13.17007 4.3525e+01 0.0000e+00
        115  48.500932    0.00792     0.4750     28.500      1.269  50389.723    31.1643     4.4352      1.257    7.35660     4.4554    24.6938   13.16665 4.4797e+01 0.0000e+00
        116  48.500935    0.00799     0.4792     28.750      1.209  50393.963    31.1697     4.4463      1.197    7.35437     4.4647    24.6971   13.16290 4.5326e+01 0.0000e+00
        117  48.500937    0.00806     0.4833     29.000      1.150  50429.685    31.1962     4.4555      1.140    7.35143     4.4765    24.7172   13.15768 4.5081e+01 0.0000e+00
        118  48.500940    0.00813     0.4875     29.250      1.099  50508.971    31.2526     4.4648      1.089    7.34699     4.4926    24.7609   13.14963 4.4184e+01 0.0000e+00
        119  48.500943    0.00819     0.4917     29.500      1.061  50622.017    31.3325     4.4766      1.051    7.34095     4.5126    24.8232   13.13862 4.3033e+01 0.0000e+00
        120  48.500946    0.00826     0.4958     29.750      1.041  50736.775    31.4146     4.4927      1.032    7.33405     4.5343    24.8867   13.12615 4.2017e+01 0.0000e+00
        121  48.500949    0.00833     0.5000     30.000      1.043  50827.877    31.4815     4.5127      1.033    7.32720     4.5550    24.9377   13.11398 4.1138e+01 0.0000e+00
        122  48.500952    0.00840     0.5042     30.250      1.065  50888.621    31.5279     4.5344      1.056    7.32109     4.5735    24.9723   13.10329 4.0200e+01 0.0000e+00
        123  48.500955    0.00847     0.5083     30.500      1.106  50923.382    31.5563     4.5551      1.096    7.31602     4.5891    24.9928   13.09455 3.9146e+01 0.0000e+00
        124  48.500958    0.00854     0.5125     30.750      1.162  50944.221    31.5747     4.5736      1.151    7.31186     4.6015    25.0055   13.08743 3.8074e+01 0.0000e+00
        125  48.500961    0.00861     0.5167     31.000      1.234  50963.813    31.5916     4.5892      1.222    7.30827     4.6099    25.0173   13.08129 3.7045e+01 0.0000e+00
        126  48.500964    0.00868     0.5208     31.250      1.321  50981.198    31.6062     4.6016      1.309    7.30537     4.6135    25.0276   13.07630 3.6213e+01 0.0000e+00
        127  48.500966    0.00875     0.5250     31.500      1.420  50984.227    31.6102     4.6100      1.407    7.30369     4.6115    25.0298   13.07349 3.5857e+01 0.0000e+00
        128  48.500969    0.00882     0.5292     31.750      1.522  50961.585    31.5954     4.6136      1.508    7.30377     4.6013    25.0178   13.07382 3.6037e+01 0.0000e+00
        129  48.500972    0.00889     0.5333     32.000      1.614  50902.659    31.5545     4.6116      1.599    7.30616     4.5785    24.9855   13.07828 3.6623e+01 0.0000e+00
        130  48.500975    0.00896     0.5375     32.250      1.682  50806.956    31.4866     4.6014      1.666    7.31130     4.5377    24.9327   13.08765 3.7510e+01 0.0000e+00
        131  48.500978    0.00903     0.5417     32.500      1.714  50715.748    31.4190     4.5786      1.698    7.31864     4.4791    24.8814   13.10066 3.8554e+01 0.0000e+00
        132  48.500981    0.00910     0.5458     32.750      1.704  50691.586    31.3932     4.5378      1.688    7.32714     4.4150    24.8651   13.11501 3.9605e+01 0.0000e+00
        133  48.500984    0.00917     0.5500     33.000      1.651  50748.491    31.4189     4.4792      1.636    7.33626     4.3611    24.8914   13.12974 4.0672e+01 0.0000e+00
        134  48.500987    0.00924     0.5542     33.250      1.563  50851.156    31.4746     4.4151      1.548    7.34490     4.3259    24.9420   13.14327 4.1836e+01 0.0000e+00
        135  48.500990    0.00931     0.5583     33.500      1.451  50963.810    31.5394     4.3612      1.437    7.35127     4.3106    24.9989   13.15295 4.3189e+01 0.0000e+00
        136  48.500992    0.00937     0.5625     33.750      1.330  51065.709    31.6011     4.3260      1.318    7.35448     4.3148    25.0514   13.15745 4.4651e+01 0.0000e+00
        137  48.500995    0.00944     0.5667     34.000      1.216  51141.181    31.6493     4.3107      1.205    7.35481     4.3370    25.0912   13.15736 4.5810e+01 0.0000e+00
        138  48.500998    0.00951     0.5708     34.250      1.118  51181.159    31.6776     4.3149      1.108    7.35266     4.3720    25.1133   13.15345 4.6357e+01 0.0000e+00
        139  48.501001    0.00958     0.5750     34.500      1.040  51190.149    31.6890     4.3371      1.031    7.34815     4.4121    25.1201   13.14585 4.6336e+01 0.0000e+00
        140  48.501004    0.00965     0.5792     34.750      0.984  51177.442    31.6884     4.3720      0.975    7.34196     4.4513    25.1161   13.13565 4.6115e+01 0.0000e+00
        141  48.501007    0.00972     0.5833     35.000      0.947  51148.077    31.6775     4.4121      0.939    7.33537     4.4861    25.1035   13.12492 4.5901e+01 0.0000e+00
        142  48.501010    0.00979     0.5875     35.250      0.930  51106.340    31.6580     4.4514      0.922    7.32937     4.5147    25.0840   13.11526 4.5552e+01 0.0000e+00
        143  48.501013    0.00986     0.5917     35.500      0.932  51060.761    31.6347     4.4861      0.923    7.32436     4.5379    25.0620   13.10729 4.4873e+01 0.0000e+00
        144  48.501016    0.00993     0.5958     35.750      0.953  51021.356    31.6143     4.5148      0.944    7.32029     4.5570    25.0428   13.10084 4.3719e+01 0.0000e+00
        145  48.501019    0.01000     0.6000     36.000      0.995  50995.918    31.6021     4.5380      0.986    7.31679     4.5735    25.0308   13.09522 4.2247e+01 0.0000e+00
        146  48.501021    0.01007     0.6042     36.250      1.058  50989.002    31.6017     4.5571      1.048    7.31343     4.5879    25.0286   13.08967 4.0611e+01 0.0000e+00
        147  48.501024    0.01014     0.6083     36.500      1.141  50999.859    31.6128     4.5736      1.131    7.30998     4.6004    25.0357   13.08383 3.8868e+01 0.0000e+00
        148  48.501027    0.01021     0.6125     36.750      1.244  51020.102    31.6299     4.5880      1.233    7.30659     4.6102    25.0478   13.07802 3.7282e+01 0.0000e+00
        149  48.501030    0.01028     0.6167     37.000      1.362  51035.443    31.6431     4.6005      1.349    7.30374     4.6157    25.0570   13.07313 3.6110e+01 0.0000e+00
        150  48.501033    0.01035     0.6208     37.250      1.483  51032.361    31.6432     4.6103      1.469    7.30202     4.6149    25.0560   13.07030 3.5438e+01 0.0000e+00
        151  48.501036    0.01042     0.6250     37.500      1.596  51000.967    31.6229     4.6159      1.580    7.30204     4.6041    25.0393   13.07059 3.5171e+01 0.0000e+00
        152  48.501039    0.01049     0.6292     37.750      1.685  50934.166    31.5768     4.6150      1.669    7.30445     4.5779    25.0029   13.07517 3.5257e+01 0.0000e+00
        153  48.501042    0.01056     0.6333     38.000      1.742  50845.552    31.5136     4.6042      1.726    7.30947     4.5319    24.9538   13.08428 3.5709e+01 0.0000e+00
        154  48.501045    0.01063     0.6375     38.250      1.760  50786.177    31.4670     4.5780      1.744    7.31639     4.4697    24.9195   13.09631 3.6496e+01 0.0000e+00
        155  48.501047    0.01069     0.6417     38.500      1.738  50802.637    31.4678     4.5320      1.722    7.32449     4.4043    24.9249   13.10968 3.7661e+01 0.0000e+00
        156  48.501050    0.01076     0.6458     38.750      1.678  50887.907    31.5120     4.4698      1.662    7.33334     4.3490    24.9663   13.12371 3.9227e+01 0.0000e+00
        157  48.501053    0.01083     0.6500     39.000      1.588  51002.697    31.5757     4.4044      1.573    7.34179     4.3106    25.0234   13.13683 4.0937e+01 0.0000e+00
        158  48.501056    0.01090     0.6542     39.250      1.477  51114.521    31.6396     4.3491      1.464    7.34847     4.2914    25.0797   13.14702 4.2579e+01 0.0000e+00
        159  48.501059    0.01097     0.6583     39.500      1.360  51203.055    31.6914     4.3107      1.348    7.35273     4.2909    25.1246   13.15339 4.4187e+01 0.0000e+00
        160  48.501062    0.01104     0.6625     39.750      1.248  51256.118    31.7233     4.2914      1.237    7.35458     4.3068    25.1519   13.15602 4.5490e+01 0.0000e+00
        161  48.501065    0.01111     0.6667     40.000      1.151  51271.981    31.7342     4.2909      1.140    7.35413     4.3346    25.1606   13.15514 4.5750e+01 0.0000e+00
        162  48.501068    0.01118     0.6708     40.250      1.073  51259.455    31.7294     4.3068      1.063    7.35153     4.3690    25.1552   13.15091 4.4383e+01 0.0000e+00
        163  48.501071    0.01125     0.6750     40.500      1.018  51230.529    31.7161     4.3347      1.008    7.34723     4.4053    25.1418   13.14399 4.1630e+01 0.0000e+00
        164  48.501073    0.01132     0.6792     40.750      0.984  51192.589    31.6981     4.3690      0.975    7.34201     4.4400    25.1241   13.13560 3.8450e+01 0.0000e+00
        165  48.501076    0.01139     0.6833     41.000      0.973  51149.438    31.6769     4.4053      0.964    7.33660     4.4708    25.1037   13.12696 3.5903e+01 0.0000e+00
        166  48.501079    0.01146     0.6875     41.250      0.982  51106.382    31.6554     4.4400      0.973    7.33151     4.4971    25.0831   13.11883 3.4410e+01 0.0000e+00
        167  48.501082    0.01153     0.6917     41.500      1.010  51069.635    31.6373     4.4708      1.001    7.32693     4.5194    25.0656   13.11151 3.3655e+01 0.0000e+00
        168  48.501085    0.01160     0.6958     41.750      1.056  51044.219    31.6259     4.4971      1.046    7.32284     4.5393    25.0539   13.10490 3.3296e+01 0.0000e+00
        169  48.501088    0.01167     0.7000     42.000      1.117  51034.039    31.6240     4.5195      1.107    7.31898     4.5579    25.0501   13.09855 3.3139e+01 0.0000e+00
        170  48.501091    0.01174     0.7042     42.250      1.192  51040.027    31.6325     4.5394      1.180    7.31505     4.5753    25.0548   13.09194 3.2989e+01 0.0000e+00
        171  48.501094    0.01181     0.7083     42.500      1.278  51056.057    31.6477     4.5580      1.265    7.31101     4.5903    25.0650   13.08509 3.2808e+01 0.0000e+00
        172  48.501097    0.01188     0.7125     42.750      1.371  51069.073    31.6605     4.5754      1.358    7.30732     4.6013    25.0734   13.07882 3.2912e+01 0.0000e+00
        173  48.501100    0.01194     0.7167     43.000      1.468  51066.492    31.6621     4.5904      1.454    7.30460     4.6065    25.0731   13.07431 3.3528e+01 0.0000e+00
        174  48.501102    0.01201     0.7208     43.250      1.559  51040.275    31.6465     4.6014      1.545    7.30342     4.6036    25.0596   13.07257 3.4458e+01 0.0000e+00
        175  48.501105    0.01208     0.7250     43.500      1.634  50984.598    31.6095     4.6066      1.619    7.30432     4.5892    25.0297   13.07452 3.5509e+01 0.0000e+00
        176  48.501108    0.01215     0.7292     43.750      1.684  50905.704    31.5548     4.6037      1.668    7.30753     4.5600    24.9866   13.08053 3.6684e+01 0.0000e+00
        177  48.501111    0.01222     0.7333     44.000      1.699  50837.132    31.5045     4.5893      1.683    7.31254     4.5168    24.9482   13.08946 3.8046e+01 0.0000e+00
        178  48.501114    0.01229     0.7375     44.250      1.675  50820.379    31.4865     4.5601      1.660    7.31859     4.4683    24.9368   13.09969 3.9639e+01 0.0000e+00
        179  48.501117    0.01236     0.7417     44.500      1.615  50865.439    31.5076     4.5169      1.600    7.32519     4.4256    24.9580   13.11031 4.1536e+01 0.0000e+00
        180  48.501120    0.01243     0.7458     44.750      1.524  50949.138    31.5539     4.4684      1.509    7.33148     4.3949    24.9996   13.12010 4.3670e+01 0.0000e+00
