CTD-processing/allCTD/CNV--turbid/2014_10-13_t3_s11_cast088.cnv
* Sea-Bird SBE19plus Data File:
* FileName = C:\Users\kris.holderied\Documents\kasitsna\Research-Projects-and-Data\Oceanography-AK\CTD-Data-ALL-to-2014-10\2014-CTD-KachemakBay-CookInlet\2014-10-EVOSTC-CookInlet\2014-10-13-CookInlet-Tran3-AnchorPt\2014-10-13-CookInlet-Tran3-cast088.hex
* Software Version 1.59
* Temperature SN =  4141
* Conductivity SN =  4141
* System UpLoad Time = Oct 13 2014 18:13:30
** Cook Inlet LTM Tran3 (Anchor Pt)  southeast to northwest
** Date: 10-13
** Station: 3-11
** Start time: 14:31
** Depth (m): 36
** Comment:  CTD time is Alaska Daylight time.  R/V Pandalus. Transducer  depth.
** Comment:
# nquan = 16
# nvalues = 567                         
# units = specified
# name 0 = scan: Scan Count
# name 1 = timeJ: Julian Days
# name 2 = timeH: Time, Elapsed [hours]
# name 3 = timeM: Time, Elapsed [minutes]
# name 4 = timeS: Time, Elapsed [seconds]
# name 5 = prdM: Pressure, Strain Gauge [db]
# name 6 = specc: Specific Conductance [uS/cm]
# name 7 = sal00: Salinity, Practical [PSU]
# name 8 = tv290C: Temperature [ITS-90, deg C]
# name 9 = depSM: Depth [salt water, m], lat = 59.00
# name 10 = oxsolML/L: Oxygen Saturation, Garcia & Gordon [ml/l]
# name 11 = potemp090C: Potential Temperature [ITS-90, deg C]
# name 12 = sigma-é00: Density [sigma-theta, kg/m^3]
# name 13 = n2satML/L: Nitrogen Saturation [ml/l]
# name 14 = par: PAR/Irradiance, Biospherical/Licor
# name 15 = flag:  0.000e+00
# span 0 =          1,        567       
# span 1 = 286.605000, 286.606638       
# span 2 =    0.00000,    0.03931       
# span 3 =     0.0000,     2.3583       
# span 4 =      0.000,    141.500       
# span 5 =     -0.181,     36.943       
# span 6 =    394.862,  47610.380       
# span 7 =     0.1866,    30.1323       
# span 8 =     9.7640,    10.1878       
# span 9 =     -0.179,     36.594       
# span 10 =    6.54165,    7.85878      
# span 11 =     9.7631,    10.1816      
# span 12 =    -0.1679,    23.1896      
# span 13 =   11.83194,   14.43712      
# span 14 = 3.6382e-02, 7.9192e+01      
# span 15 = 0.0000e+00, 0.0000e+00      
# interval = seconds: 0.25
# start_time = Oct 13 2014 14:31:12 [Instrument's time stamp, header]
# bad_flag = -9.990e-29
*END*
          1 286.605000    0.00000     0.0000      0.000     -0.172    394.862     0.1866    10.1878     -0.171    7.85456    10.1816    -0.1679   14.43030 7.2980e+01 0.0000e+00
          2 286.605003    0.00007     0.0042      0.250     -0.171    395.236     0.1869    10.1855     -0.169    7.85499    10.1759    -0.1675   14.43101 6.8660e+01 0.0000e+00
          3 286.605006    0.00014     0.0083      0.500     -0.170    396.492     0.1876    10.1816     -0.168    7.85568    10.1695    -0.1665   14.43217 6.2578e+01 0.0000e+00
          4 286.605009    0.00021     0.0125      0.750     -0.169    399.615     0.1893    10.1759     -0.167    7.85664    10.1637    -0.1647   14.43378 5.5160e+01 0.0000e+00
          5 286.605012    0.00028     0.0167      1.000     -0.167    405.834     0.1926    10.1695     -0.166    7.85766    10.1591    -0.1615   14.43545 4.8221e+01 0.0000e+00
          6 286.605014    0.00035     0.0208      1.250     -0.166    416.927     0.1985    10.1637     -0.165    7.85843    10.1557    -0.1564   14.43668 4.5025e+01 0.0000e+00
          7 286.605017    0.00042     0.0250      1.500     -0.166    435.979     0.2085    10.1591     -0.165    7.85878    10.1537    -0.1481   14.43712 4.7807e+01 0.0000e+00
          8 286.605020    0.00049     0.0292      1.750     -0.167    468.328     0.2256    10.1557     -0.165    7.85856    10.1528    -0.1344   14.43649 5.5449e+01 0.0000e+00
          9 286.605023    0.00056     0.0333      2.000     -0.168    522.817     0.2544    10.1537     -0.167    7.85751    10.1526    -0.1117   14.43430 6.5129e+01 0.0000e+00
         10 286.605026    0.00063     0.0375      2.250     -0.171    614.057     0.3025    10.1528     -0.169    7.85529    10.1529    -0.0739   14.42984 7.4037e+01 0.0000e+00
         11 286.605029    0.00069     0.0417      2.500     -0.174    766.235     0.3827    10.1526     -0.172    7.85133    10.1534    -0.0111   14.42198 7.9192e+01 0.0000e+00
         12 286.605032    0.00076     0.0458      2.750     -0.177   1019.177     0.5161    10.1529     -0.175    7.84464    10.1540     0.0934   14.40873 7.9080e+01 0.0000e+00
         13 286.605035    0.00083     0.0500      3.000     -0.178   1438.549     0.7373    10.1534     -0.176    7.83355    10.1546     0.2667   14.38674 7.4912e+01 0.0000e+00
         14 286.605038    0.00090     0.0542      3.250     -0.179   2091.763     1.0833    10.1540     -0.178    7.81624    10.1553     0.5378   14.35245 6.9685e+01 0.0000e+00
         15 286.605041    0.00097     0.0583      3.500     -0.180   2908.725     1.5197    10.1546     -0.179    7.79447    10.1562     0.8794   14.30930 6.4763e+01 0.0000e+00
         16 286.605043    0.00104     0.0625      3.750     -0.181   3685.178     1.9393    10.1553     -0.179    7.77357    10.1573     1.2077   14.26788 6.0169e+01 0.0000e+00
         17 286.605046    0.00111     0.0667      4.000     -0.180   4257.503     2.2522    10.1561     -0.178    7.75797    10.1588     1.4524   14.23700 5.6183e+01 0.0000e+00
         18 286.605049    0.00118     0.0708      4.250     -0.180   4547.654     2.4130    10.1573     -0.178    7.74990    10.1606     1.5780   14.22108 5.2820e+01 0.0000e+00
         19 286.605052    0.00125     0.0750      4.500     -0.178   4614.182     2.4541    10.1588     -0.176    7.74778    10.1627     1.6099   14.21700 5.2009e+01 0.0000e+00
         20 286.605055    0.00132     0.0792      4.750     -0.176   4612.374     2.4639    10.1606     -0.174    7.74730    10.1649     1.6171   14.21620 5.4705e+01 0.0000e+00
         21 286.605058    0.00139     0.0833      5.000     -0.172   4662.740     2.5127    10.1627     -0.170    7.74507    10.1665     1.6544   14.21201 5.8577e+01 0.0000e+00
         22 286.605061    0.00146     0.0875      5.250     -0.166   4882.991     2.6711    10.1649     -0.164    7.73779    10.1663     1.7770   14.19791 6.1247e+01 0.0000e+00
         23 286.605064    0.00153     0.0917      5.500     -0.155   5438.633     3.0402    10.1665     -0.154    7.72084    10.1626     2.0635   14.16474 6.1750e+01 0.0000e+00
         24 286.605067    0.00160     0.0958      5.750     -0.138   6551.339     3.7587    10.1663     -0.136    7.68801    10.1533     2.6220   14.10022 5.9328e+01 0.0000e+00
         25 286.605069    0.00167     0.1000      6.000     -0.109   8558.354     5.0403    10.1626     -0.107    7.62975    10.1348     3.6190   13.98545 5.3503e+01 0.0000e+00
         26 286.605072    0.00174     0.1042      6.250     -0.060  12015.452     7.2379    10.1533     -0.059    7.53017    10.1019     5.3291   13.78912 4.6078e+01 0.0000e+00
         27 286.605075    0.00181     0.1083      6.500      0.022  17853.631    10.9426    10.1348      0.022    7.36266    10.0523     8.2123   13.45866 3.9394e+01 0.0000e+00
         28 286.605078    0.00187     0.1125      6.750      0.149  25910.734    16.0856    10.1020      0.148    7.13248     9.9937    12.2161   13.00450 3.2714e+01 0.0000e+00
         29 286.605081    0.00194     0.1167      7.000      0.316  33674.250    21.0946    10.0524      0.314    6.91304     9.9393    16.1184   12.57115 2.6093e+01 0.0000e+00
         30 286.605084    0.00201     0.1208      7.250      0.495  39053.751    24.5894     9.9938      0.490    6.76443     9.8973    18.8450   12.27679 2.3329e+01 0.0000e+00
         31 286.605087    0.00208     0.1250      7.500      0.645  42242.229    26.6594     9.9393      0.639    6.67931     9.8703    20.4632   12.10728 2.6774e+01 0.0000e+00
         32 286.605090    0.00215     0.1292      7.750      0.731  44056.065    27.8358     9.8974      0.724    6.63256     9.8571    21.3845   12.01365 3.5241e+01 0.0000e+00
         33 286.605093    0.00222     0.1333      8.000      0.732  44953.080    28.4155     9.8703      0.725    6.61046     9.8547    21.8396   11.96908 4.5921e+01 0.0000e+00
         34 286.605095    0.00229     0.1375      8.250      0.648  45152.039    28.5398     9.8571      0.643    6.60682     9.8594    21.9383   11.96130 5.5784e+01 0.0000e+00
         35 286.605098    0.00236     0.1417      8.500      0.500  44692.807    28.2325     9.8548      0.495    6.62095     9.8686    21.6997   11.98887 6.1027e+01 0.0000e+00
         36 286.605101    0.00243     0.1458      8.750      0.322  43454.063    27.4120     9.8594      0.319    6.65708     9.8822    21.0609   12.05986 6.0882e+01 0.0000e+00
         37 286.605104    0.00250     0.1500      9.000      0.160  41112.117    25.8637     9.8686      0.159    6.72520     9.8995    19.8554   12.19377 5.9217e+01 0.0000e+00
         38 286.605107    0.00257     0.1542      9.250      0.051  37034.785    23.1691     9.8822      0.050    6.84409     9.9154    17.7576   12.42739 5.7913e+01 0.0000e+00
         39 286.605110    0.00264     0.1583      9.500     -0.003  32341.276    20.0682     9.8995     -0.003    6.98060     9.9219    15.3434   12.69571 5.6154e+01 0.0000e+00
         40 286.605113    0.00271     0.1625      9.750     -0.010  30476.321    18.8260     9.9154     -0.010    7.03337     9.9141    14.3749   12.79976 5.3320e+01 0.0000e+00
         41 286.605116    0.00278     0.1667     10.000      0.022  32964.458    20.4503     9.9219      0.022    6.95860     9.8942    15.6369   12.65331 5.0094e+01 0.0000e+00
         42 286.605119    0.00285     0.1708     10.250      0.086  37610.007    23.5161     9.9141      0.085    6.82211     9.8698    18.0222   12.38538 4.7584e+01 0.0000e+00
         43 286.605122    0.00292     0.1750     10.500      0.166  41510.073    26.1025     9.8942      0.164    6.70951     9.8476    20.0367   12.16391 4.5297e+01 0.0000e+00
         44 286.605124    0.00299     0.1792     10.750      0.249  43900.187    27.6878     9.8699      0.247    6.64234     9.8300    21.2735   12.03125 4.3117e+01 0.0000e+00
         45 286.605127    0.00306     0.1833     11.000      0.333  45345.594    28.6461     9.8476      0.330    6.60284     9.8172    22.0223   11.95291 4.0548e+01 0.0000e+00
         46 286.605130    0.00313     0.1875     11.250      0.428  46217.332    29.2236     9.8301      0.424    6.57963     9.8081    22.4742   11.90668 3.6553e+01 0.0000e+00
         47 286.605133    0.00319     0.1917     11.500      0.554  46739.283    29.5691     9.8173      0.549    6.56608     9.8015    22.7449   11.87957 3.1248e+01 0.0000e+00
         48 286.605136    0.00326     0.1958     11.750      0.732  47050.365    29.7747     9.8082      0.725    6.55823     9.7968    22.9062   11.86380 2.5647e+01 0.0000e+00
         49 286.605139    0.00333     0.2000     12.000      0.954  47239.501    29.8996     9.8016      0.946    6.55361     9.7940    23.0044   11.85447 2.3440e+01 0.0000e+00
         50 286.605142    0.00340     0.2042     12.250      1.181  47358.767    29.9785     9.7969      1.170    6.55078     9.7932    23.0665   11.84872 2.5531e+01 0.0000e+00
         51 286.605145    0.00347     0.2083     12.500      1.371  47435.694    30.0295     9.7941      1.358    6.54892     9.7942    23.1067   11.84496 2.8184e+01 0.0000e+00
         52 286.605148    0.00354     0.2125     12.750      1.512  47485.339    30.0627     9.7933      1.498    6.54757     9.7965    23.1327   11.84229 2.9939e+01 0.0000e+00
         53 286.605150    0.00361     0.2167     13.000      1.609  47516.866    30.0841     9.7944      1.594    6.54648     9.7995    23.1491   11.84020 3.1891e+01 0.0000e+00
         54 286.605153    0.00368     0.2208     13.250      1.662  47536.664    30.0977     9.7967      1.646    6.54556     9.8026    23.1593   11.83849 3.3769e+01 0.0000e+00
         55 286.605156    0.00375     0.2250     13.500      1.672  47548.165    30.1058     9.7996      1.657    6.54478     9.8051    23.1651   11.83709 3.4579e+01 0.0000e+00
         56 286.605159    0.00382     0.2292     13.750      1.643  47552.350    30.1089     9.8027      1.627    6.54419     9.8065    23.1671   11.83607 3.5306e+01 0.0000e+00
         57 286.605162    0.00389     0.2333     14.000      1.577  47550.465    30.1078     9.8053      1.562    6.54386     9.8061    23.1658   11.83554 3.7121e+01 0.0000e+00
         58 286.605165    0.00396     0.2375     14.250      1.482  47545.345    30.1043     9.8066      1.468    6.54381     9.8041    23.1629   11.83550 3.9320e+01 0.0000e+00
         59 286.605168    0.00403     0.2417     14.500      1.365  47540.087    30.1006     9.8062      1.352    6.54402     9.8012    23.1601   11.83590 4.1554e+01 0.0000e+00
         60 286.605171    0.00410     0.2458     14.750      1.238  47536.770    30.0981     9.8042      1.226    6.54441     9.7981    23.1584   11.83658 4.4157e+01 0.0000e+00
         61 286.605174    0.00417     0.2500     15.000      1.115  47535.805    30.0971     9.8013      1.104    6.54487     9.7954    23.1581   11.83735 4.4816e+01 0.0000e+00
         62 286.605177    0.00424     0.2542     15.250      1.008  47536.240    30.0970     9.7982      0.998    6.54531     9.7932    23.1586   11.83808 4.2242e+01 0.0000e+00
         63 286.605179    0.00431     0.2583     15.500      0.931  47536.917    30.0972     9.7955      0.922    6.54570     9.7914    23.1591   11.83872 3.8693e+01 0.0000e+00
         64 286.605182    0.00438     0.2625     15.750      0.891  47537.142    30.0971     9.7933      0.882    6.54603     9.7901    23.1594   11.83926 3.5114e+01 0.0000e+00
         65 286.605185    0.00444     0.2667     16.000      0.893  47537.000    30.0968     9.7915      0.884    6.54630     9.7889    23.1594   11.83971 3.1184e+01 0.0000e+00
         66 286.605188    0.00451     0.2708     16.250      0.937  47536.809    30.0964     9.7901      0.928    6.54651     9.7879    23.1594   11.84007 2.7888e+01 0.0000e+00
         67 286.605191    0.00458     0.2750     16.500      1.019  47536.526    30.0961     9.7890      1.009    6.54669     9.7870    23.1593   11.84037 2.6491e+01 0.0000e+00
         68 286.605194    0.00465     0.2792     16.750      1.129  47536.182    30.0957     9.7880      1.118    6.54685     9.7861    23.1591   11.84063 2.6577e+01 0.0000e+00
         69 286.605197    0.00472     0.2833     17.000      1.252  47536.067    30.0954     9.7872      1.241    6.54699     9.7852    23.1590   11.84086 2.7523e+01 0.0000e+00
         70 286.605200    0.00479     0.2875     17.250      1.374  47536.498    30.0956     9.7863      1.362    6.54711     9.7844    23.1593   11.84106 2.9308e+01 0.0000e+00
         71 286.605203    0.00486     0.2917     17.500      1.481  47537.744    30.0963     9.7854      1.467    6.54721     9.7837    23.1600   11.84122 3.0604e+01 0.0000e+00
         72 286.605205    0.00493     0.2958     17.750      1.562  47539.740    30.0975     9.7845      1.548    6.54728     9.7831    23.1611   11.84132 3.0617e+01 0.0000e+00
         73 286.605208    0.00500     0.3000     18.000      1.615  47541.645    30.0988     9.7838      1.600    6.54733     9.7827    23.1622   11.84139 3.0805e+01 0.0000e+00
         74 286.605211    0.00507     0.3042     18.250      1.637  47542.468    30.0993     9.7832      1.622    6.54739     9.7824    23.1627   11.84149 3.2037e+01 0.0000e+00
         75 286.605214    0.00514     0.3083     18.500      1.631  47542.147    30.0990     9.7828      1.616    6.54746     9.7823    23.1625   11.84161 3.3757e+01 0.0000e+00
         76 286.605217    0.00521     0.3125     18.750      1.604  47541.412    30.0984     9.7826      1.589    6.54752     9.7823    23.1622   11.84171 3.5185e+01 0.0000e+00
         77 286.605220    0.00528     0.3167     19.000      1.560  47540.939    30.0981     9.7824      1.546    6.54755     9.7823    23.1619   11.84177 3.5484e+01 0.0000e+00
         78 286.605223    0.00535     0.3208     19.250      1.507  47540.959    30.0981     9.7824      1.493    6.54756     9.7824    23.1620   11.84178 3.5139e+01 0.0000e+00
         79 286.605226    0.00542     0.3250     19.500      1.446  47541.362    30.0984     9.7824      1.433    6.54754     9.7826    23.1622   11.84175 3.5407e+01 0.0000e+00
         80 286.605229    0.00549     0.3292     19.750      1.383  47541.766    30.0988     9.7825      1.370    6.54751     9.7830    23.1625   11.84170 3.6452e+01 0.0000e+00
         81 286.605231    0.00556     0.3333     20.000      1.320  47541.812    30.0989     9.7827      1.308    6.54748     9.7834    23.1625   11.84164 3.6762e+01 0.0000e+00
         82 286.605234    0.00562     0.3375     20.250      1.262  47541.447    30.0987     9.7831      1.251    6.54744     9.7838    23.1623   11.84158 3.5769e+01 0.0000e+00
         83 286.605237    0.00569     0.3417     20.500      1.214  47540.828    30.0983     9.7835      1.203    6.54739     9.7843    23.1619   11.84151 3.4644e+01 0.0000e+00
         84 286.605240    0.00576     0.3458     20.750      1.181  47540.226    30.0980     9.7839      1.170    6.54734     9.7847    23.1616   11.84143 3.3745e+01 0.0000e+00
         85 286.605243    0.00583     0.3500     21.000      1.165  47539.932    30.0978     9.7844      1.154    6.54728     9.7849    23.1614   11.84133 3.3823e+01 0.0000e+00
         86 286.605246    0.00590     0.3542     21.250      1.164  47540.136    30.0980     9.7848      1.153    6.54722     9.7851    23.1615   11.84122 3.5268e+01 0.0000e+00
         87 286.605249    0.00597     0.3583     21.500      1.170  47540.852    30.0986     9.7850      1.159    6.54716     9.7852    23.1619   11.84111 3.7263e+01 0.0000e+00
         88 286.605252    0.00604     0.3625     21.750      1.178  47541.831    30.0993     9.7852      1.167    6.54710     9.7853    23.1624   11.84101 3.9307e+01 0.0000e+00
         89 286.605255    0.00611     0.3667     22.000      1.184  47542.508    30.0998     9.7853      1.173    6.54707     9.7853    23.1627   11.84094 3.9947e+01 0.0000e+00
         90 286.605258    0.00618     0.3708     22.250      1.189  47542.166    30.0995     9.7854      1.178    6.54707     9.7853    23.1625   11.84095 3.7466e+01 0.0000e+00
