CTD-processing/allCTD/CNV--turbid/2014_10-17_t7_s23_cast099.cnv
* Sea-Bird SBE19plus Data File:
* FileName = C:\Users\kris.holderied\Documents\kasitsna\Research-Projects-and-Data\Oceanography-AK\CTD-Data-ALL-to-2014-10\2014-CTD-KachemakBay-CookInlet\2014-10-EVOSTC-CookInlet\2014-10-17-CookInlet-Tran7-Augustine\2014-10-17-CookInlet-Tran7-cast099.hex
* Software Version 1.59
* Temperature SN =  4141
* Conductivity SN =  4141
* System UpLoad Time = Oct 17 2014 19:23:38
** Cook Inlet LTM Tran7 (Augustine)  east to west PARTIAL
** Date: 2014-10-17
** Station: 7-23
** Start time: 16:14
** Depth (m): 41
** Comment:  CTD time is Alaska Daylight time.  R/V Pandalus. Transducer  depth.
** Comment:
# nquan = 16
# nvalues = 514                         
# units = specified
# name 0 = scan: Scan Count
# name 1 = timeJ: Julian Days
# name 2 = timeH: Time, Elapsed [hours]
# name 3 = timeM: Time, Elapsed [minutes]
# name 4 = timeS: Time, Elapsed [seconds]
# name 5 = prdM: Pressure, Strain Gauge [db]
# name 6 = specc: Specific Conductance [uS/cm]
# name 7 = sal00: Salinity, Practical [PSU]
# name 8 = tv290C: Temperature [ITS-90, deg C]
# name 9 = depSM: Depth [salt water, m], lat = 59.00
# name 10 = oxsolML/L: Oxygen Saturation, Garcia & Gordon [ml/l]
# name 11 = potemp090C: Potential Temperature [ITS-90, deg C]
# name 12 = sigma-é00: Density [sigma-theta, kg/m^3]
# name 13 = n2satML/L: Nitrogen Saturation [ml/l]
# name 14 = par: PAR/Irradiance, Biospherical/Licor
# name 15 = flag:  0.000e+00
# span 0 =          1,        514       
# span 1 = 290.675475, 290.676959       
# span 2 =    0.00000,    0.03562       
# span 3 =     0.0000,     2.1375       
# span 4 =      0.000,    128.250       
# span 5 =     -0.269,     43.568       
# span 6 =     24.906,  48317.477       
# span 7 =     0.0176,    30.6973       
# span 8 =     9.9173,    15.8548       
# span 9 =     -0.267,     43.156       
# span 10 =    6.42873,    6.95566      
# span 11 =     9.9129,    15.8329      
# span 12 =    -1.0185,    23.5586      
# span 13 =   11.63987,   12.90376      
# span 14 = 7.5450e-01, 1.5128e+02      
# span 15 = 0.0000e+00, 0.0000e+00      
# interval = seconds: 0.25
# start_time = Oct 17 2014 16:12:41 [Instrument's time stamp, header]
# bad_flag = -9.990e-29
*END*
[from data line 452]
        453 290.676782    0.03139     1.8833    113.000     33.870  48087.509    30.4857     9.9216     33.551    6.51134     9.9162    23.4426   11.77707 2.0468e+00 0.0000e+00
        454 290.676785    0.03146     1.8875    113.250     34.037  48092.088    30.4888     9.9207     33.717    6.51135     9.9155    23.4451   11.77705 2.0090e+00 0.0000e+00
        455 290.676788    0.03153     1.8917    113.500     34.210  48094.519    30.4903     9.9199     33.888    6.51140     9.9151    23.4465   11.77711 1.9714e+00 0.0000e+00
        456 290.676791    0.03160     1.8958    113.750     34.385  48094.803    30.4904     9.9193     34.061    6.51148     9.9147    23.4466   11.77725 1.9350e+00 0.0000e+00
        457 290.676794    0.03167     1.9000    114.000     34.559  48093.667    30.4894     9.9188     34.234    6.51158     9.9145    23.4460   11.77744 1.9011e+00 0.0000e+00
        458 290.676797    0.03174     1.9042    114.250     34.729  48092.157    30.4883     9.9185     34.402    6.51168     9.9143    23.4451   11.77761 1.8700e+00 0.0000e+00
        459 290.676800    0.03181     1.9083    114.500     34.893  48090.770    30.4872     9.9182     34.564    6.51176     9.9142    23.4443   11.77776 1.8415e+00 0.0000e+00
        460 290.676803    0.03188     1.9125    114.750     35.053  48089.483    30.4862     9.9180     34.722    6.51183     9.9142    23.4435   11.77788 1.8150e+00 0.0000e+00
        461 290.676806    0.03194     1.9167    115.000     35.212  48088.154    30.4852     9.9180     34.880    6.51188     9.9144    23.4428   11.77798 1.7890e+00 0.0000e+00
        462 290.676808    0.03201     1.9208    115.250     35.375  48086.628    30.4841     9.9180     35.041    6.51192     9.9147    23.4419   11.77806 1.7618e+00 0.0000e+00
        463 290.676811    0.03208     1.9250    115.500     35.546  48085.154    30.4830     9.9183     35.210    6.51193     9.9148    23.4410   11.77809 1.7325e+00 0.0000e+00
        464 290.676814    0.03215     1.9292    115.750     35.728  48084.604    30.4826     9.9185     35.391    6.51191     9.9147    23.4406   11.77806 1.7010e+00 0.0000e+00
        465 290.676817    0.03222     1.9333    116.000     35.923  48085.201    30.4829     9.9187     35.584    6.51187     9.9145    23.4409   11.77800 1.6671e+00 0.0000e+00
        466 290.676820    0.03229     1.9375    116.250     36.132  48086.027    30.4834     9.9186     35.791    6.51186     9.9143    23.4413   11.77797 1.6307e+00 0.0000e+00
        467 290.676823    0.03236     1.9417    116.500     36.353  48086.456    30.4836     9.9184     36.010    6.51188     9.9142    23.4415   11.77800 1.5928e+00 0.0000e+00
        468 290.676826    0.03243     1.9458    116.750     36.581  48086.409    30.4834     9.9183     36.236    6.51191     9.9143    23.4414   11.77805 1.5545e+00 0.0000e+00
        469 290.676829    0.03250     1.9500    117.000     36.812  48085.959    30.4830     9.9182     36.465    6.51193     9.9146    23.4411   11.77809 1.5166e+00 0.0000e+00
        470 290.676832    0.03257     1.9542    117.250     37.042  48085.135    30.4824     9.9183     36.692    6.51195     9.9151    23.4405   11.77812 1.4799e+00 0.0000e+00
        471 290.676834    0.03264     1.9583    117.500     37.266  48083.551    30.4812     9.9186     36.914    6.51196     9.9158    23.4396   11.77815 1.4446e+00 0.0000e+00
        472 290.676837    0.03271     1.9625    117.750     37.480  48080.964    30.4794     9.9191     37.126    6.51196     9.9169    23.4381   11.77819 1.4113e+00 0.0000e+00
        473 290.676840    0.03278     1.9667    118.000     37.682  48077.705    30.4771     9.9199     37.326    6.51195     9.9181    23.4362   11.77819 1.3814e+00 0.0000e+00
        474 290.676843    0.03285     1.9708    118.250     37.868  48074.259    30.4747     9.9209     37.510    6.51189     9.9192    23.4342   11.77813 1.3548e+00 0.0000e+00
        475 290.676846    0.03292     1.9750    118.500     38.036  48071.132    30.4726     9.9221     37.677    6.51181     9.9202    23.4323   11.77802 1.3315e+00 0.0000e+00
        476 290.676849    0.03299     1.9792    118.750     38.187  48068.822    30.4710     9.9233     37.826    6.51171     9.9210    23.4309   11.77786 1.3114e+00 0.0000e+00
        477 290.676852    0.03306     1.9833    119.000     38.321  48067.507    30.4702     9.9243     37.960    6.51160     9.9214    23.4301   11.77769 1.2940e+00 0.0000e+00
        478 290.676855    0.03313     1.9875    119.250     38.442  48067.187    30.4700     9.9251     38.079    6.51150     9.9216    23.4299   11.77753 1.2788e+00 0.0000e+00
        479 290.676858    0.03319     1.9917    119.500     38.550  48067.877    30.4705     9.9256     38.187    6.51141     9.9216    23.4302   11.77737 1.2653e+00 0.0000e+00
        480 290.676861    0.03326     1.9958    119.750     38.650  48069.282    30.4715     9.9258     38.285    6.51134     9.9215    23.4309   11.77724 1.2527e+00 0.0000e+00
        481 290.676863    0.03333     2.0000    120.000     38.745  48070.942    30.4726     9.9258     38.379    6.51129     9.9213    23.4318   11.77715 1.2407e+00 0.0000e+00
        482 290.676866    0.03340     2.0042    120.250     38.839  48072.924    30.4740     9.9257     38.472    6.51125     9.9209    23.4328   11.77707 1.2286e+00 0.0000e+00
        483 290.676869    0.03347     2.0083    120.500     38.937  48076.034    30.4761     9.9255     38.569    6.51119     9.9203    23.4345   11.77695 1.2155e+00 0.0000e+00
        484 290.676872    0.03354     2.0125    120.750     39.045  48081.471    30.4798     9.9251     38.676    6.51109     9.9193    23.4375   11.77673 1.2008e+00 0.0000e+00
        485 290.676875    0.03361     2.0167    121.000     39.167  48090.048    30.4857     9.9245     38.797    6.51093     9.9181    23.4422   11.77640 1.1840e+00 0.0000e+00
        486 290.676878    0.03368     2.0208    121.250     39.306  48101.214    30.4934     9.9236     38.935    6.51074     9.9167    23.4483   11.77599 1.1648e+00 0.0000e+00
        487 290.676881    0.03375     2.0250    121.500     39.467  48112.874    30.5014     9.9224     39.094    6.51058     9.9155    23.4548   11.77563 1.1428e+00 0.0000e+00
        488 290.676884    0.03382     2.0292    121.750     39.650  48122.748    30.5081     9.9210     39.275    6.51049     9.9144    23.4602   11.77540 1.1183e+00 0.0000e+00
        489 290.676887    0.03389     2.0333    122.000     39.853  48130.000    30.5129     9.9198     39.477    6.51047     9.9137    23.4642   11.77531 1.0918e+00 0.0000e+00
        490 290.676889    0.03396     2.0375    122.250     40.072  48134.948    30.5162     9.9187     39.693    6.51048     9.9132    23.4669   11.77528 1.0646e+00 0.0000e+00
        491 290.676892    0.03403     2.0417    122.500     40.297  48138.075    30.5182     9.9180     39.916    6.51050     9.9129    23.4686   11.77529 1.0383e+00 0.0000e+00
        492 290.676895    0.03410     2.0458    122.750     40.519  48139.827    30.5193     9.9176     40.136    6.51052     9.9129    23.4695   11.77531 1.0133e+00 0.0000e+00
        493 290.676898    0.03417     2.0500    123.000     40.731  48140.480    30.5196     9.9173     40.346    6.51053     9.9129    23.4698   11.77533 9.9057e-01 0.0000e+00
        494 290.676901    0.03424     2.0542    123.250     40.928  48140.281    30.5194     9.9173     40.542    6.51055     9.9131    23.4697   11.77537 9.7072e-01 0.0000e+00
        495 290.676904    0.03431     2.0583    123.500     41.109  48139.626    30.5189     9.9174     40.721    6.51056     9.9133    23.4692   11.77539 9.5346e-01 0.0000e+00
        496 290.676907    0.03438     2.0625    123.750     41.274  48138.859    30.5183     9.9175     40.883    6.51056     9.9135    23.4687   11.77540 9.3846e-01 0.0000e+00
        497 290.676910    0.03444     2.0667    124.000     41.424  48138.037    30.5177     9.9177     41.033    6.51056     9.9137    23.4682   11.77540 9.2528e-01 0.0000e+00
        498 290.676913    0.03451     2.0708    124.250     41.565  48137.228    30.5171     9.9180     41.172    6.51055     9.9138    23.4677   11.77540 9.1332e-01 0.0000e+00
        499 290.676916    0.03458     2.0750    124.500     41.701  48136.711    30.5167     9.9182     41.307    6.51054     9.9139    23.4674   11.77538 9.0181e-01 0.0000e+00
        500 290.676918    0.03465     2.0792    124.750     41.835  48136.563    30.5165     9.9184     41.440    6.51052     9.9140    23.4673   11.77535 8.9034e-01 0.0000e+00
        501 290.676921    0.03472     2.0833    125.000     41.973  48136.496    30.5164     9.9185     41.576    6.51050     9.9140    23.4672   11.77533 8.7868e-01 0.0000e+00
        502 290.676924    0.03479     2.0875    125.250     42.115  48135.983    30.5160     9.9185     41.717    6.51051     9.9141    23.4668   11.77535 8.6661e-01 0.0000e+00
        503 290.676927    0.03486     2.0917    125.500     42.262  48134.467    30.5149     9.9186     41.863    6.51055     9.9144    23.4660   11.77542 8.5415e-01 0.0000e+00
        504 290.676930    0.03493     2.0958    125.750     42.412  48131.656    30.5129     9.9187     42.012    6.51061     9.9148    23.4644   11.77555 8.4153e-01 0.0000e+00
        505 290.676933    0.03500     2.1000    126.000     42.564  48128.062    30.5104     9.9190     42.162    6.51068     9.9153    23.4623   11.77569 8.2894e-01 0.0000e+00
        506 290.676936    0.03507     2.1042    126.250     42.715  48124.816    30.5081     9.9194     42.311    6.51072     9.9157    23.4605   11.77578 8.1658e-01 0.0000e+00
        507 290.676939    0.03514     2.1083    126.500     42.863  48122.569    30.5065     9.9199     42.458    6.51072     9.9160    23.4592   11.77580 8.0469e-01 0.0000e+00
        508 290.676942    0.03521     2.1125    126.750     43.008  48121.223    30.5055     9.9203     42.601    6.51069     9.9162    23.4583   11.77577 7.9344e-01 0.0000e+00
        509 290.676944    0.03528     2.1167    127.000     43.146  48120.314    30.5048     9.9207     42.738    6.51067     9.9164    23.4578   11.77574 7.8303e-01 0.0000e+00
        510 290.676947    0.03535     2.1208    127.250     43.275  48119.391    30.5041     9.9209     42.866    6.51066     9.9165    23.4572   11.77574 7.7367e-01 0.0000e+00
        511 290.676950    0.03542     2.1250    127.500     43.389  48118.422    30.5034     9.9211     42.979    6.51067     9.9165    23.4567   11.77576 7.6570e-01 0.0000e+00
        512 290.676953    0.03549     2.1292    127.750     43.483  48117.751    30.5029     9.9212     43.071    6.51067     9.9165    23.4563   11.77578 7.5950e-01 0.0000e+00
        513 290.676956    0.03556     2.1333    128.000     43.546  48117.492    30.5027     9.9212     43.134    6.51067 -9.990e-29    23.4561   11.77578 7.5569e-01 0.0000e+00
        514 290.676959    0.03562     2.1375    128.250     43.568  48117.441    30.5027     9.9212     43.156    6.51067 -9.990e-29    23.4561   11.77578 7.5450e-01 0.0000e+00
