CTD-processing/allCTD/CNV--turbid/2014_06-18_t9_s05b_cast150.cnv
* Sea-Bird SBE19plus Data File:
* FileName = C:\Users\kris.holderied\Documents\kasitsna\Research-Projects-and-Data\Oceanography-AK\CTD-Data-ALL-to-2014-03\2014-CTD-KachemakBay-CookInlet\2014-06-18-CookInlet-HomerSpit-monthly\2014-06-18-CookInlet-T9-HomerSpit-cast150.hex
* Software Version 1.59
* Temperature SN =  4141
* Conductivity SN =  4141
* System UpLoad Time = Jul 20 2014 20:00:02
** Cook Inlet LTM Transect 9  (Homer Spit) South to North
** Date: 2014-06-18
** Station: 9-05b
** Start time: 17:49
** Depth (m): 99
** Comment:  CTD time is Alaska Daylight time
** Comment:
# nquan = 16
# nvalues = 683                         
# units = specified
# name 0 = scan: Scan Count
# name 1 = timeJ: Julian Days
# name 2 = timeH: Time, Elapsed [hours]
# name 3 = timeM: Time, Elapsed [minutes]
# name 4 = timeS: Time, Elapsed [seconds]
# name 5 = prdM: Pressure, Strain Gauge [db]
# name 6 = specc: Specific Conductance [uS/cm]
# name 7 = sal00: Salinity, Practical [PSU]
# name 8 = tv290C: Temperature [ITS-90, deg C]
# name 9 = depSM: Depth [salt water, m], lat = 59.00
# name 10 = oxsolML/L: Oxygen Saturation, Garcia & Gordon [ml/l]
# name 11 = potemp090C: Potential Temperature [ITS-90, deg C]
# name 12 = sigma-é00: Density [sigma-theta, kg/m^3]
# name 13 = n2satML/L: Nitrogen Saturation [ml/l]
# name 14 = par: PAR/Irradiance, Biospherical/Licor
# name 15 = flag:  0.000e+00
# span 0 =          1,        683       
# span 1 = 169.743981, 169.745955       
# span 2 =    0.00000,    0.04736       
# span 3 =     0.0000,     2.8417       
# span 4 =      0.000,    170.500       
# span 5 =     -0.109,     93.739       
# span 6 =    314.510,  50744.437       
# span 7 =     0.1474,    31.7944       
# span 8 =     6.5262,     9.8621       
# span 9 =     -0.108,     92.841       
# span 10 =    6.56402,    8.10000      
# span 11 =     6.5183,     9.8621      
# span 12 =    -0.0930,    24.9560      
# span 13 =   11.87595,   14.84539      
# span 14 = 3.6449e-02, 2.4883e+00      
# span 15 = 0.0000e+00, 0.0000e+00      
# interval = seconds: 0.25
# start_time = Jun 18 2014 17:51:20 [Instrument's time stamp, header]
# bad_flag = -9.990e-29
*END*
          1 169.743981    0.00000     0.0000      0.000     -0.107    355.942     0.1669     8.9061     -0.106    8.09844     8.9057    -0.0777   14.84248 2.3769e+00 0.0000e+00
          2 169.743984    0.00007     0.0042      0.250     -0.107    360.213     0.1690     8.9059     -0.106    8.09837     8.9054    -0.0761   14.84232 2.3717e+00 0.0000e+00
          3 169.743987    0.00014     0.0083      0.500     -0.107    363.257     0.1704     8.9057     -0.106    8.09834     8.9052    -0.0749   14.84225 2.3595e+00 0.0000e+00
          4 169.743990    0.00021     0.0125      0.750     -0.108    362.462     0.1700     8.9054     -0.107    8.09841     8.9049    -0.0752   14.84237 2.3147e+00 0.0000e+00
          5 169.743993    0.00028     0.0167      1.000     -0.108    356.665     0.1673     8.9052     -0.107    8.09860     8.9046    -0.0774   14.84274 2.2529e+00 0.0000e+00
          6 169.743996    0.00035     0.0208      1.250     -0.108    347.540     0.1629     8.9049     -0.107    8.09889     8.9043    -0.0808   14.84329 2.1996e+00 0.0000e+00
          7 169.743999    0.00042     0.0250      1.500     -0.108    337.682     0.1582     8.9046     -0.107    8.09919     8.9040    -0.0845   14.84387 2.1559e+00 0.0000e+00
          8 169.744002    0.00049     0.0292      1.750     -0.107    328.555     0.1538     8.9043     -0.106    8.09947     8.9037    -0.0879   14.84442 2.1203e+00 0.0000e+00
          9 169.744005    0.00056     0.0333      2.000     -0.107    321.241     0.1504     8.9040     -0.106    8.09971     8.9035    -0.0906   14.84487 2.0940e+00 0.0000e+00
         10 169.744008    0.00063     0.0375      2.250     -0.107    316.501     0.1482     8.9037     -0.106    8.09988     8.9032    -0.0924   14.84519 2.0783e+00 0.0000e+00
         11 169.744010    0.00069     0.0417      2.500     -0.107    314.510     0.1474     8.9035     -0.106    8.09998     8.9030    -0.0930   14.84537 2.0737e+00 0.0000e+00
         12 169.744013    0.00076     0.0458      2.750     -0.107    315.517     0.1481     8.9032     -0.106    8.10000     8.9028    -0.0924   14.84539 2.0792e+00 0.0000e+00
         13 169.744016    0.00083     0.0500      3.000     -0.108    320.369     0.1508     8.9030     -0.107    8.09991     8.9026    -0.0903   14.84520 2.0863e+00 0.0000e+00
         14 169.744019    0.00090     0.0542      3.250     -0.108    330.666     0.1563     8.9028     -0.107    8.09967     8.9024    -0.0859   14.84471 2.0882e+00 0.0000e+00
         15 169.744022    0.00097     0.0583      3.500     -0.108    349.621     0.1664     8.9026     -0.107    8.09918     8.9023    -0.0779   14.84375 2.0946e+00 0.0000e+00
         16 169.744025    0.00104     0.0625      3.750     -0.108    383.652     0.1844     8.9024     -0.107    8.09829     8.9023    -0.0637   14.84198 2.1205e+00 0.0000e+00
         17 169.744028    0.00111     0.0667      4.000     -0.107    444.004     0.2161     8.9023     -0.106    8.09669     8.9024    -0.0388   14.83881 2.1778e+00 0.0000e+00
         18 169.744031    0.00118     0.0708      4.250     -0.107    549.023     0.2711     8.9023     -0.106    8.09388     8.9026     0.0045   14.83327 2.2785e+00 0.0000e+00
         19 169.744034    0.00125     0.0750      4.500     -0.108    728.254     0.3647     8.9024     -0.107    8.08908     8.9031     0.0782   14.82378 2.4112e+00 0.0000e+00
         20 169.744036    0.00132     0.0792      4.750     -0.109   1018.421     0.5166     8.9026     -0.108    8.08126     8.9040     0.1978   14.80835 2.4883e+00 0.0000e+00
         21 169.744039    0.00139     0.0833      5.000     -0.109   1367.740     0.7022     8.9031     -0.108    8.07173     8.9057     0.3437   14.78955 2.4545e+00 0.0000e+00
         22 169.744042    0.00146     0.0875      5.250     -0.109   1626.587     0.8473     8.9040     -0.108    8.06437     8.9085     0.4574   14.77509 2.3794e+00 0.0000e+00
         23 169.744045    0.00153     0.0917      5.500     -0.106   1787.648     0.9519     8.9057     -0.105    8.05921     8.9135     0.5387   14.76506 2.3219e+00 0.0000e+00
         24 169.744048    0.00160     0.0958      5.750     -0.103   2027.342     1.1131     8.9085     -0.102    8.05126     8.9220     0.6638   14.74965 2.2923e+00 0.0000e+00
         25 169.744051    0.00167     0.1000      6.000     -0.099   2519.724     1.4309     8.9135     -0.098    8.03544     8.9362     0.9109   14.71887 2.2820e+00 0.0000e+00
         26 169.744054    0.00174     0.1042      6.250     -0.093   3434.752     2.0096     8.9220     -0.092    8.00649     8.9601     1.3614   14.66248 2.2686e+00 0.0000e+00
         27 169.744057    0.00181     0.1083      6.500     -0.081   5036.094     3.0134     8.9362     -0.081    7.95617     9.0001     2.1432   14.56440 2.2494e+00 0.0000e+00
         28 169.744060    0.00187     0.1125      6.750     -0.061   7766.144     4.7177     8.9601     -0.061    7.87066     9.0668     3.4708   14.39769 2.2393e+00 0.0000e+00
         29 169.744063    0.00194     0.1167      7.000     -0.027  12373.619     7.5872     9.0000     -0.027    7.72659     9.1705     5.7064   14.11680 2.2436e+00 0.0000e+00
         30 169.744065    0.00201     0.1208      7.250      0.029  19626.726    12.1340     9.0667      0.029    7.49856     9.3039     9.2474   13.67254 2.2336e+00 0.0000e+00
         31 169.744068    0.00208     0.1250      7.500      0.112  28087.012    17.4892     9.1705      0.111    7.22748     9.4404    13.4130   13.14575 2.1799e+00 0.0000e+00
         32 169.744071    0.00215     0.1292      7.750      0.213  34647.010    21.6675     9.3040      0.211    7.00865     9.5565    16.6547   12.72285 2.0936e+00 0.0000e+00
         33 169.744074    0.00222     0.1333      8.000      0.316  38568.859    24.1711     9.4404      0.314    6.86909     9.6446    18.5888   12.45544 2.0072e+00 0.0000e+00
         34 169.744077    0.00229     0.1375      8.250      0.409  40898.887    25.6613     9.5565      0.405    6.78080     9.7070    19.7346   12.28758 1.9459e+00 0.0000e+00
         35 169.744080    0.00236     0.1417      8.500      0.489  42289.664    26.5524     9.6447      0.485    6.72522     9.7493    20.4169   12.18259 1.9124e+00 0.0000e+00
         36 169.744083    0.00243     0.1458      8.750      0.558  43118.541    27.0843     9.7071      0.553    6.69059     9.7771    20.8227   12.11750 1.8955e+00 0.0000e+00
         37 169.744086    0.00250     0.1500      9.000      0.613  43612.870    27.4019     9.7494      0.608    6.66917     9.7950    21.0643   12.07739 1.8886e+00 0.0000e+00
         38 169.744089    0.00257     0.1542      9.250      0.651  43925.081    27.6036     9.7771      0.645    6.65549     9.8066    21.2175   12.05182 1.8876e+00 0.0000e+00
         39 169.744091    0.00264     0.1583      9.500      0.671  44159.404    27.7574     9.7950      0.665    6.64571     9.8152    21.3348   12.03347 1.8897e+00 0.0000e+00
         40 169.744094    0.00271     0.1625      9.750      0.679  44373.225    27.9007     9.8067      0.673    6.63754     9.8228    21.4448   12.01800 1.8926e+00 0.0000e+00
         41 169.744097    0.00278     0.1667     10.000      0.684  44568.498    28.0334     9.8153      0.678    6.63041     9.8298    21.5469   12.00446 1.8928e+00 0.0000e+00
         42 169.744100    0.00285     0.1708     10.250      0.692  44714.561    28.1333     9.8229      0.685    6.62492     9.8360    21.6237   11.99407 1.8901e+00 0.0000e+00
         43 169.744103    0.00292     0.1750     10.500      0.704  44800.323    28.1923     9.8299      0.697    6.62130     9.8410    21.6686   11.98731 1.8877e+00 0.0000e+00
         44 169.744106    0.00299     0.1792     10.750      0.720  44839.419    28.2193     9.8361      0.713    6.61919     9.8444    21.6887   11.98347 1.8868e+00 0.0000e+00
         45 169.744109    0.00306     0.1833     11.000      0.737  44850.003    28.2267     9.8410      0.730    6.61813     9.8466    21.6937   11.98160 1.8857e+00 0.0000e+00
         46 169.744112    0.00313     0.1875     11.250      0.753  44845.775    28.2238     9.8445      0.746    6.61772     9.8481    21.6909   11.98096 1.8830e+00 0.0000e+00
         47 169.744115    0.00319     0.1917     11.500      0.767  44832.044    28.2143     9.8467      0.760    6.61779     9.8492    21.6832   11.98119 1.8800e+00 0.0000e+00
         48 169.744117    0.00326     0.1958     11.750      0.780  44811.235    28.1999     9.8481      0.772    6.61819     9.8502    21.6717   11.98202 1.8795e+00 0.0000e+00
         49 169.744120    0.00333     0.2000     12.000      0.788  44788.122    28.1839     9.8493      0.780    6.61870     9.8511    21.6591   11.98307 1.8819e+00 0.0000e+00
         50 169.744123    0.00340     0.2042     12.250      0.788  44768.197    28.1701     9.8503      0.780    6.61914     9.8518    21.6482   11.98396 1.8909e+00 0.0000e+00
         51 169.744126    0.00347     0.2083     12.500      0.779  44754.650    28.1607     9.8512      0.771    6.61941     9.8525    21.6408   11.98451 1.9082e+00 0.0000e+00
         52 169.744129    0.00354     0.2125     12.750      0.763  44749.274    28.1571     9.8519      0.756    6.61945     9.8534    21.6378   11.98463 1.9236e+00 0.0000e+00
         53 169.744132    0.00361     0.2167     13.000      0.750  44752.101    28.1591     9.8526      0.743    6.61926     9.8545    21.6393   11.98428 1.9258e+00 0.0000e+00
         54 169.744135    0.00368     0.2208     13.250      0.746  44759.375    28.1642     9.8535      0.739    6.61891     9.8561    21.6432   11.98365 1.9170e+00 0.0000e+00
         55 169.744138    0.00375     0.2250     13.500      0.756  44764.402    28.1679     9.8546      0.749    6.61859     9.8577    21.6458   11.98307 1.9059e+00 0.0000e+00
         56 169.744141    0.00382     0.2292     13.750      0.776  44762.600    28.1668     9.8562      0.769    6.61842     9.8591    21.6447   11.98280 1.8964e+00 0.0000e+00
         57 169.744144    0.00389     0.2333     14.000      0.798  44756.247    28.1625     9.8578      0.791    6.61836     9.8600    21.6411   11.98275 1.8923e+00 0.0000e+00
         58 169.744146    0.00396     0.2375     14.250      0.813  44751.371    28.1593     9.8592      0.805    6.61830     9.8606    21.6384   11.98268 1.8955e+00 0.0000e+00
         59 169.744149    0.00403     0.2417     14.500      0.816  44751.798    28.1597     9.8601      0.808    6.61814     9.8608    21.6386   11.98242 1.9013e+00 0.0000e+00
         60 169.744152    0.00410     0.2458     14.750      0.807  44757.952    28.1640     9.8606      0.800    6.61788     9.8610    21.6419   11.98193 1.9045e+00 0.0000e+00
         61 169.744155    0.00417     0.2500     15.000      0.794  44767.756    28.1709     9.8609      0.787    6.61755     9.8612    21.6472   11.98131 1.9034e+00 0.0000e+00
         62 169.744158    0.00424     0.2542     15.250      0.786  44778.685    28.1785     9.8610      0.778    6.61721     9.8615    21.6531   11.98064 1.8976e+00 0.0000e+00
         63 169.744161    0.00431     0.2583     15.500      0.788  44788.903    28.1856     9.8613      0.781    6.61687     9.8619    21.6586   11.98000 1.8893e+00 0.0000e+00
         64 169.744164    0.00438     0.2625     15.750      0.802  44796.326    28.1908     9.8616      0.795    6.61660     9.8621    21.6626   11.97949 1.8810e+00 0.0000e+00
         65 169.744167    0.00444     0.2667     16.000      0.820  44799.253    28.1929     9.8619      0.812    6.61646     9.8620    21.6641   11.97923 1.8754e+00 0.0000e+00
         66 169.744170    0.00451     0.2708     16.250      0.829  44797.663    28.1918     9.8621      0.822    6.61648     9.8617    21.6633   11.97927 1.8805e+00 0.0000e+00
         67 169.744172    0.00458     0.2750     16.500      0.824  44792.764    28.1884     9.8621      0.817    6.61663     9.8613    21.6606   11.97957 1.8968e+00 0.0000e+00
         68 169.744175    0.00465     0.2792     16.750      0.807  44784.431    28.1826     9.8618      0.800    6.61692     9.8609    21.6561   11.98012 1.9106e+00 0.0000e+00
         69 169.744178    0.00472     0.2833     17.000      0.786  44768.157    28.1712     9.8614      0.779    6.61746     9.8604    21.6473   11.98115 1.9123e+00 0.0000e+00
         70 169.744181    0.00479     0.2875     17.250      0.774  44740.355    28.1519     9.8610      0.767    6.61835     9.8601    21.6323   11.98286 1.9061e+00 0.0000e+00
         71 169.744184    0.00486     0.2917     17.500      0.779  44707.206    28.1288     9.8605      0.771    6.61939     9.8599    21.6144   11.98488 1.9000e+00 0.0000e+00
         72 169.744187    0.00493     0.2958     17.750      0.800  44679.403    28.1094     9.8602      0.792    6.62027     9.8598    21.5993   11.98656 1.8940e+00 0.0000e+00
         73 169.744190    0.00500     0.3000     18.000      0.830  44661.881    28.0972     9.8600      0.822    6.62081     9.8596    21.5898   11.98762 1.8863e+00 0.0000e+00
         74 169.744193    0.00507     0.3042     18.250      0.856  44654.579    28.0921     9.8599      0.848    6.62105     9.8592    21.5859   11.98808 1.8818e+00 0.0000e+00
         75 169.744196    0.00514     0.3083     18.500      0.870  44657.497    28.0941     9.8596      0.861    6.62100     9.8586    21.5875   11.98796 1.8832e+00 0.0000e+00
         76 169.744198    0.00521     0.3125     18.750      0.868  44672.490    28.1045     9.8593      0.860    6.62061     9.8578    21.5956   11.98719 1.8887e+00 0.0000e+00
         77 169.744201    0.00528     0.3167     19.000      0.853  44704.258    28.1265     9.8587      0.845    6.61976     9.8568    21.6129   11.98551 1.8951e+00 0.0000e+00
         78 169.744204    0.00535     0.3208     19.250      0.828  44755.477    28.1620     9.8579      0.820    6.61837     9.8557    21.6407   11.98277 1.8986e+00 0.0000e+00
         79 169.744207    0.00542     0.3250     19.500      0.800  44818.037    28.2054     9.8569      0.793    6.61667     9.8547    21.6747   11.97943 1.8989e+00 0.0000e+00
         80 169.744210    0.00549     0.3292     19.750      0.775  44878.522    28.2474     9.8558      0.768    6.61505     9.8538    21.7076   11.97622 1.8977e+00 0.0000e+00
         81 169.744213    0.00556     0.3333     20.000      0.759  44928.501    28.2820     9.8548      0.752    6.61372     9.8529    21.7347   11.97359 1.8943e+00 0.0000e+00
         82 169.744216    0.00562     0.3375     20.250      0.759  44962.460    28.3056     9.8539      0.751    6.61286     9.8521    21.7532   11.97187 1.8868e+00 0.0000e+00
         83 169.744219    0.00569     0.3417     20.500      0.775  44977.692    28.3161     9.8530      0.767    6.61254     9.8511    21.7615   11.97121 1.8771e+00 0.0000e+00
         84 169.744222    0.00576     0.3458     20.750      0.802  44978.767    28.3167     9.8522      0.795    6.61263     9.8496    21.7621   11.97136 1.8725e+00 0.0000e+00
         85 169.744225    0.00583     0.3500     21.000      0.831  44970.999    28.3112     9.8512      0.823    6.61301     9.8475    21.7580   11.97206 1.8777e+00 0.0000e+00
         86 169.744227    0.00590     0.3542     21.250      0.850  44962.819    28.3054     9.8497      0.842    6.61348     9.8447    21.7537   11.97290 1.8908e+00 0.0000e+00
         87 169.744230    0.00597     0.3583     21.500      0.854  44974.773    28.3135     9.8476      0.846    6.61345     9.8416    21.7603   11.97275 1.9069e+00 0.0000e+00
         88 169.744233    0.00604     0.3625     21.750      0.842  45027.891    28.3501     9.8448      0.833    6.61231     9.8392    21.7893   11.97042 1.9192e+00 0.0000e+00
         89 169.744236    0.00611     0.3667     22.000      0.822  45129.521    28.4205     9.8417      0.814    6.60977     9.8380    21.8447   11.96535 1.9220e+00 0.0000e+00
         90 169.744239    0.00618     0.3708     22.250      0.805  45267.646    28.5165     9.8392      0.798    6.60606     9.8379    21.9198   11.95802 1.9169e+00 0.0000e+00
