CTD-processing/allCTD/CNV--turbid/2014_04-11_t4_s06_cast021.cnv
* Sea-Bird SBE19plus Data File:
* FileName = C:\Users\kris.holderied\Documents\kasitsna\Research-Projects-and-Data\Oceanography-AK\CTD-Data-ALL-to-2014-03\2014-CTD-KachemakBay-CookInlet\2014-04-EVOSTC-CookInlet-Ocean\2014-04-11-CookInlet-Tran4-Barabara\2014-04-11-CookInlet-Tran4-Barabara-cast021.hex
* Software Version 1.59
* Temperature SN =  5028
* Conductivity SN =  5028
* System UpLoad Time = May 27 2014 23:08:17
** Cook Inlet LTM Transect 4  (Barabara) North to South
** Date: 2014-04-11
** Station: 4-06
** Start time: 17:10
** Depth (m): 59
** Comment:  CTD time is Alaska Daylight time
** Comment:
# nquan = 16
# nvalues = 506                         
# units = specified
# name 0 = scan: Scan Count
# name 1 = timeJ: Julian Days
# name 2 = timeH: Time, Elapsed [hours]
# name 3 = timeM: Time, Elapsed [minutes]
# name 4 = timeS: Time, Elapsed [seconds]
# name 5 = prdM: Pressure, Strain Gauge [db]
# name 6 = specc: Specific Conductance [uS/cm]
# name 7 = sal00: Salinity, Practical [PSU]
# name 8 = tv290C: Temperature [ITS-90, deg C]
# name 9 = depSM: Depth [salt water, m], lat = 59.00
# name 10 = oxsolML/L: Oxygen Saturation, Garcia & Gordon [ml/l]
# name 11 = potemp090C: Potential Temperature [ITS-90, deg C]
# name 12 = sigma-é00: Density [sigma-theta, kg/m^3]
# name 13 = n2satML/L: Nitrogen Saturation [ml/l]
# name 14 = par: PAR/Irradiance, Biospherical/Licor
# name 15 = flag:  0.000e+00
# span 0 =          1,        506       
# span 1 = 101.715174, 101.716635       
# span 2 =    0.00000,    0.03507       
# span 3 =     0.0000,     2.1042       
# span 4 =      0.000,    126.250       
# span 5 =      0.056,     59.937       
# span 6 =   1600.468,  51562.858       
# span 7 =     0.7808,    31.9883       
# span 8 =     4.2540,     5.0523       
# span 9 =      0.055,     59.368       
# span 10 =    7.25473,    8.88959      
# span 11 =     4.2531,     5.0523      
# span 12 =     0.5918,    25.3332      
# span 13 =   12.99025,   16.16308      
# span 14 = 5.1774e-02, 1.2682e+03      
# span 15 = 0.0000e+00, 0.0000e+00      
# interval = seconds: 0.25
# start_time = Apr 11 2014 17:09:51 [Instrument's time stamp, header]
# bad_flag = -9.990e-29
*END*
[from data line 91]
         92 101.715437    0.00632     0.3792     22.750      1.362  51389.040    31.9022     4.6743      1.349    7.27808     4.6792    25.2548   13.02743 4.1504e+02 0.0000e+00
         93 101.715440    0.00639     0.3833     23.000      1.355  51362.890    31.8852     4.6783      1.342    7.27821     4.6750    25.2409   13.02786 4.1601e+02 0.0000e+00
         94 101.715443    0.00646     0.3875     23.250      1.345  51337.245    31.8678     4.6793      1.332    7.27890     4.6664    25.2270   13.02922 4.2232e+02 0.0000e+00
         95 101.715446    0.00653     0.3917     23.500      1.334  51323.828    31.8577     4.6751      1.321    7.28012     4.6552    25.2194   13.03136 4.3701e+02 0.0000e+00
         96 101.715448    0.00660     0.3958     23.750      1.323  51324.220    31.8560     4.6665      1.311    7.28172     4.6433    25.2190   13.03403 4.6397e+02 0.0000e+00
         97 101.715451    0.00667     0.4000     24.000      1.312  51331.626    31.8586     4.6553      1.300    7.28355     4.6306    25.2222   13.03701 4.9020e+02 0.0000e+00
         98 101.715454    0.00674     0.4042     24.250      1.303  51336.028    31.8590     4.6434      1.290    7.28562     4.6159    25.2237   13.04042 5.0097e+02 0.0000e+00
         99 101.715457    0.00681     0.4083     24.500      1.296  51332.350    31.8536     4.6307      1.284    7.28812     4.5988    25.2207   13.04461 4.9732e+02 0.0000e+00
        100 101.715460    0.00688     0.4125     24.750      1.297  51324.051    31.8445     4.6160      1.285    7.29114     4.5809    25.2151   13.04972 4.7535e+02 0.0000e+00
        101 101.715463    0.00694     0.4167     25.000      1.306  51319.899    31.8378     4.5989      1.294    7.29447     4.5649    25.2115   13.05530 4.3957e+02 0.0000e+00
        102 101.715466    0.00701     0.4208     25.250      1.324  51330.102    31.8407     4.5810      1.311    7.29747     4.5535    25.2157   13.06023 4.1609e+02 0.0000e+00
        103 101.715469    0.00708     0.4250     25.500      1.348  51361.864    31.8589     4.5650      1.335    7.29940     4.5491    25.2318   13.06318 4.2175e+02 0.0000e+00
        104 101.715472    0.00715     0.4292     25.750      1.372  51414.910    31.8926     4.5536      1.359    7.29975     4.5537    25.2597   13.06332 4.3742e+02 0.0000e+00
        105 101.715475    0.00722     0.4333     26.000      1.392  51475.225    31.9330     4.5492      1.379    7.29855     4.5689    25.2922   13.06082 4.3036e+02 0.0000e+00
        106 101.715477    0.00729     0.4375     26.250      1.401  51516.600    31.9624     4.5538      1.388    7.29631     4.5924    25.3150   13.05673 4.0314e+02 0.0000e+00
        107 101.715480    0.00736     0.4417     26.500      1.399  51516.379    31.9657     4.5690      1.386    7.29348     4.6167    25.3161   13.05202 3.7771e+02 0.0000e+00
        108 101.715483    0.00743     0.4458     26.750      1.385  51468.854    31.9384     4.5925      1.372    7.29067     4.6325    25.2921   13.04774 3.6717e+02 0.0000e+00
        109 101.715486    0.00750     0.4500     27.000      1.364  51390.404    31.8901     4.6168      1.352    7.28877     4.6330    25.2512   13.04523 3.7646e+02 0.0000e+00
        110 101.715489    0.00757     0.4542     27.250      1.343  51311.244    31.8394     4.6326      1.331    7.28849     4.6171    25.2094   13.04542 4.0002e+02 0.0000e+00
        111 101.715492    0.00764     0.4583     27.500      1.328  51254.863    31.8009     4.6331      1.316    7.29028     4.5905    25.1787   13.04888 4.2671e+02 0.0000e+00
        112 101.715495    0.00771     0.4625     27.750      1.324  51231.833    31.7815     4.6172      1.312    7.29403     4.5617    25.1650   13.05531 4.5286e+02 0.0000e+00
        113 101.715498    0.00778     0.4667     28.000      1.335  51245.290    31.7847     4.5905      1.323    7.29855     4.5371    25.1703   13.06274 4.7370e+02 0.0000e+00
        114 101.715501    0.00785     0.4708     28.250      1.358  51290.608    31.8092     4.5617      1.346    7.30242     4.5200    25.1927   13.06881 4.8068e+02 0.0000e+00
        115 101.715503    0.00792     0.4750     28.500      1.387  51358.322    31.8500     4.5372      1.374    7.30473     4.5113    25.2276   13.07210 4.6577e+02 0.0000e+00
        116 101.715506    0.00799     0.4792     28.750      1.414  51433.247    31.8975     4.5201      1.401    7.30541     4.5114    25.2671   13.07261 4.3193e+02 0.0000e+00
        117 101.715509    0.00806     0.4833     29.000      1.435  51496.165    31.9386     4.5114      1.422    7.30493     4.5213    25.3006   13.07127 4.0875e+02 0.0000e+00
        118 101.715512    0.00813     0.4875     29.250      1.444  51534.499    31.9649     4.5115      1.431    7.30362     4.5413    25.3215   13.06877 4.1493e+02 0.0000e+00
        119 101.715515    0.00819     0.4917     29.500      1.437  51540.402    31.9712     4.5214      1.424    7.30156     4.5663    25.3254   13.06529 4.3285e+02 0.0000e+00
        120 101.715518    0.00826     0.4958     29.750      1.413  51508.629    31.9540     4.5413      1.400    7.29890     4.5867    25.3097   13.06112 4.3902e+02 0.0000e+00
        121 101.715521    0.00833     0.5000     30.000      1.377  51453.286    31.9218     4.5664      1.364    7.29607     4.5962    25.2815   13.05688 4.3518e+02 0.0000e+00
        122 101.715524    0.00840     0.5042     30.250      1.334  51403.051    31.8920     4.5867      1.322    7.29395     4.5950    25.2558   13.05377 4.2914e+02 0.0000e+00
        123 101.715527    0.00847     0.5083     30.500      1.289  51364.898    31.8681     4.5962      1.277    7.29346     4.5841    25.2358   13.05326 4.2402e+02 0.0000e+00
        124 101.715530    0.00854     0.5125     30.750      1.253  51331.890    31.8452     4.5950      1.241    7.29479     4.5658    25.2178   13.05575 4.2850e+02 0.0000e+00
        125 101.715532    0.00861     0.5167     31.000      1.233  51313.843    31.8303     4.5842      1.221    7.29743     4.5458    25.2071   13.06030 4.3888e+02 0.0000e+00
        126 101.715535    0.00868     0.5208     31.250      1.232  51323.669    31.8329     4.5658      1.221    7.30053     4.5305    25.2111   13.06539 4.4225e+02 0.0000e+00
        127 101.715538    0.00875     0.5250     31.500      1.245  51360.664    31.8537     4.5459      1.233    7.30302     4.5235    25.2296   13.06922 4.4072e+02 0.0000e+00
        128 101.715541    0.00882     0.5292     31.750      1.262  51412.659    31.8859     4.5306      1.250    7.30415     4.5271    25.2567   13.07067 4.4707e+02 0.0000e+00
        129 101.715544    0.00889     0.5333     32.000      1.275  51457.059    31.9147     4.5236      1.263    7.30396     4.5406    25.2803   13.07000 4.6310e+02 0.0000e+00
        130 101.715547    0.00896     0.5375     32.250      1.279  51472.034    31.9258     4.5272      1.267    7.30278     4.5586    25.2888   13.06790 4.8936e+02 0.0000e+00
        131 101.715550    0.00903     0.5417     32.500      1.272  51452.006    31.9152     4.5407      1.260    7.30092     4.5736    25.2789   13.06497 5.1558e+02 0.0000e+00
        132 101.715553    0.00910     0.5458     32.750      1.256  51407.051    31.8884     4.5587      1.244    7.29907     4.5802    25.2559   13.06225 5.3214e+02 0.0000e+00
        133 101.715556    0.00917     0.5500     33.000      1.238  51354.503    31.8558     4.5737      1.226    7.29803     4.5761    25.2285   13.06096 5.4670e+02 0.0000e+00
        134 101.715558    0.00924     0.5542     33.250      1.226  51312.156    31.8283     4.5803      1.215    7.29822     4.5628    25.2059   13.06162 5.4809e+02 0.0000e+00
        135 101.715561    0.00931     0.5583     33.500      1.230  51291.869    31.8135     4.5762      1.218    7.29967     4.5459    25.1946   13.06420 5.2643e+02 0.0000e+00
        136 101.715564    0.00937     0.5625     33.750      1.250  51299.163    31.8154     4.5629      1.238    7.30191     4.5316    25.1975   13.06788 5.0008e+02 0.0000e+00
        137 101.715567    0.00944     0.5667     34.000      1.282  51333.967    31.8354     4.5459      1.270    7.30391     4.5244    25.2151   13.07093 4.7813e+02 0.0000e+00
        138 101.715570    0.00951     0.5708     34.250      1.317  51387.561    31.8689     4.5317      1.305    7.30478     4.5268    25.2432   13.07192 4.5321e+02 0.0000e+00
        139 101.715573    0.00958     0.5750     34.500      1.347  51442.695    31.9051     4.5245      1.335    7.30427     4.5395    25.2726   13.07061 4.3204e+02 0.0000e+00
        140 101.715576    0.00965     0.5792     34.750      1.364  51477.715    31.9296     4.5269      1.351    7.30265     4.5595    25.2918   13.06762 4.1887e+02 0.0000e+00
        141 101.715579    0.00972     0.5833     35.000      1.363  51477.073    31.9320     4.5396      1.350    7.30028     4.5794    25.2925   13.06369 4.1584e+02 0.0000e+00
        142 101.715582    0.00979     0.5875     35.250      1.344  51441.803    31.9124     4.5596      1.332    7.29773     4.5926    25.2748   13.05973 4.3413e+02 0.0000e+00
        143 101.715584    0.00986     0.5917     35.500      1.311  51387.385    31.8796     4.5795      1.299    7.29583     4.5953    25.2468   13.05702 4.6705e+02 0.0000e+00
        144 101.715587    0.00993     0.5958     35.750      1.272  51335.844    31.8473     4.5927      1.260    7.29510     4.5869    25.2197   13.05624 4.9938e+02 0.0000e+00
        145 101.715590    0.01000     0.6000     36.000      1.234  51305.782    31.8273     4.5954      1.223    7.29561     4.5701    25.2036   13.05733 5.3764e+02 0.0000e+00
        146 101.715593    0.01007     0.6042     36.250      1.208  51302.416    31.8231     4.5870      1.197    7.29728     4.5498    25.2011   13.06015 5.7657e+02 0.0000e+00
        147 101.715596    0.01014     0.6083     36.500      1.200  51319.044    31.8307     4.5702      1.189    7.29987     4.5306    25.2089   13.06432 5.8205e+02 0.0000e+00
        148 101.715599    0.01021     0.6125     36.750      1.211  51347.112    31.8454     4.5499      1.200    7.30273     4.5157    25.2226   13.06885 5.6824e+02 0.0000e+00
        149 101.715602    0.01028     0.6167     37.000      1.238  51383.000    31.8656     4.5307      1.227    7.30512     4.5071    25.2406   13.07254 5.9419e+02 0.0000e+00
        150 101.715605    0.01035     0.6208     37.250      1.275  51425.967    31.8916     4.5158      1.263    7.30647     4.5062    25.2628   13.07443 6.3509e+02 0.0000e+00
        151 101.715608    0.01042     0.6250     37.500      1.312  51470.733    31.9203     4.5072      1.300    7.30657     4.5141    25.2865   13.07422 6.4023e+02 0.0000e+00
        152 101.715611    0.01049     0.6292     37.750      1.343  51506.100    31.9443     4.5063      1.330    7.30555     4.5309    25.3056   13.07223 6.2534e+02 0.0000e+00
        153 101.715613    0.01056     0.6333     38.000      1.361  51519.560    31.9554     4.5142      1.349    7.30362     4.5533    25.3136   13.06890 5.8176e+02 0.0000e+00
        154 101.715616    0.01063     0.6375     38.250      1.365  51502.822    31.9477     4.5310      1.352    7.30103     4.5749    25.3058   13.06472 5.2057e+02 0.0000e+00
        155 101.715619    0.01069     0.6417     38.500      1.354  51458.873    31.9227     4.5534      1.341    7.29832     4.5905    25.2836   13.06058 4.7958e+02 0.0000e+00
        156 101.715622    0.01076     0.6458     38.750      1.331  51401.609    31.8884     4.5750      1.318    7.29620     4.5976    25.2541   13.05751 4.5636e+02 0.0000e+00
        157 101.715625    0.01083     0.6500     39.000      1.299  51347.081    31.8546     4.5906      1.287    7.29511     4.5959    25.2257   13.05616 4.5003e+02 0.0000e+00
        158 101.715628    0.01090     0.6542     39.250      1.265  51305.912    31.8280     4.5977      1.253    7.29517     4.5856    25.2039   13.05659 4.4992e+02 0.0000e+00
        159 101.715631    0.01097     0.6583     39.500      1.234  51282.034    31.8112     4.5960      1.222    7.29629     4.5677    25.1908   13.05866 4.4142e+02 0.0000e+00
        160 101.715634    0.01104     0.6625     39.750      1.215  51275.295    31.8043     4.5857      1.204    7.29844     4.5451    25.1863   13.06230 4.3013e+02 0.0000e+00
        161 101.715637    0.01111     0.6667     40.000      1.214  51283.219    31.8056     4.5678      1.203    7.30153     4.5221    25.1892   13.06739 4.2375e+02 0.0000e+00
        162 101.715639    0.01118     0.6708     40.250      1.231  51303.404    31.8143     4.5451      1.220    7.30510     4.5025    25.1984   13.07316 4.3699e+02 0.0000e+00
        163 101.715642    0.01125     0.6750     40.500      1.262  51336.768    31.8319     4.5222      1.251    7.30828     4.4888    25.2148   13.07819 4.6311e+02 0.0000e+00
        164 101.715645    0.01132     0.6792     40.750      1.300  51385.724    31.8610     4.5026      1.288    7.31030     4.4821    25.2398   13.08114 4.7003e+02 0.0000e+00
        165 101.715648    0.01139     0.6833     41.000      1.335  51445.268    31.8986     4.4889      1.322    7.31086     4.4831    25.2711   13.08159 4.6177e+02 0.0000e+00
        166 101.715651    0.01146     0.6875     41.250      1.361  51501.323    31.9355     4.4822      1.348    7.31023     4.4920    25.3011   13.08007 4.5842e+02 0.0000e+00
        167 101.715654    0.01153     0.6917     41.500      1.373  51539.148    31.9616     4.4832      1.360    7.30878     4.5064    25.3217   13.07733 4.5977e+02 0.0000e+00
        168 101.715657    0.01160     0.6958     41.750      1.369  51549.482    31.9708     4.4921      1.357    7.30676     4.5216    25.3281   13.07389 4.6007e+02 0.0000e+00
        169 101.715660    0.01167     0.7000     42.000      1.350  51532.426    31.9624     4.5065      1.337    7.30463     4.5331    25.3199   13.07047 4.5712e+02 0.0000e+00
        170 101.715663    0.01174     0.7042     42.250      1.317  51494.742    31.9401     4.5217      1.305    7.30304     4.5381    25.3007   13.06814 4.6625e+02 0.0000e+00
        171 101.715666    0.01181     0.7083     42.500      1.275  51444.396    31.9082     4.5332      1.263    7.30258     4.5356    25.2742   13.06779 4.9655e+02 0.0000e+00
        172 101.715668    0.01188     0.7125     42.750      1.232  51390.708    31.8726     4.5382      1.221    7.30345     4.5255    25.2454   13.06969 5.3925e+02 0.0000e+00
        173 101.715671    0.01194     0.7167     43.000      1.198  51343.326    31.8396     4.5357      1.187    7.30552     4.5089    25.2195   13.07354 5.6788e+02 0.0000e+00
        174 101.715674    0.01201     0.7208     43.250      1.182  51308.622    31.8135     4.5256      1.171    7.30858     4.4884    25.1998   13.07893 5.6982e+02 0.0000e+00
        175 101.715677    0.01208     0.7250     43.500      1.190  51290.408    31.7972     4.5090      1.179    7.31231     4.4679    25.1886   13.08530 5.5440e+02 0.0000e+00
        176 101.715680    0.01215     0.7292     43.750      1.219  51293.499    31.7946     4.4885      1.208    7.31606     4.4511    25.1886   13.09151 5.1973e+02 0.0000e+00
        177 101.715683    0.01222     0.7333     44.000      1.260  51321.342    31.8090     4.4680      1.249    7.31897     4.4406    25.2021   13.09614 4.9958e+02 0.0000e+00
        178 101.715686    0.01229     0.7375     44.250      1.303  51373.937    31.8411     4.4512      1.291    7.32037     4.4385    25.2294   13.09803 5.0684e+02 0.0000e+00
        179 101.715689    0.01236     0.7417     44.500      1.338  51444.206    31.8868     4.4407      1.325    7.31997     4.4466    25.2667   13.09677 5.0803e+02 0.0000e+00
        180 101.715692    0.01243     0.7458     44.750      1.360  51512.891    31.9334     4.4386      1.347    7.31805     4.4655    25.3039   13.09300 4.9213e+02 0.0000e+00
