CTD-processing/allCTD/CNV--turbid/2014_02-15_t4_s04_cast183.cnv
* Sea-Bird SBE19plus Data File:
* FileName = C:\Users\kris.holderied\Documents\kasitsna\Research-Projects-and-Data\Oceanography-AK\CTD-CookInlet-GulfWatchAK\2014-02-EVOSTC-CookInlet-LTM-BATCH-UPLOAD\2014-02-CookInlet-Seasonal-cast183.hex
* Software Version 1.59
* Temperature SN =  5028
* Conductivity SN =  5028
* System UpLoad Time = Apr 09 2014 20:20:13
** Cook Inlet LTM 2014 February Seasonal - Batch upload
** Date: 2014-02-15
** Station: 4-04
** Start time: 14:11
** Depth (m): 89
** CoComment:
** Comment:
# nquan = 16
# nvalues = 661                         
# units = specified
# name 0 = scan: Scan Count
# name 1 = timeJ: Julian Days
# name 2 = timeH: Time, Elapsed [hours]
# name 3 = timeM: Time, Elapsed [minutes]
# name 4 = timeS: Time, Elapsed [seconds]
# name 5 = prdM: Pressure, Strain Gauge [db]
# name 6 = specc: Specific Conductance [uS/cm]
# name 7 = sal00: Salinity, Practical [PSU]
# name 8 = tv290C: Temperature [ITS-90, deg C]
# name 9 = depSM: Depth [salt water, m], lat = 59.00
# name 10 = oxsolML/L: Oxygen Saturation, Garcia & Gordon [ml/l]
# name 11 = potemp090C: Potential Temperature [ITS-90, deg C]
# name 12 = sigma-é00: Density [sigma-theta, kg/m^3]
# name 13 = n2satML/L: Nitrogen Saturation [ml/l]
# name 14 = par: PAR/Irradiance, Biospherical/Licor
# name 15 = flag:  0.000e+00
# span 0 =          1,        661       
# span 1 =  46.590602,  46.592512       
# span 2 =    0.00000,    0.04583       
# span 3 =     0.0000,     2.7500       
# span 4 =      0.000,    165.000       
# span 5 =     -0.496,     88.544       
# span 6 =   1055.206,  51635.488       
# span 7 =     0.4940,    31.9536       
# span 8 =     1.3181,     4.8024       
# span 9 =     -0.492,     87.697       
# span 10 =    7.25789,    9.81411      
# span 11 =     1.3181,     4.7962      
# span 12 =     0.3214,    25.3165      
# span 13 =   12.99468,   17.71790      
# span 14 = 3.7912e-02, 1.3018e+02      
# span 15 = 0.0000e+00, 0.0000e+00      
# interval = seconds: 0.25
# start_time = Feb 15 2014 14:10:28 [Instrument's time stamp, header]
# bad_flag = -9.990e-29
*END*
[from data line 452]
        453  46.591910    0.03139     1.8833    113.000     40.893  51313.149    31.8561     4.7884     40.507    7.26038     4.7851    25.2065   12.99881 3.7642e-01 0.0000e+00
        454  46.591913    0.03146     1.8875    113.250     41.120  51313.754    31.8563     4.7881     40.732    7.26042     4.7850    25.2067   12.99887 3.6704e-01 0.0000e+00
        455  46.591916    0.03153     1.8917    113.500     41.325  51314.183    31.8565     4.7880     40.935    7.26044     4.7849    25.2068   12.99890 3.5896e-01 0.0000e+00
        456  46.591918    0.03160     1.8958    113.750     41.511  51314.478    31.8566     4.7879     41.118    7.26045     4.7849    25.2069   12.99891 3.5183e-01 0.0000e+00
        457  46.591921    0.03167     1.9000    114.000     41.681  51314.718    31.8566     4.7879     41.286    7.26045     4.7850    25.2070   12.99892 3.4538e-01 0.0000e+00
        458  46.591924    0.03174     1.9042    114.250     41.840  51314.916    31.8567     4.7879     41.445    7.26045     4.7850    25.2070   12.99891 3.3932e-01 0.0000e+00
        459  46.591927    0.03181     1.9083    114.500     41.996  51315.069    31.8567     4.7879     41.599    7.26044     4.7850    25.2070   12.99890 3.3343e-01 0.0000e+00
        460  46.591930    0.03188     1.9125    114.750     42.154  51315.135    31.8567     4.7880     41.756    7.26044     4.7851    25.2070   12.99888 3.2749e-01 0.0000e+00
        461  46.591933    0.03194     1.9167    115.000     42.319  51315.118    31.8566     4.7880     41.919    7.26043     4.7851    25.2070   12.99887 3.2131e-01 0.0000e+00
        462  46.591936    0.03201     1.9208    115.250     42.496  51315.182    31.8566     4.7881     42.094    7.26042     4.7852    25.2069   12.99886 3.1475e-01 0.0000e+00
        463  46.591939    0.03208     1.9250    115.500     42.686  51315.478    31.8567     4.7881     42.282    7.26041     4.7854    25.2070   12.99884 3.0785e-01 0.0000e+00
        464  46.591942    0.03215     1.9292    115.750     42.892  51315.954    31.8569     4.7882     42.486    7.26038     4.7857    25.2072   12.99878 3.0072e-01 0.0000e+00
        465  46.591944    0.03222     1.9333    116.000     43.113  51316.459    31.8572     4.7884     42.705    7.26033     4.7861    25.2074   12.99870 2.9338e-01 0.0000e+00
        466  46.591947    0.03229     1.9375    116.250     43.347  51316.872    31.8574     4.7888     42.937    7.26026     4.7866    25.2076   12.99858 2.8584e-01 0.0000e+00
        467  46.591950    0.03236     1.9417    116.500     43.592  51317.119    31.8576     4.7892     43.179    7.26017     4.7871    25.2077   12.99844 2.7815e-01 0.0000e+00
        468  46.591953    0.03243     1.9458    116.750     43.846  51317.202    31.8576     4.7897     43.431    7.26008     4.7876    25.2076   12.99829 2.7046e-01 0.0000e+00
        469  46.591956    0.03250     1.9500    117.000     44.107  51317.285    31.8577     4.7902     43.689    7.25999     4.7882    25.2076   12.99813 2.6287e-01 0.0000e+00
        470  46.591959    0.03257     1.9542    117.250     44.371  51317.666    31.8579     4.7908     43.951    7.25989     4.7891    25.2077   12.99796 2.5540e-01 0.0000e+00
        471  46.591962    0.03264     1.9583    117.500     44.637  51318.495    31.8585     4.7914     44.215    7.25976     4.7901    25.2081   12.99774 2.4815e-01 0.0000e+00
        472  46.591965    0.03271     1.9625    117.750     44.902  51319.214    31.8591     4.7922     44.478    7.25958     4.7912    25.2085   12.99744 2.4117e-01 0.0000e+00
        473  46.591968    0.03278     1.9667    118.000     45.164  51319.014    31.8591     4.7933     44.737    7.25939     4.7920    25.2084   12.99713 2.3452e-01 0.0000e+00
        474  46.591970    0.03285     1.9708    118.250     45.418  51317.964    31.8585     4.7944     44.988    7.25923     4.7926    25.2078   12.99686 2.2829e-01 0.0000e+00
        475  46.591973    0.03292     1.9750    118.500     45.661  51316.880    31.8578     4.7953     45.229    7.25911     4.7929    25.2071   12.99668 2.2252e-01 0.0000e+00
        476  46.591976    0.03299     1.9792    118.750     45.889  51316.484    31.8575     4.7958     45.455    7.25903     4.7932    25.2069   12.99656 2.1723e-01 0.0000e+00
        477  46.591979    0.03306     1.9833    119.000     46.101  51316.667    31.8576     4.7961     45.664    7.25897     4.7936    25.2069   12.99645 2.1244e-01 0.0000e+00
        478  46.591982    0.03313     1.9875    119.250     46.295  51316.793    31.8577     4.7965     45.856    7.25890     4.7939    25.2069   12.99634 2.0811e-01 0.0000e+00
        479  46.591985    0.03319     1.9917    119.500     46.472  51316.667    31.8576     4.7969     46.032    7.25884     4.7942    25.2068   12.99623 2.0418e-01 0.0000e+00
        480  46.591988    0.03326     1.9958    119.750     46.633  51316.483    31.8574     4.7972     46.191    7.25878     4.7945    25.2067   12.99614 2.0063e-01 0.0000e+00
        481  46.591991    0.03333     2.0000    120.000     46.779  51316.343    31.8573     4.7975     46.336    7.25874     4.7946    25.2066   12.99607 1.9740e-01 0.0000e+00
        482  46.591994    0.03340     2.0042    120.250     46.913  51316.208    31.8572     4.7977     46.469    7.25870     4.7947    25.2065   12.99601 1.9441e-01 0.0000e+00
        483  46.591997    0.03347     2.0083    120.500     47.041  51316.082    31.8571     4.7979     46.596    7.25868     4.7947    25.2064   12.99598 1.9158e-01 0.0000e+00
        484  46.591999    0.03354     2.0125    120.750     47.167  51316.004    31.8570     4.7980     46.721    7.25867     4.7947    25.2063   12.99596 1.8882e-01 0.0000e+00
        485  46.592002    0.03361     2.0167    121.000     47.296  51316.006    31.8570     4.7980     46.848    7.25866     4.7947    25.2063   12.99595 1.8601e-01 0.0000e+00
        486  46.592005    0.03368     2.0208    121.250     47.431  51316.104    31.8570     4.7980     46.983    7.25866     4.7947    25.2063   12.99595 1.8305e-01 0.0000e+00
        487  46.592008    0.03375     2.0250    121.500     47.577  51316.256    31.8570     4.7980     47.127    7.25865     4.7948    25.2063   12.99594 1.7993e-01 0.0000e+00
        488  46.592011    0.03382     2.0292    121.750     47.734  51316.421    31.8571     4.7981     47.282    7.25865     4.7948    25.2063   12.99593 1.7676e-01 0.0000e+00
        489  46.592014    0.03389     2.0333    122.000     47.898  51316.552    31.8571     4.7981     47.444    7.25864     4.7948    25.2063   12.99592 1.7357e-01 0.0000e+00
        490  46.592017    0.03396     2.0375    122.250     48.066  51316.632    31.8571     4.7982     47.611    7.25864     4.7947    25.2063   12.99591 1.7041e-01 0.0000e+00
        491  46.592020    0.03403     2.0417    122.500     48.234  51316.735    31.8571     4.7982     47.778    7.25864     4.7947    25.2063   12.99591 1.6742e-01 0.0000e+00
        492  46.592023    0.03410     2.0458    122.750     48.399  51316.921    31.8571     4.7981     47.942    7.25864     4.7947    25.2063   12.99591 1.6480e-01 0.0000e+00
        493  46.592025    0.03417     2.0500    123.000     48.555  51317.126    31.8572     4.7981     48.095    7.25864     4.7947    25.2064   12.99591 1.6258e-01 0.0000e+00
        494  46.592028    0.03424     2.0542    123.250     48.694  51317.262    31.8572     4.7981     48.233    7.25864     4.7947    25.2064   12.99592 1.6068e-01 0.0000e+00
        495  46.592031    0.03431     2.0583    123.500     48.815  51317.349    31.8571     4.7981     48.353    7.25864     4.7946    25.2064   12.99592 1.5906e-01 0.0000e+00
        496  46.592034    0.03438     2.0625    123.750     48.919  51317.437    31.8571     4.7981     48.455    7.25865     4.7946    25.2064   12.99592 1.5766e-01 0.0000e+00
        497  46.592037    0.03444     2.0667    124.000     49.011  51317.529    31.8572     4.7980     48.547    7.25865     4.7945    25.2064   12.99593 1.5638e-01 0.0000e+00
        498  46.592040    0.03451     2.0708    124.250     49.101  51317.625    31.8572     4.7980     48.636    7.25866     4.7945    25.2064   12.99595 1.5515e-01 0.0000e+00
        499  46.592043    0.03458     2.0750    124.500     49.196  51317.722    31.8572     4.7980     48.731    7.25866     4.7944    25.2064   12.99596 1.5385e-01 0.0000e+00
        500  46.592046    0.03465     2.0792    124.750     49.304  51317.822    31.8572     4.7979     48.837    7.25867     4.7944    25.2064   12.99596 1.5227e-01 0.0000e+00
        501  46.592049    0.03472     2.0833    125.000     49.429  51317.952    31.8572     4.7979     48.961    7.25867     4.7944    25.2065   12.99597 1.5029e-01 0.0000e+00
        502  46.592052    0.03479     2.0875    125.250     49.574  51318.119    31.8572     4.7978     49.104    7.25868     4.7943    25.2065   12.99598 1.4801e-01 0.0000e+00
        503  46.592054    0.03486     2.0917    125.500     49.739  51318.287    31.8573     4.7978     49.268    7.25869     4.7943    25.2065   12.99599 1.4546e-01 0.0000e+00
        504  46.592057    0.03493     2.0958    125.750     49.923  51318.433    31.8573     4.7978     49.450    7.25869     4.7942    25.2065   12.99599 1.4263e-01 0.0000e+00
        505  46.592060    0.03500     2.1000    126.000     50.121  51318.552    31.8573     4.7978     49.646    7.25869     4.7941    25.2065   12.99600 1.3959e-01 0.0000e+00
        506  46.592063    0.03507     2.1042    126.250     50.327  51318.673    31.8572     4.7977     49.850    7.25870     4.7941    25.2065   12.99601 1.3653e-01 0.0000e+00
        507  46.592066    0.03514     2.1083    126.500     50.533  51318.868    31.8572     4.7977     50.055    7.25871     4.7940    25.2065   12.99603 1.3356e-01 0.0000e+00
        508  46.592069    0.03521     2.1125    126.750     50.733  51319.107    31.8573     4.7976     50.253    7.25872     4.7940    25.2066   12.99603 1.3078e-01 0.0000e+00
        509  46.592072    0.03528     2.1167    127.000     50.922  51319.297    31.8573     4.7976     50.440    7.25872     4.7940    25.2066   12.99604 1.2820e-01 0.0000e+00
        510  46.592075    0.03535     2.1208    127.250     51.097  51319.414    31.8573     4.7976     50.613    7.25872     4.7940    25.2066   12.99604 1.2587e-01 0.0000e+00
        511  46.592078    0.03542     2.1250    127.500     51.256  51319.466    31.8573     4.7976     50.771    7.25872     4.7940    25.2065   12.99604 1.2383e-01 0.0000e+00
        512  46.592080    0.03549     2.1292    127.750     51.398  51319.486    31.8572     4.7976     50.911    7.25872     4.7940    25.2065   12.99605 1.2208e-01 0.0000e+00
        513  46.592083    0.03556     2.1333    128.000     51.523  51319.513    31.8572     4.7976     51.035    7.25872     4.7939    25.2065   12.99605 1.2056e-01 0.0000e+00
        514  46.592086    0.03562     2.1375    128.250     51.635  51319.552    31.8572     4.7976     51.146    7.25873     4.7938    25.2064   12.99607 1.1921e-01 0.0000e+00
        515  46.592089    0.03569     2.1417    128.500     51.737  51319.613    31.8571     4.7975     51.247    7.25874     4.7937    25.2064   12.99609 1.1801e-01 0.0000e+00
        516  46.592092    0.03576     2.1458    128.750     51.833  51319.711    31.8571     4.7975     51.342    7.25876     4.7937    25.2064   12.99611 1.1691e-01 0.0000e+00
        517  46.592095    0.03583     2.1500    129.000     51.926  51319.856    31.8572     4.7974     51.434    7.25877     4.7937    25.2065   12.99613 1.1582e-01 0.0000e+00
        518  46.592098    0.03590     2.1542    129.250     52.022  51320.042    31.8572     4.7974     51.529    7.25877     4.7937    25.2065   12.99613 1.1470e-01 0.0000e+00
        519  46.592101    0.03597     2.1583    129.500     52.123  51320.212    31.8573     4.7974     51.629    7.25877     4.7937    25.2066   12.99613 1.1352e-01 0.0000e+00
        520  46.592104    0.03604     2.1625    129.750     52.235  51320.312    31.8573     4.7974     51.740    7.25877     4.7937    25.2066   12.99611 1.1227e-01 0.0000e+00
        521  46.592106    0.03611     2.1667    130.000     52.359  51320.308    31.8573     4.7974     51.863    7.25876     4.7936    25.2066   12.99611 1.1090e-01 0.0000e+00
        522  46.592109    0.03618     2.1708    130.250     52.496  51320.292    31.8572     4.7974     51.998    7.25877     4.7936    25.2065   12.99612 1.0944e-01 0.0000e+00
        523  46.592112    0.03625     2.1750    130.500     52.645  51320.535    31.8573     4.7974     52.146    7.25877     4.7937    25.2065   12.99613 1.0794e-01 0.0000e+00
        524  46.592115    0.03632     2.1792    130.750     52.807  51321.013    31.8575     4.7973     52.307    7.25877     4.7938    25.2067   12.99612 1.0644e-01 0.0000e+00
        525  46.592118    0.03639     2.1833    131.000     52.982  51321.332    31.8577     4.7974     52.480    7.25875     4.7939    25.2069   12.99608 1.0484e-01 0.0000e+00
        526  46.592121    0.03646     2.1875    131.250     53.169  51321.308    31.8576     4.7976     52.666    7.25872     4.7940    25.2068   12.99604 1.0306e-01 0.0000e+00
        527  46.592124    0.03653     2.1917    131.500     53.372  51321.085    31.8574     4.7977     52.867    7.25871     4.7939    25.2066   12.99602 1.0111e-01 0.0000e+00
        528  46.592127    0.03660     2.1958    131.750     53.592  51320.843    31.8571     4.7978     53.084    7.25871     4.7937    25.2064   12.99603 9.9060e-02 0.0000e+00
        529  46.592130    0.03667     2.2000    132.000     53.830  51320.604    31.8568     4.7977     53.320    7.25874     4.7932    25.2062   12.99608 9.6936e-02 0.0000e+00
        530  46.592133    0.03674     2.2042    132.250     54.086  51320.290    31.8564     4.7974     53.574    7.25880     4.7926    25.2059   12.99619 9.4676e-02 0.0000e+00
        531  46.592135    0.03681     2.2083    132.500     54.361  51320.049    31.8560     4.7970     53.846    7.25889     4.7920    25.2057   12.99634 9.2258e-02 0.0000e+00
        532  46.592138    0.03687     2.2125    132.750     54.654  51320.282    31.8559     4.7964     54.136    7.25900     4.7914    25.2056   12.99652 8.9791e-02 0.0000e+00
        533  46.592141    0.03694     2.2167    133.000     54.958  51321.102    31.8562     4.7958     54.437    7.25909     4.7911    25.2059   12.99668 8.7392e-02 0.0000e+00
        534  46.592144    0.03701     2.2208    133.250     55.263  51322.167    31.8567     4.7953     54.738    7.25916     4.7911    25.2064   12.99678 8.5081e-02 0.0000e+00
        535  46.592147    0.03708     2.2250    133.500     55.558  51323.115    31.8571     4.7950     55.031    7.25919     4.7911    25.2067   12.99682 8.2923e-02 0.0000e+00
        536  46.592150    0.03715     2.2292    133.750     55.836  51323.751    31.8574     4.7950     55.307    7.25918     4.7912    25.2069   12.99681 8.1005e-02 0.0000e+00
        537  46.592153    0.03722     2.2333    134.000     56.088  51324.041    31.8575     4.7950     55.556    7.25916     4.7913    25.2070   12.99677 7.9341e-02 0.0000e+00
        538  46.592156    0.03729     2.2375    134.250     56.307  51324.102    31.8574     4.7952     55.773    7.25914     4.7914    25.2070   12.99674 7.7952e-02 0.0000e+00
        539  46.592159    0.03736     2.2417    134.500     56.490  51324.119    31.8574     4.7953     55.954    7.25913     4.7914    25.2069   12.99671 7.6856e-02 0.0000e+00
        540  46.592161    0.03743     2.2458    134.750     56.637  51324.215    31.8574     4.7954     56.100    7.25911     4.7915    25.2069   12.99669 7.6007e-02 0.0000e+00
        541  46.592164    0.03750     2.2500    135.000     56.754  51324.328    31.8574     4.7955     56.215    7.25910     4.7916    25.2069   12.99667 7.5359e-02 0.0000e+00
        542  46.592167    0.03757     2.2542    135.250     56.848  51324.377    31.8574     4.7955     56.309    7.25909     4.7916    25.2069   12.99665 7.4853e-02 0.0000e+00
