CTD-processing/allCTD/CNV--turbid/2014_10-13_t3_s10_cast089.cnv
* Sea-Bird SBE19plus Data File:
* FileName = C:\Users\kris.holderied\Documents\kasitsna\Research-Projects-and-Data\Oceanography-AK\CTD-Data-ALL-to-2014-10\2014-CTD-KachemakBay-CookInlet\2014-10-EVOSTC-CookInlet\2014-10-13-CookInlet-Tran3-AnchorPt\2014-10-13-CookInlet-Tran3-cast089.hex
* Software Version 1.59
* Temperature SN =  4141
* Conductivity SN =  4141
* System UpLoad Time = Oct 13 2014 18:14:12
** Cook Inlet LTM Tran3 (Anchor Pt)  southeast to northwest
** Date: 10-13
** Station: 3-10
** Start time: 14:49
** Depth (m): 45
** Comment:  CTD time is Alaska Daylight time.  R/V Pandalus. Transducer  depth.
** Comment:
# nquan = 16
# nvalues = 656                         
# units = specified
# name 0 = scan: Scan Count
# name 1 = timeJ: Julian Days
# name 2 = timeH: Time, Elapsed [hours]
# name 3 = timeM: Time, Elapsed [minutes]
# name 4 = timeS: Time, Elapsed [seconds]
# name 5 = prdM: Pressure, Strain Gauge [db]
# name 6 = specc: Specific Conductance [uS/cm]
# name 7 = sal00: Salinity, Practical [PSU]
# name 8 = tv290C: Temperature [ITS-90, deg C]
# name 9 = depSM: Depth [salt water, m], lat = 59.00
# name 10 = oxsolML/L: Oxygen Saturation, Garcia & Gordon [ml/l]
# name 11 = potemp090C: Potential Temperature [ITS-90, deg C]
# name 12 = sigma-é00: Density [sigma-theta, kg/m^3]
# name 13 = n2satML/L: Nitrogen Saturation [ml/l]
# name 14 = par: PAR/Irradiance, Biospherical/Licor
# name 15 = flag:  0.000e+00
# span 0 =          1,        656       
# span 1 = 286.617523, 286.619418       
# span 2 =    0.00000,    0.04549       
# span 3 =     0.0000,     2.7292       
# span 4 =      0.000,    163.750       
# span 5 =     -0.182,     45.157       
# span 6 =    879.377,  47813.875       
# span 7 =     0.4262,    30.2758       
# span 8 =     9.6535,     9.8641       
# span 9 =     -0.181,     44.730       
# span 10 =    6.53534,    7.92062      
# span 11 =     9.6535,     9.8640      
# span 12 =     0.0534,    23.2960      
# span 13 =   11.81939,   14.53513      
# span 14 = 3.6382e-02, 8.4639e+01      
# span 15 = 0.0000e+00, 0.0000e+00      
# interval = seconds: 0.25
# start_time = Oct 13 2014 14:49:14 [Instrument's time stamp, header]
# bad_flag = -9.990e-29
*END*
          1 286.617523    0.00000     0.0000      0.000     -0.164    879.377     0.4262     9.8190     -0.162    7.91101     9.8110     0.0534   14.52212 8.4639e+01 0.0000e+00
          2 286.617526    0.00007     0.0042      0.250     -0.163    904.620     0.4392     9.8160     -0.162    7.91092     9.8024     0.0638   14.52177 7.8527e+01 0.0000e+00
          3 286.617529    0.00014     0.0083      0.500     -0.163    941.307     0.4581     9.8110     -0.162    7.91091     9.7886     0.0791   14.52148 7.1523e+01 0.0000e+00
          4 286.617532    0.00021     0.0125      0.750     -0.162    985.139     0.4808     9.8024     -0.161    7.91136     9.7679     0.0977   14.52191 6.7556e+01 0.0000e+00
          5 286.617535    0.00028     0.0167      1.000     -0.163   1033.985     0.5066     9.7886     -0.162    7.91264     9.7400     0.1191   14.52370 6.8778e+01 0.0000e+00
          6 286.617538    0.00035     0.0208      1.250     -0.164   1093.268     0.5383     9.7679     -0.162    7.91493     9.7085     0.1458   14.52709 7.0579e+01 0.0000e+00
          7 286.617541    0.00042     0.0250      1.500     -0.165   1173.445     0.5818     9.7400     -0.164    7.91798     9.6807     0.1822   14.53162 6.6906e+01 0.0000e+00
          8 286.617543    0.00049     0.0292      1.750     -0.168   1292.617     0.6470     9.7084     -0.166    7.92062     9.6620     0.2360   14.53513 6.0197e+01 0.0000e+00
          9 286.617546    0.00056     0.0333      2.000     -0.170   1486.461     0.7532     9.6807     -0.168    7.92050     9.6535     0.3216   14.53337 5.5034e+01 0.0000e+00
         10 286.617549    0.00063     0.0375      2.250     -0.172   1812.808     0.9320     9.6620     -0.170    7.91503     9.6551     0.4632   14.52152 5.1126e+01 0.0000e+00
         11 286.617552    0.00069     0.0417      2.500     -0.172   2357.385     1.2304     9.6535     -0.170    7.90164     9.6668     0.6976   14.49455 4.6837e+01 0.0000e+00
         12 286.617555    0.00076     0.0458      2.750     -0.171   3160.128     1.6730     9.6551     -0.169    7.87915     9.6865     1.0440   14.45011 4.1472e+01 0.0000e+00
         13 286.617558    0.00083     0.0500      3.000     -0.172   3720.150     1.9808     9.6668     -0.170    7.86152     9.7080     1.2839   14.41584 3.8065e+01 0.0000e+00
         14 286.617561    0.00090     0.0542      3.250     -0.174   3585.535     1.8982     9.6865     -0.172    7.86192     9.7260     1.2179   14.41769 3.9648e+01 0.0000e+00
         15 286.617564    0.00097     0.0583      3.500     -0.178   3277.381     1.7181     9.7080     -0.176    7.86685     9.7390     1.0755   14.42859 4.4041e+01 0.0000e+00
         16 286.617567    0.00104     0.0625      3.750     -0.181   3291.692     1.7189     9.7260     -0.179    7.86340     9.7478     1.0749   14.42273 4.6820e+01 0.0000e+00
         17 286.617569    0.00111     0.0667      4.000     -0.182   3610.275     1.8889     9.7390     -0.180    7.85244     9.7536     1.2070   14.40171 4.7208e+01 0.0000e+00
         18 286.617572    0.00118     0.0708      4.250     -0.182   4092.905     2.1518     9.7478     -0.181    7.83763     9.7574     1.4122   14.37286 4.7921e+01 0.0000e+00
         19 286.617575    0.00125     0.0750      4.500     -0.181   4542.409     2.3997     9.7536     -0.180    7.82418     9.7599     1.6057   14.34653 4.8569e+01 0.0000e+00
         20 286.617578    0.00132     0.0792      4.750     -0.181   4859.165     2.5773     9.7574     -0.180    7.81468     9.7614     1.7442   14.32795 4.7886e+01 0.0000e+00
         21 286.617581    0.00139     0.0833      5.000     -0.180   5034.021     2.6792     9.7599     -0.179    7.80930     9.7626     1.8236   14.31746 4.6276e+01 0.0000e+00
         22 286.617584    0.00146     0.0875      5.250     -0.178   5080.859     2.7142     9.7614     -0.177    7.80755     9.7636     1.8507   14.31412 4.3874e+01 0.0000e+00
         23 286.617587    0.00153     0.0917      5.500     -0.176   5071.479     2.7250     9.7626     -0.175    7.80728     9.7648     1.8585   14.31374 4.2757e+01 0.0000e+00
         24 286.617590    0.00160     0.0958      5.750     -0.172   5161.666     2.8031     9.7636     -0.171    7.80401     9.7662     1.9187   14.30747 4.4602e+01 0.0000e+00
         25 286.617593    0.00167     0.1000      6.000     -0.167   5533.823     3.0573     9.7648     -0.166    7.79246     9.7681     2.1160   14.28493 4.7035e+01 0.0000e+00
         26 286.617595    0.00174     0.1042      6.250     -0.157   6377.692     3.6054     9.7662     -0.156    7.76709     9.7707     2.5422   14.23520 4.8043e+01 0.0000e+00
         27 286.617598    0.00181     0.1083      6.500     -0.141   7954.281     4.6134     9.7680     -0.140    7.72016     9.7746     3.3266   14.14310 4.7531e+01 0.0000e+00
         28 286.617601    0.00187     0.1125      6.750     -0.115  10697.460     6.3575     9.7707     -0.114    7.63884     9.7804     4.6839   13.98341 4.5290e+01 0.0000e+00
         29 286.617604    0.00194     0.1167      7.000     -0.071  15360.366     9.3145     9.7745     -0.071    7.50089     9.7892     6.9855   13.71245 4.3162e+01 0.0000e+00
         30 286.617607    0.00201     0.1208      7.250     -0.003  22568.518    13.9129     9.7804     -0.003    7.28731     9.8007    10.5644   13.29311 4.2498e+01 0.0000e+00
         31 286.617610    0.00208     0.1250      7.500      0.095  30776.902    19.1981     9.7893      0.094    7.04311     9.8130    14.6766   12.81409 4.1394e+01 0.0000e+00
         32 286.617613    0.00215     0.1292      7.750      0.217  37098.999    23.2915     9.8008      0.214    6.85406     9.8240    17.8606   12.44360 3.9420e+01 0.0000e+00
         33 286.617616    0.00222     0.1333      8.000      0.357  40922.346    25.7691     9.8130      0.354    6.73894     9.8327    19.7869   12.21823 3.6128e+01 0.0000e+00
         34 286.617619    0.00229     0.1375      8.250      0.512  43213.260    27.2540     9.8240      0.507    6.66941     9.8391    20.9408   12.08229 3.0667e+01 0.0000e+00
         35 286.617622    0.00236     0.1417      8.500      0.675  44586.152    28.1439     9.8327      0.668    6.62742     9.8435    21.6321   12.00028 2.5976e+01 0.0000e+00
         36 286.617624    0.00243     0.1458      8.750      0.839  45409.353    28.6777     9.8392      0.831    6.60207     9.8465    22.0465   11.95082 2.4280e+01 0.0000e+00
         37 286.617627    0.00250     0.1500      9.000      0.989  45903.743    28.9983     9.8436      0.979    6.58676     9.8483    22.2953   11.92096 2.4525e+01 0.0000e+00
         38 286.617630    0.00257     0.1542      9.250      1.109  46200.845    29.1910     9.8466      1.099    6.57751     9.8493    22.4448   11.90295 2.5693e+01 0.0000e+00
         39 286.617633    0.00264     0.1583      9.500      1.192  46378.991    29.3065     9.8484      1.181    6.57196     9.8498    22.5345   11.89214 2.7246e+01 0.0000e+00
         40 286.617636    0.00271     0.1625      9.750      1.233  46485.253    29.3754     9.8494      1.222    6.56866     9.8501    22.5879   11.88570 2.8608e+01 0.0000e+00
         41 286.617639    0.00278     0.1667     10.000      1.235  46547.978    29.4160     9.8500      1.223    6.56672     9.8502    22.6195   11.88193 3.0567e+01 0.0000e+00
         42 286.617642    0.00285     0.1708     10.250      1.201  46584.000    29.4393     9.8502      1.190    6.56562     9.8504    22.6375   11.87977 3.3553e+01 0.0000e+00
         43 286.617645    0.00292     0.1750     10.500      1.140  46603.354    29.4517     9.8503      1.129    6.56502     9.8508    22.6471   11.87860 3.7124e+01 0.0000e+00
         44 286.617648    0.00299     0.1792     10.750      1.061  46612.858    29.4576     9.8505      1.051    6.56471     9.8514    22.6517   11.87799 4.0426e+01 0.0000e+00
         45 286.617650    0.00306     0.1833     11.000      0.977  46617.538    29.4605     9.8509      0.968    6.56452     9.8521    22.6539   11.87763 4.1539e+01 0.0000e+00
         46 286.617653    0.00313     0.1875     11.250      0.902  46620.196    29.4622     9.8514      0.893    6.56435     9.8528    22.6552   11.87733 3.9861e+01 0.0000e+00
         47 286.617656    0.00319     0.1917     11.500      0.851  46621.926    29.4634     9.8521      0.843    6.56419     9.8534    22.6559   11.87705 3.6251e+01 0.0000e+00
         48 286.617659    0.00326     0.1958     11.750      0.833  46623.180    29.4643     9.8528      0.825    6.56405     9.8538    22.6565   11.87680 3.2232e+01 0.0000e+00
         49 286.617662    0.00333     0.2000     12.000      0.850  46624.131    29.4650     9.8534      0.842    6.56393     9.8540    22.6570   11.87660 2.9228e+01 0.0000e+00
         50 286.617665    0.00340     0.2042     12.250      0.894  46624.821    29.4654     9.8539      0.886    6.56385     9.8541    22.6573   11.87646 2.7393e+01 0.0000e+00
         51 286.617668    0.00347     0.2083     12.500      0.956  46625.241    29.4657     9.8541      0.947    6.56380     9.8542    22.6574   11.87637 2.6280e+01 0.0000e+00
         52 286.617671    0.00354     0.2125     12.750      1.024  46625.439    29.4658     9.8542      1.014    6.56378     9.8542    22.6575   11.87633 2.5326e+01 0.0000e+00
         53 286.617674    0.00361     0.2167     13.000      1.087  46625.421    29.4658     9.8543      1.076    6.56377     9.8543    22.6575   11.87632 2.4371e+01 0.0000e+00
         54 286.617677    0.00368     0.2208     13.250      1.137  46624.916    29.4654     9.8543      1.126    6.56378     9.8544    22.6572   11.87634 2.3895e+01 0.0000e+00
         55 286.617679    0.00375     0.2250     13.500      1.172  46623.629    29.4645     9.8544      1.161    6.56381     9.8545    22.6564   11.87641 2.4479e+01 0.0000e+00
         56 286.617682    0.00382     0.2292     13.750      1.191  46621.643    29.4631     9.8545      1.180    6.56386     9.8548    22.6553   11.87650 2.6537e+01 0.0000e+00
         57 286.617685    0.00389     0.2333     14.000      1.198  46619.380    29.4616     9.8546      1.187    6.56390     9.8550    22.6541   11.87659 2.9021e+01 0.0000e+00
         58 286.617688    0.00396     0.2375     14.250      1.197  46617.329    29.4602     9.8549      1.186    6.56392     9.8553    22.6530   11.87664 3.0539e+01 0.0000e+00
         59 286.617691    0.00403     0.2417     14.500      1.191  46615.937    29.4592     9.8552      1.180    6.56392     9.8556    22.6522   11.87665 3.0914e+01 0.0000e+00
         60 286.617694    0.00410     0.2458     14.750      1.183  46615.291    29.4588     9.8554      1.172    6.56390     9.8558    22.6518   11.87662 3.0239e+01 0.0000e+00
         61 286.617697    0.00417     0.2500     15.000      1.172  46614.833    29.4585     9.8557      1.161    6.56388     9.8560    22.6516   11.87658 2.9522e+01 0.0000e+00
         62 286.617700    0.00424     0.2542     15.250      1.157  46613.935    29.4579     9.8559      1.146    6.56387     9.8562    22.6511   11.87658 3.0234e+01 0.0000e+00
         63 286.617703    0.00431     0.2583     15.500      1.135  46612.405    29.4568     9.8561      1.125    6.56388     9.8564    22.6502   11.87661 3.2082e+01 0.0000e+00
         64 286.617705    0.00438     0.2625     15.750      1.106  46610.266    29.4554     9.8563      1.096    6.56391     9.8567    22.6491   11.87668 3.2840e+01 0.0000e+00
         65 286.617708    0.00444     0.2667     16.000      1.071  46607.464    29.4535     9.8565      1.061    6.56396     9.8569    22.6476   11.87679 3.1922e+01 0.0000e+00
         66 286.617711    0.00451     0.2708     16.250      1.033  46603.879    29.4510     9.8568      1.023    6.56403     9.8572    22.6456   11.87694 3.1384e+01 0.0000e+00
         67 286.617714    0.00458     0.2750     16.500      0.999  46599.582    29.4480     9.8570      0.989    6.56412     9.8575    22.6432   11.87712 3.1804e+01 0.0000e+00
         68 286.617717    0.00465     0.2792     16.750      0.978  46595.286    29.4451     9.8573      0.969    6.56421     9.8578    22.6409   11.87730 3.1902e+01 0.0000e+00
         69 286.617720    0.00472     0.2833     17.000      0.981  46592.111    29.4429     9.8576      0.972    6.56426     9.8581    22.6391   11.87740 3.0666e+01 0.0000e+00
         70 286.617723    0.00479     0.2875     17.250      1.010  46590.526    29.4418     9.8579      1.000    6.56426     9.8583    22.6383   11.87741 2.8338e+01 0.0000e+00
         71 286.617726    0.00486     0.2917     17.500      1.058  46590.230    29.4416     9.8582      1.048    6.56423     9.8585    22.6381   11.87736 2.6169e+01 0.0000e+00
         72 286.617729    0.00493     0.2958     17.750      1.112  46590.814    29.4421     9.8584      1.101    6.56418     9.8586    22.6383   11.87728 2.4801e+01 0.0000e+00
         73 286.617731    0.00500     0.3000     18.000      1.158  46592.034    29.4429     9.8586      1.147    6.56412     9.8587    22.6390   11.87717 2.4334e+01 0.0000e+00
         74 286.617734    0.00507     0.3042     18.250      1.187  46592.955    29.4436     9.8587      1.176    6.56407     9.8588    22.6395   11.87708 2.4661e+01 0.0000e+00
         75 286.617737    0.00514     0.3083     18.500      1.198  46591.742    29.4427     9.8589      1.186    6.56409     9.8590    22.6388   11.87712 2.5222e+01 0.0000e+00
         76 286.617740    0.00521     0.3125     18.750      1.195  46588.127    29.4402     9.8590      1.184    6.56418     9.8591    22.6368   11.87730 2.5660e+01 0.0000e+00
         77 286.617743    0.00528     0.3167     19.000      1.191  46584.091    29.4374     9.8591      1.180    6.56428     9.8592    22.6346   11.87750 2.6007e+01 0.0000e+00
         78 286.617746    0.00535     0.3208     19.250      1.194  46581.562    29.4356     9.8592      1.183    6.56434     9.8592    22.6332   11.87762 2.6364e+01 0.0000e+00
         79 286.617749    0.00542     0.3250     19.500      1.208  46581.020    29.4353     9.8593      1.197    6.56434     9.8591    22.6329   11.87762 2.7302e+01 0.0000e+00
         80 286.617752    0.00549     0.3292     19.750      1.233  46581.486    29.4356     9.8594      1.222    6.56432     9.8589    22.6331   11.87759 2.8824e+01 0.0000e+00
         81 286.617755    0.00556     0.3333     20.000      1.271  46582.121    29.4360     9.8593      1.259    6.56431     9.8586    22.6335   11.87757 2.9907e+01 0.0000e+00
         82 286.617758    0.00562     0.3375     20.250      1.323  46583.621    29.4370     9.8591      1.310    6.56430     9.8581    22.6343   11.87754 2.9811e+01 0.0000e+00
         83 286.617760    0.00569     0.3417     20.500      1.381  46586.567    29.4390     9.8587      1.368    6.56426     9.8576    22.6359   11.87746 2.8902e+01 0.0000e+00
         84 286.617763    0.00576     0.3458     20.750      1.435  46589.862    29.4412     9.8583      1.421    6.56423     9.8571    22.6377   11.87739 2.8207e+01 0.0000e+00
         85 286.617766    0.00583     0.3500     21.000      1.474  46592.343    29.4429     9.8578      1.460    6.56424     9.8568    22.6391   11.87737 2.8080e+01 0.0000e+00
         86 286.617769    0.00590     0.3542     21.250      1.490  46594.103    29.4441     9.8573      1.476    6.56425     9.8567    22.6401   11.87738 2.8197e+01 0.0000e+00
         87 286.617772    0.00597     0.3583     21.500      1.481  46595.631    29.4451     9.8570      1.467    6.56426     9.8566    22.6409   11.87737 2.8561e+01 0.0000e+00
         88 286.617775    0.00604     0.3625     21.750      1.448  46597.239    29.4462     9.8568      1.434    6.56424     9.8565    22.6418   11.87732 2.9399e+01 0.0000e+00
         89 286.617778    0.00611     0.3667     22.000      1.398  46599.015    29.4474     9.8567      1.385    6.56420     9.8564    22.6428   11.87725 3.0456e+01 0.0000e+00
         90 286.617781    0.00618     0.3708     22.250      1.341  46600.916    29.4488     9.8566      1.328    6.56416     9.8563    22.6439   11.87716 3.0978e+01 0.0000e+00
