CTD-processing/allCTD/CNV--turbid/2014_04-11_t3_s08_cast008.cnv
* Sea-Bird SBE19plus Data File:
* FileName = C:\Users\kris.holderied\Documents\kasitsna\Research-Projects-and-Data\Oceanography-AK\CTD-CookInlet-GulfWatchAK\2014-04-EVOSTC-CookInlet-Ocean\2014-04-11-CookInlet-Tran3-AnchorPt\2014-04-11-CookInlet-Tran3-AnchorPt-cast008.hex
* Software Version 1.59
* Temperature SN =  5028
* Conductivity SN =  5028
* System UpLoad Time = Apr 11 2014 15:33:58
** Cook Inlet LTM Transect 3 (Anchor Pt) west to east
** Date: 2014-04-11
** Station: 3-08
** Start time: 12:45
** Depth (m): 79
** Comment:  CTD time is AKDaylight
** Comment:
# nquan = 16
# nvalues = 694                         
# units = specified
# name 0 = scan: Scan Count
# name 1 = timeJ: Julian Days
# name 2 = timeH: Time, Elapsed [hours]
# name 3 = timeM: Time, Elapsed [minutes]
# name 4 = timeS: Time, Elapsed [seconds]
# name 5 = prdM: Pressure, Strain Gauge [db]
# name 6 = specc: Specific Conductance [uS/cm]
# name 7 = sal00: Salinity, Practical [PSU]
# name 8 = tv290C: Temperature [ITS-90, deg C]
# name 9 = depSM: Depth [salt water, m], lat = 59.00
# name 10 = oxsolML/L: Oxygen Saturation, Garcia & Gordon [ml/l]
# name 11 = potemp090C: Potential Temperature [ITS-90, deg C]
# name 12 = sigma-é00: Density [sigma-theta, kg/m^3]
# name 13 = n2satML/L: Nitrogen Saturation [ml/l]
# name 14 = par: PAR/Irradiance, Biospherical/Licor
# name 15 = flag:  0.000e+00
# span 0 =          1,        694       
# span 1 = 101.532060, 101.534065       
# span 2 =    0.00000,    0.04813       
# span 3 =     0.0000,     2.8875       
# span 4 =      0.000,    173.250       
# span 5 =      0.059,     77.156       
# span 6 =    951.240,  51186.239       
# span 7 =     0.4445,    31.4860       
# span 8 =     1.5553,     3.6958       
# span 9 =      0.059,     76.420       
# span 10 =    7.47437,    9.76625      
# span 11 =     1.5562,     3.6912      
# span 12 =     0.2888,    25.0260      
# span 13 =   13.35691,   17.63876      
# span 14 = 3.7912e-02, 1.4278e+03      
# span 15 = 0.0000e+00, 0.0000e+00      
# interval = seconds: 0.25
# start_time = Apr 11 2014 12:46:10 [Instrument's time stamp, header]
# bad_flag = -9.990e-29
*END*
[from data line 91]
         92 101.532323    0.00632     0.3792     22.750      1.234  50243.484    30.6024     2.5451      1.223    7.73715     2.5466    24.4114   13.80225 5.6370e+02 0.0000e+00
         93 101.532326    0.00639     0.3833     23.000      1.250  50240.027    30.6003     2.5460      1.238    7.73709     2.5463    24.4096   13.80217 5.6188e+02 0.0000e+00
         94 101.532329    0.00646     0.3875     23.250      1.270  50226.565    30.5914     2.5466      1.258    7.73744     2.5448    24.4025   13.80287 5.5030e+02 0.0000e+00
         95 101.532332    0.00653     0.3917     23.500      1.292  50204.044    30.5762     2.5463      1.280    7.73830     2.5425    24.3904   13.80450 5.3113e+02 0.0000e+00
         96 101.532335    0.00660     0.3958     23.750      1.313  50180.799    30.5602     2.5449      1.301    7.73943     2.5392    24.3777   13.80656 5.1875e+02 0.0000e+00
         97 101.532338    0.00667     0.4000     24.000      1.330  50165.805    30.5495     2.5425      1.317    7.74046     2.5356    24.3693   13.80841 5.1306e+02 0.0000e+00
         98 101.532341    0.00674     0.4042     24.250      1.340  50162.766    30.5466     2.5393      1.328    7.74123     2.5321    24.3673   13.80973 5.0828e+02 0.0000e+00
         99 101.532344    0.00681     0.4083     24.500      1.344  50169.710    30.5503     2.5356      1.331    7.74175     2.5292    24.3705   13.81053 5.0592e+02 0.0000e+00
        100 101.532347    0.00688     0.4125     24.750      1.341  50180.628    30.5567     2.5322      1.328    7.74208     2.5272    24.3758   13.81100 5.0738e+02 0.0000e+00
        101 101.532350    0.00694     0.4167     25.000      1.332  50189.651    30.5620     2.5293      1.320    7.74235     2.5258    24.3803   13.81138 5.0965e+02 0.0000e+00
        102 101.532352    0.00701     0.4208     25.250      1.319  50194.341    30.5646     2.5273      1.307    7.74262     2.5248    24.3825   13.81178 5.0926e+02 0.0000e+00
        103 101.532355    0.00708     0.4250     25.500      1.305  50195.194    30.5648     2.5258      1.293    7.74288     2.5244    24.3828   13.81222 5.0482e+02 0.0000e+00
        104 101.532358    0.00715     0.4292     25.750      1.292  50192.733    30.5629     2.5249      1.280    7.74316     2.5242    24.3813   13.81270 5.0305e+02 0.0000e+00
        105 101.532361    0.00722     0.4333     26.000      1.281  50185.771    30.5581     2.5244      1.269    7.74351     2.5238    24.3775   13.81333 5.0574e+02 0.0000e+00
        106 101.532364    0.00729     0.4375     26.250      1.273  50173.734    30.5500     2.5243      1.261    7.74397     2.5229    24.3711   13.81421 5.0457e+02 0.0000e+00
        107 101.532367    0.00736     0.4417     26.500      1.267  50159.988    30.5407     2.5239      1.255    7.74454     2.5213    24.3637   13.81527 4.9884e+02 0.0000e+00
        108 101.532370    0.00743     0.4458     26.750      1.263  50150.311    30.5339     2.5230      1.251    7.74508     2.5195    24.3583   13.81625 4.9761e+02 0.0000e+00
        109 101.532373    0.00750     0.4500     27.000      1.260  50148.028    30.5320     2.5214      1.248    7.74549     2.5177    24.3569   13.81695 5.0349e+02 0.0000e+00
        110 101.532376    0.00757     0.4542     27.250      1.261  50151.974    30.5342     2.5196      1.249    7.74574     2.5162    24.3588   13.81733 5.0681e+02 0.0000e+00
        111 101.532378    0.00764     0.4583     27.500      1.265  50157.106    30.5371     2.5178      1.253    7.74593     2.5146    24.3613   13.81761 5.0610e+02 0.0000e+00
        112 101.532381    0.00771     0.4625     27.750      1.274  50157.418    30.5369     2.5162      1.262    7.74624     2.5127    24.3612   13.81813 5.0051e+02 0.0000e+00
        113 101.532384    0.00778     0.4667     28.000      1.286  50150.891    30.5321     2.5147      1.274    7.74679     2.5101    24.3575   13.81910 4.8562e+02 0.0000e+00
        114 101.532387    0.00785     0.4708     28.250      1.299  50141.049    30.5250     2.5128      1.286    7.74754     2.5069    24.3520   13.82044 4.7587e+02 0.0000e+00
        115 101.532390    0.00792     0.4750     28.500      1.311  50132.851    30.5188     2.5102      1.298    7.74837     2.5031    24.3472   13.82189 4.7657e+02 0.0000e+00
        116 101.532393    0.00799     0.4792     28.750      1.320  50128.813    30.5152     2.5070      1.308    7.74918     2.4986    24.3446   13.82326 4.7767e+02 0.0000e+00
        117 101.532396    0.00806     0.4833     29.000      1.325  50129.944    30.5150     2.5032      1.313    7.74993     2.4938    24.3447   13.82451 4.7807e+02 0.0000e+00
        118 101.532399    0.00813     0.4875     29.250      1.326  50137.711    30.5190     2.4987      1.313    7.75060     2.4896    24.3482   13.82556 4.7754e+02 0.0000e+00
        119 101.532402    0.00819     0.4917     29.500      1.322  50152.927    30.5279     2.4938      1.310    7.75108     2.4872    24.3557   13.82623 4.7758e+02 0.0000e+00
        120 101.532405    0.00826     0.4958     29.750      1.317  50173.157    30.5404     2.4897      1.305    7.75123     2.4869    24.3659   13.82631 4.8423e+02 0.0000e+00
        121 101.532407    0.00833     0.5000     30.000      1.314  50191.571    30.5521     2.4873      1.301    7.75107     2.4875    24.3755   13.82588 4.9691e+02 0.0000e+00
        122 101.532410    0.00840     0.5042     30.250      1.314  50199.922    30.5576     2.4869      1.301    7.75085     2.4875    24.3799   13.82545 5.0999e+02 0.0000e+00
        123 101.532413    0.00847     0.5083     30.500      1.319  50194.812    30.5543     2.4876      1.306    7.75090     2.4853    24.3772   13.82558 5.2100e+02 0.0000e+00
        124 101.532416    0.00854     0.5125     30.750      1.327  50181.644    30.5455     2.4875      1.315    7.75138     2.4799    24.3702   13.82649 5.3379e+02 0.0000e+00
        125 101.532419    0.00861     0.5167     31.000      1.336  50170.281    30.5373     2.4853      1.324    7.75224     2.4707    24.3638   13.82802 5.4118e+02 0.0000e+00
        126 101.532422    0.00868     0.5208     31.250      1.343  50167.815    30.5342     2.4800      1.330    7.75345     2.4586    24.3617   13.83006 5.3503e+02 0.0000e+00
        127 101.532425    0.00875     0.5250     31.500      1.343  50177.496    30.5382     2.4708      1.330    7.75503     2.4463    24.3656   13.83261 5.3003e+02 0.0000e+00
        128 101.532428    0.00882     0.5292     31.750      1.336  50198.844    30.5493     2.4587      1.324    7.75680     2.4364    24.3753   13.83539 5.3391e+02 0.0000e+00
        129 101.532431    0.00889     0.5333     32.000      1.323  50227.511    30.5652     2.4463      1.311    7.75837     2.4302    24.3889   13.83776 5.4155e+02 0.0000e+00
        130 101.532433    0.00896     0.5375     32.250      1.307  50257.421    30.5826     2.4364      1.295    7.75938     2.4275    24.4036   13.83920 5.4678e+02 0.0000e+00
        131 101.532436    0.00903     0.5417     32.500      1.290  50283.069    30.5981     2.4302      1.278    7.75976     2.4278    24.4164   13.83962 5.4459e+02 0.0000e+00
        132 101.532439    0.00910     0.5458     32.750      1.278  50300.490    30.6091     2.4276      1.266    7.75969     2.4304    24.4254   13.83935 5.4260e+02 0.0000e+00
        133 101.532442    0.00917     0.5500     33.000      1.273  50307.290    30.6137     2.4279      1.261    7.75939     2.4343    24.4291   13.83879 5.4343e+02 0.0000e+00
        134 101.532445    0.00924     0.5542     33.250      1.277  50302.870    30.6115     2.4305      1.265    7.75900     2.4378    24.4271   13.83818 5.4049e+02 0.0000e+00
        135 101.532448    0.00931     0.5583     33.500      1.289  50288.752    30.6030     2.4343      1.277    7.75870     2.4394    24.4201   13.83779 5.3979e+02 0.0000e+00
        136 101.532451    0.00937     0.5625     33.750      1.305  50269.702    30.5912     2.4378      1.293    7.75865     2.4386    24.4103   13.83787 5.3781e+02 0.0000e+00
        137 101.532454    0.00944     0.5667     34.000      1.321  50252.189    30.5799     2.4394      1.309    7.75893     2.4354    24.4012   13.83849 5.2617e+02 0.0000e+00
        138 101.532457    0.00951     0.5708     34.250      1.335  50240.545    30.5718     2.4387      1.323    7.75951     2.4300    24.3948   13.83956 5.1475e+02 0.0000e+00
        139 101.532459    0.00958     0.5750     34.500      1.344  50237.175    30.5687     2.4355      1.332    7.76030     2.4232    24.3926   13.84091 5.1047e+02 0.0000e+00
        140 101.532462    0.00965     0.5792     34.750      1.347  50243.556    30.5715     2.4300      1.334    7.76122     2.4167    24.3952   13.84238 5.0578e+02 0.0000e+00
        141 101.532465    0.00972     0.5833     35.000      1.345  50257.927    30.5793     2.4232      1.332    7.76212     2.4118    24.4019   13.84377 4.9906e+02 0.0000e+00
        142 101.532468    0.00979     0.5875     35.250      1.339  50275.044    30.5891     2.4168      1.327    7.76287     2.4088    24.4102   13.84487 5.0329e+02 0.0000e+00
        143 101.532471    0.00986     0.5917     35.500      1.332  50289.966    30.5978     2.4119      1.319    7.76336     2.4077    24.4175   13.84557 5.1344e+02 0.0000e+00
        144 101.532474    0.00993     0.5958     35.750      1.323  50300.992    30.6044     2.4089      1.310    7.76359     2.4085    24.4230   13.84586 5.1909e+02 0.0000e+00
        145 101.532477    0.01000     0.6000     36.000      1.315  50309.671    30.6099     2.4078      1.302    7.76352     2.4117    24.4275   13.84566 5.2578e+02 0.0000e+00
        146 101.532480    0.01007     0.6042     36.250      1.310  50317.801    30.6156     2.4085      1.297    7.76308     2.4177    24.4319   13.84485 5.3440e+02 0.0000e+00
        147 101.532483    0.01014     0.6083     36.500      1.311  50321.448    30.6189     2.4117      1.299    7.76228     2.4250    24.4343   13.84348 5.4431e+02 0.0000e+00
        148 101.532486    0.01021     0.6125     36.750      1.320  50312.192    30.6143     2.4177      1.307    7.76135     2.4308    24.4302   13.84202 5.4837e+02 0.0000e+00
        149 101.532488    0.01028     0.6167     37.000      1.330  50289.110    30.6008     2.4251      1.318    7.76062     2.4321    24.4189   13.84100 5.3749e+02 0.0000e+00
        150 101.532491    0.01035     0.6208     37.250      1.337  50262.554    30.5845     2.4309      1.325    7.76037     2.4277    24.4055   13.84079 5.2237e+02 0.0000e+00
        151 101.532494    0.01042     0.6250     37.500      1.337  50245.423    30.5734     2.4322      1.324    7.76070     2.4188    24.3965   13.84150 5.2229e+02 0.0000e+00
        152 101.532497    0.01049     0.6292     37.750      1.327  50245.226    30.5721     2.4277      1.314    7.76163     2.4090    24.3958   13.84305 5.3248e+02 0.0000e+00
        153 101.532500    0.01056     0.6333     38.000      1.306  50261.452    30.5806     2.4188      1.294    7.76292     2.4023    24.4032   13.84506 5.3696e+02 0.0000e+00
        154 101.532503    0.01063     0.6375     38.250      1.276  50288.258    30.5959     2.4091      1.264    7.76402     2.4008    24.4162   13.84666 5.3442e+02 0.0000e+00
        155 101.532506    0.01069     0.6417     38.500      1.241  50318.358    30.6143     2.4023      1.229    7.76437     2.4052    24.4314   13.84700 5.2524e+02 0.0000e+00
        156 101.532509    0.01076     0.6458     38.750      1.206  50345.073    30.6318     2.4008      1.195    7.76373     2.4153    24.4455   13.84571 5.1978e+02 0.0000e+00
        157 101.532512    0.01083     0.6500     39.000      1.181  50363.437    30.6453     2.4052      1.170    7.76214     2.4300    24.4559   13.84290 5.2385e+02 0.0000e+00
        158 101.532514    0.01090     0.6542     39.250      1.170  50370.304    30.6526     2.4154      1.159    7.75977     2.4464    24.4611   13.83888 5.2617e+02 0.0000e+00
        159 101.532517    0.01097     0.6583     39.500      1.176  50364.812    30.6529     2.4300      1.165    7.75689     2.4614    24.4602   13.83413 5.2340e+02 0.0000e+00
        160 101.532520    0.01104     0.6625     39.750      1.196  50348.202    30.6462     2.4464      1.185    7.75405     2.4727    24.4536   13.82953 5.2067e+02 0.0000e+00
        161 101.532523    0.01111     0.6667     40.000      1.223  50321.619    30.6324     2.4615      1.211    7.75185     2.4791    24.4415   13.82609 5.1641e+02 0.0000e+00
        162 101.532526    0.01118     0.6708     40.250      1.249  50286.776    30.6120     2.4728      1.238    7.75072     2.4800    24.4244   13.82449 5.0587e+02 0.0000e+00
        163 101.532529    0.01125     0.6750     40.500      1.270  50250.363    30.5893     2.4792      1.258    7.75067     2.4749    24.4058   13.82473 4.9703e+02 0.0000e+00
        164 101.532532    0.01132     0.6792     40.750      1.281  50222.632    30.5710     2.4801      1.269    7.75147     2.4638    24.3911   13.82630 4.9714e+02 0.0000e+00
        165 101.532535    0.01139     0.6833     41.000      1.280  50211.738    30.5623     2.4750      1.268    7.75293     2.4485    24.3845   13.82882 5.0465e+02 0.0000e+00
        166 101.532538    0.01146     0.6875     41.250      1.270  50221.364    30.5658     2.4638      1.258    7.75492     2.4326    24.3881   13.83206 5.2405e+02 0.0000e+00
        167 101.532541    0.01153     0.6917     41.500      1.254  50249.303    30.5804     2.4485      1.242    7.75714     2.4201    24.4009   13.83552 5.5119e+02 0.0000e+00
        168 101.532543    0.01160     0.6958     41.750      1.238  50288.638    30.6025     2.4326      1.227    7.75907     2.4139    24.4197   13.83841 5.7302e+02 0.0000e+00
        169 101.532546    0.01167     0.7000     42.000      1.230  50329.616    30.6266     2.4201      1.219    7.76023     2.4151    24.4399   13.84000 5.8683e+02 0.0000e+00
        170 101.532549    0.01174     0.7042     42.250      1.234  50360.749    30.6458     2.4140      1.222    7.76040     2.4223    24.4557   13.84003 5.9050e+02 0.0000e+00
        171 101.532552    0.01181     0.7083     42.500      1.248  50373.780    30.6548     2.4151      1.237    7.75970     2.4328    24.4628   13.83874 5.8189e+02 0.0000e+00
        172 101.532555    0.01188     0.7125     42.750      1.269  50366.666    30.6520     2.4224      1.258    7.75842     2.4427    24.4601   13.83668 5.6498e+02 0.0000e+00
        173 101.532558    0.01194     0.7167     43.000      1.290  50342.484    30.6387     2.4329      1.278    7.75708     2.4489    24.4486   13.83465 5.5034e+02 0.0000e+00
        174 101.532561    0.01201     0.7208     43.250      1.303  50311.210    30.6204     2.4428      1.291    7.75612     2.4495    24.4332   13.83331 5.4226e+02 0.0000e+00
        175 101.532564    0.01208     0.7250     43.500      1.305  50286.714    30.6056     2.4489      1.293    7.75571     2.4449    24.4210   13.83283 5.3897e+02 0.0000e+00
        176 101.532567    0.01215     0.7292     43.750      1.297  50278.027    30.5999     2.4495      1.284    7.75590     2.4383    24.4164   13.83321 5.4436e+02 0.0000e+00
        177 101.532569    0.01222     0.7333     44.000      1.280  50286.681    30.6045     2.4449      1.268    7.75655     2.4333    24.4204   13.83423 5.6140e+02 0.0000e+00
        178 101.532572    0.01229     0.7375     44.250      1.260  50307.627    30.6168     2.4383      1.248    7.75719     2.4321    24.4307   13.83512 5.7668e+02 0.0000e+00
        179 101.532575    0.01236     0.7417     44.500      1.243  50331.992    30.6318     2.4334      1.231    7.75736     2.4348    24.4431   13.83519 5.7333e+02 0.0000e+00
        180 101.532578    0.01243     0.7458     44.750      1.233  50351.460    30.6445     2.4321      1.221    7.75693     2.4410    24.4533   13.83431 5.6611e+02 0.0000e+00
