CTD-processing/allCTD/CNV--turbid/2014_02-14_t9_s02_cast171.cnv
* Sea-Bird SBE19plus Data File:
* FileName = C:\Users\kris.holderied\Documents\kasitsna\Research-Projects-and-Data\Oceanography-AK\CTD-CookInlet-GulfWatchAK\2014-02-EVOSTC-CookInlet-LTM-BATCH-UPLOAD\2014-02-CookInlet-Seasonal-cast171.hex
* Software Version 1.59
* Temperature SN =  5028
* Conductivity SN =  5028
* System UpLoad Time = Apr 09 2014 20:10:59
** Cook Inlet LTM 2014 February Seasonal - Batch upload
** Date: 2014-02-15
** Station: 9-02
** Start time: 10:45
** Depth (m): 73
** CoComment:
** Comment:
# nquan = 16
# nvalues = 548                         
# units = specified
# name 0 = scan: Scan Count
# name 1 = timeJ: Julian Days
# name 2 = timeH: Time, Elapsed [hours]
# name 3 = timeM: Time, Elapsed [minutes]
# name 4 = timeS: Time, Elapsed [seconds]
# name 5 = prdM: Pressure, Strain Gauge [db]
# name 6 = specc: Specific Conductance [uS/cm]
# name 7 = sal00: Salinity, Practical [PSU]
# name 8 = tv290C: Temperature [ITS-90, deg C]
# name 9 = depSM: Depth [salt water, m], lat = 59.00
# name 10 = oxsolML/L: Oxygen Saturation, Garcia & Gordon [ml/l]
# name 11 = potemp090C: Potential Temperature [ITS-90, deg C]
# name 12 = sigma-é00: Density [sigma-theta, kg/m^3]
# name 13 = n2satML/L: Nitrogen Saturation [ml/l]
# name 14 = par: PAR/Irradiance, Biospherical/Licor
# name 15 = flag:  0.000e+00
# span 0 =          1,        548       
# span 1 =  46.447731,  46.449314       
# span 2 =    0.00000,    0.03799       
# span 3 =     0.0000,     2.2792       
# span 4 =      0.000,    136.750       
# span 5 =     -0.455,     72.676       
# span 6 =   2458.841,  52023.413       
# span 7 =     1.1937,    31.8918       
# span 8 =     0.9370,     4.9336       
# span 9 =     -0.451,     71.984       
# span 10 =    7.23746,    9.88290      
# span 11 =     0.9370,     4.9285      
# span 12 =     0.8714,    25.4110      
# span 13 =   12.96158,   17.82050      
# span 14 = 3.7912e-02, 1.5585e+02      
# span 15 = 0.0000e+00, 0.0000e+00      
# interval = seconds: 0.25
# start_time = Feb 15 2014 10:44:44 [Instrument's time stamp, header]
# bad_flag = -9.990e-29
*END*
[from data line 452]
        453  46.449039    0.03139     1.8833    113.000     45.450  51156.529    31.7280     4.7062     45.020    7.28100     4.7094    25.1136   13.03450 3.8217e-02 0.0000e+00
        454  46.449042    0.03146     1.8875    113.250     45.734  51158.167    31.7296     4.7093     45.301    7.28039     4.7130    25.1146   13.03347 3.8102e-02 0.0000e+00
        455  46.449045    0.03153     1.8917    113.500     46.015  51159.967    31.7315     4.7125     45.579    7.27972     4.7168    25.1157   13.03234 3.8030e-02 0.0000e+00
        456  46.449048    0.03160     1.8958    113.750     46.294  51161.300    31.7330     4.7161     45.856    7.27901     4.7208    25.1166   13.03115 3.7984e-02 0.0000e+00
        457  46.449051    0.03167     1.9000    114.000     46.573  51163.110    31.7350     4.7199     46.132    7.27825     4.7255    25.1177   13.02987 3.7955e-02 0.0000e+00
        458  46.449054    0.03174     1.9042    114.250     46.853  51166.688    31.7382     4.7240     46.409    7.27738     4.7311    25.1199   13.02839 3.7938e-02 0.0000e+00
        459  46.449057    0.03181     1.9083    114.500     47.133  51171.092    31.7422     4.7287     46.687    7.27636     4.7372    25.1225   13.02666 3.7928e-02 0.0000e+00
        460  46.449060    0.03188     1.9125    114.750     47.413  51173.838    31.7452     4.7343     46.965    7.27524     4.7433    25.1243   13.02476 3.7921e-02 0.0000e+00
        461  46.449062    0.03194     1.9167    115.000     47.694  51174.362    31.7468     4.7405     47.243    7.27408     4.7490    25.1249   13.02284 3.7918e-02 0.0000e+00
        462  46.449065    0.03201     1.9208    115.250     47.974  51173.783    31.7476     4.7466     47.520    7.27297     4.7543    25.1249   13.02099 3.7915e-02 0.0000e+00
        463  46.449068    0.03208     1.9250    115.500     48.255  51173.192    31.7483     4.7524     47.799    7.27193     4.7594    25.1249   13.01926 3.7914e-02 0.0000e+00
        464  46.449071    0.03215     1.9292    115.750     48.538  51173.596    31.7496     4.7577     48.079    7.27094     4.7645    25.1254   13.01761 3.7913e-02 0.0000e+00
        465  46.449074    0.03222     1.9333    116.000     48.824  51175.030    31.7516     4.7628     48.362    7.26995     4.7696    25.1264   13.01595 3.7913e-02 0.0000e+00
        466  46.449077    0.03229     1.9375    116.250     49.112  51176.099    31.7534     4.7679     48.647    7.26897     4.7742    25.1273   13.01430 3.7913e-02 0.0000e+00
        467  46.449080    0.03236     1.9417    116.500     49.403  51175.106    31.7537     4.7730     48.936    7.26806     4.7778    25.1270   13.01280 3.7912e-02 0.0000e+00
        468  46.449083    0.03243     1.9458    116.750     49.698  51172.038    31.7524     4.7777     49.228    7.26731     4.7802    25.1256   13.01158 3.7912e-02 0.0000e+00
        469  46.449086    0.03250     1.9500    117.000     49.998  51168.741    31.7508     4.7813     49.525    7.26676     4.7820    25.1239   13.01069 3.7912e-02 0.0000e+00
        470  46.449089    0.03257     1.9542    117.250     50.301  51167.034    31.7501     4.7838     49.825    7.26636     4.7838    25.1230   13.01005 3.7912e-02 0.0000e+00
        471  46.449091    0.03264     1.9583    117.500     50.608  51167.726    31.7508     4.7856     50.129    7.26601     4.7859    25.1234   13.00946 3.7912e-02 0.0000e+00
        472  46.449094    0.03271     1.9625    117.750     50.918  51170.427    31.7529     4.7873     50.436    7.26560     4.7888    25.1249   13.00876 3.7912e-02 0.0000e+00
        473  46.449097    0.03278     1.9667    118.000     51.229  51174.159    31.7558     4.7895     50.744    7.26508     4.7926    25.1270   13.00786 3.7912e-02 0.0000e+00
        474  46.449100    0.03285     1.9708    118.250     51.541  51178.560    31.7593     4.7925     51.052    7.26440     4.7973    25.1294   13.00669 3.7912e-02 0.0000e+00
        475  46.449103    0.03292     1.9750    118.500     51.851  51183.090    31.7631     4.7963     51.359    7.26355     4.8025    25.1321   13.00524 3.7912e-02 0.0000e+00
        476  46.449106    0.03299     1.9792    118.750     52.157  51186.130    31.7661     4.8010     51.663    7.26258     4.8076    25.1339   13.00360 3.7912e-02 0.0000e+00
        477  46.449109    0.03306     1.9833    119.000     52.457  51186.280    31.7672     4.8062     51.959    7.26161     4.8121    25.1343   13.00199 3.7912e-02 0.0000e+00
        478  46.449112    0.03313     1.9875    119.250     52.748  51184.448    31.7669     4.8113     52.248    7.26074     4.8161    25.1335   13.00054 3.7912e-02 0.0000e+00
        479  46.449115    0.03319     1.9917    119.500     53.030  51183.764    31.7673     4.8158     52.527    7.25994     4.8202    25.1333   12.99922 3.7912e-02 0.0000e+00
        480  46.449117    0.03326     1.9958    119.750     53.304  51185.378    31.7692     4.8198     52.799    7.25915     4.8245    25.1343   12.99789 3.7912e-02 0.0000e+00
        481  46.449120    0.03333     2.0000    120.000     53.571  51187.247    31.7712     4.8239     53.064    7.25833     4.8288    25.1355   12.99651 3.7912e-02 0.0000e+00
        482  46.449123    0.03340     2.0042    120.250     53.835  51187.745    31.7724     4.8283     53.325    7.25751     4.8327    25.1360   12.99515 3.7912e-02 0.0000e+00
        483  46.449126    0.03347     2.0083    120.500     54.097  51186.962    31.7727     4.8326     53.584    7.25675     4.8361    25.1358   12.99388 3.7912e-02 0.0000e+00
        484  46.449129    0.03354     2.0125    120.750     54.360  51185.522    31.7725     4.8366     53.844    7.25607     4.8389    25.1352   12.99276 3.7912e-02 0.0000e+00
        485  46.449132    0.03361     2.0167    121.000     54.626  51184.345    31.7723     4.8400     54.108    7.25549     4.8416    25.1347   12.99180 3.7912e-02 0.0000e+00
        486  46.449135    0.03368     2.0208    121.250     54.898  51184.230    31.7727     4.8428     54.378    7.25496     4.8442    25.1347   12.99093 3.7912e-02 0.0000e+00
        487  46.449138    0.03375     2.0250    121.500     55.177  51185.001    31.7737     4.8455     54.654    7.25446     4.8469    25.1352   12.99008 3.7912e-02 0.0000e+00
        488  46.449141    0.03382     2.0292    121.750     55.464  51186.388    31.7751     4.8481     54.938    7.25393     4.8499    25.1361   12.98920 3.7912e-02 0.0000e+00
        489  46.449144    0.03389     2.0333    122.000     55.759  51188.011    31.7766     4.8509     55.231    7.25337     4.8530    25.1370   12.98825 3.7912e-02 0.0000e+00
        490  46.449146    0.03396     2.0375    122.250     56.062  51189.025    31.7778     4.8539     55.530    7.25278     4.8561    25.1377   12.98727 3.7912e-02 0.0000e+00
        491  46.449149    0.03403     2.0417    122.500     56.371  51189.548    31.7787     4.8570     55.836    7.25219     4.8591    25.1380   12.98629 3.7912e-02 0.0000e+00
        492  46.449152    0.03410     2.0458    122.750     56.685  51189.636    31.7793     4.8601     56.147    7.25162     4.8616    25.1382   12.98534 3.7912e-02 0.0000e+00
        493  46.449155    0.03417     2.0500    123.000     57.001  51188.464    31.7790     4.8631     56.460    7.25112     4.8634    25.1376   12.98451 3.7912e-02 0.0000e+00
        494  46.449158    0.03424     2.0542    123.250     57.317  51186.228    31.7779     4.8656     56.773    7.25074     4.8644    25.1365   12.98389 3.7912e-02 0.0000e+00
        495  46.449161    0.03431     2.0583    123.500     57.630  51183.843    31.7765     4.8675     57.084    7.25049     4.8649    25.1352   12.98349 3.7912e-02 0.0000e+00
        496  46.449164    0.03438     2.0625    123.750     57.939  51182.441    31.7757     4.8685     57.389    7.25035     4.8654    25.1344   12.98327 3.7912e-02 0.0000e+00
        497  46.449167    0.03444     2.0667    124.000     58.242  51182.825    31.7759     4.8690     57.689    7.25024     4.8661    25.1345   12.98310 3.7912e-02 0.0000e+00
        498  46.449170    0.03451     2.0708    124.250     58.537  51184.285    31.7768     4.8695     57.982    7.25012     4.8671    25.1352   12.98288 3.7912e-02 0.0000e+00
        499  46.449172    0.03458     2.0750    124.500     58.825  51185.942    31.7780     4.8702     58.267    7.24993     4.8684    25.1361   12.98256 3.7912e-02 0.0000e+00
        500  46.449175    0.03465     2.0792    124.750     59.107  51187.494    31.7792     4.8713     58.546    7.24969     4.8700    25.1369   12.98215 3.7912e-02 0.0000e+00
        501  46.449178    0.03472     2.0833    125.000     59.385  51188.724    31.7802     4.8727     58.821    7.24941     4.8717    25.1375   12.98167 3.7912e-02 0.0000e+00
        502  46.449181    0.03479     2.0875    125.250     59.661  51189.444    31.7809     4.8742     59.094    7.24910     4.8733    25.1379   12.98115 3.7912e-02 0.0000e+00
        503  46.449184    0.03486     2.0917    125.500     59.936  51189.478    31.7811     4.8759     59.366    7.24879     4.8746    25.1379   12.98064 3.7912e-02 0.0000e+00
        504  46.449187    0.03493     2.0958    125.750     60.211  51188.924    31.7810     4.8775     59.639    7.24852     4.8757    25.1376   12.98019 3.7912e-02 0.0000e+00
        505  46.449190    0.03500     2.1000    126.000     60.488  51188.270    31.7807     4.8789     59.914    7.24830     4.8766    25.1373   12.97982 3.7912e-02 0.0000e+00
        506  46.449193    0.03507     2.1042    126.250     60.768  51188.026    31.7806     4.8800     60.191    7.24811     4.8776    25.1371   12.97951 3.7912e-02 0.0000e+00
        507  46.449196    0.03514     2.1083    126.500     61.051  51188.478    31.7810     4.8809     60.471    7.24792     4.8787    25.1373   12.97921 3.7912e-02 0.0000e+00
        508  46.449198    0.03521     2.1125    126.750     61.337  51189.806    31.7820     4.8819     60.755    7.24771     4.8804    25.1380   12.97884 3.7912e-02 0.0000e+00
        509  46.449201    0.03528     2.1167    127.000     61.628  51191.760    31.7834     4.8831     61.043    7.24743     4.8824    25.1390   12.97836 3.7912e-02 0.0000e+00
        510  46.449204    0.03535     2.1208    127.250     61.924  51193.523    31.7849     4.8848     61.336    7.24707     4.8846    25.1400   12.97775 3.7912e-02 0.0000e+00
        511  46.449207    0.03542     2.1250    127.500     62.222  51194.541    31.7859     4.8868     61.631    7.24667     4.8868    25.1405   12.97707 3.7912e-02 0.0000e+00
        512  46.449210    0.03549     2.1292    127.750     62.524  51194.927    31.7865     4.8891     61.930    7.24625     4.8889    25.1408   12.97637 3.7912e-02 0.0000e+00
        513  46.449213    0.03556     2.1333    128.000     62.827  51194.888    31.7868     4.8913     62.230    7.24584     4.8908    25.1408   12.97569 3.7912e-02 0.0000e+00
        514  46.449216    0.03562     2.1375    128.250     63.133  51194.474    31.7869     4.8934     62.533    7.24547     4.8924    25.1406   12.97508 3.7912e-02 0.0000e+00
        515  46.449219    0.03569     2.1417    128.500     63.440  51193.875    31.7867     4.8953     62.837    7.24515     4.8938    25.1403   12.97455 3.7912e-02 0.0000e+00
        516  46.449222    0.03576     2.1458    128.750     63.750  51193.432    31.7866     4.8970     63.144    7.24487     4.8950    25.1400   12.97409 3.7912e-02 0.0000e+00
        517  46.449225    0.03583     2.1500    129.000     64.061  51193.214    31.7866     4.8983     63.452    7.24463     4.8959    25.1399   12.97369 3.7912e-02 0.0000e+00
        518  46.449227    0.03590     2.1542    129.250     64.371  51192.915    31.7865     4.8995     63.759    7.24443     4.8966    25.1397   12.97337 3.7912e-02 0.0000e+00
        519  46.449230    0.03597     2.1583    129.500     64.681  51192.427    31.7863     4.9005     64.066    7.24427     4.8971    25.1394   12.97311 3.7912e-02 0.0000e+00
        520  46.449233    0.03604     2.1625    129.750     64.989  51191.958    31.7860     4.9013     64.371    7.24416     4.8975    25.1391   12.97292 3.7912e-02 0.0000e+00
        521  46.449236    0.03611     2.1667    130.000     65.294  51191.628    31.7857     4.9018     64.673    7.24408     4.8977    25.1388   12.97279 3.7912e-02 0.0000e+00
        522  46.449239    0.03618     2.1708    130.250     65.595  51191.462    31.7855     4.9021     64.971    7.24403     4.8978    25.1386   12.97271 3.7912e-02 0.0000e+00
        523  46.449242    0.03625     2.1750    130.500     65.891  51191.479    31.7854     4.9024     65.264    7.24400     4.8978    25.1385   12.97266 3.7912e-02 0.0000e+00
        524  46.449245    0.03632     2.1792    130.750     66.181  51191.691    31.7855     4.9025     65.551    7.24397     4.8980    25.1385   12.97262 3.7912e-02 0.0000e+00
        525  46.449248    0.03639     2.1833    131.000     66.465  51192.161    31.7857     4.9026     65.833    7.24394     4.8982    25.1387   12.97257 3.7912e-02 0.0000e+00
        526  46.449251    0.03646     2.1875    131.250     66.744  51192.895    31.7861     4.9027     66.109    7.24390     4.8986    25.1390   12.97249 3.7912e-02 0.0000e+00
        527  46.449253    0.03653     2.1917    131.500     67.018  51193.693    31.7865     4.9030     66.381    7.24383     4.8990    25.1393   12.97238 3.7912e-02 0.0000e+00
        528  46.449256    0.03660     2.1958    131.750     67.290  51194.270    31.7869     4.9034     66.650    7.24375     4.8995    25.1396   12.97223 3.7912e-02 0.0000e+00
        529  46.449259    0.03667     2.2000    132.000     67.560  51194.623    31.7871     4.9038     66.918    7.24366     4.9000    25.1397   12.97208 3.7912e-02 0.0000e+00
        530  46.449262    0.03674     2.2042    132.250     67.832  51195.178    31.7874     4.9043     67.188    7.24356     4.9006    25.1399   12.97191 3.7912e-02 0.0000e+00
        531  46.449265    0.03681     2.2083    132.500     68.108  51196.118    31.7881     4.9048     67.460    7.24344     4.9014    25.1404   12.97170 3.7912e-02 0.0000e+00
        532  46.449268    0.03687     2.2125    132.750     68.388  51196.996    31.7887     4.9055     67.737    7.24329     4.9022    25.1408   12.97146 3.7912e-02 0.0000e+00
        533  46.449271    0.03694     2.2167    133.000     68.674  51197.448    31.7890     4.9063     68.021    7.24314     4.9029    25.1409   12.97120 3.7912e-02 0.0000e+00
        534  46.449274    0.03701     2.2208    133.250     68.969  51197.656    31.7892     4.9071     68.313    7.24299     4.9036    25.1410   12.97095 3.7912e-02 0.0000e+00
        535  46.449277    0.03708     2.2250    133.500     69.273  51197.835    31.7893     4.9079     68.614    7.24285     4.9042    25.1410   12.97071 3.7912e-02 0.0000e+00
        536  46.449280    0.03715     2.2292    133.750     69.585  51198.033    31.7895     4.9086     68.922    7.24272     4.9048    25.1411   12.97050 3.7912e-02 0.0000e+00
        537  46.449282    0.03722     2.2333    134.000     69.904  51198.522    31.7898     4.9092     69.238    7.24259     4.9056    25.1413   12.97029 3.7912e-02 0.0000e+00
        538  46.449285    0.03729     2.2375    134.250     70.229  51199.703    31.7906     4.9098     69.560    7.24244     4.9067    25.1418   12.97003 3.7912e-02 0.0000e+00
        539  46.449288    0.03736     2.2417    134.500     70.556  51201.854    31.7920     4.9106     69.884    7.24223     4.9084    25.1430   12.96967 3.7912e-02 0.0000e+00
        540  46.449291    0.03743     2.2458    134.750     70.881  51205.001    31.7943     4.9117     70.206    7.24193     4.9108    25.1446   12.96914 3.7912e-02 0.0000e+00
        541  46.449294    0.03750     2.2500    135.000     71.202  51209.192    31.7974     4.9134     70.523    7.24149     4.9141    25.1469   12.96837 3.7912e-02 0.0000e+00
        542  46.449297    0.03757     2.2542    135.250     71.511  51214.015    31.8011     4.9159     70.830    7.24088     4.9180    25.1496   12.96732 3.7912e-02 0.0000e+00
