CTD-processing/allCTD/CNV--turbid/2014_04-11_t4_s07_cast020.cnv
* Sea-Bird SBE19plus Data File:
* FileName = C:\Users\kris.holderied\Documents\kasitsna\Research-Projects-and-Data\Oceanography-AK\CTD-Data-ALL-to-2014-03\2014-CTD-KachemakBay-CookInlet\2014-04-EVOSTC-CookInlet-Ocean\2014-04-11-CookInlet-Tran4-Barabara\2014-04-11-CookInlet-Tran4-Barabara-cast020.hex
* Software Version 1.59
* Temperature SN =  5028
* Conductivity SN =  5028
* System UpLoad Time = May 27 2014 23:07:46
** Cook Inlet LTM Transect 4  (Barabara) North to South
** Date: 2014-04-11
** Station: 4-07
** Start time: 16:56
** Depth (m): 33
** Comment:  CTD time is Alaska Daylight time
** Comment:
# nquan = 16
# nvalues = 400                         
# units = specified
# name 0 = scan: Scan Count
# name 1 = timeJ: Julian Days
# name 2 = timeH: Time, Elapsed [hours]
# name 3 = timeM: Time, Elapsed [minutes]
# name 4 = timeS: Time, Elapsed [seconds]
# name 5 = prdM: Pressure, Strain Gauge [db]
# name 6 = specc: Specific Conductance [uS/cm]
# name 7 = sal00: Salinity, Practical [PSU]
# name 8 = tv290C: Temperature [ITS-90, deg C]
# name 9 = depSM: Depth [salt water, m], lat = 59.00
# name 10 = oxsolML/L: Oxygen Saturation, Garcia & Gordon [ml/l]
# name 11 = potemp090C: Potential Temperature [ITS-90, deg C]
# name 12 = sigma-é00: Density [sigma-theta, kg/m^3]
# name 13 = n2satML/L: Nitrogen Saturation [ml/l]
# name 14 = par: PAR/Irradiance, Biospherical/Licor
# name 15 = flag:  0.000e+00
# span 0 =          1,        400       
# span 1 = 101.705729, 101.706884       
# span 2 =    0.00000,    0.02771       
# span 3 =     0.0000,     1.6625       
# span 4 =      0.000,     99.750       
# span 5 =      0.060,     33.950       
# span 6 =   2292.717,  51392.839       
# span 7 =     1.1346,    31.8478       
# span 8 =     4.2710,     4.7757       
# span 9 =      0.060,     33.630       
# span 10 =    7.27157,    8.99134      
# span 11 =     4.2704,     4.7756      
# span 12 =     0.8836,    25.2298      
# span 13 =   13.01889,   16.32929      
# span 14 = 1.1596e+00, 1.5802e+03      
# span 15 = 0.0000e+00, 0.0000e+00      
# interval = seconds: 0.25
# start_time = Apr 11 2014 16:56:15 [Instrument's time stamp, header]
# bad_flag = -9.990e-29
*END*
[from data line 272]
        273 101.706516    0.01889     1.1333     68.000      1.527  51203.605    31.7384     4.5126      1.513    7.31454     4.5067    25.1416   13.08974 5.5078e+02 0.0000e+00
        274 101.706519    0.01896     1.1375     68.250      1.560  51209.534    31.7416     4.5089      1.546    7.31505     4.5056    25.1445   13.09053 5.4780e+02 0.0000e+00
        275 101.706522    0.01903     1.1417     68.500      1.609  51212.690    31.7433     4.5068      1.594    7.31533     4.5043    25.1460   13.09097 5.4191e+02 0.0000e+00
        276 101.706525    0.01910     1.1458     68.750      1.686  51212.196    31.7426     4.5057      1.670    7.31556     4.5020    25.1457   13.09136 5.4513e+02 0.0000e+00
        277 101.706528    0.01917     1.1500     69.000      1.807  51209.551    31.7405     4.5044      1.790    7.31590     4.4990    25.1441   13.09195 5.3748e+02 0.0000e+00
        278 101.706531    0.01924     1.1542     69.250      1.982  51208.989    31.7395     4.5021      1.963    7.31635     4.4958    25.1435   13.09271 5.0817e+02 0.0000e+00
        279 101.706534    0.01931     1.1583     69.500      2.194  51210.488    31.7397     4.4991      2.174    7.31687     4.4909    25.1440   13.09356 4.7246e+02 0.0000e+00
        280 101.706536    0.01938     1.1625     69.750      2.408  51206.553    31.7361     4.4959      2.385    7.31761     4.4823    25.1415   13.09483 4.4300e+02 0.0000e+00
        281 101.706539    0.01944     1.1667     70.000      2.601  51197.438    31.7287     4.4910      2.577    7.31885     4.4695    25.1361   13.09697 4.1409e+02 0.0000e+00
        282 101.706542    0.01951     1.1708     70.250      2.781  51188.968    31.7208     4.4825      2.755    7.32074     4.4515    25.1307   13.10019 3.8062e+02 0.0000e+00
        283 101.706545    0.01958     1.1750     70.500      2.967  51178.887    31.7109     4.4697      2.939    7.32349     4.4284    25.1242   13.10487 3.5202e+02 0.0000e+00
        284 101.706548    0.01965     1.1792     70.750      3.170  51170.965    31.7013     4.4517      3.141    7.32716     4.4034    25.1183   13.11104 3.3265e+02 0.0000e+00
        285 101.706551    0.01972     1.1833     71.000      3.393  51176.430    31.6996     4.4285      3.361    7.33135     4.3805    25.1193   13.11799 3.1558e+02 0.0000e+00
        286 101.706554    0.01979     1.1875     71.250      3.631  51194.039    31.7058     4.4036      3.598    7.33547     4.3615    25.1268   13.12471 2.9760e+02 0.0000e+00
        287 101.706557    0.01986     1.1917     71.500      3.880  51214.670    31.7145     4.3807      3.844    7.33909     4.3462    25.1360   13.13058 2.8074e+02 0.0000e+00
        288 101.706560    0.01993     1.1958     71.750      4.136  51233.381    31.7228     4.3617      4.097    7.34207     4.3340    25.1445   13.13538 2.6686e+02 0.0000e+00
        289 101.706563    0.02000     1.2000     72.000      4.394  51248.601    31.7296     4.3464      4.353    7.34445     4.3240    25.1514   13.13922 2.5255e+02 0.0000e+00
        290 101.706565    0.02007     1.2042     72.250      4.654  51260.000    31.7344     4.3343      4.611    7.34637     4.3153    25.1565   13.14232 2.3390e+02 0.0000e+00
        291 101.706568    0.02014     1.2083     72.500      4.914  51267.977    31.7375     4.3243      4.868    7.34799     4.3071    25.1599   13.14496 2.1342e+02 0.0000e+00
        292 101.706571    0.02021     1.2125     72.750      5.172  51273.647    31.7392     4.3156      5.124    7.34945     4.2994    25.1621   13.14736 1.9666e+02 0.0000e+00
        293 101.706574    0.02028     1.2167     73.000      5.428  51279.061    31.7409     4.3075      5.378    7.35082     4.2925    25.1643   13.14959 1.8547e+02 0.0000e+00
        294 101.706577    0.02035     1.2208     73.250      5.682  51285.995    31.7437     4.2997      5.629    7.35207     4.2871    25.1673   13.15161 1.7823e+02 0.0000e+00
        295 101.706580    0.02042     1.2250     73.500      5.933  51293.880    31.7474     4.2929      5.878    7.35310     4.2832    25.1709   13.15328 1.7228e+02 0.0000e+00
        296 101.706583    0.02049     1.2292     73.750      6.184  51300.953    31.7508     4.2875      6.127    7.35389     4.2806    25.1742   13.15454 1.6512e+02 0.0000e+00
        297 101.706586    0.02056     1.2333     74.000      6.435  51306.334    31.7535     4.2836      6.375    7.35445     4.2789    25.1767   13.15542 1.5586e+02 0.0000e+00
        298 101.706589    0.02063     1.2375     74.250      6.686  51309.998    31.7553     4.2810      6.623    7.35483     4.2777    25.1783   13.15602 1.4543e+02 0.0000e+00
        299 101.706591    0.02069     1.2417     74.500      6.939  51312.270    31.7563     4.2793      6.874    7.35508     4.2768    25.1793   13.15642 1.3531e+02 0.0000e+00
        300 101.706594    0.02076     1.2458     74.750      7.195  51313.624    31.7568     4.2781      7.128    7.35526     4.2760    25.1799   13.15671 1.2642e+02 0.0000e+00
        301 101.706597    0.02083     1.2500     75.000      7.454  51314.408    31.7570     4.2773      7.384    7.35541     4.2752    25.1802   13.15695 1.1903e+02 0.0000e+00
        302 101.706600    0.02090     1.2542     75.250      7.718  51314.739    31.7569     4.2765      7.646    7.35555     4.2741    25.1802   13.15719 1.1302e+02 0.0000e+00
        303 101.706603    0.02097     1.2583     75.500      7.987  51314.809    31.7567     4.2757      7.912    7.35571     4.2729    25.1800   13.15746 1.0790e+02 0.0000e+00
        304 101.706606    0.02104     1.2625     75.750      8.261  51315.105    31.7565     4.2747      8.184    7.35590     4.2716    25.1800   13.15777 1.0291e+02 0.0000e+00
        305 101.706609    0.02111     1.2667     76.000      8.538  51316.238    31.7568     4.2735      8.458    7.35610     4.2706    25.1804   13.15810 9.7558e+01 0.0000e+00
        306 101.706612    0.02118     1.2708     76.250      8.817  51318.910    31.7582     4.2722      8.734    7.35626     4.2704    25.1816   13.15834 9.1870e+01 0.0000e+00
        307 101.706615    0.02125     1.2750     76.500      9.096  51323.095    31.7607     4.2712      9.010    7.35630     4.2709    25.1837   13.15839 8.6174e+01 0.0000e+00
        308 101.706617    0.02132     1.2792     76.750      9.374  51327.090    31.7632     4.2710      9.286    7.35622     4.2718    25.1857   13.15822 8.0788e+01 0.0000e+00
        309 101.706620    0.02139     1.2833     77.000      9.650  51329.213    31.7647     4.2715      9.560    7.35605     4.2727    25.1868   13.15792 7.5912e+01 0.0000e+00
        310 101.706623    0.02146     1.2875     77.250      9.924  51329.920    31.7652     4.2724      9.831    7.35586     4.2736    25.1872   13.15759 7.1580e+01 0.0000e+00
        311 101.706626    0.02153     1.2917     77.500     10.194  51330.911    31.7660     4.2733     10.099    7.35566     4.2748    25.1877   13.15725 6.7756e+01 0.0000e+00
        312 101.706629    0.02160     1.2958     77.750     10.463  51333.156    31.7676     4.2742     10.364    7.35542     4.2767    25.1889   13.15683 6.4372e+01 0.0000e+00
        313 101.706632    0.02167     1.3000     78.000     10.730  51336.357    31.7700     4.2755     10.629    7.35508     4.2793    25.1906   13.15624 6.1338e+01 0.0000e+00
        314 101.706635    0.02174     1.3042     78.250     10.996  51339.135    31.7722     4.2774     10.893    7.35462     4.2822    25.1922   13.15546 5.8565e+01 0.0000e+00
        315 101.706638    0.02181     1.3083     78.500     11.263  51340.453    31.7735     4.2800     11.157    7.35409     4.2851    25.1930   13.15457 5.5948e+01 0.0000e+00
        316 101.706641    0.02187     1.3125     78.750     11.529  51340.818    31.7743     4.2829     11.421    7.35354     4.2879    25.1933   13.15364 5.3365e+01 0.0000e+00
        317 101.706644    0.02194     1.3167     79.000     11.795  51340.985    31.7750     4.2859     11.685    7.35298     4.2905    25.1936   13.15272 5.0710e+01 0.0000e+00
        318 101.706646    0.02201     1.3208     79.250     12.062  51341.089    31.7756     4.2887     11.949    7.35245     4.2930    25.1938   13.15183 4.7974e+01 0.0000e+00
        319 101.706649    0.02208     1.3250     79.500     12.329  51341.169    31.7762     4.2913     12.214    7.35195     4.2954    25.1939   13.15100 4.5263e+01 0.0000e+00
        320 101.706652    0.02215     1.3292     79.750     12.596  51341.519    31.7769     4.2938     12.478    7.35147     4.2978    25.1942   13.15020 4.2716e+01 0.0000e+00
        321 101.706655    0.02222     1.3333     80.000     12.863  51342.784    31.7781     4.2962     12.743    7.35099     4.3004    25.1950   13.14939 4.0408e+01 0.0000e+00
        322 101.706658    0.02229     1.3375     80.250     13.132  51345.081    31.7801     4.2986     13.009    7.35046     4.3033    25.1964   13.14849 3.8317e+01 0.0000e+00
        323 101.706661    0.02236     1.3417     80.500     13.403  51347.544    31.7823     4.3013     13.278    7.34988     4.3064    25.1979   13.14750 3.6383e+01 0.0000e+00
        324 101.706664    0.02243     1.3458     80.750     13.677  51349.741    31.7843     4.3042     13.549    7.34925     4.3097    25.1992   13.14644 3.4579e+01 0.0000e+00
        325 101.706667    0.02250     1.3500     81.000     13.954  51352.229    31.7866     4.3073     13.823    7.34859     4.3132    25.2007   13.14532 3.2908e+01 0.0000e+00
        326 101.706670    0.02257     1.3542     81.250     14.233  51355.012    31.7891     4.3106     14.100    7.34788     4.3169    25.2024   13.14411 3.1363e+01 0.0000e+00
        327 101.706672    0.02264     1.3583     81.500     14.513  51356.495    31.7908     4.3142     14.377    7.34715     4.3201    25.2034   13.14290 2.9918e+01 0.0000e+00
        328 101.706675    0.02271     1.3625     81.750     14.791  51356.045    31.7912     4.3178     14.652    7.34648     4.3229    25.2033   13.14178 2.8551e+01 0.0000e+00
        329 101.706678    0.02278     1.3667     82.000     15.065  51355.515    31.7915     4.3211     14.924    7.34589     4.3256    25.2032   13.14080 2.7242e+01 0.0000e+00
        330 101.706681    0.02285     1.3708     82.250     15.334  51356.371    31.7926     4.3239     15.190    7.34534     4.3287    25.2038   13.13987 2.5981e+01 0.0000e+00
        331 101.706684    0.02292     1.3750     82.500     15.599  51358.807    31.7948     4.3266     15.453    7.34475     4.3327    25.2052   13.13886 2.4769e+01 0.0000e+00
        332 101.706687    0.02299     1.3792     82.750     15.862  51363.247    31.7984     4.3297     15.714    7.34402     4.3385    25.2078   13.13761 2.3614e+01 0.0000e+00
        333 101.706690    0.02306     1.3833     83.000     16.124  51370.756    31.8044     4.3338     15.973    7.34300     4.3468    25.2121   13.13585 2.2531e+01 0.0000e+00
        334 101.706693    0.02313     1.3875     83.250     16.387  51381.358    31.8128     4.3396     16.234    7.34155     4.3575    25.2183   13.13335 2.1527e+01 0.0000e+00
        335 101.706696    0.02319     1.3917     83.500     16.653  51390.639    31.8210     4.3479     16.497    7.33966     4.3688    25.2239   13.13013 2.0595e+01 0.0000e+00
        336 101.706698    0.02326     1.3958     83.750     16.923  51392.839    31.8248     4.3586     16.764    7.33758     4.3788    25.2259   13.12664 1.9717e+01 0.0000e+00
        337 101.706701    0.02333     1.4000     84.000     17.198  51387.950    31.8240     4.3699     17.036    7.33561     4.3867    25.2241   13.12341 1.8870e+01 0.0000e+00
        338 101.706704    0.02340     1.4042     84.250     17.477  51380.053    31.8208     4.3800     17.313    7.33398     4.3924    25.2205   13.12075 1.8041e+01 0.0000e+00
        339 101.706707    0.02347     1.4083     84.500     17.759  51372.499    31.8173     4.3879     17.592    7.33275     4.3964    25.2170   13.11877 1.7222e+01 0.0000e+00
        340 101.706710    0.02354     1.4125     84.750     18.043  51367.081    31.8147     4.3936     17.873    7.33186     4.3996    25.2144   13.11733 1.6415e+01 0.0000e+00
        341 101.706713    0.02361     1.4167     85.000     18.327  51364.624    31.8139     4.3977     18.155    7.33118     4.4026    25.2133   13.11622 1.5637e+01 0.0000e+00
        342 101.706716    0.02368     1.4208     85.250     18.610  51365.136    31.8148     4.4008     18.435    7.33058     4.4060    25.2137   13.11521 1.4898e+01 0.0000e+00
        343 101.706719    0.02375     1.4250     85.500     18.889  51367.439    31.8169     4.4038     18.712    7.32993     4.4101    25.2151   13.11412 1.4204e+01 0.0000e+00
        344 101.706722    0.02382     1.4292     85.750     19.165  51370.779    31.8199     4.4073     18.985    7.32917     4.4150    25.2171   13.11283 1.3558e+01 0.0000e+00
        345 101.706725    0.02389     1.4333     86.000     19.437  51374.263    31.8231     4.4115     19.255    7.32828     4.4202    25.2192   13.11132 1.2954e+01 0.0000e+00
        346 101.706727    0.02396     1.4375     86.250     19.707  51375.758    31.8251     4.4163     19.522    7.32732     4.4251    25.2203   13.10970 1.2385e+01 0.0000e+00
        347 101.706730    0.02403     1.4417     86.500     19.977  51374.777    31.8255     4.4216     19.790    7.32637     4.4293    25.2201   13.10813 1.1846e+01 0.0000e+00
        348 101.706733    0.02410     1.4458     86.750     20.248  51372.429    31.8249     4.4265     20.058    7.32553     4.4326    25.2191   13.10675 1.1330e+01 0.0000e+00
        349 101.706736    0.02417     1.4500     87.000     20.521  51369.566    31.8238     4.4307     20.329    7.32484     4.4349    25.2178   13.10563 1.0833e+01 0.0000e+00
        350 101.706739    0.02424     1.4542     87.250     20.797  51366.807    31.8225     4.4340     20.602    7.32432     4.4365    25.2165   13.10479 1.0353e+01 0.0000e+00
        351 101.706742    0.02431     1.4583     87.500     21.075  51364.694    31.8215     4.4363     20.877    7.32395     4.4377    25.2154   13.10419 9.8884e+00 0.0000e+00
        352 101.706745    0.02438     1.4625     87.750     21.355  51363.548    31.8209     4.4380     21.154    7.32369     4.4386    25.2148   13.10376 9.4367e+00 0.0000e+00
        353 101.706748    0.02444     1.4667     88.000     21.637  51363.244    31.8208     4.4391     21.434    7.32348     4.4395    25.2146   13.10342 8.9997e+00 0.0000e+00
        354 101.706751    0.02451     1.4708     88.250     21.920  51363.443    31.8211     4.4401     21.715    7.32330     4.4404    25.2147   13.10313 8.5785e+00 0.0000e+00
        355 101.706753    0.02458     1.4750     88.500     22.205  51363.851    31.8214     4.4410     21.996    7.32313     4.4412    25.2149   13.10284 8.1755e+00 0.0000e+00
        356 101.706756    0.02465     1.4792     88.750     22.488  51364.241    31.8217     4.4418     22.277    7.32296     4.4420    25.2151   13.10256 7.7931e+00 0.0000e+00
        357 101.706759    0.02472     1.4833     89.000     22.769  51364.590    31.8220     4.4427     22.555    7.32279     4.4429    25.2152   13.10227 7.4314e+00 0.0000e+00
        358 101.706762    0.02479     1.4875     89.250     23.048  51365.093    31.8224     4.4436     22.831    7.32262     4.4439    25.2154   13.10198 7.0891e+00 0.0000e+00
        359 101.706765    0.02486     1.4917     89.500     23.324  51365.789    31.8230     4.4445     23.105    7.32243     4.4450    25.2158   13.10166 6.7652e+00 0.0000e+00
        360 101.706768    0.02493     1.4958     89.750     23.600  51366.645    31.8236     4.4455     23.378    7.32222     4.4462    25.2162   13.10131 6.4581e+00 0.0000e+00
        361 101.706771    0.02500     1.5000     90.000     23.876  51367.856    31.8246     4.4466     23.651    7.32199     4.4478    25.2169   13.10091 6.1660e+00 0.0000e+00
