CTD-processing/allCTD/CNV--turbid/2014_10-18_t7_s19_cast138.cnv
* Sea-Bird SBE19plus Data File:
* FileName = C:\Users\kris.holderied\Documents\kasitsna\Research-Projects-and-Data\Oceanography-AK\CTD-Data-ALL-to-2014-10\2014-CTD-KachemakBay-CookInlet\2014-10-EVOSTC-CookInlet\2014-10-17-CookInlet-Tran7-Augustine\2014-10-18-CookInlet-Tran7-cast138.hex
* Software Version 1.59
* Temperature SN =  4141
* Conductivity SN =  4141
* System UpLoad Time = Oct 18 2014 20:41:15
** Cook Inlet LTM Tran7 (Augustine) west to east 2ND RUN
** Date: 10-18
** Station: 7-19
** Start time:  18:19
** Depth (m): 76
** Comment:  CTD time is Alaska Daylight time.  R/V Pandalus. Transducer  depth.
** Comment:
# nquan = 16
# nvalues = 790                         
# units = specified
# name 0 = scan: Scan Count
# name 1 = timeJ: Julian Days
# name 2 = timeH: Time, Elapsed [hours]
# name 3 = timeM: Time, Elapsed [minutes]
# name 4 = timeS: Time, Elapsed [seconds]
# name 5 = prdM: Pressure, Strain Gauge [db]
# name 6 = specc: Specific Conductance [uS/cm]
# name 7 = sal00: Salinity, Practical [PSU]
# name 8 = tv290C: Temperature [ITS-90, deg C]
# name 9 = depSM: Depth [salt water, m], lat = 59.00
# name 10 = oxsolML/L: Oxygen Saturation, Garcia & Gordon [ml/l]
# name 11 = potemp090C: Potential Temperature [ITS-90, deg C]
# name 12 = sigma-é00: Density [sigma-theta, kg/m^3]
# name 13 = n2satML/L: Nitrogen Saturation [ml/l]
# name 14 = par: PAR/Irradiance, Biospherical/Licor
# name 15 = flag:  0.000e+00
# span 0 =          1,        790       
# span 1 = 291.763600, 291.765883       
# span 2 =    0.00000,    0.05479       
# span 3 =     0.0000,     3.2875       
# span 4 =      0.000,    197.250       
# span 5 =     -0.293,     77.219       
# span 6 =   3717.574,  49270.123       
# span 7 =     1.9240,    31.2529       
# span 8 =     7.4113,    10.0857       
# span 9 =     -0.290,     76.483       
# span 10 =    6.50412,    8.29287      
# span 11 =     7.4142,    10.0843      
# span 12 =     1.4023,    24.0995      
# span 13 =   11.75768,   15.14276      
# span 14 = 3.6382e-02, 2.5554e+01      
# span 15 = 0.0000e+00, 0.0000e+00      
# interval = seconds: 0.25
# start_time = Oct 18 2014 18:19:35 [Instrument's time stamp, header]
# bad_flag = -9.990e-29
*END*
          1 291.763600    0.00000     0.0000      0.000     -0.285   4188.871     2.1714     7.4113     -0.282    8.28971     7.4142     1.6029   15.13411 1.4512e+01 0.0000e+00
          2 291.763602    0.00007     0.0042      0.250     -0.284   4192.014     2.1734     7.4122     -0.281    8.28944     7.4181     1.6044   15.13361 1.4812e+01 0.0000e+00
          3 291.763605    0.00014     0.0083      0.500     -0.284   4174.435     2.1641     7.4142     -0.281    8.28955     7.4248     1.5970   15.13396 1.5505e+01 0.0000e+00
          4 291.763608    0.00021     0.0125      0.750     -0.285   4130.773     2.1408     7.4181     -0.282    8.29006     7.4359     1.5783   15.13518 1.6692e+01 0.0000e+00
          5 291.763611    0.00028     0.0167      1.000     -0.286   4058.671     2.1024     7.4248     -0.283    8.29083     7.4544     1.5475   15.13708 1.8204e+01 0.0000e+00
          6 291.763614    0.00035     0.0208      1.250     -0.288   3936.863     2.0374     7.4359     -0.285    8.29217     7.4855     1.4954   15.14034 1.9746e+01 0.0000e+00
          7 291.763617    0.00042     0.0250      1.500     -0.291   3786.420     1.9578     7.4544     -0.288    8.29287     7.5384     1.4312   15.14276 2.1117e+01 0.0000e+00
          8 291.763620    0.00049     0.0292      1.750     -0.293   3717.574     1.9240     7.4855     -0.290    8.28860     7.6278     1.4023   15.13615 2.2255e+01 0.0000e+00
          9 291.763623    0.00056     0.0333      2.000     -0.293   3856.370     2.0049     7.5384     -0.290    8.27381     7.7568     1.4624   15.11008 2.3192e+01 0.0000e+00
         10 291.763626    0.00063     0.0375      2.250     -0.292   4274.294     2.2407     7.6278     -0.289    8.24345     7.8963     1.6423   15.05544 2.3944e+01 0.0000e+00
         11 291.763628    0.00069     0.0417      2.500     -0.292   4896.252     2.5924     7.7568     -0.290    8.19912     8.0114     1.9107   14.97557 2.4513e+01 0.0000e+00
         12 291.763631    0.00076     0.0458      2.750     -0.293   5520.832     2.9514     7.8963     -0.290    8.15261     8.0929     2.1837   14.89203 2.4983e+01 0.0000e+00
         13 291.763634    0.00083     0.0500      3.000     -0.291   6078.766     3.2822     8.0114     -0.289    8.11298     8.1496     2.4355   14.82060 2.5293e+01 0.0000e+00
         14 291.763637    0.00090     0.0542      3.250     -0.288   6667.572     3.6438     8.0929     -0.285    8.07901     8.1930     2.7129   14.75846 2.5400e+01 0.0000e+00
         15 291.763640    0.00097     0.0583      3.500     -0.281   7386.214     4.0994     8.1496     -0.279    8.04594     8.2342     3.0648   14.69675 2.5494e+01 0.0000e+00
         16 291.763643    0.00104     0.0625      3.750     -0.270   8406.987     4.7596     8.1929     -0.268    8.00626     8.2863     3.5767   14.62137 2.5554e+01 0.0000e+00
         17 291.763646    0.00111     0.0667      4.000     -0.250  10127.674     5.8712     8.2342     -0.248    7.94571     8.3673     4.4408   14.50500 2.5313e+01 0.0000e+00
         18 291.763649    0.00118     0.0708      4.250     -0.216  13198.920     7.8384     8.2863     -0.214    7.84213     8.5041     5.9719   14.30482 2.4648e+01 0.0000e+00
         19 291.763652    0.00125     0.0750      4.500     -0.159  18590.127    11.2693     8.3673     -0.157    7.66266     8.7165     8.6440   13.95740 2.3603e+01 0.0000e+00
         20 291.763655    0.00132     0.0792      4.750     -0.071  26288.028    16.1912     8.5041     -0.071    7.40318     8.9821    12.4744   13.45619 2.2124e+01 0.0000e+00
         21 291.763657    0.00139     0.0833      5.000      0.037  33912.537    21.1237     8.7165      0.036    7.13392     9.2438    16.3020   12.93968 1.9875e+01 0.0000e+00
         22 291.763660    0.00146     0.0875      5.250      0.144  39198.368    24.5770     8.9821      0.142    6.92874     9.4594    18.9642   12.55082 1.7337e+01 0.0000e+00
         23 291.763663    0.00153     0.0917      5.500      0.231  42237.130    26.5693     9.2438      0.229    6.79391     9.6192    20.4838   12.29906 1.5924e+01 0.0000e+00
         24 291.763666    0.00160     0.0958      5.750      0.298  43968.048    27.7075     9.4594      0.295    6.70687     9.7312    21.3418   12.13853 1.5769e+01 0.0000e+00
         25 291.763669    0.00167     0.1000      6.000      0.354  44973.738    28.3711     9.6192      0.351    6.65104     9.8079    21.8368   12.03647 1.5737e+01 0.0000e+00
         26 291.763672    0.00174     0.1042      6.250      0.414  45580.732    28.7737     9.7313      0.410    6.61502     9.8602    22.1347   11.97099 1.4872e+01 0.0000e+00
         27 291.763675    0.00181     0.1083      6.500      0.488  45955.936    29.0240     9.8079      0.483    6.59168     9.8971    22.3188   11.92873 1.3240e+01 0.0000e+00
         28 291.763678    0.00187     0.1125      6.750      0.579  46192.550    29.1830     9.8602      0.574    6.57639     9.9254    22.4351   11.90114 1.1921e+01 0.0000e+00
         29 291.763681    0.00194     0.1167      7.000      0.680  46344.935    29.2863     9.8971      0.674    6.56609     9.9487    22.5102   11.88261 1.1493e+01 0.0000e+00
         30 291.763683    0.00201     0.1208      7.250      0.778  46439.585    29.3512     9.9254      0.771    6.55890     9.9680    22.5565   11.86979 1.1644e+01 0.0000e+00
         31 291.763686    0.00208     0.1250      7.500      0.860  46490.962    29.3871     9.9488      0.852    6.55379     9.9828    22.5810   11.86081 1.1886e+01 0.0000e+00
         32 291.763689    0.00215     0.1292      7.750      0.918  46513.891    29.4038     9.9681      0.910    6.55017     9.9930    22.5910   11.85458 1.2018e+01 0.0000e+00
         33 291.763692    0.00222     0.1333      8.000      0.956  46522.612    29.4106     9.9829      0.948    6.54767     9.9994    22.5940   11.85032 1.2070e+01 0.0000e+00
         34 291.763695    0.00229     0.1375      8.250      0.984  46522.569    29.4112     9.9932      0.975    6.54612    10.0028    22.5929   11.84773 1.1995e+01 0.0000e+00
         35 291.763698    0.00236     0.1417      8.500      1.009  46514.808    29.4061     9.9995      1.000    6.54538    10.0038    22.5880   11.84656 1.1825e+01 0.0000e+00
         36 291.763701    0.00243     0.1458      8.750      1.036  46503.187    29.3982    10.0029      1.026    6.54522    10.0033    22.5812   11.84637 1.1717e+01 0.0000e+00
         37 291.763704    0.00250     0.1500      9.000      1.062  46493.372    29.3913    10.0039      1.052    6.54535    10.0022    22.5757   11.84667 1.1711e+01 0.0000e+00
         38 291.763707    0.00257     0.1542      9.250      1.085  46491.289    29.3897    10.0034      1.075    6.54548    10.0011    22.5745   11.84691 1.1710e+01 0.0000e+00
         39 291.763709    0.00264     0.1583      9.500      1.104  46498.353    29.3944    10.0023      1.093    6.54543    10.0005    22.5784   11.84677 1.1707e+01 0.0000e+00
         40 291.763712    0.00271     0.1625      9.750      1.120  46509.702    29.4022    10.0013      1.109    6.54525    10.0008    22.5847   11.84638 1.1739e+01 0.0000e+00
         41 291.763715    0.00278     0.1667     10.000      1.135  46520.731    29.4098    10.0007      1.124    6.54502    10.0020    22.5907   11.84589 1.1782e+01 0.0000e+00
         42 291.763718    0.00285     0.1708     10.250      1.148  46530.397    29.4166    10.0009      1.137    6.54470    10.0039    22.5959   11.84529 1.1825e+01 0.0000e+00
         43 291.763721    0.00292     0.1750     10.500      1.155  46539.896    29.4234    10.0021      1.144    6.54425    10.0060    22.6010   11.84445 1.1872e+01 0.0000e+00
         44 291.763724    0.00299     0.1792     10.750      1.153  46549.834    29.4306    10.0040      1.142    6.54367    10.0082    22.6063   11.84341 1.1904e+01 0.0000e+00
         45 291.763727    0.00306     0.1833     11.000      1.140  46558.373    29.4368    10.0061      1.129    6.54310    10.0102    22.6108   11.84239 1.1920e+01 0.0000e+00
         46 291.763730    0.00313     0.1875     11.250      1.116  46564.009    29.4410    10.0083      1.107    6.54261    10.0119    22.6138   11.84152 1.1911e+01 0.0000e+00
         47 291.763733    0.00319     0.1917     11.500      1.086  46567.187    29.4435    10.0103      1.076    6.54222    10.0132    22.6154   11.84084 1.1835e+01 0.0000e+00
         48 291.763736    0.00326     0.1958     11.750      1.053  46568.754    29.4448    10.0120      1.044    6.54192    10.0145    22.6161   11.84034 1.1747e+01 0.0000e+00
         49 291.763738    0.00333     0.2000     12.000      1.023  46569.043    29.4452    10.0133      1.014    6.54171    10.0157    22.6162   11.83998 1.1771e+01 0.0000e+00
         50 291.763741    0.00340     0.2042     12.250      0.998  46568.179    29.4447    10.0146      0.989    6.54155    10.0169    22.6156   11.83972 1.1836e+01 0.0000e+00
         51 291.763744    0.00347     0.2083     12.500      0.981  46567.173    29.4442    10.0158      0.972    6.54140    10.0181    22.6150   11.83948 1.1774e+01 0.0000e+00
         52 291.763747    0.00354     0.2125     12.750      0.972  46568.642    29.4453    10.0170      0.963    6.54118    10.0193    22.6157   11.83910 1.1620e+01 0.0000e+00
         53 291.763750    0.00361     0.2167     13.000      0.979  46573.827    29.4491    10.0182      0.969    6.54085    10.0209    22.6185   11.83851 1.1556e+01 0.0000e+00
         54 291.763753    0.00368     0.2208     13.250      1.005  46580.009    29.4536    10.0194      0.996    6.54049    10.0228    22.6218   11.83785 1.1525e+01 0.0000e+00
         55 291.763756    0.00375     0.2250     13.500      1.053  46583.626    29.4563    10.0210      1.043    6.54015    10.0246    22.6236   11.83725 1.1364e+01 0.0000e+00
         56 291.763759    0.00382     0.2292     13.750      1.113  46583.718    29.4565    10.0229      1.103    6.53986    10.0258    22.6235   11.83677 1.1170e+01 0.0000e+00
         57 291.763762    0.00389     0.2333     14.000      1.176  46581.828    29.4554    10.0247      1.165    6.53965    10.0263    22.6224   11.83643 1.1030e+01 0.0000e+00
         58 291.763764    0.00396     0.2375     14.250      1.230  46580.513    29.4546    10.0259      1.219    6.53951    10.0266    22.6215   11.83622 1.0903e+01 0.0000e+00
         59 291.763767    0.00403     0.2417     14.500      1.271  46581.534    29.4553    10.0265      1.259    6.53940    10.0271    22.6220   11.83602 1.0816e+01 0.0000e+00
         60 291.763770    0.00410     0.2458     14.750      1.297  46583.972    29.4571    10.0268      1.285    6.53928    10.0280    22.6233   11.83580 1.0845e+01 0.0000e+00
         61 291.763773    0.00417     0.2500     15.000      1.308  46585.549    29.4583    10.0273      1.296    6.53916    10.0290    22.6242   11.83559 1.1029e+01 0.0000e+00
         62 291.763776    0.00424     0.2542     15.250      1.306  46585.197    29.4581    10.0282      1.294    6.53905    10.0299    22.6239   11.83540 1.1320e+01 0.0000e+00
         63 291.763779    0.00431     0.2583     15.500      1.290  46583.160    29.4568    10.0292      1.279    6.53896    10.0306    22.6228   11.83527 1.1590e+01 0.0000e+00
         64 291.763782    0.00438     0.2625     15.750      1.263  46580.765    29.4553    10.0301      1.251    6.53889    10.0310    22.6214   11.83517 1.1776e+01 0.0000e+00
         65 291.763785    0.00444     0.2667     16.000      1.226  46579.669    29.4546    10.0307      1.214    6.53882    10.0311    22.6208   11.83507 1.1899e+01 0.0000e+00
         66 291.763788    0.00451     0.2708     16.250      1.187  46580.324    29.4551    10.0311      1.176    6.53874    10.0311    22.6211   11.83495 1.1912e+01 0.0000e+00
         67 291.763791    0.00458     0.2750     16.500      1.157  46581.646    29.4560    10.0313      1.146    6.53868    10.0312    22.6218   11.83484 1.1810e+01 0.0000e+00
         68 291.763793    0.00465     0.2792     16.750      1.144  46582.027    29.4563    10.0313      1.133    6.53867    10.0315    22.6220   11.83481 1.1700e+01 0.0000e+00
         69 291.763796    0.00472     0.2833     17.000      1.152  46580.281    29.4551    10.0313      1.141    6.53871    10.0320    22.6211   11.83489 1.1590e+01 0.0000e+00
         70 291.763799    0.00479     0.2875     17.250      1.175  46576.293    29.4523    10.0316      1.164    6.53879    10.0325    22.6189   11.83505 1.1377e+01 0.0000e+00
         71 291.763802    0.00486     0.2917     17.500      1.204  46571.284    29.4488    10.0321      1.193    6.53886    10.0330    22.6161   11.83522 1.1072e+01 0.0000e+00
         72 291.763805    0.00493     0.2958     17.750      1.231  46567.083    29.4459    10.0326      1.220    6.53890    10.0333    22.6137   11.83532 1.0830e+01 0.0000e+00
         73 291.763808    0.00500     0.3000     18.000      1.249  46565.247    29.4447    10.0331      1.237    6.53888    10.0334    22.6127   11.83530 1.0756e+01 0.0000e+00
         74 291.763811    0.00507     0.3042     18.250      1.254  46565.872    29.4452    10.0335      1.242    6.53882    10.0331    22.6130   11.83518 1.0821e+01 0.0000e+00
         75 291.763814    0.00514     0.3083     18.500      1.247  46567.682    29.4465    10.0335      1.235    6.53876    10.0323    22.6140   11.83507 1.0966e+01 0.0000e+00
         76 291.763817    0.00521     0.3125     18.750      1.230  46569.809    29.4479    10.0332      1.219    6.53874    10.0314    22.6152   11.83503 1.1183e+01 0.0000e+00
         77 291.763819    0.00528     0.3167     19.000      1.210  46572.080    29.4494    10.0324      1.199    6.53878    10.0306    22.6165   11.83508 1.1437e+01 0.0000e+00
         78 291.763822    0.00535     0.3208     19.250      1.192  46574.445    29.4510    10.0315      1.181    6.53885    10.0301    22.6178   11.83517 1.1601e+01 0.0000e+00
         79 291.763825    0.00542     0.3250     19.500      1.182  46576.693    29.4525    10.0308      1.171    6.53890    10.0296    22.6191   11.83523 1.1626e+01 0.0000e+00
         80 291.763828    0.00549     0.3292     19.750      1.184  46577.871    29.4533    10.0302      1.173    6.53895    10.0290    22.6198   11.83531 1.1615e+01 0.0000e+00
         81 291.763831    0.00556     0.3333     20.000      1.202  46575.975    29.4519    10.0298      1.191    6.53907    10.0279    22.6188   11.83553 1.1620e+01 0.0000e+00
         82 291.763834    0.00562     0.3375     20.250      1.235  46568.074    29.4462    10.0291      1.224    6.53940    10.0260    22.6145   11.83614 1.1557e+01 0.0000e+00
         83 291.763837    0.00569     0.3417     20.500      1.278  46550.889    29.4341    10.0281      1.266    6.54006    10.0229    22.6052   11.83738 1.1377e+01 0.0000e+00
         84 291.763840    0.00576     0.3458     20.750      1.321  46521.656    29.4134    10.0262      1.309    6.54120    10.0181    22.5894   11.83952 1.1147e+01 0.0000e+00
         85 291.763843    0.00583     0.3500     21.000      1.358  46482.664    29.3857    10.0230      1.345    6.54282    10.0115    22.5683   11.84254 1.0927e+01 0.0000e+00
         86 291.763845    0.00590     0.3542     21.250      1.380  46446.428    29.3598    10.0183      1.367    6.54459    10.0027    22.5489   11.84578 1.0717e+01 0.0000e+00
         87 291.763848    0.00597     0.3583     21.500      1.385  46426.172    29.3448    10.0117      1.372    6.54616     9.9920    22.5383   11.84857 1.0521e+01 0.0000e+00
         88 291.763851    0.00604     0.3625     21.750      1.371  46425.481    29.3433    10.0028      1.358    6.54750     9.9814    22.5385   11.85081 1.0448e+01 0.0000e+00
         89 291.763854    0.00611     0.3667     22.000      1.344  46443.695    29.3548     9.9922      1.331    6.54855     9.9736    22.5492   11.85243 1.0577e+01 0.0000e+00
         90 291.763857    0.00618     0.3708     22.250      1.308  46476.693    29.3767     9.9816      1.296    6.54916     9.9704    22.5679   11.85316 1.0773e+01 0.0000e+00
