CTD-processing/allCTD/CNV--turbid/2014_07-24_t7_s04_cast003.cnv
* Sea-Bird SBE19plus Data File:
* FileName = C:\Users\kris.holderied\Documents\kasitsna\Research-Projects-and-Data\Oceanography-AK\CTD-Data-ALL-to-2014-06\2014-CTD-KachemakBay-CookInlet\2014-07-EVOSTC-CookInlet-quarterly\2014-07-24-CookInlet-Tran7-Augustine\2014-07-24-CookInlet-Tran7-cast003.hex
* Software Version 1.59
* Temperature SN =  4141
* Conductivity SN =  4141
* System UpLoad Time = Jul 24 2014 17:18:08
** Cook Inlet LTM Transect 7 (Augustine) West to East
** Date: 07-24
** Station: 7-04
** Start time: 08:40
** Depth (m): 48.3
** Comment:  CTD time is Alaska Daylight time.  Transducer  depth (transducer is 9 ft).
** Comment:
# nquan = 16
# nvalues = 527                         
# units = specified
# name 0 = scan: Scan Count
# name 1 = timeJ: Julian Days
# name 2 = timeH: Time, Elapsed [hours]
# name 3 = timeM: Time, Elapsed [minutes]
# name 4 = timeS: Time, Elapsed [seconds]
# name 5 = prdM: Pressure, Strain Gauge [db]
# name 6 = specc: Specific Conductance [uS/cm]
# name 7 = sal00: Salinity, Practical [PSU]
# name 8 = tv290C: Temperature [ITS-90, deg C]
# name 9 = depSM: Depth [salt water, m], lat = 59.00
# name 10 = oxsolML/L: Oxygen Saturation, Garcia & Gordon [ml/l]
# name 11 = potemp090C: Potential Temperature [ITS-90, deg C]
# name 12 = sigma-é00: Density [sigma-theta, kg/m^3]
# name 13 = n2satML/L: Nitrogen Saturation [ml/l]
# name 14 = par: PAR/Irradiance, Biospherical/Licor
# name 15 = flag:  0.000e+00
# span 0 =          1,        527       
# span 1 = 205.361655, 205.363177       
# span 2 =    0.00000,    0.03653       
# span 3 =     0.0000,     2.1917       
# span 4 =      0.000,    131.500       
# span 5 =     -0.112,     49.115       
# span 6 =   1055.051,  48776.514       
# span 7 =     0.5178,    30.9837       
# span 8 =    10.0778,    12.4070       
# span 9 =     -0.110,     48.651       
# span 10 =    6.21568,    7.44840      
# span 11 =    10.0724,    12.4066      
# span 12 =    -0.1435,    23.8058      
# span 13 =   11.28423,   13.73819      
# span 14 = 6.0405e-02, 2.7471e+02      
# span 15 = 0.0000e+00, 0.0000e+00      
# interval = seconds: 0.25
# start_time = Jul 24 2014 08:40:47 [Instrument's time stamp, header]
# bad_flag = -9.990e-29
*END*
[from data line 91]
         92 205.361918    0.00632     0.3792     22.750      1.118  48056.646    30.7048    11.9692      1.108    6.22161    11.9681    23.2611   11.29407 1.4378e+02 0.0000e+00
         93 205.361921    0.00639     0.3833     23.000      1.107  48057.220    30.7052    11.9687      1.097    6.22165    11.9676    23.2615   11.29414 1.4402e+02 0.0000e+00
         94 205.361924    0.00646     0.3875     23.250      1.102  48057.578    30.7054    11.9682      1.091    6.22171    11.9671    23.2617   11.29423 1.4293e+02 0.0000e+00
         95 205.361927    0.00653     0.3917     23.500      1.104  48057.503    30.7053    11.9677      1.094    6.22178    11.9667    23.2617   11.29435 1.4158e+02 0.0000e+00
         96 205.361930    0.00660     0.3958     23.750      1.119  48057.261    30.7051    11.9672      1.108    6.22185    11.9665    23.2616   11.29447 1.4049e+02 0.0000e+00
         97 205.361933    0.00667     0.4000     24.000      1.149  48057.634    30.7053    11.9669      1.138    6.22189    11.9663    23.2619   11.29454 1.3970e+02 0.0000e+00
         98 205.361936    0.00674     0.4042     24.250      1.193  48059.507    30.7065    11.9666      1.181    6.22188    11.9664    23.2629   11.29450 1.3897e+02 0.0000e+00
         99 205.361939    0.00681     0.4083     24.500      1.245  48063.667    30.7094    11.9665      1.232    6.22179    11.9669    23.2652   11.29431 1.3794e+02 0.0000e+00
        100 205.361942    0.00688     0.4125     24.750      1.294  48070.667    30.7144    11.9665      1.281    6.22158    11.9685    23.2690   11.29392 1.3687e+02 0.0000e+00
        101 205.361944    0.00694     0.4167     25.000      1.332  48079.490    30.7207    11.9671      1.319    6.22126    11.9714    23.2738   11.29331 1.3593e+02 0.0000e+00
        102 205.361947    0.00701     0.4208     25.250      1.353  48086.970    30.7262    11.9687      1.340    6.22084    11.9759    23.2778   11.29256 1.3496e+02 0.0000e+00
        103 205.361950    0.00708     0.4250     25.500      1.357  48090.068    30.7287    11.9716      1.345    6.22035    11.9810    23.2792   11.29172 1.3442e+02 0.0000e+00
        104 205.361953    0.00715     0.4292     25.750      1.347  48087.618    30.7274    11.9761      1.334    6.21982    11.9853    23.2773   11.29084 1.3491e+02 0.0000e+00
        105 205.361956    0.00722     0.4333     26.000      1.326  48080.506    30.7228    11.9811      1.314    6.21933    11.9879    23.2729   11.29008 1.3642e+02 0.0000e+00
        106 205.361959    0.00729     0.4375     26.250      1.299  48071.402    30.7168    11.9855      1.288    6.21900    11.9884    23.2674   11.28960 1.3838e+02 0.0000e+00
        107 205.361962    0.00736     0.4417     26.500      1.271  48063.578    30.7115    11.9881      1.260    6.21886    11.9870    23.2629   11.28943 1.4002e+02 0.0000e+00
        108 205.361965    0.00743     0.4458     26.750      1.244  48059.087    30.7084    11.9885      1.232    6.21892    11.9844    23.2604   11.28957 1.4092e+02 0.0000e+00
        109 205.361968    0.00750     0.4500     27.000      1.217  48058.023    30.7075    11.9871      1.205    6.21914    11.9814    23.2599   11.28995 1.4127e+02 0.0000e+00
        110 205.361970    0.00757     0.4542     27.250      1.192  48059.393    30.7082    11.9845      1.180    6.21946    11.9786    23.2610   11.29046 1.4197e+02 0.0000e+00
        111 205.361973    0.00764     0.4583     27.500      1.168  48061.955    30.7098    11.9816      1.157    6.21978    11.9761    23.2627   11.29099 1.4336e+02 0.0000e+00
        112 205.361976    0.00771     0.4625     27.750      1.148  48064.603    30.7114    11.9788      1.137    6.22009    11.9738    23.2645   11.29148 1.4430e+02 0.0000e+00
        113 205.361979    0.00778     0.4667     28.000      1.133  48066.563    30.7125    11.9762      1.122    6.22038    11.9717    23.2658   11.29194 1.4382e+02 0.0000e+00
        114 205.361982    0.00785     0.4708     28.250      1.125  48067.314    30.7128    11.9740      1.114    6.22067    11.9697    23.2665   11.29241 1.4258e+02 0.0000e+00
        115 205.361985    0.00792     0.4750     28.500      1.125  48066.720    30.7122    11.9718      1.114    6.22097    11.9677    23.2664   11.29292 1.4150e+02 0.0000e+00
        116 205.361988    0.00799     0.4792     28.750      1.133  48065.255    30.7110    11.9698      1.123    6.22129    11.9660    23.2658   11.29346 1.4038e+02 0.0000e+00
        117 205.361991    0.00806     0.4833     29.000      1.150  48063.710    30.7097    11.9679      1.140    6.22159    11.9644    23.2651   11.29398 1.3906e+02 0.0000e+00
        118 205.361994    0.00813     0.4875     29.250      1.174  48062.645    30.7087    11.9661      1.163    6.22186    11.9631    23.2647   11.29443 1.3804e+02 0.0000e+00
        119 205.361997    0.00819     0.4917     29.500      1.201  48062.230    30.7083    11.9646      1.190    6.22208    11.9620    23.2646   11.29481 1.3702e+02 0.0000e+00
        120 205.361999    0.00826     0.4958     29.750      1.230  48062.419    30.7083    11.9633      1.219    6.22225    11.9611    23.2649   11.29510 1.3557e+02 0.0000e+00
        121 205.362002    0.00833     0.5000     30.000      1.259  48063.207    30.7087    11.9622      1.248    6.22238    11.9604    23.2654   11.29530 1.3426e+02 0.0000e+00
        122 205.362005    0.00840     0.5042     30.250      1.285  48064.837    30.7097    11.9613      1.273    6.22246    11.9600    23.2664   11.29542 1.3400e+02 0.0000e+00
        123 205.362008    0.00847     0.5083     30.500      1.307  48067.703    30.7117    11.9606      1.294    6.22247    11.9598    23.2680   11.29542 1.3488e+02 0.0000e+00
        124 205.362011    0.00854     0.5125     30.750      1.321  48072.213    30.7149    11.9601      1.309    6.22241    11.9601    23.2705   11.29528 1.3591e+02 0.0000e+00
        125 205.362014    0.00861     0.5167     31.000      1.327  48078.723    30.7195    11.9600      1.315    6.22224    11.9609    23.2741   11.29495 1.3630e+02 0.0000e+00
        126 205.362017    0.00868     0.5208     31.250      1.323  48086.901    30.7253    11.9603      1.311    6.22197    11.9621    23.2786   11.29443 1.3623e+02 0.0000e+00
        127 205.362020    0.00875     0.5250     31.500      1.309  48095.053    30.7312    11.9611      1.297    6.22164    11.9640    23.2830   11.29382 1.3649e+02 0.0000e+00
        128 205.362023    0.00882     0.5292     31.750      1.286  48101.387    30.7358    11.9623      1.274    6.22130    11.9667    23.2864   11.29320 1.3780e+02 0.0000e+00
        129 205.362025    0.00889     0.5333     32.000      1.257  48105.236    30.7387    11.9641      1.246    6.22094    11.9700    23.2883   11.29257 1.4008e+02 0.0000e+00
        130 205.362028    0.00896     0.5375     32.250      1.226  48106.332    30.7398    11.9668      1.215    6.22055    11.9736    23.2887   11.29190 1.4245e+02 0.0000e+00
        131 205.362031    0.00903     0.5417     32.500      1.195  48104.819    30.7391    11.9701      1.184    6.22014    11.9772    23.2875   11.29124 1.4393e+02 0.0000e+00
        132 205.362034    0.00910     0.5458     32.750      1.167  48101.112    30.7368    11.9737      1.156    6.21976    11.9802    23.2851   11.29064 1.4431e+02 0.0000e+00
        133 205.362037    0.00917     0.5500     33.000      1.144  48095.130    30.7329    11.9773      1.133    6.21944    11.9820    23.2814   11.29015 1.4416e+02 0.0000e+00
        134 205.362040    0.00924     0.5542     33.250      1.128  48086.916    30.7274    11.9803      1.117    6.21927    11.9824    23.2766   11.28992 1.4428e+02 0.0000e+00
        135 205.362043    0.00931     0.5583     33.500      1.123  48077.128    30.7206    11.9822      1.113    6.21929    11.9814    23.2710   11.29003 1.4471e+02 0.0000e+00
        136 205.362046    0.00937     0.5625     33.750      1.132  48067.215    30.7136    11.9826      1.121    6.21950    11.9792    23.2655   11.29048 1.4462e+02 0.0000e+00
        137 205.362049    0.00944     0.5667     34.000      1.151  48059.303    30.7079    11.9816      1.140    6.21986    11.9763    23.2612   11.29114 1.4385e+02 0.0000e+00
        138 205.362052    0.00951     0.5708     34.250      1.176  48054.921    30.7045    11.9793      1.165    6.22029    11.9733    23.2590   11.29188 1.4296e+02 0.0000e+00
        139 205.362054    0.00958     0.5750     34.500      1.203  48054.221    30.7037    11.9764      1.192    6.22071    11.9707    23.2590   11.29258 1.4208e+02 0.0000e+00
        140 205.362057    0.00965     0.5792     34.750      1.228  48056.387    30.7050    11.9734      1.216    6.22105    11.9687    23.2605   11.29314 1.4101e+02 0.0000e+00
        141 205.362060    0.00972     0.5833     35.000      1.249  48060.477    30.7076    11.9708      1.238    6.22128    11.9673    23.2630   11.29350 1.3976e+02 0.0000e+00
        142 205.362063    0.00979     0.5875     35.250      1.267  48065.927    30.7113    11.9688      1.255    6.22140    11.9665    23.2662   11.29365 1.3894e+02 0.0000e+00
        143 205.362066    0.00986     0.5917     35.500      1.279  48072.434    30.7158    11.9675      1.267    6.22140    11.9662    23.2699   11.29360 1.3893e+02 0.0000e+00
        144 205.362069    0.00993     0.5958     35.750      1.286  48079.534    30.7207    11.9667      1.273    6.22131    11.9660    23.2739   11.29339 1.3950e+02 0.0000e+00
        145 205.362072    0.01000     0.6000     36.000      1.287  48086.369    30.7255    11.9664      1.275    6.22117    11.9658    23.2777   11.29310 1.4010e+02 0.0000e+00
        146 205.362075    0.01007     0.6042     36.250      1.285  48092.021    30.7295    11.9662      1.273    6.22104    11.9657    23.2808   11.29284 1.3995e+02 0.0000e+00
        147 205.362078    0.01014     0.6083     36.500      1.281  48096.030    30.7323    11.9660      1.269    6.22095    11.9657    23.2831   11.29265 1.3934e+02 0.0000e+00
        148 205.362080    0.01021     0.6125     36.750      1.275  48098.469    30.7341    11.9659      1.263    6.22090    11.9658    23.2844   11.29255 1.3962e+02 0.0000e+00
        149 205.362083    0.01028     0.6167     37.000      1.267  48099.950    30.7351    11.9659      1.256    6.22086    11.9659    23.2852   11.29247 1.4102e+02 0.0000e+00
        150 205.362086    0.01035     0.6208     37.250      1.257  48101.610    30.7363    11.9659      1.245    6.22081    11.9660    23.2861   11.29237 1.4234e+02 0.0000e+00
        151 205.362089    0.01042     0.6250     37.500      1.243  48104.226    30.7382    11.9660      1.231    6.22072    11.9661    23.2876   11.29220 1.4280e+02 0.0000e+00
        152 205.362092    0.01049     0.6292     37.750      1.226  48107.198    30.7403    11.9661      1.215    6.22062    11.9660    23.2892   11.29201 1.4284e+02 0.0000e+00
        153 205.362095    0.01056     0.6333     38.000      1.208  48109.024    30.7416    11.9662      1.197    6.22056    11.9659    23.2902   11.29190 1.4306e+02 0.0000e+00
        154 205.362098    0.01063     0.6375     38.250      1.192  48108.509    30.7412    11.9661      1.181    6.22058    11.9657    23.2900   11.29194 1.4324e+02 0.0000e+00
        155 205.362101    0.01069     0.6417     38.500      1.181  48104.977    30.7387    11.9660      1.170    6.22070    11.9655    23.2880   11.29216 1.4310e+02 0.0000e+00
        156 205.362104    0.01076     0.6458     38.750      1.176  48098.547    30.7342    11.9659      1.166    6.22090    11.9650    23.2845   11.29255 1.4304e+02 0.0000e+00
        157 205.362106    0.01083     0.6500     39.000      1.179  48090.796    30.7287    11.9656      1.168    6.22115    11.9644    23.2803   11.29303 1.4300e+02 0.0000e+00
        158 205.362109    0.01090     0.6542     39.250      1.187  48083.832    30.7237    11.9651      1.176    6.22141    11.9638    23.2765   11.29351 1.4260e+02 0.0000e+00
        159 205.362112    0.01097     0.6583     39.500      1.198  48078.872    30.7201    11.9645      1.187    6.22163    11.9633    23.2738   11.29392 1.4191e+02 0.0000e+00
        160 205.362115    0.01104     0.6625     39.750      1.209  48076.011    30.7180    11.9639      1.198    6.22179    11.9630    23.2723   11.29421 1.4119e+02 0.0000e+00
        161 205.362118    0.01111     0.6667     40.000      1.218  48074.684    30.7170    11.9635      1.207    6.22189    11.9628    23.2716   11.29439 1.4066e+02 0.0000e+00
        162 205.362121    0.01118     0.6708     40.250      1.226  48074.222    30.7166    11.9632      1.215    6.22194    11.9626    23.2714   11.29447 1.4036e+02 0.0000e+00
        163 205.362124    0.01125     0.6750     40.500      1.234  48074.173    30.7166    11.9630      1.222    6.22196    11.9624    23.2714   11.29452 1.4031e+02 0.0000e+00
        164 205.362127    0.01132     0.6792     40.750      1.241  48074.328    30.7166    11.9628      1.229    6.22198    11.9621    23.2715   11.29455 1.4023e+02 0.0000e+00
        165 205.362130    0.01139     0.6833     41.000      1.250  48074.682    30.7169    11.9626      1.238    6.22201    11.9619    23.2717   11.29459 1.3973e+02 0.0000e+00
        166 205.362133    0.01146     0.6875     41.250      1.257  48075.491    30.7174    11.9623      1.245    6.22202    11.9618    23.2722   11.29460 1.3881e+02 0.0000e+00
        167 205.362135    0.01153     0.6917     41.500      1.262  48077.123    30.7185    11.9621      1.250    6.22201    11.9618    23.2731   11.29457 1.3794e+02 0.0000e+00
        168 205.362138    0.01160     0.6958     41.750      1.262  48079.857    30.7205    11.9620      1.250    6.22195    11.9619    23.2746   11.29445 1.3797e+02 0.0000e+00
        169 205.362141    0.01167     0.7000     42.000      1.258  48083.713    30.7232    11.9620      1.246    6.22184    11.9622    23.2767   11.29424 1.3914e+02 0.0000e+00
        170 205.362144    0.01174     0.7042     42.250      1.249  48087.984    30.7263    11.9621      1.237    6.22170    11.9625    23.2790   11.29397 1.4007e+02 0.0000e+00
        171 205.362147    0.01181     0.7083     42.500      1.237  48091.296    30.7286    11.9624      1.225    6.22157    11.9626    23.2808   11.29373 1.3937e+02 0.0000e+00
        172 205.362150    0.01188     0.7125     42.750      1.225  48092.534    30.7295    11.9626      1.214    6.22150    11.9627    23.2815   11.29361 1.3752e+02 0.0000e+00
        173 205.362153    0.01194     0.7167     43.000      1.219  48091.147    30.7286    11.9628      1.208    6.22152    11.9626    23.2807   11.29365 1.3644e+02 0.0000e+00
        174 205.362156    0.01201     0.7208     43.250      1.221  48087.153    30.7257    11.9628      1.209    6.22162    11.9625    23.2785   11.29386 1.3692e+02 0.0000e+00
        175 205.362159    0.01208     0.7250     43.500      1.229  48082.057    30.7221    11.9628      1.218    6.22177    11.9624    23.2757   11.29414 1.3760e+02 0.0000e+00
        176 205.362161    0.01215     0.7292     43.750      1.239  48078.433    30.7196    11.9627      1.228    6.22188    11.9625    23.2737   11.29436 1.3728e+02 0.0000e+00
        177 205.362164    0.01222     0.7333     44.000      1.248  48077.943    30.7192    11.9626      1.237    6.22191    11.9628    23.2735   11.29440 1.3617e+02 0.0000e+00
        178 205.362167    0.01229     0.7375     44.250      1.253  48080.793    30.7212    11.9627      1.241    6.22182    11.9633    23.2750   11.29423 1.3523e+02 0.0000e+00
        179 205.362170    0.01236     0.7417     44.500      1.251  48085.936    30.7249    11.9630      1.239    6.22163    11.9639    23.2778   11.29387 1.3521e+02 0.0000e+00
        180 205.362173    0.01243     0.7458     44.750      1.245  48091.446    30.7288    11.9635      1.233    6.22141    11.9647    23.2808   11.29346 1.3602e+02 0.0000e+00
