CTD-processing/allCTD/CNV--turbid/2014_10-18_t7_s07_cast131.cnv
* Sea-Bird SBE19plus Data File:
* FileName = C:\Users\kris.holderied\Documents\kasitsna\Research-Projects-and-Data\Oceanography-AK\CTD-Data-ALL-to-2014-10\2014-CTD-KachemakBay-CookInlet\2014-10-EVOSTC-CookInlet\2014-10-17-CookInlet-Tran7-Augustine\2014-10-18-CookInlet-Tran7-cast131.hex
* Software Version 1.59
* Temperature SN =  4141
* Conductivity SN =  4141
* System UpLoad Time = Oct 18 2014 20:35:00
** Cook Inlet LTM Tran7 (Augustine) west to east 2ND RUN
** Date: 10-18
** Station: 7-07
** Start time:  14:22
** Depth (m): 59
** Comment:  CTD time is Alaska Daylight time.  R/V Pandalus. Transducer  depth.
** Comment:
# nquan = 16
# nvalues = 566                         
# units = specified
# name 0 = scan: Scan Count
# name 1 = timeJ: Julian Days
# name 2 = timeH: Time, Elapsed [hours]
# name 3 = timeM: Time, Elapsed [minutes]
# name 4 = timeS: Time, Elapsed [seconds]
# name 5 = prdM: Pressure, Strain Gauge [db]
# name 6 = specc: Specific Conductance [uS/cm]
# name 7 = sal00: Salinity, Practical [PSU]
# name 8 = tv290C: Temperature [ITS-90, deg C]
# name 9 = depSM: Depth [salt water, m], lat = 59.00
# name 10 = oxsolML/L: Oxygen Saturation, Garcia & Gordon [ml/l]
# name 11 = potemp090C: Potential Temperature [ITS-90, deg C]
# name 12 = sigma-é00: Density [sigma-theta, kg/m^3]
# name 13 = n2satML/L: Nitrogen Saturation [ml/l]
# name 14 = par: PAR/Irradiance, Biospherical/Licor
# name 15 = flag:  0.000e+00
# span 0 =          1,        566       
# span 1 = 291.599213, 291.600848       
# span 2 =    0.00000,    0.03924       
# span 3 =     0.0000,     2.3542       
# span 4 =      0.000,    141.250       
# span 5 =     -0.301,     60.526       
# span 6 =    387.184,  49843.817       
# span 7 =     0.1813,    31.6009       
# span 8 =     7.8681,    10.2090       
# span 9 =     -0.298,     59.951       
# span 10 =    6.52210,    8.28760      
# span 11 =     7.8681,    10.2081      
# span 12 =    -0.0037,    24.4426      
# span 13 =   11.80334,   15.15918      
# span 14 = 3.6382e-02, 5.7003e+01      
# span 15 = 0.0000e+00, 0.0000e+00      
# interval = seconds: 0.25
# start_time = Oct 18 2014 14:22:52 [Instrument's time stamp, header]
# bad_flag = -9.990e-29
*END*
[from data line 543]
        544 291.600784    0.03771     2.2625    135.750     56.323  49839.770    31.6000     9.1049     55.789    6.58245     9.0988    24.4416   11.88142 3.6382e-02 0.0000e+00
        545 291.600787    0.03778     2.2667    136.000     56.567  49839.909    31.6000     9.1048     56.030    6.58247     9.0986    24.4416   11.88145 3.6382e-02 0.0000e+00
        546 291.600790    0.03785     2.2708    136.250     56.811  49840.069    31.5999     9.1047     56.271    6.58250     9.0983    24.4416   11.88149 3.6382e-02 0.0000e+00
        547 291.600793    0.03792     2.2750    136.500     57.049  49840.348    31.6000     9.1045     56.508    6.58252     9.0981    24.4417   11.88153 3.6382e-02 0.0000e+00
        548 291.600796    0.03799     2.2792    136.750     57.279  49840.724    31.6001     9.1043     56.736    6.58255     9.0979    24.4419   11.88157 3.6382e-02 0.0000e+00
        549 291.600799    0.03806     2.2833    137.000     57.497  49841.177    31.6003     9.1040     56.951    6.58258     9.0978    24.4421   11.88161 3.6382e-02 0.0000e+00
        550 291.600802    0.03812     2.2875    137.250     57.702  49841.594    31.6005     9.1038     57.154    6.58260     9.0978    24.4422   11.88165 3.6382e-02 0.0000e+00
        551 291.600804    0.03819     2.2917    137.500     57.896  49841.865    31.6006     9.1038     57.347    6.58260     9.0979    24.4423   11.88165 3.6382e-02 0.0000e+00
        552 291.600807    0.03826     2.2958    137.750     58.084  49841.945    31.6006     9.1038     57.532    6.58259     9.0980    24.4423   11.88164 3.6382e-02 0.0000e+00
        553 291.600810    0.03833     2.3000    138.000     58.268  49841.870    31.6005     9.1040     57.715    6.58258     9.0980    24.4422   11.88162 3.6382e-02 0.0000e+00
        554 291.600813    0.03840     2.3042    138.250     58.454  49841.806    31.6003     9.1040     57.899    6.58258     9.0979    24.4421   11.88161 3.6382e-02 0.0000e+00
        555 291.600816    0.03847     2.3083    138.500     58.645  49841.904    31.6003     9.1040     58.088    6.58258     9.0978    24.4421   11.88162 3.6382e-02 0.0000e+00
        556 291.600819    0.03854     2.3125    138.750     58.842  49842.141    31.6004     9.1040     58.284    6.58258     9.0977    24.4422   11.88162 3.6382e-02 0.0000e+00
        557 291.600822    0.03861     2.3167    139.000     59.047  49842.363    31.6005     9.1039     58.486    6.58259     9.0976    24.4422   11.88163 3.6382e-02 0.0000e+00
        558 291.600825    0.03868     2.3208    139.250     59.257  49842.550    31.6005     9.1038     58.694    6.58260     9.0974    24.4423   11.88165 3.6382e-02 0.0000e+00
        559 291.600828    0.03875     2.3250    139.500     59.468  49842.781    31.6005     9.1037     58.904    6.58261     9.0973    24.4423   11.88168 3.6382e-02 0.0000e+00
        560 291.600830    0.03882     2.3292    139.750     59.676  49843.029    31.6006     9.1036     59.110    6.58263     9.0972    24.4424   11.88170 3.6382e-02 0.0000e+00
        561 291.600833    0.03889     2.3333    140.000     59.878  49843.264    31.6007     9.1035     59.310    6.58264     9.0972    24.4424   11.88171 3.6382e-02 0.0000e+00
        562 291.600836    0.03896     2.3375    140.250     60.070  49843.505    31.6008     9.1034     59.500    6.58264     9.0972    24.4425   11.88172 3.6382e-02 0.0000e+00
        563 291.600839    0.03903     2.3417    140.500     60.245  49843.712    31.6008     9.1034     59.673    6.58264     9.0972    24.4426   11.88172 3.6382e-02 0.0000e+00
        564 291.600842    0.03910     2.3458    140.750     60.391  49843.812    31.6009     9.1034     59.817    6.58264     9.0972    24.4426   11.88172 3.6382e-02 0.0000e+00
        565 291.600845    0.03917     2.3500    141.000     60.490  49843.817    31.6008     9.1034     59.916    6.58264 -9.990e-29    24.4425   11.88172 3.6382e-02 0.0000e+00
        566 291.600848    0.03924     2.3542    141.250     60.526  49843.803    31.6008     9.1034     59.951    6.58264 -9.990e-29    24.4425   11.88172 3.6382e-02 0.0000e+00
