CTD-processing/allCTD/CNV--turbid/2014_07-22_t3_s02_cast194.cnv
* Sea-Bird SBE19plus Data File:
* FileName = C:\Users\kris.holderied\Documents\kasitsna\Research-Projects-and-Data\Oceanography-AK\CTD-Data-ALL-to-2014-06\2014-CTD-KachemakBay-CookInlet\2014-07-EVOSTC-CookInlet-quarterly\2014-07-22-CookInlet-Tran3-AnchorPt\2014-07-22-CookInlet-Tran3-cast194.hex
* Software Version 1.59
* Temperature SN =  4141
* Conductivity SN =  4141
* System UpLoad Time = Jul 22 2014 17:46:13
** Cook Inlet LTM Transect 3 (Anchor Pt) East to West
** Date: 07-22
** Station: 3-02
** Start time: 14:08
** Depth (m): 29
** Comment:  CTD time is Alaska Daylight time.
** Comment:
# nquan = 16
# nvalues = 465                         
# units = specified
# name 0 = scan: Scan Count
# name 1 = timeJ: Julian Days
# name 2 = timeH: Time, Elapsed [hours]
# name 3 = timeM: Time, Elapsed [minutes]
# name 4 = timeS: Time, Elapsed [seconds]
# name 5 = prdM: Pressure, Strain Gauge [db]
# name 6 = specc: Specific Conductance [uS/cm]
# name 7 = sal00: Salinity, Practical [PSU]
# name 8 = tv290C: Temperature [ITS-90, deg C]
# name 9 = depSM: Depth [salt water, m], lat = 59.00
# name 10 = oxsolML/L: Oxygen Saturation, Garcia & Gordon [ml/l]
# name 11 = potemp090C: Potential Temperature [ITS-90, deg C]
# name 12 = sigma-é00: Density [sigma-theta, kg/m^3]
# name 13 = n2satML/L: Nitrogen Saturation [ml/l]
# name 14 = par: PAR/Irradiance, Biospherical/Licor
# name 15 = flag:  0.000e+00
# span 0 =          1,        465       
# span 1 = 203.589236, 203.590579       
# span 2 =    0.00000,    0.03222       
# span 3 =     0.0000,     1.9333       
# span 4 =      0.000,    116.000       
# span 5 =     -0.077,     30.466       
# span 6 =    937.383,  46181.150       
# span 7 =     0.4578,    29.3262       
# span 8 =    11.5420,    11.9914       
# span 9 =     -0.076,     30.180       
# span 10 =    6.31117,    7.53795      
# span 11 =    11.5384,    11.9914      
# span 12 =    -0.1315,    22.2686      
# span 13 =   11.45962,   13.89035      
# span 14 = 4.9943e-02, 1.0887e+03      
# span 15 = 0.0000e+00, 0.0000e+00      
# interval = seconds: 0.25
# start_time = Jul 22 2014 14:08:30 [Instrument's time stamp, header]
# bad_flag = -9.990e-29
*END*
[from data line 362]
        363 203.590284    0.02514     1.5083     90.500      6.177  46046.719    29.2509    11.6463      6.119    6.32220    11.6252    22.1914   11.47804 7.6389e+00 0.0000e+00
        364 203.590286    0.02521     1.5125     90.750      6.404  46055.614    29.2560    11.6353      6.344    6.32348    11.6179    22.1973   11.48010 6.3551e+00 0.0000e+00
        365 203.590289    0.02528     1.5167     91.000      6.619  46064.129    29.2610    11.6260      6.557    6.32453    11.6127    22.2028   11.48179 5.3917e+00 0.0000e+00
        366 203.590292    0.02535     1.5208     91.250      6.824  46071.273    29.2652    11.6188      6.760    6.32534    11.6090    22.2074   11.48308 4.6548e+00 0.0000e+00
        367 203.590295    0.02542     1.5250     91.500      7.025  46076.629    29.2684    11.6136      6.959    6.32592    11.6065    22.2108   11.48401 4.0749e+00 0.0000e+00
        368 203.590298    0.02549     1.5292     91.750      7.225  46080.389    29.2706    11.6099      7.157    6.32633    11.6047    22.2132   11.48466 3.6026e+00 0.0000e+00
        369 203.590301    0.02556     1.5333     92.000      7.429  46082.922    29.2721    11.6074      7.359    6.32661    11.6034    22.2148   11.48511 3.2021e+00 0.0000e+00
        370 203.590304    0.02562     1.5375     92.250      7.637  46084.648    29.2731    11.6057      7.566    6.32680    11.6022    22.2158   11.48542 2.8503e+00 0.0000e+00
        371 203.590307    0.02569     1.5417     92.500      7.852  46085.867    29.2737    11.6044      7.779    6.32695    11.6010    22.2166   11.48566 2.5343e+00 0.0000e+00
        372 203.590310    0.02576     1.5458     92.750      8.074  46086.745    29.2742    11.6032      7.998    6.32709    11.5996    22.2171   11.48588 2.2455e+00 0.0000e+00
        373 203.590313    0.02583     1.5500     93.000      8.302  46087.566    29.2745    11.6021      8.224    6.32723    11.5979    22.2176   11.48612 1.9776e+00 0.0000e+00
        374 203.590315    0.02590     1.5542     93.250      8.539  46088.692    29.2751    11.6006      8.459    6.32740    11.5960    22.2183   11.48639 1.7262e+00 0.0000e+00
        375 203.590318    0.02597     1.5583     93.500      8.785  46090.306    29.2760    11.5989      8.703    6.32760    11.5943    22.2192   11.48671 1.4887e+00 0.0000e+00
        376 203.590321    0.02604     1.5625     93.750      9.042  46092.236    29.2771    11.5971      8.957    6.32780    11.5928    22.2204   11.48704 1.2652e+00 0.0000e+00
        377 203.590324    0.02611     1.5667     94.000      9.311  46093.997    29.2780    11.5954      9.223    6.32799    11.5909    22.2215   11.48733 1.0576e+00 0.0000e+00
        378 203.590327    0.02618     1.5708     94.250      9.589  46095.281    29.2787    11.5939      9.499    6.32817    11.5882    22.2222   11.48763 8.6936e-01 0.0000e+00
        379 203.590330    0.02625     1.5750     94.500      9.875  46096.621    29.2793    11.5920      9.782    6.32839    11.5850    22.2231   11.48799 7.0501e-01 0.0000e+00
        380 203.590333    0.02632     1.5792     94.750     10.165  46098.898    29.2806    11.5894     10.069    6.32869    11.5814    22.2245   11.48847 5.6675e-01 0.0000e+00
        381 203.590336    0.02639     1.5833     95.000     10.454  46102.242    29.2825    11.5862     10.356    6.32906    11.5781    22.2266   11.48905 4.5369e-01 0.0000e+00
        382 203.590339    0.02646     1.5875     95.250     10.739  46106.145    29.2847    11.5827     10.637    6.32944    11.5753    22.2290   11.48966 3.6359e-01 0.0000e+00
        383 203.590341    0.02653     1.5917     95.500     11.013  46109.959    29.2870    11.5794     10.909    6.32979    11.5731    22.2313   11.49022 2.9415e-01 0.0000e+00
        384 203.590344    0.02660     1.5958     95.750     11.273  46113.218    29.2889    11.5767     11.167    6.33009    11.5713    22.2333   11.49069 2.4245e-01 0.0000e+00
        385 203.590347    0.02667     1.6000     96.000     11.518  46115.848    29.2905    11.5745     11.410    6.33032    11.5698    22.2349   11.49107 2.0450e-01 0.0000e+00
        386 203.590350    0.02674     1.6042     96.250     11.747  46117.945    29.2917    11.5727     11.636    6.33051    11.5686    22.2361   11.49137 1.7619e-01 0.0000e+00
        387 203.590353    0.02681     1.6083     96.500     11.961  46119.651    29.2927    11.5712     11.849    6.33067    11.5676    22.2372   11.49162 1.5451e-01 0.0000e+00
        388 203.590356    0.02688     1.6125     96.750     12.163  46121.132    29.2935    11.5701     12.048    6.33080    11.5669    22.2380   11.49182 1.3750e-01 0.0000e+00
        389 203.590359    0.02694     1.6167     97.000     12.354  46122.426    29.2943    11.5691     12.238    6.33090    11.5663    22.2388   11.49198 1.2387e-01 0.0000e+00
        390 203.590362    0.02701     1.6208     97.250     12.539  46123.488    29.2949    11.5684     12.421    6.33097    11.5659    22.2394   11.49210 1.1280e-01 0.0000e+00
        391 203.590365    0.02708     1.6250     97.500     12.719  46124.309    29.2953    11.5678     12.599    6.33103    11.5656    22.2398   11.49218 1.0372e-01 0.0000e+00
        392 203.590367    0.02715     1.6292     97.750     12.896  46124.918    29.2957    11.5675     12.774    6.33106    11.5651    22.2402   11.49223 9.6241e-02 0.0000e+00
        393 203.590370    0.02722     1.6333     98.000     13.071  46125.457    29.2960    11.5671     12.948    6.33110    11.5645    22.2405   11.49228 9.0046e-02 0.0000e+00
        394 203.590373    0.02729     1.6375     98.250     13.251  46126.162    29.2963    11.5667     13.127    6.33114    11.5636    22.2408   11.49235 8.4719e-02 0.0000e+00
        395 203.590376    0.02736     1.6417     98.500     13.445  46127.148    29.2969    11.5661     13.319    6.33120    11.5627    22.2414   11.49245 7.9881e-02 0.0000e+00
        396 203.590379    0.02743     1.6458     98.750     13.662  46128.328    29.2976    11.5653     13.534    6.33128    11.5618    22.2420   11.49258 7.5374e-02 0.0000e+00
        397 203.590382    0.02750     1.6500     99.000     13.913  46129.616    29.2983    11.5643     13.783    6.33138    11.5610    22.2428   11.49273 7.1270e-02 0.0000e+00
        398 203.590385    0.02757     1.6542     99.250     14.202  46130.938    29.2990    11.5635     14.069    6.33147    11.5603    22.2435   11.49287 6.7568e-02 0.0000e+00
        399 203.590388    0.02764     1.6583     99.500     14.529  46132.174    29.2997    11.5627     14.392    6.33154    11.5597    22.2441   11.49298 6.4187e-02 0.0000e+00
        400 203.590391    0.02771     1.6625     99.750     14.887  46133.309    29.3003    11.5621     14.747    6.33161    11.5592    22.2447   11.49308 6.1118e-02 0.0000e+00
        401 203.590394    0.02778     1.6667    100.000     15.269  46134.389    29.3008    11.5615     15.126    6.33166    11.5586    22.2453   11.49316 5.8386e-02 0.0000e+00
        402 203.590396    0.02785     1.6708    100.250     15.662  46135.533    29.3014    11.5610     15.515    6.33171    11.5579    22.2458   11.49323 5.6019e-02 0.0000e+00
        403 203.590399    0.02792     1.6750    100.500     16.049  46136.897    29.3022    11.5604     15.898    6.33175    11.5570    22.2465   11.49330 5.4178e-02 0.0000e+00
        404 203.590402    0.02799     1.6792    100.750     16.411  46138.604    29.3032    11.5598     16.257    6.33180    11.5559    22.2474   11.49337 5.2918e-02 0.0000e+00
        405 203.590405    0.02806     1.6833    101.000     16.732  46140.640    29.3044    11.5589     16.575    6.33187    11.5548    22.2485   11.49346 5.2061e-02 0.0000e+00
        406 203.590408    0.02813     1.6875    101.250     17.007  46142.741    29.3057    11.5579     16.848    6.33196    11.5539    22.2497   11.49360 5.1524e-02 0.0000e+00
        407 203.590411    0.02819     1.6917    101.500     17.240  46144.581    29.3068    11.5568     17.078    6.33206    11.5533    22.2508   11.49375 5.1236e-02 0.0000e+00
        408 203.590414    0.02826     1.6958    101.750     17.436  46145.964    29.3076    11.5559     17.272    6.33214    11.5529    22.2516   11.49389 5.1063e-02 0.0000e+00
        409 203.590417    0.02833     1.7000    102.000     17.603  46146.836    29.3081    11.5553     17.438    6.33221    11.5528    22.2521   11.49399 5.0932e-02 0.0000e+00
        410 203.590420    0.02840     1.7042    102.250     17.753  46147.285    29.3083    11.5550     17.587    6.33224    11.5527    22.2523   11.49404 5.0819e-02 0.0000e+00
        411 203.590422    0.02847     1.7083    102.500     17.898  46147.549    29.3085    11.5549     17.731    6.33225    11.5525    22.2524   11.49405 5.0718e-02 0.0000e+00
        412 203.590425    0.02854     1.7125    102.750     18.052  46147.874    29.3086    11.5549     17.883    6.33225    11.5520    22.2526   11.49405 5.0640e-02 0.0000e+00
        413 203.590428    0.02861     1.7167    103.000     18.224  46148.495    29.3090    11.5546     18.053    6.33226    11.5514    22.2529   11.49408 5.0603e-02 0.0000e+00
        414 203.590431    0.02868     1.7208    103.250     18.421  46149.649    29.3097    11.5542     18.248    6.33229    11.5505    22.2535   11.49411 5.0535e-02 0.0000e+00
        415 203.590434    0.02875     1.7250    103.500     18.648  46151.385    29.3108    11.5536     18.473    6.33233    11.5494    22.2544   11.49417 5.0447e-02 0.0000e+00
        416 203.590437    0.02882     1.7292    103.750     18.906  46153.520    29.3121    11.5527     18.728    6.33240    11.5483    22.2556   11.49427 5.0486e-02 0.0000e+00
        417 203.590440    0.02889     1.7333    104.000     19.191  46155.745    29.3134    11.5516     19.010    6.33250    11.5474    22.2568   11.49441 5.0540e-02 0.0000e+00
        418 203.590443    0.02896     1.7375    104.250     19.496  46157.709    29.3145    11.5505     19.313    6.33259    11.5468    22.2579   11.49455 5.0438e-02 0.0000e+00
        419 203.590446    0.02903     1.7417    104.500     19.813  46159.173    29.3154    11.5497     19.627    6.33267    11.5463    22.2587   11.49468 5.0274e-02 0.0000e+00
        420 203.590448    0.02910     1.7458    104.750     20.131  46160.209    29.3159    11.5491     19.942    6.33273    11.5461    22.2593   11.49477 5.0160e-02 0.0000e+00
        421 203.590451    0.02917     1.7500    105.000     20.439  46160.984    29.3163    11.5487     20.248    6.33277    11.5459    22.2596   11.49482 5.0119e-02 0.0000e+00
        422 203.590454    0.02924     1.7542    105.250     20.729  46161.560    29.3166    11.5485     20.535    6.33279    11.5457    22.2599   11.49486 5.0134e-02 0.0000e+00
        423 203.590457    0.02931     1.7583    105.500     20.999  46161.995    29.3168    11.5483     20.802    6.33281    11.5456    22.2601   11.49488 5.0159e-02 0.0000e+00
        424 203.590460    0.02937     1.7625    105.750     21.248  46162.338    29.3169    11.5482     21.048    6.33281    11.5454    22.2602   11.49489 5.0151e-02 0.0000e+00
        425 203.590463    0.02944     1.7667    106.000     21.480  46162.616    29.3170    11.5481     21.278    6.33282    11.5453    22.2603   11.49491 5.0118e-02 0.0000e+00
        426 203.590466    0.02951     1.7708    106.250     21.699  46162.920    29.3171    11.5480     21.495    6.33283    11.5452    22.2604   11.49492 5.0107e-02 0.0000e+00
        427 203.590469    0.02958     1.7750    106.500     21.913  46163.327    29.3173    11.5479     21.707    6.33284    11.5450    22.2606   11.49493 5.0138e-02 0.0000e+00
        428 203.590472    0.02965     1.7792    106.750     22.126  46163.797    29.3176    11.5478     21.918    6.33285    11.5448    22.2608   11.49494 5.0198e-02 0.0000e+00
        429 203.590475    0.02972     1.7833    107.000     22.343  46164.279    29.3178    11.5476     22.133    6.33286    11.5446    22.2610   11.49495 5.0291e-02 0.0000e+00
        430 203.590477    0.02979     1.7875    107.250     22.566  46164.752    29.3181    11.5475     22.354    6.33287    11.5445    22.2612   11.49497 5.0383e-02 0.0000e+00
        431 203.590480    0.02986     1.7917    107.500     22.798  46165.195    29.3183    11.5473     22.584    6.33288    11.5443    22.2614   11.49498 5.0352e-02 0.0000e+00
        432 203.590483    0.02993     1.7958    107.750     23.038  46165.669    29.3185    11.5472     22.821    6.33289    11.5441    22.2616   11.49500 5.0214e-02 0.0000e+00
        433 203.590486    0.03000     1.8000    108.000     23.284  46166.207    29.3187    11.5470     23.065    6.33290    11.5439    22.2619   11.49502 5.0121e-02 0.0000e+00
        434 203.590489    0.03007     1.8042    108.250     23.534  46166.790    29.3190    11.5469     23.313    6.33291    11.5436    22.2621   11.49503 5.0067e-02 0.0000e+00
        435 203.590492    0.03014     1.8083    108.500     23.782  46167.451    29.3194    11.5467     23.558    6.33292    11.5433    22.2624   11.49504 4.9989e-02 0.0000e+00
        436 203.590495    0.03021     1.8125    108.750     24.024  46168.233    29.3198    11.5465     23.798    6.33293    11.5430    22.2628   11.49506 4.9943e-02 0.0000e+00
        437 203.590498    0.03028     1.8167    109.000     24.257  46169.046    29.3203    11.5462     24.029    6.33295    11.5427    22.2632   11.49509 4.9990e-02 0.0000e+00
        438 203.590501    0.03035     1.8208    109.250     24.481  46169.712    29.3206    11.5459     24.251    6.33298    11.5426    22.2635   11.49513 5.0071e-02 0.0000e+00
        439 203.590503    0.03042     1.8250    109.500     24.698  46170.177    29.3208    11.5457     24.466    6.33300    11.5425    22.2638   11.49516 5.0104e-02 0.0000e+00
        440 203.590506    0.03049     1.8292    109.750     24.912  46170.442    29.3209    11.5455     24.678    6.33302    11.5425    22.2639   11.49518 5.0086e-02 0.0000e+00
        441 203.590509    0.03056     1.8333    110.000     25.128  46170.550    29.3209    11.5455     24.892    6.33302    11.5425    22.2639   11.49519 5.0056e-02 0.0000e+00
        442 203.590512    0.03062     1.8375    110.250     25.352  46170.638    29.3209    11.5455     25.114    6.33302    11.5425    22.2638   11.49519 5.0072e-02 0.0000e+00
        443 203.590515    0.03069     1.8417    110.500     25.589  46170.819    29.3209    11.5455     25.348    6.33301    11.5423    22.2639   11.49518 5.0081e-02 0.0000e+00
        444 203.590518    0.03076     1.8458    110.750     25.844  46171.190    29.3211    11.5455     25.601    6.33301    11.5421    22.2640   11.49517 5.0036e-02 0.0000e+00
        445 203.590521    0.03083     1.8500    111.000     26.119  46171.805    29.3214    11.5454     25.874    6.33302    11.5418    22.2643   11.49517 5.0064e-02 0.0000e+00
        446 203.590524    0.03090     1.8542    111.250     26.415  46172.557    29.3218    11.5452     26.167    6.33302    11.5416    22.2646   11.49518 5.0205e-02 0.0000e+00
        447 203.590527    0.03097     1.8583    111.500     26.727  46173.229    29.3222    11.5450     26.475    6.33304    11.5414    22.2649   11.49521 5.0322e-02 0.0000e+00
        448 203.590530    0.03104     1.8625    111.750     27.048  46173.727    29.3224    11.5447     26.793    6.33306    11.5412    22.2651   11.49524 5.0407e-02 0.0000e+00
        449 203.590532    0.03111     1.8667    112.000     27.371  46174.213    29.3226    11.5446     27.113    6.33308    11.5410    22.2653   11.49526 5.0561e-02 0.0000e+00
        450 203.590535    0.03118     1.8708    112.250     27.685  46174.931    29.3229    11.5445     27.425    6.33308    11.5406    22.2656   11.49527 5.0682e-02 0.0000e+00
        451 203.590538    0.03125     1.8750    112.500     27.983  46175.865    29.3235    11.5442     27.719    6.33309    11.5402    22.2661   11.49528 5.0612e-02 0.0000e+00
