CTD-processing/allCTD/CNV--turbid/2014_11-25_t9_s08_cast155.cnv
* Sea-Bird SBE19plus Data File:
* FileName = C:\Users\kris.holderied\Documents\kasitsna\Research-Projects-and-Data\Oceanography-AK\CTD-Data-ALL-to-2014-10\2014-CTD-KachemakBay-CookInlet\2014-11-25-CookInlet-HomerSpit-monthly\2014-11-25-CookInlet-Tran9-cast155.hex
* Software Version 1.59
* Temperature SN =  4141
* Conductivity SN =  4141
* System UpLoad Time = Dec 16 2014 19:36:18
** Cook Inlet LTM Tran9 (Homer Spit)
** Date: 11-25
** Station: 9-08
** Start time:  14:55
** Depth (m): 93
** Comment:  CTD time was left on AKDT by mistake and is one hour ahead of local Alaska Standard time.
** Comment: On Kasitsna Bay Lab R/V Banacle.
# nquan = 16
# nvalues = 668                         
# units = specified
# name 0 = scan: Scan Count
# name 1 = timeJ: Julian Days
# name 2 = timeH: Time, Elapsed [hours]
# name 3 = timeM: Time, Elapsed [minutes]
# name 4 = timeS: Time, Elapsed [seconds]
# name 5 = prdM: Pressure, Strain Gauge [db]
# name 6 = specc: Specific Conductance [uS/cm]
# name 7 = sal00: Salinity, Practical [PSU]
# name 8 = tv290C: Temperature [ITS-90, deg C]
# name 9 = depSM: Depth [salt water, m], lat = 59.00
# name 10 = oxsolML/L: Oxygen Saturation, Garcia & Gordon [ml/l]
# name 11 = potemp090C: Potential Temperature [ITS-90, deg C]
# name 12 = sigma-é00: Density [sigma-theta, kg/m^3]
# name 13 = n2satML/L: Nitrogen Saturation [ml/l]
# name 14 = par: PAR/Irradiance, Biospherical/Licor
# name 15 = flag:  0.000e+00
# span 0 =          1,        668       
# span 1 = 329.664630, 329.666560       
# span 2 =    0.00000,    0.04632       
# span 3 =     0.0000,     2.7792       
# span 4 =      0.000,    166.750       
# span 5 =      0.045,     86.691       
# span 6 =   2122.778,  48749.249       
# span 7 =     1.0642,    30.7796       
# span 8 =     6.7330,     8.8031       
# span 9 =      0.044,     85.862       
# span 10 =    6.66217,    8.43312      
# span 11 =     6.7329,     8.7944      
# span 12 =     0.7491,    23.8463      
# span 13 =   12.02336,   15.39266      
# span 14 = 3.6382e-02, 6.9050e+01      
# span 15 = 0.0000e+00, 0.0000e+00      
# interval = seconds: 0.25
# start_time = Nov 25 2014 15:57:04 [Instrument's time stamp, header]
# bad_flag = -9.990e-29
*END*
[from data line 543]
        544 329.666201    0.03771     2.2625    135.750     57.418  48569.837    30.6527     8.7091     56.874    6.68166     8.7116    23.7604   12.05719 3.6382e-02 0.0000e+00
        545 329.666204    0.03778     2.2667    136.000     57.686  48570.893    30.6540     8.7137     57.139    6.68093     8.7145    23.7607   12.05595 3.6382e-02 0.0000e+00
        546 329.666207    0.03785     2.2708    136.250     57.957  48571.744    30.6550     8.7174     57.407    6.68033     8.7167    23.7610   12.05496 3.6382e-02 0.0000e+00
        547 329.666209    0.03792     2.2750    136.500     58.230  48572.643    30.6559     8.7202     57.678    6.67987     8.7185    23.7612   12.05418 3.6382e-02 0.0000e+00
        548 329.666212    0.03799     2.2792    136.750     58.506  48573.378    30.6566     8.7225     57.950    6.67950     8.7199    23.7615   12.05356 3.6382e-02 0.0000e+00
        549 329.666215    0.03806     2.2833    137.000     58.780  48573.987    30.6572     8.7243     58.222    6.67920     8.7211    23.7617   12.05306 3.6382e-02 0.0000e+00
        550 329.666218    0.03812     2.2875    137.250     59.052  48574.734    30.6578     8.7258     58.491    6.67896     8.7220    23.7619   12.05265 3.6382e-02 0.0000e+00
        551 329.666221    0.03819     2.2917    137.500     59.319  48575.622    30.6585     8.7270     58.756    6.67875     8.7229    23.7623   12.05230 3.6382e-02 0.0000e+00
        552 329.666224    0.03826     2.2958    137.750     59.584  48576.430    30.6591     8.7280     59.018    6.67858     8.7236    23.7626   12.05200 3.6382e-02 0.0000e+00
        553 329.666227    0.03833     2.3000    138.000     59.848  48577.079    30.6596     8.7288     59.280    6.67843     8.7242    23.7628   12.05175 3.6382e-02 0.0000e+00
        554 329.666230    0.03840     2.3042    138.250     60.112  48577.619    30.6599     8.7296     59.542    6.67830     8.7246    23.7630   12.05153 3.6382e-02 0.0000e+00
        555 329.666233    0.03847     2.3083    138.500     60.376  48578.081    30.6602     8.7302     59.803    6.67820     8.7250    23.7632   12.05136 3.6382e-02 0.0000e+00
        556 329.666236    0.03854     2.3125    138.750     60.638  48578.479    30.6604     8.7307     60.062    6.67811     8.7252    23.7633   12.05122 3.6382e-02 0.0000e+00
        557 329.666238    0.03861     2.3167    139.000     60.899  48578.922    30.6607     8.7310     60.321    6.67805     8.7253    23.7635   12.05111 3.6382e-02 0.0000e+00
        558 329.666241    0.03868     2.3208    139.250     61.160  48579.428    30.6610     8.7313     60.580    6.67800     8.7253    23.7636   12.05102 3.6382e-02 0.0000e+00
        559 329.666244    0.03875     2.3250    139.500     61.421  48579.894    30.6612     8.7314     60.838    6.67796     8.7253    23.7638   12.05096 3.6382e-02 0.0000e+00
        560 329.666247    0.03882     2.3292    139.750     61.681  48580.351    30.6614     8.7315     61.095    6.67795     8.7253    23.7639   12.05093 3.6382e-02 0.0000e+00
        561 329.666250    0.03889     2.3333    140.000     61.935  48580.860    30.6617     8.7315     61.347    6.67794     8.7252    23.7641   12.05091 3.6382e-02 0.0000e+00
        562 329.666253    0.03896     2.3375    140.250     62.183  48581.424    30.6619     8.7314     61.592    6.67793     8.7251    23.7644   12.05089 3.6382e-02 0.0000e+00
        563 329.666256    0.03903     2.3417    140.500     62.423  48582.193    30.6624     8.7314     61.829    6.67792     8.7250    23.7647   12.05087 3.6382e-02 0.0000e+00
        564 329.666259    0.03910     2.3458    140.750     62.655  48583.416    30.6631     8.7314     62.060    6.67789     8.7250    23.7653   12.05083 3.6382e-02 0.0000e+00
        565 329.666262    0.03917     2.3500    141.000     62.884  48585.167    30.6642     8.7313     62.286    6.67785     8.7250    23.7662   12.05075 3.6382e-02 0.0000e+00
        566 329.666264    0.03924     2.3542    141.250     63.111  48587.357    30.6657     8.7312     62.511    6.67780     8.7250    23.7673   12.05063 3.6382e-02 0.0000e+00
        567 329.666267    0.03931     2.3583    141.500     63.339  48589.969    30.6674     8.7312     62.737    6.67772     8.7249    23.7687   12.05049 3.6382e-02 0.0000e+00
        568 329.666270    0.03938     2.3625    141.750     63.571  48592.816    30.6693     8.7312     62.967    6.67764     8.7247    23.7702   12.05033 3.6382e-02 0.0000e+00
        569 329.666273    0.03944     2.3667    142.000     63.808  48595.461    30.6711     8.7312     63.202    6.67757     8.7245    23.7715   12.05019 3.6382e-02 0.0000e+00
        570 329.666276    0.03951     2.3708    142.250     64.050  48597.864    30.6726     8.7310     63.441    6.67753     8.7241    23.7728   12.05010 3.6382e-02 0.0000e+00
        571 329.666279    0.03958     2.3750    142.500     64.295  48600.399    30.6742     8.7308     63.684    6.67749     8.7239    23.7741   12.05002 3.6382e-02 0.0000e+00
        572 329.666282    0.03965     2.3792    142.750     64.545  48603.711    30.6764     8.7305     63.931    6.67744     8.7242    23.7759   12.04992 3.6382e-02 0.0000e+00
        573 329.666285    0.03972     2.3833    143.000     64.797  48608.366    30.6795     8.7304     64.181    6.67733     8.7250    23.7783   12.04969 3.6382e-02 0.0000e+00
        574 329.666288    0.03979     2.3875    143.250     65.053  48613.865    30.6833     8.7306     64.434    6.67713     8.7264    23.7813   12.04931 3.6382e-02 0.0000e+00
        575 329.666291    0.03986     2.3917    143.500     65.311  48619.294    30.6871     8.7315     64.690    6.67683     8.7282    23.7841   12.04876 3.6382e-02 0.0000e+00
        576 329.666293    0.03993     2.3958    143.750     65.571  48624.302    30.6907     8.7330     64.947    6.67646     8.7301    23.7867   12.04810 3.6382e-02 0.0000e+00
        577 329.666296    0.04000     2.4000    144.000     65.830  48628.658    30.6939     8.7348     65.204    6.67605     8.7318    23.7890   12.04739 3.6382e-02 0.0000e+00
        578 329.666299    0.04007     2.4042    144.250     66.087  48632.339    30.6966     8.7367     65.458    6.67565     8.7333    23.7908   12.04669 3.6382e-02 0.0000e+00
        579 329.666302    0.04014     2.4083    144.500     66.339  48635.665    30.6991     8.7384     65.709    6.67528     8.7345    23.7925   12.04605 3.6382e-02 0.0000e+00
        580 329.666305    0.04021     2.4125    144.750     66.588  48638.564    30.7013     8.7399     65.954    6.67496     8.7354    23.7939   12.04550 3.6382e-02 0.0000e+00
        581 329.666308    0.04028     2.4167    145.000     66.833  48640.641    30.7028     8.7411     66.197    6.67472     8.7360    23.7949   12.04507 3.6382e-02 0.0000e+00
        582 329.666311    0.04035     2.4208    145.250     67.078  48641.946    30.7037     8.7421     66.439    6.67454     8.7364    23.7955   12.04477 3.6382e-02 0.0000e+00
        583 329.666314    0.04042     2.4250    145.500     67.323  48642.913    30.7044     8.7427     66.683    6.67441     8.7366    23.7960   12.04456 3.6382e-02 0.0000e+00
        584 329.666317    0.04049     2.4292    145.750     67.571  48643.855    30.7050     8.7431     66.928    6.67433     8.7368    23.7964   12.04441 3.6382e-02 0.0000e+00
        585 329.666319    0.04056     2.4333    146.000     67.819  48644.872    30.7056     8.7433     67.174    6.67426     8.7370    23.7969   12.04430 3.6382e-02 0.0000e+00
        586 329.666322    0.04063     2.4375    146.250     68.066  48645.977    30.7063     8.7435     67.418    6.67420     8.7373    23.7974   12.04418 3.6382e-02 0.0000e+00
        587 329.666325    0.04069     2.4417    146.500     68.310  48647.027    30.7070     8.7438     67.660    6.67413     8.7376    23.7979   12.04406 3.6382e-02 0.0000e+00
        588 329.666328    0.04076     2.4458    146.750     68.551  48647.909    30.7075     8.7441     67.899    6.67407     8.7379    23.7983   12.04394 3.6382e-02 0.0000e+00
        589 329.666331    0.04083     2.4500    147.000     68.791  48648.804    30.7081     8.7444     68.137    6.67400     8.7383    23.7986   12.04382 3.6382e-02 0.0000e+00
        590 329.666334    0.04090     2.4542    147.250     69.033  48649.949    30.7088     8.7447     68.377    6.67391     8.7388    23.7992   12.04367 3.6382e-02 0.0000e+00
        591 329.666337    0.04097     2.4583    147.500     69.278  48651.514    30.7099     8.7452     68.619    6.67380     8.7394    23.7999   12.04347 3.6382e-02 0.0000e+00
        592 329.666340    0.04104     2.4625    147.750     69.524  48653.356    30.7112     8.7457     68.863    6.67367     8.7402    23.8009   12.04323 3.6382e-02 0.0000e+00
        593 329.666343    0.04111     2.4667    148.000     69.769  48655.022    30.7123     8.7464     69.105    6.67352     8.7409    23.8017   12.04297 3.6382e-02 0.0000e+00
        594 329.666345    0.04118     2.4708    148.250     70.010  48656.407    30.7133     8.7472     69.344    6.67336     8.7417    23.8023   12.04270 3.6382e-02 0.0000e+00
        595 329.666348    0.04125     2.4750    148.500     70.247  48657.802    30.7143     8.7480     69.579    6.67320     8.7425    23.8030   12.04243 3.6382e-02 0.0000e+00
        596 329.666351    0.04132     2.4792    148.750     70.485  48659.482    30.7155     8.7488     69.814    6.67303     8.7434    23.8038   12.04213 3.6382e-02 0.0000e+00
        597 329.666354    0.04139     2.4833    149.000     70.724  48661.574    30.7170     8.7496     70.051    6.67284     8.7444    23.8048   12.04180 3.6382e-02 0.0000e+00
        598 329.666357    0.04146     2.4875    149.250     70.965  48664.169    30.7188     8.7505     70.290    6.67263     8.7456    23.8062   12.04142 3.6382e-02 0.0000e+00
        599 329.666360    0.04153     2.4917    149.500     71.210  48667.545    30.7212     8.7515     70.532    6.67237     8.7471    23.8079   12.04096 3.6382e-02 0.0000e+00
        600 329.666363    0.04160     2.4958    149.750     71.455  48672.213    30.7245     8.7527     70.775    6.67204     8.7491    23.8103   12.04038 3.6382e-02 0.0000e+00
        601 329.666366    0.04167     2.5000    150.000     71.701  48678.556    30.7291     8.7542     71.018    6.67162     8.7516    23.8136   12.03962 3.6382e-02 0.0000e+00
        602 329.666369    0.04174     2.5042    150.250     71.947  48685.701    30.7343     8.7562     71.262    6.67110     8.7543    23.8174   12.03870 3.6382e-02 0.0000e+00
        603 329.666372    0.04181     2.5083    150.500     72.195  48691.456    30.7385     8.7587     71.507    6.67054     8.7569    23.8204   12.03772 3.6382e-02 0.0000e+00
        604 329.666374    0.04188     2.5125    150.750     72.447  48694.701    30.7411     8.7615     71.757    6.67001     8.7592    23.8220   12.03682 3.6382e-02 0.0000e+00
        605 329.666377    0.04194     2.5167    151.000     72.704  48696.282    30.7424     8.7642     72.012    6.66955     8.7611    23.8227   12.03604 3.6382e-02 0.0000e+00
        606 329.666380    0.04201     2.5208    151.250     72.965  48697.251    30.7433     8.7665     72.270    6.66917     8.7626    23.8230   12.03540 3.6382e-02 0.0000e+00
        607 329.666383    0.04208     2.5250    151.500     73.228  48697.944    30.7440     8.7684     72.530    6.66886     8.7638    23.8232   12.03488 3.6382e-02 0.0000e+00
        608 329.666386    0.04215     2.5292    151.750     73.490  48698.716    30.7446     8.7699     72.791    6.66860     8.7649    23.8235   12.03444 3.6382e-02 0.0000e+00
        609 329.666389    0.04222     2.5333    152.000     73.752  48700.020    30.7456     8.7712     73.050    6.66837     8.7660    23.8241   12.03404 3.6382e-02 0.0000e+00
        610 329.666392    0.04229     2.5375    152.250     74.014  48701.899    30.7470     8.7723     73.309    6.66815     8.7670    23.8250   12.03365 3.6382e-02 0.0000e+00
        611 329.666395    0.04236     2.5417    152.500     74.277  48703.991    30.7485     8.7734     73.569    6.66792     8.7680    23.8260   12.03326 3.6382e-02 0.0000e+00
        612 329.666398    0.04243     2.5458    152.750     74.540  48705.808    30.7498     8.7744     73.829    6.66770     8.7689    23.8269   12.03289 3.6382e-02 0.0000e+00
        613 329.666400    0.04250     2.5500    153.000     74.804  48707.686    30.7511     8.7754     74.091    6.66750     8.7698    23.8278   12.03253 3.6382e-02 0.0000e+00
        614 329.666403    0.04257     2.5542    153.250     75.068  48710.644    30.7532     8.7764     74.353    6.66727     8.7709    23.8293   12.03212 3.6382e-02 0.0000e+00
        615 329.666406    0.04264     2.5583    153.500     75.330  48714.913    30.7562     8.7773     74.612    6.66700     8.7721    23.8315   12.03164 3.6382e-02 0.0000e+00
        616 329.666409    0.04271     2.5625    153.750     75.588  48719.411    30.7594     8.7784     74.868    6.66670     8.7734    23.8338   12.03110 3.6382e-02 0.0000e+00
        617 329.666412    0.04278     2.5667    154.000     75.843  48723.024    30.7620     8.7797     75.120    6.66640     8.7745    23.8357   12.03057 3.6382e-02 0.0000e+00
        618 329.666415    0.04285     2.5708    154.250     76.095  48725.714    30.7639     8.7810     75.370    6.66612     8.7756    23.8371   12.03009 3.6382e-02 0.0000e+00
        619 329.666418    0.04292     2.5750    154.500     76.347  48727.894    30.7655     8.7821     75.620    6.66588     8.7766    23.8381   12.02967 3.6382e-02 0.0000e+00
        620 329.666421    0.04299     2.5792    154.750     76.598  48729.704    30.7669     8.7832     75.869    6.66566     8.7775    23.8390   12.02929 3.6382e-02 0.0000e+00
        621 329.666424    0.04306     2.5833    155.000     76.849  48731.312    30.7680     8.7843     76.116    6.66545     8.7785    23.8397   12.02894 3.6382e-02 0.0000e+00
        622 329.666427    0.04312     2.5875    155.250     77.096  48733.275    30.7694     8.7852     76.361    6.66525     8.7797    23.8407   12.02858 3.6382e-02 0.0000e+00
        623 329.666429    0.04319     2.5917    155.500     77.340  48735.857    30.7713     8.7863     76.603    6.66501     8.7811    23.8420   12.02817 3.6382e-02 0.0000e+00
        624 329.666432    0.04326     2.5958    155.750     77.581  48738.465    30.7732     8.7875     76.841    6.66475     8.7826    23.8433   12.02772 3.6382e-02 0.0000e+00
        625 329.666435    0.04333     2.6000    156.000     77.818  48740.278    30.7746     8.7889     77.076    6.66448     8.7839    23.8442   12.02726 3.6382e-02 0.0000e+00
        626 329.666438    0.04340     2.6042    156.250     78.054  48740.986    30.7752     8.7904     77.310    6.66424     8.7849    23.8444   12.02684 3.6382e-02 0.0000e+00
        627 329.666441    0.04347     2.6083    156.500     78.290  48740.776    30.7751     8.7917     77.544    6.66404     8.7856    23.8442   12.02652 3.6382e-02 0.0000e+00
        628 329.666444    0.04354     2.6125    156.750     78.528  48739.937    30.7746     8.7928     77.779    6.66391     8.7859    23.8436   12.02630 3.6382e-02 0.0000e+00
        629 329.666447    0.04361     2.6167    157.000     78.768  48738.894    30.7738     8.7935     78.017    6.66383     8.7861    23.8429   12.02618 3.6382e-02 0.0000e+00
        630 329.666450    0.04368     2.6208    157.250     79.012  48738.318    30.7734     8.7938     78.258    6.66380     8.7862    23.8425   12.02613 3.6382e-02 0.0000e+00
        631 329.666453    0.04375     2.6250    157.500     79.257  48738.550    30.7734     8.7940     78.501    6.66377     8.7864    23.8426   12.02608 3.6382e-02 0.0000e+00
        632 329.666455    0.04382     2.6292    157.750     79.503  48739.351    30.7739     8.7941     78.745    6.66373     8.7867    23.8429   12.02601 3.6382e-02 0.0000e+00
