CTD-processing/allCTD/CNV--turbid/2014_10-19_t9_s03_cast145.cnv
* Sea-Bird SBE19plus Data File:
* FileName = C:\Users\kris.holderied\Documents\kasitsna\Research-Projects-and-Data\Oceanography-AK\CTD-Data-ALL-to-2014-10\2014-CTD-KachemakBay-CookInlet\2014-10-EVOSTC-CookInlet\2014-10-19-CookInlet-Tran9-HomerSpit\2014-10-19-CookInlet-Tran9-cast145.hex
* Software Version 1.59
* Temperature SN =  4141
* Conductivity SN =  4141
* System UpLoad Time = Nov 25 2014 12:48:46
** Cook Inlet LTM Tran9 (Homer Spit) south to north
** Date: 10-19
** Station: 9-03
** Start time:  10:27
** Depth (m): 94
** Comment:  CTD time is Alaska Daylight time.  R/V Pandalus. Transducer  depth.
** Comment:
# nquan = 16
# nvalues = 796                         
# units = specified
# name 0 = scan: Scan Count
# name 1 = timeJ: Julian Days
# name 2 = timeH: Time, Elapsed [hours]
# name 3 = timeM: Time, Elapsed [minutes]
# name 4 = timeS: Time, Elapsed [seconds]
# name 5 = prdM: Pressure, Strain Gauge [db]
# name 6 = specc: Specific Conductance [uS/cm]
# name 7 = sal00: Salinity, Practical [PSU]
# name 8 = tv290C: Temperature [ITS-90, deg C]
# name 9 = depSM: Depth [salt water, m], lat = 59.00
# name 10 = oxsolML/L: Oxygen Saturation, Garcia & Gordon [ml/l]
# name 11 = potemp090C: Potential Temperature [ITS-90, deg C]
# name 12 = sigma-é00: Density [sigma-theta, kg/m^3]
# name 13 = n2satML/L: Nitrogen Saturation [ml/l]
# name 14 = par: PAR/Irradiance, Biospherical/Licor
# name 15 = flag:  0.000e+00
# span 0 =          1,        796       
# span 1 = 292.435579, 292.437879       
# span 2 =    0.00000,    0.05521       
# span 3 =     0.0000,     3.3125       
# span 4 =      0.000,    198.750       
# span 5 =     -0.329,     95.926       
# span 6 =   2478.984,  48686.943       
# span 7 =     1.2555,    30.8564       
# span 8 =     8.4826,     9.7399       
# span 9 =     -0.326,     95.008       
# span 10 =    6.52398,    8.07859      
# span 11 =     8.4825,     9.7360      
# span 12 =     0.7933,    23.7644      
# span 13 =   11.79356,   14.78894      
# span 14 = 3.6382e-02, 4.2392e+01      
# span 15 = 0.0000e+00, 0.0000e+00      
# interval = seconds: 0.25
# start_time = Oct 19 2014 10:27:14 [Instrument's time stamp, header]
# bad_flag = -9.990e-29
*END*
[from data line 272]
        273 292.436366    0.01889     1.1333     68.000      0.951  46035.816    28.8976     8.6080      0.942    6.77349     8.6008    22.4010   12.23096 1.6246e+01 0.0000e+00
        274 292.436369    0.01896     1.1375     68.250      0.958  46042.914    28.9020     8.6034      0.949    6.77399     8.6003    22.4050   12.23175 1.5991e+01 0.0000e+00
        275 292.436372    0.01903     1.1417     68.500      0.956  46053.107    28.9087     8.6009      0.947    6.77408     8.6015    22.4107   12.23181 1.6113e+01 0.0000e+00
        276 292.436374    0.01910     1.1458     68.750      0.947  46063.936    28.9162     8.6004      0.939    6.77383     8.6037    22.4166   12.23130 1.6712e+01 0.0000e+00
        277 292.436377    0.01917     1.1500     69.000      0.933  46073.063    28.9227     8.6016      0.925    6.77337     8.6066    22.4215   12.23045 1.7198e+01 0.0000e+00
        278 292.436380    0.01924     1.1542     69.250      0.915  46081.297    28.9287     8.6038      0.906    6.77276     8.6099    22.4259   12.22937 1.7554e+01 0.0000e+00
        279 292.436383    0.01931     1.1583     69.500      0.894  46089.850    28.9350     8.6067      0.886    6.77205     8.6135    22.4304   12.22811 1.7879e+01 0.0000e+00
        280 292.436386    0.01938     1.1625     69.750      0.874  46097.544    28.9408     8.6100      0.866    6.77129     8.6169    22.4344   12.22678 1.7846e+01 0.0000e+00
        281 292.436389    0.01944     1.1667     70.000      0.857  46103.136    28.9451     8.6136      0.849    6.77056     8.6200    22.4374   12.22552 1.7681e+01 0.0000e+00
        282 292.436392    0.01951     1.1708     70.250      0.846  46107.121    28.9484     8.6170      0.838    6.76989     8.6228    22.4394   12.22436 1.7748e+01 0.0000e+00
        283 292.436395    0.01958     1.1750     70.500      0.840  46111.124    28.9516     8.6201      0.832    6.76927     8.6254    22.4415   12.22330 1.7650e+01 0.0000e+00
        284 292.436398    0.01965     1.1792     70.750      0.837  46115.599    28.9551     8.6229      0.829    6.76869     8.6278    22.4438   12.22230 1.7307e+01 0.0000e+00
        285 292.436400    0.01972     1.1833     71.000      0.834  46118.696    28.9576     8.6255      0.827    6.76819     8.6298    22.4454   12.22143 1.7116e+01 0.0000e+00
        286 292.436403    0.01979     1.1875     71.250      0.829  46119.598    28.9585     8.6279      0.822    6.76778     8.6313    22.4458   12.22075 1.7065e+01 0.0000e+00
        287 292.436406    0.01986     1.1917     71.500      0.821  46119.828    28.9589     8.6299      0.814    6.76746     8.6326    22.4458   12.22021 1.6886e+01 0.0000e+00
        288 292.436409    0.01993     1.1958     71.750      0.812  46121.018    28.9600     8.6314      0.805    6.76718     8.6338    22.4464   12.21973 1.6637e+01 0.0000e+00
        289 292.436412    0.02000     1.2000     72.000      0.804  46123.287    28.9617     8.6326      0.797    6.76691     8.6348    22.4476   12.21926 1.6643e+01 0.0000e+00
        290 292.436415    0.02007     1.2042     72.250      0.801  46124.832    28.9629     8.6338      0.794    6.76668     8.6354    22.4484   12.21886 1.6685e+01 0.0000e+00
        291 292.436418    0.02014     1.2083     72.500      0.808  46123.548    28.9622     8.6349      0.800    6.76655     8.6353    22.4476   12.21866 1.6337e+01 0.0000e+00
        292 292.436421    0.02021     1.2125     72.750      0.826  46119.544    28.9595     8.6355      0.818    6.76658     8.6346    22.4454   12.21874 1.5851e+01 0.0000e+00
        293 292.436424    0.02028     1.2167     73.000      0.854  46115.196    28.9564     8.6354      0.846    6.76672     8.6335    22.4431   12.21903 1.5674e+01 0.0000e+00
        294 292.436427    0.02035     1.2208     73.250      0.889  46111.819    28.9540     8.6347      0.881    6.76694     8.6321    22.4413   12.21941 1.5604e+01 0.0000e+00
        295 292.436429    0.02042     1.2250     73.500      0.925  46108.526    28.9515     8.6336      0.916    6.76721     8.6302    22.4395   12.21989 1.5336e+01 0.0000e+00
        296 292.436432    0.02049     1.2292     73.750      0.954  46106.003    28.9496     8.6322      0.945    6.76753     8.6285    22.4382   12.22043 1.5124e+01 0.0000e+00
        297 292.436435    0.02056     1.2333     74.000      0.969  46106.280    28.9495     8.6303      0.960    6.76781     8.6276    22.4384   12.22090 1.5213e+01 0.0000e+00
        298 292.436438    0.02063     1.2375     74.250      0.966  46109.469    28.9515     8.6286      0.957    6.76798     8.6277    22.4402   12.22116 1.5580e+01 0.0000e+00
        299 292.436441    0.02069     1.2417     74.500      0.945  46114.291    28.9547     8.6277      0.937    6.76798     8.6287    22.4429   12.22112 1.6146e+01 0.0000e+00
        300 292.436444    0.02076     1.2458     74.750      0.913  46119.272    28.9582     8.6278      0.904    6.76781     8.6301    22.4456   12.22079 1.6802e+01 0.0000e+00
        301 292.436447    0.02083     1.2500     75.000      0.879  46123.991    28.9617     8.6288      0.871    6.76751     8.6319    22.4481   12.22026 1.7130e+01 0.0000e+00
        302 292.436450    0.02090     1.2542     75.250      0.857  46129.579    28.9657     8.6302      0.849    6.76711     8.6341    22.4511   12.21955 1.6873e+01 0.0000e+00
        303 292.436453    0.02097     1.2583     75.500      0.860  46137.347    28.9714     8.6320      0.851    6.76660     8.6369    22.4552   12.21862 1.6546e+01 0.0000e+00
        304 292.436455    0.02104     1.2625     75.750      0.889  46148.463    28.9794     8.6342      0.880    6.76591     8.6408    22.4612   12.21739 1.6312e+01 0.0000e+00
        305 292.436458    0.02111     1.2667     76.000      0.941  46165.664    28.9917     8.6370      0.932    6.76494     8.6468    22.4704   12.21564 1.5652e+01 0.0000e+00
        306 292.436461    0.02118     1.2708     76.250      1.011  46194.335    29.0121     8.6409      1.001    6.76346     8.6562    22.4858   12.21292 1.4567e+01 0.0000e+00
        307 292.436464    0.02125     1.2750     76.500      1.098  46241.197    29.0454     8.6469      1.088    6.76110     8.6711    22.5110   12.20860 1.3417e+01 0.0000e+00
        308 292.436467    0.02132     1.2792     76.750      1.215  46313.764    29.0971     8.6563      1.203    6.75742     8.6947    22.5501   12.20185 1.2121e+01 0.0000e+00
        309 292.436470    0.02139     1.2833     77.000      1.370  46424.508    29.1760     8.6713      1.357    6.75170     8.7296    22.6096   12.19140 1.0545e+01 0.0000e+00
        310 292.436473    0.02146     1.2875     77.250      1.559  46574.771    29.2836     8.6948      1.545    6.74343     8.7748    22.6903   12.17637 8.9787e+00 0.0000e+00
        311 292.436476    0.02153     1.2917     77.500      1.770  46731.832    29.3974     8.7297      1.753    6.73318     8.8234    22.7743   12.15798 7.6928e+00 0.0000e+00
        312 292.436479    0.02160     1.2958     77.750      1.997  46838.861    29.4778     8.7750      1.978    6.72283     8.8648    22.8306   12.13984 6.5831e+00 0.0000e+00
        313 292.436481    0.02167     1.3000     78.000      2.240  46859.926    29.4988     8.8237      2.219    6.71457     8.8933    22.8399   12.12588 5.5513e+00 0.0000e+00
        314 292.436484    0.02174     1.3042     78.250      2.496  46833.661    29.4859     8.8651      2.472    6.70888     8.9129    22.8238   12.11662 4.6381e+00 0.0000e+00
        315 292.436487    0.02181     1.3083     78.500      2.764  46836.370    29.4915     8.8936      2.738    6.70436     8.9323    22.8240   12.10906 3.8254e+00 0.0000e+00
        316 292.436490    0.02187     1.3125     78.750      3.044  46892.787    29.5334     8.9132      3.015    6.69960     8.9572    22.8538   12.10065 3.0577e+00 0.0000e+00
        317 292.436493    0.02194     1.3167     79.000      3.333  46985.826    29.6007     8.9326      3.302    6.69380     8.9919    22.9036   12.09021 2.3044e+00 0.0000e+00
        318 292.436496    0.02201     1.3208     79.250      3.630  47114.994    29.6940     8.9576      3.596    6.68604     9.0410    22.9728   12.07621 1.6021e+00 0.0000e+00
        319 292.436499    0.02208     1.3250     79.500      3.930  47299.836    29.8275     8.9924      3.894    6.67511     9.1066    23.0720   12.05647 1.0344e+00 0.0000e+00
        320 292.436502    0.02215     1.3292     79.750      4.229  47524.857    29.9911     9.0414      4.190    6.66078     9.1821    23.1924   12.03072 6.4742e-01 0.0000e+00
        321 292.436505    0.02222     1.3333     80.000      4.523  47714.234    30.1319     9.1070      4.481    6.64500     9.2548    23.2926   12.00284 4.1359e-01 0.0000e+00
        322 292.436508    0.02229     1.3375     80.250      4.807  47814.504    30.2118     9.1826      4.762    6.63039     9.3152    23.3436   11.97766 2.8035e-01 0.0000e+00
        323 292.436510    0.02236     1.3417     80.500      5.078  47846.220    30.2434     9.2554      5.030    6.61829     9.3607    23.3572   11.95724 2.1217e-01 0.0000e+00
        324 292.436513    0.02243     1.3458     80.750      5.333  47849.333    30.2534     9.3157      5.283    6.60897     9.3934    23.3558   11.94167 1.9087e-01 0.0000e+00
        325 292.436516    0.02250     1.3500     81.000      5.572  47845.099    30.2562     9.3613      5.520    6.60214     9.4163    23.3511   11.93031 2.1076e-01 0.0000e+00
        326 292.436519    0.02257     1.3542     81.250      5.796  47841.365    30.2578     9.3941      5.742    6.59726     9.4322    23.3473   11.92221 2.6517e-01 0.0000e+00
        327 292.436522    0.02264     1.3583     81.500      6.009  47839.832    30.2596     9.4170      5.953    6.59382     9.4433    23.3452   11.91649 3.3168e-01 0.0000e+00
        328 292.436525    0.02271     1.3625     81.750      6.217  47840.435    30.2620     9.4329      6.159    6.59138     9.4512    23.3446   11.91242 3.8187e-01 0.0000e+00
        329 292.436528    0.02278     1.3667     82.000      6.426  47843.150    30.2652     9.4440      6.365    6.58961     9.4571    23.3454   11.90945 3.9724e-01 0.0000e+00
        330 292.436531    0.02285     1.3708     82.250      6.641  47848.317    30.2698     9.4519      6.579    6.58826     9.4617    23.3478   11.90715 3.7175e-01 0.0000e+00
        331 292.436534    0.02292     1.3750     82.500      6.868  47856.657    30.2763     9.4578      6.804    6.58712     9.4657    23.3520   11.90518 3.1055e-01 0.0000e+00
        332 292.436536    0.02299     1.3792     82.750      7.111  47867.070    30.2841     9.4625      7.044    6.58610     9.4692    23.3573   11.90340 2.3137e-01 0.0000e+00
        333 292.436539    0.02306     1.3833     83.000      7.369  47877.636    30.2919     9.4665      7.300    6.58519     9.4723    23.3628   11.90179 1.5971e-01 0.0000e+00
        334 292.436542    0.02313     1.3875     83.250      7.643  47889.295    30.3005     9.4700      7.571    6.58431     9.4753    23.3689   11.90024 1.1049e-01 0.0000e+00
        335 292.436545    0.02319     1.3917     83.500      7.928  47904.430    30.3114     9.4731      7.854    6.58340     9.4788    23.3769   11.89859 8.0846e-02 0.0000e+00
        336 292.436548    0.02326     1.3958     83.750      8.220  47925.361    30.3263     9.4762      8.143    6.58232     9.4834    23.3881   11.89663 6.3061e-02 0.0000e+00
        337 292.436551    0.02333     1.4000     84.000      8.513  47953.523    30.3463     9.4796      8.433    6.58096     9.4897    23.4033   11.89414 5.2389e-02 0.0000e+00
        338 292.436554    0.02340     1.4042     84.250      8.801  47986.701    30.3701     9.4842      8.719    6.57929     9.4979    23.4211   11.89107 4.5986e-02 0.0000e+00
        339 292.436557    0.02347     1.4083     84.500      9.083  48020.136    30.3942     9.4906      8.998    6.57734     9.5080    23.4390   11.88755 4.2144e-02 0.0000e+00
        340 292.436560    0.02354     1.4125     84.750      9.358  48050.728    30.4167     9.4989      9.270    6.57518     9.5194    23.4552   11.88370 3.9839e-02 0.0000e+00
        341 292.436562    0.02361     1.4167     85.000      9.624  48078.235    30.4371     9.5090      9.534    6.57285     9.5318    23.4696   11.87960 3.8456e-02 0.0000e+00
        342 292.436565    0.02368     1.4208     85.250      9.883  48103.032    30.4559     9.5204      9.790    6.57040     9.5448    23.4824   11.87530 3.7627e-02 0.0000e+00
        343 292.436568    0.02375     1.4250     85.500     10.135  48123.975    30.4721     9.5329     10.040    6.56790     9.5576    23.4931   11.87097 3.7129e-02 0.0000e+00
        344 292.436571    0.02382     1.4292     85.750     10.380  48139.541    30.4846     9.5459     10.283    6.56549     9.5696    23.5009   11.86682 3.6830e-02 0.0000e+00
        345 292.436574    0.02389     1.4333     86.000     10.618  48150.726    30.4940     9.5587     10.519    6.56324     9.5808    23.5062   11.86298 3.6651e-02 0.0000e+00
        346 292.436577    0.02396     1.4375     86.250     10.850  48160.501    30.5023     9.5708     10.749    6.56114     9.5914    23.5108   11.85940 3.6544e-02 0.0000e+00
        347 292.436580    0.02403     1.4417     86.500     11.077  48170.685    30.5108     9.5820     10.974    6.55915     9.6016    23.5157   11.85601 3.6479e-02 0.0000e+00
        348 292.436583    0.02410     1.4458     86.750     11.301  48180.937    30.5192     9.5926     11.196    6.55725     9.6115    23.5206   11.85276 3.6440e-02 0.0000e+00
        349 292.436586    0.02417     1.4500     87.000     11.524  48190.911    30.5275     9.6029     11.417    6.55543     9.6212    23.5254   11.84963 3.6417e-02 0.0000e+00
        350 292.436589    0.02424     1.4542     87.250     11.749  48199.943    30.5350     9.6128     11.639    6.55367     9.6302    23.5297   11.84664 3.6403e-02 0.0000e+00
        351 292.436591    0.02431     1.4583     87.500     11.978  48205.869    30.5403     9.6224     11.866    6.55205     9.6379    23.5324   11.84389 3.6394e-02 0.0000e+00
        352 292.436594    0.02438     1.4625     87.750     12.212  48208.059    30.5429     9.6314     12.098    6.55064     9.6443    23.5330   11.84151 3.6389e-02 0.0000e+00
        353 292.436597    0.02444     1.4667     88.000     12.452  48208.289    30.5440     9.6392     12.335    6.54947     9.6494    23.5326   11.83956 3.6386e-02 0.0000e+00
        354 292.436600    0.02451     1.4708     88.250     12.697  48208.426    30.5448     9.6456     12.577    6.54851     9.6537    23.5322   11.83796 3.6385e-02 0.0000e+00
        355 292.436603    0.02458     1.4750     88.500     12.946  48209.281    30.5459     9.6508     12.825    6.54772     9.6573    23.5323   11.83663 3.6384e-02 0.0000e+00
        356 292.436606    0.02465     1.4792     88.750     13.200  48210.696    30.5474     9.6551     13.076    6.54704     9.6604    23.5327   11.83549 3.6383e-02 0.0000e+00
        357 292.436609    0.02472     1.4833     89.000     13.456  48212.605    30.5491     9.6587     13.330    6.54644     9.6633    23.5335   11.83449 3.6383e-02 0.0000e+00
        358 292.436612    0.02479     1.4875     89.250     13.715  48215.585    30.5514     9.6619     13.587    6.54589     9.6663    23.5349   11.83354 3.6382e-02 0.0000e+00
        359 292.436615    0.02486     1.4917     89.500     13.977  48220.225    30.5550     9.6648     13.846    6.54531     9.6697    23.5372   11.83254 3.6382e-02 0.0000e+00
        360 292.436617    0.02493     1.4958     89.750     14.243  48226.421    30.5596     9.6679     14.110    6.54468     9.6735    23.5403   11.83143 3.6382e-02 0.0000e+00
        361 292.436620    0.02500     1.5000     90.000     14.512  48233.477    30.5649     9.6713     14.377    6.54397     9.6779    23.5439   11.83019 3.6382e-02 0.0000e+00
