CTD-processing/allCTD/CNV--turbid/2014_04-11_t4_s10_cast017.cnv
* Sea-Bird SBE19plus Data File:
* FileName = C:\Users\kris.holderied\Documents\kasitsna\Research-Projects-and-Data\Oceanography-AK\CTD-Data-ALL-to-2014-03\2014-CTD-KachemakBay-CookInlet\2014-04-EVOSTC-CookInlet-Ocean\2014-04-11-CookInlet-Tran4-Barabara\2014-04-11-CookInlet-Tran4-Barabara-cast017.hex
* Software Version 1.59
* Temperature SN =  5028
* Conductivity SN =  5028
* System UpLoad Time = May 27 2014 23:06:21
** Cook Inlet LTM Transect 4  (Barabara) North to South
** Date: 2014-04-11
** Station: 4-10
** Start time: 16:30
** Depth (m): 14
** Comment:  CTD time is Alaska Daylight time
** Comment:
# nquan = 16
# nvalues = 350                         
# units = specified
# name 0 = scan: Scan Count
# name 1 = timeJ: Julian Days
# name 2 = timeH: Time, Elapsed [hours]
# name 3 = timeM: Time, Elapsed [minutes]
# name 4 = timeS: Time, Elapsed [seconds]
# name 5 = prdM: Pressure, Strain Gauge [db]
# name 6 = specc: Specific Conductance [uS/cm]
# name 7 = sal00: Salinity, Practical [PSU]
# name 8 = tv290C: Temperature [ITS-90, deg C]
# name 9 = depSM: Depth [salt water, m], lat = 59.00
# name 10 = oxsolML/L: Oxygen Saturation, Garcia & Gordon [ml/l]
# name 11 = potemp090C: Potential Temperature [ITS-90, deg C]
# name 12 = sigma-é00: Density [sigma-theta, kg/m^3]
# name 13 = n2satML/L: Nitrogen Saturation [ml/l]
# name 14 = par: PAR/Irradiance, Biospherical/Licor
# name 15 = flag:  0.000e+00
# span 0 =          1,        350       
# span 1 = 101.687778, 101.688788       
# span 2 =    0.00000,    0.02424       
# span 3 =     0.0000,     1.4542       
# span 4 =      0.000,     87.250       
# span 5 =      0.056,     14.335       
# span 6 =    137.134,  51549.635       
# span 7 =     0.0632,    32.0110       
# span 8 =     4.0598,     8.0982       
# span 9 =      0.056,     14.201       
# span 10 =    7.17373,    8.26399      
# span 11 =     4.0589,     8.0982      
# span 12 =    -0.1050,    25.3419      
# span 13 =   12.85921,   15.12331      
# span 14 = 8.8765e+00, 3.4790e+02      
# span 15 = 0.0000e+00, 0.0000e+00      
# interval = seconds: 0.25
# start_time = Apr 11 2014 16:30:24 [Instrument's time stamp, header]
# bad_flag = -9.990e-29
*END*
[from data line 272]
        273 101.688565    0.01889     1.1333     68.000      1.427  50582.404    31.3515     4.6864      1.413    7.30301     4.5997    24.8167   13.07572 3.0654e+02 0.0000e+00
        274 101.688568    0.01896     1.1375     68.250      1.397  50636.655    31.3773     4.6344      1.384    7.31087     4.5801    24.8425   13.08836 3.1197e+02 0.0000e+00
        275 101.688571    0.01903     1.1417     68.500      1.356  50681.030    31.4001     4.5998      1.343    7.31584     4.5701    24.8642   13.09627 3.2023e+02 0.0000e+00
        276 101.688573    0.01910     1.1458     68.750      1.314  50706.999    31.4136     4.5802      1.302    7.31863     4.5651    24.8769   13.10070 3.2591e+02 0.0000e+00
        277 101.688576    0.01917     1.1500     69.000      1.282  50719.001    31.4196     4.5702      1.270    7.32009     4.5626    24.8828   13.10303 3.2446e+02 0.0000e+00
        278 101.688579    0.01924     1.1542     69.250      1.269  50723.723    31.4217     4.5652      1.257    7.32084     4.5607    24.8850   13.10424 3.1888e+02 0.0000e+00
        279 101.688582    0.01931     1.1583     69.500      1.280  50723.411    31.4210     4.5627      1.268    7.32132     4.5569    24.8847   13.10504 3.1446e+02 0.0000e+00
        280 101.688585    0.01938     1.1625     69.750      1.312  50716.486    31.4158     4.5607      1.299    7.32192     4.5487    24.8808   13.10610 3.1234e+02 0.0000e+00
        281 101.688588    0.01944     1.1667     70.000      1.357  50702.991    31.4057     4.5569      1.344    7.32309     4.5360    24.8732   13.10816 3.0870e+02 0.0000e+00
        282 101.688591    0.01951     1.1708     70.250      1.403  50691.827    31.3962     4.5488      1.389    7.32500     4.5223    24.8665   13.11144 3.0287e+02 0.0000e+00
        283 101.688594    0.01958     1.1750     70.500      1.438  50693.702    31.3946     4.5361      1.424    7.32731     4.5119    24.8665   13.11528 3.0046e+02 0.0000e+00
        284 101.688597    0.01965     1.1792     70.750      1.454  50708.434    31.4016     4.5224      1.440    7.32939     4.5071    24.8734   13.11862 3.0197e+02 0.0000e+00
        285 101.688600    0.01972     1.1833     71.000      1.446  50728.691    31.4132     4.5120      1.432    7.33068     4.5086    24.8836   13.12060 3.0322e+02 0.0000e+00
        286 101.688602    0.01979     1.1875     71.250      1.416  50747.917    31.4253     4.5072      1.402    7.33092     4.5147    24.8937   13.12085 3.0329e+02 0.0000e+00
        287 101.688605    0.01986     1.1917     71.500      1.371  50759.368    31.4335     4.5087      1.357    7.33025     4.5221    24.9000   13.11963 3.0397e+02 0.0000e+00
        288 101.688608    0.01993     1.1958     71.750      1.324  50759.548    31.4350     4.5148      1.311    7.32911     4.5280    24.9006   13.11772 3.0395e+02 0.0000e+00
        289 101.688611    0.02000     1.2000     72.000      1.291  50751.409    31.4311     4.5222      1.278    7.32798     4.5306    24.8968   13.11592 2.9887e+02 0.0000e+00
        290 101.688614    0.02007     1.2042     72.250      1.284  50738.905    31.4239     4.5281      1.272    7.32729     4.5284    24.8905   13.11486 2.9047e+02 0.0000e+00
        291 101.688617    0.02014     1.2083     72.500      1.306  50723.427    31.4138     4.5307      1.293    7.32733     4.5215    24.8823   13.11506 2.8223e+02 0.0000e+00
        292 101.688620    0.02021     1.2125     72.750      1.349  50709.292    31.4037     4.5285      1.336    7.32822     4.5121    24.8744   13.11665 2.7466e+02 0.0000e+00
        293 101.688623    0.02028     1.2167     73.000      1.400  50704.469    31.3988     4.5216      1.387    7.32968     4.5031    24.8712   13.11913 2.6758e+02 0.0000e+00
        294 101.688626    0.02035     1.2208     73.250      1.447  50709.639    31.4002     4.5122      1.433    7.33128     4.4958    24.8733   13.12175 2.6145e+02 0.0000e+00
        295 101.688628    0.02042     1.2250     73.500      1.480  50717.327    31.4034     4.5032      1.466    7.33271     4.4899    24.8767   13.12408 2.5939e+02 0.0000e+00
        296 101.688631    0.02049     1.2292     73.750      1.496  50722.917    31.4056     4.4959      1.482    7.33389     4.4852    24.8792   13.12601 2.6186e+02 0.0000e+00
        297 101.688634    0.02056     1.2333     74.000      1.499  50728.509    31.4081     4.4900      1.485    7.33482     4.4822    24.8818   13.12751 2.6551e+02 0.0000e+00
        298 101.688637    0.02063     1.2375     74.250      1.497  50734.888    31.4114     4.4853      1.483    7.33549     4.4801    24.8849   13.12856 2.6564e+02 0.0000e+00
        299 101.688640    0.02069     1.2417     74.500      1.510  50737.871    31.4127     4.4823      1.496    7.33596     4.4765    24.8863   13.12933 2.5982e+02 0.0000e+00
        300 101.688643    0.02076     1.2458     74.750      1.560  50732.949    31.4088     4.4802      1.546    7.33653     4.4688    24.8834   13.13032 2.4988e+02 0.0000e+00
        301 101.688646    0.02083     1.2500     75.000      1.663  50720.224    31.3993     4.4766      1.647    7.33763     4.4550    24.8762   13.13226 2.3734e+02 0.0000e+00
        302 101.688649    0.02090     1.2542     75.250      1.821  50704.322    31.3866     4.4689      1.803    7.33964     4.4347    24.8668   13.13574 2.2387e+02 0.0000e+00
        303 101.688652    0.02097     1.2583     75.500      2.024  50689.404    31.3732     4.4551      2.005    7.34275     4.4063    24.8576   13.14106 2.1170e+02 0.0000e+00
        304 101.688655    0.02104     1.2625     75.750      2.260  50671.415    31.3561     4.4348      2.239    7.34722     4.3661    24.8461   13.14866 2.0081e+02 0.0000e+00
        305 101.688657    0.02111     1.2667     76.000      2.513  50643.597    31.3305     4.4065      2.490    7.35354     4.3139    24.8286   13.15943 1.8934e+02 0.0000e+00
        306 101.688660    0.02118     1.2708     76.250      2.771  50622.339    31.3067     4.3663      2.745    7.36190     4.2569    24.8136   13.17354 1.7664e+02 0.0000e+00
        307 101.688663    0.02125     1.2750     76.500      3.024  50631.254    31.3007     4.3141      2.996    7.37154     4.2039    24.8140   13.18953 1.6465e+02 0.0000e+00
        308 101.688666    0.02132     1.2792     76.750      3.271  50666.496    31.3115     4.2572      3.241    7.38119     4.1594    24.8283   13.20532 1.5435e+02 0.0000e+00
        309 101.688669    0.02139     1.2833     77.000      3.512  50712.785    31.3308     4.2041      3.480    7.38974     4.1257    24.8488   13.21919 1.4497e+02 0.0000e+00
        310 101.688672    0.02146     1.2875     77.250      3.751  50761.603    31.3537     4.1597      3.717    7.39658     4.1028    24.8713   13.23017 1.3653e+02 0.0000e+00
        311 101.688675    0.02153     1.2917     77.500      3.995  50807.111    31.3768     4.1259      3.959    7.40149     4.0895    24.8929   13.23798 1.2852e+02 0.0000e+00
        312 101.688678    0.02160     1.2958     77.750      4.249  50844.583    31.3969     4.1030      4.210    7.40460     4.0842    24.9111   13.24286 1.1950e+02 0.0000e+00
        313 101.688681    0.02167     1.3000     78.000      4.517  50872.577    31.4128     4.0898      4.474    7.40618     4.0857    24.9250   13.24526 1.0930e+02 0.0000e+00
        314 101.688683    0.02174     1.3042     78.250      4.797  50894.137    31.4261     4.0845      4.752    7.40647     4.0927    24.9361   13.24555 9.8926e+01 0.0000e+00
        315 101.688686    0.02181     1.3083     78.500      5.089  50909.729    31.4369     4.0860      5.041    7.40566     4.1027    24.9446   13.24408 8.9364e+01 0.0000e+00
        316 101.688689    0.02187     1.3125     78.750      5.386  50915.153    31.4422     4.0930      5.335    7.40412     4.1122    24.9481   13.24147 8.1096e+01 0.0000e+00
        317 101.688692    0.02194     1.3167     79.000      5.681  50909.637    31.4406     4.1031      5.628    7.40240     4.1186    24.9459   13.23864 7.4152e+01 0.0000e+00
        318 101.688695    0.02201     1.3208     79.250      5.970  50898.585    31.4352     4.1126      5.913    7.40096     4.1216    24.9406   13.23634 6.8272e+01 0.0000e+00
        319 101.688698    0.02208     1.3250     79.500      6.248  50889.900    31.4306     4.1191      6.189    7.40001     4.1219    24.9364   13.23484 6.3177e+01 0.0000e+00
        320 101.688701    0.02215     1.3292     79.750      6.515  50887.288    31.4294     4.1221      6.454    7.39953     4.1206    24.9352   13.23405 5.8713e+01 0.0000e+00
        321 101.688704    0.02222     1.3333     80.000      6.774  50890.615    31.4316     4.1224      6.711    7.39936     4.1189    24.9369   13.23375 5.4789e+01 0.0000e+00
        322 101.688707    0.02229     1.3375     80.250      7.026  50897.965    31.4362     4.1210      6.960    7.39937     4.1181    24.9407   13.23371 5.1344e+01 0.0000e+00
        323 101.688709    0.02236     1.3417     80.500      7.275  50904.567    31.4402     4.1194      7.207    7.39946     4.1179    24.9440   13.23381 4.8245e+01 0.0000e+00
        324 101.688712    0.02243     1.3458     80.750      7.528  50908.041    31.4423     4.1186      7.457    7.39951     4.1175    24.9457   13.23385 4.5255e+01 0.0000e+00
        325 101.688715    0.02250     1.3500     81.000      7.790  50910.978    31.4441     4.1184      7.717    7.39945     4.1164    24.9472   13.23374 4.2188e+01 0.0000e+00
        326 101.688718    0.02257     1.3542     81.250      8.066  50916.417    31.4476     4.1181      7.991    7.39934     4.1141    24.9500   13.23350 3.9021e+01 0.0000e+00
        327 101.688721    0.02264     1.3583     81.500      8.359  50925.480    31.4534     4.1170      8.281    7.39925     4.1109    24.9547   13.23328 3.5847e+01 0.0000e+00
        328 101.688724    0.02271     1.3625     81.750      8.666  50939.054    31.4620     4.1147      8.585    7.39924     4.1078    24.9617   13.23315 3.2801e+01 0.0000e+00
        329 101.688727    0.02278     1.3667     82.000      8.979  50956.742    31.4731     4.1115      8.895    7.39925     4.1056    24.9709   13.23303 3.0001e+01 0.0000e+00
        330 101.688730    0.02285     1.3708     82.250      9.291  50975.680    31.4852     4.1084      9.204    7.39920     4.1043    24.9808   13.23277 2.7522e+01 0.0000e+00
        331 101.688733    0.02292     1.3750     82.500      9.594  50993.403    31.4966     4.1063      9.504    7.39902     4.1034    24.9901   13.23233 2.5399e+01 0.0000e+00
        332 101.688736    0.02299     1.3792     82.750      9.884  51008.551    31.5065     4.1049      9.792    7.39876     4.1023    24.9980   13.23178 2.3618e+01 0.0000e+00
        333 101.688738    0.02306     1.3833     83.000     10.163  51020.097    31.5140     4.1040     10.068    7.39855     4.1007    25.0041   13.23133 2.2122e+01 0.0000e+00
        334 101.688741    0.02313     1.3875     83.250     10.429  51028.268    31.5192     4.1030     10.332    7.39848     4.0981    25.0083   13.23114 2.0833e+01 0.0000e+00
        335 101.688744    0.02319     1.3917     83.500     10.688  51034.162    31.5227     4.1014     10.588    7.39859     4.0942    25.0113   13.23129 1.9673e+01 0.0000e+00
        336 101.688747    0.02326     1.3958     83.750     10.944  51038.695    31.5250     4.0988     10.842    7.39894     4.0891    25.0134   13.23184 1.8576e+01 0.0000e+00
        337 101.688750    0.02333     1.4000     84.000     11.206  51042.758    31.5268     4.0950     11.101    7.39955     4.0834    25.0152   13.23282 1.7498e+01 0.0000e+00
        338 101.688753    0.02340     1.4042     84.250     11.480  51047.494    31.5287     4.0899     11.373    7.40037     4.0777    25.0172   13.23414 1.6426e+01 0.0000e+00
        339 101.688756    0.02347     1.4083     84.500     11.769  51053.597    31.5313     4.0841     11.659    7.40127     4.0729    25.0199   13.23560 1.5366e+01 0.0000e+00
        340 101.688759    0.02354     1.4125     84.750     12.071  51060.453    31.5345     4.0785     11.958    7.40213     4.0692    25.0229   13.23697 1.4336e+01 0.0000e+00
        341 101.688762    0.02361     1.4167     85.000     12.383  51066.828    31.5376     4.0737     12.267    7.40284     4.0665    25.0258   13.23810 1.3356e+01 0.0000e+00
        342 101.688764    0.02368     1.4208     85.250     12.698  51071.867    31.5400     4.0700     12.579    7.40339     4.0645    25.0281   13.23897 1.2446e+01 0.0000e+00
        343 101.688767    0.02375     1.4250     85.500     13.006  51075.336    31.5416     4.0673     12.884    7.40379     4.0629    25.0296   13.23963 1.1624e+01 0.0000e+00
        344 101.688770    0.02382     1.4292     85.750     13.300  51077.596    31.5425     4.0653     13.175    7.40411     4.0615    25.0305   13.24013 1.0905e+01 0.0000e+00
        345 101.688773    0.02389     1.4333     86.000     13.572  51079.203    31.5431     4.0637     13.445    7.40436     4.0604    25.0311   13.24055 1.0295e+01 0.0000e+00
        346 101.688776    0.02396     1.4375     86.250     13.816  51080.554    31.5436     4.0624     13.686    7.40457     4.0596    25.0316   13.24089 9.7916e+00 0.0000e+00
        347 101.688779    0.02403     1.4417     86.500     14.024  51081.857    31.5441     4.0613     13.893    7.40474     4.0591    25.0322   13.24117 9.3933e+00 0.0000e+00
        348 101.688782    0.02410     1.4458     86.750     14.188  51083.051    31.5446     4.0605     14.055    7.40486     4.0589    25.0327   13.24137 9.1042e+00 0.0000e+00
        349 101.688785    0.02417     1.4500     87.000     14.296  51083.877    31.5450     4.0600     14.163    7.40494 -9.990e-29    25.0331   13.24148 8.9322e+00 0.0000e+00
        350 101.688788    0.02424     1.4542     87.250     14.335  51084.164    31.5451     4.0598     14.201    7.40496 -9.990e-29    25.0332   13.24152 8.8765e+00 0.0000e+00
