CTD-processing/allCTD/CNV--turbid/2014_07-23_t6_s09_cast204.cnv
* Sea-Bird SBE19plus Data File:
* FileName = C:\Users\kris.holderied\Documents\kasitsna\Research-Projects-and-Data\Oceanography-AK\CTD-Data-ALL-to-2014-06\2014-CTD-KachemakBay-CookInlet\2014-07-EVOSTC-CookInlet-quarterly\2014-07-23-CookInlet-Tran6-Douglas\2014-07-23-CookInlet-Tran6-cast204.hex
* Software Version 1.59
* Temperature SN =  4141
* Conductivity SN =  4141
* System UpLoad Time = Jul 23 2014 23:27:53
** Cook Inlet LTM Transect 6 (Douglas) East to West
** Date: 07-23
** Station: 6-09
** Start time: 11:44
** Depth (m): 129
** Comment:  CTD time is Alaska Daylight time.  Transducer  depth (transducer is 9 ft).
** Comment:
# nquan = 16
# nvalues = 946                         
# units = specified
# name 0 = scan: Scan Count
# name 1 = timeJ: Julian Days
# name 2 = timeH: Time, Elapsed [hours]
# name 3 = timeM: Time, Elapsed [minutes]
# name 4 = timeS: Time, Elapsed [seconds]
# name 5 = prdM: Pressure, Strain Gauge [db]
# name 6 = specc: Specific Conductance [uS/cm]
# name 7 = sal00: Salinity, Practical [PSU]
# name 8 = tv290C: Temperature [ITS-90, deg C]
# name 9 = depSM: Depth [salt water, m], lat = 59.00
# name 10 = oxsolML/L: Oxygen Saturation, Garcia & Gordon [ml/l]
# name 11 = potemp090C: Potential Temperature [ITS-90, deg C]
# name 12 = sigma-é00: Density [sigma-theta, kg/m^3]
# name 13 = n2satML/L: Nitrogen Saturation [ml/l]
# name 14 = par: PAR/Irradiance, Biospherical/Licor
# name 15 = flag:  0.000e+00
# span 0 =          1,        946       
# span 1 = 204.489537, 204.492271       
# span 2 =    0.00000,    0.06563       
# span 3 =     0.0000,     3.9375       
# span 4 =      0.000,    236.250       
# span 5 =     -0.093,    128.124       
# span 6 =    778.447,  51184.202       
# span 7 =     0.3761,    32.3114       
# span 8 =     7.8021,    10.8041       
# span 9 =     -0.092,    126.887       
# span 10 =    6.48199,    7.76420      
# span 11 =     7.7908,    10.8041      
# span 12 =    -0.0675,    25.1926      
# span 13 =   11.71008,   14.27412      
# span 14 = 4.4122e-02, 1.2233e+03      
# span 15 = 0.0000e+00, 0.0000e+00      
# interval = seconds: 0.25
# start_time = Jul 23 2014 11:44:56 [Instrument's time stamp, header]
# bad_flag = -9.990e-29
*END*
[from data line 904]
        905 204.492153    0.06278     3.7667    226.000    121.779  51180.748    32.3112     7.8030    120.604    6.74650     7.7918    25.1925   12.14412 4.4709e-02 0.0000e+00
        906 204.492156    0.06285     3.7708    226.250    122.005  51180.861    32.3112     7.8032    120.828    6.74648     7.7919    25.1925   12.14408 4.4476e-02 0.0000e+00
        907 204.492159    0.06292     3.7750    226.500    122.229  51180.938    32.3111     7.8033    121.050    6.74645     7.7919    25.1925   12.14404 4.4343e-02 0.0000e+00
        908 204.492161    0.06299     3.7792    226.750    122.451  51180.985    32.3111     7.8035    121.270    6.74644     7.7920    25.1924   12.14401 4.4272e-02 0.0000e+00
        909 204.492164    0.06306     3.7833    227.000    122.673  51181.078    32.3110     7.8036    121.490    6.74642     7.7921    25.1924   12.14399 4.4226e-02 0.0000e+00
        910 204.492167    0.06313     3.7875    227.250    122.897  51181.285    32.3111     7.8037    121.711    6.74640     7.7921    25.1924   12.14396 4.4191e-02 0.0000e+00
        911 204.492170    0.06319     3.7917    227.500    123.124  51181.545    32.3112     7.8038    121.937    6.74639     7.7922    25.1925   12.14393 4.4160e-02 0.0000e+00
        912 204.492173    0.06326     3.7958    227.750    123.359  51181.770    32.3113     7.8039    122.169    6.74637     7.7923    25.1925   12.14390 4.4132e-02 0.0000e+00
        913 204.492176    0.06333     3.8000    228.000    123.603  51181.951    32.3113     7.8040    122.411    6.74635     7.7924    25.1925   12.14387 4.4122e-02 0.0000e+00
        914 204.492179    0.06340     3.8042    228.250    123.856  51182.136    32.3114     7.8041    122.661    6.74633     7.7925    25.1926   12.14384 4.4133e-02 0.0000e+00
        915 204.492182    0.06347     3.8083    228.500    124.117  51182.312    32.3114     7.8042    122.920    6.74631     7.7926    25.1926   12.14381 4.4152e-02 0.0000e+00
        916 204.492185    0.06354     3.8125    228.750    124.385  51182.405    32.3113     7.8043    123.185    6.74630     7.7927    25.1925   12.14378 4.4166e-02 0.0000e+00
        917 204.492188    0.06361     3.8167    229.000    124.657  51182.436    32.3113     7.8044    123.454    6.74628     7.7928    25.1924   12.14376 4.4185e-02 0.0000e+00
        918 204.492190    0.06368     3.8208    229.250    124.931  51182.455    32.3112     7.8046    123.725    6.74627     7.7929    25.1924   12.14373 4.4218e-02 0.0000e+00
        919 204.492193    0.06375     3.8250    229.500    125.206  51182.444    32.3110     7.8047    123.998    6.74625     7.7929    25.1923   12.14371 4.4267e-02 0.0000e+00
        920 204.492196    0.06382     3.8292    229.750    125.481  51182.452    32.3109     7.8048    124.270    6.74624     7.7930    25.1922   12.14369 4.4369e-02 0.0000e+00
        921 204.492199    0.06389     3.8333    230.000    125.753  51182.555    32.3109     7.8049    124.539    6.74622     7.7930    25.1921   12.14367 4.4582e-02 0.0000e+00
        922 204.492202    0.06396     3.8375    230.250    126.018  51182.720    32.3109     7.8050    124.802    6.74621     7.7931    25.1921   12.14365 4.4964e-02 0.0000e+00
        923 204.492205    0.06403     3.8417    230.500    126.274  51182.927    32.3109     7.8050    125.055    6.74620     7.7932    25.1922   12.14363 4.5589e-02 0.0000e+00
        924 204.492208    0.06410     3.8458    230.750    126.516  51183.146    32.3110     7.8051    125.295    6.74619     7.7933    25.1922   12.14361 4.6605e-02 0.0000e+00
        925 204.492211    0.06417     3.8500    231.000    126.743  51183.287    32.3110     7.8052    125.520    6.74618     7.7933    25.1922   12.14358 4.8284e-02 0.0000e+00
        926 204.492214    0.06424     3.8542    231.250    126.955  51183.372    32.3110     7.8053    125.730    6.74616     7.7934    25.1921   12.14355 5.1088e-02 0.0000e+00
        927 204.492216    0.06431     3.8583    231.500    127.153  51183.512    32.3110     7.8054    125.926    6.74614     7.7935    25.1921   12.14352 5.5787e-02 0.0000e+00
        928 204.492219    0.06438     3.8625    231.750    127.338  51183.687    32.3111     7.8055    126.109    6.74613     7.7935    25.1922   12.14350 6.3631e-02 0.0000e+00
        929 204.492222    0.06444     3.8667    232.000    127.513  51183.803    32.3111     7.8056    126.282    6.74611     7.7936    25.1922   12.14347 7.6701e-02 0.0000e+00
        930 204.492225    0.06451     3.8708    232.250    127.674  51183.879    32.3111     7.8057    126.441    6.74610     7.7936    25.1922   12.14345 9.8489e-02 0.0000e+00
        931 204.492228    0.06458     3.8750    232.500    127.813  51183.955    32.3111     7.8058    126.579    6.74609     7.7937    25.1922   12.14343 1.3481e-01 0.0000e+00
        932 204.492231    0.06465     3.8792    232.750    127.920  51184.022    32.3111     7.8058    126.685    6.74608     7.7937    25.1922   12.14342 1.7940e-01 0.0000e+00
        933 204.492234    0.06472     3.8833    233.000    127.993  51184.085    32.3111     7.8059    126.757    6.74607     7.7937    25.1922   12.14341 2.1225e-01 0.0000e+00
        934 204.492237    0.06479     3.8875    233.250    128.039  51184.134    32.3112     7.8059    126.802    6.74607     7.7938    25.1922   12.14340 2.2638e-01 0.0000e+00
        935 204.492240    0.06486     3.8917    233.500    128.068  51184.157    32.3112     7.8059    126.831    6.74606     7.7938    25.1922   12.14339 2.2582e-01 0.0000e+00
        936 204.492242    0.06493     3.8958    233.750    128.087  51184.180    32.3112     7.8060    126.850    6.74606     7.7939    25.1922   12.14338 2.1076e-01 0.0000e+00
        937 204.492245    0.06500     3.9000    234.000    128.099  51184.202    32.3112     7.8060    126.862    6.74605     7.7939    25.1922   12.14337 1.7764e-01 0.0000e+00
        938 204.492248    0.06507     3.9042    234.250    128.108  51184.167    32.3112     7.8061    126.871    6.74604     7.7940    25.1922   12.14335 1.3355e-01 0.0000e+00
        939 204.492251    0.06514     3.9083    234.500    128.114  51184.058    32.3111     7.8061    126.877    6.74603     7.7940    25.1921   12.14334 9.7763e-02 0.0000e+00
        940 204.492254    0.06521     3.9125    234.750    128.118  51183.952    32.3110     7.8062    126.881    6.74603     7.7941    25.1920   12.14334 7.6271e-02 0.0000e+00
        941 204.492257    0.06528     3.9167    235.000    128.120  51183.901    32.3110     7.8062    126.883    6.74602     7.7941    25.1920   12.14333 6.3400e-02 0.0000e+00
        942 204.492260    0.06535     3.9208    235.250    128.122  51183.872    32.3110     7.8063    126.885    6.74602     7.7941    25.1920   12.14332 5.5715e-02 0.0000e+00
        943 204.492263    0.06542     3.9250    235.500    128.123  51183.831    32.3110     7.8063    126.886    6.74602     7.7941    25.1920   12.14332 5.1181e-02 0.0000e+00
        944 204.492266    0.06549     3.9292    235.750    128.123  51183.784    32.3110     7.8063    126.886    6.74601     7.7941    25.1920   12.14332 4.8597e-02 0.0000e+00
        945 204.492269    0.06556     3.9333    236.000    128.124  51183.730    32.3109     7.8063    126.887    6.74601 -9.990e-29    25.1919   12.14332 4.7279e-02 0.0000e+00
        946 204.492271    0.06563     3.9375    236.250    128.124  51183.698    32.3109     7.8063    126.887    6.74601 -9.990e-29    25.1919   12.14332 4.6876e-02 0.0000e+00
