CTD-processing/allCTD/CNV--turbid/2014_08-13_t9_s10_cast023.cnv
* Sea-Bird SBE19plus Data File:
* FileName = C:\Users\kris.holderied\Documents\kasitsna\Research-Projects-and-Data\Oceanography-AK\CTD-Data-ALL-to-2014-06\2014-CTD-KachemakBay-CookInlet\2014-08-13-CookInlet-HomerSpit-monthly\2014-08-13-CookInlet-Tran9-cast023.hex
* Software Version 1.59
* Temperature SN =  4141
* Conductivity SN =  4141
* System UpLoad Time = Oct 12 2014 23:05:07
** Cook Inlet LTM Transect 9 (Homer Spit) North to South
** Date: 08-13
** Station: 9-10
** Start time: 10:19
** Depth (m): 56.4
** Comment:  CTD time is Alaska Daylight time.  R/V Barnacle. Transducer  depth.
** Comment:
# nquan = 16
# nvalues = 614                         
# units = specified
# name 0 = scan: Scan Count
# name 1 = timeJ: Julian Days
# name 2 = timeH: Time, Elapsed [hours]
# name 3 = timeM: Time, Elapsed [minutes]
# name 4 = timeS: Time, Elapsed [seconds]
# name 5 = prdM: Pressure, Strain Gauge [db]
# name 6 = specc: Specific Conductance [uS/cm]
# name 7 = sal00: Salinity, Practical [PSU]
# name 8 = tv290C: Temperature [ITS-90, deg C]
# name 9 = depSM: Depth [salt water, m], lat = 59.00
# name 10 = oxsolML/L: Oxygen Saturation, Garcia & Gordon [ml/l]
# name 11 = potemp090C: Potential Temperature [ITS-90, deg C]
# name 12 = sigma-é00: Density [sigma-theta, kg/m^3]
# name 13 = n2satML/L: Nitrogen Saturation [ml/l]
# name 14 = par: PAR/Irradiance, Biospherical/Licor
# name 15 = flag:  0.000e+00
# span 0 =          1,        614       
# span 1 = 225.430961, 225.432734       
# span 2 =    0.00000,    0.04257       
# span 3 =     0.0000,     2.5542       
# span 4 =      0.000,    153.250       
# span 5 =     -0.203,     56.976       
# span 6 =     15.824,  48918.352       
# span 7 =     0.0126,    31.1645       
# span 8 =    10.7755,    14.8672       
# span 9 =     -0.202,     56.436       
# span 10 =    6.31948,    7.07689      
# span 11 =    10.7690,    14.8672      
# span 12 =    -0.8693,    23.8302      
# span 13 =   11.45324,   13.11452      
# span 14 = 3.6382e-02, 2.5926e+02      
# span 15 = 0.0000e+00, 0.0000e+00      
# interval = seconds: 0.25
# start_time = Aug 13 2014 10:20:35 [Instrument's time stamp, header]
# bad_flag = -9.990e-29
*END*
[from data line 181]
        182 225.431484    0.01257     0.7542     45.250      0.775  40171.615    25.1658    11.7586      0.768    6.47176    11.7697    19.0061   11.77552 1.4391e+02 0.0000e+00
        183 225.431487    0.01264     0.7583     45.500      0.775  40171.956    25.1664    11.7637      0.768    6.47103    11.7761    19.0058   11.77429 1.4459e+02 0.0000e+00
        184 225.431490    0.01271     0.7625     45.750      0.773  40170.291    25.1657    11.7698      0.766    6.47021    11.7828    19.0042   11.77295 1.4475e+02 0.0000e+00
        185 225.431493    0.01278     0.7667     46.000      0.770  40167.945    25.1646    11.7762      0.763    6.46937    11.7895    19.0023   11.77155 1.4439e+02 0.0000e+00
        186 225.431496    0.01285     0.7708     46.250      0.766  40165.430    25.1634    11.7829      0.759    6.46849    11.7959    19.0002   11.77010 1.4385e+02 0.0000e+00
        187 225.431499    0.01292     0.7750     46.500      0.762  40162.725    25.1621    11.7896      0.755    6.46761    11.8014    18.9981   11.76864 1.4326e+02 0.0000e+00
        188 225.431502    0.01299     0.7792     46.750      0.759  40160.054    25.1608    11.7960      0.752    6.46677    11.8057    18.9959   11.76727 1.4268e+02 0.0000e+00
        189 225.431505    0.01306     0.7833     47.000      0.758  40157.685    25.1596    11.8015      0.751    6.46605    11.8083    18.9941   11.76608 1.4238e+02 0.0000e+00
        190 225.431508    0.01313     0.7875     47.250      0.759  40155.717    25.1586    11.8058      0.752    6.46550    11.8089    18.9926   11.76518 1.4240e+02 0.0000e+00
        191 225.431510    0.01319     0.7917     47.500      0.762  40154.392    25.1579    11.8084      0.755    6.46517    11.8079    18.9916   11.76464 1.4259e+02 0.0000e+00
        192 225.431513    0.01326     0.7958     47.750      0.767  40154.620    25.1581    11.8090      0.760    6.46507    11.8063    18.9916   11.76448 1.4291e+02 0.0000e+00
        193 225.431516    0.01333     0.8000     48.000      0.773  40157.435    25.1599    11.8080      0.765    6.46514    11.8053    18.9932   11.76457 1.4321e+02 0.0000e+00
        194 225.431519    0.01340     0.8042     48.250      0.777  40162.532    25.1633    11.8063      0.770    6.46523    11.8060    18.9961   11.76467 1.4336e+02 0.0000e+00
        195 225.431522    0.01347     0.8083     48.500      0.779  40167.878    25.1669    11.8054      0.772    6.46521    11.8086    18.9991   11.76460 1.4345e+02 0.0000e+00
        196 225.431525    0.01354     0.8125     48.750      0.778  40170.920    25.1691    11.8061      0.771    6.46502    11.8130    19.0007   11.76426 1.4337e+02 0.0000e+00
        197 225.431528    0.01361     0.8167     49.000      0.776  40170.329    25.1689    11.8087      0.769    6.46467    11.8196    19.0001   11.76368 1.4314e+02 0.0000e+00
        198 225.431531    0.01368     0.8208     49.250      0.772  40166.382    25.1665    11.8131      0.764    6.46416    11.8288    18.9975   11.76285 1.4303e+02 0.0000e+00
        199 225.431534    0.01375     0.8250     49.500      0.767  40159.809    25.1625    11.8197      0.759    6.46340    11.8397    18.9932   11.76163 1.4290e+02 0.0000e+00
        200 225.431536    0.01382     0.8292     49.750      0.762  40151.464    25.1575    11.8289      0.755    6.46232    11.8502    18.9878   11.75991 1.4261e+02 0.0000e+00
        201 225.431539    0.01389     0.8333     50.000      0.760  40142.771    25.1523    11.8398      0.752    6.46102    11.8582    18.9819   11.75781 1.4236e+02 0.0000e+00
        202 225.431542    0.01396     0.8375     50.250      0.760  40135.225    25.1479    11.8503      0.753    6.45975    11.8625    18.9768   11.75573 1.4223e+02 0.0000e+00
        203 225.431545    0.01403     0.8417     50.500      0.764  40129.867    25.1449    11.8582      0.756    6.45877    11.8639    18.9731   11.75414 1.4219e+02 0.0000e+00
        204 225.431548    0.01410     0.8458     50.750      0.768  40127.508    25.1436    11.8626      0.761    6.45822    11.8642    18.9713   11.75324 1.4239e+02 0.0000e+00
        205 225.431551    0.01417     0.8500     51.000      0.772  40128.133    25.1441    11.8640      0.765    6.45800    11.8651    18.9715   11.75287 1.4292e+02 0.0000e+00
        206 225.431554    0.01424     0.8542     51.250      0.775  40130.068    25.1454    11.8643      0.768    6.45790    11.8667    18.9725   11.75268 1.4355e+02 0.0000e+00
        207 225.431557    0.01431     0.8583     51.500      0.776  40131.269    25.1463    11.8652      0.769    6.45775    11.8685    18.9731   11.75242 1.4409e+02 0.0000e+00
        208 225.431560    0.01438     0.8625     51.750      0.777  40131.309    25.1465    11.8668      0.770    6.45752    11.8700    18.9729   11.75203 1.4442e+02 0.0000e+00
        209 225.431563    0.01444     0.8667     52.000      0.776  40130.862    25.1463    11.8686      0.769    6.45728    11.8713    18.9725   11.75163 1.4419e+02 0.0000e+00
        210 225.431565    0.01451     0.8708     52.250      0.776  40129.939    25.1458    11.8701      0.769    6.45709    11.8729    18.9718   11.75132 1.4327e+02 0.0000e+00
        211 225.431568    0.01458     0.8750     52.500      0.774  40127.773    25.1444    11.8714      0.767    6.45696    11.8752    18.9705   11.75113 1.4214e+02 0.0000e+00
        212 225.431571    0.01465     0.8792     52.750      0.771  40123.216    25.1414    11.8730      0.763    6.45687    11.8788    18.9679   11.75101 1.4133e+02 0.0000e+00
        213 225.431574    0.01472     0.8833     53.000      0.764  40115.399    25.1361    11.8753      0.756    6.45675    11.8839    18.9634   11.75089 1.4108e+02 0.0000e+00
        214 225.431577    0.01479     0.8875     53.250      0.755  40105.359    25.1295    11.8789      0.748    6.45652    11.8886    18.9577   11.75058 1.4132e+02 0.0000e+00
        215 225.431580    0.01486     0.8917     53.500      0.748  40095.569    25.1231    11.8840      0.741    6.45608    11.8891    18.9519   11.74992 1.4167e+02 0.0000e+00
        216 225.431583    0.01493     0.8958     53.750      0.747  40087.420    25.1178    11.8887      0.740    6.45564    11.8814    18.9470   11.74926 1.4167e+02 0.0000e+00
        217 225.431586    0.01500     0.9000     54.000      0.754  40081.276    25.1136    11.8892      0.747    6.45575    11.8639    18.9437   11.74949 1.4127e+02 0.0000e+00
        218 225.431589    0.01507     0.9042     54.250      0.767  40079.028    25.1115    11.8815      0.760    6.45691    11.8385    18.9433   11.75144 1.4075e+02 0.0000e+00
        219 225.431591    0.01514     0.9083     54.500      0.780  40085.341    25.1145    11.8639      0.773    6.45922    11.8106    18.9486   11.75526 1.4045e+02 0.0000e+00
        220 225.431594    0.01521     0.9125     54.750      0.789  40103.767    25.1252    11.8386      0.782    6.46230    11.7844    18.9612   11.76026 1.4071e+02 0.0000e+00
        221 225.431597    0.01528     0.9167     55.000      0.789  40130.311    25.1414    11.8107      0.782    6.46552    11.7616    18.9784   11.76542 1.4152e+02 0.0000e+00
        222 225.431600    0.01535     0.9208     55.250      0.781  40156.375    25.1573    11.7844      0.774    6.46852    11.7442    18.9951   11.77023 1.4231e+02 0.0000e+00
        223 225.431603    0.01542     0.9250     55.500      0.768  40176.128    25.1692    11.7617      0.760    6.47121    11.7318    19.0082   11.77455 1.4264e+02 0.0000e+00
        224 225.431606    0.01549     0.9292     55.750      0.754  40185.785    25.1745    11.7443      0.747    6.47342    11.7198    19.0152   11.77817 1.4242e+02 0.0000e+00
        225 225.431609    0.01556     0.9333     56.000      0.744  40183.349    25.1718    11.7318      0.737    6.47527    11.7048    19.0153   11.78128 1.4145e+02 0.0000e+00
        226 225.431612    0.01563     0.9375     56.250      0.740  40171.448    25.1626    11.7198      0.733    6.47731    11.6873    19.0102   11.78480 1.3996e+02 0.0000e+00
        227 225.431615    0.01569     0.9417     56.500      0.743  40155.977    25.1507    11.7049      0.736    6.47988    11.6693    19.0035   11.78922 1.3880e+02 0.0000e+00
        228 225.431617    0.01576     0.9458     56.750      0.749  40144.005    25.1410    11.6873      0.742    6.48273    11.6534    18.9990   11.79408 1.3852e+02 0.0000e+00
        229 225.431620    0.01583     0.9500     57.000      0.755  40141.703    25.1380    11.6694      0.748    6.48536    11.6411    18.9996   11.79850 1.3902e+02 0.0000e+00
        230 225.431623    0.01590     0.9542     57.250      0.758  40150.530    25.1428    11.6535      0.751    6.48739    11.6322    19.0060   11.80182 1.3993e+02 0.0000e+00
        231 225.431626    0.01597     0.9583     57.500      0.759  40165.414    25.1521    11.6412      0.752    6.48872    11.6252    19.0153   11.80393 1.4083e+02 0.0000e+00
        232 225.431629    0.01604     0.9625     57.750      0.758  40178.058    25.1601    11.6323      0.751    6.48964    11.6187    19.0230   11.80535 1.4129e+02 0.0000e+00
        233 225.431632    0.01611     0.9667     58.000      0.756  40183.670    25.1634    11.6253      0.749    6.49049    11.6123    19.0267   11.80673 1.4100e+02 0.0000e+00
        234 225.431635    0.01618     0.9708     58.250      0.755  40184.972    25.1638    11.6188      0.748    6.49138    11.6064    19.0281   11.80821 1.4013e+02 0.0000e+00
        235 225.431638    0.01625     0.9750     58.500      0.754  40188.908    25.1660    11.6124      0.747    6.49219    11.6018    19.0309   11.80953 1.3922e+02 0.0000e+00
        236 225.431641    0.01632     0.9792     58.750      0.753  40199.801    25.1731    11.6064      0.746    6.49273    11.5991    19.0373   11.81034 1.3869e+02 0.0000e+00
        237 225.431644    0.01639     0.9833     59.000      0.751  40216.132    25.1840    11.6019      0.744    6.49292    11.5978    19.0465   11.81053 1.3866e+02 0.0000e+00
        238 225.431646    0.01646     0.9875     59.250      0.748  40231.620    25.1944    11.5991      0.741    6.49287    11.5975    19.0551   11.81033 1.3896e+02 0.0000e+00
        239 225.431649    0.01653     0.9917     59.500      0.745  40239.908    25.2001    11.5979      0.738    6.49281    11.5973    19.0597   11.81016 1.3921e+02 0.0000e+00
        240 225.431652    0.01660     0.9958     59.750      0.744  40238.727    25.1992    11.5976      0.737    6.49290    11.5966    19.0591   11.81031 1.3910e+02 0.0000e+00
        241 225.431655    0.01667     1.0000     60.000      0.745  40230.761    25.1937    11.5974      0.738    6.49316    11.5954    19.0548   11.81080 1.3856e+02 0.0000e+00
        242 225.431658    0.01674     1.0042     60.250      0.749  40222.812    25.1882    11.5967      0.742    6.49348    11.5941    19.0506   11.81140 1.3795e+02 0.0000e+00
        243 225.431661    0.01681     1.0083     60.500      0.752  40221.560    25.1872    11.5955      0.745    6.49369    11.5937    19.0501   11.81177 1.3769e+02 0.0000e+00
        244 225.431664    0.01688     1.0125     60.750      0.756  40228.762    25.1921    11.5942      0.749    6.49367    11.5946    19.0541   11.81168 1.3793e+02 0.0000e+00
        245 225.431667    0.01694     1.0167     61.000      0.758  40240.316    25.2000    11.5938      0.751    6.49339    11.5962    19.0603   11.81112 1.3853e+02 0.0000e+00
        246 225.431670    0.01701     1.0208     61.250      0.759  40250.343    25.2070    11.5947      0.752    6.49299    11.5981    19.0656   11.81037 1.3913e+02 0.0000e+00
        247 225.431672    0.01708     1.0250     61.500      0.759  40256.347    25.2113    11.5963      0.752    6.49259    11.6000    19.0686   11.80965 1.3932e+02 0.0000e+00
        248 225.431675    0.01715     1.0292     61.750      0.760  40259.801    25.2138    11.5982      0.753    6.49222    11.6018    19.0703   11.80900 1.3877e+02 0.0000e+00
        249 225.431678    0.01722     1.0333     62.000      0.758  40263.439    25.2165    11.6001      0.751    6.49184    11.6032    19.0720   11.80833 1.3763e+02 0.0000e+00
        250 225.431681    0.01729     1.0375     62.250      0.755  40267.964    25.2197    11.6019      0.748    6.49145    11.6042    19.0742   11.80765 1.3658e+02 0.0000e+00
        251 225.431684    0.01736     1.0417     62.500      0.750  40270.967    25.2219    11.6033      0.743    6.49117    11.6052    19.0757   11.80715 1.3607e+02 0.0000e+00
        252 225.431687    0.01743     1.0458     62.750      0.744  40269.530    25.2210    11.6043      0.737    6.49106    11.6066    19.0748   11.80699 1.3598e+02 0.0000e+00
        253 225.431690    0.01750     1.0500     63.000      0.742  40261.627    25.2157    11.6052      0.735    6.49115    11.6080    19.0705   11.80720 1.3607e+02 0.0000e+00
        254 225.431693    0.01757     1.0542     63.250      0.744  40245.807    25.2049    11.6066      0.737    6.49140    11.6086    19.0619   11.80774 1.3620e+02 0.0000e+00
        255 225.431696    0.01764     1.0583     63.500      0.752  40224.798    25.1905    11.6081      0.745    6.49178    11.6080    19.0505   11.80855 1.3614e+02 0.0000e+00
        256 225.431698    0.01771     1.0625     63.750      0.764  40207.487    25.1786    11.6087      0.756    6.49219    11.6073    19.0412   11.80937 1.3576e+02 0.0000e+00
        257 225.431701    0.01778     1.0667     64.000      0.774  40202.117    25.1748    11.6081      0.766    6.49242    11.6079    19.0384   11.80981 1.3541e+02 0.0000e+00
        258 225.431704    0.01785     1.0708     64.250      0.778  40208.845    25.1794    11.6074      0.771    6.49233    11.6108    19.0420   11.80960 1.3545e+02 0.0000e+00
        259 225.431707    0.01792     1.0750     64.500      0.775  40220.069    25.1872    11.6080      0.768    6.49194    11.6180    19.0480   11.80885 1.3591e+02 0.0000e+00
        260 225.431710    0.01799     1.0792     64.750      0.768  40226.966    25.1922    11.6109      0.761    6.49133    11.6301    19.0514   11.80777 1.3655e+02 0.0000e+00
        261 225.431713    0.01806     1.0833     65.000      0.758  40223.290    25.1902    11.6181      0.751    6.49040    11.6443    19.0487   11.80626 1.3709e+02 0.0000e+00
        262 225.431716    0.01812     1.0875     65.250      0.750  40206.298    25.1795    11.6302      0.743    6.48914    11.6565    19.0383   11.80429 1.3727e+02 0.0000e+00
        263 225.431719    0.01819     1.0917     65.500      0.746  40179.507    25.1621    11.6444      0.739    6.48787    11.6648    19.0225   11.80239 1.3683e+02 0.0000e+00
        264 225.431722    0.01826     1.0958     65.750      0.748  40150.815    25.1433    11.6566      0.741    6.48693    11.6686    19.0059   11.80105 1.3599e+02 0.0000e+00
        265 225.431725    0.01833     1.1000     66.000      0.753  40128.261    25.1284    11.6649      0.746    6.48638    11.6688    18.9929   11.80032 1.3534e+02 0.0000e+00
        266 225.431727    0.01840     1.1042     66.250      0.759  40118.117    25.1217    11.6687      0.751    6.48612    11.6670    18.9871   11.79996 1.3526e+02 0.0000e+00
        267 225.431730    0.01847     1.1083     66.500      0.763  40121.317    25.1239    11.6689      0.755    6.48600    11.6642    18.9888   11.79973 1.3576e+02 0.0000e+00
        268 225.431733    0.01854     1.1125     66.750      0.764  40132.172    25.1313    11.6671      0.757    6.48596    11.6606    18.9948   11.79957 1.3659e+02 0.0000e+00
        269 225.431736    0.01861     1.1167     67.000      0.764  40143.604    25.1390    11.6643      0.757    6.48603    11.6565    19.0012   11.79961 1.3728e+02 0.0000e+00
        270 225.431739    0.01868     1.1208     67.250      0.763  40152.301    25.1447    11.6607      0.756    6.48630    11.6525    19.0062   11.79999 1.3735e+02 0.0000e+00
        271 225.431742    0.01875     1.1250     67.500      0.763  40158.894    25.1489    11.6565      0.755    6.48670    11.6491    19.0102   11.80061 1.3666e+02 0.0000e+00
