CTD-processing/allCTD/CNV--turbid/2014_04-07_t7_s22_cast287.cnv
* Sea-Bird SBE19plus Data File:
* FileName = C:\Users\kris.holderied\Documents\kasitsna\Research-Projects-and-Data\Oceanography-AK\CTD-CookInlet-GulfWatchAK\2014-04-EVOSTC-CookInlet-Ocean\2014-04-07-CookInlet-Tran7-Augustine\2014-04-07-CookInlet-Tran7-cast287.hex
* Software Version 1.59
* Temperature SN =  5028
* Conductivity SN =  5028
* System UpLoad Time = Apr 09 2014 12:09:12
** Cook Inlet LTM Transect 7 (Augustine) west to east
** Date: 7 Apr 2014
** Station: 7-22
** Start time: 09:42
** Depth (m): 75
** Comment:  CTD instrument time is AK Daylight time
** Comment:
# nquan = 16
# nvalues = 613                         
# units = specified
# name 0 = scan: Scan Count
# name 1 = timeJ: Julian Days
# name 2 = timeH: Time, Elapsed [hours]
# name 3 = timeM: Time, Elapsed [minutes]
# name 4 = timeS: Time, Elapsed [seconds]
# name 5 = prdM: Pressure, Strain Gauge [db]
# name 6 = specc: Specific Conductance [uS/cm]
# name 7 = sal00: Salinity, Practical [PSU]
# name 8 = tv290C: Temperature [ITS-90, deg C]
# name 9 = depSM: Depth [salt water, m], lat = 59.00
# name 10 = oxsolML/L: Oxygen Saturation, Garcia & Gordon [ml/l]
# name 11 = potemp090C: Potential Temperature [ITS-90, deg C]
# name 12 = sigma-é00: Density [sigma-theta, kg/m^3]
# name 13 = n2satML/L: Nitrogen Saturation [ml/l]
# name 14 = par: PAR/Irradiance, Biospherical/Licor
# name 15 = flag:  0.000e+00
# span 0 =          1,        613       
# span 1 =  97.403785,  97.405556       
# span 2 =    0.00000,    0.04250       
# span 3 =     0.0000,     2.5500       
# span 4 =      0.000,    153.000       
# span 5 =     -0.248,     74.503       
# span 6 =   1710.777,  51454.595       
# span 7 =     0.8310,    31.9351       
# span 8 =     3.6531,     4.7811       
# span 9 =     -0.246,     73.793       
# span 10 =    7.25822,    9.20474      
# span 11 =     3.6533,     4.7776      
# span 12 =     0.6439,    25.2819      
# span 13 =   12.99432,   16.69216      
# span 14 = 7.6078e-02, 2.1376e+02      
# span 15 = 0.0000e+00, 0.0000e+00      
# interval = seconds: 0.25
# start_time = Apr 07 2014 09:41:27 [Instrument's time stamp, header]
# bad_flag = -9.990e-29
*END*
[from data line 181]
        182  97.404308    0.01257     0.7542     45.250      1.676  51252.366    31.7900     4.5933      1.661    7.29779     4.5570    25.1742   13.06142 8.7746e+01 0.0000e+00
        183  97.404311    0.01264     0.7583     45.500      1.690  51278.785    31.8043     4.5766      1.674    7.30004     4.5396    25.1873   13.06494 9.0091e+01 0.0000e+00
        184  97.404314    0.01271     0.7625     45.750      1.674  51316.451    31.8257     4.5571      1.657    7.30241     4.5270    25.2063   13.06858 9.1171e+01 0.0000e+00
        185  97.404317    0.01278     0.7667     46.000      1.629  51355.774    31.8487     4.5397      1.613    7.30435     4.5208    25.2264   13.07149 9.1797e+01 0.0000e+00
        186  97.404320    0.01285     0.7708     46.250      1.561  51388.707    31.8685     4.5271      1.546    7.30560     4.5216    25.2433   13.07330 9.2929e+01 0.0000e+00
        187  97.404323    0.01292     0.7750     46.500      1.479  51408.810    31.8809     4.5209      1.465    7.30609     4.5296    25.2538   13.07394 9.4061e+01 0.0000e+00
        188  97.404326    0.01299     0.7792     46.750      1.392  51413.324    31.8842     4.5217      1.379    7.30578     4.5436    25.2563   13.07339 9.4840e+01 0.0000e+00
        189  97.404329    0.01306     0.7833     47.000      1.311  51403.033    31.8790     4.5297      1.299    7.30463     4.5606    25.2514   13.07156 9.4954e+01 0.0000e+00
        190  97.404332    0.01313     0.7875     47.250      1.243  51381.594    31.8676     4.5437      1.231    7.30273     4.5778    25.2409   13.06857 9.3985e+01 0.0000e+00
        191  97.404334    0.01319     0.7917     47.500      1.193  51354.671    31.8530     4.5607      1.182    7.30044     4.5933    25.2276   13.06498 9.1910e+01 0.0000e+00
        192  97.404337    0.01326     0.7958     47.750      1.165  51326.854    31.8379     4.5779      1.154    7.29816     4.6058    25.2138   13.06140 8.8505e+01 0.0000e+00
        193  97.404340    0.01333     0.8000     48.000      1.158  51300.579    31.8234     4.5934      1.148    7.29615     4.6147    25.2007   13.05828 8.3895e+01 0.0000e+00
        194  97.404343    0.01340     0.8042     48.250      1.174  51277.900    31.8106     4.6059      1.163    7.29457     4.6205    25.1893   13.05584 7.9288e+01 0.0000e+00
        195  97.404346    0.01347     0.8083     48.500      1.209  51261.446    31.8014     4.6148      1.198    7.29346     4.6247    25.1810   13.05412 7.5693e+01 0.0000e+00
        196  97.404349    0.01354     0.8125     48.750      1.263  51252.458    31.7965     4.6206      1.251    7.29268     4.6286    25.1765   13.05290 7.3457e+01 0.0000e+00
        197  97.404352    0.01361     0.8167     49.000      1.331  51247.908    31.7943     4.6248      1.319    7.29205     4.6318    25.1744   13.05189 7.2891e+01 0.0000e+00
        198  97.404355    0.01368     0.8208     49.250      1.408  51242.010    31.7911     4.6287      1.395    7.29152     4.6325    25.1714   13.05105 7.4037e+01 0.0000e+00
        199  97.404358    0.01375     0.8250     49.500      1.488  51231.028    31.7842     4.6319      1.474    7.29129     4.6288    25.1656   13.05076 7.6203e+01 0.0000e+00
        200  97.404361    0.01382     0.8292     49.750      1.561  51217.311    31.7750     4.6326      1.547    7.29162     4.6191    25.1582   13.05142 7.8433e+01 0.0000e+00
        201  97.404363    0.01389     0.8333     50.000      1.620  51208.423    31.7680     4.6289      1.605    7.29261     4.6030    25.1530   13.05314 8.0607e+01 0.0000e+00
        202  97.404366    0.01396     0.8375     50.250      1.659  51211.856    31.7681     4.6192      1.643    7.29431     4.5835    25.1542   13.05595 8.2833e+01 0.0000e+00
        203  97.404369    0.01403     0.8417     50.500      1.674  51230.794    31.7775     4.6032      1.658    7.29668     4.5649    25.1632   13.05974 8.5385e+01 0.0000e+00
        204  97.404372    0.01410     0.8458     50.750      1.662  51262.123    31.7945     4.5836      1.647    7.29928     4.5503    25.1788   13.06381 8.8877e+01 0.0000e+00
        205  97.404375    0.01417     0.8500     51.000      1.625  51298.957    31.8156     4.5650      1.610    7.30151     4.5408    25.1974   13.06723 9.2682e+01 0.0000e+00
        206  97.404378    0.01424     0.8542     51.250      1.566  51334.589    31.8367     4.5504      1.551    7.30305     4.5365    25.2157   13.06948 9.5266e+01 0.0000e+00
        207  97.404381    0.01431     0.8583     51.500      1.489  51363.895    31.8547     4.5409      1.475    7.30384     4.5374    25.2309   13.07056 9.6265e+01 0.0000e+00
        208  97.404384    0.01438     0.8625     51.750      1.403  51383.942    31.8675     4.5366      1.390    7.30399     4.5447    25.2415   13.07064 9.6637e+01 0.0000e+00
        209  97.404387    0.01444     0.8667     52.000      1.318  51392.689    31.8738     4.5375      1.305    7.30351     4.5587    25.2464   13.06977 9.6967e+01 0.0000e+00
        210  97.404389    0.01451     0.8708     52.250      1.241  51388.105    31.8723     4.5448      1.230    7.30230     4.5770    25.2445   13.06779 9.7153e+01 0.0000e+00
        211  97.404392    0.01458     0.8750     52.500      1.182  51369.402    31.8627     4.5588      1.171    7.30031     4.5955    25.2354   13.06463 9.6776e+01 0.0000e+00
        212  97.404395    0.01465     0.8792     52.750      1.147  51338.750    31.8458     4.5771      1.136    7.29791     4.6113    25.2202   13.06088 9.4541e+01 0.0000e+00
        213  97.404398    0.01472     0.8833     53.000      1.137  51302.825    31.8254     4.5956      1.127    7.29565     4.6239    25.2021   13.05743 8.9745e+01 0.0000e+00
        214  97.404401    0.01479     0.8875     53.250      1.154  51271.152    31.8073     4.6114      1.143    7.29376     4.6334    25.1860   13.05454 8.3644e+01 0.0000e+00
        215  97.404404    0.01486     0.8917     53.500      1.197  51250.866    31.7962     4.6240      1.186    7.29208     4.6400    25.1759   13.05192 7.7814e+01 0.0000e+00
        216  97.404407    0.01493     0.8958     53.750      1.264  51243.537    31.7933     4.6335      1.252    7.29056     4.6440    25.1726   13.04944 7.3128e+01 0.0000e+00
        217  97.404410    0.01500     0.9000     54.000      1.349  51243.909    31.7950     4.6401      1.336    7.28933     4.6452    25.1733   13.04739 7.0434e+01 0.0000e+00
        218  97.404413    0.01507     0.9042     54.250      1.444  51240.988    31.7938     4.6441      1.430    7.28868     4.6419    25.1720   13.04633 7.0575e+01 0.0000e+00
        219  97.404416    0.01514     0.9083     54.500      1.538  51228.017    31.7851     4.6453      1.524    7.28889     4.6316    25.1650   13.04679 7.3237e+01 0.0000e+00
        220  97.404418    0.01521     0.9125     54.750      1.620  51212.508    31.7737     4.6420      1.605    7.29003     4.6133    25.1562   13.04881 7.7280e+01 0.0000e+00
        221  97.404421    0.01528     0.9167     55.000      1.680  51211.135    31.7704     4.6318      1.664    7.29200     4.5901    25.1547   13.05211 8.1772e+01 0.0000e+00
        222  97.404424    0.01535     0.9208     55.250      1.709  51233.740    31.7817     4.6135      1.693    7.29466     4.5675    25.1656   13.05635 8.5375e+01 0.0000e+00
        223  97.404427    0.01542     0.9250     55.500      1.705  51275.437    31.8051     4.5902      1.689    7.29761     4.5501    25.1865   13.06092 8.7488e+01 0.0000e+00
        224  97.404430    0.01549     0.9292     55.750      1.667  51324.325    31.8335     4.5676      1.652    7.30019     4.5399    25.2114   13.06480 8.9962e+01 0.0000e+00
        225  97.404433    0.01556     0.9333     56.000      1.602  51369.051    31.8602     4.5502      1.587    7.30194     4.5381    25.2344   13.06736 9.3937e+01 0.0000e+00
        226  97.404436    0.01563     0.9375     56.250      1.516  51400.063    31.8792     4.5401      1.502    7.30280     4.5448    25.2505   13.06852 9.8862e+01 0.0000e+00
        227  97.404439    0.01569     0.9417     56.500      1.423  51412.620    31.8875     4.5382      1.409    7.30272     4.5583    25.2573   13.06828 1.0319e+02 0.0000e+00
        228  97.404442    0.01576     0.9458     56.750      1.332  51408.797    31.8864     4.5449      1.319    7.30159     4.5749    25.2557   13.06644 1.0429e+02 0.0000e+00
        229  97.404444    0.01583     0.9500     57.000      1.254  51394.265    31.8796     4.5583      1.242    7.29956     4.5916    25.2489   13.06318 1.0315e+02 0.0000e+00
        230  97.404447    0.01590     0.9542     57.250      1.196  51373.876    31.8694     4.5750      1.185    7.29712     4.6061    25.2391   13.05929 1.0116e+02 0.0000e+00
        231  97.404450    0.01597     0.9583     57.500      1.163  51350.652    31.8573     4.5917      1.152    7.29479     4.6172    25.2278   13.05559 9.6675e+01 0.0000e+00
        232  97.404453    0.01604     0.9625     57.750      1.157  51326.754    31.8442     4.6062      1.146    7.29288     4.6243    25.2159   13.05260 9.0202e+01 0.0000e+00
        233  97.404456    0.01611     0.9667     58.000      1.176  51303.452    31.8307     4.6173      1.165    7.29158     4.6271    25.2041   13.05064 8.3503e+01 0.0000e+00
        234  97.404459    0.01618     0.9708     58.250      1.218  51280.770    31.8167     4.6244      1.207    7.29102     4.6252    25.1923   13.04989 7.7929e+01 0.0000e+00
        235  97.404462    0.01625     0.9750     58.500      1.277  51259.520    31.8028     4.6272      1.265    7.29122     4.6183    25.1809   13.05039 7.4826e+01 0.0000e+00
        236  97.404465    0.01632     0.9792     58.750      1.345  51242.965    31.7910     4.6253      1.332    7.29212     4.6056    25.1717   13.05204 7.4125e+01 0.0000e+00
        237  97.404468    0.01639     0.9833     59.000      1.414  51235.979    31.7846     4.6184      1.401    7.29365     4.5878    25.1674   13.05464 7.4777e+01 0.0000e+00
        238  97.404470    0.01646     0.9875     59.250      1.476  51243.825    31.7871     4.6057      1.463    7.29576     4.5682    25.1706   13.05809 7.5658e+01 0.0000e+00
        239  97.404473    0.01653     0.9917     59.500      1.527  51267.608    31.7993     4.5879      1.513    7.29829     4.5509    25.1822   13.06212 7.6344e+01 0.0000e+00
        240  97.404476    0.01660     0.9958     59.750      1.564  51301.859    31.8183     4.5684      1.549    7.30080     4.5381    25.1993   13.06601 7.7463e+01 0.0000e+00
        241  97.404479    0.01667     1.0000     60.000      1.584  51339.171    31.8400     4.5510      1.569    7.30279     4.5303    25.2183   13.06902 7.8359e+01 0.0000e+00
        242  97.404482    0.01674     1.0042     60.250      1.589  51372.859    31.8602     4.5382      1.574    7.30405     4.5266    25.2356   13.07085 7.8776e+01 0.0000e+00
        243  97.404485    0.01681     1.0083     60.500      1.580  51397.480    31.8753     4.5304      1.565    7.30469     4.5258    25.2484   13.07170 8.1445e+01 0.0000e+00
        244  97.404488    0.01688     1.0125     60.750      1.557  51410.818    31.8836     4.5267      1.542    7.30493     4.5270    25.2554   13.07199 8.7400e+01 0.0000e+00
        245  97.404491    0.01694     1.0167     61.000      1.522  51413.872    31.8855     4.5259      1.508    7.30496     4.5293    25.2570   13.07203 9.4140e+01 0.0000e+00
        246  97.404494    0.01701     1.0208     61.250      1.480  51410.420    31.8835     4.5271      1.467    7.30487     4.5327    25.2552   13.07190 9.9171e+01 0.0000e+00
        247  97.404497    0.01708     1.0250     61.500      1.434  51405.784    31.8808     4.5294      1.421    7.30459     4.5376    25.2529   13.07147 1.0079e+02 0.0000e+00
        248  97.404499    0.01715     1.0292     61.750      1.391  51403.353    31.8800     4.5328      1.378    7.30403     4.5448    25.2518   13.07055 9.8728e+01 0.0000e+00
        249  97.404502    0.01722     1.0333     62.000      1.357  51402.532    31.8805     4.5377      1.345    7.30313     4.5548    25.2518   13.06906 9.5779e+01 0.0000e+00
        250  97.404505    0.01729     1.0375     62.250      1.338  51398.948    31.8797     4.5449      1.326    7.30191     4.5671    25.2504   13.06706 9.5058e+01 0.0000e+00
        251  97.404508    0.01736     1.0417     62.500      1.337  51387.403    31.8741     4.5549      1.324    7.30042     4.5789    25.2449   13.06466 9.6449e+01 0.0000e+00
        252  97.404511    0.01743     1.0458     62.750      1.354  51366.013    31.8622     4.5672      1.342    7.29885     4.5874    25.2342   13.06222 9.7414e+01 0.0000e+00
        253  97.404514    0.01750     1.0500     63.000      1.388  51339.796    31.8469     4.5790      1.375    7.29752     4.5909    25.2208   13.06023 9.5719e+01 0.0000e+00
        254  97.404517    0.01757     1.0542     63.250      1.437  51320.502    31.8356     4.5875      1.424    7.29659     4.5907    25.2109   13.05883 9.0909e+01 0.0000e+00
        255  97.404520    0.01764     1.0583     63.500      1.501  51320.125    31.8361     4.5910      1.488    7.29593     4.5913    25.2110   13.05775 8.4273e+01 0.0000e+00
        256  97.404523    0.01771     1.0625     63.750      1.588  51343.949    31.8524     4.5908      1.573    7.29517     4.5982    25.2239   13.05628 7.7860e+01 0.0000e+00
        257  97.404525    0.01778     1.0667     64.000      1.704  51384.308    31.8801     4.5914      1.688    7.29372     4.6136    25.2459   13.05353 7.3435e+01 0.0000e+00
        258  97.404528    0.01785     1.0708     64.250      1.851  51420.208    31.9062     4.5983      1.834    7.29122     4.6344    25.2659   13.04908 7.1275e+01 0.0000e+00
        259  97.404531    0.01792     1.0750     64.500      2.024  51437.074    31.9212     4.6137      2.005    7.28779     4.6570    25.2761   13.04321 7.0497e+01 0.0000e+00
        260  97.404534    0.01799     1.0792     64.750      2.217  51441.457    31.9288     4.6346      2.196    7.28375     4.6790    25.2800   13.03645 7.0650e+01 0.0000e+00
        261  97.404537    0.01806     1.0833     65.000      2.427  51441.913    31.9341     4.6571      2.404    7.27954     4.6988    25.2819   13.02943 7.1579e+01 0.0000e+00
        262  97.404540    0.01812     1.0875     65.250      2.651  51436.303    31.9351     4.6792      2.626    7.27563     4.7148    25.2804   13.02296 7.2624e+01 0.0000e+00
        263  97.404543    0.01819     1.0917     65.500      2.887  51424.123    31.9311     4.6990      2.860    7.27235     4.7264    25.2751   13.01760 7.2870e+01 0.0000e+00
        264  97.404546    0.01826     1.0958     65.750      3.135  51410.321    31.9251     4.7150      3.106    7.26985     4.7343    25.2687   13.01355 7.1763e+01 0.0000e+00
        265  97.404549    0.01833     1.1000     66.000      3.395  51398.678    31.9196     4.7266      3.364    7.26808     4.7393    25.2631   13.01069 6.9370e+01 0.0000e+00
        266  97.404552    0.01840     1.1042     66.250      3.669  51390.032    31.9153     4.7345      3.635    7.26691     4.7424    25.2589   13.00881 6.6189e+01 0.0000e+00
        267  97.404554    0.01847     1.1083     66.500      3.958  51384.219    31.9123     4.7396      3.921    7.26617     4.7442    25.2560   13.00763 6.2449e+01 0.0000e+00
        268  97.404557    0.01854     1.1125     66.750      4.261  51380.969    31.9106     4.7427      4.221    7.26572     4.7454    25.2543   13.00690 5.8143e+01 0.0000e+00
        269  97.404560    0.01861     1.1167     67.000      4.573  51379.674    31.9100     4.7445      4.530    7.26542     4.7464    25.2536   13.00643 5.3503e+01 0.0000e+00
        270  97.404563    0.01868     1.1208     67.250      4.889  51379.434    31.9099     4.7457      4.843    7.26521     4.7474    25.2535   13.00608 4.8942e+01 0.0000e+00
        271  97.404566    0.01875     1.1250     67.500      5.202  51379.439    31.9100     4.7468      5.153    7.26502     4.7481    25.2534   13.00577 4.4788e+01 0.0000e+00
