CTD-processing/allCTD/CNV--turbid/2014_10-18_t7_s22_cast141.cnv
* Sea-Bird SBE19plus Data File:
* FileName = C:\Users\kris.holderied\Documents\kasitsna\Research-Projects-and-Data\Oceanography-AK\CTD-Data-ALL-to-2014-10\2014-CTD-KachemakBay-CookInlet\2014-10-EVOSTC-CookInlet\2014-10-17-CookInlet-Tran7-Augustine\2014-10-18-CookInlet-Tran7-cast141.hex
* Software Version 1.59
* Temperature SN =  4141
* Conductivity SN =  4141
* System UpLoad Time = Oct 18 2014 20:43:58
** Cook Inlet LTM Tran7 (Augustine) west to east 2ND RUN
** Date: 10-18
** Station: 7-22
** Start time:  19:04
** Depth (m): 49
** Comment:  CTD time is Alaska Daylight time.  R/V Pandalus. Transducer  depth.
** Comment:
# nquan = 16
# nvalues = 675                         
# units = specified
# name 0 = scan: Scan Count
# name 1 = timeJ: Julian Days
# name 2 = timeH: Time, Elapsed [hours]
# name 3 = timeM: Time, Elapsed [minutes]
# name 4 = timeS: Time, Elapsed [seconds]
# name 5 = prdM: Pressure, Strain Gauge [db]
# name 6 = specc: Specific Conductance [uS/cm]
# name 7 = sal00: Salinity, Practical [PSU]
# name 8 = tv290C: Temperature [ITS-90, deg C]
# name 9 = depSM: Depth [salt water, m], lat = 59.00
# name 10 = oxsolML/L: Oxygen Saturation, Garcia & Gordon [ml/l]
# name 11 = potemp090C: Potential Temperature [ITS-90, deg C]
# name 12 = sigma-é00: Density [sigma-theta, kg/m^3]
# name 13 = n2satML/L: Nitrogen Saturation [ml/l]
# name 14 = par: PAR/Irradiance, Biospherical/Licor
# name 15 = flag:  0.000e+00
# span 0 =          1,        675       
# span 1 = 291.794769, 291.796719       
# span 2 =    0.00000,    0.04681       
# span 3 =     0.0000,     2.8083       
# span 4 =      0.000,    168.500       
# span 5 =     -0.301,     74.429       
# span 6 =    676.291,  48519.497       
# span 7 =     0.3232,    30.7678       
# span 8 =     8.3514,    10.4891       
# span 9 =     -0.298,     73.720       
# span 10 =    6.46274,    8.18118      
# span 11 =     8.3514,    10.4873      
# span 12 =     0.0735,    23.6695      
# span 13 =   11.70572,   14.97791      
# span 14 = 3.9711e-02, 2.0640e+00      
# span 15 = 0.0000e+00, 0.0000e+00      
# interval = seconds: 0.25
# start_time = Oct 18 2014 19:04:28 [Instrument's time stamp, header]
# bad_flag = -9.990e-29
*END*
[from data line 543]
        544 291.796340    0.03771     2.2625    135.750     50.010  48016.327    30.4472    10.0691     49.537    6.49193    10.0582    23.3891   11.74537 4.0165e-02 0.0000e+00
        545 291.796343    0.03778     2.2667    136.000     50.165  48021.606    30.4505    10.0662     49.690    6.49219    10.0563    23.3921   11.74577 4.0145e-02 0.0000e+00
        546 291.796345    0.03785     2.2708    136.250     50.299  48026.064    30.4533    10.0637     49.822    6.49243    10.0550    23.3947   11.74614 4.0127e-02 0.0000e+00
        547 291.796348    0.03792     2.2750    136.500     50.419  48029.633    30.4555    10.0618     49.941    6.49261    10.0540    23.3967   11.74640 4.0125e-02 0.0000e+00
        548 291.796351    0.03799     2.2792    136.750     50.536  48032.384    30.4572    10.0605     50.057    6.49273    10.0532    23.3983   11.74658 4.0130e-02 0.0000e+00
        549 291.796354    0.03806     2.2833    137.000     50.661  48034.702    30.4587    10.0595     50.181    6.49280    10.0523    23.3996   11.74668 4.0122e-02 0.0000e+00
        550 291.796357    0.03812     2.2875    137.250     50.803  48037.017    30.4602    10.0587     50.321    6.49285    10.0510    23.4008   11.74675 4.0113e-02 0.0000e+00
        551 291.796360    0.03819     2.2917    137.500     50.968  48039.898    30.4620    10.0579     50.485    6.49290    10.0492    23.4024   11.74681 4.0121e-02 0.0000e+00
        552 291.796363    0.03826     2.2958    137.750     51.160  48044.118    30.4648    10.0567     50.675    6.49296    10.0465    23.4048   11.74688 4.0140e-02 0.0000e+00
        553 291.796366    0.03833     2.3000    138.000     51.375  48050.483    30.4689    10.0548     50.888    6.49305    10.0427    23.4083   11.74697 4.0159e-02 0.0000e+00
        554 291.796369    0.03840     2.3042    138.250     51.607  48060.195    30.4753    10.0522     51.118    6.49316    10.0374    23.4138   11.74708 4.0154e-02 0.0000e+00
        555 291.796372    0.03847     2.3083    138.500     51.845  48074.738    30.4850    10.0483     51.354    6.49331    10.0309    23.4219   11.74720 4.0105e-02 0.0000e+00
        556 291.796374    0.03854     2.3125    138.750     52.079  48093.971    30.4978    10.0431     51.586    6.49352    10.0237    23.4327   11.74740 4.0037e-02 0.0000e+00
        557 291.796377    0.03861     2.3167    139.000     52.300  48114.818    30.5115    10.0366     51.804    6.49387    10.0169    23.4445   11.74783 3.9987e-02 0.0000e+00
        558 291.796380    0.03868     2.3208    139.250     52.500  48133.852    30.5239    10.0294     52.003    6.49437    10.0111    23.4553   11.74851 3.9968e-02 0.0000e+00
        559 291.796383    0.03875     2.3250    139.500     52.676  48150.041    30.5344    10.0226     52.178    6.49490    10.0063    23.4646   11.74926 3.9964e-02 0.0000e+00
        560 291.796386    0.03882     2.3292    139.750     52.830  48163.525    30.5431    10.0168     52.330    6.49537    10.0025    23.4723   11.74993 3.9962e-02 0.0000e+00
        561 291.796389    0.03889     2.3333    140.000     52.965  48173.900    30.5498    10.0120     52.463    6.49577     9.9999    23.4783   11.75052 3.9959e-02 0.0000e+00
        562 291.796392    0.03896     2.3375    140.250     53.090  48180.965    30.5542    10.0083     52.587    6.49612     9.9982    23.4824   11.75103 3.9965e-02 0.0000e+00
        563 291.796395    0.03903     2.3417    140.500     53.213  48185.564    30.5571    10.0057     52.709    6.49637     9.9972    23.4851   11.75142 3.9985e-02 0.0000e+00
        564 291.796398    0.03910     2.3458    140.750     53.345  48188.433    30.5588    10.0040     52.839    6.49654     9.9968    23.4867   11.75168 4.0006e-02 0.0000e+00
        565 291.796400    0.03917     2.3500    141.000     53.492  48189.370    30.5593    10.0030     52.986    6.49666     9.9970    23.4872   11.75187 4.0019e-02 0.0000e+00
        566 291.796403    0.03924     2.3542    141.250     53.661  48188.228    30.5584    10.0026     53.153    6.49675     9.9978    23.4866   11.75203 4.0025e-02 0.0000e+00
        567 291.796406    0.03931     2.3583    141.500     53.852  48185.359    30.5563    10.0029     53.342    6.49680     9.9989    23.4849   11.75214 4.0030e-02 0.0000e+00
        568 291.796409    0.03938     2.3625    141.750     54.062  48181.746    30.5538    10.0037     53.550    6.49679    10.0000    23.4828   11.75215 4.0033e-02 0.0000e+00
        569 291.796412    0.03944     2.3667    142.000     54.285  48178.830    30.5518    10.0048     53.771    6.49671    10.0007    23.4811   11.75205 4.0022e-02 0.0000e+00
        570 291.796415    0.03951     2.3708    142.250     54.514  48177.778    30.5511    10.0059     53.997    6.49658    10.0007    23.4803   11.75184 4.0004e-02 0.0000e+00
        571 291.796418    0.03958     2.3750    142.500     54.738  48179.114    30.5520    10.0066     54.219    6.49644    10.0000    23.4810   11.75160 3.9985e-02 0.0000e+00
        572 291.796421    0.03965     2.3792    142.750     54.951  48182.313    30.5542    10.0067     54.430    6.49635     9.9988    23.4827   11.75141 3.9960e-02 0.0000e+00
        573 291.796424    0.03972     2.3833    143.000     55.146  48186.366    30.5569    10.0060     54.623    6.49633     9.9973    23.4849   11.75135 3.9932e-02 0.0000e+00
        574 291.796427    0.03979     2.3875    143.250     55.320  48190.862    30.5598    10.0049     54.796    6.49637     9.9957    23.4874   11.75139 3.9906e-02 0.0000e+00
        575 291.796429    0.03986     2.3917    143.500     55.474  48195.597    30.5629    10.0034     54.949    6.49646     9.9942    23.4900   11.75149 3.9893e-02 0.0000e+00
        576 291.796432    0.03993     2.3958    143.750     55.613  48199.743    30.5656    10.0018     55.086    6.49657     9.9929    23.4923   11.75164 3.9894e-02 0.0000e+00
        577 291.796435    0.04000     2.4000    144.000     55.743  48203.072    30.5677    10.0003     55.215    6.49669     9.9918    23.4942   11.75182 3.9893e-02 0.0000e+00
        578 291.796438    0.04007     2.4042    144.250     55.875  48206.375    30.5698     9.9990     55.345    6.49678     9.9905    23.4961   11.75195 3.9887e-02 0.0000e+00
        579 291.796441    0.04014     2.4083    144.500     56.016  48210.151    30.5723     9.9979     55.485    6.49685     9.9888    23.4982   11.75203 3.9876e-02 0.0000e+00
        580 291.796444    0.04021     2.4125    144.750     56.175  48215.145    30.5755     9.9966     55.642    6.49689     9.9865    23.5009   11.75206 3.9871e-02 0.0000e+00
        581 291.796447    0.04028     2.4167    145.000     56.355  48222.214    30.5802     9.9949     55.821    6.49693     9.9834    23.5049   11.75208 3.9878e-02 0.0000e+00
        582 291.796450    0.04035     2.4208    145.250     56.556  48231.246    30.5862     9.9926     56.019    6.49701     9.9799    23.5099   11.75214 3.9879e-02 0.0000e+00
        583 291.796453    0.04042     2.4250    145.500     56.772  48241.243    30.5928     9.9896     56.234    6.49717     9.9762    23.5155   11.75232 3.9870e-02 0.0000e+00
        584 291.796455    0.04049     2.4292    145.750     56.997  48250.814    30.5990     9.9860     56.457    6.49742     9.9728    23.5209   11.75266 3.9871e-02 0.0000e+00
        585 291.796458    0.04056     2.4333    146.000     57.223  48259.350    30.6045     9.9824     56.680    6.49771     9.9698    23.5258   11.75307 3.9872e-02 0.0000e+00
        586 291.796461    0.04063     2.4375    146.250     57.441  48267.019    30.6093     9.9791     56.897    6.49799     9.9673    23.5301   11.75347 3.9858e-02 0.0000e+00
        587 291.796464    0.04069     2.4417    146.500     57.648  48273.631    30.6135     9.9761     57.101    6.49824     9.9655    23.5339   11.75383 3.9845e-02 0.0000e+00
        588 291.796467    0.04076     2.4458    146.750     57.840  48278.578    30.6166     9.9736     57.291    6.49846     9.9644    23.5367   11.75416 3.9845e-02 0.0000e+00
        589 291.796470    0.04083     2.4500    147.000     58.019  48281.520    30.6184     9.9718     57.468    6.49864     9.9639    23.5383   11.75445 3.9854e-02 0.0000e+00
        590 291.796473    0.04090     2.4542    147.250     58.188  48282.602    30.6189     9.9707     57.636    6.49878     9.9640    23.5390   11.75467 3.9865e-02 0.0000e+00
        591 291.796476    0.04097     2.4583    147.500     58.354  48282.462    30.6187     9.9703     57.800    6.49885     9.9642    23.5389   11.75478 3.9883e-02 0.0000e+00
        592 291.796479    0.04104     2.4625    147.750     58.522  48282.097    30.6184     9.9704     57.967    6.49885     9.9642    23.5386   11.75478 3.9910e-02 0.0000e+00
        593 291.796481    0.04111     2.4667    148.000     58.701  48282.385    30.6185     9.9706     58.144    6.49881     9.9635    23.5387   11.75472 3.9933e-02 0.0000e+00
        594 291.796484    0.04118     2.4708    148.250     58.894  48284.244    30.6198     9.9706     58.335    6.49876     9.9622    23.5397   11.75462 3.9937e-02 0.0000e+00
        595 291.796487    0.04125     2.4750    148.500     59.105  48287.932    30.6222     9.9700     58.544    6.49875     9.9604    23.5417   11.75457 3.9920e-02 0.0000e+00
        596 291.796490    0.04132     2.4792    148.750     59.330  48292.567    30.6252     9.9687     58.767    6.49881     9.9584    23.5442   11.75464 3.9903e-02 0.0000e+00
        597 291.796493    0.04139     2.4833    149.000     59.563  48297.502    30.6284     9.9669     58.998    6.49893     9.9564    23.5470   11.75481 3.9893e-02 0.0000e+00
        598 291.796496    0.04146     2.4875    149.250     59.799  48302.726    30.6317     9.9649     59.231    6.49907     9.9545    23.5499   11.75500 3.9872e-02 0.0000e+00
        599 291.796499    0.04153     2.4917    149.500     60.031  48307.860    30.6350     9.9629     59.461    6.49922     9.9530    23.5528   11.75520 3.9855e-02 0.0000e+00
        600 291.796502    0.04160     2.4958    149.750     60.254  48311.701    30.6373     9.9610     59.681    6.49939     9.9522    23.5550   11.75545 3.9846e-02 0.0000e+00
        601 291.796505    0.04167     2.5000    150.000     60.462  48313.380    30.6383     9.9595     59.888    6.49956     9.9521    23.5559   11.75573 3.9835e-02 0.0000e+00
        602 291.796508    0.04174     2.5042    150.250     60.655  48313.446    30.6381     9.9587     60.079    6.49968     9.9525    23.5559   11.75593 3.9818e-02 0.0000e+00
        603 291.796510    0.04181     2.5083    150.500     60.834  48312.763    30.6376     9.9587     60.257    6.49971     9.9531    23.5555   11.75599 3.9811e-02 0.0000e+00
        604 291.796513    0.04188     2.5125    150.750     61.003  48311.491    30.6367     9.9591     60.424    6.49969     9.9537    23.5547   11.75596 3.9816e-02 0.0000e+00
        605 291.796516    0.04194     2.5167    151.000     61.166  48309.837    30.6355     9.9597     60.585    6.49965     9.9542    23.5537   11.75591 3.9820e-02 0.0000e+00
        606 291.796519    0.04201     2.5208    151.250     61.328  48308.274    30.6344     9.9604     60.746    6.49960     9.9546    23.5528   11.75585 3.9815e-02 0.0000e+00
        607 291.796522    0.04208     2.5250    151.500     61.495  48307.229    30.6337     9.9609     60.912    6.49956     9.9548    23.5521   11.75578 3.9801e-02 0.0000e+00
        608 291.796525    0.04215     2.5292    151.750     61.674  48306.816    30.6334     9.9613     61.089    6.49952     9.9548    23.5518   11.75571 3.9800e-02 0.0000e+00
        609 291.796528    0.04222     2.5333    152.000     61.868  48306.783    30.6333     9.9616     61.281    6.49949     9.9547    23.5517   11.75567 3.9814e-02 0.0000e+00
        610 291.796531    0.04229     2.5375    152.250     62.079  48307.246    30.6335     9.9616     61.490    6.49947     9.9543    23.5519   11.75564 3.9820e-02 0.0000e+00
        611 291.796534    0.04236     2.5417    152.500     62.308  48308.507    30.6343     9.9614     61.716    6.49946     9.9536    23.5525   11.75561 3.9805e-02 0.0000e+00
        612 291.796536    0.04243     2.5458    152.750     62.550  48310.685    30.6357     9.9611     61.956    6.49946     9.9525    23.5537   11.75558 3.9781e-02 0.0000e+00
        613 291.796539    0.04250     2.5500    153.000     62.798  48313.942    30.6378     9.9604     62.202    6.49946     9.9510    23.5554   11.75557 3.9764e-02 0.0000e+00
        614 291.796542    0.04257     2.5542    153.250     63.046  48318.100    30.6405     9.9593     62.448    6.49950     9.9493    23.5577   11.75560 3.9751e-02 0.0000e+00
        615 291.796545    0.04264     2.5583    153.500     63.286  48322.456    30.6433     9.9579     62.685    6.49960     9.9477    23.5601   11.75573 3.9741e-02 0.0000e+00
        616 291.796548    0.04271     2.5625    153.750     63.509  48326.379    30.6457     9.9562     62.906    6.49974     9.9463    23.5623   11.75592 3.9740e-02 0.0000e+00
        617 291.796551    0.04278     2.5667    154.000     63.711  48329.781    30.6478     9.9546     63.106    6.49988     9.9451    23.5642   11.75613 3.9732e-02 0.0000e+00
        618 291.796554    0.04285     2.5708    154.250     63.890  48332.919    30.6498     9.9532     63.283    6.49999     9.9442    23.5659   11.75629 3.9717e-02 0.0000e+00
        619 291.796557    0.04292     2.5750    154.500     64.047  48335.774    30.6516     9.9521     63.439    6.50007     9.9434    23.5675   11.75642 3.9711e-02 0.0000e+00
        620 291.796560    0.04299     2.5792    154.750     64.189  48337.954    30.6529     9.9511     63.580    6.50015     9.9430    23.5687   11.75653 3.9715e-02 0.0000e+00
        621 291.796562    0.04306     2.5833    155.000     64.323  48339.177    30.6536     9.9504     63.712    6.50022     9.9428    23.5694   11.75664 3.9722e-02 0.0000e+00
        622 291.796565    0.04312     2.5875    155.250     64.459  48339.277    30.6536     9.9500     63.847    6.50028     9.9431    23.5695   11.75674 3.9733e-02 0.0000e+00
        623 291.796568    0.04319     2.5917    155.500     64.606  48338.192    30.6528     9.9498     63.992    6.50034     9.9436    23.5689   11.75684 3.9750e-02 0.0000e+00
        624 291.796571    0.04326     2.5958    155.750     64.770  48336.600    30.6516     9.9501     64.154    6.50035     9.9443    23.5679   11.75687 3.9772e-02 0.0000e+00
        625 291.796574    0.04333     2.6000    156.000     64.953  48335.321    30.6507     9.9507     64.336    6.50030     9.9448    23.5671   11.75681 3.9788e-02 0.0000e+00
        626 291.796577    0.04340     2.6042    156.250     65.156  48334.421    30.6501     9.9513     64.536    6.50024     9.9452    23.5665   11.75671 3.9789e-02 0.0000e+00
        627 291.796580    0.04347     2.6083    156.500     65.373  48333.886    30.6497     9.9519     64.751    6.50017     9.9455    23.5661   11.75661 3.9789e-02 0.0000e+00
        628 291.796583    0.04354     2.6125    156.750     65.599  48333.729    30.6495     9.9523     64.975    6.50012     9.9458    23.5659   11.75652 3.9800e-02 0.0000e+00
        629 291.796586    0.04361     2.6167    157.000     65.828  48333.623    30.6494     9.9527     65.202    6.50008     9.9460    23.5658   11.75645 3.9806e-02 0.0000e+00
        630 291.796589    0.04368     2.6208    157.250     66.055  48333.334    30.6492     9.9529     65.427    6.50005     9.9462    23.5656   11.75641 3.9798e-02 0.0000e+00
        631 291.796591    0.04375     2.6250    157.500     66.278  48333.235    30.6490     9.9532     65.648    6.50002     9.9461    23.5654   11.75636 3.9796e-02 0.0000e+00
        632 291.796594    0.04382     2.6292    157.750     66.494  48333.866    30.6494     9.9534     65.862    6.49997     9.9457    23.5657   11.75629 3.9814e-02 0.0000e+00
