CTD-processing/allCTD/CNV--turbid/2014_04-11_t4_s01_cast026.cnv
* Sea-Bird SBE19plus Data File:
* FileName = C:\Users\kris.holderied\Documents\kasitsna\Research-Projects-and-Data\Oceanography-AK\CTD-Data-ALL-to-2014-03\2014-CTD-KachemakBay-CookInlet\2014-04-EVOSTC-CookInlet-Ocean\2014-04-11-CookInlet-Tran4-Barabara\2014-04-11-CookInlet-Tran4-Barabara-cast026.hex
* Software Version 1.59
* Temperature SN =  5028
* Conductivity SN =  5028
* System UpLoad Time = May 27 2014 23:12:07
** Cook Inlet LTM Transect 4  (Barabara) North to South
** Date: 2014-04-11
** Station: 4-01
** Start time: 18:28
** Depth (m): 14
** Comment:  CTD time is Alaska Daylight time
** Comment:
# nquan = 16
# nvalues = 292                         
# units = specified
# name 0 = scan: Scan Count
# name 1 = timeJ: Julian Days
# name 2 = timeH: Time, Elapsed [hours]
# name 3 = timeM: Time, Elapsed [minutes]
# name 4 = timeS: Time, Elapsed [seconds]
# name 5 = prdM: Pressure, Strain Gauge [db]
# name 6 = specc: Specific Conductance [uS/cm]
# name 7 = sal00: Salinity, Practical [PSU]
# name 8 = tv290C: Temperature [ITS-90, deg C]
# name 9 = depSM: Depth [salt water, m], lat = 59.00
# name 10 = oxsolML/L: Oxygen Saturation, Garcia & Gordon [ml/l]
# name 11 = potemp090C: Potential Temperature [ITS-90, deg C]
# name 12 = sigma-é00: Density [sigma-theta, kg/m^3]
# name 13 = n2satML/L: Nitrogen Saturation [ml/l]
# name 14 = par: PAR/Irradiance, Biospherical/Licor
# name 15 = flag:  0.000e+00
# span 0 =          1,        292       
# span 1 = 101.769398, 101.770240       
# span 2 =    0.00000,    0.02021       
# span 3 =     0.0000,     1.2125       
# span 4 =      0.000,     72.750       
# span 5 =      0.047,     15.373       
# span 6 =    959.123,  51479.165       
# span 7 =     0.4570,    31.9368       
# span 8 =     4.5255,     4.7486       
# span 9 =      0.046,     15.229       
# span 10 =    7.26663,    9.01912      
# span 11 =     4.5256,     4.7485      
# span 12 =     0.3400,    25.2919      
# span 13 =   13.00882,   16.38711      
# span 14 = 1.4170e+01, 4.6658e+02      
# span 15 = 0.0000e+00, 0.0000e+00      
# interval = seconds: 0.25
# start_time = Apr 11 2014 18:27:56 [Instrument's time stamp, header]
# bad_flag = -9.990e-29
*END*
[from data line 91]
         92 101.769661    0.00632     0.3792     22.750      1.272  51301.180    31.8546     4.7302      1.260    7.27062     4.7296    25.2111   13.01573 1.9725e+02 0.0000e+00
         93 101.769664    0.00639     0.3833     23.000      1.297  51305.963    31.8578     4.7300      1.285    7.27051     4.7293    25.2137   13.01550 1.9647e+02 0.0000e+00
         94 101.769667    0.00646     0.3875     23.250      1.317  51312.028    31.8618     4.7297      1.305    7.27036     4.7291    25.2170   13.01520 1.9934e+02 0.0000e+00
         95 101.769670    0.00653     0.3917     23.500      1.330  51317.612    31.8656     4.7294      1.317    7.27023     4.7290    25.2200   13.01493 2.0126e+02 0.0000e+00
         96 101.769673    0.00660     0.3958     23.750      1.333  51319.973    31.8672     4.7292      1.320    7.27019     4.7289    25.2213   13.01485 2.0071e+02 0.0000e+00
         97 101.769676    0.00667     0.4000     24.000      1.326  51317.232    31.8653     4.7290      1.314    7.27031     4.7289    25.2198   13.01507 2.0076e+02 0.0000e+00
         98 101.769679    0.00674     0.4042     24.250      1.312  51310.377    31.8606     4.7290      1.300    7.27055     4.7290    25.2160   13.01552 2.0310e+02 0.0000e+00
         99 101.769682    0.00681     0.4083     24.500      1.293  51302.897    31.8555     4.7290      1.281    7.27080     4.7292    25.2120   13.01600 2.0616e+02 0.0000e+00
        100 101.769685    0.00688     0.4125     24.750      1.273  51297.530    31.8518     4.7291      1.261    7.27096     4.7294    25.2091   13.01632 2.0981e+02 0.0000e+00
        101 101.769688    0.00694     0.4167     25.000      1.256  51294.558    31.8498     4.7293      1.244    7.27102     4.7297    25.2075   13.01644 2.1388e+02 0.0000e+00
        102 101.769690    0.00701     0.4208     25.250      1.244  51293.126    31.8489     4.7295      1.232    7.27102     4.7300    25.2067   13.01646 2.1410e+02 0.0000e+00
        103 101.769693    0.00708     0.4250     25.500      1.237  51292.445    31.8485     4.7298      1.226    7.27099     4.7303    25.2064   13.01642 2.0945e+02 0.0000e+00
        104 101.769696    0.00715     0.4292     25.750      1.235  51292.038    31.8483     4.7301      1.224    7.27096     4.7306    25.2062   13.01636 2.0419e+02 0.0000e+00
        105 101.769699    0.00722     0.4333     26.000      1.237  51291.701    31.8481     4.7304      1.226    7.27092     4.7309    25.2060   13.01629 2.0095e+02 0.0000e+00
        106 101.769702    0.00729     0.4375     26.250      1.243  51291.318    31.8479     4.7307      1.231    7.27087     4.7311    25.2058   13.01622 1.9945e+02 0.0000e+00
        107 101.769705    0.00736     0.4417     26.500      1.251  51290.880    31.8477     4.7310      1.239    7.27083     4.7314    25.2056   13.01616 1.9745e+02 0.0000e+00
        108 101.769708    0.00743     0.4458     26.750      1.260  51290.521    31.8475     4.7312      1.248    7.27079     4.7316    25.2054   13.01609 1.9416e+02 0.0000e+00
        109 101.769711    0.00750     0.4500     27.000      1.271  51290.500    31.8475     4.7315      1.259    7.27074     4.7317    25.2054   13.01601 1.9151e+02 0.0000e+00
        110 101.769714    0.00757     0.4542     27.250      1.281  51291.179    31.8480     4.7317      1.269    7.27068     4.7317    25.2058   13.01590 1.9191e+02 0.0000e+00
        111 101.769716    0.00764     0.4583     27.500      1.289  51292.797    31.8491     4.7318      1.277    7.27060     4.7316    25.2067   13.01576 1.9425e+02 0.0000e+00
        112 101.769719    0.00771     0.4625     27.750      1.294  51295.052    31.8507     4.7318      1.282    7.27053     4.7314    25.2079   13.01562 1.9473e+02 0.0000e+00
        113 101.769722    0.00778     0.4667     28.000      1.296  51296.792    31.8519     4.7317      1.284    7.27050     4.7312    25.2088   13.01556 1.9499e+02 0.0000e+00
        114 101.769725    0.00785     0.4708     28.250      1.294  51296.495    31.8516     4.7315      1.282    7.27054     4.7311    25.2087   13.01564 1.9786e+02 0.0000e+00
        115 101.769728    0.00792     0.4750     28.500      1.288  51294.093    31.8499     4.7313      1.276    7.27065     4.7311    25.2073   13.01584 1.9954e+02 0.0000e+00
        116 101.769731    0.00799     0.4792     28.750      1.280  51291.412    31.8481     4.7312      1.268    7.27076     4.7311    25.2059   13.01604 1.9774e+02 0.0000e+00
        117 101.769734    0.00806     0.4833     29.000      1.272  51290.024    31.8471     4.7312      1.260    7.27081     4.7310    25.2051   13.01614 1.9497e+02 0.0000e+00
        118 101.769737    0.00813     0.4875     29.250      1.266  51290.197    31.8472     4.7312      1.254    7.27081     4.7308    25.2052   13.01613 1.9287e+02 0.0000e+00
        119 101.769740    0.00819     0.4917     29.500      1.264  51291.767    31.8483     4.7311      1.252    7.27078     4.7304    25.2061   13.01606 1.9157e+02 0.0000e+00
        120 101.769742    0.00826     0.4958     29.750      1.266  51294.742    31.8503     4.7309      1.254    7.27072     4.7300    25.2077   13.01594 1.9081e+02 0.0000e+00
        121 101.769745    0.00833     0.5000     30.000      1.271  51299.037    31.8532     4.7305      1.259    7.27064     4.7295    25.2100   13.01578 1.8971e+02 0.0000e+00
        122 101.769748    0.00840     0.5042     30.250      1.275  51303.507    31.8561     4.7300      1.263    7.27058     4.7292    25.2124   13.01564 1.8710e+02 0.0000e+00
        123 101.769751    0.00847     0.5083     30.500      1.278  51305.780    31.8576     4.7296      1.266    7.27059     4.7292    25.2136   13.01563 1.8536e+02 0.0000e+00
        124 101.769754    0.00854     0.5125     30.750      1.279  51304.303    31.8565     4.7293      1.267    7.27068     4.7293    25.2128   13.01581 1.8593e+02 0.0000e+00
        125 101.769757    0.00861     0.5167     31.000      1.278  51300.274    31.8537     4.7293      1.266    7.27083     4.7294    25.2106   13.01608 1.8627e+02 0.0000e+00
        126 101.769760    0.00868     0.5208     31.250      1.276  51296.321    31.8510     4.7294      1.264    7.27095     4.7296    25.2084   13.01631 1.8433e+02 0.0000e+00
        127 101.769763    0.00875     0.5250     31.500      1.274  51293.889    31.8494     4.7295      1.262    7.27100     4.7298    25.2071   13.01641 1.8170e+02 0.0000e+00
        128 101.769766    0.00882     0.5292     31.750      1.273  51292.983    31.8488     4.7297      1.261    7.27099     4.7298    25.2066   13.01640 1.7916e+02 0.0000e+00
        129 101.769769    0.00889     0.5333     32.000      1.272  51293.261    31.8490     4.7299      1.260    7.27095     4.7297    25.2068   13.01634 1.7382e+02 0.0000e+00
        130 101.769771    0.00896     0.5375     32.250      1.270  51294.580    31.8500     4.7299      1.258    7.27090     4.7294    25.2075   13.01624 1.6678e+02 0.0000e+00
        131 101.769774    0.00903     0.5417     32.500      1.266  51296.465    31.8512     4.7297      1.254    7.27086     4.7290    25.2085   13.01617 1.6006e+02 0.0000e+00
        132 101.769777    0.00910     0.5458     32.750      1.259  51297.662    31.8520     4.7294      1.247    7.27088     4.7288    25.2092   13.01620 1.5247e+02 0.0000e+00
        133 101.769780    0.00917     0.5500     33.000      1.250  51297.365    31.8517     4.7291      1.238    7.27096     4.7288    25.2090   13.01633 1.4400e+02 0.0000e+00
        134 101.769783    0.00924     0.5542     33.250      1.242  51296.230    31.8509     4.7289      1.230    7.27104     4.7290    25.2083   13.01647 1.3801e+02 0.0000e+00
        135 101.769786    0.00931     0.5583     33.500      1.239  51295.548    31.8504     4.7289      1.227    7.27106     4.7292    25.2080   13.01651 1.3636e+02 0.0000e+00
        136 101.769789    0.00937     0.5625     33.750      1.242  51296.130    31.8508     4.7291      1.230    7.27100     4.7292    25.2083   13.01641 1.3672e+02 0.0000e+00
        137 101.769792    0.00944     0.5667     34.000      1.250  51298.339    31.8524     4.7293      1.238    7.27089     4.7291    25.2095   13.01621 1.3642e+02 0.0000e+00
        138 101.769795    0.00951     0.5708     34.250      1.261  51302.145    31.8550     4.7293      1.249    7.27076     4.7289    25.2116   13.01595 1.3453e+02 0.0000e+00
        139 101.769797    0.00958     0.5750     34.500      1.272  51306.444    31.8579     4.7292      1.260    7.27064     4.7287    25.2139   13.01571 1.3197e+02 0.0000e+00
        140 101.769800    0.00965     0.5792     34.750      1.283  51309.467    31.8599     4.7290      1.271    7.27058     4.7285    25.2155   13.01559 1.2962e+02 0.0000e+00
        141 101.769803    0.00972     0.5833     35.000      1.294  51310.764    31.8608     4.7288      1.282    7.27057     4.7282    25.2162   13.01557 1.2822e+02 0.0000e+00
        142 101.769806    0.00979     0.5875     35.250      1.303  51312.058    31.8616     4.7286      1.291    7.27057     4.7277    25.2169   13.01555 1.2832e+02 0.0000e+00
        143 101.769809    0.00986     0.5917     35.500      1.309  51315.380    31.8638     4.7283      1.297    7.27051     4.7270    25.2187   13.01543 1.2867e+02 0.0000e+00
        144 101.769812    0.00993     0.5958     35.750      1.311  51320.566    31.8673     4.7278      1.299    7.27043     4.7261    25.2215   13.01524 1.2790e+02 0.0000e+00
        145 101.769815    0.01000     0.6000     36.000      1.307  51325.320    31.8704     4.7271      1.294    7.27039     4.7251    25.2240   13.01514 1.2654e+02 0.0000e+00
        146 101.769818    0.01007     0.6042     36.250      1.296  51327.348    31.8716     4.7262      1.284    7.27049     4.7242    25.2250   13.01529 1.2584e+02 0.0000e+00
        147 101.769821    0.01014     0.6083     36.500      1.280  51325.939    31.8704     4.7252      1.268    7.27073     4.7236    25.2242   13.01570 1.2550e+02 0.0000e+00
        148 101.769823    0.01021     0.6125     36.750      1.263  51322.084    31.8676     4.7243      1.251    7.27103     4.7235    25.2220   13.01623 1.2471e+02 0.0000e+00
        149 101.769826    0.01028     0.6167     37.000      1.248  51317.283    31.8642     4.7237      1.236    7.27129     4.7238    25.2194   13.01670 1.2354e+02 0.0000e+00
        150 101.769829    0.01035     0.6208     37.250      1.239  51312.804    31.8611     4.7236      1.227    7.27146     4.7244    25.2170   13.01702 1.2221e+02 0.0000e+00
        151 101.769832    0.01042     0.6250     37.500      1.237  51309.879    31.8591     4.7239      1.226    7.27150     4.7251    25.2154   13.01712 1.2109e+02 0.0000e+00
        152 101.769835    0.01049     0.6292     37.750      1.244  51309.609    31.8591     4.7245      1.232    7.27140     4.7256    25.2153   13.01696 1.2060e+02 0.0000e+00
        153 101.769838    0.01056     0.6333     38.000      1.257  51312.963    31.8615     4.7252      1.245    7.27117     4.7258    25.2172   13.01655 1.2086e+02 0.0000e+00
        154 101.769841    0.01063     0.6375     38.250      1.271  51320.648    31.8669     4.7257      1.260    7.27082     4.7258    25.2214   13.01590 1.2060e+02 0.0000e+00
        155 101.769844    0.01069     0.6417     38.500      1.284  51331.922    31.8747     4.7259      1.272    7.27040     4.7255    25.2275   13.01510 1.1864e+02 0.0000e+00
        156 101.769847    0.01076     0.6458     38.750      1.292  51343.465    31.8826     4.7259      1.280    7.27002     4.7252    25.2338   13.01437 1.1597e+02 0.0000e+00
        157 101.769850    0.01083     0.6500     39.000      1.295  51350.840    31.8876     4.7256      1.283    7.26982     4.7248    25.2378   13.01398 1.1402e+02 0.0000e+00
        158 101.769852    0.01090     0.6542     39.250      1.292  51351.840    31.8882     4.7253      1.280    7.26985     4.7244    25.2383   13.01403 1.1287e+02 0.0000e+00
        159 101.769855    0.01097     0.6583     39.500      1.287  51348.047    31.8855     4.7249      1.275    7.27005     4.7239    25.2362   13.01438 1.1227e+02 0.0000e+00
        160 101.769858    0.01104     0.6625     39.750      1.278  51343.056    31.8820     4.7245      1.266    7.27029     4.7235    25.2335   13.01482 1.1240e+02 0.0000e+00
        161 101.769861    0.01111     0.6667     40.000      1.267  51339.045    31.8792     4.7240      1.255    7.27051     4.7233    25.2313   13.01522 1.1284e+02 0.0000e+00
        162 101.769864    0.01118     0.6708     40.250      1.256  51335.460    31.8766     4.7236      1.244    7.27070     4.7233    25.2293   13.01558 1.1333e+02 0.0000e+00
        163 101.769867    0.01125     0.6750     40.500      1.247  51330.918    31.8734     4.7233      1.235    7.27090     4.7235    25.2268   13.01595 1.1368e+02 0.0000e+00
        164 101.769870    0.01132     0.6792     40.750      1.244  51325.354    31.8696     4.7233      1.232    7.27109     4.7241    25.2238   13.01631 1.1331e+02 0.0000e+00
        165 101.769873    0.01139     0.6833     41.000      1.249  51320.390    31.8663     4.7236      1.237    7.27120     4.7250    25.2211   13.01654 1.1302e+02 0.0000e+00
        166 101.769876    0.01146     0.6875     41.250      1.263  51318.309    31.8650     4.7242      1.251    7.27116     4.7261    25.2200   13.01649 1.1424e+02 0.0000e+00
        167 101.769878    0.01153     0.6917     41.500      1.283  51320.907    31.8670     4.7251      1.271    7.27091     4.7273    25.2215   13.01604 1.1629e+02 0.0000e+00
        168 101.769881    0.01160     0.6958     41.750      1.304  51329.286    31.8729     4.7262      1.292    7.27043     4.7289    25.2261   13.01517 1.1709e+02 0.0000e+00
        169 101.769884    0.01167     0.7000     42.000      1.320  51342.841    31.8825     4.7274      1.308    7.26975     4.7312    25.2336   13.01393 1.1605e+02 0.0000e+00
        170 101.769887    0.01174     0.7042     42.250      1.326  51357.387    31.8928     4.7290      1.314    7.26897     4.7348    25.2416   13.01251 1.1459e+02 0.0000e+00
        171 101.769890    0.01181     0.7083     42.500      1.320  51366.633    31.8997     4.7313      1.308    7.26823     4.7393    25.2468   13.01119 1.1370e+02 0.0000e+00
        172 101.769893    0.01188     0.7125     42.750      1.305  51366.326    31.9003     4.7349      1.293    7.26758     4.7438    25.2469   13.01012 1.1314e+02 0.0000e+00
        173 101.769896    0.01194     0.7167     43.000      1.283  51356.242    31.8944     4.7394      1.272    7.26707     4.7470    25.2417   13.00936 1.1295e+02 0.0000e+00
        174 101.769899    0.01201     0.7208     43.250      1.261  51340.404    31.8846     4.7439      1.250    7.26677     4.7484    25.2335   13.00899 1.1268e+02 0.0000e+00
        175 101.769902    0.01208     0.7250     43.500      1.242  51324.935    31.8747     4.7471      1.231    7.26670     4.7485    25.2253   13.00899 1.1188e+02 0.0000e+00
        176 101.769905    0.01215     0.7292     43.750      1.229  51313.421    31.8671     4.7485      1.218    7.26682     4.7478    25.2191   13.00929 1.1073e+02 0.0000e+00
        177 101.769907    0.01222     0.7333     44.000      1.224  51305.991    31.8620     4.7486      1.213    7.26705     4.7467    25.2151   13.00974 1.0876e+02 0.0000e+00
        178 101.769910    0.01229     0.7375     44.250      1.228  51301.789    31.8590     4.7479      1.217    7.26731     4.7454    25.2128   13.01021 1.0573e+02 0.0000e+00
        179 101.769913    0.01236     0.7417     44.500      1.242  51300.466    31.8578     4.7468      1.231    7.26756     4.7440    25.2120   13.01063 1.0374e+02 0.0000e+00
        180 101.769916    0.01243     0.7458     44.750      1.266  51302.445    31.8589     4.7455      1.254    7.26773     4.7427    25.2129   13.01091 1.0472e+02 0.0000e+00
