CTD-processing/allCTD/CNV--turbid/2014_07-23_t6_s12_cast207.cnv
* Sea-Bird SBE19plus Data File:
* FileName = C:\Users\kris.holderied\Documents\kasitsna\Research-Projects-and-Data\Oceanography-AK\CTD-Data-ALL-to-2014-06\2014-CTD-KachemakBay-CookInlet\2014-07-EVOSTC-CookInlet-quarterly\2014-07-23-CookInlet-Tran6-Douglas\2014-07-23-CookInlet-Tran6-cast207.hex
* Software Version 1.59
* Temperature SN =  4141
* Conductivity SN =  4141
* System UpLoad Time = Jul 23 2014 23:31:55
** Cook Inlet LTM Transect 6 (Douglas) East to West
** Date: 07-23
** Station: 6-12
** Start time: 13:24
** Depth (m): 143
** Comment:  CTD time is Alaska Daylight time.  Transducer  depth (transducer is 9 ft).
** Comment:
# nquan = 16
# nvalues = 992                         
# units = specified
# name 0 = scan: Scan Count
# name 1 = timeJ: Julian Days
# name 2 = timeH: Time, Elapsed [hours]
# name 3 = timeM: Time, Elapsed [minutes]
# name 4 = timeS: Time, Elapsed [seconds]
# name 5 = prdM: Pressure, Strain Gauge [db]
# name 6 = specc: Specific Conductance [uS/cm]
# name 7 = sal00: Salinity, Practical [PSU]
# name 8 = tv290C: Temperature [ITS-90, deg C]
# name 9 = depSM: Depth [salt water, m], lat = 59.00
# name 10 = oxsolML/L: Oxygen Saturation, Garcia & Gordon [ml/l]
# name 11 = potemp090C: Potential Temperature [ITS-90, deg C]
# name 12 = sigma-é00: Density [sigma-theta, kg/m^3]
# name 13 = n2satML/L: Nitrogen Saturation [ml/l]
# name 14 = par: PAR/Irradiance, Biospherical/Licor
# name 15 = flag:  0.000e+00
# span 0 =          1,        992       
# span 1 = 204.558889, 204.561756       
# span 2 =    0.00000,    0.06882       
# span 3 =     0.0000,     4.1292       
# span 4 =      0.000,    247.750       
# span 5 =     -0.094,    142.659       
# span 6 =    546.552,  51208.756       
# span 7 =     0.2625,    32.3116       
# span 8 =     7.7233,    12.2333       
# span 9 =     -0.093,    141.276       
# span 10 =    6.36516,    7.49665      
# span 11 =     7.7125,    12.2334      
# span 12 =    -0.3172,    25.2022      
# span 13 =   11.51900,   13.82353      
# span 14 = 4.9177e-02, 2.1352e+03      
# span 15 = 0.0000e+00, 0.0000e+00      
# interval = seconds: 0.25
# start_time = Jul 23 2014 13:24:48 [Instrument's time stamp, header]
# bad_flag = -9.990e-29
*END*
[from data line 543]
        544 204.560460    0.03771     2.2625    135.750     45.860  50867.329    32.2287     8.4409     45.427    6.65363     8.4350    25.0342   11.99156 1.1653e+00 0.0000e+00
        545 204.560463    0.03778     2.2667    136.000     46.162  50867.900    32.2289     8.4403     45.725    6.65371     8.4341    25.0344   11.99169 1.1297e+00 0.0000e+00
        546 204.560466    0.03785     2.2708    136.250     46.473  50868.451    32.2291     8.4396     46.034    6.65381     8.4328    25.0347   11.99185 1.0938e+00 0.0000e+00
        547 204.560469    0.03792     2.2750    136.500     46.791  50869.057    32.2292     8.4387     46.348    6.65394     8.4314    25.0349   11.99206 1.0573e+00 0.0000e+00
        548 204.560472    0.03799     2.2792    136.750     47.111  50870.006    32.2295     8.4375     46.665    6.65410     8.4299    25.0353   11.99233 1.0215e+00 0.0000e+00
        549 204.560475    0.03806     2.2833    137.000     47.428  50871.410    32.2301     8.4361     46.979    6.65428     8.4285    25.0360   11.99262 9.8676e-01 0.0000e+00
        550 204.560477    0.03812     2.2875    137.250     47.735  50873.084    32.2309     8.4346     47.283    6.65447     8.4273    25.0369   11.99292 9.5369e-01 0.0000e+00
        551 204.560480    0.03819     2.2917    137.500     48.026  50874.684    32.2317     8.4333     47.572    6.65464     8.4263    25.0377   11.99318 9.2311e-01 0.0000e+00
        552 204.560483    0.03826     2.2958    137.750     48.297  50876.030    32.2324     8.4321     47.840    6.65478     8.4254    25.0384   11.99342 8.9567e-01 0.0000e+00
        553 204.560486    0.03833     2.3000    138.000     48.545  50877.123    32.2329     8.4311     48.086    6.65491     8.4246    25.0390   11.99362 8.7131e-01 0.0000e+00
        554 204.560489    0.03840     2.3042    138.250     48.770  50877.974    32.2332     8.4303     48.308    6.65503     8.4238    25.0394   11.99381 8.4966e-01 0.0000e+00
        555 204.560492    0.03847     2.3083    138.500     48.973  50878.681    32.2335     8.4295     48.509    6.65514     8.4229    25.0397   11.99398 8.3062e-01 0.0000e+00
        556 204.560495    0.03854     2.3125    138.750     49.157  50879.347    32.2338     8.4287     48.691    6.65525     8.4221    25.0400   11.99416 8.1382e-01 0.0000e+00
        557 204.560498    0.03861     2.3167    139.000     49.326  50879.996    32.2340     8.4278     48.859    6.65536     8.4212    25.0404   11.99435 7.9852e-01 0.0000e+00
        558 204.560501    0.03868     2.3208    139.250     49.487  50880.580    32.2343     8.4270     49.018    6.65548     8.4203    25.0407   11.99454 7.8401e-01 0.0000e+00
        559 204.560503    0.03875     2.3250    139.500     49.645  50881.111    32.2344     8.4261     49.174    6.65559     8.4195    25.0409   11.99473 7.6991e-01 0.0000e+00
        560 204.560506    0.03882     2.3292    139.750     49.805  50881.751    32.2347     8.4253     49.333    6.65571     8.4187    25.0413   11.99492 7.5592e-01 0.0000e+00
        561 204.560509    0.03889     2.3333    140.000     49.973  50882.548    32.2350     8.4244     49.500    6.65582     8.4180    25.0417   11.99510 7.4168e-01 0.0000e+00
        562 204.560512    0.03896     2.3375    140.250     50.155  50883.317    32.2354     8.4237     49.680    6.65592     8.4173    25.0420   11.99526 7.2694e-01 0.0000e+00
        563 204.560515    0.03903     2.3417    140.500     50.352  50883.849    32.2356     8.4230     49.875    6.65601     8.4165    25.0423   11.99541 7.1143e-01 0.0000e+00
        564 204.560518    0.03910     2.3458    140.750     50.568  50884.050    32.2355     8.4223     50.089    6.65611     8.4155    25.0423   11.99558 6.9517e-01 0.0000e+00
        565 204.560521    0.03917     2.3500    141.000     50.802  50884.050    32.2353     8.4216     50.321    6.65624     8.4142    25.0423   11.99579 6.7837e-01 0.0000e+00
        566 204.560524    0.03924     2.3542    141.250     51.055  50884.129    32.2351     8.4205     50.571    6.65640     8.4126    25.0422   11.99606 6.6119e-01 0.0000e+00
        567 204.560527    0.03931     2.3583    141.500     51.324  50884.477    32.2350     8.4192     50.838    6.65659     8.4108    25.0424   11.99639 6.4380e-01 0.0000e+00
        568 204.560530    0.03938     2.3625    141.750     51.608  50885.016    32.2350     8.4177     51.119    6.65682     8.4087    25.0426   11.99677 6.2633e-01 0.0000e+00
        569 204.560532    0.03944     2.3667    142.000     51.905  50885.426    32.2349     8.4159     51.413    6.65709     8.4060    25.0428   11.99722 6.0884e-01 0.0000e+00
        570 204.560535    0.03951     2.3708    142.250     52.211  50885.309    32.2343     8.4138     51.716    6.65743     8.4025    25.0427   11.99778 5.9116e-01 0.0000e+00
        571 204.560538    0.03958     2.3750    142.500     52.523  50884.866    32.2334     8.4112     52.026    6.65786     8.3982    25.0424   11.99850 5.7328e-01 0.0000e+00
        572 204.560541    0.03965     2.3792    142.750     52.839  50884.660    32.2326     8.4078     52.339    6.65841     8.3929    25.0423   11.99943 5.5538e-01 0.0000e+00
        573 204.560544    0.03972     2.3833    143.000     53.156  50884.703    32.2318     8.4034     52.653    6.65909     8.3865    25.0423   12.00057 5.3782e-01 0.0000e+00
        574 204.560547    0.03979     2.3875    143.250     53.471  50885.047    32.2311     8.3981     52.964    6.65992     8.3793    25.0425   12.00193 5.2120e-01 0.0000e+00
        575 204.560550    0.03986     2.3917    143.500     53.779  50886.188    32.2308     8.3919     53.269    6.66087     8.3716    25.0432   12.00352 5.0543e-01 0.0000e+00
        576 204.560553    0.03993     2.3958    143.750     54.075  50889.002    32.2315     8.3847     53.562    6.66192     8.3644    25.0448   12.00524 4.9000e-01 0.0000e+00
        577 204.560556    0.04000     2.4000    144.000     54.352  50893.929    32.2336     8.3770     53.837    6.66297     8.3582    25.0476   12.00695 4.7529e-01 0.0000e+00
        578 204.560558    0.04007     2.4042    144.250     54.607  50899.960    32.2366     8.3698     54.090    6.66392     8.3534    25.0511   12.00849 4.6232e-01 0.0000e+00
        579 204.560561    0.04014     2.4083    144.500     54.839  50905.675    32.2396     8.3637     54.319    6.66471     8.3497    25.0543   12.00976 4.5124e-01 0.0000e+00
        580 204.560564    0.04021     2.4125    144.750     55.048  50910.397    32.2421     8.3588     54.526    6.66533     8.3469    25.0569   12.01075 4.4149e-01 0.0000e+00
        581 204.560567    0.04028     2.4167    145.000     55.236  50913.961    32.2439     8.3552     54.712    6.66580     8.3447    25.0589   12.01150 4.3272e-01 0.0000e+00
        582 204.560570    0.04035     2.4208    145.250     55.410  50916.416    32.2451     8.3524     54.884    6.66616     8.3430    25.0603   12.01209 4.2463e-01 0.0000e+00
        583 204.560573    0.04042     2.4250    145.500     55.575  50918.134    32.2459     8.3503     55.048    6.66645     8.3415    25.0613   12.01255 4.1687e-01 0.0000e+00
        584 204.560576    0.04049     2.4292    145.750     55.741  50919.734    32.2466     8.3486     55.213    6.66668     8.3405    25.0621   12.01292 4.0914e-01 0.0000e+00
        585 204.560579    0.04056     2.4333    146.000     55.915  50921.282    32.2474     8.3472     55.385    6.66685     8.3398    25.0629   12.01320 4.0123e-01 0.0000e+00
        586 204.560582    0.04063     2.4375    146.250     56.102  50922.255    32.2479     8.3461     55.571    6.66699     8.3391    25.0634   12.01342 3.9336e-01 0.0000e+00
        587 204.560584    0.04069     2.4417    146.500     56.306  50922.596    32.2479     8.3454     55.772    6.66710     8.3384    25.0636   12.01360 3.8595e-01 0.0000e+00
        588 204.560587    0.04076     2.4458    146.750     56.525  50922.640    32.2478     8.3447     55.989    6.66720     8.3376    25.0635   12.01377 3.7941e-01 0.0000e+00
        589 204.560590    0.04083     2.4500    147.000     56.760  50922.409    32.2474     8.3441     56.221    6.66732     8.3365    25.0633   12.01397 3.7454e-01 0.0000e+00
        590 204.560593    0.04090     2.4542    147.250     57.005  50921.962    32.2468     8.3432     56.464    6.66746     8.3352    25.0630   12.01422 3.7258e-01 0.0000e+00
        591 204.560596    0.04097     2.4583    147.500     57.257  50921.873    32.2465     8.3422     56.714    6.66764     8.3339    25.0629   12.01451 3.7562e-01 0.0000e+00
        592 204.560599    0.04104     2.4625    147.750     57.513  50922.315    32.2465     8.3409     56.967    6.66782     8.3326    25.0631   12.01481 3.8736e-01 0.0000e+00
        593 204.560602    0.04111     2.4667    148.000     57.769  50922.709    32.2465     8.3396     57.221    6.66802     8.3312    25.0633   12.01514 4.1363e-01 0.0000e+00
        594 204.560605    0.04118     2.4708    148.250     58.022  50922.895    32.2463     8.3383     57.471    6.66822     8.3296    25.0633   12.01548 4.4609e-01 0.0000e+00
        595 204.560608    0.04125     2.4750    148.500     58.269  50923.319    32.2462     8.3369     57.716    6.66844     8.3282    25.0635   12.01584 4.5838e-01 0.0000e+00
        596 204.560611    0.04132     2.4792    148.750     58.512  50924.224    32.2465     8.3354     57.957    6.66865     8.3269    25.0639   12.01618 4.3423e-01 0.0000e+00
        597 204.560613    0.04139     2.4833    149.000     58.749  50925.488    32.2471     8.3339     58.192    6.66885     8.3259    25.0646   12.01650 3.8682e-01 0.0000e+00
        598 204.560616    0.04146     2.4875    149.250     58.982  50927.150    32.2479     8.3327     58.422    6.66900     8.3256    25.0654   12.01674 3.4454e-01 0.0000e+00
        599 204.560619    0.04153     2.4917    149.500     59.211  50929.282    32.2492     8.3318     58.650    6.66908     8.3258    25.0665   12.01685 3.1711e-01 0.0000e+00
        600 204.560622    0.04160     2.4958    149.750     59.440  50930.975    32.2502     8.3315     58.876    6.66908     8.3261    25.0674   12.01684 2.9845e-01 0.0000e+00
        601 204.560625    0.04167     2.5000    150.000     59.672  50930.960    32.2501     8.3317     59.106    6.66905     8.3259    25.0673   12.01679 2.8513e-01 0.0000e+00
        602 204.560628    0.04174     2.5042    150.250     59.910  50929.211    32.2488     8.3320     59.341    6.66906     8.3249    25.0663   12.01682 2.7525e-01 0.0000e+00
        603 204.560631    0.04181     2.5083    150.500     60.156  50927.175    32.2473     8.3318     59.585    6.66915     8.3234    25.0651   12.01700 2.6789e-01 0.0000e+00
        604 204.560634    0.04188     2.5125    150.750     60.412  50926.417    32.2465     8.3308     59.839    6.66933     8.3219    25.0646   12.01731 2.6277e-01 0.0000e+00
        605 204.560637    0.04194     2.5167    151.000     60.681  50926.916    32.2465     8.3294     60.105    6.66954     8.3205    25.0648   12.01766 2.6018e-01 0.0000e+00
        606 204.560639    0.04201     2.5208    151.250     60.960  50927.853    32.2468     8.3279     60.381    6.66976     8.3192    25.0653   12.01802 2.6109e-01 0.0000e+00
        607 204.560642    0.04208     2.5250    151.500     61.245  50928.921    32.2472     8.3265     60.663    6.66995     8.3182    25.0658   12.01833 2.6753e-01 0.0000e+00
        608 204.560645    0.04215     2.5292    151.750     61.529  50929.989    32.2476     8.3253     60.945    6.67012     8.3174    25.0663   12.01860 2.8303e-01 0.0000e+00
        609 204.560648    0.04222     2.5333    152.000     61.806  50930.988    32.2480     8.3243     61.220    6.67025     8.3168    25.0668   12.01881 3.1363e-01 0.0000e+00
        610 204.560651    0.04229     2.5375    152.250     62.072  50931.967    32.2484     8.3235     61.482    6.67035     8.3164    25.0673   12.01897 3.4976e-01 0.0000e+00
        611 204.560654    0.04236     2.5417    152.500     62.321  50932.823    32.2488     8.3229     61.730    6.67042     8.3162    25.0677   12.01908 3.6416e-01 0.0000e+00
        612 204.560657    0.04243     2.5458    152.750     62.555  50933.393    32.2491     8.3226     61.961    6.67046     8.3160    25.0679   12.01915 3.4430e-01 0.0000e+00
        613 204.560660    0.04250     2.5500    153.000     62.774  50933.667    32.2491     8.3224     62.177    6.67049     8.3157    25.0680   12.01920 3.0165e-01 0.0000e+00
        614 204.560663    0.04257     2.5542    153.250     62.983  50933.679    32.2490     8.3222     62.384    6.67053     8.3153    25.0679   12.01925 2.5909e-01 0.0000e+00
        615 204.560666    0.04264     2.5583    153.500     63.185  50933.605    32.2489     8.3219     62.585    6.67057     8.3148    25.0678   12.01933 2.2948e-01 0.0000e+00
        616 204.560668    0.04271     2.5625    153.750     63.386  50933.747    32.2488     8.3216     62.784    6.67063     8.3143    25.0679   12.01943 2.1032e-01 0.0000e+00
        617 204.560671    0.04278     2.5667    154.000     63.589  50934.024    32.2488     8.3211     62.984    6.67070     8.3136    25.0680   12.01954 1.9746e-01 0.0000e+00
        618 204.560674    0.04285     2.5708    154.250     63.793  50934.109    32.2487     8.3206     63.186    6.67078     8.3127    25.0680   12.01968 1.8846e-01 0.0000e+00
        619 204.560677    0.04292     2.5750    154.500     63.997  50933.841    32.2483     8.3199     63.388    6.67090     8.3114    25.0678   12.01987 1.8178e-01 0.0000e+00
        620 204.560680    0.04299     2.5792    154.750     64.199  50933.336    32.2478     8.3190     63.588    6.67105     8.3099    25.0674   12.02014 1.7659e-01 0.0000e+00
        621 204.560683    0.04306     2.5833    155.000     64.396  50933.208    32.2474     8.3178     63.784    6.67126     8.3082    25.0673   12.02048 1.7251e-01 0.0000e+00
        622 204.560686    0.04312     2.5875    155.250     64.587  50933.621    32.2474     8.3162     63.973    6.67149     8.3063    25.0675   12.02087 1.6917e-01 0.0000e+00
        623 204.560689    0.04319     2.5917    155.500     64.774  50933.565    32.2470     8.3146     64.159    6.67176     8.3039    25.0675   12.02131 1.6624e-01 0.0000e+00
        624 204.560692    0.04326     2.5958    155.750     64.962  50932.765    32.2460     8.3127     64.345    6.67208     8.3010    25.0670   12.02185 1.6346e-01 0.0000e+00
        625 204.560694    0.04333     2.6000    156.000     65.158  50932.590    32.2454     8.3104     64.539    6.67246     8.2980    25.0669   12.02249 1.6067e-01 0.0000e+00
        626 204.560697    0.04340     2.6042    156.250     65.369  50933.758    32.2457     8.3075     64.748    6.67288     8.2949    25.0675   12.02318 1.5784e-01 0.0000e+00
        627 204.560700    0.04347     2.6083    156.500     65.602  50935.157    32.2461     8.3044     64.978    6.67331     8.2917    25.0683   12.02390 1.5493e-01 0.0000e+00
        628 204.560703    0.04354     2.6125    156.750     65.860  50936.389    32.2463     8.3013     65.234    6.67376     8.2887    25.0690   12.02464 1.5182e-01 0.0000e+00
        629 204.560706    0.04361     2.6167    157.000     66.146  50938.529    32.2472     8.2982     65.517    6.67420     8.2861    25.0701   12.02535 1.4843e-01 0.0000e+00
        630 204.560709    0.04368     2.6208    157.250     66.458  50940.978    32.2484     8.2953     65.826    6.67459     8.2831    25.0714   12.02598 1.4481e-01 0.0000e+00
        631 204.560712    0.04375     2.6250    157.500     66.791  50941.546    32.2482     8.2927     66.156    6.67499     8.2787    25.0717   12.02665 1.4117e-01 0.0000e+00
        632 204.560715    0.04382     2.6292    157.750     67.137  50938.845    32.2457     8.2897     66.499    6.67554     8.2720    25.0701   12.02759 1.3770e-01 0.0000e+00
