CTD-processing/allCTD/CNV--turbid/2014_07-22_t3_s05_cast191.cnv
* Sea-Bird SBE19plus Data File:
* FileName = C:\Users\kris.holderied\Documents\kasitsna\Research-Projects-and-Data\Oceanography-AK\CTD-Data-ALL-to-2014-06\2014-CTD-KachemakBay-CookInlet\2014-07-EVOSTC-CookInlet-quarterly\2014-07-22-CookInlet-Tran3-AnchorPt\2014-07-22-CookInlet-Tran3-cast191.hex
* Software Version 1.59
* Temperature SN =  4141
* Conductivity SN =  4141
* System UpLoad Time = Jul 22 2014 17:43:42
** Cook Inlet LTM Transect 3 (Anchor Pt) East to West
** Date: 07-22
** Station: 3-05
** Start time: 13:04
** Depth (m): 30
** Comment:  CTD time is Alaska Daylight time.
** Comment:
# nquan = 16
# nvalues = 495                         
# units = specified
# name 0 = scan: Scan Count
# name 1 = timeJ: Julian Days
# name 2 = timeH: Time, Elapsed [hours]
# name 3 = timeM: Time, Elapsed [minutes]
# name 4 = timeS: Time, Elapsed [seconds]
# name 5 = prdM: Pressure, Strain Gauge [db]
# name 6 = specc: Specific Conductance [uS/cm]
# name 7 = sal00: Salinity, Practical [PSU]
# name 8 = tv290C: Temperature [ITS-90, deg C]
# name 9 = depSM: Depth [salt water, m], lat = 59.00
# name 10 = oxsolML/L: Oxygen Saturation, Garcia & Gordon [ml/l]
# name 11 = potemp090C: Potential Temperature [ITS-90, deg C]
# name 12 = sigma-é00: Density [sigma-theta, kg/m^3]
# name 13 = n2satML/L: Nitrogen Saturation [ml/l]
# name 14 = par: PAR/Irradiance, Biospherical/Licor
# name 15 = flag:  0.000e+00
# span 0 =          1,        495       
# span 1 = 203.544873, 203.546302       
# span 2 =    0.00000,    0.03431       
# span 3 =     0.0000,     2.0583       
# span 4 =      0.000,    123.500       
# span 5 =     -0.067,     31.444       
# span 6 =    570.632,  46043.638       
# span 7 =     0.2735,    29.2417       
# span 8 =    11.6648,    12.5011       
# span 9 =     -0.066,     31.148       
# span 10 =    6.28159,    7.58517      
# span 11 =    11.6611,    12.5009      
# span 12 =    -0.2495,    22.1812      
# span 13 =   11.43030,   13.97328      
# span 14 = 4.7968e-02, 8.1687e+02      
# span 15 = 0.0000e+00, 0.0000e+00      
# interval = seconds: 0.25
# start_time = Jul 22 2014 13:04:37 [Instrument's time stamp, header]
# bad_flag = -9.990e-29
*END*
          1 203.544873    0.00000     0.0000      0.000     -0.057    667.202     0.3214    11.6662     -0.057    7.58360    11.6665    -0.2115   13.96995 4.7761e+02 0.0000e+00
          2 203.544876    0.00007     0.0042      0.250     -0.056    658.736     0.3172    11.6663     -0.056    7.58377    11.6667    -0.2148   13.97031 4.6796e+02 0.0000e+00
          3 203.544878    0.00014     0.0083      0.500     -0.055    648.996     0.3124    11.6665     -0.055    7.58397    11.6669    -0.2186   13.97072 4.5530e+02 0.0000e+00
          4 203.544881    0.00021     0.0125      0.750     -0.054    639.487     0.3076    11.6667     -0.054    7.58417    11.6671    -0.2223   13.97112 4.3910e+02 0.0000e+00
          5 203.544884    0.00028     0.0167      1.000     -0.054    630.625     0.3032    11.6669     -0.054    7.58434    11.6673    -0.2258   13.97148 4.2101e+02 0.0000e+00
          6 203.544887    0.00035     0.0208      1.250     -0.053    622.512     0.2992    11.6671     -0.053    7.58450    11.6676    -0.2290   13.97180 4.0230e+02 0.0000e+00
          7 203.544890    0.00042     0.0250      1.500     -0.053    615.371     0.2957    11.6673     -0.052    7.58463    11.6678    -0.2318   13.97207 3.8528e+02 0.0000e+00
          8 203.544893    0.00049     0.0292      1.750     -0.052    608.950     0.2925    11.6675     -0.051    7.58473    11.6681    -0.2343   13.97229 3.7350e+02 0.0000e+00
          9 203.544896    0.00056     0.0333      2.000     -0.052    602.703     0.2894    11.6678     -0.051    7.58484    11.6684    -0.2367   13.97251 3.6503e+02 0.0000e+00
         10 203.544899    0.00063     0.0375      2.250     -0.052    596.622     0.2864    11.6681     -0.051    7.58494    11.6687    -0.2391   13.97272 3.5700e+02 0.0000e+00
         11 203.544902    0.00069     0.0417      2.500     -0.052    590.929     0.2836    11.6684     -0.051    7.58503    11.6690    -0.2413   13.97291 3.4979e+02 0.0000e+00
         12 203.544905    0.00076     0.0458      2.750     -0.052    585.771     0.2810    11.6687     -0.052    7.58510    11.6694    -0.2433   13.97307 3.4398e+02 0.0000e+00
         13 203.544907    0.00083     0.0500      3.000     -0.053    581.346     0.2788    11.6690     -0.052    7.58514    11.6698    -0.2451   13.97318 3.4054e+02 0.0000e+00
         14 203.544910    0.00090     0.0542      3.250     -0.053    577.531     0.2769    11.6694     -0.052    7.58516    11.6703    -0.2466   13.97325 3.4217e+02 0.0000e+00
         15 203.544913    0.00097     0.0583      3.500     -0.053    574.116     0.2752    11.6698     -0.052    7.58517    11.6709    -0.2480   13.97328 3.5070e+02 0.0000e+00
         16 203.544916    0.00104     0.0625      3.750     -0.054    571.523     0.2739    11.6703     -0.053    7.58514    11.6716    -0.2491   13.97325 3.6663e+02 0.0000e+00
         17 203.544919    0.00111     0.0667      4.000     -0.055    570.632     0.2735    11.6709     -0.054    7.58505    11.6724    -0.2495   13.97311 3.8788e+02 0.0000e+00
         18 203.544922    0.00118     0.0708      4.250     -0.057    572.803     0.2746    11.6716     -0.056    7.58488    11.6730    -0.2487   13.97280 4.0816e+02 0.0000e+00
         19 203.544925    0.00125     0.0750      4.500     -0.059    579.997     0.2782    11.6724     -0.058    7.58458    11.6736    -0.2460   13.97225 4.2337e+02 0.0000e+00
         20 203.544928    0.00132     0.0792      4.750     -0.061    593.581     0.2849    11.6730     -0.060    7.58415    11.6741    -0.2408   13.97141 4.3380e+02 0.0000e+00
         21 203.544931    0.00139     0.0833      5.000     -0.062    610.235     0.2932    11.6736     -0.062    7.58365    11.6746    -0.2344   13.97045 4.4085e+02 0.0000e+00
         22 203.544933    0.00146     0.0875      5.250     -0.063    623.775     0.2999    11.6741     -0.063    7.58324    11.6751    -0.2292   13.96966 4.4635e+02 0.0000e+00
         23 203.544936    0.00153     0.0917      5.500     -0.064    633.038     0.3044    11.6746     -0.063    7.58294    11.6755    -0.2257   13.96909 4.5297e+02 0.0000e+00
         24 203.544939    0.00160     0.0958      5.750     -0.064    639.655     0.3077    11.6750     -0.063    7.58271    11.6758    -0.2232   13.96866 4.6153e+02 0.0000e+00
         25 203.544942    0.00167     0.1000      6.000     -0.065    643.249     0.3095    11.6754     -0.064    7.58256    11.6762    -0.2218   13.96837 4.7014e+02 0.0000e+00
         26 203.544945    0.00174     0.1042      6.250     -0.065    643.165     0.3095    11.6758     -0.064    7.58250    11.6765    -0.2219   13.96826 4.7764e+02 0.0000e+00
         27 203.544948    0.00181     0.1083      6.500     -0.065    639.880     0.3078    11.6762     -0.064    7.58251    11.6769    -0.2232   13.96831 4.8484e+02 0.0000e+00
         28 203.544951    0.00187     0.1125      6.750     -0.065    634.499     0.3052    11.6765     -0.064    7.58258    11.6772    -0.2253   13.96846 4.9284e+02 0.0000e+00
         29 203.544954    0.00194     0.1167      7.000     -0.064    628.022     0.3020    11.6769     -0.063    7.58267    11.6776    -0.2279   13.96867 5.0207e+02 0.0000e+00
         30 203.544957    0.00201     0.1208      7.250     -0.064    621.170     0.2986    11.6772     -0.063    7.58277    11.6779    -0.2306   13.96889 5.1325e+02 0.0000e+00
         31 203.544959    0.00208     0.1250      7.500     -0.064    614.492     0.2953    11.6776     -0.063    7.58287    11.6783    -0.2332   13.96909 5.2735e+02 0.0000e+00
         32 203.544962    0.00215     0.1292      7.750     -0.064    608.494     0.2924    11.6779     -0.063    7.58294    11.6787    -0.2355   13.96926 5.4446e+02 0.0000e+00
         33 203.544965    0.00222     0.1333      8.000     -0.064    603.707     0.2901    11.6783     -0.063    7.58299    11.6790    -0.2374   13.96938 5.6300e+02 0.0000e+00
         34 203.544968    0.00229     0.1375      8.250     -0.064    600.692     0.2887    11.6787     -0.063    7.58300    11.6794    -0.2385   13.96940 5.8149e+02 0.0000e+00
         35 203.544971    0.00236     0.1417      8.500     -0.064    600.211     0.2886    11.6790     -0.063    7.58294    11.6797    -0.2386   13.96931 6.0114e+02 0.0000e+00
         36 203.544974    0.00243     0.1458      8.750     -0.065    603.553     0.2905    11.6794     -0.064    7.58279    11.6801    -0.2372   13.96903 6.2457e+02 0.0000e+00
         37 203.544977    0.00250     0.1500      9.000     -0.065    612.688     0.2955    11.6797     -0.064    7.58250    11.6806    -0.2333   13.96847 6.5270e+02 0.0000e+00
         38 203.544980    0.00257     0.1542      9.250     -0.066    630.261     0.3050    11.6801     -0.065    7.58199    11.6810    -0.2259   13.96748 6.8408e+02 0.0000e+00
         39 203.544983    0.00264     0.1583      9.500     -0.067    658.264     0.3202    11.6806     -0.066    7.58121    11.6815    -0.2141   13.96597 7.1362e+02 0.0000e+00
         40 203.544986    0.00271     0.1625      9.750     -0.067    693.916     0.3400    11.6810     -0.066    7.58023    11.6821    -0.1988   13.96404 7.3560e+02 0.0000e+00
         41 203.544988    0.00278     0.1667     10.000     -0.067    733.737     0.3634    11.6815     -0.066    7.57910    11.6830    -0.1807   13.96182 7.5080e+02 0.0000e+00
         42 203.544991    0.00285     0.1708     10.250     -0.067    784.708     0.3946    11.6821     -0.066    7.57762    11.6842    -0.1566   13.95892 7.6420e+02 0.0000e+00
         43 203.544994    0.00292     0.1750     10.500     -0.066    863.773     0.4437    11.6830     -0.065    7.57532    11.6860    -0.1187   13.95441 7.7814e+02 0.0000e+00
         44 203.544997    0.00299     0.1792     10.750     -0.064    993.911     0.5248    11.6842     -0.063    7.57156    11.6889    -0.0560   13.94702 7.9257e+02 0.0000e+00
         45 203.545000    0.00306     0.1833     11.000     -0.061   1209.709     0.6595    11.6860     -0.060    7.56535    11.6936     0.0480   13.93482 8.0665e+02 0.0000e+00
         46 203.545003    0.00313     0.1875     11.250     -0.056   1568.395     0.8834    11.6889     -0.055    7.55505    11.7011     0.2209   13.91457 8.1659e+02 0.0000e+00
         47 203.545006    0.00319     0.1917     11.500     -0.048   2163.605     1.2553    11.6936     -0.047    7.53798    11.7136     0.5081   13.88102 8.1687e+02 0.0000e+00
         48 203.545009    0.00326     0.1958     11.750     -0.035   3148.787     1.8716    11.7011     -0.034    7.50972    11.7341     0.9842   13.82547 8.0543e+02 0.0000e+00
         49 203.545012    0.00333     0.2000     12.000     -0.014   4780.650     2.8939    11.7136     -0.014    7.46289    11.7682     1.7738   13.73341 7.8468e+02 0.0000e+00
         50 203.545014    0.00340     0.2042     12.250      0.019   7487.579     4.5912    11.7341      0.019    7.38518    11.8247     3.0848   13.58064 7.5663e+02 0.0000e+00
         51 203.545017    0.00347     0.2083     12.500      0.075  11980.787     7.4109    11.7682      0.075    7.25613    11.9128     5.2625   13.32695 7.2040e+02 0.0000e+00
         52 203.545020    0.00354     0.2125     12.750      0.166  19067.996    11.8913    11.8247      0.165    7.05144    12.0267     8.7216   12.92479 6.7321e+02 0.0000e+00
         53 203.545023    0.00361     0.2167     13.000      0.295  27399.459    17.2040    11.9129      0.292    6.80679    12.1427    12.8184   12.44521 6.0690e+02 0.0000e+00
         54 203.545026    0.00368     0.2208     13.250      0.449  33858.600    21.3417    12.0268      0.445    6.61044    12.2401    16.0008   12.06220 5.2186e+02 0.0000e+00
         55 203.545029    0.00375     0.2250     13.500      0.612  37693.834    23.8002    12.1428      0.607    6.48718    12.3125    17.8830   11.82362 4.4334e+02 0.0000e+00
         56 203.545032    0.00382     0.2292     13.750      0.769  39960.743    25.2537    12.2402      0.762    6.41036    12.3618    18.9907   11.67596 3.9536e+02 0.0000e+00
         57 203.545035    0.00389     0.2333     14.000      0.905  41301.097    26.1131    12.3126      0.896    6.36291    12.3927    19.6429   11.58526 3.7662e+02 0.0000e+00
         58 203.545038    0.00396     0.2375     14.250      1.007  42093.775    26.6211    12.3619      0.997    6.33396    12.4103    20.0273   11.53013 3.7455e+02 0.0000e+00
         59 203.545041    0.00403     0.2417     14.500      1.072  42564.403    26.9225    12.3928      1.062    6.31655    12.4197    20.2551   11.49702 3.8054e+02 0.0000e+00
         60 203.545043    0.00410     0.2458     14.750      1.107  42846.765    27.1033    12.4104      1.096    6.30623    12.4253    20.3919   11.47738 3.8983e+02 0.0000e+00
         61 203.545046    0.00417     0.2500     15.000      1.118  43019.309    27.2139    12.4198      1.108    6.30012    12.4300    20.4758   11.46569 3.9943e+02 0.0000e+00
         62 203.545049    0.00424     0.2542     15.250      1.115  43126.321    27.2826    12.4254      1.104    6.29635    12.4348    20.5281   11.45849 4.0761e+02 0.0000e+00
         63 203.545052    0.00431     0.2583     15.500      1.103  43191.214    27.3245    12.4301      1.093    6.29389    12.4392    20.5596   11.45382 4.1432e+02 0.0000e+00
         64 203.545055    0.00438     0.2625     15.750      1.089  43227.790    27.3481    12.4349      1.079    6.29221    12.4429    20.5770   11.45071 4.2038e+02 0.0000e+00
         65 203.545058    0.00444     0.2667     16.000      1.076  43246.442    27.3601    12.4393      1.066    6.29108    12.4455    20.5855   11.44865 4.2456e+02 0.0000e+00
         66 203.545061    0.00451     0.2708     16.250      1.063  43255.473    27.3659    12.4430      1.053    6.29033    12.4473    20.5893   11.44732 4.2617e+02 0.0000e+00
         67 203.545064    0.00458     0.2750     16.500      1.049  43260.719    27.3692    12.4456      1.039    6.28982    12.4485    20.5915   11.44643 4.2735e+02 0.0000e+00
         68 203.545067    0.00465     0.2792     16.750      1.036  43265.025    27.3721    12.4474      1.026    6.28946    12.4494    20.5934   11.44578 4.2895e+02 0.0000e+00
         69 203.545069    0.00472     0.2833     17.000      1.025  43268.761    27.3747    12.4486      1.015    6.28918    12.4502    20.5951   11.44530 4.2982e+02 0.0000e+00
         70 203.545072    0.00479     0.2875     17.250      1.018  43271.668    27.3767    12.4495      1.008    6.28898    12.4510    20.5965   11.44493 4.2920e+02 0.0000e+00
         71 203.545075    0.00486     0.2917     17.500      1.013  43274.015    27.3783    12.4503      1.004    6.28881    12.4518    20.5976   11.44463 4.2755e+02 0.0000e+00
         72 203.545078    0.00493     0.2958     17.750      1.012  43276.320    27.3799    12.4511      1.002    6.28864    12.4527    20.5987   11.44432 4.2606e+02 0.0000e+00
         73 203.545081    0.00500     0.3000     18.000      1.012  43278.804    27.3817    12.4519      1.002    6.28845    12.4535    20.6000   11.44399 4.2516e+02 0.0000e+00
         74 203.545084    0.00507     0.3042     18.250      1.013  43281.533    27.3837    12.4528      1.003    6.28826    12.4542    20.6013   11.44364 4.2400e+02 0.0000e+00
         75 203.545087    0.00514     0.3083     18.500      1.014  43284.589    27.3859    12.4536      1.004    6.28807    12.4549    20.6029   11.44330 4.2318e+02 0.0000e+00
         76 203.545090    0.00521     0.3125     18.750      1.013  43287.856    27.3882    12.4543      1.003    6.28788    12.4557    20.6046   11.44295 4.2446e+02 0.0000e+00
         77 203.545093    0.00528     0.3167     19.000      1.010  43290.957    27.3905    12.4550      1.000    6.28769    12.4566    20.6062   11.44262 4.2655e+02 0.0000e+00
         78 203.545095    0.00535     0.3208     19.250      1.006  43293.359    27.3922    12.4558      0.997    6.28752    12.4576    20.6074   11.44232 4.2784e+02 0.0000e+00
         79 203.545098    0.00542     0.3250     19.500      1.004  43294.784    27.3933    12.4567      0.995    6.28736    12.4586    20.6080   11.44205 4.2829e+02 0.0000e+00
         80 203.545101    0.00549     0.3292     19.750      1.008  43295.589    27.3939    12.4577      0.999    6.28720    12.4594    20.6083   11.44178 4.2627e+02 0.0000e+00
         81 203.545104    0.00556     0.3333     20.000      1.022  43296.582    27.3946    12.4587      1.012    6.28704    12.4599    20.6087   11.44149 4.2063e+02 0.0000e+00
         82 203.545107    0.00562     0.3375     20.250      1.047  43298.380    27.3959    12.4595      1.037    6.28687    12.4602    20.6096   11.44120 4.1286e+02 0.0000e+00
         83 203.545110    0.00569     0.3417     20.500      1.083  43300.771    27.3976    12.4600      1.073    6.28674    12.4603    20.6108   11.44095 4.0494e+02 0.0000e+00
         84 203.545113    0.00576     0.3458     20.750      1.127  43302.847    27.3991    12.4603      1.117    6.28665    12.4604    20.6119   11.44078 3.9703e+02 0.0000e+00
         85 203.545116    0.00583     0.3500     21.000      1.172  43303.662    27.3997    12.4604      1.161    6.28661    12.4604    20.6124   11.44071 3.8869e+02 0.0000e+00
         86 203.545119    0.00590     0.3542     21.250      1.211  43303.110    27.3993    12.4605      1.199    6.28661    12.4599    20.6121   11.44072 3.8176e+02 0.0000e+00
         87 203.545122    0.00597     0.3583     21.500      1.236  43302.355    27.3988    12.4605      1.224    6.28664    12.4589    20.6116   11.44077 3.8008e+02 0.0000e+00
         88 203.545124    0.00604     0.3625     21.750      1.244  43302.881    27.3991    12.4600      1.232    6.28668    12.4573    20.6120   11.44085 3.8545e+02 0.0000e+00
         89 203.545127    0.00611     0.3667     22.000      1.232  43305.417    27.4008    12.4590      1.219    6.28675    12.4555    20.6135   11.44095 3.9570e+02 0.0000e+00
         90 203.545130    0.00618     0.3708     22.250      1.200  43309.732    27.4037    12.4574      1.188    6.28684    12.4537    20.6160   11.44106 4.0770e+02 0.0000e+00
