CTD-processing/allCTD/CNV--turbid/2014_07-22_t3_s09_cast187.cnv
* Sea-Bird SBE19plus Data File:
* FileName = C:\Users\kris.holderied\Documents\kasitsna\Research-Projects-and-Data\Oceanography-AK\CTD-Data-ALL-to-2014-06\2014-CTD-KachemakBay-CookInlet\2014-07-EVOSTC-CookInlet-quarterly\2014-07-22-CookInlet-Tran3-AnchorPt\2014-07-22-CookInlet-Tran3-cast187.hex
* Software Version 1.59
* Temperature SN =  4141
* Conductivity SN =  4141
* System UpLoad Time = Jul 22 2014 17:38:48
** Cook Inlet LTM Transect 3 (Anchor Pt) East to West
** Date: 07-22
** Station: 3-09
** Start time: 10:50
** Depth (m): 70
** Comment:  CTD time is Alaska Daylight time
** Comment:
# nquan = 16
# nvalues = 772                         
# units = specified
# name 0 = scan: Scan Count
# name 1 = timeJ: Julian Days
# name 2 = timeH: Time, Elapsed [hours]
# name 3 = timeM: Time, Elapsed [minutes]
# name 4 = timeS: Time, Elapsed [seconds]
# name 5 = prdM: Pressure, Strain Gauge [db]
# name 6 = specc: Specific Conductance [uS/cm]
# name 7 = sal00: Salinity, Practical [PSU]
# name 8 = tv290C: Temperature [ITS-90, deg C]
# name 9 = depSM: Depth [salt water, m], lat = 59.00
# name 10 = oxsolML/L: Oxygen Saturation, Garcia & Gordon [ml/l]
# name 11 = potemp090C: Potential Temperature [ITS-90, deg C]
# name 12 = sigma-é00: Density [sigma-theta, kg/m^3]
# name 13 = n2satML/L: Nitrogen Saturation [ml/l]
# name 14 = par: PAR/Irradiance, Biospherical/Licor
# name 15 = flag:  0.000e+00
# span 0 =          1,        772       
# span 1 = 203.451424, 203.453655       
# span 2 =    0.00000,    0.05354       
# span 3 =     0.0000,     3.2125       
# span 4 =      0.000,    192.750       
# span 5 =     -0.062,     70.763       
# span 6 =    391.173,  48929.245       
# span 7 =     0.1852,    31.0915       
# span 8 =    10.1506,    11.4181       
# span 9 =     -0.061,     70.090       
# span 10 =    6.31632,    7.70172      
# span 11 =    10.1430,    11.4179      
# span 12 =    -0.2506,    23.8783      
# span 13 =   11.45743,   14.17184      
# span 14 = 4.5818e-02, 1.2826e+03      
# span 15 = 0.0000e+00, 0.0000e+00      
# interval = seconds: 0.25
# start_time = Jul 22 2014 10:50:03 [Instrument's time stamp, header]
# bad_flag = -9.990e-29
*END*
[from data line 272]
        273 203.452211    0.01889     1.1333     68.000      1.329  47325.024    30.1282    11.3898      1.317    6.32177    11.3877    22.9173   11.46699 3.3171e+02 0.0000e+00
        274 203.452214    0.01896     1.1375     68.250      1.378  47319.808    30.1244    11.3889      1.365    6.32205    11.3863    22.9145   11.46750 3.2926e+02 0.0000e+00
        275 203.452216    0.01903     1.1417     68.500      1.401  47314.600    30.1206    11.3878      1.388    6.32235    11.3847    22.9117   11.46804 3.2358e+02 0.0000e+00
        276 203.452219    0.01910     1.1458     68.750      1.396  47309.690    30.1170    11.3865      1.383    6.32267    11.3827    22.9092   11.46862 3.1490e+02 0.0000e+00
        277 203.452222    0.01917     1.1500     69.000      1.367  47304.792    30.1134    11.3848      1.354    6.32304    11.3802    22.9066   11.46927 3.0499e+02 0.0000e+00
        278 203.452225    0.01924     1.1542     69.250      1.321  47298.909    30.1091    11.3828      1.309    6.32348    11.3766    22.9036   11.47006 2.9694e+02 0.0000e+00
        279 203.452228    0.01931     1.1583     69.500      1.266  47290.611    30.1030    11.3803      1.254    6.32407    11.3713    22.8993   11.47111 2.9489e+02 0.0000e+00
        280 203.452231    0.01938     1.1625     69.750      1.209  47278.567    30.0941    11.3767      1.197    6.32492    11.3646    22.8931   11.47262 2.9484e+02 0.0000e+00
        281 203.452234    0.01944     1.1667     70.000      1.161  47265.922    30.0847    11.3714      1.150    6.32601    11.3578    22.8866   11.47453 2.9540e+02 0.0000e+00
        282 203.452237    0.01951     1.1708     70.250      1.132  47258.948    30.0791    11.3647      1.122    6.32714    11.3521    22.8835   11.47647 3.0476e+02 0.0000e+00
        283 203.452240    0.01958     1.1750     70.500      1.124  47258.072    30.0777    11.3579      1.114    6.32811    11.3477    22.8836   11.47811 3.2218e+02 0.0000e+00
        284 203.452242    0.01965     1.1792     70.750      1.130  47259.780    30.0784    11.3522      1.120    6.32886    11.3442    22.8851   11.47934 3.4023e+02 0.0000e+00
        285 203.452245    0.01972     1.1833     71.000      1.139  47262.309    30.0797    11.3478      1.128    6.32940    11.3410    22.8869   11.48023 3.5686e+02 0.0000e+00
        286 203.452248    0.01979     1.1875     71.250      1.145  47265.334    30.0815    11.3443      1.134    6.32981    11.3378    22.8889   11.48089 3.6911e+02 0.0000e+00
        287 203.452251    0.01986     1.1917     71.500      1.148  47269.044    30.0838    11.3411      1.137    6.33015    11.3342    22.8913   11.48142 3.7208e+02 0.0000e+00
        288 203.452254    0.01993     1.1958     71.750      1.153  47273.641    30.0867    11.3379      1.142    6.33047    11.3300    22.8941   11.48192 3.6922e+02 0.0000e+00
        289 203.452257    0.02000     1.2000     72.000      1.165  47279.446    30.0904    11.3344      1.154    6.33080    11.3243    22.8976   11.48242 3.6979e+02 0.0000e+00
        290 203.452260    0.02007     1.2042     72.250      1.185  47287.170    30.0954    11.3301      1.174    6.33118    11.3162    22.9022   11.48299 3.7359e+02 0.0000e+00
        291 203.452263    0.02014     1.2083     72.500      1.209  47298.126    30.1025    11.3244      1.197    6.33167    11.3056    22.9088   11.48372 3.7380e+02 0.0000e+00
        292 203.452266    0.02021     1.2125     72.750      1.235  47313.214    30.1123    11.3164      1.223    6.33237    11.2937    22.9178   11.48476 3.7261e+02 0.0000e+00
        293 203.452269    0.02028     1.2167     73.000      1.267  47331.423    30.1241    11.3058      1.255    6.33333    11.2821    22.9287   11.48623 3.7348e+02 0.0000e+00
        294 203.452271    0.02035     1.2208     73.250      1.308  47350.403    30.1362    11.2938      1.296    6.33447    11.2718    22.9402   11.48797 3.7037e+02 0.0000e+00
        295 203.452274    0.02042     1.2250     73.500      1.360  47368.141    30.1475    11.2822      1.347    6.33559    11.2628    22.9510   11.48970 3.5989e+02 0.0000e+00
        296 203.452277    0.02049     1.2292     73.750      1.420  47383.941    30.1575    11.2720      1.407    6.33658    11.2543    22.9606   11.49122 3.4706e+02 0.0000e+00
        297 203.452280    0.02056     1.2333     74.000      1.483  47398.607    30.1669    11.2630      1.470    6.33743    11.2457    22.9695   11.49251 3.4057e+02 0.0000e+00
        298 203.452283    0.02063     1.2375     74.250      1.542  47413.413    30.1764    11.2545      1.528    6.33819    11.2364    22.9783   11.49367 3.4418e+02 0.0000e+00
        299 203.452286    0.02069     1.2417     74.500      1.588  47429.092    30.1866    11.2458      1.573    6.33897    11.2260    22.9877   11.49484 3.5261e+02 0.0000e+00
        300 203.452289    0.02076     1.2458     74.750      1.616  47446.665    30.1980    11.2366      1.600    6.33976    11.2127    22.9982   11.49602 3.6302e+02 0.0000e+00
        301 203.452292    0.02083     1.2500     75.000      1.622  47468.575    30.2124    11.2262      1.607    6.34060    11.1936    23.0112   11.49724 3.7493e+02 0.0000e+00
        302 203.452295    0.02090     1.2542     75.250      1.612  47499.029    30.2324    11.2129      1.597    6.34161    11.1648    23.0291   11.49868 3.8583e+02 0.0000e+00
        303 203.452297    0.02097     1.2583     75.500      1.589  47544.353    30.2624    11.1938      1.574    6.34301    11.1225    23.0556   11.50065 3.9864e+02 0.0000e+00
        304 203.452300    0.02104     1.2625     75.750      1.561  47610.968    30.3063    11.1649      1.546    6.34518    11.0691    23.0948   11.50372 4.1681e+02 0.0000e+00
        305 203.452303    0.02111     1.2667     76.000      1.528  47697.443    30.3628    11.1227      1.514    6.34867    11.0144    23.1460   11.50884 4.3685e+02 0.0000e+00
        306 203.452306    0.02118     1.2708     76.250      1.491  47790.658    30.4229    11.0693      1.477    6.35355    10.9676    23.2018   11.51623 4.5414e+02 0.0000e+00
        307 203.452309    0.02125     1.2750     76.500      1.451  47876.154    30.4773    11.0146      1.438    6.35883    10.9287    23.2536   11.52434 4.6201e+02 0.0000e+00
        308 203.452312    0.02132     1.2792     76.750      1.414  47949.119    30.5237    10.9677      1.400    6.36337    10.8930    23.2977   11.53133 4.5623e+02 0.0000e+00
        309 203.452315    0.02139     1.2833     77.000      1.386  48013.401    30.5648    10.9288      1.373    6.36703    10.8569    23.3364   11.53692 4.4775e+02 0.0000e+00
        310 203.452318    0.02146     1.2875     77.250      1.376  48074.976    30.6044    10.8932      1.363    6.37033    10.8204    23.3732   11.54191 4.4225e+02 0.0000e+00
        311 203.452321    0.02153     1.2917     77.500      1.385  48136.487    30.6438    10.8571      1.372    6.37370    10.7866    23.4100   11.54703 4.3159e+02 0.0000e+00
        312 203.452323    0.02160     1.2958     77.750      1.409  48195.374    30.6812    10.8205      1.396    6.37721    10.7587    23.4454   11.55241 4.1779e+02 0.0000e+00
        313 203.452326    0.02167     1.3000     78.000      1.441  48247.042    30.7139    10.7867      1.428    6.38054    10.7375    23.4766   11.55754 4.0969e+02 0.0000e+00
        314 203.452329    0.02174     1.3042     78.250      1.478  48288.611    30.7401    10.7588      1.465    6.38332    10.7222    23.5018   11.56184 4.1217e+02 0.0000e+00
        315 203.452332    0.02181     1.3083     78.500      1.517  48319.786    30.7597    10.7376      1.503    6.38544    10.7114    23.5206   11.56512 4.2185e+02 0.0000e+00
        316 203.452335    0.02187     1.3125     78.750      1.555  48342.070    30.7737    10.7224      1.540    6.38698    10.7039    23.5341   11.56751 4.2966e+02 0.0000e+00
        317 203.452338    0.02194     1.3167     79.000      1.591  48357.521    30.7833    10.7116      1.576    6.38807    10.6986    23.5435   11.56921 4.3076e+02 0.0000e+00
        318 203.452341    0.02201     1.3208     79.250      1.623  48368.245    30.7900    10.7041      1.607    6.38884    10.6953    23.5500   11.57040 4.2763e+02 0.0000e+00
        319 203.452344    0.02208     1.3250     79.500      1.649  48376.083    30.7950    10.6988      1.634    6.38936    10.6936    23.5547   11.57121 4.2679e+02 0.0000e+00
        320 203.452347    0.02215     1.3292     79.750      1.669  48381.665    30.7985    10.6955      1.654    6.38968    10.6931    23.5580   11.57169 4.2755e+02 0.0000e+00
        321 203.452350    0.02222     1.3333     80.000      1.685  48385.041    30.8007    10.6938      1.669    6.38982    10.6934    23.5600   11.57191 4.2877e+02 0.0000e+00
        322 203.452352    0.02229     1.3375     80.250      1.695  48386.824    30.8020    10.6933      1.679    6.38983    10.6941    23.5610   11.57192 4.3312e+02 0.0000e+00
        323 203.452355    0.02236     1.3417     80.500      1.702  48387.665    30.8026    10.6936      1.686    6.38977    10.6948    23.5614   11.57180 4.3805e+02 0.0000e+00
        324 203.452358    0.02243     1.3458     80.750      1.704  48387.792    30.8027    10.6943      1.688    6.38967    10.6954    23.5615   11.57164 4.4383e+02 0.0000e+00
        325 203.452361    0.02250     1.3500     81.000      1.696  48387.334    30.8025    10.6950      1.680    6.38958    10.6959    23.5612   11.57150 4.5422e+02 0.0000e+00
        326 203.452364    0.02257     1.3542     81.250      1.675  48386.567    30.8020    10.6956      1.659    6.38951    10.6961    23.5607   11.57139 4.6850e+02 0.0000e+00
        327 203.452367    0.02264     1.3583     81.500      1.638  48385.604    30.8014    10.6960      1.623    6.38948    10.6960    23.5601   11.57133 4.8536e+02 0.0000e+00
        328 203.452370    0.02271     1.3625     81.750      1.588  48384.358    30.8006    10.6962      1.574    6.38948    10.6954    23.5594   11.57134 4.9708e+02 0.0000e+00
        329 203.452373    0.02278     1.3667     82.000      1.530  48382.979    30.7996    10.6962      1.516    6.38953    10.6943    23.5587   11.57144 4.9406e+02 0.0000e+00
        330 203.452376    0.02285     1.3708     82.250      1.474  48381.773    30.7987    10.6956      1.460    6.38964    10.6925    23.5581   11.57164 4.8502e+02 0.0000e+00
        331 203.452378    0.02292     1.3750     82.500      1.431  48380.989    30.7981    10.6944      1.417    6.38983    10.6903    23.5578   11.57196 4.8083e+02 0.0000e+00
        332 203.452381    0.02299     1.3792     82.750      1.409  48380.841    30.7978    10.6927      1.396    6.39009    10.6878    23.5578   11.57238 4.7619e+02 0.0000e+00
        333 203.452384    0.02306     1.3833     83.000      1.409  48381.429    30.7979    10.6904      1.396    6.39039    10.6854    23.5583   11.57289 4.6860e+02 0.0000e+00
        334 203.452387    0.02313     1.3875     83.250      1.426  48382.713    30.7986    10.6880      1.413    6.39071    10.6833    23.5592   11.57341 4.6195e+02 0.0000e+00
        335 203.452390    0.02319     1.3917     83.500      1.458  48384.423    30.7995    10.6856      1.444    6.39101    10.6818    23.5604   11.57389 4.5298e+02 0.0000e+00
        336 203.452393    0.02326     1.3958     83.750      1.500  48386.091    30.8004    10.6835      1.486    6.39125    10.6807    23.5615   11.57428 4.3934e+02 0.0000e+00
        337 203.452396    0.02333     1.4000     84.000      1.551  48387.418    30.8011    10.6820      1.537    6.39144    10.6798    23.5623   11.57458 4.2383e+02 0.0000e+00
        338 203.452399    0.02340     1.4042     84.250      1.608  48388.332    30.8016    10.6808      1.592    6.39157    10.6791    23.5629   11.57480 4.1069e+02 0.0000e+00
        339 203.452402    0.02347     1.4083     84.500      1.666  48388.760    30.8018    10.6800      1.650    6.39168    10.6784    23.5632   11.57497 3.9824e+02 0.0000e+00
        340 203.452405    0.02354     1.4125     84.750      1.722  48388.765    30.8017    10.6793      1.706    6.39178    10.6777    23.5632   11.57514 3.8135e+02 0.0000e+00
        341 203.452407    0.02361     1.4167     85.000      1.772  48388.652    30.8015    10.6786      1.756    6.39188    10.6770    23.5631   11.57531 3.6932e+02 0.0000e+00
        342 203.452410    0.02368     1.4208     85.250      1.809  48388.759    30.8015    10.6779      1.793    6.39198    10.6765    23.5632   11.57547 3.7099e+02 0.0000e+00
        343 203.452413    0.02375     1.4250     85.500      1.826  48389.254    30.8018    10.6772      1.809    6.39206    10.6763    23.5636   11.57561 3.8142e+02 0.0000e+00
        344 203.452416    0.02382     1.4292     85.750      1.819  48389.976    30.8022    10.6767      1.802    6.39211    10.6763    23.5640   11.57569 3.9462e+02 0.0000e+00
        345 203.452419    0.02389     1.4333     86.000      1.790  48390.605    30.8027    10.6765      1.773    6.39213    10.6766    23.5644   11.57571 4.0374e+02 0.0000e+00
        346 203.452422    0.02396     1.4375     86.250      1.747  48390.920    30.8029    10.6765      1.730    6.39211    10.6769    23.5646   11.57569 4.0391e+02 0.0000e+00
        347 203.452425    0.02403     1.4417     86.500      1.704  48390.836    30.8029    10.6768      1.688    6.39208    10.6771    23.5645   11.57564 4.0038e+02 0.0000e+00
        348 203.452428    0.02410     1.4458     86.750      1.671  48390.462    30.8027    10.6771      1.655    6.39205    10.6772    23.5643   11.57559 4.0129e+02 0.0000e+00
        349 203.452431    0.02417     1.4500     87.000      1.651  48390.126    30.8025    10.6773      1.635    6.39203    10.6772    23.5641   11.57556 4.0554e+02 0.0000e+00
        350 203.452433    0.02424     1.4542     87.250      1.641  48389.969    30.8024    10.6774      1.626    6.39202    10.6771    23.5640   11.57554 4.0694e+02 0.0000e+00
        351 203.452436    0.02431     1.4583     87.500      1.636  48389.801    30.8022    10.6774      1.620    6.39202    10.6769    23.5639   11.57554 4.0565e+02 0.0000e+00
        352 203.452439    0.02438     1.4625     87.750      1.629  48389.520    30.8020    10.6773      1.614    6.39204    10.6766    23.5638   11.57557 4.0629e+02 0.0000e+00
        353 203.452442    0.02444     1.4667     88.000      1.620  48389.195    30.8018    10.6771      1.604    6.39208    10.6761    23.5636   11.57564 4.1188e+02 0.0000e+00
        354 203.452445    0.02451     1.4708     88.250      1.608  48388.897    30.8015    10.6768      1.593    6.39214    10.6754    23.5635   11.57574 4.2240e+02 0.0000e+00
        355 203.452448    0.02458     1.4750     88.500      1.600  48388.695    30.8013    10.6763      1.586    6.39222    10.6747    23.5634   11.57587 4.3158e+02 0.0000e+00
        356 203.452451    0.02465     1.4792     88.750      1.602  48388.693    30.8013    10.6756      1.587    6.39230    10.6740    23.5635   11.57602 4.3179e+02 0.0000e+00
        357 203.452454    0.02472     1.4833     89.000      1.614  48388.990    30.8014    10.6749      1.599    6.39240    10.6734    23.5637   11.57618 4.2430e+02 0.0000e+00
        358 203.452457    0.02479     1.4875     89.250      1.635  48389.530    30.8017    10.6742      1.620    6.39248    10.6729    23.5640   11.57631 4.1423e+02 0.0000e+00
        359 203.452459    0.02486     1.4917     89.500      1.663  48390.069    30.8020    10.6736      1.647    6.39256    10.6725    23.5644   11.57643 4.0517e+02 0.0000e+00
        360 203.452462    0.02493     1.4958     89.750      1.693  48390.434    30.8022    10.6731      1.677    6.39261    10.6721    23.5646   11.57653 3.9884e+02 0.0000e+00
        361 203.452465    0.02500     1.5000     90.000      1.723  48390.640    30.8023    10.6727      1.707    6.39267    10.6717    23.5647   11.57661 3.9306e+02 0.0000e+00
