CTD-processing/allCTD/CNV--turbid/2014_08-13_t4_s06_cast038.cnv
* Sea-Bird SBE19plus Data File:
* FileName = C:\Users\kris.holderied\Documents\kasitsna\Research-Projects-and-Data\Oceanography-AK\CTD-Data-ALL-to-2014-06\2014-CTD-KachemakBay-CookInlet\2014-08-13-CookInlet-Tran4-Barabara-extra\2014-08-13-CookInlet-Tran4-cast038.hex
* Software Version 1.59
* Temperature SN =  4141
* Conductivity SN =  4141
* System UpLoad Time = Oct 13 2014 01:06:09
** Cook Inlet LTM Transect 4 (Barabara) South to North
** Date: 08-13
** Station: 4-06
** Start time: 15:23
** Depth (m): 62.8
** Comment:  CTD time is Alaska Daylight time.  R/V Barnacle. Transducer  depth.
** Comment:
# nquan = 16
# nvalues = 490                         
# units = specified
# name 0 = scan: Scan Count
# name 1 = timeJ: Julian Days
# name 2 = timeH: Time, Elapsed [hours]
# name 3 = timeM: Time, Elapsed [minutes]
# name 4 = timeS: Time, Elapsed [seconds]
# name 5 = prdM: Pressure, Strain Gauge [db]
# name 6 = specc: Specific Conductance [uS/cm]
# name 7 = sal00: Salinity, Practical [PSU]
# name 8 = tv290C: Temperature [ITS-90, deg C]
# name 9 = depSM: Depth [salt water, m], lat = 59.00
# name 10 = oxsolML/L: Oxygen Saturation, Garcia & Gordon [ml/l]
# name 11 = potemp090C: Potential Temperature [ITS-90, deg C]
# name 12 = sigma-é00: Density [sigma-theta, kg/m^3]
# name 13 = n2satML/L: Nitrogen Saturation [ml/l]
# name 14 = par: PAR/Irradiance, Biospherical/Licor
# name 15 = flag:  0.000e+00
# span 0 =          1,        490       
# span 1 = 225.641933, 225.643348       
# span 2 =    0.00000,    0.03396       
# span 3 =     0.0000,     2.0375       
# span 4 =      0.000,    122.250       
# span 5 =     -0.207,     62.955       
# span 6 =   2091.484,  49312.125       
# span 7 =     1.1333,    31.3763       
# span 8 =    10.1775,    12.2886       
# span 9 =     -0.205,     62.357       
# span 10 =    6.18066,    7.45381      
# span 11 =    10.1707,    12.2886      
# span 12 =     0.3565,    24.0912      
# span 13 =   11.22562,   13.73943      
# span 14 = 6.0481e-02, 3.1926e+02      
# span 15 = 0.0000e+00, 0.0000e+00      
# interval = seconds: 0.25
# start_time = Aug 13 2014 15:24:23 [Instrument's time stamp, header]
# bad_flag = -9.990e-29
*END*
[from data line 272]
        273 225.642720    0.01889     1.1333     68.000      0.936  48574.813    31.0437    11.6848      0.927    6.24587    11.6778    23.5755   11.33037 1.9350e+02 0.0000e+00
        274 225.642723    0.01896     1.1375     68.250      1.029  48569.971    31.0400    11.6824      1.020    6.24633    11.6707    23.5731   11.33117 1.8555e+02 0.0000e+00
        275 225.642726    0.01903     1.1417     68.500      1.155  48564.561    31.0357    11.6779      1.143    6.24709    11.6613    23.5705   11.33249 1.7592e+02 0.0000e+00
        276 225.642729    0.01910     1.1458     68.750      1.307  48560.947    31.0323    11.6708      1.295    6.24817    11.6508    23.5692   11.33432 1.6591e+02 0.0000e+00
        277 225.642731    0.01917     1.1500     69.000      1.481  48560.704    31.0311    11.6615      1.467    6.24946    11.6401    23.5700   11.33648 1.5669e+02 0.0000e+00
        278 225.642734    0.01924     1.1542     69.250      1.668  48562.407    31.0311    11.6510      1.653    6.25085    11.6295    23.5719   11.33877 1.4886e+02 0.0000e+00
        279 225.642737    0.01931     1.1583     69.500      1.863  48564.540    31.0315    11.6404      1.846    6.25225    11.6191    23.5741   11.34110 1.4204e+02 0.0000e+00
        280 225.642740    0.01938     1.1625     69.750      2.062  48567.399    31.0323    11.6297      2.043    6.25363    11.6091    23.5766   11.34338 1.3565e+02 0.0000e+00
        281 225.642743    0.01944     1.1667     70.000      2.267  48570.038    31.0330    11.6194      2.246    6.25497    11.5993    23.5790   11.34560 1.2966e+02 0.0000e+00
        282 225.642746    0.01951     1.1708     70.250      2.477  48572.135    31.0333    11.6094      2.454    6.25629    11.5899    23.5811   11.34778 1.2417e+02 0.0000e+00
        283 225.642749    0.01958     1.1750     70.500      2.693  48576.078    31.0350    11.5996      2.668    6.25753    11.5819    23.5842   11.34981 1.1917e+02 0.0000e+00
        284 225.642752    0.01965     1.1792     70.750      2.915  48582.518    31.0385    11.5903      2.888    6.25863    11.5756    23.5886   11.35160 1.1466e+02 0.0000e+00
        285 225.642755    0.01972     1.1833     71.000      3.144  48589.631    31.0426    11.5823      3.115    6.25953    11.5709    23.5932   11.35306 1.1064e+02 0.0000e+00
        286 225.642758    0.01979     1.1875     71.250      3.380  48595.802    31.0462    11.5760      3.348    6.26023    11.5674    23.5971   11.35416 1.0708e+02 0.0000e+00
        287 225.642760    0.01986     1.1917     71.500      3.620  48600.170    31.0487    11.5713      3.586    6.26075    11.5643    23.5999   11.35499 1.0388e+02 0.0000e+00
        288 225.642763    0.01993     1.1958     71.750      3.862  48602.597    31.0500    11.5678      3.826    6.26116    11.5613    23.6015   11.35567 1.0087e+02 0.0000e+00
        289 225.642766    0.02000     1.2000     72.000      4.101  48603.468    31.0502    11.5648      4.062    6.26155    11.5579    23.6022   11.35631 9.8026e+01 0.0000e+00
        290 225.642769    0.02007     1.2042     72.250      4.334  48603.359    31.0497    11.5618      4.293    6.26197    11.5539    23.6024   11.35701 9.5514e+01 0.0000e+00
        291 225.642772    0.02014     1.2083     72.500      4.561  48602.679    31.0488    11.5584      4.518    6.26246    11.5493    23.6023   11.35783 9.3450e+01 0.0000e+00
        292 225.642775    0.02021     1.2125     72.750      4.785  48602.215    31.0480    11.5544      4.740    6.26303    11.5446    23.6024   11.35878 9.1749e+01 0.0000e+00
        293 225.642778    0.02028     1.2167     73.000      5.007  48602.926    31.0479    11.5499      4.961    6.26363    11.5399    23.6031   11.35979 9.0174e+01 0.0000e+00
        294 225.642781    0.02035     1.2208     73.250      5.231  48604.352    31.0483    11.5452      5.182    6.26425    11.5350    23.6043   11.36080 8.8438e+01 0.0000e+00
        295 225.642784    0.02042     1.2250     73.500      5.456  48605.188    31.0484    11.5405      5.405    6.26487    11.5298    23.6051   11.36184 8.6439e+01 0.0000e+00
        296 225.642786    0.02049     1.2292     73.750      5.682  48605.362    31.0479    11.5357      5.628    6.26553    11.5242    23.6056   11.36293 8.4269e+01 0.0000e+00
        297 225.642789    0.02056     1.2333     74.000      5.911  48606.291    31.0479    11.5305      5.855    6.26623    11.5188    23.6066   11.36409 8.1992e+01 0.0000e+00
        298 225.642792    0.02063     1.2375     74.250      6.147  48608.663    31.0489    11.5250      6.089    6.26693    11.5137    23.6084   11.36524 7.9582e+01 0.0000e+00
        299 225.642795    0.02069     1.2417     74.500      6.392  48611.768    31.0504    11.5195      6.332    6.26759    11.5092    23.6105   11.36632 7.7033e+01 0.0000e+00
        300 225.642798    0.02076     1.2458     74.750      6.647  48614.881    31.0520    11.5145      6.584    6.26820    11.5050    23.6127   11.36731 7.4398e+01 0.0000e+00
        301 225.642801    0.02083     1.2500     75.000      6.909  48617.511    31.0533    11.5100      6.844    6.26875    11.5011    23.6145   11.36821 7.1775e+01 0.0000e+00
        302 225.642804    0.02090     1.2542     75.250      7.178  48619.623    31.0542    11.5059      7.111    6.26926    11.4973    23.6160   11.36905 6.9268e+01 0.0000e+00
        303 225.642807    0.02097     1.2583     75.500      7.455  48621.605    31.0551    11.5020      7.385    6.26975    11.4935    23.6173   11.36984 6.6927e+01 0.0000e+00
        304 225.642810    0.02104     1.2625     75.750      7.737  48623.574    31.0560    11.4982      7.664    6.27022    11.4896    23.6187   11.37061 6.4742e+01 0.0000e+00
        305 225.642812    0.02111     1.2667     76.000      8.022  48625.368    31.0567    11.4944      7.947    6.27069    11.4853    23.6199   11.37138 6.2682e+01 0.0000e+00
        306 225.642815    0.02118     1.2708     76.250      8.311  48626.706    31.0572    11.4906      8.233    6.27119    11.4804    23.6209   11.37221 6.0701e+01 0.0000e+00
        307 225.642818    0.02125     1.2750     76.500      8.603  48627.486    31.0572    11.4863      8.523    6.27176    11.4745    23.6217   11.37315 5.8737e+01 0.0000e+00
        308 225.642821    0.02132     1.2792     76.750      8.900  48628.228    31.0570    11.4814      8.817    6.27242    11.4677    23.6225   11.37425 5.6756e+01 0.0000e+00
        309 225.642824    0.02139     1.2833     77.000      9.200  48629.745    31.0574    11.4756      9.114    6.27319    11.4603    23.6238   11.37552 5.4784e+01 0.0000e+00
        310 225.642827    0.02146     1.2875     77.250      9.503  48632.330    31.0583    11.4689      9.414    6.27405    11.4523    23.6258   11.37694 5.2860e+01 0.0000e+00
        311 225.642830    0.02153     1.2917     77.500      9.808  48635.700    31.0598    11.4615      9.716    6.27498    11.4441    23.6283   11.37847 5.0996e+01 0.0000e+00
        312 225.642833    0.02160     1.2958     77.750     10.115  48639.660    31.0617    11.4535     10.021    6.27597    11.4359    23.6311   11.38009 4.9184e+01 0.0000e+00
        313 225.642836    0.02167     1.3000     78.000     10.425  48643.691    31.0635    11.4454     10.327    6.27699    11.4274    23.6340   11.38175 4.7410e+01 0.0000e+00
        314 225.642839    0.02174     1.3042     78.250     10.735  48646.743    31.0647    11.4372     10.634    6.27804    11.4182    23.6364   11.38348 4.5669e+01 0.0000e+00
        315 225.642841    0.02181     1.3083     78.500     11.043  48648.341    31.0648    11.4287     10.939    6.27917    11.4080    23.6380   11.38535 4.3957e+01 0.0000e+00
        316 225.642844    0.02187     1.3125     78.750     11.351  48648.935    31.0641    11.4196     11.244    6.28042    11.3970    23.6391   11.38743 4.2275e+01 0.0000e+00
        317 225.642847    0.02194     1.3167     79.000     11.663  48650.326    31.0639    11.4094     11.553    6.28179    11.3860    23.6407   11.38971 4.0634e+01 0.0000e+00
        318 225.642850    0.02201     1.3208     79.250     11.981  48653.946    31.0651    11.3985     11.868    6.28322    11.3754    23.6436   11.39206 3.9041e+01 0.0000e+00
        319 225.642853    0.02208     1.3250     79.500     12.304  48657.657    31.0665    11.3875     12.188    6.28464    11.3646    23.6466   11.39439 3.7493e+01 0.0000e+00
        320 225.642856    0.02215     1.3292     79.750     12.630  48659.412    31.0664    11.3769     12.511    6.28606    11.3536    23.6485   11.39675 3.5984e+01 0.0000e+00
        321 225.642859    0.02222     1.3333     80.000     12.953  48661.132    31.0664    11.3662     12.831    6.28750    11.3428    23.6503   11.39914 3.4522e+01 0.0000e+00
        322 225.642862    0.02229     1.3375     80.250     13.270  48664.980    31.0678    11.3552     13.145    6.28892    11.3329    23.6534   11.40148 3.3127e+01 0.0000e+00
        323 225.642865    0.02236     1.3417     80.500     13.579  48671.588    31.0712    11.3444     13.452    6.29023    11.3248    23.6579   11.40362 3.1822e+01 0.0000e+00
        324 225.642867    0.02243     1.3458     80.750     13.882  48681.247    31.0769    11.3346     13.751    6.29133    11.3191    23.6640   11.40537 3.0618e+01 0.0000e+00
        325 225.642870    0.02250     1.3500     81.000     14.175  48692.937    31.0842    11.3265     14.042    6.29213    11.3158    23.6711   11.40660 2.9516e+01 0.0000e+00
        326 225.642873    0.02257     1.3542     81.250     14.457  48704.459    31.0916    11.3208     14.321    6.29259    11.3142    23.6779   11.40728 2.8514e+01 0.0000e+00
        327 225.642876    0.02264     1.3583     81.500     14.724  48713.203    31.0973    11.3176     14.586    6.29279    11.3130    23.6830   11.40755 2.7612e+01 0.0000e+00
        328 225.642879    0.02271     1.3625     81.750     14.973  48718.404    31.1007    11.3160     14.832    6.29287    11.3118    23.6859   11.40765 2.6796e+01 0.0000e+00
        329 225.642882    0.02278     1.3667     82.000     15.205  48721.754    31.1029    11.3149     15.062    6.29294    11.3104    23.6878   11.40774 2.6039e+01 0.0000e+00
        330 225.642885    0.02285     1.3708     82.250     15.425  48723.825    31.1041    11.3137     15.280    6.29306    11.3086    23.6890   11.40791 2.5324e+01 0.0000e+00
        331 225.642888    0.02292     1.3750     82.500     15.636  48724.172    31.1041    11.3123     15.489    6.29324    11.3060    23.6892   11.40822 2.4639e+01 0.0000e+00
        332 225.642891    0.02299     1.3792     82.750     15.844  48723.386    31.1033    11.3105     15.696    6.29352    11.3025    23.6889   11.40869 2.3974e+01 0.0000e+00
        333 225.642894    0.02306     1.3833     83.000     16.054  48721.987    31.1019    11.3079     15.903    6.29392    11.2980    23.6883   11.40937 2.3315e+01 0.0000e+00
        334 225.642896    0.02313     1.3875     83.250     16.268  48720.206    31.1002    11.3044     16.115    6.29446    11.2929    23.6876   11.41028 2.2659e+01 0.0000e+00
        335 225.642899    0.02319     1.3917     83.500     16.488  48718.826    31.0987    11.3000     16.333    6.29511    11.2873    23.6871   11.41138 2.2013e+01 0.0000e+00
        336 225.642902    0.02326     1.3958     83.750     16.714  48718.356    31.0977    11.2949     16.557    6.29584    11.2817    23.6873   11.41260 2.1376e+01 0.0000e+00
        337 225.642905    0.02333     1.4000     84.000     16.947  48719.011    31.0975    11.2893     16.788    6.29660    11.2765    23.6881   11.41387 2.0739e+01 0.0000e+00
        338 225.642908    0.02340     1.4042     84.250     17.188  48720.695    31.0980    11.2837     17.027    6.29733    11.2718    23.6895   11.41507 2.0101e+01 0.0000e+00
        339 225.642911    0.02347     1.4083     84.500     17.438  48722.748    31.0988    11.2785     17.274    6.29800    11.2676    23.6910   11.41616 1.9458e+01 0.0000e+00
        340 225.642914    0.02354     1.4125     84.750     17.695  48724.635    31.0995    11.2739     17.529    6.29860    11.2637    23.6924   11.41715 1.8815e+01 0.0000e+00
        341 225.642917    0.02361     1.4167     85.000     17.961  48726.058    31.0999    11.2697     17.792    6.29914    11.2600    23.6935   11.41804 1.8179e+01 0.0000e+00
        342 225.642920    0.02368     1.4208     85.250     18.233  48726.884    31.1000    11.2659     18.062    6.29965    11.2561    23.6942   11.41890 1.7545e+01 0.0000e+00
        343 225.642922    0.02375     1.4250     85.500     18.513  48727.065    31.0996    11.2622     18.339    6.30017    11.2521    23.6946   11.41976 1.6911e+01 0.0000e+00
        344 225.642925    0.02382     1.4292     85.750     18.799  48726.838    31.0989    11.2584     18.622    6.30071    11.2478    23.6947   11.42066 1.6284e+01 0.0000e+00
        345 225.642928    0.02389     1.4333     86.000     19.089  48726.613    31.0982    11.2544     18.910    6.30128    11.2433    23.6949   11.42161 1.5672e+01 0.0000e+00
        346 225.642931    0.02396     1.4375     86.250     19.382  48726.490    31.0975    11.2501     19.200    6.30188    11.2385    23.6951   11.42262 1.5080e+01 0.0000e+00
        347 225.642934    0.02403     1.4417     86.500     19.676  48726.412    31.0968    11.2456     19.491    6.30251    11.2335    23.6954   11.42368 1.4513e+01 0.0000e+00
        348 225.642937    0.02410     1.4458     86.750     19.971  48726.771    31.0964    11.2408     19.783    6.30317    11.2286    23.6959   11.42478 1.3969e+01 0.0000e+00
        349 225.642940    0.02417     1.4500     87.000     20.267  48728.464    31.0970    11.2358     20.077    6.30382    11.2241    23.6972   11.42585 1.3444e+01 0.0000e+00
        350 225.642943    0.02424     1.4542     87.250     20.565  48731.336    31.0984    11.2310     20.372    6.30442    11.2200    23.6992   11.42683 1.2934e+01 0.0000e+00
        351 225.642946    0.02431     1.4583     87.500     20.865  48734.579    31.1001    11.2265     20.669    6.30496    11.2164    23.7013   11.42770 1.2439e+01 0.0000e+00
        352 225.642948    0.02438     1.4625     87.750     21.167  48738.110    31.1020    11.2225     20.968    6.30542    11.2130    23.7035   11.42844 1.1960e+01 0.0000e+00
        353 225.642951    0.02444     1.4667     88.000     21.469  48741.888    31.1041    11.2189     21.267    6.30583    11.2100    23.7058   11.42909 1.1497e+01 0.0000e+00
        354 225.642954    0.02451     1.4708     88.250     21.774  48745.483    31.1062    11.2156     21.569    6.30620    11.2072    23.7080   11.42967 1.1048e+01 0.0000e+00
        355 225.642957    0.02458     1.4750     88.500     22.081  48748.479    31.1079    11.2126     21.873    6.30653    11.2046    23.7098   11.43021 1.0611e+01 0.0000e+00
        356 225.642960    0.02465     1.4792     88.750     22.389  48750.645    31.1090    11.2099     22.178    6.30685    11.2019    23.7111   11.43073 1.0186e+01 0.0000e+00
        357 225.642963    0.02472     1.4833     89.000     22.700  48752.027    31.1096    11.2073     22.486    6.30718    11.1992    23.7120   11.43126 9.7766e+00 0.0000e+00
        358 225.642966    0.02479     1.4875     89.250     23.011  48753.114    31.1099    11.2046     22.794    6.30752    11.1964    23.7128   11.43182 9.3867e+00 0.0000e+00
        359 225.642969    0.02486     1.4917     89.500     23.319  48754.323    31.1103    11.2019     23.100    6.30787    11.1937    23.7136   11.43240 9.0182e+00 0.0000e+00
        360 225.642972    0.02493     1.4958     89.750     23.625  48755.679    31.1109    11.1992     23.403    6.30822    11.1911    23.7145   11.43296 8.6675e+00 0.0000e+00
        361 225.642975    0.02500     1.5000     90.000     23.931  48757.382    31.1117    11.1965     23.706    6.30855    11.1888    23.7156   11.43350 8.3293e+00 0.0000e+00
