CTD-processing/allCTD/CNV--turbid/2014_07-24_t7_s16_cast015.cnv
* Sea-Bird SBE19plus Data File:
* FileName = C:\Users\kris.holderied\Documents\kasitsna\Research-Projects-and-Data\Oceanography-AK\CTD-Data-ALL-to-2014-06\2014-CTD-KachemakBay-CookInlet\2014-07-EVOSTC-CookInlet-quarterly\2014-07-24-CookInlet-Tran7-Augustine\2014-07-24-CookInlet-Tran7-cast015.hex
* Software Version 1.59
* Temperature SN =  4141
* Conductivity SN =  4141
* System UpLoad Time = Jul 24 2014 17:28:14
** Cook Inlet LTM Transect 7 (Augustine) West to East
** Date: 07-24
** Station: 7-16
** Start time: 13:57
** Depth (m): 89.2
** Comment:  CTD time is Alaska Daylight time.  Transducer  depth (transducer is 9 ft).
** Comment:
# nquan = 16
# nvalues = 676                         
# units = specified
# name 0 = scan: Scan Count
# name 1 = timeJ: Julian Days
# name 2 = timeH: Time, Elapsed [hours]
# name 3 = timeM: Time, Elapsed [minutes]
# name 4 = timeS: Time, Elapsed [seconds]
# name 5 = prdM: Pressure, Strain Gauge [db]
# name 6 = specc: Specific Conductance [uS/cm]
# name 7 = sal00: Salinity, Practical [PSU]
# name 8 = tv290C: Temperature [ITS-90, deg C]
# name 9 = depSM: Depth [salt water, m], lat = 59.00
# name 10 = oxsolML/L: Oxygen Saturation, Garcia & Gordon [ml/l]
# name 11 = potemp090C: Potential Temperature [ITS-90, deg C]
# name 12 = sigma-é00: Density [sigma-theta, kg/m^3]
# name 13 = n2satML/L: Nitrogen Saturation [ml/l]
# name 14 = par: PAR/Irradiance, Biospherical/Licor
# name 15 = flag:  0.000e+00
# span 0 =          1,        676       
# span 1 = 205.581250, 205.583203       
# span 2 =    0.00000,    0.04688       
# span 3 =     0.0000,     2.8125       
# span 4 =      0.000,    168.750       
# span 5 =     -0.113,     87.378       
# span 6 =    735.893,  50415.298       
# span 7 =     0.3555,    31.8924       
# span 8 =     8.4286,    11.4190       
# span 9 =     -0.112,     86.542       
# span 10 =    6.28856,    7.62596      
# span 11 =     8.4211,    11.4190      
# span 12 =    -0.1573,    24.7724      
# span 13 =   11.39720,   14.04118      
# span 14 = 4.6780e-02, 7.6468e+02      
# span 15 = 0.0000e+00, 0.0000e+00      
# interval = seconds: 0.25
# start_time = Jul 24 2014 13:57:00 [Instrument's time stamp, header]
# bad_flag = -9.990e-29
*END*
[from data line 272]
        273 205.582037    0.01889     1.1333     68.000      0.943  49101.734    31.3693    11.2339      0.934    6.29321    11.2319    23.9088   11.40506 3.7007e+02 0.0000e+00
        274 205.582040    0.01896     1.1375     68.250      0.909  49099.782    31.3679    11.2332      0.901    6.29335    11.2303    23.9078   11.40532 3.7028e+02 0.0000e+00
        275 205.582043    0.01903     1.1417     68.500      0.897  49098.707    31.3670    11.2320      0.889    6.29355    11.2282    23.9073   11.40565 3.6496e+02 0.0000e+00
        276 205.582046    0.01910     1.1458     68.750      0.907  49098.180    31.3664    11.2304      0.898    6.29379    11.2261    23.9072   11.40607 3.5567e+02 0.0000e+00
        277 205.582049    0.01917     1.1500     69.000      0.936  49098.085    31.3661    11.2283      0.927    6.29408    11.2241    23.9073   11.40654 3.4394e+02 0.0000e+00
        278 205.582052    0.01924     1.1542     69.250      0.981  49098.568    31.3662    11.2262      0.972    6.29436    11.2224    23.9077   11.40701 3.3068e+02 0.0000e+00
        279 205.582054    0.01931     1.1583     69.500      1.039  49099.630    31.3667    11.2243      1.030    6.29461    11.2210    23.9085   11.40741 3.1814e+02 0.0000e+00
        280 205.582057    0.01938     1.1625     69.750      1.106  49101.060    31.3675    11.2226      1.095    6.29481    11.2199    23.9094   11.40773 3.0697e+02 0.0000e+00
        281 205.582060    0.01944     1.1667     70.000      1.174  49102.680    31.3685    11.2212      1.163    6.29496    11.2191    23.9104   11.40797 2.9662e+02 0.0000e+00
        282 205.582063    0.01951     1.1708     70.250      1.239  49104.387    31.3695    11.2201      1.227    6.29506    11.2185    23.9114   11.40812 2.8782e+02 0.0000e+00
        283 205.582066    0.01958     1.1750     70.500      1.295  49106.110    31.3707    11.2193      1.283    6.29512    11.2181    23.9124   11.40822 2.8184e+02 0.0000e+00
        284 205.582069    0.01965     1.1792     70.750      1.340  49107.868    31.3718    11.2187      1.327    6.29515    11.2178    23.9134   11.40825 2.7900e+02 0.0000e+00
        285 205.582072    0.01972     1.1833     71.000      1.370  49109.551    31.3730    11.2183      1.357    6.29516    11.2175    23.9144   11.40825 2.7851e+02 0.0000e+00
        286 205.582075    0.01979     1.1875     71.250      1.386  49110.432    31.3736    11.2180      1.373    6.29518    11.2172    23.9149   11.40828 2.7958e+02 0.0000e+00
        287 205.582078    0.01986     1.1917     71.500      1.389  49109.259    31.3727    11.2177      1.375    6.29525    11.2167    23.9143   11.40841 2.8203e+02 0.0000e+00
        288 205.582080    0.01993     1.1958     71.750      1.380  49106.280    31.3705    11.2174      1.366    6.29538    11.2161    23.9127   11.40866 2.8612e+02 0.0000e+00
        289 205.582083    0.02000     1.2000     72.000      1.361  49103.609    31.3686    11.2169      1.348    6.29553    11.2156    23.9113   11.40892 2.9213e+02 0.0000e+00
        290 205.582086    0.02007     1.2042     72.250      1.335  49102.329    31.3676    11.2163      1.322    6.29565    11.2153    23.9106   11.40912 2.9962e+02 0.0000e+00
        291 205.582089    0.02014     1.2083     72.500      1.301  49101.921    31.3673    11.2158      1.288    6.29573    11.2151    23.9104   11.40926 3.0854e+02 0.0000e+00
        292 205.582092    0.02021     1.2125     72.750      1.259  49101.697    31.3671    11.2155      1.246    6.29578    11.2150    23.9104   11.40935 3.1988e+02 0.0000e+00
        293 205.582095    0.02028     1.2167     73.000      1.208  49101.406    31.3669    11.2153      1.196    6.29581    11.2149    23.9102   11.40941 3.3317e+02 0.0000e+00
        294 205.582098    0.02035     1.2208     73.250      1.149  49101.130    31.3667    11.2152      1.138    6.29584    11.2148    23.9101   11.40945 3.4612e+02 0.0000e+00
        295 205.582101    0.02042     1.2250     73.500      1.084  49100.908    31.3666    11.2150      1.074    6.29586    11.2147    23.9100   11.40949 3.5796e+02 0.0000e+00
        296 205.582104    0.02049     1.2292     73.750      1.018  49100.764    31.3665    11.2149      1.008    6.29588    11.2146    23.9100   11.40952 3.6970e+02 0.0000e+00
        297 205.582106    0.02056     1.2333     74.000      0.959  49100.679    31.3664    11.2148      0.949    6.29590    11.2145    23.9099   11.40955 3.7900e+02 0.0000e+00
        298 205.582109    0.02063     1.2375     74.250      0.913  49100.514    31.3663    11.2147      0.904    6.29591    11.2143    23.9099   11.40958 3.8095e+02 0.0000e+00
        299 205.582112    0.02069     1.2417     74.500      0.890  49100.264    31.3661    11.2146      0.881    6.29594    11.2140    23.9098   11.40962 3.7436e+02 0.0000e+00
        300 205.582115    0.02076     1.2458     74.750      0.892  49100.075    31.3660    11.2144      0.884    6.29597    11.2135    23.9097   11.40968 3.6249e+02 0.0000e+00
        301 205.582118    0.02083     1.2500     75.000      0.921  49099.897    31.3658    11.2141      0.913    6.29602    11.2129    23.9096   11.40976 3.4787e+02 0.0000e+00
        302 205.582121    0.02090     1.2542     75.250      0.974  49099.730    31.3656    11.2136      0.965    6.29609    11.2124    23.9095   11.40988 3.2965e+02 0.0000e+00
        303 205.582124    0.02097     1.2583     75.500      1.044  49099.896    31.3657    11.2130      1.034    6.29617    11.2121    23.9097   11.41000 3.0925e+02 0.0000e+00
        304 205.582127    0.02104     1.2625     75.750      1.127  49100.525    31.3660    11.2125      1.116    6.29622    11.2121    23.9100   11.41009 2.9105e+02 0.0000e+00
        305 205.582130    0.02111     1.2667     76.000      1.214  49101.334    31.3665    11.2122      1.203    6.29624    11.2123    23.9105   11.41012 2.7705e+02 0.0000e+00
        306 205.582133    0.02118     1.2708     76.250      1.299  49101.841    31.3669    11.2123      1.287    6.29623    11.2126    23.9107   11.41009 2.6706e+02 0.0000e+00
        307 205.582135    0.02125     1.2750     76.500      1.373  49101.742    31.3668    11.2125      1.360    6.29620    11.2126    23.9106   11.41004 2.6104e+02 0.0000e+00
        308 205.582138    0.02132     1.2792     76.750      1.427  49101.246    31.3664    11.2127      1.413    6.29618    11.2124    23.9103   11.41001 2.6014e+02 0.0000e+00
        309 205.582141    0.02139     1.2833     77.000      1.454  49100.648    31.3660    11.2127      1.441    6.29619    11.2121    23.9100   11.41003 2.6537e+02 0.0000e+00
        310 205.582144    0.02146     1.2875     77.250      1.452  49100.328    31.3657    11.2125      1.438    6.29622    11.2117    23.9098   11.41010 2.7565e+02 0.0000e+00
        311 205.582147    0.02153     1.2917     77.500      1.419  49100.616    31.3659    11.2122      1.406    6.29626    11.2116    23.9100   11.41017 2.8923e+02 0.0000e+00
        312 205.582150    0.02160     1.2958     77.750      1.360  49100.992    31.3662    11.2119      1.348    6.29630    11.2115    23.9103   11.41022 3.0476e+02 0.0000e+00
        313 205.582153    0.02167     1.3000     78.000      1.284  49100.893    31.3662    11.2117      1.272    6.29632    11.2113    23.9102   11.41026 3.2030e+02 0.0000e+00
        314 205.582156    0.02174     1.3042     78.250      1.200  49100.593    31.3660    11.2116      1.189    6.29635    11.2110    23.9101   11.41030 3.3388e+02 0.0000e+00
        315 205.582159    0.02181     1.3083     78.500      1.119  49100.459    31.3659    11.2114      1.109    6.29638    11.2107    23.9101   11.41035 3.4553e+02 0.0000e+00
        316 205.582161    0.02187     1.3125     78.750      1.049  49100.536    31.3659    11.2111      1.040    6.29641    11.2105    23.9102   11.41041 3.5532e+02 0.0000e+00
        317 205.582164    0.02194     1.3167     79.000      0.996  49100.753    31.3660    11.2108      0.987    6.29644    11.2103    23.9103   11.41046 3.6119e+02 0.0000e+00
        318 205.582167    0.02201     1.3208     79.250      0.960  49100.909    31.3661    11.2106      0.952    6.29647    11.2101    23.9104   11.41050 3.6222e+02 0.0000e+00
        319 205.582170    0.02208     1.3250     79.500      0.942  49100.908    31.3661    11.2104      0.934    6.29650    11.2100    23.9105   11.41055 3.6014e+02 0.0000e+00
        320 205.582173    0.02215     1.3292     79.750      0.939  49100.862    31.3661    11.2102      0.930    6.29652    11.2098    23.9105   11.41059 3.5732e+02 0.0000e+00
        321 205.582176    0.02222     1.3333     80.000      0.948  49100.795    31.3660    11.2101      0.940    6.29655    11.2095    23.9104   11.41064 3.5389e+02 0.0000e+00
        322 205.582179    0.02229     1.3375     80.250      0.968  49100.738    31.3659    11.2099      0.959    6.29658    11.2093    23.9104   11.41069 3.4792e+02 0.0000e+00
        323 205.582182    0.02236     1.3417     80.500      0.996  49100.757    31.3659    11.2096      0.987    6.29661    11.2091    23.9104   11.41074 3.4005e+02 0.0000e+00
        324 205.582185    0.02243     1.3458     80.750      1.031  49100.824    31.3659    11.2094      1.021    6.29664    11.2090    23.9105   11.41079 3.3227e+02 0.0000e+00
        325 205.582188    0.02250     1.3500     81.000      1.070  49100.941    31.3660    11.2093      1.061    6.29666    11.2088    23.9105   11.41082 3.2414e+02 0.0000e+00
        326 205.582190    0.02257     1.3542     81.250      1.114  49101.134    31.3661    11.2091      1.104    6.29668    11.2088    23.9106   11.41085 3.1521e+02 0.0000e+00
        327 205.582193    0.02264     1.3583     81.500      1.161  49101.361    31.3662    11.2090      1.150    6.29669    11.2088    23.9108   11.41087 3.0623e+02 0.0000e+00
        328 205.582196    0.02271     1.3625     81.750      1.210  49101.485    31.3663    11.2090      1.199    6.29669    11.2088    23.9108   11.41087 2.9743e+02 0.0000e+00
        329 205.582199    0.02278     1.3667     82.000      1.259  49101.356    31.3662    11.2090      1.248    6.29669    11.2087    23.9107   11.41087 2.8878e+02 0.0000e+00
        330 205.582202    0.02285     1.3708     82.250      1.309  49101.143    31.3660    11.2090      1.297    6.29670    11.2085    23.9106   11.41089 2.8104e+02 0.0000e+00
        331 205.582205    0.02292     1.3750     82.500      1.357  49101.106    31.3659    11.2089      1.344    6.29671    11.2082    23.9106   11.41091 2.7553e+02 0.0000e+00
        332 205.582208    0.02299     1.3792     82.750      1.401  49101.147    31.3659    11.2087      1.389    6.29674    11.2078    23.9106   11.41096 2.7271e+02 0.0000e+00
        333 205.582211    0.02306     1.3833     83.000      1.441  49101.168    31.3659    11.2084      1.428    6.29678    11.2072    23.9106   11.41103 2.7191e+02 0.0000e+00
        334 205.582214    0.02313     1.3875     83.250      1.474  49101.108    31.3658    11.2079      1.461    6.29684    11.2064    23.9106   11.41113 2.7224e+02 0.0000e+00
        335 205.582216    0.02319     1.3917     83.500      1.504  49100.924    31.3656    11.2074      1.490    6.29693    11.2054    23.9106   11.41127 2.7294e+02 0.0000e+00
        336 205.582219    0.02326     1.3958     83.750      1.538  49100.697    31.3653    11.2066      1.524    6.29705    11.2041    23.9105   11.41147 2.7296e+02 0.0000e+00
        337 205.582222    0.02333     1.4000     84.000      1.592  49100.379    31.3649    11.2056      1.578    6.29719    11.2026    23.9104   11.41172 2.7042e+02 0.0000e+00
        338 205.582225    0.02340     1.4042     84.250      1.681  49100.094    31.3646    11.2043      1.666    6.29738    11.2008    23.9103   11.41203 2.6375e+02 0.0000e+00
        339 205.582228    0.02347     1.4083     84.500      1.811  49100.331    31.3645    11.2028      1.794    6.29759    11.1991    23.9106   11.41239 2.5254e+02 0.0000e+00
        340 205.582231    0.02354     1.4125     84.750      1.978  49101.281    31.3649    11.2010      1.959    6.29781    11.1974    23.9112   11.41275 2.3775e+02 0.0000e+00
        341 205.582234    0.02361     1.4167     85.000      2.170  49102.312    31.3654    11.1993      2.150    6.29803    11.1956    23.9119   11.41309 2.2092e+02 0.0000e+00
        342 205.582237    0.02368     1.4208     85.250      2.386  49102.713    31.3654    11.1977      2.363    6.29825    11.1935    23.9122   11.41345 2.0291e+02 0.0000e+00
        343 205.582240    0.02375     1.4250     85.500      2.627  49102.562    31.3650    11.1960      2.602    6.29850    11.1909    23.9122   11.41387 1.8425e+02 0.0000e+00
        344 205.582242    0.02382     1.4292     85.750      2.899  49102.115    31.3644    11.1939      2.872    6.29880    11.1873    23.9120   11.41439 1.6543e+02 0.0000e+00
        345 205.582245    0.02389     1.4333     86.000      3.202  49101.186    31.3633    11.1912      3.172    6.29920    11.1822    23.9117   11.41506 1.4683e+02 0.0000e+00
        346 205.582248    0.02396     1.4375     86.250      3.530  49099.299    31.3614    11.1877      3.497    6.29975    11.1749    23.9108   11.41600 1.2892e+02 0.0000e+00
        347 205.582251    0.02403     1.4417     86.500      3.878  49096.268    31.3586    11.1827      3.841    6.30054    11.1648    23.9095   11.41734 1.1228e+02 0.0000e+00
        348 205.582254    0.02410     1.4458     86.750      4.240  49092.817    31.3552    11.1755      4.200    6.30166    11.1514    23.9081   11.41922 9.7371e+01 0.0000e+00
        349 205.582257    0.02417     1.4500     87.000      4.609  49090.921    31.3525    11.1654      4.566    6.30313    11.1355    23.9079   11.42170 8.4418e+01 0.0000e+00
        350 205.582260    0.02424     1.4542     87.250      4.981  49093.074    31.3524    11.1521      4.934    6.30494    11.1181    23.9101   11.42469 7.3398e+01 0.0000e+00
        351 205.582263    0.02431     1.4583     87.500      5.352  49099.297    31.3549    11.1362      5.301    6.30698    11.0994    23.9148   11.42805 6.4133e+01 0.0000e+00
        352 205.582266    0.02438     1.4625     87.750      5.718  49106.368    31.3578    11.1188      5.664    6.30921    11.0788    23.9201   11.43172 5.6369e+01 0.0000e+00
        353 205.582269    0.02444     1.4667     88.000      6.079  49112.642    31.3600    11.1002      6.022    6.31165    11.0559    23.9251   11.43573 4.9834e+01 0.0000e+00
        354 205.582271    0.02451     1.4708     88.250      6.433  49120.259    31.3629    11.0796      6.373    6.31432    11.0313    23.9310   11.44013 4.4298e+01 0.0000e+00
        355 205.582274    0.02458     1.4750     88.500      6.777  49131.380    31.3681    11.0567      6.714    6.31721    11.0063    23.9390   11.44486 3.9585e+01 0.0000e+00
        356 205.582277    0.02465     1.4792     88.750      7.110  49146.657    31.3760    11.0322      7.043    6.32023    10.9827    23.9495   11.44977 3.5565e+01 0.0000e+00
        357 205.582280    0.02472     1.4833     89.000      7.427  49165.667    31.3865    11.0072      7.357    6.32319    10.9619    23.9620   11.45456 3.2146e+01 0.0000e+00
        358 205.582283    0.02479     1.4875     89.250      7.724  49186.110    31.3982    10.9836      7.651    6.32593    10.9443    23.9752   11.45895 2.9237e+01 0.0000e+00
        359 205.582286    0.02486     1.4917     89.500      8.001  49204.623    31.4089    10.9628      7.926    6.32832    10.9291    23.9871   11.46279 2.6728e+01 0.0000e+00
        360 205.582289    0.02493     1.4958     89.750      8.264  49219.093    31.4170    10.9453      8.186    6.33038    10.9149    23.9965   11.46611 2.4519e+01 0.0000e+00
        361 205.582292    0.02500     1.5000     90.000      8.516  49229.274    31.4224    10.9301      8.437    6.33223    10.9001    24.0033   11.46912 2.2536e+01 0.0000e+00
