CTD-processing/allCTD/CNV--turbid/2014_10-18_t6_s22_cast120.cnv
* Sea-Bird SBE19plus Data File:
* FileName = C:\Users\kris.holderied\Documents\kasitsna\Research-Projects-and-Data\Oceanography-AK\CTD-Data-ALL-to-2014-10\2014-CTD-KachemakBay-CookInlet\2014-10-EVOSTC-CookInlet\2014-10-18-CookInlet-Tran6-Douglas\2014-10-18-CookInlet-Tran6-cast120.hex
* Software Version 1.59
* Temperature SN =  4141
* Conductivity SN =  4141
* System UpLoad Time = Oct 18 2014 10:09:07
** Cook Inlet LTM Tran6 (Douglas)  east to west
** Date: 10-18
** Station: 6-22
** Start time: 07:14
** Depth (m): 164
** Comment:  CTD time is Alaska Daylight time.  R/V Pandalus. Transducer  depth.
** Comment:
# nquan = 16
# nvalues = 1253                        
# units = specified
# name 0 = scan: Scan Count
# name 1 = timeJ: Julian Days
# name 2 = timeH: Time, Elapsed [hours]
# name 3 = timeM: Time, Elapsed [minutes]
# name 4 = timeS: Time, Elapsed [seconds]
# name 5 = prdM: Pressure, Strain Gauge [db]
# name 6 = specc: Specific Conductance [uS/cm]
# name 7 = sal00: Salinity, Practical [PSU]
# name 8 = tv290C: Temperature [ITS-90, deg C]
# name 9 = depSM: Depth [salt water, m], lat = 59.00
# name 10 = oxsolML/L: Oxygen Saturation, Garcia & Gordon [ml/l]
# name 11 = potemp090C: Potential Temperature [ITS-90, deg C]
# name 12 = sigma-é00: Density [sigma-theta, kg/m^3]
# name 13 = n2satML/L: Nitrogen Saturation [ml/l]
# name 14 = par: PAR/Irradiance, Biospherical/Licor
# name 15 = flag:  0.000e+00
# span 0 =          1,       1253       
# span 1 = 291.302037, 291.305660       
# span 2 =    0.00000,    0.08694       
# span 3 =     0.0000,     5.2167       
# span 4 =      0.000,    313.000       
# span 5 =     -0.300,    164.913       
# span 6 =    421.600,  51477.360       
# span 7 =     0.1974,    32.3602       
# span 8 =     7.0117,     9.8783       
# span 9 =     -0.297,    163.306       
# span 10 =    6.50429,    8.43043      
# span 11 =     6.9969,     9.8750      
# span 12 =     0.0493,    25.3400      
# span 13 =   11.75643,   15.40168      
# span 14 = 3.6382e-02, 9.7520e-01      
# span 15 = 0.0000e+00, 0.0000e+00      
# interval = seconds: 0.25
# start_time = Oct 18 2014 07:14:56 [Instrument's time stamp, header]
# bad_flag = -9.990e-29
*END*
[from data line 91]
         92 291.302300    0.00632     0.3792     22.750      1.566  46903.001    29.6501     9.7733      1.551    6.56773     9.7727    22.8139   11.88064 1.6019e-01 0.0000e+00
         93 291.302303    0.00639     0.3833     23.000      1.523  46897.611    29.6463     9.7729      1.509    6.56795     9.7730    22.8110   11.88106 1.4182e-01 0.0000e+00
         94 291.302306    0.00646     0.3875     23.250      1.471  46899.245    29.6474     9.7728      1.457    6.56791     9.7732    22.8119   11.88098 1.1504e-01 0.0000e+00
         95 291.302309    0.00653     0.3917     23.500      1.417  46906.942    29.6528     9.7731      1.404    6.56764     9.7728    22.8161   11.88047 9.2000e-02 0.0000e+00
         96 291.302312    0.00660     0.3958     23.750      1.369  46916.147    29.6593     9.7733      1.356    6.56734     9.7717    22.8212   11.87988 7.5623e-02 0.0000e+00
         97 291.302315    0.00667     0.4000     24.000      1.334  46923.814    29.6647     9.7730      1.322    6.56717     9.7700    22.8254   11.87953 6.6415e-02 0.0000e+00
         98 291.302318    0.00674     0.4042     24.250      1.315  46929.139    29.6683     9.7719      1.303    6.56718     9.7681    22.8284   11.87951 6.2209e-02 0.0000e+00
         99 291.302321    0.00681     0.4083     24.500      1.314  46932.255    29.6703     9.7702      1.302    6.56734     9.7661    22.8302   11.87975 6.1059e-02 0.0000e+00
        100 291.302323    0.00688     0.4125     24.750      1.332  46934.053    29.6713     9.7683      1.320    6.56757     9.7640    22.8313   11.88012 6.2063e-02 0.0000e+00
        101 291.302326    0.00694     0.4167     25.000      1.371  46935.072    29.6717     9.7663      1.358    6.56784     9.7615    22.8320   11.88056 6.5010e-02 0.0000e+00
        102 291.302329    0.00701     0.4208     25.250      1.429  46933.784    29.6706     9.7642      1.416    6.56820     9.7580    22.8314   11.88116 7.0234e-02 0.0000e+00
        103 291.302332    0.00708     0.4250     25.500      1.504  46926.480    29.6651     9.7617      1.490    6.56879     9.7523    22.8275   11.88222 7.9035e-02 0.0000e+00
        104 291.302335    0.00715     0.4292     25.750      1.589  46908.514    29.6520     9.7582      1.574    6.56985     9.7427    22.8179   11.88413 9.2157e-02 0.0000e+00
        105 291.302338    0.00722     0.4333     26.000      1.671  46877.034    29.6293     9.7525      1.656    6.57162     9.7263    22.8010   11.88735 1.0358e-01 0.0000e+00
        106 291.302341    0.00729     0.4375     26.250      1.738  46841.361    29.6032     9.7429      1.722    6.57413     9.7018    22.7821   11.89183 1.0750e-01 0.0000e+00
        107 291.302344    0.00736     0.4417     26.500      1.777  46823.835    29.5889     9.7265      1.761    6.57712     9.6728    22.7735   11.89695 1.0719e-01 0.0000e+00
        108 291.302347    0.00743     0.4458     26.750      1.782  46837.011    29.5951     9.7020      1.765    6.58041     9.6464    22.7822   11.90234 1.0295e-01 0.0000e+00
        109 291.302350    0.00750     0.4500     27.000      1.752  46872.876    29.6166     9.6730      1.735    6.58372     9.6280    22.8036   11.90756 9.2402e-02 0.0000e+00
        110 291.302352    0.00757     0.4542     27.250      1.694  46917.454    29.6446     9.6466      1.678    6.58637     9.6202    22.8295   11.91162 8.0213e-02 0.0000e+00
        111 291.302355    0.00764     0.4583     27.500      1.623  46960.951    29.6728     9.6282      1.608    6.58787     9.6245    22.8544   11.91375 7.2249e-02 0.0000e+00
        112 291.302358    0.00771     0.4625     27.750      1.554  46998.291    29.6980     9.6204      1.539    6.58793     9.6396    22.8752   11.91355 7.0149e-02 0.0000e+00
        113 291.302361    0.00778     0.4667     28.000      1.501  47026.036    29.7180     9.6247      1.487    6.58646     9.6606    22.8901   11.91086 7.2696e-02 0.0000e+00
        114 291.302364    0.00785     0.4708     28.250      1.472  47037.235    29.7277     9.6397      1.459    6.58386     9.6818    22.8954   11.90644 7.7054e-02 0.0000e+00
        115 291.302367    0.00792     0.4750     28.500      1.467  47026.625    29.7228     9.6607      1.453    6.58100     9.6988    22.8883   11.90177 8.1055e-02 0.0000e+00
        116 291.302370    0.00799     0.4792     28.750      1.478  46995.980    29.7040     9.6820      1.463    6.57871     9.7091    22.8703   11.89820 8.5651e-02 0.0000e+00
        117 291.302373    0.00806     0.4833     29.000      1.495  46949.543    29.6736     9.6990      1.481    6.57752     9.7111    22.8439   11.89659 9.2008e-02 0.0000e+00
        118 291.302376    0.00813     0.4875     29.250      1.510  46896.144    29.6375     9.7093      1.496    6.57756     9.7035    22.8142   11.89708 9.7828e-02 0.0000e+00
        119 291.302378    0.00819     0.4917     29.500      1.517  46852.064    29.6069     9.7113      1.502    6.57856     9.6863    22.7900   11.89912 1.0203e-01 0.0000e+00
        120 291.302381    0.00826     0.4958     29.750      1.511  46831.511    29.5916     9.7036      1.497    6.58032     9.6636    22.7792   11.90222 1.0267e-01 0.0000e+00
        121 291.302384    0.00833     0.5000     30.000      1.493  46838.321    29.5942     9.6864      1.479    6.58270     9.6418    22.7840   11.90614 9.5676e-02 0.0000e+00
        122 291.302387    0.00840     0.5042     30.250      1.467  46866.285    29.6110     9.6637      1.453    6.58529     9.6260    22.8006   11.91024 8.4731e-02 0.0000e+00
        123 291.302390    0.00847     0.5083     30.500      1.440  46905.438    29.6357     9.6419      1.426    6.58742     9.6187    22.8233   11.91346 7.5140e-02 0.0000e+00
        124 291.302393    0.00854     0.5125     30.750      1.418  46946.791    29.6627     9.6261      1.405    6.58857     9.6207    22.8468   11.91505 6.7592e-02 0.0000e+00
        125 291.302396    0.00861     0.5167     31.000      1.410  46982.484    29.6868     9.6188      1.397    6.58863     9.6316    22.8667   11.91485 6.1831e-02 0.0000e+00
        126 291.302399    0.00868     0.5208     31.250      1.422  47007.933    29.7049     9.6208      1.409    6.58757     9.6487    22.8805   11.91288 5.7757e-02 0.0000e+00
        127 291.302402    0.00875     0.5250     31.500      1.453  47021.884    29.7160     9.6317      1.439    6.58551     9.6679    22.8875   11.90933 5.5618e-02 0.0000e+00
        128 291.302405    0.00882     0.5292     31.750      1.499  47022.613    29.7186     9.6488      1.485    6.58291     9.6856    22.8868   11.90499 5.5422e-02 0.0000e+00
        129 291.302407    0.00889     0.5333     32.000      1.550  47007.627    29.7104     9.6681      1.536    6.58046     9.6988    22.8775   11.90102 5.7045e-02 0.0000e+00
        130 291.302410    0.00896     0.5375     32.250      1.595  46976.230    29.6906     9.6858      1.580    6.57872     9.7053    22.8593   11.89838 6.0088e-02 0.0000e+00
        131 291.302413    0.00903     0.5417     32.500      1.625  46931.063    29.6606     9.6989      1.609    6.57808     9.7034    22.8338   11.89767 6.4438e-02 0.0000e+00
        132 291.302416    0.00910     0.5458     32.750      1.635  46882.570    29.6275     9.7054      1.619    6.57853     9.6919    22.8070   11.89884 7.0870e-02 0.0000e+00
        133 291.302419    0.00917     0.5500     33.000      1.625  46847.498    29.6027     9.7035      1.609    6.57985     9.6723    22.7879   11.90132 7.9244e-02 0.0000e+00
        134 291.302422    0.00924     0.5542     33.250      1.600  46837.270    29.5942     9.6920      1.585    6.58188     9.6505    22.7830   11.90480 8.8828e-02 0.0000e+00
        135 291.302425    0.00931     0.5583     33.500      1.568  46852.077    29.6021     9.6725      1.553    6.58440     9.6328    22.7923   11.90887 1.0172e-01 0.0000e+00
        136 291.302428    0.00937     0.5625     33.750      1.539  46883.682    29.6216     9.6507      1.525    6.58675     9.6226    22.8108   11.91253 1.2110e-01 0.0000e+00
        137 291.302431    0.00944     0.5667     34.000      1.520  46919.951    29.6448     9.6330      1.506    6.58834     9.6200    22.8317   11.91489 1.4652e-01 0.0000e+00
        138 291.302433    0.00951     0.5708     34.250      1.513  46948.158    29.6633     9.6227      1.499    6.58906     9.6234    22.8477   11.91585 1.6657e-01 0.0000e+00
        139 291.302436    0.00958     0.5750     34.500      1.514  46959.864    29.6711     9.6201      1.500    6.58910     9.6300    22.8542   11.91582 1.7150e-01 0.0000e+00
        140 291.302439    0.00965     0.5792     34.750      1.518  46953.800    29.6673     9.6235      1.503    6.58877     9.6365    22.8507   11.91531 1.6809e-01 0.0000e+00
        141 291.302442    0.00972     0.5833     35.000      1.518  46933.164    29.6537     9.6301      1.504    6.58838     9.6406    22.8391   11.91484 1.5920e-01 0.0000e+00
        142 291.302445    0.00979     0.5875     35.250      1.512  46904.735    29.6346     9.6366      1.498    6.58823     9.6412    22.8232   11.91483 1.4012e-01 0.0000e+00
        143 291.302448    0.00986     0.5917     35.500      1.499  46877.656    29.6162     9.6408      1.486    6.58841     9.6377    22.8082   11.91535 1.1515e-01 0.0000e+00
        144 291.302451    0.00993     0.5958     35.750      1.481  46858.835    29.6031     9.6413      1.468    6.58888     9.6309    22.7979   11.91629 9.2991e-02 0.0000e+00
        145 291.302454    0.01000     0.6000     36.000      1.462  46851.783    29.5977     9.6379      1.449    6.58962     9.6229    22.7943   11.91757 7.6881e-02 0.0000e+00
        146 291.302457    0.01007     0.6042     36.250      1.448  46857.420    29.6008     9.6311      1.435    6.59047     9.6162    22.7977   11.91895 6.6085e-02 0.0000e+00
        147 291.302459    0.01014     0.6083     36.500      1.443  46873.657    29.6112     9.6231      1.429    6.59120     9.6126    22.8071   11.92003 5.9309e-02 0.0000e+00
        148 291.302462    0.01021     0.6125     36.750      1.448  46895.780    29.6259     9.6163      1.435    6.59157     9.6130    22.8196   11.92046 5.5355e-02 0.0000e+00
        149 291.302465    0.01028     0.6167     37.000      1.464  46917.784    29.6408     9.6127      1.450    6.59146     9.6179    22.8318   11.92010 5.3686e-02 0.0000e+00
        150 291.302468    0.01035     0.6208     37.250      1.486  46934.192    29.6523     9.6132      1.472    6.59090     9.6270    22.8407   11.91904 5.3943e-02 0.0000e+00
        151 291.302471    0.01042     0.6250     37.500      1.511  46941.091    29.6577     9.6180      1.496    6.58997     9.6389    22.8442   11.91742 5.6099e-02 0.0000e+00
        152 291.302474    0.01049     0.6292     37.750      1.534  46936.303    29.6555     9.6271      1.520    6.58874     9.6508    22.8410   11.91541 6.0743e-02 0.0000e+00
        153 291.302477    0.01056     0.6333     38.000      1.554  46919.687    29.6453     9.6391      1.539    6.58743     9.6597    22.8313   11.91336 6.9061e-02 0.0000e+00
        154 291.302480    0.01063     0.6375     38.250      1.567  46893.130    29.6282     9.6510      1.552    6.58642     9.6639    22.8161   11.91190 8.2125e-02 0.0000e+00
        155 291.302483    0.01069     0.6417     38.500      1.572  46861.441    29.6071     9.6598      1.557    6.58602     9.6634    22.7982   11.91149 9.9059e-02 0.0000e+00
        156 291.302486    0.01076     0.6458     38.750      1.570  46832.572    29.5875     9.6641      1.555    6.58624     9.6576    22.7822   11.91209 1.1510e-01 0.0000e+00
        157 291.302488    0.01083     0.6500     39.000      1.561  46812.830    29.5736     9.6635      1.547    6.58691     9.6461    22.7715   11.91337 1.2552e-01 0.0000e+00
        158 291.302491    0.01090     0.6542     39.250      1.549  46805.140    29.5675     9.6577      1.535    6.58802     9.6308    22.7676   11.91527 1.2933e-01 0.0000e+00
        159 291.302494    0.01097     0.6583     39.500      1.538  46811.518    29.5706     9.6462      1.523    6.58955     9.6152    22.7718   11.91778 1.2563e-01 0.0000e+00
        160 291.302497    0.01104     0.6625     39.750      1.530  46831.293    29.5825     9.6309      1.516    6.59128     9.6024    22.7835   11.92050 1.1863e-01 0.0000e+00
        161 291.302500    0.01111     0.6667     40.000      1.532  46860.966    29.6014     9.6153      1.517    6.59276     9.5945    22.8006   11.92272 1.1967e-01 0.0000e+00
        162 291.302503    0.01118     0.6708     40.250      1.543  46895.850    29.6242     9.6026      1.529    6.59365     9.5928    22.8204   11.92392 1.3382e-01 0.0000e+00
        163 291.302506    0.01125     0.6750     40.500      1.565  46928.361    29.6459     9.5947      1.551    6.59387     9.5976    22.8386   11.92403 1.5522e-01 0.0000e+00
        164 291.302509    0.01132     0.6792     40.750      1.592  46948.542    29.6598     9.5930      1.578    6.59353     9.6067    22.8497   11.92330 1.7839e-01 0.0000e+00
        165 291.302512    0.01139     0.6833     41.000      1.618  46948.248    29.6602     9.5978      1.603    6.59281     9.6150    22.8492   11.92210 2.0252e-01 0.0000e+00
        166 291.302514    0.01146     0.6875     41.250      1.635  46925.353    29.6453     9.6069      1.620    6.59212     9.6172    22.8362   11.92114 2.2522e-01 0.0000e+00
        167 291.302517    0.01153     0.6917     41.500      1.636  46889.172    29.6210     9.6152      1.620    6.59194     9.6090    22.8160   11.92114 2.3738e-01 0.0000e+00
        168 291.302520    0.01160     0.6958     41.750      1.619  46857.953    29.5994     9.6174      1.604    6.59253     9.5893    22.7988   11.92238 2.3368e-01 0.0000e+00
        169 291.302523    0.01167     0.7000     42.000      1.588  46846.914    29.5907     9.6092      1.573    6.59410     9.5625    22.7933   11.92509 2.1622e-01 0.0000e+00
        170 291.302526    0.01174     0.7042     42.250      1.548  46860.751    29.5980     9.5895      1.533    6.59667     9.5359    22.8020   11.92926 1.8377e-01 0.0000e+00
        171 291.302529    0.01181     0.7083     42.500      1.507  46893.207    29.6174     9.5627      1.493    6.59976     9.5150    22.8213   11.93414 1.4644e-01 0.0000e+00
        172 291.302532    0.01188     0.7125     42.750      1.472  46933.981    29.6426     9.5361      1.458    6.60259     9.5031    22.8451   11.93852 1.1736e-01 0.0000e+00
        173 291.302535    0.01194     0.7167     43.000      1.447  46975.653    29.6691     9.5152      1.433    6.60451     9.5010    22.8690   11.94138 9.4599e-02 0.0000e+00
        174 291.302538    0.01201     0.7208     43.250      1.435  47013.166    29.6939     9.5033      1.421    6.60521     9.5087    22.8902   11.94224 7.7006e-02 0.0000e+00
        175 291.302541    0.01208     0.7250     43.500      1.437  47042.674    29.7142     9.5011      1.423    6.60465     9.5260    22.9064   11.94108 6.6483e-02 0.0000e+00
        176 291.302543    0.01215     0.7292     43.750      1.452  47062.560    29.7291     9.5088      1.438    6.60290     9.5519    22.9168   11.93799 6.2407e-02 0.0000e+00
        177 291.302546    0.01222     0.7333     44.000      1.480  47073.826    29.7391     9.5261      1.466    6.59994     9.5830    22.9219   11.93296 6.4009e-02 0.0000e+00
        178 291.302549    0.01229     0.7375     44.250      1.517  47076.329    29.7441     9.5521      1.502    6.59594     9.6142    22.9218   11.92628 7.1383e-02 0.0000e+00
        179 291.302552    0.01236     0.7417     44.500      1.555  47065.171    29.7401     9.5832      1.541    6.59157     9.6406    22.9139   11.91908 8.3699e-02 0.0000e+00
        180 291.302555    0.01243     0.7458     44.750      1.589  47036.206    29.7237     9.6143      1.575    6.58772     9.6593    22.8962   11.91290 1.0109e-01 0.0000e+00
