CTD-processing/allCTD/CNV--turbid/2014_08-14_alongbay_skb09_cast051.cnv
* Sea-Bird SBE19plus Data File:
* FileName = C:\Users\kris.holderied\Documents\kasitsna\Research-Projects-and-Data\Oceanography-AK\CTD-Data-ALL-to-2014-06\2014-CTD-KachemakBay-CookInlet\2014-08-14-KachemakBay-AlongBayLine\2014-08-14-KachemakBay-AlongBay-cast051.hex
* Software Version 1.59
* Temperature SN =  4141
* Conductivity SN =  4141
* System UpLoad Time = Oct 13 2014 01:29:57
** Kachemak Bay Along-bay Line West to East
** Date: 08-14
** Station: KB09
** Start time: 13:21
** Depth (m): 63.7
** Comment:  CTD time is Alaska Daylight time.  R/V Barnacle. Transducer  depth.
** Comment:
# nquan = 16
# nvalues = 532                         
# units = specified
# name 0 = scan: Scan Count
# name 1 = timeJ: Julian Days
# name 2 = timeH: Time, Elapsed [hours]
# name 3 = timeM: Time, Elapsed [minutes]
# name 4 = timeS: Time, Elapsed [seconds]
# name 5 = prdM: Pressure, Strain Gauge [db]
# name 6 = specc: Specific Conductance [uS/cm]
# name 7 = sal00: Salinity, Practical [PSU]
# name 8 = tv290C: Temperature [ITS-90, deg C]
# name 9 = depSM: Depth [salt water, m], lat = 59.00
# name 10 = oxsolML/L: Oxygen Saturation, Garcia & Gordon [ml/l]
# name 11 = potemp090C: Potential Temperature [ITS-90, deg C]
# name 12 = sigma-é00: Density [sigma-theta, kg/m^3]
# name 13 = n2satML/L: Nitrogen Saturation [ml/l]
# name 14 = par: PAR/Irradiance, Biospherical/Licor
# name 15 = flag:  0.000e+00
# span 0 =          1,        532       
# span 1 = 226.557454, 226.558990       
# span 2 =    0.00000,    0.03687       
# span 3 =     0.0000,     2.2125       
# span 4 =      0.000,    132.750       
# span 5 =     -0.199,     64.036       
# span 6 =   2433.761,  49003.861       
# span 7 =     1.3427,    31.2013       
# span 8 =    10.4122,    11.4914       
# span 9 =     -0.197,     63.428       
# span 10 =    6.31462,    7.60353      
# span 11 =    10.4051,    11.4900      
# span 12 =     0.6251,    23.8920      
# span 13 =   11.44984,   13.98981      
# span 14 = 3.6382e-02, 2.1391e+02      
# span 15 = 0.0000e+00, 0.0000e+00      
# interval = seconds: 0.25
# start_time = Aug 14 2014 13:22:44 [Instrument's time stamp, header]
# bad_flag = -9.990e-29
*END*
[from data line 181]
        182 226.557977    0.01257     0.7542     45.250      0.626  41192.559    25.8039    10.9634      0.620    6.55766    10.9640    19.6321   11.91073 8.2138e+01 0.0000e+00
        183 226.557980    0.01264     0.7583     45.500      0.628  41188.482    25.8011    10.9636      0.622    6.55775    10.9648    19.6299   11.91090 8.2391e+01 0.0000e+00
        184 226.557983    0.01271     0.7625     45.750      0.627  41186.333    25.7997    10.9641      0.621    6.55774    10.9656    19.6287   11.91090 8.2625e+01 0.0000e+00
        185 226.557986    0.01278     0.7667     46.000      0.626  41186.717    25.8000    10.9648      0.620    6.55762    10.9661    19.6288   11.91070 8.2706e+01 0.0000e+00
        186 226.557989    0.01285     0.7708     46.250      0.625  41189.244    25.8018    10.9656      0.619    6.55743    10.9664    19.6301   11.91036 8.2529e+01 0.0000e+00
        187 226.557992    0.01292     0.7750     46.500      0.628  41192.458    25.8041    10.9662      0.622    6.55725    10.9664    19.6318   11.91004 8.2084e+01 0.0000e+00
        188 226.557995    0.01299     0.7792     46.750      0.633  41194.704    25.8057    10.9665      0.627    6.55714    10.9663    19.6329   11.90985 8.1542e+01 0.0000e+00
        189 226.557998    0.01306     0.7833     47.000      0.641  41194.637    25.8056    10.9665      0.635    6.55714    10.9663    19.6329   11.90985 8.1178e+01 0.0000e+00
        190 226.558001    0.01313     0.7875     47.250      0.648  41191.754    25.8036    10.9664      0.642    6.55724    10.9665    19.6313   11.91003 8.1105e+01 0.0000e+00
        191 226.558003    0.01319     0.7917     47.500      0.654  41187.014    25.8004    10.9664      0.648    6.55738    10.9670    19.6288   11.91030 8.1274e+01 0.0000e+00
        192 226.558006    0.01326     0.7958     47.750      0.656  41182.141    25.7970    10.9666      0.650    6.55749    10.9677    19.6262   11.91053 8.1582e+01 0.0000e+00
        193 226.558009    0.01333     0.8000     48.000      0.654  41178.720    25.7947    10.9670      0.648    6.55752    10.9686    19.6243   11.91061 8.1863e+01 0.0000e+00
        194 226.558012    0.01340     0.8042     48.250      0.650  41177.963    25.7942    10.9678      0.644    6.55743    10.9694    19.6238   11.91047 8.2002e+01 0.0000e+00
        195 226.558015    0.01347     0.8083     48.500      0.646  41179.735    25.7955    10.9687      0.640    6.55725    10.9699    19.6247   11.91015 8.1954e+01 0.0000e+00
        196 226.558018    0.01354     0.8125     48.750      0.644  41182.373    25.7974    10.9694      0.638    6.55706    10.9702    19.6260   11.90981 8.1711e+01 0.0000e+00
        197 226.558021    0.01361     0.8167     49.000      0.643  41184.094    25.7986    10.9700      0.637    6.55693    10.9704    19.6269   11.90958 8.1360e+01 0.0000e+00
        198 226.558024    0.01368     0.8208     49.250      0.643  41183.781    25.7985    10.9703      0.637    6.55690    10.9703    19.6267   11.90952 8.0992e+01 0.0000e+00
        199 226.558027    0.01375     0.8250     49.500      0.643  41181.518    25.7969    10.9704      0.637    6.55694    10.9702    19.6255   11.90962 8.0667e+01 0.0000e+00
        200 226.558030    0.01382     0.8292     49.750      0.643  41178.728    25.7950    10.9704      0.637    6.55703    10.9700    19.6240   11.90978 8.0393e+01 0.0000e+00
        201 226.558032    0.01389     0.8333     50.000      0.643  41176.771    25.7936    10.9703      0.637    6.55711    10.9697    19.6230   11.90993 8.0076e+01 0.0000e+00
        202 226.558035    0.01396     0.8375     50.250      0.643  41175.996    25.7931    10.9700      0.637    6.55716    10.9696    19.6226   11.91003 7.9767e+01 0.0000e+00
        203 226.558038    0.01403     0.8417     50.500      0.644  41176.006    25.7930    10.9698      0.638    6.55719    10.9696    19.6226   11.91008 7.9636e+01 0.0000e+00
        204 226.558041    0.01410     0.8458     50.750      0.644  41176.131    25.7931    10.9697      0.638    6.55721    10.9697    19.6227   11.91011 7.9676e+01 0.0000e+00
        205 226.558044    0.01417     0.8500     51.000      0.643  41176.147    25.7931    10.9696      0.637    6.55721    10.9698    19.6227   11.91011 7.9771e+01 0.0000e+00
        206 226.558047    0.01424     0.8542     51.250      0.641  41176.491    25.7934    10.9697      0.635    6.55719    10.9698    19.6229   11.91008 7.9853e+01 0.0000e+00
        207 226.558050    0.01431     0.8583     51.500      0.640  41177.389    25.7940    10.9698      0.634    6.55715    10.9698    19.6233   11.91001 7.9843e+01 0.0000e+00
        208 226.558053    0.01438     0.8625     51.750      0.639  41178.304    25.7947    10.9699      0.633    6.55712    10.9697    19.6238   11.90994 7.9709e+01 0.0000e+00
        209 226.558056    0.01444     0.8667     52.000      0.638  41178.235    25.7946    10.9698      0.632    6.55713    10.9697    19.6238   11.90995 7.9619e+01 0.0000e+00
        210 226.558058    0.01451     0.8708     52.250      0.635  41176.595    25.7935    10.9698      0.630    6.55718    10.9697    19.6229   11.91006 7.9742e+01 0.0000e+00
        211 226.558061    0.01458     0.8750     52.500      0.629  41174.124    25.7918    10.9697      0.623    6.55726    10.9699    19.6216   11.91021 8.0091e+01 0.0000e+00
        212 226.558064    0.01465     0.8792     52.750      0.619  41172.397    25.7906    10.9698      0.613    6.55730    10.9701    19.6207   11.91029 8.0544e+01 0.0000e+00
        213 226.558067    0.01472     0.8833     53.000      0.607  41172.707    25.7908    10.9699      0.602    6.55727    10.9703    19.6208   11.91024 8.0784e+01 0.0000e+00
        214 226.558070    0.01479     0.8875     53.250      0.596  41175.294    25.7926    10.9701      0.591    6.55716    10.9703    19.6222   11.91004 8.0637e+01 0.0000e+00
        215 226.558073    0.01486     0.8917     53.500      0.588  41179.050    25.7952    10.9703      0.582    6.55703    10.9702    19.6242   11.90979 8.0241e+01 0.0000e+00
        216 226.558076    0.01493     0.8958     53.750      0.583  41182.158    25.7974    10.9704      0.578    6.55694    10.9701    19.6259   11.90960 7.9768e+01 0.0000e+00
        217 226.558079    0.01500     0.9000     54.000      0.582  41183.026    25.7980    10.9703      0.576    6.55692    10.9701    19.6263   11.90957 7.9348e+01 0.0000e+00
        218 226.558082    0.01507     0.9042     54.250      0.582  41181.035    25.7966    10.9702      0.576    6.55700    10.9702    19.6253   11.90971 7.9057e+01 0.0000e+00
        219 226.558084    0.01514     0.9083     54.500      0.581  41177.132    25.7939    10.9702      0.576    6.55712    10.9704    19.6232   11.90994 7.8913e+01 0.0000e+00
        220 226.558087    0.01521     0.9125     54.750      0.579  41173.294    25.7912    10.9703      0.574    6.55721    10.9709    19.6211   11.91013 7.8808e+01 0.0000e+00
        221 226.558090    0.01528     0.9167     55.000      0.577  41171.276    25.7899    10.9705      0.572    6.55723    10.9713    19.6200   11.91018 7.8558e+01 0.0000e+00
        222 226.558093    0.01535     0.9208     55.250      0.578  41171.851    25.7903    10.9710      0.572    6.55715    10.9717    19.6202   11.91004 7.8024e+01 0.0000e+00
        223 226.558096    0.01542     0.9250     55.500      0.582  41174.078    25.7919    10.9714      0.576    6.55702    10.9719    19.6214   11.90980 7.7271e+01 0.0000e+00
        224 226.558099    0.01549     0.9292     55.750      0.589  41175.832    25.7931    10.9718      0.584    6.55691    10.9720    19.6223   11.90961 7.6518e+01 0.0000e+00
        225 226.558102    0.01556     0.9333     56.000      0.598  41175.337    25.7928    10.9720      0.592    6.55690    10.9719    19.6220   11.90959 7.5987e+01 0.0000e+00
        226 226.558105    0.01563     0.9375     56.250      0.605  41172.314    25.7907    10.9721      0.599    6.55698    10.9718    19.6204   11.90975 7.5870e+01 0.0000e+00
        227 226.558108    0.01569     0.9417     56.500      0.608  41168.227    25.7879    10.9720      0.603    6.55710    10.9719    19.6182   11.91000 7.6178e+01 0.0000e+00
        228 226.558111    0.01576     0.9458     56.750      0.606  41164.900    25.7856    10.9719      0.601    6.55721    10.9722    19.6165   11.91020 7.6810e+01 0.0000e+00
        229 226.558113    0.01583     0.9500     57.000      0.601  41163.559    25.7847    10.9720      0.595    6.55724    10.9725    19.6157   11.91026 7.7614e+01 0.0000e+00
        230 226.558116    0.01590     0.9542     57.250      0.594  41164.879    25.7856    10.9723      0.588    6.55716    10.9727    19.6164   11.91012 7.8256e+01 0.0000e+00
        231 226.558119    0.01597     0.9583     57.500      0.588  41168.326    25.7880    10.9726      0.583    6.55701    10.9726    19.6182   11.90984 7.8436e+01 0.0000e+00
        232 226.558122    0.01604     0.9625     57.750      0.586  41172.318    25.7908    10.9728      0.581    6.55687    10.9723    19.6204   11.90957 7.8100e+01 0.0000e+00
        233 226.558125    0.01611     0.9667     58.000      0.590  41175.335    25.7929    10.9727      0.585    6.55679    10.9718    19.6220   11.90941 7.7364e+01 0.0000e+00
        234 226.558128    0.01618     0.9708     58.250      0.598  41176.101    25.7934    10.9724      0.592    6.55681    10.9714    19.6224   11.90945 7.6565e+01 0.0000e+00
        235 226.558131    0.01625     0.9750     58.500      0.607  41174.026    25.7919    10.9719      0.601    6.55695    10.9712    19.6213   11.90968 7.6040e+01 0.0000e+00
        236 226.558134    0.01632     0.9792     58.750      0.614  41170.092    25.7891    10.9714      0.608    6.55713    10.9714    19.6193   11.91002 7.5948e+01 0.0000e+00
        237 226.558137    0.01639     0.9833     59.000      0.616  41166.192    25.7864    10.9712      0.611    6.55727    10.9720    19.6172   11.91029 7.6265e+01 0.0000e+00
        238 226.558139    0.01646     0.9875     59.250      0.614  41163.872    25.7849    10.9714      0.608    6.55731    10.9727    19.6159   11.91037 7.6692e+01 0.0000e+00
        239 226.558142    0.01653     0.9917     59.500      0.607  41164.087    25.7851    10.9720      0.602    6.55721    10.9731    19.6160   11.91021 7.6965e+01 0.0000e+00
        240 226.558145    0.01660     0.9958     59.750      0.600  41166.886    25.7871    10.9728      0.595    6.55702    10.9730    19.6174   11.90987 7.6995e+01 0.0000e+00
        241 226.558148    0.01667     1.0000     60.000      0.595  41171.662    25.7904    10.9732      0.590    6.55682    10.9721    19.6199   11.90949 7.6679e+01 0.0000e+00
        242 226.558151    0.01674     1.0042     60.250      0.594  41178.188    25.7949    10.9731      0.589    6.55666    10.9704    19.6235   11.90917 7.6050e+01 0.0000e+00
        243 226.558154    0.01681     1.0083     60.500      0.597  41186.654    25.8007    10.9722      0.592    6.55655    10.9676    19.6281   11.90891 7.5425e+01 0.0000e+00
        244 226.558157    0.01688     1.0125     60.750      0.604  41197.911    25.8083    10.9705      0.598    6.55647    10.9633    19.6343   11.90870 7.5087e+01 0.0000e+00
        245 226.558160    0.01694     1.0167     61.000      0.610  41215.244    25.8200    10.9677      0.604    6.55637    10.9570    19.6438   11.90839 7.5068e+01 0.0000e+00
        246 226.558163    0.01701     1.0208     61.250      0.614  41240.781    25.8372    10.9634      0.608    6.55627    10.9494    19.6579   11.90801 7.5328e+01 0.0000e+00
        247 226.558166    0.01708     1.0250     61.500      0.613  41268.380    25.8557    10.9571      0.608    6.55640    10.9422    19.6733   11.90801 7.5714e+01 0.0000e+00
        248 226.558168    0.01715     1.0292     61.750      0.610  41289.051    25.8693    10.9495      0.604    6.55692    10.9363    19.6851   11.90870 7.5937e+01 0.0000e+00
        249 226.558171    0.01722     1.0333     62.000      0.605  41300.606    25.8767    10.9422      0.599    6.55766    10.9320    19.6919   11.90983 7.5858e+01 0.0000e+00
        250 226.558174    0.01729     1.0375     62.250      0.600  41306.242    25.8800    10.9363      0.595    6.55836    10.9290    19.6955   11.91096 7.5548e+01 0.0000e+00
        251 226.558177    0.01736     1.0417     62.500      0.598  41310.754    25.8828    10.9320      0.593    6.55887    10.9271    19.6983   11.91176 7.5167e+01 0.0000e+00
        252 226.558180    0.01743     1.0458     62.750      0.598  41316.891    25.8867    10.9291      0.593    6.55912    10.9261    19.7019   11.91214 7.4893e+01 0.0000e+00
        253 226.558183    0.01750     1.0500     63.000      0.600  41322.803    25.8907    10.9272      0.595    6.55923    10.9255    19.7052   11.91227 7.4767e+01 0.0000e+00
        254 226.558186    0.01757     1.0542     63.250      0.603  41326.166    25.8929    10.9261      0.598    6.55928    10.9252    19.7071   11.91234 7.4769e+01 0.0000e+00
        255 226.558189    0.01764     1.0583     63.500      0.606  41326.649    25.8932    10.9256      0.600    6.55935    10.9250    19.7074   11.91244 7.4853e+01 0.0000e+00
        256 226.558192    0.01771     1.0625     63.750      0.607  41323.538    25.8910    10.9253      0.601    6.55948    10.9248    19.7058   11.91269 7.4976e+01 0.0000e+00
        257 226.558194    0.01778     1.0667     64.000      0.606  41314.876    25.8850    10.9251      0.600    6.55976    10.9245    19.7011   11.91322 7.5112e+01 0.0000e+00
        258 226.558197    0.01785     1.0708     64.250      0.603  41298.911    25.8739    10.9249      0.597    6.56025    10.9240    19.6926   11.91418 7.5120e+01 0.0000e+00
        259 226.558200    0.01792     1.0750     64.500      0.599  41277.464    25.8591    10.9246      0.594    6.56091    10.9235    19.6812   11.91546 7.4911e+01 0.0000e+00
        260 226.558203    0.01799     1.0792     64.750      0.598  41258.413    25.8459    10.9241      0.593    6.56153    10.9231    19.6710   11.91665 7.4521e+01 0.0000e+00
        261 226.558206    0.01806     1.0833     65.000      0.600  41253.229    25.8423    10.9235      0.594    6.56176    10.9231    19.6683   11.91708 7.4068e+01 0.0000e+00
        262 226.558209    0.01812     1.0875     65.250      0.604  41265.441    25.8507    10.9232      0.599    6.56146    10.9235    19.6748   11.91648 7.3717e+01 0.0000e+00
        263 226.558212    0.01819     1.0917     65.500      0.611  41284.140    25.8636    10.9232      0.605    6.56092    10.9240    19.6848   11.91542 7.3578e+01 0.0000e+00
        264 226.558215    0.01826     1.0958     65.750      0.617  41297.572    25.8729    10.9236      0.611    6.56048    10.9245    19.6920   11.91457 7.3677e+01 0.0000e+00
        265 226.558218    0.01833     1.1000     66.000      0.620  41302.278    25.8762    10.9241      0.615    6.56027    10.9247    19.6945   11.91418 7.3996e+01 0.0000e+00
        266 226.558220    0.01840     1.1042     66.250      0.619  41298.165    25.8734    10.9246      0.613    6.56032    10.9247    19.6922   11.91430 7.4451e+01 0.0000e+00
        267 226.558223    0.01847     1.1083     66.500      0.613  41284.707    25.8641    10.9248      0.608    6.56067    10.9244    19.6850   11.91500 7.4846e+01 0.0000e+00
        268 226.558226    0.01854     1.1125     66.750      0.606  41263.064    25.8492    10.9248      0.601    6.56130    10.9239    19.6734   11.91623 7.4946e+01 0.0000e+00
        269 226.558229    0.01861     1.1167     67.000      0.600  41241.911    25.8345    10.9245      0.595    6.56195    10.9235    19.6620   11.91749 7.4688e+01 0.0000e+00
        270 226.558232    0.01868     1.1208     67.250      0.596  41232.311    25.8279    10.9240      0.591    6.56230    10.9233    19.6569   11.91814 7.4291e+01 0.0000e+00
        271 226.558235    0.01875     1.1250     67.500      0.596  41236.260    25.8306    10.9236      0.590    6.56225    10.9234    19.6591   11.91802 7.3949e+01 0.0000e+00
