CTD-processing/allCTD/CNV--turbid/2014_04-11_t3_s01_cast001.cnv
* Sea-Bird SBE19plus Data File:
* FileName = C:\Users\kris.holderied\Documents\kasitsna\Research-Projects-and-Data\Oceanography-AK\CTD-CookInlet-GulfWatchAK\2014-04-EVOSTC-CookInlet-Ocean\2014-04-11-CookInlet-Tran3-AnchorPt\2014-04-11-CookInlet-Tran3-AnchorPt-cast001.hex
* Software Version 1.59
* Temperature SN =  5028
* Conductivity SN =  5028
* System UpLoad Time = Apr 11 2014 15:29:45
** Cook Inlet LTM Transect 3 (Anchor Pt) west to east
** Date: 2014-04-11
** Station: 3-01
** Start time: 10:53
** Depth (m): 19
** Comment:  CTD time is AKDaylight
** Comment:
# nquan = 16
# nvalues = 405                         
# units = specified
# name 0 = scan: Scan Count
# name 1 = timeJ: Julian Days
# name 2 = timeH: Time, Elapsed [hours]
# name 3 = timeM: Time, Elapsed [minutes]
# name 4 = timeS: Time, Elapsed [seconds]
# name 5 = prdM: Pressure, Strain Gauge [db]
# name 6 = specc: Specific Conductance [uS/cm]
# name 7 = sal00: Salinity, Practical [PSU]
# name 8 = tv290C: Temperature [ITS-90, deg C]
# name 9 = depSM: Depth [salt water, m], lat = 59.00
# name 10 = oxsolML/L: Oxygen Saturation, Garcia & Gordon [ml/l]
# name 11 = potemp090C: Potential Temperature [ITS-90, deg C]
# name 12 = sigma-é00: Density [sigma-theta, kg/m^3]
# name 13 = n2satML/L: Nitrogen Saturation [ml/l]
# name 14 = par: PAR/Irradiance, Biospherical/Licor
# name 15 = flag:  0.000e+00
# span 0 =          1,        405       
# span 1 = 101.453692, 101.454861       
# span 2 =    0.00000,    0.02806       
# span 3 =     0.0000,     1.6833       
# span 4 =      0.000,    101.000       
# span 5 =      0.079,     19.193       
# span 6 =      3.247,  50678.419       
# span 7 =     0.0058,    30.7898       
# span 8 =     1.9234,    10.2890       
# span 9 =      0.078,     19.013       
# span 10 =    7.70458,    7.92890      
# span 11 =     1.9233,    10.2633      
# span 12 =    -0.3195,    24.5887      
# span 13 =   13.83311,   14.55800      
# span 14 = 6.6455e-02, 1.1781e+02      
# span 15 = 0.0000e+00, 0.0000e+00      
# interval = seconds: 0.25
# start_time = Apr 11 2014 10:53:19 [Instrument's time stamp, header]
# bad_flag = -9.990e-29
*END*
[from data line 91]
         92 101.453955    0.00632     0.3792     22.750      0.968  50510.971    30.6609     2.1018      0.959    7.82102     2.1180    24.4898   13.93985 3.4979e+01 0.0000e+00
         93 101.453958    0.00639     0.3833     23.000      0.971  50530.895    30.6758     2.1075      0.962    7.81909     2.1325    24.5014   13.93645 3.4305e+01 0.0000e+00
         94 101.453961    0.00646     0.3875     23.250      0.976  50577.751    30.7101     2.1180      0.967    7.81517     2.1474    24.5281   13.92952 3.3729e+01 0.0000e+00
         95 101.453964    0.00653     0.3917     23.500      0.980  50634.734    30.7522     2.1325      0.971    7.81005     2.1580    24.5608   13.92050 3.3265e+01 0.0000e+00
         96 101.453967    0.00660     0.3958     23.750      0.980  50665.052    30.7767     2.1475      0.971    7.80578     2.1616    24.5793   13.91313 3.3225e+01 0.0000e+00
         97 101.453970    0.00667     0.4000     24.000      0.978  50641.939    30.7641     2.1580      0.969    7.80437     2.1595    24.5685   13.91096 3.3824e+01 0.0000e+00
         98 101.453973    0.00674     0.4042     24.250      0.974  50575.073    30.7204     2.1617      0.965    7.80599     2.1545    24.5333   13.91422 3.4601e+01 0.0000e+00
         99 101.453976    0.00681     0.4083     24.500      0.968  50500.777    30.6701     2.1595      0.959    7.80911     2.1496    24.4932   13.92006 3.5076e+01 0.0000e+00
        100 101.453979    0.00688     0.4125     24.750      0.963  50447.542    30.6331     2.1545      0.954    7.81207     2.1454    24.4640   13.92545 3.5339e+01 0.0000e+00
        101 101.453981    0.00694     0.4167     25.000      0.961  50420.355    30.6136     2.1496      0.952    7.81409     2.1411    24.4487   13.92904 3.5449e+01 0.0000e+00
        102 101.453984    0.00701     0.4208     25.250      0.962  50411.372    30.6064     2.1454      0.953    7.81531     2.1368    24.4433   13.93116 3.5154e+01 0.0000e+00
        103 101.453987    0.00708     0.4250     25.500      0.968  50414.127    30.6071     2.1411      0.959    7.81613     2.1347    24.4441   13.93250 3.4386e+01 0.0000e+00
        104 101.453990    0.00715     0.4292     25.750      0.978  50432.940    30.6185     2.1369      0.969    7.81636     2.1375    24.4535   13.93271 3.3428e+01 0.0000e+00
        105 101.453993    0.00722     0.4333     26.000      0.990  50479.360    30.6489     2.1347      0.981    7.81515     2.1470    24.4780   13.93032 3.2624e+01 0.0000e+00
        106 101.453996    0.00729     0.4375     26.250      1.001  50557.089    30.7017     2.1375      0.992    7.81177     2.1625    24.5200   13.92403 3.2241e+01 0.0000e+00
        107 101.453999    0.00736     0.4417     26.500      1.008  50638.510    30.7588     2.1470      0.998    7.80683     2.1829    24.5650   13.91510 3.2456e+01 0.0000e+00
        108 101.454002    0.00743     0.4458     26.750      1.008  50678.419    30.7898     2.1625      0.998    7.80211     2.2057    24.5887   13.90689 3.3260e+01 0.0000e+00
        109 101.454005    0.00750     0.4500     27.000      1.001  50654.762    30.7796     2.1829      0.991    7.79863     2.2235    24.5792   13.90129 3.4441e+01 0.0000e+00
        110 101.454008    0.00757     0.4542     27.250      0.990  50566.311    30.7267     2.2057      0.980    7.79697     2.2299    24.5353   13.89927 3.5591e+01 0.0000e+00
        111 101.454010    0.00764     0.4583     27.500      0.978  50436.762    30.6449     2.2235      0.969    7.79783     2.2252    24.4686   13.90179 3.6230e+01 0.0000e+00
        112 101.454013    0.00771     0.4625     27.750      0.970  50321.576    30.5696     2.2299      0.961    7.80060     2.2152    24.4080   13.90738 3.6281e+01 0.0000e+00
        113 101.454016    0.00778     0.4667     28.000      0.969  50269.113    30.5332     2.2252      0.960    7.80348     2.2069    24.3792   13.91262 3.5891e+01 0.0000e+00
        114 101.454019    0.00785     0.4708     28.250      0.974  50293.764    30.5470     2.2153      0.965    7.80470     2.2050    24.3909   13.91445 3.5027e+01 0.0000e+00
        115 101.454022    0.00792     0.4750     28.500      0.983  50378.050    30.6011     2.2070      0.974    7.80345     2.2130    24.4347   13.91165 3.3927e+01 0.0000e+00
        116 101.454025    0.00799     0.4792     28.750      0.992  50474.482    30.6651     2.2051      0.982    7.80040     2.2342    24.4860   13.90576 3.3125e+01 0.0000e+00
        117 101.454028    0.00806     0.4833     29.000      0.998  50534.057    30.7071     2.2131      0.988    7.79657     2.2676    24.5191   13.89888 3.2884e+01 0.0000e+00
        118 101.454031    0.00813     0.4875     29.250      0.999  50535.897    30.7141     2.2343      0.990    7.79202     2.3033    24.5232   13.89127 3.3115e+01 0.0000e+00
        119 101.454034    0.00819     0.4917     29.500      0.996  50475.205    30.6826     2.2677      0.987    7.78714     2.3276    24.4957   13.88364 3.3597e+01 0.0000e+00
        120 101.454036    0.00826     0.4958     29.750      0.990  50362.841    30.6172     2.3034      0.981    7.78362     2.3319    24.4408   13.87872 3.4195e+01 0.0000e+00
        121 101.454039    0.00833     0.5000     30.000      0.983  50235.594    30.5386     2.3277      0.974    7.78305     2.3170    24.3762   13.87883 3.4860e+01 0.0000e+00
        122 101.454042    0.00840     0.5042     30.250      0.979  50142.698    30.4776     2.3320      0.970    7.78545     2.2915    24.3272   13.88362 3.5346e+01 0.0000e+00
        123 101.454045    0.00847     0.5083     30.500      0.978  50121.214    30.4592     2.3171      0.969    7.78935     2.2652    24.3135   13.89030 3.5292e+01 0.0000e+00
        124 101.454048    0.00854     0.5125     30.750      0.981  50179.588    30.4913     2.2916      0.972    7.79265     2.2434    24.3410   13.89532 3.4719e+01 0.0000e+00
        125 101.454051    0.00861     0.5167     31.000      0.986  50292.282    30.5596     2.2653      0.977    7.79417     2.2270    24.3975   13.89690 3.4077e+01 0.0000e+00
        126 101.454054    0.00868     0.5208     31.250      0.992  50408.113    30.6312     2.2434      0.983    7.79465     2.2170    24.4562   13.89672 3.3713e+01 0.0000e+00
        127 101.454057    0.00875     0.5250     31.500      0.997  50485.756    30.6786     2.2270      0.988    7.79534     2.2123    24.4953   13.89722 3.3539e+01 0.0000e+00
        128 101.454060    0.00882     0.5292     31.750      1.000  50511.416    30.6931     2.2170      0.991    7.79654     2.2074    24.5076   13.89901 3.3333e+01 0.0000e+00
        129 101.454063    0.00889     0.5333     32.000      1.002  50488.894    30.6767     2.2123      0.993    7.79834     2.1981    24.4948   13.90221 3.3173e+01 0.0000e+00
        130 101.454065    0.00896     0.5375     32.250      1.001  50442.455    30.6443     2.2074      0.992    7.80104     2.1847    24.4692   13.90709 3.3272e+01 0.0000e+00
        131 101.454068    0.00903     0.5417     32.500      0.999  50401.011    30.6140     2.1981      0.990    7.80449     2.1693    24.4457   13.91320 3.3573e+01 0.0000e+00
        132 101.454071    0.00910     0.5458     32.750      0.996  50373.678    30.5920     2.1847      0.987    7.80831     2.1537    24.4290   13.91981 3.3898e+01 0.0000e+00
        133 101.454074    0.00917     0.5500     33.000      0.993  50357.641    30.5770     2.1693      0.984    7.81216     2.1394    24.4181   13.92636 3.4140e+01 0.0000e+00
        134 101.454077    0.00924     0.5542     33.250      0.991  50349.319    30.5672     2.1537      0.982    7.81577     2.1276    24.4113   13.93245 3.4163e+01 0.0000e+00
        135 101.454080    0.00931     0.5583     33.500      0.990  50348.686    30.5628     2.1394      0.981    7.81884     2.1200    24.4088   13.93757 3.3894e+01 0.0000e+00
        136 101.454083    0.00937     0.5625     33.750      0.991  50363.413    30.5694     2.1277      0.981    7.82082     2.1181    24.4149   13.94074 3.3496e+01 0.0000e+00
        137 101.454086    0.00944     0.5667     34.000      0.993  50401.446    30.5927     2.1201      0.983    7.82107     2.1214    24.4341   13.94083 3.3166e+01 0.0000e+00
        138 101.454089    0.00951     0.5708     34.250      0.995  50456.823    30.6292     2.1181      0.985    7.81950     2.1269    24.4634   13.93775 3.2928e+01 0.0000e+00
        139 101.454091    0.00958     0.5750     34.500      0.996  50505.477    30.6626     2.1214      0.987    7.81704     2.1308    24.4899   13.93325 3.2822e+01 0.0000e+00
        140 101.454094    0.00965     0.5792     34.750      0.996  50521.164    30.6747     2.1269      0.987    7.81531     2.1311    24.4991   13.93022 3.2889e+01 0.0000e+00
        141 101.454097    0.00972     0.5833     35.000      0.995  50498.415    30.6605     2.1308      0.986    7.81529     2.1280    24.4876   13.93039 3.3033e+01 0.0000e+00
        142 101.454100    0.00979     0.5875     35.250      0.994  50456.970    30.6329     2.1312      0.985    7.81670     2.1229    24.4654   13.93309 3.3113e+01 0.0000e+00
        143 101.454103    0.00986     0.5917     35.500      0.993  50420.814    30.6079     2.1281      0.984    7.81866     2.1176    24.4456   13.93666 3.3056e+01 0.0000e+00
        144 101.454106    0.00993     0.5958     35.750      0.993  50399.591    30.5923     2.1229      0.984    7.82052     2.1137    24.4335   13.93994 3.2938e+01 0.0000e+00
        145 101.454109    0.01000     0.6000     36.000      0.991  50391.792    30.5856     2.1176      0.982    7.82193     2.1113    24.4285   13.94235 3.2978e+01 0.0000e+00
        146 101.454112    0.01007     0.6042     36.250      0.989  50390.889    30.5839     2.1137      0.980    7.82280     2.1097    24.4274   13.94381 3.3252e+01 0.0000e+00
        147 101.454115    0.01014     0.6083     36.500      0.986  50387.742    30.5811     2.1114      0.977    7.82341     2.1072    24.4254   13.94485 3.3482e+01 0.0000e+00
        148 101.454117    0.01021     0.6125     36.750      0.984  50374.478    30.5718     2.1097      0.975    7.82424     2.1034    24.4181   13.94635 3.3402e+01 0.0000e+00
        149 101.454120    0.01028     0.6167     37.000      0.985  50347.836    30.5534     2.1073      0.976    7.82572     2.0994    24.4034   13.94904 3.3099e+01 0.0000e+00
        150 101.454123    0.01035     0.6208     37.250      0.988  50315.687    30.5308     2.1035      0.979    7.82768     2.0968    24.3857   13.95258 3.2718e+01 0.0000e+00
        151 101.454126    0.01042     0.6250     37.500      0.994  50293.672    30.5150     2.0995      0.985    7.82933     2.0970    24.3733   13.95552 3.2252e+01 0.0000e+00
        152 101.454129    0.01049     0.6292     37.750      1.001  50289.723    30.5116     2.0969      0.992    7.83003     2.1004    24.3708   13.95672 3.1814e+01 0.0000e+00
        153 101.454132    0.01056     0.6333     38.000      1.008  50302.379    30.5201     2.0971      0.999    7.82953     2.1071    24.3776   13.95579 3.1691e+01 0.0000e+00
        154 101.454135    0.01063     0.6375     38.250      1.014  50328.646    30.5386     2.1005      1.005    7.82786     2.1170    24.3921   13.95278 3.2041e+01 0.0000e+00
        155 101.454138    0.01069     0.6417     38.500      1.017  50365.602    30.5652     2.1071      1.008    7.82511     2.1299    24.4129   13.94788 3.2758e+01 0.0000e+00
        156 101.454141    0.01076     0.6458     38.750      1.018  50409.773    30.5975     2.1171      1.009    7.82141     2.1447    24.4380   13.94134 3.3576e+01 0.0000e+00
        157 101.454144    0.01083     0.6500     39.000      1.016  50457.558    30.6330     2.1299      1.007    7.81696     2.1598    24.4656   13.93352 3.4325e+01 0.0000e+00
        158 101.454146    0.01090     0.6542     39.250      1.013  50505.504    30.6691     2.1447      1.004    7.81210     2.1734    24.4935   13.92500 3.5104e+01 0.0000e+00
        159 101.454149    0.01097     0.6583     39.500      1.010  50549.167    30.7025     2.1599      1.001    7.80730     2.1840    24.5191   13.91664 3.5887e+01 0.0000e+00
        160 101.454152    0.01104     0.6625     39.750      1.007  50583.999    30.7296     2.1735      0.998    7.80316     2.1915    24.5399   13.90944 3.6432e+01 0.0000e+00
        161 101.454155    0.01111     0.6667     40.000      1.004  50608.368    30.7489     2.1840      0.995    7.80006     2.1976    24.5545   13.90406 3.6677e+01 0.0000e+00
        162 101.454158    0.01118     0.6708     40.250      1.001  50621.288    30.7596     2.1916      0.992    7.79799     2.2041    24.5626   13.90050 3.6712e+01 0.0000e+00
        163 101.454161    0.01125     0.6750     40.500      0.999  50618.120    30.7592     2.1977      0.990    7.79680     2.2129    24.5618   13.89855 3.6631e+01 0.0000e+00
        164 101.454164    0.01132     0.6792     40.750      0.997  50589.419    30.7417     2.2041      0.988    7.79647     2.2275    24.5474   13.89824 3.6574e+01 0.0000e+00
        165 101.454167    0.01139     0.6833     41.000      0.994  50518.840    30.6969     2.2129      0.985    7.79713     2.2519    24.5110   13.89995 3.6701e+01 0.0000e+00
        166 101.454170    0.01146     0.6875     41.250      0.990  50390.033    30.6147     2.2275      0.980    7.79866     2.2866    24.4442   13.90358 3.7065e+01 0.0000e+00
        167 101.454172    0.01153     0.6917     41.500      0.984  50219.752    30.5074     2.2520      0.974    7.79959     2.3244    24.3567   13.90656 3.7525e+01 0.0000e+00
        168 101.454175    0.01160     0.6958     41.750      0.977  50065.301    30.4135     2.2867      0.968    7.79779     2.3544    24.2792   13.90485 3.7786e+01 0.0000e+00
        169 101.454178    0.01167     0.7000     42.000      0.972  49976.629    30.3645     2.3245      0.962    7.79298     2.3694    24.2373   13.89758 3.7649e+01 0.0000e+00
        170 101.454181    0.01174     0.7042     42.250      0.971  49975.768    30.3720     2.3545      0.961    7.78667     2.3679    24.2412   13.88708 3.7184e+01 0.0000e+00
        171 101.454184    0.01181     0.7083     42.500      0.976  50034.197    30.4152     2.3694      0.966    7.78143     2.3547    24.2746   13.87785 3.6445e+01 0.0000e+00
        172 101.454187    0.01188     0.7125     42.750      0.987  50092.042    30.4535     2.3680      0.977    7.77967     2.3387    24.3053   13.87442 3.5415e+01 0.0000e+00
        173 101.454190    0.01194     0.7167     43.000      1.001  50145.018    30.4854     2.3548      0.991    7.78056     2.3273    24.3318   13.87544 3.4303e+01 0.0000e+00
        174 101.454193    0.01201     0.7208     43.250      1.015  50219.766    30.5311     2.3388      1.005    7.78126     2.3229    24.3695   13.87598 3.3509e+01 0.0000e+00
        175 101.454196    0.01208     0.7250     43.500      1.026  50313.536    30.5908     2.3274      1.016    7.78030     2.3248    24.4180   13.87360 3.3322e+01 0.0000e+00
        176 101.454198    0.01215     0.7292     43.750      1.032  50401.265    30.6484     2.3229      1.022    7.77810     2.3351    24.4643   13.86920 3.3705e+01 0.0000e+00
        177 101.454201    0.01222     0.7333     44.000      1.032  50459.102    30.6876     2.3249      1.022    7.77562     2.3547    24.4956   13.86457 3.4373e+01 0.0000e+00
        178 101.454204    0.01229     0.7375     44.250      1.029  50474.119    30.7005     2.3352      1.019    7.77291     2.3770    24.5051   13.85994 3.5007e+01 0.0000e+00
        179 101.454207    0.01236     0.7417     44.500      1.024  50440.569    30.6833     2.3547      1.014    7.77000     2.3921    24.4900   13.85537 3.5353e+01 0.0000e+00
        180 101.454210    0.01243     0.7458     44.750      1.021  50369.705    30.6419     2.3770      1.011    7.76785     2.3949    24.4553   13.85238 3.5311e+01 0.0000e+00
