CTD-processing/allCTD/CNV--turbid/2014_07-22_t3_s04_cast192.cnv
* Sea-Bird SBE19plus Data File:
* FileName = C:\Users\kris.holderied\Documents\kasitsna\Research-Projects-and-Data\Oceanography-AK\CTD-Data-ALL-to-2014-06\2014-CTD-KachemakBay-CookInlet\2014-07-EVOSTC-CookInlet-quarterly\2014-07-22-CookInlet-Tran3-AnchorPt\2014-07-22-CookInlet-Tran3-cast192.hex
* Software Version 1.59
* Temperature SN =  4141
* Conductivity SN =  4141
* System UpLoad Time = Jul 22 2014 17:44:46
** Cook Inlet LTM Transect 3 (Anchor Pt) East to West
** Date: 07-22
** Station: 3-04
** Start time: 13:27
** Depth (m): 28.8
** Comment:  CTD time is Alaska Daylight time. CTD descent time=25 sec.
** Comment: Zooplankton (20 m vertical bongo). Phytoplankton (surface 40 liters, filtered).
# nquan = 16
# nvalues = 477                         
# units = specified
# name 0 = scan: Scan Count
# name 1 = timeJ: Julian Days
# name 2 = timeH: Time, Elapsed [hours]
# name 3 = timeM: Time, Elapsed [minutes]
# name 4 = timeS: Time, Elapsed [seconds]
# name 5 = prdM: Pressure, Strain Gauge [db]
# name 6 = specc: Specific Conductance [uS/cm]
# name 7 = sal00: Salinity, Practical [PSU]
# name 8 = tv290C: Temperature [ITS-90, deg C]
# name 9 = depSM: Depth [salt water, m], lat = 59.00
# name 10 = oxsolML/L: Oxygen Saturation, Garcia & Gordon [ml/l]
# name 11 = potemp090C: Potential Temperature [ITS-90, deg C]
# name 12 = sigma-é00: Density [sigma-theta, kg/m^3]
# name 13 = n2satML/L: Nitrogen Saturation [ml/l]
# name 14 = par: PAR/Irradiance, Biospherical/Licor
# name 15 = flag:  0.000e+00
# span 0 =          1,        477       
# span 1 = 203.560532, 203.561910       
# span 2 =    0.00000,    0.03306       
# span 3 =     0.0000,     1.9833       
# span 4 =      0.000,    119.000       
# span 5 =     -0.074,     29.571       
# span 6 =    455.301,  46326.721       
# span 7 =     0.2169,    29.4476       
# span 8 =    11.7212,    11.8527       
# span 9 =     -0.073,     29.293       
# span 10 =    6.30325,    7.57210      
# span 11 =    11.7177,    11.8525      
# span 12 =    -0.3044,    22.3311      
# span 13 =   11.44473,   13.95174      
# span 14 = 5.9084e-02, 7.9818e+02      
# span 15 = 0.0000e+00, 0.0000e+00      
# interval = seconds: 0.25
# start_time = Jul 22 2014 13:27:10 [Instrument's time stamp, header]
# bad_flag = -9.990e-29
*END*
[from data line 91]
         92 203.560796    0.00632     0.3792     22.750      1.837  45742.443    29.0555    11.8251      1.820    6.30591    11.8252    22.0082   11.45330 1.2386e+02 0.0000e+00
         93 203.560799    0.00639     0.3833     23.000      1.831  45742.535    29.0555    11.8253      1.813    6.30588    11.8254    22.0082   11.45325 1.2433e+02 0.0000e+00
         94 203.560802    0.00646     0.3875     23.250      1.824  45742.591    29.0556    11.8255      1.806    6.30586    11.8254    22.0082   11.45321 1.2649e+02 0.0000e+00
         95 203.560804    0.00653     0.3917     23.500      1.816  45742.578    29.0556    11.8256      1.798    6.30584    11.8255    22.0082   11.45318 1.3044e+02 0.0000e+00
         96 203.560807    0.00660     0.3958     23.750      1.804  45742.511    29.0556    11.8256      1.787    6.30584    11.8255    22.0082   11.45317 1.3608e+02 0.0000e+00
         97 203.560810    0.00667     0.4000     24.000      1.788  45742.395    29.0555    11.8257      1.771    6.30583    11.8256    22.0081   11.45317 1.4298e+02 0.0000e+00
         98 203.560813    0.00674     0.4042     24.250      1.767  45742.199    29.0554    11.8257      1.750    6.30583    11.8257    22.0080   11.45317 1.5029e+02 0.0000e+00
         99 203.560816    0.00681     0.4083     24.500      1.743  45741.872    29.0551    11.8258      1.726    6.30583    11.8258    22.0078   11.45317 1.5665e+02 0.0000e+00
        100 203.560819    0.00688     0.4125     24.750      1.719  45741.435    29.0548    11.8259      1.702    6.30583    11.8259    22.0076   11.45317 1.6039e+02 0.0000e+00
        101 203.560822    0.00694     0.4167     25.000      1.699  45741.014    29.0545    11.8260      1.683    6.30583    11.8261    22.0073   11.45318 1.6068e+02 0.0000e+00
        102 203.560825    0.00701     0.4208     25.250      1.687  45740.722    29.0543    11.8261      1.671    6.30582    11.8263    22.0072   11.45316 1.5842e+02 0.0000e+00
        103 203.560828    0.00708     0.4250     25.500      1.683  45740.573    29.0542    11.8263      1.668    6.30580    11.8265    22.0071   11.45313 1.5523e+02 0.0000e+00
        104 203.560830    0.00715     0.4292     25.750      1.686  45740.471    29.0542    11.8265      1.671    6.30578    11.8268    22.0070   11.45309 1.5202e+02 0.0000e+00
        105 203.560833    0.00722     0.4333     26.000      1.694  45740.321    29.0541    11.8267      1.678    6.30575    11.8270    22.0069   11.45305 1.4915e+02 0.0000e+00
        106 203.560836    0.00729     0.4375     26.250      1.706  45740.090    29.0540    11.8270      1.689    6.30572    11.8272    22.0068   11.45300 1.4672e+02 0.0000e+00
        107 203.560839    0.00736     0.4417     26.500      1.721  45739.785    29.0538    11.8272      1.705    6.30569    11.8274    22.0066   11.45296 1.4452e+02 0.0000e+00
        108 203.560842    0.00743     0.4458     26.750      1.742  45739.502    29.0536    11.8274      1.726    6.30567    11.8275    22.0064   11.45293 1.4186e+02 0.0000e+00
        109 203.560845    0.00750     0.4500     27.000      1.768  45739.357    29.0535    11.8276      1.751    6.30565    11.8275    22.0063   11.45289 1.3826e+02 0.0000e+00
        110 203.560848    0.00757     0.4542     27.250      1.798  45739.447    29.0536    11.8277      1.781    6.30563    11.8275    22.0063   11.45286 1.3403e+02 0.0000e+00
        111 203.560851    0.00764     0.4583     27.500      1.827  45739.924    29.0539    11.8278      1.810    6.30561    11.8275    22.0065   11.45282 1.3003e+02 0.0000e+00
        112 203.560854    0.00771     0.4625     27.750      1.851  45740.877    29.0546    11.8278      1.834    6.30558    11.8275    22.0070   11.45277 1.2715e+02 0.0000e+00
        113 203.560856    0.00778     0.4667     28.000      1.867  45742.130    29.0554    11.8278      1.850    6.30555    11.8275    22.0077   11.45271 1.2579e+02 0.0000e+00
        114 203.560859    0.00785     0.4708     28.250      1.873  45743.207    29.0562    11.8277      1.856    6.30553    11.8275    22.0083   11.45266 1.2586e+02 0.0000e+00
        115 203.560862    0.00792     0.4750     28.500      1.869  45743.628    29.0565    11.8277      1.852    6.30551    11.8276    22.0085   11.45263 1.2698e+02 0.0000e+00
        116 203.560865    0.00799     0.4792     28.750      1.857  45743.205    29.0562    11.8278      1.839    6.30552    11.8277    22.0083   11.45264 1.2862e+02 0.0000e+00
        117 203.560868    0.00806     0.4833     29.000      1.839  45742.119    29.0554    11.8278      1.822    6.30554    11.8277    22.0077   11.45269 1.3016e+02 0.0000e+00
        118 203.560871    0.00813     0.4875     29.250      1.818  45740.869    29.0546    11.8279      1.801    6.30557    11.8276    22.0070   11.45275 1.3129e+02 0.0000e+00
        119 203.560874    0.00819     0.4917     29.500      1.797  45739.925    29.0539    11.8279      1.781    6.30560    11.8276    22.0065   11.45280 1.3240e+02 0.0000e+00
        120 203.560877    0.00826     0.4958     29.750      1.777  45739.455    29.0536    11.8278      1.761    6.30562    11.8275    22.0063   11.45283 1.3436e+02 0.0000e+00
        121 203.560880    0.00833     0.5000     30.000      1.759  45739.382    29.0536    11.8278      1.742    6.30563    11.8275    22.0062   11.45285 1.3774e+02 0.0000e+00
        122 203.560883    0.00840     0.5042     30.250      1.743  45739.532    29.0537    11.8277      1.726    6.30563    11.8275    22.0063   11.45285 1.4251e+02 0.0000e+00
        123 203.560885    0.00847     0.5083     30.500      1.729  45739.748    29.0538    11.8277      1.713    6.30562    11.8275    22.0065   11.45284 1.4807e+02 0.0000e+00
        124 203.560888    0.00854     0.5125     30.750      1.720  45739.938    29.0539    11.8278      1.704    6.30562    11.8276    22.0066   11.45283 1.5327e+02 0.0000e+00
        125 203.560891    0.00861     0.5167     31.000      1.716  45740.065    29.0540    11.8278      1.700    6.30561    11.8278    22.0066   11.45281 1.5692e+02 0.0000e+00
        126 203.560894    0.00868     0.5208     31.250      1.717  45740.135    29.0541    11.8279      1.701    6.30560    11.8279    22.0067   11.45279 1.5857e+02 0.0000e+00
        127 203.560897    0.00875     0.5250     31.500      1.721  45740.247    29.0542    11.8280      1.705    6.30558    11.8280    22.0067   11.45276 1.5879e+02 0.0000e+00
        128 203.560900    0.00882     0.5292     31.750      1.726  45740.569    29.0544    11.8281      1.710    6.30555    11.8281    22.0069   11.45272 1.5835e+02 0.0000e+00
        129 203.560903    0.00889     0.5333     32.000      1.729  45741.222    29.0549    11.8282      1.712    6.30552    11.8281    22.0072   11.45265 1.5758e+02 0.0000e+00
        130 203.560906    0.00896     0.5375     32.250      1.728  45742.150    29.0556    11.8283      1.711    6.30548    11.8281    22.0077   11.45258 1.5656e+02 0.0000e+00
        131 203.560909    0.00903     0.5417     32.500      1.723  45743.051    29.0562    11.8283      1.707    6.30545    11.8281    22.0082   11.45253 1.5525e+02 0.0000e+00
        132 203.560911    0.00910     0.5458     32.750      1.718  45743.542    29.0565    11.8283      1.701    6.30544    11.8281    22.0084   11.45250 1.5317e+02 0.0000e+00
        133 203.560914    0.00917     0.5500     33.000      1.715  45743.398    29.0564    11.8283      1.699    6.30544    11.8281    22.0084   11.45250 1.4997e+02 0.0000e+00
        134 203.560917    0.00924     0.5542     33.250      1.720  45742.617    29.0559    11.8283      1.703    6.30547    11.8280    22.0079   11.45255 1.4570e+02 0.0000e+00
        135 203.560920    0.00931     0.5583     33.500      1.733  45741.473    29.0551    11.8283      1.717    6.30550    11.8278    22.0073   11.45262 1.4062e+02 0.0000e+00
        136 203.560923    0.00937     0.5625     33.750      1.758  45740.413    29.0543    11.8282      1.741    6.30554    11.8276    22.0068   11.45270 1.3523e+02 0.0000e+00
        137 203.560926    0.00944     0.5667     34.000      1.792  45739.794    29.0538    11.8280      1.775    6.30558    11.8274    22.0065   11.45277 1.3000e+02 0.0000e+00
        138 203.560929    0.00951     0.5708     34.250      1.834  45739.705    29.0537    11.8278      1.817    6.30562    11.8271    22.0064   11.45283 1.2532e+02 0.0000e+00
        139 203.560932    0.00958     0.5750     34.500      1.877  45740.034    29.0539    11.8276      1.860    6.30564    11.8270    22.0066   11.45287 1.2169e+02 0.0000e+00
        140 203.560935    0.00965     0.5792     34.750      1.916  45740.710    29.0544    11.8273      1.899    6.30565    11.8269    22.0070   11.45289 1.1966e+02 0.0000e+00
        141 203.560937    0.00972     0.5833     35.000      1.943  45741.819    29.0552    11.8272      1.925    6.30564    11.8270    22.0076   11.45286 1.1980e+02 0.0000e+00
        142 203.560940    0.00979     0.5875     35.250      1.952  45743.405    29.0563    11.8271      1.934    6.30561    11.8273    22.0085   11.45279 1.2255e+02 0.0000e+00
        143 203.560943    0.00986     0.5917     35.500      1.940  45745.193    29.0575    11.8272      1.922    6.30555    11.8279    22.0094   11.45267 1.2823e+02 0.0000e+00
        144 203.560946    0.00993     0.5958     35.750      1.905  45746.684    29.0586    11.8275      1.887    6.30546    11.8287    22.0102   11.45252 1.3698e+02 0.0000e+00
        145 203.560949    0.01000     0.6000     36.000      1.850  45747.451    29.0592    11.8281      1.833    6.30536    11.8297    22.0106   11.45234 1.4854e+02 0.0000e+00
        146 203.560952    0.01007     0.6042     36.250      1.782  45747.329    29.0592    11.8289      1.765    6.30524    11.8307    22.0104   11.45215 1.6196e+02 0.0000e+00
        147 203.560955    0.01014     0.6083     36.500      1.708  45746.476    29.0588    11.8299      1.692    6.30513    11.8314    22.0099   11.45196 1.7567e+02 0.0000e+00
        148 203.560958    0.01021     0.6125     36.750      1.636  45745.129    29.0579    11.8308      1.621    6.30504    11.8318    22.0091   11.45182 1.8763e+02 0.0000e+00
        149 203.560961    0.01028     0.6167     37.000      1.578  45743.473    29.0569    11.8316      1.563    6.30498    11.8318    22.0082   11.45175 1.9580e+02 0.0000e+00
        150 203.560964    0.01035     0.6208     37.250      1.539  45741.853    29.0558    11.8320      1.525    6.30497    11.8314    22.0072   11.45174 1.9858e+02 0.0000e+00
        151 203.560966    0.01042     0.6250     37.500      1.527  45740.911    29.0551    11.8320      1.513    6.30500    11.8306    22.0067   11.45179 1.9515e+02 0.0000e+00
        152 203.560969    0.01049     0.6292     37.750      1.542  45741.256    29.0553    11.8316      1.528    6.30505    11.8295    22.0070   11.45186 1.8598e+02 0.0000e+00
        153 203.560972    0.01056     0.6333     38.000      1.583  45743.017    29.0564    11.8308      1.568    6.30511    11.8281    22.0080   11.45195 1.7297e+02 0.0000e+00
        154 203.560975    0.01063     0.6375     38.250      1.645  45745.999    29.0584    11.8296      1.630    6.30518    11.8267    22.0097   11.45205 1.5834e+02 0.0000e+00
        155 203.560978    0.01069     0.6417     38.500      1.720  45749.768    29.0609    11.8283      1.704    6.30526    11.8253    22.0118   11.45216 1.4384e+02 0.0000e+00
        156 203.560981    0.01076     0.6458     38.750      1.798  45753.606    29.0634    11.8269      1.781    6.30535    11.8242    22.0141   11.45228 1.3113e+02 0.0000e+00
        157 203.560984    0.01083     0.6500     39.000      1.870  45756.900    29.0656    11.8256      1.852    6.30544    11.8234    22.0160   11.45240 1.2178e+02 0.0000e+00
        158 203.560987    0.01090     0.6542     39.250      1.927  45759.339    29.0672    11.8244      1.909    6.30553    11.8229    22.0174   11.45253 1.1666e+02 0.0000e+00
        159 203.560990    0.01097     0.6583     39.500      1.963  45760.806    29.0681    11.8236      1.944    6.30561    11.8229    22.0183   11.45264 1.1579e+02 0.0000e+00
        160 203.560992    0.01104     0.6625     39.750      1.976  45761.413    29.0685    11.8231      1.957    6.30565    11.8235    22.0187   11.45272 1.1852e+02 0.0000e+00
        161 203.560995    0.01111     0.6667     40.000      1.967  45761.398    29.0685    11.8231      1.949    6.30565    11.8244    22.0187   11.45271 1.2359e+02 0.0000e+00
        162 203.560998    0.01118     0.6708     40.250      1.944  45760.874    29.0682    11.8237      1.925    6.30559    11.8255    22.0184   11.45262 1.2932e+02 0.0000e+00
        163 203.561001    0.01125     0.6750     40.500      1.913  45759.986    29.0677    11.8246      1.895    6.30549    11.8264    22.0178   11.45245 1.3410e+02 0.0000e+00
        164 203.561004    0.01132     0.6792     40.750      1.882  45759.100    29.0672    11.8257      1.864    6.30536    11.8269    22.0172   11.45225 1.3733e+02 0.0000e+00
        165 203.561007    0.01139     0.6833     41.000      1.854  45758.487    29.0669    11.8266      1.836    6.30525    11.8271    22.0168   11.45208 1.3957e+02 0.0000e+00
        166 203.561010    0.01146     0.6875     41.250      1.828  45758.204    29.0667    11.8271      1.811    6.30519    11.8272    22.0166   11.45197 1.4200e+02 0.0000e+00
        167 203.561013    0.01153     0.6917     41.500      1.800  45758.179    29.0667    11.8274      1.783    6.30516    11.8273    22.0165   11.45192 1.4589e+02 0.0000e+00
        168 203.561016    0.01160     0.6958     41.750      1.767  45758.194    29.0668    11.8274      1.750    6.30515    11.8274    22.0165   11.45190 1.5255e+02 0.0000e+00
        169 203.561019    0.01167     0.7000     42.000      1.725  45758.019    29.0667    11.8275      1.709    6.30514    11.8276    22.0164   11.45189 1.6285e+02 0.0000e+00
        170 203.561021    0.01174     0.7042     42.250      1.676  45757.596    29.0664    11.8276      1.661    6.30514    11.8279    22.0162   11.45189 1.7606e+02 0.0000e+00
        171 203.561024    0.01181     0.7083     42.500      1.626  45757.085    29.0661    11.8278      1.611    6.30513    11.8283    22.0159   11.45187 1.8930e+02 0.0000e+00
        172 203.561027    0.01188     0.7125     42.750      1.581  45756.709    29.0658    11.8281      1.566    6.30509    11.8284    22.0157   11.45181 1.9889e+02 0.0000e+00
        173 203.561030    0.01194     0.7167     43.000      1.553  45756.579    29.0658    11.8285      1.539    6.30504    11.8281    22.0156   11.45174 2.0211e+02 0.0000e+00
        174 203.561033    0.01201     0.7208     43.250      1.552  45756.749    29.0659    11.8286      1.538    6.30502    11.8274    22.0157   11.45170 1.9783e+02 0.0000e+00
        175 203.561036    0.01208     0.7250     43.500      1.583  45757.312    29.0663    11.8283      1.569    6.30504    11.8263    22.0160   11.45174 1.8632e+02 0.0000e+00
        176 203.561039    0.01215     0.7292     43.750      1.643  45758.317    29.0669    11.8276      1.628    6.30512    11.8251    22.0166   11.45185 1.6972e+02 0.0000e+00
        177 203.561042    0.01222     0.7333     44.000      1.722  45759.673    29.0677    11.8266      1.706    6.30523    11.8241    22.0175   11.45203 1.5207e+02 0.0000e+00
        178 203.561045    0.01229     0.7375     44.250      1.807  45761.152    29.0686    11.8254      1.790    6.30535    11.8234    22.0184   11.45221 1.3686e+02 0.0000e+00
        179 203.561047    0.01236     0.7417     44.500      1.886  45762.524    29.0695    11.8244      1.868    6.30545    11.8230    22.0192   11.45237 1.2558e+02 0.0000e+00
        180 203.561050    0.01243     0.7458     44.750      1.947  45763.694    29.0702    11.8237      1.929    6.30552    11.8229    22.0199   11.45248 1.1846e+02 0.0000e+00
