CTD-processing/allCTD/CNV--turbid/2014_10-18_t7_s23_cast142.cnv
* Sea-Bird SBE19plus Data File:
* FileName = C:\Users\kris.holderied\Documents\kasitsna\Research-Projects-and-Data\Oceanography-AK\CTD-Data-ALL-to-2014-10\2014-CTD-KachemakBay-CookInlet\2014-10-EVOSTC-CookInlet\2014-10-17-CookInlet-Tran7-Augustine\2014-10-18-CookInlet-Tran7-cast142.hex
* Software Version 1.59
* Temperature SN =  4141
* Conductivity SN =  4141
* System UpLoad Time = Oct 18 2014 20:44:53
** Cook Inlet LTM Tran7 (Augustine) west to east 2ND RUN
** Date: 10-18
** Station: 7-23
** Start time:  19:16
** Depth (m): 49
** Comment:  CTD time is Alaska Daylight time.  R/V Pandalus. Transducer  depth.
** Comment:
# nquan = 16
# nvalues = 564                         
# units = specified
# name 0 = scan: Scan Count
# name 1 = timeJ: Julian Days
# name 2 = timeH: Time, Elapsed [hours]
# name 3 = timeM: Time, Elapsed [minutes]
# name 4 = timeS: Time, Elapsed [seconds]
# name 5 = prdM: Pressure, Strain Gauge [db]
# name 6 = specc: Specific Conductance [uS/cm]
# name 7 = sal00: Salinity, Practical [PSU]
# name 8 = tv290C: Temperature [ITS-90, deg C]
# name 9 = depSM: Depth [salt water, m], lat = 59.00
# name 10 = oxsolML/L: Oxygen Saturation, Garcia & Gordon [ml/l]
# name 11 = potemp090C: Potential Temperature [ITS-90, deg C]
# name 12 = sigma-é00: Density [sigma-theta, kg/m^3]
# name 13 = n2satML/L: Nitrogen Saturation [ml/l]
# name 14 = par: PAR/Irradiance, Biospherical/Licor
# name 15 = flag:  0.000e+00
# span 0 =          1,        564       
# span 1 = 291.803449, 291.805078       
# span 2 =    0.00000,    0.03910       
# span 3 =     0.0000,     2.3458       
# span 4 =      0.000,    140.750       
# span 5 =     -0.302,     45.123       
# span 6 =   2751.981,  48247.177       
# span 7 =     1.3997,    30.5957       
# span 8 =     8.2948,    10.1610       
# span 9 =     -0.299,     44.697       
# span 10 =    6.50267,    8.14815      
# span 11 =     8.2948,    10.1601      
# span 12 =     0.9251,    23.5255      
# span 13 =   11.76251,   14.90608      
# span 14 = 4.0662e-02, 1.2327e+00      
# span 15 = 0.0000e+00, 0.0000e+00      
# interval = seconds: 0.25
# start_time = Oct 18 2014 19:16:58 [Instrument's time stamp, header]
# bad_flag = -9.990e-29
*END*
[from data line 91]
         92 291.803712    0.00632     0.3792     22.750      0.831  46842.436    29.6486    10.1145      0.823    6.51871    10.1142    22.7585   11.79939 1.8142e-01 0.0000e+00
         93 291.803715    0.00639     0.3833     23.000      0.846  46834.874    29.6433    10.1148      0.838    6.51889    10.1131    22.7544   11.79974 1.8138e-01 0.0000e+00
         94 291.803718    0.00646     0.3875     23.250      0.854  46831.234    29.6407    10.1143      0.846    6.51907    10.1115    22.7524   11.80007 1.8118e-01 0.0000e+00
         95 291.803721    0.00653     0.3917     23.500      0.865  46835.197    29.6434    10.1132      0.857    6.51911    10.1090    22.7546   11.80012 1.8015e-01 0.0000e+00
         96 291.803724    0.00660     0.3958     23.750      0.894  46844.005    29.6493    10.1116      0.886    6.51910    10.1046    22.7596   11.80001 1.7824e-01 0.0000e+00
         97 291.803727    0.00667     0.4000     24.000      0.942  46844.261    29.6492    10.1091      0.933    6.51945    10.0969    22.7599   11.80061 1.7520e-01 0.0000e+00
         98 291.803730    0.00674     0.4042     24.250      0.995  46831.803    29.6399    10.1047      0.986    6.52047    10.0865    22.7533   11.80241 1.7139e-01 0.0000e+00
         99 291.803733    0.00681     0.4083     24.500      1.047  46820.835    29.6313    10.0970      1.037    6.52193    10.0762    22.7478   11.80494 1.6865e-01 0.0000e+00
        100 291.803736    0.00688     0.4125     24.750      1.098  46820.028    29.6295    10.0866      1.087    6.52350    10.0687    22.7481   11.80756 1.6697e-01 0.0000e+00
        101 291.803738    0.00694     0.4167     25.000      1.147  46823.873    29.6310    10.0763      1.137    6.52491    10.0643    22.7509   11.80988 1.6526e-01 0.0000e+00
        102 291.803741    0.00701     0.4208     25.250      1.192  46823.745    29.6300    10.0688      1.180    6.52602    10.0616    22.7514   11.81174 1.6362e-01 0.0000e+00
        103 291.803744    0.00708     0.4250     25.500      1.226  46815.379    29.6236    10.0644      1.214    6.52692    10.0591    22.7471   11.81330 1.6252e-01 0.0000e+00
        104 291.803747    0.00715     0.4292     25.750      1.246  46802.800    29.6144    10.0618      1.234    6.52768    10.0556    22.7404   11.81467 1.6274e-01 0.0000e+00
        105 291.803750    0.00722     0.4333     26.000      1.251  46794.097    29.6080    10.0592      1.239    6.52831    10.0512    22.7358   11.81578 1.6436e-01 0.0000e+00
        106 291.803753    0.00729     0.4375     26.250      1.241  46795.092    29.6083    10.0557      1.230    6.52880    10.0477    22.7366   11.81661 1.6589e-01 0.0000e+00
        107 291.803756    0.00736     0.4417     26.500      1.222  46808.667    29.6173    10.0513      1.211    6.52906    10.0471    22.7443   11.81692 1.6598e-01 0.0000e+00
        108 291.803759    0.00743     0.4458     26.750      1.200  46833.198    29.6341    10.0478      1.189    6.52886    10.0508    22.7580   11.81638 1.6563e-01 0.0000e+00
        109 291.803762    0.00750     0.4500     27.000      1.182  46860.556    29.6532    10.0473      1.171    6.52813    10.0581    22.7729   11.81495 1.6583e-01 0.0000e+00
        110 291.803764    0.00757     0.4542     27.250      1.172  46879.746    29.6671    10.0510      1.161    6.52702    10.0668    22.7831   11.81294 1.6567e-01 0.0000e+00
        111 291.803767    0.00764     0.4583     27.500      1.167  46883.581    29.6707    10.0583      1.156    6.52583    10.0750    22.7847   11.81093 1.6535e-01 0.0000e+00
        112 291.803770    0.00771     0.4625     27.750      1.165  46871.334    29.6631    10.0670      1.154    6.52490    10.0814    22.7774   11.80948 1.6568e-01 0.0000e+00
        113 291.803773    0.00778     0.4667     28.000      1.163  46846.517    29.6467    10.0751      1.152    6.52443    10.0862    22.7633   11.80889 1.6573e-01 0.0000e+00
        114 291.803776    0.00785     0.4708     28.250      1.160  46816.528    29.6264    10.0816      1.149    6.52435    10.0895    22.7465   11.80900 1.6465e-01 0.0000e+00
        115 291.803779    0.00792     0.4750     28.500      1.157  46792.294    29.6100    10.0863      1.146    6.52435    10.0915    22.7330   11.80920 1.6316e-01 0.0000e+00
        116 291.803782    0.00799     0.4792     28.750      1.155  46782.542    29.6036    10.0897      1.144    6.52414    10.0922    22.7275   11.80893 1.6227e-01 0.0000e+00
        117 291.803785    0.00806     0.4833     29.000      1.157  46789.696    29.6088    10.0916      1.146    6.52364    10.0926    22.7312   11.80804 1.6215e-01 0.0000e+00
        118 291.803788    0.00813     0.4875     29.250      1.167  46807.801    29.6216    10.0924      1.156    6.52300    10.0928    22.7410   11.80682 1.6218e-01 0.0000e+00
        119 291.803791    0.00819     0.4917     29.500      1.186  46823.475    29.6326    10.0927      1.174    6.52250    10.0925    22.7496   11.80585 1.6203e-01 0.0000e+00
        120 291.803793    0.00826     0.4958     29.750      1.210  46825.245    29.6339    10.0930      1.199    6.52240    10.0902    22.7505   11.80568 1.6236e-01 0.0000e+00
        121 291.803796    0.00833     0.5000     30.000      1.236  46809.310    29.6226    10.0926      1.224    6.52293    10.0848    22.7418   11.80669 1.6321e-01 0.0000e+00
        122 291.803799    0.00840     0.5042     30.250      1.256  46781.458    29.6028    10.0904      1.245    6.52407    10.0747    22.7268   11.80883 1.6391e-01 0.0000e+00
        123 291.803802    0.00847     0.5083     30.500      1.268  46755.547    29.5840    10.0849      1.256    6.52563    10.0595    22.7130   11.81165 1.6433e-01 0.0000e+00
        124 291.803805    0.00854     0.5125     30.750      1.268  46744.483    29.5751    10.0749      1.257    6.52745    10.0416    22.7076   11.81476 1.6411e-01 0.0000e+00
        125 291.803808    0.00861     0.5167     31.000      1.259  46754.956    29.5807    10.0596      1.247    6.52941    10.0258    22.7144   11.81793 1.6342e-01 0.0000e+00
        126 291.803811    0.00868     0.5208     31.250      1.241  46784.937    29.5996    10.0417      1.230    6.53118    10.0157    22.7320   11.82065 1.6353e-01 0.0000e+00
        127 291.803814    0.00875     0.5250     31.500      1.222  46823.543    29.6248    10.0259      1.210    6.53239    10.0129    22.7541   11.82235 1.6514e-01 0.0000e+00
        128 291.803817    0.00882     0.5292     31.750      1.204  46856.802    29.6469    10.0159      1.193    6.53290    10.0164    22.7730   11.82294 1.6723e-01 0.0000e+00
        129 291.803819    0.00889     0.5333     32.000      1.192  46874.038    29.6587    10.0130      1.181    6.53282    10.0233    22.7826   11.82266 1.6787e-01 0.0000e+00
        130 291.803822    0.00896     0.5375     32.250      1.186  46870.750    29.6568    10.0165      1.175    6.53239    10.0301    22.7806   11.82197 1.6615e-01 0.0000e+00
        131 291.803825    0.00903     0.5417     32.500      1.185  46848.755    29.6422    10.0234      1.174    6.53202    10.0348    22.7681   11.82153 1.6264e-01 0.0000e+00
        132 291.803828    0.00910     0.5458     32.750      1.186  46816.669    29.6205    10.0302      1.175    6.53196    10.0364    22.7501   11.82168 1.5918e-01 0.0000e+00
        133 291.803831    0.00917     0.5500     33.000      1.185  46785.881    29.5995    10.0350      1.174    6.53215    10.0333    22.7330   11.82226 1.5753e-01 0.0000e+00
        134 291.803834    0.00924     0.5542     33.250      1.181  46762.810    29.5835    10.0366      1.170    6.53259    10.0245    22.7203   11.82319 1.5808e-01 0.0000e+00
        135 291.803837    0.00931     0.5583     33.500      1.175  46749.248    29.5736    10.0335      1.164    6.53345    10.0110    22.7131   11.82474 1.6010e-01 0.0000e+00
        136 291.803840    0.00937     0.5625     33.750      1.167  46746.171    29.5705    10.0247      1.156    6.53484     9.9944    22.7120   11.82708 1.6188e-01 0.0000e+00
        137 291.803843    0.00944     0.5667     34.000      1.161  46753.035    29.5737    10.0111      1.150    6.53665     9.9772    22.7167   11.83004 1.6154e-01 0.0000e+00
        138 291.803845    0.00951     0.5708     34.250      1.159  46767.650    29.5820     9.9946      1.148    6.53869     9.9612    22.7258   11.83331 1.5942e-01 0.0000e+00
        139 291.803848    0.00958     0.5750     34.500      1.164  46787.073    29.5935     9.9773      1.153    6.54069     9.9471    22.7375   11.83649 1.5781e-01 0.0000e+00
        140 291.803851    0.00965     0.5792     34.750      1.177  46808.306    29.6065     9.9613      1.166    6.54244     9.9345    22.7502   11.83923 1.5833e-01 0.0000e+00
        141 291.803854    0.00972     0.5833     35.000      1.197  46827.945    29.6186     9.9473      1.186    6.54395     9.9226    22.7619   11.84160 1.6014e-01 0.0000e+00
        142 291.803857    0.00979     0.5875     35.250      1.217  46841.782    29.6267     9.9346      1.206    6.54543     9.9110    22.7702   11.84395 1.6098e-01 0.0000e+00
        143 291.803860    0.00986     0.5917     35.500      1.232  46849.499    29.6307     9.9228      1.220    6.54696     9.8981    22.7752   11.84645 1.5967e-01 0.0000e+00
        144 291.803863    0.00993     0.5958     35.750      1.236  46856.709    29.6344     9.9112      1.225    6.54848     9.8828    22.7799   11.84892 1.5646e-01 0.0000e+00
        145 291.803866    0.01000     0.6000     36.000      1.230  46869.150    29.6415     9.8982      1.218    6.55004     9.8661    22.7876   11.85143 1.5314e-01 0.0000e+00
        146 291.803869    0.01007     0.6042     36.250      1.214  46888.261    29.6531     9.8829      1.202    6.55177     9.8505    22.7990   11.85414 1.5228e-01 0.0000e+00
        147 291.803872    0.01014     0.6083     36.500      1.193  46911.236    29.6672     9.8663      1.182    6.55358     9.8378    22.8126   11.85697 1.5418e-01 0.0000e+00
        148 291.803874    0.01021     0.6125     36.750      1.175  46933.820    29.6812     9.8506      1.164    6.55525     9.8290    22.8260   11.85957 1.5713e-01 0.0000e+00
        149 291.803877    0.01028     0.6167     37.000      1.163  46953.465    29.6934     9.8379      1.152    6.55657     9.8245    22.8375   11.86161 1.5924e-01 0.0000e+00
        150 291.803880    0.01035     0.6208     37.250      1.160  46969.428    29.7035     9.8291      1.150    6.55741     9.8242    22.8468   11.86289 1.5915e-01 0.0000e+00
        151 291.803883    0.01042     0.6250     37.500      1.169  46980.703    29.7108     9.8246      1.158    6.55775     9.8282    22.8532   11.86337 1.5715e-01 0.0000e+00
        152 291.803886    0.01049     0.6292     37.750      1.187  46985.309    29.7140     9.8244      1.176    6.55766     9.8363    22.8557   11.86317 1.5491e-01 0.0000e+00
        153 291.803889    0.01056     0.6333     38.000      1.213  46981.170    29.7116     9.8284      1.201    6.55718     9.8461    22.8532   11.86240 1.5443e-01 0.0000e+00
        154 291.803892    0.01063     0.6375     38.250      1.239  46967.496    29.7030     9.8364      1.228    6.55638     9.8540    22.8453   11.86119 1.5645e-01 0.0000e+00
        155 291.803895    0.01069     0.6417     38.500      1.260  46947.449    29.6901     9.8462      1.248    6.55550     9.8570    22.8337   11.85989 1.5990e-01 0.0000e+00
        156 291.803898    0.01076     0.6458     38.750      1.268  46928.597    29.6779     9.8542      1.257    6.55487     9.8538    22.8229   11.85899 1.6317e-01 0.0000e+00
        157 291.803900    0.01083     0.6500     39.000      1.260  46917.899    29.6707     9.8572      1.249    6.55474     9.8452    22.8168   11.85886 1.6489e-01 0.0000e+00
        158 291.803903    0.01090     0.6542     39.250      1.235  46917.951    29.6704     9.8539      1.224    6.55523     9.8346    22.8171   11.85967 1.6470e-01 0.0000e+00
        159 291.803906    0.01097     0.6583     39.500      1.197  46927.781    29.6762     9.8453      1.186    6.55622     9.8258    22.8230   11.86125 1.6348e-01 0.0000e+00
        160 291.803909    0.01104     0.6625     39.750      1.153  46943.766    29.6862     9.8347      1.143    6.55734     9.8217    22.8324   11.86298 1.6216e-01 0.0000e+00
        161 291.803912    0.01111     0.6667     40.000      1.113  46961.443    29.6975     9.8259      1.103    6.55813     9.8246    22.8426   11.86416 1.6114e-01 0.0000e+00
        162 291.803915    0.01118     0.6708     40.250      1.084  46976.895    29.7078     9.8218      1.075    6.55829     9.8364    22.8513   11.86429 1.6039e-01 0.0000e+00
        163 291.803918    0.01125     0.6750     40.500      1.073  46986.344    29.7148     9.8247      1.064    6.55757     9.8570    22.8563   11.86302 1.5921e-01 0.0000e+00
        164 291.803921    0.01132     0.6792     40.750      1.080  46986.965    29.7167     9.8365      1.070    6.55580     9.8830    22.8559   11.86006 1.5687e-01 0.0000e+00
        165 291.803924    0.01139     0.6833     41.000      1.100  46977.910    29.7128     9.8571      1.090    6.55299     9.9095    22.8496   11.85545 1.5362e-01 0.0000e+00
        166 291.803927    0.01146     0.6875     41.250      1.129  46959.921    29.7033     9.8831      1.119    6.54964     9.9326    22.8381   11.85000 1.5046e-01 0.0000e+00
        167 291.803929    0.01153     0.6917     41.500      1.163  46934.927    29.6890     9.9097      1.152    6.54642     9.9497    22.8227   11.84484 1.4816e-01 0.0000e+00
        168 291.803932    0.01160     0.6958     41.750      1.196  46905.766    29.6713     9.9327      1.185    6.54384     9.9600    22.8053   11.84078 1.4754e-01 0.0000e+00
        169 291.803935    0.01167     0.7000     42.000      1.226  46874.699    29.6516     9.9499      1.214    6.54219     9.9630    22.7872   11.83828 1.4907e-01 0.0000e+00
        170 291.803938    0.01174     0.7042     42.250      1.251  46843.505    29.6309     9.9602      1.239    6.54158     9.9587    22.7695   11.83752 1.5215e-01 0.0000e+00
        171 291.803941    0.01181     0.7083     42.500      1.269  46816.310    29.6122     9.9632      1.257    6.54193     9.9461    22.7544   11.83832 1.5602e-01 0.0000e+00
        172 291.803944    0.01188     0.7125     42.750      1.277  46799.503    29.6000     9.9589      1.265    6.54307     9.9246    22.7455   11.84035 1.6026e-01 0.0000e+00
        173 291.803947    0.01194     0.7167     43.000      1.275  46798.902    29.5980     9.9462      1.263    6.54497     9.8975    22.7460   11.84353 1.6364e-01 0.0000e+00
        174 291.803950    0.01201     0.7208     43.250      1.261  46816.144    29.6075     9.9248      1.249    6.54766     9.8698    22.7568   11.84787 1.6567e-01 0.0000e+00
        175 291.803953    0.01208     0.7250     43.500      1.238  46845.885    29.6251     9.8976      1.227    6.55083     9.8459    22.7748   11.85292 1.6743e-01 0.0000e+00
        176 291.803955    0.01215     0.7292     43.750      1.209  46879.528    29.6454     9.8700      1.198    6.55396     9.8279    22.7950   11.85787 1.6814e-01 0.0000e+00
        177 291.803958    0.01222     0.7333     44.000      1.179  46910.620    29.6643     9.8461      1.168    6.55661     9.8159    22.8136   11.86204 1.6666e-01 0.0000e+00
        178 291.803961    0.01229     0.7375     44.250      1.149  46936.197    29.6801     9.8280      1.138    6.55856     9.8094    22.8287   11.86508 1.6447e-01 0.0000e+00
        179 291.803964    0.01236     0.7417     44.500      1.125  46956.101    29.6926     9.8161      1.114    6.55976     9.8073    22.8403   11.86692 1.6309e-01 0.0000e+00
        180 291.803967    0.01243     0.7458     44.750      1.107  46971.341    29.7025     9.8095      1.096    6.56028     9.8084    22.8491   11.86766 1.6205e-01 0.0000e+00
