CTD-processing/allCTD/CNV--turbid/2014_07-23_t6_s26_cast221.cnv
* Sea-Bird SBE19plus Data File:
* FileName = C:\Users\kris.holderied\Documents\kasitsna\Research-Projects-and-Data\Oceanography-AK\CTD-Data-ALL-to-2014-06\2014-CTD-KachemakBay-CookInlet\2014-07-EVOSTC-CookInlet-quarterly\2014-07-23-CookInlet-Tran6-Douglas\2014-07-23-CookInlet-Tran6-cast221.hex
* Software Version 1.59
* Temperature SN =  4141
* Conductivity SN =  4141
* System UpLoad Time = Jul 23 2014 23:54:54
** Cook Inlet LTM Transect 6 (Douglas) East to West
** Date: 07-23
** Station: 6-26
** Start time: 19:33
** Depth (m): 168
** Comment:  CTD time is Alaska Daylight time.  Transducer  depth (transducer is 9 ft).
** Comment:
# nquan = 16
# nvalues = 1017                        
# units = specified
# name 0 = scan: Scan Count
# name 1 = timeJ: Julian Days
# name 2 = timeH: Time, Elapsed [hours]
# name 3 = timeM: Time, Elapsed [minutes]
# name 4 = timeS: Time, Elapsed [seconds]
# name 5 = prdM: Pressure, Strain Gauge [db]
# name 6 = specc: Specific Conductance [uS/cm]
# name 7 = sal00: Salinity, Practical [PSU]
# name 8 = tv290C: Temperature [ITS-90, deg C]
# name 9 = depSM: Depth [salt water, m], lat = 59.00
# name 10 = oxsolML/L: Oxygen Saturation, Garcia & Gordon [ml/l]
# name 11 = potemp090C: Potential Temperature [ITS-90, deg C]
# name 12 = sigma-é00: Density [sigma-theta, kg/m^3]
# name 13 = n2satML/L: Nitrogen Saturation [ml/l]
# name 14 = par: PAR/Irradiance, Biospherical/Licor
# name 15 = flag:  0.000e+00
# span 0 =          1,       1017       
# span 1 = 204.815093, 204.818032       
# span 2 =    0.00000,    0.07056       
# span 3 =     0.0000,     4.2333       
# span 4 =      0.000,    254.000       
# span 5 =     -0.112,    169.553       
# span 6 =    461.709,  51605.599       
# span 7 =     0.2212,    32.3708       
# span 8 =     6.6036,    13.5619       
# span 9 =     -0.112,    167.899       
# span 10 =    6.07741,    7.31701      
# span 11 =     6.5890,    13.5615      
# span 12 =    -0.4861,    25.4019      
# span 13 =   11.07017,   13.51931      
# span 14 = 5.5732e-02, 1.2233e+02      
# span 15 = 0.0000e+00, 0.0000e+00      
# interval = seconds: 0.25
# start_time = Jul 23 2014 19:33:44 [Instrument's time stamp, header]
# bad_flag = -9.990e-29
*END*
[from data line 904]
        905 204.817708    0.06278     3.7667    226.000    153.548  51494.844    32.3223     6.7150    152.056    6.91640     6.6988    25.3492   12.42478 5.6119e-02 0.0000e+00
        906 204.817711    0.06285     3.7708    226.250    153.731  51495.702    32.3226     6.7137    152.237    6.91660     6.6974    25.3495   12.42511 5.6122e-02 0.0000e+00
        907 204.817714    0.06292     3.7750    226.500    153.893  51497.052    32.3232     6.7122    152.397    6.91681     6.6962    25.3502   12.42544 5.6122e-02 0.0000e+00
        908 204.817717    0.06299     3.7792    226.750    154.036  51498.556    32.3239     6.7108    152.539    6.91700     6.6952    25.3509   12.42575 5.6128e-02 0.0000e+00
        909 204.817720    0.06306     3.7833    227.000    154.170  51500.019    32.3246     6.7096    152.671    6.91716     6.6943    25.3517   12.42601 5.6145e-02 0.0000e+00
        910 204.817723    0.06313     3.7875    227.250    154.301  51501.229    32.3252     6.7086    152.801    6.91730     6.6936    25.3523   12.42623 5.6163e-02 0.0000e+00
        911 204.817726    0.06319     3.7917    227.500    154.437  51502.101    32.3256     6.7078    152.936    6.91742     6.6929    25.3527   12.42642 5.6170e-02 0.0000e+00
        912 204.817729    0.06326     3.7958    227.750    154.585  51502.874    32.3259     6.7070    153.083    6.91752     6.6922    25.3530   12.42659 5.6171e-02 0.0000e+00
        913 204.817731    0.06333     3.8000    228.000    154.749  51503.639    32.3263     6.7063    153.245    6.91762     6.6917    25.3533   12.42675 5.6176e-02 0.0000e+00
        914 204.817734    0.06340     3.8042    228.250    154.932  51504.318    32.3265     6.7057    153.426    6.91771     6.6912    25.3536   12.42689 5.6178e-02 0.0000e+00
        915 204.817737    0.06347     3.8083    228.500    155.136  51504.921    32.3267     6.7051    153.628    6.91779     6.6909    25.3539   12.42701 5.6176e-02 0.0000e+00
        916 204.817740    0.06354     3.8125    228.750    155.361  51505.495    32.3269     6.7047    153.851    6.91785     6.6906    25.3541   12.42711 5.6184e-02 0.0000e+00
        917 204.817743    0.06361     3.8167    229.000    155.605  51506.069    32.3272     6.7043    154.092    6.91789     6.6904    25.3544   12.42718 5.6211e-02 0.0000e+00
        918 204.817746    0.06368     3.8208    229.250    155.866  51506.616    32.3274     6.7041    154.350    6.91792     6.6902    25.3546   12.42723 5.6236e-02 0.0000e+00
        919 204.817749    0.06375     3.8250    229.500    156.137  51507.009    32.3275     6.7039    154.619    6.91795     6.6900    25.3547   12.42727 5.6236e-02 0.0000e+00
        920 204.817752    0.06382     3.8292    229.750    156.412  51507.218    32.3275     6.7037    154.891    6.91797     6.6897    25.3547   12.42732 5.6220e-02 0.0000e+00
        921 204.817755    0.06389     3.8333    230.000    156.684  51507.334    32.3274     6.7036    155.160    6.91801     6.6892    25.3547   12.42737 5.6210e-02 0.0000e+00
        922 204.817758    0.06396     3.8375    230.250    156.945  51507.417    32.3273     6.7033    155.419    6.91806     6.6886    25.3546   12.42745 5.6213e-02 0.0000e+00
        923 204.817760    0.06403     3.8417    230.500    157.190  51507.561    32.3272     6.7029    155.661    6.91812     6.6878    25.3546   12.42756 5.6210e-02 0.0000e+00
        924 204.817763    0.06410     3.8458    230.750    157.413  51507.748    32.3271     6.7023    155.882    6.91822     6.6867    25.3546   12.42772 5.6195e-02 0.0000e+00
        925 204.817766    0.06417     3.8500    231.000    157.611  51507.945    32.3270     6.7015    156.078    6.91835     6.6854    25.3546   12.42794 5.6177e-02 0.0000e+00
        926 204.817769    0.06424     3.8542    231.250    157.784  51508.469    32.3271     6.7004    156.250    6.91852     6.6839    25.3548   12.42822 5.6161e-02 0.0000e+00
        927 204.817772    0.06431     3.8583    231.500    157.937  51509.568    32.3275     6.6991    156.400    6.91872     6.6825    25.3553   12.42855 5.6155e-02 0.0000e+00
        928 204.817775    0.06438     3.8625    231.750    158.074  51510.976    32.3281     6.6976    156.536    6.91893     6.6813    25.3560   12.42888 5.6159e-02 0.0000e+00
        929 204.817778    0.06444     3.8667    232.000    158.202  51512.379    32.3288     6.6963    156.663    6.91911     6.6802    25.3567   12.42917 5.6169e-02 0.0000e+00
        930 204.817781    0.06451     3.8708    232.250    158.330  51513.647    32.3294     6.6951    156.789    6.91928     6.6791    25.3574   12.42944 5.6180e-02 0.0000e+00
        931 204.817784    0.06458     3.8750    232.500    158.464  51514.668    32.3298     6.6940    156.923    6.91943     6.6780    25.3579   12.42969 5.6188e-02 0.0000e+00
        932 204.817786    0.06465     3.8792    232.750    158.612  51515.467    32.3301     6.6929    157.069    6.91959     6.6768    25.3582   12.42995 5.6195e-02 0.0000e+00
        933 204.817789    0.06472     3.8833    233.000    158.779  51516.165    32.3303     6.6918    157.234    6.91976     6.6754    25.3585   12.43022 5.6199e-02 0.0000e+00
        934 204.817792    0.06479     3.8875    233.250    158.967  51516.721    32.3304     6.6906    157.420    6.91994     6.6737    25.3587   12.43053 5.6197e-02 0.0000e+00
        935 204.817795    0.06486     3.8917    233.500    159.177  51517.269    32.3304     6.6892    157.628    6.92017     6.6717    25.3589   12.43090 5.6195e-02 0.0000e+00
        936 204.817798    0.06493     3.8958    233.750    159.406  51518.337    32.3307     6.6875    157.855    6.92043     6.6698    25.3594   12.43132 5.6195e-02 0.0000e+00
        937 204.817801    0.06500     3.9000    234.000    159.651  51519.977    32.3314     6.6856    158.096    6.92070     6.6679    25.3602   12.43177 5.6201e-02 0.0000e+00
        938 204.817804    0.06507     3.9042    234.250    159.903  51521.794    32.3322     6.6837    158.346    6.92098     6.6663    25.3610   12.43222 5.6226e-02 0.0000e+00
        939 204.817807    0.06514     3.9083    234.500    160.155  51523.703    32.3330     6.6818    158.596    6.92123     6.6648    25.3619   12.43263 5.6259e-02 0.0000e+00
        940 204.817810    0.06521     3.9125    234.750    160.404  51525.653    32.3339     6.6801    158.843    6.92146     6.6637    25.3629   12.43299 5.6275e-02 0.0000e+00
        941 204.817813    0.06528     3.9167    235.000    160.647  51527.421    32.3348     6.6787    159.083    6.92165     6.6628    25.3637   12.43329 5.6280e-02 0.0000e+00
        942 204.817815    0.06535     3.9208    235.250    160.883  51528.815    32.3354     6.6776    159.316    6.92180     6.6620    25.3644   12.43353 5.6285e-02 0.0000e+00
        943 204.817818    0.06542     3.9250    235.500    161.112  51529.825    32.3359     6.6767    159.544    6.92192     6.6612    25.3649   12.43373 5.6281e-02 0.0000e+00
        944 204.817821    0.06549     3.9292    235.750    161.339  51530.632    32.3362     6.6759    159.768    6.92203     6.6606    25.3652   12.43391 5.6256e-02 0.0000e+00
        945 204.817824    0.06556     3.9333    236.000    161.564  51531.344    32.3364     6.6752    159.991    6.92214     6.6599    25.3655   12.43408 5.6228e-02 0.0000e+00
        946 204.817827    0.06563     3.9375    236.250    161.787  51532.008    32.3367     6.6745    160.212    6.92223     6.6593    25.3658   12.43423 5.6211e-02 0.0000e+00
        947 204.817830    0.06569     3.9417    236.500    162.008  51532.674    32.3369     6.6739    160.431    6.92232     6.6588    25.3660   12.43438 5.6193e-02 0.0000e+00
        948 204.817833    0.06576     3.9458    236.750    162.222  51533.303    32.3371     6.6734    160.643    6.92240     6.6582    25.3663   12.43451 5.6180e-02 0.0000e+00
        949 204.817836    0.06583     3.9500    237.000    162.425  51533.896    32.3374     6.6728    160.843    6.92248     6.6577    25.3665   12.43464 5.6174e-02 0.0000e+00
        950 204.817839    0.06590     3.9542    237.250    162.613  51534.525    32.3376     6.6723    161.030    6.92256     6.6572    25.3668   12.43476 5.6167e-02 0.0000e+00
        951 204.817841    0.06597     3.9583    237.500    162.786  51535.207    32.3379     6.6718    161.201    6.92263     6.6567    25.3671   12.43487 5.6166e-02 0.0000e+00
        952 204.817844    0.06604     3.9625    237.750    162.945  51535.905    32.3382     6.6713    161.358    6.92269     6.6564    25.3674   12.43497 5.6170e-02 0.0000e+00
        953 204.817847    0.06611     3.9667    238.000    163.093  51536.524    32.3385     6.6709    161.505    6.92274     6.6560    25.3677   12.43505 5.6173e-02 0.0000e+00
        954 204.817850    0.06618     3.9708    238.250    163.235  51536.989    32.3387     6.6705    161.645    6.92279     6.6556    25.3679   12.43514 5.6171e-02 0.0000e+00
        955 204.817853    0.06625     3.9750    238.500    163.377  51537.380    32.3388     6.6702    161.786    6.92284     6.6552    25.3681   12.43522 5.6171e-02 0.0000e+00
        956 204.817856    0.06632     3.9792    238.750    163.527  51537.743    32.3390     6.6698    161.935    6.92289     6.6548    25.3682   12.43530 5.6179e-02 0.0000e+00
        957 204.817859    0.06639     3.9833    239.000    163.691  51538.067    32.3390     6.6694    162.097    6.92295     6.6543    25.3683   12.43540 5.6194e-02 0.0000e+00
        958 204.817862    0.06646     3.9875    239.250    163.873  51538.387    32.3391     6.6690    162.277    6.92302     6.6536    25.3684   12.43551 5.6211e-02 0.0000e+00
        959 204.817865    0.06653     3.9917    239.500    164.075  51538.665    32.3391     6.6685    162.477    6.92310     6.6529    25.3685   12.43564 5.6232e-02 0.0000e+00
        960 204.817867    0.06660     3.9958    239.750    164.297  51538.963    32.3391     6.6679    162.697    6.92320     6.6519    25.3686   12.43581 5.6262e-02 0.0000e+00
        961 204.817870    0.06667     4.0000    240.000    164.539  51539.386    32.3391     6.6671    162.936    6.92332     6.6507    25.3687   12.43600 5.6298e-02 0.0000e+00
        962 204.817873    0.06674     4.0042    240.250    164.794  51539.905    32.3392     6.6662    163.188    6.92346     6.6490    25.3689   12.43624 5.6322e-02 0.0000e+00
        963 204.817876    0.06681     4.0083    240.500    165.056  51540.423    32.3392     6.6650    163.448    6.92366     6.6466    25.3690   12.43656 5.6326e-02 0.0000e+00
        964 204.817879    0.06688     4.0125    240.750    165.319  51541.045    32.3392     6.6633    163.708    6.92393     6.6435    25.3693   12.43700 5.6317e-02 0.0000e+00
        965 204.817882    0.06694     4.0167    241.000    165.573  51542.434    32.3396     6.6609    163.960    6.92428     6.6401    25.3699   12.43759 5.6298e-02 0.0000e+00
        966 204.817885    0.06701     4.0208    241.250    165.812  51545.146    32.3408     6.6579    164.196    6.92472     6.6368    25.3712   12.43830 5.6279e-02 0.0000e+00
        967 204.817888    0.06708     4.0250    241.500    166.030  51548.862    32.3426     6.6545    164.412    6.92518     6.6338    25.3731   12.43904 5.6262e-02 0.0000e+00
        968 204.817891    0.06715     4.0292    241.750    166.224  51552.862    32.3447     6.6512    164.604    6.92562     6.6314    25.3751   12.43974 5.6246e-02 0.0000e+00
        969 204.817894    0.06722     4.0333    242.000    166.396  51556.666    32.3467     6.6482    164.773    6.92600     6.6296    25.3771   12.44034 5.6234e-02 0.0000e+00
        970 204.817896    0.06729     4.0375    242.250    166.547  51560.005    32.3485     6.6458    164.923    6.92630     6.6283    25.3788   12.44082 5.6226e-02 0.0000e+00
        971 204.817899    0.06736     4.0417    242.500    166.685  51562.587    32.3499     6.6440    165.060    6.92653     6.6273    25.3801   12.44117 5.6221e-02 0.0000e+00
        972 204.817902    0.06743     4.0458    242.750    166.817  51564.289    32.3507     6.6428    165.191    6.92669     6.6264    25.3810   12.44144 5.6228e-02 0.0000e+00
        973 204.817905    0.06750     4.0500    243.000    166.948  51565.353    32.3512     6.6418    165.320    6.92683     6.6253    25.3815   12.44165 5.6244e-02 0.0000e+00
        974 204.817908    0.06757     4.0542    243.250    167.082  51566.144    32.3515     6.6409    165.453    6.92697     6.6240    25.3819   12.44187 5.6265e-02 0.0000e+00
        975 204.817911    0.06764     4.0583    243.500    167.222  51566.935    32.3518     6.6398    165.591    6.92712     6.6224    25.3823   12.44213 5.6286e-02 0.0000e+00
        976 204.817914    0.06771     4.0625    243.750    167.370  51567.832    32.3521     6.6385    165.738    6.92731     6.6205    25.3827   12.44244 5.6300e-02 0.0000e+00
        977 204.817917    0.06778     4.0667    244.000    167.528  51568.802    32.3524     6.6369    165.895    6.92755     6.6181    25.3831   12.44283 5.6305e-02 0.0000e+00
        978 204.817920    0.06785     4.0708    244.250    167.698  51569.924    32.3528     6.6350    166.063    6.92785     6.6152    25.3836   12.44332 5.6297e-02 0.0000e+00
        979 204.817922    0.06792     4.0750    244.500    167.878  51571.589    32.3534     6.6326    166.241    6.92821     6.6123    25.3844   12.44390 5.6278e-02 0.0000e+00
        980 204.817925    0.06799     4.0792    244.750    168.066  51574.203    32.3546     6.6298    166.428    6.92860     6.6095    25.3857   12.44454 5.6263e-02 0.0000e+00
        981 204.817928    0.06806     4.0833    245.000    168.260  51577.291    32.3561     6.6269    166.619    6.92901     6.6065    25.3873   12.44518 5.6258e-02 0.0000e+00
        982 204.817931    0.06813     4.0875    245.250    168.455  51579.849    32.3572     6.6240    166.812    6.92941     6.6032    25.3885   12.44584 5.6279e-02 0.0000e+00
        983 204.817934    0.06819     4.0917    245.500    168.646  51582.120    32.3582     6.6211    167.002    6.92984     6.5998    25.3897   12.44654 5.6330e-02 0.0000e+00
        984 204.817937    0.06826     4.0958    245.750    168.830  51585.163    32.3596     6.6178    167.184    6.93030     6.5965    25.3912   12.44728 5.6411e-02 0.0000e+00
        985 204.817940    0.06833     4.1000    246.000    169.000  51588.987    32.3615     6.6144    167.351    6.93077     6.5937    25.3932   12.44802 5.6543e-02 0.0000e+00
        986 204.817943    0.06840     4.1042    246.250    169.143  51592.931    32.3635     6.6112    167.493    6.93119     6.5915    25.3952   12.44870 5.6584e-02 0.0000e+00
        987 204.817946    0.06847     4.1083    246.500    169.250  51596.748    32.3656     6.6084    167.599    6.93155     6.5900    25.3972   12.44926 5.6395e-02 0.0000e+00
        988 204.817948    0.06854     4.1125    246.750    169.320  51600.252    32.3676     6.6061    167.668    6.93181     6.5892    25.3990   12.44968 5.6164e-02 0.0000e+00
        989 204.817951    0.06861     4.1167    247.000    169.363  51602.945    32.3691     6.6046    167.711    6.93199     6.5890    25.4005   12.44994 5.6029e-02 0.0000e+00
        990 204.817954    0.06868     4.1208    247.250    169.390  51604.647    32.3702     6.6038    167.737    6.93207     6.5892    25.4014   12.45007 5.5948e-02 0.0000e+00
        991 204.817957    0.06875     4.1250    247.500    169.409  51605.524    32.3707     6.6036    167.756    6.93208     6.5896    25.4018   12.45008 5.5898e-02 0.0000e+00
        992 204.817960    0.06882     4.1292    247.750    169.425  51605.599    32.3708     6.6038    167.773    6.93204     6.5900    25.4019   12.45002 5.5859e-02 0.0000e+00
        993 204.817963    0.06889     4.1333    248.000    169.443  51604.871    32.3704     6.6042    167.791    6.93199     6.5903    25.4015   12.44994 5.5816e-02 0.0000e+00
        994 204.817966    0.06896     4.1375    248.250    169.464  51603.549    32.3695     6.6046    167.811    6.93196     6.5902    25.4008   12.44990 5.5759e-02 0.0000e+00
