CTD-processing/allCTD/CNV--turbid/2014_07-21_t9_s03_cast165.cnv
* Sea-Bird SBE19plus Data File:
* FileName = C:\Users\kris.holderied\Documents\kasitsna\Research-Projects-and-Data\Oceanography-AK\CTD-Data-ALL-to-2014-06\2014-CTD-KachemakBay-CookInlet\2014-07-EVOSTC-CookInlet-quarterly\2014-07-21-CookInlet-Tran9-HomerSpit\2014-07-21-CookInlet-Tran9-cast165.hex
* Software Version 1.59
* Temperature SN =  4141
* Conductivity SN =  4141
* System UpLoad Time = Jul 21 2014 17:59:36
** Cook Inlet LTM Transect 9 (Homer Spit) North to South
** Date: 07-21
** Station: 9-03
** Start time: 16:40
** Depth (m): 91.2
** Comment:  CTD time is Alaska Daylight time. 75 sec downcast.
** Comment:
# nquan = 16
# nvalues = 708                         
# units = specified
# name 0 = scan: Scan Count
# name 1 = timeJ: Julian Days
# name 2 = timeH: Time, Elapsed [hours]
# name 3 = timeM: Time, Elapsed [minutes]
# name 4 = timeS: Time, Elapsed [seconds]
# name 5 = prdM: Pressure, Strain Gauge [db]
# name 6 = specc: Specific Conductance [uS/cm]
# name 7 = sal00: Salinity, Practical [PSU]
# name 8 = tv290C: Temperature [ITS-90, deg C]
# name 9 = depSM: Depth [salt water, m], lat = 59.00
# name 10 = oxsolML/L: Oxygen Saturation, Garcia & Gordon [ml/l]
# name 11 = potemp090C: Potential Temperature [ITS-90, deg C]
# name 12 = sigma-é00: Density [sigma-theta, kg/m^3]
# name 13 = n2satML/L: Nitrogen Saturation [ml/l]
# name 14 = par: PAR/Irradiance, Biospherical/Licor
# name 15 = flag:  0.000e+00
# span 0 =          1,        708       
# span 1 = 202.694549, 202.696594       
# span 2 =    0.00000,    0.04910       
# span 3 =     0.0000,     2.9458       
# span 4 =      0.000,    176.750       
# span 5 =     -0.012,     90.229       
# span 6 =    958.727,  50102.328       
# span 7 =     0.4681,    31.6324       
# span 8 =     8.1622,    13.7623       
# span 9 =     -0.012,     89.366       
# span 10 =    6.19433,    7.55632      
# span 11 =     8.1535,    13.7622      
# span 12 =    -0.1100,    24.6049      
# span 13 =   11.28448,   13.92161      
# span 14 = 3.6382e-02, 3.8289e+02      
# span 15 = 0.0000e+00, 0.0000e+00      
# interval = seconds: 0.25
# start_time = Jul 21 2014 16:40:09 [Instrument's time stamp, header]
# bad_flag = -9.990e-29
*END*
[from data line 633]
        634 202.696380    0.04396     2.6375    158.250     77.489  49945.459    31.5821     8.5375     76.750    6.66715     8.5145    24.5137   12.02181 3.6382e-02 0.0000e+00
        635 202.696383    0.04403     2.6417    158.500     77.705  49952.762    31.5858     8.5290     76.965    6.66827     8.5089    24.5179   12.02360 3.6382e-02 0.0000e+00
        636 202.696386    0.04410     2.6458    158.750     77.927  49957.950    31.5884     8.5222     77.184    6.66917     8.5040    24.5209   12.02507 3.6382e-02 0.0000e+00
        637 202.696389    0.04417     2.6500    159.000     78.160  49961.388    31.5898     8.5166     77.414    6.66994     8.4993    24.5229   12.02633 3.6382e-02 0.0000e+00
        638 202.696392    0.04424     2.6542    159.250     78.407  49963.810    31.5907     8.5117     77.659    6.67064     8.4946    24.5242   12.02747 3.6382e-02 0.0000e+00
        639 202.696395    0.04431     2.6583    159.500     78.671  49965.727    31.5912     8.5071     77.921    6.67131     8.4894    24.5253   12.02858 3.6382e-02 0.0000e+00
        640 202.696398    0.04437     2.6625    159.750     78.949  49966.781    31.5911     8.5024     78.196    6.67202     8.4835    24.5260   12.02975 3.6382e-02 0.0000e+00
        641 202.696400    0.04444     2.6667    160.000     79.236  49967.176    31.5905     8.4973     78.480    6.67281     8.4768    24.5262   12.03107 3.6382e-02 0.0000e+00
        642 202.696403    0.04451     2.6708    160.250     79.527  49968.031    31.5900     8.4914     78.768    6.67371     8.4693    24.5268   12.03257 3.6382e-02 0.0000e+00
        643 202.696406    0.04458     2.6750    160.500     79.816  49969.251    31.5897     8.4847     79.054    6.67473     8.4607    24.5276   12.03425 3.6382e-02 0.0000e+00
        644 202.696409    0.04465     2.6792    160.750     80.099  49969.747    31.5888     8.4772     79.335    6.67589     8.4505    24.5280   12.03618 3.6382e-02 0.0000e+00
        645 202.696412    0.04472     2.6833    161.000     80.374  49969.288    31.5871     8.4687     79.607    6.67726     8.4387    24.5279   12.03846 3.6382e-02 0.0000e+00
        646 202.696415    0.04479     2.6875    161.250     80.639  49969.101    31.5853     8.4585     79.869    6.67886     8.4262    24.5280   12.04113 3.6382e-02 0.0000e+00
        647 202.696418    0.04486     2.6917    161.500     80.896  49971.927    31.5854     8.4467     80.124    6.68062     8.4143    24.5298   12.04405 3.6383e-02 0.0000e+00
        648 202.696421    0.04493     2.6958    161.750     81.147  49979.146    31.5884     8.4342     80.373    6.68238     8.4043    24.5340   12.04691 3.6383e-02 0.0000e+00
        649 202.696424    0.04500     2.7000    162.000     81.396  49988.526    31.5931     8.4224     80.620    6.68395     8.3962    24.5394   12.04946 3.6384e-02 0.0000e+00
        650 202.696427    0.04507     2.7042    162.250     81.646  49997.225    31.5975     8.4124     80.867    6.68525     8.3895    24.5444   12.05157 3.6385e-02 0.0000e+00
        651 202.696429    0.04514     2.7083    162.500     81.898  50003.863    31.6008     8.4043     81.116    6.68633     8.3834    24.5481   12.05330 3.6386e-02 0.0000e+00
        652 202.696432    0.04521     2.7125    162.750     82.155  50008.127    31.6027     8.3976     81.370    6.68726     8.3773    24.5506   12.05482 3.6386e-02 0.0000e+00
        653 202.696435    0.04528     2.7167    163.000     82.415  50010.694    31.6035     8.3915     81.628    6.68814     8.3711    24.5520   12.05627 3.6385e-02 0.0000e+00
        654 202.696438    0.04535     2.7208    163.250     82.677  50012.906    31.6040     8.3854     81.888    6.68903     8.3650    24.5533   12.05773 3.6386e-02 0.0000e+00
        655 202.696441    0.04542     2.7250    163.500     82.940  50015.944    31.6050     8.3792     82.148    6.68991     8.3594    24.5551   12.05918 3.6388e-02 0.0000e+00
        656 202.696444    0.04549     2.7292    163.750     83.200  50019.973    31.6068     8.3732     82.405    6.69075     8.3544    24.5573   12.06054 3.6391e-02 0.0000e+00
        657 202.696447    0.04556     2.7333    164.000     83.455  50024.481    31.6090     8.3676     82.658    6.69150     8.3502    24.5599   12.06176 3.6394e-02 0.0000e+00
        658 202.696450    0.04562     2.7375    164.250     83.701  50029.032    31.6113     8.3626     82.902    6.69214     8.3467    24.5624   12.06280 3.6395e-02 0.0000e+00
        659 202.696453    0.04569     2.7417    164.500     83.938  50033.143    31.6134     8.3584     83.136    6.69268     8.3436    24.5647   12.06366 3.6393e-02 0.0000e+00
        660 202.696455    0.04576     2.7458    164.750     84.166  50036.245    31.6150     8.3549     83.362    6.69314     8.3407    24.5664   12.06441 3.6390e-02 0.0000e+00
        661 202.696458    0.04583     2.7500    165.000     84.388  50038.093    31.6157     8.3518     83.582    6.69357     8.3376    24.5675   12.06510 3.6387e-02 0.0000e+00
        662 202.696461    0.04590     2.7542    165.250     84.607  50038.962    31.6158     8.3490     83.799    6.69400     8.3343    24.5679   12.06582 3.6385e-02 0.0000e+00
        663 202.696464    0.04597     2.7583    165.500     84.827  50039.412    31.6155     8.3460     84.017    6.69447     8.3306    24.5682   12.06659 3.6384e-02 0.0000e+00
        664 202.696467    0.04604     2.7625    165.750     85.053  50040.159    31.6154     8.3426     84.240    6.69498     8.3266    24.5686   12.06744 3.6383e-02 0.0000e+00
        665 202.696470    0.04611     2.7667    166.000     85.286  50041.759    31.6159     8.3389     84.471    6.69551     8.3227    24.5695   12.06832 3.6383e-02 0.0000e+00
        666 202.696473    0.04618     2.7708    166.250     85.529  50044.079    31.6168     8.3350     84.712    6.69606     8.3186    24.5708   12.06922 3.6382e-02 0.0000e+00
        667 202.696476    0.04625     2.7750    166.500     85.782  50046.570    31.6178     8.3311     84.962    6.69661     8.3144    24.5722   12.07011 3.6382e-02 0.0000e+00
        668 202.696479    0.04632     2.7792    166.750     86.044  50048.922    31.6188     8.3271     85.222    6.69717     8.3100    24.5735   12.07103 3.6382e-02 0.0000e+00
        669 202.696481    0.04639     2.7833    167.000     86.313  50051.084    31.6195     8.3229     85.489    6.69777     8.3052    24.5747   12.07201 3.6382e-02 0.0000e+00
        670 202.696484    0.04646     2.7875    167.250     86.587  50053.025    31.6201     8.3185     85.760    6.69841     8.3001    24.5758   12.07306 3.6382e-02 0.0000e+00
        671 202.696487    0.04653     2.7917    167.500     86.864  50054.810    31.6204     8.3137     86.034    6.69911     8.2946    24.5768   12.07421 3.6383e-02 0.0000e+00
        672 202.696490    0.04660     2.7958    167.750     87.143  50056.930    31.6210     8.3086     86.311    6.69986     8.2887    24.5780   12.07545 3.6383e-02 0.0000e+00
        673 202.696493    0.04667     2.8000    168.000     87.421  50059.641    31.6219     8.3031     86.586    6.70065     8.2820    24.5795   12.07675 3.6384e-02 0.0000e+00
        674 202.696496    0.04674     2.8042    168.250     87.694  50061.722    31.6223     8.2972     86.856    6.70152     8.2736    24.5807   12.07819 3.6385e-02 0.0000e+00
        675 202.696499    0.04681     2.8083    168.500     87.958  50062.165    31.6215     8.2905     87.117    6.70257     8.2629    24.5810   12.07993 3.6386e-02 0.0000e+00
        676 202.696502    0.04688     2.8125    168.750     88.207  50061.672    31.6198     8.2822     87.364    6.70390     8.2495    24.5808   12.08215 3.6389e-02 0.0000e+00
        677 202.696505    0.04694     2.8167    169.000     88.441  50061.525    31.6179     8.2715     87.596    6.70560     8.2338    24.5809   12.08498 3.6394e-02 0.0000e+00
        678 202.696508    0.04701     2.8208    169.250     88.658  50063.337    31.6170     8.2581     87.811    6.70767     8.2170    24.5822   12.08842 3.6403e-02 0.0000e+00
        679 202.696510    0.04708     2.8250    169.500     88.859  50068.528    31.6181     8.2424     88.010    6.71000     8.2009    24.5853   12.09225 3.6417e-02 0.0000e+00
        680 202.696513    0.04715     2.8292    169.750     89.050  50077.487    31.6217     8.2256     88.199    6.71238     8.1869    24.5905   12.09615 3.6440e-02 0.0000e+00
        681 202.696516    0.04722     2.8333    170.000     89.234  50088.533    31.6268     8.2095     88.381    6.71460     8.1760    24.5969   12.09976 3.6478e-02 0.0000e+00
        682 202.696519    0.04729     2.8375    170.250     89.414  50097.939    31.6311     8.1956     88.559    6.71652     8.1678    24.6023   12.10289 3.6542e-02 0.0000e+00
        683 202.696522    0.04736     2.8417    170.500     89.589  50102.328    31.6324     8.1846     88.733    6.71813     8.1619    24.6049   12.10553 3.6649e-02 0.0000e+00
        684 202.696525    0.04743     2.8458    170.750     89.758  50099.481    31.6290     8.1765     88.899    6.71951     8.1579    24.6035   12.10786 3.6827e-02 0.0000e+00
        685 202.696528    0.04750     2.8500    171.000     89.907  50086.746    31.6191     8.1706     89.047    6.72084     8.1554    24.5965   12.11017 3.7123e-02 0.0000e+00
        686 202.696531    0.04757     2.8542    171.250     90.023  50059.805    31.5996     8.1666     89.163    6.72230     8.1541    24.5818   12.11283 3.7611e-02 0.0000e+00
        687 202.696534    0.04764     2.8583    171.500     90.102  50023.187    31.5736     8.1641     89.241    6.72382     8.1535    24.5617   12.11566 3.8172e-02 0.0000e+00
        688 202.696536    0.04771     2.8625    171.750     90.151  49992.418    31.5518     8.1628     89.289    6.72498     8.1535    24.5449   12.11785 3.8486e-02 0.0000e+00
        689 202.696539    0.04778     2.8667    172.000     90.180  49971.530    31.5371     8.1622     89.318    6.72570     8.1539    24.5334   12.11923 3.8468e-02 0.0000e+00
        690 202.696542    0.04785     2.8708    172.250     90.198  49959.755    31.5289     8.1622     89.335    6.72606     8.1544    24.5270   12.11992 3.8235e-02 0.0000e+00
        691 202.696545    0.04792     2.8750    172.500     90.208  49966.528    31.5336     8.1626     89.345    6.72580     8.1550    24.5307   12.11944 3.7889e-02 0.0000e+00
        692 202.696548    0.04799     2.8792    172.750     90.214  49990.328    31.5504     8.1631     89.351    6.72499     8.1556    24.5437   12.11789 3.7527e-02 0.0000e+00
        693 202.696551    0.04806     2.8833    173.000     90.218  50015.008    31.5677     8.1637     89.355    6.72414     8.1562    24.5572   12.11627 3.7188e-02 0.0000e+00
        694 202.696554    0.04813     2.8875    173.250     90.220  50030.981    31.5790     8.1643     89.357    6.72355     8.1567    24.5660   12.11516 3.6896e-02 0.0000e+00
        695 202.696557    0.04819     2.8917    173.500     90.222  50039.946    31.5854     8.1649     89.359    6.72319     8.1571    24.5709   12.11447 3.6690e-02 0.0000e+00
        696 202.696560    0.04826     2.8958    173.750     90.223  50045.041    31.5890     8.1654     89.360    6.72295     8.1575    24.5737   12.11403 3.6567e-02 0.0000e+00
        697 202.696563    0.04833     2.9000    174.000     90.225  50047.694    31.5910     8.1659     89.361    6.72280     8.1579    24.5751   12.11376 3.6493e-02 0.0000e+00
        698 202.696565    0.04840     2.9042    174.250     90.226  50049.292    31.5921     8.1663     89.362    6.72268     8.1583    24.5760   12.11356 3.6449e-02 0.0000e+00
        699 202.696568    0.04847     2.9083    174.500     90.226  50050.882    31.5933     8.1666     89.363    6.72257     8.1586    24.5769   12.11336 3.6422e-02 0.0000e+00
        700 202.696571    0.04854     2.9125    174.750     90.227  50054.203    31.5957     8.1670     89.363    6.72242     8.1588    24.5787   12.11307 3.6406e-02 0.0000e+00
        701 202.696574    0.04861     2.9167    175.000     90.227  50059.965    31.5998     8.1673     89.363    6.72219     8.1591    24.5818   12.11264 3.6396e-02 0.0000e+00
        702 202.696577    0.04868     2.9208    175.250     90.227  50065.684    31.6038     8.1676     89.364    6.72197     8.1593    24.5849   12.11222 3.6390e-02 0.0000e+00
        703 202.696580    0.04875     2.9250    175.500     90.227  50069.889    31.6068     8.1678     89.364    6.72180     8.1595    24.5872   12.11191 3.6387e-02 0.0000e+00
        704 202.696583    0.04882     2.9292    175.750     90.227  50073.536    31.6094     8.1680     89.364    6.72165     8.1597    24.5892   12.11163 3.6385e-02 0.0000e+00
        705 202.696586    0.04889     2.9333    176.000     90.228  50077.194    31.6120     8.1682     89.365    6.72151     8.1598    24.5912   12.11137 3.6384e-02 0.0000e+00
        706 202.696589    0.04896     2.9375    176.250     90.228  50080.814    31.6145     8.1684     89.365    6.72138     8.1598    24.5932   12.11112 3.6383e-02 0.0000e+00
        707 202.696591    0.04903     2.9417    176.500     90.229  50083.655    31.6165     8.1685     89.366    6.72128 -9.990e-29    24.5948   12.11092 3.6383e-02 0.0000e+00
        708 202.696594    0.04910     2.9458    176.750     90.229  50084.723    31.6173     8.1685     89.366    6.72124 -9.990e-29    24.5954   12.11085 3.6383e-02 0.0000e+00
