CTD-processing/allCTD/CNV--turbid/2014_04-07_t7_s12_cast277.cnv
* Sea-Bird SBE19plus Data File:
* FileName = C:\Users\kris.holderied\Documents\kasitsna\Research-Projects-and-Data\Oceanography-AK\CTD-CookInlet-GulfWatchAK\2014-04-EVOSTC-CookInlet-Ocean\2014-04-07-CookInlet-Tran7-Augustine\2014-04-07-CookInlet-Tran7-cast277.hex
* Software Version 1.59
* Temperature SN =  5028
* Conductivity SN =  5028
* System UpLoad Time = Apr 09 2014 12:01:52
** Cook Inlet LTM Transect 7 (Augustine) west to east
** Date: 7 Apr 2014
** Station: 7-12
** Start time: 06:37
** Depth (m): 72
** Comment:  CTD instrument time is AK Daylight time
** Comment:
# nquan = 16
# nvalues = 624                         
# units = specified
# name 0 = scan: Scan Count
# name 1 = timeJ: Julian Days
# name 2 = timeH: Time, Elapsed [hours]
# name 3 = timeM: Time, Elapsed [minutes]
# name 4 = timeS: Time, Elapsed [seconds]
# name 5 = prdM: Pressure, Strain Gauge [db]
# name 6 = specc: Specific Conductance [uS/cm]
# name 7 = sal00: Salinity, Practical [PSU]
# name 8 = tv290C: Temperature [ITS-90, deg C]
# name 9 = depSM: Depth [salt water, m], lat = 59.00
# name 10 = oxsolML/L: Oxygen Saturation, Garcia & Gordon [ml/l]
# name 11 = potemp090C: Potential Temperature [ITS-90, deg C]
# name 12 = sigma-é00: Density [sigma-theta, kg/m^3]
# name 13 = n2satML/L: Nitrogen Saturation [ml/l]
# name 14 = par: PAR/Irradiance, Biospherical/Licor
# name 15 = flag:  0.000e+00
# span 0 =          1,        624       
# span 1 =  97.275451,  97.277254       
# span 2 =    0.00000,    0.04326       
# span 3 =     0.0000,     2.5958       
# span 4 =      0.000,    155.750       
# span 5 =     -0.227,     72.418       
# span 6 =   2386.476,  51612.047       
# span 7 =     1.1856,    32.0106       
# span 8 =     3.5553,     4.6341       
# span 9 =     -0.225,     71.728       
# span 10 =    7.27982,    9.20618      
# span 11 =     3.5553,     4.6291      
# span 12 =     0.9281,    25.3455      
# span 13 =   13.02890,   16.68866      
# span 14 = 3.7912e-02, 1.1105e+00      
# span 15 = 0.0000e+00, 0.0000e+00      
# interval = seconds: 0.25
# start_time = Apr 07 2014 06:36:39 [Instrument's time stamp, header]
# bad_flag = -9.990e-29
*END*
          1  97.275451    0.00000     0.0000      0.000     -0.222   2789.806     1.3877     3.5553     -0.220    9.19398     3.5553     1.0908   16.66477 1.1105e+00 0.0000e+00
          2  97.275454    0.00007     0.0042      0.250     -0.224   2856.223     1.4228     3.5553     -0.222    9.19181     3.5555     1.1190   16.66054 8.1493e-01 0.0000e+00
          3  97.275457    0.00014     0.0083      0.500     -0.225   2832.051     1.4105     3.5553     -0.223    9.19257     3.5557     1.1091   16.66204 5.6729e-01 0.0000e+00
          4  97.275460    0.00021     0.0125      0.750     -0.226   2719.668     1.3521     3.5555     -0.224    9.19618     3.5562     1.0622   16.66906 4.2176e-01 0.0000e+00
          5  97.275463    0.00028     0.0167      1.000     -0.227   2585.481     1.2827     3.5557     -0.225    9.20043     3.5572     1.0065   16.67736 3.5750e-01 0.0000e+00
          6  97.275466    0.00035     0.0208      1.250     -0.227   2468.259     1.2229     3.5562     -0.224    9.20405     3.5588     0.9584   16.68443 3.6109e-01 0.0000e+00
          7  97.275469    0.00042     0.0250      1.500     -0.226   2392.561     1.1856     3.5572     -0.223    9.20618     3.5615     0.9283   16.68866 4.3576e-01 0.0000e+00
          8  97.275472    0.00049     0.0292      1.750     -0.225   2386.476     1.1857     3.5588     -0.222    9.20587     3.5660     0.9281   16.68815 5.1578e-01 0.0000e+00
          9  97.275475    0.00056     0.0333      2.000     -0.223   2477.044     1.2381     3.5615     -0.221    9.20209     3.5736     0.9698   16.68099 5.2740e-01 0.0000e+00
         10  97.275477    0.00063     0.0375      2.250     -0.222   2708.755     1.3670     3.5660     -0.220    9.19320     3.5862     1.0728   16.66400 5.4701e-01 0.0000e+00
         11  97.275480    0.00069     0.0417      2.500     -0.221   3117.643     1.5936     3.5736     -0.218    9.17765     3.6076     1.2539   16.63427 5.9276e-01 0.0000e+00
         12  97.275483    0.00076     0.0458      2.750     -0.218   3733.422     1.9374     3.5862     -0.216    9.15382     3.6440     1.5284   16.58879 6.1030e-01 0.0000e+00
         13  97.275486    0.00083     0.0500      3.000     -0.211   4683.991     2.4715     3.6076     -0.209    9.11647     3.7054     1.9546   16.51760 6.8474e-01 0.0000e+00
         14  97.275489    0.00090     0.0542      3.250     -0.199   6245.668     3.3500     3.6440     -0.197    9.05476     3.7957     2.6557   16.40004 8.3677e-01 0.0000e+00
         15  97.275492    0.00097     0.0583      3.500     -0.185   8156.187     4.4271     3.7054     -0.183    8.97533     3.8976     3.5149   16.24967 9.5452e-01 0.0000e+00
         16  97.275495    0.00104     0.0625      3.750     -0.180   9575.538     5.2367     3.7957     -0.178    8.90583     3.9828     4.1597   16.12043 9.9530e-01 0.0000e+00
         17  97.275498    0.00111     0.0667      4.000     -0.185  10034.313     5.5138     3.8976     -0.182    8.86634     4.0386     4.3791   16.05027 9.8253e-01 0.0000e+00
         18  97.275501    0.00118     0.0708      4.250     -0.188   9762.733     5.3883     3.9828     -0.185    8.85558     4.0713     4.2773   16.03498 9.3361e-01 0.0000e+00
         19  97.275503    0.00125     0.0750      4.500     -0.182   9651.686     5.3818     4.0386     -0.179    8.84589     4.0921     4.2696   16.02009 8.4659e-01 0.0000e+00
         20  97.275506    0.00132     0.0792      4.750     -0.164  10525.091     5.9815     4.0713     -0.162    8.80763     4.1114     4.7433   15.94854 7.0208e-01 0.0000e+00
         21  97.275509    0.00139     0.0833      5.000     -0.129  12938.001     7.5246     4.0921     -0.128    8.71931     4.1402     5.9662   15.77938 5.2446e-01 0.0000e+00
         22  97.275512    0.00146     0.0875      5.250     -0.068  17740.498    10.5349     4.1114     -0.068    8.54943     4.1871     8.3539   15.45237 3.9027e-01 0.0000e+00
         23  97.275515    0.00153     0.0917      5.500      0.033  25547.246    15.4319     4.1403      0.032    8.27408     4.2494    12.2384   14.92223 3.0809e-01 0.0000e+00
         24  97.275518    0.00160     0.0958      5.750      0.188  34501.170    21.0942     4.1871      0.186    7.95521     4.3133    16.7276   14.30939 2.3495e-01 0.0000e+00
         25  97.275521    0.00167     0.1000      6.000      0.393  41336.762    25.4422     4.2494      0.389    7.70653     4.3659    20.1718   13.83288 1.7337e-01 0.0000e+00
         26  97.275524    0.00174     0.1042      6.250      0.621  45407.880    28.0365     4.3134      0.615    7.55332     4.4023    22.2241   13.54057 1.3607e-01 0.0000e+00
         27  97.275527    0.00181     0.1083      6.500      0.831  47812.606    29.5703     4.3660      0.823    7.45999     4.4238    23.4360   13.36315 1.1932e-01 0.0000e+00
         28  97.275530    0.00187     0.1125      6.750      0.994  49233.078    30.4764     4.4024      0.985    7.40384     4.4348    24.1514   13.25664 1.1825e-01 0.0000e+00
         29  97.275532    0.00194     0.1167      7.000      1.108  50073.166    31.0117     4.4239      1.098    7.37063     4.4398    24.5739   13.19362 1.2815e-01 0.0000e+00
         30  97.275535    0.00201     0.1208      7.250      1.186  50569.927    31.3274     4.4349      1.175    7.35129     4.4417    24.8233   13.15686 1.4250e-01 0.0000e+00
         31  97.275538    0.00208     0.1250      7.500      1.238  50861.614    31.5120     4.4399      1.227    7.34021     4.4421    24.9694   13.13572 1.5855e-01 0.0000e+00
         32  97.275541    0.00215     0.1292      7.750      1.271  51030.081    31.6181     4.4418      1.259    7.33398     4.4417    25.0533   13.12380 1.8298e-01 0.0000e+00
         33  97.275544    0.00222     0.1333      8.000      1.288  51126.983    31.6787     4.4422      1.276    7.33054     4.4413    25.1014   13.11717 2.1621e-01 0.0000e+00
         34  97.275547    0.00229     0.1375      8.250      1.292  51185.540    31.7152     4.4418      1.279    7.32857     4.4415    25.1304   13.11335 2.4780e-01 0.0000e+00
         35  97.275550    0.00236     0.1417      8.500      1.286  51226.244    31.7409     4.4414      1.273    7.32724     4.4429    25.1508   13.11076 2.6656e-01 0.0000e+00
         36  97.275553    0.00243     0.1458      8.750      1.274  51258.447    31.7618     4.4415      1.262    7.32610     4.4460    25.1673   13.10858 2.6760e-01 0.0000e+00
         37  97.275556    0.00250     0.1500      9.000      1.260  51281.776    31.7773     4.4430      1.248    7.32502     4.4502    25.1795   13.10657 2.5991e-01 0.0000e+00
         38  97.275558    0.00257     0.1542      9.250      1.248  51293.426    31.7856     4.4461      1.236    7.32404     4.4548    25.1858   13.10482 2.5345e-01 0.0000e+00
         39  97.275561    0.00264     0.1583      9.500      1.238  51292.787    31.7858     4.4503      1.227    7.32326     4.4591    25.1856   13.10353 2.4146e-01 0.0000e+00
         40  97.275564    0.00271     0.1625      9.750      1.231  51284.157    31.7808     4.4549      1.219    7.32269     4.4629    25.1811   13.10265 2.1989e-01 0.0000e+00
         41  97.275567    0.00278     0.1667     10.000      1.223  51275.950    31.7760     4.4592      1.212    7.32215     4.4660    25.1769   13.10181 1.9669e-01 0.0000e+00
         42  97.275570    0.00285     0.1708     10.250      1.215  51272.697    31.7746     4.4630      1.204    7.32155     4.4688    25.1754   13.10084 1.6874e-01 0.0000e+00
         43  97.275573    0.00292     0.1750     10.500      1.205  51273.238    31.7757     4.4661      1.194    7.32094     4.4712    25.1759   13.09982 1.3542e-01 0.0000e+00
         44  97.275576    0.00299     0.1792     10.750      1.196  51274.884    31.7774     4.4688      1.185    7.32037     4.4731    25.1770   13.09886 1.0804e-01 0.0000e+00
         45  97.275579    0.00306     0.1833     11.000      1.189  51273.482    31.7770     4.4713      1.178    7.31996     4.4741    25.1765   13.09819 9.0661e-02 0.0000e+00
         46  97.275582    0.00313     0.1875     11.250      1.188  51261.981    31.7696     4.4732      1.177    7.31999     4.4740    25.1704   13.09832 8.0973e-02 0.0000e+00
         47  97.275584    0.00319     0.1917     11.500      1.194  51233.877    31.7507     4.4742      1.182    7.32074     4.4728    25.1552   13.09982 7.6108e-02 0.0000e+00
         48  97.275587    0.00326     0.1958     11.750      1.203  51190.267    31.7208     4.4741      1.192    7.32224     4.4704    25.1316   13.10268 7.3425e-02 0.0000e+00
         49  97.275590    0.00333     0.2000     12.000      1.213  51138.585    31.6853     4.4729      1.202    7.32421     4.4670    25.1035   13.10641 7.1440e-02 0.0000e+00
         50  97.275593    0.00340     0.2042     12.250      1.223  51079.777    31.6447     4.4705      1.211    7.32665     4.4637    25.0715   13.11097 7.0197e-02 0.0000e+00
         51  97.275596    0.00347     0.2083     12.500      1.230  51001.172    31.5904     4.4671      1.218    7.32996     4.4616    25.0288   13.11714 7.0678e-02 0.0000e+00
         52  97.275599    0.00354     0.2125     12.750      1.238  50874.642    31.5036     4.4638      1.226    7.33486     4.4610    24.9603   13.12638 7.3575e-02 0.0000e+00
         53  97.275602    0.00361     0.2167     13.000      1.248  50654.015    31.3530     4.4617      1.236    7.34272     4.4615    24.8411   13.14134 7.9037e-02 0.0000e+00
         54  97.275605    0.00368     0.2208     13.250      1.261  50274.218    31.0944     4.4611      1.249    7.35569     4.4625    24.6360   13.16615 8.7056e-02 0.0000e+00
         55  97.275608    0.00375     0.2250     13.500      1.278  49652.325    30.6713     4.4615      1.266    7.37666     4.4636    24.3003   13.20635 9.7616e-02 0.0000e+00
         56  97.275611    0.00382     0.2292     13.750      1.297  48931.706    30.1812     4.4625      1.284    7.40086     4.4641    23.9116   13.25278 1.1295e-01 0.0000e+00
         57  97.275613    0.00389     0.2333     14.000      1.316  48583.312    29.9441     4.4636      1.303    7.41244     4.4630    23.7234   13.27501 1.3767e-01 0.0000e+00
         58  97.275616    0.00396     0.2375     14.250      1.331  48753.345    30.0588     4.4641      1.319    7.40657     4.4596    23.8142   13.26376 1.6293e-01 0.0000e+00
         59  97.275619    0.00403     0.2417     14.500      1.338  49109.748    30.3001     4.4630      1.325    7.39468     4.4534    24.0057   13.24092 1.7123e-01 0.0000e+00
         60  97.275622    0.00410     0.2458     14.750      1.332  49441.313    30.5246     4.4597      1.319    7.38407     4.4444    24.1840   13.22045 1.6090e-01 0.0000e+00
         61  97.275625    0.00417     0.2500     15.000      1.313  49723.004    30.7149     4.4534      1.300    7.37572     4.4356    24.3356   13.20415 1.4147e-01 0.0000e+00
         62  97.275628    0.00424     0.2542     15.250      1.283  50043.912    30.9318     4.4445      1.271    7.36657     4.4308    24.5086   13.18619 1.2317e-01 0.0000e+00
         63  97.275631    0.00431     0.2583     15.500      1.251  50458.531    31.2127     4.4356      1.240    7.35422     4.4316    24.7324   13.16213 1.1012e-01 0.0000e+00
         64  97.275634    0.00438     0.2625     15.750      1.225  50811.882    31.4528     4.4309      1.214    7.34317     4.4359    24.9234   13.14074 1.0107e-01 0.0000e+00
         65  97.275637    0.00444     0.2667     16.000      1.210  51023.962    31.5977     4.4317      1.199    7.33586     4.4408    25.0383   13.12678 9.5805e-02 0.0000e+00
         66  97.275639    0.00451     0.2708     16.250      1.210  51142.244    31.6794     4.4360      1.199    7.33104     4.4436    25.1026   13.11775 9.3515e-02 0.0000e+00
         67  97.275642    0.00458     0.2750     16.500      1.220  51195.405    31.7168     4.4409      1.209    7.32832     4.4420    25.1318   13.11276 9.3903e-02 0.0000e+00
         68  97.275645    0.00465     0.2792     16.750      1.235  51209.296    31.7268     4.4437      1.224    7.32733     4.4342    25.1394   13.11100 9.4851e-02 0.0000e+00
         69  97.275648    0.00472     0.2833     17.000      1.250  51211.756    31.7280     4.4421      1.238    7.32755     4.4205    25.1406   13.11135 9.2265e-02 0.0000e+00
         70  97.275651    0.00479     0.2875     17.250      1.258  51223.262    31.7341     4.4343      1.246    7.32862     4.4044    25.1462   13.11304 8.5875e-02 0.0000e+00
         71  97.275654    0.00486     0.2917     17.500      1.258  51249.980    31.7492     4.4205      1.246    7.33031     4.3914    25.1596   13.11563 7.8395e-02 0.0000e+00
         72  97.275657    0.00493     0.2958     17.750      1.251  51286.979    31.7708     4.4045      1.239    7.33210     4.3852    25.1784   13.11830 7.2252e-02 0.0000e+00
         73  97.275660    0.00500     0.3000     18.000      1.241  51324.445    31.7935     4.3915      1.229    7.33329     4.3871    25.1977   13.11997 6.8557e-02 0.0000e+00
         74  97.275663    0.00507     0.3042     18.250      1.232  51353.279    31.8118     4.3853      1.221    7.33347     4.3954    25.2128   13.12003 6.7294e-02 0.0000e+00
         75  97.275666    0.00514     0.3083     18.500      1.229  51367.382    31.8219     4.3872      1.218    7.33264     4.4065    25.2206   13.11853 6.7913e-02 0.0000e+00
         76  97.275668    0.00521     0.3125     18.750      1.233  51361.838    31.8200     4.3955      1.222    7.33126     4.4170    25.2183   13.11628 6.9123e-02 0.0000e+00
         77  97.275671    0.00528     0.3167     19.000      1.243  51337.095    31.8057     4.4066      1.231    7.33000     4.4252    25.2057   13.11438 6.9961e-02 0.0000e+00
         78  97.275674    0.00535     0.3208     19.250      1.256  51302.954    31.7847     4.4171      1.245    7.32917     4.4307    25.1880   13.11329 7.0523e-02 0.0000e+00
         79  97.275677    0.00542     0.3250     19.500      1.272  51271.987    31.7654     4.4253      1.260    7.32867     4.4336    25.1719   13.11271 7.1132e-02 0.0000e+00
         80  97.275680    0.00549     0.3292     19.750      1.288  51251.207    31.7524     4.4308      1.276    7.32834     4.4350    25.1610   13.11233 7.2049e-02 0.0000e+00
         81  97.275683    0.00556     0.3333     20.000      1.301  51241.613    31.7465     4.4336      1.289    7.32812     4.4367    25.1560   13.11205 7.3922e-02 0.0000e+00
         82  97.275686    0.00562     0.3375     20.250      1.310  51241.189    31.7465     4.4351      1.298    7.32787     4.4395    25.1559   13.11163 7.6560e-02 0.0000e+00
         83  97.275689    0.00569     0.3417     20.500      1.313  51247.041    31.7509     4.4368      1.301    7.32735     4.4434    25.1593   13.11072 7.9025e-02 0.0000e+00
         84  97.275692    0.00576     0.3458     20.750      1.309  51256.380    31.7580     4.4396      1.297    7.32651     4.4482    25.1646   13.10923 8.1432e-02 0.0000e+00
         85  97.275694    0.00583     0.3500     21.000      1.298  51267.823    31.7667     4.4435      1.286    7.32538     4.4534    25.1711   13.10726 8.2378e-02 0.0000e+00
         86  97.275697    0.00590     0.3542     21.250      1.280  51281.248    31.7770     4.4482      1.268    7.32404     4.4588    25.1788   13.10491 8.0978e-02 0.0000e+00
         87  97.275700    0.00597     0.3583     21.500      1.258  51295.276    31.7878     4.4535      1.247    7.32257     4.4635    25.1868   13.10236 8.0698e-02 0.0000e+00
         88  97.275703    0.00604     0.3625     21.750      1.239  51307.174    31.7972     4.4589      1.227    7.32116     4.4669    25.1937   13.09991 8.2678e-02 0.0000e+00
         89  97.275706    0.00611     0.3667     22.000      1.225  51313.685    31.8028     4.4636      1.214    7.32004     4.4683    25.1976   13.09799 8.4235e-02 0.0000e+00
         90  97.275709    0.00618     0.3708     22.250      1.221  51311.480    31.8021     4.4670      1.210    7.31948     4.4670    25.1967   13.09706 8.5745e-02 0.0000e+00
