CTD-processing/allCTD/CNV--turbid/2014_08-13_t4_s04_cast036.cnv
* Sea-Bird SBE19plus Data File:
* FileName = C:\Users\kris.holderied\Documents\kasitsna\Research-Projects-and-Data\Oceanography-AK\CTD-Data-ALL-to-2014-06\2014-CTD-KachemakBay-CookInlet\2014-08-13-CookInlet-Tran4-Barabara-extra\2014-08-13-CookInlet-Tran4-cast036.hex
* Software Version 1.59
* Temperature SN =  4141
* Conductivity SN =  4141
* System UpLoad Time = Oct 13 2014 01:03:45
** Cook Inlet LTM Transect 4 (Barabara) South to North
** Date: 08-13
** Station: 4-04
** Start time: 14:38
** Depth (m): 87.2
** Comment:  CTD time is Alaska Daylight time.  R/V Barnacle. Transducer  depth.
** Comment:
# nquan = 16
# nvalues = 578                         
# units = specified
# name 0 = scan: Scan Count
# name 1 = timeJ: Julian Days
# name 2 = timeH: Time, Elapsed [hours]
# name 3 = timeM: Time, Elapsed [minutes]
# name 4 = timeS: Time, Elapsed [seconds]
# name 5 = prdM: Pressure, Strain Gauge [db]
# name 6 = specc: Specific Conductance [uS/cm]
# name 7 = sal00: Salinity, Practical [PSU]
# name 8 = tv290C: Temperature [ITS-90, deg C]
# name 9 = depSM: Depth [salt water, m], lat = 59.00
# name 10 = oxsolML/L: Oxygen Saturation, Garcia & Gordon [ml/l]
# name 11 = potemp090C: Potential Temperature [ITS-90, deg C]
# name 12 = sigma-é00: Density [sigma-theta, kg/m^3]
# name 13 = n2satML/L: Nitrogen Saturation [ml/l]
# name 14 = par: PAR/Irradiance, Biospherical/Licor
# name 15 = flag:  0.000e+00
# span 0 =          1,        578       
# span 1 = 225.610694, 225.612364       
# span 2 =    0.00000,    0.04007       
# span 3 =     0.0000,     2.4042       
# span 4 =      0.000,    144.250       
# span 5 =     -0.218,     87.772       
# span 6 =   3052.049,  49465.787       
# span 7 =     1.5854,    31.4265       
# span 8 =     9.8665,    11.8904       
# span 9 =     -0.216,     86.932       
# span 10 =    6.23755,    7.49185      
# span 11 =     9.8569,    11.8904      
# span 12 =     0.7526,    24.1862      
# span 13 =   11.31922,   13.79680      
# span 14 = 5.1056e-02, 3.1788e+02      
# span 15 = 0.0000e+00, 0.0000e+00      
# interval = seconds: 0.25
# start_time = Aug 13 2014 14:39:24 [Instrument's time stamp, header]
# bad_flag = -9.990e-29
*END*
[from data line 181]
        182 225.611218    0.01257     0.7542     45.250      0.729  48624.379    31.0500    11.4097      0.722    6.28231    11.3988    23.6296   11.39072 2.3872e+02 0.0000e+00
        183 225.611221    0.01264     0.7583     45.500      0.725  48628.128    31.0520    11.4041      0.718    6.28299    11.3938    23.6322   11.39182 2.3986e+02 0.0000e+00
        184 225.611224    0.01271     0.7625     45.750      0.723  48629.763    31.0526    11.3989      0.717    6.28366    11.3892    23.6336   11.39294 2.4078e+02 0.0000e+00
        185 225.611227    0.01278     0.7667     46.000      0.726  48630.757    31.0528    11.3939      0.719    6.28432    11.3850    23.6346   11.39402 2.4136e+02 0.0000e+00
        186 225.611230    0.01285     0.7708     46.250      0.733  48633.207    31.0540    11.3893      0.726    6.28489    11.3816    23.6363   11.39496 2.4094e+02 0.0000e+00
        187 225.611233    0.01292     0.7750     46.500      0.742  48638.575    31.0574    11.3851      0.735    6.28531    11.3793    23.6397   11.39562 2.3985e+02 0.0000e+00
        188 225.611236    0.01299     0.7792     46.750      0.748  48647.781    31.0635    11.3817      0.742    6.28553    11.3784    23.6451   11.39590 2.4021e+02 0.0000e+00
        189 225.611238    0.01306     0.7833     47.000      0.748  48661.103    31.0727    11.3794      0.741    6.28547    11.3789    23.6526   11.39570 2.4262e+02 0.0000e+00
        190 225.611241    0.01313     0.7875     47.250      0.738  48675.984    31.0832    11.3785      0.731    6.28517    11.3807    23.6609   11.39509 2.4535e+02 0.0000e+00
        191 225.611244    0.01319     0.7917     47.500      0.721  48687.402    31.0913    11.3790      0.715    6.28478    11.3835    23.6671   11.39434 2.4582e+02 0.0000e+00
        192 225.611247    0.01326     0.7958     47.750      0.704  48690.810    31.0940    11.3808      0.698    6.28444    11.3862    23.6689   11.39374 2.4357e+02 0.0000e+00
        193 225.611250    0.01333     0.8000     48.000      0.694  48684.171    31.0896    11.3836      0.688    6.28424    11.3880    23.6650   11.39347 2.4167e+02 0.0000e+00
        194 225.611253    0.01340     0.8042     48.250      0.697  48671.306    31.0807    11.3863      0.691    6.28423    11.3887    23.6576   11.39354 2.4150e+02 0.0000e+00
        195 225.611256    0.01347     0.8083     48.500      0.709  48660.922    31.0735    11.3881      0.703    6.28427    11.3890    23.6518   11.39369 2.4088e+02 0.0000e+00
        196 225.611259    0.01354     0.8125     48.750      0.722  48660.506    31.0733    11.3888      0.716    6.28418    11.3905    23.6515   11.39356 2.4004e+02 0.0000e+00
        197 225.611262    0.01361     0.8167     49.000      0.726  48669.984    31.0801    11.3891      0.719    6.28388    11.3950    23.6566   11.39298 2.4109e+02 0.0000e+00
        198 225.611264    0.01368     0.8208     49.250      0.718  48679.949    31.0873    11.3906      0.711    6.28339    11.4026    23.6620   11.39208 2.4234e+02 0.0000e+00
        199 225.611267    0.01375     0.8250     49.500      0.704  48680.034    31.0878    11.3951      0.698    6.28276    11.4104    23.6616   11.39103 2.4157e+02 0.0000e+00
        200 225.611270    0.01382     0.8292     49.750      0.693  48668.767    31.0807    11.4027      0.687    6.28203    11.4154    23.6547   11.38991 2.3929e+02 0.0000e+00
        201 225.611273    0.01389     0.8333     50.000      0.689  48652.311    31.0699    11.4105      0.683    6.28142    11.4166    23.6449   11.38901 2.3596e+02 0.0000e+00
        202 225.611276    0.01396     0.8375     50.250      0.694  48637.325    31.0598    11.4155      0.687    6.28114    11.4148    23.6361   11.38868 2.3216e+02 0.0000e+00
        203 225.611279    0.01403     0.8417     50.500      0.704  48629.545    31.0544    11.4167      0.698    6.28120    11.4116    23.6317   11.38883 2.2897e+02 0.0000e+00
        204 225.611282    0.01410     0.8458     50.750      0.714  48632.911    31.0566    11.4149      0.708    6.28135    11.4088    23.6338   11.38907 2.2617e+02 0.0000e+00
        205 225.611285    0.01417     0.8500     51.000      0.716  48644.421    31.0644    11.4117      0.710    6.28147    11.4071    23.6404   11.38916 2.2371e+02 0.0000e+00
        206 225.611288    0.01424     0.8542     51.250      0.711  48654.881    31.0715    11.4088      0.705    6.28157    11.4065    23.6464   11.38925 2.2241e+02 0.0000e+00
        207 225.611291    0.01431     0.8583     51.500      0.706  48659.223    31.0744    11.4072      0.699    6.28167    11.4064    23.6490   11.38939 2.2214e+02 0.0000e+00
        208 225.611293    0.01438     0.8625     51.750      0.701  48660.789    31.0755    11.4066      0.694    6.28171    11.4064    23.6499   11.38944 2.2253e+02 0.0000e+00
        209 225.611296    0.01444     0.8667     52.000      0.694  48664.117    31.0778    11.4065      0.688    6.28164    11.4066    23.6518   11.38928 2.2396e+02 0.0000e+00
        210 225.611299    0.01451     0.8708     52.250      0.684  48669.660    31.0817    11.4065      0.678    6.28148    11.4070    23.6548   11.38898 2.2690e+02 0.0000e+00
        211 225.611302    0.01458     0.8750     52.500      0.671  48675.152    31.0856    11.4066      0.665    6.28130    11.4078    23.6578   11.38864 2.3038e+02 0.0000e+00
        212 225.611305    0.01465     0.8792     52.750      0.658  48678.157    31.0878    11.4070      0.652    6.28116    11.4091    23.6594   11.38838 2.3330e+02 0.0000e+00
        213 225.611308    0.01472     0.8833     53.000      0.648  48676.943    31.0871    11.4079      0.642    6.28108    11.4104    23.6587   11.38825 2.3493e+02 0.0000e+00
        214 225.611311    0.01479     0.8875     53.250      0.646  48671.299    31.0832    11.4091      0.640    6.28106    11.4112    23.6555   11.38827 2.3577e+02 0.0000e+00
        215 225.611314    0.01486     0.8917     53.500      0.652  48663.452    31.0778    11.4104      0.646    6.28111    11.4114    23.6510   11.38841 2.3832e+02 0.0000e+00
        216 225.611317    0.01493     0.8958     53.750      0.664  48657.139    31.0734    11.4112      0.658    6.28118    11.4112    23.6475   11.38857 2.4206e+02 0.0000e+00
        217 225.611319    0.01500     0.9000     54.000      0.678  48655.351    31.0721    11.4114      0.672    6.28120    11.4112    23.6465   11.38862 2.4482e+02 0.0000e+00
        218 225.611322    0.01507     0.9042     54.250      0.689  48658.503    31.0743    11.4113      0.683    6.28113    11.4114    23.6482   11.38847 2.4643e+02 0.0000e+00
        219 225.611325    0.01514     0.9083     54.500      0.696  48664.450    31.0785    11.4113      0.689    6.28097    11.4123    23.6515   11.38816 2.4753e+02 0.0000e+00
        220 225.611328    0.01521     0.9125     54.750      0.698  48670.665    31.0830    11.4115      0.691    6.28076    11.4145    23.6549   11.38776 2.4860e+02 0.0000e+00
        221 225.611331    0.01528     0.9167     55.000      0.696  48675.693    31.0866    11.4124      0.689    6.28049    11.4192    23.6576   11.38728 2.4933e+02 0.0000e+00
        222 225.611334    0.01535     0.9208     55.250      0.688  48678.544    31.0889    11.4146      0.681    6.28010    11.4273    23.6589   11.38660 2.4963e+02 0.0000e+00
        223 225.611337    0.01542     0.9250     55.500      0.674  48677.435    31.0886    11.4193      0.668    6.27949    11.4386    23.6579   11.38559 2.4909e+02 0.0000e+00
        224 225.611340    0.01549     0.9292     55.750      0.657  48669.814    31.0841    11.4273      0.651    6.27859    11.4510    23.6529   11.38415 2.4728e+02 0.0000e+00
        225 225.611343    0.01556     0.9333     56.000      0.642  48654.860    31.0747    11.4386      0.636    6.27745    11.4620    23.6436   11.38238 2.4552e+02 0.0000e+00
        226 225.611345    0.01563     0.9375     56.250      0.635  48635.083    31.0620    11.4511      0.629    6.27629    11.4699    23.6316   11.38060 2.4504e+02 0.0000e+00
        227 225.611348    0.01569     0.9417     56.500      0.639  48614.925    31.0489    11.4620      0.633    6.27534    11.4746    23.6194   11.37919 2.4544e+02 0.0000e+00
        228 225.611351    0.01576     0.9458     56.750      0.653  48598.821    31.0383    11.4699      0.647    6.27471    11.4769    23.6098   11.37826 2.4509e+02 0.0000e+00
        229 225.611354    0.01583     0.9500     57.000      0.672  48589.565    31.0322    11.4747      0.666    6.27432    11.4780    23.6043   11.37768 2.4286e+02 0.0000e+00
        230 225.611357    0.01590     0.9542     57.250      0.687  48587.286    31.0308    11.4770      0.681    6.27405    11.4786    23.6028   11.37726 2.3967e+02 0.0000e+00
        231 225.611360    0.01597     0.9583     57.500      0.694  48589.595    31.0326    11.4781      0.688    6.27385    11.4794    23.6040   11.37690 2.3733e+02 0.0000e+00
        232 225.611363    0.01604     0.9625     57.750      0.693  48593.255    31.0352    11.4786      0.687    6.27366    11.4808    23.6059   11.37656 2.3603e+02 0.0000e+00
        233 225.611366    0.01611     0.9667     58.000      0.687  48596.100    31.0374    11.4794      0.681    6.27347    11.4830    23.6074   11.37622 2.3461e+02 0.0000e+00
        234 225.611369    0.01618     0.9708     58.250      0.679  48597.142    31.0383    11.4809      0.672    6.27324    11.4857    23.6078   11.37583 2.3273e+02 0.0000e+00
        235 225.611372    0.01625     0.9750     58.500      0.671  48595.909    31.0376    11.4830      0.665    6.27298    11.4885    23.6069   11.37540 2.3138e+02 0.0000e+00
        236 225.611374    0.01632     0.9792     58.750      0.668  48592.224    31.0353    11.4857      0.662    6.27271    11.4907    23.6047   11.37498 2.3173e+02 0.0000e+00
        237 225.611377    0.01639     0.9833     59.000      0.671  48586.526    31.0315    11.4885      0.665    6.27248    11.4919    23.6013   11.37465 2.3169e+02 0.0000e+00
        238 225.611380    0.01646     0.9875     59.250      0.682  48580.461    31.0274    11.4907      0.676    6.27235    11.4921    23.5977   11.37448 2.2964e+02 0.0000e+00
        239 225.611383    0.01653     0.9917     59.500      0.698  48576.186    31.0245    11.4919      0.691    6.27231    11.4919    23.5952   11.37445 2.2828e+02 0.0000e+00
        240 225.611386    0.01660     0.9958     59.750      0.715  48574.797    31.0236    11.4922      0.708    6.27231    11.4913    23.5944   11.37446 2.2850e+02 0.0000e+00
        241 225.611389    0.01667     1.0000     60.000      0.729  48576.125    31.0245    11.4919      0.722    6.27231    11.4908    23.5952   11.37445 2.2849e+02 0.0000e+00
        242 225.611392    0.01674     1.0042     60.250      0.739  48579.070    31.0265    11.4914      0.732    6.27230    11.4904    23.5969   11.37440 2.2811e+02 0.0000e+00
        243 225.611395    0.01681     1.0083     60.500      0.746  48582.210    31.0287    11.4909      0.739    6.27229    11.4902    23.5986   11.37435 2.2804e+02 0.0000e+00
        244 225.611398    0.01688     1.0125     60.750      0.750  48584.990    31.0306    11.4904      0.743    6.27227    11.4904    23.6002   11.37429 2.2888e+02 0.0000e+00
        245 225.611400    0.01694     1.0167     61.000      0.752  48587.172    31.0322    11.4903      0.745    6.27223    11.4912    23.6014   11.37421 2.3002e+02 0.0000e+00
        246 225.611403    0.01701     1.0208     61.250      0.754  48587.846    31.0327    11.4905      0.747    6.27218    11.4924    23.6018   11.37412 2.2927e+02 0.0000e+00
        247 225.611406    0.01708     1.0250     61.500      0.759  48585.967    31.0314    11.4913      0.752    6.27212    11.4937    23.6007   11.37405 2.2627e+02 0.0000e+00
        248 225.611409    0.01715     1.0292     61.750      0.770  48581.018    31.0280    11.4925      0.763    6.27210    11.4950    23.5978   11.37405 2.2335e+02 0.0000e+00
        249 225.611412    0.01722     1.0333     62.000      0.787  48573.336    31.0227    11.4938      0.780    6.27213    11.4962    23.5935   11.37417 2.2169e+02 0.0000e+00
        250 225.611415    0.01729     1.0375     62.250      0.805  48563.536    31.0159    11.4951      0.797    6.27223    11.4975    23.5879   11.37441 2.2009e+02 0.0000e+00
        251 225.611418    0.01736     1.0417     62.500      0.818  48551.363    31.0074    11.4963      0.810    6.27240    11.4990    23.5811   11.37480 2.1809e+02 0.0000e+00
        252 225.611421    0.01743     1.0458     62.750      0.822  48538.003    30.9980    11.4976      0.814    6.27260    11.5009    23.5737   11.37524 2.1673e+02 0.0000e+00
        253 225.611424    0.01750     1.0500     63.000      0.815  48526.668    30.9901    11.4991      0.808    6.27271    11.5030    23.5673   11.37551 2.1762e+02 0.0000e+00
        254 225.611427    0.01757     1.0542     63.250      0.801  48518.129    30.9843    11.5010      0.793    6.27269    11.5044    23.5624   11.37554 2.2037e+02 0.0000e+00
        255 225.611429    0.01764     1.0583     63.500      0.785  48510.896    30.9794    11.5031      0.778    6.27260    11.5039    23.5582   11.37545 2.2262e+02 0.0000e+00
        256 225.611432    0.01771     1.0625     63.750      0.774  48503.929    30.9746    11.5045      0.767    6.27261    11.4999    23.5542   11.37552 2.2306e+02 0.0000e+00
        257 225.611435    0.01778     1.0667     64.000      0.773  48496.818    30.9695    11.5040      0.765    6.27289    11.4912    23.5503   11.37604 2.2147e+02 0.0000e+00
        258 225.611438    0.01785     1.0708     64.250      0.783  48490.305    30.9645    11.5000      0.775    6.27362    11.4781    23.5471   11.37732 2.1898e+02 0.0000e+00
        259 225.611441    0.01792     1.0750     64.500      0.801  48487.952    30.9619    11.4913      0.793    6.27488    11.4633    23.5466   11.37944 2.1853e+02 0.0000e+00
        260 225.611444    0.01799     1.0792     64.750      0.821  48493.508    30.9644    11.4782      0.813    6.27653    11.4504    23.5509   11.38215 2.2050e+02 0.0000e+00
        261 225.611447    0.01806     1.0833     65.000      0.834  48505.172    30.9711    11.4634      0.826    6.27824    11.4416    23.5588   11.38491 2.2203e+02 0.0000e+00
        262 225.611450    0.01812     1.0875     65.250      0.837  48518.394    30.9791    11.4505      0.829    6.27965    11.4378    23.5673   11.38715 2.2177e+02 0.0000e+00
        263 225.611453    0.01819     1.0917     65.500      0.831  48530.960    30.9871    11.4417      0.823    6.28051    11.4382    23.5751   11.38849 2.2071e+02 0.0000e+00
        264 225.611455    0.01826     1.0958     65.750      0.822  48539.556    30.9928    11.4379      0.814    6.28080    11.4397    23.5802   11.38890 2.2066e+02 0.0000e+00
        265 225.611458    0.01833     1.1000     66.000      0.818  48539.650    30.9929    11.4383      0.811    6.28074    11.4381    23.5802   11.38880 2.2143e+02 0.0000e+00
        266 225.611461    0.01840     1.1042     66.250      0.828  48531.564    30.9873    11.4398      0.821    6.28076    11.4307    23.5756   11.38890 2.1939e+02 0.0000e+00
        267 225.611464    0.01847     1.1083     66.500      0.855  48521.711    30.9801    11.4382      0.847    6.28127    11.4188    23.5703   11.38983 2.1291e+02 0.0000e+00
        268 225.611467    0.01854     1.1125     66.750      0.894  48518.306    30.9769    11.4308      0.886    6.28238    11.4056    23.5691   11.39171 2.0539e+02 0.0000e+00
        269 225.611470    0.01861     1.1167     67.000      0.937  48524.173    30.9798    11.4189      0.928    6.28387    11.3942    23.5735   11.39414 2.0049e+02 0.0000e+00
        270 225.611473    0.01868     1.1208     67.250      0.973  48535.436    30.9863    11.4057      0.964    6.28537    11.3857    23.5809   11.39656 1.9835e+02 0.0000e+00
        271 225.611476    0.01875     1.1250     67.500      0.998  48547.423    30.9936    11.3943      0.989    6.28662    11.3804    23.5886   11.39853 1.9709e+02 0.0000e+00
