CTD-processing/allCTD/CNV--turbid/2014_03-28_t9_s02_cast225.cnv
* Sea-Bird SBE19plus Data File:
* FileName = C:\Users\kris.holderied\Documents\kasitsna\Research-Projects-and-Data\Oceanography-AK\CTD-CookInlet-GulfWatchAK\2014-03-28-CookInlet-HomerSpit\2014-03-28-CookInlet-Homerspit-cast225.hex
* Software Version 1.59
* Temperature SN =  5028
* Conductivity SN =  5028
* System UpLoad Time = Apr 09 2014 17:21:22
** Cook Inlet LTM Transect 9 (Homer Spit) south to north
** Date: 28 March 2014
** Station: 9-02
** Start time: 14:08
** Depth (m): 81.1
** Comment:  CTD instrument time is AK Daylight
** Comment:
# nquan = 16
# nvalues = 631                         
# units = specified
# name 0 = scan: Scan Count
# name 1 = timeJ: Julian Days
# name 2 = timeH: Time, Elapsed [hours]
# name 3 = timeM: Time, Elapsed [minutes]
# name 4 = timeS: Time, Elapsed [seconds]
# name 5 = prdM: Pressure, Strain Gauge [db]
# name 6 = specc: Specific Conductance [uS/cm]
# name 7 = sal00: Salinity, Practical [PSU]
# name 8 = tv290C: Temperature [ITS-90, deg C]
# name 9 = depSM: Depth [salt water, m], lat = 59.00
# name 10 = oxsolML/L: Oxygen Saturation, Garcia & Gordon [ml/l]
# name 11 = potemp090C: Potential Temperature [ITS-90, deg C]
# name 12 = sigma-é00: Density [sigma-theta, kg/m^3]
# name 13 = n2satML/L: Nitrogen Saturation [ml/l]
# name 14 = par: PAR/Irradiance, Biospherical/Licor
# name 15 = flag:  0.000e+00
# span 0 =          1,        631       
# span 1 =  87.591030,  87.592853       
# span 2 =    0.00000,    0.04375       
# span 3 =     0.0000,     2.6250       
# span 4 =      0.000,    157.500       
# span 5 =     -0.103,     78.442       
# span 6 =    613.442,  51267.299       
# span 7 =     0.2853,    31.6344       
# span 8 =     3.6325,     4.1532       
# span 9 =     -0.102,     77.694       
# span 10 =    7.39218,    9.24016      
# span 11 =     3.6329,     4.1532      
# span 12 =     0.2046,    25.1059      
# span 13 =   13.22148,   16.76059      
# span 14 = 3.7912e-02, 1.0968e+03      
# span 15 = 0.0000e+00, 0.0000e+00      
# interval = seconds: 0.25
# start_time = Mar 28 2014 14:11:05 [Instrument's time stamp, header]
# bad_flag = -9.990e-29
*END*
[from data line 181]
        182  87.591554    0.01257     0.7542     45.250      0.935  50838.389    31.3940     4.1012      0.926    7.40505     4.1033    24.9090   13.24364 6.9869e+02 0.0000e+00
        183  87.591557    0.01264     0.7583     45.500      0.935  50829.243    31.3880     4.1024      0.926    7.40513     4.1043    24.9042   13.24384 7.1088e+02 0.0000e+00
        184  87.591560    0.01271     0.7625     45.750      0.932  50822.643    31.3838     4.1034      0.923    7.40517     4.1054    24.9007   13.24396 7.0003e+02 0.0000e+00
        185  87.591562    0.01278     0.7667     46.000      0.928  50820.768    31.3827     4.1044      0.920    7.40505     4.1067    24.8998   13.24378 6.8974e+02 0.0000e+00
        186  87.591565    0.01285     0.7708     46.250      0.925  50823.346    31.3848     4.1055      0.917    7.40475     4.1082    24.9013   13.24325 6.8341e+02 0.0000e+00
        187  87.591568    0.01292     0.7750     46.500      0.924  50828.339    31.3885     4.1068      0.916    7.40432     4.1100    24.9041   13.24251 6.7407e+02 0.0000e+00
        188  87.591571    0.01299     0.7792     46.750      0.926  50833.444    31.3923     4.1083      0.917    7.40386     4.1121    24.9070   13.24169 6.7016e+02 0.0000e+00
        189  87.591574    0.01306     0.7833     47.000      0.928  50837.956    31.3958     4.1101      0.920    7.40336     4.1142    24.9096   13.24082 6.7820e+02 0.0000e+00
        190  87.591577    0.01313     0.7875     47.250      0.932  50842.289    31.3992     4.1121      0.923    7.40283     4.1162    24.9121   13.23990 7.0083e+02 0.0000e+00
        191  87.591580    0.01319     0.7917     47.500      0.937  50845.855    31.4022     4.1142      0.928    7.40230     4.1177    24.9142   13.23898 7.1718e+02 0.0000e+00
        192  87.591583    0.01326     0.7958     47.750      0.943  50846.187    31.4029     4.1162      0.934    7.40191     4.1185    24.9146   13.23833 6.9979e+02 0.0000e+00
        193  87.591586    0.01333     0.8000     48.000      0.949  50840.414    31.3993     4.1177      0.940    7.40181     4.1185    24.9116   13.23822 6.7230e+02 0.0000e+00
        194  87.591589    0.01340     0.8042     48.250      0.952  50828.187    31.3911     4.1185      0.943    7.40207     4.1177    24.9050   13.23875 6.6198e+02 0.0000e+00
        195  87.591591    0.01347     0.8083     48.500      0.953  50813.329    31.3810     4.1185      0.944    7.40258     4.1162    24.8970   13.23972 6.6366e+02 0.0000e+00
        196  87.591594    0.01354     0.8125     48.750      0.949  50801.009    31.3724     4.1178      0.940    7.40314     4.1138    24.8902   13.24076 6.7296e+02 0.0000e+00
        197  87.591597    0.01361     0.8167     49.000      0.943  50794.900    31.3679     4.1162      0.934    7.40364     4.1112    24.8868   13.24165 7.0399e+02 0.0000e+00
        198  87.591600    0.01368     0.8208     49.250      0.936  50797.758    31.3693     4.1139      0.927    7.40400     4.1092    24.8881   13.24221 7.5648e+02 0.0000e+00
        199  87.591603    0.01375     0.8250     49.500      0.931  50810.188    31.3771     4.1113      0.922    7.40407     4.1082    24.8946   13.24224 7.8619e+02 0.0000e+00
        200  87.591606    0.01382     0.8292     49.750      0.931  50828.753    31.3893     4.1093      0.922    7.40383     4.1082    24.9045   13.24168 7.7016e+02 0.0000e+00
        201  87.591609    0.01389     0.8333     50.000      0.937  50846.744    31.4014     4.1083      0.928    7.40341     4.1088    24.9142   13.24082 7.4183e+02 0.0000e+00
        202  87.591612    0.01396     0.8375     50.250      0.946  50857.434    31.4087     4.1083      0.937    7.40304     4.1094    24.9200   13.24013 7.2425e+02 0.0000e+00
        203  87.591615    0.01403     0.8417     50.500      0.955  50857.690    31.4090     4.1089      0.946    7.40292     4.1096    24.9201   13.23993 7.0348e+02 0.0000e+00
        204  87.591617    0.01410     0.8458     50.750      0.961  50848.961    31.4032     4.1095      0.952    7.40311     4.1091    24.9155   13.24030 6.8010e+02 0.0000e+00
        205  87.591620    0.01417     0.8500     51.000      0.961  50836.638    31.3948     4.1096      0.951    7.40350     4.1079    24.9088   13.24106 6.6991e+02 0.0000e+00
        206  87.591623    0.01424     0.8542     51.250      0.955  50827.336    31.3883     4.1092      0.946    7.40390     4.1061    24.9038   13.24180 6.6161e+02 0.0000e+00
        207  87.591626    0.01431     0.8583     51.500      0.947  50826.059    31.3872     4.1080      0.938    7.40416     4.1043    24.9030   13.24226 6.5584e+02 0.0000e+00
        208  87.591629    0.01438     0.8625     51.750      0.941  50834.929    31.3928     4.1062      0.932    7.40421     4.1034    24.9076   13.24227 6.6507e+02 0.0000e+00
        209  87.591632    0.01444     0.8667     52.000      0.941  50851.120    31.4034     4.1044      0.932    7.40401     4.1035    24.9162   13.24179 6.8277e+02 0.0000e+00
        210  87.591635    0.01451     0.8708     52.250      0.948  50867.164    31.4142     4.1034      0.939    7.40364     4.1044    24.9248   13.24104 6.9018e+02 0.0000e+00
        211  87.591638    0.01458     0.8750     52.500      0.959  50875.188    31.4197     4.1036      0.950    7.40334     4.1052    24.9291   13.24047 6.7480e+02 0.0000e+00
        212  87.591641    0.01465     0.8792     52.750      0.969  50870.888    31.4169     4.1045      0.960    7.40331     4.1048    24.9269   13.24046 6.6437e+02 0.0000e+00
        213  87.591644    0.01472     0.8833     53.000      0.973  50856.325    31.4072     4.1053      0.964    7.40367     4.1024    24.9191   13.24117 6.7869e+02 0.0000e+00
        214  87.591646    0.01479     0.8875     53.250      0.970  50839.750    31.3958     4.1048      0.961    7.40431     4.0978    24.9101   13.24238 6.9695e+02 0.0000e+00
        215  87.591649    0.01486     0.8917     53.500      0.960  50830.951    31.3892     4.1024      0.951    7.40507     4.0918    24.9051   13.24372 6.9971e+02 0.0000e+00
        216  87.591652    0.01493     0.8958     53.750      0.948  50836.439    31.3919     4.0978      0.939    7.40578     4.0866    24.9077   13.24485 6.8749e+02 0.0000e+00
        217  87.591655    0.01500     0.9000     54.000      0.938  50855.148    31.4033     4.0918      0.929    7.40628     4.0837    24.9173   13.24554 6.8044e+02 0.0000e+00
        218  87.591658    0.01507     0.9042     54.250      0.935  50878.672    31.4181     4.0866      0.926    7.40648     4.0835    24.9295   13.24568 6.8569e+02 0.0000e+00
        219  87.591661    0.01514     0.9083     54.500      0.938  50897.952    31.4305     4.0837      0.929    7.40638     4.0853    24.9397   13.24534 6.8897e+02 0.0000e+00
        220  87.591664    0.01521     0.9125     54.750      0.944  50907.838    31.4372     4.0835      0.935    7.40608     4.0880    24.9450   13.24477 6.9121e+02 0.0000e+00
        221  87.591667    0.01528     0.9167     55.000      0.952  50907.083    31.4371     4.0853      0.943    7.40576     4.0905    24.9448   13.24424 6.9610e+02 0.0000e+00
        222  87.591670    0.01535     0.9208     55.250      0.957  50896.936    31.4308     4.0881      0.948    7.40558     4.0922    24.9395   13.24403 7.0618e+02 0.0000e+00
        223  87.591672    0.01542     0.9250     55.500      0.955  50881.739    31.4211     4.0906      0.947    7.40562     4.0927    24.9315   13.24421 7.3838e+02 0.0000e+00
        224  87.591675    0.01549     0.9292     55.750      0.948  50868.702    31.4126     4.0922      0.939    7.40575     4.0923    24.9246   13.24454 7.8226e+02 0.0000e+00
        225  87.591678    0.01556     0.9333     56.000      0.938  50864.556    31.4099     4.0928      0.929    7.40578     4.0916    24.9225   13.24463 7.9051e+02 0.0000e+00
        226  87.591681    0.01563     0.9375     56.250      0.931  50871.758    31.4147     4.0924      0.922    7.40561     4.0912    24.9263   13.24429 7.6156e+02 0.0000e+00
        227  87.591684    0.01569     0.9417     56.500      0.930  50885.285    31.4237     4.0916      0.922    7.40529     4.0916    24.9336   13.24365 7.3872e+02 0.0000e+00
        228  87.591687    0.01576     0.9458     56.750      0.937  50895.853    31.4309     4.0913      0.928    7.40500     4.0921    24.9393   13.24307 7.1925e+02 0.0000e+00
        229  87.591690    0.01583     0.9500     57.000      0.946  50896.974    31.4317     4.0916      0.937    7.40490     4.0920    24.9399   13.24289 6.8838e+02 0.0000e+00
        230  87.591693    0.01590     0.9542     57.250      0.952  50887.662    31.4255     4.0921      0.943    7.40512     4.0907    24.9349   13.24333 6.7217e+02 0.0000e+00
        231  87.591696    0.01597     0.9583     57.500      0.952  50872.679    31.4153     4.0920      0.943    7.40564     4.0876    24.9268   13.24433 6.7927e+02 0.0000e+00
        232  87.591698    0.01604     0.9625     57.750      0.944  50860.357    31.4066     4.0907      0.935    7.40632     4.0829    24.9200   13.24556 6.8766e+02 0.0000e+00
        233  87.591701    0.01611     0.9667     58.000      0.933  50857.927    31.4042     4.0877      0.924    7.40699     4.0779    24.9184   13.24670 6.7213e+02 0.0000e+00
        234  87.591704    0.01618     0.9708     58.250      0.922  50868.207    31.4101     4.0829      0.914    7.40755     4.0742    24.9235   13.24754 6.3860e+02 0.0000e+00
        235  87.591707    0.01625     0.9750     58.500      0.916  50887.555    31.4221     4.0779      0.908    7.40786     4.0728    24.9335   13.24789 6.1765e+02 0.0000e+00
        236  87.591710    0.01632     0.9792     58.750      0.916  50908.066    31.4352     4.0742      0.908    7.40786     4.0733    24.9443   13.24773 6.1032e+02 0.0000e+00
        237  87.591713    0.01639     0.9833     59.000      0.922  50923.312    31.4453     4.0728      0.913    7.40761     4.0752    24.9525   13.24719 6.0748e+02 0.0000e+00
        238  87.591716    0.01646     0.9875     59.250      0.930  50930.938    31.4506     4.0734      0.922    7.40724     4.0775    24.9567   13.24651 6.1517e+02 0.0000e+00
        239  87.591719    0.01653     0.9917     59.500      0.939  50932.117    31.4518     4.0753      0.931    7.40685     4.0798    24.9575   13.24585 6.2213e+02 0.0000e+00
        240  87.591722    0.01660     0.9958     59.750      0.945  50929.200    31.4504     4.0776      0.937    7.40651     4.0817    24.9561   13.24530 6.0564e+02 0.0000e+00
        241  87.591725    0.01667     1.0000     60.000      0.949  50923.824    31.4472     4.0798      0.941    7.40625     4.0832    24.9534   13.24491 5.8437e+02 0.0000e+00
        242  87.591727    0.01674     1.0042     60.250      0.951  50917.135    31.4431     4.0818      0.942    7.40610     4.0842    24.9499   13.24472 5.8806e+02 0.0000e+00
        243  87.591730    0.01681     1.0083     60.500      0.951  50910.511    31.4390     4.0833      0.942    7.40604     4.0848    24.9465   13.24468 6.0949e+02 0.0000e+00
        244  87.591733    0.01688     1.0125     60.750      0.952  50905.555    31.4358     4.0843      0.943    7.40602     4.0854    24.9439   13.24469 6.3778e+02 0.0000e+00
        245  87.591736    0.01694     1.0167     61.000      0.954  50903.144    31.4343     4.0849      0.945    7.40598     4.0860    24.9426   13.24464 6.7822e+02 0.0000e+00
        246  87.591739    0.01701     1.0208     61.250      0.958  50902.489    31.4340     4.0855      0.949    7.40590     4.0867    24.9423   13.24451 7.1018e+02 0.0000e+00
        247  87.591742    0.01708     1.0250     61.500      0.962  50901.375    31.4334     4.0861      0.953    7.40581     4.0873    24.9418   13.24438 6.9827e+02 0.0000e+00
        248  87.591745    0.01715     1.0292     61.750      0.966  50897.664    31.4310     4.0868      0.957    7.40581     4.0879    24.9398   13.24440 6.5428e+02 0.0000e+00
        249  87.591748    0.01722     1.0333     62.000      0.968  50891.015    31.4266     4.0874      0.959    7.40591     4.0882    24.9363   13.24462 6.1337e+02 0.0000e+00
        250  87.591751    0.01729     1.0375     62.250      0.970  50883.239    31.4215     4.0879      0.961    7.40608     4.0884    24.9321   13.24497 5.8874e+02 0.0000e+00
        251  87.591753    0.01736     1.0417     62.500      0.970  50876.626    31.4170     4.0883      0.961    7.40624     4.0885    24.9286   13.24530 5.7944e+02 0.0000e+00
        252  87.591756    0.01743     1.0458     62.750      0.971  50872.297    31.4141     4.0885      0.962    7.40635     4.0886    24.9263   13.24552 5.8275e+02 0.0000e+00
        253  87.591759    0.01750     1.0500     63.000      0.972  50870.405    31.4129     4.0886      0.963    7.40639     4.0887    24.9252   13.24560 5.9179e+02 0.0000e+00
        254  87.591762    0.01757     1.0542     63.250      0.973  50870.996    31.4133     4.0887      0.964    7.40635     4.0888    24.9256   13.24553 6.0625e+02 0.0000e+00
        255  87.591765    0.01764     1.0583     63.500      0.975  50874.417    31.4156     4.0887      0.966    7.40622     4.0890    24.9274   13.24528 6.3220e+02 0.0000e+00
        256  87.591768    0.01771     1.0625     63.750      0.979  50880.594    31.4199     4.0888      0.970    7.40599     4.0892    24.9308   13.24485 6.5697e+02 0.0000e+00
        257  87.591771    0.01778     1.0667     64.000      0.984  50887.613    31.4247     4.0890      0.975    7.40572     4.0894    24.9346   13.24434 6.6190e+02 0.0000e+00
        258  87.591774    0.01785     1.0708     64.250      0.991  50892.462    31.4281     4.0892      0.981    7.40551     4.0895    24.9372   13.24395 6.5557e+02 0.0000e+00
        259  87.591777    0.01792     1.0750     64.500      0.996  50893.317    31.4287     4.0894      0.987    7.40544     4.0894    24.9377   13.24383 6.5554e+02 0.0000e+00
        260  87.591780    0.01799     1.0792     64.750      0.999  50889.753    31.4263     4.0895      0.990    7.40554     4.0890    24.9358   13.24402 6.5091e+02 0.0000e+00
        261  87.591782    0.01806     1.0833     65.000      0.999  50882.572    31.4214     4.0894      0.990    7.40581     4.0883    24.9319   13.24453 6.3656e+02 0.0000e+00
        262  87.591785    0.01812     1.0875     65.250      0.995  50874.195    31.4156     4.0890      0.986    7.40617     4.0873    24.9273   13.24520 6.2335e+02 0.0000e+00
        263  87.591788    0.01819     1.0917     65.500      0.988  50867.490    31.4108     4.0883      0.979    7.40653     4.0858    24.9236   13.24586 6.0717e+02 0.0000e+00
        264  87.591791    0.01826     1.0958     65.750      0.981  50864.922    31.4088     4.0873      0.972    7.40681     4.0843    24.9221   13.24635 5.8923e+02 0.0000e+00
        265  87.591794    0.01833     1.1000     66.000      0.977  50868.201    31.4107     4.0859      0.968    7.40698     4.0831    24.9238   13.24660 5.7664e+02 0.0000e+00
        266  87.591797    0.01840     1.1042     66.250      0.977  50876.385    31.4159     4.0843      0.968    7.40700     4.0825    24.9281   13.24657 5.7313e+02 0.0000e+00
        267  87.591800    0.01847     1.1083     66.500      0.981  50885.519    31.4219     4.0831      0.972    7.40692     4.0822    24.9329   13.24635 5.8592e+02 0.0000e+00
        268  87.591803    0.01854     1.1125     66.750      0.987  50891.241    31.4256     4.0825      0.978    7.40684     4.0821    24.9359   13.24618 6.1618e+02 0.0000e+00
        269  87.591806    0.01861     1.1167     67.000      0.992  50891.287    31.4256     4.0823      0.983    7.40688     4.0819    24.9359   13.24625 6.5976e+02 0.0000e+00
        270  87.591808    0.01868     1.1208     67.250      0.993  50887.190    31.4228     4.0822      0.984    7.40705     4.0815    24.9337   13.24656 6.9025e+02 0.0000e+00
        271  87.591811    0.01875     1.1250     67.500      0.990  50883.401    31.4201     4.0819      0.981    7.40722     4.0810    24.9316   13.24688 6.8918e+02 0.0000e+00
