CTD-processing/allCTD/CNV--turbid/2014_04-07_t7_s11_cast276.cnv
* Sea-Bird SBE19plus Data File:
* FileName = C:\Users\kris.holderied\Documents\kasitsna\Research-Projects-and-Data\Oceanography-AK\CTD-CookInlet-GulfWatchAK\2014-04-EVOSTC-CookInlet-Ocean\2014-04-07-CookInlet-Tran7-Augustine\2014-04-07-CookInlet-Tran7-cast276.hex
* Software Version 1.59
* Temperature SN =  5028
* Conductivity SN =  5028
* System UpLoad Time = Apr 09 2014 12:01:07
** Cook Inlet LTM Transect 7 (Augustine) west to east
** Date: 7 Apr 2014
** Station: 7-11
** Start time: 06:19
** Depth (m): 69
** Comment:  CTD instrument time is AK Daylight time
** Comment:
# nquan = 16
# nvalues = 607                         
# units = specified
# name 0 = scan: Scan Count
# name 1 = timeJ: Julian Days
# name 2 = timeH: Time, Elapsed [hours]
# name 3 = timeM: Time, Elapsed [minutes]
# name 4 = timeS: Time, Elapsed [seconds]
# name 5 = prdM: Pressure, Strain Gauge [db]
# name 6 = specc: Specific Conductance [uS/cm]
# name 7 = sal00: Salinity, Practical [PSU]
# name 8 = tv290C: Temperature [ITS-90, deg C]
# name 9 = depSM: Depth [salt water, m], lat = 59.00
# name 10 = oxsolML/L: Oxygen Saturation, Garcia & Gordon [ml/l]
# name 11 = potemp090C: Potential Temperature [ITS-90, deg C]
# name 12 = sigma-é00: Density [sigma-theta, kg/m^3]
# name 13 = n2satML/L: Nitrogen Saturation [ml/l]
# name 14 = par: PAR/Irradiance, Biospherical/Licor
# name 15 = flag:  0.000e+00
# span 0 =          1,        607       
# span 1 =  97.263160,  97.264913       
# span 2 =    0.00000,    0.04208       
# span 3 =     0.0000,     2.5250       
# span 4 =      0.000,    151.500       
# span 5 =     -0.226,     69.336       
# span 6 =   1725.784,  51677.779       
# span 7 =     0.8519,    32.0744       
# span 8 =     3.5499,     4.7091       
# span 9 =     -0.224,     68.676       
# span 10 =    7.26360,    9.22895      
# span 11 =     3.5499,     4.7043      
# span 12 =     0.6596,    25.3882      
# span 13 =   13.00129,   16.73258      
# span 14 = 3.7912e-02, 1.1137e+00      
# span 15 = 0.0000e+00, 0.0000e+00      
# interval = seconds: 0.25
# start_time = Apr 07 2014 06:18:57 [Instrument's time stamp, header]
# bad_flag = -9.990e-29
*END*
[from data line 543]
        544  97.264731    0.03771     2.2625    135.750     55.183  51650.938    32.0611     4.7007     54.660    7.26571     4.6981    25.3784   13.00495 3.7912e-02 0.0000e+00
        545  97.264734    0.03778     2.2667    136.000     55.413  51650.929    32.0611     4.7013     54.888    7.26559     4.6986    25.3784   13.00476 3.7912e-02 0.0000e+00
        546  97.264737    0.03785     2.2708    136.250     55.650  51650.954    32.0612     4.7019     55.123    7.26548     4.6990    25.3783   13.00458 3.7912e-02 0.0000e+00
        547  97.264740    0.03792     2.2750    136.500     55.895  51651.110    32.0613     4.7025     55.365    7.26539     4.6995    25.3783   13.00442 3.7912e-02 0.0000e+00
        548  97.264742    0.03799     2.2792    136.750     56.148  51651.531    32.0615     4.7029     55.616    7.26529     4.6999    25.3785   13.00426 3.7912e-02 0.0000e+00
        549  97.264745    0.03806     2.2833    137.000     56.408  51652.208    32.0620     4.7034     55.873    7.26519     4.7004    25.3788   13.00409 3.7912e-02 0.0000e+00
        550  97.264748    0.03812     2.2875    137.250     56.673  51652.947    32.0625     4.7039     56.136    7.26509     4.7008    25.3791   13.00391 3.7912e-02 0.0000e+00
        551  97.264751    0.03819     2.2917    137.500     56.939  51653.575    32.0629     4.7043     56.399    7.26499     4.7011    25.3794   13.00374 3.7912e-02 0.0000e+00
        552  97.264754    0.03826     2.2958    137.750     57.204  51654.044    32.0632     4.7048     56.661    7.26490     4.7014    25.3796   13.00358 3.7912e-02 0.0000e+00
        553  97.264757    0.03833     2.3000    138.000     57.464  51654.469    32.0634     4.7052     56.919    7.26482     4.7016    25.3797   13.00345 3.7912e-02 0.0000e+00
        554  97.264760    0.03840     2.3042    138.250     57.715  51655.017    32.0637     4.7054     57.168    7.26475     4.7017    25.3800   13.00334 3.7912e-02 0.0000e+00
        555  97.264763    0.03847     2.3083    138.500     57.956  51655.716    32.0641     4.7056     57.407    7.26470     4.7017    25.3803   13.00325 3.7912e-02 0.0000e+00
        556  97.264766    0.03854     2.3125    138.750     58.185  51656.441    32.0645     4.7057     57.633    7.26466     4.7018    25.3806   13.00317 3.7912e-02 0.0000e+00
        557  97.264769    0.03861     2.3167    139.000     58.403  51657.043    32.0648     4.7058     57.849    7.26463     4.7018    25.3809   13.00312 3.7912e-02 0.0000e+00
        558  97.264771    0.03868     2.3208    139.250     58.611  51657.507    32.0651     4.7059     58.055    7.26460     4.7018    25.3811   13.00308 3.7912e-02 0.0000e+00
        559  97.264774    0.03875     2.3250    139.500     58.813  51657.946    32.0653     4.7059     58.254    7.26459     4.7018    25.3812   13.00305 3.7912e-02 0.0000e+00
        560  97.264777    0.03882     2.3292    139.750     59.012  51658.361    32.0655     4.7059     58.452    7.26458     4.7018    25.3814   13.00303 3.7912e-02 0.0000e+00
        561  97.264780    0.03889     2.3333    140.000     59.214  51658.711    32.0656     4.7059     58.652    7.26457     4.7018    25.3815   13.00302 3.7912e-02 0.0000e+00
        562  97.264783    0.03896     2.3375    140.250     59.420  51659.073    32.0658     4.7059     58.856    7.26456     4.7018    25.3816   13.00300 3.7912e-02 0.0000e+00
        563  97.264786    0.03903     2.3417    140.500     59.634  51659.462    32.0659     4.7059     59.068    7.26455     4.7018    25.3817   13.00298 3.7912e-02 0.0000e+00
        564  97.264789    0.03910     2.3458    140.750     59.856  51659.855    32.0661     4.7060     59.287    7.26454     4.7018    25.3819   13.00296 3.7912e-02 0.0000e+00
        565  97.264792    0.03917     2.3500    141.000     60.085  51660.321    32.0663     4.7060     59.515    7.26453     4.7019    25.3820   13.00294 3.7912e-02 0.0000e+00
        566  97.264795    0.03924     2.3542    141.250     60.320  51660.888    32.0666     4.7060     59.748    7.26451     4.7020    25.3823   13.00290 3.7912e-02 0.0000e+00
        567  97.264797    0.03931     2.3583    141.500     60.559  51661.489    32.0669     4.7061     59.984    7.26448     4.7020    25.3825   13.00284 3.7912e-02 0.0000e+00
        568  97.264800    0.03938     2.3625    141.750     60.799  51662.066    32.0672     4.7062     60.222    7.26445     4.7021    25.3827   13.00279 3.7912e-02 0.0000e+00
        569  97.264803    0.03944     2.3667    142.000     61.038  51662.578    32.0674     4.7063     60.458    7.26442     4.7021    25.3829   13.00274 3.7912e-02 0.0000e+00
        570  97.264806    0.03951     2.3708    142.250     61.274  51662.970    32.0676     4.7064     60.692    7.26440     4.7022    25.3831   13.00271 3.7912e-02 0.0000e+00
        571  97.264809    0.03958     2.3750    142.500     61.506  51663.277    32.0677     4.7064     60.922    7.26438     4.7022    25.3831   13.00268 3.7912e-02 0.0000e+00
        572  97.264812    0.03965     2.3792    142.750     61.735  51663.604    32.0678     4.7065     61.148    7.26437     4.7023    25.3832   13.00265 3.7912e-02 0.0000e+00
        573  97.264815    0.03972     2.3833    143.000     61.961  51663.974    32.0680     4.7065     61.372    7.26435     4.7023    25.3833   13.00262 3.7912e-02 0.0000e+00
        574  97.264818    0.03979     2.3875    143.250     62.187  51664.354    32.0681     4.7066     61.596    7.26433     4.7024    25.3834   13.00259 3.7912e-02 0.0000e+00
        575  97.264821    0.03986     2.3917    143.500     62.415  51664.730    32.0683     4.7067     61.822    7.26431     4.7024    25.3836   13.00255 3.7912e-02 0.0000e+00
        576  97.264823    0.03993     2.3958    143.750     62.646  51665.123    32.0685     4.7068     62.051    7.26429     4.7025    25.3837   13.00251 3.7912e-02 0.0000e+00
        577  97.264826    0.04000     2.4000    144.000     62.880  51665.563    32.0687     4.7068     62.282    7.26426     4.7026    25.3838   13.00247 3.7912e-02 0.0000e+00
        578  97.264829    0.04007     2.4042    144.250     63.116  51666.015    32.0689     4.7069     62.516    7.26424     4.7026    25.3840   13.00243 3.7912e-02 0.0000e+00
        579  97.264832    0.04014     2.4083    144.500     63.355  51666.465    32.0691     4.7070     62.753    7.26422     4.7027    25.3842   13.00239 3.7912e-02 0.0000e+00
        580  97.264835    0.04021     2.4125    144.750     63.596  51667.010    32.0694     4.7071     62.992    7.26419     4.7028    25.3844   13.00234 3.7912e-02 0.0000e+00
        581  97.264838    0.04028     2.4167    145.000     63.838  51667.721    32.0698     4.7072     63.231    7.26415     4.7029    25.3847   13.00227 3.7912e-02 0.0000e+00
        582  97.264841    0.04035     2.4208    145.250     64.080  51668.569    32.0702     4.7073     63.471    7.26410     4.7030    25.3850   13.00219 3.7912e-02 0.0000e+00
        583  97.264844    0.04042     2.4250    145.500     64.322  51669.469    32.0708     4.7074     63.710    7.26406     4.7032    25.3854   13.00210 3.7912e-02 0.0000e+00
        584  97.264847    0.04049     2.4292    145.750     64.562  51670.399    32.0713     4.7076     63.948    7.26401     4.7033    25.3859   13.00201 3.7912e-02 0.0000e+00
        585  97.264850    0.04056     2.4333    146.000     64.800  51671.352    32.0719     4.7077     64.184    7.26395     4.7035    25.3863   13.00192 3.7912e-02 0.0000e+00
        586  97.264852    0.04063     2.4375    146.250     65.037  51672.237    32.0724     4.7079     64.418    7.26390     4.7036    25.3867   13.00182 3.7912e-02 0.0000e+00
        587  97.264855    0.04069     2.4417    146.500     65.272  51672.955    32.0728     4.7081     64.651    7.26385     4.7037    25.3870   13.00173 3.7912e-02 0.0000e+00
        588  97.264858    0.04076     2.4458    146.750     65.507  51673.545    32.0732     4.7082     64.884    7.26380     4.7039    25.3873   13.00165 3.7912e-02 0.0000e+00
        589  97.264861    0.04083     2.4500    147.000     65.743  51674.129    32.0735     4.7084     65.118    7.26376     4.7040    25.3875   13.00158 3.7912e-02 0.0000e+00
        590  97.264864    0.04090     2.4542    147.250     65.980  51674.698    32.0738     4.7085     65.352    7.26372     4.7041    25.3877   13.00151 3.7912e-02 0.0000e+00
        591  97.264867    0.04097     2.4583    147.500     66.217  51675.142    32.0740     4.7087     65.587    7.26369     4.7042    25.3879   13.00145 3.7912e-02 0.0000e+00
        592  97.264870    0.04104     2.4625    147.750     66.454  51675.435    32.0741     4.7088     65.822    7.26366     4.7042    25.3880   13.00141 3.7912e-02 0.0000e+00
        593  97.264873    0.04111     2.4667    148.000     66.687  51675.644    32.0742     4.7089     66.053    7.26364     4.7043    25.3880   13.00138 3.7912e-02 0.0000e+00
        594  97.264876    0.04118     2.4708    148.250     66.916  51675.822    32.0742     4.7089     66.280    7.26363     4.7043    25.3880   13.00136 3.7912e-02 0.0000e+00
        595  97.264878    0.04125     2.4750    148.500     67.140  51675.979    32.0742     4.7090     66.502    7.26362     4.7043    25.3880   13.00134 3.7912e-02 0.0000e+00
        596  97.264881    0.04132     2.4792    148.750     67.359  51676.133    32.0742     4.7090     66.719    7.26362     4.7043    25.3880   13.00134 3.7912e-02 0.0000e+00
        597  97.264884    0.04139     2.4833    149.000     67.575  51676.292    32.0742     4.7090     66.933    7.26362     4.7043    25.3880   13.00133 3.7912e-02 0.0000e+00
        598  97.264887    0.04146     2.4875    149.250     67.790  51676.421    32.0742     4.7090     67.145    7.26362     4.7043    25.3880   13.00133 3.7912e-02 0.0000e+00
        599  97.264890    0.04153     2.4917    149.500     68.006  51676.542    32.0742     4.7090     67.359    7.26362     4.7043    25.3880   13.00133 3.7912e-02 0.0000e+00
        600  97.264893    0.04160     2.4958    149.750     68.224  51676.721    32.0742     4.7091     67.575    7.26361     4.7043    25.3880   13.00132 3.7912e-02 0.0000e+00
        601  97.264896    0.04167     2.5000    150.000     68.444  51676.962    32.0742     4.7091     67.792    7.26361     4.7043    25.3881   13.00131 3.7912e-02 0.0000e+00
        602  97.264899    0.04174     2.5042    150.250     68.660  51677.216    32.0743     4.7091     68.007    7.26361     4.7042    25.3881   13.00131 3.7912e-02 0.0000e+00
        603  97.264902    0.04181     2.5083    150.500     68.866  51677.439    32.0743     4.7091     68.211    7.26360     4.7042    25.3881   13.00130 3.7912e-02 0.0000e+00
        604  97.264905    0.04188     2.5125    150.750     69.051  51677.615    32.0744     4.7091     68.393    7.26360     4.7042    25.3882   13.00130 3.7912e-02 0.0000e+00
        605  97.264907    0.04194     2.5167    151.000     69.201  51677.727    32.0744     4.7091     68.542    7.26360     4.7042    25.3882   13.00130 3.7912e-02 0.0000e+00
        606  97.264910    0.04201     2.5208    151.250     69.301  51677.771    32.0743     4.7091     68.641    7.26360 -9.990e-29    25.3882   13.00129 3.7912e-02 0.0000e+00
        607  97.264913    0.04208     2.5250    151.500     69.336  51677.779    32.0743     4.7091     68.676    7.26360 -9.990e-29    25.3882   13.00129 3.7912e-02 0.0000e+00
