CTD-processing/allCTD/CNV--turbid/2014_07-24_t7_s12_cast011.cnv
* Sea-Bird SBE19plus Data File:
* FileName = C:\Users\kris.holderied\Documents\kasitsna\Research-Projects-and-Data\Oceanography-AK\CTD-Data-ALL-to-2014-06\2014-CTD-KachemakBay-CookInlet\2014-07-EVOSTC-CookInlet-quarterly\2014-07-24-CookInlet-Tran7-Augustine\2014-07-24-CookInlet-Tran7-cast011.hex
* Software Version 1.59
* Temperature SN =  4141
* Conductivity SN =  4141
* System UpLoad Time = Jul 24 2014 17:24:27
** Cook Inlet LTM Transect 7 (Augustine) West to East
** Date: 07-24
** Station: 7-12
** Start time: 12:27
** Depth (m): 72.8
** Comment:  CTD time is Alaska Daylight time.  Transducer  depth (transducer is 9 ft).
** Comment:
# nquan = 16
# nvalues = 658                         
# units = specified
# name 0 = scan: Scan Count
# name 1 = timeJ: Julian Days
# name 2 = timeH: Time, Elapsed [hours]
# name 3 = timeM: Time, Elapsed [minutes]
# name 4 = timeS: Time, Elapsed [seconds]
# name 5 = prdM: Pressure, Strain Gauge [db]
# name 6 = specc: Specific Conductance [uS/cm]
# name 7 = sal00: Salinity, Practical [PSU]
# name 8 = tv290C: Temperature [ITS-90, deg C]
# name 9 = depSM: Depth [salt water, m], lat = 59.00
# name 10 = oxsolML/L: Oxygen Saturation, Garcia & Gordon [ml/l]
# name 11 = potemp090C: Potential Temperature [ITS-90, deg C]
# name 12 = sigma-é00: Density [sigma-theta, kg/m^3]
# name 13 = n2satML/L: Nitrogen Saturation [ml/l]
# name 14 = par: PAR/Irradiance, Biospherical/Licor
# name 15 = flag:  0.000e+00
# span 0 =          1,        658       
# span 1 = 205.519375, 205.521276       
# span 2 =    0.00000,    0.04562       
# span 3 =     0.0000,     2.7375       
# span 4 =      0.000,    164.250       
# span 5 =     -0.118,     72.781       
# span 6 =    443.598,  50050.838       
# span 7 =     0.2115,    31.7411       
# span 8 =     9.1020,    12.2671       
# span 9 =     -0.117,     72.088       
# span 10 =    6.23762,    7.48611      
# span 11 =     9.0945,    12.2671      
# span 12 =    -0.3661,    24.5526      
# span 13 =   11.31574,   13.80635      
# span 14 = 6.9456e-02, 7.3047e+02      
# span 15 = 0.0000e+00, 0.0000e+00      
# interval = seconds: 0.25
# start_time = Jul 24 2014 12:27:54 [Instrument's time stamp, header]
# bad_flag = -9.990e-29
*END*
[from data line 362]
        363 205.520422    0.02514     1.5083     90.500      2.015  48662.816    31.1000    11.6300      1.996    6.25091    11.6299    23.6292   11.33808 2.8984e+02 0.0000e+00
        364 205.520425    0.02521     1.5125     90.750      2.190  48663.432    31.1004    11.6300      2.169    6.25090    11.6299    23.6295   11.33806 2.7507e+02 0.0000e+00
        365 205.520428    0.02528     1.5167     91.000      2.362  48663.134    31.1001    11.6301      2.340    6.25089    11.6295    23.6292   11.33805 2.6191e+02 0.0000e+00
        366 205.520431    0.02535     1.5208     91.250      2.531  48661.658    31.0990    11.6302      2.507    6.25093    11.6283    23.6284   11.33811 2.5153e+02 0.0000e+00
        367 205.520434    0.02542     1.5250     91.500      2.700  48659.920    31.0977    11.6298      2.675    6.25103    11.6267    23.6274   11.33831 2.4280e+02 0.0000e+00
        368 205.520437    0.02549     1.5292     91.750      2.879  48659.164    31.0969    11.6287      2.852    6.25121    11.6247    23.6270   11.33861 2.3353e+02 0.0000e+00
        369 205.520440    0.02556     1.5333     92.000      3.079  48659.230    31.0967    11.6271      3.050    6.25143    11.6224    23.6272   11.33899 2.2245e+02 0.0000e+00
        370 205.520443    0.02562     1.5375     92.250      3.309  48659.320    31.0965    11.6251      3.278    6.25170    11.6196    23.6273   11.33943 2.0972e+02 0.0000e+00
        371 205.520446    0.02569     1.5417     92.500      3.572  48659.093    31.0960    11.6228      3.538    6.25203    11.6158    23.6274   11.33997 1.9619e+02 0.0000e+00
        372 205.520448    0.02576     1.5458     92.750      3.867  48658.589    31.0952    11.6200      3.831    6.25243    11.6108    23.6273   11.34066 1.8257e+02 0.0000e+00
        373 205.520451    0.02583     1.5500     93.000      4.189  48658.096    31.0944    11.6163      4.150    6.25296    11.6045    23.6273   11.34154 1.6906e+02 0.0000e+00
        374 205.520454    0.02590     1.5542     93.250      4.531  48658.435    31.0939    11.6113      4.489    6.25363    11.5971    23.6278   11.34266 1.5590e+02 0.0000e+00
        375 205.520457    0.02597     1.5583     93.500      4.886  48660.402    31.0945    11.6051      4.840    6.25444    11.5887    23.6294   11.34400 1.4353e+02 0.0000e+00
        376 205.520460    0.02604     1.5625     93.750      5.245  48663.619    31.0959    11.5977      5.195    6.25537    11.5790    23.6318   11.34552 1.3215e+02 0.0000e+00
        377 205.520463    0.02611     1.5667     94.000      5.601  48667.148    31.0974    11.5893      5.549    6.25643    11.5672    23.6345   11.34725 1.2188e+02 0.0000e+00
        378 205.520466    0.02618     1.5708     94.250      5.951  48670.207    31.0984    11.5797      5.896    6.25767    11.5520    23.6370   11.34930 1.1274e+02 0.0000e+00
        379 205.520469    0.02625     1.5750     94.500      6.291  48672.678    31.0988    11.5679      6.232    6.25922    11.5330    23.6394   11.35187 1.0466e+02 0.0000e+00
        380 205.520472    0.02632     1.5792     94.750      6.620  48677.422    31.1004    11.5527      6.558    6.26119    11.5120    23.6434   11.35511 9.7546e+01 0.0000e+00
        381 205.520475    0.02639     1.5833     95.000      6.934  48687.985    31.1058    11.5338      6.870    6.26350    11.4912    23.6509   11.35888 9.1294e+01 0.0000e+00
        382 205.520477    0.02646     1.5875     95.250      7.232  48702.918    31.1140    11.5129      7.164    6.26597    11.4709    23.6611   11.36288 8.5847e+01 0.0000e+00
        383 205.520480    0.02653     1.5917     95.500      7.507  48717.518    31.1220    11.4921      7.437    6.26843    11.4493    23.6711   11.36687 8.1206e+01 0.0000e+00
        384 205.520483    0.02660     1.5958     95.750      7.760  48728.647    31.1277    11.4718      7.687    6.27092    11.4241    23.6790   11.37093 7.7347e+01 0.0000e+00
        385 205.520486    0.02667     1.6000     96.000      7.989  48736.338    31.1307    11.4503      7.914    6.27368    11.3944    23.6852   11.37547 7.4167e+01 0.0000e+00
        386 205.520489    0.02674     1.6042     96.250      8.200  48745.626    31.1345    11.4251      8.123    6.27690    11.3626    23.6926   11.38077 7.1488e+01 0.0000e+00
        387 205.520492    0.02681     1.6083     96.500      8.398  48762.354    31.1431    11.3954      8.319    6.28053    11.3314    23.7046   11.38670 6.9080e+01 0.0000e+00
        388 205.520495    0.02688     1.6125     96.750      8.591  48784.096    31.1550    11.3637      8.510    6.28432    11.3005    23.7195   11.39284 6.6744e+01 0.0000e+00
        389 205.520498    0.02694     1.6167     97.000      8.788  48803.465    31.1653    11.3325      8.705    6.28810    11.2667    23.7330   11.39898 6.4347e+01 0.0000e+00
        390 205.520501    0.02701     1.6208     97.250      8.997  48816.803    31.1713    11.3016      8.913    6.29202    11.2268    23.7431   11.40542 6.1814e+01 0.0000e+00
        391 205.520503    0.02708     1.6250     97.500      9.225  48826.169    31.1741    11.2679      9.139    6.29645    11.1802    23.7512   11.41273 5.9121e+01 0.0000e+00
        392 205.520506    0.02715     1.6292     97.750      9.474  48839.369    31.1790    11.2279      9.386    6.30165    11.1305    23.7620   11.42128 5.6291e+01 0.0000e+00
        393 205.520509    0.02722     1.6333     98.000      9.747  48862.973    31.1905    11.1814      9.656    6.30748    11.0823    23.7791   11.43081 5.3378e+01 0.0000e+00
        394 205.520512    0.02729     1.6375     98.250     10.042  48896.104    31.2083    11.1317      9.949    6.31348    11.0389    23.8017   11.44055 5.0428e+01 0.0000e+00
        395 205.520515    0.02736     1.6417     98.500     10.356  48934.214    31.2298    11.0835     10.259    6.31915    11.0015    23.8268   11.44970 4.7509e+01 0.0000e+00
        396 205.520518    0.02743     1.6458     98.750     10.682  48970.784    31.2507    11.0401     10.582    6.32419    10.9688    23.8507   11.45781 4.4722e+01 0.0000e+00
        397 205.520521    0.02750     1.6500     99.000     11.011  49000.408    31.2674    11.0028     10.908    6.32860    10.9383    23.8701   11.46491 4.2146e+01 0.0000e+00
        398 205.520524    0.02757     1.6542     99.250     11.336  49021.834    31.2788    10.9701     11.230    6.33259    10.9073    23.8847   11.47139 3.9809e+01 0.0000e+00
        399 205.520527    0.02764     1.6583     99.500     11.652  49035.540    31.2849    10.9396     11.542    6.33650    10.8734    23.8947   11.47779 3.7709e+01 0.0000e+00
        400 205.520530    0.02771     1.6625     99.750     11.953  49044.026    31.2872    10.9086     11.840    6.34063    10.8350    23.9019   11.48461 3.5827e+01 0.0000e+00
        401 205.520532    0.02778     1.6667    100.000     12.236  49051.012    31.2882    10.8748     12.121    6.34522    10.7911    23.9084   11.49221 3.4150e+01 0.0000e+00
        402 205.520535    0.02785     1.6708    100.250     12.501  49059.062    31.2893    10.8364     12.384    6.35042    10.7424    23.9159   11.50082 3.2664e+01 0.0000e+00
        403 205.520538    0.02792     1.6750    100.500     12.748  49071.085    31.2926    10.7926     12.628    6.35630    10.6916    23.9261   11.51052 3.1356e+01 0.0000e+00
        404 205.520541    0.02799     1.6792    100.750     12.978  49090.107    31.3003    10.7439     12.856    6.36266    10.6421    23.9404   11.52098 3.0210e+01 0.0000e+00
        405 205.520544    0.02806     1.6833    101.000     13.197  49116.215    31.3128    10.6931     13.073    6.36915    10.5965    23.9588   11.53158 2.9202e+01 0.0000e+00
        406 205.520547    0.02813     1.6875    101.250     13.407  49145.344    31.3275    10.6437     13.281    6.37536    10.5552    23.9786   11.54169 2.8283e+01 0.0000e+00
        407 205.520550    0.02819     1.6917    101.500     13.616  49172.025    31.3409    10.5981     13.488    6.38110    10.5168    23.9968   11.55105 2.7392e+01 0.0000e+00
        408 205.520553    0.02826     1.6958    101.750     13.828  49193.489    31.3511    10.5568     13.698    6.38639    10.4797    24.0117   11.55971 2.6494e+01 0.0000e+00
        409 205.520556    0.02833     1.7000    102.000     14.047  49209.368    31.3576    10.5184     13.915    6.39143    10.4423    24.0233   11.56797 2.5576e+01 0.0000e+00
        410 205.520558    0.02840     1.7042    102.250     14.276  49221.152    31.3614    10.4814     14.142    6.39641    10.4039    24.0325   11.57618 2.4638e+01 0.0000e+00
        411 205.520561    0.02847     1.7083    102.500     14.519  49232.304    31.3647    10.4440     14.382    6.40146    10.3648    24.0414   11.58451 2.3693e+01 0.0000e+00
        412 205.520564    0.02854     1.7125    102.750     14.774  49246.487    31.3700    10.4055     14.635    6.40659    10.3262    24.0520   11.59295 2.2751e+01 0.0000e+00
        413 205.520567    0.02861     1.7167    103.000     15.042  49264.997    31.3782    10.3664     14.901    6.41169    10.2886    24.0649   11.60130 2.1821e+01 0.0000e+00
        414 205.520570    0.02868     1.7208    103.250     15.320  49285.300    31.3877    10.3279     15.176    6.41667    10.2517    24.0788   11.60944 2.0911e+01 0.0000e+00
        415 205.520573    0.02875     1.7250    103.500     15.607  49305.344    31.3972    10.2904     15.460    6.42153    10.2146    24.0924   11.61737 2.0033e+01 0.0000e+00
        416 205.520576    0.02882     1.7292    103.750     15.899  49324.407    31.4060    10.2534     15.750    6.42633    10.1761    24.1054   11.62522 1.9200e+01 0.0000e+00
        417 205.520579    0.02889     1.7333    104.000     16.195  49341.562    31.4134    10.2164     16.043    6.43121    10.1358    24.1173   11.63322 1.8417e+01 0.0000e+00
        418 205.520582    0.02896     1.7375    104.250     16.492  49359.799    31.4213    10.1780     16.337    6.43627    10.0952    24.1299   11.64151 1.7690e+01 0.0000e+00
        419 205.520584    0.02903     1.7417    104.500     16.789  49383.613    31.4330    10.1377     16.631    6.44145    10.0563    24.1456   11.64994 1.7018e+01 0.0000e+00
        420 205.520587    0.02910     1.7458    104.750     17.083  49412.204    31.4480    10.0971     16.923    6.44654    10.0200    24.1640   11.65820 1.6402e+01 0.0000e+00
        421 205.520590    0.02917     1.7500    105.000     17.372  49441.291    31.4635    10.0582     17.209    6.45137     9.9865    24.1825   11.66601 1.5841e+01 0.0000e+00
        422 205.520593    0.02924     1.7542    105.250     17.653  49469.528    31.4787    10.0219     17.487    6.45586     9.9571    24.2003   11.67326 1.5330e+01 0.0000e+00
        423 205.520596    0.02931     1.7583    105.500     17.921  49497.625    31.4942     9.9885     17.753    6.45992     9.9323    24.2179   11.67981 1.4873e+01 0.0000e+00
        424 205.520599    0.02937     1.7625    105.750     18.177  49524.105    31.5090     9.9591     18.006    6.46347     9.9121    24.2343   11.68551 1.4466e+01 0.0000e+00
        425 205.520602    0.02944     1.7667    106.000     18.421  49546.791    31.5218     9.9344     18.248    6.46643     9.8954    24.2483   11.69027 1.4098e+01 0.0000e+00
        426 205.520605    0.02951     1.7708    106.250     18.657  49564.748    31.5318     9.9142     18.482    6.46887     9.8809    24.2594   11.69419 1.3754e+01 0.0000e+00
        427 205.520608    0.02958     1.7750    106.500     18.891  49577.836    31.5388     9.8975     18.713    6.47094     9.8671    24.2675   11.69753 1.3419e+01 0.0000e+00
        428 205.520611    0.02965     1.7792    106.750     19.127  49586.957    31.5432     9.8830     18.948    6.47281     9.8535    24.2734   11.70058 1.3082e+01 0.0000e+00
        429 205.520613    0.02972     1.7833    107.000     19.371  49594.008    31.5464     9.8693     19.189    6.47463     9.8396    24.2780   11.70355 1.2733e+01 0.0000e+00
        430 205.520616    0.02979     1.7875    107.250     19.626  49600.249    31.5489     9.8556     19.442    6.47646     9.8255    24.2822   11.70655 1.2374e+01 0.0000e+00
        431 205.520619    0.02986     1.7917    107.500     19.892  49606.164    31.5511     9.8418     19.705    6.47833     9.8113    24.2862   11.70962 1.2009e+01 0.0000e+00
        432 205.520622    0.02993     1.7958    107.750     20.167  49612.369    31.5536     9.8277     19.978    6.48023     9.7973    24.2904   11.71273 1.1642e+01 0.0000e+00
        433 205.520625    0.03000     1.8000    108.000     20.449  49619.677    31.5568     9.8135     20.258    6.48212     9.7840    24.2952   11.71582 1.1280e+01 0.0000e+00
        434 205.520628    0.03007     1.8042    108.250     20.735  49628.313    31.5609     9.7995     20.541    6.48393     9.7717    24.3007   11.71878 1.0929e+01 0.0000e+00
        435 205.520631    0.03014     1.8083    108.500     21.021  49637.310    31.5654     9.7863     20.824    6.48563     9.7603    24.3064   11.72154 1.0593e+01 0.0000e+00
        436 205.520634    0.03021     1.8125    108.750     21.304  49645.787    31.5696     9.7740     21.104    6.48720     9.7496    24.3117   11.72408 1.0276e+01 0.0000e+00
        437 205.520637    0.03028     1.8167    109.000     21.582  49653.347    31.5734     9.7626     21.380    6.48866     9.7391    24.3164   11.72646 9.9817e+00 0.0000e+00
        438 205.520639    0.03035     1.8208    109.250     21.856  49659.529    31.5762     9.7520     21.650    6.49006     9.7282    24.3204   11.72874 9.7088e+00 0.0000e+00
        439 205.520642    0.03042     1.8250    109.500     22.124  49664.267    31.5780     9.7415     21.916    6.49147     9.7166    24.3235   11.73106 9.4552e+00 0.0000e+00
        440 205.520645    0.03049     1.8292    109.750     22.387  49668.873    31.5797     9.7306     22.177    6.49296     9.7049    24.3266   11.73350 9.2159e+00 0.0000e+00
        441 205.520648    0.03056     1.8333    110.000     22.645  49675.045    31.5825     9.7191     22.432    6.49449     9.6936    24.3306   11.73601 8.9871e+00 0.0000e+00
        442 205.520651    0.03062     1.8375    110.250     22.899  49682.651    31.5862     9.7073     22.683    6.49602     9.6832    24.3354   11.73849 8.7658e+00 0.0000e+00
        443 205.520654    0.03069     1.8417    110.500     23.150  49690.391    31.5901     9.6961     22.932    6.49746     9.6738    24.3402   11.74083 8.5483e+00 0.0000e+00
        444 205.520657    0.03076     1.8458    110.750     23.402  49697.243    31.5934     9.6858     23.182    6.49879     9.6649    24.3445   11.74300 8.3331e+00 0.0000e+00
        445 205.520660    0.03083     1.8500    111.000     23.656  49702.713    31.5959     9.6763     23.434    6.50003     9.6560    24.3479   11.74502 8.1191e+00 0.0000e+00
        446 205.520663    0.03090     1.8542    111.250     23.913  49706.923    31.5976     9.6675     23.688    6.50123     9.6469    24.3507   11.74698 7.9060e+00 0.0000e+00
        447 205.520666    0.03097     1.8583    111.500     24.171  49710.863    31.5991     9.6586     23.944    6.50243     9.6378    24.3533   11.74895 7.6949e+00 0.0000e+00
        448 205.520668    0.03104     1.8625    111.750     24.431  49715.771    31.6012     9.6496     24.202    6.50363     9.6290    24.3564   11.75093 7.4877e+00 0.0000e+00
        449 205.520671    0.03111     1.8667    112.000     24.690  49721.564    31.6040     9.6405     24.458    6.50482     9.6207    24.3600   11.75286 7.2871e+00 0.0000e+00
        450 205.520674    0.03118     1.8708    112.250     24.944  49727.279    31.6067     9.6317     24.709    6.50596     9.6128    24.3636   11.75471 7.0957e+00 0.0000e+00
        451 205.520677    0.03125     1.8750    112.500     25.191  49732.821    31.6094     9.6234     24.954    6.50704     9.6053    24.3670   11.75646 6.9151e+00 0.0000e+00
