CTD-processing/allCTD/CNV--turbid/2014_07-23_t6_s11_cast206.cnv
* Sea-Bird SBE19plus Data File:
* FileName = C:\Users\kris.holderied\Documents\kasitsna\Research-Projects-and-Data\Oceanography-AK\CTD-Data-ALL-to-2014-06\2014-CTD-KachemakBay-CookInlet\2014-07-EVOSTC-CookInlet-quarterly\2014-07-23-CookInlet-Tran6-Douglas\2014-07-23-CookInlet-Tran6-cast206.hex
* Software Version 1.59
* Temperature SN =  4141
* Conductivity SN =  4141
* System UpLoad Time = Jul 23 2014 23:30:16
** Cook Inlet LTM Transect 6 (Douglas) East to West
** Date: 07-23
** Station: 6-11
** Start time: 12:35
** Depth (m): 115
** Comment:  CTD time is Alaska Daylight time.  Transducer  depth (transducer is 9 ft).
** Comment:
# nquan = 16
# nvalues = 899                         
# units = specified
# name 0 = scan: Scan Count
# name 1 = timeJ: Julian Days
# name 2 = timeH: Time, Elapsed [hours]
# name 3 = timeM: Time, Elapsed [minutes]
# name 4 = timeS: Time, Elapsed [seconds]
# name 5 = prdM: Pressure, Strain Gauge [db]
# name 6 = specc: Specific Conductance [uS/cm]
# name 7 = sal00: Salinity, Practical [PSU]
# name 8 = tv290C: Temperature [ITS-90, deg C]
# name 9 = depSM: Depth [salt water, m], lat = 59.00
# name 10 = oxsolML/L: Oxygen Saturation, Garcia & Gordon [ml/l]
# name 11 = potemp090C: Potential Temperature [ITS-90, deg C]
# name 12 = sigma-é00: Density [sigma-theta, kg/m^3]
# name 13 = n2satML/L: Nitrogen Saturation [ml/l]
# name 14 = par: PAR/Irradiance, Biospherical/Licor
# name 15 = flag:  0.000e+00
# span 0 =          1,        899       
# span 1 = 204.524676, 204.527274       
# span 2 =    0.00000,    0.06236       
# span 3 =     0.0000,     3.7417       
# span 4 =      0.000,    224.500       
# span 5 =     -0.104,    114.677       
# span 6 =   1529.616,  51176.999       
# span 7 =     0.7628,    32.2973       
# span 8 =     7.7141,    12.1396       
# span 9 =     -0.104,    113.573       
# span 10 =    6.33846,    7.53937      
# span 11 =     7.7046,    12.1396      
# span 12 =     0.1180,    25.1936      
# span 13 =   11.47538,   13.88873      
# span 14 = 4.9675e-02, 2.2161e+03      
# span 15 = 0.0000e+00, 0.0000e+00      
# interval = seconds: 0.25
# start_time = Jul 23 2014 12:35:32 [Instrument's time stamp, header]
# bad_flag = -9.990e-29
*END*
[from data line 724]
        725 204.526771    0.05028     3.0167    181.000     77.642  51142.304    32.2915     7.7255     76.901    6.75926     7.7154    25.1874   12.16545 9.6525e-02 0.0000e+00
        726 204.526774    0.05035     3.0208    181.250     77.844  51142.042    32.2910     7.7243     77.101    6.75947     7.7137    25.1872   12.16581 8.7458e-02 0.0000e+00
        727 204.526777    0.05042     3.0250    181.500     78.054  51142.795    32.2912     7.7227     77.309    6.75971     7.7122    25.1876   12.16620 8.1790e-02 0.0000e+00
        728 204.526780    0.05049     3.0292    181.750     78.277  51144.161    32.2917     7.7210     77.530    6.75994     7.7111    25.1883   12.16657 7.8166e-02 0.0000e+00
        729 204.526782    0.05056     3.0333    182.000     78.516  51145.588    32.2924     7.7196     77.767    6.76013     7.7102    25.1890   12.16688 7.5805e-02 0.0000e+00
        730 204.526785    0.05063     3.0375    182.250     78.769  51146.915    32.2930     7.7185     78.017    6.76027     7.7097    25.1896   12.16711 7.4268e-02 0.0000e+00
        731 204.526788    0.05069     3.0417    182.500     79.028  51148.128    32.2936     7.7177     78.274    6.76037     7.7094    25.1902   12.16727 7.3300e-02 0.0000e+00
        732 204.526791    0.05076     3.0458    182.750     79.284  51149.295    32.2942     7.7171     78.528    6.76042     7.7095    25.1908   12.16735 7.2809e-02 0.0000e+00
        733 204.526794    0.05083     3.0500    183.000     79.530  51150.417    32.2948     7.7169     78.771    6.76043     7.7098    25.1913   12.16736 7.2866e-02 0.0000e+00
        734 204.526797    0.05090     3.0542    183.250     79.761  51151.235    32.2953     7.7170     79.000    6.76040     7.7103    25.1917   12.16730 7.3659e-02 0.0000e+00
        735 204.526800    0.05097     3.0583    183.500     79.976  51151.524    32.2955     7.7173     79.213    6.76034     7.7108    25.1917   12.16720 7.5529e-02 0.0000e+00
        736 204.526803    0.05104     3.0625    183.750     80.177  51151.276    32.2953     7.7178     79.412    6.76027     7.7111    25.1915   12.16708 7.9065e-02 0.0000e+00
        737 204.526806    0.05111     3.0667    184.000     80.369  51150.507    32.2947     7.7184     79.602    6.76022     7.7111    25.1910   12.16699 8.5306e-02 0.0000e+00
        738 204.526808    0.05118     3.0708    184.250     80.561  51149.442    32.2940     7.7187     79.793    6.76020     7.7107    25.1904   12.16697 9.6029e-02 0.0000e+00
        739 204.526811    0.05125     3.0750    184.500     80.761  51148.720    32.2934     7.7187     79.990    6.76023     7.7102    25.1899   12.16703 1.1418e-01 0.0000e+00
        740 204.526814    0.05132     3.0792    184.750     80.974  51148.675    32.2932     7.7183     80.200    6.76029     7.7096    25.1898   12.16714 1.4470e-01 0.0000e+00
        741 204.526817    0.05139     3.0833    185.000     81.202  51148.993    32.2932     7.7178     80.427    6.76037     7.7092    25.1899   12.16726 1.8542e-01 0.0000e+00
        742 204.526820    0.05146     3.0875    185.250     81.444  51149.396    32.2933     7.7173     80.667    6.76044     7.7087    25.1901   12.16738 2.2241e-01 0.0000e+00
        743 204.526823    0.05153     3.0917    185.500     81.693  51149.882    32.2935     7.7169     80.913    6.76050     7.7084    25.1903   12.16749 2.4606e-01 0.0000e+00
        744 204.526826    0.05160     3.0958    185.750     81.940  51150.463    32.2937     7.7165     81.158    6.76055     7.7081    25.1905   12.16757 2.5632e-01 0.0000e+00
        745 204.526829    0.05167     3.1000    186.000     82.177  51151.118    32.2940     7.7161     81.393    6.76059     7.7080    25.1908   12.16763 2.5408e-01 0.0000e+00
        746 204.526832    0.05174     3.1042    186.250     82.400  51151.785    32.2943     7.7159     81.614    6.76061     7.7080    25.1911   12.16766 2.3785e-01 0.0000e+00
        747 204.526834    0.05181     3.1083    186.500     82.609  51152.306    32.2946     7.7158     81.820    6.76062     7.7081    25.1913   12.16766 2.0318e-01 0.0000e+00
        748 204.526837    0.05187     3.1125    186.750     82.805  51152.594    32.2947     7.7158     82.014    6.76061     7.7081    25.1914   12.16765 1.5715e-01 0.0000e+00
        749 204.526840    0.05194     3.1167    187.000     82.993  51152.744    32.2947     7.7159     82.201    6.76060     7.7081    25.1914   12.16764 1.1971e-01 0.0000e+00
        750 204.526843    0.05201     3.1208    187.250     83.178  51152.836    32.2947     7.7159     82.384    6.76059     7.7082    25.1914   12.16762 9.7091e-02 0.0000e+00
        751 204.526846    0.05208     3.1250    187.500     83.367  51152.892    32.2947     7.7160     82.571    6.76058     7.7084    25.1913   12.16760 8.3442e-02 0.0000e+00
        752 204.526849    0.05215     3.1292    187.750     83.565  51152.980    32.2946     7.7162     82.767    6.76057     7.7085    25.1913   12.16757 7.5205e-02 0.0000e+00
        753 204.526852    0.05222     3.1333    188.000     83.774  51153.082    32.2946     7.7163     82.974    6.76055     7.7086    25.1913   12.16754 7.0255e-02 0.0000e+00
        754 204.526855    0.05229     3.1375    188.250     83.995  51153.089    32.2946     7.7164     83.193    6.76053     7.7087    25.1912   12.16751 6.7349e-02 0.0000e+00
        755 204.526858    0.05236     3.1417    188.500     84.228  51153.002    32.2944     7.7165     83.424    6.76051     7.7087    25.1911   12.16749 6.5805e-02 0.0000e+00
        756 204.526861    0.05243     3.1458    188.750     84.472  51152.874    32.2942     7.7166     83.665    6.76051     7.7086    25.1909   12.16749 6.5305e-02 0.0000e+00
        757 204.526863    0.05250     3.1500    189.000     84.723  51152.850    32.2941     7.7166     83.913    6.76051     7.7085    25.1908   12.16749 6.5799e-02 0.0000e+00
        758 204.526866    0.05257     3.1542    189.250     84.980  51153.076    32.2941     7.7166     84.168    6.76052     7.7084    25.1909   12.16750 6.7473e-02 0.0000e+00
        759 204.526869    0.05264     3.1583    189.500     85.241  51153.470    32.2943     7.7165     84.426    6.76053     7.7082    25.1910   12.16751 7.0852e-02 0.0000e+00
        760 204.526872    0.05271     3.1625    189.750     85.503  51153.831    32.2944     7.7164     84.686    6.76053     7.7081    25.1911   12.16753 7.6976e-02 0.0000e+00
        761 204.526875    0.05278     3.1667    190.000     85.765  51154.096    32.2945     7.7163     84.945    6.76054     7.7080    25.1912   12.16755 8.7574e-02 0.0000e+00
        762 204.526878    0.05285     3.1708    190.250     86.023  51154.341    32.2945     7.7162     85.201    6.76056     7.7079    25.1912   12.16757 1.0553e-01 0.0000e+00
        763 204.526881    0.05292     3.1750    190.500     86.274  51154.579    32.2945     7.7161     85.450    6.76058     7.7078    25.1913   12.16760 1.3575e-01 0.0000e+00
        764 204.526884    0.05299     3.1792    190.750     86.516  51154.764    32.2945     7.7160     85.690    6.76059     7.7078    25.1913   12.16761 1.7382e-01 0.0000e+00
        765 204.526887    0.05306     3.1833    191.000     86.748  51154.898    32.2945     7.7160     85.919    6.76059     7.7077    25.1912   12.16762 2.0455e-01 0.0000e+00
        766 204.526889    0.05312     3.1875    191.250     86.970  51155.034    32.2945     7.7160     86.139    6.76060     7.7077    25.1912   12.16763 2.2124e-01 0.0000e+00
        767 204.526892    0.05319     3.1917    191.500     87.181  51155.209    32.2945     7.7159     86.348    6.76060     7.7076    25.1912   12.16764 2.2442e-01 0.0000e+00
        768 204.526895    0.05326     3.1958    191.750     87.384  51155.395    32.2945     7.7159     86.549    6.76061     7.7075    25.1913   12.16765 2.1277e-01 0.0000e+00
        769 204.526898    0.05333     3.2000    192.000     87.581  51155.514    32.2945     7.7158     86.744    6.76062     7.7074    25.1913   12.16766 1.8292e-01 0.0000e+00
        770 204.526901    0.05340     3.2042    192.250     87.777  51155.560    32.2945     7.7158     86.938    6.76063     7.7074    25.1913   12.16768 1.4181e-01 0.0000e+00
        771 204.526904    0.05347     3.2083    192.500     87.974  51155.614    32.2944     7.7157     87.133    6.76064     7.7073    25.1912   12.16770 1.0818e-01 0.0000e+00
        772 204.526907    0.05354     3.2125    192.750     88.176  51155.677    32.2943     7.7157     87.333    6.76065     7.7073    25.1912   12.16772 8.7961e-02 0.0000e+00
        773 204.526910    0.05361     3.2167    193.000     88.386  51155.756    32.2943     7.7156     87.541    6.76066     7.7072    25.1912   12.16773 7.5849e-02 0.0000e+00
        774 204.526913    0.05368     3.2208    193.250     88.604  51155.866    32.2943     7.7156     87.757    6.76066     7.7071    25.1911   12.16774 6.8664e-02 0.0000e+00
        775 204.526916    0.05375     3.2250    193.500     88.830  51155.918    32.2942     7.7156     87.981    6.76067     7.7070    25.1911   12.16775 6.4545e-02 0.0000e+00
        776 204.526918    0.05382     3.2292    193.750     89.061  51155.929    32.2941     7.7155     88.210    6.76068     7.7068    25.1910   12.16777 6.2458e-02 0.0000e+00
        777 204.526921    0.05389     3.2333    194.000     89.295  51156.011    32.2940     7.7154     88.441    6.76070     7.7066    25.1910   12.16781 6.1894e-02 0.0000e+00
        778 204.526924    0.05396     3.2375    194.250     89.531  51156.251    32.2941     7.7153     88.675    6.76073     7.7063    25.1910   12.16785 6.2753e-02 0.0000e+00
        779 204.526927    0.05403     3.2417    194.500     89.767  51156.624    32.2942     7.7150     88.909    6.76076     7.7061    25.1911   12.16789 6.5331e-02 0.0000e+00
        780 204.526930    0.05410     3.2458    194.750     90.006  51157.002    32.2943     7.7148     89.146    6.76078     7.7060    25.1913   12.16794 7.0371e-02 0.0000e+00
        781 204.526933    0.05417     3.2500    195.000     90.251  51157.400    32.2944     7.7146     89.388    6.76081     7.7058    25.1914   12.16797 7.9258e-02 0.0000e+00
        782 204.526936    0.05424     3.2542    195.250     90.504  51157.828    32.2946     7.7145     89.638    6.76082     7.7058    25.1916   12.16800 9.4397e-02 0.0000e+00
        783 204.526939    0.05431     3.2583    195.500     90.766  51158.180    32.2947     7.7144     89.897    6.76083     7.7057    25.1917   12.16802 1.1983e-01 0.0000e+00
        784 204.526942    0.05438     3.2625    195.750     91.035  51158.434    32.2948     7.7143     90.164    6.76084     7.7057    25.1917   12.16802 1.5504e-01 0.0000e+00
        785 204.526944    0.05444     3.2667    196.000     91.307  51158.634    32.2948     7.7143     90.434    6.76084     7.7057    25.1917   12.16802 1.8929e-01 0.0000e+00
        786 204.526947    0.05451     3.2708    196.250     91.578  51158.811    32.2947     7.7143     90.702    6.76084     7.7057    25.1917   12.16802 2.1320e-01 0.0000e+00
        787 204.526950    0.05458     3.2750    196.500     91.841  51158.940    32.2947     7.7144     90.962    6.76083     7.7057    25.1917   12.16802 2.2699e-01 0.0000e+00
        788 204.526953    0.05465     3.2792    196.750     92.090  51159.003    32.2946     7.7144     91.209    6.76083     7.7057    25.1917   12.16802 2.3343e-01 0.0000e+00
        789 204.526956    0.05472     3.2833    197.000     92.321  51159.098    32.2946     7.7144     91.438    6.76083     7.7057    25.1916   12.16802 2.3346e-01 0.0000e+00
        790 204.526959    0.05479     3.2875    197.250     92.533  51159.265    32.2946     7.7144     91.647    6.76083     7.7056    25.1916   12.16801 2.2638e-01 0.0000e+00
        791 204.526962    0.05486     3.2917    197.500     92.727  51159.431    32.2946     7.7144     91.839    6.76083     7.7056    25.1917   12.16801 2.0949e-01 0.0000e+00
        792 204.526965    0.05493     3.2958    197.750     92.909  51159.595    32.2947     7.7144     92.019    6.76083     7.7055    25.1917   12.16802 1.7787e-01 0.0000e+00
        793 204.526968    0.05500     3.3000    198.000     93.081  51159.776    32.2947     7.7144     92.190    6.76084     7.7055    25.1917   12.16802 1.3692e-01 0.0000e+00
        794 204.526970    0.05507     3.3042    198.250     93.248  51159.951    32.2948     7.7143     92.356    6.76084     7.7055    25.1917   12.16803 1.0371e-01 0.0000e+00
        795 204.526973    0.05514     3.3083    198.500     93.413  51160.120    32.2948     7.7143     92.519    6.76084     7.7055    25.1918   12.16803 8.3663e-02 0.0000e+00
        796 204.526976    0.05521     3.3125    198.750     93.579  51160.259    32.2948     7.7143     92.683    6.76084     7.7055    25.1918   12.16803 7.1612e-02 0.0000e+00
        797 204.526979    0.05528     3.3167    199.000     93.749  51160.361    32.2948     7.7143     92.851    6.76084     7.7055    25.1918   12.16802 6.4351e-02 0.0000e+00
        798 204.526982    0.05535     3.3208    199.250     93.927  51160.535    32.2948     7.7143     93.028    6.76084     7.7054    25.1918   12.16801 5.9954e-02 0.0000e+00
        799 204.526985    0.05542     3.3250    199.500     94.119  51160.755    32.2949     7.7143     93.218    6.76083     7.7054    25.1919   12.16800 5.7266e-02 0.0000e+00
        800 204.526988    0.05549     3.3292    199.750     94.326  51160.887    32.2949     7.7143     93.423    6.76083     7.7055    25.1919   12.16800 5.5592e-02 0.0000e+00
        801 204.526991    0.05556     3.3333    200.000     94.552  51160.972    32.2949     7.7144     93.647    6.76082     7.7055    25.1919   12.16800 5.4522e-02 0.0000e+00
        802 204.526994    0.05563     3.3375    200.250     94.800  51161.075    32.2948     7.7144     93.892    6.76082     7.7055    25.1919   12.16799 5.3798e-02 0.0000e+00
        803 204.526997    0.05569     3.3417    200.500     95.068  51161.250    32.2948     7.7145     94.158    6.76081     7.7055    25.1919   12.16798 5.3280e-02 0.0000e+00
        804 204.526999    0.05576     3.3458    200.750     95.355  51161.504    32.2949     7.7145     94.442    6.76081     7.7054    25.1919   12.16797 5.2916e-02 0.0000e+00
        805 204.527002    0.05583     3.3500    201.000     95.654  51161.691    32.2949     7.7145     94.738    6.76081     7.7054    25.1919   12.16797 5.2656e-02 0.0000e+00
        806 204.527005    0.05590     3.3542    201.250     95.962  51161.772    32.2948     7.7145     95.043    6.76081     7.7053    25.1918   12.16798 5.2486e-02 0.0000e+00
        807 204.527008    0.05597     3.3583    201.500     96.273  51161.863    32.2948     7.7145     95.351    6.76082     7.7053    25.1918   12.16799 5.2389e-02 0.0000e+00
        808 204.527011    0.05604     3.3625    201.750     96.577  51162.052    32.2948     7.7145     95.651    6.76082     7.7053    25.1918   12.16799 5.2307e-02 0.0000e+00
        809 204.527014    0.05611     3.3667    202.000     96.865  51162.298    32.2948     7.7144     95.937    6.76082     7.7052    25.1918   12.16799 5.2209e-02 0.0000e+00
        810 204.527017    0.05618     3.3708    202.250     97.132  51162.511    32.2948     7.7144     96.201    6.76082     7.7052    25.1918   12.16799 5.2106e-02 0.0000e+00
        811 204.527020    0.05625     3.3750    202.500     97.374  51162.683    32.2948     7.7144     96.441    6.76082     7.7051    25.1918   12.16799 5.2027e-02 0.0000e+00
        812 204.527023    0.05632     3.3792    202.750     97.590  51162.849    32.2948     7.7144     96.655    6.76082     7.7051    25.1919   12.16800 5.1970e-02 0.0000e+00
        813 204.527025    0.05639     3.3833    203.000     97.780  51163.032    32.2948     7.7143     96.843    6.76083     7.7050    25.1919   12.16801 5.1917e-02 0.0000e+00
