CTD-processing/allCTD/CNV--turbid/2014_05-28_alongbay_skb06_cast040.cnv
* Sea-Bird SBE19plus Data File:
* FileName = C:\Users\kris.holderied\Documents\kasitsna\Research-Projects-and-Data\Oceanography-AK\CTD-Data-ALL-to-2014-03\2014-CTD-KachemakBay-CookInlet\2014-05-28-KachemakBay-AlongBay\2014-05-28-KachemakBay-AlongBay-cast040.hex
* Software Version 1.59
* Temperature SN =  5028
* Conductivity SN =  5028
* System UpLoad Time = Jul 21 2014 00:55:50
** Kachemak Bay Along-bay Transect (partial, west to east)
** Date: 2014-05-28
** Station: KB-06
** Start time (AKDT): 13:54
** Depth (m): 103
** Comment:  CTD time is Alaska Daylight time
** Comment:
# nquan = 16
# nvalues = 834                         
# units = specified
# name 0 = scan: Scan Count
# name 1 = timeJ: Julian Days
# name 2 = timeH: Time, Elapsed [hours]
# name 3 = timeM: Time, Elapsed [minutes]
# name 4 = timeS: Time, Elapsed [seconds]
# name 5 = prdM: Pressure, Strain Gauge [db]
# name 6 = specc: Specific Conductance [uS/cm]
# name 7 = sal00: Salinity, Practical [PSU]
# name 8 = tv290C: Temperature [ITS-90, deg C]
# name 9 = depSM: Depth [salt water, m], lat = 59.00
# name 10 = oxsolML/L: Oxygen Saturation, Garcia & Gordon [ml/l]
# name 11 = potemp090C: Potential Temperature [ITS-90, deg C]
# name 12 = sigma-é00: Density [sigma-theta, kg/m^3]
# name 13 = n2satML/L: Nitrogen Saturation [ml/l]
# name 14 = par: PAR/Irradiance, Biospherical/Licor
# name 15 = flag:  0.000e+00
# span 0 =          1,        834       
# span 1 = 148.579641, 148.582052       
# span 2 =    0.00000,    0.05785       
# span 3 =     0.0000,     3.4708       
# span 4 =      0.000,    208.250       
# span 5 =      0.000,    101.835       
# span 6 =    478.136,  51147.184       
# span 7 =     0.2260,    31.8557       
# span 8 =     5.4474,     8.9944       
# span 9 =      0.000,    100.858       
# span 10 =    6.63938,    8.21066      
# span 11 =     5.4402,     8.9943      
# span 12 =     0.0099,    25.1342      
# span 13 =   11.98723,   15.03089      
# span 14 = 4.1828e-02, 2.3951e+02      
# span 15 = 0.0000e+00, 0.0000e+00      
# interval = seconds: 0.25
# start_time = May 28 2014 13:54:41 [Instrument's time stamp, header]
# bad_flag = -9.990e-29
*END*
[from data line 543]
        544 148.581212    0.03771     2.2625    135.750     43.045  50852.824    31.7802     5.9413     42.638    7.06773     5.9329    25.0166   12.68162 5.4921e-02 0.0000e+00
        545 148.581215    0.03778     2.2667    136.000     43.277  50852.779    31.7796     5.9390     42.868    7.06814     5.9303    25.0164   12.68230 5.4457e-02 0.0000e+00
        546 148.581218    0.03785     2.2708    136.250     43.506  50854.107    31.7798     5.9364     43.095    7.06856     5.9280    25.0169   12.68300 5.4014e-02 0.0000e+00
        547 148.581221    0.03792     2.2750    136.500     43.733  50855.706    31.7803     5.9338     43.320    7.06896     5.9260    25.0176   12.68365 5.3596e-02 0.0000e+00
        548 148.581224    0.03799     2.2792    136.750     43.960  50857.493    31.7810     5.9315     43.544    7.06931     5.9245    25.0184   12.68423 5.3198e-02 0.0000e+00
        549 148.581227    0.03806     2.2833    137.000     44.191  50859.709    31.7820     5.9295     43.774    7.06960     5.9236    25.0194   12.68468 5.2810e-02 0.0000e+00
        550 148.581230    0.03812     2.2875    137.250     44.430  50861.793    31.7830     5.9280     44.010    7.06980     5.9231    25.0204   12.68499 5.2427e-02 0.0000e+00
        551 148.581233    0.03819     2.2917    137.500     44.675  50863.283    31.7838     5.9271     44.253    7.06992     5.9229    25.0211   12.68518 5.2049e-02 0.0000e+00
        552 148.581236    0.03826     2.2958    137.750     44.924  50864.050    31.7841     5.9266     44.499    7.06998     5.9226    25.0215   12.68528 5.1688e-02 0.0000e+00
        553 148.581238    0.03833     2.3000    138.000     45.171  50864.039    31.7839     5.9264     44.744    7.07002     5.9221    25.0214   12.68536 5.1354e-02 0.0000e+00
        554 148.581241    0.03840     2.3042    138.250     45.413  50863.740    31.7836     5.9261     44.984    7.07008     5.9217    25.0211   12.68546 5.1035e-02 0.0000e+00
        555 148.581244    0.03847     2.3083    138.500     45.649  50863.944    31.7835     5.9257     45.217    7.07016     5.9214    25.0211   12.68558 5.0720e-02 0.0000e+00
        556 148.581247    0.03854     2.3125    138.750     45.879  50864.806    31.7839     5.9253     45.445    7.07021     5.9215    25.0215   12.68567 5.0417e-02 0.0000e+00
        557 148.581250    0.03861     2.3167    139.000     46.106  50865.796    31.7845     5.9251     45.670    7.07022     5.9217    25.0219   12.68568 5.0130e-02 0.0000e+00
        558 148.581253    0.03868     2.3208    139.250     46.330  50866.326    31.7847     5.9251     45.891    7.07020     5.9219    25.0221   12.68564 4.9851e-02 0.0000e+00
        559 148.581256    0.03875     2.3250    139.500     46.551  50866.435    31.7847     5.9253     46.111    7.07016     5.9221    25.0221   12.68558 4.9571e-02 0.0000e+00
        560 148.581259    0.03882     2.3292    139.750     46.772  50866.417    31.7847     5.9256     46.329    7.07012     5.9222    25.0220   12.68552 4.9293e-02 0.0000e+00
        561 148.581262    0.03889     2.3333    140.000     46.992  50866.170    31.7844     5.9258     46.547    7.07010     5.9221    25.0218   12.68548 4.9031e-02 0.0000e+00
        562 148.581264    0.03896     2.3375    140.250     47.213  50865.569    31.7839     5.9259     46.766    7.07010     5.9217    25.0214   12.68549 4.8800e-02 0.0000e+00
        563 148.581267    0.03903     2.3417    140.500     47.437  50864.568    31.7831     5.9259     46.988    7.07015     5.9207    25.0208   12.68558 4.8588e-02 0.0000e+00
        564 148.581270    0.03910     2.3458    140.750     47.669  50862.991    31.7818     5.9254     47.218    7.07028     5.9191    25.0198   12.68581 4.8382e-02 0.0000e+00
        565 148.581273    0.03917     2.3500    141.000     47.913  50861.235    31.7803     5.9245     47.459    7.07051     5.9173    25.0187   12.68621 4.8184e-02 0.0000e+00
        566 148.581276    0.03924     2.3542    141.250     48.167  50860.899    31.7796     5.9229     47.711    7.07080     5.9160    25.0184   12.68670 4.7992e-02 0.0000e+00
        567 148.581279    0.03931     2.3583    141.500     48.426  50863.007    31.7806     5.9212     47.968    7.07105     5.9157    25.0194   12.68710 4.7806e-02 0.0000e+00
        568 148.581282    0.03938     2.3625    141.750     48.682  50866.482    31.7826     5.9199     48.221    7.07117     5.9163    25.0211   12.68727 4.7626e-02 0.0000e+00
        569 148.581285    0.03944     2.3667    142.000     48.927  50869.144    31.7843     5.9196     48.464    7.07114     5.9172    25.0225   12.68720 4.7455e-02 0.0000e+00
        570 148.581288    0.03951     2.3708    142.250     49.158  50869.632    31.7846     5.9202     48.692    7.07102     5.9179    25.0227   12.68700 4.7302e-02 0.0000e+00
        571 148.581291    0.03958     2.3750    142.500     49.377  50868.931    31.7842     5.9211     48.910    7.07089     5.9185    25.0222   12.68679 4.7157e-02 0.0000e+00
        572 148.581293    0.03965     2.3792    142.750     49.594  50868.019    31.7836     5.9219     49.124    7.07079     5.9186    25.0217   12.68662 4.7011e-02 0.0000e+00
        573 148.581296    0.03972     2.3833    143.000     49.817  50866.647    31.7827     5.9224     49.345    7.07074     5.9184    25.0209   12.68656 4.6857e-02 0.0000e+00
        574 148.581299    0.03979     2.3875    143.250     50.052  50865.539    31.7818     5.9226     49.578    7.07076     5.9180    25.0202   12.68659 4.6699e-02 0.0000e+00
        575 148.581302    0.03986     2.3917    143.500     50.295  50865.449    31.7816     5.9224     49.819    7.07081     5.9175    25.0201   12.68667 4.6549e-02 0.0000e+00
        576 148.581305    0.03993     2.3958    143.750     50.540  50865.362    31.7814     5.9220     50.061    7.07088     5.9168    25.0199   12.68680 4.6407e-02 0.0000e+00
        577 148.581308    0.04000     2.4000    144.000     50.776  50864.633    31.7807     5.9216     50.295    7.07098     5.9160    25.0194   12.68698 4.6275e-02 0.0000e+00
        578 148.581311    0.04007     2.4042    144.250     51.000  50864.426    31.7803     5.9209     50.517    7.07111     5.9152    25.0192   12.68720 4.6152e-02 0.0000e+00
        579 148.581314    0.04014     2.4083    144.500     51.214  50865.116    31.7805     5.9200     50.729    7.07125     5.9145    25.0195   12.68742 4.6038e-02 0.0000e+00
        580 148.581317    0.04021     2.4125    144.750     51.423  50865.903    31.7808     5.9193     50.936    7.07136     5.9140    25.0198   12.68760 4.5941e-02 0.0000e+00
        581 148.581319    0.04028     2.4167    145.000     51.635  50866.481    31.7810     5.9186     51.146    7.07145     5.9136    25.0200   12.68776 4.5853e-02 0.0000e+00
        582 148.581322    0.04035     2.4208    145.250     51.855  50867.051    31.7812     5.9181     51.364    7.07153     5.9133    25.0202   12.68788 4.5766e-02 0.0000e+00
        583 148.581325    0.04042     2.4250    145.500     52.088  50867.414    31.7812     5.9178     51.595    7.07159     5.9131    25.0203   12.68798 4.5676e-02 0.0000e+00
        584 148.581328    0.04049     2.4292    145.750     52.332  50867.505    31.7811     5.9175     51.836    7.07164     5.9129    25.0203   12.68806 4.5581e-02 0.0000e+00
        585 148.581331    0.04056     2.4333    146.000     52.582  50867.631    31.7811     5.9173     52.084    7.07167     5.9127    25.0202   12.68812 4.5482e-02 0.0000e+00
        586 148.581334    0.04063     2.4375    146.250     52.834  50867.646    31.7809     5.9171     52.334    7.07171     5.9125    25.0201   12.68818 4.5383e-02 0.0000e+00
        587 148.581337    0.04069     2.4417    146.500     53.084  50867.452    31.7806     5.9169     52.581    7.07175     5.9120    25.0199   12.68825 4.5290e-02 0.0000e+00
        588 148.581340    0.04076     2.4458    146.750     53.327  50866.889    31.7801     5.9167     52.821    7.07182     5.9111    25.0195   12.68837 4.5207e-02 0.0000e+00
        589 148.581343    0.04083     2.4500    147.000     53.563  50865.410    31.7789     5.9162     53.055    7.07195     5.9093    25.0186   12.68861 4.5130e-02 0.0000e+00
        590 148.581345    0.04090     2.4542    147.250     53.796  50862.888    31.7768     5.9153     53.285    7.07220     5.9068    25.0171   12.68904 4.5056e-02 0.0000e+00
        591 148.581348    0.04097     2.4583    147.500     54.027  50860.563    31.7748     5.9136     53.514    7.07258     5.9038    25.0157   12.68970 4.4979e-02 0.0000e+00
        592 148.581351    0.04104     2.4625    147.750     54.260  50859.343    31.7733     5.9111     53.745    7.07307     5.9008    25.0148   12.69052 4.4899e-02 0.0000e+00
        593 148.581354    0.04111     2.4667    148.000     54.497  50859.910    31.7730     5.9081     53.980    7.07358     5.8982    25.0150   12.69137 4.4819e-02 0.0000e+00
        594 148.581357    0.04118     2.4708    148.250     54.737  50862.477    31.7740     5.9051     54.218    7.07403     5.8962    25.0162   12.69210 4.4745e-02 0.0000e+00
        595 148.581360    0.04125     2.4750    148.500     54.978  50864.676    31.7749     5.9026     54.457    7.07440     5.8945    25.0172   12.69271 4.4680e-02 0.0000e+00
        596 148.581363    0.04132     2.4792    148.750     55.214  50865.536    31.7750     5.9006     54.691    7.07473     5.8930    25.0175   12.69325 4.4624e-02 0.0000e+00
        597 148.581366    0.04139     2.4833    149.000     55.443  50866.362    31.7751     5.8989     54.918    7.07502     5.8918    25.0178   12.69371 4.4571e-02 0.0000e+00
        598 148.581369    0.04146     2.4875    149.250     55.666  50867.853    31.7757     5.8974     55.138    7.07524     5.8911    25.0184   12.69408 4.4519e-02 0.0000e+00
        599 148.581372    0.04153     2.4917    149.500     55.887  50869.931    31.7768     5.8962     55.357    7.07539     5.8906    25.0194   12.69430 4.4472e-02 0.0000e+00
        600 148.581374    0.04160     2.4958    149.750     56.113  50871.370    31.7776     5.8955     55.581    7.07547     5.8900    25.0201   12.69443 4.4423e-02 0.0000e+00
        601 148.581377    0.04167     2.5000    150.000     56.347  50871.322    31.7774     5.8950     55.813    7.07555     5.8892    25.0200   12.69457 4.4372e-02 0.0000e+00
        602 148.581380    0.04174     2.5042    150.250     56.589  50871.104    31.7770     5.8944     56.052    7.07567     5.8884    25.0198   12.69477 4.4317e-02 0.0000e+00
        603 148.581383    0.04181     2.5083    150.500     56.834  50871.777    31.7772     5.8936     56.295    7.07580     5.8878    25.0200   12.69497 4.4259e-02 0.0000e+00
        604 148.581386    0.04188     2.5125    150.750     57.076  50872.806    31.7776     5.8929     56.535    7.07590     5.8873    25.0205   12.69514 4.4202e-02 0.0000e+00
        605 148.581389    0.04194     2.5167    151.000     57.311  50873.686    31.7780     5.8923     56.768    7.07598     5.8870    25.0208   12.69527 4.4145e-02 0.0000e+00
        606 148.581392    0.04201     2.5208    151.250     57.539  50874.399    31.7783     5.8919     56.993    7.07604     5.8869    25.0211   12.69536 4.4094e-02 0.0000e+00
        607 148.581395    0.04208     2.5250    151.500     57.763  50875.193    31.7787     5.8916     57.215    7.07607     5.8870    25.0214   12.69541 4.4056e-02 0.0000e+00
        608 148.581398    0.04215     2.5292    151.750     57.987  50876.099    31.7792     5.8915     57.437    7.07606     5.8872    25.0219   12.69539 4.4027e-02 0.0000e+00
        609 148.581400    0.04222     2.5333    152.000     58.217  50876.735    31.7795     5.8916     57.664    7.07603     5.8874    25.0222   12.69533 4.3999e-02 0.0000e+00
        610 148.581403    0.04229     2.5375    152.250     58.453  50876.715    31.7794     5.8918     57.898    7.07599     5.8873    25.0221   12.69527 4.3965e-02 0.0000e+00
        611 148.581406    0.04236     2.5417    152.500     58.692  50876.171    31.7790     5.8920     58.135    7.07598     5.8866    25.0217   12.69525 4.3923e-02 0.0000e+00
        612 148.581409    0.04243     2.5458    152.750     58.930  50874.729    31.7779     5.8920     58.370    7.07604     5.8846    25.0208   12.69537 4.3876e-02 0.0000e+00
        613 148.581412    0.04250     2.5500    153.000     59.161  50870.835    31.7749     5.8913     58.599    7.07629     5.8806    25.0186   12.69582 4.3827e-02 0.0000e+00
        614 148.581415    0.04257     2.5542    153.250     59.386  50865.600    31.7708     5.8893     58.822    7.07682     5.8755    25.0156   12.69675 4.3784e-02 0.0000e+00
        615 148.581418    0.04264     2.5583    153.500     59.610  50863.436    31.7684     5.8854     59.044    7.07759     5.8707    25.0141   12.69805 4.3748e-02 0.0000e+00
        616 148.581421    0.04271     2.5625    153.750     59.838  50866.225    31.7692     5.8802     59.270    7.07840     5.8670    25.0154   12.69939 4.3711e-02 0.0000e+00
        617 148.581424    0.04278     2.5667    154.000     60.075  50871.276    31.7716     5.8754     59.505    7.07909     5.8643    25.0178   12.70049 4.3666e-02 0.0000e+00
        618 148.581427    0.04285     2.5708    154.250     60.319  50874.937    31.7733     5.8718     59.747    7.07962     5.8615    25.0196   12.70135 4.3618e-02 0.0000e+00
        619 148.581429    0.04292     2.5750    154.500     60.565  50875.365    31.7730     5.8690     59.990    7.08009     5.8579    25.0197   12.70214 4.3579e-02 0.0000e+00
        620 148.581432    0.04299     2.5792    154.750     60.807  50873.245    31.7709     5.8663     60.230    7.08065     5.8532    25.0183   12.70308 4.3549e-02 0.0000e+00
        621 148.581435    0.04306     2.5833    155.000     61.041  50870.980    31.7685     5.8627     60.461    7.08136     5.8479    25.0169   12.70428 4.3520e-02 0.0000e+00
        622 148.581438    0.04312     2.5875    155.250     61.265  50870.770    31.7673     5.8580     60.683    7.08219     5.8431    25.0165   12.70568 4.3496e-02 0.0000e+00
        623 148.581441    0.04319     2.5917    155.500     61.483  50873.552    31.7680     5.8528     60.899    7.08304     5.8393    25.0177   12.70706 4.3476e-02 0.0000e+00
        624 148.581444    0.04326     2.5958    155.750     61.701  50878.024    31.7700     5.8479     61.115    7.08375     5.8366    25.0199   12.70822 4.3454e-02 0.0000e+00
        625 148.581447    0.04333     2.6000    156.000     61.926  50882.063    31.7720     5.8441     61.338    7.08429     5.8346    25.0218   12.70909 4.3431e-02 0.0000e+00
        626 148.581450    0.04340     2.6042    156.250     62.162  50884.909    31.7733     5.8415     61.571    7.08468     5.8329    25.0232   12.70970 4.3413e-02 0.0000e+00
        627 148.581453    0.04347     2.6083    156.500     62.404  50886.806    31.7741     5.8395     61.811    7.08496     5.8312    25.0240   12.71017 4.3395e-02 0.0000e+00
        628 148.581455    0.04354     2.6125    156.750     62.647  50888.235    31.7746     5.8378     62.052    7.08522     5.8292    25.0246   12.71058 4.3372e-02 0.0000e+00
        629 148.581458    0.04361     2.6167    157.000     62.887  50889.652    31.7751     5.8361     62.290    7.08548     5.8270    25.0253   12.71101 4.3348e-02 0.0000e+00
        630 148.581461    0.04368     2.6208    157.250     63.125  50891.488    31.7759     5.8342     62.525    7.08577     5.8248    25.0261   12.71148 4.3322e-02 0.0000e+00
        631 148.581464    0.04375     2.6250    157.500     63.360  50893.858    31.7770     5.8320     62.758    7.08608     5.8229    25.0272   12.71197 4.3292e-02 0.0000e+00
        632 148.581467    0.04382     2.6292    157.750     63.595  50896.425    31.7782     5.8298     62.991    7.08638     5.8212    25.0285   12.71246 4.3255e-02 0.0000e+00
