CTD-processing/allCTD/CNV--turbid/2014_08-14_alongbay_skb07_cast049.cnv
* Sea-Bird SBE19plus Data File:
* FileName = C:\Users\kris.holderied\Documents\kasitsna\Research-Projects-and-Data\Oceanography-AK\CTD-Data-ALL-to-2014-06\2014-CTD-KachemakBay-CookInlet\2014-08-14-KachemakBay-AlongBayLine\2014-08-14-KachemakBay-AlongBay-cast049.hex
* Software Version 1.59
* Temperature SN =  4141
* Conductivity SN =  4141
* System UpLoad Time = Oct 13 2014 01:27:08
** Kachemak Bay Along-bay Line West to East
** Date: 08-14
** Station: KB07
** Start time: 12:50
** Depth (m): 139.9
** Comment:  CTD time is Alaska Daylight time.  R/V Barnacle. Transducer  depth.
** Comment:
# nquan = 16
# nvalues = 749                         
# units = specified
# name 0 = scan: Scan Count
# name 1 = timeJ: Julian Days
# name 2 = timeH: Time, Elapsed [hours]
# name 3 = timeM: Time, Elapsed [minutes]
# name 4 = timeS: Time, Elapsed [seconds]
# name 5 = prdM: Pressure, Strain Gauge [db]
# name 6 = specc: Specific Conductance [uS/cm]
# name 7 = sal00: Salinity, Practical [PSU]
# name 8 = tv290C: Temperature [ITS-90, deg C]
# name 9 = depSM: Depth [salt water, m], lat = 59.00
# name 10 = oxsolML/L: Oxygen Saturation, Garcia & Gordon [ml/l]
# name 11 = potemp090C: Potential Temperature [ITS-90, deg C]
# name 12 = sigma-é00: Density [sigma-theta, kg/m^3]
# name 13 = n2satML/L: Nitrogen Saturation [ml/l]
# name 14 = par: PAR/Irradiance, Biospherical/Licor
# name 15 = flag:  0.000e+00
# span 0 =          1,        749       
# span 1 = 226.535845, 226.538009       
# span 2 =    0.00000,    0.05194       
# span 3 =     0.0000,     3.1167       
# span 4 =      0.000,    187.000       
# span 5 =     -0.016,    138.947       
# span 6 =  27643.710,  49339.914       
# span 7 =    16.7718,    31.3408       
# span 8 =    10.0541,    11.8274       
# span 9 =     -0.016,    137.601       
# span 10 =    6.30957,    6.81955      
# span 11 =    10.0388,    11.8273      
# span 12 =    12.5083,    24.0895      
# span 13 =   11.43943,   12.46212      
# span 14 = 4.8109e-02, 1.7123e+02      
# span 15 = 0.0000e+00, 0.0000e+00      
# interval = seconds: 0.25
# start_time = Aug 14 2014 12:51:37 [Instrument's time stamp, header]
# bad_flag = -9.990e-29
*END*
[from data line 91]
         92 226.536108    0.00632     0.3792     22.750      0.629  38872.775    24.2681    11.7239      0.623    6.51340    11.7269    18.3169   11.85577 1.4869e+02 0.0000e+00
         93 226.536111    0.00639     0.3833     23.000      0.630  38874.189    24.2692    11.7256      0.624    6.51312    11.7281    18.3175   11.85528 1.4732e+02 0.0000e+00
         94 226.536114    0.00646     0.3875     23.250      0.644  38874.285    24.2694    11.7270      0.638    6.51292    11.7291    18.3174   11.85494 1.4531e+02 0.0000e+00
         95 226.536117    0.00653     0.3917     23.500      0.665  38872.906    24.2685    11.7282      0.659    6.51278    11.7300    18.3165   11.85473 1.4315e+02 0.0000e+00
         96 226.536120    0.00660     0.3958     23.750      0.687  38870.553    24.2670    11.7292      0.680    6.51270    11.7307    18.3152   11.85460 1.4200e+02 0.0000e+00
         97 226.536123    0.00667     0.4000     24.000      0.700  38867.679    24.2651    11.7301      0.694    6.51266    11.7312    18.3136   11.85456 1.4222e+02 0.0000e+00
         98 226.536126    0.00674     0.4042     24.250      0.703  38864.644    24.2630    11.7307      0.697    6.51264    11.7317    18.3119   11.85457 1.4323e+02 0.0000e+00
         99 226.536128    0.00681     0.4083     24.500      0.696  38862.045    24.2613    11.7313      0.690    6.51264    11.7321    18.3104   11.85458 1.4448e+02 0.0000e+00
        100 226.536131    0.00688     0.4125     24.750      0.682  38860.504    24.2602    11.7317      0.676    6.51262    11.7324    18.3096   11.85456 1.4599e+02 0.0000e+00
        101 226.536134    0.00694     0.4167     25.000      0.666  38860.107    24.2600    11.7321      0.660    6.51257    11.7325    18.3093   11.85448 1.4810e+02 0.0000e+00
        102 226.536137    0.00701     0.4208     25.250      0.651  38860.384    24.2602    11.7324      0.645    6.51252    11.7325    18.3094   11.85440 1.4975e+02 0.0000e+00
        103 226.536140    0.00708     0.4250     25.500      0.641  38860.785    24.2605    11.7326      0.635    6.51249    11.7325    18.3096   11.85434 1.4953e+02 0.0000e+00
        104 226.536143    0.00715     0.4292     25.750      0.638  38860.922    24.2606    11.7326      0.632    6.51248    11.7324    18.3097   11.85433 1.4809e+02 0.0000e+00
        105 226.536146    0.00722     0.4333     26.000      0.644  38860.720    24.2604    11.7325      0.637    6.51250    11.7323    18.3096   11.85435 1.4699e+02 0.0000e+00
        106 226.536149    0.00729     0.4375     26.250      0.657  38860.397    24.2602    11.7324      0.651    6.51252    11.7322    18.3094   11.85440 1.4666e+02 0.0000e+00
        107 226.536152    0.00736     0.4417     26.500      0.675  38860.091    24.2600    11.7323      0.668    6.51254    11.7322    18.3093   11.85444 1.4658e+02 0.0000e+00
        108 226.536155    0.00743     0.4458     26.750      0.688  38859.661    24.2597    11.7323      0.681    6.51256    11.7323    18.3090   11.85448 1.4633e+02 0.0000e+00
        109 226.536157    0.00750     0.4500     27.000      0.693  38858.957    24.2592    11.7323      0.686    6.51258    11.7325    18.3087   11.85451 1.4612e+02 0.0000e+00
        110 226.536160    0.00757     0.4542     27.250      0.688  38858.181    24.2587    11.7324      0.682    6.51259    11.7327    18.3082   11.85453 1.4650e+02 0.0000e+00
        111 226.536163    0.00764     0.4583     27.500      0.679  38857.754    24.2584    11.7326      0.673    6.51258    11.7329    18.3080   11.85451 1.4759e+02 0.0000e+00
        112 226.536166    0.00771     0.4625     27.750      0.671  38857.735    24.2584    11.7328      0.665    6.51255    11.7331    18.3079   11.85446 1.4890e+02 0.0000e+00
        113 226.536169    0.00778     0.4667     28.000      0.667  38857.791    24.2585    11.7330      0.661    6.51252    11.7332    18.3079   11.85441 1.4951e+02 0.0000e+00
        114 226.536172    0.00785     0.4708     28.250      0.665  38857.748    24.2585    11.7331      0.659    6.51249    11.7332    18.3079   11.85437 1.4892e+02 0.0000e+00
        115 226.536175    0.00792     0.4750     28.500      0.666  38857.695    24.2584    11.7332      0.660    6.51248    11.7333    18.3079   11.85435 1.4774e+02 0.0000e+00
        116 226.536178    0.00799     0.4792     28.750      0.669  38857.678    24.2584    11.7333      0.663    6.51247    11.7333    18.3079   11.85434 1.4687e+02 0.0000e+00
        117 226.536181    0.00806     0.4833     29.000      0.675  38857.641    24.2584    11.7334      0.668    6.51247    11.7334    18.3079   11.85433 1.4666e+02 0.0000e+00
        118 226.536183    0.00813     0.4875     29.250      0.684  38857.526    24.2583    11.7334      0.677    6.51247    11.7335    18.3078   11.85433 1.4652e+02 0.0000e+00
        119 226.536186    0.00819     0.4917     29.500      0.695  38857.371    24.2582    11.7335      0.688    6.51246    11.7336    18.3077   11.85432 1.4587e+02 0.0000e+00
        120 226.536189    0.00826     0.4958     29.750      0.704  38857.290    24.2581    11.7336      0.697    6.51245    11.7338    18.3076   11.85430 1.4516e+02 0.0000e+00
        121 226.536192    0.00833     0.5000     30.000      0.708  38857.294    24.2582    11.7337      0.701    6.51243    11.7340    18.3076   11.85426 1.4517e+02 0.0000e+00
        122 226.536195    0.00840     0.5042     30.250      0.706  38857.238    24.2582    11.7339      0.699    6.51240    11.7342    18.3075   11.85422 1.4636e+02 0.0000e+00
        123 226.536198    0.00847     0.5083     30.500      0.698  38856.990    24.2580    11.7341      0.691    6.51238    11.7345    18.3074   11.85419 1.4829e+02 0.0000e+00
        124 226.536201    0.00854     0.5125     30.750      0.686  38856.540    24.2577    11.7343      0.680    6.51236    11.7350    18.3071   11.85416 1.4956e+02 0.0000e+00
        125 226.536204    0.00861     0.5167     31.000      0.676  38855.969    24.2573    11.7346      0.670    6.51233    11.7354    18.3068   11.85411 1.4965e+02 0.0000e+00
        126 226.536207    0.00868     0.5208     31.250      0.673  38855.352    24.2569    11.7350      0.666    6.51229    11.7358    18.3064   11.85405 1.4924e+02 0.0000e+00
        127 226.536209    0.00875     0.5250     31.500      0.680  38854.689    24.2565    11.7355      0.673    6.51224    11.7361    18.3060   11.85397 1.4856e+02 0.0000e+00
        128 226.536212    0.00882     0.5292     31.750      0.696  38854.005    24.2561    11.7359      0.689    6.51219    11.7363    18.3056   11.85391 1.4751e+02 0.0000e+00
        129 226.536215    0.00889     0.5333     32.000      0.715  38853.491    24.2557    11.7362      0.708    6.51217    11.7365    18.3053   11.85386 1.4648e+02 0.0000e+00
        130 226.536218    0.00896     0.5375     32.250      0.730  38853.305    24.2556    11.7364      0.723    6.51214    11.7367    18.3052   11.85383 1.4611e+02 0.0000e+00
        131 226.536221    0.00903     0.5417     32.500      0.735  38853.289    24.2556    11.7366      0.728    6.51212    11.7371    18.3052   11.85379 1.4684e+02 0.0000e+00
        132 226.536224    0.00910     0.5458     32.750      0.731  38853.169    24.2555    11.7368      0.724    6.51209    11.7375    18.3051   11.85374 1.4846e+02 0.0000e+00
        133 226.536227    0.00917     0.5500     33.000      0.718  38852.820    24.2553    11.7372      0.712    6.51205    11.7380    18.3049   11.85369 1.4978e+02 0.0000e+00
        134 226.536230    0.00924     0.5542     33.250      0.705  38852.211    24.2550    11.7376      0.698    6.51201    11.7385    18.3045   11.85361 1.4990e+02 0.0000e+00
        135 226.536233    0.00931     0.5583     33.500      0.696  38851.385    24.2545    11.7381      0.690    6.51195    11.7388    18.3040   11.85353 1.4967e+02 0.0000e+00
        136 226.536236    0.00937     0.5625     33.750      0.695  38850.514    24.2539    11.7386      0.689    6.51191    11.7390    18.3035   11.85347 1.5009e+02 0.0000e+00
        137 226.536238    0.00944     0.5667     34.000      0.701  38849.846    24.2534    11.7389      0.694    6.51188    11.7390    18.3031   11.85343 1.5060e+02 0.0000e+00
        138 226.536241    0.00951     0.5708     34.250      0.707  38849.574    24.2533    11.7390      0.700    6.51187    11.7390    18.3029   11.85341 1.5054e+02 0.0000e+00
        139 226.536244    0.00958     0.5750     34.500      0.708  38849.727    24.2534    11.7391      0.701    6.51186    11.7390    18.3030   11.85339 1.5052e+02 0.0000e+00
        140 226.536247    0.00965     0.5792     34.750      0.703  38850.152    24.2537    11.7391      0.697    6.51185    11.7389    18.3032   11.85337 1.5155e+02 0.0000e+00
        141 226.536250    0.00972     0.5833     35.000      0.693  38850.588    24.2540    11.7390      0.687    6.51185    11.7389    18.3035   11.85335 1.5346e+02 0.0000e+00
        142 226.536253    0.00979     0.5875     35.250      0.682  38850.878    24.2542    11.7390      0.676    6.51184    11.7389    18.3036   11.85334 1.5479e+02 0.0000e+00
        143 226.536256    0.00986     0.5917     35.500      0.671  38851.065    24.2543    11.7390      0.665    6.51184    11.7390    18.3037   11.85333 1.5496e+02 0.0000e+00
        144 226.536259    0.00993     0.5958     35.750      0.660  38851.211    24.2544    11.7390      0.654    6.51183    11.7390    18.3038   11.85331 1.5511e+02 0.0000e+00
        145 226.536262    0.01000     0.6000     36.000      0.651  38851.313    24.2545    11.7391      0.645    6.51182    11.7390    18.3038   11.85330 1.5597e+02 0.0000e+00
        146 226.536264    0.01007     0.6042     36.250      0.643  38851.394    24.2545    11.7391      0.637    6.51182    11.7390    18.3039   11.85329 1.5694e+02 0.0000e+00
        147 226.536267    0.01014     0.6083     36.500      0.638  38851.509    24.2546    11.7391      0.633    6.51181    11.7390    18.3039   11.85328 1.5763e+02 0.0000e+00
        148 226.536270    0.01021     0.6125     36.750      0.635  38851.685    24.2547    11.7391      0.630    6.51181    11.7390    18.3040   11.85327 1.5803e+02 0.0000e+00
        149 226.536273    0.01028     0.6167     37.000      0.633  38851.890    24.2549    11.7391      0.628    6.51180    11.7390    18.3041   11.85326 1.5806e+02 0.0000e+00
        150 226.536276    0.01035     0.6208     37.250      0.633  38852.045    24.2550    11.7391      0.628    6.51180    11.7390    18.3042   11.85326 1.5772e+02 0.0000e+00
        151 226.536279    0.01042     0.6250     37.500      0.634  38852.117    24.2550    11.7391      0.629    6.51180    11.7390    18.3043   11.85326 1.5724e+02 0.0000e+00
        152 226.536282    0.01049     0.6292     37.750      0.637  38852.147    24.2551    11.7391      0.632    6.51180    11.7390    18.3043   11.85326 1.5706e+02 0.0000e+00
        153 226.536285    0.01056     0.6333     38.000      0.640  38852.182    24.2551    11.7391      0.635    6.51180    11.7390    18.3044   11.85326 1.5737e+02 0.0000e+00
        154 226.536288    0.01063     0.6375     38.250      0.640  38852.262    24.2552    11.7391      0.635    6.51180    11.7391    18.3044   11.85325 1.5780e+02 0.0000e+00
        155 226.536291    0.01069     0.6417     38.500      0.636  38852.366    24.2552    11.7391      0.631    6.51179    11.7393    18.3044   11.85324 1.5766e+02 0.0000e+00
        156 226.536293    0.01076     0.6458     38.750      0.632  38852.401    24.2553    11.7392      0.626    6.51177    11.7394    18.3044   11.85321 1.5712e+02 0.0000e+00
        157 226.536296    0.01083     0.6500     39.000      0.630  38852.308    24.2552    11.7393      0.624    6.51175    11.7396    18.3044   11.85318 1.5728e+02 0.0000e+00
        158 226.536299    0.01090     0.6542     39.250      0.630  38852.130    24.2551    11.7395      0.624    6.51173    11.7397    18.3043   11.85315 1.5798e+02 0.0000e+00
        159 226.536302    0.01097     0.6583     39.500      0.633  38851.980    24.2550    11.7396      0.627    6.51171    11.7398    18.3042   11.85312 1.5808e+02 0.0000e+00
        160 226.536305    0.01104     0.6625     39.750      0.636  38851.923    24.2550    11.7398      0.630    6.51170    11.7399    18.3041   11.85309 1.5754e+02 0.0000e+00
        161 226.536308    0.01111     0.6667     40.000      0.637  38851.938    24.2550    11.7399      0.631    6.51168    11.7399    18.3041   11.85306 1.5728e+02 0.0000e+00
        162 226.536311    0.01118     0.6708     40.250      0.637  38852.003    24.2550    11.7400      0.631    6.51167    11.7399    18.3041   11.85305 1.5773e+02 0.0000e+00
        163 226.536314    0.01125     0.6750     40.500      0.636  38852.103    24.2551    11.7400      0.630    6.51166    11.7399    18.3042   11.85304 1.5815e+02 0.0000e+00
        164 226.536317    0.01132     0.6792     40.750      0.635  38852.203    24.2552    11.7400      0.629    6.51166    11.7399    18.3042   11.85304 1.5787e+02 0.0000e+00
        165 226.536319    0.01139     0.6833     41.000      0.633  38852.287    24.2552    11.7400      0.627    6.51167    11.7399    18.3043   11.85304 1.5757e+02 0.0000e+00
        166 226.536322    0.01146     0.6875     41.250      0.631  38852.355    24.2553    11.7399      0.625    6.51167    11.7399    18.3043   11.85304 1.5790e+02 0.0000e+00
        167 226.536325    0.01153     0.6917     41.500      0.629  38852.392    24.2553    11.7399      0.624    6.51167    11.7400    18.3043   11.85304 1.5819e+02 0.0000e+00
        168 226.536328    0.01160     0.6958     41.750      0.629  38852.378    24.2553    11.7400      0.623    6.51166    11.7402    18.3043   11.85302 1.5817e+02 0.0000e+00
        169 226.536331    0.01167     0.7000     42.000      0.629  38852.300    24.2552    11.7401      0.623    6.51165    11.7404    18.3043   11.85300 1.5832e+02 0.0000e+00
        170 226.536334    0.01174     0.7042     42.250      0.629  38852.167    24.2552    11.7403      0.623    6.51162    11.7406    18.3042   11.85296 1.5848e+02 0.0000e+00
        171 226.536337    0.01181     0.7083     42.500      0.631  38852.007    24.2551    11.7405      0.625    6.51159    11.7408    18.3041   11.85292 1.5823e+02 0.0000e+00
        172 226.536340    0.01188     0.7125     42.750      0.634  38851.842    24.2550    11.7407      0.628    6.51157    11.7409    18.3040   11.85288 1.5787e+02 0.0000e+00
        173 226.536343    0.01194     0.7167     43.000      0.637  38851.698    24.2549    11.7409      0.631    6.51155    11.7411    18.3039   11.85284 1.5797e+02 0.0000e+00
        174 226.536345    0.01201     0.7208     43.250      0.638  38851.593    24.2548    11.7410      0.632    6.51153    11.7412    18.3038   11.85282 1.5819e+02 0.0000e+00
        175 226.536348    0.01208     0.7250     43.500      0.637  38851.483    24.2548    11.7411      0.631    6.51152    11.7414    18.3038   11.85280 1.5786e+02 0.0000e+00
        176 226.536351    0.01215     0.7292     43.750      0.634  38851.313    24.2547    11.7413      0.628    6.51150    11.7415    18.3037   11.85277 1.5740e+02 0.0000e+00
        177 226.536354    0.01222     0.7333     44.000      0.630  38851.089    24.2545    11.7414      0.624    6.51149    11.7417    18.3035   11.85275 1.5758e+02 0.0000e+00
        178 226.536357    0.01229     0.7375     44.250      0.627  38850.852    24.2544    11.7416      0.621    6.51147    11.7419    18.3034   11.85272 1.5831e+02 0.0000e+00
        179 226.536360    0.01236     0.7417     44.500      0.625  38850.613    24.2542    11.7418      0.619    6.51145    11.7422    18.3032   11.85268 1.5880e+02 0.0000e+00
        180 226.536363    0.01243     0.7458     44.750      0.622  38850.342    24.2540    11.7420      0.616    6.51143    11.7425    18.3031   11.85265 1.5874e+02 0.0000e+00
