CTD-processing/allCTD/CNV--turbid/2014_06-18_t9_s06_cast151.cnv
* Sea-Bird SBE19plus Data File:
* FileName = C:\Users\kris.holderied\Documents\kasitsna\Research-Projects-and-Data\Oceanography-AK\CTD-Data-ALL-to-2014-03\2014-CTD-KachemakBay-CookInlet\2014-06-18-CookInlet-HomerSpit-monthly\2014-06-18-CookInlet-T9-HomerSpit-cast151.hex
* Software Version 1.59
* Temperature SN =  4141
* Conductivity SN =  4141
* System UpLoad Time = Jul 20 2014 20:01:28
** Cook Inlet LTM Transect 9  (Homer Spit) South to North
** Date: 2014-06-18
** Station: 9-06
** Start time: 17:59
** Depth (m): 100.6
** Comment:  CTD time is Alaska Daylight time
** Comment:
# nquan = 16
# nvalues = 778                         
# units = specified
# name 0 = scan: Scan Count
# name 1 = timeJ: Julian Days
# name 2 = timeH: Time, Elapsed [hours]
# name 3 = timeM: Time, Elapsed [minutes]
# name 4 = timeS: Time, Elapsed [seconds]
# name 5 = prdM: Pressure, Strain Gauge [db]
# name 6 = specc: Specific Conductance [uS/cm]
# name 7 = sal00: Salinity, Practical [PSU]
# name 8 = tv290C: Temperature [ITS-90, deg C]
# name 9 = depSM: Depth [salt water, m], lat = 59.00
# name 10 = oxsolML/L: Oxygen Saturation, Garcia & Gordon [ml/l]
# name 11 = potemp090C: Potential Temperature [ITS-90, deg C]
# name 12 = sigma-é00: Density [sigma-theta, kg/m^3]
# name 13 = n2satML/L: Nitrogen Saturation [ml/l]
# name 14 = par: PAR/Irradiance, Biospherical/Licor
# name 15 = flag:  0.000e+00
# span 0 =          1,        778       
# span 1 = 169.750150, 169.752399       
# span 2 =    0.00000,    0.05396       
# span 3 =     0.0000,     3.2375       
# span 4 =      0.000,    194.250       
# span 5 =     -0.114,     96.774       
# span 6 =   7015.326,  50733.679       
# span 7 =     3.8363,    31.7990       
# span 8 =     6.5516,     9.8624       
# span 9 =     -0.113,     95.847       
# span 10 =    6.57753,    7.82852      
# span 11 =     6.5434,     9.8623      
# span 12 =     2.7640,    24.9500      
# span 13 =   11.89751,   14.33336      
# span 14 = 3.7319e-02, 2.2701e+00      
# span 15 = 0.0000e+00, 0.0000e+00      
# interval = seconds: 0.25
# start_time = Jun 18 2014 18:00:13 [Instrument's time stamp, header]
# bad_flag = -9.990e-29
*END*
[from data line 272]
        273 169.750937    0.01889     1.1333     68.000      0.671  45142.849    28.4309     9.8517      0.665    6.60787     9.8534    21.8512   11.96206 1.9489e+00 0.0000e+00
        274 169.750940    0.01896     1.1375     68.250      0.683  45154.284    28.4391     9.8532      0.677    6.60730     9.8518    21.8573   11.96102 1.9399e+00 0.0000e+00
        275 169.750943    0.01903     1.1417     68.500      0.717  45196.666    28.4686     9.8535      0.710    6.60601     9.8478    21.8803   11.95851 1.9301e+00 0.0000e+00
        276 169.750946    0.01910     1.1458     68.750      0.762  45269.697    28.5193     9.8519      0.755    6.60410     9.8420    21.9201   11.95473 1.9254e+00 0.0000e+00
        277 169.750949    0.01917     1.1500     69.000      0.807  45353.633    28.5773     9.8479      0.799    6.60222     9.8358    21.9659   11.95091 1.9279e+00 0.0000e+00
        278 169.750952    0.01924     1.1542     69.250      0.837  45425.040    28.6263     9.8421      0.829    6.60099     9.8306    22.0050   11.94826 1.9355e+00 0.0000e+00
        279 169.750955    0.01931     1.1583     69.500      0.846  45471.067    28.6577     9.8359      0.838    6.60056     9.8274    22.0304   11.94717 1.9444e+00 0.0000e+00
        280 169.750958    0.01938     1.1625     69.750      0.834  45478.253    28.6621     9.8307      0.826    6.60115     9.8270    22.0347   11.94808 1.9516e+00 0.0000e+00
        281 169.750961    0.01944     1.1667     70.000      0.809  45450.023    28.6421     9.8275      0.802    6.60245     9.8282    22.0196   11.95049 1.9567e+00 0.0000e+00
        282 169.750964    0.01951     1.1708     70.250      0.785  45418.769    28.6203     9.8270      0.778    6.60345     9.8294    22.0026   11.95241 1.9536e+00 0.0000e+00
        283 169.750966    0.01958     1.1750     70.500      0.774  45410.878    28.6150     9.8283      0.766    6.60349     9.8290    21.9983   11.95254 1.9407e+00 0.0000e+00
        284 169.750969    0.01965     1.1792     70.750      0.781  45436.942    28.6333     9.8295      0.774    6.60253     9.8254    22.0124   11.95074 1.9258e+00 0.0000e+00
        285 169.750972    0.01972     1.1833     71.000      0.809  45508.425    28.6831     9.8290      0.802    6.60049     9.8176    22.0513   11.94675 1.9100e+00 0.0000e+00
        286 169.750975    0.01979     1.1875     71.250      0.855  45638.519    28.7734     9.8255      0.847    6.59718     9.8049    22.1223   11.94015 1.8929e+00 0.0000e+00
        287 169.750978    0.01986     1.1917     71.500      0.916  45824.508    28.9022     9.8177      0.908    6.59287     9.7879    22.2239   11.93143 1.8754e+00 0.0000e+00
        288 169.750981    0.01993     1.1958     71.750      0.993  46042.891    29.0531     9.8050      0.984    6.58833     9.7674    22.3435   11.92207 1.8551e+00 0.0000e+00
        289 169.750984    0.02000     1.2000     72.000      1.084  46277.259    29.2147     9.7880      1.074    6.58398     9.7444    22.4722   11.91289 1.8315e+00 0.0000e+00
        290 169.750987    0.02007     1.2042     72.250      1.184  46508.513    29.3738     9.7675      1.173    6.58024     9.7206    22.5995   11.90474 1.8087e+00 0.0000e+00
        291 169.750990    0.02014     1.2083     72.500      1.287  46700.476    29.5051     9.7446      1.275    6.57802     9.6978    22.7055   11.89947 1.7880e+00 0.0000e+00
        292 169.750992    0.02021     1.2125     72.750      1.391  46838.462    29.5987     9.7208      1.378    6.57753     9.6764    22.7821   11.89751 1.7664e+00 0.0000e+00
        293 169.750995    0.02028     1.2167     73.000      1.495  46933.636    29.6624     9.6980      1.481    6.57815     9.6557    22.8354   11.89777 1.7427e+00 0.0000e+00
        294 169.750998    0.02035     1.2208     73.250      1.602  46998.959    29.7054     9.6766      1.587    6.57944     9.6344    22.8722   11.89938 1.7191e+00 0.0000e+00
        295 169.751001    0.02042     1.2250     73.500      1.714  47045.546    29.7354     9.6559      1.697    6.58118     9.6123    22.8989   11.90191 1.6974e+00 0.0000e+00
        296 169.751004    0.02049     1.2292     73.750      1.831  47081.819    29.7581     9.6346      1.814    6.58331     9.5896    22.9199   11.90516 1.6790e+00 0.0000e+00
        297 169.751007    0.02056     1.2333     74.000      1.955  47112.942    29.7771     9.6125      1.937    6.58572     9.5672    22.9382   11.90893 1.6651e+00 0.0000e+00
        298 169.751010    0.02063     1.2375     74.250      2.085  47142.111    29.7946     9.5898      2.065    6.58828     9.5463    22.9554   11.91296 1.6551e+00 0.0000e+00
        299 169.751013    0.02069     1.2417     74.500      2.217  47170.673    29.8118     9.5674      2.196    6.59083     9.5284    22.9722   11.91698 1.6473e+00 0.0000e+00
        300 169.751016    0.02076     1.2458     74.750      2.349  47197.519    29.8279     9.5465      2.327    6.59319     9.5139    22.9880   11.92068 1.6400e+00 0.0000e+00
        301 169.751019    0.02083     1.2500     75.000      2.483  47220.783    29.8419     9.5287      2.459    6.59520     9.5021    23.0017   11.92385 1.6305e+00 0.0000e+00
        302 169.751021    0.02090     1.2542     75.250      2.621  47239.803    29.8533     9.5141      2.596    6.59684     9.4921    23.0129   11.92643 1.6170e+00 0.0000e+00
        303 169.751024    0.02097     1.2583     75.500      2.766  47255.198    29.8625     9.5024      2.740    6.59817     9.4829    23.0219   11.92852 1.6013e+00 0.0000e+00
        304 169.751027    0.02104     1.2625     75.750      2.917  47268.276    29.8704     9.4925      2.889    6.59929     9.4737    23.0296   11.93028 1.5853e+00 0.0000e+00
        305 169.751030    0.02111     1.2667     76.000      3.068  47280.370    29.8776     9.4833      3.040    6.60033     9.4647    23.0367   11.93191 1.5698e+00 0.0000e+00
        306 169.751033    0.02118     1.2708     76.250      3.212  47292.229    29.8847     9.4741      3.182    6.60136     9.4561    23.0436   11.93354 1.5574e+00 0.0000e+00
        307 169.751036    0.02125     1.2750     76.500      3.342  47303.815    29.8916     9.4651      3.310    6.60239     9.4481    23.0504   11.93516 1.5491e+00 0.0000e+00
        308 169.751039    0.02132     1.2792     76.750      3.454  47314.597    29.8980     9.4565      3.421    6.60337     9.4403    23.0567   11.93671 1.5421e+00 0.0000e+00
        309 169.751042    0.02139     1.2833     77.000      3.553  47324.146    29.9036     9.4485      3.519    6.60430     9.4313    23.0623   11.93819 1.5349e+00 0.0000e+00
        310 169.751045    0.02146     1.2875     77.250      3.645  47332.692    29.9085     9.4406      3.611    6.60525     9.4194    23.0674   11.93969 1.5285e+00 0.0000e+00
        311 169.751047    0.02153     1.2917     77.500      3.738  47341.195    29.9133     9.4317      3.703    6.60636     9.4017    23.0725   11.94148 1.5226e+00 0.0000e+00
        312 169.751050    0.02160     1.2958     77.750      3.835  47351.596    29.9190     9.4198      3.799    6.60787     9.3743    23.0788   11.94391 1.5167e+00 0.0000e+00
        313 169.751053    0.02167     1.3000     78.000      3.938  47366.987    29.9274     9.4021      3.901    6.61011     9.3324    23.0880   11.94752 1.5109e+00 0.0000e+00
        314 169.751056    0.02174     1.3042     78.250      4.043  47392.721    29.9418     9.3747      4.005    6.61352     9.2746    23.1035   11.95300 1.5064e+00 0.0000e+00
        315 169.751059    0.02181     1.3083     78.500      4.144  47437.520    29.9676     9.3328      4.105    6.61859     9.2062    23.1301   11.96109 1.5027e+00 0.0000e+00
        316 169.751062    0.02187     1.3125     78.750      4.238  47507.706    30.0091     9.2750      4.198    6.62534     9.1327    23.1713   11.97177 1.4984e+00 0.0000e+00
        317 169.751065    0.02194     1.3167     79.000      4.327  47598.879    30.0639     9.2066      4.287    6.63310     9.0544    23.2244   11.98395 1.4937e+00 0.0000e+00
        318 169.751068    0.02201     1.3208     79.250      4.415  47700.457    30.1252     9.1331      4.374    6.64135     8.9723    23.2834   11.99687 1.4886e+00 0.0000e+00
        319 169.751071    0.02208     1.3250     79.500      4.503  47805.796    30.1883     9.0548      4.461    6.65025     8.8921    23.3446   12.01084 1.4828e+00 0.0000e+00
        320 169.751073    0.02215     1.3292     79.750      4.589  47910.347    30.2503     8.9727      4.546    6.65979     8.8179    23.4054   12.02588 1.4760e+00 0.0000e+00
        321 169.751076    0.02222     1.3333     80.000      4.675  48006.303    30.3064     8.8925      4.631    6.66931     8.7476    23.4613   12.04097 1.4681e+00 0.0000e+00
        322 169.751079    0.02229     1.3375     80.250      4.763  48087.915    30.3533     8.8184      4.718    6.67836     8.6787    23.5090   12.05539 1.4596e+00 0.0000e+00
        323 169.751082    0.02236     1.3417     80.500      4.855  48160.304    30.3941     8.7481      4.809    6.68711     8.6133    23.5513   12.06938 1.4510e+00 0.0000e+00
        324 169.751085    0.02243     1.3458     80.750      4.948  48232.125    30.4346     8.6792      4.901    6.69569     8.5555    23.5932   12.08309 1.4429e+00 0.0000e+00
        325 169.751088    0.02250     1.3500     81.000      5.036  48303.496    30.4752     8.6138      4.988    6.70376     8.5072    23.6346   12.09595 1.4369e+00 0.0000e+00
        326 169.751091    0.02257     1.3542     81.250      5.116  48367.784    30.5119     8.5560      5.068    6.71087     8.4667    23.6718   12.10727 1.4319e+00 0.0000e+00
        327 169.751094    0.02264     1.3583     81.500      5.191  48418.950    30.5407     8.5077      5.142    6.71690     8.4298    23.7014   12.11691 1.4263e+00 0.0000e+00
        328 169.751097    0.02271     1.3625     81.750      5.267  48455.905    30.5606     8.4672      5.217    6.72216     8.3922    23.7229   12.12537 1.4201e+00 0.0000e+00
        329 169.751100    0.02278     1.3667     82.000      5.352  48482.790    30.5740     8.4303      5.302    6.72716     8.3528    23.7388   12.13349 1.4131e+00 0.0000e+00
        330 169.751102    0.02285     1.3708     82.250      5.452  48508.182    30.5863     8.3928      5.401    6.73232     8.3133    23.7538   12.14187 1.4045e+00 0.0000e+00
        331 169.751105    0.02292     1.3750     82.500      5.564  48538.225    30.6014     8.3533      5.512    6.73765     8.2762    23.7713   12.15051 1.3957e+00 0.0000e+00
        332 169.751108    0.02299     1.3792     82.750      5.684  48571.564    30.6189     8.3139      5.630    6.74289     8.2430    23.7907   12.15897 1.3888e+00 0.0000e+00
        333 169.751111    0.02306     1.3833     83.000      5.803  48605.195    30.6368     8.2768      5.749    6.74775     8.2149    23.8100   12.16680 1.3842e+00 0.0000e+00
        334 169.751114    0.02313     1.3875     83.250      5.918  48637.580    30.6544     8.2436      5.862    6.75203     8.1919    23.8286   12.17367 1.3801e+00 0.0000e+00
        335 169.751117    0.02319     1.3917     83.500      6.024  48666.015    30.6701     8.2155      5.968    6.75563     8.1729    23.8449   12.17943 1.3754e+00 0.0000e+00
        336 169.751120    0.02326     1.3958     83.750      6.123  48688.338    30.6822     8.1925      6.066    6.75861     8.1566    23.8576   12.18421 1.3710e+00 0.0000e+00
        337 169.751123    0.02333     1.4000     84.000      6.214  48705.716    30.6914     8.1735      6.156    6.76110     8.1422    23.8676   12.18822 1.3680e+00 0.0000e+00
        338 169.751126    0.02340     1.4042     84.250      6.295  48720.494    30.6992     8.1572      6.236    6.76325     8.1291    23.8760   12.19168 1.3659e+00 0.0000e+00
        339 169.751128    0.02347     1.4083     84.500      6.366  48733.327    30.7060     8.1428      6.306    6.76516     8.1159    23.8834   12.19475 1.3637e+00 0.0000e+00
        340 169.751131    0.02354     1.4125     84.750      6.431  48743.254    30.7109     8.1297      6.371    6.76695     8.1004    23.8891   12.19766 1.3608e+00 0.0000e+00
        341 169.751134    0.02361     1.4167     85.000      6.499  48749.993    30.7136     8.1165      6.438    6.76886     8.0799    23.8931   12.20079 1.3575e+00 0.0000e+00
        342 169.751137    0.02368     1.4208     85.250      6.576  48755.159    30.7148     8.1010      6.514    6.77120     8.0538    23.8962   12.20464 1.3540e+00 0.0000e+00
        343 169.751140    0.02375     1.4250     85.500      6.663  48764.991    30.7185     8.0805      6.600    6.77418     8.0253    23.9020   12.20954 1.3504e+00 0.0000e+00
        344 169.751143    0.02382     1.4292     85.750      6.757  48786.062    30.7292     8.0544      6.694    6.77772     7.9982    23.9141   12.21525 1.3467e+00 0.0000e+00
        345 169.751146    0.02389     1.4333     86.000      6.857  48815.468    30.7453     8.0259      6.793    6.78139     7.9744    23.9307   12.22114 1.3428e+00 0.0000e+00
        346 169.751149    0.02396     1.4375     86.250      6.959  48846.251    30.7626     7.9988      6.893    6.78480     7.9549    23.9481   12.22656 1.3392e+00 0.0000e+00
        347 169.751152    0.02403     1.4417     86.500      7.058  48875.061    30.7790     7.9751      6.992    6.78772     7.9401    23.9643   12.23120 1.3363e+00 0.0000e+00
        348 169.751155    0.02410     1.4458     86.750      7.154  48900.139    30.7934     7.9556      7.086    6.79008     7.9294    23.9783   12.23493 1.3335e+00 0.0000e+00
        349 169.751157    0.02417     1.4500     87.000      7.244  48920.071    30.8050     7.9408      7.176    6.79186     7.9219    23.9895   12.23773 1.3295e+00 0.0000e+00
        350 169.751160    0.02424     1.4542     87.250      7.334  48934.467    30.8134     7.9301      7.266    6.79314     7.9164    23.9975   12.23973 1.3246e+00 0.0000e+00
        351 169.751163    0.02431     1.4583     87.500      7.429  48944.472    30.8191     7.9226      7.359    6.79404     7.9119    24.0031   12.24115 1.3196e+00 0.0000e+00
        352 169.751166    0.02438     1.4625     87.750      7.529  48952.112    30.8236     7.9171      7.458    6.79470     7.9082    24.0073   12.24219 1.3149e+00 0.0000e+00
        353 169.751169    0.02444     1.4667     88.000      7.631  48958.899    30.8276     7.9126      7.559    6.79520     7.9052    24.0111   12.24298 1.3103e+00 0.0000e+00
        354 169.751172    0.02451     1.4708     88.250      7.728  48965.166    30.8314     7.9089      7.655    6.79560     7.9026    24.0146   12.24359 1.3069e+00 0.0000e+00
        355 169.751175    0.02458     1.4750     88.500      7.815  48970.840    30.8348     7.9059      7.741    6.79592     7.9003    24.0177   12.24408 1.3053e+00 0.0000e+00
        356 169.751178    0.02465     1.4792     88.750      7.889  48976.381    30.8382     7.9034      7.815    6.79617     7.8977    24.0208   12.24444 1.3045e+00 0.0000e+00
        357 169.751181    0.02472     1.4833     89.000      7.952  48982.502    30.8421     7.9010      7.877    6.79636     7.8944    24.0241   12.24471 1.3034e+00 0.0000e+00
        358 169.751183    0.02479     1.4875     89.250      8.010  48989.754    30.8467     7.8985      7.935    6.79654     7.8893    24.0281   12.24496 1.3016e+00 0.0000e+00
        359 169.751186    0.02486     1.4917     89.500      8.073  48999.089    30.8527     7.8952      7.997    6.79680     7.8812    24.0333   12.24531 1.2991e+00 0.0000e+00
        360 169.751189    0.02493     1.4958     89.750      8.149  49012.695    30.8613     7.8901      8.072    6.79720     7.8685    24.0408   12.24587 1.2952e+00 0.0000e+00
        361 169.751192    0.02500     1.5000     90.000      8.244  49033.682    30.8747     7.8821      8.167    6.79786     7.8491    24.0523   12.24679 1.2896e+00 0.0000e+00
