CTD-processing/allCTD/CNV--turbid/2014_08-14_subbays_petersonb_cast058.cnv
* Sea-Bird SBE19plus Data File:
* FileName = C:\Users\kris.holderied\Documents\kasitsna\Research-Projects-and-Data\Oceanography-AK\CTD-Data-ALL-to-2014-06\2014-CTD-KachemakBay-CookInlet\2014-08-14-KachemakBay-SubBays\2014-08-14-KachemakBay-SubBays-cast058.hex
* Software Version 1.59
* Temperature SN =  4141
* Conductivity SN =  4141
* System UpLoad Time = Oct 13 2014 01:44:55
** Kachemak Bay Sub-bays
** Date: 08-14
** Station: Peterson B
** Start time: 15:33
** Depth (m): 29
** Comment:  CTD time is Alaska Daylight time.  R/V Barnacle. Transducer  depth.
** Comment:
# nquan = 16
# nvalues = 496                         
# units = specified
# name 0 = scan: Scan Count
# name 1 = timeJ: Julian Days
# name 2 = timeH: Time, Elapsed [hours]
# name 3 = timeM: Time, Elapsed [minutes]
# name 4 = timeS: Time, Elapsed [seconds]
# name 5 = prdM: Pressure, Strain Gauge [db]
# name 6 = specc: Specific Conductance [uS/cm]
# name 7 = sal00: Salinity, Practical [PSU]
# name 8 = tv290C: Temperature [ITS-90, deg C]
# name 9 = depSM: Depth [salt water, m], lat = 59.00
# name 10 = oxsolML/L: Oxygen Saturation, Garcia & Gordon [ml/l]
# name 11 = potemp090C: Potential Temperature [ITS-90, deg C]
# name 12 = sigma-é00: Density [sigma-theta, kg/m^3]
# name 13 = n2satML/L: Nitrogen Saturation [ml/l]
# name 14 = par: PAR/Irradiance, Biospherical/Licor
# name 15 = flag:  0.000e+00
# span 0 =          1,        496       
# span 1 = 226.649190, 226.650622       
# span 2 =    0.00000,    0.03438       
# span 3 =     0.0000,     2.0625       
# span 4 =      0.000,    123.750       
# span 5 =     -0.212,     29.093       
# span 6 =   1115.164,  48399.539       
# span 7 =     0.5480,    30.8275       
# span 8 =    10.8506,    12.0967       
# span 9 =     -0.210,     28.818       
# span 10 =    6.31490,    7.52411      
# span 11 =    10.8473,    12.0967      
# span 12 =    -0.0663,    23.5400      
# span 13 =   11.45383,   13.86598      
# span 14 = 1.4639e-01, 4.8575e+02      
# span 15 = 0.0000e+00, 0.0000e+00      
# interval = seconds: 0.25
# start_time = Aug 14 2014 15:34:50 [Instrument's time stamp, header]
# bad_flag = -9.990e-29
*END*
[from data line 181]
        182 226.649714    0.01257     0.7542     45.250     -0.206   9282.910     5.1484    12.0551     -0.204    7.29275    12.0459     3.4915   13.41058 4.2578e+02 0.0000e+00
        183 226.649716    0.01264     0.7583     45.500     -0.206   8874.687     4.9068    12.0506     -0.204    7.30457    12.0413     3.3051   13.43387 4.1663e+02 0.0000e+00
        184 226.649719    0.01271     0.7625     45.750     -0.206   8712.128     4.8117    12.0459     -0.204    7.30972    12.0368     3.2321   13.44391 4.1166e+02 0.0000e+00
        185 226.649722    0.01278     0.7667     46.000     -0.206   8696.088     4.8050    12.0413     -0.204    7.31088    12.0325     3.2274   13.44600 4.0937e+02 0.0000e+00
        186 226.649725    0.01285     0.7708     46.250     -0.206   8662.140     4.7907    12.0367     -0.204    7.31244    12.0285     3.2169   13.44892 4.0843e+02 0.0000e+00
        187 226.649728    0.01292     0.7750     46.500     -0.206   8697.208     4.8216    12.0324     -0.204    7.31202    12.0248     3.2411   13.44792 4.0828e+02 0.0000e+00
        188 226.649731    0.01299     0.7792     46.750     -0.204   8826.972     4.9151    12.0285     -0.202    7.30886    12.0213     3.3137   13.44155 4.0889e+02 0.0000e+00
        189 226.649734    0.01306     0.7833     47.000     -0.201   8997.972     5.0439    12.0248     -0.199    7.30435    12.0178     3.4133   13.43257 4.1105e+02 0.0000e+00
        190 226.649737    0.01313     0.7875     47.250     -0.195   9533.283     5.4046    12.0212     -0.194    7.28968    12.0140     3.6922   13.40348 4.1519e+02 0.0000e+00
        191 226.649740    0.01319     0.7917     47.500     -0.188  10651.845     6.1373    12.0177     -0.186    7.25876    12.0090     4.2587   13.34226 4.2008e+02 0.0000e+00
        192 226.649742    0.01326     0.7958     47.750     -0.176  12509.707     7.3527    12.0140     -0.174    7.20711    12.0005     5.1981   13.24008 4.2309e+02 0.0000e+00
        193 226.649745    0.01333     0.8000     48.000     -0.156  16044.269     9.6304    12.0089     -0.155    7.10917    11.9857     6.9589   13.04626 4.2312e+02 0.0000e+00
        194 226.649748    0.01340     0.8042     48.250     -0.126  21936.883    13.4137    12.0005     -0.124    6.94630    11.9627     9.8844   12.72388 4.2151e+02 0.0000e+00
        195 226.649751    0.01347     0.8083     48.500     -0.085  28618.167    17.7300    11.9857     -0.084    6.76207    11.9332    13.2225   12.35918 4.1956e+02 0.0000e+00
        196 226.649754    0.01354     0.8125     48.750     -0.039  33666.402    21.0053    11.9627     -0.039    6.62433    11.9016    15.7574   12.08611 4.1708e+02 0.0000e+00
        197 226.649757    0.01361     0.8167     49.000      0.007  36701.174    22.9733    11.9332      0.006    6.54374    11.8720    17.2832   11.92564 4.1387e+02 0.0000e+00
        198 226.649760    0.01368     0.8208     49.250      0.053  38530.035    24.1584    11.9016      0.052    6.49712    11.8471    18.2045   11.83221 4.1030e+02 0.0000e+00
        199 226.649763    0.01375     0.8250     49.500      0.101  39637.325    24.8756    11.8720      0.100    6.47037    11.8277    18.7638   11.77809 4.0583e+02 0.0000e+00
        200 226.649766    0.01382     0.8292     49.750      0.153  40311.114    25.3118    11.8471      0.152    6.45506    11.8136    19.1051   11.74679 3.9984e+02 0.0000e+00
        201 226.649769    0.01389     0.8333     50.000      0.208  40723.507    25.5788    11.8278      0.207    6.44627    11.8036    19.3148   11.72861 3.9122e+02 0.0000e+00
        202 226.649771    0.01396     0.8375     50.250      0.266  40974.598    25.7413    11.8136      0.263    6.44125    11.7965    19.4428   11.71809 3.7674e+02 0.0000e+00
        203 226.649774    0.01403     0.8417     50.500      0.327  41121.898    25.8364    11.8036      0.324    6.43855    11.7910    19.5180   11.71233 3.5303e+02 0.0000e+00
        204 226.649777    0.01410     0.8458     50.750      0.395  41204.969    25.8897    11.7965      0.391    6.43724    11.7867    19.5603   11.70944 3.2315e+02 0.0000e+00
        205 226.649780    0.01417     0.8500     51.000      0.462  41252.905    25.9202    11.7910      0.458    6.43667    11.7831    19.5849   11.70808 2.9684e+02 0.0000e+00
        206 226.649783    0.01424     0.8542     51.250      0.521  41281.977    25.9386    11.7867      0.516    6.43648    11.7802    19.5999   11.70751 2.7989e+02 0.0000e+00
        207 226.649786    0.01431     0.8583     51.500      0.564  41299.084    25.9494    11.7831      0.559    6.43650    11.7779    19.6088   11.70741 2.7045e+02 0.0000e+00
        208 226.649789    0.01438     0.8625     51.750      0.593  41308.421    25.9551    11.7803      0.587    6.43665    11.7760    19.6137   11.70757 2.6386e+02 0.0000e+00
        209 226.649792    0.01444     0.8667     52.000      0.610  41313.805    25.9583    11.7779      0.604    6.43683    11.7745    19.6166   11.70782 2.5961e+02 0.0000e+00
        210 226.649795    0.01451     0.8708     52.250      0.618  41317.407    25.9605    11.7761      0.612    6.43700    11.7734    19.6186   11.70807 2.5812e+02 0.0000e+00
        211 226.649797    0.01458     0.8750     52.500      0.621  41320.206    25.9622    11.7746      0.615    6.43713    11.7727    19.6202   11.70827 2.5663e+02 0.0000e+00
        212 226.649800    0.01465     0.8792     52.750      0.623  41322.627    25.9637    11.7735      0.617    6.43722    11.7723    19.6215   11.70839 2.5434e+02 0.0000e+00
        213 226.649803    0.01472     0.8833     53.000      0.626  41324.577    25.9650    11.7728      0.620    6.43726    11.7722    19.6226   11.70845 2.5148e+02 0.0000e+00
        214 226.649806    0.01479     0.8875     53.250      0.628  41326.046    25.9659    11.7724      0.622    6.43727    11.7722    19.6234   11.70846 2.4882e+02 0.0000e+00
        215 226.649809    0.01486     0.8917     53.500      0.629  41326.796    25.9664    11.7722      0.623    6.43727    11.7723    19.6238   11.70845 2.4784e+02 0.0000e+00
        216 226.649812    0.01493     0.8958     53.750      0.628  41326.168    25.9660    11.7723      0.622    6.43729    11.7724    19.6235   11.70849 2.4724e+02 0.0000e+00
        217 226.649815    0.01500     0.9000     54.000      0.626  41324.449    25.9648    11.7724      0.620    6.43733    11.7727    19.6226   11.70856 2.4611e+02 0.0000e+00
        218 226.649818    0.01507     0.9042     54.250      0.625  41322.769    25.9637    11.7725      0.619    6.43735    11.7731    19.6216   11.70861 2.4615e+02 0.0000e+00
        219 226.649821    0.01514     0.9083     54.500      0.623  41321.448    25.9628    11.7728      0.617    6.43735    11.7737    19.6209   11.70862 2.4699e+02 0.0000e+00
        220 226.649823    0.01521     0.9125     54.750      0.620  41320.271    25.9620    11.7732      0.614    6.43732    11.7743    19.6202   11.70858 2.4757e+02 0.0000e+00
        221 226.649826    0.01528     0.9167     55.000      0.618  41319.201    25.9612    11.7737      0.612    6.43728    11.7750    19.6196   11.70852 2.4926e+02 0.0000e+00
        222 226.649829    0.01535     0.9208     55.250      0.616  41318.233    25.9606    11.7743      0.611    6.43722    11.7757    19.6190   11.70843 2.5063e+02 0.0000e+00
        223 226.649832    0.01542     0.9250     55.500      0.616  41317.348    25.9601    11.7750      0.611    6.43714    11.7764    19.6184   11.70831 2.4996e+02 0.0000e+00
        224 226.649835    0.01549     0.9292     55.750      0.618  41316.480    25.9595    11.7757      0.612    6.43706    11.7769    19.6179   11.70819 2.4910e+02 0.0000e+00
        225 226.649838    0.01556     0.9333     56.000      0.620  41315.551    25.9590    11.7764      0.615    6.43699    11.7773    19.6173   11.70808 2.4816e+02 0.0000e+00
        226 226.649841    0.01563     0.9375     56.250      0.623  41314.573    25.9583    11.7770      0.618    6.43694    11.7774    19.6168   11.70801 2.4797e+02 0.0000e+00
        227 226.649844    0.01569     0.9417     56.500      0.625  41313.693    25.9578    11.7773      0.620    6.43692    11.7773    19.6163   11.70797 2.4999e+02 0.0000e+00
        228 226.649847    0.01576     0.9458     56.750      0.626  41313.109    25.9574    11.7774      0.620    6.43692    11.7771    19.6159   11.70798 2.5237e+02 0.0000e+00
        229 226.649850    0.01583     0.9500     57.000      0.625  41312.785    25.9571    11.7774      0.620    6.43694    11.7767    19.6157   11.70801 2.5366e+02 0.0000e+00
        230 226.649852    0.01590     0.9542     57.250      0.624  41312.562    25.9569    11.7771      0.618    6.43699    11.7764    19.6156   11.70809 2.5468e+02 0.0000e+00
        231 226.649855    0.01597     0.9583     57.500      0.623  41312.408    25.9568    11.7768      0.617    6.43704    11.7760    19.6156   11.70818 2.5453e+02 0.0000e+00
        232 226.649858    0.01604     0.9625     57.750      0.624  41312.365    25.9567    11.7764      0.618    6.43709    11.7758    19.6156   11.70826 2.5300e+02 0.0000e+00
        233 226.649861    0.01611     0.9667     58.000      0.627  41312.438    25.9567    11.7761      0.621    6.43713    11.7758    19.6157   11.70833 2.5157e+02 0.0000e+00
        234 226.649864    0.01618     0.9708     58.250      0.632  41312.528    25.9568    11.7759      0.626    6.43716    11.7758    19.6158   11.70837 2.4954e+02 0.0000e+00
        235 226.649867    0.01625     0.9750     58.500      0.640  41312.547    25.9568    11.7759      0.634    6.43716    11.7759    19.6158   11.70839 2.4758e+02 0.0000e+00
        236 226.649870    0.01632     0.9792     58.750      0.650  41312.508    25.9568    11.7759      0.643    6.43716    11.7760    19.6157   11.70839 2.4605e+02 0.0000e+00
        237 226.649873    0.01639     0.9833     59.000      0.659  41312.394    25.9567    11.7760      0.652    6.43716    11.7761    19.6157   11.70838 2.4504e+02 0.0000e+00
        238 226.649876    0.01646     0.9875     59.250      0.667  41312.194    25.9566    11.7761      0.660    6.43715    11.7762    19.6156   11.70836 2.4462e+02 0.0000e+00
        239 226.649878    0.01653     0.9917     59.500      0.673  41311.987    25.9564    11.7762      0.666    6.43714    11.7762    19.6155   11.70835 2.4424e+02 0.0000e+00
        240 226.649881    0.01660     0.9958     59.750      0.677  41311.783    25.9563    11.7762      0.670    6.43713    11.7761    19.6153   11.70834 2.4449e+02 0.0000e+00
        241 226.649884    0.01667     1.0000     60.000      0.679  41311.551    25.9562    11.7763      0.673    6.43714    11.7759    19.6152   11.70835 2.4498e+02 0.0000e+00
        242 226.649887    0.01674     1.0042     60.250      0.683  41311.328    25.9560    11.7762      0.676    6.43716    11.7756    19.6151   11.70838 2.4508e+02 0.0000e+00
        243 226.649890    0.01681     1.0083     60.500      0.688  41311.143    25.9558    11.7759      0.682    6.43719    11.7752    19.6150   11.70844 2.4417e+02 0.0000e+00
        244 226.649893    0.01688     1.0125     60.750      0.697  41310.977    25.9557    11.7756      0.690    6.43724    11.7748    19.6150   11.70852 2.4197e+02 0.0000e+00
        245 226.649896    0.01694     1.0167     61.000      0.709  41310.835    25.9556    11.7753      0.702    6.43730    11.7745    19.6149   11.70862 2.3942e+02 0.0000e+00
        246 226.649899    0.01701     1.0208     61.250      0.725  41310.829    25.9555    11.7749      0.718    6.43735    11.7742    19.6149   11.70871 2.3682e+02 0.0000e+00
        247 226.649902    0.01708     1.0250     61.500      0.742  41311.006    25.9556    11.7746      0.735    6.43739    11.7739    19.6150   11.70878 2.3457e+02 0.0000e+00
        248 226.649905    0.01715     1.0292     61.750      0.759  41311.171    25.9557    11.7743      0.751    6.43743    11.7736    19.6152   11.70885 2.3417e+02 0.0000e+00
        249 226.649907    0.01722     1.0333     62.000      0.773  41311.069    25.9556    11.7740      0.765    6.43748    11.7733    19.6151   11.70892 2.3580e+02 0.0000e+00
        250 226.649910    0.01729     1.0375     62.250      0.785  41310.701    25.9553    11.7737      0.777    6.43753    11.7731    19.6150   11.70901 2.3786e+02 0.0000e+00
        251 226.649913    0.01736     1.0417     62.500      0.796  41310.317    25.9550    11.7734      0.788    6.43758    11.7729    19.6148   11.70910 2.3957e+02 0.0000e+00
        252 226.649916    0.01743     1.0458     62.750      0.806  41310.135    25.9549    11.7732      0.798    6.43762    11.7729    19.6147   11.70916 2.4211e+02 0.0000e+00
        253 226.649919    0.01750     1.0500     63.000      0.815  41310.199    25.9549    11.7730      0.807    6.43763    11.7730    19.6148   11.70919 2.4589e+02 0.0000e+00
        254 226.649922    0.01757     1.0542     63.250      0.823  41310.436    25.9551    11.7730      0.815    6.43763    11.7732    19.6149   11.70918 2.5017e+02 0.0000e+00
        255 226.649925    0.01764     1.0583     63.500      0.830  41310.722    25.9553    11.7731      0.822    6.43761    11.7734    19.6150   11.70914 2.5459e+02 0.0000e+00
        256 226.649928    0.01771     1.0625     63.750      0.835  41310.952    25.9554    11.7733      0.827    6.43758    11.7737    19.6151   11.70908 2.5874e+02 0.0000e+00
        257 226.649931    0.01778     1.0667     64.000      0.838  41311.128    25.9556    11.7735      0.830    6.43754    11.7739    19.6152   11.70902 2.6205e+02 0.0000e+00
        258 226.649933    0.01785     1.0708     64.250      0.839  41311.301    25.9557    11.7738      0.831    6.43750    11.7740    19.6153   11.70896 2.6474e+02 0.0000e+00
        259 226.649936    0.01792     1.0750     64.500      0.838  41311.467    25.9558    11.7740      0.830    6.43747    11.7741    19.6153   11.70890 2.6769e+02 0.0000e+00
        260 226.649939    0.01799     1.0792     64.750      0.835  41311.609    25.9559    11.7741      0.827    6.43744    11.7742    19.6154   11.70886 2.7063e+02 0.0000e+00
        261 226.649942    0.01806     1.0833     65.000      0.832  41311.738    25.9560    11.7742      0.825    6.43742    11.7742    19.6155   11.70883 2.7301e+02 0.0000e+00
        262 226.649945    0.01812     1.0875     65.250      0.831  41311.873    25.9561    11.7743      0.823    6.43741    11.7742    19.6155   11.70881 2.7396e+02 0.0000e+00
        263 226.649948    0.01819     1.0917     65.500      0.830  41312.014    25.9563    11.7743      0.822    6.43740    11.7743    19.6156   11.70879 2.7382e+02 0.0000e+00
        264 226.649951    0.01826     1.0958     65.750      0.831  41312.147    25.9564    11.7743      0.823    6.43740    11.7743    19.6157   11.70878 2.7404e+02 0.0000e+00
        265 226.649954    0.01833     1.1000     66.000      0.832  41312.311    25.9565    11.7744      0.824    6.43739    11.7744    19.6158   11.70876 2.7389e+02 0.0000e+00
        266 226.649957    0.01840     1.1042     66.250      0.833  41312.574    25.9567    11.7744      0.826    6.43738    11.7744    19.6159   11.70873 2.7387e+02 0.0000e+00
        267 226.649959    0.01847     1.1083     66.500      0.834  41312.936    25.9569    11.7745      0.826    6.43736    11.7745    19.6161   11.70870 2.7443e+02 0.0000e+00
        268 226.649962    0.01854     1.1125     66.750      0.833  41313.325    25.9572    11.7745      0.826    6.43733    11.7746    19.6163   11.70866 2.7460e+02 0.0000e+00
        269 226.649965    0.01861     1.1167     67.000      0.833  41313.644    25.9574    11.7746      0.825    6.43731    11.7746    19.6165   11.70863 2.7515e+02 0.0000e+00
        270 226.649968    0.01868     1.1208     67.250      0.834  41313.816    25.9575    11.7747      0.826    6.43730    11.7745    19.6166   11.70861 2.7570e+02 0.0000e+00
        271 226.649971    0.01875     1.1250     67.500      0.836  41313.886    25.9576    11.7747      0.828    6.43730    11.7745    19.6166   11.70860 2.7467e+02 0.0000e+00
