CTD-processing/allCTD/CNV--turbid/2014_04-11_t9_s04_cast030.cnv
* Sea-Bird SBE19plus Data File:
* FileName = C:\Users\kris.holderied\Documents\kasitsna\Research-Projects-and-Data\Oceanography-AK\CTD-Data-ALL-to-2014-03\2014-CTD-KachemakBay-CookInlet\2014-04-EVOSTC-CookInlet-Ocean\2014-04-11-CookInlet-Tran9-HomerSpit\2014-04-11-CookInlet-Tran9-HomerSpit-cast030.hex
* Software Version 1.59
* Temperature SN =  5028
* Conductivity SN =  5028
* System UpLoad Time = May 27 2014 23:26:06
** Cook Inlet LTM Transect 9  (Homer Spit) South to North
** Date: 2014-04-11
** Station: 9-04
** Start time: 20:14
** Depth (m): 93
** Comment:  CTD time is Alaska Daylight time
** Comment:
# nquan = 16
# nvalues = 596                         
# units = specified
# name 0 = scan: Scan Count
# name 1 = timeJ: Julian Days
# name 2 = timeH: Time, Elapsed [hours]
# name 3 = timeM: Time, Elapsed [minutes]
# name 4 = timeS: Time, Elapsed [seconds]
# name 5 = prdM: Pressure, Strain Gauge [db]
# name 6 = specc: Specific Conductance [uS/cm]
# name 7 = sal00: Salinity, Practical [PSU]
# name 8 = tv290C: Temperature [ITS-90, deg C]
# name 9 = depSM: Depth [salt water, m], lat = 59.00
# name 10 = oxsolML/L: Oxygen Saturation, Garcia & Gordon [ml/l]
# name 11 = potemp090C: Potential Temperature [ITS-90, deg C]
# name 12 = sigma-é00: Density [sigma-theta, kg/m^3]
# name 13 = n2satML/L: Nitrogen Saturation [ml/l]
# name 14 = par: PAR/Irradiance, Biospherical/Licor
# name 15 = flag:  0.000e+00
# span 0 =          1,        596       
# span 1 = 101.842743, 101.844465       
# span 2 =    0.00000,    0.04132       
# span 3 =     0.0000,     2.4792       
# span 4 =      0.000,    148.750       
# span 5 =      0.053,     92.709       
# span 6 =   3200.733,  51574.531       
# span 7 =     1.6075,    31.9985       
# span 8 =     3.9302,     4.7385       
# span 9 =      0.053,     91.822       
# span 10 =    7.26215,    9.08659      
# span 11 =     3.9302,     4.7320      
# span 12 =     1.2665,    25.3251      
# span 13 =   12.99989,   16.48115      
# span 14 = 3.7912e-02, 5.2831e+01      
# span 15 = 0.0000e+00, 0.0000e+00      
# interval = seconds: 0.25
# start_time = Apr 11 2014 20:13:33 [Instrument's time stamp, header]
# bad_flag = -9.990e-29
*END*
          1 101.842743    0.00000     0.0000      0.000      0.053   3263.597     1.6420     3.9504      0.053    9.08320     3.9494     1.2941   16.47492 4.4417e+01 0.0000e+00
          2 101.842746    0.00007     0.0042      0.250      0.054   3533.905     1.7858     3.9500      0.053    9.07453     3.9487     1.4092   16.45800 4.3988e+01 0.0000e+00
          3 101.842749    0.00014     0.0083      0.500      0.055   3771.686     1.9126     3.9494      0.054    9.06694     3.9480     1.5107   16.44318 4.3319e+01 0.0000e+00
          4 101.842752    0.00021     0.0125      0.750      0.056   3880.712     1.9706     3.9487      0.056    9.06356     3.9473     1.5571   16.43655 4.2556e+01 0.0000e+00
          5 101.842755    0.00028     0.0167      1.000      0.058   3839.398     1.9482     3.9480      0.057    9.06509     3.9466     1.5392   16.43948 4.1708e+01 0.0000e+00
          6 101.842758    0.00035     0.0208      1.250      0.059   3691.718     1.8691     3.9473      0.058    9.07008     3.9460     1.4759   16.44916 4.0765e+01 0.0000e+00
          7 101.842760    0.00042     0.0250      1.500      0.061   3510.834     1.7724     3.9466      0.060    9.07613     3.9455     1.3985   16.46090 3.9997e+01 0.0000e+00
          8 101.842763    0.00049     0.0292      1.750      0.062   3356.344     1.6901     3.9460      0.061    9.08130     3.9450     1.3326   16.47092 3.9749e+01 0.0000e+00
          9 101.842766    0.00056     0.0333      2.000      0.062   3250.628     1.6339     3.9455      0.061    9.08486     3.9446     1.2877   16.47781 4.0376e+01 0.0000e+00
         10 101.842769    0.00063     0.0375      2.250      0.062   3200.733     1.6075     3.9450      0.061    9.08659     3.9441     1.2665   16.48115 4.2137e+01 0.0000e+00
         11 101.842772    0.00069     0.0417      2.500      0.062   3223.685     1.6198     3.9446      0.061    9.08594     3.9437     1.2764   16.47987 4.4825e+01 0.0000e+00
         12 101.842775    0.00076     0.0458      2.750      0.061   3325.014     1.6738     3.9441      0.060    9.08275     3.9433     1.3196   16.47363 4.7642e+01 0.0000e+00
         13 101.842778    0.00083     0.0500      3.000      0.060   3498.841     1.7666     3.9437      0.059    9.07719     3.9429     1.3938   16.46277 4.9767e+01 0.0000e+00
         14 101.842781    0.00090     0.0542      3.250      0.059   3690.934     1.8693     3.9433      0.058    9.07102     3.9424     1.4760   16.45074 5.0950e+01 0.0000e+00
         15 101.842784    0.00097     0.0583      3.500      0.058   3774.321     1.9140     3.9429      0.057    9.06840     3.9419     1.5118   16.44561 5.1475e+01 0.0000e+00
         16 101.842786    0.00104     0.0625      3.750      0.057   3686.443     1.8670     3.9424      0.056    9.07138     3.9413     1.4742   16.45138 5.1720e+01 0.0000e+00
         17 101.842789    0.00111     0.0667      4.000      0.056   3499.352     1.7674     3.9419      0.056    9.07760     3.9405     1.3945   16.46345 5.1834e+01 0.0000e+00
         18 101.842792    0.00118     0.0708      4.250      0.056   3328.175     1.6766     3.9413      0.055    9.08330     3.9396     1.3218   16.47452 5.1803e+01 0.0000e+00
         19 101.842795    0.00125     0.0750      4.500      0.055   3257.696     1.6396     3.9405      0.055    9.08576     3.9387     1.2921   16.47926 5.1571e+01 0.0000e+00
         20 101.842798    0.00132     0.0792      4.750      0.055   3314.717     1.6706     3.9396      0.054    9.08410     3.9376     1.3170   16.47598 5.1320e+01 0.0000e+00
         21 101.842801    0.00139     0.0833      5.000      0.055   3462.938     1.7507     3.9387      0.054    9.07949     3.9366     1.3811   16.46695 5.1349e+01 0.0000e+00
         22 101.842804    0.00146     0.0875      5.250      0.055   3630.066     1.8421     3.9376      0.054    9.07425     3.9355     1.4541   16.45669 5.1721e+01 0.0000e+00
         23 101.842807    0.00153     0.0917      5.500      0.055   3750.540     1.9106     3.9366      0.055    9.07048     3.9344     1.5087   16.44931 5.2320e+01 0.0000e+00
         24 101.842810    0.00160     0.0958      5.750      0.055   3803.594     1.9460     3.9355      0.055    9.06883     3.9333     1.5368   16.44608 5.2813e+01 0.0000e+00
         25 101.842812    0.00167     0.1000      6.000      0.056   3830.094     1.9722     3.9344      0.056    9.06794     3.9322     1.5572   16.44434 5.2831e+01 0.0000e+00
         26 101.842815    0.00174     0.1042      6.250      0.058   3914.497     2.0375     3.9333      0.058    9.06495     3.9312     1.6086   16.43858 5.2433e+01 0.0000e+00
         27 101.842818    0.00181     0.1083      6.500      0.061   4167.900     2.2064     3.9322      0.061    9.05612     3.9304     1.7423   16.42153 5.1937e+01 0.0000e+00
         28 101.842821    0.00187     0.1125      6.750      0.066   4721.163     2.5575     3.9312      0.066    9.03696     3.9302     2.0208   16.38449 5.1414e+01 0.0000e+00
         29 101.842824    0.00194     0.1167      7.000      0.075   5751.106     3.1999     3.9304      0.075    9.00130     3.9309     2.5309   16.31559 5.0641e+01 0.0000e+00
         30 101.842827    0.00201     0.1208      7.250      0.089   7559.360     4.3189     3.9302      0.089    8.93866     3.9329     3.4197   16.19457 4.9466e+01 0.0000e+00
         31 101.842830    0.00208     0.1250      7.500      0.113  10663.383     6.2315     3.9309      0.112    8.83111     3.9373     4.9393   15.98679 4.8051e+01 0.0000e+00
         32 101.842833    0.00215     0.1292      7.750      0.151  15926.236     9.4663     3.9329      0.150    8.64874     3.9453     7.5096   15.63449 4.6519e+01 0.0000e+00
         33 101.842836    0.00222     0.1333      8.000      0.214  23937.709    14.4237     3.9373      0.212    8.37049     3.9570    11.4477   15.09732 4.4566e+01 0.0000e+00
         34 101.842839    0.00229     0.1375      8.250      0.304  32916.255    20.0401     3.9453      0.301    8.05737     3.9705    15.9076   14.49348 4.1742e+01 0.0000e+00
         35 101.842841    0.00236     0.1417      8.500      0.415  39815.344    24.3863     3.9570      0.411    7.81543     3.9832    19.3578   14.02745 3.7538e+01 0.0000e+00
         36 101.842844    0.00243     0.1458      8.750      0.535  44012.070    27.0344     3.9705      0.530    7.66706     3.9936    21.4593   13.74201 3.2556e+01 0.0000e+00
         37 101.842847    0.00250     0.1500      9.000      0.655  46520.391    28.6176     3.9832      0.649    7.57747     4.0010    22.7153   13.56988 2.8723e+01 0.0000e+00
         38 101.842850    0.00257     0.1542      9.250      0.766  48017.125    29.5626     3.9936      0.759    7.52347     4.0059    23.4647   13.46626 2.6480e+01 0.0000e+00
         39 101.842853    0.00264     0.1583      9.500      0.861  48909.335    30.1259     4.0011      0.853    7.49102     4.0089    23.9113   13.40406 2.5014e+01 0.0000e+00
         40 101.842856    0.00271     0.1625      9.750      0.936  49440.771    30.4613     4.0060      0.928    7.47161     4.0108    24.1772   13.36686 2.4190e+01 0.0000e+00
         41 101.842859    0.00278     0.1667     10.000      0.993  49756.949    30.6608     4.0090      0.983    7.46003     4.0119    24.3353   13.34469 2.3990e+01 0.0000e+00
         42 101.842862    0.00285     0.1708     10.250      1.033  49944.880    30.7792     4.0109      1.023    7.45315     4.0126    24.4292   13.33150 2.4026e+01 0.0000e+00
         43 101.842865    0.00292     0.1750     10.500      1.060  50056.821    30.8497     4.0120      1.050    7.44905     4.0130    24.4851   13.32364 2.3991e+01 0.0000e+00
         44 101.842867    0.00299     0.1792     10.750      1.076  50123.874    30.8920     4.0126      1.066    7.44659     4.0135    24.5186   13.31893 2.3981e+01 0.0000e+00
         45 101.842870    0.00306     0.1833     11.000      1.084  50164.998    30.9179     4.0131      1.073    7.44506     4.0143    24.5392   13.31602 2.4114e+01 0.0000e+00
         46 101.842873    0.00313     0.1875     11.250      1.088  50192.207    30.9353     4.0136      1.078    7.44402     4.0155    24.5529   13.31404 2.4130e+01 0.0000e+00
         47 101.842876    0.00319     0.1917     11.500      1.093  50211.383    30.9478     4.0143      1.083    7.44321     4.0172    24.5628   13.31252 2.3822e+01 0.0000e+00
         48 101.842879    0.00326     0.1958     11.750      1.102  50224.174    30.9563     4.0156      1.091    7.44253     4.0192    24.5694   13.31127 2.3550e+01 0.0000e+00
         49 101.842882    0.00333     0.2000     12.000      1.115  50230.801    30.9609     4.0173      1.104    7.44197     4.0211    24.5729   13.31027 2.3639e+01 0.0000e+00
         50 101.842885    0.00340     0.2042     12.250      1.130  50231.596    30.9617     4.0193      1.120    7.44156     4.0228    24.5733   13.30957 2.3714e+01 0.0000e+00
         51 101.842888    0.00347     0.2083     12.500      1.143  50228.794    30.9602     4.0212      1.133    7.44128     4.0243    24.5719   13.30914 2.3478e+01 0.0000e+00
         52 101.842891    0.00354     0.2125     12.750      1.151  50226.901    30.9592     4.0229      1.140    7.44102     4.0258    24.5710   13.30872 2.3252e+01 0.0000e+00
         53 101.842894    0.00361     0.2167     13.000      1.152  50230.124    30.9617     4.0244      1.141    7.44062     4.0275    24.5728   13.30802 2.3275e+01 0.0000e+00
         54 101.842896    0.00368     0.2208     13.250      1.148  50238.990    30.9681     4.0259      1.137    7.44002     4.0292    24.5778   13.30695 2.3369e+01 0.0000e+00
         55 101.842899    0.00375     0.2250     13.500      1.143  50249.849    30.9758     4.0276      1.132    7.43932     4.0308    24.5838   13.30570 2.3523e+01 0.0000e+00
         56 101.842902    0.00382     0.2292     13.750      1.139  50258.182    30.9819     4.0293      1.128    7.43871     4.0319    24.5884   13.30461 2.3888e+01 0.0000e+00
         57 101.842905    0.00389     0.2333     14.000      1.136  50261.930    30.9848     4.0308      1.125    7.43828     4.0327    24.5906   13.30387 2.4159e+01 0.0000e+00
         58 101.842908    0.00396     0.2375     14.250      1.134  50261.573    30.9848     4.0320      1.123    7.43807     4.0329    24.5905   13.30351 2.4078e+01 0.0000e+00
         59 101.842911    0.00403     0.2417     14.500      1.132  50258.844    30.9831     4.0327      1.121    7.43803     4.0329    24.5891   13.30346 2.4000e+01 0.0000e+00
         60 101.842914    0.00410     0.2458     14.750      1.130  50255.849    30.9812     4.0330      1.119    7.43808     4.0327    24.5875   13.30357 2.4123e+01 0.0000e+00
         61 101.842917    0.00417     0.2500     15.000      1.127  50253.713    30.9797     4.0329      1.117    7.43816     4.0323    24.5864   13.30372 2.4177e+01 0.0000e+00
         62 101.842920    0.00424     0.2542     15.250      1.126  50252.483    30.9788     4.0327      1.115    7.43824     4.0319    24.5857   13.30388 2.4150e+01 0.0000e+00
         63 101.842922    0.00431     0.2583     15.500      1.126  50251.766    30.9783     4.0324      1.115    7.43833     4.0316    24.5852   13.30403 2.4091e+01 0.0000e+00
         64 101.842925    0.00438     0.2625     15.750      1.129  50250.521    30.9773     4.0320      1.118    7.43845     4.0315    24.5845   13.30423 2.3870e+01 0.0000e+00
         65 101.842928    0.00444     0.2667     16.000      1.136  50247.900    30.9755     4.0317      1.125    7.43860     4.0314    24.5831   13.30450 2.3593e+01 0.0000e+00
         66 101.842931    0.00451     0.2708     16.250      1.146  50243.841    30.9727     4.0315      1.136    7.43877     4.0313    24.5809   13.30482 2.3440e+01 0.0000e+00
         67 101.842934    0.00458     0.2750     16.500      1.159  50238.449    30.9690     4.0315      1.149    7.43897     4.0313    24.5780   13.30519 2.3392e+01 0.0000e+00
         68 101.842937    0.00465     0.2792     16.750      1.170  50232.113    30.9646     4.0314      1.160    7.43919     4.0312    24.5745   13.30562 2.3328e+01 0.0000e+00
         69 101.842940    0.00472     0.2833     17.000      1.175  50226.443    30.9607     4.0314      1.164    7.43940     4.0311    24.5714   13.30601 2.3214e+01 0.0000e+00
         70 101.842943    0.00479     0.2875     17.250      1.171  50223.822    30.9589     4.0313      1.160    7.43950     4.0310    24.5700   13.30621 2.3107e+01 0.0000e+00
         71 101.842946    0.00486     0.2917     17.500      1.161  50225.932    30.9604     4.0312      1.150    7.43945     4.0310    24.5711   13.30610 2.3116e+01 0.0000e+00
         72 101.842948    0.00493     0.2958     17.750      1.147  50232.198    30.9646     4.0311      1.137    7.43925     4.0309    24.5745   13.30571 2.3292e+01 0.0000e+00
         73 101.842951    0.00500     0.3000     18.000      1.137  50239.066    30.9693     4.0311      1.127    7.43902     4.0308    24.5783   13.30528 2.3537e+01 0.0000e+00
         74 101.842954    0.00507     0.3042     18.250      1.135  50242.923    30.9719     4.0310      1.124    7.43890     4.0306    24.5803   13.30505 2.3703e+01 0.0000e+00
         75 101.842957    0.00514     0.3083     18.500      1.138  50242.413    30.9716     4.0309      1.128    7.43894     4.0302    24.5800   13.30511 2.3666e+01 0.0000e+00
         76 101.842960    0.00521     0.3125     18.750      1.145  50238.001    30.9685     4.0307      1.134    7.43913     4.0296    24.5776   13.30547 2.3471e+01 0.0000e+00
         77 101.842963    0.00528     0.3167     19.000      1.150  50232.439    30.9646     4.0303      1.139    7.43940     4.0287    24.5746   13.30597 2.3338e+01 0.0000e+00
         78 101.842966    0.00535     0.3208     19.250      1.153  50229.384    30.9624     4.0296      1.142    7.43963     4.0277    24.5729   13.30638 2.3421e+01 0.0000e+00
         79 101.842969    0.00542     0.3250     19.500      1.152  50230.595    30.9630     4.0288      1.141    7.43976     4.0269    24.5735   13.30658 2.3619e+01 0.0000e+00
         80 101.842972    0.00549     0.3292     19.750      1.149  50235.822    30.9663     4.0278      1.139    7.43977     4.0266    24.5762   13.30655 2.3697e+01 0.0000e+00
         81 101.842975    0.00556     0.3333     20.000      1.148  50242.888    30.9709     4.0270      1.138    7.43968     4.0266    24.5800   13.30634 2.3621e+01 0.0000e+00
         82 101.842977    0.00562     0.3375     20.250      1.150  50248.486    30.9746     4.0267      1.140    7.43956     4.0267    24.5830   13.30610 2.3512e+01 0.0000e+00
         83 101.842980    0.00569     0.3417     20.500      1.156  50250.385    30.9759     4.0267      1.145    7.43950     4.0269    24.5840   13.30598 2.3448e+01 0.0000e+00
         84 101.842983    0.00576     0.3458     20.750      1.163  50248.001    30.9744     4.0268      1.152    7.43954     4.0268    24.5827   13.30608 2.3518e+01 0.0000e+00
         85 101.842986    0.00583     0.3500     21.000      1.168  50242.648    30.9708     4.0270      1.157    7.43970     4.0265    24.5798   13.30638 2.3670e+01 0.0000e+00
         86 101.842989    0.00590     0.3542     21.250      1.168  50237.563    30.9673     4.0269      1.158    7.43988     4.0259    24.5770   13.30672 2.3790e+01 0.0000e+00
         87 101.842992    0.00597     0.3583     21.500      1.164  50235.702    30.9659     4.0266      1.153    7.44001     4.0253    24.5760   13.30695 2.3888e+01 0.0000e+00
         88 101.842995    0.00604     0.3625     21.750      1.157  50238.143    30.9675     4.0260      1.146    7.44004     4.0249    24.5773   13.30698 2.3913e+01 0.0000e+00
         89 101.842998    0.00611     0.3667     22.000      1.152  50243.840    30.9712     4.0253      1.141    7.43996     4.0247    24.5803   13.30681 2.3854e+01 0.0000e+00
         90 101.843001    0.00618     0.3708     22.250      1.152  50249.590    30.9750     4.0249      1.141    7.43984     4.0246    24.5834   13.30656 2.3846e+01 0.0000e+00
