CTD-processing/allCTD/CNV--turbid/2014_02-14_t9_s09_cast178.cnv
* Sea-Bird SBE19plus Data File:
* FileName = C:\Users\kris.holderied\Documents\kasitsna\Research-Projects-and-Data\Oceanography-AK\CTD-CookInlet-GulfWatchAK\2014-02-EVOSTC-CookInlet-LTM-BATCH-UPLOAD\2014-02-CookInlet-Seasonal-cast178.hex
* Software Version 1.59
* Temperature SN =  5028
* Conductivity SN =  5028
* System UpLoad Time = Apr 09 2014 20:16:45
** Cook Inlet LTM 2014 February Seasonal - Batch upload
** Date: 2013-02-15
** Station: 9-09
** Start time: 11:49
** Depth (m): 82
** CoComment:
** Comment:
# nquan = 16
# nvalues = 639                         
# units = specified
# name 0 = scan: Scan Count
# name 1 = timeJ: Julian Days
# name 2 = timeH: Time, Elapsed [hours]
# name 3 = timeM: Time, Elapsed [minutes]
# name 4 = timeS: Time, Elapsed [seconds]
# name 5 = prdM: Pressure, Strain Gauge [db]
# name 6 = specc: Specific Conductance [uS/cm]
# name 7 = sal00: Salinity, Practical [PSU]
# name 8 = tv290C: Temperature [ITS-90, deg C]
# name 9 = depSM: Depth [salt water, m], lat = 59.00
# name 10 = oxsolML/L: Oxygen Saturation, Garcia & Gordon [ml/l]
# name 11 = potemp090C: Potential Temperature [ITS-90, deg C]
# name 12 = sigma-é00: Density [sigma-theta, kg/m^3]
# name 13 = n2satML/L: Nitrogen Saturation [ml/l]
# name 14 = par: PAR/Irradiance, Biospherical/Licor
# name 15 = flag:  0.000e+00
# span 0 =          1,        639       
# span 1 =  46.492269,  46.494115       
# span 2 =    0.00000,    0.04431       
# span 3 =     0.0000,     2.6583       
# span 4 =      0.000,    159.500       
# span 5 =     -0.477,     80.926       
# span 6 =   2196.486,  51692.962       
# span 7 =     1.0848,    31.7797       
# span 8 =     2.2125,     4.6423       
# span 9 =     -0.472,     80.154       
# span 10 =    7.29257,    9.47590      
# span 11 =     2.2124,     4.6367      
# span 12 =     0.8346,    25.2830      
# span 13 =   13.05370,   17.14208      
# span 14 = 3.7912e-02, 8.7281e+01      
# span 15 = 0.0000e+00, 0.0000e+00      
# interval = seconds: 0.25
# start_time = Feb 15 2014 11:48:52 [Instrument's time stamp, header]
# bad_flag = -9.990e-29
*END*
[from data line 91]
         92  46.492532    0.00632     0.3792     22.750      0.879  51118.092    31.1909     2.5480      0.871    7.70550     2.5478    24.8813   13.74212 3.5042e+01 0.0000e+00
         93  46.492535    0.00639     0.3833     23.000      0.910  51122.448    31.1938     2.5479      0.902    7.70535     2.5477    24.8836   13.74184 3.4753e+01 0.0000e+00
         94  46.492538    0.00646     0.3875     23.250      0.940  51133.506    31.2012     2.5478      0.931    7.70498     2.5476    24.8895   13.74112 3.4775e+01 0.0000e+00
         95  46.492541    0.00653     0.3917     23.500      0.968  51142.348    31.2071     2.5477      0.959    7.70469     2.5474    24.8942   13.74057 3.5004e+01 0.0000e+00
         96  46.492543    0.00660     0.3958     23.750      0.994  51142.298    31.2071     2.5476      0.985    7.70472     2.5472    24.8942   13.74062 3.5393e+01 0.0000e+00
         97  46.492546    0.00667     0.4000     24.000      1.014  51130.843    31.1993     2.5475      1.004    7.70515     2.5468    24.8880   13.74143 3.6039e+01 0.0000e+00
         98  46.492549    0.00674     0.4042     24.250      1.023  51112.265    31.1867     2.5473      1.013    7.70586     2.5461    24.8780   13.74276 3.6890e+01 0.0000e+00
         99  46.492552    0.00681     0.4083     24.500      1.017  51098.024    31.1770     2.5468      1.008    7.70645     2.5453    24.8703   13.74387 3.7818e+01 0.0000e+00
        100  46.492555    0.00688     0.4125     24.750      0.996  51097.543    31.1765     2.5462      0.986    7.70660     2.5444    24.8699   13.74413 3.8850e+01 0.0000e+00
        101  46.492558    0.00694     0.4167     25.000      0.958  51111.425    31.1857     2.5453      0.949    7.70629     2.5437    24.8773   13.74349 3.9995e+01 0.0000e+00
        102  46.492561    0.00701     0.4208     25.250      0.908  51133.184    31.2001     2.5444      0.900    7.70571     2.5436    24.8889   13.74233 4.1035e+01 0.0000e+00
        103  46.492564    0.00708     0.4250     25.500      0.852  51154.880    31.2145     2.5438      0.844    7.70507     2.5441    24.9005   13.74108 4.1717e+01 0.0000e+00
        104  46.492567    0.00715     0.4292     25.750      0.796  51171.991    31.2261     2.5437      0.789    7.70448     2.5449    24.9097   13.73996 4.2116e+01 0.0000e+00
        105  46.492569    0.00722     0.4333     26.000      0.746  51182.981    31.2336     2.5441      0.739    7.70399     2.5458    24.9157   13.73905 4.2300e+01 0.0000e+00
        106  46.492572    0.00729     0.4375     26.250      0.708  51187.864    31.2371     2.5449      0.701    7.70365     2.5465    24.9184   13.73845 4.2094e+01 0.0000e+00
        107  46.492575    0.00736     0.4417     26.500      0.684  51187.920    31.2374     2.5458      0.678    7.70347     2.5471    24.9186   13.73814 4.1494e+01 0.0000e+00
        108  46.492578    0.00743     0.4458     26.750      0.678  51184.787    31.2355     2.5465      0.671    7.70342     2.5475    24.9170   13.73809 4.0747e+01 0.0000e+00
        109  46.492581    0.00750     0.4500     27.000      0.688  51179.863    31.2324     2.5471      0.681    7.70347     2.5477    24.9144   13.73822 3.9999e+01 0.0000e+00
        110  46.492584    0.00757     0.4542     27.250      0.714  51174.278    31.2287     2.5475      0.707    7.70359     2.5478    24.9115   13.73846 3.9188e+01 0.0000e+00
        111  46.492587    0.00764     0.4583     27.500      0.754  51168.837    31.2251     2.5478      0.747    7.70374     2.5477    24.9086   13.73876 3.8273e+01 0.0000e+00
        112  46.492590    0.00771     0.4625     27.750      0.802  51163.966    31.2218     2.5478      0.795    7.70390     2.5475    24.9059   13.73907 3.7208e+01 0.0000e+00
        113  46.492593    0.00778     0.4667     28.000      0.855  51159.736    31.2189     2.5478      0.848    7.70406     2.5472    24.9036   13.73938 3.5968e+01 0.0000e+00
        114  46.492595    0.00785     0.4708     28.250      0.909  51155.387    31.2159     2.5476      0.900    7.70426     2.5468    24.9012   13.73974 3.4824e+01 0.0000e+00
        115  46.492598    0.00792     0.4750     28.500      0.958  51148.882    31.2114     2.5473      0.948    7.70455     2.5463    24.8977   13.74029 3.4240e+01 0.0000e+00
        116  46.492601    0.00799     0.4792     28.750      0.997  51137.825    31.2038     2.5468      0.987    7.70504     2.5456    24.8917   13.74119 3.4406e+01 0.0000e+00
        117  46.492604    0.00806     0.4833     29.000      1.023  51122.723    31.1935     2.5463      1.013    7.70569     2.5446    24.8835   13.74240 3.5062e+01 0.0000e+00
        118  46.492607    0.00813     0.4875     29.250      1.031  51108.430    31.1837     2.5456      1.021    7.70634     2.5432    24.8757   13.74361 3.5813e+01 0.0000e+00
        119  46.492610    0.00819     0.4917     29.500      1.021  51100.252    31.1780     2.5446      1.011    7.70683     2.5416    24.8711   13.74449 3.6580e+01 0.0000e+00
        120  46.492613    0.00826     0.4958     29.750      0.994  51100.953    31.1781     2.5432      0.984    7.70709     2.5402    24.8713   13.74492 3.7619e+01 0.0000e+00
        121  46.492616    0.00833     0.5000     30.000      0.954  51110.243    31.1839     2.5416      0.944    7.70710     2.5393    24.8761   13.74485 3.8989e+01 0.0000e+00
        122  46.492619    0.00840     0.5042     30.250      0.906  51123.926    31.1927     2.5402      0.897    7.70690     2.5389    24.8833   13.74441 4.0385e+01 0.0000e+00
        123  46.492622    0.00847     0.5083     30.500      0.857  51135.938    31.2006     2.5394      0.849    7.70665     2.5388    24.8897   13.74389 4.1422e+01 0.0000e+00
        124  46.492624    0.00854     0.5125     30.750      0.812  51142.708    31.2051     2.5390      0.804    7.70649     2.5388    24.8933   13.74357 4.1839e+01 0.0000e+00
        125  46.492627    0.00861     0.5167     31.000      0.775  51144.345    31.2062     2.5389      0.767    7.70646     2.5388    24.8942   13.74350 4.1622e+01 0.0000e+00
        126  46.492630    0.00868     0.5208     31.250      0.749  51141.966    31.2046     2.5389      0.741    7.70653     2.5386    24.8929   13.74365 4.1034e+01 0.0000e+00
        127  46.492633    0.00875     0.5250     31.500      0.736  51135.456    31.2002     2.5389      0.728    7.70676     2.5375    24.8894   13.74408 4.0490e+01 0.0000e+00
        128  46.492636    0.00882     0.5292     31.750      0.734  51123.577    31.1922     2.5387      0.727    7.70724     2.5350    24.8830   13.74497 4.0250e+01 0.0000e+00
        129  46.492639    0.00889     0.5333     32.000      0.740  51106.258    31.1802     2.5376      0.734    7.70808     2.5302    24.8735   13.74651 4.0116e+01 0.0000e+00
        130  46.492642    0.00896     0.5375     32.250      0.752  51086.954    31.1665     2.5351      0.746    7.70928     2.5222    24.8628   13.74868 3.9690e+01 0.0000e+00
        131  46.492645    0.00903     0.5417     32.500      0.767  51072.213    31.1553     2.5303      0.760    7.71080     2.5108    24.8542   13.75134 3.9001e+01 0.0000e+00
        132  46.492648    0.00910     0.5458     32.750      0.783  51069.174    31.1510     2.5223      0.776    7.71257     2.4971    24.8514   13.75432 3.8387e+01 0.0000e+00
        133  46.492650    0.00917     0.5500     33.000      0.803  51081.669    31.1563     2.5108      0.795    7.71452     2.4839    24.8564   13.75747 3.7916e+01 0.0000e+00
        134  46.492653    0.00924     0.5542     33.250      0.828  51107.695    31.1701     2.4972      0.820    7.71643     2.4732    24.8685   13.76044 3.7459e+01 0.0000e+00
        135  46.492656    0.00931     0.5583     33.500      0.860  51139.610    31.1879     2.4839      0.852    7.71806     2.4658    24.8837   13.76289 3.7078e+01 0.0000e+00
        136  46.492659    0.00937     0.5625     33.750      0.897  51166.227    31.2029     2.4733      0.889    7.71933     2.4606    24.8965   13.76478 3.6891e+01 0.0000e+00
        137  46.492662    0.00944     0.5667     34.000      0.935  51178.100    31.2088     2.4658      0.926    7.72045     2.4553    24.9018   13.76655 3.6767e+01 0.0000e+00
        138  46.492665    0.00951     0.5708     34.250      0.967  51174.668    31.2050     2.4606      0.958    7.72167     2.4478    24.8991   13.76861 3.6574e+01 0.0000e+00
        139  46.492668    0.00958     0.5750     34.500      0.988  51165.662    31.1975     2.4553      0.979    7.72309     2.4368    24.8935   13.77105 3.6418e+01 0.0000e+00
        140  46.492671    0.00965     0.5792     34.750      0.996  51162.638    31.1934     2.4478      0.986    7.72477     2.4231    24.8908   13.77388 3.6479e+01 0.0000e+00
        141  46.492674    0.00972     0.5833     35.000      0.989  51171.081    31.1961     2.4368      0.980    7.72676     2.4084    24.8938   13.77712 3.6927e+01 0.0000e+00
        142  46.492677    0.00979     0.5875     35.250      0.970  51190.336    31.2053     2.4232      0.960    7.72893     2.3943    24.9021   13.78058 3.7755e+01 0.0000e+00
        143  46.492679    0.00986     0.5917     35.500      0.940  51216.721    31.2189     2.4084      0.931    7.73108     2.3824    24.9142   13.78394 3.8733e+01 0.0000e+00
        144  46.492682    0.00993     0.5958     35.750      0.903  51245.454    31.2344     2.3943      0.894    7.73301     2.3739    24.9275   13.78691 3.9577e+01 0.0000e+00
        145  46.492685    0.01000     0.6000     36.000      0.863  51271.565    31.2487     2.3825      0.854    7.73455     2.3687    24.9398   13.78926 4.0133e+01 0.0000e+00
        146  46.492688    0.01007     0.6042     36.250      0.822  51291.298    31.2596     2.3739      0.814    7.73563     2.3664    24.9492   13.79091 4.0367e+01 0.0000e+00
        147  46.492691    0.01014     0.6083     36.500      0.783  51303.309    31.2662     2.3688      0.775    7.73628     2.3656    24.9549   13.79189 4.0358e+01 0.0000e+00
        148  46.492694    0.01021     0.6125     36.750      0.748  51308.815    31.2693     2.3664      0.741    7.73658     2.3654    24.9575   13.79233 4.0409e+01 0.0000e+00
        149  46.492697    0.01028     0.6167     37.000      0.720  51310.492    31.2702     2.3657      0.713    7.73667     2.3650    24.9583   13.79247 4.0591e+01 0.0000e+00
        150  46.492700    0.01035     0.6208     37.250      0.702  51310.585    31.2702     2.3654      0.696    7.73672     2.3647    24.9583   13.79256 4.0461e+01 0.0000e+00
        151  46.492703    0.01042     0.6250     37.500      0.697  51310.016    31.2698     2.3651      0.691    7.73681     2.3643    24.9580   13.79271 3.9805e+01 0.0000e+00
        152  46.492705    0.01049     0.6292     37.750      0.706  51308.971    31.2690     2.3647      0.700    7.73692     2.3641    24.9574   13.79291 3.8907e+01 0.0000e+00
        153  46.492708    0.01056     0.6333     38.000      0.729  51307.607    31.2680     2.3644      0.723    7.73704     2.3638    24.9566   13.79311 3.7983e+01 0.0000e+00
        154  46.492711    0.01063     0.6375     38.250      0.764  51306.007    31.2668     2.3641      0.757    7.73715     2.3636    24.9557   13.79331 3.7064e+01 0.0000e+00
        155  46.492714    0.01069     0.6417     38.500      0.808  51303.852    31.2652     2.3639      0.800    7.73728     2.3634    24.9545   13.79355 3.6127e+01 0.0000e+00
        156  46.492717    0.01076     0.6458     38.750      0.855  51300.708    31.2630     2.3637      0.847    7.73743     2.3628    24.9527   13.79383 3.5206e+01 0.0000e+00
        157  46.492720    0.01083     0.6500     39.000      0.903  51296.700    31.2602     2.3634      0.894    7.73763     2.3614    24.9505   13.79419 3.4501e+01 0.0000e+00
        158  46.492723    0.01090     0.6542     39.250      0.949  51292.717    31.2574     2.3629      0.940    7.73789     2.3585    24.9483   13.79467 3.4213e+01 0.0000e+00
        159  46.492726    0.01097     0.6583     39.500      0.989  51290.085    31.2552     2.3614      0.980    7.73829     2.3540    24.9467   13.79535 3.4392e+01 0.0000e+00
        160  46.492729    0.01104     0.6625     39.750      1.022  51289.985    31.2543     2.3586      1.012    7.73889     2.3479    24.9462   13.79636 3.4919e+01 0.0000e+00
        161  46.492731    0.01111     0.6667     40.000      1.043  51292.769    31.2549     2.3541      1.033    7.73974     2.3404    24.9470   13.79775 3.5591e+01 0.0000e+00
        162  46.492734    0.01118     0.6708     40.250      1.049  51297.774    31.2566     2.3480      1.040    7.74085     2.3320    24.9487   13.79955 3.6315e+01 0.0000e+00
        163  46.492737    0.01125     0.6750     40.500      1.038  51304.778    31.2592     2.3405      1.029    7.74216     2.3231    24.9514   13.80167 3.7187e+01 0.0000e+00
        164  46.492740    0.01132     0.6792     40.750      1.010  51314.584    31.2634     2.3320      1.001    7.74358     2.3150    24.9554   13.80397 3.8281e+01 0.0000e+00
        165  46.492743    0.01139     0.6833     41.000      0.965  51326.166    31.2688     2.3232      0.956    7.74503     2.3087    24.9603   13.80628 3.9500e+01 0.0000e+00
        166  46.492746    0.01146     0.6875     41.250      0.906  51336.419    31.2734     2.3151      0.898    7.74636     2.3041    24.9646   13.80842 4.0611e+01 0.0000e+00
        167  46.492749    0.01153     0.6917     41.500      0.840  51344.319    31.2770     2.3087      0.832    7.74742     2.3011    24.9679   13.81011 4.1443e+01 0.0000e+00
        168  46.492752    0.01160     0.6958     41.750      0.771  51352.011    31.2809     2.3041      0.764    7.74809     2.2996    24.9714   13.81117 4.1970e+01 0.0000e+00
        169  46.492755    0.01167     0.7000     42.000      0.708  51361.627    31.2866     2.3011      0.702    7.74838     2.2997    24.9761   13.81156 4.2143e+01 0.0000e+00
        170  46.492758    0.01174     0.7042     42.250      0.656  51372.771    31.2937     2.2996      0.651    7.74830     2.3018    24.9819   13.81133 4.2033e+01 0.0000e+00
        171  46.492760    0.01181     0.7083     42.500      0.623  51382.929    31.3005     2.2998      0.617    7.74791     2.3064    24.9874   13.81060 4.1864e+01 0.0000e+00
        172  46.492763    0.01188     0.7125     42.750      0.610  51389.173    31.3053     2.3019      0.605    7.74725     2.3145    24.9911   13.80945 4.1505e+01 0.0000e+00
        173  46.492766    0.01194     0.7167     43.000      0.622  51388.982    31.3065     2.3065      0.616    7.74629     2.3275    24.9917   13.80786 4.0637e+01 0.0000e+00
        174  46.492769    0.01201     0.7208     43.250      0.656  51380.205    31.3028     2.3146      0.650    7.74490     2.3450    24.9881   13.80561 3.9240e+01 0.0000e+00
        175  46.492772    0.01208     0.7250     43.500      0.709  51361.559    31.2939     2.3275      0.702    7.74285     2.3645    24.9800   13.80236 3.7442e+01 0.0000e+00
        176  46.492775    0.01215     0.7292     43.750      0.776  51334.538    31.2806     2.3451      0.769    7.74014     2.3820    24.9681   13.79806 3.5525e+01 0.0000e+00
        177  46.492778    0.01222     0.7333     44.000      0.849  51302.132    31.2642     2.3646      0.841    7.73721     2.3938    24.9536   13.79344 3.3865e+01 0.0000e+00
        178  46.492781    0.01229     0.7375     44.250      0.921  51264.913    31.2440     2.3820      0.912    7.73487     2.3972    24.9361   13.78987 3.2653e+01 0.0000e+00
        179  46.492784    0.01236     0.7417     44.500      0.983  51225.303    31.2206     2.3938      0.974    7.73382     2.3905    24.9166   13.78845 3.1980e+01 0.0000e+00
        180  46.492786    0.01243     0.7458     44.750      1.030  51194.319    31.2007     2.3972      1.021    7.73422     2.3739    24.9004   13.78936 3.1888e+01 0.0000e+00
