CTD-processing/allCTD/CNV--turbid/2014_10-17_t7_s19_cast103.cnv
* Sea-Bird SBE19plus Data File:
* FileName = C:\Users\kris.holderied\Documents\kasitsna\Research-Projects-and-Data\Oceanography-AK\CTD-Data-ALL-to-2014-10\2014-CTD-KachemakBay-CookInlet\2014-10-EVOSTC-CookInlet\2014-10-17-CookInlet-Tran7-Augustine\2014-10-17-CookInlet-Tran7-cast103.hex
* Software Version 1.59
* Temperature SN =  4141
* Conductivity SN =  4141
* System UpLoad Time = Oct 17 2014 19:32:41
** Cook Inlet LTM Tran7 (Augustine)  east to west PARTIAL
** Date: 2014-10-17
** Station: 7-19
** Start time: 18:45
** Depth (m): 77
** Comment:  CTD time is Alaska Daylight time.  R/V Pandalus. Transducer  depth.
** Comment:
# nquan = 16
# nvalues = 754                         
# units = specified
# name 0 = scan: Scan Count
# name 1 = timeJ: Julian Days
# name 2 = timeH: Time, Elapsed [hours]
# name 3 = timeM: Time, Elapsed [minutes]
# name 4 = timeS: Time, Elapsed [seconds]
# name 5 = prdM: Pressure, Strain Gauge [db]
# name 6 = specc: Specific Conductance [uS/cm]
# name 7 = sal00: Salinity, Practical [PSU]
# name 8 = tv290C: Temperature [ITS-90, deg C]
# name 9 = depSM: Depth [salt water, m], lat = 59.00
# name 10 = oxsolML/L: Oxygen Saturation, Garcia & Gordon [ml/l]
# name 11 = potemp090C: Potential Temperature [ITS-90, deg C]
# name 12 = sigma-é00: Density [sigma-theta, kg/m^3]
# name 13 = n2satML/L: Nitrogen Saturation [ml/l]
# name 14 = par: PAR/Irradiance, Biospherical/Licor
# name 15 = flag:  0.000e+00
# span 0 =          1,        754       
# span 1 = 290.737500, 290.739679       
# span 2 =    0.00000,    0.05229       
# span 3 =     0.0000,     3.1375       
# span 4 =      0.000,    188.250       
# span 5 =     -0.278,     76.636       
# span 6 =    415.511,  49385.991       
# span 7 =     0.1974,    31.3226       
# span 8 =     8.2888,    10.5728       
# span 9 =     -0.275,     75.905       
# span 10 =    6.42093,    8.21157      
# span 11 =     8.2888,    10.5700      
# span 12 =    -0.0142,    24.1681      
# span 13 =   11.62751,   15.03218      
# span 14 = 3.6382e-02, 5.9097e+01      
# span 15 = 0.0000e+00, 0.0000e+00      
# interval = seconds: 0.25
# start_time = Oct 17 2014 17:42:00 [Instrument's time stamp, header]
# bad_flag = -9.990e-29
*END*
[from data line 452]
        453 290.738808    0.03139     1.8833    113.000     13.802  46368.992    29.3049    10.0546     13.672    6.54165    10.0525    22.5005   11.84158 2.8086e+00 0.0000e+00
        454 290.738811    0.03146     1.8875    113.250     13.830  46367.570    29.3039    10.0544     13.701    6.54173    10.0522    22.4998   11.84172 2.7983e+00 0.0000e+00
        455 290.738814    0.03153     1.8917    113.500     13.895  46367.755    29.3039    10.0540     13.764    6.54179    10.0521    22.4999   11.84182 2.7568e+00 0.0000e+00
        456 290.738817    0.03160     1.8958    113.750     14.005  46369.062    29.3047    10.0537     13.874    6.54180    10.0523    22.5006   11.84183 2.6811e+00 0.0000e+00
        457 290.738819    0.03167     1.9000    114.000     14.168  46370.483    29.3056    10.0537     14.035    6.54177    10.0527    22.5013   11.84176 2.5739e+00 0.0000e+00
        458 290.738822    0.03174     1.9042    114.250     14.379  46371.663    29.3064    10.0539     14.244    6.54170    10.0533    22.5019   11.84164 2.4432e+00 0.0000e+00
        459 290.738825    0.03181     1.9083    114.500     14.629  46373.268    29.3075    10.0543     14.492    6.54160    10.0542    22.5026   11.84146 2.3004e+00 0.0000e+00
        460 290.738828    0.03188     1.9125    114.750     14.901  46376.129    29.3095    10.0549     14.761    6.54143    10.0554    22.5041   11.84116 2.1591e+00 0.0000e+00
        461 290.738831    0.03194     1.9167    115.000     15.174  46379.509    29.3118    10.0558     15.032    6.54120    10.0568    22.5058   11.84075 2.0335e+00 0.0000e+00
        462 290.738834    0.03201     1.9208    115.250     15.426  46381.950    29.3136    10.0570     15.281    6.54095    10.0581    22.5070   11.84031 1.9360e+00 0.0000e+00
        463 290.738837    0.03208     1.9250    115.500     15.641  46383.349    29.3146    10.0585     15.494    6.54070    10.0593    22.5076   11.83988 1.8726e+00 0.0000e+00
        464 290.738840    0.03215     1.9292    115.750     15.810  46384.246    29.3154    10.0598     15.662    6.54047    10.0602    22.5079   11.83950 1.8429e+00 0.0000e+00
        465 290.738843    0.03222     1.9333    116.000     15.933  46384.602    29.3157    10.0610     15.784    6.54029    10.0608    22.5080   11.83919 1.8425e+00 0.0000e+00
        466 290.738845    0.03229     1.9375    116.250     16.014  46384.263    29.3155    10.0619     15.864    6.54017    10.0612    22.5077   11.83899 1.8632e+00 0.0000e+00
        467 290.738848    0.03236     1.9417    116.500     16.064  46383.560    29.3151    10.0625     15.914    6.54009    10.0613    22.5073   11.83887 1.8933e+00 0.0000e+00
        468 290.738851    0.03243     1.9458    116.750     16.101  46383.165    29.3148    10.0629     15.950    6.54005    10.0615    22.5070   11.83880 1.9192e+00 0.0000e+00
        469 290.738854    0.03250     1.9500    117.000     16.143  46383.495    29.3151    10.0631     15.992    6.54002    10.0617    22.5072   11.83874 1.9288e+00 0.0000e+00
        470 290.738857    0.03257     1.9542    117.250     16.207  46384.727    29.3159    10.0632     16.055    6.53996    10.0621    22.5078   11.83864 1.9149e+00 0.0000e+00
        471 290.738860    0.03264     1.9583    117.500     16.305  46387.252    29.3176    10.0634     16.152    6.53986    10.0629    22.5091   11.83845 1.8768e+00 0.0000e+00
        472 290.738863    0.03271     1.9625    117.750     16.441  46391.327    29.3205    10.0639     16.286    6.53967    10.0641    22.5113   11.83811 1.8187e+00 0.0000e+00
        473 290.738866    0.03278     1.9667    118.000     16.610  46396.230    29.3240    10.0647     16.454    6.53941    10.0658    22.5139   11.83764 1.7468e+00 0.0000e+00
        474 290.738869    0.03285     1.9708    118.250     16.805  46402.098    29.3282    10.0659     16.647    6.53906    10.0679    22.5169   11.83701 1.6673e+00 0.0000e+00
        475 290.738872    0.03292     1.9750    118.500     17.018  46409.861    29.3337    10.0676     16.859    6.53859    10.0705    22.5210   11.83616 1.5855e+00 0.0000e+00
        476 290.738874    0.03299     1.9792    118.750     17.242  46418.575    29.3400    10.0697     17.081    6.53802    10.0734    22.5255   11.83514 1.5051e+00 0.0000e+00
        477 290.738877    0.03306     1.9833    119.000     17.472  46427.316    29.3463    10.0724     17.309    6.53738    10.0766    22.5300   11.83400 1.4280e+00 0.0000e+00
        478 290.738880    0.03313     1.9875    119.250     17.708  46435.748    29.3525    10.0753     17.542    6.53670    10.0799    22.5344   11.83279 1.3543e+00 0.0000e+00
        479 290.738883    0.03319     1.9917    119.500     17.949  46443.913    29.3584    10.0785     17.781    6.53599    10.0835    22.5385   11.83154 1.2824e+00 0.0000e+00
        480 290.738886    0.03326     1.9958    119.750     18.201  46453.394    29.3654    10.0819     18.030    6.53521    10.0875    22.5434   11.83017 1.2112e+00 0.0000e+00
        481 290.738889    0.03333     2.0000    120.000     18.464  46464.396    29.3734    10.0855     18.291    6.53436    10.0919    22.5490   11.82866 1.1401e+00 0.0000e+00
        482 290.738892    0.03340     2.0042    120.250     18.739  46475.997    29.3819    10.0896     18.563    6.53343    10.0970    22.5550   11.82701 1.0692e+00 0.0000e+00
        483 290.738895    0.03347     2.0083    120.500     19.024  46490.795    29.3926    10.0940     18.846    6.53234    10.1036    22.5627   11.82507 9.9903e-01 0.0000e+00
        484 290.738898    0.03354     2.0125    120.750     19.314  46514.097    29.4094    10.0991     19.134    6.53090    10.1125    22.5749   11.82249 9.3126e-01 0.0000e+00
        485 290.738900    0.03361     2.0167    121.000     19.601  46546.864    29.4330    10.1057     19.418    6.52897    10.1238    22.5923   11.81901 8.6859e-01 0.0000e+00
        486 290.738903    0.03368     2.0208    121.250     19.878  46583.722    29.4597    10.1146     19.691    6.52658    10.1369    22.6117   11.81472 8.1409e-01 0.0000e+00
        487 290.738906    0.03375     2.0250    121.500     20.137  46619.309    29.4859    10.1259     19.948    6.52387    10.1510    22.6302   11.80991 7.6945e-01 0.0000e+00
        488 290.738909    0.03382     2.0292    121.750     20.373  46651.072    29.5095    10.1391     20.182    6.52100    10.1652    22.6466   11.80487 7.3512e-01 0.0000e+00
        489 290.738912    0.03389     2.0333    122.000     20.584  46677.452    29.5296    10.1532     20.391    6.51815    10.1787    22.6599   11.79989 7.1085e-01 0.0000e+00
        490 290.738915    0.03396     2.0375    122.250     20.768  46698.453    29.5459    10.1674     20.573    6.51544    10.1910    22.6703   11.79520 6.9540e-01 0.0000e+00
        491 290.738918    0.03403     2.0417    122.500     20.928  46715.260    29.5591    10.1809     20.731    6.51296    10.2019    22.6785   11.79092 6.8667e-01 0.0000e+00
        492 290.738921    0.03410     2.0458    122.750     21.068  46728.706    29.5699    10.1933     20.870    6.51075    10.2117    22.6849   11.78714 6.8215e-01 0.0000e+00
        493 290.738924    0.03417     2.0500    123.000     21.197  46741.428    29.5801    10.2042     20.997    6.50877    10.2209    22.6910   11.78373 6.7924e-01 0.0000e+00
        494 290.738927    0.03424     2.0542    123.250     21.321  46758.271    29.5930    10.2140     21.120    6.50685    10.2310    22.6995   11.78039 6.7562e-01 0.0000e+00
        495 290.738929    0.03431     2.0583    123.500     21.448  46783.963    29.6120    10.2233     21.246    6.50474    10.2434    22.7128   11.77666 6.6924e-01 0.0000e+00
        496 290.738932    0.03438     2.0625    123.750     21.586  46822.637    29.6402    10.2334     21.383    6.50213    10.2597    22.7332   11.77199 6.5844e-01 0.0000e+00
        497 290.738935    0.03444     2.0667    124.000     21.739  46879.223    29.6813    10.2458     21.535    6.49867    10.2814    22.7631   11.76575 6.4216e-01 0.0000e+00
        498 290.738938    0.03451     2.0708    124.250     21.913  46956.332    29.7372    10.2621     21.708    6.49403    10.3091    22.8040   11.75740 6.1994e-01 0.0000e+00
        499 290.738941    0.03458     2.0750    124.500     22.114  47050.089    29.8055    10.2838     21.906    6.48813    10.3426    22.8536   11.74678 5.9214e-01 0.0000e+00
        500 290.738944    0.03465     2.0792    124.750     22.343  47158.542    29.8847    10.3116     22.132    6.48092    10.3812    22.9108   11.73388 5.5999e-01 0.0000e+00
        501 290.738947    0.03472     2.0833    125.000     22.598  47279.797    29.9737    10.3452     22.385    6.47251    10.4223    22.9746   11.71886 5.2465e-01 0.0000e+00
        502 290.738950    0.03479     2.0875    125.250     22.878  47399.705    30.0622    10.3837     22.662    6.46341    10.4619    23.0373   11.70272 4.8723e-01 0.0000e+00
        503 290.738953    0.03486     2.0917    125.500     23.175  47499.949    30.1373    10.4249     22.957    6.45452    10.4960    23.0889   11.68707 4.4924e-01 0.0000e+00
        504 290.738955    0.03493     2.0958    125.750     23.483  47574.495    30.1942    10.4645     23.262    6.44660    10.5227    23.1266   11.67327 4.1234e-01 0.0000e+00
        505 290.738958    0.03500     2.1000    126.000     23.790  47631.222    30.2379    10.4987     23.566    6.44002    10.5421    23.1550   11.66182 3.7884e-01 0.0000e+00
        506 290.738961    0.03507     2.1042    126.250     24.086  47679.561    30.2749    10.5254     23.859    6.43475    10.5553    23.1794   11.65265 3.5055e-01 0.0000e+00
        507 290.738964    0.03514     2.1083    126.500     24.362  47725.476    30.3093    10.5448     24.132    6.43061    10.5636    23.2030   11.64537 3.2775e-01 0.0000e+00
        508 290.738967    0.03521     2.1125    126.750     24.607  47771.654    30.3433    10.5581     24.375    6.42736    10.5681    23.2272   11.63959 3.1051e-01 0.0000e+00
        509 290.738970    0.03528     2.1167    127.000     24.818  47816.112    30.3755    10.5664     24.584    6.42488    10.5700    23.2509   11.63509 2.9908e-01 0.0000e+00
        510 290.738973    0.03535     2.1208    127.250     24.994  47854.875    30.4032    10.5709     24.758    6.42311    10.5700    23.2717   11.63182 2.9322e-01 0.0000e+00
        511 290.738976    0.03542     2.1250    127.500     25.139  47884.838    30.4245    10.5728     24.902    6.42198    10.5688    23.2879   11.62969 2.9215e-01 0.0000e+00
        512 290.738979    0.03549     2.1292    127.750     25.259  47906.928    30.4400    10.5728     25.021    6.42133    10.5667    23.3000   11.62843 2.9464e-01 0.0000e+00
        513 290.738981    0.03556     2.1333    128.000     25.364  47924.017    30.4518    10.5716     25.125    6.42101    10.5636    23.3094   11.62776 2.9904e-01 0.0000e+00
        514 290.738984    0.03562     2.1375    128.250     25.464  47937.658    30.4611    10.5695     25.224    6.42093    10.5595    23.3170   11.62751 3.0353e-01 0.0000e+00
        515 290.738987    0.03569     2.1417    128.500     25.570  47949.420    30.4690    10.5665     25.330    6.42102    10.5540    23.3237   11.62757 3.0652e-01 0.0000e+00
        516 290.738990    0.03576     2.1458    128.750     25.693  47960.502    30.4763    10.5625     25.452    6.42129    10.5465    23.3301   11.62793 3.0683e-01 0.0000e+00
        517 290.738993    0.03583     2.1500    129.000     25.841  47970.707    30.4828    10.5570     25.598    6.42179    10.5364    23.3360   11.62869 3.0378e-01 0.0000e+00
        518 290.738996    0.03590     2.1542    129.250     26.017  47979.593    30.4881    10.5495     25.773    6.42261    10.5223    23.3414   11.62998 2.9707e-01 0.0000e+00
        519 290.738999    0.03597     2.1583    129.500     26.225  47987.297    30.4923    10.5394     25.978    6.42386    10.5023    23.3464   11.63200 2.8677e-01 0.0000e+00
        520 290.739002    0.03604     2.1625    129.750     26.462  47994.874    30.4959    10.5253     26.213    6.42568    10.4758    23.3515   11.63497 2.7333e-01 0.0000e+00
        521 290.739005    0.03611     2.1667    130.000     26.724  48005.521    30.5010    10.5054     26.473    6.42825    10.4450    23.3588   11.63918 2.5748e-01 0.0000e+00
        522 290.739008    0.03618     2.1708    130.250     27.008  48023.717    30.5106    10.4788     26.753    6.43157    10.4150    23.3707   11.64455 2.4000e-01 0.0000e+00
        523 290.739010    0.03625     2.1750    130.500     27.307  48051.748    30.5267    10.4481     27.050    6.43521    10.3904    23.3883   11.65041 2.2149e-01 0.0000e+00
        524 290.739013    0.03632     2.1792    130.750     27.617  48087.369    30.5481    10.4181     27.357    6.43852    10.3738    23.4100   11.65564 2.0255e-01 0.0000e+00
        525 290.739016    0.03639     2.1833    131.000     27.931  48126.003    30.5723    10.3936     27.668    6.44096    10.3658    23.4329   11.65939 1.8379e-01 0.0000e+00
        526 290.739019    0.03646     2.1875    131.250     28.247  48165.095    30.5978    10.3770     27.981    6.44223    10.3660    23.4555   11.66119 1.6534e-01 0.0000e+00
        527 290.739022    0.03653     2.1917    131.500     28.562  48204.460    30.6244    10.3691     28.293    6.44225    10.3735    23.4776   11.66091 1.4737e-01 0.0000e+00
        528 290.739025    0.03660     2.1958    131.750     28.870  48243.996    30.6522    10.3693     28.598    6.44107    10.3860    23.4992   11.65863 1.3056e-01 0.0000e+00
        529 290.739028    0.03667     2.2000    132.000     29.168  48280.425    30.6786    10.3768     28.894    6.43893    10.3995    23.5186   11.65478 1.1541e-01 0.0000e+00
        530 290.739031    0.03674     2.2042    132.250     29.452  48305.568    30.6977    10.3894     29.175    6.43639    10.4084    23.5314   11.65033 1.0217e-01 0.0000e+00
        531 290.739034    0.03681     2.2083    132.500     29.717  48313.498    30.7048    10.4028     29.437    6.43422    10.4079    23.5346   11.64664 9.1194e-02 0.0000e+00
        532 290.739036    0.03687     2.2125    132.750     29.957  48307.124    30.7013    10.4117     29.675    6.43312    10.3957    23.5304   11.64487 8.2785e-02 0.0000e+00
        533 290.739039    0.03694     2.2167    133.000     30.169  48292.961    30.6912    10.4113     29.884    6.43360    10.3725    23.5226   11.64578 7.7036e-02 0.0000e+00
        534 290.739042    0.03701     2.2208    133.250     30.348  48279.388    30.6801    10.3991     30.062    6.43576    10.3435    23.5160   11.64950 7.3958e-02 0.0000e+00
        535 290.739045    0.03708     2.2250    133.500     30.492  48278.147    30.6764    10.3759     30.205    6.43915    10.3150    23.5170   11.65516 7.3452e-02 0.0000e+00
        536 290.739048    0.03715     2.2292    133.750     30.604  48292.199    30.6828    10.3469     30.316    6.44296    10.2908    23.5268   11.66140 7.5200e-02 0.0000e+00
        537 290.739051    0.03722     2.2333    134.000     30.686  48312.316    30.6935    10.3184     30.397    6.44652    10.2717    23.5398   11.66717 7.8724e-02 0.0000e+00
        538 290.739054    0.03729     2.2375    134.250     30.748  48331.403    30.7041    10.2942     30.458    6.44949    10.2571    23.5520   11.67195 8.3381e-02 0.0000e+00
        539 290.739057    0.03736     2.2417    134.500     30.800  48347.000    30.7127    10.2751     30.509    6.45181    10.2454    23.5620   11.67569 8.8297e-02 0.0000e+00
        540 290.739060    0.03743     2.2458    134.750     30.858  48356.735    30.7178    10.2605     30.567    6.45365    10.2345    23.5683   11.67868 9.2473e-02 0.0000e+00
        541 290.739062    0.03750     2.2500    135.000     30.938  48360.127    30.7188    10.2488     30.646    6.45525    10.2227    23.5710   11.68133 9.5016e-02 0.0000e+00
        542 290.739065    0.03757     2.2542    135.250     31.055  48358.977    30.7166    10.2379     30.762    6.45687    10.2090    23.5711   11.68405 9.5244e-02 0.0000e+00
