CTD-processing/allCTD/CNV--turbid/2014_10-18_t6_s27_cast124.cnv
* Sea-Bird SBE19plus Data File:
* FileName = C:\Users\kris.holderied\Documents\kasitsna\Research-Projects-and-Data\Oceanography-AK\CTD-Data-ALL-to-2014-10\2014-CTD-KachemakBay-CookInlet\2014-10-EVOSTC-CookInlet\2014-10-18-CookInlet-Tran6-Douglas\2014-10-18-CookInlet-Tran6-cast124.hex
* Software Version 1.59
* Temperature SN =  4141
* Conductivity SN =  4141
* System UpLoad Time = Oct 18 2014 10:15:11
** Cook Inlet LTM Tran6 (Douglas)  east to west
** Date: 10-18
** Station: 6-27
** Start time: 08:57
** Depth (m): 142
** Comment:  CTD time is Alaska Daylight time.  R/V Pandalus. Transducer  depth.
** Comment:
# nquan = 16
# nvalues = 1278                        
# units = specified
# name 0 = scan: Scan Count
# name 1 = timeJ: Julian Days
# name 2 = timeH: Time, Elapsed [hours]
# name 3 = timeM: Time, Elapsed [minutes]
# name 4 = timeS: Time, Elapsed [seconds]
# name 5 = prdM: Pressure, Strain Gauge [db]
# name 6 = specc: Specific Conductance [uS/cm]
# name 7 = sal00: Salinity, Practical [PSU]
# name 8 = tv290C: Temperature [ITS-90, deg C]
# name 9 = depSM: Depth [salt water, m], lat = 59.00
# name 10 = oxsolML/L: Oxygen Saturation, Garcia & Gordon [ml/l]
# name 11 = potemp090C: Potential Temperature [ITS-90, deg C]
# name 12 = sigma-é00: Density [sigma-theta, kg/m^3]
# name 13 = n2satML/L: Nitrogen Saturation [ml/l]
# name 14 = par: PAR/Irradiance, Biospherical/Licor
# name 15 = flag:  0.000e+00
# span 0 =          1,       1278       
# span 1 = 291.373287, 291.376982       
# span 2 =    0.00000,    0.08868       
# span 3 =     0.0000,     5.3208       
# span 4 =      0.000,    319.250       
# span 5 =     -0.281,    138.612       
# span 6 =    509.547,  50493.497       
# span 7 =     0.2423,    31.9002       
# span 8 =     7.2836,     9.5576       
# span 9 =     -0.279,    137.270       
# span 10 =    6.54713,    8.42125      
# span 11 =     7.2836,     9.5541      
# span 12 =     0.0833,    24.8012      
# span 13 =   11.82744,   15.38554      
# span 14 = 3.6550e-02, 5.2117e+00      
# span 15 = 0.0000e+00, 0.0000e+00      
# interval = seconds: 0.25
# start_time = Oct 18 2014 08:57:32 [Instrument's time stamp, header]
# bad_flag = -9.990e-29
*END*
[from data line 91]
         92 291.373550    0.00632     0.3792     22.750      1.321  46773.819    29.3641     8.2757      1.309    6.80397     8.2751    22.8131   12.27567 2.5958e+00 0.0000e+00
         93 291.373553    0.00639     0.3833     23.000      1.214  46756.946    29.3524     8.2757      1.203    6.80448     8.2738    22.8040   12.27666 2.6670e+00 0.0000e+00
         94 291.373556    0.00646     0.3875     23.250      1.107  46736.249    29.3380     8.2752      1.097    6.80518     8.2713    22.7928   12.27800 2.7151e+00 0.0000e+00
         95 291.373559    0.00653     0.3917     23.500      1.006  46718.359    29.3255     8.2739      0.997    6.80594     8.2673    22.7831   12.27941 2.7393e+00 0.0000e+00
         96 291.373562    0.00660     0.3958     23.750      0.920  46705.870    29.3165     8.2714      0.911    6.80673     8.2625    22.7764   12.28084 2.7475e+00 0.0000e+00
         97 291.373565    0.00667     0.4000     24.000      0.853  46699.307    29.3114     8.2674      0.845    6.80757     8.2571    22.7730   12.28229 2.7508e+00 0.0000e+00
         98 291.373568    0.00674     0.4042     24.250      0.808  46698.589    29.3102     8.2626      0.800    6.80838     8.2515    22.7727   12.28364 2.7449e+00 0.0000e+00
         99 291.373571    0.00681     0.4083     24.500      0.787  46703.867    29.3131     8.2572      0.779    6.80907     8.2462    22.7758   12.28476 2.7125e+00 0.0000e+00
        100 291.373573    0.00688     0.4125     24.750      0.791  46716.063    29.3208     8.2516      0.784    6.80960     8.2423    22.7825   12.28554 2.6546e+00 0.0000e+00
        101 291.373576    0.00694     0.4167     25.000      0.823  46735.278    29.3334     8.2463      0.815    6.80987     8.2406    22.7931   12.28582 2.5896e+00 0.0000e+00
        102 291.373579    0.00701     0.4208     25.250      0.882  46757.389    29.3481     8.2424      0.873    6.80980     8.2408    22.8053   12.28553 2.5131e+00 0.0000e+00
        103 291.373582    0.00708     0.4250     25.500      0.962  46775.123    29.3602     8.2407      0.953    6.80953     8.2420    22.8149   12.28493 2.4189e+00 0.0000e+00
        104 291.373585    0.00715     0.4292     25.750      1.053  46784.487    29.3667     8.2409      1.043    6.80922     8.2435    22.8200   12.28433 2.3212e+00 0.0000e+00
        105 291.373588    0.00722     0.4333     26.000      1.146  46786.656    29.3683     8.2421      1.135    6.80896     8.2449    22.8211   12.28388 2.2307e+00 0.0000e+00
        106 291.373591    0.00729     0.4375     26.250      1.234  46785.025    29.3673     8.2436      1.222    6.80877     8.2463    22.8201   12.28358 2.1558e+00 0.0000e+00
        107 291.373594    0.00736     0.4417     26.500      1.314  46782.554    29.3658     8.2451      1.302    6.80861     8.2477    22.8187   12.28334 2.1058e+00 0.0000e+00
        108 291.373597    0.00743     0.4458     26.750      1.386  46780.532    29.3646     8.2464      1.373    6.80845     8.2491    22.8175   12.28309 2.0810e+00 0.0000e+00
        109 291.373600    0.00750     0.4500     27.000      1.445  46779.506    29.3640     8.2478      1.431    6.80826     8.2506    22.8169   12.28279 2.0744e+00 0.0000e+00
        110 291.373602    0.00757     0.4542     27.250      1.483  46780.564    29.3650     8.2493      1.469    6.80800     8.2524    22.8175   12.28234 2.0802e+00 0.0000e+00
        111 291.373605    0.00764     0.4583     27.500      1.496  46785.112    29.3683     8.2508      1.481    6.80761     8.2545    22.8199   12.28165 2.0997e+00 0.0000e+00
        112 291.373608    0.00771     0.4625     27.750      1.476  46793.100    29.3741     8.2526      1.462    6.80708     8.2569    22.8242   12.28070 2.1466e+00 0.0000e+00
        113 291.373611    0.00778     0.4667     28.000      1.424  46801.318    29.3802     8.2547      1.410    6.80649     8.2592    22.8286   12.27964 2.2276e+00 0.0000e+00
        114 291.373614    0.00785     0.4708     28.250      1.340  46804.939    29.3830     8.2571      1.328    6.80600     8.2610    22.8305   12.27879 2.3350e+00 0.0000e+00
        115 291.373617    0.00792     0.4750     28.500      1.232  46800.474    29.3803     8.2593      1.220    6.80577     8.2620    22.8280   12.27845 2.4559e+00 0.0000e+00
        116 291.373620    0.00799     0.4792     28.750      1.109  46787.127    29.3713     8.2611      1.098    6.80589     8.2623    22.8208   12.27877 2.5681e+00 0.0000e+00
        117 291.373623    0.00806     0.4833     29.000      0.984  46769.086    29.3590     8.2621      0.975    6.80628     8.2620    22.8110   12.27956 2.6522e+00 0.0000e+00
        118 291.373626    0.00813     0.4875     29.250      0.871  46754.547    29.3490     8.2624      0.863    6.80667     8.2611    22.8031   12.28033 2.7016e+00 0.0000e+00
        119 291.373628    0.00819     0.4917     29.500      0.782  46749.318    29.3454     8.2621      0.775    6.80688     8.2599    22.8003   12.28072 2.7127e+00 0.0000e+00
        120 291.373631    0.00826     0.4958     29.750      0.726  46753.993    29.3485     8.2612      0.719    6.80688     8.2589    22.8029   12.28069 2.6888e+00 0.0000e+00
        121 291.373634    0.00833     0.5000     30.000      0.711  46764.345    29.3555     8.2600      0.705    6.80675     8.2578    22.8086   12.28040 2.6356e+00 0.0000e+00
        122 291.373637    0.00840     0.5042     30.250      0.741  46773.156    29.3615     8.2589      0.734    6.80666     8.2560    22.8134   12.28017 2.5508e+00 0.0000e+00
        123 291.373640    0.00847     0.5083     30.500      0.812  46775.045    29.3626     8.2579      0.804    6.80678     8.2524    22.8145   12.28034 2.4460e+00 0.0000e+00
        124 291.373643    0.00854     0.5125     30.750      0.910  46768.096    29.3575     8.2561      0.901    6.80727     8.2452    22.8107   12.28122 2.3449e+00 0.0000e+00
        125 291.373646    0.00861     0.5167     31.000      1.019  46754.013    29.3472     8.2525      1.010    6.80829     8.2327    22.8031   12.28303 2.2538e+00 0.0000e+00
        126 291.373649    0.00868     0.5208     31.250      1.128  46741.589    29.3375     8.2453      1.118    6.80982     8.2152    22.7965   12.28570 2.1728e+00 0.0000e+00
        127 291.373652    0.00875     0.5250     31.500      1.225  46742.587    29.3364     8.2329      1.214    6.81180     8.1966    22.7974   12.28899 2.1107e+00 0.0000e+00
        128 291.373655    0.00882     0.5292     31.750      1.302  46760.107    29.3460     8.2154      1.289    6.81408     8.1817    22.8074   12.29264 2.0783e+00 0.0000e+00
        129 291.373657    0.00889     0.5333     32.000      1.352  46787.328    29.3622     8.1968      1.340    6.81624     8.1730    22.8227   12.29602 2.0826e+00 0.0000e+00
        130 291.373660    0.00896     0.5375     32.250      1.376  46816.450    29.3803     8.1819      1.363    6.81775     8.1710    22.8389   12.29829 2.1182e+00 0.0000e+00
        131 291.373663    0.00903     0.5417     32.500      1.374  46842.422    29.3970     8.1731      1.360    6.81836     8.1757    22.8533   12.29909 2.1662e+00 0.0000e+00
        132 291.373666    0.00910     0.5458     32.750      1.350  46861.407    29.4099     8.1711      1.337    6.81810     8.1862    22.8636   12.29850 2.2071e+00 0.0000e+00
        133 291.373669    0.00917     0.5500     33.000      1.314  46871.793    29.4178     8.1758      1.302    6.81701     8.2001    22.8692   12.29661 2.2216e+00 0.0000e+00
        134 291.373672    0.00924     0.5542     33.250      1.279  46874.321    29.4211     8.1863      1.267    6.81524     8.2145    22.8703   12.29363 2.2027e+00 0.0000e+00
        135 291.373675    0.00931     0.5583     33.500      1.255  46869.645    29.4199     8.2002      1.243    6.81315     8.2273    22.8674   12.29018 2.1650e+00 0.0000e+00
        136 291.373678    0.00937     0.5625     33.750      1.247  46857.611    29.4136     8.2146      1.235    6.81120     8.2368    22.8604   12.28703 2.1260e+00 0.0000e+00
        137 291.373681    0.00944     0.5667     34.000      1.257  46837.530    29.4014     8.2274      1.245    6.80976     8.2417    22.8491   12.28480 2.0878e+00 0.0000e+00
        138 291.373683    0.00951     0.5708     34.250      1.279  46809.786    29.3835     8.2369      1.267    6.80909     8.2410    22.8338   12.28392 2.0440e+00 0.0000e+00
        139 291.373686    0.00958     0.5750     34.500      1.305  46780.076    29.3636     8.2418      1.293    6.80921     8.2338    22.8175   12.28436 2.0051e+00 0.0000e+00
        140 291.373689    0.00965     0.5792     34.750      1.325  46759.040    29.3489     8.2411      1.313    6.80996     8.2203    22.8060   12.28579 1.9879e+00 0.0000e+00
        141 291.373692    0.00972     0.5833     35.000      1.331  46755.007    29.3451     8.2339      1.318    6.81125     8.2035    22.8041   12.28798 1.9960e+00 0.0000e+00
        142 291.373695    0.00979     0.5875     35.250      1.316  46768.840    29.3528     8.2204      1.303    6.81300     8.1878    22.8120   12.29078 2.0299e+00 0.0000e+00
        143 291.373698    0.00986     0.5917     35.500      1.279  46795.014    29.3686     8.2036      1.267    6.81490     8.1765    22.8267   12.29373 2.0908e+00 0.0000e+00
        144 291.373701    0.00993     0.5958     35.750      1.225  46826.684    29.3883     8.1879      1.213    6.81645     8.1714    22.8443   12.29605 2.1704e+00 0.0000e+00
        145 291.373704    0.01000     0.6000     36.000      1.166  46858.255    29.4086     8.1766      1.155    6.81730     8.1737    22.8618   12.29720 2.2433e+00 0.0000e+00
        146 291.373707    0.01007     0.6042     36.250      1.117  46884.896    29.4264     8.1715      1.107    6.81730     8.1832    22.8765   12.29697 2.2864e+00 0.0000e+00
        147 291.373709    0.01014     0.6083     36.500      1.096  46904.118    29.4401     8.1738      1.086    6.81635     8.1980    22.8869   12.29522 2.3077e+00 0.0000e+00
        148 291.373712    0.01021     0.6125     36.750      1.109  46913.816    29.4482     8.1833      1.099    6.81451     8.2145    22.8919   12.29208 2.3222e+00 0.0000e+00
        149 291.373715    0.01028     0.6167     37.000      1.152  46910.731    29.4481     8.1981      1.141    6.81222     8.2294    22.8898   12.28829 2.3296e+00 0.0000e+00
        150 291.373718    0.01035     0.6208     37.250      1.210  46895.035    29.4396     8.2146      1.199    6.81006     8.2410    22.8808   12.28481 2.3310e+00 0.0000e+00
        151 291.373721    0.01042     0.6250     37.500      1.273  46869.795    29.4241     8.2295      1.262    6.80844     8.2486    22.8666   12.28232 2.3309e+00 0.0000e+00
        152 291.373724    0.01049     0.6292     37.750      1.334  46838.011    29.4037     8.2411      1.322    6.80755     8.2521    22.8490   12.28111 2.3253e+00 0.0000e+00
        153 291.373727    0.01056     0.6333     38.000      1.393  46804.952    29.3818     8.2487      1.380    6.80735     8.2511    22.8308   12.28104 2.3066e+00 0.0000e+00
        154 291.373730    0.01063     0.6375     38.250      1.450  46777.022    29.3629     8.2522      1.437    6.80764     8.2453    22.8154   12.28176 2.2785e+00 0.0000e+00
        155 291.373733    0.01069     0.6417     38.500      1.506  46757.934    29.3495     8.2513      1.492    6.80837     8.2345    22.8051   12.28315 2.2535e+00 0.0000e+00
        156 291.373736    0.01076     0.6458     38.750      1.556  46749.830    29.3430     8.2455      1.541    6.80956     8.2193    22.8008   12.28519 2.2357e+00 0.0000e+00
        157 291.373738    0.01083     0.6500     39.000      1.594  46754.264    29.3446     8.2346      1.579    6.81116     8.2017    22.8035   12.28783 2.2206e+00 0.0000e+00
        158 291.373741    0.01090     0.6542     39.250      1.615  46770.745    29.3538     8.2194      1.600    6.81311     8.1844    22.8129   12.29093 2.2063e+00 0.0000e+00
        159 291.373744    0.01097     0.6583     39.500      1.619  46795.423    29.3685     8.2018      1.604    6.81519     8.1697    22.8268   12.29419 2.1987e+00 0.0000e+00
        160 291.373747    0.01104     0.6625     39.750      1.606  46822.522    29.3848     8.1845      1.591    6.81713     8.1588    22.8421   12.29721 2.2015e+00 0.0000e+00
        161 291.373750    0.01111     0.6667     40.000      1.581  46847.611    29.4001     8.1698      1.566    6.81873     8.1521    22.8561   12.29967 2.2097e+00 0.0000e+00
        162 291.373753    0.01118     0.6708     40.250      1.547  46868.379    29.4130     8.1589      1.533    6.81984     8.1492    22.8677   12.30135 2.2222e+00 0.0000e+00
        163 291.373756    0.01125     0.6750     40.500      1.507  46883.599    29.4226     8.1522      1.493    6.82045     8.1492    22.8762   12.30224 2.2452e+00 0.0000e+00
        164 291.373759    0.01132     0.6792     40.750      1.463  46893.206    29.4289     8.1493      1.449    6.82063     8.1515    22.8815   12.30245 2.2820e+00 0.0000e+00
        165 291.373762    0.01139     0.6833     41.000      1.416  46898.473    29.4326     8.1493      1.402    6.82047     8.1563    22.8844   12.30215 2.3319e+00 0.0000e+00
        166 291.373764    0.01146     0.6875     41.250      1.367  46900.760    29.4345     8.1516      1.354    6.82003     8.1642    22.8856   12.30139 2.3955e+00 0.0000e+00
        167 291.373767    0.01153     0.6917     41.500      1.323  46900.800    29.4352     8.1564      1.311    6.81925     8.1752    22.8855   12.30009 2.4677e+00 0.0000e+00
        168 291.373770    0.01160     0.6958     41.750      1.290  46899.167    29.4352     8.1643      1.278    6.81803     8.1887    22.8844   12.29807 2.5286e+00 0.0000e+00
        169 291.373773    0.01167     0.7000     42.000      1.274  46896.496    29.4349     8.1753      1.263    6.81634     8.2036    22.8826   12.29528 2.5596e+00 0.0000e+00
        170 291.373776    0.01174     0.7042     42.250      1.281  46893.147    29.4345     8.1889      1.269    6.81425     8.2184    22.8804   12.29183 2.5558e+00 0.0000e+00
        171 291.373779    0.01181     0.7083     42.500      1.311  46888.958    29.4337     8.2038      1.298    6.81198     8.2320    22.8777   12.28809 2.5153e+00 0.0000e+00
        172 291.373782    0.01188     0.7125     42.750      1.362  46883.222    29.4318     8.2186      1.349    6.80978     8.2438    22.8742   12.28446 2.4423e+00 0.0000e+00
        173 291.373785    0.01194     0.7167     43.000      1.428  46874.943    29.4280     8.2322      1.415    6.80785     8.2533    22.8693   12.28130 2.3571e+00 0.0000e+00
        174 291.373788    0.01201     0.7208     43.250      1.503  46863.202    29.4215     8.2440      1.489    6.80632     8.2602    22.8625   12.27885 2.2830e+00 0.0000e+00
        175 291.373791    0.01208     0.7250     43.500      1.578  46847.069    29.4116     8.2535      1.563    6.80529     8.2643    22.8535   12.27727 2.2279e+00 0.0000e+00
        176 291.373793    0.01215     0.7292     43.750      1.643  46825.612    29.3977     8.2604      1.627    6.80484     8.2656    22.8416   12.27669 2.1895e+00 0.0000e+00
        177 291.373796    0.01222     0.7333     44.000      1.692  46800.420    29.3808     8.2645      1.676    6.80494     8.2640    22.8277   12.27708 2.1710e+00 0.0000e+00
        178 291.373799    0.01229     0.7375     44.250      1.720  46776.530    29.3644     8.2658      1.704    6.80547     8.2592    22.8147   12.27815 2.1806e+00 0.0000e+00
        179 291.373802    0.01236     0.7417     44.500      1.727  46759.178    29.3521     8.2642      1.711    6.80627     8.2519    22.8053   12.27963 2.2194e+00 0.0000e+00
        180 291.373805    0.01243     0.7458     44.750      1.716  46751.693    29.3462     8.2594      1.700    6.80727     8.2439    22.8014   12.28136 2.2805e+00 0.0000e+00
