CTD-processing/allCTD/CNV--turbid/2014_07-21_t9_s05_cast163.cnv
* Sea-Bird SBE19plus Data File:
* FileName = C:\Users\kris.holderied\Documents\kasitsna\Research-Projects-and-Data\Oceanography-AK\CTD-Data-ALL-to-2014-06\2014-CTD-KachemakBay-CookInlet\2014-07-EVOSTC-CookInlet-quarterly\2014-07-21-CookInlet-Tran9-HomerSpit\2014-07-21-CookInlet-Tran9-cast163.hex
* Software Version 1.59
* Temperature SN =  4141
* Conductivity SN =  4141
* System UpLoad Time = Jul 21 2014 17:56:21
** Cook Inlet LTM Transect 9 (Homer Spit) North to South
** Date: 07-21
** Station: 9-05
** Start time: 16:16
** Depth (m): 95
** Comment:  CTD time is Alaska Daylight time.
** Comment: Two Niskin bottle water samples for OA.  Near bottom (90 m) and 1 m depths.
# nquan = 16
# nvalues = 748                         
# units = specified
# name 0 = scan: Scan Count
# name 1 = timeJ: Julian Days
# name 2 = timeH: Time, Elapsed [hours]
# name 3 = timeM: Time, Elapsed [minutes]
# name 4 = timeS: Time, Elapsed [seconds]
# name 5 = prdM: Pressure, Strain Gauge [db]
# name 6 = specc: Specific Conductance [uS/cm]
# name 7 = sal00: Salinity, Practical [PSU]
# name 8 = tv290C: Temperature [ITS-90, deg C]
# name 9 = depSM: Depth [salt water, m], lat = 59.00
# name 10 = oxsolML/L: Oxygen Saturation, Garcia & Gordon [ml/l]
# name 11 = potemp090C: Potential Temperature [ITS-90, deg C]
# name 12 = sigma-é00: Density [sigma-theta, kg/m^3]
# name 13 = n2satML/L: Nitrogen Saturation [ml/l]
# name 14 = par: PAR/Irradiance, Biospherical/Licor
# name 15 = flag:  0.000e+00
# span 0 =          1,        748       
# span 1 = 202.678137, 202.680298       
# span 2 =    0.00000,    0.05187       
# span 3 =     0.0000,     3.1125       
# span 4 =      0.000,    186.750       
# span 5 =     -0.019,     94.453       
# span 6 =   1062.035,  50119.758       
# span 7 =     0.5227,    31.6448       
# span 8 =     8.1339,    13.8817       
# span 9 =     -0.019,     93.548       
# span 10 =    6.23207,    7.50875      
# span 11 =     8.1248,    13.8816      
# span 12 =    -0.0974,    24.6137      
# span 13 =   11.38808,   13.84035      
# span 14 = 3.6434e-02, 5.9968e+00      
# span 15 = 0.0000e+00, 0.0000e+00      
# interval = seconds: 0.25
# start_time = Jul 21 2014 16:16:31 [Instrument's time stamp, header]
# bad_flag = -9.990e-29
*END*
[from data line 362]
        363 202.679184    0.02514     1.5083     90.500      1.034  39162.895    24.5978    13.6088      1.024    6.24506    13.6099    18.2389   11.40448 3.1682e+00 0.0000e+00
        364 202.679187    0.02521     1.5125     90.750      1.039  39160.980    24.5966    13.6097      1.029    6.24500    13.6098    18.2378   11.40439 3.1509e+00 0.0000e+00
        365 202.679190    0.02528     1.5167     91.000      1.048  39159.658    24.5957    13.6100      1.038    6.24499    13.6091    18.2370   11.40439 3.1385e+00 0.0000e+00
        366 202.679193    0.02535     1.5208     91.250      1.062  39159.276    24.5954    13.6099      1.052    6.24501    13.6073    18.2368   11.40443 3.1356e+00 0.0000e+00
        367 202.679196    0.02542     1.5250     91.500      1.079  39160.329    24.5961    13.6092      1.069    6.24508    13.6044    18.2375   11.40454 3.1392e+00 0.0000e+00
        368 202.679198    0.02549     1.5292     91.750      1.096  39162.768    24.5977    13.6074      1.085    6.24525    13.6011    18.2390   11.40480 3.1444e+00 0.0000e+00
        369 202.679201    0.02556     1.5333     92.000      1.107  39165.843    24.5996    13.6045      1.096    6.24555    13.5984    18.2410   11.40528 3.1555e+00 0.0000e+00
        370 202.679204    0.02562     1.5375     92.250      1.110  39168.501    24.6012    13.6012      1.100    6.24592    13.5972    18.2429   11.40588 3.1780e+00 0.0000e+00
        371 202.679207    0.02569     1.5417     92.500      1.105  39169.743    24.6019    13.5985      1.095    6.24624    13.5974    18.2440   11.40640 3.2103e+00 0.0000e+00
        372 202.679210    0.02576     1.5458     92.750      1.093  39169.228    24.6015    13.5973      1.082    6.24642    13.5987    18.2439   11.40670 3.2399e+00 0.0000e+00
        373 202.679213    0.02583     1.5500     93.000      1.075  39167.282    24.6002    13.5976      1.065    6.24643    13.6008    18.2428   11.40675 3.2546e+00 0.0000e+00
        374 202.679216    0.02590     1.5542     93.250      1.057  39164.288    24.5982    13.5989      1.048    6.24634    13.6036    18.2410   11.40661 3.2582e+00 0.0000e+00
        375 202.679219    0.02597     1.5583     93.500      1.044  39160.217    24.5955    13.6010      1.035    6.24617    13.6071    18.2385   11.40636 3.2591e+00 0.0000e+00
        376 202.679222    0.02604     1.5625     93.750      1.036  39154.868    24.5920    13.6038      1.027    6.24594    13.6111    18.2353   11.40603 3.2568e+00 0.0000e+00
        377 202.679225    0.02611     1.5667     94.000      1.034  39148.654    24.5879    13.6073      1.024    6.24564    13.6150    18.2315   11.40558 3.2477e+00 0.0000e+00
        378 202.679227    0.02618     1.5708     94.250      1.035  39142.319    24.5838    13.6113      1.025    6.24529    13.6185    18.2276   11.40503 3.2355e+00 0.0000e+00
        379 202.679230    0.02625     1.5750     94.500      1.037  39136.282    24.5798    13.6151      1.027    6.24494    13.6215    18.2238   11.40449 3.2234e+00 0.0000e+00
        380 202.679233    0.02632     1.5792     94.750      1.038  39130.852    24.5763    13.6186      1.028    6.24462    13.6239    18.2204   11.40400 3.2118e+00 0.0000e+00
        381 202.679236    0.02639     1.5833     95.000      1.037  39126.455    24.5734    13.6216      1.027    6.24433    13.6255    18.2177   11.40356 3.2076e+00 0.0000e+00
        382 202.679239    0.02646     1.5875     95.250      1.034  39123.546    24.5715    13.6240      1.024    6.24409    13.6263    18.2158   11.40318 3.2101e+00 0.0000e+00
        383 202.679242    0.02653     1.5917     95.500      1.030  39121.746    24.5704    13.6256      1.021    6.24393    13.6268    18.2146   11.40293 3.2028e+00 0.0000e+00
        384 202.679245    0.02660     1.5958     95.750      1.029  39119.487    24.5689    13.6264      1.019    6.24389    13.6279    18.2133   11.40287 3.1777e+00 0.0000e+00
        385 202.679248    0.02667     1.6000     96.000      1.031  39115.246    24.5660    13.6270      1.021    6.24393    13.6299    18.2110   11.40297 3.1460e+00 0.0000e+00
        386 202.679251    0.02674     1.6042     96.250      1.038  39108.477    24.5614    13.6281      1.029    6.24397    13.6324    18.2072   11.40309 3.1207e+00 0.0000e+00
        387 202.679253    0.02681     1.6083     96.500      1.050  39101.100    24.5564    13.6301      1.041    6.24390    13.6337    18.2030   11.40303 3.1120e+00 0.0000e+00
        388 202.679256    0.02688     1.6125     96.750      1.065  39096.738    24.5535    13.6326      1.055    6.24369    13.6322    18.2003   11.40271 3.1175e+00 0.0000e+00
        389 202.679259    0.02694     1.6167     97.000      1.080  39096.993    24.5538    13.6338      1.070    6.24351    13.6278    18.2002   11.40242 3.1268e+00 0.0000e+00
        390 202.679262    0.02701     1.6208     97.250      1.091  39101.143    24.5565    13.6323      1.081    6.24360    13.6222    18.2027   11.40254 3.1378e+00 0.0000e+00
        391 202.679265    0.02708     1.6250     97.500      1.098  39107.320    24.5605    13.6280      1.088    6.24401    13.6168    18.2066   11.40317 3.1534e+00 0.0000e+00
        392 202.679268    0.02715     1.6292     97.750      1.101  39113.791    24.5647    13.6223      1.091    6.24459    13.6123    18.2108   11.40409 3.1723e+00 0.0000e+00
        393 202.679271    0.02722     1.6333     98.000      1.100  39120.533    24.5690    13.6170      1.090    6.24511    13.6080    18.2152   11.40492 3.1874e+00 0.0000e+00
        394 202.679274    0.02729     1.6375     98.250      1.097  39128.842    24.5745    13.6125      1.086    6.24549    13.6030    18.2202   11.40548 3.1934e+00 0.0000e+00
        395 202.679277    0.02736     1.6417     98.500      1.091  39140.826    24.5825    13.6082      1.081    6.24574    13.5971    18.2272   11.40580 3.1995e+00 0.0000e+00
        396 202.679280    0.02743     1.6458     98.750      1.083  39154.983    24.5920    13.6031      1.073    6.24603    13.5925    18.2355   11.40617 3.2153e+00 0.0000e+00
        397 202.679282    0.02750     1.6500     99.000      1.072  39164.597    24.5983    13.5973      1.062    6.24655    13.5917    18.2414   11.40696 3.2288e+00 0.0000e+00
        398 202.679285    0.02757     1.6542     99.250      1.057  39165.693    24.5988    13.5927      1.047    6.24713    13.5947    18.2426   11.40792 3.2250e+00 0.0000e+00
        399 202.679288    0.02764     1.6583     99.500      1.039  39160.557    24.5952    13.5918      1.029    6.24738    13.5996    18.2400   11.40839 3.2149e+00 0.0000e+00
        400 202.679291    0.02771     1.6625     99.750      1.021  39154.078    24.5909    13.5948      1.011    6.24716    13.6041    18.2362   11.40806 3.2148e+00 0.0000e+00
        401 202.679294    0.02778     1.6667    100.000      1.006  39149.253    24.5879    13.5997      0.996    6.24664    13.6069    18.2329   11.40723 3.2155e+00 0.0000e+00
        402 202.679297    0.02785     1.6708    100.250      0.997  39146.553    24.5863    13.6042      0.987    6.24611    13.6071    18.2308   11.40637 3.2034e+00 0.0000e+00
        403 202.679300    0.02792     1.6750    100.500      0.996  39147.105    24.5869    13.6070      0.986    6.24572    13.6037    18.2307   11.40572 3.1775e+00 0.0000e+00
        404 202.679303    0.02799     1.6792    100.750      1.002  39153.425    24.5912    13.6072      0.992    6.24553    13.5964    18.2341   11.40534 3.1499e+00 0.0000e+00
        405 202.679306    0.02806     1.6833    101.000      1.015  39166.876    24.6003    13.6038      1.005    6.24561    13.5863    18.2417   11.40537 3.1326e+00 0.0000e+00
        406 202.679308    0.02813     1.6875    101.250      1.033  39185.301    24.6126    13.5965      1.023    6.24608    13.5759    18.2526   11.40602 3.1206e+00 0.0000e+00
        407 202.679311    0.02819     1.6917    101.500      1.052  39204.875    24.6256    13.5865      1.042    6.24690    13.5671    18.2644   11.40722 3.1101e+00 0.0000e+00
        408 202.679314    0.02826     1.6958    101.750      1.071  39222.095    24.6369    13.5761      1.061    6.24782    13.5602    18.2750   11.40862 3.1101e+00 0.0000e+00
        409 202.679317    0.02833     1.7000    102.000      1.087  39235.134    24.6453    13.5672      1.077    6.24864    13.5548    18.2832   11.40990 3.1237e+00 0.0000e+00
        410 202.679320    0.02840     1.7042    102.250      1.099  39245.118    24.6518    13.5604      1.089    6.24928    13.5506    18.2895   11.41089 3.1422e+00 0.0000e+00
        411 202.679323    0.02847     1.7083    102.500      1.106  39252.550    24.6566    13.5550      1.096    6.24980    13.5480    18.2942   11.41169 3.1557e+00 0.0000e+00
        412 202.679326    0.02854     1.7125    102.750      1.106  39256.156    24.6589    13.5508      1.096    6.25026    13.5475    18.2967   11.41244 3.1638e+00 0.0000e+00
        413 202.679329    0.02861     1.7167    103.000      1.102  39255.528    24.6583    13.5482      1.091    6.25062    13.5488    18.2967   11.41305 3.1774e+00 0.0000e+00
        414 202.679332    0.02868     1.7208    103.250      1.093  39251.583    24.6555    13.5476      1.082    6.25080    13.5513    18.2947   11.41337 3.1983e+00 0.0000e+00
        415 202.679334    0.02875     1.7250    103.500      1.080  39245.545    24.6514    13.5489      1.070    6.25079    13.5547    18.2913   11.41341 3.2160e+00 0.0000e+00
        416 202.679337    0.02882     1.7292    103.750      1.067  39238.324    24.6466    13.5514      1.057    6.25064    13.5583    18.2871   11.41322 3.2207e+00 0.0000e+00
        417 202.679340    0.02889     1.7333    104.000      1.054  39230.905    24.6416    13.5548      1.044    6.25040    13.5617    18.2827   11.41288 3.2137e+00 0.0000e+00
        418 202.679343    0.02896     1.7375    104.250      1.042  39224.359    24.6373    13.5584      1.033    6.25010    13.5646    18.2787   11.41243 3.2061e+00 0.0000e+00
        419 202.679346    0.02903     1.7417    104.500      1.034  39219.461    24.6342    13.5618      1.025    6.24977    13.5666    18.2756   11.41192 3.2030e+00 0.0000e+00
        420 202.679349    0.02910     1.7458    104.750      1.031  39216.578    24.6324    13.5647      1.021    6.24946    13.5673    18.2737   11.41142 3.2004e+00 0.0000e+00
        421 202.679352    0.02917     1.7500    105.000      1.031  39216.293    24.6323    13.5667      1.022    6.24921    13.5666    18.2732   11.41100 3.1927e+00 0.0000e+00
        422 202.679355    0.02924     1.7542    105.250      1.036  39220.202    24.6350    13.5675      1.026    6.24901    13.5638    18.2752   11.41063 3.1757e+00 0.0000e+00
        423 202.679358    0.02931     1.7583    105.500      1.045  39231.122    24.6425    13.5667      1.035    6.24881    13.5579    18.2812   11.41021 3.1518e+00 0.0000e+00
        424 202.679361    0.02937     1.7625    105.750      1.060  39252.676    24.6573    13.5640      1.051    6.24860    13.5471    18.2931   11.40968 3.1243e+00 0.0000e+00
        425 202.679363    0.02944     1.7667    106.000      1.087  39289.927    24.6828    13.5581      1.077    6.24838    13.5284    18.3138   11.40902 3.0827e+00 0.0000e+00
        426 202.679366    0.02951     1.7708    106.250      1.130  39352.168    24.7254    13.5473      1.120    6.24814    13.4966    18.3486   11.40813 3.0133e+00 0.0000e+00
        427 202.679369    0.02958     1.7750    106.500      1.201  39456.508    24.7966    13.5285      1.190    6.24783    13.4435    18.4070   11.40676 2.9125e+00 0.0000e+00
        428 202.679372    0.02965     1.7792    106.750      1.309  39631.275    24.9159    13.4968      1.297    6.24734    13.3583    18.5049   11.40455 2.7840e+00 0.0000e+00
        429 202.679375    0.02972     1.7833    107.000      1.457  39913.644    25.1086    13.4438      1.443    6.24679    13.2312    18.6634   11.40135 2.6326e+00 0.0000e+00
        430 202.679378    0.02979     1.7875    107.250      1.643  40337.119    25.3973    13.3585      1.628    6.24672    13.0638    18.9018   11.39784 2.4667e+00 0.0000e+00
        431 202.679381    0.02986     1.7917    107.500      1.865  40902.438    25.7819    13.2315      1.848    6.24838    12.8743    19.2220   11.39609 2.3004e+00 0.0000e+00
        432 202.679384    0.02993     1.7958    107.750      2.114  41565.782    26.2322    13.0641      2.095    6.25278    12.6903    19.6004   11.39813 2.1423e+00 0.0000e+00
        433 202.679387    0.03000     1.8000    108.000      2.387  42271.071    26.7104    12.8746      2.365    6.25900    12.5333    20.0045   11.40286 1.9957e+00 0.0000e+00
        434 202.679389    0.03007     1.8042    108.250      2.679  42967.515    27.1830    12.6907      2.654    6.26473    12.4071    20.4033   11.40684 1.8630e+00 0.0000e+00
        435 202.679392    0.03014     1.8083    108.500      2.988  43617.065    27.6252    12.5337      2.960    6.26810    12.2948    20.7737   11.40727 1.7465e+00 0.0000e+00
        436 202.679395    0.03021     1.8125    108.750      3.307  44208.466    28.0292    12.4075      3.276    6.26892    12.1721    21.1091   11.40390 1.6540e+00 0.0000e+00
        437 202.679398    0.03028     1.8167    109.000      3.632  44743.463    28.3949    12.2953      3.598    6.26942    12.0262    21.4124   11.40043 1.5914e+00 0.0000e+00
        438 202.679401    0.03035     1.8208    109.250      3.957  45228.268    28.7245    12.1725      3.920    6.27277    11.8593    21.6896   11.40212 1.5569e+00 0.0000e+00
        439 202.679404    0.03042     1.8250    109.500      4.279  45674.568    29.0248    12.0267      4.239    6.28036    11.6771    21.9483   11.41119 1.5454e+00 0.0000e+00
        440 202.679407    0.03049     1.8292    109.750      4.599  46087.800    29.2998    11.8599      4.556    6.29181    11.4853    22.1911   11.42697 1.5481e+00 0.0000e+00
        441 202.679410    0.03056     1.8333    110.000      4.918  46468.978    29.5504    11.6777      4.872    6.30633    11.2917    22.4178   11.44813 1.5561e+00 0.0000e+00
        442 202.679413    0.03062     1.8375    110.250      5.241  46820.331    29.7788    11.4859      5.192    6.32310    11.1095    22.6287   11.47329 1.5645e+00 0.0000e+00
        443 202.679416    0.03069     1.8417    110.500      5.569  47144.464    29.9874    11.2924      5.517    6.34098    10.9531    22.8245   11.50049 1.5705e+00 0.0000e+00
        444 202.679418    0.03076     1.8458    110.750      5.904  47444.330    30.1797    11.1102      5.849    6.35804    10.8302    23.0055   11.52652 1.5720e+00 0.0000e+00
        445 202.679421    0.03083     1.8500    111.000      6.250  47718.607    30.3564    10.9538      6.191    6.37227    10.7400    23.1698   11.54804 1.5662e+00 0.0000e+00
        446 202.679424    0.03090     1.8542    111.250      6.604  47965.586    30.5173    10.8310      6.542    6.38258    10.6752    23.3159   11.56324 1.5510e+00 0.0000e+00
        447 202.679427    0.03097     1.8583    111.500      6.965  48185.876    30.6627    10.7408      6.900    6.38905    10.6270    23.4445   11.57225 1.5291e+00 0.0000e+00
        448 202.679430    0.03104     1.8625    111.750      7.331  48380.438    30.7927    10.6760      7.262    6.39268    10.5906    23.5568   11.57673 1.5062e+00 0.0000e+00
        449 202.679433    0.03111     1.8667    112.000      7.695  48552.133    30.9085    10.6279      7.623    6.39460    10.5649    23.6550   11.57854 1.4852e+00 0.0000e+00
        450 202.679436    0.03118     1.8708    112.250      8.053  48703.327    31.0110    10.5915      7.978    6.39544    10.5491    23.7410   11.57872 1.4652e+00 0.0000e+00
        451 202.679439    0.03125     1.8750    112.500      8.402  48833.584    31.1000    10.5658      8.323    6.39535    10.5418    23.8146   11.57753 1.4467e+00 0.0000e+00
