CTD-processing/allCTD/CNV--turbid/2014_04-06_t6_s23_cast260.cnv
* Sea-Bird SBE19plus Data File:
* FileName = C:\Users\kris.holderied\Documents\kasitsna\Research-Projects-and-Data\Oceanography-AK\CTD-CookInlet-GulfWatchAK\2014-04-EVOSTC-CookInlet-Ocean\2014-04-06-CookInlet-Tran6-Douglas\2014-04-06-CookInlet-Tran6-cast260.hex
* Software Version 1.59
* Temperature SN =  5028
* Conductivity SN =  5028
* System UpLoad Time = Apr 09 2014 11:42:01
** Cook Inlet LTM Transect 6 (Douglas) east to west
** Date: 6 Apr 2014
** Station: 6-23
** Start time: 16:09
** Depth (m): 164
** Comment:  CTD instrument time is AK Daylight time
** Comment:
# nquan = 16
# nvalues = 862                         
# units = specified
# name 0 = scan: Scan Count
# name 1 = timeJ: Julian Days
# name 2 = timeH: Time, Elapsed [hours]
# name 3 = timeM: Time, Elapsed [minutes]
# name 4 = timeS: Time, Elapsed [seconds]
# name 5 = prdM: Pressure, Strain Gauge [db]
# name 6 = specc: Specific Conductance [uS/cm]
# name 7 = sal00: Salinity, Practical [PSU]
# name 8 = tv290C: Temperature [ITS-90, deg C]
# name 9 = depSM: Depth [salt water, m], lat = 59.00
# name 10 = oxsolML/L: Oxygen Saturation, Garcia & Gordon [ml/l]
# name 11 = potemp090C: Potential Temperature [ITS-90, deg C]
# name 12 = sigma-é00: Density [sigma-theta, kg/m^3]
# name 13 = n2satML/L: Nitrogen Saturation [ml/l]
# name 14 = par: PAR/Irradiance, Biospherical/Licor
# name 15 = flag:  0.000e+00
# span 0 =          1,        862       
# span 1 =  96.672766,  96.675258       
# span 2 =    0.00000,    0.05979       
# span 3 =     0.0000,     3.5875       
# span 4 =      0.000,    215.250       
# span 5 =     -0.183,    162.594       
# span 6 =   1779.601,  51967.953       
# span 7 =     0.8852,    32.2669       
# span 8 =     4.8452,     5.2936       
# span 9 =     -0.181,    161.010       
# span 10 =    7.17858,    8.81708      
# span 11 =     4.8357,     5.2936      
# span 12 =     0.6693,    25.5230      
# span 13 =   12.86002,   16.04105      
# span 14 = 3.7912e-02, 4.0067e+02      
# span 15 = 0.0000e+00, 0.0000e+00      
# interval = seconds: 0.25
# start_time = Apr 06 2014 16:08:47 [Instrument's time stamp, header]
# bad_flag = -9.990e-29
*END*
[from data line 814]
        815  96.675122    0.05653     3.3917    203.500    152.767  51948.117    32.2551     4.8706    151.283    7.22674     4.8601    25.5149   12.93812 3.7912e-02 0.0000e+00
        816  96.675124    0.05660     3.3958    203.750    153.016  51948.664    32.2554     4.8709    151.529    7.22666     4.8604    25.5151   12.93800 3.7912e-02 0.0000e+00
        817  96.675127    0.05667     3.4000    204.000    153.261  51949.146    32.2557     4.8712    151.772    7.22659     4.8607    25.5153   12.93788 3.7912e-02 0.0000e+00
        818  96.675130    0.05674     3.4042    204.250    153.501  51949.528    32.2559     4.8715    152.010    7.22653     4.8609    25.5154   12.93778 3.7912e-02 0.0000e+00
        819  96.675133    0.05681     3.4083    204.500    153.737  51949.803    32.2560     4.8718    152.243    7.22647     4.8611    25.5155   12.93769 3.7912e-02 0.0000e+00
        820  96.675136    0.05688     3.4125    204.750    153.966  51950.002    32.2561     4.8720    152.470    7.22643     4.8613    25.5156   12.93761 3.7912e-02 0.0000e+00
        821  96.675139    0.05694     3.4167    205.000    154.188  51950.202    32.2562     4.8722    152.689    7.22639     4.8614    25.5156   12.93755 3.7912e-02 0.0000e+00
        822  96.675142    0.05701     3.4208    205.250    154.401  51950.518    32.2563     4.8724    152.900    7.22635     4.8616    25.5157   12.93748 3.7912e-02 0.0000e+00
        823  96.675145    0.05708     3.4250    205.500    154.606  51950.974    32.2566     4.8726    153.103    7.22631     4.8619    25.5159   12.93740 3.7912e-02 0.0000e+00
        824  96.675148    0.05715     3.4292    205.750    154.802  51951.585    32.2570     4.8728    153.297    7.22626     4.8621    25.5162   12.93731 3.7912e-02 0.0000e+00
        825  96.675150    0.05722     3.4333    206.000    154.988  51952.497    32.2576     4.8730    153.482    7.22619     4.8625    25.5166   12.93719 3.7912e-02 0.0000e+00
        826  96.675153    0.05729     3.4375    206.250    155.166  51953.714    32.2584     4.8733    153.658    7.22609     4.8631    25.5172   12.93702 3.7912e-02 0.0000e+00
        827  96.675156    0.05736     3.4417    206.500    155.337  51954.999    32.2593     4.8738    153.827    7.22598     4.8637    25.5179   12.93682 3.7912e-02 0.0000e+00
        828  96.675159    0.05743     3.4458    206.750    155.503  51956.211    32.2601     4.8743    153.992    7.22584     4.8644    25.5185   12.93658 3.7912e-02 0.0000e+00
        829  96.675162    0.05750     3.4500    207.000    155.668  51957.250    32.2609     4.8750    154.154    7.22569     4.8650    25.5191   12.93632 3.7912e-02 0.0000e+00
        830  96.675165    0.05757     3.4542    207.250    155.834  51957.786    32.2613     4.8756    154.319    7.22556     4.8654    25.5193   12.93609 3.7912e-02 0.0000e+00
        831  96.675168    0.05764     3.4583    207.500    156.006  51957.646    32.2613     4.8763    154.489    7.22545     4.8657    25.5192   12.93592 3.7912e-02 0.0000e+00
        832  96.675171    0.05771     3.4625    207.750    156.188  51957.171    32.2610     4.8767    154.669    7.22538     4.8658    25.5189   12.93581 3.7912e-02 0.0000e+00
        833  96.675174    0.05778     3.4667    208.000    156.384  51956.794    32.2607     4.8770    154.864    7.22535     4.8659    25.5187   12.93576 3.7912e-02 0.0000e+00
        834  96.675177    0.05785     3.4708    208.250    156.597  51956.745    32.2606     4.8771    155.075    7.22533     4.8660    25.5186   12.93573 3.7912e-02 0.0000e+00
        835  96.675179    0.05792     3.4750    208.500    156.828  51957.162    32.2608     4.8772    155.303    7.22531     4.8662    25.5187   12.93569 3.7912e-02 0.0000e+00
        836  96.675182    0.05799     3.4792    208.750    157.076  51958.176    32.2614     4.8773    155.549    7.22526     4.8665    25.5192   12.93560 3.7912e-02 0.0000e+00
        837  96.675185    0.05806     3.4833    209.000    157.339  51959.583    32.2623     4.8775    155.809    7.22518     4.8670    25.5199   12.93545 3.7912e-02 0.0000e+00
        838  96.675188    0.05813     3.4875    209.250    157.611  51960.784    32.2631     4.8779    156.078    7.22507     4.8675    25.5204   12.93527 3.7912e-02 0.0000e+00
        839  96.675191    0.05819     3.4917    209.500    157.886  51961.448    32.2635     4.8784    156.351    7.22496     4.8679    25.5207   12.93509 3.7912e-02 0.0000e+00
        840  96.675194    0.05826     3.4958    209.750    158.160  51961.741    32.2637     4.8789    156.621    7.22486     4.8683    25.5208   12.93493 3.7912e-02 0.0000e+00
        841  96.675197    0.05833     3.5000    210.000    158.425  51961.858    32.2637     4.8794    156.884    7.22479     4.8685    25.5208   12.93480 3.7912e-02 0.0000e+00
        842  96.675200    0.05840     3.5042    210.250    158.677  51961.950    32.2637     4.8797    157.133    7.22473     4.8687    25.5208   12.93470 3.7912e-02 0.0000e+00
        843  96.675203    0.05847     3.5083    210.500    158.913  51962.184    32.2638     4.8800    157.367    7.22467     4.8689    25.5208   12.93462 3.7912e-02 0.0000e+00
        844  96.675205    0.05854     3.5125    210.750    159.131  51962.514    32.2640     4.8802    157.583    7.22463     4.8690    25.5210   12.93454 3.7912e-02 0.0000e+00
        845  96.675208    0.05861     3.5167    211.000    159.331  51962.870    32.2642     4.8804    157.781    7.22459     4.8692    25.5211   12.93447 3.7912e-02 0.0000e+00
        846  96.675211    0.05868     3.5208    211.250    159.516  51963.330    32.2645     4.8806    157.964    7.22455     4.8694    25.5213   12.93439 3.7912e-02 0.0000e+00
        847  96.675214    0.05875     3.5250    211.500    159.690  51963.959    32.2649     4.8808    158.137    7.22450     4.8697    25.5216   12.93430 3.7912e-02 0.0000e+00
        848  96.675217    0.05882     3.5292    211.750    159.858  51964.642    32.2653     4.8810    158.303    7.22444     4.8699    25.5219   12.93420 3.7912e-02 0.0000e+00
        849  96.675220    0.05889     3.5333    212.000    160.026  51965.167    32.2656     4.8813    158.468    7.22438     4.8702    25.5221   12.93409 3.7912e-02 0.0000e+00
        850  96.675223    0.05896     3.5375    212.250    160.198  51965.623    32.2659     4.8815    158.639    7.22431     4.8705    25.5223   12.93398 3.7912e-02 0.0000e+00
        851  96.675226    0.05903     3.5417    212.500    160.381  51966.232    32.2663     4.8818    158.820    7.22424     4.8708    25.5226   12.93387 3.7912e-02 0.0000e+00
        852  96.675229    0.05910     3.5458    212.750    160.579  51966.829    32.2667     4.8821    159.016    7.22418     4.8710    25.5229   12.93375 3.7912e-02 0.0000e+00
        853  96.675231    0.05917     3.5500    213.000    160.794  51967.147    32.2669     4.8824    159.229    7.22412     4.8711    25.5230   12.93366 3.7912e-02 0.0000e+00
        854  96.675234    0.05924     3.5542    213.250    161.027  51967.225    32.2669     4.8826    159.459    7.22408     4.8712    25.5230   12.93359 3.7912e-02 0.0000e+00
        855  96.675237    0.05931     3.5583    213.500    161.275  51967.221    32.2668     4.8828    159.705    7.22405     4.8713    25.5229   12.93354 3.7912e-02 0.0000e+00
        856  96.675240    0.05937     3.5625    213.750    161.533  51967.245    32.2667     4.8829    159.961    7.22403     4.8713    25.5228   12.93351 3.7912e-02 0.0000e+00
        857  96.675243    0.05944     3.5667    214.000    161.794  51967.364    32.2667     4.8830    160.218    7.22402     4.8714    25.5228   12.93349 3.7912e-02 0.0000e+00
        858  96.675246    0.05951     3.5708    214.250    162.043  51967.582    32.2667     4.8831    160.465    7.22401     4.8714    25.5228   12.93347 3.7912e-02 0.0000e+00
        859  96.675249    0.05958     3.5750    214.500    162.265  51967.802    32.2667     4.8831    160.685    7.22400     4.8714    25.5228   12.93346 3.7912e-02 0.0000e+00
        860  96.675252    0.05965     3.5792    214.750    162.442  51967.916    32.2667     4.8831    160.860    7.22399     4.8714    25.5228   12.93345 3.7912e-02 0.0000e+00
        861  96.675255    0.05972     3.5833    215.000    162.555  51967.946    32.2667     4.8832    160.972    7.22399 -9.990e-29    25.5228   12.93344 3.7912e-02 0.0000e+00
        862  96.675258    0.05979     3.5875    215.250    162.594  51967.953    32.2667     4.8832    161.010    7.22399 -9.990e-29    25.5228   12.93344 3.7912e-02 0.0000e+00
