CTD-processing/allCTD/CNV--turbid/2014_10-19_t9_s04_cast146.cnv
* Sea-Bird SBE19plus Data File:
* FileName = C:\Users\kris.holderied\Documents\kasitsna\Research-Projects-and-Data\Oceanography-AK\CTD-Data-ALL-to-2014-10\2014-CTD-KachemakBay-CookInlet\2014-10-EVOSTC-CookInlet\2014-10-19-CookInlet-Tran9-HomerSpit\2014-10-19-CookInlet-Tran9-cast146.hex
* Software Version 1.59
* Temperature SN =  4141
* Conductivity SN =  4141
* System UpLoad Time = Nov 25 2014 12:49:39
** Cook Inlet LTM Tran9 (Homer Spit) south to north
** Date: 10-19
** Station: 9-04
** Start time:  10:33
** Depth (m): 94
** Comment:  CTD time is Alaska Daylight time.  R/V Pandalus. Transducer  depth.
** Comment:
# nquan = 16
# nvalues = 908                         
# units = specified
# name 0 = scan: Scan Count
# name 1 = timeJ: Julian Days
# name 2 = timeH: Time, Elapsed [hours]
# name 3 = timeM: Time, Elapsed [minutes]
# name 4 = timeS: Time, Elapsed [seconds]
# name 5 = prdM: Pressure, Strain Gauge [db]
# name 6 = specc: Specific Conductance [uS/cm]
# name 7 = sal00: Salinity, Practical [PSU]
# name 8 = tv290C: Temperature [ITS-90, deg C]
# name 9 = depSM: Depth [salt water, m], lat = 59.00
# name 10 = oxsolML/L: Oxygen Saturation, Garcia & Gordon [ml/l]
# name 11 = potemp090C: Potential Temperature [ITS-90, deg C]
# name 12 = sigma-é00: Density [sigma-theta, kg/m^3]
# name 13 = n2satML/L: Nitrogen Saturation [ml/l]
# name 14 = par: PAR/Irradiance, Biospherical/Licor
# name 15 = flag:  0.000e+00
# span 0 =          1,        908       
# span 1 = 292.440174, 292.442798       
# span 2 =    0.00000,    0.06299       
# span 3 =     0.0000,     3.7792       
# span 4 =      0.000,    226.750       
# span 5 =     -0.324,     94.831       
# span 6 =   4057.545,  48710.168       
# span 7 =     2.1263,    30.8745       
# span 8 =     8.6595,     9.7494       
# span 9 =     -0.321,     93.923       
# span 10 =    6.52198,    8.04330      
# span 11 =     8.6595,     9.7455      
# span 12 =     1.4823,    23.7772      
# span 13 =   11.79004,   14.72014      
# span 14 = 3.6382e-02, 6.9108e+01      
# span 15 = 0.0000e+00, 0.0000e+00      
# interval = seconds: 0.25
# start_time = Oct 19 2014 10:33:51 [Instrument's time stamp, header]
# bad_flag = -9.990e-29
*END*
[from data line 272]
        273 292.440961    0.01889     1.1333     68.000      1.152  46649.200    29.3412     8.7393      1.142    6.73412     8.7414    22.7291   12.16022 1.4334e+01 0.0000e+00
        274 292.440964    0.01896     1.1375     68.250      1.151  46644.421    29.3381     8.7409      1.140    6.73400     8.7409    22.7264   12.16006 1.5005e+01 0.0000e+00
        275 292.440966    0.01903     1.1417     68.500      1.130  46639.074    29.3345     8.7415      1.119    6.73408     8.7398    22.7235   12.16023 1.5724e+01 0.0000e+00
        276 292.440969    0.01910     1.1458     68.750      1.096  46635.852    29.3322     8.7410      1.086    6.73425     8.7386    22.7218   12.16055 1.6201e+01 0.0000e+00
        277 292.440972    0.01917     1.1500     69.000      1.059  46634.250    29.3309     8.7399      1.049    6.73446     8.7374    22.7210   12.16092 1.6316e+01 0.0000e+00
        278 292.440975    0.01924     1.1542     69.250      1.029  46632.594    29.3296     8.7387      1.019    6.73470     8.7361    22.7201   12.16133 1.6381e+01 0.0000e+00
        279 292.440978    0.01931     1.1583     69.500      1.012  46630.636    29.3281     8.7375      1.003    6.73495     8.7348    22.7191   12.16177 1.6526e+01 0.0000e+00
        280 292.440981    0.01938     1.1625     69.750      1.009  46629.159    29.3269     8.7362      1.000    6.73520     8.7337    22.7183   12.16219 1.6349e+01 0.0000e+00
        281 292.440984    0.01944     1.1667     70.000      1.016  46628.997    29.3266     8.7349      1.007    6.73541     8.7331    22.7183   12.16254 1.5719e+01 0.0000e+00
        282 292.440987    0.01951     1.1708     70.250      1.028  46630.189    29.3273     8.7338      1.018    6.73554     8.7329    22.7190   12.16275 1.5051e+01 0.0000e+00
        283 292.440990    0.01958     1.1750     70.500      1.038  46632.055    29.3286     8.7332      1.028    6.73559     8.7331    22.7200   12.16281 1.4700e+01 0.0000e+00
        284 292.440992    0.01965     1.1792     70.750      1.044  46634.355    29.3301     8.7330      1.034    6.73555     8.7337    22.7213   12.16273 1.4644e+01 0.0000e+00
        285 292.440995    0.01972     1.1833     71.000      1.043  46636.496    29.3316     8.7332      1.033    6.73544     8.7343    22.7224   12.16254 1.4681e+01 0.0000e+00
        286 292.440998    0.01979     1.1875     71.250      1.036  46637.331    29.3323     8.7338      1.026    6.73533     8.7347    22.7229   12.16234 1.4805e+01 0.0000e+00
        287 292.441001    0.01986     1.1917     71.500      1.028  46636.579    29.3318     8.7344      1.018    6.73526     8.7348    22.7224   12.16223 1.5079e+01 0.0000e+00
        288 292.441004    0.01993     1.1958     71.750      1.023  46635.029    29.3308     8.7348      1.013    6.73524     8.7346    22.7216   12.16221 1.5202e+01 0.0000e+00
        289 292.441007    0.02000     1.2000     72.000      1.025  46633.590    29.3298     8.7349      1.015    6.73528     8.7343    22.7208   12.16228 1.4891e+01 0.0000e+00
        290 292.441010    0.02007     1.2042     72.250      1.036  46632.661    29.3291     8.7347      1.027    6.73534     8.7339    22.7203   12.16239 1.4416e+01 0.0000e+00
        291 292.441013    0.02014     1.2083     72.500      1.058  46631.771    29.3285     8.7344      1.048    6.73542     8.7334    22.7198   12.16253 1.4127e+01 0.0000e+00
        292 292.441016    0.02021     1.2125     72.750      1.085  46630.210    29.3273     8.7340      1.075    6.73552     8.7329    22.7190   12.16272 1.4049e+01 0.0000e+00
        293 292.441019    0.02028     1.2167     73.000      1.112  46628.895    29.3263     8.7335      1.102    6.73563     8.7325    22.7183   12.16292 1.4064e+01 0.0000e+00
        294 292.441021    0.02035     1.2208     73.250      1.133  46629.232    29.3265     8.7330      1.123    6.73570     8.7324    22.7185   12.16303 1.4064e+01 0.0000e+00
        295 292.441024    0.02042     1.2250     73.500      1.145  46630.922    29.3276     8.7326      1.134    6.73571     8.7327    22.7194   12.16302 1.4063e+01 0.0000e+00
        296 292.441027    0.02049     1.2292     73.750      1.149  46633.730    29.3296     8.7325      1.138    6.73563     8.7336    22.7210   12.16288 1.4126e+01 0.0000e+00
        297 292.441030    0.02056     1.2333     74.000      1.154  46638.563    29.3330     8.7328      1.143    6.73544     8.7354    22.7236   12.16252 1.4193e+01 0.0000e+00
        298 292.441033    0.02063     1.2375     74.250      1.178  46646.406    29.3385     8.7337      1.167    6.73507     8.7386    22.7278   12.16183 1.4146e+01 0.0000e+00
        299 292.441036    0.02069     1.2417     74.500      1.247  46658.958    29.3475     8.7355      1.235    6.73441     8.7439    22.7345   12.16063 1.3639e+01 0.0000e+00
        300 292.441039    0.02076     1.2458     74.750      1.390  46679.828    29.3624     8.7386      1.377    6.73329     8.7529    22.7457   12.15858 1.2251e+01 0.0000e+00
        301 292.441042    0.02083     1.2500     75.000      1.625  46715.267    29.3877     8.7440      1.610    6.73138     8.7683    22.7647   12.15511 1.0129e+01 0.0000e+00
        302 292.441045    0.02090     1.2542     75.250      1.944  46775.555    29.4308     8.7531      1.926    6.72814     8.7934    22.7970   12.14921 7.7884e+00 0.0000e+00
        303 292.441047    0.02097     1.2583     75.500      2.327  46869.570    29.4981     8.7685      2.305    6.72288     8.8294    22.8475   12.13967 5.6115e+00 0.0000e+00
        304 292.441050    0.02104     1.2625     75.750      2.752  46983.965    29.5810     8.7937      2.726    6.71550     8.8730    22.9086   12.12641 3.7909e+00 0.0000e+00
        305 292.441053    0.02111     1.2667     76.000      3.196  47087.854    29.6580     8.8297      3.166    6.70675     8.9176    22.9635   12.11095 2.4114e+00 0.0000e+00
        306 292.441056    0.02118     1.2708     76.250      3.633  47153.047    29.7091     8.8733      3.599    6.69797     8.9561    22.9970   12.09579 1.4786e+00 0.0000e+00
        307 292.441059    0.02125     1.2750     76.500      4.039  47170.424    29.7269     8.9180      4.001    6.69049     8.9857    23.0044   12.08318 9.0208e-01 0.0000e+00
        308 292.441062    0.02132     1.2792     76.750      4.406  47168.161    29.7303     8.9565      4.365    6.68456     9.0089    23.0014   12.07332 5.5644e-01 0.0000e+00
        309 292.441065    0.02139     1.2833     77.000      4.744  47177.022    29.7403     8.9862      4.700    6.67969     9.0303    23.0048   12.06512 3.4948e-01 0.0000e+00
        310 292.441068    0.02146     1.2875     77.250      5.062  47210.389    29.7666     9.0094      5.015    6.67510     9.0556    23.0219   12.05718 2.2600e-01 0.0000e+00
        311 292.441071    0.02153     1.2917     77.500      5.363  47284.191    29.8208     9.0308      5.313    6.66956     9.0873    23.0612   12.04735 1.5310e-01 0.0000e+00
        312 292.441073    0.02160     1.2958     77.750      5.648  47376.725    29.8887     9.0562      5.596    6.66287     9.1197    23.1104   12.03543 1.1131e-01 0.0000e+00
        313 292.441076    0.02167     1.3000     78.000      5.918  47425.008    29.9265     9.0879      5.863    6.65654     9.1477    23.1352   12.02448 8.9510e-02 0.0000e+00
        314 292.441079    0.02174     1.3042     78.250      6.168  47438.875    29.9404     9.1203      6.110    6.65113     9.1765    23.1411   12.01534 8.1873e-02 0.0000e+00
        315 292.441082    0.02181     1.3083     78.500      6.391  47504.958    29.9902     9.1484      6.331    6.64485     9.2152    23.1758   12.00432 8.6369e-02 0.0000e+00
        316 292.441085    0.02187     1.3125     78.750      6.581  47638.857    30.0875     9.1772      6.520    6.63642     9.2634    23.2475   11.98917 1.0419e-01 0.0000e+00
        317 292.441088    0.02194     1.3167     79.000      6.739  47763.087    30.1794     9.2159      6.676    6.62678     9.3115    23.3134   11.97208 1.3916e-01 0.0000e+00
        318 292.441091    0.02201     1.3208     79.250      6.876  47823.752    30.2281     9.2641      6.812    6.61760     9.3518    23.3440   11.95628 1.9075e-01 0.0000e+00
        319 292.441094    0.02208     1.3250     79.500      7.003  47839.578    30.2454     9.3122      6.938    6.60979     9.3831    23.3502   11.94312 2.5087e-01 0.0000e+00
        320 292.441097    0.02215     1.3292     79.750      7.126  47845.566    30.2548     9.3525      7.060    6.60347     9.4070    23.3513   11.93253 3.1176e-01 0.0000e+00
        321 292.441100    0.02222     1.3333     80.000      7.250  47850.224    30.2621     9.3838      7.182    6.59856     9.4251    23.3522   11.92431 3.6717e-01 0.0000e+00
        322 292.441102    0.02229     1.3375     80.250      7.376  47852.361    30.2666     9.4078      7.307    6.59485     9.4387    23.3521   11.91812 4.1109e-01 0.0000e+00
        323 292.441105    0.02236     1.3417     80.500      7.510  47854.260    30.2703     9.4258      7.439    6.59205     9.4488    23.3522   11.91343 4.4090e-01 0.0000e+00
        324 292.441108    0.02243     1.3458     80.750      7.654  47856.662    30.2736     9.4394      7.582    6.58992     9.4564    23.3527   11.90986 4.5624e-01 0.0000e+00
        325 292.441111    0.02250     1.3500     81.000      7.812  47858.654    30.2763     9.4495      7.739    6.58833     9.4619    23.3532   11.90718 4.5784e-01 0.0000e+00
        326 292.441114    0.02257     1.3542     81.250      7.985  47859.998    30.2781     9.4571      7.910    6.58714     9.4657    23.3535   11.90520 4.4811e-01 0.0000e+00
        327 292.441117    0.02264     1.3583     81.500      8.170  47861.120    30.2796     9.4627      8.094    6.58627     9.4682    23.3537   11.90374 4.3071e-01 0.0000e+00
        328 292.441120    0.02271     1.3625     81.750      8.364  47862.449    30.2809     9.4665      8.286    6.58565     9.4698    23.3542   11.90269 4.1057e-01 0.0000e+00
        329 292.441123    0.02278     1.3667     82.000      8.562  47864.278    30.2824     9.4691      8.482    6.58521     9.4707    23.3550   11.90194 3.9368e-01 0.0000e+00
        330 292.441126    0.02285     1.3708     82.250      8.757  47866.819    30.2843     9.4707      8.675    6.58489     9.4713    23.3562   11.90140 3.8465e-01 0.0000e+00
        331 292.441128    0.02292     1.3750     82.500      8.944  47870.528    30.2870     9.4716      8.860    6.58464     9.4719    23.3582   11.90095 3.8582e-01 0.0000e+00
        332 292.441131    0.02299     1.3792     82.750      9.117  47876.167    30.2909     9.4723      9.032    6.58439     9.4726    23.3612   11.90048 3.9851e-01 0.0000e+00
        333 292.441134    0.02306     1.3833     83.000      9.276  47883.815    30.2963     9.4728      9.189    6.58408     9.4737    23.3653   11.89991 4.2257e-01 0.0000e+00
        334 292.441137    0.02313     1.3875     83.250      9.420  47893.079    30.3028     9.4735      9.332    6.58370     9.4754    23.3702   11.89919 4.5558e-01 0.0000e+00
        335 292.441140    0.02319     1.3917     83.500      9.552  47903.831    30.3105     9.4747      9.462    6.58321     9.4777    23.3760   11.89829 4.9316e-01 0.0000e+00
        336 292.441143    0.02326     1.3958     83.750      9.674  47914.221    30.3179     9.4764      9.583    6.58264     9.4803    23.3816   11.89725 5.3032e-01 0.0000e+00
        337 292.441146    0.02333     1.4000     84.000      9.792  47922.355    30.3239     9.4787      9.701    6.58205     9.4830    23.3859   11.89620 5.6292e-01 0.0000e+00
        338 292.441149    0.02340     1.4042     84.250      9.912  47929.692    30.3293     9.4813      9.819    6.58145     9.4861    23.3897   11.89514 5.8731e-01 0.0000e+00
        339 292.441152    0.02347     1.4083     84.500     10.037  47939.326    30.3364     9.4840      9.942    6.58075     9.4899    23.3948   11.89390 6.0049e-01 0.0000e+00
        340 292.441155    0.02354     1.4125     84.750     10.170  47952.377    30.3459     9.4871     10.075    6.57990     9.4947    23.4017   11.89238 6.0148e-01 0.0000e+00
        341 292.441157    0.02361     1.4167     85.000     10.315  47967.715    30.3570     9.4910     10.219    6.57887     9.5008    23.4099   11.89053 5.9111e-01 0.0000e+00
        342 292.441160    0.02368     1.4208     85.250     10.473  47986.694    30.3709     9.4958     10.375    6.57758     9.5086    23.4200   11.88822 5.7101e-01 0.0000e+00
        343 292.441163    0.02375     1.4250     85.500     10.642  48012.200    30.3895     9.5019     10.542    6.57590     9.5187    23.4335   11.88523 5.4357e-01 0.0000e+00
        344 292.441166    0.02382     1.4292     85.750     10.821  48042.573    30.4117     9.5098     10.720    6.57382     9.5310    23.4497   11.88150 5.1175e-01 0.0000e+00
        345 292.441169    0.02389     1.4333     86.000     11.010  48076.011    30.4364     9.5198     10.907    6.57132     9.5460    23.4674   11.87705 4.7855e-01 0.0000e+00
        346 292.441172    0.02396     1.4375     86.250     11.203  48112.954    30.4639     9.5322     11.098    6.56836     9.5628    23.4868   11.87182 4.4752e-01 0.0000e+00
        347 292.441175    0.02403     1.4417     86.500     11.397  48145.847    30.4888     9.5472     11.290    6.56513     9.5795    23.5040   11.86617 4.2236e-01 0.0000e+00
        348 292.441178    0.02410     1.4458     86.750     11.586  48164.968    30.5043     9.5641     11.477    6.56203     9.5942    23.5134   11.86085 4.0606e-01 0.0000e+00
        349 292.441181    0.02417     1.4500     87.000     11.765  48172.501    30.5116     9.5807     11.654    6.55930     9.6064    23.5165   11.85625 4.0069e-01 0.0000e+00
        350 292.441183    0.02424     1.4542     87.250     11.929  48175.025    30.5152     9.5955     11.817    6.55702     9.6163    23.5170   11.85241 4.0722e-01 0.0000e+00
        351 292.441186    0.02431     1.4583     87.500     12.075  48175.125    30.5168     9.6077     11.961    6.55517     9.6240    23.5164   11.84934 4.2519e-01 0.0000e+00
        352 292.441189    0.02438     1.4625     87.750     12.203  48173.988    30.5172     9.6176     12.088    6.55373     9.6298    23.5151   11.84694 4.5254e-01 0.0000e+00
        353 292.441192    0.02444     1.4667     88.000     12.313  48172.805    30.5173     9.6253     12.197    6.55262     9.6343    23.5140   11.84509 4.8586e-01 0.0000e+00
        354 292.441195    0.02451     1.4708     88.250     12.412  48172.412    30.5178     9.6311     12.295    6.55175     9.6380    23.5134   11.84365 5.2074e-01 0.0000e+00
        355 292.441198    0.02458     1.4750     88.500     12.505  48173.252    30.5189     9.6356     12.388    6.55105     9.6412    23.5136   11.84247 5.5241e-01 0.0000e+00
        356 292.441201    0.02465     1.4792     88.750     12.600  48175.628    30.5210     9.6393     12.481    6.55043     9.6445    23.5147   11.84142 5.7706e-01 0.0000e+00
        357 292.441204    0.02472     1.4833     89.000     12.701  48179.731    30.5243     9.6425     12.582    6.54982     9.6481    23.5167   11.84037 5.9250e-01 0.0000e+00
        358 292.441207    0.02479     1.4875     89.250     12.813  48185.514    30.5287     9.6458     12.694    6.54916     9.6521    23.5196   11.83923 5.9800e-01 0.0000e+00
        359 292.441209    0.02486     1.4917     89.500     12.941  48192.643    30.5341     9.6494     12.820    6.54842     9.6566    23.5233   11.83794 5.9458e-01 0.0000e+00
        360 292.441212    0.02493     1.4958     89.750     13.083  48200.180    30.5398     9.6535     12.960    6.54759     9.6615    23.5271   11.83650 5.8418e-01 0.0000e+00
        361 292.441215    0.02500     1.5000     90.000     13.239  48207.088    30.5452     9.6580     13.115    6.54671     9.6665    23.5306   11.83497 5.6856e-01 0.0000e+00
