CTD-processing/allCTD/CNV--turbid/2014_07-24_t7_s07_cast006.cnv
* Sea-Bird SBE19plus Data File:
* FileName = C:\Users\kris.holderied\Documents\kasitsna\Research-Projects-and-Data\Oceanography-AK\CTD-Data-ALL-to-2014-06\2014-CTD-KachemakBay-CookInlet\2014-07-EVOSTC-CookInlet-quarterly\2014-07-24-CookInlet-Tran7-Augustine\2014-07-24-CookInlet-Tran7-cast006.hex
* Software Version 1.59
* Temperature SN =  4141
* Conductivity SN =  4141
* System UpLoad Time = Jul 24 2014 17:20:13
** Cook Inlet LTM Transect 7 (Augustine) West to East
** Date: 07-24
** Station: 7-07
** Start time: 10:07
** Depth (m): 58.1
** Comment:  CTD time is Alaska Daylight time.  Transducer  depth (transducer is 9 ft).
** Comment:
# nquan = 16
# nvalues = 567                         
# units = specified
# name 0 = scan: Scan Count
# name 1 = timeJ: Julian Days
# name 2 = timeH: Time, Elapsed [hours]
# name 3 = timeM: Time, Elapsed [minutes]
# name 4 = timeS: Time, Elapsed [seconds]
# name 5 = prdM: Pressure, Strain Gauge [db]
# name 6 = specc: Specific Conductance [uS/cm]
# name 7 = sal00: Salinity, Practical [PSU]
# name 8 = tv290C: Temperature [ITS-90, deg C]
# name 9 = depSM: Depth [salt water, m], lat = 59.00
# name 10 = oxsolML/L: Oxygen Saturation, Garcia & Gordon [ml/l]
# name 11 = potemp090C: Potential Temperature [ITS-90, deg C]
# name 12 = sigma-é00: Density [sigma-theta, kg/m^3]
# name 13 = n2satML/L: Nitrogen Saturation [ml/l]
# name 14 = par: PAR/Irradiance, Biospherical/Licor
# name 15 = flag:  0.000e+00
# span 0 =          1,        567       
# span 1 = 205.421562, 205.423200       
# span 2 =    0.00000,    0.03931       
# span 3 =     0.0000,     2.3583       
# span 4 =      0.000,    141.500       
# span 5 =     -0.107,     59.105       
# span 6 =    715.433,  50082.882       
# span 7 =     0.3461,    31.7768       
# span 8 =     9.1537,    12.3272       
# span 9 =     -0.106,     58.544       
# span 10 =    6.23794,    7.47016      
# span 11 =     9.1475,    12.3272      
# span 12 =    -0.2677,    24.5724      
# span 13 =   11.33620,   13.77747      
# span 14 = 5.3138e-02, 3.7960e+02      
# span 15 = 0.0000e+00, 0.0000e+00      
# interval = seconds: 0.25
# start_time = Jul 24 2014 10:07:03 [Instrument's time stamp, header]
# bad_flag = -9.990e-29
*END*
[from data line 543]
        544 205.423134    0.03771     2.2625    135.750     54.152  49848.871    31.6416     9.3500     53.639    6.54505     9.3275    24.4360   11.81900 5.7690e-02 0.0000e+00
        545 205.423137    0.03778     2.2667    136.000     54.399  49860.948    31.6487     9.3411     53.883    6.54603     9.3197    24.4430   11.82054 5.7369e-02 0.0000e+00
        546 205.423139    0.03785     2.2708    136.250     54.645  49871.422    31.6549     9.3332     54.127    6.54691     9.3113    24.4490   11.82192 5.7081e-02 0.0000e+00
        547 205.423142    0.03792     2.2750    136.500     54.895  49881.392    31.6608     9.3255     54.375    6.54778     9.3017    24.4548   11.82329 5.6831e-02 0.0000e+00
        548 205.423145    0.03799     2.2792    136.750     55.154  49891.878    31.6669     9.3171     54.631    6.54874     9.2908    24.4609   11.82480 5.6598e-02 0.0000e+00
        549 205.423148    0.03806     2.2833    137.000     55.424  49903.577    31.6737     9.3076     54.898    6.54984     9.2786    24.4677   11.82654 5.6378e-02 0.0000e+00
        550 205.423151    0.03812     2.2875    137.250     55.705  49916.771    31.6813     9.2966     55.177    6.55110     9.2657    24.4754   11.82855 5.6165e-02 0.0000e+00
        551 205.423154    0.03819     2.2917    137.500     55.996  49931.156    31.6896     9.2845     55.465    6.55251     9.2524    24.4838   11.83078 5.5924e-02 0.0000e+00
        552 205.423157    0.03826     2.2958    137.750     56.293  49946.050    31.6982     9.2716     55.759    6.55402     9.2390    24.4925   11.83316 5.5625e-02 0.0000e+00
        553 205.423160    0.03833     2.3000    138.000     56.595  49961.018    31.7068     9.2583     56.058    6.55558     9.2257    24.5013   11.83564 5.5330e-02 0.0000e+00
        554 205.423163    0.03840     2.3042    138.250     56.897  49975.632    31.7151     9.2450     56.357    6.55717     9.2125    24.5099   11.83818 5.5079e-02 0.0000e+00
        555 205.423166    0.03847     2.3083    138.500     57.195  49989.635    31.7230     9.2317     56.652    6.55877     9.1997    24.5181   11.84073 5.4806e-02 0.0000e+00
        556 205.423168    0.03854     2.3125    138.750     57.486  50003.337    31.7306     9.2185     56.941    6.56035     9.1876    24.5262   11.84326 5.4529e-02 0.0000e+00
        557 205.423171    0.03861     2.3167    139.000     57.767  50016.961    31.7383     9.2057     57.220    6.56189     9.1768    24.5342   11.84572 5.4272e-02 0.0000e+00
        558 205.423174    0.03868     2.3208    139.250     58.035  50030.281    31.7458     9.1937     57.484    6.56332     9.1678    24.5420   11.84799 5.4045e-02 0.0000e+00
        559 205.423177    0.03875     2.3250    139.500     58.285  50042.752    31.7530     9.1829     57.732    6.56458     9.1607    24.5492   11.84999 5.3862e-02 0.0000e+00
        560 205.423180    0.03882     2.3292    139.750     58.512  50053.560    31.7593     9.1739     57.957    6.56563     9.1555    24.5555   11.85165 5.3676e-02 0.0000e+00
        561 205.423183    0.03889     2.3333    140.000     58.710  50062.258    31.7643     9.1669     58.152    6.56644     9.1518    24.5605   11.85293 5.3455e-02 0.0000e+00
        562 205.423186    0.03896     2.3375    140.250     58.865  50069.099    31.7683     9.1616     58.307    6.56704     9.1494    24.5645   11.85387 5.3265e-02 0.0000e+00
        563 205.423189    0.03903     2.3417    140.500     58.974  50074.384    31.7715     9.1579     58.414    6.56744     9.1482    24.5675   11.85450 5.3190e-02 0.0000e+00
        564 205.423192    0.03910     2.3458    140.750     59.041  50078.187    31.7738     9.1556     58.480    6.56768     9.1476    24.5697   11.85488 5.3174e-02 0.0000e+00
        565 205.423194    0.03917     2.3500    141.000     59.079  50080.732    31.7754     9.1544     58.518    6.56780     9.1475    24.5712   11.85505 5.3155e-02 0.0000e+00
        566 205.423197    0.03924     2.3542    141.250     59.099  50082.311    31.7764     9.1538     58.538    6.56783 -9.990e-29    24.5721   11.85509 5.3142e-02 0.0000e+00
        567 205.423200    0.03931     2.3583    141.500     59.105  50082.882    31.7768     9.1537     58.544    6.56783 -9.990e-29    24.5724   11.85509 5.3138e-02 0.0000e+00
