CTD-processing/allCTD/CNV--turbid/2014_07-23_t6_s14_cast209.cnv
* Sea-Bird SBE19plus Data File:
* FileName = C:\Users\kris.holderied\Documents\kasitsna\Research-Projects-and-Data\Oceanography-AK\CTD-Data-ALL-to-2014-06\2014-CTD-KachemakBay-CookInlet\2014-07-EVOSTC-CookInlet-quarterly\2014-07-23-CookInlet-Tran6-Douglas\2014-07-23-CookInlet-Tran6-cast209.hex
* Software Version 1.59
* Temperature SN =  4141
* Conductivity SN =  4141
* System UpLoad Time = Jul 23 2014 23:35:19
** Cook Inlet LTM Transect 6 (Douglas) East to West
** Date: 07-23
** Station: 6-14
** Start time: 14:17
** Depth (m): 140
** Comment:  CTD time is Alaska Daylight time.  Transducer  depth (transducer is 9 ft).
** Comment:
# nquan = 16
# nvalues = 959                         
# units = specified
# name 0 = scan: Scan Count
# name 1 = timeJ: Julian Days
# name 2 = timeH: Time, Elapsed [hours]
# name 3 = timeM: Time, Elapsed [minutes]
# name 4 = timeS: Time, Elapsed [seconds]
# name 5 = prdM: Pressure, Strain Gauge [db]
# name 6 = specc: Specific Conductance [uS/cm]
# name 7 = sal00: Salinity, Practical [PSU]
# name 8 = tv290C: Temperature [ITS-90, deg C]
# name 9 = depSM: Depth [salt water, m], lat = 59.00
# name 10 = oxsolML/L: Oxygen Saturation, Garcia & Gordon [ml/l]
# name 11 = potemp090C: Potential Temperature [ITS-90, deg C]
# name 12 = sigma-é00: Density [sigma-theta, kg/m^3]
# name 13 = n2satML/L: Nitrogen Saturation [ml/l]
# name 14 = par: PAR/Irradiance, Biospherical/Licor
# name 15 = flag:  0.000e+00
# span 0 =          1,        959       
# span 1 = 204.595590, 204.598362       
# span 2 =    0.00000,    0.06653       
# span 3 =     0.0000,     3.9917       
# span 4 =      0.000,    239.500       
# span 5 =     -0.104,    139.829       
# span 6 =    761.600,  51418.432       
# span 7 =     0.3692,    32.3684       
# span 8 =     7.2193,    12.1984       
# span 9 =     -0.103,    138.475       
# span 10 =    6.32197,    7.49555      
# span 11 =     7.2066,    12.1984      
# span 12 =    -0.2316,    25.3183      
# span 13 =   11.44650,   13.82010      
# span 14 = 4.8844e-02, 2.0057e+03      
# span 15 = 0.0000e+00, 0.0000e+00      
# interval = seconds: 0.25
# start_time = Jul 23 2014 14:17:39 [Instrument's time stamp, header]
# bad_flag = -9.990e-29
*END*
          1 204.595590    0.00000     0.0000      0.000     -0.079    793.709     0.3851    12.1631     -0.078    7.49530    12.1641    -0.2184   13.81953 2.1702e+02 0.0000e+00
          2 204.595593    0.00007     0.0042      0.250     -0.079    785.158     0.3808    12.1635     -0.078    7.49543    12.1649    -0.2218   13.81981 2.2590e+02 0.0000e+00
          3 204.595596    0.00014     0.0083      0.500     -0.079    776.405     0.3764    12.1641     -0.078    7.49554    12.1660    -0.2252   13.82004 2.4404e+02 0.0000e+00
          4 204.595599    0.00021     0.0125      0.750     -0.078    770.185     0.3733    12.1649     -0.078    7.49555    12.1676    -0.2277   13.82010 2.7750e+02 0.0000e+00
          5 204.595602    0.00028     0.0167      1.000     -0.078    766.432     0.3715    12.1660     -0.077    7.49545    12.1699    -0.2293   13.81995 3.3369e+02 0.0000e+00
          6 204.595605    0.00035     0.0208      1.250     -0.078    763.186     0.3699    12.1676     -0.077    7.49525    12.1731    -0.2308   13.81965 4.2748e+02 0.0000e+00
          7 204.595608    0.00042     0.0250      1.500     -0.078    761.600     0.3692    12.1699     -0.078    7.49490    12.1773    -0.2316   13.81906 5.3863e+02 0.0000e+00
          8 204.595611    0.00049     0.0292      1.750     -0.079    765.160     0.3712    12.1731     -0.078    7.49426    12.1820    -0.2304   13.81794 6.1411e+02 0.0000e+00
          9 204.595613    0.00056     0.0333      2.000     -0.080    778.084     0.3779    12.1773     -0.080    7.49323    12.1866    -0.2256   13.81612 6.4710e+02 0.0000e+00
         10 204.595616    0.00063     0.0375      2.250     -0.083    807.684     0.3932    12.1820     -0.082    7.49172    12.1905    -0.2142   13.81334 6.8943e+02 0.0000e+00
         11 204.595619    0.00069     0.0417      2.500     -0.086    864.480     0.4225    12.1866     -0.086    7.48957    12.1934    -0.1920   13.80928 8.1891e+02 0.0000e+00
         12 204.595622    0.00076     0.0458      2.750     -0.090    960.728     0.4721    12.1905     -0.089    7.48659    12.1953    -0.1538   13.80353 1.1019e+03 0.0000e+00
         13 204.595625    0.00083     0.0500      3.000     -0.094   1110.346     0.5493    12.1934     -0.093    7.48248    12.1965    -0.0939   13.79549 1.4779e+03 0.0000e+00
         14 204.595628    0.00090     0.0542      3.250     -0.097   1326.438     0.6612    12.1953     -0.096    7.47692    12.1972    -0.0070   13.78448 1.7695e+03 0.0000e+00
         15 204.595631    0.00097     0.0583      3.500     -0.099   1592.737     0.7997    12.1965     -0.098    7.47023    12.1976     0.1008   13.77120 1.9120e+03 0.0000e+00
         16 204.595634    0.00104     0.0625      3.750     -0.100   1856.642     0.9377    12.1972     -0.099    7.46366    12.1979     0.2083   13.75812 1.9644e+03 0.0000e+00
         17 204.595637    0.00111     0.0667      4.000     -0.101   2082.366     1.0565    12.1976     -0.100    7.45804    12.1980     0.3007   13.74693 1.9754e+03 0.0000e+00
         18 204.595639    0.00118     0.0708      4.250     -0.102   2259.593     1.1502    12.1979     -0.101    7.45362    12.1981     0.3737   13.73813 1.9660e+03 0.0000e+00
         19 204.595642    0.00125     0.0750      4.500     -0.103   2367.786     1.2074    12.1980     -0.102    7.45092    12.1982     0.4182   13.73276 1.9317e+03 0.0000e+00
         20 204.595645    0.00132     0.0792      4.750     -0.104   2394.841     1.2215    12.1981     -0.103    7.45025    12.1982     0.4291   13.73142 1.8935e+03 0.0000e+00
         21 204.595648    0.00139     0.0833      5.000     -0.104   2363.729     1.2046    12.1982     -0.103    7.45102    12.1983     0.4160   13.73297 1.8941e+03 0.0000e+00
         22 204.595651    0.00146     0.0875      5.250     -0.103   2306.870     1.1741    12.1982     -0.102    7.45243    12.1984     0.3922   13.73578 1.9221e+03 0.0000e+00
         23 204.595654    0.00153     0.0917      5.500     -0.103   2234.694     1.1357    12.1983     -0.102    7.45422    12.1984     0.3623   13.73935 1.9526e+03 0.0000e+00
         24 204.595657    0.00160     0.0958      5.750     -0.102   2145.255     1.0884    12.1984     -0.101    7.45643    12.1983     0.3255   13.74376 1.9755e+03 0.0000e+00
         25 204.595660    0.00167     0.1000      6.000     -0.102   2052.026     1.0394    12.1984     -0.101    7.45873    12.1981     0.2873   13.74835 1.9751e+03 0.0000e+00
         26 204.595663    0.00174     0.1042      6.250     -0.102   1976.509     1.0003    12.1983     -0.101    7.46059    12.1978     0.2569   13.75205 1.9414e+03 0.0000e+00
         27 204.595666    0.00181     0.1083      6.500     -0.102   1925.595     0.9750    12.1981     -0.101    7.46183    12.1973     0.2372   13.75452 1.8652e+03 0.0000e+00
         28 204.595668    0.00187     0.1125      6.750     -0.102   1898.339     0.9633    12.1978     -0.101    7.46247    12.1964     0.2281   13.75580 1.8125e+03 0.0000e+00
         29 204.595671    0.00194     0.1167      7.000     -0.101   1900.329     0.9691    12.1973     -0.100    7.46237    12.1949     0.2325   13.75560 1.8581e+03 0.0000e+00
         30 204.595674    0.00201     0.1208      7.250     -0.101   1943.971     1.0000    12.1964     -0.100    7.46121    12.1924     0.2565   13.75329 1.9334e+03 0.0000e+00
         31 204.595677    0.00208     0.1250      7.500     -0.100   2048.054     1.0681    12.1949     -0.099    7.45851    12.1882     0.3093   13.74790 1.9739e+03 0.0000e+00
         32 204.595680    0.00215     0.1292      7.750     -0.099   2239.245     1.1909    12.1924     -0.098    7.45358    12.1814     0.4047   13.73803 1.9942e+03 0.0000e+00
         33 204.595683    0.00222     0.1333      8.000     -0.097   2564.067     1.3989    12.1882     -0.096    7.44519    12.1700     0.5661   13.72126 2.0048e+03 0.0000e+00
         34 204.595686    0.00229     0.1375      8.250     -0.094   3115.299     1.7506    12.1814     -0.093    7.43095    12.1511     0.8393   13.69282 2.0057e+03 0.0000e+00
         35 204.595689    0.00236     0.1417      8.500     -0.087   4052.178     2.3464    12.1700     -0.087    7.40678    12.1195     1.3020   13.64453 1.9914e+03 0.0000e+00
         36 204.595692    0.00243     0.1458      8.750     -0.077   5632.566     3.3494    12.1511     -0.076    7.36603    12.0670     2.0808   13.56310 1.9570e+03 0.0000e+00
         37 204.595694    0.00250     0.1500      9.000     -0.060   8284.448     5.0304    12.1195     -0.059    7.29766    11.9796     3.3862   13.42651 1.8904e+03 0.0000e+00
         38 204.595697    0.00257     0.1542      9.250     -0.031  12722.241     7.8414    12.0670     -0.030    7.18326    11.8433     5.5692   13.19795 1.7669e+03 0.0000e+00
         39 204.595700    0.00264     0.1583      9.500      0.016  19817.724    12.3597    11.9796      0.016    7.00031    11.6648     9.0780   12.83242 1.6737e+03 0.0000e+00
         40 204.595703    0.00271     0.1625      9.750      0.083  28713.518    18.0848    11.8433      0.082    6.77365    11.4751    13.5282   12.37874 1.7089e+03 0.0000e+00
         41 204.595706    0.00278     0.1667     10.000      0.167  36508.145    23.1541    11.6648      0.165    6.58257    11.3028    17.4795   11.99405 1.7593e+03 0.0000e+00
         42 204.595709    0.00285     0.1708     10.250      0.263  41696.249    26.5451    11.4751      0.260    6.46501    11.1600    20.1357   11.75422 1.7178e+03 0.0000e+00
         43 204.595712    0.00292     0.1750     10.500      0.367  44877.934    28.6221    11.3028      0.364    6.40065    11.0480    21.7727   11.62006 1.5813e+03 0.0000e+00
         44 204.595715    0.00299     0.1792     10.750      0.479  46835.168    29.8980    11.1600      0.475    6.36617    10.9635    22.7850   11.54607 1.3942e+03 0.0000e+00
         45 204.595718    0.00306     0.1833     11.000      0.598  48043.993    30.6849    11.0480      0.593    6.34819    10.9019    23.4136   11.50591 1.2515e+03 0.0000e+00
         46 204.595720    0.00313     0.1875     11.250      0.722  48795.032    31.1733    10.9635      0.716    6.33910    10.8575    23.8063   11.48444 1.1770e+03 0.0000e+00
         47 204.595723    0.00319     0.1917     11.500      0.849  49262.948    31.4773    10.9020      0.842    6.33468    10.8245    24.0524   11.47314 1.1124e+03 0.0000e+00
         48 204.595726    0.00326     0.1958     11.750      0.977  49552.191    31.6649    10.8576      0.969    6.33284    10.7987    24.2054   11.46764 1.0305e+03 0.0000e+00
         49 204.595729    0.00333     0.2000     12.000      1.100  49730.014    31.7796    10.8247      1.090    6.33251    10.7771    24.3000   11.46559 9.7440e+02 0.0000e+00
         50 204.595732    0.00340     0.2042     12.250      1.207  49840.034    31.8501    10.7988      1.196    6.33307    10.7586    24.3591   11.46561 9.5852e+02 0.0000e+00
         51 204.595735    0.00347     0.2083     12.500      1.294  49908.939    31.8938    10.7773      1.282    6.33417    10.7428    24.3966   11.46687 9.5795e+02 0.0000e+00
         52 204.595738    0.00354     0.2125     12.750      1.356  49956.173    31.9234    10.7587      1.343    6.33547    10.7302    24.4228   11.46863 9.5747e+02 0.0000e+00
         53 204.595741    0.00361     0.2167     13.000      1.393  49992.822    31.9466    10.7429      1.379    6.33666    10.7205    24.4435   11.47032 9.4990e+02 0.0000e+00
         54 204.595744    0.00368     0.2208     13.250      1.403  50019.525    31.9635    10.7303      1.389    6.33769    10.7131    24.4588   11.47181 9.3711e+02 0.0000e+00
         55 204.595747    0.00375     0.2250     13.500      1.388  50031.570    31.9705    10.7207      1.375    6.33871    10.7073    24.4659   11.47341 9.2744e+02 0.0000e+00
         56 204.595749    0.00382     0.2292     13.750      1.353  50029.443    31.9679    10.7132      1.340    6.33983    10.7032    24.4651   11.47529 9.5473e+02 0.0000e+00
         57 204.595752    0.00389     0.2333     14.000      1.306  50021.903    31.9617    10.7074      1.294    6.34087    10.7008    24.4613   11.47708 1.0489e+03 0.0000e+00
         58 204.595755    0.00396     0.2375     14.250      1.257  50015.373    31.9566    10.7034      1.245    6.34163    10.6996    24.4580   11.47841 1.1423e+03 0.0000e+00
         59 204.595758    0.00403     0.2417     14.500      1.215  50011.163    31.9533    10.7009      1.204    6.34210    10.6993    24.4558   11.47922 1.1490e+03 0.0000e+00
         60 204.595761    0.00410     0.2458     14.750      1.186  50009.036    31.9516    10.6998      1.175    6.34232    10.6997    24.4547   11.47961 1.1355e+03 0.0000e+00
         61 204.595764    0.00417     0.2500     15.000      1.171  50008.465    31.9512    10.6995      1.160    6.34238    10.7005    24.4544   11.47971 1.1412e+03 0.0000e+00
         62 204.595767    0.00424     0.2542     15.250      1.168  50008.853    31.9515    10.6999      1.158    6.34232    10.7009    24.4546   11.47960 1.1053e+03 0.0000e+00
         63 204.595770    0.00431     0.2583     15.500      1.174  50008.267    31.9511    10.7006      1.163    6.34222    10.7000    24.4542   11.47945 1.0278e+03 0.0000e+00
         64 204.595773    0.00438     0.2625     15.750      1.184  50003.053    31.9475    10.7011      1.173    6.34231    10.6968    24.4513   11.47963 9.4206e+02 0.0000e+00
         65 204.595775    0.00444     0.2667     16.000      1.198  49991.893    31.9395    10.7002      1.186    6.34276    10.6912    24.4452   11.48048 8.9416e+02 0.0000e+00
         66 204.595778    0.00451     0.2708     16.250      1.214  49978.870    31.9298    10.6969      1.202    6.34359    10.6837    24.4383   11.48196 9.0722e+02 0.0000e+00
         67 204.595781    0.00458     0.2750     16.500      1.235  49968.860    31.9220    10.6913      1.223    6.34468    10.6756    24.4332   11.48386 9.5034e+02 0.0000e+00
         68 204.595784    0.00465     0.2792     16.750      1.264  49963.502    31.9173    10.6838      1.252    6.34588    10.6676    24.4308   11.48591 9.8627e+02 0.0000e+00
         69 204.595787    0.00472     0.2833     17.000      1.303  49962.427    31.9156    10.6757      1.291    6.34706    10.6600    24.4308   11.48788 9.7298e+02 0.0000e+00
         70 204.595790    0.00479     0.2875     17.250      1.348  49965.315    31.9166    10.6677      1.335    6.34812    10.6528    24.4330   11.48961 9.0820e+02 0.0000e+00
         71 204.595793    0.00486     0.2917     17.500      1.392  49972.031    31.9205    10.6601      1.379    6.34901    10.6463    24.4373   11.49104 8.3890e+02 0.0000e+00
         72 204.595796    0.00493     0.2958     17.750      1.425  49981.802    31.9265    10.6530      1.412    6.34974    10.6408    24.4433   11.49219 7.9401e+02 0.0000e+00
         73 204.595799    0.00500     0.3000     18.000      1.439  49992.797    31.9335    10.6465      1.425    6.35035    10.6365    24.4498   11.49312 7.8473e+02 0.0000e+00
         74 204.595802    0.00507     0.3042     18.250      1.427  50001.355    31.9390    10.6410      1.414    6.35089    10.6335    24.4550   11.49395 8.0124e+02 0.0000e+00
         75 204.595804    0.00514     0.3083     18.500      1.391  50004.346    31.9406    10.6367      1.378    6.35141    10.6320    24.4570   11.49479 8.1302e+02 0.0000e+00
         76 204.595807    0.00521     0.3125     18.750      1.336  50002.820    31.9392    10.6337      1.323    6.35187    10.6321    24.4564   11.49558 8.1740e+02 0.0000e+00
         77 204.595810    0.00528     0.3167     19.000      1.271  49999.973    31.9370    10.6322      1.260    6.35217    10.6337    24.4550   11.49609 8.3008e+02 0.0000e+00
         78 204.595813    0.00535     0.3208     19.250      1.210  49997.686    31.9354    10.6322      1.199    6.35222    10.6367    24.4537   11.49620 8.5175e+02 0.0000e+00
         79 204.595816    0.00542     0.3250     19.500      1.162  49996.379    31.9347    10.6339      1.151    6.35203    10.6408    24.4529   11.49589 8.9231e+02 0.0000e+00
         80 204.595819    0.00549     0.3292     19.750      1.131  49995.755    31.9346    10.6369      1.120    6.35162    10.6455    24.4523   11.49521 9.3419e+02 0.0000e+00
         81 204.595822    0.00556     0.3333     20.000      1.117  49995.179    31.9347    10.6409      1.106    6.35106    10.6504    24.4517   11.49428 9.3852e+02 0.0000e+00
         82 204.595825    0.00562     0.3375     20.250      1.117  49993.778    31.9342    10.6456      1.107    6.35044    10.6552    24.4505   11.49325 9.2530e+02 0.0000e+00
         83 204.595828    0.00569     0.3417     20.500      1.131  49990.644    31.9326    10.6505      1.121    6.34984    10.6598    24.4484   11.49228 9.0034e+02 0.0000e+00
         84 204.595830    0.00576     0.3458     20.750      1.157  49985.473    31.9295    10.6553      1.147    6.34930    10.6645    24.4452   11.49143 8.5526e+02 0.0000e+00
         85 204.595833    0.00583     0.3500     21.000      1.195  49979.246    31.9256    10.6600      1.184    6.34882    10.6694    24.4414   11.49068 8.3327e+02 0.0000e+00
         86 204.595836    0.00590     0.3542     21.250      1.242  49973.681    31.9222    10.6647      1.230    6.34832    10.6748    24.4379   11.48988 8.5633e+02 0.0000e+00
         87 204.595839    0.00597     0.3583     21.500      1.295  49970.010    31.9202    10.6696      1.283    6.34773    10.6808    24.4355   11.48893 8.8809e+02 0.0000e+00
         88 204.595842    0.00604     0.3625     21.750      1.348  49968.481    31.9197    10.6750      1.336    6.34700    10.6869    24.4342   11.48773 9.0820e+02 0.0000e+00
         89 204.595845    0.00611     0.3667     22.000      1.395  49968.358    31.9204    10.6810      1.382    6.34615    10.6924    24.4337   11.48632 9.3321e+02 0.0000e+00
         90 204.595848    0.00618     0.3708     22.250      1.431  49968.316    31.9211    10.6871      1.417    6.34529    10.6969    24.4331   11.48489 9.4341e+02 0.0000e+00
