CTD-processing/allCTD/CNV--turbid/2014_10-18_t6_s26_cast123.cnv
* Sea-Bird SBE19plus Data File:
* FileName = C:\Users\kris.holderied\Documents\kasitsna\Research-Projects-and-Data\Oceanography-AK\CTD-Data-ALL-to-2014-10\2014-CTD-KachemakBay-CookInlet\2014-10-EVOSTC-CookInlet\2014-10-18-CookInlet-Tran6-Douglas\2014-10-18-CookInlet-Tran6-cast123.hex
* Software Version 1.59
* Temperature SN =  4141
* Conductivity SN =  4141
* System UpLoad Time = Oct 18 2014 10:14:01
** Cook Inlet LTM Tran6 (Douglas)  east to west
** Date: 10-18
** Station: 6-26
** Start time: 08:42
** Depth (m): 169
** Comment:  CTD time is Alaska Daylight time.  R/V Pandalus. Transducer  depth.
** Comment:
# nquan = 16
# nvalues = 1070                        
# units = specified
# name 0 = scan: Scan Count
# name 1 = timeJ: Julian Days
# name 2 = timeH: Time, Elapsed [hours]
# name 3 = timeM: Time, Elapsed [minutes]
# name 4 = timeS: Time, Elapsed [seconds]
# name 5 = prdM: Pressure, Strain Gauge [db]
# name 6 = specc: Specific Conductance [uS/cm]
# name 7 = sal00: Salinity, Practical [PSU]
# name 8 = tv290C: Temperature [ITS-90, deg C]
# name 9 = depSM: Depth [salt water, m], lat = 59.00
# name 10 = oxsolML/L: Oxygen Saturation, Garcia & Gordon [ml/l]
# name 11 = potemp090C: Potential Temperature [ITS-90, deg C]
# name 12 = sigma-é00: Density [sigma-theta, kg/m^3]
# name 13 = n2satML/L: Nitrogen Saturation [ml/l]
# name 14 = par: PAR/Irradiance, Biospherical/Licor
# name 15 = flag:  0.000e+00
# span 0 =          1,       1070       
# span 1 = 291.362685, 291.365778       
# span 2 =    0.00000,    0.07424       
# span 3 =     0.0000,     4.4542       
# span 4 =      0.000,    267.250       
# span 5 =     -0.308,    168.872       
# span 6 =    472.940,  51259.071       
# span 7 =     0.2217,    32.2678       
# span 8 =     6.9233,     9.6292       
# span 9 =     -0.306,    167.225       
# span 10 =    6.52799,    8.49783      
# span 11 =     6.9233,     9.6235      
# span 12 =     0.0844,    25.2209      
# span 13 =   11.79735,   15.51478      
# span 14 = 3.6382e-02, 2.2990e+00      
# span 15 = 0.0000e+00, 0.0000e+00      
# interval = seconds: 0.25
# start_time = Oct 18 2014 08:42:16 [Instrument's time stamp, header]
# bad_flag = -9.990e-29
*END*
[from data line 543]
        544 291.364256    0.03771     2.2625    135.750     64.288  49506.541    31.3973     9.3577     63.677    6.55425     9.3311    24.2440   11.83718 3.6382e-02 0.0000e+00
        545 291.364259    0.03778     2.2667    136.000     64.506  49522.000    31.4066     9.3472     63.893    6.55537     9.3222    24.2530   11.83891 3.6382e-02 0.0000e+00
        546 291.364262    0.03785     2.2708    136.250     64.717  49535.524    31.4148     9.3379     64.102    6.55638     9.3137    24.2608   11.84049 3.6382e-02 0.0000e+00
        547 291.364265    0.03792     2.2750    136.500     64.922  49548.045    31.4223     9.3290     64.305    6.55735     9.3057    24.2681   11.84200 3.6382e-02 0.0000e+00
        548 291.364268    0.03799     2.2792    136.750     65.121  49559.966    31.4294     9.3205     64.502    6.55828     9.2985    24.2750   11.84345 3.6382e-02 0.0000e+00
        549 291.364271    0.03806     2.2833    137.000     65.314  49571.111    31.4361     9.3125     64.693    6.55915     9.2925    24.2814   11.84482 3.6382e-02 0.0000e+00
        550 291.364274    0.03812     2.2875    137.250     65.502  49581.086    31.4421     9.3054     64.880    6.55994     9.2874    24.2872   11.84605 3.6382e-02 0.0000e+00
        551 291.364277    0.03819     2.2917    137.500     65.690  49589.519    31.4471     9.2994     65.065    6.56061     9.2832    24.2920   11.84710 3.6382e-02 0.0000e+00
        552 291.364280    0.03826     2.2958    137.750     65.881  49596.382    31.4511     9.2944     65.255    6.56116     9.2796    24.2960   11.84797 3.6382e-02 0.0000e+00
        553 291.364282    0.03833     2.3000    138.000     66.081  49602.016    31.4544     9.2902     65.453    6.56163     9.2764    24.2992   11.84870 3.6382e-02 0.0000e+00
        554 291.364285    0.03840     2.3042    138.250     66.296  49606.745    31.4571     9.2866     65.666    6.56203     9.2732    24.3019   11.84934 3.6382e-02 0.0000e+00
        555 291.364288    0.03847     2.3083    138.500     66.531  49610.908    31.4595     9.2834     65.898    6.56240     9.2698    24.3043   11.84992 3.6382e-02 0.0000e+00
        556 291.364291    0.03854     2.3125    138.750     66.790  49614.972    31.4618     9.2802     66.154    6.56277     9.2660    24.3066   11.85050 3.6382e-02 0.0000e+00
        557 291.364294    0.03861     2.3167    139.000     67.073  49619.310    31.4643     9.2768     66.435    6.56315     9.2617    24.3091   11.85111 3.6382e-02 0.0000e+00
        558 291.364297    0.03868     2.3208    139.250     67.381  49624.072    31.4670     9.2731     66.740    6.56358     9.2564    24.3118   11.85178 3.6382e-02 0.0000e+00
        559 291.364300    0.03875     2.3250    139.500     67.710  49629.363    31.4700     9.2689     67.065    6.56407     9.2498    24.3148   11.85256 3.6382e-02 0.0000e+00
        560 291.364303    0.03882     2.3292    139.750     68.053  49635.539    31.4735     9.2636     67.405    6.56469     9.2421    24.3183   11.85354 3.6382e-02 0.0000e+00
        561 291.364306    0.03889     2.3333    140.000     68.402  49643.103    31.4777     9.2570     67.752    6.56546     9.2338    24.3227   11.85477 3.6382e-02 0.0000e+00
        562 291.364308    0.03896     2.3375    140.250     68.750  49652.007    31.4828     9.2494     68.096    6.56637     9.2249    24.3278   11.85621 3.6382e-02 0.0000e+00
        563 291.364311    0.03903     2.3417    140.500     69.086  49661.639    31.4882     9.2410     68.429    6.56735     9.2158    24.3334   11.85777 3.6382e-02 0.0000e+00
        564 291.364314    0.03910     2.3458    140.750     69.400  49671.669    31.4939     9.2322     68.740    6.56839     9.2068    24.3392   11.85942 3.6382e-02 0.0000e+00
        565 291.364317    0.03917     2.3500    141.000     69.685  49682.044    31.4999     9.2231     69.022    6.56946     9.1983    24.3453   11.86112 3.6382e-02 0.0000e+00
        566 291.364320    0.03924     2.3542    141.250     69.937  49692.354    31.5058     9.2141     69.272    6.57052     9.1902    24.3513   11.86281 3.6382e-02 0.0000e+00
        567 291.364323    0.03931     2.3583    141.500     70.154  49701.924    31.5112     9.2055     69.487    6.57154     9.1826    24.3569   11.86442 3.6382e-02 0.0000e+00
        568 291.364326    0.03938     2.3625    141.750     70.338  49710.382    31.5159     9.1975     69.669    6.57251     9.1755    24.3618   11.86597 3.6382e-02 0.0000e+00
        569 291.364329    0.03944     2.3667    142.000     70.495  49717.772    31.5200     9.1900     69.824    6.57344     9.1688    24.3662   11.86746 3.6382e-02 0.0000e+00
        570 291.364332    0.03951     2.3708    142.250     70.633  49724.016    31.5233     9.1828     69.961    6.57433     9.1623    24.3699   11.86891 3.6382e-02 0.0000e+00
        571 291.364334    0.03958     2.3750    142.500     70.761  49728.707    31.5256     9.1761     70.087    6.57521     9.1554    24.3727   11.87033 3.6382e-02 0.0000e+00
        572 291.364337    0.03965     2.3792    142.750     70.888  49731.798    31.5268     9.1696     70.213    6.57611     9.1476    24.3747   11.87181 3.6382e-02 0.0000e+00
        573 291.364340    0.03972     2.3833    143.000     71.023  49733.945    31.5273     9.1628     70.347    6.57709     9.1382    24.3761   11.87343 3.6382e-02 0.0000e+00
        574 291.364343    0.03979     2.3875    143.250     71.174  49736.095    31.5276     9.1549     70.496    6.57822     9.1267    24.3776   11.87529 3.6382e-02 0.0000e+00
        575 291.364346    0.03986     2.3917    143.500     71.346  49739.144    31.5284     9.1456     70.666    6.57956     9.1124    24.3796   11.87749 3.6382e-02 0.0000e+00
        576 291.364349    0.03993     2.3958    143.750     71.545  49744.493    31.5305     9.1341     70.864    6.58115     9.0958    24.3830   11.88010 3.6382e-02 0.0000e+00
        577 291.364352    0.04000     2.4000    144.000     71.775  49754.520    31.5354     9.1198     71.092    6.58302     9.0786    24.3891   11.88314 3.6382e-02 0.0000e+00
        578 291.364355    0.04007     2.4042    144.250     72.038  49770.181    31.5440     9.1033     71.352    6.58508     9.0625    24.3983   11.88645 3.6382e-02 0.0000e+00
        579 291.364358    0.04014     2.4083    144.500     72.332  49789.022    31.5546     9.0861     71.644    6.58715     9.0485    24.4093   11.88974 3.6382e-02 0.0000e+00
        580 291.364361    0.04021     2.4125    144.750     72.656  49807.754    31.5654     9.0700     71.964    6.58904     9.0367    24.4202   11.89274 3.6382e-02 0.0000e+00
        581 291.364363    0.04028     2.4167    145.000     73.003  49824.751    31.5752     9.0560     72.308    6.59067     9.0271    24.4300   11.89532 3.6382e-02 0.0000e+00
        582 291.364366    0.04035     2.4208    145.250     73.367  49839.481    31.5837     9.0443     72.669    6.59203     9.0194    24.4385   11.89746 3.6382e-02 0.0000e+00
        583 291.364369    0.04042     2.4250    145.500     73.739  49851.712    31.5908     9.0347     73.036    6.59313     9.0132    24.4455   11.89920 3.6382e-02 0.0000e+00
        584 291.364372    0.04049     2.4292    145.750     74.108  49861.672    31.5965     9.0270     73.402    6.59402     9.0081    24.4512   11.90059 3.6382e-02 0.0000e+00
        585 291.364375    0.04056     2.4333    146.000     74.466  49869.919    31.6013     9.0208     73.757    6.59472     9.0040    24.4559   11.90170 3.6382e-02 0.0000e+00
        586 291.364378    0.04063     2.4375    146.250     74.805  49876.884    31.6053     9.0158     74.092    6.59528     9.0006    24.4598   11.90258 3.6382e-02 0.0000e+00
        587 291.364381    0.04069     2.4417    146.500     75.118  49882.871    31.6088     9.0117     74.401    6.59573     8.9975    24.4631   11.90329 3.6382e-02 0.0000e+00
        588 291.364384    0.04076     2.4458    146.750     75.400  49888.183    31.6120     9.0083     74.681    6.59610     8.9947    24.4661   11.90386 3.6382e-02 0.0000e+00
        589 291.364387    0.04083     2.4500    147.000     75.648  49893.101    31.6149     9.0053     74.927    6.59642     8.9921    24.4689   11.90435 3.6382e-02 0.0000e+00
        590 291.364389    0.04090     2.4542    147.250     75.863  49897.807    31.6177     9.0025     75.140    6.59670     8.9895    24.4715   11.90479 3.6382e-02 0.0000e+00
        591 291.364392    0.04097     2.4583    147.500     76.049  49902.290    31.6204     8.9999     75.324    6.59697     8.9872    24.4740   11.90521 3.6382e-02 0.0000e+00
        592 291.364395    0.04104     2.4625    147.750     76.210  49906.390    31.6229     8.9974     75.483    6.59724     8.9851    24.4763   11.90561 3.6382e-02 0.0000e+00
        593 291.364398    0.04111     2.4667    148.000     76.352  49909.993    31.6250     8.9951     75.624    6.59748     8.9828    24.4784   11.90600 3.6382e-02 0.0000e+00
        594 291.364401    0.04118     2.4708    148.250     76.484  49913.196    31.6269     8.9929     75.755    6.59772     8.9801    24.4802   11.90636 3.6382e-02 0.0000e+00
        595 291.364404    0.04125     2.4750    148.500     76.615  49916.323    31.6287     8.9907     75.885    6.59797     8.9766    24.4819   11.90675 3.6382e-02 0.0000e+00
        596 291.364407    0.04132     2.4792    148.750     76.755  49919.799    31.6307     8.9880     76.023    6.59828     8.9717    24.4839   11.90724 3.6382e-02 0.0000e+00
        597 291.364410    0.04139     2.4833    149.000     76.912  49923.883    31.6330     8.9845     76.179    6.59870     8.9655    24.4863   11.90791 3.6382e-02 0.0000e+00
        598 291.364413    0.04146     2.4875    149.250     77.094  49929.008    31.6358     8.9796     76.359    6.59930     8.9586    24.4892   11.90886 3.6382e-02 0.0000e+00
        599 291.364416    0.04153     2.4917    149.500     77.304  49935.989    31.6397     8.9735     76.567    6.60004     8.9518    24.4932   11.91004 3.6382e-02 0.0000e+00
        600 291.364418    0.04160     2.4958    149.750     77.546  49944.866    31.6448     8.9665     76.807    6.60084     8.9457    24.4983   11.91130 3.6382e-02 0.0000e+00
        601 291.364421    0.04167     2.5000    150.000     77.820  49954.252    31.6503     8.9597     77.078    6.60160     8.9404    24.5036   11.91250 3.6382e-02 0.0000e+00
        602 291.364424    0.04174     2.5042    150.250     78.125  49962.546    31.6552     8.9537     77.380    6.60228     8.9358    24.5083   11.91357 3.6382e-02 0.0000e+00
        603 291.364427    0.04181     2.5083    150.500     78.458  49969.246    31.6590     8.9485     77.709    6.60288     8.9316    24.5121   11.91452 3.6382e-02 0.0000e+00
        604 291.364430    0.04188     2.5125    150.750     78.811  49974.665    31.6620     8.9439     78.059    6.60343     8.9275    24.5152   11.91539 3.6382e-02 0.0000e+00
        605 291.364433    0.04194     2.5167    151.000     79.177  49979.068    31.6643     8.9397     78.422    6.60395     8.9230    24.5176   11.91622 3.6382e-02 0.0000e+00
        606 291.364436    0.04201     2.5208    151.250     79.547  49982.570    31.6660     8.9356     78.788    6.60448     8.9176    24.5196   11.91708 3.6382e-02 0.0000e+00
        607 291.364439    0.04208     2.5250    151.500     79.910  49985.544    31.6673     8.9311     79.147    6.60508     8.9111    24.5213   11.91806 3.6382e-02 0.0000e+00
        608 291.364442    0.04215     2.5292    151.750     80.256  49988.702    31.6686     8.9258     79.490    6.60581     8.9033    24.5231   11.91925 3.6382e-02 0.0000e+00
        609 291.364444    0.04222     2.5333    152.000     80.577  49992.741    31.6704     8.9193     79.808    6.60669     8.8948    24.5255   11.92068 3.6382e-02 0.0000e+00
        610 291.364447    0.04229     2.5375    152.250     80.867  49998.362    31.6731     8.9116     80.095    6.60771     8.8863    24.5288   11.92234 3.6382e-02 0.0000e+00
        611 291.364450    0.04236     2.5417    152.500     81.124  50005.896    31.6770     8.9031     80.350    6.60880     8.8788    24.5331   11.92409 3.6382e-02 0.0000e+00
        612 291.364453    0.04243     2.5458    152.750     81.347  50014.641    31.6818     8.8946     80.571    6.60984     8.8728    24.5382   11.92575 3.6382e-02 0.0000e+00
        613 291.364456    0.04250     2.5500    153.000     81.538  50023.137    31.6866     8.8871     80.760    6.61074     8.8682    24.5431   11.92717 3.6382e-02 0.0000e+00
        614 291.364459    0.04257     2.5542    153.250     81.703  50030.218    31.6906     8.8811     80.923    6.61145     8.8649    24.5472   11.92831 3.6382e-02 0.0000e+00
        615 291.364462    0.04264     2.5583    153.500     81.848  50035.500    31.6936     8.8766     81.067    6.61199     8.8624    24.5502   11.92916 3.6382e-02 0.0000e+00
        616 291.364465    0.04271     2.5625    153.750     81.985  50039.049    31.6956     8.8733     81.202    6.61239     8.8603    24.5523   11.92980 3.6382e-02 0.0000e+00
        617 291.364468    0.04278     2.5667    154.000     82.122  50041.253    31.6967     8.8708     81.338    6.61270     8.8580    24.5535   11.93032 3.6382e-02 0.0000e+00
        618 291.364470    0.04285     2.5708    154.250     82.270  50042.647    31.6973     8.8687     81.484    6.61300     8.8555    24.5543   11.93079 3.6382e-02 0.0000e+00
        619 291.364473    0.04292     2.5750    154.500     82.436  50043.610    31.6976     8.8665     81.649    6.61331     8.8523    24.5549   11.93131 3.6382e-02 0.0000e+00
        620 291.364476    0.04299     2.5792    154.750     82.626  50044.534    31.6978     8.8639     81.837    6.61368     8.8486    24.5554   11.93192 3.6382e-02 0.0000e+00
        621 291.364479    0.04306     2.5833    155.000     82.842  50045.792    31.6981     8.8608     82.051    6.61413     8.8444    24.5562   11.93265 3.6382e-02 0.0000e+00
        622 291.364482    0.04312     2.5875    155.250     83.084  50047.536    31.6987     8.8571     82.291    6.61465     8.8397    24.5572   11.93350 3.6382e-02 0.0000e+00
        623 291.364485    0.04319     2.5917    155.500     83.351  50049.688    31.6995     8.8529     82.556    6.61523     8.8347    24.5585   11.93447 3.6382e-02 0.0000e+00
        624 291.364488    0.04326     2.5958    155.750     83.640  50052.308    31.7005     8.8482     82.841    6.61588     8.8295    24.5600   11.93552 3.6382e-02 0.0000e+00
        625 291.364491    0.04333     2.6000    156.000     83.944  50055.841    31.7021     8.8432     83.143    6.61655     8.8246    24.5620   11.93662 3.6382e-02 0.0000e+00
        626 291.364494    0.04340     2.6042    156.250     84.261  50060.355    31.7044     8.8380     83.456    6.61722     8.8204    24.5646   11.93769 3.6382e-02 0.0000e+00
        627 291.364497    0.04347     2.6083    156.500     84.586  50065.276    31.7070     8.8331     83.778    6.61783     8.8170    24.5673   11.93867 3.6382e-02 0.0000e+00
        628 291.364499    0.04354     2.6125    156.750     84.917  50069.901    31.7095     8.8290     84.106    6.61834     8.8144    24.5699   11.93948 3.6382e-02 0.0000e+00
        629 291.364502    0.04361     2.6167    157.000     85.249  50073.703    31.7115     8.8256     84.435    6.61874     8.8123    24.5720   11.94013 3.6382e-02 0.0000e+00
        630 291.364505    0.04368     2.6208    157.250     85.576  50076.519    31.7130     8.8231     84.759    6.61906     8.8105    24.5735   11.94063 3.6382e-02 0.0000e+00
        631 291.364508    0.04375     2.6250    157.500     85.892  50078.429    31.7139     8.8211     85.072    6.61932     8.8086    24.5746   11.94105 3.6382e-02 0.0000e+00
        632 291.364511    0.04382     2.6292    157.750     86.192  50079.654    31.7144     8.8193     85.369    6.61956     8.8064    24.5752   11.94144 3.6382e-02 0.0000e+00
