CTD-processing/allCTD/CNV--turbid/2014_08-14_subbays_sadieb_cast060.cnv
* Sea-Bird SBE19plus Data File:
* FileName = C:\Users\kris.holderied\Documents\kasitsna\Research-Projects-and-Data\Oceanography-AK\CTD-Data-ALL-to-2014-06\2014-CTD-KachemakBay-CookInlet\2014-08-14-KachemakBay-SubBays\2014-08-14-KachemakBay-SubBays-cast060.hex
* Software Version 1.59
* Temperature SN =  4141
* Conductivity SN =  4141
* System UpLoad Time = Oct 13 2014 01:46:25
** Kachemak Bay Sub-bays
** Date: 08-14
** Station: Sadie B
** Start time: 16:26
** Depth (m): 38.1
** Comment:  CTD time is Alaska Daylight time.  R/V Barnacle. Transducer  depth.
** Comment:
# nquan = 16
# nvalues = 389                         
# units = specified
# name 0 = scan: Scan Count
# name 1 = timeJ: Julian Days
# name 2 = timeH: Time, Elapsed [hours]
# name 3 = timeM: Time, Elapsed [minutes]
# name 4 = timeS: Time, Elapsed [seconds]
# name 5 = prdM: Pressure, Strain Gauge [db]
# name 6 = specc: Specific Conductance [uS/cm]
# name 7 = sal00: Salinity, Practical [PSU]
# name 8 = tv290C: Temperature [ITS-90, deg C]
# name 9 = depSM: Depth [salt water, m], lat = 59.00
# name 10 = oxsolML/L: Oxygen Saturation, Garcia & Gordon [ml/l]
# name 11 = potemp090C: Potential Temperature [ITS-90, deg C]
# name 12 = sigma-é00: Density [sigma-theta, kg/m^3]
# name 13 = n2satML/L: Nitrogen Saturation [ml/l]
# name 14 = par: PAR/Irradiance, Biospherical/Licor
# name 15 = flag:  0.000e+00
# span 0 =          1,        389       
# span 1 = 226.686134, 226.687257       
# span 2 =    0.00000,    0.02694       
# span 3 =     0.0000,     1.6167       
# span 4 =      0.000,     97.000       
# span 5 =     -0.172,     38.612       
# span 6 =   7836.303,  48902.542       
# span 7 =     4.7356,    31.1840       
# span 8 =    10.9773,    12.9296       
# span 9 =     -0.171,     38.248       
# span 10 =    6.13559,    7.24053      
# span 11 =    10.9728,    12.9295      
# span 12 =     3.0957,    23.8103      
# span 13 =   11.16276,   13.33364      
# span 14 = 4.2322e-01, 3.0921e+02      
# span 15 = 0.0000e+00, 0.0000e+00      
# interval = seconds: 0.25
# start_time = Aug 14 2014 16:28:02 [Instrument's time stamp, header]
# bad_flag = -9.990e-29
*END*
[from data line 362]
        363 226.687182    0.02514     1.5083     90.500     30.738  48622.390    31.0359    11.4051     30.449    6.28350    11.3521    23.6201   11.39285 1.8660e+00 0.0000e+00
        364 226.687185    0.02521     1.5125     90.750     31.129  48641.724    31.0467    11.3793     30.836    6.28654    11.3307    23.6331   11.39777 1.7565e+00 0.0000e+00
        365 226.687187    0.02528     1.5167     91.000     31.519  48658.089    31.0556    11.3559     31.222    6.28933    11.3108    23.6441   11.40229 1.6507e+00 0.0000e+00
        366 226.687190    0.02535     1.5208     91.250     31.908  48670.915    31.0622    11.3346     31.607    6.29193    11.2925    23.6531   11.40652 1.5471e+00 0.0000e+00
        367 226.687193    0.02542     1.5250     91.500     32.296  48683.232    31.0687    11.3147     31.992    6.29435    11.2771    23.6616   11.41046 1.4467e+00 0.0000e+00
        368 226.687196    0.02549     1.5292     91.750     32.683  48697.597    31.0767    11.2964     32.375    6.29648    11.2652    23.6710   11.41391 1.3509e+00 0.0000e+00
        369 226.687199    0.02556     1.5333     92.000     33.068  48712.080    31.0851    11.2810     32.756    6.29822    11.2566    23.6803   11.41669 1.2605e+00 0.0000e+00
        370 226.687202    0.02562     1.5375     92.250     33.452  48723.590    31.0918    11.2692     33.136    6.29954    11.2499    23.6876   11.41880 1.1763e+00 0.0000e+00
        371 226.687205    0.02569     1.5417     92.500     33.834  48731.112    31.0961    11.2606     33.515    6.30053    11.2437    23.6924   11.42039 1.0976e+00 0.0000e+00
        372 226.687208    0.02576     1.5458     92.750     34.215  48735.202    31.0981    11.2539     33.893    6.30134    11.2367    23.6952   11.42172 1.0235e+00 0.0000e+00
        373 226.687211    0.02583     1.5500     93.000     34.595  48736.831    31.0984    11.2478     34.268    6.30216    11.2278    23.6965   11.42307 9.5352e-01 0.0000e+00
        374 226.687214    0.02590     1.5542     93.250     34.971  48737.466    31.0979    11.2408     34.641    6.30312    11.2168    23.6974   11.42466 8.8723e-01 0.0000e+00
        375 226.687216    0.02597     1.5583     93.500     35.344  48739.197    31.0981    11.2320     35.011    6.30430    11.2038    23.6990   11.42663 8.2520e-01 0.0000e+00
        376 226.687219    0.02604     1.5625     93.750     35.711  48743.180    31.0995    11.2210     35.374    6.30573    11.1890    23.7021   11.42899 7.6792e-01 0.0000e+00
        377 226.687222    0.02611     1.5667     94.000     36.067  48748.875    31.1020    11.2080     35.727    6.30739    11.1722    23.7063   11.43170 7.1528e-01 0.0000e+00
        378 226.687225    0.02618     1.5708     94.250     36.410  48755.691    31.1050    11.1932     36.066    6.30926    11.1535    23.7113   11.43477 6.6750e-01 0.0000e+00
        379 226.687228    0.02625     1.5750     94.500     36.733  48763.874    31.1088    11.1766     36.386    6.31137    11.1326    23.7172   11.43821 6.2519e-01 0.0000e+00
        380 226.687231    0.02632     1.5792     94.750     37.031  48773.318    31.1133    11.1579     36.682    6.31372    11.1094    23.7239   11.44206 5.8860e-01 0.0000e+00
        381 226.687234    0.02639     1.5833     95.000     37.299  48783.790    31.1183    11.1370     36.947    6.31634    11.0839    23.7314   11.44635 5.5741e-01 0.0000e+00
        382 226.687237    0.02646     1.5875     95.250     37.535  48796.302    31.1245    11.1138     37.181    6.31924    11.0576    23.7403   11.45109 5.3094e-01 0.0000e+00
        383 226.687240    0.02653     1.5917     95.500     37.749  48812.277    31.1329    11.0884     37.393    6.32236    11.0322    23.7513   11.45615 5.0757e-01 0.0000e+00
        384 226.687242    0.02660     1.5958     95.750     37.954  48831.054    31.1431    11.0621     37.596    6.32552    11.0093    23.7638   11.46127 4.8556e-01 0.0000e+00
        385 226.687245    0.02667     1.6000     96.000     38.154  48850.434    31.1539    11.0367     37.794    6.32853    10.9904    23.7766   11.46614 4.6465e-01 0.0000e+00
        386 226.687248    0.02674     1.6042     96.250     38.338  48869.330    31.1647    11.0138     37.977    6.33121    10.9775    23.7890   11.47046 4.4637e-01 0.0000e+00
        387 226.687251    0.02681     1.6083     96.500     38.486  48886.216    31.1745    10.9949     38.123    6.33339    10.9728    23.7998   11.47395 4.3297e-01 0.0000e+00
        388 226.687254    0.02688     1.6125     96.750     38.580  48898.166    31.1814    10.9820     38.216    6.33487 -9.990e-29    23.8075   11.47632 4.2549e-01 0.0000e+00
        389 226.687257    0.02694     1.6167     97.000     38.612  48902.542    31.1840    10.9773     38.248    6.33541 -9.990e-29    23.8103   11.47718 4.2322e-01 0.0000e+00
