CTD-processing/allCTD/CNV--turbid/2014_04-11_t9_s08_cast034.cnv
* Sea-Bird SBE19plus Data File:
* FileName = C:\Users\kris.holderied\Documents\kasitsna\Research-Projects-and-Data\Oceanography-AK\CTD-Data-ALL-to-2014-03\2014-CTD-KachemakBay-CookInlet\2014-04-EVOSTC-CookInlet-Ocean\2014-04-11-CookInlet-Tran9-HomerSpit\2014-04-11-CookInlet-Tran9-HomerSpit-cast034.hex
* Software Version 1.59
* Temperature SN =  5028
* Conductivity SN =  5028
* System UpLoad Time = May 27 2014 23:29:10
** Cook Inlet LTM Transect 9  (Homer Spit) South to North
** Date: 2014-04-11
** Station: 9-08
** Start time: 20:46
** Depth (m): 91
** Comment:  CTD time is Alaska Daylight time
** Comment:
# nquan = 16
# nvalues = 617                         
# units = specified
# name 0 = scan: Scan Count
# name 1 = timeJ: Julian Days
# name 2 = timeH: Time, Elapsed [hours]
# name 3 = timeM: Time, Elapsed [minutes]
# name 4 = timeS: Time, Elapsed [seconds]
# name 5 = prdM: Pressure, Strain Gauge [db]
# name 6 = specc: Specific Conductance [uS/cm]
# name 7 = sal00: Salinity, Practical [PSU]
# name 8 = tv290C: Temperature [ITS-90, deg C]
# name 9 = depSM: Depth [salt water, m], lat = 59.00
# name 10 = oxsolML/L: Oxygen Saturation, Garcia & Gordon [ml/l]
# name 11 = potemp090C: Potential Temperature [ITS-90, deg C]
# name 12 = sigma-é00: Density [sigma-theta, kg/m^3]
# name 13 = n2satML/L: Nitrogen Saturation [ml/l]
# name 14 = par: PAR/Irradiance, Biospherical/Licor
# name 15 = flag:  0.000e+00
# span 0 =          1,        617       
# span 1 = 101.865532, 101.867315       
# span 2 =    0.00000,    0.04278       
# span 3 =     0.0000,     2.5667       
# span 4 =      0.000,    154.000       
# span 5 =      0.052,     90.937       
# span 6 =   1794.540,  51582.126       
# span 7 =     0.8784,    32.0063       
# span 8 =     3.5270,     4.7450       
# span 9 =      0.052,     90.067       
# span 10 =    7.26065,    9.23199      
# span 11 =     3.5270,     4.7387      
# span 12 =     0.6813,    25.3305      
# span 13 =   12.99731,   16.73707      
# span 14 = 3.7912e-02, 1.5302e+01      
# span 15 = 0.0000e+00, 0.0000e+00      
# interval = seconds: 0.25
# start_time = Apr 11 2014 20:46:22 [Instrument's time stamp, header]
# bad_flag = -9.990e-29
*END*
[from data line 362]
        363 101.866580    0.02514     1.5083     90.500     34.332  51332.678    31.7694     4.3349     34.008    7.34454     4.3392    25.1844   13.13885 4.0168e-02 0.0000e+00
        364 101.866583    0.02521     1.5125     90.750     34.594  51338.581    31.7739     4.3376     34.268    7.34382     4.3443    25.1878   13.13761 3.9922e-02 0.0000e+00
        365 101.866586    0.02528     1.5167     91.000     34.857  51345.706    31.7796     4.3415     34.529    7.34285     4.3507    25.1919   13.13593 3.9682e-02 0.0000e+00
        366 101.866589    0.02535     1.5208     91.250     35.121  51352.603    31.7854     4.3467     34.790    7.34165     4.3574    25.1959   13.13387 3.9457e-02 0.0000e+00
        367 101.866591    0.02542     1.5250     91.500     35.385  51355.776    31.7889     4.3530     35.052    7.34035     4.3636    25.1981   13.13167 3.9256e-02 0.0000e+00
        368 101.866594    0.02549     1.5292     91.750     35.648  51354.767    31.7896     4.3598     35.313    7.33911     4.3688    25.1980   13.12962 3.9069e-02 0.0000e+00
        369 101.866597    0.02556     1.5333     92.000     35.911  51352.231    31.7892     4.3660     35.572    7.33803     4.3730    25.1970   13.12784 3.8896e-02 0.0000e+00
        370 101.866600    0.02562     1.5375     92.250     36.173  51350.025    31.7888     4.3712     35.832    7.33712     4.3765    25.1961   13.12636 3.8749e-02 0.0000e+00
        371 101.866603    0.02569     1.5417     92.500     36.435  51349.033    31.7890     4.3754     36.092    7.33636     4.3798    25.1958   13.12510 3.8624e-02 0.0000e+00
        372 101.866606    0.02576     1.5458     92.750     36.698  51349.454    31.7899     4.3790     36.352    7.33568     4.3831    25.1963   13.12396 3.8519e-02 0.0000e+00
        373 101.866609    0.02583     1.5500     93.000     36.963  51350.969    31.7916     4.3823     36.614    7.33501     4.3867    25.1973   13.12283 3.8449e-02 0.0000e+00
        374 101.866612    0.02590     1.5542     93.250     37.229  51353.411    31.7939     4.3856     36.877    7.33430     4.3909    25.1988   13.12164 3.8376e-02 0.0000e+00
        375 101.866615    0.02597     1.5583     93.500     37.496  51357.323    31.7973     4.3892     37.142    7.33350     4.3962    25.2011   13.12026 3.8258e-02 0.0000e+00
        376 101.866617    0.02604     1.5625     93.750     37.765  51363.787    31.8025     4.3934     37.409    7.33249     4.4033    25.2048   13.11854 3.8136e-02 0.0000e+00
        377 101.866620    0.02611     1.5667     94.000     38.036  51374.025    31.8106     4.3987     37.677    7.33116     4.4126    25.2107   13.11623 3.8049e-02 0.0000e+00
        378 101.866623    0.02618     1.5708     94.250     38.308  51386.662    31.8208     4.4058     37.946    7.32940     4.4239    25.2181   13.11319 3.7994e-02 0.0000e+00
        379 101.866626    0.02625     1.5750     94.500     38.579  51397.179    31.8300     4.4152     38.214    7.32728     4.4357    25.2245   13.10957 3.7961e-02 0.0000e+00
        380 101.866629    0.02632     1.5792     94.750     38.847  51402.755    31.8363     4.4264     38.481    7.32498     4.4467    25.2283   13.10569 3.7941e-02 0.0000e+00
        381 101.866632    0.02639     1.5833     95.000     39.113  51402.907    31.8390     4.4383     38.744    7.32275     4.4560    25.2292   13.10198 3.7930e-02 0.0000e+00
        382 101.866635    0.02646     1.5875     95.250     39.377  51398.664    31.8385     4.4493     39.005    7.32081     4.4632    25.2277   13.09879 3.7923e-02 0.0000e+00
        383 101.866638    0.02653     1.5917     95.500     39.640  51393.521    31.8370     4.4586     39.266    7.31925     4.4690    25.2256   13.09622 3.7919e-02 0.0000e+00
        384 101.866641    0.02660     1.5958     95.750     39.902  51390.371    31.8364     4.4659     39.525    7.31798     4.4738    25.2244   13.09414 3.7916e-02 0.0000e+00
        385 101.866644    0.02667     1.6000     96.000     40.166  51388.522    31.8363     4.4717     39.786    7.31695     4.4776    25.2238   13.09245 3.7915e-02 0.0000e+00
        386 101.866646    0.02674     1.6042     96.250     40.431  51386.151    31.8357     4.4765     40.049    7.31614     4.4804    25.2228   13.09111 3.7914e-02 0.0000e+00
        387 101.866649    0.02681     1.6083     96.500     40.699  51383.427    31.8346     4.4803     40.315    7.31552     4.4825    25.2215   13.09010 3.7913e-02 0.0000e+00
        388 101.866652    0.02688     1.6125     96.750     40.968  51381.453    31.8337     4.4832     40.581    7.31505     4.4841    25.2205   13.08934 3.7913e-02 0.0000e+00
        389 101.866655    0.02694     1.6167     97.000     41.236  51380.799    31.8336     4.4853     40.846    7.31469     4.4856    25.2202   13.08875 3.7912e-02 0.0000e+00
        390 101.866658    0.02701     1.6208     97.250     41.500  51381.345    31.8343     4.4869     41.108    7.31437     4.4873    25.2206   13.08821 3.7912e-02 0.0000e+00
        391 101.866661    0.02708     1.6250     97.500     41.759  51383.193    31.8358     4.4885     41.365    7.31403     4.4894    25.2216   13.08763 3.7912e-02 0.0000e+00
        392 101.866664    0.02715     1.6292     97.750     42.015  51386.790    31.8385     4.4901     41.618    7.31360     4.4923    25.2236   13.08689 3.7912e-02 0.0000e+00
        393 101.866667    0.02722     1.6333     98.000     42.266  51391.493    31.8421     4.4923     41.867    7.31304     4.4958    25.2262   13.08592 3.7912e-02 0.0000e+00
        394 101.866670    0.02729     1.6375     98.250     42.516  51395.771    31.8455     4.4952     42.115    7.31235     4.4996    25.2287   13.08474 3.7912e-02 0.0000e+00
        395 101.866672    0.02736     1.6417     98.500     42.767  51398.768    31.8483     4.4988     42.363    7.31160     4.5035    25.2305   13.08346 3.7912e-02 0.0000e+00
        396 101.866675    0.02743     1.6458     98.750     43.018  51401.717    31.8510     4.5025     42.612    7.31080     4.5081    25.2323   13.08211 3.7912e-02 0.0000e+00
        397 101.866678    0.02750     1.6500     99.000     43.271  51407.521    31.8558     4.5065     42.862    7.30987     4.5143    25.2357   13.08051 3.7912e-02 0.0000e+00
        398 101.866681    0.02757     1.6542     99.250     43.523  51417.363    31.8635     4.5111     43.112    7.30867     4.5223    25.2413   13.07842 3.7912e-02 0.0000e+00
        399 101.866684    0.02764     1.6583     99.500     43.774  51428.073    31.8721     4.5174     43.360    7.30715     4.5312    25.2475   13.07580 3.7912e-02 0.0000e+00
        400 101.866687    0.02771     1.6625     99.750     44.022  51436.006    31.8792     4.5253     43.605    7.30540     4.5401    25.2523   13.07282 3.7912e-02 0.0000e+00
        401 101.866690    0.02778     1.6667    100.000     44.266  51439.900    31.8838     4.5342     43.848    7.30360     4.5485    25.2551   13.06978 3.7912e-02 0.0000e+00
        402 101.866693    0.02785     1.6708    100.250     44.508  51441.519    31.8869     4.5432     44.087    7.30187     4.5573    25.2566   13.06690 3.7912e-02 0.0000e+00
        403 101.866696    0.02792     1.6750    100.500     44.745  51448.351    31.8933     4.5515     44.322    7.30008     4.5683    25.2608   13.06385 3.7912e-02 0.0000e+00
        404 101.866698    0.02799     1.6792    100.750     44.980  51464.322    31.9062     4.5603     44.555    7.29790     4.5819    25.2701   13.06010 3.7912e-02 0.0000e+00
        405 101.866701    0.02806     1.6833    101.000     45.214  51481.691    31.9205     4.5713     44.786    7.29527     4.5965    25.2803   13.05556 3.7912e-02 0.0000e+00
        406 101.866704    0.02813     1.6875    101.250     45.447  51490.696    31.9297     4.5850     45.017    7.29241     4.6095    25.2862   13.05072 3.7912e-02 0.0000e+00
        407 101.866707    0.02819     1.6917    101.500     45.681  51489.412    31.9320     4.5996     45.249    7.28974     4.6198    25.2865   13.04628 3.7912e-02 0.0000e+00
        408 101.866710    0.02826     1.6958    101.750     45.917  51483.002    31.9305     4.6126     45.482    7.28752     4.6274    25.2839   13.04264 3.7912e-02 0.0000e+00
        409 101.866713    0.02833     1.7000    102.000     46.153  51476.375    31.9282     4.6230     45.716    7.28582     4.6329    25.2810   13.03986 3.7912e-02 0.0000e+00
        410 101.866716    0.02840     1.7042    102.250     46.391  51470.995    31.9261     4.6306     45.952    7.28458     4.6367    25.2786   13.03784 3.7912e-02 0.0000e+00
        411 101.866719    0.02847     1.7083    102.500     46.629  51467.074    31.9245     4.6361     46.188    7.28370     4.6394    25.2768   13.03640 3.7912e-02 0.0000e+00
        412 101.866722    0.02854     1.7125    102.750     46.867  51464.548    31.9235     4.6399     46.424    7.28307     4.6413    25.2756   13.03538 3.7912e-02 0.0000e+00
        413 101.866725    0.02861     1.7167    103.000     47.106  51463.095    31.9230     4.6426     46.661    7.28262     4.6428    25.2749   13.03464 3.7912e-02 0.0000e+00
        414 101.866727    0.02868     1.7208    103.250     47.345  51462.404    31.9229     4.6446     46.897    7.28228     4.6439    25.2746   13.03409 3.7912e-02 0.0000e+00
        415 101.866730    0.02875     1.7250    103.500     47.584  51462.323    31.9230     4.6460     47.134    7.28202     4.6449    25.2746   13.03366 3.7912e-02 0.0000e+00
        416 101.866733    0.02882     1.7292    103.750     47.822  51462.765    31.9235     4.6472     47.370    7.28180     4.6459    25.2748   13.03329 3.7912e-02 0.0000e+00
        417 101.866736    0.02889     1.7333    104.000     48.060  51463.817    31.9243     4.6482     47.605    7.28158     4.6470    25.2754   13.03292 3.7912e-02 0.0000e+00
        418 101.866739    0.02896     1.7375    104.250     48.298  51465.581    31.9256     4.6492     47.840    7.28134     4.6484    25.2764   13.03250 3.7912e-02 0.0000e+00
        419 101.866742    0.02903     1.7417    104.500     48.534  51468.125    31.9275     4.6503     48.075    7.28104     4.6501    25.2777   13.03199 3.7912e-02 0.0000e+00
        420 101.866745    0.02910     1.7458    104.750     48.770  51470.940    31.9296     4.6518     48.309    7.28069     4.6519    25.2793   13.03138 3.7912e-02 0.0000e+00
        421 101.866748    0.02917     1.7500    105.000     49.007  51473.049    31.9314     4.6535     48.543    7.28031     4.6538    25.2805   13.03072 3.7912e-02 0.0000e+00
        422 101.866751    0.02924     1.7542    105.250     49.244  51474.460    31.9327     4.6553     48.778    7.27992     4.6556    25.2813   13.03006 3.7912e-02 0.0000e+00
        423 101.866753    0.02931     1.7583    105.500     49.483  51475.866    31.9339     4.6572     49.014    7.27953     4.6575    25.2821   13.02941 3.7912e-02 0.0000e+00
        424 101.866756    0.02937     1.7625    105.750     49.722  51477.841    31.9356     4.6590     49.251    7.27913     4.6596    25.2832   13.02873 3.7912e-02 0.0000e+00
        425 101.866759    0.02944     1.7667    106.000     49.961  51480.303    31.9376     4.6610     49.488    7.27870     4.6619    25.2846   13.02798 3.7912e-02 0.0000e+00
        426 101.866762    0.02951     1.7708    106.250     50.200  51482.272    31.9393     4.6631     49.724    7.27824     4.6640    25.2857   13.02720 3.7912e-02 0.0000e+00
        427 101.866765    0.02958     1.7750    106.500     50.436  51483.177    31.9403     4.6654     49.959    7.27779     4.6660    25.2863   13.02645 3.7912e-02 0.0000e+00
        428 101.866768    0.02965     1.7792    106.750     50.672  51483.396    31.9408     4.6675     50.192    7.27738     4.6676    25.2865   13.02577 3.7912e-02 0.0000e+00
        429 101.866771    0.02972     1.7833    107.000     50.907  51483.507    31.9412     4.6695     50.425    7.27702     4.6692    25.2866   13.02517 3.7912e-02 0.0000e+00
        430 101.866774    0.02979     1.7875    107.250     51.141  51483.916    31.9418     4.6712     50.657    7.27669     4.6707    25.2869   13.02463 3.7912e-02 0.0000e+00
        431 101.866777    0.02986     1.7917    107.500     51.375  51484.833    31.9427     4.6727     50.888    7.27638     4.6722    25.2874   13.02410 3.7912e-02 0.0000e+00
        432 101.866780    0.02993     1.7958    107.750     51.608  51485.989    31.9437     4.6743     51.119    7.27606     4.6738    25.2881   13.02356 3.7912e-02 0.0000e+00
        433 101.866782    0.03000     1.8000    108.000     51.840  51486.825    31.9445     4.6758     51.349    7.27575     4.6752    25.2885   13.02303 3.7912e-02 0.0000e+00
        434 101.866785    0.03007     1.8042    108.250     52.072  51487.306    31.9451     4.6774     51.579    7.27545     4.6765    25.2888   13.02253 3.7912e-02 0.0000e+00
        435 101.866788    0.03014     1.8083    108.500     52.302  51487.836    31.9456     4.6788     51.807    7.27517     4.6778    25.2891   13.02206 3.7912e-02 0.0000e+00
        436 101.866791    0.03021     1.8125    108.750     52.532  51488.678    31.9464     4.6802     52.035    7.27489     4.6792    25.2896   13.02160 3.7912e-02 0.0000e+00
        437 101.866794    0.03028     1.8167    109.000     52.763  51489.896    31.9474     4.6815     52.263    7.27461     4.6807    25.2903   13.02112 3.7912e-02 0.0000e+00
        438 101.866797    0.03035     1.8208    109.250     52.994  51491.455    31.9487     4.6829     52.492    7.27431     4.6824    25.2911   13.02059 3.7912e-02 0.0000e+00
        439 101.866800    0.03042     1.8250    109.500     53.227  51493.103    31.9501     4.6844     52.723    7.27397     4.6841    25.2921   13.02002 3.7912e-02 0.0000e+00
        440 101.866803    0.03049     1.8292    109.750     53.461  51494.376    31.9512     4.6861     52.955    7.27362     4.6858    25.2928   13.01943 3.7912e-02 0.0000e+00
        441 101.866806    0.03056     1.8333    110.000     53.697  51495.027    31.9519     4.6879     53.188    7.27328     4.6874    25.2932   13.01885 3.7912e-02 0.0000e+00
        442 101.866808    0.03062     1.8375    110.250     53.933  51495.239    31.9523     4.6896     53.422    7.27296     4.6887    25.2933   13.01831 3.7912e-02 0.0000e+00
        443 101.866811    0.03069     1.8417    110.500     54.169  51495.372    31.9527     4.6912     53.656    7.27267     4.6899    25.2934   13.01784 3.7912e-02 0.0000e+00
        444 101.866814    0.03076     1.8458    110.750     54.404  51495.703    31.9531     4.6925     53.888    7.27242     4.6911    25.2936   13.01742 3.7912e-02 0.0000e+00
        445 101.866817    0.03083     1.8500    111.000     54.637  51496.477    31.9538     4.6937     54.119    7.27217     4.6924    25.2940   13.01700 3.7912e-02 0.0000e+00
        446 101.866820    0.03090     1.8542    111.250     54.868  51497.979    31.9550     4.6949     54.348    7.27190     4.6940    25.2949   13.01655 3.7912e-02 0.0000e+00
        447 101.866823    0.03097     1.8583    111.500     55.099  51500.355    31.9568     4.6962     54.576    7.27158     4.6960    25.2962   13.01600 3.7912e-02 0.0000e+00
        448 101.866826    0.03104     1.8625    111.750     55.328  51503.409    31.9591     4.6978     54.804    7.27119     4.6983    25.2978   13.01532 3.7912e-02 0.0000e+00
        449 101.866829    0.03111     1.8667    112.000     55.556  51506.477    31.9616     4.6998     55.030    7.27071     4.7009    25.2996   13.01450 3.7912e-02 0.0000e+00
        450 101.866832    0.03118     1.8708    112.250     55.784  51509.018    31.9637     4.7022     55.255    7.27019     4.7035    25.3010   13.01360 3.7912e-02 0.0000e+00
        451 101.866834    0.03125     1.8750    112.500     56.011  51510.914    31.9655     4.7048     55.480    7.26965     4.7060    25.3022   13.01268 3.7912e-02 0.0000e+00
