CTD-processing/allCTD/CNV--turbid/2014_08-14_alongbay_skb05_cast047.cnv
* Sea-Bird SBE19plus Data File:
* FileName = C:\Users\kris.holderied\Documents\kasitsna\Research-Projects-and-Data\Oceanography-AK\CTD-Data-ALL-to-2014-06\2014-CTD-KachemakBay-CookInlet\2014-08-14-KachemakBay-AlongBayLine\2014-08-14-KachemakBay-AlongBay-cast047.hex
* Software Version 1.59
* Temperature SN =  4141
* Conductivity SN =  4141
* System UpLoad Time = Oct 13 2014 01:23:54
** Kachemak Bay Along-bay Line West to East
** Date: 08-14
** Station: KB05
** Start time: 11:56
** Depth (m): 163.1
** Comment:  CTD time is Alaska Daylight time.  R/V Barnacle. Transducer  depth.
** Comment:
# nquan = 16
# nvalues = 791                         
# units = specified
# name 0 = scan: Scan Count
# name 1 = timeJ: Julian Days
# name 2 = timeH: Time, Elapsed [hours]
# name 3 = timeM: Time, Elapsed [minutes]
# name 4 = timeS: Time, Elapsed [seconds]
# name 5 = prdM: Pressure, Strain Gauge [db]
# name 6 = specc: Specific Conductance [uS/cm]
# name 7 = sal00: Salinity, Practical [PSU]
# name 8 = tv290C: Temperature [ITS-90, deg C]
# name 9 = depSM: Depth [salt water, m], lat = 59.00
# name 10 = oxsolML/L: Oxygen Saturation, Garcia & Gordon [ml/l]
# name 11 = potemp090C: Potential Temperature [ITS-90, deg C]
# name 12 = sigma-é00: Density [sigma-theta, kg/m^3]
# name 13 = n2satML/L: Nitrogen Saturation [ml/l]
# name 14 = par: PAR/Irradiance, Biospherical/Licor
# name 15 = flag:  0.000e+00
# span 0 =          1,        791       
# span 1 = 226.498912, 226.501198       
# span 2 =    0.00000,    0.05486       
# span 3 =     0.0000,     3.2917       
# span 4 =      0.000,    197.500       
# span 5 =     -0.224,    147.395       
# span 6 =   1670.718,  49522.551       
# span 7 =     0.8356,    31.4224       
# span 8 =     9.7195,    11.9421       
# span 9 =     -0.222,    145.964       
# span 10 =    6.26783,    7.59216      
# span 11 =     9.7035,    11.9421      
# span 12 =     0.2113,    24.2073      
# span 13 =   11.36807,   13.97709      
# span 14 = 4.8561e-02, 4.6662e+02      
# span 15 = 0.0000e+00, 0.0000e+00      
# interval = seconds: 0.25
# start_time = Aug 14 2014 11:58:26 [Instrument's time stamp, header]
# bad_flag = -9.990e-29
*END*
[from data line 272]
        273 226.499699    0.01889     1.1333     68.000      0.965  44473.145    28.1528    11.6991      0.957    6.35901    11.7019    21.3306   11.55218 2.3777e+02 0.0000e+00
        274 226.499702    0.01896     1.1375     68.250      0.938  44459.652    28.1435    11.7004      0.930    6.35921    11.7033    21.3232   11.55262 2.3693e+02 0.0000e+00
        275 226.499705    0.01903     1.1417     68.500      0.940  44450.595    28.1373    11.7020      0.932    6.35924    11.7042    21.3181   11.55274 2.3408e+02 0.0000e+00
        276 226.499708    0.01910     1.1458     68.750      0.967  44448.642    28.1361    11.7034      0.959    6.35910    11.7042    21.3168   11.55253 2.2924e+02 0.0000e+00
        277 226.499711    0.01917     1.1500     69.000      1.004  44452.639    28.1389    11.7043      0.995    6.35887    11.7038    21.3189   11.55212 2.2451e+02 0.0000e+00
        278 226.499714    0.01924     1.1542     69.250      1.034  44457.120    28.1421    11.7043      1.025    6.35874    11.7035    21.3213   11.55186 2.2219e+02 0.0000e+00
        279 226.499716    0.01931     1.1583     69.500      1.048  44456.986    28.1419    11.7039      1.038    6.35880    11.7038    21.3213   11.55196 2.2335e+02 0.0000e+00
        280 226.499719    0.01938     1.1625     69.750      1.043  44449.964    28.1370    11.7036      1.034    6.35903    11.7049    21.3175   11.55241 2.2797e+02 0.0000e+00
        281 226.499722    0.01944     1.1667     70.000      1.026  44437.346    28.1282    11.7039      1.016    6.35935    11.7065    21.3106   11.55303 2.3391e+02 0.0000e+00
        282 226.499725    0.01951     1.1708     70.250      1.005  44421.854    28.1175    11.7050      0.996    6.35964    11.7084    21.3021   11.55364 2.3802e+02 0.0000e+00
        283 226.499728    0.01958     1.1750     70.500      0.991  44405.628    28.1063    11.7066      0.982    6.35987    11.7104    21.2931   11.55416 2.3862e+02 0.0000e+00
        284 226.499731    0.01965     1.1792     70.750      0.989  44391.139    28.0963    11.7085      0.980    6.36000    11.7121    21.2851   11.55450 2.3638e+02 0.0000e+00
        285 226.499734    0.01972     1.1833     71.000      1.000  44380.622    28.0891    11.7105      0.991    6.36002    11.7133    21.2791   11.55462 2.3331e+02 0.0000e+00
        286 226.499737    0.01979     1.1875     71.250      1.018  44375.471    28.0856    11.7122      1.009    6.35993    11.7139    21.2762   11.55451 2.3041e+02 0.0000e+00
        287 226.499740    0.01986     1.1917     71.500      1.034  44375.160    28.0855    11.7134      1.024    6.35977    11.7140    21.2759   11.55425 2.2740e+02 0.0000e+00
        288 226.499742    0.01993     1.1958     71.750      1.039  44376.640    28.0866    11.7140      1.029    6.35965    11.7140    21.2766   11.55403 2.2551e+02 0.0000e+00
        289 226.499745    0.02000     1.2000     72.000      1.029  44376.309    28.0864    11.7141      1.020    6.35964    11.7142    21.2764   11.55402 2.2708e+02 0.0000e+00
        290 226.499748    0.02007     1.2042     72.250      1.008  44373.095    28.0841    11.7141      0.998    6.35973    11.7146    21.2747   11.55419 2.3134e+02 0.0000e+00
        291 226.499751    0.02014     1.2083     72.500      0.983  44369.254    28.0815    11.7143      0.974    6.35981    11.7149    21.2726   11.55436 2.3440e+02 0.0000e+00
        292 226.499754    0.02021     1.2125     72.750      0.967  44368.753    28.0812    11.7147      0.958    6.35977    11.7147    21.2723   11.55429 2.3405e+02 0.0000e+00
        293 226.499757    0.02028     1.2167     73.000      0.968  44375.670    28.0860    11.7150      0.959    6.35953    11.7136    21.2760   11.55384 2.3155e+02 0.0000e+00
        294 226.499760    0.02035     1.2208     73.250      0.986  44389.643    28.0958    11.7148      0.976    6.35917    11.7120    21.2836   11.55312 2.2920e+02 0.0000e+00
        295 226.499763    0.02042     1.2250     73.500      1.015  44405.414    28.1067    11.7138      1.005    6.35887    11.7101    21.2923   11.55250 2.2798e+02 0.0000e+00
        296 226.499766    0.02049     1.2292     73.750      1.044  44420.253    28.1170    11.7121      1.034    6.35869    11.7083    21.3005   11.55207 2.2751e+02 0.0000e+00
        297 226.499769    0.02056     1.2333     74.000      1.063  44432.846    28.1256    11.7102      1.053    6.35860    11.7070    21.3075   11.55182 2.2736e+02 0.0000e+00
        298 226.499771    0.02063     1.2375     74.250      1.063  44439.497    28.1301    11.7085      1.053    6.35866    11.7064    21.3113   11.55186 2.2761e+02 0.0000e+00
        299 226.499774    0.02069     1.2417     74.500      1.046  44439.116    28.1297    11.7071      1.037    6.35885    11.7064    21.3113   11.55219 2.2855e+02 0.0000e+00
        300 226.499777    0.02076     1.2458     74.750      1.021  44434.703    28.1266    11.7065      1.011    6.35906    11.7068    21.3090   11.55257 2.3016e+02 0.0000e+00
        301 226.499780    0.02083     1.2500     75.000      0.996  44430.236    28.1235    11.7065      0.987    6.35918    11.7071    21.3066   11.55281 2.3120e+02 0.0000e+00
        302 226.499783    0.02090     1.2542     75.250      0.981  44428.888    28.1226    11.7069      0.972    6.35916    11.7070    21.3058   11.55280 2.3008e+02 0.0000e+00
        303 226.499786    0.02097     1.2583     75.500      0.983  44433.096    28.1256    11.7072      0.974    6.35900    11.7062    21.3080   11.55249 2.2655e+02 0.0000e+00
        304 226.499789    0.02104     1.2625     75.750      1.010  44445.644    28.1343    11.7071      1.000    6.35866    11.7041    21.3149   11.55183 2.2112e+02 0.0000e+00
        305 226.499792    0.02111     1.2667     76.000      1.067  44470.453    28.1516    11.7063      1.057    6.35809    11.7004    21.3284   11.55066 2.1371e+02 0.0000e+00
        306 226.499795    0.02118     1.2708     76.250      1.161  44513.340    28.1814    11.7043      1.150    6.35717    11.6941    21.3519   11.54878 2.0394e+02 0.0000e+00
        307 226.499797    0.02125     1.2750     76.500      1.296  44582.225    28.2293    11.7005      1.284    6.35575    11.6846    21.3897   11.54586 1.9183e+02 0.0000e+00
        308 226.499800    0.02132     1.2792     76.750      1.470  44683.655    28.2998    11.6943      1.456    6.35377    11.6715    21.4454   11.54173 1.7772e+02 0.0000e+00
        309 226.499803    0.02139     1.2833     77.000      1.674  44814.573    28.3906    11.6848      1.659    6.35142    11.6554    21.5175   11.53675 1.6232e+02 0.0000e+00
        310 226.499806    0.02146     1.2875     77.250      1.901  44961.379    28.4923    11.6717      1.884    6.34912    11.6377    21.5986   11.53173 1.4668e+02 0.0000e+00
        311 226.499809    0.02153     1.2917     77.500      2.141  45110.979    28.5957    11.6556      2.121    6.34716    11.6199    21.6816   11.52723 1.3185e+02 0.0000e+00
        312 226.499812    0.02160     1.2958     77.750      2.385  45251.238    28.6924    11.6379      2.362    6.34568    11.6036    21.7597   11.52363 1.1859e+02 0.0000e+00
        313 226.499815    0.02167     1.3000     78.000      2.628  45369.179    28.7734    11.6202      2.604    6.34483    11.5898    21.8256   11.52128 1.0729e+02 0.0000e+00
        314 226.499818    0.02174     1.3042     78.250      2.872  45463.526    28.8380    11.6039      2.845    6.34445    11.5782    21.8786   11.51987 9.7910e+01 0.0000e+00
        315 226.499821    0.02181     1.3083     78.500      3.115  45544.122    28.8932    11.5901      3.086    6.34411    11.5684    21.9238   11.51866 9.0117e+01 0.0000e+00
        316 226.499823    0.02187     1.3125     78.750      3.362  45619.629    28.9450    11.5786      3.331    6.34360    11.5596    21.9660   11.51719 8.3625e+01 0.0000e+00
        317 226.499826    0.02194     1.3167     79.000      3.614  45693.865    28.9962    11.5688      3.580    6.34288    11.5516    22.0074   11.51539 7.8157e+01 0.0000e+00
        318 226.499829    0.02201     1.3208     79.250      3.872  45767.251    29.0468    11.5601      3.836    6.34203    11.5442    22.0482   11.51338 7.3385e+01 0.0000e+00
        319 226.499832    0.02208     1.3250     79.500      4.135  45837.993    29.0957    11.5521      4.096    6.34115    11.5374    22.0875   11.51134 6.9012e+01 0.0000e+00
        320 226.499835    0.02215     1.3292     79.750      4.401  45905.090    29.1421    11.5448      4.360    6.34029    11.5311    22.1248   11.50937 6.4846e+01 0.0000e+00
        321 226.499838    0.02222     1.3333     80.000      4.668  45971.037    29.1877    11.5380      4.624    6.33938    11.5250    22.1613   11.50732 6.0816e+01 0.0000e+00
        322 226.499841    0.02229     1.3375     80.250      4.933  46041.313    29.2364    11.5317      4.887    6.33828    11.5188    22.2003   11.50492 5.6940e+01 0.0000e+00
        323 226.499844    0.02236     1.3417     80.500      5.197  46119.459    29.2907    11.5256      5.149    6.33693    11.5124    22.2435   11.50203 5.3270e+01 0.0000e+00
        324 226.499847    0.02243     1.3458     80.750      5.461  46200.728    29.3472    11.5195      5.410    6.33550    11.5062    22.2884   11.49900 4.9872e+01 0.0000e+00
        325 226.499850    0.02250     1.3500     81.000      5.726  46277.085    29.4002    11.5131      5.672    6.33424    11.5005    22.3306   11.49627 4.6805e+01 0.0000e+00
        326 226.499852    0.02257     1.3542     81.250      5.990  46341.511    29.4449    11.5069      5.933    6.33329    11.4958    22.3664   11.49418 4.4057e+01 0.0000e+00
        327 226.499855    0.02264     1.3583     81.500      6.252  46391.659    29.4795    11.5013      6.193    6.33266    11.4919    22.3943   11.49273 4.1550e+01 0.0000e+00
        328 226.499858    0.02271     1.3625     81.750      6.512  46436.685    29.5106    11.4966      6.451    6.33205    11.4887    22.4193   11.49134 3.9201e+01 0.0000e+00
        329 226.499861    0.02278     1.3667     82.000      6.769  46486.594    29.5453    11.4928      6.706    6.33117    11.4858    22.4469   11.48948 3.6936e+01 0.0000e+00
        330 226.499864    0.02285     1.3708     82.250      7.026  46542.803    29.5845    11.4896      6.961    6.33004    11.4829    22.4778   11.48713 3.4687e+01 0.0000e+00
        331 226.499867    0.02292     1.3750     82.500      7.287  46603.783    29.6271    11.4866      7.219    6.32874    11.4801    22.5114   11.48447 3.2422e+01 0.0000e+00
        332 226.499870    0.02299     1.3792     82.750      7.553  46668.829    29.6725    11.4838      7.483    6.32730    11.4774    22.5472   11.48154 3.0156e+01 0.0000e+00
        333 226.499873    0.02306     1.3833     83.000      7.828  46734.422    29.7184    11.4811      7.755    6.32583    11.4746    22.5832   11.47857 2.7933e+01 0.0000e+00
        334 226.499876    0.02313     1.3875     83.250      8.111  46794.482    29.7604    11.4783      8.035    6.32452    11.4719    22.6163   11.47591 2.5793e+01 0.0000e+00
        335 226.499878    0.02319     1.3917     83.500      8.400  46847.310    29.7972    11.4756      8.321    6.32342    11.4690    22.6454   11.47363 2.3757e+01 0.0000e+00
        336 226.499881    0.02326     1.3958     83.750      8.692  46896.623    29.8316    11.4729      8.611    6.32241    11.4656    22.6725   11.47155 2.1837e+01 0.0000e+00
        337 226.499884    0.02333     1.4000     84.000      8.985  46949.289    29.8683    11.4701      8.901    6.32132    11.4614    22.7016   11.46932 2.0043e+01 0.0000e+00
        338 226.499887    0.02340     1.4042     84.250      9.277  47014.752    29.9141    11.4668      9.190    6.31994    11.4556    22.7377   11.46649 1.8389e+01 0.0000e+00
        339 226.499890    0.02347     1.4083     84.500      9.564  47100.696    29.9742    11.4626      9.474    6.31811    11.4484    22.7851   11.46274 1.6876e+01 0.0000e+00
        340 226.499893    0.02354     1.4125     84.750      9.846  47201.379    30.0446    11.4569      9.754    6.31606    11.4404    22.8407   11.45852 1.5485e+01 0.0000e+00
        341 226.499896    0.02361     1.4167     85.000     10.127  47301.407    30.1143    11.4496     10.032    6.31425    11.4323    22.8962   11.45469 1.4190e+01 0.0000e+00
        342 226.499899    0.02368     1.4208     85.250     10.409  47395.403    30.1798    11.4416     10.312    6.31271    11.4246    22.9484   11.45137 1.2982e+01 0.0000e+00
        343 226.499902    0.02375     1.4250     85.500     10.694  47486.239    30.2430    11.4336     10.594    6.31127    11.4173    22.9989   11.44823 1.1860e+01 0.0000e+00
        344 226.499905    0.02382     1.4292     85.750     10.984  47574.562    30.3045    11.4260     10.881    6.30984    11.4099    23.0480   11.44514 1.0819e+01 0.0000e+00
        345 226.499907    0.02389     1.4333     86.000     11.277  47661.566    30.3651    11.4187     11.172    6.30841    11.4014    23.0964   11.44204 9.8603e+00 0.0000e+00
        346 226.499910    0.02396     1.4375     86.250     11.570  47744.804    30.4230    11.4113     11.462    6.30708    11.3905    23.1427   11.43917 8.9946e+00 0.0000e+00
        347 226.499913    0.02403     1.4417     86.500     11.857  47815.553    30.4720    11.4028     11.746    6.30627    11.3772    23.1822   11.43724 8.2299e+00 0.0000e+00
        348 226.499916    0.02410     1.4458     86.750     12.134  47871.679    30.5105    11.3919     12.021    6.30621    11.3633    23.2140   11.43669 7.5548e+00 0.0000e+00
        349 226.499919    0.02417     1.4500     87.000     12.400  47918.345    30.5420    11.3786     12.284    6.30674    11.3507    23.2408   11.43720 6.9466e+00 0.0000e+00
        350 226.499922    0.02424     1.4542     87.250     12.656  47958.372    30.5687    11.3648     12.537    6.30754    11.3403    23.2640   11.43821 6.3855e+00 0.0000e+00
        351 226.499925    0.02431     1.4583     87.500     12.907  47993.058    30.5918    11.3522     12.786    6.30831    11.3322    23.2841   11.43922 5.8604e+00 0.0000e+00
        352 226.499928    0.02438     1.4625     87.750     13.152  48024.248    30.6127    11.3419     13.028    6.30887    11.3263    23.3022   11.43991 5.3750e+00 0.0000e+00
        353 226.499931    0.02444     1.4667     88.000     13.385  48052.896    30.6320    11.3338     13.260    6.30919    11.3227    23.3186   11.44021 4.9492e+00 0.0000e+00
        354 226.499933    0.02451     1.4708     88.250     13.596  48079.372    30.6500    11.3279     13.469    6.30927    11.3217    23.3336   11.44013 4.6084e+00 0.0000e+00
        355 226.499936    0.02458     1.4750     88.500     13.771  48103.419    30.6666    11.3244     13.641    6.30908    11.3228    23.3471   11.43962 4.3729e+00 0.0000e+00
        356 226.499939    0.02465     1.4792     88.750     13.893  48122.059    30.6797    11.3234     13.762    6.30869    11.3246    23.3574   11.43882 4.2527e+00 0.0000e+00
        357 226.499942    0.02472     1.4833     89.000     13.955  48131.336    30.6863    11.3245     13.824    6.30828    11.3262    23.3624   11.43806 4.2270e+00 0.0000e+00
        358 226.499945    0.02479     1.4875     89.250     13.973  48132.585    30.6874    11.3263     13.842    6.30799    11.3273    23.3629   11.43756 4.2347e+00 0.0000e+00
        359 226.499948    0.02486     1.4917     89.500     13.982  48131.848    30.6870    11.3279     13.851    6.30779    11.3284    23.3624   11.43724 4.2075e+00 0.0000e+00
        360 226.499951    0.02493     1.4958     89.750     14.017  48133.939    30.6886    11.3290     13.885    6.30758    11.3304    23.3634   11.43687 4.1059e+00 0.0000e+00
        361 226.499954    0.02500     1.5000     90.000     14.101  48141.471    30.6940    11.3302     13.968    6.30721    11.3339    23.3674   11.43619 3.9276e+00 0.0000e+00
