CTD-processing/allCTD/CNV--turbid/2014_07-24_t7_s19_cast018.cnv
* Sea-Bird SBE19plus Data File:
* FileName = C:\Users\kris.holderied\Documents\kasitsna\Research-Projects-and-Data\Oceanography-AK\CTD-Data-ALL-to-2014-06\2014-CTD-KachemakBay-CookInlet\2014-07-EVOSTC-CookInlet-quarterly\2014-07-24-CookInlet-Tran7-Augustine\2014-07-24-CookInlet-Tran7-cast018.hex
* Software Version 1.59
* Temperature SN =  4141
* Conductivity SN =  4141
* System UpLoad Time = Jul 24 2014 17:31:50
** Cook Inlet LTM Transect 7 (Augustine) West to East
** Date: 07-24
** Station: 7-19
** Start time: 15:06
** Depth (m): 78.5
** Comment:  CTD time is Alaska Daylight time.  Transducer  depth (transducer is 9 ft).
** Comment:
# nquan = 16
# nvalues = 950                         
# units = specified
# name 0 = scan: Scan Count
# name 1 = timeJ: Julian Days
# name 2 = timeH: Time, Elapsed [hours]
# name 3 = timeM: Time, Elapsed [minutes]
# name 4 = timeS: Time, Elapsed [seconds]
# name 5 = prdM: Pressure, Strain Gauge [db]
# name 6 = specc: Specific Conductance [uS/cm]
# name 7 = sal00: Salinity, Practical [PSU]
# name 8 = tv290C: Temperature [ITS-90, deg C]
# name 9 = depSM: Depth [salt water, m], lat = 59.00
# name 10 = oxsolML/L: Oxygen Saturation, Garcia & Gordon [ml/l]
# name 11 = potemp090C: Potential Temperature [ITS-90, deg C]
# name 12 = sigma-é00: Density [sigma-theta, kg/m^3]
# name 13 = n2satML/L: Nitrogen Saturation [ml/l]
# name 14 = par: PAR/Irradiance, Biospherical/Licor
# name 15 = flag:  0.000e+00
# span 0 =          1,        950       
# span 1 = 205.629421, 205.632167       
# span 2 =    0.00000,    0.06590       
# span 3 =     0.0000,     3.9542       
# span 4 =      0.000,    237.250       
# span 5 =     -0.110,     79.405       
# span 6 =    728.386,  50445.455       
# span 7 =     0.3517,    31.9058       
# span 8 =     8.3662,    11.2170       
# span 9 =     -0.109,     78.647       
# span 10 =    6.36753,    7.66370      
# span 11 =     8.3584,    11.2170      
# span 12 =    -0.1376,    24.7926      
# span 13 =   11.52736,   14.10511      
# span 14 = 6.5631e-02, 6.9803e+02      
# span 15 = 0.0000e+00, 0.0000e+00      
# interval = seconds: 0.25
# start_time = Jul 24 2014 15:06:22 [Instrument's time stamp, header]
# bad_flag = -9.990e-29
*END*
[from data line 543]
        544 205.630992    0.03771     2.2625    135.750      1.377  49306.422    31.4465    10.6423      1.364    6.37067    10.6447    24.0713   11.53253 3.3175e+02 0.0000e+00
        545 205.630995    0.03778     2.2667    136.000      1.382  49305.146    31.4457    10.6438      1.369    6.37050    10.6456    24.0705   11.53225 3.3189e+02 0.0000e+00
        546 205.630998    0.03785     2.2708    136.250      1.375  49304.189    31.4452    10.6449      1.362    6.37036    10.6461    24.0698   11.53203 3.3315e+02 0.0000e+00
        547 205.631001    0.03792     2.2750    136.500      1.357  49303.017    31.4445    10.6457      1.344    6.37027    10.6463    24.0691   11.53189 3.3659e+02 0.0000e+00
        548 205.631004    0.03799     2.2792    136.750      1.330  49302.089    31.4439    10.6462      1.317    6.37022    10.6463    24.0686   11.53182 3.4173e+02 0.0000e+00
        549 205.631007    0.03806     2.2833    137.000      1.298  49301.793    31.4437    10.6464      1.286    6.37020    10.6464    24.0685   11.53179 3.4666e+02 0.0000e+00
        550 205.631010    0.03812     2.2875    137.250      1.266  49302.016    31.4439    10.6465      1.254    6.37019    10.6467    24.0686   11.53177 3.5031e+02 0.0000e+00
        551 205.631013    0.03819     2.2917    137.500      1.238  49302.646    31.4444    10.6466      1.227    6.37017    10.6474    24.0690   11.53172 3.5381e+02 0.0000e+00
        552 205.631016    0.03826     2.2958    137.750      1.218  49303.641    31.4451    10.6469      1.207    6.37010    10.6484    24.0695   11.53160 3.5715e+02 0.0000e+00
        553 205.631019    0.03833     2.3000    138.000      1.207  49304.538    31.4458    10.6475      1.196    6.36998    10.6496    24.0699   11.53139 3.5784e+02 0.0000e+00
        554 205.631021    0.03840     2.3042    138.250      1.207  49304.708    31.4461    10.6485      1.196    6.36983    10.6508    24.0699   11.53114 3.5537e+02 0.0000e+00
        555 205.631024    0.03847     2.3083    138.500      1.217  49304.293    31.4459    10.6497      1.206    6.36966    10.6519    24.0696   11.53087 3.5122e+02 0.0000e+00
        556 205.631027    0.03854     2.3125    138.750      1.236  49303.619    31.4456    10.6509      1.225    6.36951    10.6526    24.0691   11.53062 3.4615e+02 0.0000e+00
        557 205.631030    0.03861     2.3167    139.000      1.261  49302.474    31.4449    10.6520      1.249    6.36940    10.6528    24.0684   11.53044 3.4036e+02 0.0000e+00
        558 205.631033    0.03868     2.3208    139.250      1.289  49301.052    31.4439    10.6527      1.276    6.36934    10.6528    24.0676   11.53035 3.3453e+02 0.0000e+00
        559 205.631036    0.03875     2.3250    139.500      1.316  49300.391    31.4435    10.6530      1.303    6.36932    10.6529    24.0672   11.53032 3.2982e+02 0.0000e+00
        560 205.631039    0.03882     2.3292    139.750      1.340  49300.992    31.4439    10.6529      1.327    6.36931    10.6533    24.0675   11.53030 3.2708e+02 0.0000e+00
        561 205.631042    0.03889     2.3333    140.000      1.359  49301.961    31.4446    10.6530      1.346    6.36927    10.6539    24.0680   11.53022 3.2601e+02 0.0000e+00
        562 205.631045    0.03896     2.3375    140.250      1.371  49302.358    31.4449    10.6534      1.358    6.36920    10.6545    24.0682   11.53010 3.2538e+02 0.0000e+00
        563 205.631047    0.03903     2.3417    140.500      1.376  49302.166    31.4448    10.6541      1.363    6.36912    10.6551    24.0680   11.52997 3.2469e+02 0.0000e+00
        564 205.631050    0.03910     2.3458    140.750      1.374  49301.751    31.4446    10.6547      1.361    6.36904    10.6555    24.0678   11.52984 3.2530e+02 0.0000e+00
        565 205.631053    0.03917     2.3500    141.000      1.365  49301.451    31.4445    10.6552      1.352    6.36897    10.6559    24.0676   11.52973 3.2862e+02 0.0000e+00
        566 205.631056    0.03924     2.3542    141.250      1.351  49301.325    31.4444    10.6556      1.339    6.36891    10.6560    24.0675   11.52964 3.3383e+02 0.0000e+00
        567 205.631059    0.03931     2.3583    141.500      1.333  49300.979    31.4442    10.6560      1.321    6.36887    10.6560    24.0673   11.52958 3.3905e+02 0.0000e+00
        568 205.631062    0.03938     2.3625    141.750      1.311  49300.340    31.4438    10.6561      1.300    6.36887    10.6557    24.0669   11.52957 3.4361e+02 0.0000e+00
        569 205.631065    0.03944     2.3667    142.000      1.289  49299.871    31.4435    10.6561      1.277    6.36889    10.6553    24.0667   11.52961 3.4806e+02 0.0000e+00
        570 205.631068    0.03951     2.3708    142.250      1.266  49299.777    31.4434    10.6558      1.254    6.36893    10.6549    24.0666   11.52969 3.5251e+02 0.0000e+00
        571 205.631071    0.03958     2.3750    142.500      1.244  49299.933    31.4435    10.6554      1.233    6.36898    10.6546    24.0667   11.52977 3.5553e+02 0.0000e+00
        572 205.631073    0.03965     2.3792    142.750      1.225  49300.163    31.4436    10.6550      1.214    6.36903    10.6543    24.0669   11.52984 3.5655e+02 0.0000e+00
        573 205.631076    0.03972     2.3833    143.000      1.211  49300.346    31.4437    10.6547      1.200    6.36907    10.6542    24.0670   11.52991 3.5720e+02 0.0000e+00
        574 205.631079    0.03979     2.3875    143.250      1.203  49300.514    31.4438    10.6544      1.192    6.36910    10.6541    24.0672   11.52996 3.5788e+02 0.0000e+00
        575 205.631082    0.03986     2.3917    143.500      1.204  49300.794    31.4440    10.6543      1.192    6.36912    10.6542    24.0674   11.52999 3.5617e+02 0.0000e+00
        576 205.631085    0.03993     2.3958    143.750      1.213  49301.218    31.4443    10.6542      1.202    6.36912    10.6544    24.0676   11.52998 3.5050e+02 0.0000e+00
        577 205.631088    0.04000     2.4000    144.000      1.233  49301.693    31.4446    10.6543      1.221    6.36909    10.6547    24.0679   11.52993 3.4349e+02 0.0000e+00
        578 205.631091    0.04007     2.4042    144.250      1.261  49302.139    31.4449    10.6545      1.249    6.36905    10.6552    24.0681   11.52986 3.3814e+02 0.0000e+00
        579 205.631094    0.04014     2.4083    144.500      1.296  49302.605    31.4453    10.6548      1.284    6.36899    10.6561    24.0683   11.52976 3.3410e+02 0.0000e+00
        580 205.631097    0.04021     2.4125    144.750      1.333  49303.233    31.4458    10.6554      1.321    6.36889    10.6572    24.0686   11.52960 3.3018e+02 0.0000e+00
        581 205.631100    0.04028     2.4167    145.000      1.367  49303.752    31.4462    10.6562      1.354    6.36876    10.6582    24.0688   11.52937 3.2647e+02 0.0000e+00
        582 205.631102    0.04035     2.4208    145.250      1.393  49303.406    31.4461    10.6573      1.380    6.36862    10.6588    24.0685   11.52913 3.2427e+02 0.0000e+00
        583 205.631105    0.04042     2.4250    145.500      1.409  49301.937    31.4452    10.6584      1.396    6.36851    10.6588    24.0676   11.52897 3.2465e+02 0.0000e+00
        584 205.631108    0.04049     2.4292    145.750      1.413  49299.976    31.4439    10.6590      1.400    6.36848    10.6581    24.0665   11.52893 3.2717e+02 0.0000e+00
        585 205.631111    0.04056     2.4333    146.000      1.404  49298.320    31.4427    10.6589      1.392    6.36853    10.6571    24.0655   11.52903 3.3047e+02 0.0000e+00
        586 205.631114    0.04063     2.4375    146.250      1.385  49297.403    31.4420    10.6583      1.372    6.36865    10.6560    24.0651   11.52923 3.3391e+02 0.0000e+00
        587 205.631117    0.04069     2.4417    146.500      1.357  49297.452    31.4419    10.6573      1.344    6.36880    10.6551    24.0652   11.52947 3.3875e+02 0.0000e+00
        588 205.631120    0.04076     2.4458    146.750      1.322  49298.394    31.4424    10.6561      1.310    6.36893    10.6546    24.0658   11.52968 3.4575e+02 0.0000e+00
        589 205.631123    0.04083     2.4500    147.000      1.284  49299.681    31.4433    10.6552      1.273    6.36902    10.6543    24.0666   11.52982 3.5277e+02 0.0000e+00
        590 205.631126    0.04090     2.4542    147.250      1.246  49300.799    31.4440    10.6547      1.235    6.36907    10.6543    24.0673   11.52989 3.5701e+02 0.0000e+00
        591 205.631128    0.04097     2.4583    147.500      1.211  49301.595    31.4446    10.6544      1.200    6.36908    10.6545    24.0678   11.52990 3.5838e+02 0.0000e+00
        592 205.631131    0.04104     2.4625    147.750      1.184  49302.124    31.4450    10.6544      1.173    6.36906    10.6549    24.0681   11.52987 3.5933e+02 0.0000e+00
        593 205.631134    0.04111     2.4667    148.000      1.169  49302.529    31.4453    10.6546      1.159    6.36901    10.6556    24.0683   11.52980 3.6100e+02 0.0000e+00
        594 205.631137    0.04118     2.4708    148.250      1.169  49302.965    31.4456    10.6550      1.158    6.36894    10.6564    24.0685   11.52967 3.6129e+02 0.0000e+00
        595 205.631140    0.04125     2.4750    148.500      1.184  49303.440    31.4460    10.6557      1.172    6.36884    10.6575    24.0687   11.52950 3.5780e+02 0.0000e+00
        596 205.631143    0.04132     2.4792    148.750      1.211  49303.861    31.4464    10.6565      1.199    6.36871    10.6588    24.0689   11.52928 3.5101e+02 0.0000e+00
        597 205.631146    0.04139     2.4833    149.000      1.246  49304.269    31.4468    10.6576      1.234    6.36855    10.6603    24.0690   11.52901 3.4352e+02 0.0000e+00
        598 205.631149    0.04146     2.4875    149.250      1.285  49304.582    31.4472    10.6589      1.273    6.36835    10.6620    24.0691   11.52868 3.3689e+02 0.0000e+00
        599 205.631152    0.04153     2.4917    149.500      1.323  49304.350    31.4472    10.6604      1.310    6.36814    10.6634    24.0688   11.52833 3.3135e+02 0.0000e+00
        600 205.631155    0.04160     2.4958    149.750      1.356  49303.288    31.4466    10.6621      1.343    6.36794    10.6645    24.0681   11.52800 3.2744e+02 0.0000e+00
        601 205.631157    0.04167     2.5000    150.000      1.382  49301.842    31.4457    10.6636      1.369    6.36777    10.6652    24.0671   11.52773 3.2552e+02 0.0000e+00
        602 205.631160    0.04174     2.5042    150.250      1.399  49300.649    31.4450    10.6647      1.386    6.36765    10.6656    24.0664   11.52754 3.2482e+02 0.0000e+00
        603 205.631163    0.04181     2.5083    150.500      1.407  49299.798    31.4445    10.6654      1.394    6.36757    10.6658    24.0659   11.52742 3.2462e+02 0.0000e+00
        604 205.631166    0.04188     2.5125    150.750      1.408  49299.137    31.4440    10.6658      1.396    6.36754    10.6657    24.0655   11.52737 3.2531e+02 0.0000e+00
        605 205.631169    0.04194     2.5167    151.000      1.405  49298.723    31.4438    10.6659      1.392    6.36753    10.6655    24.0652   11.52736 3.2717e+02 0.0000e+00
        606 205.631172    0.04201     2.5208    151.250      1.399  49298.455    31.4436    10.6658      1.386    6.36755    10.6650    24.0651   11.52739 3.2939e+02 0.0000e+00
        607 205.631175    0.04208     2.5250    151.500      1.395  49298.046    31.4433    10.6656      1.381    6.36759    10.6644    24.0649   11.52746 3.3117e+02 0.0000e+00
        608 205.631178    0.04215     2.5292    151.750      1.395  49297.560    31.4429    10.6652      1.382    6.36766    10.6636    24.0646   11.52759 3.3227e+02 0.0000e+00
        609 205.631181    0.04222     2.5333    152.000      1.405  49297.156    31.4425    10.6646      1.391    6.36776    10.6625    24.0645   11.52776 3.3169e+02 0.0000e+00
        610 205.631183    0.04229     2.5375    152.250      1.429  49296.652    31.4420    10.6637      1.415    6.36790    10.6610    24.0642   11.52798 3.2785e+02 0.0000e+00
        611 205.631186    0.04236     2.5417    152.500      1.472  49295.579    31.4411    10.6627      1.458    6.36808    10.6585    24.0637   11.52829 3.2094e+02 0.0000e+00
        612 205.631189    0.04243     2.5458    152.750      1.538  49293.123    31.4392    10.6612      1.524    6.36836    10.6543    24.0625   11.52879 3.1210e+02 0.0000e+00
        613 205.631192    0.04250     2.5500    153.000      1.629  49289.183    31.4361    10.6587      1.614    6.36884    10.6485    24.0605   11.52961 3.0116e+02 0.0000e+00
        614 205.631195    0.04257     2.5542    153.250      1.748  49285.551    31.4330    10.6546      1.731    6.36953    10.6409    24.0587   11.53080 2.8750e+02 0.0000e+00
        615 205.631198    0.04264     2.5583    153.500      1.893  49282.500    31.4301    10.6487      1.876    6.37046    10.6307    24.0575   11.53237 2.7153e+02 0.0000e+00
        616 205.631201    0.04271     2.5625    153.750      2.065  49277.326    31.4254    10.6411      2.046    6.37169    10.6162    24.0551   11.53447 2.5416e+02 0.0000e+00
        617 205.631204    0.04278     2.5667    154.000      2.260  49267.707    31.4173    10.6310      2.239    6.37342    10.5945    24.0505   11.53743 2.3603e+02 0.0000e+00
        618 205.631207    0.04285     2.5708    154.250      2.475  49251.313    31.4039    10.6165      2.451    6.37597    10.5622    24.0425   11.54182 2.1765e+02 0.0000e+00
        619 205.631209    0.04292     2.5750    154.500      2.702  49227.198    31.3841    10.5949      2.676    6.37978    10.5172    24.0308   11.54836 1.9992e+02 0.0000e+00
        620 205.631212    0.04299     2.5792    154.750      2.933  49201.206    31.3617    10.5625      2.906    6.38517    10.4607    24.0188   11.55756 1.8389e+02 0.0000e+00
        621 205.631215    0.04306     2.5833    155.000      3.164  49183.373    31.3436    10.5176      3.134    6.39215    10.3952    24.0123   11.56934 1.6999e+02 0.0000e+00
        622 205.631218    0.04312     2.5875    155.250      3.390  49175.711    31.3313    10.4611      3.359    6.40050    10.3211    24.0121   11.58332 1.5786e+02 0.0000e+00
        623 205.631221    0.04319     2.5917    155.500      3.616  49171.618    31.3203    10.3956      3.582    6.41007    10.2380    24.0146   11.59931 1.4687e+02 0.0000e+00
        624 205.631224    0.04326     2.5958    155.750      3.843  49169.554    31.3097    10.3215      3.807    6.42086    10.1490    24.0186   11.61730 1.3667e+02 0.0000e+00
        625 205.631227    0.04333     2.6000    156.000      4.072  49179.970    31.3067    10.2384      4.034    6.43261    10.0608    24.0301   11.63680 1.2732e+02 0.0000e+00
        626 205.631230    0.04340     2.6042    156.250      4.302  49211.443    31.3178    10.1494      4.262    6.44465     9.9791    24.0535   11.65662 1.1906e+02 0.0000e+00
        627 205.631233    0.04347     2.6083    156.500      4.532  49255.151    31.3376    10.0613      4.490    6.45624     9.9052    24.0834   11.67558 1.1190e+02 0.0000e+00
        628 205.631236    0.04354     2.6125    156.750      4.761  49298.750    31.3579     9.9796      4.716    6.46692     9.8390    24.1127   11.69304 1.0573e+02 0.0000e+00
        629 205.631238    0.04361     2.6167    157.000      4.987  49338.712    31.3767     9.9058      4.940    6.47659     9.7801    24.1393   11.70882 1.0039e+02 0.0000e+00
        630 205.631241    0.04368     2.6208    157.250      5.209  49376.159    31.3945     9.8395      5.160    6.48524     9.7290    24.1640   11.72294 9.5668e+01 0.0000e+00
        631 205.631244    0.04375     2.6250    157.500      5.426  49412.551    31.4125     9.7807      5.375    6.49285     9.6854    24.1876   11.73532 9.1343e+01 0.0000e+00
        632 205.631247    0.04382     2.6292    157.750      5.637  49445.872    31.4293     9.7296      5.584    6.49942     9.6484    24.2090   11.74601 8.7290e+01 0.0000e+00
