CTD-processing/allCTD/CNV--turbid/2014_04-06_t6_s19_cast256.cnv
* Sea-Bird SBE19plus Data File:
* FileName = C:\Users\kris.holderied\Documents\kasitsna\Research-Projects-and-Data\Oceanography-AK\CTD-CookInlet-GulfWatchAK\2014-04-EVOSTC-CookInlet-Ocean\2014-04-06-CookInlet-Tran6-Douglas\2014-04-06-CookInlet-Tran6-cast256.hex
* Software Version 1.59
* Temperature SN =  5028
* Conductivity SN =  5028
* System UpLoad Time = Apr 09 2014 11:37:36
** Cook Inlet LTM Transect 6 (Douglas) east to west
** Date: 6 Apr 2014
** Station: 6-19
** Start time: 14:56
** Depth (m): 177
** Comment:  CTD instrument time is AK Daylight time
** Comment:
# nquan = 16
# nvalues = 853                         
# units = specified
# name 0 = scan: Scan Count
# name 1 = timeJ: Julian Days
# name 2 = timeH: Time, Elapsed [hours]
# name 3 = timeM: Time, Elapsed [minutes]
# name 4 = timeS: Time, Elapsed [seconds]
# name 5 = prdM: Pressure, Strain Gauge [db]
# name 6 = specc: Specific Conductance [uS/cm]
# name 7 = sal00: Salinity, Practical [PSU]
# name 8 = tv290C: Temperature [ITS-90, deg C]
# name 9 = depSM: Depth [salt water, m], lat = 59.00
# name 10 = oxsolML/L: Oxygen Saturation, Garcia & Gordon [ml/l]
# name 11 = potemp090C: Potential Temperature [ITS-90, deg C]
# name 12 = sigma-é00: Density [sigma-theta, kg/m^3]
# name 13 = n2satML/L: Nitrogen Saturation [ml/l]
# name 14 = par: PAR/Irradiance, Biospherical/Licor
# name 15 = flag:  0.000e+00
# span 0 =          1,        853       
# span 1 =  96.621933,  96.624398       
# span 2 =    0.00000,    0.05917       
# span 3 =     0.0000,     3.5500       
# span 4 =      0.000,    213.000       
# span 5 =     -0.174,    177.298       
# span 6 =   3710.155,  52075.061       
# span 7 =     1.9092,    32.3398       
# span 8 =     4.6770,     4.9186       
# span 9 =     -0.172,    175.564       
# span 10 =    7.21481,    8.89775      
# span 11 =     4.6777,     4.9119      
# span 12 =     1.4985,    25.5778      
# span 13 =   12.91749,   16.15996      
# span 14 = 3.7912e-02, 5.8319e+02      
# span 15 = 0.0000e+00, 0.0000e+00      
# interval = seconds: 0.25
# start_time = Apr 06 2014 14:55:35 [Instrument's time stamp, header]
# bad_flag = -9.990e-29
*END*
[from data line 362]
        363  96.622980    0.02514     1.5083     90.500     33.755  51725.755    32.1633     4.8791     33.437    7.22971     4.8778    25.4403   12.94421 8.4111e+00 0.0000e+00
        364  96.622983    0.02521     1.5125     90.750     34.063  51729.088    32.1656     4.8797     33.742    7.22949     4.8782    25.4421   12.94382 8.1701e+00 0.0000e+00
        365  96.622986    0.02528     1.5167     91.000     34.375  51731.471    32.1672     4.8803     34.051    7.22931     4.8785    25.4433   12.94351 7.9332e+00 0.0000e+00
        366  96.622989    0.02535     1.5208     91.250     34.692  51733.208    32.1684     4.8807     34.365    7.22918     4.8788    25.4441   12.94327 7.7019e+00 0.0000e+00
        367  96.622992    0.02542     1.5250     91.500     35.013  51734.603    32.1693     4.8811     34.683    7.22908     4.8789    25.4448   12.94309 7.4770e+00 0.0000e+00
        368  96.622995    0.02549     1.5292     91.750     35.336  51735.781    32.1700     4.8813     35.003    7.22900     4.8790    25.4453   12.94296 7.2570e+00 0.0000e+00
        369  96.622998    0.02556     1.5333     92.000     35.662  51736.769    32.1705     4.8815     35.326    7.22895     4.8791    25.4458   12.94286 7.0425e+00 0.0000e+00
        370  96.623001    0.02562     1.5375     92.250     35.988  51737.612    32.1710     4.8816     35.649    7.22890     4.8792    25.4461   12.94278 6.8349e+00 0.0000e+00
        371  96.623003    0.02569     1.5417     92.500     36.316  51738.394    32.1714     4.8817     35.973    7.22887     4.8792    25.4464   12.94271 6.6339e+00 0.0000e+00
        372  96.623006    0.02576     1.5458     92.750     36.644  51739.155    32.1718     4.8818     36.298    7.22883     4.8793    25.4467   12.94265 6.4387e+00 0.0000e+00
        373  96.623009    0.02583     1.5500     93.000     36.972  51739.893    32.1721     4.8819     36.623    7.22879     4.8794    25.4469   12.94259 6.2500e+00 0.0000e+00
        374  96.623012    0.02590     1.5542     93.250     37.300  51740.671    32.1725     4.8820     36.948    7.22876     4.8794    25.4472   12.94253 6.0691e+00 0.0000e+00
        375  96.623015    0.02597     1.5583     93.500     37.626  51741.553    32.1730     4.8820     37.271    7.22872     4.8795    25.4476   12.94246 5.8962e+00 0.0000e+00
        376  96.623018    0.02604     1.5625     93.750     37.948  51742.509    32.1735     4.8821     37.590    7.22868     4.8796    25.4480   12.94239 5.7315e+00 0.0000e+00
        377  96.623021    0.02611     1.5667     94.000     38.264  51743.466    32.1740     4.8822     37.902    7.22864     4.8797    25.4484   12.94231 5.5754e+00 0.0000e+00
        378  96.623024    0.02618     1.5708     94.250     38.572  51744.419    32.1745     4.8824     38.207    7.22859     4.8798    25.4488   12.94223 5.4277e+00 0.0000e+00
        379  96.623027    0.02625     1.5750     94.500     38.871  51745.416    32.1751     4.8825     38.504    7.22854     4.8800    25.4493   12.94214 5.2885e+00 0.0000e+00
        380  96.623030    0.02632     1.5792     94.750     39.162  51746.500    32.1757     4.8827     38.793    7.22849     4.8803    25.4498   12.94203 5.1572e+00 0.0000e+00
        381  96.623032    0.02639     1.5833     95.000     39.446  51747.650    32.1764     4.8829     39.074    7.22842     4.8806    25.4503   12.94191 5.0313e+00 0.0000e+00
        382  96.623035    0.02646     1.5875     95.250     39.725  51748.726    32.1771     4.8831     39.350    7.22834     4.8810    25.4508   12.94177 4.9089e+00 0.0000e+00
        383  96.623038    0.02653     1.5917     95.500     40.003  51749.484    32.1776     4.8835     39.625    7.22825     4.8813    25.4511   12.94162 4.7878e+00 0.0000e+00
        384  96.623041    0.02660     1.5958     95.750     40.285  51749.821    32.1778     4.8839     39.904    7.22818     4.8816    25.4512   12.94150 4.6666e+00 0.0000e+00
        385  96.623044    0.02667     1.6000     96.000     40.574  51750.000    32.1778     4.8842     40.190    7.22812     4.8818    25.4512   12.94140 4.5439e+00 0.0000e+00
        386  96.623047    0.02674     1.6042     96.250     40.873  51750.285    32.1779     4.8844     40.487    7.22807     4.8819    25.4513   12.94132 4.4189e+00 0.0000e+00
        387  96.623050    0.02681     1.6083     96.500     41.185  51750.577    32.1780     4.8847     40.796    7.22802     4.8820    25.4514   12.94124 4.2927e+00 0.0000e+00
        388  96.623053    0.02688     1.6125     96.750     41.509  51750.745    32.1780     4.8849     41.116    7.22799     4.8820    25.4513   12.94119 4.1667e+00 0.0000e+00
        389  96.623056    0.02694     1.6167     97.000     41.840  51750.858    32.1779     4.8850     41.445    7.22797     4.8819    25.4513   12.94115 4.0428e+00 0.0000e+00
        390  96.623058    0.02701     1.6208     97.250     42.173  51751.041    32.1779     4.8851     41.775    7.22796     4.8818    25.4513   12.94115 3.9239e+00 0.0000e+00
        391  96.623061    0.02708     1.6250     97.500     42.502  51751.351    32.1779     4.8850     42.100    7.22798     4.8816    25.4513   12.94117 3.8123e+00 0.0000e+00
        392  96.623064    0.02715     1.6292     97.750     42.820  51751.735    32.1780     4.8849     42.415    7.22800     4.8813    25.4514   12.94120 3.7095e+00 0.0000e+00
        393  96.623067    0.02722     1.6333     98.000     43.122  51752.172    32.1781     4.8847     42.715    7.22802     4.8811    25.4515   12.94124 3.6161e+00 0.0000e+00
        394  96.623070    0.02729     1.6375     98.250     43.406  51752.684    32.1783     4.8845     42.995    7.22805     4.8809    25.4517   12.94128 3.5321e+00 0.0000e+00
        395  96.623073    0.02736     1.6417     98.500     43.670  51753.238    32.1785     4.8842     43.257    7.22808     4.8807    25.4518   12.94133 3.4560e+00 0.0000e+00
        396  96.623076    0.02743     1.6458     98.750     43.918  51753.765    32.1787     4.8840     43.503    7.22811     4.8805    25.4520   12.94138 3.3853e+00 0.0000e+00
        397  96.623079    0.02750     1.6500     99.000     44.155  51754.275    32.1789     4.8838     43.738    7.22814     4.8803    25.4521   12.94142 3.3172e+00 0.0000e+00
        398  96.623082    0.02757     1.6542     99.250     44.390  51754.826    32.1791     4.8836     43.971    7.22816     4.8801    25.4523   12.94145 3.2487e+00 0.0000e+00
        399  96.623084    0.02764     1.6583     99.500     44.632  51755.423    32.1793     4.8835     44.211    7.22818     4.8800    25.4525   12.94148 3.1766e+00 0.0000e+00
        400  96.623087    0.02771     1.6625     99.750     44.890  51756.045    32.1796     4.8833     44.466    7.22819     4.8799    25.4528   12.94149 3.0997e+00 0.0000e+00
        401  96.623090    0.02778     1.6667    100.000     45.168  51756.702    32.1799     4.8832     44.742    7.22820     4.8797    25.4530   12.94150 3.0181e+00 0.0000e+00
        402  96.623093    0.02785     1.6708    100.250     45.470  51757.434    32.1802     4.8831     45.040    7.22820     4.8796    25.4533   12.94149 2.9326e+00 0.0000e+00
        403  96.623096    0.02792     1.6750    100.500     45.792  51758.280    32.1806     4.8830     45.359    7.22819     4.8794    25.4536   12.94148 2.8456e+00 0.0000e+00
        404  96.623099    0.02799     1.6792    100.750     46.130  51759.244    32.1811     4.8829     45.694    7.22819     4.8792    25.4540   12.94148 2.7595e+00 0.0000e+00
        405  96.623102    0.02806     1.6833    101.000     46.476  51760.252    32.1816     4.8827     46.037    7.22820     4.8790    25.4544   12.94148 2.6764e+00 0.0000e+00
        406  96.623105    0.02813     1.6875    101.250     46.821  51761.220    32.1820     4.8826     46.378    7.22820     4.8788    25.4548   12.94148 2.5978e+00 0.0000e+00
        407  96.623108    0.02819     1.6917    101.500     47.157  51762.092    32.1824     4.8824     46.711    7.22821     4.8787    25.4551   12.94149 2.5247e+00 0.0000e+00
        408  96.623111    0.02826     1.6958    101.750     47.476  51762.834    32.1827     4.8822     47.027    7.22822     4.8785    25.4554   12.94150 2.4574e+00 0.0000e+00
        409  96.623113    0.02833     1.7000    102.000     47.775  51763.479    32.1830     4.8821     47.323    7.22823     4.8784    25.4557   12.94151 2.3958e+00 0.0000e+00
        410  96.623116    0.02840     1.7042    102.250     48.054  51764.077    32.1832     4.8820     47.599    7.22824     4.8782    25.4559   12.94152 2.3393e+00 0.0000e+00
        411  96.623119    0.02847     1.7083    102.500     48.315  51764.653    32.1835     4.8819     47.858    7.22825     4.8781    25.4561   12.94154 2.2870e+00 0.0000e+00
        412  96.623122    0.02854     1.7125    102.750     48.565  51765.238    32.1837     4.8818     48.105    7.22826     4.8779    25.4563   12.94155 2.2374e+00 0.0000e+00
        413  96.623125    0.02861     1.7167    103.000     48.810  51765.873    32.1840     4.8816     48.348    7.22826     4.8777    25.4565   12.94156 2.1889e+00 0.0000e+00
        414  96.623128    0.02868     1.7208    103.250     49.056  51766.589    32.1844     4.8815     48.592    7.22827     4.8775    25.4568   12.94157 2.1403e+00 0.0000e+00
        415  96.623131    0.02875     1.7250    103.500     49.310  51767.406    32.1848     4.8813     48.843    7.22828     4.8771    25.4571   12.94159 2.0906e+00 0.0000e+00
        416  96.623134    0.02882     1.7292    103.750     49.574  51768.371    32.1852     4.8810     49.104    7.22830     4.8767    25.4575   12.94161 2.0398e+00 0.0000e+00
        417  96.623137    0.02889     1.7333    104.000     49.851  51769.509    32.1858     4.8807     49.379    7.22833     4.8762    25.4580   12.94165 1.9884e+00 0.0000e+00
        418  96.623139    0.02896     1.7375    104.250     50.140  51770.792    32.1865     4.8803     49.665    7.22837     4.8757    25.4586   12.94171 1.9367e+00 0.0000e+00
        419  96.623142    0.02903     1.7417    104.500     50.437  51772.187    32.1872     4.8798     49.959    7.22842     4.8751    25.4592   12.94178 1.8857e+00 0.0000e+00
        420  96.623145    0.02910     1.7458    104.750     50.739  51773.705    32.1879     4.8793     50.258    7.22847     4.8745    25.4599   12.94186 1.8364e+00 0.0000e+00
        421  96.623148    0.02917     1.7500    105.000     51.041  51775.321    32.1888     4.8787     50.557    7.22853     4.8739    25.4606   12.94194 1.7889e+00 0.0000e+00
        422  96.623151    0.02924     1.7542    105.250     51.338  51776.861    32.1895     4.8782     50.852    7.22860     4.8735    25.4613   12.94204 1.7437e+00 0.0000e+00
        423  96.623154    0.02931     1.7583    105.500     51.629  51778.161    32.1902     4.8777     51.140    7.22866     4.8731    25.4618   12.94213 1.7008e+00 0.0000e+00
        424  96.623157    0.02937     1.7625    105.750     51.913  51779.219    32.1907     4.8772     51.421    7.22871     4.8729    25.4623   12.94221 1.6597e+00 0.0000e+00
        425  96.623160    0.02944     1.7667    106.000     52.191  51780.087    32.1910     4.8769     51.697    7.22875     4.8727    25.4626   12.94226 1.6200e+00 0.0000e+00
        426  96.623163    0.02951     1.7708    106.250     52.466  51780.802    32.1913     4.8767     51.969    7.22877     4.8726    25.4629   12.94230 1.5811e+00 0.0000e+00
        427  96.623166    0.02958     1.7750    106.500     52.743  51781.426    32.1916     4.8765     52.243    7.22879     4.8724    25.4631   12.94233 1.5425e+00 0.0000e+00
        428  96.623168    0.02965     1.7792    106.750     53.025  51781.989    32.1918     4.8763     52.523    7.22880     4.8723    25.4633   12.94235 1.5039e+00 0.0000e+00
        429  96.623171    0.02972     1.7833    107.000     53.315  51782.497    32.1920     4.8762     52.810    7.22881     4.8723    25.4635   12.94236 1.4653e+00 0.0000e+00
        430  96.623174    0.02979     1.7875    107.250     53.613  51782.977    32.1921     4.8762     53.105    7.22882     4.8722    25.4636   12.94236 1.4267e+00 0.0000e+00
        431  96.623177    0.02986     1.7917    107.500     53.918  51783.420    32.1923     4.8761     53.407    7.22882     4.8722    25.4637   12.94236 1.3884e+00 0.0000e+00
        432  96.623180    0.02993     1.7958    107.750     54.228  51783.853    32.1924     4.8761     53.714    7.22881     4.8721    25.4638   12.94236 1.3510e+00 0.0000e+00
        433  96.623183    0.03000     1.8000    108.000     54.538  51784.334    32.1926     4.8761     54.021    7.22881     4.8719    25.4640   12.94235 1.3146e+00 0.0000e+00
        434  96.623186    0.03007     1.8042    108.250     54.846  51784.836    32.1928     4.8760     54.326    7.22882     4.8718    25.4641   12.94236 1.2795e+00 0.0000e+00
        435  96.623189    0.03014     1.8083    108.500     55.148  51785.302    32.1930     4.8759     54.625    7.22883     4.8717    25.4643   12.94238 1.2460e+00 0.0000e+00
        436  96.623192    0.03021     1.8125    108.750     55.444  51785.715    32.1931     4.8758     54.918    7.22884     4.8716    25.4644   12.94239 1.2144e+00 0.0000e+00
        437  96.623194    0.03028     1.8167    109.000     55.732  51786.087    32.1932     4.8757     55.203    7.22885     4.8716    25.4645   12.94240 1.1845e+00 0.0000e+00
        438  96.623197    0.03035     1.8208    109.250     56.013  51786.414    32.1932     4.8757     55.482    7.22885     4.8715    25.4645   12.94241 1.1558e+00 0.0000e+00
        439  96.623200    0.03042     1.8250    109.500     56.289  51786.712    32.1933     4.8756     55.755    7.22886     4.8714    25.4646   12.94241 1.1280e+00 0.0000e+00
        440  96.623203    0.03049     1.8292    109.750     56.561  51787.031    32.1933     4.8756     56.024    7.22886     4.8713    25.4646   12.94242 1.1010e+00 0.0000e+00
        441  96.623206    0.03056     1.8333    110.000     56.830  51787.436    32.1935     4.8755     56.291    7.22886     4.8711    25.4647   12.94243 1.0749e+00 0.0000e+00
        442  96.623209    0.03062     1.8375    110.250     57.097  51787.956    32.1937     4.8754     56.556    7.22887     4.8709    25.4649   12.94244 1.0497e+00 0.0000e+00
        443  96.623212    0.03069     1.8417    110.500     57.361  51788.519    32.1939     4.8752     56.817    7.22889     4.8707    25.4651   12.94247 1.0257e+00 0.0000e+00
        444  96.623215    0.03076     1.8458    110.750     57.620  51789.064    32.1941     4.8750     57.073    7.22891     4.8705    25.4653   12.94251 1.0028e+00 0.0000e+00
        445  96.623218    0.03083     1.8500    111.000     57.874  51789.627    32.1943     4.8748     57.325    7.22894     4.8703    25.4655   12.94255 9.8109e-01 0.0000e+00
        446  96.623220    0.03090     1.8542    111.250     58.123  51790.218    32.1946     4.8746     57.572    7.22897     4.8700    25.4657   12.94258 9.6028e-01 0.0000e+00
        447  96.623223    0.03097     1.8583    111.500     58.370  51790.813    32.1948     4.8744     57.816    7.22899     4.8697    25.4659   12.94262 9.3998e-01 0.0000e+00
        448  96.623226    0.03104     1.8625    111.750     58.617  51791.455    32.1951     4.8742     58.061    7.22902     4.8693    25.4661   12.94266 9.1967e-01 0.0000e+00
        449  96.623229    0.03111     1.8667    112.000     58.870  51792.241    32.1954     4.8739     58.311    7.22906     4.8688    25.4664   12.94272 8.9896e-01 0.0000e+00
        450  96.623232    0.03118     1.8708    112.250     59.135  51793.181    32.1959     4.8735     58.573    7.22910     4.8684    25.4668   12.94279 8.7757e-01 0.0000e+00
        451  96.623235    0.03125     1.8750    112.500     59.414  51794.235    32.1964     4.8731     58.850    7.22915     4.8679    25.4673   12.94286 8.5541e-01 0.0000e+00
