CTD-processing/allCTD/CNV--turbid/2014_11-25_t9_s03_cast160.cnv
* Sea-Bird SBE19plus Data File:
* FileName = C:\Users\kris.holderied\Documents\kasitsna\Research-Projects-and-Data\Oceanography-AK\CTD-Data-ALL-to-2014-10\2014-CTD-KachemakBay-CookInlet\2014-11-25-CookInlet-HomerSpit-monthly\2014-11-25-CookInlet-Tran9-cast160.hex
* Software Version 1.59
* Temperature SN =  4141
* Conductivity SN =  4141
* System UpLoad Time = Dec 16 2014 19:43:03
** Cook Inlet LTM Tran9 (Homer Spit)
** Date: 11-25
** Station: 9-03
** Start time:  15:48
** Depth (m): 93
** Comment:  CTD time was left on AKDT by mistake and is one hour ahead of local Alaska Standard time.
** Comment: On Kasitsna Bay Lab R/V Banacle.
# nquan = 16
# nvalues = 679                         
# units = specified
# name 0 = scan: Scan Count
# name 1 = timeJ: Julian Days
# name 2 = timeH: Time, Elapsed [hours]
# name 3 = timeM: Time, Elapsed [minutes]
# name 4 = timeS: Time, Elapsed [seconds]
# name 5 = prdM: Pressure, Strain Gauge [db]
# name 6 = specc: Specific Conductance [uS/cm]
# name 7 = sal00: Salinity, Practical [PSU]
# name 8 = tv290C: Temperature [ITS-90, deg C]
# name 9 = depSM: Depth [salt water, m], lat = 59.00
# name 10 = oxsolML/L: Oxygen Saturation, Garcia & Gordon [ml/l]
# name 11 = potemp090C: Potential Temperature [ITS-90, deg C]
# name 12 = sigma-é00: Density [sigma-theta, kg/m^3]
# name 13 = n2satML/L: Nitrogen Saturation [ml/l]
# name 14 = par: PAR/Irradiance, Biospherical/Licor
# name 15 = flag:  0.000e+00
# span 0 =          1,        679       
# span 1 = 329.701898, 329.703860       
# span 2 =    0.00000,    0.04708       
# span 3 =     0.0000,     2.8250       
# span 4 =      0.000,    169.500       
# span 5 =      0.038,     89.721       
# span 6 =   2638.676,  48726.051       
# span 7 =     1.3313,    30.7598       
# span 8 =     6.8448,     8.7915       
# span 9 =      0.038,     88.863       
# span 10 =    6.66474,    8.44997      
# span 11 =     6.8448,     8.7826      
# span 12 =     0.9681,    23.8327      
# span 13 =   12.02786,   15.41674      
# span 14 = 3.6382e-02, 3.9088e+01      
# span 15 = 0.0000e+00, 0.0000e+00      
# interval = seconds: 0.25
# start_time = Nov 25 2014 16:50:44 [Instrument's time stamp, header]
# bad_flag = -9.990e-29
*END*
[from data line 181]
        182 329.702422    0.01257     0.7542     45.250      0.923  47776.025    29.9546     7.5679      0.914    6.88808     7.5756    23.3730   12.40758 7.3546e+00 0.0000e+00
        183 329.702425    0.01264     0.7583     45.500      0.944  47778.363    29.9566     7.5703      0.935    6.88761     7.5820    23.3743   12.40677 7.3206e+00 0.0000e+00
        184 329.702428    0.01271     0.7625     45.750      0.964  47771.957    29.9530     7.5757      0.955    6.88692     7.5874    23.3707   12.40568 7.3249e+00 0.0000e+00
        185 329.702431    0.01278     0.7667     46.000      0.976  47758.860    29.9449     7.5821      0.967    6.88627     7.5903    23.3635   12.40471 7.3749e+00 0.0000e+00
        186 329.702433    0.01285     0.7708     46.250      0.978  47744.272    29.9356     7.5875      0.969    6.88585     7.5902    23.3555   12.40412 7.4893e+00 0.0000e+00
        187 329.702436    0.01292     0.7750     46.500      0.969  47733.569    29.9287     7.5904      0.960    6.88570     7.5871    23.3496   12.40396 7.5881e+00 0.0000e+00
        188 329.702439    0.01299     0.7792     46.750      0.955  47729.754    29.9260     7.5902      0.946    6.88585     7.5825    23.3476   12.40423 7.6591e+00 0.0000e+00
        189 329.702442    0.01306     0.7833     47.000      0.940  47733.455    29.9281     7.5872      0.931    6.88623     7.5784    23.3496   12.40485 7.6884e+00 0.0000e+00
        190 329.702445    0.01313     0.7875     47.250      0.931  47742.980    29.9340     7.5826      0.922    6.88669     7.5762    23.3549   12.40553 7.6513e+00 0.0000e+00
        191 329.702448    0.01319     0.7917     47.500      0.930  47754.620    29.9414     7.5785      0.921    6.88700     7.5765    23.3613   12.40596 7.6123e+00 0.0000e+00
        192 329.702451    0.01326     0.7958     47.750      0.935  47764.219    29.9477     7.5763      0.926    6.88706     7.5788    23.3665   12.40598 7.5624e+00 0.0000e+00
        193 329.702454    0.01333     0.8000     48.000      0.945  47769.073    29.9511     7.5766      0.936    6.88686     7.5820    23.3692   12.40561 7.4668e+00 0.0000e+00
        194 329.702457    0.01340     0.8042     48.250      0.956  47768.710    29.9512     7.5789      0.947    6.88650     7.5850    23.3689   12.40501 7.3747e+00 0.0000e+00
        195 329.702459    0.01347     0.8083     48.500      0.965  47764.300    29.9487     7.5821      0.956    6.88611     7.5872    23.3665   12.40439 7.3313e+00 0.0000e+00
        196 329.702462    0.01354     0.8125     48.750      0.970  47757.492    29.9444     7.5851      0.961    6.88582     7.5881    23.3628   12.40396 7.3627e+00 0.0000e+00
        197 329.702465    0.01361     0.8167     49.000      0.970  47749.947    29.9395     7.5872      0.961    6.88571     7.5880    23.3586   12.40383 7.4595e+00 0.0000e+00
        198 329.702468    0.01368     0.8208     49.250      0.966  47743.641    29.9353     7.5882      0.956    6.88575     7.5872    23.3552   12.40395 7.5429e+00 0.0000e+00
        199 329.702471    0.01375     0.8250     49.500      0.957  47740.066    29.9328     7.5881      0.948    6.88587     7.5858    23.3532   12.40419 7.5702e+00 0.0000e+00
        200 329.702474    0.01382     0.8292     49.750      0.949  47739.695    29.9324     7.5872      0.940    6.88602     7.5843    23.3530   12.40444 7.5781e+00 0.0000e+00
        201 329.702477    0.01389     0.8333     50.000      0.945  47742.510    29.9342     7.5859      0.936    6.88616     7.5833    23.3546   12.40466 7.5824e+00 0.0000e+00
        202 329.702480    0.01396     0.8375     50.250      0.947  47747.645    29.9375     7.5844      0.938    6.88625     7.5831    23.3574   12.40475 7.5596e+00 0.0000e+00
        203 329.702483    0.01403     0.8417     50.500      0.956  47753.300    29.9413     7.5834      0.947    6.88624     7.5838    23.3604   12.40469 7.4721e+00 0.0000e+00
        204 329.702486    0.01410     0.8458     50.750      0.969  47757.360    29.9440     7.5832      0.959    6.88614     7.5854    23.3626   12.40450 7.3518e+00 0.0000e+00
        205 329.702488    0.01417     0.8500     51.000      0.982  47758.051    29.9446     7.5839      0.972    6.88600     7.5872    23.3630   12.40425 7.3107e+00 0.0000e+00
        206 329.702491    0.01424     0.8542     51.250      0.991  47754.798    29.9426     7.5855      0.981    6.88584     7.5885    23.3612   12.40402 7.3519e+00 0.0000e+00
        207 329.702494    0.01431     0.8583     51.500      0.994  47748.601    29.9386     7.5873      0.984    6.88574     7.5890    23.3578   12.40391 7.3782e+00 0.0000e+00
        208 329.702497    0.01438     0.8625     51.750      0.990  47741.786    29.9341     7.5886      0.980    6.88573     7.5886    23.3541   12.40395 7.4071e+00 0.0000e+00
        209 329.702500    0.01444     0.8667     52.000      0.981  47736.593    29.9305     7.5891      0.971    6.88581     7.5871    23.3513   12.40412 7.4575e+00 0.0000e+00
        210 329.702503    0.01451     0.8708     52.250      0.969  47734.364    29.9289     7.5887      0.960    6.88595     7.5852    23.3501   12.40438 7.4799e+00 0.0000e+00
        211 329.702506    0.01458     0.8750     52.500      0.960  47735.995    29.9298     7.5872      0.951    6.88614     7.5833    23.3510   12.40467 7.4884e+00 0.0000e+00
        212 329.702509    0.01465     0.8792     52.750      0.957  47741.264    29.9332     7.5853      0.948    6.88630     7.5821    23.3539   12.40490 7.4874e+00 0.0000e+00
        213 329.702512    0.01472     0.8833     53.000      0.961  47748.394    29.9378     7.5834      0.952    6.88638     7.5818    23.3578   12.40498 7.4484e+00 0.0000e+00
        214 329.702514    0.01479     0.8875     53.250      0.971  47754.927    29.9422     7.5822      0.961    6.88638     7.5828    23.3614   12.40493 7.3666e+00 0.0000e+00
        215 329.702517    0.01486     0.8917     53.500      0.983  47758.350    29.9445     7.5819      0.973    6.88632     7.5847    23.3632   12.40479 7.2575e+00 0.0000e+00
        216 329.702520    0.01493     0.8958     53.750      0.992  47756.932    29.9437     7.5829      0.982    6.88620     7.5867    23.3624   12.40461 7.1273e+00 0.0000e+00
        217 329.702523    0.01500     0.9000     54.000      0.996  47751.320    29.9401     7.5848      0.986    6.88607     7.5885    23.3594   12.40443 7.0840e+00 0.0000e+00
        218 329.702526    0.01507     0.9042     54.250      0.995  47744.294    29.9355     7.5868      0.985    6.88595     7.5899    23.3555   12.40428 7.2156e+00 0.0000e+00
        219 329.702529    0.01514     0.9083     54.500      0.989  47738.104    29.9315     7.5886      0.979    6.88585     7.5906    23.3521   12.40417 7.3993e+00 0.0000e+00
        220 329.702532    0.01521     0.9125     54.750      0.980  47733.399    29.9285     7.5900      0.971    6.88577     7.5904    23.3495   12.40408 7.4936e+00 0.0000e+00
        221 329.702535    0.01528     0.9167     55.000      0.970  47730.364    29.9265     7.5907      0.961    6.88575     7.5895    23.3479   12.40408 7.4977e+00 0.0000e+00
        222 329.702538    0.01535     0.9208     55.250      0.960  47729.341    29.9258     7.5905      0.951    6.88581     7.5884    23.3473   12.40418 7.4371e+00 0.0000e+00
        223 329.702541    0.01542     0.9250     55.500      0.951  47730.607    29.9265     7.5896      0.942    6.88591     7.5875    23.3480   12.40435 7.2963e+00 0.0000e+00
        224 329.702543    0.01549     0.9292     55.750      0.947  47734.074    29.9287     7.5885      0.938    6.88600     7.5873    23.3499   12.40445 7.2164e+00 0.0000e+00
        225 329.702546    0.01556     0.9333     56.000      0.949  47738.975    29.9320     7.5876      0.940    6.88599     7.5879    23.3526   12.40440 7.2953e+00 0.0000e+00
        226 329.702549    0.01563     0.9375     56.250      0.957  47743.803    29.9353     7.5874      0.948    6.88588     7.5893    23.3552   12.40417 7.3304e+00 0.0000e+00
        227 329.702552    0.01569     0.9417     56.500      0.967  47746.670    29.9374     7.5880      0.958    6.88569     7.5909    23.3568   12.40383 7.2075e+00 0.0000e+00
        228 329.702555    0.01576     0.9458     56.750      0.977  47746.398    29.9374     7.5893      0.968    6.88547     7.5923    23.3566   12.40347 7.1207e+00 0.0000e+00
        229 329.702558    0.01583     0.9500     57.000      0.984  47743.185    29.9354     7.5910      0.975    6.88530     7.5928    23.3548   12.40321 7.1964e+00 0.0000e+00
        230 329.702561    0.01590     0.9542     57.250      0.986  47738.075    29.9321     7.5924      0.977    6.88523     7.5921    23.3520   12.40314 7.2968e+00 0.0000e+00
        231 329.702564    0.01597     0.9583     57.500      0.983  47732.727    29.9285     7.5929      0.973    6.88532     7.5900    23.3491   12.40332 7.2996e+00 0.0000e+00
        232 329.702567    0.01604     0.9625     57.750      0.973  47729.171    29.9259     7.5922      0.964    6.88554     7.5864    23.3472   12.40372 7.2838e+00 0.0000e+00
        233 329.702569    0.01611     0.9667     58.000      0.960  47729.308    29.9257     7.5901      0.952    6.88588     7.5820    23.3473   12.40429 7.3620e+00 0.0000e+00
        234 329.702572    0.01618     0.9708     58.250      0.950  47734.517    29.9287     7.5865      0.941    6.88631     7.5780    23.3502   12.40497 7.5488e+00 0.0000e+00
        235 329.702575    0.01625     0.9750     58.500      0.946  47744.328    29.9348     7.5820      0.938    6.88674     7.5756    23.3556   12.40560 7.6685e+00 0.0000e+00
        236 329.702578    0.01632     0.9792     58.750      0.951  47755.988    29.9423     7.5780      0.942    6.88703     7.5755    23.3620   12.40599 7.4730e+00 0.0000e+00
        237 329.702581    0.01639     0.9833     59.000      0.964  47766.147    29.9489     7.5756      0.955    6.88711     7.5779    23.3675   12.40604 7.1664e+00 0.0000e+00
        238 329.702584    0.01646     0.9875     59.250      0.982  47771.904    29.9529     7.5755      0.972    6.88695     7.5821    23.3707   12.40573 7.1114e+00 0.0000e+00
        239 329.702587    0.01653     0.9917     59.500      0.998  47770.711    29.9524     7.5779      0.989    6.88659     7.5861    23.3700   12.40514 7.2191e+00 0.0000e+00
        240 329.702590    0.01660     0.9958     59.750      1.007  47762.105    29.9471     7.5821      0.997    6.88616     7.5881    23.3653   12.40450 7.2651e+00 0.0000e+00
        241 329.702593    0.01667     1.0000     60.000      1.003  47749.972    29.9393     7.5862      0.993    6.88587     7.5866    23.3586   12.40411 7.2824e+00 0.0000e+00
        242 329.702595    0.01674     1.0042     60.250      0.987  47741.052    29.9335     7.5882      0.977    6.88583     7.5822    23.3537   12.40412 7.3447e+00 0.0000e+00
        243 329.702598    0.01681     1.0083     60.500      0.964  47740.853    29.9331     7.5867      0.955    6.88608     7.5773    23.3536   12.40454 7.3465e+00 0.0000e+00
        244 329.702601    0.01688     1.0125     60.750      0.945  47750.485    29.9391     7.5823      0.935    6.88651     7.5743    23.3589   12.40516 7.2719e+00 0.0000e+00
        245 329.702604    0.01694     1.0167     61.000      0.936  47765.524    29.9488     7.5774      0.927    6.88685     7.5749    23.3672   12.40561 7.2423e+00 0.0000e+00
        246 329.702607    0.01701     1.0208     61.250      0.940  47778.652    29.9575     7.5744      0.931    6.88693     7.5791    23.3744   12.40562 7.2678e+00 0.0000e+00
        247 329.702610    0.01708     1.0250     61.500      0.952  47784.553    29.9616     7.5750      0.943    6.88665     7.5857    23.3776   12.40512 7.2577e+00 0.0000e+00
        248 329.702613    0.01715     1.0292     61.750      0.967  47781.583    29.9602     7.5792      0.958    6.88604     7.5924    23.3759   12.40413 7.2013e+00 0.0000e+00
        249 329.702616    0.01722     1.0333     62.000      0.979  47771.000    29.9539     7.5858      0.970    6.88529     7.5980    23.3700   12.40297 7.2382e+00 0.0000e+00
        250 329.702619    0.01729     1.0375     62.250      0.984  47756.443    29.9449     7.5925      0.974    6.88464     7.6019    23.3620   12.40200 7.4038e+00 0.0000e+00
        251 329.702622    0.01736     1.0417     62.500      0.982  47742.020    29.9357     7.5981      0.972    6.88417     7.6036    23.3541   12.40134 7.5349e+00 0.0000e+00
        252 329.702624    0.01743     1.0458     62.750      0.974  47730.447    29.9283     7.6020      0.965    6.88389     7.6024    23.3478   12.40096 7.5524e+00 0.0000e+00
        253 329.702627    0.01750     1.0500     63.000      0.963  47723.627    29.9238     7.6036      0.953    6.88383     7.5986    23.3441   12.40092 7.4886e+00 0.0000e+00
        254 329.702630    0.01757     1.0542     63.250      0.951  47723.345    29.9235     7.6024      0.942    6.88404     7.5938    23.3439   12.40127 7.3761e+00 0.0000e+00
        255 329.702633    0.01764     1.0583     63.500      0.942  47730.105    29.9276     7.5987      0.933    6.88444     7.5899    23.3476   12.40190 7.2784e+00 0.0000e+00
        256 329.702636    0.01771     1.0625     63.750      0.941  47741.983    29.9351     7.5939      0.932    6.88486     7.5880    23.3542   12.40249 7.2739e+00 0.0000e+00
        257 329.702639    0.01778     1.0667     64.000      0.949  47755.077    29.9435     7.5900      0.940    6.88510     7.5888    23.3613   12.40278 7.3179e+00 0.0000e+00
        258 329.702642    0.01785     1.0708     64.250      0.964  47764.993    29.9501     7.5881      0.955    6.88509     7.5918    23.3668   12.40268 7.2604e+00 0.0000e+00
        259 329.702645    0.01792     1.0750     64.500      0.981  47768.618    29.9527     7.5889      0.973    6.88484     7.5954    23.3687   12.40224 7.0662e+00 0.0000e+00
        260 329.702648    0.01799     1.0792     64.750      0.995  47765.220    29.9508     7.5919      0.986    6.88447     7.5982    23.3669   12.40165 6.9555e+00 0.0000e+00
        261 329.702650    0.01806     1.0833     65.000      1.000  47756.845    29.9456     7.5955      0.991    6.88413     7.5987    23.3623   12.40115 7.1380e+00 0.0000e+00
        262 329.702653    0.01812     1.0875     65.250      0.993  47748.020    29.9399     7.5982      0.984    6.88395     7.5964    23.3574   12.40094 7.4268e+00 0.0000e+00
        263 329.702656    0.01819     1.0917     65.500      0.977  47744.187    29.9373     7.5987      0.968    6.88399     7.5921    23.3553   12.40102 7.5251e+00 0.0000e+00
        264 329.702659    0.01826     1.0958     65.750      0.956  47749.890    29.9409     7.5965      0.947    6.88418     7.5883    23.3585   12.40130 7.4860e+00 0.0000e+00
        265 329.702662    0.01833     1.1000     66.000      0.939  47766.948    29.9521     7.5922      0.930    6.88435     7.5880    23.3678   12.40144 7.4908e+00 0.0000e+00
        266 329.702665    0.01840     1.1042     66.250      0.935  47793.023    29.9696     7.5884      0.926    6.88417     7.5935    23.3820   12.40091 7.5184e+00 0.0000e+00
        267 329.702668    0.01847     1.1083     66.500      0.945  47823.588    29.9907     7.5881      0.936    6.88327     7.6053    23.3987   12.39917 7.4696e+00 0.0000e+00
        268 329.702671    0.01854     1.1125     66.750      0.965  47850.627    30.0103     7.5935      0.956    6.88153     7.6208    23.4133   12.39604 7.3140e+00 0.0000e+00
        269 329.702674    0.01861     1.1167     67.000      0.986  47863.612    30.0211     7.6053      0.976    6.87919     7.6361    23.4202   12.39202 7.1626e+00 0.0000e+00
        270 329.702677    0.01868     1.1208     67.250      0.999  47861.378    30.0220     7.6209      0.989    6.87670     7.6487    23.4188   12.38789 7.1367e+00 0.0000e+00
        271 329.702679    0.01875     1.1250     67.500      1.001  47852.070    30.0179     7.6362      0.991    6.87447     7.6581    23.4135   12.38426 7.1815e+00 0.0000e+00
