CTD-processing/allCTD/CNV--turbid/2014_10-18_t6_s12_cast115.cnv
* Sea-Bird SBE19plus Data File:
* FileName = C:\Users\kris.holderied\Documents\kasitsna\Research-Projects-and-Data\Oceanography-AK\CTD-Data-ALL-to-2014-10\2014-CTD-KachemakBay-CookInlet\2014-10-EVOSTC-CookInlet\2014-10-18-CookInlet-Tran6-Douglas\2014-10-18-CookInlet-Tran6-cast115.hex
* Software Version 1.59
* Temperature SN =  4141
* Conductivity SN =  4141
* System UpLoad Time = Oct 18 2014 10:01:16
** Cook Inlet LTM Tran6 (Douglas)  east to west
** Date: 10-18
** Station: 6-12
** Start time: 04:07
** Depth (m): 114
** Comment:  CTD time is Alaska Daylight time.  R/V Pandalus. Transducer  depth.
** Comment:
# nquan = 16
# nvalues = 1102                        
# units = specified
# name 0 = scan: Scan Count
# name 1 = timeJ: Julian Days
# name 2 = timeH: Time, Elapsed [hours]
# name 3 = timeM: Time, Elapsed [minutes]
# name 4 = timeS: Time, Elapsed [seconds]
# name 5 = prdM: Pressure, Strain Gauge [db]
# name 6 = specc: Specific Conductance [uS/cm]
# name 7 = sal00: Salinity, Practical [PSU]
# name 8 = tv290C: Temperature [ITS-90, deg C]
# name 9 = depSM: Depth [salt water, m], lat = 59.00
# name 10 = oxsolML/L: Oxygen Saturation, Garcia & Gordon [ml/l]
# name 11 = potemp090C: Potential Temperature [ITS-90, deg C]
# name 12 = sigma-é00: Density [sigma-theta, kg/m^3]
# name 13 = n2satML/L: Nitrogen Saturation [ml/l]
# name 14 = par: PAR/Irradiance, Biospherical/Licor
# name 15 = flag:  0.000e+00
# span 0 =          1,       1102       
# span 1 = 291.171817, 291.175003       
# span 2 =    0.00000,    0.07646       
# span 3 =     0.0000,     4.5875       
# span 4 =      0.000,    275.250       
# span 5 =     -0.304,    140.040       
# span 6 =    355.345,  51174.535       
# span 7 =     0.1656,    32.2677       
# span 8 =     7.5356,    10.1955       
# span 9 =     -0.301,    138.684       
# span 10 =    6.43499,    8.37289      
# span 11 =     7.5356,    10.1939      
# span 12 =     0.0091,    25.1842      
# span 13 =   11.63965,   15.30525      
# span 14 = 3.6382e-02, 1.0457e+00      
# span 15 = 0.0000e+00, 0.0000e+00      
# interval = seconds: 0.25
# start_time = Oct 18 2014 04:07:25 [Instrument's time stamp, header]
# bad_flag = -9.990e-29
*END*
[from data line 814]
        815 291.174172    0.05653     3.3917    203.500     90.722  51000.353    32.2042     7.8342     89.854    6.74644     7.8161    25.1037   12.14533 3.6421e-02 0.0000e+00
        816 291.174175    0.05660     3.3958    203.750     90.848  51003.213    32.2054     7.8295     89.979    6.74711     7.8118    25.1053   12.14643 3.6422e-02 0.0000e+00
        817 291.174178    0.05667     3.4000    204.000     90.972  51007.117    32.2073     7.8247     90.102    6.74776     7.8083    25.1075   12.14747 3.6427e-02 0.0000e+00
        818 291.174181    0.05674     3.4042    204.250     91.098  51011.388    32.2095     7.8204     90.226    6.74832     7.8056    25.1098   12.14837 3.6427e-02 0.0000e+00
        819 291.174184    0.05681     3.4083    204.500     91.228  51015.253    32.2116     7.8169     90.355    6.74876     7.8036    25.1119   12.14909 3.6424e-02 0.0000e+00
        820 291.174187    0.05688     3.4125    204.750     91.366  51018.343    32.2132     7.8143     90.492    6.74910     7.8021    25.1136   12.14962 3.6421e-02 0.0000e+00
        821 291.174190    0.05694     3.4167    205.000     91.513  51020.514    32.2143     7.8123     90.637    6.74935     7.8009    25.1148   12.15002 3.6421e-02 0.0000e+00
        822 291.174193    0.05701     3.4208    205.250     91.670  51021.815    32.2149     7.8108     90.793    6.74955     7.7996    25.1154   12.15034 3.6422e-02 0.0000e+00
        823 291.174196    0.05708     3.4250    205.500     91.837  51022.467    32.2151     7.8096     90.959    6.74973     7.7983    25.1157   12.15064 3.6422e-02 0.0000e+00
        824 291.174198    0.05715     3.4292    205.750     92.016  51022.536    32.2149     7.8084     91.136    6.74993     7.7966    25.1157   12.15097 3.6425e-02 0.0000e+00
        825 291.174201    0.05722     3.4333    206.000     92.206  51021.995    32.2142     7.8070     91.324    6.75016     7.7944    25.1154   12.15137 3.6430e-02 0.0000e+00
        826 291.174204    0.05729     3.4375    206.250     92.406  51021.361    32.2133     7.8054     91.522    6.75045     7.7919    25.1150   12.15186 3.6433e-02 0.0000e+00
        827 291.174207    0.05736     3.4417    206.500     92.613  51021.440    32.2129     7.8032     91.727    6.75080     7.7891    25.1150   12.15244 3.6434e-02 0.0000e+00
        828 291.174210    0.05743     3.4458    206.750     92.826  51022.354    32.2131     7.8006     91.937    6.75119     7.7862    25.1155   12.15308 3.6435e-02 0.0000e+00
        829 291.174213    0.05750     3.4500    207.000     93.040  51023.785    32.2135     7.7979     92.150    6.75160     7.7833    25.1162   12.15374 3.6440e-02 0.0000e+00
        830 291.174216    0.05757     3.4542    207.250     93.254  51025.666    32.2142     7.7950     92.361    6.75201     7.7806    25.1172   12.15440 3.6446e-02 0.0000e+00
        831 291.174219    0.05764     3.4583    207.500     93.462  51028.139    32.2154     7.7921     92.568    6.75240     7.7781    25.1185   12.15504 3.6446e-02 0.0000e+00
        832 291.174222    0.05771     3.4625    207.750     93.663  51031.053    32.2169     7.7894     92.766    6.75275     7.7761    25.1201   12.15560 3.6444e-02 0.0000e+00
        833 291.174225    0.05778     3.4667    208.000     93.852  51033.945    32.2184     7.7870     92.953    6.75305     7.7745    25.1216   12.15609 3.6441e-02 0.0000e+00
        834 291.174227    0.05785     3.4708    208.250     94.027  51036.494    32.2198     7.7850     93.126    6.75330     7.7732    25.1230   12.15648 3.6436e-02 0.0000e+00
        835 291.174230    0.05792     3.4750    208.500     94.186  51038.594    32.2209     7.7834     93.283    6.75349     7.7722    25.1241   12.15678 3.6430e-02 0.0000e+00
        836 291.174233    0.05799     3.4792    208.750     94.328  51040.336    32.2219     7.7821     93.424    6.75364     7.7713    25.1250   12.15702 3.6426e-02 0.0000e+00
        837 291.174236    0.05806     3.4833    209.000     94.456  51041.894    32.2227     7.7811     93.551    6.75376     7.7704    25.1258   12.15721 3.6422e-02 0.0000e+00
        838 291.174239    0.05813     3.4875    209.250     94.572  51043.299    32.2235     7.7802     93.666    6.75387     7.7696    25.1266   12.15737 3.6419e-02 0.0000e+00
        839 291.174242    0.05819     3.4917    209.500     94.683  51044.455    32.2241     7.7794     93.776    6.75397     7.7687    25.1272   12.15753 3.6417e-02 0.0000e+00
        840 291.174245    0.05826     3.4958    209.750     94.794  51045.369    32.2246     7.7785     93.887    6.75407     7.7676    25.1276   12.15770 3.6416e-02 0.0000e+00
        841 291.174248    0.05833     3.5000    210.000     94.913  51046.208    32.2250     7.7776     94.005    6.75419     7.7663    25.1281   12.15790 3.6422e-02 0.0000e+00
        842 291.174251    0.05840     3.5042    210.250     95.044  51047.072    32.2253     7.7765     94.134    6.75434     7.7648    25.1285   12.15814 3.6432e-02 0.0000e+00
        843 291.174253    0.05847     3.5083    210.500     95.189  51047.978    32.2257     7.7753     94.277    6.75452     7.7632    25.1290   12.15844 3.6437e-02 0.0000e+00
        844 291.174256    0.05854     3.5125    210.750     95.349  51049.022    32.2261     7.7738     94.436    6.75473     7.7615    25.1295   12.15877 3.6435e-02 0.0000e+00
        845 291.174259    0.05861     3.5167    211.000     95.526  51050.390    32.2267     7.7722     94.611    6.75494     7.7600    25.1302   12.15912 3.6436e-02 0.0000e+00
        846 291.174262    0.05868     3.5208    211.250     95.717  51052.131    32.2276     7.7706     94.800    6.75516     7.7586    25.1311   12.15947 3.6442e-02 0.0000e+00
        847 291.174265    0.05875     3.5250    211.500     95.918  51053.952    32.2285     7.7690     94.999    6.75536     7.7576    25.1321   12.15978 3.6452e-02 0.0000e+00
        848 291.174268    0.05882     3.5292    211.750     96.126  51055.502    32.2293     7.7677     95.205    6.75553     7.7567    25.1329   12.16005 3.6463e-02 0.0000e+00
        849 291.174271    0.05889     3.5333    212.000     96.335  51056.726    32.2298     7.7667     95.412    6.75567     7.7559    25.1335   12.16027 3.6475e-02 0.0000e+00
        850 291.174274    0.05896     3.5375    212.250     96.543  51057.665    32.2303     7.7658     95.618    6.75578     7.7551    25.1339   12.16045 3.6484e-02 0.0000e+00
        851 291.174277    0.05903     3.5417    212.500     96.744  51058.282    32.2305     7.7650     95.817    6.75589     7.7543    25.1342   12.16062 3.6485e-02 0.0000e+00
        852 291.174280    0.05910     3.5458    212.750     96.936  51058.613    32.2305     7.7642     96.007    6.75600     7.7532    25.1343   12.16081 3.6482e-02 0.0000e+00
        853 291.174282    0.05917     3.5500    213.000     97.115  51058.696    32.2304     7.7634     96.184    6.75614     7.7520    25.1343   12.16104 3.6478e-02 0.0000e+00
        854 291.174285    0.05924     3.5542    213.250     97.281  51058.595    32.2300     7.7624     96.348    6.75631     7.7504    25.1342   12.16133 3.6472e-02 0.0000e+00
        855 291.174288    0.05931     3.5583    213.500     97.433  51058.649    32.2298     7.7611     96.500    6.75652     7.7485    25.1342   12.16167 3.6461e-02 0.0000e+00
        856 291.174291    0.05937     3.5625    213.750     97.574  51059.265    32.2299     7.7596     96.639    6.75676     7.7467    25.1345   12.16207 3.6453e-02 0.0000e+00
        857 291.174294    0.05944     3.5667    214.000     97.704  51060.397    32.2303     7.7578     96.768    6.75701     7.7448    25.1351   12.16249 3.6453e-02 0.0000e+00
        858 291.174297    0.05951     3.5708    214.250     97.828  51061.600    32.2308     7.7559     96.891    6.75727     7.7432    25.1357   12.16292 3.6455e-02 0.0000e+00
        859 291.174300    0.05958     3.5750    214.500     97.950  51062.973    32.2314     7.7541     97.011    6.75752     7.7417    25.1365   12.16332 3.6457e-02 0.0000e+00
        860 291.174303    0.05965     3.5792    214.750     98.073  51064.380    32.2320     7.7525     97.133    6.75775     7.7402    25.1372   12.16369 3.6463e-02 0.0000e+00
        861 291.174306    0.05972     3.5833    215.000     98.202  51065.052    32.2322     7.7510     97.261    6.75797     7.7383    25.1376   12.16405 3.6472e-02 0.0000e+00
        862 291.174308    0.05979     3.5875    215.250     98.342  51064.853    32.2318     7.7495     97.400    6.75822     7.7354    25.1374   12.16447 3.6478e-02 0.0000e+00
        863 291.174311    0.05986     3.5917    215.500     98.497  51063.316    32.2303     7.7476     97.554    6.75857     7.7311    25.1365   12.16506 3.6478e-02 0.0000e+00
        864 291.174314    0.05993     3.5958    215.750     98.667  51061.147    32.2282     7.7448     97.722    6.75910     7.7255    25.1353   12.16596 3.6473e-02 0.0000e+00
        865 291.174317    0.06000     3.6000    216.000     98.850  51061.058    32.2274     7.7405     97.903    6.75980     7.7196    25.1352   12.16714 3.6470e-02 0.0000e+00
        866 291.174320    0.06007     3.6042    216.250     99.042  51064.088    32.2285     7.7349     98.093    6.76061     7.7142    25.1369   12.16846 3.6473e-02 0.0000e+00
        867 291.174323    0.06014     3.6083    216.500     99.238  51069.327    32.2310     7.7290     98.287    6.76141     7.7097    25.1397   12.16975 3.6472e-02 0.0000e+00
        868 291.174326    0.06021     3.6125    216.750     99.431  51075.307    32.2342     7.7235     98.477    6.76210     7.7064    25.1430   12.17086 3.6474e-02 0.0000e+00
        869 291.174329    0.06028     3.6167    217.000     99.614  51080.477    32.2370     7.7191     98.659    6.76265     7.7040    25.1458   12.17174 3.6482e-02 0.0000e+00
        870 291.174332    0.06035     3.6208    217.250     99.785  51084.390    32.2391     7.7158     98.828    6.76307     7.7023    25.1479   12.17240 3.6488e-02 0.0000e+00
        871 291.174334    0.06042     3.6250    217.500     99.940  51087.390    32.2407     7.7134     98.982    6.76336     7.7010    25.1496   12.17287 3.6484e-02 0.0000e+00
        872 291.174337    0.06049     3.6292    217.750    100.080  51089.584    32.2419     7.7117     99.121    6.76358     7.7001    25.1507   12.17320 3.6479e-02 0.0000e+00
        873 291.174340    0.06056     3.6333    218.000    100.208  51091.034    32.2427     7.7105     99.247    6.76373     7.6994    25.1515   12.17344 3.6479e-02 0.0000e+00
        874 291.174343    0.06062     3.6375    218.250    100.329  51092.021    32.2432     7.7096     99.366    6.76385     7.6988    25.1520   12.17363 3.6486e-02 0.0000e+00
        875 291.174346    0.06069     3.6417    218.500    100.450  51092.757    32.2435     7.7089     99.487    6.76394     7.6982    25.1523   12.17379 3.6496e-02 0.0000e+00
        876 291.174349    0.06076     3.6458    218.750    100.582  51093.179    32.2436     7.7083     99.617    6.76403     7.6974    25.1525   12.17393 3.6507e-02 0.0000e+00
        877 291.174352    0.06083     3.6500    219.000    100.731  51093.263    32.2435     7.7077     99.765    6.76412     7.6964    25.1525   12.17409 3.6517e-02 0.0000e+00
        878 291.174355    0.06090     3.6542    219.250    100.905  51093.431    32.2434     7.7069     99.938    6.76424     7.6954    25.1526   12.17428 3.6520e-02 0.0000e+00
        879 291.174358    0.06097     3.6583    219.500    101.106  51094.063    32.2436     7.7060    100.136    6.76438     7.6944    25.1529   12.17451 3.6514e-02 0.0000e+00
        880 291.174361    0.06104     3.6625    219.750    101.329  51095.119    32.2441     7.7049    100.357    6.76452     7.6936    25.1534   12.17474 3.6508e-02 0.0000e+00
        881 291.174363    0.06111     3.6667    220.000    101.567  51096.392    32.2447     7.7039    100.593    6.76465     7.6931    25.1540   12.17493 3.6512e-02 0.0000e+00
        882 291.174366    0.06118     3.6708    220.250    101.808  51097.638    32.2453     7.7032    100.831    6.76474     7.6929    25.1546   12.17507 3.6518e-02 0.0000e+00
        883 291.174369    0.06125     3.6750    220.500    102.037  51098.698    32.2459     7.7027    101.058    6.76479     7.6929    25.1551   12.17515 3.6522e-02 0.0000e+00
        884 291.174372    0.06132     3.6792    220.750    102.245  51099.515    32.2463     7.7025    101.264    6.76480     7.6933    25.1555   12.17516 3.6530e-02 0.0000e+00
        885 291.174375    0.06139     3.6833    221.000    102.426  51100.048    32.2466     7.7026    101.443    6.76477     7.6937    25.1557   12.17511 3.6542e-02 0.0000e+00
        886 291.174378    0.06146     3.6875    221.250    102.579  51100.194    32.2467     7.7029    101.594    6.76472     7.6943    25.1558   12.17502 3.6549e-02 0.0000e+00
        887 291.174381    0.06153     3.6917    221.500    102.708  51099.936    32.2466     7.7034    101.722    6.76465     7.6947    25.1556   12.17491 3.6552e-02 0.0000e+00
        888 291.174384    0.06160     3.6958    221.750    102.818  51099.500    32.2463     7.7039    101.831    6.76458     7.6951    25.1553   12.17480 3.6558e-02 0.0000e+00
        889 291.174387    0.06167     3.7000    222.000    102.918  51099.042    32.2460     7.7044    101.930    6.76452     7.6954    25.1550   12.17471 3.6563e-02 0.0000e+00
        890 291.174389    0.06174     3.7042    222.250    103.018  51098.574    32.2457     7.7048    102.029    6.76447     7.6955    25.1547   12.17464 3.6560e-02 0.0000e+00
        891 291.174392    0.06181     3.7083    222.500    103.124  51098.123    32.2454     7.7051    102.134    6.76445     7.6954    25.1544   12.17460 3.6548e-02 0.0000e+00
        892 291.174395    0.06187     3.7125    222.750    103.242  51097.834    32.2452     7.7052    102.251    6.76444     7.6954    25.1542   12.17459 3.6541e-02 0.0000e+00
        893 291.174398    0.06194     3.7167    223.000    103.373  51097.952    32.2452     7.7052    102.381    6.76444     7.6954    25.1542   12.17459 3.6537e-02 0.0000e+00
        894 291.174401    0.06201     3.7208    223.250    103.518  51098.317    32.2453     7.7051    102.524    6.76443     7.6955    25.1544   12.17458 3.6534e-02 0.0000e+00
        895 291.174404    0.06208     3.7250    223.500    103.673  51098.445    32.2454     7.7052    102.677    6.76442     7.6956    25.1544   12.17456 3.6531e-02 0.0000e+00
        896 291.174407    0.06215     3.7292    223.750    103.835  51098.210    32.2452     7.7053    102.838    6.76441     7.6956    25.1542   12.17455 3.6531e-02 0.0000e+00
        897 291.174410    0.06222     3.7333    224.000    104.003  51097.843    32.2448     7.7054    103.004    6.76441     7.6955    25.1540   12.17455 3.6536e-02 0.0000e+00
        898 291.174413    0.06229     3.7375    224.250    104.174  51097.674    32.2446     7.7054    103.174    6.76442     7.6953    25.1538   12.17456 3.6547e-02 0.0000e+00
        899 291.174416    0.06236     3.7417    224.500    104.349  51097.844    32.2447     7.7053    103.347    6.76444     7.6951    25.1538   12.17460 3.6556e-02 0.0000e+00
        900 291.174418    0.06243     3.7458    224.750    104.528  51098.237    32.2448     7.7051    103.524    6.76446     7.6951    25.1540   12.17463 3.6558e-02 0.0000e+00
        901 291.174421    0.06250     3.7500    225.000    104.712  51098.676    32.2450     7.7050    103.707    6.76447     7.6952    25.1542   12.17464 3.6557e-02 0.0000e+00
        902 291.174424    0.06257     3.7542    225.250    104.902  51098.964    32.2452     7.7050    103.895    6.76447     7.6953    25.1543   12.17464 3.6559e-02 0.0000e+00
        903 291.174427    0.06264     3.7583    225.500    105.097  51099.046    32.2451     7.7051    104.088    6.76446     7.6954    25.1542   12.17461 3.6563e-02 0.0000e+00
