CTD-processing/allCTD/CNV--turbid/2014_10-18_t6_s14_cast116.cnv
* Sea-Bird SBE19plus Data File:
* FileName = C:\Users\kris.holderied\Documents\kasitsna\Research-Projects-and-Data\Oceanography-AK\CTD-Data-ALL-to-2014-10\2014-CTD-KachemakBay-CookInlet\2014-10-EVOSTC-CookInlet\2014-10-18-CookInlet-Tran6-Douglas\2014-10-18-CookInlet-Tran6-cast116.hex
* Software Version 1.59
* Temperature SN =  4141
* Conductivity SN =  4141
* System UpLoad Time = Oct 18 2014 10:02:40
** Cook Inlet LTM Tran6 (Douglas)  east to west
** Date: 10-18
** Station: 6-14
** Start time: 04:41
** Depth (m): 139
** Comment:  CTD time is Alaska Daylight time.  R/V Pandalus. Transducer  depth.
** Comment:
# nquan = 16
# nvalues = 1088                        
# units = specified
# name 0 = scan: Scan Count
# name 1 = timeJ: Julian Days
# name 2 = timeH: Time, Elapsed [hours]
# name 3 = timeM: Time, Elapsed [minutes]
# name 4 = timeS: Time, Elapsed [seconds]
# name 5 = prdM: Pressure, Strain Gauge [db]
# name 6 = specc: Specific Conductance [uS/cm]
# name 7 = sal00: Salinity, Practical [PSU]
# name 8 = tv290C: Temperature [ITS-90, deg C]
# name 9 = depSM: Depth [salt water, m], lat = 59.00
# name 10 = oxsolML/L: Oxygen Saturation, Garcia & Gordon [ml/l]
# name 11 = potemp090C: Potential Temperature [ITS-90, deg C]
# name 12 = sigma-é00: Density [sigma-theta, kg/m^3]
# name 13 = n2satML/L: Nitrogen Saturation [ml/l]
# name 14 = par: PAR/Irradiance, Biospherical/Licor
# name 15 = flag:  0.000e+00
# span 0 =          1,       1088       
# span 1 = 291.195440, 291.198585       
# span 2 =    0.00000,    0.07549       
# span 3 =     0.0000,     4.5292       
# span 4 =      0.000,    271.750       
# span 5 =     -0.315,    137.894       
# span 6 =    889.232,  51512.865       
# span 7 =     0.4289,    32.4089       
# span 8 =     7.0754,     9.6647       
# span 9 =     -0.312,    136.559       
# span 10 =    6.52827,    8.31142      
# span 11 =     7.0630,     9.6629      
# span 12 =     0.2049,    25.3697      
# span 13 =   11.79563,   15.19759      
# span 14 = 3.6383e-02, 1.3167e+00      
# span 15 = 0.0000e+00, 0.0000e+00      
# interval = seconds: 0.25
# start_time = Oct 18 2014 04:41:26 [Instrument's time stamp, header]
# bad_flag = -9.990e-29
*END*
[from data line 543]
        544 291.197011    0.03771     2.2625    135.750     33.692  49643.699    31.4898     9.2329     33.374    6.56846     9.2147    24.3353   11.85959 3.6392e-02 0.0000e+00
        545 291.197014    0.03778     2.2667    136.000     33.871  49665.515    31.5039     9.2248     33.551    6.56905     9.2133    24.3476   11.86039 3.6392e-02 0.0000e+00
        546 291.197017    0.03785     2.2708    136.250     34.067  49696.540    31.5248     9.2183     33.745    6.56911     9.2188    24.3649   11.86024 3.6393e-02 0.0000e+00
        547 291.197020    0.03792     2.2750    136.500     34.278  49730.606    31.5485     9.2169     33.955    6.56832     9.2312    24.3837   11.85864 3.6391e-02 0.0000e+00
        548 291.197023    0.03799     2.2792    136.750     34.499  49762.117    31.5713     9.2225     34.173    6.56654     9.2489    24.4007   11.85542 3.6388e-02 0.0000e+00
        549 291.197025    0.03806     2.2833    137.000     34.722  49787.859    31.5911     9.2349     34.394    6.56390     9.2694    24.4142   11.85081 3.6386e-02 0.0000e+00
        550 291.197028    0.03812     2.2875    137.250     34.940  49803.136    31.6042     9.2526     34.611    6.56076     9.2900    24.4217   11.84547 3.6385e-02 0.0000e+00
        551 291.197031    0.03819     2.2917    137.500     35.150  49809.258    31.6113     9.2730     34.818    6.55749     9.3097    24.4240   11.83996 3.6384e-02 0.0000e+00
        552 291.197034    0.03826     2.2958    137.750     35.347  49812.452    31.6163     9.2937     35.013    6.55428     9.3281    24.4247   11.83458 3.6384e-02 0.0000e+00
        553 291.197037    0.03833     2.3000    138.000     35.533  49815.552    31.6211     9.3135     35.197    6.55121     9.3448    24.4254   11.82945 3.6385e-02 0.0000e+00
        554 291.197040    0.03840     2.3042    138.250     35.712  49818.440    31.6256     9.3319     35.375    6.54835     9.3585    24.4260   11.82465 3.6386e-02 0.0000e+00
        555 291.197043    0.03847     2.3083    138.500     35.890  49820.827    31.6295     9.3486     35.552    6.54577     9.3678    24.4265   11.82033 3.6387e-02 0.0000e+00
        556 291.197046    0.03854     2.3125    138.750     36.074  49822.298    31.6324     9.3623     35.733    6.54366     9.3713    24.4265   11.81681 3.6388e-02 0.0000e+00
        557 291.197049    0.03861     2.3167    139.000     36.267  49821.062    31.6327     9.3717     35.925    6.54229     9.3674    24.4253   11.81454 3.6388e-02 0.0000e+00
        558 291.197052    0.03868     2.3208    139.250     36.472  49814.885    31.6288     9.3752     36.128    6.54196     9.3540    24.4217   11.81403 3.6387e-02 0.0000e+00
        559 291.197054    0.03875     2.3250    139.500     36.689  49802.083    31.6191     9.3713     36.343    6.54293     9.3291    24.4147   11.81576 3.6386e-02 0.0000e+00
        560 291.197057    0.03882     2.3292    139.750     36.915  49783.372    31.6040     9.3579     36.566    6.54551     9.2937    24.4050   11.82021 3.6387e-02 0.0000e+00
        561 291.197060    0.03889     2.3333    140.000     37.144  49769.005    31.5903     9.3330     36.793    6.54970     9.2541    24.3983   11.82731 3.6387e-02 0.0000e+00
        562 291.197063    0.03896     2.3375    140.250     37.370  49772.819    31.5880     9.2976     37.017    6.55492     9.2171    24.4020   11.83598 3.6387e-02 0.0000e+00
        563 291.197066    0.03903     2.3417    140.500     37.586  49794.952    31.5980     9.2580     37.231    6.56026     9.1868    24.4160   11.84469 3.6387e-02 0.0000e+00
        564 291.197069    0.03910     2.3458    140.750     37.789  49825.749    31.6144     9.2210     37.432    6.56493     9.1644    24.4346   11.85223 3.6389e-02 0.0000e+00
        565 291.197072    0.03917     2.3500    141.000     37.975  49857.822    31.6327     9.1908     37.616    6.56856     9.1492    24.4536   11.85801 3.6390e-02 0.0000e+00
        566 291.197075    0.03924     2.3542    141.250     38.144  49885.842    31.6492     9.1684     37.784    6.57111     9.1390    24.4700   11.86205 3.6388e-02 0.0000e+00
        567 291.197078    0.03931     2.3583    141.500     38.300  49906.445    31.6615     9.1531     37.939    6.57281     9.1319    24.4820   11.86472 3.6386e-02 0.0000e+00
        568 291.197080    0.03938     2.3625    141.750     38.448  49919.525    31.6693     9.1430     38.085    6.57396     9.1258    24.4896   11.86652 3.6385e-02 0.0000e+00
        569 291.197083    0.03944     2.3667    142.000     38.595  49926.952    31.6734     9.1359     38.230    6.57482     9.1194    24.4940   11.86790 3.6385e-02 0.0000e+00
        570 291.197086    0.03951     2.3708    142.250     38.746  49930.489    31.6750     9.1298     38.380    6.57564     9.1114    24.4961   11.86923 3.6386e-02 0.0000e+00
        571 291.197089    0.03958     2.3750    142.500     38.909  49931.249    31.6745     9.1235     38.541    6.57659     9.1003    24.4968   11.87081 3.6387e-02 0.0000e+00
        572 291.197092    0.03965     2.3792    142.750     39.089  49929.816    31.6723     9.1155     38.719    6.57785     9.0844    24.4963   11.87293 3.6388e-02 0.0000e+00
        573 291.197095    0.03972     2.3833    143.000     39.289  49926.153    31.6681     9.1044     38.918    6.57965     9.0625    24.4947   11.87595 3.6391e-02 0.0000e+00
        574 291.197098    0.03979     2.3875    143.250     39.509  49922.311    31.6630     9.0885     39.136    6.58219     9.0351    24.4932   11.88022 3.6395e-02 0.0000e+00
        575 291.197101    0.03986     2.3917    143.500     39.746  49922.136    31.6597     9.0666     39.371    6.58554     9.0039    24.4939   11.88581 3.6402e-02 0.0000e+00
        576 291.197104    0.03993     2.3958    143.750     39.995  49926.473    31.6587     9.0392     39.617    6.58959     8.9709    24.4974   11.89252 3.6406e-02 0.0000e+00
        577 291.197106    0.04000     2.4000    144.000     40.248  49936.036    31.6608     9.0080     39.868    6.59408     8.9395    24.5038   11.89993 3.6402e-02 0.0000e+00
        578 291.197109    0.04007     2.4042    144.250     40.498  49953.326    31.6682     8.9751     40.115    6.59860     8.9123    24.5146   11.90732 3.6394e-02 0.0000e+00
        579 291.197112    0.04014     2.4083    144.500     40.736  49976.167    31.6796     8.9436     40.351    6.60273     8.8901    24.5284   11.91402 3.6389e-02 0.0000e+00
        580 291.197115    0.04021     2.4125    144.750     40.956  49998.769    31.6915     8.9164     40.569    6.60622     8.8726    24.5419   11.91965 3.6386e-02 0.0000e+00
        581 291.197118    0.04028     2.4167    145.000     41.151  50018.692    31.7022     8.8943     40.762    6.60902     8.8592    24.5536   11.92416 3.6385e-02 0.0000e+00
        582 291.197121    0.04035     2.4208    145.250     41.318  50036.886    31.7124     8.8768     40.928    6.61116     8.8495    24.5643   11.92757 3.6384e-02 0.0000e+00
        583 291.197124    0.04042     2.4250    145.500     41.460  50053.015    31.7217     8.8634     41.068    6.61273     8.8426    24.5736   11.93005 3.6383e-02 0.0000e+00
        584 291.197127    0.04049     2.4292    145.750     41.580  50065.785    31.7293     8.8537     41.187    6.61384     8.8374    24.5810   11.93180 3.6383e-02 0.0000e+00
        585 291.197130    0.04056     2.4333    146.000     41.686  50075.372    31.7349     8.8468     41.293    6.61462     8.8329    24.5865   11.93301 3.6384e-02 0.0000e+00
        586 291.197133    0.04063     2.4375    146.250     41.791  50082.825    31.7394     8.8416     41.396    6.61519     8.8281    24.5907   11.93391 3.6384e-02 0.0000e+00
        587 291.197135    0.04069     2.4417    146.500     41.905  50089.318    31.7432     8.8371     41.508    6.61569     8.8222    24.5944   11.93469 3.6386e-02 0.0000e+00
        588 291.197138    0.04076     2.4458    146.750     42.038  50095.499    31.7468     8.8324     41.640    6.61624     8.8142    24.5980   11.93555 3.6389e-02 0.0000e+00
        589 291.197141    0.04083     2.4500    147.000     42.198  50101.228    31.7499     8.8265     41.799    6.61697     8.8026    24.6013   11.93673 3.6392e-02 0.0000e+00
        590 291.197144    0.04090     2.4542    147.250     42.390  50105.882    31.7520     8.8185     41.989    6.61807     8.7863    24.6041   11.93853 3.6395e-02 0.0000e+00
        591 291.197147    0.04097     2.4583    147.500     42.613  50110.880    31.7537     8.8069     42.210    6.61971     8.7654    24.6072   11.94122 3.6395e-02 0.0000e+00
        592 291.197150    0.04104     2.4625    147.750     42.863  50118.869    31.7568     8.7907     42.458    6.62198     8.7413    24.6120   11.94494 3.6393e-02 0.0000e+00
        593 291.197153    0.04111     2.4667    148.000     43.132  50131.972    31.7628     8.7698     42.724    6.62482     8.7168    24.6199   11.94956 3.6391e-02 0.0000e+00
        594 291.197156    0.04118     2.4708    148.250     43.407  50152.784    31.7737     8.7457     42.997    6.62792     8.6947    24.6321   11.95455 3.6388e-02 0.0000e+00
        595 291.197159    0.04125     2.4750    148.500     43.678  50177.596    31.7874     8.7212     43.265    6.63095     8.6751    24.6465   11.95940 3.6387e-02 0.0000e+00
        596 291.197161    0.04132     2.4792    148.750     43.933  50198.060    31.7984     8.6991     43.518    6.63376     8.6568    24.6585   11.96392 3.6387e-02 0.0000e+00
        597 291.197164    0.04139     2.4833    149.000     44.165  50211.521    31.8048     8.6795     43.748    6.63638     8.6392    24.6665   11.96819 3.6386e-02 0.0000e+00
        598 291.197167    0.04146     2.4875    149.250     44.371  50221.514    31.8090     8.6613     43.952    6.63890     8.6225    24.6725   11.97230 3.6385e-02 0.0000e+00
        599 291.197170    0.04153     2.4917    149.500     44.551  50232.750    31.8142     8.6437     44.129    6.64130     8.6075    24.6792   11.97621 3.6385e-02 0.0000e+00
        600 291.197173    0.04160     2.4958    149.750     44.706  50245.201    31.8204     8.6270     44.283    6.64351     8.5942    24.6866   11.97979 3.6385e-02 0.0000e+00
        601 291.197176    0.04167     2.5000    150.000     44.843  50256.425    31.8260     8.6120     44.420    6.64550     8.5824    24.6932   11.98302 3.6386e-02 0.0000e+00
        602 291.197179    0.04174     2.5042    150.250     44.970  50266.490    31.8310     8.5988     44.545    6.64726     8.5718    24.6991   11.98587 3.6388e-02 0.0000e+00
        603 291.197182    0.04181     2.5083    150.500     45.094  50276.039    31.8359     8.5870     44.668    6.64881     8.5620    24.7047   11.98837 3.6391e-02 0.0000e+00
        604 291.197185    0.04188     2.5125    150.750     45.222  50285.234    31.8407     8.5764     44.795    6.65018     8.5527    24.7100   11.99058 3.6391e-02 0.0000e+00
        605 291.197187    0.04194     2.5167    151.000     45.360  50294.497    31.8456     8.5666     44.931    6.65143     8.5438    24.7154   11.99257 3.6389e-02 0.0000e+00
        606 291.197190    0.04201     2.5208    151.250     45.511  50304.505    31.8512     8.5573     45.081    6.65257     8.5356    24.7211   11.99440 3.6388e-02 0.0000e+00
        607 291.197193    0.04208     2.5250    151.500     45.676  50315.639    31.8576     8.5484     45.244    6.65363     8.5286    24.7274   11.99607 3.6389e-02 0.0000e+00
        608 291.197196    0.04215     2.5292    151.750     45.854  50327.529    31.8646     8.5402     45.420    6.65454     8.5231    24.7342   11.99749 3.6390e-02 0.0000e+00
        609 291.197199    0.04222     2.5333    152.000     46.043  50339.321    31.8718     8.5332     45.607    6.65527     8.5189    24.7408   11.99861 3.6393e-02 0.0000e+00
        610 291.197202    0.04229     2.5375    152.250     46.239  50350.337    31.8786     8.5277     45.802    6.65580     8.5162    24.7470   11.99942 3.6396e-02 0.0000e+00
        611 291.197205    0.04236     2.5417    152.500     46.442  50360.918    31.8853     8.5235     46.003    6.65613     8.5153    24.7529   11.99988 3.6398e-02 0.0000e+00
        612 291.197208    0.04243     2.5458    152.750     46.650  50372.327    31.8928     8.5209     46.208    6.65620     8.5164    24.7592   11.99990 3.6400e-02 0.0000e+00
        613 291.197211    0.04250     2.5500    153.000     46.862  50386.482    31.9025     8.5199     46.419    6.65592     8.5205    24.7669   11.99932 3.6405e-02 0.0000e+00
        614 291.197214    0.04257     2.5542    153.250     47.080  50405.991    31.9163     8.5211     46.635    6.65516     8.5290    24.7775   11.99788 3.6413e-02 0.0000e+00
        615 291.197216    0.04264     2.5583    153.500     47.306  50433.762    31.9364     8.5252     46.859    6.65368     8.5433    24.7926   11.99520 3.6423e-02 0.0000e+00
        616 291.197219    0.04271     2.5625    153.750     47.541  50467.806    31.9615     8.5337     47.091    6.65133     8.5630    24.8110   11.99101 3.6434e-02 0.0000e+00
        617 291.197222    0.04278     2.5667    154.000     47.782  50496.722    31.9838     8.5480     47.329    6.64823     8.5847    24.8264   11.98561 3.6450e-02 0.0000e+00
        618 291.197225    0.04285     2.5708    154.250     48.024  50509.767    31.9959     8.5678     47.569    6.64478     8.6044    24.8329   11.97974 3.6459e-02 0.0000e+00
        619 291.197228    0.04292     2.5750    154.500     48.260  50506.631    31.9969     8.5896     47.803    6.64149     8.6190    24.8304   11.97429 3.6447e-02 0.0000e+00
        620 291.197231    0.04299     2.5792    154.750     48.482  50493.171    31.9903     8.6092     48.023    6.63884     8.6276    24.8223   11.97000 3.6429e-02 0.0000e+00
        621 291.197234    0.04306     2.5833    155.000     48.681  50475.802    31.9802     8.6239     48.220    6.63710     8.6306    24.8123   11.96723 3.6416e-02 0.0000e+00
        622 291.197237    0.04312     2.5875    155.250     48.851  50460.490    31.9707     8.6324     48.389    6.63623     8.6299    24.8035   11.96592 3.6406e-02 0.0000e+00
        623 291.197240    0.04319     2.5917    155.500     48.991  50451.026    31.9644     8.6355     48.527    6.63605     8.6272    24.7981   11.96569 3.6399e-02 0.0000e+00
        624 291.197242    0.04326     2.5958    155.750     49.103  50446.746    31.9613     8.6348     48.638    6.63629     8.6236    24.7958   11.96613 3.6395e-02 0.0000e+00
        625 291.197245    0.04333     2.6000    156.000     49.194  50445.064    31.9597     8.6321     48.728    6.63675     8.6195    24.7949   11.96692 3.6395e-02 0.0000e+00
        626 291.197248    0.04340     2.6042    156.250     49.273  50444.305    31.9586     8.6285     48.806    6.63734     8.6149    24.7946   11.96789 3.6399e-02 0.0000e+00
        627 291.197251    0.04347     2.6083    156.500     49.354  50442.998    31.9570     8.6244     48.886    6.63801     8.6091    24.7940   11.96903 3.6407e-02 0.0000e+00
        628 291.197254    0.04354     2.6125    156.750     49.450  50439.680    31.9539     8.6198     48.981    6.63884     8.6016    24.7922   11.97042 3.6419e-02 0.0000e+00
        629 291.197257    0.04361     2.6167    157.000     49.572  50434.060    31.9490     8.6141     49.102    6.63990     8.5917    24.7893   11.97223 3.6427e-02 0.0000e+00
        630 291.197260    0.04368     2.6208    157.250     49.728  50426.639    31.9426     8.6066     49.257    6.64129     8.5790    24.7854   11.97462 3.6431e-02 0.0000e+00
        631 291.197263    0.04375     2.6250    157.500     49.922  50417.980    31.9349     8.5967     49.449    6.64309     8.5630    24.7809   11.97770 3.6438e-02 0.0000e+00
        632 291.197266    0.04382     2.6292    157.750     50.155  50407.911    31.9258     8.5840     49.680    6.64537     8.5427    24.7756   11.98159 3.6451e-02 0.0000e+00
