CTD-processing/allCTD/CNV--turbid/2014_04-07_t7_s19_cast284.cnv
* Sea-Bird SBE19plus Data File:
* FileName = C:\Users\kris.holderied\Documents\kasitsna\Research-Projects-and-Data\Oceanography-AK\CTD-CookInlet-GulfWatchAK\2014-04-EVOSTC-CookInlet-Ocean\2014-04-07-CookInlet-Tran7-Augustine\2014-04-07-CookInlet-Tran7-cast284.hex
* Software Version 1.59
* Temperature SN =  5028
* Conductivity SN =  5028
* System UpLoad Time = Apr 09 2014 12:06:55
** Cook Inlet LTM Transect 7 (Augustine) west to east
** Date: 7 Apr 2014
** Station: 7-19
** Start time: 08:41
** Depth (m): 79
** Comment:  CTD instrument time is AK Daylight time
** Comment:
# nquan = 16
# nvalues = 639                         
# units = specified
# name 0 = scan: Scan Count
# name 1 = timeJ: Julian Days
# name 2 = timeH: Time, Elapsed [hours]
# name 3 = timeM: Time, Elapsed [minutes]
# name 4 = timeS: Time, Elapsed [seconds]
# name 5 = prdM: Pressure, Strain Gauge [db]
# name 6 = specc: Specific Conductance [uS/cm]
# name 7 = sal00: Salinity, Practical [PSU]
# name 8 = tv290C: Temperature [ITS-90, deg C]
# name 9 = depSM: Depth [salt water, m], lat = 59.00
# name 10 = oxsolML/L: Oxygen Saturation, Garcia & Gordon [ml/l]
# name 11 = potemp090C: Potential Temperature [ITS-90, deg C]
# name 12 = sigma-é00: Density [sigma-theta, kg/m^3]
# name 13 = n2satML/L: Nitrogen Saturation [ml/l]
# name 14 = par: PAR/Irradiance, Biospherical/Licor
# name 15 = flag:  0.000e+00
# span 0 =          1,        639       
# span 1 =  97.361505,  97.363351       
# span 2 =    0.00000,    0.04431       
# span 3 =     0.0000,     2.6583       
# span 4 =      0.000,    159.500       
# span 5 =     -0.244,     70.830       
# span 6 =    515.125,  51573.221       
# span 7 =     0.2374,    32.0205       
# span 8 =     3.1620,     4.7945       
# span 9 =     -0.241,     70.156       
# span 10 =    7.25191,    9.36151      
# span 11 =     3.1620,     4.7922      
# span 12 =     0.1618,    25.3368      
# span 13 =   12.98270,   16.96491      
# span 14 = 7.3690e-02, 2.3928e+02      
# span 15 = 0.0000e+00, 0.0000e+00      
# interval = seconds: 0.25
# start_time = Apr 07 2014 08:40:34 [Instrument's time stamp, header]
# bad_flag = -9.990e-29
*END*
[from data line 181]
        182  97.362028    0.01257     0.7542     45.250      1.058  51449.915    31.9332     4.6258      1.048    7.28507     4.6474    25.2844   13.03857 8.1822e+01 0.0000e+00
        183  97.362031    0.01264     0.7583     45.500      1.054  51462.534    31.9438     4.6342      1.044    7.28309     4.6628    25.2919   13.03516 8.2348e+01 0.0000e+00
        184  97.362034    0.01271     0.7625     45.750      1.066  51462.954    31.9471     4.6475      1.056    7.28058     4.6773    25.2931   13.03098 8.2392e+01 0.0000e+00
        185  97.362037    0.01278     0.7667     46.000      1.091  51451.286    31.9425     4.6628      1.081    7.27812     4.6891    25.2879   13.02697 8.0191e+01 0.0000e+00
        186  97.362040    0.01285     0.7708     46.250      1.125  51428.691    31.9303     4.6774      1.115    7.27617     4.6969    25.2767   13.02392 7.6170e+01 0.0000e+00
        187  97.362043    0.01292     0.7750     46.500      1.162  51396.423    31.9108     4.6892      1.151    7.27506     4.7000    25.2600   13.02233 7.2325e+01 0.0000e+00
        188  97.362046    0.01299     0.7792     46.750      1.194  51356.419    31.8851     4.6970      1.183    7.27495     4.6977    25.2388   13.02248 7.0534e+01 0.0000e+00
        189  97.362049    0.01306     0.7833     47.000      1.215  51315.671    31.8578     4.7001      1.204    7.27574     4.6893    25.2168   13.02414 7.0854e+01 0.0000e+00
        190  97.362052    0.01313     0.7875     47.250      1.224  51285.928    31.8368     4.6977      1.212    7.27717     4.6759    25.2005   13.02677 7.0440e+01 0.0000e+00
        191  97.362054    0.01319     0.7917     47.500      1.219  51276.734    31.8286     4.6894      1.207    7.27903     4.6605    25.1948   13.02994 6.8237e+01 0.0000e+00
        192  97.362057    0.01326     0.7958     47.750      1.205  51289.718    31.8345     4.6759      1.193    7.28110     4.6471    25.2009   13.03329 6.7512e+01 0.0000e+00
        193  97.362060    0.01333     0.8000     48.000      1.186  51319.353    31.8514     4.6606      1.174    7.28297     4.6382    25.2159   13.03616 6.9609e+01 0.0000e+00
        194  97.362063    0.01340     0.8042     48.250      1.165  51356.750    31.8741     4.6472      1.154    7.28422     4.6347    25.2353   13.03792 7.2034e+01 0.0000e+00
        195  97.362066    0.01347     0.8083     48.500      1.147  51391.601    31.8960     4.6383      1.136    7.28470     4.6364    25.2536   13.03843 7.3707e+01 0.0000e+00
        196  97.362069    0.01354     0.8125     48.750      1.133  51415.545    31.9116     4.6348      1.123    7.28455     4.6425    25.2664   13.03798 7.5591e+01 0.0000e+00
        197  97.362072    0.01361     0.8167     49.000      1.123  51425.680    31.9190     4.6365      1.112    7.28389     4.6512    25.2720   13.03680 7.6730e+01 0.0000e+00
        198  97.362075    0.01368     0.8208     49.250      1.115  51424.232    31.9194     4.6426      1.104    7.28280     4.6607    25.2717   13.03500 7.5904e+01 0.0000e+00
        199  97.362078    0.01375     0.8250     49.500      1.108  51416.412    31.9160     4.6513      1.098    7.28144     4.6702    25.2681   13.03280 7.4292e+01 0.0000e+00
        200  97.362080    0.01382     0.8292     49.750      1.103  51407.582    31.9121     4.6608      1.093    7.27997     4.6794    25.2640   13.03041 7.4496e+01 0.0000e+00
        201  97.362083    0.01389     0.8333     50.000      1.100  51401.199    31.9098     4.6702      1.090    7.27842     4.6883    25.2613   13.02789 7.7979e+01 0.0000e+00
        202  97.362086    0.01396     0.8375     50.250      1.102  51398.207    31.9098     4.6795      1.092    7.27679     4.6966    25.2603   13.02521 8.3227e+01 0.0000e+00
        203  97.362089    0.01403     0.8417     50.500      1.109  51397.026    31.9110     4.6884      1.099    7.27517     4.7037    25.2603   13.02252 8.6194e+01 0.0000e+00
        204  97.362092    0.01410     0.8458     50.750      1.121  51394.888    31.9114     4.6967      1.111    7.27371     4.7095    25.2598   13.02010 8.4822e+01 0.0000e+00
        205  97.362095    0.01417     0.8500     51.000      1.138  51389.651    31.9094     4.7038      1.128    7.27256     4.7136    25.2574   13.01822 8.1964e+01 0.0000e+00
        206  97.362098    0.01424     0.8542     51.250      1.158  51380.123    31.9042     4.7096      1.148    7.27181     4.7159    25.2526   13.01705 8.0653e+01 0.0000e+00
        207  97.362101    0.01431     0.8583     51.500      1.177  51365.497    31.8950     4.7137      1.167    7.27154     4.7162    25.2450   13.01672 8.0114e+01 0.0000e+00
        208  97.362104    0.01438     0.8625     51.750      1.193  51345.319    31.8817     4.7159      1.182    7.27179     4.7147    25.2342   13.01731 7.9087e+01 0.0000e+00
        209  97.362106    0.01444     0.8667     52.000      1.202  51321.431    31.8654     4.7163      1.191    7.27253     4.7114    25.2212   13.01875 7.8630e+01 0.0000e+00
        210  97.362109    0.01451     0.8708     52.250      1.204  51298.528    31.8493     4.7147      1.192    7.27358     4.7056    25.2086   13.02069 7.9253e+01 0.0000e+00
        211  97.362112    0.01458     0.8750     52.500      1.198  51281.110    31.8366     4.7114      1.187    7.27479     4.6969    25.1989   13.02284 8.0140e+01 0.0000e+00
        212  97.362115    0.01465     0.8792     52.750      1.186  51273.178    31.8299     4.7057      1.175    7.27611     4.6865    25.1941   13.02512 7.9642e+01 0.0000e+00
        213  97.362118    0.01472     0.8833     53.000      1.170  51278.477    31.8316     4.6970      1.159    7.27755     4.6772    25.1964   13.02747 7.6698e+01 0.0000e+00
        214  97.362121    0.01479     0.8875     53.250      1.153  51296.827    31.8418     4.6866      1.142    7.27887     4.6711    25.2056   13.02951 7.3428e+01 0.0000e+00
        215  97.362124    0.01486     0.8917     53.500      1.139  51323.434    31.8580     4.6773      1.128    7.27972     4.6691    25.2194   13.03070 7.2582e+01 0.0000e+00
        216  97.362127    0.01493     0.8958     53.750      1.128  51351.874    31.8762     4.6712      1.118    7.27989     4.6707    25.2345   13.03075 7.4307e+01 0.0000e+00
        217  97.362130    0.01500     0.9000     54.000      1.123  51376.297    31.8925     4.6691      1.113    7.27946     4.6752    25.2476   13.02983 7.7508e+01 0.0000e+00
        218  97.362133    0.01507     0.9042     54.250      1.124  51393.494    31.9046     4.6707      1.113    7.27859     4.6820    25.2571   13.02824 8.0075e+01 0.0000e+00
        219  97.362135    0.01514     0.9083     54.500      1.129  51403.567    31.9126     4.6752      1.118    7.27741     4.6898    25.2629   13.02618 7.9982e+01 0.0000e+00
        220  97.362138    0.01521     0.9125     54.750      1.138  51407.982    31.9171     4.6820      1.128    7.27600     4.6976    25.2658   13.02380 7.8080e+01 0.0000e+00
        221  97.362141    0.01528     0.9167     55.000      1.152  51407.587    31.9186     4.6899      1.141    7.27455     4.7041    25.2662   13.02139 7.5676e+01 0.0000e+00
        222  97.362144    0.01535     0.9208     55.250      1.168  51401.934    31.9165     4.6976      1.157    7.27331     4.7087    25.2636   13.01936 7.3195e+01 0.0000e+00
        223  97.362147    0.01542     0.9250     55.500      1.184  51389.797    31.9096     4.7042      1.172    7.27250     4.7110    25.2575   13.01811 7.2397e+01 0.0000e+00
        224  97.362150    0.01549     0.9292     55.750      1.197  51369.893    31.8970     4.7088      1.186    7.27230     4.7104    25.2470   13.01794 7.4392e+01 0.0000e+00
        225  97.362153    0.01556     0.9333     56.000      1.205  51343.134    31.8791     4.7111      1.194    7.27278     4.7064    25.2326   13.01897 7.7242e+01 0.0000e+00
        226  97.362156    0.01563     0.9375     56.250      1.206  51315.061    31.8597     4.7105      1.194    7.27384     4.6981    25.2173   13.02096 7.9037e+01 0.0000e+00
        227  97.362159    0.01569     0.9417     56.500      1.198  51294.187    31.8445     4.7065      1.187    7.27528     4.6858    25.2056   13.02354 8.0189e+01 0.0000e+00
        228  97.362161    0.01576     0.9458     56.750      1.183  51288.765    31.8389     4.6982      1.172    7.27699     4.6719    25.2021   13.02644 8.1339e+01 0.0000e+00
        229  97.362164    0.01583     0.9500     57.000      1.163  51302.859    31.8458     4.6859      1.153    7.27880     4.6601    25.2089   13.02935 8.2276e+01 0.0000e+00
        230  97.362167    0.01590     0.9542     57.250      1.143  51333.978    31.8641     4.6720      1.133    7.28035     4.6536    25.2248   13.03167 8.2468e+01 0.0000e+00
        231  97.362170    0.01597     0.9583     57.500      1.129  51374.498    31.8892     4.6602      1.119    7.28118     4.6536    25.2460   13.03271 8.1722e+01 0.0000e+00
        232  97.362173    0.01604     0.9625     57.750      1.126  51413.576    31.9146     4.6537      1.115    7.28109     4.6597    25.2667   13.03224 8.0803e+01 0.0000e+00
        233  97.362176    0.01611     0.9667     58.000      1.137  51442.062    31.9341     4.6537      1.126    7.28014     4.6699    25.2822   13.03041 8.0375e+01 0.0000e+00
        234  97.362179    0.01618     0.9708     58.250      1.162  51455.534    31.9447     4.6598      1.151    7.27854     4.6809    25.2900   13.02763 7.9989e+01 0.0000e+00
        235  97.362182    0.01625     0.9750     58.500      1.196  51451.846    31.9445     4.6700      1.185    7.27676     4.6895    25.2888   13.02471 7.9135e+01 0.0000e+00
        236  97.362185    0.01632     0.9792     58.750      1.231  51431.025    31.9327     4.6810      1.220    7.27542     4.6934    25.2782   13.02264 7.8116e+01 0.0000e+00
        237  97.362188    0.01639     0.9833     59.000      1.256  51396.468    31.9109     4.6896      1.245    7.27498     4.6908    25.2600   13.02219 7.7057e+01 0.0000e+00
        238  97.362190    0.01646     0.9875     59.250      1.264  51358.143    31.8854     4.6935      1.252    7.27554     4.6810    25.2394   13.02345 7.6021e+01 0.0000e+00
        239  97.362193    0.01653     0.9917     59.500      1.249  51333.199    31.8677     4.6909      1.238    7.27687     4.6661    25.2257   13.02587 7.6083e+01 0.0000e+00
        240  97.362196    0.01660     0.9958     59.750      1.214  51333.856    31.8660     4.6811      1.202    7.27867     4.6506    25.2253   13.02886 7.7736e+01 0.0000e+00
        241  97.362199    0.01667     1.0000     60.000      1.162  51358.368    31.8795     4.6662      1.151    7.28062     4.6390    25.2376   13.03190 7.9273e+01 0.0000e+00
        242  97.362202    0.01674     1.0042     60.250      1.105  51397.291    31.9027     4.6507      1.094    7.28220     4.6345    25.2576   13.03422 8.0397e+01 0.0000e+00
        243  97.362205    0.01681     1.0083     60.500      1.054  51439.000    31.9288     4.6391      1.044    7.28296     4.6382    25.2795   13.03513 8.3120e+01 0.0000e+00
        244  97.362208    0.01688     1.0125     60.750      1.021  51472.523    31.9508     4.6346      1.012    7.28269     4.6492    25.2974   13.03440 8.7529e+01 0.0000e+00
        245  97.362211    0.01694     1.0167     61.000      1.014  51493.695    31.9661     4.6383      1.005    7.28129     4.6646    25.3092   13.03189 9.1302e+01 0.0000e+00
        246  97.362214    0.01701     1.0208     61.250      1.033  51502.426    31.9746     4.6493      1.024    7.27893     4.6805    25.3148   13.02789 9.2043e+01 0.0000e+00
        247  97.362216    0.01708     1.0250     61.500      1.076  51498.059    31.9750     4.6647      1.066    7.27622     4.6944    25.3135   13.02341 8.8985e+01 0.0000e+00
        248  97.362219    0.01715     1.0292     61.750      1.134  51482.498    31.9679     4.6806      1.123    7.27377     4.7048    25.3062   13.01947 8.3148e+01 0.0000e+00
        249  97.362222    0.01722     1.0333     62.000      1.198  51459.454    31.9552     4.6945      1.186    7.27196     4.7108    25.2947   13.01664 7.6748e+01 0.0000e+00
        250  97.362225    0.01729     1.0375     62.250      1.256  51430.706    31.9378     4.7049      1.244    7.27100     4.7120    25.2798   13.01528 7.1599e+01 0.0000e+00
        251  97.362228    0.01736     1.0417     62.500      1.297  51397.680    31.9165     4.7109      1.285    7.27098     4.7076    25.2622   13.01552 6.8843e+01 0.0000e+00
        252  97.362231    0.01743     1.0458     62.750      1.315  51367.849    31.8962     4.7121      1.303    7.27176     4.6978    25.2461   13.01707 6.9326e+01 0.0000e+00
        253  97.362234    0.01750     1.0500     63.000      1.305  51354.155    31.8858     4.7077      1.293    7.27303     4.6850    25.2383   13.01930 7.2669e+01 0.0000e+00
        254  97.362237    0.01757     1.0542     63.250      1.269  51362.560    31.8894     4.6979      1.258    7.27458     4.6732    25.2422   13.02181 7.7784e+01 0.0000e+00
        255  97.362240    0.01764     1.0583     63.500      1.215  51386.265    31.9029     4.6851      1.204    7.27616     4.6652    25.2542   13.02425 8.3694e+01 0.0000e+00
        256  97.362242    0.01771     1.0625     63.750      1.152  51414.742    31.9198     4.6733      1.141    7.27740     4.6619    25.2688   13.02608 9.0371e+01 0.0000e+00
        257  97.362245    0.01778     1.0667     64.000      1.091  51441.130    31.9361     4.6653      1.081    7.27801     4.6634    25.2826   13.02686 9.6607e+01 0.0000e+00
        258  97.362248    0.01785     1.0708     64.250      1.043  51461.593    31.9494     4.6620      1.034    7.27794     4.6698    25.2936   13.02658 9.8268e+01 0.0000e+00
        259  97.362251    0.01792     1.0750     64.500      1.017  51475.719    31.9595     4.6635      1.008    7.27719     4.6803    25.3014   13.02520 9.4544e+01 0.0000e+00
        260  97.362254    0.01799     1.0792     64.750      1.018  51484.859    31.9672     4.6699      1.008    7.27568     4.6927    25.3068   13.02262 8.8719e+01 0.0000e+00
        261  97.362257    0.01806     1.0833     65.000      1.045  51487.676    31.9715     4.6804      1.035    7.27364     4.7049    25.3091   13.01919 8.2657e+01 0.0000e+00
        262  97.362260    0.01812     1.0875     65.250      1.094  51482.713    31.9708     4.6927      1.084    7.27151     4.7156    25.3073   13.01569 7.8083e+01 0.0000e+00
        263  97.362263    0.01819     1.0917     65.500      1.157  51471.545    31.9659     4.7049      1.145    7.26961     4.7244    25.3021   13.01263 7.6229e+01 0.0000e+00
        264  97.362266    0.01826     1.0958     65.750      1.219  51456.688    31.9581     4.7157      1.207    7.26811     4.7310    25.2947   13.01025 7.5684e+01 0.0000e+00
        265  97.362269    0.01833     1.1000     66.000      1.269  51440.722    31.9491     4.7244      1.256    7.26703     4.7358    25.2867   13.00858 7.4791e+01 0.0000e+00
        266  97.362271    0.01840     1.1042     66.250      1.295  51431.186    31.9440     4.7310      1.283    7.26612     4.7396    25.2820   13.00715 7.3636e+01 0.0000e+00
        267  97.362274    0.01847     1.1083     66.500      1.293  51434.477    31.9474     4.7359      1.281    7.26511     4.7429    25.2841   13.00543 7.3926e+01 0.0000e+00
        268  97.362277    0.01854     1.1125     66.750      1.263  51443.642    31.9545     4.7397      1.251    7.26410     4.7459    25.2894   13.00367 7.7726e+01 0.0000e+00
        269  97.362280    0.01861     1.1167     67.000      1.211  51449.586    31.9594     4.7430      1.199    7.26328     4.7481    25.2929   13.00225 8.5029e+01 0.0000e+00
        270  97.362283    0.01868     1.1208     67.250      1.147  51451.723    31.9615     4.7460      1.137    7.26266     4.7496    25.2943   13.00121 9.2476e+01 0.0000e+00
        271  97.362286    0.01875     1.1250     67.500      1.086  51452.081    31.9623     4.7482      1.076    7.26224     4.7505    25.2946   13.00050 9.7188e+01 0.0000e+00
