CTD-processing/allCTD/CNV--turbid/2014_01-09_t9_s08_cast142.cnv
* Sea-Bird SBE19plus Data File:
* FileName = C:\Users\kris.holderied\Documents\kasitsna\Research-Projects-and-Data\Oceanography-AK\CTD-CookInlet-GulfWatchAK\2014-01-09-CookInlet-HomerSpit-Monthly\2014_01_09_CookInlet_Tran9_cast142.hex
* Software Version 1.59
* Temperature SN =  4141
* Conductivity SN =  4141
* System UpLoad Time = Apr 14 2014 19:18:40
** Cook Inlet LTM Transect 9 (Homer Spit) Monthly
** Date: 2014-01-09
** Station: 9-08
** Start time: 14:20
** Depth (m): 91.4
** Comment:  CTD time is AKDT (one hour ahead of local).
** Comment:
# nquan = 16
# nvalues = 620                         
# units = specified
# name 0 = scan: Scan Count
# name 1 = timeJ: Julian Days
# name 2 = timeH: Time, Elapsed [hours]
# name 3 = timeM: Time, Elapsed [minutes]
# name 4 = timeS: Time, Elapsed [seconds]
# name 5 = prdM: Pressure, Strain Gauge [db]
# name 6 = specc: Specific Conductance [uS/cm]
# name 7 = sal00: Salinity, Practical [PSU]
# name 8 = tv290C: Temperature [ITS-90, deg C]
# name 9 = depSM: Depth [salt water, m], lat = 59.00
# name 10 = oxsolML/L: Oxygen Saturation, Garcia & Gordon [ml/l]
# name 11 = potemp090C: Potential Temperature [ITS-90, deg C]
# name 12 = sigma-é00: Density [sigma-theta, kg/m^3]
# name 13 = n2satML/L: Nitrogen Saturation [ml/l]
# name 14 = par: PAR/Irradiance, Biospherical/Licor
# name 15 = flag:  0.000e+00
# span 0 =          1,        620       
# span 1 =   9.639317,   9.641108       
# span 2 =    0.00000,    0.04299       
# span 3 =     0.0000,     2.5792       
# span 4 =      0.000,    154.750       
# span 5 =     -0.277,     83.587       
# span 6 =   1784.703,  51013.048       
# span 7 =     0.8693,    31.5527       
# span 8 =     3.5728,     4.6818       
# span 9 =     -0.275,     82.789       
# span 10 =    7.29444,    9.16327      
# span 11 =     3.5727,     4.6798      
# span 12 =     0.6748,    25.0009      
# span 13 =   13.05912,   16.62198      
# span 14 = 4.3324e-02, 3.7201e+00      
# span 15 = 0.0000e+00, 0.0000e+00      
# interval = seconds: 0.25
# start_time = Jan 09 2014 15:20:37 [Instrument's time stamp, header]
# bad_flag = -9.990e-29
*END*
[from data line 452]
        453   9.640625    0.03139     1.8833    113.000     51.233  50915.369    31.5306     4.5757     50.748    7.31362     4.5705    24.9706   13.09090 6.3081e-02 0.0000e+00
        454   9.640628    0.03146     1.8875    113.250     51.553  50915.294    31.5302     4.5749     51.065    7.31378     4.5692    24.9704   13.09119 6.3033e-02 0.0000e+00
        455   9.640631    0.03153     1.8917    113.500     51.872  50914.647    31.5294     4.5740     51.381    7.31399     4.5677    24.9698   13.09154 6.2975e-02 0.0000e+00
        456   9.640634    0.03160     1.8958    113.750     52.190  50914.003    31.5285     4.5728     51.695    7.31425     4.5660    24.9693   13.09197 6.2929e-02 0.0000e+00
        457   9.640637    0.03167     1.9000    114.000     52.508  50914.214    31.5282     4.5713     52.010    7.31453     4.5644    24.9692   13.09244 6.2854e-02 0.0000e+00
        458   9.640639    0.03174     1.9042    114.250     52.826  50915.196    31.5283     4.5696     52.325    7.31481     4.5630    24.9694   13.09291 6.2697e-02 0.0000e+00
        459   9.640642    0.03181     1.9083    114.500     53.143  50916.244    31.5285     4.5681     52.639    7.31508     4.5616    24.9698   13.09334 6.2483e-02 0.0000e+00
        460   9.640645    0.03188     1.9125    114.750     53.459  50917.067    31.5286     4.5666     52.952    7.31533     4.5602    24.9700   13.09375 6.2292e-02 0.0000e+00
        461   9.640648    0.03194     1.9167    115.000     53.774  50917.501    31.5284     4.5653     53.264    7.31558     4.5586    24.9700   13.09416 6.2182e-02 0.0000e+00
        462   9.640651    0.03201     1.9208    115.250     54.091  50917.326    31.5278     4.5639     53.578    7.31585     4.5565    24.9697   13.09462 6.2125e-02 0.0000e+00
        463   9.640654    0.03208     1.9250    115.500     54.410  50916.395    31.5267     4.5623     53.894    7.31619     4.5537    24.9689   13.09520 6.2072e-02 0.0000e+00
        464   9.640657    0.03215     1.9292    115.750     54.730  50914.547    31.5248     4.5602     54.211    7.31664     4.5498    24.9676   13.09597 6.2003e-02 0.0000e+00
        465   9.640660    0.03222     1.9333    116.000     55.050  50912.281    31.5224     4.5574     54.528    7.31726     4.5449    24.9661   13.09702 6.1918e-02 0.0000e+00
        466   9.640663    0.03229     1.9375    116.250     55.371  50910.792    31.5204     4.5535     54.846    7.31805     4.5396    24.9649   13.09835 6.1802e-02 0.0000e+00
        467   9.640666    0.03236     1.9417    116.500     55.693  50911.564    31.5197     4.5487     55.164    7.31894     4.5346    24.9648   13.09983 6.1647e-02 0.0000e+00
        468   9.640668    0.03243     1.9458    116.750     56.015  50915.551    31.5210     4.5434     55.484    7.31981     4.5308    24.9664   13.10125 6.1486e-02 0.0000e+00
        469   9.640671    0.03250     1.9500    117.000     56.338  50921.815    31.5241     4.5385     55.804    7.32053     4.5282    24.9693   13.10241 6.1362e-02 0.0000e+00
        470   9.640674    0.03257     1.9542    117.250     56.663  50928.452    31.5276     4.5346     56.125    7.32104     4.5268    24.9725   13.10320 6.1296e-02 0.0000e+00
        471   9.640677    0.03264     1.9583    117.500     56.987  50933.879    31.5305     4.5321     56.447    7.32133     4.5260    24.9751   13.10365 6.1235e-02 0.0000e+00
        472   9.640680    0.03271     1.9625    117.750     57.312  50936.896    31.5321     4.5307     56.768    7.32150     4.5251    24.9765   13.10390 6.1116e-02 0.0000e+00
        473   9.640683    0.03278     1.9667    118.000     57.639  50937.102    31.5319     4.5299     57.092    7.32165     4.5234    24.9764   13.10414 6.0964e-02 0.0000e+00
        474   9.640686    0.03285     1.9708    118.250     57.967  50935.643    31.5305     4.5290     57.417    7.32188     4.5210    24.9754   13.10455 6.0807e-02 0.0000e+00
        475   9.640689    0.03292     1.9750    118.500     58.296  50934.543    31.5293     4.5273     57.743    7.32223     4.5184    24.9745   13.10515 6.0634e-02 0.0000e+00
        476   9.640692    0.03299     1.9792    118.750     58.625  50934.873    31.5288     4.5250     58.069    7.32267     4.5158    24.9744   13.10588 6.0454e-02 0.0000e+00
        477   9.640694    0.03306     1.9833    119.000     58.953  50936.422    31.5291     4.5224     58.393    7.32312     4.5135    24.9749   13.10662 6.0286e-02 0.0000e+00
        478   9.640697    0.03313     1.9875    119.250     59.279  50938.560    31.5298     4.5198     58.717    7.32354     4.5116    24.9758   13.10731 6.0143e-02 0.0000e+00
        479   9.640700    0.03319     1.9917    119.500     59.605  50940.672    31.5306     4.5175     59.039    7.32391     4.5100    24.9766   13.10790 6.0046e-02 0.0000e+00
        480   9.640703    0.03326     1.9958    119.750     59.930  50942.328    31.5311     4.5156     59.361    7.32421     4.5086    24.9772   13.10840 5.9975e-02 0.0000e+00
        481   9.640706    0.03333     2.0000    120.000     60.255  50943.504    31.5314     4.5141     59.683    7.32448     4.5074    24.9776   13.10883 5.9919e-02 0.0000e+00
        482   9.640709    0.03340     2.0042    120.250     60.581  50944.548    31.5317     4.5127     60.005    7.32471     4.5063    24.9780   13.10921 5.9869e-02 0.0000e+00
        483   9.640712    0.03347     2.0083    120.500     60.906  50945.674    31.5320     4.5115     60.327    7.32491     4.5054    24.9784   13.10953 5.9805e-02 0.0000e+00
        484   9.640715    0.03354     2.0125    120.750     61.230  50946.737    31.5323     4.5104     60.648    7.32507     4.5047    24.9788   13.10980 5.9747e-02 0.0000e+00
        485   9.640718    0.03361     2.0167    121.000     61.552  50947.607    31.5326     4.5096     60.967    7.32521     4.5041    24.9790   13.11002 5.9699e-02 0.0000e+00
        486   9.640720    0.03368     2.0208    121.250     61.874  50948.182    31.5327     4.5089     61.286    7.32533     4.5034    24.9791   13.11022 5.9640e-02 0.0000e+00
        487   9.640723    0.03375     2.0250    121.500     62.197  50948.188    31.5324     4.5083     61.606    7.32545     4.5025    24.9790   13.11043 5.9543e-02 0.0000e+00
        488   9.640726    0.03382     2.0292    121.750     62.519  50947.744    31.5317     4.5076     61.925    7.32560     4.5015    24.9785   13.11068 5.9385e-02 0.0000e+00
        489   9.640729    0.03389     2.0333    122.000     62.843  50947.410    31.5312     4.5068     62.246    7.32578     4.5002    24.9782   13.11098 5.9179e-02 0.0000e+00
        490   9.640732    0.03396     2.0375    122.250     63.167  50947.428    31.5308     4.5057     62.567    7.32598     4.4989    24.9780   13.11132 5.8978e-02 0.0000e+00
        491   9.640735    0.03403     2.0417    122.500     63.492  50947.894    31.5306     4.5045     62.889    7.32620     4.4977    24.9780   13.11168 5.8832e-02 0.0000e+00
        492   9.640738    0.03410     2.0458    122.750     63.818  50948.923    31.5309     4.5032     63.211    7.32641     4.4967    24.9784   13.11203 5.8727e-02 0.0000e+00
        493   9.640741    0.03417     2.0500    123.000     64.143  50950.400    31.5315     4.5020     63.533    7.32660     4.4959    24.9789   13.11233 5.8640e-02 0.0000e+00
        494   9.640744    0.03424     2.0542    123.250     64.467  50951.943    31.5321     4.5010     63.855    7.32675     4.4953    24.9796   13.11256 5.8571e-02 0.0000e+00
        495   9.640747    0.03431     2.0583    123.500     64.792  50953.208    31.5327     4.5002     64.177    7.32686     4.4947    24.9801   13.11274 5.8494e-02 0.0000e+00
        496   9.640749    0.03438     2.0625    123.750     65.118  50954.265    31.5331     4.4996     64.499    7.32695     4.4943    24.9805   13.11288 5.8401e-02 0.0000e+00
        497   9.640752    0.03444     2.0667    124.000     65.444  50955.298    31.5335     4.4991     64.822    7.32702     4.4939    24.9809   13.11299 5.8275e-02 0.0000e+00
        498   9.640755    0.03451     2.0708    124.250     65.770  50956.301    31.5339     4.4987     65.145    7.32707     4.4937    24.9812   13.11307 5.8088e-02 0.0000e+00
        499   9.640758    0.03458     2.0750    124.500     66.096  50957.209    31.5343     4.4984     65.467    7.32711     4.4935    24.9816   13.11313 5.7884e-02 0.0000e+00
        500   9.640761    0.03465     2.0792    124.750     66.422  50958.116    31.5347     4.4982     65.790    7.32713     4.4933    24.9819   13.11317 5.7725e-02 0.0000e+00
        501   9.640764    0.03472     2.0833    125.000     66.747  50959.062    31.5352     4.4980     66.112    7.32714     4.4930    24.9823   13.11318 5.7598e-02 0.0000e+00
        502   9.640767    0.03479     2.0875    125.250     67.073  50959.878    31.5356     4.4978     66.435    7.32715     4.4926    24.9826   13.11319 5.7434e-02 0.0000e+00
        503   9.640770    0.03486     2.0917    125.500     67.397  50960.641    31.5359     4.4976     66.756    7.32718     4.4922    24.9829   13.11323 5.7254e-02 0.0000e+00
        504   9.640773    0.03493     2.0958    125.750     67.719  50961.752    31.5364     4.4972     67.074    7.32722     4.4919    24.9833   13.11328 5.7141e-02 0.0000e+00
        505   9.640775    0.03500     2.1000    126.000     68.037  50963.282    31.5372     4.4968     67.389    7.32725     4.4917    24.9840   13.11332 5.7068e-02 0.0000e+00
        506   9.640778    0.03507     2.1042    126.250     68.356  50964.892    31.5381     4.4965     67.705    7.32726     4.4917    24.9847   13.11332 5.7006e-02 0.0000e+00
        507   9.640781    0.03514     2.1083    126.500     68.679  50966.420    31.5389     4.4964     68.025    7.32724     4.4919    24.9854   13.11329 5.6966e-02 0.0000e+00
        508   9.640784    0.03521     2.1125    126.750     69.006  50967.870    31.5397     4.4964     68.349    7.32719     4.4922    24.9861   13.11321 5.6925e-02 0.0000e+00
        509   9.640787    0.03528     2.1167    127.000     69.335  50969.266    31.5406     4.4966     68.675    7.32712     4.4926    24.9867   13.11308 5.6861e-02 0.0000e+00
        510   9.640790    0.03535     2.1208    127.250     69.666  50970.594    31.5414     4.4969     69.003    7.32703     4.4932    24.9874   13.11291 5.6760e-02 0.0000e+00
        511   9.640793    0.03542     2.1250    127.500     69.999  50971.664    31.5421     4.4973     69.333    7.32691     4.4938    24.9878   13.11271 5.6628e-02 0.0000e+00
        512   9.640796    0.03549     2.1292    127.750     70.332  50972.417    31.5425     4.4979     69.662    7.32678     4.4945    24.9882   13.11249 5.6471e-02 0.0000e+00
        513   9.640799    0.03556     2.1333    128.000     70.662  50972.883    31.5428     4.4986     69.990    7.32665     4.4952    24.9883   13.11226 5.6304e-02 0.0000e+00
        514   9.640802    0.03562     2.1375    128.250     70.988  50973.142    31.5430     4.4994     70.313    7.32651     4.4959    24.9884   13.11203 5.6117e-02 0.0000e+00
        515   9.640804    0.03569     2.1417    128.500     71.309  50973.497    31.5433     4.5001     70.631    7.32637     4.4967    24.9885   13.11180 5.5904e-02 0.0000e+00
        516   9.640807    0.03576     2.1458    128.750     71.625  50974.230    31.5438     4.5008     70.944    7.32622     4.4975    24.9888   13.11154 5.5718e-02 0.0000e+00
        517   9.640810    0.03583     2.1500    129.000     71.937  50975.345    31.5446     4.5016     71.252    7.32604     4.4985    24.9894   13.11125 5.5567e-02 0.0000e+00
        518   9.640813    0.03590     2.1542    129.250     72.246  50976.538    31.5454     4.5024     71.558    7.32585     4.4995    24.9900   13.11091 5.5434e-02 0.0000e+00
        519   9.640816    0.03597     2.1583    129.500     72.555  50977.550    31.5462     4.5034     71.864    7.32564     4.5006    24.9905   13.11055 5.5305e-02 0.0000e+00
        520   9.640819    0.03604     2.1625    129.750     72.864  50978.372    31.5469     4.5045     72.170    7.32542     4.5016    24.9910   13.11018 5.5170e-02 0.0000e+00
        521   9.640822    0.03611     2.1667    130.000     73.175  50979.068    31.5474     4.5055     72.478    7.32520     4.5026    24.9913   13.10981 5.5065e-02 0.0000e+00
        522   9.640825    0.03618     2.1708    130.250     73.487  50979.565    31.5479     4.5066     72.787    7.32499     4.5035    24.9915   13.10946 5.5006e-02 0.0000e+00
        523   9.640828    0.03625     2.1750    130.500     73.800  50979.766    31.5481     4.5076     73.097    7.32481     4.5042    24.9916   13.10915 5.4952e-02 0.0000e+00
        524   9.640830    0.03632     2.1792    130.750     74.114  50979.710    31.5481     4.5085     73.408    7.32465     4.5047    24.9915   13.10889 5.4905e-02 0.0000e+00
        525   9.640833    0.03639     2.1833    131.000     74.427  50979.518    31.5480     4.5092     73.718    7.32452     4.5049    24.9913   13.10868 5.4892e-02 0.0000e+00
        526   9.640836    0.03646     2.1875    131.250     74.739  50979.260    31.5478     4.5097     74.027    7.32444     4.5047    24.9911   13.10855 5.4916e-02 0.0000e+00
        527   9.640839    0.03653     2.1917    131.500     75.049  50978.838    31.5474     4.5099     74.334    7.32442     4.5040    24.9908   13.10853 5.5033e-02 0.0000e+00
        528   9.640842    0.03660     2.1958    131.750     75.358  50978.073    31.5466     4.5098     74.640    7.32448     4.5027    24.9902   13.10864 5.5325e-02 0.0000e+00
        529   9.640845    0.03667     2.2000    132.000     75.668  50976.956    31.5455     4.5091     74.947    7.32466     4.5005    24.9895   13.10894 5.5891e-02 0.0000e+00
        530   9.640848    0.03674     2.2042    132.250     75.980  50975.710    31.5442     4.5077     75.256    7.32496     4.4975    24.9886   13.10946 5.6629e-02 0.0000e+00
        531   9.640851    0.03681     2.2083    132.500     76.294  50974.765    31.5429     4.5056     75.567    7.32541     4.4940    24.9878   13.11021 5.7205e-02 0.0000e+00
        532   9.640854    0.03687     2.2125    132.750     76.609  50974.859    31.5422     4.5026     75.879    7.32596     4.4904    24.9875   13.11115 5.7501e-02 0.0000e+00
        533   9.640856    0.03694     2.2167    133.000     76.925  50976.636    31.5425     4.4992     76.192    7.32656     4.4873    24.9880   13.11213 5.7596e-02 0.0000e+00
        534   9.640859    0.03701     2.2208    133.250     77.240  50979.911    31.5437     4.4956     76.504    7.32712     4.4847    24.9894   13.11304 5.7568e-02 0.0000e+00
        535   9.640862    0.03708     2.2250    133.500     77.552  50983.547    31.5453     4.4925     76.813    7.32760     4.4827    24.9910   13.11381 5.7487e-02 0.0000e+00
        536   9.640865    0.03715     2.2292    133.750     77.861  50986.380    31.5465     4.4900     77.119    7.32799     4.4810    24.9922   13.11443 5.7404e-02 0.0000e+00
        537   9.640868    0.03722     2.2333    134.000     78.167  50988.127    31.5471     4.4880     77.422    7.32832     4.4793    24.9929   13.11496 5.7318e-02 0.0000e+00
        538   9.640871    0.03729     2.2375    134.250     78.473  50989.170    31.5473     4.4863     77.725    7.32861     4.4776    24.9932   13.11545 5.7216e-02 0.0000e+00
        539   9.640874    0.03736     2.2417    134.500     78.781  50989.634    31.5471     4.4846     78.030    7.32891     4.4754    24.9932   13.11595 5.7102e-02 0.0000e+00
        540   9.640877    0.03743     2.2458    134.750     79.092  50989.261    31.5463     4.4829     78.338    7.32926     4.4726    24.9927   13.11654 5.6978e-02 0.0000e+00
        541   9.640880    0.03750     2.2500    135.000     79.405  50987.819    31.5447     4.4808     78.648    7.32972     4.4688    24.9917   13.11730 5.6846e-02 0.0000e+00
        542   9.640883    0.03757     2.2542    135.250     79.720  50985.489    31.5423     4.4780     78.960    7.33033     4.4641    24.9901   13.11834 5.6701e-02 0.0000e+00
