CTD-processing/allCTD/CNV--turbid/2014_04-07_t7_s01_cast266.cnv
* Sea-Bird SBE19plus Data File:
* FileName = C:\Users\kris.holderied\Documents\kasitsna\Research-Projects-and-Data\Oceanography-AK\CTD-CookInlet-GulfWatchAK\2014-04-EVOSTC-CookInlet-Ocean\2014-04-07-CookInlet-Tran7-Augustine\2014-04-07-CookInlet-Tran7-cast266.hex
* Software Version 1.59
* Temperature SN =  5028
* Conductivity SN =  5028
* System UpLoad Time = Apr 09 2014 11:54:48
** Cook Inlet LTM Transect 7 (Augustine) west to east
** Date: 7 Apr 2014
** Station: 7-01
** Start time: 03:19
** Depth (m): 27
** Comment:  CTD instrument time is AK Daylight time
** Comment:
# nquan = 16
# nvalues = 414                         
# units = specified
# name 0 = scan: Scan Count
# name 1 = timeJ: Julian Days
# name 2 = timeH: Time, Elapsed [hours]
# name 3 = timeM: Time, Elapsed [minutes]
# name 4 = timeS: Time, Elapsed [seconds]
# name 5 = prdM: Pressure, Strain Gauge [db]
# name 6 = specc: Specific Conductance [uS/cm]
# name 7 = sal00: Salinity, Practical [PSU]
# name 8 = tv290C: Temperature [ITS-90, deg C]
# name 9 = depSM: Depth [salt water, m], lat = 59.00
# name 10 = oxsolML/L: Oxygen Saturation, Garcia & Gordon [ml/l]
# name 11 = potemp090C: Potential Temperature [ITS-90, deg C]
# name 12 = sigma-é00: Density [sigma-theta, kg/m^3]
# name 13 = n2satML/L: Nitrogen Saturation [ml/l]
# name 14 = par: PAR/Irradiance, Biospherical/Licor
# name 15 = flag:  0.000e+00
# span 0 =          1,        414       
# span 1 =  97.136875,  97.138070       
# span 2 =    0.00000,    0.02868       
# span 3 =     0.0000,     1.7208       
# span 4 =      0.000,    103.250       
# span 5 =     -0.199,     27.955       
# span 6 =    561.292,  52476.478       
# span 7 =     0.2684,    32.1559       
# span 8 =     2.5208,     9.7642       
# span 9 =     -0.197,     27.692       
# span 10 =    7.47350,    8.25776      
# span 11 =     2.5208,     9.7609      
# span 12 =    -0.0653,    25.6381      
# span 13 =   13.35653,   14.90887      
# span 14 = 5.3156e-02, 9.4673e-01      
# span 15 = 0.0000e+00, 0.0000e+00      
# interval = seconds: 0.25
# start_time = Apr 07 2014 03:17:06 [Instrument's time stamp, header]
# bad_flag = -9.990e-29
*END*
[from data line 181]
        182  97.137399    0.01257     0.7542     45.250      0.813  50880.137    31.2295     3.3146      0.805    7.55807     3.1517    24.8495   13.49834 6.3427e-02 0.0000e+00
        183  97.137402    0.01264     0.7583     45.500      0.849  51161.401    31.3943     3.2130      0.840    7.56856     3.1443    24.9896   13.51348 6.4912e-02 0.0000e+00
        184  97.137405    0.01271     0.7625     45.750      0.885  51454.788    31.5773     3.1517      0.876    7.57058     3.1931    25.1408   13.51440 6.5602e-02 0.0000e+00
        185  97.137407    0.01278     0.7667     46.000      0.911  51634.571    31.6972     3.1444      0.902    7.56577     3.2796    25.2370   13.50486 6.5196e-02 0.0000e+00
        186  97.137410    0.01285     0.7708     46.250      0.917  51626.990    31.7047     3.1932      0.908    7.55623     3.3697    25.2388   13.48903 6.3781e-02 0.0000e+00
        187  97.137413    0.01292     0.7750     46.500      0.903  51464.538    31.6169     3.2796      0.894    7.54458     3.4348    25.1614   13.47097 6.1781e-02 0.0000e+00
        188  97.137416    0.01299     0.7792     46.750      0.872  51236.623    31.4855     3.3698      0.864    7.53450     3.4611    25.0489   13.45608 5.9731e-02 0.0000e+00
        189  97.137419    0.01306     0.7833     47.000      0.832  51039.067    31.3681     3.4349      0.824    7.52839     3.4458    24.9497   13.44753 5.8067e-02 0.0000e+00
        190  97.137422    0.01313     0.7875     47.250      0.792  50937.124    31.3056     3.4612      0.784    7.52669     3.3966    24.8977   13.44555 5.7033e-02 0.0000e+00
        191  97.137425    0.01319     0.7917     47.500      0.760  50942.606    31.3056     3.4458      0.753    7.52953     3.3325    24.8991   13.45024 5.6660e-02 0.0000e+00
        192  97.137428    0.01326     0.7958     47.750      0.743  51032.554    31.3544     3.3966      0.736    7.53618     3.2751    24.9422   13.46057 5.6839e-02 0.0000e+00
        193  97.137431    0.01333     0.8000     48.000      0.744  51173.495    31.4338     3.3325      0.737    7.54405     3.2396    25.0110   13.47250 5.7444e-02 0.0000e+00
        194  97.137433    0.01340     0.8042     48.250      0.763  51331.121    31.5261     3.2751      0.757    7.55001     3.2323    25.0895   13.48112 5.8415e-02 0.0000e+00
        195  97.137436    0.01347     0.8083     48.500      0.799  51472.079    31.6126     3.2396      0.791    7.55221     3.2554    25.1615   13.48361 5.9775e-02 0.0000e+00
        196  97.137439    0.01354     0.8125     48.750      0.844  51568.264    31.6759     3.2323      0.836    7.55032     3.3089    25.2125   13.47966 6.1537e-02 0.0000e+00
        197  97.137442    0.01361     0.8167     49.000      0.891  51600.882    31.7038     3.2554      0.883    7.54459     3.3859    25.2328   13.46984 6.3642e-02 0.0000e+00
        198  97.137445    0.01368     0.8208     49.250      0.934  51559.666    31.6895     3.3089      0.925    7.53537     3.4726    25.2167   13.45482 6.5907e-02 0.0000e+00
        199  97.137448    0.01375     0.8250     49.500      0.966  51451.997    31.6360     3.3860      0.957    7.52380     3.5534    25.1673   13.43643 6.7938e-02 0.0000e+00
        200  97.137451    0.01382     0.8292     49.750      0.982  51302.787    31.5566     3.4726      0.972    7.51179     3.6148    25.0964   13.41766 6.9240e-02 0.0000e+00
        201  97.137454    0.01389     0.8333     50.000      0.980  51139.474    31.4659     3.5534      0.971    7.50146     3.6470    25.0170   13.40181 6.9457e-02 0.0000e+00
        202  97.137457    0.01396     0.8375     50.250      0.964  50986.470    31.3772     3.6149      0.954    7.49463     3.6442    24.9409   13.39171 6.8537e-02 0.0000e+00
        203  97.137459    0.01403     0.8417     50.500      0.936  50870.923    31.3067     3.6470      0.927    7.49227     3.6056    24.8819   13.38875 6.6847e-02 0.0000e+00
        204  97.137462    0.01410     0.8458     50.750      0.903  50822.796    31.2734     3.6442      0.894    7.49448     3.5412    24.8557   13.39283 6.5007e-02 0.0000e+00
        205  97.137465    0.01417     0.8500     51.000      0.872  50859.054    31.2886     3.6056      0.863    7.50083     3.4726    24.8712   13.40311 6.3426e-02 0.0000e+00
        206  97.137468    0.01424     0.8542     51.250      0.847  50969.912    31.3480     3.5412      0.839    7.50969     3.4196    24.9243   13.41696 6.2184e-02 0.0000e+00
        207  97.137471    0.01431     0.8583     51.500      0.832  51121.396    31.4338     3.4726      0.824    7.51800     3.3914    24.9987   13.42954 6.1245e-02 0.0000e+00
        208  97.137474    0.01438     0.8625     51.750      0.825  51267.520    31.5197     3.4196      0.817    7.52342     3.3912    25.0719   13.43734 6.0564e-02 0.0000e+00
        209  97.137477    0.01444     0.8667     52.000      0.825  51370.098    31.5823     3.3915      0.818    7.52544     3.4162    25.1242   13.43984 6.0105e-02 0.0000e+00
        210  97.137480    0.01451     0.8708     52.250      0.832  51410.989    31.6101     3.3913      0.824    7.52405     3.4549    25.1463   13.43719 5.9841e-02 0.0000e+00
        211  97.137483    0.01458     0.8750     52.500      0.844  51392.404    31.6038     3.4163      0.836    7.51973     3.4944    25.1392   13.43014 5.9788e-02 0.0000e+00
        212  97.137486    0.01465     0.8792     52.750      0.860  51337.506    31.5764     3.4550      0.852    7.51395     3.5276    25.1139   13.42098 5.9958e-02 0.0000e+00
        213  97.137488    0.01472     0.8833     53.000      0.879  51277.032    31.5453     3.4944      0.871    7.50824     3.5532    25.0856   13.41196 6.0284e-02 0.0000e+00
        214  97.137491    0.01479     0.8875     53.250      0.896  51228.815    31.5209     3.5276      0.888    7.50335     3.5722    25.0632   13.40420 6.0611e-02 0.0000e+00
        215  97.137494    0.01486     0.8917     53.500      0.909  51192.005    31.5023     3.5533      0.901    7.49955     3.5853    25.0461   13.39818 6.0779e-02 0.0000e+00
        216  97.137497    0.01493     0.8958     53.750      0.914  51157.498    31.4836     3.5722      0.906    7.49701     3.5933    25.0295   13.39423 6.0738e-02 0.0000e+00
        217  97.137500    0.01500     0.9000     54.000      0.911  51117.886    31.4600     3.5854      0.903    7.49578     3.5943    25.0095   13.39252 6.0626e-02 0.0000e+00
        218  97.137503    0.01507     0.9042     54.250      0.903  51071.003    31.4301     3.5933      0.894    7.49584     3.5850    24.9850   13.39300 6.0683e-02 0.0000e+00
        219  97.137506    0.01514     0.9083     54.500      0.891  51026.501    31.4001     3.5944      0.883    7.49716     3.5631    24.9611   13.39558 6.1081e-02 0.0000e+00
        220  97.137509    0.01521     0.9125     54.750      0.882  51003.578    31.3822     3.5851      0.873    7.49979     3.5304    24.9477   13.40016 6.1849e-02 0.0000e+00
        221  97.137512    0.01528     0.9167     55.000      0.877  51016.610    31.3856     3.5632      0.868    7.50367     3.4936    24.9524   13.40651 6.2884e-02 0.0000e+00
        222  97.137514    0.01535     0.9208     55.250      0.879  51065.665    31.4108     3.5305      0.870    7.50843     3.4620    24.9753   13.41404 6.4045e-02 0.0000e+00
        223  97.137517    0.01542     0.9250     55.500      0.889  51137.976    31.4507     3.4937      0.880    7.51320     3.4436    25.0103   13.42139 6.5260e-02 0.0000e+00
        224  97.137520    0.01549     0.9292     55.750      0.906  51216.108    31.4958     3.4621      0.897    7.51676     3.4438    25.0490   13.42666 6.6544e-02 0.0000e+00
        225  97.137523    0.01556     0.9333     56.000      0.927  51283.805    31.5371     3.4437      0.918    7.51806     3.4652    25.0836   13.42826 6.7897e-02 0.0000e+00
        226  97.137526    0.01563     0.9375     56.250      0.945  51323.828    31.5643     3.4438      0.937    7.51665     3.5078    25.1052   13.42559 6.9084e-02 0.0000e+00
        227  97.137529    0.01569     0.9417     56.500      0.955  51317.957    31.5656     3.4652      0.946    7.51263     3.5642    25.1043   13.41893 6.9488e-02 0.0000e+00
        228  97.137532    0.01576     0.9458     56.750      0.949  51253.489    31.5324     3.5079      0.940    7.50645     3.6180    25.0741   13.40917 6.8436e-02 0.0000e+00
        229  97.137535    0.01583     0.9500     57.000      0.925  51134.059    31.4653     3.5643      0.917    7.49946     3.6522    25.0156   13.39851 6.5856e-02 0.0000e+00
        230  97.137538    0.01590     0.9542     57.250      0.886  50985.350    31.3775     3.6181      0.878    7.49401     3.6552    24.9409   13.39068 6.2518e-02 0.0000e+00
        231  97.137541    0.01597     0.9583     57.500      0.838  50843.068    31.2892     3.6523      0.830    7.49223     3.6187    24.8675   13.38890 5.9534e-02 0.0000e+00
        232  97.137543    0.01604     0.9625     57.750      0.791  50738.122    31.2186     3.6553      0.783    7.49529     3.5412    24.8110   13.39489 5.7640e-02 0.0000e+00
        233  97.137546    0.01611     0.9667     58.000      0.756  50691.894    31.1781     3.6187      0.749    7.50412     3.4379    24.7821   13.40999 5.6909e-02 0.0000e+00
        234  97.137549    0.01618     0.9708     58.250      0.743  50720.414    31.1783     3.5412      0.736    7.51847     3.3358    24.7890   13.43367 5.6989e-02 0.0000e+00
        235  97.137552    0.01625     0.9750     58.500      0.753  50834.480    31.2299     3.4379      0.746    7.53499     3.2589    24.8393   13.46026 5.7524e-02 0.0000e+00
        236  97.137555    0.01632     0.9792     58.750      0.783  51028.964    31.3361     3.3359      0.776    7.54853     3.2211    24.9328   13.48120 5.8304e-02 0.0000e+00
        237  97.137558    0.01639     0.9833     59.000      0.826  51264.545    31.4763     3.2589      0.818    7.55567     3.2298    25.0512   13.49112 5.9175e-02 0.0000e+00
        238  97.137561    0.01646     0.9875     59.250      0.872  51467.257    31.6040     3.2211      0.864    7.55616     3.2854    25.1562   13.49023 6.0063e-02 0.0000e+00
        239  97.137564    0.01653     0.9917     59.500      0.913  51564.367    31.6720     3.2298      0.905    7.55103     3.3724    25.2097   13.48088 6.0949e-02 0.0000e+00
        240  97.137567    0.01660     0.9958     59.750      0.943  51523.410    31.6585     3.2854      0.934    7.54137     3.4640    25.1940   13.46513 6.1797e-02 0.0000e+00
        241  97.137569    0.01667     1.0000     60.000      0.957  51368.595    31.5756     3.3725      0.947    7.52941     3.5364    25.1204   13.44648 6.2544e-02 0.0000e+00
        242  97.137572    0.01674     1.0042     60.250      0.955  51155.712    31.4544     3.4641      0.946    7.51860     3.5767    25.0158   13.43025 6.3088e-02 0.0000e+00
        243  97.137575    0.01681     1.0083     60.500      0.939  50941.944    31.3275     3.5365      0.931    7.51165     3.5794    24.9083   13.42046 6.3358e-02 0.0000e+00
        244  97.137578    0.01688     1.0125     60.750      0.915  50778.154    31.2264     3.5768      0.907    7.50934     3.5413    24.8243   13.41798 6.3462e-02 0.0000e+00
        245  97.137581    0.01694     1.0167     61.000      0.889  50695.616    31.1710     3.5795      0.881    7.51167     3.4678    24.7800   13.42255 6.3703e-02 0.0000e+00
        246  97.137584    0.01701     1.0208     61.250      0.872  50698.535    31.1636     3.5413      0.864    7.51912     3.3791    24.7774   13.43494 6.4418e-02 0.0000e+00
        247  97.137587    0.01708     1.0250     61.500      0.869  50776.632    31.1983     3.4678      0.861    7.53100     3.3004    24.8115   13.45408 6.5770e-02 0.0000e+00
        248  97.137590    0.01715     1.0292     61.750      0.883  50920.449    31.2736     3.3791      0.875    7.54364     3.2501    24.8793   13.47395 6.7642e-02 0.0000e+00
        249  97.137593    0.01722     1.0333     62.000      0.911  51114.407    31.3853     3.3004      0.903    7.55256     3.2379    24.9751   13.48720 6.9616e-02 0.0000e+00
        250  97.137595    0.01729     1.0375     62.250      0.944  51317.499    31.5101     3.2501      0.936    7.55555     3.2702    25.0789   13.49047 7.1030e-02 0.0000e+00
        251  97.137598    0.01736     1.0417     62.500      0.973  51463.950    31.6062     3.2379      0.965    7.55289     3.3433    25.1565   13.48481 7.1275e-02 0.0000e+00
        252  97.137601    0.01743     1.0458     62.750      0.989  51492.205    31.6335     3.2702      0.980    7.54547     3.4349    25.1755   13.47222 7.0174e-02 0.0000e+00
        253  97.137604    0.01750     1.0500     63.000      0.984  51387.273    31.5810     3.3433      0.975    7.53457     3.5153    25.1272   13.45492 6.7962e-02 0.0000e+00
        254  97.137607    0.01757     1.0542     63.250      0.959  51191.779    31.4715     3.4350      0.950    7.52314     3.5640    25.0320   13.43750 6.5022e-02 0.0000e+00
        255  97.137610    0.01764     1.0583     63.500      0.916  50969.793    31.3411     3.5153      0.907    7.51490     3.5743    24.9210   13.42564 6.1827e-02 0.0000e+00
        256  97.137613    0.01771     1.0625     63.750      0.859  50774.363    31.2207     3.5640      0.851    7.51205     3.5454    24.8208   13.42253 5.8955e-02 0.0000e+00
        257  97.137616    0.01778     1.0667     64.000      0.799  50636.986    31.1301     3.5744      0.792    7.51479     3.4756    24.7477   13.42824 5.6987e-02 0.0000e+00
        258  97.137619    0.01785     1.0708     64.250      0.747  50563.401    31.0730     3.5454      0.740    7.52313     3.3690    24.7047   13.44277 5.6154e-02 0.0000e+00
        259  97.137622    0.01792     1.0750     64.500      0.714  50532.635    31.0349     3.4756      0.708    7.53814     3.2388    24.6803   13.46804 5.6227e-02 0.0000e+00
        260  97.137624    0.01799     1.0792     64.750      0.708  50515.183    30.9965     3.3690      0.702    7.56006     3.0997    24.6589   13.50473 5.6929e-02 0.0000e+00
        261  97.137627    0.01806     1.0833     65.000      0.731  50497.413    30.9518     3.2388      0.724    7.58681     2.9629    24.6342   13.54947 5.8087e-02 0.0000e+00
        262  97.137630    0.01812     1.0875     65.250      0.774  50492.052    30.9128     3.0997      0.767    7.61506     2.8391    24.6148   13.59660 5.9459e-02 0.0000e+00
        263  97.137633    0.01819     1.0917     65.500      0.826  50527.693    30.9017     2.9629      0.818    7.64154     2.7381    24.6172   13.64045 6.0780e-02 0.0000e+00
        264  97.137636    0.01826     1.0958     65.750      0.875  50607.196    30.9233     2.8392      0.866    7.66395     2.6636    24.6444   13.67714 6.1929e-02 0.0000e+00
        265  97.137639    0.01833     1.1000     66.000      0.912  50700.154    30.9596     2.7382      0.904    7.68130     2.6125    24.6814   13.70529 6.2915e-02 0.0000e+00
        266  97.137642    0.01840     1.1042     66.250      0.937  50780.310    30.9940     2.6637      0.928    7.69373     2.5789    24.7148   13.72535 6.3848e-02 0.0000e+00
        267  97.137645    0.01847     1.1083     66.500      0.949  50839.667    31.0205     2.6126      0.940    7.70214     2.5577    24.7400   13.73887 6.4948e-02 0.0000e+00
        268  97.137648    0.01854     1.1125     66.750      0.953  50879.972    31.0388     2.5790      0.944    7.70761     2.5445    24.7572   13.74764 6.6447e-02 0.0000e+00
        269  97.137650    0.01861     1.1167     67.000      0.951  50906.000    31.0507     2.5577      0.942    7.71106     2.5365    24.7684   13.75318 6.8441e-02 0.0000e+00
        270  97.137653    0.01868     1.1208     67.250      0.947  50922.098    31.0580     2.5445      0.938    7.71321     2.5317    24.7753   13.75662 7.0775e-02 0.0000e+00
        271  97.137656    0.01875     1.1250     67.500      0.945  50931.319    31.0621     2.5365      0.936    7.71452     2.5287    24.7792   13.75874 7.3122e-02 0.0000e+00
