CTD-processing/allCTD/CNV--turbid/2014_07-24_t7_s18_cast017.cnv
* Sea-Bird SBE19plus Data File:
* FileName = C:\Users\kris.holderied\Documents\kasitsna\Research-Projects-and-Data\Oceanography-AK\CTD-Data-ALL-to-2014-06\2014-CTD-KachemakBay-CookInlet\2014-07-EVOSTC-CookInlet-quarterly\2014-07-24-CookInlet-Tran7-Augustine\2014-07-24-CookInlet-Tran7-cast017.hex
* Software Version 1.59
* Temperature SN =  4141
* Conductivity SN =  4141
* System UpLoad Time = Jul 24 2014 17:30:52
** Cook Inlet LTM Transect 7 (Augustine) West to East
** Date: 07-24
** Station: 7-18
** Start time: 14:44
** Depth (m): 80.5
** Comment:  CTD time is Alaska Daylight time.  Transducer  depth (transducer is 9 ft).
** Comment:
# nquan = 16
# nvalues = 730                         
# units = specified
# name 0 = scan: Scan Count
# name 1 = timeJ: Julian Days
# name 2 = timeH: Time, Elapsed [hours]
# name 3 = timeM: Time, Elapsed [minutes]
# name 4 = timeS: Time, Elapsed [seconds]
# name 5 = prdM: Pressure, Strain Gauge [db]
# name 6 = specc: Specific Conductance [uS/cm]
# name 7 = sal00: Salinity, Practical [PSU]
# name 8 = tv290C: Temperature [ITS-90, deg C]
# name 9 = depSM: Depth [salt water, m], lat = 59.00
# name 10 = oxsolML/L: Oxygen Saturation, Garcia & Gordon [ml/l]
# name 11 = potemp090C: Potential Temperature [ITS-90, deg C]
# name 12 = sigma-é00: Density [sigma-theta, kg/m^3]
# name 13 = n2satML/L: Nitrogen Saturation [ml/l]
# name 14 = par: PAR/Irradiance, Biospherical/Licor
# name 15 = flag:  0.000e+00
# span 0 =          1,        730       
# span 1 = 205.614468, 205.616577       
# span 2 =    0.00000,    0.05063       
# span 3 =     0.0000,     3.0375       
# span 4 =      0.000,    182.250       
# span 5 =     -0.118,     79.840       
# span 6 =    635.762,  50418.719       
# span 7 =     0.3056,    31.8917       
# span 8 =     8.3975,    11.4390       
# span 9 =     -0.117,     79.078       
# span 10 =    6.31344,    7.63159      
# span 11 =     8.3896,    11.4390      
# span 12 =    -0.1943,    24.7769      
# span 13 =   11.43679,   14.05143      
# span 14 = 4.9722e-02, 7.2843e+02      
# span 15 = 0.0000e+00, 0.0000e+00      
# interval = seconds: 0.25
# start_time = Jul 24 2014 14:44:50 [Instrument's time stamp, header]
# bad_flag = -9.990e-29
*END*
[from data line 452]
        453 205.615775    0.03139     1.8833    113.000     15.476  49636.624    31.5261     9.4771     15.331    6.53155     9.4391    24.3251   11.79805 5.6504e+00 0.0000e+00
        454 205.615778    0.03146     1.8875    113.250     15.750  49647.489    31.5311     9.4585     15.602    6.53403     9.4225    24.3319   11.80209 5.4459e+00 0.0000e+00
        455 205.615781    0.03153     1.8917    113.500     16.025  49658.122    31.5361     9.4408     15.874    6.53637     9.4063    24.3386   11.80591 5.2485e+00 0.0000e+00
        456 205.615784    0.03160     1.8958    113.750     16.297  49666.002    31.5393     9.4242     16.144    6.53863     9.3891    24.3437   11.80961 5.0594e+00 0.0000e+00
        457 205.615787    0.03167     1.9000    114.000     16.565  49670.185    31.5399     9.4080     16.409    6.54094     9.3700    24.3468   11.81343 4.8792e+00 0.0000e+00
        458 205.615790    0.03174     1.9042    114.250     16.827  49673.134    31.5395     9.3909     16.669    6.54344     9.3493    24.3492   11.81757 4.7102e+00 0.0000e+00
        459 205.615793    0.03181     1.9083    114.500     17.081  49679.173    31.5411     9.3717     16.920    6.54615     9.3285    24.3534   11.82203 4.5561e+00 0.0000e+00
        460 205.615796    0.03188     1.9125    114.750     17.322  49688.921    31.5450     9.3511     17.159    6.54896     9.3082    24.3597   11.82664 4.4181e+00 0.0000e+00
        461 205.615799    0.03194     1.9167    115.000     17.550  49700.320    31.5501     9.3303     17.385    6.55177     9.2893    24.3670   11.83123 4.2948e+00 0.0000e+00
        462 205.615802    0.03201     1.9208    115.250     17.766  49712.699    31.5559     9.3101     17.599    6.55445     9.2722    24.3747   11.83560 4.1840e+00 0.0000e+00
        463 205.615804    0.03208     1.9250    115.500     17.973  49726.180    31.5627     9.2912     17.804    6.55691     9.2577    24.3829   11.83959 4.0836e+00 0.0000e+00
        464 205.615807    0.03215     1.9292    115.750     18.174  49740.178    31.5701     9.2742     18.003    6.55906     9.2460    24.3914   11.84306 3.9914e+00 0.0000e+00
        465 205.615810    0.03222     1.9333    116.000     18.371  49753.306    31.5773     9.2597     18.198    6.56087     9.2370    24.3993   11.84596 3.9050e+00 0.0000e+00
        466 205.615813    0.03229     1.9375    116.250     18.568  49764.491    31.5834     9.2480     18.394    6.56230     9.2301    24.4059   11.84826 3.8220e+00 0.0000e+00
        467 205.615816    0.03236     1.9417    116.500     18.769  49773.098    31.5882     9.2390     18.592    6.56342     9.2247    24.4110   11.85005 3.7408e+00 0.0000e+00
        468 205.615819    0.03243     1.9458    116.750     18.974  49779.180    31.5914     9.2321     18.796    6.56428     9.2204    24.4146   11.85144 3.6610e+00 0.0000e+00
        469 205.615822    0.03250     1.9500    117.000     19.186  49783.488    31.5936     9.2267     19.005    6.56497     9.2166    24.4172   11.85255 3.5823e+00 0.0000e+00
        470 205.615825    0.03257     1.9542    117.250     19.403  49786.378    31.5950     9.2224     19.221    6.56554     9.2130    24.4189   11.85348 3.5041e+00 0.0000e+00
        471 205.615828    0.03264     1.9583    117.500     19.628  49788.165    31.5956     9.2186     19.443    6.56606     9.2093    24.4200   11.85433 3.4250e+00 0.0000e+00
        472 205.615830    0.03271     1.9625    117.750     19.862  49789.520    31.5960     9.2151     19.675    6.56656     9.2053    24.4208   11.85516 3.3429e+00 0.0000e+00
        473 205.615833    0.03278     1.9667    118.000     20.109  49790.597    31.5961     9.2114     19.920    6.56709     9.2008    24.4215   11.85603 3.2563e+00 0.0000e+00
        474 205.615836    0.03285     1.9708    118.250     20.369  49791.274    31.5959     9.2075     20.178    6.56767     9.1955    24.4220   11.85700 3.1662e+00 0.0000e+00
        475 205.615839    0.03292     1.9750    118.500     20.642  49792.055    31.5957     9.2029     20.448    6.56834     9.1895    24.4225   11.85811 3.0734e+00 0.0000e+00
        476 205.615842    0.03299     1.9792    118.750     20.925  49793.506    31.5959     9.1977     20.728    6.56910     9.1830    24.4235   11.85937 2.9782e+00 0.0000e+00
        477 205.615845    0.03306     1.9833    119.000     21.216  49795.661    31.5964     9.1917     21.017    6.56994     9.1757    24.4249   11.86075 2.8820e+00 0.0000e+00
        478 205.615848    0.03313     1.9875    119.250     21.513  49798.106    31.5971     9.1852     21.311    6.57086     9.1674    24.4264   11.86227 2.7880e+00 0.0000e+00
        479 205.615851    0.03319     1.9917    119.500     21.811  49800.358    31.5975     9.1779     21.606    6.57190     9.1579    24.4279   11.86398 2.6980e+00 0.0000e+00
        480 205.615854    0.03326     1.9958    119.750     22.103  49802.687    31.5979     9.1697     21.896    6.57309     9.1474    24.4294   11.86595 2.6127e+00 0.0000e+00
        481 205.615856    0.03333     2.0000    120.000     22.385  49806.230    31.5990     9.1602     22.174    6.57443     9.1365    24.4317   11.86815 2.5335e+00 0.0000e+00
        482 205.615859    0.03340     2.0042    120.250     22.651  49811.617    31.6012     9.1497     22.438    6.57586     9.1257    24.4351   11.87049 2.4620e+00 0.0000e+00
        483 205.615862    0.03347     2.0083    120.500     22.900  49818.322    31.6042     9.1388     22.684    6.57732     9.1152    24.4392   11.87287 2.3978e+00 0.0000e+00
        484 205.615865    0.03354     2.0125    120.750     23.131  49825.500    31.6076     9.1280     22.913    6.57875     9.1052    24.4435   11.87520 2.3400e+00 0.0000e+00
        485 205.615868    0.03361     2.0167    121.000     23.347  49832.250    31.6108     9.1176     23.127    6.58014     9.0950    24.4476   11.87746 2.2872e+00 0.0000e+00
        486 205.615871    0.03368     2.0208    121.250     23.553  49837.883    31.6133     9.1076     23.331    6.58151     9.0842    24.4511   11.87969 2.2377e+00 0.0000e+00
        487 205.615874    0.03375     2.0250    121.500     23.753  49842.127    31.6148     9.0975     23.529    6.58292     9.0718    24.4538   11.88202 2.1908e+00 0.0000e+00
        488 205.615877    0.03382     2.0292    121.750     23.950  49845.407    31.6155     9.0866     23.724    6.58448     9.0572    24.4560   11.88459 2.1463e+00 0.0000e+00
        489 205.615880    0.03389     2.0333    122.000     24.145  49848.771    31.6160     9.0743     23.918    6.58626     9.0396    24.4583   11.88754 2.1041e+00 0.0000e+00
        490 205.615883    0.03396     2.0375    122.250     24.341  49851.984    31.6161     9.0597     24.111    6.58839     9.0178    24.4606   11.89106 2.0636e+00 0.0000e+00
        491 205.615885    0.03403     2.0417    122.500     24.538  49855.497    31.6160     9.0421     24.307    6.59098     8.9915    24.4633   11.89534 2.0247e+00 0.0000e+00
        492 205.615888    0.03410     2.0458    122.750     24.739  49861.947    31.6173     9.0204     24.506    6.59411     8.9612    24.4677   11.90051 1.9867e+00 0.0000e+00
        493 205.615891    0.03417     2.0500    123.000     24.948  49873.388    31.6215     8.9940     24.714    6.59780     8.9295    24.4750   11.90656 1.9481e+00 0.0000e+00
        494 205.615894    0.03424     2.0542    123.250     25.171  49892.936    31.6308     8.9637     24.934    6.60185     8.9005    24.4869   11.91315 1.9075e+00 0.0000e+00
        495 205.615897    0.03431     2.0583    123.500     25.410  49921.626    31.6463     8.9320     25.171    6.60586     8.8774    24.5039   11.91959 1.8646e+00 0.0000e+00
        496 205.615900    0.03438     2.0625    123.750     25.670  49953.229    31.6642     8.9031     25.428    6.60935     8.8609    24.5223   11.92516 1.8194e+00 0.0000e+00
        497 205.615903    0.03444     2.0667    124.000     25.950  49980.609    31.6800     8.8800     25.705    6.61207     8.8498    24.5382   11.92947 1.7720e+00 0.0000e+00
        498 205.615906    0.03451     2.0708    124.250     26.249  50001.139    31.6919     8.8635     26.002    6.61399     8.8425    24.5500   11.93250 1.7218e+00 0.0000e+00
        499 205.615909    0.03458     2.0750    124.500     26.562  50015.093    31.7000     8.8524     26.312    6.61528     8.8376    24.5580   11.93454 1.6694e+00 0.0000e+00
        500 205.615911    0.03465     2.0792    124.750     26.881  50023.787    31.7049     8.8452     26.628    6.61614     8.8336    24.5630   11.93589 1.6176e+00 0.0000e+00
        501 205.615914    0.03472     2.0833    125.000     27.200  50028.715    31.7076     8.8403     26.944    6.61675     8.8297    24.5658   11.93687 1.5674e+00 0.0000e+00
        502 205.615917    0.03479     2.0875    125.250     27.509  50031.454    31.7088     8.8364     27.250    6.61727     8.8249    24.5674   11.93772 1.5196e+00 0.0000e+00
        503 205.615920    0.03486     2.0917    125.500     27.806  50033.347    31.7095     8.8325     27.545    6.61782     8.8185    24.5685   11.93863 1.4768e+00 0.0000e+00
        504 205.615923    0.03493     2.0958    125.750     28.090  50035.139    31.7099     8.8277     27.826    6.61851     8.8101    24.5695   11.93977 1.4386e+00 0.0000e+00
        505 205.615926    0.03500     2.1000    126.000     28.362  50037.713    31.7106     8.8213     28.095    6.61942     8.8000    24.5711   11.94125 1.4033e+00 0.0000e+00
        506 205.615929    0.03507     2.1042    126.250     28.624  50042.663    31.7128     8.8130     28.355    6.62056     8.7892    24.5740   11.94312 1.3701e+00 0.0000e+00
        507 205.615932    0.03514     2.1083    126.500     28.876  50051.182    31.7172     8.8029     28.604    6.62187     8.7793    24.5790   11.94523 1.3388e+00 0.0000e+00
        508 205.615935    0.03521     2.1125    126.750     29.120  50062.267    31.7233     8.7921     28.846    6.62319     8.7710    24.5854   11.94735 1.3091e+00 0.0000e+00
        509 205.615938    0.03528     2.1167    127.000     29.355  50073.272    31.7294     8.7822     29.079    6.62439     8.7642    24.5918   11.94926 1.2809e+00 0.0000e+00
        510 205.615940    0.03535     2.1208    127.250     29.582  50082.475    31.7346     8.7740     29.303    6.62540     8.7586    24.5970   11.95086 1.2542e+00 0.0000e+00
        511 205.615943    0.03542     2.1250    127.500     29.800  50089.832    31.7387     8.7672     29.519    6.62622     8.7541    24.6012   11.95217 1.2291e+00 0.0000e+00
        512 205.615946    0.03549     2.1292    127.750     30.009  50095.986    31.7421     8.7617     29.727    6.62690     8.7504    24.6048   11.95325 1.2048e+00 0.0000e+00
        513 205.615949    0.03556     2.1333    128.000     30.215  50100.950    31.7448     8.7572     29.931    6.62745     8.7472    24.6076   11.95413 1.1809e+00 0.0000e+00
        514 205.615952    0.03562     2.1375    128.250     30.422  50104.161    31.7465     8.7536     30.136    6.62791     8.7437    24.6094   11.95487 1.1568e+00 0.0000e+00
        515 205.615955    0.03569     2.1417    128.500     30.635  50105.950    31.7472     8.7503     30.347    6.62836     8.7394    24.6105   11.95560 1.1319e+00 0.0000e+00
        516 205.615958    0.03576     2.1458    128.750     30.860  50107.444    31.7476     8.7468     30.569    6.62887     8.7339    24.6113   11.95644 1.1058e+00 0.0000e+00
        517 205.615961    0.03583     2.1500    129.000     31.101  50108.857    31.7479     8.7425     30.808    6.62949     8.7266    24.6122   11.95747 1.0783e+00 0.0000e+00
        518 205.615964    0.03590     2.1542    129.250     31.359  50109.882    31.7477     8.7370     31.064    6.63030     8.7167    24.6129   11.95881 1.0495e+00 0.0000e+00
        519 205.615966    0.03597     2.1583    129.500     31.632  50111.366    31.7475     8.7297     31.334    6.63139     8.7037    24.6138   11.96062 1.0203e+00 0.0000e+00
        520 205.615969    0.03604     2.1625    129.750     31.915  50113.966    31.7477     8.7199     31.613    6.63285     8.6871    24.6155   11.96302 9.9184e-01 0.0000e+00
        521 205.615972    0.03611     2.1667    130.000     32.200  50118.099    31.7486     8.7069     31.896    6.63473     8.6669    24.6181   11.96613 9.6460e-01 0.0000e+00
        522 205.615975    0.03618     2.1708    130.250     32.480  50125.887    31.7514     8.6903     32.174    6.63707     8.6453    24.6229   11.96997 9.3867e-01 0.0000e+00
        523 205.615978    0.03625     2.1750    130.500     32.750  50139.898    31.7582     8.6702     32.441    6.63977     8.6249    24.6312   11.97436 9.1438e-01 0.0000e+00
        524 205.615981    0.03632     2.1792    130.750     33.004  50159.670    31.7687     8.6486     32.693    6.64254     8.6078    24.6427   11.97880 8.9260e-01 0.0000e+00
        525 205.615984    0.03639     2.1833    131.000     33.244  50180.828    31.7805     8.6283     32.930    6.64505     8.5938    24.6549   11.98282 8.7350e-01 0.0000e+00
        526 205.615987    0.03646     2.1875    131.250     33.471  50199.013    31.7906     8.6112     33.155    6.64716     8.5821    24.6654   11.98618 8.5630e-01 0.0000e+00
        527 205.615990    0.03653     2.1917    131.500     33.688  50213.019    31.7982     8.5972     33.370    6.64890     8.5719    24.6735   11.98898 8.4033e-01 0.0000e+00
        528 205.615992    0.03660     2.1958    131.750     33.899  50224.079    31.8042     8.5855     33.580    6.65039     8.5630    24.6799   11.99136 8.2511e-01 0.0000e+00
        529 205.615995    0.03667     2.2000    132.000     34.109  50233.741    31.8093     8.5753     33.787    6.65169     8.5552    24.6855   11.99345 8.1022e-01 0.0000e+00
        530 205.615998    0.03674     2.2042    132.250     34.319  50242.575    31.8141     8.5664     33.996    6.65282     8.5484    24.6905   11.99526 7.9548e-01 0.0000e+00
        531 205.616001    0.03681     2.2083    132.500     34.534  50250.369    31.8183     8.5586     34.208    6.65380     8.5423    24.6950   11.99683 7.8077e-01 0.0000e+00
        532 205.616004    0.03687     2.2125    132.750     34.754  50256.959    31.8218     8.5518     34.425    6.65466     8.5367    24.6987   11.99821 7.6606e-01 0.0000e+00
        533 205.616007    0.03694     2.2167    133.000     34.977  50262.518    31.8247     8.5457     34.647    6.65543     8.5315    24.7019   11.99946 7.5153e-01 0.0000e+00
        534 205.616010    0.03701     2.2208    133.250     35.205  50267.506    31.8272     8.5402     34.873    6.65615     8.5268    24.7047   12.00061 7.3702e-01 0.0000e+00
        535 205.616013    0.03708     2.2250    133.500     35.436  50272.541    31.8299     8.5351     35.102    6.65681     8.5230    24.7076   12.00167 7.2220e-01 0.0000e+00
        536 205.616016    0.03715     2.2292    133.750     35.672  50277.538    31.8326     8.5304     35.336    6.65738     8.5199    24.7104   12.00259 7.0705e-01 0.0000e+00
        537 205.616019    0.03722     2.2333    134.000     35.912  50281.846    31.8349     8.5266     35.574    6.65786     8.5175    24.7128   12.00335 6.9195e-01 0.0000e+00
        538 205.616021    0.03729     2.2375    134.250     36.158  50285.019    31.8366     8.5235     35.817    6.65824     8.5151    24.7145   12.00395 6.7722e-01 0.0000e+00
        539 205.616024    0.03736     2.2417    134.500     36.409  50286.914    31.8374     8.5211     36.066    6.65856     8.5123    24.7156   12.00448 6.6237e-01 0.0000e+00
        540 205.616027    0.03743     2.2458    134.750     36.668  50287.807    31.8376     8.5188     36.322    6.65890     8.5085    24.7160   12.00504 6.4701e-01 0.0000e+00
        541 205.616030    0.03750     2.2500    135.000     36.933  50288.477    31.8375     8.5159     36.584    6.65933     8.5037    24.7164   12.00575 6.3172e-01 0.0000e+00
        542 205.616033    0.03757     2.2542    135.250     37.204  50290.230    31.8381     8.5121     36.853    6.65988     8.4988    24.7174   12.00665 6.1681e-01 0.0000e+00
