CTD-processing/allCTD/CNV--turbid/2014_10-18_t6_s25_cast122.cnv
* Sea-Bird SBE19plus Data File:
* FileName = C:\Users\kris.holderied\Documents\kasitsna\Research-Projects-and-Data\Oceanography-AK\CTD-Data-ALL-to-2014-10\2014-CTD-KachemakBay-CookInlet\2014-10-EVOSTC-CookInlet\2014-10-18-CookInlet-Tran6-Douglas\2014-10-18-CookInlet-Tran6-cast122.hex
* Software Version 1.59
* Temperature SN =  4141
* Conductivity SN =  4141
* System UpLoad Time = Oct 18 2014 10:12:19
** Cook Inlet LTM Tran6 (Douglas)  east to west
** Date: 10-18
** Station: 6-25
** Start time: 08:12
** Depth (m): 171
** Comment:  CTD time is Alaska Daylight time.  R/V Pandalus. Transducer  depth.
** Comment:
# nquan = 16
# nvalues = 1124                        
# units = specified
# name 0 = scan: Scan Count
# name 1 = timeJ: Julian Days
# name 2 = timeH: Time, Elapsed [hours]
# name 3 = timeM: Time, Elapsed [minutes]
# name 4 = timeS: Time, Elapsed [seconds]
# name 5 = prdM: Pressure, Strain Gauge [db]
# name 6 = specc: Specific Conductance [uS/cm]
# name 7 = sal00: Salinity, Practical [PSU]
# name 8 = tv290C: Temperature [ITS-90, deg C]
# name 9 = depSM: Depth [salt water, m], lat = 59.00
# name 10 = oxsolML/L: Oxygen Saturation, Garcia & Gordon [ml/l]
# name 11 = potemp090C: Potential Temperature [ITS-90, deg C]
# name 12 = sigma-é00: Density [sigma-theta, kg/m^3]
# name 13 = n2satML/L: Nitrogen Saturation [ml/l]
# name 14 = par: PAR/Irradiance, Biospherical/Licor
# name 15 = flag:  0.000e+00
# span 0 =          1,       1124       
# span 1 = 291.341678, 291.344928       
# span 2 =    0.00000,    0.07799       
# span 3 =     0.0000,     4.6792       
# span 4 =      0.000,    280.750       
# span 5 =     -0.308,    172.005       
# span 6 =    712.811,  51366.079       
# span 7 =     0.3392,    32.3155       
# span 8 =     7.0956,     9.6248       
# span 9 =     -0.305,    170.326       
# span 10 =    6.54204,    8.45472      
# span 11 =     7.0956,     9.6210      
# span 12 =     0.1697,    25.2781      
# span 13 =   11.82452,   15.44036      
# span 14 = 3.6382e-02, 1.0781e+00      
# span 15 = 0.0000e+00, 0.0000e+00      
# interval = seconds: 0.25
# start_time = Oct 18 2014 08:12:01 [Instrument's time stamp, header]
# bad_flag = -9.990e-29
*END*
[from data line 181]
        182 291.342202    0.01257     0.7542     45.250      1.314  47490.283    30.0164     9.4135      1.302    6.60464     9.4071    23.1557   11.93736 5.1827e-02 0.0000e+00
        183 291.342205    0.01264     0.7583     45.500      1.261  47522.556    30.0383     9.4082      1.249    6.60447     9.4105    23.1737   11.93682 4.9095e-02 0.0000e+00
        184 291.342208    0.01271     0.7625     45.750      1.227  47554.447    30.0605     9.4072      1.215    6.60368     9.4177    23.1912   11.93524 4.7487e-02 0.0000e+00
        185 291.342211    0.01278     0.7667     46.000      1.213  47580.435    30.0791     9.4106      1.202    6.60239     9.4271    23.2052   11.93288 4.6696e-02 0.0000e+00
        186 291.342214    0.01285     0.7708     46.250      1.218  47597.026    30.0917     9.4178      1.207    6.60081     9.4371    23.2139   11.93010 4.6172e-02 0.0000e+00
        187 291.342216    0.01292     0.7750     46.500      1.239  47604.309    30.0980     9.4272      1.227    6.59916     9.4467    23.2173   11.92729 4.5467e-02 0.0000e+00
        188 291.342219    0.01299     0.7792     46.750      1.272  47604.741    30.0996     9.4372      1.261    6.59762     9.4551    23.2170   11.92473 4.4740e-02 0.0000e+00
        189 291.342222    0.01306     0.7833     47.000      1.317  47601.371    30.0984     9.4468      1.305    6.59627     9.4622    23.2146   11.92251 4.4403e-02 0.0000e+00
        190 291.342225    0.01313     0.7875     47.250      1.370  47596.410    30.0960     9.4552      1.358    6.59514     9.4678    23.2114   11.92067 4.4597e-02 0.0000e+00
        191 291.342228    0.01319     0.7917     47.500      1.428  47590.609    30.0928     9.4623      1.415    6.59424     9.4721    23.2079   11.91921 4.5272e-02 0.0000e+00
        192 291.342231    0.01326     0.7958     47.750      1.484  47583.722    30.0887     9.4679      1.471    6.59359     9.4751    23.2038   11.91819 4.6281e-02 0.0000e+00
        193 291.342234    0.01333     0.8000     48.000      1.534  47575.276    30.0833     9.4722      1.520    6.59320     9.4769    23.1989   11.91760 4.7464e-02 0.0000e+00
        194 291.342237    0.01340     0.8042     48.250      1.574  47565.018    30.0764     9.4752      1.559    6.59305     9.4776    23.1931   11.91744 4.9005e-02 0.0000e+00
        195 291.342240    0.01347     0.8083     48.500      1.600  47553.115    30.0683     9.4770      1.586    6.59313     9.4774    23.1865   11.91767 5.1398e-02 0.0000e+00
        196 291.342242    0.01354     0.8125     48.750      1.614  47539.767    30.0591     9.4778      1.599    6.59342     9.4765    23.1792   11.91826 5.5066e-02 0.0000e+00
        197 291.342245    0.01361     0.8167     49.000      1.615  47524.735    30.0485     9.4776      1.601    6.59390     9.4754    23.1710   11.91918 6.0263e-02 0.0000e+00
        198 291.342248    0.01368     0.8208     49.250      1.604  47507.693    30.0365     9.4767      1.590    6.59453     9.4743    23.1617   11.92038 6.5558e-02 0.0000e+00
        199 291.342251    0.01375     0.8250     49.500      1.581  47489.180    30.0234     9.4756      1.567    6.59525     9.4733    23.1517   11.92173 6.8878e-02 0.0000e+00
        200 291.342254    0.01382     0.8292     49.750      1.546  47471.500    30.0109     9.4744      1.532    6.59595     9.4727    23.1421   11.92304 7.0915e-02 0.0000e+00
        201 291.342257    0.01389     0.8333     50.000      1.500  47457.963    30.0013     9.4735      1.487    6.59649     9.4721    23.1348   11.92405 7.3466e-02 0.0000e+00
        202 291.342260    0.01396     0.8375     50.250      1.449  47450.770    29.9962     9.4728      1.435    6.59680     9.4715    23.1309   11.92464 7.5513e-02 0.0000e+00
        203 291.342263    0.01403     0.8417     50.500      1.396  47450.935    29.9963     9.4722      1.382    6.59689     9.4708    23.1310   11.92477 7.5158e-02 0.0000e+00
        204 291.342266    0.01410     0.8458     50.750      1.346  47459.442    30.0022     9.4716      1.333    6.59673     9.4704    23.1357   11.92444 7.3243e-02 0.0000e+00
        205 291.342269    0.01417     0.8500     51.000      1.306  47475.998    30.0137     9.4709      1.293    6.59634     9.4705    23.1448   11.92366 6.9951e-02 0.0000e+00
        206 291.342271    0.01424     0.8542     51.250      1.278  47497.333    30.0286     9.4705      1.266    6.59577     9.4711    23.1565   11.92253 6.5040e-02 0.0000e+00
        207 291.342274    0.01431     0.8583     51.500      1.265  47519.088    30.0438     9.4706      1.253    6.59511     9.4722    23.1684   11.92125 6.0784e-02 0.0000e+00
        208 291.342277    0.01438     0.8625     51.750      1.269  47538.194    30.0573     9.4712      1.257    6.59444     9.4732    23.1788   11.91998 5.8725e-02 0.0000e+00
        209 291.342280    0.01444     0.8667     52.000      1.287  47552.531    30.0674     9.4723      1.275    6.59386     9.4739    23.1866   11.91889 5.8648e-02 0.0000e+00
        210 291.342283    0.01451     0.8708     52.250      1.318  47560.867    30.0734     9.4733      1.305    6.59346     9.4739    23.1910   11.91815 6.0247e-02 0.0000e+00
        211 291.342286    0.01458     0.8750     52.500      1.357  47562.719    30.0748     9.4740      1.344    6.59330     9.4728    23.1920   11.91787 6.3842e-02 0.0000e+00
        212 291.342289    0.01465     0.8792     52.750      1.401  47557.246    30.0709     9.4740      1.387    6.59346     9.4699    23.1890   11.91819 7.0515e-02 0.0000e+00
        213 291.342292    0.01472     0.8833     53.000      1.443  47542.976    30.0608     9.4729      1.429    6.59405     9.4644    23.1812   11.91929 8.1213e-02 0.0000e+00
        214 291.342295    0.01479     0.8875     53.250      1.479  47519.299    30.0438     9.4700      1.465    6.59520     9.4550    23.1684   11.92139 9.0047e-02 0.0000e+00
        215 291.342297    0.01486     0.8917     53.500      1.503  47490.923    30.0232     9.4645      1.489    6.59688     9.4404    23.1532   11.92443 9.0262e-02 0.0000e+00
        216 291.342300    0.01493     0.8958     53.750      1.513  47467.885    30.0059     9.4551      1.499    6.59898     9.4204    23.1411   11.92813 8.7902e-02 0.0000e+00
        217 291.342303    0.01500     0.9000     54.000      1.509  47459.119    29.9979     9.4406      1.495    6.60146     9.3976    23.1371   11.93233 8.7947e-02 0.0000e+00
        218 291.342306    0.01507     0.9042     54.250      1.493  47467.936    30.0015     9.4206      1.480    6.60423     9.3758    23.1430   11.93688 8.6279e-02 0.0000e+00
        219 291.342309    0.01514     0.9083     54.500      1.471  47490.784    30.0146     9.3978      1.457    6.60702     9.3579    23.1568   11.94134 8.1920e-02 0.0000e+00
        220 291.342312    0.01521     0.9125     54.750      1.446  47521.000    30.0329     9.3759      1.433    6.60944     9.3452    23.1745   11.94512 7.8138e-02 0.0000e+00
        221 291.342315    0.01528     0.9167     55.000      1.424  47552.837    30.0529     9.3580      1.411    6.61122     9.3378    23.1928   11.94783 7.7683e-02 0.0000e+00
        222 291.342318    0.01535     0.9208     55.250      1.406  47580.716    30.0708     9.3453      1.392    6.61232     9.3347    23.2087   11.94943 7.7079e-02 0.0000e+00
        223 291.342321    0.01542     0.9250     55.500      1.392  47599.746    30.0832     9.3379      1.379    6.61287     9.3342    23.2195   11.95020 7.1457e-02 0.0000e+00
        224 291.342323    0.01549     0.9292     55.750      1.381  47607.841    30.0884     9.3348      1.368    6.61310     9.3350    23.2241   11.95052 6.4331e-02 0.0000e+00
        225 291.342326    0.01556     0.9333     56.000      1.370  47605.797    30.0870     9.3344      1.357    6.61322     9.3363    23.2230   11.95075 5.9191e-02 0.0000e+00
        226 291.342329    0.01563     0.9375     56.250      1.357  47597.057    30.0810     9.3351      1.344    6.61337     9.3383    23.2182   11.95106 5.5268e-02 0.0000e+00
        227 291.342332    0.01569     0.9417     56.500      1.344  47586.623    30.0738     9.3365      1.331    6.61348     9.3408    23.2125   11.95132 5.2290e-02 0.0000e+00
        228 291.342335    0.01576     0.9458     56.750      1.331  47578.371    30.0683     9.3384      1.318    6.61342     9.3436    23.2079   11.95130 5.0212e-02 0.0000e+00
        229 291.342338    0.01583     0.9500     57.000      1.322  47574.358    30.0659     9.3410      1.309    6.61315     9.3464    23.2056   11.95088 4.8811e-02 0.0000e+00
        230 291.342341    0.01590     0.9542     57.250      1.319  47575.726    30.0672     9.3437      1.305    6.61269     9.3494    23.2062   11.95010 4.7921e-02 0.0000e+00
        231 291.342344    0.01597     0.9583     57.500      1.324  47581.549    30.0716     9.3465      1.311    6.61210     9.3531    23.2092   11.94906 4.7569e-02 0.0000e+00
        232 291.342347    0.01604     0.9625     57.750      1.338  47587.207    30.0759     9.3495      1.325    6.61147     9.3573    23.2121   11.94796 4.7764e-02 0.0000e+00
        233 291.342350    0.01611     0.9667     58.000      1.358  47587.039    30.0763     9.3532      1.345    6.61091     9.3610    23.2118   11.94704 4.8337e-02 0.0000e+00
        234 291.342352    0.01618     0.9708     58.250      1.381  47578.016    30.0705     9.3574      1.367    6.61055     9.3628    23.2067   11.94650 4.9013e-02 0.0000e+00
        235 291.342355    0.01625     0.9750     58.500      1.403  47561.320    30.0593     9.3611      1.389    6.61048     9.3613    23.1974   11.94652 4.9774e-02 0.0000e+00
        236 291.342358    0.01632     0.9792     58.750      1.420  47542.420    30.0463     9.3629      1.406    6.61077     9.3550    23.1869   11.94716 5.0841e-02 0.0000e+00
        237 291.342361    0.01639     0.9833     59.000      1.433  47527.442    30.0356     9.3614      1.419    6.61145     9.3434    23.1788   11.94842 5.2448e-02 0.0000e+00
        238 291.342364    0.01646     0.9875     59.250      1.441  47520.812    30.0302     9.3551      1.427    6.61260     9.3279    23.1755   11.95041 5.4910e-02 0.0000e+00
        239 291.342367    0.01653     0.9917     59.500      1.444  47524.960    30.0316     9.3435      1.430    6.61425     9.3112    23.1784   11.95312 5.6793e-02 0.0000e+00
        240 291.342370    0.01660     0.9958     59.750      1.443  47538.376    30.0389     9.3280      1.429    6.61621     9.2949    23.1865   11.95627 5.6474e-02 0.0000e+00
        241 291.342373    0.01667     1.0000     60.000      1.437  47557.009    30.0498     9.3113      1.424    6.61820     9.2798    23.1975   11.95944 5.5471e-02 0.0000e+00
        242 291.342376    0.01674     1.0042     60.250      1.428  47577.586    30.0621     9.2950      1.415    6.62008     9.2666    23.2096   11.96240 5.5285e-02 0.0000e+00
        243 291.342378    0.01681     1.0083     60.500      1.414  47598.037    30.0744     9.2799      1.401    6.62177     9.2556    23.2216   11.96504 5.5795e-02 0.0000e+00
        244 291.342381    0.01688     1.0125     60.750      1.396  47616.895    30.0859     9.2667      1.384    6.62322     9.2469    23.2326   11.96731 5.6927e-02 0.0000e+00
        245 291.342384    0.01694     1.0167     61.000      1.374  47633.233    30.0959     9.2557      1.362    6.62441     9.2403    23.2421   11.96916 5.6941e-02 0.0000e+00
        246 291.342387    0.01701     1.0208     61.250      1.350  47646.654    30.1042     9.2470      1.338    6.62535     9.2357    23.2499   11.97062 5.4205e-02 0.0000e+00
        247 291.342390    0.01708     1.0250     61.500      1.326  47657.201    30.1107     9.2404      1.314    6.62604     9.2330    23.2560   11.97169 5.0920e-02 0.0000e+00
        248 291.342393    0.01715     1.0292     61.750      1.304  47665.326    30.1158     9.2359      1.292    6.62649     9.2320    23.2606   11.97237 4.8917e-02 0.0000e+00
        249 291.342396    0.01722     1.0333     62.000      1.287  47671.777    30.1200     9.2332      1.275    6.62671     9.2325    23.2643   11.97268 4.7781e-02 0.0000e+00
        250 291.342399    0.01729     1.0375     62.250      1.275  47677.175    30.1237     9.2321      1.263    6.62671     9.2351    23.2673   11.97265 4.7247e-02 0.0000e+00
        251 291.342402    0.01736     1.0417     62.500      1.268  47680.939    30.1264     9.2326      1.256    6.62652     9.2407    23.2694   11.97229 4.7043e-02 0.0000e+00
        252 291.342405    0.01743     1.0458     62.750      1.267  47681.038    30.1268     9.2353      1.254    6.62611     9.2498    23.2693   11.97161 4.6897e-02 0.0000e+00
        253 291.342407    0.01750     1.0500     63.000      1.270  47675.258    30.1234     9.2409      1.258    6.62543     9.2613    23.2659   11.97052 4.6736e-02 0.0000e+00
        254 291.342410    0.01757     1.0542     63.250      1.279  47662.687    30.1158     9.2499      1.267    6.62441     9.2724    23.2585   11.96893 4.6577e-02 0.0000e+00
        255 291.342413    0.01764     1.0583     63.500      1.291  47644.886    30.1049     9.2614      1.279    6.62320     9.2808    23.2482   11.96705 4.6565e-02 0.0000e+00
        256 291.342416    0.01771     1.0625     63.750      1.307  47625.326    30.0927     9.2725      1.295    6.62208     9.2849    23.2369   11.96534 4.6892e-02 0.0000e+00
        257 291.342419    0.01778     1.0667     64.000      1.324  47607.631    30.0814     9.2809      1.312    6.62132     9.2844    23.2268   11.96423 4.7584e-02 0.0000e+00
        258 291.342422    0.01785     1.0708     64.250      1.338  47594.736    30.0729     9.2850      1.326    6.62108     9.2792    23.2196   11.96393 4.8195e-02 0.0000e+00
        259 291.342425    0.01792     1.0750     64.500      1.345  47588.386    30.0683     9.2845      1.333    6.62136     9.2701    23.2161   11.96444 4.8155e-02 0.0000e+00
        260 291.342428    0.01799     1.0792     64.750      1.341  47589.918    30.0687     9.2793      1.329    6.62211     9.2596    23.2172   11.96568 4.7713e-02 0.0000e+00
        261 291.342431    0.01806     1.0833     65.000      1.325  47599.784    30.0744     9.2703      1.313    6.62319     9.2503    23.2231   11.96741 4.7324e-02 0.0000e+00
        262 291.342433    0.01812     1.0875     65.250      1.301  47615.232    30.0839     9.2598      1.289    6.62433     9.2437    23.2321   11.96918 4.7037e-02 0.0000e+00
        263 291.342436    0.01819     1.0917     65.500      1.274  47632.305    30.0946     9.2504      1.262    6.62525     9.2413    23.2419   11.97057 4.6829e-02 0.0000e+00
        264 291.342439    0.01826     1.0958     65.750      1.250  47648.321    30.1050     9.2439      1.239    6.62577     9.2440    23.2510   11.97131 4.6638e-02 0.0000e+00
        265 291.342442    0.01833     1.1000     66.000      1.237  47660.834    30.1134     9.2414      1.226    6.62578     9.2530    23.2580   11.97122 4.6502e-02 0.0000e+00
        266 291.342445    0.01840     1.1042     66.250      1.240  47667.379    30.1184     9.2441      1.228    6.62516     9.2678    23.2614   11.97014 4.6504e-02 0.0000e+00
        267 291.342448    0.01847     1.1083     66.500      1.260  47665.989    30.1186     9.2531      1.248    6.62384     9.2854    23.2602   11.96794 4.6615e-02 0.0000e+00
        268 291.342451    0.01854     1.1125     66.750      1.295  47654.593    30.1125     9.2679      1.283    6.62191     9.3009    23.2532   11.96482 4.6896e-02 0.0000e+00
        269 291.342454    0.01861     1.1167     67.000      1.335  47631.587    30.0987     9.2855      1.323    6.61992     9.3109    23.2397   11.96169 4.7284e-02 0.0000e+00
        270 291.342457    0.01868     1.1208     67.250      1.370  47600.694    30.0791     9.3010      1.357    6.61847     9.3131    23.2220   11.95952 4.7468e-02 0.0000e+00
        271 291.342459    0.01875     1.1250     67.500      1.392  47572.222    30.0604     9.3110      1.379    6.61779     9.3068    23.2059   11.95863 4.7311e-02 0.0000e+00
