CTD-processing/allCTD/CNV--turbid/2014_12-17_t9_s07_cast166.cnv
* Sea-Bird SBE19plus Data File:
* FileName = C:\Users\kris.holderied\Documents\kasitsna\Research-Projects-and-Data\Oceanography-AK\CTD-Data-ALL-to-2014-10\2014-CTD-KachemakBay-CookInlet\2014-12-17-CookInlet-HomerSpit-monthly\2014-12-17-CookInlet-Tran9-cast166.hex
* Software Version 1.59
* Temperature SN =  4141
* Conductivity SN =  4141
* System UpLoad Time = Jan 16 2015 13:05:47
** Cook Inlet LTM Tran9 (Homer Spit) North to South
** Date: 12-17
** Station: 9-07
** Start time:  11:47
** Depth (m): 100
** Comment:  CTD time is local time (AKST).
** Comment: On Kasitsna Bay Lab R/V Banacle.
# nquan = 16
# nvalues = 787                         
# units = specified
# name 0 = scan: Scan Count
# name 1 = timeJ: Julian Days
# name 2 = timeH: Time, Elapsed [hours]
# name 3 = timeM: Time, Elapsed [minutes]
# name 4 = timeS: Time, Elapsed [seconds]
# name 5 = prdM: Pressure, Strain Gauge [db]
# name 6 = specc: Specific Conductance [uS/cm]
# name 7 = sal00: Salinity, Practical [PSU]
# name 8 = tv290C: Temperature [ITS-90, deg C]
# name 9 = depSM: Depth [salt water, m], lat = 59.00
# name 10 = oxsolML/L: Oxygen Saturation, Garcia & Gordon [ml/l]
# name 11 = potemp090C: Potential Temperature [ITS-90, deg C]
# name 12 = sigma-é00: Density [sigma-theta, kg/m^3]
# name 13 = n2satML/L: Nitrogen Saturation [ml/l]
# name 14 = par: PAR/Irradiance, Biospherical/Licor
# name 15 = flag:  0.000e+00
# span 0 =          1,        787       
# span 1 = 351.491505, 351.493779       
# span 2 =    0.00000,    0.05458       
# span 3 =     0.0000,     3.2750       
# span 4 =      0.000,    196.500       
# span 5 =     -0.199,     92.136       
# span 6 =  12847.471,  49124.825       
# span 7 =     7.1892,    30.9353       
# span 8 =     5.2392,     8.1026       
# span 9 =     -0.197,     91.254       
# span 10 =    6.76132,    8.41936      
# span 11 =     5.2392,     8.0939      
# span 12 =     5.6615,    24.0702      
# span 13 =   12.18560,   15.27585      
# span 14 = 3.6382e-02, 3.7737e+01      
# span 15 = 0.0000e+00, 0.0000e+00      
# interval = seconds: 0.25
# start_time = Dec 17 2014 11:47:46 [Instrument's time stamp, header]
# bad_flag = -9.990e-29
*END*
[from data line 272]
        273 351.492292    0.01889     1.1333     68.000      1.032  47151.353    29.2428     5.8868      1.022    7.19701     5.8867    23.0195   12.92787 1.7674e+01 0.0000e+00
        274 351.492295    0.01896     1.1375     68.250      1.031  47152.658    29.2437     5.8867      1.022    7.19699     5.8867    23.0202   12.92781 1.7602e+01 0.0000e+00
        275 351.492297    0.01903     1.1417     68.500      1.029  47153.685    29.2444     5.8867      1.020    7.19695     5.8866    23.0208   12.92775 1.7830e+01 0.0000e+00
        276 351.492300    0.01910     1.1458     68.750      1.026  47155.352    29.2455     5.8867      1.017    7.19690     5.8864    23.0217   12.92764 1.8117e+01 0.0000e+00
        277 351.492303    0.01917     1.1500     69.000      1.021  47158.039    29.2473     5.8867      1.011    7.19682     5.8861    23.0231   12.92749 1.8084e+01 0.0000e+00
        278 351.492306    0.01924     1.1542     69.250      1.010  47160.578    29.2491     5.8865      1.001    7.19678     5.8858    23.0245   12.92739 1.7871e+01 0.0000e+00
        279 351.492309    0.01931     1.1583     69.500      0.992  47160.750    29.2491     5.8862      0.983    7.19682     5.8855    23.0246   12.92746 1.7959e+01 0.0000e+00
        280 351.492312    0.01938     1.1625     69.750      0.967  47156.877    29.2464     5.8859      0.958    7.19701     5.8851    23.0225   12.92780 1.8416e+01 0.0000e+00
        281 351.492315    0.01944     1.1667     70.000      0.939  47149.950    29.2417     5.8856      0.930    7.19729     5.8847    23.0187   12.92833 1.8836e+01 0.0000e+00
        282 351.492318    0.01951     1.1708     70.250      0.913  47142.572    29.2366     5.8852      0.905    7.19759     5.8841    23.0147   12.92890 1.8974e+01 0.0000e+00
        283 351.492321    0.01958     1.1750     70.500      0.892  47135.470    29.2316     5.8847      0.884    7.19791     5.8834    23.0109   12.92949 1.8740e+01 0.0000e+00
        284 351.492323    0.01965     1.1792     70.750      0.879  47128.085    29.2265     5.8841      0.871    7.19826     5.8826    23.0069   12.93013 1.8294e+01 0.0000e+00
        285 351.492326    0.01972     1.1833     71.000      0.878  47121.692    29.2220     5.8834      0.870    7.19859     5.8821    23.0034   12.93074 1.8287e+01 0.0000e+00
        286 351.492329    0.01979     1.1875     71.250      0.891  47119.953    29.2207     5.8827      0.882    7.19878     5.8820    23.0025   12.93107 1.8673e+01 0.0000e+00
        287 351.492332    0.01986     1.1917     71.500      0.912  47126.573    29.2251     5.8822      0.904    7.19866     5.8823    23.0060   12.93081 1.8734e+01 0.0000e+00
        288 351.492335    0.01993     1.1958     71.750      0.934  47138.541    29.2332     5.8820      0.925    7.19829     5.8828    23.0125   12.93009 1.8228e+01 0.0000e+00
        289 351.492338    0.02000     1.2000     72.000      0.948  47148.798    29.2403     5.8824      0.939    7.19789     5.8834    23.0180   12.92935 1.7615e+01 0.0000e+00
        290 351.492341    0.02007     1.2042     72.250      0.950  47156.419    29.2456     5.8829      0.941    7.19755     5.8838    23.0221   12.92872 1.7584e+01 0.0000e+00
        291 351.492344    0.02014     1.2083     72.500      0.940  47159.777    29.2480     5.8834      0.931    7.19735     5.8841    23.0240   12.92836 1.7936e+01 0.0000e+00
        292 351.492347    0.02021     1.2125     72.750      0.920  47155.013    29.2448     5.8839      0.911    7.19743     5.8840    23.0214   12.92852 1.8053e+01 0.0000e+00
        293 351.492350    0.02028     1.2167     73.000      0.896  47145.986    29.2387     5.8841      0.888    7.19768     5.8838    23.0166   12.92901 1.7872e+01 0.0000e+00
        294 351.492352    0.02035     1.2208     73.250      0.875  47139.093    29.2340     5.8840      0.867    7.19791     5.8838    23.0128   12.92946 1.7683e+01 0.0000e+00
        295 351.492355    0.02042     1.2250     73.500      0.864  47136.004    29.2318     5.8839      0.856    7.19805     5.8840    23.0112   12.92971 1.7792e+01 0.0000e+00
        296 351.492358    0.02049     1.2292     73.750      0.869  47136.079    29.2319     5.8838      0.861    7.19806     5.8844    23.0112   12.92973 1.8054e+01 0.0000e+00
        297 351.492361    0.02056     1.2333     74.000      0.887  47139.605    29.2343     5.8840      0.878    7.19791     5.8851    23.0131   12.92945 1.8203e+01 0.0000e+00
        298 351.492364    0.02063     1.2375     74.250      0.911  47148.530    29.2405     5.8845      0.902    7.19753     5.8858    23.0179   12.92875 1.8155e+01 0.0000e+00
        299 351.492367    0.02069     1.2417     74.500      0.932  47161.294    29.2493     5.8851      0.924    7.19700     5.8864    23.0248   12.92775 1.7945e+01 0.0000e+00
        300 351.492370    0.02076     1.2458     74.750      0.944  47172.979    29.2575     5.8858      0.936    7.19649     5.8868    23.0312   12.92681 1.7836e+01 0.0000e+00
        301 351.492373    0.02083     1.2500     75.000      0.944  47180.088    29.2625     5.8864      0.935    7.19615     5.8869    23.0350   12.92618 1.8127e+01 0.0000e+00
        302 351.492376    0.02090     1.2542     75.250      0.932  47178.181    29.2612     5.8868      0.924    7.19614     5.8867    23.0340   12.92617 1.8607e+01 0.0000e+00
        303 351.492378    0.02097     1.2583     75.500      0.912  47166.820    29.2535     5.8870      0.903    7.19648     5.8862    23.0279   12.92684 1.8638e+01 0.0000e+00
        304 351.492381    0.02104     1.2625     75.750      0.886  47151.566    29.2430     5.8868      0.878    7.19701     5.8854    23.0197   12.92786 1.8329e+01 0.0000e+00
        305 351.492384    0.02111     1.2667     76.000      0.860  47135.968    29.2323     5.8863      0.852    7.19762     5.8844    23.0112   12.92900 1.8383e+01 0.0000e+00
        306 351.492387    0.02118     1.2708     76.250      0.835  47120.582    29.2216     5.8855      0.827    7.19827     5.8833    23.0029   12.93021 1.8843e+01 0.0000e+00
        307 351.492390    0.02125     1.2750     76.500      0.815  47105.977    29.2115     5.8845      0.808    7.19892     5.8823    22.9950   12.93142 1.9148e+01 0.0000e+00
        308 351.492393    0.02132     1.2792     76.750      0.804  47094.031    29.2031     5.8834      0.797    7.19951     5.8813    22.9885   12.93249 1.9103e+01 0.0000e+00
        309 351.492396    0.02139     1.2833     77.000      0.804  47086.189    29.1975     5.8823      0.797    7.19996     5.8806    22.9843   12.93331 1.8936e+01 0.0000e+00
        310 351.492399    0.02146     1.2875     77.250      0.813  47081.418    29.1941     5.8813      0.806    7.20029     5.8800    22.9817   12.93390 1.8841e+01 0.0000e+00
        311 351.492402    0.02153     1.2917     77.500      0.822  47079.078    29.1923     5.8806      0.815    7.20050     5.8796    22.9804   12.93427 1.8934e+01 0.0000e+00
        312 351.492405    0.02160     1.2958     77.750      0.823  47079.339    29.1924     5.8800      0.815    7.20058     5.8793    22.9805   12.93442 1.9114e+01 0.0000e+00
        313 351.492407    0.02167     1.3000     78.000      0.812  47080.699    29.1933     5.8797      0.804    7.20060     5.8789    22.9812   12.93444 1.9086e+01 0.0000e+00
        314 351.492410    0.02174     1.3042     78.250      0.794  47083.415    29.1951     5.8793      0.787    7.20057     5.8785    22.9827   12.93437 1.8697e+01 0.0000e+00
        315 351.492413    0.02181     1.3083     78.500      0.780  47091.516    29.2006     5.8789      0.773    7.20038     5.8782    22.9871   12.93398 1.8270e+01 0.0000e+00
        316 351.492416    0.02187     1.3125     78.750      0.783  47109.583    29.2128     5.8785      0.776    7.19987     5.8782    22.9968   12.93297 1.8105e+01 0.0000e+00
        317 351.492419    0.02194     1.3167     79.000      0.810  47143.630    29.2361     5.8782      0.802    7.19881     5.8786    23.0152   12.93091 1.7685e+01 0.0000e+00
        318 351.492422    0.02201     1.3208     79.250      0.860  47200.608    29.2751     5.8783      0.852    7.19694     5.8792    23.0459   12.92732 1.6709e+01 0.0000e+00
        319 351.492425    0.02208     1.3250     79.500      0.926  47274.552    29.3257     5.8787      0.918    7.19445     5.8790    23.0859   12.92254 1.5868e+01 0.0000e+00
        320 351.492428    0.02215     1.3292     79.750      0.996  47344.410    29.3736     5.8792      0.987    7.19207     5.8779    23.1236   12.91799 1.5512e+01 0.0000e+00
        321 351.492431    0.02222     1.3333     80.000      1.060  47397.986    29.4103     5.8791      1.051    7.19034     5.8763    23.1525   12.91466 1.5428e+01 0.0000e+00
        322 351.492433    0.02229     1.3375     80.250      1.115  47439.973    29.4388     5.8780      1.105    7.18916     5.8746    23.1752   12.91234 1.5474e+01 0.0000e+00
        323 351.492436    0.02236     1.3417     80.500      1.164  47478.724    29.4650     5.8764      1.153    7.18820     5.8734    23.1960   12.91041 1.5279e+01 0.0000e+00
        324 351.492439    0.02243     1.3458     80.750      1.212  47521.243    29.4938     5.8747      1.201    7.18712     5.8733    23.2189   12.90824 1.4650e+01 0.0000e+00
        325 351.492442    0.02250     1.3500     81.000      1.264  47573.736    29.5295     5.8735      1.252    7.18562     5.8752    23.2473   12.90530 1.3863e+01 0.0000e+00
        326 351.492445    0.02257     1.3542     81.250      1.324  47643.399    29.5772     5.8734      1.311    7.18337     5.8814    23.2849   12.90097 1.3239e+01 0.0000e+00
        327 351.492448    0.02264     1.3583     81.500      1.394  47736.661    29.6415     5.8753      1.381    7.17999     5.8964    23.3354   12.89455 1.2886e+01 0.0000e+00
        328 351.492451    0.02271     1.3625     81.750      1.474  47853.575    29.7228     5.8815      1.461    7.17509     5.9270    23.3988   12.88540 1.2650e+01 0.0000e+00
        329 351.492454    0.02278     1.3667     82.000      1.563  47995.221    29.8226     5.8965      1.549    7.16782     5.9785    23.4759   12.87208 1.2380e+01 0.0000e+00
        330 351.492457    0.02285     1.3708     82.250      1.658  48155.896    29.9385     5.9272      1.643    7.15714     6.0470    23.5638   12.85294 1.2040e+01 0.0000e+00
        331 351.492459    0.02292     1.3750     82.500      1.758  48294.657    30.0431     5.9786      1.742    7.14351     6.1202    23.6404   12.82906 1.1607e+01 0.0000e+00
        332 351.492462    0.02299     1.3792     82.750      1.857  48367.036    30.1053     6.0472      1.840    7.12904     6.1860    23.6815   12.80431 1.1081e+01 0.0000e+00
        333 351.492465    0.02306     1.3833     83.000      1.952  48378.697    30.1265     6.1203      1.934    7.11575     6.2403    23.6897   12.78207 1.0546e+01 0.0000e+00
        334 351.492468    0.02313     1.3875     83.250      2.043  48368.046    30.1311     6.1862      2.024    7.10450     6.2856    23.6856   12.76342 1.0134e+01 0.0000e+00
        335 351.492471    0.02319     1.3917     83.500      2.131  48364.904    30.1387     6.2405      2.111    7.09507     6.3265    23.6852   12.74771 9.8992e+00 0.0000e+00
        336 351.492474    0.02326     1.3958     83.750      2.221  48377.361    30.1554     6.2858      2.200    7.08674     6.3667    23.6930   12.73372 9.7390e+00 0.0000e+00
        337 351.492477    0.02333     1.4000     84.000      2.316  48402.243    30.1798     6.3266      2.294    7.07880     6.4081    23.7074   12.72027 9.4690e+00 0.0000e+00
        338 351.492480    0.02340     1.4042     84.250      2.419  48434.031    30.2088     6.3668      2.397    7.07077     6.4510    23.7254   12.70662 9.0472e+00 0.0000e+00
        339 351.492483    0.02347     1.4083     84.500      2.533  48466.788    30.2387     6.4083      2.509    7.06251     6.4947    23.7440   12.69258 8.6079e+00 0.0000e+00
        340 351.492486    0.02354     1.4125     84.750      2.656  48496.778    30.2669     6.4512      2.632    7.05410     6.5375    23.7610   12.67831 8.2554e+00 0.0000e+00
        341 351.492488    0.02361     1.4167     85.000      2.786  48519.703    30.2904     6.4949      2.760    7.04580     6.5772    23.7742   12.66429 7.9684e+00 0.0000e+00
        342 351.492491    0.02368     1.4208     85.250      2.918  48532.500    30.3067     6.5378      2.891    7.03798     6.6119    23.7819   12.65116 7.6984e+00 0.0000e+00
        343 351.492494    0.02375     1.4250     85.500      3.050  48536.055    30.3161     6.5775      3.022    7.03102     6.6404    23.7844   12.63952 7.4339e+00 0.0000e+00
        344 351.492497    0.02382     1.4292     85.750      3.182  48532.748    30.3198     6.6121      3.152    7.02516     6.6629    23.7830   12.62978 7.1548e+00 0.0000e+00
        345 351.492500    0.02389     1.4333     86.000      3.313  48525.742    30.3199     6.6407      3.282    7.02047     6.6801    23.7796   12.62203 6.8421e+00 0.0000e+00
        346 351.492503    0.02396     1.4375     86.250      3.447  48518.122    30.3185     6.6632      3.415    7.01685     6.6930    23.7757   12.61606 6.5149e+00 0.0000e+00
        347 351.492506    0.02403     1.4417     86.500      3.587  48511.814    30.3170     6.6804      3.554    7.01411     6.7028    23.7724   12.61154 6.2070e+00 0.0000e+00
        348 351.492509    0.02410     1.4458     86.750      3.735  48507.945    30.3165     6.6933      3.700    7.01202     6.7106    23.7704   12.60809 5.9444e+00 0.0000e+00
        349 351.492512    0.02417     1.4500     87.000      3.888  48507.075    30.3176     6.7031      3.852    7.01037     6.7174    23.7700   12.60535 5.7343e+00 0.0000e+00
        350 351.492514    0.02424     1.4542     87.250      4.045  48509.498    30.3205     6.7109      4.008    7.00896     6.7243    23.7714   12.60298 5.5662e+00 0.0000e+00
        351 351.492517    0.02431     1.4583     87.500      4.201  48515.779    30.3260     6.7178      4.162    7.00759     6.7321    23.7748   12.60064 5.4288e+00 0.0000e+00
        352 351.492520    0.02438     1.4625     87.750      4.351  48525.983    30.3341     6.7247      4.310    7.00609     6.7412    23.7804   12.59805 5.3136e+00 0.0000e+00
        353 351.492523    0.02444     1.4667     88.000      4.491  48538.053    30.3437     6.7325      4.449    7.00437     6.7515    23.7870   12.59509 5.2127e+00 0.0000e+00
        354 351.492526    0.02451     1.4708     88.250      4.620  48549.162    30.3529     6.7416      4.577    7.00245     6.7627    23.7931   12.59181 5.1137e+00 0.0000e+00
        355 351.492529    0.02458     1.4750     88.500      4.742  48559.542    30.3618     6.7519      4.698    7.00037     6.7748    23.7988   12.58825 5.0017e+00 0.0000e+00
        356 351.492532    0.02465     1.4792     88.750      4.861  48570.843    30.3715     6.7631      4.816    6.99810     6.7879    23.8050   12.58437 4.8685e+00 0.0000e+00
        357 351.492535    0.02472     1.4833     89.000      4.982  48582.629    30.3817     6.7752      4.936    6.99566     6.8019    23.8115   12.58020 4.7123e+00 0.0000e+00
        358 351.492538    0.02479     1.4875     89.250      5.110  48594.532    30.3921     6.7883      5.062    6.99305     6.8170    23.8181   12.57576 4.5327e+00 0.0000e+00
        359 351.492541    0.02486     1.4917     89.500      5.246  48608.044    30.4038     6.8023      5.197    6.99024     6.8338    23.8255   12.57097 4.3362e+00 0.0000e+00
        360 351.492543    0.02493     1.4958     89.750      5.390  48624.719    30.4179     6.8174      5.340    6.98714     6.8534    23.8347   12.56566 4.1380e+00 0.0000e+00
        361 351.492546    0.02500     1.5000     90.000      5.542  48645.926    30.4354     6.8343      5.490    6.98360     6.8770    23.8463   12.55958 3.9535e+00 0.0000e+00
