CTD-processing/allCTD/CNV--turbid/2014_07-22_t3_s14_cast182.cnv
* Sea-Bird SBE19plus Data File:
* FileName = C:\Users\kris.holderied\Documents\kasitsna\Research-Projects-and-Data\Oceanography-AK\CTD-Data-ALL-to-2014-06\2014-CTD-KachemakBay-CookInlet\2014-07-EVOSTC-CookInlet-quarterly\2014-07-22-CookInlet-Tran3-AnchorPt\2014-07-22-CookInlet-Tran3-cast182.hex
* Software Version 1.59
* Temperature SN =  4141
* Conductivity SN =  4141
* System UpLoad Time = Jul 22 2014 17:35:21
** Cook Inlet LTM Transect 3 (Anchor Pt) East to West
** Date: 07-22
** Station: 3-14
** Start time: 08:59
** Depth (m): 25.5
** Comment:  CTD time is Alaska Daylight time.
** Comment:
# nquan = 16
# nvalues = 515                         
# units = specified
# name 0 = scan: Scan Count
# name 1 = timeJ: Julian Days
# name 2 = timeH: Time, Elapsed [hours]
# name 3 = timeM: Time, Elapsed [minutes]
# name 4 = timeS: Time, Elapsed [seconds]
# name 5 = prdM: Pressure, Strain Gauge [db]
# name 6 = specc: Specific Conductance [uS/cm]
# name 7 = sal00: Salinity, Practical [PSU]
# name 8 = tv290C: Temperature [ITS-90, deg C]
# name 9 = depSM: Depth [salt water, m], lat = 59.00
# name 10 = oxsolML/L: Oxygen Saturation, Garcia & Gordon [ml/l]
# name 11 = potemp090C: Potential Temperature [ITS-90, deg C]
# name 12 = sigma-é00: Density [sigma-theta, kg/m^3]
# name 13 = n2satML/L: Nitrogen Saturation [ml/l]
# name 14 = par: PAR/Irradiance, Biospherical/Licor
# name 15 = flag:  0.000e+00
# span 0 =          1,        515       
# span 1 = 203.374687, 203.376175       
# span 2 =    0.00000,    0.03569       
# span 3 =     0.0000,     2.1417       
# span 4 =      0.000,    128.500       
# span 5 =     -0.058,     26.738       
# span 6 =    323.098,  49154.250       
# span 7 =     0.1525,    31.3661       
# span 8 =    10.7640,    11.1607       
# span 9 =     -0.057,     26.487       
# span 10 =    6.32213,    7.68550      
# span 11 =    10.7609,    11.1519      
# span 12 =    -0.2875,    23.9682      
# span 13 =   11.45366,   14.14476      
# span 14 = 6.1028e-01, 9.8396e+02      
# span 15 = 0.0000e+00, 0.0000e+00      
# interval = seconds: 0.25
# start_time = Jul 22 2014 08:59:33 [Instrument's time stamp, header]
# bad_flag = -9.990e-29
*END*
[from data line 91]
         92 203.374951    0.00632     0.3792     22.750      1.431  49113.640    31.3280    10.7966      1.418    6.35427    10.7996    23.9527   11.50675 1.8015e+02 0.0000e+00
         93 203.374954    0.00639     0.3833     23.000      1.526  49116.691    31.3303    10.7977      1.512    6.35402    10.8023    23.9543   11.50632 1.7464e+02 0.0000e+00
         94 203.374957    0.00646     0.3875     23.250      1.569  49117.737    31.3312    10.7997      1.555    6.35371    10.8049    23.9547   11.50578 1.7509e+02 0.0000e+00
         95 203.374959    0.00653     0.3917     23.500      1.561  49115.985    31.3303    10.8024      1.547    6.35338    10.8065    23.9535   11.50525 1.8232e+02 0.0000e+00
         96 203.374962    0.00660     0.3958     23.750      1.513  49112.177    31.3279    10.8050      1.499    6.35312    10.8068    23.9512   11.50485 1.9696e+02 0.0000e+00
         97 203.374965    0.00667     0.4000     24.000      1.434  49107.995    31.3252    10.8066      1.420    6.35301    10.8059    23.9488   11.50469 2.2124e+02 0.0000e+00
         98 203.374968    0.00674     0.4042     24.250      1.337  49104.376    31.3227    10.8070      1.324    6.35307    10.8043    23.9468   11.50482 2.5414e+02 0.0000e+00
         99 203.374971    0.00681     0.4083     24.500      1.244  49101.533    31.3206    10.8061      1.233    6.35327    10.8023    23.9454   11.50519 2.8600e+02 0.0000e+00
        100 203.374974    0.00688     0.4125     24.750      1.182  49100.148    31.3194    10.8044      1.171    6.35355    10.8003    23.9448   11.50566 3.0474e+02 0.0000e+00
        101 203.374977    0.00694     0.4167     25.000      1.168  49100.640    31.3196    10.8024      1.157    6.35382    10.7986    23.9452   11.50611 3.0421e+02 0.0000e+00
        102 203.374980    0.00701     0.4208     25.250      1.200  49102.548    31.3207    10.8004      1.189    6.35405    10.7974    23.9464   11.50647 2.8868e+02 0.0000e+00
        103 203.374983    0.00708     0.4250     25.500      1.268  49105.191    31.3223    10.7988      1.257    6.35421    10.7965    23.9480   11.50671 2.7081e+02 0.0000e+00
        104 203.374986    0.00715     0.4292     25.750      1.358  49108.083    31.3242    10.7975      1.346    6.35430    10.7959    23.9496   11.50685 2.5942e+02 0.0000e+00
        105 203.374988    0.00722     0.4333     26.000      1.457  49110.728    31.3259    10.7966      1.443    6.35435    10.7955    23.9511   11.50691 2.5483e+02 0.0000e+00
        106 203.374991    0.00729     0.4375     26.250      1.552  49112.378    31.3270    10.7961      1.538    6.35438    10.7952    23.9520   11.50695 2.5519e+02 0.0000e+00
        107 203.374994    0.00736     0.4417     26.500      1.636  49112.587    31.3271    10.7957      1.621    6.35443    10.7950    23.9522   11.50703 2.6025e+02 0.0000e+00
        108 203.374997    0.00743     0.4458     26.750      1.705  49111.999    31.3266    10.7954      1.689    6.35449    10.7950    23.9519   11.50713 2.6472e+02 0.0000e+00
        109 203.375000    0.00750     0.4500     27.000      1.756  49111.748    31.3264    10.7953      1.740    6.35452    10.7950    23.9517   11.50719 2.6178e+02 0.0000e+00
        110 203.375003    0.00757     0.4542     27.250      1.787  49112.494    31.3269    10.7952      1.771    6.35451    10.7952    23.9521   11.50716 2.5641e+02 0.0000e+00
        111 203.375006    0.00764     0.4583     27.500      1.792  49114.525    31.3283    10.7952      1.776    6.35444    10.7955    23.9533   11.50704 2.5746e+02 0.0000e+00
        112 203.375009    0.00771     0.4625     27.750      1.766  49117.790    31.3307    10.7954      1.750    6.35433    10.7959    23.9551   11.50681 2.6599e+02 0.0000e+00
        113 203.375012    0.00778     0.4667     28.000      1.706  49121.157    31.3331    10.7957      1.690    6.35419    10.7964    23.9569   11.50656 2.7980e+02 0.0000e+00
        114 203.375014    0.00785     0.4708     28.250      1.612  49122.666    31.3342    10.7961      1.597    6.35409    10.7970    23.9577   11.50638 2.9511e+02 0.0000e+00
        115 203.375017    0.00792     0.4750     28.500      1.492  49121.108    31.3333    10.7966      1.478    6.35406    10.7974    23.9568   11.50634 3.0803e+02 0.0000e+00
        116 203.375020    0.00799     0.4792     28.750      1.355  49117.061    31.3306    10.7971      1.343    6.35409    10.7976    23.9546   11.50642 3.2208e+02 0.0000e+00
        117 203.375023    0.00806     0.4833     29.000      1.218  49112.574    31.3275    10.7976      1.206    6.35415    10.7975    23.9521   11.50656 3.3849e+02 0.0000e+00
        118 203.375026    0.00813     0.4875     29.250      1.096  49109.362    31.3253    10.7978      1.086    6.35422    10.7973    23.9504   11.50670 3.5091e+02 0.0000e+00
        119 203.375029    0.00819     0.4917     29.500      1.009  49107.728    31.3242    10.7977      1.000    6.35428    10.7970    23.9495   11.50681 3.5605e+02 0.0000e+00
        120 203.375032    0.00826     0.4958     29.750      0.969  49107.224    31.3238    10.7974      0.960    6.35433    10.7968    23.9493   11.50690 3.5426e+02 0.0000e+00
        121 203.375035    0.00833     0.5000     30.000      0.980  49107.308    31.3238    10.7972      0.971    6.35436    10.7966    23.9494   11.50695 3.4499e+02 0.0000e+00
        122 203.375038    0.00840     0.5042     30.250      1.037  49107.516    31.3239    10.7970      1.028    6.35439    10.7965    23.9495   11.50700 3.2959e+02 0.0000e+00
        123 203.375041    0.00847     0.5083     30.500      1.132  49107.514    31.3238    10.7968      1.122    6.35442    10.7964    23.9494   11.50704 3.1444e+02 0.0000e+00
        124 203.375043    0.00854     0.5125     30.750      1.253  49107.302    31.3236    10.7967      1.242    6.35444    10.7965    23.9493   11.50709 3.0168e+02 0.0000e+00
        125 203.375046    0.00861     0.5167     31.000      1.392  49107.237    31.3235    10.7966      1.379    6.35445    10.7968    23.9492   11.50711 2.9059e+02 0.0000e+00
        126 203.375049    0.00868     0.5208     31.250      1.536  49107.848    31.3239    10.7967      1.522    6.35443    10.7974    23.9495   11.50706 2.8268e+02 0.0000e+00
        127 203.375052    0.00875     0.5250     31.500      1.674  49109.737    31.3252    10.7970      1.659    6.35433    10.7985    23.9505   11.50689 2.7863e+02 0.0000e+00
        128 203.375055    0.00882     0.5292     31.750      1.790  49113.262    31.3277    10.7976      1.773    6.35415    10.8006    23.9523   11.50655 2.7965e+02 0.0000e+00
        129 203.375058    0.00889     0.5333     32.000      1.869  49117.302    31.3306    10.7987      1.852    6.35387    10.8037    23.9545   11.50606 2.8549e+02 0.0000e+00
        130 203.375061    0.00896     0.5375     32.250      1.903  49119.285    31.3323    10.8008      1.885    6.35353    10.8074    23.9554   11.50547 2.9746e+02 0.0000e+00
        131 203.375064    0.00903     0.5417     32.500      1.888  49117.965    31.3317    10.8039      1.871    6.35312    10.8109    23.9544   11.50481 3.1623e+02 0.0000e+00
        132 203.375067    0.00910     0.5458     32.750      1.830  49114.527    31.3298    10.8076      1.813    6.35269    10.8136    23.9522   11.50412 3.3478e+02 0.0000e+00
        133 203.375069    0.00917     0.5500     33.000      1.738  49110.505    31.3274    10.8111      1.722    6.35231    10.8152    23.9497   11.50351 3.4751e+02 0.0000e+00
        134 203.375072    0.00924     0.5542     33.250      1.628  49106.409    31.3248    10.8138      1.613    6.35205    10.8158    23.9473   11.50311 3.5536e+02 0.0000e+00
        135 203.375075    0.00931     0.5583     33.500      1.518  49102.605    31.3223    10.8154      1.504    6.35192    10.8151    23.9451   11.50293 3.6067e+02 0.0000e+00
        136 203.375078    0.00937     0.5625     33.750      1.426  49099.795    31.3204    10.8159      1.413    6.35193    10.8132    23.9436   11.50296 3.5888e+02 0.0000e+00
        137 203.375081    0.00944     0.5667     34.000      1.368  49098.430    31.3194    10.8152      1.355    6.35207    10.8109    23.9429   11.50321 3.4106e+02 0.0000e+00
        138 203.375084    0.00951     0.5708     34.250      1.348  49098.901    31.3195    10.8134      1.336    6.35231    10.8087    23.9433   11.50361 3.1525e+02 0.0000e+00
        139 203.375087    0.00958     0.5750     34.500      1.367  49101.539    31.3211    10.8110      1.355    6.35257    10.8073    23.9449   11.50402 2.9827e+02 0.0000e+00
        140 203.375090    0.00965     0.5792     34.750      1.419  49106.097    31.3241    10.8089      1.406    6.35274    10.8067    23.9476   11.50427 2.9090e+02 0.0000e+00
        141 203.375093    0.00972     0.5833     35.000      1.493  49111.915    31.3280    10.8075      1.479    6.35278    10.8072    23.9509   11.50429 2.8386e+02 0.0000e+00
        142 203.375095    0.00979     0.5875     35.250      1.578  49117.955    31.3322    10.8069      1.564    6.35269    10.8089    23.9543   11.50408 2.7339e+02 0.0000e+00
        143 203.375098    0.00986     0.5917     35.500      1.668  49122.823    31.3357    10.8074      1.652    6.35248    10.8120    23.9569   11.50370 2.6300e+02 0.0000e+00
        144 203.375101    0.00993     0.5958     35.750      1.755  49125.228    31.3375    10.8091      1.739    6.35217    10.8160    23.9580   11.50315 2.5547e+02 0.0000e+00
        145 203.375104    0.01000     0.6000     36.000      1.839  49124.509    31.3373    10.8122      1.821    6.35175    10.8201    23.9574   11.50246 2.5105e+02 0.0000e+00
        146 203.375107    0.01007     0.6042     36.250      1.918  49121.346    31.3355    10.8162      1.900    6.35127    10.8235    23.9553   11.50170 2.5000e+02 0.0000e+00
        147 203.375110    0.01014     0.6083     36.500      1.992  49117.331    31.3331    10.8203      1.973    6.35082    10.8261    23.9527   11.50097 2.5189e+02 0.0000e+00
        148 203.375113    0.01021     0.6125     36.750      2.056  49113.882    31.3311    10.8237      2.036    6.35044    10.8280    23.9505   11.50036 2.5524e+02 0.0000e+00
        149 203.375116    0.01028     0.6167     37.000      2.107  49111.784    31.3299    10.8263      2.087    6.35013    10.8295    23.9491   11.49986 2.5796e+02 0.0000e+00
        150 203.375119    0.01035     0.6208     37.250      2.143  49110.911    31.3294    10.8282      2.123    6.34988    10.8309    23.9485   11.49945 2.5986e+02 0.0000e+00
        151 203.375122    0.01042     0.6250     37.500      2.163  49110.616    31.3294    10.8297      2.142    6.34968    10.8327    23.9482   11.49912 2.6300e+02 0.0000e+00
        152 203.375124    0.01049     0.6292     37.750      2.166  49110.531    31.3295    10.8312      2.145    6.34948    10.8349    23.9480   11.49878 2.6720e+02 0.0000e+00
        153 203.375127    0.01056     0.6333     38.000      2.152  49110.570    31.3297    10.8329      2.132    6.34922    10.8375    23.9479   11.49836 2.7213e+02 0.0000e+00
        154 203.375130    0.01063     0.6375     38.250      2.122  49110.556    31.3300    10.8352      2.102    6.34891    10.8403    23.9477   11.49784 2.8008e+02 0.0000e+00
        155 203.375133    0.01069     0.6417     38.500      2.077  49110.158    31.3300    10.8377      2.058    6.34856    10.8434    23.9473   11.49726 2.9002e+02 0.0000e+00
        156 203.375136    0.01076     0.6458     38.750      2.018  49109.381    31.3298    10.8406      1.999    6.34817    10.8464    23.9466   11.49663 2.9973e+02 0.0000e+00
        157 203.375139    0.01083     0.6500     39.000      1.945  49108.451    31.3296    10.8436      1.927    6.34777    10.8493    23.9459   11.49596 3.0787e+02 0.0000e+00
        158 203.375142    0.01090     0.6542     39.250      1.861  49106.961    31.3289    10.8467      1.844    6.34738    10.8517    23.9449   11.49532 3.1240e+02 0.0000e+00
        159 203.375145    0.01097     0.6583     39.500      1.771  49104.217    31.3273    10.8495      1.755    6.34706    10.8533    23.9431   11.49480 3.1708e+02 0.0000e+00
        160 203.375148    0.01104     0.6625     39.750      1.686  49099.931    31.3246    10.8519      1.670    6.34684    10.8536    23.9406   11.49447 3.2534e+02 0.0000e+00
        161 203.375150    0.01111     0.6667     40.000      1.616  49094.454    31.3209    10.8534      1.601    6.34677    10.8521    23.9374   11.49441 3.3416e+02 0.0000e+00
        162 203.375153    0.01118     0.6708     40.250      1.576  49088.970    31.3171    10.8537      1.561    6.34689    10.8486    23.9344   11.49465 3.4158e+02 0.0000e+00
        163 203.375156    0.01125     0.6750     40.500      1.572  49084.833    31.3140    10.8523      1.557    6.34721    10.8428    23.9322   11.49522 3.4368e+02 0.0000e+00
        164 203.375159    0.01132     0.6792     40.750      1.609  49082.742    31.3121    10.8488      1.594    6.34778    10.8359    23.9314   11.49618 3.3511e+02 0.0000e+00
        165 203.375162    0.01139     0.6833     41.000      1.681  49083.270    31.3118    10.8430      1.665    6.34857    10.8289    23.9321   11.49750 3.1756e+02 0.0000e+00
        166 203.375165    0.01146     0.6875     41.250      1.778  49087.088    31.3136    10.8361      1.761    6.34945    10.8231    23.9348   11.49893 2.9783e+02 0.0000e+00
        167 203.375168    0.01153     0.6917     41.500      1.884  49094.361    31.3179    10.8291      1.867    6.35023    10.8192    23.9393   11.50016 2.8280e+02 0.0000e+00
        168 203.375171    0.01160     0.6958     41.750      1.986  49104.860    31.3246    10.8233      1.968    6.35075    10.8177    23.9456   11.50096 2.7541e+02 0.0000e+00
        169 203.375174    0.01167     0.7000     42.000      2.072  49117.357    31.3330    10.8194      2.052    6.35095    10.8191    23.9528   11.50118 2.7352e+02 0.0000e+00
        170 203.375177    0.01174     0.7042     42.250      2.132  49128.673    31.3408    10.8179      2.112    6.35083    10.8236    23.9591   11.50090 2.7382e+02 0.0000e+00
        171 203.375179    0.01181     0.7083     42.500      2.166  49134.827    31.3453    10.8194      2.146    6.35045    10.8301    23.9624   11.50022 2.7349e+02 0.0000e+00
        172 203.375182    0.01188     0.7125     42.750      2.176  49134.034    31.3453    10.8238      2.155    6.34985    10.8371    23.9615   11.49921 2.7108e+02 0.0000e+00
        173 203.375185    0.01194     0.7167     43.000      2.167  49128.471    31.3421    10.8303      2.147    6.34909    10.8437    23.9579   11.49798 2.6980e+02 0.0000e+00
        174 203.375188    0.01201     0.7208     43.250      2.147  49121.903    31.3383    10.8374      2.127    6.34827    10.8497    23.9537   11.49668 2.7366e+02 0.0000e+00
        175 203.375191    0.01208     0.7250     43.500      2.116  49116.317    31.3351    10.8440      2.096    6.34750    10.8551    23.9501   11.49543 2.8241e+02 0.0000e+00
        176 203.375194    0.01215     0.7292     43.750      2.072  49111.601    31.3325    10.8499      2.053    6.34679    10.8600    23.9471   11.49430 2.9175e+02 0.0000e+00
        177 203.375197    0.01222     0.7333     44.000      2.012  49107.077    31.3299    10.8553      1.994    6.34616    10.8642    23.9442   11.49328 2.9785e+02 0.0000e+00
        178 203.375200    0.01229     0.7375     44.250      1.937  49102.569    31.3273    10.8602      1.919    6.34560    10.8676    23.9413   11.49238 3.0076e+02 0.0000e+00
        179 203.375203    0.01236     0.7417     44.500      1.850  49098.242    31.3247    10.8644      1.833    6.34512    10.8702    23.9386   11.49162 3.0171e+02 0.0000e+00
        180 203.375205    0.01243     0.7458     44.750      1.758  49093.968    31.3222    10.8678      1.742    6.34476    10.8721    23.9360   11.49105 3.0414e+02 0.0000e+00
