CTD-processing/allCTD/CNV--turbid/2014_02-15_t4_s03_cast182.cnv
* Sea-Bird SBE19plus Data File:
* FileName = C:\Users\kris.holderied\Documents\kasitsna\Research-Projects-and-Data\Oceanography-AK\CTD-CookInlet-GulfWatchAK\2014-02-EVOSTC-CookInlet-LTM-BATCH-UPLOAD\2014-02-CookInlet-Seasonal-cast182.hex
* Software Version 1.59
* Temperature SN =  5028
* Conductivity SN =  5028
* System UpLoad Time = Apr 09 2014 20:19:22
** Cook Inlet LTM 2014 February Seasonal - Batch upload
** Date: 2014-02-15
** Station: 4-03
** Start time: 13:57
** Depth (m): 110
** CoComment:
** Comment:
# nquan = 16
# nvalues = 702                         
# units = specified
# name 0 = scan: Scan Count
# name 1 = timeJ: Julian Days
# name 2 = timeH: Time, Elapsed [hours]
# name 3 = timeM: Time, Elapsed [minutes]
# name 4 = timeS: Time, Elapsed [seconds]
# name 5 = prdM: Pressure, Strain Gauge [db]
# name 6 = specc: Specific Conductance [uS/cm]
# name 7 = sal00: Salinity, Practical [PSU]
# name 8 = tv290C: Temperature [ITS-90, deg C]
# name 9 = depSM: Depth [salt water, m], lat = 59.00
# name 10 = oxsolML/L: Oxygen Saturation, Garcia & Gordon [ml/l]
# name 11 = potemp090C: Potential Temperature [ITS-90, deg C]
# name 12 = sigma-é00: Density [sigma-theta, kg/m^3]
# name 13 = n2satML/L: Nitrogen Saturation [ml/l]
# name 14 = par: PAR/Irradiance, Biospherical/Licor
# name 15 = flag:  0.000e+00
# span 0 =          1,        702       
# span 1 =  46.580845,  46.582873       
# span 2 =    0.00000,    0.04868       
# span 3 =     0.0000,     2.9208       
# span 4 =      0.000,    175.250       
# span 5 =     -0.488,    107.619       
# span 6 =    303.095,  51481.978       
# span 7 =     0.1338,    31.8736       
# span 8 =     0.3276,     4.8167       
# span 9 =     -0.483,    106.585       
# span 10 =    7.25563,   10.12709      
# span 11 =     0.3275,     4.8090      
# span 12 =    -0.0262,    25.2729      
# span 13 =   12.99101,   18.24723      
# span 14 = 3.7912e-02, 1.8024e+01      
# span 15 = 0.0000e+00, 0.0000e+00      
# interval = seconds: 0.25
# start_time = Feb 15 2014 13:56:25 [Instrument's time stamp, header]
# bad_flag = -9.990e-29
*END*
[from data line 633]
        634  46.582677    0.04396     2.6375    158.250     93.764  51338.050    31.8516     4.8092     92.867    7.25699     4.8030    25.2011   12.99325 3.7912e-02 0.0000e+00
        635  46.582679    0.04403     2.6417    158.500     93.861  51338.054    31.8516     4.8094     92.963    7.25695     4.8032    25.2011   12.99319 3.7912e-02 0.0000e+00
        636  46.582682    0.04410     2.6458    158.750     93.973  51337.990    31.8516     4.8096     93.074    7.25691     4.8033    25.2011   12.99313 3.7912e-02 0.0000e+00
        637  46.582685    0.04417     2.6500    159.000     94.105  51337.896    31.8515     4.8098     93.204    7.25688     4.8034    25.2010   12.99308 3.7912e-02 0.0000e+00
        638  46.582688    0.04424     2.6542    159.250     94.262  51337.794    31.8513     4.8099     93.359    7.25686     4.8034    25.2008   12.99305 3.7912e-02 0.0000e+00
        639  46.582691    0.04431     2.6583    159.500     94.443  51337.727    31.8512     4.8100     93.539    7.25685     4.8034    25.2007   12.99304 3.7912e-02 0.0000e+00
        640  46.582694    0.04437     2.6625    159.750     94.649  51337.778    31.8511     4.8100     93.742    7.25685     4.8034    25.2007   12.99304 3.7912e-02 0.0000e+00
        641  46.582697    0.04444     2.6667    160.000     94.875  51337.984    31.8511     4.8101     93.967    7.25685     4.8034    25.2007   12.99303 3.7912e-02 0.0000e+00
        642  46.582700    0.04451     2.6708    160.250     95.120  51338.293    31.8512     4.8101     94.208    7.25684     4.8035    25.2008   12.99302 3.7912e-02 0.0000e+00
        643  46.582703    0.04458     2.6750    160.500     95.377  51338.692    31.8514     4.8101     94.463    7.25682     4.8037    25.2009   12.99298 3.7912e-02 0.0000e+00
        644  46.582705    0.04465     2.6792    160.750     95.642  51339.134    31.8516     4.8102     94.725    7.25679     4.8039    25.2011   12.99293 3.7912e-02 0.0000e+00
        645  46.582708    0.04472     2.6833    161.000     95.910  51339.490    31.8518     4.8104     94.991    7.25676     4.8040    25.2012   12.99287 3.7912e-02 0.0000e+00
        646  46.582711    0.04479     2.6875    161.250     96.177  51339.703    31.8518     4.8106     95.255    7.25672     4.8042    25.2012   12.99281 3.7912e-02 0.0000e+00
        647  46.582714    0.04486     2.6917    161.500     96.439  51339.797    31.8518     4.8108     95.515    7.25668     4.8043    25.2011   12.99276 3.7912e-02 0.0000e+00
        648  46.582717    0.04493     2.6958    161.750     96.692  51339.838    31.8518     4.8110     95.766    7.25666     4.8044    25.2011   12.99271 3.7912e-02 0.0000e+00
        649  46.582720    0.04500     2.7000    162.000     96.933  51339.882    31.8517     4.8111     96.004    7.25664     4.8044    25.2010   12.99268 3.7912e-02 0.0000e+00
        650  46.582723    0.04507     2.7042    162.250     97.160  51339.959    31.8517     4.8112     96.230    7.25663     4.8045    25.2010   12.99266 3.7912e-02 0.0000e+00
        651  46.582726    0.04514     2.7083    162.500     97.375  51340.103    31.8517     4.8113     96.442    7.25661     4.8045    25.2010   12.99264 3.7912e-02 0.0000e+00
        652  46.582729    0.04521     2.7125    162.750     97.580  51340.302    31.8518     4.8114     96.645    7.25660     4.8046    25.2010   12.99261 3.7912e-02 0.0000e+00
        653  46.582731    0.04528     2.7167    163.000     97.776  51340.518    31.8518     4.8114     96.839    7.25658     4.8047    25.2011   12.99258 3.7912e-02 0.0000e+00
        654  46.582734    0.04535     2.7208    163.250     97.965  51340.719    31.8519     4.8115     97.026    7.25656     4.8048    25.2012   12.99254 3.7912e-02 0.0000e+00
        655  46.582737    0.04542     2.7250    163.500     98.149  51340.854    31.8519     4.8117     97.209    7.25654     4.8049    25.2012   12.99251 3.7912e-02 0.0000e+00
        656  46.582740    0.04549     2.7292    163.750     98.331  51340.940    31.8519     4.8118     97.389    7.25652     4.8050    25.2011   12.99248 3.7912e-02 0.0000e+00
        657  46.582743    0.04556     2.7333    164.000     98.512  51341.064    31.8519     4.8119     97.568    7.25650     4.8051    25.2011   12.99245 3.7912e-02 0.0000e+00
        658  46.582746    0.04562     2.7375    164.250     98.692  51341.293    31.8520     4.8119     97.746    7.25648     4.8052    25.2012   12.99242 3.7912e-02 0.0000e+00
        659  46.582749    0.04569     2.7417    164.500     98.872  51341.550    31.8521     4.8120     97.925    7.25646     4.8053    25.2013   12.99238 3.7912e-02 0.0000e+00
        660  46.582752    0.04576     2.7458    164.750     99.053  51341.670    31.8521     4.8122     98.103    7.25643     4.8054    25.2013   12.99233 3.7912e-02 0.0000e+00
        661  46.582755    0.04583     2.7500    165.000     99.235  51341.632    31.8521     4.8123     98.283    7.25641     4.8055    25.2012   12.99230 3.7912e-02 0.0000e+00
        662  46.582758    0.04590     2.7542    165.250     99.418  51341.561    31.8519     4.8125     98.464    7.25640     4.8055    25.2011   12.99227 3.7912e-02 0.0000e+00
        663  46.582760    0.04597     2.7583    165.500     99.603  51341.576    31.8519     4.8125     98.648    7.25639     4.8056    25.2011   12.99226 3.7912e-02 0.0000e+00
        664  46.582763    0.04604     2.7625    165.750     99.792  51341.703    31.8519     4.8126     98.835    7.25638     4.8056    25.2011   12.99225 3.7912e-02 0.0000e+00
        665  46.582766    0.04611     2.7667    166.000     99.986  51341.892    31.8519     4.8126     99.027    7.25637     4.8056    25.2011   12.99224 3.7912e-02 0.0000e+00
        666  46.582769    0.04618     2.7708    166.250    100.185  51342.092    31.8520     4.8126     99.224    7.25636     4.8057    25.2011   12.99222 3.7912e-02 0.0000e+00
        667  46.582772    0.04625     2.7750    166.500    100.389  51342.295    31.8520     4.8127     99.426    7.25635     4.8058    25.2012   12.99220 3.7912e-02 0.0000e+00
        668  46.582775    0.04632     2.7792    166.750    100.601  51342.530    31.8521     4.8128     99.636    7.25633     4.8059    25.2012   12.99217 3.7912e-02 0.0000e+00
        669  46.582778    0.04639     2.7833    167.000    100.820  51342.834    31.8522     4.8129     99.853    7.25631     4.8060    25.2013   12.99213 3.7912e-02 0.0000e+00
        670  46.582781    0.04646     2.7875    167.250    101.046  51343.219    31.8524     4.8130    100.077    7.25629     4.8061    25.2014   12.99209 3.7912e-02 0.0000e+00
        671  46.582784    0.04653     2.7917    167.500    101.279  51343.571    31.8526     4.8131    100.308    7.25625     4.8063    25.2015   12.99203 3.7912e-02 0.0000e+00
        672  46.582786    0.04660     2.7958    167.750    101.518  51343.749    31.8526     4.8133    100.544    7.25622     4.8064    25.2015   12.99198 3.7912e-02 0.0000e+00
        673  46.582789    0.04667     2.8000    168.000    101.760  51343.777    31.8525     4.8134    100.784    7.25619     4.8065    25.2015   12.99193 3.7912e-02 0.0000e+00
        674  46.582792    0.04674     2.8042    168.250    102.002  51343.787    31.8525     4.8136    101.023    7.25617     4.8065    25.2014   12.99190 3.7912e-02 0.0000e+00
        675  46.582795    0.04681     2.8083    168.500    102.240  51343.858    31.8524     4.8137    101.259    7.25616     4.8066    25.2014   12.99187 3.7912e-02 0.0000e+00
        676  46.582798    0.04688     2.8125    168.750    102.474  51343.963    31.8524     4.8138    101.491    7.25615     4.8066    25.2013   12.99186 3.7912e-02 0.0000e+00
        677  46.582801    0.04694     2.8167    169.000    102.701  51344.080    31.8523     4.8138    101.715    7.25614     4.8065    25.2013   12.99185 3.7912e-02 0.0000e+00
        678  46.582804    0.04701     2.8208    169.250    102.919  51344.218    31.8523     4.8138    101.931    7.25614     4.8065    25.2013   12.99184 3.7912e-02 0.0000e+00
        679  46.582807    0.04708     2.8250    169.500    103.128  51344.345    31.8523     4.8138    102.138    7.25614     4.8066    25.2013   12.99184 3.7912e-02 0.0000e+00
        680  46.582810    0.04715     2.8292    169.750    103.328  51344.462    31.8523     4.8138    102.336    7.25614     4.8066    25.2013   12.99184 3.7912e-02 0.0000e+00
        681  46.582813    0.04722     2.8333    170.000    103.522  51344.712    31.8524     4.8139    102.528    7.25613     4.8067    25.2013   12.99183 3.7912e-02 0.0000e+00
        682  46.582815    0.04729     2.8375    170.250    103.712  51345.199    31.8527     4.8139    102.717    7.25611     4.8069    25.2015   12.99179 3.7912e-02 0.0000e+00
        683  46.582818    0.04736     2.8417    170.500    103.902  51345.742    31.8530     4.8141    102.905    7.25607     4.8072    25.2017   12.99172 3.7912e-02 0.0000e+00
        684  46.582821    0.04743     2.8458    170.750    104.095  51346.062    31.8531     4.8143    103.096    7.25602     4.8074    25.2018   12.99164 3.7912e-02 0.0000e+00
        685  46.582824    0.04750     2.8500    171.000    104.294  51346.099    31.8531     4.8146    103.293    7.25597     4.8076    25.2018   12.99156 3.7912e-02 0.0000e+00
        686  46.582827    0.04757     2.8542    171.250    104.504  51346.019    31.8530     4.8148    103.501    7.25593     4.8077    25.2017   12.99150 3.7912e-02 0.0000e+00
        687  46.582830    0.04764     2.8583    171.500    104.724  51345.982    31.8529     4.8150    103.719    7.25590     4.8078    25.2016   12.99145 3.7912e-02 0.0000e+00
        688  46.582833    0.04771     2.8625    171.750    104.954  51346.097    31.8529     4.8152    103.946    7.25588     4.8079    25.2016   12.99141 3.7912e-02 0.0000e+00
        689  46.582836    0.04778     2.8667    172.000    105.193  51346.385    31.8530     4.8153    104.183    7.25585     4.8080    25.2017   12.99137 3.7912e-02 0.0000e+00
        690  46.582839    0.04785     2.8708    172.250    105.436  51346.668    31.8531     4.8154    104.424    7.25583     4.8082    25.2018   12.99133 3.7912e-02 0.0000e+00
        691  46.582841    0.04792     2.8750    172.500    105.680  51346.861    31.8532     4.8155    104.665    7.25580     4.8083    25.2018   12.99129 3.7912e-02 0.0000e+00
        692  46.582844    0.04799     2.8792    172.750    105.921  51347.080    31.8532     4.8157    104.904    7.25577     4.8085    25.2018   12.99124 3.7912e-02 0.0000e+00
        693  46.582847    0.04806     2.8833    173.000    106.155  51347.295    31.8533     4.8159    105.136    7.25574     4.8087    25.2019   12.99118 3.7912e-02 0.0000e+00
        694  46.582850    0.04813     2.8875    173.250    106.381  51347.362    31.8533     4.8161    105.359    7.25570     4.8089    25.2018   12.99112 3.7912e-02 0.0000e+00
        695  46.582853    0.04819     2.8917    173.500    106.597  51347.297    31.8532     4.8163    105.573    7.25567     4.8090    25.2017   12.99107 3.7912e-02 0.0000e+00
        696  46.582856    0.04826     2.8958    173.750    106.803  51347.233    31.8531     4.8165    105.777    7.25565     4.8090    25.2016   12.99103 3.7912e-02 0.0000e+00
        697  46.582859    0.04833     2.9000    174.000    107.000  51347.170    31.8530     4.8166    105.972    7.25563     4.8090    25.2015   12.99101 3.7912e-02 0.0000e+00
        698  46.582862    0.04840     2.9042    174.250    107.184  51347.031    31.8528     4.8167    106.155    7.25563     4.8089    25.2014   12.99101 3.7912e-02 0.0000e+00
        699  46.582865    0.04847     2.9083    174.500    107.352  51346.865    31.8526     4.8166    106.320    7.25565     4.8088    25.2012   12.99103 3.7912e-02 0.0000e+00
        700  46.582867    0.04854     2.9125    174.750    107.490  51346.767    31.8525     4.8165    106.457    7.25567     4.8087    25.2011   12.99107 3.7912e-02 0.0000e+00
        701  46.582870    0.04861     2.9167    175.000    107.585  51346.771    31.8524     4.8164    106.551    7.25569 -9.990e-29    25.2011   12.99111 3.7912e-02 0.0000e+00
        702  46.582873    0.04868     2.9208    175.250    107.619  51346.798    31.8524     4.8164    106.585    7.25570 -9.990e-29    25.2011   12.99112 3.7912e-02 0.0000e+00
