CTD-processing/allCTD/CNV--turbid/2014_04-07_t7_s08_cast273.cnv
* Sea-Bird SBE19plus Data File:
* FileName = C:\Users\kris.holderied\Documents\kasitsna\Research-Projects-and-Data\Oceanography-AK\CTD-CookInlet-GulfWatchAK\2014-04-EVOSTC-CookInlet-Ocean\2014-04-07-CookInlet-Tran7-Augustine\2014-04-07-CookInlet-Tran7-cast273.hex
* Software Version 1.59
* Temperature SN =  5028
* Conductivity SN =  5028
* System UpLoad Time = Apr 09 2014 11:58:57
** Cook Inlet LTM Transect 7 (Augustine) west to east
** Date: 7 Apr 2014
** Station: 7-08
** Start time: 05:19
** Depth (m): 75
** Comment:  CTD instrument time is AK Daylight time
** Comment:
# nquan = 16
# nvalues = 565                         
# units = specified
# name 0 = scan: Scan Count
# name 1 = timeJ: Julian Days
# name 2 = timeH: Time, Elapsed [hours]
# name 3 = timeM: Time, Elapsed [minutes]
# name 4 = timeS: Time, Elapsed [seconds]
# name 5 = prdM: Pressure, Strain Gauge [db]
# name 6 = specc: Specific Conductance [uS/cm]
# name 7 = sal00: Salinity, Practical [PSU]
# name 8 = tv290C: Temperature [ITS-90, deg C]
# name 9 = depSM: Depth [salt water, m], lat = 59.00
# name 10 = oxsolML/L: Oxygen Saturation, Garcia & Gordon [ml/l]
# name 11 = potemp090C: Potential Temperature [ITS-90, deg C]
# name 12 = sigma-é00: Density [sigma-theta, kg/m^3]
# name 13 = n2satML/L: Nitrogen Saturation [ml/l]
# name 14 = par: PAR/Irradiance, Biospherical/Licor
# name 15 = flag:  0.000e+00
# span 0 =          1,        565       
# span 1 =  97.221794,  97.223426       
# span 2 =    0.00000,    0.03917       
# span 3 =     0.0000,     2.3500       
# span 4 =      0.000,    141.000       
# span 5 =     -0.219,     74.923       
# span 6 =   2404.891,  51539.334       
# span 7 =     1.2002,    31.9219       
# span 8 =     3.5731,     4.5241       
# span 9 =     -0.217,     74.209       
# span 10 =    7.30386,    9.20171      
# span 11 =     3.5731,     4.5236      
# span 12 =     0.9396,    25.2921      
# span 13 =   13.06983,   16.68107      
# span 14 = 3.7912e-02, 9.1580e-01      
# span 15 = 0.0000e+00, 0.0000e+00      
# interval = seconds: 0.25
# start_time = Apr 07 2014 05:19:23 [Instrument's time stamp, header]
# bad_flag = -9.990e-29
*END*
          1  97.221794    0.00000     0.0000      0.000     -0.219   3067.297     1.5347     3.5747     -0.217    9.18019     3.5742     1.2088   16.63922 2.2186e-01 0.0000e+00
          2  97.221797    0.00007     0.0042      0.250     -0.219   2875.013     1.4345     3.5745     -0.217    9.18648     3.5740     1.1283   16.65144 3.2196e-01 0.0000e+00
          3  97.221800    0.00014     0.0083      0.500     -0.219   2696.117     1.3419     3.5742     -0.217    9.19232     3.5737     1.0539   16.66280 4.7127e-01 0.0000e+00
          4  97.221803    0.00021     0.0125      0.750     -0.219   2558.965     1.2721     3.5740     -0.217    9.19679     3.5734     0.9978   16.67148 6.1901e-01 0.0000e+00
          5  97.221806    0.00028     0.0167      1.000     -0.218   2460.809     1.2240     3.5737     -0.216    9.19996     3.5732     0.9591   16.67765 6.8416e-01 0.0000e+00
          6  97.221808    0.00035     0.0208      1.250     -0.217   2404.891     1.2002     3.5734     -0.215    9.20171     3.5731     0.9396   16.68107 7.1285e-01 0.0000e+00
          7  97.221811    0.00042     0.0250      1.500     -0.216   2409.498     1.2112     3.5732     -0.214    9.20142     3.5738     0.9480   16.68054 7.7919e-01 0.0000e+00
          8  97.221814    0.00049     0.0292      1.750     -0.213   2530.324     1.2880     3.5731     -0.211    9.19721     3.5759     1.0090   16.67241 8.4542e-01 0.0000e+00
          9  97.221817    0.00056     0.0333      2.000     -0.210   2822.773     1.4631     3.5738     -0.208    9.18709     3.5801     1.1483   16.65289 8.9227e-01 0.0000e+00
         10  97.221820    0.00063     0.0375      2.250     -0.203   3306.548     1.7530     3.5759     -0.201    9.17013     3.5876     1.3791   16.62021 9.1580e-01 0.0000e+00
         11  97.221823    0.00069     0.0417      2.500     -0.193   4037.393     2.1974     3.5801     -0.191    9.14408     3.6006     1.7326   16.57012 8.9333e-01 0.0000e+00
         12  97.221826    0.00076     0.0458      2.750     -0.175   5179.231     2.8988     3.5876     -0.174    9.10296     3.6227     2.2902   16.49116 8.5426e-01 0.0000e+00
         13  97.221829    0.00083     0.0500      3.000     -0.146   7022.055     4.0367     3.6006     -0.145    9.03626     3.6600     3.1945   16.36315 8.4278e-01 0.0000e+00
         14  97.221832    0.00090     0.0542      3.250     -0.098  10052.994     5.9123     3.6227     -0.097    8.92630     3.7230     4.6849   16.15219 8.3536e-01 0.0000e+00
         15  97.221834    0.00097     0.0583      3.500     -0.017  15091.632     9.0317     3.6600     -0.017    8.74332     3.8231     7.1636   15.80116 7.6872e-01 0.0000e+00
         16  97.221837    0.00104     0.0625      3.750      0.116  23159.743    14.0518     3.7230      0.115    8.44917     3.9543    11.1515   15.23719 6.1894e-01 0.0000e+00
         17  97.221840    0.00111     0.0667      4.000      0.313  32794.075    20.0863     3.8231      0.310    8.09241     4.0870    15.9418   14.55460 4.3191e-01 0.0000e+00
         18  97.221843    0.00118     0.0708      4.250      0.554  40311.162    24.8183     3.9544      0.549    7.80354     4.1940    19.6926   14.00449 2.8051e-01 0.0000e+00
         19  97.221846    0.00125     0.0750      4.500      0.786  44747.856    27.6201     4.0871      0.778    7.62237     4.2674    21.9082   13.66198 1.8560e-01 0.0000e+00
         20  97.221849    0.00132     0.0792      4.750      0.962  47314.843    29.2427     4.1940      0.953    7.51169     4.3125    23.1883   13.45396 1.2835e-01 0.0000e+00
         21  97.221852    0.00139     0.0833      5.000      1.071  48755.456    30.1504     4.2674      1.061    7.44691     4.3390    23.9032   13.33270 9.3834e-02 0.0000e+00
         22  97.221855    0.00146     0.0875      5.250      1.127  49496.175    30.6109     4.3125      1.116    7.41202     4.3554    24.2653   13.26762 7.3030e-02 0.0000e+00
         23  97.221858    0.00153     0.0917      5.500      1.152  49750.907    30.7577     4.3390      1.141    7.39763     4.3672    24.3798   13.24105 6.0575e-02 0.0000e+00
         24  97.221861    0.00160     0.0958      5.750      1.163  49697.908    30.7056     4.3554      1.152    7.39587     4.3772    24.3373   13.23831 5.3101e-02 0.0000e+00
         25  97.221863    0.00167     0.1000      6.000      1.170  49666.764    30.6752     4.3673      1.158    7.39441     4.3860    24.3122   13.23599 4.8541e-02 0.0000e+00
         26  97.221866    0.00174     0.1042      6.250      1.178  49825.470    30.7782     4.3773      1.166    7.38696     4.3933    24.3931   13.22215 4.5843e-02 0.0000e+00
         27  97.221869    0.00181     0.1083      6.500      1.188  49980.195    30.8811     4.3861      1.176    7.37994     4.3986    24.4739   13.20908 4.4419e-02 0.0000e+00
         28  97.221872    0.00187     0.1125      6.750      1.198  50014.380    30.9032     4.3934      1.187    7.37733     4.4013    24.4909   13.20440 4.3861e-02 0.0000e+00
         29  97.221875    0.00194     0.1167      7.000      1.206  50014.268    30.9027     4.3987      1.194    7.37630     4.4021    24.4900   13.20267 4.3995e-02 0.0000e+00
         30  97.221878    0.00201     0.1208      7.250      1.209  50036.769    30.9178     4.4014      1.197    7.37499     4.4026    24.5017   13.20029 4.4837e-02 0.0000e+00
         31  97.221881    0.00208     0.1250      7.500      1.212  50111.009    30.9682     4.4022      1.201    7.37232     4.4046    24.5416   13.19521 4.6308e-02 0.0000e+00
         32  97.221884    0.00215     0.1292      7.750      1.222  50237.295    31.0542     4.4027      1.210    7.36795     4.4082    24.6098   13.18686 4.8055e-02 0.0000e+00
         33  97.221887    0.00222     0.1333      8.000      1.238  50281.930    31.0849     4.4046      1.226    7.36607     4.4125    24.6339   13.18334 4.9750e-02 0.0000e+00
         34  97.221889    0.00229     0.1375      8.250      1.256  50173.030    31.0113     4.4083      1.244    7.36905     4.4165    24.5752   13.18924 5.1281e-02 0.0000e+00
         35  97.221892    0.00236     0.1417      8.500      1.272  49950.919    30.8609     4.4126      1.260    7.37575     4.4199    24.4554   13.20227 5.2640e-02 0.0000e+00
         36  97.221895    0.00243     0.1458      8.750      1.284  49746.327    30.7223     4.4166      1.272    7.38193     4.4229    24.3452   13.21428 5.3891e-02 0.0000e+00
         37  97.221898    0.00250     0.1500      9.000      1.289  49756.773    30.7302     4.4200      1.277    7.38093     4.4254    24.3511   13.21254 5.5242e-02 0.0000e+00
         38  97.221901    0.00257     0.1542      9.250      1.286  50020.094    30.9105     4.4230      1.274    7.37146     4.4272    24.4938   13.19454 5.7020e-02 0.0000e+00
         39  97.221904    0.00264     0.1583      9.500      1.276  50401.088    31.1710     4.4255      1.264    7.35809     4.4279    24.7003   13.16906 5.9455e-02 0.0000e+00
         40  97.221907    0.00271     0.1625      9.750      1.261  50710.538    31.3826     4.4273      1.249    7.34728     4.4272    24.8679   13.14844 6.3032e-02 0.0000e+00
         41  97.221910    0.00278     0.1667     10.000      1.241  50885.624    31.5022     4.4279      1.229    7.34123     4.4255    24.9628   13.13689 6.6941e-02 0.0000e+00
         42  97.221913    0.00285     0.1708     10.250      1.216  50978.840    31.5656     4.4273      1.205    7.33820     4.4232    25.0131   13.13105 6.9205e-02 0.0000e+00
         43  97.221916    0.00292     0.1750     10.500      1.187  51029.185    31.5995     4.4256      1.176    7.33682     4.4201    25.0402   13.12832 6.7994e-02 0.0000e+00
         44  97.221918    0.00299     0.1792     10.750      1.152  51062.784    31.6219     4.4232      1.142    7.33613     4.4161    25.0582   13.12689 6.2990e-02 0.0000e+00
         45  97.221921    0.00306     0.1833     11.000      1.114  51097.574    31.6450     4.4201      1.103    7.33554     4.4123    25.0769   13.12561 5.6920e-02 0.0000e+00
         46  97.221924    0.00313     0.1875     11.250      1.076  51134.390    31.6692     4.4162      1.066    7.33504     4.4102    25.0965   13.12447 5.1563e-02 0.0000e+00
         47  97.221927    0.00319     0.1917     11.500      1.045  51155.082    31.6825     4.4124      1.035    7.33505     4.4095    25.1074   13.12432 4.7277e-02 0.0000e+00
         48  97.221930    0.00326     0.1958     11.750      1.022  51152.712    31.6804     4.4103      1.013    7.33553     4.4091    25.1060   13.12514 4.4436e-02 0.0000e+00
         49  97.221933    0.00333     0.2000     12.000      1.008  51140.598    31.6720     4.4095      0.998    7.33608     4.4090    25.0993   13.12615 4.2686e-02 0.0000e+00
         50  97.221936    0.00340     0.2042     12.250      1.002  51133.523    31.6670     4.4092      0.992    7.33638     4.4097    25.0955   13.12672 4.1794e-02 0.0000e+00
         51  97.221939    0.00347     0.2083     12.500      1.006  51140.644    31.6719     4.4091      0.997    7.33616     4.4113    25.0993   13.12629 4.1735e-02 0.0000e+00
         52  97.221942    0.00354     0.2125     12.750      1.020  51158.719    31.6844     4.4097      1.011    7.33544     4.4135    25.1092   13.12493 4.2600e-02 0.0000e+00
         53  97.221944    0.00361     0.2167     13.000      1.046  51173.219    31.6947     4.4113      1.036    7.33465     4.4156    25.1172   13.12349 4.4592e-02 0.0000e+00
         54  97.221947    0.00368     0.2208     13.250      1.082  51173.863    31.6956     4.4135      1.072    7.33420     4.4168    25.1177   13.12274 4.8135e-02 0.0000e+00
         55  97.221950    0.00375     0.2250     13.500      1.125  51160.647    31.6870     4.4156      1.114    7.33425     4.4171    25.1107   13.12295 5.4037e-02 0.0000e+00
         56  97.221953    0.00382     0.2292     13.750      1.163  51142.359    31.6747     4.4168      1.152    7.33464     4.4169    25.1008   13.12375 6.3636e-02 0.0000e+00
         57  97.221956    0.00389     0.2333     14.000      1.188  51130.161    31.6665     4.4172      1.177    7.33499     4.4164    25.0942   13.12442 7.9019e-02 0.0000e+00
         58  97.221959    0.00396     0.2375     14.250      1.199  51130.958    31.6670     4.4170      1.188    7.33500     4.4161    25.0946   13.12443 1.0374e-01 0.0000e+00
         59  97.221962    0.00403     0.2417     14.500      1.197  51147.462    31.6781     4.4165      1.186    7.33454     4.4169    25.1035   13.12353 1.4039e-01 0.0000e+00
         60  97.221965    0.00410     0.2458     14.750      1.185  51175.291    31.6971     4.4162      1.174    7.33365     4.4188    25.1186   13.12181 1.7687e-01 0.0000e+00
         61  97.221968    0.00417     0.2500     15.000      1.166  51203.894    31.7169     4.4170      1.155    7.33253     4.4213    25.1342   13.11971 2.0428e-01 0.0000e+00
         62  97.221970    0.00424     0.2542     15.250      1.144  51224.462    31.7314     4.4189      1.133    7.33148     4.4241    25.1456   13.11780 2.3207e-01 0.0000e+00
         63  97.221973    0.00431     0.2583     15.500      1.122  51234.887    31.7391     4.4214      1.112    7.33066     4.4268    25.1515   13.11634 2.5797e-01 0.0000e+00
         64  97.221976    0.00438     0.2625     15.750      1.103  51237.604    31.7416     4.4241      1.093    7.33005     4.4293    25.1532   13.11531 2.6712e-01 0.0000e+00
         65  97.221979    0.00444     0.2667     16.000      1.088  51236.021    31.7412     4.4268      1.078    7.32960     4.4315    25.1525   13.11457 2.4627e-01 0.0000e+00
         66  97.221982    0.00451     0.2708     16.250      1.077  51232.854    31.7396     4.4293      1.067    7.32923     4.4332    25.1510   13.11398 1.9865e-01 0.0000e+00
         67  97.221985    0.00458     0.2750     16.500      1.070  51227.539    31.7365     4.4315      1.060    7.32899     4.4344    25.1483   13.11363 1.4789e-01 0.0000e+00
         68  97.221988    0.00465     0.2792     16.750      1.065  51216.833    31.7295     4.4333      1.055    7.32902     4.4349    25.1426   13.11376 1.1003e-01 0.0000e+00
         69  97.221991    0.00472     0.2833     17.000      1.062  51198.488    31.7173     4.4345      1.052    7.32941     4.4349    25.1328   13.11457 8.4780e-02 0.0000e+00
         70  97.221994    0.00479     0.2875     17.250      1.060  51175.082    31.7014     4.4350      1.050    7.33011     4.4347    25.1201   13.11592 6.8014e-02 0.0000e+00
         71  97.221997    0.00486     0.2917     17.500      1.058  51155.122    31.6877     4.4350      1.048    7.33079     4.4347    25.1093   13.11722 5.7085e-02 0.0000e+00
         72  97.221999    0.00493     0.2958     17.750      1.055  51147.126    31.6822     4.4348      1.045    7.33109     4.4349    25.1049   13.11779 4.9985e-02 0.0000e+00
         73  97.222002    0.00500     0.3000     18.000      1.050  51155.191    31.6877     4.4348      1.041    7.33082     4.4353    25.1093   13.11727 4.5553e-02 0.0000e+00
         74  97.222005    0.00507     0.3042     18.250      1.044  51177.018    31.7027     4.4350      1.034    7.33005     4.4359    25.1212   13.11580 4.3091e-02 0.0000e+00
         75  97.222008    0.00514     0.3083     18.500      1.037  51203.124    31.7207     4.4354      1.028    7.32909     4.4364    25.1354   13.11398 4.2010e-02 0.0000e+00
         76  97.222011    0.00521     0.3125     18.750      1.035  51223.949    31.7351     4.4360      1.026    7.32828     4.4365    25.1468   13.11246 4.2023e-02 0.0000e+00
         77  97.222014    0.00528     0.3167     19.000      1.043  51234.595    31.7425     4.4365      1.033    7.32783     4.4357    25.1526   13.11162 4.3131e-02 0.0000e+00
         78  97.222017    0.00535     0.3208     19.250      1.061  51233.177    31.7415     4.4366      1.051    7.32787     4.4337    25.1518   13.11169 4.5631e-02 0.0000e+00
         79  97.222020    0.00542     0.3250     19.500      1.091  51218.809    31.7315     4.4358      1.080    7.32849     4.4297    25.1439   13.11284 5.0083e-02 0.0000e+00
         80  97.222023    0.00549     0.3292     19.750      1.129  51192.129    31.7127     4.4338      1.118    7.32977     4.4230    25.1292   13.11521 5.6766e-02 0.0000e+00
         81  97.222025    0.00556     0.3333     20.000      1.164  51160.461    31.6901     4.4298      1.153    7.33159     4.4127    25.1117   13.11851 6.4621e-02 0.0000e+00
         82  97.222028    0.00562     0.3375     20.250      1.187  51137.402    31.6728     4.4231      1.176    7.33363     4.3990    25.0986   13.12210 7.3041e-02 0.0000e+00
         83  97.222031    0.00569     0.3417     20.500      1.193  51134.211    31.6682     4.4128      1.182    7.33569     4.3853    25.0960   13.12556 8.4444e-02 0.0000e+00
         84  97.222034    0.00576     0.3458     20.750      1.183  51154.170    31.6787     4.3991      1.172    7.33761     4.3758    25.1058   13.12859 9.9274e-02 0.0000e+00
         85  97.222037    0.00583     0.3500     21.000      1.159  51191.918    31.7014     4.3853      1.148    7.33893     4.3725    25.1251   13.13048 1.1384e-01 0.0000e+00
         86  97.222040    0.00590     0.3542     21.250      1.128  51235.404    31.7290     4.3759      1.118    7.33925     4.3750    25.1480   13.13064 1.3026e-01 0.0000e+00
         87  97.222043    0.00597     0.3583     21.500      1.098  51271.440    31.7529     4.3726      1.088    7.33865     4.3814    25.1673   13.12934 1.3635e-01 0.0000e+00
         88  97.222046    0.00604     0.3625     21.750      1.075  51292.231    31.7677     4.3750      1.065    7.33748     4.3896    25.1788   13.12722 1.1584e-01 0.0000e+00
         89  97.222049    0.00611     0.3667     22.000      1.059  51295.965    31.7718     4.3815      1.049    7.33613     4.3974    25.1814   13.12494 8.7805e-02 0.0000e+00
         90  97.222052    0.00618     0.3708     22.250      1.048  51283.877    31.7654     4.3897      1.038    7.33499     4.4037    25.1755   13.12314 6.9201e-02 0.0000e+00
