CTD-processing/allCTD/CNV--turbid/2014_10-13_t3_s09_cast090.cnv
* Sea-Bird SBE19plus Data File:
* FileName = C:\Users\kris.holderied\Documents\kasitsna\Research-Projects-and-Data\Oceanography-AK\CTD-Data-ALL-to-2014-10\2014-CTD-KachemakBay-CookInlet\2014-10-EVOSTC-CookInlet\2014-10-13-CookInlet-Tran3-AnchorPt\2014-10-13-CookInlet-Tran3-cast090.hex
* Software Version 1.59
* Temperature SN =  4141
* Conductivity SN =  4141
* System UpLoad Time = Oct 13 2014 18:15:03
** Cook Inlet LTM Tran3 (Anchor Pt)  southeast to northwest
** Date: 10-13
** Station: 3-09
** Start time: 15:06
** Depth (m): 70
** Comment:  CTD time is Alaska Daylight time.  R/V Pandalus. Transducer  depth.
** Comment:
# nquan = 16
# nvalues = 739                         
# units = specified
# name 0 = scan: Scan Count
# name 1 = timeJ: Julian Days
# name 2 = timeH: Time, Elapsed [hours]
# name 3 = timeM: Time, Elapsed [minutes]
# name 4 = timeS: Time, Elapsed [seconds]
# name 5 = prdM: Pressure, Strain Gauge [db]
# name 6 = specc: Specific Conductance [uS/cm]
# name 7 = sal00: Salinity, Practical [PSU]
# name 8 = tv290C: Temperature [ITS-90, deg C]
# name 9 = depSM: Depth [salt water, m], lat = 59.00
# name 10 = oxsolML/L: Oxygen Saturation, Garcia & Gordon [ml/l]
# name 11 = potemp090C: Potential Temperature [ITS-90, deg C]
# name 12 = sigma-é00: Density [sigma-theta, kg/m^3]
# name 13 = n2satML/L: Nitrogen Saturation [ml/l]
# name 14 = par: PAR/Irradiance, Biospherical/Licor
# name 15 = flag:  0.000e+00
# span 0 =          1,        739       
# span 1 = 286.629618, 286.631753       
# span 2 =    0.00000,    0.05125       
# span 3 =     0.0000,     3.0750       
# span 4 =      0.000,    184.500       
# span 5 =     -0.176,     71.499       
# span 6 =    897.109,  48112.871       
# span 7 =     0.4345,    30.4698       
# span 8 =     9.3936,     9.8507       
# span 9 =     -0.174,     70.818       
# span 10 =    6.53302,    7.99033      
# span 11 =     9.3945,     9.8490      
# span 12 =     0.0954,    23.4542      
# span 13 =   11.81320,   14.65588      
# span 14 = 3.6382e-02, 6.9763e+01      
# span 15 = 0.0000e+00, 0.0000e+00      
# interval = seconds: 0.25
# start_time = Oct 13 2014 15:06:39 [Instrument's time stamp, header]
# bad_flag = -9.990e-29
*END*
[from data line 272]
        273 286.630405    0.01889     1.1333     68.000      1.563  46094.596    29.0902     9.8170      1.548    6.58503     9.8180    22.3705   11.91613 2.0498e+01 0.0000e+00
        274 286.630408    0.01896     1.1375     68.250      1.499  46105.428    29.0978     9.8175      1.485    6.58463     9.8188    22.3764   11.91538 2.2304e+01 0.0000e+00
        275 286.630411    0.01903     1.1417     68.500      1.418  46113.540    29.1036     9.8182      1.405    6.58429     9.8194    22.3808   11.91474 2.2173e+01 0.0000e+00
        276 286.630414    0.01910     1.1458     68.750      1.330  46117.443    29.1064     9.8189      1.317    6.58406     9.8199    22.3829   11.91432 2.0420e+01 0.0000e+00
        277 286.630417    0.01917     1.1500     69.000      1.243  46118.513    29.1073     9.8196      1.231    6.58393     9.8202    22.3834   11.91410 1.8938e+01 0.0000e+00
        278 286.630420    0.01924     1.1542     69.250      1.169  46119.591    29.1081     9.8200      1.158    6.58383     9.8203    22.3840   11.91392 1.7678e+01 0.0000e+00
        279 286.630422    0.01931     1.1583     69.500      1.116  46121.818    29.1097     9.8203      1.106    6.58372     9.8202    22.3852   11.91372 1.6118e+01 0.0000e+00
        280 286.630425    0.01938     1.1625     69.750      1.090  46124.879    29.1119     9.8204      1.080    6.58361     9.8202    22.3869   11.91352 1.5315e+01 0.0000e+00
        281 286.630428    0.01944     1.1667     70.000      1.092  46128.847    29.1147     9.8204      1.082    6.58350     9.8201    22.3891   11.91330 1.4449e+01 0.0000e+00
        282 286.630431    0.01951     1.1708     70.250      1.119  46134.222    29.1184     9.8203      1.108    6.58335     9.8201    22.3920   11.91301 1.2348e+01 0.0000e+00
        283 286.630434    0.01958     1.1750     70.500      1.165  46140.993    29.1231     9.8203      1.154    6.58316     9.8202    22.3956   11.91263 1.0644e+01 0.0000e+00
        284 286.630437    0.01965     1.1792     70.750      1.224  46148.269    29.1281     9.8202      1.213    6.58295     9.8202    22.3996   11.91222 1.0584e+01 0.0000e+00
        285 286.630440    0.01972     1.1833     71.000      1.289  46154.072    29.1322     9.8203      1.277    6.58277     9.8202    22.4027   11.91187 1.1432e+01 0.0000e+00
        286 286.630443    0.01979     1.1875     71.250      1.351  46156.991    29.1342     9.8204      1.339    6.58267     9.8202    22.4043   11.91169 1.2705e+01 0.0000e+00
        287 286.630446    0.01986     1.1917     71.500      1.406  46157.353    29.1344     9.8204      1.393    6.58266     9.8202    22.4045   11.91167 1.4404e+01 0.0000e+00
        288 286.630448    0.01993     1.1958     71.750      1.448  46155.209    29.1329     9.8204      1.434    6.58273     9.8202    22.4033   11.91180 1.6494e+01 0.0000e+00
        289 286.630451    0.02000     1.2000     72.000      1.475  46149.573    29.1290     9.8203      1.461    6.58290     9.8202    22.4002   11.91213 1.9218e+01 0.0000e+00
        290 286.630454    0.02007     1.2042     72.250      1.489  46141.103    29.1230     9.8203      1.475    6.58315     9.8204    22.3956   11.91262 2.1719e+01 0.0000e+00
        291 286.630457    0.02014     1.2083     72.500      1.493  46132.536    29.1170     9.8204      1.478    6.58340     9.8205    22.3909   11.91309 2.3033e+01 0.0000e+00
        292 286.630460    0.02021     1.2125     72.750      1.489  46125.167    29.1119     9.8205      1.474    6.58360     9.8206    22.3869   11.91349 2.3583e+01 0.0000e+00
        293 286.630463    0.02028     1.2167     73.000      1.480  46119.001    29.1076     9.8207      1.466    6.58376     9.8207    22.3836   11.91381 2.3185e+01 0.0000e+00
        294 286.630466    0.02035     1.2208     73.250      1.470  46114.208    29.1043     9.8208      1.457    6.58388     9.8208    22.3810   11.91405 2.0997e+01 0.0000e+00
        295 286.630469    0.02042     1.2250     73.500      1.461  46110.479    29.1017     9.8209      1.448    6.58397     9.8207    22.3789   11.91424 1.8387e+01 0.0000e+00
        296 286.630472    0.02049     1.2292     73.750      1.455  46107.861    29.0999     9.8209      1.442    6.58404     9.8206    22.3775   11.91438 1.7309e+01 0.0000e+00
        297 286.630475    0.02056     1.2333     74.000      1.451  46106.433    29.0989     9.8209      1.438    6.58409     9.8203    22.3767   11.91447 1.7491e+01 0.0000e+00
        298 286.630477    0.02063     1.2375     74.250      1.448  46105.642    29.0983     9.8207      1.435    6.58413     9.8200    22.3763   11.91455 1.8394e+01 0.0000e+00
        299 286.630480    0.02069     1.2417     74.500      1.445  46104.912    29.0978     9.8205      1.431    6.58419     9.8195    22.3759   11.91465 1.8457e+01 0.0000e+00
        300 286.630483    0.02076     1.2458     74.750      1.438  46104.092    29.0972     9.8201      1.425    6.58427     9.8191    22.3755   11.91479 1.6783e+01 0.0000e+00
        301 286.630486    0.02083     1.2500     75.000      1.428  46103.876    29.0970     9.8197      1.415    6.58434     9.8189    22.3754   11.91491 1.5479e+01 0.0000e+00
        302 286.630489    0.02090     1.2542     75.250      1.420  46104.930    29.0977     9.8193      1.407    6.58437     9.8188    22.3760   11.91495 1.5311e+01 0.0000e+00
        303 286.630492    0.02097     1.2583     75.500      1.422  46106.939    29.0991     9.8191      1.409    6.58435     9.8188    22.3771   11.91490 1.5193e+01 0.0000e+00
        304 286.630495    0.02104     1.2625     75.750      1.451  46109.163    29.1006     9.8190      1.437    6.58430     9.8188    22.3783   11.91480 1.4803e+01 0.0000e+00
        305 286.630498    0.02111     1.2667     76.000      1.520  46111.375    29.1021     9.8190      1.505    6.58424     9.8187    22.3795   11.91467 1.4065e+01 0.0000e+00
        306 286.630501    0.02118     1.2708     76.250      1.632  46114.608    29.1043     9.8190      1.617    6.58414     9.8186    22.3812   11.91449 1.2567e+01 0.0000e+00
        307 286.630503    0.02125     1.2750     76.500      1.783  46120.755    29.1085     9.8189      1.766    6.58397     9.8185    22.3846   11.91415 1.0466e+01 0.0000e+00
        308 286.630506    0.02132     1.2792     76.750      1.965  46131.851    29.1162     9.8188      1.946    6.58366     9.8187    22.3906   11.91354 8.2886e+00 0.0000e+00
        309 286.630509    0.02139     1.2833     77.000      2.172  46147.346    29.1269     9.8188      2.151    6.58321     9.8191    22.3989   11.91266 6.5726e+00 0.0000e+00
        310 286.630512    0.02146     1.2875     77.250      2.398  46162.806    29.1377     9.8190      2.375    6.58273     9.8196    22.4073   11.91174 5.3980e+00 0.0000e+00
        311 286.630515    0.02153     1.2917     77.500      2.637  46175.012    29.1462     9.8194      2.612    6.58231     9.8202    22.4138   11.91094 4.1782e+00 0.0000e+00
        312 286.630518    0.02160     1.2958     77.750      2.883  46184.306    29.1526     9.8199      2.856    6.58196     9.8207    22.4187   11.91028 3.0004e+00 0.0000e+00
        313 286.630521    0.02167     1.3000     78.000      3.133  46192.217    29.1581     9.8205      3.103    6.58164     9.8212    22.4229   11.90969 2.1541e+00 0.0000e+00
        314 286.630524    0.02174     1.3042     78.250      3.381  46200.193    29.1637     9.8211      3.349    6.58132     9.8217    22.4272   11.90910 1.4398e+00 0.0000e+00
        315 286.630527    0.02181     1.3083     78.500      3.624  46209.013    29.1698     9.8216      3.590    6.58099     9.8222    22.4319   11.90847 8.8461e-01 0.0000e+00
        316 286.630530    0.02187     1.3125     78.750      3.859  46218.638    29.1765     9.8221      3.822    6.58064     9.8227    22.4370   11.90780 5.5559e-01 0.0000e+00
        317 286.630532    0.02194     1.3167     79.000      4.082  46228.827    29.1836     9.8226      4.043    6.58027     9.8232    22.4425   11.90710 3.6503e-01 0.0000e+00
        318 286.630535    0.02201     1.3208     79.250      4.290  46239.088    29.1907     9.8231      4.249    6.57989     9.8238    22.4480   11.90638 2.6210e-01 0.0000e+00
        319 286.630538    0.02208     1.3250     79.500      4.482  46248.688    29.1974     9.8237      4.439    6.57952     9.8243    22.4531   11.90570 2.1937e-01 0.0000e+00
        320 286.630541    0.02215     1.3292     79.750      4.655  46256.857    29.2031     9.8243      4.611    6.57919     9.8248    22.4575   11.90509 2.2543e-01 0.0000e+00
        321 286.630544    0.02222     1.3333     80.000      4.812  46263.073    29.2075     9.8248      4.766    6.57893     9.8252    22.4608   11.90459 2.8191e-01 0.0000e+00
        322 286.630547    0.02229     1.3375     80.250      4.952  46267.783    29.2107     9.8253      4.906    6.57871     9.8256    22.4632   11.90419 4.0385e-01 0.0000e+00
        323 286.630550    0.02236     1.3417     80.500      5.080  46271.557    29.2134     9.8258      5.033    6.57854     9.8258    22.4652   11.90387 5.7921e-01 0.0000e+00
        324 286.630553    0.02243     1.3458     80.750      5.200  46274.452    29.2154     9.8261      5.152    6.57841     9.8260    22.4668   11.90363 7.2582e-01 0.0000e+00
        325 286.630556    0.02250     1.3500     81.000      5.318  46276.755    29.2170     9.8264      5.268    6.57831     9.8261    22.4680   11.90344 7.6466e-01 0.0000e+00
        326 286.630558    0.02257     1.3542     81.250      5.440  46279.021    29.2186     9.8266      5.389    6.57822     9.8263    22.4691   11.90327 6.8853e-01 0.0000e+00
        327 286.630561    0.02264     1.3583     81.500      5.575  46281.719    29.2204     9.8268      5.522    6.57811     9.8265    22.4705   11.90307 5.3301e-01 0.0000e+00
        328 286.630564    0.02271     1.3625     81.750      5.728  46285.392    29.2229     9.8270      5.674    6.57798     9.8269    22.4725   11.90282 3.6168e-01 0.0000e+00
        329 286.630567    0.02278     1.3667     82.000      5.906  46290.875    29.2267     9.8272      5.851    6.57778     9.8275    22.4754   11.90244 2.3311e-01 0.0000e+00
        330 286.630570    0.02285     1.3708     82.250      6.114  46299.337    29.2326     9.8276      6.057    6.57747     9.8283    22.4799   11.90187 1.5442e-01 0.0000e+00
        331 286.630573    0.02292     1.3750     82.500      6.352  46311.604    29.2411     9.8282      6.292    6.57703     9.8293    22.4865   11.90103 1.0721e-01 0.0000e+00
        332 286.630576    0.02299     1.3792     82.750      6.618  46325.869    29.2511     9.8290      6.555    6.57649     9.8305    22.4942   11.90001 7.8876e-02 0.0000e+00
        333 286.630579    0.02306     1.3833     83.000      6.903  46338.748    29.2601     9.8301      6.838    6.57595     9.8317    22.5011   11.89901 6.1878e-02 0.0000e+00
        334 286.630582    0.02313     1.3875     83.250      7.197  46349.173    29.2674     9.8313      7.130    6.57547     9.8327    22.5066   11.89811 5.1679e-02 0.0000e+00
        335 286.630584    0.02319     1.3917     83.500      7.487  46357.460    29.2733     9.8325      7.417    6.57505     9.8336    22.5109   11.89735 4.5560e-02 0.0000e+00
        336 286.630587    0.02326     1.3958     83.750      7.757  46363.809    29.2777     9.8336      7.685    6.57470     9.8343    22.5142   11.89673 4.1889e-02 0.0000e+00
        337 286.630590    0.02333     1.4000     84.000      7.995  46368.772    29.2812     9.8345      7.920    6.57443     9.8348    22.5168   11.89623 3.9686e-02 0.0000e+00
        338 286.630593    0.02340     1.4042     84.250      8.192  46372.592    29.2839     9.8351      8.115    6.57421     9.8351    22.5188   11.89584 3.8364e-02 0.0000e+00
        339 286.630596    0.02347     1.4083     84.500      8.343  46375.168    29.2857     9.8356      8.265    6.57407     9.8354    22.5201   11.89558 3.7571e-02 0.0000e+00
        340 286.630599    0.02354     1.4125     84.750      8.453  46376.576    29.2867     9.8360      8.374    6.57397     9.8355    22.5208   11.89541 3.7095e-02 0.0000e+00
        341 286.630602    0.02361     1.4167     85.000      8.530  46377.116    29.2870     9.8363      8.450    6.57392     9.8356    22.5211   11.89531 3.6810e-02 0.0000e+00
        342 286.630605    0.02368     1.4208     85.250      8.588  46377.308    29.2872     9.8364      8.507    6.57389     9.8357    22.5211   11.89526 3.6639e-02 0.0000e+00
        343 286.630608    0.02375     1.4250     85.500      8.641  46377.720    29.2874     9.8365      8.560    6.57386     9.8357    22.5213   11.89522 3.6536e-02 0.0000e+00
        344 286.630611    0.02382     1.4292     85.750      8.708  46378.573    29.2880     9.8366      8.627    6.57383     9.8358    22.5218   11.89515 3.6475e-02 0.0000e+00
        345 286.630613    0.02389     1.4333     86.000      8.804  46379.820    29.2889     9.8367      8.722    6.57378     9.8358    22.5224   11.89507 3.6438e-02 0.0000e+00
        346 286.630616    0.02396     1.4375     86.250      8.942  46381.454    29.2900     9.8368      8.859    6.57373     9.8359    22.5233   11.89496 3.6415e-02 0.0000e+00
        347 286.630619    0.02403     1.4417     86.500      9.130  46383.639    29.2914     9.8368      9.045    6.57366     9.8360    22.5244   11.89482 3.6402e-02 0.0000e+00
        348 286.630622    0.02410     1.4458     86.750      9.369  46386.682    29.2935     9.8369      9.281    6.57356     9.8361    22.5260   11.89463 3.6394e-02 0.0000e+00
        349 286.630625    0.02417     1.4500     87.000      9.651  46391.057    29.2964     9.8370      9.561    6.57342     9.8362    22.5283   11.89436 3.6389e-02 0.0000e+00
        350 286.630628    0.02424     1.4542     87.250      9.965  46397.308    29.3007     9.8372      9.872    6.57322     9.8364    22.5316   11.89398 3.6386e-02 0.0000e+00
        351 286.630631    0.02431     1.4583     87.500     10.293  46406.299    29.3068     9.8374     10.197    6.57293     9.8367    22.5364   11.89343 3.6385e-02 0.0000e+00
        352 286.630634    0.02438     1.4625     87.750     10.616  46418.465    29.3152     9.8376     10.517    6.57254     9.8370    22.5429   11.89269 3.6384e-02 0.0000e+00
        353 286.630637    0.02444     1.4667     88.000     10.916  46432.202    29.3248     9.8379     10.814    6.57210     9.8375    22.5503   11.89183 3.6383e-02 0.0000e+00
        354 286.630639    0.02451     1.4708     88.250     11.178  46444.599    29.3334     9.8383     11.074    6.57168     9.8379    22.5569   11.89103 3.6383e-02 0.0000e+00
        355 286.630642    0.02458     1.4750     88.500     11.394  46453.683    29.3397     9.8387     11.287    6.57135     9.8382    22.5618   11.89041 3.6382e-02 0.0000e+00
        356 286.630645    0.02465     1.4792     88.750     11.559  46459.262    29.3436     9.8391     11.450    6.57112     9.8385    22.5647   11.88998 3.6382e-02 0.0000e+00
        357 286.630648    0.02472     1.4833     89.000     11.677  46461.938    29.3454     9.8395     11.567    6.57099     9.8386    22.5661   11.88975 3.6382e-02 0.0000e+00
        358 286.630651    0.02479     1.4875     89.250     11.756  46462.453    29.3458     9.8397     11.646    6.57094     9.8387    22.5664   11.88966 3.6382e-02 0.0000e+00
        359 286.630654    0.02486     1.4917     89.500     11.810  46462.216    29.3456     9.8399     11.700    6.57092     9.8387    22.5662   11.88964 3.6382e-02 0.0000e+00
        360 286.630657    0.02493     1.4958     89.750     11.857  46463.075    29.3462     9.8399     11.746    6.57089     9.8387    22.5667   11.88958 3.6382e-02 0.0000e+00
        361 286.630660    0.02500     1.5000     90.000     11.914  46466.101    29.3483     9.8400     11.802    6.57080     9.8388    22.5683   11.88940 3.6382e-02 0.0000e+00
