CTD-processing/allCTD/CNV--turbid/2014_10-19_t9_s01_cast143.cnv
* Sea-Bird SBE19plus Data File:
* FileName = C:\Users\kris.holderied\Documents\kasitsna\Research-Projects-and-Data\Oceanography-AK\CTD-Data-ALL-to-2014-10\2014-CTD-KachemakBay-CookInlet\2014-10-EVOSTC-CookInlet\2014-10-19-CookInlet-Tran9-HomerSpit\2014-10-19-CookInlet-Tran9-cast143.hex
* Software Version 1.59
* Temperature SN =  4141
* Conductivity SN =  4141
* System UpLoad Time = Nov 25 2014 12:47:06
** Cook Inlet LTM Tran9 (Homer Spit) south to north
** Date: 10-19
** Station: 9-01
** Start time:  10:03
** Depth (m): 62
** Comment:  CTD time is Alaska Daylight time.  R/V Pandalus. Transducer  depth.
** Comment:
# nquan = 16
# nvalues = 620                         
# units = specified
# name 0 = scan: Scan Count
# name 1 = timeJ: Julian Days
# name 2 = timeH: Time, Elapsed [hours]
# name 3 = timeM: Time, Elapsed [minutes]
# name 4 = timeS: Time, Elapsed [seconds]
# name 5 = prdM: Pressure, Strain Gauge [db]
# name 6 = specc: Specific Conductance [uS/cm]
# name 7 = sal00: Salinity, Practical [PSU]
# name 8 = tv290C: Temperature [ITS-90, deg C]
# name 9 = depSM: Depth [salt water, m], lat = 59.00
# name 10 = oxsolML/L: Oxygen Saturation, Garcia & Gordon [ml/l]
# name 11 = potemp090C: Potential Temperature [ITS-90, deg C]
# name 12 = sigma-é00: Density [sigma-theta, kg/m^3]
# name 13 = n2satML/L: Nitrogen Saturation [ml/l]
# name 14 = par: PAR/Irradiance, Biospherical/Licor
# name 15 = flag:  0.000e+00
# span 0 =          1,        620       
# span 1 = 292.418900, 292.420692       
# span 2 =    0.00000,    0.04299       
# span 3 =     0.0000,     2.5792       
# span 4 =      0.000,    154.750       
# span 5 =     -0.334,     64.464       
# span 6 =    195.698,  48606.714       
# span 7 =     0.0898,    30.8146       
# span 8 =     6.7343,     9.7291       
# span 9 =     -0.331,     63.852       
# span 10 =    6.52522,    8.54563      
# span 11 =     6.7345,     9.7222      
# span 12 =    -0.0124,    23.7304      
# span 13 =   11.79612,   15.59732      
# span 14 = 3.6382e-02, 6.4329e+01      
# span 15 = 0.0000e+00, 0.0000e+00      
# interval = seconds: 0.25
# start_time = Oct 19 2014 10:03:13 [Instrument's time stamp, header]
# bad_flag = -9.990e-29
*END*
[from data line 91]
         92 292.419164    0.00632     0.3792     22.750      0.741  43704.706    27.2356     8.2076      0.734    6.90947     8.2032    21.1557   12.47728 3.8466e+01 0.0000e+00
         93 292.419167    0.00639     0.3833     23.000      0.723  43664.320    27.2075     8.2054      0.715    6.91108     8.2013    21.1341   12.48031 3.9022e+01 0.0000e+00
         94 292.419170    0.00646     0.3875     23.250      0.698  43619.275    27.1763     8.2033      0.691    6.91282     8.1994    21.1099   12.48358 3.9715e+01 0.0000e+00
         95 292.419172    0.00653     0.3917     23.500      0.671  43582.544    27.1508     8.2013      0.665    6.91428     8.1977    21.0902   12.48631 4.0441e+01 0.0000e+00
         96 292.419175    0.00660     0.3958     23.750      0.645  43553.615    27.1307     8.1995      0.639    6.91547     8.1961    21.0748   12.48854 4.1043e+01 0.0000e+00
         97 292.419178    0.00667     0.4000     24.000      0.623  43528.541    27.1133     8.1978      0.617    6.91652     8.1947    21.0614   12.49051 4.1452e+01 0.0000e+00
         98 292.419181    0.00674     0.4042     24.250      0.606  43507.459    27.0986     8.1962      0.600    6.91743     8.1936    21.0501   12.49221 4.1534e+01 0.0000e+00
         99 292.419184    0.00681     0.4083     24.500      0.596  43489.924    27.0864     8.1947      0.590    6.91821     8.1934    21.0407   12.49366 4.1283e+01 0.0000e+00
        100 292.419187    0.00688     0.4125     24.750      0.591  43474.567    27.0757     8.1937      0.586    6.91886     8.1943    21.0325   12.49487 4.0893e+01 0.0000e+00
        101 292.419190    0.00694     0.4167     25.000      0.593  43460.212    27.0658     8.1935      0.587    6.91933     8.1962    21.0248   12.49577 4.0472e+01 0.0000e+00
        102 292.419193    0.00701     0.4208     25.250      0.599  43446.634    27.0566     8.1944      0.594    6.91960     8.1988    21.0174   12.49634 4.0041e+01 0.0000e+00
        103 292.419196    0.00708     0.4250     25.500      0.610  43434.963    27.0488     8.1962      0.605    6.91966     8.2020    21.0111   12.49654 3.9632e+01 0.0000e+00
        104 292.419198    0.00715     0.4292     25.750      0.626  43427.109    27.0438     8.1988      0.621    6.91948     8.2052    21.0068   12.49631 3.9248e+01 0.0000e+00
        105 292.419201    0.00722     0.4333     26.000      0.646  43425.126    27.0428     8.2020      0.641    6.91902     8.2077    21.0056   12.49556 3.8922e+01 0.0000e+00
        106 292.419204    0.00729     0.4375     26.250      0.667  43430.789    27.0471     8.2052      0.662    6.91832     8.2090    21.0085   12.49434 3.8732e+01 0.0000e+00
        107 292.419207    0.00736     0.4417     26.500      0.688  43443.893    27.0565     8.2078      0.682    6.91750     8.2086    21.0155   12.49286 3.8669e+01 0.0000e+00
        108 292.419210    0.00743     0.4458     26.750      0.704  43463.297    27.0699     8.2090      0.698    6.91670     8.2066    21.0259   12.49136 3.8687e+01 0.0000e+00
        109 292.419213    0.00750     0.4500     27.000      0.714  43490.529    27.0886     8.2086      0.707    6.91592     8.2033    21.0405   12.48984 3.8803e+01 0.0000e+00
        110 292.419216    0.00757     0.4542     27.250      0.715  43527.676    27.1138     8.2067      0.709    6.91510     8.1986    21.0606   12.48815 3.9028e+01 0.0000e+00
        111 292.419219    0.00764     0.4583     27.500      0.709  43571.967    27.1438     8.2034      0.702    6.91426     8.1919    21.0845   12.48639 3.9388e+01 0.0000e+00
        112 292.419222    0.00771     0.4625     27.750      0.695  43616.413    27.1738     8.1987      0.689    6.91366     8.1832    21.1085   12.48500 3.9893e+01 0.0000e+00
        113 292.419225    0.00778     0.4667     28.000      0.679  43653.952    27.1987     8.1920      0.672    6.91360     8.1740    21.1289   12.48459 4.0409e+01 0.0000e+00
        114 292.419227    0.00785     0.4708     28.250      0.662  43678.157    27.2142     8.1833      0.655    6.91426     8.1656    21.1422   12.48550 4.0849e+01 0.0000e+00
        115 292.419230    0.00792     0.4750     28.500      0.648  43685.203    27.2178     8.1741      0.642    6.91557     8.1595    21.1463   12.48761 4.1280e+01 0.0000e+00
        116 292.419233    0.00799     0.4792     28.750      0.640  43677.728    27.2116     8.1657      0.634    6.91717     8.1559    21.1426   12.49034 4.1602e+01 0.0000e+00
        117 292.419236    0.00806     0.4833     29.000      0.637  43663.418    27.2010     8.1595      0.631    6.91862     8.1547    21.1351   12.49289 4.1694e+01 0.0000e+00
        118 292.419239    0.00813     0.4875     29.250      0.640  43649.378    27.1909     8.1560      0.634    6.91963     8.1547    21.1277   12.49470 4.1634e+01 0.0000e+00
        119 292.419242    0.00819     0.4917     29.500      0.645  43640.319    27.1845     8.1548      0.639    6.92012     8.1548    21.1228   12.49558 4.1540e+01 0.0000e+00
        120 292.419245    0.00826     0.4958     29.750      0.650  43641.045    27.1850     8.1548      0.644    6.92009     8.1539    21.1232   12.49553 4.1447e+01 0.0000e+00
        121 292.419248    0.00833     0.5000     30.000      0.652  43655.351    27.1948     8.1549      0.646    6.91963     8.1516    21.1309   12.49464 4.1264e+01 0.0000e+00
        122 292.419251    0.00840     0.5042     30.250      0.650  43681.768    27.2129     8.1540      0.644    6.91896     8.1477    21.1452   12.49330 4.0968e+01 0.0000e+00
        123 292.419253    0.00847     0.5083     30.500      0.644  43714.874    27.2353     8.1516      0.638    6.91832     8.1420    21.1630   12.49196 4.0733e+01 0.0000e+00
        124 292.419256    0.00854     0.5125     30.750      0.635  43748.533    27.2579     8.1477      0.629    6.91792     8.1348    21.1813   12.49101 4.0597e+01 0.0000e+00
        125 292.419259    0.00861     0.5167     31.000      0.626  43775.426    27.2757     8.1421      0.620    6.91801     8.1270    21.1959   12.49094 4.0411e+01 0.0000e+00
        126 292.419262    0.00868     0.5208     31.250      0.620  43789.870    27.2846     8.1349      0.614    6.91875     8.1200    21.2039   12.49205 4.0156e+01 0.0000e+00
        127 292.419265    0.00875     0.5250     31.500      0.618  43790.114    27.2838     8.1270      0.612    6.92003     8.1150    21.2043   12.49418 3.9959e+01 0.0000e+00
        128 292.419268    0.00882     0.5292     31.750      0.621  43777.369    27.2741     8.1201      0.615    6.92157     8.1125    21.1976   12.49686 3.9862e+01 0.0000e+00
        129 292.419271    0.00889     0.5333     32.000      0.630  43756.423    27.2591     8.1151      0.624    6.92303     8.1122    21.1865   12.49947 3.9787e+01 0.0000e+00
        130 292.419274    0.00896     0.5375     32.250      0.642  43732.470    27.2423     8.1126      0.636    6.92419     8.1138    21.1737   12.50160 3.9716e+01 0.0000e+00
        131 292.419277    0.00903     0.5417     32.500      0.655  43707.155    27.2249     8.1123      0.649    6.92502     8.1173    21.1601   12.50320 3.9692e+01 0.0000e+00
        132 292.419280    0.00910     0.5458     32.750      0.669  43681.553    27.2075     8.1139      0.663    6.92554     8.1223    21.1462   12.50429 3.9665e+01 0.0000e+00
        133 292.419282    0.00917     0.5500     33.000      0.682  43658.446    27.1921     8.1173      0.676    6.92569     8.1283    21.1337   12.50473 3.9579e+01 0.0000e+00
        134 292.419285    0.00924     0.5542     33.250      0.693  43640.345    27.1803     8.1223      0.687    6.92543     8.1345    21.1238   12.50445 3.9586e+01 0.0000e+00
        135 292.419288    0.00931     0.5583     33.500      0.701  43629.168    27.1734     8.1284      0.694    6.92478     8.1392    21.1176   12.50346 3.9756e+01 0.0000e+00
        136 292.419291    0.00937     0.5625     33.750      0.704  43627.326    27.1729     8.1346      0.698    6.92383     8.1410    21.1165   12.50188 3.9961e+01 0.0000e+00
        137 292.419294    0.00944     0.5667     34.000      0.702  43636.653    27.1799     8.1392      0.696    6.92277     8.1399    21.1214   12.50005 4.0192e+01 0.0000e+00
        138 292.419297    0.00951     0.5708     34.250      0.695  43654.991    27.1928     8.1411      0.688    6.92190     8.1364    21.1312   12.49844 4.0512e+01 0.0000e+00
        139 292.419300    0.00958     0.5750     34.500      0.683  43676.251    27.2072     8.1400      0.676    6.92142     8.1308    21.1427   12.49746 4.0867e+01 0.0000e+00
        140 292.419303    0.00965     0.5792     34.750      0.668  43696.047    27.2204     8.1365      0.662    6.92139     8.1235    21.1534   12.49723 4.1093e+01 0.0000e+00
        141 292.419306    0.00972     0.5833     35.000      0.652  43713.921    27.2319     8.1309      0.646    6.92176     8.1153    21.1632   12.49770 4.1171e+01 0.0000e+00
        142 292.419308    0.00979     0.5875     35.250      0.637  43729.765    27.2418     8.1235      0.631    6.92247     8.1073    21.1719   12.49875 4.1238e+01 0.0000e+00
        143 292.419311    0.00986     0.5917     35.500      0.625  43742.166    27.2493     8.1154      0.619    6.92342     8.1004    21.1788   12.50024 4.1254e+01 0.0000e+00
        144 292.419314    0.00993     0.5958     35.750      0.617  43749.326    27.2531     8.1074      0.611    6.92451     8.0952    21.1829   12.50200 4.1132e+01 0.0000e+00
        145 292.419317    0.01000     0.6000     36.000      0.613  43749.885    27.2526     8.1005      0.607    6.92563     8.0918    21.1834   12.50387 4.1001e+01 0.0000e+00
        146 292.419320    0.01007     0.6042     36.250      0.614  43744.029    27.2479     8.0952      0.607    6.92668     8.0901    21.1804   12.50566 4.0939e+01 0.0000e+00
        147 292.419323    0.01014     0.6083     36.500      0.619  43733.738    27.2404     8.0919      0.613    6.92755     8.0895    21.1750   12.50720 4.0794e+01 0.0000e+00
        148 292.419326    0.01021     0.6125     36.750      0.629  43720.952    27.2314     8.0901      0.623    6.92823     8.0898    21.1682   12.50844 4.0484e+01 0.0000e+00
        149 292.419329    0.01028     0.6167     37.000      0.641  43707.324    27.2220     8.0896      0.635    6.92874     8.0906    21.1609   12.50941 4.0152e+01 0.0000e+00
        150 292.419332    0.01035     0.6208     37.250      0.654  43695.945    27.2142     8.0898      0.648    6.92905     8.0916    21.1547   12.51002 3.9892e+01 0.0000e+00
        151 292.419334    0.01042     0.6250     37.500      0.664  43690.130    27.2103     8.0907      0.658    6.92910     8.0924    21.1516   12.51015 3.9688e+01 0.0000e+00
        152 292.419337    0.01049     0.6292     37.750      0.670  43690.906    27.2110     8.0917      0.664    6.92891     8.0927    21.1520   12.50983 3.9591e+01 0.0000e+00
        153 292.419340    0.01056     0.6333     38.000      0.671  43696.173    27.2147     8.0924      0.665    6.92862     8.0927    21.1548   12.50930 3.9625e+01 0.0000e+00
        154 292.419343    0.01063     0.6375     38.250      0.668  43701.502    27.2184     8.0927      0.661    6.92841     8.0929    21.1577   12.50890 3.9759e+01 0.0000e+00
        155 292.419346    0.01069     0.6417     38.500      0.663  43702.900    27.2193     8.0928      0.656    6.92835     8.0934    21.1584   12.50880 3.9952e+01 0.0000e+00
        156 292.419349    0.01076     0.6458     38.750      0.658  43698.849    27.2166     8.0929      0.652    6.92846     8.0945    21.1562   12.50901 4.0152e+01 0.0000e+00
        157 292.419352    0.01083     0.6500     39.000      0.656  43689.076    27.2099     8.0934      0.650    6.92868     8.0966    21.1509   12.50945 4.0294e+01 0.0000e+00
        158 292.419355    0.01090     0.6542     39.250      0.658  43673.265    27.1992     8.0945      0.652    6.92898     8.1004    21.1424   12.51010 4.0295e+01 0.0000e+00
        159 292.419358    0.01097     0.6583     39.500      0.664  43653.414    27.1859     8.0967      0.658    6.92924     8.1060    21.1316   12.51070 4.0269e+01 0.0000e+00
        160 292.419361    0.01104     0.6625     39.750      0.672  43634.457    27.1734     8.1004      0.666    6.92921     8.1132    21.1213   12.51081 4.0363e+01 0.0000e+00
        161 292.419363    0.01111     0.6667     40.000      0.680  43619.733    27.1640     8.1061      0.674    6.92873     8.1201    21.1132   12.51013 4.0507e+01 0.0000e+00
        162 292.419366    0.01118     0.6708     40.250      0.685  43610.383    27.1585     8.1133      0.679    6.92785     8.1246    21.1080   12.50874 4.0582e+01 0.0000e+00
        163 292.419369    0.01125     0.6750     40.500      0.687  43608.457    27.1581     8.1201      0.681    6.92678     8.1257    21.1067   12.50697 4.0592e+01 0.0000e+00
        164 292.419372    0.01132     0.6792     40.750      0.683  43615.874    27.1638     8.1247      0.677    6.92581     8.1234    21.1106   12.50528 4.0672e+01 0.0000e+00
        165 292.419375    0.01139     0.6833     41.000      0.674  43632.325    27.1752     8.1258      0.668    6.92512     8.1174    21.1194   12.50398 4.0821e+01 0.0000e+00
        166 292.419378    0.01146     0.6875     41.250      0.662  43655.921    27.1911     8.1235      0.656    6.92477     8.1078    21.1322   12.50321 4.0903e+01 0.0000e+00
        167 292.419381    0.01153     0.6917     41.500      0.649  43684.315    27.2098     8.1175      0.643    6.92486     8.0954    21.1476   12.50313 4.0873e+01 0.0000e+00
        168 292.419384    0.01160     0.6958     41.750      0.637  43714.586    27.2294     8.1079      0.631    6.92551     8.0817    21.1642   12.50396 4.0756e+01 0.0000e+00
        169 292.419387    0.01167     0.7000     42.000      0.627  43743.458    27.2476     8.0954      0.621    6.92666     8.0682    21.1801   12.50563 4.0612e+01 0.0000e+00
        170 292.419389    0.01174     0.7042     42.250      0.619  43767.911    27.2626     8.0817      0.613    6.92816     8.0564    21.1937   12.50793 4.0463e+01 0.0000e+00
        171 292.419392    0.01181     0.7083     42.500      0.614  43784.837    27.2724     8.0682      0.609    6.92985     8.0476    21.2032   12.51061 4.0312e+01 0.0000e+00
        172 292.419395    0.01188     0.7125     42.750      0.615  43791.512    27.2754     8.0565      0.609    6.93158     8.0422    21.2072   12.51344 4.0169e+01 0.0000e+00
        173 292.419398    0.01194     0.7167     43.000      0.620  43787.822    27.2717     8.0476      0.615    6.93315     8.0401    21.2054   12.51609 3.9994e+01 0.0000e+00
        174 292.419401    0.01201     0.7208     43.250      0.632  43776.573    27.2633     8.0422      0.626    6.93438     8.0405    21.1995   12.51824 3.9764e+01 0.0000e+00
        175 292.419404    0.01208     0.7250     43.500      0.647  43761.371    27.2526     8.0401      0.641    6.93521     8.0426    21.1914   12.51974 3.9492e+01 0.0000e+00
        176 292.419407    0.01215     0.7292     43.750      0.664  43746.208    27.2422     8.0405      0.658    6.93561     8.0457    21.1832   12.52054 3.9201e+01 0.0000e+00
        177 292.419410    0.01222     0.7333     44.000      0.679  43735.356    27.2350     8.0426      0.673    6.93560     8.0493    21.1773   12.52062 3.8942e+01 0.0000e+00
        178 292.419413    0.01229     0.7375     44.250      0.690  43731.144    27.2325     8.0458      0.683    6.93521     8.0525    21.1750   12.52000 3.8835e+01 0.0000e+00
        179 292.419416    0.01236     0.7417     44.500      0.693  43732.299    27.2338     8.0493      0.687    6.93459     8.0550    21.1755   12.51895 3.8920e+01 0.0000e+00
        180 292.419418    0.01243     0.7458     44.750      0.690  43734.777    27.2359     8.0525      0.684    6.93398     8.0567    21.1767   12.51792 3.9139e+01 0.0000e+00
