CTD-processing/allCTD/CNV--turbid/2014_07-23_t6_s16_cast211.cnv
* Sea-Bird SBE19plus Data File:
* FileName = C:\Users\kris.holderied\Documents\kasitsna\Research-Projects-and-Data\Oceanography-AK\CTD-Data-ALL-to-2014-06\2014-CTD-KachemakBay-CookInlet\2014-07-EVOSTC-CookInlet-quarterly\2014-07-23-CookInlet-Tran6-Douglas\2014-07-23-CookInlet-Tran6-cast211.hex
* Software Version 1.59
* Temperature SN =  4141
* Conductivity SN =  4141
* System UpLoad Time = Jul 23 2014 23:38:08
** Cook Inlet LTM Transect 6 (Douglas) East to West
** Date: 07-23
** Station: 6-16
** Start time: 15:07
** Depth (m): 156
** Comment:  CTD time is Alaska Daylight time.  Transducer  depth (transducer is 9 ft).
** Comment:
# nquan = 16
# nvalues = 1069                        
# units = specified
# name 0 = scan: Scan Count
# name 1 = timeJ: Julian Days
# name 2 = timeH: Time, Elapsed [hours]
# name 3 = timeM: Time, Elapsed [minutes]
# name 4 = timeS: Time, Elapsed [seconds]
# name 5 = prdM: Pressure, Strain Gauge [db]
# name 6 = specc: Specific Conductance [uS/cm]
# name 7 = sal00: Salinity, Practical [PSU]
# name 8 = tv290C: Temperature [ITS-90, deg C]
# name 9 = depSM: Depth [salt water, m], lat = 59.00
# name 10 = oxsolML/L: Oxygen Saturation, Garcia & Gordon [ml/l]
# name 11 = potemp090C: Potential Temperature [ITS-90, deg C]
# name 12 = sigma-é00: Density [sigma-theta, kg/m^3]
# name 13 = n2satML/L: Nitrogen Saturation [ml/l]
# name 14 = par: PAR/Irradiance, Biospherical/Licor
# name 15 = flag:  0.000e+00
# span 0 =          1,       1069       
# span 1 = 204.630370, 204.633461       
# span 2 =    0.00000,    0.07417       
# span 3 =     0.0000,     4.4500       
# span 4 =      0.000,    267.000       
# span 5 =     -0.107,    157.885       
# span 6 =   1056.534,  51586.728       
# span 7 =     0.5187,    32.4122       
# span 8 =     6.7749,    12.3040       
# span 9 =     -0.106,    156.350       
# span 10 =    6.27281,    7.46875      
# span 11 =     6.7640,    12.3040      
# span 12 =    -0.1288,    25.4009      
# span 13 =   11.36328,   13.77250      
# span 14 = 4.9139e-02, 1.9796e+03      
# span 15 = 0.0000e+00, 0.0000e+00      
# interval = seconds: 0.25
# start_time = Jul 23 2014 15:07:44 [Instrument's time stamp, header]
# bad_flag = -9.990e-29
*END*
[from data line 272]
        273 204.631157    0.01889     1.1333     68.000      1.555  50244.848    32.1561    11.0130      1.541    6.29155    11.0649    24.5594   11.39312 6.9578e+02 0.0000e+00
        274 204.631160    0.01896     1.1375     68.250      1.503  50218.208    32.1402    11.0390      1.489    6.28870    11.0874    24.5425   11.38857 7.0509e+02 0.0000e+00
        275 204.631163    0.01903     1.1417     68.500      1.439  50187.712    32.1216    11.0651      1.426    6.28592    11.1044    24.5234   11.38418 7.2977e+02 0.0000e+00
        276 204.631166    0.01910     1.1458     68.750      1.370  50157.194    32.1025    11.0876      1.357    6.28366    11.1157    24.5046   11.38066 7.7756e+02 0.0000e+00
        277 204.631169    0.01917     1.1500     69.000      1.306  50124.565    32.0813    11.1046      1.293    6.28221    11.1205    24.4851   11.37851 8.4068e+02 0.0000e+00
        278 204.631172    0.01924     1.1542     69.250      1.255  50090.561    32.0584    11.1159      1.244    6.28160    11.1181    24.4653   11.37778 8.6696e+02 0.0000e+00
        279 204.631175    0.01931     1.1583     69.500      1.229  50062.317    32.0389    11.1207      1.217    6.28173    11.1084    24.4493   11.37822 8.4415e+02 0.0000e+00
        280 204.631178    0.01938     1.1625     69.750      1.229  50045.138    32.0264    11.1183      1.218    6.28256    11.0931    24.4400   11.37973 8.2440e+02 0.0000e+00
        281 204.631181    0.01944     1.1667     70.000      1.254  50038.571    32.0206    11.1086      1.242    6.28410    11.0755    24.4372   11.38235 8.3998e+02 0.0000e+00
        282 204.631183    0.01951     1.1708     70.250      1.295  50042.557    32.0216    11.0933      1.282    6.28611    11.0588    24.4408   11.38567 9.0961e+02 0.0000e+00
        283 204.631186    0.01958     1.1750     70.500      1.341  50058.285    32.0308    11.0756      1.328    6.28812    11.0453    24.4510   11.38889 1.0099e+03 0.0000e+00
        284 204.631189    0.01965     1.1792     70.750      1.385  50084.912    32.0478    11.0589      1.372    6.28969    11.0361    24.4671   11.39129 1.0614e+03 0.0000e+00
        285 204.631192    0.01972     1.1833     71.000      1.422  50119.907    32.0711    11.0455      1.408    6.29057    11.0316    24.4876   11.39248 1.0382e+03 0.0000e+00
        286 204.631195    0.01979     1.1875     71.250      1.449  50158.443    32.0974    11.0363      1.435    6.29075    11.0320    24.5097   11.39247 9.8010e+02 0.0000e+00
        287 204.631198    0.01986     1.1917     71.500      1.470  50193.420    32.1217    11.0318      1.456    6.29040    11.0379    24.5294   11.39159 9.3139e+02 0.0000e+00
        288 204.631201    0.01993     1.1958     71.750      1.487  50218.227    32.1394    11.0321      1.473    6.28964    11.0492    24.5431   11.39013 9.2389e+02 0.0000e+00
        289 204.631204    0.02000     1.2000     72.000      1.504  50228.497    32.1474    11.0380      1.490    6.28852    11.0644    24.5483   11.38819 9.4218e+02 0.0000e+00
        290 204.631207    0.02007     1.2042     72.250      1.522  50224.065    32.1456    11.0493      1.508    6.28708    11.0816    24.5449   11.38582 9.6608e+02 0.0000e+00
        291 204.631209    0.02014     1.2083     72.500      1.542  50208.824    32.1365    11.0646      1.527    6.28539    11.0991    24.5351   11.38313 1.0080e+03 0.0000e+00
        292 204.631212    0.02021     1.2125     72.750      1.560  50187.667    32.1234    11.0818      1.545    6.28360    11.1155    24.5219   11.38031 1.0396e+03 0.0000e+00
        293 204.631215    0.02028     1.2167     73.000      1.574  50164.717    32.1091    11.0993      1.559    6.28181    11.1298    24.5077   11.37752 1.0574e+03 0.0000e+00
        294 204.631218    0.02035     1.2208     73.250      1.581  50143.390    32.0958    11.1157      1.566    6.28014    11.1419    24.4945   11.37491 1.0927e+03 0.0000e+00
        295 204.631221    0.02042     1.2250     73.500      1.578  50126.485    32.0855    11.1300      1.563    6.27863    11.1521    24.4839   11.37252 1.0823e+03 0.0000e+00
        296 204.631224    0.02049     1.2292     73.750      1.562  50115.509    32.0791    11.1421      1.548    6.27725    11.1611    24.4768   11.37032 9.9169e+02 0.0000e+00
        297 204.631227    0.02056     1.2333     74.000      1.531  50109.894    32.0763    11.1523      1.517    6.27599    11.1696    24.4728   11.36826 9.2615e+02 0.0000e+00
        298 204.631230    0.02063     1.2375     74.250      1.486  50106.451    32.0749    11.1613      1.472    6.27484    11.1774    24.4701   11.36637 9.2558e+02 0.0000e+00
        299 204.631233    0.02069     1.2417     74.500      1.428  50100.539    32.0717    11.1698      1.415    6.27383    11.1833    24.4661   11.36474 9.7068e+02 0.0000e+00
        300 204.631236    0.02076     1.2458     74.750      1.365  50088.657    32.0641    11.1776      1.352    6.27309    11.1860    24.4589   11.36360 1.0051e+03 0.0000e+00
        301 204.631238    0.02083     1.2500     75.000      1.304  50069.769    32.0514    11.1835      1.292    6.27281    11.1844    24.4479   11.36328 9.6697e+02 0.0000e+00
        302 204.631241    0.02090     1.2542     75.250      1.254  50047.562    32.0359    11.1862      1.242    6.27306    11.1772    24.4354   11.36387 9.3158e+02 0.0000e+00
        303 204.631244    0.02097     1.2583     75.500      1.223  50029.808    32.0231    11.1845      1.211    6.27379    11.1633    24.4258   11.36523 9.5902e+02 0.0000e+00
        304 204.631247    0.02104     1.2625     75.750      1.211  50021.058    32.0161    11.1773      1.200    6.27503    11.1430    24.4216   11.36738 1.0078e+03 0.0000e+00
        305 204.631250    0.02111     1.2667     76.000      1.218  50020.220    32.0139    11.1635      1.207    6.27698    11.1190    24.4223   11.37064 1.0266e+03 0.0000e+00
        306 204.631253    0.02118     1.2708     76.250      1.239  50025.276    32.0151    11.1432      1.227    6.27966    11.0949    24.4268   11.37506 1.0655e+03 0.0000e+00
        307 204.631256    0.02125     1.2750     76.500      1.270  50035.416    32.0196    11.1192      1.259    6.28271    11.0729    24.4345   11.38006 1.1658e+03 0.0000e+00
        308 204.631259    0.02132     1.2792     76.750      1.311  50049.101    32.0265    11.0950      1.299    6.28568    11.0542    24.4442   11.38490 1.3078e+03 0.0000e+00
        309 204.631262    0.02139     1.2833     77.000      1.361  50063.429    32.0342    11.0731      1.348    6.28833    11.0387    24.4540   11.38919 1.4107e+03 0.0000e+00
        310 204.631264    0.02146     1.2875     77.250      1.418  50076.178    32.0410    11.0544      1.405    6.29057    11.0263    24.4626   11.39284 1.3879e+03 0.0000e+00
        311 204.631267    0.02153     1.2917     77.500      1.483  50087.107    32.0470    11.0389      1.469    6.29242    11.0167    24.4700   11.39583 1.3862e+03 0.0000e+00
        312 204.631270    0.02160     1.2958     77.750      1.553  50097.605    32.0530    11.0265      1.539    6.29386    11.0097    24.4769   11.39814 1.4546e+03 0.0000e+00
        313 204.631273    0.02167     1.3000     78.000      1.624  50109.619    32.0604    11.0169      1.609    6.29486    11.0053    24.4843   11.39971 1.4133e+03 0.0000e+00
        314 204.631276    0.02174     1.3042     78.250      1.690  50125.026    32.0705    11.0099      1.675    6.29539    11.0035    24.4934   11.40048 1.2777e+03 0.0000e+00
        315 204.631279    0.02181     1.3083     78.500      1.744  50145.120    32.0843    11.0055      1.728    6.29543    11.0044    24.5049   11.40039 1.1456e+03 0.0000e+00
        316 204.631282    0.02187     1.3125     78.750      1.777  50167.174    32.0997    11.0037      1.761    6.29506    11.0086    24.5172   11.39959 1.0072e+03 0.0000e+00
        317 204.631285    0.02194     1.3167     79.000      1.784  50180.509    32.1093    11.0046      1.768    6.29455    11.0142    24.5245   11.39862 8.9073e+02 0.0000e+00
        318 204.631288    0.02201     1.3208     79.250      1.761  50167.280    32.1004    11.0088      1.745    6.29435    11.0155    24.5169   11.39839 8.3305e+02 0.0000e+00
        319 204.631291    0.02208     1.3250     79.500      1.708  50123.926    32.0702    11.0144      1.692    6.29480    11.0087    24.4924   11.39949 8.1160e+02 0.0000e+00
        320 204.631293    0.02215     1.3292     79.750      1.629  50078.032    32.0378    11.0158      1.614    6.29592    10.9965    24.4670   11.40172 7.8677e+02 0.0000e+00
        321 204.631296    0.02222     1.3333     80.000      1.530  50055.136    32.0207    11.0089      1.515    6.29753    10.9843    24.4549   11.40459 7.6478e+02 0.0000e+00
        322 204.631299    0.02229     1.3375     80.250      1.419  50053.041    32.0179    10.9967      1.406    6.29929    10.9751    24.4548   11.40754 7.5392e+02 0.0000e+00
        323 204.631302    0.02236     1.3417     80.500      1.308  50060.382    32.0217    10.9845      1.296    6.30078    10.9697    24.4599   11.40997 7.2000e+02 0.0000e+00
        324 204.631305    0.02243     1.3458     80.750      1.204  50070.172    32.0277    10.9753      1.193    6.30179    10.9677    24.4661   11.41157 6.6958e+02 0.0000e+00
        325 204.631308    0.02250     1.3500     81.000      1.115  50078.539    32.0330    10.9699      1.105    6.30231    10.9679    24.4712   11.41237 6.3394e+02 0.0000e+00
        326 204.631311    0.02257     1.3542     81.250      1.047  50083.409    32.0362    10.9678      1.037    6.30246    10.9689    24.4741   11.41258 6.0885e+02 0.0000e+00
        327 204.631314    0.02264     1.3583     81.500      1.004  50084.420    32.0370    10.9680      0.995    6.30240    10.9697    24.4747   11.41248 5.9667e+02 0.0000e+00
        328 204.631317    0.02271     1.3625     81.750      0.988  50082.853    32.0360    10.9690      0.978    6.30230    10.9699    24.4737   11.41232 6.0566e+02 0.0000e+00
        329 204.631319    0.02278     1.3667     82.000      0.998  50080.537    32.0345    10.9698      0.988    6.30225    10.9692    24.4724   11.41226 6.2184e+02 0.0000e+00
        330 204.631322    0.02285     1.3708     82.250      1.035  50078.172    32.0328    10.9700      1.025    6.30230    10.9676    24.4711   11.41235 6.4307e+02 0.0000e+00
        331 204.631325    0.02292     1.3750     82.500      1.101  50075.495    32.0308    10.9693      1.090    6.30247    10.9652    24.4696   11.41266 6.7990e+02 0.0000e+00
        332 204.631328    0.02299     1.3792     82.750      1.197  50073.482    32.0291    10.9677      1.186    6.30275    10.9624    24.4686   11.41315 7.3688e+02 0.0000e+00
        333 204.631331    0.02306     1.3833     83.000      1.323  50073.417    32.0287    10.9653      1.311    6.30309    10.9599    24.4687   11.41372 7.8152e+02 0.0000e+00
        334 204.631334    0.02313     1.3875     83.250      1.470  50074.755    32.0293    10.9626      1.456    6.30344    10.9576    24.4696   11.41429 7.9626e+02 0.0000e+00
        335 204.631337    0.02319     1.3917     83.500      1.625  50076.046    32.0299    10.9600      1.610    6.30376    10.9555    24.4705   11.41481 8.1191e+02 0.0000e+00
        336 204.631340    0.02326     1.3958     83.750      1.770  50076.705    32.0300    10.9577      1.753    6.30406    10.9536    24.4710   11.41531 8.3451e+02 0.0000e+00
        337 204.631343    0.02333     1.4000     84.000      1.887  50077.560    32.0303    10.9557      1.869    6.30433    10.9523    24.4716   11.41575 8.3916e+02 0.0000e+00
        338 204.631345    0.02340     1.4042     84.250      1.961  50079.449    32.0314    10.9538      1.943    6.30453    10.9517    24.4728   11.41608 8.2536e+02 0.0000e+00
        339 204.631348    0.02347     1.4083     84.500      1.984  50082.005    32.0331    10.9525      1.965    6.30465    10.9519    24.4744   11.41625 8.1906e+02 0.0000e+00
        340 204.631351    0.02354     1.4125     84.750      1.952  50083.863    32.0343    10.9520      1.933    6.30466    10.9525    24.4754   11.41627 8.2081e+02 0.0000e+00
        341 204.631354    0.02361     1.4167     85.000      1.869  50084.341    32.0347    10.9522      1.851    6.30462    10.9532    24.4757   11.41619 8.1797e+02 0.0000e+00
        342 204.631357    0.02368     1.4208     85.250      1.747  50084.610    32.0350    10.9527      1.730    6.30454    10.9543    24.4758   11.41606 8.1547e+02 0.0000e+00
        343 204.631360    0.02375     1.4250     85.500      1.599  50085.496    32.0358    10.9533      1.583    6.30442    10.9557    24.4763   11.41584 8.2619e+02 0.0000e+00
        344 204.631363    0.02382     1.4292     85.750      1.441  50086.184    32.0365    10.9544      1.427    6.30425    10.9574    24.4767   11.41555 8.4870e+02 0.0000e+00
        345 204.631366    0.02389     1.4333     86.000      1.287  50086.228    32.0368    10.9559      1.275    6.30405    10.9592    24.4766   11.41521 8.6269e+02 0.0000e+00
        346 204.631369    0.02396     1.4375     86.250      1.147  50086.119    32.0369    10.9576      1.137    6.30381    10.9612    24.4765   11.41482 8.8899e+02 0.0000e+00
        347 204.631372    0.02403     1.4417     86.500      1.031  50086.274    32.0373    10.9594      1.022    6.30356    10.9636    24.4765   11.41439 9.4990e+02 0.0000e+00
        348 204.631374    0.02410     1.4458     86.750      0.945  50087.056    32.0381    10.9613      0.936    6.30326    10.9666    24.4768   11.41389 1.0094e+03 0.0000e+00
        349 204.631377    0.02417     1.4500     87.000      0.893  50088.659    32.0395    10.9637      0.885    6.30288    10.9703    24.4775   11.41325 1.0867e+03 0.0000e+00
        350 204.631380    0.02424     1.4542     87.250      0.879  50089.617    32.0406    10.9667      0.870    6.30243    10.9734    24.4777   11.41248 1.2066e+03 0.0000e+00
        351 204.631383    0.02431     1.4583     87.500      0.905  50087.232    32.0393    10.9704      0.896    6.30198    10.9744    24.4761   11.41176 1.2950e+03 0.0000e+00
        352 204.631386    0.02438     1.4625     87.750      0.974  50080.139    32.0346    10.9736      0.964    6.30174    10.9717    24.4719   11.41141 1.2649e+03 0.0000e+00
        353 204.631389    0.02444     1.4667     88.000      1.081  50069.947    32.0275    10.9745      1.070    6.30189    10.9660    24.4661   11.41175 1.1342e+03 0.0000e+00
        354 204.631392    0.02451     1.4708     88.250      1.215  50063.883    32.0228    10.9718      1.203    6.30245    10.9610    24.4629   11.41273 1.0345e+03 0.0000e+00
        355 204.631395    0.02458     1.4750     88.500      1.362  50068.578    32.0254    10.9662      1.348    6.30310    10.9594    24.4660   11.41378 1.0124e+03 0.0000e+00
        356 204.631398    0.02465     1.4792     88.750      1.507  50079.927    32.0328    10.9612      1.493    6.30348    10.9613    24.4726   11.41432 9.9746e+02 0.0000e+00
        357 204.631400    0.02472     1.4833     89.000      1.641  50089.403    32.0393    10.9596      1.626    6.30343    10.9651    24.4779   11.41417 9.6044e+02 0.0000e+00
        358 204.631403    0.02479     1.4875     89.250      1.761  50093.251    32.0422    10.9615      1.745    6.30306    10.9690    24.4799   11.41351 9.2073e+02 0.0000e+00
        359 204.631406    0.02486     1.4917     89.500      1.867  50091.971    32.0417    10.9653      1.850    6.30256    10.9719    24.4788   11.41270 8.9493e+02 0.0000e+00
        360 204.631409    0.02493     1.4958     89.750      1.961  50087.982    32.0393    10.9692      1.943    6.30213    10.9735    24.4763   11.41201 8.8149e+02 0.0000e+00
        361 204.631412    0.02500     1.5000     90.000      2.046  50083.999    32.0367    10.9721      2.027    6.30184    10.9743    24.4738   11.41156 8.6643e+02 0.0000e+00
