CTD-processing/allCTD/CNV--turbid/2014_10-18_t6_s04_cast107.cnv
* Sea-Bird SBE19plus Data File:
* FileName = C:\Users\kris.holderied\Documents\kasitsna\Research-Projects-and-Data\Oceanography-AK\CTD-Data-ALL-to-2014-10\2014-CTD-KachemakBay-CookInlet\2014-10-EVOSTC-CookInlet\2014-10-18-CookInlet-Tran6-Douglas\2014-10-18-CookInlet-Tran6-cast107.hex
* Software Version 1.59
* Temperature SN =  4141
* Conductivity SN =  4141
* System UpLoad Time = Oct 18 2014 09:51:31
** Cook Inlet LTM Tran6 (Douglas)  east to west
** Date: 10-18
** Station: 6-04
** Start time: 01:04
** Depth (m): 105
** Comment:  CTD time is Alaska Daylight time.  R/V Pandalus. Transducer  depth.
** Comment:
# nquan = 16
# nvalues = 881                         
# units = specified
# name 0 = scan: Scan Count
# name 1 = timeJ: Julian Days
# name 2 = timeH: Time, Elapsed [hours]
# name 3 = timeM: Time, Elapsed [minutes]
# name 4 = timeS: Time, Elapsed [seconds]
# name 5 = prdM: Pressure, Strain Gauge [db]
# name 6 = specc: Specific Conductance [uS/cm]
# name 7 = sal00: Salinity, Practical [PSU]
# name 8 = tv290C: Temperature [ITS-90, deg C]
# name 9 = depSM: Depth [salt water, m], lat = 59.00
# name 10 = oxsolML/L: Oxygen Saturation, Garcia & Gordon [ml/l]
# name 11 = potemp090C: Potential Temperature [ITS-90, deg C]
# name 12 = sigma-é00: Density [sigma-theta, kg/m^3]
# name 13 = n2satML/L: Nitrogen Saturation [ml/l]
# name 14 = par: PAR/Irradiance, Biospherical/Licor
# name 15 = flag:  0.000e+00
# span 0 =          1,        881       
# span 1 = 291.044676, 291.047222       
# span 2 =    0.00000,    0.06111       
# span 3 =     0.0000,     3.6667       
# span 4 =      0.000,    220.000       
# span 5 =     -0.299,    103.812       
# span 6 =    603.434,  50858.048       
# span 7 =     0.2869,    32.1220       
# span 8 =     7.9766,    10.7039       
# span 9 =     -0.296,    102.815       
# span 10 =    6.46382,    8.21998      
# span 11 =     7.9666,    10.7012      
# span 12 =     0.0536,    25.0191      
# span 13 =   11.69006,   15.04247      
# span 14 = 4.5508e-02, 1.2950e+00      
# span 15 = 0.0000e+00, 0.0000e+00      
# interval = seconds: 0.25
# start_time = Oct 18 2014 01:04:20 [Instrument's time stamp, header]
# bad_flag = -9.990e-29
*END*
          1 291.044676    0.00000     0.0000      0.000     -0.296    603.434     0.2869     8.3891     -0.293    8.19381     8.3853     0.0536   15.00153 5.5788e-02 0.0000e+00
          2 291.044679    0.00007     0.0042      0.250     -0.294    610.229     0.2902     8.3876     -0.292    8.19393     8.3814     0.0563   15.00168 5.5974e-02 0.0000e+00
          3 291.044682    0.00014     0.0083      0.500     -0.292    619.598     0.2949     8.3852     -0.290    8.19416     8.3752     0.0602   15.00200 5.5996e-02 0.0000e+00
          4 291.044685    0.00021     0.0125      0.750     -0.290    629.330     0.2997     8.3814     -0.287    8.19467     8.3653     0.0642   15.00278 5.6076e-02 0.0000e+00
          5 291.044688    0.00028     0.0167      1.000     -0.288    638.213     0.3041     8.3752     -0.286    8.19567     8.3495     0.0681   15.00440 5.6608e-02 0.0000e+00
          6 291.044690    0.00035     0.0208      1.250     -0.287    647.927     0.3090     8.3653     -0.285    8.19738     8.3255     0.0727   15.00721 5.7496e-02 0.0000e+00
          7 291.044693    0.00042     0.0250      1.500     -0.287    661.389     0.3159     8.3494     -0.285    8.20018     8.2945     0.0791   15.01183 5.9022e-02 0.0000e+00
          8 291.044696    0.00049     0.0292      1.750     -0.287    682.418     0.3265     8.3255     -0.284    8.20438     8.2610     0.0891   15.01875 6.2935e-02 0.0000e+00
          9 291.044699    0.00056     0.0333      2.000     -0.287    716.675     0.3439     8.2945     -0.284    8.20964     8.2294     0.1048   15.02736 7.0115e-02 0.0000e+00
         10 291.044702    0.00063     0.0375      2.250     -0.287    773.711     0.3728     8.2610     -0.285    8.21480     8.2025     0.1299   15.03561 8.0304e-02 0.0000e+00
         11 291.044705    0.00069     0.0417      2.500     -0.289    867.707     0.4205     8.2294     -0.287    8.21857     8.1818     0.1697   15.04123 9.3989e-02 0.0000e+00
         12 291.044708    0.00076     0.0458      2.750     -0.291   1013.890     0.4949     8.2025     -0.289    8.21998     8.1672     0.2302   15.04247 1.1392e-01 0.0000e+00
         13 291.044711    0.00083     0.0500      3.000     -0.293   1223.140     0.6019     8.1818     -0.291    8.21843     8.1574     0.3161   15.03823 1.4681e-01 0.0000e+00
         14 291.044714    0.00090     0.0542      3.250     -0.296   1489.175     0.7387     8.1671     -0.293    8.21409     8.1509     0.4252   15.02882 2.0317e-01 0.0000e+00
         15 291.044716    0.00097     0.0583      3.500     -0.298   1768.419     0.8834     8.1573     -0.295    8.20837     8.1466     0.5400   15.01696 2.9138e-01 0.0000e+00
         16 291.044719    0.00104     0.0625      3.750     -0.299   2015.571     1.0126     8.1509     -0.296    8.20281     8.1439     0.6424   15.00563 4.2297e-01 0.0000e+00
         17 291.044722    0.00111     0.0667      4.000     -0.299   2209.050     1.1148     8.1466     -0.296    8.19828     8.1426     0.7234   14.99644 6.2658e-01 0.0000e+00
         18 291.044725    0.00118     0.0708      4.250     -0.299   2333.617     1.1822     8.1439     -0.296    8.19532     8.1429     0.7766   14.99046 8.7313e-01 0.0000e+00
         19 291.044728    0.00125     0.0750      4.500     -0.299   2411.381     1.2268     8.1426     -0.296    8.19334     8.1445     0.8117   14.98649 1.0683e+00 0.0000e+00
         20 291.044731    0.00132     0.0792      4.750     -0.298   2482.893     1.2710     8.1429     -0.295    8.19117     8.1475     0.8462   14.98225 1.1846e+00 0.0000e+00
         21 291.044734    0.00139     0.0833      5.000     -0.297   2567.704     1.3268     8.1445     -0.294    8.18826     8.1522     0.8895   14.97662 1.2504e+00 0.0000e+00
         22 291.044737    0.00146     0.0875      5.250     -0.295   2694.868     1.4127     8.1475     -0.292    8.18374     8.1603     0.9561   14.96794 1.2831e+00 0.0000e+00
         23 291.044740    0.00153     0.0917      5.500     -0.292   2928.004     1.5671     8.1522     -0.289    8.17565     8.1746     1.0759   14.95235 1.2950e+00 0.0000e+00
         24 291.044742    0.00160     0.0958      5.750     -0.286   3365.303     1.8503     8.1603     -0.284    8.16077     8.1996     1.2961   14.92362 1.2923e+00 0.0000e+00
         25 291.044745    0.00167     0.1000      6.000     -0.277   4151.504     2.3526     8.1746     -0.275    8.13418     8.2423     1.6868   14.87225 1.2761e+00 0.0000e+00
         26 291.044748    0.00174     0.1042      6.250     -0.262   5515.557     3.2181     8.1996     -0.259    8.08813     8.3142     2.3602   14.78327 1.2416e+00 0.0000e+00
         27 291.044751    0.00181     0.1083      6.500     -0.235   7832.926     4.6837     8.2423     -0.233    8.00995     8.4347     3.5008   14.63222 1.1741e+00 0.0000e+00
         28 291.044754    0.00187     0.1125      6.750     -0.192  11736.584     7.1480     8.3142     -0.190    7.87835     8.6333     5.4189   14.37794 1.0606e+00 0.0000e+00
         29 291.044757    0.00194     0.1167      7.000     -0.120  18284.765    11.2773     8.4347     -0.119    7.65772     8.9208     8.6330   13.95163 8.9974e-01 0.0000e+00
         30 291.044760    0.00201     0.1208      7.250     -0.008  26841.670    16.6960     8.6333     -0.009    7.36296     9.2530    12.8450   13.38394 6.9843e-01 0.0000e+00
         31 291.044763    0.00208     0.1250      7.500      0.143  34270.286    21.4448     8.9208      0.141    7.08903     9.5619    16.5195   12.86125 4.9067e-01 0.0000e+00
         32 291.044766    0.00215     0.1292      7.750      0.317  38933.118    24.4525     9.2530      0.314    6.89355     9.8083    18.8244   12.49396 3.2759e-01 0.0000e+00
         33 291.044769    0.00222     0.1333      8.000      0.498  41580.972    26.1658     9.5619      0.494    6.76410     9.9851    20.1192   12.25452 2.2213e-01 0.0000e+00
         34 291.044771    0.00229     0.1375      8.250      0.669  43075.572    27.1351     9.8083      0.663    6.68003    10.0997    20.8408   12.10097 1.5685e-01 0.0000e+00
         35 291.044774    0.00236     0.1417      8.500      0.812  43913.988    27.6793     9.9852      0.805    6.62699    10.1652    21.2400   12.00497 1.1758e-01 0.0000e+00
         36 291.044777    0.00243     0.1458      8.750      0.917  44386.407    27.9853    10.0997      0.909    6.59481    10.1991    21.4622   11.94703 9.4741e-02 0.0000e+00
         37 291.044780    0.00250     0.1500      9.000      0.987  44662.996    28.1638    10.1653      0.978    6.57617    10.2178    21.5920   11.91342 8.1741e-02 0.0000e+00
         38 291.044783    0.00257     0.1542      9.250      1.034  44837.487    28.2762    10.1992      1.025    6.56554    10.2327    21.6750   11.89413 7.4701e-02 0.0000e+00
         39 291.044786    0.00264     0.1583      9.500      1.068  44954.650    28.3522    10.2179      1.058    6.55904    10.2485    21.7316   11.88225 7.1422e-02 0.0000e+00
         40 291.044789    0.00271     0.1625      9.750      1.094  45030.023    28.4018    10.2328      1.084    6.55445    10.2651    21.7681   11.87392 7.0300e-02 0.0000e+00
         41 291.044792    0.00278     0.1667     10.000      1.117  45068.484    28.4275    10.2486      1.107    6.55088    10.2809    21.7858   11.86761 7.0006e-02 0.0000e+00
         42 291.044795    0.00285     0.1708     10.250      1.139  45078.004    28.4343    10.2652      1.128    6.54807    10.2948    21.7885   11.86284 6.9706e-02 0.0000e+00
         43 291.044797    0.00292     0.1750     10.500      1.158  45071.286    28.4303    10.2810      1.148    6.54589    10.3063    21.7830   11.85924 6.9066e-02 0.0000e+00
         44 291.044800    0.00299     0.1792     10.750      1.172  45060.640    28.4238    10.2949      1.162    6.54412    10.3155    21.7757   11.85637 6.8246e-02 0.0000e+00
         45 291.044803    0.00306     0.1833     11.000      1.178  45054.564    28.4204    10.3064      1.167    6.54258    10.3225    21.7713   11.85384 6.7487e-02 0.0000e+00
         46 291.044806    0.00313     0.1875     11.250      1.174  45056.565    28.4226    10.3156      1.163    6.54116    10.3278    21.7716   11.85145 6.7019e-02 0.0000e+00
         47 291.044809    0.00319     0.1917     11.500      1.162  45065.722    28.4296    10.3227      1.151    6.53984    10.3316    21.7759   11.84917 6.7349e-02 0.0000e+00
         48 291.044812    0.00326     0.1958     11.750      1.146  45078.441    28.4390    10.3279      1.135    6.53869    10.3348    21.7823   11.84715 6.8538e-02 0.0000e+00
         49 291.044815    0.00333     0.2000     12.000      1.131  45090.591    28.4478    10.3317      1.121    6.53777    10.3384    21.7886   11.84551 7.0435e-02 0.0000e+00
         50 291.044818    0.00340     0.2042     12.250      1.123  45098.914    28.4540    10.3349      1.113    6.53705    10.3428    21.7929   11.84425 7.3439e-02 0.0000e+00
         51 291.044821    0.00347     0.2083     12.500      1.122  45102.317    28.4567    10.3385      1.112    6.53642    10.3477    21.7944   11.84317 7.7333e-02 0.0000e+00
         52 291.044823    0.00354     0.2125     12.750      1.126  45102.792    28.4575    10.3429      1.116    6.53576    10.3530    21.7944   11.84207 8.0821e-02 0.0000e+00
         53 291.044826    0.00361     0.2167     13.000      1.132  45104.117    28.4589    10.3478      1.122    6.53499    10.3584    21.7947   11.84078 8.2618e-02 0.0000e+00
         54 291.044829    0.00368     0.2208     13.250      1.138  45108.934    28.4629    10.3531      1.127    6.53407    10.3638    21.7969   11.83920 8.2925e-02 0.0000e+00
         55 291.044832    0.00375     0.2250     13.500      1.142  45116.131    28.4685    10.3585      1.131    6.53306    10.3690    21.8004   11.83746 8.3836e-02 0.0000e+00
         56 291.044835    0.00382     0.2292     13.750      1.144  45122.132    28.4733    10.3639      1.133    6.53210    10.3741    21.8033   11.83580 8.6594e-02 0.0000e+00
         57 291.044838    0.00389     0.2333     14.000      1.144  45124.432    28.4754    10.3692      1.133    6.53125    10.3786    21.8041   11.83437 8.9695e-02 0.0000e+00
         58 291.044841    0.00396     0.2375     14.250      1.139  45123.398    28.4753    10.3742      1.128    6.53054    10.3824    21.8032   11.83318 9.0735e-02 0.0000e+00
         59 291.044844    0.00403     0.2417     14.500      1.125  45121.435    28.4744    10.3788      1.114    6.52992    10.3854    21.8017   11.83217 8.9128e-02 0.0000e+00
         60 291.044847    0.00410     0.2458     14.750      1.099  45120.342    28.4741    10.3826      1.088    6.52939    10.3874    21.8008   11.83130 8.5544e-02 0.0000e+00
         61 291.044850    0.00417     0.2500     15.000      1.062  45120.977    28.4749    10.3855      1.052    6.52894    10.3885    21.8010   11.83054 8.0069e-02 0.0000e+00
         62 291.044852    0.00424     0.2542     15.250      1.018  45124.049    28.4772    10.3875      1.008    6.52855    10.3889    21.8025   11.82987 7.3432e-02 0.0000e+00
         63 291.044855    0.00431     0.2583     15.500      0.973  45129.008    28.4808    10.3886      0.964    6.52825    10.3890    21.8051   11.82932 6.7019e-02 0.0000e+00
         64 291.044858    0.00438     0.2625     15.750      0.938  45134.336    28.4846    10.3890      0.929    6.52804    10.3895    21.8080   11.82893 6.1920e-02 0.0000e+00
         65 291.044861    0.00444     0.2667     16.000      0.921  45139.371    28.4881    10.3891      0.912    6.52788    10.3908    21.8107   11.82861 5.9003e-02 0.0000e+00
         66 291.044864    0.00451     0.2708     16.250      0.928  45144.108    28.4915    10.3896      0.920    6.52767    10.3930    21.8133   11.82823 5.8398e-02 0.0000e+00
         67 291.044867    0.00458     0.2750     16.500      0.962  45147.846    28.4942    10.3909      0.954    6.52737    10.3959    21.8152   11.82769 5.9913e-02 0.0000e+00
         68 291.044870    0.00465     0.2792     16.750      1.019  45149.462    28.4956    10.3931      1.010    6.52699    10.3991    21.8159   11.82706 6.3800e-02 0.0000e+00
         69 291.044873    0.00472     0.2833     17.000      1.091  45148.198    28.4950    10.3960      1.081    6.52660    10.4019    21.8149   11.82642 7.0946e-02 0.0000e+00
         70 291.044876    0.00479     0.2875     17.250      1.170  45143.788    28.4922    10.3992      1.159    6.52626    10.4040    21.8123   11.82589 8.3023e-02 0.0000e+00
         71 291.044878    0.00486     0.2917     17.500      1.246  45136.811    28.4876    10.4020      1.235    6.52605    10.4053    21.8082   11.82558 1.0110e-01 0.0000e+00
         72 291.044881    0.00493     0.2958     17.750      1.311  45128.680    28.4821    10.4041      1.299    6.52598    10.4061    21.8036   11.82553 1.2399e-01 0.0000e+00
         73 291.044884    0.00500     0.3000     18.000      1.357  45121.247    28.4771    10.4055      1.344    6.52600    10.4066    21.7995   11.82563 1.5132e-01 0.0000e+00
         74 291.044887    0.00507     0.3042     18.250      1.379  45116.607    28.4739    10.4062      1.366    6.52602    10.4070    21.7969   11.82570 1.8295e-01 0.0000e+00
         75 291.044890    0.00514     0.3083     18.500      1.375  45116.237    28.4737    10.4067      1.363    6.52596    10.4071    21.7967   11.82560 2.0628e-01 0.0000e+00
         76 291.044893    0.00521     0.3125     18.750      1.349  45118.879    28.4756    10.4071      1.336    6.52583    10.4071    21.7981   11.82537 2.1079e-01 0.0000e+00
         77 291.044896    0.00528     0.3167     19.000      1.303  45121.262    28.4773    10.4072      1.291    6.52574    10.4071    21.7994   11.82519 2.0144e-01 0.0000e+00
         78 291.044899    0.00535     0.3208     19.250      1.243  45121.579    28.4775    10.4072      1.231    6.52573    10.4071    21.7996   11.82517 1.7950e-01 0.0000e+00
         79 291.044902    0.00542     0.3250     19.500      1.173  45120.012    28.4765    10.4072      1.161    6.52578    10.4071    21.7988   11.82527 1.5278e-01 0.0000e+00
         80 291.044905    0.00549     0.3292     19.750      1.097  45117.955    28.4751    10.4072      1.087    6.52583    10.4070    21.7977   11.82537 1.3199e-01 0.0000e+00
         81 291.044907    0.00556     0.3333     20.000      1.021  45117.007    28.4744    10.4072      1.012    6.52586    10.4067    21.7972   11.82543 1.1186e-01 0.0000e+00
         82 291.044910    0.00562     0.3375     20.250      0.949  45117.769    28.4750    10.4071      0.940    6.52586    10.4063    21.7976   11.82542 9.0289e-02 0.0000e+00
         83 291.044913    0.00569     0.3417     20.500      0.885  45120.191    28.4766    10.4068      0.876    6.52583    10.4057    21.7990   11.82535 7.3533e-02 0.0000e+00
         84 291.044916    0.00576     0.3458     20.750      0.833  45123.457    28.4789    10.4064      0.826    6.52580    10.4051    21.8008   11.82527 6.3065e-02 0.0000e+00
         85 291.044919    0.00583     0.3500     21.000      0.799  45126.216    28.4808    10.4058      0.792    6.52579    10.4043    21.8023   11.82524 5.6740e-02 0.0000e+00
         86 291.044922    0.00590     0.3542     21.250      0.784  45127.531    28.4817    10.4052      0.777    6.52585    10.4037    21.8031   11.82533 5.3108e-02 0.0000e+00
         87 291.044925    0.00597     0.3583     21.500      0.788  45127.223    28.4814    10.4044      0.781    6.52597    10.4032    21.8030   11.82552 5.1293e-02 0.0000e+00
         88 291.044928    0.00604     0.3625     21.750      0.810  45126.192    28.4806    10.4038      0.802    6.52609    10.4028    21.8025   11.82574 5.0809e-02 0.0000e+00
         89 291.044931    0.00611     0.3667     22.000      0.849  45126.437    28.4807    10.4033      0.841    6.52616    10.4023    21.8026   11.82585 5.1472e-02 0.0000e+00
         90 291.044933    0.00618     0.3708     22.250      0.905  45129.387    28.4827    10.4029      0.897    6.52614    10.4015    21.8042   11.82578 5.3406e-02 0.0000e+00
