CTD-processing/allCTD/CNV--turbid/2014_07-21_t9_s01b_cast168.cnv
* Sea-Bird SBE19plus Data File:
* FileName = C:\Users\kris.holderied\Documents\kasitsna\Research-Projects-and-Data\Oceanography-AK\CTD-Data-ALL-to-2014-06\2014-CTD-KachemakBay-CookInlet\2014-07-EVOSTC-CookInlet-quarterly\2014-07-21-CookInlet-Tran9-HomerSpit\2014-07-21-CookInlet-Tran9-cast168.hex
* Software Version 1.59
* Temperature SN =  4141
* Conductivity SN =  4141
* System UpLoad Time = Jul 21 2014 18:02:13
** Cook Inlet LTM Transect 9 (Homer Spit) North to South
** Date: 07-21
** Station: 9-01b
** Start time: 17:16
** Depth (m): 52.7
** Comment:  CTD time is Alaska Daylight time.
** Comment: Extra station to south (inshore) of 9-01 to measure turbid side of strong front.
# nquan = 16
# nvalues = 618                         
# units = specified
# name 0 = scan: Scan Count
# name 1 = timeJ: Julian Days
# name 2 = timeH: Time, Elapsed [hours]
# name 3 = timeM: Time, Elapsed [minutes]
# name 4 = timeS: Time, Elapsed [seconds]
# name 5 = prdM: Pressure, Strain Gauge [db]
# name 6 = specc: Specific Conductance [uS/cm]
# name 7 = sal00: Salinity, Practical [PSU]
# name 8 = tv290C: Temperature [ITS-90, deg C]
# name 9 = depSM: Depth [salt water, m], lat = 59.00
# name 10 = oxsolML/L: Oxygen Saturation, Garcia & Gordon [ml/l]
# name 11 = potemp090C: Potential Temperature [ITS-90, deg C]
# name 12 = sigma-é00: Density [sigma-theta, kg/m^3]
# name 13 = n2satML/L: Nitrogen Saturation [ml/l]
# name 14 = par: PAR/Irradiance, Biospherical/Licor
# name 15 = flag:  0.000e+00
# span 0 =          1,        618       
# span 1 = 202.720868, 202.722653       
# span 2 =    0.00000,    0.04285       
# span 3 =     0.0000,     2.5708       
# span 4 =      0.000,    154.250       
# span 5 =     -0.022,     51.313       
# span 6 =   1228.101,  49682.877       
# span 7 =     0.6064,    31.5442       
# span 8 =     9.4736,    13.6600       
# span 9 =     -0.021,     50.827       
# span 10 =    6.17083,    7.49081      
# span 11 =     9.4682,    13.6599      
# span 12 =    -0.0417,    24.3393      
# span 13 =   11.25297,   13.80878      
# span 14 = 3.6382e-02, 4.0334e+02      
# span 15 = 0.0000e+00, 0.0000e+00      
# interval = seconds: 0.25
# start_time = Jul 21 2014 17:18:03 [Instrument's time stamp, header]
# bad_flag = -9.990e-29
*END*
[from data line 91]
         92 202.721131    0.00632     0.3792     22.750      0.897  39001.098    24.4874    13.6341      0.888    6.24604    13.6341    18.1491   11.40742 1.8189e+02 0.0000e+00
         93 202.721134    0.00639     0.3833     23.000      0.900  38982.782    24.4747    13.6341      0.891    6.24654    13.6344    18.1393   11.40840 1.8133e+02 0.0000e+00
         94 202.721137    0.00646     0.3875     23.250      0.907  38962.203    24.4605    13.6342      0.898    6.24707    13.6346    18.1283   11.40946 1.7939e+02 0.0000e+00
         95 202.721140    0.00653     0.3917     23.500      0.915  38943.361    24.4475    13.6345      0.906    6.24755    13.6347    18.1182   11.41041 1.7669e+02 0.0000e+00
         96 202.721143    0.00660     0.3958     23.750      0.924  38927.948    24.4368    13.6347      0.915    6.24793    13.6347    18.1100   11.41117 1.7425e+02 0.0000e+00
         97 202.721146    0.00667     0.4000     24.000      0.930  38915.809    24.4284    13.6348      0.921    6.24824    13.6345    18.1035   11.41179 1.7258e+02 0.0000e+00
         98 202.721149    0.00674     0.4042     24.250      0.933  38906.571    24.4220    13.6348      0.924    6.24849    13.6342    18.0986   11.41228 1.7229e+02 0.0000e+00
         99 202.721152    0.00681     0.4083     24.500      0.931  38899.780    24.4173    13.6347      0.922    6.24869    13.6339    18.0950   11.41268 1.7336e+02 0.0000e+00
        100 202.721155    0.00688     0.4125     24.750      0.924  38894.323    24.4135    13.6344      0.915    6.24888    13.6336    18.0921   11.41303 1.7506e+02 0.0000e+00
        101 202.721157    0.00694     0.4167     25.000      0.914  38888.343    24.4093    13.6340      0.906    6.24909    13.6334    18.0890   11.41343 1.7699e+02 0.0000e+00
        102 202.721160    0.00701     0.4208     25.250      0.904  38879.580    24.4032    13.6337      0.896    6.24937    13.6336    18.0843   11.41396 1.7905e+02 0.0000e+00
        103 202.721163    0.00708     0.4250     25.500      0.896  38865.838    24.3937    13.6336      0.888    6.24975    13.6340    18.0770   11.41471 1.8087e+02 0.0000e+00
        104 202.721166    0.00715     0.4292     25.750      0.892  38846.009    24.3800    13.6338      0.884    6.25027    13.6345    18.0664   11.41573 1.8131e+02 0.0000e+00
        105 202.721169    0.00722     0.4333     26.000      0.895  38820.851    24.3626    13.6341      0.887    6.25089    13.6351    18.0530   11.41698 1.7933e+02 0.0000e+00
        106 202.721172    0.00729     0.4375     26.250      0.904  38792.358    24.3429    13.6346      0.896    6.25159    13.6356    18.0377   11.41837 1.7569e+02 0.0000e+00
        107 202.721175    0.00736     0.4417     26.500      0.916  38763.299    24.3229    13.6352      0.908    6.25229    13.6358    18.0222   11.41978 1.7296e+02 0.0000e+00
        108 202.721178    0.00743     0.4458     26.750      0.926  38736.589    24.3044    13.6357      0.918    6.25295    13.6357    18.0079   11.42109 1.7288e+02 0.0000e+00
        109 202.721181    0.00750     0.4500     27.000      0.932  38713.568    24.2885    13.6359      0.924    6.25354    13.6355    17.9956   11.42226 1.7457e+02 0.0000e+00
        110 202.721183    0.00757     0.4542     27.250      0.933  38693.651    24.2747    13.6358      0.924    6.25408    13.6353    17.9850   11.42333 1.7633e+02 0.0000e+00
        111 202.721186    0.00764     0.4583     27.500      0.928  38674.718    24.2616    13.6356      0.920    6.25462    13.6352    17.9749   11.42438 1.7736e+02 0.0000e+00
        112 202.721189    0.00771     0.4625     27.750      0.921  38654.279    24.2475    13.6355      0.913    6.25519    13.6349    17.9640   11.42550 1.7766e+02 0.0000e+00
        113 202.721192    0.00778     0.4667     28.000      0.915  38631.974    24.2320    13.6354      0.906    6.25581    13.6344    17.9522   11.42671 1.7745e+02 0.0000e+00
        114 202.721195    0.00785     0.4708     28.250      0.911  38609.312    24.2163    13.6351      0.902    6.25645    13.6337    17.9401   11.42798 1.7714e+02 0.0000e+00
        115 202.721198    0.00792     0.4750     28.500      0.909  38588.229    24.2017    13.6345      0.901    6.25709    13.6327    17.9290   11.42921 1.7679e+02 0.0000e+00
        116 202.721201    0.00799     0.4792     28.750      0.909  38571.286    24.1900    13.6338      0.900    6.25764    13.6314    17.9201   11.43027 1.7612e+02 0.0000e+00
        117 202.721204    0.00806     0.4833     29.000      0.907  38559.829    24.1820    13.6328      0.898    6.25808    13.6302    17.9141   11.43109 1.7559e+02 0.0000e+00
        118 202.721207    0.00813     0.4875     29.250      0.904  38550.403    24.1754    13.6316      0.896    6.25849    13.6291    17.9092   11.43187 1.7635e+02 0.0000e+00
        119 202.721209    0.00819     0.4917     29.500      0.901  38535.931    24.1653    13.6303      0.893    6.25905    13.6282    17.9017   11.43291 1.7839e+02 0.0000e+00
        120 202.721212    0.00826     0.4958     29.750      0.900  38512.863    24.1493    13.6293      0.892    6.25981    13.6271    17.8896   11.43437 1.7937e+02 0.0000e+00
        121 202.721215    0.00833     0.5000     30.000      0.904  38483.227    24.1288    13.6283      0.896    6.26074    13.6257    17.8739   11.43616 1.7725e+02 0.0000e+00
        122 202.721218    0.00840     0.5042     30.250      0.914  38450.477    24.1061    13.6273      0.905    6.26176    13.6234    17.8567   11.43813 1.7293e+02 0.0000e+00
        123 202.721221    0.00847     0.5083     30.500      0.929  38420.885    24.0855    13.6258      0.920    6.26274    13.6197    17.8411   11.44002 1.6886e+02 0.0000e+00
        124 202.721224    0.00854     0.5125     30.750      0.945  38407.629    24.0762    13.6235      0.936    6.26341    13.6143    17.8344   11.44124 1.6671e+02 0.0000e+00
        125 202.721227    0.00861     0.5167     31.000      0.957  38421.958    24.0859    13.6198      0.948    6.26352    13.6067    17.8425   11.44130 1.6682e+02 0.0000e+00
        126 202.721230    0.00868     0.5208     31.250      0.961  38455.499    24.1087    13.6144      0.952    6.26333    13.5963    17.8611   11.44072 1.6897e+02 0.0000e+00
        127 202.721233    0.00875     0.5250     31.500      0.955  38484.007    24.1280    13.6068      0.946    6.26357    13.5843    17.8773   11.44091 1.7264e+02 0.0000e+00
        128 202.721236    0.00882     0.5292     31.750      0.940  38487.589    24.1299    13.5964      0.931    6.26486    13.5740    17.8807   11.44304 1.7636e+02 0.0000e+00
        129 202.721238    0.00889     0.5333     32.000      0.919  38459.178    24.1095    13.5844      0.910    6.26723    13.5681    17.8672   11.44722 1.7868e+02 0.0000e+00
        130 202.721241    0.00896     0.5375     32.250      0.899  38406.603    24.0726    13.5741      0.891    6.27002    13.5671    17.8407   11.45231 1.7921e+02 0.0000e+00
        131 202.721244    0.00903     0.5417     32.500      0.887  38347.657    24.0315    13.5682      0.878    6.27239    13.5699    17.8102   11.45676 1.7844e+02 0.0000e+00
        132 202.721247    0.00910     0.5458     32.750      0.883  38295.734    23.9956    13.5672      0.874    6.27393    13.5748    17.7827   11.45975 1.7719e+02 0.0000e+00
        133 202.721250    0.00917     0.5500     33.000      0.885  38257.988    23.9697    13.5700      0.877    6.27457    13.5802    17.7622   11.46112 1.7600e+02 0.0000e+00
        134 202.721253    0.00924     0.5542     33.250      0.891  38241.037    23.9583    13.5749      0.883    6.27437    13.5854    17.7525   11.46093 1.7577e+02 0.0000e+00
        135 202.721256    0.00931     0.5583     33.500      0.896  38242.271    23.9595    13.5803      0.888    6.27361    13.5902    17.7524   11.45965 1.7675e+02 0.0000e+00
        136 202.721259    0.00937     0.5625     33.750      0.900  38244.290    23.9612    13.5855      0.892    6.27286    13.5943    17.7528   11.45838 1.7751e+02 0.0000e+00
        137 202.721262    0.00944     0.5667     34.000      0.902  38229.684    23.9514    13.5903      0.894    6.27261    13.5975    17.7443   11.45808 1.7688e+02 0.0000e+00
        138 202.721264    0.00951     0.5708     34.250      0.905  38194.923    23.9276    13.5944      0.897    6.27300    13.5997    17.7253   11.45900 1.7487e+02 0.0000e+00
        139 202.721267    0.00958     0.5750     34.500      0.911  38151.408    23.8977    13.5976      0.902    6.27375    13.6010    17.7017   11.46060 1.7246e+02 0.0000e+00
        140 202.721270    0.00965     0.5792     34.750      0.921  38116.418    23.8737    13.5999      0.912    6.27439    13.6011    17.6828   11.46196 1.7072e+02 0.0000e+00
        141 202.721273    0.00972     0.5833     35.000      0.932  38102.367    23.8641    13.6011      0.923    6.27460    13.5995    17.6752   11.46242 1.6965e+02 0.0000e+00
        142 202.721276    0.00979     0.5875     35.250      0.942  38115.302    23.8730    13.6012      0.933    6.27424    13.5961    17.6820   11.46172 1.6895e+02 0.0000e+00
        143 202.721279    0.00986     0.5917     35.500      0.948  38151.244    23.8977    13.5997      0.938    6.27348    13.5901    17.7013   11.46016 1.6883e+02 0.0000e+00
        144 202.721282    0.00993     0.5958     35.750      0.947  38197.429    23.9294    13.5963      0.937    6.27269    13.5807    17.7264   11.45846 1.6971e+02 0.0000e+00
        145 202.721285    0.01000     0.6000     36.000      0.939  38242.085    23.9599    13.5902      0.930    6.27229    13.5686    17.7509   11.45744 1.7175e+02 0.0000e+00
        146 202.721288    0.01007     0.6042     36.250      0.926  38275.890    23.9827    13.5808      0.917    6.27264    13.5561    17.7702   11.45775 1.7409e+02 0.0000e+00
        147 202.721291    0.01014     0.6083     36.500      0.912  38291.953    23.9931    13.5688      0.903    6.27382    13.5455    17.7805   11.45960 1.7547e+02 0.0000e+00
        148 202.721293    0.01021     0.6125     36.750      0.902  38287.491    23.9893    13.5562      0.893    6.27562    13.5382    17.7798   11.46264 1.7563e+02 0.0000e+00
        149 202.721296    0.01028     0.6167     37.000      0.897  38266.358    23.9740    13.5456      0.888    6.27761    13.5344    17.7701   11.46614 1.7512e+02 0.0000e+00
        150 202.721299    0.01035     0.6208     37.250      0.898  38238.596    23.9544    13.5383      0.889    6.27933    13.5334    17.7563   11.46925 1.7429e+02 0.0000e+00
        151 202.721302    0.01042     0.6250     37.500      0.904  38213.205    23.9366    13.5345      0.895    6.28053    13.5340    17.7433   11.47145 1.7311e+02 0.0000e+00
        152 202.721305    0.01049     0.6292     37.750      0.913  38196.235    23.9249    13.5335      0.904    6.28111    13.5345    17.7344   11.47256 1.7149e+02 0.0000e+00
        153 202.721308    0.01056     0.6333     38.000      0.921  38193.343    23.9229    13.5341      0.912    6.28110    13.5334    17.7328   11.47258 1.6984e+02 0.0000e+00
        154 202.721311    0.01063     0.6375     38.250      0.926  38207.449    23.9327    13.5346      0.917    6.28067    13.5303    17.7402   11.47174 1.6929e+02 0.0000e+00
        155 202.721314    0.01069     0.6417     38.500      0.927  38235.740    23.9521    13.5335      0.918    6.28005    13.5247    17.7554   11.47047 1.7082e+02 0.0000e+00
        156 202.721317    0.01076     0.6458     38.750      0.923  38272.144    23.9771    13.5304      0.914    6.27948    13.5159    17.7752   11.46923 1.7402e+02 0.0000e+00
        157 202.721319    0.01083     0.6500     39.000      0.915  38307.943    24.0014    13.5248      0.907    6.27927    13.5048    17.7950   11.46858 1.7739e+02 0.0000e+00
        158 202.721322    0.01090     0.6542     39.250      0.907  38332.242    24.0177    13.5160      0.898    6.27978    13.4936    17.8092   11.46925 1.7928e+02 0.0000e+00
        159 202.721325    0.01097     0.6583     39.500      0.900  38337.712    24.0208    13.5049      0.891    6.28112    13.4851    17.8136   11.47146 1.7875e+02 0.0000e+00
        160 202.721328    0.01104     0.6625     39.750      0.898  38322.445    24.0096    13.4937      0.889    6.28303    13.4810    17.8070   11.47477 1.7590e+02 0.0000e+00
        161 202.721331    0.01111     0.6667     40.000      0.902  38292.400    23.9883    13.4852      0.894    6.28498    13.4818    17.7922   11.47827 1.7169e+02 0.0000e+00
        162 202.721334    0.01118     0.6708     40.250      0.912  38261.037    23.9664    13.4811      0.903    6.28638    13.4864    17.7761   11.48087 1.6770e+02 0.0000e+00
        163 202.721337    0.01125     0.6750     40.500      0.924  38238.976    23.9512    13.4819      0.915    6.28687    13.4924    17.7642   11.48187 1.6484e+02 0.0000e+00
        164 202.721340    0.01132     0.6792     40.750      0.934  38230.690    23.9458    13.4865      0.925    6.28648    13.4978    17.7592   11.48128 1.6362e+02 0.0000e+00
        165 202.721343    0.01139     0.6833     41.000      0.941  38236.461    23.9501    13.4925      0.932    6.28551    13.5013    17.7614   11.47962 1.6422e+02 0.0000e+00
        166 202.721345    0.01146     0.6875     41.250      0.945  38249.989    23.9598    13.4980      0.936    6.28442    13.5018    17.7679   11.47768 1.6608e+02 0.0000e+00
        167 202.721348    0.01153     0.6917     41.500      0.945  38263.707    23.9695    13.5015      0.936    6.28359    13.4993    17.7747   11.47617 1.6863e+02 0.0000e+00
        168 202.721351    0.01160     0.6958     41.750      0.943  38275.407    23.9776    13.5019      0.934    6.28321    13.4954    17.7809   11.47544 1.7123e+02 0.0000e+00
        169 202.721354    0.01167     0.7000     42.000      0.940  38285.369    23.9843    13.4995      0.931    6.28326    13.4912    17.7865   11.47546 1.7289e+02 0.0000e+00
        170 202.721357    0.01174     0.7042     42.250      0.936  38294.233    23.9902    13.4955      0.927    6.28355    13.4870    17.7917   11.47586 1.7341e+02 0.0000e+00
        171 202.721360    0.01181     0.7083     42.500      0.932  38302.572    23.9957    13.4913      0.923    6.28390    13.4829    17.7968   11.47638 1.7372e+02 0.0000e+00
        172 202.721363    0.01188     0.7125     42.750      0.927  38310.015    24.0006    13.4871      0.918    6.28426    13.4786    17.8013   11.47692 1.7454e+02 0.0000e+00
        173 202.721366    0.01194     0.7167     43.000      0.922  38316.606    24.0049    13.4830      0.913    6.28463    13.4742    17.8054   11.47750 1.7568e+02 0.0000e+00
        174 202.721369    0.01201     0.7208     43.250      0.916  38322.979    24.0090    13.4787      0.908    6.28502    13.4695    17.8094   11.47810 1.7598e+02 0.0000e+00
        175 202.721372    0.01208     0.7250     43.500      0.913  38328.565    24.0126    13.4743      0.904    6.28547    13.4650    17.8129   11.47880 1.7473e+02 0.0000e+00
        176 202.721374    0.01215     0.7292     43.750      0.912  38331.851    24.0146    13.4696      0.903    6.28600    13.4610    17.8153   11.47967 1.7307e+02 0.0000e+00
        177 202.721377    0.01222     0.7333     44.000      0.913  38332.423    24.0147    13.4651      0.905    6.28659    13.4577    17.8162   11.48065 1.7194e+02 0.0000e+00
        178 202.721380    0.01229     0.7375     44.250      0.916  38332.004    24.0142    13.4611      0.908    6.28714    13.4547    17.8166   11.48157 1.7085e+02 0.0000e+00
        179 202.721383    0.01236     0.7417     44.500      0.919  38333.406    24.0149    13.4578      0.911    6.28755    13.4516    17.8178   11.48224 1.6993e+02 0.0000e+00
        180 202.721386    0.01243     0.7458     44.750      0.921  38338.407    24.0182    13.4548      0.912    6.28782    13.4481    17.8209   11.48265 1.7009e+02 0.0000e+00
