CTD-processing/allCTD/CNV--turbid/2014_07-24_t7_s09_cast008.cnv
* Sea-Bird SBE19plus Data File:
* FileName = C:\Users\kris.holderied\Documents\kasitsna\Research-Projects-and-Data\Oceanography-AK\CTD-Data-ALL-to-2014-06\2014-CTD-KachemakBay-CookInlet\2014-07-EVOSTC-CookInlet-quarterly\2014-07-24-CookInlet-Tran7-Augustine\2014-07-24-CookInlet-Tran7-cast008.hex
* Software Version 1.59
* Temperature SN =  4141
* Conductivity SN =  4141
* System UpLoad Time = Jul 24 2014 17:21:50
** Cook Inlet LTM Transect 7 (Augustine) West to East
** Date: 07-24
** Station: 7-09
** Start time: 10:52
** Depth (m): 75.6
** Comment:  CTD time is Alaska Daylight time.  Transducer  depth (transducer is 9 ft).
** Comment:
# nquan = 16
# nvalues = 636                         
# units = specified
# name 0 = scan: Scan Count
# name 1 = timeJ: Julian Days
# name 2 = timeH: Time, Elapsed [hours]
# name 3 = timeM: Time, Elapsed [minutes]
# name 4 = timeS: Time, Elapsed [seconds]
# name 5 = prdM: Pressure, Strain Gauge [db]
# name 6 = specc: Specific Conductance [uS/cm]
# name 7 = sal00: Salinity, Practical [PSU]
# name 8 = tv290C: Temperature [ITS-90, deg C]
# name 9 = depSM: Depth [salt water, m], lat = 59.00
# name 10 = oxsolML/L: Oxygen Saturation, Garcia & Gordon [ml/l]
# name 11 = potemp090C: Potential Temperature [ITS-90, deg C]
# name 12 = sigma-é00: Density [sigma-theta, kg/m^3]
# name 13 = n2satML/L: Nitrogen Saturation [ml/l]
# name 14 = par: PAR/Irradiance, Biospherical/Licor
# name 15 = flag:  0.000e+00
# span 0 =          1,        636       
# span 1 = 205.453021, 205.454858       
# span 2 =    0.00000,    0.04410       
# span 3 =     0.0000,     2.6458       
# span 4 =      0.000,    158.750       
# span 5 =     -0.113,     76.233       
# span 6 =    467.854,  50513.381       
# span 7 =     0.2233,    31.9726       
# span 8 =     8.4813,    12.2785       
# span 9 =     -0.112,     75.507       
# span 10 =    6.23645,    7.51792      
# span 11 =     8.4737,    12.2784      
# span 12 =    -0.3348,    24.8280      
# span 13 =   11.33520,   13.86004      
# span 14 = 5.3497e-02, 2.8263e+02      
# span 15 = 0.0000e+00, 0.0000e+00      
# interval = seconds: 0.25
# start_time = Jul 24 2014 10:52:21 [Instrument's time stamp, header]
# bad_flag = -9.990e-29
*END*
[from data line 272]
        273 205.453808    0.01889     1.1333     68.000      1.609  46015.618    29.2894    12.2750      1.594    6.23684    12.2754    22.1085   11.33584 1.1886e+02 0.0000e+00
        274 205.453811    0.01896     1.1375     68.250      1.578  46015.753    29.2896    12.2752      1.563    6.23681    12.2758    22.1086   11.33578 1.2239e+02 0.0000e+00
        275 205.453814    0.01903     1.1417     68.500      1.531  46015.053    29.2891    12.2756      1.517    6.23677    12.2761    22.1082   11.33573 1.2605e+02 0.0000e+00
        276 205.453817    0.01910     1.1458     68.750      1.479  46013.810    29.2883    12.2760      1.465    6.23675    12.2762    22.1075   11.33570 1.2903e+02 0.0000e+00
        277 205.453819    0.01917     1.1500     69.000      1.429  46012.450    29.2874    12.2763      1.416    6.23675    12.2761    22.1067   11.33570 1.3101e+02 0.0000e+00
        278 205.453822    0.01924     1.1542     69.250      1.389  46011.352    29.2867    12.2764      1.376    6.23676    12.2757    22.1061   11.33574 1.3214e+02 0.0000e+00
        279 205.453825    0.01931     1.1583     69.500      1.360  46010.704    29.2862    12.2762      1.348    6.23680    12.2752    22.1058   11.33581 1.3241e+02 0.0000e+00
        280 205.453828    0.01938     1.1625     69.750      1.341  46010.500    29.2860    12.2758      1.329    6.23686    12.2746    22.1057   11.33591 1.3172e+02 0.0000e+00
        281 205.453831    0.01944     1.1667     70.000      1.332  46010.648    29.2861    12.2753      1.320    6.23693    12.2741    22.1059   11.33602 1.3055e+02 0.0000e+00
        282 205.453834    0.01951     1.1708     70.250      1.331  46010.938    29.2862    12.2748      1.319    6.23699    12.2737    22.1061   11.33612 1.2952e+02 0.0000e+00
        283 205.453837    0.01958     1.1750     70.500      1.338  46011.114    29.2863    12.2743      1.326    6.23705    12.2734    22.1062   11.33622 1.2855e+02 0.0000e+00
        284 205.453840    0.01965     1.1792     70.750      1.352  46011.132    29.2863    12.2739      1.340    6.23710    12.2730    22.1063   11.33631 1.2735e+02 0.0000e+00
        285 205.453843    0.01972     1.1833     71.000      1.374  46011.143    29.2863    12.2735      1.361    6.23716    12.2725    22.1063   11.33640 1.2592e+02 0.0000e+00
        286 205.453845    0.01979     1.1875     71.250      1.403  46011.186    29.2862    12.2731      1.390    6.23721    12.2721    22.1064   11.33649 1.2457e+02 0.0000e+00
        287 205.453848    0.01986     1.1917     71.500      1.437  46011.244    29.2862    12.2727      1.424    6.23726    12.2716    22.1065   11.33658 1.2366e+02 0.0000e+00
        288 205.453851    0.01993     1.1958     71.750      1.473  46011.383    29.2863    12.2723      1.460    6.23732    12.2712    22.1066   11.33668 1.2348e+02 0.0000e+00
        289 205.453854    0.02000     1.2000     72.000      1.506  46011.591    29.2864    12.2718      1.492    6.23737    12.2709    22.1067   11.33676 1.2388e+02 0.0000e+00
        290 205.453857    0.02007     1.2042     72.250      1.529  46011.810    29.2865    12.2714      1.515    6.23742    12.2707    22.1069   11.33684 1.2447e+02 0.0000e+00
        291 205.453860    0.02014     1.2083     72.500      1.541  46012.021    29.2866    12.2711      1.526    6.23746    12.2704    22.1070   11.33689 1.2504e+02 0.0000e+00
        292 205.453863    0.02021     1.2125     72.750      1.538  46012.226    29.2867    12.2709      1.524    6.23749    12.2702    22.1072   11.33695 1.2578e+02 0.0000e+00
        293 205.453866    0.02028     1.2167     73.000      1.524  46012.454    29.2869    12.2706      1.510    6.23752    12.2701    22.1073   11.33700 1.2681e+02 0.0000e+00
        294 205.453869    0.02035     1.2208     73.250      1.504  46012.679    29.2870    12.2704      1.490    6.23754    12.2701    22.1075   11.33703 1.2775e+02 0.0000e+00
        295 205.453872    0.02042     1.2250     73.500      1.486  46012.838    29.2871    12.2703      1.471    6.23755    12.2702    22.1076   11.33704 1.2826e+02 0.0000e+00
        296 205.453874    0.02049     1.2292     73.750      1.473  46012.885    29.2872    12.2703      1.458    6.23755    12.2702    22.1076   11.33704 1.2832e+02 0.0000e+00
        297 205.453877    0.02056     1.2333     74.000      1.468  46012.894    29.2872    12.2703      1.453    6.23755    12.2703    22.1076   11.33703 1.2776e+02 0.0000e+00
        298 205.453880    0.02063     1.2375     74.250      1.470  46013.088    29.2873    12.2704      1.456    6.23754    12.2705    22.1077   11.33701 1.2660e+02 0.0000e+00
        299 205.453883    0.02069     1.2417     74.500      1.478  46013.488    29.2876    12.2705      1.464    6.23751    12.2709    22.1079   11.33697 1.2558e+02 0.0000e+00
        300 205.453886    0.02076     1.2458     74.750      1.487  46013.868    29.2879    12.2707      1.473    6.23747    12.2713    22.1081   11.33689 1.2523e+02 0.0000e+00
        301 205.453889    0.02083     1.2500     75.000      1.493  46014.043    29.2880    12.2711      1.478    6.23741    12.2718    22.1082   11.33680 1.2534e+02 0.0000e+00
        302 205.453892    0.02090     1.2542     75.250      1.492  46013.973    29.2880    12.2715      1.477    6.23735    12.2722    22.1081   11.33670 1.2564e+02 0.0000e+00
        303 205.453895    0.02097     1.2583     75.500      1.483  46013.746    29.2879    12.2720      1.469    6.23730    12.2725    22.1079   11.33661 1.2619e+02 0.0000e+00
        304 205.453898    0.02104     1.2625     75.750      1.467  46013.447    29.2878    12.2724      1.453    6.23725    12.2728    22.1077   11.33653 1.2726e+02 0.0000e+00
        305 205.453900    0.02111     1.2667     76.000      1.449  46013.165    29.2876    12.2727      1.436    6.23721    12.2730    22.1075   11.33647 1.2855e+02 0.0000e+00
        306 205.453903    0.02118     1.2708     76.250      1.434  46012.967    29.2875    12.2730      1.421    6.23718    12.2732    22.1074   11.33643 1.2917e+02 0.0000e+00
        307 205.453906    0.02125     1.2750     76.500      1.427  46012.847    29.2874    12.2732      1.414    6.23715    12.2734    22.1073   11.33638 1.2882e+02 0.0000e+00
        308 205.453909    0.02132     1.2792     76.750      1.432  46012.814    29.2874    12.2734      1.418    6.23713    12.2736    22.1073   11.33634 1.2799e+02 0.0000e+00
        309 205.453912    0.02139     1.2833     77.000      1.449  46012.841    29.2874    12.2736      1.435    6.23710    12.2737    22.1072   11.33629 1.2708e+02 0.0000e+00
        310 205.453915    0.02146     1.2875     77.250      1.475  46012.841    29.2874    12.2738      1.461    6.23708    12.2739    22.1072   11.33625 1.2611e+02 0.0000e+00
        311 205.453918    0.02153     1.2917     77.500      1.504  46012.760    29.2874    12.2739      1.489    6.23706    12.2740    22.1071   11.33622 1.2499e+02 0.0000e+00
        312 205.453921    0.02160     1.2958     77.750      1.529  46012.597    29.2873    12.2741      1.514    6.23704    12.2741    22.1070   11.33619 1.2402e+02 0.0000e+00
        313 205.453924    0.02167     1.3000     78.000      1.543  46012.397    29.2871    12.2742      1.528    6.23703    12.2740    22.1069   11.33617 1.2373e+02 0.0000e+00
        314 205.453927    0.02174     1.3042     78.250      1.542  46012.230    29.2870    12.2743      1.528    6.23703    12.2740    22.1068   11.33617 1.2435e+02 0.0000e+00
        315 205.453929    0.02181     1.3083     78.500      1.526  46012.125    29.2870    12.2742      1.512    6.23704    12.2739    22.1068   11.33619 1.2561e+02 0.0000e+00
        316 205.453932    0.02187     1.3125     78.750      1.498  46012.058    29.2869    12.2742      1.484    6.23705    12.2739    22.1067   11.33621 1.2720e+02 0.0000e+00
        317 205.453935    0.02194     1.3167     79.000      1.462  46012.044    29.2869    12.2741      1.449    6.23705    12.2739    22.1067   11.33622 1.2894e+02 0.0000e+00
        318 205.453938    0.02201     1.3208     79.250      1.426  46012.083    29.2870    12.2741      1.413    6.23706    12.2738    22.1068   11.33623 1.3066e+02 0.0000e+00
        319 205.453941    0.02208     1.3250     79.500      1.396  46012.109    29.2870    12.2740      1.383    6.23706    12.2738    22.1068   11.33623 1.3201e+02 0.0000e+00
        320 205.453944    0.02215     1.3292     79.750      1.376  46012.118    29.2870    12.2740      1.363    6.23707    12.2737    22.1068   11.33624 1.3247e+02 0.0000e+00
        321 205.453947    0.02222     1.3333     80.000      1.367  46012.093    29.2870    12.2740      1.355    6.23707    12.2737    22.1068   11.33626 1.3182e+02 0.0000e+00
        322 205.453950    0.02229     1.3375     80.250      1.368  46011.989    29.2869    12.2739      1.355    6.23709    12.2736    22.1068   11.33628 1.3040e+02 0.0000e+00
        323 205.453953    0.02236     1.3417     80.500      1.374  46011.871    29.2868    12.2738      1.361    6.23710    12.2734    22.1067   11.33630 1.2907e+02 0.0000e+00
        324 205.453955    0.02243     1.3458     80.750      1.377  46011.831    29.2868    12.2737      1.364    6.23712    12.2733    22.1067   11.33632 1.2883e+02 0.0000e+00
        325 205.453958    0.02250     1.3500     81.000      1.373  46011.815    29.2867    12.2736      1.360    6.23714    12.2732    22.1067   11.33635 1.3004e+02 0.0000e+00
        326 205.453961    0.02257     1.3542     81.250      1.355  46011.772    29.2867    12.2734      1.343    6.23715    12.2731    22.1067   11.33638 1.3218e+02 0.0000e+00
        327 205.453964    0.02264     1.3583     81.500      1.323  46011.752    29.2867    12.2733      1.311    6.23717    12.2730    22.1067   11.33641 1.3472e+02 0.0000e+00
        328 205.453967    0.02271     1.3625     81.750      1.278  46011.751    29.2867    12.2732      1.266    6.23718    12.2729    22.1067   11.33642 1.3763e+02 0.0000e+00
        329 205.453970    0.02278     1.3667     82.000      1.224  46011.722    29.2867    12.2731      1.213    6.23719    12.2728    22.1067   11.33644 1.4067e+02 0.0000e+00
        330 205.453973    0.02285     1.3708     82.250      1.166  46011.670    29.2866    12.2731      1.155    6.23720    12.2727    22.1067   11.33647 1.4303e+02 0.0000e+00
        331 205.453976    0.02292     1.3750     82.500      1.109  46011.648    29.2866    12.2730      1.099    6.23722    12.2726    22.1067   11.33649 1.4480e+02 0.0000e+00
        332 205.453979    0.02299     1.3792     82.750      1.061  46011.671    29.2867    12.2728      1.051    6.23723    12.2724    22.1068   11.33652 1.4688e+02 0.0000e+00
        333 205.453981    0.02306     1.3833     83.000      1.025  46011.666    29.2867    12.2727      1.016    6.23725    12.2723    22.1068   11.33655 1.4864e+02 0.0000e+00
        334 205.453984    0.02313     1.3875     83.250      1.003  46011.632    29.2867    12.2725      0.994    6.23727    12.2722    22.1068   11.33659 1.4925e+02 0.0000e+00
        335 205.453987    0.02319     1.3917     83.500      0.991  46011.642    29.2867    12.2724      0.982    6.23729    12.2720    22.1068   11.33662 1.4914e+02 0.0000e+00
        336 205.453990    0.02326     1.3958     83.750      0.987  46011.675    29.2867    12.2723      0.978    6.23731    12.2719    22.1069   11.33665 1.4870e+02 0.0000e+00
        337 205.453993    0.02333     1.4000     84.000      0.989  46011.684    29.2867    12.2721      0.980    6.23733    12.2717    22.1069   11.33667 1.4803e+02 0.0000e+00
        338 205.453996    0.02340     1.4042     84.250      0.996  46011.634    29.2866    12.2720      0.987    6.23735    12.2715    22.1069   11.33671 1.4730e+02 0.0000e+00
        339 205.453999    0.02347     1.4083     84.500      1.006  46011.515    29.2865    12.2718      0.997    6.23737    12.2712    22.1069   11.33675 1.4639e+02 0.0000e+00
        340 205.454002    0.02354     1.4125     84.750      1.018  46011.440    29.2864    12.2716      1.009    6.23740    12.2709    22.1068   11.33681 1.4547e+02 0.0000e+00
        341 205.454005    0.02361     1.4167     85.000      1.032  46011.508    29.2865    12.2713      1.022    6.23744    12.2707    22.1069   11.33686 1.4530e+02 0.0000e+00
        342 205.454008    0.02368     1.4208     85.250      1.046  46011.681    29.2866    12.2711      1.036    6.23747    12.2704    22.1070   11.33692 1.4566e+02 0.0000e+00
        343 205.454010    0.02375     1.4250     85.500      1.058  46011.880    29.2867    12.2708      1.049    6.23750    12.2702    22.1071   11.33697 1.4568e+02 0.0000e+00
        344 205.454013    0.02382     1.4292     85.750      1.069  46012.022    29.2867    12.2705      1.059    6.23753    12.2699    22.1072   11.33702 1.4540e+02 0.0000e+00
        345 205.454016    0.02389     1.4333     86.000      1.076  46012.090    29.2867    12.2703      1.066    6.23756    12.2696    22.1073   11.33707 1.4541e+02 0.0000e+00
        346 205.454019    0.02396     1.4375     86.250      1.083  46012.190    29.2868    12.2700      1.073    6.23759    12.2693    22.1074   11.33712 1.4559e+02 0.0000e+00
        347 205.454022    0.02403     1.4417     86.500      1.096  46012.400    29.2869    12.2698      1.086    6.23763    12.2689    22.1075   11.33717 1.4520e+02 0.0000e+00
        348 205.454025    0.02410     1.4458     86.750      1.127  46012.681    29.2870    12.2695      1.117    6.23766    12.2685    22.1077   11.33723 1.4341e+02 0.0000e+00
        349 205.454028    0.02417     1.4500     87.000      1.190  46012.977    29.2872    12.2691      1.179    6.23770    12.2679    22.1079   11.33729 1.3964e+02 0.0000e+00
        350 205.454031    0.02424     1.4542     87.250      1.298  46013.319    29.2874    12.2687      1.286    6.23775    12.2669    22.1081   11.33737 1.3391e+02 0.0000e+00
        351 205.454034    0.02431     1.4583     87.500      1.454  46013.836    29.2876    12.2681      1.440    6.23782    12.2653    22.1084   11.33749 1.2657e+02 0.0000e+00
        352 205.454036    0.02438     1.4625     87.750      1.654  46014.533    29.2879    12.2671      1.639    6.23794    12.2626    22.1088   11.33768 1.1809e+02 0.0000e+00
        353 205.454039    0.02444     1.4667     88.000      1.890  46015.489    29.2884    12.2655      1.873    6.23813    12.2583    22.1095   11.33799 1.0908e+02 0.0000e+00
        354 205.454042    0.02451     1.4708     88.250      2.152  46017.410    29.2894    12.2629      2.132    6.23844    12.2517    22.1107   11.33849 1.0003e+02 0.0000e+00
        355 205.454045    0.02458     1.4750     88.500      2.430  46021.196    29.2916    12.2587      2.407    6.23891    12.2413    22.1132   11.33925 9.1361e+01 0.0000e+00
        356 205.454048    0.02465     1.4792     88.750      2.715  46027.488    29.2953    12.2521      2.690    6.23964    12.2246    22.1173   11.34041 8.3386e+01 0.0000e+00
        357 205.454051    0.02472     1.4833     89.000      3.002  46037.521    29.3013    12.2417      2.974    6.24077    12.1975    22.1238   11.34223 7.6283e+01 0.0000e+00
        358 205.454054    0.02479     1.4875     89.250      3.289  46053.902    29.3112    12.2251      3.258    6.24259    12.1534    22.1345   11.34514 7.0076e+01 0.0000e+00
        359 205.454057    0.02486     1.4917     89.500      3.574  46081.541    29.3281    12.1979      3.541    6.24553    12.0861    22.1525   11.34981 6.4684e+01 0.0000e+00
        360 205.454060    0.02493     1.4958     89.750      3.860  46129.435    29.3577    12.1539      3.824    6.25020    11.9987    22.1833   11.35723 5.9969e+01 0.0000e+00
        361 205.454062    0.02500     1.5000     90.000      4.146  46206.605    29.4058    12.0866      4.107    6.25723    11.9060    22.2327   11.36834 5.5752e+01 0.0000e+00
