CTD-processing/allCTD/CNV--turbid/2014_07-23_t6_s15_cast210.cnv
* Sea-Bird SBE19plus Data File:
* FileName = C:\Users\kris.holderied\Documents\kasitsna\Research-Projects-and-Data\Oceanography-AK\CTD-Data-ALL-to-2014-06\2014-CTD-KachemakBay-CookInlet\2014-07-EVOSTC-CookInlet-quarterly\2014-07-23-CookInlet-Tran6-Douglas\2014-07-23-CookInlet-Tran6-cast210.hex
* Software Version 1.59
* Temperature SN =  4141
* Conductivity SN =  4141
* System UpLoad Time = Jul 23 2014 23:36:42
** Cook Inlet LTM Transect 6 (Douglas) East to West
** Date: 07-23
** Station: 6-15
** Start time: 14:45
** Depth (m): 154
** Comment:  CTD time is Alaska Daylight time.  Transducer  depth (transducer is 9 ft).
** Comment:
# nquan = 16
# nvalues = 1167                        
# units = specified
# name 0 = scan: Scan Count
# name 1 = timeJ: Julian Days
# name 2 = timeH: Time, Elapsed [hours]
# name 3 = timeM: Time, Elapsed [minutes]
# name 4 = timeS: Time, Elapsed [seconds]
# name 5 = prdM: Pressure, Strain Gauge [db]
# name 6 = specc: Specific Conductance [uS/cm]
# name 7 = sal00: Salinity, Practical [PSU]
# name 8 = tv290C: Temperature [ITS-90, deg C]
# name 9 = depSM: Depth [salt water, m], lat = 59.00
# name 10 = oxsolML/L: Oxygen Saturation, Garcia & Gordon [ml/l]
# name 11 = potemp090C: Potential Temperature [ITS-90, deg C]
# name 12 = sigma-é00: Density [sigma-theta, kg/m^3]
# name 13 = n2satML/L: Nitrogen Saturation [ml/l]
# name 14 = par: PAR/Irradiance, Biospherical/Licor
# name 15 = flag:  0.000e+00
# span 0 =          1,       1167       
# span 1 = 204.615174, 204.618547       
# span 2 =    0.00000,    0.08097       
# span 3 =     0.0000,     4.8583       
# span 4 =      0.000,    291.500       
# span 5 =     -0.108,    153.714       
# span 6 =   1215.767,  51657.157       
# span 7 =     0.6026,    32.4281       
# span 8 =     6.6742,    12.4647       
# span 9 =     -0.107,    152.220       
# span 10 =    6.32671,    7.45054      
# span 11 =     6.6610,    12.4647      
# span 12 =    -0.0731,    25.4376      
# span 13 =   11.45580,   13.74062      
# span 14 = 4.9553e-02, 2.0729e+03      
# span 15 = 0.0000e+00, 0.0000e+00      
# interval = seconds: 0.25
# start_time = Jul 23 2014 14:45:51 [Instrument's time stamp, header]
# bad_flag = -9.990e-29
*END*
[from data line 543]
        544 204.616745    0.03771     2.2625    135.750      7.237  49747.360    31.7298    10.4224      7.169    6.38951    10.4100    24.3293   11.56040 2.7710e+02 0.0000e+00
        545 204.616748    0.03778     2.2667    136.000      7.590  49762.021    31.7391    10.4150      7.518    6.39015    10.4083    24.3378   11.56134 2.6110e+02 0.0000e+00
        546 204.616751    0.03785     2.2708    136.250      7.969  49774.549    31.7473    10.4109      7.894    6.39038    10.4082    24.3449   11.56163 2.4669e+02 0.0000e+00
        547 204.616753    0.03792     2.2750    136.500      8.377  49785.216    31.7545    10.4092      8.299    6.39033    10.4091    24.3508   11.56145 2.3369e+02 0.0000e+00
        548 204.616756    0.03799     2.2792    136.750      8.814  49794.525    31.7609    10.4092      8.731    6.39007    10.4108    24.3558   11.56096 2.2084e+02 0.0000e+00
        549 204.616759    0.03806     2.2833    137.000      9.273  49803.546    31.7672    10.4102      9.187    6.38968    10.4130    24.3606   11.56022 2.0492e+02 0.0000e+00
        550 204.616762    0.03812     2.2875    137.250      9.750  49812.270    31.7734    10.4120      9.659    6.38918    10.4155    24.3651   11.55933 1.8467e+02 0.0000e+00
        551 204.616765    0.03819     2.2917    137.500     10.233  49819.440    31.7786    10.4142     10.137    6.38866    10.4179    24.3688   11.55841 1.6320e+02 0.0000e+00
        552 204.616768    0.03826     2.2958    137.750     10.711  49824.753    31.7824    10.4167     10.611    6.38815    10.4201    24.3714   11.55752 1.4443e+02 0.0000e+00
        553 204.616771    0.03833     2.3000    138.000     11.174  49828.502    31.7852    10.4192     11.069    6.38769    10.4219    24.3731   11.55673 1.2973e+02 0.0000e+00
        554 204.616774    0.03840     2.3042    138.250     11.608  49831.015    31.7871    10.4215     11.500    6.38730    10.4233    24.3742   11.55606 1.1885e+02 0.0000e+00
        555 204.616777    0.03847     2.3083    138.500     12.003  49832.862    31.7885    10.4233     11.891    6.38699    10.4241    24.3750   11.55553 1.1104e+02 0.0000e+00
        556 204.616780    0.03854     2.3125    138.750     12.352  49834.008    31.7893    10.4247     12.237    6.38677    10.4242    24.3754   11.55516 1.0520e+02 0.0000e+00
        557 204.616782    0.03861     2.3167    139.000     12.659  49834.005    31.7893    10.4255     12.540    6.38666    10.4234    24.3752   11.55497 1.0028e+02 0.0000e+00
        558 204.616785    0.03868     2.3208    139.250     12.933  49832.856    31.7883    10.4256     12.812    6.38668    10.4215    24.3745   11.55501 9.5492e+01 0.0000e+00
        559 204.616788    0.03875     2.3250    139.500     13.186  49830.595    31.7865    10.4249     13.062    6.38685    10.4178    24.3732   11.55532 9.0470e+01 0.0000e+00
        560 204.616791    0.03882     2.3292    139.750     13.427  49826.653    31.7834    10.4230     13.301    6.38725    10.4115    24.3711   11.55601 8.5314e+01 0.0000e+00
        561 204.616794    0.03889     2.3333    140.000     13.662  49819.893    31.7781    10.4194     13.534    6.38797    10.4012    24.3675   11.55727 8.0365e+01 0.0000e+00
        562 204.616797    0.03896     2.3375    140.250     13.903  49808.713    31.7693    10.4131     13.773    6.38920    10.3846    24.3617   11.55942 7.5891e+01 0.0000e+00
        563 204.616800    0.03903     2.3417    140.500     14.162  49790.447    31.7549    10.4029     14.029    6.39122    10.3578    24.3523   11.56293 7.1812e+01 0.0000e+00
        564 204.616803    0.03910     2.3458    140.750     14.448  49760.160    31.7313    10.3863     14.313    6.39450    10.3158    24.3367   11.56864 6.7940e+01 0.0000e+00
        565 204.616806    0.03917     2.3500    141.000     14.768  49716.451    31.6969    10.3595     14.629    6.39965    10.2559    24.3143   11.57758 6.4285e+01 0.0000e+00
        566 204.616808    0.03924     2.3542    141.250     15.121  49669.610    31.6583    10.3175     14.979    6.40708    10.1808    24.2913   11.59035 6.0860e+01 0.0000e+00
        567 204.616811    0.03931     2.3583    141.500     15.504  49639.999    31.6297    10.2576     15.359    6.41663    10.0986    24.2789   11.60650 5.7509e+01 0.0000e+00
        568 204.616814    0.03938     2.3625    141.750     15.912  49642.287    31.6216    10.1826     15.763    6.42747    10.0163    24.2851   11.62454 5.4093e+01 0.0000e+00
        569 204.616817    0.03944     2.3667    142.000     16.337  49668.041    31.6292    10.1004     16.183    6.43870     9.9360    24.3046   11.64305 5.0666e+01 0.0000e+00
        570 204.616820    0.03951     2.3708    142.250     16.770  49697.547    31.6394    10.0181     16.612    6.44985     9.8567    24.3261   11.66140 4.7397e+01 0.0000e+00
        571 204.616823    0.03958     2.3750    142.500     17.203  49725.065    31.6483     9.9378     17.042    6.46081     9.7787    24.3462   11.67945 4.4410e+01 0.0000e+00
        572 204.616826    0.03965     2.3792    142.750     17.630  49756.394    31.6600     9.8586     17.465    6.47154     9.7020    24.3682   11.69707 4.1722e+01 0.0000e+00
        573 204.616829    0.03972     2.3833    143.000     18.047  49789.060    31.6726     9.7806     17.877    6.48210     9.6246    24.3908   11.71440 3.9289e+01 0.0000e+00
        574 204.616832    0.03979     2.3875    143.250     18.449  49813.386    31.6795     9.7040     18.276    6.49273     9.5433    24.4085   11.73192 3.7071e+01 0.0000e+00
        575 204.616834    0.03986     2.3917    143.500     18.834  49829.465    31.6804     9.6266     18.657    6.50375     9.4579    24.4216   11.75015 3.5042e+01 0.0000e+00
        576 204.616837    0.03993     2.3958    143.750     19.199  49849.577    31.6835     9.5453     19.018    6.51526     9.3731    24.4370   11.76919 3.3198e+01 0.0000e+00
        577 204.616840    0.04000     2.4000    144.000     19.542  49885.863    31.6973     9.4600     19.358    6.52694     9.2955    24.4613   11.78835 3.1551e+01 0.0000e+00
        578 204.616843    0.04007     2.4042    144.250     19.862  49940.048    31.7238     9.3753     19.675    6.53804     9.2301    24.4954   11.80641 3.0110e+01 0.0000e+00
        579 204.616846    0.04014     2.4083    144.500     20.161  50003.608    31.7578     9.2977     19.971    6.54782     9.1780    24.5342   11.82218 2.8865e+01 0.0000e+00
        580 204.616849    0.04021     2.4125    144.750     20.441  50064.509    31.7915     9.2322     20.249    6.55586     9.1371    24.5709   11.83509 2.7772e+01 0.0000e+00
        581 204.616852    0.04028     2.4167    145.000     20.707  50114.394    31.8193     9.1801     20.513    6.56224     9.1037    24.6008   11.84531 2.6774e+01 0.0000e+00
        582 204.616855    0.04035     2.4208    145.250     20.966  50150.141    31.8386     9.1393     20.769    6.56736     9.0737    24.6223   11.85355 2.5825e+01 0.0000e+00
        583 204.616858    0.04042     2.4250    145.500     21.222  50172.426    31.8495     9.1059     21.023    6.57176     9.0443    24.6360   11.86069 2.4899e+01 0.0000e+00
        584 204.616861    0.04049     2.4292    145.750     21.481  50186.700    31.8552     9.0759     21.279    6.57588     9.0149    24.6451   11.86745 2.3984e+01 0.0000e+00
        585 204.616863    0.04056     2.4333    146.000     21.745  50200.604    31.8607     9.0465     21.540    6.57994     8.9870    24.6539   11.87411 2.3085e+01 0.0000e+00
        586 204.616866    0.04063     2.4375    146.250     22.016  50218.144    31.8687     9.0172     21.809    6.58388     8.9619    24.6647   11.88053 2.2217e+01 0.0000e+00
        587 204.616869    0.04069     2.4417    146.500     22.294  50238.063    31.8786     8.9893     22.084    6.58754     8.9397    24.6768   11.88647 2.1393e+01 0.0000e+00
        588 204.616872    0.04076     2.4458    146.750     22.580  50256.857    31.8881     8.9642     22.367    6.59081     8.9202    24.6881   11.89178 2.0613e+01 0.0000e+00
        589 204.616875    0.04083     2.4500    147.000     22.871  50272.767    31.8959     8.9421     22.655    6.59372     8.9028    24.6976   11.89649 1.9881e+01 0.0000e+00
        590 204.616878    0.04090     2.4542    147.250     23.165  50286.310    31.9025     8.9226     22.947    6.59631     8.8875    24.7058   11.90068 1.9193e+01 0.0000e+00
        591 204.616881    0.04097     2.4583    147.500     23.463  50298.712    31.9086     8.9052     23.242    6.59860     8.8746    24.7132   11.90440 1.8537e+01 0.0000e+00
        592 204.616884    0.04104     2.4625    147.750     23.766  50310.740    31.9147     8.8899     23.542    6.60058     8.8642    24.7203   11.90761 1.7903e+01 0.0000e+00
        593 204.616887    0.04111     2.4667    148.000     24.077  50321.858    31.9205     8.8770     23.850    6.60223     8.8560    24.7268   11.91027 1.7286e+01 0.0000e+00
        594 204.616889    0.04118     2.4708    148.250     24.399  50331.082    31.9253     8.8666     24.170    6.60355     8.8496    24.7322   11.91239 1.6677e+01 0.0000e+00
        595 204.616892    0.04125     2.4750    148.500     24.735  50338.120    31.9290     8.8585     24.503    6.60459     8.8444    24.7363   11.91407 1.6069e+01 0.0000e+00
        596 204.616895    0.04132     2.4792    148.750     25.087  50343.175    31.9314     8.8522     24.850    6.60541     8.8398    24.7392   11.91540 1.5461e+01 0.0000e+00
        597 204.616898    0.04139     2.4833    149.000     25.452  50346.421    31.9328     8.8471     25.212    6.60611     8.8352    24.7410   11.91655 1.4860e+01 0.0000e+00
        598 204.616901    0.04146     2.4875    149.250     25.829  50348.184    31.9332     8.8425     25.586    6.60677     8.8302    24.7421   11.91763 1.4272e+01 0.0000e+00
        599 204.616904    0.04153     2.4917    149.500     26.211  50349.119    31.9330     8.8379     25.964    6.60746     8.8245    24.7426   11.91877 1.3699e+01 0.0000e+00
        600 204.616907    0.04160     2.4958    149.750     26.589  50349.640    31.9325     8.8329     26.339    6.60821     8.8179    24.7430   11.92003 1.3150e+01 0.0000e+00
        601 204.616910    0.04167     2.5000    150.000     26.957  50349.921    31.9317     8.8272     26.703    6.60908     8.8101    24.7432   11.92147 1.2632e+01 0.0000e+00
        602 204.616913    0.04174     2.5042    150.250     27.312  50350.489    31.9310     8.8207     27.055    6.61008     8.8014    24.7437   11.92313 1.2143e+01 0.0000e+00
        603 204.616916    0.04181     2.5083    150.500     27.655  50352.152    31.9308     8.8130     27.395    6.61122     8.7918    24.7447   11.92502 1.1678e+01 0.0000e+00
        604 204.616918    0.04188     2.5125    150.750     27.987  50355.462    31.9317     8.8042     27.724    6.61247     8.7818    24.7468   11.92708 1.1237e+01 0.0000e+00
        605 204.616921    0.04194     2.5167    151.000     28.308  50360.149    31.9335     8.7947     28.041    6.61380     8.7715    24.7496   11.92926 1.0822e+01 0.0000e+00
        606 204.616924    0.04201     2.5208    151.250     28.618  50365.604    31.9357     8.7847     28.349    6.61519     8.7610    24.7529   11.93152 1.0432e+01 0.0000e+00
        607 204.616927    0.04208     2.5250    151.500     28.918  50371.253    31.9380     8.7744     28.646    6.61661     8.7507    24.7562   11.93385 1.0058e+01 0.0000e+00
        608 204.616930    0.04215     2.5292    151.750     29.209  50377.139    31.9405     8.7640     28.934    6.61804     8.7411    24.7597   11.93619 9.6961e+00 0.0000e+00
        609 204.616933    0.04222     2.5333    152.000     29.493  50384.049    31.9437     8.7538     29.215    6.61942     8.7326    24.7638   11.93843 9.3492e+00 0.0000e+00
        610 204.616936    0.04229     2.5375    152.250     29.771  50391.518    31.9474     8.7442     29.490    6.62068     8.7254    24.7682   11.94047 9.0193e+00 0.0000e+00
        611 204.616939    0.04236     2.5417    152.500     30.047  50398.407    31.9509     8.7357     29.763    6.62179     8.7194    24.7722   11.94225 8.7059e+00 0.0000e+00
        612 204.616942    0.04243     2.5458    152.750     30.325  50404.447    31.9539     8.7285     30.039    6.62272     8.7145    24.7757   11.94376 8.4076e+00 0.0000e+00
        613 204.616944    0.04250     2.5500    153.000     30.610  50409.421    31.9564     8.7226     30.322    6.62349     8.7104    24.7785   11.94500 8.1227e+00 0.0000e+00
        614 204.616947    0.04257     2.5542    153.250     30.903  50412.959    31.9580     8.7177     30.612    6.62413     8.7066    24.7805   11.94605 7.8498e+00 0.0000e+00
        615 204.616950    0.04264     2.5583    153.500     31.202  50415.257    31.9589     8.7136     30.908    6.62470     8.7030    24.7818   11.94698 7.5871e+00 0.0000e+00
        616 204.616953    0.04271     2.5625    153.750     31.505  50417.007    31.9595     8.7099     31.209    6.62523     8.6992    24.7828   11.94786 7.3327e+00 0.0000e+00
        617 204.616956    0.04278     2.5667    154.000     31.811  50418.597    31.9599     8.7062     31.511    6.62576     8.6953    24.7837   11.94872 7.0867e+00 0.0000e+00
        618 204.616959    0.04285     2.5708    154.250     32.117  50420.007    31.9602     8.7025     31.814    6.62629     8.6909    24.7845   11.94960 6.8499e+00 0.0000e+00
        619 204.616962    0.04292     2.5750    154.500     32.425  50421.291    31.9604     8.6986     32.119    6.62686     8.6859    24.7852   11.95054 6.6226e+00 0.0000e+00
        620 204.616965    0.04299     2.5792    154.750     32.736  50422.517    31.9605     8.6943     32.428    6.62750     8.6800    24.7860   11.95160 6.4040e+00 0.0000e+00
        621 204.616968    0.04306     2.5833    155.000     33.053  50423.736    31.9604     8.6893     32.742    6.62824     8.6729    24.7867   11.95282 6.1915e+00 0.0000e+00
        622 204.616970    0.04312     2.5875    155.250     33.377  50425.405    31.9606     8.6834     33.063    6.62911     8.6646    24.7877   11.95426 5.9815e+00 0.0000e+00
        623 204.616973    0.04319     2.5917    155.500     33.708  50428.230    31.9613     8.6763     33.390    6.63013     8.6551    24.7894   11.95593 5.7734e+00 0.0000e+00
        624 204.616976    0.04326     2.5958    155.750     34.043  50432.394    31.9629     8.6680     33.722    6.63129     8.6448    24.7918   11.95783 5.5695e+00 0.0000e+00
        625 204.616979    0.04333     2.6000    156.000     34.379  50438.460    31.9656     8.6586     34.055    6.63257     8.6342    24.7954   11.95992 5.3714e+00 0.0000e+00
        626 204.616982    0.04340     2.6042    156.250     34.713  50447.440    31.9702     8.6483     34.386    6.63391     8.6243    24.8005   11.96208 5.1817e+00 0.0000e+00
        627 204.616985    0.04347     2.6083    156.500     35.041  50458.482    31.9762     8.6378     34.711    6.63521     8.6151    24.8068   11.96416 5.0027e+00 0.0000e+00
        628 204.616988    0.04354     2.6125    156.750     35.360  50469.574    31.9824     8.6279     35.026    6.63641     8.6064    24.8132   11.96608 4.8345e+00 0.0000e+00
        629 204.616991    0.04361     2.6167    157.000     35.668  50479.659    31.9880     8.6187     35.331    6.63753     8.5976    24.8189   11.96786 4.6769e+00 0.0000e+00
        630 204.616994    0.04368     2.6208    157.250     35.967  50488.811    31.9929     8.6100     35.627    6.63861     8.5888    24.8241   11.96958 4.5280e+00 0.0000e+00
        631 204.616997    0.04375     2.6250    157.500     36.259  50497.817    31.9978     8.6013     35.917    6.63970     8.5800    24.8293   11.97132 4.3855e+00 0.0000e+00
        632 204.616999    0.04382     2.6292    157.750     36.548  50506.982    32.0028     8.5924     36.203    6.64080     8.5712    24.8345   11.97308 4.2481e+00 0.0000e+00
