CTD-processing/allCTD/CNV--turbid/2014_03-28_t9_s10_cast233.cnv
* Sea-Bird SBE19plus Data File:
* FileName = C:\Users\kris.holderied\Documents\kasitsna\Research-Projects-and-Data\Oceanography-AK\CTD-CookInlet-GulfWatchAK\2014-03-28-CookInlet-HomerSpit\2014-03-28-CookInlet-Homerspit-cast233.hex
* Software Version 1.59
* Temperature SN =  5028
* Conductivity SN =  5028
* System UpLoad Time = Apr 09 2014 17:29:58
** Cook Inlet LTM Transect 9 (Homer Spit) south to north
** Date: 28 March 2014
** Station: 9-10
** Start time: 15:25
** Depth (m): 64
** Comment:  CTD instrument time is AK Daylight
** Comment:
# nquan = 16
# nvalues = 511                         
# units = specified
# name 0 = scan: Scan Count
# name 1 = timeJ: Julian Days
# name 2 = timeH: Time, Elapsed [hours]
# name 3 = timeM: Time, Elapsed [minutes]
# name 4 = timeS: Time, Elapsed [seconds]
# name 5 = prdM: Pressure, Strain Gauge [db]
# name 6 = specc: Specific Conductance [uS/cm]
# name 7 = sal00: Salinity, Practical [PSU]
# name 8 = tv290C: Temperature [ITS-90, deg C]
# name 9 = depSM: Depth [salt water, m], lat = 59.00
# name 10 = oxsolML/L: Oxygen Saturation, Garcia & Gordon [ml/l]
# name 11 = potemp090C: Potential Temperature [ITS-90, deg C]
# name 12 = sigma-é00: Density [sigma-theta, kg/m^3]
# name 13 = n2satML/L: Nitrogen Saturation [ml/l]
# name 14 = par: PAR/Irradiance, Biospherical/Licor
# name 15 = flag:  0.000e+00
# span 0 =          1,        511       
# span 1 =  87.643113,  87.644589       
# span 2 =    0.00000,    0.03542       
# span 3 =     0.0000,     2.1250       
# span 4 =      0.000,    127.500       
# span 5 =     -0.100,     61.539       
# span 6 =   5901.623,  51275.397       
# span 7 =     3.0840,    31.6160       
# span 8 =     3.4262,     3.9361       
# span 9 =     -0.100,     60.955       
# span 10 =    7.42395,    9.05855      
# span 11 =     3.4262,     3.9325      
# span 12 =     2.4485,    25.1064      
# span 13 =   13.27196,   16.41013      
# span 14 = 3.7912e-02, 8.1223e+02      
# span 15 = 0.0000e+00, 0.0000e+00      
# interval = seconds: 0.25
# start_time = Mar 28 2014 15:26:05 [Instrument's time stamp, header]
# bad_flag = -9.990e-29
*END*
          1  87.643113    0.00000     0.0000      0.000     -0.099   7020.996     3.6925     3.6887     -0.098    9.02047     3.6914     2.9349   16.33606 7.1554e+01 0.0000e+00
          2  87.643116    0.00007     0.0042      0.250     -0.099   6523.146     3.4168     3.6905     -0.098    9.03689     3.6910     2.7146   16.36810 6.8108e+01 0.0000e+00
          3  87.643119    0.00014     0.0083      0.500     -0.100   6102.406     3.1850     3.6914     -0.099    9.05088     3.6897     2.5293   16.39537 6.5433e+01 0.0000e+00
          4  87.643122    0.00021     0.0125      0.750     -0.100   5915.104     3.0840     3.6910     -0.100    9.05726     3.6878     2.4485   16.40777 6.4990e+01 0.0000e+00
          5  87.643125    0.00028     0.0167      1.000     -0.100   5921.614     3.0923     3.6897     -0.099    9.05727     3.6852     2.4550   16.40776 6.6786e+01 0.0000e+00
          6  87.643128    0.00035     0.0208      1.250     -0.099   5942.875     3.1128     3.6878     -0.098    9.05686     3.6821     2.4711   16.40690 7.0253e+01 0.0000e+00
          7  87.643131    0.00042     0.0250      1.500     -0.097   5901.623     3.1055     3.6852     -0.096    9.05855     3.6784     2.4647   16.41013 7.4244e+01 0.0000e+00
          8  87.643134    0.00049     0.0292      1.750     -0.094   5939.845     3.1525     3.6821     -0.093    9.05747     3.6741     2.5013   16.40803 7.7435e+01 0.0000e+00
          9  87.643137    0.00056     0.0333      2.000     -0.089   6300.782     3.3937     3.6784     -0.088    9.04537     3.6693     2.6925   16.38459 7.9700e+01 0.0000e+00
         10  87.643139    0.00063     0.0375      2.250     -0.081   7229.688     3.9741     3.6741     -0.080    9.01381     3.6635     3.1540   16.32348 8.1733e+01 0.0000e+00
         11  87.643142    0.00069     0.0417      2.500     -0.067   8944.958     5.0326     3.6693     -0.067    8.95505     3.6556     3.9961   16.20982 8.4312e+01 0.0000e+00
         12  87.643145    0.00076     0.0458      2.750     -0.044  11760.553     6.7741     3.6635     -0.044    8.85800     3.6436     5.3813   16.02223 8.7389e+01 0.0000e+00
         13  87.643148    0.00083     0.0500      3.000     -0.006  16339.090     9.6149     3.6556     -0.005    8.69963     3.6263     7.6406   15.71628 8.9781e+01 0.0000e+00
         14  87.643151    0.00090     0.0542      3.250      0.057  23649.371    14.1718     3.6436      0.056    8.44623     3.6058    11.2640   15.22696 9.0209e+01 0.0000e+00
         15  87.643154    0.00097     0.0583      3.500      0.147  32554.126    19.7526     3.6263      0.146    8.13774     3.5861    15.7010   14.63138 8.7423e+01 0.0000e+00
         16  87.643157    0.00104     0.0625      3.750      0.259  39786.129    24.3036     3.6058      0.256    7.88845     3.5696    19.3198   14.14995 8.0101e+01 0.0000e+00
         17  87.643160    0.00111     0.0667      4.000      0.377  44264.190    27.1262     3.5861      0.374    7.73554     3.5568    21.5650   13.85436 6.9881e+01 0.0000e+00
         18  87.643163    0.00118     0.0708      4.250      0.492  46961.589    28.8258     3.5696      0.488    7.64436     3.5477    22.9173   13.67785 6.1940e+01 0.0000e+00
         19  87.643166    0.00125     0.0750      4.500      0.599  48587.118    29.8497     3.5568      0.593    7.58995     3.5419    23.7322   13.57241 5.8532e+01 0.0000e+00
         20  87.643168    0.00132     0.0792      4.750      0.692  49567.511    30.4671     3.5477      0.685    7.55742     3.5387    24.2237   13.50928 5.7629e+01 0.0000e+00
         21  87.643171    0.00139     0.0833      5.000      0.768  50156.741    30.8381     3.5419      0.761    7.53794     3.5372    24.5191   13.47146 5.7527e+01 0.0000e+00
         22  87.643174    0.00146     0.0875      5.250      0.827  50506.863    31.0585     3.5388      0.820    7.52631     3.5365    24.6945   13.44889 5.7724e+01 0.0000e+00
         23  87.643177    0.00153     0.0917      5.500      0.871  50710.480    31.1864     3.5373      0.863    7.51948     3.5361    24.7963   13.43565 5.8075e+01 0.0000e+00
         24  87.643180    0.00160     0.0958      5.750      0.902  50824.094    31.2574     3.5365      0.893    7.51564     3.5361    24.8528   13.42821 5.8524e+01 0.0000e+00
         25  87.643183    0.00167     0.1000      6.000      0.921  50887.284    31.2966     3.5362      0.912    7.51349     3.5365    24.8840   13.42405 5.8982e+01 0.0000e+00
         26  87.643186    0.00174     0.1042      6.250      0.932  50930.806    31.3240     3.5362      0.924    7.51197     3.5375    24.9057   13.42112 5.9441e+01 0.0000e+00
         27  87.643189    0.00181     0.1083      6.500      0.940  50966.380    31.3470     3.5366      0.931    7.51065     3.5392    24.9240   13.41860 5.9903e+01 0.0000e+00
         28  87.643192    0.00187     0.1125      6.750      0.949  50991.365    31.3634     3.5376      0.940    7.50958     3.5416    24.9370   13.41659 6.0366e+01 0.0000e+00
         29  87.643194    0.00194     0.1167      7.000      0.958  51006.405    31.3736     3.5393      0.949    7.50871     3.5446    24.9449   13.41502 6.0818e+01 0.0000e+00
         30  87.643197    0.00201     0.1208      7.250      0.966  51015.389    31.3800     3.5417      0.957    7.50793     3.5483    24.9498   13.41363 6.1106e+01 0.0000e+00
         31  87.643200    0.00208     0.1250      7.500      0.972  51020.835    31.3843     3.5447      0.963    7.50714     3.5528    24.9529   13.41227 6.1125e+01 0.0000e+00
         32  87.643203    0.00215     0.1292      7.750      0.975  51024.694    31.3877     3.5484      0.965    7.50628     3.5581    24.9553   13.41080 6.1172e+01 0.0000e+00
         33  87.643206    0.00222     0.1333      8.000      0.977  51028.081    31.3910     3.5529      0.968    7.50528     3.5638    24.9576   13.40910 6.1608e+01 0.0000e+00
         34  87.643209    0.00229     0.1375      8.250      0.983  51030.341    31.3938     3.5582      0.974    7.50416     3.5692    24.9594   13.40721 6.2309e+01 0.0000e+00
         35  87.643212    0.00236     0.1417      8.500      0.992  51030.065    31.3950     3.5638      0.983    7.50305     3.5737    24.9598   13.40536 6.2882e+01 0.0000e+00
         36  87.643215    0.00243     0.1458      8.750      1.000  51027.333    31.3945     3.5692      0.991    7.50208     3.5771    24.9589   13.40378 6.3061e+01 0.0000e+00
         37  87.643218    0.00250     0.1500      9.000      1.002  51023.762    31.3932     3.5737      0.993    7.50132     3.5795    24.9574   13.40253 6.2932e+01 0.0000e+00
         38  87.643220    0.00257     0.1542      9.250      0.996  51020.862    31.3921     3.5771      0.986    7.50074     3.5810    24.9562   13.40159 6.2867e+01 0.0000e+00
         39  87.643223    0.00264     0.1583      9.500      0.984  51019.011    31.3914     3.5795      0.975    7.50033     3.5816    24.9555   13.40092 6.2910e+01 0.0000e+00
         40  87.643226    0.00271     0.1625      9.750      0.972  51017.912    31.3910     3.5810      0.963    7.50008     3.5815    24.9551   13.40052 6.2815e+01 0.0000e+00
         41  87.643229    0.00278     0.1667     10.000      0.967  51017.379    31.3908     3.5816      0.958    7.49997     3.5810    24.9548   13.40035 6.2695e+01 0.0000e+00
         42  87.643232    0.00285     0.1708     10.250      0.968  51017.361    31.3908     3.5816      0.959    7.49999     3.5802    24.9548   13.40038 6.2786e+01 0.0000e+00
         43  87.643235    0.00292     0.1750     10.500      0.973  51017.761    31.3909     3.5811      0.964    7.50007     3.5793    24.9550   13.40051 6.3148e+01 0.0000e+00
         44  87.643238    0.00299     0.1792     10.750      0.980  51018.443    31.3912     3.5803      0.971    7.50020     3.5780    24.9552   13.40072 6.3700e+01 0.0000e+00
         45  87.643241    0.00306     0.1833     11.000      0.986  51019.242    31.3915     3.5793      0.977    7.50036     3.5764    24.9556   13.40098 6.4157e+01 0.0000e+00
         46  87.643244    0.00313     0.1875     11.250      0.989  51020.052    31.3917     3.5781      0.980    7.50057     3.5740    24.9559   13.40133 6.4347e+01 0.0000e+00
         47  87.643247    0.00319     0.1917     11.500      0.988  51020.919    31.3919     3.5764      0.979    7.50087     3.5707    24.9562   13.40182 6.4389e+01 0.0000e+00
         48  87.643249    0.00326     0.1958     11.750      0.986  51021.988    31.3921     3.5741      0.977    7.50130     3.5668    24.9565   13.40253 6.4406e+01 0.0000e+00
         49  87.643252    0.00333     0.2000     12.000      0.984  51023.288    31.3921     3.5708      0.975    7.50190     3.5624    24.9569   13.40351 6.4386e+01 0.0000e+00
         50  87.643255    0.00340     0.2042     12.250      0.984  51024.637    31.3920     3.5668      0.975    7.50263     3.5581    24.9572   13.40473 6.4320e+01 0.0000e+00
         51  87.643258    0.00347     0.2083     12.500      0.988  51026.124    31.3920     3.5625      0.978    7.50344     3.5542    24.9575   13.40607 6.4291e+01 0.0000e+00
         52  87.643261    0.00354     0.2125     12.750      0.995  51028.433    31.3925     3.5582      0.986    7.50422     3.5511    24.9583   13.40733 6.4448e+01 0.0000e+00
         53  87.643264    0.00361     0.2167     13.000      1.005  51032.394    31.3942     3.5543      0.996    7.50485     3.5487    24.9600   13.40835 6.4835e+01 0.0000e+00
         54  87.643267    0.00368     0.2208     13.250      1.015  51038.013    31.3972     3.5511      1.006    7.50528     3.5469    24.9627   13.40902 6.5261e+01 0.0000e+00
         55  87.643270    0.00375     0.2250     13.500      1.019  51043.459    31.4003     3.5487      1.010    7.50556     3.5456    24.9654   13.40946 6.5491e+01 0.0000e+00
         56  87.643273    0.00382     0.2292     13.750      1.016  51045.871    31.4015     3.5469      1.007    7.50583     3.5444    24.9665   13.40988 6.5528e+01 0.0000e+00
         57  87.643275    0.00389     0.2333     14.000      1.006  51043.839    31.3998     3.5456      0.997    7.50616     3.5433    24.9652   13.41045 6.5544e+01 0.0000e+00
         58  87.643278    0.00396     0.2375     14.250      0.994  51038.790    31.3961     3.5445      0.985    7.50656     3.5420    24.9624   13.41115 6.5630e+01 0.0000e+00
         59  87.643281    0.00403     0.2417     14.500      0.986  51033.972    31.3926     3.5433      0.977    7.50695     3.5407    24.9597   13.41185 6.5775e+01 0.0000e+00
         60  87.643284    0.00410     0.2458     14.750      0.985  51031.942    31.3909     3.5421      0.976    7.50727     3.5396    24.9584   13.41240 6.5987e+01 0.0000e+00
         61  87.643287    0.00417     0.2500     15.000      0.992  51033.533    31.3917     3.5408      0.982    7.50747     3.5386    24.9592   13.41271 6.6265e+01 0.0000e+00
         62  87.643290    0.00424     0.2542     15.250      1.002  51038.379    31.3947     3.5397      0.992    7.50752     3.5378    24.9617   13.41276 6.6525e+01 0.0000e+00
         63  87.643293    0.00431     0.2583     15.500      1.011  51044.490    31.3986     3.5387      1.002    7.50750     3.5370    24.9649   13.41267 6.6697e+01 0.0000e+00
         64  87.643296    0.00438     0.2625     15.750      1.017  51048.590    31.4011     3.5379      1.007    7.50753     3.5362    24.9670   13.41267 6.6731e+01 0.0000e+00
         65  87.643299    0.00444     0.2667     16.000      1.017  51048.408    31.4008     3.5371      1.007    7.50769     3.5351    24.9668   13.41294 6.6643e+01 0.0000e+00
         66  87.643302    0.00451     0.2708     16.250      1.013  51044.449    31.3980     3.5363      1.003    7.50799     3.5336    24.9646   13.41347 6.6559e+01 0.0000e+00
         67  87.643304    0.00458     0.2750     16.500      1.008  51039.609    31.3944     3.5352      0.998    7.50837     3.5316    24.9618   13.41415 6.6563e+01 0.0000e+00
         68  87.643307    0.00465     0.2792     16.750      1.006  51036.624    31.3920     3.5336      0.996    7.50878     3.5296    24.9601   13.41487 6.6752e+01 0.0000e+00
         69  87.643310    0.00472     0.2833     17.000      1.008  51036.615    31.3915     3.5316      0.998    7.50917     3.5279    24.9598   13.41552 6.7182e+01 0.0000e+00
         70  87.643313    0.00479     0.2875     17.250      1.012  51039.857    31.3932     3.5296      1.002    7.50946     3.5266    24.9614   13.41597 6.7674e+01 0.0000e+00
         71  87.643316    0.00486     0.2917     17.500      1.015  51045.451    31.3966     3.5279      1.005    7.50961     3.5257    24.9642   13.41617 6.8091e+01 0.0000e+00
         72  87.643319    0.00493     0.2958     17.750      1.014  51050.582    31.3997     3.5266      1.004    7.50969     3.5251    24.9669   13.41626 6.8464e+01 0.0000e+00
         73  87.643322    0.00500     0.3000     18.000      1.006  51052.440    31.4008     3.5257      0.996    7.50980     3.5249    24.9678   13.41643 6.8914e+01 0.0000e+00
         74  87.643325    0.00507     0.3042     18.250      0.988  51051.338    31.3999     3.5251      0.979    7.50995     3.5253    24.9671   13.41669 6.9577e+01 0.0000e+00
         75  87.643328    0.00514     0.3083     18.500      0.958  51050.706    31.3994     3.5250      0.949    7.51000     3.5266    24.9668   13.41678 7.0498e+01 0.0000e+00
         76  87.643330    0.00521     0.3125     18.750      0.918  51050.139    31.3992     3.5254      0.909    7.50993     3.5283    24.9665   13.41667 7.1275e+01 0.0000e+00
         77  87.643333    0.00528     0.3167     19.000      0.877  51045.450    31.3963     3.5267      0.869    7.50985     3.5299    24.9642   13.41658 7.1465e+01 0.0000e+00
         78  87.643336    0.00535     0.3208     19.250      0.854  51038.608    31.3921     3.5284      0.846    7.50975     3.5313    24.9607   13.41646 7.1624e+01 0.0000e+00
         79  87.643339    0.00542     0.3250     19.500      0.849  51034.162    31.3895     3.5300      0.840    7.50958     3.5325    24.9584   13.41622 7.2300e+01 0.0000e+00
         80  87.643342    0.00549     0.3292     19.750      0.851  51032.026    31.3883     3.5313      0.843    7.50939     3.5335    24.9574   13.41592 7.3209e+01 0.0000e+00
         81  87.643345    0.00556     0.3333     20.000      0.853  51030.719    31.3877     3.5325      0.845    7.50920     3.5342    24.9568   13.41562 7.4016e+01 0.0000e+00
         82  87.643348    0.00562     0.3375     20.250      0.853  51029.693    31.3873     3.5335      0.845    7.50904     3.5348    24.9564   13.41535 7.4484e+01 0.0000e+00
         83  87.643351    0.00569     0.3417     20.500      0.850  51028.835    31.3869     3.5343      0.842    7.50891     3.5353    24.9560   13.41515 7.4650e+01 0.0000e+00
         84  87.643354    0.00576     0.3458     20.750      0.846  51028.160    31.3866     3.5349      0.838    7.50882     3.5356    24.9557   13.41499 7.4908e+01 0.0000e+00
         85  87.643356    0.00583     0.3500     21.000      0.843  51027.702    31.3864     3.5354      0.835    7.50874     3.5359    24.9555   13.41487 7.5329e+01 0.0000e+00
         86  87.643359    0.00590     0.3542     21.250      0.845  51027.617    31.3864     3.5357      0.837    7.50868     3.5362    24.9555   13.41477 7.5770e+01 0.0000e+00
         87  87.643362    0.00597     0.3583     21.500      0.851  51028.154    31.3869     3.5360      0.843    7.50861     3.5365    24.9558   13.41466 7.6339e+01 0.0000e+00
         88  87.643365    0.00604     0.3625     21.750      0.859  51029.243    31.3877     3.5362      0.851    7.50852     3.5371    24.9564   13.41450 7.7148e+01 0.0000e+00
         89  87.643368    0.00611     0.3667     22.000      0.865  51030.230    31.3884     3.5366      0.857    7.50841     3.5379    24.9570   13.41431 7.7892e+01 0.0000e+00
         90  87.643371    0.00618     0.3708     22.250      0.864  51030.343    31.3886     3.5372      0.856    7.50830     3.5388    24.9571   13.41411 7.8031e+01 0.0000e+00
