CTD-processing/allCTD/CNV--turbid/2014_02-15_t4_s09_cast188.cnv
* Sea-Bird SBE19plus Data File:
* FileName = C:\Users\kris.holderied\Documents\kasitsna\Research-Projects-and-Data\Oceanography-AK\CTD-CookInlet-GulfWatchAK\2014-02-EVOSTC-CookInlet-LTM-BATCH-UPLOAD\2014-02-CookInlet-Seasonal-cast188.hex
* Software Version 1.59
* Temperature SN =  5028
* Conductivity SN =  5028
* System UpLoad Time = Apr 09 2014 20:23:23
** Cook Inlet LTM 2014 February Seasonal - Batch upload
** Date: 2014-02-15
** Station: 4-09
** Start time: 15:27
** Depth (m): 28
** CoComment:
** Comment:
# nquan = 16
# nvalues = 377                         
# units = specified
# name 0 = scan: Scan Count
# name 1 = timeJ: Julian Days
# name 2 = timeH: Time, Elapsed [hours]
# name 3 = timeM: Time, Elapsed [minutes]
# name 4 = timeS: Time, Elapsed [seconds]
# name 5 = prdM: Pressure, Strain Gauge [db]
# name 6 = specc: Specific Conductance [uS/cm]
# name 7 = sal00: Salinity, Practical [PSU]
# name 8 = tv290C: Temperature [ITS-90, deg C]
# name 9 = depSM: Depth [salt water, m], lat = 59.00
# name 10 = oxsolML/L: Oxygen Saturation, Garcia & Gordon [ml/l]
# name 11 = potemp090C: Potential Temperature [ITS-90, deg C]
# name 12 = sigma-é00: Density [sigma-theta, kg/m^3]
# name 13 = n2satML/L: Nitrogen Saturation [ml/l]
# name 14 = par: PAR/Irradiance, Biospherical/Licor
# name 15 = flag:  0.000e+00
# span 0 =          1,        377       
# span 1 =  46.643692,  46.644780       
# span 2 =    0.00000,    0.02611       
# span 3 =     0.0000,     1.5667       
# span 4 =      0.000,     94.000       
# span 5 =     -0.504,     28.430       
# span 6 =   1308.365,  51746.299       
# span 7 =     0.6153,    31.5723       
# span 8 =     0.7506,     3.6822       
# span 9 =     -0.499,     28.162       
# span 10 =    7.47441,    9.97186      
# span 11 =     0.7506,     3.6805      
# span 12 =     0.3919,    25.1302      
# span 13 =   13.35633,   17.97934      
# span 14 = 1.0267e-01, 1.1640e+02      
# span 15 = 0.0000e+00, 0.0000e+00      
# interval = seconds: 0.25
# start_time = Feb 15 2014 15:26:55 [Instrument's time stamp, header]
# bad_flag = -9.990e-29
*END*
[from data line 181]
        182  46.644216    0.01257     0.7542     45.250      1.236  51204.364    31.1339     2.1356      1.225    7.78901     2.0801    24.8660   13.88064 4.0221e+01 0.0000e+00
        183  46.644219    0.01264     0.7583     45.500      1.222  51204.359    31.1291     2.1184      1.211    7.79267     2.0328    24.8633   13.88673 4.1781e+01 0.0000e+00
        184  46.644222    0.01271     0.7625     45.750      1.187  51258.424    31.1544     2.0802      1.176    7.79885     1.9875    24.8862   13.89659 4.3558e+01 0.0000e+00
        185  46.644225    0.01278     0.7667     46.000      1.138  51342.577    31.1973     2.0328      1.127    7.80590     1.9505    24.9238   13.90763 4.5279e+01 0.0000e+00
        186  46.644227    0.01285     0.7708     46.250      1.081  51433.766    31.2454     1.9875      1.071    7.81227     1.9241    24.9655   13.91750 4.6777e+01 0.0000e+00
        187  46.644230    0.01292     0.7750     46.500      1.024  51519.944    31.2925     1.9505      1.014    7.81706     1.9087    25.0057   13.92476 4.7860e+01 0.0000e+00
        188  46.644233    0.01299     0.7792     46.750      0.973  51596.410    31.3361     1.9242      0.964    7.81994     1.9038    25.0425   13.92892 4.8320e+01 0.0000e+00
        189  46.644236    0.01306     0.7833     47.000      0.934  51657.127    31.3723     1.9087      0.926    7.82104     1.9091    25.0725   13.93025 4.8421e+01 0.0000e+00
        190  46.644239    0.01313     0.7875     47.250      0.910  51692.671    31.3947     1.9038      0.902    7.82080     1.9238    25.0908   13.92955 4.8666e+01 0.0000e+00
        191  46.644242    0.01319     0.7917     47.500      0.900  51694.627    31.3976     1.9092      0.892    7.81959     1.9423    25.0927   13.92751 4.8935e+01 0.0000e+00
        192  46.644245    0.01326     0.7958     47.750      0.901  51660.391    31.3790     1.9239      0.893    7.81767     1.9550    25.0768   13.92461 4.8818e+01 0.0000e+00
        193  46.644248    0.01333     0.8000     48.000      0.911  51602.938    31.3459     1.9423      0.902    7.81579     1.9566    25.0491   13.92196 4.8389e+01 0.0000e+00
        194  46.644251    0.01340     0.8042     48.250      0.924  51548.311    31.3130     1.9551      0.916    7.81504     1.9476    25.0219   13.92115 4.7919e+01 0.0000e+00
        195  46.644253    0.01347     0.8083     48.500      0.940  51516.639    31.2923     1.9567      0.932    7.81584     1.9318    25.0051   13.92275 4.7395e+01 0.0000e+00
        196  46.644256    0.01354     0.8125     48.750      0.959  51514.593    31.2883     1.9476      0.950    7.81785     1.9152    25.0025   13.92612 4.6745e+01 0.0000e+00
        197  46.644259    0.01361     0.8167     49.000      0.981  51537.778    31.2992     1.9318      0.972    7.82039     1.9029    25.0124   13.93016 4.5972e+01 0.0000e+00
        198  46.644262    0.01368     0.8208     49.250      1.010  51575.373    31.3195     1.9152      1.001    7.82260     1.8987    25.0297   13.93354 4.5009e+01 0.0000e+00
        199  46.644265    0.01375     0.8250     49.500      1.048  51616.053    31.3431     1.9030      1.038    7.82375     1.9052    25.0495   13.93512 4.3828e+01 0.0000e+00
        200  46.644268    0.01382     0.8292     49.750      1.092  51646.883    31.3625     1.8987      1.082    7.82355     1.9244    25.0653   13.93453 4.2494e+01 0.0000e+00
        201  46.644271    0.01389     0.8333     50.000      1.140  51652.346    31.3680     1.9052      1.129    7.82197     1.9530    25.0693   13.93185 4.1284e+01 0.0000e+00
        202  46.644274    0.01396     0.8375     50.250      1.184  51621.655    31.3530     1.9244      1.172    7.81897     1.9810    25.0560   13.92711 4.0614e+01 0.0000e+00
        203  46.644277    0.01403     0.8417     50.500      1.216  51559.059    31.3194     1.9530      1.204    7.81511     1.9989    25.0271   13.92119 4.0677e+01 0.0000e+00
        204  46.644280    0.01410     0.8458     50.750      1.229  51485.885    31.2785     1.9810      1.218    7.81176     2.0022    24.9924   13.91622 4.1372e+01 0.0000e+00
        205  46.644282    0.01417     0.8500     51.000      1.221  51428.326    31.2451     1.9990      1.210    7.81000     1.9913    24.9645   13.91376 4.2422e+01 0.0000e+00
        206  46.644285    0.01424     0.8542     51.250      1.192  51404.727    31.2303     2.0023      1.181    7.81015     1.9726    24.9524   13.91420 4.3533e+01 0.0000e+00
        207  46.644288    0.01431     0.8583     51.500      1.145  51420.094    31.2375     1.9914      1.134    7.81192     1.9551    24.9589   13.91702 4.4674e+01 0.0000e+00
        208  46.644291    0.01438     0.8625     51.750      1.088  51465.242    31.2623     1.9726      1.078    7.81429     1.9473    24.9801   13.92061 4.5966e+01 0.0000e+00
        209  46.644294    0.01444     0.8667     52.000      1.029  51523.632    31.2963     1.9552      1.019    7.81593     1.9562    25.0085   13.92285 4.7104e+01 0.0000e+00
        210  46.644297    0.01451     0.8708     52.250      0.978  51575.038    31.3284     1.9473      0.968    7.81577     1.9879    25.0347   13.92215 4.7663e+01 0.0000e+00
        211  46.644300    0.01458     0.8750     52.500      0.939  51596.235    31.3451     1.9562      0.930    7.81313     2.0446    25.0474   13.91757 4.7850e+01 0.0000e+00
        212  46.644303    0.01465     0.8792     52.750      0.915  51569.380    31.3362     1.9879      0.906    7.80735     2.1182    25.0380   13.90816 4.8008e+01 0.0000e+00
        213  46.644306    0.01472     0.8833     53.000      0.904  51490.218    31.2994     2.0447      0.895    7.79813     2.1916    25.0046   13.89345 4.7954e+01 0.0000e+00
        214  46.644308    0.01479     0.8875     53.250      0.902  51368.320    31.2386     2.1182      0.893    7.78689     2.2496    24.9508   13.87573 4.7422e+01 0.0000e+00
        215  46.644311    0.01486     0.8917     53.500      0.905  51223.555    31.1624     2.1917      0.897    7.77651     2.2839    24.8847   13.85963 4.6681e+01 0.0000e+00
        216  46.644314    0.01493     0.8958     53.750      0.913  51085.728    31.0864     2.2496      0.904    7.76919     2.2910    24.8197   13.84858 4.6217e+01 0.0000e+00
        217  46.644317    0.01500     0.9000     54.000      0.924  50986.656    31.0296     2.2839      0.915    7.76548     2.2716    24.7718   13.84323 4.5909e+01 0.0000e+00
        218  46.644320    0.01507     0.9042     54.250      0.939  50948.634    31.0061     2.2911      0.931    7.76531     2.2356    24.7526   13.84326 4.5321e+01 0.0000e+00
        219  46.644323    0.01514     0.9083     54.500      0.962  50979.054    31.0212     2.2717      0.954    7.76831     2.1992    24.7660   13.84801 4.4540e+01 0.0000e+00
        220  46.644326    0.01521     0.9125     54.750      0.995  51063.515    31.0678     2.2356      0.985    7.77288     2.1748    24.8059   13.85492 4.3717e+01 0.0000e+00
        221  46.644329    0.01528     0.9167     55.000      1.037  51170.613    31.1294     2.1993      1.027    7.77672     2.1684    24.8578   13.86042 4.2849e+01 0.0000e+00
        222  46.644332    0.01535     0.9208     55.250      1.087  51264.847    31.1858     2.1749      1.077    7.77850     2.1800    24.9046   13.86260 4.2132e+01 0.0000e+00
        223  46.644334    0.01542     0.9250     55.500      1.140  51313.606    31.2166     2.1684      1.129    7.77812     2.2009    24.9298   13.86156 4.1697e+01 0.0000e+00
        224  46.644337    0.01549     0.9292     55.750      1.189  51298.383    31.2097     2.1801      1.178    7.77620     2.2160    24.9234   13.85849 4.1610e+01 0.0000e+00
        225  46.644340    0.01556     0.9333     56.000      1.226  51230.787    31.1702     2.2010      1.215    7.77420     2.2119    24.8903   13.85573 4.1902e+01 0.0000e+00
        226  46.644343    0.01563     0.9375     56.250      1.246  51152.135    31.1217     2.2161      1.234    7.77384     2.1827    24.8504   13.85578 4.2427e+01 0.0000e+00
        227  46.644346    0.01569     0.9417     56.500      1.245  51111.362    31.0931     2.2120      1.233    7.77617     2.1335    24.8279   13.86001 4.3064e+01 0.0000e+00
        228  46.644349    0.01576     0.9458     56.750      1.222  51137.399    31.1023     2.1828      1.211    7.78143     2.0776    24.8373   13.86856 4.3804e+01 0.0000e+00
        229  46.644352    0.01583     0.9500     57.000      1.181  51222.774    31.1456     2.1335      1.170    7.78881     2.0283    24.8754   13.88015 4.4672e+01 0.0000e+00
        230  46.644355    0.01590     0.9542     57.250      1.129  51337.334    31.2065     2.0777      1.119    7.79656     1.9935    24.9281   13.89211 4.5545e+01 0.0000e+00
        231  46.644358    0.01597     0.9583     57.500      1.076  51454.568    31.2710     2.0284      1.066    7.80282     1.9757    24.9831   13.90157 4.6284e+01 0.0000e+00
        232  46.644361    0.01604     0.9625     57.750      1.028  51556.546    31.3293     1.9935      1.019    7.80657     1.9759    25.0323   13.90697 4.6964e+01 0.0000e+00
        233  46.644363    0.01611     0.9667     58.000      0.989  51625.755    31.3706     1.9757      0.980    7.80787     1.9955    25.0665   13.90856 4.7574e+01 0.0000e+00
        234  46.644366    0.01618     0.9708     58.250      0.959  51648.004    31.3856     1.9759      0.950    7.80702     2.0325    25.0785   13.90696 4.7973e+01 0.0000e+00
        235  46.644369    0.01625     0.9750     58.500      0.936  51619.248    31.3720     1.9955      0.927    7.80389     2.0770    25.0662   13.90197 4.8120e+01 0.0000e+00
        236  46.644372    0.01632     0.9792     58.750      0.919  51547.309    31.3345     2.0325      0.911    7.79859     2.1162    25.0336   13.89374 4.8088e+01 0.0000e+00
        237  46.644375    0.01639     0.9833     59.000      0.908  51453.514    31.2845     2.0771      0.900    7.79247     2.1432    24.9905   13.88432 4.7994e+01 0.0000e+00
        238  46.644378    0.01646     0.9875     59.250      0.902  51364.409    31.2360     2.1162      0.894    7.78735     2.1587    24.9489   13.87653 4.8034e+01 0.0000e+00
        239  46.644381    0.01653     0.9917     59.500      0.902  51296.658    31.1983     2.1432      0.894    7.78405     2.1649    24.9169   13.87159 4.8302e+01 0.0000e+00
        240  46.644384    0.01660     0.9958     59.750      0.908  51253.385    31.1737     2.1588      0.899    7.78230     2.1630    24.8961   13.86904 4.8502e+01 0.0000e+00
        241  46.644387    0.01667     1.0000     60.000      0.918  51233.962    31.1625     2.1650      0.910    7.78168     2.1567    24.8867   13.86817 4.8275e+01 0.0000e+00
        242  46.644389    0.01674     1.0042     60.250      0.934  51240.378    31.1662     2.1631      0.925    7.78186     2.1522    24.8898   13.86840 4.7604e+01 0.0000e+00
        243  46.644392    0.01681     1.0083     60.500      0.956  51271.126    31.1850     2.1567      0.947    7.78210     2.1558    24.9053   13.86855 4.6789e+01 0.0000e+00
        244  46.644395    0.01688     1.0125     60.750      0.985  51316.360    31.2141     2.1523      0.975    7.78142     2.1729    24.9289   13.86705 4.5837e+01 0.0000e+00
        245  46.644398    0.01694     1.0167     61.000      1.022  51361.677    31.2454     2.1558      1.012    7.77906     2.2071    24.9537   13.86273 4.4543e+01 0.0000e+00
        246  46.644401    0.01701     1.0208     61.250      1.066  51391.082    31.2699     2.1730      1.056    7.77440     2.2531    24.9721   13.85471 4.3267e+01 0.0000e+00
        247  46.644404    0.01708     1.0250     61.500      1.115  51385.631    31.2758     2.2072      1.104    7.76738     2.2972    24.9743   13.84305 4.2424e+01 0.0000e+00
        248  46.644407    0.01715     1.0292     61.750      1.163  51329.886    31.2513     2.2532      1.152    7.75967     2.3260    24.9514   13.83067 4.1846e+01 0.0000e+00
        249  46.644410    0.01722     1.0333     62.000      1.204  51225.246    31.1934     2.2973      1.193    7.75414     2.3302    24.9019   13.82233 4.1376e+01 0.0000e+00
        250  46.644413    0.01729     1.0375     62.250      1.234  51101.063    31.1180     2.3261      1.222    7.75252     2.3032    24.8395   13.82067 4.1223e+01 0.0000e+00
        251  46.644416    0.01736     1.0417     62.500      1.248  51010.136    31.0580     2.3302      1.236    7.75491     2.2480    24.7913   13.82542 4.1501e+01 0.0000e+00
        252  46.644418    0.01743     1.0458     62.750      1.243  50996.466    31.0413     2.3033      1.231    7.76108     2.1783    24.7798   13.83581 4.1978e+01 0.0000e+00
        253  46.644421    0.01750     1.0500     63.000      1.220  51062.943    31.0705     2.2480      1.209    7.77036     2.1103    24.8071   13.85073 4.2538e+01 0.0000e+00
        254  46.644424    0.01757     1.0542     63.250      1.183  51174.969    31.1260     2.1784      1.172    7.78106     2.0535    24.8565   13.86764 4.3419e+01 0.0000e+00
        255  46.644427    0.01764     1.0583     63.500      1.135  51292.538    31.1856     2.1104      1.124    7.79126     2.0106    24.9090   13.88365 4.4712e+01 0.0000e+00
        256  46.644430    0.01771     1.0625     63.750      1.078  51393.626    31.2373     2.0535      1.068    7.79969     1.9806    24.9544   13.89686 4.6094e+01 0.0000e+00
        257  46.644433    0.01778     1.0667     64.000      1.018  51475.416    31.2799     2.0107      1.009    7.80586     1.9619    24.9915   13.90646 4.7189e+01 0.0000e+00
        258  46.644436    0.01785     1.0708     64.250      0.958  51544.679    31.3178     1.9807      0.949    7.80975     1.9536    25.0239   13.91237 4.7865e+01 0.0000e+00
        259  46.644439    0.01792     1.0750     64.500      0.899  51608.905    31.3554     1.9619      0.890    7.81143     1.9558    25.0553   13.91463 4.8378e+01 0.0000e+00
        260  46.644442    0.01799     1.0792     64.750      0.845  51670.014    31.3940     1.9537      0.837    7.81100     1.9694    25.0868   13.91339 4.9042e+01 0.0000e+00
        261  46.644444    0.01806     1.0833     65.000      0.801  51720.303    31.4283     1.9559      0.793    7.80873     1.9977    25.1141   13.90919 4.9707e+01 0.0000e+00
        262  46.644447    0.01812     1.0875     65.250      0.771  51746.299    31.4496     1.9694      0.763    7.80491     2.0454    25.1302   13.90261 4.9997e+01 0.0000e+00
        263  46.644450    0.01819     1.0917     65.500      0.759  51737.908    31.4521     1.9977      0.752    7.79921     2.1118    25.1301   13.89317 4.9635e+01 0.0000e+00
        264  46.644453    0.01826     1.0958     65.750      0.770  51696.357    31.4380     2.0454      0.762    7.79060     2.1891    25.1154   13.87917 4.8584e+01 0.0000e+00
        265  46.644456    0.01833     1.1000     66.000      0.802  51639.344    31.4187     2.1118      0.795    7.77860     2.2700    25.0953   13.85962 4.7069e+01 0.0000e+00
        266  46.644459    0.01840     1.1042     66.250      0.857  51592.845    31.4095     2.1891      0.849    7.76393     2.3508    25.0823   13.83556 4.5244e+01 0.0000e+00
        267  46.644462    0.01847     1.1083     66.500      0.930  51570.407    31.4173     2.2700      0.922    7.74770     2.4299    25.0827   13.80870 4.3205e+01 0.0000e+00
        268  46.644465    0.01854     1.1125     66.750      1.017  51571.785    31.4409     2.3508      1.008    7.73071     2.5061    25.0956   13.78035 4.1230e+01 0.0000e+00
        269  46.644468    0.01861     1.1167     67.000      1.113  51584.799    31.4717     2.4299      1.103    7.71372     2.5770    25.1143   13.75191 3.9486e+01 0.0000e+00
        270  46.644470    0.01868     1.1208     67.250      1.212  51584.918    31.4929     2.5062      1.201    7.69783     2.6394    25.1255   13.72543 3.7954e+01 0.0000e+00
        271  46.644473    0.01875     1.1250     67.500      1.310  51562.717    31.4975     2.5771      1.298    7.68390     2.6926    25.1237   13.70238 3.6587e+01 0.0000e+00
