CTD-processing/allCTD/CNV--turbid/2014_08-14_alongbay_skb06_cast048.cnv
* Sea-Bird SBE19plus Data File:
* FileName = C:\Users\kris.holderied\Documents\kasitsna\Research-Projects-and-Data\Oceanography-AK\CTD-Data-ALL-to-2014-06\2014-CTD-KachemakBay-CookInlet\2014-08-14-KachemakBay-AlongBayLine\2014-08-14-KachemakBay-AlongBay-cast048.hex
* Software Version 1.59
* Temperature SN =  4141
* Conductivity SN =  4141
* System UpLoad Time = Oct 13 2014 01:25:52
** Kachemak Bay Along-bay Line West to East
** Date: 08-14
** Station: KB06
** Start time: 12:39
** Depth (m): 94.2
** Comment:  CTD time is Alaska Daylight time.  R/V Barnacle. Transducer  depth.
** Comment:
# nquan = 16
# nvalues = 594                         
# units = specified
# name 0 = scan: Scan Count
# name 1 = timeJ: Julian Days
# name 2 = timeH: Time, Elapsed [hours]
# name 3 = timeM: Time, Elapsed [minutes]
# name 4 = timeS: Time, Elapsed [seconds]
# name 5 = prdM: Pressure, Strain Gauge [db]
# name 6 = specc: Specific Conductance [uS/cm]
# name 7 = sal00: Salinity, Practical [PSU]
# name 8 = tv290C: Temperature [ITS-90, deg C]
# name 9 = depSM: Depth [salt water, m], lat = 59.00
# name 10 = oxsolML/L: Oxygen Saturation, Garcia & Gordon [ml/l]
# name 11 = potemp090C: Potential Temperature [ITS-90, deg C]
# name 12 = sigma-é00: Density [sigma-theta, kg/m^3]
# name 13 = n2satML/L: Nitrogen Saturation [ml/l]
# name 14 = par: PAR/Irradiance, Biospherical/Licor
# name 15 = flag:  0.000e+00
# span 0 =          1,        594       
# span 1 = 226.528218, 226.529933       
# span 2 =    0.00000,    0.04118       
# span 3 =     0.0000,     2.4708       
# span 4 =      0.000,    148.250       
# span 5 =     -0.223,     96.046       
# span 6 =    866.036,  49180.583       
# span 7 =     0.4228,    31.2772       
# span 8 =    10.2992,    11.9755       
# span 9 =     -0.221,     95.126       
# span 10 =    6.31090,    7.52911      
# span 11 =    10.2884,    11.9754      
# span 12 =    -0.1648,    23.9985      
# span 13 =   11.44014,   13.87626      
# span 14 = 3.6382e-02, 1.8416e+02      
# span 15 = 0.0000e+00, 0.0000e+00      
# interval = seconds: 0.25
# start_time = Aug 14 2014 12:40:38 [Instrument's time stamp, header]
# bad_flag = -9.990e-29
*END*
[from data line 452]
        453 226.529525    0.03139     1.8833    113.000     45.701  48588.860    30.9790    11.1558     45.269    6.31938    11.1310    23.6201   11.45302 4.4258e-02 0.0000e+00
        454 226.529528    0.03146     1.8875    113.250     46.078  48596.259    30.9831    11.1470     45.643    6.32041    11.1203    23.6248   11.45467 4.3329e-02 0.0000e+00
        455 226.529531    0.03153     1.8917    113.500     46.456  48606.980    30.9894    11.1365     46.017    6.32159    11.1111    23.6315   11.45656 4.2520e-02 0.0000e+00
        456 226.529534    0.03160     1.8958    113.750     46.833  48619.184    30.9967    11.1259     46.390    6.32273    11.1039    23.6390   11.45837 4.1798e-02 0.0000e+00
        457 226.529537    0.03167     1.9000    114.000     47.209  48630.581    31.0036    11.1167     46.762    6.32370    11.0983    23.6460   11.45989 4.1114e-02 0.0000e+00
        458 226.529540    0.03174     1.9042    114.250     47.584  48640.055    31.0093    11.1095     47.134    6.32444    11.0935    23.6518   11.46105 4.0478e-02 0.0000e+00
        459 226.529543    0.03181     1.9083    114.500     47.957  48648.028    31.0142    11.1039     47.504    6.32500    11.0888    23.6565   11.46192 3.9877e-02 0.0000e+00
        460 226.529546    0.03188     1.9125    114.750     48.330  48655.662    31.0190    11.0992     47.872    6.32545    11.0840    23.6610   11.46262 3.9310e-02 0.0000e+00
        461 226.529549    0.03194     1.9167    115.000     48.702  48663.675    31.0240    11.0945     48.240    6.32588    11.0795    23.6657   11.46327 3.8753e-02 0.0000e+00
        462 226.529552    0.03201     1.9208    115.250     49.072  48671.796    31.0290    11.0898     48.608    6.32632    11.0756    23.6705   11.46394 3.8188e-02 0.0000e+00
        463 226.529554    0.03208     1.9250    115.500     49.442  48679.219    31.0336    11.0853     48.974    6.32675    11.0728    23.6749   11.46460 3.7683e-02 0.0000e+00
        464 226.529557    0.03215     1.9292    115.750     49.811  48685.126    31.0372    11.0815     49.339    6.32712    11.0710    23.6783   11.46517 3.7286e-02 0.0000e+00
        465 226.529560    0.03222     1.9333    116.000     50.179  48689.245    31.0397    11.0787     49.705    6.32740    11.0700    23.6807   11.46560 3.7018e-02 0.0000e+00
        466 226.529563    0.03229     1.9375    116.250     50.547  48691.992    31.0413    11.0770     50.069    6.32757    11.0693    23.6823   11.46587 3.6897e-02 0.0000e+00
        467 226.529566    0.03236     1.9417    116.500     50.913  48693.885    31.0423    11.0760     50.431    6.32767    11.0689    23.6833   11.46602 3.6826e-02 0.0000e+00
        468 226.529569    0.03243     1.9458    116.750     51.275  48695.228    31.0431    11.0754     50.790    6.32772    11.0684    23.6840   11.46610 3.6700e-02 0.0000e+00
        469 226.529572    0.03250     1.9500    117.000     51.635  48696.284    31.0436    11.0749     51.146    6.32775    11.0680    23.6845   11.46615 3.6573e-02 0.0000e+00
        470 226.529575    0.03257     1.9542    117.250     51.993  48697.385    31.0442    11.0745     51.500    6.32778    11.0675    23.6851   11.46619 3.6497e-02 0.0000e+00
        471 226.529578    0.03264     1.9583    117.500     52.351  48698.706    31.0450    11.0741     51.855    6.32781    11.0671    23.6857   11.46622 3.6451e-02 0.0000e+00
        472 226.529580    0.03271     1.9625    117.750     52.711  48700.144    31.0458    11.0737     52.211    6.32783    11.0666    23.6864   11.46625 3.6424e-02 0.0000e+00
        473 226.529583    0.03278     1.9667    118.000     53.073  48701.470    31.0465    11.0733     52.569    6.32786    11.0664    23.6871   11.46629 3.6407e-02 0.0000e+00
        474 226.529586    0.03285     1.9708    118.250     53.436  48702.620    31.0472    11.0729     52.929    6.32789    11.0665    23.6876   11.46633 3.6397e-02 0.0000e+00
        475 226.529589    0.03292     1.9750    118.500     53.802  48703.539    31.0476    11.0727     53.292    6.32790    11.0668    23.6880   11.46634 3.6391e-02 0.0000e+00
        476 226.529592    0.03299     1.9792    118.750     54.170  48704.025    31.0478    11.0728     53.656    6.32787    11.0673    23.6882   11.46630 3.6387e-02 0.0000e+00
        477 226.529595    0.03306     1.9833    119.000     54.538  48704.213    31.0479    11.0732     54.021    6.32782    11.0677    23.6882   11.46620 3.6385e-02 0.0000e+00
        478 226.529598    0.03313     1.9875    119.250     54.908  48704.532    31.0480    11.0737     54.387    6.32774    11.0679    23.6882   11.46608 3.6384e-02 0.0000e+00
        479 226.529601    0.03319     1.9917    119.500     55.278  48705.215    31.0484    11.0742     54.753    6.32767    11.0680    23.6884   11.46595 3.6383e-02 0.0000e+00
        480 226.529604    0.03326     1.9958    119.750     55.648  48706.307    31.0491    11.0744     55.120    6.32761    11.0683    23.6889   11.46585 3.6383e-02 0.0000e+00
        481 226.529606    0.03333     2.0000    120.000     56.016  48707.696    31.0499    11.0746     55.485    6.32755    11.0687    23.6895   11.46573 3.6382e-02 0.0000e+00
        482 226.529609    0.03340     2.0042    120.250     56.382  48708.979    31.0507    11.0749     55.847    6.32748    11.0691    23.6901   11.46560 3.6382e-02 0.0000e+00
        483 226.529612    0.03347     2.0083    120.500     56.746  48709.722    31.0512    11.0754     56.208    6.32740    11.0695    23.6904   11.46547 3.6382e-02 0.0000e+00
        484 226.529615    0.03354     2.0125    120.750     57.109  48709.980    31.0512    11.0759     56.568    6.32732    11.0698    23.6904   11.46535 3.6382e-02 0.0000e+00
        485 226.529618    0.03361     2.0167    121.000     57.470  48710.201    31.0513    11.0763     56.926    6.32726    11.0699    23.6903   11.46525 3.6382e-02 0.0000e+00
        486 226.529621    0.03368     2.0208    121.250     57.830  48710.628    31.0515    11.0766     57.281    6.32721    11.0700    23.6904   11.46517 3.6382e-02 0.0000e+00
        487 226.529624    0.03375     2.0250    121.500     58.186  48711.146    31.0517    11.0768     57.634    6.32718    11.0701    23.6906   11.46510 3.6382e-02 0.0000e+00
        488 226.529627    0.03382     2.0292    121.750     58.539  48711.655    31.0519    11.0770     57.983    6.32715    11.0701    23.6908   11.46505 3.6382e-02 0.0000e+00
        489 226.529630    0.03389     2.0333    122.000     58.889  48712.218    31.0522    11.0771     58.330    6.32712    11.0700    23.6910   11.46500 3.6382e-02 0.0000e+00
        490 226.529633    0.03396     2.0375    122.250     59.237  48712.870    31.0525    11.0771     58.675    6.32711    11.0697    23.6912   11.46497 3.6382e-02 0.0000e+00
        491 226.529635    0.03403     2.0417    122.500     59.586  48713.416    31.0528    11.0770     59.020    6.32711    11.0690    23.6914   11.46497 3.6382e-02 0.0000e+00
        492 226.529638    0.03410     2.0458    122.750     59.935  48713.612    31.0528    11.0767     59.366    6.32715    11.0677    23.6914   11.46503 3.6382e-02 0.0000e+00
        493 226.529641    0.03417     2.0500    123.000     60.284  48713.535    31.0525    11.0761     59.712    6.32725    11.0659    23.6913   11.46521 3.6382e-02 0.0000e+00
        494 226.529644    0.03424     2.0542    123.250     60.633  48713.317    31.0521    11.0749     60.057    6.32743    11.0635    23.6912   11.46551 3.6382e-02 0.0000e+00
        495 226.529647    0.03431     2.0583    123.500     60.981  48712.728    31.0513    11.0731     60.402    6.32770    11.0607    23.6909   11.46597 3.6382e-02 0.0000e+00
        496 226.529650    0.03438     2.0625    123.750     61.327  48711.998    31.0504    11.0708     60.745    6.32806    11.0578    23.6906   11.46657 3.6382e-02 0.0000e+00
        497 226.529653    0.03444     2.0667    124.000     61.673  48712.123    31.0500    11.0680     61.087    6.32845    11.0553    23.6908   11.46723 3.6382e-02 0.0000e+00
        498 226.529656    0.03451     2.0708    124.250     62.019  48713.512    31.0505    11.0651     61.430    6.32882    11.0536    23.6918   11.46783 3.6382e-02 0.0000e+00
        499 226.529659    0.03458     2.0750    124.500     62.366  48715.805    31.0517    11.0627     61.773    6.32910    11.0528    23.6931   11.46828 3.6382e-02 0.0000e+00
        500 226.529661    0.03465     2.0792    124.750     62.714  48718.224    31.0531    11.0610     62.118    6.32927    11.0527    23.6945   11.46855 3.6382e-02 0.0000e+00
        501 226.529664    0.03472     2.0833    125.000     63.064  48719.778    31.0540    11.0602     62.465    6.32934    11.0529    23.6953   11.46865 3.6382e-02 0.0000e+00
        502 226.529667    0.03479     2.0875    125.250     63.415  48720.231    31.0542    11.0602     62.813    6.32934    11.0533    23.6955   11.46865 3.6382e-02 0.0000e+00
        503 226.529670    0.03486     2.0917    125.500     63.769  48720.252    31.0541    11.0604     63.163    6.32931    11.0539    23.6954   11.46860 3.6382e-02 0.0000e+00
        504 226.529673    0.03493     2.0958    125.750     64.123  48720.572    31.0542    11.0608     63.513    6.32925    11.0547    23.6954   11.46850 3.6382e-02 0.0000e+00
        505 226.529676    0.03500     2.1000    126.000     64.476  48721.129    31.0545    11.0614     63.863    6.32915    11.0554    23.6956   11.46834 3.6382e-02 0.0000e+00
        506 226.529679    0.03507     2.1042    126.250     64.828  48721.271    31.0546    11.0623     64.212    6.32904    11.0559    23.6955   11.46815 3.6382e-02 0.0000e+00
        507 226.529682    0.03514     2.1083    126.500     65.177  48720.960    31.0543    11.0630     64.558    6.32894    11.0561    23.6951   11.46800 3.6382e-02 0.0000e+00
        508 226.529685    0.03521     2.1125    126.750     65.526  48720.546    31.0539    11.0636     64.903    6.32888    11.0560    23.6947   11.46791 3.6382e-02 0.0000e+00
        509 226.529687    0.03528     2.1167    127.000     65.878  48720.191    31.0536    11.0638     65.251    6.32887    11.0556    23.6944   11.46789 3.6382e-02 0.0000e+00
        510 226.529690    0.03535     2.1208    127.250     66.232  48720.160    31.0534    11.0637     65.602    6.32888    11.0551    23.6943   11.46791 3.6382e-02 0.0000e+00
        511 226.529693    0.03542     2.1250    127.500     66.588  48720.735    31.0536    11.0634     65.954    6.32892    11.0543    23.6946   11.46796 3.6382e-02 0.0000e+00
        512 226.529696    0.03549     2.1292    127.750     66.945  48722.026    31.0543    11.0629     66.308    6.32896    11.0535    23.6952   11.46802 3.6382e-02 0.0000e+00
        513 226.529699    0.03556     2.1333    128.000     67.304  48723.836    31.0554    11.0623     66.664    6.32901    11.0526    23.6962   11.46809 3.6382e-02 0.0000e+00
        514 226.529702    0.03562     2.1375    128.250     67.665  48725.783    31.0565    11.0614     67.022    6.32907    11.0517    23.6972   11.46819 3.6382e-02 0.0000e+00
        515 226.529705    0.03569     2.1417    128.500     68.029  48727.775    31.0577    11.0606     67.381    6.32914    11.0510    23.6983   11.46829 3.6382e-02 0.0000e+00
        516 226.529708    0.03576     2.1458    128.750     68.392  48729.721    31.0588    11.0598     67.741    6.32921    11.0502    23.6993   11.46837 3.6382e-02 0.0000e+00
        517 226.529711    0.03583     2.1500    129.000     68.756  48731.289    31.0597    11.0590     68.101    6.32927    11.0494    23.7001   11.46847 3.6382e-02 0.0000e+00
        518 226.529714    0.03590     2.1542    129.250     69.119  48732.603    31.0604    11.0583     68.462    6.32934    11.0487    23.7008   11.46858 3.6382e-02 0.0000e+00
        519 226.529716    0.03597     2.1583    129.500     69.483  48734.061    31.0612    11.0576     68.822    6.32941    11.0483    23.7015   11.46869 3.6382e-02 0.0000e+00
        520 226.529719    0.03604     2.1625    129.750     69.848  48735.496    31.0620    11.0570     69.183    6.32946    11.0479    23.7023   11.46876 3.6382e-02 0.0000e+00
        521 226.529722    0.03611     2.1667    130.000     70.216  48736.519    31.0625    11.0565     69.548    6.32950    11.0476    23.7028   11.46882 3.6382e-02 0.0000e+00
        522 226.529725    0.03618     2.1708    130.250     70.587  48737.228    31.0628    11.0562     69.914    6.32953    11.0473    23.7031   11.46886 3.6382e-02 0.0000e+00
        523 226.529728    0.03625     2.1750    130.500     70.958  48737.896    31.0631    11.0560     70.282    6.32955    11.0467    23.7034   11.46890 3.6382e-02 0.0000e+00
        524 226.529731    0.03632     2.1792    130.750     71.329  48738.485    31.0634    11.0556     70.650    6.32959    11.0457    23.7036   11.46895 3.6382e-02 0.0000e+00
        525 226.529734    0.03639     2.1833    131.000     71.700  48739.064    31.0636    11.0551     71.017    6.32965    11.0440    23.7038   11.46906 3.6382e-02 0.0000e+00
        526 226.529737    0.03646     2.1875    131.250     72.068  48739.892    31.0639    11.0541     71.382    6.32977    11.0413    23.7043   11.46926 3.6382e-02 0.0000e+00
        527 226.529740    0.03653     2.1917    131.500     72.436  48740.883    31.0643    11.0524     71.746    6.32998    11.0371    23.7048   11.46960 3.6382e-02 0.0000e+00
        528 226.529742    0.03660     2.1958    131.750     72.803  48741.938    31.0646    11.0498     72.109    6.33033    11.0307    23.7055   11.47018 3.6382e-02 0.0000e+00
        529 226.529745    0.03667     2.2000    132.000     73.169  48742.875    31.0646    11.0456     72.472    6.33090    11.0218    23.7063   11.47111 3.6382e-02 0.0000e+00
        530 226.529748    0.03674     2.2042    132.250     73.533  48744.297    31.0648    11.0394     72.833    6.33175    11.0107    23.7075   11.47251 3.6382e-02 0.0000e+00
        531 226.529751    0.03681     2.2083    132.500     73.897  48747.969    31.0662    11.0305     73.193    6.33290    10.9978    23.7102   11.47441 3.6382e-02 0.0000e+00
        532 226.529754    0.03687     2.2125    132.750     74.261  48753.258    31.0685    11.0194     73.553    6.33431    10.9820    23.7140   11.47672 3.6382e-02 0.0000e+00
        533 226.529757    0.03694     2.2167    133.000     74.625  48757.714    31.0701    11.0066     73.914    6.33600    10.9620    23.7174   11.47951 3.6382e-02 0.0000e+00
        534 226.529760    0.03701     2.2208    133.250     74.989  48762.129    31.0713    10.9908     74.275    6.33811    10.9390    23.7210   11.48298 3.6382e-02 0.0000e+00
        535 226.529763    0.03708     2.2250    133.500     75.354  48771.098    31.0752    10.9708     74.636    6.34067    10.9162    23.7275   11.48718 3.6382e-02 0.0000e+00
        536 226.529766    0.03715     2.2292    133.750     75.720  48787.515    31.0840    10.9478     74.998    6.34345    10.8970    23.7384   11.49169 3.6382e-02 0.0000e+00
        537 226.529769    0.03722     2.2333    134.000     76.086  48808.419    31.0961    10.9251     75.361    6.34607    10.8826    23.7517   11.49588 3.6382e-02 0.0000e+00
        538 226.529771    0.03729     2.2375    134.250     76.452  48828.399    31.1079    10.9059     75.723    6.34821    10.8725    23.7642   11.49930 3.6382e-02 0.0000e+00
        539 226.529774    0.03736     2.2417    134.500     76.820  48844.330    31.1174    10.8915     76.087    6.34979    10.8659    23.7741   11.50181 3.6382e-02 0.0000e+00
        540 226.529777    0.03743     2.2458    134.750     77.188  48855.816    31.1242    10.8815     76.452    6.35088    10.8616    23.7811   11.50354 3.6382e-02 0.0000e+00
        541 226.529780    0.03750     2.2500    135.000     77.558  48863.586    31.1288    10.8749     76.818    6.35160    10.8588    23.7858   11.50468 3.6382e-02 0.0000e+00
        542 226.529783    0.03757     2.2542    135.250     77.927  48868.713    31.1318    10.8706     77.184    6.35207    10.8571    23.7889   11.50541 3.6382e-02 0.0000e+00
