CTD-processing/allCTD/CNV--turbid/2014_04-11_t3_s07_cast007.cnv
* Sea-Bird SBE19plus Data File:
* FileName = C:\Users\kris.holderied\Documents\kasitsna\Research-Projects-and-Data\Oceanography-AK\CTD-CookInlet-GulfWatchAK\2014-04-EVOSTC-CookInlet-Ocean\2014-04-11-CookInlet-Tran3-AnchorPt\2014-04-11-CookInlet-Tran3-AnchorPt-cast007.hex
* Software Version 1.59
* Temperature SN =  5028
* Conductivity SN =  5028
* System UpLoad Time = Apr 11 2014 15:32:58
** Cook Inlet LTM Transect 3 (Anchor Pt) west to east
** Date: 2014-04-11
** Station: 3-07
** Start time: 12:24
** Depth (m): 109
** Comment:  CTD time is AKDaylight
** Comment:
# nquan = 16
# nvalues = 923                         
# units = specified
# name 0 = scan: Scan Count
# name 1 = timeJ: Julian Days
# name 2 = timeH: Time, Elapsed [hours]
# name 3 = timeM: Time, Elapsed [minutes]
# name 4 = timeS: Time, Elapsed [seconds]
# name 5 = prdM: Pressure, Strain Gauge [db]
# name 6 = specc: Specific Conductance [uS/cm]
# name 7 = sal00: Salinity, Practical [PSU]
# name 8 = tv290C: Temperature [ITS-90, deg C]
# name 9 = depSM: Depth [salt water, m], lat = 59.00
# name 10 = oxsolML/L: Oxygen Saturation, Garcia & Gordon [ml/l]
# name 11 = potemp090C: Potential Temperature [ITS-90, deg C]
# name 12 = sigma-é00: Density [sigma-theta, kg/m^3]
# name 13 = n2satML/L: Nitrogen Saturation [ml/l]
# name 14 = par: PAR/Irradiance, Biospherical/Licor
# name 15 = flag:  0.000e+00
# span 0 =          1,        923       
# span 1 = 101.517176, 101.519844       
# span 2 =    0.00000,    0.06403       
# span 3 =     0.0000,     3.8417       
# span 4 =      0.000,    230.500       
# span 5 =      0.065,    108.003       
# span 6 =   1173.565,  51150.225       
# span 7 =     0.5513,    31.4335       
# span 8 =     1.2381,     3.6133       
# span 9 =      0.064,    106.965       
# span 10 =    7.49198,    9.84367      
# span 11 =     1.2381,     3.6067      
# span 12 =     0.3629,    24.9867      
# span 13 =   13.38660,   17.76628      
# span 14 = 3.7912e-02, 1.4277e+03      
# span 15 = 0.0000e+00, 0.0000e+00      
# interval = seconds: 0.25
# start_time = Apr 11 2014 12:24:44 [Instrument's time stamp, header]
# bad_flag = -9.990e-29
*END*
[from data line 633]
        634 101.519008    0.04396     2.6375    158.250     36.435  50711.956    31.0027     2.9377     36.091    7.64061     2.9466    24.7007   13.63757 3.7912e-02 0.0000e+00
        635 101.519010    0.04403     2.6417    158.500     36.610  50715.072    31.0061     2.9432     36.264    7.63938     2.9517    24.7030   13.63550 3.7912e-02 0.0000e+00
        636 101.519013    0.04410     2.6458    158.750     36.789  50716.556    31.0084     2.9486     36.442    7.63824     2.9563    24.7044   13.63358 3.7912e-02 0.0000e+00
        637 101.519016    0.04417     2.6500    159.000     36.973  50717.665    31.0104     2.9536     36.624    7.63718     2.9608    24.7055   13.63181 3.7912e-02 0.0000e+00
        638 101.519019    0.04424     2.6542    159.250     37.162  50719.968    31.0131     2.9582     36.811    7.63616     2.9656    24.7073   13.63009 3.7912e-02 0.0000e+00
        639 101.519022    0.04431     2.6583    159.500     37.353  50724.713    31.0173     2.9627     37.000    7.63508     2.9711    24.7103   13.62826 3.7912e-02 0.0000e+00
        640 101.519025    0.04437     2.6625    159.750     37.543  50732.575    31.0238     2.9675     37.188    7.63383     2.9776    24.7151   13.62611 3.7912e-02 0.0000e+00
        641 101.519028    0.04444     2.6667    160.000     37.733  50741.433    31.0311     2.9731     37.377    7.63239     2.9845    24.7205   13.62363 3.7912e-02 0.0000e+00
        642 101.519031    0.04451     2.6708    160.250     37.924  50748.555    31.0375     2.9796     37.566    7.63083     2.9920    24.7250   13.62098 3.7912e-02 0.0000e+00
        643 101.519034    0.04458     2.6750    160.500     38.117  50756.577    31.0446     2.9866     37.757    7.62914     3.0012    24.7301   13.61809 3.7912e-02 0.0000e+00
        644 101.519036    0.04465     2.6792    160.750     38.312  50771.402    31.0565     2.9941     37.951    7.62709     3.0137    24.7390   13.61456 3.7912e-02 0.0000e+00
        645 101.519039    0.04472     2.6833    161.000     38.512  50795.840    31.0753     3.0033     38.149    7.62438     3.0310    24.7532   13.60983 3.7912e-02 0.0000e+00
        646 101.519042    0.04479     2.6875    161.250     38.718  50829.620    31.1012     3.0158     38.352    7.62067     3.0537    24.7728   13.60335 3.7912e-02 0.0000e+00
        647 101.519045    0.04486     2.6917    161.500     38.927  50867.928    31.1315     3.0331     38.559    7.61581     3.0791    24.7955   13.59494 3.7912e-02 0.0000e+00
        648 101.519048    0.04493     2.6958    161.750     39.138  50894.228    31.1550     3.0559     38.768    7.61029     3.1028    24.8124   13.58552 3.7912e-02 0.0000e+00
        649 101.519051    0.04500     2.7000    162.000     39.348  50898.083    31.1640     3.0813     38.976    7.60501     3.1224    24.8175   13.57669 3.7912e-02 0.0000e+00
        650 101.519054    0.04507     2.7042    162.250     39.555  50892.022    31.1659     3.1050     39.181    7.60045     3.1384    24.8171   13.56914 3.7912e-02 0.0000e+00
        651 101.519057    0.04514     2.7083    162.500     39.758  50887.797    31.1680     3.1246     39.383    7.59664     3.1515    24.8172   13.56282 3.7912e-02 0.0000e+00
        652 101.519060    0.04521     2.7125    162.750     39.957  50884.016    31.1695     3.1407     39.579    7.59353     3.1618    24.8170   13.55767 3.7912e-02 0.0000e+00
        653 101.519063    0.04528     2.7167    163.000     40.150  50878.570    31.1691     3.1538     39.770    7.59108     3.1697    24.8156   13.55364 3.7912e-02 0.0000e+00
        654 101.519065    0.04535     2.7208    163.250     40.341  50873.282    31.1680     3.1641     39.959    7.58919     3.1757    24.8139   13.55053 3.7912e-02 0.0000e+00
        655 101.519068    0.04542     2.7250    163.500     40.532  50869.991    31.1677     3.1719     40.149    7.58772     3.1805    24.8130   13.54811 3.7912e-02 0.0000e+00
        656 101.519071    0.04549     2.7292    163.750     40.724  50868.684    31.1683     3.1780     40.339    7.58656     3.1845    24.8129   13.54618 3.7912e-02 0.0000e+00
        657 101.519074    0.04556     2.7333    164.000     40.917  50868.706    31.1694     3.1828     40.531    7.58560     3.1879    24.8134   13.54458 3.7912e-02 0.0000e+00
        658 101.519077    0.04562     2.7375    164.250     41.110  50868.260    31.1701     3.1868     40.722    7.58480     3.1903    24.8136   13.54326 3.7912e-02 0.0000e+00
        659 101.519080    0.04569     2.7417    164.500     41.303  50865.378    31.1689     3.1902     40.913    7.58422     3.1913    24.8124   13.54231 3.7912e-02 0.0000e+00
        660 101.519083    0.04576     2.7458    164.750     41.496  50859.717    31.1656     3.1927     41.104    7.58394     3.1911    24.8096   13.54189 3.7912e-02 0.0000e+00
        661 101.519086    0.04583     2.7500    165.000     41.689  50854.826    31.1624     3.1937     41.295    7.58391     3.1906    24.8070   13.54188 3.7912e-02 0.0000e+00
        662 101.519089    0.04590     2.7542    165.250     41.885  50854.232    31.1619     3.1935     41.489    7.58397     3.1904    24.8065   13.54199 3.7912e-02 0.0000e+00
        663 101.519091    0.04597     2.7583    165.500     42.085  50856.070    31.1629     3.1929     41.687    7.58402     3.1904    24.8074   13.54205 3.7912e-02 0.0000e+00
        664 101.519094    0.04604     2.7625    165.750     42.290  50857.148    31.1635     3.1927     41.890    7.58403     3.1901    24.8079   13.54207 3.7912e-02 0.0000e+00
        665 101.519097    0.04611     2.7667    166.000     42.501  50855.368    31.1622     3.1928     42.099    7.58409     3.1892    24.8068   13.54219 3.7912e-02 0.0000e+00
        666 101.519100    0.04618     2.7708    166.250     42.717  50851.097    31.1591     3.1925     42.313    7.58429     3.1875    24.8044   13.54256 3.7912e-02 0.0000e+00
        667 101.519103    0.04625     2.7750    166.500     42.935  50847.595    31.1564     3.1916     42.529    7.58462     3.1859    24.8023   13.54313 3.7912e-02 0.0000e+00
        668 101.519106    0.04632     2.7792    166.750     43.152  50848.139    31.1563     3.1899     42.744    7.58494     3.1854    24.8023   13.54366 3.7912e-02 0.0000e+00
        669 101.519109    0.04639     2.7833    167.000     43.365  50853.253    31.1592     3.1883     42.955    7.58508     3.1864    24.8048   13.54385 3.7912e-02 0.0000e+00
        670 101.519112    0.04646     2.7875    167.250     43.572  50860.900    31.1641     3.1878     43.160    7.58492     3.1889    24.8088   13.54353 3.7912e-02 0.0000e+00
        671 101.519115    0.04653     2.7917    167.500     43.775  50869.432    31.1700     3.1888     43.361    7.58443     3.1925    24.8134   13.54263 3.7912e-02 0.0000e+00
        672 101.519117    0.04660     2.7958    167.750     43.975  50876.176    31.1751     3.1914     43.559    7.58369     3.1961    24.8173   13.54135 3.7912e-02 0.0000e+00
        673 101.519120    0.04667     2.8000    168.000     44.173  50878.510    31.1775     3.1949     43.755    7.58289     3.1991    24.8189   13.54001 3.7912e-02 0.0000e+00
        674 101.519123    0.04674     2.8042    168.250     44.373  50877.443    31.1776     3.1986     43.953    7.58220     3.2013    24.8187   13.53886 3.7912e-02 0.0000e+00
        675 101.519126    0.04681     2.8083    168.500     44.576  50875.387    31.1769     3.2016     44.154    7.58167     3.2028    24.8178   13.53800 3.7912e-02 0.0000e+00
        676 101.519129    0.04688     2.8125    168.750     44.781  50873.355    31.1760     3.2039     44.358    7.58130     3.2038    24.8169   13.53740 3.7912e-02 0.0000e+00
        677 101.519132    0.04694     2.8167    169.000     44.989  50872.029    31.1754     3.2054     44.563    7.58104     3.2045    24.8163   13.53698 3.7912e-02 0.0000e+00
        678 101.519135    0.04701     2.8208    169.250     45.197  50871.624    31.1753     3.2064     44.770    7.58086     3.2049    24.8162   13.53668 3.7912e-02 0.0000e+00
        679 101.519138    0.04708     2.8250    169.500     45.405  50870.990    31.1749     3.2071     44.975    7.58075     3.2050    24.8158   13.53650 3.7912e-02 0.0000e+00
        680 101.519141    0.04715     2.8292    169.750     45.608  50869.537    31.1739     3.2075     45.177    7.58072     3.2046    24.8150   13.53647 3.7912e-02 0.0000e+00
        681 101.519144    0.04722     2.8333    170.000     45.807  50867.811    31.1727     3.2075     45.373    7.58078     3.2039    24.8140   13.53657 3.7912e-02 0.0000e+00
        682 101.519146    0.04729     2.8375    170.250     46.002  50866.446    31.1716     3.2072     45.567    7.58090     3.2031    24.8131   13.53679 3.7912e-02 0.0000e+00
        683 101.519149    0.04736     2.8417    170.500     46.195  50865.377    31.1706     3.2065     45.758    7.58108     3.2020    24.8123   13.53710 3.7912e-02 0.0000e+00
        684 101.519152    0.04743     2.8458    170.750     46.389  50864.034    31.1694     3.2056     45.950    7.58130     3.2007    24.8114   13.53748 3.7912e-02 0.0000e+00
        685 101.519155    0.04750     2.8500    171.000     46.587  50862.223    31.1678     3.2046     46.145    7.58158     3.1991    24.8103   13.53797 3.7912e-02 0.0000e+00
        686 101.519158    0.04757     2.8542    171.250     46.789  50860.765    31.1664     3.2033     46.346    7.58190     3.1977    24.8092   13.53852 3.7912e-02 0.0000e+00
        687 101.519161    0.04764     2.8583    171.500     46.998  50860.557    31.1657     3.2018     46.553    7.58222     3.1965    24.8089   13.53905 3.7912e-02 0.0000e+00
        688 101.519164    0.04771     2.8625    171.750     47.210  50861.309    31.1657     3.2003     46.763    7.58249     3.1956    24.8090   13.53950 3.7912e-02 0.0000e+00
        689 101.519167    0.04778     2.8667    172.000     47.425  50862.459    31.1661     3.1991     46.977    7.58270     3.1951    24.8094   13.53984 3.7912e-02 0.0000e+00
        690 101.519170    0.04785     2.8708    172.250     47.641  50863.836    31.1667     3.1982     47.191    7.58283     3.1949    24.8099   13.54004 3.7912e-02 0.0000e+00
        691 101.519172    0.04792     2.8750    172.500     47.856  50865.367    31.1675     3.1977     47.403    7.58288     3.1949    24.8106   13.54012 3.7912e-02 0.0000e+00
        692 101.519175    0.04799     2.8792    172.750     48.069  50866.444    31.1681     3.1975     47.614    7.58289     3.1949    24.8111   13.54012 3.7912e-02 0.0000e+00
        693 101.519178    0.04806     2.8833    173.000     48.279  50866.519    31.1680     3.1975     47.822    7.58289     3.1947    24.8110   13.54013 3.7912e-02 0.0000e+00
        694 101.519181    0.04813     2.8875    173.250     48.488  50865.948    31.1675     3.1976     48.029    7.58292     3.1944    24.8107   13.54017 3.7912e-02 0.0000e+00
        695 101.519184    0.04819     2.8917    173.500     48.694  50865.453    31.1670     3.1974     48.233    7.58296     3.1941    24.8103   13.54026 3.7912e-02 0.0000e+00
        696 101.519187    0.04826     2.8958    173.750     48.899  50865.345    31.1668     3.1972     48.436    7.58303     3.1937    24.8101   13.54037 3.7912e-02 0.0000e+00
        697 101.519190    0.04833     2.9000    174.000     49.104  50865.159    31.1665     3.1968     48.639    7.58310     3.1933    24.8099   13.54050 3.7912e-02 0.0000e+00
        698 101.519193    0.04840     2.9042    174.250     49.309  50864.665    31.1660     3.1965     48.842    7.58319     3.1929    24.8095   13.54066 3.7912e-02 0.0000e+00
        699 101.519196    0.04847     2.9083    174.500     49.513  50864.286    31.1655     3.1961     49.044    7.58329     3.1924    24.8092   13.54083 3.7912e-02 0.0000e+00
        700 101.519198    0.04854     2.9125    174.750     49.714  50863.908    31.1650     3.1957     49.244    7.58340     3.1917    24.8089   13.54101 3.7912e-02 0.0000e+00
        701 101.519201    0.04861     2.9167    175.000     49.915  50862.892    31.1641     3.1952     49.442    7.58354     3.1908    24.8082   13.54125 3.7912e-02 0.0000e+00
        702 101.519204    0.04868     2.9208    175.250     50.114  50860.913    31.1625     3.1946     49.639    7.58375     3.1894    24.8070   13.54161 3.7912e-02 0.0000e+00
        703 101.519207    0.04875     2.9250    175.500     50.310  50858.456    31.1605     3.1936     49.833    7.58403     3.1879    24.8055   13.54211 3.7912e-02 0.0000e+00
        704 101.519210    0.04882     2.9292    175.750     50.504  50857.057    31.1591     3.1922     50.026    7.58435     3.1865    24.8045   13.54266 3.7912e-02 0.0000e+00
        705 101.519213    0.04889     2.9333    176.000     50.697  50857.685    31.1590     3.1907     50.217    7.58464     3.1855    24.8045   13.54314 3.7912e-02 0.0000e+00
        706 101.519216    0.04896     2.9375    176.250     50.888  50858.787    31.1593     3.1893     50.406    7.58488     3.1845    24.8049   13.54353 3.7912e-02 0.0000e+00
        707 101.519219    0.04903     2.9417    176.500     51.079  50858.648    31.1589     3.1883     50.595    7.58509     3.1835    24.8046   13.54389 3.7912e-02 0.0000e+00
        708 101.519222    0.04910     2.9458    176.750     51.270  50857.821    31.1580     3.1874     50.784    7.58532     3.1825    24.8040   13.54427 3.7912e-02 0.0000e+00
        709 101.519225    0.04917     2.9500    177.000     51.463  50857.707    31.1576     3.1864     50.975    7.58553     3.1819    24.8037   13.54463 3.7912e-02 0.0000e+00
        710 101.519227    0.04924     2.9542    177.250     51.659  50859.752    31.1586     3.1854     51.169    7.58567     3.1822    24.8046   13.54484 3.7912e-02 0.0000e+00
        711 101.519230    0.04931     2.9583    177.500     51.859  50864.564    31.1616     3.1848     51.368    7.58562     3.1839    24.8071   13.54472 3.7912e-02 0.0000e+00
        712 101.519233    0.04938     2.9625    177.750     52.065  50872.986    31.1672     3.1851     51.572    7.58527     3.1874    24.8116   13.54408 3.7912e-02 0.0000e+00
        713 101.519236    0.04944     2.9667    178.000     52.276  50884.335    31.1752     3.1868     51.780    7.58455     3.1922    24.8178   13.54277 3.7912e-02 0.0000e+00
        714 101.519239    0.04951     2.9708    178.250     52.490  50892.492    31.1815     3.1903     51.992    7.58356     3.1970    24.8225   13.54106 3.7912e-02 0.0000e+00
        715 101.519242    0.04958     2.9750    178.500     52.705  50894.511    31.1840     3.1951     52.206    7.58253     3.2018    24.8241   13.53932 3.7912e-02 0.0000e+00
        716 101.519245    0.04965     2.9792    178.750     52.921  50897.242    31.1870     3.2000     52.420    7.58146     3.2076    24.8260   13.53752 3.7912e-02 0.0000e+00
        717 101.519248    0.04972     2.9833    179.000     53.137  50906.682    31.1945     3.2048     52.633    7.58017     3.2152    24.8316   13.53529 3.7912e-02 0.0000e+00
        718 101.519251    0.04979     2.9875    179.250     53.353  50919.286    31.2044     3.2106     52.847    7.57856     3.2238    24.8390   13.53250 3.7912e-02 0.0000e+00
        719 101.519253    0.04986     2.9917    179.500     53.571  50928.282    31.2123     3.2182     53.063    7.57673     3.2328    24.8447   13.52938 3.7912e-02 0.0000e+00
        720 101.519256    0.04993     2.9958    179.750     53.792  50934.850    31.2188     3.2268     53.282    7.57478     3.2422    24.8492   13.52608 3.7912e-02 0.0000e+00
        721 101.519259    0.05000     3.0000    180.000     54.018  50942.808    31.2264     3.2358     53.506    7.57270     3.2518    24.8544   13.52255 3.7912e-02 0.0000e+00
        722 101.519262    0.05007     3.0042    180.250     54.248  50948.503    31.2325     3.2453     53.733    7.57061     3.2607    24.8585   13.51901 3.7912e-02 0.0000e+00
        723 101.519265    0.05014     3.0083    180.500     54.481  50949.971    31.2359     3.2549     53.964    7.56864     3.2686    24.8603   13.51571 3.7912e-02 0.0000e+00
