CTD-processing/allCTD/CNV--turbid/2014_04-07_t7_s06_cast271.cnv
* Sea-Bird SBE19plus Data File:
* FileName = C:\Users\kris.holderied\Documents\kasitsna\Research-Projects-and-Data\Oceanography-AK\CTD-CookInlet-GulfWatchAK\2014-04-EVOSTC-CookInlet-Ocean\2014-04-07-CookInlet-Tran7-Augustine\2014-04-07-CookInlet-Tran7-cast271.hex
* Software Version 1.59
* Temperature SN =  5028
* Conductivity SN =  5028
* System UpLoad Time = Apr 09 2014 11:57:42
** Cook Inlet LTM Transect 7 (Augustine) west to east
** Date: 7 Apr 2014
** Station: 7-06
** Start time: 04:44
** Depth (m): 55
** Comment:  CTD instrument time is AK Daylight time
** Comment:
# nquan = 16
# nvalues = 517                         
# units = specified
# name 0 = scan: Scan Count
# name 1 = timeJ: Julian Days
# name 2 = timeH: Time, Elapsed [hours]
# name 3 = timeM: Time, Elapsed [minutes]
# name 4 = timeS: Time, Elapsed [seconds]
# name 5 = prdM: Pressure, Strain Gauge [db]
# name 6 = specc: Specific Conductance [uS/cm]
# name 7 = sal00: Salinity, Practical [PSU]
# name 8 = tv290C: Temperature [ITS-90, deg C]
# name 9 = depSM: Depth [salt water, m], lat = 59.00
# name 10 = oxsolML/L: Oxygen Saturation, Garcia & Gordon [ml/l]
# name 11 = potemp090C: Potential Temperature [ITS-90, deg C]
# name 12 = sigma-é00: Density [sigma-theta, kg/m^3]
# name 13 = n2satML/L: Nitrogen Saturation [ml/l]
# name 14 = par: PAR/Irradiance, Biospherical/Licor
# name 15 = flag:  0.000e+00
# span 0 =          1,        517       
# span 1 =  97.197292,  97.198785       
# span 2 =    0.00000,    0.03583       
# span 3 =     0.0000,     2.1500       
# span 4 =      0.000,    129.000       
# span 5 =     -0.217,     55.490       
# span 6 =   1725.184,  51491.786       
# span 7 =     0.8367,    31.8838       
# span 8 =     3.1698,     4.4042       
# span 9 =     -0.215,     54.964       
# span 10 =    7.32657,    9.32326      
# span 11 =     3.1698,     4.4005      
# span 12 =     0.6454,    25.2684      
# span 13 =   13.10771,   16.89063      
# span 14 = 3.7912e-02, 1.5554e+00      
# span 15 = 0.0000e+00, 0.0000e+00      
# interval = seconds: 0.25
# start_time = Apr 07 2014 04:44:06 [Instrument's time stamp, header]
# bad_flag = -9.990e-29
*END*
[from data line 362]
        363  97.198339    0.02514     1.5083     90.500     21.014  51416.052    31.8122     4.2454     20.817    7.35837     4.2630    25.2272   13.16113 3.7912e-02 0.0000e+00
        364  97.198342    0.02521     1.5125     90.750     21.270  51427.891    31.8222     4.2541     21.070    7.35633     4.2736    25.2343   13.15762 3.7912e-02 0.0000e+00
        365  97.198345    0.02528     1.5167     91.000     21.519  51433.653    31.8284     4.2644     21.317    7.35417     4.2832    25.2382   13.15398 3.7912e-02 0.0000e+00
        366  97.198348    0.02535     1.5208     91.250     21.757  51433.955    31.8310     4.2751     21.552    7.35215     4.2911    25.2392   13.15060 3.7912e-02 0.0000e+00
        367  97.198351    0.02542     1.5250     91.500     21.983  51431.620    31.8316     4.2846     21.776    7.35041     4.2973    25.2387   13.14773 3.7912e-02 0.0000e+00
        368  97.198354    0.02549     1.5292     91.750     22.198  51428.361    31.8311     4.2926     21.989    7.34902     4.3019    25.2375   13.14544 3.7912e-02 0.0000e+00
        369  97.198356    0.02556     1.5333     92.000     22.403  51425.418    31.8304     4.2988     22.192    7.34795     4.3053    25.2364   13.14368 3.7912e-02 0.0000e+00
        370  97.198359    0.02562     1.5375     92.250     22.604  51423.508    31.8301     4.3034     22.391    7.34714     4.3078    25.2356   13.14236 3.7912e-02 0.0000e+00
        371  97.198362    0.02569     1.5417     92.500     22.804  51422.735    31.8302     4.3068     22.590    7.34653     4.3098    25.2354   13.14135 3.7912e-02 0.0000e+00
        372  97.198365    0.02576     1.5458     92.750     23.009  51422.939    31.8308     4.3093     22.793    7.34605     4.3114    25.2357   13.14054 3.7912e-02 0.0000e+00
        373  97.198368    0.02583     1.5500     93.000     23.222  51423.631    31.8317     4.3113     23.004    7.34565     4.3128    25.2362   13.13987 3.7912e-02 0.0000e+00
        374  97.198371    0.02590     1.5542     93.250     23.446  51424.101    31.8323     4.3130     23.225    7.34532     4.3139    25.2365   13.13932 3.7912e-02 0.0000e+00
        375  97.198374    0.02597     1.5583     93.500     23.679  51424.093    31.8325     4.3144     23.456    7.34506     4.3147    25.2365   13.13889 3.7912e-02 0.0000e+00
        376  97.198377    0.02604     1.5625     93.750     23.922  51423.848    31.8325     4.3155     23.697    7.34486     4.3153    25.2364   13.13856 3.7912e-02 0.0000e+00
        377  97.198380    0.02611     1.5667     94.000     24.170  51423.620    31.8324     4.3163     23.942    7.34471     4.3158    25.2362   13.13832 3.7912e-02 0.0000e+00
        378  97.198383    0.02618     1.5708     94.250     24.420  51423.519    31.8323     4.3170     24.190    7.34460     4.3162    25.2361   13.13814 3.7912e-02 0.0000e+00
        379  97.198385    0.02625     1.5750     94.500     24.669  51423.533    31.8323     4.3174     24.437    7.34452     4.3164    25.2361   13.13800 3.7912e-02 0.0000e+00
        380  97.198388    0.02632     1.5792     94.750     24.915  51423.655    31.8324     4.3178     24.681    7.34446     4.3166    25.2361   13.13790 3.7912e-02 0.0000e+00
        381  97.198391    0.02639     1.5833     95.000     25.157  51423.893    31.8325     4.3181     24.921    7.34441     4.3168    25.2361   13.13781 3.7912e-02 0.0000e+00
        382  97.198394    0.02646     1.5875     95.250     25.395  51424.231    31.8326     4.3183     25.156    7.34436     4.3170    25.2362   13.13774 3.7912e-02 0.0000e+00
        383  97.198397    0.02653     1.5917     95.500     25.630  51424.685    31.8329     4.3185     25.389    7.34431     4.3173    25.2364   13.13766 3.7912e-02 0.0000e+00
        384  97.198400    0.02660     1.5958     95.750     25.864  51425.334    31.8332     4.3187     25.621    7.34425     4.3177    25.2367   13.13756 3.7912e-02 0.0000e+00
        385  97.198403    0.02667     1.6000     96.000     26.098  51426.180    31.8338     4.3190     25.853    7.34417     4.3182    25.2371   13.13742 3.7912e-02 0.0000e+00
        386  97.198406    0.02674     1.6042     96.250     26.334  51427.120    31.8344     4.3194     26.087    7.34407     4.3188    25.2375   13.13723 3.7912e-02 0.0000e+00
        387  97.198409    0.02681     1.6083     96.500     26.572  51428.032    31.8350     4.3200     26.323    7.34394     4.3195    25.2380   13.13701 3.7912e-02 0.0000e+00
        388  97.198411    0.02688     1.6125     96.750     26.811  51428.842    31.8356     4.3206     26.559    7.34380     4.3202    25.2384   13.13677 3.7912e-02 0.0000e+00
        389  97.198414    0.02694     1.6167     97.000     27.047  51429.649    31.8362     4.3213     26.793    7.34365     4.3211    25.2388   13.13651 3.7912e-02 0.0000e+00
        390  97.198417    0.02701     1.6208     97.250     27.278  51430.502    31.8369     4.3220     27.022    7.34348     4.3220    25.2392   13.13622 3.7912e-02 0.0000e+00
        391  97.198420    0.02708     1.6250     97.500     27.502  51431.267    31.8375     4.3229     27.244    7.34329     4.3230    25.2396   13.13591 3.7912e-02 0.0000e+00
        392  97.198423    0.02715     1.6292     97.750     27.718  51431.929    31.8381     4.3238     27.457    7.34310     4.3240    25.2400   13.13559 3.7912e-02 0.0000e+00
        393  97.198426    0.02722     1.6333     98.000     27.925  51432.605    31.8386     4.3248     27.662    7.34290     4.3251    25.2403   13.13524 3.7912e-02 0.0000e+00
        394  97.198429    0.02729     1.6375     98.250     28.124  51433.350    31.8393     4.3258     27.859    7.34268     4.3262    25.2407   13.13488 3.7912e-02 0.0000e+00
        395  97.198432    0.02736     1.6417     98.500     28.318  51434.180    31.8400     4.3269     28.052    7.34245     4.3275    25.2412   13.13449 3.7912e-02 0.0000e+00
        396  97.198435    0.02743     1.6458     98.750     28.511  51435.050    31.8408     4.3281     28.243    7.34220     4.3288    25.2417   13.13407 3.7912e-02 0.0000e+00
        397  97.198437    0.02750     1.6500     99.000     28.706  51435.785    31.8415     4.3294     28.437    7.34194     4.3301    25.2421   13.13363 3.7912e-02 0.0000e+00
        398  97.198440    0.02757     1.6542     99.250     28.908  51436.324    31.8421     4.3307     28.636    7.34168     4.3315    25.2425   13.13319 3.7912e-02 0.0000e+00
        399  97.198443    0.02764     1.6583     99.500     29.119  51436.843    31.8426     4.3321     28.845    7.34141     4.3329    25.2428   13.13273 3.7912e-02 0.0000e+00
        400  97.198446    0.02771     1.6625     99.750     29.339  51437.458    31.8433     4.3335     29.063    7.34113     4.3344    25.2431   13.13226 3.7912e-02 0.0000e+00
        401  97.198449    0.02778     1.6667    100.000     29.570  51438.133    31.8439     4.3349     29.292    7.34084     4.3359    25.2435   13.13178 3.7912e-02 0.0000e+00
        402  97.198452    0.02785     1.6708    100.250     29.811  51438.781    31.8446     4.3364     29.530    7.34055     4.3374    25.2439   13.13128 3.7912e-02 0.0000e+00
        403  97.198455    0.02792     1.6750    100.500     30.060  51439.262    31.8452     4.3379     29.777    7.34025     4.3389    25.2442   13.13078 3.7912e-02 0.0000e+00
        404  97.198458    0.02799     1.6792    100.750     30.315  51439.519    31.8456     4.3394     30.030    7.33996     4.3402    25.2444   13.13030 3.7912e-02 0.0000e+00
        405  97.198461    0.02806     1.6833    101.000     30.576  51439.569    31.8458     4.3409     30.288    7.33968     4.3415    25.2445   13.12984 3.7912e-02 0.0000e+00
        406  97.198464    0.02813     1.6875    101.250     30.840  51439.639    31.8460     4.3423     30.550    7.33942     4.3428    25.2445   13.12941 3.7912e-02 0.0000e+00
        407  97.198466    0.02819     1.6917    101.500     31.107  51440.140    31.8466     4.3436     30.814    7.33917     4.3442    25.2448   13.12899 3.7912e-02 0.0000e+00
        408  97.198469    0.02826     1.6958    101.750     31.374  51441.244    31.8475     4.3449     31.079    7.33889     4.3458    25.2454   13.12852 3.7912e-02 0.0000e+00
        409  97.198472    0.02833     1.7000    102.000     31.640  51442.558    31.8486     4.3463     31.342    7.33858     4.3474    25.2461   13.12800 3.7912e-02 0.0000e+00
        410  97.198475    0.02840     1.7042    102.250     31.903  51443.374    31.8494     4.3479     31.603    7.33826     4.3489    25.2466   13.12745 3.7912e-02 0.0000e+00
        411  97.198478    0.02847     1.7083    102.500     32.161  51443.602    31.8498     4.3495     31.858    7.33795     4.3503    25.2467   13.12693 3.7912e-02 0.0000e+00
        412  97.198481    0.02854     1.7125    102.750     32.411  51443.641    31.8501     4.3511     32.106    7.33766     4.3516    25.2468   13.12645 3.7912e-02 0.0000e+00
        413  97.198484    0.02861     1.7167    103.000     32.651  51443.622    31.8503     4.3525     32.343    7.33739     4.3528    25.2468   13.12601 3.7912e-02 0.0000e+00
        414  97.198487    0.02868     1.7208    103.250     32.878  51443.642    31.8505     4.3538     32.568    7.33715     4.3538    25.2469   13.12561 3.7912e-02 0.0000e+00
        415  97.198490    0.02875     1.7250    103.500     33.091  51444.011    31.8509     4.3550     32.779    7.33693     4.3549    25.2471   13.12523 3.7912e-02 0.0000e+00
        416  97.198492    0.02882     1.7292    103.750     33.291  51444.754    31.8515     4.3561     32.977    7.33671     4.3560    25.2475   13.12486 3.7912e-02 0.0000e+00
        417  97.198495    0.02889     1.7333    104.000     33.479  51445.405    31.8521     4.3572     33.164    7.33648     4.3570    25.2479   13.12448 3.7912e-02 0.0000e+00
        418  97.198498    0.02896     1.7375    104.250     33.660  51445.635    31.8524     4.3583     33.343    7.33627     4.3578    25.2480   13.12413 3.7912e-02 0.0000e+00
        419  97.198501    0.02903     1.7417    104.500     33.839  51445.624    31.8526     4.3593     33.520    7.33609     4.3585    25.2480   13.12382 3.7912e-02 0.0000e+00
        420  97.198504    0.02910     1.7458    104.750     34.020  51445.641    31.8527     4.3601     33.700    7.33593     4.3591    25.2480   13.12356 3.7912e-02 0.0000e+00
        421  97.198507    0.02917     1.7500    105.000     34.211  51445.716    31.8528     4.3608     33.888    7.33580     4.3595    25.2480   13.12334 3.7912e-02 0.0000e+00
        422  97.198510    0.02924     1.7542    105.250     34.415  51445.783    31.8529     4.3614     34.091    7.33570     4.3598    25.2480   13.12317 3.7912e-02 0.0000e+00
        423  97.198513    0.02931     1.7583    105.500     34.636  51445.870    31.8529     4.3618     34.309    7.33562     4.3600    25.2480   13.12304 3.7912e-02 0.0000e+00
        424  97.198516    0.02937     1.7625    105.750     34.874  51446.065    31.8530     4.3622     34.545    7.33556     4.3602    25.2481   13.12294 3.7912e-02 0.0000e+00
        425  97.198519    0.02944     1.7667    106.000     35.128  51446.453    31.8532     4.3624     34.796    7.33550     4.3604    25.2482   13.12285 3.7912e-02 0.0000e+00
        426  97.198521    0.02951     1.7708    106.250     35.392  51447.106    31.8536     4.3626     35.058    7.33545     4.3606    25.2485   13.12275 3.7912e-02 0.0000e+00
        427  97.198524    0.02958     1.7750    106.500     35.663  51447.915    31.8540     4.3628     35.326    7.33540     4.3608    25.2488   13.12265 3.7912e-02 0.0000e+00
        428  97.198527    0.02965     1.7792    106.750     35.934  51448.660    31.8545     4.3630     35.595    7.33534     4.3611    25.2492   13.12255 3.7912e-02 0.0000e+00
        429  97.198530    0.02972     1.7833    107.000     36.201  51449.377    31.8549     4.3632     35.860    7.33527     4.3614    25.2495   13.12244 3.7912e-02 0.0000e+00
        430  97.198533    0.02979     1.7875    107.250     36.462  51450.284    31.8554     4.3635     36.118    7.33519     4.3618    25.2499   13.12230 3.7912e-02 0.0000e+00
        431  97.198536    0.02986     1.7917    107.500     36.716  51451.384    31.8561     4.3639     36.369    7.33510     4.3623    25.2504   13.12213 3.7912e-02 0.0000e+00
        432  97.198539    0.02993     1.7958    107.750     36.962  51452.456    31.8569     4.3643     36.613    7.33499     4.3628    25.2509   13.12194 3.7912e-02 0.0000e+00
        433  97.198542    0.03000     1.8000    108.000     37.201  51453.315    31.8575     4.3648     36.850    7.33487     4.3633    25.2513   13.12174 3.7912e-02 0.0000e+00
        434  97.198545    0.03007     1.8042    108.250     37.435  51453.982    31.8579     4.3653     37.081    7.33476     4.3637    25.2516   13.12155 3.7912e-02 0.0000e+00
        435  97.198547    0.03014     1.8083    108.500     37.665  51454.535    31.8583     4.3658     37.310    7.33465     4.3640    25.2519   13.12137 3.7912e-02 0.0000e+00
        436  97.198550    0.03021     1.8125    108.750     37.894  51454.933    31.8586     4.3662     37.537    7.33456     4.3643    25.2521   13.12122 3.7912e-02 0.0000e+00
        437  97.198553    0.03028     1.8167    109.000     38.121  51455.145    31.8587     4.3666     37.762    7.33449     4.3645    25.2521   13.12110 3.7912e-02 0.0000e+00
        438  97.198556    0.03035     1.8208    109.250     38.347  51455.242    31.8587     4.3669     37.985    7.33444     4.3647    25.2521   13.12102 3.7912e-02 0.0000e+00
        439  97.198559    0.03042     1.8250    109.500     38.571  51455.331    31.8587     4.3671     38.207    7.33440     4.3648    25.2521   13.12095 3.7912e-02 0.0000e+00
        440  97.198562    0.03049     1.8292    109.750     38.792  51455.473    31.8587     4.3672     38.425    7.33437     4.3648    25.2521   13.12091 3.7912e-02 0.0000e+00
        441  97.198565    0.03056     1.8333    110.000     39.009  51455.689    31.8588     4.3674     38.640    7.33434     4.3649    25.2521   13.12087 3.7912e-02 0.0000e+00
        442  97.198568    0.03062     1.8375    110.250     39.221  51455.970    31.8589     4.3675     38.851    7.33432     4.3650    25.2522   13.12082 3.7912e-02 0.0000e+00
        443  97.198571    0.03069     1.8417    110.500     39.431  51456.297    31.8590     4.3676     39.059    7.33430     4.3651    25.2523   13.12078 3.7912e-02 0.0000e+00
        444  97.198573    0.03076     1.8458    110.750     39.641  51456.656    31.8592     4.3677     39.267    7.33428     4.3651    25.2524   13.12075 3.7912e-02 0.0000e+00
        445  97.198576    0.03083     1.8500    111.000     39.854  51457.029    31.8594     4.3677     39.477    7.33426     4.3652    25.2525   13.12071 3.7912e-02 0.0000e+00
        446  97.198579    0.03090     1.8542    111.250     40.071  51457.394    31.8595     4.3678     39.693    7.33423     4.3653    25.2526   13.12066 3.7912e-02 0.0000e+00
        447  97.198582    0.03097     1.8583    111.500     40.296  51457.748    31.8597     4.3679     39.915    7.33421     4.3654    25.2527   13.12062 3.7912e-02 0.0000e+00
        448  97.198585    0.03104     1.8625    111.750     40.529  51458.112    31.8598     4.3680     40.146    7.33418     4.3655    25.2529   13.12057 3.7912e-02 0.0000e+00
        449  97.198588    0.03111     1.8667    112.000     40.771  51458.507    31.8600     4.3681     40.386    7.33415     4.3657    25.2530   13.12052 3.7912e-02 0.0000e+00
        450  97.198591    0.03118     1.8708    112.250     41.021  51458.938    31.8602     4.3683     40.634    7.33411     4.3658    25.2532   13.12046 3.7912e-02 0.0000e+00
        451  97.198594    0.03125     1.8750    112.500     41.277  51459.332    31.8604     4.3684     40.887    7.33408     4.3660    25.2533   13.12041 3.7912e-02 0.0000e+00
