CTD-processing/allCTD/CNV--turbid/2014_04-07_t7_s04_cast269.cnv
* Sea-Bird SBE19plus Data File:
* FileName = C:\Users\kris.holderied\Documents\kasitsna\Research-Projects-and-Data\Oceanography-AK\CTD-CookInlet-GulfWatchAK\2014-04-EVOSTC-CookInlet-Ocean\2014-04-07-CookInlet-Tran7-Augustine\2014-04-07-CookInlet-Tran7-cast269.hex
* Software Version 1.59
* Temperature SN =  5028
* Conductivity SN =  5028
* System UpLoad Time = Apr 09 2014 11:56:25
** Cook Inlet LTM Transect 7 (Augustine) west to east
** Date: 7 Apr 2014
** Station: 7-04
** Start time: 03:55
** Depth (m): 50
** Comment:  CTD instrument time is AK Daylight time
** Comment:
# nquan = 16
# nvalues = 451                         
# units = specified
# name 0 = scan: Scan Count
# name 1 = timeJ: Julian Days
# name 2 = timeH: Time, Elapsed [hours]
# name 3 = timeM: Time, Elapsed [minutes]
# name 4 = timeS: Time, Elapsed [seconds]
# name 5 = prdM: Pressure, Strain Gauge [db]
# name 6 = specc: Specific Conductance [uS/cm]
# name 7 = sal00: Salinity, Practical [PSU]
# name 8 = tv290C: Temperature [ITS-90, deg C]
# name 9 = depSM: Depth [salt water, m], lat = 59.00
# name 10 = oxsolML/L: Oxygen Saturation, Garcia & Gordon [ml/l]
# name 11 = potemp090C: Potential Temperature [ITS-90, deg C]
# name 12 = sigma-é00: Density [sigma-theta, kg/m^3]
# name 13 = n2satML/L: Nitrogen Saturation [ml/l]
# name 14 = par: PAR/Irradiance, Biospherical/Licor
# name 15 = flag:  0.000e+00
# span 0 =          1,        451       
# span 1 =  97.163113,  97.164416       
# span 2 =    0.00000,    0.03125       
# span 3 =     0.0000,     1.8750       
# span 4 =      0.000,    112.500       
# span 5 =     -0.202,     50.648       
# span 6 =    556.823,  51422.352       
# span 7 =     0.2567,    31.6499       
# span 8 =     3.0003,     3.8507       
# span 9 =     -0.201,     50.168       
# span 10 =    7.43849,    9.40226      
# span 11 =     3.0003,     3.8477      
# span 12 =     0.1752,    25.1579      
# span 13 =   13.29572,   17.03283      
# span 14 = 3.7912e-02, 1.0609e+00      
# span 15 = 0.0000e+00, 0.0000e+00      
# interval = seconds: 0.25
# start_time = Apr 07 2014 03:54:53 [Instrument's time stamp, header]
# bad_flag = -9.990e-29
*END*
[from data line 362]
        363  97.164161    0.02514     1.5083     90.500     20.778  51068.381    31.3071     3.1529     20.583    7.58410     3.1482    24.9256   13.54027 3.7912e-02 0.0000e+00
        364  97.164164    0.02521     1.5125     90.750     21.098  51070.683    31.3081     3.1511     20.900    7.58439     3.1467    24.9265   13.54075 3.7912e-02 0.0000e+00
        365  97.164167    0.02528     1.5167     91.000     21.415  51073.157    31.3091     3.1494     21.213    7.58466     3.1454    24.9275   13.54118 3.7912e-02 0.0000e+00
        366  97.164170    0.02535     1.5208     91.250     21.730  51075.431    31.3101     3.1479     21.526    7.58490     3.1442    24.9284   13.54156 3.7912e-02 0.0000e+00
        367  97.164172    0.02542     1.5250     91.500     22.047  51077.408    31.3110     3.1466     21.840    7.58510     3.1428    24.9292   13.54187 3.7912e-02 0.0000e+00
        368  97.164175    0.02549     1.5292     91.750     22.366  51079.178    31.3117     3.1454     22.156    7.58529     3.1411    24.9299   13.54218 3.7912e-02 0.0000e+00
        369  97.164178    0.02556     1.5333     92.000     22.688  51081.051    31.3125     3.1440     22.475    7.58550     3.1393    24.9306   13.54252 3.7912e-02 0.0000e+00
        370  97.164181    0.02562     1.5375     92.250     23.010  51083.346    31.3134     3.1424     22.793    7.58575     3.1376    24.9315   13.54292 3.7912e-02 0.0000e+00
        371  97.164184    0.02569     1.5417     92.500     23.329  51086.058    31.3146     3.1407     23.109    7.58603     3.1363    24.9326   13.54336 3.7912e-02 0.0000e+00
        372  97.164187    0.02576     1.5458     92.750     23.642  51088.858    31.3159     3.1390     23.419    7.58628     3.1353    24.9338   13.54375 3.7912e-02 0.0000e+00
        373  97.164190    0.02583     1.5500     93.000     23.947  51091.308    31.3170     3.1376     23.721    7.58648     3.1346    24.9348   13.54407 3.7912e-02 0.0000e+00
        374  97.164193    0.02590     1.5542     93.250     24.244  51093.115    31.3178     3.1366     24.015    7.58662     3.1341    24.9355   13.54429 3.7912e-02 0.0000e+00
        375  97.164196    0.02597     1.5583     93.500     24.535  51094.321    31.3183     3.1360     24.304    7.58672     3.1338    24.9360   13.54444 3.7912e-02 0.0000e+00
        376  97.164198    0.02604     1.5625     93.750     24.824  51095.193    31.3187     3.1355     24.590    7.58679     3.1335    24.9363   13.54455 3.7912e-02 0.0000e+00
        377  97.164201    0.02611     1.5667     94.000     25.116  51095.896    31.3189     3.1352     24.880    7.58684     3.1333    24.9365   13.54463 3.7912e-02 0.0000e+00
        378  97.164204    0.02618     1.5708     94.250     25.416  51096.427    31.3191     3.1349     25.177    7.58688     3.1330    24.9367   13.54470 3.7912e-02 0.0000e+00
        379  97.164207    0.02625     1.5750     94.500     25.728  51096.747    31.3191     3.1347     25.486    7.58692     3.1328    24.9367   13.54477 3.7912e-02 0.0000e+00
        380  97.164210    0.02632     1.5792     94.750     26.054  51096.907    31.3190     3.1345     25.809    7.58696     3.1324    24.9366   13.54484 3.7912e-02 0.0000e+00
        381  97.164213    0.02639     1.5833     95.000     26.395  51097.078    31.3189     3.1342     26.146    7.58702     3.1318    24.9365   13.54493 3.7912e-02 0.0000e+00
        382  97.164216    0.02646     1.5875     95.250     26.750  51097.384    31.3188     3.1339     26.498    7.58709     3.1312    24.9365   13.54506 3.7912e-02 0.0000e+00
        383  97.164219    0.02653     1.5917     95.500     27.117  51097.895    31.3188     3.1334     26.861    7.58719     3.1305    24.9366   13.54521 3.7912e-02 0.0000e+00
        384  97.164222    0.02660     1.5958     95.750     27.489  51098.716    31.3190     3.1327     27.230    7.58729     3.1299    24.9368   13.54539 3.7912e-02 0.0000e+00
        385  97.164225    0.02667     1.6000     96.000     27.864  51099.842    31.3194     3.1320     27.602    7.58740     3.1293    24.9372   13.54556 3.7912e-02 0.0000e+00
        386  97.164227    0.02674     1.6042     96.250     28.240  51101.110    31.3199     3.1314     27.974    7.58749     3.1289    24.9376   13.54571 3.7912e-02 0.0000e+00
        387  97.164230    0.02681     1.6083     96.500     28.613  51102.362    31.3204     3.1309     28.344    7.58756     3.1286    24.9381   13.54582 3.7912e-02 0.0000e+00
        388  97.164233    0.02688     1.6125     96.750     28.984  51103.540    31.3209     3.1305     28.711    7.58761     3.1284    24.9385   13.54590 3.7912e-02 0.0000e+00
        389  97.164236    0.02694     1.6167     97.000     29.353  51104.653    31.3214     3.1302     29.076    7.58764     3.1284    24.9389   13.54593 3.7912e-02 0.0000e+00
        390  97.164239    0.02701     1.6208     97.250     29.719  51105.753    31.3219     3.1301     29.438    7.58763     3.1286    24.9394   13.54591 3.7912e-02 0.0000e+00
        391  97.164242    0.02708     1.6250     97.500     30.082  51106.971    31.3225     3.1301     29.798    7.58759     3.1290    24.9399   13.54584 3.7912e-02 0.0000e+00
        392  97.164245    0.02715     1.6292     97.750     30.442  51108.457    31.3234     3.1303     30.155    7.58752     3.1297    24.9405   13.54570 3.7912e-02 0.0000e+00
        393  97.164248    0.02722     1.6333     98.000     30.799  51110.344    31.3246     3.1307     30.508    7.58738     3.1308    24.9415   13.54546 3.7912e-02 0.0000e+00
        394  97.164251    0.02729     1.6375     98.250     31.151  51112.650    31.3262     3.1314     30.857    7.58717     3.1324    24.9427   13.54509 3.7912e-02 0.0000e+00
        395  97.164253    0.02736     1.6417     98.500     31.498  51115.263    31.3281     3.1325     31.201    7.58686     3.1346    24.9441   13.54456 3.7912e-02 0.0000e+00
        396  97.164256    0.02743     1.6458     98.750     31.840  51118.404    31.3304     3.1341     31.540    7.58644     3.1378    24.9458   13.54383 3.7912e-02 0.0000e+00
        397  97.164259    0.02750     1.6500     99.000     32.177  51122.895    31.3339     3.1364     31.873    7.58584     3.1426    24.9484   13.54279 3.7912e-02 0.0000e+00
        398  97.164262    0.02757     1.6542     99.250     32.512  51130.121    31.3394     3.1396     32.205    7.58495     3.1499    24.9525   13.54125 3.7912e-02 0.0000e+00
        399  97.164265    0.02764     1.6583     99.500     32.849  51140.861    31.3478     3.1444     32.539    7.58361     3.1604    24.9588   13.53892 3.7912e-02 0.0000e+00
        400  97.164268    0.02771     1.6625     99.750     33.192  51153.464    31.3580     3.1518     32.879    7.58170     3.1740    24.9663   13.53563 3.7912e-02 0.0000e+00
        401  97.164271    0.02778     1.6667    100.000     33.542  51165.294    31.3685     3.1623     33.226    7.57919     3.1905    24.9738   13.53135 3.7912e-02 0.0000e+00
        402  97.164274    0.02785     1.6708    100.250     33.901  51175.938    31.3791     3.1759     33.581    7.57609     3.2100    24.9810   13.52611 3.7912e-02 0.0000e+00
        403  97.164277    0.02792     1.6750    100.500     34.267  51186.729    31.3904     3.1924     33.944    7.57240     3.2318    24.9887   13.51987 3.7912e-02 0.0000e+00
        404  97.164280    0.02799     1.6792    100.750     34.638  51194.714    31.4007     3.2120     34.311    7.56822     3.2537    24.9952   13.51283 3.7912e-02 0.0000e+00
        405  97.164282    0.02806     1.6833    101.000     35.011  51193.491    31.4052     3.2338     34.680    7.56389     3.2734    24.9970   13.50563 3.7912e-02 0.0000e+00
        406  97.164285    0.02813     1.6875    101.250     35.384  51183.743    31.4041     3.2558     35.050    7.55984     3.2899    24.9942   13.49896 3.7912e-02 0.0000e+00
        407  97.164288    0.02819     1.6917    101.500     35.758  51172.150    31.4011     3.2755     35.421    7.55631     3.3035    24.9901   13.49318 3.7912e-02 0.0000e+00
        408  97.164291    0.02826     1.6958    101.750     36.133  51162.218    31.3984     3.2920     35.793    7.55336     3.3145    24.9865   13.48834 3.7912e-02 0.0000e+00
        409  97.164294    0.02833     1.7000    102.000     36.509  51154.213    31.3962     3.3055     36.165    7.55094     3.3236    24.9836   13.48438 3.7912e-02 0.0000e+00
        410  97.164297    0.02840     1.7042    102.250     36.886  51148.781    31.3951     3.3166     36.538    7.54893     3.3317    24.9818   13.48108 3.7912e-02 0.0000e+00
        411  97.164300    0.02847     1.7083    102.500     37.264  51146.871    31.3960     3.3257     36.913    7.54718     3.3398    24.9817   13.47818 3.7912e-02 0.0000e+00
        412  97.164303    0.02854     1.7125    102.750     37.643  51148.692    31.3991     3.3339     37.288    7.54550     3.3487    24.9834   13.47537 3.7912e-02 0.0000e+00
        413  97.164306    0.02861     1.7167    103.000     38.021  51154.550    31.4049     3.3420     37.662    7.54370     3.3599    24.9874   13.47233 3.7912e-02 0.0000e+00
        414  97.164308    0.02868     1.7208    103.250     38.395  51166.312    31.4150     3.3509     38.033    7.54152     3.3754    24.9946   13.46859 3.7912e-02 0.0000e+00
        415  97.164311    0.02875     1.7250    103.500     38.766  51187.299    31.4319     3.3622     38.400    7.53857     3.3980    25.0071   13.46350 3.7912e-02 0.0000e+00
        416  97.164314    0.02882     1.7292    103.750     39.133  51220.996    31.4585     3.3777     38.764    7.53433     3.4303    25.0269   13.45616 3.7912e-02 0.0000e+00
        417  97.164317    0.02889     1.7333    104.000     39.499  51267.879    31.4958     3.4003     39.127    7.52824     3.4735    25.0546   13.44561 3.7912e-02 0.0000e+00
        418  97.164320    0.02896     1.7375    104.250     39.866  51323.141    31.5412     3.4327     39.489    7.51993     3.5261    25.0879   13.43130 3.7912e-02 0.0000e+00
        419  97.164323    0.02903     1.7417    104.500     40.232  51376.690    31.5882     3.4759     39.852    7.50953     3.5833    25.1215   13.41353 3.7912e-02 0.0000e+00
        420  97.164326    0.02910     1.7458    104.750     40.600  51413.394    31.6262     3.5286     40.216    7.49788     3.6381    25.1470   13.39380 3.7912e-02 0.0000e+00
        421  97.164329    0.02917     1.7500    105.000     40.968  51422.352    31.6464     3.5858     40.581    7.48631     3.6849    25.1579   13.37444 3.7912e-02 0.0000e+00
        422  97.164332    0.02924     1.7542    105.250     41.336  51407.734    31.6499     3.6406     40.946    7.47604     3.7216    25.1558   13.35745 3.7912e-02 0.0000e+00
        423  97.164334    0.02931     1.7583    105.500     41.702  51382.512    31.6442     3.6875     41.308    7.46773     3.7487    25.1470   13.34381 3.7912e-02 0.0000e+00
        424  97.164337    0.02937     1.7625    105.750     42.064  51356.855    31.6356     3.7242     41.667    7.46143     3.7683    25.1368   13.33352 3.7912e-02 0.0000e+00
        425  97.164340    0.02944     1.7667    106.000     42.422  51336.969    31.6286     3.7513     42.021    7.45681     3.7830    25.1288   13.32599 3.7912e-02 0.0000e+00
        426  97.164343    0.02951     1.7708    106.250     42.775  51326.482    31.6262     3.7709     42.371    7.45335     3.7953    25.1250   13.32031 3.7912e-02 0.0000e+00
        427  97.164346    0.02958     1.7750    106.500     43.125  51325.342    31.6288     3.7857     42.718    7.45051     3.8064    25.1258   13.31560 3.7912e-02 0.0000e+00
        428  97.164349    0.02965     1.7792    106.750     43.473  51327.870    31.6334     3.7980     43.062    7.44803     3.8160    25.1283   13.31144 3.7912e-02 0.0000e+00
        429  97.164352    0.02972     1.7833    107.000     43.820  51326.891    31.6353     3.8091     43.406    7.44591     3.8235    25.1287   13.30791 3.7912e-02 0.0000e+00
        430  97.164355    0.02979     1.7875    107.250     44.171  51322.055    31.6341     3.8187     43.753    7.44422     3.8289    25.1270   13.30514 3.7912e-02 0.0000e+00
        431  97.164358    0.02986     1.7917    107.500     44.526  51316.724    31.6322     3.8262     44.105    7.44295     3.8327    25.1247   13.30307 3.7912e-02 0.0000e+00
        432  97.164361    0.02993     1.7958    107.750     44.887  51312.549    31.6305     3.8316     44.463    7.44204     3.8355    25.1229   13.30158 3.7912e-02 0.0000e+00
        433  97.164363    0.03000     1.8000    108.000     45.255  51310.432    31.6298     3.8355     44.828    7.44137     3.8379    25.1220   13.30049 3.7912e-02 0.0000e+00
        434  97.164366    0.03007     1.8042    108.250     45.629  51310.764    31.6305     3.8383     45.198    7.44082     3.8402    25.1223   13.29958 3.7912e-02 0.0000e+00
        435  97.164369    0.03014     1.8083    108.500     46.004  51312.606    31.6322     3.8407     45.569    7.44031     3.8424    25.1234   13.29871 3.7912e-02 0.0000e+00
        436  97.164372    0.03021     1.8125    108.750     46.377  51314.121    31.6336     3.8430     45.939    7.43981     3.8444    25.1243   13.29787 3.7912e-02 0.0000e+00
        437  97.164375    0.03028     1.8167    109.000     46.742  51314.303    31.6341     3.8453     46.300    7.43937     3.8458    25.1244   13.29714 3.7912e-02 0.0000e+00
        438  97.164378    0.03035     1.8208    109.250     47.096  51313.530    31.6338     3.8473     46.650    7.43902     3.8468    25.1241   13.29656 3.7912e-02 0.0000e+00
        439  97.164381    0.03042     1.8250    109.500     47.436  51312.478    31.6333     3.8487     46.988    7.43878     3.8474    25.1235   13.29616 3.7912e-02 0.0000e+00
        440  97.164384    0.03049     1.8292    109.750     47.765  51311.540    31.6328     3.8497     47.313    7.43863     3.8476    25.1230   13.29592 3.7912e-02 0.0000e+00
        441  97.164387    0.03056     1.8333    110.000     48.084  51310.948    31.6324     3.8503     47.629    7.43854     3.8477    25.1226   13.29579 3.7912e-02 0.0000e+00
        442  97.164389    0.03062     1.8375    110.250     48.398  51310.735    31.6321     3.8506     47.940    7.43851     3.8476    25.1224   13.29573 3.7912e-02 0.0000e+00
        443  97.164392    0.03069     1.8417    110.500     48.712  51310.809    31.6321     3.8507     48.250    7.43849     3.8476    25.1223   13.29572 3.7912e-02 0.0000e+00
        444  97.164395    0.03076     1.8458    110.750     49.027  51311.008    31.6320     3.8507     48.563    7.43850     3.8475    25.1223   13.29572 3.7912e-02 0.0000e+00
        445  97.164398    0.03083     1.8500    111.000     49.344  51311.245    31.6320     3.8506     48.877    7.43851     3.8473    25.1223   13.29574 3.7912e-02 0.0000e+00
        446  97.164401    0.03090     1.8542    111.250     49.656  51311.553    31.6320     3.8505     49.186    7.43852     3.8472    25.1223   13.29576 3.7912e-02 0.0000e+00
        447  97.164404    0.03097     1.8583    111.500     49.955  51311.884    31.6321     3.8505     49.482    7.43853     3.8472    25.1224   13.29578 3.7912e-02 0.0000e+00
        448  97.164407    0.03104     1.8625    111.750     50.224  51312.126    31.6321     3.8504     49.749    7.43855     3.8471    25.1224   13.29580 3.7912e-02 0.0000e+00
        449  97.164410    0.03111     1.8667    112.000     50.446  51312.241    31.6321     3.8504     49.968    7.43856     3.8471    25.1224   13.29583 3.7912e-02 0.0000e+00
        450  97.164413    0.03118     1.8708    112.250     50.595  51312.291    31.6320     3.8503     50.116    7.43858 -9.990e-29    25.1223   13.29584 3.7912e-02 0.0000e+00
        451  97.164416    0.03125     1.8750    112.500     50.648  51312.312    31.6320     3.8503     50.168    7.43858 -9.990e-29    25.1223   13.29585 3.7912e-02 0.0000e+00
