CTD-processing/allCTD/CNV--turbid/2014_07-23_t6_s05_cast200.cnv
* Sea-Bird SBE19plus Data File:
* FileName = C:\Users\kris.holderied\Documents\kasitsna\Research-Projects-and-Data\Oceanography-AK\CTD-Data-ALL-to-2014-06\2014-CTD-KachemakBay-CookInlet\2014-07-EVOSTC-CookInlet-quarterly\2014-07-23-CookInlet-Tran6-Douglas\2014-07-23-CookInlet-Tran6-cast200.hex
* Software Version 1.59
* Temperature SN =  4141
* Conductivity SN =  4141
* System UpLoad Time = Jul 23 2014 23:20:54
** Cook Inlet LTM Transect 6 (Douglas) East to West
** Date: 07-23
** Station: 6-05
** Start time: 09:41
** Depth (m): 104
** Comment:  CTD time is Alaska Daylight time.  Transducer  depth (transducer is 9 ft).
** Comment:
# nquan = 16
# nvalues = 1082                        
# units = specified
# name 0 = scan: Scan Count
# name 1 = timeJ: Julian Days
# name 2 = timeH: Time, Elapsed [hours]
# name 3 = timeM: Time, Elapsed [minutes]
# name 4 = timeS: Time, Elapsed [seconds]
# name 5 = prdM: Pressure, Strain Gauge [db]
# name 6 = specc: Specific Conductance [uS/cm]
# name 7 = sal00: Salinity, Practical [PSU]
# name 8 = tv290C: Temperature [ITS-90, deg C]
# name 9 = depSM: Depth [salt water, m], lat = 59.00
# name 10 = oxsolML/L: Oxygen Saturation, Garcia & Gordon [ml/l]
# name 11 = potemp090C: Potential Temperature [ITS-90, deg C]
# name 12 = sigma-é00: Density [sigma-theta, kg/m^3]
# name 13 = n2satML/L: Nitrogen Saturation [ml/l]
# name 14 = par: PAR/Irradiance, Biospherical/Licor
# name 15 = flag:  0.000e+00
# span 0 =          1,       1082       
# span 1 = 204.403808, 204.406936       
# span 2 =    0.00000,    0.07507       
# span 3 =     0.0000,     4.5042       
# span 4 =      0.000,    270.250       
# span 5 =     -0.092,    104.625       
# span 6 =    497.150,  50778.686       
# span 7 =     0.2367,    32.0761       
# span 8 =     8.0354,    10.5165       
# span 9 =     -0.091,    103.621       
# span 10 =    6.42163,    7.79301      
# span 11 =     8.0253,    10.5165      
# span 12 =    -0.1586,    24.9746      
# span 13 =   11.61709,   14.32550      
# span 14 = 4.3904e-02, 2.5296e+02      
# span 15 = 0.0000e+00, 0.0000e+00      
# interval = seconds: 0.25
# start_time = Jul 23 2014 09:41:29 [Instrument's time stamp, header]
# bad_flag = -9.990e-29
*END*
[from data line 272]
        273 204.404595    0.01889     1.1333     68.000      1.235  49369.251    31.4406    10.2268      1.224    6.42860    10.2226    24.1366   11.62857 1.1827e+02 0.0000e+00
        274 204.404598    0.01896     1.1375     68.250      1.240  49381.903    31.4491    10.2237      1.229    6.42869    10.2241    24.1438   11.62862 1.2001e+02 0.0000e+00
        275 204.404601    0.01903     1.1417     68.500      1.231  49392.122    31.4562    10.2227      1.219    6.42853    10.2283    24.1495   11.62827 1.2193e+02 0.0000e+00
        276 204.404604    0.01910     1.1458     68.750      1.209  49397.313    31.4601    10.2243      1.197    6.42815    10.2344    24.1522   11.62760 1.2343e+02 0.0000e+00
        277 204.404606    0.01917     1.1500     69.000      1.177  49395.925    31.4597    10.2285      1.166    6.42758    10.2410    24.1512   11.62666 1.2517e+02 0.0000e+00
        278 204.404609    0.01924     1.1542     69.250      1.141  49388.622    31.4553    10.2346      1.130    6.42691    10.2465    24.1468   11.62560 1.2764e+02 0.0000e+00
        279 204.404612    0.01931     1.1583     69.500      1.108  49377.659    31.4484    10.2411      1.097    6.42628    10.2503    24.1403   11.62464 1.3015e+02 0.0000e+00
        280 204.404615    0.01938     1.1625     69.750      1.084  49365.359    31.4404    10.2466      1.074    6.42583    10.2518    24.1331   11.62399 1.3142e+02 0.0000e+00
        281 204.404618    0.01944     1.1667     70.000      1.074  49353.953    31.4328    10.2504      1.064    6.42562    10.2511    24.1266   11.62374 1.3158e+02 0.0000e+00
        282 204.404621    0.01951     1.1708     70.250      1.077  49345.462    31.4269    10.2519      1.067    6.42565    10.2482    24.1218   11.62384 1.3122e+02 0.0000e+00
        283 204.404624    0.01958     1.1750     70.500      1.090  49340.735    31.4235    10.2512      1.080    6.42588    10.2434    24.1192   11.62428 1.3002e+02 0.0000e+00
        284 204.404627    0.01965     1.1792     70.750      1.110  49339.178    31.4220    10.2483      1.099    6.42635    10.2375    24.1186   11.62508 1.2821e+02 0.0000e+00
        285 204.404630    0.01972     1.1833     71.000      1.131  49339.526    31.4217    10.2435      1.121    6.42704    10.2312    24.1191   11.62622 1.2627e+02 0.0000e+00
        286 204.404633    0.01979     1.1875     71.250      1.151  49340.166    31.4214    10.2376      1.141    6.42788    10.2250    24.1198   11.62761 1.2463e+02 0.0000e+00
        287 204.404635    0.01986     1.1917     71.500      1.168  49339.099    31.4198    10.2313      1.157    6.42882    10.2187    24.1197   11.62918 1.2387e+02 0.0000e+00
        288 204.404638    0.01993     1.1958     71.750      1.180  49336.569    31.4173    10.2251      1.169    6.42980    10.2128    24.1187   11.63084 1.2384e+02 0.0000e+00
        289 204.404641    0.02000     1.2000     72.000      1.189  49335.704    31.4159    10.2188      1.178    6.43074    10.2078    24.1187   11.63241 1.2377e+02 0.0000e+00
        290 204.404644    0.02007     1.2042     72.250      1.193  49337.636    31.4165    10.2129      1.182    6.43154    10.2040    24.1202   11.63373 1.2346e+02 0.0000e+00
        291 204.404647    0.02014     1.2083     72.500      1.194  49340.730    31.4181    10.2079      1.183    6.43218    10.2013    24.1222   11.63477 1.2316e+02 0.0000e+00
        292 204.404650    0.02021     1.2125     72.750      1.190  49343.610    31.4197    10.2041      1.179    6.43264    10.1996    24.1240   11.63552 1.2294e+02 0.0000e+00
        293 204.404653    0.02028     1.2167     73.000      1.184  49345.809    31.4209    10.2015      1.173    6.43297    10.1984    24.1254   11.63604 1.2299e+02 0.0000e+00
        294 204.404656    0.02035     1.2208     73.250      1.176  49347.387    31.4218    10.1997      1.165    6.43318    10.1977    24.1264   11.63638 1.2363e+02 0.0000e+00
        295 204.404659    0.02042     1.2250     73.500      1.166  49348.501    31.4224    10.1985      1.155    6.43331    10.1973    24.1271   11.63659 1.2463e+02 0.0000e+00
        296 204.404661    0.02049     1.2292     73.750      1.155  49349.213    31.4229    10.1978      1.144    6.43339    10.1970    24.1276   11.63672 1.2557e+02 0.0000e+00
        297 204.404664    0.02056     1.2333     74.000      1.142  49349.654    31.4232    10.1974      1.131    6.43344    10.1970    24.1279   11.63680 1.2657e+02 0.0000e+00
        298 204.404667    0.02063     1.2375     74.250      1.126  49349.978    31.4234    10.1972      1.115    6.43346    10.1970    24.1281   11.63683 1.2774e+02 0.0000e+00
        299 204.404670    0.02069     1.2417     74.500      1.108  49350.229    31.4235    10.1971      1.098    6.43347    10.1970    24.1282   11.63683 1.2823e+02 0.0000e+00
        300 204.404673    0.02076     1.2458     74.750      1.091  49350.383    31.4236    10.1971      1.081    6.43346    10.1971    24.1283   11.63682 1.2803e+02 0.0000e+00
        301 204.404676    0.02083     1.2500     75.000      1.078  49350.396    31.4237    10.1972      1.068    6.43345    10.1972    24.1283   11.63681 1.2817e+02 0.0000e+00
        302 204.404679    0.02090     1.2542     75.250      1.070  49350.243    31.4236    10.1973      1.060    6.43344    10.1973    24.1282   11.63679 1.2815e+02 0.0000e+00
        303 204.404682    0.02097     1.2583     75.500      1.072  49349.962    31.4234    10.1973      1.061    6.43344    10.1973    24.1280   11.63679 1.2703e+02 0.0000e+00
        304 204.404685    0.02104     1.2625     75.750      1.082  49349.645    31.4231    10.1974      1.072    6.43344    10.1972    24.1279   11.63679 1.2563e+02 0.0000e+00
        305 204.404687    0.02111     1.2667     76.000      1.102  49349.413    31.4230    10.1974      1.092    6.43344    10.1971    24.1277   11.63680 1.2435e+02 0.0000e+00
        306 204.404690    0.02118     1.2708     76.250      1.129  49349.314    31.4229    10.1974      1.119    6.43345    10.1970    24.1277   11.63682 1.2273e+02 0.0000e+00
        307 204.404693    0.02125     1.2750     76.500      1.160  49349.324    31.4229    10.1973      1.149    6.43347    10.1968    24.1277   11.63685 1.2134e+02 0.0000e+00
        308 204.404696    0.02132     1.2792     76.750      1.189  49349.461    31.4229    10.1971      1.178    6.43349    10.1966    24.1277   11.63688 1.2069e+02 0.0000e+00
        309 204.404699    0.02139     1.2833     77.000      1.212  49349.683    31.4231    10.1970      1.201    6.43351    10.1966    24.1279   11.63691 1.2056e+02 0.0000e+00
        310 204.404702    0.02146     1.2875     77.250      1.224  49349.936    31.4232    10.1968      1.213    6.43352    10.1966    24.1280   11.63693 1.2052e+02 0.0000e+00
        311 204.404705    0.02153     1.2917     77.500      1.225  49350.217    31.4234    10.1967      1.214    6.43353    10.1967    24.1282   11.63694 1.2063e+02 0.0000e+00
        312 204.404708    0.02160     1.2958     77.750      1.218  49350.457    31.4236    10.1967      1.207    6.43352    10.1968    24.1283   11.63692 1.2128e+02 0.0000e+00
        313 204.404711    0.02167     1.3000     78.000      1.208  49350.584    31.4237    10.1968      1.196    6.43351    10.1970    24.1284   11.63690 1.2186e+02 0.0000e+00
        314 204.404714    0.02174     1.3042     78.250      1.199  49350.587    31.4237    10.1970      1.188    6.43349    10.1972    24.1284   11.63686 1.2226e+02 0.0000e+00
        315 204.404716    0.02181     1.3083     78.500      1.194  49350.502    31.4237    10.1972      1.183    6.43346    10.1975    24.1284   11.63682 1.2353e+02 0.0000e+00
        316 204.404719    0.02187     1.3125     78.750      1.190  49350.416    31.4237    10.1974      1.178    6.43343    10.1979    24.1283   11.63676 1.2557e+02 0.0000e+00
        317 204.404722    0.02194     1.3167     79.000      1.182  49350.400    31.4237    10.1977      1.171    6.43338    10.1982    24.1283   11.63669 1.2672e+02 0.0000e+00
        318 204.404725    0.02201     1.3208     79.250      1.169  49350.368    31.4237    10.1980      1.158    6.43333    10.1986    24.1282   11.63661 1.2636e+02 0.0000e+00
        319 204.404728    0.02208     1.3250     79.500      1.149  49350.129    31.4236    10.1984      1.138    6.43328    10.1987    24.1280   11.63654 1.2607e+02 0.0000e+00
        320 204.404731    0.02215     1.3292     79.750      1.123  49349.697    31.4233    10.1987      1.113    6.43325    10.1988    24.1278   11.63648 1.2701e+02 0.0000e+00
        321 204.404734    0.02222     1.3333     80.000      1.096  49349.271    31.4231    10.1989      1.086    6.43324    10.1987    24.1275   11.63646 1.2884e+02 0.0000e+00
        322 204.404737    0.02229     1.3375     80.250      1.071  49348.989    31.4229    10.1989      1.061    6.43324    10.1986    24.1274   11.63647 1.3075e+02 0.0000e+00
        323 204.404740    0.02236     1.3417     80.500      1.048  49348.947    31.4228    10.1988      1.038    6.43325    10.1985    24.1274   11.63649 1.3195e+02 0.0000e+00
        324 204.404742    0.02243     1.3458     80.750      1.028  49349.026    31.4229    10.1987      1.019    6.43326    10.1985    24.1274   11.63651 1.3145e+02 0.0000e+00
        325 204.404745    0.02250     1.3500     81.000      1.016  49349.037    31.4229    10.1987      1.007    6.43327    10.1984    24.1274   11.63652 1.2906e+02 0.0000e+00
        326 204.404748    0.02257     1.3542     81.250      1.015  49349.015    31.4229    10.1986      1.006    6.43328    10.1983    24.1274   11.63654 1.2640e+02 0.0000e+00
        327 204.404751    0.02264     1.3583     81.500      1.031  49349.018    31.4229    10.1985      1.021    6.43329    10.1982    24.1275   11.63656 1.2504e+02 0.0000e+00
        328 204.404754    0.02271     1.3625     81.750      1.063  49349.086    31.4229    10.1985      1.053    6.43330    10.1982    24.1275   11.63657 1.2419e+02 0.0000e+00
        329 204.404757    0.02278     1.3667     82.000      1.106  49349.234    31.4230    10.1984      1.096    6.43331    10.1982    24.1276   11.63659 1.2192e+02 0.0000e+00
        330 204.404760    0.02285     1.3708     82.250      1.151  49349.461    31.4232    10.1983      1.141    6.43331    10.1982    24.1277   11.63659 1.1825e+02 0.0000e+00
        331 204.404763    0.02292     1.3750     82.500      1.192  49349.720    31.4233    10.1983      1.181    6.43331    10.1982    24.1278   11.63658 1.1563e+02 0.0000e+00
        332 204.404766    0.02299     1.3792     82.750      1.224  49349.848    31.4234    10.1984      1.212    6.43330    10.1983    24.1279   11.63656 1.1525e+02 0.0000e+00
        333 204.404769    0.02306     1.3833     83.000      1.245  49349.823    31.4234    10.1984      1.233    6.43329    10.1984    24.1279   11.63655 1.1569e+02 0.0000e+00
        334 204.404771    0.02313     1.3875     83.250      1.257  49349.770    31.4233    10.1984      1.245    6.43329    10.1985    24.1278   11.63654 1.1611e+02 0.0000e+00
        335 204.404774    0.02319     1.3917     83.500      1.261  49349.704    31.4233    10.1985      1.250    6.43328    10.1985    24.1278   11.63653 1.1710e+02 0.0000e+00
        336 204.404777    0.02326     1.3958     83.750      1.261  49349.569    31.4232    10.1986      1.249    6.43327    10.1986    24.1277   11.63652 1.1847e+02 0.0000e+00
        337 204.404780    0.02333     1.4000     84.000      1.256  49349.439    31.4231    10.1987      1.244    6.43326    10.1987    24.1276   11.63651 1.1937e+02 0.0000e+00
        338 204.404783    0.02340     1.4042     84.250      1.245  49349.423    31.4231    10.1988      1.234    6.43325    10.1988    24.1276   11.63649 1.2009e+02 0.0000e+00
        339 204.404786    0.02347     1.4083     84.500      1.228  49349.504    31.4232    10.1989      1.217    6.43324    10.1990    24.1276   11.63646 1.2175e+02 0.0000e+00
        340 204.404789    0.02354     1.4125     84.750      1.202  49349.562    31.4233    10.1990      1.191    6.43321    10.1993    24.1277   11.63642 1.2482e+02 0.0000e+00
        341 204.404792    0.02361     1.4167     85.000      1.166  49349.486    31.4233    10.1992      1.155    6.43319    10.1995    24.1276   11.63638 1.2828e+02 0.0000e+00
        342 204.404795    0.02368     1.4208     85.250      1.121  49349.323    31.4232    10.1994      1.111    6.43316    10.1996    24.1276   11.63634 1.3055e+02 0.0000e+00
        343 204.404797    0.02375     1.4250     85.500      1.072  49349.235    31.4232    10.1996      1.062    6.43314    10.1997    24.1275   11.63629 1.3147e+02 0.0000e+00
        344 204.404800    0.02382     1.4292     85.750      1.025  49349.248    31.4232    10.1997      1.015    6.43311    10.1997    24.1275   11.63626 1.3155e+02 0.0000e+00
        345 204.404803    0.02389     1.4333     86.000      0.986  49349.232    31.4232    10.1998      0.977    6.43310    10.1997    24.1275   11.63623 1.3129e+02 0.0000e+00
        346 204.404806    0.02396     1.4375     86.250      0.965  49349.097    31.4232    10.1998      0.956    6.43309    10.1996    24.1274   11.63623 1.3143e+02 0.0000e+00
        347 204.404809    0.02403     1.4417     86.500      0.965  49348.828    31.4230    10.1998      0.956    6.43310    10.1995    24.1273   11.63624 1.3128e+02 0.0000e+00
        348 204.404812    0.02410     1.4458     86.750      0.984  49348.567    31.4227    10.1997      0.975    6.43312    10.1992    24.1271   11.63628 1.2944e+02 0.0000e+00
        349 204.404815    0.02417     1.4500     87.000      1.018  49348.479    31.4226    10.1996      1.008    6.43315    10.1990    24.1271   11.63633 1.2589e+02 0.0000e+00
        350 204.404818    0.02424     1.4542     87.250      1.062  49348.547    31.4226    10.1994      1.051    6.43319    10.1988    24.1271   11.63638 1.2142e+02 0.0000e+00
        351 204.404821    0.02431     1.4583     87.500      1.112  49348.768    31.4227    10.1991      1.102    6.43322    10.1987    24.1272   11.63643 1.1717e+02 0.0000e+00
        352 204.404823    0.02438     1.4625     87.750      1.169  49349.126    31.4229    10.1990      1.158    6.43323    10.1988    24.1274   11.63645 1.1471e+02 0.0000e+00
        353 204.404826    0.02444     1.4667     88.000      1.228  49349.554    31.4232    10.1989      1.216    6.43323    10.1991    24.1276   11.63645 1.1424e+02 0.0000e+00
        354 204.404829    0.02451     1.4708     88.250      1.284  49349.901    31.4234    10.1990      1.271    6.43320    10.1995    24.1278   11.63640 1.1428e+02 0.0000e+00
        355 204.404832    0.02458     1.4750     88.500      1.328  49349.896    31.4235    10.1993      1.316    6.43316    10.1998    24.1278   11.63633 1.1396e+02 0.0000e+00
        356 204.404835    0.02465     1.4792     88.750      1.355  49349.605    31.4233    10.1997      1.342    6.43312    10.2001    24.1276   11.63626 1.1364e+02 0.0000e+00
        357 204.404838    0.02472     1.4833     89.000      1.360  49349.441    31.4232    10.2000      1.347    6.43308    10.2003    24.1275   11.63620 1.1397e+02 0.0000e+00
        358 204.404841    0.02479     1.4875     89.250      1.344  49349.400    31.4232    10.2002      1.331    6.43305    10.2004    24.1274   11.63614 1.1541e+02 0.0000e+00
        359 204.404844    0.02486     1.4917     89.500      1.308  49349.201    31.4231    10.2004      1.295    6.43302    10.2005    24.1273   11.63610 1.1833e+02 0.0000e+00
        360 204.404847    0.02493     1.4958     89.750      1.256  49348.952    31.4230    10.2006      1.244    6.43300    10.2005    24.1272   11.63608 1.2304e+02 0.0000e+00
        361 204.404850    0.02500     1.5000     90.000      1.193  49348.776    31.4229    10.2006      1.181    6.43300    10.2005    24.1271   11.63607 1.2873e+02 0.0000e+00
