CTD-processing/allCTD/CNV--turbid/2014_04-06_t6_s16_cast253.cnv
* Sea-Bird SBE19plus Data File:
* FileName = C:\Users\kris.holderied\Documents\kasitsna\Research-Projects-and-Data\Oceanography-AK\CTD-CookInlet-GulfWatchAK\2014-04-EVOSTC-CookInlet-Ocean\2014-04-06-CookInlet-Tran6-Douglas\2014-04-06-CookInlet-Tran6-cast253.hex
* Software Version 1.59
* Temperature SN =  5028
* Conductivity SN =  5028
* System UpLoad Time = Apr 09 2014 11:34:20
** Cook Inlet LTM Transect 6 (Douglas) east to west
** Date: 6 Apr 2014
** Station: 6-16
** Start time: 13:55
** Depth (m): 156
** Comment:  CTD instrument time is AK Daylight time
** Comment:
# nquan = 16
# nvalues = 893                         
# units = specified
# name 0 = scan: Scan Count
# name 1 = timeJ: Julian Days
# name 2 = timeH: Time, Elapsed [hours]
# name 3 = timeM: Time, Elapsed [minutes]
# name 4 = timeS: Time, Elapsed [seconds]
# name 5 = prdM: Pressure, Strain Gauge [db]
# name 6 = specc: Specific Conductance [uS/cm]
# name 7 = sal00: Salinity, Practical [PSU]
# name 8 = tv290C: Temperature [ITS-90, deg C]
# name 9 = depSM: Depth [salt water, m], lat = 59.00
# name 10 = oxsolML/L: Oxygen Saturation, Garcia & Gordon [ml/l]
# name 11 = potemp090C: Potential Temperature [ITS-90, deg C]
# name 12 = sigma-é00: Density [sigma-theta, kg/m^3]
# name 13 = n2satML/L: Nitrogen Saturation [ml/l]
# name 14 = par: PAR/Irradiance, Biospherical/Licor
# name 15 = flag:  0.000e+00
# span 0 =          1,        893       
# span 1 =  96.579873,  96.582454       
# span 2 =    0.00000,    0.06194       
# span 3 =     0.0000,     3.7167       
# span 4 =      0.000,    223.000       
# span 5 =     -0.181,    153.581       
# span 6 =    809.211,  52004.560       
# span 7 =     0.3828,    32.3072       
# span 8 =     4.7625,     4.9297       
# span 9 =     -0.179,    152.088       
# span 10 =    7.21406,    8.96423      
# span 11 =     4.7625,     4.9245      
# span 12 =     0.2775,    25.5505      
# span 13 =   12.91654,   16.29619      
# span 14 = 3.7912e-02, 4.6591e+02      
# span 15 = 0.0000e+00, 0.0000e+00      
# interval = seconds: 0.25
# start_time = Apr 06 2014 13:55:01 [Instrument's time stamp, header]
# bad_flag = -9.990e-29
*END*
[from data line 272]
        273  96.580660    0.01889     1.1333     68.000      0.993  51713.820    32.1808     4.9206      0.983    7.22168     4.9209    25.4494   12.93073 2.4363e+02 0.0000e+00
        274  96.580663    0.01896     1.1375     68.250      0.982  51714.260    32.1811     4.9207      0.972    7.22164     4.9214    25.4497   12.93066 2.3752e+02 0.0000e+00
        275  96.580666    0.01903     1.1417     68.500      0.967  51714.419    32.1813     4.9210      0.957    7.22158     4.9221    25.4498   12.93056 2.3399e+02 0.0000e+00
        276  96.580668    0.01910     1.1458     68.750      0.952  51714.517    32.1815     4.9215      0.942    7.22149     4.9229    25.4499   12.93041 2.3271e+02 0.0000e+00
        277  96.580671    0.01917     1.1500     69.000      0.942  51714.409    32.1816     4.9222      0.933    7.22137     4.9237    25.4499   12.93021 2.3107e+02 0.0000e+00
        278  96.580674    0.01924     1.1542     69.250      0.944  51713.774    32.1813     4.9230      0.935    7.22124     4.9242    25.4496   12.93000 2.2774e+02 0.0000e+00
        279  96.580677    0.01931     1.1583     69.500      0.958  51712.786    32.1808     4.9237      0.949    7.22113     4.9244    25.4491   12.92983 2.2206e+02 0.0000e+00
        280  96.580680    0.01938     1.1625     69.750      0.988  51711.900    32.1803     4.9242      0.979    7.22107     4.9245    25.4486   12.92973 2.1542e+02 0.0000e+00
        281  96.580683    0.01944     1.1667     70.000      1.035  51711.353    32.1799     4.9245      1.026    7.22104     4.9244    25.4483   12.92969 2.1157e+02 0.0000e+00
        282  96.580686    0.01951     1.1708     70.250      1.099  51711.102    32.1798     4.9246      1.088    7.22104     4.9241    25.4481   12.92969 2.1093e+02 0.0000e+00
        283  96.580689    0.01958     1.1750     70.500      1.173  51711.036    32.1797     4.9245      1.162    7.22106     4.9238    25.4481   12.92973 2.1135e+02 0.0000e+00
        284  96.580692    0.01965     1.1792     70.750      1.254  51711.081    32.1796     4.9242      1.242    7.22110     4.9235    25.4481   12.92980 2.1254e+02 0.0000e+00
        285  96.580694    0.01972     1.1833     71.000      1.338  51711.205    32.1796     4.9239      1.325    7.22115     4.9231    25.4481   12.92988 2.1415e+02 0.0000e+00
        286  96.580697    0.01979     1.1875     71.250      1.428  51711.343    32.1795     4.9236      1.414    7.22121     4.9226    25.4481   12.92998 2.1428e+02 0.0000e+00
        287  96.580700    0.01986     1.1917     71.500      1.533  51711.462    32.1795     4.9232      1.518    7.22128     4.9221    25.4480   12.93010 2.1118e+02 0.0000e+00
        288  96.580703    0.01993     1.1958     71.750      1.660  51711.624    32.1794     4.9227      1.645    7.22136     4.9215    25.4480   12.93023 2.0498e+02 0.0000e+00
        289  96.580706    0.02000     1.2000     72.000      1.814  51711.713    32.1793     4.9222      1.797    7.22146     4.9206    25.4480   12.93039 1.9772e+02 0.0000e+00
        290  96.580709    0.02007     1.2042     72.250      1.997  51711.520    32.1789     4.9216      1.978    7.22158     4.9194    25.4478   12.93060 1.9056e+02 0.0000e+00
        291  96.580712    0.02014     1.2083     72.500      2.211  51711.079    32.1783     4.9208      2.190    7.22176     4.9178    25.4474   12.93090 1.8277e+02 0.0000e+00
        292  96.580715    0.02021     1.2125     72.750      2.456  51710.866    32.1778     4.9196      2.433    7.22200     4.9160    25.4471   12.93130 1.7386e+02 0.0000e+00
        293  96.580718    0.02028     1.2167     73.000      2.731  51711.290    32.1776     4.9180      2.705    7.22228     4.9141    25.4472   12.93176 1.6439e+02 0.0000e+00
        294  96.580720    0.02035     1.2208     73.250      3.031  51712.206    32.1777     4.9162      3.002    7.22258     4.9120    25.4474   12.93226 1.5510e+02 0.0000e+00
        295  96.580723    0.02042     1.2250     73.500      3.350  51713.153    32.1778     4.9144      3.319    7.22290     4.9098    25.4477   12.93279 1.4622e+02 0.0000e+00
        296  96.580726    0.02049     1.2292     73.750      3.685  51714.000    32.1777     4.9124      3.650    7.22325     4.9076    25.4479   12.93336 1.3753e+02 0.0000e+00
        297  96.580729    0.02056     1.2333     74.000      4.029  51715.324    32.1780     4.9102      3.991    7.22362     4.9056    25.4483   12.93396 1.2896e+02 0.0000e+00
        298  96.580732    0.02063     1.2375     74.250      4.378  51717.346    32.1787     4.9080      4.337    7.22396     4.9039    25.4491   12.93453 1.2083e+02 0.0000e+00
        299  96.580735    0.02069     1.2417     74.500      4.724  51719.597    32.1796     4.9060      4.680    7.22426     4.9025    25.4501   12.93501 1.1359e+02 0.0000e+00
        300  96.580738    0.02076     1.2458     74.750      5.064  51721.667    32.1805     4.9043      5.016    7.22451     4.9013    25.4510   12.93541 1.0748e+02 0.0000e+00
        301  96.580741    0.02083     1.2500     75.000      5.394  51723.373    32.1812     4.9029      5.343    7.22471     4.9003    25.4517   12.93574 1.0253e+02 0.0000e+00
        302  96.580744    0.02090     1.2542     75.250      5.715  51724.838    32.1818     4.9017      5.661    7.22489     4.8994    25.4523   12.93602 9.8525e+01 0.0000e+00
        303  96.580747    0.02097     1.2583     75.500      6.027  51726.191    32.1823     4.9007      5.971    7.22504     4.8986    25.4528   12.93626 9.5159e+01 0.0000e+00
        304  96.580749    0.02104     1.2625     75.750      6.333  51727.350    32.1828     4.8998      6.274    7.22516     4.8979    25.4533   12.93646 9.2095e+01 0.0000e+00
        305  96.580752    0.02111     1.2667     76.000      6.636  51728.259    32.1831     4.8991      6.574    7.22528     4.8970    25.4536   12.93665 8.9092e+01 0.0000e+00
        306  96.580755    0.02118     1.2708     76.250      6.937  51728.922    32.1833     4.8983      6.872    7.22540     4.8960    25.4538   12.93684 8.6081e+01 0.0000e+00
        307  96.580758    0.02125     1.2750     76.500      7.240  51729.434    32.1833     4.8975      7.173    7.22554     4.8948    25.4539   12.93708 8.3161e+01 0.0000e+00
        308  96.580761    0.02132     1.2792     76.750      7.547  51730.176    32.1834     4.8965      7.477    7.22571     4.8936    25.4541   12.93735 8.0430e+01 0.0000e+00
        309  96.580764    0.02139     1.2833     77.000      7.858  51731.406    32.1839     4.8954      7.785    7.22589     4.8927    25.4546   12.93764 7.7896e+01 0.0000e+00
        310  96.580767    0.02146     1.2875     77.250      8.175  51732.925    32.1845     4.8943      8.099    7.22605     4.8920    25.4552   12.93791 7.5567e+01 0.0000e+00
        311  96.580770    0.02153     1.2917     77.500      8.495  51734.480    32.1852     4.8933      8.416    7.22619     4.8915    25.4558   12.93812 7.3421e+01 0.0000e+00
        312  96.580773    0.02160     1.2958     77.750      8.819  51735.814    32.1858     4.8926      8.737    7.22628     4.8913    25.4564   12.93826 7.1376e+01 0.0000e+00
        313  96.580775    0.02167     1.3000     78.000      9.145  51736.644    32.1861     4.8922      9.059    7.22633     4.8910    25.4567   12.93835 6.9326e+01 0.0000e+00
        314  96.580778    0.02174     1.3042     78.250      9.469  51737.072    32.1862     4.8919      9.381    7.22637     4.8908    25.4568   12.93841 6.7191e+01 0.0000e+00
        315  96.580781    0.02181     1.3083     78.500      9.790  51737.474    32.1863     4.8917      9.698    7.22640     4.8905    25.4569   12.93846 6.4986e+01 0.0000e+00
        316  96.580784    0.02187     1.3125     78.750     10.104  51738.013    32.1864     4.8915     10.009    7.22644     4.8903    25.4571   12.93851 6.2811e+01 0.0000e+00
        317  96.580787    0.02194     1.3167     79.000     10.408  51738.676    32.1867     4.8913     10.311    7.22647     4.8902    25.4573   12.93856 6.0810e+01 0.0000e+00
        318  96.580790    0.02201     1.3208     79.250     10.704  51739.374    32.1870     4.8911     10.603    7.22648     4.8902    25.4575   12.93858 5.9104e+01 0.0000e+00
        319  96.580793    0.02208     1.3250     79.500     10.991  51739.921    32.1872     4.8910     10.888    7.22648     4.8901    25.4577   12.93858 5.7741e+01 0.0000e+00
        320  96.580796    0.02215     1.3292     79.750     11.270  51740.258    32.1873     4.8910     11.165    7.22648     4.8899    25.4578   12.93857 5.6667e+01 0.0000e+00
        321  96.580799    0.02222     1.3333     80.000     11.544  51740.554    32.1873     4.8909     11.436    7.22649     4.8897    25.4578   12.93859 5.5779e+01 0.0000e+00
        322  96.580802    0.02229     1.3375     80.250     11.815  51740.952    32.1874     4.8908     11.704    7.22652     4.8893    25.4579   12.93863 5.4958e+01 0.0000e+00
        323  96.580804    0.02236     1.3417     80.500     12.086  51741.433    32.1875     4.8905     11.973    7.22655     4.8890    25.4581   12.93869 5.4081e+01 0.0000e+00
        324  96.580807    0.02243     1.3458     80.750     12.361  51742.000    32.1877     4.8902     12.245    7.22660     4.8887    25.4582   12.93876 5.3060e+01 0.0000e+00
        325  96.580810    0.02250     1.3500     81.000     12.643  51742.634    32.1879     4.8899     12.524    7.22664     4.8885    25.4585   12.93882 5.1856e+01 0.0000e+00
        326  96.580813    0.02257     1.3542     81.250     12.935  51743.261    32.1882     4.8896     12.814    7.22667     4.8884    25.4587   12.93888 5.0480e+01 0.0000e+00
        327  96.580816    0.02264     1.3583     81.500     13.238  51743.884    32.1884     4.8894     13.114    7.22669     4.8882    25.4589   12.93891 4.8981e+01 0.0000e+00
        328  96.580819    0.02271     1.3625     81.750     13.553  51744.384    32.1886     4.8893     13.426    7.22671     4.8880    25.4590   12.93893 4.7430e+01 0.0000e+00
        329  96.580822    0.02278     1.3667     82.000     13.878  51744.600    32.1885     4.8892     13.748    7.22673     4.8878    25.4590   12.93897 4.5901e+01 0.0000e+00
        330  96.580825    0.02285     1.3708     82.250     14.212  51744.633    32.1884     4.8891     14.078    7.22677     4.8874    25.4589   12.93903 4.4456e+01 0.0000e+00
        331  96.580828    0.02292     1.3750     82.500     14.548  51744.658    32.1881     4.8888     14.411    7.22682     4.8871    25.4588   12.93912 4.3146e+01 0.0000e+00
        332  96.580830    0.02299     1.3792     82.750     14.879  51744.783    32.1880     4.8885     14.739    7.22688     4.8868    25.4587   12.93923 4.1989e+01 0.0000e+00
        333  96.580833    0.02306     1.3833     83.000     15.198  51744.999    32.1879     4.8882     15.055    7.22694     4.8865    25.4587   12.93933 4.0973e+01 0.0000e+00
        334  96.580836    0.02313     1.3875     83.250     15.499  51745.236    32.1878     4.8878     15.354    7.22700     4.8862    25.4587   12.93943 4.0078e+01 0.0000e+00
        335  96.580839    0.02319     1.3917     83.500     15.778  51745.520    32.1878     4.8875     15.630    7.22705     4.8860    25.4587   12.93951 3.9286e+01 0.0000e+00
        336  96.580842    0.02326     1.3958     83.750     16.034  51745.874    32.1879     4.8873     15.884    7.22709     4.8858    25.4587   12.93958 3.8577e+01 0.0000e+00
        337  96.580845    0.02333     1.4000     84.000     16.268  51746.279    32.1880     4.8871     16.116    7.22712     4.8856    25.4589   12.93963 3.7925e+01 0.0000e+00
        338  96.580848    0.02340     1.4042     84.250     16.483  51746.678    32.1881     4.8869     16.329    7.22714     4.8856    25.4590   12.93966 3.7313e+01 0.0000e+00
        339  96.580851    0.02347     1.4083     84.500     16.683  51747.010    32.1882     4.8868     16.526    7.22716     4.8855    25.4591   12.93968 3.6730e+01 0.0000e+00
        340  96.580854    0.02354     1.4125     84.750     16.873  51747.315    32.1883     4.8868     16.714    7.22716     4.8856    25.4592   12.93968 3.6170e+01 0.0000e+00
        341  96.580856    0.02361     1.4167     85.000     17.060  51747.621    32.1885     4.8868     16.899    7.22715     4.8858    25.4593   12.93967 3.5622e+01 0.0000e+00
        342  96.580859    0.02368     1.4208     85.250     17.250  51747.844    32.1886     4.8869     17.088    7.22714     4.8859    25.4593   12.93964 3.5072e+01 0.0000e+00
        343  96.580862    0.02375     1.4250     85.500     17.449  51747.923    32.1885     4.8870     17.285    7.22711     4.8860    25.4593   12.93960 3.4502e+01 0.0000e+00
        344  96.580865    0.02382     1.4292     85.750     17.664  51747.884    32.1884     4.8872     17.497    7.22709     4.8861    25.4592   12.93956 3.3889e+01 0.0000e+00
        345  96.580868    0.02389     1.4333     86.000     17.895  51747.836    32.1883     4.8873     17.727    7.22707     4.8860    25.4591   12.93953 3.3212e+01 0.0000e+00
        346  96.580871    0.02396     1.4375     86.250     18.146  51747.904    32.1883     4.8874     17.975    7.22706     4.8860    25.4590   12.93952 3.2468e+01 0.0000e+00
        347  96.580874    0.02403     1.4417     86.500     18.413  51748.015    32.1882     4.8874     18.239    7.22707     4.8858    25.4590   12.93953 3.1673e+01 0.0000e+00
        348  96.580877    0.02410     1.4458     86.750     18.691  51748.096    32.1881     4.8873     18.516    7.22709     4.8856    25.4589   12.93956 3.0848e+01 0.0000e+00
        349  96.580880    0.02417     1.4500     87.000     18.976  51748.280    32.1881     4.8872     18.798    7.22711     4.8855    25.4589   12.93960 3.0020e+01 0.0000e+00
        350  96.580883    0.02424     1.4542     87.250     19.259  51748.679    32.1882     4.8870     19.078    7.22714     4.8854    25.4590   12.93964 2.9218e+01 0.0000e+00
        351  96.580885    0.02431     1.4583     87.500     19.535  51749.250    32.1884     4.8869     19.351    7.22715     4.8854    25.4592   12.93965 2.8471e+01 0.0000e+00
        352  96.580888    0.02438     1.4625     87.750     19.798  51749.903    32.1887     4.8868     19.612    7.22714     4.8856    25.4595   12.93964 2.7792e+01 0.0000e+00
        353  96.580891    0.02444     1.4667     88.000     20.048  51750.552    32.1890     4.8869     19.860    7.22712     4.8858    25.4597   12.93960 2.7181e+01 0.0000e+00
        354  96.580894    0.02451     1.4708     88.250     20.287  51751.049    32.1893     4.8870     20.097    7.22708     4.8860    25.4599   12.93953 2.6629e+01 0.0000e+00
        355  96.580897    0.02458     1.4750     88.500     20.517  51751.321    32.1894     4.8872     20.325    7.22703     4.8863    25.4600   12.93945 2.6119e+01 0.0000e+00
        356  96.580900    0.02465     1.4792     88.750     20.742  51751.419    32.1894     4.8875     20.547    7.22698     4.8865    25.4600   12.93937 2.5631e+01 0.0000e+00
        357  96.580903    0.02472     1.4833     89.000     20.966  51751.426    32.1894     4.8878     20.769    7.22694     4.8866    25.4599   12.93929 2.5151e+01 0.0000e+00
        358  96.580906    0.02479     1.4875     89.250     21.192  51751.428    32.1894     4.8880     20.992    7.22690     4.8867    25.4598   12.93924 2.4670e+01 0.0000e+00
        359  96.580909    0.02486     1.4917     89.500     21.421  51751.480    32.1893     4.8882     21.220    7.22688     4.8868    25.4598   12.93920 2.4183e+01 0.0000e+00
        360  96.580911    0.02493     1.4958     89.750     21.656  51751.581    32.1892     4.8883     21.452    7.22686     4.8868    25.4598   12.93917 2.3689e+01 0.0000e+00
        361  96.580914    0.02500     1.5000     90.000     21.895  51751.685    32.1892     4.8884     21.688    7.22684     4.8868    25.4597   12.93915 2.3192e+01 0.0000e+00
