CTD-processing/allCTD/CNV--turbid/2014_07-24_t7_s03_cast002.cnv
* Sea-Bird SBE19plus Data File:
* FileName = C:\Users\kris.holderied\Documents\kasitsna\Research-Projects-and-Data\Oceanography-AK\CTD-Data-ALL-to-2014-06\2014-CTD-KachemakBay-CookInlet\2014-07-EVOSTC-CookInlet-quarterly\2014-07-24-CookInlet-Tran7-Augustine\2014-07-24-CookInlet-Tran7-cast002.hex
* Software Version 1.59
* Temperature SN =  4141
* Conductivity SN =  4141
* System UpLoad Time = Jul 24 2014 17:17:32
** Cook Inlet LTM Transect 7 (Augustine) West to East
** Date: 07-24
** Station: 7-03
** Start time: 08:20
** Depth (m): 43.9
** Comment:  CTD time is Alaska Daylight time.  Transducer  depth (transducer is 9 ft).
** Comment:
# nquan = 16
# nvalues = 461                         
# units = specified
# name 0 = scan: Scan Count
# name 1 = timeJ: Julian Days
# name 2 = timeH: Time, Elapsed [hours]
# name 3 = timeM: Time, Elapsed [minutes]
# name 4 = timeS: Time, Elapsed [seconds]
# name 5 = prdM: Pressure, Strain Gauge [db]
# name 6 = specc: Specific Conductance [uS/cm]
# name 7 = sal00: Salinity, Practical [PSU]
# name 8 = tv290C: Temperature [ITS-90, deg C]
# name 9 = depSM: Depth [salt water, m], lat = 59.00
# name 10 = oxsolML/L: Oxygen Saturation, Garcia & Gordon [ml/l]
# name 11 = potemp090C: Potential Temperature [ITS-90, deg C]
# name 12 = sigma-é00: Density [sigma-theta, kg/m^3]
# name 13 = n2satML/L: Nitrogen Saturation [ml/l]
# name 14 = par: PAR/Irradiance, Biospherical/Licor
# name 15 = flag:  0.000e+00
# span 0 =          1,        461       
# span 1 = 205.347442, 205.348773       
# span 2 =    0.00000,    0.03194       
# span 3 =     0.0000,     1.9167       
# span 4 =      0.000,    115.000       
# span 5 =     -0.108,     45.234       
# span 6 =    180.087,  48795.560       
# span 7 =     0.0854,    30.9895       
# span 8 =    10.0030,    13.3236       
# span 9 =     -0.107,     44.807       
# span 10 =    6.06758,    7.38739      
# span 11 =     9.9982,    13.3235      
# span 12 =    -0.5419,    23.8224      
# span 13 =   11.04418,   13.64066      
# span 14 = 6.2142e-02, 2.0634e+02      
# span 15 = 0.0000e+00, 0.0000e+00      
# interval = seconds: 0.25
# start_time = Jul 24 2014 08:20:19 [Instrument's time stamp, header]
# bad_flag = -9.990e-29
*END*
          1 205.347442    0.00000     0.0000      0.000     -0.077    180.991     0.0857    12.9008     -0.076    7.38559    12.9006    -0.5417   13.63777 6.1055e+01 0.0000e+00
          2 205.347445    0.00007     0.0042      0.250     -0.077    180.535     0.0855    12.9008     -0.076    7.38561    12.9004    -0.5418   13.63781 6.2574e+01 0.0000e+00
          3 205.347448    0.00014     0.0083      0.500     -0.077    180.274     0.0854    12.9006     -0.076    7.38564    12.8999    -0.5419   13.63786 6.4133e+01 0.0000e+00
          4 205.347451    0.00021     0.0125      0.750     -0.078    180.159     0.0854    12.9004     -0.077    7.38568    12.8992    -0.5419   13.63793 6.5891e+01 0.0000e+00
          5 205.347454    0.00028     0.0167      1.000     -0.079    180.087     0.0854    12.8999     -0.078    7.38575    12.8979    -0.5419   13.63806 6.8558e+01 0.0000e+00
          6 205.347457    0.00035     0.0208      1.250     -0.080    180.124     0.0854    12.8992     -0.079    7.38588    12.8960    -0.5417   13.63827 7.3325e+01 0.0000e+00
          7 205.347459    0.00042     0.0250      1.500     -0.081    180.447     0.0856    12.8979     -0.080    7.38609    12.8935    -0.5414   13.63862 8.1129e+01 0.0000e+00
          8 205.347462    0.00049     0.0292      1.750     -0.084    181.312     0.0861    12.8959     -0.083    7.38638    12.8910    -0.5408   13.63912 9.2192e+01 0.0000e+00
          9 205.347465    0.00056     0.0333      2.000     -0.088    183.088     0.0870    12.8935     -0.087    7.38674    12.8887    -0.5398   13.63971 1.0673e+02 0.0000e+00
         10 205.347468    0.00063     0.0375      2.250     -0.091    186.451     0.0887    12.8910     -0.090    7.38708    12.8868    -0.5381   13.64026 1.2393e+02 0.0000e+00
         11 205.347471    0.00069     0.0417      2.500     -0.095    192.533     0.0919    12.8887     -0.094    7.38732    12.8855    -0.5354   13.64063 1.4077e+02 0.0000e+00
         12 205.347474    0.00076     0.0458      2.750     -0.098    202.970     0.0972    12.8868     -0.097    7.38739    12.8845    -0.5310   13.64066 1.5430e+02 0.0000e+00
         13 205.347477    0.00083     0.0500      3.000     -0.101    220.005     0.1060    12.8855     -0.100    7.38722    12.8839    -0.5240   13.64025 1.6426e+02 0.0000e+00
         14 205.347480    0.00090     0.0542      3.250     -0.103    247.241     0.1200    12.8845     -0.102    7.38674    12.8835    -0.5130   13.63925 1.7176e+02 0.0000e+00
         15 205.347483    0.00097     0.0583      3.500     -0.105    291.257     0.1428    12.8839     -0.104    7.38581    12.8834    -0.4952   13.63737 1.7759e+02 0.0000e+00
         16 205.347486    0.00104     0.0625      3.750     -0.107    363.432     0.1802    12.8835     -0.106    7.38418    12.8834    -0.4660   13.63409 1.8195e+02 0.0000e+00
         17 205.347488    0.00111     0.0667      4.000     -0.108    482.093     0.2418    12.8834     -0.107    7.38142    12.8836    -0.4181   13.62858 1.8485e+02 0.0000e+00
         18 205.347491    0.00118     0.0708      4.250     -0.108    677.123     0.3431    12.8834     -0.107    7.37684    12.8839    -0.3393   13.61943 1.8706e+02 0.0000e+00
         19 205.347494    0.00125     0.0750      4.500     -0.107    952.026     0.4874    12.8836     -0.106    7.37031    12.8845    -0.2272   13.60641 1.9005e+02 0.0000e+00
         20 205.347497    0.00132     0.0792      4.750     -0.106   1262.470     0.6547    12.8839     -0.105    7.36278    12.8856    -0.0974   13.59140 1.9480e+02 0.0000e+00
         21 205.347500    0.00139     0.0833      5.000     -0.105   1571.577     0.8290    12.8845     -0.104    7.35501    12.8873     0.0376   13.57597 2.0043e+02 0.0000e+00
         22 205.347503    0.00146     0.0875      5.250     -0.103   1892.307     1.0209    12.8856     -0.102    7.34660    12.8900     0.1859   13.55930 2.0468e+02 0.0000e+00
         23 205.347506    0.00153     0.0917      5.500     -0.099   2304.584     1.2789    12.8873     -0.098    7.33542    12.8946     0.3848   13.53721 2.0634e+02 0.0000e+00
         24 205.347509    0.00160     0.0958      5.750     -0.094   2944.430     1.6852    12.8900     -0.093    7.31789    12.9021     0.6978   13.50258 2.0568e+02 0.0000e+00
         25 205.347512    0.00167     0.1000      6.000     -0.085   4002.182     2.3584    12.8946     -0.085    7.28886    12.9145     1.2165   13.44524 2.0353e+02 0.0000e+00
         26 205.347514    0.00174     0.1042      6.250     -0.071   5773.168     3.4849    12.9021     -0.070    7.24028    12.9350     2.0844   13.34928 2.0100e+02 0.0000e+00
         27 205.347517    0.00181     0.1083      6.500     -0.047   8740.483     5.3707    12.9144     -0.046    7.15896    12.9690     3.5374   13.18862 1.9802e+02 0.0000e+00
         28 205.347520    0.00187     0.1125      6.750     -0.006  13708.255     8.5253    12.9349     -0.006    7.02292    13.0217     5.9682   12.91982 1.9339e+02 0.0000e+00
         29 205.347523    0.00194     0.1167      7.000      0.059  21397.569    13.4468    12.9690      0.058    6.81137    13.0888     9.7593   12.50213 1.8629e+02 0.0000e+00
         30 205.347526    0.00201     0.1208      7.250      0.152  30219.762    19.1548    13.0217      0.151    6.56583    13.1556    14.1529   12.01819 1.7588e+02 0.0000e+00
         31 205.347529    0.00208     0.1250      7.500      0.266  37024.684    23.5854    13.0888      0.263    6.37257    13.2093    17.5578   11.63848 1.5993e+02 0.0000e+00
         32 205.347532    0.00215     0.1292      7.750      0.387  41107.911    26.2461    13.1556      0.384    6.25317    13.2470    19.5974   11.40491 1.3958e+02 0.0000e+00
         33 205.347535    0.00222     0.1333      8.000      0.508  43534.688    27.8272    13.2093      0.504    6.18040    13.2717    20.8067   11.26306 1.2090e+02 0.0000e+00
         34 205.347538    0.00229     0.1375      8.250      0.626  44980.829    28.7692    13.2471      0.620    6.13629    13.2870    21.5261   11.17727 1.0751e+02 0.0000e+00
         35 205.347541    0.00236     0.1417      8.500      0.737  45843.052    29.3307    13.2718      0.731    6.10971    13.2957    21.9544   11.12565 1.0010e+02 0.0000e+00
         36 205.347543    0.00243     0.1458      8.750      0.836  46356.465    29.6648    13.2870      0.829    6.09381    13.3000    22.2092   11.09479 9.8360e+01 0.0000e+00
         37 205.347546    0.00250     0.1500      9.000      0.912  46662.525    29.8639    13.2958      0.903    6.08437    13.3018    22.3610   11.07647 9.9926e+01 0.0000e+00
         38 205.347549    0.00257     0.1542      9.250      0.960  46848.135    29.9846    13.3001      0.951    6.07878    13.3028    22.4533   11.06557 1.0235e+02 0.0000e+00
         39 205.347552    0.00264     0.1583      9.500      0.984  46964.468    30.0605    13.3019      0.975    6.07539    13.3041    22.5116   11.05895 1.0477e+02 0.0000e+00
         40 205.347555    0.00271     0.1625      9.750      0.991  47038.119    30.1088    13.3029      0.981    6.07327    13.3059    22.5486   11.05479 1.0712e+02 0.0000e+00
         41 205.347558    0.00278     0.1667     10.000      0.985  47083.197    30.1385    13.3042      0.976    6.07187    13.3080    22.5713   11.05209 1.0918e+02 0.0000e+00
         42 205.347561    0.00285     0.1708     10.250      0.973  47109.405    30.1558    13.3060      0.963    6.07093    13.3102    22.5843   11.05029 1.1101e+02 0.0000e+00
         43 205.347564    0.00292     0.1750     10.500      0.960  47123.757    30.1653    13.3081      0.951    6.07027    13.3123    22.5912   11.04907 1.1281e+02 0.0000e+00
         44 205.347567    0.00299     0.1792     10.750      0.953  47131.349    30.1703    13.3103      0.944    6.06978    13.3142    22.5946   11.04819 1.1400e+02 0.0000e+00
         45 205.347569    0.00306     0.1833     11.000      0.955  47135.455    30.1731    13.3124      0.946    6.06940    13.3159    22.5964   11.04751 1.1381e+02 0.0000e+00
         46 205.347572    0.00313     0.1875     11.250      0.966  47137.447    30.1745    13.3143      0.957    6.06909    13.3172    22.5971   11.04699 1.1300e+02 0.0000e+00
         47 205.347575    0.00319     0.1917     11.500      0.983  47138.009    30.1749    13.3160      0.974    6.06887    13.3182    22.5971   11.04660 1.1281e+02 0.0000e+00
         48 205.347578    0.00326     0.1958     11.750      1.002  47137.671    30.1747    13.3174      0.993    6.06870    13.3190    22.5966   11.04633 1.1291e+02 0.0000e+00
         49 205.347581    0.00333     0.2000     12.000      1.016  47137.098    30.1743    13.3184      1.007    6.06859    13.3196    22.5961   11.04614 1.1279e+02 0.0000e+00
         50 205.347584    0.00340     0.2042     12.250      1.022  47137.376    30.1745    13.3192      1.012    6.06848    13.3199    22.5962   11.04596 1.1300e+02 0.0000e+00
         51 205.347587    0.00347     0.2083     12.500      1.017  47139.027    30.1757    13.3197      1.008    6.06837    13.3201    22.5970   11.04576 1.1352e+02 0.0000e+00
         52 205.347590    0.00354     0.2125     12.750      1.005  47141.407    30.1774    13.3201      0.995    6.06826    13.3203    22.5982   11.04555 1.1394e+02 0.0000e+00
         53 205.347593    0.00361     0.2167     13.000      0.990  47143.627    30.1790    13.3203      0.980    6.06817    13.3205    22.5994   11.04539 1.1459e+02 0.0000e+00
         54 205.347595    0.00368     0.2208     13.250      0.978  47145.208    30.1802    13.3204      0.969    6.06810    13.3207    22.6003   11.04527 1.1536e+02 0.0000e+00
         55 205.347598    0.00375     0.2250     13.500      0.974  47146.063    30.1808    13.3206      0.966    6.06806    13.3208    22.6007   11.04519 1.1556e+02 0.0000e+00
         56 205.347601    0.00382     0.2292     13.750      0.979  47146.333    30.1810    13.3208      0.970    6.06803    13.3209    22.6008   11.04514 1.1512e+02 0.0000e+00
         57 205.347604    0.00389     0.2333     14.000      0.991  47146.153    30.1809    13.3210      0.982    6.06801    13.3211    22.6007   11.04511 1.1429e+02 0.0000e+00
         58 205.347607    0.00396     0.2375     14.250      1.007  47145.646    30.1805    13.3211      0.998    6.06801    13.3212    22.6004   11.04511 1.1320e+02 0.0000e+00
         59 205.347610    0.00403     0.2417     14.500      1.024  47144.879    30.1800    13.3212      1.014    6.06802    13.3212    22.6000   11.04513 1.1218e+02 0.0000e+00
         60 205.347613    0.00410     0.2458     14.750      1.036  47144.115    30.1795    13.3213      1.027    6.06802    13.3212    22.5995   11.04515 1.1161e+02 0.0000e+00
         61 205.347616    0.00417     0.2500     15.000      1.042  47143.739    30.1792    13.3213      1.032    6.06803    13.3212    22.5993   11.04516 1.1165e+02 0.0000e+00
         62 205.347619    0.00424     0.2542     15.250      1.038  47143.801    30.1792    13.3214      1.028    6.06803    13.3212    22.5994   11.04515 1.1196e+02 0.0000e+00
         63 205.347622    0.00431     0.2583     15.500      1.025  47144.361    30.1796    13.3214      1.015    6.06801    13.3212    22.5997   11.04513 1.1234e+02 0.0000e+00
         64 205.347624    0.00438     0.2625     15.750      1.006  47145.260    30.1802    13.3214      0.996    6.06799    13.3214    22.6002   11.04508 1.1293e+02 0.0000e+00
         65 205.347627    0.00444     0.2667     16.000      0.986  47145.977    30.1808    13.3214      0.976    6.06796    13.3216    22.6005   11.04503 1.1360e+02 0.0000e+00
         66 205.347630    0.00451     0.2708     16.250      0.969  47146.348    30.1811    13.3216      0.960    6.06793    13.3219    22.6007   11.04497 1.1419e+02 0.0000e+00
         67 205.347633    0.00458     0.2750     16.500      0.962  47146.468    30.1812    13.3218      0.953    6.06790    13.3222    22.6008   11.04492 1.1439e+02 0.0000e+00
         68 205.347636    0.00465     0.2792     16.750      0.964  47146.342    30.1811    13.3221      0.955    6.06787    13.3226    22.6007   11.04486 1.1369e+02 0.0000e+00
         69 205.347639    0.00472     0.2833     17.000      0.975  47146.029    30.1809    13.3224      0.966    6.06783    13.3229    22.6005   11.04481 1.1214e+02 0.0000e+00
         70 205.347642    0.00479     0.2875     17.250      0.993  47145.642    30.1807    13.3227      0.984    6.06780    13.3231    22.6002   11.04476 1.1066e+02 0.0000e+00
         71 205.347645    0.00486     0.2917     17.500      1.015  47145.200    30.1804    13.3230      1.005    6.06777    13.3233    22.5999   11.04472 1.1006e+02 0.0000e+00
         72 205.347648    0.00493     0.2958     17.750      1.034  47144.714    30.1800    13.3233      1.024    6.06776    13.3234    22.5996   11.04469 1.0995e+02 0.0000e+00
         73 205.347650    0.00500     0.3000     18.000      1.048  47144.274    30.1797    13.3234      1.038    6.06775    13.3235    22.5993   11.04468 1.0969e+02 0.0000e+00
         74 205.347653    0.00507     0.3042     18.250      1.054  47143.993    30.1795    13.3235      1.044    6.06774    13.3235    22.5992   11.04467 1.0959e+02 0.0000e+00
         75 205.347656    0.00514     0.3083     18.500      1.050  47143.964    30.1795    13.3236      1.040    6.06773    13.3235    22.5992   11.04466 1.0999e+02 0.0000e+00
         76 205.347659    0.00521     0.3125     18.750      1.039  47144.189    30.1797    13.3236      1.029    6.06772    13.3235    22.5993   11.04464 1.1071e+02 0.0000e+00
         77 205.347662    0.00528     0.3167     19.000      1.024  47144.483    30.1799    13.3236      1.014    6.06771    13.3235    22.5994   11.04463 1.1147e+02 0.0000e+00
         78 205.347665    0.00535     0.3208     19.250      1.009  47144.595    30.1800    13.3236      0.999    6.06771    13.3235    22.5995   11.04462 1.1195e+02 0.0000e+00
         79 205.347668    0.00542     0.3250     19.500      0.995  47144.391    30.1799    13.3236      0.985    6.06771    13.3235    22.5994   11.04463 1.1217e+02 0.0000e+00
         80 205.347671    0.00549     0.3292     19.750      0.982  47143.914    30.1795    13.3236      0.973    6.06773    13.3234    22.5991   11.04465 1.1233e+02 0.0000e+00
         81 205.347674    0.00556     0.3333     20.000      0.970  47143.342    30.1791    13.3236      0.961    6.06775    13.3232    22.5988   11.04469 1.1246e+02 0.0000e+00
         82 205.347677    0.00562     0.3375     20.250      0.959  47142.858    30.1788    13.3235      0.950    6.06777    13.3230    22.5986   11.04474 1.1271e+02 0.0000e+00
         83 205.347679    0.00569     0.3417     20.500      0.948  47142.558    30.1785    13.3233      0.940    6.06780    13.3226    22.5985   11.04479 1.1301e+02 0.0000e+00
         84 205.347682    0.00576     0.3458     20.750      0.941  47142.403    30.1784    13.3231      0.933    6.06784    13.3222    22.5984   11.04485 1.1300e+02 0.0000e+00
         85 205.347685    0.00583     0.3500     21.000      0.940  47142.354    30.1784    13.3227      0.931    6.06788    13.3217    22.5984   11.04493 1.1242e+02 0.0000e+00
         86 205.347688    0.00590     0.3542     21.250      0.947  47142.465    30.1784    13.3223      0.938    6.06794    13.3211    22.5985   11.04502 1.1130e+02 0.0000e+00
         87 205.347691    0.00597     0.3583     21.500      0.964  47142.391    30.1783    13.3218      0.955    6.06801    13.3206    22.5985   11.04513 1.0993e+02 0.0000e+00
         88 205.347694    0.00604     0.3625     21.750      0.990  47141.484    30.1776    13.3212      0.980    6.06810    13.3200    22.5981   11.04529 1.0871e+02 0.0000e+00
         89 205.347697    0.00611     0.3667     22.000      1.021  47139.446    30.1761    13.3207      1.011    6.06822    13.3194    22.5970   11.04552 1.0769e+02 0.0000e+00
         90 205.347700    0.00618     0.3708     22.250      1.053  47136.025    30.1736    13.3201      1.043    6.06839    13.3186    22.5952   11.04582 1.0670e+02 0.0000e+00
