CTD-processing/allCTD/CNV--turbid/2014_04-06_t6_s27_cast264.cnv
* Sea-Bird SBE19plus Data File:
* FileName = C:\Users\kris.holderied\Documents\kasitsna\Research-Projects-and-Data\Oceanography-AK\CTD-CookInlet-GulfWatchAK\2014-04-EVOSTC-CookInlet-Ocean\2014-04-06-CookInlet-Tran6-Douglas\2014-04-06-CookInlet-Tran6-cast264.hex
* Software Version 1.59
* Temperature SN =  5028
* Conductivity SN =  5028
* System UpLoad Time = Apr 09 2014 11:46:36
** Cook Inlet LTM Transect 6 (Douglas) east to west
** Date: 6 Apr 2014
** Station: 6-27
** Start time: 17:18
** Depth (m): 146
** Comment:  CTD instrument time is AK Daylight time
** Comment:
# nquan = 16
# nvalues = 1028                        
# units = specified
# name 0 = scan: Scan Count
# name 1 = timeJ: Julian Days
# name 2 = timeH: Time, Elapsed [hours]
# name 3 = timeM: Time, Elapsed [minutes]
# name 4 = timeS: Time, Elapsed [seconds]
# name 5 = prdM: Pressure, Strain Gauge [db]
# name 6 = specc: Specific Conductance [uS/cm]
# name 7 = sal00: Salinity, Practical [PSU]
# name 8 = tv290C: Temperature [ITS-90, deg C]
# name 9 = depSM: Depth [salt water, m], lat = 59.00
# name 10 = oxsolML/L: Oxygen Saturation, Garcia & Gordon [ml/l]
# name 11 = potemp090C: Potential Temperature [ITS-90, deg C]
# name 12 = sigma-é00: Density [sigma-theta, kg/m^3]
# name 13 = n2satML/L: Nitrogen Saturation [ml/l]
# name 14 = par: PAR/Irradiance, Biospherical/Licor
# name 15 = flag:  0.000e+00
# span 0 =          1,       1028       
# span 1 =  96.720336,  96.723307       
# span 2 =    0.00000,    0.07132       
# span 3 =     0.0000,     4.2792       
# span 4 =      0.000,    256.750       
# span 5 =     -0.197,    141.116       
# span 6 =    705.840,  51830.131       
# span 7 =     0.3318,    32.1569       
# span 8 =     3.1870,     4.7695       
# span 9 =     -0.195,    139.749       
# span 10 =    7.24904,    9.03475      
# span 11 =     3.1869,     4.7594      
# span 12 =     0.2398,    25.4478      
# span 13 =   12.97621,   16.41540      
# span 14 = 3.7912e-02, 1.6312e+02      
# span 15 = 0.0000e+00, 0.0000e+00      
# interval = seconds: 0.25
# start_time = Apr 06 2014 17:17:17 [Instrument's time stamp, header]
# bad_flag = -9.990e-29
*END*
[from data line 181]
        182  96.720859    0.01257     0.7542     45.250      1.942  51187.822    31.4525     3.3678      1.924    7.53643     3.3839    25.0229   13.45970 5.3656e+01 0.0000e+00
        183  96.720862    0.01264     0.7583     45.500      1.935  51160.188    31.4363     3.3778      1.917    7.53540     3.3872    25.0091   13.45821 5.4503e+01 0.0000e+00
        184  96.720865    0.01271     0.7625     45.750      1.924  51142.562    31.4259     3.3840      1.906    7.53479     3.3886    25.0003   13.45734 5.5061e+01 0.0000e+00
        185  96.720868    0.01278     0.7667     46.000      1.914  51135.324    31.4219     3.3873      1.896    7.53438     3.3892    24.9968   13.45671 5.5378e+01 0.0000e+00
        186  96.720871    0.01285     0.7708     46.250      1.903  51136.985    31.4234     3.3887      1.885    7.53404     3.3897    24.9979   13.45612 5.5638e+01 0.0000e+00
        187  96.720874    0.01292     0.7750     46.500      1.892  51143.816    31.4281     3.3893      1.874    7.53369     3.3904    25.0016   13.45548 5.5936e+01 0.0000e+00
        188  96.720877    0.01299     0.7792     46.750      1.879  51151.395    31.4334     3.3898      1.861    7.53332     3.3913    25.0058   13.45482 5.6201e+01 0.0000e+00
        189  96.720880    0.01306     0.7833     47.000      1.862  51157.393    31.4377     3.3905      1.845    7.53297     3.3922    25.0091   13.45418 5.6385e+01 0.0000e+00
        190  96.720883    0.01313     0.7875     47.250      1.842  51161.099    31.4404     3.3914      1.824    7.53267     3.3928    25.0112   13.45365 5.6565e+01 0.0000e+00
        191  96.720885    0.01319     0.7917     47.500      1.817  51161.750    31.4411     3.3923      1.800    7.53247     3.3927    25.0117   13.45331 5.6794e+01 0.0000e+00
        192  96.720888    0.01326     0.7958     47.750      1.791  51159.059    31.4395     3.3929      1.774    7.53244     3.3914    25.0103   13.45329 5.6957e+01 0.0000e+00
        193  96.720891    0.01333     0.8000     48.000      1.765  51153.848    31.4359     3.3928      1.748    7.53264     3.3883    25.0075   13.45367 5.6872e+01 0.0000e+00
        194  96.720894    0.01340     0.8042     48.250      1.742  51148.297    31.4318     3.3915      1.726    7.53309     3.3827    25.0044   13.45446 5.6564e+01 0.0000e+00
        195  96.720897    0.01347     0.8083     48.500      1.727  51145.434    31.4291     3.3884      1.711    7.53381     3.3741    25.0025   13.45568 5.6235e+01 0.0000e+00
        196  96.720900    0.01354     0.8125     48.750      1.720  51148.234    31.4296     3.3828      1.704    7.53483     3.3636    25.0033   13.45737 5.5996e+01 0.0000e+00
        197  96.720903    0.01361     0.8167     49.000      1.724  51158.405    31.4343     3.3742      1.708    7.53618     3.3530    25.0079   13.45953 5.5735e+01 0.0000e+00
        198  96.720906    0.01368     0.8208     49.250      1.737  51174.296    31.4424     3.3637      1.720    7.53773     3.3436    25.0153   13.46197 5.5262e+01 0.0000e+00
        199  96.720909    0.01375     0.8250     49.500      1.758  51191.574    31.4514     3.3531      1.741    7.53923     3.3353    25.0234   13.46434 5.4563e+01 0.0000e+00
        200  96.720911    0.01382     0.8292     49.750      1.785  51207.263    31.4597     3.3437      1.769    7.54056     3.3280    25.0307   13.46642 5.3824e+01 0.0000e+00
        201  96.720914    0.01389     0.8333     50.000      1.819  51221.369    31.4671     3.3354      1.802    7.54172     3.3221    25.0374   13.46823 5.3208e+01 0.0000e+00
        202  96.720917    0.01396     0.8375     50.250      1.856  51235.155    31.4746     3.3281      1.839    7.54270     3.3184    25.0440   13.46974 5.2703e+01 0.0000e+00
        203  96.720920    0.01403     0.8417     50.500      1.897  51249.554    31.4828     3.3222      1.879    7.54337     3.3175    25.0511   13.47074 5.2204e+01 0.0000e+00
        204  96.720923    0.01410     0.8458     50.750      1.938  51263.601    31.4914     3.3185      1.919    7.54363     3.3196    25.0582   13.47105 5.1748e+01 0.0000e+00
        205  96.720926    0.01417     0.8500     51.000      1.975  51274.420    31.4985     3.3176      1.957    7.54344     3.3252    25.0639   13.47065 5.1508e+01 0.0000e+00
        206  96.720929    0.01424     0.8542     51.250      2.006  51279.980    31.5028     3.3197      1.987    7.54283     3.3352    25.0672   13.46958 5.1515e+01 0.0000e+00
        207  96.720932    0.01431     0.8583     51.500      2.025  51278.928    31.5035     3.3253      2.006    7.54173     3.3490    25.0672   13.46776 5.1699e+01 0.0000e+00
        208  96.720935    0.01438     0.8625     51.750      2.030  51269.071    31.4994     3.3353      2.012    7.54009     3.3644    25.0630   13.46511 5.2194e+01 0.0000e+00
        209  96.720938    0.01444     0.8667     52.000      2.019  51249.727    31.4897     3.3491      2.000    7.53802     3.3785    25.0542   13.46182 5.3260e+01 0.0000e+00
        210  96.720940    0.01451     0.8708     52.250      1.991  51223.226    31.4757     3.3645      1.972    7.53588     3.3891    25.0416   13.45848 5.4845e+01 0.0000e+00
        211  96.720943    0.01458     0.8750     52.500      1.946  51193.321    31.4590     3.3786      1.928    7.53411     3.3948    25.0271   13.45577 5.6531e+01 0.0000e+00
        212  96.720946    0.01465     0.8792     52.750      1.891  51164.382    31.4420     3.3892      1.873    7.53300     3.3948    25.0127   13.45416 5.7973e+01 0.0000e+00
        213  96.720949    0.01472     0.8833     53.000      1.831  51141.505    31.4280     3.3949      1.814    7.53265     3.3885    25.0010   13.45378 5.9115e+01 0.0000e+00
        214  96.720952    0.01479     0.8875     53.250      1.774  51129.469    31.4198     3.3949      1.758    7.53308     3.3771    24.9945   13.45459 6.0014e+01 0.0000e+00
        215  96.720955    0.01486     0.8917     53.500      1.728  51131.014    31.4193     3.3886      1.712    7.53426     3.3636    24.9947   13.45656 6.0718e+01 0.0000e+00
        216  96.720958    0.01493     0.8958     53.750      1.697  51145.862    31.4265     3.3772      1.681    7.53602     3.3519    25.0014   13.45937 6.1236e+01 0.0000e+00
        217  96.720961    0.01500     0.9000     54.000      1.684  51171.432    31.4405     3.3637      1.668    7.53782     3.3447    25.0137   13.46214 6.1337e+01 0.0000e+00
        218  96.720964    0.01507     0.9042     54.250      1.687  51202.146    31.4584     3.3520      1.671    7.53908     3.3435    25.0289   13.46398 6.0661e+01 0.0000e+00
        219  96.720966    0.01514     0.9083     54.500      1.704  51229.153    31.4749     3.3448      1.688    7.53957     3.3486    25.0427   13.46458 5.9256e+01 0.0000e+00
        220  96.720969    0.01521     0.9125     54.750      1.730  51243.983    31.4846     3.3436      1.713    7.53929     3.3576    25.0506   13.46399 5.7623e+01 0.0000e+00
        221  96.720972    0.01528     0.9167     55.000      1.762  51242.377    31.4848     3.3487      1.745    7.53835     3.3671    25.0503   13.46243 5.6206e+01 0.0000e+00
        222  96.720975    0.01535     0.9208     55.250      1.796  51226.748    31.4764     3.3577      1.779    7.53709     3.3748    25.0428   13.46047 5.5098e+01 0.0000e+00
        223  96.720978    0.01542     0.9250     55.500      1.833  51204.712    31.4639     3.3672      1.815    7.53596     3.3799    25.0320   13.45877 5.4208e+01 0.0000e+00
        224  96.720981    0.01549     0.9292     55.750      1.870  51184.642    31.4522     3.3749      1.852    7.53514     3.3832    25.0220   13.45757 5.3488e+01 0.0000e+00
        225  96.720984    0.01556     0.9333     56.000      1.906  51171.937    31.4449     3.3800      1.888    7.53455     3.3854    25.0158   13.45670 5.2974e+01 0.0000e+00
        226  96.720987    0.01563     0.9375     56.250      1.939  51167.566    31.4427     3.3833      1.921    7.53406     3.3868    25.0138   13.45591 5.2670e+01 0.0000e+00
        227  96.720990    0.01569     0.9417     56.500      1.967  51169.277    31.4444     3.3855      1.949    7.53357     3.3878    25.0149   13.45507 5.2457e+01 0.0000e+00
        228  96.720992    0.01576     0.9458     56.750      1.990  51173.703    31.4478     3.3869      1.972    7.53312     3.3886    25.0175   13.45429 5.2182e+01 0.0000e+00
        229  96.720995    0.01583     0.9500     57.000      2.006  51178.323    31.4512     3.3879      1.987    7.53277     3.3901    25.0201   13.45367 5.1879e+01 0.0000e+00
        230  96.720998    0.01590     0.9542     57.250      2.014  51181.673    31.4536     3.3887      1.996    7.53248     3.3924    25.0220   13.45317 5.1815e+01 0.0000e+00
        231  96.721001    0.01597     0.9583     57.500      2.014  51182.657    31.4547     3.3902      1.995    7.53217     3.3954    25.0227   13.45263 5.2228e+01 0.0000e+00
        232  96.721004    0.01604     0.9625     57.750      2.004  51180.767    31.4540     3.3925      1.986    7.53177     3.3984    25.0219   13.45198 5.3120e+01 0.0000e+00
        233  96.721007    0.01611     0.9667     58.000      1.984  51176.445    31.4518     3.3955      1.966    7.53133     3.4010    25.0199   13.45128 5.4330e+01 0.0000e+00
        234  96.721010    0.01618     0.9708     58.250      1.954  51170.786    31.4488     3.3985      1.936    7.53092     3.4027    25.0172   13.45064 5.5637e+01 0.0000e+00
        235  96.721013    0.01625     0.9750     58.500      1.918  51164.917    31.4454     3.4011      1.900    7.53061     3.4035    25.0143   13.45019 5.6882e+01 0.0000e+00
        236  96.721016    0.01632     0.9792     58.750      1.877  51159.446    31.4422     3.4028      1.859    7.53046     3.4034    25.0116   13.44998 5.8009e+01 0.0000e+00
        237  96.721019    0.01639     0.9833     59.000      1.834  51154.231    31.4389     3.4036      1.817    7.53048     3.4024    25.0089   13.45006 5.8923e+01 0.0000e+00
        238  96.721021    0.01646     0.9875     59.250      1.794  51148.784    31.4352     3.4035      1.777    7.53069     3.4006    25.0060   13.45045 5.9540e+01 0.0000e+00
        239  96.721024    0.01653     0.9917     59.500      1.759  51143.387    31.4313     3.4025      1.743    7.53107     3.3982    25.0030   13.45112 5.9955e+01 0.0000e+00
        240  96.721027    0.01660     0.9958     59.750      1.733  51139.723    31.4283     3.4007      1.717    7.53156     3.3959    25.0008   13.45197 6.0237e+01 0.0000e+00
        241  96.721030    0.01667     1.0000     60.000      1.716  51139.428    31.4275     3.3983      1.700    7.53205     3.3946    25.0003   13.45279 6.0279e+01 0.0000e+00
        242  96.721033    0.01674     1.0042     60.250      1.705  51142.249    31.4289     3.3960      1.689    7.53240     3.3947    25.0016   13.45335 6.0070e+01 0.0000e+00
        243  96.721036    0.01681     1.0083     60.500      1.698  51145.527    31.4308     3.3947      1.682    7.53255     3.3960    25.0032   13.45358 5.9724e+01 0.0000e+00
        244  96.721039    0.01688     1.0125     60.750      1.691  51143.937    31.4297     3.3948      1.676    7.53259     3.3974    25.0024   13.45366 5.9231e+01 0.0000e+00
        245  96.721042    0.01694     1.0167     61.000      1.683  51135.022    31.4240     3.3961      1.668    7.53263     3.3972    24.9977   13.45381 5.8649e+01 0.0000e+00
        246  96.721045    0.01701     1.0208     61.250      1.669  51124.066    31.4169     3.3975      1.654    7.53274     3.3945    24.9919   13.45407 5.8343e+01 0.0000e+00
        247  96.721047    0.01708     1.0250     61.500      1.639  51115.058    31.4107     3.3973      1.624    7.53309     3.3875    24.9871   13.45474 5.8685e+01 0.0000e+00
        248  96.721050    0.01715     1.0292     61.750      1.591  51101.485    31.4009     3.3946      1.576    7.53410     3.3720    24.9794   13.45653 5.9326e+01 0.0000e+00
        249  96.721053    0.01722     1.0333     62.000      1.546  51077.698    31.3830     3.3876      1.532    7.53632     3.3478    24.9658   13.46044 5.9340e+01 0.0000e+00
        250  96.721056    0.01729     1.0375     62.250      1.534  51060.405    31.3674     3.3721      1.520    7.54000     3.3213    24.9547   13.46671 5.8601e+01 0.0000e+00
        251  96.721059    0.01736     1.0417     62.500      1.558  51072.490    31.3694     3.3479      1.544    7.54440     3.2995    24.9585   13.47395 5.7751e+01 0.0000e+00
        252  96.721062    0.01743     1.0458     62.750      1.597  51109.906    31.3881     3.3214      1.582    7.54839     3.2851    24.9756   13.48029 5.7089e+01 0.0000e+00
        253  96.721065    0.01750     1.0500     63.000      1.628  51152.882    31.4117     3.2996      1.613    7.55125     3.2774    24.9963   13.48470 5.6759e+01 0.0000e+00
        254  96.721068    0.01757     1.0542     63.250      1.645  51188.740    31.4323     3.2852      1.630    7.55288     3.2743    25.0140   13.48710 5.7203e+01 0.0000e+00
        255  96.721071    0.01764     1.0583     63.500      1.647  51212.471    31.4464     3.2775      1.631    7.55359     3.2738    25.0259   13.48809 5.8807e+01 0.0000e+00
        256  96.721073    0.01771     1.0625     63.750      1.632  51223.481    31.4531     3.2744      1.617    7.55381     3.2741    25.0315   13.48837 6.1434e+01 0.0000e+00
        257  96.721076    0.01778     1.0667     64.000      1.604  51225.392    31.4543     3.2739      1.589    7.55384     3.2740    25.0325   13.48840 6.4474e+01 0.0000e+00
        258  96.721079    0.01785     1.0708     64.250      1.562  51223.176    31.4529     3.2742      1.548    7.55387     3.2733    25.0313   13.48847 6.7239e+01 0.0000e+00
        259  96.721082    0.01792     1.0750     64.500      1.511  51219.609    31.4505     3.2741      1.497    7.55401     3.2716    25.0294   13.48872 6.9200e+01 0.0000e+00
        260  96.721085    0.01799     1.0792     64.750      1.453  51215.484    31.4476     3.2734      1.440    7.55430     3.2687    25.0271   13.48924 7.0084e+01 0.0000e+00
        261  96.721088    0.01806     1.0833     65.000      1.396  51211.875    31.4447     3.2717      1.383    7.55476     3.2647    25.0250   13.49005 7.0253e+01 0.0000e+00
        262  96.721091    0.01812     1.0875     65.250      1.348  51210.983    31.4434     3.2688      1.336    7.55537     3.2604    25.0242   13.49106 7.0507e+01 0.0000e+00
        263  96.721094    0.01819     1.0917     65.500      1.316  51215.194    31.4452     3.2648      1.303    7.55602     3.2572    25.0260   13.49212 7.0916e+01 0.0000e+00
        264  96.721097    0.01826     1.0958     65.750      1.303  51226.455    31.4518     3.2605      1.290    7.55649     3.2563    25.0316   13.49280 7.0601e+01 0.0000e+00
        265  96.721100    0.01833     1.1000     66.000      1.309  51243.480    31.4625     3.2573      1.297    7.55654     3.2583    25.0404   13.49274 6.8822e+01 0.0000e+00
        266  96.721102    0.01840     1.1042     66.250      1.332  51260.254    31.4736     3.2564      1.320    7.55615     3.2634    25.0494   13.49194 6.5851e+01 0.0000e+00
        267  96.721105    0.01847     1.1083     66.500      1.369  51269.786    31.4806     3.2584      1.356    7.55541     3.2704    25.0547   13.49063 6.2730e+01 0.0000e+00
        268  96.721108    0.01854     1.1125     66.750      1.417  51267.557    31.4803     3.2635      1.403    7.55446     3.2774    25.0541   13.48907 6.0284e+01 0.0000e+00
        269  96.721111    0.01861     1.1167     67.000      1.472  51254.745    31.4734     3.2705      1.458    7.55350     3.2829    25.0480   13.48759 5.8623e+01 0.0000e+00
        270  96.721114    0.01868     1.1208     67.250      1.530  51238.710    31.4643     3.2774      1.516    7.55268     3.2867    25.0401   13.48635 5.7487e+01 0.0000e+00
        271  96.721117    0.01875     1.1250     67.500      1.586  51226.629    31.4575     3.2829      1.571    7.55200     3.2891    25.0342   13.48532 5.6778e+01 0.0000e+00
