CTD-processing/allCTD/CNV--turbid/2014_04-11_t3_s09_cast009.cnv
* Sea-Bird SBE19plus Data File:
* FileName = C:\Users\kris.holderied\Documents\kasitsna\Research-Projects-and-Data\Oceanography-AK\CTD-CookInlet-GulfWatchAK\2014-04-EVOSTC-CookInlet-Ocean\2014-04-11-CookInlet-Tran3-AnchorPt\2014-04-11-CookInlet-Tran3-AnchorPt-cast009.hex
* Software Version 1.59
* Temperature SN =  5028
* Conductivity SN =  5028
* System UpLoad Time = Apr 11 2014 15:34:47
** Cook Inlet LTM Transect 3 (Anchor Pt) west to east
** Date: 2014-04-11
** Station: 3-09
** Start time: 13:13
** Depth (m): 74
** Comment:  CTD time is AKDaylight
** Comment:
# nquan = 16
# nvalues = 602                         
# units = specified
# name 0 = scan: Scan Count
# name 1 = timeJ: Julian Days
# name 2 = timeH: Time, Elapsed [hours]
# name 3 = timeM: Time, Elapsed [minutes]
# name 4 = timeS: Time, Elapsed [seconds]
# name 5 = prdM: Pressure, Strain Gauge [db]
# name 6 = specc: Specific Conductance [uS/cm]
# name 7 = sal00: Salinity, Practical [PSU]
# name 8 = tv290C: Temperature [ITS-90, deg C]
# name 9 = depSM: Depth [salt water, m], lat = 59.00
# name 10 = oxsolML/L: Oxygen Saturation, Garcia & Gordon [ml/l]
# name 11 = potemp090C: Potential Temperature [ITS-90, deg C]
# name 12 = sigma-é00: Density [sigma-theta, kg/m^3]
# name 13 = n2satML/L: Nitrogen Saturation [ml/l]
# name 14 = par: PAR/Irradiance, Biospherical/Licor
# name 15 = flag:  0.000e+00
# span 0 =          1,        602       
# span 1 = 101.551111, 101.552850       
# span 2 =    0.00000,    0.04174       
# span 3 =     0.0000,     2.5042       
# span 4 =      0.000,    150.250       
# span 5 =      0.059,     73.754       
# span 6 =   1152.707,  51312.292       
# span 7 =     0.5453,    31.6569       
# span 8 =     2.0843,     3.9885       
# span 9 =      0.058,     73.052       
# span 10 =    7.41228,    9.61916      
# span 11 =     2.0844,     3.9849      
# span 12 =     0.3885,    25.1318      
# span 13 =   13.25214,   17.39099      
# span 14 = 3.7912e-02, 1.5450e+02      
# span 15 = 0.0000e+00, 0.0000e+00      
# interval = seconds: 0.25
# start_time = Apr 11 2014 13:13:36 [Instrument's time stamp, header]
# bad_flag = -9.990e-29
*END*
[from data line 452]
        453 101.552419    0.03139     1.8833    113.000     42.852  51287.200    31.6484     3.9726     42.447    7.41556     3.9697    25.1237   13.25765 6.2136e-02 0.0000e+00
        454 101.552422    0.03146     1.8875    113.250     43.049  51287.344    31.6484     3.9725     42.642    7.41557     3.9696    25.1237   13.25767 6.0616e-02 0.0000e+00
        455 101.552425    0.03153     1.8917    113.500     43.250  51287.348    31.6482     3.9724     42.841    7.41559     3.9694    25.1236   13.25771 5.9161e-02 0.0000e+00
        456 101.552428    0.03160     1.8958    113.750     43.457  51287.303    31.6481     3.9723     43.046    7.41562     3.9692    25.1235   13.25776 5.7758e-02 0.0000e+00
        457 101.552431    0.03167     1.9000    114.000     43.670  51287.321    31.6479     3.9722     43.257    7.41566     3.9691    25.1234   13.25782 5.6401e-02 0.0000e+00
        458 101.552433    0.03174     1.9042    114.250     43.890  51287.628    31.6480     3.9720     43.475    7.41569     3.9690    25.1235   13.25787 5.5088e-02 0.0000e+00
        459 101.552436    0.03181     1.9083    114.500     44.114  51288.081    31.6482     3.9719     43.697    7.41570     3.9689    25.1237   13.25789 5.3817e-02 0.0000e+00
        460 101.552439    0.03188     1.9125    114.750     44.339  51288.278    31.6482     3.9718     43.919    7.41571     3.9689    25.1237   13.25791 5.2599e-02 0.0000e+00
        461 101.552442    0.03194     1.9167    115.000     44.561  51288.158    31.6480     3.9718     44.139    7.41573     3.9687    25.1235   13.25794 5.1456e-02 0.0000e+00
        462 101.552445    0.03201     1.9208    115.250     44.779  51288.018    31.6477     3.9717     44.355    7.41576     3.9685    25.1233   13.25799 5.0407e-02 0.0000e+00
        463 101.552448    0.03208     1.9250    115.500     44.991  51287.962    31.6476     3.9716     44.565    7.41579     3.9683    25.1232   13.25804 4.9453e-02 0.0000e+00
        464 101.552451    0.03215     1.9292    115.750     45.197  51288.102    31.6475     3.9714     44.769    7.41583     3.9683    25.1232   13.25810 4.8578e-02 0.0000e+00
        465 101.552454    0.03222     1.9333    116.000     45.399  51288.808    31.6478     3.9712     44.969    7.41584     3.9685    25.1235   13.25812 4.7760e-02 0.0000e+00
        466 101.552457    0.03229     1.9375    116.250     45.599  51290.226    31.6487     3.9712     45.168    7.41580     3.9691    25.1242   13.25805 4.6979e-02 0.0000e+00
        467 101.552459    0.03236     1.9417    116.500     45.802  51292.026    31.6499     3.9714     45.369    7.41570     3.9701    25.1251   13.25787 4.6218e-02 0.0000e+00
        468 101.552462    0.03243     1.9458    116.750     46.011  51293.643    31.6510     3.9720     45.576    7.41553     3.9713    25.1259   13.25758 4.5467e-02 0.0000e+00
        469 101.552465    0.03250     1.9500    117.000     46.226  51294.783    31.6520     3.9730     45.789    7.41531     3.9724    25.1266   13.25719 4.4727e-02 0.0000e+00
        470 101.552468    0.03257     1.9542    117.250     46.445  51294.920    31.6522     3.9742     46.006    7.41508     3.9730    25.1267   13.25681 4.4007e-02 0.0000e+00
        471 101.552471    0.03264     1.9583    117.500     46.667  51293.497    31.6514     3.9753     46.226    7.41492     3.9732    25.1259   13.25655 4.3311e-02 0.0000e+00
        472 101.552474    0.03271     1.9625    117.750     46.888  51291.627    31.6502     3.9760     46.445    7.41486     3.9731    25.1249   13.25647 4.2653e-02 0.0000e+00
        473 101.552477    0.03278     1.9667    118.000     47.104  51291.226    31.6498     3.9761     46.658    7.41485     3.9734    25.1246   13.25645 4.2047e-02 0.0000e+00
        474 101.552480    0.03285     1.9708    118.250     47.310  51292.933    31.6509     3.9761     46.863    7.41480     3.9741    25.1254   13.25636 4.1497e-02 0.0000e+00
        475 101.552483    0.03292     1.9750    118.500     47.506  51295.659    31.6527     3.9763     47.056    7.41467     3.9752    25.1269   13.25612 4.1005e-02 0.0000e+00
        476 101.552486    0.03299     1.9792    118.750     47.691  51297.548    31.6541     3.9771     47.240    7.41446     3.9763    25.1279   13.25577 4.0569e-02 0.0000e+00
        477 101.552488    0.03306     1.9833    119.000     47.869  51297.953    31.6545     3.9782     47.416    7.41423     3.9773    25.1282   13.25539 4.0180e-02 0.0000e+00
        478 101.552491    0.03313     1.9875    119.250     48.045  51297.513    31.6544     3.9794     47.590    7.41403     3.9780    25.1280   13.25505 3.9815e-02 0.0000e+00
        479 101.552494    0.03319     1.9917    119.500     48.224  51296.832    31.6541     3.9804     47.767    7.41387     3.9784    25.1276   13.25479 3.9460e-02 0.0000e+00
        480 101.552497    0.03326     1.9958    119.750     48.411  51296.145    31.6537     3.9811     47.953    7.41376     3.9787    25.1272   13.25462 3.9123e-02 0.0000e+00
        481 101.552500    0.03333     2.0000    120.000     48.608  51295.647    31.6534     3.9815     48.148    7.41370     3.9789    25.1269   13.25451 3.8812e-02 0.0000e+00
        482 101.552503    0.03340     2.0042    120.250     48.815  51295.617    31.6533     3.9818     48.353    7.41365     3.9791    25.1268   13.25444 3.8534e-02 0.0000e+00
        483 101.552506    0.03347     2.0083    120.500     49.031  51295.999    31.6535     3.9820     48.567    7.41361     3.9793    25.1270   13.25436 3.8309e-02 0.0000e+00
        484 101.552509    0.03354     2.0125    120.750     49.251  51296.458    31.6537     3.9822     48.784    7.41357     3.9795    25.1271   13.25428 3.8153e-02 0.0000e+00
        485 101.552512    0.03361     2.0167    121.000     49.471  51296.820    31.6539     3.9824     49.002    7.41352     3.9797    25.1272   13.25420 3.8057e-02 0.0000e+00
        486 101.552514    0.03368     2.0208    121.250     49.686  51297.013    31.6540     3.9826     49.215    7.41347     3.9799    25.1273   13.25412 3.7999e-02 0.0000e+00
        487 101.552517    0.03375     2.0250    121.500     49.893  51297.033    31.6540     3.9828     49.420    7.41343     3.9800    25.1272   13.25405 3.7964e-02 0.0000e+00
        488 101.552520    0.03382     2.0292    121.750     50.087  51296.997    31.6539     3.9830     49.613    7.41339     3.9801    25.1272   13.25400 3.7943e-02 0.0000e+00
        489 101.552523    0.03389     2.0333    122.000     50.271  51297.000    31.6539     3.9832     49.795    7.41337     3.9802    25.1271   13.25396 3.7930e-02 0.0000e+00
        490 101.552526    0.03396     2.0375    122.250     50.448  51297.052    31.6538     3.9833     49.970    7.41335     3.9802    25.1271   13.25393 3.7923e-02 0.0000e+00
        491 101.552529    0.03403     2.0417    122.500     50.625  51297.178    31.6538     3.9833     50.145    7.41333     3.9803    25.1271   13.25391 3.7919e-02 0.0000e+00
        492 101.552532    0.03410     2.0458    122.750     50.807  51297.389    31.6539     3.9834     50.326    7.41332     3.9804    25.1272   13.25389 3.7916e-02 0.0000e+00
        493 101.552535    0.03417     2.0500    123.000     50.999  51297.629    31.6540     3.9835     50.516    7.41330     3.9804    25.1272   13.25386 3.7915e-02 0.0000e+00
        494 101.552538    0.03424     2.0542    123.250     51.201  51297.840    31.6541     3.9836     50.716    7.41328     3.9805    25.1273   13.25382 3.7914e-02 0.0000e+00
        495 101.552541    0.03431     2.0583    123.500     51.412  51298.011    31.6541     3.9837     50.925    7.41326     3.9805    25.1273   13.25379 3.7913e-02 0.0000e+00
        496 101.552543    0.03438     2.0625    123.750     51.626  51298.171    31.6541     3.9837     51.137    7.41325     3.9805    25.1273   13.25377 3.7913e-02 0.0000e+00
        497 101.552546    0.03444     2.0667    124.000     51.840  51298.341    31.6541     3.9838     51.349    7.41324     3.9806    25.1273   13.25375 3.7912e-02 0.0000e+00
        498 101.552549    0.03451     2.0708    124.250     52.049  51298.523    31.6542     3.9838     51.555    7.41323     3.9806    25.1273   13.25373 3.7912e-02 0.0000e+00
        499 101.552552    0.03458     2.0750    124.500     52.248  51298.735    31.6542     3.9839     51.753    7.41322     3.9807    25.1273   13.25371 3.7912e-02 0.0000e+00
        500 101.552555    0.03465     2.0792    124.750     52.438  51298.997    31.6543     3.9840     51.941    7.41320     3.9808    25.1274   13.25368 3.7912e-02 0.0000e+00
        501 101.552558    0.03472     2.0833    125.000     52.622  51299.316    31.6545     3.9841     52.123    7.41318     3.9810    25.1276   13.25364 3.7912e-02 0.0000e+00
        502 101.552561    0.03479     2.0875    125.250     52.803  51299.696    31.6547     3.9842     52.303    7.41315     3.9812    25.1277   13.25359 3.7912e-02 0.0000e+00
        503 101.552564    0.03486     2.0917    125.500     52.987  51300.185    31.6550     3.9843     52.485    7.41311     3.9814    25.1279   13.25352 3.7912e-02 0.0000e+00
        504 101.552567    0.03493     2.0958    125.750     53.177  51300.817    31.6553     3.9845     52.673    7.41305     3.9818    25.1282   13.25342 3.7912e-02 0.0000e+00
        505 101.552569    0.03500     2.1000    126.000     53.374  51301.530    31.6558     3.9848     52.867    7.41298     3.9822    25.1285   13.25330 3.7912e-02 0.0000e+00
        506 101.552572    0.03507     2.1042    126.250     53.575  51302.261    31.6563     3.9852     53.067    7.41289     3.9828    25.1289   13.25314 3.7912e-02 0.0000e+00
        507 101.552575    0.03514     2.1083    126.500     53.779  51302.901    31.6567     3.9856     53.269    7.41278     3.9833    25.1292   13.25296 3.7912e-02 0.0000e+00
        508 101.552578    0.03521     2.1125    126.750     53.983  51303.169    31.6569     3.9862     53.471    7.41266     3.9837    25.1293   13.25277 3.7912e-02 0.0000e+00
        509 101.552581    0.03528     2.1167    127.000     54.185  51302.912    31.6568     3.9868     53.671    7.41257     3.9840    25.1291   13.25262 3.7912e-02 0.0000e+00
        510 101.552584    0.03535     2.1208    127.250     54.382  51302.338    31.6564     3.9872     53.866    7.41251     3.9840    25.1288   13.25252 3.7912e-02 0.0000e+00
        511 101.552587    0.03542     2.1250    127.500     54.575  51301.908    31.6561     3.9875     54.057    7.41249     3.9840    25.1285   13.25249 3.7912e-02 0.0000e+00
        512 101.552590    0.03549     2.1292    127.750     54.766  51301.955    31.6560     3.9875     54.247    7.41248     3.9841    25.1285   13.25247 3.7912e-02 0.0000e+00
        513 101.552593    0.03556     2.1333    128.000     54.958  51302.301    31.6561     3.9875     54.437    7.41247     3.9842    25.1286   13.25245 3.7912e-02 0.0000e+00
        514 101.552595    0.03562     2.1375    128.250     55.155  51302.605    31.6563     3.9876     54.632    7.41245     3.9843    25.1287   13.25242 3.7912e-02 0.0000e+00
        515 101.552598    0.03569     2.1417    128.500     55.356  51302.835    31.6563     3.9877     54.831    7.41243     3.9844    25.1287   13.25238 3.7912e-02 0.0000e+00
        516 101.552601    0.03576     2.1458    128.750     55.561  51303.126    31.6565     3.9878     55.034    7.41241     3.9845    25.1288   13.25234 3.7912e-02 0.0000e+00
        517 101.552604    0.03583     2.1500    129.000     55.765  51303.469    31.6566     3.9879     55.236    7.41238     3.9847    25.1289   13.25229 3.7912e-02 0.0000e+00
        518 101.552607    0.03590     2.1542    129.250     55.965  51303.740    31.6568     3.9880     55.435    7.41234     3.9848    25.1290   13.25223 3.7912e-02 0.0000e+00
        519 101.552610    0.03597     2.1583    129.500     56.157  51303.834    31.6568     3.9882     55.625    7.41231     3.9849    25.1290   13.25218 3.7912e-02 0.0000e+00
        520 101.552613    0.03604     2.1625    129.750     56.338  51303.737    31.6566     3.9884     55.804    7.41229     3.9849    25.1289   13.25215 3.7912e-02 0.0000e+00
        521 101.552616    0.03611     2.1667    130.000     56.508  51303.623    31.6565     3.9885     55.973    7.41229     3.9849    25.1288   13.25214 3.7912e-02 0.0000e+00
        522 101.552619    0.03618     2.1708    130.250     56.670  51303.676    31.6565     3.9885     56.133    7.41228     3.9849    25.1287   13.25214 3.7912e-02 0.0000e+00
        523 101.552622    0.03625     2.1750    130.500     56.829  51303.823    31.6565     3.9885     56.290    7.41228     3.9848    25.1287   13.25214 3.7912e-02 0.0000e+00
        524 101.552624    0.03632     2.1792    130.750     56.991  51303.783    31.6564     3.9885     56.451    7.41229     3.9847    25.1287   13.25215 3.7912e-02 0.0000e+00
        525 101.552627    0.03639     2.1833    131.000     57.165  51303.497    31.6561     3.9885     56.623    7.41230     3.9845    25.1285   13.25218 3.7912e-02 0.0000e+00
        526 101.552630    0.03646     2.1875    131.250     57.356  51303.185    31.6557     3.9884     56.812    7.41234     3.9842    25.1282   13.25224 3.7912e-02 0.0000e+00
        527 101.552633    0.03653     2.1917    131.500     57.562  51302.906    31.6554     3.9882     57.016    7.41239     3.9839    25.1279   13.25233 3.7912e-02 0.0000e+00
        528 101.552636    0.03660     2.1958    131.750     57.781  51302.618    31.6551     3.9879     57.233    7.41246     3.9836    25.1277   13.25245 3.7912e-02 0.0000e+00
        529 101.552639    0.03667     2.2000    132.000     58.006  51302.610    31.6549     3.9876     57.456    7.41253     3.9833    25.1275   13.25256 3.7912e-02 0.0000e+00
        530 101.552642    0.03674     2.2042    132.250     58.232  51303.159    31.6550     3.9872     57.679    7.41258     3.9832    25.1277   13.25265 3.7912e-02 0.0000e+00
        531 101.552645    0.03681     2.2083    132.500     58.451  51303.953    31.6554     3.9870     57.896    7.41261     3.9832    25.1280   13.25269 3.7912e-02 0.0000e+00
        532 101.552648    0.03687     2.2125    132.750     58.660  51304.502    31.6557     3.9869     58.103    7.41262     3.9832    25.1282   13.25269 3.7912e-02 0.0000e+00
        533 101.552650    0.03694     2.2167    133.000     58.855  51304.646    31.6557     3.9869     58.296    7.41261     3.9832    25.1282   13.25269 3.7912e-02 0.0000e+00
        534 101.552653    0.03701     2.2208    133.250     59.037  51304.489    31.6555     3.9869     58.477    7.41262     3.9830    25.1281   13.25270 3.7912e-02 0.0000e+00
        535 101.552656    0.03708     2.2250    133.500     59.211  51304.133    31.6551     3.9869     58.649    7.41264     3.9828    25.1278   13.25274 3.7912e-02 0.0000e+00
        536 101.552659    0.03715     2.2292    133.750     59.382  51303.632    31.6547     3.9868     58.818    7.41268     3.9824    25.1275   13.25281 3.7912e-02 0.0000e+00
        537 101.552662    0.03722     2.2333    134.000     59.557  51303.071    31.6542     3.9866     58.992    7.41274     3.9820    25.1271   13.25292 3.7912e-02 0.0000e+00
        538 101.552665    0.03729     2.2375    134.250     59.741  51302.441    31.6536     3.9862     59.174    7.41283     3.9814    25.1266   13.25308 3.7912e-02 0.0000e+00
        539 101.552668    0.03736     2.2417    134.500     59.936  51301.836    31.6529     3.9858     59.367    7.41294     3.9808    25.1262   13.25327 3.7912e-02 0.0000e+00
        540 101.552671    0.03743     2.2458    134.750     60.142  51301.445    31.6524     3.9852     59.571    7.41307     3.9802    25.1258   13.25349 3.7912e-02 0.0000e+00
        541 101.552674    0.03750     2.2500    135.000     60.356  51301.284    31.6520     3.9846     59.783    7.41319     3.9797    25.1256   13.25370 3.7912e-02 0.0000e+00
        542 101.552677    0.03757     2.2542    135.250     60.572  51301.432    31.6519     3.9840     59.997    7.41331     3.9793    25.1256   13.25389 3.7912e-02 0.0000e+00
