CTD-processing/allCTD/CNV--turbid/2014_11-25_t9_s07_cast156.cnv
* Sea-Bird SBE19plus Data File:
* FileName = C:\Users\kris.holderied\Documents\kasitsna\Research-Projects-and-Data\Oceanography-AK\CTD-Data-ALL-to-2014-10\2014-CTD-KachemakBay-CookInlet\2014-11-25-CookInlet-HomerSpit-monthly\2014-11-25-CookInlet-Tran9-cast156.hex
* Software Version 1.59
* Temperature SN =  4141
* Conductivity SN =  4141
* System UpLoad Time = Dec 16 2014 19:37:35
** Cook Inlet LTM Tran9 (Homer Spit)
** Date: 11-25
** Station: 9-07
** Start time:  15:04
** Depth (m): 100
** Comment:  CTD time was left on AKDT by mistake and is one hour ahead of local Alaska Standard time.
** Comment: On Kasitsna Bay Lab R/V Banacle.
# nquan = 16
# nvalues = 680                         
# units = specified
# name 0 = scan: Scan Count
# name 1 = timeJ: Julian Days
# name 2 = timeH: Time, Elapsed [hours]
# name 3 = timeM: Time, Elapsed [minutes]
# name 4 = timeS: Time, Elapsed [seconds]
# name 5 = prdM: Pressure, Strain Gauge [db]
# name 6 = specc: Specific Conductance [uS/cm]
# name 7 = sal00: Salinity, Practical [PSU]
# name 8 = tv290C: Temperature [ITS-90, deg C]
# name 9 = depSM: Depth [salt water, m], lat = 59.00
# name 10 = oxsolML/L: Oxygen Saturation, Garcia & Gordon [ml/l]
# name 11 = potemp090C: Potential Temperature [ITS-90, deg C]
# name 12 = sigma-é00: Density [sigma-theta, kg/m^3]
# name 13 = n2satML/L: Nitrogen Saturation [ml/l]
# name 14 = par: PAR/Irradiance, Biospherical/Licor
# name 15 = flag:  0.000e+00
# span 0 =          1,        680       
# span 1 = 329.671065, 329.673030       
# span 2 =    0.00000,    0.04715       
# span 3 =     0.0000,     2.8292       
# span 4 =      0.000,    169.750       
# span 5 =      0.047,     91.956       
# span 6 =   6087.063,  48760.388       
# span 7 =     3.2324,    30.7857       
# span 8 =     6.2759,     8.8100       
# span 9 =      0.047,     91.076       
# span 10 =    6.66088,    8.46120      
# span 11 =     6.2842,     8.8008      
# span 12 =     2.4978,    23.8505      
# span 13 =   12.02117,   15.40614      
# span 14 = 3.6382e-02, 6.1191e+01      
# span 15 = 0.0000e+00, 0.0000e+00      
# interval = seconds: 0.25
# start_time = Nov 25 2014 16:06:20 [Instrument's time stamp, header]
# bad_flag = -9.990e-29
*END*
[from data line 181]
        182 329.671589    0.01257     0.7542     45.250      1.064  47800.832    29.9146     7.2066      1.054    6.94741     7.2069    23.3891   12.50628 1.3108e+01 0.0000e+00
        183 329.671591    0.01264     0.7583     45.500      1.073  47802.892    29.9160     7.2068      1.063    6.94730     7.2067    23.3902   12.50608 1.3004e+01 0.0000e+00
        184 329.671594    0.01271     0.7625     45.750      1.078  47799.870    29.9140     7.2070      1.068    6.94737     7.2061    23.3886   12.50622 1.2907e+01 0.0000e+00
        185 329.671597    0.01278     0.7667     46.000      1.076  47791.507    29.9082     7.2068      1.066    6.94766     7.2047    23.3840   12.50678 1.2869e+01 0.0000e+00
        186 329.671600    0.01285     0.7708     46.250      1.065  47781.302    29.9010     7.2062      1.055    6.94809     7.2023    23.3785   12.50758 1.2899e+01 0.0000e+00
        187 329.671603    0.01292     0.7750     46.500      1.049  47774.073    29.8958     7.2048      1.039    6.94856     7.1994    23.3745   12.50842 1.3001e+01 0.0000e+00
        188 329.671606    0.01299     0.7792     46.750      1.032  47773.530    29.8950     7.2024      1.023    6.94896     7.1967    23.3743   12.50910 1.3137e+01 0.0000e+00
        189 329.671609    0.01306     0.7833     47.000      1.022  47780.945    29.8997     7.1995      1.013    6.94922     7.1947    23.3783   12.50945 1.3176e+01 0.0000e+00
        190 329.671612    0.01313     0.7875     47.250      1.023  47794.147    29.9084     7.1968      1.014    6.94927     7.1942    23.3855   12.50942 1.3047e+01 0.0000e+00
        191 329.671615    0.01319     0.7917     47.500      1.036  47808.331    29.9179     7.1948      1.026    6.94914     7.1955    23.3932   12.50910 1.2844e+01 0.0000e+00
        192 329.671617    0.01326     0.7958     47.750      1.057  47818.299    29.9247     7.1943      1.048    6.94892     7.1986    23.3986   12.50864 1.2679e+01 0.0000e+00
        193 329.671620    0.01333     0.8000     48.000      1.081  47820.141    29.9261     7.1956      1.071    6.94864     7.2025    23.3996   12.50816 1.2649e+01 0.0000e+00
        194 329.671623    0.01340     0.8042     48.250      1.098  47812.233    29.9212     7.1987      1.088    6.94837     7.2056    23.3953   12.50779 1.2789e+01 0.0000e+00
        195 329.671626    0.01347     0.8083     48.500      1.102  47797.116    29.9113     7.2026      1.091    6.94820     7.2066    23.3871   12.50763 1.2965e+01 0.0000e+00
        196 329.671629    0.01354     0.8125     48.750      1.090  47781.321    29.9009     7.2057      1.080    6.94817     7.2050    23.3785   12.50772 1.3048e+01 0.0000e+00
        197 329.671632    0.01361     0.8167     49.000      1.069  47771.647    29.8944     7.2067      1.059    6.94830     7.2016    23.3732   12.50801 1.3049e+01 0.0000e+00
        198 329.671635    0.01368     0.8208     49.250      1.047  47772.392    29.8947     7.2051      1.038    6.94854     7.1980    23.3736   12.50841 1.3040e+01 0.0000e+00
        199 329.671638    0.01375     0.8250     49.500      1.034  47783.037    29.9015     7.2017      1.024    6.94879     7.1959    23.3794   12.50873 1.3061e+01 0.0000e+00
        200 329.671641    0.01382     0.8292     49.750      1.032  47798.086    29.9113     7.1981      1.022    6.94891     7.1954    23.3876   12.50881 1.3042e+01 0.0000e+00
        201 329.671644    0.01389     0.8333     50.000      1.040  47810.838    29.9198     7.1960      1.030    6.94888     7.1962    23.3945   12.50864 1.2943e+01 0.0000e+00
        202 329.671646    0.01396     0.8375     50.250      1.051  47816.501    29.9236     7.1955      1.041    6.94878     7.1976    23.3976   12.50843 1.2900e+01 0.0000e+00
        203 329.671649    0.01403     0.8417     50.500      1.057  47813.074    29.9214     7.1963      1.048    6.94875     7.1987    23.3957   12.50842 1.3055e+01 0.0000e+00
        204 329.671652    0.01410     0.8458     50.750      1.053  47802.881    29.9145     7.1977      1.044    6.94883     7.1986    23.3902   12.50863 1.3346e+01 0.0000e+00
        205 329.671655    0.01417     0.8500     51.000      1.039  47792.479    29.9075     7.1988      1.029    6.94897     7.1970    23.3845   12.50896 1.3593e+01 0.0000e+00
        206 329.671658    0.01424     0.8542     51.250      1.019  47787.906    29.9044     7.1986      1.009    6.94914     7.1948    23.3821   12.50928 1.3715e+01 0.0000e+00
        207 329.671661    0.01431     0.8583     51.500      1.000  47790.233    29.9057     7.1971      0.991    6.94933     7.1930    23.3834   12.50956 1.3712e+01 0.0000e+00
        208 329.671664    0.01438     0.8625     51.750      0.985  47796.240    29.9095     7.1949      0.976    6.94951     7.1923    23.3866   12.50981 1.3582e+01 0.0000e+00
        209 329.671667    0.01444     0.8667     52.000      0.974  47803.198    29.9141     7.1931      0.965    6.94959     7.1929    23.3904   12.50990 1.3399e+01 0.0000e+00
        210 329.671670    0.01451     0.8708     52.250      0.970  47810.203    29.9188     7.1924      0.961    6.94949     7.1950    23.3942   12.50967 1.3278e+01 0.0000e+00
        211 329.671672    0.01458     0.8750     52.500      0.971  47816.344    29.9231     7.1930      0.962    6.94919     7.1981    23.3975   12.50911 1.3294e+01 0.0000e+00
        212 329.671675    0.01465     0.8792     52.750      0.978  47820.750    29.9265     7.1951      0.969    6.94871     7.2019    23.3999   12.50828 1.3368e+01 0.0000e+00
        213 329.671678    0.01472     0.8833     53.000      0.990  47822.933    29.9285     7.1982      0.980    6.94811     7.2061    23.4011   12.50727 1.3320e+01 0.0000e+00
        214 329.671681    0.01479     0.8875     53.250      1.003  47822.495    29.9288     7.2020      0.994    6.94749     7.2104    23.4008   12.50623 1.3193e+01 0.0000e+00
        215 329.671684    0.01486     0.8917     53.500      1.016  47818.647    29.9268     7.2062      1.007    6.94691     7.2143    23.3987   12.50530 1.3159e+01 0.0000e+00
        216 329.671687    0.01493     0.8958     53.750      1.027  47810.450    29.9219     7.2105      1.017    6.94645     7.2170    23.3943   12.50459 1.3229e+01 0.0000e+00
        217 329.671690    0.01500     0.9000     54.000      1.030  47798.346    29.9141     7.2144      1.021    6.94618     7.2181    23.3877   12.50424 1.3336e+01 0.0000e+00
        218 329.671693    0.01507     0.9042     54.250      1.026  47785.149    29.9054     7.2171      1.016    6.94615     7.2178    23.3805   12.50430 1.3458e+01 0.0000e+00
        219 329.671696    0.01514     0.9083     54.500      1.014  47774.348    29.8981     7.2182      1.005    6.94629     7.2160    23.3746   12.50463 1.3552e+01 0.0000e+00
        220 329.671698    0.01521     0.9125     54.750      1.000  47768.399    29.8940     7.2179      0.991    6.94654     7.2135    23.3714   12.50510 1.3577e+01 0.0000e+00
        221 329.671701    0.01528     0.9167     55.000      0.987  47768.796    29.8940     7.2161      0.978    6.94683     7.2111    23.3716   12.50557 1.3597e+01 0.0000e+00
        222 329.671704    0.01535     0.9208     55.250      0.979  47775.058    29.8979     7.2135      0.970    6.94705     7.2094    23.3751   12.50590 1.3634e+01 0.0000e+00
        223 329.671707    0.01542     0.9250     55.500      0.978  47784.475    29.9040     7.2112      0.969    6.94716     7.2089    23.3802   12.50599 1.3633e+01 0.0000e+00
        224 329.671710    0.01549     0.9292     55.750      0.984  47794.134    29.9105     7.2095      0.975    6.94713     7.2096    23.3854   12.50586 1.3531e+01 0.0000e+00
        225 329.671713    0.01556     0.9333     56.000      0.996  47802.109    29.9159     7.2090      0.987    6.94696     7.2114    23.3898   12.50552 1.3391e+01 0.0000e+00
        226 329.671716    0.01563     0.9375     56.250      1.011  47806.872    29.9193     7.2097      1.002    6.94669     7.2137    23.3923   12.50502 1.3357e+01 0.0000e+00
        227 329.671719    0.01569     0.9417     56.500      1.026  47806.714    29.9194     7.2115      1.017    6.94640     7.2157    23.3922   12.50454 1.3345e+01 0.0000e+00
        228 329.671722    0.01576     0.9458     56.750      1.037  47800.415    29.9154     7.2138      1.028    6.94621     7.2165    23.3888   12.50428 1.3283e+01 0.0000e+00
        229 329.671725    0.01583     0.9500     57.000      1.037  47789.226    29.9080     7.2158      1.028    6.94622     7.2151    23.3827   12.50439 1.3330e+01 0.0000e+00
        230 329.671727    0.01590     0.9542     57.250      1.026  47777.251    29.8998     7.2166      1.017    6.94648     7.2112    23.3762   12.50492 1.3491e+01 0.0000e+00
        231 329.671730    0.01597     0.9583     57.500      1.006  47769.569    29.8943     7.2152      0.997    6.94695     7.2053    23.3720   12.50576 1.3631e+01 0.0000e+00
        232 329.671733    0.01604     0.9625     57.750      0.985  47770.414    29.8943     7.2113      0.976    6.94758     7.1993    23.3725   12.50681 1.3764e+01 0.0000e+00
        233 329.671736    0.01611     0.9667     58.000      0.969  47780.857    29.9006     7.2054      0.960    6.94824     7.1953    23.3782   12.50783 1.3898e+01 0.0000e+00
        234 329.671739    0.01618     0.9708     58.250      0.963  47797.703    29.9113     7.1994      0.954    6.94872     7.1945    23.3874   12.50849 1.3900e+01 0.0000e+00
        235 329.671742    0.01625     0.9750     58.500      0.970  47815.420    29.9229     7.1954      0.961    6.94883     7.1968    23.3970   12.50852 1.3731e+01 0.0000e+00
        236 329.671745    0.01632     0.9792     58.750      0.988  47828.896    29.9321     7.1946      0.979    6.94854     7.2013    23.4044   12.50792 1.3493e+01 0.0000e+00
        237 329.671748    0.01639     0.9833     59.000      1.012  47834.827    29.9365     7.1969      1.003    6.94797     7.2067    23.4076   12.50692 1.3333e+01 0.0000e+00
        238 329.671751    0.01646     0.9875     59.250      1.036  47831.965    29.9353     7.2014      1.027    6.94730     7.2114    23.4060   12.50583 1.3352e+01 0.0000e+00
        239 329.671753    0.01653     0.9917     59.500      1.052  47820.909    29.9285     7.2068      1.042    6.94674     7.2139    23.3999   12.50499 1.3435e+01 0.0000e+00
        240 329.671756    0.01660     0.9958     59.750      1.055  47804.889    29.9182     7.2115      1.045    6.94647     7.2134    23.3912   12.50466 1.3466e+01 0.0000e+00
        241 329.671759    0.01667     1.0000     60.000      1.044  47789.579    29.9080     7.2140      1.034    6.94652     7.2096    23.3829   12.50489 1.3593e+01 0.0000e+00
        242 329.671762    0.01674     1.0042     60.250      1.023  47780.870    29.9019     7.2135      1.013    6.94687     7.2038    23.3781   12.50555 1.3887e+01 0.0000e+00
        243 329.671765    0.01681     1.0083     60.500      0.998  47782.904    29.9027     7.2097      0.988    6.94744     7.1987    23.3793   12.50648 1.4071e+01 0.0000e+00
        244 329.671768    0.01688     1.0125     60.750      0.979  47795.746    29.9106     7.2039      0.969    6.94801     7.1964    23.3863   12.50732 1.3999e+01 0.0000e+00
        245 329.671771    0.01694     1.0167     61.000      0.972  47814.568    29.9228     7.1988      0.962    6.94829     7.1980    23.3965   12.50762 1.3884e+01 0.0000e+00
        246 329.671774    0.01701     1.0208     61.250      0.978  47832.294    29.9347     7.1965      0.969    6.94811     7.2033    23.4062   12.50717 1.3837e+01 0.0000e+00
        247 329.671777    0.01708     1.0250     61.500      0.995  47843.392    29.9426     7.1981      0.985    6.94749     7.2111    23.4122   12.50605 1.3809e+01 0.0000e+00
        248 329.671780    0.01715     1.0292     61.750      1.015  47845.735    29.9451     7.2033      1.005    6.94654     7.2198    23.4135   12.50444 1.3749e+01 0.0000e+00
        249 329.671782    0.01722     1.0333     62.000      1.031  47840.750    29.9429     7.2111      1.022    6.94539     7.2287    23.4107   12.50257 1.3673e+01 0.0000e+00
        250 329.671785    0.01729     1.0375     62.250      1.040  47833.775    29.9395     7.2199      1.030    6.94414     7.2376    23.4069   12.50055 1.3688e+01 0.0000e+00
        251 329.671788    0.01736     1.0417     62.500      1.039  47833.183    29.9405     7.2287      1.029    6.94268     7.2472    23.4066   12.49812 1.3815e+01 0.0000e+00
        252 329.671791    0.01743     1.0458     62.750      1.031  47847.541    29.9519     7.2376      1.021    6.94073     7.2586    23.4144   12.49476 1.3978e+01 0.0000e+00
        253 329.671794    0.01750     1.0500     63.000      1.019  47875.560    29.9728     7.2473      1.009    6.93824     7.2720    23.4296   12.49037 1.4116e+01 0.0000e+00
        254 329.671797    0.01757     1.0542     63.250      1.005  47901.286    29.9925     7.2587      0.995    6.93552     7.2854    23.4435   12.48561 1.4071e+01 0.0000e+00
        255 329.671800    0.01764     1.0583     63.500      0.993  47913.102    30.0028     7.2720      0.983    6.93291     7.2973    23.4499   12.48117 1.3799e+01 0.0000e+00
        256 329.671803    0.01771     1.0625     63.750      0.985  47914.710    30.0061     7.2855      0.976    6.93061     7.3072    23.4507   12.47732 1.3602e+01 0.0000e+00
        257 329.671806    0.01778     1.0667     64.000      0.986  47913.221    30.0069     7.2974      0.976    6.92867     7.3152    23.4499   12.47410 1.3637e+01 0.0000e+00
        258 329.671808    0.01785     1.0708     64.250      0.996  47911.499    30.0073     7.3072      0.986    6.92708     7.3215    23.4489   12.47146 1.3631e+01 0.0000e+00
        259 329.671811    0.01792     1.0750     64.500      1.012  47909.172    30.0070     7.3153      1.003    6.92581     7.3261    23.4476   12.46937 1.3430e+01 0.0000e+00
        260 329.671814    0.01799     1.0792     64.750      1.030  47905.780    30.0056     7.3216      1.021    6.92487     7.3291    23.4457   12.46782 1.3202e+01 0.0000e+00
        261 329.671817    0.01806     1.0833     65.000      1.044  47901.602    30.0035     7.3262      1.035    6.92424     7.3307    23.4434   12.46680 1.3062e+01 0.0000e+00
        262 329.671820    0.01812     1.0875     65.250      1.050  47897.869    30.0014     7.3292      1.041    6.92385     7.3317    23.4414   12.46620 1.3037e+01 0.0000e+00
        263 329.671823    0.01819     1.0917     65.500      1.046  47896.589    30.0007     7.3308      1.036    6.92362     7.3326    23.4407   12.46581 1.3196e+01 0.0000e+00
        264 329.671826    0.01826     1.0958     65.750      1.032  47896.877    30.0011     7.3318      1.023    6.92344     7.3335    23.4408   12.46552 1.3442e+01 0.0000e+00
        265 329.671829    0.01833     1.1000     66.000      1.015  47896.860    30.0012     7.3327      1.005    6.92329     7.3342    23.4408   12.46527 1.3504e+01 0.0000e+00
        266 329.671832    0.01840     1.1042     66.250      1.001  47896.791    30.0013     7.3336      0.992    6.92315     7.3349    23.4407   12.46503 1.3298e+01 0.0000e+00
        267 329.671834    0.01847     1.1083     66.500      1.000  47897.155    30.0017     7.3343      0.990    6.92301     7.3356    23.4409   12.46481 1.2993e+01 0.0000e+00
        268 329.671837    0.01854     1.1125     66.750      1.014  47897.891    30.0023     7.3350      1.004    6.92288     7.3363    23.4413   12.46457 1.2804e+01 0.0000e+00
        269 329.671840    0.01861     1.1167     67.000      1.040  47898.461    30.0028     7.3357      1.030    6.92274     7.3371    23.4416   12.46434 1.2836e+01 0.0000e+00
        270 329.671843    0.01868     1.1208     67.250      1.068  47898.509    30.0030     7.3364      1.058    6.92262     7.3378    23.4416   12.46414 1.2998e+01 0.0000e+00
        271 329.671846    0.01875     1.1250     67.500      1.086  47898.621    30.0032     7.3372      1.076    6.92249     7.3386    23.4417   12.46393 1.3151e+01 0.0000e+00
