CTD-processing/allCTD/CNV--turbid/2015_07-10_subbays_bearb_cast285.cnv
* Sea-Bird SBE19plus Data File:
* FileName = C:\Users\Kris.Holderied\Documents\kasitsna\Research-KBL\Oceanography-AK\CTD-Data-ALL-to-2015-10\2015-CTD-KachemakBay-CookInlet\2015-07-10-KachemakBay-Subbays\2015-07-10-KachemakBay-subbays-cast285.hex
* Software Version 1.59
* Temperature SN =  4141
* Conductivity SN =  4141
* System UpLoad Time = Nov 02 2015 20:01:55
** Kachemak Bay Intensive Survey - Sub-bays

** Date: 07-10
** Station: Bear B
** Start time (AKDT): 13:47
** Depth (m): 24.1
** Comment:  Survey included T9, sub-bays and along-bay line on two boats.
** Comment: R/V Barnacle. KBRR CTD.  Seldovia done with other boat.
# nquan = 16
# nvalues = 447                         
# units = specified
# name 0 = scan: Scan Count
# name 1 = timeJ: Julian Days
# name 2 = timeH: Time, Elapsed [hours]
# name 3 = timeM: Time, Elapsed [minutes]
# name 4 = timeS: Time, Elapsed [seconds]
# name 5 = prdM: Pressure, Strain Gauge [db]
# name 6 = specc: Specific Conductance [uS/cm]
# name 7 = sal00: Salinity, Practical [PSU]
# name 8 = tv290C: Temperature [ITS-90, deg C]
# name 9 = depSM: Depth [salt water, m], lat = 59.00
# name 10 = oxsolML/L: Oxygen Saturation, Garcia & Gordon [ml/l]
# name 11 = potemp090C: Potential Temperature [ITS-90, deg C]
# name 12 = sigma-é00: Density [sigma-theta, kg/m^3]
# name 13 = n2satML/L: Nitrogen Saturation [ml/l]
# name 14 = par: PAR/Irradiance, Biospherical/Licor
# name 15 = flag:  0.000e+00
# span 0 =          1,        447       
# span 1 = 191.574711, 191.576001       
# span 2 =    0.00000,    0.03097       
# span 3 =     0.0000,     1.8583       
# span 4 =      0.000,    111.500       
# span 5 =     -0.154,     21.619       
# span 6 =    623.117,  49206.165       
# span 7 =     0.3010,    31.0264       
# span 8 =     8.1083,    13.0416       
# span 9 =     -0.152,     21.416       
# span 10 =    6.53123,    7.48685      
# span 11 =     8.1066,    13.0416      
# span 12 =    -0.2929,    24.1377      
# span 13 =   11.91809,   13.80635      
# span 14 = 3.1852e-01, 6.6345e+02      
# span 15 = 0.0000e+00, 0.0000e+00      
# interval = seconds: 0.25
# start_time = Jul 10 2015 13:47:35 [Instrument's time stamp, header]
# bad_flag = -9.990e-29
*END*
[from data line 91]
         92 191.574974    0.00632     0.3792     22.750      0.924  32292.718    19.8595    12.8622      0.915    6.53440    12.8557    14.7207   11.94474 9.2151e+01 0.0000e+00
         93 191.574977    0.00639     0.3833     23.000      0.934  32304.412    19.8672    12.8591      0.925    6.53451    12.8518    14.7271   11.94483 9.2303e+01 0.0000e+00
         94 191.574980    0.00646     0.3875     23.250      0.944  32317.390    19.8758    12.8558      0.935    6.53462    12.8473    14.7343   11.94491 9.1384e+01 0.0000e+00
         95 191.574983    0.00653     0.3917     23.500      0.952  32332.676    19.8859    12.8519      0.943    6.53475    12.8421    14.7427   11.94500 9.0662e+01 0.0000e+00
         96 191.574986    0.00660     0.3958     23.750      0.958  32351.346    19.8982    12.8474      0.949    6.53488    12.8362    14.7530   11.94507 9.0808e+01 0.0000e+00
         97 191.574988    0.00667     0.4000     24.000      0.962  32373.983    19.9132    12.8422      0.953    6.53500    12.8298    14.7655   11.94508 9.0544e+01 0.0000e+00
         98 191.574991    0.00674     0.4042     24.250      0.965  32399.877    19.9304    12.8363      0.956    6.53512    12.8231    14.7797   11.94508 8.9354e+01 0.0000e+00
         99 191.574994    0.00681     0.4083     24.500      0.966  32427.023    19.9483    12.8299      0.957    6.53529    12.8165    14.7946   11.94514 8.8222e+01 0.0000e+00
        100 191.574997    0.00688     0.4125     24.750      0.968  32453.253    19.9657    12.8232      0.959    6.53551    12.8104    14.8091   11.94530 8.7450e+01 0.0000e+00
        101 191.575000    0.00694     0.4167     25.000      0.970  32476.954    19.9813    12.8166      0.960    6.53579    12.8049    14.8223   11.94557 8.6754e+01 0.0000e+00
        102 191.575003    0.00701     0.4208     25.250      0.972  32496.769    19.9944    12.8105      0.962    6.53612    12.8003    14.8334   11.94595 8.6087e+01 0.0000e+00
        103 191.575006    0.00708     0.4250     25.500      0.974  32511.888    20.0043    12.8050      0.965    6.53648    12.7964    14.8419   11.94644 8.5427e+01 0.0000e+00
        104 191.575009    0.00715     0.4292     25.750      0.977  32522.519    20.0112    12.8004      0.967    6.53685    12.7935    14.8481   11.94697 8.5082e+01 0.0000e+00
        105 191.575012    0.00722     0.4333     26.000      0.979  32529.227    20.0155    12.7965      0.970    6.53720    12.7914    14.8520   11.94752 8.5390e+01 0.0000e+00
        106 191.575014    0.00729     0.4375     26.250      0.982  32532.163    20.0173    12.7936      0.972    6.53754    12.7901    14.8539   11.94807 8.6181e+01 0.0000e+00
        107 191.575017    0.00736     0.4417     26.500      0.984  32531.121    20.0165    12.7915      0.974    6.53787    12.7896    14.8537   11.94862 8.7093e+01 0.0000e+00
        108 191.575020    0.00743     0.4458     26.750      0.985  32526.193    20.0132    12.7902      0.976    6.53818    12.7896    14.8513   11.94918 8.8119e+01 0.0000e+00
        109 191.575023    0.00750     0.4500     27.000      0.987  32518.214    20.0078    12.7897      0.978    6.53847    12.7899    14.8472   11.94974 8.9146e+01 0.0000e+00
        110 191.575026    0.00757     0.4542     27.250      0.990  32508.442    20.0012    12.7897      0.981    6.53874    12.7904    14.8421   11.95028 8.9864e+01 0.0000e+00
        111 191.575029    0.00764     0.4583     27.500      0.994  32497.887    19.9941    12.7900      0.984    6.53899    12.7910    14.8366   11.95078 9.0265e+01 0.0000e+00
        112 191.575032    0.00771     0.4625     27.750      0.998  32486.877    19.9867    12.7905      0.988    6.53922    12.7916    14.8308   11.95126 9.0325e+01 0.0000e+00
        113 191.575035    0.00778     0.4667     28.000      1.002  32475.452    19.9790    12.7911      0.993    6.53946    12.7922    14.8247   11.95174 8.9988e+01 0.0000e+00
        114 191.575038    0.00785     0.4708     28.250      1.008  32463.865    19.9712    12.7917      0.999    6.53969    12.7926    14.8186   11.95223 8.9461e+01 0.0000e+00
        115 191.575041    0.00792     0.4750     28.500      1.016  32452.314    19.9634    12.7923      1.006    6.53993    12.7928    14.8126   11.95272 8.8950e+01 0.0000e+00
        116 191.575043    0.00799     0.4792     28.750      1.024  32440.912    19.9558    12.7927      1.014    6.54019    12.7928    14.8066   11.95324 8.8224e+01 0.0000e+00
        117 191.575046    0.00806     0.4833     29.000      1.034  32430.112    19.9485    12.7929      1.024    6.54045    12.7926    14.8009   11.95377 8.7298e+01 0.0000e+00
        118 191.575049    0.00813     0.4875     29.250      1.043  32420.540    19.9420    12.7929      1.033    6.54071    12.7921    14.7959   11.95429 8.6768e+01 0.0000e+00
        119 191.575052    0.00819     0.4917     29.500      1.052  32412.454    19.9365    12.7927      1.042    6.54097    12.7914    14.7918   11.95479 8.6919e+01 0.0000e+00
        120 191.575055    0.00826     0.4958     29.750      1.059  32406.009    19.9322    12.7922      1.049    6.54122    12.7905    14.7885   11.95525 8.7314e+01 0.0000e+00
        121 191.575058    0.00833     0.5000     30.000      1.063  32401.595    19.9292    12.7915      1.053    6.54144    12.7898    14.7863   11.95566 8.7708e+01 0.0000e+00
        122 191.575061    0.00840     0.5042     30.250      1.064  32398.972    19.9273    12.7907      1.054    6.54163    12.7893    14.7850   11.95600 8.8381e+01 0.0000e+00
        123 191.575064    0.00847     0.5083     30.500      1.063  32396.852    19.9259    12.7900      1.053    6.54180    12.7889    14.7840   11.95629 8.9068e+01 0.0000e+00
        124 191.575067    0.00854     0.5125     30.750      1.062  32394.219    19.9241    12.7894      1.052    6.54195    12.7886    14.7827   11.95657 8.9349e+01 0.0000e+00
        125 191.575069    0.00861     0.5167     31.000      1.060  32391.138    19.9220    12.7890      1.050    6.54208    12.7883    14.7812   11.95682 8.9746e+01 0.0000e+00
        126 191.575072    0.00868     0.5208     31.250      1.057  32388.077    19.9199    12.7887      1.047    6.54221    12.7880    14.7796   11.95705 9.1022e+01 0.0000e+00
        127 191.575075    0.00875     0.5250     31.500      1.053  32385.225    19.9179    12.7884      1.043    6.54233    12.7876    14.7782   11.95728 9.2275e+01 0.0000e+00
        128 191.575078    0.00882     0.5292     31.750      1.047  32382.626    19.9162    12.7881      1.037    6.54245    12.7872    14.7769   11.95751 9.2710e+01 0.0000e+00
        129 191.575081    0.00889     0.5333     32.000      1.040  32380.493    19.9147    12.7877      1.030    6.54256    12.7868    14.7758   11.95771 9.3645e+01 0.0000e+00
        130 191.575084    0.00896     0.5375     32.250      1.032  32378.991    19.9137    12.7873      1.023    6.54266    12.7863    14.7751   11.95788 9.5869e+01 0.0000e+00
        131 191.575087    0.00903     0.5417     32.500      1.026  32378.048    19.9130    12.7869      1.016    6.54275    12.7857    14.7746   11.95804 9.9671e+01 0.0000e+00
        132 191.575090    0.00910     0.5458     32.750      1.022  32377.326    19.9125    12.7864      1.012    6.54284    12.7851    14.7743   11.95820 1.0682e+02 0.0000e+00
        133 191.575093    0.00917     0.5500     33.000      1.020  32376.287    19.9118    12.7858      1.010    6.54295    12.7844    14.7739   11.95840 1.1929e+02 0.0000e+00
        134 191.575095    0.00924     0.5542     33.250      1.019  32374.719    19.9107    12.7852      1.009    6.54308    12.7836    14.7731   11.95863 1.3932e+02 0.0000e+00
        135 191.575098    0.00931     0.5583     33.500      1.019  32373.012    19.9095    12.7845      1.009    6.54322    12.7829    14.7723   11.95888 1.7235e+02 0.0000e+00
        136 191.575101    0.00937     0.5625     33.750      1.019  32371.710    19.9086    12.7837      1.009    6.54336    12.7823    14.7717   11.95913 2.2749e+02 0.0000e+00
        137 191.575104    0.00944     0.5667     34.000      1.021  32370.938    19.9080    12.7830      1.011    6.54349    12.7817    14.7714   11.95935 3.1899e+02 0.0000e+00
        138 191.575107    0.00951     0.5708     34.250      1.024  32370.531    19.9077    12.7824      1.015    6.54359    12.7813    14.7713   11.95952 4.3134e+02 0.0000e+00
        139 191.575110    0.00958     0.5750     34.500      1.031  32370.539    19.9077    12.7818      1.021    6.54367    12.7809    14.7714   11.95965 5.1808e+02 0.0000e+00
        140 191.575113    0.00965     0.5792     34.750      1.040  32370.994    19.9080    12.7814      1.030    6.54372    12.7806    14.7717   11.95974 5.7020e+02 0.0000e+00
        141 191.575116    0.00972     0.5833     35.000      1.053  32371.350    19.9082    12.7810      1.043    6.54377    12.7803    14.7719   11.95981 6.0158e+02 0.0000e+00
        142 191.575119    0.00979     0.5875     35.250      1.066  32370.982    19.9080    12.7807      1.056    6.54382    12.7799    14.7717   11.95991 6.1681e+02 0.0000e+00
        143 191.575122    0.00986     0.5917     35.500      1.077  32370.047    19.9073    12.7804      1.067    6.54389    12.7795    14.7713   11.96003 6.2625e+02 0.0000e+00
        144 191.575124    0.00993     0.5958     35.750      1.086  32369.173    19.9067    12.7800      1.076    6.54397    12.7789    14.7709   11.96016 6.3346e+02 0.0000e+00
        145 191.575127    0.01000     0.6000     36.000      1.091  32368.687    19.9063    12.7796      1.081    6.54404    12.7781    14.7707   11.96029 6.3425e+02 0.0000e+00
        146 191.575130    0.01007     0.6042     36.250      1.093  32368.581    19.9062    12.7790      1.083    6.54412    12.7773    14.7707   11.96043 6.3274e+02 0.0000e+00
        147 191.575133    0.01014     0.6083     36.500      1.093  32368.838    19.9064    12.7783      1.083    6.54423    12.7767    14.7709   11.96060 6.3390e+02 0.0000e+00
        148 191.575136    0.01021     0.6125     36.750      1.093  32369.347    19.9067    12.7774      1.083    6.54434    12.7763    14.7713   11.96078 6.3542e+02 0.0000e+00
        149 191.575139    0.01028     0.6167     37.000      1.095  32369.740    19.9069    12.7768      1.085    6.54442    12.7761    14.7716   11.96090 6.3490e+02 0.0000e+00
        150 191.575142    0.01035     0.6208     37.250      1.097  32369.753    19.9069    12.7765      1.087    6.54446    12.7757    14.7716   11.96098 6.3420e+02 0.0000e+00
        151 191.575145    0.01042     0.6250     37.500      1.099  32369.614    19.9068    12.7762      1.089    6.54450    12.7753    14.7716   11.96105 6.3409e+02 0.0000e+00
        152 191.575148    0.01049     0.6292     37.750      1.100  32369.902    19.9070    12.7758      1.090    6.54454    12.7746    14.7718   11.96112 6.3203e+02 0.0000e+00
        153 191.575150    0.01056     0.6333     38.000      1.099  32370.899    19.9076    12.7754      1.089    6.54458    12.7734    14.7724   11.96117 6.2899e+02 0.0000e+00
        154 191.575153    0.01063     0.6375     38.250      1.095  32372.317    19.9085    12.7747      1.085    6.54464    12.7717    14.7732   11.96126 6.2845e+02 0.0000e+00
        155 191.575156    0.01069     0.6417     38.500      1.088  32373.693    19.9094    12.7735      1.078    6.54477    12.7700    14.7741   11.96147 6.3057e+02 0.0000e+00
        156 191.575159    0.01076     0.6458     38.750      1.079  32374.569    19.9099    12.7718      1.069    6.54499    12.7689    14.7748   11.96184 6.3295e+02 0.0000e+00
        157 191.575162    0.01083     0.6500     39.000      1.070  32374.766    19.9099    12.7701      1.060    6.54523    12.7685    14.7751   11.96223 6.3532e+02 0.0000e+00
        158 191.575165    0.01090     0.6542     39.250      1.064  32374.626    19.9098    12.7690      1.054    6.54539    12.7686    14.7752   11.96250 6.3656e+02 0.0000e+00
        159 191.575168    0.01097     0.6583     39.500      1.065  32374.536    19.9097    12.7687      1.055    6.54543    12.7687    14.7752   11.96258 6.3375e+02 0.0000e+00
        160 191.575171    0.01104     0.6625     39.750      1.070  32374.760    19.9099    12.7688      1.060    6.54541    12.7686    14.7753   11.96254 6.2958e+02 0.0000e+00
        161 191.575174    0.01111     0.6667     40.000      1.078  32375.661    19.9105    12.7689      1.068    6.54537    12.7682    14.7757   11.96247 6.2947e+02 0.0000e+00
        162 191.575177    0.01118     0.6708     40.250      1.084  32377.687    19.9118    12.7687      1.074    6.54535    12.7678    14.7768   11.96241 6.3322e+02 0.0000e+00
        163 191.575179    0.01125     0.6750     40.500      1.083  32380.931    19.9140    12.7684      1.073    6.54530    12.7672    14.7785   11.96231 6.3887e+02 0.0000e+00
        164 191.575182    0.01132     0.6792     40.750      1.073  32384.890    19.9166    12.7680      1.063    6.54525    12.7665    14.7806   11.96219 6.4779e+02 0.0000e+00
        165 191.575185    0.01139     0.6833     41.000      1.055  32388.880    19.9193    12.7673      1.045    6.54523    12.7663    14.7828   11.96212 6.5611e+02 0.0000e+00
        166 191.575188    0.01146     0.6875     41.250      1.033  32392.288    19.9216    12.7667      1.023    6.54523    12.7669    14.7847   11.96209 6.6050e+02 0.0000e+00
        167 191.575191    0.01153     0.6917     41.500      1.015  32395.578    19.9238    12.7665      1.005    6.54517    12.7682    14.7864   11.96196 6.6345e+02 0.0000e+00
        168 191.575194    0.01160     0.6958     41.750      1.007  32400.799    19.9273    12.7671      0.997    6.54494    12.7702    14.7891   11.96154 6.6081e+02 0.0000e+00
        169 191.575197    0.01167     0.7000     42.000      1.011  32409.235    19.9331    12.7684      1.001    6.54452    12.7725    14.7933   11.96077 6.5139e+02 0.0000e+00
        170 191.575200    0.01174     0.7042     42.250      1.025  32418.073    19.9391    12.7703      1.015    6.54400    12.7745    14.7976   11.95982 6.4436e+02 0.0000e+00
        171 191.575203    0.01181     0.7083     42.500      1.041  32423.215    19.9427    12.7726      1.031    6.54353    12.7759    14.8000   11.95899 6.4188e+02 0.0000e+00
        172 191.575205    0.01188     0.7125     42.750      1.050  32424.247    19.9435    12.7746      1.041    6.54322    12.7768    14.8003   11.95846 6.3986e+02 0.0000e+00
        173 191.575208    0.01194     0.7167     43.000      1.048  32423.196    19.9429    12.7760      1.039    6.54305    12.7773    14.7995   11.95818 6.4073e+02 0.0000e+00
        174 191.575211    0.01201     0.7208     43.250      1.034  32423.430    19.9431    12.7769      1.025    6.54292    12.7774    14.7995   11.95796 6.4523e+02 0.0000e+00
        175 191.575214    0.01208     0.7250     43.500      1.015  32428.659    19.9467    12.7774      1.005    6.54270    12.7771    14.8022   11.95756 6.4811e+02 0.0000e+00
        176 191.575217    0.01215     0.7292     43.750      0.998  32440.873    19.9549    12.7775      0.989    6.54235    12.7763    14.8085   11.95687 6.4835e+02 0.0000e+00
        177 191.575220    0.01222     0.7333     44.000      0.991  32460.088    19.9679    12.7772      0.982    6.54186    12.7752    14.8186   11.95590 6.4649e+02 0.0000e+00
        178 191.575223    0.01229     0.7375     44.250      0.998  32483.461    19.9836    12.7764      0.988    6.54133    12.7741    14.8308   11.95480 6.4276e+02 0.0000e+00
        179 191.575226    0.01236     0.7417     44.500      1.014  32504.817    19.9979    12.7753      1.004    6.54090    12.7735    14.8421   11.95391 6.4248e+02 0.0000e+00
        180 191.575229    0.01243     0.7458     44.750      1.034  32518.121    20.0068    12.7742      1.024    6.54070    12.7736    14.8491   11.95346 6.4331e+02 0.0000e+00
