CTD-processing/allCTD/CNV--turbid/2015_02-23_t6_s15_cast233.cnv
* Sea-Bird SBE19plus Data File:
* FileName = C:\Users\amdoroff\Desktop\2015_02_23_CookInlet_Tran6_Douglas\2015_02_23_CookInlet_Tran6_cast233.hex
* Software Version 1.59
* Temperature SN =  4141
* Conductivity SN =  4141
* System UpLoad Time = Feb 24 2015 01:38:36
** Cook Inlet LTM Tran6 Douglas W to E
** Date 02-23
** Station: 6-15
** Start Time (AKST): 19:53
** Depth (m): 153
** Comment: Dark.
** Comment: On R/V Pandalus. Transect crossed 23-24 Feb.
# nquan = 16
# nvalues = 991                         
# units = specified
# name 0 = scan: Scan Count
# name 1 = timeJ: Julian Days
# name 2 = timeH: Time, Elapsed [hours]
# name 3 = timeM: Time, Elapsed [minutes]
# name 4 = timeS: Time, Elapsed [seconds]
# name 5 = prdM: Pressure, Strain Gauge [db]
# name 6 = specc: Specific Conductance [uS/cm]
# name 7 = sal00: Salinity, Practical [PSU]
# name 8 = tv290C: Temperature [ITS-90, deg C]
# name 9 = depSM: Depth [salt water, m], lat = 59.00
# name 10 = oxsolML/L: Oxygen Saturation, Garcia & Gordon [ml/l]
# name 11 = potemp090C: Potential Temperature [ITS-90, deg C]
# name 12 = sigma-é00: Density [sigma-theta, kg/m^3]
# name 13 = n2satML/L: Nitrogen Saturation [ml/l]
# name 14 = par: PAR/Irradiance, Biospherical/Licor
# name 15 = flag:  0.000e+00
# span 0 =          1,        991       
# span 1 =  54.829502,  54.832367       
# span 2 =    0.00000,    0.06875       
# span 3 =     0.0000,     4.1250       
# span 4 =      0.000,    247.500       
# span 5 =      0.017,    152.338       
# span 6 =    348.745,  51055.351       
# span 7 =     0.1596,    31.9866       
# span 8 =     4.3522,     6.5510       
# span 9 =      0.016,    150.859       
# span 10 =    6.95844,    9.06822      
# span 11 =     4.3522,     6.5392      
# span 12 =     0.1020,    25.1190      
# span 13 =   12.49852,   16.47385      
# span 14 = 3.6382e-02, 6.5243e-01      
# span 15 = 0.0000e+00, 0.0000e+00      
# interval = seconds: 0.25
# start_time = Feb 23 2015 19:54:29 [Instrument's time stamp, header]
# bad_flag = -9.990e-29
*END*
[from data line 904]
        905  54.832118    0.06278     3.7667    226.000    135.116  51035.099    31.9805     6.5505    133.809    6.95853     6.5390    25.1006   12.49866 3.6382e-02 0.0000e+00
        906  54.832121    0.06285     3.7708    226.250    135.199  51035.289    31.9806     6.5505    133.891    6.95852     6.5389    25.1007   12.49866 3.6382e-02 0.0000e+00
        907  54.832124    0.06292     3.7750    226.500    135.283  51035.421    31.9806     6.5505    133.974    6.95853     6.5389    25.1007   12.49866 3.6382e-02 0.0000e+00
        908  54.832127    0.06299     3.7792    226.750    135.382  51035.517    31.9806     6.5504    134.072    6.95853     6.5389    25.1007   12.49867 3.6382e-02 0.0000e+00
        909  54.832130    0.06306     3.7833    227.000    135.503  51035.611    31.9806     6.5504    134.192    6.95853     6.5390    25.1007   12.49867 3.6382e-02 0.0000e+00
        910  54.832133    0.06313     3.7875    227.250    135.651  51035.748    31.9807     6.5505    134.339    6.95852     6.5390    25.1007   12.49866 3.6382e-02 0.0000e+00
        911  54.832135    0.06319     3.7917    227.500    135.825  51035.870    31.9807     6.5505    134.512    6.95851     6.5391    25.1007   12.49864 3.6382e-02 0.0000e+00
        912  54.832138    0.06326     3.7958    227.750    136.025  51035.933    31.9806     6.5506    134.709    6.95851     6.5391    25.1007   12.49863 3.6382e-02 0.0000e+00
        913  54.832141    0.06333     3.8000    228.000    136.246  51035.999    31.9806     6.5506    134.928    6.95850     6.5391    25.1006   12.49862 3.6382e-02 0.0000e+00
        914  54.832144    0.06340     3.8042    228.250    136.486  51036.139    31.9806     6.5507    135.165    6.95850     6.5391    25.1006   12.49861 3.6382e-02 0.0000e+00
        915  54.832147    0.06347     3.8083    228.500    136.743  51036.274    31.9805     6.5508    135.419    6.95849     6.5391    25.1006   12.49860 3.6382e-02 0.0000e+00
        916  54.832150    0.06354     3.8125    228.750    137.014  51036.394    31.9805     6.5508    135.688    6.95849     6.5392    25.1006   12.49859 3.6382e-02 0.0000e+00
        917  54.832153    0.06361     3.8167    229.000    137.300  51036.610    31.9805     6.5508    135.971    6.95848     6.5392    25.1006   12.49858 3.6382e-02 0.0000e+00
        918  54.832156    0.06368     3.8208    229.250    137.599  51036.832    31.9806     6.5509    136.266    6.95847     6.5391    25.1007   12.49857 3.6382e-02 0.0000e+00
        919  54.832159    0.06375     3.8250    229.500    137.907  51037.046    31.9806     6.5509    136.571    6.95847     6.5391    25.1007   12.49856 3.6382e-02 0.0000e+00
        920  54.832161    0.06382     3.8292    229.750    138.220  51037.357    31.9806     6.5509    136.881    6.95846     6.5391    25.1007   12.49855 3.6382e-02 0.0000e+00
        921  54.832164    0.06389     3.8333    230.000    138.531  51037.682    31.9807     6.5509    137.190    6.95845     6.5391    25.1008   12.49853 3.6382e-02 0.0000e+00
        922  54.832167    0.06396     3.8375    230.250    138.832  51037.954    31.9808     6.5509    137.488    6.95844     6.5391    25.1008   12.49852 3.6382e-02 0.0000e+00
        923  54.832170    0.06403     3.8417    230.500    139.112  51038.122    31.9808     6.5509    137.765    6.95844     6.5391    25.1008   12.49852 3.6382e-02 0.0000e+00
        924  54.832173    0.06410     3.8458    230.750    139.360  51038.134    31.9807     6.5510    138.011    6.95844     6.5391    25.1007   12.49853 3.6382e-02 0.0000e+00
        925  54.832176    0.06417     3.8500    231.000    139.567  51038.144    31.9806     6.5510    138.216    6.95845     6.5391    25.1007   12.49853 3.6382e-02 0.0000e+00
        926  54.832179    0.06424     3.8542    231.250    139.728  51038.210    31.9805     6.5510    138.376    6.95845     6.5391    25.1007   12.49853 3.6382e-02 0.0000e+00
        927  54.832182    0.06431     3.8583    231.500    139.843  51038.190    31.9805     6.5510    138.489    6.95845     6.5391    25.1006   12.49854 3.6382e-02 0.0000e+00
        928  54.832185    0.06438     3.8625    231.750    139.916  51038.121    31.9804     6.5510    138.561    6.95846     6.5390    25.1005   12.49855 3.6382e-02 0.0000e+00
        929  54.832188    0.06444     3.8667    232.000    139.957  51038.103    31.9804     6.5510    138.602    6.95846     6.5390    25.1005   12.49856 3.6382e-02 0.0000e+00
        930  54.832190    0.06451     3.8708    232.250    139.980  51038.144    31.9804     6.5509    138.625    6.95847     6.5390    25.1005   12.49857 3.6382e-02 0.0000e+00
        931  54.832193    0.06458     3.8750    232.500    140.002  51038.201    31.9804     6.5509    138.646    6.95847     6.5389    25.1005   12.49857 3.6382e-02 0.0000e+00
        932  54.832196    0.06465     3.8792    232.750    140.039  51038.287    31.9804     6.5509    138.683    6.95848     6.5389    25.1006   12.49858 3.6382e-02 0.0000e+00
        933  54.832199    0.06472     3.8833    233.000    140.107  51038.439    31.9805     6.5508    138.751    6.95848     6.5389    25.1006   12.49858 3.6382e-02 0.0000e+00
        934  54.832202    0.06479     3.8875    233.250    140.218  51038.544    31.9805     6.5508    138.861    6.95848     6.5389    25.1006   12.49858 3.6382e-02 0.0000e+00
        935  54.832205    0.06486     3.8917    233.500    140.379  51038.581    31.9805     6.5509    139.020    6.95847     6.5389    25.1006   12.49858 3.6382e-02 0.0000e+00
        936  54.832208    0.06493     3.8958    233.750    140.592  51038.590    31.9804     6.5509    139.230    6.95847     6.5390    25.1005   12.49857 3.6382e-02 0.0000e+00
        937  54.832211    0.06500     3.9000    234.000    140.854  51038.602    31.9803     6.5509    139.490    6.95847     6.5390    25.1005   12.49857 3.6382e-02 0.0000e+00
        938  54.832214    0.06507     3.9042    234.250    141.161  51038.734    31.9802     6.5510    139.794    6.95847     6.5390    25.1004   12.49857 3.6382e-02 0.0000e+00
        939  54.832216    0.06514     3.9083    234.500    141.505  51039.033    31.9803     6.5510    140.135    6.95846     6.5389    25.1005   12.49855 3.6382e-02 0.0000e+00
        940  54.832219    0.06521     3.9125    234.750    141.876  51039.522    31.9805     6.5510    140.501    6.95845     6.5387    25.1006   12.49854 3.6382e-02 0.0000e+00
        941  54.832222    0.06528     3.9167    235.000    142.259  51040.164    31.9807     6.5509    140.881    6.95845     6.5385    25.1008   12.49852 3.6382e-02 0.0000e+00
        942  54.832225    0.06535     3.9208    235.250    142.644  51040.922    31.9810     6.5508    141.262    6.95845     6.5382    25.1011   12.49852 3.6382e-02 0.0000e+00
        943  54.832228    0.06542     3.9250    235.500    143.018  51041.923    31.9815     6.5506    141.632    6.95846     6.5378    25.1015   12.49853 3.6382e-02 0.0000e+00
        944  54.832231    0.06549     3.9292    235.750    143.372  51043.212    31.9822     6.5504    141.983    6.95847     6.5374    25.1021   12.49855 3.6382e-02 0.0000e+00
        945  54.832234    0.06556     3.9333    236.000    143.696  51044.587    31.9829     6.5500    142.303    6.95850     6.5370    25.1027   12.49858 3.6382e-02 0.0000e+00
        946  54.832237    0.06563     3.9375    236.250    143.982  51045.814    31.9836     6.5496    142.586    6.95853     6.5367    25.1033   12.49863 3.6382e-02 0.0000e+00
        947  54.832240    0.06569     3.9417    236.500    144.225  51046.775    31.9840     6.5493    142.827    6.95857     6.5365    25.1037   12.49868 3.6382e-02 0.0000e+00
        948  54.832242    0.06576     3.9458    236.750    144.427  51047.420    31.9843     6.5490    143.027    6.95861     6.5363    25.1040   12.49874 3.6382e-02 0.0000e+00
        949  54.832245    0.06583     3.9500    237.000    144.591  51047.788    31.9845     6.5487    143.189    6.95864     6.5361    25.1041   12.49879 3.6382e-02 0.0000e+00
        950  54.832248    0.06590     3.9542    237.250    144.723  51048.019    31.9845     6.5486    143.320    6.95866     6.5360    25.1042   12.49883 3.6382e-02 0.0000e+00
        951  54.832251    0.06597     3.9583    237.500    144.831  51048.219    31.9846     6.5484    143.426    6.95868     6.5359    25.1043   12.49886 3.6382e-02 0.0000e+00
        952  54.832254    0.06604     3.9625    237.750    144.922  51048.336    31.9846     6.5483    143.516    6.95869     6.5359    25.1043   12.49888 3.6382e-02 0.0000e+00
        953  54.832257    0.06611     3.9667    238.000    145.002  51048.396    31.9846     6.5482    143.596    6.95870     6.5359    25.1043   12.49890 3.6382e-02 0.0000e+00
        954  54.832260    0.06618     3.9708    238.250    145.077  51048.537    31.9847     6.5482    143.670    6.95870     6.5359    25.1043   12.49890 3.6382e-02 0.0000e+00
        955  54.832263    0.06625     3.9750    238.500    145.153  51048.712    31.9848     6.5482    143.745    6.95870     6.5359    25.1044   12.49890 3.6382e-02 0.0000e+00
        956  54.832266    0.06632     3.9792    238.750    145.235  51048.875    31.9848     6.5482    143.826    6.95869     6.5359    25.1045   12.49888 3.6382e-02 0.0000e+00
        957  54.832269    0.06639     3.9833    239.000    145.327  51049.131    31.9850     6.5482    143.917    6.95869     6.5358    25.1046   12.49887 3.6382e-02 0.0000e+00
        958  54.832271    0.06646     3.9875    239.250    145.435  51049.413    31.9851     6.5482    144.025    6.95868     6.5357    25.1047   12.49886 3.6382e-02 0.0000e+00
        959  54.832274    0.06653     3.9917    239.500    145.567  51049.667    31.9852     6.5482    144.156    6.95868     6.5357    25.1048   12.49886 3.6382e-02 0.0000e+00
        960  54.832277    0.06660     3.9958    239.750    145.728  51049.969    31.9854     6.5481    144.315    6.95869     6.5356    25.1049   12.49887 3.6382e-02 0.0000e+00
        961  54.832280    0.06667     4.0000    240.000    145.923  51050.269    31.9855     6.5481    144.508    6.95869     6.5356    25.1050   12.49888 3.6382e-02 0.0000e+00
        962  54.832283    0.06674     4.0042    240.250    146.154  51050.548    31.9856     6.5480    144.737    6.95870     6.5356    25.1050   12.49888 3.6382e-02 0.0000e+00
        963  54.832286    0.06681     4.0083    240.500    146.421  51050.856    31.9857     6.5480    145.000    6.95870     6.5355    25.1051   12.49888 3.6382e-02 0.0000e+00
        964  54.832289    0.06688     4.0125    240.750    146.718  51051.180    31.9857     6.5480    145.295    6.95869     6.5355    25.1052   12.49887 3.6382e-02 0.0000e+00
        965  54.832292    0.06694     4.0167    241.000    147.039  51051.527    31.9858     6.5480    145.613    6.95869     6.5354    25.1053   12.49886 3.6382e-02 0.0000e+00
        966  54.832295    0.06701     4.0208    241.250    147.376  51051.890    31.9859     6.5480    145.946    6.95869     6.5354    25.1053   12.49886 3.6382e-02 0.0000e+00
        967  54.832297    0.06708     4.0250    241.500    147.716  51052.243    31.9860     6.5480    146.283    6.95869     6.5353    25.1054   12.49885 3.6382e-02 0.0000e+00
        968  54.832300    0.06715     4.0292    241.750    148.049  51052.600    31.9861     6.5479    146.612    6.95869     6.5353    25.1055   12.49885 3.6382e-02 0.0000e+00
        969  54.832303    0.06722     4.0333    242.000    148.363  51052.969    31.9862     6.5479    146.923    6.95868     6.5353    25.1056   12.49885 3.6382e-02 0.0000e+00
        970  54.832306    0.06729     4.0375    242.250    148.651  51053.378    31.9864     6.5479    147.209    6.95868     6.5352    25.1057   12.49884 3.6382e-02 0.0000e+00
        971  54.832309    0.06736     4.0417    242.500    148.910  51053.772    31.9865     6.5479    147.465    6.95867     6.5352    25.1058   12.49883 3.6382e-02 0.0000e+00
        972  54.832312    0.06743     4.0458    242.750    149.135  51054.067    31.9866     6.5479    147.688    6.95867     6.5353    25.1059   12.49882 3.6382e-02 0.0000e+00
        973  54.832315    0.06750     4.0500    243.000    149.325  51054.260    31.9866     6.5479    147.876    6.95866     6.5353    25.1059   12.49881 3.6382e-02 0.0000e+00
        974  54.832318    0.06757     4.0542    243.250    149.481  51054.298    31.9866     6.5479    148.030    6.95866     6.5352    25.1059   12.49881 3.6382e-02 0.0000e+00
        975  54.832321    0.06764     4.0583    243.500    149.609  51054.163    31.9864     6.5479    148.157    6.95867     6.5352    25.1058   12.49882 3.6382e-02 0.0000e+00
        976  54.832323    0.06771     4.0625    243.750    149.718  51053.987    31.9863     6.5479    148.265    6.95868     6.5352    25.1056   12.49884 3.6382e-02 0.0000e+00
        977  54.832326    0.06778     4.0667    244.000    149.819  51053.909    31.9862     6.5479    148.365    6.95869     6.5352    25.1055   12.49885 3.6382e-02 0.0000e+00
        978  54.832329    0.06785     4.0708    244.250    149.922  51053.911    31.9861     6.5479    148.466    6.95869     6.5352    25.1055   12.49886 3.6382e-02 0.0000e+00
        979  54.832332    0.06792     4.0750    244.500    150.038  51053.928    31.9860     6.5479    148.581    6.95869     6.5352    25.1055   12.49887 3.6382e-02 0.0000e+00
        980  54.832335    0.06799     4.0792    244.750    150.174  51053.947    31.9860     6.5479    148.716    6.95869     6.5352    25.1054   12.49887 3.6382e-02 0.0000e+00
        981  54.832338    0.06806     4.0833    245.000    150.337  51054.016    31.9860     6.5479    148.878    6.95869     6.5352    25.1054   12.49886 3.6382e-02 0.0000e+00
        982  54.832341    0.06813     4.0875    245.250    150.529  51054.188    31.9860     6.5479    149.068    6.95868     6.5352    25.1055   12.49885 3.6382e-02 0.0000e+00
        983  54.832344    0.06819     4.0917    245.500    150.749  51054.372    31.9860     6.5480    149.285    6.95868     6.5352    25.1055   12.49884 3.6382e-02 0.0000e+00
        984  54.832347    0.06826     4.0958    245.750    150.992  51054.502    31.9860     6.5480    149.526    6.95867     6.5353    25.1055   12.49883 3.6382e-02 0.0000e+00
        985  54.832350    0.06833     4.1000    246.000    151.251  51054.635    31.9860     6.5481    149.782    6.95867     6.5353    25.1054   12.49882 3.6382e-02 0.0000e+00
        986  54.832352    0.06840     4.1042    246.250    151.514  51054.796    31.9860     6.5482    150.043    6.95866     6.5354    25.1054   12.49880 3.6382e-02 0.0000e+00
        987  54.832355    0.06847     4.1083    246.500    151.767  51054.962    31.9860     6.5482    150.293    6.95864     6.5354    25.1054   12.49878 3.6382e-02 0.0000e+00
        988  54.832358    0.06854     4.1125    246.750    151.992  51055.092    31.9860     6.5483    150.516    6.95863     6.5354    25.1054   12.49877 3.6382e-02 0.0000e+00
        989  54.832361    0.06861     4.1167    247.000    152.174  51055.202    31.9860     6.5483    150.696    6.95863     6.5354    25.1054   12.49876 3.6382e-02 0.0000e+00
        990  54.832364    0.06868     4.1208    247.250    152.295  51055.306    31.9861     6.5483    150.816    6.95862 -9.990e-29    25.1055   12.49875 3.6382e-02 0.0000e+00
        991  54.832367    0.06875     4.1250    247.500    152.338  51055.351    31.9861     6.5483    150.859    6.95862 -9.990e-29    25.1055   12.49875 3.6382e-02 0.0000e+00
