CTD-processing/allCTD/CNV--turbid/2015_11-04_t4_s04_cast026.cnv
* Sea-Bird SBE19plus Data File:
* FileName = C:\Users\Kris.Holderied\Documents\kasitsna\Research-KBL\Oceanography-AK\CTD-Data-ALL-to-2015-10\2015-CTD-KachemakBay-CookInlet\2015-11-EVOSTC-CookInlet-quarterly\2015-11-04-CookInlet-Tran4-Barabara\2015-11-04-CookInlet-Tran4-cast026.hex
* Software Version 1.59
* Temperature SN =  5028
* Conductivity SN =  5028
* System UpLoad Time = Nov 04 2015 19:10:41
** Cook Inlet LTM Tran4 Barabara North to South

** Date: 11-04
** Station: 4-04
** Start time (AKST): 17:24
** Depth (m): 85.7
** Comment: M/V Ursus.
** Comment:
# nquan = 16
# nvalues = 1279                        
# units = specified
# name 0 = scan: Scan Count
# name 1 = timeJ: Julian Days
# name 2 = timeH: Time, Elapsed [hours]
# name 3 = timeM: Time, Elapsed [minutes]
# name 4 = timeS: Time, Elapsed [seconds]
# name 5 = prdM: Pressure, Strain Gauge [db]
# name 6 = specc: Specific Conductance [uS/cm]
# name 7 = sal00: Salinity, Practical [PSU]
# name 8 = tv290C: Temperature [ITS-90, deg C]
# name 9 = depSM: Depth [salt water, m], lat = 59.00
# name 10 = oxsolML/L: Oxygen Saturation, Garcia & Gordon [ml/l]
# name 11 = potemp090C: Potential Temperature [ITS-90, deg C]
# name 12 = sigma-é00: Density [sigma-theta, kg/m^3]
# name 13 = n2satML/L: Nitrogen Saturation [ml/l]
# name 14 = par: PAR/Irradiance, Biospherical/Licor
# name 15 = flag:  0.000e+00
# span 0 =          1,       1279       
# span 1 = 308.724433, 308.728131       
# span 2 =    0.00000,    0.08875       
# span 3 =     0.0000,     5.3250       
# span 4 =      0.000,    319.500       
# span 5 =     -0.085,     85.829       
# span 6 =    478.616,  48981.388       
# span 7 =     0.2235,    30.9546       
# span 8 =     5.7284,     9.0653       
# span 9 =     -0.084,     85.009       
# span 10 =    6.62504,    8.75764      
# span 11 =     5.7295,     9.0588      
# span 12 =     0.1300,    23.9697      
# span 13 =   11.96179,   15.95178      
# span 14 = 3.7976e-02, 2.2245e+00      
# span 15 = 0.0000e+00, 0.0000e+00      
# interval = seconds: 0.25
# start_time = Nov 04 2015 17:23:11 [Instrument's time stamp, header]
# bad_flag = -9.990e-29
*END*
[from data line 724]
        725 308.726528    0.05028     3.0167    181.000     10.550  48152.642    30.4057     8.8853     10.452    6.66602     8.8883    23.5403   12.03431 4.4212e-02 0.0000e+00
        726 308.726531    0.05035     3.0208    181.250     10.700  48155.455    30.4079     8.8871     10.600    6.66566     8.8907    23.5417   12.03369 4.3868e-02 0.0000e+00
        727 308.726534    0.05042     3.0250    181.500     10.847  48156.709    30.4090     8.8894     10.746    6.66526     8.8927    23.5422   12.03302 4.3536e-02 0.0000e+00
        728 308.726536    0.05049     3.0292    181.750     10.993  48156.117    30.4088     8.8918     10.890    6.66490     8.8941    23.5417   12.03243 4.3216e-02 0.0000e+00
        729 308.726539    0.05056     3.0333    182.000     11.138  48154.925    30.4082     8.8939     11.034    6.66463     8.8949    23.5410   12.03198 4.2914e-02 0.0000e+00
        730 308.726542    0.05063     3.0375    182.250     11.282  48153.901    30.4076     8.8953     11.176    6.66445     8.8950    23.5403   12.03168 4.2636e-02 0.0000e+00
        731 308.726545    0.05069     3.0417    182.500     11.426  48153.254    30.4072     8.8960     11.318    6.66435     8.8946    23.5399   12.03152 4.2378e-02 0.0000e+00
        732 308.726548    0.05076     3.0458    182.750     11.569  48152.821    30.4069     8.8962     11.460    6.66434     8.8932    23.5396   12.03150 4.2129e-02 0.0000e+00
        733 308.726551    0.05083     3.0500    183.000     11.712  48151.981    30.4062     8.8958     11.602    6.66443     8.8904    23.5391   12.03167 4.1882e-02 0.0000e+00
        734 308.726554    0.05090     3.0542    183.250     11.857  48150.245    30.4047     8.8944     11.745    6.66470     8.8863    23.5381   12.03214 4.1634e-02 0.0000e+00
        735 308.726557    0.05097     3.0583    183.500     12.001  48148.685    30.4032     8.8916     11.888    6.66518     8.8815    23.5373   12.03294 4.1381e-02 0.0000e+00
        736 308.726560    0.05104     3.0625    183.750     12.146  48149.071    30.4028     8.8875     12.032    6.66581     8.8768    23.5377   12.03399 4.1121e-02 0.0000e+00
        737 308.726563    0.05111     3.0667    184.000     12.293  48151.372    30.4037     8.8827     12.177    6.66649     8.8726    23.5391   12.03511 4.0859e-02 0.0000e+00
        738 308.726565    0.05118     3.0708    184.250     12.442  48154.364    30.4051     8.8780     12.325    6.66713     8.8691    23.5409   12.03615 4.0604e-02 0.0000e+00
        739 308.726568    0.05125     3.0750    184.500     12.593  48157.350    30.4066     8.8738     12.475    6.66768     8.8663    23.5427   12.03706 4.0367e-02 0.0000e+00
        740 308.726571    0.05132     3.0792    184.750     12.748  48159.957    30.4078     8.8704     12.628    6.66815     8.8638    23.5442   12.03781 4.0151e-02 0.0000e+00
        741 308.726574    0.05139     3.0833    185.000     12.905  48161.819    30.4087     8.8675     12.783    6.66853     8.8615    23.5453   12.03844 3.9949e-02 0.0000e+00
        742 308.726577    0.05146     3.0875    185.250     13.063  48162.845    30.4090     8.8651     12.940    6.66888     8.8589    23.5459   12.03901 3.9758e-02 0.0000e+00
        743 308.726580    0.05153     3.0917    185.500     13.223  48163.301    30.4089     8.8628     13.098    6.66923     8.8559    23.5462   12.03959 3.9578e-02 0.0000e+00
        744 308.726583    0.05160     3.0958    185.750     13.381  48163.855    30.4089     8.8602     13.256    6.66962     8.8527    23.5465   12.04022 3.9401e-02 0.0000e+00
        745 308.726586    0.05167     3.1000    186.000     13.537  48165.370    30.4095     8.8573     13.410    6.67003     8.8498    23.5474   12.04091 3.9231e-02 0.0000e+00
        746 308.726589    0.05174     3.1042    186.250     13.689  48168.444    30.4111     8.8541     13.560    6.67044     8.8476    23.5492   12.04155 3.9072e-02 0.0000e+00
        747 308.726591    0.05181     3.1083    186.500     13.835  48172.788    30.4136     8.8512     13.705    6.67076     8.8460    23.5516   12.04206 3.8921e-02 0.0000e+00
        748 308.726594    0.05187     3.1125    186.750     13.976  48176.932    30.4162     8.8490     13.845    6.67098     8.8449    23.5540   12.04240 3.8775e-02 0.0000e+00
        749 308.726597    0.05194     3.1167    187.000     14.113  48179.660    30.4178     8.8474     13.980    6.67114     8.8438    23.5555   12.04264 3.8638e-02 0.0000e+00
        750 308.726600    0.05201     3.1208    187.250     14.246  48181.109    30.4186     8.8463     14.112    6.67127     8.8427    23.5563   12.04285 3.8505e-02 0.0000e+00
        751 308.726603    0.05208     3.1250    187.500     14.377  48182.076    30.4191     8.8453     14.242    6.67141     8.8416    23.5568   12.04307 3.8377e-02 0.0000e+00
        752 308.726606    0.05215     3.1292    187.750     14.507  48183.110    30.4196     8.8442     14.371    6.67155     8.8405    23.5573   12.04330 3.8263e-02 0.0000e+00
        753 308.726609    0.05222     3.1333    188.000     14.640  48184.328    30.4203     8.8431     14.502    6.67169     8.8396    23.5580   12.04352 3.8167e-02 0.0000e+00
        754 308.726612    0.05229     3.1375    188.250     14.776  48185.743    30.4211     8.8420     14.637    6.67181     8.8389    23.5588   12.04371 3.8096e-02 0.0000e+00
        755 308.726615    0.05236     3.1417    188.500     14.917  48187.355    30.4220     8.8411     14.777    6.67190     8.8384    23.5597   12.04385 3.8048e-02 0.0000e+00
        756 308.726617    0.05243     3.1458    188.750     15.062  48189.101    30.4231     8.8404     14.921    6.67196     8.8383    23.5606   12.04394 3.8019e-02 0.0000e+00
        757 308.726620    0.05250     3.1500    189.000     15.211  48190.936    30.4242     8.8399     15.068    6.67198     8.8385    23.5616   12.04396 3.8002e-02 0.0000e+00
        758 308.726623    0.05257     3.1542    189.250     15.361  48192.761    30.4254     8.8398     15.217    6.67195     8.8390    23.5626   12.04390 3.7992e-02 0.0000e+00
        759 308.726626    0.05264     3.1583    189.500     15.512  48194.336    30.4265     8.8400     15.367    6.67188     8.8397    23.5634   12.04376 3.7985e-02 0.0000e+00
        760 308.726629    0.05271     3.1625    189.750     15.662  48195.457    30.4272     8.8405     15.515    6.67177     8.8405    23.5639   12.04357 3.7982e-02 0.0000e+00
        761 308.726632    0.05278     3.1667    190.000     15.811  48196.271    30.4278     8.8412     15.662    6.67164     8.8415    23.5643   12.04334 3.7979e-02 0.0000e+00
        762 308.726635    0.05285     3.1708    190.250     15.957  48197.089    30.4285     8.8420     15.808    6.67148     8.8425    23.5646   12.04308 3.7978e-02 0.0000e+00
        763 308.726638    0.05292     3.1750    190.500     16.102  48197.760    30.4290     8.8430     15.951    6.67131     8.8437    23.5649   12.04278 3.7977e-02 0.0000e+00
        764 308.726641    0.05299     3.1792    190.750     16.244  48198.071    30.4293     8.8441     16.091    6.67113     8.8448    23.5650   12.04248 3.7977e-02 0.0000e+00
        765 308.726644    0.05306     3.1833    191.000     16.383  48198.461    30.4297     8.8453     16.229    6.67095     8.8462    23.5651   12.04217 3.7977e-02 0.0000e+00
        766 308.726646    0.05312     3.1875    191.250     16.520  48199.427    30.4305     8.8465     16.365    6.67074     8.8479    23.5655   12.04182 3.7976e-02 0.0000e+00
        767 308.726649    0.05319     3.1917    191.500     16.656  48200.918    30.4317     8.8478     16.499    6.67048     8.8500    23.5663   12.04138 3.7976e-02 0.0000e+00
        768 308.726652    0.05326     3.1958    191.750     16.792  48202.475    30.4329     8.8496     16.634    6.67017     8.8524    23.5670   12.04085 3.7976e-02 0.0000e+00
        769 308.726655    0.05333     3.2000    192.000     16.929  48203.664    30.4340     8.8517     16.770    6.66980     8.8549    23.5675   12.04023 3.7976e-02 0.0000e+00
        770 308.726658    0.05340     3.2042    192.250     17.066  48204.516    30.4349     8.8541     16.906    6.66941     8.8575    23.5678   12.03957 3.7976e-02 0.0000e+00
        771 308.726661    0.05347     3.2083    192.500     17.205  48205.166    30.4356     8.8566     17.044    6.66900     8.8600    23.5680   12.03888 3.7976e-02 0.0000e+00
        772 308.726664    0.05354     3.2125    192.750     17.346  48205.457    30.4361     8.8592     17.183    6.66859     8.8623    23.5680   12.03819 3.7976e-02 0.0000e+00
        773 308.726667    0.05361     3.2167    193.000     17.490  48205.231    30.4363     8.8618     17.326    6.66820     8.8642    23.5678   12.03755 3.7976e-02 0.0000e+00
        774 308.726670    0.05368     3.2208    193.250     17.637  48204.584    30.4361     8.8641     17.471    6.66786     8.8657    23.5673   12.03699 3.7976e-02 0.0000e+00
        775 308.726672    0.05375     3.2250    193.500     17.786  48203.999    30.4359     8.8660     17.619    6.66759     8.8669    23.5668   12.03654 3.7976e-02 0.0000e+00
        776 308.726675    0.05382     3.2292    193.750     17.935  48204.112    30.4361     8.8675     17.767    6.66736     8.8682    23.5668   12.03616 3.7977e-02 0.0000e+00
        777 308.726678    0.05389     3.2333    194.000     18.085  48205.550    30.4372     8.8687     17.914    6.66713     8.8701    23.5675   12.03577 3.7977e-02 0.0000e+00
        778 308.726681    0.05396     3.2375    194.250     18.234  48208.872    30.4396     8.8700     18.062    6.66683     8.8730    23.5692   12.03524 3.7978e-02 0.0000e+00
        779 308.726684    0.05403     3.2417    194.500     18.382  48213.781    30.4433     8.8719     18.208    6.66639     8.8769    23.5718   12.03447 3.7979e-02 0.0000e+00
        780 308.726687    0.05410     3.2458    194.750     18.528  48218.766    30.4471     8.8748     18.353    6.66579     8.8816    23.5743   12.03343 3.7981e-02 0.0000e+00
        781 308.726690    0.05417     3.2500    195.000     18.671  48222.567    30.4502     8.8788     18.495    6.66507     8.8866    23.5762   12.03219 3.7985e-02 0.0000e+00
        782 308.726693    0.05424     3.2542    195.250     18.811  48225.096    30.4526     8.8835     18.634    6.66427     8.8916    23.5773   12.03083 3.7991e-02 0.0000e+00
        783 308.726696    0.05431     3.2583    195.500     18.948  48226.294    30.4541     8.8885     18.770    6.66345     8.8961    23.5777   12.02946 3.8001e-02 0.0000e+00
        784 308.726698    0.05438     3.2625    195.750     19.083  48226.074    30.4546     8.8935     18.903    6.66268     8.8999    23.5774   12.02819 3.8018e-02 0.0000e+00
        785 308.726701    0.05444     3.2667    196.000     19.215  48225.077    30.4544     8.8980     19.035    6.66201     8.9030    23.5766   12.02708 3.8047e-02 0.0000e+00
        786 308.726704    0.05451     3.2708    196.250     19.347  48224.093    30.4542     8.9018     19.165    6.66146     8.9055    23.5758   12.02616 3.8094e-02 0.0000e+00
        787 308.726707    0.05458     3.2750    196.500     19.479  48223.497    30.4542     8.9049     19.296    6.66100     8.9077    23.5753   12.02540 3.8172e-02 0.0000e+00
        788 308.726710    0.05465     3.2792    196.750     19.614  48223.341    30.4544     8.9075     19.429    6.66061     8.9096    23.5751   12.02476 3.8303e-02 0.0000e+00
        789 308.726713    0.05472     3.2833    197.000     19.751  48223.628    30.4548     8.9096     19.565    6.66027     8.9114    23.5751   12.02419 3.8520e-02 0.0000e+00
        790 308.726716    0.05479     3.2875    197.250     19.892  48224.313    30.4555     8.9116     19.705    6.65995     8.9131    23.5754   12.02365 3.8883e-02 0.0000e+00
        791 308.726719    0.05486     3.2917    197.500     20.038  48225.170    30.4563     8.9134     19.850    6.65965     8.9146    23.5757   12.02314 3.9488e-02 0.0000e+00
        792 308.726722    0.05493     3.2958    197.750     20.188  48225.953    30.4570     8.9151     19.998    6.65936     8.9160    23.5760   12.02265 4.0497e-02 0.0000e+00
        793 308.726725    0.05500     3.3000    198.000     20.341  48226.554    30.4576     8.9167     20.150    6.65910     8.9172    23.5763   12.02222 4.2177e-02 0.0000e+00
        794 308.726727    0.05507     3.3042    198.250     20.497  48227.009    30.4580     8.9181     20.305    6.65888     8.9183    23.5764   12.02184 4.4978e-02 0.0000e+00
        795 308.726730    0.05514     3.3083    198.500     20.655  48227.430    30.4584     8.9193     20.461    6.65868     8.9192    23.5765   12.02150 4.9646e-02 0.0000e+00
        796 308.726733    0.05521     3.3125    198.750     20.812  48227.868    30.4588     8.9204     20.617    6.65850     8.9200    23.5767   12.02121 5.7427e-02 0.0000e+00
        797 308.726736    0.05528     3.3167    199.000     20.968  48228.321    30.4592     8.9213     20.771    6.65835     8.9206    23.5768   12.02095 7.0394e-02 0.0000e+00
        798 308.726739    0.05535     3.3208    199.250     21.121  48228.799    30.4595     8.9221     20.923    6.65821     8.9210    23.5770   12.02072 8.9270e-02 0.0000e+00
        799 308.726742    0.05542     3.3250    199.500     21.270  48229.283    30.4599     8.9227     21.070    6.65811     8.9213    23.5772   12.02054 1.0745e-01 0.0000e+00
        800 308.726745    0.05549     3.3292    199.750     21.414  48229.908    30.4604     8.9231     21.212    6.65802     8.9215    23.5775   12.02040 1.1628e-01 0.0000e+00
        801 308.726748    0.05556     3.3333    200.000     21.552  48230.812    30.4610     8.9234     21.349    6.65795     8.9217    23.5779   12.02027 1.1627e-01 0.0000e+00
        802 308.726751    0.05563     3.3375    200.250     21.686  48231.810    30.4616     8.9236     21.481    6.65789     8.9219    23.5784   12.02016 1.1219e-01 0.0000e+00
        803 308.726753    0.05569     3.3417    200.500     21.815  48232.630    30.4622     8.9239     21.609    6.65783     8.9221    23.5788   12.02006 1.0656e-01 0.0000e+00
        804 308.726756    0.05576     3.3458    200.750     21.941  48233.114    30.4625     8.9241     21.734    6.65778     8.9221    23.5790   12.01997 1.0066e-01 0.0000e+00
        805 308.726759    0.05583     3.3500    201.000     22.065  48233.196    30.4625     8.9243     21.857    6.65775     8.9219    23.5790   12.01992 9.5066e-02 0.0000e+00
        806 308.726762    0.05590     3.3542    201.250     22.188  48232.842    30.4622     8.9244     21.979    6.65776     8.9213    23.5788   12.01994 9.0047e-02 0.0000e+00
        807 308.726765    0.05597     3.3583    201.500     22.313  48232.024    30.4616     8.9241     22.103    6.65782     8.9202    23.5783   12.02005 8.5666e-02 0.0000e+00
        808 308.726768    0.05604     3.3625    201.750     22.440  48231.017    30.4607     8.9235     22.229    6.65795     8.9189    23.5778   12.02027 8.1892e-02 0.0000e+00
        809 308.726771    0.05611     3.3667    202.000     22.573  48230.413    30.4601     8.9225     22.360    6.65813     8.9175    23.5775   12.02058 7.8660e-02 0.0000e+00
        810 308.726774    0.05618     3.3708    202.250     22.712  48230.466    30.4599     8.9211     22.498    6.65834     8.9161    23.5775   12.02092 7.5900e-02 0.0000e+00
        811 308.726777    0.05625     3.3750    202.500     22.857  48230.949    30.4599     8.9197     22.643    6.65855     8.9149    23.5778   12.02127 7.3537e-02 0.0000e+00
        812 308.726780    0.05632     3.3792    202.750     23.010  48231.609    30.4601     8.9183     22.793    6.65874     8.9139    23.5781   12.02158 7.1505e-02 0.0000e+00
        813 308.726782    0.05639     3.3833    203.000     23.167  48232.331    30.4604     8.9171     22.949    6.65890     8.9131    23.5785   12.02186 6.9761e-02 0.0000e+00
