CTD-processing/allCTD/CNV--turbid/2015_02-22_t3_s15_cast204.cnv
* Sea-Bird SBE19plus Data File:
* FileName = C:\Users\amdoroff\Desktop\2015_02_22_CookInlet_Tran3_AnchorPt\2015_02_22_CookInlet_Tran3_Cast204.hex
* Software Version 1.59
* Temperature SN =  4141
* Conductivity SN =  4141
* System UpLoad Time = Feb 22 2015 17:11:21
** Cook Inlet LTM Tran3 Anchor Pt E to W
** Date 02-22
** Station: 3-15
** Start Time: 11:58
** Depth (m): 19
** Comment
# nquan = 16
# nvalues = 405                         
# units = specified
# name 0 = scan: Scan Count
# name 1 = timeJ: Julian Days
# name 2 = timeH: Time, Elapsed [hours]
# name 3 = timeM: Time, Elapsed [minutes]
# name 4 = timeS: Time, Elapsed [seconds]
# name 5 = prdM: Pressure, Strain Gauge [db]
# name 6 = specc: Specific Conductance [uS/cm]
# name 7 = sal00: Salinity, Practical [PSU]
# name 8 = tv290C: Temperature [ITS-90, deg C]
# name 9 = depSM: Depth [salt water, m], lat = 59.00
# name 10 = oxsolML/L: Oxygen Saturation, Garcia & Gordon [ml/l]
# name 11 = potemp090C: Potential Temperature [ITS-90, deg C]
# name 12 = sigma-é00: Density [sigma-theta, kg/m^3]
# name 13 = n2satML/L: Nitrogen Saturation [ml/l]
# name 14 = par: PAR/Irradiance, Biospherical/Licor
# name 15 = flag:  0.000e+00
# span 0 =          1,        405       
# span 1 =  53.499097,  53.500266       
# span 2 =    0.00000,    0.02806       
# span 3 =     0.0000,     1.6833       
# span 4 =      0.000,    101.000       
# span 5 =     -0.055,     16.880       
# span 6 =    452.786,  50748.389       
# span 7 =     0.2093,    31.4396       
# span 8 =     4.5597,     4.6483       
# span 9 =     -0.054,     16.721       
# span 10 =    7.31482,    9.00585      
# span 11 =     4.5596,     4.6483      
# span 12 =     0.1399,    24.8967      
# span 13 =   13.09411,   16.36892      
# span 14 = 3.6382e-02, 4.1066e+01      
# span 15 = 0.0000e+00, 0.0000e+00      
# interval = seconds: 0.25
# start_time = Feb 22 2015 11:58:42 [Instrument's time stamp, header]
# bad_flag = -9.990e-29
*END*
[from data line 272]
        273  53.499884    0.01889     1.1333     68.000      1.243  50713.030    31.4177     4.5797      1.231    7.31847     4.5823    24.8803   13.10038 1.1041e+01 0.0000e+00
        274  53.499887    0.01896     1.1375     68.250      1.249  50709.738    31.4158     4.5811      1.238    7.31832     4.5833    24.8786   13.10016 1.0916e+01 0.0000e+00
        275  53.499890    0.01903     1.1417     68.500      1.246  50703.472    31.4118     4.5823      1.234    7.31829     4.5839    24.8753   13.10016 1.1029e+01 0.0000e+00
        276  53.499893    0.01910     1.1458     68.750      1.231  50696.321    31.4071     4.5834      1.220    7.31834     4.5842    24.8715   13.10030 1.1319e+01 0.0000e+00
        277  53.499896    0.01917     1.1500     69.000      1.208  50690.580    31.4033     4.5840      1.197    7.31841     4.5840    24.8685   13.10047 1.1486e+01 0.0000e+00
        278  53.499899    0.01924     1.1542     69.250      1.179  50688.158    31.4017     4.5843      1.168    7.31845     4.5838    24.8672   13.10055 1.1488e+01 0.0000e+00
        279  53.499902    0.01931     1.1583     69.500      1.150  50691.038    31.4037     4.5841      1.140    7.31838     4.5840    24.8687   13.10041 1.1568e+01 0.0000e+00
        280  53.499905    0.01938     1.1625     69.750      1.127  50700.954    31.4105     4.5839      1.117    7.31808     4.5848    24.8741   13.09983 1.1792e+01 0.0000e+00
        281  53.499907    0.01944     1.1667     70.000      1.114  50715.241    31.4203     4.5841      1.104    7.31757     4.5860    24.8819   13.09886 1.1836e+01 0.0000e+00
        282  53.499910    0.01951     1.1708     70.250      1.112  50727.019    31.4285     4.5849      1.102    7.31703     4.5873    24.8884   13.09786 1.1425e+01 0.0000e+00
        283  53.499913    0.01958     1.1750     70.500      1.121  50733.412    31.4332     4.5861      1.110    7.31658     4.5883    24.8919   13.09707 1.0759e+01 0.0000e+00
        284  53.499916    0.01965     1.1792     70.750      1.137  50736.274    31.4354     4.5874      1.126    7.31625     4.5890    24.8936   13.09648 1.0349e+01 0.0000e+00
        285  53.499919    0.01972     1.1833     71.000      1.159  50737.535    31.4365     4.5884      1.148    7.31601     4.5894    24.8943   13.09608 1.0294e+01 0.0000e+00
        286  53.499922    0.01979     1.1875     71.250      1.184  50738.177    31.4371     4.5891      1.173    7.31586     4.5896    24.8947   13.09582 1.0224e+01 0.0000e+00
        287  53.499925    0.01986     1.1917     71.500      1.209  50738.491    31.4374     4.5895      1.198    7.31577     4.5896    24.8949   13.09568 9.9504e+00 0.0000e+00
        288  53.499928    0.01993     1.1958     71.750      1.234  50738.667    31.4375     4.5897      1.223    7.31573     4.5896    24.8950   13.09561 9.6911e+00 0.0000e+00
        289  53.499931    0.02000     1.2000     72.000      1.257  50738.876    31.4376     4.5897      1.245    7.31572     4.5896    24.8951   13.09558 9.7718e+00 0.0000e+00
        290  53.499933    0.02007     1.2042     72.250      1.276  50739.103    31.4378     4.5897      1.264    7.31571     4.5896    24.8952   13.09557 1.0158e+01 0.0000e+00
        291  53.499936    0.02014     1.2083     72.500      1.289  50739.269    31.4379     4.5897      1.277    7.31571     4.5896    24.8953   13.09556 1.0471e+01 0.0000e+00
        292  53.499939    0.02021     1.2125     72.750      1.293  50739.408    31.4380     4.5897      1.281    7.31571     4.5896    24.8954   13.09555 1.0530e+01 0.0000e+00
        293  53.499942    0.02028     1.2167     73.000      1.287  50739.584    31.4381     4.5897      1.275    7.31570     4.5897    24.8955   13.09554 1.0622e+01 0.0000e+00
        294  53.499945    0.02035     1.2208     73.250      1.268  50739.765    31.4383     4.5897      1.256    7.31569     4.5898    24.8956   13.09553 1.1040e+01 0.0000e+00
        295  53.499948    0.02042     1.2250     73.500      1.239  50739.849    31.4383     4.5898      1.228    7.31568     4.5900    24.8956   13.09550 1.1611e+01 0.0000e+00
        296  53.499951    0.02049     1.2292     73.750      1.204  50739.744    31.4383     4.5899      1.193    7.31565     4.5901    24.8956   13.09546 1.2012e+01 0.0000e+00
        297  53.499954    0.02056     1.2333     74.000      1.167  50739.479    31.4382     4.5901      1.156    7.31563     4.5902    24.8955   13.09543 1.2093e+01 0.0000e+00
        298  53.499957    0.02063     1.2375     74.250      1.131  50739.178    31.4380     4.5902      1.120    7.31561     4.5902    24.8953   13.09540 1.1875e+01 0.0000e+00
        299  53.499959    0.02069     1.2417     74.500      1.101  50739.011    31.4379     4.5903      1.090    7.31560     4.5903    24.8953   13.09538 1.1539e+01 0.0000e+00
        300  53.499962    0.02076     1.2458     74.750      1.081  50739.078    31.4380     4.5903      1.071    7.31559     4.5903    24.8953   13.09537 1.1265e+01 0.0000e+00
        301  53.499965    0.02083     1.2500     75.000      1.074  50739.209    31.4381     4.5904      1.064    7.31558     4.5904    24.8954   13.09535 1.1073e+01 0.0000e+00
        302  53.499968    0.02090     1.2542     75.250      1.082  50739.225    31.4381     4.5904      1.072    7.31557     4.5904    24.8954   13.09533 1.0812e+01 0.0000e+00
        303  53.499971    0.02097     1.2583     75.500      1.100  50739.204    31.4381     4.5905      1.090    7.31556     4.5904    24.8954   13.09531 1.0408e+01 0.0000e+00
        304  53.499974    0.02104     1.2625     75.750      1.125  50739.211    31.4381     4.5905      1.114    7.31556     4.5903    24.8954   13.09531 1.0014e+01 0.0000e+00
        305  53.499977    0.02111     1.2667     76.000      1.152  50739.223    31.4381     4.5905      1.141    7.31556     4.5903    24.8954   13.09531 9.8464e+00 0.0000e+00
        306  53.499980    0.02118     1.2708     76.250      1.178  50739.251    31.4381     4.5904      1.167    7.31557     4.5902    24.8954   13.09532 9.8887e+00 0.0000e+00
        307  53.499983    0.02125     1.2750     76.500      1.202  50739.285    31.4381     4.5904      1.191    7.31557     4.5902    24.8954   13.09533 9.8453e+00 0.0000e+00
        308  53.499986    0.02132     1.2792     76.750      1.226  50739.300    31.4381     4.5903      1.215    7.31558     4.5902    24.8954   13.09535 9.7348e+00 0.0000e+00
        309  53.499988    0.02139     1.2833     77.000      1.250  50739.299    31.4381     4.5903      1.238    7.31559     4.5901    24.8954   13.09536 9.9049e+00 0.0000e+00
        310  53.499991    0.02146     1.2875     77.250      1.273  50739.316    31.4381     4.5903      1.261    7.31560     4.5901    24.8954   13.09537 1.0145e+01 0.0000e+00
        311  53.499994    0.02153     1.2917     77.500      1.295  50739.393    31.4381     4.5902      1.283    7.31560     4.5901    24.8954   13.09539 1.0038e+01 0.0000e+00
        312  53.499997    0.02160     1.2958     77.750      1.315  50739.521    31.4382     4.5902      1.303    7.31561     4.5901    24.8955   13.09539 9.7646e+00 0.0000e+00
        313  53.500000    0.02167     1.3000     78.000      1.334  50739.672    31.4383     4.5902      1.322    7.31560     4.5902    24.8956   13.09538 9.5914e+00 0.0000e+00
        314  53.500003    0.02174     1.3042     78.250      1.357  50739.845    31.4384     4.5902      1.344    7.31559     4.5903    24.8957   13.09536 9.4490e+00 0.0000e+00
        315  53.500006    0.02181     1.3083     78.500      1.388  50739.959    31.4385     4.5903      1.374    7.31557     4.5904    24.8957   13.09533 9.2604e+00 0.0000e+00
        316  53.500009    0.02187     1.3125     78.750      1.436  50739.898    31.4384     4.5904      1.422    7.31555     4.5903    24.8957   13.09530 8.9104e+00 0.0000e+00
        317  53.500012    0.02194     1.3167     79.000      1.512  50739.693    31.4382     4.5905      1.498    7.31555     4.5901    24.8955   13.09530 8.1627e+00 0.0000e+00
        318  53.500014    0.02201     1.3208     79.250      1.623  50739.495    31.4380     4.5905      1.608    7.31558     4.5898    24.8953   13.09534 7.0898e+00 0.0000e+00
        319  53.500017    0.02208     1.3250     79.500      1.761  50739.498    31.4379     4.5903      1.744    7.31562     4.5895    24.8953   13.09541 6.1220e+00 0.0000e+00
        320  53.500020    0.02215     1.3292     79.750      1.918  50739.739    31.4380     4.5900      1.900    7.31567     4.5893    24.8953   13.09549 5.4612e+00 0.0000e+00
        321  53.500023    0.02222     1.3333     80.000      2.091  50740.146    31.4381     4.5897      2.071    7.31571     4.5892    24.8955   13.09556 4.9217e+00 0.0000e+00
        322  53.500026    0.02229     1.3375     80.250      2.278  50740.619    31.4383     4.5895      2.257    7.31573     4.5891    24.8956   13.09560 4.3044e+00 0.0000e+00
        323  53.500029    0.02236     1.3417     80.500      2.480  50740.979    31.4384     4.5894      2.456    7.31574     4.5891    24.8957   13.09562 3.5916e+00 0.0000e+00
        324  53.500032    0.02243     1.3458     80.750      2.694  50741.239    31.4385     4.5893      2.669    7.31575     4.5892    24.8958   13.09562 2.8586e+00 0.0000e+00
        325  53.500035    0.02250     1.3500     81.000      2.921  50741.578    31.4386     4.5894      2.894    7.31574     4.5892    24.8959   13.09560 2.1538e+00 0.0000e+00
        326  53.500038    0.02257     1.3542     81.250      3.158  50742.008    31.4388     4.5894      3.129    7.31573     4.5893    24.8960   13.09558 1.5109e+00 0.0000e+00
        327  53.500041    0.02264     1.3583     81.500      3.403  50742.419    31.4390     4.5895      3.371    7.31571     4.5895    24.8962   13.09554 9.8516e-01 0.0000e+00
        328  53.500043    0.02271     1.3625     81.750      3.652  50742.842    31.4392     4.5896      3.618    7.31568     4.5897    24.8963   13.09549 6.1480e-01 0.0000e+00
        329  53.500046    0.02278     1.3667     82.000      3.904  50743.322    31.4394     4.5897      3.867    7.31563     4.5900    24.8965   13.09541 3.8343e-01 0.0000e+00
        330  53.500049    0.02285     1.3708     82.250      4.155  50743.666    31.4396     4.5900      4.115    7.31558     4.5903    24.8966   13.09533 2.4461e-01 0.0000e+00
        331  53.500052    0.02292     1.3750     82.500      4.401  50743.812    31.4396     4.5903      4.359    7.31553     4.5907    24.8966   13.09524 1.6132e-01 0.0000e+00
        332  53.500055    0.02299     1.3792     82.750      4.637  50743.881    31.4396     4.5906      4.593    7.31546     4.5911    24.8966   13.09513 1.1135e-01 0.0000e+00
        333  53.500058    0.02306     1.3833     83.000      4.860  50743.775    31.4395     4.5910      4.815    7.31540     4.5914    24.8965   13.09503 8.1360e-02 0.0000e+00
        334  53.500061    0.02313     1.3875     83.250      5.070  50743.352    31.4392     4.5914      5.022    7.31535     4.5915    24.8962   13.09494 6.3369e-02 0.0000e+00
        335  53.500064    0.02319     1.3917     83.500      5.265  50742.684    31.4387     4.5917      5.215    7.31531     4.5913    24.8958   13.09490 5.2574e-02 0.0000e+00
        336  53.500067    0.02326     1.3958     83.750      5.446  50742.057    31.4382     4.5918      5.395    7.31532     4.5910    24.8954   13.09491 4.6097e-02 0.0000e+00
        337  53.500069    0.02333     1.4000     84.000      5.615  50741.774    31.4379     4.5917      5.563    7.31536     4.5905    24.8951   13.09499 4.2211e-02 0.0000e+00
        338  53.500072    0.02340     1.4042     84.250      5.775  50741.870    31.4378     4.5914      5.721    7.31542     4.5901    24.8951   13.09509 3.9879e-02 0.0000e+00
        339  53.500075    0.02347     1.4083     84.500      5.927  50742.222    31.4379     4.5910      5.872    7.31549     4.5898    24.8952   13.09521 3.8480e-02 0.0000e+00
        340  53.500078    0.02354     1.4125     84.750      6.076  50742.767    31.4381     4.5906      6.019    7.31555     4.5895    24.8954   13.09530 3.7641e-02 0.0000e+00
        341  53.500081    0.02361     1.4167     85.000      6.224  50743.399    31.4384     4.5902      6.166    7.31560     4.5894    24.8957   13.09537 3.7138e-02 0.0000e+00
        342  53.500084    0.02368     1.4208     85.250      6.377  50744.030    31.4387     4.5900      6.318    7.31563     4.5894    24.8960   13.09542 3.6835e-02 0.0000e+00
        343  53.500087    0.02375     1.4250     85.500      6.539  50744.719    31.4390     4.5899      6.478    7.31563     4.5895    24.8963   13.09542 3.6654e-02 0.0000e+00
        344  53.500090    0.02382     1.4292     85.750      6.712  50745.399    31.4394     4.5899      6.650    7.31561     4.5898    24.8966   13.09538 3.6545e-02 0.0000e+00
        345  53.500093    0.02389     1.4333     86.000      6.897  50745.760    31.4396     4.5900      6.833    7.31557     4.5901    24.8967   13.09531 3.6480e-02 0.0000e+00
        346  53.500095    0.02396     1.4375     86.250      7.094  50745.560    31.4395     4.5903      7.028    7.31552     4.5902    24.8965   13.09524 3.6440e-02 0.0000e+00
        347  53.500098    0.02403     1.4417     86.500      7.300  50745.054    31.4391     4.5906      7.232    7.31550     4.5901    24.8962   13.09520 3.6417e-02 0.0000e+00
        348  53.500101    0.02410     1.4458     86.750      7.512  50744.757    31.4388     4.5907      7.442    7.31549     4.5901    24.8960   13.09519 3.6403e-02 0.0000e+00
        349  53.500104    0.02417     1.4500     87.000      7.728  50744.762    31.4387     4.5907      7.656    7.31550     4.5901    24.8959   13.09520 3.6394e-02 0.0000e+00
        350  53.500107    0.02424     1.4542     87.250      7.944  50744.833    31.4386     4.5907      7.869    7.31551     4.5902    24.8958   13.09522 3.6389e-02 0.0000e+00
        351  53.500110    0.02431     1.4583     87.500      8.154  50744.785    31.4385     4.5907      8.078    7.31551     4.5904    24.8957   13.09522 3.6386e-02 0.0000e+00
        352  53.500113    0.02438     1.4625     87.750      8.358  50744.608    31.4383     4.5908      8.280    7.31550     4.5905    24.8956   13.09520 3.6385e-02 0.0000e+00
        353  53.500116    0.02444     1.4667     88.000      8.553  50744.455    31.4382     4.5910      8.473    7.31548     4.5907    24.8954   13.09517 3.6384e-02 0.0000e+00
        354  53.500119    0.02451     1.4708     88.250      8.737  50744.449    31.4381     4.5912      8.656    7.31545     4.5909    24.8954   13.09512 3.6383e-02 0.0000e+00
        355  53.500122    0.02458     1.4750     88.500      8.911  50744.577    31.4381     4.5913      8.828    7.31541     4.5910    24.8954   13.09507 3.6383e-02 0.0000e+00
        356  53.500124    0.02465     1.4792     88.750      9.076  50744.728    31.4382     4.5915      8.992    7.31538     4.5911    24.8954   13.09502 3.6382e-02 0.0000e+00
        357  53.500127    0.02472     1.4833     89.000      9.233  50744.856    31.4382     4.5917      9.147    7.31535     4.5912    24.8954   13.09497 3.6382e-02 0.0000e+00
        358  53.500130    0.02479     1.4875     89.250      9.382  50745.016    31.4383     4.5918      9.294    7.31532     4.5914    24.8955   13.09492 3.6382e-02 0.0000e+00
        359  53.500133    0.02486     1.4917     89.500      9.525  50745.136    31.4384     4.5919      9.436    7.31530     4.5915    24.8955   13.09488 3.6382e-02 0.0000e+00
        360  53.500136    0.02493     1.4958     89.750      9.664  50745.132    31.4383     4.5921      9.573    7.31528     4.5915    24.8954   13.09485 3.6382e-02 0.0000e+00
        361  53.500139    0.02500     1.5000     90.000      9.801  50745.085    31.4382     4.5922      9.709    7.31527     4.5916    24.8954   13.09483 3.6382e-02 0.0000e+00
