CTD-processing/allCTD/CNV--turbid/2015_09-24_t4_s06_cast200.cnv
* Sea-Bird SBE19plus Data File:
* FileName = C:\Users\Kris.Holderied\Documents\kasitsna\Research-KBL\Oceanography-AK\CTD-Data-ALL-to-2015-06\2015-CTD-KachemakBay-CookInlet\2015-09-24-CookInlet-Tran4-special\2015-09-24-CookInlet-Tran4-cast200.hex
* Software Version 1.59
* Temperature SN =  5028
* Conductivity SN =  5028
* System UpLoad Time = Oct 19 2015 12:43:24
** Cook Inlet LTM Transect 4 Homer Spit special

** Date: 09-24
** Station: 4-06
** Start time (AKDT): 15:33
** Depth (m): 61.3
** Comment:  R/V Edgecumbe
** Comment:
# nquan = 16
# nvalues = 582                         
# units = specified
# name 0 = scan: Scan Count
# name 1 = timeJ: Julian Days
# name 2 = timeH: Time, Elapsed [hours]
# name 3 = timeM: Time, Elapsed [minutes]
# name 4 = timeS: Time, Elapsed [seconds]
# name 5 = prdM: Pressure, Strain Gauge [db]
# name 6 = specc: Specific Conductance [uS/cm]
# name 7 = sal00: Salinity, Practical [PSU]
# name 8 = tv290C: Temperature [ITS-90, deg C]
# name 9 = depSM: Depth [salt water, m], lat = 59.00
# name 10 = oxsolML/L: Oxygen Saturation, Garcia & Gordon [ml/l]
# name 11 = potemp090C: Potential Temperature [ITS-90, deg C]
# name 12 = sigma-é00: Density [sigma-theta, kg/m^3]
# name 13 = n2satML/L: Nitrogen Saturation [ml/l]
# name 14 = par: PAR/Irradiance, Biospherical/Licor
# name 15 = flag:  0.000e+00
# span 0 =          1,        582       
# span 1 = 267.647928, 267.649609       
# span 2 =    0.00000,    0.04035       
# span 3 =     0.0000,     2.4208       
# span 4 =      0.000,    145.250       
# span 5 =     -0.099,     54.113       
# span 6 =   3329.352,  49190.834       
# span 7 =     1.7373,    31.2214       
# span 8 =     7.1164,    10.3765       
# span 9 =     -0.098,     53.599       
# span 10 =    6.44262,    8.34046      
# span 11 =     7.1460,    10.3752      
# span 12 =     1.2653,    24.0572      
# span 13 =   11.66109,   15.22668      
# span 14 = 7.1330e-02, 6.7647e+02      
# span 15 = 0.0000e+00, 0.0000e+00      
# interval = seconds: 0.25
# start_time = Sep 24 2015 15:33:01 [Instrument's time stamp, header]
# bad_flag = -9.990e-29
*END*
[from data line 362]
        363 267.648976    0.02514     1.5083     90.500      4.849  46144.506    29.1361     9.9222      4.804    6.56785     9.9410    22.3898   11.88708 1.0078e+02 0.0000e+00
        364 267.648979    0.02521     1.5125     90.750      4.992  46163.067    29.1501     9.9316      4.946    6.56589     9.9529    22.3993   11.88367 9.7096e+01 0.0000e+00
        365 267.648981    0.02528     1.5167     91.000      5.158  46192.012    29.1715     9.9415      5.110    6.56356     9.9687    22.4143   11.87954 9.2756e+01 0.0000e+00
        366 267.648984    0.02535     1.5208     91.250      5.350  46238.597    29.2053     9.9534      5.300    6.56043     9.9906    22.4389   11.87393 8.8235e+01 0.0000e+00
        367 267.648987    0.02542     1.5250     91.500      5.564  46307.506    29.2553     9.9693      5.512    6.55605    10.0198    22.4753   11.86606 8.4332e+01 0.0000e+00
        368 267.648990    0.02549     1.5292     91.750      5.793  46399.263    29.3220     9.9912      5.739    6.55011    10.0567    22.5237   11.85540 8.1527e+01 0.0000e+00
        369 267.648993    0.02556     1.5333     92.000      6.028  46513.381    29.4052    10.0204      5.972    6.54242    10.0991    22.5839   11.84165 7.9816e+01 0.0000e+00
        370 267.648996    0.02562     1.5375     92.250      6.262  46631.480    29.4921    10.0574      6.204    6.53349    10.1416    22.6457   11.82578 7.8901e+01 0.0000e+00
        371 267.648999    0.02569     1.5417     92.500      6.492  46725.123    29.5625    10.0998      6.431    6.52447    10.1793    22.6938   11.80998 7.8479e+01 0.0000e+00
        372 267.649002    0.02576     1.5458     92.750      6.716  46791.604    29.6139    10.1423      6.653    6.51624    10.2107    22.7270   11.79571 7.8215e+01 0.0000e+00
        373 267.649005    0.02583     1.5500     93.000      6.935  46850.321    29.6594    10.1800      6.870    6.50896    10.2364    22.7564   11.78308 7.7543e+01 0.0000e+00
        374 267.649008    0.02590     1.5542     93.250      7.147  46909.633    29.7045    10.2115      7.080    6.50259    10.2564    22.7865   11.77197 7.5955e+01 0.0000e+00
        375 267.649010    0.02597     1.5583     93.500      7.351  46961.560    29.7438    10.2372      7.282    6.49729    10.2710    22.8129   11.76272 7.3510e+01 0.0000e+00
        376 267.649013    0.02604     1.5625     93.750      7.546  47004.787    29.7764    10.2573      7.475    6.49308    10.2810    22.8350   11.75534 7.0836e+01 0.0000e+00
        377 267.649016    0.02611     1.5667     94.000      7.735  47049.850    29.8096    10.2719      7.662    6.48963    10.2885    22.8586   11.74921 6.8533e+01 0.0000e+00
        378 267.649019    0.02618     1.5708     94.250      7.919  47104.849    29.8493    10.2819      7.845    6.48655    10.2951    22.8879   11.74364 6.6646e+01 0.0000e+00
        379 267.649022    0.02625     1.5750     94.500      8.101  47166.243    29.8932    10.2894      8.026    6.48368    10.3014    22.9208   11.73835 6.4892e+01 0.0000e+00
        380 267.649025    0.02632     1.5792     94.750      8.284  47224.768    29.9350    10.2960      8.207    6.48101    10.3074    22.9523   11.73342 6.3147e+01 0.0000e+00
        381 267.649028    0.02639     1.5833     95.000      8.469  47277.125    29.9724    10.3024      8.391    6.47856    10.3125    22.9804   11.72890 6.1482e+01 0.0000e+00
        382 267.649031    0.02646     1.5875     95.250      8.660  47326.748    30.0079    10.3083      8.579    6.47625    10.3167    23.0071   11.72465 6.0002e+01 0.0000e+00
        383 267.649034    0.02653     1.5917     95.500      8.854  47377.985    30.0444    10.3135      8.771    6.47400    10.3198    23.0347   11.72049 5.8792e+01 0.0000e+00
        384 267.649036    0.02660     1.5958     95.750      9.048  47430.890    30.0820    10.3177      8.964    6.47186    10.3220    23.0633   11.71648 5.7826e+01 0.0000e+00
        385 267.649039    0.02667     1.6000     96.000      9.236  47481.574    30.1179    10.3208      9.150    6.46993    10.3237    23.0908   11.71286 5.6911e+01 0.0000e+00
        386 267.649042    0.02674     1.6042     96.250      9.411  47527.936    30.1507    10.3230      9.323    6.46826    10.3254    23.1159   11.70969 5.5746e+01 0.0000e+00
        387 267.649045    0.02681     1.6083     96.500      9.572  47570.308    30.1806    10.3247      9.482    6.46678    10.3271    23.1390   11.70688 5.4094e+01 0.0000e+00
        388 267.649048    0.02688     1.6125     96.750      9.724  47606.596    30.2063    10.3264      9.633    6.46548    10.3288    23.1587   11.70442 5.2001e+01 0.0000e+00
        389 267.649051    0.02694     1.6167     97.000      9.875  47633.892    30.2256    10.3281      9.783    6.46444    10.3304    23.1734   11.70246 4.9787e+01 0.0000e+00
        390 267.649054    0.02701     1.6208     97.250     10.032  47653.353    30.2394    10.3299      9.939    6.46362    10.3319    23.1839   11.70094 4.7823e+01 0.0000e+00
        391 267.649057    0.02708     1.6250     97.500     10.199  47668.937    30.2505    10.3315     10.103    6.46294    10.3334    23.1923   11.69968 4.6349e+01 0.0000e+00
        392 267.649060    0.02715     1.6292     97.750     10.372  47684.701    30.2617    10.3330     10.275    6.46226    10.3354    23.2007   11.69842 4.5367e+01 0.0000e+00
        393 267.649063    0.02722     1.6333     98.000     10.549  47703.691    30.2752    10.3346     10.450    6.46148    10.3382    23.2110   11.69696 4.4653e+01 0.0000e+00
        394 267.649065    0.02729     1.6375     98.250     10.723  47728.094    30.2925    10.3366     10.622    6.46048    10.3423    23.2241   11.69510 4.3938e+01 0.0000e+00
        395 267.649068    0.02736     1.6417     98.500     10.895  47760.730    30.3158    10.3394     10.793    6.45914    10.3486    23.2418   11.69259 4.3058e+01 0.0000e+00
        396 267.649071    0.02743     1.6458     98.750     11.072  47806.103    30.3481    10.3436     10.968    6.45722    10.3575    23.2663   11.68902 4.1976e+01 0.0000e+00
        397 267.649074    0.02750     1.6500     99.000     11.261  47864.924    30.3902    10.3499     11.155    6.45459    10.3674    23.2980   11.68417 4.0758e+01 0.0000e+00
        398 267.649077    0.02757     1.6542     99.250     11.464  47928.700    30.4361    10.3588     11.357    6.45145    10.3747    23.3323   11.67841 3.9504e+01 0.0000e+00
        399 267.649080    0.02764     1.6583     99.500     11.683  47990.184    30.4804    10.3687     11.574    6.44822    10.3752    23.3652   11.67254 3.8275e+01 0.0000e+00
        400 267.649083    0.02771     1.6625     99.750     11.917  48050.809    30.5239    10.3761     11.805    6.44540    10.3664    23.3978   11.66734 3.7044e+01 0.0000e+00
        401 267.649086    0.02778     1.6667    100.000     12.164  48115.129    30.5691    10.3765     12.050    6.44347    10.3498    23.4330   11.66360 3.5732e+01 0.0000e+00
        402 267.649089    0.02785     1.6708    100.250     12.420  48188.433    30.6196    10.3678     12.304    6.44262    10.3295    23.4738   11.66159 3.4291e+01 0.0000e+00
        403 267.649091    0.02792     1.6750    100.500     12.683  48268.538    30.6740    10.3512     12.564    6.44271    10.3091    23.5189   11.66109 3.2748e+01 0.0000e+00
        404 267.649094    0.02799     1.6792    100.750     12.950  48343.568    30.7244    10.3310     12.828    6.44348    10.2901    23.5615   11.66176 3.1189e+01 0.0000e+00
        405 267.649097    0.02806     1.6833    101.000     13.218  48405.728    30.7656    10.3106     13.093    6.44464    10.2731    23.5970   11.66319 2.9711e+01 0.0000e+00
        406 267.649100    0.02813     1.6875    101.250     13.485  48454.660    30.7977    10.2916     13.359    6.44599    10.2589    23.6252   11.66504 2.8385e+01 0.0000e+00
        407 267.649103    0.02819     1.6917    101.500     13.750  48492.325    30.8221    10.2746     13.622    6.44736    10.2479    23.6470   11.66703 2.7228e+01 0.0000e+00
        408 267.649106    0.02826     1.6958    101.750     14.011  48520.841    30.8404    10.2605     13.879    6.44859    10.2397    23.6636   11.66885 2.6224e+01 0.0000e+00
        409 267.649109    0.02833     1.7000    102.000     14.264  48541.895    30.8538    10.2495     14.130    6.44959    10.2336    23.6759   11.67033 2.5336e+01 0.0000e+00
        410 267.649112    0.02840     1.7042    102.250     14.510  48557.138    30.8635    10.2413     14.373    6.45034    10.2291    23.6847   11.67147 2.4523e+01 0.0000e+00
        411 267.649115    0.02847     1.7083    102.500     14.746  48568.040    30.8703    10.2352     14.607    6.45091    10.2257    23.6911   11.67232 2.3749e+01 0.0000e+00
        412 267.649117    0.02854     1.7125    102.750     14.970  48575.865    30.8752    10.2308     14.829    6.45133    10.2229    23.6956   11.67297 2.3005e+01 0.0000e+00
        413 267.649120    0.02861     1.7167    103.000     15.181  48581.649    30.8788    10.2274     15.039    6.45167    10.2205    23.6990   11.67348 2.2289e+01 0.0000e+00
        414 267.649123    0.02868     1.7208    103.250     15.383  48586.166    30.8816    10.2246     15.239    6.45194    10.2180    23.7016   11.67390 2.1599e+01 0.0000e+00
        415 267.649126    0.02875     1.7250    103.500     15.582  48590.008    30.8839    10.2222     15.435    6.45218    10.2153    23.7038   11.67427 2.0914e+01 0.0000e+00
        416 267.649129    0.02882     1.7292    103.750     15.785  48593.571    30.8860    10.2198     15.637    6.45243    10.2121    23.7059   11.67467 2.0218e+01 0.0000e+00
        417 267.649132    0.02889     1.7333    104.000     15.998  48597.180    30.8882    10.2170     15.848    6.45273    10.2083    23.7080   11.67513 1.9514e+01 0.0000e+00
        418 267.649135    0.02896     1.7375    104.250     16.220  48601.452    30.8907    10.2138     16.068    6.45307    10.2041    23.7105   11.67567 1.8829e+01 0.0000e+00
        419 267.649138    0.02903     1.7417    104.500     16.446  48607.175    30.8942    10.2101     16.292    6.45345    10.1996    23.7138   11.67626 1.8175e+01 0.0000e+00
        420 267.649141    0.02910     1.7458    104.750     16.672  48614.825    30.8990    10.2059     16.516    6.45384    10.1949    23.7182   11.67684 1.7553e+01 0.0000e+00
        421 267.649144    0.02917     1.7500    105.000     16.897  48624.555    30.9052    10.2015     16.739    6.45421    10.1900    23.7238   11.67739 1.6962e+01 0.0000e+00
        422 267.649146    0.02924     1.7542    105.250     17.122  48635.814    30.9125    10.1967     16.961    6.45458    10.1852    23.7303   11.67790 1.6416e+01 0.0000e+00
        423 267.649149    0.02931     1.7583    105.500     17.343  48647.341    30.9199    10.1919     17.181    6.45495    10.1803    23.7369   11.67844 1.5925e+01 0.0000e+00
        424 267.649152    0.02937     1.7625    105.750     17.558  48658.220    30.9269    10.1871     17.393    6.45534    10.1755    23.7431   11.67900 1.5494e+01 0.0000e+00
        425 267.649155    0.02944     1.7667    106.000     17.764  48668.006    30.9331    10.1823     17.597    6.45577    10.1706    23.7487   11.67963 1.5104e+01 0.0000e+00
        426 267.649158    0.02951     1.7708    106.250     17.966  48676.559    30.9385    10.1774     17.797    6.45623    10.1656    23.7537   11.68033 1.4726e+01 0.0000e+00
        427 267.649161    0.02958     1.7750    106.500     18.169  48684.284    30.9433    10.1726     17.999    6.45672    10.1604    23.7582   11.68108 1.4333e+01 0.0000e+00
        428 267.649164    0.02965     1.7792    106.750     18.379  48691.777    30.9478    10.1676     18.206    6.45723    10.1553    23.7626   11.68188 1.3912e+01 0.0000e+00
        429 267.649167    0.02972     1.7833    107.000     18.596  48699.166    30.9523    10.1625     18.421    6.45777    10.1502    23.7670   11.68271 1.3468e+01 0.0000e+00
        430 267.649170    0.02979     1.7875    107.250     18.817  48706.261    30.9566    10.1573     18.641    6.45832    10.1453    23.7711   11.68357 1.3022e+01 0.0000e+00
        431 267.649172    0.02986     1.7917    107.500     19.037  48712.994    30.9606    10.1523     18.859    6.45886    10.1409    23.7751   11.68443 1.2599e+01 0.0000e+00
        432 267.649175    0.02993     1.7958    107.750     19.252  48719.224    30.9644    10.1475     19.071    6.45939    10.1368    23.7788   11.68526 1.2216e+01 0.0000e+00
        433 267.649178    0.03000     1.8000    108.000     19.457  48724.701    30.9676    10.1430     19.274    6.45988    10.1329    23.7820   11.68604 1.1876e+01 0.0000e+00
        434 267.649181    0.03007     1.8042    108.250     19.657  48729.300    30.9703    10.1389     19.472    6.46035    10.1287    23.7848   11.68677 1.1567e+01 0.0000e+00
        435 267.649184    0.03014     1.8083    108.500     19.858  48733.079    30.9724    10.1350     19.671    6.46081    10.1238    23.7871   11.68752 1.1276e+01 0.0000e+00
        436 267.649187    0.03021     1.8125    108.750     20.063  48736.341    30.9741    10.1309     19.874    6.46132    10.1175    23.7891   11.68835 1.0993e+01 0.0000e+00
        437 267.649190    0.03028     1.8167    109.000     20.273  48739.518    30.9756    10.1260     20.083    6.46195    10.1095    23.7911   11.68937 1.0714e+01 0.0000e+00
        438 267.649193    0.03035     1.8208    109.250     20.485  48742.894    30.9771    10.1198     20.292    6.46277    10.0997    23.7933   11.69070 1.0440e+01 0.0000e+00
        439 267.649196    0.03042     1.8250    109.500     20.694  48747.131    30.9790    10.1117     20.499    6.46382    10.0892    23.7961   11.69242 1.0169e+01 0.0000e+00
        440 267.649198    0.03049     1.8292    109.750     20.899  48753.598    30.9823    10.1020     20.702    6.46506    10.0793    23.8003   11.69444 9.9007e+00 0.0000e+00
        441 267.649201    0.03056     1.8333    110.000     21.101  48762.521    30.9872    10.0915     20.902    6.46634    10.0710    23.8058   11.69651 9.6361e+00 0.0000e+00
        442 267.649204    0.03062     1.8375    110.250     21.299  48772.111    30.9927    10.0816     21.099    6.46751    10.0645    23.8117   11.69838 9.3792e+00 0.0000e+00
        443 267.649207    0.03069     1.8417    110.500     21.492  48780.566    30.9975    10.0734     21.290    6.46848    10.0594    23.8168   11.69992 9.1382e+00 0.0000e+00
        444 267.649210    0.03076     1.8458    110.750     21.678  48787.227    31.0013    10.0669     21.474    6.46924    10.0554    23.8209   11.70113 8.9175e+00 0.0000e+00
        445 267.649213    0.03083     1.8500    111.000     21.857  48792.315    31.0042    10.0618     21.651    6.46984    10.0520    23.8239   11.70208 8.7133e+00 0.0000e+00
        446 267.649216    0.03090     1.8542    111.250     22.033  48796.410    31.0065    10.0578     21.826    6.47031    10.0492    23.8264   11.70285 8.5174e+00 0.0000e+00
        447 267.649219    0.03097     1.8583    111.500     22.211  48799.938    31.0085    10.0545     22.002    6.47070    10.0468    23.8285   11.70347 8.3240e+00 0.0000e+00
        448 267.649222    0.03104     1.8625    111.750     22.395  48803.117    31.0103    10.0517     22.184    6.47102    10.0449    23.8304   11.70398 8.1287e+00 0.0000e+00
        449 267.649225    0.03111     1.8667    112.000     22.589  48805.907    31.0119    10.0493     22.377    6.47129    10.0433    23.8320   11.70440 7.9256e+00 0.0000e+00
        450 267.649227    0.03118     1.8708    112.250     22.799  48808.125    31.0132    10.0474     22.585    6.47151    10.0417    23.8333   11.70475 7.7099e+00 0.0000e+00
        451 267.649230    0.03125     1.8750    112.500     23.024  48809.749    31.0140    10.0458     22.808    6.47170    10.0399    23.8342   11.70506 7.4820e+00 0.0000e+00
