CTD-processing/allCTD/CNV--turbid/2015_07-29_t9_south_cast148.cnv
* Sea-Bird SBE19plus Data File:
* FileName = C:\Users\Kris.Holderied\Documents\kasitsna\Research-KBL\Oceanography-AK\CTD-Data-ALL-to-2015-06\2015-CTD-KachemakBay-CookInlet\2015-07-29-CookInlet-HomerSpit-Monthly\2015-07-29-CookInlet-Tran9-cast148.hex
* Software Version 1.59
* Temperature SN =  5028
* Conductivity SN =  5028
* System UpLoad Time = Aug 13 2015 18:52:33
** Cook Inlet LTM Transect 9 (monthly) North to South
** Date (YYYY-MM-DD): 2015-07-29
** Station (ie. 9-01):  South
** Start time (AKDT): 15:35
** Depth (m): 47
** Comment:  R/V Barnacle
** Comment:
# nquan = 16
# nvalues = 508                         
# units = specified
# name 0 = scan: Scan Count
# name 1 = timeJ: Julian Days
# name 2 = timeH: Time, Elapsed [hours]
# name 3 = timeM: Time, Elapsed [minutes]
# name 4 = timeS: Time, Elapsed [seconds]
# name 5 = prdM: Pressure, Strain Gauge [db]
# name 6 = specc: Specific Conductance [uS/cm]
# name 7 = sal00: Salinity, Practical [PSU]
# name 8 = tv290C: Temperature [ITS-90, deg C]
# name 9 = depSM: Depth [salt water, m], lat = 59.00
# name 10 = oxsolML/L: Oxygen Saturation, Garcia & Gordon [ml/l]
# name 11 = potemp090C: Potential Temperature [ITS-90, deg C]
# name 12 = sigma-é00: Density [sigma-theta, kg/m^3]
# name 13 = n2satML/L: Nitrogen Saturation [ml/l]
# name 14 = par: PAR/Irradiance, Biospherical/Licor
# name 15 = flag:  0.000e+00
# span 0 =          1,        508       
# span 1 = 210.648461, 210.649928       
# span 2 =    0.00000,    0.03521       
# span 3 =     0.0000,     2.1125       
# span 4 =      0.000,    126.750       
# span 5 =     -0.022,     43.260       
# span 6 =   1969.322,  49323.746       
# span 7 =     0.9980,    31.2874       
# span 8 =     9.4277,    14.2151       
# span 9 =     -0.022,     42.851       
# span 10 =    6.14515,    7.27752      
# span 11 =     9.4232,    14.2149      
# span 12 =     0.1151,    24.1467      
# span 13 =   11.22714,   13.44186      
# span 14 = 7.2062e-02, 4.9573e+02      
# span 15 = 0.0000e+00, 0.0000e+00      
# interval = seconds: 0.25
# start_time = Jul 29 2015 15:33:47 [Instrument's time stamp, header]
# bad_flag = -9.990e-29
*END*
          1 210.648461    0.00000     0.0000      0.000     -0.011   2101.773     1.0670    13.3076     -0.011    7.27448    13.3081     0.1689   13.43575 1.1105e+02 0.0000e+00
          2 210.648464    0.00007     0.0042      0.250     -0.011   2019.895     1.0240    13.3078     -0.011    7.27638    13.3084     0.1354   13.43957 1.1260e+02 0.0000e+00
          3 210.648466    0.00014     0.0083      0.500     -0.012   1969.322     0.9980    13.3081     -0.012    7.27752    13.3087     0.1151   13.44186 1.1469e+02 0.0000e+00
          4 210.648469    0.00021     0.0125      0.750     -0.013   1991.264     1.0108    13.3084     -0.013    7.27689    13.3090     0.1250   13.44062 1.1753e+02 0.0000e+00
          5 210.648472    0.00028     0.0167      1.000     -0.014   2122.172     1.0821    13.3087     -0.014    7.27363    13.3092     0.1802   13.43412 1.2145e+02 0.0000e+00
          6 210.648475    0.00035     0.0208      1.250     -0.014   2410.037     1.2377    13.3090     -0.014    7.26658    13.3094     0.3007   13.42003 1.2640e+02 0.0000e+00
          7 210.648478    0.00042     0.0250      1.500     -0.015   2787.657     1.4415    13.3092     -0.015    7.25736    13.3095     0.4586   13.40160 1.3164e+02 0.0000e+00
          8 210.648481    0.00049     0.0292      1.750     -0.016   3105.654     1.6133    13.3094     -0.016    7.24959    13.3096     0.5918   13.38606 1.3629e+02 0.0000e+00
          9 210.648484    0.00056     0.0333      2.000     -0.017   3359.187     1.7513    13.3095     -0.017    7.24336    13.3097     0.6987   13.37362 1.4049e+02 0.0000e+00
         10 210.648487    0.00063     0.0375      2.250     -0.018   3546.898     1.8537    13.3096     -0.018    7.23874    13.3098     0.7780   13.36439 1.4474e+02 0.0000e+00
         11 210.648490    0.00069     0.0417      2.500     -0.019   3600.182     1.8822    13.3097     -0.019    7.23744    13.3100     0.8001   13.36179 1.4861e+02 0.0000e+00
         12 210.648492    0.00076     0.0458      2.750     -0.020   3562.838     1.8610    13.3098     -0.020    7.23837    13.3102     0.7837   13.36365 1.5180e+02 0.0000e+00
         13 210.648495    0.00083     0.0500      3.000     -0.021   3512.806     1.8332    13.3100     -0.021    7.23959    13.3103     0.7622   13.36610 1.5561e+02 0.0000e+00
         14 210.648498    0.00090     0.0542      3.250     -0.022   3456.894     1.8027    13.3102     -0.022    7.24094    13.3103     0.7385   13.36880 1.6131e+02 0.0000e+00
         15 210.648501    0.00097     0.0583      3.500     -0.022   3350.158     1.7447    13.3103     -0.022    7.24353    13.3102     0.6935   13.37399 1.6911e+02 0.0000e+00
         16 210.648504    0.00104     0.0625      3.750     -0.022   3163.307     1.6431    13.3103     -0.021    7.24810    13.3099     0.6148   13.38313 1.7926e+02 0.0000e+00
         17 210.648507    0.00111     0.0667      4.000     -0.021   2944.618     1.5248    13.3102     -0.021    7.25345    13.3093     0.5232   13.39383 1.9273e+02 0.0000e+00
         18 210.648510    0.00118     0.0708      4.250     -0.021   2764.283     1.4284    13.3099     -0.021    7.25786    13.3082     0.4485   13.40264 2.1112e+02 0.0000e+00
         19 210.648513    0.00125     0.0750      4.500     -0.021   2640.896     1.3645    13.3093     -0.021    7.26087    13.3062     0.3989   13.40865 2.3706e+02 0.0000e+00
         20 210.648516    0.00132     0.0792      4.750     -0.021   2572.795     1.3327    13.3082     -0.021    7.26254    13.3028     0.3743   13.41195 2.7494e+02 0.0000e+00
         21 210.648519    0.00139     0.0833      5.000     -0.021   2586.467     1.3487    13.3062     -0.021    7.26223    13.2970     0.3867   13.41127 3.2660e+02 0.0000e+00
         22 210.648521    0.00146     0.0875      5.250     -0.020   2716.351     1.4331    13.3028     -0.020    7.25913    13.2874     0.4521   13.40496 3.8503e+02 0.0000e+00
         23 210.648524    0.00153     0.0917      5.500     -0.017   2999.821     1.6100    13.2970     -0.017    7.25234    13.2715     0.5891   13.39119 4.3662e+02 0.0000e+00
         24 210.648527    0.00160     0.0958      5.750     -0.011   3532.643     1.9372    13.2874     -0.011    7.23958    13.2449     0.8427   13.36534 4.6990e+02 0.0000e+00
         25 210.648530    0.00167     0.1000      6.000     -0.000   4502.540     2.5261    13.2715     -0.000    7.21633    13.2007     1.2991   13.31831 4.8234e+02 0.0000e+00
         26 210.648533    0.00174     0.1042      6.250      0.018   6202.350     3.5518    13.2449      0.017    7.17558    13.1271     2.0941   13.23592 4.8596e+02 0.0000e+00
         27 210.648536    0.00181     0.1083      6.500      0.048   9084.124     5.2874    13.2007      0.047    7.10649    13.0173     3.4391   13.09625 4.9127e+02 0.0000e+00
         28 210.648539    0.00187     0.1125      6.750      0.096  13255.729     7.8165    13.1271      0.095    7.00746    12.8906     5.4002   12.89566 4.9573e+02 0.0000e+00
         29 210.648542    0.00194     0.1167      7.000      0.169  17637.163    10.5006    13.0173      0.167    6.90752    12.7869     7.4858   12.69175 4.9311e+02 0.0000e+00
         30 210.648545    0.00201     0.1208      7.250      0.263  20968.638    12.5572    12.8906      0.260    6.83745    12.7308     9.0902   12.54660 4.6501e+02 0.0000e+00
         31 210.648547    0.00208     0.1250      7.500      0.368  23168.891    13.9223    12.7870      0.365    6.79390    12.7177    10.1583   12.45535 4.1558e+02 0.0000e+00
         32 210.648550    0.00215     0.1292      7.750      0.468  24605.651    14.8183    12.7309      0.463    6.76366    12.7296    10.8575   12.39272 3.8449e+02 0.0000e+00
         33 210.648553    0.00222     0.1333      8.000      0.545  25520.512    15.3916    12.7178      0.539    6.74104    12.7528    11.3012   12.34719 3.8460e+02 0.0000e+00
         34 210.648556    0.00229     0.1375      8.250      0.594  26159.180    15.7957    12.7297      0.588    6.72210    12.7842    11.6106   12.31011 4.0058e+02 0.0000e+00
         35 210.648559    0.00236     0.1417      8.500      0.620  26670.011    16.1232    12.7529      0.613    6.70486    12.8255    11.8592   12.27696 4.1963e+02 0.0000e+00
         36 210.648562    0.00243     0.1458      8.750      0.632  27124.874    16.4187    12.7842      0.626    6.68791    12.8767    12.0818   12.24474 4.2471e+02 0.0000e+00
         37 210.648565    0.00250     0.1500      9.000      0.641  27579.401    16.7173    12.8256      0.634    6.66946    12.9338    12.3051   12.21003 4.0896e+02 0.0000e+00
         38 210.648568    0.00257     0.1542      9.250      0.651  28041.371    17.0232    12.8768      0.644    6.64939    12.9944    12.5324   12.17253 3.8770e+02 0.0000e+00
         39 210.648571    0.00264     0.1583      9.500      0.667  28445.820    17.2926    12.9338      0.660    6.63006    13.0609    12.7305   12.13674 3.6984e+02 0.0000e+00
         40 210.648573    0.00271     0.1625      9.750      0.687  28743.152    17.4918    12.9945      0.681    6.61318    13.1363    12.8739   12.10597 3.5245e+02 0.0000e+00
         41 210.648576    0.00278     0.1667     10.000      0.711  28957.411    17.6368    13.0609      0.704    6.59780    13.2185    12.9746   12.07839 3.3558e+02 0.0000e+00
         42 210.648579    0.00285     0.1708     10.250      0.732  29092.189    17.7299    13.1364      0.725    6.58335    13.2990    13.0336   12.05303 3.2500e+02 0.0000e+00
         43 210.648582    0.00292     0.1750     10.500      0.745  29141.570    17.7669    13.2186      0.738    6.57032    13.3706    13.0483   12.03074 3.2637e+02 0.0000e+00
         44 210.648585    0.00299     0.1792     10.750      0.745  29275.871    17.8610    13.2991      0.738    6.55526    13.4342    13.1071   12.00437 3.3830e+02 0.0000e+00
         45 210.648588    0.00306     0.1833     11.000      0.733  29735.476    18.1722    13.3707      0.726    6.53269    13.4966    13.3344   11.96274 3.5385e+02 0.0000e+00
         46 210.648591    0.00313     0.1875     11.250      0.717  30494.055    18.6834    13.4343      0.710    6.50320    13.5603    13.7168   11.90707 3.6217e+02 0.0000e+00
         47 210.648594    0.00319     0.1917     11.500      0.706  31254.353    19.1963    13.4967      0.700    6.47388    13.6201    14.1006   11.85170 3.5641e+02 0.0000e+00
         48 210.648597    0.00326     0.1958     11.750      0.705  31757.462    19.5370    13.5604      0.699    6.45140    13.6687    14.3516   11.80989 3.4140e+02 0.0000e+00
         49 210.648600    0.00333     0.2000     12.000      0.712  31934.710    19.6582    13.6202      0.706    6.43831    13.7012    14.4344   11.78648 3.2819e+02 0.0000e+00
         50 210.648602    0.00340     0.2042     12.250      0.719  31870.919    19.6167    13.6688      0.712    6.43329    13.7164    14.3939   11.77855 3.2603e+02 0.0000e+00
         51 210.648605    0.00347     0.2083     12.500      0.718  31785.683    19.5602    13.7013      0.711    6.43108    13.7199    14.3448   11.77552 3.3718e+02 0.0000e+00
         52 210.648608    0.00354     0.2125     12.750      0.707  31879.107    19.6238    13.7165      0.700    6.42645    13.7226    14.3910   11.76700 3.5386e+02 0.0000e+00
         53 210.648611    0.00361     0.2167     13.000      0.692  32153.374    19.8090    13.7200      0.685    6.41858    13.7312    14.5328   11.75159 3.6049e+02 0.0000e+00
         54 210.648614    0.00368     0.2208     13.250      0.684  32481.125    20.0305    13.7227      0.677    6.40940    13.7435    14.7027   11.73354 3.5004e+02 0.0000e+00
         55 210.648617    0.00375     0.2250     13.500      0.691  32743.385    20.2082    13.7313      0.684    6.40116    13.7532    14.8378   11.71762 3.3013e+02 0.0000e+00
         56 210.648620    0.00382     0.2292     13.750      0.716  32867.307    20.2925    13.7436      0.709    6.39616    13.7560    14.9005   11.70822 3.0731e+02 0.0000e+00
         57 210.648623    0.00389     0.2333     14.000      0.752  32827.523    20.2660    13.7533      0.745    6.39589    13.7497    14.8783   11.70809 2.8639e+02 0.0000e+00
         58 210.648626    0.00396     0.2375     14.250      0.787  32651.862    20.1471    13.7561      0.779    6.40023    13.7333    14.7864   11.71678 2.7566e+02 0.0000e+00
         59 210.648628    0.00403     0.2417     14.500      0.807  32452.914    20.0121    13.7498      0.799    6.40644    13.7098    14.6837   11.72879 2.7941e+02 0.0000e+00
         60 210.648631    0.00410     0.2458     14.750      0.804  32367.503    19.9535    13.7334      0.797    6.41098    13.6884    14.6415   11.73710 2.9418e+02 0.0000e+00
         61 210.648634    0.00417     0.2500     15.000      0.782  32424.697    19.9909    13.7099      0.775    6.41265    13.6781    14.6745   11.73944 3.1142e+02 0.0000e+00
         62 210.648637    0.00424     0.2542     15.250      0.753  32564.476    20.0844    13.6885      0.746    6.41182    13.6818    14.7502   11.73692 3.2019e+02 0.0000e+00
         63 210.648640    0.00431     0.2583     15.500      0.733  32728.836    20.1951    13.6782      0.726    6.40880    13.6947    14.8372   11.73054 3.1544e+02 0.0000e+00
         64 210.648643    0.00438     0.2625     15.750      0.734  32864.737    20.2872    13.6819      0.727    6.40465    13.7101    14.9074   11.72247 3.0066e+02 0.0000e+00
         65 210.648646    0.00444     0.2667     16.000      0.759  32924.366    20.3282    13.6948      0.752    6.40127    13.7223    14.9366   11.71633 2.8093e+02 0.0000e+00
         66 210.648649    0.00451     0.2708     16.250      0.799  32910.519    20.3195    13.7102      0.792    6.39955    13.7275    14.9272   11.71355 2.6432e+02 0.0000e+00
         67 210.648652    0.00458     0.2750     16.500      0.836  32863.722    20.2883    13.7224      0.828    6.39913    13.7249    14.9011   11.71322 2.5945e+02 0.0000e+00
         68 210.648655    0.00465     0.2792     16.750      0.853  32824.961    20.2623    13.7276      0.845    6.39947    13.7190    14.8801   11.71410 2.6806e+02 0.0000e+00
         69 210.648657    0.00472     0.2833     17.000      0.844  32825.210    20.2624    13.7250      0.836    6.39982    13.7162    14.8807   11.71469 2.8578e+02 0.0000e+00
         70 210.648660    0.00479     0.2875     17.250      0.812  32883.434    20.3016    13.7191      0.805    6.39906    13.7217    14.9119   11.71295 3.0347e+02 0.0000e+00
         71 210.648663    0.00486     0.2917     17.500      0.773  32996.515    20.3781    13.7163      0.766    6.39640    13.7364    14.9712   11.70757 3.1481e+02 0.0000e+00
         72 210.648666    0.00493     0.2958     17.750      0.743  33141.957    20.4770    13.7218      0.736    6.39175    13.7560    15.0463   11.69860 3.1773e+02 0.0000e+00
         73 210.648669    0.00500     0.3000     18.000      0.735  33275.693    20.5684    13.7365      0.728    6.38616    13.7742    15.1140   11.68815 3.0763e+02 0.0000e+00
         74 210.648672    0.00507     0.3042     18.250      0.753  33340.947    20.6136    13.7561      0.746    6.38174    13.7862    15.1452   11.68021 2.8762e+02 0.0000e+00
         75 210.648675    0.00514     0.3083     18.500      0.790  33311.361    20.5944    13.7743      0.782    6.38005    13.7888    15.1271   11.67761 2.6927e+02 0.0000e+00
         76 210.648678    0.00521     0.3125     18.750      0.828  33213.918    20.5289    13.7863      0.820    6.38102    13.7812    15.0745   11.68002 2.6098e+02 0.0000e+00
         77 210.648681    0.00528     0.3167     19.000      0.852  33125.385    20.4689    13.7889      0.843    6.38304    13.7674    15.0280   11.68413 2.6516e+02 0.0000e+00
         78 210.648683    0.00535     0.3208     19.250      0.851  33102.705    20.4532    13.7813      0.842    6.38469    13.7550    15.0172   11.68708 2.7902e+02 0.0000e+00
         79 210.648686    0.00542     0.3250     19.500      0.827  33141.701    20.4789    13.7675      0.819    6.38552    13.7500    15.0395   11.68816 2.9658e+02 0.0000e+00
         80 210.648689    0.00549     0.3292     19.750      0.792  33216.127    20.5288    13.7551      0.785    6.38521    13.7550    15.0801   11.68704 3.1056e+02 0.0000e+00
         81 210.648692    0.00556     0.3333     20.000      0.759  33311.754    20.5934    13.7501      0.752    6.38333    13.7683    15.1307   11.68311 3.1424e+02 0.0000e+00
         82 210.648695    0.00562     0.3375     20.250      0.743  33420.392    20.6674    13.7551      0.735    6.37972    13.7841    15.1867   11.67618 3.0643e+02 0.0000e+00
         83 210.648698    0.00569     0.3417     20.500      0.747  33503.205    20.7243    13.7684      0.740    6.37569    13.7970    15.2281   11.66876 2.9247e+02 0.0000e+00
         84 210.648701    0.00576     0.3458     20.750      0.769  33515.164    20.7332    13.7842      0.762    6.37323    13.8041    15.2321   11.66453 2.7885e+02 0.0000e+00
         85 210.648704    0.00583     0.3500     21.000      0.797  33449.417    20.6892    13.7971      0.790    6.37324    13.8037    15.1959   11.66507 2.7203e+02 0.0000e+00
         86 210.648707    0.00590     0.3542     21.250      0.818  33346.827    20.6199    13.8042      0.810    6.37503    13.7965    15.1413   11.66890 2.7581e+02 0.0000e+00
         87 210.648709    0.00597     0.3583     21.500      0.823  33276.645    20.5722    13.8038      0.815    6.37697    13.7870    15.1047   11.67272 2.8818e+02 0.0000e+00
         88 210.648712    0.00604     0.3625     21.750      0.811  33278.229    20.5729    13.7966      0.804    6.37790    13.7816    15.1066   11.67427 3.0339e+02 0.0000e+00
         89 210.648715    0.00611     0.3667     22.000      0.791  33334.655    20.6108    13.7871      0.783    6.37767    13.7844    15.1374   11.67343 3.1393e+02 0.0000e+00
         90 210.648718    0.00618     0.3708     22.250      0.773  33410.844    20.6622    13.7817      0.766    6.37636    13.7946    15.1779   11.67062 3.1360e+02 0.0000e+00
