CTD-processing/allCTD/CNV--turbid/2015_09-24_t4_s08_cast198.cnv
* Sea-Bird SBE19plus Data File:
* FileName = C:\Users\Kris.Holderied\Documents\kasitsna\Research-KBL\Oceanography-AK\CTD-Data-ALL-to-2015-06\2015-CTD-KachemakBay-CookInlet\2015-09-24-CookInlet-Tran4-special\2015-09-24-CookInlet-Tran4-cast198.hex
* Software Version 1.59
* Temperature SN =  5028
* Conductivity SN =  5028
* System UpLoad Time = Oct 19 2015 12:42:05
** Cook Inlet LTM Transect 4 Homer Spit special

** Date: 09-24
** Station: 4-08
** Start time (AKDT): 15:18
** Depth (m): 29
** Comment:  R/V Edgecumbe
** Comment:
# nquan = 16
# nvalues = 436                         
# units = specified
# name 0 = scan: Scan Count
# name 1 = timeJ: Julian Days
# name 2 = timeH: Time, Elapsed [hours]
# name 3 = timeM: Time, Elapsed [minutes]
# name 4 = timeS: Time, Elapsed [seconds]
# name 5 = prdM: Pressure, Strain Gauge [db]
# name 6 = specc: Specific Conductance [uS/cm]
# name 7 = sal00: Salinity, Practical [PSU]
# name 8 = tv290C: Temperature [ITS-90, deg C]
# name 9 = depSM: Depth [salt water, m], lat = 59.00
# name 10 = oxsolML/L: Oxygen Saturation, Garcia & Gordon [ml/l]
# name 11 = potemp090C: Potential Temperature [ITS-90, deg C]
# name 12 = sigma-é00: Density [sigma-theta, kg/m^3]
# name 13 = n2satML/L: Nitrogen Saturation [ml/l]
# name 14 = par: PAR/Irradiance, Biospherical/Licor
# name 15 = flag:  0.000e+00
# span 0 =          1,        436       
# span 1 = 267.638137, 267.639395       
# span 2 =    0.00000,    0.03021       
# span 3 =     0.0000,     1.8125       
# span 4 =      0.000,    108.750       
# span 5 =     -0.096,     25.108       
# span 6 =   2005.434,  48588.593       
# span 7 =     1.0022,    30.8831       
# span 8 =     7.9119,    10.4329       
# span 9 =     -0.095,     24.871       
# span 10 =    6.43021,    8.24633      
# span 11 =     7.9152,    10.4314      
# span 12 =     0.6482,    23.6977      
# span 13 =   11.63977,   15.07903      
# span 14 = 3.2265e+00, 3.0680e+02      
# span 15 = 0.0000e+00, 0.0000e+00      
# interval = seconds: 0.25
# start_time = Sep 24 2015 15:18:55 [Instrument's time stamp, header]
# bad_flag = -9.990e-29
*END*
          1 267.638137    0.00000     0.0000      0.000     -0.093   6279.928     3.3518     7.9119     -0.092    8.12636     7.9152     2.5001   14.84130 1.4288e+02 0.0000e+00
          2 267.638139    0.00007     0.0042      0.250     -0.093   5673.046     3.0109     7.9133     -0.092    8.14411     7.9173     2.2319   14.87634 1.4188e+02 0.0000e+00
          3 267.638142    0.00014     0.0083      0.500     -0.093   5015.817     2.6435     7.9152     -0.092    8.16319     7.9197     1.9428   14.91404 1.4116e+02 0.0000e+00
          4 267.638145    0.00021     0.0125      0.750     -0.093   4407.047     2.3055     7.9173     -0.092    8.18069     7.9222     1.6766   14.94862 1.4073e+02 0.0000e+00
          5 267.638148    0.00028     0.0167      1.000     -0.092   3876.274     2.0128     7.9197     -0.091    8.19575     7.9245     1.4460   14.97845 1.4046e+02 0.0000e+00
          6 267.638151    0.00035     0.0208      1.250     -0.092   3427.458     1.7671     7.9222     -0.091    8.20833     7.9266     1.2523   15.00338 1.4026e+02 0.0000e+00
          7 267.638154    0.00042     0.0250      1.500     -0.091   3056.066     1.5651     7.9245     -0.090    8.21862     7.9286     1.0930   15.02379 1.3952e+02 0.0000e+00
          8 267.638157    0.00049     0.0292      1.750     -0.091   2753.301     1.4015     7.9266     -0.090    8.22692     7.9304     0.9639   15.04026 1.3772e+02 0.0000e+00
          9 267.638160    0.00056     0.0333      2.000     -0.091   2505.273     1.2683     7.9286     -0.090    8.23363     7.9322     0.8587   15.05361 1.3508e+02 0.0000e+00
         10 267.638163    0.00063     0.0375      2.250     -0.090   2307.188     1.1625     7.9304     -0.089    8.23891     7.9339     0.7751   15.06413 1.3225e+02 0.0000e+00
         11 267.638166    0.00069     0.0417      2.500     -0.089   2156.378     1.0823     7.9322     -0.088    8.24285     7.9355     0.7117   15.07198 1.2993e+02 0.0000e+00
         12 267.638168    0.00076     0.0458      2.750     -0.089   2056.390     1.0292     7.9339     -0.088    8.24534     7.9370     0.6697   15.07700 1.2845e+02 0.0000e+00
         13 267.638171    0.00083     0.0500      3.000     -0.090   2010.439     1.0049     7.9355     -0.089    8.24633     7.9384     0.6504   15.07903 1.2798e+02 0.0000e+00
         14 267.638174    0.00090     0.0542      3.250     -0.090   2005.434     1.0022     7.9370     -0.089    8.24617     7.9396     0.6482   15.07881 1.2895e+02 0.0000e+00
         15 267.638177    0.00097     0.0583      3.500     -0.091   2021.522     1.0109     7.9384     -0.090    8.24543     7.9408     0.6550   15.07744 1.3139e+02 0.0000e+00
         16 267.638180    0.00104     0.0625      3.750     -0.092   2036.849     1.0196     7.9396     -0.091    8.24473     7.9418     0.6617   15.07614 1.3451e+02 0.0000e+00
         17 267.638183    0.00111     0.0667      4.000     -0.093   2036.521     1.0207     7.9408     -0.092    8.24449     7.9427     0.6625   15.07572 1.3749e+02 0.0000e+00
         18 267.638186    0.00118     0.0708      4.250     -0.095   2023.641     1.0162     7.9418     -0.094    8.24459     7.9437     0.6587   15.07600 1.4009e+02 0.0000e+00
         19 267.638189    0.00125     0.0750      4.500     -0.096   2006.715     1.0110     7.9427     -0.095    8.24480     7.9450     0.6544   15.07646 1.4211e+02 0.0000e+00
         20 267.638192    0.00132     0.0792      4.750     -0.096   2007.094     1.0173     7.9437     -0.095    8.24444     7.9468     0.6590   15.07583 1.4336e+02 0.0000e+00
         21 267.638194    0.00139     0.0833      5.000     -0.096   2068.785     1.0596     7.9450     -0.095    8.24221     7.9496     0.6918   15.07154 1.4470e+02 0.0000e+00
         22 267.638197    0.00146     0.0875      5.250     -0.095   2234.042     1.1628     7.9468     -0.094    8.23681     7.9539     0.7723   15.06106 1.4698e+02 0.0000e+00
         23 267.638200    0.00153     0.0917      5.500     -0.093   2546.543     1.3540     7.9496     -0.093    8.22684     7.9609     0.9218   15.04166 1.5089e+02 0.0000e+00
         24 267.638203    0.00160     0.0958      5.750     -0.090   3081.265     1.6799     7.9539     -0.090    8.20989     7.9729     1.1767   15.00865 1.5920e+02 0.0000e+00
         25 267.638206    0.00167     0.1000      6.000     -0.085   3971.789     2.2228     7.9609     -0.085    8.18170     7.9951     1.6012   14.95373 1.7683e+02 0.0000e+00
         26 267.638209    0.00174     0.1042      6.250     -0.078   5414.139     3.1058     7.9729     -0.078    8.13583     8.0364     2.2915   14.86439 2.1054e+02 0.0000e+00
         27 267.638212    0.00181     0.1083      6.500     -0.066   7693.298     4.5120     7.9951     -0.066    8.06243     8.1109     3.3900   14.72167 2.7030e+02 0.0000e+00
         28 267.638215    0.00187     0.1125      6.750     -0.046  11317.505     6.7636     8.0364     -0.046    7.94415     8.2362     5.1480   14.49203 3.0680e+02 0.0000e+00
         29 267.638218    0.00194     0.1167      7.000     -0.013  17121.968    10.3904     8.1109     -0.013    7.75262     8.4127     7.9784   14.12066 2.6437e+02 0.0000e+00
         30 267.638220    0.00201     0.1208      7.250      0.040  24953.977    15.3367     8.2362      0.039    7.48943     8.6105    11.8346   13.61178 1.9739e+02 0.0000e+00
         31 267.638223    0.00208     0.1250      7.500      0.112  32496.648    20.1651     8.4127      0.111    7.22656     8.7955    15.5906   13.10633 1.5398e+02 0.0000e+00
         32 267.638226    0.00215     0.1292      7.750      0.196  37705.137    23.5298     8.6105      0.194    7.03281     8.9487    18.1971   12.73701 1.2389e+02 0.0000e+00
         33 267.638229    0.00222     0.1333      8.000      0.281  40748.761    25.5006     8.7955      0.279    6.90858     9.0638    19.7138   12.50279 1.0177e+02 0.0000e+00
         34 267.638232    0.00229     0.1375      8.250      0.362  42514.073    26.6462     8.9487      0.359    6.82928     9.1434    20.5888   12.35482 8.5037e+01 0.0000e+00
         35 267.638235    0.00236     0.1417      8.500      0.436  43535.222    27.3100     9.0638      0.432    6.77925     9.1942    21.0920   12.26225 7.2649e+01 0.0000e+00
         36 267.638238    0.00243     0.1458      8.750      0.510  44124.077    27.6930     9.1435      0.505    6.74830     9.2227    21.3805   12.20537 6.4346e+01 0.0000e+00
         37 267.638241    0.00250     0.1500      9.000      0.584  44458.587    27.9101     9.1942      0.579    6.72984     9.2340    21.5432   12.17157 5.9437e+01 0.0000e+00
         38 267.638244    0.00257     0.1542      9.250      0.656  44642.760    28.0286     9.2228      0.650    6.71955     9.2308    21.6320   12.15275 5.6777e+01 0.0000e+00
         39 267.638247    0.00264     0.1583      9.500      0.716  44744.797    28.0932     9.2341      0.710    6.71454     9.2161    21.6809   12.14345 5.5278e+01 0.0000e+00
         40 267.638249    0.00271     0.1625      9.750      0.759  44811.974    28.1348     9.2309      0.752    6.71289     9.1958    21.7141   12.14010 5.4315e+01 0.0000e+00
         41 267.638252    0.00278     0.1667     10.000      0.784  44865.422    28.1674     9.2162      0.776    6.71350     9.1761    21.7418   12.14065 5.3805e+01 0.0000e+00
         42 267.638255    0.00285     0.1708     10.250      0.794  44907.070    28.1921     9.1959      0.787    6.71537     9.1611    21.7642   12.14341 5.3638e+01 0.0000e+00
         43 267.638258    0.00292     0.1750     10.500      0.799  44937.908    28.2101     9.1762      0.791    6.71747     9.1528    21.7812   12.14664 5.3735e+01 0.0000e+00
         44 267.638261    0.00299     0.1792     10.750      0.805  44962.818    28.2250     9.1612      0.797    6.71904     9.1516    21.7950   12.14905 5.4185e+01 0.0000e+00
         45 267.638264    0.00306     0.1833     11.000      0.819  44982.242    28.2371     9.1529      0.811    6.71974     9.1544    21.8057   12.15005 5.4877e+01 0.0000e+00
         46 267.638267    0.00313     0.1875     11.250      0.842  44989.266    28.2416     9.1517      0.834    6.71972     9.1560    21.8094   12.14995 5.5470e+01 0.0000e+00
         47 267.638270    0.00319     0.1917     11.500      0.870  44978.949    28.2347     9.1545      0.862    6.71959     9.1515    21.8036   12.14981 5.5726e+01 0.0000e+00
         48 267.638273    0.00326     0.1958     11.750      0.895  44960.932    28.2223     9.1561      0.887    6.71989     9.1402    21.7936   12.15046 5.5698e+01 0.0000e+00
         49 267.638275    0.00333     0.2000     12.000      0.913  44952.838    28.2161     9.1516      0.905    6.72082     9.1269    21.7894   12.15209 5.5533e+01 0.0000e+00
         50 267.638278    0.00340     0.2042     12.250      0.923  44960.337    28.2198     9.1403      0.915    6.72236     9.1196    21.7941   12.15460 5.5238e+01 0.0000e+00
         51 267.638281    0.00347     0.2083     12.500      0.934  44977.824    28.2303     9.1270      0.926    6.72389     9.1228    21.8042   12.15701 5.4975e+01 0.0000e+00
         52 267.638284    0.00354     0.2125     12.750      0.953  44994.928    28.2412     9.1197      0.944    6.72453     9.1355    21.8138   12.15793 5.5041e+01 0.0000e+00
         53 267.638287    0.00361     0.2167     13.000      0.982  44996.693    28.2428     9.1229      0.973    6.72397     9.1523    21.8146   12.15698 5.5247e+01 0.0000e+00
         54 267.638290    0.00368     0.2208     13.250      1.015  44974.010    28.2286     9.1356      1.006    6.72268     9.1694    21.8017   12.15502 5.4955e+01 0.0000e+00
         55 267.638293    0.00375     0.2250     13.500      1.049  44936.439    28.2046     9.1524      1.040    6.72119     9.1853    21.7804   12.15284 5.4053e+01 0.0000e+00
         56 267.638296    0.00382     0.2292     13.750      1.081  44902.809    28.1834     9.1695      1.071    6.71954     9.1999    21.7613   12.15037 5.3031e+01 0.0000e+00
         57 267.638299    0.00389     0.2333     14.000      1.109  44883.946    28.1723     9.1854      1.098    6.71763     9.2131    21.7503   12.14733 5.2265e+01 0.0000e+00
         58 267.638302    0.00396     0.2375     14.250      1.132  44879.972    28.1713     9.2000      1.122    6.71548     9.2252    21.7474   12.14378 5.1984e+01 0.0000e+00
         59 267.638304    0.00403     0.2417     14.500      1.150  44883.727    28.1755     9.2132      1.139    6.71332     9.2368    21.7487   12.14014 5.2140e+01 0.0000e+00
         60 267.638307    0.00410     0.2458     14.750      1.160  44889.931    28.1812     9.2253      1.150    6.71125     9.2483    21.7514   12.13665 5.2319e+01 0.0000e+00
         61 267.638310    0.00417     0.2500     15.000      1.164  44899.346    28.1892     9.2369      1.154    6.70917     9.2597    21.7559   12.13310 5.2232e+01 0.0000e+00
         62 267.638313    0.00424     0.2542     15.250      1.164  44910.695    28.1984     9.2484      1.153    6.70703     9.2700    21.7615   12.12944 5.1849e+01 0.0000e+00
         63 267.638316    0.00431     0.2583     15.500      1.162  44917.641    28.2046     9.2598      1.151    6.70507     9.2785    21.7646   12.12610 5.1358e+01 0.0000e+00
         64 267.638319    0.00438     0.2625     15.750      1.161  44914.921    28.2040     9.2701      1.150    6.70355     9.2850    21.7625   12.12360 5.1202e+01 0.0000e+00
         65 267.638322    0.00444     0.2667     16.000      1.163  44900.069    28.1947     9.2786      1.152    6.70267     9.2893    21.7540   12.12225 5.1607e+01 0.0000e+00
         66 267.638325    0.00451     0.2708     16.250      1.167  44870.989    28.1753     9.2851      1.156    6.70253     9.2916    21.7379   12.12226 5.2157e+01 0.0000e+00
         67 267.638328    0.00458     0.2750     16.500      1.170  44833.452    28.1498     9.2894      1.159    6.70300     9.2926    21.7174   12.12335 5.2198e+01 0.0000e+00
         68 267.638330    0.00465     0.2792     16.750      1.168  44806.369    28.1313     9.2917      1.157    6.70346     9.2926    21.7026   12.12433 5.1644e+01 0.0000e+00
         69 267.638333    0.00472     0.2833     17.000      1.163  44806.343    28.1314     9.2927      1.152    6.70330     9.2912    21.7025   12.12407 5.0948e+01 0.0000e+00
         70 267.638336    0.00479     0.2875     17.250      1.156  44830.130    28.1479     9.2927      1.145    6.70260     9.2883    21.7154   12.12270 5.0424e+01 0.0000e+00
         71 267.638339    0.00486     0.2917     17.500      1.153  44855.203    28.1651     9.2913      1.142    6.70205     9.2829    21.7291   12.12158 5.0073e+01 0.0000e+00
         72 267.638342    0.00493     0.2958     17.750      1.157  44857.754    28.1666     9.2885      1.146    6.70242     9.2730    21.7306   12.12217 4.9790e+01 0.0000e+00
         73 267.638345    0.00500     0.3000     18.000      1.167  44835.966    28.1508     9.2830      1.155    6.70392     9.2565    21.7191   12.12486 4.9594e+01 0.0000e+00
         74 267.638348    0.00507     0.3042     18.250      1.178  44811.913    28.1329     9.2731      1.166    6.70618     9.2338    21.7066   12.12882 4.9508e+01 0.0000e+00
         75 267.638351    0.00514     0.3083     18.500      1.184  44809.603    28.1293     9.2566      1.173    6.70881     9.2109    21.7062   12.13323 4.9329e+01 0.0000e+00
         76 267.638354    0.00521     0.3125     18.750      1.184  44836.663    28.1454     9.2340      1.173    6.71151     9.1952    21.7221   12.13752 4.8880e+01 0.0000e+00
         77 267.638356    0.00528     0.3167     19.000      1.178  44881.331    28.1736     9.2111      1.167    6.71372     9.1892    21.7475   12.14084 4.8330e+01 0.0000e+00
         78 267.638359    0.00535     0.3208     19.250      1.170  44920.552    28.1988     9.1953      1.159    6.71499     9.1905    21.7696   12.14264 4.7986e+01 0.0000e+00
         79 267.638362    0.00542     0.3250     19.500      1.165  44935.198    28.2083     9.1893      1.154    6.71548     9.1934    21.7778   12.14333 4.7874e+01 0.0000e+00
         80 267.638365    0.00549     0.3292     19.750      1.166  44920.606    28.1983     9.1906      1.155    6.71572     9.1926    21.7699   12.14386 4.7686e+01 0.0000e+00
         81 267.638368    0.00556     0.3333     20.000      1.171  44889.551    28.1771     9.1935      1.160    6.71620     9.1846    21.7529   12.14490 4.7183e+01 0.0000e+00
         82 267.638371    0.00562     0.3375     20.250      1.177  44865.954    28.1607     9.1927      1.165    6.71703     9.1705    21.7402   12.14649 4.6472e+01 0.0000e+00
         83 267.638374    0.00569     0.3417     20.500      1.178  44867.610    28.1608     9.1847      1.167    6.71823     9.1573    21.7415   12.14848 4.5735e+01 0.0000e+00
         84 267.638377    0.00576     0.3458     20.750      1.174  44895.875    28.1787     9.1706      1.163    6.71958     9.1521    21.7576   12.15049 4.4982e+01 0.0000e+00
         85 267.638380    0.00583     0.3500     21.000      1.167  44933.828    28.2034     9.1574      1.156    6.72049     9.1559    21.7788   12.15169 4.4262e+01 0.0000e+00
         86 267.638383    0.00590     0.3542     21.250      1.159  44957.352    28.2191     9.1522      1.148    6.72059     9.1636    21.7918   12.15166 4.3721e+01 0.0000e+00
         87 267.638385    0.00597     0.3583     21.500      1.153  44954.538    28.2176     9.1560      1.142    6.72008     9.1694    21.7901   12.15085 4.3471e+01 0.0000e+00
         88 267.638388    0.00604     0.3625     21.750      1.147  44930.920    28.2022     9.1638      1.136    6.71958     9.1690    21.7769   12.15021 4.3311e+01 0.0000e+00
         89 267.638391    0.00611     0.3667     22.000      1.138  44905.490    28.1853     9.1695      1.127    6.71945     9.1615    21.7628   12.15019 4.2859e+01 0.0000e+00
         90 267.638394    0.00618     0.3708     22.250      1.124  44901.122    28.1822     9.1691      1.113    6.71965     9.1523    21.7605   12.15056 4.2313e+01 0.0000e+00
