CTD-processing/allCTD/CNV--turbid/2015_02-23_t6_s18_cast229.cnv
* Sea-Bird SBE19plus Data File:
* FileName = C:\Users\amdoroff\Desktop\2015_02_23_CookInlet_Tran6_Douglas\2015_02_23_CookInlet_Tran6_cast229.hex
* Software Version 1.59
* Temperature SN =  4141
* Conductivity SN =  4141
* System UpLoad Time = Feb 24 2015 01:34:49
** Cook Inlet LTM Tran6 Douglas W to E
** Date 02-23
** Station: 6-18
** Start Time (AKST): 18:32
** Depth (m): 176
** Comment:
** Comment: On R/V Pandalus. Transect crossed 23-24 Feb.
# nquan = 16
# nvalues = 988                         
# units = specified
# name 0 = scan: Scan Count
# name 1 = timeJ: Julian Days
# name 2 = timeH: Time, Elapsed [hours]
# name 3 = timeM: Time, Elapsed [minutes]
# name 4 = timeS: Time, Elapsed [seconds]
# name 5 = prdM: Pressure, Strain Gauge [db]
# name 6 = specc: Specific Conductance [uS/cm]
# name 7 = sal00: Salinity, Practical [PSU]
# name 8 = tv290C: Temperature [ITS-90, deg C]
# name 9 = depSM: Depth [salt water, m], lat = 59.00
# name 10 = oxsolML/L: Oxygen Saturation, Garcia & Gordon [ml/l]
# name 11 = potemp090C: Potential Temperature [ITS-90, deg C]
# name 12 = sigma-é00: Density [sigma-theta, kg/m^3]
# name 13 = n2satML/L: Nitrogen Saturation [ml/l]
# name 14 = par: PAR/Irradiance, Biospherical/Licor
# name 15 = flag:  0.000e+00
# span 0 =          1,        988       
# span 1 =  54.773032,  54.775888       
# span 2 =    0.00000,    0.06854       
# span 3 =     0.0000,     4.1125       
# span 4 =      0.000,    246.750       
# span 5 =      0.020,    174.949       
# span 6 =    448.408,  51255.122       
# span 7 =     0.2139,    32.1079       
# span 8 =     4.6073,     6.5160       
# span 9 =      0.020,    173.240       
# span 10 =    6.95846,    9.01479      
# span 11 =     4.6081,     6.5097      
# span 12 =     0.1436,    25.2061      
# span 13 =   12.49695,   16.38394      
# span 14 = 3.6382e-02, 3.8818e+00      
# span 15 = 0.0000e+00, 0.0000e+00      
# interval = seconds: 0.25
# start_time = Feb 23 2015 18:33:10 [Instrument's time stamp, header]
# bad_flag = -9.990e-29
*END*
[from data line 452]
        453  54.774340    0.03139     1.8833    113.000     35.124  50947.368    31.9590     6.5096     34.793    6.96615     6.5059    25.0878   12.51153 4.4891e-02 0.0000e+00
        454  54.774343    0.03146     1.8875    113.250     35.436  50948.095    31.9593     6.5092     35.102    6.96619     6.5055    25.0881   12.51159 4.4297e-02 0.0000e+00
        455  54.774346    0.03153     1.8917    113.500     35.718  50948.769    31.9596     6.5088     35.382    6.96624     6.5052    25.0883   12.51166 4.2738e-02 0.0000e+00
        456  54.774349    0.03160     1.8958    113.750     35.972  50949.401    31.9598     6.5085     35.633    6.96628     6.5049    25.0886   12.51173 4.0635e-02 0.0000e+00
        457  54.774352    0.03167     1.9000    114.000     36.198  50949.983    31.9601     6.5082     35.857    6.96631     6.5047    25.0888   12.51178 3.8934e-02 0.0000e+00
        458  54.774355    0.03174     1.9042    114.250     36.401  50950.547    31.9603     6.5079     36.058    6.96634     6.5045    25.0890   12.51183 3.7913e-02 0.0000e+00
        459  54.774358    0.03181     1.9083    114.500     36.588  50951.141    31.9606     6.5077     36.243    6.96636     6.5043    25.0893   12.51186 3.7301e-02 0.0000e+00
        460  54.774361    0.03188     1.9125    114.750     36.763  50951.706    31.9609     6.5076     36.417    6.96638     6.5041    25.0895   12.51189 3.6933e-02 0.0000e+00
        461  54.774363    0.03194     1.9167    115.000     36.933  50952.221    31.9611     6.5074     36.584    6.96640     6.5040    25.0897   12.51191 3.6713e-02 0.0000e+00
        462  54.774366    0.03201     1.9208    115.250     37.100  50952.754    31.9613     6.5073     36.750    6.96641     6.5038    25.0900   12.51193 3.6581e-02 0.0000e+00
        463  54.774369    0.03208     1.9250    115.500     37.268  50953.381    31.9617     6.5071     36.917    6.96642     6.5036    25.0903   12.51194 3.6503e-02 0.0000e+00
        464  54.774372    0.03215     1.9292    115.750     37.442  50954.049    31.9620     6.5069     37.089    6.96643     6.5034    25.0906   12.51196 3.6456e-02 0.0000e+00
        465  54.774375    0.03222     1.9333    116.000     37.624  50954.633    31.9623     6.5067     37.269    6.96645     6.5032    25.0908   12.51198 3.6429e-02 0.0000e+00
        466  54.774378    0.03229     1.9375    116.250     37.819  50955.150    31.9626     6.5066     37.462    6.96647     6.5030    25.0910   12.51201 3.6415e-02 0.0000e+00
        467  54.774381    0.03236     1.9417    116.500     38.031  50955.673    31.9628     6.5064     37.672    6.96648     6.5028    25.0912   12.51203 3.6410e-02 0.0000e+00
        468  54.774384    0.03243     1.9458    116.750     38.264  50956.243    31.9631     6.5062     37.903    6.96650     6.5026    25.0914   12.51205 3.6411e-02 0.0000e+00
        469  54.774387    0.03250     1.9500    117.000     38.520  50956.898    31.9634     6.5061     38.157    6.96652     6.5023    25.0917   12.51208 3.6421e-02 0.0000e+00
        470  54.774389    0.03257     1.9542    117.250     38.805  50957.684    31.9637     6.5059     38.438    6.96653     6.5021    25.0920   12.51210 3.6441e-02 0.0000e+00
        471  54.774392    0.03264     1.9583    117.500     39.118  50958.470    31.9641     6.5057     38.749    6.96655     6.5018    25.0923   12.51212 3.6477e-02 0.0000e+00
        472  54.774395    0.03271     1.9625    117.750     39.459  50959.129    31.9643     6.5054     39.086    6.96657     6.5015    25.0925   12.51216 3.6538e-02 0.0000e+00
        473  54.774398    0.03278     1.9667    118.000     39.823  50959.808    31.9646     6.5052     39.447    6.96660     6.5012    25.0928   12.51220 3.6642e-02 0.0000e+00
        474  54.774401    0.03285     1.9708    118.250     40.204  50960.606    31.9650     6.5049     39.825    6.96662     6.5009    25.0931   12.51224 3.6814e-02 0.0000e+00
        475  54.774404    0.03292     1.9750    118.500     40.593  50961.452    31.9653     6.5047     40.210    6.96665     6.5006    25.0934   12.51227 3.7101e-02 0.0000e+00
        476  54.774407    0.03299     1.9792    118.750     40.980  50962.338    31.9657     6.5044     40.593    6.96668     6.5001    25.0937   12.51232 3.7469e-02 0.0000e+00
        477  54.774410    0.03306     1.9833    119.000     41.355  50963.316    31.9661     6.5040     40.964    6.96671     6.4996    25.0941   12.51237 3.7705e-02 0.0000e+00
        478  54.774413    0.03313     1.9875    119.250     41.708  50964.389    31.9666     6.5036     41.314    6.96676     6.4991    25.0946   12.51244 3.7676e-02 0.0000e+00
        479  54.774416    0.03319     1.9917    119.500     42.031  50965.580    31.9672     6.5031     41.634    6.96681     6.4987    25.0951   12.51252 3.7473e-02 0.0000e+00
        480  54.774418    0.03326     1.9958    119.750     42.318  50966.812    31.9678     6.5027     41.918    6.96686     6.4983    25.0957   12.51259 3.7186e-02 0.0000e+00
        481  54.774421    0.03333     2.0000    120.000     42.567  50967.875    31.9684     6.5023     42.165    6.96690     6.4981    25.0962   12.51265 3.6898e-02 0.0000e+00
        482  54.774424    0.03340     2.0042    120.250     42.779  50968.759    31.9689     6.5019     42.375    6.96693     6.4979    25.0966   12.51270 3.6692e-02 0.0000e+00
        483  54.774427    0.03347     2.0083    120.500     42.959  50969.501    31.9692     6.5017     42.552    6.96696     6.4977    25.0969   12.51274 3.6568e-02 0.0000e+00
        484  54.774430    0.03354     2.0125    120.750     43.111  50970.098    31.9695     6.5015     42.704    6.96697     6.4976    25.0972   12.51276 3.6493e-02 0.0000e+00
        485  54.774433    0.03361     2.0167    121.000     43.246  50970.535    31.9697     6.5014     42.837    6.96698     6.4976    25.0973   12.51277 3.6449e-02 0.0000e+00
        486  54.774436    0.03368     2.0208    121.250     43.372  50970.770    31.9698     6.5013     42.962    6.96699     6.4975    25.0974   12.51279 3.6422e-02 0.0000e+00
        487  54.774439    0.03375     2.0250    121.500     43.504  50970.949    31.9699     6.5012     43.092    6.96700     6.4975    25.0975   12.51280 3.6406e-02 0.0000e+00
        488  54.774442    0.03382     2.0292    121.750     43.653  50971.214    31.9700     6.5011     43.240    6.96700     6.4974    25.0976   12.51280 3.6396e-02 0.0000e+00
        489  54.774444    0.03389     2.0333    122.000     43.830  50971.466    31.9701     6.5011     43.415    6.96700     6.4974    25.0976   12.51280 3.6390e-02 0.0000e+00
        490  54.774447    0.03396     2.0375    122.250     44.044  50971.597    31.9701     6.5012     43.627    6.96700     6.4974    25.0976   12.51280 3.6387e-02 0.0000e+00
        491  54.774450    0.03403     2.0417    122.500     44.298  50971.784    31.9701     6.5012     43.879    6.96700     6.4973    25.0976   12.51280 3.6385e-02 0.0000e+00
        492  54.774453    0.03410     2.0458    122.750     44.592  50972.158    31.9702     6.5011     44.170    6.96700     6.4972    25.0977   12.51280 3.6384e-02 0.0000e+00
        493  54.774456    0.03417     2.0500    123.000     44.923  50972.612    31.9703     6.5011     44.498    6.96700     6.4972    25.0979   12.51279 3.6383e-02 0.0000e+00
        494  54.774459    0.03424     2.0542    123.250     45.283  50973.029    31.9704     6.5011     44.855    6.96700     6.4972    25.0980   12.51279 3.6383e-02 0.0000e+00
        495  54.774462    0.03431     2.0583    123.500     45.660  50973.375    31.9705     6.5011     45.229    6.96700     6.4972    25.0980   12.51278 3.6382e-02 0.0000e+00
        496  54.774465    0.03438     2.0625    123.750     46.045  50973.696    31.9706     6.5011     45.609    6.96700     6.4971    25.0981   12.51278 3.6382e-02 0.0000e+00
        497  54.774468    0.03444     2.0667    124.000     46.426  50974.031    31.9706     6.5010     45.987    6.96700     6.4971    25.0981   12.51278 3.6382e-02 0.0000e+00
        498  54.774470    0.03451     2.0708    124.250     46.797  50974.360    31.9706     6.5010     46.354    6.96699     6.4971    25.0982   12.51277 3.6382e-02 0.0000e+00
        499  54.774473    0.03458     2.0750    124.500     47.154  50974.602    31.9706     6.5010     46.707    6.96699     6.4971    25.0982   12.51277 3.6382e-02 0.0000e+00
        500  54.774476    0.03465     2.0792    124.750     47.489  50974.736    31.9706     6.5010     47.039    6.96699     6.4971    25.0981   12.51277 3.6382e-02 0.0000e+00
        501  54.774479    0.03472     2.0833    125.000     47.797  50974.771    31.9705     6.5011     47.344    6.96700     6.4971    25.0981   12.51278 3.6382e-02 0.0000e+00
        502  54.774482    0.03479     2.0875    125.250     48.074  50974.722    31.9703     6.5011     47.619    6.96700     6.4971    25.0979   12.51279 3.6382e-02 0.0000e+00
        503  54.774485    0.03486     2.0917    125.500     48.322  50974.682    31.9701     6.5011     47.864    6.96701     6.4971    25.0978   12.51280 3.6382e-02 0.0000e+00
        504  54.774488    0.03493     2.0958    125.750     48.542  50974.735    31.9701     6.5011     48.082    6.96701     6.4970    25.0977   12.51280 3.6382e-02 0.0000e+00
        505  54.774491    0.03500     2.1000    126.000     48.738  50974.971    31.9702     6.5012     48.277    6.96700     6.4970    25.0978   12.51279 3.6382e-02 0.0000e+00
        506  54.774494    0.03507     2.1042    126.250     48.917  50975.437    31.9704     6.5012     48.455    6.96699     6.4970    25.0980   12.51277 3.6382e-02 0.0000e+00
        507  54.774497    0.03514     2.1083    126.500     49.087  50975.975    31.9707     6.5012     48.623    6.96697     6.4970    25.0982   12.51275 3.6382e-02 0.0000e+00
        508  54.774499    0.03521     2.1125    126.750     49.257  50976.336    31.9708     6.5012     48.791    6.96697     6.4969    25.0983   12.51273 3.6382e-02 0.0000e+00
        509  54.774502    0.03528     2.1167    127.000     49.436  50976.540    31.9709     6.5011     48.968    6.96697     6.4969    25.0984   12.51273 3.6382e-02 0.0000e+00
        510  54.774505    0.03535     2.1208    127.250     49.632  50976.757    31.9710     6.5011     49.163    6.96697     6.4968    25.0984   12.51273 3.6382e-02 0.0000e+00
        511  54.774508    0.03542     2.1250    127.500     49.854  50976.932    31.9710     6.5011     49.382    6.96697     6.4968    25.0984   12.51274 3.6382e-02 0.0000e+00
        512  54.774511    0.03549     2.1292    127.750     50.105  50977.112    31.9710     6.5011     49.630    6.96697     6.4967    25.0984   12.51274 3.6382e-02 0.0000e+00
        513  54.774514    0.03556     2.1333    128.000     50.386  50977.536    31.9711     6.5010     49.909    6.96697     6.4966    25.0986   12.51274 3.6382e-02 0.0000e+00
        514  54.774517    0.03562     2.1375    128.250     50.695  50978.188    31.9714     6.5010     50.214    6.96697     6.4965    25.0988   12.51272 3.6382e-02 0.0000e+00
        515  54.774520    0.03569     2.1417    128.500     51.025  50978.944    31.9718     6.5009     50.542    6.96697     6.4963    25.0991   12.51271 3.6382e-02 0.0000e+00
        516  54.774523    0.03576     2.1458    128.750     51.371  50979.806    31.9722     6.5008     50.884    6.96696     6.4961    25.0995   12.51270 3.6382e-02 0.0000e+00
        517  54.774525    0.03583     2.1500    129.000     51.723  50980.841    31.9727     6.5007     51.233    6.96696     6.4959    25.0999   12.51269 3.6382e-02 0.0000e+00
        518  54.774528    0.03590     2.1542    129.250     52.076  50982.070    31.9734     6.5005     51.583    6.96696     6.4956    25.1005   12.51268 3.6382e-02 0.0000e+00
        519  54.774531    0.03597     2.1583    129.500     52.426  50983.361    31.9740     6.5003     51.929    6.96696     6.4952    25.1010   12.51268 3.6382e-02 0.0000e+00
        520  54.774534    0.03604     2.1625    129.750     52.769  50984.668    31.9747     6.5000     52.268    6.96698     6.4949    25.1016   12.51269 3.6382e-02 0.0000e+00
        521  54.774537    0.03611     2.1667    130.000     53.100  50986.066    31.9755     6.4997     52.597    6.96699     6.4946    25.1022   12.51271 3.6382e-02 0.0000e+00
        522  54.774540    0.03618     2.1708    130.250     53.420  50987.429    31.9763     6.4994     52.913    6.96700     6.4944    25.1028   12.51272 3.6382e-02 0.0000e+00
        523  54.774543    0.03625     2.1750    130.500     53.724  50988.611    31.9769     6.4992     53.214    6.96701     6.4942    25.1034   12.51272 3.6382e-02 0.0000e+00
        524  54.774546    0.03632     2.1792    130.750     54.010  50989.625    31.9774     6.4989     53.498    6.96702     6.4940    25.1038   12.51273 3.6382e-02 0.0000e+00
        525  54.774549    0.03639     2.1833    131.000     54.280  50990.519    31.9779     6.4987     53.765    6.96703     6.4938    25.1042   12.51275 3.6382e-02 0.0000e+00
        526  54.774552    0.03646     2.1875    131.250     54.534  50991.369    31.9783     6.4985     54.016    6.96704     6.4936    25.1046   12.51276 3.6382e-02 0.0000e+00
        527  54.774554    0.03653     2.1917    131.500     54.773  50992.278    31.9788     6.4984     54.253    6.96705     6.4934    25.1050   12.51277 3.6382e-02 0.0000e+00
        528  54.774557    0.03660     2.1958    131.750     54.998  50993.282    31.9794     6.4982     54.477    6.96705     6.4933    25.1055   12.51277 3.6382e-02 0.0000e+00
        529  54.774560    0.03667     2.2000    132.000     55.213  50994.263    31.9799     6.4981     54.689    6.96705     6.4933    25.1059   12.51275 3.6382e-02 0.0000e+00
        530  54.774563    0.03674     2.2042    132.250     55.420  50995.117    31.9804     6.4980     54.895    6.96704     6.4933    25.1063   12.51273 3.6382e-02 0.0000e+00
        531  54.774566    0.03681     2.2083    132.500     55.625  50995.872    31.9808     6.4980     55.097    6.96702     6.4933    25.1067   12.51270 3.6382e-02 0.0000e+00
        532  54.774569    0.03687     2.2125    132.750     55.831  50996.640    31.9813     6.4980     55.302    6.96700     6.4934    25.1070   12.51266 3.6382e-02 0.0000e+00
        533  54.774572    0.03694     2.2167    133.000     56.044  50997.505    31.9818     6.4980     55.512    6.96697     6.4935    25.1074   12.51260 3.6382e-02 0.0000e+00
        534  54.774575    0.03701     2.2208    133.250     56.268  50998.542    31.9824     6.4981     55.734    6.96692     6.4937    25.1079   12.51252 3.6382e-02 0.0000e+00
        535  54.774578    0.03708     2.2250    133.500     56.507  50999.839    31.9832     6.4982     55.971    6.96686     6.4939    25.1085   12.51241 3.6382e-02 0.0000e+00
        536  54.774580    0.03715     2.2292    133.750     56.764  51001.415    31.9842     6.4984     56.225    6.96678     6.4942    25.1093   12.51226 3.6382e-02 0.0000e+00
        537  54.774583    0.03722     2.2333    134.000     57.040  51003.119    31.9853     6.4987     56.498    6.96669     6.4945    25.1101   12.51210 3.6382e-02 0.0000e+00
        538  54.774586    0.03729     2.2375    134.250     57.334  51004.559    31.9862     6.4990     56.790    6.96660     6.4947    25.1108   12.51194 3.6382e-02 0.0000e+00
        539  54.774589    0.03736     2.2417    134.500     57.646  51005.552    31.9868     6.4993     57.099    6.96653     6.4948    25.1113   12.51181 3.6382e-02 0.0000e+00
        540  54.774592    0.03743     2.2458    134.750     57.971  51006.249    31.9872     6.4996     57.421    6.96647     6.4949    25.1115   12.51171 3.6382e-02 0.0000e+00
        541  54.774595    0.03750     2.2500    135.000     58.304  51006.814    31.9875     6.4998     57.751    6.96642     6.4950    25.1117   12.51163 3.6382e-02 0.0000e+00
        542  54.774598    0.03757     2.2542    135.250     58.639  51007.353    31.9877     6.4999     58.083    6.96639     6.4950    25.1119   12.51157 3.6382e-02 0.0000e+00
