CTD-processing/allCTD/CNV--turbid/2015_04-08_t4_s01_cast021.cnv
* Sea-Bird SBE19plus Data File:
* FileName = C:\Users\kris.holderied\Documents\kasitsna\Research-Projects-and-Data\Oceanography-AK\CTD-Data-ALL-to-2015-02\2015-CTD-KachemakBay-CookInlet\2015-04-EVOSTC-CookInlet-quarterly\2015-04-08-CookInlet-Tran4-Barabara\2015-04-08-CookInlet-Tran4-cast021.hex
* Software Version 1.59
* Temperature SN =  5028
* Conductivity SN =  5028
* System UpLoad Time = Apr 09 2015 19:19:46
** Cook Inlet LTM Tran 4 (Barabara) South to North
** Date: 04-08
** Station: 4-01
** Start time:  09:08
** Depth (m): 16
** Comment:  KBL CTD. Time is local (AKDT)
** Comment: On R/V Pandalus.
# nquan = 16
# nvalues = 351                         
# units = specified
# name 0 = scan: Scan Count
# name 1 = timeJ: Julian Days
# name 2 = timeH: Time, Elapsed [hours]
# name 3 = timeM: Time, Elapsed [minutes]
# name 4 = timeS: Time, Elapsed [seconds]
# name 5 = prdM: Pressure, Strain Gauge [db]
# name 6 = specc: Specific Conductance [uS/cm]
# name 7 = sal00: Salinity, Practical [PSU]
# name 8 = tv290C: Temperature [ITS-90, deg C]
# name 9 = depSM: Depth [salt water, m], lat = 59.00
# name 10 = oxsolML/L: Oxygen Saturation, Garcia & Gordon [ml/l]
# name 11 = potemp090C: Potential Temperature [ITS-90, deg C]
# name 12 = sigma-é00: Density [sigma-theta, kg/m^3]
# name 13 = n2satML/L: Nitrogen Saturation [ml/l]
# name 14 = par: PAR/Irradiance, Biospherical/Licor
# name 15 = flag:  0.000e+00
# span 0 =          1,        351       
# span 1 =  98.380961,  98.381973       
# span 2 =    0.00000,    0.02431       
# span 3 =     0.0000,     1.4583       
# span 4 =      0.000,     87.500       
# span 5 =     -0.200,     17.053       
# span 6 =    284.286,  50856.416       
# span 7 =     0.1333,    31.7665       
# span 8 =     5.6456,     9.9488       
# span 9 =     -0.198,     16.893       
# span 10 =    7.03397,    7.90934      
# span 11 =     5.6456,     9.9428      
# span 12 =    -0.1885,    25.0268      
# span 13 =   12.63148,   14.52099      
# span 14 = 4.6652e+00, 1.6708e+02      
# span 15 = 0.0000e+00, 0.0000e+00      
# interval = seconds: 0.25
# start_time = Apr 08 2015 09:08:35 [Instrument's time stamp, header]
# bad_flag = -9.990e-29
*END*
[from data line 181]
        182  98.381484    0.01257     0.7542     45.250      0.973  50262.424    31.4419     6.2010      0.963    7.04055     6.1682    24.7179   12.64099 7.5036e+01 0.0000e+00
        183  98.381487    0.01264     0.7583     45.500      0.981  50284.923    31.4551     6.1885      0.972    7.04200     6.1397    24.7298   12.64322 7.3335e+01 0.0000e+00
        184  98.381490    0.01271     0.7625     45.750      1.001  50317.101    31.4735     6.1683      0.992    7.04448     6.1063    24.7468   12.64709 7.1648e+01 0.0000e+00
        185  98.381493    0.01278     0.7667     46.000      1.031  50362.208    31.4992     6.1398      1.021    7.04798     6.0730    24.7705   12.65255 6.9718e+01 0.0000e+00
        186  98.381496    0.01285     0.7708     46.250      1.069  50416.555    31.5304     6.1064      1.059    7.05206     6.0439    24.7992   12.65890 6.7318e+01 0.0000e+00
        187  98.381499    0.01292     0.7750     46.500      1.112  50471.501    31.5620     6.0731      1.102    7.05609     6.0215    24.8281   12.66516 6.5152e+01 0.0000e+00
        188  98.381502    0.01299     0.7792     46.750      1.159  50519.761    31.5898     6.0439      1.148    7.05962     6.0084    24.8535   12.67063 6.4461e+01 0.0000e+00
        189  98.381505    0.01306     0.7833     47.000      1.205  50556.065    31.6105     6.0216      1.194    7.06235     6.0068    24.8726   12.67488 6.5186e+01 0.0000e+00
        190  98.381508    0.01313     0.7875     47.250      1.247  50574.709    31.6208     6.0085      1.235    7.06404     6.0182    24.8823   12.67755 6.6116e+01 0.0000e+00
        191  98.381510    0.01319     0.7917     47.500      1.280  50568.985    31.6166     6.0070      1.268    7.06450     6.0421    24.8791   12.67835 6.6556e+01 0.0000e+00
        192  98.381513    0.01326     0.7958     47.750      1.300  50535.687    31.5957     6.0183      1.288    7.06359     6.0752    24.8613   12.67712 6.7011e+01 0.0000e+00
        193  98.381516    0.01333     0.8000     48.000      1.306  50479.125    31.5612     6.0422      1.293    7.06124     6.1095    24.8312   12.67367 6.8361e+01 0.0000e+00
        194  98.381519    0.01340     0.8042     48.250      1.296  50410.210    31.5199     6.0753      1.283    7.05771     6.1378    24.7947   12.66835 7.0610e+01 0.0000e+00
        195  98.381522    0.01347     0.8083     48.500      1.271  50343.217    31.4802     6.1096      1.258    7.05388     6.1578    24.7592   12.66254 7.3020e+01 0.0000e+00
        196  98.381525    0.01354     0.8125     48.750      1.232  50288.270    31.4477     6.1379      1.220    7.05071     6.1697    24.7301   12.65771 7.5149e+01 0.0000e+00
        197  98.381528    0.01361     0.8167     49.000      1.182  50247.919    31.4236     6.1579      1.171    7.04853     6.1751    24.7087   12.65441 7.6836e+01 0.0000e+00
        198  98.381531    0.01368     0.8208     49.250      1.127  50222.477    31.4083     6.1698      1.116    7.04726     6.1758    24.6952   12.65252 7.7833e+01 0.0000e+00
        199  98.381534    0.01375     0.8250     49.500      1.070  50214.421    31.4038     6.1752      1.060    7.04659     6.1726    24.6909   12.65145 7.8194e+01 0.0000e+00
        200  98.381536    0.01382     0.8292     49.750      1.017  50225.256    31.4114     6.1759      1.008    7.04611     6.1642    24.6969   12.65057 7.8236e+01 0.0000e+00
        201  98.381539    0.01389     0.8333     50.000      0.974  50248.828    31.4271     6.1727      0.965    7.04591     6.1488    24.7097   12.65004 7.8036e+01 0.0000e+00
        202  98.381542    0.01396     0.8375     50.250      0.943  50277.284    31.4452     6.1643      0.934    7.04646     6.1274    24.7250   12.65071 7.7422e+01 0.0000e+00
        203  98.381545    0.01403     0.8417     50.500      0.927  50311.208    31.4658     6.1489      0.918    7.04804     6.1042    24.7431   12.65308 7.6264e+01 0.0000e+00
        204  98.381548    0.01410     0.8458     50.750      0.924  50351.960    31.4899     6.1275      0.915    7.05046     6.0837    24.7647   12.65676 7.4725e+01 0.0000e+00
        205  98.381551    0.01417     0.8500     51.000      0.934  50394.668    31.5150     6.1043      0.925    7.05311     6.0688    24.7873   12.66084 7.2973e+01 0.0000e+00
        206  98.381554    0.01424     0.8542     51.250      0.955  50433.120    31.5376     6.0838      0.947    7.05545     6.0603    24.8076   12.66441 7.0967e+01 0.0000e+00
        207  98.381557    0.01431     0.8583     51.500      0.986  50462.448    31.5550     6.0689      0.977    7.05711     6.0572    24.8232   12.66692 6.9102e+01 0.0000e+00
        208  98.381560    0.01438     0.8625     51.750      1.024  50480.384    31.5658     6.0604      1.015    7.05800     6.0574    24.8327   12.66825 6.7939e+01 0.0000e+00
        209  98.381563    0.01444     0.8667     52.000      1.068  50487.885    31.5704     6.0573      1.058    7.05830     6.0595    24.8367   12.66869 6.7331e+01 0.0000e+00
        210  98.381565    0.01451     0.8708     52.250      1.113  50487.111    31.5699     6.0575      1.103    7.05828     6.0629    24.8362   12.66867 6.6844e+01 0.0000e+00
        211  98.381568    0.01458     0.8750     52.500      1.158  50479.629    31.5651     6.0596      1.147    7.05817     6.0691    24.8322   12.66855 6.6367e+01 0.0000e+00
        212  98.381571    0.01465     0.8792     52.750      1.199  50466.053    31.5563     6.0630      1.187    7.05801     6.0813    24.8249   12.66840 6.6072e+01 0.0000e+00
        213  98.381574    0.01472     0.8833     53.000      1.233  50445.420    31.5432     6.0692      1.222    7.05760     6.1014    24.8138   12.66789 6.6291e+01 0.0000e+00
        214  98.381577    0.01479     0.8875     53.250      1.260  50414.771    31.5243     6.0814      1.248    7.05647     6.1269    24.7974   12.66626 6.7240e+01 0.0000e+00
        215  98.381580    0.01486     0.8917     53.500      1.277  50373.187    31.4994     6.1015      1.265    7.05430     6.1522    24.7753   12.66299 6.8549e+01 0.0000e+00
        216  98.381583    0.01493     0.8958     53.750      1.283  50326.165    31.4718     6.1270      1.270    7.05137     6.1733    24.7504   12.65850 6.9544e+01 0.0000e+00
        217  98.381586    0.01500     0.9000     54.000      1.276  50282.825    31.4466     6.1523      1.264    7.04836     6.1892    24.7275   12.65385 7.0231e+01 0.0000e+00
        218  98.381589    0.01507     0.9042     54.250      1.258  50249.128    31.4273     6.1734      1.246    7.04579     6.2009    24.7097   12.64984 7.1222e+01 0.0000e+00
        219  98.381591    0.01514     0.9083     54.500      1.229  50225.265    31.4139     6.1893      1.217    7.04379     6.2093    24.6972   12.64670 7.2609e+01 0.0000e+00
        220  98.381594    0.01521     0.9125     54.750      1.193  50209.329    31.4051     6.2010      1.181    7.04227     6.2150    24.6888   12.64430 7.3720e+01 0.0000e+00
        221  98.381597    0.01528     0.9167     55.000      1.152  50200.337    31.4004     6.2094      1.141    7.04110     6.2189    24.6842   12.64243 7.4101e+01 0.0000e+00
        222  98.381600    0.01535     0.9208     55.250      1.109  50197.410    31.3995     6.2151      1.098    7.04020     6.2220    24.6828   12.64095 7.4215e+01 0.0000e+00
        223  98.381603    0.01542     0.9250     55.500      1.067  50198.677    31.4012     6.2190      1.057    7.03948     6.2251    24.6836   12.63974 7.4383e+01 0.0000e+00
        224  98.381606    0.01549     0.9292     55.750      1.028  50201.439    31.4037     6.2221      1.018    7.03886     6.2289    24.6852   12.63868 7.4155e+01 0.0000e+00
        225  98.381609    0.01556     0.9333     56.000      0.997  50203.450    31.4057     6.2252      0.987    7.03824     6.2326    24.6864   12.63764 7.3525e+01 0.0000e+00
        226  98.381612    0.01563     0.9375     56.250      0.974  50204.201    31.4069     6.2289      0.965    7.03757     6.2353    24.6869   12.63651 7.3084e+01 0.0000e+00
        227  98.381615    0.01569     0.9417     56.500      0.964  50204.690    31.4079     6.2326      0.954    7.03691     6.2368    24.6873   12.63541 7.2705e+01 0.0000e+00
        228  98.381617    0.01576     0.9458     56.750      0.966  50205.968    31.4093     6.2354      0.957    7.03639     6.2372    24.6880   12.63453 7.1738e+01 0.0000e+00
        229  98.381620    0.01583     0.9500     57.000      0.981  50208.122    31.4111     6.2368      0.971    7.03607     6.2373    24.6892   12.63399 7.0495e+01 0.0000e+00
        230  98.381623    0.01590     0.9542     57.250      1.004  50210.046    31.4125     6.2372      0.995    7.03594     6.2380    24.6903   12.63376 6.9625e+01 0.0000e+00
        231  98.381626    0.01597     0.9583     57.500      1.034  50209.752    31.4123     6.2373      1.025    7.03593     6.2398    24.6902   12.63374 6.9113e+01 0.0000e+00
        232  98.381629    0.01604     0.9625     57.750      1.068  50205.119    31.4092     6.2380      1.058    7.03597     6.2431    24.6876   12.63384 6.8707e+01 0.0000e+00
        233  98.381632    0.01611     0.9667     58.000      1.101  50194.782    31.4024     6.2398      1.091    7.03599     6.2481    24.6820   12.63395 6.8294e+01 0.0000e+00
        234  98.381635    0.01618     0.9708     58.250      1.133  50179.157    31.3922     6.2431      1.122    7.03592     6.2549    24.6736   12.63397 6.7948e+01 0.0000e+00
        235  98.381638    0.01625     0.9750     58.500      1.161  50160.015    31.3799     6.2482      1.150    7.03566     6.2622    24.6632   12.63369 6.7884e+01 0.0000e+00
        236  98.381641    0.01632     0.9792     58.750      1.185  50139.122    31.3667     6.2550      1.174    7.03515     6.2678    24.6520   12.63302 6.8331e+01 0.0000e+00
        237  98.381644    0.01639     0.9833     59.000      1.205  50118.647    31.3539     6.2623      1.193    7.03455     6.2710    24.6410   12.63220 6.9190e+01 0.0000e+00
        238  98.381646    0.01646     0.9875     59.250      1.219  50101.324    31.3430     6.2679      1.207    7.03413     6.2714    24.6317   12.63163 6.9964e+01 0.0000e+00
        239  98.381649    0.01653     0.9917     59.500      1.228  50089.197    31.3352     6.2711      1.217    7.03397     6.2691    24.6252   12.63148 7.0201e+01 0.0000e+00
        240  98.381652    0.01660     0.9958     59.750      1.233  50083.155    31.3311     6.2715      1.222    7.03409     6.2646    24.6219   12.63173 7.0021e+01 0.0000e+00
        241  98.381655    0.01667     1.0000     60.000      1.235  50082.762    31.3304     6.2692      1.224    7.03451     6.2590    24.6216   12.63243 6.9866e+01 0.0000e+00
        242  98.381658    0.01674     1.0042     60.250      1.235  50086.052    31.3318     6.2647      1.224    7.03517     6.2529    24.6233   12.63351 6.9858e+01 0.0000e+00
        243  98.381661    0.01681     1.0083     60.500      1.233  50090.459    31.3338     6.2591      1.221    7.03600     6.2466    24.6255   12.63485 6.9995e+01 0.0000e+00
        244  98.381664    0.01688     1.0125     60.750      1.228  50093.909    31.3350     6.2530      1.216    7.03695     6.2401    24.6273   12.63640 7.0406e+01 0.0000e+00
        245  98.381667    0.01694     1.0167     61.000      1.218  50095.318    31.3348     6.2467      1.206    7.03801     6.2337    24.6279   12.63815 7.1038e+01 0.0000e+00
        246  98.381670    0.01701     1.0208     61.250      1.200  50095.237    31.3335     6.2402      1.189    7.03913     6.2272    24.6277   12.64002 7.1675e+01 0.0000e+00
        247  98.381672    0.01708     1.0250     61.500      1.173  50095.216    31.3323     6.2338      1.162    7.04023     6.2199    24.6275   12.64186 7.2178e+01 0.0000e+00
        248  98.381675    0.01715     1.0292     61.750      1.137  50096.757    31.3322     6.2273      1.127    7.04131     6.2114    24.6282   12.64364 7.2571e+01 0.0000e+00
        249  98.381678    0.01722     1.0333     62.000      1.094  50101.558    31.3342     6.2200      1.084    7.04243     6.2022    24.6306   12.64547 7.2889e+01 0.0000e+00
        250  98.381681    0.01729     1.0375     62.250      1.048  50110.885    31.3390     6.2115      1.038    7.04360     6.1931    24.6355   12.64735 7.3264e+01 0.0000e+00
        251  98.381684    0.01736     1.0417     62.500      1.004  50124.309    31.3466     6.2023      0.995    7.04478     6.1851    24.6426   12.64919 7.4014e+01 0.0000e+00
        252  98.381687    0.01743     1.0458     62.750      0.968  50139.853    31.3557     6.1932      0.958    7.04586     6.1784    24.6508   12.65085 7.4930e+01 0.0000e+00
        253  98.381690    0.01750     1.0500     63.000      0.942  50155.624    31.3651     6.1852      0.933    7.04674     6.1726    24.6592   12.65219 7.5147e+01 0.0000e+00
        254  98.381693    0.01757     1.0542     63.250      0.929  50171.265    31.3746     6.1785      0.921    7.04740     6.1671    24.6676   12.65317 7.4013e+01 0.0000e+00
        255  98.381696    0.01764     1.0583     63.500      0.933  50187.781    31.3849     6.1727      0.924    7.04788     6.1604    24.6764   12.65382 7.1606e+01 0.0000e+00
        256  98.381698    0.01771     1.0625     63.750      0.954  50206.201    31.3966     6.1672      0.945    7.04825     6.1501    24.6863   12.65429 6.8728e+01 0.0000e+00
        257  98.381701    0.01778     1.0667     64.000      0.994  50226.492    31.4093     6.1605      0.984    7.04876     6.1323    24.6972   12.65497 6.6535e+01 0.0000e+00
        258  98.381704    0.01785     1.0708     64.250      1.051  50247.725    31.4220     6.1502      1.041    7.04986     6.1043    24.7084   12.65663 6.5426e+01 0.0000e+00
        259  98.381707    0.01792     1.0750     64.500      1.121  50270.847    31.4346     6.1324      1.110    7.05223     6.0700    24.7204   12.66039 6.4809e+01 0.0000e+00
        260  98.381710    0.01799     1.0792     64.750      1.195  50300.760    31.4499     6.1045      1.184    7.05614     6.0385    24.7359   12.66666 6.4113e+01 0.0000e+00
        261  98.381713    0.01806     1.0833     65.000      1.265  50340.612    31.4708     6.0702      1.253    7.06084     6.0173    24.7565   12.67416 6.3287e+01 0.0000e+00
        262  98.381716    0.01812     1.0875     65.250      1.323  50382.318    31.4936     6.0386      1.310    7.06501     6.0101    24.7782   12.68077 6.2866e+01 0.0000e+00
        263  98.381719    0.01819     1.0917     65.500      1.361  50409.243    31.5081     6.0174      1.348    7.06785     6.0165    24.7922   12.68527 6.3536e+01 0.0000e+00
        264  98.381722    0.01826     1.0958     65.750      1.376  50411.678    31.5084     6.0103      1.363    7.06902     6.0309    24.7933   12.68719 6.5316e+01 0.0000e+00
        265  98.381725    0.01833     1.1000     66.000      1.366  50393.820    31.4973     6.0167      1.353    7.06848     6.0468    24.7838   12.68643 6.7581e+01 0.0000e+00
        266  98.381727    0.01840     1.1042     66.250      1.332  50366.234    31.4810     6.0310      1.319    7.06685     6.0607    24.7693   12.68396 6.9936e+01 0.0000e+00
        267  98.381730    0.01847     1.1083     66.500      1.277  50337.310    31.4641     6.0469      1.265    7.06500     6.0710    24.7541   12.68112 7.2583e+01 0.0000e+00
        268  98.381733    0.01854     1.1125     66.750      1.207  50311.615    31.4490     6.0608      1.196    7.06340     6.0763    24.7405   12.67866 7.5337e+01 0.0000e+00
        269  98.381736    0.01861     1.1167     67.000      1.130  50291.210    31.4369     6.0710      1.119    7.06227     6.0756    24.7297   12.67695 7.7169e+01 0.0000e+00
        270  98.381739    0.01868     1.1208     67.250      1.052  50276.131    31.4276     6.0763      1.042    7.06184     6.0678    24.7216   12.67635 7.7856e+01 0.0000e+00
        271  98.381742    0.01875     1.1250     67.500      0.982  50265.555    31.4202     6.0757      0.972    7.06230     6.0507    24.7159   12.67720 7.7944e+01 0.0000e+00
