CTD-processing/allCTD/CNV--turbid/2015_12-10_t9_s04_cast044.cnv
* Sea-Bird SBE19plus Data File:
* FileName = C:\Users\Kris.Holderied\Documents\kasitsna\Research-KBL\Oceanography-AK\CTD-Data-ALL-to-2015-10\2015-CTD-KachemakBay-CookInlet\2015-12-10_CookInlet-HomerSpit-monthly-BLANK\2015-12-10-CookInlet-Tran9-cast044.hex
* Software Version 1.59
* Temperature SN =  5028
* Conductivity SN =  5028
* System UpLoad Time = Jan 06 2016 11:16:47
** Cook Inlet LTM Tran9 Homer Spit
** Date (YYYY-MM-DD): 2015-12-10
** Station (ie. 9-01):  9-04
** Start time (AKST): 12:15
** Depth (m): 97.5
** Comment: R/V Edgecumbe
** Comment:
# nquan = 16
# nvalues = 663                         
# units = specified
# name 0 = scan: Scan Count
# name 1 = timeJ: Julian Days
# name 2 = timeH: Time, Elapsed [hours]
# name 3 = timeM: Time, Elapsed [minutes]
# name 4 = timeS: Time, Elapsed [seconds]
# name 5 = prdM: Pressure, Strain Gauge [db]
# name 6 = specc: Specific Conductance [uS/cm]
# name 7 = sal00: Salinity, Practical [PSU]
# name 8 = tv290C: Temperature [ITS-90, deg C]
# name 9 = depSM: Depth [salt water, m], lat = 59.00
# name 10 = oxsolML/L: Oxygen Saturation, Garcia & Gordon [ml/l]
# name 11 = potemp090C: Potential Temperature [ITS-90, deg C]
# name 12 = sigma-é00: Density [sigma-theta, kg/m^3]
# name 13 = n2satML/L: Nitrogen Saturation [ml/l]
# name 14 = par: PAR/Irradiance, Biospherical/Licor
# name 15 = flag:  0.000e+00
# span 0 =          1,        663       
# span 1 = 344.510602, 344.512517       
# span 2 =    0.00000,    0.04597       
# span 3 =     0.0000,     2.7583       
# span 4 =      0.000,    165.500       
# span 5 =     -0.275,     90.920       
# span 6 =    946.850,  49686.102       
# span 7 =     0.4593,    31.1195       
# span 8 =     6.1044,     7.1104       
# span 9 =     -0.272,     90.050       
# span 10 =    6.90901,    8.66047      
# span 11 =     6.1047,     7.1029      
# span 12 =     0.3062,    24.3947      
# span 13 =   12.42773,   15.78467      
# span 14 = 3.8020e-02, 1.3320e+02      
# span 15 = 0.0000e+00, 0.0000e+00      
# interval = seconds: 0.25
# start_time = Dec 10 2015 12:15:16 [Instrument's time stamp, header]
# bad_flag = -9.990e-29
*END*
[from data line 362]
        363 344.511649    0.02514     1.5083     90.500     12.920  49447.645    30.9284     6.5029     12.799    7.01482     6.5026    24.2761   12.60496 4.7124e+00 0.0000e+00
        364 344.511652    0.02521     1.5125     90.750     13.115  49449.636    30.9297     6.5030     12.992    7.01473     6.5040    24.2771   12.60480 4.5405e+00 0.0000e+00
        365 344.511655    0.02528     1.5167     91.000     13.315  49452.015    30.9314     6.5037     13.190    7.01454     6.5061    24.2784   12.60446 4.3703e+00 0.0000e+00
        366 344.511658    0.02535     1.5208     91.250     13.521  49454.558    30.9333     6.5051     13.394    7.01422     6.5088    24.2797   12.60391 4.2016e+00 0.0000e+00
        367 344.511661    0.02542     1.5250     91.500     13.735  49456.535    30.9350     6.5073     13.606    7.01380     6.5117    24.2807   12.60319 4.0342e+00 0.0000e+00
        368 344.511664    0.02549     1.5292     91.750     13.959  49457.460    30.9360     6.5099     13.828    7.01331     6.5146    24.2812   12.60237 3.8669e+00 0.0000e+00
        369 344.511667    0.02556     1.5333     92.000     14.193  49457.842    30.9366     6.5129     14.060    7.01280     6.5177    24.2814   12.60152 3.6997e+00 0.0000e+00
        370 344.511670    0.02562     1.5375     92.250     14.437  49458.609    30.9376     6.5158     14.302    7.01227     6.5213    24.2818   12.60063 3.5341e+00 0.0000e+00
        371 344.511672    0.02569     1.5417     92.500     14.687  49460.680    30.9395     6.5189     14.549    7.01167     6.5255    24.2829   12.59962 3.3718e+00 0.0000e+00
        372 344.511675    0.02576     1.5458     92.750     14.941  49463.395    30.9419     6.5225     14.801    7.01098     6.5299    24.2844   12.59845 3.2133e+00 0.0000e+00
        373 344.511678    0.02583     1.5500     93.000     15.202  49464.318    30.9431     6.5268     15.059    7.01023     6.5340    24.2848   12.59719 3.0585e+00 0.0000e+00
        374 344.511681    0.02590     1.5542     93.250     15.469  49462.765    30.9428     6.5313     15.323    7.00952     6.5370    24.2840   12.59602 2.9074e+00 0.0000e+00
        375 344.511684    0.02597     1.5583     93.500     15.743  49459.619    30.9412     6.5353     15.595    7.00893     6.5387    24.2822   12.59507 2.7611e+00 0.0000e+00
        376 344.511687    0.02604     1.5625     93.750     16.022  49455.530    30.9388     6.5383     15.872    7.00854     6.5390    24.2800   12.59447 2.6203e+00 0.0000e+00
        377 344.511690    0.02611     1.5667     94.000     16.307  49451.761    30.9364     6.5400     16.154    7.00838     6.5384    24.2778   12.59423 2.4847e+00 0.0000e+00
        378 344.511693    0.02618     1.5708     94.250     16.599  49449.372    30.9346     6.5403     16.443    7.00840     6.5374    24.2764   12.59428 2.3535e+00 0.0000e+00
        379 344.511696    0.02625     1.5750     94.500     16.897  49448.541    30.9338     6.5397     16.739    7.00853     6.5362    24.2758   12.59451 2.2264e+00 0.0000e+00
        380 344.511698    0.02632     1.5792     94.750     17.201  49448.902    30.9337     6.5387     17.039    7.00870     6.5352    24.2759   12.59479 2.1048e+00 0.0000e+00
        381 344.511701    0.02639     1.5833     95.000     17.505  49449.646    30.9339     6.5376     17.340    7.00887     6.5343    24.2762   12.59507 1.9899e+00 0.0000e+00
        382 344.511704    0.02646     1.5875     95.250     17.806  49450.352    30.9341     6.5366     17.639    7.00903     6.5336    24.2764   12.59532 1.8823e+00 0.0000e+00
        383 344.511707    0.02653     1.5917     95.500     18.102  49451.180    30.9344     6.5358     17.932    7.00916     6.5330    24.2768   12.59553 1.7828e+00 0.0000e+00
        384 344.511710    0.02660     1.5958     95.750     18.388  49452.106    30.9347     6.5350     18.215    7.00926     6.5327    24.2772   12.59570 1.6926e+00 0.0000e+00
        385 344.511713    0.02667     1.6000     96.000     18.663  49453.289    30.9353     6.5345     18.488    7.00932     6.5330    24.2777   12.59579 1.6124e+00 0.0000e+00
        386 344.511716    0.02674     1.6042     96.250     18.930  49455.575    30.9368     6.5342     18.752    7.00929     6.5344    24.2789   12.59573 1.5387e+00 0.0000e+00
        387 344.511719    0.02681     1.6083     96.500     19.192  49459.373    30.9393     6.5346     19.012    7.00912     6.5369    24.2808   12.59541 1.4670e+00 0.0000e+00
        388 344.511722    0.02688     1.6125     96.750     19.453  49463.361    30.9422     6.5360     19.270    7.00876     6.5403    24.2829   12.59478 1.3967e+00 0.0000e+00
        389 344.511725    0.02694     1.6167     97.000     19.716  49465.832    30.9443     6.5385     19.531    7.00825     6.5440    24.2842   12.59391 1.3290e+00 0.0000e+00
        390 344.511727    0.02701     1.6208     97.250     19.983  49466.834    30.9454     6.5419     19.795    7.00764     6.5477    24.2848   12.59289 1.2642e+00 0.0000e+00
        391 344.511730    0.02708     1.6250     97.500     20.254  49466.934    30.9461     6.5456     20.064    7.00700     6.5513    24.2848   12.59183 1.2020e+00 0.0000e+00
        392 344.511733    0.02715     1.6292     97.750     20.527  49466.589    30.9464     6.5494     20.335    7.00637     6.5549    24.2846   12.59078 1.1431e+00 0.0000e+00
        393 344.511736    0.02722     1.6333     98.000     20.800  49466.760    30.9470     6.5530     20.605    7.00575     6.5587    24.2846   12.58975 1.0876e+00 0.0000e+00
        394 344.511739    0.02729     1.6375     98.250     21.072  49467.640    30.9481     6.5566     20.874    7.00511     6.5629    24.2851   12.58867 1.0350e+00 0.0000e+00
        395 344.511742    0.02736     1.6417     98.500     21.342  49469.035    30.9497     6.5604     21.142    7.00442     6.5674    24.2858   12.58751 9.8522e-01 0.0000e+00
        396 344.511745    0.02743     1.6458     98.750     21.613  49470.354    30.9512     6.5646     21.410    7.00366     6.5719    24.2865   12.58624 9.3824e-01 0.0000e+00
        397 344.511748    0.02750     1.6500     99.000     21.885  49470.096    30.9517     6.5692     21.680    7.00290     6.5757    24.2863   12.58496 8.9384e-01 0.0000e+00
        398 344.511751    0.02757     1.6542     99.250     22.159  49467.802    30.9508     6.5737     21.951    7.00221     6.5785    24.2851   12.58383 8.5173e-01 0.0000e+00
        399 344.511753    0.02764     1.6583     99.500     22.434  49464.128    30.9489     6.5776     22.223    7.00167     6.5799    24.2830   12.58296 8.1181e-01 0.0000e+00
        400 344.511756    0.02771     1.6625     99.750     22.706  49459.915    30.9463     6.5803     22.493    7.00134     6.5801    24.2807   12.58245 7.7404e-01 0.0000e+00
        401 344.511759    0.02778     1.6667    100.000     22.976  49456.556    30.9441     6.5817     22.760    7.00121     6.5797    24.2788   12.58226 7.3856e-01 0.0000e+00
        402 344.511762    0.02785     1.6708    100.250     23.240  49454.893    30.9429     6.5820     23.022    7.00121     6.5790    24.2778   12.58229 7.0550e-01 0.0000e+00
        403 344.511765    0.02792     1.6750    100.500     23.498  49454.428    30.9424     6.5816     23.278    7.00130     6.5782    24.2774   12.58244 6.7453e-01 0.0000e+00
        404 344.511768    0.02799     1.6792    100.750     23.755  49454.833    30.9424     6.5809     23.532    7.00141     6.5778    24.2776   12.58263 6.4504e-01 0.0000e+00
        405 344.511771    0.02806     1.6833    101.000     24.014  49456.277    30.9432     6.5802     23.788    7.00150     6.5779    24.2782   12.58276 6.1662e-01 0.0000e+00
        406 344.511774    0.02813     1.6875    101.250     24.276  49458.410    30.9444     6.5798     24.047    7.00151     6.5785    24.2793   12.58276 5.8916e-01 0.0000e+00
        407 344.511777    0.02819     1.6917    101.500     24.541  49460.277    30.9456     6.5799     24.310    7.00143     6.5794    24.2802   12.58261 5.6268e-01 0.0000e+00
        408 344.511780    0.02826     1.6958    101.750     24.808  49461.187    30.9463     6.5806     24.575    7.00130     6.5802    24.2807   12.58239 5.3719e-01 0.0000e+00
        409 344.511782    0.02833     1.7000    102.000     25.078  49461.328    30.9464     6.5814     24.842    7.00115     6.5810    24.2807   12.58214 5.1286e-01 0.0000e+00
        410 344.511785    0.02840     1.7042    102.250     25.347  49461.113    30.9463     6.5823     25.108    7.00101     6.5815    24.2805   12.58192 4.8991e-01 0.0000e+00
        411 344.511788    0.02847     1.7083    102.500     25.612  49460.595    30.9460     6.5831     25.371    7.00090     6.5818    24.2801   12.58174 4.6826e-01 0.0000e+00
        412 344.511791    0.02854     1.7125    102.750     25.875  49459.817    30.9454     6.5837     25.631    7.00084     6.5817    24.2796   12.58164 4.4754e-01 0.0000e+00
        413 344.511794    0.02861     1.7167    103.000     26.141  49459.083    30.9448     6.5839     25.895    7.00082     6.5815    24.2791   12.58162 4.2751e-01 0.0000e+00
        414 344.511797    0.02868     1.7208    103.250     26.412  49458.856    30.9445     6.5839     26.163    7.00084     6.5812    24.2789   12.58165 4.0817e-01 0.0000e+00
        415 344.511800    0.02875     1.7250    103.500     26.688  49459.207    30.9446     6.5837     26.437    7.00087     6.5811    24.2790   12.58170 3.8951e-01 0.0000e+00
        416 344.511803    0.02882     1.7292    103.750     26.968  49459.705    30.9448     6.5835     26.714    7.00089     6.5812    24.2791   12.58173 3.7150e-01 0.0000e+00
        417 344.511806    0.02889     1.7333    104.000     27.249  49460.344    30.9451     6.5834     26.993    7.00089     6.5814    24.2794   12.58173 3.5429e-01 0.0000e+00
        418 344.511808    0.02896     1.7375    104.250     27.529  49461.418    30.9457     6.5834     27.270    7.00085     6.5821    24.2799   12.58166 3.3810e-01 0.0000e+00
        419 344.511811    0.02903     1.7417    104.500     27.803  49462.821    30.9466     6.5837     27.541    7.00077     6.5832    24.2805   12.58150 3.2313e-01 0.0000e+00
        420 344.511814    0.02910     1.7458    104.750     28.067  49464.481    30.9477     6.5844     27.803    7.00061     6.5850    24.2813   12.58122 3.0940e-01 0.0000e+00
        421 344.511817    0.02917     1.7500    105.000     28.322  49466.743    30.9494     6.5856     28.055    7.00034     6.5876    24.2825   12.58077 2.9669e-01 0.0000e+00
        422 344.511820    0.02924     1.7542    105.250     28.568  49469.655    30.9516     6.5874     28.299    6.99995     6.5910    24.2841   12.58008 2.8473e-01 0.0000e+00
        423 344.511823    0.02931     1.7583    105.500     28.808  49472.207    30.9538     6.5900     28.537    6.99941     6.5948    24.2854   12.57918 2.7342e-01 0.0000e+00
        424 344.511826    0.02937     1.7625    105.750     29.040  49473.009    30.9548     6.5934     28.767    6.99880     6.5982    24.2858   12.57815 2.6297e-01 0.0000e+00
        425 344.511829    0.02944     1.7667    106.000     29.266  49471.824    30.9546     6.5972     28.990    6.99820     6.6010    24.2852   12.57716 2.5359e-01 0.0000e+00
        426 344.511832    0.02951     1.7708    106.250     29.487  49469.644    30.9536     6.6007     29.209    6.99768     6.6031    24.2839   12.57632 2.4500e-01 0.0000e+00
        427 344.511834    0.02958     1.7750    106.500     29.706  49467.509    30.9525     6.6035     29.426    6.99727     6.6046    24.2827   12.57565 2.3689e-01 0.0000e+00
        428 344.511837    0.02965     1.7792    106.750     29.921  49465.919    30.9517     6.6056     29.639    6.99697     6.6057    24.2818   12.57516 2.2930e-01 0.0000e+00
        429 344.511840    0.02972     1.7833    107.000     30.129  49464.932    30.9511     6.6071     29.846    6.99675     6.6066    24.2813   12.57480 2.2222e-01 0.0000e+00
        430 344.511843    0.02979     1.7875    107.250     30.330  49464.236    30.9508     6.6083     30.045    6.99658     6.6072    24.2808   12.57452 2.1559e-01 0.0000e+00
        431 344.511846    0.02986     1.7917    107.500     30.523  49463.561    30.9504     6.6092     30.236    6.99645     6.6076    24.2804   12.57432 2.0943e-01 0.0000e+00
        432 344.511849    0.02993     1.7958    107.750     30.708  49462.978    30.9500     6.6098     30.418    6.99637     6.6078    24.2800   12.57418 2.0377e-01 0.0000e+00
        433 344.511852    0.03000     1.8000    108.000     30.885  49462.513    30.9497     6.6102     30.594    6.99632     6.6078    24.2797   12.57410 1.9856e-01 0.0000e+00
        434 344.511855    0.03007     1.8042    108.250     31.057  49462.074    30.9494     6.6104     30.764    6.99630     6.6076    24.2794   12.57408 1.9358e-01 0.0000e+00
        435 344.511858    0.03014     1.8083    108.500     31.232  49461.678    30.9490     6.6104     30.938    6.99631     6.6073    24.2792   12.57410 1.8849e-01 0.0000e+00
        436 344.511861    0.03021     1.8125    108.750     31.418  49461.318    30.9486     6.6103     31.122    6.99635     6.6066    24.2789   12.57418 1.8310e-01 0.0000e+00
        437 344.511863    0.03028     1.8167    109.000     31.619  49460.598    30.9479     6.6099     31.321    6.99644     6.6054    24.2784   12.57433 1.7743e-01 0.0000e+00
        438 344.511866    0.03035     1.8208    109.250     31.832  49459.093    30.9467     6.6093     31.532    6.99661     6.6035    24.2775   12.57462 1.7171e-01 0.0000e+00
        439 344.511869    0.03042     1.8250    109.500     32.051  49457.317    30.9451     6.6080     31.749    6.99688     6.6011    24.2765   12.57509 1.6616e-01 0.0000e+00
        440 344.511872    0.03049     1.8292    109.750     32.274  49456.424    30.9441     6.6061     31.969    6.99723     6.5987    24.2759   12.57569 1.6088e-01 0.0000e+00
        441 344.511875    0.03056     1.8333    110.000     32.499  49457.051    30.9440     6.6038     32.192    6.99762     6.5967    24.2761   12.57633 1.5575e-01 0.0000e+00
        442 344.511878    0.03062     1.8375    110.250     32.726  49458.746    30.9446     6.6014     32.418    6.99797     6.5952    24.2769   12.57691 1.5067e-01 0.0000e+00
        443 344.511881    0.03069     1.8417    110.500     32.956  49460.500    30.9454     6.5995     32.645    6.99826     6.5940    24.2777   12.57737 1.4561e-01 0.0000e+00
        444 344.511884    0.03076     1.8458    110.750     33.189  49461.963    30.9460     6.5979     32.876    6.99848     6.5932    24.2784   12.57772 1.4058e-01 0.0000e+00
        445 344.511887    0.03083     1.8500    111.000     33.424  49463.306    30.9467     6.5968     33.109    6.99863     6.5927    24.2791   12.57797 1.3578e-01 0.0000e+00
        446 344.511889    0.03090     1.8542    111.250     33.663  49464.444    30.9472     6.5960     33.346    6.99873     6.5924    24.2796   12.57813 1.3126e-01 0.0000e+00
        447 344.511892    0.03097     1.8583    111.500     33.904  49465.234    30.9476     6.5956     33.584    6.99879     6.5922    24.2799   12.57822 1.2691e-01 0.0000e+00
        448 344.511895    0.03104     1.8625    111.750     34.147  49465.570    30.9477     6.5953     33.824    6.99883     6.5919    24.2800   12.57829 1.2276e-01 0.0000e+00
        449 344.511898    0.03111     1.8667    112.000     34.390  49465.314    30.9473     6.5951     34.065    6.99888     6.5912    24.2798   12.57838 1.1884e-01 0.0000e+00
        450 344.511901    0.03118     1.8708    112.250     34.633  49464.471    30.9466     6.5947     34.306    6.99897     6.5900    24.2792   12.57854 1.1512e-01 0.0000e+00
        451 344.511904    0.03125     1.8750    112.500     34.872  49463.003    30.9454     6.5941     34.543    6.99914     6.5880    24.2783   12.57882 1.1165e-01 0.0000e+00
