CTD-processing/allCTD/CNV--turbid/2015_10-19_t4_s04_cast219.cnv
* Sea-Bird SBE19plus Data File:
* FileName = C:\Users\Kris.Holderied\Documents\kasitsna\Research-KBL\Oceanography-AK\CTD-Data-ALL-to-2015-06\2015-CTD-KachemakBay-CookInlet\2015-10-19-CookInlet-Tran4-special\2015-10-19-CookInlet-Tran4-cast219.hex
* Software Version 1.59
* Temperature SN =  5028
* Conductivity SN =  5028
* System UpLoad Time = Oct 31 2015 16:43:38
** Cook Inlet LTM Transect 4 Barabara special, South to North

** Date: 10-19
** Station: 4-04
** Start time (AKDT): 16:57
** Depth (m): 89.6
** Comment:  R/V Edgecumbe
** Comment:
# nquan = 16
# nvalues = 755                         
# units = specified
# name 0 = scan: Scan Count
# name 1 = timeJ: Julian Days
# name 2 = timeH: Time, Elapsed [hours]
# name 3 = timeM: Time, Elapsed [minutes]
# name 4 = timeS: Time, Elapsed [seconds]
# name 5 = prdM: Pressure, Strain Gauge [db]
# name 6 = specc: Specific Conductance [uS/cm]
# name 7 = sal00: Salinity, Practical [PSU]
# name 8 = tv290C: Temperature [ITS-90, deg C]
# name 9 = depSM: Depth [salt water, m], lat = 59.00
# name 10 = oxsolML/L: Oxygen Saturation, Garcia & Gordon [ml/l]
# name 11 = potemp090C: Potential Temperature [ITS-90, deg C]
# name 12 = sigma-é00: Density [sigma-theta, kg/m^3]
# name 13 = n2satML/L: Nitrogen Saturation [ml/l]
# name 14 = par: PAR/Irradiance, Biospherical/Licor
# name 15 = flag:  0.000e+00
# span 0 =          1,        755       
# span 1 = 292.706574, 292.708756       
# span 2 =    0.00000,    0.05236       
# span 3 =     0.0000,     3.1417       
# span 4 =      0.000,    188.500       
# span 5 =      0.037,     79.350       
# span 6 =  33242.948,  48513.138       
# span 7 =    20.4134,    30.6802       
# span 8 =     8.8089,     9.3035       
# span 9 =      0.037,     78.593       
# span 10 =    6.59435,    7.13483      
# span 11 =     8.9274,     9.3006      
# span 12 =    15.7506,    23.6989      
# span 13 =   11.91278,   12.94511      
# span 14 = 4.7859e-02, 5.9686e+01      
# span 15 = 0.0000e+00, 0.0000e+00      
# interval = seconds: 0.25
# start_time = Oct 19 2015 16:57:28 [Instrument's time stamp, header]
# bad_flag = -9.990e-29
*END*
[from data line 543]
        544 292.708145    0.03771     2.2625    135.750     38.518  48445.476    30.6538     9.2900     38.154    6.59561     9.2860    23.6733   11.91466 4.6748e-01 0.0000e+00
        545 292.708148    0.03778     2.2667    136.000     38.733  48445.884    30.6540     9.2900     38.367    6.59559     9.2859    23.6734   11.91463 4.5789e-01 0.0000e+00
        546 292.708151    0.03785     2.2708    136.250     38.944  48446.304    30.6542     9.2900     38.576    6.59558     9.2857    23.6736   11.91462 4.4862e-01 0.0000e+00
        547 292.708154    0.03792     2.2750    136.500     39.151  48446.732    30.6544     9.2899     38.782    6.59559     9.2856    23.6738   11.91463 4.3962e-01 0.0000e+00
        548 292.708157    0.03799     2.2792    136.750     39.358  48447.159    30.6546     9.2898     38.986    6.59559     9.2855    23.6739   11.91463 4.3074e-01 0.0000e+00
        549 292.708160    0.03806     2.2833    137.000     39.565  48447.565    30.6548     9.2898     39.191    6.59560     9.2855    23.6741   11.91464 4.2192e-01 0.0000e+00
        550 292.708163    0.03812     2.2875    137.250     39.773  48447.926    30.6549     9.2897     39.397    6.59560     9.2854    23.6742   11.91464 4.1323e-01 0.0000e+00
        551 292.708166    0.03819     2.2917    137.500     39.980  48448.203    30.6550     9.2897     39.602    6.59561     9.2853    23.6743   11.91465 4.0476e-01 0.0000e+00
        552 292.708168    0.03826     2.2958    137.750     40.185  48448.420    30.6551     9.2896     39.805    6.59561     9.2852    23.6744   11.91466 3.9657e-01 0.0000e+00
        553 292.708171    0.03833     2.3000    138.000     40.387  48448.652    30.6552     9.2895     40.005    6.59562     9.2851    23.6744   11.91467 3.8867e-01 0.0000e+00
        554 292.708174    0.03840     2.3042    138.250     40.586  48448.907    30.6553     9.2894     40.202    6.59563     9.2850    23.6745   11.91468 3.8105e-01 0.0000e+00
        555 292.708177    0.03847     2.3083    138.500     40.782  48449.179    30.6554     9.2894     40.397    6.59564     9.2849    23.6746   11.91469 3.7368e-01 0.0000e+00
        556 292.708180    0.03854     2.3125    138.750     40.978  48449.491    30.6555     9.2893     40.591    6.59565     9.2848    23.6747   11.91471 3.6644e-01 0.0000e+00
        557 292.708183    0.03861     2.3167    139.000     41.175  48449.803    30.6556     9.2892     40.786    6.59565     9.2847    23.6748   11.91472 3.5921e-01 0.0000e+00
        558 292.708186    0.03868     2.3208    139.250     41.374  48450.079    30.6557     9.2891     40.983    6.59566     9.2846    23.6749   11.91473 3.5203e-01 0.0000e+00
        559 292.708189    0.03875     2.3250    139.500     41.575  48450.339    30.6558     9.2891     41.182    6.59566     9.2846    23.6750   11.91473 3.4500e-01 0.0000e+00
        560 292.708192    0.03882     2.3292    139.750     41.776  48450.577    30.6559     9.2890     41.381    6.59567     9.2845    23.6751   11.91474 3.3820e-01 0.0000e+00
        561 292.708194    0.03889     2.3333    140.000     41.973  48450.813    30.6560     9.2889     41.577    6.59567     9.2844    23.6752   11.91474 3.3170e-01 0.0000e+00
        562 292.708197    0.03896     2.3375    140.250     42.164  48451.059    30.6560     9.2888     41.766    6.59568     9.2842    23.6752   11.91475 3.2552e-01 0.0000e+00
        563 292.708200    0.03903     2.3417    140.500     42.348  48451.312    30.6561     9.2887     41.948    6.59569     9.2841    23.6753   11.91477 3.1973e-01 0.0000e+00
        564 292.708203    0.03910     2.3458    140.750     42.524  48451.573    30.6562     9.2886     42.122    6.59571     9.2839    23.6754   11.91480 3.1433e-01 0.0000e+00
        565 292.708206    0.03917     2.3500    141.000     42.695  48451.813    30.6563     9.2885     42.292    6.59572     9.2837    23.6755   11.91482 3.0913e-01 0.0000e+00
        566 292.708209    0.03924     2.3542    141.250     42.868  48452.054    30.6564     9.2883     42.463    6.59574     9.2835    23.6756   11.91485 3.0384e-01 0.0000e+00
        567 292.708212    0.03931     2.3583    141.500     43.049  48452.336    30.6565     9.2882     42.642    6.59576     9.2834    23.6757   11.91488 2.9831e-01 0.0000e+00
        568 292.708215    0.03938     2.3625    141.750     43.242  48452.623    30.6566     9.2880     42.834    6.59578     9.2832    23.6758   11.91491 2.9256e-01 0.0000e+00
        569 292.708218    0.03944     2.3667    142.000     43.446  48452.838    30.6566     9.2879     43.035    6.59580     9.2829    23.6758   11.91494 2.8667e-01 0.0000e+00
        570 292.708220    0.03951     2.3708    142.250     43.656  48452.964    30.6566     9.2877     43.244    6.59583     9.2825    23.6758   11.91499 2.8078e-01 0.0000e+00
        571 292.708223    0.03958     2.3750    142.500     43.871  48453.126    30.6566     9.2874     43.456    6.59587     9.2819    23.6759   11.91506 2.7497e-01 0.0000e+00
        572 292.708226    0.03965     2.3792    142.750     44.087  48453.488    30.6567     9.2870     43.669    6.59592     9.2813    23.6760   11.91515 2.6931e-01 0.0000e+00
        573 292.708229    0.03972     2.3833    143.000     44.301  48454.062    30.6569     9.2865     43.881    6.59599     9.2808    23.6763   11.91526 2.6386e-01 0.0000e+00
        574 292.708232    0.03979     2.3875    143.250     44.510  48454.767    30.6573     9.2859     44.088    6.59605     9.2804    23.6767   11.91536 2.5872e-01 0.0000e+00
        575 292.708235    0.03986     2.3917    143.500     44.711  48455.506    30.6576     9.2854     44.287    6.59611     9.2801    23.6770   11.91546 2.5387e-01 0.0000e+00
        576 292.708238    0.03993     2.3958    143.750     44.905  48456.175    30.6579     9.2850     44.480    6.59616     9.2799    23.6773   11.91553 2.4923e-01 0.0000e+00
        577 292.708241    0.04000     2.4000    144.000     45.096  48456.741    30.6582     9.2847     44.670    6.59619     9.2797    23.6776   11.91558 2.4461e-01 0.0000e+00
        578 292.708244    0.04007     2.4042    144.250     45.291  48457.225    30.6585     9.2845     44.863    6.59620     9.2796    23.6778   11.91560 2.3992e-01 0.0000e+00
        579 292.708247    0.04014     2.4083    144.500     45.491  48457.644    30.6587     9.2844     45.061    6.59621     9.2795    23.6780   11.91561 2.3520e-01 0.0000e+00
        580 292.708249    0.04021     2.4125    144.750     45.693  48458.011    30.6588     9.2844     45.261    6.59622     9.2795    23.6782   11.91562 2.3059e-01 0.0000e+00
        581 292.708252    0.04028     2.4167    145.000     45.894  48458.317    30.6590     9.2843     45.459    6.59622     9.2794    23.6783   11.91563 2.2619e-01 0.0000e+00
        582 292.708255    0.04035     2.4208    145.250     46.089  48458.570    30.6590     9.2843     45.653    6.59622     9.2794    23.6783   11.91563 2.2204e-01 0.0000e+00
        583 292.708258    0.04042     2.4250    145.500     46.280  48458.830    30.6591     9.2842     45.842    6.59623     9.2793    23.6784   11.91563 2.1806e-01 0.0000e+00
        584 292.708261    0.04049     2.4292    145.750     46.471  48459.123    30.6592     9.2842     46.031    6.59623     9.2791    23.6785   11.91563 2.1409e-01 0.0000e+00
        585 292.708264    0.04056     2.4333    146.000     46.667  48459.427    30.6593     9.2841     46.226    6.59624     9.2790    23.6786   11.91564 2.1005e-01 0.0000e+00
        586 292.708267    0.04063     2.4375    146.250     46.870  48459.700    30.6594     9.2840     46.427    6.59625     9.2788    23.6787   11.91566 2.0598e-01 0.0000e+00
        587 292.708270    0.04069     2.4417    146.500     47.076  48459.916    30.6595     9.2838     46.631    6.59626     9.2786    23.6788   11.91568 2.0198e-01 0.0000e+00
        588 292.708273    0.04076     2.4458    146.750     47.280  48460.127    30.6596     9.2837     46.833    6.59628     9.2785    23.6788   11.91571 1.9815e-01 0.0000e+00
        589 292.708275    0.04083     2.4500    147.000     47.478  48460.358    30.6596     9.2836     47.029    6.59630     9.2783    23.6789   11.91574 1.9456e-01 0.0000e+00
        590 292.708278    0.04090     2.4542    147.250     47.668  48460.597    30.6597     9.2834     47.217    6.59632     9.2781    23.6790   11.91577 1.9122e-01 0.0000e+00
        591 292.708281    0.04097     2.4583    147.500     47.850  48460.861    30.6598     9.2832     47.397    6.59634     9.2779    23.6791   11.91580 1.8808e-01 0.0000e+00
        592 292.708284    0.04104     2.4625    147.750     48.028  48461.157    30.6599     9.2830     47.574    6.59636     9.2777    23.6792   11.91584 1.8501e-01 0.0000e+00
        593 292.708287    0.04111     2.4667    148.000     48.210  48461.518    30.6600     9.2828     47.754    6.59639     9.2775    23.6794   11.91587 1.8188e-01 0.0000e+00
        594 292.708290    0.04118     2.4708    148.250     48.401  48461.942    30.6602     9.2827     47.943    6.59641     9.2773    23.6795   11.91590 1.7865e-01 0.0000e+00
        595 292.708293    0.04125     2.4750    148.500     48.604  48462.350    30.6604     9.2825     48.144    6.59642     9.2772    23.6797   11.91593 1.7529e-01 0.0000e+00
        596 292.708296    0.04132     2.4792    148.750     48.817  48462.680    30.6605     9.2824     48.355    6.59644     9.2771    23.6798   11.91595 1.7187e-01 0.0000e+00
        597 292.708299    0.04139     2.4833    149.000     49.038  48462.932    30.6606     9.2823     48.574    6.59645     9.2770    23.6799   11.91597 1.6844e-01 0.0000e+00
        598 292.708302    0.04146     2.4875    149.250     49.263  48463.138    30.6607     9.2822     48.796    6.59646     9.2769    23.6799   11.91598 1.6507e-01 0.0000e+00
        599 292.708304    0.04153     2.4917    149.500     49.488  48463.301    30.6607     9.2821     49.019    6.59647     9.2767    23.6799   11.91600 1.6181e-01 0.0000e+00
        600 292.708307    0.04160     2.4958    149.750     49.713  48463.447    30.6606     9.2820     49.242    6.59648     9.2766    23.6799   11.91602 1.5864e-01 0.0000e+00
        601 292.708310    0.04167     2.5000    150.000     49.940  48463.620    30.6606     9.2819     49.467    6.59650     9.2764    23.6800   11.91605 1.5553e-01 0.0000e+00
        602 292.708313    0.04174     2.5042    150.250     50.171  48463.825    30.6607     9.2818     49.695    6.59652     9.2763    23.6800   11.91608 1.5245e-01 0.0000e+00
        603 292.708316    0.04181     2.5083    150.500     50.407  48464.043    30.6607     9.2817     49.929    6.59653     9.2762    23.6801   11.91611 1.4941e-01 0.0000e+00
        604 292.708319    0.04188     2.5125    150.750     50.649  48464.277    30.6608     9.2816     50.169    6.59655     9.2761    23.6801   11.91613 1.4637e-01 0.0000e+00
        605 292.708322    0.04194     2.5167    151.000     50.897  48464.530    30.6608     9.2815     50.415    6.59655     9.2761    23.6802   11.91614 1.4337e-01 0.0000e+00
        606 292.708325    0.04201     2.5208    151.250     51.148  48464.756    30.6609     9.2815     50.664    6.59656     9.2761    23.6802   11.91615 1.4043e-01 0.0000e+00
        607 292.708328    0.04208     2.5250    151.500     51.402  48464.940    30.6609     9.2815     50.915    6.59656     9.2760    23.6803   11.91615 1.3755e-01 0.0000e+00
        608 292.708330    0.04215     2.5292    151.750     51.658  48465.119    30.6609     9.2814     51.169    6.59656     9.2759    23.6803   11.91616 1.3471e-01 0.0000e+00
        609 292.708333    0.04222     2.5333    152.000     51.917  48465.297    30.6609     9.2814     51.426    6.59657     9.2758    23.6803   11.91617 1.3192e-01 0.0000e+00
        610 292.708336    0.04229     2.5375    152.250     52.179  48465.464    30.6609     9.2813     51.684    6.59657     9.2757    23.6803   11.91618 1.2919e-01 0.0000e+00
        611 292.708339    0.04236     2.5417    152.500     52.441  48465.627    30.6609     9.2812     51.944    6.59659     9.2756    23.6803   11.91620 1.2656e-01 0.0000e+00
        612 292.708342    0.04243     2.5458    152.750     52.704  48465.793    30.6609     9.2811     52.205    6.59660     9.2754    23.6804   11.91622 1.2402e-01 0.0000e+00
        613 292.708345    0.04250     2.5500    153.000     52.967  48465.982    30.6609     9.2810     52.465    6.59662     9.2751    23.6804   11.91625 1.2156e-01 0.0000e+00
        614 292.708348    0.04257     2.5542    153.250     53.227  48466.182    30.6609     9.2808     52.723    6.59664     9.2748    23.6805   11.91629 1.1920e-01 0.0000e+00
        615 292.708351    0.04264     2.5583    153.500     53.485  48466.392    30.6609     9.2806     52.978    6.59667     9.2745    23.6805   11.91634 1.1696e-01 0.0000e+00
        616 292.708354    0.04271     2.5625    153.750     53.741  48466.694    30.6610     9.2804     53.231    6.59671     9.2741    23.6806   11.91640 1.1480e-01 0.0000e+00
        617 292.708356    0.04278     2.5667    154.000     53.997  48467.126    30.6612     9.2800     53.486    6.59675     9.2738    23.6808   11.91647 1.1269e-01 0.0000e+00
        618 292.708359    0.04285     2.5708    154.250     54.257  48467.640    30.6614     9.2797     53.743    6.59679     9.2734    23.6810   11.91653 1.1061e-01 0.0000e+00
        619 292.708362    0.04292     2.5750    154.500     54.519  48468.196    30.6616     9.2794     54.002    6.59683     9.2731    23.6812   11.91660 1.0857e-01 0.0000e+00
        620 292.708365    0.04299     2.5792    154.750     54.782  48468.796    30.6618     9.2791     54.263    6.59687     9.2728    23.6815   11.91665 1.0657e-01 0.0000e+00
        621 292.708368    0.04306     2.5833    155.000     55.043  48469.393    30.6621     9.2788     54.522    6.59690     9.2726    23.6817   11.91670 1.0463e-01 0.0000e+00
        622 292.708371    0.04312     2.5875    155.250     55.302  48469.892    30.6623     9.2785     54.778    6.59692     9.2725    23.6819   11.91673 1.0279e-01 0.0000e+00
        623 292.708374    0.04319     2.5917    155.500     55.557  48470.290    30.6625     9.2784     55.031    6.59694     9.2723    23.6821   11.91676 1.0104e-01 0.0000e+00
        624 292.708377    0.04326     2.5958    155.750     55.809  48470.621    30.6626     9.2782     55.280    6.59696     9.2721    23.6822   11.91679 9.9372e-02 0.0000e+00
        625 292.708380    0.04333     2.6000    156.000     56.059  48470.874    30.6626     9.2781     55.527    6.59698     9.2720    23.6823   11.91682 9.7764e-02 0.0000e+00
        626 292.708383    0.04340     2.6042    156.250     56.307  48471.073    30.6626     9.2780     55.773    6.59699     9.2719    23.6823   11.91685 9.6217e-02 0.0000e+00
        627 292.708385    0.04347     2.6083    156.500     56.554  48471.259    30.6626     9.2779     56.017    6.59701     9.2717    23.6823   11.91687 9.4724e-02 0.0000e+00
        628 292.708388    0.04354     2.6125    156.750     56.799  48471.463    30.6627     9.2778     56.261    6.59703     9.2714    23.6823   11.91690 9.3272e-02 0.0000e+00
        629 292.708391    0.04361     2.6167    157.000     57.043  48471.765    30.6628     9.2776     56.502    6.59705     9.2711    23.6824   11.91694 9.1872e-02 0.0000e+00
        630 292.708394    0.04368     2.6208    157.250     57.281  48472.208    30.6629     9.2773     56.737    6.59708     9.2707    23.6826   11.91698 9.0543e-02 0.0000e+00
        631 292.708397    0.04375     2.6250    157.500     57.510  48472.812    30.6632     9.2770     56.964    6.59711     9.2703    23.6829   11.91703 8.9297e-02 0.0000e+00
        632 292.708400    0.04382     2.6292    157.750     57.727  48473.591    30.6637     9.2767     57.179    6.59714     9.2699    23.6833   11.91708 8.8154e-02 0.0000e+00
