CTD-processing/allCTD/CNV--turbid/2015_07-29_t9_north_cast149.cnv
* Sea-Bird SBE19plus Data File:
* FileName = C:\Users\Kris.Holderied\Documents\kasitsna\Research-KBL\Oceanography-AK\CTD-Data-ALL-to-2015-06\2015-CTD-KachemakBay-CookInlet\2015-07-29-CookInlet-HomerSpit-Monthly\2015-07-29-CookInlet-Tran9-cast149.hex
* Software Version 1.59
* Temperature SN =  5028
* Conductivity SN =  5028
* System UpLoad Time = Aug 13 2015 18:53:27
** Cook Inlet LTM Transect 9 (monthly) North to South
** Date (YYYY-MM-DD): 2015-07-29
** Station (ie. 9-01):  North
** Start time (AKDT): 15:45
** Depth (m): 60.7
** Comment:  R/V Barnacle
** Comment:
# nquan = 16
# nvalues = 538                         
# units = specified
# name 0 = scan: Scan Count
# name 1 = timeJ: Julian Days
# name 2 = timeH: Time, Elapsed [hours]
# name 3 = timeM: Time, Elapsed [minutes]
# name 4 = timeS: Time, Elapsed [seconds]
# name 5 = prdM: Pressure, Strain Gauge [db]
# name 6 = specc: Specific Conductance [uS/cm]
# name 7 = sal00: Salinity, Practical [PSU]
# name 8 = tv290C: Temperature [ITS-90, deg C]
# name 9 = depSM: Depth [salt water, m], lat = 59.00
# name 10 = oxsolML/L: Oxygen Saturation, Garcia & Gordon [ml/l]
# name 11 = potemp090C: Potential Temperature [ITS-90, deg C]
# name 12 = sigma-é00: Density [sigma-theta, kg/m^3]
# name 13 = n2satML/L: Nitrogen Saturation [ml/l]
# name 14 = par: PAR/Irradiance, Biospherical/Licor
# name 15 = flag:  0.000e+00
# span 0 =          1,        538       
# span 1 = 210.653368, 210.654922       
# span 2 =    0.00000,    0.03729       
# span 3 =     0.0000,     2.2375       
# span 4 =      0.000,    134.250       
# span 5 =     -0.012,     55.876       
# span 6 =   1136.879,  49321.278       
# span 7 =     0.5607,    31.2820       
# span 8 =     9.3649,    14.8036       
# span 9 =     -0.012,     55.346       
# span 10 =    6.08695,    7.39376      
# span 11 =     9.3590,    14.8035      
# span 12 =    -0.1488,    24.1443      
# span 13 =   11.13883,   13.64499      
# span 14 = 6.8328e-02, 3.6618e+02      
# span 15 = 0.0000e+00, 0.0000e+00      
# interval = seconds: 0.25
# start_time = Jul 29 2015 15:40:51 [Instrument's time stamp, header]
# bad_flag = -9.990e-29
*END*
[from data line 362]
        363 210.654416    0.02514     1.5083     90.500     12.716  48896.930    31.0789    10.0390     12.597    6.46996    10.0161    23.8858   11.70141 8.7353e+00 0.0000e+00
        364 210.654418    0.02521     1.5125     90.750     12.965  48915.285    31.0902    10.0267     12.843    6.47124    10.0112    23.8966   11.70339 8.3240e+00 0.0000e+00
        365 210.654421    0.02528     1.5167     91.000     13.204  48933.897    31.1021    10.0175     13.080    6.47205    10.0104    23.9074   11.70458 7.9508e+00 0.0000e+00
        366 210.654424    0.02535     1.5208     91.250     13.432  48949.227    31.1122    10.0127     13.306    6.47231    10.0125    23.9160   11.70490 7.6140e+00 0.0000e+00
        367 210.654427    0.02542     1.5250     91.500     13.648  48959.776    31.1194    10.0119     13.520    6.47212    10.0160    23.9218   11.70450 7.3114e+00 0.0000e+00
        368 210.654430    0.02549     1.5292     91.750     13.851  48964.865    31.1232    10.0141     13.721    6.47166    10.0192    23.9244   11.70369 7.0416e+00 0.0000e+00
        369 210.654433    0.02556     1.5333     92.000     14.039  48964.969    31.1237    10.0175     13.907    6.47115    10.0214    23.9242   11.70284 6.8040e+00 0.0000e+00
        370 210.654436    0.02562     1.5375     92.250     14.210  48962.345    31.1222    10.0208     14.077    6.47075    10.0227    23.9225   11.70220 6.5994e+00 0.0000e+00
        371 210.654439    0.02569     1.5417     92.500     14.365  48960.629    31.1212    10.0230     14.230    6.47047    10.0240    23.9213   11.70176 6.4249e+00 0.0000e+00
        372 210.654442    0.02576     1.5458     92.750     14.504  48962.234    31.1224    10.0243     14.368    6.47024    10.0264    23.9221   11.70135 6.2691e+00 0.0000e+00
        373 210.654444    0.02583     1.5500     93.000     14.636  48967.734    31.1264    10.0256     14.499    6.46989    10.0309    23.9250   11.70072 6.1160e+00 0.0000e+00
        374 210.654447    0.02590     1.5542     93.250     14.774  48976.687    31.1329    10.0281     14.635    6.46928    10.0374    23.9297   11.69963 5.9521e+00 0.0000e+00
        375 210.654450    0.02597     1.5583     93.500     14.927  48984.775    31.1391    10.0326     14.787    6.46838    10.0445    23.9338   11.69807 5.7708e+00 0.0000e+00
        376 210.654453    0.02604     1.5625     93.750     15.100  48988.069    31.1422    10.0391     14.959    6.46734    10.0513    23.9351   11.69630 5.5728e+00 0.0000e+00
        377 210.654456    0.02611     1.5667     94.000     15.294  48988.764    31.1435    10.0462     15.150    6.46628    10.0577    23.9350   11.69453 5.3634e+00 0.0000e+00
        378 210.654459    0.02618     1.5708     94.250     15.505  48989.305    31.1447    10.0530     15.359    6.46527    10.0636    23.9348   11.69284 5.1491e+00 0.0000e+00
        379 210.654462    0.02625     1.5750     94.500     15.729  48989.108    31.1452    10.0594     15.581    6.46433    10.0687    23.9342   11.69128 4.9359e+00 0.0000e+00
        380 210.654465    0.02632     1.5792     94.750     15.960  48987.608    31.1448    10.0654     15.810    6.46351    10.0731    23.9329   11.68993 4.7281e+00 0.0000e+00
        381 210.654468    0.02639     1.5833     95.000     16.196  48986.108    31.1443    10.0705     16.043    6.46281    10.0771    23.9317   11.68877 4.5281e+00 0.0000e+00
        382 210.654470    0.02646     1.5875     95.250     16.432  48986.164    31.1448    10.0748     16.278    6.46217    10.0816    23.9313   11.68772 4.3360e+00 0.0000e+00
        383 210.654473    0.02653     1.5917     95.500     16.670  48987.937    31.1464    10.0789     16.514    6.46153    10.0865    23.9320   11.68662 4.1503e+00 0.0000e+00
        384 210.654476    0.02660     1.5958     95.750     16.912  48990.006    31.1484    10.0834     16.753    6.46082    10.0916    23.9327   11.68543 3.9682e+00 0.0000e+00
        385 210.654479    0.02667     1.6000     96.000     17.161  48990.362    31.1491    10.0884     16.999    6.46008    10.0961    23.9325   11.68420 3.7878e+00 0.0000e+00
        386 210.654482    0.02674     1.6042     96.250     17.417  48988.859    31.1486    10.0935     17.254    6.45938    10.0998    23.9313   11.68305 3.6090e+00 0.0000e+00
        387 210.654485    0.02681     1.6083     96.500     17.682  48987.047    31.1478    10.0980     17.516    6.45878    10.1026    23.9299   11.68206 3.4335e+00 0.0000e+00
        388 210.654488    0.02688     1.6125     96.750     17.953  48985.480    31.1470    10.1017     17.784    6.45828    10.1046    23.9287   11.68125 3.2637e+00 0.0000e+00
        389 210.654491    0.02694     1.6167     97.000     18.224  48983.646    31.1460    10.1046     18.052    6.45792    10.1059    23.9274   11.68065 3.1028e+00 0.0000e+00
        390 210.654494    0.02701     1.6208     97.250     18.491  48982.168    31.1451    10.1067     18.317    6.45767    10.1067    23.9263   11.68025 2.9532e+00 0.0000e+00
        391 210.654497    0.02708     1.6250     97.500     18.749  48981.965    31.1450    10.1079     18.573    6.45749    10.1076    23.9261   11.67996 2.8164e+00 0.0000e+00
        392 210.654499    0.02715     1.6292     97.750     18.996  48982.716    31.1455    10.1088     18.818    6.45734    10.1085    23.9264   11.67971 2.6918e+00 0.0000e+00
        393 210.654502    0.02722     1.6333     98.000     19.233  48982.909    31.1457    10.1098     19.052    6.45721    10.1088    23.9263   11.67948 2.5765e+00 0.0000e+00
        394 210.654505    0.02729     1.6375     98.250     19.465  48981.228    31.1445    10.1107     19.282    6.45713    10.1083    23.9253   11.67936 2.4672e+00 0.0000e+00
        395 210.654508    0.02736     1.6417     98.500     19.698  48978.361    31.1424    10.1110     19.513    6.45716    10.1069    23.9236   11.67944 2.3613e+00 0.0000e+00
        396 210.654511    0.02743     1.6458     98.750     19.937  48976.039    31.1406    10.1105     19.749    6.45731    10.1051    23.9223   11.67972 2.2574e+00 0.0000e+00
        397 210.654514    0.02750     1.6500     99.000     20.183  48975.034    31.1396    10.1091     19.993    6.45755    10.1033    23.9218   11.68011 2.1551e+00 0.0000e+00
        398 210.654517    0.02757     1.6542     99.250     20.438  48975.270    31.1395    10.1074     20.246    6.45780    10.1017    23.9219   11.68054 2.0545e+00 0.0000e+00
        399 210.654520    0.02764     1.6583     99.500     20.700  48976.419    31.1399    10.1056     20.506    6.45804    10.1006    23.9226   11.68092 1.9565e+00 0.0000e+00
        400 210.654523    0.02771     1.6625     99.750     20.967  48977.906    31.1407    10.1041     20.769    6.45822    10.0998    23.9235   11.68121 1.8624e+00 0.0000e+00
        401 210.654525    0.02778     1.6667    100.000     21.234  48979.335    31.1414    10.1029     21.034    6.45835    10.0993    23.9242   11.68141 1.7729e+00 0.0000e+00
        402 210.654528    0.02785     1.6708    100.250     21.500  48980.654    31.1422    10.1022     21.297    6.45842    10.0989    23.9249   11.68153 1.6882e+00 0.0000e+00
        403 210.654531    0.02792     1.6750    100.500     21.765  48981.803    31.1428    10.1017     21.560    6.45847    10.0986    23.9255   11.68160 1.6081e+00 0.0000e+00
        404 210.654534    0.02799     1.6792    100.750     22.029  48982.847    31.1434    10.1013     21.822    6.45849    10.0984    23.9260   11.68163 1.5318e+00 0.0000e+00
        405 210.654537    0.02806     1.6833    101.000     22.294  48984.096    31.1441    10.1010     22.085    6.45850    10.0982    23.9266   11.68164 1.4588e+00 0.0000e+00
        406 210.654540    0.02813     1.6875    101.250     22.563  48985.667    31.1451    10.1008     22.351    6.45849    10.0980    23.9274   11.68161 1.3885e+00 0.0000e+00
        407 210.654543    0.02819     1.6917    101.500     22.834  48987.381    31.1462    10.1007     22.619    6.45847    10.0978    23.9283   11.68157 1.3212e+00 0.0000e+00
        408 210.654546    0.02826     1.6958    101.750     23.107  48988.954    31.1472    10.1005     22.890    6.45846    10.0976    23.9291   11.68153 1.2569e+00 0.0000e+00
        409 210.654549    0.02833     1.7000    102.000     23.382  48990.209    31.1479    10.1003     23.162    6.45845    10.0975    23.9297   11.68151 1.1958e+00 0.0000e+00
        410 210.654552    0.02840     1.7042    102.250     23.657  48991.085    31.1484    10.1002     23.434    6.45845    10.0973    23.9301   11.68150 1.1378e+00 0.0000e+00
        411 210.654554    0.02847     1.7083    102.500     23.932  48991.508    31.1486    10.1001     23.706    6.45845    10.0970    23.9302   11.68151 1.0827e+00 0.0000e+00
        412 210.654557    0.02854     1.7125    102.750     24.206  48991.492    31.1484    10.1000     23.978    6.45847    10.0964    23.9302   11.68154 1.0305e+00 0.0000e+00
        413 210.654560    0.02861     1.7167    103.000     24.479  48991.303    31.1481    10.0997     24.249    6.45853    10.0956    23.9300   11.68164 9.8098e-01 0.0000e+00
        414 210.654563    0.02868     1.7208    103.250     24.752  48991.314    31.1480    10.0991     24.519    6.45861    10.0948    23.9300   11.68178 9.3407e-01 0.0000e+00
        415 210.654566    0.02875     1.7250    103.500     25.025  48991.523    31.1479    10.0984     24.789    6.45872    10.0939    23.9300   11.68195 8.8962e-01 0.0000e+00
        416 210.654569    0.02882     1.7292    103.750     25.299  48991.641    31.1478    10.0976     25.061    6.45884    10.0930    23.9301   11.68215 8.4720e-01 0.0000e+00
        417 210.654572    0.02889     1.7333    104.000     25.576  48991.472    31.1474    10.0968     25.335    6.45897    10.0919    23.9300   11.68237 8.0640e-01 0.0000e+00
        418 210.654575    0.02896     1.7375    104.250     25.858  48990.799    31.1467    10.0958     25.614    6.45913    10.0903    23.9296   11.68265 7.6706e-01 0.0000e+00
        419 210.654578    0.02903     1.7417    104.500     26.143  48989.317    31.1454    10.0947     25.897    6.45934    10.0878    23.9287   11.68301 7.2931e-01 0.0000e+00
        420 210.654580    0.02910     1.7458    104.750     26.432  48987.008    31.1435    10.0932     26.183    6.45963    10.0840    23.9275   11.68352 6.9336e-01 0.0000e+00
        421 210.654583    0.02917     1.7500    105.000     26.723  48983.878    31.1408    10.0908     26.471    6.46009    10.0784    23.9258   11.68430 6.5940e-01 0.0000e+00
        422 210.654586    0.02924     1.7542    105.250     27.014  48980.485    31.1378    10.0870     26.760    6.46075    10.0713    23.9241   11.68544 6.2743e-01 0.0000e+00
        423 210.654589    0.02931     1.7583    105.500     27.306  48978.027    31.1353    10.0814     27.050    6.46164    10.0629    23.9231   11.68694 5.9727e-01 0.0000e+00
        424 210.654592    0.02937     1.7625    105.750     27.598  48976.579    31.1333    10.0743     27.339    6.46273    10.0534    23.9226   11.68877 5.6880e-01 0.0000e+00
        425 210.654595    0.02944     1.7667    106.000     27.889  48976.569    31.1321    10.0659     27.627    6.46396    10.0438    23.9231   11.69083 5.4208e-01 0.0000e+00
        426 210.654598    0.02951     1.7708    106.250     28.178  48979.500    31.1329    10.0565     27.913    6.46526    10.0348    23.9252   11.69297 5.1711e-01 0.0000e+00
        427 210.654601    0.02958     1.7750    106.500     28.464  48985.584    31.1359    10.0469     28.196    6.46649    10.0270    23.9291   11.69498 4.9381e-01 0.0000e+00
        428 210.654604    0.02965     1.7792    106.750     28.746  48994.409    31.1408    10.0379     28.476    6.46756    10.0211    23.9344   11.69669 4.7212e-01 0.0000e+00
        429 210.654606    0.02972     1.7833    107.000     29.024  49006.550    31.1483    10.0302     28.750    6.46835    10.0178    23.9415   11.69790 4.5203e-01 0.0000e+00
        430 210.654609    0.02979     1.7875    107.250     29.294  49021.313    31.1579    10.0243     29.018    6.46877    10.0168    23.9500   11.69850 4.3350e-01 0.0000e+00
        431 210.654612    0.02986     1.7917    107.500     29.557  49034.933    31.1669    10.0211     29.279    6.46886    10.0168    23.9576   11.69853 4.1638e-01 0.0000e+00
        432 210.654615    0.02993     1.7958    107.750     29.815  49044.574    31.1735    10.0201     29.534    6.46872    10.0167    23.9629   11.69823 4.0042e-01 0.0000e+00
        433 210.654618    0.03000     1.8000    108.000     30.068  49051.327    31.1782    10.0201     29.785    6.46853    10.0162    23.9665   11.69785 3.8531e-01 0.0000e+00
        434 210.654621    0.03007     1.8042    108.250     30.320  49057.533    31.1824    10.0201     30.035    6.46836    10.0156    23.9699   11.69752 3.7078e-01 0.0000e+00
        435 210.654624    0.03014     1.8083    108.500     30.572  49064.290    31.1870    10.0196     30.285    6.46823    10.0149    23.9735   11.69724 3.5676e-01 0.0000e+00
        436 210.654627    0.03021     1.8125    108.750     30.824  49071.443    31.1919    10.0190     30.534    6.46812    10.0141    23.9774   11.69700 3.4336e-01 0.0000e+00
        437 210.654630    0.03028     1.8167    109.000     31.073  49078.522    31.1967    10.0183     30.781    6.46802    10.0129    23.9813   11.69677 3.3065e-01 0.0000e+00
        438 210.654633    0.03035     1.8208    109.250     31.319  49085.317    31.2013    10.0175     31.024    6.46793    10.0107    23.9850   11.69658 3.1856e-01 0.0000e+00
        439 210.654635    0.03042     1.8250    109.500     31.562  49091.150    31.2051    10.0164     31.265    6.46793    10.0062    23.9882   11.69654 3.0691e-01 0.0000e+00
        440 210.654638    0.03049     1.8292    109.750     31.806  49095.129    31.2076    10.0142     31.506    6.46815     9.9985    23.9905   11.69686 2.9561e-01 0.0000e+00
        441 210.654641    0.03056     1.8333    110.000     32.051  49097.585    31.2087    10.0098     31.749    6.46874     9.9876    23.9920   11.69782 2.8462e-01 0.0000e+00
        442 210.654644    0.03062     1.8375    110.250     32.299  49100.000    31.2093    10.0021     31.994    6.46979     9.9741    23.9938   11.69956 2.7390e-01 0.0000e+00
        443 210.654647    0.03069     1.8417    110.500     32.548  49104.042    31.2106     9.9912     32.242    6.47129     9.9596    23.9966   11.70202 2.6346e-01 0.0000e+00
        444 210.654650    0.03076     1.8458    110.750     32.799  49110.478    31.2134     9.9778     32.490    6.47307     9.9452    24.0009   11.70495 2.5331e-01 0.0000e+00
        445 210.654653    0.03083     1.8500    111.000     33.050  49118.327    31.2170     9.9633     32.739    6.47498     9.9312    24.0061   11.70806 2.4352e-01 0.0000e+00
        446 210.654656    0.03090     1.8542    111.250     33.303  49126.249    31.2206     9.9488     32.989    6.47688     9.9183    24.0113   11.71116 2.3420e-01 0.0000e+00
        447 210.654659    0.03097     1.8583    111.500     33.558  49134.511    31.2246     9.9349     33.241    6.47869     9.9068    24.0166   11.71411 2.2542e-01 0.0000e+00
        448 210.654661    0.03104     1.8625    111.750     33.816  49143.767    31.2293     9.9219     33.497    6.48033     9.8972    24.0225   11.71677 2.1715e-01 0.0000e+00
        449 210.654664    0.03111     1.8667    112.000     34.077  49152.957    31.2342     9.9105     33.756    6.48174     9.8892    24.0282   11.71906 2.0932e-01 0.0000e+00
        450 210.654667    0.03118     1.8708    112.250     34.342  49160.570    31.2383     9.9009     34.017    6.48293     9.8822    24.0329   11.72099 2.0188e-01 0.0000e+00
        451 210.654670    0.03125     1.8750    112.500     34.608  49166.252    31.2411     9.8929     34.280    6.48395     9.8759    24.0364   11.72264 1.9478e-01 0.0000e+00
