CTD-processing/allCTD/CNV--turbid/2015_06-26_t9_s07_cast109.cnv
* Sea-Bird SBE19plus Data File:
* FileName = C:\Users\Kris.Holderied\Documents\kasitsna\Research-KBL\Oceanography-AK\CTD-Data-ALL-to-2015-04\2015-CTD-KachemakBay-CookInlet\2015-06-26-CookInlet-HomerSpit-Monthly\2015-06-26-CookInlet-Tran9-cast109.hex
* Software Version 1.59
* Temperature SN =  5028
* Conductivity SN =  5028
* System UpLoad Time = Jul 03 2015 13:42:53
** Cook Inlet LTM Tran 9 (Homer Spit) North to South
** Date: 06-26
** Station: 9-07
** Start time (AKDT): 11:32
** Depth (m): 98.8
** Comment:  R/V Barnacle
** Comment:
# nquan = 16
# nvalues = 712                         
# units = specified
# name 0 = scan: Scan Count
# name 1 = timeJ: Julian Days
# name 2 = timeH: Time, Elapsed [hours]
# name 3 = timeM: Time, Elapsed [minutes]
# name 4 = timeS: Time, Elapsed [seconds]
# name 5 = prdM: Pressure, Strain Gauge [db]
# name 6 = specc: Specific Conductance [uS/cm]
# name 7 = sal00: Salinity, Practical [PSU]
# name 8 = tv290C: Temperature [ITS-90, deg C]
# name 9 = depSM: Depth [salt water, m], lat = 59.00
# name 10 = oxsolML/L: Oxygen Saturation, Garcia & Gordon [ml/l]
# name 11 = potemp090C: Potential Temperature [ITS-90, deg C]
# name 12 = sigma-é00: Density [sigma-theta, kg/m^3]
# name 13 = n2satML/L: Nitrogen Saturation [ml/l]
# name 14 = par: PAR/Irradiance, Biospherical/Licor
# name 15 = flag:  0.000e+00
# span 0 =          1,        712       
# span 1 = 177.480810, 177.482867       
# span 2 =    0.00000,    0.04938       
# span 3 =     0.0000,     2.9625       
# span 4 =      0.000,    177.750       
# span 5 =      0.784,     90.670       
# span 6 =  42079.882,  50109.261       
# span 7 =    26.5739,    31.4725       
# span 8 =     7.1789,    12.9729       
# span 9 =      0.777,     89.803       
# span 10 =    6.21681,    6.88117      
# span 11 =     7.1709,    12.9728      
# span 12 =    19.9053,    24.6178      
# span 13 =   11.32295,   12.37717      
# span 14 = 5.2891e-02, 2.8245e+02      
# span 15 = 0.0000e+00, 0.0000e+00      
# interval = seconds: 0.25
# start_time = Jun 26 2015 11:32:22 [Instrument's time stamp, header]
# bad_flag = -9.990e-29
*END*
[from data line 452]
        453 177.482118    0.03139     1.8833    113.000     27.476  49789.413    31.4220     8.0621     27.218    6.74600     8.0436    24.4566   12.15422 5.3920e-01 0.0000e+00
        454 177.482121    0.03146     1.8875    113.250     27.726  49796.919    31.4257     8.0531     27.465    6.74722     8.0385    24.4608   12.15620 5.2202e-01 0.0000e+00
        455 177.482124    0.03153     1.8917    113.500     27.980  49802.384    31.4284     8.0463     27.717    6.74814     8.0346    24.4639   12.15769 5.0500e-01 0.0000e+00
        456 177.482127    0.03160     1.8958    113.750     28.241  49806.112    31.4301     8.0412     27.975    6.74884     8.0314    24.4659   12.15883 4.8811e-01 0.0000e+00
        457 177.482130    0.03167     1.9000    114.000     28.507  49808.696    31.4311     8.0373     28.239    6.74940     8.0288    24.4673   12.15973 4.7146e-01 0.0000e+00
        458 177.482133    0.03174     1.9042    114.250     28.778  49810.772    31.4320     8.0341     28.507    6.74984     8.0267    24.4684   12.16046 4.5523e-01 0.0000e+00
        459 177.482135    0.03181     1.9083    114.500     29.050  49812.482    31.4326     8.0316     28.777    6.75020     8.0250    24.4693   12.16105 4.3958e-01 0.0000e+00
        460 177.482138    0.03188     1.9125    114.750     29.323  49813.632    31.4330     8.0295     29.047    6.75050     8.0234    24.4699   12.16154 4.2454e-01 0.0000e+00
        461 177.482141    0.03194     1.9167    115.000     29.596  49814.379    31.4331     8.0278     29.318    6.75076     8.0221    24.4703   12.16197 4.1003e-01 0.0000e+00
        462 177.482144    0.03201     1.9208    115.250     29.870  49815.138    31.4333     8.0263     29.589    6.75098     8.0211    24.4706   12.16233 3.9601e-01 0.0000e+00
        463 177.482147    0.03208     1.9250    115.500     30.144  49815.943    31.4335     8.0250     29.860    6.75117     8.0202    24.4710   12.16263 3.8246e-01 0.0000e+00
        464 177.482150    0.03215     1.9292    115.750     30.420  49816.529    31.4337     8.0240     30.133    6.75132     8.0193    24.4713   12.16288 3.6941e-01 0.0000e+00
        465 177.482153    0.03222     1.9333    116.000     30.696  49816.579    31.4334     8.0231     30.407    6.75146     8.0183    24.4712   12.16312 3.5685e-01 0.0000e+00
        466 177.482156    0.03229     1.9375    116.250     30.973  49816.020    31.4328     8.0223     30.681    6.75162     8.0171    24.4708   12.16338 3.4466e-01 0.0000e+00
        467 177.482159    0.03236     1.9417    116.500     31.252  49815.239    31.4320     8.0213     30.957    6.75180     8.0155    24.4703   12.16370 3.3274e-01 0.0000e+00
        468 177.482161    0.03243     1.9458    116.750     31.534  49814.407    31.4311     8.0201     31.236    6.75204     8.0134    24.4698   12.16410 3.2112e-01 0.0000e+00
        469 177.482164    0.03250     1.9500    117.000     31.818  49813.175    31.4298     8.0185     31.518    6.75233     8.0108    24.4690   12.16460 3.0991e-01 0.0000e+00
        470 177.482167    0.03257     1.9542    117.250     32.105  49811.613    31.4283     8.0164     31.802    6.75271     8.0075    24.4681   12.16524 2.9915e-01 0.0000e+00
        471 177.482170    0.03264     1.9583    117.500     32.392  49810.210    31.4268     8.0138     32.087    6.75317     8.0035    24.4673   12.16604 2.8886e-01 0.0000e+00
        472 177.482173    0.03271     1.9625    117.750     32.679  49808.629    31.4250     8.0106     32.370    6.75375     7.9983    24.4664   12.16701 2.7909e-01 0.0000e+00
        473 177.482176    0.03278     1.9667    118.000     32.959  49806.117    31.4225     8.0066     32.648    6.75448     7.9914    24.4650   12.16825 2.7002e-01 0.0000e+00
        474 177.482179    0.03285     1.9708    118.250     33.229  49802.121    31.4188     8.0014     32.916    6.75543     7.9819    24.4628   12.16987 2.6177e-01 0.0000e+00
        475 177.482182    0.03292     1.9750    118.500     33.487  49796.017    31.4133     7.9945     33.171    6.75673     7.9692    24.4595   12.17208 2.5424e-01 0.0000e+00
        476 177.482185    0.03299     1.9792    118.750     33.737  49788.530    31.4065     7.9851     33.419    6.75848     7.9531    24.4554   12.17506 2.4721e-01 0.0000e+00
        477 177.482188    0.03306     1.9833    119.000     33.983  49781.735    31.3996     7.9724     33.663    6.76073     7.9342    24.4518   12.17888 2.4052e-01 0.0000e+00
        478 177.482190    0.03313     1.9875    119.250     34.228  49777.228    31.3938     7.9563     33.906    6.76346     7.9134    24.4496   12.18345 2.3415e-01 0.0000e+00
        479 177.482193    0.03319     1.9917    119.500     34.473  49775.831    31.3897     7.9375     34.148    6.76653     7.8919    24.4490   12.18858 2.2805e-01 0.0000e+00
        480 177.482196    0.03326     1.9958    119.750     34.719  49778.474    31.3882     7.9167     34.391    6.76978     7.8712    24.4507   12.19399 2.2219e-01 0.0000e+00
        481 177.482199    0.03333     2.0000    120.000     34.965  49786.253    31.3901     7.8952     34.635    6.77301     7.8531    24.4553   12.19929 2.1658e-01 0.0000e+00
        482 177.482202    0.03340     2.0042    120.250     35.211  49798.567    31.3953     7.8746     34.878    6.77595     7.8385    24.4623   12.20410 2.1121e-01 0.0000e+00
        483 177.482205    0.03347     2.0083    120.500     35.456  49812.833    31.4022     7.8565     35.121    6.77843     7.8274    24.4703   12.20811 2.0606e-01 0.0000e+00
        484 177.482208    0.03354     2.0125    120.750     35.699  49826.246    31.4092     7.8419     35.362    6.78037     7.8193    24.4778   12.21124 2.0112e-01 0.0000e+00
        485 177.482211    0.03361     2.0167    121.000     35.939  49837.066    31.4148     7.8308     35.600    6.78182     7.8133    24.4838   12.21358 1.9638e-01 0.0000e+00
        486 177.482214    0.03368     2.0208    121.250     36.178  49844.568    31.4187     7.8227     35.837    6.78290     7.8084    24.4879   12.21531 1.9181e-01 0.0000e+00
        487 177.482216    0.03375     2.0250    121.500     36.417  49848.878    31.4206     7.8167     36.074    6.78374     7.8040    24.4903   12.21668 1.8736e-01 0.0000e+00
        488 177.482219    0.03382     2.0292    121.750     36.658  49851.650    31.4216     7.8118     36.312    6.78446     7.8004    24.4918   12.21785 1.8303e-01 0.0000e+00
        489 177.482222    0.03389     2.0333    122.000     36.900  49854.631    31.4229     7.8075     36.552    6.78507     7.7975    24.4934   12.21884 1.7882e-01 0.0000e+00
        490 177.482225    0.03396     2.0375    122.250     37.144  49857.793    31.4244     7.8038     36.794    6.78557     7.7954    24.4951   12.21965 1.7474e-01 0.0000e+00
        491 177.482228    0.03403     2.0417    122.500     37.389  49860.545    31.4258     7.8010     37.036    6.78594     7.7940    24.4965   12.22026 1.7080e-01 0.0000e+00
        492 177.482231    0.03410     2.0458    122.750     37.632  49862.855    31.4270     7.7989     37.277    6.78621     7.7931    24.4977   12.22068 1.6701e-01 0.0000e+00
        493 177.482234    0.03417     2.0500    123.000     37.873  49864.936    31.4281     7.7975     37.516    6.78638     7.7927    24.4988   12.22095 1.6337e-01 0.0000e+00
        494 177.482237    0.03424     2.0542    123.250     38.112  49867.047    31.4293     7.7966     37.753    6.78646     7.7930    24.4999   12.22107 1.5989e-01 0.0000e+00
        495 177.482240    0.03431     2.0583    123.500     38.350  49869.298    31.4307     7.7963     37.988    6.78645     7.7939    24.5011   12.22102 1.5659e-01 0.0000e+00
        496 177.482242    0.03438     2.0625    123.750     38.587  49871.776    31.4324     7.7966     38.223    6.78633     7.7952    24.5024   12.22080 1.5347e-01 0.0000e+00
        497 177.482245    0.03444     2.0667    124.000     38.822  49874.188    31.4341     7.7975     38.455    6.78612     7.7967    24.5036   12.22043 1.5049e-01 0.0000e+00
        498 177.482248    0.03451     2.0708    124.250     39.057  49875.302    31.4350     7.7988     38.688    6.78587     7.7978    24.5041   12.22000 1.4763e-01 0.0000e+00
        499 177.482251    0.03458     2.0750    124.500     39.294  49874.487    31.4346     7.8004     38.922    6.78565     7.7982    24.5036   12.21965 1.4483e-01 0.0000e+00
        500 177.482254    0.03465     2.0792    124.750     39.533  49872.600    31.4333     7.8015     39.160    6.78553     7.7979    24.5024   12.21946 1.4205e-01 0.0000e+00
        501 177.482257    0.03472     2.0833    125.000     39.775  49870.772    31.4320     7.8019     39.399    6.78552     7.7970    24.5013   12.21947 1.3929e-01 0.0000e+00
        502 177.482260    0.03479     2.0875    125.250     40.018  49869.716    31.4311     7.8016     39.640    6.78561     7.7958    24.5007   12.21963 1.3660e-01 0.0000e+00
        503 177.482263    0.03486     2.0917    125.500     40.258  49869.582    31.4308     7.8007     39.878    6.78575     7.7946    24.5005   12.21988 1.3402e-01 0.0000e+00
        504 177.482266    0.03493     2.0958    125.750     40.494  49870.004    31.4308     7.7996     40.111    6.78593     7.7935    24.5007   12.22017 1.3157e-01 0.0000e+00
        505 177.482269    0.03500     2.1000    126.000     40.725  49870.411    31.4308     7.7984     40.340    6.78611     7.7923    24.5009   12.22047 1.2922e-01 0.0000e+00
        506 177.482271    0.03507     2.1042    126.250     40.954  49870.489    31.4306     7.7973     40.567    6.78629     7.7909    24.5009   12.22078 1.2698e-01 0.0000e+00
        507 177.482274    0.03514     2.1083    126.500     41.184  49870.491    31.4303     7.7961     40.795    6.78649     7.7896    24.5008   12.22111 1.2481e-01 0.0000e+00
        508 177.482277    0.03521     2.1125    126.750     41.415  49870.847    31.4302     7.7948     41.024    6.78670     7.7884    24.5009   12.22145 1.2269e-01 0.0000e+00
        509 177.482280    0.03528     2.1167    127.000     41.649  49871.791    31.4305     7.7935     41.256    6.78689     7.7875    24.5014   12.22176 1.2061e-01 0.0000e+00
        510 177.482283    0.03535     2.1208    127.250     41.885  49873.380    31.4313     7.7923     41.490    6.78703     7.7871    24.5022   12.22199 1.1857e-01 0.0000e+00
        511 177.482286    0.03542     2.1250    127.500     42.123  49875.495    31.4326     7.7915     41.726    6.78711     7.7873    24.5033   12.22210 1.1658e-01 0.0000e+00
        512 177.482289    0.03549     2.1292    127.750     42.365  49877.872    31.4341     7.7911     41.965    6.78711     7.7880    24.5045   12.22207 1.1465e-01 0.0000e+00
        513 177.482292    0.03556     2.1333    128.000     42.609  49880.197    31.4356     7.7913     42.207    6.78701     7.7891    24.5057   12.22190 1.1275e-01 0.0000e+00
        514 177.482295    0.03562     2.1375    128.250     42.858  49881.981    31.4369     7.7920     42.452    6.78684     7.7903    24.5066   12.22160 1.1088e-01 0.0000e+00
        515 177.482297    0.03569     2.1417    128.500     43.110  49882.914    31.4376     7.7931     42.702    6.78664     7.7914    24.5070   12.22125 1.0905e-01 0.0000e+00
        516 177.482300    0.03576     2.1458    128.750     43.365  49883.366    31.4380     7.7944     42.956    6.78642     7.7921    24.5071   12.22089 1.0726e-01 0.0000e+00
        517 177.482303    0.03583     2.1500    129.000     43.624  49883.589    31.4382     7.7955     43.212    6.78624     7.7923    24.5071   12.22059 1.0552e-01 0.0000e+00
        518 177.482306    0.03590     2.1542    129.250     43.887  49883.208    31.4379     7.7963     43.472    6.78614     7.7917    24.5068   12.22042 1.0382e-01 0.0000e+00
        519 177.482309    0.03597     2.1583    129.500     44.152  49882.421    31.4373     7.7964     43.735    6.78614     7.7906    24.5063   12.22043 1.0218e-01 0.0000e+00
        520 177.482312    0.03604     2.1625    129.750     44.419  49882.185    31.4369     7.7959     43.999    6.78624     7.7892    24.5061   12.22060 1.0058e-01 0.0000e+00
        521 177.482315    0.03611     2.1667    130.000     44.688  49882.841    31.4371     7.7948     44.265    6.78640     7.7879    24.5064   12.22087 9.9026e-02 0.0000e+00
        522 177.482318    0.03618     2.1708    130.250     44.957  49884.002    31.4375     7.7934     44.532    6.78659     7.7867    24.5070   12.22117 9.7523e-02 0.0000e+00
        523 177.482321    0.03625     2.1750    130.500     45.228  49885.182    31.4380     7.7921     44.800    6.78677     7.7856    24.5075   12.22146 9.6068e-02 0.0000e+00
        524 177.482323    0.03632     2.1792    130.750     45.499  49886.024    31.4383     7.7910     45.069    6.78694     7.7845    24.5079   12.22173 9.4654e-02 0.0000e+00
        525 177.482326    0.03639     2.1833    131.000     45.772  49886.639    31.4384     7.7899     45.339    6.78710     7.7835    24.5082   12.22201 9.3278e-02 0.0000e+00
        526 177.482329    0.03646     2.1875    131.250     46.045  49887.289    31.4386     7.7888     45.609    6.78726     7.7825    24.5085   12.22227 9.1951e-02 0.0000e+00
        527 177.482332    0.03653     2.1917    131.500     46.318  49887.812    31.4387     7.7878     45.880    6.78741     7.7815    24.5087   12.22251 9.0682e-02 0.0000e+00
        528 177.482335    0.03660     2.1958    131.750     46.590  49887.915    31.4385     7.7868     46.150    6.78756     7.7803    24.5086   12.22277 8.9471e-02 0.0000e+00
        529 177.482338    0.03667     2.2000    132.000     46.862  49887.844    31.4381     7.7858     46.418    6.78773     7.7790    24.5085   12.22306 8.8316e-02 0.0000e+00
        530 177.482341    0.03674     2.2042    132.250     47.132  49888.064    31.4380     7.7847     46.686    6.78792     7.7777    24.5085   12.22337 8.7211e-02 0.0000e+00
        531 177.482344    0.03681     2.2083    132.500     47.400  49888.394    31.4379     7.7834     46.951    6.78811     7.7764    24.5086   12.22369 8.6155e-02 0.0000e+00
        532 177.482347    0.03687     2.2125    132.750     47.664  49888.397    31.4376     7.7822     47.213    6.78832     7.7748    24.5086   12.22404 8.5150e-02 0.0000e+00
        533 177.482350    0.03694     2.2167    133.000     47.925  49888.012    31.4370     7.7808     47.471    6.78855     7.7728    24.5083   12.22443 8.4194e-02 0.0000e+00
        534 177.482352    0.03701     2.2208    133.250     48.183  49887.090    31.4360     7.7793     47.726    6.78884     7.7701    24.5077   12.22492 8.3288e-02 0.0000e+00
        535 177.482355    0.03708     2.2250    133.500     48.437  49885.285    31.4343     7.7773     47.979    6.78922     7.7664    24.5067   12.22557 8.2429e-02 0.0000e+00
        536 177.482358    0.03715     2.2292    133.750     48.689  49882.994    31.4322     7.7746     48.228    6.78973     7.7618    24.5054   12.22644 8.1609e-02 0.0000e+00
        537 177.482361    0.03722     2.2333    134.000     48.937  49881.067    31.4301     7.7709     48.474    6.79039     7.7563    24.5043   12.22755 8.0823e-02 0.0000e+00
        538 177.482364    0.03729     2.2375    134.250     49.181  49879.646    31.4283     7.7663     48.716    6.79118     7.7501    24.5035   12.22889 8.0079e-02 0.0000e+00
        539 177.482367    0.03736     2.2417    134.500     49.423  49878.486    31.4265     7.7609     48.955    6.79210     7.7432    24.5028   12.23043 7.9382e-02 0.0000e+00
        540 177.482370    0.03743     2.2458    134.750     49.662  49877.438    31.4246     7.7547     49.192    6.79314     7.7358    24.5023   12.23218 7.8719e-02 0.0000e+00
        541 177.482373    0.03750     2.2500    135.000     49.899  49877.095    31.4232     7.7478     49.427    6.79428     7.7284    24.5021   12.23407 7.8085e-02 0.0000e+00
        542 177.482376    0.03757     2.2542    135.250     50.135  49878.346    31.4227     7.7404     49.661    6.79544     7.7213    24.5027   12.23600 7.7481e-02 0.0000e+00
