CTD-processing/allCTD/CNV--turbid/2015_07-10_t9_s02_cast277.cnv
* Sea-Bird SBE19plus Data File:
* FileName = C:\Users\Kris.Holderied\Documents\kasitsna\Research-KBL\Oceanography-AK\CTD-Data-ALL-to-2015-10\2015-CTD-KachemakBay-CookInlet\2015-07-10-CookInlet-Tran9-HomerSpit\2015-07-10-CookInlet-Tran9-cast277.hex
* Software Version 1.59
* Temperature SN =  4141
* Conductivity SN =  4141
* System UpLoad Time = Nov 02 2015 19:43:03
** Kachemak Bay Intensive Survey - Homer Spit (Tran 9)
** Date (YYYY-MM-DD): 2015-07-10
** Station (ie. 9-01): 9-02
** Start time (AKDT): 11:42
** Depth (m): 75.6
** Comment:  Survey included T9, sub-bays and along-bay line on two boats.
** Comment: R/V Barnacle. KBRR CTD.
# nquan = 16
# nvalues = 541                         
# units = specified
# name 0 = scan: Scan Count
# name 1 = timeJ: Julian Days
# name 2 = timeH: Time, Elapsed [hours]
# name 3 = timeM: Time, Elapsed [minutes]
# name 4 = timeS: Time, Elapsed [seconds]
# name 5 = prdM: Pressure, Strain Gauge [db]
# name 6 = specc: Specific Conductance [uS/cm]
# name 7 = sal00: Salinity, Practical [PSU]
# name 8 = tv290C: Temperature [ITS-90, deg C]
# name 9 = depSM: Depth [salt water, m], lat = 59.00
# name 10 = oxsolML/L: Oxygen Saturation, Garcia & Gordon [ml/l]
# name 11 = potemp090C: Potential Temperature [ITS-90, deg C]
# name 12 = sigma-é00: Density [sigma-theta, kg/m^3]
# name 13 = n2satML/L: Nitrogen Saturation [ml/l]
# name 14 = par: PAR/Irradiance, Biospherical/Licor
# name 15 = flag:  0.000e+00
# span 0 =          1,        541       
# span 1 = 191.488067, 191.489630       
# span 2 =    0.00000,    0.03750       
# span 3 =     0.0000,     2.2500       
# span 4 =      0.000,    135.000       
# span 5 =     -0.140,     63.851       
# span 6 =   2570.718,  49608.838       
# span 7 =     1.3243,    31.3938       
# span 8 =     8.8209,    11.9762       
# span 9 =     -0.139,     63.244       
# span 10 =    6.41858,    7.59740      
# span 11 =     8.8144,    11.9761      
# span 12 =     0.6100,    24.3237      
# span 13 =   11.67588,   13.97904      
# span 14 = 7.0458e-02, 6.2640e+02      
# span 15 = 0.0000e+00, 0.0000e+00      
# interval = seconds: 0.25
# start_time = Jul 10 2015 11:42:49 [Instrument's time stamp, header]
# bad_flag = -9.990e-29
*END*
[from data line 272]
        273 191.488854    0.01889     1.1333     68.000      1.226  43430.624    27.3850    11.2733      1.214    6.44873    11.2648    20.8080   11.71045 2.7187e+02 0.0000e+00
        274 191.488857    0.01896     1.1375     68.250      1.225  43442.385    27.3925    11.2656      1.213    6.44950    11.2638    20.8151   11.71164 2.7047e+02 0.0000e+00
        275 191.488860    0.01903     1.1417     68.500      1.228  43467.643    27.4100    11.2650      1.217    6.44887    11.2590    20.8288   11.71038 2.6930e+02 0.0000e+00
        276 191.488863    0.01910     1.1458     68.750      1.234  43504.132    27.4353    11.2639      1.223    6.44797    11.2514    20.8486   11.70859 2.6854e+02 0.0000e+00
        277 191.488866    0.01917     1.1500     69.000      1.240  43540.726    27.4604    11.2591      1.229    6.44762    11.2435    20.8689   11.70770 2.6895e+02 0.0000e+00
        278 191.488869    0.01924     1.1542     69.250      1.244  43569.022    27.4794    11.2515      1.233    6.44790    11.2378    20.8849   11.70793 2.6979e+02 0.0000e+00
        279 191.488872    0.01931     1.1583     69.500      1.243  43575.461    27.4831    11.2436      1.232    6.44885    11.2368    20.8891   11.70947 2.6975e+02 0.0000e+00
        280 191.488874    0.01938     1.1625     69.750      1.239  43549.673    27.4646    11.2379      1.227    6.45040    11.2413    20.8757   11.71227 2.6988e+02 0.0000e+00
        281 191.488877    0.01944     1.1667     70.000      1.232  43498.054    27.4285    11.2369      1.220    6.45201    11.2496    20.8479   11.71538 2.7063e+02 0.0000e+00
        282 191.488880    0.01951     1.1708     70.250      1.225  43440.707    27.3890    11.2414      1.214    6.45300    11.2587    20.8165   11.71750 2.7158e+02 0.0000e+00
        283 191.488883    0.01958     1.1750     70.500      1.222  43395.657    27.3584    11.2497      1.211    6.45308    11.2655    20.7913   11.71801 2.7332e+02 0.0000e+00
        284 191.488886    0.01965     1.1792     70.750      1.225  43371.970    27.3428    11.2588      1.213    6.45246    11.2677    20.7776   11.71716 2.7485e+02 0.0000e+00
        285 191.488889    0.01972     1.1833     71.000      1.234  43375.007    27.3455    11.2656      1.222    6.45140    11.2637    20.7786   11.71536 2.7472e+02 0.0000e+00
        286 191.488892    0.01979     1.1875     71.250      1.246  43405.500    27.3670    11.2678      1.234    6.45022    11.2540    20.7949   11.71315 2.7356e+02 0.0000e+00
        287 191.488895    0.01986     1.1917     71.500      1.258  43455.527    27.4014    11.2638      1.246    6.44937    11.2410    20.8223   11.71131 2.7220e+02 0.0000e+00
        288 191.488898    0.01993     1.1958     71.750      1.266  43504.275    27.4345    11.2541      1.254    6.44937    11.2292    20.8496   11.71092 2.7096e+02 0.0000e+00
        289 191.488900    0.02000     1.2000     72.000      1.268  43524.293    27.4473    11.2412      1.256    6.45065    11.2218    20.8617   11.71290 2.6982e+02 0.0000e+00
        290 191.488903    0.02007     1.2042     72.250      1.266  43505.940    27.4334    11.2294      1.254    6.45287    11.2181    20.8529   11.71675 2.6849e+02 0.0000e+00
        291 191.488906    0.02014     1.2083     72.500      1.265  43473.489    27.4101    11.2220      1.253    6.45485    11.2127    20.8360   11.72033 2.6638e+02 0.0000e+00
        292 191.488909    0.02021     1.2125     72.750      1.267  43465.789    27.4043    11.2182      1.255    6.45561    11.1985    20.8322   11.72166 2.6371e+02 0.0000e+00
        293 191.488912    0.02028     1.2167     73.000      1.279  43508.996    27.4339    11.2128      1.266    6.45516    11.1673    20.8561   11.72056 2.6049e+02 0.0000e+00
        294 191.488915    0.02035     1.2208     73.250      1.304  43625.499    27.5138    11.1987      1.291    6.45388    11.1097    20.9204   11.71747 2.5552e+02 0.0000e+00
        295 191.488918    0.02042     1.2250     73.500      1.344  43833.228    27.6555    11.1675      1.331    6.45245    11.0185    21.0357   11.71338 2.4913e+02 0.0000e+00
        296 191.488921    0.02049     1.2292     73.750      1.396  44114.178    27.8458    11.1099      1.383    6.45272    10.8942    21.1931   11.71154 2.4223e+02 0.0000e+00
        297 191.488924    0.02056     1.2333     74.000      1.456  44430.179    28.0573    11.0187      1.442    6.45683    10.7492    21.3725   11.71583 2.3509e+02 0.0000e+00
        298 191.488927    0.02063     1.2375     74.250      1.521  44766.876    28.2799    10.8944      1.506    6.46512    10.6038    21.5660   11.72692 2.2755e+02 0.0000e+00
        299 191.488929    0.02069     1.2417     74.500      1.594  45118.768    28.5109    10.7494      1.579    6.47600    10.4758    21.7695   11.74220 2.1906e+02 0.0000e+00
        300 191.488932    0.02076     1.2458     74.750      1.681  45464.457    28.7373    10.6039      1.665    6.48715    10.3727    21.9695   11.75799 2.0901e+02 0.0000e+00
        301 191.488935    0.02083     1.2500     75.000      1.787  45788.768    28.9505    10.4759      1.770    6.49642    10.2917    22.1563   11.77080 1.9702e+02 0.0000e+00
        302 191.488938    0.02090     1.2542     75.250      1.917  46091.003    29.1508    10.3729      1.900    6.50270    10.2241    22.3290   11.77881 1.8405e+02 0.0000e+00
        303 191.488941    0.02097     1.2583     75.500      2.070  46374.343    29.3402    10.2919      2.051    6.50631    10.1609    22.4897   11.78253 1.7150e+02 0.0000e+00
        304 191.488944    0.02104     1.2625     75.750      2.236  46649.967    29.5257    10.2243      2.216    6.50820    10.0961    22.6451   11.78344 1.6040e+02 0.0000e+00
        305 191.488947    0.02111     1.2667     76.000      2.407  46933.343    29.7170    10.1611      2.385    6.50923    10.0261    22.8044   11.78283 1.5123e+02 0.0000e+00
        306 191.488950    0.02118     1.2708     76.250      2.574  47238.586    29.9235    10.0963      2.550    6.50986     9.9500    22.9757   11.78140 1.4382e+02 0.0000e+00
        307 191.488953    0.02125     1.2750     76.500      2.733  47563.917    30.1434    10.0264      2.707    6.51068     9.8706    23.1584   11.78010 1.3771e+02 0.0000e+00
        308 191.488955    0.02132     1.2792     76.750      2.881  47880.224    30.3563     9.9503      2.854    6.51267     9.7935    23.3365   11.78083 1.3247e+02 0.0000e+00
        309 191.488958    0.02139     1.2833     77.000      3.019  48157.046    30.5409     9.8709      2.990    6.51631     9.7242    23.4932   11.78465 1.2788e+02 0.0000e+00
        310 191.488961    0.02146     1.2875     77.250      3.144  48382.676    30.6898     9.7938      3.114    6.52113     9.6667    23.6216   11.79085 1.2386e+02 0.0000e+00
        311 191.488964    0.02153     1.2917     77.500      3.258  48558.690    30.8048     9.7245      3.227    6.52625     9.6218    23.7224   11.79795 1.2025e+02 0.0000e+00
        312 191.488967    0.02160     1.2958     77.750      3.364  48691.683    30.8909     9.6670      3.333    6.53090     9.5877    23.7988   11.80461 1.1680e+02 0.0000e+00
        313 191.488970    0.02167     1.3000     78.000      3.471  48789.918    30.9542     9.6221      3.439    6.53471     9.5614    23.8553   11.81015 1.1326e+02 0.0000e+00
        314 191.488973    0.02174     1.3042     78.250      3.590  48863.062    31.0012     9.5880      3.556    6.53764     9.5403    23.8974   11.81445 1.0951e+02 0.0000e+00
        315 191.488976    0.02181     1.3083     78.500      3.730  48920.726    31.0383     9.5618      3.695    6.53986     9.5231    23.9305   11.81767 1.0559e+02 0.0000e+00
        316 191.488979    0.02187     1.3125     78.750      3.899  48970.384    31.0704     9.5407      3.862    6.54156     9.5101    23.9589   11.82009 1.0159e+02 0.0000e+00
        317 191.488981    0.02194     1.3167     79.000      4.096  49014.678    31.0992     9.5235      4.058    6.54282     9.5016    23.9842   11.82184 9.7616e+01 0.0000e+00
        318 191.488984    0.02201     1.3208     79.250      4.317  49051.230    31.1231     9.5106      4.277    6.54367     9.4967    24.0049   11.82297 9.3776e+01 0.0000e+00
        319 191.488987    0.02208     1.3250     79.500      4.555  49077.878    31.1407     9.5021      4.513    6.54416     9.4944    24.0199   11.82357 9.0144e+01 0.0000e+00
        320 191.488990    0.02215     1.3292     79.750      4.803  49096.728    31.1532     9.4972      4.759    6.54434     9.4939    24.0305   11.82371 8.6743e+01 0.0000e+00
        321 191.488993    0.02222     1.3333     80.000      5.054  49111.748    31.1634     9.4949      5.007    6.54424     9.4948    24.0388   11.82343 8.3553e+01 0.0000e+00
        322 191.488996    0.02229     1.3375     80.250      5.301  49125.717    31.1731     9.4945      5.252    6.54390     9.4970    24.0464   11.82275 8.0569e+01 0.0000e+00
        323 191.488999    0.02236     1.3417     80.500      5.542  49139.961    31.1831     9.4954      5.490    6.54334     9.5001    24.0541   11.82169 7.7790e+01 0.0000e+00
        324 191.489002    0.02243     1.3458     80.750      5.777  49154.121    31.1933     9.4976      5.723    6.54260     9.5037    24.0617   11.82035 7.5164e+01 0.0000e+00
        325 191.489005    0.02250     1.3500     81.000      6.011  49166.507    31.2023     9.5007      5.955    6.54177     9.5075    24.0683   11.81886 7.2624e+01 0.0000e+00
        326 191.489008    0.02257     1.3542     81.250      6.250  49175.788    31.2092     9.5044      6.192    6.54094     9.5110    24.0731   11.81741 7.0141e+01 0.0000e+00
        327 191.489010    0.02264     1.3583     81.500      6.496  49181.860    31.2139     9.5082      6.435    6.54019     9.5138    24.0762   11.81611 6.7711e+01 0.0000e+00
        328 191.489013    0.02271     1.3625     81.750      6.748  49185.697    31.2169     9.5117      6.685    6.53956     9.5160    24.0780   11.81503 6.5332e+01 0.0000e+00
        329 191.489016    0.02278     1.3667     82.000      7.008  49188.424    31.2191     9.5146      6.942    6.53906     9.5176    24.0792   11.81417 6.2999e+01 0.0000e+00
        330 191.489019    0.02285     1.3708     82.250      7.272  49190.378    31.2207     9.5168      7.204    6.53867     9.5186    24.0801   11.81351 6.0725e+01 0.0000e+00
        331 191.489022    0.02292     1.3750     82.500      7.539  49191.535    31.2216     9.5184      7.469    6.53840     9.5191    24.0806   11.81306 5.8525e+01 0.0000e+00
        332 191.489025    0.02299     1.3792     82.750      7.807  49192.174    31.2221     9.5194      7.734    6.53824     9.5192    24.0808   11.81278 5.6396e+01 0.0000e+00
        333 191.489028    0.02306     1.3833     83.000      8.075  49192.671    31.2224     9.5199      8.000    6.53815     9.5192    24.0809   11.81263 5.4329e+01 0.0000e+00
        334 191.489031    0.02313     1.3875     83.250      8.343  49193.143    31.2226     9.5201      8.265    6.53811     9.5192    24.0811   11.81256 5.2316e+01 0.0000e+00
        335 191.489034    0.02319     1.3917     83.500      8.611  49193.548    31.2228     9.5202      8.529    6.53810     9.5192    24.0812   11.81254 5.0359e+01 0.0000e+00
        336 191.489036    0.02326     1.3958     83.750      8.878  49193.871    31.2229     9.5202      8.794    6.53809     9.5192    24.0813   11.81253 4.8469e+01 0.0000e+00
        337 191.489039    0.02333     1.4000     84.000      9.144  49194.118    31.2230     9.5202      9.058    6.53809     9.5193    24.0814   11.81252 4.6653e+01 0.0000e+00
        338 191.489042    0.02340     1.4042     84.250      9.408  49194.300    31.2230     9.5202      9.319    6.53809     9.5193    24.0814   11.81251 4.4920e+01 0.0000e+00
        339 191.489045    0.02347     1.4083     84.500      9.671  49194.273    31.2228     9.5203      9.580    6.53808     9.5193    24.0813   11.81250 4.3258e+01 0.0000e+00
        340 191.489048    0.02354     1.4125     84.750      9.937  49193.868    31.2225     9.5204      9.843    6.53808     9.5191    24.0810   11.81251 4.1633e+01 0.0000e+00
        341 191.489051    0.02361     1.4167     85.000     10.210  49192.910    31.2217     9.5204     10.115    6.53811     9.5185    24.0804   11.81257 4.0025e+01 0.0000e+00
        342 191.489054    0.02368     1.4208     85.250     10.492  49191.100    31.2202     9.5202     10.394    6.53820     9.5171    24.0793   11.81273 3.8437e+01 0.0000e+00
        343 191.489057    0.02375     1.4250     85.500     10.782  49188.163    31.2180     9.5196     10.681    6.53839     9.5146    24.0776   11.81307 3.6879e+01 0.0000e+00
        344 191.489060    0.02382     1.4292     85.750     11.078  49184.026    31.2147     9.5182     10.974    6.53872     9.5108    24.0753   11.81366 3.5355e+01 0.0000e+00
        345 191.489062    0.02389     1.4333     86.000     11.379  49179.725    31.2113     9.5158     11.272    6.53922     9.5061    24.0730   11.81453 3.3865e+01 0.0000e+00
        346 191.489065    0.02396     1.4375     86.250     11.681  49177.138    31.2088     9.5121     11.572    6.53985     9.5008    24.0717   11.81561 3.2416e+01 0.0000e+00
        347 191.489068    0.02403     1.4417     86.500     11.983  49176.667    31.2077     9.5074     11.871    6.54057     9.4951    24.0716   11.81682 3.1023e+01 0.0000e+00
        348 191.489071    0.02410     1.4458     86.750     12.282  49176.846    31.2070     9.5021     12.167    6.54136     9.4889    24.0719   11.81813 2.9695e+01 0.0000e+00
        349 191.489074    0.02417     1.4500     87.000     12.577  49176.804    31.2061     9.4964     12.459    6.54222     9.4821    24.0721   11.81956 2.8437e+01 0.0000e+00
        350 191.489077    0.02424     1.4542     87.250     12.866  49177.291    31.2055     9.4902     12.745    6.54314     9.4748    24.0726   11.82109 2.7252e+01 0.0000e+00
        351 191.489080    0.02431     1.4583     87.500     13.147  49179.064    31.2058     9.4834     13.023    6.54411     9.4672    24.0738   11.82270 2.6139e+01 0.0000e+00
        352 191.489083    0.02438     1.4625     87.750     13.421  49181.967    31.2067     9.4762     13.295    6.54512     9.4593    24.0757   11.82436 2.5087e+01 0.0000e+00
        353 191.489086    0.02444     1.4667     88.000     13.690  49185.668    31.2082     9.4686     13.562    6.54616     9.4509    24.0781   11.82605 2.4085e+01 0.0000e+00
        354 191.489089    0.02451     1.4708     88.250     13.956  49190.177    31.2102     9.4607     13.825    6.54722     9.4416    24.0809   11.82778 2.3133e+01 0.0000e+00
        355 191.489091    0.02458     1.4750     88.500     14.221  49195.622    31.2128     9.4524     14.087    6.54832     9.4312    24.0842   11.82958 2.2228e+01 0.0000e+00
        356 191.489094    0.02465     1.4792     88.750     14.484  49202.532    31.2163     9.4432     14.349    6.54951     9.4195    24.0884   11.83150 2.1361e+01 0.0000e+00
        357 191.489097    0.02472     1.4833     89.000     14.748  49212.056    31.2215     9.4327     14.610    6.55080     9.4070    24.0941   11.83358 2.0525e+01 0.0000e+00
        358 191.489100    0.02479     1.4875     89.250     15.011  49224.780    31.2287     9.4210     14.870    6.55218     9.3944    24.1016   11.83578 1.9717e+01 0.0000e+00
        359 191.489103    0.02486     1.4917     89.500     15.275  49240.351    31.2379     9.4086     15.132    6.55360     9.3825    24.1107   11.83802 1.8932e+01 0.0000e+00
        360 191.489106    0.02493     1.4958     89.750     15.542  49258.006    31.2485     9.3960     15.396    6.55497     9.3716    24.1210   11.84016 1.8167e+01 0.0000e+00
        361 191.489109    0.02500     1.5000     90.000     15.810  49276.642    31.2599     9.3841     15.662    6.55621     9.3620    24.1318   11.84209 1.7427e+01 0.0000e+00
