CTD-processing/allCTD/CNV--turbid/2015_11-04_t3_s15a_cast017.cnv
* Sea-Bird SBE19plus Data File:
* FileName = C:\Users\Kris.Holderied\Documents\kasitsna\Research-KBL\Oceanography-AK\CTD-Data-ALL-to-2015-10\2015-CTD-KachemakBay-CookInlet\2015-11-EVOSTC-CookInlet-quarterly\2015-11-04-CookInlet-Tran3-AnchorPt\2015-11-04-CookInlet-Tran3-cast017.hex
* Software Version 1.59
* Temperature SN =  5028
* Conductivity SN =  5028
* System UpLoad Time = Nov 04 2015 14:06:34
** Cook Inlet LTM Tran3 Anchor Pt  Northwest to Southeast

** Date: 11-04
** Station: 3-15
** Start time (AKST): 10:15
** Depth (m): 20.1
** Comment: Partial drop then full deploy
** Comment: On upcast the cable fouled on the winch. CTD left in             waterthen brought up by hand.
** Comment: M/V Ursus.
# nquan = 16
# nvalues = 750                         
# units = specified
# name 0 = scan: Scan Count
# name 1 = timeJ: Julian Days
# name 2 = timeH: Time, Elapsed [hours]
# name 3 = timeM: Time, Elapsed [minutes]
# name 4 = timeS: Time, Elapsed [seconds]
# name 5 = prdM: Pressure, Strain Gauge [db]
# name 6 = specc: Specific Conductance [uS/cm]
# name 7 = sal00: Salinity, Practical [PSU]
# name 8 = tv290C: Temperature [ITS-90, deg C]
# name 9 = depSM: Depth [salt water, m], lat = 59.00
# name 10 = oxsolML/L: Oxygen Saturation, Garcia & Gordon [ml/l]
# name 11 = potemp090C: Potential Temperature [ITS-90, deg C]
# name 12 = sigma-é00: Density [sigma-theta, kg/m^3]
# name 13 = n2satML/L: Nitrogen Saturation [ml/l]
# name 14 = par: PAR/Irradiance, Biospherical/Licor
# name 15 = flag:  0.000e+00
# span 0 =          1,        750       
# span 1 = 308.427222, 308.429389       
# span 2 =    0.00000,    0.05201       
# span 3 =     0.0000,     3.1208       
# span 4 =      0.000,    187.250       
# span 5 =     -0.059,     22.837       
# span 6 =   2979.299,  48171.726       
# span 7 =     1.5149,    30.3681       
# span 8 =     4.7849,     8.5667       
# span 9 =     -0.059,     22.622       
# span 10 =    6.71562,    8.89460      
# span 11 =     4.7856,     8.5663      
# span 12 =     1.1817,    23.5591      
# span 13 =   12.11696,   16.16050      
# span 14 = 1.2247e+00, 1.1589e+02      
# span 15 = 0.0000e+00, 0.0000e+00      
# interval = seconds: 0.25
# start_time = Nov 04 2015 10:15:12 [Instrument's time stamp, header]
# bad_flag = -9.990e-29
*END*
[from data line 91]
         92 308.427486    0.00632     0.3792     22.750      1.493  47309.467    29.7025     8.0441      1.479    6.82479     8.0597    23.1105   12.30594 4.0537e+01 0.0000e+00
         93 308.427488    0.00639     0.3833     23.000      1.491  47258.096    29.6683     8.0540      1.477    6.82477     8.0575    23.0823   12.30633 4.0966e+01 0.0000e+00
         94 308.427491    0.00646     0.3875     23.250      1.486  47229.097    29.6490     8.0598      1.472    6.82474     8.0411    23.0664   12.30653 4.1834e+01 0.0000e+00
         95 308.427494    0.00653     0.3917     23.500      1.473  47225.517    29.6462     8.0576      1.459    6.82522     8.0041    23.0644   12.30736 4.2874e+01 0.0000e+00
         96 308.427497    0.00660     0.3958     23.750      1.446  47260.702    29.6682     8.0412      1.432    6.82680     7.9514    23.0839   12.30969 4.3843e+01 0.0000e+00
         97 308.427500    0.00667     0.4000     24.000      1.402  47353.815    29.7273     8.0042      1.389    6.82992     7.9071    23.1354   12.31413 4.4721e+01 0.0000e+00
         98 308.427503    0.00674     0.4042     24.250      1.344  47499.080    29.8204     7.9515      1.332    6.83398     7.8952    23.2156   12.31968 4.5567e+01 0.0000e+00
         99 308.427506    0.00681     0.4083     24.500      1.277  47650.211    29.9187     7.9072      1.266    6.83650     7.9191    23.2989   12.32262 4.6491e+01 0.0000e+00
        100 308.427509    0.00688     0.4125     24.750      1.211  47759.207    29.9927     7.8953      1.200    6.83506     7.9624    23.3585   12.31932 4.7436e+01 0.0000e+00
        101 308.427512    0.00694     0.4167     25.000      1.153  47797.191    30.0227     7.9192      1.142    6.83001     8.0015    23.3788   12.31059 4.8148e+01 0.0000e+00
        102 308.427514    0.00701     0.4208     25.250      1.108  47741.803    29.9907     7.9625      1.097    6.82469     8.0149    23.3478   12.30219 4.8650e+01 0.0000e+00
        103 308.427517    0.00708     0.4250     25.500      1.073  47621.001    29.9126     8.0016      1.063    6.82208     7.9906    23.2811   12.29884 4.9048e+01 0.0000e+00
        104 308.427520    0.00715     0.4292     25.750      1.047  47529.372    29.8509     8.0150      1.037    6.82275     7.9372    23.2308   12.30070 4.9283e+01 0.0000e+00
        105 308.427523    0.00722     0.4333     26.000      1.026  47535.650    29.8517     7.9907      1.016    6.82649     7.8807    23.2348   12.30690 4.9222e+01 0.0000e+00
        106 308.427526    0.00729     0.4375     26.250      1.011  47631.754    29.9105     7.9373      1.002    6.83219     7.8457    23.2883   12.31559 4.8827e+01 0.0000e+00
        107 308.427529    0.00736     0.4417     26.500      1.006  47760.930    29.9917     7.8807      0.996    6.83736     7.8427    23.3598   12.32315 4.8570e+01 0.0000e+00
        108 308.427532    0.00743     0.4458     26.750      1.010  47853.069    30.0505     7.8458      1.001    6.84018     7.8626    23.4106   12.32708 4.8916e+01 0.0000e+00
        109 308.427535    0.00750     0.4500     27.000      1.023  47864.520    30.0580     7.8427      1.013    6.84032     7.8827    23.4169   12.32721 4.9437e+01 0.0000e+00
        110 308.427538    0.00757     0.4542     27.250      1.039  47801.034    30.0169     7.8626      1.029    6.83905     7.8808    23.3820   12.32562 4.9388e+01 0.0000e+00
        111 308.427541    0.00764     0.4583     27.500      1.052  47716.209    29.9610     7.8827      1.042    6.83841     7.8496    23.3354   12.32526 4.8765e+01 0.0000e+00
        112 308.427543    0.00771     0.4625     27.750      1.059  47678.495    29.9345     7.8809      1.049    6.83988     7.8027    23.3149   12.32804 4.8126e+01 0.0000e+00
        113 308.427546    0.00778     0.4667     28.000      1.059  47720.112    29.9587     7.8497      1.049    6.84367     7.7623    23.3381   12.33401 4.7706e+01 0.0000e+00
        114 308.427549    0.00785     0.4708     28.250      1.053  47818.463    30.0199     7.8028      1.043    6.84826     7.7443    23.3925   12.34084 4.7482e+01 0.0000e+00
        115 308.427552    0.00792     0.4750     28.500      1.047  47916.689    30.0820     7.7624      1.037    6.85181     7.7554    23.4467   12.34594 4.7753e+01 0.0000e+00
        116 308.427555    0.00799     0.4792     28.750      1.041  47964.115    30.1122     7.7444      1.031    6.85327     7.7907    23.4728   12.34798 4.8353e+01 0.0000e+00
        117 308.427558    0.00806     0.4833     29.000      1.036  47944.771    30.1004     7.7555      1.026    6.85206     7.8388    23.4621   12.34613 4.8521e+01 0.0000e+00
        118 308.427561    0.00813     0.4875     29.250      1.033  47877.713    30.0592     7.7908      1.023    6.84839     7.8921    23.4250   12.34057 4.8288e+01 0.0000e+00
        119 308.427564    0.00819     0.4917     29.500      1.032  47799.511    30.0122     7.8389      1.022    6.84298     7.9470    23.3815   12.33219 4.8148e+01 0.0000e+00
        120 308.427567    0.00826     0.4958     29.750      1.034  47733.217    29.9742     7.8922      1.025    6.83637     7.9981    23.3444   12.32172 4.7970e+01 0.0000e+00
        121 308.427569    0.00833     0.5000     30.000      1.041  47673.977    29.9413     7.9471      1.032    6.82929     8.0372    23.3111   12.31041 4.7477e+01 0.0000e+00
        122 308.427572    0.00840     0.5042     30.250      1.050  47604.709    29.9008     7.9982      1.041    6.82314     8.0575    23.2723   12.30073 4.6918e+01 0.0000e+00
        123 308.427575    0.00847     0.5083     30.500      1.058  47524.733    29.8510     8.0373      1.049    6.81928     8.0549    23.2279   12.29496 4.6634e+01 0.0000e+00
        124 308.427578    0.00854     0.5125     30.750      1.061  47462.205    29.8106     8.0576      1.052    6.81792     8.0300    23.1934   12.29322 4.6507e+01 0.0000e+00
        125 308.427581    0.00861     0.5167     31.000      1.057  47452.874    29.8037     8.0550      1.047    6.81862     7.9951    23.1884   12.29446 4.6396e+01 0.0000e+00
        126 308.427584    0.00868     0.5208     31.250      1.046  47514.679    29.8430     8.0301      1.036    6.82074     7.9705    23.2226   12.29747 4.6521e+01 0.0000e+00
        127 308.427587    0.00875     0.5250     31.500      1.029  47633.175    29.9202     7.9952      1.020    6.82273     7.9715    23.2880   12.29981 4.6912e+01 0.0000e+00
        128 308.427590    0.00882     0.5292     31.750      1.011  47764.908    30.0081     7.9705      1.002    6.82265     8.0020    23.3603   12.29859 4.7165e+01 0.0000e+00
        129 308.427593    0.00889     0.5333     32.000      0.997  47863.056    30.0765     7.9716      0.988    6.81945     8.0524    23.4137   12.29244 4.6950e+01 0.0000e+00
        130 308.427595    0.00896     0.5375     32.250      0.990  47898.309    30.1055     8.0021      0.981    6.81344     8.1060    23.4322   12.28212 4.6308e+01 0.0000e+00
        131 308.427598    0.00903     0.5417     32.500      0.993  47860.681    30.0869     8.0525      0.984    6.80646     8.1487    23.4106   12.27080 4.5635e+01 0.0000e+00
        132 308.427601    0.00910     0.5458     32.750      1.005  47757.131    30.0228     8.1061      0.995    6.80102     8.1735    23.3529   12.26259 4.5385e+01 0.0000e+00
        133 308.427604    0.00917     0.5500     33.000      1.022  47618.652    29.9327     8.1488      1.012    6.79841     8.1763    23.2764   12.25939 4.5533e+01 0.0000e+00
        134 308.427607    0.00924     0.5542     33.250      1.041  47489.916    29.8468     8.1736      1.030    6.79839     8.1529    23.2056   12.26042 4.5589e+01 0.0000e+00
        135 308.427610    0.00931     0.5583     33.500      1.057  47405.866    29.7888     8.1764      1.046    6.80053     8.1063    23.1597   12.26467 4.5275e+01 0.0000e+00
        136 308.427613    0.00937     0.5625     33.750      1.068  47391.280    29.7753     8.1530      1.057    6.80473     8.0513    23.1524   12.27180 4.4761e+01 0.0000e+00
        137 308.427616    0.00944     0.5667     34.000      1.072  47455.740    29.8132     8.1064      1.061    6.81026     8.0071    23.1886   12.28049 4.4345e+01 0.0000e+00
        138 308.427619    0.00951     0.5708     34.250      1.070  47581.560    29.8926     8.0514      1.060    6.81524     7.9871    23.2585   12.28775 4.4231e+01 0.0000e+00
        139 308.427622    0.00958     0.5750     34.500      1.066  47724.951    29.9857     8.0072      1.056    6.81795     7.9962    23.3376   12.29108 4.4412e+01 0.0000e+00
        140 308.427624    0.00965     0.5792     34.750      1.061  47830.210    30.0559     7.9872      1.051    6.81793     8.0288    23.3955   12.29017 4.4818e+01 0.0000e+00
        141 308.427627    0.00972     0.5833     35.000      1.056  47858.274    30.0768     7.9963      1.046    6.81559     8.0708    23.4106   12.28604 4.5302e+01 0.0000e+00
        142 308.427630    0.00979     0.5875     35.250      1.052  47804.722    30.0444     8.0289      1.042    6.81198     8.1086    23.3807   12.28046 4.5690e+01 0.0000e+00
        143 308.427633    0.00986     0.5917     35.500      1.045  47702.620    29.9797     8.0709      1.035    6.80834     8.1343    23.3241   12.27525 4.6189e+01 0.0000e+00
        144 308.427636    0.00993     0.5958     35.750      1.037  47606.173    29.9182     8.1087      1.027    6.80523     8.1473    23.2706   12.27085 4.6990e+01 0.0000e+00
        145 308.427639    0.01000     0.6000     36.000      1.027  47558.057    29.8886     8.1344      1.017    6.80257     8.1547    23.2438   12.26682 4.7879e+01 0.0000e+00
        146 308.427642    0.01007     0.6042     36.250      1.016  47571.996    29.9002     8.1474      1.006    6.80005     8.1657    23.2511   12.26251 4.8584e+01 0.0000e+00
        147 308.427645    0.01014     0.6083     36.500      1.007  47627.622    29.9400     8.1548      0.998    6.79715     8.1856    23.2812   12.25721 4.9036e+01 0.0000e+00
        148 308.427648    0.01021     0.6125     36.750      1.003  47680.950    29.9787     8.1658      0.994    6.79374     8.2128    23.3100   12.25108 4.9276e+01 0.0000e+00
        149 308.427650    0.01028     0.6167     37.000      1.005  47691.935    29.9892     8.1857      0.995    6.79021     8.2409    23.3155   12.24511 4.9246e+01 0.0000e+00
        150 308.427653    0.01035     0.6208     37.250      1.012  47645.720    29.9610     8.2129      1.002    6.78726     8.2651    23.2895   12.24058 4.8829e+01 0.0000e+00
        151 308.427656    0.01042     0.6250     37.500      1.023  47559.598    29.9052     8.2410      1.013    6.78539     8.2840    23.2418   12.23818 4.8005e+01 0.0000e+00
        152 308.427659    0.01049     0.6292     37.750      1.036  47469.651    29.8461     8.2652      1.026    6.78427     8.2964    23.1921   12.23706 4.6913e+01 0.0000e+00
        153 308.427662    0.01056     0.6333     38.000      1.049  47400.820    29.8010     8.2841      1.039    6.78336     8.3001    23.1541   12.23611 4.6033e+01 0.0000e+00
        154 308.427665    0.01063     0.6375     38.250      1.060  47357.169    29.7724     8.2965      1.050    6.78273     8.2951    23.1300   12.23542 4.5721e+01 0.0000e+00
        155 308.427668    0.01069     0.6417     38.500      1.065  47338.917    29.7602     8.3002      1.055    6.78270     8.2851    23.1199   12.23551 4.5519e+01 0.0000e+00
        156 308.427671    0.01076     0.6458     38.750      1.064  47352.509    29.7690     8.2952      1.054    6.78308     8.2765    23.1275   12.23603 4.5135e+01 0.0000e+00
        157 308.427674    0.01083     0.6500     39.000      1.057  47407.066    29.8055     8.2852      1.047    6.78300     8.2752    23.1575   12.23545 4.4972e+01 0.0000e+00
        158 308.427677    0.01090     0.6542     39.250      1.047  47500.442    29.8692     8.2766      1.037    6.78151     8.2833    23.2087   12.23220 4.5150e+01 0.0000e+00
        159 308.427679    0.01097     0.6583     39.500      1.038  47599.814    29.9382     8.2753      1.029    6.77868     8.2969    23.2629   12.22665 4.5547e+01 0.0000e+00
        160 308.427682    0.01104     0.6625     39.750      1.035  47650.868    29.9749     8.2834      1.026    6.77582     8.3081    23.2904   12.22146 4.6171e+01 0.0000e+00
        161 308.427685    0.01111     0.6667     40.000      1.037  47620.616    29.9558     8.2970      1.027    6.77458     8.3093    23.2735   12.21964 4.6803e+01 0.0000e+00
        162 308.427688    0.01118     0.6708     40.250      1.041  47533.820    29.8970     8.3082      1.031    6.77545     8.2956    23.2259   12.22182 4.7111e+01 0.0000e+00
        163 308.427691    0.01125     0.6750     40.500      1.046  47456.967    29.8436     8.3094      1.036    6.77761     8.2692    23.1840   12.22606 4.7299e+01 0.0000e+00
        164 308.427694    0.01132     0.6792     40.750      1.051  47441.710    29.8310     8.2957      1.041    6.78027     8.2412    23.1760   12.23062 4.7918e+01 0.0000e+00
        165 308.427697    0.01139     0.6833     41.000      1.055  47488.644    29.8599     8.2693      1.045    6.78305     8.2221    23.2023   12.23487 4.8798e+01 0.0000e+00
        166 308.427700    0.01146     0.6875     41.250      1.058  47554.201    29.9015     8.2413      1.048    6.78552     8.2146    23.2388   12.23843 4.9285e+01 0.0000e+00
        167 308.427703    0.01153     0.6917     41.500      1.058  47598.535    29.9296     8.2222      1.048    6.78721     8.2166    23.2635   12.24089 4.9290e+01 0.0000e+00
        168 308.427705    0.01160     0.6958     41.750      1.053  47620.748    29.9439     8.2147      1.043    6.78774     8.2268    23.2759   12.24159 4.9252e+01 0.0000e+00
        169 308.427708    0.01167     0.7000     42.000      1.044  47643.621    29.9601     8.2167      1.034    6.78672     8.2448    23.2883   12.23969 4.9353e+01 0.0000e+00
        170 308.427711    0.01174     0.7042     42.250      1.031  47681.978    29.9883     8.2268      1.021    6.78391     8.2697    23.3089   12.23470 4.9152e+01 0.0000e+00
        171 308.427714    0.01181     0.7083     42.500      1.018  47728.353    30.0232     8.2449      1.009    6.77960     8.2980    23.3337   12.22712 4.8468e+01 0.0000e+00
        172 308.427717    0.01188     0.7125     42.750      1.008  47762.774    30.0507     8.2697      0.999    6.77458     8.3255    23.3518   12.21846 4.7855e+01 0.0000e+00
        173 308.427720    0.01194     0.7167     43.000      1.004  47769.413    30.0595     8.2981      0.995    6.76985     8.3486    23.3546   12.21053 4.7746e+01 0.0000e+00
        174 308.427723    0.01201     0.7208     43.250      1.006  47744.115    30.0458     8.3256      0.997    6.76623     8.3652    23.3401   12.20471 4.7905e+01 0.0000e+00
        175 308.427726    0.01208     0.7250     43.500      1.017  47690.109    30.0115     8.3487      1.008    6.76420     8.3756    23.3099   12.20177 4.7887e+01 0.0000e+00
        176 308.427729    0.01215     0.7292     43.750      1.034  47616.844    29.9629     8.3653      1.025    6.76380     8.3816    23.2695   12.20170 4.7420e+01 0.0000e+00
        177 308.427731    0.01222     0.7333     44.000      1.057  47541.590    29.9120     8.3757      1.048    6.76445     8.3845    23.2281   12.20341 4.6520e+01 0.0000e+00
        178 308.427734    0.01229     0.7375     44.250      1.084  47482.262    29.8716     8.3817      1.074    6.76530     8.3829    23.1956   12.20532 4.5553e+01 0.0000e+00
        179 308.427737    0.01236     0.7417     44.500      1.113  47452.304    29.8511     8.3846      1.103    6.76576     8.3770    23.1792   12.20634 4.4688e+01 0.0000e+00
        180 308.427740    0.01243     0.7458     44.750      1.146  47466.781    29.8610     8.3830      1.135    6.76557     8.3720    23.1871   12.20590 4.3641e+01 0.0000e+00
