CTD-processing/allCTD/CNV--turbid/2015_04-12_t3_s14_cast043.cnv
* Sea-Bird SBE19plus Data File:
* FileName = C:\Users\kris.holderied\Documents\kasitsna\Research-Projects-and-Data\Oceanography-AK\CTD-Data-ALL-to-2015-02\2015-CTD-KachemakBay-CookInlet\2015-04-EVOSTC-CookInlet-quarterly\2015-04-12-CookInlet-Tran3-AnchorPt\20125_04_12_CookInlet_Tran3_cast043.hex
* Software Version 1.59
* Temperature SN =  5028
* Conductivity SN =  5028
* System UpLoad Time = Apr 12 2015 19:48:26
** Cook Inlet LTM Tran3 (Anchor Pt) Southeast to Northwest
** Date: 04-12
** Station: 3-14
** Start time (AKDT): 14:57
** Depth (m): 25
** Comment:  KBL CTD.
** Comment: On R/V Pandalus.
# nquan = 16
# nvalues = 385                         
# units = specified
# name 0 = scan: Scan Count
# name 1 = timeJ: Julian Days
# name 2 = timeH: Time, Elapsed [hours]
# name 3 = timeM: Time, Elapsed [minutes]
# name 4 = timeS: Time, Elapsed [seconds]
# name 5 = prdM: Pressure, Strain Gauge [db]
# name 6 = specc: Specific Conductance [uS/cm]
# name 7 = sal00: Salinity, Practical [PSU]
# name 8 = tv290C: Temperature [ITS-90, deg C]
# name 9 = depSM: Depth [salt water, m], lat = 59.00
# name 10 = oxsolML/L: Oxygen Saturation, Garcia & Gordon [ml/l]
# name 11 = potemp090C: Potential Temperature [ITS-90, deg C]
# name 12 = sigma-é00: Density [sigma-theta, kg/m^3]
# name 13 = n2satML/L: Nitrogen Saturation [ml/l]
# name 14 = par: PAR/Irradiance, Biospherical/Licor
# name 15 = flag:  0.000e+00
# span 0 =          1,        385       
# span 1 = 102.623437, 102.624549       
# span 2 =    0.00000,    0.02667       
# span 3 =     0.0000,     1.6000       
# span 4 =      0.000,     96.000       
# span 5 =     -0.200,     25.602       
# span 6 =    525.117,  50550.955       
# span 7 =     0.2433,    31.4258       
# span 8 =     4.1519,     5.5037       
# span 9 =     -0.198,     25.361       
# span 10 =    7.15880,    9.12038      
# span 11 =     4.1519,     5.5024      
# span 12 =     0.1709,    24.8222      
# span 13 =   12.83678,   16.56048      
# span 14 = 1.9914e+00, 1.7673e+02      
# span 15 = 0.0000e+00, 0.0000e+00      
# interval = seconds: 0.25
# start_time = Apr 12 2015 14:57:45 [Instrument's time stamp, header]
# bad_flag = -9.990e-29
*END*
[from data line 272]
        273 102.624225    0.01889     1.1333     68.000      0.603  50477.515    31.3991     5.2398      0.598    7.20438     5.2537    24.7955   12.91221 8.6457e+01 0.0000e+00
        274 102.624227    0.01896     1.1375     68.250      0.605  50469.787    31.3953     5.2470      0.600    7.20332     5.2596    24.7917   12.91052 8.5882e+01 0.0000e+00
        275 102.624230    0.01903     1.1417     68.500      0.621  50461.046    31.3907     5.2538      0.615    7.20238     5.2646    24.7873   12.90901 8.5355e+01 0.0000e+00
        276 102.624233    0.01910     1.1458     68.750      0.652  50452.993    31.3864     5.2596      0.647    7.20158     5.2692    24.7832   12.90774 8.4594e+01 0.0000e+00
        277 102.624236    0.01917     1.1500     69.000      0.700  50446.363    31.3828     5.2646      0.694    7.20089     5.2736    24.7799   12.90665 8.3197e+01 0.0000e+00
        278 102.624239    0.01924     1.1542     69.250      0.760  50441.095    31.3801     5.2692      0.754    7.20024     5.2781    24.7772   12.90562 8.0775e+01 0.0000e+00
        279 102.624242    0.01931     1.1583     69.500      0.828  50436.752    31.3780     5.2736      0.821    7.19958     5.2828    24.7751   12.90456 7.7867e+01 0.0000e+00
        280 102.624245    0.01938     1.1625     69.750      0.897  50432.766    31.3762     5.2781      0.889    7.19889     5.2876    24.7731   12.90344 7.5594e+01 0.0000e+00
        281 102.624248    0.01944     1.1667     70.000      0.960  50429.024    31.3746     5.2829      0.951    7.19816     5.2920    24.7713   12.90225 7.4747e+01 0.0000e+00
        282 102.624251    0.01951     1.1708     70.250      1.009  50426.088    31.3735     5.2877      1.000    7.19739     5.2960    24.7699   12.90100 7.5073e+01 0.0000e+00
        283 102.624253    0.01958     1.1750     70.500      1.040  50424.415    31.3733     5.2921      1.030    7.19665     5.2996    24.7692   12.89977 7.5863e+01 0.0000e+00
        284 102.624256    0.01965     1.1792     70.750      1.047  50424.207    31.3739     5.2960      1.037    7.19594     5.3032    24.7693   12.89859 7.7150e+01 0.0000e+00
        285 102.624259    0.01972     1.1833     71.000      1.030  50425.090    31.3753     5.2997      1.020    7.19525     5.3069    24.7700   12.89743 7.9005e+01 0.0000e+00
        286 102.624262    0.01979     1.1875     71.250      0.993  50425.654    31.3764     5.3033      0.983    7.19458     5.3106    24.7706   12.89631 8.0851e+01 0.0000e+00
        287 102.624265    0.01986     1.1917     71.500      0.941  50424.893    31.3767     5.3070      0.932    7.19393     5.3143    24.7704   12.89524 8.2611e+01 0.0000e+00
        288 102.624268    0.01993     1.1958     71.750      0.881  50422.850    31.3761     5.3107      0.873    7.19331     5.3178    24.7695   12.89422 8.4822e+01 0.0000e+00
        289 102.624271    0.02000     1.2000     72.000      0.820  50420.019    31.3750     5.3144      0.813    7.19274     5.3208    24.7682   12.89328 8.7440e+01 0.0000e+00
        290 102.624274    0.02007     1.2042     72.250      0.764  50417.699    31.3741     5.3179      0.757    7.19219     5.3234    24.7671   12.89239 8.9908e+01 0.0000e+00
        291 102.624277    0.02014     1.2083     72.500      0.715  50417.145    31.3744     5.3208      0.709    7.19167     5.3261    24.7670   12.89152 9.1639e+01 0.0000e+00
        292 102.624280    0.02021     1.2125     72.750      0.673  50418.220    31.3757     5.3235      0.666    7.19115     5.3293    24.7677   12.89066 9.2470e+01 0.0000e+00
        293 102.624282    0.02028     1.2167     73.000      0.635  50419.712    31.3773     5.3262      0.629    7.19061     5.3332    24.7687   12.88975 9.3158e+01 0.0000e+00
        294 102.624285    0.02035     1.2208     73.250      0.600  50419.926    31.3781     5.3294      0.594    7.19002     5.3373    24.7690   12.88876 9.4148e+01 0.0000e+00
        295 102.624288    0.02042     1.2250     73.500      0.568  50417.485    31.3773     5.3332      0.563    7.18941     5.3411    24.7679   12.88775 9.5016e+01 0.0000e+00
        296 102.624291    0.02049     1.2292     73.750      0.543  50412.052    31.3744     5.3374      0.538    7.18884     5.3443    24.7651   12.88685 9.4959e+01 0.0000e+00
        297 102.624294    0.02056     1.2333     74.000      0.532  50403.764    31.3695     5.3412      0.527    7.18842     5.3470    24.7608   12.88622 9.2204e+01 0.0000e+00
        298 102.624297    0.02063     1.2375     74.250      0.545  50392.575    31.3624     5.3444      0.540    7.18821     5.3500    24.7549   12.88597 8.5990e+01 0.0000e+00
        299 102.624300    0.02069     1.2417     74.500      0.589  50380.129    31.3544     5.3471      0.583    7.18813     5.3540    24.7482   12.88594 7.9132e+01 0.0000e+00
        300 102.624303    0.02076     1.2458     74.750      0.661  50370.495    31.3483     5.3500      0.655    7.18792     5.3592    24.7431   12.88567 7.4257e+01 0.0000e+00
        301 102.624306    0.02083     1.2500     75.000      0.755  50364.619    31.3451     5.3540      0.748    7.18739     5.3645    24.7401   12.88483 7.0597e+01 0.0000e+00
        302 102.624308    0.02090     1.2542     75.250      0.857  50359.592    31.3427     5.3593      0.849    7.18660     5.3674    24.7376   12.88356 6.7150e+01 0.0000e+00
        303 102.624311    0.02097     1.2583     75.500      0.955  50356.065    31.3413     5.3646      0.946    7.18577     5.3671    24.7359   12.88221 6.4392e+01 0.0000e+00
        304 102.624314    0.02104     1.2625     75.750      1.042  50358.063    31.3432     5.3675      1.032    7.18518     5.3650    24.7371   12.88121 6.3147e+01 0.0000e+00
        305 102.624317    0.02111     1.2667     76.000      1.113  50367.202    31.3494     5.3672      1.103    7.18494     5.3638    24.7420   12.88074 6.3877e+01 0.0000e+00
        306 102.624320    0.02118     1.2708     76.250      1.169  50382.322    31.3594     5.3651      1.158    7.18482     5.3659    24.7501   12.88041 6.6307e+01 0.0000e+00
        307 102.624323    0.02125     1.2750     76.500      1.212  50401.504    31.3723     5.3639      1.201    7.18440     5.3735    24.7605   12.87955 6.9467e+01 0.0000e+00
        308 102.624326    0.02132     1.2792     76.750      1.253  50423.440    31.3878     5.3660      1.242    7.18330     5.3884    24.7725   12.87753 7.1869e+01 0.0000e+00
        309 102.624329    0.02139     1.2833     77.000      1.309  50447.997    31.4062     5.3736      1.297    7.18111     5.4093    24.7863   12.87368 7.2344e+01 0.0000e+00
        310 102.624332    0.02146     1.2875     77.250      1.393  50466.431    31.4219     5.3885      1.380    7.17782     5.4312    24.7970   12.86804 7.1116e+01 0.0000e+00
        311 102.624334    0.02153     1.2917     77.500      1.507  50465.885    31.4258     5.4094      1.493    7.17406     5.4495    24.7977   12.86179 6.9064e+01 0.0000e+00
        312 102.624337    0.02160     1.2958     77.750      1.644  50450.605    31.4197     5.4313      1.629    7.17062     5.4630    24.7905   12.85618 6.6393e+01 0.0000e+00
        313 102.624340    0.02167     1.3000     78.000      1.799  50433.217    31.4114     5.4497      1.781    7.16790     5.4722    24.7818   12.85179 6.3012e+01 0.0000e+00
        314 102.624343    0.02174     1.3042     78.250      1.971  50419.280    31.4045     5.4631      1.952    7.16594     5.4784    24.7748   12.84864 5.9099e+01 0.0000e+00
        315 102.624346    0.02181     1.3083     78.500      2.165  50409.636    31.3996     5.4723      2.144    7.16460     5.4825    24.7700   12.84649 5.4906e+01 0.0000e+00
        316 102.624349    0.02187     1.3125     78.750      2.388  50403.540    31.3966     5.4785      2.366    7.16369     5.4855    24.7669   12.84503 5.0694e+01 0.0000e+00
        317 102.624352    0.02194     1.3167     79.000      2.647  50400.289    31.3951     5.4827      2.622    7.16305     5.4879    24.7652   12.84400 4.6654e+01 0.0000e+00
        318 102.624355    0.02201     1.3208     79.250      2.944  50399.302    31.3949     5.4857      2.916    7.16255     5.4901    24.7647   12.84317 4.2794e+01 0.0000e+00
        319 102.624358    0.02208     1.3250     79.500      3.278  50399.378    31.3953     5.4881      3.248    7.16212     5.4920    24.7647   12.84245 3.9085e+01 0.0000e+00
        320 102.624361    0.02215     1.3292     79.750      3.646  50399.007    31.3953     5.4904      3.612    7.16174     5.4935    24.7645   12.84183 3.5579e+01 0.0000e+00
        321 102.624363    0.02222     1.3333     80.000      4.044  50397.963    31.3948     5.4923      4.006    7.16144     5.4945    24.7639   12.84133 3.2333e+01 0.0000e+00
        322 102.624366    0.02229     1.3375     80.250      4.468  50397.251    31.3944     5.4938      4.426    7.16120     5.4953    24.7634   12.84094 2.9359e+01 0.0000e+00
        323 102.624369    0.02236     1.3417     80.500      4.915  50397.608    31.3947     5.4949      4.869    7.16100     5.4960    24.7635   12.84061 2.6661e+01 0.0000e+00
        324 102.624372    0.02243     1.3458     80.750      5.379  50398.808    31.3954     5.4957      5.328    7.16083     5.4966    24.7640   12.84031 2.4266e+01 0.0000e+00
        325 102.624375    0.02250     1.3500     81.000      5.852  50400.133    31.3963     5.4964      5.797    7.16067     5.4971    24.7646   12.84004 2.2201e+01 0.0000e+00
        326 102.624378    0.02257     1.3542     81.250      6.326  50401.124    31.3968     5.4971      6.267    7.16053     5.4975    24.7650   12.83980 2.0482e+01 0.0000e+00
        327 102.624381    0.02264     1.3583     81.500      6.794  50401.759    31.3971     5.4976      6.730    7.16041     5.4979    24.7652   12.83961 1.9097e+01 0.0000e+00
        328 102.624384    0.02271     1.3625     81.750      7.245  50402.278    31.3974     5.4981      7.177    7.16032     5.4981    24.7653   12.83945 1.8014e+01 0.0000e+00
        329 102.624387    0.02278     1.3667     82.000      7.672  50402.942    31.3977     5.4985      7.600    7.16024     5.4983    24.7656   12.83932 1.7186e+01 0.0000e+00
        330 102.624389    0.02285     1.3708     82.250      8.066  50403.707    31.3981     5.4988      7.991    7.16017     5.4984    24.7658   12.83921 1.6564e+01 0.0000e+00
        331 102.624392    0.02292     1.3750     82.500      8.427  50404.242    31.3983     5.4990      8.348    7.16013     5.4985    24.7660   12.83912 1.6102e+01 0.0000e+00
        332 102.624395    0.02299     1.3792     82.750      8.755  50404.472    31.3984     5.4992      8.673    7.16010     5.4986    24.7660   12.83907 1.5752e+01 0.0000e+00
        333 102.624398    0.02306     1.3833     83.000      9.056  50404.665    31.3984     5.4993      8.972    7.16008     5.4986    24.7660   12.83904 1.5476e+01 0.0000e+00
        334 102.624401    0.02313     1.3875     83.250      9.334  50404.972    31.3985     5.4993      9.247    7.16006     5.4987    24.7661   12.83901 1.5243e+01 0.0000e+00
        335 102.624404    0.02319     1.3917     83.500      9.590  50405.399    31.3986     5.4994      9.500    7.16004     5.4987    24.7662   12.83898 1.5034e+01 0.0000e+00
        336 102.624407    0.02326     1.3958     83.750      9.817  50405.912    31.3989     5.4994      9.725    7.16002     5.4988    24.7664   12.83895 1.4838e+01 0.0000e+00
        337 102.624410    0.02333     1.4000     84.000     10.014  50406.559    31.3993     5.4995      9.920    7.15999     5.4989    24.7667   12.83889 1.4646e+01 0.0000e+00
        338 102.624413    0.02340     1.4042     84.250     10.192  50407.388    31.3998     5.4996     10.097    7.15996     5.4990    24.7671   12.83882 1.4431e+01 0.0000e+00
        339 102.624416    0.02347     1.4083     84.500     10.376  50408.116    31.4002     5.4997     10.279    7.15992     5.4991    24.7674   12.83875 1.4157e+01 0.0000e+00
        340 102.624418    0.02354     1.4125     84.750     10.595  50408.477    31.4004     5.4998     10.495    7.15989     5.4991    24.7675   12.83870 1.3796e+01 0.0000e+00
        341 102.624421    0.02361     1.4167     85.000     10.868  50408.621    31.4004     5.4999     10.766    7.15987     5.4992    24.7675   12.83868 1.3341e+01 0.0000e+00
        342 102.624424    0.02368     1.4208     85.250     11.195  50408.833    31.4004     5.5000     11.090    7.15986     5.4992    24.7675   12.83866 1.2803e+01 0.0000e+00
        343 102.624427    0.02375     1.4250     85.500     11.564  50409.224    31.4005     5.5000     11.456    7.15984     5.4993    24.7676   12.83863 1.2213e+01 0.0000e+00
        344 102.624430    0.02382     1.4292     85.750     11.958  50409.837    31.4007     5.5001     11.846    7.15982     5.4993    24.7678   12.83859 1.1603e+01 0.0000e+00
        345 102.624433    0.02389     1.4333     86.000     12.367  50410.676    31.4011     5.5002     12.251    7.15979     5.4994    24.7681   12.83853 1.0998e+01 0.0000e+00
        346 102.624436    0.02396     1.4375     86.250     12.782  50411.596    31.4016     5.5003     12.662    7.15975     5.4996    24.7684   12.83846 1.0414e+01 0.0000e+00
        347 102.624439    0.02403     1.4417     86.500     13.199  50412.650    31.4021     5.5004     13.075    7.15970     5.4997    24.7688   12.83837 9.8640e+00 0.0000e+00
        348 102.624442    0.02410     1.4458     86.750     13.613  50413.850    31.4028     5.5005     13.485    7.15964     5.4999    24.7693   12.83827 9.3554e+00 0.0000e+00
        349 102.624444    0.02417     1.4500     87.000     14.020  50414.885    31.4033     5.5007     13.888    7.15959     5.5001    24.7698   12.83817 8.8884e+00 0.0000e+00
        350 102.624447    0.02424     1.4542     87.250     14.416  50415.947    31.4039     5.5010     14.281    7.15952     5.5004    24.7702   12.83806 8.4617e+00 0.0000e+00
        351 102.624450    0.02431     1.4583     87.500     14.798  50417.629    31.4050     5.5012     14.660    7.15943     5.5007    24.7710   12.83789 8.0752e+00 0.0000e+00
        352 102.624453    0.02438     1.4625     87.750     15.162  50419.839    31.4064     5.5015     15.020    7.15931     5.5012    24.7721   12.83767 7.7289e+00 0.0000e+00
        353 102.624456    0.02444     1.4667     88.000     15.506  50421.887    31.4077     5.5019     15.360    7.15918     5.5016    24.7731   12.83745 7.4209e+00 0.0000e+00
        354 102.624459    0.02451     1.4708     88.250     15.828  50423.362    31.4086     5.5023     15.679    7.15906     5.5019    24.7738   12.83724 7.1468e+00 0.0000e+00
        355 102.624462    0.02458     1.4750     88.500     16.132  50424.161    31.4091     5.5028     15.980    7.15897     5.5022    24.7742   12.83707 6.9005e+00 0.0000e+00
        356 102.624465    0.02465     1.4792     88.750     16.422  50424.390    31.4092     5.5031     16.267    7.15890     5.5023    24.7742   12.83696 6.6735e+00 0.0000e+00
        357 102.624468    0.02472     1.4833     89.000     16.704  50424.465    31.4092     5.5034     16.547    7.15886     5.5024    24.7742   12.83689 6.4563e+00 0.0000e+00
        358 102.624470    0.02479     1.4875     89.250     16.987  50424.653    31.4092     5.5035     16.827    7.15883     5.5024    24.7742   12.83684 6.2402e+00 0.0000e+00
        359 102.624473    0.02486     1.4917     89.500     17.277  50424.857    31.4092     5.5036     17.115    7.15881     5.5024    24.7742   12.83681 6.0189e+00 0.0000e+00
        360 102.624476    0.02493     1.4958     89.750     17.582  50424.956    31.4092     5.5037     17.417    7.15880     5.5023    24.7741   12.83680 5.7886e+00 0.0000e+00
        361 102.624479    0.02500     1.5000     90.000     17.907  50424.891    31.4090     5.5037     17.739    7.15881     5.5022    24.7739   12.83681 5.5471e+00 0.0000e+00
