CTD-processing/allCTD/CNV--turbid/2015_07-10_subbays_sadiea_cast289.cnv
* Sea-Bird SBE19plus Data File:
* FileName = C:\Users\Kris.Holderied\Documents\kasitsna\Research-KBL\Oceanography-AK\CTD-Data-ALL-to-2015-10\2015-CTD-KachemakBay-CookInlet\2015-07-10-KachemakBay-Subbays\2015-07-10-KachemakBay-subbays-cast289.hex
* Software Version 1.59
* Temperature SN =  4141
* Conductivity SN =  4141
* System UpLoad Time = Nov 02 2015 20:05:06
** Kachemak Bay Intensive Survey - Sub-bays
** Date: 07-10
** Station: Sadie A
** Start time (AKDT): 17:11
** Depth (m): 32
** Comment:  Survey included T9, sub-bays and along-bay line on two boats.
** Comment: R/V Barnacle. KBRR CTD.  Seldovia done with other boat.
# nquan = 16
# nvalues = 447                         
# units = specified
# name 0 = scan: Scan Count
# name 1 = timeJ: Julian Days
# name 2 = timeH: Time, Elapsed [hours]
# name 3 = timeM: Time, Elapsed [minutes]
# name 4 = timeS: Time, Elapsed [seconds]
# name 5 = prdM: Pressure, Strain Gauge [db]
# name 6 = specc: Specific Conductance [uS/cm]
# name 7 = sal00: Salinity, Practical [PSU]
# name 8 = tv290C: Temperature [ITS-90, deg C]
# name 9 = depSM: Depth [salt water, m], lat = 59.00
# name 10 = oxsolML/L: Oxygen Saturation, Garcia & Gordon [ml/l]
# name 11 = potemp090C: Potential Temperature [ITS-90, deg C]
# name 12 = sigma-é00: Density [sigma-theta, kg/m^3]
# name 13 = n2satML/L: Nitrogen Saturation [ml/l]
# name 14 = par: PAR/Irradiance, Biospherical/Licor
# name 15 = flag:  0.000e+00
# span 0 =          1,        447       
# span 1 = 191.716389, 191.717679       
# span 2 =    0.00000,    0.03097       
# span 3 =     0.0000,     1.8583       
# span 4 =      0.000,    111.500       
# span 5 =     -0.157,     23.419       
# span 6 =    839.065,  49390.308       
# span 7 =     0.4085,    31.3225       
# span 8 =     9.2796,    12.5392       
# span 9 =     -0.156,     23.199       
# span 10 =    6.23322,    7.49202      
# span 11 =     9.2772,    12.5392      
# span 12 =    -0.2029,    24.1971      
# span 13 =   11.33609,   13.81326      
# span 14 = 3.6211e+00, 2.1859e+02      
# span 15 = 0.0000e+00, 0.0000e+00      
# interval = seconds: 0.25
# start_time = Jul 10 2015 17:11:36 [Instrument's time stamp, header]
# bad_flag = -9.990e-29
*END*
[from data line 181]
        182 191.716913    0.01257     0.7542     45.250      1.062  45675.962    29.0476    12.2466      1.052    6.25007    12.2453    21.9264   11.36064 1.4118e+02 0.0000e+00
        183 191.716916    0.01264     0.7583     45.500      1.065  45680.125    29.0505    12.2460      1.055    6.25004    12.2449    21.9288   11.36056 1.4639e+02 0.0000e+00
        184 191.716918    0.01271     0.7625     45.750      1.069  45682.499    29.0521    12.2455      1.059    6.25005    12.2447    21.9301   11.36055 1.4973e+02 0.0000e+00
        185 191.716921    0.01278     0.7667     46.000      1.074  45684.005    29.0531    12.2451      1.064    6.25006    12.2445    21.9309   11.36055 1.5188e+02 0.0000e+00
        186 191.716924    0.01285     0.7708     46.250      1.078  45686.198    29.0546    12.2448      1.068    6.25003    12.2443    21.9322   11.36049 1.5339e+02 0.0000e+00
        187 191.716927    0.01292     0.7750     46.500      1.081  45689.538    29.0570    12.2446      1.071    6.24997    12.2440    21.9340   11.36036 1.5452e+02 0.0000e+00
        188 191.716930    0.01299     0.7792     46.750      1.083  45693.129    29.0595    12.2444      1.073    6.24990    12.2436    21.9360   11.36022 1.5574e+02 0.0000e+00
        189 191.716933    0.01306     0.7833     47.000      1.084  45696.053    29.0615    12.2441      1.074    6.24985    12.2432    21.9376   11.36012 1.5713e+02 0.0000e+00
        190 191.716936    0.01313     0.7875     47.250      1.085  45698.244    29.0630    12.2438      1.074    6.24984    12.2428    21.9389   11.36007 1.5849e+02 0.0000e+00
        191 191.716939    0.01319     0.7917     47.500      1.086  45700.069    29.0643    12.2434      1.076    6.24984    12.2424    21.9399   11.36007 1.5981e+02 0.0000e+00
        192 191.716942    0.01326     0.7958     47.750      1.089  45701.917    29.0655    12.2429      1.079    6.24985    12.2419    21.9410   11.36006 1.6103e+02 0.0000e+00
        193 191.716944    0.01333     0.8000     48.000      1.091  45704.113    29.0670    12.2425      1.081    6.24985    12.2414    21.9422   11.36004 1.6205e+02 0.0000e+00
        194 191.716947    0.01340     0.8042     48.250      1.093  45706.811    29.0689    12.2421      1.083    6.24983    12.2408    21.9437   11.36000 1.6286e+02 0.0000e+00
        195 191.716950    0.01347     0.8083     48.500      1.092  45709.932    29.0711    12.2416      1.082    6.24982    12.2401    21.9455   11.35994 1.6375e+02 0.0000e+00
        196 191.716953    0.01354     0.8125     48.750      1.089  45713.318    29.0734    12.2410      1.079    6.24981    12.2393    21.9474   11.35990 1.6464e+02 0.0000e+00
        197 191.716956    0.01361     0.8167     49.000      1.085  45716.753    29.0758    12.2402      1.074    6.24981    12.2384    21.9494   11.35987 1.6486e+02 0.0000e+00
        198 191.716959    0.01368     0.8208     49.250      1.080  45719.917    29.0779    12.2394      1.070    6.24983    12.2375    21.9512   11.35988 1.6481e+02 0.0000e+00
        199 191.716962    0.01375     0.8250     49.500      1.076  45722.645    29.0798    12.2386      1.066    6.24987    12.2366    21.9527   11.35993 1.6506e+02 0.0000e+00
        200 191.716965    0.01382     0.8292     49.750      1.074  45725.020    29.0814    12.2376      1.064    6.24993    12.2358    21.9541   11.36001 1.6501e+02 0.0000e+00
        201 191.716968    0.01389     0.8333     50.000      1.073  45727.188    29.0828    12.2367      1.063    6.24999    12.2349    21.9554   11.36009 1.6462e+02 0.0000e+00
        202 191.716970    0.01396     0.8375     50.250      1.072  45729.274    29.0842    12.2359      1.062    6.25005    12.2341    21.9567   11.36017 1.6430e+02 0.0000e+00
        203 191.716973    0.01403     0.8417     50.500      1.071  45731.347    29.0856    12.2350      1.061    6.25011    12.2333    21.9579   11.36025 1.6354e+02 0.0000e+00
        204 191.716976    0.01410     0.8458     50.750      1.069  45733.403    29.0870    12.2342      1.059    6.25017    12.2325    21.9591   11.36033 1.6250e+02 0.0000e+00
        205 191.716979    0.01417     0.8500     51.000      1.066  45735.386    29.0883    12.2334      1.056    6.25022    12.2318    21.9603   11.36041 1.6173e+02 0.0000e+00
        206 191.716982    0.01424     0.8542     51.250      1.063  45737.219    29.0895    12.2326      1.053    6.25028    12.2313    21.9614   11.36048 1.6080e+02 0.0000e+00
        207 191.716985    0.01431     0.8583     51.500      1.062  45738.780    29.0906    12.2319      1.052    6.25033    12.2308    21.9624   11.36056 1.6012e+02 0.0000e+00
        208 191.716988    0.01438     0.8625     51.750      1.061  45740.018    29.0914    12.2314      1.051    6.25037    12.2305    21.9631   11.36062 1.6019e+02 0.0000e+00
        209 191.716991    0.01444     0.8667     52.000      1.062  45741.032    29.0921    12.2309      1.052    6.25040    12.2302    21.9637   11.36066 1.6023e+02 0.0000e+00
        210 191.716994    0.01451     0.8708     52.250      1.063  45741.922    29.0927    12.2306      1.053    6.25042    12.2300    21.9642   11.36069 1.6022e+02 0.0000e+00
        211 191.716997    0.01458     0.8750     52.500      1.065  45742.789    29.0933    12.2303      1.055    6.25043    12.2298    21.9647   11.36070 1.6056e+02 0.0000e+00
        212 191.716999    0.01465     0.8792     52.750      1.064  45743.764    29.0939    12.2301      1.054    6.25044    12.2295    21.9653   11.36070 1.6107e+02 0.0000e+00
        213 191.717002    0.01472     0.8833     53.000      1.062  45744.838    29.0947    12.2299      1.052    6.25044    12.2292    21.9659   11.36069 1.6173e+02 0.0000e+00
        214 191.717005    0.01479     0.8875     53.250      1.058  45745.843    29.0953    12.2296      1.048    6.25044    12.2290    21.9665   11.36069 1.6245e+02 0.0000e+00
        215 191.717008    0.01486     0.8917     53.500      1.052  45746.571    29.0958    12.2293      1.042    6.25046    12.2287    21.9669   11.36072 1.6298e+02 0.0000e+00
        216 191.717011    0.01493     0.8958     53.750      1.048  45746.928    29.0960    12.2291      1.038    6.25049    12.2285    21.9671   11.36077 1.6325e+02 0.0000e+00
        217 191.717014    0.01500     0.9000     54.000      1.046  45746.946    29.0960    12.2288      1.036    6.25053    12.2284    21.9672   11.36083 1.6362e+02 0.0000e+00
        218 191.717017    0.01507     0.9042     54.250      1.048  45746.678    29.0958    12.2286      1.038    6.25056    12.2284    21.9670   11.36089 1.6417e+02 0.0000e+00
        219 191.717020    0.01514     0.9083     54.500      1.053  45746.257    29.0955    12.2285      1.043    6.25058    12.2285    21.9668   11.36093 1.6465e+02 0.0000e+00
        220 191.717023    0.01521     0.9125     54.750      1.059  45745.928    29.0953    12.2285      1.049    6.25059    12.2285    21.9666   11.36095 1.6530e+02 0.0000e+00
        221 191.717025    0.01528     0.9167     55.000      1.066  45745.944    29.0953    12.2286      1.056    6.25059    12.2284    21.9666   11.36093 1.6621e+02 0.0000e+00
        222 191.717028    0.01535     0.9208     55.250      1.071  45746.380    29.0956    12.2286      1.061    6.25057    12.2284    21.9668   11.36090 1.6694e+02 0.0000e+00
        223 191.717031    0.01542     0.9250     55.500      1.072  45747.100    29.0961    12.2286      1.062    6.25055    12.2282    21.9672   11.36086 1.6769e+02 0.0000e+00
        224 191.717034    0.01549     0.9292     55.750      1.072  45747.874    29.0966    12.2285      1.062    6.25054    12.2280    21.9677   11.36084 1.6869e+02 0.0000e+00
        225 191.717037    0.01556     0.9333     56.000      1.071  45748.440    29.0970    12.2284      1.061    6.25054    12.2278    21.9680   11.36084 1.6927e+02 0.0000e+00
        226 191.717040    0.01563     0.9375     56.250      1.071  45748.665    29.0972    12.2282      1.061    6.25056    12.2276    21.9681   11.36088 1.6933e+02 0.0000e+00
        227 191.717043    0.01569     0.9417     56.500      1.073  45748.544    29.0971    12.2279      1.063    6.25060    12.2276    21.9681   11.36094 1.6953e+02 0.0000e+00
        228 191.717046    0.01576     0.9458     56.750      1.079  45748.104    29.0968    12.2278      1.069    6.25063    12.2276    21.9679   11.36100 1.6978e+02 0.0000e+00
        229 191.717049    0.01583     0.9500     57.000      1.087  45747.517    29.0963    12.2277      1.077    6.25066    12.2277    21.9675   11.36104 1.6989e+02 0.0000e+00
        230 191.717052    0.01590     0.9542     57.250      1.095  45747.234    29.0961    12.2278      1.085    6.25066    12.2278    21.9674   11.36105 1.7004e+02 0.0000e+00
        231 191.717054    0.01597     0.9583     57.500      1.101  45747.650    29.0964    12.2279      1.090    6.25063    12.2278    21.9676   11.36101 1.7014e+02 0.0000e+00
        232 191.717057    0.01604     0.9625     57.750      1.101  45748.524    29.0971    12.2279      1.091    6.25060    12.2277    21.9681   11.36095 1.7010e+02 0.0000e+00
        233 191.717060    0.01611     0.9667     58.000      1.097  45749.331    29.0976    12.2279      1.087    6.25058    12.2276    21.9685   11.36091 1.6988e+02 0.0000e+00
        234 191.717063    0.01618     0.9708     58.250      1.091  45749.798    29.0979    12.2278      1.081    6.25057    12.2275    21.9688   11.36090 1.6953e+02 0.0000e+00
        235 191.717066    0.01625     0.9750     58.500      1.086  45749.903    29.0980    12.2277      1.076    6.25058    12.2275    21.9689   11.36091 1.6926e+02 0.0000e+00
        236 191.717069    0.01632     0.9792     58.750      1.084  45749.643    29.0978    12.2276      1.074    6.25060    12.2275    21.9687   11.36095 1.6887e+02 0.0000e+00
        237 191.717072    0.01639     0.9833     59.000      1.087  45749.023    29.0974    12.2276      1.077    6.25063    12.2275    21.9684   11.36099 1.6853e+02 0.0000e+00
        238 191.717075    0.01646     0.9875     59.250      1.092  45748.208    29.0968    12.2276      1.082    6.25065    12.2275    21.9679   11.36103 1.6841e+02 0.0000e+00
        239 191.717078    0.01653     0.9917     59.500      1.099  45747.600    29.0964    12.2276      1.089    6.25066    12.2276    21.9676   11.36106 1.6851e+02 0.0000e+00
        240 191.717080    0.01660     0.9958     59.750      1.102  45747.665    29.0964    12.2276      1.092    6.25066    12.2276    21.9676   11.36105 1.6910e+02 0.0000e+00
        241 191.717083    0.01667     1.0000     60.000      1.101  45748.319    29.0969    12.2277      1.091    6.25064    12.2276    21.9680   11.36101 1.6986e+02 0.0000e+00
        242 191.717086    0.01674     1.0042     60.250      1.095  45748.854    29.0973    12.2277      1.085    6.25062    12.2276    21.9683   11.36098 1.7054e+02 0.0000e+00
        243 191.717089    0.01681     1.0083     60.500      1.087  45748.743    29.0972    12.2277      1.076    6.25062    12.2277    21.9682   11.36098 1.7121e+02 0.0000e+00
        244 191.717092    0.01688     1.0125     60.750      1.079  45747.997    29.0967    12.2278      1.069    6.25064    12.2277    21.9678   11.36101 1.7175e+02 0.0000e+00
        245 191.717095    0.01694     1.0167     61.000      1.076  45746.764    29.0958    12.2278      1.066    6.25067    12.2278    21.9672   11.36106 1.7234e+02 0.0000e+00
        246 191.717098    0.01701     1.0208     61.250      1.079  45745.179    29.0947    12.2279      1.068    6.25070    12.2280    21.9663   11.36113 1.7295e+02 0.0000e+00
        247 191.717101    0.01708     1.0250     61.500      1.086  45743.614    29.0936    12.2280      1.076    6.25073    12.2281    21.9654   11.36119 1.7344e+02 0.0000e+00
        248 191.717104    0.01715     1.0292     61.750      1.096  45742.618    29.0929    12.2281      1.086    6.25074    12.2282    21.9648   11.36122 1.7427e+02 0.0000e+00
        249 191.717106    0.01722     1.0333     62.000      1.103  45742.503    29.0928    12.2282      1.093    6.25073    12.2284    21.9647   11.36120 1.7574e+02 0.0000e+00
        250 191.717109    0.01729     1.0375     62.250      1.106  45743.134    29.0933    12.2284      1.096    6.25068    12.2286    21.9651   11.36112 1.7743e+02 0.0000e+00
        251 191.717112    0.01736     1.0417     62.500      1.103  45744.089    29.0940    12.2286      1.093    6.25063    12.2288    21.9656   11.36103 1.7898e+02 0.0000e+00
        252 191.717115    0.01743     1.0458     62.750      1.095  45744.948    29.0946    12.2288      1.085    6.25058    12.2290    21.9660   11.36093 1.8009e+02 0.0000e+00
        253 191.717118    0.01750     1.0500     63.000      1.086  45745.385    29.0950    12.2290      1.076    6.25055    12.2291    21.9662   11.36087 1.8022e+02 0.0000e+00
        254 191.717121    0.01757     1.0542     63.250      1.078  45745.227    29.0949    12.2291      1.068    6.25053    12.2292    21.9661   11.36085 1.7944e+02 0.0000e+00
        255 191.717124    0.01764     1.0583     63.500      1.075  45744.505    29.0944    12.2292      1.065    6.25054    12.2293    21.9657   11.36086 1.7883e+02 0.0000e+00
        256 191.717127    0.01771     1.0625     63.750      1.079  45743.410    29.0936    12.2293      1.069    6.25055    12.2295    21.9651   11.36090 1.7882e+02 0.0000e+00
        257 191.717130    0.01778     1.0667     64.000      1.087  45742.321    29.0928    12.2294      1.077    6.25056    12.2296    21.9645   11.36092 1.7906e+02 0.0000e+00
        258 191.717133    0.01785     1.0708     64.250      1.097  45741.693    29.0924    12.2296      1.087    6.25056    12.2298    21.9642   11.36092 1.7973e+02 0.0000e+00
        259 191.717135    0.01792     1.0750     64.500      1.105  45741.784    29.0925    12.2298      1.095    6.25054    12.2299    21.9642   11.36089 1.8088e+02 0.0000e+00
        260 191.717138    0.01799     1.0792     64.750      1.107  45742.526    29.0930    12.2299      1.097    6.25050    12.2301    21.9646   11.36081 1.8192e+02 0.0000e+00
        261 191.717141    0.01806     1.0833     65.000      1.103  45743.579    29.0938    12.2301      1.093    6.25045    12.2302    21.9652   11.36072 1.8258e+02 0.0000e+00
        262 191.717144    0.01812     1.0875     65.250      1.094  45744.525    29.0944    12.2302      1.084    6.25040    12.2303    21.9657   11.36063 1.8284e+02 0.0000e+00
        263 191.717147    0.01819     1.0917     65.500      1.083  45745.000    29.0948    12.2304      1.073    6.25037    12.2304    21.9659   11.36058 1.8286e+02 0.0000e+00
        264 191.717150    0.01826     1.0958     65.750      1.075  45744.822    29.0947    12.2305      1.064    6.25036    12.2305    21.9658   11.36057 1.8271e+02 0.0000e+00
        265 191.717153    0.01833     1.1000     66.000      1.072  45743.989    29.0941    12.2305      1.062    6.25038    12.2306    21.9653   11.36060 1.8245e+02 0.0000e+00
        266 191.717156    0.01840     1.1042     66.250      1.077  45742.701    29.0932    12.2306      1.067    6.25040    12.2308    21.9646   11.36065 1.8262e+02 0.0000e+00
        267 191.717159    0.01847     1.1083     66.500      1.087  45741.449    29.0923    12.2308      1.077    6.25042    12.2310    21.9639   11.36068 1.8351e+02 0.0000e+00
        268 191.717161    0.01854     1.1125     66.750      1.098  45740.804    29.0919    12.2309      1.088    6.25041    12.2312    21.9635   11.36068 1.8490e+02 0.0000e+00
        269 191.717164    0.01861     1.1167     67.000      1.106  45741.070    29.0921    12.2311      1.095    6.25037    12.2315    21.9637   11.36062 1.8649e+02 0.0000e+00
        270 191.717167    0.01868     1.1208     67.250      1.107  45742.036    29.0928    12.2314      1.097    6.25031    12.2317    21.9642   11.36052 1.8789e+02 0.0000e+00
        271 191.717170    0.01875     1.1250     67.500      1.103  45743.210    29.0936    12.2316      1.092    6.25025    12.2320    21.9648   11.36039 1.8893e+02 0.0000e+00
