CTD-processing/allCTD/CNV--turbid/2015_07-10_t9_s06_cast273.cnv
* Sea-Bird SBE19plus Data File:
* FileName = C:\Users\Kris.Holderied\Documents\kasitsna\Research-KBL\Oceanography-AK\CTD-Data-ALL-to-2015-10\2015-CTD-KachemakBay-CookInlet\2015-07-10-CookInlet-Tran9-HomerSpit\2015-07-10-CookInlet-Tran9-cast273.hex
* Software Version 1.59
* Temperature SN =  4141
* Conductivity SN =  4141
* System UpLoad Time = Nov 02 2015 19:37:24
** Kachemak Bay Intensive Survey - Homer Spit (Tran 9)
** Date (YYYY-MM-DD): 2015-07-10
** Station (ie. 9-01):  9-06
** Start time (AKDT): 10:53
** Depth (m): 98.8
** Comment:  Survey included T9, sub-bays and along-bay line on two boats.
** Comment: R/V Barnacle. KBRR CTD.
# nquan = 16
# nvalues = 812                         
# units = specified
# name 0 = scan: Scan Count
# name 1 = timeJ: Julian Days
# name 2 = timeH: Time, Elapsed [hours]
# name 3 = timeM: Time, Elapsed [minutes]
# name 4 = timeS: Time, Elapsed [seconds]
# name 5 = prdM: Pressure, Strain Gauge [db]
# name 6 = specc: Specific Conductance [uS/cm]
# name 7 = sal00: Salinity, Practical [PSU]
# name 8 = tv290C: Temperature [ITS-90, deg C]
# name 9 = depSM: Depth [salt water, m], lat = 59.00
# name 10 = oxsolML/L: Oxygen Saturation, Garcia & Gordon [ml/l]
# name 11 = potemp090C: Potential Temperature [ITS-90, deg C]
# name 12 = sigma-é00: Density [sigma-theta, kg/m^3]
# name 13 = n2satML/L: Nitrogen Saturation [ml/l]
# name 14 = par: PAR/Irradiance, Biospherical/Licor
# name 15 = flag:  0.000e+00
# span 0 =          1,        812       
# span 1 = 191.454051, 191.456398       
# span 2 =    0.00000,    0.05632       
# span 3 =     0.0000,     3.3792       
# span 4 =      0.000,    202.750       
# span 5 =     -0.142,    101.266       
# span 6 =    685.539,  49804.168       
# span 7 =     0.3306,    31.4161       
# span 8 =     7.8861,    11.8744       
# span 9 =     -0.141,    100.295       
# span 10 =    6.38275,    7.69736      
# span 11 =     7.8771,    11.8744      
# span 12 =    -0.1351,    24.4435      
# span 13 =   11.59968,   14.16236      
# span 14 = 3.6382e-02, 5.5399e+02      
# span 15 = 0.0000e+00, 0.0000e+00      
# interval = seconds: 0.25
# start_time = Jul 10 2015 10:53:50 [Instrument's time stamp, header]
# bad_flag = -9.990e-29
*END*
[from data line 452]
        453 191.455359    0.03139     1.8833    113.000     11.378  48970.289    31.0760     9.6077     11.272    6.53165     9.6093    23.9528   11.80362 2.6282e+01 0.0000e+00
        454 191.455362    0.03146     1.8875    113.250     11.741  48969.965    31.0760     9.6102     11.631    6.53129     9.6078    23.9524   11.80304 2.4959e+01 0.0000e+00
        455 191.455365    0.03153     1.8917    113.500     12.106  48969.337    31.0754     9.6106     11.993    6.53126     9.6048    23.9519   11.80299 2.3685e+01 0.0000e+00
        456 191.455367    0.03160     1.8958    113.750     12.473  48968.748    31.0747     9.6092     12.356    6.53149     9.6003    23.9516   11.80339 2.2460e+01 0.0000e+00
        457 191.455370    0.03167     1.9000    114.000     12.838  48968.587    31.0740     9.6062     12.718    6.53195     9.5945    23.9515   11.80415 2.1288e+01 0.0000e+00
        458 191.455373    0.03174     1.9042    114.250     13.203  48969.477    31.0739     9.6018     13.079    6.53260     9.5874    23.9522   11.80522 2.0169e+01 0.0000e+00
        459 191.455376    0.03181     1.9083    114.500     13.565  48971.878    31.0747     9.5959     13.438    6.53340     9.5794    23.9537   11.80655 1.9101e+01 0.0000e+00
        460 191.455379    0.03188     1.9125    114.750     13.925  48976.269    31.0767     9.5889     13.795    6.53433     9.5711    23.9564   11.80806 1.8079e+01 0.0000e+00
        461 191.455382    0.03194     1.9167    115.000     14.287  48983.265    31.0804     9.5809     14.153    6.53532     9.5628    23.9605   11.80965 1.7100e+01 0.0000e+00
        462 191.455385    0.03201     1.9208    115.250     14.650  48992.818    31.0859     9.5726     14.513    6.53628     9.5546    23.9661   11.81119 1.6161e+01 0.0000e+00
        463 191.455388    0.03208     1.9250    115.500     15.016  49003.830    31.0924     9.5644     14.876    6.53719     9.5462    23.9725   11.81262 1.5263e+01 0.0000e+00
        464 191.455391    0.03215     1.9292    115.750     15.384  49015.995    31.0997     9.5563     15.240    6.53806     9.5379    23.9795   11.81396 1.4407e+01 0.0000e+00
        465 191.455394    0.03222     1.9333    116.000     15.751  49030.147    31.1084     9.5479     15.604    6.53890     9.5302    23.9877   11.81525 1.3594e+01 0.0000e+00
        466 191.455396    0.03229     1.9375    116.250     16.117  49045.671    31.1181     9.5396     15.966    6.53970     9.5236    23.9965   11.81645 1.2828e+01 0.0000e+00
        467 191.455399    0.03236     1.9417    116.500     16.482  49060.991    31.1277     9.5320     16.327    6.54040     9.5180    24.0053   11.81749 1.2109e+01 0.0000e+00
        468 191.455402    0.03243     1.9458    116.750     16.844  49075.767    31.1371     9.5254     16.686    6.54095     9.5135    24.0136   11.81829 1.1436e+01 0.0000e+00
        469 191.455405    0.03250     1.9500    117.000     17.199  49090.756    31.1467     9.5198     17.038    6.54135     9.5108    24.0221   11.81884 1.0812e+01 0.0000e+00
        470 191.455408    0.03257     1.9542    117.250     17.543  49106.940    31.1574     9.5154     17.379    6.54154     9.5104    24.0311   11.81903 1.0240e+01 0.0000e+00
        471 191.455411    0.03264     1.9583    117.500     17.870  49123.907    31.1688     9.5127     17.703    6.54145     9.5123    24.0405   11.81873 9.7309e+00 0.0000e+00
        472 191.455414    0.03271     1.9625    117.750     18.177  49138.706    31.1791     9.5124     18.007    6.54107     9.5157    24.0485   11.81798 9.2828e+00 0.0000e+00
        473 191.455417    0.03278     1.9667    118.000     18.469  49148.757    31.1863     9.5143     18.296    6.54048     9.5195    24.0538   11.81693 8.8760e+00 0.0000e+00
        474 191.455420    0.03285     1.9708    118.250     18.763  49154.554    31.1907     9.5177     18.587    6.53981     9.5230    24.0567   11.81575 8.4826e+00 0.0000e+00
        475 191.455422    0.03292     1.9750    118.500     19.073  49158.620    31.1939     9.5215     18.894    6.53912     9.5259    24.0587   11.81457 8.0867e+00 0.0000e+00
        476 191.455425    0.03299     1.9792    118.750     19.403  49163.399    31.1976     9.5250     19.221    6.53845     9.5283    24.0610   11.81343 7.6895e+00 0.0000e+00
        477 191.455428    0.03306     1.9833    119.000     19.747  49170.215    31.2026     9.5280     19.562    6.53781     9.5300    24.0645   11.81230 7.2979e+00 0.0000e+00
        478 191.455431    0.03313     1.9875    119.250     20.102  49180.184    31.2098     9.5304     19.914    6.53716     9.5312    24.0697   11.81114 6.9169e+00 0.0000e+00
        479 191.455434    0.03319     1.9917    119.500     20.466  49195.836    31.2209     9.5321     20.273    6.53645     9.5330    24.0781   11.80983 6.5492e+00 0.0000e+00
        480 191.455437    0.03326     1.9958    119.750     20.836  49219.997    31.2379     9.5334     20.640    6.53555     9.5373    24.0912   11.80815 6.1979e+00 0.0000e+00
        481 191.455440    0.03333     2.0000    120.000     21.210  49250.776    31.2597     9.5353     21.011    6.53437     9.5450    24.1079   11.80592 5.8660e+00 0.0000e+00
        482 191.455443    0.03340     2.0042    120.250     21.586  49281.420    31.2817     9.5396     21.383    6.53282     9.5564    24.1244   11.80310 5.5537e+00 0.0000e+00
        483 191.455446    0.03347     2.0083    120.500     21.963  49308.243    31.3014     9.5474     21.756    6.53087     9.5710    24.1386   11.79962 5.2605e+00 0.0000e+00
        484 191.455448    0.03354     2.0125    120.750     22.340  49332.041    31.3195     9.5588     22.129    6.52847     9.5886    24.1509   11.79543 4.9859e+00 0.0000e+00
        485 191.455451    0.03361     2.0167    121.000     22.715  49351.649    31.3351     9.5735     22.501    6.52570     9.6079    24.1608   11.79065 4.7292e+00 0.0000e+00
        486 191.455454    0.03368     2.0208    121.250     23.089  49365.579    31.3471     9.5911     22.871    6.52267     9.6279    24.1674   11.78550 4.4886e+00 0.0000e+00
        487 191.455457    0.03375     2.0250    121.500     23.462  49375.339    31.3564     9.6104     23.240    6.51951     9.6481    24.1715   11.78015 4.2608e+00 0.0000e+00
        488 191.455460    0.03382     2.0292    121.750     23.833  49382.891    31.3642     9.6304     23.609    6.51631     9.6681    24.1744   11.77475 4.0455e+00 0.0000e+00
        489 191.455463    0.03389     2.0333    122.000     24.204  49388.953    31.3710     9.6506     23.976    6.51312     9.6875    24.1765   11.76939 3.8432e+00 0.0000e+00
        490 191.455466    0.03396     2.0375    122.250     24.573  49392.662    31.3761     9.6707     24.342    6.51003     9.7054    24.1773   11.76420 3.6510e+00 0.0000e+00
        491 191.455469    0.03403     2.0417    122.500     24.941  49392.787    31.3786     9.6902     24.706    6.50714     9.7211    24.1761   11.75939 3.4669e+00 0.0000e+00
        492 191.455472    0.03410     2.0458    122.750     25.305  49390.025    31.3789     9.7082     25.066    6.50456     9.7347    24.1735   11.75511 3.2943e+00 0.0000e+00
        493 191.455475    0.03417     2.0500    123.000     25.661  49388.174    31.3795     9.7239     25.419    6.50228     9.7469    24.1714   11.75134 3.1367e+00 0.0000e+00
        494 191.455477    0.03424     2.0542    123.250     26.006  49390.149    31.3825     9.7375     25.761    6.50021     9.7582    24.1716   11.74787 2.9932e+00 0.0000e+00
        495 191.455480    0.03431     2.0583    123.500     26.340  49393.682    31.3865     9.7498     26.092    6.49829     9.7678    24.1727   11.74465 2.8605e+00 0.0000e+00
        496 191.455483    0.03438     2.0625    123.750     26.670  49395.679    31.3892     9.7610     26.419    6.49657     9.7751    24.1731   11.74176 2.7344e+00 0.0000e+00
        497 191.455486    0.03444     2.0667    124.000     27.002  49396.077    31.3906     9.7707     26.748    6.49513     9.7794    24.1726   11.73936 2.6126e+00 0.0000e+00
        498 191.455489    0.03451     2.0708    124.250     27.339  49395.125    31.3907     9.7780     27.082    6.49408     9.7801    24.1716   11.73762 2.4950e+00 0.0000e+00
        499 191.455492    0.03458     2.0750    124.500     27.682  49392.604    31.3894     9.7823     27.421    6.49352     9.7771    24.1698   11.73671 2.3820e+00 0.0000e+00
        500 191.455495    0.03465     2.0792    124.750     28.027  49389.046    31.3868     9.7832     27.763    6.49351     9.7701    24.1677   11.73672 2.2751e+00 0.0000e+00
        501 191.455498    0.03472     2.0833    125.000     28.373  49385.189    31.3836     9.7802     28.106    6.49408     9.7591    24.1656   11.73769 2.1743e+00 0.0000e+00
        502 191.455501    0.03479     2.0875    125.250     28.716  49380.660    31.3794     9.7732     28.445    6.49524     9.7440    24.1634   11.73968 2.0789e+00 0.0000e+00
        503 191.455503    0.03486     2.0917    125.500     29.055  49376.493    31.3748     9.7622     28.781    6.49700     9.7261    24.1617   11.74266 1.9884e+00 0.0000e+00
        504 191.455506    0.03493     2.0958    125.750     29.393  49376.213    31.3725     9.7472     29.116    6.49924     9.7067    24.1623   11.74640 1.9012e+00 0.0000e+00
        505 191.455509    0.03500     2.1000    126.000     29.730  49380.156    31.3728     9.7292     29.450    6.50180     9.6869    24.1654   11.75062 1.8169e+00 0.0000e+00
        506 191.455512    0.03507     2.1042    126.250     30.068  49385.824    31.3741     9.7099     29.785    6.50451     9.6670    24.1695   11.75509 1.7359e+00 0.0000e+00
        507 191.455515    0.03514     2.1083    126.500     30.413  49392.112    31.3758     9.6902     30.126    6.50726     9.6471    24.1740   11.75964 1.6569e+00 0.0000e+00
        508 191.455518    0.03521     2.1125    126.750     30.766  49398.055    31.3772     9.6703     30.477    6.51004     9.6268    24.1783   11.76422 1.5788e+00 0.0000e+00
        509 191.455521    0.03528     2.1167    127.000     31.127  49401.981    31.3772     9.6505     30.834    6.51289     9.6057    24.1815   11.76893 1.5020e+00 0.0000e+00
        510 191.455524    0.03535     2.1208    127.250     31.492  49405.730    31.3770     9.6301     31.195    6.51581     9.5852    24.1846   11.77378 1.4272e+00 0.0000e+00
        511 191.455527    0.03542     2.1250    127.500     31.860  49413.792    31.3798     9.6091     31.559    6.51871     9.5668    24.1901   11.77854 1.3556e+00 0.0000e+00
        512 191.455530    0.03549     2.1292    127.750     32.229  49425.552    31.3852     9.5887     31.925    6.52142     9.5508    24.1976   11.78295 1.2894e+00 0.0000e+00
        513 191.455532    0.03556     2.1333    128.000     32.600  49436.796    31.3905     9.5703     32.293    6.52384     9.5369    24.2046   11.78690 1.2280e+00 0.0000e+00
        514 191.455535    0.03562     2.1375    128.250     32.973  49445.349    31.3942     9.5544     32.662    6.52597     9.5242    24.2101   11.79039 1.1700e+00 0.0000e+00
        515 191.455538    0.03569     2.1417    128.500     33.346  49451.198    31.3963     9.5404     33.031    6.52789     9.5123    24.2139   11.79354 1.1152e+00 0.0000e+00
        516 191.455541    0.03576     2.1458    128.750     33.717  49455.413    31.3974     9.5278     33.400    6.52966     9.5012    24.2168   11.79646 1.0625e+00 0.0000e+00
        517 191.455544    0.03583     2.1500    129.000     34.086  49459.261    31.3984     9.5160     33.765    6.53132     9.4910    24.2195   11.79920 1.0116e+00 0.0000e+00
        518 191.455547    0.03590     2.1542    129.250     34.450  49464.186    31.4002     9.5049     34.126    6.53285     9.4824    24.2227   11.80171 9.6364e-01 0.0000e+00
        519 191.455550    0.03597     2.1583    129.500     34.808  49470.754    31.4034     9.4947     34.480    6.53418     9.4755    24.2267   11.80387 9.1850e-01 0.0000e+00
        520 191.455553    0.03604     2.1625    129.750     35.160  49477.208    31.4066     9.4861     34.828    6.53528     9.4700    24.2306   11.80565 8.7637e-01 0.0000e+00
        521 191.455556    0.03611     2.1667    130.000     35.505  49482.146    31.4090     9.4793     35.170    6.53617     9.4655    24.2336   11.80709 8.3692e-01 0.0000e+00
        522 191.455558    0.03618     2.1708    130.250     35.846  49486.072    31.4109     9.4738     35.508    6.53688     9.4620    24.2359   11.80825 7.9958e-01 0.0000e+00
        523 191.455561    0.03625     2.1750    130.500     36.190  49489.745    31.4127     9.4693     35.849    6.53744     9.4596    24.2381   11.80916 7.6434e-01 0.0000e+00
        524 191.455564    0.03632     2.1792    130.750     36.537  49493.328    31.4146     9.4659     36.192    6.53785     9.4581    24.2401   11.80982 7.3100e-01 0.0000e+00
        525 191.455567    0.03639     2.1833    131.000     36.882  49495.901    31.4160     9.4635     36.534    6.53814     9.4569    24.2415   11.81027 6.9879e-01 0.0000e+00
        526 191.455570    0.03646     2.1875    131.250     37.229  49496.535    31.4161     9.4620     36.877    6.53835     9.4553    24.2419   11.81063 6.6762e-01 0.0000e+00
        527 191.455573    0.03653     2.1917    131.500     37.579  49495.061    31.4147     9.4608     37.224    6.53858     9.4529    24.2410   11.81102 6.3796e-01 0.0000e+00
        528 191.455576    0.03660     2.1958    131.750     37.934  49492.181    31.4123     9.4593     37.576    6.53890     9.4494    24.2394   11.81158 6.0954e-01 0.0000e+00
        529 191.455579    0.03667     2.2000    132.000     38.292  49488.836    31.4095     9.4570     37.931    6.53936     9.4445    24.2376   11.81237 5.8248e-01 0.0000e+00
        530 191.455582    0.03674     2.2042    132.250     38.653  49484.441    31.4058     9.4535     38.288    6.54001     9.4374    24.2352   11.81350 5.5708e-01 0.0000e+00
        531 191.455584    0.03681     2.2083    132.500     39.016  49477.561    31.4001     9.4486     38.647    6.54096     9.4272    24.2316   11.81515 5.3263e-01 0.0000e+00
        532 191.455587    0.03687     2.2125    132.750     39.377  49467.872    31.3922     9.4415     39.005    6.54232     9.4133    24.2265   11.81750 5.0842e-01 0.0000e+00
        533 191.455590    0.03694     2.2167    133.000     39.736  49456.181    31.3824     9.4314     39.361    6.54420     9.3946    24.2204   11.82072 4.8465e-01 0.0000e+00
        534 191.455593    0.03701     2.2208    133.250     40.095  49441.656    31.3702     9.4175     39.716    6.54674     9.3698    24.2130   11.82507 4.6177e-01 0.0000e+00
        535 191.455596    0.03708     2.2250    133.500     40.455  49422.350    31.3539     9.3989     40.073    6.55012     9.3388    24.2033   11.83087 4.4004e-01 0.0000e+00
        536 191.455599    0.03715     2.2292    133.750     40.818  49404.841    31.3380     9.3741     40.433    6.55438     9.3043    24.1948   11.83811 4.1959e-01 0.0000e+00
        537 191.455602    0.03722     2.2333    134.000     41.184  49399.437    31.3298     9.3432     40.795    6.55922     9.2700    24.1932   11.84623 4.0042e-01 0.0000e+00
        538 191.455605    0.03729     2.2375    134.250     41.553  49406.089    31.3296     9.3087     41.160    6.56424     9.2382    24.1984   11.85454 3.8227e-01 0.0000e+00
        539 191.455608    0.03736     2.2417    134.500     41.922  49418.101    31.3332     9.2744     41.526    6.56907     9.2084    24.2066   11.86250 3.6466e-01 0.0000e+00
        540 191.455611    0.03743     2.2458    134.750     42.291  49425.682    31.3340     9.2427     41.892    6.57367     9.1776    24.2121   11.87009 3.4794e-01 0.0000e+00
        541 191.455613    0.03750     2.2500    135.000     42.660  49422.208    31.3273     9.2128     42.257    6.57830     9.1438    24.2115   11.87784 3.3281e-01 0.0000e+00
        542 191.455616    0.03757     2.2542    135.250     43.026  49414.528    31.3175     9.1820     42.619    6.58322     9.1083    24.2086   11.88610 3.1897e-01 0.0000e+00
