CTD-processing/allCTD/CNV--turbid/2015_02-23_t6_s13_cast235.cnv
* Sea-Bird SBE19plus Data File:
* FileName = C:\Users\amdoroff\Desktop\2015_02_23_CookInlet_Tran6_Douglas\2015_02_23_CookInlet_Tran6_cast235.hex
* Software Version 1.59
* Temperature SN =  4141
* Conductivity SN =  4141
* System UpLoad Time = Feb 24 2015 01:41:05
** Cook Inlet LTM Tran6 Douglas W to E
** Date 02-23
** Station: 6-13
** Start Time (AKST): 20:33
** Depth (m): 134
** Comment: Dark.
** Comment: On R/V Pandalus. Transect crossed 23-24 Feb.
# nquan = 16
# nvalues = 788                         
# units = specified
# name 0 = scan: Scan Count
# name 1 = timeJ: Julian Days
# name 2 = timeH: Time, Elapsed [hours]
# name 3 = timeM: Time, Elapsed [minutes]
# name 4 = timeS: Time, Elapsed [seconds]
# name 5 = prdM: Pressure, Strain Gauge [db]
# name 6 = specc: Specific Conductance [uS/cm]
# name 7 = sal00: Salinity, Practical [PSU]
# name 8 = tv290C: Temperature [ITS-90, deg C]
# name 9 = depSM: Depth [salt water, m], lat = 59.00
# name 10 = oxsolML/L: Oxygen Saturation, Garcia & Gordon [ml/l]
# name 11 = potemp090C: Potential Temperature [ITS-90, deg C]
# name 12 = sigma-é00: Density [sigma-theta, kg/m^3]
# name 13 = n2satML/L: Nitrogen Saturation [ml/l]
# name 14 = par: PAR/Irradiance, Biospherical/Licor
# name 15 = flag:  0.000e+00
# span 0 =          1,        788       
# span 1 =  54.856933,  54.859210       
# span 2 =    0.00000,    0.05465       
# span 3 =     0.0000,     3.2792       
# span 4 =      0.000,    196.750       
# span 5 =      0.019,    132.938       
# span 6 =   2473.650,  51081.834       
# span 7 =     1.2314,    32.0090       
# span 8 =     4.6918,     6.5241       
# span 9 =      0.019,    131.653       
# span 10 =    6.96149,    8.92418      
# span 11 =     4.6918,     6.5142      
# span 12 =     0.9574,    25.1264      
# span 13 =   12.50320,   16.21503      
# span 14 = 3.6382e-02, 8.5798e-01      
# span 15 = 0.0000e+00, 0.0000e+00      
# interval = seconds: 0.25
# start_time = Feb 23 2015 20:33:59 [Instrument's time stamp, header]
# bad_flag = -9.990e-29
*END*
[from data line 91]
         92  54.857196    0.00632     0.3792     22.750      1.361  50797.622    31.8638     6.4714      1.348    6.97671     6.4698    25.0172   12.53017 7.5914e-02 0.0000e+00
         93  54.857199    0.00639     0.3833     23.000      1.387  50785.534    31.8553     6.4708      1.374    6.97721     6.4690    25.0106   12.53111 7.9454e-02 0.0000e+00
         94  54.857202    0.00646     0.3875     23.250      1.396  50778.327    31.8501     6.4699      1.383    6.97760     6.4687    25.0066   12.53181 8.5017e-02 0.0000e+00
         95  54.857205    0.00653     0.3917     23.500      1.390  50778.397    31.8500     6.4691      1.377    6.97772     6.4687    25.0066   12.53201 9.1515e-02 0.0000e+00
         96  54.857208    0.00660     0.3958     23.750      1.371  50786.840    31.8559     6.4688      1.358    6.97751     6.4686    25.0113   12.53159 9.9903e-02 0.0000e+00
         97  54.857211    0.00667     0.4000     24.000      1.348  50799.749    31.8648     6.4688      1.335    6.97710     6.4682    25.0184   12.53080 1.0983e-01 0.0000e+00
         98  54.857214    0.00674     0.4042     24.250      1.328  50811.070    31.8727     6.4687      1.315    6.97675     6.4673    25.0246   12.53012 1.1761e-01 0.0000e+00
         99  54.857216    0.00681     0.4083     24.500      1.318  50817.895    31.8774     6.4683      1.306    6.97660     6.4660    25.0283   12.52982 1.1945e-01 0.0000e+00
        100  54.857219    0.00688     0.4125     24.750      1.323  50819.032    31.8780     6.4674      1.310    6.97671     6.4640    25.0289   12.53000 1.1410e-01 0.0000e+00
        101  54.857222    0.00694     0.4167     25.000      1.342  50813.244    31.8737     6.4661      1.329    6.97713     6.4607    25.0257   12.53074 1.0545e-01 0.0000e+00
        102  54.857225    0.00701     0.4208     25.250      1.371  50798.555    31.8631     6.4641      1.358    6.97794     6.4553    25.0176   12.53222 9.6551e-02 0.0000e+00
        103  54.857228    0.00708     0.4250     25.500      1.404  50771.813    31.8439     6.4608      1.391    6.97936     6.4465    25.0028   12.53481 9.0892e-02 0.0000e+00
        104  54.857231    0.00715     0.4292     25.750      1.429  50733.533    31.8163     6.4554      1.416    6.98152     6.4327    24.9817   12.53872 8.8502e-02 0.0000e+00
        105  54.857234    0.00722     0.4333     26.000      1.438  50696.370    31.7888     6.4466      1.425    6.98422     6.4131    24.9612   12.54352 8.4400e-02 0.0000e+00
        106  54.857237    0.00729     0.4375     26.250      1.426  50679.678    31.7746     6.4328      1.412    6.98712     6.3904    24.9517   12.54850 7.7739e-02 0.0000e+00
        107  54.857240    0.00736     0.4417     26.500      1.390  50692.487    31.7798     6.4132      1.376    6.99007     6.3702    24.9583   12.55332 6.9301e-02 0.0000e+00
        108  54.857242    0.00743     0.4458     26.750      1.335  50729.850    31.8015     6.3905      1.322    6.99277     6.3571    24.9782   12.55750 6.0234e-02 0.0000e+00
        109  54.857245    0.00750     0.4500     27.000      1.272  50780.756    31.8331     6.3703      1.260    6.99461     6.3534    25.0056   12.56015 5.2487e-02 0.0000e+00
        110  54.857248    0.00757     0.4542     27.250      1.215  50832.140    31.8663     6.3572      1.204    6.99521     6.3588    25.0334   12.56072 4.6626e-02 0.0000e+00
        111  54.857251    0.00764     0.4583     27.500      1.176  50872.454    31.8936     6.3535      1.165    6.99455     6.3707    25.0554   12.55929 4.2716e-02 0.0000e+00
        112  54.857254    0.00771     0.4625     27.750      1.160  50894.453    31.9099     6.3589      1.150    6.99291     6.3850    25.0676   12.55636 4.0495e-02 0.0000e+00
        113  54.857257    0.00778     0.4667     28.000      1.170  50895.427    31.9129     6.3708      1.159    6.99083     6.3982    25.0685   12.55289 3.9372e-02 0.0000e+00
        114  54.857260    0.00785     0.4708     28.250      1.204  50878.610    31.9039     6.3851      1.192    6.98892     6.4083    25.0596   12.54984 3.9045e-02 0.0000e+00
        115  54.857263    0.00792     0.4750     28.500      1.255  50849.848    31.8864     6.3983      1.243    6.98757     6.4141    25.0442   12.54784 3.9428e-02 0.0000e+00
        116  54.857266    0.00799     0.4792     28.750      1.317  50812.227    31.8621     6.4084      1.305    6.98705     6.4150    25.0238   12.54728 4.0624e-02 0.0000e+00
        117  54.857269    0.00806     0.4833     29.000      1.381  50768.337    31.8327     6.4142      1.368    6.98746     6.4102    24.9999   12.54833 4.2952e-02 0.0000e+00
        118  54.857271    0.00813     0.4875     29.250      1.437  50726.294    31.8037     6.4151      1.423    6.98866     6.3990    24.9769   12.55067 4.6870e-02 0.0000e+00
        119  54.857274    0.00819     0.4917     29.500      1.477  50697.400    31.7827     6.4104      1.464    6.99040     6.3818    24.9609   12.55381 5.2732e-02 0.0000e+00
        120  54.857277    0.00826     0.4958     29.750      1.499  50689.372    31.7750     6.3992      1.486    6.99258     6.3620    24.9562   12.55752 6.0471e-02 0.0000e+00
        121  54.857280    0.00833     0.5000     30.000      1.502  50703.857    31.7818     6.3820      1.488    6.99508     6.3443    24.9637   12.56156 6.9469e-02 0.0000e+00
        122  54.857283    0.00840     0.5042     30.250      1.486  50735.532    31.8001     6.3622      1.472    6.99746     6.3313    24.9806   12.56527 7.5723e-02 0.0000e+00
        123  54.857286    0.00847     0.5083     30.500      1.457  50772.918    31.8227     6.3444      1.444    6.99933     6.3239    25.0006   12.56806 7.5947e-02 0.0000e+00
        124  54.857289    0.00854     0.5125     30.750      1.419  50802.540    31.8408     6.3314      1.405    7.00060     6.3209    25.0165   12.56994 7.3635e-02 0.0000e+00
        125  54.857292    0.00861     0.5167     31.000      1.372  50816.154    31.8488     6.3240      1.360    7.00144     6.3209    25.0238   12.57122 7.1701e-02 0.0000e+00
        126  54.857295    0.00868     0.5208     31.250      1.321  50815.839    31.8481     6.3210      1.309    7.00196     6.3232    25.0236   12.57210 7.0232e-02 0.0000e+00
        127  54.857297    0.00875     0.5250     31.500      1.269  50812.242    31.8456     6.3210      1.257    7.00208     6.3283    25.0216   12.57233 6.9504e-02 0.0000e+00
        128  54.857300    0.00882     0.5292     31.750      1.224  50817.469    31.8497     6.3233      1.212    7.00152     6.3372    25.0246   12.57134 6.8991e-02 0.0000e+00
        129  54.857303    0.00889     0.5333     32.000      1.193  50837.962    31.8649     6.3284      1.182    6.99998     6.3505    25.0359   12.56860 6.6697e-02 0.0000e+00
        130  54.857306    0.00896     0.5375     32.250      1.183  50869.460    31.8885     6.3373      1.172    6.99744     6.3677    25.0534   12.56412 6.1663e-02 0.0000e+00
        131  54.857309    0.00903     0.5417     32.500      1.197  50897.229    31.9103     6.3506      1.186    6.99425     6.3862    25.0689   12.55857 5.5494e-02 0.0000e+00
        132  54.857312    0.00910     0.5458     32.750      1.231  50906.623    31.9200     6.3678      1.220    6.99099     6.4031    25.0745   12.55307 4.9268e-02 0.0000e+00
        133  54.857315    0.00917     0.5500     33.000      1.276  50892.970    31.9140     6.3863      1.264    6.98825     6.4165    25.0675   12.54862 4.4207e-02 0.0000e+00
        134  54.857318    0.00924     0.5542     33.250      1.320  50859.129    31.8937     6.4033      1.308    6.98642     6.4256    25.0493   12.54586 4.1078e-02 0.0000e+00
        135  54.857321    0.00931     0.5583     33.500      1.352  50809.561    31.8618     6.4167      1.339    6.98571     6.4302    25.0225   12.54508 3.9200e-02 0.0000e+00
        136  54.857323    0.00937     0.5625     33.750      1.365  50754.167    31.8251     6.4257      1.353    6.98594     6.4306    24.9924   12.54592 3.8074e-02 0.0000e+00
        137  54.857326    0.00944     0.5667     34.000      1.358  50708.283    31.7941     6.4303      1.346    6.98662     6.4278    24.9674   12.54743 3.7400e-02 0.0000e+00
        138  54.857329    0.00951     0.5708     34.250      1.335  50683.439    31.7769     6.4307      1.322    6.98734     6.4236    24.9538   12.54884 3.6997e-02 0.0000e+00
        139  54.857332    0.00958     0.5750     34.500      1.302  50685.501    31.7778     6.4279      1.289    6.98776     6.4201    24.9549   12.54952 3.6758e-02 0.0000e+00
        140  54.857335    0.00965     0.5792     34.750      1.269  50714.541    31.7972     6.4237      1.257    6.98755     6.4188    24.9707   12.54892 3.6620e-02 0.0000e+00
        141  54.857338    0.00972     0.5833     35.000      1.246  50762.714    31.8300     6.4202      1.235    6.98662     6.4210    24.9970   12.54697 3.6544e-02 0.0000e+00
        142  54.857341    0.00979     0.5875     35.250      1.243  50815.690    31.8666     6.4189      1.232    6.98513     6.4264    25.0260   12.54406 3.6512e-02 0.0000e+00
        143  54.857344    0.00986     0.5917     35.500      1.263  50857.913    31.8963     6.4211      1.251    6.98340     6.4334    25.0491   12.54083 3.6514e-02 0.0000e+00
        144  54.857347    0.00993     0.5958     35.750      1.303  50879.793    31.9125     6.4265      1.291    6.98177     6.4398    25.0612   12.53793 3.6552e-02 0.0000e+00
        145  54.857350    0.01000     0.6000     36.000      1.356  50880.483    31.9143     6.4335      1.344    6.98056     6.4437    25.0617   12.53590 3.6635e-02 0.0000e+00
        146  54.857352    0.01007     0.6042     36.250      1.411  50863.397    31.9036     6.4399      1.399    6.98001     6.4441    25.0525   12.53513 3.6785e-02 0.0000e+00
        147  54.857355    0.01014     0.6083     36.500      1.457  50831.733    31.8823     6.4439      1.444    6.98034     6.4399    25.0352   12.53595 3.6880e-02 0.0000e+00
        148  54.857358    0.01021     0.6125     36.750      1.485  50794.609    31.8566     6.4442      1.471    6.98147     6.4303    25.0149   12.53814 3.6779e-02 0.0000e+00
        149  54.857361    0.01028     0.6167     37.000      1.490  50768.527    31.8377     6.4400      1.476    6.98303     6.4165    25.0005   12.54096 3.6620e-02 0.0000e+00
        150  54.857364    0.01035     0.6208     37.250      1.473  50763.421    31.8323     6.4304      1.459    6.98484     6.4023    24.9975   12.54401 3.6525e-02 0.0000e+00
        151  54.857367    0.01042     0.6250     37.500      1.437  50776.916    31.8391     6.4166      1.423    6.98678     6.3921    25.0046   12.54713 3.6468e-02 0.0000e+00
        152  54.857370    0.01049     0.6292     37.750      1.388  50800.796    31.8531     6.4025      1.375    6.98843     6.3870    25.0173   12.54969 3.6434e-02 0.0000e+00
        153  54.857373    0.01056     0.6333     38.000      1.334  50827.868    31.8700     6.3922      1.322    6.98932     6.3863    25.0319   12.55094 3.6414e-02 0.0000e+00
        154  54.857376    0.01063     0.6375     38.250      1.285  50853.935    31.8871     6.3872      1.273    6.98936     6.3891    25.0461   12.55078 3.6403e-02 0.0000e+00
        155  54.857378    0.01069     0.6417     38.500      1.246  50875.134    31.9017     6.3864      1.234    6.98880     6.3949    25.0577   12.54968 3.6398e-02 0.0000e+00
        156  54.857381    0.01076     0.6458     38.750      1.221  50889.156    31.9120     6.3892      1.210    6.98788     6.4029    25.0655   12.54802 3.6396e-02 0.0000e+00
        157  54.857384    0.01083     0.6500     39.000      1.212  50897.197    31.9187     6.3950      1.200    6.98662     6.4118    25.0700   12.54587 3.6399e-02 0.0000e+00
        158  54.857387    0.01090     0.6542     39.250      1.216  50900.565    31.9225     6.4030      1.205    6.98515     6.4206    25.0721   12.54338 3.6406e-02 0.0000e+00
        159  54.857390    0.01097     0.6583     39.500      1.232  50898.247    31.9226     6.4119      1.221    6.98369     6.4284    25.0710   12.54097 3.6419e-02 0.0000e+00
        160  54.857393    0.01104     0.6625     39.750      1.256  50888.733    31.9176     6.4207      1.245    6.98249     6.4344    25.0660   12.53905 3.6441e-02 0.0000e+00
        161  54.857396    0.01111     0.6667     40.000      1.284  50871.307    31.9070     6.4285      1.272    6.98171     6.4382    25.0566   12.53790 3.6480e-02 0.0000e+00
        162  54.857399    0.01118     0.6708     40.250      1.310  50845.616    31.8903     6.4345      1.297    6.98150     6.4396    25.0427   12.53775 3.6545e-02 0.0000e+00
        163  54.857402    0.01125     0.6750     40.500      1.328  50813.878    31.8689     6.4383      1.316    6.98186     6.4386    25.0254   12.53863 3.6653e-02 0.0000e+00
        164  54.857405    0.01132     0.6792     40.750      1.337  50783.557    31.8481     6.4397      1.324    6.98260     6.4354    25.0089   12.54011 3.6834e-02 0.0000e+00
        165  54.857407    0.01139     0.6833     41.000      1.334  50763.210    31.8338     6.4388      1.321    6.98341     6.4304    24.9977   12.54162 3.7135e-02 0.0000e+00
        166  54.857410    0.01146     0.6875     41.250      1.321  50758.713    31.8301     6.4355      1.309    6.98411     6.4252    24.9951   12.54283 3.7637e-02 0.0000e+00
        167  54.857413    0.01153     0.6917     41.500      1.306  50773.639    31.8396     6.4305      1.294    6.98449     6.4218    25.0032   12.54334 3.8473e-02 0.0000e+00
        168  54.857416    0.01160     0.6958     41.750      1.296  50805.878    31.8610     6.4253      1.284    6.98435     6.4217    25.0208   12.54283 3.9867e-02 0.0000e+00
        169  54.857419    0.01167     0.7000     42.000      1.301  50844.944    31.8875     6.4219      1.289    6.98368     6.4252    25.0421   12.54139 4.2191e-02 0.0000e+00
        170  54.857422    0.01174     0.7042     42.250      1.326  50877.297    31.9099     6.4218      1.314    6.98266     6.4308    25.0598   12.53942 4.6063e-02 0.0000e+00
        171  54.857425    0.01181     0.7083     42.500      1.367  50893.651    31.9219     6.4253      1.355    6.98155     6.4366    25.0688   12.53743 5.2325e-02 0.0000e+00
        172  54.857428    0.01188     0.7125     42.750      1.415  50891.108    31.9212     6.4309      1.402    6.98066     6.4406    25.0675   12.53598 6.0791e-02 0.0000e+00
        173  54.857431    0.01194     0.7167     43.000      1.457  50870.977    31.9082     6.4367      1.443    6.98032     6.4416    25.0566   12.53558 6.9475e-02 0.0000e+00
        174  54.857433    0.01201     0.7208     43.250      1.484  50836.840    31.8852     6.4407      1.471    6.98073     6.4388    25.0380   12.53654 7.6284e-02 0.0000e+00
        175  54.857436    0.01208     0.7250     43.500      1.492  50797.267    31.8579     6.4417      1.478    6.98182     6.4311    25.0163   12.53868 8.0960e-02 0.0000e+00
        176  54.857439    0.01215     0.7292     43.750      1.478  50764.990    31.8350     6.4389      1.465    6.98334     6.4187    24.9986   12.54149 8.4985e-02 0.0000e+00
        177  54.857442    0.01222     0.7333     44.000      1.446  50749.695    31.8230     6.4313      1.433    6.98514     6.4037    24.9900   12.54461 8.8655e-02 0.0000e+00
        178  54.857445    0.01229     0.7375     44.250      1.404  50754.758    31.8242     6.4189      1.391    6.98711     6.3898    24.9925   12.54785 9.0162e-02 0.0000e+00
        179  54.857448    0.01236     0.7417     44.500      1.358  50777.593    31.8372     6.4039      1.345    6.98894     6.3795    25.0047   12.55071 8.7942e-02 0.0000e+00
        180  54.857451    0.01243     0.7458     44.750      1.315  50811.972    31.8585     6.3899      1.303    6.99024     6.3743    25.0232   12.55259 8.2395e-02 0.0000e+00
