CTD-processing/allCTD/CNV--turbid/2015_11-04_t3_s09_cast011.cnv
* Sea-Bird SBE19plus Data File:
* FileName = C:\Users\Kris.Holderied\Documents\kasitsna\Research-KBL\Oceanography-AK\CTD-Data-ALL-to-2015-10\2015-CTD-KachemakBay-CookInlet\2015-11-EVOSTC-CookInlet-quarterly\2015-11-04-CookInlet-Tran3-AnchorPt\2015-11-04-CookInlet-Tran3-cast011.hex
* Software Version 1.59
* Temperature SN =  5028
* Conductivity SN =  5028
* System UpLoad Time = Nov 04 2015 14:01:48
** Cook Inlet LTM Tran3 Anchor Pt  Northwest to Southeast

** Date: 11-04
** Station: 3-09
** Start time (AKST): 07:32
** Depth (m): 73.6
** Comment: M/V Ursus.
** Comment:
# nquan = 16
# nvalues = 798                         
# units = specified
# name 0 = scan: Scan Count
# name 1 = timeJ: Julian Days
# name 2 = timeH: Time, Elapsed [hours]
# name 3 = timeM: Time, Elapsed [minutes]
# name 4 = timeS: Time, Elapsed [seconds]
# name 5 = prdM: Pressure, Strain Gauge [db]
# name 6 = specc: Specific Conductance [uS/cm]
# name 7 = sal00: Salinity, Practical [PSU]
# name 8 = tv290C: Temperature [ITS-90, deg C]
# name 9 = depSM: Depth [salt water, m], lat = 59.00
# name 10 = oxsolML/L: Oxygen Saturation, Garcia & Gordon [ml/l]
# name 11 = potemp090C: Potential Temperature [ITS-90, deg C]
# name 12 = sigma-é00: Density [sigma-theta, kg/m^3]
# name 13 = n2satML/L: Nitrogen Saturation [ml/l]
# name 14 = par: PAR/Irradiance, Biospherical/Licor
# name 15 = flag:  0.000e+00
# span 0 =          1,        798       
# span 1 = 308.312998, 308.315304       
# span 2 =    0.00000,    0.05535       
# span 3 =     0.0000,     3.3208       
# span 4 =      0.000,    199.250       
# span 5 =     -0.061,     75.469       
# span 6 =    339.447,  48218.952       
# span 7 =     0.1555,    30.4200       
# span 8 =     4.4369,     8.8506       
# span 9 =     -0.061,     74.749       
# span 10 =    6.67058,    9.05823      
# span 11 =     4.4375,     8.8432      
# span 12 =     0.0986,    23.5891      
# span 13 =   12.04169,   16.45773      
# span 14 = 3.7976e-02, 1.7705e+00      
# span 15 = 0.0000e+00, 0.0000e+00      
# interval = seconds: 0.25
# start_time = Nov 04 2015 07:30:43 [Instrument's time stamp, header]
# bad_flag = -9.990e-29
*END*
[from data line 543]
        544 308.314569    0.03771     2.2625    135.750     40.190  48188.626    30.4124     8.8431     39.810    6.67201     8.8387    23.5523   12.04415 3.8061e-02 0.0000e+00
        545 308.314572    0.03778     2.2667    136.000     40.261  48188.576    30.4123     8.8430     39.881    6.67204     8.8386    23.5522   12.04420 3.8032e-02 0.0000e+00
        546 308.314575    0.03785     2.2708    136.250     40.342  48188.860    30.4125     8.8427     39.961    6.67207     8.8385    23.5523   12.04425 3.8018e-02 0.0000e+00
        547 308.314578    0.03792     2.2750    136.500     40.440  48189.437    30.4128     8.8426     40.058    6.67208     8.8386    23.5526   12.04426 3.8015e-02 0.0000e+00
        548 308.314580    0.03799     2.2792    136.750     40.561  48190.000    30.4131     8.8426     40.178    6.67207     8.8388    23.5529   12.04424 3.8023e-02 0.0000e+00
        549 308.314583    0.03806     2.2833    137.000     40.707  48190.342    30.4133     8.8427     40.322    6.67204     8.8390    23.5531   12.04419 3.8042e-02 0.0000e+00
        550 308.314586    0.03812     2.2875    137.250     40.875  48190.518    30.4134     8.8429     40.489    6.67201     8.8392    23.5531   12.04413 3.8074e-02 0.0000e+00
        551 308.314589    0.03819     2.2917    137.500     41.063  48190.660    30.4135     8.8431     40.675    6.67197     8.8393    23.5531   12.04407 3.8119e-02 0.0000e+00
        552 308.314592    0.03826     2.2958    137.750     41.263  48190.807    30.4135     8.8433     40.873    6.67195     8.8393    23.5531   12.04403 3.8176e-02 0.0000e+00
        553 308.314595    0.03833     2.3000    138.000     41.467  48190.934    30.4135     8.8434     41.075    6.67193     8.8394    23.5531   12.04400 3.8234e-02 0.0000e+00
        554 308.314598    0.03840     2.3042    138.250     41.666  48191.017    30.4135     8.8434     41.272    6.67192     8.8394    23.5531   12.04398 3.8283e-02 0.0000e+00
        555 308.314601    0.03847     2.3083    138.500     41.852  48191.070    30.4135     8.8435     41.457    6.67191     8.8394    23.5530   12.04397 3.8324e-02 0.0000e+00
        556 308.314604    0.03854     2.3125    138.750     42.020  48191.125    30.4135     8.8435     41.623    6.67191     8.8394    23.5530   12.04397 3.8371e-02 0.0000e+00
        557 308.314606    0.03861     2.3167    139.000     42.168  48191.192    30.4134     8.8436     41.769    6.67191     8.8394    23.5530   12.04396 3.8421e-02 0.0000e+00
        558 308.314609    0.03868     2.3208    139.250     42.296  48191.269    30.4134     8.8436     41.896    6.67190     8.8394    23.5530   12.04396 3.8449e-02 0.0000e+00
        559 308.314612    0.03875     2.3250    139.500     42.407  48191.345    30.4135     8.8436     42.006    6.67190     8.8394    23.5530   12.04395 3.8448e-02 0.0000e+00
        560 308.314615    0.03882     2.3292    139.750     42.507  48191.391    30.4135     8.8436     42.105    6.67189     8.8394    23.5530   12.04394 3.8444e-02 0.0000e+00
        561 308.314618    0.03889     2.3333    140.000     42.602  48191.411    30.4134     8.8437     42.200    6.67189     8.8394    23.5530   12.04394 3.8442e-02 0.0000e+00
        562 308.314621    0.03896     2.3375    140.250     42.700  48191.472    30.4134     8.8437     42.296    6.67189     8.8394    23.5530   12.04393 3.8439e-02 0.0000e+00
        563 308.314624    0.03903     2.3417    140.500     42.806  48191.639    30.4135     8.8437     42.401    6.67189     8.8393    23.5531   12.04392 3.8445e-02 0.0000e+00
        564 308.314627    0.03910     2.3458    140.750     42.923  48191.920    30.4136     8.8436     42.517    6.67188     8.8393    23.5532   12.04391 3.8458e-02 0.0000e+00
        565 308.314630    0.03917     2.3500    141.000     43.055  48192.321    30.4139     8.8436     42.647    6.67188     8.8392    23.5533   12.04390 3.8474e-02 0.0000e+00
        566 308.314633    0.03924     2.3542    141.250     43.199  48192.806    30.4142     8.8436     42.790    6.67187     8.8392    23.5536   12.04389 3.8491e-02 0.0000e+00
        567 308.314635    0.03931     2.3583    141.500     43.355  48193.216    30.4144     8.8435     42.944    6.67187     8.8391    23.5537   12.04389 3.8503e-02 0.0000e+00
        568 308.314638    0.03938     2.3625    141.750     43.517  48193.474    30.4145     8.8435     43.106    6.67187     8.8391    23.5538   12.04389 3.8501e-02 0.0000e+00
        569 308.314641    0.03944     2.3667    142.000     43.684  48193.657    30.4145     8.8434     43.270    6.67187     8.8391    23.5539   12.04389 3.8488e-02 0.0000e+00
        570 308.314644    0.03951     2.3708    142.250     43.851  48193.813    30.4146     8.8434     43.436    6.67187     8.8391    23.5539   12.04389 3.8465e-02 0.0000e+00
        571 308.314647    0.03958     2.3750    142.500     44.016  48193.933    30.4146     8.8434     43.600    6.67187     8.8391    23.5539   12.04389 3.8433e-02 0.0000e+00
        572 308.314650    0.03965     2.3792    142.750     44.177  48194.023    30.4145     8.8435     43.759    6.67187     8.8391    23.5539   12.04389 3.8400e-02 0.0000e+00
        573 308.314653    0.03972     2.3833    143.000     44.334  48194.120    30.4145     8.8435     43.914    6.67187     8.8391    23.5539   12.04389 3.8387e-02 0.0000e+00
        574 308.314656    0.03979     2.3875    143.250     44.487  48194.237    30.4146     8.8435     44.066    6.67186     8.8390    23.5540   12.04388 3.8409e-02 0.0000e+00
        575 308.314659    0.03986     2.3917    143.500     44.637  48194.341    30.4146     8.8435     44.216    6.67186     8.8390    23.5540   12.04388 3.8441e-02 0.0000e+00
        576 308.314661    0.03993     2.3958    143.750     44.788  48194.428    30.4146     8.8435     44.365    6.67186     8.8390    23.5540   12.04388 3.8466e-02 0.0000e+00
        577 308.314664    0.04000     2.4000    144.000     44.942  48194.529    30.4146     8.8435     44.517    6.67187     8.8389    23.5540   12.04389 3.8478e-02 0.0000e+00
        578 308.314667    0.04007     2.4042    144.250     45.097  48194.650    30.4146     8.8435     44.671    6.67187     8.8389    23.5540   12.04389 3.8478e-02 0.0000e+00
        579 308.314670    0.04014     2.4083    144.500     45.255  48194.776    30.4146     8.8435     44.827    6.67187     8.8389    23.5540   12.04389 3.8479e-02 0.0000e+00
        580 308.314673    0.04021     2.4125    144.750     45.415  48194.901    30.4146     8.8434     44.986    6.67187     8.8388    23.5540   12.04389 3.8483e-02 0.0000e+00
        581 308.314676    0.04028     2.4167    145.000     45.575  48195.057    30.4147     8.8434     45.144    6.67188     8.8386    23.5541   12.04390 3.8480e-02 0.0000e+00
        582 308.314679    0.04035     2.4208    145.250     45.732  48195.243    30.4147     8.8433     45.300    6.67189     8.8385    23.5541   12.04391 3.8467e-02 0.0000e+00
        583 308.314682    0.04042     2.4250    145.500     45.885  48195.421    30.4148     8.8432     45.451    6.67190     8.8383    23.5542   12.04394 3.8465e-02 0.0000e+00
        584 308.314685    0.04049     2.4292    145.750     46.031  48195.573    30.4148     8.8431     45.596    6.67192     8.8381    23.5542   12.04396 3.8475e-02 0.0000e+00
        585 308.314687    0.04056     2.4333    146.000     46.169  48195.708    30.4148     8.8430     45.732    6.67194     8.8379    23.5542   12.04399 3.8474e-02 0.0000e+00
        586 308.314690    0.04063     2.4375    146.250     46.299  48195.882    30.4149     8.8428     45.861    6.67196     8.8377    23.5543   12.04403 3.8455e-02 0.0000e+00
        587 308.314693    0.04069     2.4417    146.500     46.420  48196.131    30.4150     8.8426     45.981    6.67199     8.8375    23.5544   12.04408 3.8429e-02 0.0000e+00
        588 308.314696    0.04076     2.4458    146.750     46.535  48196.446    30.4151     8.8424     46.095    6.67202     8.8374    23.5545   12.04412 3.8410e-02 0.0000e+00
        589 308.314699    0.04083     2.4500    147.000     46.646  48196.764    30.4153     8.8422     46.205    6.67204     8.8373    23.5547   12.04415 3.8404e-02 0.0000e+00
        590 308.314702    0.04090     2.4542    147.250     46.756  48197.013    30.4154     8.8421     46.314    6.67205     8.8373    23.5548   12.04417 3.8410e-02 0.0000e+00
        591 308.314705    0.04097     2.4583    147.500     46.868  48197.195    30.4154     8.8420     46.425    6.67205     8.8373    23.5549   12.04418 3.8414e-02 0.0000e+00
        592 308.314708    0.04104     2.4625    147.750     46.983  48197.335    30.4155     8.8420     46.539    6.67205     8.8373    23.5549   12.04418 3.8419e-02 0.0000e+00
        593 308.314711    0.04111     2.4667    148.000     47.104  48197.424    30.4155     8.8420     46.659    6.67205     8.8373    23.5549   12.04418 3.8433e-02 0.0000e+00
        594 308.314714    0.04118     2.4708    148.250     47.231  48197.475    30.4155     8.8420     46.784    6.67205     8.8373    23.5549   12.04418 3.8450e-02 0.0000e+00
        595 308.314716    0.04125     2.4750    148.500     47.363  48197.511    30.4155     8.8420     46.915    6.67205     8.8373    23.5549   12.04418 3.8465e-02 0.0000e+00
        596 308.314719    0.04132     2.4792    148.750     47.501  48197.549    30.4154     8.8420     47.052    6.67205     8.8373    23.5549   12.04418 3.8480e-02 0.0000e+00
        597 308.314722    0.04139     2.4833    149.000     47.644  48197.598    30.4154     8.8420     47.193    6.67205     8.8373    23.5548   12.04418 3.8484e-02 0.0000e+00
        598 308.314725    0.04146     2.4875    149.250     47.792  48197.658    30.4154     8.8421     47.340    6.67205     8.8372    23.5548   12.04418 3.8467e-02 0.0000e+00
        599 308.314728    0.04153     2.4917    149.500     47.947  48197.745    30.4154     8.8421     47.493    6.67205     8.8372    23.5548   12.04418 3.8438e-02 0.0000e+00
        600 308.314731    0.04160     2.4958    149.750     48.109  48197.869    30.4154     8.8420     47.653    6.67205     8.8372    23.5548   12.04419 3.8413e-02 0.0000e+00
        601 308.314734    0.04167     2.5000    150.000     48.279  48197.984    30.4154     8.8420     47.822    6.67205     8.8372    23.5548   12.04419 3.8400e-02 0.0000e+00
        602 308.314737    0.04174     2.5042    150.250     48.460  48198.052    30.4154     8.8420     48.001    6.67205     8.8372    23.5548   12.04418 3.8390e-02 0.0000e+00
        603 308.314740    0.04181     2.5083    150.500     48.649  48198.106    30.4153     8.8420     48.188    6.67205     8.8371    23.5548   12.04418 3.8382e-02 0.0000e+00
        604 308.314742    0.04188     2.5125    150.750     48.845  48198.191    30.4153     8.8420     48.382    6.67206     8.8370    23.5548   12.04419 3.8378e-02 0.0000e+00
        605 308.314745    0.04194     2.5167    151.000     49.047  48198.325    30.4153     8.8420     48.582    6.67206     8.8368    23.5548   12.04420 3.8368e-02 0.0000e+00
        606 308.314748    0.04201     2.5208    151.250     49.250  48198.524    30.4153     8.8419     48.783    6.67207     8.8367    23.5548   12.04422 3.8353e-02 0.0000e+00
        607 308.314751    0.04208     2.5250    151.500     49.448  48198.730    30.4154     8.8418     48.979    6.67209     8.8365    23.5549   12.04424 3.8345e-02 0.0000e+00
        608 308.314754    0.04215     2.5292    151.750     49.636  48198.862    30.4154     8.8417     49.166    6.67210     8.8363    23.5549   12.04427 3.8346e-02 0.0000e+00
        609 308.314757    0.04222     2.5333    152.000     49.808  48198.961    30.4153     8.8415     49.336    6.67213     8.8362    23.5549   12.04431 3.8355e-02 0.0000e+00
        610 308.314760    0.04229     2.5375    152.250     49.959  48199.081    30.4153     8.8414     49.486    6.67215     8.8360    23.5550   12.04436 3.8368e-02 0.0000e+00
        611 308.314763    0.04236     2.5417    152.500     50.087  48199.215    30.4153     8.8412     49.612    6.67218     8.8359    23.5550   12.04440 3.8376e-02 0.0000e+00
        612 308.314766    0.04243     2.5458    152.750     50.192  48199.338    30.4154     8.8410     49.716    6.67220     8.8357    23.5551   12.04443 3.8364e-02 0.0000e+00
        613 308.314769    0.04250     2.5500    153.000     50.275  48199.402    30.4154     8.8409     49.799    6.67222     8.8355    23.5551   12.04446 3.8345e-02 0.0000e+00
        614 308.314771    0.04257     2.5542    153.250     50.342  48199.394    30.4153     8.8407     49.865    6.67225     8.8353    23.5550   12.04451 3.8337e-02 0.0000e+00
        615 308.314774    0.04264     2.5583    153.500     50.400  48199.412    30.4153     8.8405     49.923    6.67228     8.8351    23.5550   12.04456 3.8336e-02 0.0000e+00
        616 308.314777    0.04271     2.5625    153.750     50.458  48199.567    30.4153     8.8403     49.980    6.67231     8.8350    23.5551   12.04461 3.8332e-02 0.0000e+00
        617 308.314780    0.04278     2.5667    154.000     50.524  48199.854    30.4155     8.8401     50.046    6.67233     8.8350    23.5552   12.04465 3.8330e-02 0.0000e+00
        618 308.314783    0.04285     2.5708    154.250     50.608  48200.256    30.4157     8.8400     50.129    6.67234     8.8351    23.5554   12.04465 3.8332e-02 0.0000e+00
        619 308.314786    0.04292     2.5750    154.500     50.716  48200.701    30.4160     8.8400     50.236    6.67232     8.8353    23.5556   12.04462 3.8336e-02 0.0000e+00
        620 308.314789    0.04299     2.5792    154.750     50.853  48201.032    30.4161     8.8402     50.372    6.67229     8.8355    23.5558   12.04457 3.8338e-02 0.0000e+00
        621 308.314792    0.04306     2.5833    155.000     51.020  48201.225    30.4162     8.8404     50.537    6.67226     8.8357    23.5558   12.04452 3.8340e-02 0.0000e+00
        622 308.314795    0.04312     2.5875    155.250     51.214  48201.408    30.4163     8.8406     50.729    6.67222     8.8359    23.5559   12.04446 3.8342e-02 0.0000e+00
        623 308.314797    0.04319     2.5917    155.500     51.428  48201.695    30.4165     8.8408     50.941    6.67219     8.8362    23.5559   12.04439 3.8338e-02 0.0000e+00
        624 308.314800    0.04326     2.5958    155.750     51.652  48202.179    30.4167     8.8411     51.163    6.67214     8.8365    23.5561   12.04431 3.8328e-02 0.0000e+00
        625 308.314803    0.04333     2.6000    156.000     51.877  48202.953    30.4172     8.8413     51.385    6.67208     8.8369    23.5565   12.04420 3.8318e-02 0.0000e+00
        626 308.314806    0.04340     2.6042    156.250     52.091  48203.911    30.4179     8.8416     51.598    6.67200     8.8373    23.5569   12.04406 3.8317e-02 0.0000e+00
        627 308.314809    0.04347     2.6083    156.500     52.288  48204.740    30.4184     8.8420     51.793    6.67192     8.8378    23.5573   12.04391 3.8332e-02 0.0000e+00
        628 308.314812    0.04354     2.6125    156.750     52.465  48205.115    30.4187     8.8425     51.968    6.67183     8.8381    23.5574   12.04377 3.8367e-02 0.0000e+00
        629 308.314815    0.04361     2.6167    157.000     52.618  48204.875    30.4185     8.8430     52.119    6.67177     8.8383    23.5572   12.04367 3.8404e-02 0.0000e+00
        630 308.314818    0.04368     2.6208    157.250     52.751  48204.344    30.4181     8.8434     52.251    6.67173     8.8383    23.5569   12.04361 3.8428e-02 0.0000e+00
        631 308.314821    0.04375     2.6250    157.500     52.866  48203.954    30.4178     8.8436     52.365    6.67172     8.8382    23.5566   12.04359 3.8436e-02 0.0000e+00
        632 308.314823    0.04382     2.6292    157.750     52.969  48203.784    30.4177     8.8436     52.467    6.67172     8.8382    23.5565   12.04360 3.8420e-02 0.0000e+00
