CTD-processing/allCTD/CNV--turbid/2015_02-24_t7_s11_cast256.cnv
* Sea-Bird SBE19plus Data File:
* FileName = C:\Users\amdoroff\Desktop\2015_02_24_CookInlet_Tran7_Augustine\2015_02_24_CookInlet_Tran7_cast256.hex
* Software Version 1.59
* Temperature SN =  4141
* Conductivity SN =  4141
* System UpLoad Time = Feb 24 2015 13:12:41
** Cook Inlet LTM Tran7 Augustine E to W
** Date 02-24
** Station: 7-11
** Start Time (AKST): 09:09
** Depth (m):  69
** Comment:
** Comment: On R/V Pandalus.
# nquan = 16
# nvalues = 496                         
# units = specified
# name 0 = scan: Scan Count
# name 1 = timeJ: Julian Days
# name 2 = timeH: Time, Elapsed [hours]
# name 3 = timeM: Time, Elapsed [minutes]
# name 4 = timeS: Time, Elapsed [seconds]
# name 5 = prdM: Pressure, Strain Gauge [db]
# name 6 = specc: Specific Conductance [uS/cm]
# name 7 = sal00: Salinity, Practical [PSU]
# name 8 = tv290C: Temperature [ITS-90, deg C]
# name 9 = depSM: Depth [salt water, m], lat = 59.00
# name 10 = oxsolML/L: Oxygen Saturation, Garcia & Gordon [ml/l]
# name 11 = potemp090C: Potential Temperature [ITS-90, deg C]
# name 12 = sigma-é00: Density [sigma-theta, kg/m^3]
# name 13 = n2satML/L: Nitrogen Saturation [ml/l]
# name 14 = par: PAR/Irradiance, Biospherical/Licor
# name 15 = flag:  0.000e+00
# span 0 =          1,        496       
# span 1 =  55.382118,  55.383550       
# span 2 =    0.00000,    0.03438       
# span 3 =     0.0000,     2.0625       
# span 4 =      0.000,    123.750       
# span 5 =      0.041,     69.158       
# span 6 =    488.461,  50729.094       
# span 7 =     0.2261,    31.7066       
# span 8 =     4.1539,     6.2256       
# span 9 =      0.041,     68.500       
# span 10 =    7.02497,    9.12114      
# span 11 =     4.1539,     6.2210      
# span 12 =     0.1570,    24.9629      
# span 13 =   12.61211,   16.56211      
# span 14 = 3.6382e-02, 8.6012e+01      
# span 15 = 0.0000e+00, 0.0000e+00      
# interval = seconds: 0.25
# start_time = Feb 24 2015 09:10:15 [Instrument's time stamp, header]
# bad_flag = -9.990e-29
*END*
[from data line 91]
         92  55.382381    0.00632     0.3792     22.750      1.192  50452.297    31.5668     6.1670      1.182    7.04032     6.1648    24.8206   12.63903 2.1643e+01 0.0000e+00
         93  55.382384    0.00639     0.3833     23.000      1.158  50455.045    31.5686     6.1664      1.147    7.04034     6.1622    24.8221   12.63905 2.1414e+01 0.0000e+00
         94  55.382387    0.00646     0.3875     23.250      1.141  50452.581    31.5666     6.1649      1.131    7.04069     6.1583    24.8207   12.63965 2.1481e+01 0.0000e+00
         95  55.382390    0.00653     0.3917     23.500      1.141  50440.601    31.5578     6.1623      1.131    7.04152     6.1524    24.8141   12.64114 2.0965e+01 0.0000e+00
         96  55.382393    0.00660     0.3958     23.750      1.153  50414.795    31.5392     6.1584      1.142    7.04303     6.1431    24.7999   12.64387 2.0078e+01 0.0000e+00
         97  55.382396    0.00667     0.4000     24.000      1.168  50378.013    31.5126     6.1525      1.157    7.04526     6.1290    24.7796   12.64788 1.9332e+01 0.0000e+00
         98  55.382399    0.00674     0.4042     24.250      1.182  50346.574    31.4891     6.1432      1.171    7.04789     6.1097    24.7621   12.65252 1.8736e+01 0.0000e+00
         99  55.382402    0.00681     0.4083     24.500      1.193  50338.544    31.4808     6.1291      1.182    7.05060     6.0887    24.7573   12.65711 1.8649e+01 0.0000e+00
        100  55.382405    0.00688     0.4125     24.750      1.201  50358.953    31.4912     6.1098      1.190    7.05331     6.0716    24.7679   12.66145 1.9232e+01 0.0000e+00
        101  55.382407    0.00694     0.4167     25.000      1.209  50399.697    31.5154     6.0888      1.198    7.05567     6.0622    24.7895   12.66504 1.9930e+01 0.0000e+00
        102  55.382410    0.00701     0.4208     25.250      1.221  50445.369    31.5437     6.0717      1.209    7.05716     6.0608    24.8139   12.66716 2.0023e+01 0.0000e+00
        103  55.382413    0.00708     0.4250     25.500      1.238  50480.808    31.5664     6.0623      1.226    7.05765     6.0652    24.8329   12.66768 1.9136e+01 0.0000e+00
        104  55.382416    0.00715     0.4292     25.750      1.261  50497.212    31.5775     6.0609      1.249    7.05737     6.0716    24.8418   12.66707 1.7748e+01 0.0000e+00
        105  55.382419    0.00722     0.4333     26.000      1.287  50490.975    31.5740     6.0653      1.275    7.05680     6.0759    24.8385   12.66618 1.6826e+01 0.0000e+00
        106  55.382422    0.00729     0.4375     26.250      1.313  50462.162    31.5553     6.0717      1.301    7.05662     6.0747    24.8230   12.66612 1.6562e+01 0.0000e+00
        107  55.382425    0.00736     0.4417     26.500      1.334  50421.044    31.5276     6.0760      1.322    7.05722     6.0659    24.8007   12.66745 1.6689e+01 0.0000e+00
        108  55.382428    0.00743     0.4458     26.750      1.346  50386.424    31.5034     6.0748      1.334    7.05853     6.0487    24.7817   12.66993 1.7170e+01 0.0000e+00
        109  55.382431    0.00750     0.4500     27.000      1.345  50371.219    31.4912     6.0660      1.333    7.06057     6.0264    24.7731   12.67345 1.7690e+01 0.0000e+00
        110  55.382433    0.00757     0.4542     27.250      1.331  50378.385    31.4929     6.0488      1.319    7.06334     6.0051    24.7765   12.67801 1.8092e+01 0.0000e+00
        111  55.382436    0.00764     0.4583     27.500      1.305  50403.304    31.5058     6.0265      1.293    7.06643     5.9894    24.7894   12.68296 1.8788e+01 0.0000e+00
        112  55.382439    0.00771     0.4625     27.750      1.272  50436.735    31.5248     6.0052      1.260    7.06909     5.9809    24.8069   12.68710 1.9752e+01 0.0000e+00
        113  55.382442    0.00778     0.4667     28.000      1.236  50470.123    31.5448     5.9895      1.225    7.07076     5.9790    24.8246   12.68961 2.0464e+01 0.0000e+00
        114  55.382445    0.00785     0.4708     28.250      1.205  50497.048    31.5618     5.9810      1.194    7.07137     5.9822    24.8391   12.69040 2.0872e+01 0.0000e+00
        115  55.382448    0.00792     0.4750     28.500      1.182  50513.763    31.5731     5.9791      1.171    7.07115     5.9892    24.8482   12.68990 2.1345e+01 0.0000e+00
        116  55.382451    0.00799     0.4792     28.750      1.172  50519.915    31.5779     5.9822      1.161    7.07040     5.9998    24.8516   12.68861 2.1800e+01 0.0000e+00
        117  55.382454    0.00806     0.4833     29.000      1.175  50516.047    31.5766     5.9893      1.164    7.06929     6.0124    24.8497   12.68677 2.1720e+01 0.0000e+00
        118  55.382457    0.00813     0.4875     29.250      1.189  50501.807    31.5688     5.9999      1.178    7.06789     6.0247    24.8423   12.68457 2.1099e+01 0.0000e+00
        119  55.382459    0.00819     0.4917     29.500      1.211  50478.112    31.5549     6.0125      1.200    7.06645     6.0346    24.8298   12.68236 2.0382e+01 0.0000e+00
        120  55.382462    0.00826     0.4958     29.750      1.236  50447.195    31.5359     6.0248      1.224    7.06530     6.0404    24.8133   12.68070 1.9706e+01 0.0000e+00
        121  55.382465    0.00833     0.5000     30.000      1.258  50411.687    31.5132     6.0347      1.247    7.06472     6.0413    24.7942   12.68003 1.8915e+01 0.0000e+00
        122  55.382468    0.00840     0.5042     30.250      1.275  50377.051    31.4904     6.0405      1.263    7.06483     6.0369    24.7755   12.68051 1.8330e+01 0.0000e+00
        123  55.382471    0.00847     0.5083     30.500      1.285  50350.849    31.4724     6.0414      1.273    7.06553     6.0267    24.7613   12.68189 1.8481e+01 0.0000e+00
        124  55.382474    0.00854     0.5125     30.750      1.286  50337.362    31.4622     6.0370      1.274    7.06672     6.0099    24.7538   12.68400 1.9279e+01 0.0000e+00
        125  55.382477    0.00861     0.5167     31.000      1.280  50337.535    31.4604     6.0268      1.268    7.06852     5.9882    24.7535   12.68698 2.0004e+01 0.0000e+00
        126  55.382480    0.00868     0.5208     31.250      1.269  50351.762    31.4670     6.0100      1.257    7.07099     5.9653    24.7607   12.69099 1.9907e+01 0.0000e+00
        127  55.382483    0.00875     0.5250     31.500      1.254  50377.287    31.4804     5.9883      1.243    7.07397     5.9446    24.7739   12.69574 1.9158e+01 0.0000e+00
        128  55.382486    0.00882     0.5292     31.750      1.240  50407.764    31.4970     5.9654      1.229    7.07701     5.9277    24.7897   12.70055 1.8724e+01 0.0000e+00
        129  55.382488    0.00889     0.5333     32.000      1.230  50437.663    31.5137     5.9447      1.219    7.07968     5.9148    24.8053   12.70475 1.9312e+01 0.0000e+00
        130  55.382491    0.00896     0.5375     32.250      1.223  50463.731    31.5284     5.9277      1.212    7.08181     5.9056    24.8189   12.70807 2.0785e+01 0.0000e+00
        131  55.382494    0.00903     0.5417     32.500      1.219  50482.864    31.5391     5.9149      1.207    7.08344     5.8993    24.8289   12.71063 2.2365e+01 0.0000e+00
        132  55.382497    0.00910     0.5458     32.750      1.215  50492.653    31.5441     5.9057      1.204    7.08474     5.8953    24.8340   12.71272 2.3239e+01 0.0000e+00
        133  55.382500    0.00917     0.5500     33.000      1.212  50495.551    31.5448     5.8993      1.200    7.08576     5.8936    24.8353   12.71440 2.3024e+01 0.0000e+00
        134  55.382503    0.00924     0.5542     33.250      1.209  50498.268    31.5459     5.8954      1.197    7.08637     5.8947    24.8367   12.71539 2.2249e+01 0.0000e+00
        135  55.382506    0.00931     0.5583     33.500      1.210  50506.030    31.5510     5.8937      1.198    7.08641     5.8996    24.8409   12.71539 2.2273e+01 0.0000e+00
        136  55.382509    0.00937     0.5625     33.750      1.219  50518.839    31.5600     5.8948      1.207    7.08581     5.9100    24.8479   12.71428 2.3658e+01 0.0000e+00
        137  55.382512    0.00944     0.5667     34.000      1.235  50529.260    31.5682     5.8997      1.224    7.08461     5.9261    24.8537   12.71219 2.5227e+01 0.0000e+00
        138  55.382514    0.00951     0.5708     34.250      1.255  50525.549    31.5677     5.9101      1.243    7.08290     5.9440    24.8521   12.70936 2.5646e+01 0.0000e+00
        139  55.382517    0.00958     0.5750     34.500      1.273  50501.351    31.5541     5.9262      1.260    7.08086     5.9584    24.8394   12.70617 2.4808e+01 0.0000e+00
        140  55.382520    0.00965     0.5792     34.750      1.283  50461.761    31.5302     5.9441      1.271    7.07900     5.9662    24.8185   12.70341 2.3069e+01 0.0000e+00
        141  55.382523    0.00972     0.5833     35.000      1.286  50420.725    31.5047     5.9585      1.274    7.07780     5.9661    24.7966   12.70176 2.1004e+01 0.0000e+00
        142  55.382526    0.00979     0.5875     35.250      1.281  50391.029    31.4857     5.9663      1.269    7.07739     5.9585    24.7806   12.70132 1.9460e+01 0.0000e+00
        143  55.382529    0.00986     0.5917     35.500      1.273  50378.374    31.4769     5.9662      1.261    7.07782     5.9463    24.7737   12.70214 1.8678e+01 0.0000e+00
        144  55.382532    0.00993     0.5958     35.750      1.266  50382.909    31.4785     5.9586      1.254    7.07901     5.9330    24.7759   12.70408 1.8444e+01 0.0000e+00
        145  55.382535    0.01000     0.6000     36.000      1.262  50399.230    31.4874     5.9464      1.250    7.08062     5.9205    24.7844   12.70664 1.8766e+01 0.0000e+00
        146  55.382538    0.01007     0.6042     36.250      1.259  50418.796    31.4984     5.9331      1.247    7.08233     5.9096    24.7946   12.70932 1.9589e+01 0.0000e+00
        147  55.382541    0.01014     0.6083     36.500      1.255  50434.635    31.5069     5.9206      1.243    7.08400     5.8999    24.8028   12.71197 2.0312e+01 0.0000e+00
        148  55.382543    0.01021     0.6125     36.750      1.247  50444.269    31.5114     5.9097      1.236    7.08561     5.8908    24.8077   12.71458 2.0544e+01 0.0000e+00
        149  55.382546    0.01028     0.6167     37.000      1.236  50450.656    31.5139     5.9000      1.225    7.08711     5.8809    24.8109   12.71702 2.0638e+01 0.0000e+00
        150  55.382549    0.01035     0.6208     37.250      1.222  50458.637    31.5177     5.8909      1.211    7.08846     5.8695    24.8149   12.71921 2.0922e+01 0.0000e+00
        151  55.382552    0.01042     0.6250     37.500      1.207  50471.625    31.5247     5.8810      1.196    7.08979     5.8580    24.8216   12.72131 2.1345e+01 0.0000e+00
        152  55.382555    0.01049     0.6292     37.750      1.196  50490.735    31.5357     5.8696      1.184    7.09118     5.8490    24.8316   12.72346 2.1321e+01 0.0000e+00
        153  55.382558    0.01056     0.6333     38.000      1.189  50513.968    31.5495     5.8581      1.178    7.09244     5.8441    24.8439   12.72537 2.0524e+01 0.0000e+00
        154  55.382561    0.01063     0.6375     38.250      1.190  50537.823    31.5642     5.8491      1.179    7.09325     5.8443    24.8565   12.72653 1.9626e+01 0.0000e+00
        155  55.382564    0.01069     0.6417     38.500      1.198  50558.602    31.5775     5.8442      1.187    7.09345     5.8510    24.8677   12.72668 1.9122e+01 0.0000e+00
        156  55.382567    0.01076     0.6458     38.750      1.213  50571.090    31.5862     5.8444      1.202    7.09300     5.8646    24.8745   12.72582 1.9032e+01 0.0000e+00
        157  55.382569    0.01083     0.6500     39.000      1.233  50568.800    31.5859     5.8511      1.221    7.09189     5.8823    24.8735   12.72400 1.9231e+01 0.0000e+00
        158  55.382572    0.01090     0.6542     39.250      1.252  50547.501    31.5739     5.8647      1.240    7.09019     5.8990    24.8623   12.72134 1.9542e+01 0.0000e+00
        159  55.382575    0.01097     0.6583     39.500      1.267  50510.816    31.5520     5.8824      1.255    7.08825     5.9105    24.8430   12.71842 1.9920e+01 0.0000e+00
        160  55.382578    0.01104     0.6625     39.750      1.273  50471.120    31.5279     5.8991      1.261    7.08661     5.9147    24.8219   12.71601 2.0096e+01 0.0000e+00
        161  55.382581    0.01111     0.6667     40.000      1.269  50440.616    31.5090     5.9106      1.257    7.08558     5.9114    24.8057   12.71455 1.9778e+01 0.0000e+00
        162  55.382584    0.01118     0.6708     40.250      1.258  50425.141    31.4992     5.9148      1.246    7.08533     5.9025    24.7975   12.71427 1.9332e+01 0.0000e+00
        163  55.382587    0.01125     0.6750     40.500      1.243  50425.954    31.4991     5.9115      1.232    7.08590     5.8913    24.7978   12.71520 1.9516e+01 0.0000e+00
        164  55.382590    0.01132     0.6792     40.750      1.230  50439.841    31.5070     5.9026      1.219    7.08702     5.8802    24.8050   12.71695 2.0306e+01 0.0000e+00
        165  55.382593    0.01139     0.6833     41.000      1.220  50460.500    31.5191     5.8914      1.209    7.08831     5.8703    24.8159   12.71893 2.0949e+01 0.0000e+00
        166  55.382595    0.01146     0.6875     41.250      1.213  50481.939    31.5317     5.8803      1.202    7.08957     5.8619    24.8272   12.72084 2.1118e+01 0.0000e+00
        167  55.382598    0.01153     0.6917     41.500      1.209  50499.840    31.5421     5.8704      1.198    7.09073     5.8550    24.8366   12.72263 2.1067e+01 0.0000e+00
        168  55.382601    0.01160     0.6958     41.750      1.206  50512.213    31.5490     5.8620      1.195    7.09181     5.8494    24.8430   12.72433 2.0911e+01 0.0000e+00
        169  55.382604    0.01167     0.7000     42.000      1.204  50519.565    31.5527     5.8551      1.193    7.09279     5.8452    24.8468   12.72591 2.0475e+01 0.0000e+00
        170  55.382607    0.01174     0.7042     42.250      1.202  50524.110    31.5548     5.8495      1.190    7.09362     5.8421    24.8491   12.72725 2.0003e+01 0.0000e+00
        171  55.382610    0.01181     0.7083     42.500      1.200  50527.979    31.5566     5.8453      1.188    7.09424     5.8399    24.8510   12.72825 2.0043e+01 0.0000e+00
        172  55.382613    0.01188     0.7125     42.750      1.198  50531.847    31.5587     5.8422      1.187    7.09466     5.8384    24.8530   12.72892 2.0508e+01 0.0000e+00
        173  55.382616    0.01194     0.7167     43.000      1.196  50534.571    31.5601     5.8400      1.185    7.09496     5.8377    24.8544   12.72940 2.0953e+01 0.0000e+00
        174  55.382619    0.01201     0.7208     43.250      1.193  50534.165    31.5596     5.8385      1.182    7.09524     5.8382    24.8541   12.72987 2.1140e+01 0.0000e+00
        175  55.382622    0.01208     0.7250     43.500      1.189  50530.264    31.5567     5.8378      1.178    7.09549     5.8402    24.8520   12.73031 2.1075e+01 0.0000e+00
        176  55.382624    0.01215     0.7292     43.750      1.184  50525.310    31.5534     5.8383      1.172    7.09556     5.8440    24.8493   12.73048 2.1020e+01 0.0000e+00
        177  55.382627    0.01222     0.7333     44.000      1.179  50522.620    31.5519     5.8403      1.168    7.09530     5.8500    24.8479   12.73006 2.1025e+01 0.0000e+00
        178  55.382630    0.01229     0.7375     44.250      1.178  50524.771    31.5542     5.8441      1.167    7.09456     5.8591    24.8492   12.72882 2.0799e+01 0.0000e+00
        179  55.382633    0.01236     0.7417     44.500      1.185  50533.792    31.5616     5.8501      1.174    7.09322     5.8737    24.8544   12.72651 2.0294e+01 0.0000e+00
        180  55.382636    0.01243     0.7458     44.750      1.200  50549.353    31.5741     5.8592      1.189    7.09110     5.8960    24.8632   12.72284 1.9900e+01 0.0000e+00
