CTD-processing/allCTD/CNV--turbid/2015_04-08_t9_s01_cast031.cnv
* Sea-Bird SBE19plus Data File:
* FileName = C:\Users\kris.holderied\Documents\kasitsna\Research-Projects-and-Data\Oceanography-AK\CTD-Data-ALL-to-2015-02\2015-CTD-KachemakBay-CookInlet\2015-04-EVOSTC-CookInlet-quarterly\2015-04-08-CookInlet-Tran9-HomerSpit\2015-04-08-CookInlet-Tran9-cast031.hex
* Software Version 1.59
* Temperature SN =  5028
* Conductivity SN =  5028
* System UpLoad Time = Apr 09 2015 19:27:58
** Cook Inlet LTM Tran 9 (Homer Spit) South to North
** Date: 04-08
** Station: 9-01
** Start time (AKDT): 14:09
** Depth (m): 58
** Comment:  KBL CTD. Zooplankton 40 m vertical tow. Phytoplankton surface 40 liters.
** Comment: On R/V Pandalus.
# nquan = 16
# nvalues = 476                         
# units = specified
# name 0 = scan: Scan Count
# name 1 = timeJ: Julian Days
# name 2 = timeH: Time, Elapsed [hours]
# name 3 = timeM: Time, Elapsed [minutes]
# name 4 = timeS: Time, Elapsed [seconds]
# name 5 = prdM: Pressure, Strain Gauge [db]
# name 6 = specc: Specific Conductance [uS/cm]
# name 7 = sal00: Salinity, Practical [PSU]
# name 8 = tv290C: Temperature [ITS-90, deg C]
# name 9 = depSM: Depth [salt water, m], lat = 59.00
# name 10 = oxsolML/L: Oxygen Saturation, Garcia & Gordon [ml/l]
# name 11 = potemp090C: Potential Temperature [ITS-90, deg C]
# name 12 = sigma-é00: Density [sigma-theta, kg/m^3]
# name 13 = n2satML/L: Nitrogen Saturation [ml/l]
# name 14 = par: PAR/Irradiance, Biospherical/Licor
# name 15 = flag:  0.000e+00
# span 0 =          1,        476       
# span 1 =  98.588391,  98.589766       
# span 2 =    0.00000,    0.03299       
# span 3 =     0.0000,     1.9792       
# span 4 =      0.000,    118.750       
# span 5 =     -0.215,     59.035       
# span 6 =    203.944,  50739.814       
# span 7 =     0.0950,    31.5499       
# span 8 =     5.0802,     9.4936       
# span 9 =     -0.213,     58.475       
# span 10 =    7.15933,    7.99953      
# span 11 =     5.0793,     9.4936      
# span 12 =    -0.1772,    24.9160      
# span 13 =   12.86790,   14.67222      
# span 14 = 6.2195e-02, 2.0311e+03      
# span 15 = 0.0000e+00, 0.0000e+00      
# interval = seconds: 0.25
# start_time = Apr 08 2015 14:07:17 [Instrument's time stamp, header]
# bad_flag = -9.990e-29
*END*
[from data line 272]
        273  98.589178    0.01889     1.1333     68.000      0.938  46150.182    28.5774     5.9935      0.929    7.21063     5.9998    22.4825   12.95902 9.5453e+02 0.0000e+00
        274  98.589181    0.01896     1.1375     68.250      0.855  46075.879    28.5283     6.0026      0.846    7.21143     5.9867    22.4428   12.96098 1.0179e+03 0.0000e+00
        275  98.589184    0.01903     1.1417     68.500      0.783  46015.732    28.4868     5.9998      0.776    7.21389     5.9655    22.4104   12.96559 1.0780e+03 0.0000e+00
        276  98.589187    0.01910     1.1458     68.750      0.731  45973.482    28.4557     5.9867      0.724    7.21762     5.9396    22.3873   12.97217 1.1211e+03 0.0000e+00
        277  98.589190    0.01917     1.1500     69.000      0.704  45946.981    28.4340     5.9655      0.698    7.22229     5.9123    22.3725   12.98017 1.1501e+03 0.0000e+00
        278  98.589193    0.01924     1.1542     69.250      0.705  45933.495    28.4203     5.9396      0.698    7.22738     5.8864    22.3646   12.98878 1.1228e+03 0.0000e+00
        279  98.589196    0.01931     1.1583     69.500      0.733  45934.181    28.4160     5.9123      0.726    7.23227     5.8642    22.3643   12.99692 1.0212e+03 0.0000e+00
        280  98.589198    0.01938     1.1625     69.750      0.783  45946.608    28.4200     5.8864      0.776    7.23652     5.8470    22.3703   13.00391 8.9169e+02 0.0000e+00
        281  98.589201    0.01944     1.1667     70.000      0.846  45961.870    28.4265     5.8642      0.838    7.24001     5.8346    22.3779   13.00960 7.8814e+02 0.0000e+00
        282  98.589204    0.01951     1.1708     70.250      0.915  45976.676    28.4336     5.8471      0.906    7.24262     5.8261    22.3854   13.01383 7.3086e+02 0.0000e+00
        283  98.589207    0.01958     1.1750     70.500      0.982  45994.851    28.4438     5.8347      0.973    7.24426     5.8204    22.3948   13.01641 7.0627e+02 0.0000e+00
        284  98.589210    0.01965     1.1792     70.750      1.044  46021.098    28.4601     5.8261      1.034    7.24495     5.8167    22.4087   13.01733 6.9267e+02 0.0000e+00
        285  98.589213    0.01972     1.1833     71.000      1.098  46055.705    28.4827     5.8205      1.088    7.24484     5.8143    22.4271   13.01686 6.7845e+02 0.0000e+00
        286  98.589216    0.01979     1.1875     71.250      1.140  46087.776    28.5039     5.8168      1.130    7.24444     5.8122    22.4442   13.01593 6.6730e+02 0.0000e+00
        287  98.589219    0.01986     1.1917     71.500      1.171  46101.174    28.5126     5.8144      1.161    7.24445     5.8101    22.4513   13.01583 6.6304e+02 0.0000e+00
        288  98.589222    0.01993     1.1958     71.750      1.191  46085.596    28.5016     5.8123      1.180    7.24534     5.8074    22.4429   13.01744 6.6130e+02 0.0000e+00
        289  98.589225    0.02000     1.2000     72.000      1.200  46035.890    28.4674     5.8101      1.189    7.24736     5.8036    22.4161   13.02122 6.6295e+02 0.0000e+00
        290  98.589227    0.02007     1.2042     72.250      1.198  45964.452    28.4182     5.8074      1.187    7.25019     5.7993    22.3776   13.02656 6.6753e+02 0.0000e+00
        291  98.589230    0.02014     1.2083     72.500      1.184  45900.718    28.3741     5.8037      1.173    7.25296     5.7951    22.3432   13.03170 6.8121e+02 0.0000e+00
        292  98.589233    0.02021     1.2125     72.750      1.157  45858.881    28.3449     5.7993      1.146    7.25512     5.7915    22.3206   13.03567 7.0382e+02 0.0000e+00
        293  98.589236    0.02028     1.2167     73.000      1.118  45837.936    28.3299     5.7952      1.108    7.25655     5.7878    22.3092   13.03824 7.2374e+02 0.0000e+00
        294  98.589239    0.02035     1.2208     73.250      1.071  45836.206    28.3281     5.7916      1.061    7.25727     5.7836    22.3082   13.03945 7.4419e+02 0.0000e+00
        295  98.589242    0.02042     1.2250     73.500      1.019  45851.492    28.3379     5.7879      1.009    7.25743     5.7787    22.3163   13.03959 7.7541e+02 0.0000e+00
        296  98.589245    0.02049     1.2292     73.750      0.968  45880.199    28.3567     5.7837      0.959    7.25724     5.7730    22.3317   13.03903 8.0915e+02 0.0000e+00
        297  98.589248    0.02056     1.2333     74.000      0.926  45916.088    28.3803     5.7788      0.917    7.25696     5.7666    22.3508   13.03825 8.2359e+02 0.0000e+00
        298  98.589251    0.02063     1.2375     74.250      0.900  45953.728    28.4050     5.7730      0.892    7.25676     5.7597    22.3709   13.03761 8.3077e+02 0.0000e+00
        299  98.589253    0.02069     1.2417     74.500      0.903  45990.499    28.4289     5.7666      0.895    7.25672     5.7523    22.3905   13.03722 8.3369e+02 0.0000e+00
        300  98.589256    0.02076     1.2458     74.750      0.947  46031.461    28.4556     5.7597      0.938    7.25662     5.7438    22.4124   13.03671 7.9941e+02 0.0000e+00
        301  98.589259    0.02083     1.2500     75.000      1.050  46093.075    28.4964     5.7524      1.041    7.25593     5.7327    22.4453   13.03503 7.2500e+02 0.0000e+00
        302  98.589262    0.02090     1.2542     75.250      1.231  46192.199    28.5624     5.7439      1.220    7.25421     5.7165    22.4984   13.03134 6.3764e+02 0.0000e+00
        303  98.589265    0.02097     1.2583     75.500      1.497  46357.272    28.6730     5.7328      1.484    7.25080     5.6911    22.5870   13.02427 5.5331e+02 0.0000e+00
        304  98.589268    0.02104     1.2625     75.750      1.838  46631.988    28.8575     5.7166      1.821    7.24470     5.6524    22.7344   13.01179 4.7466e+02 0.0000e+00
        305  98.589271    0.02111     1.2667     76.000      2.230  47038.644    29.1304     5.6912      2.209    7.23594     5.6007    22.9527   12.99374 4.0586e+02 0.0000e+00
        306  98.589274    0.02118     1.2708     76.250      2.651  47531.900    29.4601     5.6526      2.626    7.22671     5.5427    23.2173   12.97420 3.4866e+02 0.0000e+00
        307  98.589277    0.02125     1.2750     76.500      3.087  48001.028    29.7710     5.6009      3.059    7.22066     5.4877    23.4686   12.96015 3.0151e+02 0.0000e+00
        308  98.589280    0.02132     1.2792     76.750      3.533  48372.344    30.0138     5.5429      3.500    7.21894     5.4401    23.6668   12.95415 2.6296e+02 0.0000e+00
        309  98.589282    0.02139     1.2833     77.000      3.982  48653.728    30.1956     5.4880      3.945    7.21963     5.3987    23.8165   12.95293 2.3089e+02 0.0000e+00
        310  98.589285    0.02146     1.2875     77.250      4.427  48879.100    30.3405     5.4404      4.386    7.22084     5.3613    23.9362   12.95306 2.0364e+02 0.0000e+00
        311  98.589288    0.02153     1.2917     77.500      4.861  49071.419    30.4639     5.3991      4.816    7.22202     5.3276    24.0383   12.95341 1.8044e+02 0.0000e+00
        312  98.589291    0.02160     1.2958     77.750      5.279  49234.315    30.5680     5.3617      5.230    7.22344     5.2985    24.1246   12.95441 1.6103e+02 0.0000e+00
        313  98.589294    0.02167     1.3000     78.000      5.678  49369.674    30.6539     5.3281      5.624    7.22509     5.2729    24.1962   12.95603 1.4504e+02 0.0000e+00
        314  98.589297    0.02174     1.3042     78.250      6.055  49492.770    30.7323     5.2990      5.999    7.22632     5.2476    24.2614   12.95705 1.3191e+02 0.0000e+00
        315  98.589300    0.02181     1.3083     78.500      6.413  49624.346    30.8172     5.2734      6.353    7.22664     5.2211    24.3314   12.95648 1.2102e+02 0.0000e+00
        316  98.589303    0.02187     1.3125     78.750      6.753  49762.577    30.9067     5.2481      6.690    7.22668     5.1949    24.4050   12.95539 1.1186e+02 0.0000e+00
        317  98.589306    0.02194     1.3167     79.000      7.081  49888.647    30.9876     5.2216      7.015    7.22735     5.1704    24.4719   12.95545 1.0399e+02 0.0000e+00
        318  98.589308    0.02201     1.3208     79.250      7.402  50000.182    31.0586     5.1954      7.333    7.22843     5.1476    24.5309   12.95633 9.7016e+01 0.0000e+00
        319  98.589311    0.02208     1.3250     79.500      7.723  50097.471    31.1201     5.1709      7.651    7.22969     5.1274    24.5823   12.95761 9.0666e+01 0.0000e+00
        320  98.589314    0.02215     1.3292     79.750      8.049  50175.519    31.1688     5.1482      7.973    7.23128     5.1110    24.6233   12.95960 8.4714e+01 0.0000e+00
        321  98.589317    0.02222     1.3333     80.000      8.385  50236.598    31.2063     5.1280      8.306    7.23295     5.0988    24.6552   12.96189 7.9004e+01 0.0000e+00
        322  98.589320    0.02229     1.3375     80.250      8.734  50284.613    31.2357     5.1116      8.652    7.23437     5.0905    24.6802   12.96385 7.3485e+01 0.0000e+00
        323  98.589323    0.02236     1.3417     80.500      9.099  50321.106    31.2580     5.0994      9.014    7.23539     5.0853    24.6992   12.96525 6.8167e+01 0.0000e+00
        324  98.589326    0.02243     1.3458     80.750      9.480  50347.655    31.2743     5.0912      9.391    7.23603     5.0825    24.7130   12.96609 6.3069e+01 0.0000e+00
        325  98.589329    0.02250     1.3500     81.000      9.875  50366.286    31.2858     5.0861      9.783    7.23636     5.0810    24.7227   12.96649 5.8207e+01 0.0000e+00
        326  98.589332    0.02257     1.3542     81.250     10.281  50378.350    31.2933     5.0832     10.185    7.23648     5.0803    24.7289   12.96660 5.3615e+01 0.0000e+00
        327  98.589334    0.02264     1.3583     81.500     10.695  50385.455    31.2977     5.0818     10.595    7.23652     5.0798    24.7326   12.96659 4.9341e+01 0.0000e+00
        328  98.589337    0.02271     1.3625     81.750     11.113  50389.611    31.3002     5.0811     11.009    7.23652     5.0794    24.7346   12.96657 4.5412e+01 0.0000e+00
        329  98.589340    0.02278     1.3667     82.000     11.533  50392.585    31.3020     5.0806     11.425    7.23651     5.0793    24.7360   12.96654 4.1822e+01 0.0000e+00
        330  98.589343    0.02285     1.3708     82.250     11.951  50395.509    31.3037     5.0803     11.839    7.23648     5.0795    24.7374   12.96647 3.8551e+01 0.0000e+00
        331  98.589346    0.02292     1.3750     82.500     12.366  50398.829    31.3057     5.0802     12.250    7.23641     5.0802    24.7391   12.96631 3.5585e+01 0.0000e+00
        332  98.589349    0.02299     1.3792     82.750     12.776  50402.380    31.3080     5.0804     12.656    7.23626     5.0814    24.7409   12.96604 3.2898e+01 0.0000e+00
        333  98.589352    0.02306     1.3833     83.000     13.180  50405.242    31.3100     5.0812     13.056    7.23603     5.0829    24.7423   12.96564 3.0447e+01 0.0000e+00
        334  98.589355    0.02313     1.3875     83.250     13.577  50406.799    31.3111     5.0824     13.449    7.23576     5.0844    24.7431   12.96518 2.8196e+01 0.0000e+00
        335  98.589358    0.02319     1.3917     83.500     13.966  50406.974    31.3114     5.0839     13.835    7.23548     5.0854    24.7431   12.96472 2.6125e+01 0.0000e+00
        336  98.589361    0.02326     1.3958     83.750     14.346  50405.730    31.3106     5.0854     14.211    7.23526     5.0858    24.7424   12.96437 2.4231e+01 0.0000e+00
        337  98.589363    0.02333     1.4000     84.000     14.717  50403.740    31.3093     5.0865     14.578    7.23514     5.0856    24.7412   12.96418 2.2514e+01 0.0000e+00
        338  98.589366    0.02340     1.4042     84.250     15.075  50402.351    31.3083     5.0869     14.933    7.23512     5.0853    24.7403   12.96416 2.0966e+01 0.0000e+00
        339  98.589369    0.02347     1.4083     84.500     15.419  50402.401    31.3081     5.0867     15.274    7.23516     5.0853    24.7402   12.96422 1.9581e+01 0.0000e+00
        340  98.589372    0.02354     1.4125     84.750     15.748  50403.781    31.3088     5.0864     15.600    7.23517     5.0857    24.7409   12.96424 1.8345e+01 0.0000e+00
        341  98.589375    0.02361     1.4167     85.000     16.062  50405.649    31.3100     5.0864     15.911    7.23512     5.0865    24.7418   12.96414 1.7240e+01 0.0000e+00
        342  98.589378    0.02368     1.4208     85.250     16.364  50406.898    31.3108     5.0868     16.211    7.23501     5.0875    24.7424   12.96394 1.6247e+01 0.0000e+00
        343  98.589381    0.02375     1.4250     85.500     16.657  50407.279    31.3111     5.0877     16.501    7.23484     5.0887    24.7425   12.96366 1.5348e+01 0.0000e+00
        344  98.589384    0.02382     1.4292     85.750     16.945  50407.320    31.3112     5.0888     16.786    7.23466     5.0899    24.7425   12.96335 1.4518e+01 0.0000e+00
        345  98.589387    0.02389     1.4333     86.000     17.233  50407.260    31.3112     5.0899     17.071    7.23446     5.0914    24.7424   12.96302 1.3735e+01 0.0000e+00
        346  98.589389    0.02396     1.4375     86.250     17.528  50406.960    31.3112     5.0912     17.363    7.23424     5.0929    24.7422   12.96266 1.2980e+01 0.0000e+00
        347  98.589392    0.02403     1.4417     86.500     17.834  50406.354    31.3109     5.0927     17.667    7.23400     5.0944    24.7419   12.96227 1.2239e+01 0.0000e+00
        348  98.589395    0.02410     1.4458     86.750     18.157  50405.727    31.3107     5.0942     17.987    7.23375     5.0958    24.7415   12.96186 1.1504e+01 0.0000e+00
        349  98.589398    0.02417     1.4500     87.000     18.498  50405.289    31.3105     5.0957     18.324    7.23349     5.0972    24.7412   12.96144 1.0772e+01 0.0000e+00
        350  98.589401    0.02424     1.4542     87.250     18.857  50404.927    31.3104     5.0972     18.680    7.23323     5.0986    24.7410   12.96102 1.0048e+01 0.0000e+00
        351  98.589404    0.02431     1.4583     87.500     19.234  50404.918    31.3105     5.0987     19.053    7.23298     5.1001    24.7409   12.96060 9.3390e+00 0.0000e+00
        352  98.589407    0.02438     1.4625     87.750     19.625  50405.210    31.3108     5.1001     19.440    7.23272     5.1015    24.7410   12.96016 8.6527e+00 0.0000e+00
        353  98.589410    0.02444     1.4667     88.000     20.028  50405.105    31.3109     5.1015     19.840    7.23246     5.1028    24.7409   12.95973 7.9969e+00 0.0000e+00
        354  98.589413    0.02451     1.4708     88.250     20.438  50405.013    31.3109     5.1030     20.246    7.23221     5.1042    24.7408   12.95931 7.3778e+00 0.0000e+00
        355  98.589416    0.02458     1.4750     88.500     20.849  50406.269    31.3119     5.1043     20.653    7.23193     5.1061    24.7414   12.95884 6.8000e+00 0.0000e+00
        356  98.589418    0.02465     1.4792     88.750     21.258  50409.239    31.3140     5.1058     21.059    7.23158     5.1084    24.7429   12.95823 6.2673e+00 0.0000e+00
        357  98.589421    0.02472     1.4833     89.000     21.661  50412.116    31.3162     5.1077     21.457    7.23115     5.1108    24.7445   12.95749 5.7816e+00 0.0000e+00
        358  98.589424    0.02479     1.4875     89.250     22.052  50413.233    31.3172     5.1100     21.844    7.23069     5.1128    24.7451   12.95672 5.3435e+00 0.0000e+00
        359  98.589427    0.02486     1.4917     89.500     22.428  50413.024    31.3174     5.1124     22.217    7.23027     5.1144    24.7449   12.95603 4.9525e+00 0.0000e+00
        360  98.589430    0.02493     1.4958     89.750     22.788  50412.171    31.3171     5.1144     22.574    7.22993     5.1156    24.7444   12.95547 4.6066e+00 0.0000e+00
        361  98.589433    0.02500     1.5000     90.000     23.128  50411.264    31.3167     5.1161     22.911    7.22968     5.1165    24.7439   12.95505 4.3024e+00 0.0000e+00
