CTD-processing/allCTD/CNV--turbid/2015_08-14_alongbay_skb02_cast164.cnv
* Sea-Bird SBE19plus Data File:
* FileName = C:\Users\Kris.Holderied\Documents\kasitsna\Research-KBL\Oceanography-AK\CTD-Data-ALL-to-2015-06\2015-CTD-KachemakBay-CookInlet\2015-08-14-CookInlet-east-and-KachemakBay\2015-08-14-CookInlet-east-and_KBay-cast164.hex
* Software Version 1.59
* Temperature SN =  5028
* Conductivity SN =  5028
* System UpLoad Time = Sep 24 2015 11:34:35
** Cook Inlet East side (T6/T7), along Kachemak Bay to Spit, T9 batch upload
** Date (YYYY-MM-DD): 2015-08-14
** Station (ie. 9-01):  KB02
** Start time (AKDT): 14:53
** Depth (m): 123
** Comment:  Nuka R/V Johanna Rose
** Comment:
# nquan = 16
# nvalues = 824                         
# units = specified
# name 0 = scan: Scan Count
# name 1 = timeJ: Julian Days
# name 2 = timeH: Time, Elapsed [hours]
# name 3 = timeM: Time, Elapsed [minutes]
# name 4 = timeS: Time, Elapsed [seconds]
# name 5 = prdM: Pressure, Strain Gauge [db]
# name 6 = specc: Specific Conductance [uS/cm]
# name 7 = sal00: Salinity, Practical [PSU]
# name 8 = tv290C: Temperature [ITS-90, deg C]
# name 9 = depSM: Depth [salt water, m], lat = 59.00
# name 10 = oxsolML/L: Oxygen Saturation, Garcia & Gordon [ml/l]
# name 11 = potemp090C: Potential Temperature [ITS-90, deg C]
# name 12 = sigma-é00: Density [sigma-theta, kg/m^3]
# name 13 = n2satML/L: Nitrogen Saturation [ml/l]
# name 14 = par: PAR/Irradiance, Biospherical/Licor
# name 15 = flag:  0.000e+00
# span 0 =          1,        824       
# span 1 = 226.620289, 226.622671       
# span 2 =    0.00000,    0.05715       
# span 3 =     0.0000,     3.4292       
# span 4 =      0.000,    205.750       
# span 5 =      0.029,    122.408       
# span 6 =   2747.662,  49225.599       
# span 7 =     1.4365,    31.2485       
# span 8 =     9.8033,    12.1443       
# span 9 =      0.029,    121.228       
# span 10 =    6.26921,    7.44974      
# span 11 =     9.7900,    12.1423      
# span 12 =     0.6020,    24.0471      
# span 13 =   11.36836,   13.72778      
# span 14 = 5.6619e-02, 7.3879e+02      
# span 15 = 0.0000e+00, 0.0000e+00      
# interval = seconds: 0.25
# start_time = Aug 14 2015 14:53:13 [Instrument's time stamp, header]
# bad_flag = -9.990e-29
*END*
[from data line 181]
        182 226.620813    0.01257     0.7542     45.250      0.960  48697.197    31.1096    11.4855      0.951    6.26979    11.4842    23.6624   11.36927 4.4016e+02 0.0000e+00
        183 226.620816    0.01264     0.7583     45.500      0.961  48702.506    31.1133    11.4848      0.953    6.26974    11.4854    23.6654   11.36915 4.4158e+02 0.0000e+00
        184 226.620819    0.01271     0.7625     45.750      0.959  48707.565    31.1168    11.4843      0.950    6.26967    11.4882    23.6682   11.36899 4.4558e+02 0.0000e+00
        185 226.620822    0.01278     0.7667     46.000      0.952  48706.850    31.1164    11.4855      0.943    6.26952    11.4908    23.6677   11.36874 4.4913e+02 0.0000e+00
        186 226.620825    0.01285     0.7708     46.250      0.944  48699.787    31.1117    11.4883      0.935    6.26933    11.4912    23.6636   11.36848 4.5050e+02 0.0000e+00
        187 226.620828    0.01292     0.7750     46.500      0.938  48691.214    31.1059    11.4909      0.929    6.26921    11.4887    23.6586   11.36836 4.5023e+02 0.0000e+00
        188 226.620830    0.01299     0.7792     46.750      0.938  48687.279    31.1032    11.4913      0.929    6.26927    11.4843    23.6564   11.36848 4.4959e+02 0.0000e+00
        189 226.620833    0.01306     0.7833     47.000      0.942  48691.189    31.1057    11.4888      0.933    6.26950    11.4803    23.6588   11.36885 4.4894e+02 0.0000e+00
        190 226.620836    0.01313     0.7875     47.250      0.949  48701.326    31.1124    11.4844      0.940    6.26983    11.4793    23.6648   11.36930 4.4811e+02 0.0000e+00
        191 226.620839    0.01319     0.7917     47.500      0.953  48711.673    31.1194    11.4805      0.944    6.27008    11.4816    23.6709   11.36964 4.4657e+02 0.0000e+00
        192 226.620842    0.01326     0.7958     47.750      0.954  48715.598    31.1220    11.4794      0.945    6.27012    11.4851    23.6732   11.36966 4.4326e+02 0.0000e+00
        193 226.620845    0.01333     0.8000     48.000      0.950  48710.819    31.1189    11.4817      0.941    6.26993    11.4869    23.6703   11.36940 4.3936e+02 0.0000e+00
        194 226.620848    0.01340     0.8042     48.250      0.947  48701.573    31.1127    11.4852      0.938    6.26971    11.4853    23.6649   11.36909 4.3816e+02 0.0000e+00
        195 226.620851    0.01347     0.8083     48.500      0.946  48695.305    31.1084    11.4870      0.937    6.26963    11.4808    23.6612   11.36902 4.4047e+02 0.0000e+00
        196 226.620854    0.01354     0.8125     48.750      0.949  48697.180    31.1096    11.4854      0.940    6.26980    11.4763    23.6624   11.36929 4.4419e+02 0.0000e+00
        197 226.620856    0.01361     0.8167     49.000      0.952  48706.456    31.1157    11.4810      0.943    6.27016    11.4749    23.6680   11.36981 4.4904e+02 0.0000e+00
        198 226.620859    0.01368     0.8208     49.250      0.954  48716.353    31.1222    11.4765      0.945    6.27050    11.4771    23.6738   11.37031 4.5526e+02 0.0000e+00
        199 226.620862    0.01375     0.8250     49.500      0.952  48719.318    31.1242    11.4750      0.943    6.27061    11.4806    23.6756   11.37047 4.6140e+02 0.0000e+00
        200 226.620865    0.01382     0.8292     49.750      0.949  48713.819    31.1205    11.4772      0.941    6.27047    11.4826    23.6724   11.37027 4.6758e+02 0.0000e+00
        201 226.620868    0.01389     0.8333     50.000      0.949  48705.365    31.1149    11.4807      0.940    6.27023    11.4820    23.6674   11.36994 4.6915e+02 0.0000e+00
        202 226.620871    0.01396     0.8375     50.250      0.950  48700.811    31.1119    11.4827      0.941    6.27008    11.4797    23.6647   11.36973 4.6106e+02 0.0000e+00
        203 226.620874    0.01403     0.8417     50.500      0.953  48702.781    31.1132    11.4821      0.944    6.27011    11.4776    23.6658   11.36975 4.5105e+02 0.0000e+00
        204 226.620877    0.01410     0.8458     50.750      0.954  48708.646    31.1171    11.4798      0.945    6.27026    11.4768    23.6693   11.36996 4.4685e+02 0.0000e+00
        205 226.620880    0.01417     0.8500     51.000      0.954  48713.801    31.1205    11.4777      0.945    6.27041    11.4776    23.6723   11.37017 4.4613e+02 0.0000e+00
        206 226.620883    0.01424     0.8542     51.250      0.953  48715.662    31.1218    11.4769      0.944    6.27046    11.4792    23.6734   11.37025 4.4481e+02 0.0000e+00
        207 226.620885    0.01431     0.8583     51.500      0.952  48714.400    31.1210    11.4777      0.943    6.27039    11.4810    23.6726   11.37014 4.4073e+02 0.0000e+00
        208 226.620888    0.01438     0.8625     51.750      0.949  48711.176    31.1189    11.4793      0.941    6.27025    11.4822    23.6707   11.36993 4.3368e+02 0.0000e+00
        209 226.620891    0.01444     0.8667     52.000      0.947  48706.816    31.1160    11.4811      0.939    6.27013    11.4823    23.6682   11.36976 4.2687e+02 0.0000e+00
        210 226.620894    0.01451     0.8708     52.250      0.947  48702.583    31.1131    11.4823      0.938    6.27009    11.4816    23.6657   11.36972 4.2372e+02 0.0000e+00
        211 226.620897    0.01458     0.8750     52.500      0.950  48700.708    31.1117    11.4825      0.941    6.27011    11.4805    23.6647   11.36978 4.2431e+02 0.0000e+00
        212 226.620900    0.01465     0.8792     52.750      0.954  48702.740    31.1131    11.4817      0.945    6.27016    11.4800    23.6658   11.36985 4.2703e+02 0.0000e+00
        213 226.620903    0.01472     0.8833     53.000      0.959  48707.514    31.1164    11.4806      0.950    6.27018    11.4812    23.6686   11.36984 4.3103e+02 0.0000e+00
        214 226.620906    0.01479     0.8875     53.250      0.960  48711.139    31.1189    11.4801      0.951    6.27014    11.4837    23.6706   11.36974 4.3409e+02 0.0000e+00
        215 226.620909    0.01486     0.8917     53.500      0.958  48709.669    31.1180    11.4813      0.949    6.27002    11.4861    23.6697   11.36956 4.3372e+02 0.0000e+00
        216 226.620911    0.01493     0.8958     53.750      0.953  48702.869    31.1134    11.4838      0.944    6.26987    11.4870    23.6658   11.36936 4.3239e+02 0.0000e+00
        217 226.620914    0.01500     0.9000     54.000      0.949  48694.807    31.1080    11.4862      0.941    6.26976    11.4861    23.6611   11.36924 4.3131e+02 0.0000e+00
        218 226.620917    0.01507     0.9042     54.250      0.948  48690.042    31.1047    11.4871      0.940    6.26977    11.4841    23.6584   11.36930 4.2746e+02 0.0000e+00
        219 226.620920    0.01514     0.9083     54.500      0.951  48690.455    31.1049    11.4862      0.942    6.26988    11.4821    23.6587   11.36948 4.2236e+02 0.0000e+00
        220 226.620923    0.01521     0.9125     54.750      0.956  48695.077    31.1080    11.4842      0.947    6.27002    11.4809    23.6614   11.36968 4.1933e+02 0.0000e+00
        221 226.620926    0.01528     0.9167     55.000      0.961  48701.430    31.1123    11.4822      0.952    6.27012    11.4811    23.6651   11.36979 4.1754e+02 0.0000e+00
        222 226.620929    0.01535     0.9208     55.250      0.963  48706.795    31.1159    11.4810      0.954    6.27014    11.4830    23.6682   11.36978 4.1655e+02 0.0000e+00
        223 226.620932    0.01542     0.9250     55.500      0.960  48708.289    31.1170    11.4812      0.951    6.27007    11.4853    23.6690   11.36965 4.1763e+02 0.0000e+00
        224 226.620935    0.01549     0.9292     55.750      0.953  48703.897    31.1141    11.4831      0.944    6.26994    11.4861    23.6664   11.36946 4.1962e+02 0.0000e+00
        225 226.620938    0.01556     0.9333     56.000      0.947  48695.645    31.1085    11.4854      0.938    6.26985    11.4837    23.6616   11.36937 4.1915e+02 0.0000e+00
        226 226.620940    0.01563     0.9375     56.250      0.946  48689.458    31.1042    11.4862      0.937    6.26992    11.4784    23.6581   11.36954 4.1696e+02 0.0000e+00
        227 226.620943    0.01569     0.9417     56.500      0.952  48691.014    31.1050    11.4838      0.943    6.27020    11.4727    23.6592   11.37000 4.1703e+02 0.0000e+00
        228 226.620946    0.01576     0.9458     56.750      0.962  48701.612    31.1120    11.4785      0.953    6.27064    11.4707    23.6655   11.37065 4.1822e+02 0.0000e+00
        229 226.620949    0.01583     0.9500     57.000      0.970  48715.173    31.1210    11.4728      0.961    6.27104    11.4735    23.6735   11.37120 4.1778e+02 0.0000e+00
        230 226.620952    0.01590     0.9542     57.250      0.971  48721.845    31.1255    11.4708      0.962    6.27113    11.4786    23.6774   11.37130 4.1678e+02 0.0000e+00
        231 226.620955    0.01597     0.9583     57.500      0.965  48717.094    31.1224    11.4737      0.956    6.27086    11.4817    23.6745   11.37090 4.1689e+02 0.0000e+00
        232 226.620958    0.01604     0.9625     57.750      0.955  48705.451    31.1147    11.4787      0.946    6.27050    11.4802    23.6676   11.37039 4.1838e+02 0.0000e+00
        233 226.620961    0.01611     0.9667     58.000      0.945  48695.919    31.1083    11.4818      0.937    6.27033    11.4742    23.6621   11.37019 4.1947e+02 0.0000e+00
        234 226.620964    0.01618     0.9708     58.250      0.940  48695.202    31.1076    11.4804      0.931    6.27055    11.4664    23.6618   11.37057 4.1832e+02 0.0000e+00
        235 226.620966    0.01625     0.9750     58.500      0.940  48704.196    31.1134    11.4743      0.932    6.27114    11.4603    23.6674   11.37147 4.1657e+02 0.0000e+00
        236 226.620969    0.01632     0.9792     58.750      0.944  48718.289    31.1225    11.4665      0.936    6.27182    11.4581    23.6759   11.37249 4.1595e+02 0.0000e+00
        237 226.620972    0.01639     0.9833     59.000      0.950  48730.928    31.1308    11.4604      0.941    6.27231    11.4605    23.6834   11.37319 4.1620e+02 0.0000e+00
        238 226.620975    0.01646     0.9875     59.250      0.954  48736.846    31.1348    11.4582      0.946    6.27244    11.4657    23.6869   11.37337 4.1678e+02 0.0000e+00
        239 226.620978    0.01653     0.9917     59.500      0.956  48733.411    31.1326    11.4606      0.947    6.27221    11.4706    23.6847   11.37301 4.1631e+02 0.0000e+00
        240 226.620981    0.01660     0.9958     59.750      0.954  48722.377    31.1253    11.4658      0.945    6.27181    11.4729    23.6782   11.37243 4.1469e+02 0.0000e+00
        241 226.620984    0.01667     1.0000     60.000      0.952  48709.216    31.1165    11.4707      0.943    6.27150    11.4716    23.6705   11.37202 4.1524e+02 0.0000e+00
        242 226.620987    0.01674     1.0042     60.250      0.951  48699.890    31.1102    11.4730      0.942    6.27144    11.4671    23.6651   11.37199 4.1726e+02 0.0000e+00
        243 226.620990    0.01681     1.0083     60.500      0.952  48698.209    31.1088    11.4717      0.944    6.27167    11.4619    23.6643   11.37239 4.1567e+02 0.0000e+00
        244 226.620992    0.01688     1.0125     60.750      0.955  48703.579    31.1122    11.4673      0.947    6.27213    11.4581    23.6677   11.37312 4.1247e+02 0.0000e+00
        245 226.620995    0.01694     1.0167     61.000      0.957  48710.431    31.1165    11.4620      0.949    6.27266    11.4563    23.6720   11.37395 4.1234e+02 0.0000e+00
        246 226.620998    0.01701     1.0208     61.250      0.956  48711.577    31.1169    11.4583      0.947    6.27315    11.4543    23.6730   11.37475 4.1536e+02 0.0000e+00
        247 226.621001    0.01708     1.0250     61.500      0.949  48702.033    31.1099    11.4564      0.941    6.27367    11.4483    23.6679   11.37570 4.1957e+02 0.0000e+00
        248 226.621004    0.01715     1.0292     61.750      0.939  48680.486    31.0944    11.4545      0.931    6.27456    11.4337    23.6562   11.37735 4.2283e+02 0.0000e+00
        249 226.621007    0.01722     1.0333     62.000      0.929  48648.148    31.0709    11.4484      0.920    6.27630    11.4078    23.6389   11.38052 4.2472e+02 0.0000e+00
        250 226.621010    0.01729     1.0375     62.250      0.921  48612.329    31.0439    11.4338      0.912    6.27934    11.3741    23.6205   11.38587 4.2656e+02 0.0000e+00
        251 226.621013    0.01736     1.0417     62.500      0.917  48590.954    31.0259    11.4080      0.909    6.28352    11.3407    23.6112   11.39301 4.2874e+02 0.0000e+00
        252 226.621016    0.01743     1.0458     62.750      0.918  48594.846    31.0251    11.3742      0.910    6.28808    11.3134    23.6165   11.40059 4.2947e+02 0.0000e+00
        253 226.621019    0.01750     1.0500     63.000      0.922  48614.159    31.0352    11.3408      0.914    6.29217    11.2937    23.6303   11.40725 4.2865e+02 0.0000e+00
        254 226.621021    0.01757     1.0542     63.250      0.925  48635.256    31.0472    11.3136      0.917    6.29535    11.2804    23.6444   11.41238 4.2647e+02 0.0000e+00
        255 226.621024    0.01764     1.0583     63.500      0.927  48652.473    31.0573    11.2939      0.918    6.29760    11.2718    23.6557   11.41599 4.2277e+02 0.0000e+00
        256 226.621027    0.01771     1.0625     63.750      0.928  48664.804    31.0646    11.2806      0.920    6.29909    11.2663    23.6637   11.41838 4.2147e+02 0.0000e+00
        257 226.621030    0.01778     1.0667     64.000      0.930  48673.005    31.0694    11.2719      0.922    6.30006    11.2627    23.6690   11.41993 4.2541e+02 0.0000e+00
        258 226.621033    0.01785     1.0708     64.250      0.934  48678.159    31.0725    11.2664      0.925    6.30068    11.2603    23.6724   11.42093 4.3021e+02 0.0000e+00
        259 226.621036    0.01792     1.0750     64.500      0.938  48681.182    31.0742    11.2628      0.929    6.30109    11.2584    23.6744   11.42159 4.2996e+02 0.0000e+00
        260 226.621039    0.01799     1.0792     64.750      0.940  48682.767    31.0751    11.2604      0.931    6.30139    11.2569    23.6755   11.42207 4.2580e+02 0.0000e+00
        261 226.621042    0.01806     1.0833     65.000      0.940  48683.473    31.0754    11.2586      0.931    6.30162    11.2555    23.6761   11.42245 4.2321e+02 0.0000e+00
        262 226.621045    0.01812     1.0875     65.250      0.940  48683.647    31.0754    11.2571      0.931    6.30183    11.2539    23.6763   11.42280 4.2374e+02 0.0000e+00
        263 226.621047    0.01819     1.0917     65.500      0.942  48683.306    31.0750    11.2556      0.933    6.30204    11.2520    23.6763   11.42315 4.2565e+02 0.0000e+00
        264 226.621050    0.01826     1.0958     65.750      0.944  48682.524    31.0743    11.2540      0.935    6.30229    11.2497    23.6760   11.42356 4.2735e+02 0.0000e+00
        265 226.621053    0.01833     1.1000     66.000      0.947  48681.780    31.0735    11.2521      0.938    6.30257    11.2474    23.6757   11.42404 4.2727e+02 0.0000e+00
        266 226.621056    0.01840     1.1042     66.250      0.948  48681.944    31.0734    11.2499      0.939    6.30288    11.2456    23.6760   11.42455 4.2629e+02 0.0000e+00
        267 226.621059    0.01847     1.1083     66.500      0.947  48683.509    31.0742    11.2476      0.938    6.30316    11.2446    23.6771   11.42501 4.2708e+02 0.0000e+00
        268 226.621062    0.01854     1.1125     66.750      0.943  48685.912    31.0757    11.2457      0.934    6.30335    11.2447    23.6786   11.42531 4.2934e+02 0.0000e+00
        269 226.621065    0.01861     1.1167     67.000      0.938  48688.374    31.0774    11.2447      0.929    6.30341    11.2457    23.6800   11.42540 4.3073e+02 0.0000e+00
        270 226.621068    0.01868     1.1208     67.250      0.932  48690.294    31.0787    11.2448      0.924    6.30335    11.2472    23.6811   11.42528 4.3043e+02 0.0000e+00
        271 226.621071    0.01875     1.1250     67.500      0.928  48691.355    31.0796    11.2458      0.920    6.30319    11.2491    23.6816   11.42499 4.3034e+02 0.0000e+00
