CTD-processing/allCTD/CNV--turbid/2015_11-04_t4_s08_cast022.cnv
* Sea-Bird SBE19plus Data File:
* FileName = C:\Users\Kris.Holderied\Documents\kasitsna\Research-KBL\Oceanography-AK\CTD-Data-ALL-to-2015-10\2015-CTD-KachemakBay-CookInlet\2015-11-EVOSTC-CookInlet-quarterly\2015-11-04-CookInlet-Tran4-Barabara\2015-11-04-CookInlet-Tran4-cast022.hex
* Software Version 1.59
* Temperature SN =  5028
* Conductivity SN =  5028
* System UpLoad Time = Nov 04 2015 19:07:11
** Cook Inlet LTM Tran4 Barabara North to South

** Date: 11-04
** Station: 4-08
** Start time (AKST): 16:03
** Depth (m): 26.2
** Comment: M/V Ursus.
** Comment:
# nquan = 16
# nvalues = 481                         
# units = specified
# name 0 = scan: Scan Count
# name 1 = timeJ: Julian Days
# name 2 = timeH: Time, Elapsed [hours]
# name 3 = timeM: Time, Elapsed [minutes]
# name 4 = timeS: Time, Elapsed [seconds]
# name 5 = prdM: Pressure, Strain Gauge [db]
# name 6 = specc: Specific Conductance [uS/cm]
# name 7 = sal00: Salinity, Practical [PSU]
# name 8 = tv290C: Temperature [ITS-90, deg C]
# name 9 = depSM: Depth [salt water, m], lat = 59.00
# name 10 = oxsolML/L: Oxygen Saturation, Garcia & Gordon [ml/l]
# name 11 = potemp090C: Potential Temperature [ITS-90, deg C]
# name 12 = sigma-é00: Density [sigma-theta, kg/m^3]
# name 13 = n2satML/L: Nitrogen Saturation [ml/l]
# name 14 = par: PAR/Irradiance, Biospherical/Licor
# name 15 = flag:  0.000e+00
# span 0 =          1,        481       
# span 1 = 308.668252, 308.669641       
# span 2 =    0.00000,    0.03333       
# span 3 =     0.0000,     2.0000       
# span 4 =      0.000,    120.000       
# span 5 =     -0.068,     27.516       
# span 6 =   1651.352,  48025.923       
# span 7 =     0.8102,    30.3234       
# span 8 =     5.3683,     8.9839       
# span 9 =     -0.068,     27.257       
# span 10 =    6.65488,    8.80430      
# span 11 =     5.3723,     8.9811      
# span 12 =     0.6080,    23.4614      
# span 13 =   12.01687,   16.02067      
# span 14 = 7.3585e-02, 2.4697e+01      
# span 15 = 0.0000e+00, 0.0000e+00      
# interval = seconds: 0.25
# start_time = Nov 04 2015 16:02:17 [Instrument's time stamp, header]
# bad_flag = -9.990e-29
*END*
[from data line 91]
         92 308.668516    0.00632     0.3792     22.750      1.416  47055.875    29.5348     8.1011      1.403    6.82339     8.1026    22.9712   12.30572 8.5229e+00 0.0000e+00
         93 308.668519    0.00639     0.3833     23.000      1.418  47076.316    29.5491     8.1015      1.405    6.82270     8.1057    22.9823   12.30439 8.6569e+00 0.0000e+00
         94 308.668521    0.00646     0.3875     23.250      1.415  47118.946    29.5788     8.1027      1.402    6.82119     8.1112    23.0055   12.30152 8.8587e+00 0.0000e+00
         95 308.668524    0.00653     0.3917     23.500      1.407  47174.618    29.6179     8.1058      1.394    6.81898     8.1187    23.0357   12.29738 9.0778e+00 0.0000e+00
         96 308.668527    0.00660     0.3958     23.750      1.397  47230.967    29.6579     8.1113      1.384    6.81635     8.1269    23.0662   12.29253 9.2409e+00 0.0000e+00
         97 308.668530    0.00667     0.4000     24.000      1.386  47279.654    29.6928     8.1189      1.373    6.81363     8.1341    23.0925   12.28759 9.3380e+00 0.0000e+00
         98 308.668533    0.00674     0.4042     24.250      1.376  47314.445    29.7181     8.1270      1.363    6.81124     8.1390    23.1113   12.28332 9.4040e+00 0.0000e+00
         99 308.668536    0.00681     0.4083     24.500      1.369  47331.156    29.7308     8.1342      1.356    6.80957     8.1408    23.1202   12.28040 9.4382e+00 0.0000e+00
        100 308.668539    0.00688     0.4125     24.750      1.365  47328.516    29.7297     8.1391      1.352    6.80887     8.1396    23.1186   12.27925 9.4187e+00 0.0000e+00
        101 308.668542    0.00694     0.4167     25.000      1.364  47307.642    29.7154     8.1409      1.351    6.80921     8.1361    23.1072   12.27999 9.3542e+00 0.0000e+00
        102 308.668545    0.00701     0.4208     25.250      1.365  47276.503    29.6936     8.1397      1.352    6.81037     8.1328    23.0903   12.28218 9.2628e+00 0.0000e+00
        103 308.668547    0.00708     0.4250     25.500      1.366  47252.386    29.6764     8.1363      1.353    6.81166     8.1314    23.0772   12.28453 9.1602e+00 0.0000e+00
        104 308.668550    0.00715     0.4292     25.750      1.365  47251.647    29.6754     8.1329      1.352    6.81223     8.1324    23.0769   12.28547 9.0759e+00 0.0000e+00
        105 308.668553    0.00722     0.4333     26.000      1.362  47274.388    29.6910     8.1315      1.349    6.81175     8.1352    23.0894   12.28449 9.0266e+00 0.0000e+00
        106 308.668556    0.00729     0.4375     26.250      1.358  47305.948    29.7130     8.1325      1.345    6.81062     8.1388    23.1065   12.28235 9.0189e+00 0.0000e+00
        107 308.668559    0.00736     0.4417     26.500      1.355  47332.904    29.7322     8.1353      1.342    6.80934     8.1420    23.1211   12.27999 9.0578e+00 0.0000e+00
        108 308.668562    0.00743     0.4458     26.750      1.354  47350.797    29.7451     8.1389      1.341    6.80821     8.1447    23.1308   12.27795 9.0973e+00 0.0000e+00
        109 308.668565    0.00750     0.4500     27.000      1.354  47364.837    29.7554     8.1422      1.341    6.80726     8.1476    23.1383   12.27624 9.0758e+00 0.0000e+00
        110 308.668568    0.00757     0.4542     27.250      1.356  47381.325    29.7672     8.1448      1.343    6.80632     8.1509    23.1472   12.27454 9.0148e+00 0.0000e+00
        111 308.668571    0.00764     0.4583     27.500      1.359  47396.147    29.7779     8.1477      1.346    6.80540     8.1535    23.1552   12.27288 8.9930e+00 0.0000e+00
        112 308.668573    0.00771     0.4625     27.750      1.366  47398.959    29.7803     8.1510      1.353    6.80478     8.1541    23.1567   12.27183 9.0264e+00 0.0000e+00
        113 308.668576    0.00778     0.4667     28.000      1.377  47383.507    29.7700     8.1536      1.364    6.80484     8.1522    23.1482   12.27206 9.0532e+00 0.0000e+00
        114 308.668579    0.00785     0.4708     28.250      1.391  47351.089    29.7475     8.1542      1.377    6.80575     8.1490    23.1305   12.27384 9.0190e+00 0.0000e+00
        115 308.668582    0.00792     0.4750     28.500      1.405  47310.693    29.7192     8.1523      1.392    6.80730     8.1464    23.1086   12.27676 8.9444e+00 0.0000e+00
        116 308.668585    0.00799     0.4792     28.750      1.418  47274.112    29.6933     8.1491      1.405    6.80893     8.1451    23.0887   12.27979 8.8986e+00 0.0000e+00
        117 308.668588    0.00806     0.4833     29.000      1.428  47246.691    29.6739     8.1465      1.415    6.81020     8.1448    23.0739   12.28213 8.8993e+00 0.0000e+00
        118 308.668591    0.00813     0.4875     29.250      1.432  47228.042    29.6608     8.1452      1.419    6.81097     8.1452    23.0637   12.28358 8.9087e+00 0.0000e+00
        119 308.668594    0.00819     0.4917     29.500      1.429  47220.181    29.6553     8.1450      1.416    6.81126     8.1461    23.0595   12.28411 8.9163e+00 0.0000e+00
        120 308.668597    0.00826     0.4958     29.750      1.418  47229.710    29.6620     8.1453      1.404    6.81090     8.1476    23.0647   12.28345 8.9450e+00 0.0000e+00
        121 308.668600    0.00833     0.5000     30.000      1.398  47261.791    29.6844     8.1462      1.385    6.80978     8.1502    23.0821   12.28131 9.0053e+00 0.0000e+00
        122 308.668602    0.00840     0.5042     30.250      1.374  47310.097    29.7181     8.1477      1.361    6.80805     8.1543    23.1084   12.27803 9.0871e+00 0.0000e+00
        123 308.668605    0.00847     0.5083     30.500      1.347  47359.583    29.7529     8.1503      1.335    6.80609     8.1593    23.1353   12.27436 9.1633e+00 0.0000e+00
        124 308.668608    0.00854     0.5125     30.750      1.323  47400.145    29.7817     8.1544      1.310    6.80418     8.1640    23.1572   12.27083 9.1895e+00 0.0000e+00
        125 308.668611    0.00861     0.5167     31.000      1.304  47428.170    29.8019     8.1594      1.292    6.80252     8.1672    23.1724   12.26783 9.1332e+00 0.0000e+00
        126 308.668614    0.00868     0.5208     31.250      1.295  47442.073    29.8123     8.1641      1.283    6.80134     8.1677    23.1798   12.26574 9.0117e+00 0.0000e+00
        127 308.668617    0.00875     0.5250     31.500      1.297  47439.698    29.8111     8.1673      1.285    6.80091     8.1644    23.1785   12.26504 8.8716e+00 0.0000e+00
        128 308.668620    0.00882     0.5292     31.750      1.311  47415.987    29.7947     8.1678      1.299    6.80156     8.1557    23.1655   12.26632 8.7427e+00 0.0000e+00
        129 308.668623    0.00889     0.5333     32.000      1.336  47364.368    29.7583     8.1645      1.323    6.80369     8.1402    23.1375   12.27030 8.6415e+00 0.0000e+00
        130 308.668626    0.00896     0.5375     32.250      1.365  47287.266    29.7034     8.1558      1.353    6.80746     8.1154    23.0957   12.27722 8.5813e+00 0.0000e+00
        131 308.668628    0.00903     0.5417     32.500      1.395  47203.308    29.6428     8.1403      1.382    6.81256     8.0782    23.0504   12.28643 8.5511e+00 0.0000e+00
        132 308.668631    0.00910     0.5458     32.750      1.418  47139.524    29.5949     8.1155      1.405    6.81853     8.0283    23.0162   12.29691 8.5532e+00 0.0000e+00
        133 308.668634    0.00917     0.5500     33.000      1.430  47121.299    29.5768     8.0783      1.416    6.82510     7.9713    23.0072   12.30803 8.6451e+00 0.0000e+00
        134 308.668637    0.00924     0.5542     33.250      1.426  47159.887    29.5963     8.0284      1.413    6.83199     7.9174    23.0294   12.31919 8.8656e+00 0.0000e+00
        135 308.668640    0.00931     0.5583     33.500      1.405  47248.378    29.6493     7.9714      1.392    6.83850     7.8792    23.0788   12.32931 9.1722e+00 0.0000e+00
        136 308.668643    0.00937     0.5625     33.750      1.368  47372.477    29.7275     7.9175      1.356    6.84341     7.8666    23.1475   12.33646 9.4608e+00 0.0000e+00
        137 308.668646    0.00944     0.5667     34.000      1.324  47503.095    29.8125     7.8793      1.311    6.84558     7.8805    23.2194   12.33899 9.6867e+00 0.0000e+00
        138 308.668649    0.00951     0.5708     34.250      1.280  47595.207    29.8746     7.8668      1.268    6.84476     7.9102    23.2698   12.33686 9.8798e+00 0.0000e+00
        139 308.668652    0.00958     0.5750     34.500      1.246  47623.236    29.8962     7.8806      1.234    6.84164     7.9413    23.2848   12.33141 9.9611e+00 0.0000e+00
        140 308.668655    0.00965     0.5792     34.750      1.223  47592.934    29.8796     7.9103      1.212    6.83775     7.9635    23.2678   12.32518 9.8536e+00 0.0000e+00
        141 308.668657    0.00972     0.5833     35.000      1.213  47521.415    29.8346     7.9414      1.202    6.83491     7.9717    23.2282   12.32104 9.6510e+00 0.0000e+00
        142 308.668660    0.00979     0.5875     35.250      1.212  47431.090    29.7752     7.9636      1.201    6.83409     7.9627    23.1786   12.32044 9.4219e+00 0.0000e+00
        143 308.668663    0.00986     0.5917     35.500      1.218  47350.518    29.7205     7.9718      1.207    6.83525     7.9353    23.1346   12.32304 9.1244e+00 0.0000e+00
        144 308.668666    0.00993     0.5958     35.750      1.226  47305.959    29.6882     7.9628      1.215    6.83809     7.8946    23.1105   12.32814 8.7683e+00 0.0000e+00
        145 308.668669    0.01000     0.6000     36.000      1.235  47309.941    29.6869     7.9354      1.223    6.84242     7.8512    23.1132   12.33533 8.4585e+00 0.0000e+00
        146 308.668672    0.01007     0.6042     36.250      1.241  47355.157    29.7122     7.8947      1.229    6.84765     7.8149    23.1386   12.34367 8.2760e+00 0.0000e+00
        147 308.668675    0.01014     0.6083     36.500      1.245  47422.812    29.7527     7.8514      1.233    6.85261     7.7900    23.1763   12.35138 8.2043e+00 0.0000e+00
        148 308.668678    0.01021     0.6125     36.750      1.245  47495.364    29.7976     7.8151      1.234    6.85628     7.7762    23.2164   12.35689 8.2218e+00 0.0000e+00
        149 308.668681    0.01028     0.6167     37.000      1.244  47559.920    29.8386     7.7902      1.233    6.85834     7.7708    23.2520   12.35978 8.3509e+00 0.0000e+00
        150 308.668683    0.01035     0.6208     37.250      1.243  47609.636    29.8710     7.7763      1.232    6.85905     7.7707    23.2794   12.36056 8.5369e+00 0.0000e+00
        151 308.668686    0.01042     0.6250     37.500      1.244  47643.068    29.8934     7.7709      1.232    6.85890     7.7735    23.2977   12.36003 8.6699e+00 0.0000e+00
        152 308.668689    0.01049     0.6292     37.750      1.248  47659.125    29.9046     7.7708      1.236    6.85841     7.7772    23.3064   12.35908 8.7714e+00 0.0000e+00
        153 308.668692    0.01056     0.6333     38.000      1.257  47655.034    29.9022     7.7736      1.245    6.85808     7.7799    23.3041   12.35857 8.8924e+00 0.0000e+00
        154 308.668695    0.01063     0.6375     38.250      1.270  47630.498    29.8857     7.7773      1.258    6.85824     7.7793    23.2907   12.35904 8.9528e+00 0.0000e+00
        155 308.668698    0.01069     0.6417     38.500      1.283  47594.419    29.8611     7.7800      1.271    6.85892     7.7739    23.2710   12.36047 8.9290e+00 0.0000e+00
        156 308.668701    0.01076     0.6458     38.750      1.293  47561.562    29.8382     7.7794      1.281    6.86003     7.7625    23.2532   12.36259 8.9140e+00 0.0000e+00
        157 308.668704    0.01083     0.6500     39.000      1.297  47542.428    29.8241     7.7740      1.285    6.86150     7.7455    23.2428   12.36522 8.9513e+00 0.0000e+00
        158 308.668707    0.01090     0.6542     39.250      1.293  47543.619    29.8232     7.7626      1.280    6.86333     7.7272    23.2437   12.36825 8.9976e+00 0.0000e+00
        159 308.668709    0.01097     0.6583     39.500      1.278  47568.195    29.8376     7.7456      1.265    6.86536     7.7143    23.2573   12.37143 9.0130e+00 0.0000e+00
        160 308.668712    0.01104     0.6625     39.750      1.253  47611.464    29.8648     7.7273      1.242    6.86701     7.7117    23.2812   12.37383 9.0152e+00 0.0000e+00
        161 308.668715    0.01111     0.6667     40.000      1.223  47661.019    29.8972     7.7144      1.212    6.86759     7.7225    23.3083   12.37437 9.0263e+00 0.0000e+00
        162 308.668718    0.01118     0.6708     40.250      1.193  47700.637    29.9243     7.7118      1.182    6.86679     7.7491    23.3299   12.37270 9.0501e+00 0.0000e+00
        163 308.668721    0.01125     0.6750     40.500      1.169  47716.072    29.9367     7.7226      1.158    6.86454     7.7884    23.3381   12.36882 9.0706e+00 0.0000e+00
        164 308.668724    0.01132     0.6792     40.750      1.156  47699.341    29.9291     7.7492      1.145    6.86072     7.8305    23.3286   12.36260 9.0425e+00 0.0000e+00
        165 308.668727    0.01139     0.6833     41.000      1.158  47650.857    29.9015     7.7885      1.147    6.85581     7.8650    23.3015   12.35481 8.9440e+00 0.0000e+00
        166 308.668730    0.01146     0.6875     41.250      1.175  47578.605    29.8577     7.8306      1.164    6.85118     7.8863    23.2614   12.34769 8.7987e+00 0.0000e+00
        167 308.668733    0.01153     0.6917     41.500      1.204  47496.895    29.8061     7.8651      1.193    6.84807     7.8913    23.2163   12.34319 8.6410e+00 0.0000e+00
        168 308.668736    0.01160     0.6958     41.750      1.240  47424.358    29.7590     7.8864      1.229    6.84684     7.8766    23.1764   12.34175 8.5054e+00 0.0000e+00
        169 308.668738    0.01167     0.7000     42.000      1.277  47377.191    29.7270     7.8914      1.265    6.84749     7.8425    23.1507   12.34323 8.4196e+00 0.0000e+00
        170 308.668741    0.01174     0.7042     42.250      1.308  47366.515    29.7174     7.8767      1.296    6.85022     7.7974    23.1451   12.34787 8.3903e+00 0.0000e+00
        171 308.668744    0.01181     0.7083     42.500      1.328  47396.200    29.7328     7.8426      1.316    6.85487     7.7531    23.1619   12.35537 8.4377e+00 0.0000e+00
        172 308.668747    0.01188     0.7125     42.750      1.335  47457.540    29.7686     7.7975      1.323    6.86035     7.7190    23.1961   12.36399 8.5883e+00 0.0000e+00
        173 308.668750    0.01194     0.7167     43.000      1.327  47535.153    29.8157     7.7532      1.315    6.86517     7.6998    23.2391   12.37138 8.8402e+00 0.0000e+00
        174 308.668753    0.01201     0.7208     43.250      1.307  47615.236    29.8661     7.7191      1.295    6.86826     7.6976    23.2832   12.37587 9.1572e+00 0.0000e+00
        175 308.668756    0.01208     0.7250     43.500      1.278  47683.637    29.9106     7.6999      1.266    6.86929     7.7146    23.3208   12.37701 9.4721e+00 0.0000e+00
        176 308.668759    0.01215     0.7292     43.750      1.245  47725.162    29.9391     7.6977      1.234    6.86835     7.7491    23.3434   12.37510 9.7120e+00 0.0000e+00
        177 308.668762    0.01222     0.7333     44.000      1.213  47732.444    29.9468     7.7147      1.202    6.86535     7.7938    23.3471   12.37004 9.8071e+00 0.0000e+00
        178 308.668764    0.01229     0.7375     44.250      1.187  47710.491    29.9368     7.7492      1.176    6.86038     7.8391    23.3346   12.36194 9.7553e+00 0.0000e+00
        179 308.668767    0.01236     0.7417     44.500      1.172  47665.036    29.9121     7.7939      1.162    6.85448     7.8755    23.3091   12.35247 9.6430e+00 0.0000e+00
        180 308.668770    0.01243     0.7458     44.750      1.172  47595.027    29.8703     7.8392      1.161    6.84926     7.8959    23.2702   12.34436 9.5143e+00 0.0000e+00
