CTD-processing/allCTD/CNV--turbid/2015_07-10_subbays_chinapoota_cast286.cnv
* Sea-Bird SBE19plus Data File:
* FileName = C:\Users\Kris.Holderied\Documents\kasitsna\Research-KBL\Oceanography-AK\CTD-Data-ALL-to-2015-10\2015-CTD-KachemakBay-CookInlet\2015-07-10-KachemakBay-Subbays\2015-07-10-KachemakBay-subbays-cast286.hex
* Software Version 1.59
* Temperature SN =  4141
* Conductivity SN =  4141
* System UpLoad Time = Nov 02 2015 20:02:36
** Kachemak Bay Intensive Survey - Sub-bays

** Date: 07-10
** Station:  China Poot A
** Start time (AKDT): 14:34
** Depth (m): 15.2
** Comment:  Survey included T9, sub-bays and along-bay line on two boats.
** Comment: R/V Barnacle. KBRR CTD.  Seldovia done with other boat.
# nquan = 16
# nvalues = 459                         
# units = specified
# name 0 = scan: Scan Count
# name 1 = timeJ: Julian Days
# name 2 = timeH: Time, Elapsed [hours]
# name 3 = timeM: Time, Elapsed [minutes]
# name 4 = timeS: Time, Elapsed [seconds]
# name 5 = prdM: Pressure, Strain Gauge [db]
# name 6 = specc: Specific Conductance [uS/cm]
# name 7 = sal00: Salinity, Practical [PSU]
# name 8 = tv290C: Temperature [ITS-90, deg C]
# name 9 = depSM: Depth [salt water, m], lat = 59.00
# name 10 = oxsolML/L: Oxygen Saturation, Garcia & Gordon [ml/l]
# name 11 = potemp090C: Potential Temperature [ITS-90, deg C]
# name 12 = sigma-é00: Density [sigma-theta, kg/m^3]
# name 13 = n2satML/L: Nitrogen Saturation [ml/l]
# name 14 = par: PAR/Irradiance, Biospherical/Licor
# name 15 = flag:  0.000e+00
# span 0 =          1,        459       
# span 1 = 191.607535, 191.608860       
# span 2 =    0.00000,    0.03181       
# span 3 =     0.0000,     1.9083       
# span 4 =      0.000,    114.500       
# span 5 =     -0.149,     11.109       
# span 6 =    556.654,  49437.606       
# span 7 =     0.2685,    31.3077       
# span 8 =     8.8879,    12.7628       
# span 9 =     -0.148,     11.005       
# span 10 =    6.32449,    7.40047      
# span 11 =     8.8867,    12.7629      
# span 12 =    -0.3815,    24.2443      
# span 13 =   11.51206,   13.66046      
# span 14 = 3.4926e+01, 1.8070e+02      
# span 15 = 0.0000e+00, 0.0000e+00      
# interval = seconds: 0.25
# start_time = Jul 10 2015 14:34:51 [Instrument's time stamp, header]
# bad_flag = -9.990e-29
*END*
[from data line 181]
        182 191.608058    0.01257     0.7542     45.250      0.999  42277.695    26.6772    12.3874      0.990    6.32495    12.3838    20.0667   11.51305 6.3609e+01 0.0000e+00
        183 191.608061    0.01264     0.7583     45.500      1.024  42272.989    26.6738    12.3861      1.014    6.32526    12.3818    20.0643   11.51360 6.3580e+01 0.0000e+00
        184 191.608064    0.01271     0.7625     45.750      1.042  42276.111    26.6758    12.3839      1.033    6.32547    12.3809    20.0662   11.51393 6.3892e+01 0.0000e+00
        185 191.608067    0.01278     0.7667     46.000      1.046  42285.131    26.6819    12.3819      1.037    6.32550    12.3816    20.0713   11.51390 6.4318e+01 0.0000e+00
        186 191.608070    0.01285     0.7708     46.250      1.035  42294.131    26.6881    12.3810      1.025    6.32538    12.3842    20.0763   11.51363 6.4586e+01 0.0000e+00
        187 191.608073    0.01292     0.7750     46.500      1.014  42297.259    26.6904    12.3817      1.005    6.32519    12.3873    20.0779   11.51328 6.4494e+01 0.0000e+00
        188 191.608076    0.01299     0.7792     46.750      0.995  42291.617    26.6867    12.3843      0.985    6.32499    12.3892    20.0745   11.51300 6.4125e+01 0.0000e+00
        189 191.608079    0.01306     0.7833     47.000      0.986  42279.289    26.6783    12.3874      0.976    6.32491    12.3888    20.0675   11.51295 6.3779e+01 0.0000e+00
        190 191.608082    0.01313     0.7875     47.250      0.989  42266.703    26.6697    12.3893      0.980    6.32500    12.3866    20.0605   11.51322 6.3584e+01 0.0000e+00
        191 191.608084    0.01319     0.7917     47.500      1.003  42259.106    26.6643    12.3889      0.994    6.32526    12.3835    20.0564   11.51371 6.3419e+01 0.0000e+00
        192 191.608087    0.01326     0.7958     47.750      1.019  42257.882    26.6633    12.3867      1.010    6.32560    12.3804    20.0560   11.51428 6.3279e+01 0.0000e+00
        193 191.608090    0.01333     0.8000     48.000      1.031  42262.439    26.6662    12.3836      1.022    6.32590    12.3777    20.0589   11.51474 6.3366e+01 0.0000e+00
        194 191.608093    0.01340     0.8042     48.250      1.036  42270.801    26.6718    12.3805      1.026    6.32609    12.3754    20.0637   11.51500 6.3633e+01 0.0000e+00
        195 191.608096    0.01347     0.8083     48.500      1.034  42279.359    26.6776    12.3778      1.024    6.32622    12.3736    20.0687   11.51516 6.3716e+01 0.0000e+00
        196 191.608099    0.01354     0.8125     48.750      1.030  42284.890    26.6812    12.3756      1.020    6.32638    12.3722    20.0719   11.51538 6.3450e+01 0.0000e+00
        197 191.608102    0.01361     0.8167     49.000      1.026  42286.462    26.6822    12.3737      1.016    6.32659    12.3711    20.0730   11.51571 6.3014e+01 0.0000e+00
        198 191.608105    0.01368     0.8208     49.250      1.024  42285.220    26.6812    12.3723      1.015    6.32682    12.3702    20.0725   11.51611 6.2667e+01 0.0000e+00
        199 191.608108    0.01375     0.8250     49.500      1.024  42283.543    26.6800    12.3712      1.015    6.32702    12.3696    20.0717   11.51645 6.2615e+01 0.0000e+00
        200 191.608111    0.01382     0.8292     49.750      1.024  42283.397    26.6798    12.3703      1.014    6.32713    12.3693    20.0717   11.51665 6.2751e+01 0.0000e+00
        201 191.608113    0.01389     0.8333     50.000      1.020  42284.955    26.6809    12.3697      1.011    6.32717    12.3691    20.0726   11.51670 6.2685e+01 0.0000e+00
        202 191.608116    0.01396     0.8375     50.250      1.015  42286.899    26.6822    12.3694      1.006    6.32717    12.3689    20.0737   11.51668 6.2488e+01 0.0000e+00
        203 191.608119    0.01403     0.8417     50.500      1.009  42287.408    26.6825    12.3692      0.999    6.32719    12.3686    20.0740   11.51670 6.2410e+01 0.0000e+00
        204 191.608122    0.01410     0.8458     50.750      1.005  42285.350    26.6811    12.3690      0.995    6.32727    12.3680    20.0729   11.51686 6.2325e+01 0.0000e+00
        205 191.608125    0.01417     0.8500     51.000      1.005  42281.343    26.6783    12.3687      0.996    6.32743    12.3672    20.0708   11.51715 6.2264e+01 0.0000e+00
        206 191.608128    0.01424     0.8542     51.250      1.010  42277.574    26.6756    12.3681      1.001    6.32761    12.3662    20.0689   11.51748 6.2287e+01 0.0000e+00
        207 191.608131    0.01431     0.8583     51.500      1.018  42276.236    26.6746    12.3673      1.008    6.32776    12.3653    20.0682   11.51774 6.2347e+01 0.0000e+00
        208 191.608134    0.01438     0.8625     51.750      1.023  42278.443    26.6760    12.3663      1.013    6.32783    12.3646    20.0695   11.51785 6.2467e+01 0.0000e+00
        209 191.608137    0.01444     0.8667     52.000      1.022  42283.891    26.6798    12.3654      1.012    6.32780    12.3642    20.0726   11.51776 6.2465e+01 0.0000e+00
        210 191.608139    0.01451     0.8708     52.250      1.015  42290.561    26.6844    12.3647      1.006    6.32771    12.3639    20.0763   11.51755 6.2349e+01 0.0000e+00
        211 191.608142    0.01458     0.8750     52.500      1.005  42295.685    26.6879    12.3643      0.996    6.32763    12.3640    20.0791   11.51737 6.2489e+01 0.0000e+00
        212 191.608145    0.01465     0.8792     52.750      0.996  42297.534    26.6892    12.3640      0.986    6.32761    12.3644    20.0801   11.51733 6.2632e+01 0.0000e+00
        213 191.608148    0.01472     0.8833     53.000      0.990  42295.737    26.6880    12.3641      0.980    6.32765    12.3646    20.0791   11.51741 6.2124e+01 0.0000e+00
        214 191.608151    0.01479     0.8875     53.250      0.990  42290.875    26.6846    12.3645      0.981    6.32774    12.3645    20.0765   11.51760 6.1207e+01 0.0000e+00
        215 191.608154    0.01486     0.8917     53.500      0.997  42284.724    26.6803    12.3647      0.988    6.32788    12.3641    20.0731   11.51788 6.0795e+01 0.0000e+00
        216 191.608157    0.01493     0.8958     53.750      1.010  42279.968    26.6770    12.3646      1.001    6.32803    12.3636    20.0706   11.51816 6.1101e+01 0.0000e+00
        217 191.608160    0.01500     0.9000     54.000      1.024  42278.926    26.6762    12.3642      1.015    6.32811    12.3634    20.0701   11.51832 6.1434e+01 0.0000e+00
        218 191.608163    0.01507     0.9042     54.250      1.033  42282.692    26.6788    12.3637      1.024    6.32807    12.3637    20.0722   11.51822 6.1621e+01 0.0000e+00
        219 191.608166    0.01514     0.9083     54.500      1.032  42290.212    26.6840    12.3635      1.023    6.32789    12.3647    20.0762   11.51786 6.2144e+01 0.0000e+00
        220 191.608168    0.01521     0.9125     54.750      1.022  42298.246    26.6897    12.3638      1.013    6.32763    12.3667    20.0805   11.51735 6.2774e+01 0.0000e+00
        221 191.608171    0.01528     0.9167     55.000      1.008  42302.829    26.6929    12.3649      0.998    6.32735    12.3693    20.0829   11.51686 6.2917e+01 0.0000e+00
        222 191.608174    0.01535     0.9208     55.250      0.996  42300.814    26.6917    12.3669      0.987    6.32713    12.3714    20.0815   11.51650 6.2594e+01 0.0000e+00
        223 191.608177    0.01542     0.9250     55.500      0.992  42292.688    26.6862    12.3694      0.983    6.32701    12.3722    20.0769   11.51636 6.2154e+01 0.0000e+00
        224 191.608180    0.01549     0.9292     55.750      0.999  42282.714    26.6794    12.3715      0.990    6.32700    12.3718    20.0713   11.51643 6.1774e+01 0.0000e+00
        225 191.608183    0.01556     0.9333     56.000      1.014  42275.020    26.6741    12.3723      1.004    6.32710    12.3707    20.0670   11.51666 6.1400e+01 0.0000e+00
        226 191.608186    0.01563     0.9375     56.250      1.032  42271.652    26.6718    12.3720      1.022    6.32725    12.3693    20.0652   11.51692 6.1130e+01 0.0000e+00
        227 191.608189    0.01569     0.9417     56.500      1.047  42272.970    26.6726    12.3709      1.037    6.32736    12.3680    20.0661   11.51711 6.1169e+01 0.0000e+00
        228 191.608192    0.01576     0.9458     56.750      1.056  42278.248    26.6762    12.3695      1.045    6.32741    12.3670    20.0691   11.51714 6.1443e+01 0.0000e+00
        229 191.608194    0.01583     0.9500     57.000      1.057  42285.864    26.6814    12.3681      1.047    6.32738    12.3663    20.0733   11.51703 6.1730e+01 0.0000e+00
        230 191.608197    0.01590     0.9542     57.250      1.052  42293.495    26.6866    12.3671      1.042    6.32731    12.3661    20.0775   11.51685 6.1915e+01 0.0000e+00
        231 191.608200    0.01597     0.9583     57.500      1.043  42299.295    26.6906    12.3664      1.033    6.32724    12.3666    20.0807   11.51669 6.1914e+01 0.0000e+00
        232 191.608203    0.01604     0.9625     57.750      1.033  42302.298    26.6927    12.3663      1.024    6.32718    12.3675    20.0824   11.51656 6.1672e+01 0.0000e+00
        233 191.608206    0.01611     0.9667     58.000      1.027  42301.565    26.6922    12.3668      1.018    6.32713    12.3681    20.0819   11.51649 6.1460e+01 0.0000e+00
        234 191.608209    0.01618     0.9708     58.250      1.028  42296.630    26.6888    12.3676      1.018    6.32715    12.3680    20.0792   11.51656 6.1439e+01 0.0000e+00
        235 191.608212    0.01625     0.9750     58.500      1.039  42288.754    26.6834    12.3682      1.029    6.32728    12.3669    20.0749   11.51684 6.1340e+01 0.0000e+00
        236 191.608215    0.01632     0.9792     58.750      1.060  42280.867    26.6778    12.3681      1.050    6.32752    12.3649    20.0706   11.51730 6.1136e+01 0.0000e+00
        237 191.608218    0.01639     0.9833     59.000      1.087  42276.302    26.6746    12.3670      1.077    6.32780    12.3627    20.0683   11.51781 6.0988e+01 0.0000e+00
        238 191.608220    0.01646     0.9875     59.250      1.112  42277.555    26.6753    12.3650      1.101    6.32803    12.3611    20.0692   11.51819 6.1057e+01 0.0000e+00
        239 191.608223    0.01653     0.9917     59.500      1.126  42285.448    26.6806    12.3628      1.115    6.32812    12.3612    20.0737   11.51827 6.1681e+01 0.0000e+00
        240 191.608226    0.01660     0.9958     59.750      1.123  42297.705    26.6891    12.3612      1.112    6.32800    12.3639    20.0805   11.51797 6.2709e+01 0.0000e+00
        241 191.608229    0.01667     1.0000     60.000      1.103  42308.989    26.6969    12.3613      1.093    6.32767    12.3692    20.0865   11.51734 6.3632e+01 0.0000e+00
        242 191.608232    0.01674     1.0042     60.250      1.073  42313.639    26.7004    12.3640      1.063    6.32717    12.3752    20.0887   11.51646 6.4237e+01 0.0000e+00
        243 191.608235    0.01681     1.0083     60.500      1.042  42308.502    26.6972    12.3693      1.032    6.32659    12.3790    20.0854   11.51553 6.4241e+01 0.0000e+00
        244 191.608238    0.01688     1.0125     60.750      1.027  42295.234    26.6885    12.3753      1.017    6.32613    12.3790    20.0775   11.51487 6.3614e+01 0.0000e+00
        245 191.608241    0.01694     1.0167     61.000      1.037  42280.228    26.6783    12.3792      1.027    6.32602    12.3751    20.0690   11.51480 6.2743e+01 0.0000e+00
        246 191.608244    0.01701     1.0208     61.250      1.073  42269.823    26.6710    12.3791      1.063    6.32631    12.3687    20.0634   11.51538 6.2185e+01 0.0000e+00
        247 191.608247    0.01708     1.0250     61.500      1.124  42266.662    26.6685    12.3752      1.114    6.32694    12.3614    20.0621   11.51645 6.2443e+01 0.0000e+00
        248 191.608249    0.01715     1.0292     61.750      1.169  42271.414    26.6713    12.3688      1.158    6.32769    12.3553    20.0654   11.51767 6.3332e+01 0.0000e+00
        249 191.608252    0.01722     1.0333     62.000      1.189  42282.767    26.6786    12.3615      1.178    6.32838    12.3527    20.0724   11.51873 6.4679e+01 0.0000e+00
        250 191.608255    0.01729     1.0375     62.250      1.177  42295.316    26.6869    12.3554      1.166    6.32887    12.3540    20.0799   11.51944 6.6737e+01 0.0000e+00
        251 191.608258    0.01736     1.0417     62.500      1.136  42302.252    26.6915    12.3528      1.126    6.32903    12.3566    20.0839   11.51966 6.9536e+01 0.0000e+00
        252 191.608261    0.01743     1.0458     62.750      1.084  42300.945    26.6907    12.3541      1.074    6.32888    12.3566    20.0831   11.51942 7.2625e+01 0.0000e+00
        253 191.608264    0.01750     1.0500     63.000      1.039  42294.969    26.6868    12.3567      1.030    6.32869    12.3516    20.0796   11.51916 7.2984e+01 0.0000e+00
        254 191.608267    0.01757     1.0542     63.250      1.017  42291.035    26.6841    12.3567      1.008    6.32880    12.3413    20.0775   11.51937 6.8811e+01 0.0000e+00
        255 191.608270    0.01764     1.0583     63.500      1.025  42293.822    26.6856    12.3517      1.016    6.32941    12.3273    20.0795   11.52036 6.4049e+01 0.0000e+00
        256 191.608273    0.01771     1.0625     63.750      1.058  42303.571    26.6916    12.3415      1.049    6.33055    12.3118    20.0860   11.52219 6.1472e+01 0.0000e+00
        257 191.608275    0.01778     1.0667     64.000      1.104  42318.818    26.7011    12.3275      1.094    6.33205    12.2972    20.0958   11.52458 6.0454e+01 0.0000e+00
        258 191.608278    0.01785     1.0708     64.250      1.147  42338.320    26.7134    12.3119      1.136    6.33365    12.2864    20.1081   11.52710 6.0644e+01 0.0000e+00
        259 191.608281    0.01792     1.0750     64.500      1.172  42359.281    26.7269    12.2974      1.161    6.33508    12.2814    20.1211   11.52931 6.1685e+01 0.0000e+00
        260 191.608284    0.01799     1.0792     64.750      1.172  42377.298    26.7386    12.2865      1.161    6.33607    12.2828    20.1320   11.53083 6.2817e+01 0.0000e+00
        261 191.608287    0.01806     1.0833     65.000      1.147  42388.176    26.7458    12.2815      1.136    6.33646    12.2883    20.1385   11.53139 6.3512e+01 0.0000e+00
        262 191.608290    0.01812     1.0875     65.250      1.107  42390.047    26.7472    12.2829      1.097    6.33622    12.2936    20.1394   11.53096 6.3580e+01 0.0000e+00
        263 191.608293    0.01819     1.0917     65.500      1.068  42385.475    26.7445    12.2884      1.058    6.33558    12.2945    20.1363   11.52994 6.2997e+01 0.0000e+00
        264 191.608296    0.01826     1.0958     65.750      1.045  42380.201    26.7412    12.2937      1.036    6.33501    12.2890    20.1328   11.52902 6.2117e+01 0.0000e+00
        265 191.608299    0.01833     1.1000     66.000      1.048  42380.021    26.7411    12.2946      1.038    6.33489    12.2776    20.1326   11.52882 6.1085e+01 0.0000e+00
        266 191.608302    0.01840     1.1042     66.250      1.075  42388.356    26.7465    12.2891      1.065    6.33542    12.2636    20.1377   11.52963 5.9944e+01 0.0000e+00
        267 191.608304    0.01847     1.1083     66.500      1.118  42404.249    26.7566    12.2777      1.107    6.33654    12.2510    20.1476   11.53139 5.9122e+01 0.0000e+00
        268 191.608307    0.01854     1.1125     66.750      1.161  42423.316    26.7688    12.2637      1.150    6.33794    12.2423    20.1595   11.53356 5.8792e+01 0.0000e+00
        269 191.608310    0.01861     1.1167     67.000      1.190  42440.988    26.7801    12.2511      1.179    6.33919    12.2387    20.1705   11.53551 5.8909e+01 0.0000e+00
        270 191.608313    0.01868     1.1208     67.250      1.198  42454.269    26.7886    12.2424      1.186    6.34003    12.2406    20.1786   11.53681 5.9586e+01 0.0000e+00
        271 191.608316    0.01875     1.1250     67.500      1.183  42461.464    26.7934    12.2388      1.172    6.34032    12.2463    20.1829   11.53724 6.0705e+01 0.0000e+00
