CTD-processing/allCTD/CNV--turbid/2015_07-29_t9_s06_cast142.cnv
* Sea-Bird SBE19plus Data File:
* FileName = C:\Users\Kris.Holderied\Documents\kasitsna\Research-KBL\Oceanography-AK\CTD-Data-ALL-to-2015-06\2015-CTD-KachemakBay-CookInlet\2015-07-29-CookInlet-HomerSpit-Monthly\2015-07-29-CookInlet-Tran9-cast142.hex
* Software Version 1.59
* Temperature SN =  5028
* Conductivity SN =  5028
* System UpLoad Time = Aug 13 2015 18:44:14
** Cook Inlet LTM Transect 9 (monthly) North to South
** Date (YYYY-MM-DD): 2015-07-29
** Station (ie. 9-01):  9-06
** Start time (AKDT): 14:21
** Depth (m): 100
** Comment:  R/V Barnacle
** Comment:
# nquan = 16
# nvalues = 839                         
# units = specified
# name 0 = scan: Scan Count
# name 1 = timeJ: Julian Days
# name 2 = timeH: Time, Elapsed [hours]
# name 3 = timeM: Time, Elapsed [minutes]
# name 4 = timeS: Time, Elapsed [seconds]
# name 5 = prdM: Pressure, Strain Gauge [db]
# name 6 = specc: Specific Conductance [uS/cm]
# name 7 = sal00: Salinity, Practical [PSU]
# name 8 = tv290C: Temperature [ITS-90, deg C]
# name 9 = depSM: Depth [salt water, m], lat = 59.00
# name 10 = oxsolML/L: Oxygen Saturation, Garcia & Gordon [ml/l]
# name 11 = potemp090C: Potential Temperature [ITS-90, deg C]
# name 12 = sigma-é00: Density [sigma-theta, kg/m^3]
# name 13 = n2satML/L: Nitrogen Saturation [ml/l]
# name 14 = par: PAR/Irradiance, Biospherical/Licor
# name 15 = flag:  0.000e+00
# span 0 =          1,        839       
# span 1 = 210.598218, 210.600642       
# span 2 =    0.00000,    0.05819       
# span 3 =     0.0000,     3.4917       
# span 4 =      0.000,    209.500       
# span 5 =      0.134,     96.553       
# span 6 =  27635.897,  49635.619       
# span 7 =    16.9292,    31.3451       
# span 8 =     8.4613,    14.6871       
# span 9 =      0.133,     95.628       
# span 10 =    6.07536,    6.68886      
# span 11 =     8.4517,    14.6870      
# span 12 =    12.2857,    24.3396      
# span 13 =   11.10494,   12.06063      
# span 14 = 6.1296e-02, 3.3239e+02      
# span 15 = 0.0000e+00, 0.0000e+00      
# interval = seconds: 0.25
# start_time = Jul 29 2015 14:21:26 [Instrument's time stamp, header]
# bad_flag = -9.990e-29
*END*
[from data line 452]
        453 210.599525    0.03139     1.8833    113.000     10.480  48892.067    31.1277    10.4586     10.382    6.40910    10.4700    23.8543   11.59998 1.7931e+01 0.0000e+00
        454 210.599528    0.03146     1.8875    113.250     10.679  48907.172    31.1393    10.4671     10.579    6.40743    10.4705    23.8619   11.59708 1.7306e+01 0.0000e+00
        455 210.599531    0.03153     1.8917    113.500     10.867  48918.606    31.1478    10.4712     10.765    6.40651    10.4687    23.8679   11.59546 1.6756e+01 0.0000e+00
        456 210.599534    0.03160     1.8958    113.750     11.036  48929.248    31.1553    10.4717     10.933    6.40614    10.4656    23.8736   11.59475 1.6297e+01 0.0000e+00
        457 210.599537    0.03167     1.9000    114.000     11.182  48938.672    31.1617    10.4699     11.077    6.40613    10.4622    23.8789   11.59465 1.5925e+01 0.0000e+00
        458 210.599540    0.03174     1.9042    114.250     11.306  48946.416    31.1668    10.4669     11.201    6.40634    10.4587    23.8834   11.59494 1.5605e+01 0.0000e+00
        459 210.599543    0.03181     1.9083    114.500     11.423  48952.109    31.1704    10.4635     11.316    6.40666    10.4539    23.8867   11.59543 1.5280e+01 0.0000e+00
        460 210.599546    0.03188     1.9125    114.750     11.552  48955.499    31.1723    10.4600     11.443    6.40707    10.4466    23.8888   11.59609 1.4903e+01 0.0000e+00
        461 210.599549    0.03194     1.9167    115.000     11.706  48957.973    31.1734    10.4552     11.596    6.40770    10.4367    23.8905   11.59711 1.4461e+01 0.0000e+00
        462 210.599552    0.03201     1.9208    115.250     11.890  48961.256    31.1747    10.4480     11.778    6.40864    10.4240    23.8928   11.59866 1.3970e+01 0.0000e+00
        463 210.599554    0.03208     1.9250    115.500     12.096  48964.526    31.1758    10.4381     11.983    6.40998    10.4081    23.8952   11.60086 1.3458e+01 0.0000e+00
        464 210.599557    0.03215     1.9292    115.750     12.316  48965.986    31.1752    10.4254     12.201    6.41177    10.3894    23.8969   11.60383 1.2947e+01 0.0000e+00
        465 210.599560    0.03222     1.9333    116.000     12.541  48967.157    31.1740    10.4095     12.424    6.41403    10.3697    23.8986   11.60760 1.2454e+01 0.0000e+00
        466 210.599563    0.03229     1.9375    116.250     12.766  48972.505    31.1754    10.3908     12.646    6.41659    10.3519    23.9029   11.61182 1.1986e+01 0.0000e+00
        467 210.599566    0.03236     1.9417    116.500     12.987  48983.600    31.1808    10.3712     12.865    6.41910    10.3374    23.9103   11.61592 1.1545e+01 0.0000e+00
        468 210.599569    0.03243     1.9458    116.750     13.205  48997.067    31.1881    10.3533     13.081    6.42129    10.3263    23.9190   11.61946 1.1128e+01 0.0000e+00
        469 210.599572    0.03250     1.9500    117.000     13.420  49008.783    31.1945    10.3389     13.294    6.42305    10.3176    23.9265   11.62230 1.0729e+01 0.0000e+00
        470 210.599575    0.03257     1.9542    117.250     13.634  49016.741    31.1987    10.3278     13.506    6.42442    10.3103    23.9316   11.62452 1.0345e+01 0.0000e+00
        471 210.599578    0.03264     1.9583    117.500     13.844  49021.137    31.2007    10.3192     13.714    6.42554    10.3036    23.9345   11.62636 9.9840e+00 0.0000e+00
        472 210.599580    0.03271     1.9625    117.750     14.049  49024.024    31.2017    10.3118     13.917    6.42653    10.2975    23.9366   11.62797 9.6480e+00 0.0000e+00
        473 210.599583    0.03278     1.9667    118.000     14.247  49026.686    31.2027    10.3052     14.113    6.42742    10.2920    23.9384   11.62944 9.3308e+00 0.0000e+00
        474 210.599586    0.03285     1.9708    118.250     14.443  49028.769    31.2034    10.2991     14.307    6.42824    10.2867    23.9400   11.63078 9.0253e+00 0.0000e+00
        475 210.599589    0.03292     1.9750    118.500     14.636  49029.907    31.2035    10.2936     14.499    6.42900    10.2812    23.9409   11.63205 8.7309e+00 0.0000e+00
        476 210.599592    0.03299     1.9792    118.750     14.828  49030.024    31.2028    10.2883     14.689    6.42977    10.2751    23.9413   11.63333 8.4491e+00 0.0000e+00
        477 210.599595    0.03306     1.9833    119.000     15.018  49029.700    31.2018    10.2828     14.877    6.43058    10.2680    23.9415   11.63469 8.1772e+00 0.0000e+00
        478 210.599598    0.03313     1.9875    119.250     15.209  49029.072    31.2006    10.2767     15.066    6.43148    10.2595    23.9415   11.63620 7.9113e+00 0.0000e+00
        479 210.599601    0.03319     1.9917    119.500     15.402  49027.776    31.1987    10.2697     15.258    6.43254    10.2490    23.9412   11.63798 7.6516e+00 0.0000e+00
        480 210.599604    0.03326     1.9958    119.750     15.596  49025.910    31.1962    10.2612     15.450    6.43383    10.2356    23.9407   11.64015 7.4027e+00 0.0000e+00
        481 210.599606    0.03333     2.0000    120.000     15.785  49023.649    31.1933    10.2507     15.637    6.43543    10.2193    23.9402   11.64284 7.1725e+00 0.0000e+00
        482 210.599609    0.03340     2.0042    120.250     15.964  49022.889    31.1910    10.2374     15.814    6.43739    10.2014    23.9406   11.64611 6.9658e+00 0.0000e+00
        483 210.599612    0.03347     2.0083    120.500     16.129  49027.667    31.1923    10.2211     15.978    6.43963    10.1849    23.9443   11.64980 6.7810e+00 0.0000e+00
        484 210.599615    0.03354     2.0125    120.750     16.283  49039.264    31.1982    10.2033     16.130    6.44189    10.1717    23.9519   11.65347 6.6108e+00 0.0000e+00
        485 210.599618    0.03361     2.0167    121.000     16.432  49053.666    31.2063    10.1868     16.277    6.44387    10.1621    23.9609   11.65666 6.4446e+00 0.0000e+00
        486 210.599621    0.03368     2.0208    121.250     16.583  49066.234    31.2135    10.1736     16.428    6.44543    10.1553    23.9687   11.65916 6.2729e+00 0.0000e+00
        487 210.599624    0.03375     2.0250    121.500     16.745  49075.267    31.2186    10.1640     16.588    6.44657    10.1504    23.9742   11.66098 6.0923e+00 0.0000e+00
        488 210.599627    0.03382     2.0292    121.750     16.920  49081.223    31.2219    10.1572     16.761    6.44738    10.1468    23.9779   11.66229 5.9064e+00 0.0000e+00
        489 210.599630    0.03389     2.0333    122.000     17.104  49085.339    31.2241    10.1523     16.943    6.44798    10.1443    23.9805   11.66325 5.7205e+00 0.0000e+00
        490 210.599633    0.03396     2.0375    122.250     17.293  49088.729    31.2260    10.1487     17.130    6.44841    10.1429    23.9825   11.66394 5.5385e+00 0.0000e+00
        491 210.599635    0.03403     2.0417    122.500     17.483  49092.007    31.2279    10.1462     17.318    6.44868    10.1425    23.9844   11.66436 5.3630e+00 0.0000e+00
        492 210.599638    0.03410     2.0458    122.750     17.670  49094.856    31.2297    10.1448     17.504    6.44880    10.1427    23.9860   11.66454 5.1949e+00 0.0000e+00
        493 210.599641    0.03417     2.0500    123.000     17.854  49096.422    31.2307    10.1444     17.686    6.44881    10.1431    23.9869   11.66455 5.0339e+00 0.0000e+00
        494 210.599644    0.03424     2.0542    123.250     18.035  49096.640    31.2308    10.1447     17.865    6.44877    10.1432    23.9869   11.66448 4.8800e+00 0.0000e+00
        495 210.599647    0.03431     2.0583    123.500     18.212  49096.119    31.2304    10.1451     18.041    6.44873    10.1430    23.9866   11.66442 4.7333e+00 0.0000e+00
        496 210.599650    0.03438     2.0625    123.750     18.388  49095.398    31.2298    10.1453     18.216    6.44873    10.1424    23.9861   11.66442 4.5925e+00 0.0000e+00
        497 210.599653    0.03444     2.0667    124.000     18.565  49094.863    31.2293    10.1451     18.391    6.44878    10.1413    23.9857   11.66450 4.4549e+00 0.0000e+00
        498 210.599656    0.03451     2.0708    124.250     18.744  49094.537    31.2290    10.1445     18.568    6.44887    10.1397    23.9855   11.66467 4.3188e+00 0.0000e+00
        499 210.599659    0.03458     2.0750    124.500     18.927  49094.403    31.2287    10.1434     18.750    6.44903    10.1377    23.9855   11.66495 4.1843e+00 0.0000e+00
        500 210.599661    0.03465     2.0792    124.750     19.114  49094.872    31.2287    10.1418     18.934    6.44926    10.1356    23.9858   11.66532 4.0531e+00 0.0000e+00
        501 210.599664    0.03472     2.0833    125.000     19.300  49096.206    31.2293    10.1398     19.119    6.44952    10.1337    23.9866   11.66574 3.9277e+00 0.0000e+00
        502 210.599667    0.03479     2.0875    125.250     19.484  49097.963    31.2302    10.1377     19.301    6.44977    10.1322    23.9877   11.66615 3.8086e+00 0.0000e+00
        503 210.599670    0.03486     2.0917    125.500     19.666  49099.601    31.2311    10.1359     19.481    6.44999    10.1310    23.9886   11.66651 3.6936e+00 0.0000e+00
        504 210.599673    0.03493     2.0958    125.750     19.848  49100.950    31.2318    10.1344     19.662    6.45018    10.1300    23.9894   11.66681 3.5805e+00 0.0000e+00
        505 210.599676    0.03500     2.1000    126.000     20.033  49101.977    31.2323    10.1332     19.845    6.45032    10.1292    23.9900   11.66704 3.4683e+00 0.0000e+00
        506 210.599679    0.03507     2.1042    126.250     20.224  49102.757    31.2326    10.1323     20.034    6.45044    10.1286    23.9904   11.66724 3.3562e+00 0.0000e+00
        507 210.599682    0.03514     2.1083    126.500     20.420  49103.492    31.2329    10.1315     20.228    6.45054    10.1281    23.9908   11.66739 3.2451e+00 0.0000e+00
        508 210.599685    0.03521     2.1125    126.750     20.621  49104.211    31.2333    10.1309     20.427    6.45061    10.1279    23.9912   11.66751 3.1357e+00 0.0000e+00
        509 210.599687    0.03528     2.1167    127.000     20.827  49104.907    31.2337    10.1304     20.631    6.45066    10.1278    23.9916   11.66758 3.0286e+00 0.0000e+00
        510 210.599690    0.03535     2.1208    127.250     21.034  49105.736    31.2341    10.1302     20.837    6.45067    10.1280    23.9920   11.66760 2.9250e+00 0.0000e+00
        511 210.599693    0.03542     2.1250    127.500     21.241  49106.739    31.2348    10.1301     21.041    6.45066    10.1283    23.9925   11.66756 2.8264e+00 0.0000e+00
        512 210.599696    0.03549     2.1292    127.750     21.444  49107.807    31.2355    10.1303     21.242    6.45060    10.1286    23.9930   11.66747 2.7330e+00 0.0000e+00
        513 210.599699    0.03556     2.1333    128.000     21.642  49108.806    31.2361    10.1306     21.439    6.45053    10.1287    23.9935   11.66734 2.6438e+00 0.0000e+00
        514 210.599702    0.03562     2.1375    128.250     21.839  49109.700    31.2367    10.1310     21.634    6.45045    10.1285    23.9939   11.66721 2.5575e+00 0.0000e+00
        515 210.599705    0.03569     2.1417    128.500     22.035  49110.863    31.2375    10.1312     21.828    6.45040    10.1279    23.9944   11.66711 2.4737e+00 0.0000e+00
        516 210.599708    0.03576     2.1458    128.750     22.229  49112.956    31.2389    10.1310     22.020    6.45037    10.1271    23.9955   11.66705 2.3934e+00 0.0000e+00
        517 210.599711    0.03583     2.1500    129.000     22.421  49116.785    31.2414    10.1304     22.210    6.45035    10.1265    23.9976   11.66698 2.3175e+00 0.0000e+00
        518 210.599714    0.03590     2.1542    129.250     22.607  49123.308    31.2458    10.1296     22.394    6.45028    10.1265    24.0012   11.66680 2.2468e+00 0.0000e+00
        519 210.599716    0.03597     2.1583    129.500     22.785  49133.800    31.2531    10.1290     22.571    6.45006    10.1276    24.0070   11.66636 2.1820e+00 0.0000e+00
        520 210.599719    0.03604     2.1625    129.750     22.952  49148.057    31.2631    10.1290     22.737    6.44965    10.1295    24.0148   11.66555 2.1238e+00 0.0000e+00
        521 210.599722    0.03611     2.1667    130.000     23.108  49160.912    31.2722    10.1301     22.890    6.44911    10.1308    24.0217   11.66455 2.0714e+00 0.0000e+00
        522 210.599725    0.03618     2.1708    130.250     23.253  49167.157    31.2768    10.1321     23.034    6.44865    10.1303    24.0250   11.66374 2.0230e+00 0.0000e+00
        523 210.599728    0.03625     2.1750    130.500     23.393  49168.353    31.2777    10.1333     23.174    6.44843    10.1279    24.0255   11.66337 1.9757e+00 0.0000e+00
        524 210.599731    0.03632     2.1792    130.750     23.538  49168.008    31.2773    10.1329     23.317    6.44852    10.1238    24.0253   11.66351 1.9270e+00 0.0000e+00
        525 210.599734    0.03639     2.1833    131.000     23.694  49167.007    31.2763    10.1306     23.471    6.44889    10.1177    24.0249   11.66413 1.8759e+00 0.0000e+00
        526 210.599737    0.03646     2.1875    131.250     23.861  49165.352    31.2745    10.1265     23.637    6.44953    10.1094    24.0242   11.66523 1.8234e+00 0.0000e+00
        527 210.599740    0.03653     2.1917    131.500     24.038  49162.858    31.2719    10.1204     23.812    6.45049    10.0984    24.0231   11.66685 1.7711e+00 0.0000e+00
        528 210.599742    0.03660     2.1958    131.750     24.222  49159.493    31.2684    10.1121     23.994    6.45181    10.0845    24.0218   11.66908 1.7197e+00 0.0000e+00
        529 210.599745    0.03667     2.2000    132.000     24.410  49156.084    31.2646    10.1011     24.180    6.45352    10.0680    24.0206   11.67195 1.6702e+00 0.0000e+00
        530 210.599748    0.03674     2.2042    132.250     24.596  49153.593    31.2610    10.0872     24.365    6.45562    10.0492    24.0201   11.67547 1.6236e+00 0.0000e+00
        531 210.599751    0.03681     2.2083    132.500     24.779  49152.944    31.2584    10.0707     24.546    6.45806    10.0289    24.0208   11.67954 1.5800e+00 0.0000e+00
        532 210.599754    0.03687     2.2125    132.750     24.958  49154.649    31.2572    10.0519     24.723    6.46076    10.0077    24.0229   11.68403 1.5384e+00 0.0000e+00
        533 210.599757    0.03694     2.2167    133.000     25.137  49158.509    31.2572    10.0316     24.901    6.46363     9.9865    24.0262   11.68878 1.4970e+00 0.0000e+00
        534 210.599760    0.03701     2.2208    133.250     25.322  49165.377    31.2593    10.0104     25.084    6.46655     9.9669    24.0313   11.69359 1.4545e+00 0.0000e+00
        535 210.599763    0.03708     2.2250    133.500     25.519  49175.854    31.2640     9.9893     25.279    6.46934     9.9499    24.0384   11.69816 1.4104e+00 0.0000e+00
        536 210.599766    0.03715     2.2292    133.750     25.728  49188.468    31.2704     9.9697     25.486    6.47185     9.9359    24.0465   11.70225 1.3650e+00 0.0000e+00
        537 210.599769    0.03722     2.2333    134.000     25.948  49201.258    31.2771     9.9527     25.704    6.47398     9.9249    24.0545   11.70569 1.3191e+00 0.0000e+00
        538 210.599771    0.03729     2.2375    134.250     26.176  49212.716    31.2833     9.9388     25.930    6.47570     9.9162    24.0617   11.70846 1.2738e+00 0.0000e+00
        539 210.599774    0.03736     2.2417    134.500     26.407  49222.110    31.2885     9.9277     26.159    6.47705     9.9095    24.0675   11.71063 1.2303e+00 0.0000e+00
        540 210.599777    0.03743     2.2458    134.750     26.635  49229.451    31.2924     9.9191     26.384    6.47810     9.9041    24.0720   11.71233 1.1895e+00 0.0000e+00
        541 210.599780    0.03750     2.2500    135.000     26.853  49234.999    31.2954     9.9124     26.600    6.47893     9.8997    24.0754   11.71368 1.1520e+00 0.0000e+00
        542 210.599783    0.03757     2.2542    135.250     27.060  49239.095    31.2975     9.9070     26.805    6.47960     9.8959    24.0780   11.71477 1.1172e+00 0.0000e+00
