CTD-processing/allCTD/CNV--turbid/2015_08-14_t7_s23_cast158.cnv
* Sea-Bird SBE19plus Data File:
* FileName = C:\Users\Kris.Holderied\Documents\kasitsna\Research-KBL\Oceanography-AK\CTD-Data-ALL-to-2015-06\2015-CTD-KachemakBay-CookInlet\2015-08-14-CookInlet-east-and-KachemakBay\2015-08-14-CookInlet-east-and_KBay-cast158.hex
* Software Version 1.59
* Temperature SN =  5028
* Conductivity SN =  5028
* System UpLoad Time = Sep 24 2015 11:29:49
** Cook Inlet East side (T6/T7), along Kachemak Bay to Spit, T9 batch upload
** Date (YYYY-MM-DD): 2015-08-14
** Station (ie. 9-01):  7-23
** Start time (AKDT): 13:39
** Depth (m): 55
** Comment:  Nuka R/V Johanna Rose
** Comment:
# nquan = 16
# nvalues = 584                         
# units = specified
# name 0 = scan: Scan Count
# name 1 = timeJ: Julian Days
# name 2 = timeH: Time, Elapsed [hours]
# name 3 = timeM: Time, Elapsed [minutes]
# name 4 = timeS: Time, Elapsed [seconds]
# name 5 = prdM: Pressure, Strain Gauge [db]
# name 6 = specc: Specific Conductance [uS/cm]
# name 7 = sal00: Salinity, Practical [PSU]
# name 8 = tv290C: Temperature [ITS-90, deg C]
# name 9 = depSM: Depth [salt water, m], lat = 59.00
# name 10 = oxsolML/L: Oxygen Saturation, Garcia & Gordon [ml/l]
# name 11 = potemp090C: Potential Temperature [ITS-90, deg C]
# name 12 = sigma-é00: Density [sigma-theta, kg/m^3]
# name 13 = n2satML/L: Nitrogen Saturation [ml/l]
# name 14 = par: PAR/Irradiance, Biospherical/Licor
# name 15 = flag:  0.000e+00
# span 0 =          1,        584       
# span 1 = 226.568056, 226.569742       
# span 2 =    0.00000,    0.04049       
# span 3 =     0.0000,     2.4292       
# span 4 =      0.000,    145.750       
# span 5 =      0.036,     41.375       
# span 6 =   1228.211,  49723.378       
# span 7 =     0.6073,    31.6230       
# span 8 =     9.1362,    12.0349       
# span 9 =      0.035,     40.985       
# span 10 =    6.46129,    7.50684      
# span 11 =     9.1322,    12.0349      
# span 12 =    -0.0299,    24.3669      
# span 13 =   11.68156,   13.83592      
# span 14 = 1.4303e+00, 1.2423e+03      
# span 15 = 0.0000e+00, 0.0000e+00      
# interval = seconds: 0.25
# start_time = Aug 14 2015 13:38:00 [Instrument's time stamp, header]
# bad_flag = -9.990e-29
*END*
[from data line 181]
        182 226.568579    0.01257     0.7542     45.250      0.926  49563.821    31.5449     9.9622      0.917    6.46152     9.9660    24.2614   11.68186 4.7670e+02 0.0000e+00
        183 226.568582    0.01264     0.7583     45.500      0.928  49554.427    31.5387     9.9653      0.919    6.46134     9.9656    24.2561   11.68163 4.8052e+02 0.0000e+00
        184 226.568585    0.01271     0.7625     45.750      0.930  49552.254    31.5372     9.9661      0.921    6.46129     9.9643    24.2548   11.68156 4.8076e+02 0.0000e+00
        185 226.568588    0.01278     0.7667     46.000      0.930  49553.451    31.5380     9.9657      0.922    6.46132     9.9616    24.2555   11.68160 4.7426e+02 0.0000e+00
        186 226.568591    0.01285     0.7708     46.250      0.929  49551.286    31.5363     9.9644      0.921    6.46157     9.9563    24.2544   11.68203 4.6677e+02 0.0000e+00
        187 226.568594    0.01292     0.7750     46.500      0.927  49543.416    31.5304     9.9617      0.919    6.46220     9.9476    24.2502   11.68315 4.6396e+02 0.0000e+00
        188 226.568597    0.01299     0.7792     46.750      0.928  49535.157    31.5239     9.9564      0.919    6.46322     9.9359    24.2460   11.68491 4.6471e+02 0.0000e+00
        189 226.568600    0.01306     0.7833     47.000      0.930  49535.698    31.5232     9.9477      0.922    6.46447     9.9230    24.2468   11.68700 4.6234e+02 0.0000e+00
        190 226.568602    0.01313     0.7875     47.250      0.934  49550.376    31.5320     9.9360      0.925    6.46577     9.9114    24.2557   11.68904 4.5575e+02 0.0000e+00
        191 226.568605    0.01319     0.7917     47.500      0.937  49575.668    31.5482     9.9231      0.928    6.46692     9.9015    24.2704   11.69075 4.5176e+02 0.0000e+00
        192 226.568608    0.01326     0.7958     47.750      0.937  49602.750    31.5658     9.9115      0.928    6.46783     9.8923    24.2861   11.69205 4.5325e+02 0.0000e+00
        193 226.568611    0.01333     0.8000     48.000      0.936  49625.546    31.5807     9.9016      0.927    6.46862     9.8838    24.2993   11.69319 4.5782e+02 0.0000e+00
        194 226.568614    0.01340     0.8042     48.250      0.934  49642.802    31.5917     9.8924      0.925    6.46946     9.8762    24.3094   11.69445 4.6248e+02 0.0000e+00
        195 226.568617    0.01347     0.8083     48.500      0.932  49654.747    31.5990     9.8839      0.924    6.47036     9.8694    24.3165   11.69584 4.6354e+02 0.0000e+00
        196 226.568620    0.01354     0.8125     48.750      0.931  49661.533    31.6028     9.8763      0.923    6.47128     9.8629    24.3207   11.69732 4.6115e+02 0.0000e+00
        197 226.568623    0.01361     0.8167     49.000      0.931  49664.846    31.6043     9.8695      0.923    6.47219     9.8567    24.3229   11.69881 4.6219e+02 0.0000e+00
        198 226.568626    0.01368     0.8208     49.250      0.932  49669.559    31.6068     9.8630      0.924    6.47300     9.8518    24.3259   11.70013 4.6925e+02 0.0000e+00
        199 226.568628    0.01375     0.8250     49.500      0.931  49679.783    31.6132     9.8568      0.923    6.47361     9.8495    24.3319   11.70107 4.7457e+02 0.0000e+00
        200 226.568631    0.01382     0.8292     49.750      0.930  49691.553    31.6208     9.8519      0.921    6.47399     9.8504    24.3387   11.70160 4.7174e+02 0.0000e+00
        201 226.568634    0.01389     0.8333     50.000      0.927  49694.852    31.6229     9.8496      0.918    6.47422     9.8528    24.3407   11.70196 4.6456e+02 0.0000e+00
        202 226.568637    0.01396     0.8375     50.250      0.924  49683.354    31.6149     9.8505      0.915    6.47443     9.8533    24.3343   11.70240 4.6215e+02 0.0000e+00
        203 226.568640    0.01403     0.8417     50.500      0.923  49660.646    31.5991     9.8529      0.915    6.47475     9.8500    24.3216   11.70311 4.6484e+02 0.0000e+00
        204 226.568643    0.01410     0.8458     50.750      0.927  49639.690    31.5844     9.8534      0.919    6.47530     9.8449    24.3100   11.70419 4.6713e+02 0.0000e+00
        205 226.568646    0.01417     0.8500     51.000      0.935  49633.552    31.5796     9.8501      0.927    6.47596     9.8416    24.3069   11.70535 4.6940e+02 0.0000e+00
        206 226.568649    0.01424     0.8542     51.250      0.943  49645.187    31.5872     9.8450      0.935    6.47637     9.8429    24.3136   11.70594 4.7013e+02 0.0000e+00
        207 226.568652    0.01431     0.8583     51.500      0.949  49665.042    31.6008     9.8417      0.940    6.47628     9.8510    24.3247   11.70562 4.6475e+02 0.0000e+00
        208 226.568655    0.01438     0.8625     51.750      0.948  49678.008    31.6101     9.8430      0.939    6.47571     9.8657    24.3318   11.70456 4.5463e+02 0.0000e+00
        209 226.568657    0.01444     0.8667     52.000      0.941  49671.800    31.6067     9.8511      0.932    6.47470     9.8825    24.3279   11.70294 4.4704e+02 0.0000e+00
        210 226.568660    0.01451     0.8708     52.250      0.932  49641.984    31.5876     9.8658      0.923    6.47340     9.8957    24.3106   11.70102 4.4776e+02 0.0000e+00
        211 226.568663    0.01458     0.8750     52.500      0.924  49598.190    31.5589     9.8826      0.916    6.47221     9.9024    24.2854   11.69939 4.5332e+02 0.0000e+00
        212 226.568666    0.01465     0.8792     52.750      0.923  49559.728    31.5334     9.8958      0.914    6.47140     9.9033    24.2634   11.69836 4.5368e+02 0.0000e+00
        213 226.568669    0.01472     0.8833     53.000      0.927  49542.032    31.5218     9.9025      0.919    6.47093     9.9012    24.2532   11.69773 4.4676e+02 0.0000e+00
        214 226.568672    0.01479     0.8875     53.250      0.935  49548.331    31.5263     9.9034      0.926    6.47061     9.8992    24.2566   11.69713 4.4089e+02 0.0000e+00
        215 226.568675    0.01486     0.8917     53.500      0.940  49568.095    31.5400     9.9013      0.931    6.47034     9.8995    24.2676   11.69652 4.4094e+02 0.0000e+00
        216 226.568678    0.01493     0.8958     53.750      0.939  49584.764    31.5515     9.8993      0.930    6.47016     9.9030    24.2769   11.69608 4.4629e+02 0.0000e+00
        217 226.568681    0.01500     0.9000     54.000      0.933  49586.849    31.5531     9.8996      0.924    6.47004     9.9084    24.2781   11.69586 4.5316e+02 0.0000e+00
        218 226.568683    0.01507     0.9042     54.250      0.926  49573.959    31.5444     9.9031      0.918    6.46990     9.9138    24.2708   11.69574 4.5614e+02 0.0000e+00
        219 226.568686    0.01514     0.9083     54.500      0.922  49555.304    31.5320     9.9085      0.914    6.46965     9.9176    24.2601   11.69548 4.5439e+02 0.0000e+00
        220 226.568689    0.01521     0.9125     54.750      0.923  49541.120    31.5226     9.9139      0.915    6.46929     9.9198    24.2520   11.69498 4.4878e+02 0.0000e+00
        221 226.568692    0.01528     0.9167     55.000      0.928  49536.377    31.5198     9.9177      0.919    6.46887     9.9212    24.2491   11.69432 4.4089e+02 0.0000e+00
        222 226.568695    0.01535     0.9208     55.250      0.933  49540.053    31.5227     9.9199      0.924    6.46843     9.9217    24.2510   11.69356 4.3545e+02 0.0000e+00
        223 226.568698    0.01542     0.9250     55.500      0.936  49546.505    31.5274     9.9213      0.927    6.46804     9.9207    24.2545   11.69286 4.3574e+02 0.0000e+00
        224 226.568701    0.01549     0.9292     55.750      0.935  49548.885    31.5291     9.9218      0.926    6.46790     9.9176    24.2558   11.69261 4.3940e+02 0.0000e+00
        225 226.568704    0.01556     0.9333     56.000      0.932  49543.261    31.5250     9.9208      0.923    6.46822     9.9118    24.2528   11.69318 4.4225e+02 0.0000e+00
        226 226.568707    0.01563     0.9375     56.250      0.931  49531.101    31.5160     9.9177      0.922    6.46903     9.9027    24.2463   11.69463 4.4245e+02 0.0000e+00
        227 226.568709    0.01569     0.9417     56.500      0.933  49518.866    31.5067     9.9119      0.924    6.47022     9.8902    24.2399   11.69673 4.3954e+02 0.0000e+00
        228 226.568712    0.01576     0.9458     56.750      0.939  49514.801    31.5026     9.9028      0.930    6.47168     9.8760    24.2382   11.69919 4.3633e+02 0.0000e+00
        229 226.568715    0.01583     0.9500     57.000      0.945  49524.769    31.5080     9.8903      0.936    6.47324     9.8632    24.2444   11.70170 4.3528e+02 0.0000e+00
        230 226.568718    0.01590     0.9542     57.250      0.950  49548.007    31.5226     9.8761      0.941    6.47464     9.8527    24.2581   11.70384 4.3509e+02 0.0000e+00
        231 226.568721    0.01597     0.9583     57.500      0.952  49576.628    31.5412     9.8633      0.943    6.47569     9.8439    24.2747   11.70537 4.3649e+02 0.0000e+00
        232 226.568724    0.01604     0.9625     57.750      0.951  49601.839    31.5576     9.8528      0.942    6.47649     9.8358    24.2892   11.70650 4.3814e+02 0.0000e+00
        233 226.568727    0.01611     0.9667     58.000      0.949  49619.290    31.5688     9.8440      0.940    6.47728     9.8284    24.2994   11.70767 4.3513e+02 0.0000e+00
        234 226.568730    0.01618     0.9708     58.250      0.946  49628.553    31.5743     9.8359      0.937    6.47820     9.8217    24.3049   11.70912 4.2825e+02 0.0000e+00
        235 226.568733    0.01625     0.9750     58.500      0.944  49632.028    31.5758     9.8285      0.935    6.47919     9.8157    24.3073   11.71075 4.2338e+02 0.0000e+00
        236 226.568736    0.01632     0.9792     58.750      0.943  49634.563    31.5767     9.8218      0.934    6.48011     9.8105    24.3091   11.71226 4.2513e+02 0.0000e+00
        237 226.568738    0.01639     0.9833     59.000      0.945  49640.585    31.5801     9.8158      0.936    6.48081     9.8059    24.3128   11.71338 4.3199e+02 0.0000e+00
        238 226.568741    0.01646     0.9875     59.250      0.947  49650.211    31.5863     9.8106      0.938    6.48130     9.8017    24.3184   11.71412 4.3651e+02 0.0000e+00
        239 226.568744    0.01653     0.9917     59.500      0.949  49658.379    31.5914     9.8060      0.940    6.48173     9.7975    24.3232   11.71477 4.3495e+02 0.0000e+00
        240 226.568747    0.01660     0.9958     59.750      0.952  49659.785    31.5919     9.8018      0.943    6.48230     9.7927    24.3242   11.71572 4.3005e+02 0.0000e+00
        241 226.568750    0.01667     1.0000     60.000      0.954  49655.477    31.5883     9.7976      0.945    6.48306     9.7876    24.3221   11.71701 4.2532e+02 0.0000e+00
        242 226.568753    0.01674     1.0042     60.250      0.956  49652.743    31.5857     9.7928      0.947    6.48385     9.7836    24.3209   11.71835 4.2395e+02 0.0000e+00
        243 226.568756    0.01681     1.0083     60.500      0.956  49658.545    31.5892     9.7877      0.947    6.48443     9.7825    24.3244   11.71927 4.2688e+02 0.0000e+00
        244 226.568759    0.01688     1.0125     60.750      0.952  49671.206    31.5976     9.7837      0.943    6.48464     9.7855    24.3316   11.71952 4.3156e+02 0.0000e+00
        245 226.568762    0.01694     1.0167     61.000      0.944  49678.716    31.6028     9.7826      0.936    6.48458     9.7921    24.3358   11.71936 4.3336e+02 0.0000e+00
        246 226.568764    0.01701     1.0208     61.250      0.937  49667.361    31.5951     9.7856      0.928    6.48448     9.7989    24.3294   11.71927 4.2987e+02 0.0000e+00
        247 226.568767    0.01708     1.0250     61.500      0.932  49633.754    31.5723     9.7922      0.924    6.48449     9.8021    24.3104   11.71957 4.2529e+02 0.0000e+00
        248 226.568770    0.01715     1.0292     61.750      0.933  49592.259    31.5439     9.7990      0.925    6.48471     9.8014    24.2872   11.72027 4.2406e+02 0.0000e+00
        249 226.568773    0.01722     1.0333     62.000      0.938  49566.701    31.5262     9.8022      0.929    6.48499     9.8004    24.2729   11.72094 4.2689e+02 0.0000e+00
        250 226.568776    0.01729     1.0375     62.250      0.942  49571.241    31.5293     9.8015      0.933    6.48496     9.8037    24.2755   11.72086 4.3338e+02 0.0000e+00
        251 226.568779    0.01736     1.0417     62.500      0.940  49595.606    31.5464     9.8005      0.931    6.48439     9.8139    24.2889   11.71971 4.3959e+02 0.0000e+00
        252 226.568782    0.01743     1.0458     62.750      0.932  49607.910    31.5555     9.8038      0.923    6.48354     9.8272    24.2955   11.71819 4.4087e+02 0.0000e+00
        253 226.568785    0.01750     1.0500     63.000      0.921  49580.600    31.5376     9.8140      0.912    6.48284     9.8347    24.2799   11.71725 4.3781e+02 0.0000e+00
        254 226.568788    0.01757     1.0542     63.250      0.914  49518.873    31.4957     9.8273      0.905    6.48269     9.8307    24.2451   11.71751 4.3356e+02 0.0000e+00
        255 226.568791    0.01764     1.0583     63.500      0.917  49456.783    31.4529     9.8348      0.909    6.48341     9.8178    24.2104   11.71921 4.3023e+02 0.0000e+00
        256 226.568793    0.01771     1.0625     63.750      0.932  49426.770    31.4312     9.8308      0.923    6.48487     9.8034    24.1941   11.72189 4.2984e+02 0.0000e+00
        257 226.568796    0.01778     1.0667     64.000      0.951  49443.277    31.4411     9.8179      0.942    6.48630     9.7952    24.2040   11.72414 4.3261e+02 0.0000e+00
        258 226.568799    0.01785     1.0708     64.250      0.965  49494.136    31.4751     9.8035      0.956    6.48693     9.7979    24.2329   11.72478 4.3560e+02 0.0000e+00
        259 226.568802    0.01792     1.0750     64.500      0.966  49539.460    31.5061     9.7953      0.957    6.48681     9.8092    24.2583   11.72420 4.3619e+02 0.0000e+00
        260 226.568805    0.01799     1.0792     64.750      0.953  49540.155    31.5069     9.7980      0.944    6.48639     9.8191    24.2585   11.72350 4.3430e+02 0.0000e+00
        261 226.568808    0.01806     1.0833     65.000      0.933  49490.128    31.4731     9.8093      0.924    6.48620     9.8178    24.2303   11.72359 4.3310e+02 0.0000e+00
        262 226.568811    0.01812     1.0875     65.250      0.917  49417.200    31.4229     9.8192      0.908    6.48687     9.8024    24.1895   11.72529 4.3415e+02 0.0000e+00
        263 226.568814    0.01819     1.0917     65.500      0.913  49353.649    31.3779     9.8179      0.905    6.48893     9.7772    24.1546   11.72924 4.3417e+02 0.0000e+00
        264 226.568817    0.01826     1.0958     65.750      0.923  49314.557    31.3483     9.8025      0.914    6.49237     9.7491    24.1340   11.73529 4.3242e+02 0.0000e+00
        265 226.568819    0.01833     1.1000     66.000      0.939  49297.600    31.3331     9.7773      0.931    6.49660     9.7224    24.1262   11.74247 4.3125e+02 0.0000e+00
        266 226.568822    0.01840     1.1042     66.250      0.952  49291.770    31.3253     9.7492      0.944    6.50093     9.6989    24.1247   11.74975 4.3139e+02 0.0000e+00
        267 226.568825    0.01847     1.1083     66.500      0.954  49291.419    31.3216     9.7225      0.946    6.50490     9.6792    24.1260   11.75638 4.3252e+02 0.0000e+00
        268 226.568828    0.01854     1.1125     66.750      0.945  49296.350    31.3220     9.6990      0.936    6.50825     9.6632    24.1301   11.76191 4.3281e+02 0.0000e+00
        269 226.568831    0.01861     1.1167     67.000      0.930  49303.909    31.3248     9.6793      0.922    6.51095     9.6499    24.1354   11.76635 4.3119e+02 0.0000e+00
        270 226.568834    0.01868     1.1208     67.250      0.919  49310.921    31.3276     9.6633      0.911    6.51312     9.6387    24.1402   11.76992 4.3033e+02 0.0000e+00
        271 226.568837    0.01875     1.1250     67.500      0.917  49317.460    31.3305     9.6500      0.909    6.51491     9.6299    24.1446   11.77284 4.3205e+02 0.0000e+00
