CTD-processing/allCTD/CNV--turbid/2015_12-10_t4_s09_cast059.cnv
* Sea-Bird SBE19plus Data File:
* FileName = C:\Users\Kris.Holderied\Documents\kasitsna\Research-KBL\Oceanography-AK\CTD-Data-ALL-to-2016-05\2015-CTD-KachemakBay-CookInlet\2015-12-10-CookInlet-Tran4-SPECIAL\2015-12-10-CookInlet-Tran4-cast059.hex
* Software Version 1.59
* Temperature SN =  5028
* Conductivity SN =  5028
* System UpLoad Time = Jun 06 2016 17:55:27
** Cook Inlet LTM Tran4 Barabara  south to north SPECIAL
** Date (YYYY-MM-DD): 2015-12-10
** Station (eg. 9-01):  4-09
** Start time (AKST): 15:08
** Depth (m): 29.9
** Comment:  R/V Edgecumbe. Special transect done with monthly T9 to assess outer bay conditions.
** Comment:
# nquan = 16
# nvalues = 418                         
# units = specified
# name 0 = scan: Scan Count
# name 1 = timeJ: Julian Days
# name 2 = timeH: Time, Elapsed [hours]
# name 3 = timeM: Time, Elapsed [minutes]
# name 4 = timeS: Time, Elapsed [seconds]
# name 5 = prdM: Pressure, Strain Gauge [db]
# name 6 = specc: Specific Conductance [uS/cm]
# name 7 = sal00: Salinity, Practical [PSU]
# name 8 = tv290C: Temperature [ITS-90, deg C]
# name 9 = depSM: Depth [salt water, m], lat = 59.00
# name 10 = oxsolML/L: Oxygen Saturation, Garcia & Gordon [ml/l]
# name 11 = potemp090C: Potential Temperature [ITS-90, deg C]
# name 12 = sigma-é00: Density [sigma-theta, kg/m^3]
# name 13 = n2satML/L: Nitrogen Saturation [ml/l]
# name 14 = par: PAR/Irradiance, Biospherical/Licor
# name 15 = flag:  0.000e+00
# span 0 =          1,        418       
# span 1 = 344.631238, 344.632445       
# span 2 =    0.00000,    0.02896       
# span 3 =     0.0000,     1.7375       
# span 4 =      0.000,    104.250       
# span 5 =     -0.270,     24.637       
# span 6 =    623.943,  49490.881       
# span 7 =     0.2928,    30.9180       
# span 8 =     5.2051,     6.3934       
# span 9 =     -0.267,     24.405       
# span 10 =    7.03412,    8.87130      
# span 11 =     5.2051,     6.3914      
# span 12 =     0.1980,    24.2917      
# span 13 =   12.63723,   16.14159      
# span 14 = 1.2895e-01, 2.0753e+02      
# span 15 = 0.0000e+00, 0.0000e+00      
# interval = seconds: 0.25
# start_time = Dec 10 2015 15:08:59 [Instrument's time stamp, header]
# bad_flag = -9.990e-29
*END*
[from data line 362]
        363 344.632286    0.02514     1.5083     90.500     11.581  49378.396    30.7737     5.9232     11.473    7.11815     5.9274    24.2238   12.77774 1.6669e+00 0.0000e+00
        364 344.632289    0.02521     1.5125     90.750     11.842  49379.472    30.7748     5.9257     11.731    7.11767     5.9311    24.2244   12.77694 1.5978e+00 0.0000e+00
        365 344.632292    0.02528     1.5167     91.000     12.099  49384.083    30.7784     5.9283     11.985    7.11705     5.9370    24.2269   12.77588 1.5282e+00 0.0000e+00
        366 344.632295    0.02535     1.5208     91.250     12.349  49392.474    30.7848     5.9321     12.234    7.11612     5.9457    24.2315   12.77426 1.4555e+00 0.0000e+00
        367 344.632297    0.02542     1.5250     91.500     12.592  49402.314    30.7926     5.9380     12.475    7.11476     5.9568    24.2369   12.77191 1.3833e+00 0.0000e+00
        368 344.632300    0.02549     1.5292     91.750     12.830  49410.700    30.7999     5.9467     12.710    7.11296     5.9702    24.2417   12.76884 1.3123e+00 0.0000e+00
        369 344.632303    0.02556     1.5333     92.000     13.068  49418.128    30.8070     5.9578     12.945    7.11075     5.9863    24.2460   12.76511 1.2416e+00 0.0000e+00
        370 344.632306    0.02562     1.5375     92.250     13.313  49428.368    30.8165     5.9712     13.188    7.10807     6.0051    24.2519   12.76054 1.1701e+00 0.0000e+00
        371 344.632309    0.02569     1.5417     92.500     13.572  49438.391    30.8263     5.9874     13.445    7.10490     6.0243    24.2578   12.75518 1.0981e+00 0.0000e+00
        372 344.632312    0.02576     1.5458     92.750     13.847  49439.895    30.8308     6.0061     13.716    7.10155     6.0418    24.2591   12.74958 1.0273e+00 0.0000e+00
        373 344.632315    0.02583     1.5500     93.000     14.132  49434.253    30.8304     6.0253     13.999    7.09835     6.0570    24.2565   12.74431 9.5988e-01 0.0000e+00
        374 344.632318    0.02590     1.5542     93.250     14.420  49428.164    30.8294     6.0428     14.285    7.09548     6.0704    24.2537   12.73957 8.9804e-01 0.0000e+00
        375 344.632321    0.02597     1.5583     93.500     14.704  49423.455    30.8289     6.0581     14.567    7.09295     6.0819    24.2515   12.73539 8.4294e-01 0.0000e+00
        376 344.632323    0.02604     1.5625     93.750     14.979  49418.723    30.8280     6.0715     14.839    7.09076     6.0912    24.2492   12.73178 7.9440e-01 0.0000e+00
        377 344.632326    0.02611     1.5667     94.000     15.245  49412.949    30.8260     6.0830     15.102    7.08893     6.0985    24.2463   12.72879 7.5112e-01 0.0000e+00
        378 344.632329    0.02618     1.5708     94.250     15.504  49407.097    30.8237     6.0924     15.358    7.08747     6.1041    24.2433   12.72641 7.1176e-01 0.0000e+00
        379 344.632332    0.02625     1.5750     94.500     15.759  49403.002    30.8221     6.0997     15.611    7.08633     6.1088    24.2412   12.72455 6.7525e-01 0.0000e+00
        380 344.632335    0.02632     1.5792     94.750     16.012  49401.228    30.8218     6.1054     15.862    7.08541     6.1127    24.2403   12.72301 6.4076e-01 0.0000e+00
        381 344.632338    0.02639     1.5833     95.000     16.265  49400.293    30.8219     6.1100     16.113    7.08463     6.1158    24.2398   12.72172 6.0772e-01 0.0000e+00
        382 344.632341    0.02646     1.5875     95.250     16.521  49398.947    30.8216     6.1140     16.366    7.08398     6.1180    24.2391   12.72066 5.7589e-01 0.0000e+00
        383 344.632344    0.02653     1.5917     95.500     16.780  49397.213    30.8209     6.1172     16.622    7.08349     6.1190    24.2382   12.71985 5.4520e-01 0.0000e+00
        384 344.632347    0.02660     1.5958     95.750     17.042  49394.515    30.8193     6.1194     16.882    7.08319     6.1184    24.2367   12.71938 5.1568e-01 0.0000e+00
        385 344.632350    0.02667     1.6000     96.000     17.307  49390.768    30.8168     6.1204     17.145    7.08315     6.1166    24.2346   12.71935 4.8746e-01 0.0000e+00
        386 344.632352    0.02674     1.6042     96.250     17.575  49388.728    30.8151     6.1198     17.410    7.08332     6.1151    24.2334   12.71966 4.6065e-01 0.0000e+00
        387 344.632355    0.02681     1.6083     96.500     17.845  49391.543    30.8166     6.1180     17.677    7.08354     6.1155    24.2347   12.72000 4.3536e-01 0.0000e+00
        388 344.632358    0.02688     1.6125     96.750     18.115  49399.990    30.8220     6.1165     17.945    7.08354     6.1191    24.2392   12.71993 4.1167e-01 0.0000e+00
        389 344.632361    0.02694     1.6167     97.000     18.384  49411.916    30.8302     6.1169     18.211    7.08309     6.1262    24.2456   12.71907 3.8968e-01 0.0000e+00
        390 344.632364    0.02701     1.6208     97.250     18.649  49422.933    30.8384     6.1206     18.474    7.08209     6.1353    24.2516   12.71732 3.6944e-01 0.0000e+00
        391 344.632367    0.02708     1.6250     97.500     18.911  49429.268    30.8440     6.1277     18.733    7.08066     6.1449    24.2552   12.71488 3.5081e-01 0.0000e+00
        392 344.632370    0.02715     1.6292     97.750     19.171  49430.307    30.8463     6.1368     18.990    7.07903     6.1540    24.2559   12.71216 3.3347e-01 0.0000e+00
        393 344.632373    0.02722     1.6333     98.000     19.432  49428.274    30.8466     6.1464     19.248    7.07741     6.1620    24.2550   12.70949 3.1710e-01 0.0000e+00
        394 344.632376    0.02729     1.6375     98.250     19.696  49425.139    30.8460     6.1555     19.511    7.07594     6.1689    24.2534   12.70706 3.0148e-01 0.0000e+00
        395 344.632378    0.02736     1.6417     98.500     19.966  49422.268    30.8454     6.1635     19.779    7.07463     6.1752    24.2520   12.70491 2.8648e-01 0.0000e+00
        396 344.632381    0.02743     1.6458     98.750     20.243  49420.566    30.8454     6.1705     20.053    7.07347     6.1809    24.2512   12.70298 2.7204e-01 0.0000e+00
        397 344.632384    0.02750     1.6500     99.000     20.526  49419.461    30.8456     6.1768     20.332    7.07241     6.1861    24.2506   12.70124 2.5819e-01 0.0000e+00
        398 344.632387    0.02757     1.6542     99.250     20.811  49418.759    30.8461     6.1825     20.615    7.07144     6.1913    24.2503   12.69963 2.4502e-01 0.0000e+00
        399 344.632390    0.02764     1.6583     99.500     21.095  49419.780    30.8476     6.1878     20.897    7.07050     6.1972    24.2509   12.69804 2.3266e-01 0.0000e+00
        400 344.632393    0.02771     1.6625     99.750     21.377  49423.682    30.8511     6.1930     21.176    7.06947     6.2045    24.2531   12.69630 2.2112e-01 0.0000e+00
        401 344.632396    0.02778     1.6667    100.000     21.655  49430.678    30.8569     6.1989     21.451    7.06822     6.2137    24.2569   12.69416 2.1033e-01 0.0000e+00
        402 344.632399    0.02785     1.6708    100.250     21.929  49438.931    30.8639     6.2063     21.723    7.06667     6.2245    24.2615   12.69151 2.0019e-01 0.0000e+00
        403 344.632402    0.02792     1.6750    100.500     22.203  49445.834    30.8702     6.2155     21.994    7.06485     6.2369    24.2654   12.68841 1.9062e-01 0.0000e+00
        404 344.632405    0.02799     1.6792    100.750     22.477  49452.963    30.8770     6.2264     22.265    7.06274     6.2514    24.2695   12.68483 1.8159e-01 0.0000e+00
        405 344.632407    0.02806     1.6833    101.000     22.749  49462.646    30.8859     6.2387     22.535    7.06027     6.2683    24.2750   12.68065 1.7315e-01 0.0000e+00
        406 344.632410    0.02813     1.6875    101.250     23.017  49473.320    30.8958     6.2532     22.800    7.05741     6.2874    24.2810   12.67579 1.6533e-01 0.0000e+00
        407 344.632413    0.02819     1.6917    101.500     23.279  49483.487    30.9059     6.2701     23.060    7.05415     6.3079    24.2869   12.67027 1.5814e-01 0.0000e+00
        408 344.632416    0.02826     1.6958    101.750     23.533  49490.720    30.9143     6.2893     23.312    7.05059     6.3279    24.2912   12.66429 1.5162e-01 0.0000e+00
        409 344.632419    0.02833     1.7000    102.000     23.773  49490.881    30.9180     6.3097     23.550    7.04704     6.3459    24.2917   12.65836 1.4585e-01 0.0000e+00
        410 344.632422    0.02840     1.7042    102.250     23.993  49485.316    30.9178     6.3298     23.767    7.04374     6.3613    24.2890   12.65291 1.4097e-01 0.0000e+00
        411 344.632425    0.02847     1.7083    102.500     24.181  49478.209    30.9161     6.3479     23.954    7.04085     6.3737    24.2855   12.64815 1.3714e-01 0.0000e+00
        412 344.632428    0.02854     1.7125    102.750     24.328  49469.698    30.9130     6.3633     24.099    7.03845     6.3825    24.2812   12.64422 1.3444e-01 0.0000e+00
        413 344.632431    0.02861     1.7167    103.000     24.431  49458.964    30.9078     6.3757     24.202    7.03664     6.3876    24.2756   12.64130 1.3269e-01 0.0000e+00
        414 344.632433    0.02868     1.7208    103.250     24.502  49448.083    30.9019     6.3845     24.272    7.03547     6.3900    24.2699   12.63943 1.3146e-01 0.0000e+00
        415 344.632436    0.02875     1.7250    103.500     24.554  49441.294    30.8981     6.3896     24.323    7.03481     6.3910    24.2663   12.63839 1.3044e-01 0.0000e+00
        416 344.632439    0.02882     1.7292    103.750     24.596  49440.300    30.8978     6.3920     24.365    7.03444     6.3914    24.2658   12.63778 1.2961e-01 0.0000e+00
        417 344.632442    0.02889     1.7333    104.000     24.626  49441.805    30.8990     6.3930     24.394    7.03421 -9.990e-29    24.2666   12.63738 1.2910e-01 0.0000e+00
        418 344.632445    0.02896     1.7375    104.250     24.637  49442.521    30.8996     6.3934     24.405    7.03412 -9.990e-29    24.2670   12.63723 1.2895e-01 0.0000e+00
