CTD-processing/allCTD/CNV--turbid/2015_07-10_alongbay_skb10_cast133.cnv
* Sea-Bird SBE19plus Data File:
* FileName = C:\Users\Kris.Holderied\Documents\kasitsna\Research-KBL\Oceanography-AK\CTD-Data-ALL-to-2015-06\2015-CTD-KachemakBay-CookInlet\2015-07-10-KachemakBay-AlongBayLine\2015_07_10_KachemakBay_AlongBay_cast133.hex
* Software Version 1.59
* Temperature SN =  5028
* Conductivity SN =  5028
* System UpLoad Time = Jul 30 2015 17:42:13
** Kachemak Bay Along Bay Line - Flat Island to Bear Cove

** Date: 07-10
** Station:  KB10
** Start time (AKDT): 17:11
** Depth (m): 62
** Comment:  R/V Johanna Rose (Nuka Research)
** Comment: Seldovia subbay sampled before the along-bay line.
# nquan = 16
# nvalues = 537                         
# units = specified
# name 0 = scan: Scan Count
# name 1 = timeJ: Julian Days
# name 2 = timeH: Time, Elapsed [hours]
# name 3 = timeM: Time, Elapsed [minutes]
# name 4 = timeS: Time, Elapsed [seconds]
# name 5 = prdM: Pressure, Strain Gauge [db]
# name 6 = specc: Specific Conductance [uS/cm]
# name 7 = sal00: Salinity, Practical [PSU]
# name 8 = tv290C: Temperature [ITS-90, deg C]
# name 9 = depSM: Depth [salt water, m], lat = 59.00
# name 10 = oxsolML/L: Oxygen Saturation, Garcia & Gordon [ml/l]
# name 11 = potemp090C: Potential Temperature [ITS-90, deg C]
# name 12 = sigma-é00: Density [sigma-theta, kg/m^3]
# name 13 = n2satML/L: Nitrogen Saturation [ml/l]
# name 14 = par: PAR/Irradiance, Biospherical/Licor
# name 15 = flag:  0.000e+00
# span 0 =          1,        537       
# span 1 = 191.715231, 191.716782       
# span 2 =    0.00000,    0.03722       
# span 3 =     0.0000,     2.2333       
# span 4 =      0.000,    134.000       
# span 5 =     -0.132,     61.444       
# span 6 =    154.912,  49739.389       
# span 7 =     0.0740,    31.2598       
# span 8 =     7.3697,    13.1750       
# span 9 =     -0.131,     60.861       
# span 10 =    6.43028,    7.34557      
# span 11 =     7.3642,    13.1750      
# span 12 =    -0.5823,    24.4254      
# span 13 =   11.69733,   13.57005      
# span 14 = 6.2796e-02, 2.4737e+02      
# span 15 = 0.0000e+00, 0.0000e+00      
# interval = seconds: 0.25
# start_time = Jul 10 2015 17:09:56 [Instrument's time stamp, header]
# bad_flag = -9.990e-29
*END*
[from data line 452]
        453 191.716539    0.03139     1.8833    113.000     39.706  49499.235    31.2531     8.3183     39.330    6.71445     8.3021    24.2875   12.10410 8.4234e-02 0.0000e+00
        454 191.716542    0.03146     1.8875    113.250     39.974  49496.384    31.2502     8.3133     39.596    6.71533     8.2913    24.2860   12.10559 8.3556e-02 0.0000e+00
        455 191.716545    0.03153     1.8917    113.500     40.261  49490.597    31.2449     8.3060     39.881    6.71666     8.2755    24.2829   12.10786 8.2864e-02 0.0000e+00
        456 191.716548    0.03160     1.8958    113.750     40.565  49481.619    31.2369     8.2952     40.182    6.71866     8.2543    24.2781   12.11126 8.2177e-02 0.0000e+00
        457 191.716551    0.03167     1.9000    114.000     40.876  49471.774    31.2274     8.2795     40.489    6.72145     8.2288    24.2730   12.11600 8.1501e-02 0.0000e+00
        458 191.716554    0.03174     1.9042    114.250     41.180  49466.681    31.2205     8.2583     40.790    6.72498     8.2016    24.2706   12.12192 8.0860e-02 0.0000e+00
        459 191.716557    0.03181     1.9083    114.500     41.465  49470.478    31.2191     8.2328     41.074    6.72891     8.1749    24.2732   12.12845 8.0268e-02 0.0000e+00
        460 191.716560    0.03188     1.9125    114.750     41.730  49481.371    31.2224     8.2056     41.336    6.73291     8.1493    24.2798   12.13502 7.9712e-02 0.0000e+00
        461 191.716563    0.03194     1.9167    115.000     41.980  49492.470    31.2260     8.1789     41.583    6.73681     8.1225    24.2864   12.14143 7.9180e-02 0.0000e+00
        462 191.716565    0.03201     1.9208    115.250     42.226  49495.542    31.2241     8.1533     41.827    6.74080     8.0903    24.2885   12.14806 7.8653e-02 0.0000e+00
        463 191.716568    0.03208     1.9250    115.500     42.484  49486.710    31.2137     8.1264     42.082    6.74536     8.0501    24.2842   12.15573 7.8104e-02 0.0000e+00
        464 191.716571    0.03215     1.9292    115.750     42.760  49471.908    31.1982     8.0943     42.356    6.75096     8.0037    24.2766   12.16518 7.7524e-02 0.0000e+00
        465 191.716574    0.03222     1.9333    116.000     43.053  49465.596    31.1874     8.0542     42.646    6.75758     7.9567    24.2739   12.17627 7.6926e-02 0.0000e+00
        466 191.716577    0.03229     1.9375    116.250     43.357  49477.067    31.1880     8.0078     42.947    6.76466     7.9141    24.2809   12.18798 7.6337e-02 0.0000e+00
        467 191.716580    0.03236     1.9417    116.500     43.660  49501.865    31.1978     7.9607     43.248    6.77145     7.8787    24.2953   12.19909 7.5787e-02 0.0000e+00
        468 191.716583    0.03243     1.9458    116.750     43.953  49531.084    31.2114     7.9182     43.538    6.77738     7.8508    24.3119   12.20873 7.5282e-02 0.0000e+00
        469 191.716586    0.03250     1.9500    117.000     44.230  49558.810    31.2251     7.8829     43.812    6.78222     7.8294    24.3276   12.21657 7.4822e-02 0.0000e+00
        470 191.716589    0.03257     1.9542    117.250     44.491  49581.687    31.2365     7.8550     44.070    6.78601     7.8129    24.3405   12.22271 7.4396e-02 0.0000e+00
        471 191.716591    0.03264     1.9583    117.500     44.741  49598.780    31.2449     7.8335     44.318    6.78894     7.7999    24.3501   12.22745 7.3989e-02 0.0000e+00
        472 191.716594    0.03271     1.9625    117.750     44.991  49610.697    31.2505     7.8171     44.566    6.79122     7.7891    24.3568   12.23116 7.3583e-02 0.0000e+00
        473 191.716597    0.03278     1.9667    118.000     45.253  49618.204    31.2536     7.8041     44.825    6.79309     7.7792    24.3610   12.23421 7.3171e-02 0.0000e+00
        474 191.716600    0.03285     1.9708    118.250     45.532  49622.377    31.2547     7.7933     45.102    6.79472     7.7697    24.3634   12.23689 7.2755e-02 0.0000e+00
        475 191.716603    0.03292     1.9750    118.500     45.828  49624.878    31.2547     7.7835     45.394    6.79624     7.7601    24.3648   12.23940 7.2343e-02 0.0000e+00
        476 191.716606    0.03299     1.9792    118.750     46.133  49626.284    31.2540     7.7740     45.696    6.79774     7.7498    24.3656   12.24189 7.1947e-02 0.0000e+00
        477 191.716609    0.03306     1.9833    119.000     46.437  49626.069    31.2522     7.7644     45.998    6.79930     7.7384    24.3655   12.24450 7.1573e-02 0.0000e+00
        478 191.716612    0.03313     1.9875    119.250     46.730  49625.001    31.2497     7.7541     46.288    6.80101     7.7259    24.3649   12.24736 7.1227e-02 0.0000e+00
        479 191.716615    0.03319     1.9917    119.500     47.005  49624.627    31.2474     7.7427     46.560    6.80288     7.7128    24.3648   12.25047 7.0906e-02 0.0000e+00
        480 191.716617    0.03326     1.9958    119.750     47.264  49625.238    31.2457     7.7303     46.817    6.80488     7.6991    24.3652   12.25380 7.0597e-02 0.0000e+00
        481 191.716620    0.03333     2.0000    120.000     47.515  49626.433    31.2443     7.7172     47.065    6.80698     7.6851    24.3659   12.25729 7.0297e-02 0.0000e+00
        482 191.716623    0.03340     2.0042    120.250     47.768  49628.569    31.2435     7.7035     47.316    6.80914     7.6711    24.3671   12.26087 7.0012e-02 0.0000e+00
        483 191.716626    0.03347     2.0083    120.500     48.031  49631.375    31.2431     7.6896     47.577    6.81132     7.6566    24.3687   12.26449 6.9728e-02 0.0000e+00
        484 191.716629    0.03354     2.0125    120.750     48.309  49632.441    31.2414     7.6756     47.852    6.81356     7.6403    24.3693   12.26822 6.9440e-02 0.0000e+00
        485 191.716632    0.03361     2.0167    121.000     48.601  49630.103    31.2373     7.6611     48.141    6.81601     7.6215    24.3681   12.27231 6.9163e-02 0.0000e+00
        486 191.716635    0.03368     2.0208    121.250     48.901  49626.352    31.2319     7.6448     48.438    6.81878     7.6006    24.3661   12.27696 6.8895e-02 0.0000e+00
        487 191.716638    0.03375     2.0250    121.500     49.202  49625.317    31.2280     7.6260     48.736    6.82188     7.5790    24.3656   12.28215 6.8640e-02 0.0000e+00
        488 191.716641    0.03382     2.0292    121.750     49.495  49628.434    31.2266     7.6052     49.027    6.82519     7.5571    24.3674   12.28763 6.8410e-02 0.0000e+00
        489 191.716644    0.03389     2.0333    122.000     49.776  49632.150    31.2256     7.5836     49.305    6.82860     7.5342    24.3695   12.29330 6.8197e-02 0.0000e+00
        490 191.716646    0.03396     2.0375    122.250     50.043  49634.299    31.2233     7.5616     49.570    6.83213     7.5108    24.3708   12.29916 6.7991e-02 0.0000e+00
        491 191.716649    0.03403     2.0417    122.500     50.300  49637.981    31.2220     7.5388     49.824    6.83575     7.4882    24.3729   12.30517 6.7789e-02 0.0000e+00
        492 191.716652    0.03410     2.0458    122.750     50.553  49645.793    31.2235     7.5154     50.074    6.83935     7.4677    24.3772   12.31109 6.7595e-02 0.0000e+00
        493 191.716655    0.03417     2.0500    123.000     50.812  49657.380    31.2277     7.4928     50.331    6.84270     7.4505    24.3836   12.31659 6.7404e-02 0.0000e+00
        494 191.716658    0.03424     2.0542    123.250     51.087  49671.085    31.2338     7.4723     50.603    6.84563     7.4368    24.3911   12.32136 6.7214e-02 0.0000e+00
        495 191.716661    0.03431     2.0583    123.500     51.379  49684.414    31.2401     7.4552     50.892    6.84804     7.4262    24.3984   12.32527 6.7020e-02 0.0000e+00
        496 191.716664    0.03438     2.0625    123.750     51.684  49695.063    31.2451     7.4415     51.195    6.84995     7.4175    24.4042   12.32837 6.6817e-02 0.0000e+00
        497 191.716667    0.03444     2.0667    124.000     51.994  49702.291    31.2482     7.4309     51.501    6.85149     7.4101    24.4081   12.33086 6.6621e-02 0.0000e+00
        498 191.716670    0.03451     2.0708    124.250     52.295  49707.304    31.2501     7.4222     51.800    6.85276     7.4037    24.4108   12.33295 6.6442e-02 0.0000e+00
        499 191.716672    0.03458     2.0750    124.500     52.579  49711.701    31.2518     7.4148     52.081    6.85385     7.3985    24.4131   12.33473 6.6284e-02 0.0000e+00
        500 191.716675    0.03465     2.0792    124.750     52.844  49715.961    31.2536     7.4085     52.344    6.85476     7.3943    24.4154   12.33621 6.6149e-02 0.0000e+00
        501 191.716678    0.03472     2.0833    125.000     53.096  49719.767    31.2552     7.4032     52.593    6.85550     7.3909    24.4174   12.33742 6.6026e-02 0.0000e+00
        502 191.716681    0.03479     2.0875    125.250     53.345  49722.551    31.2564     7.3991     52.840    6.85611     7.3880    24.4189   12.33841 6.5904e-02 0.0000e+00
        503 191.716684    0.03486     2.0917    125.500     53.607  49724.105    31.2568     7.3957     53.099    6.85662     7.3854    24.4196   12.33924 6.5786e-02 0.0000e+00
        504 191.716687    0.03493     2.0958    125.750     53.886  49725.031    31.2568     7.3928     53.376    6.85707     7.3829    24.4201   12.33999 6.5675e-02 0.0000e+00
        505 191.716690    0.03500     2.1000    126.000     54.184  49725.813    31.2568     7.3902     53.671    6.85748     7.3805    24.4204   12.34068 6.5570e-02 0.0000e+00
        506 191.716693    0.03507     2.1042    126.250     54.493  49726.545    31.2568     7.3877     53.976    6.85787     7.3784    24.4207   12.34132 6.5456e-02 0.0000e+00
        507 191.716696    0.03514     2.1083    126.500     54.802  49727.433    31.2569     7.3854     54.282    6.85823     7.3767    24.4211   12.34192 6.5327e-02 0.0000e+00
        508 191.716698    0.03521     2.1125    126.750     55.100  49728.396    31.2570     7.3834     54.577    6.85855     7.3752    24.4215   12.34244 6.5210e-02 0.0000e+00
        509 191.716701    0.03528     2.1167    127.000     55.382  49729.427    31.2573     7.3816     54.857    6.85881     7.3741    24.4220   12.34287 6.5121e-02 0.0000e+00
        510 191.716704    0.03535     2.1208    127.250     55.649  49730.841    31.2580     7.3802     55.121    6.85901     7.3734    24.4227   12.34318 6.5047e-02 0.0000e+00
        511 191.716707    0.03542     2.1250    127.500     55.908  49732.382    31.2588     7.3791     55.378    6.85914     7.3731    24.4234   12.34339 6.4979e-02 0.0000e+00
        512 191.716710    0.03549     2.1292    127.750     56.168  49733.638    31.2594     7.3784     55.635    6.85922     7.3730    24.4240   12.34351 6.4908e-02 0.0000e+00
        513 191.716713    0.03556     2.1333    128.000     56.437  49734.355    31.2598     7.3781     55.902    6.85926     7.3729    24.4243   12.34356 6.4823e-02 0.0000e+00
        514 191.716716    0.03562     2.1375    128.250     56.719  49734.348    31.2596     7.3781     56.181    6.85927     7.3727    24.4242   12.34360 6.4732e-02 0.0000e+00
        515 191.716719    0.03569     2.1417    128.500     57.013  49733.922    31.2592     7.3780     56.472    6.85930     7.3722    24.4239   12.34365 6.4646e-02 0.0000e+00
        516 191.716722    0.03576     2.1458    128.750     57.312  49733.525    31.2587     7.3778     56.768    6.85936     7.3716    24.4236   12.34374 6.4557e-02 0.0000e+00
        517 191.716725    0.03583     2.1500    129.000     57.608  49733.182    31.2583     7.3774     57.062    6.85944     7.3708    24.4233   12.34389 6.4468e-02 0.0000e+00
        518 191.716727    0.03590     2.1542    129.250     57.896  49732.815    31.2578     7.3768     57.347    6.85956     7.3698    24.4230   12.34409 6.4394e-02 0.0000e+00
        519 191.716730    0.03597     2.1583    129.500     58.172  49732.714    31.2575     7.3759     57.620    6.85970     7.3689    24.4228   12.34433 6.4328e-02 0.0000e+00
        520 191.716733    0.03604     2.1625    129.750     58.439  49733.112    31.2575     7.3750     57.885    6.85985     7.3681    24.4230   12.34458 6.4258e-02 0.0000e+00
        521 191.716736    0.03611     2.1667    130.000     58.703  49733.807    31.2577     7.3741     58.146    6.85998     7.3676    24.4233   12.34479 6.4185e-02 0.0000e+00
        522 191.716739    0.03618     2.1708    130.250     58.970  49734.441    31.2579     7.3734     58.411    6.86009     7.3672    24.4235   12.34496 6.4116e-02 0.0000e+00
        523 191.716742    0.03625     2.1750    130.500     59.242  49734.872    31.2579     7.3729     58.680    6.86017     7.3668    24.4237   12.34509 6.4057e-02 0.0000e+00
        524 191.716745    0.03632     2.1792    130.750     59.518  49735.194    31.2580     7.3725     58.954    6.86023     7.3666    24.4237   12.34519 6.3995e-02 0.0000e+00
        525 191.716748    0.03639     2.1833    131.000     59.795  49735.462    31.2580     7.3722     59.227    6.86027     7.3663    24.4238   12.34527 6.3922e-02 0.0000e+00
        526 191.716751    0.03646     2.1875    131.250     60.064  49735.623    31.2579     7.3719     59.494    6.86032     7.3659    24.4238   12.34535 6.3840e-02 0.0000e+00
        527 191.716753    0.03653     2.1917    131.500     60.318  49735.661    31.2578     7.3716     59.746    6.86036     7.3655    24.4237   12.34543 6.3742e-02 0.0000e+00
        528 191.716756    0.03660     2.1958    131.750     60.551  49735.599    31.2576     7.3713     59.976    6.86042     7.3650    24.4236   12.34553 6.3598e-02 0.0000e+00
        529 191.716759    0.03667     2.2000    132.000     60.760  49735.601    31.2574     7.3709     60.184    6.86049     7.3646    24.4235   12.34564 6.3378e-02 0.0000e+00
        530 191.716762    0.03674     2.2042    132.250     60.949  49735.886    31.2575     7.3705     60.371    6.86056     7.3643    24.4236   12.34575 6.3044e-02 0.0000e+00
        531 191.716765    0.03681     2.2083    132.500     61.115  49736.425    31.2577     7.3701     60.535    6.86061     7.3642    24.4239   12.34583 6.2796e-02 0.0000e+00
        532 191.716768    0.03687     2.2125    132.750     61.245  49737.119    31.2581     7.3698     60.663    6.86063     7.3642    24.4242   12.34587 6.2878e-02 0.0000e+00
        533 191.716771    0.03694     2.2167    133.000     61.334  49737.881    31.2586     7.3697     60.752    6.86063     7.3645    24.4246   12.34587 6.3085e-02 0.0000e+00
        534 191.716774    0.03701     2.2208    133.250     61.390  49738.593    31.2590     7.3697     60.807    6.86060     7.3648    24.4250   12.34581 6.3201e-02 0.0000e+00
        535 191.716777    0.03708     2.2250    133.500     61.422  49739.152    31.2594     7.3700     60.839    6.86054     7.3650    24.4253   12.34571 6.3261e-02 0.0000e+00
        536 191.716780    0.03715     2.2292    133.750     61.439  49739.383    31.2597     7.3703     60.856    6.86048 -9.990e-29    24.4254   12.34560 6.3298e-02 0.0000e+00
        537 191.716782    0.03722     2.2333    134.000     61.444  49739.389    31.2597     7.3705     60.861    6.86045 -9.990e-29    24.4254   12.34555 6.3314e-02 0.0000e+00
