CTD-processing/allCTD/CNV--turbid/2015_11-04_t9_s02_cast032.cnv
* Sea-Bird SBE19plus Data File:
* FileName = C:\Users\Kris.Holderied\Documents\kasitsna\Research-KBL\Oceanography-AK\CTD-Data-ALL-to-2015-10\2015-CTD-KachemakBay-CookInlet\2015-11-EVOSTC-CookInlet-quarterly\2015-11-04-CookInlet-Tran9-HomerSpit\2015-11-04-CookInlet-Tran9-cast032.hex
* Software Version 1.59
* Temperature SN =  5028
* Conductivity SN =  5028
* System UpLoad Time = Nov 07 2015 12:20:38
** Cook Inlet LTM Tran9 Homer Spit south to north

** Date: 11-04
** Station: 9-02
** Start time: 20:55
** Depth (m): 75
** Comment: M/V Ursus.
** Comment:
# nquan = 16
# nvalues = 843                         
# units = specified
# name 0 = scan: Scan Count
# name 1 = timeJ: Julian Days
# name 2 = timeH: Time, Elapsed [hours]
# name 3 = timeM: Time, Elapsed [minutes]
# name 4 = timeS: Time, Elapsed [seconds]
# name 5 = prdM: Pressure, Strain Gauge [db]
# name 6 = specc: Specific Conductance [uS/cm]
# name 7 = sal00: Salinity, Practical [PSU]
# name 8 = tv290C: Temperature [ITS-90, deg C]
# name 9 = depSM: Depth [salt water, m], lat = 59.00
# name 10 = oxsolML/L: Oxygen Saturation, Garcia & Gordon [ml/l]
# name 11 = potemp090C: Potential Temperature [ITS-90, deg C]
# name 12 = sigma-é00: Density [sigma-theta, kg/m^3]
# name 13 = n2satML/L: Nitrogen Saturation [ml/l]
# name 14 = par: PAR/Irradiance, Biospherical/Licor
# name 15 = flag:  0.000e+00
# span 0 =          1,        843       
# span 1 = 308.871192, 308.873628       
# span 2 =    0.00000,    0.05847       
# span 3 =     0.0000,     3.5083       
# span 4 =      0.000,    210.500       
# span 5 =     -0.114,     75.954       
# span 6 =    714.384,  48790.030       
# span 7 =     0.3423,    30.8420       
# span 8 =     6.5882,     9.2801       
# span 9 =     -0.113,     75.230       
# span 10 =    6.60156,    8.56042      
# span 11 =     6.5882,     9.2790      
# span 12 =     0.1945,    23.8629      
# span 13 =   11.92581,   15.61821      
# span 14 = 3.7980e-02, 2.7356e+00      
# span 15 = 0.0000e+00, 0.0000e+00      
# interval = seconds: 0.25
# start_time = Nov 04 2015 20:54:31 [Instrument's time stamp, header]
# bad_flag = -9.990e-29
*END*
[from data line 724]
        725 308.873287    0.05028     3.0167    181.000     60.269  48544.356    30.6871     9.0912     59.697    6.62339     9.0851    23.7300   11.96028 4.3737e-02 0.0000e+00
        726 308.873290    0.05035     3.0208    181.250     60.413  48544.662    30.6872     9.0912     59.840    6.62338     9.0850    23.7301   11.96026 4.3739e-02 0.0000e+00
        727 308.873293    0.05042     3.0250    181.500     60.556  48545.123    30.6875     9.0912     59.981    6.62337     9.0848    23.7303   11.96024 4.3732e-02 0.0000e+00
        728 308.873296    0.05049     3.0292    181.750     60.697  48545.711    30.6878     9.0912     60.121    6.62337     9.0845    23.7306   11.96023 4.3715e-02 0.0000e+00
        729 308.873299    0.05056     3.0333    182.000     60.837  48546.477    30.6882     9.0910     60.260    6.62337     9.0840    23.7310   11.96023 4.3689e-02 0.0000e+00
        730 308.873302    0.05063     3.0375    182.250     60.975  48547.623    30.6889     9.0908     60.397    6.62338     9.0833    23.7316   11.96024 4.3667e-02 0.0000e+00
        731 308.873304    0.05069     3.0417    182.500     61.112  48549.451    30.6901     9.0903     60.532    6.62340     9.0821    23.7325   11.96026 4.3663e-02 0.0000e+00
        732 308.873307    0.05076     3.0458    182.750     61.249  48552.310    30.6920     9.0896     60.667    6.62343     9.0805    23.7341   11.96029 4.3664e-02 0.0000e+00
        733 308.873310    0.05083     3.0500    183.000     61.386  48556.296    30.6945     9.0884     60.803    6.62350     9.0785    23.7363   11.96036 4.3662e-02 0.0000e+00
        734 308.873313    0.05090     3.0542    183.250     61.523  48561.128    30.6976     9.0868     60.938    6.62360     9.0764    23.7390   11.96049 4.3660e-02 0.0000e+00
        735 308.873316    0.05097     3.0583    183.500     61.661  48566.476    30.7011     9.0849     61.075    6.62374     9.0742    23.7419   11.96068 4.3655e-02 0.0000e+00
        736 308.873319    0.05104     3.0625    183.750     61.800  48571.953    30.7046     9.0827     61.213    6.62390     9.0722    23.7450   11.96091 4.3642e-02 0.0000e+00
        737 308.873322    0.05111     3.0667    184.000     61.940  48577.183    30.7079     9.0806     61.352    6.62408     9.0703    23.7479   11.96117 4.3630e-02 0.0000e+00
        738 308.873325    0.05118     3.0708    184.250     62.082  48582.034    30.7109     9.0785     61.493    6.62425     9.0686    23.7506   11.96140 4.3623e-02 0.0000e+00
        739 308.873328    0.05125     3.0750    184.500     62.226  48586.569    30.7138     9.0767     61.635    6.62440     9.0670    23.7531   11.96161 4.3620e-02 0.0000e+00
        740 308.873330    0.05132     3.0792    184.750     62.370  48590.939    30.7166     9.0750     61.778    6.62453     9.0654    23.7556   11.96180 4.3622e-02 0.0000e+00
        741 308.873333    0.05139     3.0833    185.000     62.516  48595.136    30.7192     9.0734     61.922    6.62465     9.0640    23.7579   11.96198 4.3629e-02 0.0000e+00
        742 308.873336    0.05146     3.0875    185.250     62.662  48598.981    30.7216     9.0718     62.067    6.62478     9.0627    23.7600   11.96216 4.3633e-02 0.0000e+00
        743 308.873339    0.05153     3.0917    185.500     62.808  48602.405    30.7238     9.0704     62.211    6.62489     9.0616    23.7619   11.96233 4.3637e-02 0.0000e+00
        744 308.873342    0.05160     3.0958    185.750     62.952  48605.447    30.7257     9.0692     62.355    6.62499     9.0607    23.7636   11.96247 4.3637e-02 0.0000e+00
        745 308.873345    0.05167     3.1000    186.000     63.096  48608.187    30.7274     9.0681     62.497    6.62508     9.0599    23.7651   11.96258 4.3631e-02 0.0000e+00
        746 308.873348    0.05174     3.1042    186.250     63.239  48610.745    30.7290     9.0672     62.638    6.62515     9.0591    23.7665   11.96268 4.3620e-02 0.0000e+00
        747 308.873351    0.05181     3.1083    186.500     63.380  48613.241    30.7306     9.0663     62.778    6.62520     9.0582    23.7678   11.96275 4.3610e-02 0.0000e+00
        748 308.873354    0.05187     3.1125    186.750     63.520  48615.979    30.7323     9.0655     62.916    6.62525     9.0572    23.7693   11.96280 4.3605e-02 0.0000e+00
        749 308.873356    0.05194     3.1167    187.000     63.658  48619.392    30.7345     9.0647     63.052    6.62528     9.0560    23.7712   11.96282 4.3601e-02 0.0000e+00
        750 308.873359    0.05201     3.1208    187.250     63.795  48623.469    30.7372     9.0637     63.188    6.62531     9.0547    23.7734   11.96284 4.3596e-02 0.0000e+00
        751 308.873362    0.05208     3.1250    187.500     63.931  48627.659    30.7399     9.0625     63.324    6.62537     9.0535    23.7757   11.96291 4.3594e-02 0.0000e+00
        752 308.873365    0.05215     3.1292    187.750     64.068  48631.532    30.7424     9.0612     63.460    6.62546     9.0524    23.7778   11.96302 4.3593e-02 0.0000e+00
        753 308.873368    0.05222     3.1333    188.000     64.205  48634.906    30.7445     9.0600     63.595    6.62555     9.0515    23.7797   11.96314 4.3588e-02 0.0000e+00
        754 308.873371    0.05229     3.1375    188.250     64.343  48637.658    30.7462     9.0589     63.731    6.62563     9.0508    23.7812   11.96326 4.3583e-02 0.0000e+00
        755 308.873374    0.05236     3.1417    188.500     64.480  48639.788    30.7475     9.0581     63.868    6.62570     9.0503    23.7824   11.96336 4.3579e-02 0.0000e+00
        756 308.873377    0.05243     3.1458    188.750     64.619  48641.354    30.7485     9.0574     64.004    6.62576     9.0500    23.7832   11.96345 4.3572e-02 0.0000e+00
        757 308.873380    0.05250     3.1500    189.000     64.758  48642.536    30.7492     9.0569     64.142    6.62580     9.0497    23.7839   11.96351 4.3566e-02 0.0000e+00
        758 308.873383    0.05257     3.1542    189.250     64.897  48643.507    30.7498     9.0566     64.280    6.62583     9.0494    23.7844   11.96354 4.3566e-02 0.0000e+00
        759 308.873385    0.05264     3.1583    189.500     65.037  48644.264    30.7502     9.0563     64.418    6.62585     9.0493    23.7848   11.96358 4.3566e-02 0.0000e+00
        760 308.873388    0.05271     3.1625    189.750     65.176  48644.773    30.7505     9.0561     64.557    6.62587     9.0492    23.7850   11.96361 4.3561e-02 0.0000e+00
        761 308.873391    0.05278     3.1667    190.000     65.316  48645.124    30.7507     9.0560     64.695    6.62588     9.0491    23.7851   11.96363 4.3557e-02 0.0000e+00
        762 308.873394    0.05285     3.1708    190.250     65.456  48645.466    30.7508     9.0559     64.833    6.62589     9.0490    23.7853   11.96363 4.3553e-02 0.0000e+00
        763 308.873397    0.05292     3.1750    190.500     65.595  48645.790    30.7510     9.0558     64.971    6.62589     9.0489    23.7854   11.96363 4.3551e-02 0.0000e+00
        764 308.873400    0.05299     3.1792    190.750     65.734  48645.992    30.7511     9.0558     65.108    6.62590     9.0489    23.7855   11.96364 4.3551e-02 0.0000e+00
        765 308.873403    0.05306     3.1833    191.000     65.871  48646.061    30.7511     9.0557     65.244    6.62591     9.0489    23.7855   11.96366 4.3549e-02 0.0000e+00
        766 308.873406    0.05312     3.1875    191.250     66.006  48646.097    30.7510     9.0557     65.378    6.62591     9.0489    23.7855   11.96367 4.3544e-02 0.0000e+00
        767 308.873409    0.05319     3.1917    191.500     66.139  48646.109    30.7509     9.0557     65.510    6.62591     9.0490    23.7854   11.96367 4.3540e-02 0.0000e+00
        768 308.873411    0.05326     3.1958    191.750     66.270  48646.069    30.7509     9.0557     65.640    6.62591     9.0490    23.7854   11.96367 4.3535e-02 0.0000e+00
        769 308.873414    0.05333     3.2000    192.000     66.400  48646.234    30.7509     9.0558     65.768    6.62590     9.0489    23.7854   11.96365 4.3533e-02 0.0000e+00
        770 308.873417    0.05340     3.2042    192.250     66.529  48646.871    30.7513     9.0558     65.896    6.62588     9.0486    23.7857   11.96361 4.3535e-02 0.0000e+00
        771 308.873420    0.05347     3.2083    192.500     66.658  48648.060    30.7521     9.0557     66.024    6.62586     9.0480    23.7863   11.96357 4.3542e-02 0.0000e+00
        772 308.873423    0.05354     3.2125    192.750     66.787  48649.946    30.7533     9.0554     66.152    6.62585     9.0473    23.7873   11.96354 4.3552e-02 0.0000e+00
        773 308.873426    0.05361     3.2167    193.000     66.918  48652.646    30.7551     9.0549     66.282    6.62585     9.0464    23.7888   11.96351 4.3557e-02 0.0000e+00
        774 308.873429    0.05368     3.2208    193.250     67.051  48655.875    30.7572     9.0542     66.414    6.62586     9.0454    23.7906   11.96352 4.3555e-02 0.0000e+00
        775 308.873432    0.05375     3.2250    193.500     67.187  48659.178    30.7593     9.0533     66.548    6.62591     9.0445    23.7924   11.96356 4.3548e-02 0.0000e+00
        776 308.873435    0.05382     3.2292    193.750     67.326  48662.297    30.7613     9.0523     66.686    6.62596     9.0437    23.7941   11.96363 4.3539e-02 0.0000e+00
        777 308.873438    0.05389     3.2333    194.000     67.467  48664.962    30.7630     9.0514     66.825    6.62603     9.0430    23.7955   11.96371 4.3526e-02 0.0000e+00
        778 308.873440    0.05396     3.2375    194.250     67.609  48666.992    30.7643     9.0506     66.966    6.62609     9.0426    23.7966   11.96381 4.3504e-02 0.0000e+00
        779 308.873443    0.05403     3.2417    194.500     67.752  48668.485    30.7652     9.0499     67.108    6.62615     9.0423    23.7974   11.96389 4.3469e-02 0.0000e+00
        780 308.873446    0.05410     3.2458    194.750     67.895  48669.567    30.7658     9.0495     67.249    6.62618     9.0420    23.7980   11.96394 4.3435e-02 0.0000e+00
        781 308.873449    0.05417     3.2500    195.000     68.036  48670.305    30.7662     9.0492     67.389    6.62621     9.0419    23.7984   11.96398 4.3429e-02 0.0000e+00
        782 308.873452    0.05424     3.2542    195.250     68.177  48670.772    30.7664     9.0490     67.528    6.62623     9.0418    23.7986   11.96401 4.3452e-02 0.0000e+00
        783 308.873455    0.05431     3.2583    195.500     68.315  48671.043    30.7665     9.0489     67.665    6.62624     9.0418    23.7987   11.96403 4.3475e-02 0.0000e+00
        784 308.873458    0.05438     3.2625    195.750     68.450  48671.191    30.7666     9.0488     67.800    6.62625     9.0418    23.7987   11.96404 4.3489e-02 0.0000e+00
        785 308.873461    0.05444     3.2667    196.000     68.583  48671.323    30.7666     9.0488     67.931    6.62625     9.0418    23.7988   11.96404 4.3506e-02 0.0000e+00
        786 308.873464    0.05451     3.2708    196.250     68.714  48671.557    30.7667     9.0488     68.061    6.62624     9.0417    23.7989   11.96403 4.3524e-02 0.0000e+00
        787 308.873466    0.05458     3.2750    196.500     68.844  48671.926    30.7669     9.0488     68.189    6.62623     9.0417    23.7990   11.96402 4.3533e-02 0.0000e+00
        788 308.873469    0.05465     3.2792    196.750     68.973  48672.386    30.7672     9.0488     68.316    6.62623     9.0416    23.7993   11.96400 4.3534e-02 0.0000e+00
        789 308.873472    0.05472     3.2833    197.000     69.101  48672.903    30.7675     9.0487     68.444    6.62622     9.0415    23.7995   11.96399 4.3536e-02 0.0000e+00
        790 308.873475    0.05479     3.2875    197.250     69.230  48673.465    30.7678     9.0487     68.572    6.62622     9.0413    23.7998   11.96399 4.3539e-02 0.0000e+00
        791 308.873478    0.05486     3.2917    197.500     69.360  48674.060    30.7681     9.0486     68.701    6.62622     9.0412    23.8001   11.96398 4.3536e-02 0.0000e+00
        792 308.873481    0.05493     3.2958    197.750     69.493  48674.716    30.7685     9.0484     68.832    6.62622     9.0411    23.8004   11.96397 4.3532e-02 0.0000e+00
        793 308.873484    0.05500     3.3000    198.000     69.627  48675.483    30.7690     9.0483     68.965    6.62622     9.0409    23.8008   11.96397 4.3533e-02 0.0000e+00
        794 308.873487    0.05507     3.3042    198.250     69.763  48676.405    30.7696     9.0482     69.099    6.62622     9.0406    23.8012   11.96396 4.3536e-02 0.0000e+00
        795 308.873490    0.05514     3.3083    198.500     69.901  48677.476    30.7703     9.0480     69.236    6.62621     9.0404    23.8018   11.96394 4.3536e-02 0.0000e+00
        796 308.873492    0.05521     3.3125    198.750     70.040  48678.528    30.7709     9.0477     69.374    6.62622     9.0402    23.8023   11.96394 4.3534e-02 0.0000e+00
        797 308.873495    0.05528     3.3167    199.000     70.181  48679.436    30.7715     9.0475     69.513    6.62623     9.0399    23.8028   11.96395 4.3530e-02 0.0000e+00
        798 308.873498    0.05535     3.3208    199.250     70.322  48680.495    30.7721     9.0473     69.652    6.62623     9.0395    23.8033   11.96394 4.3526e-02 0.0000e+00
        799 308.873501    0.05542     3.3250    199.500     70.463  48682.183    30.7732     9.0470     69.792    6.62622     9.0389    23.8042   11.96391 4.3521e-02 0.0000e+00
        800 308.873504    0.05549     3.3292    199.750     70.603  48684.716    30.7749     9.0467     69.931    6.62621     9.0380    23.8056   11.96387 4.3519e-02 0.0000e+00
        801 308.873507    0.05556     3.3333    200.000     70.742  48688.044    30.7770     9.0461     70.069    6.62620     9.0368    23.8074   11.96383 4.3520e-02 0.0000e+00
        802 308.873510    0.05563     3.3375    200.250     70.879  48692.145    30.7797     9.0452     70.205    6.62621     9.0353    23.8096   11.96381 4.3525e-02 0.0000e+00
        803 308.873513    0.05569     3.3417    200.500     71.016  48696.959    30.7829     9.0441     70.340    6.62625     9.0335    23.8123   11.96384 4.3532e-02 0.0000e+00
        804 308.873516    0.05576     3.3458    200.750     71.151  48702.214    30.7863     9.0426     70.474    6.62633     9.0315    23.8152   11.96393 4.3542e-02 0.0000e+00
        805 308.873519    0.05583     3.3500    201.000     71.285  48707.846    30.7900     9.0408     70.607    6.62644     9.0294    23.8183   11.96407 4.3553e-02 0.0000e+00
        806 308.873521    0.05590     3.3542    201.250     71.419  48713.904    30.7939     9.0388     70.739    6.62656     9.0273    23.8216   11.96423 4.3559e-02 0.0000e+00
        807 308.873524    0.05597     3.3583    201.500     71.552  48719.973    30.7978     9.0367     70.871    6.62670     9.0255    23.8250   11.96441 4.3553e-02 0.0000e+00
        808 308.873527    0.05604     3.3625    201.750     71.685  48725.391    30.8012     9.0347     71.003    6.62686     9.0240    23.8280   11.96462 4.3541e-02 0.0000e+00
        809 308.873530    0.05611     3.3667    202.000     71.818  48729.860    30.8040     9.0328     71.134    6.62701     9.0228    23.8305   11.96484 4.3527e-02 0.0000e+00
        810 308.873533    0.05618     3.3708    202.250     71.951  48733.492    30.8063     9.0313     71.266    6.62713     9.0219    23.8325   11.96502 4.3505e-02 0.0000e+00
        811 308.873536    0.05625     3.3750    202.500     72.085  48736.538    30.8083     9.0302     71.398    6.62722     9.0214    23.8342   11.96514 4.3486e-02 0.0000e+00
        812 308.873539    0.05632     3.3792    202.750     72.218  48739.327    30.8100     9.0293     71.531    6.62727     9.0210    23.8357   11.96520 4.3481e-02 0.0000e+00
        813 308.873542    0.05639     3.3833    203.000     72.352  48742.181    30.8119     9.0288     71.663    6.62727     9.0208    23.8373   11.96519 4.3481e-02 0.0000e+00
