CTD-processing/allCTD/CNV--turbid/2015_01-16_t9_s01_cast182.cnv
* Sea-Bird SBE19plus Data File:
* FileName = C:\Users\kris.holderied\Documents\kasitsna\Research-Projects-and-Data\Oceanography-AK\CTD-Data-ALL-to-2014-10\2015-CTD-KachemakBay-CookInlet\2015-01-16-CookInlet-HomerSpit-monthly\2015-01-16-CookInlet-Tran9-cast182.hex
* Software Version 1.59
* Temperature SN =  4141
* Conductivity SN =  4141
* System UpLoad Time = Feb 11 2015 17:12:47
** Cook Inlet LTM Tran9 (Homer Spit) North to South
** Date: 01-16
** Station: 9-01
** Start time:  15:26
** Depth (m): 62.8
** Comment:  CTD time is local time (AKST). CTD only transect.
** Comment: Vessel is Kasitsna Bay Lab R/V Barnacle.
# nquan = 16
# nvalues = 633                         
# units = specified
# name 0 = scan: Scan Count
# name 1 = timeJ: Julian Days
# name 2 = timeH: Time, Elapsed [hours]
# name 3 = timeM: Time, Elapsed [minutes]
# name 4 = timeS: Time, Elapsed [seconds]
# name 5 = prdM: Pressure, Strain Gauge [db]
# name 6 = specc: Specific Conductance [uS/cm]
# name 7 = sal00: Salinity, Practical [PSU]
# name 8 = tv290C: Temperature [ITS-90, deg C]
# name 9 = depSM: Depth [salt water, m], lat = 59.00
# name 10 = oxsolML/L: Oxygen Saturation, Garcia & Gordon [ml/l]
# name 11 = potemp090C: Potential Temperature [ITS-90, deg C]
# name 12 = sigma-é00: Density [sigma-theta, kg/m^3]
# name 13 = n2satML/L: Nitrogen Saturation [ml/l]
# name 14 = par: PAR/Irradiance, Biospherical/Licor
# name 15 = flag:  0.000e+00
# span 0 =          1,        633       
# span 1 =  16.643021,  16.644850       
# span 2 =    0.00000,    0.04389       
# span 3 =     0.0000,     2.6333       
# span 4 =      0.000,    158.000       
# span 5 =     -0.377,     60.178       
# span 6 =   3928.261,  50051.253       
# span 7 =     2.0422,    31.4638       
# span 8 =     6.0765,     7.2901       
# span 9 =     -0.374,     59.606       
# span 10 =    6.86393,    8.55879      
# span 11 =     6.0765,     7.2848      
# span 12 =     1.5614,    24.5966      
# span 13 =   12.34876,   15.58886      
# span 14 = 3.6382e-02, 1.7811e+01      
# span 15 = 0.0000e+00, 0.0000e+00      
# interval = seconds: 0.25
# start_time = Jan 16 2015 15:25:57 [Instrument's time stamp, header]
# bad_flag = -9.990e-29
*END*
[from data line 362]
        363  16.644068    0.02514     1.5083     90.500      4.670  49774.781    31.2603     7.0768      4.626    6.90693     7.0805    24.4642   12.42240 6.9844e-01 0.0000e+00
        364  16.644071    0.02521     1.5125     90.750      4.789  49782.531    31.2659     7.0785      4.744    6.90642     7.0843    24.4684   12.42148 6.8315e-01 0.0000e+00
        365  16.644074    0.02528     1.5167     91.000      4.911  49795.093    31.2750     7.0809      4.865    6.90562     7.0899    24.4752   12.42004 6.6416e-01 0.0000e+00
        366  16.644077    0.02535     1.5208     91.250      5.038  49812.847    31.2879     7.0847      4.991    6.90442     7.0975    24.4849   12.41791 6.4052e-01 0.0000e+00
        367  16.644080    0.02542     1.5250     91.500      5.170  49833.749    31.3034     7.0903      5.122    6.90283     7.1074    24.4963   12.41508 6.1327e-01 0.0000e+00
        368  16.644083    0.02549     1.5292     91.750      5.308  49859.942    31.3228     7.0979      5.258    6.90074     7.1199    24.5106   12.41138 5.8494e-01 0.0000e+00
        369  16.644086    0.02556     1.5333     92.000      5.449  49889.905    31.3453     7.1079      5.399    6.89813     7.1338    24.5270   12.40679 5.5780e-01 0.0000e+00
        370  16.644089    0.02562     1.5375     92.250      5.594  49912.817    31.3634     7.1204      5.542    6.89533     7.1470    24.5395   12.40193 5.3271e-01 0.0000e+00
        371  16.644091    0.02569     1.5417     92.500      5.741  49923.908    31.3734     7.1343      5.687    6.89267     7.1581    24.5455   12.39740 5.1007e-01 0.0000e+00
        372  16.644094    0.02576     1.5458     92.750      5.887  49925.800    31.3769     7.1476      5.832    6.89040     7.1665    24.5466   12.39361 4.9063e-01 0.0000e+00
        373  16.644097    0.02583     1.5500     93.000      6.033  49922.505    31.3765     7.1587      5.976    6.88865     7.1724    24.5448   12.39073 4.7472e-01 0.0000e+00
        374  16.644100    0.02590     1.5542     93.250      6.178  49917.700    31.3745     7.1671      6.120    6.88741     7.1761    24.5421   12.38870 4.6078e-01 0.0000e+00
        375  16.644103    0.02597     1.5583     93.500      6.324  49912.961    31.3721     7.1729      6.265    6.88659     7.1784    24.5395   12.38737 4.4601e-01 0.0000e+00
        376  16.644106    0.02604     1.5625     93.750      6.474  49909.220    31.3701     7.1767      6.413    6.88609     7.1798    24.5374   12.38656 4.2859e-01 0.0000e+00
        377  16.644109    0.02611     1.5667     94.000      6.628  49907.269    31.3691     7.1790      6.566    6.88577     7.1808    24.5363   12.38606 4.0849e-01 0.0000e+00
        378  16.644112    0.02618     1.5708     94.250      6.786  49907.449    31.3693     7.1804      6.722    6.88554     7.1817    24.5363   12.38567 3.8625e-01 0.0000e+00
        379  16.644115    0.02625     1.5750     94.500      6.948  49908.757    31.3703     7.1814      6.883    6.88534     7.1827    24.5370   12.38532 3.6185e-01 0.0000e+00
        380  16.644117    0.02632     1.5792     94.750      7.116  49910.051    31.3713     7.1823      7.049    6.88514     7.1836    24.5377   12.38498 3.3489e-01 0.0000e+00
        381  16.644120    0.02639     1.5833     95.000      7.288  49911.241    31.3723     7.1833      7.220    6.88494     7.1845    24.5383   12.38464 3.0512e-01 0.0000e+00
        382  16.644123    0.02646     1.5875     95.250      7.467  49912.616    31.3733     7.1843      7.397    6.88474     7.1856    24.5390   12.38430 2.7309e-01 0.0000e+00
        383  16.644126    0.02653     1.5917     95.500      7.651  49914.412    31.3746     7.1852      7.579    6.88453     7.1868    24.5399   12.38393 2.4031e-01 0.0000e+00
        384  16.644129    0.02660     1.5958     95.750      7.836  49916.296    31.3761     7.1863      7.763    6.88429     7.1880    24.5408   12.38353 2.0881e-01 0.0000e+00
        385  16.644132    0.02667     1.6000     96.000      8.020  49917.519    31.3771     7.1875      7.945    6.88406     7.1891    24.5414   12.38312 1.8031e-01 0.0000e+00
        386  16.644135    0.02674     1.6042     96.250      8.198  49917.972    31.3775     7.1888      8.121    6.88384     7.1899    24.5416   12.38276 1.5598e-01 0.0000e+00
        387  16.644138    0.02681     1.6083     96.500      8.367  49918.108    31.3777     7.1898      8.288    6.88366     7.1906    24.5416   12.38246 1.3675e-01 0.0000e+00
        388  16.644141    0.02688     1.6125     96.750      8.523  49918.101    31.3778     7.1907      8.443    6.88352     7.1910    24.5416   12.38222 1.2301e-01 0.0000e+00
        389  16.644144    0.02694     1.6167     97.000      8.666  49917.954    31.3777     7.1913      8.585    6.88342     7.1914    24.5414   12.38206 1.1362e-01 0.0000e+00
        390  16.644146    0.02701     1.6208     97.250      8.801  49918.007    31.3778     7.1918      8.719    6.88335     7.1917    24.5414   12.38193 1.0552e-01 0.0000e+00
        391  16.644149    0.02708     1.6250     97.500      8.938  49918.495    31.3781     7.1922      8.854    6.88327     7.1921    24.5416   12.38181 9.5992e-02 0.0000e+00
        392  16.644152    0.02715     1.6292     97.750      9.082  49919.160    31.3785     7.1925      8.998    6.88320     7.1925    24.5420   12.38168 8.4600e-02 0.0000e+00
        393  16.644155    0.02722     1.6333     98.000      9.236  49919.901    31.3790     7.1929      9.150    6.88311     7.1930    24.5423   12.38154 7.2658e-02 0.0000e+00
        394  16.644158    0.02729     1.6375     98.250      9.394  49920.825    31.3797     7.1933      9.307    6.88302     7.1935    24.5428   12.38138 6.1880e-02 0.0000e+00
        395  16.644161    0.02736     1.6417     98.500      9.554  49921.792    31.3804     7.1938      9.465    6.88291     7.1940    24.5433   12.38119 5.3300e-02 0.0000e+00
        396  16.644164    0.02743     1.6458     98.750      9.714  49922.533    31.3809     7.1943      9.624    6.88280     7.1945    24.5436   12.38101 4.7064e-02 0.0000e+00
        397  16.644167    0.02750     1.6500     99.000      9.877  49922.992    31.3812     7.1948      9.784    6.88271     7.1950    24.5438   12.38084 4.2881e-02 0.0000e+00
        398  16.644170    0.02757     1.6542     99.250     10.042  49923.440    31.3816     7.1954      9.948    6.88261     7.1956    24.5440   12.38068 4.0282e-02 0.0000e+00
        399  16.644172    0.02764     1.6583     99.500     10.212  49924.065    31.3820     7.1959     10.117    6.88251     7.1962    24.5442   12.38050 3.8722e-02 0.0000e+00
        400  16.644175    0.02771     1.6625     99.750     10.386  49924.697    31.3825     7.1965     10.289    6.88239     7.1967    24.5445   12.38031 3.7786e-02 0.0000e+00
        401  16.644178    0.02778     1.6667    100.000     10.563  49925.156    31.3828     7.1971     10.464    6.88228     7.1973    24.5447   12.38012 3.7224e-02 0.0000e+00
        402  16.644181    0.02785     1.6708    100.250     10.743  49925.406    31.3830     7.1977     10.642    6.88218     7.1977    24.5448   12.37995 3.6887e-02 0.0000e+00
        403  16.644184    0.02792     1.6750    100.500     10.925  49925.472    31.3831     7.1982     10.822    6.88209     7.1980    24.5448   12.37980 3.6685e-02 0.0000e+00
        404  16.644187    0.02799     1.6792    100.750     11.106  49925.521    31.3831     7.1987     11.002    6.88202     7.1983    24.5447   12.37968 3.6564e-02 0.0000e+00
        405  16.644190    0.02806     1.6833    101.000     11.283  49925.854    31.3833     7.1990     11.177    6.88196     7.1986    24.5448   12.37957 3.6491e-02 0.0000e+00
        406  16.644193    0.02813     1.6875    101.250     11.456  49926.461    31.3837     7.1993     11.349    6.88189     7.1989    24.5451   12.37946 3.6448e-02 0.0000e+00
        407  16.644196    0.02819     1.6917    101.500     11.628  49927.126    31.3841     7.1996     11.519    6.88183     7.1993    24.5454   12.37934 3.6421e-02 0.0000e+00
        408  16.644198    0.02826     1.6958    101.750     11.802  49928.077    31.3848     7.2000     11.692    6.88175     7.1998    24.5459   12.37920 3.6405e-02 0.0000e+00
        409  16.644201    0.02833     1.7000    102.000     11.982  49929.566    31.3858     7.2003     11.870    6.88164     7.2005    24.5466   12.37901 3.6396e-02 0.0000e+00
        410  16.644204    0.02840     1.7042    102.250     12.168  49931.631    31.3872     7.2008     12.054    6.88149     7.2014    24.5477   12.37875 3.6390e-02 0.0000e+00
        411  16.644207    0.02847     1.7083    102.500     12.358  49933.730    31.3887     7.2016     12.242    6.88131     7.2024    24.5488   12.37843 3.6387e-02 0.0000e+00
        412  16.644210    0.02854     1.7125    102.750     12.552  49934.890    31.3896     7.2025     12.434    6.88112     7.2032    24.5494   12.37810 3.6385e-02 0.0000e+00
        413  16.644213    0.02861     1.7167    103.000     12.752  49934.817    31.3896     7.2035     12.632    6.88096     7.2036    24.5493   12.37785 3.6384e-02 0.0000e+00
        414  16.644216    0.02868     1.7208    103.250     12.956  49933.815    31.3890     7.2043     12.834    6.88087     7.2038    24.5487   12.37770 3.6383e-02 0.0000e+00
        415  16.644219    0.02875     1.7250    103.500     13.163  49932.890    31.3883     7.2048     13.040    6.88082     7.2040    24.5481   12.37762 3.6383e-02 0.0000e+00
        416  16.644222    0.02882     1.7292    103.750     13.372  49933.090    31.3884     7.2050     13.247    6.88077     7.2043    24.5481   12.37755 3.6382e-02 0.0000e+00
        417  16.644225    0.02889     1.7333    104.000     13.583  49934.563    31.3893     7.2052     13.455    6.88070     7.2050    24.5489   12.37742 3.6382e-02 0.0000e+00
        418  16.644227    0.02896     1.7375    104.250     13.793  49937.297    31.3912     7.2055     13.663    6.88057     7.2062    24.5503   12.37717 3.6382e-02 0.0000e+00
        419  16.644230    0.02903     1.7417    104.500     14.003  49941.433    31.3941     7.2062     13.871    6.88033     7.2082    24.5525   12.37674 3.6382e-02 0.0000e+00
        420  16.644233    0.02910     1.7458    104.750     14.211  49947.007    31.3981     7.2075     14.078    6.87995     7.2109    24.5555   12.37606 3.6382e-02 0.0000e+00
        421  16.644236    0.02917     1.7500    105.000     14.417  49953.668    31.4030     7.2095     14.282    6.87942     7.2141    24.5590   12.37512 3.6382e-02 0.0000e+00
        422  16.644239    0.02924     1.7542    105.250     14.620  49959.330    31.4073     7.2122     14.483    6.87879     7.2172    24.5621   12.37403 3.6382e-02 0.0000e+00
        423  16.644242    0.02931     1.7583    105.500     14.817  49961.778    31.4095     7.2154     14.678    6.87818     7.2197    24.5633   12.37300 3.6382e-02 0.0000e+00
        424  16.644245    0.02937     1.7625    105.750     15.009  49961.766    31.4099     7.2185     14.868    6.87767     7.2217    24.5633   12.37215 3.6382e-02 0.0000e+00
        425  16.644248    0.02944     1.7667    106.000     15.195  49961.183    31.4099     7.2211     15.053    6.87727     7.2231    24.5629   12.37149 3.6382e-02 0.0000e+00
        426  16.644251    0.02951     1.7708    106.250     15.376  49960.784    31.4098     7.2230     15.232    6.87696     7.2242    24.5626   12.37098 3.6382e-02 0.0000e+00
        427  16.644253    0.02958     1.7750    106.500     15.549  49960.629    31.4099     7.2244     15.403    6.87673     7.2250    24.5625   12.37059 3.6382e-02 0.0000e+00
        428  16.644256    0.02965     1.7792    106.750     15.715  49960.563    31.4100     7.2256     15.568    6.87655     7.2256    24.5624   12.37029 3.6382e-02 0.0000e+00
        429  16.644259    0.02972     1.7833    107.000     15.877  49960.179    31.4098     7.2264     15.728    6.87642     7.2260    24.5621   12.37009 3.6382e-02 0.0000e+00
        430  16.644262    0.02979     1.7875    107.250     16.039  49959.512    31.4093     7.2270     15.888    6.87635     7.2262    24.5617   12.36997 3.6382e-02 0.0000e+00
        431  16.644265    0.02986     1.7917    107.500     16.204  49959.270    31.4092     7.2274     16.052    6.87630     7.2263    24.5615   12.36990 3.6382e-02 0.0000e+00
        432  16.644268    0.02993     1.7958    107.750     16.377  49959.681    31.4094     7.2276     16.223    6.87626     7.2266    24.5617   12.36982 3.6382e-02 0.0000e+00
        433  16.644271    0.03000     1.8000    108.000     16.559  49960.425    31.4098     7.2278     16.403    6.87621     7.2269    24.5620   12.36973 3.6382e-02 0.0000e+00
        434  16.644274    0.03007     1.8042    108.250     16.751  49961.288    31.4104     7.2280     16.594    6.87614     7.2273    24.5624   12.36961 3.6382e-02 0.0000e+00
        435  16.644277    0.03014     1.8083    108.500     16.953  49962.237    31.4110     7.2284     16.794    6.87606     7.2277    24.5629   12.36947 3.6382e-02 0.0000e+00
        436  16.644280    0.03021     1.8125    108.750     17.166  49963.383    31.4118     7.2288     17.005    6.87596     7.2283    24.5634   12.36930 3.6382e-02 0.0000e+00
        437  16.644282    0.03028     1.8167    109.000     17.388  49964.783    31.4127     7.2293     17.225    6.87584     7.2291    24.5641   12.36909 3.6382e-02 0.0000e+00
        438  16.644285    0.03035     1.8208    109.250     17.616  49966.429    31.4139     7.2299     17.451    6.87569     7.2300    24.5649   12.36883 3.6382e-02 0.0000e+00
        439  16.644288    0.03042     1.8250    109.500     17.849  49968.444    31.4153     7.2307     17.681    6.87550     7.2311    24.5659   12.36850 3.6382e-02 0.0000e+00
        440  16.644291    0.03049     1.8292    109.750     18.081  49970.851    31.4170     7.2316     17.911    6.87528     7.2323    24.5672   12.36811 3.6382e-02 0.0000e+00
        441  16.644294    0.03056     1.8333    110.000     18.310  49973.274    31.4188     7.2327     18.138    6.87503     7.2337    24.5684   12.36767 3.6382e-02 0.0000e+00
        442  16.644297    0.03062     1.8375    110.250     18.530  49975.016    31.4202     7.2340     18.356    6.87476     7.2349    24.5693   12.36721 3.6382e-02 0.0000e+00
        443  16.644300    0.03069     1.8417    110.500     18.739  49975.693    31.4208     7.2353     18.563    6.87452     7.2359    24.5696   12.36681 3.6382e-02 0.0000e+00
        444  16.644303    0.03076     1.8458    110.750     18.935  49975.563    31.4208     7.2366     18.757    6.87432     7.2366    24.5695   12.36648 3.6382e-02 0.0000e+00
        445  16.644306    0.03083     1.8500    111.000     19.118  49975.089    31.4206     7.2376     18.939    6.87418     7.2370    24.5691   12.36624 3.6382e-02 0.0000e+00
        446  16.644308    0.03090     1.8542    111.250     19.291  49974.525    31.4202     7.2383     19.110    6.87408     7.2372    24.5687   12.36609 3.6382e-02 0.0000e+00
        447  16.644311    0.03097     1.8583    111.500     19.457  49974.005    31.4198     7.2388     19.275    6.87403     7.2373    24.5684   12.36601 3.6382e-02 0.0000e+00
        448  16.644314    0.03104     1.8625    111.750     19.619  49973.852    31.4197     7.2390     19.435    6.87400     7.2375    24.5683   12.36596 3.6382e-02 0.0000e+00
        449  16.644317    0.03111     1.8667    112.000     19.780  49974.311    31.4200     7.2391     19.594    6.87396     7.2377    24.5685   12.36590 3.6382e-02 0.0000e+00
        450  16.644320    0.03118     1.8708    112.250     19.939  49975.133    31.4205     7.2393     19.752    6.87391     7.2380    24.5689   12.36581 3.6382e-02 0.0000e+00
        451  16.644323    0.03125     1.8750    112.500     20.100  49975.815    31.4209     7.2395     19.911    6.87385     7.2384    24.5692   12.36570 3.6382e-02 0.0000e+00
