CTD-processing/allCTD/CNV--turbid/2015_02-24_t7_s01_cast264.cnv
* Sea-Bird SBE19plus Data File:
* FileName = C:\Users\amdoroff\Desktop\2015_02_24_CookInlet_Tran7_Augustine\2015_02_24_CookInlet_Tran7_cast264.hex
* Software Version 1.59
* Temperature SN =  4141
* Conductivity SN =  4141
* System UpLoad Time = Feb 24 2015 13:18:30
** Cook Inlet LTM Tran7 Augustine E to W
** Date 02-24
** Station: 7-01
** Start Time (AKST): 12:01
** Depth (m):  24
** Comment:
** Comment: On R/V Pandalus.
# nquan = 16
# nvalues = 366                         
# units = specified
# name 0 = scan: Scan Count
# name 1 = timeJ: Julian Days
# name 2 = timeH: Time, Elapsed [hours]
# name 3 = timeM: Time, Elapsed [minutes]
# name 4 = timeS: Time, Elapsed [seconds]
# name 5 = prdM: Pressure, Strain Gauge [db]
# name 6 = specc: Specific Conductance [uS/cm]
# name 7 = sal00: Salinity, Practical [PSU]
# name 8 = tv290C: Temperature [ITS-90, deg C]
# name 9 = depSM: Depth [salt water, m], lat = 59.00
# name 10 = oxsolML/L: Oxygen Saturation, Garcia & Gordon [ml/l]
# name 11 = potemp090C: Potential Temperature [ITS-90, deg C]
# name 12 = sigma-é00: Density [sigma-theta, kg/m^3]
# name 13 = n2satML/L: Nitrogen Saturation [ml/l]
# name 14 = par: PAR/Irradiance, Biospherical/Licor
# name 15 = flag:  0.000e+00
# span 0 =          1,        366       
# span 1 =  55.501817,  55.502873       
# span 2 =    0.00000,    0.02535       
# span 3 =     0.0000,     1.5208       
# span 4 =      0.000,     91.250       
# span 5 =      0.043,     25.543       
# span 6 =    649.307,  50311.048       
# span 7 =     0.3038,    30.7594       
# span 8 =     2.9320,     3.0208       
# span 9 =      0.043,     25.303       
# span 10 =    7.63748,    9.41321      
# span 11 =     2.9320,     3.0194      
# span 12 =     0.2123,    24.4999      
# span 13 =   13.63566,   17.05039      
# span 14 = 3.6382e-02, 2.1226e+02      
# span 15 = 0.0000e+00, 0.0000e+00      
# interval = seconds: 0.25
# start_time = Feb 24 2015 12:02:37 [Instrument's time stamp, header]
# bad_flag = -9.990e-29
*END*
[from data line 91]
         92  55.502080    0.00632     0.3792     22.750      1.351  50271.327    30.7439     3.0168      1.338    7.63904     3.0167    24.4877   13.63843 6.3234e+01 0.0000e+00
         93  55.502083    0.00639     0.3833     23.000      1.380  50272.073    30.7444     3.0168      1.368    7.63901     3.0168    24.4881   13.63838 6.3057e+01 0.0000e+00
         94  55.502086    0.00646     0.3875     23.250      1.403  50272.792    30.7449     3.0168      1.390    7.63898     3.0168    24.4885   13.63833 6.3373e+01 0.0000e+00
         95  55.502089    0.00653     0.3917     23.500      1.420  50273.366    30.7453     3.0168      1.407    7.63896     3.0168    24.4888   13.63828 6.3882e+01 0.0000e+00
         96  55.502092    0.00660     0.3958     23.750      1.430  50273.697    30.7455     3.0169      1.417    7.63894     3.0168    24.4890   13.63825 6.4563e+01 0.0000e+00
         97  55.502095    0.00667     0.4000     24.000      1.434  50273.733    30.7455     3.0169      1.420    7.63894     3.0167    24.4890   13.63825 6.5518e+01 0.0000e+00
         98  55.502098    0.00674     0.4042     24.250      1.428  50273.476    30.7454     3.0168      1.414    7.63896     3.0167    24.4889   13.63828 6.6974e+01 0.0000e+00
         99  55.502101    0.00681     0.4083     24.500      1.410  50272.990    30.7451     3.0168      1.397    7.63898     3.0167    24.4886   13.63832 6.9226e+01 0.0000e+00
        100  55.502104    0.00688     0.4125     24.750      1.380  50272.442    30.7447     3.0168      1.367    7.63900     3.0167    24.4884   13.63836 7.2362e+01 0.0000e+00
        101  55.502106    0.00694     0.4167     25.000      1.339  50272.077    30.7445     3.0168      1.327    7.63901     3.0168    24.4882   13.63838 7.5927e+01 0.0000e+00
        102  55.502109    0.00701     0.4208     25.250      1.292  50272.119    30.7445     3.0168      1.280    7.63901     3.0168    24.4882   13.63838 7.9030e+01 0.0000e+00
        103  55.502112    0.00708     0.4250     25.500      1.245  50272.447    30.7448     3.0168      1.233    7.63899     3.0167    24.4884   13.63835 8.1052e+01 0.0000e+00
        104  55.502115    0.00715     0.4292     25.750      1.207  50272.523    30.7448     3.0168      1.195    7.63899     3.0166    24.4885   13.63834 8.1908e+01 0.0000e+00
        105  55.502118    0.00722     0.4333     26.000      1.181  50271.807    30.7444     3.0168      1.170    7.63902     3.0164    24.4881   13.63840 8.1473e+01 0.0000e+00
        106  55.502121    0.00729     0.4375     26.250      1.168  50269.919    30.7431     3.0167      1.157    7.63910     3.0161    24.4871   13.63855 7.9983e+01 0.0000e+00
        107  55.502124    0.00736     0.4417     26.500      1.165  50266.611    30.7408     3.0165      1.154    7.63925     3.0156    24.4853   13.63883 7.8386e+01 0.0000e+00
        108  55.502127    0.00743     0.4458     26.750      1.169  50262.640    30.7380     3.0162      1.158    7.63945     3.0149    24.4831   13.63920 7.7202e+01 0.0000e+00
        109  55.502130    0.00750     0.4500     27.000      1.178  50259.836    30.7360     3.0157      1.167    7.63966     3.0139    24.4815   13.63956 7.6258e+01 0.0000e+00
        110  55.502133    0.00757     0.4542     27.250      1.193  50259.602    30.7357     3.0150      1.182    7.63982     3.0129    24.4813   13.63983 7.5258e+01 0.0000e+00
        111  55.502135    0.00764     0.4583     27.500      1.219  50262.059    30.7371     3.0140      1.207    7.63993     3.0123    24.4825   13.64000 7.3691e+01 0.0000e+00
        112  55.502138    0.00771     0.4625     27.750      1.255  50265.611    30.7392     3.0130      1.243    7.64000     3.0120    24.4843   13.64010 7.1162e+01 0.0000e+00
        113  55.502141    0.00778     0.4667     28.000      1.299  50267.800    30.7405     3.0124      1.287    7.64006     3.0119    24.4854   13.64018 6.8121e+01 0.0000e+00
        114  55.502144    0.00785     0.4708     28.250      1.343  50267.176    30.7400     3.0121      1.330    7.64014     3.0117    24.4850   13.64032 6.5516e+01 0.0000e+00
        115  55.502147    0.00792     0.4750     28.500      1.376  50264.231    30.7379     3.0120      1.363    7.64026     3.0111    24.4834   13.64055 6.4007e+01 0.0000e+00
        116  55.502150    0.00799     0.4792     28.750      1.394  50261.038    30.7357     3.0118      1.381    7.64041     3.0101    24.4816   13.64083 6.3836e+01 0.0000e+00
        117  55.502153    0.00806     0.4833     29.000      1.395  50259.576    30.7346     3.0112      1.382    7.64058     3.0090    24.4807   13.64111 6.4857e+01 0.0000e+00
        118  55.502156    0.00813     0.4875     29.250      1.383  50260.664    30.7351     3.0102      1.370    7.64074     3.0080    24.4812   13.64138 6.6508e+01 0.0000e+00
        119  55.502159    0.00819     0.4917     29.500      1.363  50263.852    30.7369     3.0090      1.351    7.64087     3.0075    24.4828   13.64157 6.8001e+01 0.0000e+00
        120  55.502161    0.00826     0.4958     29.750      1.343  50267.756    30.7393     3.0081      1.331    7.64093     3.0075    24.4848   13.64163 6.8895e+01 0.0000e+00
        121  55.502164    0.00833     0.5000     30.000      1.328  50270.761    30.7412     3.0076      1.316    7.64093     3.0079    24.4864   13.64159 6.9323e+01 0.0000e+00
        122  55.502167    0.00840     0.5042     30.250      1.319  50271.595    30.7418     3.0076      1.307    7.64090     3.0085    24.4868   13.64153 6.9543e+01 0.0000e+00
        123  55.502170    0.00847     0.5083     30.500      1.313  50269.950    30.7408     3.0080      1.301    7.64087     3.0090    24.4859   13.64151 6.9876e+01 0.0000e+00
        124  55.502173    0.00854     0.5125     30.750      1.309  50266.761    30.7388     3.0086      1.297    7.64087     3.0094    24.4843   13.64153 7.0747e+01 0.0000e+00
        125  55.502176    0.00861     0.5167     31.000      1.302  50263.601    30.7368     3.0091      1.290    7.64087     3.0097    24.4827   13.64155 7.2184e+01 0.0000e+00
        126  55.502179    0.00868     0.5208     31.250      1.293  50261.537    30.7355     3.0095      1.281    7.64086     3.0098    24.4816   13.64155 7.3560e+01 0.0000e+00
        127  55.502182    0.00875     0.5250     31.500      1.283  50260.772    30.7351     3.0098      1.271    7.64083     3.0099    24.4813   13.64152 7.4370e+01 0.0000e+00
        128  55.502185    0.00882     0.5292     31.750      1.274  50260.969    30.7353     3.0099      1.262    7.64080     3.0099    24.4814   13.64147 7.4826e+01 0.0000e+00
        129  55.502187    0.00889     0.5333     32.000      1.267  50261.141    30.7354     3.0099      1.255    7.64079     3.0099    24.4815   13.64144 7.5226e+01 0.0000e+00
        130  55.502190    0.00896     0.5375     32.250      1.258  50260.214    30.7348     3.0100      1.247    7.64081     3.0097    24.4810   13.64148 7.5799e+01 0.0000e+00
        131  55.502193    0.00903     0.5417     32.500      1.245  50258.368    30.7336     3.0099      1.233    7.64088     3.0091    24.4800   13.64161 7.6902e+01 0.0000e+00
        132  55.502196    0.00910     0.5458     32.750      1.225  50256.860    30.7325     3.0097      1.214    7.64098     3.0082    24.4792   13.64179 7.8549e+01 0.0000e+00
        133  55.502199    0.00917     0.5500     33.000      1.201  50256.896    30.7324     3.0091      1.190    7.64109     3.0070    24.4791   13.64198 8.0158e+01 0.0000e+00
        134  55.502202    0.00924     0.5542     33.250      1.180  50259.209    30.7337     3.0082      1.170    7.64120     3.0061    24.4803   13.64214 8.0644e+01 0.0000e+00
        135  55.502205    0.00931     0.5583     33.500      1.173  50263.835    30.7365     3.0071      1.162    7.64127     3.0058    24.4826   13.64221 7.9218e+01 0.0000e+00
        136  55.502208    0.00937     0.5625     33.750      1.187  50269.767    30.7403     3.0062      1.176    7.64124     3.0063    24.4857   13.64212 7.6081e+01 0.0000e+00
        137  55.502211    0.00944     0.5667     34.000      1.224  50275.164    30.7438     3.0059      1.212    7.64111     3.0074    24.4885   13.64186 7.1789e+01 0.0000e+00
        138  55.502214    0.00951     0.5708     34.250      1.277  50278.390    30.7461     3.0064      1.265    7.64090     3.0087    24.4903   13.64148 6.6978e+01 0.0000e+00
        139  55.502216    0.00958     0.5750     34.500      1.338  50278.703    30.7466     3.0075      1.326    7.64067     3.0098    24.4906   13.64109 6.2601e+01 0.0000e+00
        140  55.502219    0.00965     0.5792     34.750      1.394  50276.098    30.7451     3.0088      1.381    7.64049     3.0103    24.4893   13.64082 5.9604e+01 0.0000e+00
        141  55.502222    0.00972     0.5833     35.000      1.435  50271.182    30.7421     3.0099      1.421    7.64045     3.0100    24.4868   13.64080 5.8651e+01 0.0000e+00
        142  55.502225    0.00979     0.5875     35.250      1.452  50265.406    30.7383     3.0104      1.438    7.64055     3.0088    24.4838   13.64101 5.9999e+01 0.0000e+00
        143  55.502228    0.00986     0.5917     35.500      1.444  50260.792    30.7351     3.0101      1.431    7.64077     3.0066    24.4812   13.64141 6.3267e+01 0.0000e+00
        144  55.502231    0.00993     0.5958     35.750      1.414  50258.992    30.7336     3.0089      1.400    7.64108     3.0039    24.4801   13.64194 6.7669e+01 0.0000e+00
        145  55.502234    0.01000     0.6000     36.000      1.366  50260.445    30.7340     3.0067      1.353    7.64147     3.0011    24.4806   13.64259 7.2387e+01 0.0000e+00
        146  55.502237    0.01007     0.6042     36.250      1.310  50264.246    30.7359     3.0039      1.298    7.64190     2.9988    24.4824   13.64326 7.6656e+01 0.0000e+00
        147  55.502240    0.01014     0.6083     36.500      1.257  50269.075    30.7385     3.0012      1.246    7.64228     2.9970    24.4847   13.64387 7.9781e+01 0.0000e+00
        148  55.502242    0.01021     0.6125     36.750      1.215  50274.046    30.7413     2.9988      1.203    7.64258     2.9957    24.4871   13.64433 8.1344e+01 0.0000e+00
        149  55.502245    0.01028     0.6167     37.000      1.186  50278.535    30.7438     2.9970      1.174    7.64279     2.9950    24.4893   13.64464 8.1496e+01 0.0000e+00
        150  55.502248    0.01035     0.6208     37.250      1.170  50281.997    30.7459     2.9958      1.159    7.64293     2.9949    24.4910   13.64483 8.0727e+01 0.0000e+00
        151  55.502251    0.01042     0.6250     37.500      1.167  50284.109    30.7471     2.9951      1.156    7.64300     2.9954    24.4920   13.64494 7.9555e+01 0.0000e+00
        152  55.502254    0.01049     0.6292     37.750      1.174  50284.631    30.7474     2.9950      1.163    7.64301     2.9965    24.4923   13.64494 7.8036e+01 0.0000e+00
        153  55.502257    0.01056     0.6333     38.000      1.190  50283.436    30.7468     2.9955      1.179    7.64294     2.9979    24.4917   13.64484 7.5938e+01 0.0000e+00
        154  55.502260    0.01063     0.6375     38.250      1.217  50280.929    30.7453     2.9966      1.205    7.64281     2.9994    24.4905   13.64464 7.3481e+01 0.0000e+00
        155  55.502263    0.01069     0.6417     38.500      1.251  50277.825    30.7436     2.9980      1.239    7.64263     3.0007    24.4890   13.64437 7.0989e+01 0.0000e+00
        156  55.502266    0.01076     0.6458     38.750      1.290  50274.625    30.7418     2.9994      1.278    7.64244     3.0016    24.4874   13.64409 6.8660e+01 0.0000e+00
        157  55.502269    0.01083     0.6500     39.000      1.327  50271.512    30.7400     3.0008      1.315    7.64228     3.0021    24.4859   13.64385 6.6807e+01 0.0000e+00
        158  55.502271    0.01090     0.6542     39.250      1.357  50268.524    30.7382     3.0017      1.344    7.64220     3.0018    24.4844   13.64373 6.5740e+01 0.0000e+00
        159  55.502274    0.01097     0.6583     39.500      1.376  50265.954    30.7366     3.0021      1.363    7.64221     3.0008    24.4830   13.64376 6.5593e+01 0.0000e+00
        160  55.502277    0.01104     0.6625     39.750      1.383  50264.379    30.7355     3.0019      1.370    7.64231     2.9991    24.4822   13.64395 6.6221e+01 0.0000e+00
        161  55.502280    0.01111     0.6667     40.000      1.380  50264.335    30.7352     3.0009      1.367    7.64252     2.9970    24.4820   13.64429 6.7310e+01 0.0000e+00
        162  55.502283    0.01118     0.6708     40.250      1.371  50265.915    30.7358     2.9992      1.358    7.64281     2.9948    24.4827   13.64476 6.8543e+01 0.0000e+00
        163  55.502286    0.01125     0.6750     40.500      1.359  50268.656    30.7371     2.9971      1.346    7.64315     2.9928    24.4839   13.64530 6.9629e+01 0.0000e+00
        164  55.502289    0.01132     0.6792     40.750      1.348  50271.841    30.7387     2.9949      1.335    7.64348     2.9912    24.4854   13.64584 7.0516e+01 0.0000e+00
        165  55.502292    0.01139     0.6833     41.000      1.336  50274.832    30.7402     2.9929      1.324    7.64377     2.9899    24.4867   13.64630 7.1468e+01 0.0000e+00
        166  55.502295    0.01146     0.6875     41.250      1.323  50277.412    30.7415     2.9913      1.311    7.64401     2.9889    24.4879   13.64668 7.2672e+01 0.0000e+00
        167  55.502297    0.01153     0.6917     41.500      1.308  50279.693    30.7427     2.9900      1.296    7.64420     2.9880    24.4890   13.64696 7.4067e+01 0.0000e+00
        168  55.502300    0.01160     0.6958     41.750      1.292  50281.789    30.7439     2.9889      1.280    7.64434     2.9873    24.4900   13.64718 7.5473e+01 0.0000e+00
        169  55.502303    0.01167     0.7000     42.000      1.276  50283.806    30.7451     2.9881      1.264    7.64445     2.9869    24.4910   13.64735 7.6513e+01 0.0000e+00
        170  55.502306    0.01174     0.7042     42.250      1.264  50285.813    30.7463     2.9874      1.252    7.64451     2.9868    24.4920   13.64744 7.6759e+01 0.0000e+00
        171  55.502309    0.01181     0.7083     42.500      1.259  50287.701    30.7475     2.9870      1.248    7.64452     2.9870    24.4929   13.64745 7.6056e+01 0.0000e+00
        172  55.502312    0.01188     0.7125     42.750      1.263  50289.140    30.7484     2.9869      1.252    7.64449     2.9874    24.4937   13.64739 7.4635e+01 0.0000e+00
        173  55.502315    0.01194     0.7167     43.000      1.272  50289.638    30.7488     2.9871      1.260    7.64444     2.9881    24.4940   13.64729 7.3085e+01 0.0000e+00
        174  55.502318    0.01201     0.7208     43.250      1.282  50288.831    30.7483     2.9875      1.270    7.64437     2.9887    24.4936   13.64719 7.1993e+01 0.0000e+00
        175  55.502321    0.01208     0.7250     43.500      1.290  50286.867    30.7472     2.9882      1.277    7.64431     2.9892    24.4926   13.64710 7.1493e+01 0.0000e+00
        176  55.502323    0.01215     0.7292     43.750      1.293  50284.406    30.7457     2.9888      1.281    7.64427     2.9894    24.4914   13.64705 7.1435e+01 0.0000e+00
        177  55.502326    0.01222     0.7333     44.000      1.293  50282.162    30.7443     2.9892      1.281    7.64426     2.9893    24.4902   13.64706 7.1719e+01 0.0000e+00
        178  55.502329    0.01229     0.7375     44.250      1.291  50280.467    30.7432     2.9894      1.279    7.64428     2.9891    24.4893   13.64711 7.2177e+01 0.0000e+00
        179  55.502332    0.01236     0.7417     44.500      1.289  50279.317    30.7424     2.9894      1.277    7.64433     2.9888    24.4887   13.64719 7.2551e+01 0.0000e+00
        180  55.502335    0.01243     0.7458     44.750      1.288  50278.584    30.7418     2.9892      1.276    7.64440     2.9884    24.4883   13.64731 7.2695e+01 0.0000e+00
