CTD-processing/allCTD/CNV--turbid/2015_12-10_t9_s03_cast043.cnv
* Sea-Bird SBE19plus Data File:
* FileName = C:\Users\Kris.Holderied\Documents\kasitsna\Research-KBL\Oceanography-AK\CTD-Data-ALL-to-2015-10\2015-CTD-KachemakBay-CookInlet\2015-12-10_CookInlet-HomerSpit-monthly-BLANK\2015-12-10-CookInlet-Tran9-cast043.hex
* Software Version 1.59
* Temperature SN =  5028
* Conductivity SN =  5028
* System UpLoad Time = Jan 06 2016 11:15:42
** Cook Inlet LTM Tran9 Homer Spit
** Date (YYYY-MM-DD): 2015-12-10
** Station (ie. 9-01):  9-03
** Start time (AKST): 12:08
** Depth (m): 96
** Comment: R/V Edgecumbe
** Comment:
# nquan = 16
# nvalues = 673                         
# units = specified
# name 0 = scan: Scan Count
# name 1 = timeJ: Julian Days
# name 2 = timeH: Time, Elapsed [hours]
# name 3 = timeM: Time, Elapsed [minutes]
# name 4 = timeS: Time, Elapsed [seconds]
# name 5 = prdM: Pressure, Strain Gauge [db]
# name 6 = specc: Specific Conductance [uS/cm]
# name 7 = sal00: Salinity, Practical [PSU]
# name 8 = tv290C: Temperature [ITS-90, deg C]
# name 9 = depSM: Depth [salt water, m], lat = 59.00
# name 10 = oxsolML/L: Oxygen Saturation, Garcia & Gordon [ml/l]
# name 11 = potemp090C: Potential Temperature [ITS-90, deg C]
# name 12 = sigma-é00: Density [sigma-theta, kg/m^3]
# name 13 = n2satML/L: Nitrogen Saturation [ml/l]
# name 14 = par: PAR/Irradiance, Biospherical/Licor
# name 15 = flag:  0.000e+00
# span 0 =          1,        673       
# span 1 = 344.505544, 344.507488       
# span 2 =    0.00000,    0.04667       
# span 3 =     0.0000,     2.8000       
# span 4 =      0.000,    168.000       
# span 5 =     -0.267,     90.892       
# span 6 =   1027.623,  49640.156       
# span 7 =     0.4969,    31.1445       
# span 8 =     5.8400,     7.1773       
# span 9 =     -0.265,     90.022       
# span 10 =    6.89620,    8.71708      
# span 11 =     5.8400,     7.1693      
# span 12 =     0.3450,    24.3611      
# span 13 =   12.40611,   15.87922      
# span 14 = 3.7976e-02, 1.3248e+02      
# span 15 = 0.0000e+00, 0.0000e+00      
# interval = seconds: 0.25
# start_time = Dec 10 2015 12:07:59 [Instrument's time stamp, header]
# bad_flag = -9.990e-29
*END*
[from data line 543]
        544 344.507115    0.03771     2.2625    135.750     61.621  49521.496    31.0537     7.0499     61.036    6.92062     7.0446    24.3058   12.44762 3.8659e-02 0.0000e+00
        545 344.507118    0.03778     2.2667    136.000     61.853  49521.711    31.0538     7.0499     61.265    6.92061     7.0446    24.3059   12.44761 3.8552e-02 0.0000e+00
        546 344.507121    0.03785     2.2708    136.250     62.080  49521.932    31.0538     7.0499     61.490    6.92060     7.0447    24.3059   12.44760 3.8466e-02 0.0000e+00
        547 344.507124    0.03792     2.2750    136.500     62.305  49522.121    31.0539     7.0500     61.714    6.92059     7.0448    24.3059   12.44757 3.8392e-02 0.0000e+00
        548 344.507127    0.03799     2.2792    136.750     62.531  49522.305    31.0539     7.0501     61.937    6.92057     7.0449    24.3060   12.44754 3.8287e-02 0.0000e+00
        549 344.507130    0.03806     2.2833    137.000     62.757  49522.585    31.0540     7.0503     62.161    6.92054     7.0452    24.3060   12.44750 3.8176e-02 0.0000e+00
        550 344.507133    0.03812     2.2875    137.250     62.985  49522.941    31.0542     7.0504     62.387    6.92051     7.0456    24.3061   12.44744 3.8100e-02 0.0000e+00
        551 344.507135    0.03819     2.2917    137.500     63.215  49523.242    31.0543     7.0507     62.614    6.92045     7.0460    24.3062   12.44734 3.8057e-02 0.0000e+00
        552 344.507138    0.03826     2.2958    137.750     63.447  49523.417    31.0544     7.0511     62.845    6.92038     7.0464    24.3062   12.44723 3.8034e-02 0.0000e+00
        553 344.507141    0.03833     2.3000    138.000     63.683  49523.495    31.0544     7.0516     63.078    6.92031     7.0468    24.3062   12.44711 3.8018e-02 0.0000e+00
        554 344.507144    0.03840     2.3042    138.250     63.920  49523.517    31.0544     7.0520     63.313    6.92025     7.0471    24.3061   12.44700 3.8004e-02 0.0000e+00
        555 344.507147    0.03847     2.3083    138.500     64.159  49523.458    31.0544     7.0524     63.549    6.92019     7.0473    24.3060   12.44691 3.7993e-02 0.0000e+00
        556 344.507150    0.03854     2.3125    138.750     64.397  49523.349    31.0542     7.0527     63.785    6.92014     7.0474    24.3059   12.44684 3.7986e-02 0.0000e+00
        557 344.507153    0.03861     2.3167    139.000     64.633  49523.296    31.0541     7.0529     64.019    6.92011     7.0474    24.3058   12.44679 3.7982e-02 0.0000e+00
        558 344.507156    0.03868     2.3208    139.250     64.869  49523.352    31.0540     7.0530     64.252    6.92010     7.0474    24.3057   12.44676 3.7980e-02 0.0000e+00
        559 344.507159    0.03875     2.3250    139.500     65.105  49523.530    31.0541     7.0531     64.486    6.92009     7.0473    24.3057   12.44675 3.7978e-02 0.0000e+00
        560 344.507161    0.03882     2.3292    139.750     65.343  49523.859    31.0542     7.0531     64.722    6.92009     7.0473    24.3058   12.44674 3.7978e-02 0.0000e+00
        561 344.507164    0.03889     2.3333    140.000     65.581  49524.327    31.0544     7.0530     64.958    6.92008     7.0473    24.3060   12.44673 3.7977e-02 0.0000e+00
        562 344.507167    0.03896     2.3375    140.250     65.821  49524.772    31.0546     7.0530     65.196    6.92007     7.0474    24.3061   12.44671 3.7977e-02 0.0000e+00
        563 344.507170    0.03903     2.3417    140.500     66.062  49525.086    31.0547     7.0531     65.434    6.92006     7.0474    24.3062   12.44669 3.7976e-02 0.0000e+00
        564 344.507173    0.03910     2.3458    140.750     66.301  49525.382    31.0548     7.0531     65.670    6.92005     7.0475    24.3063   12.44667 3.7976e-02 0.0000e+00
        565 344.507176    0.03917     2.3500    141.000     66.536  49525.777    31.0550     7.0532     65.903    6.92003     7.0476    24.3065   12.44664 3.7976e-02 0.0000e+00
        566 344.507179    0.03924     2.3542    141.250     66.770  49526.394    31.0553     7.0532     66.134    6.92000     7.0479    24.3067   12.44659 3.7976e-02 0.0000e+00
        567 344.507182    0.03931     2.3583    141.500     67.006  49527.481    31.0560     7.0534     66.368    6.91995     7.0486    24.3072   12.44649 3.7976e-02 0.0000e+00
        568 344.507185    0.03938     2.3625    141.750     67.245  49529.153    31.0571     7.0537     66.605    6.91984     7.0495    24.3081   12.44630 3.7976e-02 0.0000e+00
        569 344.507187    0.03944     2.3667    142.000     67.485  49530.904    31.0583     7.0544     66.843    6.91968     7.0507    24.3090   12.44602 3.7976e-02 0.0000e+00
        570 344.507190    0.03951     2.3708    142.250     67.725  49531.967    31.0591     7.0554     67.081    6.91948     7.0517    24.3095   12.44568 3.7976e-02 0.0000e+00
        571 344.507193    0.03958     2.3750    142.500     67.964  49532.261    31.0594     7.0566     67.317    6.91929     7.0526    24.3096   12.44535 3.7976e-02 0.0000e+00
        572 344.507196    0.03965     2.3792    142.750     68.202  49532.109    31.0594     7.0577     67.553    6.91911     7.0533    24.3094   12.44506 3.7976e-02 0.0000e+00
        573 344.507199    0.03972     2.3833    143.000     68.441  49531.711    31.0592     7.0586     67.790    6.91897     7.0538    24.3091   12.44484 3.7976e-02 0.0000e+00
        574 344.507202    0.03979     2.3875    143.250     68.680  49531.238    31.0589     7.0593     68.026    6.91887     7.0541    24.3087   12.44468 3.7976e-02 0.0000e+00
        575 344.507205    0.03986     2.3917    143.500     68.916  49530.805    31.0585     7.0598     68.260    6.91881     7.0543    24.3084   12.44457 3.7976e-02 0.0000e+00
        576 344.507208    0.03993     2.3958    143.750     69.147  49530.443    31.0582     7.0601     68.489    6.91877     7.0543    24.3082   12.44451 3.7976e-02 0.0000e+00
        577 344.507211    0.04000     2.4000    144.000     69.375  49530.194    31.0580     7.0603     68.715    6.91876     7.0542    24.3080   12.44449 3.7976e-02 0.0000e+00
        578 344.507214    0.04007     2.4042    144.250     69.604  49530.168    31.0579     7.0603     68.941    6.91876     7.0542    24.3079   12.44450 3.7976e-02 0.0000e+00
        579 344.507216    0.04014     2.4083    144.500     69.833  49530.564    31.0580     7.0603     69.168    6.91876     7.0543    24.3080   12.44450 3.7976e-02 0.0000e+00
        580 344.507219    0.04021     2.4125    144.750     70.065  49531.614    31.0587     7.0602     69.398    6.91873     7.0548    24.3085   12.44445 3.7976e-02 0.0000e+00
        581 344.507222    0.04028     2.4167    145.000     70.299  49533.447    31.0599     7.0604     69.630    6.91865     7.0556    24.3094   12.44430 3.7976e-02 0.0000e+00
        582 344.507225    0.04035     2.4208    145.250     70.535  49535.828    31.0615     7.0609     69.863    6.91850     7.0568    24.3106   12.44403 3.7976e-02 0.0000e+00
        583 344.507228    0.04042     2.4250    145.500     70.770  49538.210    31.0632     7.0618     70.096    6.91829     7.0583    24.3118   12.44365 3.7976e-02 0.0000e+00
        584 344.507231    0.04049     2.4292    145.750     71.003  49540.009    31.0645     7.0630     70.328    6.91803     7.0597    24.3127   12.44320 3.7976e-02 0.0000e+00
        585 344.507234    0.04056     2.4333    146.000     71.235  49540.893    31.0653     7.0645     70.557    6.91776     7.0609    24.3131   12.44276 3.7976e-02 0.0000e+00
        586 344.507237    0.04063     2.4375    146.250     71.466  49541.146    31.0656     7.0659     70.786    6.91752     7.0619    24.3132   12.44235 3.7976e-02 0.0000e+00
        587 344.507240    0.04069     2.4417    146.500     71.698  49541.313    31.0658     7.0671     71.016    6.91731     7.0628    24.3132   12.44201 3.7976e-02 0.0000e+00
        588 344.507242    0.04076     2.4458    146.750     71.932  49541.785    31.0662     7.0681     71.247    6.91713     7.0637    24.3134   12.44170 3.7976e-02 0.0000e+00
        589 344.507245    0.04083     2.4500    147.000     72.165  49542.724    31.0669     7.0691     71.478    6.91695     7.0646    24.3138   12.44140 3.7976e-02 0.0000e+00
        590 344.507248    0.04090     2.4542    147.250     72.395  49544.177    31.0680     7.0700     71.706    6.91676     7.0658    24.3146   12.44107 3.7976e-02 0.0000e+00
        591 344.507251    0.04097     2.4583    147.500     72.620  49546.462    31.0697     7.0709     71.929    6.91653     7.0673    24.3158   12.44067 3.7976e-02 0.0000e+00
        592 344.507254    0.04104     2.4625    147.750     72.842  49549.728    31.0720     7.0721     72.148    6.91623     7.0693    24.3175   12.44015 3.7976e-02 0.0000e+00
        593 344.507257    0.04111     2.4667    148.000     73.062  49553.531    31.0748     7.0737     72.366    6.91586     7.0716    24.3195   12.43949 3.7976e-02 0.0000e+00
        594 344.507260    0.04118     2.4708    148.250     73.281  49556.960    31.0775     7.0757     72.583    6.91542     7.0740    24.3213   12.43873 3.7976e-02 0.0000e+00
        595 344.507263    0.04125     2.4750    148.500     73.502  49559.196    31.0793     7.0780     72.802    6.91496     7.0762    24.3225   12.43795 3.7976e-02 0.0000e+00
        596 344.507266    0.04132     2.4792    148.750     73.724  49560.594    31.0806     7.0804     73.022    6.91452     7.0785    24.3232   12.43721 3.7976e-02 0.0000e+00
        597 344.507269    0.04139     2.4833    149.000     73.947  49562.399    31.0821     7.0827     73.243    6.91408     7.0810    24.3241   12.43646 3.7976e-02 0.0000e+00
        598 344.507271    0.04146     2.4875    149.250     74.169  49565.614    31.0847     7.0850     73.463    6.91361     7.0840    24.3257   12.43564 3.7976e-02 0.0000e+00
        599 344.507274    0.04153     2.4917    149.500     74.391  49570.295    31.0882     7.0875     73.683    6.91304     7.0875    24.3282   12.43466 3.7976e-02 0.0000e+00
        600 344.507277    0.04160     2.4958    149.750     74.613  49574.739    31.0917     7.0905     73.902    6.91240     7.0910    24.3306   12.43355 3.7976e-02 0.0000e+00
        601 344.507280    0.04167     2.5000    150.000     74.833  49576.879    31.0937     7.0940     74.120    6.91175     7.0940    24.3317   12.43245 3.7976e-02 0.0000e+00
        602 344.507283    0.04174     2.5042    150.250     75.054  49576.806    31.0942     7.0975     74.338    6.91117     7.0963    24.3316   12.43149 3.7976e-02 0.0000e+00
        603 344.507286    0.04181     2.5083    150.500     75.277  49575.818    31.0939     7.1005     74.560    6.91070     7.0980    24.3310   12.43073 3.7976e-02 0.0000e+00
        604 344.507289    0.04188     2.5125    150.750     75.504  49574.694    31.0934     7.1029     74.785    6.91036     7.0991    24.3303   12.43016 3.7976e-02 0.0000e+00
        605 344.507292    0.04194     2.5167    151.000     75.733  49573.821    31.0930     7.1046     75.011    6.91011     7.1000    24.3298   12.42975 3.7976e-02 0.0000e+00
        606 344.507295    0.04201     2.5208    151.250     75.962  49573.456    31.0929     7.1058     75.238    6.90992     7.1007    24.3295   12.42945 3.7976e-02 0.0000e+00
        607 344.507297    0.04208     2.5250    151.500     76.189  49573.575    31.0930     7.1066     75.463    6.90977     7.1013    24.3295   12.42920 3.7976e-02 0.0000e+00
        608 344.507300    0.04215     2.5292    151.750     76.416  49573.883    31.0932     7.1074     75.687    6.90965     7.1019    24.3296   12.42899 3.7976e-02 0.0000e+00
        609 344.507303    0.04222     2.5333    152.000     76.643  49574.245    31.0935     7.1080     75.912    6.90953     7.1024    24.3297   12.42880 3.7976e-02 0.0000e+00
        610 344.507306    0.04229     2.5375    152.250     76.873  49574.758    31.0938     7.1086     76.140    6.90942     7.1030    24.3299   12.42861 3.7976e-02 0.0000e+00
        611 344.507309    0.04236     2.5417    152.500     77.108  49575.498    31.0943     7.1092     76.372    6.90930     7.1037    24.3302   12.42841 3.7976e-02 0.0000e+00
        612 344.507312    0.04243     2.5458    152.750     77.346  49576.267    31.0949     7.1098     76.608    6.90918     7.1044    24.3306   12.42820 3.7976e-02 0.0000e+00
        613 344.507315    0.04250     2.5500    153.000     77.584  49576.736    31.0952     7.1105     76.844    6.90905     7.1050    24.3307   12.42798 3.7976e-02 0.0000e+00
        614 344.507318    0.04257     2.5542    153.250     77.823  49576.793    31.0952     7.1112     77.081    6.90894     7.1055    24.3307   12.42779 3.7976e-02 0.0000e+00
        615 344.507321    0.04264     2.5583    153.500     78.062  49576.685    31.0952     7.1118     77.318    6.90885     7.1058    24.3305   12.42764 3.7976e-02 0.0000e+00
        616 344.507323    0.04271     2.5625    153.750     78.302  49576.753    31.0952     7.1123     77.555    6.90877     7.1061    24.3305   12.42752 3.7977e-02 0.0000e+00
        617 344.507326    0.04278     2.5667    154.000     78.542  49576.873    31.0952     7.1127     77.793    6.90871     7.1063    24.3305   12.42742 3.7977e-02 0.0000e+00
        618 344.507329    0.04285     2.5708    154.250     78.783  49577.005    31.0953     7.1130     78.032    6.90866     7.1066    24.3305   12.42733 3.7978e-02 0.0000e+00
        619 344.507332    0.04292     2.5750    154.500     79.026  49577.644    31.0957     7.1133     78.272    6.90860     7.1072    24.3308   12.42723 3.7980e-02 0.0000e+00
        620 344.507335    0.04299     2.5792    154.750     79.269  49579.009    31.0966     7.1136     78.513    6.90851     7.1080    24.3314   12.42706 3.7982e-02 0.0000e+00
        621 344.507338    0.04306     2.5833    155.000     79.511  49580.812    31.0978     7.1141     78.752    6.90837     7.1091    24.3323   12.42681 3.7986e-02 0.0000e+00
        622 344.507341    0.04312     2.5875    155.250     79.753  49582.655    31.0991     7.1150     78.992    6.90818     7.1104    24.3333   12.42648 3.7992e-02 0.0000e+00
        623 344.507344    0.04319     2.5917    155.500     79.996  49584.207    31.1003     7.1161     79.233    6.90794     7.1118    24.3340   12.42608 3.8003e-02 0.0000e+00
        624 344.507347    0.04326     2.5958    155.750     80.240  49585.218    31.1011     7.1174     79.475    6.90769     7.1132    24.3345   12.42565 3.8021e-02 0.0000e+00
        625 344.507350    0.04333     2.6000    156.000     80.485  49585.796    31.1016     7.1189     79.717    6.90744     7.1146    24.3348   12.42522 3.8051e-02 0.0000e+00
        626 344.507352    0.04340     2.6042    156.250     80.728  49586.452    31.1022     7.1203     79.958    6.90719     7.1160    24.3350   12.42480 3.8101e-02 0.0000e+00
        627 344.507355    0.04347     2.6083    156.500     80.970  49587.534    31.1031     7.1217     80.197    6.90693     7.1175    24.3355   12.42436 3.8185e-02 0.0000e+00
        628 344.507358    0.04354     2.6125    156.750     81.212  49588.812    31.1041     7.1231     80.437    6.90665     7.1192    24.3361   12.42389 3.8324e-02 0.0000e+00
        629 344.507361    0.04361     2.6167    157.000     81.456  49589.935    31.1051     7.1247     80.679    6.90636     7.1208    24.3367   12.42340 3.8556e-02 0.0000e+00
        630 344.507364    0.04368     2.6208    157.250     81.702  49590.723    31.1058     7.1263     80.922    6.90606     7.1223    24.3370   12.42289 3.8943e-02 0.0000e+00
        631 344.507367    0.04375     2.6250    157.500     81.944  49590.899    31.1061     7.1280     81.162    6.90577     7.1236    24.3370   12.42242 3.9587e-02 0.0000e+00
        632 344.507370    0.04382     2.6292    157.750     82.181  49590.497    31.1060     7.1296     81.397    6.90553     7.1245    24.3367   12.42203 4.0178e-02 0.0000e+00
