CTD-processing/allCTD/CNV--turbid/2015_06-26_t9_s09_cast107.cnv
* Sea-Bird SBE19plus Data File:
* FileName = C:\Users\Kris.Holderied\Documents\kasitsna\Research-KBL\Oceanography-AK\CTD-Data-ALL-to-2015-04\2015-CTD-KachemakBay-CookInlet\2015-06-26-CookInlet-HomerSpit-Monthly\2015-06-26-CookInlet-Tran9-cast107.hex
* Software Version 1.59
* Temperature SN =  5028
* Conductivity SN =  5028
* System UpLoad Time = Jul 03 2015 13:40:11
** Cook Inlet LTM Tran 9 (Homer Spit) North to South
** Date: 06-26
** Station: 9-09
** Start time (AKDT): 11:15
** Depth (m): 80.2
** Comment:  R/V Barnacle
** Comment:
# nquan = 16
# nvalues = 618                         
# units = specified
# name 0 = scan: Scan Count
# name 1 = timeJ: Julian Days
# name 2 = timeH: Time, Elapsed [hours]
# name 3 = timeM: Time, Elapsed [minutes]
# name 4 = timeS: Time, Elapsed [seconds]
# name 5 = prdM: Pressure, Strain Gauge [db]
# name 6 = specc: Specific Conductance [uS/cm]
# name 7 = sal00: Salinity, Practical [PSU]
# name 8 = tv290C: Temperature [ITS-90, deg C]
# name 9 = depSM: Depth [salt water, m], lat = 59.00
# name 10 = oxsolML/L: Oxygen Saturation, Garcia & Gordon [ml/l]
# name 11 = potemp090C: Potential Temperature [ITS-90, deg C]
# name 12 = sigma-é00: Density [sigma-theta, kg/m^3]
# name 13 = n2satML/L: Nitrogen Saturation [ml/l]
# name 14 = par: PAR/Irradiance, Biospherical/Licor
# name 15 = flag:  0.000e+00
# span 0 =          1,        618       
# span 1 = 177.468183, 177.469968       
# span 2 =    0.00000,    0.04285       
# span 3 =     0.0000,     2.5708       
# span 4 =      0.000,    154.250       
# span 5 =     -0.054,     82.668       
# span 6 =    269.031,  50024.879       
# span 7 =     0.1283,    31.4352       
# span 8 =     7.2374,    12.8247       
# span 9 =     -0.053,     81.879       
# span 10 =    6.24101,    7.50964      
# span 11 =     7.2318,    12.8246      
# span 12 =    -0.4175,    24.5744      
# span 13 =   11.35293,   13.84747      
# span 14 = 4.6993e-02, 3.7319e+02      
# span 15 = 0.0000e+00, 0.0000e+00      
# interval = seconds: 0.25
# start_time = Jun 26 2015 11:14:11 [Instrument's time stamp, header]
# bad_flag = -9.990e-29
*END*
[from data line 452]
        453 177.469491    0.03139     1.8833    113.000     40.446  49837.621    31.4105     7.8139     40.064    6.78463     7.7931    24.4828   12.21827 1.2156e-01 0.0000e+00
        454 177.469494    0.03146     1.8875    113.250     40.703  49837.172    31.4087     7.8057     40.319    6.78596     7.7834    24.4825   12.22050 1.1917e-01 0.0000e+00
        455 177.469497    0.03153     1.8917    113.500     40.958  49836.793    31.4069     7.7969     40.571    6.78741     7.7732    24.4824   12.22291 1.1697e-01 0.0000e+00
        456 177.469499    0.03160     1.8958    113.750     41.210  49837.588    31.4058     7.7872     40.821    6.78895     7.7627    24.4829   12.22546 1.1495e-01 0.0000e+00
        457 177.469502    0.03167     1.9000    114.000     41.462  49839.343    31.4053     7.7770     41.071    6.79055     7.7520    24.4839   12.22812 1.1308e-01 0.0000e+00
        458 177.469505    0.03174     1.9042    114.250     41.715  49840.631    31.4044     7.7666     41.321    6.79220     7.7407    24.4846   12.23086 1.1135e-01 0.0000e+00
        459 177.469508    0.03181     1.9083    114.500     41.969  49841.220    31.4030     7.7559     41.572    6.79393     7.7286    24.4850   12.23373 1.0973e-01 0.0000e+00
        460 177.469511    0.03188     1.9125    114.750     42.224  49841.407    31.4011     7.7446     41.825    6.79575     7.7153    24.4851   12.23677 1.0826e-01 0.0000e+00
        461 177.469514    0.03194     1.9167    115.000     42.478  49841.222    31.3989     7.7325     42.076    6.79772     7.7014    24.4851   12.24006 1.0689e-01 0.0000e+00
        462 177.469517    0.03201     1.9208    115.250     42.730  49843.215    31.3981     7.7193     42.326    6.79981     7.6882    24.4862   12.24353 1.0555e-01 0.0000e+00
        463 177.469520    0.03208     1.9250    115.500     42.982  49849.932    31.4004     7.7054     42.575    6.80186     7.6771    24.4900   12.24690 1.0420e-01 0.0000e+00
        464 177.469523    0.03215     1.9292    115.750     43.234  49859.722    31.4050     7.6922     42.825    6.80370     7.6685    24.4954   12.24987 1.0280e-01 0.0000e+00
        465 177.469525    0.03222     1.9333    116.000     43.488  49869.453    31.4098     7.6812     43.077    6.80520     7.6621    24.5008   12.25230 1.0135e-01 0.0000e+00
        466 177.469528    0.03229     1.9375    116.250     43.745  49877.326    31.4138     7.6726     43.331    6.80635     7.6573    24.5051   12.25416 9.9873e-02 0.0000e+00
        467 177.469531    0.03236     1.9417    116.500     44.003  49883.038    31.4166     7.6661     43.587    6.80722     7.6537    24.5082   12.25556 9.8408e-02 0.0000e+00
        468 177.469534    0.03243     1.9458    116.750     44.262  49886.978    31.4185     7.6614     43.844    6.80788     7.6507    24.5103   12.25663 9.6991e-02 0.0000e+00
        469 177.469537    0.03250     1.9500    117.000     44.521  49889.474    31.4195     7.6577     44.100    6.80840     7.6481    24.5116   12.25748 9.5640e-02 0.0000e+00
        470 177.469540    0.03257     1.9542    117.250     44.780  49890.964    31.4200     7.6548     44.356    6.80883     7.6457    24.5124   12.25819 9.4346e-02 0.0000e+00
        471 177.469543    0.03264     1.9583    117.500     45.036  49891.708    31.4200     7.6523     44.610    6.80923     7.6432    24.5127   12.25884 9.3088e-02 0.0000e+00
        472 177.469546    0.03271     1.9625    117.750     45.288  49891.638    31.4194     7.6499     44.860    6.80962     7.6403    24.5126   12.25950 9.1872e-02 0.0000e+00
        473 177.469549    0.03278     1.9667    118.000     45.538  49890.574    31.4182     7.6474     45.107    6.81006     7.6366    24.5120   12.26025 9.0702e-02 0.0000e+00
        474 177.469552    0.03285     1.9708    118.250     45.785  49888.098    31.4159     7.6445     45.352    6.81061     7.6314    24.5106   12.26118 8.9559e-02 0.0000e+00
        475 177.469554    0.03292     1.9750    118.500     46.032  49883.696    31.4121     7.6408     45.597    6.81136     7.6241    24.5081   12.26246 8.8453e-02 0.0000e+00
        476 177.469557    0.03299     1.9792    118.750     46.280  49877.487    31.4068     7.6357     45.842    6.81240     7.6141    24.5047   12.26425 8.7411e-02 0.0000e+00
        477 177.469560    0.03306     1.9833    119.000     46.528  49869.489    31.3999     7.6284     46.088    6.81384     7.6006    24.5003   12.26671 8.6424e-02 0.0000e+00
        478 177.469563    0.03313     1.9875    119.250     46.778  49859.242    31.3910     7.6184     46.335    6.81579     7.5832    24.4946   12.27006 8.5470e-02 0.0000e+00
        479 177.469566    0.03319     1.9917    119.500     47.029  49847.751    31.3806     7.6049     46.584    6.81835     7.5618    24.4883   12.27442 8.4533e-02 0.0000e+00
        480 177.469569    0.03326     1.9958    119.750     47.283  49837.783    31.3707     7.5875     46.835    6.82152     7.5376    24.4829   12.27978 8.3603e-02 0.0000e+00
        481 177.469572    0.03333     2.0000    120.000     47.538  49831.580    31.3627     7.5662     47.088    6.82520     7.5114    24.4796   12.28597 8.2682e-02 0.0000e+00
        482 177.469575    0.03340     2.0042    120.250     47.795  49828.695    31.3566     7.5419     47.343    6.82925     7.4841    24.4781   12.29275 8.1775e-02 0.0000e+00
        483 177.469578    0.03347     2.0083    120.500     48.054  49828.542    31.3520     7.5158     47.599    6.83354     7.4568    24.4781   12.29989 8.0880e-02 0.0000e+00
        484 177.469580    0.03354     2.0125    120.750     48.315  49832.571    31.3502     7.4885     47.857    6.83789     7.4310    24.4804   12.30711 7.9994e-02 0.0000e+00
        485 177.469583    0.03361     2.0167    121.000     48.578  49841.433    31.3517     7.4612     48.118    6.84209     7.4080    24.4853   12.31404 7.9120e-02 0.0000e+00
        486 177.469586    0.03368     2.0208    121.250     48.843  49853.810    31.3559     7.4354     48.381    6.84594     7.3883    24.4921   12.32036 7.8255e-02 0.0000e+00
        487 177.469589    0.03375     2.0250    121.500     49.112  49867.627    31.3616     7.4124     48.647    6.84931     7.3723    24.4996   12.32585 7.7396e-02 0.0000e+00
        488 177.469592    0.03382     2.0292    121.750     49.383  49881.634    31.3679     7.3927     48.915    6.85211     7.3599    24.5073   12.33040 7.6564e-02 0.0000e+00
        489 177.469595    0.03389     2.0333    122.000     49.655  49895.137    31.3745     7.3767     49.185    6.85433     7.3510    24.5146   12.33399 7.5768e-02 0.0000e+00
        490 177.469598    0.03396     2.0375    122.250     49.928  49906.711    31.3804     7.3644     49.456    6.85600     7.3448    24.5209   12.33668 7.4993e-02 0.0000e+00
        491 177.469601    0.03403     2.0417    122.500     50.203  49915.587    31.3849     7.3555     49.728    6.85719     7.3403    24.5257   12.33860 7.4230e-02 0.0000e+00
        492 177.469604    0.03410     2.0458    122.750     50.480  49922.119    31.3883     7.3493     50.001    6.85801     7.3369    24.5292   12.33992 7.3491e-02 0.0000e+00
        493 177.469606    0.03417     2.0500    123.000     50.757  49926.349    31.3904     7.3449     50.276    6.85861     7.3339    24.5314   12.34088 7.2777e-02 0.0000e+00
        494 177.469609    0.03424     2.0542    123.250     51.035  49928.655    31.3913     7.3415     50.552    6.85911     7.3312    24.5326   12.34169 7.2089e-02 0.0000e+00
        495 177.469612    0.03431     2.0583    123.500     51.314  49930.065    31.3916     7.3385     50.829    6.85956     7.3285    24.5333   12.34243 7.1428e-02 0.0000e+00
        496 177.469615    0.03438     2.0625    123.750     51.593  49931.328    31.3919     7.3358     51.105    6.85998     7.3262    24.5339   12.34312 7.0790e-02 0.0000e+00
        497 177.469618    0.03444     2.0667    124.000     51.872  49932.756    31.3923     7.3331     51.382    6.86037     7.3241    24.5346   12.34376 7.0169e-02 0.0000e+00
        498 177.469621    0.03451     2.0708    124.250     52.151  49934.194    31.3928     7.3308     51.657    6.86072     7.3222    24.5353   12.34433 6.9574e-02 0.0000e+00
        499 177.469624    0.03458     2.0750    124.500     52.428  49935.383    31.3932     7.3287     51.931    6.86103     7.3205    24.5358   12.34484 6.9010e-02 0.0000e+00
        500 177.469627    0.03465     2.0792    124.750     52.705  49936.299    31.3934     7.3269     52.205    6.86131     7.3189    24.5362   12.34530 6.8473e-02 0.0000e+00
        501 177.469630    0.03472     2.0833    125.000     52.981  49936.979    31.3935     7.3252     52.479    6.86157     7.3171    24.5365   12.34573 6.7956e-02 0.0000e+00
        502 177.469633    0.03479     2.0875    125.250     53.255  49937.346    31.3933     7.3236     52.750    6.86183     7.3151    24.5366   12.34617 6.7469e-02 0.0000e+00
        503 177.469635    0.03486     2.0917    125.500     53.527  49937.203    31.3928     7.3219     53.020    6.86213     7.3125    24.5364   12.34666 6.7020e-02 0.0000e+00
        504 177.469638    0.03493     2.0958    125.750     53.797  49936.345    31.3917     7.3198     53.287    6.86249     7.3093    24.5359   12.34727 6.6598e-02 0.0000e+00
        505 177.469641    0.03500     2.1000    126.000     54.062  49934.967    31.3902     7.3173     53.550    6.86296     7.3054    24.5350   12.34806 6.6197e-02 0.0000e+00
        506 177.469644    0.03507     2.1042    126.250     54.325  49933.968    31.3889     7.3141     53.810    6.86353     7.3010    24.5344   12.34903 6.5822e-02 0.0000e+00
        507 177.469647    0.03514     2.1083    126.500     54.586  49933.796    31.3880     7.3102     54.068    6.86418     7.2963    24.5342   12.35012 6.5467e-02 0.0000e+00
        508 177.469650    0.03521     2.1125    126.750     54.846  49934.101    31.3873     7.3059     54.326    6.86489     7.2916    24.5343   12.35130 6.5129e-02 0.0000e+00
        509 177.469653    0.03528     2.1167    127.000     55.106  49935.493    31.3874     7.3013     54.583    6.86562     7.2875    24.5350   12.35251 6.4803e-02 0.0000e+00
        510 177.469656    0.03535     2.1208    127.250     55.364  49938.821    31.3888     7.2966     54.839    6.86629     7.2843    24.5367   12.35360 6.4485e-02 0.0000e+00
        511 177.469659    0.03542     2.1250    127.500     55.621  49943.411    31.3912     7.2925     55.094    6.86684     7.2823    24.5391   12.35448 6.4175e-02 0.0000e+00
        512 177.469661    0.03549     2.1292    127.750     55.877  49948.043    31.3938     7.2893     55.348    6.86722     7.2811    24.5416   12.35507 6.3879e-02 0.0000e+00
        513 177.469664    0.03556     2.1333    128.000     56.133  49951.485    31.3957     7.2873     55.601    6.86745     7.2801    24.5434   12.35543 6.3599e-02 0.0000e+00
        514 177.469667    0.03562     2.1375    128.250     56.388  49952.569    31.3961     7.2861     55.854    6.86762     7.2785    24.5439   12.35570 6.3330e-02 0.0000e+00
        515 177.469670    0.03569     2.1417    128.500     56.645  49951.126    31.3948     7.2851     56.108    6.86783     7.2759    24.5430   12.35607 6.3067e-02 0.0000e+00
        516 177.469673    0.03576     2.1458    128.750     56.905  49948.046    31.3923     7.2836     56.365    6.86818     7.2720    24.5412   12.35668 6.2806e-02 0.0000e+00
        517 177.469676    0.03583     2.1500    129.000     57.168  49945.056    31.3897     7.2810     56.626    6.86872     7.2675    24.5395   12.35760 6.2544e-02 0.0000e+00
        518 177.469679    0.03590     2.1542    129.250     57.434  49943.838    31.3880     7.2772     56.889    6.86939     7.2628    24.5388   12.35873 6.2286e-02 0.0000e+00
        519 177.469682    0.03597     2.1583    129.500     57.700  49944.627    31.3877     7.2726     57.152    6.87012     7.2584    24.5391   12.35995 6.2043e-02 0.0000e+00
        520 177.469685    0.03604     2.1625    129.750     57.965  49946.568    31.3881     7.2679     57.415    6.87084     7.2545    24.5401   12.36113 6.1815e-02 0.0000e+00
        521 177.469687    0.03611     2.1667    130.000     58.229  49949.002    31.3890     7.2636     57.676    6.87149     7.2512    24.5413   12.36220 6.1595e-02 0.0000e+00
        522 177.469690    0.03618     2.1708    130.250     58.493  49951.555    31.3900     7.2597     57.938    6.87206     7.2485    24.5426   12.36312 6.1380e-02 0.0000e+00
        523 177.469693    0.03625     2.1750    130.500     58.759  49953.902    31.3909     7.2565     58.202    6.87253     7.2464    24.5438   12.36389 6.1171e-02 0.0000e+00
        524 177.469696    0.03632     2.1792    130.750     59.026  49955.995    31.3918     7.2538     58.466    6.87291     7.2447    24.5448   12.36451 6.0970e-02 0.0000e+00
        525 177.469699    0.03639     2.1833    131.000     59.294  49957.874    31.3926     7.2517     58.731    6.87321     7.2434    24.5458   12.36499 6.0778e-02 0.0000e+00
        526 177.469702    0.03646     2.1875    131.250     59.562  49959.498    31.3934     7.2500     58.997    6.87344     7.2424    24.5466   12.36536 6.0588e-02 0.0000e+00
        527 177.469705    0.03653     2.1917    131.500     59.831  49960.723    31.3939     7.2487     59.263    6.87362     7.2414    24.5471   12.36565 6.0397e-02 0.0000e+00
        528 177.469708    0.03660     2.1958    131.750     60.099  49961.372    31.3940     7.2477     59.529    6.87378     7.2402    24.5474   12.36591 6.0220e-02 0.0000e+00
        529 177.469711    0.03667     2.2000    132.000     60.365  49961.540    31.3939     7.2467     59.792    6.87394     7.2389    24.5474   12.36618 6.0066e-02 0.0000e+00
        530 177.469714    0.03674     2.2042    132.250     60.629  49961.517    31.3935     7.2456     60.053    6.87413     7.2372    24.5473   12.36649 5.9923e-02 0.0000e+00
        531 177.469716    0.03681     2.2083    132.500     60.891  49961.695    31.3933     7.2443     60.313    6.87435     7.2355    24.5473   12.36686 5.9782e-02 0.0000e+00
        532 177.469719    0.03687     2.2125    132.750     61.154  49962.569    31.3935     7.2427     60.573    6.87459     7.2340    24.5477   12.36726 5.9649e-02 0.0000e+00
        533 177.469722    0.03694     2.2167    133.000     61.417  49964.183    31.3942     7.2410     60.834    6.87482     7.2329    24.5485   12.36764 5.9522e-02 0.0000e+00
        534 177.469725    0.03701     2.2208    133.250     61.681  49966.012    31.3951     7.2395     61.096    6.87501     7.2322    24.5494   12.36794 5.9393e-02 0.0000e+00
        535 177.469728    0.03708     2.2250    133.500     61.945  49967.617    31.3960     7.2385     61.357    6.87515     7.2319    24.5502   12.36815 5.9260e-02 0.0000e+00
        536 177.469731    0.03715     2.2292    133.750     62.209  49968.937    31.3966     7.2378     61.619    6.87523     7.2318    24.5508   12.36827 5.9126e-02 0.0000e+00
        537 177.469734    0.03722     2.2333    134.000     62.475  49970.072    31.3972     7.2374     61.883    6.87525     7.2319    24.5514   12.36831 5.8996e-02 0.0000e+00
        538 177.469737    0.03729     2.2375    134.250     62.742  49971.020    31.3978     7.2374     62.146    6.87524     7.2322    24.5518   12.36827 5.8880e-02 0.0000e+00
        539 177.469740    0.03736     2.2417    134.500     63.008  49971.675    31.3981     7.2376     62.410    6.87519     7.2326    24.5520   12.36819 5.8778e-02 0.0000e+00
        540 177.469742    0.03743     2.2458    134.750     63.275  49972.034    31.3983     7.2379     62.674    6.87513     7.2329    24.5521   12.36809 5.8679e-02 0.0000e+00
        541 177.469745    0.03750     2.2500    135.000     63.542  49972.244    31.3984     7.2383     62.938    6.87507     7.2333    24.5521   12.36799 5.8583e-02 0.0000e+00
        542 177.469748    0.03757     2.2542    135.250     63.810  49972.504    31.3985     7.2386     63.204    6.87500     7.2338    24.5522   12.36788 5.8485e-02 0.0000e+00
