CTD-processing/allCTD/CNV--turbid/2015_08-14_alongbay_seldoviawest_cast162.cnv
* Sea-Bird SBE19plus Data File:
* FileName = C:\Users\Kris.Holderied\Documents\kasitsna\Research-KBL\Oceanography-AK\CTD-Data-ALL-to-2015-06\2015-CTD-KachemakBay-CookInlet\2015-08-14-CookInlet-east-and-KachemakBay\2015-08-14-CookInlet-east-and_KBay-cast162.hex
* Software Version 1.59
* Temperature SN =  5028
* Conductivity SN =  5028
* System UpLoad Time = Sep 24 2015 11:32:47
** Cook Inlet East side (T6/T7), along Kachemak Bay to Spit, T9 batch upload
** Date (YYYY-MM-DD): 2015-08-14
** Station (ie. 9-01):  SeldoviaWest
** Start time (AKDT): 14:25
** Depth (m): 64
** Comment:  Nuka R/V Johanna Rose
** Comment:
# nquan = 16
# nvalues = 617                         
# units = specified
# name 0 = scan: Scan Count
# name 1 = timeJ: Julian Days
# name 2 = timeH: Time, Elapsed [hours]
# name 3 = timeM: Time, Elapsed [minutes]
# name 4 = timeS: Time, Elapsed [seconds]
# name 5 = prdM: Pressure, Strain Gauge [db]
# name 6 = specc: Specific Conductance [uS/cm]
# name 7 = sal00: Salinity, Practical [PSU]
# name 8 = tv290C: Temperature [ITS-90, deg C]
# name 9 = depSM: Depth [salt water, m], lat = 59.00
# name 10 = oxsolML/L: Oxygen Saturation, Garcia & Gordon [ml/l]
# name 11 = potemp090C: Potential Temperature [ITS-90, deg C]
# name 12 = sigma-é00: Density [sigma-theta, kg/m^3]
# name 13 = n2satML/L: Nitrogen Saturation [ml/l]
# name 14 = par: PAR/Irradiance, Biospherical/Licor
# name 15 = flag:  0.000e+00
# span 0 =          1,        617       
# span 1 = 226.600648, 226.602431       
# span 2 =    0.00000,    0.04278       
# span 3 =     0.0000,     2.5667       
# span 4 =      0.000,    154.000       
# span 5 =      0.034,     63.193       
# span 6 =   1108.848,  49611.263       
# span 7 =     0.5442,    31.5588       
# span 8 =     9.6868,    11.3793       
# span 9 =      0.034,     62.593       
# span 10 =    6.44895,    7.62442      
# span 11 =     9.6822,    11.3793      
# span 12 =    -0.0050,    24.2970      
# span 13 =   11.66268,   14.03587      
# span 14 = 7.0582e-02, 3.1129e+02      
# span 15 = 0.0000e+00, 0.0000e+00      
# interval = seconds: 0.25
# start_time = Aug 14 2015 14:24:56 [Instrument's time stamp, header]
# bad_flag = -9.990e-29
*END*
[from data line 91]
         92 226.600911    0.00632     0.3792     22.750      0.873  49576.290    31.5334     9.8048      0.865    6.48433     9.8032    24.2781   11.71976 2.9373e+02 0.0000e+00
         93 226.600914    0.00639     0.3833     23.000      0.880  49587.701    31.5412     9.8034      0.872    6.48420     9.8050    24.2844   11.71945 2.9364e+02 0.0000e+00
         94 226.600917    0.00646     0.3875     23.250      0.888  49592.115    31.5443     9.8033      0.880    6.48409     9.8105    24.2869   11.71923 2.9439e+02 0.0000e+00
         95 226.600920    0.00653     0.3917     23.500      0.896  49600.432    31.5504     9.8051      0.887    6.48357     9.8220    24.2913   11.71831 2.9530e+02 0.0000e+00
         96 226.600923    0.00660     0.3958     23.750      0.898  49611.263    31.5588     9.8106      0.889    6.48244     9.8406    24.2970   11.71634 2.9514e+02 0.0000e+00
         97 226.600926    0.00667     0.4000     24.000      0.893  49608.882    31.5586     9.8221      0.884    6.48082     9.8625    24.2950   11.71365 2.9452e+02 0.0000e+00
         98 226.600929    0.00674     0.4042     24.250      0.880  49582.561    31.5424     9.8407      0.872    6.47885     9.8801    24.2793   11.71058 2.9512e+02 0.0000e+00
         99 226.600932    0.00681     0.4083     24.500      0.866  49539.463    31.5148     9.8626      0.858    6.47689     9.8891    24.2543   11.70767 2.9667e+02 0.0000e+00
        100 226.600935    0.00688     0.4125     24.750      0.856  49500.723    31.4898     9.8802      0.848    6.47542     9.8913    24.2318   11.70554 2.9791e+02 0.0000e+00
        101 226.600937    0.00694     0.4167     25.000      0.854  49484.868    31.4797     9.8891      0.846    6.47457     9.8925    24.2226   11.70425 2.9823e+02 0.0000e+00
        102 226.600940    0.00701     0.4208     25.250      0.859  49494.659    31.4869     9.8913      0.852    6.47396     9.8983    24.2278   11.70315 2.9772e+02 0.0000e+00
        103 226.600943    0.00708     0.4250     25.500      0.867  49516.320    31.5023     9.8925      0.860    6.47315     9.9121    24.2397   11.70163 2.9747e+02 0.0000e+00
        104 226.600946    0.00715     0.4292     25.750      0.871  49529.246    31.5122     9.8984      0.863    6.47192     9.9319    24.2464   11.69946 2.9845e+02 0.0000e+00
        105 226.600949    0.00722     0.4333     26.000      0.866  49520.471    31.5078     9.9122      0.858    6.47015     9.9516    24.2407   11.69659 3.0040e+02 0.0000e+00
        106 226.600952    0.00729     0.4375     26.250      0.851  49490.973    31.4895     9.9320      0.844    6.46810     9.9652    24.2232   11.69340 3.0294e+02 0.0000e+00
        107 226.600955    0.00736     0.4417     26.500      0.831  49452.870    31.4652     9.9517      0.824    6.46631     9.9697    24.2010   11.69074 3.0526e+02 0.0000e+00
        108 226.600958    0.00743     0.4458     26.750      0.813  49423.106    31.4459     9.9653      0.805    6.46518     9.9660    24.1838   11.68910 3.0687e+02 0.0000e+00
        109 226.600961    0.00750     0.4500     27.000      0.800  49413.660    31.4398     9.9698      0.793    6.46481     9.9592    24.1783   11.68855 3.0791e+02 0.0000e+00
        110 226.600964    0.00757     0.4542     27.250      0.796  49425.755    31.4479     9.9661      0.789    6.46499     9.9551    24.1852   11.68876 3.0706e+02 0.0000e+00
        111 226.600966    0.00764     0.4583     27.500      0.799  49449.844    31.4640     9.9593      0.792    6.46529     9.9576    24.1989   11.68906 3.0482e+02 0.0000e+00
        112 226.600969    0.00771     0.4625     27.750      0.805  49470.897    31.4784     9.9551      0.798    6.46528     9.9675    24.2107   11.68887 3.0403e+02 0.0000e+00
        113 226.600972    0.00778     0.4667     28.000      0.810  49478.207    31.4838     9.9576      0.803    6.46470     9.9821    24.2146   11.68785 3.0508e+02 0.0000e+00
        114 226.600975    0.00785     0.4708     28.250      0.810  49469.035    31.4786     9.9676      0.803    6.46350     9.9964    24.2089   11.68593 3.0674e+02 0.0000e+00
        115 226.600978    0.00792     0.4750     28.500      0.803  49447.022    31.4649     9.9822      0.796    6.46201    10.0068    24.1959   11.68362 3.0825e+02 0.0000e+00
        116 226.600981    0.00799     0.4792     28.750      0.791  49419.380    31.4472     9.9965      0.783    6.46072    10.0110    24.1797   11.68169 3.0912e+02 0.0000e+00
        117 226.600984    0.00806     0.4833     29.000      0.777  49395.444    31.4317    10.0069      0.769    6.45989    10.0080    24.1658   11.68051 3.0920e+02 0.0000e+00
        118 226.600987    0.00813     0.4875     29.250      0.767  49384.606    31.4246    10.0110      0.759    6.45960    10.0004    24.1596   11.68012 3.0874e+02 0.0000e+00
        119 226.600990    0.00819     0.4917     29.500      0.763  49391.834    31.4293    10.0081      0.755    6.45982     9.9941    24.1638   11.68042 3.0830e+02 0.0000e+00
        120 226.600992    0.00826     0.4958     29.750      0.764  49413.143    31.4434    10.0005      0.756    6.46031     9.9946    24.1760   11.68106 3.0868e+02 0.0000e+00
        121 226.600995    0.00833     0.5000     30.000      0.766  49434.888    31.4579     9.9942      0.759    6.46061    10.0032    24.1884   11.68138 3.0923e+02 0.0000e+00
        122 226.600998    0.00840     0.5042     30.250      0.767  49442.698    31.4635     9.9947      0.760    6.46030    10.0153    24.1927   11.68081 3.0830e+02 0.0000e+00
        123 226.601001    0.00847     0.5083     30.500      0.766  49431.498    31.4567    10.0032      0.758    6.45937    10.0252    24.1859   11.67935 3.0723e+02 0.0000e+00
        124 226.601004    0.00854     0.5125     30.750      0.762  49408.483    31.4420    10.0154      0.755    6.45826    10.0291    24.1725   11.67769 3.0754e+02 0.0000e+00
        125 226.601007    0.00861     0.5167     31.000      0.761  49387.996    31.4287    10.0253      0.753    6.45742    10.0273    24.1606   11.67646 3.0754e+02 0.0000e+00
        126 226.601010    0.00868     0.5208     31.250      0.762  49381.718    31.4248    10.0292      0.755    6.45703    10.0232    24.1569   11.67585 3.0657e+02 0.0000e+00
        127 226.601013    0.00875     0.5250     31.500      0.767  49391.537    31.4315    10.0273      0.760    6.45701    10.0214    24.1624   11.67575 3.0566e+02 0.0000e+00
        128 226.601016    0.00882     0.5292     31.750      0.771  49409.002    31.4433    10.0232      0.764    6.45710    10.0244    24.1723   11.67575 3.0523e+02 0.0000e+00
        129 226.601019    0.00889     0.5333     32.000      0.774  49422.295    31.4525    10.0214      0.767    6.45698    10.0317    24.1797   11.67544 3.0553e+02 0.0000e+00
        130 226.601021    0.00896     0.5375     32.250      0.773  49424.012    31.4541    10.0245      0.766    6.45648    10.0399    24.1805   11.67459 3.0684e+02 0.0000e+00
        131 226.601024    0.00903     0.5417     32.500      0.771  49413.645    31.4477    10.0318      0.764    6.45571    10.0455    24.1743   11.67340 3.0879e+02 0.0000e+00
        132 226.601027    0.00910     0.5458     32.750      0.767  49396.871    31.4369    10.0400      0.760    6.45501    10.0470    24.1645   11.67236 3.0921e+02 0.0000e+00
        133 226.601030    0.00917     0.5500     33.000      0.765  49382.372    31.4274    10.0455      0.758    6.45462    10.0454    24.1562   11.67183 3.0792e+02 0.0000e+00
        134 226.601033    0.00924     0.5542     33.250      0.767  49377.304    31.4240    10.0471      0.760    6.45454    10.0435    24.1533   11.67174 3.0741e+02 0.0000e+00
        135 226.601036    0.00931     0.5583     33.500      0.772  49383.580    31.4282    10.0455      0.765    6.45459    10.0447    24.1568   11.67177 3.0734e+02 0.0000e+00
        136 226.601039    0.00937     0.5625     33.750      0.779  49395.150    31.4362    10.0436      0.772    6.45453    10.0511    24.1633   11.67157 3.0706e+02 0.0000e+00
        137 226.601042    0.00944     0.5667     34.000      0.783  49401.172    31.4406    10.0448      0.776    6.45418    10.0614    24.1666   11.67094 3.0746e+02 0.0000e+00
        138 226.601045    0.00951     0.5708     34.250      0.783  49394.561    31.4367    10.0512      0.776    6.45344    10.0716    24.1625   11.66975 3.0777e+02 0.0000e+00
        139 226.601047    0.00958     0.5750     34.500      0.779  49376.878    31.4255    10.0615      0.772    6.45245    10.0785    24.1521   11.66825 3.0654e+02 0.0000e+00
        140 226.601050    0.00965     0.5792     34.750      0.773  49356.952    31.4127    10.0717      0.766    6.45154    10.0811    24.1404   11.66689 3.0492e+02 0.0000e+00
        141 226.601053    0.00972     0.5833     35.000      0.768  49344.638    31.4049    10.0785      0.761    6.45089    10.0809    24.1332   11.66592 3.0522e+02 0.0000e+00
        142 226.601056    0.00979     0.5875     35.250      0.765  49344.072    31.4048    10.0812      0.758    6.45053    10.0806    24.1327   11.66532 3.0713e+02 0.0000e+00
        143 226.601059    0.00986     0.5917     35.500      0.763  49351.109    31.4098    10.0810      0.756    6.45035    10.0818    24.1366   11.66496 3.0856e+02 0.0000e+00
        144 226.601062    0.00993     0.5958     35.750      0.762  49356.957    31.4139    10.0807      0.755    6.45022    10.0842    24.1398   11.66471 3.0844e+02 0.0000e+00
        145 226.601065    0.01000     0.6000     36.000      0.763  49355.850    31.4132    10.0819      0.756    6.45007    10.0855    24.1391   11.66447 3.0778e+02 0.0000e+00
        146 226.601068    0.01007     0.6042     36.250      0.768  49349.617    31.4091    10.0843      0.761    6.44991    10.0848    24.1355   11.66425 3.0693e+02 0.0000e+00
        147 226.601071    0.01014     0.6083     36.500      0.777  49345.958    31.4067    10.0856      0.770    6.44982    10.0835    24.1334   11.66413 3.0537e+02 0.0000e+00
        148 226.601073    0.01021     0.6125     36.750      0.788  49350.401    31.4097    10.0849      0.780    6.44980    10.0840    24.1359   11.66406 3.0428e+02 0.0000e+00
        149 226.601076    0.01028     0.6167     37.000      0.794  49359.662    31.4161    10.0836      0.787    6.44973    10.0874    24.1411   11.66386 3.0447e+02 0.0000e+00
        150 226.601079    0.01035     0.6208     37.250      0.794  49364.667    31.4197    10.0841      0.787    6.44951    10.0915    24.1439   11.66346 3.0567e+02 0.0000e+00
        151 226.601082    0.01042     0.6250     37.500      0.788  49359.205    31.4163    10.0875      0.780    6.44917    10.0922    24.1406   11.66294 3.0688e+02 0.0000e+00
        152 226.601085    0.01049     0.6292     37.750      0.781  49346.041    31.4075    10.0916      0.773    6.44895    10.0860    24.1331   11.66268 3.0688e+02 0.0000e+00
        153 226.601088    0.01056     0.6333     38.000      0.780  49335.175    31.3999    10.0923      0.772    6.44917    10.0731    24.1271   11.66313 3.0546e+02 0.0000e+00
        154 226.601091    0.01063     0.6375     38.250      0.788  49336.853    31.4003    10.0861      0.781    6.45002    10.0584    24.1284   11.66454 3.0313e+02 0.0000e+00
        155 226.601094    0.01069     0.6417     38.500      0.805  49355.674    31.4120    10.0732      0.797    6.45137    10.0492    24.1396   11.66662 3.0123e+02 0.0000e+00
        156 226.601097    0.01076     0.6458     38.750      0.822  49384.059    31.4302    10.0585      0.814    6.45268    10.0497    24.1562   11.66858 3.0017e+02 0.0000e+00
        157 226.601100    0.01083     0.6500     39.000      0.834  49403.891    31.4430    10.0493      0.827    6.45344    10.0570    24.1678   11.66968 2.9885e+02 0.0000e+00
        158 226.601102    0.01090     0.6542     39.250      0.838  49402.479    31.4421    10.0498      0.831    6.45341    10.0642    24.1670   11.66966 2.9729e+02 0.0000e+00
        159 226.601105    0.01097     0.6583     39.500      0.837  49384.055    31.4300    10.0571      0.830    6.45288    10.0658    24.1564   11.66892 2.9692e+02 0.0000e+00
        160 226.601108    0.01104     0.6625     39.750      0.836  49364.885    31.4174    10.0643      0.829    6.45239    10.0610    24.1453   11.66826 2.9773e+02 0.0000e+00
        161 226.601111    0.01111     0.6667     40.000      0.839  49358.859    31.4133    10.0659      0.832    6.45234    10.0532    24.1419   11.66822 2.9757e+02 0.0000e+00
        162 226.601114    0.01118     0.6708     40.250      0.847  49369.458    31.4202    10.0611      0.840    6.45274    10.0478    24.1481   11.66879 2.9660e+02 0.0000e+00
        163 226.601117    0.01125     0.6750     40.500      0.858  49390.038    31.4337    10.0533      0.850    6.45327    10.0487    24.1599   11.66952 2.9622e+02 0.0000e+00
        164 226.601120    0.01132     0.6792     40.750      0.868  49407.980    31.4457    10.0479      0.860    6.45354    10.0564    24.1701   11.66982 2.9567e+02 0.0000e+00
        165 226.601123    0.01139     0.6833     41.000      0.874  49412.743    31.4492    10.0488      0.866    6.45327    10.0671    24.1727   11.66933 2.9523e+02 0.0000e+00
        166 226.601126    0.01146     0.6875     41.250      0.875  49401.236    31.4420    10.0565      0.867    6.45248    10.0760    24.1658   11.66811 2.9629e+02 0.0000e+00
        167 226.601128    0.01153     0.6917     41.500      0.871  49379.310    31.4279    10.0672      0.863    6.45154    10.0800    24.1531   11.66672 2.9792e+02 0.0000e+00
        168 226.601131    0.01160     0.6958     41.750      0.866  49358.055    31.4140    10.0761      0.858    6.45086    10.0790    24.1408   11.66577 2.9828e+02 0.0000e+00
        169 226.601134    0.01167     0.7000     42.000      0.865  49346.605    31.4064    10.0801      0.857    6.45062    10.0756    24.1342   11.66545 2.9702e+02 0.0000e+00
        170 226.601137    0.01174     0.7042     42.250      0.868  49348.414    31.4076    10.0791      0.860    6.45070    10.0727    24.1352   11.66557 2.9581e+02 0.0000e+00
        171 226.601140    0.01181     0.7083     42.500      0.874  49360.068    31.4154    10.0757      0.866    6.45087    10.0731    24.1419   11.66576 2.9603e+02 0.0000e+00
        172 226.601143    0.01188     0.7125     42.750      0.879  49372.896    31.4241    10.0728      0.871    6.45091    10.0778    24.1491   11.66573 2.9641e+02 0.0000e+00
        173 226.601146    0.01194     0.7167     43.000      0.879  49377.856    31.4277    10.0732      0.871    6.45071    10.0844    24.1518   11.66534 2.9580e+02 0.0000e+00
        174 226.601149    0.01201     0.7208     43.250      0.873  49370.036    31.4227    10.0779      0.865    6.45025    10.0887    24.1472   11.66464 2.9490e+02 0.0000e+00
        175 226.601152    0.01208     0.7250     43.500      0.863  49352.470    31.4111    10.0845      0.855    6.44980    10.0875    24.1371   11.66403 2.9496e+02 0.0000e+00
        176 226.601155    0.01215     0.7292     43.750      0.855  49335.120    31.3994    10.0888      0.847    6.44967    10.0792    24.1272   11.66397 2.9566e+02 0.0000e+00
        177 226.601157    0.01222     0.7333     44.000      0.854  49328.097    31.3943    10.0876      0.846    6.45006    10.0660    24.1235   11.66468 2.9529e+02 0.0000e+00
        178 226.601160    0.01229     0.7375     44.250      0.862  49337.385    31.3998    10.0793      0.854    6.45099    10.0533    24.1291   11.66615 2.9432e+02 0.0000e+00
        179 226.601163    0.01236     0.7417     44.500      0.875  49361.633    31.4153    10.0661      0.867    6.45222    10.0466    24.1433   11.66799 2.9436e+02 0.0000e+00
        180 226.601166    0.01243     0.7458     44.750      0.887  49389.473    31.4333    10.0534      0.879    6.45327    10.0484    24.1595   11.66952 2.9448e+02 0.0000e+00
