CTD-processing/allCTD/CNV--turbid/2015_11-04_t3_s07_cast009.cnv
* Sea-Bird SBE19plus Data File:
* FileName = C:\Users\Kris.Holderied\Documents\kasitsna\Research-KBL\Oceanography-AK\CTD-Data-ALL-to-2015-10\2015-CTD-KachemakBay-CookInlet\2015-11-EVOSTC-CookInlet-quarterly\2015-11-04-CookInlet-Tran3-AnchorPt\2015-11-04-CookInlet-Tran3-cast009.hex
* Software Version 1.59
* Temperature SN =  5028
* Conductivity SN =  5028
* System UpLoad Time = Nov 04 2015 13:58:23
** Cook Inlet LTM Tran3 Anchor Pt  Northwest to Southeast

** Date: 11-04
** Station: 3-07
** Start time (AKST): 05:55
** Depth (m): 108
** Comment: M/V Ursus.
** Comment:
# nquan = 16
# nvalues = 1150                        
# units = specified
# name 0 = scan: Scan Count
# name 1 = timeJ: Julian Days
# name 2 = timeH: Time, Elapsed [hours]
# name 3 = timeM: Time, Elapsed [minutes]
# name 4 = timeS: Time, Elapsed [seconds]
# name 5 = prdM: Pressure, Strain Gauge [db]
# name 6 = specc: Specific Conductance [uS/cm]
# name 7 = sal00: Salinity, Practical [PSU]
# name 8 = tv290C: Temperature [ITS-90, deg C]
# name 9 = depSM: Depth [salt water, m], lat = 59.00
# name 10 = oxsolML/L: Oxygen Saturation, Garcia & Gordon [ml/l]
# name 11 = potemp090C: Potential Temperature [ITS-90, deg C]
# name 12 = sigma-é00: Density [sigma-theta, kg/m^3]
# name 13 = n2satML/L: Nitrogen Saturation [ml/l]
# name 14 = par: PAR/Irradiance, Biospherical/Licor
# name 15 = flag:  0.000e+00
# span 0 =          1,       1150       
# span 1 = 308.246088, 308.249413       
# span 2 =    0.00000,    0.07979       
# span 3 =     0.0000,     4.7875       
# span 4 =      0.000,    287.250       
# span 5 =     -0.048,    108.816       
# span 6 =     98.020,  48164.253       
# span 7 =     0.0435,    30.3755       
# span 8 =     4.5337,     8.9081       
# span 9 =     -0.048,    107.770       
# span 10 =    6.66391,    9.04217      
# span 11 =     4.5337,     8.8972      
# span 12 =     0.0076,    23.5148      
# span 13 =   12.03119,   16.43264      
# span 14 = 3.7976e-02, 1.6861e+00      
# span 15 = 0.0000e+00, 0.0000e+00      
# interval = seconds: 0.25
# start_time = Nov 04 2015 05:54:22 [Instrument's time stamp, header]
# bad_flag = -9.990e-29
*END*
[from data line 904]
        905 308.248704    0.06278     3.7667    226.000     80.241  48080.160    30.3254     8.8842     79.475    6.66965     8.8761    23.4787   12.04131 3.7977e-02 0.0000e+00
        906 308.248707    0.06285     3.7708    226.250     80.341  48080.055    30.3253     8.8841     79.575    6.66965     8.8759    23.4786   12.04132 3.7977e-02 0.0000e+00
        907 308.248709    0.06292     3.7750    226.500     80.416  48079.837    30.3251     8.8841     79.649    6.66967     8.8757    23.4785   12.04135 3.7977e-02 0.0000e+00
        908 308.248712    0.06299     3.7792    226.750     80.470  48079.765    30.3250     8.8840     79.702    6.66969     8.8755    23.4784   12.04138 3.7977e-02 0.0000e+00
        909 308.248715    0.06306     3.7833    227.000     80.510  48079.921    30.3251     8.8838     79.741    6.66972     8.8754    23.4785   12.04142 3.7977e-02 0.0000e+00
        910 308.248718    0.06313     3.7875    227.250     80.544  48080.252    30.3253     8.8836     79.776    6.66974     8.8754    23.4786   12.04146 3.7978e-02 0.0000e+00
        911 308.248721    0.06319     3.7917    227.500     80.584  48080.648    30.3255     8.8834     79.816    6.66975     8.8755    23.4788   12.04148 3.7979e-02 0.0000e+00
        912 308.248724    0.06326     3.7958    227.750     80.641  48081.039    30.3258     8.8834     79.872    6.66974     8.8758    23.4790   12.04146 3.7980e-02 0.0000e+00
        913 308.248727    0.06333     3.8000    228.000     80.723  48081.379    30.3260     8.8836     79.953    6.66971     8.8762    23.4792   12.04140 3.7979e-02 0.0000e+00
        914 308.248730    0.06340     3.8042    228.250     80.838  48081.695    30.3262     8.8839     80.067    6.66965     8.8769    23.4793   12.04131 3.7978e-02 0.0000e+00
        915 308.248733    0.06347     3.8083    228.500     80.986  48082.179    30.3265     8.8843     80.214    6.66957     8.8777    23.4795   12.04117 3.7977e-02 0.0000e+00
        916 308.248736    0.06354     3.8125    228.750     81.168  48082.731    30.3269     8.8850     80.394    6.66946     8.8785    23.4797   12.04097 3.7977e-02 0.0000e+00
        917 308.248738    0.06361     3.8167    229.000     81.378  48082.776    30.3269     8.8858     80.602    6.66933     8.8792    23.4796   12.04076 3.7976e-02 0.0000e+00
        918 308.248741    0.06368     3.8208    229.250     81.607  48082.106    30.3265     8.8867     80.828    6.66922     8.8797    23.4792   12.04058 3.7976e-02 0.0000e+00
        919 308.248744    0.06375     3.8250    229.500     81.846  48081.089    30.3258     8.8875     81.065    6.66914     8.8800    23.4785   12.04045 3.7976e-02 0.0000e+00
        920 308.248747    0.06382     3.8292    229.750     82.082  48080.126    30.3251     8.8880     81.299    6.66909     8.8801    23.4779   12.04039 3.7976e-02 0.0000e+00
        921 308.248750    0.06389     3.8333    230.000     82.305  48079.439    30.3246     8.8882     81.519    6.66907     8.8801    23.4774   12.04037 3.7976e-02 0.0000e+00
        922 308.248753    0.06396     3.8375    230.250     82.504  48079.090    30.3243     8.8884     81.716    6.66907     8.8801    23.4772   12.04036 3.7976e-02 0.0000e+00
        923 308.248756    0.06403     3.8417    230.500     82.672  48078.986    30.3241     8.8884     81.883    6.66907     8.8801    23.4771   12.04036 3.7976e-02 0.0000e+00
        924 308.248759    0.06410     3.8458    230.750     82.807  48078.959    30.3241     8.8884     82.016    6.66908     8.8800    23.4770   12.04037 3.7976e-02 0.0000e+00
        925 308.248762    0.06417     3.8500    231.000     82.908  48078.901    30.3240     8.8884     82.116    6.66909     8.8798    23.4769   12.04039 3.7976e-02 0.0000e+00
        926 308.248764    0.06424     3.8542    231.250     82.980  48078.815    30.3238     8.8883     82.187    6.66910     8.8796    23.4769   12.04042 3.7976e-02 0.0000e+00
        927 308.248767    0.06431     3.8583    231.500     83.027  48078.785    30.3238     8.8881     82.234    6.66913     8.8794    23.4768   12.04046 3.7977e-02 0.0000e+00
        928 308.248770    0.06438     3.8625    231.750     83.060  48078.893    30.3238     8.8879     82.267    6.66916     8.8792    23.4769   12.04051 3.7977e-02 0.0000e+00
        929 308.248773    0.06444     3.8667    232.000     83.089  48079.154    30.3240     8.8877     82.295    6.66918     8.8792    23.4770   12.04054 3.7978e-02 0.0000e+00
        930 308.248776    0.06451     3.8708    232.250     83.125  48079.533    30.3242     8.8876     82.331    6.66919     8.8793    23.4772   12.04056 3.7979e-02 0.0000e+00
        931 308.248779    0.06458     3.8750    232.500     83.178  48079.940    30.3244     8.8875     82.384    6.66918     8.8795    23.4774   12.04054 3.7980e-02 0.0000e+00
        932 308.248782    0.06465     3.8792    232.750     83.255  48080.316    30.3247     8.8876     82.459    6.66916     8.8797    23.4776   12.04050 3.7983e-02 0.0000e+00
        933 308.248785    0.06472     3.8833    233.000     83.359  48080.647    30.3249     8.8878     82.562    6.66912     8.8800    23.4778   12.04043 3.7988e-02 0.0000e+00
        934 308.248788    0.06479     3.8875    233.250     83.491  48080.848    30.3250     8.8881     82.693    6.66907     8.8802    23.4778   12.04036 3.7996e-02 0.0000e+00
        935 308.248791    0.06486     3.8917    233.500     83.649  48080.895    30.3250     8.8884     82.850    6.66903     8.8804    23.4778   12.04029 3.8010e-02 0.0000e+00
        936 308.248793    0.06493     3.8958    233.750     83.827  48080.952    30.3250     8.8886     83.026    6.66900     8.8805    23.4778   12.04024 3.8032e-02 0.0000e+00
        937 308.248796    0.06500     3.9000    234.000     84.017  48081.224    30.3252     8.8888     83.215    6.66897     8.8807    23.4778   12.04018 3.8070e-02 0.0000e+00
        938 308.248799    0.06507     3.9042    234.250     84.214  48081.688    30.3254     8.8889     83.409    6.66894     8.8809    23.4780   12.04012 3.8132e-02 0.0000e+00
        939 308.248802    0.06514     3.9083    234.500     84.409  48082.025    30.3256     8.8891     83.603    6.66890     8.8810    23.4781   12.04006 3.8237e-02 0.0000e+00
        940 308.248805    0.06521     3.9125    234.750     84.597  48082.120    30.3256     8.8893     83.789    6.66887     8.8811    23.4781   12.04001 3.8317e-02 0.0000e+00
        941 308.248808    0.06528     3.9167    235.000     84.774  48082.193    30.3256     8.8895     83.964    6.66885     8.8811    23.4781   12.03997 3.8276e-02 0.0000e+00
        942 308.248811    0.06535     3.9208    235.250     84.938  48082.243    30.3256     8.8896     84.126    6.66883     8.8811    23.4781   12.03994 3.8173e-02 0.0000e+00
        943 308.248814    0.06542     3.9250    235.500     85.086  48081.988    30.3254     8.8897     84.273    6.66883     8.8810    23.4779   12.03994 3.8095e-02 0.0000e+00
        944 308.248817    0.06549     3.9292    235.750     85.218  48081.281    30.3249     8.8897     84.404    6.66885     8.8808    23.4774   12.03998 3.8048e-02 0.0000e+00
        945 308.248819    0.06556     3.9333    236.000     85.337  48080.449    30.3242     8.8896     84.522    6.66889     8.8805    23.4770   12.04006 3.8020e-02 0.0000e+00
        946 308.248822    0.06563     3.9375    236.250     85.444  48080.055    30.3238     8.8893     84.628    6.66894     8.8804    23.4767   12.04015 3.8004e-02 0.0000e+00
        947 308.248825    0.06569     3.9417    236.500     85.544  48080.249    30.3239     8.8891     84.726    6.66897     8.8803    23.4768   12.04020 3.7996e-02 0.0000e+00
        948 308.248828    0.06576     3.9458    236.750     85.639  48080.855    30.3243     8.8889     84.820    6.66898     8.8804    23.4771   12.04021 3.7991e-02 0.0000e+00
        949 308.248831    0.06583     3.9500    237.000     85.732  48081.658    30.3248     8.8889     84.913    6.66896     8.8806    23.4776   12.04018 3.7988e-02 0.0000e+00
        950 308.248834    0.06590     3.9542    237.250     85.826  48082.460    30.3253     8.8890     85.006    6.66893     8.8809    23.4780   12.04011 3.7985e-02 0.0000e+00
        951 308.248837    0.06597     3.9583    237.500     85.923  48083.442    30.3260     8.8892     85.102    6.66887     8.8813    23.4785   12.04001 3.7983e-02 0.0000e+00
        952 308.248840    0.06604     3.9625    237.750     86.022  48084.979    30.3270     8.8895     85.200    6.66878     8.8818    23.4793   12.03985 3.7983e-02 0.0000e+00
        953 308.248843    0.06611     3.9667    238.000     86.123  48086.643    30.3282     8.8899     85.301    6.66867     8.8824    23.4801   12.03965 3.7981e-02 0.0000e+00
        954 308.248845    0.06618     3.9708    238.250     86.227  48087.505    30.3289     8.8905     85.403    6.66856     8.8830    23.4805   12.03945 3.7980e-02 0.0000e+00
        955 308.248848    0.06625     3.9750    238.500     86.332  48087.499    30.3289     8.8911     85.507    6.66846     8.8834    23.4805   12.03929 3.7980e-02 0.0000e+00
        956 308.248851    0.06632     3.9792    238.750     86.440  48087.184    30.3287     8.8917     85.614    6.66839     8.8837    23.4802   12.03917 3.7982e-02 0.0000e+00
        957 308.248854    0.06639     3.9833    239.000     86.550  48086.863    30.3285     8.8921     85.722    6.66833     8.8839    23.4800   12.03909 3.7985e-02 0.0000e+00
        958 308.248857    0.06646     3.9875    239.250     86.662  48086.640    30.3284     8.8924     85.834    6.66830     8.8840    23.4799   12.03903 3.7990e-02 0.0000e+00
        959 308.248860    0.06653     3.9917    239.500     86.780  48086.552    30.3283     8.8926     85.950    6.66827     8.8841    23.4798   12.03899 3.7998e-02 0.0000e+00
        960 308.248863    0.06660     3.9958    239.750     86.903  48086.669    30.3283     8.8927     86.072    6.66825     8.8842    23.4798   12.03896 3.8010e-02 0.0000e+00
        961 308.248866    0.06667     4.0000    240.000     87.034  48087.149    30.3286     8.8928     86.201    6.66822     8.8844    23.4800   12.03891 3.8020e-02 0.0000e+00
        962 308.248869    0.06674     4.0042    240.250     87.171  48087.882    30.3291     8.8929     86.337    6.66818     8.8845    23.4803   12.03883 3.8023e-02 0.0000e+00
        963 308.248872    0.06681     4.0083    240.500     87.314  48088.380    30.3294     8.8931     86.479    6.66814     8.8846    23.4806   12.03876 3.8024e-02 0.0000e+00
        964 308.248874    0.06688     4.0125    240.750     87.461  48088.441    30.3294     8.8933     86.625    6.66811     8.8847    23.4806   12.03871 3.8031e-02 0.0000e+00
        965 308.248877    0.06694     4.0167    241.000     87.611  48088.505    30.3294     8.8934     86.774    6.66809     8.8848    23.4805   12.03868 3.8043e-02 0.0000e+00
        966 308.248880    0.06701     4.0208    241.250     87.763  48089.244    30.3298     8.8935     86.925    6.66806     8.8850    23.4809   12.03862 3.8060e-02 0.0000e+00
        967 308.248883    0.06708     4.0250    241.500     87.915  48091.208    30.3312     8.8936     87.075    6.66799     8.8855    23.4819   12.03849 3.8080e-02 0.0000e+00
        968 308.248886    0.06715     4.0292    241.750     88.064  48094.147    30.3332     8.8939     87.223    6.66787     8.8862    23.4835   12.03826 3.8093e-02 0.0000e+00
        969 308.248889    0.06722     4.0333    242.000     88.210  48096.956    30.3351     8.8944     87.367    6.66771     8.8868    23.4849   12.03797 3.8086e-02 0.0000e+00
        970 308.248892    0.06729     4.0375    242.250     88.350  48098.949    30.3366     8.8950     87.506    6.66754     8.8873    23.4859   12.03768 3.8063e-02 0.0000e+00
        971 308.248895    0.06736     4.0417    242.500     88.485  48100.251    30.3375     8.8957     87.639    6.66740     8.8877    23.4866   12.03744 3.8037e-02 0.0000e+00
        972 308.248898    0.06743     4.0458    242.750     88.614  48101.062    30.3381     8.8962     87.767    6.66730     8.8878    23.4869   12.03726 3.8019e-02 0.0000e+00
        973 308.248900    0.06750     4.0500    243.000     88.739  48101.363    30.3383     8.8966     87.890    6.66724     8.8879    23.4870   12.03715 3.8012e-02 0.0000e+00
        974 308.248903    0.06757     4.0542    243.250     88.858  48101.368    30.3383     8.8968     88.008    6.66721     8.8878    23.4870   12.03711 3.8007e-02 0.0000e+00
        975 308.248906    0.06764     4.0583    243.500     88.971  48101.483    30.3383     8.8968     88.121    6.66720     8.8878    23.4870   12.03709 3.8002e-02 0.0000e+00
        976 308.248909    0.06771     4.0625    243.750     89.078  48101.693    30.3384     8.8968     88.227    6.66720     8.8878    23.4871   12.03709 3.7999e-02 0.0000e+00
        977 308.248912    0.06778     4.0667    244.000     89.179  48101.754    30.3384     8.8968     88.327    6.66720     8.8877    23.4871   12.03710 3.8002e-02 0.0000e+00
        978 308.248915    0.06785     4.0708    244.250     89.273  48101.665    30.3383     8.8967     88.420    6.66722     8.8876    23.4871   12.03712 3.8008e-02 0.0000e+00
        979 308.248918    0.06792     4.0750    244.500     89.361  48101.461    30.3381     8.8966     88.507    6.66724     8.8875    23.4869   12.03715 3.8007e-02 0.0000e+00
        980 308.248921    0.06799     4.0792    244.750     89.442  48101.130    30.3379     8.8966     88.587    6.66726     8.8874    23.4867   12.03720 3.7999e-02 0.0000e+00
        981 308.248924    0.06806     4.0833    245.000     89.519  48100.778    30.3376     8.8965     88.663    6.66729     8.8874    23.4865   12.03724 3.7990e-02 0.0000e+00
        982 308.248927    0.06813     4.0875    245.250     89.595  48100.553    30.3374     8.8964     88.738    6.66731     8.8873    23.4864   12.03728 3.7984e-02 0.0000e+00
        983 308.248929    0.06819     4.0917    245.500     89.674  48100.527    30.3373     8.8963     88.816    6.66732     8.8873    23.4863   12.03730 3.7981e-02 0.0000e+00
        984 308.248932    0.06826     4.0958    245.750     89.761  48100.694    30.3374     8.8963     88.903    6.66732     8.8873    23.4864   12.03731 3.7979e-02 0.0000e+00
        985 308.248935    0.06833     4.1000    246.000     89.861  48101.037    30.3376     8.8963     89.002    6.66732     8.8873    23.4865   12.03729 3.7978e-02 0.0000e+00
        986 308.248938    0.06840     4.1042    246.250     89.978  48101.611    30.3379     8.8963     89.117    6.66730     8.8874    23.4868   12.03725 3.7977e-02 0.0000e+00
        987 308.248941    0.06847     4.1083    246.500     90.113  48102.348    30.3384     8.8964     89.251    6.66727     8.8875    23.4871   12.03720 3.7977e-02 0.0000e+00
        988 308.248944    0.06854     4.1125    246.750     90.267  48102.901    30.3387     8.8965     89.403    6.66724     8.8876    23.4874   12.03715 3.7976e-02 0.0000e+00
        989 308.248947    0.06861     4.1167    247.000     90.438  48103.034    30.3388     8.8966     89.573    6.66722     8.8876    23.4874   12.03712 3.7976e-02 0.0000e+00
        990 308.248950    0.06868     4.1208    247.250     90.621  48102.865    30.3386     8.8966     89.754    6.66722     8.8875    23.4873   12.03712 3.7976e-02 0.0000e+00
        991 308.248953    0.06875     4.1250    247.500     90.810  48102.591    30.3383     8.8967     89.942    6.66722     8.8875    23.4871   12.03713 3.7976e-02 0.0000e+00
        992 308.248955    0.06882     4.1292    247.750     90.998  48102.352    30.3381     8.8966     90.127    6.66723     8.8874    23.4869   12.03715 3.7976e-02 0.0000e+00
        993 308.248958    0.06889     4.1333    248.000     91.176  48102.296    30.3379     8.8966     90.304    6.66724     8.8874    23.4868   12.03717 3.7976e-02 0.0000e+00
        994 308.248961    0.06896     4.1375    248.250     91.340  48102.492    30.3380     8.8966     90.466    6.66724     8.8874    23.4868   12.03717 3.7976e-02 0.0000e+00
