CTD-processing/allCTD/CNV--turbid/2015_11-04_t4_s01_cast029.cnv
* Sea-Bird SBE19plus Data File:
* FileName = C:\Users\Kris.Holderied\Documents\kasitsna\Research-KBL\Oceanography-AK\CTD-Data-ALL-to-2015-10\2015-CTD-KachemakBay-CookInlet\2015-11-EVOSTC-CookInlet-quarterly\2015-11-04-CookInlet-Tran4-Barabara\2015-11-04-CookInlet-Tran4-cast029.hex
* Software Version 1.59
* Temperature SN =  5028
* Conductivity SN =  5028
* System UpLoad Time = Nov 04 2015 19:15:28
** Cook Inlet LTM Tran4 Barabara North to South

** Date: 11-04
** Station: 4-01
** Start time (AKST): 18:51
** Depth (m): 16.8
** Comment: M/V Ursus.
** Comment:
# nquan = 16
# nvalues = 434                         
# units = specified
# name 0 = scan: Scan Count
# name 1 = timeJ: Julian Days
# name 2 = timeH: Time, Elapsed [hours]
# name 3 = timeM: Time, Elapsed [minutes]
# name 4 = timeS: Time, Elapsed [seconds]
# name 5 = prdM: Pressure, Strain Gauge [db]
# name 6 = specc: Specific Conductance [uS/cm]
# name 7 = sal00: Salinity, Practical [PSU]
# name 8 = tv290C: Temperature [ITS-90, deg C]
# name 9 = depSM: Depth [salt water, m], lat = 59.00
# name 10 = oxsolML/L: Oxygen Saturation, Garcia & Gordon [ml/l]
# name 11 = potemp090C: Potential Temperature [ITS-90, deg C]
# name 12 = sigma-é00: Density [sigma-theta, kg/m^3]
# name 13 = n2satML/L: Nitrogen Saturation [ml/l]
# name 14 = par: PAR/Irradiance, Biospherical/Licor
# name 15 = flag:  0.000e+00
# span 0 =          1,        434       
# span 1 = 308.786030, 308.787283       
# span 2 =    0.00000,    0.03007       
# span 3 =     0.0000,     1.8042       
# span 4 =      0.000,    108.250       
# span 5 =     -0.086,     15.748       
# span 6 =    272.853,  48456.830       
# span 7 =     0.1250,    30.6054       
# span 8 =     5.7543,     8.8074       
# span 9 =     -0.085,     15.600       
# span 10 =    6.66901,    8.75650      
# span 11 =     5.7543,     8.8059      
# span 12 =     0.0503,    23.7082      
# span 13 =   12.03682,   15.95146      
# span 14 = 3.7976e-02, 3.2605e+00      
# span 15 = 0.0000e+00, 0.0000e+00      
# interval = seconds: 0.25
# start_time = Nov 04 2015 18:51:53 [Instrument's time stamp, header]
# bad_flag = -9.990e-29
*END*
[from data line 272]
        273 308.786817    0.01889     1.1333     68.000      1.118  47477.453    29.7174     7.3738      1.107    6.92968     7.4613    23.2124   12.47942 4.0280e-02 0.0000e+00
        274 308.786820    0.01896     1.1375     68.250      1.121  47558.676    29.7791     7.4092      1.111    6.92125     7.5250    23.2562   12.46470 4.0474e-02 0.0000e+00
        275 308.786823    0.01903     1.1417     68.500      1.126  47615.870    29.8268     7.4614      1.116    6.91080     7.5872    23.2867   12.44680 4.0790e-02 0.0000e+00
        276 308.786826    0.01910     1.1458     68.750      1.131  47624.117    29.8424     7.5251      1.120    6.89999     7.6383    23.2905   12.42870 4.1042e-02 0.0000e+00
        277 308.786829    0.01917     1.1500     69.000      1.133  47599.634    29.8351     7.5873      1.123    6.89046     7.6754    23.2765   12.41301 4.1120e-02 0.0000e+00
        278 308.786832    0.01924     1.1542     69.250      1.134  47564.999    29.8190     7.6384      1.123    6.88312     7.7000    23.2570   12.40105 4.1108e-02 0.0000e+00
        279 308.786834    0.01931     1.1583     69.500      1.132  47532.370    29.8021     7.6755      1.121    6.87801     7.7156    23.2388   12.39282 4.1100e-02 0.0000e+00
        280 308.786837    0.01938     1.1625     69.750      1.130  47509.756    29.7902     7.7001      1.119    6.87466     7.7261    23.2262   12.38742 4.1087e-02 0.0000e+00
        281 308.786840    0.01944     1.1667     70.000      1.127  47499.060    29.7852     7.7157      1.116    6.87242     7.7342    23.2202   12.38378 4.1056e-02 0.0000e+00
        282 308.786843    0.01951     1.1708     70.250      1.126  47496.948    29.7853     7.7262      1.115    6.87076     7.7417    23.2189   12.38102 4.1119e-02 0.0000e+00
        283 308.786846    0.01958     1.1750     70.500      1.125  47499.983    29.7887     7.7343      1.114    6.86933     7.7490    23.2204   12.37860 4.1440e-02 0.0000e+00
        284 308.786849    0.01965     1.1792     70.750      1.125  47503.673    29.7924     7.7418      1.114    6.86798     7.7556    23.2223   12.37633 4.1878e-02 0.0000e+00
        285 308.786852    0.01972     1.1833     71.000      1.126  47504.458    29.7940     7.7491      1.115    6.86676     7.7609    23.2227   12.37429 4.2057e-02 0.0000e+00
        286 308.786855    0.01979     1.1875     71.250      1.126  47503.025    29.7940     7.7557      1.115    6.86573     7.7650    23.2218   12.37259 4.1874e-02 0.0000e+00
        287 308.786858    0.01986     1.1917     71.500      1.127  47502.322    29.7944     7.7610      1.116    6.86489     7.7686    23.2213   12.37118 4.1542e-02 0.0000e+00
        288 308.786861    0.01993     1.1958     71.750      1.128  47504.017    29.7962     7.7651      1.118    6.86416     7.7720    23.2221   12.36995 4.1324e-02 0.0000e+00
        289 308.786863    0.02000     1.2000     72.000      1.130  47505.671    29.7979     7.7687      1.120    6.86352     7.7750    23.2230   12.36887 4.1311e-02 0.0000e+00
        290 308.786866    0.02007     1.2042     72.250      1.132  47506.398    29.7989     7.7721      1.121    6.86295     7.7781    23.2233   12.36792 4.1428e-02 0.0000e+00
        291 308.786869    0.02014     1.2083     72.500      1.133  47508.810    29.8010     7.7751      1.122    6.86237     7.7815    23.2246   12.36693 4.1516e-02 0.0000e+00
        292 308.786872    0.02021     1.2125     72.750      1.132  47513.155    29.8045     7.7782      1.121    6.86173     7.7855    23.2269   12.36583 4.1397e-02 0.0000e+00
        293 308.786875    0.02028     1.2167     73.000      1.129  47518.589    29.8088     7.7816      1.119    6.86100     7.7903    23.2298   12.36458 4.1114e-02 0.0000e+00
        294 308.786878    0.02035     1.2208     73.250      1.126  47524.891    29.8138     7.7856      1.115    6.86016     7.7954    23.2332   12.36311 4.0918e-02 0.0000e+00
        295 308.786881    0.02042     1.2250     73.500      1.123  47528.644    29.8171     7.7904      1.112    6.85926     7.7998    23.2351   12.36159 4.0951e-02 0.0000e+00
        296 308.786884    0.02049     1.2292     73.750      1.121  47526.443    29.8163     7.7955      1.111    6.85849     7.8025    23.2338   12.36032 4.1153e-02 0.0000e+00
        297 308.786887    0.02056     1.2333     74.000      1.121  47520.740    29.8130     7.7999      1.110    6.85796     7.8040    23.2307   12.35947 4.1346e-02 0.0000e+00
        298 308.786889    0.02063     1.2375     74.250      1.121  47516.349    29.8104     7.8026      1.111    6.85764     7.8047    23.2282   12.35898 4.1424e-02 0.0000e+00
        299 308.786892    0.02069     1.2417     74.500      1.123  47513.584    29.8087     7.8041      1.112    6.85749     7.8047    23.2267   12.35875 4.1444e-02 0.0000e+00
        300 308.786895    0.02076     1.2458     74.750      1.124  47511.275    29.8072     7.8048      1.113    6.85745     7.8048    23.2254   12.35871 4.1467e-02 0.0000e+00
        301 308.786898    0.02083     1.2500     75.000      1.125  47511.817    29.8076     7.8048      1.114    6.85742     7.8054    23.2257   12.35865 4.1506e-02 0.0000e+00
        302 308.786901    0.02090     1.2542     75.250      1.126  47514.967    29.8098     7.8049      1.116    6.85731     7.8060    23.2274   12.35845 4.1549e-02 0.0000e+00
        303 308.786904    0.02097     1.2583     75.500      1.128  47515.409    29.8102     7.8055      1.118    6.85720     7.8051    23.2277   12.35826 4.1578e-02 0.0000e+00
        304 308.786907    0.02104     1.2625     75.750      1.130  47510.110    29.8066     7.8061      1.119    6.85727     7.8019    23.2248   12.35843 4.1617e-02 0.0000e+00
        305 308.786910    0.02111     1.2667     76.000      1.131  47500.427    29.7997     7.8052      1.121    6.85771     7.7960    23.2195   12.35924 4.1689e-02 0.0000e+00
        306 308.786913    0.02118     1.2708     76.250      1.132  47489.837    29.7919     7.8020      1.121    6.85857     7.7883    23.2138   12.36076 4.1722e-02 0.0000e+00
        307 308.786916    0.02125     1.2750     76.500      1.131  47481.496    29.7852     7.7961      1.121    6.85978     7.7797    23.2094   12.36285 4.1670e-02 0.0000e+00
        308 308.786918    0.02132     1.2792     76.750      1.130  47475.385    29.7798     7.7884      1.120    6.86123     7.7707    23.2062   12.36531 4.1640e-02 0.0000e+00
        309 308.786921    0.02139     1.2833     77.000      1.129  47470.249    29.7749     7.7798      1.119    6.86280     7.7620    23.2035   12.36798 4.1700e-02 0.0000e+00
        310 308.786924    0.02146     1.2875     77.250      1.129  47466.141    29.7707     7.7708      1.118    6.86440     7.7539    23.2014   12.37067 4.1887e-02 0.0000e+00
        311 308.786927    0.02153     1.2917     77.500      1.128  47463.501    29.7676     7.7621      1.118    6.86591     7.7467    23.2001   12.37322 4.2113e-02 0.0000e+00
        312 308.786930    0.02160     1.2958     77.750      1.128  47462.159    29.7654     7.7540      1.117    6.86727     7.7403    23.1995   12.37551 4.2133e-02 0.0000e+00
        313 308.786933    0.02167     1.3000     78.000      1.127  47461.070    29.7636     7.7468      1.116    6.86849     7.7344    23.1991   12.37754 4.1988e-02 0.0000e+00
        314 308.786936    0.02174     1.3042     78.250      1.126  47458.865    29.7611     7.7404      1.115    6.86960     7.7286    23.1980   12.37941 4.1860e-02 0.0000e+00
        315 308.786939    0.02181     1.3083     78.500      1.124  47455.997    29.7582     7.7345      1.113    6.87066     7.7227    23.1965   12.38121 4.1756e-02 0.0000e+00
        316 308.786942    0.02187     1.3125     78.750      1.123  47452.749    29.7551     7.7287      1.112    6.87172     7.7169    23.1948   12.38300 4.1631e-02 0.0000e+00
        317 308.786944    0.02194     1.3167     79.000      1.122  47448.488    29.7512     7.7228      1.112    6.87282     7.7114    23.1926   12.38486 4.1499e-02 0.0000e+00
        318 308.786947    0.02201     1.3208     79.250      1.123  47445.091    29.7480     7.7170      1.113    6.87388     7.7073    23.1909   12.38666 4.1481e-02 0.0000e+00
        319 308.786950    0.02208     1.3250     79.500      1.125  47445.628    29.7475     7.7115      1.115    6.87476     7.7058    23.1912   12.38811 4.1717e-02 0.0000e+00
        320 308.786953    0.02215     1.3292     79.750      1.128  47452.877    29.7519     7.7074      1.117    6.87520     7.7082    23.1953   12.38880 4.2076e-02 0.0000e+00
        321 308.786956    0.02222     1.3333     80.000      1.130  47468.336    29.7624     7.7059      1.120    6.87497     7.7158    23.2037   12.38828 4.2269e-02 0.0000e+00
        322 308.786959    0.02229     1.3375     80.250      1.131  47491.340    29.7788     7.7083      1.121    6.87385     7.7279    23.2162   12.38623 4.2239e-02 0.0000e+00
        323 308.786962    0.02236     1.3417     80.500      1.133  47515.006    29.7963     7.7159      1.123    6.87188     7.7423    23.2289   12.38274 4.2138e-02 0.0000e+00
        324 308.786965    0.02243     1.3458     80.750      1.135  47531.029    29.8093     7.7280      1.125    6.86940     7.7567    23.2374   12.37846 4.2212e-02 0.0000e+00
        325 308.786968    0.02250     1.3500     81.000      1.139  47538.802    29.8169     7.7424      1.128    6.86679     7.7693    23.2414   12.37406 4.2622e-02 0.0000e+00
        326 308.786970    0.02257     1.3542     81.250      1.144  47539.080    29.8193     7.7568      1.133    6.86442     7.7790    23.2414   12.37011 4.3312e-02 0.0000e+00
        327 308.786973    0.02264     1.3583     81.500      1.151  47535.347    29.8186     7.7694      1.140    6.86249     7.7875    23.2391   12.36692 4.4010e-02 0.0000e+00
        328 308.786976    0.02271     1.3625     81.750      1.160  47538.676    29.8223     7.7791      1.149    6.86080     7.7987    23.2408   12.36407 4.4230e-02 0.0000e+00
        329 308.786979    0.02278     1.3667     82.000      1.175  47558.289    29.8372     7.7876      1.164    6.85879     7.8158    23.2513   12.36056 4.3982e-02 0.0000e+00
        330 308.786982    0.02285     1.3708     82.250      1.204  47593.441    29.8633     7.7988      1.193    6.85589     7.8409    23.2702   12.35543 4.4068e-02 0.0000e+00
        331 308.786985    0.02292     1.3750     82.500      1.254  47639.312    29.8977     7.8160      1.243    6.85167     7.8748    23.2948   12.34802 4.5001e-02 0.0000e+00
        332 308.786988    0.02299     1.3792     82.750      1.332  47694.138    29.9395     7.8411      1.319    6.84588     7.9167    23.3242   12.33792 4.6301e-02 0.0000e+00
        333 308.786991    0.02306     1.3833     83.000      1.436  47751.653    29.9845     7.8749      1.422    6.83860     7.9631    23.3548   12.32530 4.7111e-02 0.0000e+00
        334 308.786994    0.02313     1.3875     83.250      1.561  47794.717    30.0206     7.9169      1.547    6.83045     8.0078    23.3774   12.31136 4.7181e-02 0.0000e+00
        335 308.786997    0.02319     1.3917     83.500      1.698  47812.037    30.0395     7.9632      1.683    6.82240     8.0465    23.3858   12.29779 4.6929e-02 0.0000e+00
        336 308.786999    0.02326     1.3958     83.750      1.839  47812.369    30.0463     8.0079      1.822    6.81517     8.0785    23.3850   12.28572 4.6790e-02 0.0000e+00
        337 308.787002    0.02333     1.4000     84.000      1.979  47808.834    30.0496     8.0466      1.961    6.80902     8.1047    23.3822   12.27550 4.6805e-02 0.0000e+00
        338 308.787005    0.02340     1.4042     84.250      2.121  47806.505    30.0527     8.0787      2.101    6.80392     8.1268    23.3801   12.26703 4.6704e-02 0.0000e+00
        339 308.787008    0.02347     1.4083     84.500      2.265  47807.407    30.0571     8.1050      2.244    6.79966     8.1465    23.3800   12.25991 4.6242e-02 0.0000e+00
        340 308.787011    0.02354     1.4125     84.750      2.413  47813.430    30.0645     8.1271      2.391    6.79591     8.1650    23.3827   12.25362 4.5419e-02 0.0000e+00
        341 308.787014    0.02361     1.4167     85.000      2.562  47824.043    30.0747     8.1467      2.538    6.79243     8.1829    23.3880   12.24772 4.4410e-02 0.0000e+00
        342 308.787017    0.02368     1.4208     85.250      2.709  47834.990    30.0850     8.1653      2.684    6.78911     8.1997    23.3934   12.24210 4.3371e-02 0.0000e+00
        343 308.787020    0.02375     1.4250     85.500      2.853  47843.930    30.0938     8.1832      2.827    6.78597     8.2155    23.3978   12.23679 4.2408e-02 0.0000e+00
        344 308.787023    0.02382     1.4292     85.750      2.997  47853.260    30.1027     8.2000      2.970    6.78299     8.2309    23.4024   12.23174 4.1554e-02 0.0000e+00
        345 308.787025    0.02389     1.4333     86.000      3.142  47866.110    30.1139     8.2159      3.113    6.78006     8.2466    23.4089   12.22676 4.0753e-02 0.0000e+00
        346 308.787028    0.02396     1.4375     86.250      3.289  47883.701    30.1283     8.2313      3.258    6.77706     8.2628    23.4181   12.22161 3.9983e-02 0.0000e+00
        347 308.787031    0.02403     1.4417     86.500      3.436  47902.845    30.1439     8.2470      3.404    6.77396     8.2786    23.4281   12.21629 3.9305e-02 0.0000e+00
        348 308.787034    0.02410     1.4458     86.750      3.583  47917.448    30.1564     8.2631      3.550    6.77094     8.2928    23.4355   12.21112 3.8795e-02 0.0000e+00
        349 308.787037    0.02417     1.4500     87.000      3.730  47926.201    30.1647     8.2789      3.696    6.76815     8.3054    23.4398   12.20640 3.8468e-02 0.0000e+00
        350 308.787040    0.02424     1.4542     87.250      3.878  47934.280    30.1723     8.2932      3.842    6.76562     8.3171    23.4438   12.20213 3.8271e-02 0.0000e+00
        351 308.787043    0.02431     1.4583     87.500      4.027  47945.678    30.1821     8.3058      3.990    6.76326     8.3285    23.4496   12.19810 3.8153e-02 0.0000e+00
        352 308.787046    0.02438     1.4625     87.750      4.176  47958.998    30.1930     8.3175      4.138    6.76099     8.3396    23.4565   12.19421 3.8082e-02 0.0000e+00
        353 308.787049    0.02444     1.4667     88.000      4.324  47971.796    30.2035     8.3289      4.284    6.75879     8.3507    23.4631   12.19044 3.8040e-02 0.0000e+00
        354 308.787052    0.02451     1.4708     88.250      4.471  47986.173    30.2151     8.3400      4.429    6.75659     8.3628    23.4706   12.18664 3.8014e-02 0.0000e+00
        355 308.787054    0.02458     1.4750     88.500      4.616  48007.520    30.2315     8.3511      4.574    6.75417     8.3765    23.4818   12.18243 3.7999e-02 0.0000e+00
        356 308.787057    0.02465     1.4792     88.750      4.762  48033.774    30.2515     8.3632      4.718    6.75144     8.3908    23.4958   12.17767 3.7990e-02 0.0000e+00
        357 308.787060    0.02472     1.4833     89.000      4.909  48056.325    30.2691     8.3769      4.863    6.74859     8.4048    23.5076   12.17273 3.7984e-02 0.0000e+00
        358 308.787063    0.02479     1.4875     89.250      5.055  48074.857    30.2840     8.3913      5.007    6.74574     8.4180    23.5172   12.16784 3.7981e-02 0.0000e+00
        359 308.787066    0.02486     1.4917     89.500      5.200  48093.457    30.2989     8.4052      5.152    6.74296     8.4305    23.5269   12.16305 3.7979e-02 0.0000e+00
        360 308.787069    0.02493     1.4958     89.750      5.346  48111.153    30.3131     8.4185      5.296    6.74032     8.4422    23.5362   12.15850 3.7978e-02 0.0000e+00
        361 308.787072    0.02500     1.5000     90.000      5.492  48127.387    30.3262     8.4310      5.441    6.73785     8.4530    23.5446   12.15424 3.7977e-02 0.0000e+00
