CTD-processing/allCTD/CNV--turbid/2015_04-13_t7_s20_cast070.cnv
* Sea-Bird SBE19plus Data File:
* FileName = C:\Users\kris.holderied\Documents\kasitsna\Research-Projects-and-Data\Oceanography-AK\CTD-Data-ALL-to-2015-04\2015-CTD-KachemakBay-CookInlet\2015-04-EVOSTC-CookInlet-quarterly\2015-04-13-CookInlet-Tran7-Augustine\2015_04_13_CookInlet_Tran7_cast070.hex
* Software Version 1.59
* Temperature SN =  5028
* Conductivity SN =  5028
* System UpLoad Time = Apr 28 2015 15:27:18
** Cook Inlet LTM Tran7 (Augustine) West to East
** Date: 04-13
** Station: 7-20
** Start time (AKDT): 07:04
** Depth (m): 82
** Comment:  KBL CTD.
** Comment: On R/V Pandalus.
# nquan = 16
# nvalues = 611                         
# units = specified
# name 0 = scan: Scan Count
# name 1 = timeJ: Julian Days
# name 2 = timeH: Time, Elapsed [hours]
# name 3 = timeM: Time, Elapsed [minutes]
# name 4 = timeS: Time, Elapsed [seconds]
# name 5 = prdM: Pressure, Strain Gauge [db]
# name 6 = specc: Specific Conductance [uS/cm]
# name 7 = sal00: Salinity, Practical [PSU]
# name 8 = tv290C: Temperature [ITS-90, deg C]
# name 9 = depSM: Depth [salt water, m], lat = 59.00
# name 10 = oxsolML/L: Oxygen Saturation, Garcia & Gordon [ml/l]
# name 11 = potemp090C: Potential Temperature [ITS-90, deg C]
# name 12 = sigma-é00: Density [sigma-theta, kg/m^3]
# name 13 = n2satML/L: Nitrogen Saturation [ml/l]
# name 14 = par: PAR/Irradiance, Biospherical/Licor
# name 15 = flag:  0.000e+00
# span 0 =          1,        611       
# span 1 = 103.295174, 103.296939       
# span 2 =    0.00000,    0.04236       
# span 3 =     0.0000,     2.5417       
# span 4 =      0.000,    152.500       
# span 5 =     -0.123,     82.393       
# span 6 =    462.877,  50798.893       
# span 7 =     0.2129,    31.6834       
# span 8 =     3.0308,     5.7359       
# span 9 =     -0.122,     81.607       
# span 10 =    7.10662,    9.39764      
# span 11 =     3.0329,     5.7294      
# span 12 =     0.1401,    24.9647      
# span 13 =   12.74709,   17.02586      
# span 14 = 3.7976e-02, 7.2449e+00      
# span 15 = 0.0000e+00, 0.0000e+00      
# interval = seconds: 0.25
# start_time = Apr 13 2015 07:05:03 [Instrument's time stamp, header]
# bad_flag = -9.990e-29
*END*
[from data line 362]
        363 103.296221    0.02514     1.5083     90.500      0.842  50617.170    31.5752     5.6289      0.835    7.12971     5.6286    24.8909   12.78661 3.7254e+00 0.0000e+00
        364 103.296224    0.02521     1.5125     90.750      0.900  50616.038    31.5744     5.6290      0.892    7.12973     5.6281    24.8902   12.78666 3.6650e+00 0.0000e+00
        365 103.296227    0.02528     1.5167     91.000      0.957  50615.702    31.5740     5.6287      0.947    7.12980     5.6275    24.8900   12.78678 3.6259e+00 0.0000e+00
        366 103.296230    0.02535     1.5208     91.250      1.011  50616.006    31.5741     5.6282      1.001    7.12989     5.6270    24.8901   12.78692 3.6470e+00 0.0000e+00
        367 103.296233    0.02542     1.5250     91.500      1.066  50616.510    31.5743     5.6276      1.056    7.12998     5.6266    24.8903   12.78706 3.7015e+00 0.0000e+00
        368 103.296236    0.02549     1.5292     91.750      1.130  50617.109    31.5746     5.6271      1.119    7.13005     5.6263    24.8906   12.78717 3.7174e+00 0.0000e+00
        369 103.296238    0.02556     1.5333     92.000      1.214  50617.846    31.5750     5.6267      1.203    7.13009     5.6260    24.8910   12.78724 3.6611e+00 0.0000e+00
        370 103.296241    0.02562     1.5375     92.250      1.326  50618.060    31.5750     5.6265      1.314    7.13014     5.6259    24.8910   12.78732 3.5574e+00 0.0000e+00
        371 103.296244    0.02569     1.5417     92.500      1.462  50618.822    31.5754     5.6262      1.449    7.13017     5.6272    24.8914   12.78736 3.4517e+00 0.0000e+00
        372 103.296247    0.02576     1.5458     92.750      1.617  50624.491    31.5792     5.6261      1.602    7.13000     5.6311    24.8944   12.78704 3.3545e+00 0.0000e+00
        373 103.296250    0.02583     1.5500     93.000      1.786  50633.798    31.5858     5.6274      1.770    7.12947     5.6370    24.8995   12.78607 3.2538e+00 0.0000e+00
        374 103.296253    0.02590     1.5542     93.250      1.970  50639.087    31.5902     5.6313      1.952    7.12860     5.6432    24.9025   12.78458 3.1476e+00 0.0000e+00
        375 103.296256    0.02597     1.5583     93.500      2.169  50638.336    31.5908     5.6372      2.149    7.12757     5.6489    24.9023   12.78288 3.0342e+00 0.0000e+00
        376 103.296259    0.02604     1.5625     93.750      2.384  50635.614    31.5901     5.6435      2.362    7.12655     5.6542    24.9010   12.78120 2.9115e+00 0.0000e+00
        377 103.296262    0.02611     1.5667     94.000      2.616  50633.932    31.5899     5.6492      2.592    7.12559     5.6591    24.9002   12.77963 2.7808e+00 0.0000e+00
        378 103.296264    0.02618     1.5708     94.250      2.866  50632.875    31.5901     5.6544      2.839    7.12470     5.6636    24.8998   12.77815 2.6525e+00 0.0000e+00
        379 103.296267    0.02625     1.5750     94.500      3.132  50630.854    31.5896     5.6594      3.103    7.12389     5.6672    24.8988   12.77681 2.5411e+00 0.0000e+00
        380 103.296270    0.02632     1.5792     94.750      3.414  50627.968    31.5884     5.6639      3.382    7.12319     5.6700    24.8973   12.77568 2.4446e+00 0.0000e+00
        381 103.296273    0.02639     1.5833     95.000      3.709  50624.993    31.5870     5.6675      3.674    7.12264     5.6719    24.8958   12.77479 2.3499e+00 0.0000e+00
        382 103.296276    0.02646     1.5875     95.250      4.016  50622.372    31.5856     5.6703      3.979    7.12224     5.6732    24.8943   12.77415 2.2502e+00 0.0000e+00
        383 103.296279    0.02653     1.5917     95.500      4.337  50620.472    31.5845     5.6723      4.296    7.12196     5.6740    24.8933   12.77370 2.1484e+00 0.0000e+00
        384 103.296282    0.02660     1.5958     95.750      4.670  50619.346    31.5838     5.6736      4.625    7.12178     5.6745    24.8926   12.77340 2.0479e+00 0.0000e+00
        385 103.296285    0.02667     1.6000     96.000      5.012  50618.835    31.5835     5.6744      4.964    7.12165     5.6749    24.8922   12.77320 1.9496e+00 0.0000e+00
        386 103.296288    0.02674     1.6042     96.250      5.364  50618.826    31.5834     5.6749      5.313    7.12156     5.6753    24.8921   12.77304 1.8542e+00 0.0000e+00
        387 103.296291    0.02681     1.6083     96.500      5.724  50619.279    31.5836     5.6754      5.670    7.12148     5.6758    24.8923   12.77290 1.7648e+00 0.0000e+00
        388 103.296293    0.02688     1.6125     96.750      6.086  50620.087    31.5841     5.6758      6.028    7.12138     5.6765    24.8926   12.77274 1.6844e+00 0.0000e+00
        389 103.296296    0.02694     1.6167     97.000      6.443  50620.962    31.5846     5.6763      6.383    7.12127     5.6772    24.8930   12.77254 1.6147e+00 0.0000e+00
        390 103.296299    0.02701     1.6208     97.250      6.792  50621.576    31.5850     5.6770      6.728    7.12114     5.6779    24.8932   12.77232 1.5560e+00 0.0000e+00
        391 103.296302    0.02708     1.6250     97.500      7.128  50621.850    31.5852     5.6777      7.061    7.12100     5.6785    24.8932   12.77210 1.5078e+00 0.0000e+00
        392 103.296305    0.02715     1.6292     97.750      7.452  50622.017    31.5853     5.6785      7.382    7.12088     5.6791    24.8932   12.77189 1.4686e+00 0.0000e+00
        393 103.296308    0.02722     1.6333     98.000      7.766  50622.339    31.5855     5.6791      7.693    7.12076     5.6797    24.8933   12.77169 1.4364e+00 0.0000e+00
        394 103.296311    0.02729     1.6375     98.250      8.071  50622.974    31.5859     5.6797      7.995    7.12064     5.6804    24.8936   12.77149 1.4090e+00 0.0000e+00
        395 103.296314    0.02736     1.6417     98.500      8.372  50623.921    31.5866     5.6803      8.294    7.12050     5.6812    24.8940   12.77126 1.3847e+00 0.0000e+00
        396 103.296317    0.02743     1.6458     98.750      8.673  50624.932    31.5873     5.6810      8.592    7.12035     5.6820    24.8945   12.77100 1.3617e+00 0.0000e+00
        397 103.296319    0.02750     1.6500     99.000      8.981  50625.755    31.5879     5.6818      8.897    7.12019     5.6828    24.8949   12.77073 1.3390e+00 0.0000e+00
        398 103.296322    0.02757     1.6542     99.250      9.302  50626.387    31.5883     5.6827      9.215    7.12002     5.6836    24.8951   12.77046 1.3162e+00 0.0000e+00
        399 103.296325    0.02764     1.6583     99.500      9.639  50627.104    31.5888     5.6835      9.548    7.11986     5.6846    24.8954   12.77017 1.2918e+00 0.0000e+00
        400 103.296328    0.02771     1.6625     99.750      9.995  50628.157    31.5895     5.6844      9.901    7.11968     5.6856    24.8959   12.76986 1.2644e+00 0.0000e+00
        401 103.296331    0.02778     1.6667    100.000     10.369  50629.575    31.5905     5.6854     10.272    7.11947     5.6868    24.8966   12.76951 1.2339e+00 0.0000e+00
        402 103.296334    0.02785     1.6708    100.250     10.761  50631.068    31.5915     5.6865     10.660    7.11924     5.6881    24.8973   12.76911 1.2009e+00 0.0000e+00
        403 103.296337    0.02792     1.6750    100.500     11.168  50632.036    31.5923     5.6877     11.063    7.11899     5.6892    24.8977   12.76870 1.1668e+00 0.0000e+00
        404 103.296340    0.02799     1.6792    100.750     11.585  50632.318    31.5925     5.6890     11.476    7.11876     5.6902    24.8978   12.76831 1.1322e+00 0.0000e+00
        405 103.296343    0.02806     1.6833    101.000     12.006  50632.383    31.5926     5.6902     11.894    7.11856     5.6911    24.8977   12.76797 1.0975e+00 0.0000e+00
        406 103.296345    0.02813     1.6875    101.250     12.429  50632.655    31.5928     5.6912     12.313    7.11838     5.6919    24.8977   12.76767 1.0627e+00 0.0000e+00
        407 103.296348    0.02819     1.6917    101.500     12.851  50633.088    31.5931     5.6921     12.731    7.11822     5.6925    24.8978   12.76740 1.0276e+00 0.0000e+00
        408 103.296351    0.02826     1.6958    101.750     13.272  50633.391    31.5932     5.6929     13.147    7.11808     5.6931    24.8979   12.76716 9.9284e-01 0.0000e+00
        409 103.296354    0.02833     1.7000    102.000     13.692  50633.500    31.5933     5.6936     13.564    7.11796     5.6935    24.8978   12.76696 9.5903e-01 0.0000e+00
        410 103.296357    0.02840     1.7042    102.250     14.113  50633.602    31.5933     5.6941     13.981    7.11786     5.6939    24.8977   12.76680 9.2626e-01 0.0000e+00
        411 103.296360    0.02847     1.7083    102.500     14.538  50633.872    31.5933     5.6946     14.402    7.11778     5.6941    24.8977   12.76667 8.9460e-01 0.0000e+00
        412 103.296363    0.02854     1.7125    102.750     14.966  50634.343    31.5935     5.6950     14.826    7.11771     5.6944    24.8978   12.76655 8.6445e-01 0.0000e+00
        413 103.296366    0.02861     1.7167    103.000     15.396  50634.966    31.5938     5.6953     15.252    7.11764     5.6946    24.8980   12.76644 8.3607e-01 0.0000e+00
        414 103.296369    0.02868     1.7208    103.250     15.826  50635.710    31.5942     5.6956     15.678    7.11758     5.6949    24.8983   12.76632 8.0942e-01 0.0000e+00
        415 103.296372    0.02875     1.7250    103.500     16.251  50636.537    31.5946     5.6959     16.099    7.11751     5.6951    24.8986   12.76621 7.8423e-01 0.0000e+00
        416 103.296374    0.02882     1.7292    103.750     16.668  50637.328    31.5950     5.6961     16.512    7.11745     5.6952    24.8989   12.76610 7.6028e-01 0.0000e+00
        417 103.296377    0.02889     1.7333    104.000     17.075  50638.010    31.5953     5.6964     16.914    7.11739     5.6952    24.8991   12.76601 7.3751e-01 0.0000e+00
        418 103.296380    0.02896     1.7375    104.250     17.467  50638.626    31.5956     5.6965     17.303    7.11736     5.6952    24.8993   12.76595 7.1595e-01 0.0000e+00
        419 103.296383    0.02903     1.7417    104.500     17.846  50639.250    31.5958     5.6965     17.679    7.11734     5.6952    24.8995   12.76591 6.9554e-01 0.0000e+00
        420 103.296386    0.02910     1.7458    104.750     18.215  50639.935    31.5961     5.6966     18.045    7.11732     5.6953    24.8998   12.76588 6.7614e-01 0.0000e+00
        421 103.296389    0.02917     1.7500    105.000     18.580  50640.712    31.5965     5.6966     18.406    7.11729     5.6954    24.9001   12.76583 6.5747e-01 0.0000e+00
        422 103.296392    0.02924     1.7542    105.250     18.944  50641.579    31.5970     5.6967     18.766    7.11726     5.6955    24.9004   12.76577 6.3922e-01 0.0000e+00
        423 103.296395    0.02931     1.7583    105.500     19.313  50642.513    31.5975     5.6968     19.131    7.11721     5.6958    24.9008   12.76569 6.2108e-01 0.0000e+00
        424 103.296398    0.02937     1.7625    105.750     19.691  50643.547    31.5980     5.6970     19.506    7.11715     5.6962    24.9012   12.76558 6.0281e-01 0.0000e+00
        425 103.296400    0.02944     1.7667    106.000     20.082  50644.755    31.5987     5.6973     19.893    7.11707     5.6967    24.9018   12.76543 5.8422e-01 0.0000e+00
        426 103.296403    0.02951     1.7708    106.250     20.488  50646.174    31.5996     5.6977     20.295    7.11696     5.6973    24.9024   12.76524 5.6524e-01 0.0000e+00
        427 103.296406    0.02958     1.7750    106.500     20.907  50647.693    31.6006     5.6983     20.710    7.11682     5.6981    24.9031   12.76500 5.4604e-01 0.0000e+00
        428 103.296409    0.02965     1.7792    106.750     21.336  50648.958    31.6014     5.6990     21.135    7.11667     5.6988    24.9036   12.76474 5.2686e-01 0.0000e+00
        429 103.296412    0.02972     1.7833    107.000     21.771  50649.670    31.6018     5.6997     21.566    7.11652     5.6993    24.9039   12.76448 5.0796e-01 0.0000e+00
        430 103.296415    0.02979     1.7875    107.250     22.207  50649.983    31.6019     5.7005     21.998    7.11639     5.6998    24.9039   12.76427 4.8963e-01 0.0000e+00
        431 103.296418    0.02986     1.7917    107.500     22.637  50650.271    31.6020     5.7011     22.424    7.11629     5.7001    24.9040   12.76409 4.7214e-01 0.0000e+00
        432 103.296421    0.02993     1.7958    107.750     23.057  50650.629    31.6022     5.7015     22.840    7.11620     5.7004    24.9040   12.76395 4.5568e-01 0.0000e+00
        433 103.296424    0.03000     1.8000    108.000     23.463  50650.964    31.6023     5.7019     23.242    7.11613     5.7006    24.9041   12.76383 4.4033e-01 0.0000e+00
        434 103.296427    0.03007     1.8042    108.250     23.856  50651.295    31.6024     5.7022     23.631    7.11608     5.7007    24.9041   12.76374 4.2609e-01 0.0000e+00
        435 103.296429    0.03014     1.8083    108.500     24.235  50651.703    31.6025     5.7024     24.007    7.11603     5.7008    24.9042   12.76367 4.1294e-01 0.0000e+00
        436 103.296432    0.03021     1.8125    108.750     24.603  50652.233    31.6028     5.7026     24.372    7.11600     5.7009    24.9044   12.76361 4.0076e-01 0.0000e+00
        437 103.296435    0.03028     1.8167    109.000     24.964  50652.888    31.6031     5.7027     24.729    7.11596     5.7011    24.9046   12.76354 3.8908e-01 0.0000e+00
        438 103.296438    0.03035     1.8208    109.250     25.320  50653.680    31.6035     5.7029     25.081    7.11591     5.7012    24.9049   12.76346 3.7754e-01 0.0000e+00
        439 103.296441    0.03042     1.8250    109.500     25.673  50654.510    31.6039     5.7031     25.432    7.11586     5.7014    24.9052   12.76337 3.6631e-01 0.0000e+00
        440 103.296444    0.03049     1.8292    109.750     26.028  50655.244    31.6043     5.7033     25.783    7.11581     5.7015    24.9055   12.76328 3.5555e-01 0.0000e+00
        441 103.296447    0.03056     1.8333    110.000     26.386  50655.917    31.6046     5.7035     26.138    7.11576     5.7017    24.9058   12.76319 3.4514e-01 0.0000e+00
        442 103.296450    0.03062     1.8375    110.250     26.749  50656.681    31.6050     5.7036     26.497    7.11571     5.7018    24.9060   12.76311 3.3493e-01 0.0000e+00
        443 103.296453    0.03069     1.8417    110.500     27.117  50657.702    31.6056     5.7038     26.861    7.11566     5.7020    24.9065   12.76302 3.2487e-01 0.0000e+00
        444 103.296455    0.03076     1.8458    110.750     27.487  50659.022    31.6063     5.7039     27.228    7.11560     5.7023    24.9071   12.76291 3.1502e-01 0.0000e+00
        445 103.296458    0.03083     1.8500    111.000     27.858  50660.587    31.6073     5.7042     27.596    7.11551     5.7028    24.9078   12.76275 3.0543e-01 0.0000e+00
        446 103.296461    0.03090     1.8542    111.250     28.229  50662.382    31.6084     5.7045     27.964    7.11540     5.7033    24.9087   12.76255 2.9603e-01 0.0000e+00
        447 103.296464    0.03097     1.8583    111.500     28.598  50664.300    31.6097     5.7050     28.330    7.11527     5.7038    24.9096   12.76231 2.8659e-01 0.0000e+00
        448 103.296467    0.03104     1.8625    111.750     28.968  50666.145    31.6109     5.7055     28.696    7.11512     5.7044    24.9105   12.76206 2.7684e-01 0.0000e+00
        449 103.296470    0.03111     1.8667    112.000     29.338  50667.967    31.6120     5.7060     29.062    7.11497     5.7050    24.9114   12.76179 2.6726e-01 0.0000e+00
        450 103.296473    0.03118     1.8708    112.250     29.711  50670.192    31.6135     5.7066     29.431    7.11480     5.7057    24.9125   12.76150 2.5855e-01 0.0000e+00
        451 103.296476    0.03125     1.8750    112.500     30.088  50673.222    31.6156     5.7073     29.805    7.11460     5.7065    24.9140   12.76114 2.5062e-01 0.0000e+00
