CTD-processing/allCTD/CNV--turbid/2015_04-08_t9_s06_cast036.cnv
* Sea-Bird SBE19plus Data File:
* FileName = C:\Users\kris.holderied\Documents\kasitsna\Research-Projects-and-Data\Oceanography-AK\CTD-Data-ALL-to-2015-02\2015-CTD-KachemakBay-CookInlet\2015-04-EVOSTC-CookInlet-quarterly\2015-04-08-CookInlet-Tran9-HomerSpit\2015-04-08-CookInlet-Tran9-cast036.hex
* Software Version 1.59
* Temperature SN =  5028
* Conductivity SN =  5028
* System UpLoad Time = Apr 09 2015 19:31:52
** Cook Inlet LTM Tran 9 (Homer Spit) South to North
** Date: 04-08
** Station: 9-06
** Start time (AKDT): 14:48
** Depth (m): 98.6
** Comment:  KBL CTD. Zooplankton 50 m vertical tow. Phytoplankton surface 40 liters.
** Comment: On R/V Pandalus. Dropped KBRR CTD after for cross-calibration.
# nquan = 16
# nvalues = 663                         
# units = specified
# name 0 = scan: Scan Count
# name 1 = timeJ: Julian Days
# name 2 = timeH: Time, Elapsed [hours]
# name 3 = timeM: Time, Elapsed [minutes]
# name 4 = timeS: Time, Elapsed [seconds]
# name 5 = prdM: Pressure, Strain Gauge [db]
# name 6 = specc: Specific Conductance [uS/cm]
# name 7 = sal00: Salinity, Practical [PSU]
# name 8 = tv290C: Temperature [ITS-90, deg C]
# name 9 = depSM: Depth [salt water, m], lat = 59.00
# name 10 = oxsolML/L: Oxygen Saturation, Garcia & Gordon [ml/l]
# name 11 = potemp090C: Potential Temperature [ITS-90, deg C]
# name 12 = sigma-é00: Density [sigma-theta, kg/m^3]
# name 13 = n2satML/L: Nitrogen Saturation [ml/l]
# name 14 = par: PAR/Irradiance, Biospherical/Licor
# name 15 = flag:  0.000e+00
# span 0 =          1,        663       
# span 1 =  98.616829,  98.618744       
# span 2 =    0.00000,    0.04597       
# span 3 =     0.0000,     2.7583       
# span 4 =      0.000,    165.500       
# span 5 =     -0.215,     98.178       
# span 6 =    699.304,  50808.133       
# span 7 =     0.3297,    31.5853       
# span 8 =     5.0958,     5.3090       
# span 9 =     -0.213,     97.238       
# span 10 =    7.18585,    8.86339      
# span 11 =     5.0948,     5.3051      
# span 12 =     0.2271,    24.9404      
# span 13 =   12.87983,   16.12773      
# span 14 = 3.8115e-02, 3.7989e+02      
# span 15 = 0.0000e+00, 0.0000e+00      
# interval = seconds: 0.25
# start_time = Apr 08 2015 14:48:14 [Instrument's time stamp, header]
# bad_flag = -9.990e-29
*END*
[from data line 543]
        544  98.618400    0.03771     2.2625    135.750     72.986  50728.062    31.5393     5.2540     72.291    7.19519     5.2479    24.9054   12.89523 4.0545e-02 0.0000e+00
        545  98.618403    0.03778     2.2667    136.000     73.204  50729.545    31.5401     5.2536     72.507    7.19523     5.2479    24.9061   12.89529 4.0586e-02 0.0000e+00
        546  98.618406    0.03785     2.2708    136.250     73.438  50730.788    31.5408     5.2534     72.738    7.19524     5.2478    24.9067   12.89529 4.0601e-02 0.0000e+00
        547  98.618409    0.03792     2.2750    136.500     73.683  50731.400    31.5411     5.2534     72.981    7.19522     5.2477    24.9069   12.89526 4.0575e-02 0.0000e+00
        548  98.618411    0.03799     2.2792    136.750     73.936  50731.910    31.5413     5.2533     73.231    7.19522     5.2475    24.9071   12.89525 4.0536e-02 0.0000e+00
        549  98.618414    0.03806     2.2833    137.000     74.191  50733.127    31.5420     5.2532     73.484    7.19521     5.2477    24.9077   12.89523 4.0549e-02 0.0000e+00
        550  98.618417    0.03812     2.2875    137.250     74.446  50735.627    31.5436     5.2530     73.736    7.19516     5.2484    24.9089   12.89512 4.0594e-02 0.0000e+00
        551  98.618420    0.03819     2.2917    137.500     74.695  50738.617    31.5456     5.2532     73.983    7.19503     5.2493    24.9105   12.89489 4.0587e-02 0.0000e+00
        552  98.618423    0.03826     2.2958    137.750     74.936  50740.584    31.5470     5.2539     74.222    7.19485     5.2503    24.9115   12.89457 4.0530e-02 0.0000e+00
        553  98.618426    0.03833     2.3000    138.000     75.167  50741.285    31.5475     5.2549     74.451    7.19465     5.2511    24.9118   12.89424 4.0444e-02 0.0000e+00
        554  98.618429    0.03840     2.3042    138.250     75.385  50741.419    31.5477     5.2559     74.667    7.19448     5.2517    24.9119   12.89394 4.0358e-02 0.0000e+00
        555  98.618432    0.03847     2.3083    138.500     75.590  50741.529    31.5478     5.2567     74.870    7.19433     5.2521    24.9119   12.89371 4.0296e-02 0.0000e+00
        556  98.618435    0.03854     2.3125    138.750     75.783  50741.767    31.5480     5.2573     75.060    7.19422     5.2524    24.9120   12.89352 4.0284e-02 0.0000e+00
        557  98.618437    0.03861     2.3167    139.000     75.963  50742.003    31.5482     5.2577     75.239    7.19414     5.2526    24.9121   12.89338 4.0381e-02 0.0000e+00
        558  98.618440    0.03868     2.3208    139.250     76.134  50742.199    31.5483     5.2580     75.408    7.19408     5.2527    24.9121   12.89328 4.0566e-02 0.0000e+00
        559  98.618443    0.03875     2.3250    139.500     76.299  50742.466    31.5484     5.2582     75.571    7.19404     5.2529    24.9122   12.89321 4.0820e-02 0.0000e+00
        560  98.618446    0.03882     2.3292    139.750     76.461  50742.909    31.5487     5.2584     75.731    7.19400     5.2532    24.9124   12.89314 4.1035e-02 0.0000e+00
        561  98.618449    0.03889     2.3333    140.000     76.622  50743.669    31.5492     5.2586     75.892    7.19394     5.2537    24.9128   12.89304 4.0983e-02 0.0000e+00
        562  98.618452    0.03896     2.3375    140.250     76.787  50744.959    31.5501     5.2589     76.055    7.19385     5.2545    24.9135   12.89287 4.0631e-02 0.0000e+00
        563  98.618455    0.03903     2.3417    140.500     76.959  50746.843    31.5514     5.2594     76.225    7.19370     5.2556    24.9145   12.89261 4.0149e-02 0.0000e+00
        564  98.618458    0.03910     2.3458    140.750     77.138  50748.692    31.5527     5.2602     76.402    7.19349     5.2567    24.9154   12.89225 3.9706e-02 0.0000e+00
        565  98.618461    0.03917     2.3500    141.000     77.326  50749.541    31.5535     5.2613     76.589    7.19326     5.2577    24.9159   12.89187 3.9393e-02 0.0000e+00
        566  98.618464    0.03924     2.3542    141.250     77.525  50749.331    31.5535     5.2625     76.786    7.19306     5.2585    24.9158   12.89153 3.9188e-02 0.0000e+00
        567  98.618466    0.03931     2.3583    141.500     77.735  50749.002    31.5534     5.2635     76.994    7.19290     5.2592    24.9156   12.89126 3.9046e-02 0.0000e+00
        568  98.618469    0.03938     2.3625    141.750     77.954  50749.380    31.5537     5.2643     77.211    7.19275     5.2599    24.9157   12.89101 3.9023e-02 0.0000e+00
        569  98.618472    0.03944     2.3667    142.000     78.183  50750.242    31.5543     5.2650     77.438    7.19260     5.2607    24.9162   12.89075 3.9107e-02 0.0000e+00
        570  98.618475    0.03951     2.3708    142.250     78.418  50750.977    31.5549     5.2657     77.671    7.19244     5.2614    24.9165   12.89050 3.9210e-02 0.0000e+00
        571  98.618478    0.03958     2.3750    142.500     78.659  50751.540    31.5553     5.2665     77.909    7.19229     5.2622    24.9168   12.89024 3.9319e-02 0.0000e+00
        572  98.618481    0.03965     2.3792    142.750     78.902  50752.067    31.5557     5.2672     78.150    7.19214     5.2630    24.9170   12.88998 3.9469e-02 0.0000e+00
        573  98.618484    0.03972     2.3833    143.000     79.147  50752.705    31.5562     5.2680     78.392    7.19198     5.2638    24.9173   12.88972 3.9704e-02 0.0000e+00
        574  98.618487    0.03979     2.3875    143.250     79.388  50753.645    31.5569     5.2688     78.631    7.19182     5.2646    24.9178   12.88943 4.0065e-02 0.0000e+00
        575  98.618490    0.03986     2.3917    143.500     79.623  50754.946    31.5579     5.2696     78.864    7.19163     5.2657    24.9184   12.88911 4.0428e-02 0.0000e+00
        576  98.618492    0.03993     2.3958    143.750     79.851  50756.693    31.5591     5.2705     79.089    7.19141     5.2670    24.9194   12.88874 4.0546e-02 0.0000e+00
        577  98.618495    0.04000     2.4000    144.000     80.070  50758.995    31.5608     5.2716     79.306    7.19115     5.2686    24.9206   12.88829 4.0411e-02 0.0000e+00
        578  98.618498    0.04007     2.4042    144.250     80.280  50761.479    31.5627     5.2729     79.514    7.19083     5.2704    24.9219   12.88773 4.0185e-02 0.0000e+00
        579  98.618501    0.04014     2.4083    144.500     80.481  50763.291    31.5642     5.2745     79.713    7.19048     5.2721    24.9230   12.88713 3.9957e-02 0.0000e+00
        580  98.618504    0.04021     2.4125    144.750     80.674  50764.162    31.5651     5.2763     79.904    7.19013     5.2736    24.9235   12.88654 3.9757e-02 0.0000e+00
        581  98.618507    0.04028     2.4167    145.000     80.859  50764.569    31.5656     5.2780     80.088    7.18981     5.2750    24.9237   12.88601 3.9591e-02 0.0000e+00
        582  98.618510    0.04035     2.4208    145.250     81.038  50764.810    31.5660     5.2796     80.265    7.18952     5.2762    24.9239   12.88553 3.9458e-02 0.0000e+00
        583  98.618513    0.04042     2.4250    145.500     81.211  50764.846    31.5663     5.2810     80.437    7.18927     5.2771    24.9239   12.88511 3.9353e-02 0.0000e+00
        584  98.618516    0.04049     2.4292    145.750     81.381  50764.679    31.5663     5.2822     80.605    7.18907     5.2778    24.9238   12.88477 3.9267e-02 0.0000e+00
        585  98.618519    0.04056     2.4333    146.000     81.548  50764.362    31.5662     5.2832     80.770    7.18891     5.2784    24.9236   12.88451 3.9186e-02 0.0000e+00
        586  98.618521    0.04063     2.4375    146.250     81.716  50764.055    31.5661     5.2839     80.936    7.18879     5.2788    24.9234   12.88432 3.9160e-02 0.0000e+00
        587  98.618524    0.04069     2.4417    146.500     81.886  50764.128    31.5662     5.2844     81.104    7.18870     5.2792    24.9234   12.88416 3.9234e-02 0.0000e+00
        588  98.618527    0.04076     2.4458    146.750     82.060  50764.768    31.5666     5.2848     81.277    7.18861     5.2796    24.9237   12.88401 3.9313e-02 0.0000e+00
        589  98.618530    0.04083     2.4500    147.000     82.240  50765.757    31.5673     5.2852     81.455    7.18850     5.2801    24.9242   12.88383 3.9323e-02 0.0000e+00
        590  98.618533    0.04090     2.4542    147.250     82.427  50766.728    31.5679     5.2857     81.640    7.18839     5.2807    24.9247   12.88363 3.9289e-02 0.0000e+00
        591  98.618536    0.04097     2.4583    147.500     82.621  50767.611    31.5686     5.2862     81.832    7.18827     5.2812    24.9251   12.88343 3.9240e-02 0.0000e+00
        592  98.618539    0.04104     2.4625    147.750     82.823  50768.532    31.5692     5.2867     82.033    7.18815     5.2817    24.9256   12.88322 3.9190e-02 0.0000e+00
        593  98.618542    0.04111     2.4667    148.000     83.033  50769.405    31.5698     5.2873     82.241    7.18802     5.2822    24.9260   12.88300 3.9140e-02 0.0000e+00
        594  98.618545    0.04118     2.4708    148.250     83.249  50770.142    31.5704     5.2878     82.454    7.18790     5.2827    24.9264   12.88280 3.9096e-02 0.0000e+00
        595  98.618547    0.04125     2.4750    148.500     83.469  50770.874    31.5709     5.2884     82.672    7.18779     5.2832    24.9267   12.88260 3.9056e-02 0.0000e+00
        596  98.618550    0.04132     2.4792    148.750     83.691  50771.745    31.5715     5.2889     82.892    7.18768     5.2836    24.9271   12.88241 3.9019e-02 0.0000e+00
        597  98.618553    0.04139     2.4833    149.000     83.913  50772.698    31.5721     5.2894     83.112    7.18756     5.2840    24.9276   12.88221 3.8981e-02 0.0000e+00
        598  98.618556    0.04146     2.4875    149.250     84.133  50773.446    31.5726     5.2898     83.329    7.18746     5.2844    24.9279   12.88203 3.8947e-02 0.0000e+00
        599  98.618559    0.04153     2.4917    149.500     84.350  50773.851    31.5729     5.2903     83.544    7.18737     5.2846    24.9281   12.88189 3.8921e-02 0.0000e+00
        600  98.618562    0.04160     2.4958    149.750     84.561  50774.038    31.5730     5.2906     83.753    7.18731     5.2848    24.9282   12.88178 3.8898e-02 0.0000e+00
        601  98.618565    0.04167     2.5000    150.000     84.766  50774.121    31.5730     5.2909     83.957    7.18726     5.2849    24.9282   12.88170 3.8875e-02 0.0000e+00
        602  98.618568    0.04174     2.5042    150.250     84.967  50774.182    31.5730     5.2911     84.155    7.18723     5.2850    24.9281   12.88164 3.8855e-02 0.0000e+00
        603  98.618571    0.04181     2.5083    150.500     85.164  50774.274    31.5730     5.2912     84.350    7.18720     5.2850    24.9281   12.88160 3.8838e-02 0.0000e+00
        604  98.618573    0.04188     2.5125    150.750     85.359  50774.377    31.5730     5.2913     84.544    7.18719     5.2851    24.9281   12.88158 3.8824e-02 0.0000e+00
        605  98.618576    0.04194     2.5167    151.000     85.554  50774.436    31.5730     5.2914     84.737    7.18718     5.2851    24.9281   12.88156 3.8811e-02 0.0000e+00
        606  98.618579    0.04201     2.5208    151.250     85.749  50774.477    31.5729     5.2914     84.930    7.18717     5.2851    24.9280   12.88155 3.8797e-02 0.0000e+00
        607  98.618582    0.04208     2.5250    151.500     85.946  50774.648    31.5729     5.2914     85.125    7.18717     5.2851    24.9280   12.88154 3.8784e-02 0.0000e+00
        608  98.618585    0.04215     2.5292    151.750     86.144  50775.117    31.5732     5.2915     85.321    7.18715     5.2852    24.9282   12.88152 3.8769e-02 0.0000e+00
        609  98.618588    0.04222     2.5333    152.000     86.343  50775.883    31.5736     5.2915     85.518    7.18713     5.2853    24.9285   12.88147 3.8752e-02 0.0000e+00
        610  98.618591    0.04229     2.5375    152.250     86.541  50776.761    31.5741     5.2916     85.714    7.18709     5.2855    24.9289   12.88139 3.8734e-02 0.0000e+00
        611  98.618594    0.04236     2.5417    152.500     86.738  50777.579    31.5746     5.2917     85.909    7.18704     5.2856    24.9293   12.88131 3.8718e-02 0.0000e+00
        612  98.618597    0.04243     2.5458    152.750     86.933  50778.181    31.5750     5.2919     86.103    7.18699     5.2858    24.9296   12.88122 3.8707e-02 0.0000e+00
        613  98.618600    0.04250     2.5500    153.000     87.127  50778.527    31.5751     5.2921     86.294    7.18695     5.2859    24.9297   12.88115 3.8694e-02 0.0000e+00
        614  98.618602    0.04257     2.5542    153.250     87.320  50778.732    31.5752     5.2923     86.485    7.18691     5.2860    24.9298   12.88109 3.8676e-02 0.0000e+00
        615  98.618605    0.04264     2.5583    153.500     87.513  50778.886    31.5753     5.2924     86.676    7.18689     5.2861    24.9298   12.88105 3.8653e-02 0.0000e+00
        616  98.618608    0.04271     2.5625    153.750     87.709  50779.019    31.5753     5.2925     86.871    7.18687     5.2861    24.9298   12.88102 3.8632e-02 0.0000e+00
        617  98.618611    0.04278     2.5667    154.000     87.910  50779.149    31.5753     5.2926     87.070    7.18685     5.2861    24.9298   12.88100 3.8616e-02 0.0000e+00
        618  98.618614    0.04285     2.5708    154.250     88.119  50779.314    31.5753     5.2926     87.277    7.18685     5.2860    24.9298   12.88099 3.8606e-02 0.0000e+00
        619  98.618617    0.04292     2.5750    154.500     88.335  50779.543    31.5754     5.2926     87.491    7.18685     5.2859    24.9298   12.88098 3.8598e-02 0.0000e+00
        620  98.618620    0.04299     2.5792    154.750     88.560  50779.816    31.5755     5.2926     87.713    7.18685     5.2858    24.9299   12.88099 3.8586e-02 0.0000e+00
        621  98.618623    0.04306     2.5833    155.000     88.791  50780.104    31.5755     5.2925     87.942    7.18686     5.2857    24.9300   12.88100 3.8570e-02 0.0000e+00
        622  98.618626    0.04312     2.5875    155.250     89.028  50780.417    31.5756     5.2924     88.176    7.18687     5.2855    24.9301   12.88103 3.8552e-02 0.0000e+00
        623  98.618628    0.04319     2.5917    155.500     89.268  50780.775    31.5757     5.2923     88.414    7.18689     5.2852    24.9302   12.88106 3.8531e-02 0.0000e+00
        624  98.618631    0.04326     2.5958    155.750     89.510  50781.173    31.5758     5.2921     88.653    7.18692     5.2850    24.9303   12.88109 3.8507e-02 0.0000e+00
        625  98.618634    0.04333     2.6000    156.000     89.751  50781.601    31.5760     5.2919     88.892    7.18695     5.2847    24.9304   12.88114 3.8489e-02 0.0000e+00
        626  98.618637    0.04340     2.6042    156.250     89.989  50782.041    31.5761     5.2917     89.128    7.18698     5.2845    24.9306   12.88119 3.8479e-02 0.0000e+00
        627  98.618640    0.04347     2.6083    156.500     90.224  50782.510    31.5762     5.2914     89.361    7.18701     5.2842    24.9307   12.88125 3.8473e-02 0.0000e+00
        628  98.618643    0.04354     2.6125    156.750     90.454  50783.038    31.5764     5.2912     89.589    7.18704     5.2840    24.9309   12.88130 3.8472e-02 0.0000e+00
        629  98.618646    0.04361     2.6167    157.000     90.679  50783.589    31.5767     5.2909     89.811    7.18707     5.2837    24.9311   12.88135 3.8483e-02 0.0000e+00
        630  98.618649    0.04368     2.6208    157.250     90.899  50784.078    31.5769     5.2907     90.029    7.18711     5.2834    24.9313   12.88140 3.8494e-02 0.0000e+00
        631  98.618652    0.04375     2.6250    157.500     91.115  50784.511    31.5770     5.2904     90.243    7.18714     5.2832    24.9314   12.88145 3.8479e-02 0.0000e+00
        632  98.618655    0.04382     2.6292    157.750     91.331  50784.936    31.5771     5.2902     90.457    7.18718     5.2829    24.9315   12.88151 3.8427e-02 0.0000e+00
