CTD-processing/allCTD/CNV--turbid/2015_02-24_t9_s10_repeat_cast267.cnv
* Sea-Bird SBE19plus Data File:
* FileName = C:\Users\KRIS~1.HOL\DOCUME~1\kasitsna\RESEAR~1\OCEANO~1\CTD-DA~1\2015-C~1\2015-0~2\207028~1\2015_02_24_CookInlet_Tran9_S10_repeat_cast267.hex
* Software Version 1.59
* Temperature SN =  4141
* Conductivity SN =  4141
* System UpLoad Time = Apr 10 2015 19:03:39
** Cook Inlet LTM: Repeat station during quarterly sampling. Tran9 (Homer Spit)
** Date: 02-24
** Station: 9-10
** Start time (AKST):  19:26
** Depth (m): 68
** Comment:  KBRR CTD. Time is local (AKST)
** Comment: On R/V Pandalus. Second of two repeat stations to compare to 12 Feb Tran9 sampling.
# nquan = 16
# nvalues = 509                         
# units = specified
# name 0 = scan: Scan Count
# name 1 = timeJ: Julian Days
# name 2 = timeH: Time, Elapsed [hours]
# name 3 = timeM: Time, Elapsed [minutes]
# name 4 = timeS: Time, Elapsed [seconds]
# name 5 = prdM: Pressure, Strain Gauge [db]
# name 6 = specc: Specific Conductance [uS/cm]
# name 7 = sal00: Salinity, Practical [PSU]
# name 8 = tv290C: Temperature [ITS-90, deg C]
# name 9 = depSM: Depth [salt water, m], lat = 59.00
# name 10 = oxsolML/L: Oxygen Saturation, Garcia & Gordon [ml/l]
# name 11 = potemp090C: Potential Temperature [ITS-90, deg C]
# name 12 = sigma-é00: Density [sigma-theta, kg/m^3]
# name 13 = n2satML/L: Nitrogen Saturation [ml/l]
# name 14 = par: PAR/Irradiance, Biospherical/Licor
# name 15 = flag:  0.000e+00
# span 0 =          1,        509       
# span 1 =  55.810313,  55.811782       
# span 2 =    0.00000,    0.03528       
# span 3 =     0.0000,     2.1167       
# span 4 =      0.000,    127.000       
# span 5 =      0.038,     66.945       
# span 6 =   1682.332,  50745.447       
# span 7 =     0.8187,    31.3999       
# span 8 =     4.0428,     4.6485       
# span 9 =      0.037,     66.309       
# span 10 =    7.30836,    9.09845      
# span 11 =     4.0428,     4.6439      
# span 12 =     0.6335,    24.8711      
# span 13 =   13.08422,   16.51416      
# span 14 = 3.6382e-02, 5.3305e-01      
# span 15 = 0.0000e+00, 0.0000e+00      
# interval = seconds: 0.25
# start_time = Feb 24 2015 19:26:51 [Instrument's time stamp, header]
# bad_flag = -9.990e-29
*END*
[from data line 91]
         92  55.810576    0.00632     0.3792     22.750      1.436  50472.954    31.2034     4.3572      1.423    7.36859     4.3561    24.7327   13.18592 5.7485e-02 0.0000e+00
         93  55.810579    0.00639     0.3833     23.000      1.441  50472.079    31.2027     4.3567      1.427    7.36870     4.3555    24.7322   13.18612 5.7745e-02 0.0000e+00
         94  55.810582    0.00646     0.3875     23.250      1.446  50471.371    31.2021     4.3562      1.432    7.36883     4.3548    24.7317   13.18634 5.8188e-02 0.0000e+00
         95  55.810584    0.00653     0.3917     23.500      1.450  50471.012    31.2017     4.3556      1.436    7.36896     4.3542    24.7315   13.18656 5.7350e-02 0.0000e+00
         96  55.810587    0.00660     0.3958     23.750      1.451  50470.917    31.2015     4.3549      1.437    7.36909     4.3536    24.7314   13.18677 5.4394e-02 0.0000e+00
         97  55.810590    0.00667     0.4000     24.000      1.448  50471.104    31.2015     4.3543      1.435    7.36920     4.3530    24.7314   13.18696 5.0409e-02 0.0000e+00
         98  55.810593    0.00674     0.4042     24.250      1.444  50471.513    31.2016     4.3537      1.430    7.36930     4.3526    24.7316   13.18713 4.7058e-02 0.0000e+00
         99  55.810596    0.00681     0.4083     24.500      1.438  50471.847    31.2017     4.3531      1.425    7.36939     4.3522    24.7317   13.18727 4.4319e-02 0.0000e+00
        100  55.810599    0.00688     0.4125     24.750      1.433  50471.743    31.2016     4.3527      1.420    7.36948     4.3519    24.7316   13.18743 4.1907e-02 0.0000e+00
        101  55.810602    0.00694     0.4167     25.000      1.430  50470.952    31.2010     4.3523      1.417    7.36958     4.3517    24.7312   13.18759 4.0103e-02 0.0000e+00
        102  55.810605    0.00701     0.4208     25.250      1.430  50469.308    31.1998     4.3520      1.417    7.36969     4.3514    24.7303   13.18779 3.9083e-02 0.0000e+00
        103  55.810608    0.00708     0.4250     25.500      1.432  50466.539    31.1978     4.3518      1.419    7.36983     4.3512    24.7288   13.18805 3.8743e-02 0.0000e+00
        104  55.810611    0.00715     0.4292     25.750      1.436  50462.135    31.1947     4.3515      1.423    7.37002     4.3509    24.7264   13.18841 3.9033e-02 0.0000e+00
        105  55.810613    0.00722     0.4333     26.000      1.439  50455.481    31.1901     4.3513      1.426    7.37030     4.3506    24.7227   13.18892 3.9799e-02 0.0000e+00
        106  55.810616    0.00729     0.4375     26.250      1.439  50446.346    31.1838     4.3510      1.426    7.37066     4.3503    24.7177   13.18960 4.0400e-02 0.0000e+00
        107  55.810619    0.00736     0.4417     26.500      1.435  50436.583    31.1771     4.3507      1.422    7.37105     4.3501    24.7124   13.19034 4.0386e-02 0.0000e+00
        108  55.810622    0.00743     0.4458     26.750      1.425  50430.727    31.1731     4.3504      1.412    7.37131     4.3500    24.7093   13.19082 4.0069e-02 0.0000e+00
        109  55.810625    0.00750     0.4500     27.000      1.414  50432.166    31.1740     4.3502      1.400    7.37131     4.3500    24.7100   13.19081 3.9671e-02 0.0000e+00
        110  55.810628    0.00757     0.4542     27.250      1.403  50439.245    31.1788     4.3501      1.390    7.37109     4.3503    24.7139   13.19038 3.9369e-02 0.0000e+00
        111  55.810631    0.00764     0.4583     27.500      1.397  50447.137    31.1842     4.3501      1.383    7.37081     4.3507    24.7181   13.18984 3.9525e-02 0.0000e+00
        112  55.810634    0.00771     0.4625     27.750      1.397  50452.127    31.1877     4.3504      1.384    7.37059     4.3510    24.7209   13.18943 4.0215e-02 0.0000e+00
        113  55.810637    0.00778     0.4667     28.000      1.404  50452.460    31.1880     4.3508      1.390    7.37051     4.3512    24.7211   13.18929 4.0822e-02 0.0000e+00
        114  55.810639    0.00785     0.4708     28.250      1.415  50447.326    31.1845     4.3511      1.402    7.37061     4.3508    24.7183   13.18951 4.0709e-02 0.0000e+00
        115  55.810642    0.00792     0.4750     28.500      1.428  50436.434    31.1771     4.3513      1.415    7.37095     4.3497    24.7124   13.19017 4.0174e-02 0.0000e+00
        116  55.810645    0.00799     0.4792     28.750      1.440  50421.131    31.1666     4.3509      1.426    7.37154     4.3476    24.7041   13.19128 3.9608e-02 0.0000e+00
        117  55.810648    0.00806     0.4833     29.000      1.448  50405.821    31.1559     4.3498      1.435    7.37227     4.3441    24.6957   13.19262 3.9137e-02 0.0000e+00
        118  55.810651    0.00813     0.4875     29.250      1.452  50394.848    31.1479     4.3477      1.439    7.37304     4.3388    24.6896   13.19400 3.8835e-02 0.0000e+00
        119  55.810654    0.00819     0.4917     29.500      1.453  50389.380    31.1434     4.3442      1.440    7.37389     4.3321    24.6864   13.19547 3.8619e-02 0.0000e+00
        120  55.810657    0.00826     0.4958     29.750      1.451  50389.193    31.1421     4.3389      1.438    7.37489     4.3242    24.6858   13.19714 3.8529e-02 0.0000e+00
        121  55.810660    0.00833     0.5000     30.000      1.445  50393.688    31.1436     4.3322      1.432    7.37603     4.3162    24.6877   13.19899 3.8700e-02 0.0000e+00
        122  55.810663    0.00840     0.5042     30.250      1.437  50401.654    31.1473     4.3243      1.424    7.37725     4.3095    24.6914   13.20097 3.9040e-02 0.0000e+00
        123  55.810666    0.00847     0.5083     30.500      1.429  50411.161    31.1520     4.3163      1.416    7.37845     4.3048    24.6959   13.20288 3.9533e-02 0.0000e+00
        124  55.810668    0.00854     0.5125     30.750      1.423  50419.868    31.1564     4.3096      1.409    7.37944     4.3020    24.7000   13.20446 4.0593e-02 0.0000e+00
        125  55.810671    0.00861     0.5167     31.000      1.420  50426.524    31.1598     4.3048      1.407    7.38012     4.3008    24.7032   13.20553 4.2443e-02 0.0000e+00
        126  55.810674    0.00868     0.5208     31.250      1.423  50431.068    31.1623     4.3021      1.409    7.38048     4.3004    24.7055   13.20610 4.4654e-02 0.0000e+00
        127  55.810677    0.00875     0.5250     31.500      1.428  50433.147    31.1635     4.3009      1.414    7.38064     4.3003    24.7065   13.20636 4.7017e-02 0.0000e+00
        128  55.810680    0.00882     0.5292     31.750      1.433  50431.730    31.1624     4.3005      1.419    7.38076     4.2999    24.7057   13.20657 4.9327e-02 0.0000e+00
        129  55.810683    0.00889     0.5333     32.000      1.436  50426.637    31.1589     4.3004      1.422    7.38095     4.2988    24.7030   13.20693 5.0185e-02 0.0000e+00
        130  55.810686    0.00896     0.5375     32.250      1.435  50420.007    31.1543     4.3000      1.422    7.38125     4.2967    24.6993   13.20748 4.9375e-02 0.0000e+00
        131  55.810689    0.00903     0.5417     32.500      1.431  50415.301    31.1508     4.2989      1.418    7.38162     4.2934    24.6967   13.20814 4.8160e-02 0.0000e+00
        132  55.810692    0.00910     0.5458     32.750      1.425  50414.518    31.1498     4.2968      1.412    7.38205     4.2893    24.6961   13.20887 4.6480e-02 0.0000e+00
        133  55.810694    0.00917     0.5500     33.000      1.419  50417.571    31.1512     4.2935      1.406    7.38258     4.2849    24.6974   13.20971 4.4422e-02 0.0000e+00
        134  55.810697    0.00924     0.5542     33.250      1.417  50423.464    31.1542     4.2894      1.404    7.38317     4.2808    24.7003   13.21066 4.2967e-02 0.0000e+00
        135  55.810700    0.00931     0.5583     33.500      1.418  50430.734    31.1582     4.2850      1.405    7.38377     4.2772    24.7039   13.21158 4.2418e-02 0.0000e+00
        136  55.810703    0.00937     0.5625     33.750      1.421  50437.303    31.1617     4.2809      1.408    7.38432     4.2742    24.7071   13.21245 4.2537e-02 0.0000e+00
        137  55.810706    0.00944     0.5667     34.000      1.423  50440.948    31.1634     4.2773      1.410    7.38488     4.2715    24.7088   13.21335 4.2543e-02 0.0000e+00
        138  55.810709    0.00951     0.5708     34.250      1.424  50441.503    31.1631     4.2743      1.411    7.38544     4.2689    24.7088   13.21428 4.1842e-02 0.0000e+00
        139  55.810712    0.00958     0.5750     34.500      1.422  50441.290    31.1623     4.2716      1.409    7.38596     4.2661    24.7085   13.21514 4.1005e-02 0.0000e+00
        140  55.810715    0.00965     0.5792     34.750      1.419  50442.375    31.1625     4.2690      1.405    7.38642     4.2632    24.7089   13.21590 4.0488e-02 0.0000e+00
        141  55.810718    0.00972     0.5833     35.000      1.417  50445.300    31.1638     4.2662      1.403    7.38685     4.2605    24.7102   13.21660 4.0072e-02 0.0000e+00
        142  55.810720    0.00979     0.5875     35.250      1.418  50449.709    31.1662     4.2633      1.404    7.38726     4.2584    24.7124   13.21724 3.9783e-02 0.0000e+00
        143  55.810723    0.00986     0.5917     35.500      1.422  50454.433    31.1688     4.2606      1.409    7.38760     4.2567    24.7147   13.21777 3.9934e-02 0.0000e+00
        144  55.810726    0.00993     0.5958     35.750      1.429  50457.933    31.1707     4.2585      1.416    7.38788     4.2552    24.7164   13.21821 4.0819e-02 0.0000e+00
        145  55.810729    0.01000     0.6000     36.000      1.437  50459.216    31.1712     4.2568      1.424    7.38816     4.2535    24.7170   13.21866 4.2760e-02 0.0000e+00
        146  55.810732    0.01007     0.6042     36.250      1.444  50458.520    31.1704     4.2553      1.430    7.38848     4.2514    24.7165   13.21920 4.6006e-02 0.0000e+00
        147  55.810735    0.01014     0.6083     36.500      1.448  50457.625    31.1694     4.2536      1.434    7.38883     4.2486    24.7158   13.21979 4.9756e-02 0.0000e+00
        148  55.810738    0.01021     0.6125     36.750      1.448  50458.702    31.1696     4.2515      1.434    7.38919     4.2445    24.7162   13.22038 5.2771e-02 0.0000e+00
        149  55.810741    0.01028     0.6167     37.000      1.444  50462.769    31.1717     4.2487      1.431    7.38960     4.2396    24.7182   13.22104 5.4583e-02 0.0000e+00
        150  55.810744    0.01035     0.6208     37.250      1.438  50469.638    31.1755     4.2446      1.425    7.39014     4.2346    24.7216   13.22187 5.5436e-02 0.0000e+00
        151  55.810747    0.01042     0.6250     37.500      1.431  50478.189    31.1802     4.2397      1.417    7.39079     4.2304    24.7258   13.22288 5.5503e-02 0.0000e+00
        152  55.810749    0.01049     0.6292     37.750      1.425  50486.639    31.1848     4.2347      1.411    7.39145     4.2275    24.7300   13.22392 5.3662e-02 0.0000e+00
        153  55.810752    0.01056     0.6333     38.000      1.421  50493.519    31.1885     4.2305      1.408    7.39202     4.2256    24.7333   13.22481 5.0177e-02 0.0000e+00
        154  55.810755    0.01063     0.6375     38.250      1.421  50498.501    31.1913     4.2276      1.408    7.39242     4.2243    24.7358   13.22543 4.7139e-02 0.0000e+00
        155  55.810758    0.01069     0.6417     38.500      1.424  50502.041    31.1933     4.2257      1.411    7.39266     4.2233    24.7375   13.22580 4.5380e-02 0.0000e+00
        156  55.810761    0.01076     0.6458     38.750      1.430  50504.286    31.1945     4.2244      1.417    7.39283     4.2224    24.7386   13.22607 4.4809e-02 0.0000e+00
        157  55.810764    0.01083     0.6500     39.000      1.437  50504.832    31.1946     4.2234      1.423    7.39300     4.2216    24.7388   13.22635 4.4875e-02 0.0000e+00
        158  55.810767    0.01090     0.6542     39.250      1.441  50503.752    31.1937     4.2225      1.428    7.39320     4.2205    24.7382   13.22669 4.4886e-02 0.0000e+00
        159  55.810770    0.01097     0.6583     39.500      1.442  50502.465    31.1926     4.2217      1.429    7.39341     4.2189    24.7374   13.22705 4.4964e-02 0.0000e+00
        160  55.810773    0.01104     0.6625     39.750      1.439  50502.749    31.1925     4.2206      1.426    7.39362     4.2167    24.7375   13.22739 4.5485e-02 0.0000e+00
        161  55.810775    0.01111     0.6667     40.000      1.434  50505.133    31.1938     4.2190      1.421    7.39384     4.2142    24.7386   13.22774 4.6376e-02 0.0000e+00
        162  55.810778    0.01118     0.6708     40.250      1.428  50508.895    31.1959     4.2168      1.415    7.39413     4.2120    24.7405   13.22819 4.7084e-02 0.0000e+00
        163  55.810781    0.01125     0.6750     40.500      1.423  50512.831    31.1980     4.2143      1.410    7.39446     4.2104    24.7424   13.22872 4.6682e-02 0.0000e+00
        164  55.810784    0.01132     0.6792     40.750      1.420  50515.872    31.1996     4.2121      1.407    7.39478     4.2091    24.7439   13.22922 4.5355e-02 0.0000e+00
        165  55.810787    0.01139     0.6833     41.000      1.421  50517.695    31.2004     4.2105      1.407    7.39504     4.2080    24.7447   13.22963 4.4571e-02 0.0000e+00
        166  55.810790    0.01146     0.6875     41.250      1.424  50518.694    31.2008     4.2092      1.410    7.39525     4.2070    24.7451   13.22998 4.4984e-02 0.0000e+00
        167  55.810793    0.01153     0.6917     41.500      1.428  50519.415    31.2011     4.2081      1.414    7.39543     4.2059    24.7454   13.23028 4.6731e-02 0.0000e+00
        168  55.810796    0.01160     0.6958     41.750      1.432  50520.387    31.2015     4.2071      1.418    7.39560     4.2049    24.7458   13.23055 4.9596e-02 0.0000e+00
        169  55.810799    0.01167     0.7000     42.000      1.435  50522.218    31.2025     4.2060      1.422    7.39573     4.2038    24.7467   13.23076 5.2697e-02 0.0000e+00
        170  55.810802    0.01174     0.7042     42.250      1.437  50525.095    31.2042     4.2050      1.424    7.39584     4.2028    24.7482   13.23090 5.5635e-02 0.0000e+00
        171  55.810804    0.01181     0.7083     42.500      1.438  50528.351    31.2062     4.2039      1.424    7.39593     4.2016    24.7499   13.23102 5.8072e-02 0.0000e+00
        172  55.810807    0.01188     0.7125     42.750      1.437  50531.119    31.2078     4.2029      1.424    7.39604     4.2005    24.7513   13.23118 6.0339e-02 0.0000e+00
        173  55.810810    0.01194     0.7167     43.000      1.436  50533.025    31.2089     4.2017      1.423    7.39619     4.1995    24.7523   13.23142 6.2864e-02 0.0000e+00
        174  55.810813    0.01201     0.7208     43.250      1.434  50534.042    31.2093     4.2006      1.421    7.39638     4.1989    24.7527   13.23173 6.3045e-02 0.0000e+00
        175  55.810816    0.01208     0.7250     43.500      1.432  50534.206    31.2092     4.1996      1.418    7.39655     4.1986    24.7527   13.23202 5.9695e-02 0.0000e+00
        176  55.810819    0.01215     0.7292     43.750      1.428  50533.683    31.2087     4.1990      1.415    7.39669     4.1985    24.7524   13.23225 5.6220e-02 0.0000e+00
        177  55.810822    0.01222     0.7333     44.000      1.426  50532.738    31.2080     4.1987      1.412    7.39678     4.1986    24.7518   13.23241 5.4007e-02 0.0000e+00
        178  55.810825    0.01229     0.7375     44.250      1.425  50531.586    31.2072     4.1986      1.412    7.39683     4.1989    24.7512   13.23251 5.2456e-02 0.0000e+00
        179  55.810828    0.01236     0.7417     44.500      1.428  50530.447    31.2065     4.1987      1.414    7.39685     4.1992    24.7506   13.23255 5.1795e-02 0.0000e+00
        180  55.810830    0.01243     0.7458     44.750      1.434  50529.543    31.2059     4.1990      1.420    7.39684     4.1995    24.7501   13.23253 5.1335e-02 0.0000e+00
