CTD-processing/allCTD/CNV--turbid/2015_04-08_t6_s12_cast020.cnv
* Sea-Bird SBE19plus Data File:
* FileName = C:\Users\kris.holderied\Documents\kasitsna\Research-Projects-and-Data\Oceanography-AK\CTD-Data-ALL-to-2015-02\2015-CTD-KachemakBay-CookInlet\2015-04-EVOSTC-CookInlet-quarterly\2015-04-08-CookInlet-Tran6-Douglas\2015-04-08-CookInlet-Tran6-cast020.hex
* Software Version 1.59
* Temperature SN =  5028
* Conductivity SN =  5028
* System UpLoad Time = Apr 09 2015 19:14:05
** Cook Inlet LTM Tran 6 (Douglas) East to West - partial
** Date: 04-08
** Station: 6-12
** Start time (AKDT): 04:32
** Depth (m): 144
** Comment:  KBL CTD. Time is local (AKDT).  Last station completed - weather deteriorating.
** Comment: On R/V Pandalus.  Weather limited stations (1-12, skipped  7,9)
# nquan = 16
# nvalues = 597                         
# units = specified
# name 0 = scan: Scan Count
# name 1 = timeJ: Julian Days
# name 2 = timeH: Time, Elapsed [hours]
# name 3 = timeM: Time, Elapsed [minutes]
# name 4 = timeS: Time, Elapsed [seconds]
# name 5 = prdM: Pressure, Strain Gauge [db]
# name 6 = specc: Specific Conductance [uS/cm]
# name 7 = sal00: Salinity, Practical [PSU]
# name 8 = tv290C: Temperature [ITS-90, deg C]
# name 9 = depSM: Depth [salt water, m], lat = 59.00
# name 10 = oxsolML/L: Oxygen Saturation, Garcia & Gordon [ml/l]
# name 11 = potemp090C: Potential Temperature [ITS-90, deg C]
# name 12 = sigma-é00: Density [sigma-theta, kg/m^3]
# name 13 = n2satML/L: Nitrogen Saturation [ml/l]
# name 14 = par: PAR/Irradiance, Biospherical/Licor
# name 15 = flag:  0.000e+00
# span 0 =          1,        597       
# span 1 =  98.189398,  98.191123       
# span 2 =    0.00000,    0.04139       
# span 3 =     0.0000,     2.4833       
# span 4 =      0.000,    149.000       
# span 5 =     -0.223,    143.457       
# span 6 =    242.608,  51251.055       
# span 7 =     0.1092,    32.0219       
# span 8 =     3.9054,     6.0133       
# span 9 =     -0.221,    142.066       
# span 10 =    7.04447,    9.17732      
# span 11 =     3.9054,     6.0017      
# span 12 =     0.0631,    25.2214      
# span 13 =   12.64013,   16.65725      
# span 14 = 3.7976e-02, 8.3300e-01      
# span 15 = 0.0000e+00, 0.0000e+00      
# interval = seconds: 0.25
# start_time = Apr 08 2015 04:32:44 [Instrument's time stamp, header]
# bad_flag = -9.990e-29
*END*
[from data line 362]
        363  98.190446    0.02514     1.5083     90.500     56.840  51132.974    31.9795     6.0027     56.301    7.04820     5.9980    25.1668   12.64683 3.7976e-02 0.0000e+00
        364  98.190448    0.02521     1.5125     90.750     57.229  51132.855    31.9793     6.0027     56.686    7.04822     5.9980    25.1666   12.64686 3.7976e-02 0.0000e+00
        365  98.190451    0.02528     1.5167     91.000     57.648  51132.838    31.9791     6.0027     57.101    7.04823     5.9979    25.1664   12.64688 3.7976e-02 0.0000e+00
        366  98.190454    0.02535     1.5208     91.250     58.089  51132.979    31.9789     6.0026     57.538    7.04824     5.9979    25.1663   12.64690 3.7976e-02 0.0000e+00
        367  98.190457    0.02542     1.5250     91.500     58.545  51133.162    31.9788     6.0026     57.990    7.04825     5.9979    25.1662   12.64691 3.7976e-02 0.0000e+00
        368  98.190460    0.02549     1.5292     91.750     59.009  51133.353    31.9787     6.0026     58.449    7.04825     5.9979    25.1662   12.64691 3.7976e-02 0.0000e+00
        369  98.190463    0.02556     1.5333     92.000     59.472  51133.623    31.9787     6.0027     58.908    7.04824     5.9979    25.1662   12.64690 3.7976e-02 0.0000e+00
        370  98.190466    0.02562     1.5375     92.250     59.928  51133.974    31.9787     6.0027     59.359    7.04823     5.9980    25.1662   12.64689 3.7976e-02 0.0000e+00
        371  98.190469    0.02569     1.5417     92.500     60.372  51134.449    31.9789     6.0028     59.799    7.04821     5.9980    25.1663   12.64686 3.7976e-02 0.0000e+00
        372  98.190472    0.02576     1.5458     92.750     60.805  51135.101    31.9791     6.0028     60.228    7.04819     5.9981    25.1665   12.64682 3.7976e-02 0.0000e+00
        373  98.190475    0.02583     1.5500     93.000     61.235  51135.980    31.9796     6.0029     60.654    7.04816     5.9982    25.1668   12.64677 3.7976e-02 0.0000e+00
        374  98.190477    0.02590     1.5542     93.250     61.670  51137.145    31.9802     6.0031     61.084    7.04812     5.9984    25.1673   12.64668 3.7976e-02 0.0000e+00
        375  98.190480    0.02597     1.5583     93.500     62.113  51138.632    31.9810     6.0032     61.523    7.04805     5.9986    25.1680   12.64656 3.7976e-02 0.0000e+00
        376  98.190483    0.02604     1.5625     93.750     62.569  51140.431    31.9821     6.0034     61.974    7.04797     5.9989    25.1688   12.64641 3.7976e-02 0.0000e+00
        377  98.190486    0.02611     1.5667     94.000     63.037  51142.179    31.9831     6.0037     62.438    7.04787     5.9992    25.1696   12.64624 3.7976e-02 0.0000e+00
        378  98.190489    0.02618     1.5708     94.250     63.520  51143.400    31.9838     6.0040     62.916    7.04779     5.9994    25.1701   12.64609 3.7976e-02 0.0000e+00
        379  98.190492    0.02625     1.5750     94.500     64.015  51144.017    31.9841     6.0043     63.407    7.04772     5.9996    25.1702   12.64597 3.7976e-02 0.0000e+00
        380  98.190495    0.02632     1.5792     94.750     64.521  51144.148    31.9840     6.0046     63.908    7.04768     5.9998    25.1701   12.64590 3.7976e-02 0.0000e+00
        381  98.190498    0.02639     1.5833     95.000     65.035  51143.920    31.9836     6.0049     64.417    7.04766     5.9998    25.1698   12.64587 3.7976e-02 0.0000e+00
        382  98.190501    0.02646     1.5875     95.250     65.553  51143.450    31.9831     6.0050     64.930    7.04765     5.9997    25.1694   12.64588 3.7976e-02 0.0000e+00
        383  98.190503    0.02653     1.5917     95.500     66.070  51142.769    31.9824     6.0051     65.442    7.04767     5.9995    25.1688   12.64592 3.7976e-02 0.0000e+00
        384  98.190506    0.02660     1.5958     95.750     66.581  51141.926    31.9815     6.0051     65.948    7.04772     5.9992    25.1682   12.64600 3.7976e-02 0.0000e+00
        385  98.190509    0.02667     1.6000     96.000     67.079  51141.208    31.9808     6.0049     66.441    7.04778     5.9989    25.1676   12.64611 3.7976e-02 0.0000e+00
        386  98.190512    0.02674     1.6042     96.250     67.556  51140.969    31.9803     6.0046     66.914    7.04785     5.9985    25.1673   12.64623 3.7976e-02 0.0000e+00
        387  98.190515    0.02681     1.6083     96.500     68.002  51141.151    31.9802     6.0043     67.356    7.04790     5.9983    25.1672   12.64633 3.7976e-02 0.0000e+00
        388  98.190518    0.02688     1.6125     96.750     68.412  51141.484    31.9802     6.0040     67.761    7.04795     5.9981    25.1672   12.64641 3.7976e-02 0.0000e+00
        389  98.190521    0.02694     1.6167     97.000     68.788  51141.854    31.9802     6.0038     68.134    7.04799     5.9980    25.1673   12.64647 3.7976e-02 0.0000e+00
        390  98.190524    0.02701     1.6208     97.250     69.142  51142.224    31.9803     6.0037     68.484    7.04801     5.9979    25.1674   12.64650 3.7976e-02 0.0000e+00
        391  98.190527    0.02708     1.6250     97.500     69.485  51142.545    31.9803     6.0036     68.824    7.04802     5.9978    25.1674   12.64653 3.7976e-02 0.0000e+00
        392  98.190530    0.02715     1.6292     97.750     69.831  51142.823    31.9803     6.0035     69.167    7.04803     5.9978    25.1674   12.64654 3.7976e-02 0.0000e+00
        393  98.190532    0.02722     1.6333     98.000     70.190  51143.144    31.9804     6.0035     69.521    7.04804     5.9978    25.1675   12.64654 3.7976e-02 0.0000e+00
        394  98.190535    0.02729     1.6375     98.250     70.568  51143.582    31.9805     6.0035     69.896    7.04803     5.9978    25.1676   12.64653 3.7976e-02 0.0000e+00
        395  98.190538    0.02736     1.6417     98.500     70.972  51144.172    31.9807     6.0035     70.296    7.04802     5.9978    25.1678   12.64651 3.7976e-02 0.0000e+00
        396  98.190541    0.02743     1.6458     98.750     71.402  51144.865    31.9810     6.0035     70.722    7.04800     5.9978    25.1680   12.64648 3.7976e-02 0.0000e+00
        397  98.190544    0.02750     1.6500     99.000     71.854  51145.568    31.9812     6.0036     71.170    7.04798     5.9978    25.1682   12.64644 3.7976e-02 0.0000e+00
        398  98.190547    0.02757     1.6542     99.250     72.325  51146.217    31.9815     6.0036     71.636    7.04796     5.9978    25.1684   12.64641 3.7976e-02 0.0000e+00
        399  98.190550    0.02764     1.6583     99.500     72.811  51146.719    31.9816     6.0037     72.118    7.04794     5.9979    25.1685   12.64638 3.7976e-02 0.0000e+00
        400  98.190553    0.02771     1.6625     99.750     73.307  51147.133    31.9817     6.0037     72.609    7.04793     5.9979    25.1685   12.64636 3.7976e-02 0.0000e+00
        401  98.190556    0.02778     1.6667    100.000     73.810  51147.613    31.9818     6.0038     73.107    7.04791     5.9980    25.1686   12.64633 3.7976e-02 0.0000e+00
        402  98.190558    0.02785     1.6708    100.250     74.317  51148.165    31.9820     6.0039     73.609    7.04789     5.9981    25.1687   12.64629 3.7976e-02 0.0000e+00
        403  98.190561    0.02792     1.6750    100.500     74.825  51148.677    31.9821     6.0040     74.112    7.04787     5.9982    25.1688   12.64625 3.7976e-02 0.0000e+00
        404  98.190564    0.02799     1.6792    100.750     75.329  51149.032    31.9821     6.0042     74.611    7.04784     5.9983    25.1688   12.64620 3.7976e-02 0.0000e+00
        405  98.190567    0.02806     1.6833    101.000     75.825  51149.270    31.9820     6.0043     75.102    7.04782     5.9982    25.1688   12.64617 3.7976e-02 0.0000e+00
        406  98.190570    0.02813     1.6875    101.250     76.305  51149.387    31.9819     6.0043     75.578    7.04782     5.9981    25.1687   12.64616 3.7976e-02 0.0000e+00
        407  98.190573    0.02819     1.6917    101.500     76.761  51149.294    31.9816     6.0043     76.030    7.04783     5.9979    25.1684   12.64619 3.7976e-02 0.0000e+00
        408  98.190576    0.02826     1.6958    101.750     77.192  51149.144    31.9813     6.0043     76.457    7.04786     5.9978    25.1682   12.64624 3.7976e-02 0.0000e+00
        409  98.190579    0.02833     1.7000    102.000     77.604  51149.009    31.9810     6.0042     76.865    7.04789     5.9978    25.1679   12.64629 3.7976e-02 0.0000e+00
        410  98.190582    0.02840     1.7042    102.250     78.007  51148.771    31.9807     6.0041     77.263    7.04792     5.9977    25.1677   12.64634 3.7976e-02 0.0000e+00
        411  98.190584    0.02847     1.7083    102.500     78.407  51148.488    31.9803     6.0040     77.660    7.04794     5.9976    25.1674   12.64639 3.7976e-02 0.0000e+00
        412  98.190587    0.02854     1.7125    102.750     78.810  51148.288    31.9799     6.0040     78.058    7.04796     5.9976    25.1671   12.64643 3.7976e-02 0.0000e+00
        413  98.190590    0.02861     1.7167    103.000     79.217  51148.159    31.9796     6.0040     78.462    7.04798     5.9976    25.1669   12.64647 3.7976e-02 0.0000e+00
        414  98.190593    0.02868     1.7208    103.250     79.631  51148.058    31.9793     6.0040     78.871    7.04799     5.9976    25.1667   12.64649 3.7976e-02 0.0000e+00
        415  98.190596    0.02875     1.7250    103.500     80.050  51147.966    31.9791     6.0040     79.287    7.04801     5.9976    25.1665   12.64652 3.7976e-02 0.0000e+00
        416  98.190599    0.02882     1.7292    103.750     80.477  51147.810    31.9788     6.0040     79.709    7.04802     5.9975    25.1663   12.64654 3.7976e-02 0.0000e+00
        417  98.190602    0.02889     1.7333    104.000     80.912  51147.621    31.9784     6.0040     80.140    7.04803     5.9975    25.1660   12.64657 3.7976e-02 0.0000e+00
        418  98.190605    0.02896     1.7375    104.250     81.354  51147.605    31.9782     6.0040     80.578    7.04804     5.9975    25.1658   12.64658 3.7976e-02 0.0000e+00
        419  98.190608    0.02903     1.7417    104.500     81.803  51147.879    31.9782     6.0041     81.023    7.04804     5.9975    25.1658   12.64657 3.7976e-02 0.0000e+00
        420  98.190611    0.02910     1.7458    104.750     82.258  51148.407    31.9783     6.0041     81.473    7.04802     5.9975    25.1659   12.64655 3.7976e-02 0.0000e+00
        421  98.190613    0.02917     1.7500    105.000     82.716  51149.077    31.9786     6.0042     81.927    7.04800     5.9976    25.1661   12.64651 3.7976e-02 0.0000e+00
        422  98.190616    0.02924     1.7542    105.250     83.175  51149.776    31.9789     6.0042     82.380    7.04798     5.9976    25.1663   12.64647 3.7976e-02 0.0000e+00
        423  98.190619    0.02931     1.7583    105.500     83.629  51150.477    31.9791     6.0043     82.830    7.04796     5.9976    25.1666   12.64643 3.7976e-02 0.0000e+00
        424  98.190622    0.02937     1.7625    105.750     84.076  51151.136    31.9794     6.0044     83.272    7.04794     5.9976    25.1668   12.64639 3.7976e-02 0.0000e+00
        425  98.190625    0.02944     1.7667    106.000     84.507  51151.704    31.9796     6.0044     83.700    7.04792     5.9976    25.1669   12.64636 3.7976e-02 0.0000e+00
        426  98.190628    0.02951     1.7708    106.250     84.915  51152.337    31.9798     6.0044     84.104    7.04790     5.9976    25.1671   12.64633 3.7976e-02 0.0000e+00
        427  98.190631    0.02958     1.7750    106.500     85.293  51153.067    31.9802     6.0045     84.478    7.04788     5.9977    25.1674   12.64629 3.7976e-02 0.0000e+00
        428  98.190634    0.02965     1.7792    106.750     85.643  51153.575    31.9804     6.0045     84.825    7.04786     5.9977    25.1675   12.64626 3.7976e-02 0.0000e+00
        429  98.190637    0.02972     1.7833    107.000     85.971  51153.767    31.9804     6.0046     85.150    7.04785     5.9977    25.1675   12.64625 3.7976e-02 0.0000e+00
        430  98.190639    0.02979     1.7875    107.250     86.287  51153.892    31.9803     6.0046     85.462    7.04784     5.9977    25.1675   12.64623 3.7976e-02 0.0000e+00
        431  98.190642    0.02986     1.7917    107.500     86.599  51154.124    31.9803     6.0047     85.771    7.04783     5.9977    25.1675   12.64622 3.7976e-02 0.0000e+00
        432  98.190645    0.02993     1.7958    107.750     86.920  51154.427    31.9804     6.0047     86.089    7.04783     5.9977    25.1675   12.64620 3.7976e-02 0.0000e+00
        433  98.190648    0.03000     1.8000    108.000     87.260  51154.700    31.9804     6.0048     86.426    7.04782     5.9978    25.1675   12.64619 3.7976e-02 0.0000e+00
        434  98.190651    0.03007     1.8042    108.250     87.628  51154.909    31.9804     6.0048     86.790    7.04782     5.9978    25.1675   12.64618 3.7976e-02 0.0000e+00
        435  98.190654    0.03014     1.8083    108.500     88.026  51155.166    31.9804     6.0048     87.185    7.04781     5.9978    25.1675   12.64616 3.7976e-02 0.0000e+00
        436  98.190657    0.03021     1.8125    108.750     88.455  51155.553    31.9805     6.0049     87.609    7.04779     5.9978    25.1676   12.64614 3.7976e-02 0.0000e+00
        437  98.190660    0.03028     1.8167    109.000     88.909  51155.954    31.9806     6.0050     88.059    7.04778     5.9978    25.1676   12.64612 3.7976e-02 0.0000e+00
        438  98.190663    0.03035     1.8208    109.250     89.382  51156.330    31.9806     6.0050     88.527    7.04777     5.9978    25.1677   12.64611 3.7976e-02 0.0000e+00
        439  98.190666    0.03042     1.8250    109.500     89.866  51156.729    31.9806     6.0050     89.006    7.04777     5.9978    25.1677   12.64610 3.7976e-02 0.0000e+00
        440  98.190668    0.03049     1.8292    109.750     90.353  51157.051    31.9806     6.0050     89.489    7.04776     5.9977    25.1677   12.64610 3.7976e-02 0.0000e+00
        441  98.190671    0.03056     1.8333    110.000     90.837  51157.174    31.9805     6.0050     89.967    7.04777     5.9977    25.1676   12.64610 3.7976e-02 0.0000e+00
        442  98.190674    0.03062     1.8375    110.250     91.305  51157.148    31.9803     6.0051     90.431    7.04777     5.9978    25.1674   12.64612 3.7976e-02 0.0000e+00
        443  98.190677    0.03069     1.8417    110.500     91.744  51157.136    31.9801     6.0051     90.866    7.04778     5.9978    25.1672   12.64613 3.7976e-02 0.0000e+00
        444  98.190680    0.03076     1.8458    110.750     92.131  51157.315    31.9800     6.0052     91.249    7.04777     5.9977    25.1671   12.64612 3.7976e-02 0.0000e+00
        445  98.190683    0.03083     1.8500    111.000     92.451  51157.784    31.9801     6.0052     91.566    7.04776     5.9977    25.1673   12.64610 3.7976e-02 0.0000e+00
        446  98.190686    0.03090     1.8542    111.250     92.709  51158.464    31.9805     6.0052     91.821    7.04775     5.9977    25.1676   12.64607 3.7976e-02 0.0000e+00
        447  98.190689    0.03097     1.8583    111.500     92.927  51159.220    31.9809     6.0052     92.037    7.04773     5.9977    25.1679   12.64603 3.7976e-02 0.0000e+00
        448  98.190692    0.03104     1.8625    111.750     93.129  51160.011    31.9814     6.0052     92.238    7.04770     5.9978    25.1683   12.64598 3.7976e-02 0.0000e+00
        449  98.190694    0.03111     1.8667    112.000     93.339  51160.933    31.9819     6.0052     92.445    7.04767     5.9979    25.1687   12.64592 3.7976e-02 0.0000e+00
        450  98.190697    0.03118     1.8708    112.250     93.574  51162.232    31.9827     6.0053     92.678    7.04762     5.9981    25.1694   12.64582 3.7976e-02 0.0000e+00
        451  98.190700    0.03125     1.8750    112.500     93.845  51164.130    31.9840     6.0055     92.946    7.04754     5.9982    25.1703   12.64568 3.7976e-02 0.0000e+00
