CTD-processing/allCTD/CNV--turbid/2015_04-08_t6_s10_cast018.cnv
* Sea-Bird SBE19plus Data File:
* FileName = C:\Users\kris.holderied\Documents\kasitsna\Research-Projects-and-Data\Oceanography-AK\CTD-Data-ALL-to-2015-02\2015-CTD-KachemakBay-CookInlet\2015-04-EVOSTC-CookInlet-quarterly\2015-04-08-CookInlet-Tran6-Douglas\2015-04-08-CookInlet-Tran6-cast018.hex
* Software Version 1.59
* Temperature SN =  5028
* Conductivity SN =  5028
* System UpLoad Time = Apr 09 2015 19:12:11
** Cook Inlet LTM Tran 6 (Douglas) East to West - partial
** Date: 04-08
** Station: 6-10
** Start time (AKDT): 03:40
** Depth (m): 96
** Comment:  KBL CTD. Time is local (AKDT)
** Comment: On R/V Pandalus.  Weather limited stations (1-12, skipped  7,9)
# nquan = 16
# nvalues = 584                         
# units = specified
# name 0 = scan: Scan Count
# name 1 = timeJ: Julian Days
# name 2 = timeH: Time, Elapsed [hours]
# name 3 = timeM: Time, Elapsed [minutes]
# name 4 = timeS: Time, Elapsed [seconds]
# name 5 = prdM: Pressure, Strain Gauge [db]
# name 6 = specc: Specific Conductance [uS/cm]
# name 7 = sal00: Salinity, Practical [PSU]
# name 8 = tv290C: Temperature [ITS-90, deg C]
# name 9 = depSM: Depth [salt water, m], lat = 59.00
# name 10 = oxsolML/L: Oxygen Saturation, Garcia & Gordon [ml/l]
# name 11 = potemp090C: Potential Temperature [ITS-90, deg C]
# name 12 = sigma-é00: Density [sigma-theta, kg/m^3]
# name 13 = n2satML/L: Nitrogen Saturation [ml/l]
# name 14 = par: PAR/Irradiance, Biospherical/Licor
# name 15 = flag:  0.000e+00
# span 0 =          1,        584       
# span 1 =  98.153241,  98.154928       
# span 2 =    0.00000,    0.04049       
# span 3 =     0.0000,     2.4292       
# span 4 =      0.000,    145.750       
# span 5 =     -0.223,     92.678       
# span 6 =    451.956,  51043.077       
# span 7 =     0.2078,    31.9056       
# span 8 =     3.7714,     6.0101       
# span 9 =     -0.221,     91.791       
# span 10 =    7.05048,    9.21464      
# span 11 =     3.7715,     6.0049      
# span 12 =     0.1424,    25.1077      
# span 13 =   12.65156,   16.71922      
# span 14 = 3.7976e-02, 5.5405e-01      
# span 15 = 0.0000e+00, 0.0000e+00      
# interval = seconds: 0.25
# start_time = Apr 08 2015 03:40:40 [Instrument's time stamp, header]
# bad_flag = -9.990e-29
*END*
[from data line 362]
        363  98.154288    0.02514     1.5083     90.500     33.965  50867.539    31.8004     5.9702     33.644    7.06198     5.9677    25.0290   12.67186 3.7976e-02 0.0000e+00
        364  98.154291    0.02521     1.5125     90.750     34.161  50868.011    31.8006     5.9703     33.839    7.06195     5.9678    25.0292   12.67181 3.7976e-02 0.0000e+00
        365  98.154294    0.02528     1.5167     91.000     34.388  50868.693    31.8010     5.9704     34.063    7.06191     5.9680    25.0295   12.67174 3.7976e-02 0.0000e+00
        366  98.154297    0.02535     1.5208     91.250     34.645  50869.699    31.8016     5.9705     34.318    7.06186     5.9683    25.0299   12.67164 3.7976e-02 0.0000e+00
        367  98.154300    0.02542     1.5250     91.500     34.930  50870.977    31.8024     5.9708     34.601    7.06178     5.9686    25.0305   12.67151 3.7976e-02 0.0000e+00
        368  98.154303    0.02549     1.5292     91.750     35.240  50872.208    31.8031     5.9711     34.907    7.06169     5.9689    25.0311   12.67135 3.7976e-02 0.0000e+00
        369  98.154306    0.02556     1.5333     92.000     35.568  50873.117    31.8037     5.9715     35.233    7.06161     5.9692    25.0315   12.67120 3.7976e-02 0.0000e+00
        370  98.154308    0.02562     1.5375     92.250     35.908  50873.727    31.8040     5.9718     35.569    7.06154     5.9694    25.0317   12.67108 3.7976e-02 0.0000e+00
        371  98.154311    0.02569     1.5417     92.500     36.251  50874.217    31.8042     5.9721     35.909    7.06148     5.9696    25.0319   12.67098 3.7976e-02 0.0000e+00
        372  98.154314    0.02576     1.5458     92.750     36.588  50874.695    31.8045     5.9723     36.243    7.06143     5.9697    25.0320   12.67090 3.7976e-02 0.0000e+00
        373  98.154317    0.02583     1.5500     93.000     36.913  50875.238    31.8047     5.9725     36.565    7.06139     5.9698    25.0322   12.67083 3.7976e-02 0.0000e+00
        374  98.154320    0.02590     1.5542     93.250     37.220  50875.913    31.8051     5.9727     36.869    7.06135     5.9698    25.0325   12.67076 3.7976e-02 0.0000e+00
        375  98.154323    0.02597     1.5583     93.500     37.504  50876.708    31.8055     5.9728     37.150    7.06131     5.9699    25.0328   12.67069 3.7976e-02 0.0000e+00
        376  98.154326    0.02604     1.5625     93.750     37.763  50877.569    31.8060     5.9729     37.406    7.06127     5.9701    25.0332   12.67061 3.7976e-02 0.0000e+00
        377  98.154329    0.02611     1.5667     94.000     37.994  50878.361    31.8065     5.9730     37.636    7.06122     5.9702    25.0335   12.67053 3.7976e-02 0.0000e+00
        378  98.154332    0.02618     1.5708     94.250     38.202  50878.918    31.8068     5.9731     37.841    7.06119     5.9703    25.0337   12.67047 3.7976e-02 0.0000e+00
        379  98.154334    0.02625     1.5750     94.500     38.389  50879.245    31.8069     5.9732     38.026    7.06116     5.9704    25.0339   12.67042 3.7976e-02 0.0000e+00
        380  98.154337    0.02632     1.5792     94.750     38.561  50879.484    31.8070     5.9734     38.197    7.06114     5.9705    25.0340   12.67038 3.7976e-02 0.0000e+00
        381  98.154340    0.02639     1.5833     95.000     38.725  50879.778    31.8072     5.9735     38.359    7.06111     5.9706    25.0341   12.67034 3.7976e-02 0.0000e+00
        382  98.154343    0.02646     1.5875     95.250     38.886  50880.161    31.8074     5.9736     38.519    7.06109     5.9707    25.0342   12.67029 3.7976e-02 0.0000e+00
        383  98.154346    0.02653     1.5917     95.500     39.053  50880.600    31.8076     5.9737     38.684    7.06106     5.9708    25.0344   12.67024 3.7976e-02 0.0000e+00
        384  98.154349    0.02660     1.5958     95.750     39.232  50881.151    31.8080     5.9738     38.861    7.06103     5.9709    25.0347   12.67019 3.7976e-02 0.0000e+00
        385  98.154352    0.02667     1.6000     96.000     39.429  50881.917    31.8084     5.9739     39.057    7.06098     5.9712    25.0350   12.67011 3.7976e-02 0.0000e+00
        386  98.154355    0.02674     1.6042     96.250     39.650  50883.006    31.8091     5.9741     39.276    7.06092     5.9715    25.0355   12.67000 3.7976e-02 0.0000e+00
        387  98.154358    0.02681     1.6083     96.500     39.898  50884.679    31.8102     5.9743     39.521    7.06083     5.9721    25.0363   12.66983 3.7976e-02 0.0000e+00
        388  98.154361    0.02688     1.6125     96.750     40.172  50887.187    31.8119     5.9747     39.793    7.06068     5.9729    25.0376   12.66957 3.7976e-02 0.0000e+00
        389  98.154363    0.02694     1.6167     97.000     40.469  50890.168    31.8139     5.9753     40.087    7.06049     5.9739    25.0391   12.66923 3.7976e-02 0.0000e+00
        390  98.154366    0.02701     1.6208     97.250     40.783  50893.036    31.8159     5.9761     40.398    7.06026     5.9749    25.0406   12.66882 3.7976e-02 0.0000e+00
        391  98.154369    0.02708     1.6250     97.500     41.106  50895.860    31.8179     5.9771     40.718    7.06000     5.9761    25.0421   12.66837 3.7976e-02 0.0000e+00
        392  98.154372    0.02715     1.6292     97.750     41.430  50898.858    31.8201     5.9782     41.038    7.05972     5.9773    25.0437   12.66788 3.7976e-02 0.0000e+00
        393  98.154375    0.02722     1.6333     98.000     41.747  50901.902    31.8222     5.9794     41.352    7.05942     5.9784    25.0452   12.66736 3.7976e-02 0.0000e+00
        394  98.154378    0.02729     1.6375     98.250     42.047  50904.935    31.8244     5.9806     41.650    7.05911     5.9795    25.0468   12.66683 3.7976e-02 0.0000e+00
        395  98.154381    0.02736     1.6417     98.500     42.327  50907.866    31.8266     5.9818     41.927    7.05882     5.9806    25.0484   12.66631 3.7976e-02 0.0000e+00
        396  98.154384    0.02743     1.6458     98.750     42.584  50910.284    31.8283     5.9829     42.181    7.05855     5.9815    25.0496   12.66584 3.7976e-02 0.0000e+00
        397  98.154387    0.02750     1.6500     99.000     42.819  50912.098    31.8297     5.9840     42.414    7.05831     5.9823    25.0506   12.66544 3.7976e-02 0.0000e+00
        398  98.154389    0.02757     1.6542     99.250     43.036  50913.789    31.8309     5.9849     42.629    7.05810     5.9830    25.0515   12.66507 3.7976e-02 0.0000e+00
        399  98.154392    0.02764     1.6583     99.500     43.242  50915.619    31.8322     5.9857     42.833    7.05790     5.9837    25.0524   12.66472 3.7976e-02 0.0000e+00
        400  98.154395    0.02771     1.6625     99.750     43.446  50917.411    31.8335     5.9865     43.035    7.05771     5.9844    25.0534   12.66439 3.7976e-02 0.0000e+00
        401  98.154398    0.02778     1.6667    100.000     43.656  50919.067    31.8347     5.9872     43.244    7.05754     5.9850    25.0542   12.66409 3.7976e-02 0.0000e+00
        402  98.154401    0.02785     1.6708    100.250     43.881  50920.605    31.8358     5.9879     43.466    7.05737     5.9856    25.0550   12.66380 3.7976e-02 0.0000e+00
        403  98.154404    0.02792     1.6750    100.500     44.125  50921.832    31.8367     5.9885     43.708    7.05723     5.9860    25.0556   12.66355 3.7976e-02 0.0000e+00
        404  98.154407    0.02799     1.6792    100.750     44.392  50922.578    31.8372     5.9891     43.972    7.05711     5.9864    25.0559   12.66335 3.7976e-02 0.0000e+00
        405  98.154410    0.02806     1.6833    101.000     44.680  50923.020    31.8374     5.9896     44.258    7.05702     5.9867    25.0560   12.66319 3.7976e-02 0.0000e+00
        406  98.154413    0.02813     1.6875    101.250     44.988  50923.298    31.8376     5.9900     44.563    7.05695     5.9870    25.0561   12.66307 3.7976e-02 0.0000e+00
        407  98.154416    0.02819     1.6917    101.500     45.311  50923.403    31.8375     5.9903     44.882    7.05689     5.9871    25.0561   12.66299 3.7976e-02 0.0000e+00
        408  98.154418    0.02826     1.6958    101.750     45.639  50923.726    31.8377     5.9906     45.208    7.05684     5.9874    25.0562   12.66291 3.7976e-02 0.0000e+00
        409  98.154421    0.02833     1.7000    102.000     45.964  50924.978    31.8384     5.9908     45.529    7.05677     5.9878    25.0567   12.66278 3.7976e-02 0.0000e+00
        410  98.154424    0.02840     1.7042    102.250     46.277  50927.299    31.8400     5.9911     45.839    7.05666     5.9883    25.0579   12.66257 3.7976e-02 0.0000e+00
        411  98.154427    0.02847     1.7083    102.500     46.573  50929.818    31.8416     5.9915     46.132    7.05651     5.9888    25.0592   12.66231 3.7976e-02 0.0000e+00
        412  98.154430    0.02854     1.7125    102.750     46.852  50931.553    31.8428     5.9920     46.408    7.05637     5.9892    25.0600   12.66206 3.7976e-02 0.0000e+00
        413  98.154433    0.02861     1.7167    103.000     47.117  50932.351    31.8433     5.9925     46.671    7.05626     5.9895    25.0604   12.66187 3.7976e-02 0.0000e+00
        414  98.154436    0.02868     1.7208    103.250     47.372  50932.375    31.8433     5.9930     46.924    7.05619     5.9895    25.0603   12.66175 3.7976e-02 0.0000e+00
        415  98.154439    0.02875     1.7250    103.500     47.620  50931.664    31.8428     5.9932     47.169    7.05617     5.9894    25.0598   12.66172 3.7976e-02 0.0000e+00
        416  98.154442    0.02882     1.7292    103.750     47.864  50930.383    31.8418     5.9933     47.411    7.05620     5.9891    25.0590   12.66179 3.7976e-02 0.0000e+00
        417  98.154444    0.02889     1.7333    104.000     48.110  50928.733    31.8405     5.9932     47.654    7.05627     5.9887    25.0580   12.66193 3.7976e-02 0.0000e+00
        418  98.154447    0.02896     1.7375    104.250     48.359  50927.318    31.8393     5.9929     47.901    7.05637     5.9883    25.0572   12.66211 3.7976e-02 0.0000e+00
        419  98.154450    0.02903     1.7417    104.500     48.612  50926.986    31.8389     5.9925     48.152    7.05646     5.9880    25.0569   12.66226 3.7976e-02 0.0000e+00
        420  98.154453    0.02910     1.7458    104.750     48.867  50927.549    31.8391     5.9922     48.404    7.05652     5.9878    25.0571   12.66235 3.7976e-02 0.0000e+00
        421  98.154456    0.02917     1.7500    105.000     49.121  50928.029    31.8393     5.9919     48.655    7.05655     5.9877    25.0572   12.66240 3.7976e-02 0.0000e+00
        422  98.154459    0.02924     1.7542    105.250     49.374  50928.114    31.8392     5.9918     48.906    7.05658     5.9877    25.0572   12.66245 3.7976e-02 0.0000e+00
        423  98.154462    0.02931     1.7583    105.500     49.628  50928.430    31.8392     5.9917     49.158    7.05659     5.9877    25.0573   12.66246 3.7976e-02 0.0000e+00
        424  98.154465    0.02937     1.7625    105.750     49.887  50929.528    31.8399     5.9917     49.414    7.05656     5.9880    25.0578   12.66241 3.7976e-02 0.0000e+00
        425  98.154468    0.02944     1.7667    106.000     50.156  50931.477    31.8411     5.9918     49.681    7.05649     5.9884    25.0588   12.66228 3.7976e-02 0.0000e+00
        426  98.154470    0.02951     1.7708    106.250     50.441  50934.144    31.8429     5.9920     49.963    7.05637     5.9889    25.0601   12.66205 3.7976e-02 0.0000e+00
        427  98.154473    0.02958     1.7750    106.500     50.748  50937.082    31.8448     5.9924     50.267    7.05621     5.9895    25.0616   12.66176 3.7976e-02 0.0000e+00
        428  98.154476    0.02965     1.7792    106.750     51.080  50939.892    31.8467     5.9930     50.596    7.05602     5.9902    25.0631   12.66143 3.7976e-02 0.0000e+00
        429  98.154479    0.02972     1.7833    107.000     51.439  50943.662    31.8493     5.9936     50.952    7.05580     5.9912    25.0650   12.66103 3.7976e-02 0.0000e+00
        430  98.154482    0.02979     1.7875    107.250     51.822  50950.847    31.8542     5.9943     51.331    7.05545     5.9927    25.0688   12.66039 3.7976e-02 0.0000e+00
        431  98.154485    0.02986     1.7917    107.500     52.224  50961.840    31.8618     5.9953     51.729    7.05493     5.9946    25.0747   12.65943 3.7976e-02 0.0000e+00
        432  98.154488    0.02993     1.7958    107.750     52.633  50972.914    31.8696     5.9969     52.134    7.05430     5.9966    25.0806   12.65830 3.7976e-02 0.0000e+00
        433  98.154491    0.03000     1.8000    108.000     53.037  50980.601    31.8751     5.9989     52.533    7.05371     5.9984    25.0848   12.65726 3.7976e-02 0.0000e+00
        434  98.154494    0.03007     1.8042    108.250     53.417  50984.776    31.8783     6.0009     52.910    7.05323     5.9996    25.0870   12.65642 3.7976e-02 0.0000e+00
        435  98.154497    0.03014     1.8083    108.500     53.757  50985.970    31.8793     6.0026     53.247    7.05290     6.0004    25.0876   12.65586 3.7976e-02 0.0000e+00
        436  98.154499    0.03021     1.8125    108.750     54.045  50985.055    31.8787     6.0039     53.532    7.05271     6.0008    25.0870   12.65555 3.7976e-02 0.0000e+00
        437  98.154502    0.03028     1.8167    109.000     54.282  50983.461    31.8777     6.0047     53.767    7.05262     6.0010    25.0861   12.65542 3.7976e-02 0.0000e+00
        438  98.154505    0.03035     1.8208    109.250     54.476  50981.719    31.8765     6.0051     53.959    7.05261     6.0009    25.0851   12.65542 3.7976e-02 0.0000e+00
        439  98.154508    0.03042     1.8250    109.500     54.637  50979.639    31.8750     6.0053     54.119    7.05265     6.0006    25.0839   12.65551 3.7976e-02 0.0000e+00
        440  98.154511    0.03049     1.8292    109.750     54.781  50977.028    31.8731     6.0053     54.261    7.05275     6.0001    25.0824   12.65570 3.7976e-02 0.0000e+00
        441  98.154514    0.03056     1.8333    110.000     54.923  50973.637    31.8706     6.0050     54.402    7.05291     5.9994    25.0805   12.65599 3.7976e-02 0.0000e+00
        442  98.154517    0.03062     1.8375    110.250     55.081  50969.202    31.8674     6.0045     54.559    7.05314     5.9986    25.0780   12.65641 3.7976e-02 0.0000e+00
        443  98.154520    0.03069     1.8417    110.500     55.268  50964.960    31.8642     6.0038     54.744    7.05340     5.9979    25.0756   12.65689 3.7976e-02 0.0000e+00
        444  98.154523    0.03076     1.8458    110.750     55.495  50962.962    31.8626     6.0030     54.969    7.05362     5.9974    25.0744   12.65726 3.7976e-02 0.0000e+00
        445  98.154525    0.03083     1.8500    111.000     55.768  50963.674    31.8628     6.0023     55.239    7.05372     5.9974    25.0747   12.65743 3.7976e-02 0.0000e+00
        446  98.154528    0.03090     1.8542    111.250     56.088  50966.415    31.8645     6.0019     55.556    7.05371     5.9978    25.0760   12.65739 3.7976e-02 0.0000e+00
        447  98.154531    0.03097     1.8583    111.500     56.450  50970.224    31.8669     6.0020     55.915    7.05359     5.9984    25.0780   12.65716 3.7977e-02 0.0000e+00
        448  98.154534    0.03104     1.8625    111.750     56.849  50974.412    31.8697     6.0023     56.310    7.05340     5.9992    25.0801   12.65680 3.7977e-02 0.0000e+00
        449  98.154537    0.03111     1.8667    112.000     57.276  50978.853    31.8727     6.0030     56.732    7.05315     6.0000    25.0824   12.65636 3.7978e-02 0.0000e+00
        450  98.154540    0.03118     1.8708    112.250     57.719  50983.390    31.8758     6.0038     57.171    7.05288     6.0008    25.0848   12.65587 3.7979e-02 0.0000e+00
        451  98.154543    0.03125     1.8750    112.500     58.168  50988.130    31.8791     6.0046     57.616    7.05259     6.0016    25.0872   12.65535 3.7981e-02 0.0000e+00
