CTD-processing/allCTD/CNV--turbid/2015_02-24_t7_s21_cast250.cnv
* Sea-Bird SBE19plus Data File:
* FileName = C:\Users\amdoroff\Desktop\2015_02_24_CookInlet_Tran7_Augustine\2015_02_24_CookInlet_Tran7_cast250.hex
* Software Version 1.59
* Temperature SN =  4141
* Conductivity SN =  4141
* System UpLoad Time = Feb 24 2015 13:07:56
** Cook Inlet LTM Tran7 Augustine E to W
** Date 02-24
** Station: 7-21
** Start Time (AKST): 05:58
** Depth (m):  75
** Comment:
** Comment: On R/V Pandalus.
# nquan = 16
# nvalues = 515                         
# units = specified
# name 0 = scan: Scan Count
# name 1 = timeJ: Julian Days
# name 2 = timeH: Time, Elapsed [hours]
# name 3 = timeM: Time, Elapsed [minutes]
# name 4 = timeS: Time, Elapsed [seconds]
# name 5 = prdM: Pressure, Strain Gauge [db]
# name 6 = specc: Specific Conductance [uS/cm]
# name 7 = sal00: Salinity, Practical [PSU]
# name 8 = tv290C: Temperature [ITS-90, deg C]
# name 9 = depSM: Depth [salt water, m], lat = 59.00
# name 10 = oxsolML/L: Oxygen Saturation, Garcia & Gordon [ml/l]
# name 11 = potemp090C: Potential Temperature [ITS-90, deg C]
# name 12 = sigma-é00: Density [sigma-theta, kg/m^3]
# name 13 = n2satML/L: Nitrogen Saturation [ml/l]
# name 14 = par: PAR/Irradiance, Biospherical/Licor
# name 15 = flag:  0.000e+00
# span 0 =          1,        515       
# span 1 =  55.249028,  55.250515       
# span 2 =    0.00000,    0.03569       
# span 3 =     0.0000,     2.1417       
# span 4 =      0.000,    128.500       
# span 5 =      0.052,     75.468       
# span 6 =   2195.092,  50518.377       
# span 7 =     1.0947,    31.5781       
# span 8 =     4.9555,     6.1684       
# span 9 =      0.052,     74.749       
# span 10 =    7.03959,    8.81889      
# span 11 =     4.9555,     6.1626      
# span 12 =     0.8382,    24.8352      
# span 13 =   12.63769,   16.04056      
# span 14 = 3.6382e-02, 4.0663e-01      
# span 15 = 0.0000e+00, 0.0000e+00      
# interval = seconds: 0.25
# start_time = Feb 24 2015 05:58:36 [Instrument's time stamp, header]
# bad_flag = -9.990e-29
*END*
          1  55.249028    0.00000     0.0000      0.000      0.056   2195.092     1.0947     5.2298      0.055    8.81889     5.1761     0.8382   16.04056 3.9572e-01 0.0000e+00
          2  55.249031    0.00007     0.0042      0.250      0.056   2534.784     1.2745     5.2096      0.055    8.81295     5.1265     0.9820   16.02768 4.0663e-01 0.0000e+00
          3  55.249034    0.00014     0.0083      0.500      0.056   3009.717     1.5263     5.1761      0.055    8.80581     5.0695     1.1834   16.01160 3.9028e-01 0.0000e+00
          4  55.249036    0.00021     0.0125      0.750      0.056   3407.013     1.7371     5.1265      0.055    8.80472     5.0209     1.3525   16.00636 3.6188e-01 0.0000e+00
          5  55.249039    0.00028     0.0167      1.000      0.055   3598.406     1.8385     5.0695      0.055    8.81169     4.9873     1.4347   16.01643 3.1233e-01 0.0000e+00
          6  55.249042    0.00035     0.0208      1.250      0.054   3742.648     1.9165     5.0209      0.053    8.81819     4.9668     1.4978   16.02610 2.3191e-01 0.0000e+00
          7  55.249045    0.00042     0.0250      1.500      0.053   3961.042     2.0370     4.9873      0.052    8.81883     4.9568     1.5944   16.02527 1.5984e-01 0.0000e+00
          8  55.249048    0.00049     0.0292      1.750      0.052   4273.464     2.2120     4.9668      0.052    8.81337     4.9555     1.7339   16.01336 1.1596e-01 0.0000e+00
          9  55.249051    0.00056     0.0333      2.000      0.053   4655.405     2.4294     4.9568      0.053    8.80320     4.9632     1.9067   15.99291 9.1011e-02 0.0000e+00
         10  55.249054    0.00063     0.0375      2.250      0.055   5026.466     2.6484     4.9555      0.054    8.79118     4.9820     2.0801   15.96942 7.9169e-02 0.0000e+00
         11  55.249057    0.00069     0.0417      2.500      0.058   5494.709     2.9322     4.9632      0.058    8.77371     5.0171     2.3042   15.93589 7.7388e-02 0.0000e+00
         12  55.249060    0.00076     0.0458      2.750      0.064   6353.984     3.4484     4.9820      0.064    8.74068     5.0777     2.7120   15.87275 8.5374e-02 0.0000e+00
         13  55.249063    0.00083     0.0500      3.000      0.075   7923.278     4.3834     5.0171      0.074    8.68039     5.1753     3.4511   15.75752 1.0515e-01 0.0000e+00
         14  55.249065    0.00090     0.0542      3.250      0.089  10563.700     5.9551     5.0777      0.089    8.57863     5.3051     4.6935   15.56309 1.3857e-01 0.0000e+00
         15  55.249068    0.00097     0.0583      3.500      0.103  13264.100     7.5607     5.1753      0.103    8.46685     5.4371     5.9613   15.35132 1.7701e-01 0.0000e+00
         16  55.249071    0.00104     0.0625      3.750      0.106  13729.066     7.8218     5.3051      0.105    8.42317     5.5414     6.1642   15.27385 2.0084e-01 0.0000e+00
         17  55.249074    0.00111     0.0667      4.000      0.095  11771.395     6.6367     5.4371      0.094    8.45986     5.6101     5.2231   15.35300 2.0732e-01 0.0000e+00
         18  55.249077    0.00118     0.0708      4.250      0.080   9300.301     5.1634     5.5414      0.080    8.51910     5.6506     4.0545   15.47454 2.1003e-01 0.0000e+00
         19  55.249080    0.00125     0.0750      4.500      0.070   7492.027     4.0971     5.6101      0.070    8.56374     5.6730     3.2086   15.56564 2.0921e-01 0.0000e+00
         20  55.249083    0.00132     0.0792      4.750      0.065   6367.698     3.4409     5.6506      0.064    8.59177     5.6843     2.6878   15.62272 2.0335e-01 0.0000e+00
         21  55.249086    0.00139     0.0833      5.000      0.062   5715.513     3.0680     5.6730      0.062    8.60807     5.6893     2.3915   15.65588 1.9882e-01 0.0000e+00
         22  55.249089    0.00146     0.0875      5.250      0.061   5470.646     2.9387     5.6843      0.061    8.61334     5.6917     2.2881   15.66689 1.9458e-01 0.0000e+00
         23  55.249091    0.00153     0.0917      5.500      0.062   5672.761     3.0755     5.6893      0.061    8.60533     5.6951     2.3952   15.65166 1.9153e-01 0.0000e+00
         24  55.249094    0.00160     0.0958      5.750      0.065   6450.283     3.5550     5.6917      0.064    8.57907     5.7034     2.7732   15.60068 1.9653e-01 0.0000e+00
         25  55.249097    0.00167     0.1000      6.000      0.072   8050.242     4.5265     5.6951      0.071    8.52570     5.7224     3.5397   15.49691 2.0631e-01 0.0000e+00
         26  55.249100    0.00174     0.1042      6.250      0.083  10931.953     6.2665     5.7034      0.082    8.42928     5.7564     4.9131   15.30955 2.1640e-01 0.0000e+00
         27  55.249103    0.00181     0.1083      6.500      0.099  15233.758     8.8794     5.7224      0.098    8.28369     5.8013     6.9747   15.02714 2.2684e-01 0.0000e+00
         28  55.249106    0.00187     0.1125      6.750      0.116  19504.332    11.5085     5.7564      0.115    8.13548     5.8442     9.0472   14.74069 2.3340e-01 0.0000e+00
         29  55.249109    0.00194     0.1167      7.000      0.124  21119.680    12.5167     5.8013      0.123    8.07259     5.8742     9.8399   14.62094 2.3515e-01 0.0000e+00
         30  55.249112    0.00201     0.1208      7.250      0.120  18849.344    11.1156     5.8442      0.119    8.13849     5.8866     8.7328   14.75159 2.3527e-01 0.0000e+00
         31  55.249115    0.00208     0.1250      7.500      0.108  14360.855     8.3630     5.8742      0.107    8.27988     5.8843     6.5603   15.02854 2.3422e-01 0.0000e+00
         32  55.249117    0.00215     0.1292      7.750      0.093  10332.595     5.9219     5.8866      0.092    8.40922     5.8748     4.6335   15.28127 2.3226e-01 0.0000e+00
         33  55.249120    0.00222     0.1333      8.000      0.080   7791.660     4.3974     5.8843      0.079    8.49268     5.8648     3.4301   15.44384 2.3053e-01 0.0000e+00
         34  55.249123    0.00229     0.1375      8.250      0.072   6439.295     3.5936     5.8748      0.071    8.53880     5.8573     2.7956   15.53324 2.2986e-01 0.0000e+00
         35  55.249126    0.00236     0.1417      8.500      0.070   5941.875     3.3107     5.8648      0.069    8.55705     5.8528     2.5722   15.56833 2.3052e-01 0.0000e+00
         36  55.249129    0.00243     0.1458      8.750      0.072   6174.352     3.4772     5.8573      0.071    8.55083     5.8518     2.7033   15.55596 2.3211e-01 0.0000e+00
         37  55.249132    0.00250     0.1500      9.000      0.079   7226.744     4.1527     5.8528      0.078    8.51705     5.8554     3.2356   15.49015 2.3412e-01 0.0000e+00
         38  55.249135    0.00257     0.1542      9.250      0.092   9411.710     5.5343     5.8518      0.091    8.44536     5.8657     4.3248   15.35088 2.3576e-01 0.0000e+00
         39  55.249138    0.00264     0.1583      9.500      0.116  13342.749     8.0069     5.8554      0.115    8.31544     5.8866     6.2741   15.09866 2.3571e-01 0.0000e+00
         40  55.249141    0.00271     0.1625      9.750      0.157  20095.027    12.2441     5.8657      0.156    8.09152     5.9196     9.6148   14.66417 2.3310e-01 0.0000e+00
         41  55.249144    0.00278     0.1667     10.000      0.218  29104.312    17.9189     5.8866      0.216    7.79152     5.9592    14.0885   14.08264 2.2796e-01 0.0000e+00
         42  55.249146    0.00285     0.1708     10.250      0.288  37192.361    23.0573     5.9196      0.286    7.51971     5.9968    18.1378   13.55685 2.2029e-01 0.0000e+00
         43  55.249149    0.00292     0.1750     10.500      0.353  42503.652    26.4549     5.9592      0.350    7.33807     6.0273    20.8131   13.20651 2.1020e-01 0.0000e+00
         44  55.249152    0.00299     0.1792     10.750      0.406  45663.381    28.4774     5.9968      0.402    7.22754     6.0500    22.4040   12.99396 1.9991e-01 0.0000e+00
         45  55.249155    0.00306     0.1833     11.000      0.450  47543.303    29.6814     6.0274      0.446    7.16034     6.0657    23.3501   12.86510 1.9293e-01 0.0000e+00
         46  55.249158    0.00313     0.1875     11.250      0.494  48662.797    30.3988     6.0500      0.490    7.11955     6.0762    23.9133   12.78706 1.8818e-01 0.0000e+00
         47  55.249161    0.00319     0.1917     11.500      0.548  49331.987    30.8279     6.0657      0.543    7.09477     6.0831    24.2499   12.73976 1.7968e-01 0.0000e+00
         48  55.249164    0.00326     0.1958     11.750      0.620  49735.275    31.0868     6.0762      0.615    7.07968     6.0880    24.4529   12.71098 1.6269e-01 0.0000e+00
         49  55.249167    0.00333     0.2000     12.000      0.713  49979.082    31.2434     6.0831      0.706    7.07045     6.0917    24.5756   12.69341 1.3898e-01 0.0000e+00
         50  55.249170    0.00340     0.2042     12.250      0.818  50124.714    31.3371     6.0880      0.810    7.06480     6.0945    24.6489   12.68270 1.1698e-01 0.0000e+00
         51  55.249172    0.00347     0.2083     12.500      0.928  50208.810    31.3912     6.0917      0.919    7.06138     6.0966    24.6911   12.67624 1.0271e-01 0.0000e+00
         52  55.249175    0.00354     0.2125     12.750      1.033  50253.698    31.4199     6.0946      1.023    7.05941     6.0981    24.7134   12.67254 9.2073e-02 0.0000e+00
         53  55.249178    0.00361     0.2167     13.000      1.122  50272.188    31.4313     6.0967      1.111    7.05844     6.0995    24.7222   12.67074 7.9356e-02 0.0000e+00
         54  55.249181    0.00368     0.2208     13.250      1.188  50279.343    31.4355     6.0982      1.177    7.05793     6.1010    24.7253   12.66982 6.7345e-02 0.0000e+00
         55  55.249184    0.00375     0.2250     13.500      1.231  50293.714    31.4451     6.0996      1.220    7.05722     6.1029    24.7327   12.66852 5.9932e-02 0.0000e+00
         56  55.249187    0.00382     0.2292     13.750      1.257  50316.557    31.4608     6.1011      1.245    7.05620     6.1051    24.7449   12.66663 5.6796e-02 0.0000e+00
         57  55.249190    0.00389     0.2333     14.000      1.270  50336.714    31.4749     6.1030      1.258    7.05521     6.1072    24.7558   12.66482 5.7251e-02 0.0000e+00
         58  55.249193    0.00396     0.2375     14.250      1.278  50349.725    31.4841     6.1052      1.266    7.05442     6.1091    24.7628   12.66339 6.1492e-02 0.0000e+00
         59  55.249196    0.00403     0.2417     14.500      1.287  50357.093    31.4895     6.1073      1.275    7.05381     6.1107    24.7669   12.66231 7.0755e-02 0.0000e+00
         60  55.249198    0.00410     0.2458     14.750      1.302  50360.745    31.4924     6.1092      1.290    7.05336     6.1121    24.7689   12.66153 8.1364e-02 0.0000e+00
         61  55.249201    0.00417     0.2500     15.000      1.324  50361.646    31.4933     6.1108      1.311    7.05304     6.1132    24.7694   12.66100 8.8190e-02 0.0000e+00
         62  55.249204    0.00424     0.2542     15.250      1.350  50360.420    31.4927     6.1122      1.337    7.05285     6.1141    24.7687   12.66068 9.4595e-02 0.0000e+00
         63  55.249207    0.00431     0.2583     15.500      1.376  50357.960    31.4912     6.1133      1.363    7.05273     6.1147    24.7674   12.66051 1.0365e-01 0.0000e+00
         64  55.249210    0.00438     0.2625     15.750      1.394  50355.542    31.4896     6.1142      1.381    7.05266     6.1151    24.7661   12.66040 1.1437e-01 0.0000e+00
         65  55.249213    0.00444     0.2667     16.000      1.398  50354.883    31.4893     6.1148      1.385    7.05257     6.1152    24.7658   12.66026 1.2450e-01 0.0000e+00
         66  55.249216    0.00451     0.2708     16.250      1.385  50357.225    31.4910     6.1152      1.373    7.05243     6.1152    24.7671   12.66001 1.2721e-01 0.0000e+00
         67  55.249219    0.00458     0.2750     16.500      1.356  50361.864    31.4943     6.1153      1.344    7.05226     6.1151    24.7696   12.65968 1.1899e-01 0.0000e+00
         68  55.249222    0.00465     0.2792     16.750      1.313  50367.028    31.4979     6.1153      1.301    7.05210     6.1152    24.7724   12.65937 1.0549e-01 0.0000e+00
         69  55.249225    0.00472     0.2833     17.000      1.262  50371.905    31.5012     6.1152      1.250    7.05195     6.1154    24.7751   12.65908 9.1831e-02 0.0000e+00
         70  55.249227    0.00479     0.2875     17.250      1.211  50376.405    31.5044     6.1153      1.200    7.05179     6.1158    24.7776   12.65878 7.8616e-02 0.0000e+00
         71  55.249230    0.00486     0.2917     17.500      1.170  50380.333    31.5071     6.1155      1.159    7.05162     6.1164    24.7797   12.65846 6.6740e-02 0.0000e+00
         72  55.249233    0.00493     0.2958     17.750      1.146  50383.493    31.5094     6.1159      1.135    7.05144     6.1171    24.7815   12.65814 5.7820e-02 0.0000e+00
         73  55.249236    0.00500     0.3000     18.000      1.142  50385.717    31.5111     6.1165      1.131    7.05127     6.1178    24.7827   12.65784 5.2367e-02 0.0000e+00
         74  55.249239    0.00507     0.3042     18.250      1.155  50387.058    31.5121     6.1172      1.145    7.05111     6.1185    24.7835   12.65756 4.9669e-02 0.0000e+00
         75  55.249242    0.00514     0.3083     18.500      1.182  50387.850    31.5128     6.1179      1.171    7.05096     6.1192    24.7839   12.65729 4.8935e-02 0.0000e+00
         76  55.249245    0.00521     0.3125     18.750      1.216  50388.322    31.5133     6.1186      1.205    7.05081     6.1199    24.7842   12.65705 4.9884e-02 0.0000e+00
         77  55.249248    0.00528     0.3167     19.000      1.252  50388.557    31.5135     6.1193      1.241    7.05069     6.1206    24.7843   12.65684 5.2430e-02 0.0000e+00
         78  55.249251    0.00535     0.3208     19.250      1.287  50388.743    31.5138     6.1200      1.275    7.05057     6.1214    24.7844   12.65664 5.6683e-02 0.0000e+00
         79  55.249253    0.00542     0.3250     19.500      1.317  50389.017    31.5141     6.1207      1.305    7.05044     6.1222    24.7846   12.65643 6.2417e-02 0.0000e+00
         80  55.249256    0.00549     0.3292     19.750      1.341  50389.367    31.5145     6.1215      1.328    7.05030     6.1229    24.7848   12.65618 6.9695e-02 0.0000e+00
         81  55.249259    0.00556     0.3333     20.000      1.357  50389.782    31.5149     6.1223      1.344    7.05014     6.1233    24.7850   12.65591 7.9462e-02 0.0000e+00
         82  55.249262    0.00562     0.3375     20.250      1.365  50390.051    31.5152     6.1230      1.352    7.05001     6.1234    24.7852   12.65569 9.1786e-02 0.0000e+00
         83  55.249265    0.00569     0.3417     20.500      1.366  50389.863    31.5152     6.1234      1.353    7.04993     6.1231    24.7851   12.65557 1.0509e-01 0.0000e+00
         84  55.249268    0.00576     0.3458     20.750      1.360  50389.232    31.5148     6.1235      1.347    7.04994     6.1224    24.7848   12.65558 1.1568e-01 0.0000e+00
         85  55.249271    0.00583     0.3500     21.000      1.348  50388.597    31.5143     6.1232      1.335    7.05001     6.1216    24.7844   12.65571 1.2454e-01 0.0000e+00
         86  55.249274    0.00590     0.3542     21.250      1.332  50388.339    31.5140     6.1225      1.319    7.05013     6.1206    24.7842   12.65591 1.3222e-01 0.0000e+00
         87  55.249277    0.00597     0.3583     21.500      1.315  50388.414    31.5139     6.1217      1.303    7.05027     6.1195    24.7843   12.65616 1.3340e-01 0.0000e+00
         88  55.249280    0.00604     0.3625     21.750      1.301  50388.591    31.5138     6.1207      1.288    7.05045     6.1185    24.7843   12.65645 1.3323e-01 0.0000e+00
         89  55.249282    0.00611     0.3667     22.000      1.289  50388.575    31.5136     6.1196      1.277    7.05064     6.1177    24.7843   12.65676 1.3485e-01 0.0000e+00
         90  55.249285    0.00618     0.3708     22.250      1.281  50388.206    31.5132     6.1186      1.269    7.05082     6.1171    24.7841   12.65707 1.2814e-01 0.0000e+00
