CTD-processing/allCTD/CNV--turbid/2015_06-26_t9_s10_cast106.cnv
* Sea-Bird SBE19plus Data File:
* FileName = C:\Users\Kris.Holderied\Documents\kasitsna\Research-KBL\Oceanography-AK\CTD-Data-ALL-to-2015-04\2015-CTD-KachemakBay-CookInlet\2015-06-26-CookInlet-HomerSpit-Monthly\2015-06-26-CookInlet-Tran9-cast106.hex
* Software Version 1.59
* Temperature SN =  5028
* Conductivity SN =  5028
* System UpLoad Time = Jul 03 2015 13:38:55
** Cook Inlet LTM Tran 9 (Homer Spit) North to South
** Date: 06-26
** Station:  9-10
** Start time (AKDT): 10:39
** Depth (m): 62.8
** Comment:  R/V Barnacle
** Comment:
# nquan = 16
# nvalues = 724                         
# units = specified
# name 0 = scan: Scan Count
# name 1 = timeJ: Julian Days
# name 2 = timeH: Time, Elapsed [hours]
# name 3 = timeM: Time, Elapsed [minutes]
# name 4 = timeS: Time, Elapsed [seconds]
# name 5 = prdM: Pressure, Strain Gauge [db]
# name 6 = specc: Specific Conductance [uS/cm]
# name 7 = sal00: Salinity, Practical [PSU]
# name 8 = tv290C: Temperature [ITS-90, deg C]
# name 9 = depSM: Depth [salt water, m], lat = 59.00
# name 10 = oxsolML/L: Oxygen Saturation, Garcia & Gordon [ml/l]
# name 11 = potemp090C: Potential Temperature [ITS-90, deg C]
# name 12 = sigma-é00: Density [sigma-theta, kg/m^3]
# name 13 = n2satML/L: Nitrogen Saturation [ml/l]
# name 14 = par: PAR/Irradiance, Biospherical/Licor
# name 15 = flag:  0.000e+00
# span 0 =          1,        724       
# span 1 = 177.443437, 177.445530       
# span 2 =    0.00000,    0.05021       
# span 3 =     0.0000,     3.0125       
# span 4 =      0.000,    180.750       
# span 5 =     -0.087,     59.049       
# span 6 =      2.457,  49961.100       
# span 7 =     0.0082,    31.4268       
# span 8 =     7.3312,    14.7903       
# span 9 =     -0.086,     58.489       
# span 10 =    6.21559,    7.09606      
# span 11 =     7.3259,    14.7903      
# span 12 =    -0.8551,    24.5476      
# span 13 =   11.32936,   13.14732      
# span 14 = 7.2572e-02, 3.8882e+02      
# span 15 = 0.0000e+00, 0.0000e+00      
# interval = seconds: 0.25
# start_time = Jun 26 2015 10:38:33 [Instrument's time stamp, header]
# bad_flag = -9.990e-29
*END*
[from data line 543]
        544 177.445009    0.03771     2.2625    135.750     12.166  49344.220    31.2185     8.7363     12.052    6.65319     8.7303    24.1984   12.00314 8.3633e+00 0.0000e+00
        545 177.445012    0.03778     2.2667    136.000     12.388  49355.871    31.2261     8.7330     12.272    6.65335     8.7305    24.2049   12.00331 7.6750e+00 0.0000e+00
        546 177.445014    0.03785     2.2708    136.250     12.621  49367.511    31.2339     8.7315     12.503    6.65323     8.7320    24.2112   12.00302 7.0270e+00 0.0000e+00
        547 177.445017    0.03792     2.2750    136.500     12.860  49378.785    31.2417     8.7318     12.739    6.65285     8.7339    24.2173   12.00230 6.4198e+00 0.0000e+00
        548 177.445020    0.03799     2.2792    136.750     13.106  49389.806    31.2495     8.7333     12.983    6.65229     8.7342    24.2232   12.00127 5.8425e+00 0.0000e+00
        549 177.445023    0.03806     2.2833    137.000     13.360  49397.122    31.2548     8.7352     13.235    6.65178     8.7287    24.2271   12.00036 5.2962e+00 0.0000e+00
        550 177.445026    0.03812     2.2875    137.250     13.622  49395.144    31.2534     8.7355     13.494    6.65181     8.7121    24.2259   12.00043 4.7900e+00 0.0000e+00
        551 177.445029    0.03819     2.2917    137.500     13.888  49380.914    31.2425     8.7301     13.757    6.65309     8.6789    24.2181   12.00268 4.3254e+00 0.0000e+00
        552 177.445032    0.03826     2.2958    137.750     14.158  49355.732    31.2223     8.7135     14.024    6.65645     8.6274    24.2048   12.00848 3.8990e+00 0.0000e+00
        553 177.445035    0.03833     2.3000    138.000     14.432  49330.336    31.1995     8.6803     14.296    6.66240     8.5617    24.1918   12.01862 3.5110e+00 0.0000e+00
        554 177.445038    0.03840     2.3042    138.250     14.707  49321.218    31.1854     8.6288     14.569    6.67072     8.4909    24.1885   12.03256 3.1662e+00 0.0000e+00
        555 177.445041    0.03847     2.3083    138.500     14.979  49340.587    31.1892     8.5632     14.838    6.68040     8.4247    24.2011   12.04853 2.8709e+00 0.0000e+00
        556 177.445043    0.03854     2.3125    138.750     15.242  49386.330    31.2106     8.4924     15.098    6.69010     8.3686    24.2284   12.06432 2.6270e+00 0.0000e+00
        557 177.445046    0.03861     2.3167    139.000     15.493  49441.359    31.2392     8.4262     15.348    6.69881     8.3234    24.2605   12.07838 2.4269e+00 0.0000e+00
        558 177.445049    0.03868     2.3208    139.250     15.742  49491.503    31.2659     8.3701     15.594    6.70610     8.2875    24.2896   12.09012 2.2562e+00 0.0000e+00
        559 177.445052    0.03875     2.3250    139.500     15.999  49533.058    31.2880     8.3249     15.848    6.71196     8.2593    24.3136   12.09955 2.1028e+00 0.0000e+00
        560 177.445055    0.03882     2.3292    139.750     16.269  49567.594    31.3067     8.2890     16.117    6.71656     8.2375    24.3334   12.10693 1.9614e+00 0.0000e+00
        561 177.445058    0.03889     2.3333    140.000     16.551  49597.085    31.3229     8.2609     16.396    6.72010     8.2206    24.3502   12.11260 1.8316e+00 0.0000e+00
        562 177.445061    0.03896     2.3375    140.250     16.837  49621.404    31.3365     8.2391     16.679    6.72281     8.2074    24.3640   12.11691 1.7137e+00 0.0000e+00
        563 177.445064    0.03903     2.3417    140.500     17.124  49641.390    31.3478     8.2222     16.963    6.72488     8.1971    24.3753   12.12018 1.6072e+00 0.0000e+00
        564 177.445067    0.03910     2.3458    140.750     17.409  49658.534    31.3577     8.2090     17.246    6.72645     8.1889    24.3850   12.12266 1.5106e+00 0.0000e+00
        565 177.445069    0.03917     2.3500    141.000     17.695  49672.518    31.3658     8.1988     17.529    6.72765     8.1814    24.3928   12.12455 1.4217e+00 0.0000e+00
        566 177.445072    0.03924     2.3542    141.250     17.984  49683.012    31.3718     8.1906     17.814    6.72863     8.1728    24.3986   12.12610 1.3394e+00 0.0000e+00
        567 177.445075    0.03931     2.3583    141.500     18.276  49690.594    31.3758     8.1832     18.104    6.72959     8.1612    24.4029   12.12764 1.2631e+00 0.0000e+00
        568 177.445078    0.03938     2.3625    141.750     18.570  49695.173    31.3775     8.1746     18.395    6.73081     8.1453    24.4055   12.12965 1.1928e+00 0.0000e+00
        569 177.445081    0.03944     2.3667    142.000     18.865  49698.378    31.3778     8.1629     18.688    6.73257     8.1262    24.4074   12.13255 1.1284e+00 0.0000e+00
        570 177.445084    0.03951     2.3708    142.250     19.161  49704.207    31.3793     8.1471     18.981    6.73492     8.1061    24.4109   12.13642 1.0702e+00 0.0000e+00
        571 177.445087    0.03958     2.3750    142.500     19.458  49713.652    31.3829     8.1281     19.275    6.73767     8.0868    24.4164   12.14092 1.0179e+00 0.0000e+00
        572 177.445090    0.03965     2.3792    142.750     19.755  49725.862    31.3882     8.1079     19.569    6.74050     8.0702    24.4234   12.14555 9.7068e-01 0.0000e+00
        573 177.445093    0.03972     2.3833    143.000     20.053  49740.579    31.3953     8.0887     19.865    6.74312     8.0571    24.4318   12.14978 9.2723e-01 0.0000e+00
        574 177.445095    0.03979     2.3875    143.250     20.355  49755.458    31.4030     8.0722     20.164    6.74530     8.0472    24.4402   12.15331 8.8657e-01 0.0000e+00
        575 177.445098    0.03986     2.3917    143.500     20.661  49767.596    31.4093     8.0591     20.467    6.74702     8.0394    24.4470   12.15608 8.4815e-01 0.0000e+00
        576 177.445101    0.03993     2.3958    143.750     20.969  49776.132    31.4136     8.0492     20.772    6.74836     8.0329    24.4518   12.15823 8.1164e-01 0.0000e+00
        577 177.445104    0.04000     2.4000    144.000     21.278  49781.416    31.4160     8.0414     21.078    6.74943     8.0266    24.4547   12.15998 7.7683e-01 0.0000e+00
        578 177.445107    0.04007     2.4042    144.250     21.588  49783.723    31.4164     8.0349     21.385    6.75041     8.0197    24.4560   12.16159 7.4362e-01 0.0000e+00
        579 177.445110    0.04014     2.4083    144.500     21.898  49783.474    31.4151     8.0287     21.692    6.75141     8.0114    24.4559   12.16327 7.1207e-01 0.0000e+00
        580 177.445113    0.04021     2.4125    144.750     22.207  49781.285    31.4124     8.0219     21.998    6.75258     8.0010    24.4547   12.16523 6.8225e-01 0.0000e+00
        581 177.445116    0.04028     2.4167    145.000     22.512  49777.708    31.4084     8.0136     22.300    6.75403     7.9882    24.4528   12.16767 6.5416e-01 0.0000e+00
        582 177.445119    0.04035     2.4208    145.250     22.811  49774.533    31.4044     8.0031     22.596    6.75580     7.9739    24.4511   12.17066 6.2781e-01 0.0000e+00
        583 177.445122    0.04042     2.4250    145.500     23.105  49774.110    31.4020     7.9904     22.887    6.75786     7.9593    24.4510   12.17409 6.0322e-01 0.0000e+00
        584 177.445124    0.04049     2.4292    145.750     23.392  49777.565    31.4020     7.9761     23.172    6.76005     7.9457    24.4531   12.17771 5.8045e-01 0.0000e+00
        585 177.445127    0.04056     2.4333    146.000     23.669  49784.447    31.4044     7.9615     23.447    6.76218     7.9337    24.4570   12.18121 5.5967e-01 0.0000e+00
        586 177.445130    0.04063     2.4375    146.250     23.931  49792.363    31.4077     7.9479     23.706    6.76412     7.9231    24.4615   12.18438 5.4102e-01 0.0000e+00
        587 177.445133    0.04069     2.4417    146.500     24.175  49798.595    31.4100     7.9360     23.948    6.76585     7.9130    24.4650   12.18721 5.2448e-01 0.0000e+00
        588 177.445136    0.04076     2.4458    146.750     24.398  49802.478    31.4110     7.9254     24.169    6.76744     7.9030    24.4673   12.18983 5.0976e-01 0.0000e+00
        589 177.445139    0.04083     2.4500    147.000     24.608  49804.488    31.4107     7.9154     24.376    6.76899     7.8923    24.4685   12.19240 4.9623e-01 0.0000e+00
        590 177.445142    0.04090     2.4542    147.250     24.814  49804.903    31.4093     7.9053     24.580    6.77060     7.8810    24.4688   12.19508 4.8299e-01 0.0000e+00
        591 177.445145    0.04097     2.4583    147.500     25.029  49805.095    31.4076     7.8947     24.793    6.77231     7.8696    24.4690   12.19792 4.6940e-01 0.0000e+00
        592 177.445148    0.04104     2.4625    147.750     25.260  49808.026    31.4078     7.8834     25.022    6.77405     7.8596    24.4707   12.20079 4.5540e-01 0.0000e+00
        593 177.445150    0.04111     2.4667    148.000     25.505  49815.050    31.4108     7.8720     25.265    6.77566     7.8520    24.4746   12.20342 4.4128e-01 0.0000e+00
        594 177.445153    0.04118     2.4708    148.250     25.759  49823.885    31.4152     7.8621     25.517    6.77699     7.8466    24.4796   12.20557 4.2742e-01 0.0000e+00
        595 177.445156    0.04125     2.4750    148.500     26.017  49831.588    31.4193     7.8545     25.772    6.77798     7.8429    24.4838   12.20716 4.1408e-01 0.0000e+00
        596 177.445159    0.04132     2.4792    148.750     26.274  49837.033    31.4221     7.8491     26.027    6.77868     7.8403    24.4868   12.20828 4.0132e-01 0.0000e+00
        597 177.445162    0.04139     2.4833    149.000     26.532  49840.451    31.4238     7.8454     26.282    6.77918     7.8383    24.4886   12.20908 3.8908e-01 0.0000e+00
        598 177.445165    0.04146     2.4875    149.250     26.789  49842.554    31.4247     7.8428     26.537    6.77954     7.8368    24.4897   12.20967 3.7727e-01 0.0000e+00
        599 177.445168    0.04153     2.4917    149.500     27.047  49843.904    31.4252     7.8409     26.792    6.77981     7.8356    24.4904   12.21012 3.6584e-01 0.0000e+00
        600 177.445171    0.04160     2.4958    149.750     27.307  49844.829    31.4255     7.8394     27.050    6.78003     7.8346    24.4908   12.21047 3.5472e-01 0.0000e+00
        601 177.445174    0.04167     2.5000    150.000     27.569  49845.649    31.4258     7.8382     27.310    6.78020     7.8339    24.4912   12.21076 3.4393e-01 0.0000e+00
        602 177.445177    0.04174     2.5042    150.250     27.832  49846.543    31.4261     7.8372     27.570    6.78033     7.8335    24.4916   12.21097 3.3356e-01 0.0000e+00
        603 177.445179    0.04181     2.5083    150.500     28.096  49847.350    31.4265     7.8365     27.831    6.78042     7.8333    24.4920   12.21112 3.2359e-01 0.0000e+00
        604 177.445182    0.04188     2.5125    150.750     28.360  49847.894    31.4267     7.8361     28.093    6.78048     7.8333    24.4922   12.21121 3.1394e-01 0.0000e+00
        605 177.445185    0.04194     2.5167    151.000     28.625  49848.266    31.4268     7.8359     28.355    6.78050     7.8334    24.4923   12.21124 3.0460e-01 0.0000e+00
        606 177.445188    0.04201     2.5208    151.250     28.890  49848.527    31.4268     7.8360     28.618    6.78050     7.8336    24.4924   12.21123 2.9559e-01 0.0000e+00
        607 177.445191    0.04208     2.5250    151.500     29.154  49848.509    31.4267     7.8361     28.880    6.78048     7.8336    24.4923   12.21120 2.8698e-01 0.0000e+00
        608 177.445194    0.04215     2.5292    151.750     29.415  49848.059    31.4263     7.8363     29.138    6.78047     7.8334    24.4919   12.21119 2.7885e-01 0.0000e+00
        609 177.445197    0.04222     2.5333    152.000     29.670  49847.327    31.4257     7.8363     29.391    6.78049     7.8329    24.4914   12.21122 2.7126e-01 0.0000e+00
        610 177.445200    0.04229     2.5375    152.250     29.919  49846.797    31.4252     7.8361     29.637    6.78054     7.8324    24.4911   12.21132 2.6413e-01 0.0000e+00
        611 177.445203    0.04236     2.5417    152.500     30.160  49846.785    31.4250     7.8357     29.876    6.78061     7.8320    24.4910   12.21144 2.5741e-01 0.0000e+00
        612 177.445205    0.04243     2.5458    152.750     30.396  49847.047    31.4250     7.8353     30.110    6.78069     7.8316    24.4911   12.21156 2.5102e-01 0.0000e+00
        613 177.445208    0.04250     2.5500    153.000     30.630  49847.254    31.4250     7.8348     30.341    6.78075     7.8313    24.4911   12.21167 2.4485e-01 0.0000e+00
        614 177.445211    0.04257     2.5542    153.250     30.865  49847.371    31.4249     7.8345     30.574    6.78081     7.8311    24.4911   12.21177 2.3882e-01 0.0000e+00
        615 177.445214    0.04264     2.5583    153.500     31.105  49847.470    31.4249     7.8342     30.812    6.78086     7.8309    24.4911   12.21184 2.3292e-01 0.0000e+00
        616 177.445217    0.04271     2.5625    153.750     31.349  49847.679    31.4249     7.8340     31.054    6.78089     7.8307    24.4911   12.21190 2.2712e-01 0.0000e+00
        617 177.445220    0.04278     2.5667    154.000     31.597  49848.017    31.4250     7.8338     31.299    6.78091     7.8305    24.4912   12.21194 2.2145e-01 0.0000e+00
        618 177.445223    0.04285     2.5708    154.250     31.847  49848.272    31.4250     7.8337     31.547    6.78093     7.8303    24.4913   12.21196 2.1596e-01 0.0000e+00
        619 177.445226    0.04292     2.5750    154.500     32.099  49848.324    31.4249     7.8336     31.797    6.78095     7.8299    24.4912   12.21201 2.1068e-01 0.0000e+00
        620 177.445229    0.04299     2.5792    154.750     32.351  49848.171    31.4246     7.8334     32.046    6.78100     7.8293    24.4911   12.21208 2.0562e-01 0.0000e+00
        621 177.445231    0.04306     2.5833    155.000     32.602  49847.855    31.4242     7.8330     32.295    6.78107     7.8285    24.4908   12.21221 2.0076e-01 0.0000e+00
        622 177.445234    0.04312     2.5875    155.250     32.855  49847.565    31.4238     7.8324     32.545    6.78118     7.8274    24.4906   12.21239 1.9606e-01 0.0000e+00
        623 177.445237    0.04319     2.5917    155.500     33.113  49847.353    31.4234     7.8316     32.801    6.78132     7.8259    24.4904   12.21263 1.9147e-01 0.0000e+00
        624 177.445240    0.04326     2.5958    155.750     33.379  49846.926    31.4228     7.8305     33.064    6.78151     7.8239    24.4901   12.21296 1.8693e-01 0.0000e+00
        625 177.445243    0.04333     2.6000    156.000     33.652  49845.859    31.4217     7.8291     33.335    6.78178     7.8210    24.4894   12.21341 1.8241e-01 0.0000e+00
        626 177.445246    0.04340     2.6042    156.250     33.935  49844.164    31.4201     7.8271     33.615    6.78216     7.8171    24.4884   12.21407 1.7794e-01 0.0000e+00
        627 177.445249    0.04347     2.6083    156.500     34.224  49842.763    31.4185     7.8242     33.902    6.78268     7.8123    24.4876   12.21495 1.7357e-01 0.0000e+00
        628 177.445252    0.04354     2.6125    156.750     34.519  49842.197    31.4173     7.8203     34.194    6.78333     7.8069    24.4872   12.21604 1.6935e-01 0.0000e+00
        629 177.445255    0.04361     2.6167    157.000     34.817  49842.017    31.4163     7.8156     34.489    6.78410     7.8009    24.4871   12.21732 1.6530e-01 0.0000e+00
        630 177.445258    0.04368     2.6208    157.250     35.116  49842.054    31.4154     7.8103     34.785    6.78497     7.7942    24.4871   12.21877 1.6143e-01 0.0000e+00
        631 177.445260    0.04375     2.6250    157.500     35.414  49841.830    31.4141     7.8042     35.080    6.78596     7.7865    24.4869   12.22042 1.5772e-01 0.0000e+00
        632 177.445263    0.04382     2.6292    157.750     35.711  49840.547    31.4120     7.7975     35.375    6.78709     7.7779    24.4862   12.22232 1.5418e-01 0.0000e+00
