CTD-processing/allCTD/CNV--turbid/2015_02-24_t7_s19_cast252.cnv
* Sea-Bird SBE19plus Data File:
* FileName = C:\Users\amdoroff\Desktop\2015_02_24_CookInlet_Tran7_Augustine\2015_02_24_CookInlet_Tran7_cast252.hex
* Software Version 1.59
* Temperature SN =  4141
* Conductivity SN =  4141
* System UpLoad Time = Feb 24 2015 13:09:36
** Cook Inlet LTM Tran7 Augustine E to W
** Date 02-24
** Station: 7-19
** Start Time (AKST): 07:01
** Depth (m):  80
** Comment:
** Comment: On R/V Pandalus.
# nquan = 16
# nvalues = 725                         
# units = specified
# name 0 = scan: Scan Count
# name 1 = timeJ: Julian Days
# name 2 = timeH: Time, Elapsed [hours]
# name 3 = timeM: Time, Elapsed [minutes]
# name 4 = timeS: Time, Elapsed [seconds]
# name 5 = prdM: Pressure, Strain Gauge [db]
# name 6 = specc: Specific Conductance [uS/cm]
# name 7 = sal00: Salinity, Practical [PSU]
# name 8 = tv290C: Temperature [ITS-90, deg C]
# name 9 = depSM: Depth [salt water, m], lat = 59.00
# name 10 = oxsolML/L: Oxygen Saturation, Garcia & Gordon [ml/l]
# name 11 = potemp090C: Potential Temperature [ITS-90, deg C]
# name 12 = sigma-é00: Density [sigma-theta, kg/m^3]
# name 13 = n2satML/L: Nitrogen Saturation [ml/l]
# name 14 = par: PAR/Irradiance, Biospherical/Licor
# name 15 = flag:  0.000e+00
# span 0 =          1,        725       
# span 1 =  55.293160,  55.295255       
# span 2 =    0.00000,    0.05028       
# span 3 =     0.0000,     3.0167       
# span 4 =      0.000,    181.000       
# span 5 =      0.034,     80.671       
# span 6 =    557.349,  50630.126       
# span 7 =     0.2590,    31.6377       
# span 8 =     4.0584,     6.2138       
# span 9 =      0.033,     79.902       
# span 10 =    7.02979,    9.14210      
# span 11 =     4.0585,     6.2073      
# span 12 =     0.1838,    24.9081      
# span 13 =   12.62086,   16.59671      
# span 14 = 3.6382e-02, 3.6887e-01      
# span 15 = 0.0000e+00, 0.0000e+00      
# interval = seconds: 0.25
# start_time = Feb 24 2015 07:02:09 [Instrument's time stamp, header]
# bad_flag = -9.990e-29
*END*
          1  55.293160    0.00000     0.0000      0.000      0.040    557.349     0.2590     4.0584      0.039    9.14210     4.0585     0.1838   16.59671 3.6887e-01 0.0000e+00
          2  55.293163    0.00007     0.0042      0.250      0.039    595.994     0.2778     4.0584      0.038    9.14093     4.0587     0.1989   16.59444 2.9264e-01 0.0000e+00
          3  55.293166    0.00014     0.0083      0.500      0.038    645.854     0.3021     4.0585      0.037    9.13942     4.0591     0.2185   16.59149 2.3647e-01 0.0000e+00
          4  55.293168    0.00021     0.0125      0.750      0.036    705.334     0.3313     4.0587      0.036    9.13758     4.0597     0.2419   16.58793 2.2563e-01 0.0000e+00
          5  55.293171    0.00028     0.0167      1.000      0.035    777.376     0.3668     4.0591      0.034    9.13532     4.0609     0.2705   16.58355 2.2358e-01 0.0000e+00
          6  55.293174    0.00035     0.0208      1.250      0.034    857.530     0.4066     4.0597      0.033    9.13273     4.0630     0.3025   16.57854 1.8766e-01 0.0000e+00
          7  55.293177    0.00042     0.0250      1.500      0.034    932.387     0.4442     4.0609      0.033    9.13016     4.0665     0.3327   16.57360 1.4953e-01 0.0000e+00
          8  55.293180    0.00049     0.0292      1.750      0.034    995.604     0.4768     4.0630      0.033    9.12770     4.0724     0.3587   16.56894 1.4114e-01 0.0000e+00
          9  55.293183    0.00056     0.0333      2.000      0.034   1052.908     0.5074     4.0665      0.034    9.12503     4.0825     0.3832   16.56397 1.6068e-01 0.0000e+00
         10  55.293186    0.00063     0.0375      2.250      0.034   1123.693     0.5464     4.0724      0.034    9.12131     4.0993     0.4142   16.55709 1.9580e-01 0.0000e+00
         11  55.293189    0.00069     0.0417      2.500      0.035   1239.721     0.6104     4.0825      0.035    9.11513     4.1274     0.4651   16.54568 2.1785e-01 0.0000e+00
         12  55.293192    0.00076     0.0458      2.750      0.036   1444.467     0.7227     4.0993      0.036    9.10446     4.1743     0.5545   16.52597 2.1298e-01 0.0000e+00
         13  55.293194    0.00083     0.0500      3.000      0.038   1802.716     0.9182     4.1274      0.037    9.08615     4.2525     0.7103   16.49207 1.9901e-01 0.0000e+00
         14  55.293197    0.00090     0.0542      3.250      0.041   2416.952     1.2527     4.1743      0.040    9.05509     4.3827     0.9768   16.43455 2.0409e-01 0.0000e+00
         15  55.293200    0.00097     0.0583      3.500      0.045   3455.074     1.8171     4.2525      0.044    9.00289     4.5793     1.4266   16.33780 2.2983e-01 0.0000e+00
         16  55.293203    0.00104     0.0625      3.750      0.050   4500.723     2.3815     4.3827      0.049    8.93859     4.8160     1.8758   16.22072 2.5491e-01 0.0000e+00
         17  55.293206    0.00111     0.0667      4.000      0.054   4637.868     2.4447     4.5793      0.053    8.88902     5.0348     1.9242   16.13647 2.6718e-01 0.0000e+00
         18  55.293209    0.00118     0.0708      4.250      0.052   3962.828     2.0659     4.8160      0.051    8.85687     5.1983     1.6188   16.08860 2.6555e-01 0.0000e+00
         19  55.293212    0.00125     0.0750      4.500      0.048   3260.966     1.6779     5.0348      0.047    8.82967     5.3052     1.3057   16.04919 2.5510e-01 0.0000e+00
         20  55.293215    0.00132     0.0792      4.750      0.045   2802.226     1.4256     5.1983      0.045    8.80720     5.3690     1.1016   16.01555 2.4428e-01 0.0000e+00
         21  55.293218    0.00139     0.0833      5.000      0.044   2527.635     1.2747     5.3052      0.043    8.79171     5.4034     0.9792   15.99198 2.3636e-01 0.0000e+00
         22  55.293220    0.00146     0.0875      5.250      0.043   2380.577     1.1935     5.3690      0.043    8.78195     5.4187     0.9133   15.97692 2.3531e-01 0.0000e+00
         23  55.293223    0.00153     0.0917      5.500      0.043   2319.818     1.1593     5.4034      0.043    8.77613     5.4217     0.8853   15.96770 2.4465e-01 0.0000e+00
         24  55.293226    0.00160     0.0958      5.750      0.043   2310.352     1.1532     5.4187      0.042    8.77303     5.4172     0.8802   15.96259 2.5576e-01 0.0000e+00
         25  55.293229    0.00167     0.1000      6.000      0.042   2335.457     1.1661     5.4217      0.042    8.77158     5.4079     0.8904   15.95996 2.5995e-01 0.0000e+00
         26  55.293232    0.00174     0.1042      6.250      0.042   2396.293     1.1986     5.4172      0.042    8.77072     5.3957     0.9165   15.95801 2.5912e-01 0.0000e+00
         27  55.293235    0.00181     0.1083      6.500      0.042   2500.809     1.2552     5.4079      0.042    8.76957     5.3816     0.9617   15.95518 2.5930e-01 0.0000e+00
         28  55.293238    0.00187     0.1125      6.750      0.042   2644.487     1.3339     5.3957      0.042    8.76784     5.3667     1.0247   15.95106 2.6343e-01 0.0000e+00
         29  55.293241    0.00194     0.1167      7.000      0.043   2798.089     1.4204     5.3816      0.042    8.76615     5.3516     1.0937   15.94691 2.6819e-01 0.0000e+00
         30  55.293244    0.00201     0.1208      7.250      0.044   2953.840     1.5120     5.3667      0.044    8.76449     5.3371     1.1666   15.94279 2.6780e-01 0.0000e+00
         31  55.293247    0.00208     0.1250      7.500      0.047   3152.336     1.6327     5.3516      0.047    8.76138     5.3241     1.2625   15.93586 2.5917e-01 0.0000e+00
         32  55.293249    0.00215     0.1292      7.750      0.051   3452.680     1.8181     5.3371      0.051    8.75474     5.3137     1.4094   15.92210 2.4298e-01 0.0000e+00
         33  55.293252    0.00222     0.1333      8.000      0.059   3931.625     2.1159     5.3241      0.058    8.74184     5.3076     1.6448   15.89628 2.2539e-01 0.0000e+00
         34  55.293255    0.00229     0.1375      8.250      0.071   4712.659     2.6031     5.3137      0.070    8.71834     5.3085     2.0298   15.85002 2.1374e-01 0.0000e+00
         35  55.293258    0.00236     0.1417      8.500      0.091   6006.923     3.4114     5.3076      0.090    8.67686     5.3211     2.6682   15.76913 2.0791e-01 0.0000e+00
         36  55.293261    0.00243     0.1458      8.750      0.124   8184.775     4.7696     5.3085      0.123    8.60457     5.3532     3.7406   15.62882 2.0270e-01 0.0000e+00
         37  55.293264    0.00250     0.1500      9.000      0.180  11854.340     7.0544     5.3212      0.178    8.48037     5.4172     5.5446   15.38839 1.9234e-01 0.0000e+00
         38  55.293267    0.00257     0.1542      9.250      0.271  17991.113    10.8733     5.3532      0.269    8.27026     5.5226     8.5596   14.98226 1.7399e-01 0.0000e+00
         39  55.293270    0.00264     0.1583      9.500      0.416  26681.225    16.3258     5.4172      0.412    7.96883     5.6569    12.8625   14.40096 1.4670e-01 0.0000e+00
         40  55.293273    0.00271     0.1625      9.750      0.612  35432.693    21.8897     5.5226      0.606    7.65745     5.7895    17.2480   13.80301 1.1351e-01 0.0000e+00
         41  55.293275    0.00278     0.1667     10.000      0.837  41611.090    25.8542     5.6570      0.829    7.42672     5.8970    20.3657   13.36286 8.4505e-02 0.0000e+00
         42  55.293278    0.00285     0.1708     10.250      1.062  45221.449    28.1765     5.7896      1.052    7.28225     5.9715    22.1856   13.08952 6.5407e-02 0.0000e+00
         43  55.293281    0.00292     0.1750     10.500      1.260  47321.460    29.5295     5.8971      1.248    7.19282     6.0143    23.2424   12.92150 5.4032e-02 0.0000e+00
         44  55.293284    0.00299     0.1792     10.750      1.410  48539.518    30.3142     5.9716      1.397    7.13876     6.0323    23.8539   12.82036 4.7364e-02 0.0000e+00
         45  55.293287    0.00306     0.1833     11.000      1.510  49250.776    30.7711     6.0144      1.496    7.10730     6.0370    24.2100   12.76147 4.3624e-02 0.0000e+00
         46  55.293290    0.00313     0.1875     11.250      1.571  49674.400    31.0416     6.0325      1.557    7.08985     6.0383    24.4217   12.72854 4.1815e-02 0.0000e+00
         47  55.293293    0.00319     0.1917     11.500      1.609  49932.859    31.2057     6.0371      1.594    7.08033     6.0421    24.5509   12.71033 4.1455e-02 0.0000e+00
         48  55.293296    0.00326     0.1958     11.750      1.634  50089.939    31.3053     6.0385      1.619    7.07481     6.0499    24.6295   12.69970 4.2448e-02 0.0000e+00
         49  55.293299    0.00333     0.2000     12.000      1.650  50176.180    31.3601     6.0423      1.634    7.07122     6.0601    24.6723   12.69293 4.5059e-02 0.0000e+00
         50  55.293302    0.00340     0.2042     12.250      1.658  50216.040    31.3858     6.0500      1.643    7.06850     6.0710    24.6917   12.68802 4.9983e-02 0.0000e+00
         51  55.293304    0.00347     0.2083     12.500      1.658  50239.705    31.4021     6.0602      1.643    7.06590     6.0817    24.7034   12.68347 5.7181e-02 0.0000e+00
         52  55.293307    0.00354     0.2125     12.750      1.649  50264.358    31.4200     6.0711      1.634    7.06317     6.0920    24.7163   12.67870 6.4002e-02 0.0000e+00
         53  55.293310    0.00361     0.2167     13.000      1.631  50288.091    31.4378     6.0818      1.616    7.06051     6.1015    24.7290   12.67407 6.7734e-02 0.0000e+00
         54  55.293313    0.00368     0.2208     13.250      1.607  50306.905    31.4523     6.0921      1.593    7.05811     6.1102    24.7393   12.66990 6.9660e-02 0.0000e+00
         55  55.293316    0.00375     0.2250     13.500      1.581  50320.881    31.4636     6.1016      1.566    7.05599     6.1179    24.7470   12.66624 7.1453e-02 0.0000e+00
         56  55.293319    0.00382     0.2292     13.750      1.555  50330.360    31.4716     6.1103      1.540    7.05416     6.1246    24.7523   12.66311 7.3109e-02 0.0000e+00
         57  55.293322    0.00389     0.2333     14.000      1.532  50334.868    31.4762     6.1180      1.518    7.05266     6.1303    24.7550   12.66058 7.4654e-02 0.0000e+00
         58  55.293325    0.00396     0.2375     14.250      1.513  50335.187    31.4776     6.1247      1.499    7.05148     6.1350    24.7553   12.65861 7.5363e-02 0.0000e+00
         59  55.293328    0.00403     0.2417     14.500      1.496  50334.124    31.4779     6.1304      1.483    7.05052     6.1389    24.7549   12.65703 7.5312e-02 0.0000e+00
         60  55.293330    0.00410     0.2458     14.750      1.482  50335.552    31.4798     6.1351      1.468    7.04966     6.1424    24.7558   12.65557 7.5022e-02 0.0000e+00
         61  55.293333    0.00417     0.2500     15.000      1.469  50342.734    31.4855     6.1390      1.455    7.04874     6.1458    24.7599   12.65398 7.4242e-02 0.0000e+00
         62  55.293336    0.00424     0.2542     15.250      1.459  50355.139    31.4948     6.1425      1.445    7.04773     6.1494    24.7667   12.65219 7.2442e-02 0.0000e+00
         63  55.293339    0.00431     0.2583     15.500      1.455  50368.378    31.5046     6.1459      1.441    7.04671     6.1533    24.7740   12.65038 6.9388e-02 0.0000e+00
         64  55.293342    0.00438     0.2625     15.750      1.460  50378.610    31.5124     6.1495      1.446    7.04575     6.1573    24.7797   12.64870 6.5126e-02 0.0000e+00
         65  55.293345    0.00444     0.2667     16.000      1.475  50384.602    31.5172     6.1534      1.461    7.04488     6.1608    24.7831   12.64720 5.9877e-02 0.0000e+00
         66  55.293348    0.00451     0.2708     16.250      1.499  50386.983    31.5196     6.1574      1.485    7.04412     6.1637    24.7845   12.64591 5.5690e-02 0.0000e+00
         67  55.293351    0.00458     0.2750     16.500      1.527  50387.131    31.5204     6.1609      1.513    7.04350     6.1659    24.7847   12.64487 5.5213e-02 0.0000e+00
         68  55.293354    0.00465     0.2792     16.750      1.556  50386.393    31.5204     6.1638      1.542    7.04302     6.1673    24.7844   12.64408 5.9012e-02 0.0000e+00
         69  55.293356    0.00472     0.2833     17.000      1.583  50385.760    31.5203     6.1660      1.569    7.04267     6.1683    24.7841   12.64350 6.6861e-02 0.0000e+00
         70  55.293359    0.00479     0.2875     17.250      1.606  50385.810    31.5206     6.1674      1.591    7.04241     6.1689    24.7841   12.64307 7.7411e-02 0.0000e+00
         71  55.293362    0.00486     0.2917     17.500      1.625  50386.706    31.5214     6.1684      1.610    7.04221     6.1693    24.7846   12.64273 8.5548e-02 0.0000e+00
         72  55.293365    0.00493     0.2958     17.750      1.640  50388.019    31.5225     6.1690      1.624    7.04206     6.1698    24.7854   12.64247 8.9801e-02 0.0000e+00
         73  55.293368    0.00500     0.3000     18.000      1.651  50388.890    31.5232     6.1695      1.636    7.04196     6.1702    24.7859   12.64229 9.2781e-02 0.0000e+00
         74  55.293371    0.00507     0.3042     18.250      1.661  50388.529    31.5230     6.1699      1.646    7.04189     6.1705    24.7857   12.64219 9.3433e-02 0.0000e+00
         75  55.293374    0.00514     0.3083     18.500      1.669  50386.952    31.5220     6.1703      1.653    7.04187     6.1708    24.7848   12.64217 9.4029e-02 0.0000e+00
         76  55.293377    0.00521     0.3125     18.750      1.672  50385.032    31.5207     6.1706      1.657    7.04187     6.1709    24.7838   12.64219 9.4547e-02 0.0000e+00
         77  55.293380    0.00528     0.3167     19.000      1.670  50383.638    31.5198     6.1709      1.654    7.04188     6.1708    24.7830   12.64220 8.8511e-02 0.0000e+00
         78  55.293383    0.00535     0.3208     19.250      1.660  50383.251    31.5196     6.1710      1.645    7.04187     6.1705    24.7828   12.64220 7.6832e-02 0.0000e+00
         79  55.293385    0.00542     0.3250     19.500      1.643  50383.844    31.5200     6.1709      1.628    7.04187     6.1700    24.7831   12.64218 6.5150e-02 0.0000e+00
         80  55.293388    0.00549     0.3292     19.750      1.619  50384.814    31.5206     6.1706      1.604    7.04188     6.1691    24.7837   12.64220 5.6118e-02 0.0000e+00
         81  55.293391    0.00556     0.3333     20.000      1.590  50385.463    31.5209     6.1701      1.576    7.04196     6.1680    24.7840   12.64232 4.9382e-02 0.0000e+00
         82  55.293394    0.00562     0.3375     20.250      1.558  50385.491    31.5208     6.1692      1.543    7.04211     6.1667    24.7840   12.64257 4.4363e-02 0.0000e+00
         83  55.293397    0.00569     0.3417     20.500      1.522  50385.354    31.5205     6.1681      1.508    7.04230     6.1653    24.7839   12.64289 4.1171e-02 0.0000e+00
         84  55.293400    0.00576     0.3458     20.750      1.486  50386.257    31.5209     6.1669      1.472    7.04249     6.1639    24.7844   12.64320 3.9256e-02 0.0000e+00
         85  55.293403    0.00583     0.3500     21.000      1.452  50389.233    31.5228     6.1655      1.438    7.04264     6.1625    24.7860   12.64342 3.8108e-02 0.0000e+00
         86  55.293406    0.00590     0.3542     21.250      1.425  50393.996    31.5258     6.1640      1.412    7.04273     6.1614    24.7886   12.64354 3.7421e-02 0.0000e+00
         87  55.293409    0.00597     0.3583     21.500      1.410  50399.099    31.5291     6.1626      1.397    7.04281     6.1607    24.7913   12.64362 3.7010e-02 0.0000e+00
         88  55.293411    0.00604     0.3625     21.750      1.412  50403.001    31.5315     6.1615      1.398    7.04288     6.1607    24.7934   12.64370 3.6767e-02 0.0000e+00
         89  55.293414    0.00611     0.3667     22.000      1.432  50404.500    31.5324     6.1608      1.418    7.04295     6.1613    24.7942   12.64381 3.6627e-02 0.0000e+00
         90  55.293417    0.00618     0.3708     22.250      1.468  50402.809    31.5312     6.1608      1.454    7.04301     6.1623    24.7933   12.64393 3.6552e-02 0.0000e+00
