CTD-processing/allCTD/CNV--turbid/2015_04-12_t3_s15_cast042.cnv
* Sea-Bird SBE19plus Data File:
* FileName = C:\Users\kris.holderied\Documents\kasitsna\Research-Projects-and-Data\Oceanography-AK\CTD-Data-ALL-to-2015-02\2015-CTD-KachemakBay-CookInlet\2015-04-EVOSTC-CookInlet-quarterly\2015-04-12-CookInlet-Tran3-AnchorPt\20125_04_12_CookInlet_Tran3_cast042.hex
* Software Version 1.59
* Temperature SN =  5028
* Conductivity SN =  5028
* System UpLoad Time = Apr 12 2015 19:47:53
** Cook Inlet LTM Tran3 (Anchor Pt) Southeast to Northwest
** Date: 04-12
** Station: 3-15
** Start time (AKDT): 14:46
** Depth (m): 17
** Comment:  KBL CTD.
** Comment: On R/V Pandalus.
# nquan = 16
# nvalues = 371                         
# units = specified
# name 0 = scan: Scan Count
# name 1 = timeJ: Julian Days
# name 2 = timeH: Time, Elapsed [hours]
# name 3 = timeM: Time, Elapsed [minutes]
# name 4 = timeS: Time, Elapsed [seconds]
# name 5 = prdM: Pressure, Strain Gauge [db]
# name 6 = specc: Specific Conductance [uS/cm]
# name 7 = sal00: Salinity, Practical [PSU]
# name 8 = tv290C: Temperature [ITS-90, deg C]
# name 9 = depSM: Depth [salt water, m], lat = 59.00
# name 10 = oxsolML/L: Oxygen Saturation, Garcia & Gordon [ml/l]
# name 11 = potemp090C: Potential Temperature [ITS-90, deg C]
# name 12 = sigma-é00: Density [sigma-theta, kg/m^3]
# name 13 = n2satML/L: Nitrogen Saturation [ml/l]
# name 14 = par: PAR/Irradiance, Biospherical/Licor
# name 15 = flag:  0.000e+00
# span 0 =          1,        371       
# span 1 = 102.615926, 102.616997       
# span 2 =    0.00000,    0.02569       
# span 3 =     0.0000,     1.5417       
# span 4 =      0.000,     92.500       
# span 5 =     -0.189,     18.541       
# span 6 =    423.504,  50352.310       
# span 7 =     0.1973,    31.2893       
# span 8 =     5.0635,     5.3993       
# span 9 =     -0.188,     18.366       
# span 10 =    7.18294,    8.86090      
# span 11 =     5.0634,     5.3991      
# span 12 =     0.1200,    24.7208      
# span 13 =   12.87838,   16.12572      
# span 14 = 3.2277e+00, 1.4185e+02      
# span 15 = 0.0000e+00, 0.0000e+00      
# interval = seconds: 0.25
# start_time = Apr 12 2015 14:46:56 [Instrument's time stamp, header]
# bad_flag = -9.990e-29
*END*
          1 102.615926    0.00000     0.0000      0.000     -0.187    423.504     0.1973     5.2769     -0.185    8.86090     5.2749     0.1200   16.12572 1.0192e+02 0.0000e+00
          2 102.615929    0.00007     0.0042      0.250     -0.187    495.229     0.2323     5.2761     -0.185    8.85902     5.2731     0.1480   16.12199 9.6721e+01 0.0000e+00
          3 102.615932    0.00014     0.0083      0.500     -0.186    597.623     0.2824     5.2749     -0.184    8.85634     5.2703     0.1882   16.11667 9.1846e+01 0.0000e+00
          4 102.615935    0.00021     0.0125      0.750     -0.185    733.204     0.3492     5.2731     -0.183    8.85283     5.2662     0.2417   16.10969 8.9742e+01 0.0000e+00
          5 102.615938    0.00028     0.0167      1.000     -0.184    910.999     0.4374     5.2703     -0.182    8.84829     5.2610     0.3123   16.10062 9.1109e+01 0.0000e+00
          6 102.615940    0.00035     0.0208      1.250     -0.184   1127.415     0.5453     5.2662     -0.182    8.84287     5.2554     0.3988   16.08976 9.4490e+01 0.0000e+00
          7 102.615943    0.00042     0.0250      1.500     -0.184   1323.159     0.6433     5.2610     -0.182    8.83828     5.2489     0.4772   16.08044 9.7492e+01 0.0000e+00
          8 102.615946    0.00049     0.0292      1.750     -0.185   1435.021     0.6991     5.2554     -0.183    8.83628     5.2410     0.5220   16.07618 9.8348e+01 0.0000e+00
          9 102.615949    0.00056     0.0333      2.000     -0.185   1481.431     0.7220     5.2489     -0.183    8.83639     5.2317     0.5404   16.07598 9.7501e+01 0.0000e+00
         10 102.615952    0.00063     0.0375      2.250     -0.185   1517.628     0.7400     5.2410     -0.183    8.83713     5.2225     0.5551   16.07693 9.7642e+01 0.0000e+00
         11 102.615955    0.00069     0.0417      2.500     -0.185   1577.499     0.7704     5.2317     -0.183    8.83746     5.2149     0.5795   16.07699 9.9783e+01 0.0000e+00
         12 102.615958    0.00076     0.0458      2.750     -0.185   1668.434     0.8168     5.2225     -0.183    8.83681     5.2083     0.6168   16.07515 1.0332e+02 0.0000e+00
         13 102.615961    0.00083     0.0500      3.000     -0.185   1766.806     0.8671     5.2149     -0.183    8.83560     5.2015     0.6572   16.07229 1.0861e+02 0.0000e+00
         14 102.615964    0.00090     0.0542      3.250     -0.186   1844.553     0.9071     5.2083     -0.184    8.83475     5.1936     0.6892   16.07022 1.1446e+02 0.0000e+00
         15 102.615966    0.00097     0.0583      3.500     -0.186   1908.370     0.9400     5.2015     -0.184    8.83436     5.1843     0.7157   16.06902 1.1886e+02 0.0000e+00
         16 102.615969    0.00104     0.0625      3.750     -0.187   1974.586     0.9744     5.1936     -0.185    8.83414     5.1738     0.7433   16.06809 1.2196e+02 0.0000e+00
         17 102.615972    0.00111     0.0667      4.000     -0.187   2028.329     1.0025     5.1842     -0.185    8.83462     5.1632     0.7659   16.06845 1.2509e+02 0.0000e+00
         18 102.615975    0.00118     0.0708      4.250     -0.187   2044.993     1.0117     5.1738     -0.186    8.83646     5.1530     0.7735   16.07139 1.2873e+02 0.0000e+00
         19 102.615978    0.00125     0.0750      4.500     -0.188   2023.797     1.0019     5.1632     -0.187    8.83947     5.1435     0.7658   16.07663 1.3159e+02 0.0000e+00
         20 102.615981    0.00132     0.0792      4.750     -0.188   1985.862     0.9842     5.1530     -0.187    8.84286     5.1344     0.7518   16.08263 1.3326e+02 0.0000e+00
         21 102.615984    0.00139     0.0833      5.000     -0.189   1956.564     0.9723     5.1435     -0.188    8.84579     5.1255     0.7423   16.08776 1.3480e+02 0.0000e+00
         22 102.615987    0.00146     0.0875      5.250     -0.189   1965.362     0.9824     5.1344     -0.188    8.84739     5.1176     0.7502   16.09034 1.3614e+02 0.0000e+00
         23 102.615990    0.00153     0.0917      5.500     -0.189   2046.808     1.0335     5.1255     -0.188    8.84658     5.1106     0.7908   16.08824 1.3690e+02 0.0000e+00
         24 102.615992    0.00160     0.0958      5.750     -0.188   2241.623     1.1492     5.1176     -0.187    8.84191     5.1037     0.8826   16.07865 1.3743e+02 0.0000e+00
         25 102.615995    0.00167     0.1000      6.000     -0.187   2605.272     1.3619     5.1106     -0.186    8.83150     5.0969     1.0513   16.05795 1.3816e+02 0.0000e+00
         26 102.615998    0.00174     0.1042      6.250     -0.186   3221.544     1.7219     5.1037     -0.185    8.81274     5.0919     1.3367   16.02100 1.3915e+02 0.0000e+00
         27 102.616001    0.00181     0.1083      6.500     -0.183   4236.072     2.3154     5.0969     -0.182    8.78080     5.0922     1.8071   15.95838 1.4010e+02 0.0000e+00
         28 102.616004    0.00187     0.1125      6.750     -0.178   5907.311     3.2945     5.0919     -0.177    8.72668     5.1015     2.5830   15.85271 1.4077e+02 0.0000e+00
         29 102.616007    0.00194     0.1167      7.000     -0.170   8671.088     4.9153     5.0922     -0.169    8.63521     5.1220     3.8672   15.67461 1.4121e+02 0.0000e+00
         30 102.616010    0.00201     0.1208      7.250     -0.157  12521.792     7.1931     5.1015     -0.156    8.50529     5.1497     5.6709   15.42230 1.4161e+02 0.0000e+00
         31 102.616013    0.00208     0.1250      7.500     -0.140  15664.834     9.0648     5.1220     -0.139    8.39608     5.1751     7.1519   15.21102 1.4185e+02 0.0000e+00
         32 102.616016    0.00215     0.1292      7.750     -0.125  16176.277     9.3589     5.1497     -0.124    8.37324     5.1904     7.3840   15.16812 1.4156e+02 0.0000e+00
         33 102.616019    0.00222     0.1333      8.000     -0.117  14268.745     8.2193     5.1751     -0.116    8.43153     5.1947     6.4813   15.28305 1.4081e+02 0.0000e+00
         34 102.616021    0.00229     0.1375      8.250     -0.116  11490.206     6.5910     5.1904     -0.115    8.52059     5.1937     5.1916   15.45753 1.3988e+02 0.0000e+00
         35 102.616024    0.00236     0.1417      8.500     -0.115   9665.763     5.5508     5.1947     -0.113    8.58006     5.1942     4.3672   15.57389 1.3848e+02 0.0000e+00
         36 102.616027    0.00243     0.1458      8.750     -0.106   9631.670     5.5946     5.1937     -0.105    8.58101     5.1995     4.4005   15.57621 1.3582e+02 0.0000e+00
         37 102.616030    0.00250     0.1500      9.000     -0.084  11488.887     6.7921     5.1942     -0.083    8.51875     5.2115     5.3465   15.45582 1.3095e+02 0.0000e+00
         38 102.616033    0.00257     0.1542      9.250     -0.041  15804.156     9.5002     5.1995     -0.040    8.37375     5.2323     7.4873   15.17512 1.2332e+02 0.0000e+00
         39 102.616036    0.00264     0.1583      9.500      0.036  23316.030    14.2133     5.2115      0.036    8.12042     5.2604    11.2128   14.68482 1.1256e+02 0.0000e+00
         40 102.616039    0.00271     0.1625      9.750      0.159  32410.671    19.9533     5.2323      0.158    7.81185     5.2898    15.7484   14.08813 9.6974e+01 0.0000e+00
         41 102.616042    0.00278     0.1667     10.000      0.327  39549.318    24.4763     5.2604      0.324    7.56722     5.3149    19.3207   13.61576 7.8723e+01 0.0000e+00
         42 102.616045    0.00285     0.1708     10.250      0.520  43830.076    27.1909     5.2899      0.516    7.41823     5.3331    21.4633   13.32868 6.4818e+01 0.0000e+00
         43 102.616047    0.00292     0.1750     10.500      0.714  46378.336    28.8073     5.3150      0.708    7.32816     5.3440    22.7383   13.15547 5.7544e+01 0.0000e+00
         44 102.616050    0.00299     0.1792     10.750      0.883  47889.197    29.7654     5.3332      0.875    7.27414     5.3480    23.4936   13.05174 5.4912e+01 0.0000e+00
         45 102.616053    0.00306     0.1833     11.000      1.010  48781.662    30.3305     5.3441      1.000    7.24221     5.3466    23.9391   12.99041 5.5506e+01 0.0000e+00
         46 102.616056    0.00313     0.1875     11.250      1.093  49309.440    30.6638     5.3481      1.083    7.22376     5.3423    24.2021   12.95486 5.7947e+01 0.0000e+00
         47 102.616059    0.00319     0.1917     11.500      1.144  49622.261    30.8603     5.3467      1.133    7.21350     5.3368    24.3576   12.93491 6.0889e+01 0.0000e+00
         48 102.616062    0.00326     0.1958     11.750      1.173  49807.766    30.9760     5.3424      1.162    7.20806     5.3313    24.4495   12.92415 6.3368e+01 0.0000e+00
         49 102.616065    0.00333     0.2000     12.000      1.192  49919.313    31.0450     5.3369      1.181    7.20530     5.3267    24.5046   12.91854 6.4683e+01 0.0000e+00
         50 102.616068    0.00340     0.2042     12.250      1.208  49990.590    31.0889     5.3314      1.197    7.20390     5.3242    24.5400   12.91557 6.4793e+01 0.0000e+00
         51 102.616071    0.00347     0.2083     12.500      1.225  50040.666    31.1200     5.3268      1.214    7.20306     5.3244    24.5651   12.91371 6.4508e+01 0.0000e+00
         52 102.616073    0.00354     0.2125     12.750      1.245  50075.746    31.1422     5.3243      1.233    7.20235     5.3274    24.5829   12.91221 6.4597e+01 0.0000e+00
         53 102.616076    0.00361     0.2167     13.000      1.267  50096.183    31.1554     5.3245      1.255    7.20162     5.3322    24.5933   12.91082 6.5260e+01 0.0000e+00
         54 102.616079    0.00368     0.2208     13.250      1.287  50101.851    31.1594     5.3275      1.275    7.20090     5.3377    24.5961   12.90956 6.6248e+01 0.0000e+00
         55 102.616082    0.00375     0.2250     13.500      1.302  50092.566    31.1537     5.3323      1.290    7.20033     5.3428    24.5911   12.90868 6.7173e+01 0.0000e+00
         56 102.616085    0.00382     0.2292     13.750      1.309  50070.401    31.1394     5.3378      1.297    7.20006     5.3471    24.5792   12.90842 6.7903e+01 0.0000e+00
         57 102.616088    0.00389     0.2333     14.000      1.304  50043.405    31.1218     5.3429      1.292    7.20001     5.3508    24.5647   12.90857 6.8520e+01 0.0000e+00
         58 102.616091    0.00396     0.2375     14.250      1.286  50023.493    31.1089     5.3472      1.273    7.19989     5.3541    24.5540   12.90853 6.9131e+01 0.0000e+00
         59 102.616094    0.00403     0.2417     14.500      1.254  50019.759    31.1071     5.3509      1.241    7.19936     5.3574    24.5521   12.90767 6.9970e+01 0.0000e+00
         60 102.616097    0.00410     0.2458     14.750      1.210  50033.217    31.1170     5.3542      1.198    7.19831     5.3609    24.5596   12.90581 7.1143e+01 0.0000e+00
         61 102.616100    0.00417     0.2500     15.000      1.158  50056.461    31.1337     5.3575      1.146    7.19694     5.3646    24.5724   12.90334 7.2351e+01 0.0000e+00
         62 102.616102    0.00424     0.2542     15.250      1.104  50079.148    31.1500     5.3610      1.094    7.19556     5.3682    24.5850   12.90084 7.2978e+01 0.0000e+00
         63 102.616105    0.00431     0.2583     15.500      1.058  50093.619    31.1607     5.3646      1.048    7.19442     5.3716    24.5930   12.89882 7.2596e+01 0.0000e+00
         64 102.616108    0.00438     0.2625     15.750      1.025  50097.886    31.1644     5.3683      1.015    7.19362     5.3744    24.5956   12.89745 7.1485e+01 0.0000e+00
         65 102.616111    0.00444     0.2667     16.000      1.012  50094.467    31.1628     5.3716      1.002    7.19312     5.3766    24.5939   12.89665 7.0155e+01 0.0000e+00
         66 102.616114    0.00451     0.2708     16.250      1.020  50087.341    31.1584     5.3745      1.010    7.19284     5.3782    24.5902   12.89624 6.8695e+01 0.0000e+00
         67 102.616117    0.00458     0.2750     16.500      1.047  50079.476    31.1535     5.3767      1.037    7.19270     5.3792    24.5860   12.89608 6.7178e+01 0.0000e+00
         68 102.616120    0.00465     0.2792     16.750      1.089  50072.582    31.1490     5.3782      1.078    7.19265     5.3800    24.5823   12.89605 6.5802e+01 0.0000e+00
         69 102.616123    0.00472     0.2833     17.000      1.138  50068.344    31.1463     5.3793      1.127    7.19260     5.3807    24.5800   12.89600 6.4462e+01 0.0000e+00
         70 102.616126    0.00479     0.2875     17.250      1.188  50067.125    31.1456     5.3801      1.177    7.19249     5.3814    24.5794   12.89583 6.3050e+01 0.0000e+00
         71 102.616128    0.00486     0.2917     17.500      1.233  50068.587    31.1467     5.3808      1.222    7.19232     5.3818    24.5802   12.89553 6.1821e+01 0.0000e+00
         72 102.616131    0.00493     0.2958     17.750      1.269  50073.811    31.1504     5.3815      1.257    7.19203     5.3821    24.5831   12.89501 6.1081e+01 0.0000e+00
         73 102.616134    0.00500     0.3000     18.000      1.294  50083.976    31.1575     5.3819      1.282    7.19161     5.3821    24.5886   12.89423 6.0937e+01 0.0000e+00
         74 102.616137    0.00507     0.3042     18.250      1.309  50096.649    31.1663     5.3822      1.296    7.19115     5.3819    24.5955   12.89335 6.1248e+01 0.0000e+00
         75 102.616140    0.00514     0.3083     18.500      1.315  50106.454    31.1730     5.3822      1.303    7.19082     5.3814    24.6009   12.89273 6.1749e+01 0.0000e+00
         76 102.616143    0.00521     0.3125     18.750      1.317  50110.178    31.1755     5.3820      1.305    7.19074     5.3806    24.6029   12.89255 6.2295e+01 0.0000e+00
         77 102.616146    0.00528     0.3167     19.000      1.318  50106.696    31.1730     5.3815      1.305    7.19093     5.3788    24.6010   12.89291 6.2682e+01 0.0000e+00
         78 102.616149    0.00535     0.3208     19.250      1.319  50093.833    31.1640     5.3807      1.307    7.19152     5.3754    24.5939   12.89399 6.2723e+01 0.0000e+00
         79 102.616152    0.00542     0.3250     19.500      1.320  50068.151    31.1460     5.3789      1.308    7.19268     5.3694    24.5798   12.89615 6.2718e+01 0.0000e+00
         80 102.616155    0.00549     0.3292     19.750      1.315  50029.624    31.1188     5.3755      1.303    7.19456     5.3590    24.5587   12.89960 6.3155e+01 0.0000e+00
         81 102.616157    0.00556     0.3333     20.000      1.298  49989.482    31.0900     5.3695      1.286    7.19699     5.3429    24.5366   12.90397 6.4078e+01 0.0000e+00
         82 102.616160    0.00562     0.3375     20.250      1.263  49967.053    31.0725     5.3591      1.251    7.19960     5.3227    24.5239   12.90852 6.5326e+01 0.0000e+00
         83 102.616163    0.00569     0.3417     20.500      1.209  49976.823    31.0759     5.3430      1.198    7.20219     5.3038    24.5284   12.91276 6.6844e+01 0.0000e+00
         84 102.616166    0.00576     0.3458     20.750      1.138  50020.340    31.1017     5.3227      1.128    7.20443     5.2921    24.5510   12.91612 6.8451e+01 0.0000e+00
         85 102.616169    0.00583     0.3500     21.000      1.056  50084.397    31.1419     5.3038      1.047    7.20575     5.2908    24.5849   12.91779 6.9885e+01 0.0000e+00
         86 102.616172    0.00590     0.3542     21.250      0.973  50147.693    31.1830     5.2922      0.964    7.20578     5.2988    24.6187   12.91730 7.0776e+01 0.0000e+00
         87 102.616175    0.00597     0.3583     21.500      0.902  50193.543    31.2143     5.2908      0.894    7.20451     5.3118    24.6436   12.91480 7.0637e+01 0.0000e+00
         88 102.616178    0.00604     0.3625     21.750      0.861  50215.628    31.2312     5.2988      0.853    7.20233     5.3251    24.6561   12.91098 6.9201e+01 0.0000e+00
         89 102.616181    0.00611     0.3667     22.000      0.863  50216.143    31.2342     5.3118      0.855    7.19994     5.3355    24.6571   12.90699 6.6851e+01 0.0000e+00
         90 102.616183    0.00618     0.3708     22.250      0.911  50201.399    31.2268     5.3252      0.903    7.19801     5.3410    24.6497   12.90390 6.4187e+01 0.0000e+00
