CTD-processing/allCTD/CNV--turbid/2015_02-22_t3_s09_cast210.cnv
* Sea-Bird SBE19plus Data File:
* FileName = C:\Users\amdoroff\Desktop\2015_02_22_CookInlet_Tran3_AnchorPt\2015_02_22_CookInlet_Tran3_Cast210.hex
* Software Version 1.59
* Temperature SN =  4141
* Conductivity SN =  4141
* System UpLoad Time = Feb 22 2015 17:15:04
** Cook Inlet LTM Tran3 Anchor Pt E to W
** Date 02-22
** Station: 3-09
** Start Time: 13:33
** Depth (m): 70
** Comment
# nquan = 16
# nvalues = 834                         
# units = specified
# name 0 = scan: Scan Count
# name 1 = timeJ: Julian Days
# name 2 = timeH: Time, Elapsed [hours]
# name 3 = timeM: Time, Elapsed [minutes]
# name 4 = timeS: Time, Elapsed [seconds]
# name 5 = prdM: Pressure, Strain Gauge [db]
# name 6 = specc: Specific Conductance [uS/cm]
# name 7 = sal00: Salinity, Practical [PSU]
# name 8 = tv290C: Temperature [ITS-90, deg C]
# name 9 = depSM: Depth [salt water, m], lat = 59.00
# name 10 = oxsolML/L: Oxygen Saturation, Garcia & Gordon [ml/l]
# name 11 = potemp090C: Potential Temperature [ITS-90, deg C]
# name 12 = sigma-é00: Density [sigma-theta, kg/m^3]
# name 13 = n2satML/L: Nitrogen Saturation [ml/l]
# name 14 = par: PAR/Irradiance, Biospherical/Licor
# name 15 = flag:  0.000e+00
# span 0 =          1,        834       
# span 1 =  53.565312,  53.567723       
# span 2 =    0.00000,    0.05785       
# span 3 =     0.0000,     3.4708       
# span 4 =      0.000,    208.250       
# span 5 =     -0.066,     71.217       
# span 6 =   1001.434,  50553.850       
# span 7 =     0.4753,    31.2226       
# span 8 =     3.5340,     4.3688       
# span 9 =     -0.065,     70.539       
# span 10 =    7.36557,    9.18606      
# span 11 =     3.5339,     4.3641      
# span 12 =     0.3580,    24.7481      
# span 13 =   13.18069,   16.66681      
# span 14 = 3.6382e-02, 1.8484e+02      
# span 15 = 0.0000e+00, 0.0000e+00      
# interval = seconds: 0.25
# start_time = Feb 22 2015 13:34:03 [Instrument's time stamp, header]
# bad_flag = -9.990e-29
*END*
[from data line 633]
        634  53.567144    0.04396     2.6375    158.250     43.301  50482.847    31.1568     4.2142     42.892    7.39654     4.2105    24.7099   13.23267 3.6382e-02 0.0000e+00
        635  53.567147    0.04403     2.6417    158.500     43.440  50484.550    31.1577     4.2136     43.029    7.39661     4.2107    24.7107   13.23278 3.6382e-02 0.0000e+00
        636  53.567150    0.04410     2.6458    158.750     43.589  50486.769    31.1591     4.2133     43.177    7.39659     4.2115    24.7118   13.23273 3.6382e-02 0.0000e+00
        637  53.567153    0.04417     2.6500    159.000     43.750  50489.678    31.1610     4.2135     43.336    7.39646     4.2132    24.7134   13.23249 3.6382e-02 0.0000e+00
        638  53.567156    0.04424     2.6542    159.250     43.920  50493.890    31.1640     4.2143     43.504    7.39616     4.2158    24.7157   13.23196 3.6382e-02 0.0000e+00
        639  53.567159    0.04431     2.6583    159.500     44.096  50498.258    31.1673     4.2160     43.678    7.39569     4.2189    24.7181   13.23115 3.6382e-02 0.0000e+00
        640  53.567161    0.04437     2.6625    159.750     44.275  50500.746    31.1695     4.2186     43.856    7.39512     4.2220    24.7196   13.23017 3.6382e-02 0.0000e+00
        641  53.567164    0.04444     2.6667    160.000     44.456  50501.550    31.1707     4.2217     44.035    7.39450     4.2250    24.7202   13.22913 3.6382e-02 0.0000e+00
        642  53.567167    0.04451     2.6708    160.250     44.635  50501.978    31.1716     4.2249     44.213    7.39388     4.2279    24.7207   13.22811 3.6382e-02 0.0000e+00
        643  53.567170    0.04458     2.6750    160.500     44.809  50502.163    31.1723     4.2279     44.386    7.39330     4.2305    24.7210   13.22713 3.6382e-02 0.0000e+00
        644  53.567173    0.04465     2.6792    160.750     44.978  50501.364    31.1724     4.2308     44.553    7.39277     4.2327    24.7207   13.22626 3.6382e-02 0.0000e+00
        645  53.567176    0.04472     2.6833    161.000     45.140  50499.793    31.1718     4.2335     44.713    7.39232     4.2344    24.7200   13.22553 3.6382e-02 0.0000e+00
        646  53.567179    0.04479     2.6875    161.250     45.293  50498.736    31.1715     4.2357     44.865    7.39195     4.2360    24.7196   13.22492 3.6382e-02 0.0000e+00
        647  53.567182    0.04486     2.6917    161.500     45.438  50498.608    31.1718     4.2374     45.008    7.39162     4.2374    24.7196   13.22437 3.6382e-02 0.0000e+00
        648  53.567185    0.04493     2.6958    161.750     45.575  50498.710    31.1721     4.2390     45.144    7.39133     4.2387    24.7197   13.22388 3.6382e-02 0.0000e+00
        649  53.567188    0.04500     2.7000    162.000     45.704  50498.529    31.1723     4.2404     45.272    7.39107     4.2397    24.7197   13.22344 3.6382e-02 0.0000e+00
        650  53.567190    0.04507     2.7042    162.250     45.827  50497.943    31.1721     4.2416     45.394    7.39085     4.2404    24.7194   13.22309 3.6382e-02 0.0000e+00
        651  53.567193    0.04514     2.7083    162.500     45.948  50497.022    31.1717     4.2426     45.513    7.39069     4.2408    24.7190   13.22282 3.6382e-02 0.0000e+00
        652  53.567196    0.04521     2.7125    162.750     46.067  50496.016    31.1711     4.2434     45.632    7.39058     4.2410    24.7184   13.22266 3.6382e-02 0.0000e+00
        653  53.567199    0.04528     2.7167    163.000     46.189  50495.047    31.1705     4.2438     45.752    7.39053     4.2409    24.7179   13.22258 3.6382e-02 0.0000e+00
        654  53.567202    0.04535     2.7208    163.250     46.314  50493.896    31.1697     4.2440     45.876    7.39054     4.2405    24.7172   13.22260 3.6382e-02 0.0000e+00
        655  53.567205    0.04542     2.7250    163.500     46.444  50492.572    31.1687     4.2439     46.004    7.39060     4.2399    24.7165   13.22273 3.6382e-02 0.0000e+00
        656  53.567208    0.04549     2.7292    163.750     46.579  50491.566    31.1678     4.2435     46.139    7.39072     4.2390    24.7159   13.22292 3.6382e-02 0.0000e+00
        657  53.567211    0.04556     2.7333    164.000     46.721  50490.731    31.1670     4.2429     46.280    7.39087     4.2379    24.7153   13.22319 3.6382e-02 0.0000e+00
        658  53.567214    0.04562     2.7375    164.250     46.871  50489.854    31.1661     4.2420     46.428    7.39107     4.2369    24.7147   13.22353 3.6382e-02 0.0000e+00
        659  53.567216    0.04569     2.7417    164.500     47.029  50489.865    31.1658     4.2410     46.584    7.39127     4.2362    24.7146   13.22387 3.6382e-02 0.0000e+00
        660  53.567219    0.04576     2.7458    164.750     47.196  50491.604    31.1667     4.2399     46.750    7.39142     4.2361    24.7153   13.22410 3.6382e-02 0.0000e+00
        661  53.567222    0.04583     2.7500    165.000     47.372  50494.663    31.1685     4.2392     46.924    7.39145     4.2367    24.7168   13.22413 3.6382e-02 0.0000e+00
        662  53.567225    0.04590     2.7542    165.250     47.557  50497.544    31.1704     4.2392     47.107    7.39137     4.2376    24.7183   13.22397 3.6382e-02 0.0000e+00
        663  53.567228    0.04597     2.7583    165.500     47.749  50498.596    31.1712     4.2398     47.298    7.39122     4.2383    24.7189   13.22371 3.6382e-02 0.0000e+00
        664  53.567231    0.04604     2.7625    165.750     47.947  50497.611    31.1706     4.2407     47.494    7.39108     4.2385    24.7184   13.22349 3.6382e-02 0.0000e+00
        665  53.567234    0.04611     2.7667    166.000     48.147  50495.785    31.1694     4.2414     47.692    7.39101     4.2383    24.7173   13.22340 3.6382e-02 0.0000e+00
        666  53.567237    0.04618     2.7708    166.250     48.344  50494.101    31.1682     4.2417     47.887    7.39103     4.2377    24.7164   13.22344 3.6382e-02 0.0000e+00
        667  53.567240    0.04625     2.7750    166.500     48.533  50492.868    31.1672     4.2414     48.074    7.39112     4.2370    24.7156   13.22360 3.6382e-02 0.0000e+00
        668  53.567242    0.04632     2.7792    166.750     48.708  50492.123    31.1665     4.2409     48.247    7.39126     4.2361    24.7151   13.22384 3.6382e-02 0.0000e+00
        669  53.567245    0.04639     2.7833    167.000     48.868  50491.771    31.1660     4.2401     48.405    7.39142     4.2352    24.7148   13.22411 3.6382e-02 0.0000e+00
        670  53.567248    0.04646     2.7875    167.250     49.011  50491.779    31.1658     4.2393     48.547    7.39159     4.2344    24.7147   13.22439 3.6382e-02 0.0000e+00
        671  53.567251    0.04653     2.7917    167.500     49.136  50492.324    31.1659     4.2384     48.671    7.39174     4.2339    24.7148   13.22465 3.6382e-02 0.0000e+00
        672  53.567254    0.04660     2.7958    167.750     49.244  50493.613    31.1665     4.2376     48.778    7.39185     4.2339    24.7154   13.22482 3.6382e-02 0.0000e+00
        673  53.567257    0.04667     2.8000    168.000     49.336  50495.668    31.1678     4.2371     48.869    7.39187     4.2345    24.7165   13.22484 3.6382e-02 0.0000e+00
        674  53.567260    0.04674     2.8042    168.250     49.415  50498.330    31.1696     4.2371     48.947    7.39179     4.2358    24.7179   13.22468 3.6382e-02 0.0000e+00
        675  53.567263    0.04681     2.8083    168.500     49.485  50501.435    31.1718     4.2377     49.016    7.39157     4.2379    24.7196   13.22429 3.6382e-02 0.0000e+00
        676  53.567266    0.04688     2.8125    168.750     49.553  50504.966    31.1745     4.2390     49.084    7.39120     4.2409    24.7216   13.22363 3.6382e-02 0.0000e+00
        677  53.567269    0.04694     2.8167    169.000     49.625  50509.118    31.1778     4.2411     49.155    7.39065     4.2446    24.7240   13.22269 3.6382e-02 0.0000e+00
        678  53.567271    0.04701     2.8208    169.250     49.707  50513.089    31.1811     4.2441     49.237    7.38996     4.2486    24.7264   13.22150 3.6382e-02 0.0000e+00
        679  53.567274    0.04708     2.8250    169.500     49.805  50515.002    31.1832     4.2478     49.334    7.38919     4.2523    24.7277   13.22020 3.6382e-02 0.0000e+00
        680  53.567277    0.04715     2.8292    169.750     49.922  50514.345    31.1836     4.2518     49.449    7.38844     4.2554    24.7276   13.21897 3.6382e-02 0.0000e+00
        681  53.567280    0.04722     2.8333    170.000     50.059  50512.105    31.1829     4.2556     49.585    7.38781     4.2577    24.7267   13.21793 3.6382e-02 0.0000e+00
        682  53.567283    0.04729     2.8375    170.250     50.216  50509.820    31.1819     4.2586     49.740    7.38731     4.2595    24.7256   13.21712 3.6382e-02 0.0000e+00
        683  53.567286    0.04736     2.8417    170.500     50.391  50508.595    31.1815     4.2610     49.913    7.38691     4.2611    24.7251   13.21646 3.6382e-02 0.0000e+00
        684  53.567289    0.04743     2.8458    170.750     50.580  50507.974    31.1814     4.2628     50.101    7.38658     4.2623    24.7248   13.21592 3.6382e-02 0.0000e+00
        685  53.567292    0.04750     2.8500    171.000     50.779  50507.238    31.1812     4.2644     50.298    7.38631     4.2632    24.7245   13.21548 3.6382e-02 0.0000e+00
        686  53.567295    0.04757     2.8542    171.250     50.985  50506.327    31.1808     4.2657     50.502    7.38611     4.2639    24.7240   13.21515 3.6382e-02 0.0000e+00
        687  53.567297    0.04764     2.8583    171.500     51.192  50505.281    31.1802     4.2666     50.707    7.38597     4.2642    24.7235   13.21492 3.6382e-02 0.0000e+00
        688  53.567300    0.04771     2.8625    171.750     51.394  50504.115    31.1795     4.2673     50.908    7.38589     4.2642    24.7228   13.21480 3.6382e-02 0.0000e+00
        689  53.567303    0.04778     2.8667    172.000     51.588  50502.993    31.1787     4.2676     51.099    7.38587     4.2639    24.7221   13.21478 3.6382e-02 0.0000e+00
        690  53.567306    0.04785     2.8708    172.250     51.767  50502.119    31.1780     4.2675     51.277    7.38590     4.2635    24.7216   13.21484 3.6382e-02 0.0000e+00
        691  53.567309    0.04792     2.8750    172.500     51.930  50501.812    31.1776     4.2673     51.438    7.38597     4.2632    24.7213   13.21496 3.6382e-02 0.0000e+00
        692  53.567312    0.04799     2.8792    172.750     52.075  50502.261    31.1778     4.2669     51.582    7.38603     4.2630    24.7215   13.21506 3.6382e-02 0.0000e+00
        693  53.567315    0.04806     2.8833    173.000     52.202  50503.074    31.1782     4.2666     51.708    7.38608     4.2629    24.7219   13.21513 3.6382e-02 0.0000e+00
        694  53.567318    0.04813     2.8875    173.250     52.315  50503.850    31.1786     4.2664     51.820    7.38609     4.2630    24.7222   13.21514 3.6382e-02 0.0000e+00
        695  53.567321    0.04819     2.8917    173.500     52.417  50504.462    31.1790     4.2663     51.920    7.38607     4.2631    24.7225   13.21511 3.6382e-02 0.0000e+00
        696  53.567323    0.04826     2.8958    173.750     52.512  50504.889    31.1792     4.2664     52.015    7.38604     4.2633    24.7228   13.21506 3.6382e-02 0.0000e+00
        697  53.567326    0.04833     2.9000    174.000     52.607  50505.181    31.1794     4.2665     52.109    7.38601     4.2635    24.7229   13.21500 3.6382e-02 0.0000e+00
        698  53.567329    0.04840     2.9042    174.250     52.706  50505.303    31.1795     4.2667     52.207    7.38597     4.2636    24.7229   13.21494 3.6382e-02 0.0000e+00
        699  53.567332    0.04847     2.9083    174.500     52.812  50505.100    31.1794     4.2669     52.312    7.38594     4.2636    24.7228   13.21489 3.6382e-02 0.0000e+00
        700  53.567335    0.04854     2.9125    174.750     52.928  50504.497    31.1789     4.2670     52.426    7.38594     4.2634    24.7224   13.21490 3.6382e-02 0.0000e+00
        701  53.567338    0.04861     2.9167    175.000     53.053  50503.747    31.1783     4.2670     52.550    7.38597     4.2631    24.7220   13.21495 3.6382e-02 0.0000e+00
        702  53.567341    0.04868     2.9208    175.250     53.186  50503.191    31.1778     4.2669     52.682    7.38603     4.2626    24.7216   13.21505 3.6382e-02 0.0000e+00
        703  53.567344    0.04875     2.9250    175.500     53.326  50502.820    31.1774     4.2665     52.820    7.38611     4.2621    24.7213   13.21519 3.6382e-02 0.0000e+00
        704  53.567347    0.04882     2.9292    175.750     53.467  50502.612    31.1771     4.2661     52.960    7.38620     4.2616    24.7211   13.21535 3.6382e-02 0.0000e+00
        705  53.567350    0.04889     2.9333    176.000     53.607  50502.768    31.1771     4.2656     53.099    7.38630     4.2613    24.7211   13.21551 3.6382e-02 0.0000e+00
        706  53.567352    0.04896     2.9375    176.250     53.743  50503.330    31.1773     4.2651     53.234    7.38638     4.2611    24.7213   13.21563 3.6382e-02 0.0000e+00
        707  53.567355    0.04903     2.9417    176.500     53.873  50504.326    31.1778     4.2648     53.363    7.38641     4.2613    24.7217   13.21568 3.6382e-02 0.0000e+00
        708  53.567358    0.04910     2.9458    176.750     53.998  50505.866    31.1787     4.2646     53.486    7.38639     4.2619    24.7225   13.21563 3.6382e-02 0.0000e+00
        709  53.567361    0.04917     2.9500    177.000     54.119  50507.784    31.1800     4.2648     53.605    7.38629     4.2629    24.7235   13.21545 3.6382e-02 0.0000e+00
        710  53.567364    0.04924     2.9542    177.250     54.237  50509.767    31.1815     4.2654     53.723    7.38611     4.2643    24.7246   13.21514 3.6382e-02 0.0000e+00
        711  53.567367    0.04931     2.9583    177.500     54.357  50511.415    31.1828     4.2664     53.841    7.38586     4.2658    24.7256   13.21471 3.6382e-02 0.0000e+00
        712  53.567370    0.04938     2.9625    177.750     54.481  50512.347    31.1836     4.2678     53.965    7.38557     4.2674    24.7261   13.21422 3.6382e-02 0.0000e+00
        713  53.567373    0.04944     2.9667    178.000     54.613  50512.547    31.1841     4.2694     54.096    7.38527     4.2688    24.7263   13.21372 3.6382e-02 0.0000e+00
        714  53.567376    0.04951     2.9708    178.250     54.756  50512.188    31.1841     4.2710     54.237    7.38499     4.2699    24.7262   13.21325 3.6382e-02 0.0000e+00
        715  53.567378    0.04958     2.9750    178.500     54.909  50511.548    31.1839     4.2724     54.389    7.38474     4.2708    24.7259   13.21285 3.6382e-02 0.0000e+00
        716  53.567381    0.04965     2.9792    178.750     55.075  50510.921    31.1837     4.2735     54.552    7.38455     4.2714    24.7256   13.21253 3.6382e-02 0.0000e+00
        717  53.567384    0.04972     2.9833    179.000     55.251  50510.319    31.1834     4.2744     54.727    7.38441     4.2718    24.7253   13.21230 3.6382e-02 0.0000e+00
        718  53.567387    0.04979     2.9875    179.250     55.435  50509.745    31.1830     4.2750     54.909    7.38431     4.2721    24.7250   13.21215 3.6382e-02 0.0000e+00
        719  53.567390    0.04986     2.9917    179.500     55.623  50509.453    31.1828     4.2754     55.096    7.38424     4.2724    24.7248   13.21204 3.6382e-02 0.0000e+00
        720  53.567393    0.04993     2.9958    179.750     55.810  50509.531    31.1829     4.2757     55.281    7.38418     4.2726    24.7248   13.21194 3.6382e-02 0.0000e+00
        721  53.567396    0.05000     3.0000    180.000     55.990  50509.665    31.1829     4.2760     55.459    7.38413     4.2728    24.7248   13.21186 3.6382e-02 0.0000e+00
        722  53.567399    0.05007     3.0042    180.250     56.155  50509.405    31.1828     4.2763     55.623    7.38410     4.2729    24.7246   13.21180 3.6382e-02 0.0000e+00
        723  53.567402    0.05014     3.0083    180.500     56.300  50508.840    31.1824     4.2765     55.767    7.38408     4.2728    24.7243   13.21178 3.6382e-02 0.0000e+00
