CTD-processing/allCTD/CNV--turbid/2015_10-19_t9_s10_cast206.cnv
* Sea-Bird SBE19plus Data File:
* FileName = C:\Users\Kris.Holderied\Documents\kasitsna\Research-KBL\Oceanography-AK\CTD-Data-ALL-to-2015-06\2015-CTD-KachemakBay-CookInlet\2015-10-19-CookInlet-HomerSpit-monthly\2015-10-19-CookInlet-Tran9-cast206.hex
* Software Version 1.59
* Temperature SN =  5028
* Conductivity SN =  5028
* System UpLoad Time = Oct 31 2015 16:27:57
** Cook Inlet LTM Transect 9 Homer Spit monthly

** Date: 10-19
** Station: 9-10
** Start time (AKDT): 14:13
** Depth (m): 60.4
** Comment:  R/V Edgecumbe
** Comment:
# nquan = 16
# nvalues = 621                         
# units = specified
# name 0 = scan: Scan Count
# name 1 = timeJ: Julian Days
# name 2 = timeH: Time, Elapsed [hours]
# name 3 = timeM: Time, Elapsed [minutes]
# name 4 = timeS: Time, Elapsed [seconds]
# name 5 = prdM: Pressure, Strain Gauge [db]
# name 6 = specc: Specific Conductance [uS/cm]
# name 7 = sal00: Salinity, Practical [PSU]
# name 8 = tv290C: Temperature [ITS-90, deg C]
# name 9 = depSM: Depth [salt water, m], lat = 59.00
# name 10 = oxsolML/L: Oxygen Saturation, Garcia & Gordon [ml/l]
# name 11 = potemp090C: Potential Temperature [ITS-90, deg C]
# name 12 = sigma-é00: Density [sigma-theta, kg/m^3]
# name 13 = n2satML/L: Nitrogen Saturation [ml/l]
# name 14 = par: PAR/Irradiance, Biospherical/Licor
# name 15 = flag:  0.000e+00
# span 0 =          1,        621       
# span 1 = 292.591806, 292.593600       
# span 2 =    0.00000,    0.04306       
# span 3 =     0.0000,     2.5833       
# span 4 =      0.000,    155.000       
# span 5 =     -0.099,     52.639       
# span 6 =   1195.875,  48327.522       
# span 7 =     0.7494,    30.6020       
# span 8 =     9.0331,    12.1650       
# span 9 =     -0.098,     52.141       
# span 10 =    6.55530,    7.47849      
# span 11 =     9.0330,    11.9827      
# span 12 =     0.0629,    23.5915      
# span 13 =   11.85021,   13.78673      
# span 14 = 7.1152e-02, 3.5204e+02      
# span 15 = 0.0000e+00, 0.0000e+00      
# interval = seconds: 0.25
# start_time = Oct 19 2015 14:12:12 [Instrument's time stamp, header]
# bad_flag = -9.990e-29
*END*
          1 292.591806    0.00000     0.0000      0.000     -0.099   1195.875     0.7494    12.1650     -0.098    7.47849    11.9827     0.0629   13.78673 3.5204e+02 0.0000e+00
          2 292.591808    0.00007     0.0042      0.250     -0.092   1993.549     1.2490    12.0966     -0.091    7.46706    11.7933     0.4592   13.76087 3.4175e+02 0.0000e+00
          3 292.591811    0.00014     0.0083      0.500     -0.080   3323.002     2.0817    11.9827     -0.080    7.44798    11.4916     1.1198   13.71771 3.2984e+02 0.0000e+00
          4 292.591814    0.00021     0.0125      0.750     -0.062   5538.736     3.4695    11.7933     -0.062    7.41612    11.0843     2.2208   13.64567 3.1847e+02 0.0000e+00
          5 292.591817    0.00028     0.0167      1.000     -0.037   9285.912     5.7825    11.4916     -0.037    7.36066    10.6453     4.0541   13.52160 3.0810e+02 0.0000e+00
          6 292.591820    0.00035     0.0208      1.250     -0.004  15306.394     9.4729    11.0843     -0.004    7.25961    10.2487     6.9704   13.30258 2.9767e+02 0.0000e+00
          7 292.591823    0.00042     0.0250      1.500      0.036  23241.056    14.4106    10.6453      0.036    7.10712     9.9254    10.8605   12.98112 2.8600e+02 0.0000e+00
          8 292.591826    0.00049     0.0292      1.750      0.086  30962.933    19.3058    10.2487      0.085    6.95005     9.6767    14.7147   12.65344 2.7207e+02 0.0000e+00
          9 292.591829    0.00056     0.0333      2.000      0.143  36564.174    22.8874     9.9254      0.141    6.84034     9.4914    17.5411   12.42279 2.5309e+02 0.0000e+00
         10 292.591832    0.00063     0.0375      2.250      0.202  40068.140    25.1294     9.6767      0.200    6.77866     9.3578    19.3176   12.29012 2.2630e+02 0.0000e+00
         11 292.591834    0.00069     0.0417      2.500      0.261  42258.224    26.5311     9.4914      0.258    6.74459     9.2655    20.4331   12.21471 1.9442e+02 0.0000e+00
         12 292.591837    0.00076     0.0458      2.750      0.315  43618.169    27.4012     9.3578      0.312    6.72624     9.2046    21.1285   12.17257 1.6439e+02 0.0000e+00
         13 292.591840    0.00083     0.0500      3.000      0.362  44456.242    27.9372     9.2655      0.359    6.71645     9.1665    21.5584   12.14914 1.3999e+02 0.0000e+00
         14 292.591843    0.00090     0.0542      3.250      0.400  44972.949    28.2677     9.2046      0.396    6.71101     9.1436    21.8241   12.13569 1.2116e+02 0.0000e+00
         15 292.591846    0.00097     0.0583      3.500      0.427  45294.252    28.4736     9.1665      0.423    6.70766     9.1301    21.9897   12.12738 1.0883e+02 0.0000e+00
         16 292.591849    0.00104     0.0625      3.750      0.443  45498.705    28.6053     9.1437      0.439    6.70529     9.1218    22.0954   12.12171 1.0289e+02 0.0000e+00
         17 292.591852    0.00111     0.0667      4.000      0.448  45626.188    28.6877     9.1301      0.444    6.70370     9.1166    22.1614   12.11797 1.0049e+02 0.0000e+00
         18 292.591855    0.00118     0.0708      4.250      0.446  45705.285    28.7389     9.1218      0.442    6.70269     9.1137    22.2025   12.11562 9.8716e+01 0.0000e+00
         19 292.591858    0.00125     0.0750      4.500      0.446  45760.758    28.7752     9.1166      0.441    6.70187     9.1129    22.2314   12.11380 9.6000e+01 0.0000e+00
         20 292.591861    0.00132     0.0792      4.750      0.452  45805.602    28.8050     9.1137      0.447    6.70101     9.1139    22.2551   12.11198 9.2720e+01 0.0000e+00
         21 292.591863    0.00139     0.0833      5.000      0.462  45843.390    28.8306     9.1129      0.457    6.70002     9.1159    22.2752   12.11002 8.9822e+01 0.0000e+00
         22 292.591866    0.00146     0.0875      5.250      0.470  45871.687    28.8500     9.1140      0.466    6.69902     9.1176    22.2902   12.10811 8.7691e+01 0.0000e+00
         23 292.591869    0.00153     0.0917      5.500      0.473  45885.216    28.8595     9.1160      0.468    6.69831     9.1184    22.2973   12.10681 8.6827e+01 0.0000e+00
         24 292.591872    0.00160     0.0958      5.750      0.468  45883.467    28.8584     9.1177      0.463    6.69810     9.1188    22.2961   12.10648 8.7697e+01 0.0000e+00
         25 292.591875    0.00167     0.1000      6.000      0.456  45877.983    28.8546     9.1184      0.451    6.69815     9.1207    22.2931   12.10661 8.9976e+01 0.0000e+00
         26 292.591878    0.00174     0.1042      6.250      0.443  45883.374    28.8583     9.1188      0.438    6.69792     9.1265    22.2960   12.10619 9.3116e+01 0.0000e+00
         27 292.591881    0.00181     0.1083      6.500      0.435  45905.167    28.8737     9.1208      0.431    6.69697     9.1379    22.3077   12.10442 9.6725e+01 0.0000e+00
         28 292.591884    0.00187     0.1125      6.750      0.437  45936.455    28.8962     9.1265      0.433    6.69515     9.1563    22.3243   12.10111 9.9567e+01 0.0000e+00
         29 292.591887    0.00194     0.1167      7.000      0.448  45961.757    28.9152     9.1379      0.444    6.69262     9.1811    22.3375   12.09668 1.0030e+02 0.0000e+00
         30 292.591889    0.00201     0.1208      7.250      0.462  45970.720    28.9237     9.1564      0.458    6.68949     9.2075    22.3414   12.09140 9.9219e+01 0.0000e+00
         31 292.591892    0.00208     0.1250      7.500      0.475  45964.837    28.9227     9.1812      0.471    6.68584     9.2298    22.3369   12.08536 9.7940e+01 0.0000e+00
         32 292.591895    0.00215     0.1292      7.750      0.484  45950.460    28.9160     9.2076      0.479    6.68219     9.2449    22.3277   12.07939 9.8701e+01 0.0000e+00
         33 292.591898    0.00222     0.1333      8.000      0.485  45933.230    28.9068     9.2299      0.481    6.67925     9.2533    22.3172   12.07463 1.0268e+02 0.0000e+00
         34 292.591901    0.00229     0.1375      8.250      0.482  45920.271    28.8997     9.2450      0.477    6.67731     9.2592    22.3094   12.07149 1.0845e+02 0.0000e+00
         35 292.591904    0.00236     0.1417      8.500      0.477  45918.937    28.8998     9.2534      0.473    6.67605     9.2683    22.3082   12.06940 1.1387e+02 0.0000e+00
         36 292.591907    0.00243     0.1458      8.750      0.475  45924.206    28.9042     9.2593      0.470    6.67498     9.2851    22.3108   12.06758 1.1680e+02 0.0000e+00
         37 292.591910    0.00250     0.1500      9.000      0.477  45920.549    28.9028     9.2684      0.472    6.67369     9.3097    22.3083   12.06546 1.1604e+02 0.0000e+00
         38 292.591913    0.00257     0.1542      9.250      0.481  45902.153    28.8921     9.2851      0.477    6.67166     9.3372    22.2974   12.06222 1.1354e+02 0.0000e+00
         39 292.591916    0.00264     0.1583      9.500      0.487  45876.548    28.8773     9.3097      0.482    6.66864     9.3619    22.2822   12.05739 1.1213e+02 0.0000e+00
         40 292.591918    0.00271     0.1625      9.750      0.490  45855.087    28.8657     9.3372      0.485    6.66506     9.3809    22.2690   12.05159 1.1270e+02 0.0000e+00
         41 292.591921    0.00278     0.1667     10.000      0.492  45842.697    28.8602     9.3619      0.487    6.66163     9.3933    22.2610   12.04598 1.1413e+02 0.0000e+00
         42 292.591924    0.00285     0.1708     10.250      0.492  45835.879    28.8578     9.3809      0.487    6.65891     9.3992    22.2562   12.04150 1.1500e+02 0.0000e+00
         43 292.591927    0.00292     0.1750     10.500      0.492  45833.510    28.8576     9.3933      0.487    6.65708     9.4011    22.2542   12.03847 1.1571e+02 0.0000e+00
         44 292.591930    0.00299     0.1792     10.750      0.492  45837.916    28.8614     9.3993      0.488    6.65604     9.4031    22.2563   12.03669 1.1750e+02 0.0000e+00
         45 292.591933    0.00306     0.1833     11.000      0.494  45846.114    28.8673     9.4011      0.490    6.65551     9.4094    22.2607   12.03574 1.1944e+02 0.0000e+00
         46 292.591936    0.00313     0.1875     11.250      0.498  45848.374    28.8691     9.4032      0.494    6.65513     9.4227    22.2618   12.03508 1.1961e+02 0.0000e+00
         47 292.591939    0.00319     0.1917     11.500      0.503  45838.134    28.8628     9.4094      0.499    6.65447     9.4432    22.2559   12.03408 1.1802e+02 0.0000e+00
         48 292.591942    0.00326     0.1958     11.750      0.509  45817.581    28.8501     9.4228      0.504    6.65305     9.4672    22.2439   12.03187 1.1578e+02 0.0000e+00
         49 292.591944    0.00333     0.2000     12.000      0.514  45793.207    28.8356     9.4432      0.509    6.65064     9.4909    22.2295   12.02806 1.1398e+02 0.0000e+00
         50 292.591947    0.00340     0.2042     12.250      0.518  45772.339    28.8240     9.4673      0.513    6.64758     9.5125    22.2168   12.02313 1.1298e+02 0.0000e+00
         51 292.591950    0.00347     0.2083     12.500      0.520  45758.787    28.8175     9.4909      0.515    6.64437     9.5313    22.2081   12.01788 1.1295e+02 0.0000e+00
         52 292.591953    0.00354     0.2125     12.750      0.519  45751.442    28.8150     9.5125      0.514    6.64130     9.5469    22.2028   12.01281 1.1393e+02 0.0000e+00
         53 292.591956    0.00361     0.2167     13.000      0.516  45749.127    28.8156     9.5313      0.511    6.63849     9.5590    22.2005   12.00815 1.1526e+02 0.0000e+00
         54 292.591959    0.00368     0.2208     13.250      0.512  45752.640    28.8199     9.5469      0.507    6.63601     9.5676    22.2015   12.00398 1.1623e+02 0.0000e+00
         55 292.591962    0.00375     0.2250     13.500      0.507  45761.317    28.8274     9.5591      0.502    6.63390     9.5731    22.2055   12.00040 1.1726e+02 0.0000e+00
         56 292.591965    0.00382     0.2292     13.750      0.505  45772.036    28.8359     9.5677      0.500    6.63227     9.5760    22.2108   11.99759 1.1971e+02 0.0000e+00
         57 292.591968    0.00389     0.2333     14.000      0.506  45782.394    28.8438     9.5731      0.501    6.63114     9.5774    22.2161   11.99561 1.2301e+02 0.0000e+00
         58 292.591970    0.00396     0.2375     14.250      0.509  45791.883    28.8508     9.5761      0.504    6.63041     9.5783    22.2211   11.99431 1.2551e+02 0.0000e+00
         59 292.591973    0.00403     0.2417     14.500      0.513  45801.345    28.8575     9.5775      0.508    6.62991     9.5796    22.2262   11.99341 1.2642e+02 0.0000e+00
         60 292.591976    0.00410     0.2458     14.750      0.517  45811.067    28.8644     9.5783      0.512    6.62950     9.5828    22.2314   11.99263 1.2561e+02 0.0000e+00
         61 292.591979    0.00417     0.2500     15.000      0.520  45817.805    28.8692     9.5797      0.515    6.62909     9.5890    22.2350   11.99189 1.2423e+02 0.0000e+00
         62 292.591982    0.00424     0.2542     15.250      0.521  45816.213    28.8685     9.5829      0.517    6.62865     9.5994    22.2339   11.99118 1.2395e+02 0.0000e+00
         63 292.591985    0.00431     0.2583     15.500      0.522  45803.508    28.8604     9.5890      0.517    6.62809     9.6153    22.2266   11.99035 1.2467e+02 0.0000e+00
         64 292.591988    0.00438     0.2625     15.750      0.521  45780.199    28.8454     9.5995      0.516    6.62719     9.6359    22.2133   11.98905 1.2501e+02 0.0000e+00
         65 292.591991    0.00444     0.2667     16.000      0.519  45753.476    28.8287     9.6154      0.514    6.62557     9.6579    22.1978   11.98655 1.2483e+02 0.0000e+00
         66 292.591994    0.00451     0.2708     16.250      0.515  45732.921    28.8168     9.6360      0.510    6.62305     9.6781    22.1854   11.98253 1.2554e+02 0.0000e+00
         67 292.591997    0.00458     0.2750     16.500      0.509  45717.343    28.8086     9.6580      0.505    6.62018     9.6949    22.1756   11.97786 1.2776e+02 0.0000e+00
         68 292.591999    0.00465     0.2792     16.750      0.503  45702.967    28.8010     9.6782      0.498    6.61754     9.7074    22.1665   11.97359 1.3058e+02 0.0000e+00
         69 292.592002    0.00472     0.2833     17.000      0.495  45692.939    28.7960     9.6949      0.490    6.61530     9.7154    22.1600   11.96993 1.3321e+02 0.0000e+00
         70 292.592005    0.00479     0.2875     17.250      0.486  45690.816    28.7960     9.7074      0.482    6.61347     9.7188    22.1581   11.96689 1.3507e+02 0.0000e+00
         71 292.592008    0.00486     0.2917     17.500      0.480  45695.941    28.8005     9.7154      0.476    6.61211     9.7182    22.1604   11.96458 1.3522e+02 0.0000e+00
         72 292.592011    0.00493     0.2958     17.750      0.477  45704.929    28.8071     9.7189      0.472    6.61132     9.7146    22.1651   11.96319 1.3447e+02 0.0000e+00
         73 292.592014    0.00500     0.3000     18.000      0.476  45716.483    28.8151     9.7182      0.471    6.61107     9.7089    22.1714   11.96268 1.3478e+02 0.0000e+00
         74 292.592017    0.00507     0.3042     18.250      0.475  45730.653    28.8246     9.7146      0.471    6.61120     9.7009    22.1793   11.96278 1.3568e+02 0.0000e+00
         75 292.592020    0.00514     0.3083     18.500      0.473  45747.122    28.8354     9.7089      0.469    6.61157     9.6895    22.1886   11.96326 1.3591e+02 0.0000e+00
         76 292.592023    0.00521     0.3125     18.750      0.471  45766.581    28.8480     9.7010      0.467    6.61220     9.6727    22.1997   11.96414 1.3616e+02 0.0000e+00
         77 292.592025    0.00528     0.3167     19.000      0.467  45789.643    28.8627     9.6895      0.463    6.61325     9.6495    22.2130   11.96572 1.3727e+02 0.0000e+00
         78 292.592028    0.00535     0.3208     19.250      0.464  45816.685    28.8796     9.6728      0.459    6.61499     9.6210    22.2287   11.96840 1.3840e+02 0.0000e+00
         79 292.592031    0.00542     0.3250     19.500      0.460  45849.040    28.8994     9.6496      0.456    6.61755     9.5897    22.2477   11.97241 1.3853e+02 0.0000e+00
         80 292.592034    0.00549     0.3292     19.750      0.456  45885.791    28.9216     9.6211      0.451    6.62079     9.5558    22.2694   11.97751 1.3802e+02 0.0000e+00
         81 292.592037    0.00556     0.3333     20.000      0.450  45922.824    28.9436     9.5897      0.446    6.62446     9.5185    22.2914   11.98331 1.3707e+02 0.0000e+00
         82 292.592040    0.00562     0.3375     20.250      0.444  45958.380    28.9643     9.5558      0.440    6.62856     9.4791    22.3127   11.98986 1.3591e+02 0.0000e+00
         83 292.592043    0.00569     0.3417     20.500      0.438  45992.642    28.9837     9.5185      0.434    6.63323     9.4399    22.3336   11.99736 1.3434e+02 0.0000e+00
         84 292.592046    0.00576     0.3458     20.750      0.431  46021.601    28.9991     9.4791      0.427    6.63837     9.4012    22.3516   12.00570 1.3113e+02 0.0000e+00
         85 292.592049    0.00583     0.3500     21.000      0.426  46038.980    29.0064     9.4399      0.422    6.64385     9.3627    22.3633   12.01470 1.2762e+02 0.0000e+00
         86 292.592052    0.00590     0.3542     21.250      0.422  46042.142    29.0039     9.4012      0.418    6.64968     9.3250    22.3672   12.02439 1.2592e+02 0.0000e+00
         87 292.592054    0.00597     0.3583     21.500      0.419  46030.148    28.9908     9.3627      0.415    6.65593     9.2894    22.3628   12.03492 1.2559e+02 0.0000e+00
         88 292.592057    0.00604     0.3625     21.750      0.416  46008.301    28.9709     9.3251      0.412    6.66236     9.2579    22.3530   12.04583 1.2619e+02 0.0000e+00
         89 292.592060    0.00611     0.3667     22.000      0.413  45997.212    28.9588     9.2894      0.409    6.66817     9.2328    22.3489   12.05561 1.2827e+02 0.0000e+00
         90 292.592063    0.00618     0.3708     22.250      0.410  46018.963    28.9700     9.2579      0.406    6.67236     9.2148    22.3624   12.06243 1.3094e+02 0.0000e+00
