CTD-processing/allCTD/CNV--turbid/2015_09-04_t9_s04_cast182.cnv
* Sea-Bird SBE19plus Data File:
* FileName = C:\Users\Kris.Holderied\Documents\kasitsna\Research-KBL\Oceanography-AK\CTD-Data-ALL-to-2015-06\2015-CTD-KachemakBay-CookInlet\2015-09-04-CookInlet-HomerSpit-Monthly\2015-09-04-CookInlet-Tran9-cast182.hex
* Software Version 1.59
* Temperature SN =  5028
* Conductivity SN =  5028
* System UpLoad Time = Oct 19 2015 12:14:50
** Cook Inlet LTM Transect 9 Homer Spit Monthly

** Date: 09-04
** Station: 9-04
** Start time (AKDT): 10:53
** Depth (m): 91.4
** Comment:  R/V Barnacle
** Comment:
# nquan = 16
# nvalues = 807                         
# units = specified
# name 0 = scan: Scan Count
# name 1 = timeJ: Julian Days
# name 2 = timeH: Time, Elapsed [hours]
# name 3 = timeM: Time, Elapsed [minutes]
# name 4 = timeS: Time, Elapsed [seconds]
# name 5 = prdM: Pressure, Strain Gauge [db]
# name 6 = specc: Specific Conductance [uS/cm]
# name 7 = sal00: Salinity, Practical [PSU]
# name 8 = tv290C: Temperature [ITS-90, deg C]
# name 9 = depSM: Depth [salt water, m], lat = 59.00
# name 10 = oxsolML/L: Oxygen Saturation, Garcia & Gordon [ml/l]
# name 11 = potemp090C: Potential Temperature [ITS-90, deg C]
# name 12 = sigma-é00: Density [sigma-theta, kg/m^3]
# name 13 = n2satML/L: Nitrogen Saturation [ml/l]
# name 14 = par: PAR/Irradiance, Biospherical/Licor
# name 15 = flag:  0.000e+00
# span 0 =          1,        807       
# span 1 = 247.453657, 247.455990       
# span 2 =    0.00000,    0.05597       
# span 3 =     0.0000,     3.3583       
# span 4 =      0.000,    201.500       
# span 5 =     -0.093,     86.505       
# span 6 =    362.502,  49657.952       
# span 7 =     0.1717,    31.4748       
# span 8 =     9.2138,    10.8917       
# span 9 =     -0.092,     85.679       
# span 10 =    6.40079,    7.79928      
# span 11 =     9.2058,    10.8917      
# span 12 =    -0.2081,    24.3273      
# span 13 =   11.60128,   14.33706      
# span 14 = 5.3460e-02, 1.0440e+02      
# span 15 = 0.0000e+00, 0.0000e+00      
# interval = seconds: 0.25
# start_time = Sep 04 2015 10:53:16 [Instrument's time stamp, header]
# bad_flag = -9.990e-29
*END*
[from data line 91]
         92 247.453921    0.00632     0.3792     22.750      0.771  47046.938    29.8707    10.8092      0.764    6.41172    10.8103    22.8170   11.61928 4.9004e+01 0.0000e+00
         93 247.453924    0.00639     0.3833     23.000      0.755  47051.250    29.8738    10.8095      0.748    6.41155    10.8111    22.8193   11.61896 4.8149e+01 0.0000e+00
         94 247.453927    0.00646     0.3875     23.250      0.755  47052.505    29.8748    10.8103      0.748    6.41140    10.8117    22.8199   11.61870 4.7249e+01 0.0000e+00
         95 247.453929    0.00653     0.3917     23.500      0.769  47050.679    29.8736    10.8112      0.762    6.41133    10.8118    22.8189   11.61860 4.6610e+01 0.0000e+00
         96 247.453932    0.00660     0.3958     23.750      0.792  47045.830    29.8702    10.8118      0.785    6.41139    10.8112    22.8162   11.61873 4.6395e+01 0.0000e+00
         97 247.453935    0.00667     0.4000     24.000      0.814  47039.377    29.8657    10.8119      0.806    6.41156    10.8098    22.8126   11.61908 4.6544e+01 0.0000e+00
         98 247.453938    0.00674     0.4042     24.250      0.828  47034.623    29.8623    10.8113      0.820    6.41179    10.8081    22.8100   11.61950 4.6936e+01 0.0000e+00
         99 247.453941    0.00681     0.4083     24.500      0.829  47034.700    29.8622    10.8099      0.821    6.41198    10.8067    22.8102   11.61981 4.7434e+01 0.0000e+00
        100 247.453944    0.00688     0.4125     24.750      0.817  47040.472    29.8660    10.8082      0.810    6.41206    10.8063    22.8135   11.61990 4.7897e+01 0.0000e+00
        101 247.453947    0.00694     0.4167     25.000      0.798  47049.280    29.8721    10.8068      0.791    6.41201    10.8070    22.8184   11.61974 4.8205e+01 0.0000e+00
        102 247.453950    0.00701     0.4208     25.250      0.778  47057.058    29.8775    10.8064      0.771    6.41184    10.8084    22.8227   11.61940 4.8131e+01 0.0000e+00
        103 247.453953    0.00708     0.4250     25.500      0.763  47061.895    29.8810    10.8071      0.756    6.41160    10.8101    22.8253   11.61896 4.7571e+01 0.0000e+00
        104 247.453955    0.00715     0.4292     25.750      0.758  47064.010    29.8827    10.8085      0.751    6.41133    10.8118    22.8264   11.61850 4.6838e+01 0.0000e+00
        105 247.453958    0.00722     0.4333     26.000      0.764  47064.217    29.8830    10.8102      0.757    6.41108    10.8131    22.8263   11.61808 4.6328e+01 0.0000e+00
        106 247.453961    0.00729     0.4375     26.250      0.780  47062.908    29.8822    10.8118      0.773    6.41089    10.8137    22.8255   11.61776 4.6161e+01 0.0000e+00
        107 247.453964    0.00736     0.4417     26.500      0.802  47059.416    29.8799    10.8131      0.794    6.41081    10.8136    22.8235   11.61765 4.6260e+01 0.0000e+00
        108 247.453967    0.00743     0.4458     26.750      0.823  47053.083    29.8755    10.8138      0.816    6.41089    10.8128    22.8199   11.61784 4.6525e+01 0.0000e+00
        109 247.453970    0.00750     0.4500     27.000      0.838  47045.672    29.8703    10.8137      0.830    6.41112    10.8111    22.8159   11.61828 4.6886e+01 0.0000e+00
        110 247.453973    0.00757     0.4542     27.250      0.840  47040.953    29.8669    10.8129      0.832    6.41138    10.8089    22.8134   11.61875 4.7261e+01 0.0000e+00
        111 247.453976    0.00764     0.4583     27.500      0.830  47041.786    29.8673    10.8112      0.822    6.41160    10.8071    22.8140   11.61911 4.7553e+01 0.0000e+00
        112 247.453979    0.00771     0.4625     27.750      0.811  47048.549    29.8718    10.8090      0.803    6.41171    10.8065    22.8178   11.61925 4.7668e+01 0.0000e+00
        113 247.453981    0.00778     0.4667     28.000      0.790  47058.425    29.8786    10.8072      0.782    6.41169    10.8072    22.8234   11.61913 4.7565e+01 0.0000e+00
        114 247.453984    0.00785     0.4708     28.250      0.775  47067.226    29.8847    10.8066      0.767    6.41152    10.8086    22.8283   11.61878 4.7342e+01 0.0000e+00
        115 247.453987    0.00792     0.4750     28.500      0.768  47072.662    29.8886    10.8073      0.761    6.41127    10.8102    22.8312   11.61832 4.7086e+01 0.0000e+00
        116 247.453990    0.00799     0.4792     28.750      0.772  47074.549    29.8901    10.8087      0.765    6.41101    10.8117    22.8321   11.61787 4.6763e+01 0.0000e+00
        117 247.453993    0.00806     0.4833     29.000      0.784  47073.490    29.8895    10.8103      0.777    6.41081    10.8127    22.8314   11.61754 4.6430e+01 0.0000e+00
        118 247.453996    0.00813     0.4875     29.250      0.802  47070.101    29.8873    10.8118      0.795    6.41070    10.8131    22.8294   11.61738 4.6264e+01 0.0000e+00
        119 247.453999    0.00819     0.4917     29.500      0.820  47064.583    29.8835    10.8128      0.812    6.41071    10.8128    22.8263   11.61744 4.6507e+01 0.0000e+00
        120 247.454002    0.00826     0.4958     29.750      0.832  47057.669    29.8787    10.8132      0.824    6.41085    10.8117    22.8225   11.61772 4.7194e+01 0.0000e+00
        121 247.454005    0.00833     0.5000     30.000      0.832  47051.603    29.8744    10.8129      0.825    6.41107    10.8098    22.8192   11.61814 4.7921e+01 0.0000e+00
        122 247.454008    0.00840     0.5042     30.250      0.820  47049.305    29.8726    10.8118      0.813    6.41130    10.8077    22.8181   11.61854 4.8400e+01 0.0000e+00
        123 247.454010    0.00847     0.5083     30.500      0.799  47052.857    29.8749    10.8099      0.792    6.41146    10.8064    22.8202   11.61879 4.8603e+01 0.0000e+00
        124 247.454013    0.00854     0.5125     30.750      0.778  47061.431    29.8808    10.8078      0.770    6.41152    10.8063    22.8250   11.61881 4.8380e+01 0.0000e+00
        125 247.454016    0.00861     0.5167     31.000      0.766  47070.986    29.8874    10.8065      0.758    6.41143    10.8072    22.8304   11.61860 4.7819e+01 0.0000e+00
        126 247.454019    0.00868     0.5208     31.250      0.770  47077.160    29.8917    10.8064      0.762    6.41126    10.8084    22.8337   11.61827 4.7260e+01 0.0000e+00
        127 247.454022    0.00875     0.5250     31.500      0.790  47077.520    29.8920    10.8073      0.782    6.41112    10.8090    22.8338   11.61802 4.6811e+01 0.0000e+00
        128 247.454025    0.00882     0.5292     31.750      0.818  47071.799    29.8881    10.8085      0.810    6.41112    10.8082    22.8306   11.61806 4.6521e+01 0.0000e+00
        129 247.454028    0.00889     0.5333     32.000      0.841  47063.045    29.8820    10.8091      0.832    6.41129    10.8059    22.8258   11.61842 4.6608e+01 0.0000e+00
        130 247.454031    0.00896     0.5375     32.250      0.848  47057.181    29.8778    10.8083      0.840    6.41157    10.8025    22.8226   11.61893 4.7183e+01 0.0000e+00
        131 247.454034    0.00903     0.5417     32.500      0.836  47057.608    29.8779    10.8059      0.828    6.41190    10.7995    22.8230   11.61948 4.8023e+01 0.0000e+00
        132 247.454036    0.00910     0.5458     32.750      0.809  47062.903    29.8812    10.8026      0.801    6.41222    10.7978    22.8262   11.61998 4.8600e+01 0.0000e+00
        133 247.454039    0.00917     0.5500     33.000      0.777  47069.863    29.8858    10.7996      0.770    6.41245    10.7979    22.8303   11.62031 4.8524e+01 0.0000e+00
        134 247.454042    0.00924     0.5542     33.250      0.754  47076.145    29.8900    10.7979      0.747    6.41252    10.7997    22.8339   11.62036 4.7984e+01 0.0000e+00
        135 247.454045    0.00931     0.5583     33.500      0.750  47080.826    29.8933    10.7980      0.743    6.41237    10.8024    22.8365   11.62008 4.7344e+01 0.0000e+00
        136 247.454048    0.00937     0.5625     33.750      0.767  47082.701    29.8948    10.7998      0.760    6.41205    10.8048    22.8373   11.61954 4.6728e+01 0.0000e+00
        137 247.454051    0.00944     0.5667     34.000      0.801  47080.180    29.8933    10.8025      0.794    6.41174    10.8060    22.8357   11.61904 4.6244e+01 0.0000e+00
        138 247.454054    0.00951     0.5708     34.250      0.840  47073.599    29.8890    10.8049      0.832    6.41158    10.8053    22.8319   11.61883 4.6176e+01 0.0000e+00
        139 247.454057    0.00958     0.5750     34.500      0.869  47066.491    29.8841    10.8061      0.860    6.41162    10.8029    22.8279   11.61894 4.6686e+01 0.0000e+00
        140 247.454060    0.00965     0.5792     34.750      0.876  47063.196    29.8817    10.8055      0.868    6.41181    10.7997    22.8262   11.61929 4.7577e+01 0.0000e+00
        141 247.454062    0.00972     0.5833     35.000      0.859  47064.924    29.8827    10.8030      0.851    6.41211    10.7973    22.8273   11.61977 4.8385e+01 0.0000e+00
        142 247.454065    0.00979     0.5875     35.250      0.824  47070.133    29.8860    10.7999      0.817    6.41241    10.7963    22.8304   11.62022 4.8603e+01 0.0000e+00
        143 247.454068    0.00986     0.5917     35.500      0.785  47076.558    29.8903    10.7974      0.778    6.41258    10.7974    22.8342   11.62046 4.8105e+01 0.0000e+00
        144 247.454071    0.00993     0.5958     35.750      0.756  47082.336    29.8943    10.7964      0.749    6.41255    10.8004    22.8374   11.62036 4.7112e+01 0.0000e+00
        145 247.454074    0.01000     0.6000     36.000      0.748  47086.471    29.8973    10.7975      0.741    6.41227    10.8043    22.8396   11.61987 4.5926e+01 0.0000e+00
        146 247.454077    0.01007     0.6042     36.250      0.764  47087.288    29.8982    10.8005      0.757    6.41182    10.8078    22.8398   11.61912 4.4936e+01 0.0000e+00
        147 247.454080    0.01014     0.6083     36.500      0.798  47082.905    29.8955    10.8044      0.790    6.41139    10.8097    22.8371   11.61842 4.4403e+01 0.0000e+00
        148 247.454083    0.01021     0.6125     36.750      0.837  47074.125    29.8897    10.8079      0.829    6.41113    10.8092    22.8320   11.61807 4.4401e+01 0.0000e+00
        149 247.454086    0.01028     0.6167     37.000      0.867  47065.591    29.8839    10.8098      0.858    6.41111    10.8065    22.8271   11.61811 4.4937e+01 0.0000e+00
        150 247.454089    0.01035     0.6208     37.250      0.877  47062.271    29.8815    10.8093      0.869    6.41128    10.8030    22.8253   11.61842 4.5828e+01 0.0000e+00
        151 247.454091    0.01042     0.6250     37.500      0.865  47064.857    29.8830    10.8066      0.857    6.41159    10.8003    22.8270   11.61892 4.6581e+01 0.0000e+00
        152 247.454094    0.01049     0.6292     37.750      0.838  47070.878    29.8869    10.8031      0.830    6.41191    10.7993    22.8306   11.61940 4.6747e+01 0.0000e+00
        153 247.454097    0.01056     0.6333     38.000      0.806  47077.486    29.8913    10.8004      0.799    6.41210    10.8003    22.8344   11.61967 4.6282e+01 0.0000e+00
        154 247.454100    0.01063     0.6375     38.250      0.784  47082.958    29.8950    10.7994      0.777    6.41209    10.8028    22.8375   11.61960 4.5397e+01 0.0000e+00
        155 247.454103    0.01069     0.6417     38.500      0.780  47086.742    29.8978    10.8004      0.773    6.41185    10.8058    22.8395   11.61917 4.4362e+01 0.0000e+00
        156 247.454106    0.01076     0.6458     38.750      0.797  47087.329    29.8984    10.8029      0.789    6.41148    10.8082    22.8396   11.61854 4.3492e+01 0.0000e+00
        157 247.454109    0.01083     0.6500     39.000      0.827  47082.801    29.8956    10.8059      0.819    6.41117    10.8091    22.8368   11.61807 4.3052e+01 0.0000e+00
        158 247.454112    0.01090     0.6542     39.250      0.859  47074.408    29.8899    10.8083      0.851    6.41107    10.8079    22.8320   11.61796 4.3073e+01 0.0000e+00
        159 247.454115    0.01097     0.6583     39.500      0.880  47067.378    29.8851    10.8092      0.872    6.41115    10.8051    22.8281   11.61815 4.3506e+01 0.0000e+00
        160 247.454117    0.01104     0.6625     39.750      0.881  47065.934    29.8839    10.8080      0.873    6.41137    10.8021    22.8275   11.61852 4.4225e+01 0.0000e+00
        161 247.454120    0.01111     0.6667     40.000      0.862  47069.769    29.8863    10.8052      0.854    6.41166    10.8003    22.8298   11.61897 4.4826e+01 0.0000e+00
        162 247.454123    0.01118     0.6708     40.250      0.832  47076.067    29.8904    10.8022      0.824    6.41190    10.8002    22.8335   11.61932 4.4975e+01 0.0000e+00
        163 247.454126    0.01125     0.6750     40.500      0.802  47081.949    29.8944    10.8004      0.795    6.41199    10.8020    22.8369   11.61944 4.4563e+01 0.0000e+00
        164 247.454129    0.01132     0.6792     40.750      0.787  47086.023    29.8972    10.8003      0.779    6.41188    10.8048    22.8391   11.61922 4.3683e+01 0.0000e+00
        165 247.454132    0.01139     0.6833     41.000      0.791  47087.493    29.8985    10.8021      0.784    6.41158    10.8075    22.8397   11.61871 4.2763e+01 0.0000e+00
        166 247.454135    0.01146     0.6875     41.250      0.815  47084.879    29.8969    10.8049      0.808    6.41126    10.8090    22.8381   11.61819 4.2233e+01 0.0000e+00
        167 247.454138    0.01153     0.6917     41.500      0.849  47077.898    29.8923    10.8076      0.841    6.41108    10.8088    22.8340   11.61794 4.2240e+01 0.0000e+00
        168 247.454141    0.01160     0.6958     41.750      0.879  47069.436    29.8865    10.8091      0.870    6.41110    10.8067    22.8293   11.61805 4.2707e+01 0.0000e+00
        169 247.454144    0.01167     0.7000     42.000      0.893  47064.217    29.8828    10.8089      0.885    6.41128    10.8037    22.8264   11.61840 4.3425e+01 0.0000e+00
        170 247.454146    0.01174     0.7042     42.250      0.887  47064.735    29.8829    10.8068      0.878    6.41157    10.8011    22.8269   11.61887 4.4148e+01 0.0000e+00
        171 247.454149    0.01181     0.7083     42.500      0.863  47069.483    29.8860    10.8038      0.855    6.41186    10.8000    22.8297   11.61932 4.4602e+01 0.0000e+00
        172 247.454152    0.01188     0.7125     42.750      0.831  47074.788    29.8894    10.8012      0.823    6.41208    10.8006    22.8328   11.61964 4.4597e+01 0.0000e+00
        173 247.454155    0.01194     0.7167     43.000      0.801  47077.751    29.8914    10.8001      0.793    6.41216    10.8025    22.8346   11.61975 4.4201e+01 0.0000e+00
        174 247.454158    0.01201     0.7208     43.250      0.781  47077.565    29.8913    10.8007      0.773    6.41208    10.8047    22.8344   11.61961 4.3569e+01 0.0000e+00
        175 247.454161    0.01208     0.7250     43.500      0.774  47074.619    29.8895    10.8026      0.766    6.41189    10.8066    22.8327   11.61933 4.2912e+01 0.0000e+00
        176 247.454164    0.01215     0.7292     43.750      0.778  47070.721    29.8870    10.8048      0.771    6.41168    10.8077    22.8303   11.61901 4.2495e+01 0.0000e+00
        177 247.454167    0.01222     0.7333     44.000      0.793  47067.783    29.8851    10.8067      0.786    6.41150    10.8080    22.8286   11.61873 4.2427e+01 0.0000e+00
        178 247.454170    0.01229     0.7375     44.250      0.813  47065.196    29.8834    10.8078      0.806    6.41141    10.8070    22.8270   11.61860 4.2747e+01 0.0000e+00
        179 247.454172    0.01236     0.7417     44.500      0.830  47062.296    29.8814    10.8081      0.822    6.41146    10.8049    22.8254   11.61871 4.3397e+01 0.0000e+00
        180 247.454175    0.01243     0.7458     44.750      0.835  47061.021    29.8804    10.8071      0.827    6.41163    10.8023    22.8248   11.61900 4.4064e+01 0.0000e+00
