CTD-processing/allCTD/CNV--turbid/2015_05-28_t9_s03_cast076.cnv
* Sea-Bird SBE19plus Data File:
* FileName = C:\Users\Kris.Holderied\Documents\kasitsna\Research-KBL\Oceanography-AK\CTD-Data-ALL-to-2015-04\2015-CTD-KachemakBay-CookInlet\2015-05-28-CookInlet-HomerSpit-monthly\2015-05-28-CookInlet-Tran9-cast076.hex
* Software Version 1.59
* Temperature SN =  5028
* Conductivity SN =  5028
* System UpLoad Time = Jul 03 2015 22:19:12
** Cook Inlet LTM Tran 9 (Homer Spit) North to South
** Date: 05-28
** Station:  9-03
** Start time (AKDT): 12:11
** Depth (m): 91.4
** Comment:  R/V Barnacle
** Comment:
# nquan = 16
# nvalues = 633                         
# units = specified
# name 0 = scan: Scan Count
# name 1 = timeJ: Julian Days
# name 2 = timeH: Time, Elapsed [hours]
# name 3 = timeM: Time, Elapsed [minutes]
# name 4 = timeS: Time, Elapsed [seconds]
# name 5 = prdM: Pressure, Strain Gauge [db]
# name 6 = specc: Specific Conductance [uS/cm]
# name 7 = sal00: Salinity, Practical [PSU]
# name 8 = tv290C: Temperature [ITS-90, deg C]
# name 9 = depSM: Depth [salt water, m], lat = 59.00
# name 10 = oxsolML/L: Oxygen Saturation, Garcia & Gordon [ml/l]
# name 11 = potemp090C: Potential Temperature [ITS-90, deg C]
# name 12 = sigma-é00: Density [sigma-theta, kg/m^3]
# name 13 = n2satML/L: Nitrogen Saturation [ml/l]
# name 14 = par: PAR/Irradiance, Biospherical/Licor
# name 15 = flag:  0.000e+00
# span 0 =          1,        633       
# span 1 = 148.507581, 148.509410       
# span 2 =    0.00000,    0.04389       
# span 3 =     0.0000,     2.6333       
# span 4 =      0.000,    158.000       
# span 5 =      0.158,     90.095       
# span 6 =   3632.086,  50352.898       
# span 7 =     1.9343,    31.4702       
# span 8 =     6.2409,     9.8354       
# span 9 =      0.156,     89.233       
# span 10 =    6.56677,    8.03499      
# span 11 =     6.2336,     9.8353      
# span 12 =     1.3216,    24.7362      
# span 13 =   11.88137,   14.70953      
# span 14 = 5.1314e-02, 1.7659e+03      
# span 15 = 0.0000e+00, 0.0000e+00      
# interval = seconds: 0.25
# start_time = May 28 2015 12:10:55 [Instrument's time stamp, header]
# bad_flag = -9.990e-29
*END*
[from data line 543]
        544 148.509152    0.03771     2.2625    135.750     61.114  50186.097    31.4226     6.5315     60.533    6.98730     6.5163    24.6626   12.55324 5.9526e-02 0.0000e+00
        545 148.509155    0.03778     2.2667    136.000     61.462  50182.711    31.4193     6.5274     60.879    6.98811     6.5083    24.6605   12.55462 5.9101e-02 0.0000e+00
        546 148.509158    0.03785     2.2708    136.250     61.812  50180.002    31.4162     6.5214     61.225    6.98923     6.4987    24.6588   12.55651 5.8692e-02 0.0000e+00
        547 148.509161    0.03792     2.2750    136.500     62.162  50179.033    31.4139     6.5135     61.571    6.99064     6.4884    24.6579   12.55886 5.8293e-02 0.0000e+00
        548 148.509164    0.03799     2.2792    136.750     62.511  50181.276    31.4136     6.5039     61.917    6.99221     6.4788    24.6588   12.56147 5.7886e-02 0.0000e+00
        549 148.509167    0.03806     2.2833    137.000     62.860  50187.165    31.4156     6.4937     62.263    6.99379     6.4708    24.6617   12.56404 5.7453e-02 0.0000e+00
        550 148.509170    0.03812     2.2875    137.250     63.209  50194.859    31.4190     6.4841     62.609    6.99519     6.4647    24.6656   12.56631 5.7015e-02 0.0000e+00
        551 148.509172    0.03819     2.2917    137.500     63.558  50202.663    31.4227     6.4761     62.954    6.99631     6.4601    24.6695   12.56812 5.6634e-02 0.0000e+00
        552 148.509175    0.03826     2.2958    137.750     63.907  50208.799    31.4257     6.4700     63.299    6.99717     6.4564    24.6726   12.56951 5.6325e-02 0.0000e+00
        553 148.509178    0.03833     2.3000    138.000     64.255  50212.549    31.4273     6.4654     63.644    6.99785     6.4534    24.6744   12.57060 5.6053e-02 0.0000e+00
        554 148.509181    0.03840     2.3042    138.250     64.604  50215.286    31.4284     6.4618     63.989    6.99839     6.4508    24.6757   12.57149 5.5814e-02 0.0000e+00
        555 148.509184    0.03847     2.3083    138.500     64.952  50217.741    31.4293     6.4588     64.335    6.99884     6.4486    24.6769   12.57222 5.5628e-02 0.0000e+00
        556 148.509187    0.03854     2.3125    138.750     65.300  50219.562    31.4300     6.4562     64.679    6.99923     6.4466    24.6777   12.57285 5.5506e-02 0.0000e+00
        557 148.509190    0.03861     2.3167    139.000     65.647  50220.526    31.4301     6.4541     65.022    6.99957     6.4444    24.6781   12.57342 5.5439e-02 0.0000e+00
        558 148.509193    0.03868     2.3208    139.250     65.991  50220.741    31.4297     6.4521     65.363    6.99992     6.4419    24.6780   12.57400 5.5433e-02 0.0000e+00
        559 148.509196    0.03875     2.3250    139.500     66.334  50220.672    31.4291     6.4499     65.703    7.00030     6.4392    24.6778   12.57463 5.5524e-02 0.0000e+00
        560 148.509198    0.03882     2.3292    139.750     66.676  50220.905    31.4286     6.4475     66.041    7.00072     6.4365    24.6778   12.57533 5.5626e-02 0.0000e+00
        561 148.509201    0.03889     2.3333    140.000     67.016  50221.631    31.4285     6.4448     66.378    7.00116     6.4337    24.6780   12.57606 5.5582e-02 0.0000e+00
        562 148.509204    0.03896     2.3375    140.250     67.355  50222.602    31.4285     6.4421     66.714    7.00160     6.4310    24.6783   12.57679 5.5451e-02 0.0000e+00
        563 148.509207    0.03903     2.3417    140.500     67.693  50223.578    31.4285     6.4394     67.049    7.00205     6.4282    24.6787   12.57753 5.5330e-02 0.0000e+00
        564 148.509210    0.03910     2.3458    140.750     68.031  50224.422    31.4284     6.4366     67.384    7.00249     6.4252    24.6790   12.57827 5.5183e-02 0.0000e+00
        565 148.509213    0.03917     2.3500    141.000     68.370  50224.838    31.4280     6.4338     67.720    7.00297     6.4216    24.6790   12.57906 5.4993e-02 0.0000e+00
        566 148.509216    0.03924     2.3542    141.250     68.710  50224.666    31.4272     6.4308     68.056    7.00350     6.4175    24.6788   12.57995 5.4771e-02 0.0000e+00
        567 148.509219    0.03931     2.3583    141.500     69.048  50224.542    31.4263     6.4273     68.391    7.00411     6.4129    24.6785   12.58098 5.4511e-02 0.0000e+00
        568 148.509222    0.03938     2.3625    141.750     69.385  50225.460    31.4260     6.4232     68.724    7.00480     6.4081    24.6788   12.58212 5.4194e-02 0.0000e+00
        569 148.509225    0.03944     2.3667    142.000     69.721  50227.181    31.4262     6.4186     69.057    7.00554     6.4029    24.6795   12.58333 5.3856e-02 0.0000e+00
        570 148.509227    0.03951     2.3708    142.250     70.056  50228.585    31.4261     6.4138     69.389    7.00632     6.3970    24.6800   12.58463 5.3590e-02 0.0000e+00
        571 148.509230    0.03958     2.3750    142.500     70.390  50229.797    31.4258     6.4087     69.720    7.00718     6.3905    24.6804   12.58605 5.3418e-02 0.0000e+00
        572 148.509233    0.03965     2.3792    142.750     70.724  50231.955    31.4261     6.4028     70.051    7.00813     6.3837    24.6814   12.58761 5.3291e-02 0.0000e+00
        573 148.509236    0.03972     2.3833    143.000     71.056  50235.386    31.4271     6.3964     70.380    7.00914     6.3768    24.6830   12.58926 5.3191e-02 0.0000e+00
        574 148.509239    0.03979     2.3875    143.250     71.389  50239.585    31.4286     6.3896     70.709    7.01017     6.3697    24.6850   12.59096 5.3112e-02 0.0000e+00
        575 148.509242    0.03986     2.3917    143.500     71.721  50244.364    31.4304     6.3827     71.039    7.01122     6.3626    24.6873   12.59268 5.3042e-02 0.0000e+00
        576 148.509245    0.03993     2.3958    143.750     72.055  50249.977    31.4328     6.3756     71.369    7.01228     6.3559    24.6901   12.59439 5.2973e-02 0.0000e+00
        577 148.509248    0.04000     2.4000    144.000     72.388  50256.245    31.4357     6.3685     71.699    7.01330     6.3500    24.6932   12.59604 5.2894e-02 0.0000e+00
        578 148.509251    0.04007     2.4042    144.250     72.723  50262.329    31.4385     6.3619     72.031    7.01425     6.3448    24.6962   12.59757 5.2792e-02 0.0000e+00
        579 148.509253    0.04014     2.4083    144.500     73.059  50268.000    31.4411     6.3560     72.363    7.01510     6.3405    24.6991   12.59895 5.2682e-02 0.0000e+00
        580 148.509256    0.04021     2.4125    144.750     73.396  50273.573    31.4439     6.3508     72.697    7.01583     6.3372    24.7019   12.60011 5.2593e-02 0.0000e+00
        581 148.509259    0.04028     2.4167    145.000     73.734  50278.627    31.4464     6.3465     73.032    7.01641     6.3350    24.7044   12.60104 5.2527e-02 0.0000e+00
        582 148.509262    0.04035     2.4208    145.250     74.074  50282.583    31.4484     6.3433     73.369    7.01684     6.3334    24.7064   12.60173 5.2471e-02 0.0000e+00
        583 148.509265    0.04042     2.4250    145.500     74.415  50285.487    31.4498     6.3410     73.706    7.01714     6.3323    24.7078   12.60222 5.2426e-02 0.0000e+00
        584 148.509268    0.04049     2.4292    145.750     74.755  50287.645    31.4509     6.3395     74.042    7.01735     6.3317    24.7088   12.60254 5.2386e-02 0.0000e+00
        585 148.509271    0.04056     2.4333    146.000     75.094  50289.199    31.4516     6.3385     74.378    7.01748     6.3313    24.7094   12.60275 5.2350e-02 0.0000e+00
        586 148.509274    0.04063     2.4375    146.250     75.431  50290.188    31.4520     6.3379     74.712    7.01757     6.3310    24.7098   12.60288 5.2326e-02 0.0000e+00
        587 148.509277    0.04069     2.4417    146.500     75.767  50290.758    31.4522     6.3375     75.045    7.01762     6.3308    24.7100   12.60297 5.2309e-02 0.0000e+00
        588 148.509280    0.04076     2.4458    146.750     76.104  50291.073    31.4522     6.3373     75.378    7.01766     6.3307    24.7101   12.60304 5.2286e-02 0.0000e+00
        589 148.509282    0.04083     2.4500    147.000     76.440  50291.243    31.4521     6.3371     75.711    7.01769     6.3306    24.7100   12.60309 5.2250e-02 0.0000e+00
        590 148.509285    0.04090     2.4542    147.250     76.775  50291.354    31.4520     6.3370     76.044    7.01771     6.3304    24.7100   12.60313 5.2202e-02 0.0000e+00
        591 148.509288    0.04097     2.4583    147.500     77.110  50291.470    31.4519     6.3369     76.375    7.01773     6.3303    24.7099   12.60316 5.2156e-02 0.0000e+00
        592 148.509291    0.04104     2.4625    147.750     77.443  50291.635    31.4518     6.3368     76.705    7.01775     6.3302    24.7099   12.60319 5.2118e-02 0.0000e+00
        593 148.509294    0.04111     2.4667    148.000     77.775  50291.825    31.4518     6.3367     77.033    7.01776     6.3300    24.7099   12.60322 5.2077e-02 0.0000e+00
        594 148.509297    0.04118     2.4708    148.250     78.107  50292.035    31.4518     6.3366     77.362    7.01778     6.3299    24.7099   12.60325 5.2040e-02 0.0000e+00
        595 148.509300    0.04125     2.4750    148.500     78.441  50292.329    31.4518     6.3364     77.694    7.01780     6.3297    24.7099   12.60327 5.2010e-02 0.0000e+00
        596 148.509303    0.04132     2.4792    148.750     78.780  50292.672    31.4519     6.3363     78.029    7.01782     6.3294    24.7100   12.60331 5.1978e-02 0.0000e+00
        597 148.509306    0.04139     2.4833    149.000     79.121  50292.956    31.4519     6.3361     78.367    7.01785     6.3289    24.7100   12.60336 5.1938e-02 0.0000e+00
        598 148.509308    0.04146     2.4875    149.250     79.464  50293.025    31.4517     6.3359     78.706    7.01790     6.3279    24.7099   12.60344 5.1896e-02 0.0000e+00
        599 148.509311    0.04153     2.4917    149.500     79.809  50292.472    31.4511     6.3354     79.047    7.01801     6.3262    24.7095   12.60363 5.1857e-02 0.0000e+00
        600 148.509314    0.04160     2.4958    149.750     80.154  50291.072    31.4498     6.3345     79.389    7.01822     6.3236    24.7086   12.60399 5.1823e-02 0.0000e+00
        601 148.509317    0.04167     2.5000    150.000     80.499  50289.497    31.4482     6.3328     79.731    7.01857     6.3203    24.7075   12.60459 5.1791e-02 0.0000e+00
        602 148.509320    0.04174     2.5042    150.250     80.844  50289.036    31.4472     6.3302     80.073    7.01904     6.3168    24.7071   12.60538 5.1761e-02 0.0000e+00
        603 148.509323    0.04181     2.5083    150.500     81.188  50290.299    31.4473     6.3270     80.413    7.01957     6.3135    24.7076   12.60626 5.1736e-02 0.0000e+00
        604 148.509326    0.04188     2.5125    150.750     81.530  50292.611    31.4481     6.3235     80.752    7.02010     6.3105    24.7086   12.60712 5.1713e-02 0.0000e+00
        605 148.509329    0.04194     2.5167    151.000     81.871  50294.998    31.4490     6.3203     81.090    7.02059     6.3074    24.7097   12.60792 5.1690e-02 0.0000e+00
        606 148.509332    0.04201     2.5208    151.250     82.212  50296.949    31.4496     6.3172     81.427    7.02106     6.3039    24.7106   12.60870 5.1668e-02 0.0000e+00
        607 148.509334    0.04208     2.5250    151.500     82.553  50298.269    31.4498     6.3142     81.765    7.02156     6.2999    24.7111   12.60952 5.1657e-02 0.0000e+00
        608 148.509337    0.04215     2.5292    151.750     82.896  50299.747    31.4500     6.3107     82.105    7.02212     6.2959    24.7117   12.61044 5.1654e-02 0.0000e+00
        609 148.509340    0.04222     2.5333    152.000     83.241  50302.748    31.4511     6.3067     82.447    7.02272     6.2923    24.7131   12.61141 5.1648e-02 0.0000e+00
        610 148.509343    0.04229     2.5375    152.250     83.588  50306.768    31.4530     6.3027     82.790    7.02329     6.2892    24.7151   12.61233 5.1632e-02 0.0000e+00
        611 148.509346    0.04236     2.5417    152.500     83.937  50309.958    31.4544     6.2992     83.135    7.02381     6.2861    24.7166   12.61317 5.1605e-02 0.0000e+00
        612 148.509349    0.04243     2.5458    152.750     84.286  50312.052    31.4551     6.2960     83.481    7.02429     6.2831    24.7175   12.61395 5.1583e-02 0.0000e+00
        613 148.509352    0.04250     2.5500    153.000     84.635  50314.281    31.4559     6.2930     83.827    7.02475     6.2805    24.7185   12.61471 5.1577e-02 0.0000e+00
        614 148.509355    0.04257     2.5542    153.250     84.984  50317.028    31.4571     6.2901     84.172    7.02518     6.2783    24.7198   12.61540 5.1590e-02 0.0000e+00
        615 148.509358    0.04264     2.5583    153.500     85.332  50319.669    31.4582     6.2875     84.517    7.02555     6.2765    24.7211   12.61599 5.1625e-02 0.0000e+00
        616 148.509361    0.04271     2.5625    153.750     85.679  50321.868    31.4592     6.2853     84.861    7.02586     6.2749    24.7221   12.61649 5.1684e-02 0.0000e+00
        617 148.509363    0.04278     2.5667    154.000     86.025  50323.636    31.4599     6.2836     85.204    7.02612     6.2735    24.7229   12.61691 5.1749e-02 0.0000e+00
        618 148.509366    0.04285     2.5708    154.250     86.370  50324.944    31.4604     6.2820     85.545    7.02635     6.2720    24.7234   12.61729 5.1791e-02 0.0000e+00
        619 148.509369    0.04292     2.5750    154.500     86.713  50325.618    31.4604     6.2806     85.885    7.02658     6.2700    24.7236   12.61766 5.1799e-02 0.0000e+00
        620 148.509372    0.04299     2.5792    154.750     87.055  50325.622    31.4600     6.2791     86.223    7.02684     6.2673    24.7235   12.61811 5.1764e-02 0.0000e+00
        621 148.509375    0.04306     2.5833    155.000     87.393  50325.473    31.4594     6.2771     86.557    7.02720     6.2637    24.7232   12.61871 5.1662e-02 0.0000e+00
        622 148.509378    0.04312     2.5875    155.250     87.724  50325.817    31.4589     6.2744     86.886    7.02766     6.2597    24.7232   12.61949 5.1525e-02 0.0000e+00
        623 148.509381    0.04319     2.5917    155.500     88.048  50327.314    31.4591     6.2709     87.207    7.02823     6.2558    24.7238   12.62042 5.1441e-02 0.0000e+00
        624 148.509384    0.04326     2.5958    155.750     88.363  50330.350    31.4603     6.2669     87.518    7.02883     6.2522    24.7253   12.62140 5.1443e-02 0.0000e+00
        625 148.509387    0.04333     2.6000    156.000     88.665  50334.011    31.4619     6.2630     87.818    7.02940     6.2490    24.7270   12.62232 5.1518e-02 0.0000e+00
        626 148.509389    0.04340     2.6042    156.250     88.954  50336.920    31.4632     6.2595     88.103    7.02992     6.2456    24.7284   12.62316 5.1666e-02 0.0000e+00
        627 148.509392    0.04347     2.6083    156.500     89.225  50338.582    31.4636     6.2562     88.372    7.03043     6.2419    24.7292   12.62400 5.1796e-02 0.0000e+00
        628 148.509395    0.04354     2.6125    156.750     89.473  50340.085    31.4638     6.2529     88.617    7.03098     6.2384    24.7298   12.62490 5.1749e-02 0.0000e+00
        629 148.509398    0.04361     2.6167    157.000     89.689  50342.897    31.4650     6.2492     88.831    7.03153     6.2358    24.7311   12.62579 5.1550e-02 0.0000e+00
        630 148.509401    0.04368     2.6208    157.250     89.865  50346.652    31.4669     6.2457     89.005    7.03201     6.2341    24.7330   12.62657 5.1386e-02 0.0000e+00
        631 148.509404    0.04375     2.6250    157.500     89.992  50349.988    31.4686     6.2431     89.132    7.03237     6.2336    24.7347   12.62713 5.1318e-02 0.0000e+00
        632 148.509407    0.04382     2.6292    157.750     90.069  50352.152    31.4698     6.2414     89.208    7.03258 -9.990e-29    24.7358   12.62747 5.1314e-02 0.0000e+00
        633 148.509410    0.04389     2.6333    158.000     90.095  50352.898    31.4702     6.2409     89.233    7.03265 -9.990e-29    24.7362   12.62758 5.1325e-02 0.0000e+00
