CTD-processing/allCTD/CNV--turbid/2015_08-14_t7_s20_cast156.cnv
* Sea-Bird SBE19plus Data File:
* FileName = C:\Users\Kris.Holderied\Documents\kasitsna\Research-KBL\Oceanography-AK\CTD-Data-ALL-to-2015-06\2015-CTD-KachemakBay-CookInlet\2015-08-14-CookInlet-east-and-KachemakBay\2015-08-14-CookInlet-east-and_KBay-cast156.hex
* Software Version 1.59
* Temperature SN =  5028
* Conductivity SN =  5028
* System UpLoad Time = Sep 24 2015 11:27:32
** Cook Inlet East side (T6/T7), along Kachemak Bay to Spit, T9 batch upload
** Date (YYYY-MM-DD): 2015-08-14
** Station (ie. 9-01):  7-20
** Start time (AKDT): 12:45
** Depth (m): 84
** Comment:  Nuka R/V Johanna Rose
** Comment:
# nquan = 16
# nvalues = 682                         
# units = specified
# name 0 = scan: Scan Count
# name 1 = timeJ: Julian Days
# name 2 = timeH: Time, Elapsed [hours]
# name 3 = timeM: Time, Elapsed [minutes]
# name 4 = timeS: Time, Elapsed [seconds]
# name 5 = prdM: Pressure, Strain Gauge [db]
# name 6 = specc: Specific Conductance [uS/cm]
# name 7 = sal00: Salinity, Practical [PSU]
# name 8 = tv290C: Temperature [ITS-90, deg C]
# name 9 = depSM: Depth [salt water, m], lat = 59.00
# name 10 = oxsolML/L: Oxygen Saturation, Garcia & Gordon [ml/l]
# name 11 = potemp090C: Potential Temperature [ITS-90, deg C]
# name 12 = sigma-é00: Density [sigma-theta, kg/m^3]
# name 13 = n2satML/L: Nitrogen Saturation [ml/l]
# name 14 = par: PAR/Irradiance, Biospherical/Licor
# name 15 = flag:  0.000e+00
# span 0 =          1,        682       
# span 1 = 226.530035, 226.532005       
# span 2 =    0.00000,    0.04729       
# span 3 =     0.0000,     2.8375       
# span 4 =      0.000,    170.250       
# span 5 =      0.045,     82.400       
# span 6 =   5090.941,  49610.767       
# span 7 =     2.7338,    31.4822       
# span 8 =     9.4483,    12.1584       
# span 9 =      0.044,     81.613       
# span 10 =    6.25848,    7.38753      
# span 11 =     9.4426,    12.1584      
# span 12 =     1.6083,    24.2953      
# span 13 =   11.35313,   13.60441      
# span 14 = 6.3312e-02, 1.6535e+03      
# span 15 = 0.0000e+00, 0.0000e+00      
# interval = seconds: 0.25
# start_time = Aug 14 2015 12:43:15 [Instrument's time stamp, header]
# bad_flag = -9.990e-29
*END*
          1 226.530035    0.00000     0.0000      0.000      0.045   5090.941     2.7338    12.1564      0.044    7.38753    12.1584     1.6083   13.60441 7.5009e+02 0.0000e+00
          2 226.530038    0.00007     0.0042      0.250      0.045   5524.202     2.9946    12.1576      0.044    7.37564    12.1576     1.8100   13.58087 7.6703e+02 0.0000e+00
          3 226.530041    0.00014     0.0083      0.500      0.045   6155.975     3.3771    12.1584      0.044    7.35844    12.1544     2.1061   13.54678 8.0515e+02 0.0000e+00
          4 226.530043    0.00021     0.0125      0.750      0.047   6835.193     3.8019    12.1576      0.046    7.33992    12.1473     2.4349   13.51009 8.8425e+02 0.0000e+00
          5 226.530046    0.00028     0.0167      1.000      0.050   7623.149     4.3149    12.1544      0.049    7.31841    12.1341     2.8319   13.46747 1.0023e+03 0.0000e+00
          6 226.530049    0.00035     0.0208      1.250      0.056   8891.187     5.1451    12.1473      0.056    7.28400    12.1110     3.4746   13.39923 1.1468e+03 0.0000e+00
          7 226.530052    0.00042     0.0250      1.500      0.068  11165.445     6.6208    12.1341      0.067    7.22263    12.0720     4.6172   13.27743 1.3063e+03 0.0000e+00
          8 226.530055    0.00049     0.0292      1.750      0.087  15175.306     9.2049    12.1110      0.087    7.11477    12.0109     6.6184   13.06324 1.4624e+03 0.0000e+00
          9 226.530058    0.00056     0.0333      2.000      0.120  21725.796    13.4324    12.0720      0.119    6.93871    11.9319     9.8925   12.71362 1.5878e+03 0.0000e+00
         10 226.530061    0.00063     0.0375      2.250      0.168  29869.035    18.7282    12.0109      0.167    6.72113    11.8497    13.9961   12.28131 1.6535e+03 0.0000e+00
         11 226.530064    0.00069     0.0417      2.500      0.227  36829.811    23.2927    11.9319      0.226    6.53856    11.7765    17.5382   11.91771 1.6527e+03 0.0000e+00
         12 226.530067    0.00076     0.0458      2.750      0.290  41358.086    26.2745    11.8498      0.288    6.42395    11.7171    19.8581   11.68825 1.5866e+03 0.0000e+00
         13 226.530069    0.00083     0.0500      3.000      0.349  44096.526    28.0763    11.7765      0.346    6.35786    11.6725    21.2642   11.55486 1.5150e+03 0.0000e+00
         14 226.530072    0.00090     0.0542      3.250      0.398  45745.949    29.1604    11.7172      0.394    6.32015    11.6408    22.1129   11.47801 1.5295e+03 0.0000e+00
         15 226.530075    0.00097     0.0583      3.500      0.434  46747.491    29.8183    11.6726      0.431    6.29841    11.6186    22.6296   11.43330 1.5838e+03 0.0000e+00
         16 226.530078    0.00104     0.0625      3.750      0.462  47373.082    30.2300    11.6409      0.458    6.28537    11.6026    22.9537   11.40627 1.5931e+03 0.0000e+00
         17 226.530081    0.00111     0.0667      4.000      0.489  47764.203    30.4879    11.6187      0.485    6.27753    11.5906    23.1571   11.38990 1.5473e+03 0.0000e+00
         18 226.530084    0.00118     0.0708      4.250      0.520  48002.565    30.6449    11.6027      0.516    6.27308    11.5813    23.2814   11.38048 1.4357e+03 0.0000e+00
         19 226.530087    0.00125     0.0750      4.500      0.558  48148.656    30.7411    11.5907      0.553    6.27067    11.5741    23.3579   11.37522 1.2978e+03 0.0000e+00
         20 226.530090    0.00132     0.0792      4.750      0.601  48239.181    30.8006    11.5814      0.595    6.26943    11.5690    23.4056   11.37240 1.2476e+03 0.0000e+00
         21 226.530093    0.00139     0.0833      5.000      0.647  48297.151    30.8387    11.5742      0.641    6.26881    11.5665    23.4364   11.37087 1.2520e+03 0.0000e+00
         22 226.530095    0.00146     0.0875      5.250      0.688  48336.979    30.8651    11.5691      0.682    6.26839    11.5657    23.4577   11.36985 1.1725e+03 0.0000e+00
         23 226.530098    0.00153     0.0917      5.500      0.718  48363.263    30.8826    11.5666      0.712    6.26801    11.5643    23.4718   11.36899 1.0441e+03 0.0000e+00
         24 226.530101    0.00160     0.0958      5.750      0.734  48378.169    30.8926    11.5658      0.728    6.26771    11.5610    23.4797   11.36836 9.5963e+02 0.0000e+00
         25 226.530104    0.00167     0.1000      6.000      0.740  48386.034    30.8977    11.5644      0.733    6.26768    11.5558    23.4839   11.36825 9.0983e+02 0.0000e+00
         26 226.530107    0.00174     0.1042      6.250      0.740  48390.418    30.9003    11.5611      0.733    6.26801    11.5494    23.4865   11.36876 8.4722e+02 0.0000e+00
         27 226.530110    0.00181     0.1083      6.500      0.740  48393.884    30.9022    11.5559      0.734    6.26862    11.5427    23.4888   11.36975 7.5851e+02 0.0000e+00
         28 226.530113    0.00187     0.1125      6.750      0.744  48399.850    30.9057    11.5495      0.737    6.26933    11.5368    23.4926   11.37089 6.8675e+02 0.0000e+00
         29 226.530116    0.00194     0.1167      7.000      0.751  48411.094    30.9129    11.5428      0.744    6.26994    11.5322    23.4994   11.37181 6.5407e+02 0.0000e+00
         30 226.530119    0.00201     0.1208      7.250      0.760  48426.897    30.9234    11.5369      0.753    6.27031    11.5286    23.5087   11.37230 6.5324e+02 0.0000e+00
         31 226.530122    0.00208     0.1250      7.500      0.765  48443.121    30.9344    11.5323      0.758    6.27049    11.5258    23.5181   11.37248 6.8309e+02 0.0000e+00
         32 226.530124    0.00215     0.1292      7.750      0.763  48453.566    30.9415    11.5287      0.755    6.27069    11.5237    23.5242   11.37273 7.1484e+02 0.0000e+00
         33 226.530127    0.00222     0.1333      8.000      0.752  48453.061    30.9408    11.5259      0.744    6.27109    11.5222    23.5242   11.37340 7.1169e+02 0.0000e+00
         34 226.530130    0.00229     0.1375      8.250      0.736  48441.825    30.9326    11.5238      0.729    6.27170    11.5215    23.5182   11.37451 6.7633e+02 0.0000e+00
         35 226.530133    0.00236     0.1417      8.500      0.723  48427.647    30.9224    11.5223      0.716    6.27230    11.5218    23.5105   11.37562 6.5890e+02 0.0000e+00
         36 226.530136    0.00243     0.1458      8.750      0.718  48420.055    30.9169    11.5216      0.711    6.27261    11.5235    23.5064   11.37619 6.9275e+02 0.0000e+00
         37 226.530139    0.00250     0.1500      9.000      0.723  48422.990    30.9191    11.5219      0.716    6.27248    11.5269    23.5080   11.37596 7.1350e+02 0.0000e+00
         38 226.530142    0.00257     0.1542      9.250      0.733  48434.085    30.9271    11.5236      0.726    6.27194    11.5328    23.5139   11.37497 6.6821e+02 0.0000e+00
         39 226.530145    0.00264     0.1583      9.500      0.741  48445.270    30.9354    11.5270      0.734    6.27116    11.5408    23.5198   11.37357 6.1781e+02 0.0000e+00
         40 226.530148    0.00271     0.1625      9.750      0.744  48446.980    30.9372    11.5329      0.737    6.27030    11.5486    23.5201   11.37212 6.0479e+02 0.0000e+00
         41 226.530150    0.00278     0.1667     10.000      0.741  48435.959    30.9303    11.5409      0.734    6.26950    11.5533    23.5133   11.37088 5.9923e+02 0.0000e+00
         42 226.530153    0.00285     0.1708     10.250      0.733  48417.561    30.9180    11.5487      0.726    6.26895    11.5539    23.5024   11.37010 5.7391e+02 0.0000e+00
         43 226.530156    0.00292     0.1750     10.500      0.723  48400.361    30.9063    11.5534      0.717    6.26878    11.5515    23.4925   11.36997 5.3729e+02 0.0000e+00
         44 226.530159    0.00299     0.1792     10.750      0.714  48389.504    30.8987    11.5540      0.708    6.26901    11.5478    23.4865   11.37043 5.0968e+02 0.0000e+00
         45 226.530162    0.00306     0.1833     11.000      0.707  48386.122    30.8961    11.5516      0.701    6.26943    11.5443    23.4848   11.37117 5.1038e+02 0.0000e+00
         46 226.530165    0.00313     0.1875     11.250      0.704  48389.541    30.8981    11.5479      0.698    6.26984    11.5416    23.4871   11.37182 5.3897e+02 0.0000e+00
         47 226.530168    0.00319     0.1917     11.500      0.704  48397.613    30.9034    11.5444      0.698    6.27010    11.5397    23.4919   11.37219 5.8459e+02 0.0000e+00
         48 226.530171    0.00326     0.1958     11.750      0.704  48406.781    30.9097    11.5417      0.698    6.27021    11.5383    23.4972   11.37231 6.4371e+02 0.0000e+00
         49 226.530174    0.00333     0.2000     12.000      0.705  48412.759    30.9137    11.5398      0.699    6.27031    11.5370    23.5006   11.37242 7.0598e+02 0.0000e+00
         50 226.530177    0.00340     0.2042     12.250      0.706  48413.738    30.9143    11.5384      0.700    6.27048    11.5358    23.5013   11.37270 7.4579e+02 0.0000e+00
         51 226.530179    0.00347     0.2083     12.500      0.709  48413.334    30.9138    11.5371      0.702    6.27067    11.5351    23.5012   11.37302 7.3576e+02 0.0000e+00
         52 226.530182    0.00354     0.2125     12.750      0.713  48416.914    30.9162    11.5359      0.706    6.27072    11.5350    23.5033   11.37308 7.1842e+02 0.0000e+00
         53 226.530185    0.00361     0.2167     13.000      0.715  48425.185    30.9220    11.5352      0.708    6.27059    11.5355    23.5079   11.37279 7.4528e+02 0.0000e+00
         54 226.530188    0.00368     0.2208     13.250      0.713  48431.919    30.9268    11.5351      0.706    6.27042    11.5363    23.5116   11.37245 7.8152e+02 0.0000e+00
         55 226.530191    0.00375     0.2250     13.500      0.707  48429.674    30.9252    11.5355      0.701    6.27042    11.5368    23.5103   11.37247 7.8331e+02 0.0000e+00
         56 226.530194    0.00382     0.2292     13.750      0.702  48418.562    30.9175    11.5363      0.696    6.27062    11.5362    23.5041   11.37289 7.6903e+02 0.0000e+00
         57 226.530197    0.00389     0.2333     14.000      0.702  48405.657    30.9084    11.5368      0.696    6.27091    11.5348    23.4970   11.37348 7.3695e+02 0.0000e+00
         58 226.530200    0.00396     0.2375     14.250      0.711  48397.461    30.9025    11.5363      0.705    6.27122    11.5334    23.4925   11.37406 6.7246e+02 0.0000e+00
         59 226.530203    0.00403     0.2417     14.500      0.729  48396.208    30.9014    11.5349      0.722    6.27144    11.5324    23.4920   11.37445 6.1830e+02 0.0000e+00
         60 226.530205    0.00410     0.2458     14.750      0.753  48401.230    30.9048    11.5334      0.746    6.27151    11.5322    23.4949   11.37451 5.9910e+02 0.0000e+00
         61 226.530208    0.00417     0.2500     15.000      0.779  48411.415    30.9119    11.5325      0.772    6.27136    11.5329    23.5006   11.37417 6.2093e+02 0.0000e+00
         62 226.530211    0.00424     0.2542     15.250      0.802  48424.791    30.9214    11.5323      0.795    6.27101    11.5348    23.5079   11.37348 6.5016e+02 0.0000e+00
         63 226.530214    0.00431     0.2583     15.500      0.816  48437.079    30.9302    11.5330      0.808    6.27056    11.5381    23.5146   11.37263 6.5571e+02 0.0000e+00
         64 226.530217    0.00438     0.2625     15.750      0.816  48443.319    30.9348    11.5349      0.808    6.27012    11.5421    23.5179   11.37185 6.5620e+02 0.0000e+00
         65 226.530220    0.00444     0.2667     16.000      0.801  48439.903    30.9328    11.5382      0.793    6.26977    11.5454    23.5157   11.37130 6.5073e+02 0.0000e+00
         66 226.530223    0.00451     0.2708     16.250      0.775  48426.929    30.9240    11.5422      0.767    6.26958    11.5463    23.5082   11.37109 6.8219e+02 0.0000e+00
         67 226.530226    0.00458     0.2750     16.500      0.746  48409.952    30.9123    11.5455      0.739    6.26961    11.5453    23.4985   11.37128 7.6955e+02 0.0000e+00
         68 226.530229    0.00465     0.2792     16.750      0.726  48397.483    30.9035    11.5464      0.720    6.26983    11.5441    23.4916   11.37174 8.7884e+02 0.0000e+00
         69 226.530231    0.00472     0.2833     17.000      0.720  48396.066    30.9024    11.5454      0.713    6.27001    11.5448    23.4909   11.37205 9.9007e+02 0.0000e+00
         70 226.530234    0.00479     0.2875     17.250      0.723  48405.825    30.9092    11.5442      0.717    6.26990    11.5492    23.4964   11.37180 1.0751e+03 0.0000e+00
         71 226.530237    0.00486     0.2917     17.500      0.727  48418.177    30.9181    11.5449      0.721    6.26945    11.5569    23.5031   11.37095 1.1460e+03 0.0000e+00
         72 226.530240    0.00493     0.2958     17.750      0.725  48421.587    30.9209    11.5493      0.718    6.26876    11.5648    23.5046   11.36976 1.1887e+03 0.0000e+00
         73 226.530243    0.00500     0.3000     18.000      0.714  48412.807    30.9155    11.5570      0.707    6.26795    11.5692    23.4990   11.36848 1.1551e+03 0.0000e+00
         74 226.530246    0.00507     0.3042     18.250      0.699  48399.258    30.9068    11.5649      0.692    6.26724    11.5688    23.4908   11.36741 1.0685e+03 0.0000e+00
         75 226.530249    0.00514     0.3083     18.500      0.688  48390.972    30.9013    11.5693      0.682    6.26687    11.5653    23.4858   11.36686 9.9927e+02 0.0000e+00
         76 226.530252    0.00521     0.3125     18.750      0.684  48393.025    30.9028    11.5689      0.678    6.26686    11.5611    23.4870   11.36682 9.8295e+02 0.0000e+00
         77 226.530255    0.00528     0.3167     19.000      0.686  48404.236    30.9103    11.5654      0.679    6.26703    11.5581    23.4935   11.36702 9.8914e+02 0.0000e+00
         78 226.530258    0.00535     0.3208     19.250      0.689  48418.635    30.9201    11.5612      0.683    6.26721    11.5577    23.5018   11.36720 1.0025e+03 0.0000e+00
         79 226.530260    0.00542     0.3250     19.500      0.693  48429.491    30.9275    11.5582      0.687    6.26730    11.5599    23.5081   11.36728 1.0277e+03 0.0000e+00
         80 226.530263    0.00549     0.3292     19.750      0.698  48434.685    30.9311    11.5578      0.692    6.26722    11.5644    23.5110   11.36709 1.0604e+03 0.0000e+00
         81 226.530266    0.00556     0.3333     20.000      0.702  48436.282    30.9325    11.5600      0.696    6.26687    11.5711    23.5117   11.36650 1.0743e+03 0.0000e+00
         82 226.530269    0.00562     0.3375     20.250      0.704  48434.903    30.9320    11.5645      0.697    6.26629    11.5796    23.5105   11.36555 1.0234e+03 0.0000e+00
         83 226.530272    0.00569     0.3417     20.500      0.700  48428.197    30.9279    11.5712      0.694    6.26556    11.5880    23.5061   11.36438 9.4022e+02 0.0000e+00
         84 226.530275    0.00576     0.3458     20.750      0.694  48415.525    30.9198    11.5797      0.688    6.26475    11.5940    23.4983   11.36313 8.5714e+02 0.0000e+00
         85 226.530278    0.00583     0.3500     21.000      0.690  48401.253    30.9106    11.5881      0.684    6.26399    11.5970    23.4896   11.36197 7.6927e+02 0.0000e+00
         86 226.530281    0.00590     0.3542     21.250      0.690  48392.243    30.9048    11.5941      0.684    6.26341    11.5984    23.4841   11.36108 7.3713e+02 0.0000e+00
         87 226.530284    0.00597     0.3583     21.500      0.693  48390.789    30.9041    11.5970      0.687    6.26305    11.6008    23.4830   11.36049 7.7328e+02 0.0000e+00
         88 226.530286    0.00604     0.3625     21.750      0.692  48392.338    30.9054    11.5985      0.686    6.26281    11.6050    23.4837   11.36007 8.0656e+02 0.0000e+00
         89 226.530289    0.00611     0.3667     22.000      0.687  48390.871    30.9046    11.6009      0.681    6.26252    11.6092    23.4826   11.35960 7.9459e+02 0.0000e+00
         90 226.530292    0.00618     0.3708     22.250      0.678  48384.266    30.9003    11.6051      0.672    6.26213    11.6112    23.4786   11.35901 7.6078e+02 0.0000e+00
