CTD-processing/allCTD/CNV--turbid/2015_07-29_t9_s04_cast144.cnv
* Sea-Bird SBE19plus Data File:
* FileName = C:\Users\Kris.Holderied\Documents\kasitsna\Research-KBL\Oceanography-AK\CTD-Data-ALL-to-2015-06\2015-CTD-KachemakBay-CookInlet\2015-07-29-CookInlet-HomerSpit-Monthly\2015-07-29-CookInlet-Tran9-cast144.hex
* Software Version 1.59
* Temperature SN =  5028
* Conductivity SN =  5028
* System UpLoad Time = Aug 13 2015 18:47:19
** Cook Inlet LTM Transect 9 (monthly) North to South
** Date (YYYY-MM-DD): 2015-07-29
** Station (ie. 9-01):  9-04
** Start time (AKDT): 14:53
** Depth (m): 93
** Comment:  R/V Barnacle
** Comment:
# nquan = 16
# nvalues = 662                         
# units = specified
# name 0 = scan: Scan Count
# name 1 = timeJ: Julian Days
# name 2 = timeH: Time, Elapsed [hours]
# name 3 = timeM: Time, Elapsed [minutes]
# name 4 = timeS: Time, Elapsed [seconds]
# name 5 = prdM: Pressure, Strain Gauge [db]
# name 6 = specc: Specific Conductance [uS/cm]
# name 7 = sal00: Salinity, Practical [PSU]
# name 8 = tv290C: Temperature [ITS-90, deg C]
# name 9 = depSM: Depth [salt water, m], lat = 59.00
# name 10 = oxsolML/L: Oxygen Saturation, Garcia & Gordon [ml/l]
# name 11 = potemp090C: Potential Temperature [ITS-90, deg C]
# name 12 = sigma-é00: Density [sigma-theta, kg/m^3]
# name 13 = n2satML/L: Nitrogen Saturation [ml/l]
# name 14 = par: PAR/Irradiance, Biospherical/Licor
# name 15 = flag:  0.000e+00
# span 0 =          1,        662       
# span 1 = 210.619167, 210.621079       
# span 2 =    0.00000,    0.04590       
# span 3 =     0.0000,     2.7542       
# span 4 =      0.000,    165.250       
# span 5 =     -0.023,     85.781       
# span 6 =   1633.557,  49619.271       
# span 7 =     0.8244,    31.3423       
# span 8 =     8.4875,    14.4633       
# span 9 =     -0.023,     84.962       
# span 10 =    6.11719,    7.32205      
# span 11 =     8.4791,    14.4632      
# span 12 =     0.0098,    24.3334      
# span 13 =   11.17474,   13.51980      
# span 14 = 6.1854e-02, 2.0447e+03      
# span 15 = 0.0000e+00, 0.0000e+00      
# interval = seconds: 0.25
# start_time = Jul 29 2015 14:51:36 [Instrument's time stamp, header]
# bad_flag = -9.990e-29
*END*
[from data line 633]
        634 210.620998    0.04396     2.6375    158.250     79.782  49538.667    31.3074     8.6145     79.021    6.66751     8.5880    24.2872   12.02575 6.2707e-02 0.0000e+00
        635 210.621001    0.04403     2.6417    158.500     80.005  49542.860    31.3089     8.6056     79.241    6.66878     8.5784    24.2898   12.02783 6.2709e-02 0.0000e+00
        636 210.621004    0.04410     2.6458    158.750     80.225  49548.697    31.3115     8.5960     79.460    6.67011     8.5690    24.2932   12.03000 6.2697e-02 0.0000e+00
        637 210.621007    0.04417     2.6500    159.000     80.446  49554.987    31.3144     8.5863     79.678    6.67143     8.5599    24.2969   12.03216 6.2665e-02 0.0000e+00
        638 210.621010    0.04424     2.6542    159.250     80.670  49560.630    31.3168     8.5770     79.901    6.67272     8.5510    24.3002   12.03426 6.2617e-02 0.0000e+00
        639 210.621013    0.04431     2.6583    159.500     80.900  49565.899    31.3191     8.5679     80.129    6.67398     8.5424    24.3033   12.03631 6.2554e-02 0.0000e+00
        640 210.621016    0.04437     2.6625    159.750     81.137  49571.345    31.3215     8.5590     80.364    6.67521     8.5342    24.3065   12.03833 6.2464e-02 0.0000e+00
        641 210.621019    0.04444     2.6667    160.000     81.382  49576.507    31.3237     8.5504     80.605    6.67640     8.5266    24.3095   12.04027 6.2341e-02 0.0000e+00
        642 210.621021    0.04451     2.6708    160.250     81.632  49581.035    31.3256     8.5423     80.853    6.67753     8.5194    24.3121   12.04212 6.2189e-02 0.0000e+00
        643 210.621024    0.04458     2.6750    160.500     81.884  49585.150    31.3272     8.5347     81.103    6.67861     8.5127    24.3145   12.04388 6.2034e-02 0.0000e+00
        644 210.621027    0.04465     2.6792    160.750     82.136  49588.654    31.3285     8.5276     81.352    6.67963     8.5063    24.3166   12.04554 6.1919e-02 0.0000e+00
        645 210.621030    0.04472     2.6833    161.000     82.387  49591.827    31.3296     8.5208     81.601    6.68059     8.5005    24.3185   12.04712 6.1863e-02 0.0000e+00
        646 210.621033    0.04479     2.6875    161.250     82.637  49595.566    31.3311     8.5145     81.848    6.68148     8.4955    24.3206   12.04858 6.1854e-02 0.0000e+00
        647 210.621036    0.04486     2.6917    161.500     82.886  49599.798    31.3331     8.5087     82.094    6.68226     8.4915    24.3231   12.04985 6.1897e-02 0.0000e+00
        648 210.621039    0.04493     2.6958    161.750     83.132  49603.756    31.3351     8.5037     82.338    6.68292     8.4883    24.3253   12.05091 6.2003e-02 0.0000e+00
        649 210.621042    0.04500     2.7000    162.000     83.377  49607.025    31.3366     8.4997     82.580    6.68344     8.4858    24.3271   12.05176 6.2127e-02 0.0000e+00
        650 210.621045    0.04507     2.7042    162.250     83.620  49609.713    31.3379     8.4966     82.821    6.68386     8.4839    24.3286   12.05243 6.2218e-02 0.0000e+00
        651 210.621047    0.04514     2.7083    162.500     83.863  49611.995    31.3391     8.4941     83.061    6.68418     8.4825    24.3299   12.05295 6.2275e-02 0.0000e+00
        652 210.621050    0.04521     2.7125    162.750     84.104  49613.799    31.3400     8.4922     83.300    6.68443     8.4815    24.3308   12.05335 6.2304e-02 0.0000e+00
        653 210.621053    0.04528     2.7167    163.000     84.342  49615.112    31.3406     8.4909     83.536    6.68461     8.4807    24.3315   12.05364 6.2311e-02 0.0000e+00
        654 210.621056    0.04535     2.7208    163.250     84.577  49616.069    31.3410     8.4898     83.769    6.68474     8.4801    24.3320   12.05386 6.2310e-02 0.0000e+00
        655 210.621059    0.04542     2.7250    163.500     84.805  49616.835    31.3413     8.4891     83.995    6.68484     8.4797    24.3323   12.05402 6.2308e-02 0.0000e+00
        656 210.621062    0.04549     2.7292    163.750     85.022  49617.486    31.3416     8.4885     84.210    6.68491     8.4794    24.3326   12.05414 6.2304e-02 0.0000e+00
        657 210.621065    0.04556     2.7333    164.000     85.222  49618.008    31.3418     8.4881     84.408    6.68496     8.4792    24.3329   12.05422 6.2296e-02 0.0000e+00
        658 210.621068    0.04562     2.7375    164.250     85.400  49618.416    31.3420     8.4878     84.584    6.68500     8.4791    24.3330   12.05427 6.2281e-02 0.0000e+00
        659 210.621071    0.04569     2.7417    164.500     85.552  49618.748    31.3421     8.4877     84.734    6.68502     8.4791    24.3332   12.05430 6.2263e-02 0.0000e+00
        660 210.621073    0.04576     2.7458    164.750     85.673  49619.024    31.3422     8.4876     84.854    6.68503     8.4791    24.3333   12.05432 6.2255e-02 0.0000e+00
        661 210.621076    0.04583     2.7500    165.000     85.753  49619.210    31.3423     8.4875     84.934    6.68503 -9.990e-29    24.3334   12.05432 6.2258e-02 0.0000e+00
        662 210.621079    0.04590     2.7542    165.250     85.781  49619.271    31.3423     8.4875     84.962    6.68503 -9.990e-29    24.3334   12.05432 6.2261e-02 0.0000e+00
