CTD-processing/allCTD/CNV--turbid/2015_11-04_t3_s03b_cast005.cnv
* Sea-Bird SBE19plus Data File:
* FileName = C:\Users\Kris.Holderied\Documents\kasitsna\Research-KBL\Oceanography-AK\CTD-Data-ALL-to-2015-10\2015-CTD-KachemakBay-CookInlet\2015-11-EVOSTC-CookInlet-quarterly\2015-11-04-CookInlet-Tran3-AnchorPt\2015-11-04-CookInlet-Tran3-cast005.hex
* Software Version 1.59
* Temperature SN =  5028
* Conductivity SN =  5028
* System UpLoad Time = Nov 04 2015 13:54:56
** Cook Inlet LTM Tran3 Anchor Pt  Northwest to Southeast

** Date: 11-04
** Station: 3-03b
** Start time (AKST): 04:05
** Depth (m): 25.7
** Comment: M/V Ursus.
** Comment:
# nquan = 16
# nvalues = 594                         
# units = specified
# name 0 = scan: Scan Count
# name 1 = timeJ: Julian Days
# name 2 = timeH: Time, Elapsed [hours]
# name 3 = timeM: Time, Elapsed [minutes]
# name 4 = timeS: Time, Elapsed [seconds]
# name 5 = prdM: Pressure, Strain Gauge [db]
# name 6 = specc: Specific Conductance [uS/cm]
# name 7 = sal00: Salinity, Practical [PSU]
# name 8 = tv290C: Temperature [ITS-90, deg C]
# name 9 = depSM: Depth [salt water, m], lat = 59.00
# name 10 = oxsolML/L: Oxygen Saturation, Garcia & Gordon [ml/l]
# name 11 = potemp090C: Potential Temperature [ITS-90, deg C]
# name 12 = sigma-é00: Density [sigma-theta, kg/m^3]
# name 13 = n2satML/L: Nitrogen Saturation [ml/l]
# name 14 = par: PAR/Irradiance, Biospherical/Licor
# name 15 = flag:  0.000e+00
# span 0 =          1,        594       
# span 1 = 308.170370, 308.172086       
# span 2 =    0.00000,    0.04118       
# span 3 =     0.0000,     2.4708       
# span 4 =      0.000,    148.250       
# span 5 =     -0.050,     30.706       
# span 6 =   2656.084,  46012.073       
# span 7 =     1.4091,    28.8331       
# span 8 =     8.1002,     8.3425       
# span 9 =     -0.049,     30.417       
# span 10 =    6.81714,    8.19279      
# span 11 =     8.1002,     8.3397      
# span 12 =     0.9561,    22.3883      
# span 13 =   12.30411,   14.98339      
# span 14 = 4.1633e-02, 2.5155e+00      
# span 15 = 0.0000e+00, 0.0000e+00      
# interval = seconds: 0.25
# start_time = Nov 04 2015 04:05:20 [Instrument's time stamp, header]
# bad_flag = -9.990e-29
*END*
[from data line 362]
        363 308.171418    0.02514     1.5083     90.500      1.220  45645.277    28.5670     8.1646      1.209    6.85660     8.1647    22.2041   12.37284 6.9707e-02 0.0000e+00
        364 308.171421    0.02521     1.5125     90.750      1.269  45645.034    28.5668     8.1648      1.258    6.85658     8.1647    22.2040   12.37282 7.5224e-02 0.0000e+00
        365 308.171424    0.02528     1.5167     91.000      1.341  45644.814    28.5666     8.1648      1.328    6.85658     8.1645    22.2038   12.37282 8.3313e-02 0.0000e+00
        366 308.171427    0.02535     1.5208     91.250      1.423  45644.585    28.5664     8.1648      1.409    6.85660     8.1642    22.2037   12.37285 9.2815e-02 0.0000e+00
        367 308.171429    0.02542     1.5250     91.500      1.502  45644.371    28.5662     8.1646      1.488    6.85663     8.1638    22.2036   12.37291 1.0174e-01 0.0000e+00
        368 308.171432    0.02549     1.5292     91.750      1.566  45644.296    28.5661     8.1643      1.552    6.85668     8.1635    22.2035   12.37300 1.0835e-01 0.0000e+00
        369 308.171435    0.02556     1.5333     92.000      1.608  45644.448    28.5662     8.1640      1.593    6.85674     8.1632    22.2036   12.37309 1.1229e-01 0.0000e+00
        370 308.171438    0.02562     1.5375     92.250      1.623  45644.844    28.5664     8.1636      1.608    6.85679     8.1631    22.2038   12.37316 1.1364e-01 0.0000e+00
        371 308.171441    0.02569     1.5417     92.500      1.611  45645.327    28.5667     8.1634      1.596    6.85681     8.1632    22.2041   12.37319 1.1217e-01 0.0000e+00
        372 308.171444    0.02576     1.5458     92.750      1.574  45645.687    28.5669     8.1633      1.560    6.85681     8.1634    22.2043   12.37319 1.0830e-01 0.0000e+00
        373 308.171447    0.02583     1.5500     93.000      1.521  45645.871    28.5671     8.1634      1.507    6.85679     8.1637    22.2044   12.37316 1.0316e-01 0.0000e+00
        374 308.171450    0.02590     1.5542     93.250      1.460  45645.908    28.5672     8.1636      1.447    6.85676     8.1639    22.2044   12.37311 9.7795e-02 0.0000e+00
        375 308.171453    0.02597     1.5583     93.500      1.401  45645.852    28.5672     8.1638      1.388    6.85673     8.1641    22.2044   12.37305 9.2872e-02 0.0000e+00
        376 308.171455    0.02604     1.5625     93.750      1.350  45645.746    28.5672     8.1640      1.338    6.85670     8.1643    22.2044   12.37299 8.8990e-02 0.0000e+00
        377 308.171458    0.02611     1.5667     94.000      1.314  45645.592    28.5671     8.1642      1.302    6.85667     8.1644    22.2043   12.37294 8.6180e-02 0.0000e+00
        378 308.171461    0.02618     1.5708     94.250      1.293  45645.416    28.5670     8.1644      1.281    6.85664     8.1645    22.2042   12.37291 8.3987e-02 0.0000e+00
        379 308.171464    0.02625     1.5750     94.500      1.286  45645.245    28.5669     8.1645      1.275    6.85663     8.1645    22.2041   12.37288 8.2339e-02 0.0000e+00
        380 308.171467    0.02632     1.5792     94.750      1.292  45645.100    28.5668     8.1646      1.280    6.85662     8.1644    22.2040   12.37287 8.1383e-02 0.0000e+00
        381 308.171470    0.02639     1.5833     95.000      1.309  45644.993    28.5667     8.1646      1.297    6.85662     8.1643    22.2040   12.37287 8.1459e-02 0.0000e+00
        382 308.171473    0.02646     1.5875     95.250      1.337  45644.925    28.5667     8.1646      1.324    6.85663     8.1642    22.2039   12.37289 8.3073e-02 0.0000e+00
        383 308.171476    0.02653     1.5917     95.500      1.373  45644.874    28.5666     8.1645      1.360    6.85664     8.1640    22.2039   12.37292 8.6436e-02 0.0000e+00
        384 308.171479    0.02660     1.5958     95.750      1.417  45644.812    28.5665     8.1643      1.403    6.85667     8.1637    22.2038   12.37296 9.1370e-02 0.0000e+00
        385 308.171481    0.02667     1.6000     96.000      1.464  45644.771    28.5664     8.1641      1.450    6.85670     8.1635    22.2038   12.37302 9.7448e-02 0.0000e+00
        386 308.171484    0.02674     1.6042     96.250      1.510  45644.765    28.5664     8.1639      1.495    6.85674     8.1632    22.2038   12.37308 1.0396e-01 0.0000e+00
        387 308.171487    0.02681     1.6083     96.500      1.549  45644.789    28.5663     8.1636      1.534    6.85679     8.1629    22.2038   12.37315 1.0999e-01 0.0000e+00
        388 308.171490    0.02688     1.6125     96.750      1.574  45644.895    28.5663     8.1634      1.559    6.85683     8.1627    22.2039   12.37322 1.1489e-01 0.0000e+00
        389 308.171493    0.02694     1.6167     97.000      1.583  45645.085    28.5664     8.1631      1.568    6.85686     8.1626    22.2040   12.37328 1.1848e-01 0.0000e+00
        390 308.171496    0.02701     1.6208     97.250      1.575  45645.293    28.5666     8.1629      1.560    6.85689     8.1625    22.2041   12.37333 1.2020e-01 0.0000e+00
        391 308.171499    0.02708     1.6250     97.500      1.551  45645.497    28.5667     8.1627      1.536    6.85691     8.1624    22.2042   12.37336 1.1912e-01 0.0000e+00
        392 308.171502    0.02715     1.6292     97.750      1.513  45645.650    28.5668     8.1626      1.499    6.85692     8.1624    22.2043   12.37338 1.1510e-01 0.0000e+00
        393 308.171505    0.02722     1.6333     98.000      1.466  45645.696    28.5669     8.1626      1.452    6.85692     8.1625    22.2043   12.37338 1.0859e-01 0.0000e+00
        394 308.171508    0.02729     1.6375     98.250      1.415  45645.707    28.5669     8.1626      1.402    6.85692     8.1625    22.2044   12.37337 1.0036e-01 0.0000e+00
        395 308.171510    0.02736     1.6417     98.500      1.368  45645.753    28.5669     8.1626      1.356    6.85692     8.1626    22.2044   12.37336 9.1780e-02 0.0000e+00
        396 308.171513    0.02743     1.6458     98.750      1.334  45645.814    28.5670     8.1626      1.322    6.85691     8.1627    22.2044   12.37335 8.4203e-02 0.0000e+00
        397 308.171516    0.02750     1.6500     99.000      1.324  45645.862    28.5671     8.1627      1.311    6.85689     8.1628    22.2045   12.37332 7.8473e-02 0.0000e+00
        398 308.171519    0.02757     1.6542     99.250      1.347  45645.848    28.5671     8.1628      1.335    6.85688     8.1629    22.2044   12.37330 7.5042e-02 0.0000e+00
        399 308.171522    0.02764     1.6583     99.500      1.414  45645.669    28.5669     8.1629      1.401    6.85686     8.1628    22.2043   12.37328 7.4156e-02 0.0000e+00
        400 308.171525    0.02771     1.6625     99.750      1.526  45645.393    28.5667     8.1630      1.511    6.85687     8.1626    22.2041   12.37329 7.5820e-02 0.0000e+00
        401 308.171528    0.02778     1.6667    100.000      1.678  45645.274    28.5665     8.1629      1.662    6.85689     8.1623    22.2040   12.37332 7.9545e-02 0.0000e+00
        402 308.171531    0.02785     1.6708    100.250      1.860  45645.254    28.5664     8.1627      1.842    6.85693     8.1618    22.2040   12.37338 8.3875e-02 0.0000e+00
        403 308.171534    0.02792     1.6750    100.500      2.064  45645.094    28.5662     8.1624      2.044    6.85698     8.1612    22.2038   12.37347 8.6561e-02 0.0000e+00
        404 308.171536    0.02799     1.6792    100.750      2.281  45644.829    28.5659     8.1620      2.259    6.85706     8.1604    22.2036   12.37361 8.6113e-02 0.0000e+00
        405 308.171539    0.02806     1.6833    101.000      2.498  45644.586    28.5655     8.1614      2.474    6.85717     8.1595    22.2034   12.37379 8.2815e-02 0.0000e+00
        406 308.171542    0.02813     1.6875    101.250      2.699  45644.475    28.5652     8.1607      2.674    6.85730     8.1585    22.2033   12.37402 7.8075e-02 0.0000e+00
        407 308.171545    0.02819     1.6917    101.500      2.871  45644.761    28.5652     8.1597      2.844    6.85745     8.1578    22.2035   12.37426 7.3191e-02 0.0000e+00
        408 308.171548    0.02826     1.6958    101.750      3.004  45645.586    28.5656     8.1588      2.976    6.85758     8.1574    22.2039   12.37447 6.8632e-02 0.0000e+00
        409 308.171551    0.02833     1.7000    102.000      3.102  45646.673    28.5662     8.1580      3.073    6.85766     8.1574    22.2045   12.37461 6.4298e-02 0.0000e+00
        410 308.171554    0.02840     1.7042    102.250      3.176  45647.587    28.5668     8.1577      3.147    6.85770     8.1575    22.2050   12.37465 6.0141e-02 0.0000e+00
        411 308.171557    0.02847     1.7083    102.500      3.241  45647.978    28.5671     8.1576      3.211    6.85769     8.1575    22.2052   12.37464 5.6329e-02 0.0000e+00
        412 308.171560    0.02854     1.7125    102.750      3.309  45647.813    28.5669     8.1578      3.278    6.85768     8.1573    22.2051   12.37462 5.3101e-02 0.0000e+00
        413 308.171562    0.02861     1.7167    103.000      3.391  45647.252    28.5665     8.1578      3.360    6.85769     8.1568    22.2047   12.37464 5.0636e-02 0.0000e+00
        414 308.171565    0.02868     1.7208    103.250      3.495  45646.485    28.5659     8.1577      3.462    6.85774     8.1561    22.2043   12.37474 4.8959e-02 0.0000e+00
        415 308.171568    0.02875     1.7250    103.500      3.625  45646.097    28.5656     8.1572      3.591    6.85784     8.1555    22.2041   12.37490 4.7930e-02 0.0000e+00
        416 308.171571    0.02882     1.7292    103.750      3.786  45646.868    28.5659     8.1564      3.751    6.85793     8.1555    22.2044   12.37506 4.7304e-02 0.0000e+00
        417 308.171574    0.02889     1.7333    104.000      3.980  45648.536    28.5669     8.1559      3.942    6.85798     8.1559    22.2053   12.37512 4.6814e-02 0.0000e+00
        418 308.171577    0.02896     1.7375    104.250      4.198  45649.945    28.5678     8.1559      4.159    6.85794     8.1567    22.2060   12.37505 4.6293e-02 0.0000e+00
        419 308.171580    0.02903     1.7417    104.500      4.430  45650.736    28.5683     8.1564      4.388    6.85784     8.1578    22.2063   12.37488 4.5693e-02 0.0000e+00
        420 308.171583    0.02910     1.7458    104.750      4.662  45651.325    28.5687     8.1572      4.618    6.85769     8.1593    22.2066   12.37462 4.5033e-02 0.0000e+00
        421 308.171586    0.02917     1.7500    105.000      4.887  45652.238    28.5694     8.1582      4.841    6.85749     8.1613    22.2070   12.37428 4.4377e-02 0.0000e+00
        422 308.171589    0.02924     1.7542    105.250      5.096  45653.866    28.5706     8.1597      5.048    6.85721     8.1641    22.2078   12.37380 4.3788e-02 0.0000e+00
        423 308.171591    0.02931     1.7583    105.500      5.283  45655.318    28.5718     8.1618      5.233    6.85683     8.1672    22.2084   12.37315 4.3283e-02 0.0000e+00
        424 308.171594    0.02937     1.7625    105.750      5.444  45655.523    28.5723     8.1646      5.393    6.85637     8.1702    22.2084   12.37240 4.2842e-02 0.0000e+00
        425 308.171597    0.02944     1.7667    106.000      5.581  45654.511    28.5720     8.1677      5.529    6.85590     8.1728    22.2077   12.37161 4.2442e-02 0.0000e+00
        426 308.171600    0.02951     1.7708    106.250      5.699  45652.670    28.5711     8.1708      5.646    6.85547     8.1747    22.2066   12.37090 4.2081e-02 0.0000e+00
        427 308.171603    0.02958     1.7750    106.500      5.803  45650.603    28.5700     8.1733      5.749    6.85512     8.1760    22.2053   12.37034 4.1792e-02 0.0000e+00
        428 308.171606    0.02965     1.7792    106.750      5.901  45648.252    28.5686     8.1753      5.845    6.85487     8.1764    22.2040   12.36995 4.1633e-02 0.0000e+00
        429 308.171609    0.02972     1.7833    107.000      5.999  45645.801    28.5670     8.1765      5.942    6.85475     8.1763    22.2026   12.36976 4.1711e-02 0.0000e+00
        430 308.171612    0.02979     1.7875    107.250      6.104  45644.218    28.5659     8.1770      6.047    6.85472     8.1760    22.2017   12.36973 4.2203e-02 0.0000e+00
        431 308.171615    0.02986     1.7917    107.500      6.223  45643.790    28.5656     8.1769      6.164    6.85475     8.1758    22.2014   12.36978 4.3387e-02 0.0000e+00
        432 308.171617    0.02993     1.7958    107.750      6.357  45644.155    28.5657     8.1766      6.297    6.85479     8.1758    22.2016   12.36985 4.5704e-02 0.0000e+00
        433 308.171620    0.03000     1.8000    108.000      6.508  45644.909    28.5662     8.1764      6.447    6.85481     8.1761    22.2020   12.36987 4.9869e-02 0.0000e+00
        434 308.171623    0.03007     1.8042    108.250      6.677  45645.885    28.5668     8.1764      6.614    6.85478     8.1768    22.2024   12.36982 5.7078e-02 0.0000e+00
        435 308.171626    0.03014     1.8083    108.500      6.859  45647.162    28.5676     8.1767      6.794    6.85469     8.1778    22.2030   12.36967 6.9324e-02 0.0000e+00
        436 308.171629    0.03021     1.8125    108.750      7.048  45648.400    28.5685     8.1774      6.982    6.85454     8.1791    22.2036   12.36941 8.2923e-02 0.0000e+00
        437 308.171632    0.03028     1.8167    109.000      7.242  45648.981    28.5690     8.1785      7.174    6.85435     8.1805    22.2039   12.36909 8.8317e-02 0.0000e+00
        438 308.171635    0.03035     1.8208    109.250      7.434  45649.466    28.5694     8.1798      7.364    6.85413     8.1821    22.2040   12.36871 8.4165e-02 0.0000e+00
        439 308.171638    0.03042     1.8250    109.500      7.618  45650.278    28.5701     8.1812      7.547    6.85388     8.1836    22.2044   12.36828 7.6708e-02 0.0000e+00
        440 308.171641    0.03049     1.8292    109.750      7.790  45650.331    28.5703     8.1828      7.717    6.85362     8.1849    22.2043   12.36786 6.9728e-02 0.0000e+00
        441 308.171644    0.03056     1.8333    110.000      7.947  45649.922    28.5701     8.1843      7.873    6.85339     8.1863    22.2040   12.36748 6.4171e-02 0.0000e+00
        442 308.171646    0.03062     1.8375    110.250      8.090  45650.687    28.5708     8.1856      8.014    6.85316     8.1881    22.2043   12.36708 6.0021e-02 0.0000e+00
        443 308.171649    0.03069     1.8417    110.500      8.219  45652.398    28.5721     8.1870      8.143    6.85288     8.1903    22.2052   12.36661 5.7007e-02 0.0000e+00
        444 308.171652    0.03076     1.8458    110.750      8.341  45654.019    28.5734     8.1889      8.263    6.85254     8.1928    22.2060   12.36603 5.4845e-02 0.0000e+00
        445 308.171655    0.03083     1.8500    111.000      8.460  45655.009    28.5744     8.1911      8.380    6.85214     8.1952    22.2064   12.36536 5.3295e-02 0.0000e+00
        446 308.171658    0.03090     1.8542    111.250      8.583  45655.197    28.5748     8.1936      8.502    6.85174     8.1973    22.2064   12.36468 5.2158e-02 0.0000e+00
        447 308.171661    0.03097     1.8583    111.500      8.715  45655.209    28.5751     8.1960      8.634    6.85135     8.1992    22.2063   12.36403 5.1296e-02 0.0000e+00
        448 308.171664    0.03104     1.8625    111.750      8.861  45655.635    28.5756     8.1981      8.778    6.85100     8.2008    22.2064   12.36344 5.0609e-02 0.0000e+00
        449 308.171667    0.03111     1.8667    112.000      9.022  45656.289    28.5763     8.2000      8.938    6.85068     8.2022    22.2067   12.36290 5.0006e-02 0.0000e+00
        450 308.171670    0.03118     1.8708    112.250      9.198  45656.753    28.5767     8.2016      9.112    6.85040     8.2033    22.2068   12.36244 4.9412e-02 0.0000e+00
        451 308.171672    0.03125     1.8750    112.500      9.385  45657.144    28.5771     8.2030      9.297    6.85016     8.2043    22.2070   12.36204 4.8863e-02 0.0000e+00
