CTD-processing/allCTD/CNV--turbid/2015_09-24_t9_s03_cast193.cnv
* Sea-Bird SBE19plus Data File:
* FileName = C:\Users\Kris.Holderied\Documents\kasitsna\Research-KBL\Oceanography-AK\CTD-Data-ALL-to-2015-06\2015-CTD-KachemakBay-CookInlet\2015-09-24-CookInlet-HomerSpit-special\2015-09-24-CookInlet-Tran9-cast193.hex
* Software Version 1.59
* Temperature SN =  5028
* Conductivity SN =  5028
* System UpLoad Time = Oct 19 2015 12:29:23
** Cook Inlet LTM Transect 9 Homer Spit special

** Date: 09-24
** Station: 9-03
** Start time (AKDT): 14:15
** Depth (m): 92.1
** Comment:  R/V Edgecumbe
** Comment:
# nquan = 16
# nvalues = 640                         
# units = specified
# name 0 = scan: Scan Count
# name 1 = timeJ: Julian Days
# name 2 = timeH: Time, Elapsed [hours]
# name 3 = timeM: Time, Elapsed [minutes]
# name 4 = timeS: Time, Elapsed [seconds]
# name 5 = prdM: Pressure, Strain Gauge [db]
# name 6 = specc: Specific Conductance [uS/cm]
# name 7 = sal00: Salinity, Practical [PSU]
# name 8 = tv290C: Temperature [ITS-90, deg C]
# name 9 = depSM: Depth [salt water, m], lat = 59.00
# name 10 = oxsolML/L: Oxygen Saturation, Garcia & Gordon [ml/l]
# name 11 = potemp090C: Potential Temperature [ITS-90, deg C]
# name 12 = sigma-é00: Density [sigma-theta, kg/m^3]
# name 13 = n2satML/L: Nitrogen Saturation [ml/l]
# name 14 = par: PAR/Irradiance, Biospherical/Licor
# name 15 = flag:  0.000e+00
# span 0 =          1,        640       
# span 1 = 267.593900, 267.595749       
# span 2 =    0.00000,    0.04437       
# span 3 =     0.0000,     2.6625       
# span 4 =      0.000,    159.750       
# span 5 =     -0.096,     84.052       
# span 6 =   1631.549,  49216.810       
# span 7 =     0.8154,    31.2006       
# span 8 =     8.4656,    10.0347       
# span 9 =     -0.095,     83.249       
# span 10 =    6.47999,    8.14702      
# span 11 =     8.4668,    10.0338      
# span 12 =     0.4641,    24.0745      
# span 13 =   11.72046,   14.91465      
# span 14 = 5.3772e-02, 1.6407e+03      
# span 15 = 0.0000e+00, 0.0000e+00      
# interval = seconds: 0.25
# start_time = Sep 24 2015 14:15:13 [Instrument's time stamp, header]
# bad_flag = -9.990e-29
*END*
[from data line 272]
        273 267.594688    0.01889     1.1333     68.000      0.794  45683.370    28.7747     9.5732      0.786    6.63409     9.6411    22.1622   12.00135 8.3297e+01 0.0000e+00
        274 267.594690    0.01896     1.1375     68.250      0.802  45707.131    28.7954     9.6080      0.795    6.62810     9.6679    22.1730   11.99116 8.2683e+01 0.0000e+00
        275 267.594693    0.01903     1.1417     68.500      0.806  45710.151    28.8014     9.6412      0.798    6.62296     9.6875    22.1726   11.98257 8.1826e+01 0.0000e+00
        276 267.594696    0.01910     1.1458     68.750      0.807  45706.485    28.8021     9.6680      0.799    6.61900     9.7011    22.1690   11.97599 8.1837e+01 0.0000e+00
        277 267.594699    0.01917     1.1500     69.000      0.806  45705.469    28.8037     9.6876      0.799    6.61606     9.7105    22.1672   11.97109 8.2091e+01 0.0000e+00
        278 267.594702    0.01924     1.1542     69.250      0.806  45707.597    28.8068     9.7012      0.798    6.61392     9.7168    22.1675   11.96751 8.1495e+01 0.0000e+00
        279 267.594705    0.01931     1.1583     69.500      0.806  45708.341    28.8084     9.7106      0.798    6.61247     9.7208    22.1674   11.96509 8.0873e+01 0.0000e+00
        280 267.594708    0.01938     1.1625     69.750      0.807  45706.025    28.8076     9.7169      0.799    6.61159     9.7232    22.1657   11.96364 8.0682e+01 0.0000e+00
        281 267.594711    0.01944     1.1667     70.000      0.812  45701.847    28.8051     9.7209      0.804    6.61111     9.7245    22.1632   11.96287 8.0867e+01 0.0000e+00
        282 267.594714    0.01951     1.1708     70.250      0.821  45698.050    28.8027     9.7232      0.813    6.61086     9.7253    22.1610   11.96249 8.1030e+01 0.0000e+00
        283 267.594716    0.01958     1.1750     70.500      0.832  45697.578    28.8025     9.7246      0.824    6.61067     9.7260    22.1606   11.96218 8.0482e+01 0.0000e+00
        284 267.594719    0.01965     1.1792     70.750      0.841  45700.859    28.8049     9.7254      0.833    6.61045     9.7266    22.1624   11.96178 7.9945e+01 0.0000e+00
        285 267.594722    0.01972     1.1833     71.000      0.847  45705.194    28.8080     9.7261      0.839    6.61022     9.7271    22.1647   11.96136 7.9974e+01 0.0000e+00
        286 267.594725    0.01979     1.1875     71.250      0.848  45708.209    28.8102     9.7267      0.840    6.61004     9.7274    22.1663   11.96103 7.9727e+01 0.0000e+00
        287 267.594728    0.01986     1.1917     71.500      0.846  45708.277    28.8103     9.7272      0.838    6.60996     9.7274    22.1663   11.96089 7.9027e+01 0.0000e+00
        288 267.594731    0.01993     1.1958     71.750      0.842  45704.438    28.8077     9.7275      0.834    6.61002     9.7270    22.1642   11.96103 7.8807e+01 0.0000e+00
        289 267.594734    0.02000     1.2000     72.000      0.839  45697.103    28.8026     9.7275      0.831    6.61024     9.7263    22.1602   11.96146 7.8952e+01 0.0000e+00
        290 267.594737    0.02007     1.2042     72.250      0.839  45686.586    28.7952     9.7271      0.831    6.61061     9.7253    22.1545   11.96216 7.8789e+01 0.0000e+00
        291 267.594740    0.02014     1.2083     72.500      0.844  45673.396    28.7859     9.7264      0.836    6.61111     9.7242    22.1474   11.96311 7.8913e+01 0.0000e+00
        292 267.594742    0.02021     1.2125     72.750      0.854  45662.604    28.7783     9.7254      0.846    6.61159     9.7233    22.1416   11.96399 7.9458e+01 0.0000e+00
        293 267.594745    0.02028     1.2167     73.000      0.865  45660.218    28.7765     9.7243      0.857    6.61183     9.7230    22.1403   11.96441 7.9690e+01 0.0000e+00
        294 267.594748    0.02035     1.2208     73.250      0.876  45664.998    28.7797     9.7234      0.868    6.61181     9.7231    22.1430   11.96434 7.9495e+01 0.0000e+00
        295 267.594751    0.02042     1.2250     73.500      0.882  45670.181    28.7833     9.7231      0.874    6.61170     9.7232    22.1458   11.96412 7.9315e+01 0.0000e+00
        296 267.594754    0.02049     1.2292     73.750      0.883  45671.156    28.7840     9.7232      0.874    6.61166     9.7229    22.1464   11.96405 7.9641e+01 0.0000e+00
        297 267.594757    0.02056     1.2333     74.000      0.879  45665.606    28.7801     9.7233      0.871    6.61182     9.7221    22.1433   11.96435 8.0111e+01 0.0000e+00
        298 267.594760    0.02063     1.2375     74.250      0.873  45652.619    28.7710     9.7230      0.865    6.61224     9.7209    22.1363   11.96516 8.0514e+01 0.0000e+00
        299 267.594763    0.02069     1.2417     74.500      0.871  45640.422    28.7624     9.7221      0.863    6.61274     9.7201    22.1297   11.96609 8.1233e+01 0.0000e+00
        300 267.594766    0.02076     1.2458     74.750      0.875  45638.630    28.7610     9.7209      0.867    6.61297     9.7201    22.1288   11.96648 8.2273e+01 0.0000e+00
        301 267.594769    0.02083     1.2500     75.000      0.885  45646.549    28.7665     9.7202      0.877    6.61285     9.7208    22.1332   11.96623 8.3489e+01 0.0000e+00
        302 267.594771    0.02090     1.2542     75.250      0.897  45659.192    28.7753     9.7202      0.889    6.61248     9.7217    22.1400   11.96550 8.4013e+01 0.0000e+00
        303 267.594774    0.02097     1.2583     75.500      0.905  45669.237    28.7824     9.7209      0.897    6.61208     9.7218    22.1455   11.96475 8.4038e+01 0.0000e+00
        304 267.594777    0.02104     1.2625     75.750      0.902  45664.460    28.7792     9.7217      0.894    6.61209     9.7200    22.1428   11.96480 8.5341e+01 0.0000e+00
        305 267.594780    0.02111     1.2667     76.000      0.887  45633.062    28.7573     9.7219      0.878    6.61300     9.7153    22.1258   11.96658 8.7627e+01 0.0000e+00
        306 267.594783    0.02118     1.2708     76.250      0.859  45567.574    28.7115     9.7201      0.851    6.61520     9.7075    22.0903   11.97080 8.8703e+01 0.0000e+00
        307 267.594786    0.02125     1.2750     76.500      0.825  45476.755    28.6477     9.7154      0.817    6.61860     9.6984    22.0413   11.97722 8.8229e+01 0.0000e+00
        308 267.594789    0.02132     1.2792     76.750      0.792  45393.644    28.5889     9.7076      0.785    6.62224     9.6907    21.9966   11.98398 8.8000e+01 0.0000e+00
        309 267.594792    0.02139     1.2833     77.000      0.772  45350.335    28.5577     9.6984      0.764    6.62491     9.6868    21.9737   11.98879 8.8629e+01 0.0000e+00
        310 267.594795    0.02146     1.2875     77.250      0.768  45357.405    28.5617     9.6908      0.760    6.62587     9.6872    21.9780   11.99032 8.8601e+01 0.0000e+00
        311 267.594797    0.02153     1.2917     77.500      0.777  45396.241    28.5883     9.6869      0.769    6.62530     9.6900    21.9993   11.98905 8.7221e+01 0.0000e+00
        312 267.594800    0.02160     1.2958     77.750      0.791  45433.612    28.6143     9.6873      0.784    6.62415     9.6937    22.0196   11.98682 8.6259e+01 0.0000e+00
        313 267.594803    0.02167     1.3000     78.000      0.807  45461.212    28.6338     9.6901      0.799    6.62290     9.6976    22.0344   11.98451 8.7142e+01 0.0000e+00
        314 267.594806    0.02174     1.3042     78.250      0.820  45490.248    28.6545     9.6938      0.812    6.62148     9.7016    22.0500   11.98190 8.8511e+01 0.0000e+00
        315 267.594809    0.02181     1.3083     78.500      0.828  45523.171    28.6779     9.6977      0.820    6.61990     9.7053    22.0676   11.97901 8.8268e+01 0.0000e+00
        316 267.594812    0.02187     1.3125     78.750      0.833  45550.239    28.6972     9.7017      0.824    6.61849     9.7084    22.0820   11.97643 8.7198e+01 0.0000e+00
        317 267.594815    0.02194     1.3167     79.000      0.835  45568.032    28.7101     9.7054      0.827    6.61741     9.7113    22.0915   11.97447 8.7024e+01 0.0000e+00
        318 267.594818    0.02201     1.3208     79.250      0.843  45588.847    28.7249     9.7085      0.835    6.61632     9.7147    22.1026   11.97250 8.6823e+01 0.0000e+00
        319 267.594821    0.02208     1.3250     79.500      0.863  45623.578    28.7495     9.7114      0.855    6.61487     9.7194    22.1213   11.96978 8.5725e+01 0.0000e+00
        320 267.594823    0.02215     1.3292     79.750      0.903  45676.828    28.7870     9.7148      0.895    6.61278     9.7261    22.1500   11.96586 8.4268e+01 0.0000e+00
        321 267.594826    0.02222     1.3333     80.000      0.969  45750.511    28.8389     9.7195      0.960    6.60989     9.7348    22.1897   11.96042 8.1972e+01 0.0000e+00
        322 267.594829    0.02229     1.3375     80.250      1.062  45839.435    28.9017     9.7262      1.052    6.60625     9.7453    22.2377   11.95363 7.8577e+01 0.0000e+00
        323 267.594832    0.02236     1.3417     80.500      1.179  45935.778    28.9699     9.7349      1.168    6.60208     9.7575    22.2895   11.94589 7.5332e+01 0.0000e+00
        324 267.594835    0.02243     1.3458     80.750      1.313  46041.079    29.0447     9.7455      1.301    6.59739     9.7718    22.3462   11.93718 7.2863e+01 0.0000e+00
        325 267.594838    0.02250     1.3500     81.000      1.459  46167.349    29.1343     9.7577      1.446    6.59183     9.7895    22.4141   11.92687 7.0801e+01 0.0000e+00
        326 267.594841    0.02257     1.3542     81.250      1.615  46334.846    29.2530     9.7720      1.600    6.58474     9.8124    22.5045   11.91368 6.8914e+01 0.0000e+00
        327 267.594844    0.02264     1.3583     81.500      1.782  46558.341    29.4113     9.7897      1.765    6.57549     9.8404    22.6251   11.89642 6.7135e+01 0.0000e+00
        328 267.594847    0.02271     1.3625     81.750      1.957  46813.866    29.5928     9.8126      1.939    6.56453     9.8705    22.7630   11.87605 6.5402e+01 0.0000e+00
        329 267.594850    0.02278     1.3667     82.000      2.139  47044.906    29.7578     9.8407      2.119    6.55353     9.8978    22.8872   11.85580 6.3768e+01 0.0000e+00
        330 267.594852    0.02285     1.3708     82.250      2.324  47218.400    29.8828     9.8707      2.302    6.54393     9.9193    22.9800   11.83838 6.2386e+01 0.0000e+00
        331 267.594855    0.02292     1.3750     82.500      2.512  47340.460    29.9715     9.8981      2.488    6.53626     9.9338    23.0448   11.82458 6.1431e+01 0.0000e+00
        332 267.594858    0.02299     1.3792     82.750      2.706  47425.228    30.0335     9.9197      2.680    6.53056     9.9412    23.0897   11.81439 6.1035e+01 0.0000e+00
        333 267.594861    0.02306     1.3833     83.000      2.910  47483.931    30.0763     9.9341      2.882    6.52669     9.9430    23.1207   11.80745 6.1212e+01 0.0000e+00
        334 267.594864    0.02313     1.3875     83.250      3.124  47527.490    30.1076     9.9416      3.094    6.52429     9.9413    23.1440   11.80310 6.1816e+01 0.0000e+00
        335 267.594867    0.02319     1.3917     83.500      3.345  47564.602    30.1337     9.9434      3.314    6.52294     9.9385    23.1641   11.80054 6.2755e+01 0.0000e+00
        336 267.594870    0.02326     1.3958     83.750      3.571  47600.424    30.1586     9.9417      3.537    6.52214     9.9361    23.1837   11.79892 6.4146e+01 0.0000e+00
        337 267.594873    0.02333     1.4000     84.000      3.794  47635.149    30.1825     9.9388      3.758    6.52154     9.9346    23.2029   11.79764 6.6051e+01 0.0000e+00
        338 267.594876    0.02340     1.4042     84.250      4.010  47666.746    30.2043     9.9365      3.972    6.52097     9.9340    23.2203   11.79642 6.8384e+01 0.0000e+00
        339 267.594878    0.02347     1.4083     84.500      4.219  47696.129    30.2247     9.9351      4.179    6.52032     9.9342    23.2364   11.79510 7.1109e+01 0.0000e+00
        340 267.594881    0.02354     1.4125     84.750      4.425  47726.813    30.2461     9.9345      4.384    6.51951     9.9354    23.2532   11.79350 7.4205e+01 0.0000e+00
        341 267.594884    0.02361     1.4167     85.000      4.636  47761.789    30.2706     9.9347      4.593    6.51845     9.9378    23.2722   11.79146 7.7462e+01 0.0000e+00
        342 267.594887    0.02368     1.4208     85.250      4.855  47802.509    30.2992     9.9359      4.810    6.51709     9.9414    23.2944   11.78885 8.0592e+01 0.0000e+00
        343 267.594890    0.02375     1.4250     85.500      5.083  47848.281    30.3316     9.9383      5.036    6.51540     9.9461    23.3192   11.78565 8.3187e+01 0.0000e+00
        344 267.594893    0.02382     1.4292     85.750      5.317  47897.426    30.3665     9.9420      5.268    6.51341     9.9515    23.3458   11.78195 8.4685e+01 0.0000e+00
        345 267.594896    0.02389     1.4333     86.000      5.557  47953.278    30.4062     9.9466      5.505    6.51109     9.9582    23.3761   11.77762 8.5131e+01 0.0000e+00
        346 267.594899    0.02396     1.4375     86.250      5.804  48025.913    30.4579     9.9521      5.750    6.50816     9.9671    23.4155   11.77214 8.5330e+01 0.0000e+00
        347 267.594902    0.02403     1.4417     86.500      6.060  48118.539    30.5237     9.9589      6.004    6.50444     9.9779    23.4657   11.76519 8.5695e+01 0.0000e+00
        348 267.594905    0.02410     1.4458     86.750      6.325  48216.251    30.5935     9.9677      6.266    6.50027     9.9894    23.5187   11.75744 8.5599e+01 0.0000e+00
        349 267.594907    0.02417     1.4500     87.000      6.595  48299.244    30.6531     9.9785      6.533    6.49625    10.0004    23.5634   11.75006 8.4398e+01 0.0000e+00
        350 267.594910    0.02424     1.4542     87.250      6.869  48360.757    30.6976     9.9901      6.805    6.49275    10.0105    23.5963   11.74373 8.2479e+01 0.0000e+00
        351 267.594913    0.02431     1.4583     87.500      7.148  48405.636    30.7305    10.0012      7.081    6.48981    10.0196    23.6201   11.73846 8.0531e+01 0.0000e+00
        352 267.594916    0.02438     1.4625     87.750      7.429  48440.826    30.7564    10.0113      7.360    6.48729    10.0274    23.6387   11.73398 7.8493e+01 0.0000e+00
        353 267.594919    0.02444     1.4667     88.000      7.713  48471.623    30.7791    10.0205      7.641    6.48504    10.0329    23.6549   11.72999 7.5998e+01 0.0000e+00
        354 267.594922    0.02451     1.4708     88.250      7.996  48502.281    30.8015    10.0283      7.922    6.48300    10.0338    23.6711   11.72633 7.3124e+01 0.0000e+00
        355 267.594925    0.02458     1.4750     88.500      8.275  48533.564    30.8241    10.0338      8.197    6.48127    10.0271    23.6878   11.72320 7.0157e+01 0.0000e+00
        356 267.594928    0.02465     1.4792     88.750      8.542  48566.167    30.8470    10.0347      8.462    6.48019    10.0125    23.7056   11.72113 6.7333e+01 0.0000e+00
        357 267.594931    0.02472     1.4833     89.000      8.793  48607.117    30.8749    10.0280      8.711    6.47999     9.9933    23.7284   11.72046 6.4783e+01 0.0000e+00
        358 267.594933    0.02479     1.4875     89.250      9.030  48658.462    30.9092    10.0135      8.945    6.48063     9.9724    23.7575   11.72111 6.2448e+01 0.0000e+00
        359 267.594936    0.02486     1.4917     89.500      9.257  48711.642    30.9441     9.9942      9.170    6.48191     9.9517    23.7879   11.72280 6.0258e+01 0.0000e+00
        360 267.594939    0.02493     1.4958     89.750      9.478  48758.201    30.9742     9.9734      9.389    6.48362     9.9324    23.8148   11.72528 5.8269e+01 0.0000e+00
        361 267.594942    0.02500     1.5000     90.000      9.695  48795.093    30.9976     9.9527      9.603    6.48559     9.9155    23.8363   11.72826 5.6458e+01 0.0000e+00
