CTD-processing/allCTD/CNV--turbid/2015_03-31_t9_s03_cast003.cnv
* Sea-Bird SBE19plus Data File:
* FileName = C:\Users\kris.holderied\Documents\kasitsna\Research-Projects-and-Data\Oceanography-AK\CTD-Data-ALL-to-2015-02\2015-CTD-KachemakBay-CookInlet\2015-03-31-CookInlet-HomerSpit-monthly\2015-03-31-CookInlet-Tran9-cast003.hex
* Software Version 1.59
* Temperature SN =  5028
* Conductivity SN =  5028
* System UpLoad Time = Apr 06 2015 13:43:33
** Cook Inlet LTM Tran9 (Homer Spit) South to North
** Date: 03-31
** Station: 9-03
** Start time:  13:32
** Depth (m): 94.2
** Comment:  KBL CTD. Time is local (AKDT)
** Comment: Vessel KBL Barnacle.
# nquan = 16
# nvalues = 616                         
# units = specified
# name 0 = scan: Scan Count
# name 1 = timeJ: Julian Days
# name 2 = timeH: Time, Elapsed [hours]
# name 3 = timeM: Time, Elapsed [minutes]
# name 4 = timeS: Time, Elapsed [seconds]
# name 5 = prdM: Pressure, Strain Gauge [db]
# name 6 = specc: Specific Conductance [uS/cm]
# name 7 = sal00: Salinity, Practical [PSU]
# name 8 = tv290C: Temperature [ITS-90, deg C]
# name 9 = depSM: Depth [salt water, m], lat = 59.00
# name 10 = oxsolML/L: Oxygen Saturation, Garcia & Gordon [ml/l]
# name 11 = potemp090C: Potential Temperature [ITS-90, deg C]
# name 12 = sigma-é00: Density [sigma-theta, kg/m^3]
# name 13 = n2satML/L: Nitrogen Saturation [ml/l]
# name 14 = par: PAR/Irradiance, Biospherical/Licor
# name 15 = flag:  0.000e+00
# span 0 =          1,        616       
# span 1 =  90.564213,  90.565992       
# span 2 =    0.00000,    0.04271       
# span 3 =     0.0000,     2.5625       
# span 4 =      0.000,    153.750       
# span 5 =      0.478,     88.815       
# span 6 =  48682.176,  50902.154       
# span 7 =    30.1534,    31.5890       
# span 8 =     4.5685,     5.1680       
# span 9 =      0.473,     87.966       
# span 10 =    7.24307,    7.33085      
# span 11 =     4.5681,     5.1514      
# span 12 =    23.8175,    24.9767      
# span 13 =   12.97366,   13.12740      
# span 14 = 4.0893e-02, 1.1725e+03      
# span 15 = 0.0000e+00, 0.0000e+00      
# interval = seconds: 0.25
# start_time = Mar 31 2015 13:32:28 [Instrument's time stamp, header]
# bad_flag = -9.990e-29
*END*
[from data line 91]
         92  90.564476    0.00632     0.3792     22.750      0.704  48723.379    30.1717     5.1187      0.697    7.28476     5.1105    23.8371   13.06090 9.2748e+02 0.0000e+00
         93  90.564479    0.00639     0.3833     23.000      0.687  48722.491    30.1705     5.1158      0.680    7.28533     5.1040    23.8365   13.06186 9.0885e+02 0.0000e+00
         94  90.564482    0.00646     0.3875     23.250      0.685  48726.843    30.1724     5.1105      0.678    7.28616     5.0981    23.8385   13.06320 8.9140e+02 0.0000e+00
         95  90.564485    0.00653     0.3917     23.500      0.699  48735.425    30.1769     5.1040      0.692    7.28709     5.0941    23.8428   13.06467 8.8633e+02 0.0000e+00
         96  90.564488    0.00660     0.3958     23.750      0.724  48746.938    30.1835     5.0981      0.717    7.28779     5.0924    23.8487   13.06574 8.8434e+02 0.0000e+00
         97  90.564491    0.00667     0.4000     24.000      0.751  48759.670    30.1914     5.0941      0.743    7.28810     5.0933    23.8554   13.06616 8.8358e+02 0.0000e+00
         98  90.564494    0.00674     0.4042     24.250      0.769  48770.150    30.1982     5.0924      0.761    7.28806     5.0964    23.8609   13.06600 8.7893e+02 0.0000e+00
         99  90.564497    0.00681     0.4083     24.500      0.771  48774.046    30.2010     5.0933      0.764    7.28777     5.1005    23.8631   13.06548 8.6425e+02 0.0000e+00
        100  90.564499    0.00688     0.4125     24.750      0.757  48770.013    30.1989     5.0965      0.749    7.28732     5.1036    23.8611   13.06476 8.4601e+02 0.0000e+00
        101  90.564502    0.00694     0.4167     25.000      0.730  48760.861    30.1935     5.1006      0.723    7.28686     5.1041    23.8563   13.06408 8.3350e+02 0.0000e+00
        102  90.564505    0.00701     0.4208     25.250      0.700  48751.750    30.1879     5.1037      0.693    7.28660     5.1014    23.8516   13.06371 8.4476e+02 0.0000e+00
        103  90.564508    0.00708     0.4250     25.500      0.679  48747.084    30.1849     5.1042      0.672    7.28666     5.0964    23.8491   13.06385 8.7047e+02 0.0000e+00
        104  90.564511    0.00715     0.4292     25.750      0.675  48748.589    30.1853     5.1015      0.669    7.28711     5.0912    23.8498   13.06459 8.8099e+02 0.0000e+00
        105  90.564514    0.00722     0.4333     26.000      0.691  48756.182    30.1895     5.0965      0.684    7.28778     5.0877    23.8536   13.06565 8.9651e+02 0.0000e+00
        106  90.564517    0.00729     0.4375     26.250      0.720  48768.090    30.1966     5.0912      0.713    7.28835     5.0872    23.8598   13.06650 9.1240e+02 0.0000e+00
        107  90.564520    0.00736     0.4417     26.500      0.750  48780.132    30.2041     5.0878      0.743    7.28859     5.0901    23.8661   13.06680 9.0404e+02 0.0000e+00
        108  90.564523    0.00743     0.4458     26.750      0.772  48787.054    30.2087     5.0873      0.765    7.28845     5.0953    23.8698   13.06651 9.1162e+02 0.0000e+00
        109  90.564525    0.00750     0.4500     27.000      0.778  48786.019    30.2086     5.0901      0.771    7.28796     5.1007    23.8694   13.06569 9.4618e+02 0.0000e+00
        110  90.564528    0.00757     0.4542     27.250      0.766  48778.466    30.2045     5.0953      0.759    7.28725     5.1044    23.8656   13.06458 9.4941e+02 0.0000e+00
        111  90.564531    0.00764     0.4583     27.500      0.740  48768.131    30.1985     5.1007      0.734    7.28660     5.1057    23.8603   13.06359 8.9402e+02 0.0000e+00
        112  90.564534    0.00771     0.4625     27.750      0.709  48759.153    30.1932     5.1045      0.702    7.28621     5.1041    23.8557   13.06300 8.2404e+02 0.0000e+00
        113  90.564537    0.00778     0.4667     28.000      0.682  48754.878    30.1905     5.1057      0.676    7.28611     5.1000    23.8534   13.06288 7.9598e+02 0.0000e+00
        114  90.564540    0.00785     0.4708     28.250      0.671  48756.480    30.1913     5.1041      0.665    7.28636     5.0955    23.8542   13.06328 8.2556e+02 0.0000e+00
        115  90.564543    0.00792     0.4750     28.500      0.680  48763.227    30.1951     5.1001      0.673    7.28688     5.0925    23.8577   13.06409 8.7503e+02 0.0000e+00
        116  90.564546    0.00799     0.4792     28.750      0.705  48773.425    30.2011     5.0956      0.699    7.28737     5.0919    23.8629   13.06483 8.9564e+02 0.0000e+00
        117  90.564549    0.00806     0.4833     29.000      0.738  48785.047    30.2084     5.0925      0.731    7.28755     5.0942    23.8690   13.06502 8.7579e+02 0.0000e+00
        118  90.564552    0.00813     0.4875     29.250      0.766  48794.566    30.2148     5.0919      0.759    7.28734     5.0991    23.8741   13.06459 8.3946e+02 0.0000e+00
        119  90.564554    0.00819     0.4917     29.500      0.780  48797.070    30.2170     5.0942      0.773    7.28684     5.1051    23.8756   13.06373 8.2941e+02 0.0000e+00
        120  90.564557    0.00826     0.4958     29.750      0.776  48790.987    30.2138     5.0991      0.768    7.28613     5.1099    23.8726   13.06261 8.6727e+02 0.0000e+00
        121  90.564560    0.00833     0.5000     30.000      0.753  48779.770    30.2073     5.1051      0.747    7.28540     5.1116    23.8668   13.06148 9.1493e+02 0.0000e+00
        122  90.564563    0.00840     0.5042     30.250      0.721  48768.969    30.2009     5.1099      0.715    7.28488     5.1093    23.8613   13.06071 9.3848e+02 0.0000e+00
        123  90.564566    0.00847     0.5083     30.500      0.691  48763.463    30.1975     5.1116      0.685    7.28474     5.1035    23.8584   13.06053 9.3878e+02 0.0000e+00
        124  90.564569    0.00854     0.5125     30.750      0.672  48765.284    30.1983     5.1094      0.667    7.28509     5.0962    23.8593   13.06110 9.0827e+02 0.0000e+00
        125  90.564572    0.00861     0.5167     31.000      0.674  48773.578    30.2028     5.1036      0.668    7.28589     5.0898    23.8634   13.06235 8.6381e+02 0.0000e+00
        126  90.564575    0.00868     0.5208     31.250      0.696  48786.270    30.2100     5.0963      0.690    7.28681     5.0858    23.8699   13.06379 8.3881e+02 0.0000e+00
        127  90.564578    0.00875     0.5250     31.500      0.731  48801.014    30.2188     5.0898      0.724    7.28751     5.0850    23.8775   13.06483 8.4077e+02 0.0000e+00
        128  90.564580    0.00882     0.5292     31.750      0.769  48814.530    30.2272     5.0858      0.762    7.28781     5.0877    23.8846   13.06521 8.7360e+02 0.0000e+00
        129  90.564583    0.00889     0.5333     32.000      0.799  48822.258    30.2323     5.0850      0.791    7.28769     5.0925    23.8887   13.06494 9.0890e+02 0.0000e+00
        130  90.564586    0.00896     0.5375     32.250      0.811  48821.858    30.2326     5.0877      0.804    7.28721     5.0969    23.8886   13.06414 9.0416e+02 0.0000e+00
        131  90.564589    0.00903     0.5417     32.500      0.804  48815.890    30.2295     5.0925      0.796    7.28653     5.0987    23.8857   13.06306 8.8462e+02 0.0000e+00
        132  90.564592    0.00910     0.5458     32.750      0.779  48809.026    30.2257     5.0969      0.772    7.28594     5.0959    23.8822   13.06214 8.8634e+02 0.0000e+00
        133  90.564595    0.00917     0.5500     33.000      0.747  48806.389    30.2242     5.0987      0.740    7.28570     5.0872    23.8809   13.06176 9.1791e+02 0.0000e+00
        134  90.564598    0.00924     0.5542     33.250      0.719  48813.570    30.2286     5.0960      0.713    7.28597     5.0733    23.8846   13.06215 9.7112e+02 0.0000e+00
        135  90.564601    0.00931     0.5583     33.500      0.708  48833.545    30.2405     5.0873      0.702    7.28691     5.0577    23.8949   13.06355 1.0027e+03 0.0000e+00
        136  90.564604    0.00937     0.5625     33.750      0.717  48863.075    30.2579     5.0733      0.711    7.28850     5.0448    23.9101   13.06596 1.0005e+03 0.0000e+00
        137  90.564606    0.00944     0.5667     34.000      0.745  48893.714    30.2756     5.0578      0.738    7.29036     5.0376    23.9258   13.06879 9.8082e+02 0.0000e+00
        138  90.564609    0.00951     0.5708     34.250      0.782  48917.912    30.2895     5.0449      0.775    7.29193     5.0376    23.9382   13.07121 9.4797e+02 0.0000e+00
        139  90.564612    0.00958     0.5750     34.500      0.817  48932.225    30.2978     5.0376      0.809    7.29280     5.0443    23.9455   13.07253 9.3171e+02 0.0000e+00
        140  90.564615    0.00965     0.5792     34.750      0.836  48934.933    30.2996     5.0376      0.828    7.29270     5.0539    23.9470   13.07235 9.2484e+02 0.0000e+00
        141  90.564618    0.00972     0.5833     35.000      0.834  48926.818    30.2954     5.0443      0.827    7.29174     5.0617    23.9429   13.07081 8.9117e+02 0.0000e+00
        142  90.564621    0.00979     0.5875     35.250      0.813  48914.013    30.2887     5.0540      0.805    7.29038     5.0641    23.9366   13.06866 8.5747e+02 0.0000e+00
        143  90.564624    0.00986     0.5917     35.500      0.779  48904.676    30.2839     5.0618      0.772    7.28925     5.0590    23.9320   13.06685 8.7757e+02 0.0000e+00
        144  90.564627    0.00993     0.5958     35.750      0.747  48905.269    30.2848     5.0641      0.740    7.28880     5.0471    23.9324   13.06609 9.4250e+02 0.0000e+00
        145  90.564630    0.01000     0.6000     36.000      0.729  48919.828    30.2937     5.0590      0.723    7.28925     5.0324    23.9400   13.06673 9.7259e+02 0.0000e+00
        146  90.564633    0.01007     0.6042     36.250      0.733  48946.341    30.3094     5.0472      0.726    7.29056     5.0197    23.9537   13.06868 9.3245e+02 0.0000e+00
        147  90.564635    0.01014     0.6083     36.500      0.757  48975.767    30.3265     5.0325      0.750    7.29229     5.0127    23.9687   13.07133 8.7553e+02 0.0000e+00
        148  90.564638    0.01021     0.6125     36.750      0.793  48998.757    30.3396     5.0198      0.785    7.29388     5.0135    23.9804   13.07378 8.4754e+02 0.0000e+00
        149  90.564641    0.01028     0.6167     37.000      0.826  49010.880    30.3465     5.0127      0.818    7.29478     5.0214    23.9866   13.07518 8.3969e+02 0.0000e+00
        150  90.564644    0.01035     0.6208     37.250      0.844  49011.035    30.3467     5.0135      0.837    7.29462     5.0319    23.9867   13.07491 8.4402e+02 0.0000e+00
        151  90.564647    0.01042     0.6250     37.500      0.841  49001.055    30.3415     5.0214      0.833    7.29349     5.0396    23.9818   13.07311 8.6167e+02 0.0000e+00
        152  90.564650    0.01049     0.6292     37.750      0.817  48987.974    30.3347     5.0319      0.809    7.29198     5.0408    23.9754   13.07071 8.7265e+02 0.0000e+00
        153  90.564653    0.01056     0.6333     38.000      0.780  48980.600    30.3313     5.0397      0.773    7.29080     5.0335    23.9718   13.06881 8.6994e+02 0.0000e+00
        154  90.564656    0.01063     0.6375     38.250      0.746  48985.659    30.3350     5.0409      0.739    7.29041     5.0182    23.9746   13.06810 8.7213e+02 0.0000e+00
        155  90.564659    0.01069     0.6417     38.500      0.726  49007.550    30.3485     5.0335      0.719    7.29104     4.9999    23.9860   13.06897 8.8223e+02 0.0000e+00
        156  90.564661    0.01076     0.6458     38.750      0.728  49042.934    30.3695     5.0183      0.722    7.29268     4.9847    24.0043   13.07141 8.9210e+02 0.0000e+00
        157  90.564664    0.01083     0.6500     39.000      0.751  49078.838    30.3903     4.9999      0.744    7.29488     4.9767    24.0227   13.07478 9.1354e+02 0.0000e+00
        158  90.564667    0.01090     0.6542     39.250      0.785  49103.626    30.4041     4.9847      0.778    7.29687     4.9774    24.0352   13.07788 9.4491e+02 0.0000e+00
        159  90.564670    0.01097     0.6583     39.500      0.816  49114.639    30.4100     4.9767      0.809    7.29799     4.9855    24.0406   13.07965 9.5240e+02 0.0000e+00
        160  90.564673    0.01104     0.6625     39.750      0.833  49113.208    30.4091     4.9775      0.826    7.29790     4.9964    24.0399   13.07952 9.6129e+02 0.0000e+00
        161  90.564676    0.01111     0.6667     40.000      0.830  49101.822    30.4030     4.9856      0.822    7.29678     5.0049    24.0342   13.07774 1.0023e+03 0.0000e+00
        162  90.564679    0.01118     0.6708     40.250      0.807  49087.364    30.3954     4.9965      0.800    7.29525     5.0072    24.0270   13.07531 1.0336e+03 0.0000e+00
        163  90.564682    0.01125     0.6750     40.500      0.774  49077.646    30.3905     5.0049      0.767    7.29400     5.0014    24.0223   13.07331 1.0549e+03 0.0000e+00
        164  90.564685    0.01132     0.6792     40.750      0.743  49077.919    30.3912     5.0073      0.736    7.29355     4.9879    24.0226   13.07256 1.0794e+03 0.0000e+00
        165  90.564688    0.01139     0.6833     41.000      0.725  49092.720    30.4001     5.0014      0.719    7.29414     4.9715    24.0303   13.07343 1.0686e+03 0.0000e+00
        166  90.564690    0.01146     0.6875     41.250      0.728  49120.903    30.4166     4.9880      0.722    7.29569     4.9582    24.0447   13.07577 1.0250e+03 0.0000e+00
        167  90.564693    0.01153     0.6917     41.500      0.750  49151.484    30.4341     4.9715      0.743    7.29772     4.9529    24.0603   13.07890 9.8938e+02 0.0000e+00
        168  90.564696    0.01160     0.6958     41.750      0.782  49172.583    30.4457     4.9583      0.775    7.29948     4.9582    24.0709   13.08166 9.7569e+02 0.0000e+00
        169  90.564699    0.01167     0.7000     42.000      0.812  49178.840    30.4489     4.9530      0.805    7.30026     4.9729    24.0740   13.08290 9.9676e+02 0.0000e+00
        170  90.564702    0.01174     0.7042     42.250      0.830  49168.887    30.4432     4.9583      0.822    7.29961     4.9910    24.0689   13.08190 1.0422e+03 0.0000e+00
        171  90.564705    0.01181     0.7083     42.500      0.828  49145.709    30.4304     4.9729      0.820    7.29766     5.0058    24.0572   13.07885 1.0803e+03 0.0000e+00
        172  90.564708    0.01188     0.7125     42.750      0.807  49118.625    30.4156     4.9910      0.800    7.29522     5.0133    24.0437   13.07500 1.1106e+03 0.0000e+00
        173  90.564711    0.01194     0.7167     43.000      0.776  49097.045    30.4039     5.0058      0.769    7.29319     5.0113    24.0329   13.07179 1.1438e+03 0.0000e+00
        174  90.564714    0.01201     0.7208     43.250      0.745  49085.990    30.3979     5.0133      0.738    7.29216     5.0000    24.0273   13.07018 1.1725e+03 0.0000e+00
        175  90.564716    0.01208     0.7250     43.500      0.727  49089.848    30.4002     5.0114      0.720    7.29240     4.9835    24.0293   13.07055 1.1542e+03 0.0000e+00
        176  90.564719    0.01215     0.7292     43.750      0.729  49110.006    30.4116     5.0001      0.722    7.29382     4.9681    24.0395   13.07275 1.0863e+03 0.0000e+00
        177  90.564722    0.01222     0.7333     44.000      0.750  49138.846    30.4279     4.9836      0.742    7.29591     4.9589    24.0541   13.07599 1.0240e+03 0.0000e+00
        178  90.564725    0.01229     0.7375     44.250      0.781  49164.800    30.4425     4.9682      0.774    7.29790     4.9587    24.0673   13.07908 9.8123e+02 0.0000e+00
        179  90.564728    0.01236     0.7417     44.500      0.812  49179.952    30.4509     4.9590      0.805    7.29910     4.9674    24.0749   13.08095 9.5094e+02 0.0000e+00
        180  90.564731    0.01243     0.7458     44.750      0.832  49180.433    30.4512     4.9588      0.824    7.29912     4.9808    24.0752   13.08098 9.4312e+02 0.0000e+00
