CTD-processing/allCTD/CNV--turbid/2015_04-13_t7_s22_cast072.cnv
* Sea-Bird SBE19plus Data File:
* FileName = C:\Users\kris.holderied\Documents\kasitsna\Research-Projects-and-Data\Oceanography-AK\CTD-Data-ALL-to-2015-04\2015-CTD-KachemakBay-CookInlet\2015-04-EVOSTC-CookInlet-quarterly\2015-04-13-CookInlet-Tran7-Augustine\2015_04_13_CookInlet_Tran7_cast072.hex
* Software Version 1.59
* Temperature SN =  5028
* Conductivity SN =  5028
* System UpLoad Time = Apr 28 2015 15:28:39
** Cook Inlet LTM Tran7 (Augustine) West to East
** Date: 04-13
** Station: 7-22
** Start time (AKDT): 07:40
** Depth (m): 75
** Comment:  KBL CTD.
** Comment: On R/V Pandalus.
# nquan = 16
# nvalues = 533                         
# units = specified
# name 0 = scan: Scan Count
# name 1 = timeJ: Julian Days
# name 2 = timeH: Time, Elapsed [hours]
# name 3 = timeM: Time, Elapsed [minutes]
# name 4 = timeS: Time, Elapsed [seconds]
# name 5 = prdM: Pressure, Strain Gauge [db]
# name 6 = specc: Specific Conductance [uS/cm]
# name 7 = sal00: Salinity, Practical [PSU]
# name 8 = tv290C: Temperature [ITS-90, deg C]
# name 9 = depSM: Depth [salt water, m], lat = 59.00
# name 10 = oxsolML/L: Oxygen Saturation, Garcia & Gordon [ml/l]
# name 11 = potemp090C: Potential Temperature [ITS-90, deg C]
# name 12 = sigma-é00: Density [sigma-theta, kg/m^3]
# name 13 = n2satML/L: Nitrogen Saturation [ml/l]
# name 14 = par: PAR/Irradiance, Biospherical/Licor
# name 15 = flag:  0.000e+00
# span 0 =          1,        533       
# span 1 = 103.319572, 103.321111       
# span 2 =    0.00000,    0.03694       
# span 3 =     0.0000,     2.2167       
# span 4 =      0.000,    133.000       
# span 5 =     -0.124,     74.972       
# span 6 =    505.395,  50652.018       
# span 7 =     0.2338,    31.5851       
# span 8 =     4.1053,     5.7148       
# span 9 =     -0.123,     74.258       
# span 10 =    7.11479,    9.12432      
# span 11 =     4.1053,     5.7105      
# span 12 =     0.1633,    24.8923      
# span 13 =   12.76185,   16.56726      
# span 14 = 4.3144e-02, 3.5813e+01      
# span 15 = 0.0000e+00, 0.0000e+00      
# interval = seconds: 0.25
# start_time = Apr 13 2015 07:40:11 [Instrument's time stamp, header]
# bad_flag = -9.990e-29
*END*
          1 103.319572    0.00000     0.0000      0.000     -0.123    505.395     0.2338     4.1403     -0.122    9.12400     4.1394     0.1633   16.56677 2.0824e+01 0.0000e+00
          2 103.319575    0.00007     0.0042      0.250     -0.123    505.442     0.2339     4.1399     -0.122    9.12408     4.1389     0.1633   16.56692 1.9210e+01 0.0000e+00
          3 103.319578    0.00014     0.0083      0.500     -0.124    505.864     0.2341     4.1394     -0.122    9.12418     4.1384     0.1635   16.56708 1.7694e+01 0.0000e+00
          4 103.319580    0.00021     0.0125      0.750     -0.124    507.133     0.2347     4.1389     -0.122    9.12426     4.1379     0.1641   16.56720 1.6833e+01 0.0000e+00
          5 103.319583    0.00028     0.0167      1.000     -0.124    509.715     0.2360     4.1384     -0.122    9.12431     4.1373     0.1651   16.56726 1.6528e+01 0.0000e+00
          6 103.319586    0.00035     0.0208      1.250     -0.123    513.664     0.2380     4.1378     -0.122    9.12432     4.1368     0.1667   16.56724 1.6398e+01 0.0000e+00
          7 103.319589    0.00042     0.0250      1.500     -0.122    518.273     0.2404     4.1373     -0.121    9.12430     4.1362     0.1686   16.56718 1.6238e+01 0.0000e+00
          8 103.319592    0.00049     0.0292      1.750     -0.121    523.382     0.2432     4.1367     -0.120    9.12427     4.1356     0.1708   16.56708 1.5967e+01 0.0000e+00
          9 103.319595    0.00056     0.0333      2.000     -0.120    531.205     0.2474     4.1361     -0.119    9.12415     4.1350     0.1742   16.56682 1.5699e+01 0.0000e+00
         10 103.319598    0.00063     0.0375      2.250     -0.119    546.047     0.2553     4.1356     -0.118    9.12381     4.1345     0.1805   16.56611 1.5647e+01 0.0000e+00
         11 103.319601    0.00069     0.0417      2.500     -0.119    573.918     0.2700     4.1350     -0.118    9.12305     4.1339     0.1923   16.56460 1.5920e+01 0.0000e+00
         12 103.319604    0.00076     0.0458      2.750     -0.119    623.880     0.2962     4.1345     -0.118    9.12159     4.1334     0.2133   16.56172 1.6567e+01 0.0000e+00
         13 103.319606    0.00083     0.0500      3.000     -0.120    710.557     0.3415     4.1339     -0.119    9.11897     4.1328     0.2495   16.55657 1.7616e+01 0.0000e+00
         14 103.319609    0.00090     0.0542      3.250     -0.120    857.983     0.4184     4.1334     -0.119    9.11442     4.1323     0.3111   16.54767 1.9125e+01 0.0000e+00
         15 103.319612    0.00097     0.0583      3.500     -0.121   1105.956     0.5476     4.1328     -0.120    9.10669     4.1317     0.4147   16.53257 2.1119e+01 0.0000e+00
         16 103.319615    0.00104     0.0625      3.750     -0.122   1520.073     0.7634     4.1323     -0.121    9.09370     4.1311     0.5875   16.50721 2.3319e+01 0.0000e+00
         17 103.319618    0.00111     0.0667      4.000     -0.123   2208.473     1.1223     4.1317     -0.122    9.07202     4.1305     0.8750   16.46492 2.5240e+01 0.0000e+00
         18 103.319621    0.00118     0.0708      4.250     -0.124   3161.399     1.6211     4.1311     -0.123    9.04186     4.1297     1.2744   16.40609 2.6740e+01 0.0000e+00
         19 103.319624    0.00125     0.0750      4.500     -0.124   4087.215     2.1089     4.1305     -0.123    9.01241     4.1289     1.6649   16.34866 2.7955e+01 0.0000e+00
         20 103.319627    0.00132     0.0792      4.750     -0.124   4703.701     2.4344     4.1297     -0.123    8.99282     4.1280     1.9255   16.31045 2.8937e+01 0.0000e+00
         21 103.319630    0.00139     0.0833      5.000     -0.124   4995.959     2.5871     4.1289     -0.122    8.98373     4.1271     2.0478   16.29268 2.9726e+01 0.0000e+00
         22 103.319633    0.00146     0.0875      5.250     -0.124   5062.068     2.6188     4.1280     -0.122    8.98198     4.1262     2.0733   16.28921 3.0290e+01 0.0000e+00
         23 103.319635    0.00153     0.0917      5.500     -0.123   4986.790     2.5749     4.1271     -0.122    8.98482     4.1253     2.0384   16.29467 3.0563e+01 0.0000e+00
         24 103.319638    0.00160     0.0958      5.750     -0.123   4842.933     2.4948     4.1262     -0.122    8.98986     4.1244     1.9745   16.30442 3.0687e+01 0.0000e+00
         25 103.319641    0.00167     0.1000      6.000     -0.123   4662.477     2.3956     4.1253     -0.122    8.99605     4.1234     1.8954   16.31641 3.1098e+01 0.0000e+00
         26 103.319644    0.00174     0.1042      6.250     -0.123   4459.531     2.2849     4.1244     -0.121    9.00295     4.1222     1.8069   16.32980 3.2102e+01 0.0000e+00
         27 103.319647    0.00181     0.1083      6.500     -0.123   4281.820     2.1882     4.1234     -0.121    9.00903     4.1206     1.7297   16.34157 3.3349e+01 0.0000e+00
         28 103.319650    0.00187     0.1125      6.750     -0.123   4142.459     2.1126     4.1222     -0.121    9.01389     4.1188     1.6694   16.35096 3.4309e+01 0.0000e+00
         29 103.319653    0.00194     0.1167      7.000     -0.124   4018.390     2.0455     4.1206     -0.122    9.01830     4.1168     1.6158   16.35947 3.4806e+01 0.0000e+00
         30 103.319656    0.00201     0.1208      7.250     -0.124   3928.202     1.9968     4.1188     -0.122    9.02168     4.1148     1.5769   16.36593 3.5077e+01 0.0000e+00
         31 103.319659    0.00208     0.1250      7.500     -0.124   3879.172     1.9704     4.1168     -0.122    9.02375     4.1130     1.5557   16.36983 3.5407e+01 0.0000e+00
         32 103.319661    0.00215     0.1292      7.750     -0.124   3827.657     1.9427     4.1148     -0.122    9.02590     4.1113     1.5337   16.37389 3.5725e+01 0.0000e+00
         33 103.319664    0.00222     0.1333      8.000     -0.124   3742.575     1.8972     4.1130     -0.122    9.02910     4.1098     1.4973   16.38001 3.5813e+01 0.0000e+00
         34 103.319667    0.00229     0.1375      8.250     -0.124   3625.206     1.8346     4.1113     -0.122    9.03330     4.1085     1.4472   16.38808 3.5670e+01 0.0000e+00
         35 103.319670    0.00236     0.1417      8.500     -0.124   3484.230     1.7596     4.1098     -0.122    9.03820     4.1074     1.3872   16.39755 3.5514e+01 0.0000e+00
         36 103.319673    0.00243     0.1458      8.750     -0.124   3340.402     1.6833     4.1085     -0.122    9.04316     4.1064     1.3262   16.40711 3.5525e+01 0.0000e+00
         37 103.319676    0.00250     0.1500      9.000     -0.124   3221.501     1.6205     4.1074     -0.122    9.04726     4.1056     1.2759   16.41504 3.5612e+01 0.0000e+00
         38 103.319679    0.00257     0.1542      9.250     -0.124   3138.325     1.5770     4.1064     -0.122    9.05017     4.1053     1.2411   16.42063 3.5476e+01 0.0000e+00
         39 103.319682    0.00264     0.1583      9.500     -0.123   3082.086     1.5484     4.1056     -0.122    9.05213     4.1055     1.2181   16.42441 3.5020e+01 0.0000e+00
         40 103.319685    0.00271     0.1625      9.750     -0.123   3042.148     1.5292     4.1053     -0.121    9.05345     4.1067     1.2026   16.42696 3.4542e+01 0.0000e+00
         41 103.319688    0.00278     0.1667     10.000     -0.123   3019.983     1.5207     4.1055     -0.121    9.05402     4.1092     1.1956   16.42811 3.4300e+01 0.0000e+00
         42 103.319690    0.00285     0.1708     10.250     -0.122   3026.923     1.5298     4.1067     -0.120    9.05340     4.1141     1.2025   16.42700 3.4213e+01 0.0000e+00
         43 103.319693    0.00292     0.1750     10.500     -0.120   3085.341     1.5697     4.1092     -0.119    9.05071     4.1229     1.2338   16.42194 3.4161e+01 0.0000e+00
         44 103.319696    0.00299     0.1792     10.750     -0.119   3234.644     1.6635     4.1141     -0.117    9.04441     4.1381     1.3079   16.41003 3.4077e+01 0.0000e+00
         45 103.319699    0.00306     0.1833     11.000     -0.117   3538.360     1.8487     4.1229     -0.115    9.03201     4.1642     1.4545   16.38649 3.3898e+01 0.0000e+00
         46 103.319702    0.00313     0.1875     11.250     -0.114   4102.144     2.1876     4.1381     -0.112    9.00935     4.2082     1.7230   16.34344 3.3681e+01 0.0000e+00
         47 103.319705    0.00319     0.1917     11.500     -0.108   5096.389     2.7810     4.1642     -0.107    8.96968     4.2824     2.1934   16.26804 3.3484e+01 0.0000e+00
         48 103.319708    0.00326     0.1958     11.750     -0.099   6804.594     3.7966     4.2082     -0.098    8.90179     4.4019     2.9988   16.13893 3.3177e+01 0.0000e+00
         49 103.319711    0.00333     0.2000     12.000     -0.084   9592.962     5.4579     4.2824     -0.083    8.79038     4.5652     4.3160   15.92719 3.2669e+01 0.0000e+00
         50 103.319714    0.00340     0.2042     12.250     -0.062  12532.279     7.2293     4.4019     -0.061    8.66385     4.7423     5.7182   15.68888 3.2038e+01 0.0000e+00
         51 103.319716    0.00347     0.2083     12.500     -0.033  14686.410     8.5762     4.5652     -0.033    8.55498     4.9039     6.7795   15.48754 3.1288e+01 0.0000e+00
         52 103.319719    0.00354     0.2125     12.750      0.005  18019.677    10.6837     4.7423      0.004    8.40402     5.0430     8.4397   15.20539 3.0357e+01 0.0000e+00
         53 103.319722    0.00361     0.2167     13.000      0.062  24383.215    14.6859     4.9039      0.061    8.15483     5.1652    11.5981   14.73184 2.9170e+01 0.0000e+00
         54 103.319725    0.00368     0.2208     13.250      0.147  32406.608    19.7812     5.0430      0.145    7.85527     5.2760    15.6194   14.15966 2.7479e+01 0.0000e+00
         55 103.319728    0.00375     0.2250     13.500      0.262  39329.592    24.2320     5.1652      0.260    7.59732     5.3730    19.1296   13.66733 2.4770e+01 0.0000e+00
         56 103.319731    0.00382     0.2292     13.750      0.403  43874.549    27.1746     5.2760      0.400    7.42268     5.4489    21.4469   13.33547 2.1250e+01 0.0000e+00
         57 103.319734    0.00389     0.2333     14.000      0.555  46548.089    28.9096     5.3730      0.550    7.31418     5.4995    22.8096   13.13059 1.8090e+01 0.0000e+00
         58 103.319737    0.00396     0.2375     14.250      0.700  48101.611    29.9193     5.4489      0.693    7.24755     5.5260    23.6005   13.00555 1.6021e+01 0.0000e+00
         59 103.319740    0.00403     0.2417     14.500      0.819  49002.936    30.5050     5.4996      0.811    7.20766     5.5335    24.0585   12.93093 1.5056e+01 0.0000e+00
         60 103.319742    0.00410     0.2458     14.750      0.902  49533.314    30.8484     5.5261      0.894    7.18479     5.5299    24.3274   12.88800 1.4822e+01 0.0000e+00
         61 103.319745    0.00417     0.2500     15.000      0.951  49850.689    31.0522     5.5336      0.942    7.17258     5.5220    24.4879   12.86479 1.4863e+01 0.0000e+00
         62 103.319748    0.00424     0.2542     15.250      0.971  50042.477    31.1738     5.5300      0.962    7.16666     5.5146    24.5846   12.85319 1.4990e+01 0.0000e+00
         63 103.319751    0.00431     0.2583     15.500      0.971  50165.661    31.2511     5.5221      0.961    7.16389     5.5119    24.6467   12.84745 1.5272e+01 0.0000e+00
         64 103.319754    0.00438     0.2625     15.750      0.958  50256.835    31.3089     5.5147      0.949    7.16212     5.5166    24.6933   12.84370 1.5917e+01 0.0000e+00
         65 103.319757    0.00444     0.2667     16.000      0.944  50330.158    31.3568     5.5120      0.935    7.16014     5.5286    24.7315   12.83976 1.6767e+01 0.0000e+00
         66 103.319760    0.00451     0.2708     16.250      0.936  50384.598    31.3939     5.5167      0.927    7.15748     5.5453    24.7604   12.83485 1.7253e+01 0.0000e+00
         67 103.319763    0.00458     0.2750     16.500      0.940  50416.716    31.4177     5.5287      0.932    7.15425     5.5633    24.7778   12.82920 1.7118e+01 0.0000e+00
         68 103.319766    0.00465     0.2792     16.750      0.959  50427.566    31.4281     5.5454      0.950    7.15089     5.5799    24.7842   12.82350 1.6678e+01 0.0000e+00
         69 103.319769    0.00472     0.2833     17.000      0.988  50421.589    31.4273     5.5634      0.979    7.14786     5.5937    24.7815   12.81849 1.6356e+01 0.0000e+00
         70 103.319771    0.00479     0.2875     17.250      1.023  50401.807    31.4169     5.5800      1.014    7.14553     5.6042    24.7714   12.81477 1.6299e+01 0.0000e+00
         71 103.319774    0.00486     0.2917     17.500      1.053  50368.256    31.3964     5.5938      1.044    7.14416     5.6110    24.7536   12.81277 1.6461e+01 0.0000e+00
         72 103.319777    0.00493     0.2958     17.750      1.071  50320.593    31.3656     5.6042      1.061    7.14385     5.6147    24.7281   12.81266 1.6723e+01 0.0000e+00
         73 103.319780    0.00500     0.3000     18.000      1.068  50270.707    31.3326     5.6111      1.058    7.14425     5.6160    24.7012   12.81374 1.6902e+01 0.0000e+00
         74 103.319783    0.00507     0.3042     18.250      1.043  50245.710    31.3161     5.6148      1.033    7.14442     5.6160    24.6877   12.81422 1.6971e+01 0.0000e+00
         75 103.319786    0.00514     0.3083     18.500      0.998  50260.618    31.3266     5.6161      0.988    7.14369     5.6160    24.6959   12.81288 1.7147e+01 0.0000e+00
         76 103.319789    0.00521     0.3125     18.750      0.938  50300.633    31.3542     5.6161      0.929    7.14238     5.6172    24.7177   12.81036 1.7527e+01 0.0000e+00
         77 103.319792    0.00528     0.3167     19.000      0.874  50338.086    31.3801     5.6161      0.866    7.14114     5.6195    24.7382   12.80799 1.7786e+01 0.0000e+00
         78 103.319795    0.00535     0.3208     19.250      0.820  50356.964    31.3934     5.6173      0.812    7.14030     5.6220    24.7485   12.80645 1.7739e+01 0.0000e+00
         79 103.319797    0.00542     0.3250     19.500      0.787  50356.994    31.3939     5.6196      0.780    7.13989     5.6237    24.7486   12.80576 1.7554e+01 0.0000e+00
         80 103.319800    0.00549     0.3292     19.750      0.783  50343.738    31.3852     5.6221      0.775    7.13988     5.6237    24.7415   12.80585 1.7249e+01 0.0000e+00
         81 103.319803    0.00556     0.3333     20.000      0.804  50322.244    31.3707     5.6237      0.797    7.14029     5.6209    24.7299   12.80671 1.6754e+01 0.0000e+00
         82 103.319806    0.00562     0.3375     20.250      0.843  50294.267    31.3514     5.6237      0.835    7.14122     5.6141    24.7146   12.80848 1.6124e+01 0.0000e+00
         83 103.319809    0.00569     0.3417     20.500      0.889  50256.828    31.3250     5.6210      0.881    7.14293     5.6012    24.6941   12.81165 1.5652e+01 0.0000e+00
         84 103.319812    0.00576     0.3458     20.750      0.932  50213.731    31.2939     5.6142      0.924    7.14557     5.5804    24.6703   12.81640 1.5582e+01 0.0000e+00
         85 103.319815    0.00583     0.3500     21.000      0.964  50185.819    31.2721     5.6013      0.956    7.14879     5.5532    24.6545   12.82201 1.5782e+01 0.0000e+00
         86 103.319818    0.00590     0.3542     21.250      0.982  50195.355    31.2745     5.5805      0.973    7.15221     5.5271    24.6587   12.82763 1.5991e+01 0.0000e+00
         87 103.319821    0.00597     0.3583     21.500      0.986  50247.989    31.3052     5.5533      0.977    7.15535     5.5110    24.6861   12.83242 1.6035e+01 0.0000e+00
         88 103.319823    0.00604     0.3625     21.750      0.983  50327.088    31.3545     5.5272      0.974    7.15744     5.5095    24.7280   12.83523 1.6067e+01 0.0000e+00
         89 103.319826    0.00611     0.3667     22.000      0.981  50403.862    31.4041     5.5111      0.972    7.15780     5.5198    24.7691   12.83519 1.6396e+01 0.0000e+00
         90 103.319829    0.00618     0.3708     22.250      0.989  50453.401    31.4379     5.5096      0.980    7.15644     5.5345    24.7960   12.83252 1.6850e+01 0.0000e+00
