CTD-processing/allCTD/CNV--turbid/2015_11-04_t3_s01_cast002.cnv
* Sea-Bird SBE19plus Data File:
* FileName = C:\Users\Kris.Holderied\Documents\kasitsna\Research-KBL\Oceanography-AK\CTD-Data-ALL-to-2015-10\2015-CTD-KachemakBay-CookInlet\2015-11-EVOSTC-CookInlet-quarterly\2015-11-04-CookInlet-Tran3-AnchorPt\2015-11-04-CookInlet-Tran3-cast002.hex
* Software Version 1.59
* Temperature SN =  5028
* Conductivity SN =  5028
* System UpLoad Time = Nov 04 2015 13:53:06
** Cook Inlet LTM Tran3 Anchor Pt  Northwest to Southeast

** Date: 11-04
** Station: 3-01
** Start time (AKST): 03:29
** Depth (m): 17.9
** Comment: M/V Ursus.
** Comment:
# nquan = 16
# nvalues = 427                         
# units = specified
# name 0 = scan: Scan Count
# name 1 = timeJ: Julian Days
# name 2 = timeH: Time, Elapsed [hours]
# name 3 = timeM: Time, Elapsed [minutes]
# name 4 = timeS: Time, Elapsed [seconds]
# name 5 = prdM: Pressure, Strain Gauge [db]
# name 6 = specc: Specific Conductance [uS/cm]
# name 7 = sal00: Salinity, Practical [PSU]
# name 8 = tv290C: Temperature [ITS-90, deg C]
# name 9 = depSM: Depth [salt water, m], lat = 59.00
# name 10 = oxsolML/L: Oxygen Saturation, Garcia & Gordon [ml/l]
# name 11 = potemp090C: Potential Temperature [ITS-90, deg C]
# name 12 = sigma-é00: Density [sigma-theta, kg/m^3]
# name 13 = n2satML/L: Nitrogen Saturation [ml/l]
# name 14 = par: PAR/Irradiance, Biospherical/Licor
# name 15 = flag:  0.000e+00
# span 0 =          1,        427       
# span 1 = 308.147859, 308.149091       
# span 2 =    0.00000,    0.02958       
# span 3 =     0.0000,     1.7750       
# span 4 =      0.000,    106.500       
# span 5 =     -0.046,     18.694       
# span 6 =    456.044,  46942.895       
# span 7 =     0.2194,    29.4768       
# span 8 =     7.7668,    16.5414       
# span 9 =     -0.045,     18.519       
# span 10 =    6.67820,    6.91769      
# span 11 =     7.7664,    16.5414      
# span 12 =    -0.9743,    22.9066      
# span 13 =   12.19296,   12.71427      
# span 14 = 8.0978e-02, 3.0702e+00      
# span 15 = 0.0000e+00, 0.0000e+00      
# interval = seconds: 0.25
# start_time = Nov 04 2015 03:32:55 [Instrument's time stamp, header]
# bad_flag = -9.990e-29
*END*
[from data line 272]
        273 308.148646    0.01889     1.1333     68.000      1.261  45525.017    28.4663     8.0444      1.249    6.88021     7.8863    22.1412   12.41321 1.0861e-01 0.0000e+00
        274 308.148649    0.01896     1.1375     68.250      1.267  45609.050    28.5114     7.9507      1.255    6.89284     7.8440    22.1893   12.43359 1.0979e-01 0.0000e+00
        275 308.148652    0.01903     1.1417     68.500      1.272  45669.891    28.5445     7.8864      1.260    6.90143     7.8168    22.2240   12.44740 1.1061e-01 0.0000e+00
        276 308.148655    0.01910     1.1458     68.750      1.277  45710.727    28.5669     7.8441      1.265    6.90706     7.7996    22.2472   12.45644 1.1087e-01 0.0000e+00
        277 308.148657    0.01917     1.1500     69.000      1.279  45737.065    28.5813     7.8169      1.267    6.91067     7.7889    22.2622   12.46225 1.1053e-01 0.0000e+00
        278 308.148660    0.01924     1.1542     69.250      1.278  45753.810    28.5904     7.7997      1.266    6.91296     7.7823    22.2717   12.46593 1.0976e-01 0.0000e+00
        279 308.148663    0.01931     1.1583     69.500      1.276  45763.971    28.5960     7.7890      1.264    6.91439     7.7782    22.2775   12.46823 1.0881e-01 0.0000e+00
        280 308.148666    0.01938     1.1625     69.750      1.275  45769.551    28.5989     7.7824      1.263    6.91530     7.7753    22.2807   12.46969 1.0796e-01 0.0000e+00
        281 308.148669    0.01944     1.1667     70.000      1.277  45772.455    28.6003     7.7783      1.265    6.91589     7.7733    22.2823   12.47066 1.0749e-01 0.0000e+00
        282 308.148672    0.01951     1.1708     70.250      1.281  45774.120    28.6010     7.7754      1.269    6.91630     7.7719    22.2833   12.47134 1.0751e-01 0.0000e+00
        283 308.148675    0.01958     1.1750     70.500      1.287  45775.327    28.6016     7.7734      1.275    6.91660     7.7711    22.2840   12.47182 1.0781e-01 0.0000e+00
        284 308.148678    0.01965     1.1792     70.750      1.292  45776.368    28.6021     7.7720      1.280    6.91680     7.7708    22.2846   12.47214 1.0810e-01 0.0000e+00
        285 308.148681    0.01972     1.1833     71.000      1.296  45777.405    28.6027     7.7712      1.284    6.91690     7.7713    22.2852   12.47231 1.0809e-01 0.0000e+00
        286 308.148683    0.01979     1.1875     71.250      1.296  45778.647    28.6035     7.7709      1.284    6.91690     7.7727    22.2859   12.47230 1.0760e-01 0.0000e+00
        287 308.148686    0.01986     1.1917     71.500      1.292  45780.189    28.6047     7.7714      1.280    6.91676     7.7750    22.2867   12.47206 1.0662e-01 0.0000e+00
        288 308.148689    0.01993     1.1958     71.750      1.284  45781.710    28.6059     7.7728      1.273    6.91649     7.7780    22.2875   12.47158 1.0540e-01 0.0000e+00
        289 308.148692    0.02000     1.2000     72.000      1.274  45782.194    28.6066     7.7751      1.262    6.91609     7.7809    22.2877   12.47091 1.0429e-01 0.0000e+00
        290 308.148695    0.02007     1.2042     72.250      1.261  45780.937    28.6062     7.7781      1.250    6.91564     7.7831    22.2870   12.47019 1.0351e-01 0.0000e+00
        291 308.148698    0.02014     1.2083     72.500      1.249  45778.592    28.6050     7.7810      1.237    6.91524     7.7845    22.2857   12.46954 1.0303e-01 0.0000e+00
        292 308.148701    0.02021     1.2125     72.750      1.238  45776.051    28.6035     7.7832      1.226    6.91495     7.7849    22.2842   12.46907 1.0278e-01 0.0000e+00
        293 308.148704    0.02028     1.2167     73.000      1.229  45773.577    28.6020     7.7846      1.217    6.91480     7.7844    22.2829   12.46884 1.0273e-01 0.0000e+00
        294 308.148707    0.02035     1.2208     73.250      1.224  45771.659    28.6007     7.7850      1.212    6.91479     7.7834    22.2818   12.46884 1.0291e-01 0.0000e+00
        295 308.148709    0.02042     1.2250     73.500      1.223  45770.958    28.6002     7.7845      1.211    6.91489     7.7822    22.2815   12.46901 1.0345e-01 0.0000e+00
        296 308.148712    0.02049     1.2292     73.750      1.228  45771.364    28.6004     7.7835      1.216    6.91505     7.7810    22.2817   12.46927 1.0468e-01 0.0000e+00
        297 308.148715    0.02056     1.2333     74.000      1.241  45772.144    28.6007     7.7823      1.229    6.91522     7.7799    22.2821   12.46956 1.0693e-01 0.0000e+00
        298 308.148718    0.02063     1.2375     74.250      1.262  45772.608    28.6009     7.7811      1.250    6.91540     7.7788    22.2824   12.46985 1.1031e-01 0.0000e+00
        299 308.148721    0.02069     1.2417     74.500      1.289  45772.455    28.6006     7.7800      1.277    6.91559     7.7778    22.2823   12.47017 1.1453e-01 0.0000e+00
        300 308.148724    0.02076     1.2458     74.750      1.319  45772.214    28.6002     7.7789      1.307    6.91578     7.7771    22.2822   12.47049 1.1876e-01 0.0000e+00
        301 308.148727    0.02083     1.2500     75.000      1.346  45773.008    28.6006     7.7779      1.334    6.91593     7.7773    22.2826   12.47073 1.2181e-01 0.0000e+00
        302 308.148730    0.02090     1.2542     75.250      1.364  45775.253    28.6021     7.7772      1.351    6.91597     7.7788    22.2839   12.47078 1.2279e-01 0.0000e+00
        303 308.148733    0.02097     1.2583     75.500      1.367  45778.276    28.6042     7.7774      1.354    6.91584     7.7814    22.2855   12.47053 1.2150e-01 0.0000e+00
        304 308.148736    0.02104     1.2625     75.750      1.356  45780.789    28.6062     7.7789      1.343    6.91551     7.7846    22.2868   12.46997 1.1843e-01 0.0000e+00
        305 308.148738    0.02111     1.2667     76.000      1.332  45781.673    28.6072     7.7815      1.319    6.91505     7.7878    22.2873   12.46919 1.1435e-01 0.0000e+00
        306 308.148741    0.02118     1.2708     76.250      1.301  45780.564    28.6069     7.7847      1.289    6.91455     7.7900    22.2866   12.46837 1.0991e-01 0.0000e+00
        307 308.148744    0.02125     1.2750     76.500      1.271  45777.595    28.6053     7.7879      1.259    6.91413     7.7909    22.2850   12.46769 1.0587e-01 0.0000e+00
        308 308.148747    0.02132     1.2792     76.750      1.250  45773.565    28.6028     7.7901      1.238    6.91388     7.7902    22.2827   12.46730 1.0292e-01 0.0000e+00
        309 308.148750    0.02139     1.2833     77.000      1.250  45769.751    28.6003     7.7910      1.238    6.91386     7.7878    22.2807   12.46730 1.0135e-01 0.0000e+00
        310 308.148753    0.02146     1.2875     77.250      1.279  45766.795    28.5981     7.7903      1.267    6.91408     7.7842    22.2791   12.46769 1.0117e-01 0.0000e+00
        311 308.148756    0.02153     1.2917     77.500      1.341  45764.878    28.5964     7.7879      1.329    6.91452     7.7800    22.2780   12.46845 1.0215e-01 0.0000e+00
        312 308.148759    0.02160     1.2958     77.750      1.440  45764.893    28.5959     7.7843      1.426    6.91512     7.7763    22.2781   12.46944 1.0383e-01 0.0000e+00
        313 308.148762    0.02167     1.3000     78.000      1.570  45767.424    28.5970     7.7802      1.555    6.91573     7.7737    22.2795   12.47044 1.0555e-01 0.0000e+00
        314 308.148764    0.02174     1.3042     78.250      1.724  45771.517    28.5992     7.7765      1.708    6.91621     7.7725    22.2817   12.47121 1.0670e-01 0.0000e+00
        315 308.148767    0.02181     1.3083     78.500      1.894  45775.928    28.6018     7.7739      1.876    6.91650     7.7724    22.2841   12.47166 1.0685e-01 0.0000e+00
        316 308.148770    0.02187     1.3125     78.750      2.069  45779.840    28.6043     7.7727      2.049    6.91659     7.7732    22.2862   12.47177 1.0593e-01 0.0000e+00
        317 308.148773    0.02194     1.3167     79.000      2.240  45783.299    28.6066     7.7726      2.219    6.91650     7.7749    22.2880   12.47159 1.0426e-01 0.0000e+00
        318 308.148776    0.02201     1.3208     79.250      2.402  45786.777    28.6090     7.7734      2.379    6.91625     7.7770    22.2899   12.47115 1.0230e-01 0.0000e+00
        319 308.148779    0.02208     1.3250     79.500      2.551  45788.728    28.6106     7.7751      2.527    6.91591     7.7789    22.2909   12.47057 1.0029e-01 0.0000e+00
        320 308.148782    0.02215     1.3292     79.750      2.687  45787.672    28.6101     7.7773      2.661    6.91559     7.7799    22.2902   12.47005 9.8322e-02 0.0000e+00
        321 308.148785    0.02222     1.3333     80.000      2.812  45784.552    28.6082     7.7792      2.785    6.91539     7.7799    22.2884   12.46973 9.6474e-02 0.0000e+00
        322 308.148788    0.02229     1.3375     80.250      2.931  45780.231    28.6053     7.7803      2.903    6.91535     7.7787    22.2860   12.46970 9.4761e-02 0.0000e+00
        323 308.148791    0.02236     1.3417     80.500      3.050  45775.580    28.6020     7.7802      3.021    6.91550     7.7766    22.2835   12.47000 9.3179e-02 0.0000e+00
        324 308.148793    0.02243     1.3458     80.750      3.175  45771.638    28.5991     7.7790      3.145    6.91581     7.7738    22.2813   12.47056 9.1747e-02 0.0000e+00
        325 308.148796    0.02250     1.3500     81.000      3.306  45768.631    28.5967     7.7769      3.275    6.91626     7.7709    22.2797   12.47133 9.0482e-02 0.0000e+00
        326 308.148799    0.02257     1.3542     81.250      3.445  45767.482    28.5954     7.7741      3.413    6.91676     7.7686    22.2791   12.47216 8.9371e-02 0.0000e+00
        327 308.148802    0.02264     1.3583     81.500      3.593  45768.660    28.5957     7.7712      3.560    6.91720     7.7670    22.2797   12.47289 8.8391e-02 0.0000e+00
        328 308.148805    0.02271     1.3625     81.750      3.751  45771.024    28.5970     7.7689      3.716    6.91752     7.7664    22.2810   12.47340 8.7541e-02 0.0000e+00
        329 308.148808    0.02278     1.3667     82.000      3.915  45773.742    28.5986     7.7674      3.879    6.91769     7.7668    22.2824   12.47366 8.6816e-02 0.0000e+00
        330 308.148811    0.02285     1.3708     82.250      4.085  45776.938    28.6006     7.7668      4.047    6.91769     7.7683    22.2841   12.47364 8.6185e-02 0.0000e+00
        331 308.148814    0.02292     1.3750     82.500      4.257  45781.059    28.6034     7.7672      4.217    6.91749     7.7711    22.2863   12.47329 8.5630e-02 0.0000e+00
        332 308.148817    0.02299     1.3792     82.750      4.429  45786.222    28.6071     7.7687      4.387    6.91709     7.7755    22.2890   12.47257 8.5140e-02 0.0000e+00
        333 308.148819    0.02306     1.3833     83.000      4.600  45793.257    28.6123     7.7715      4.557    6.91641     7.7817    22.2927   12.47138 8.4700e-02 0.0000e+00
        334 308.148822    0.02313     1.3875     83.250      4.770  45801.386    28.6185     7.7759      4.726    6.91543     7.7889    22.2969   12.46967 8.4303e-02 0.0000e+00
        335 308.148825    0.02319     1.3917     83.500      4.938  45806.369    28.6227     7.7821      4.892    6.91425     7.7958    22.2995   12.46767 8.3947e-02 0.0000e+00
        336 308.148828    0.02326     1.3958     83.750      5.102  45806.859    28.6240     7.7893      5.055    6.91306     7.8018    22.2996   12.46568 8.3625e-02 0.0000e+00
        337 308.148831    0.02333     1.4000     84.000      5.263  45805.308    28.6239     7.7962      5.214    6.91197     7.8067    22.2985   12.46387 8.3323e-02 0.0000e+00
        338 308.148834    0.02340     1.4042     84.250      5.420  45802.795    28.6230     7.8023      5.369    6.91105     7.8100    22.2970   12.46236 8.3042e-02 0.0000e+00
        339 308.148837    0.02347     1.4083     84.500      5.572  45798.876    28.6209     7.8072      5.520    6.91038     7.8116    22.2947   12.46127 8.2792e-02 0.0000e+00
        340 308.148840    0.02354     1.4125     84.750      5.721  45793.650    28.6177     7.8105      5.667    6.90999     7.8115    22.2918   12.46067 8.2568e-02 0.0000e+00
        341 308.148843    0.02361     1.4167     85.000      5.867  45787.986    28.6140     7.8121      5.812    6.90991     7.8103    22.2886   12.46058 8.2364e-02 0.0000e+00
        342 308.148845    0.02368     1.4208     85.250      6.011  45784.277    28.6114     7.8120      5.955    6.91004     7.8093    22.2866   12.46083 8.2181e-02 0.0000e+00
        343 308.148848    0.02375     1.4250     85.500      6.154  45784.848    28.6115     7.8108      6.097    6.91021     7.8092    22.2869   12.46111 8.2021e-02 0.0000e+00
        344 308.148851    0.02382     1.4292     85.750      6.298  45788.285    28.6137     7.8098      6.239    6.91027     7.8105    22.2887   12.46119 8.1883e-02 0.0000e+00
        345 308.148854    0.02389     1.4333     86.000      6.444  45793.003    28.6169     7.8098      6.384    6.91014     7.8133    22.2912   12.46092 8.1760e-02 0.0000e+00
        346 308.148857    0.02396     1.4375     86.250      6.592  45799.467    28.6215     7.8111      6.530    6.90973     7.8175    22.2947   12.46019 8.1650e-02 0.0000e+00
        347 308.148860    0.02403     1.4417     86.500      6.744  45805.238    28.6258     7.8139      6.681    6.90908     7.8218    22.2977   12.45906 8.1555e-02 0.0000e+00
        348 308.148863    0.02410     1.4458     86.750      6.900  45806.950    28.6275     7.8181      6.836    6.90835     7.8255    22.2984   12.45782 8.1466e-02 0.0000e+00
        349 308.148866    0.02417     1.4500     87.000      7.060  45805.797    28.6273     7.8225      6.994    6.90767     7.8286    22.2977   12.45670 8.1386e-02 0.0000e+00
        350 308.148869    0.02424     1.4542     87.250      7.223  45805.014    28.6272     7.8262      7.156    6.90708     7.8313    22.2971   12.45573 8.1319e-02 0.0000e+00
        351 308.148872    0.02431     1.4583     87.500      7.390  45805.446    28.6279     7.8292      7.320    6.90657     7.8339    22.2972   12.45487 8.1263e-02 0.0000e+00
        352 308.148874    0.02438     1.4625     87.750      7.558  45806.383    28.6289     7.8319      7.487    6.90610     7.8366    22.2976   12.45408 8.1218e-02 0.0000e+00
        353 308.148877    0.02444     1.4667     88.000      7.726  45808.077    28.6303     7.8345      7.653    6.90562     7.8397    22.2985   12.45326 8.1185e-02 0.0000e+00
        354 308.148880    0.02451     1.4708     88.250      7.893  45811.006    28.6327     7.8373      7.819    6.90508     7.8429    22.3000   12.45234 8.1155e-02 0.0000e+00
        355 308.148883    0.02458     1.4750     88.500      8.058  45812.842    28.6343     7.8404      7.982    6.90451     7.8453    22.3009   12.45139 8.1125e-02 0.0000e+00
        356 308.148886    0.02465     1.4792     88.750      8.219  45810.840    28.6333     7.8436      8.142    6.90405     7.8467    22.2997   12.45064 8.1094e-02 0.0000e+00
        357 308.148889    0.02472     1.4833     89.000      8.377  45807.980    28.6316     7.8460      8.299    6.90374     7.8478    22.2980   12.45014 8.1068e-02 0.0000e+00
        358 308.148892    0.02479     1.4875     89.250      8.532  45807.602    28.6315     7.8475      8.452    6.90352     7.8486    22.2977   12.44977 8.1045e-02 0.0000e+00
        359 308.148895    0.02486     1.4917     89.500      8.683  45807.537    28.6316     7.8485      8.602    6.90335     7.8491    22.2976   12.44950 8.1021e-02 0.0000e+00
        360 308.148898    0.02493     1.4958     89.750      8.833  45806.253    28.6307     7.8494      8.750    6.90325     7.8492    22.2968   12.44934 8.1002e-02 0.0000e+00
        361 308.148900    0.02500     1.5000     90.000      8.981  45804.773    28.6297     7.8499      8.896    6.90322     7.8489    22.2960   12.44930 8.0989e-02 0.0000e+00
