CTD-processing/allCTD/CNV--turbid/2015_11-04_t9_s06_cast036.cnv
* Sea-Bird SBE19plus Data File:
* FileName = C:\Users\Kris.Holderied\Documents\kasitsna\Research-KBL\Oceanography-AK\CTD-Data-ALL-to-2015-10\2015-CTD-KachemakBay-CookInlet\2015-11-EVOSTC-CookInlet-quarterly\2015-11-04-CookInlet-Tran9-HomerSpit\2015-11-04-CookInlet-Tran9-cast036.hex
* Software Version 1.59
* Temperature SN =  5028
* Conductivity SN =  5028
* System UpLoad Time = Nov 07 2015 12:26:04
** Cook Inlet LTM Tran9 Homer Spit south to north

** Date: 11-04
** Station: 9-06
** Start time (AKST): 21:37
** Depth (m): 101
** Comment: M/V Ursus.
** Comment:
# nquan = 16
# nvalues = 1384                        
# units = specified
# name 0 = scan: Scan Count
# name 1 = timeJ: Julian Days
# name 2 = timeH: Time, Elapsed [hours]
# name 3 = timeM: Time, Elapsed [minutes]
# name 4 = timeS: Time, Elapsed [seconds]
# name 5 = prdM: Pressure, Strain Gauge [db]
# name 6 = specc: Specific Conductance [uS/cm]
# name 7 = sal00: Salinity, Practical [PSU]
# name 8 = tv290C: Temperature [ITS-90, deg C]
# name 9 = depSM: Depth [salt water, m], lat = 59.00
# name 10 = oxsolML/L: Oxygen Saturation, Garcia & Gordon [ml/l]
# name 11 = potemp090C: Potential Temperature [ITS-90, deg C]
# name 12 = sigma-é00: Density [sigma-theta, kg/m^3]
# name 13 = n2satML/L: Nitrogen Saturation [ml/l]
# name 14 = par: PAR/Irradiance, Biospherical/Licor
# name 15 = flag:  0.000e+00
# span 0 =          1,       1384       
# span 1 = 308.900012, 308.904013       
# span 2 =    0.00000,    0.09604       
# span 3 =     0.0000,     5.7625       
# span 4 =      0.000,    345.750       
# span 5 =     -0.115,     97.846       
# span 6 =   2057.242,  48802.979       
# span 7 =     1.0359,    30.8386       
# span 8 =     7.2596,     9.2664       
# span 9 =     -0.114,     96.909       
# span 10 =    6.60547,    8.38232      
# span 11 =     7.2596,     9.2620      
# span 12 =     0.7135,    23.8641      
# span 13 =   11.93278,   15.30768      
# span 14 = 4.0133e-02, 3.3248e+00      
# span 15 = 0.0000e+00, 0.0000e+00      
# interval = seconds: 0.25
# start_time = Nov 04 2015 21:36:01 [Instrument's time stamp, header]
# bad_flag = -9.990e-29
*END*
[from data line 272]
        273 308.900799    0.01889     1.1333     68.000      1.267  47715.209    30.0079     8.2038      1.255    6.78659     8.2174    23.3276   12.23888 6.3954e-02 0.0000e+00
        274 308.900802    0.01896     1.1375     68.250      1.263  47705.758    30.0026     8.2124      1.251    6.78551     8.2205    23.3222   12.23715 6.3607e-02 0.0000e+00
        275 308.900804    0.01903     1.1417     68.500      1.259  47700.003    29.9993     8.2175      1.247    6.78485     8.2222    23.3189   12.23611 6.3309e-02 0.0000e+00
        276 308.900807    0.01910     1.1458     68.750      1.254  47696.480    29.9974     8.2206      1.243    6.78447     8.2231    23.3169   12.23550 6.3140e-02 0.0000e+00
        277 308.900810    0.01917     1.1500     69.000      1.251  47694.340    29.9961     8.2223      1.239    6.78425     8.2233    23.3157   12.23516 6.3249e-02 0.0000e+00
        278 308.900813    0.01924     1.1542     69.250      1.248  47693.115    29.9954     8.2232      1.237    6.78415     8.2231    23.3151   12.23500 6.3614e-02 0.0000e+00
        279 308.900816    0.01931     1.1583     69.500      1.248  47692.472    29.9950     8.2234      1.237    6.78413     8.2226    23.3147   12.23497 6.4081e-02 0.0000e+00
        280 308.900819    0.01938     1.1625     69.750      1.251  47692.318    29.9949     8.2232      1.239    6.78416     8.2220    23.3146   12.23503 6.4594e-02 0.0000e+00
        281 308.900822    0.01944     1.1667     70.000      1.254  47692.639    29.9950     8.2227      1.243    6.78423     8.2213    23.3148   12.23514 6.5245e-02 0.0000e+00
        282 308.900825    0.01951     1.1708     70.250      1.258  47693.253    29.9954     8.2221      1.246    6.78432     8.2207    23.3152   12.23528 6.5953e-02 0.0000e+00
        283 308.900828    0.01958     1.1750     70.500      1.262  47693.951    29.9957     8.2214      1.250    6.78440     8.2202    23.3155   12.23542 6.6400e-02 0.0000e+00
        284 308.900830    0.01965     1.1792     70.750      1.264  47694.604    29.9961     8.2208      1.252    6.78448     8.2199    23.3159   12.23554 6.6448e-02 0.0000e+00
        285 308.900833    0.01972     1.1833     71.000      1.264  47695.191    29.9965     8.2203      1.252    6.78454     8.2197    23.3163   12.23564 6.6282e-02 0.0000e+00
        286 308.900836    0.01979     1.1875     71.250      1.264  47695.715    29.9968     8.2200      1.252    6.78458     8.2197    23.3166   12.23569 6.6221e-02 0.0000e+00
        287 308.900839    0.01986     1.1917     71.500      1.265  47696.075    29.9970     8.2198      1.253    6.78460     8.2199    23.3168   12.23571 6.6469e-02 0.0000e+00
        288 308.900842    0.01993     1.1958     71.750      1.266  47696.211    29.9971     8.2198      1.254    6.78459     8.2202    23.3168   12.23571 6.7000e-02 0.0000e+00
        289 308.900845    0.02000     1.2000     72.000      1.268  47696.166    29.9970     8.2200      1.256    6.78457     8.2206    23.3168   12.23567 6.7608e-02 0.0000e+00
        290 308.900848    0.02007     1.2042     72.250      1.270  47695.960    29.9969     8.2203      1.258    6.78453     8.2210    23.3167   12.23560 6.7933e-02 0.0000e+00
        291 308.900851    0.02014     1.2083     72.500      1.270  47695.643    29.9968     8.2207      1.259    6.78447     8.2214    23.3165   12.23551 6.7665e-02 0.0000e+00
        292 308.900854    0.02021     1.2125     72.750      1.268  47695.309    29.9966     8.2211      1.256    6.78441     8.2216    23.3163   12.23542 6.6835e-02 0.0000e+00
        293 308.900856    0.02028     1.2167     73.000      1.263  47695.020    29.9965     8.2215      1.251    6.78436     8.2218    23.3161   12.23534 6.5791e-02 0.0000e+00
        294 308.900859    0.02035     1.2208     73.250      1.255  47694.776    29.9964     8.2218      1.243    6.78433     8.2220    23.3160   12.23527 6.4857e-02 0.0000e+00
        295 308.900862    0.02042     1.2250     73.500      1.246  47694.552    29.9962     8.2220      1.235    6.78430     8.2220    23.3159   12.23523 6.4128e-02 0.0000e+00
        296 308.900865    0.02049     1.2292     73.750      1.239  47694.376    29.9961     8.2221      1.228    6.78428     8.2220    23.3158   12.23521 6.3623e-02 0.0000e+00
        297 308.900868    0.02056     1.2333     74.000      1.236  47694.346    29.9961     8.2221      1.225    6.78428     8.2220    23.3157   12.23521 6.3441e-02 0.0000e+00
        298 308.900871    0.02063     1.2375     74.250      1.238  47694.473    29.9962     8.2221      1.227    6.78428     8.2220    23.3158   12.23521 6.3701e-02 0.0000e+00
        299 308.900874    0.02069     1.2417     74.500      1.245  47694.645    29.9963     8.2221      1.233    6.78428     8.2220    23.3159   12.23520 6.4392e-02 0.0000e+00
        300 308.900877    0.02076     1.2458     74.750      1.254  47694.759    29.9964     8.2221      1.243    6.78428     8.2220    23.3159   12.23519 6.5260e-02 0.0000e+00
        301 308.900880    0.02083     1.2500     75.000      1.263  47694.749    29.9964     8.2221      1.252    6.78428     8.2219    23.3159   12.23519 6.5905e-02 0.0000e+00
        302 308.900883    0.02090     1.2542     75.250      1.270  47694.614    29.9963     8.2221      1.258    6.78428     8.2217    23.3159   12.23521 6.6072e-02 0.0000e+00
        303 308.900885    0.02097     1.2583     75.500      1.272  47694.489    29.9962     8.2220      1.261    6.78430     8.2216    23.3158   12.23524 6.5725e-02 0.0000e+00
        304 308.900888    0.02104     1.2625     75.750      1.271  47694.483    29.9962     8.2218      1.260    6.78432     8.2215    23.3158   12.23527 6.5056e-02 0.0000e+00
        305 308.900891    0.02111     1.2667     76.000      1.267  47694.567    29.9962     8.2217      1.255    6.78434     8.2214    23.3159   12.23530 6.4386e-02 0.0000e+00
        306 308.900894    0.02118     1.2708     76.250      1.262  47694.680    29.9963     8.2216      1.250    6.78435     8.2214    23.3159   12.23532 6.3950e-02 0.0000e+00
        307 308.900897    0.02125     1.2750     76.500      1.257  47694.817    29.9964     8.2215      1.245    6.78436     8.2214    23.3160   12.23533 6.3804e-02 0.0000e+00
        308 308.900900    0.02132     1.2792     76.750      1.253  47695.000    29.9965     8.2215      1.241    6.78436     8.2215    23.3161   12.23533 6.3813e-02 0.0000e+00
        309 308.900903    0.02139     1.2833     77.000      1.250  47695.221    29.9966     8.2215      1.238    6.78434     8.2217    23.3162   12.23531 6.3761e-02 0.0000e+00
        310 308.900906    0.02146     1.2875     77.250      1.247  47695.462    29.9968     8.2216      1.235    6.78432     8.2219    23.3163   12.23527 6.3473e-02 0.0000e+00
        311 308.900909    0.02153     1.2917     77.500      1.244  47695.641    29.9970     8.2218      1.232    6.78429     8.2221    23.3164   12.23522 6.2922e-02 0.0000e+00
        312 308.900911    0.02160     1.2958     77.750      1.240  47695.676    29.9970     8.2220      1.228    6.78426     8.2223    23.3165   12.23516 6.2262e-02 0.0000e+00
        313 308.900914    0.02167     1.3000     78.000      1.237  47695.620    29.9970     8.2222      1.225    6.78423     8.2224    23.3164   12.23511 6.1708e-02 0.0000e+00
        314 308.900917    0.02174     1.3042     78.250      1.235  47695.539    29.9970     8.2224      1.224    6.78420     8.2226    23.3164   12.23506 6.1415e-02 0.0000e+00
        315 308.900920    0.02181     1.3083     78.500      1.236  47695.438    29.9969     8.2225      1.225    6.78417     8.2227    23.3164   12.23502 6.1392e-02 0.0000e+00
        316 308.900923    0.02187     1.3125     78.750      1.239  47695.339    29.9969     8.2227      1.228    6.78415     8.2228    23.3163   12.23499 6.1518e-02 0.0000e+00
        317 308.900926    0.02194     1.3167     79.000      1.246  47695.241    29.9969     8.2228      1.234    6.78414     8.2229    23.3162   12.23496 6.1700e-02 0.0000e+00
        318 308.900929    0.02201     1.3208     79.250      1.253  47695.104    29.9968     8.2229      1.242    6.78413     8.2229    23.3162   12.23495 6.1933e-02 0.0000e+00
        319 308.900932    0.02208     1.3250     79.500      1.261  47694.919    29.9966     8.2230      1.250    6.78412     8.2228    23.3161   12.23494 6.2241e-02 0.0000e+00
        320 308.900935    0.02215     1.3292     79.750      1.268  47694.710    29.9965     8.2230      1.257    6.78413     8.2226    23.3159   12.23496 6.2632e-02 0.0000e+00
        321 308.900938    0.02222     1.3333     80.000      1.272  47694.489    29.9963     8.2229      1.261    6.78416     8.2223    23.3158   12.23499 6.3072e-02 0.0000e+00
        322 308.900940    0.02229     1.3375     80.250      1.274  47694.294    29.9961     8.2227      1.262    6.78419     8.2220    23.3157   12.23505 6.3389e-02 0.0000e+00
        323 308.900943    0.02236     1.3417     80.500      1.272  47694.181    29.9960     8.2224      1.260    6.78424     8.2216    23.3157   12.23513 6.3329e-02 0.0000e+00
        324 308.900946    0.02243     1.3458     80.750      1.267  47694.175    29.9960     8.2221      1.255    6.78430     8.2212    23.3157   12.23523 6.2796e-02 0.0000e+00
        325 308.900949    0.02250     1.3500     81.000      1.259  47694.276    29.9960     8.2217      1.247    6.78435     8.2209    23.3157   12.23532 6.1968e-02 0.0000e+00
        326 308.900952    0.02257     1.3542     81.250      1.249  47694.460    29.9961     8.2213      1.237    6.78441     8.2206    23.3158   12.23542 6.1198e-02 0.0000e+00
        327 308.900955    0.02264     1.3583     81.500      1.239  47694.693    29.9962     8.2210      1.228    6.78446     8.2203    23.3160   12.23550 6.0786e-02 0.0000e+00
        328 308.900958    0.02271     1.3625     81.750      1.232  47694.962    29.9963     8.2207      1.220    6.78450     8.2202    23.3161   12.23556 6.0867e-02 0.0000e+00
        329 308.900961    0.02278     1.3667     82.000      1.227  47695.229    29.9965     8.2204      1.216    6.78452     8.2201    23.3163   12.23560 6.1442e-02 0.0000e+00
        330 308.900964    0.02285     1.3708     82.250      1.227  47695.469    29.9966     8.2203      1.216    6.78454     8.2201    23.3164   12.23563 6.2350e-02 0.0000e+00
        331 308.900966    0.02292     1.3750     82.500      1.231  47695.621    29.9967     8.2202      1.220    6.78455     8.2201    23.3165   12.23564 6.3224e-02 0.0000e+00
        332 308.900969    0.02299     1.3792     82.750      1.237  47695.512    29.9966     8.2202      1.226    6.78455     8.2200    23.3165   12.23565 6.3667e-02 0.0000e+00
        333 308.900972    0.02306     1.3833     83.000      1.244  47695.127    29.9963     8.2202      1.232    6.78457     8.2197    23.3162   12.23568 6.3570e-02 0.0000e+00
        334 308.900975    0.02313     1.3875     83.250      1.249  47694.691    29.9960     8.2201      1.238    6.78460     8.2193    23.3160   12.23574 6.3198e-02 0.0000e+00
        335 308.900978    0.02319     1.3917     83.500      1.253  47694.404    29.9958     8.2198      1.241    6.78465     8.2189    23.3158   12.23583 6.2893e-02 0.0000e+00
        336 308.900981    0.02326     1.3958     83.750      1.254  47694.359    29.9957     8.2194      1.242    6.78471     8.2185    23.3158   12.23593 6.2813e-02 0.0000e+00
        337 308.900984    0.02333     1.4000     84.000      1.252  47694.552    29.9958     8.2190      1.241    6.78477     8.2183    23.3159   12.23602 6.2826e-02 0.0000e+00
        338 308.900987    0.02340     1.4042     84.250      1.247  47694.879    29.9960     8.2186      1.235    6.78482     8.2181    23.3161   12.23610 6.2506e-02 0.0000e+00
        339 308.900990    0.02347     1.4083     84.500      1.235  47695.211    29.9962     8.2184      1.223    6.78486     8.2180    23.3163   12.23616 6.1402e-02 0.0000e+00
        340 308.900992    0.02354     1.4125     84.750      1.214  47695.436    29.9963     8.2182      1.202    6.78488     8.2179    23.3165   12.23620 5.9439e-02 0.0000e+00
        341 308.900995    0.02361     1.4167     85.000      1.183  47695.521    29.9964     8.2181      1.171    6.78490     8.2178    23.3165   12.23622 5.7070e-02 0.0000e+00
        342 308.900998    0.02368     1.4208     85.250      1.145  47695.520    29.9964     8.2180      1.134    6.78491     8.2177    23.3165   12.23625 5.4904e-02 0.0000e+00
        343 308.901001    0.02375     1.4250     85.500      1.109  47695.495    29.9964     8.2179      1.098    6.78493     8.2176    23.3165   12.23627 5.3282e-02 0.0000e+00
        344 308.901004    0.02382     1.4292     85.750      1.083  47695.480    29.9964     8.2178      1.072    6.78495     8.2174    23.3165   12.23630 5.2236e-02 0.0000e+00
        345 308.901007    0.02389     1.4333     86.000      1.072  47695.479    29.9963     8.2177      1.062    6.78497     8.2173    23.3165   12.23634 5.1663e-02 0.0000e+00
        346 308.901010    0.02396     1.4375     86.250      1.075  47695.532    29.9963     8.2175      1.065    6.78498     8.2173    23.3166   12.23637 5.1443e-02 0.0000e+00
        347 308.901013    0.02403     1.4417     86.500      1.087  47695.765    29.9965     8.2174      1.077    6.78499     8.2174    23.3167   12.23638 5.1448e-02 0.0000e+00
        348 308.901016    0.02410     1.4458     86.750      1.103  47696.165    29.9967     8.2174      1.093    6.78498     8.2177    23.3169   12.23636 5.1517e-02 0.0000e+00
        349 308.901019    0.02417     1.4500     87.000      1.117  47696.412    29.9969     8.2175      1.107    6.78495     8.2181    23.3170   12.23631 5.1536e-02 0.0000e+00
        350 308.901021    0.02424     1.4542     87.250      1.127  47696.295    29.9969     8.2178      1.117    6.78491     8.2184    23.3170   12.23623 5.1471e-02 0.0000e+00
        351 308.901024    0.02431     1.4583     87.500      1.132  47695.978    29.9967     8.2182      1.122    6.78486     8.2187    23.3168   12.23615 5.1311e-02 0.0000e+00
        352 308.901027    0.02438     1.4625     87.750      1.132  47695.665    29.9965     8.2185      1.122    6.78481     8.2190    23.3166   12.23608 5.1081e-02 0.0000e+00
        353 308.901030    0.02444     1.4667     88.000      1.129  47695.383    29.9964     8.2188      1.119    6.78477     8.2191    23.3164   12.23601 5.0868e-02 0.0000e+00
        354 308.901033    0.02451     1.4708     88.250      1.126  47695.112    29.9962     8.2191      1.116    6.78474     8.2192    23.3163   12.23597 5.0764e-02 0.0000e+00
        355 308.901036    0.02458     1.4750     88.500      1.126  47694.847    29.9961     8.2192      1.116    6.78473     8.2191    23.3161   12.23594 5.0799e-02 0.0000e+00
        356 308.901039    0.02465     1.4792     88.750      1.130  47694.571    29.9959     8.2193      1.120    6.78473     8.2188    23.3160   12.23595 5.0928e-02 0.0000e+00
        357 308.901042    0.02472     1.4833     89.000      1.138  47694.284    29.9957     8.2192      1.128    6.78476     8.2185    23.3158   12.23599 5.1063e-02 0.0000e+00
        358 308.901045    0.02479     1.4875     89.250      1.147  47694.022    29.9955     8.2189      1.136    6.78480     8.2180    23.3157   12.23607 5.1154e-02 0.0000e+00
        359 308.901047    0.02486     1.4917     89.500      1.154  47693.849    29.9953     8.2186      1.144    6.78486     8.2176    23.3156   12.23618 5.1198e-02 0.0000e+00
        360 308.901050    0.02493     1.4958     89.750      1.158  47693.805    29.9952     8.2181      1.147    6.78493     8.2171    23.3156   12.23630 5.1178e-02 0.0000e+00
        361 308.901053    0.02500     1.5000     90.000      1.158  47693.900    29.9952     8.2177      1.147    6.78500     8.2168    23.3157   12.23642 5.1086e-02 0.0000e+00
