CTD-processing/allCTD/CNV--turbid/2015_09-24_t4_s02_cast204.cnv
* Sea-Bird SBE19plus Data File:
* FileName = C:\Users\Kris.Holderied\Documents\kasitsna\Research-KBL\Oceanography-AK\CTD-Data-ALL-to-2015-06\2015-CTD-KachemakBay-CookInlet\2015-09-24-CookInlet-Tran4-special\2015-09-24-CookInlet-Tran4-cast204.hex
* Software Version 1.59
* Temperature SN =  5028
* Conductivity SN =  5028
* System UpLoad Time = Oct 19 2015 12:47:32
** Cook Inlet LTM Transect 4 Homer Spit special

** Date: 09-24
** Station: 4-02
** Start time (AKDT): 16:08
** Depth (m): 100.6
** Comment:  R/V Edgecumbe
** Comment:
# nquan = 16
# nvalues = 740                         
# units = specified
# name 0 = scan: Scan Count
# name 1 = timeJ: Julian Days
# name 2 = timeH: Time, Elapsed [hours]
# name 3 = timeM: Time, Elapsed [minutes]
# name 4 = timeS: Time, Elapsed [seconds]
# name 5 = prdM: Pressure, Strain Gauge [db]
# name 6 = specc: Specific Conductance [uS/cm]
# name 7 = sal00: Salinity, Practical [PSU]
# name 8 = tv290C: Temperature [ITS-90, deg C]
# name 9 = depSM: Depth [salt water, m], lat = 59.00
# name 10 = oxsolML/L: Oxygen Saturation, Garcia & Gordon [ml/l]
# name 11 = potemp090C: Potential Temperature [ITS-90, deg C]
# name 12 = sigma-é00: Density [sigma-theta, kg/m^3]
# name 13 = n2satML/L: Nitrogen Saturation [ml/l]
# name 14 = par: PAR/Irradiance, Biospherical/Licor
# name 15 = flag:  0.000e+00
# span 0 =          1,        740       
# span 1 = 267.673299, 267.675437       
# span 2 =    0.00000,    0.05132       
# span 3 =     0.0000,     3.0792       
# span 4 =      0.000,    184.750       
# span 5 =     -0.095,     94.530       
# span 6 =   3389.502,  49163.558       
# span 7 =     1.7446,    31.1543       
# span 8 =     7.2661,     9.7890       
# span 9 =     -0.094,     93.624       
# span 10 =    6.51845,    8.33195      
# span 11 =     7.2748,     9.7882      
# span 12 =     1.2707,    24.0419      
# span 13 =   11.78504,   15.21188      
# span 14 = 4.9113e-02, 2.9395e+02      
# span 15 = 0.0000e+00, 0.0000e+00      
# interval = seconds: 0.25
# start_time = Sep 24 2015 16:09:33 [Instrument's time stamp, header]
# bad_flag = -9.990e-29
*END*
[from data line 181]
        182 267.673822    0.01257     0.7542     45.250      1.841  47969.408    30.3677     9.5378      1.824    6.57162     9.4875    23.4108   11.87838 3.0084e+01 0.0000e+00
        183 267.673825    0.01264     0.7583     45.500      1.861  47988.213    30.3781     9.5164      1.843    6.57428     9.4605    23.4222   11.88267 2.9970e+01 0.0000e+00
        184 267.673828    0.01271     0.7625     45.750      1.868  48029.813    30.4036     9.4877      1.850    6.57738     9.4424    23.4466   11.88751 3.0113e+01 0.0000e+00
        185 267.673831    0.01278     0.7667     46.000      1.861  48080.934    30.4360     9.4607      1.844    6.57993     9.4363    23.4761   11.89134 3.0441e+01 0.0000e+00
        186 267.673834    0.01285     0.7708     46.250      1.845  48129.743    30.4679     9.4426      1.828    6.58123     9.4434    23.5038   11.89310 3.0829e+01 0.0000e+00
        187 267.673837    0.01292     0.7750     46.500      1.825  48164.781    30.4917     9.4365      1.808    6.58110     9.4620    23.5233   11.89259 3.1090e+01 0.0000e+00
        188 267.673840    0.01299     0.7792     46.750      1.809  48178.431    30.5022     9.4436      1.793    6.57962     9.4852    23.5304   11.89002 3.1096e+01 0.0000e+00
        189 267.673843    0.01306     0.7833     47.000      1.802  48164.312    30.4947     9.4622      1.785    6.57724     9.5035    23.5217   11.88616 3.0841e+01 0.0000e+00
        190 267.673845    0.01313     0.7875     47.250      1.802  48120.602    30.4670     9.4854      1.785    6.57503     9.5092    23.4965   11.88283 3.0415e+01 0.0000e+00
        191 267.673848    0.01319     0.7917     47.500      1.808  48065.430    30.4307     9.5037      1.791    6.57391     9.4999    23.4653   11.88142 2.9950e+01 0.0000e+00
        192 267.673851    0.01326     0.7958     47.750      1.816  48027.552    30.4048     9.5094      1.799    6.57418     9.4808    23.4442   11.88218 2.9480e+01 0.0000e+00
        193 267.673854    0.01333     0.8000     48.000      1.824  48020.878    30.3990     9.5001      1.807    6.57577     9.4605    23.4411   11.88488 2.9126e+01 0.0000e+00
        194 267.673857    0.01340     0.8042     48.250      1.831  48038.723    30.4090     9.4810      1.814    6.57813     9.4457    23.4519   11.88868 2.9197e+01 0.0000e+00
        195 267.673860    0.01347     0.8083     48.500      1.836  48067.061    30.4263     9.4607      1.819    6.58035     9.4392    23.4685   11.89215 2.9831e+01 0.0000e+00
        196 267.673863    0.01354     0.8125     48.750      1.836  48096.686    30.4452     9.4459      1.819    6.58170     9.4409    23.4856   11.89416 3.0908e+01 0.0000e+00
        197 267.673866    0.01361     0.8167     49.000      1.835  48123.991    30.4635     9.4394      1.818    6.58187     9.4498    23.5009   11.89421 3.2122e+01 0.0000e+00
        198 267.673869    0.01368     0.8208     49.250      1.836  48143.912    30.4777     9.4411      1.818    6.58103     9.4649    23.5117   11.89265 3.3031e+01 0.0000e+00
        199 267.673872    0.01375     0.8250     49.500      1.843  48147.721    30.4815     9.4500      1.826    6.57956     9.4811    23.5133   11.89017 3.3349e+01 0.0000e+00
        200 267.673874    0.01382     0.8292     49.750      1.858  48128.788    30.4701     9.4651      1.841    6.57785     9.4904    23.5021   11.88748 3.3125e+01 0.0000e+00
        201 267.673877    0.01389     0.8333     50.000      1.876  48092.633    30.4469     9.4813      1.859    6.57647     9.4867    23.4814   11.88547 3.2593e+01 0.0000e+00
        202 267.673880    0.01396     0.8375     50.250      1.890  48062.385    30.4269     9.4906      1.873    6.57597     9.4713    23.4643   11.88488 3.2031e+01 0.0000e+00
        203 267.673883    0.01403     0.8417     50.500      1.895  48059.946    30.4247     9.4869      1.877    6.57661     9.4527    23.4632   11.88596 3.1755e+01 0.0000e+00
        204 267.673886    0.01410     0.8458     50.750      1.887  48087.108    30.4417     9.4715      1.870    6.57812     9.4388    23.4789   11.88827 3.2006e+01 0.0000e+00
        205 267.673889    0.01417     0.8500     51.000      1.871  48129.878    30.4693     9.4529      1.853    6.57966     9.4334    23.5033   11.89049 3.2787e+01 0.0000e+00
        206 267.673892    0.01424     0.8542     51.250      1.848  48170.972    30.4963     9.4390      1.830    6.58054     9.4389    23.5266   11.89162 3.3896e+01 0.0000e+00
        207 267.673895    0.01431     0.8583     51.500      1.823  48200.157    30.5161     9.4336      1.806    6.58048     9.4566    23.5429   11.89128 3.5041e+01 0.0000e+00
        208 267.673898    0.01438     0.8625     51.750      1.803  48215.437    30.5276     9.4391      1.786    6.57920     9.4832    23.5509   11.88902 3.5933e+01 0.0000e+00
        209 267.673900    0.01444     0.8667     52.000      1.794  48212.455    30.5278     9.4568      1.778    6.57663     9.5099    23.5484   11.88475 3.6397e+01 0.0000e+00
        210 267.673903    0.01451     0.8708     52.250      1.799  48182.514    30.5102     9.4834      1.782    6.57350     9.5275    23.5305   11.87978 3.6410e+01 0.0000e+00
        211 267.673906    0.01458     0.8750     52.500      1.813  48129.645    30.4766     9.5101      1.796    6.57103     9.5305    23.5000   11.87610 3.6051e+01 0.0000e+00
        212 267.673909    0.01465     0.8792     52.750      1.830  48077.299    30.4421     9.5277      1.813    6.56993     9.5191    23.4704   11.87469 3.5545e+01 0.0000e+00
        213 267.673912    0.01472     0.8833     53.000      1.844  48050.761    30.4239     9.5307      1.827    6.57026     9.5002    23.4557   11.87546 3.5171e+01 0.0000e+00
        214 267.673915    0.01479     0.8875     53.250      1.848  48057.174    30.4269     9.5193      1.831    6.57180     9.4828    23.4599   11.87796 3.5049e+01 0.0000e+00
        215 267.673918    0.01486     0.8917     53.500      1.839  48086.264    30.4449     9.5003      1.822    6.57379     9.4727    23.4768   11.88105 3.5239e+01 0.0000e+00
        216 267.673921    0.01493     0.8958     53.750      1.822  48123.552    30.4688     9.4829      1.805    6.57531     9.4721    23.4982   11.88328 3.5847e+01 0.0000e+00
        217 267.673924    0.01500     0.9000     54.000      1.801  48155.465    30.4899     9.4729      1.785    6.57588     9.4818    23.5163   11.88397 3.6886e+01 0.0000e+00
        218 267.673927    0.01507     0.9042     54.250      1.786  48172.444    30.5017     9.4723      1.770    6.57546     9.5000    23.5256   11.88313 3.8137e+01 0.0000e+00
        219 267.673929    0.01514     0.9083     54.500      1.782  48172.809    30.5033     9.4820      1.765    6.57399     9.5204    23.5253   11.88067 3.9135e+01 0.0000e+00
        220 267.673932    0.01521     0.9125     54.750      1.791  48156.883    30.4944     9.5002      1.774    6.57172     9.5352    23.5156   11.87703 3.9510e+01 0.0000e+00
        221 267.673935    0.01528     0.9167     55.000      1.810  48122.333    30.4728     9.5206      1.793    6.56967     9.5383    23.4955   11.87389 3.9338e+01 0.0000e+00
        222 267.673938    0.01535     0.9208     55.250      1.833  48076.904    30.4428     9.5354      1.816    6.56877     9.5268    23.4698   11.87277 3.9027e+01 0.0000e+00
        223 267.673941    0.01542     0.9250     55.500      1.854  48044.931    30.4208     9.5385      1.837    6.56926     9.5041    23.4521   11.87384 3.8965e+01 0.0000e+00
        224 267.673944    0.01549     0.9292     55.750      1.867  48045.695    30.4198     9.5270      1.850    6.57098     9.4794    23.4531   11.87671 3.9239e+01 0.0000e+00
        225 267.673947    0.01556     0.9333     56.000      1.872  48076.750    30.4387     9.5043      1.855    6.57348     9.4609    23.4714   11.88061 3.9718e+01 0.0000e+00
        226 267.673950    0.01563     0.9375     56.250      1.871  48121.797    30.4671     9.4796      1.854    6.57587     9.4528    23.4974   11.88422 4.0233e+01 0.0000e+00
        227 267.673953    0.01569     0.9417     56.500      1.870  48162.186    30.4931     9.4611      1.853    6.57746     9.4569    23.5206   11.88655 4.0616e+01 0.0000e+00
        228 267.673955    0.01576     0.9458     56.750      1.874  48184.382    30.5076     9.4530      1.857    6.57802     9.4712    23.5332   11.88730 4.0785e+01 0.0000e+00
        229 267.673958    0.01583     0.9500     57.000      1.887  48184.005    30.5079     9.4571      1.870    6.57742     9.4885    23.5327   11.88630 4.0849e+01 0.0000e+00
        230 267.673961    0.01590     0.9542     57.250      1.908  48161.262    30.4938     9.4714      1.890    6.57592     9.4988    23.5195   11.88399 4.1036e+01 0.0000e+00
        231 267.673964    0.01597     0.9583     57.500      1.930  48123.893    30.4698     9.4887      1.912    6.57442     9.4960    23.4981   11.88180 4.1303e+01 0.0000e+00
        232 267.673967    0.01604     0.9625     57.750      1.944  48094.287    30.4503     9.4990      1.926    6.57375     9.4826    23.4813   11.88093 4.1272e+01 0.0000e+00
        233 267.673970    0.01611     0.9667     58.000      1.946  48092.582    30.4488     9.4962      1.928    6.57423     9.4679    23.4805   11.88174 4.0745e+01 0.0000e+00
        234 267.673973    0.01618     0.9708     58.250      1.936  48118.716    30.4654     9.4828      1.919    6.57548     9.4615    23.4956   11.88360 3.9879e+01 0.0000e+00
        235 267.673976    0.01625     0.9750     58.500      1.924  48155.555    30.4893     9.4681      1.907    6.57660     9.4682    23.5165   11.88516 3.9000e+01 0.0000e+00
        236 267.673979    0.01632     0.9792     58.750      1.919  48184.242    30.5086     9.4617      1.902    6.57672     9.4854    23.5326   11.88514 3.8538e+01 0.0000e+00
        237 267.673981    0.01639     0.9833     59.000      1.927  48192.216    30.5150     9.4684      1.909    6.57548     9.5039    23.5366   11.88300 3.8850e+01 0.0000e+00
        238 267.673984    0.01646     0.9875     59.250      1.946  48170.716    30.5022     9.4856      1.928    6.57351     9.5134    23.5239   11.87989 3.9811e+01 0.0000e+00
        239 267.673987    0.01653     0.9917     59.500      1.969  48128.982    30.4753     9.5041      1.951    6.57196     9.5088    23.5000   11.87766 4.0777e+01 0.0000e+00
        240 267.673990    0.01660     0.9958     59.750      1.988  48096.513    30.4537     9.5136      1.970    6.57149     9.4933    23.4817   11.87714 4.0982e+01 0.0000e+00
        241 267.673993    0.01667     1.0000     60.000      1.999  48093.981    30.4514     9.5090      1.981    6.57225     9.4754    23.4806   11.87842 4.0181e+01 0.0000e+00
        242 267.673996    0.01674     1.0042     60.250      2.003  48118.722    30.4667     9.4935      1.985    6.57387     9.4626    23.4950   11.88091 3.8972e+01 0.0000e+00
        243 267.673999    0.01681     1.0083     60.500      2.006  48151.839    30.4877     9.4756      1.988    6.57558     9.4582    23.5141   11.88351 3.8109e+01 0.0000e+00
        244 267.674002    0.01688     1.0125     60.750      2.011  48172.873    30.5008     9.4628      1.992    6.57688     9.4609    23.5263   11.88551 3.7854e+01 0.0000e+00
        245 267.674005    0.01694     1.0167     61.000      2.015  48174.499    30.5013     9.4584      1.996    6.57749     9.4654    23.5274   11.88651 3.7999e+01 0.0000e+00
        246 267.674008    0.01701     1.0208     61.250      2.016  48162.929    30.4936     9.4611      1.997    6.57743     9.4672    23.5209   11.88651 3.8128e+01 0.0000e+00
        247 267.674010    0.01708     1.0250     61.500      2.010  48151.001    30.4858     9.4656      1.991    6.57711     9.4668    23.5142   11.88606 3.8042e+01 0.0000e+00
        248 267.674013    0.01715     1.0292     61.750      1.999  48149.015    30.4846     9.4674      1.980    6.57690     9.4689    23.5130   11.88573 3.7889e+01 0.0000e+00
        249 267.674016    0.01722     1.0333     62.000      1.990  48156.129    30.4895     9.4670      1.972    6.57674     9.4773    23.5169   11.88540 3.7839e+01 0.0000e+00
        250 267.674019    0.01729     1.0375     62.250      1.990  48162.532    30.4943     9.4691      1.972    6.57624     9.4919    23.5203   11.88452 3.7849e+01 0.0000e+00
        251 267.674022    0.01736     1.0417     62.500      2.001  48157.859    30.4921     9.4775      1.982    6.57510     9.5070    23.5173   11.88266 3.7670e+01 0.0000e+00
        252 267.674025    0.01743     1.0458     62.750      2.021  48137.946    30.4800     9.4921      2.002    6.57350     9.5155    23.5055   11.88015 3.7124e+01 0.0000e+00
        253 267.674028    0.01750     1.0500     63.000      2.045  48109.902    30.4623     9.5072      2.026    6.57205     9.5130    23.4893   11.87797 3.6353e+01 0.0000e+00
        254 267.674031    0.01757     1.0542     63.250      2.067  48089.525    30.4491     9.5158      2.047    6.57137     9.5003    23.4777   11.87699 3.5719e+01 0.0000e+00
        255 267.674034    0.01764     1.0583     63.500      2.080  48090.294    30.4493     9.5132      2.061    6.57173     9.4847    23.4783   11.87759 3.5541e+01 0.0000e+00
        256 267.674036    0.01771     1.0625     63.750      2.085  48114.535    30.4647     9.5006      2.065    6.57292     9.4736    23.4923   11.87937 3.5934e+01 0.0000e+00
        257 267.674039    0.01778     1.0667     64.000      2.082  48151.641    30.4887     9.4850      2.063    6.57418     9.4715    23.5135   11.88117 3.6746e+01 0.0000e+00
        258 267.674042    0.01785     1.0708     64.250      2.077  48186.799    30.5119     9.4739      2.058    6.57481     9.4802    23.5333   11.88193 3.7585e+01 0.0000e+00
        259 267.674045    0.01792     1.0750     64.500      2.073  48212.795    30.5299     9.4717      2.054    6.57437     9.5006    23.5477   11.88098 3.7984e+01 0.0000e+00
        260 267.674048    0.01799     1.0792     64.750      2.074  48231.516    30.5441     9.4804      2.054    6.57250     9.5313    23.5574   11.87771 3.7652e+01 0.0000e+00
        261 267.674051    0.01806     1.0833     65.000      2.082  48247.198    30.5578     9.5008      2.063    6.56897     9.5692    23.5649   11.87169 3.6683e+01 0.0000e+00
        262 267.674054    0.01812     1.0875     65.250      2.098  48262.516    30.5725     9.5315      2.079    6.56389     9.6101    23.5715   11.86310 3.5481e+01 0.0000e+00
        263 267.674057    0.01819     1.0917     65.500      2.116  48275.540    30.5865     9.5694      2.097    6.55781     9.6496    23.5765   11.85287 3.4483e+01 0.0000e+00
        264 267.674060    0.01826     1.0958     65.750      2.127  48277.463    30.5931     9.6103      2.108    6.55161     9.6832    23.5752   11.84251 3.3981e+01 0.0000e+00
        265 267.674062    0.01833     1.1000     66.000      2.124  48264.087    30.5888     9.6498      2.104    6.54608     9.7085    23.5656   11.83340 3.4051e+01 0.0000e+00
        266 267.674065    0.01840     1.1042     66.250      2.106  48243.064    30.5783     9.6834      2.086    6.54167     9.7261    23.5522   11.82622 3.4545e+01 0.0000e+00
        267 267.674068    0.01847     1.1083     66.500      2.079  48223.216    30.5676     9.7087      2.060    6.53846     9.7377    23.5398   11.82104 3.5169e+01 0.0000e+00
        268 267.674071    0.01854     1.1125     66.750      2.053  48207.795    30.5590     9.7263      2.034    6.53629     9.7450    23.5304   11.81754 3.5712e+01 0.0000e+00
        269 267.674074    0.01861     1.1167     67.000      2.037  48196.981    30.5529     9.7379      2.018    6.53487     9.7497    23.5238   11.81527 3.6136e+01 0.0000e+00
        270 267.674077    0.01868     1.1208     67.250      2.039  48189.971    30.5489     9.7453      2.020    6.53398     9.7526    23.5195   11.81384 3.6281e+01 0.0000e+00
        271 267.674080    0.01875     1.1250     67.500      2.058  48185.395    30.5462     9.7499      2.039    6.53342     9.7544    23.5167   11.81294 3.5984e+01 0.0000e+00
