CTD-processing/allCTD/CNV--turbid/2015_12-10_t4_s07_cast057.cnv
* Sea-Bird SBE19plus Data File:
* FileName = C:\Users\Kris.Holderied\Documents\kasitsna\Research-KBL\Oceanography-AK\CTD-Data-ALL-to-2016-05\2015-CTD-KachemakBay-CookInlet\2015-12-10-CookInlet-Tran4-SPECIAL\2015-12-10-CookInlet-Tran4-cast057.hex
* Software Version 1.59
* Temperature SN =  5028
* Conductivity SN =  5028
* System UpLoad Time = Jun 06 2016 17:54:09
** Cook Inlet LTM Tran4 Barabara  south to north SPECIAL
** Date (YYYY-MM-DD): 2015-12-10
** Station (eg. 9-01):  4-07
** Start time (AKST): 14:48
** Depth (m): 39.3
** Comment:  R/V Edgecumbe. Special transect done with monthly T9 to assess outer bay conditions.
** Comment:
# nquan = 16
# nvalues = 491                         
# units = specified
# name 0 = scan: Scan Count
# name 1 = timeJ: Julian Days
# name 2 = timeH: Time, Elapsed [hours]
# name 3 = timeM: Time, Elapsed [minutes]
# name 4 = timeS: Time, Elapsed [seconds]
# name 5 = prdM: Pressure, Strain Gauge [db]
# name 6 = specc: Specific Conductance [uS/cm]
# name 7 = sal00: Salinity, Practical [PSU]
# name 8 = tv290C: Temperature [ITS-90, deg C]
# name 9 = depSM: Depth [salt water, m], lat = 59.00
# name 10 = oxsolML/L: Oxygen Saturation, Garcia & Gordon [ml/l]
# name 11 = potemp090C: Potential Temperature [ITS-90, deg C]
# name 12 = sigma-é00: Density [sigma-theta, kg/m^3]
# name 13 = n2satML/L: Nitrogen Saturation [ml/l]
# name 14 = par: PAR/Irradiance, Biospherical/Licor
# name 15 = flag:  0.000e+00
# span 0 =          1,        491       
# span 1 = 344.617338, 344.618756       
# span 2 =    0.00000,    0.03403       
# span 3 =     0.0000,     2.0417       
# span 4 =      0.000,    122.500       
# span 5 =     -0.275,     34.863       
# span 6 =   1556.827,  49549.143       
# span 7 =     0.7634,    31.0513       
# span 8 =     5.4753,     6.9265       
# span 9 =     -0.273,     34.535       
# span 10 =    6.94061,    8.78001      
# span 11 =     5.4767,     6.9246      
# span 12 =     0.5676,    24.3393      
# span 13 =   12.48074,   15.98064      
# span 14 = 3.9683e-01, 1.9307e+02      
# span 15 = 0.0000e+00, 0.0000e+00      
# interval = seconds: 0.25
# start_time = Dec 10 2015 14:48:58 [Instrument's time stamp, header]
# bad_flag = -9.990e-29
*END*
[from data line 272]
        273 344.618125    0.01889     1.1333     68.000      1.385  49469.745    30.9821     6.6881      1.372    6.98215     6.6996    24.2952   12.55028 1.8851e+01 0.0000e+00
        274 344.618128    0.01896     1.1375     68.250      1.370  49457.948    30.9748     6.6926      1.357    6.98176     6.7053    24.2888   12.54973 1.8398e+01 0.0000e+00
        275 344.618131    0.01903     1.1417     68.500      1.358  49439.730    30.9634     6.6997      1.345    6.98113     6.7071    24.2790   12.54882 1.8060e+01 0.0000e+00
        276 344.618134    0.01910     1.1458     68.750      1.349  49423.884    30.9535     6.7055      1.336    6.98065     6.7040    24.2704   12.54815 1.7907e+01 0.0000e+00
        277 344.618137    0.01917     1.1500     69.000      1.340  49417.129    30.9491     6.7073      1.327    6.98056     6.6980    24.2668   12.54807 1.7820e+01 0.0000e+00
        278 344.618139    0.01924     1.1542     69.250      1.331  49422.382    30.9522     6.7042      1.318    6.98092     6.6921    24.2696   12.54862 1.7730e+01 0.0000e+00
        279 344.618142    0.01931     1.1583     69.500      1.323  49438.093    30.9620     6.6981      1.310    6.98146     6.6890    24.2781   12.54939 1.7584e+01 0.0000e+00
        280 344.618145    0.01938     1.1625     69.750      1.318  49459.409    30.9757     6.6922      1.305    6.98179     6.6905    24.2896   12.54975 1.7341e+01 0.0000e+00
        281 344.618148    0.01944     1.1667     70.000      1.318  49480.570    30.9899     6.6891      1.305    6.98163     6.6975    24.3011   12.54932 1.7089e+01 0.0000e+00
        282 344.618151    0.01951     1.1708     70.250      1.326  49497.119    31.0016     6.6906      1.314    6.98085     6.7101    24.3102   12.54789 1.7017e+01 0.0000e+00
        283 344.618154    0.01958     1.1750     70.500      1.340  49508.183    31.0105     6.6976      1.328    6.97931     6.7277    24.3163   12.54522 1.7194e+01 0.0000e+00
        284 344.618157    0.01965     1.1792     70.750      1.355  49519.550    31.0206     6.7102      1.343    6.97680     6.7499    24.3227   12.54095 1.7470e+01 0.0000e+00
        285 344.618160    0.01972     1.1833     71.000      1.363  49536.373    31.0353     6.7278      1.351    6.97326     6.7742    24.3321   12.53491 1.7662e+01 0.0000e+00
        286 344.618163    0.01979     1.1875     71.250      1.360  49549.143    31.0481     6.7500      1.347    6.96910     6.7964    24.3393   12.52786 1.7806e+01 0.0000e+00
        287 344.618166    0.01986     1.1917     71.500      1.345  49546.695    31.0507     6.7743      1.333    6.96505     6.8137    24.3383   12.52114 1.8077e+01 0.0000e+00
        288 344.618168    0.01993     1.1958     71.750      1.326  49533.829    31.0457     6.7965      1.313    6.96169     6.8261    24.3315   12.51564 1.8463e+01 0.0000e+00
        289 344.618171    0.02000     1.2000     72.000      1.308  49520.202    31.0393     6.8139      1.296    6.95917     6.8345    24.3243   12.51156 1.8728e+01 0.0000e+00
        290 344.618174    0.02007     1.2042     72.250      1.298  49509.581    31.0341     6.8262      1.285    6.95742     6.8401    24.3186   12.50873 1.8751e+01 0.0000e+00
        291 344.618177    0.02014     1.2083     72.500      1.296  49502.175    31.0304     6.8346      1.284    6.95624     6.8438    24.3146   12.50682 1.8727e+01 0.0000e+00
        292 344.618180    0.02021     1.2125     72.750      1.298  49497.230    31.0280     6.8402      1.286    6.95545     6.8463    24.3120   12.50555 1.8892e+01 0.0000e+00
        293 344.618183    0.02028     1.2167     73.000      1.296  49493.825    31.0263     6.8439      1.285    6.95492     6.8479    24.3102   12.50470 1.9245e+01 0.0000e+00
        294 344.618186    0.02035     1.2208     73.250      1.281  49491.278    31.0250     6.8464      1.270    6.95458     6.8488    24.3088   12.50414 1.9735e+01 0.0000e+00
        295 344.618189    0.02042     1.2250     73.500      1.251  49489.352    31.0239     6.8480      1.240    6.95437     6.8491    24.3078   12.50381 2.0274e+01 0.0000e+00
        296 344.618192    0.02049     1.2292     73.750      1.213  49488.137    31.0233     6.8489      1.202    6.95426     6.8492    24.3072   12.50364 2.0545e+01 0.0000e+00
        297 344.618194    0.02056     1.2333     74.000      1.178  49487.701    31.0231     6.8492      1.167    6.95421     6.8493    24.3070   12.50356 2.0404e+01 0.0000e+00
        298 344.618197    0.02063     1.2375     74.250      1.155  49487.844    31.0232     6.8493      1.144    6.95419     6.8494    24.3071   12.50353 2.0178e+01 0.0000e+00
        299 344.618200    0.02069     1.2417     74.500      1.143  49488.253    31.0235     6.8494      1.132    6.95417     6.8496    24.3073   12.50349 2.0183e+01 0.0000e+00
        300 344.618203    0.02076     1.2458     74.750      1.135  49488.498    31.0237     6.8495      1.125    6.95414     6.8498    24.3074   12.50343 2.0296e+01 0.0000e+00
        301 344.618206    0.02083     1.2500     75.000      1.126  49488.344    31.0236     6.8497      1.116    6.95410     6.8500    24.3073   12.50337 2.0234e+01 0.0000e+00
        302 344.618209    0.02090     1.2542     75.250      1.112  49488.054    31.0235     6.8499      1.102    6.95408     6.8500    24.3072   12.50333 1.9965e+01 0.0000e+00
        303 344.618212    0.02097     1.2583     75.500      1.095  49487.923    31.0234     6.8500      1.085    6.95406     6.8501    24.3071   12.50331 1.9672e+01 0.0000e+00
        304 344.618215    0.02104     1.2625     75.750      1.078  49488.007    31.0235     6.8501      1.068    6.95405     6.8502    24.3071   12.50329 1.9588e+01 0.0000e+00
        305 344.618218    0.02111     1.2667     76.000      1.067  49488.295    31.0237     6.8502      1.057    6.95404     6.8505    24.3073   12.50326 1.9705e+01 0.0000e+00
        306 344.618220    0.02118     1.2708     76.250      1.066  49488.771    31.0240     6.8503      1.056    6.95400     6.8509    24.3076   12.50320 1.9857e+01 0.0000e+00
        307 344.618223    0.02125     1.2750     76.500      1.075  49489.202    31.0244     6.8506      1.065    6.95393     6.8515    24.3078   12.50309 2.0089e+01 0.0000e+00
        308 344.618226    0.02132     1.2792     76.750      1.090  49489.241    31.0245     6.8510      1.080    6.95386     6.8519    24.3078   12.50296 2.0484e+01 0.0000e+00
        309 344.618229    0.02139     1.2833     77.000      1.111  49488.923    31.0243     6.8516      1.100    6.95378     6.8523    24.3076   12.50283 2.0968e+01 0.0000e+00
        310 344.618232    0.02146     1.2875     77.250      1.136  49488.508    31.0241     6.8520      1.125    6.95371     6.8525    24.3074   12.50273 2.1415e+01 0.0000e+00
        311 344.618235    0.02153     1.2917     77.500      1.160  49488.222    31.0240     6.8524      1.150    6.95366     6.8528    24.3073   12.50264 2.1834e+01 0.0000e+00
        312 344.618238    0.02160     1.2958     77.750      1.176  49488.175    31.0240     6.8526      1.165    6.95362     6.8529    24.3072   12.50257 2.2389e+01 0.0000e+00
        313 344.618241    0.02167     1.3000     78.000      1.174  49487.978    31.0239     6.8529      1.163    6.95359     6.8528    24.3071   12.50252 2.3010e+01 0.0000e+00
        314 344.618244    0.02174     1.3042     78.250      1.153  49487.411    31.0235     6.8530      1.142    6.95359     6.8526    24.3068   12.50252 2.3440e+01 0.0000e+00
        315 344.618247    0.02181     1.3083     78.500      1.119  49486.998    31.0232     6.8529      1.108    6.95361     6.8523    24.3066   12.50257 2.3528e+01 0.0000e+00
        316 344.618249    0.02187     1.3125     78.750      1.082  49487.086    31.0232     6.8527      1.072    6.95365     6.8521    24.3067   12.50263 2.3266e+01 0.0000e+00
        317 344.618252    0.02194     1.3167     79.000      1.055  49487.514    31.0235     6.8524      1.045    6.95369     6.8520    24.3069   12.50269 2.2979e+01 0.0000e+00
        318 344.618255    0.02201     1.3208     79.250      1.041  49488.067    31.0239     6.8521      1.032    6.95371     6.8522    24.3072   12.50272 2.3043e+01 0.0000e+00
        319 344.618258    0.02208     1.3250     79.500      1.039  49488.621    31.0243     6.8521      1.029    6.95370     6.8525    24.3075   12.50269 2.3352e+01 0.0000e+00
        320 344.618261    0.02215     1.3292     79.750      1.037  49488.982    31.0245     6.8522      1.028    6.95366     6.8528    24.3077   12.50263 2.3649e+01 0.0000e+00
        321 344.618264    0.02222     1.3333     80.000      1.025  49488.752    31.0244     6.8526      1.016    6.95361     6.8528    24.3076   12.50255 2.3908e+01 0.0000e+00
        322 344.618267    0.02229     1.3375     80.250      0.997  49487.887    31.0239     6.8529      0.987    6.95358     6.8526    24.3071   12.50251 2.4250e+01 0.0000e+00
        323 344.618270    0.02236     1.3417     80.500      0.951  49487.024    31.0233     6.8529      0.942    6.95360     6.8521    24.3067   12.50255 2.4718e+01 0.0000e+00
        324 344.618273    0.02243     1.3458     80.750      0.892  49486.715    31.0231     6.8526      0.883    6.95366     6.8517    24.3066   12.50265 2.5144e+01 0.0000e+00
        325 344.618275    0.02250     1.3500     81.000      0.824  49486.945    31.0232     6.8522      0.817    6.95373     6.8514    24.3067   12.50276 2.5406e+01 0.0000e+00
        326 344.618278    0.02257     1.3542     81.250      0.758  49487.526    31.0235     6.8518      0.751    6.95378     6.8514    24.3070   12.50285 2.5734e+01 0.0000e+00
        327 344.618281    0.02264     1.3583     81.500      0.701  49488.335    31.0241     6.8515      0.694    6.95380     6.8518    24.3075   12.50287 2.6117e+01 0.0000e+00
        328 344.618284    0.02271     1.3625     81.750      0.659  49489.308    31.0248     6.8515      0.652    6.95377     6.8525    24.3080   12.50281 2.6254e+01 0.0000e+00
        329 344.618287    0.02278     1.3667     82.000      0.632  49490.346    31.0256     6.8518      0.626    6.95368     6.8537    24.3086   12.50265 2.6467e+01 0.0000e+00
        330 344.618290    0.02285     1.3708     82.250      0.615  49491.091    31.0262     6.8526      0.609    6.95352     6.8549    24.3090   12.50239 2.6953e+01 0.0000e+00
        331 344.618293    0.02292     1.3750     82.500      0.600  49490.951    31.0263     6.8537      0.595    6.95334     6.8559    24.3090   12.50208 2.7320e+01 0.0000e+00
        332 344.618296    0.02299     1.3792     82.750      0.582  49489.839    31.0258     6.8550      0.577    6.95316     6.8565    24.3084   12.50180 2.7602e+01 0.0000e+00
        333 344.618299    0.02306     1.3833     83.000      0.559  49488.560    31.0251     6.8559      0.554    6.95304     6.8568    24.3077   12.50160 2.8298e+01 0.0000e+00
        334 344.618302    0.02313     1.3875     83.250      0.536  49487.861    31.0247     6.8565      0.531    6.95296     6.8572    24.3074   12.50148 2.9143e+01 0.0000e+00
        335 344.618304    0.02319     1.3917     83.500      0.515  49487.871    31.0248     6.8569      0.510    6.95290     6.8578    24.3074   12.50137 2.9479e+01 0.0000e+00
        336 344.618307    0.02326     1.3958     83.750      0.500  49488.384    31.0252     6.8573      0.495    6.95282     6.8587    24.3076   12.50123 2.9586e+01 0.0000e+00
        337 344.618310    0.02333     1.4000     84.000      0.493  49488.922    31.0257     6.8579      0.489    6.95270     6.8598    24.3079   12.50103 2.9543e+01 0.0000e+00
        338 344.618313    0.02340     1.4042     84.250      0.495  49488.942    31.0259     6.8588      0.490    6.95254     6.8607    24.3079   12.50077 2.9178e+01 0.0000e+00
        339 344.618316    0.02347     1.4083     84.500      0.501  49488.303    31.0256     6.8598      0.496    6.95239     6.8613    24.3076   12.50052 2.9104e+01 0.0000e+00
        340 344.618319    0.02354     1.4125     84.750      0.509  49487.352    31.0251     6.8607      0.504    6.95227     6.8617    24.3071   12.50032 2.9468e+01 0.0000e+00
        341 344.618322    0.02361     1.4167     85.000      0.515  49486.487    31.0246     6.8614      0.510    6.95218     6.8619    24.3066   12.50019 2.9859e+01 0.0000e+00
        342 344.618325    0.02368     1.4208     85.250      0.522  49485.787    31.0242     6.8618      0.517    6.95214     6.8618    24.3062   12.50012 3.0194e+01 0.0000e+00
        343 344.618328    0.02375     1.4250     85.500      0.534  49485.111    31.0237     6.8620      0.529    6.95213     6.8613    24.3059   12.50011 3.0385e+01 0.0000e+00
        344 344.618330    0.02382     1.4292     85.750      0.557  49484.300    31.0231     6.8619      0.552    6.95217     6.8605    24.3054   12.50019 3.0444e+01 0.0000e+00
        345 344.618333    0.02389     1.4333     86.000      0.595  49483.459    31.0225     6.8614      0.590    6.95228     6.8594    24.3049   12.50037 3.0663e+01 0.0000e+00
        346 344.618336    0.02396     1.4375     86.250      0.652  49483.039    31.0220     6.8606      0.646    6.95243     6.8582    24.3047   12.50064 3.1930e+01 0.0000e+00
        347 344.618339    0.02403     1.4417     86.500      0.732  49483.462    31.0221     6.8594      0.726    6.95262     6.8573    24.3049   12.50094 3.4141e+01 0.0000e+00
        348 344.618342    0.02410     1.4458     86.750      0.842  49484.742    31.0227     6.8582      0.835    6.95278     6.8568    24.3055   12.50120 3.5430e+01 0.0000e+00
        349 344.618345    0.02417     1.4500     87.000      0.989  49486.357    31.0236     6.8573      0.980    6.95288     6.8568    24.3063   12.50136 3.5953e+01 0.0000e+00
        350 344.618348    0.02424     1.4542     87.250      1.173  49487.606    31.0243     6.8569      1.163    6.95292     6.8569    24.3070   12.50141 3.6648e+01 0.0000e+00
        351 344.618351    0.02431     1.4583     87.500      1.393  49488.143    31.0246     6.8568      1.381    6.95291     6.8570    24.3072   12.50140 3.6041e+01 0.0000e+00
        352 344.618354    0.02438     1.4625     87.750      1.643  49488.114    31.0245     6.8570      1.628    6.95290     6.8569    24.3071   12.50137 3.3539e+01 0.0000e+00
        353 344.618356    0.02444     1.4667     88.000      1.915  49487.908    31.0242     6.8571      1.897    6.95289     6.8568    24.3069   12.50135 3.0693e+01 0.0000e+00
        354 344.618359    0.02451     1.4708     88.250      2.199  49487.767    31.0240     6.8571      2.179    6.95290     6.8564    24.3067   12.50137 2.8527e+01 0.0000e+00
        355 344.618362    0.02458     1.4750     88.500      2.483  49487.605    31.0237     6.8570      2.460    6.95293     6.8559    24.3065   12.50144 2.6862e+01 0.0000e+00
        356 344.618365    0.02465     1.4792     88.750      2.758  49487.469    31.0235     6.8566      2.732    6.95300     6.8553    24.3063   12.50155 2.5278e+01 0.0000e+00
        357 344.618368    0.02472     1.4833     89.000      3.026  49487.739    31.0234     6.8561      2.997    6.95308     6.8548    24.3064   12.50169 2.3834e+01 0.0000e+00
        358 344.618371    0.02479     1.4875     89.250      3.291  49488.534    31.0237     6.8556      3.261    6.95316     6.8545    24.3067   12.50181 2.2871e+01 0.0000e+00
        359 344.618374    0.02486     1.4917     89.500      3.560  49489.486    31.0242     6.8551      3.527    6.95322     6.8544    24.3071   12.50190 2.2280e+01 0.0000e+00
        360 344.618377    0.02493     1.4958     89.750      3.832  49490.125    31.0245     6.8549      3.796    6.95324     6.8542    24.3074   12.50194 2.1767e+01 0.0000e+00
        361 344.618380    0.02500     1.5000     90.000      4.104  49490.241    31.0244     6.8548      4.065    6.95326     6.8540    24.3073   12.50197 2.1277e+01 0.0000e+00
