CTD-processing/allCTD/CNV--turbid/2015_02-22_t3_s02_cast217.cnv
* Sea-Bird SBE19plus Data File:
* FileName = C:\Users\amdoroff\Desktop\2015_02_22_CookInlet_Tran3_AnchorPt\2015_02_22_CookInlet_Tran3_Cast217.hex
* Software Version 1.59
* Temperature SN =  4141
* Conductivity SN =  4141
* System UpLoad Time = Feb 22 2015 17:21:24
** Cook Inlet LTM Tran3 Anchor Pt E to W
** Date 02-22
** Station: 3-02
** Start Time: 15:49
** Depth (m): 29
** Comment
# nquan = 16
# nvalues = 508                         
# units = specified
# name 0 = scan: Scan Count
# name 1 = timeJ: Julian Days
# name 2 = timeH: Time, Elapsed [hours]
# name 3 = timeM: Time, Elapsed [minutes]
# name 4 = timeS: Time, Elapsed [seconds]
# name 5 = prdM: Pressure, Strain Gauge [db]
# name 6 = specc: Specific Conductance [uS/cm]
# name 7 = sal00: Salinity, Practical [PSU]
# name 8 = tv290C: Temperature [ITS-90, deg C]
# name 9 = depSM: Depth [salt water, m], lat = 59.00
# name 10 = oxsolML/L: Oxygen Saturation, Garcia & Gordon [ml/l]
# name 11 = potemp090C: Potential Temperature [ITS-90, deg C]
# name 12 = sigma-é00: Density [sigma-theta, kg/m^3]
# name 13 = n2satML/L: Nitrogen Saturation [ml/l]
# name 14 = par: PAR/Irradiance, Biospherical/Licor
# name 15 = flag:  0.000e+00
# span 0 =          1,        508       
# span 1 =  53.659757,  53.661224       
# span 2 =    0.00000,    0.03521       
# span 3 =     0.0000,     2.1125       
# span 4 =      0.000,    126.750       
# span 5 =     -0.081,     30.928       
# span 6 =    297.833,  49638.192       
# span 7 =     0.1337,    29.9987       
# span 8 =     1.7840,     2.3383       
# span 9 =     -0.081,     30.637       
# span 10 =    7.90894,    9.58214      
# span 11 =     1.7832,     2.3382      
# span 12 =     0.0615,    23.9787      
# span 13 =   14.09490,   17.33619      
# span 14 = 3.9405e-02, 1.6655e+02      
# span 15 = 0.0000e+00, 0.0000e+00      
# interval = seconds: 0.25
# start_time = Feb 22 2015 15:50:03 [Instrument's time stamp, header]
# bad_flag = -9.990e-29
*END*
[from data line 91]
         92  53.660020    0.00632     0.3792     22.750      1.270  49544.725    29.9328     1.8016      1.258    7.92051     1.8017    23.9268   14.11388 8.9527e+00 0.0000e+00
         93  53.660023    0.00639     0.3833     23.000      1.210  49545.690    29.9335     1.8017      1.198    7.92046     1.8019    23.9273   14.11380 1.1007e+01 0.0000e+00
         94  53.660026    0.00646     0.3875     23.250      1.143  49546.995    29.9344     1.8018      1.132    7.92038     1.8019    23.9281   14.11366 1.3895e+01 0.0000e+00
         95  53.660029    0.00653     0.3917     23.500      1.073  49547.597    29.9349     1.8019      1.062    7.92033     1.8019    23.9284   14.11357 1.7597e+01 0.0000e+00
         96  53.660032    0.00660     0.3958     23.750      1.002  49546.776    29.9344     1.8020      0.992    7.92034     1.8019    23.9280   14.11359 2.1792e+01 0.0000e+00
         97  53.660035    0.00667     0.4000     24.000      0.936  49545.101    29.9333     1.8020      0.928    7.92040     1.8019    23.9272   14.11370 2.5949e+01 0.0000e+00
         98  53.660038    0.00674     0.4042     24.250      0.881  49543.718    29.9324     1.8020      0.873    7.92045     1.8019    23.9264   14.11380 2.9562e+01 0.0000e+00
         99  53.660041    0.00681     0.4083     24.500      0.842  49542.847    29.9318     1.8020      0.834    7.92048     1.8020    23.9260   14.11386 3.2196e+01 0.0000e+00
        100  53.660043    0.00688     0.4125     24.750      0.822  49541.858    29.9312     1.8020      0.815    7.92051     1.8020    23.9255   14.11392 3.3095e+01 0.0000e+00
        101  53.660046    0.00694     0.4167     25.000      0.828  49540.233    29.9301     1.8021      0.820    7.92056     1.8020    23.9246   14.11401 3.1383e+01 0.0000e+00
        102  53.660049    0.00701     0.4208     25.250      0.861  49538.159    29.9287     1.8021      0.853    7.92063     1.8020    23.9235   14.11415 2.7243e+01 0.0000e+00
        103  53.660052    0.00708     0.4250     25.500      0.922  49536.372    29.9275     1.8021      0.914    7.92070     1.8019    23.9225   14.11429 2.1995e+01 0.0000e+00
        104  53.660055    0.00715     0.4292     25.750      1.009  49535.579    29.9269     1.8020      1.000    7.92074     1.8017    23.9221   14.11436 1.6839e+01 0.0000e+00
        105  53.660058    0.00722     0.4333     26.000      1.113  49536.317    29.9273     1.8020      1.103    7.92073     1.8015    23.9224   14.11433 1.2340e+01 0.0000e+00
        106  53.660061    0.00729     0.4375     26.250      1.225  49539.033    29.9291     1.8018      1.214    7.92067     1.8014    23.9238   14.11420 8.7793e+00 0.0000e+00
        107  53.660064    0.00736     0.4417     26.500      1.331  49544.128    29.9323     1.8016      1.319    7.92053     1.8013    23.9265   14.11393 6.2798e+00 0.0000e+00
        108  53.660067    0.00743     0.4458     26.750      1.421  49551.276    29.9370     1.8014      1.408    7.92031     1.8012    23.9302   14.11350 4.7665e+00 0.0000e+00
        109  53.660069    0.00750     0.4500     27.000      1.485  49557.637    29.9412     1.8014      1.471    7.92010     1.8011    23.9336   14.11310 4.0643e+00 0.0000e+00
        110  53.660072    0.00757     0.4542     27.250      1.518  49559.581    29.9424     1.8013      1.504    7.92004     1.8008    23.9346   14.11299 4.0158e+00 0.0000e+00
        111  53.660075    0.00764     0.4583     27.500      1.517  49557.764    29.9412     1.8012      1.503    7.92014     1.8005    23.9336   14.11317 4.5301e+00 0.0000e+00
        112  53.660078    0.00771     0.4625     27.750      1.486  49556.631    29.9404     1.8009      1.471    7.92024     1.8004    23.9329   14.11335 5.6212e+00 0.0000e+00
        113  53.660081    0.00778     0.4667     28.000      1.426  49559.822    29.9424     1.8006      1.413    7.92019     1.8004    23.9346   14.11323 7.4673e+00 0.0000e+00
        114  53.660084    0.00785     0.4708     28.250      1.344  49568.318    29.9481     1.8005      1.332    7.91990     1.8005    23.9391   14.11268 1.0428e+01 0.0000e+00
        115  53.660087    0.00792     0.4750     28.500      1.244  49579.122    29.9553     1.8005      1.233    7.91950     1.8005    23.9449   14.11191 1.5005e+01 0.0000e+00
        116  53.660090    0.00799     0.4792     28.750      1.132  49586.388    29.9603     1.8006      1.121    7.91921     1.8005    23.9489   14.11137 2.1768e+01 0.0000e+00
        117  53.660093    0.00806     0.4833     29.000      1.013  49586.654    29.9605     1.8006      1.003    7.91920     1.8005    23.9491   14.11135 3.1153e+01 0.0000e+00
        118  53.660095    0.00813     0.4875     29.250      0.894  49581.258    29.9569     1.8005      0.886    7.91940     1.8005    23.9462   14.11173 4.3073e+01 0.0000e+00
        119  53.660098    0.00819     0.4917     29.500      0.784  49574.160    29.9523     1.8005      0.776    7.91966     1.8006    23.9425   14.11223 5.6449e+01 0.0000e+00
        120  53.660101    0.00826     0.4958     29.750      0.691  49568.525    29.9486     1.8005      0.685    7.91986     1.8009    23.9395   14.11260 6.8596e+01 0.0000e+00
        121  53.660104    0.00833     0.5000     30.000      0.626  49565.440    29.9466     1.8007      0.620    7.91994     1.8014    23.9379   14.11277 7.6256e+01 0.0000e+00
        122  53.660107    0.00840     0.5042     30.250      0.597  49564.543    29.9461     1.8009      0.591    7.91991     1.8021    23.9375   14.11272 7.7539e+01 0.0000e+00
        123  53.660110    0.00847     0.5083     30.500      0.614  49563.856    29.9458     1.8014      0.609    7.91983     1.8027    23.9372   14.11259 7.1308e+01 0.0000e+00
        124  53.660113    0.00854     0.5125     30.750      0.681  49560.802    29.9439     1.8021      0.675    7.91980     1.8032    23.9356   14.11257 5.7976e+01 0.0000e+00
        125  53.660116    0.00861     0.5167     31.000      0.792  49555.614    29.9405     1.8027      0.785    7.91985     1.8036    23.9329   14.11270 4.1752e+01 0.0000e+00
        126  53.660119    0.00868     0.5208     31.250      0.936  49551.836    29.9381     1.8032      0.928    7.91989     1.8039    23.9310   14.11279 2.7731e+01 0.0000e+00
        127  53.660122    0.00875     0.5250     31.500      1.098  49552.794    29.9388     1.8036      1.088    7.91978     1.8044    23.9315   14.11260 1.7809e+01 0.0000e+00
        128  53.660124    0.00882     0.5292     31.750      1.262  49559.411    29.9432     1.8040      1.250    7.91945     1.8050    23.9350   14.11200 1.1360e+01 0.0000e+00
        129  53.660127    0.00889     0.5333     32.000      1.412  49570.201    29.9504     1.8045      1.399    7.91895     1.8054    23.9408   14.11108 7.3431e+00 0.0000e+00
        130  53.660130    0.00896     0.5375     32.250      1.539  49581.479    29.9580     1.8050      1.524    7.91843     1.8057    23.9468   14.11012 4.9580e+00 0.0000e+00
        131  53.660133    0.00903     0.5417     32.500      1.633  49589.309    29.9633     1.8054      1.617    7.91806     1.8060    23.9510   14.10944 3.6930e+00 0.0000e+00
        132  53.660136    0.00910     0.5458     32.750      1.687  49593.251    29.9660     1.8057      1.671    7.91786     1.8066    23.9531   14.10906 3.2606e+00 0.0000e+00
        133  53.660139    0.00917     0.5500     33.000      1.698  49596.740    29.9684     1.8060      1.682    7.91766     1.8075    23.9550   14.10870 3.5378e+00 0.0000e+00
        134  53.660142    0.00924     0.5542     33.250      1.664  49603.432    29.9730     1.8066      1.648    7.91730     1.8090    23.9587   14.10804 4.5304e+00 0.0000e+00
        135  53.660145    0.00931     0.5583     33.500      1.591  49614.157    29.9804     1.8075      1.576    7.91671     1.8114    23.9646   14.10696 6.3501e+00 0.0000e+00
        136  53.660148    0.00937     0.5625     33.750      1.485  49626.146    29.9889     1.8091      1.471    7.91594     1.8149    23.9712   14.10558 9.2039e+00 0.0000e+00
        137  53.660150    0.00944     0.5667     34.000      1.356  49635.025    29.9955     1.8115      1.343    7.91509     1.8192    23.9764   14.10409 1.3430e+01 0.0000e+00
        138  53.660153    0.00951     0.5708     34.250      1.213  49638.192    29.9987     1.8150      1.202    7.91421     1.8236    23.9787   14.10260 1.9599e+01 0.0000e+00
        139  53.660156    0.00958     0.5750     34.500      1.064  49636.029    29.9985     1.8193      1.054    7.91336     1.8278    23.9783   14.10119 2.8523e+01 0.0000e+00
        140  53.660159    0.00965     0.5792     34.750      0.914  49630.166    29.9959     1.8236      0.906    7.91262     1.8319    23.9760   14.10001 4.0791e+01 0.0000e+00
        141  53.660162    0.00972     0.5833     35.000      0.773  49621.453    29.9914     1.8278      0.766    7.91203     1.8359    23.9721   14.09909 5.5582e+01 0.0000e+00
        142  53.660165    0.00979     0.5875     35.250      0.648  49609.424    29.9846     1.8319      0.642    7.91157     1.8389    23.9664   14.09842 6.9480e+01 0.0000e+00
        143  53.660168    0.00986     0.5917     35.500      0.551  49593.602    29.9752     1.8359      0.547    7.91127     1.8403    23.9586   14.09806 7.8113e+01 0.0000e+00
        144  53.660171    0.00993     0.5958     35.750      0.498  49576.023    29.9644     1.8389      0.493    7.91125     1.8400    23.9498   14.09817 7.9952e+01 0.0000e+00
        145  53.660174    0.01000     0.6000     36.000      0.503  49560.236    29.9543     1.8403      0.499    7.91152     1.8380    23.9416   14.09875 7.6015e+01 0.0000e+00
        146  53.660177    0.01007     0.6042     36.250      0.580  49546.830    29.9453     1.8400      0.574    7.91208     1.8344    23.9343   14.09980 6.6647e+01 0.0000e+00
        147  53.660179    0.01014     0.6083     36.500      0.729  49533.478    29.9358     1.8380      0.723    7.91300     1.8297    23.9269   14.10145 5.2003e+01 0.0000e+00
        148  53.660182    0.01021     0.6125     36.750      0.948  49519.444    29.9253     1.8345      0.939    7.91428     1.8246    23.9188   14.10371 3.5503e+01 0.0000e+00
        149  53.660185    0.01028     0.6167     37.000      1.228  49508.240    29.9164     1.8298      1.217    7.91572     1.8200    23.9119   14.10620 2.2166e+01 0.0000e+00
        150  53.660188    0.01035     0.6208     37.250      1.550  49504.760    29.9125     1.8246      1.535    7.91697     1.8173    23.9091   14.10832 1.3481e+01 0.0000e+00
        151  53.660191    0.01042     0.6250     37.500      1.876  49510.418    29.9148     1.8201      1.858    7.91776     1.8178    23.9112   14.10959 8.1710e+00 0.0000e+00
        152  53.660194    0.01049     0.6292     37.750      2.159  49523.912    29.9229     1.8174      2.138    7.91786     1.8224    23.9179   14.10966 4.9846e+00 0.0000e+00
        153  53.660197    0.01056     0.6333     38.000      2.361  49541.625    29.9347     1.8179      2.339    7.91713     1.8309    23.9273   14.10828 3.0599e+00 0.0000e+00
        154  53.660200    0.01063     0.6375     38.250      2.480  49555.040    29.9448     1.8225      2.457    7.91565     1.8416    23.9351   14.10570 1.8989e+00 0.0000e+00
        155  53.660203    0.01069     0.6417     38.500      2.527  49556.185    29.9479     1.8310      2.504    7.91375     1.8516    23.9371   14.10252 1.2097e+00 0.0000e+00
        156  53.660205    0.01076     0.6458     38.750      2.512  49545.501    29.9438     1.8416      2.489    7.91182     1.8584    23.9331   14.09939 8.0998e-01 0.0000e+00
        157  53.660208    0.01083     0.6500     39.000      2.451  49530.010    29.9363     1.8516      2.428    7.91021     1.8608    23.9265   14.09685 5.9278e-01 0.0000e+00
        158  53.660211    0.01090     0.6542     39.250      2.358  49516.801    29.9295     1.8584      2.336    7.90922     1.8595    23.9205   14.09530 4.9444e-01 0.0000e+00
        159  53.660214    0.01097     0.6583     39.500      2.249  49509.577    29.9254     1.8609      2.228    7.90894     1.8557    23.9171   14.09490 4.7733e-01 0.0000e+00
        160  53.660217    0.01104     0.6625     39.750      2.134  49508.605    29.9244     1.8595      2.114    7.90926     1.8509    23.9165   14.09544 5.2488e-01 0.0000e+00
        161  53.660220    0.01111     0.6667     40.000      2.020  49511.873    29.9256     1.8558      2.002    7.90995     1.8456    23.9177   14.09656 6.3784e-01 0.0000e+00
        162  53.660223    0.01118     0.6708     40.250      1.912  49516.748    29.9276     1.8510      1.894    7.91082     1.8401    23.9195   14.09797 8.2966e-01 0.0000e+00
        163  53.660226    0.01125     0.6750     40.500      1.810  49521.247    29.9292     1.8457      1.793    7.91180     1.8347    23.9211   14.09958 1.1264e+00 0.0000e+00
        164  53.660229    0.01132     0.6792     40.750      1.717  49524.017    29.9295     1.8402      1.700    7.91289     1.8293    23.9218   14.10136 1.5638e+00 0.0000e+00
        165  53.660231    0.01139     0.6833     41.000      1.636  49524.336    29.9283     1.8348      1.620    7.91406     1.8241    23.9211   14.10331 2.1586e+00 0.0000e+00
        166  53.660234    0.01146     0.6875     41.250      1.571  49522.268    29.9254     1.8294      1.557    7.91530     1.8192    23.9192   14.10539 2.8536e+00 0.0000e+00
        167  53.660237    0.01153     0.6917     41.500      1.531  49518.440    29.9215     1.8242      1.517    7.91657     1.8146    23.9163   14.10753 3.4795e+00 0.0000e+00
        168  53.660240    0.01160     0.6958     41.750      1.523  49514.033    29.9172     1.8192      1.508    7.91780     1.8104    23.9131   14.10963 3.7910e+00 0.0000e+00
        169  53.660243    0.01167     0.7000     42.000      1.554  49510.560    29.9136     1.8147      1.539    7.91892     1.8068    23.9105   14.11153 3.6192e+00 0.0000e+00
        170  53.660246    0.01174     0.7042     42.250      1.630  49508.986    29.9113     1.8105      1.614    7.91988     1.8038    23.9090   14.11314 3.0268e+00 0.0000e+00
        171  53.660249    0.01181     0.7083     42.500      1.748  49509.547    29.9106     1.8069      1.731    7.92064     1.8014    23.9087   14.11441 2.2600e+00 0.0000e+00
        172  53.660252    0.01188     0.7125     42.750      1.900  49512.310    29.9115     1.8039      1.883    7.92121     1.7999    23.9096   14.11534 1.5563e+00 0.0000e+00
        173  53.660255    0.01194     0.7167     43.000      2.074  49517.321    29.9141     1.8015      2.055    7.92156     1.7995    23.9118   14.11587 1.0273e+00 0.0000e+00
        174  53.660258    0.01201     0.7208     43.250      2.249  49524.838    29.9186     1.8000      2.228    7.92162     1.8006    23.9155   14.11591 6.7342e-01 0.0000e+00
        175  53.660260    0.01208     0.7250     43.500      2.405  49535.696    29.9256     1.7996      2.382    7.92132     1.8037    23.9212   14.11532 4.4980e-01 0.0000e+00
        176  53.660263    0.01215     0.7292     43.750      2.527  49549.105    29.9348     1.8007      2.503    7.92060     1.8094    23.9284   14.11401 3.1314e-01 0.0000e+00
        177  53.660266    0.01222     0.7333     44.000      2.607  49559.176    29.9423     1.8038      2.583    7.91956     1.8176    23.9343   14.11219 2.3405e-01 0.0000e+00
        178  53.660269    0.01229     0.7375     44.250      2.640  49558.597    29.9435     1.8095      2.616    7.91833     1.8264    23.9349   14.11014 1.9474e-01 0.0000e+00
        179  53.660272    0.01236     0.7417     44.500      2.623  49546.541    29.9378     1.8177      2.599    7.91699     1.8339    23.9298   14.10800 1.8538e-01 0.0000e+00
        180  53.660275    0.01243     0.7458     44.750      2.560  49528.822    29.9285     1.8265      2.536    7.91570     1.8389    23.9218   14.10602 2.0215e-01 0.0000e+00
