CTD-processing/allCTD/CNV--turbid/2015_04-08_t4_s03_cast023.cnv
* Sea-Bird SBE19plus Data File:
* FileName = C:\Users\kris.holderied\Documents\kasitsna\Research-Projects-and-Data\Oceanography-AK\CTD-Data-ALL-to-2015-02\2015-CTD-KachemakBay-CookInlet\2015-04-EVOSTC-CookInlet-quarterly\2015-04-08-CookInlet-Tran4-Barabara\2015-04-08-CookInlet-Tran4-cast023.hex
* Software Version 1.59
* Temperature SN =  5028
* Conductivity SN =  5028
* System UpLoad Time = Apr 09 2015 19:20:54
** Cook Inlet LTM Tran 4 (Barabara) South to North
** Date: 04-08
** Station: 4-03
** Start time:  09:38
** Depth (m): 105
** Comment:  KBL CTD. Time is local (AKDT)
** Comment: On R/V Pandalus.
# nquan = 16
# nvalues = 623                         
# units = specified
# name 0 = scan: Scan Count
# name 1 = timeJ: Julian Days
# name 2 = timeH: Time, Elapsed [hours]
# name 3 = timeM: Time, Elapsed [minutes]
# name 4 = timeS: Time, Elapsed [seconds]
# name 5 = prdM: Pressure, Strain Gauge [db]
# name 6 = specc: Specific Conductance [uS/cm]
# name 7 = sal00: Salinity, Practical [PSU]
# name 8 = tv290C: Temperature [ITS-90, deg C]
# name 9 = depSM: Depth [salt water, m], lat = 59.00
# name 10 = oxsolML/L: Oxygen Saturation, Garcia & Gordon [ml/l]
# name 11 = potemp090C: Potential Temperature [ITS-90, deg C]
# name 12 = sigma-é00: Density [sigma-theta, kg/m^3]
# name 13 = n2satML/L: Nitrogen Saturation [ml/l]
# name 14 = par: PAR/Irradiance, Biospherical/Licor
# name 15 = flag:  0.000e+00
# span 0 =          1,        623       
# span 1 =  98.401701,  98.403501       
# span 2 =    0.00000,    0.04319       
# span 3 =     0.0000,     2.5917       
# span 4 =      0.000,    155.500       
# span 5 =     -0.203,    104.728       
# span 6 =    405.237,  51017.906       
# span 7 =     0.1865,    31.7509       
# span 8 =     4.3357,     5.5500       
# span 9 =     -0.201,    103.723       
# span 10 =    7.14008,    9.07864      
# span 11 =     4.3357,     5.5449      
# span 12 =     0.1242,    25.0838      
# span 13 =   12.80295,   16.49147      
# span 14 = 3.7976e-02, 1.3250e+02      
# span 15 = 0.0000e+00, 0.0000e+00      
# interval = seconds: 0.25
# start_time = Apr 08 2015 09:38:27 [Instrument's time stamp, header]
# bad_flag = -9.990e-29
*END*
[from data line 452]
        453  98.403009    0.03139     1.8833    113.000     58.314  50769.125    31.6331     5.5350     57.761    7.14282     5.5302    24.9480   12.80753 7.1586e-02 0.0000e+00
        454  98.403012    0.03146     1.8875    113.250     58.581  50769.384    31.6331     5.5348     58.025    7.14286     5.5300    24.9480   12.80760 7.0171e-02 0.0000e+00
        455  98.403015    0.03153     1.8917    113.500     58.816  50769.701    31.6332     5.5346     58.258    7.14289     5.5300    24.9481   12.80764 6.8935e-02 0.0000e+00
        456  98.403018    0.03160     1.8958    113.750     59.024  50770.041    31.6333     5.5345     58.463    7.14290     5.5300    24.9482   12.80767 6.7865e-02 0.0000e+00
        457  98.403021    0.03167     1.9000    114.000     59.207  50770.369    31.6334     5.5345     58.645    7.14290     5.5301    24.9483   12.80766 6.6767e-02 0.0000e+00
        458  98.403024    0.03174     1.9042    114.250     59.374  50770.688    31.6335     5.5345     58.810    7.14289     5.5302    24.9484   12.80764 6.5502e-02 0.0000e+00
        459  98.403027    0.03181     1.9083    114.500     59.533  50771.068    31.6337     5.5346     58.968    7.14286     5.5304    24.9486   12.80759 6.3974e-02 0.0000e+00
        460  98.403030    0.03188     1.9125    114.750     59.695  50771.533    31.6340     5.5348     59.129    7.14282     5.5308    24.9488   12.80752 6.2339e-02 0.0000e+00
        461  98.403032    0.03194     1.9167    115.000     59.868  50772.074    31.6343     5.5350     59.300    7.14277     5.5312    24.9490   12.80743 6.1095e-02 0.0000e+00
        462  98.403035    0.03201     1.9208    115.250     60.060  50772.819    31.6348     5.5354     59.490    7.14269     5.5320    24.9493   12.80729 6.0426e-02 0.0000e+00
        463  98.403038    0.03208     1.9250    115.500     60.278  50773.961    31.6356     5.5358     59.706    7.14257     5.5330    24.9499   12.80708 6.0031e-02 0.0000e+00
        464  98.403041    0.03215     1.9292    115.750     60.526  50775.447    31.6367     5.5366     59.952    7.14239     5.5343    24.9506   12.80678 5.9416e-02 0.0000e+00
        465  98.403044    0.03222     1.9333    116.000     60.804  50776.666    31.6376     5.5376     60.227    7.14217     5.5357    24.9513   12.80640 5.8401e-02 0.0000e+00
        466  98.403047    0.03229     1.9375    116.250     61.112  50777.261    31.6381     5.5389     60.533    7.14192     5.5371    24.9515   12.80598 5.7432e-02 0.0000e+00
        467  98.403050    0.03236     1.9417    116.500     61.449  50777.595    31.6385     5.5403     60.866    7.14166     5.5384    24.9517   12.80556 5.6822e-02 0.0000e+00
        468  98.403053    0.03243     1.9458    116.750     61.810  50777.707    31.6387     5.5418     61.224    7.14141     5.5397    24.9517   12.80514 5.6491e-02 0.0000e+00
        469  98.403056    0.03250     1.9500    117.000     62.186  50777.493    31.6387     5.5431     61.596    7.14118     5.5407    24.9515   12.80476 5.6332e-02 0.0000e+00
        470  98.403058    0.03257     1.9542    117.250     62.565  50777.134    31.6385     5.5444     61.971    7.14098     5.5415    24.9512   12.80442 5.6221e-02 0.0000e+00
        471  98.403061    0.03264     1.9583    117.500     62.936  50776.756    31.6383     5.5455     62.338    7.14081     5.5421    24.9509   12.80414 5.5946e-02 0.0000e+00
        472  98.403064    0.03271     1.9625    117.750     63.292  50776.355    31.6380     5.5463     62.690    7.14068     5.5425    24.9506   12.80393 5.5387e-02 0.0000e+00
        473  98.403067    0.03278     1.9667    118.000     63.627  50775.832    31.6377     5.5470     63.023    7.14059     5.5427    24.9502   12.80379 5.4654e-02 0.0000e+00
        474  98.403070    0.03285     1.9708    118.250     63.940  50775.320    31.6372     5.5474     63.333    7.14054     5.5427    24.9498   12.80371 5.3858e-02 0.0000e+00
        475  98.403073    0.03292     1.9750    118.500     64.230  50775.102    31.6370     5.5476     63.619    7.14052     5.5427    24.9496   12.80368 5.3036e-02 0.0000e+00
        476  98.403076    0.03299     1.9792    118.750     64.498  50775.278    31.6370     5.5476     63.885    7.14051     5.5428    24.9496   12.80367 5.2315e-02 0.0000e+00
        477  98.403079    0.03306     1.9833    119.000     64.750  50775.823    31.6372     5.5476     64.134    7.14050     5.5431    24.9498   12.80364 5.1803e-02 0.0000e+00
        478  98.403082    0.03313     1.9875    119.250     64.990  50776.589    31.6376     5.5477     64.372    7.14046     5.5434    24.9501   12.80357 5.1385e-02 0.0000e+00
        479  98.403084    0.03319     1.9917    119.500     65.225  50777.246    31.6380     5.5480     64.605    7.14040     5.5439    24.9504   12.80346 5.0945e-02 0.0000e+00
        480  98.403087    0.03326     1.9958    119.750     65.461  50777.538    31.6382     5.5484     64.838    7.14032     5.5442    24.9505   12.80333 5.0522e-02 0.0000e+00
        481  98.403090    0.03333     2.0000    120.000     65.702  50777.561    31.6382     5.5489     65.078    7.14024     5.5445    24.9505   12.80321 5.0145e-02 0.0000e+00
        482  98.403093    0.03340     2.0042    120.250     65.953  50777.509    31.6382     5.5492     65.326    7.14018     5.5447    24.9504   12.80311 4.9755e-02 0.0000e+00
        483  98.403096    0.03347     2.0083    120.500     66.213  50777.442    31.6381     5.5495     65.584    7.14014     5.5448    24.9502   12.80303 4.9322e-02 0.0000e+00
        484  98.403099    0.03354     2.0125    120.750     66.483  50777.376    31.6379     5.5497     65.851    7.14011     5.5449    24.9501   12.80299 4.8870e-02 0.0000e+00
        485  98.403102    0.03361     2.0167    121.000     66.762  50777.315    31.6378     5.5499     66.128    7.14009     5.5449    24.9500   12.80296 4.8415e-02 0.0000e+00
        486  98.403105    0.03368     2.0208    121.250     67.049  50777.287    31.6376     5.5500     66.411    7.14008     5.5448    24.9499   12.80295 4.7970e-02 0.0000e+00
        487  98.403108    0.03375     2.0250    121.500     67.341  50777.303    31.6375     5.5500     66.700    7.14008     5.5447    24.9498   12.80295 4.7534e-02 0.0000e+00
        488  98.403111    0.03382     2.0292    121.750     67.637  50777.309    31.6373     5.5500     66.993    7.14009     5.5445    24.9497   12.80297 4.7116e-02 0.0000e+00
        489  98.403113    0.03389     2.0333    122.000     67.938  50777.241    31.6371     5.5499     67.291    7.14012     5.5441    24.9495   12.80302 4.6729e-02 0.0000e+00
        490  98.403116    0.03396     2.0375    122.250     68.243  50777.050    31.6368     5.5497     67.594    7.14017     5.5436    24.9493   12.80310 4.6374e-02 0.0000e+00
        491  98.403119    0.03403     2.0417    122.500     68.553  50776.703    31.6363     5.5494     67.901    7.14024     5.5427    24.9490   12.80324 4.6045e-02 0.0000e+00
        492  98.403122    0.03410     2.0458    122.750     68.867  50776.128    31.6357     5.5488     68.212    7.14036     5.5415    24.9485   12.80344 4.5736e-02 0.0000e+00
        493  98.403125    0.03417     2.0500    123.000     69.185  50775.334    31.6348     5.5480     68.527    7.14055     5.5398    24.9479   12.80375 4.5441e-02 0.0000e+00
        494  98.403128    0.03424     2.0542    123.250     69.507  50774.786    31.6340     5.5468     68.845    7.14079     5.5380    24.9474   12.80417 4.5149e-02 0.0000e+00
        495  98.403131    0.03431     2.0583    123.500     69.830  50775.036    31.6337     5.5452     69.165    7.14108     5.5363    24.9474   12.80464 4.4855e-02 0.0000e+00
        496  98.403134    0.03438     2.0625    123.750     70.153  50776.064    31.6339     5.5434     69.485    7.14137     5.5348    24.9477   12.80512 4.4571e-02 0.0000e+00
        497  98.403137    0.03444     2.0667    124.000     70.475  50777.650    31.6345     5.5416     69.804    7.14164     5.5337    24.9484   12.80555 4.4306e-02 0.0000e+00
        498  98.403139    0.03451     2.0708    124.250     70.791  50779.429    31.6353     5.5402     70.117    7.14184     5.5330    24.9492   12.80589 4.4059e-02 0.0000e+00
        499  98.403142    0.03458     2.0750    124.500     71.100  50780.887    31.6359     5.5391     70.424    7.14199     5.5325    24.9498   12.80613 4.3827e-02 0.0000e+00
        500  98.403145    0.03465     2.0792    124.750     71.399  50781.840    31.6363     5.5384     70.720    7.14210     5.5320    24.9502   12.80630 4.3604e-02 0.0000e+00
        501  98.403148    0.03472     2.0833    125.000     71.686  50782.500    31.6365     5.5379     71.003    7.14218     5.5317    24.9504   12.80643 4.3395e-02 0.0000e+00
        502  98.403151    0.03479     2.0875    125.250     71.958  50783.174    31.6367     5.5375     71.273    7.14224     5.5315    24.9507   12.80652 4.3209e-02 0.0000e+00
        503  98.403154    0.03486     2.0917    125.500     72.217  50783.887    31.6370     5.5372     71.529    7.14228     5.5315    24.9509   12.80658 4.3046e-02 0.0000e+00
        504  98.403157    0.03493     2.0958    125.750     72.463  50784.296    31.6371     5.5370     71.773    7.14230     5.5313    24.9510   12.80661 4.2904e-02 0.0000e+00
        505  98.403160    0.03500     2.1000    126.000     72.701  50784.113    31.6369     5.5370     72.009    7.14232     5.5309    24.9508   12.80665 4.2780e-02 0.0000e+00
        506  98.403163    0.03507     2.1042    126.250     72.933  50783.422    31.6363     5.5368     72.239    7.14238     5.5300    24.9504   12.80675 4.2677e-02 0.0000e+00
        507  98.403166    0.03514     2.1083    126.500     73.166  50782.342    31.6353     5.5364     72.469    7.14249     5.5285    24.9497   12.80695 4.2609e-02 0.0000e+00
        508  98.403168    0.03521     2.1125    126.750     73.403  50780.809    31.6340     5.5355     72.704    7.14270     5.5263    24.9487   12.80732 4.2555e-02 0.0000e+00
        509  98.403171    0.03528     2.1167    127.000     73.651  50779.421    31.6326     5.5340     72.949    7.14302     5.5238    24.9478   12.80787 4.2452e-02 0.0000e+00
        510  98.403174    0.03535     2.1208    127.250     73.914  50779.271    31.6319     5.5319     73.210    7.14341     5.5213    24.9475   12.80852 4.2282e-02 0.0000e+00
        511  98.403177    0.03542     2.1250    127.500     74.196  50780.278    31.6320     5.5294     73.490    7.14383     5.5188    24.9479   12.80921 4.2070e-02 0.0000e+00
        512  98.403180    0.03549     2.1292    127.750     74.501  50781.589    31.6322     5.5269     73.792    7.14424     5.5165    24.9483   12.80989 4.1838e-02 0.0000e+00
        513  98.403183    0.03556     2.1333    128.000     74.828  50782.876    31.6324     5.5245     74.115    7.14464     5.5142    24.9488   12.81055 4.1603e-02 0.0000e+00
        514  98.403186    0.03562     2.1375    128.250     75.174  50783.995    31.6326     5.5221     74.458    7.14503     5.5119    24.9492   12.81119 4.1375e-02 0.0000e+00
        515  98.403189    0.03569     2.1417    128.500     75.535  50784.597    31.6324     5.5199     74.816    7.14542     5.5092    24.9493   12.81183 4.1158e-02 0.0000e+00
        516  98.403192    0.03576     2.1458    128.750     75.904  50784.447    31.6316     5.5176     75.182    7.14584     5.5057    24.9489   12.81255 4.0954e-02 0.0000e+00
        517  98.403194    0.03583     2.1500    129.000     76.275  50783.049    31.6299     5.5150     75.549    7.14638     5.5012    24.9479   12.81345 4.0760e-02 0.0000e+00
        518  98.403197    0.03590     2.1542    129.250     76.640  50781.156    31.6277     5.5115     75.910    7.14707     5.4963    24.9466   12.81462 4.0575e-02 0.0000e+00
        519  98.403200    0.03597     2.1583    129.500     76.993  50781.774    31.6271     5.5070     76.259    7.14786     5.4921    24.9465   12.81594 4.0408e-02 0.0000e+00
        520  98.403203    0.03604     2.1625    129.750     77.327  50786.003    31.6288     5.5021     76.591    7.14861     5.4893    24.9485   12.81715 4.0263e-02 0.0000e+00
        521  98.403206    0.03611     2.1667    130.000     77.639  50791.731    31.6318     5.4979     76.900    7.14918     5.4878    24.9513   12.81805 4.0143e-02 0.0000e+00
        522  98.403209    0.03618     2.1708    130.250     77.928  50796.299    31.6342     5.4952     77.185    7.14953     5.4870    24.9535   12.81860 4.0045e-02 0.0000e+00
        523  98.403212    0.03625     2.1750    130.500     78.193  50798.599    31.6354     5.4937     77.447    7.14972     5.4866    24.9546   12.81890 3.9957e-02 0.0000e+00
        524  98.403215    0.03632     2.1792    130.750     78.439  50799.666    31.6358     5.4930     77.691    7.14983     5.4864    24.9550   12.81907 3.9876e-02 0.0000e+00
        525  98.403218    0.03639     2.1833    131.000     78.671  50800.603    31.6363     5.4925     77.921    7.14988     5.4864    24.9554   12.81916 3.9797e-02 0.0000e+00
        526  98.403220    0.03646     2.1875    131.250     78.896  50801.568    31.6368     5.4923     78.144    7.14989     5.4867    24.9559   12.81916 3.9717e-02 0.0000e+00
        527  98.403223    0.03653     2.1917    131.500     79.120  50802.410    31.6373     5.4924     78.366    7.14985     5.4872    24.9562   12.81909 3.9641e-02 0.0000e+00
        528  98.403226    0.03660     2.1958    131.750     79.350  50802.961    31.6376     5.4927     78.593    7.14978     5.4879    24.9565   12.81897 3.9568e-02 0.0000e+00
        529  98.403229    0.03667     2.2000    132.000     79.592  50803.252    31.6378     5.4933     78.832    7.14968     5.4886    24.9566   12.81880 3.9492e-02 0.0000e+00
        530  98.403232    0.03674     2.2042    132.250     79.850  50803.281    31.6378     5.4939     79.088    7.14957     5.4891    24.9565   12.81861 3.9408e-02 0.0000e+00
        531  98.403235    0.03681     2.2083    132.500     80.126  50802.792    31.6375     5.4946     79.362    7.14946     5.4894    24.9562   12.81844 3.9324e-02 0.0000e+00
        532  98.403238    0.03687     2.2125    132.750     80.421  50801.922    31.6369     5.4952     79.654    7.14939     5.4894    24.9556   12.81834 3.9239e-02 0.0000e+00
        533  98.403241    0.03694     2.2167    133.000     80.732  50801.315    31.6364     5.4955     79.962    7.14937     5.4893    24.9552   12.81830 3.9151e-02 0.0000e+00
        534  98.403244    0.03701     2.2208    133.250     81.056  50801.307    31.6362     5.4955     80.283    7.14937     5.4892    24.9551   12.81831 3.9051e-02 0.0000e+00
        535  98.403247    0.03708     2.2250    133.500     81.391  50801.803    31.6364     5.4955     80.614    7.14938     5.4893    24.9552   12.81832 3.8936e-02 0.0000e+00
        536  98.403249    0.03715     2.2292    133.750     81.734  50802.460    31.6366     5.4955     80.954    7.14936     5.4895    24.9554   12.81829 3.8810e-02 0.0000e+00
        537  98.403252    0.03722     2.2333    134.000     82.081  50802.927    31.6368     5.4956     81.298    7.14933     5.4897    24.9556   12.81824 3.8667e-02 0.0000e+00
        538  98.403255    0.03729     2.2375    134.250     82.430  50803.172    31.6369     5.4958     81.643    7.14929     5.4899    24.9556   12.81818 3.8509e-02 0.0000e+00
        539  98.403258    0.03736     2.2417    134.500     82.778  50803.288    31.6368     5.4960     81.988    7.14925     5.4901    24.9556   12.81811 3.8365e-02 0.0000e+00
        540  98.403261    0.03743     2.2458    134.750     83.122  50803.204    31.6367     5.4963     82.329    7.14922     5.4901    24.9554   12.81806 3.8247e-02 0.0000e+00
        541  98.403264    0.03750     2.2500    135.000     83.459  50802.940    31.6364     5.4964     82.663    7.14921     5.4900    24.9551   12.81805 3.8152e-02 0.0000e+00
        542  98.403267    0.03757     2.2542    135.250     83.787  50802.780    31.6361     5.4965     82.987    7.14922     5.4898    24.9549   12.81807 3.8084e-02 0.0000e+00
