CTD-processing/allCTD/CNV--turbid/2015_04-08_t4_s10_cast030.cnv
* Sea-Bird SBE19plus Data File:
* FileName = C:\Users\kris.holderied\Documents\kasitsna\Research-Projects-and-Data\Oceanography-AK\CTD-Data-ALL-to-2015-02\2015-CTD-KachemakBay-CookInlet\2015-04-EVOSTC-CookInlet-quarterly\2015-04-08-CookInlet-Tran4-Barabara\2015-04-08-CookInlet-Tran4-cast030.hex
* Software Version 1.59
* Temperature SN =  5028
* Conductivity SN =  5028
* System UpLoad Time = Apr 09 2015 19:25:20
** Cook Inlet LTM Tran 4 (Barabara) South to North
** Date: 04-08
** Station: 4-10
** Start time:  11:08
** Depth (m): 13
** Comment:  KBL CTD. Time is local (AKDT)
** Comment: On R/V Pandalus.
# nquan = 16
# nvalues = 391                         
# units = specified
# name 0 = scan: Scan Count
# name 1 = timeJ: Julian Days
# name 2 = timeH: Time, Elapsed [hours]
# name 3 = timeM: Time, Elapsed [minutes]
# name 4 = timeS: Time, Elapsed [seconds]
# name 5 = prdM: Pressure, Strain Gauge [db]
# name 6 = specc: Specific Conductance [uS/cm]
# name 7 = sal00: Salinity, Practical [PSU]
# name 8 = tv290C: Temperature [ITS-90, deg C]
# name 9 = depSM: Depth [salt water, m], lat = 59.00
# name 10 = oxsolML/L: Oxygen Saturation, Garcia & Gordon [ml/l]
# name 11 = potemp090C: Potential Temperature [ITS-90, deg C]
# name 12 = sigma-é00: Density [sigma-theta, kg/m^3]
# name 13 = n2satML/L: Nitrogen Saturation [ml/l]
# name 14 = par: PAR/Irradiance, Biospherical/Licor
# name 15 = flag:  0.000e+00
# span 0 =          1,        391       
# span 1 =  98.464062,  98.465191       
# span 2 =    0.00000,    0.02708       
# span 3 =     0.0000,     1.6250       
# span 4 =      0.000,     97.500       
# span 5 =     -0.210,     13.745       
# span 6 =    342.489,  50357.026       
# span 7 =     0.1573,    31.3120       
# span 8 =     5.1305,     5.2514       
# span 9 =     -0.208,     13.616       
# span 10 =    7.20657,    8.87552      
# span 11 =     5.1301,     5.2504      
# span 12 =     0.0892,    24.7254      
# span 13 =   12.91696,   16.15092      
# span 14 = 5.6921e+00, 1.4832e+03      
# span 15 = 0.0000e+00, 0.0000e+00      
# interval = seconds: 0.25
# start_time = Apr 08 2015 11:08:15 [Instrument's time stamp, header]
# bad_flag = -9.990e-29
*END*
[from data line 181]
        182  98.464586    0.01257     0.7542     45.250      0.971  50214.418    31.1990     5.1485      0.962    7.22975     5.1488    24.6471   12.95670 5.4404e+02 0.0000e+00
        183  98.464589    0.01264     0.7583     45.500      0.965  50213.533    31.1985     5.1487      0.956    7.22975     5.1488    24.6466   12.95670 5.5120e+02 0.0000e+00
        184  98.464592    0.01271     0.7625     45.750      0.957  50211.985    31.1975     5.1489      0.948    7.22976     5.1487    24.6458   12.95674 5.5442e+02 0.0000e+00
        185  98.464595    0.01278     0.7667     46.000      0.940  50210.308    31.1963     5.1489      0.931    7.22981     5.1482    24.6449   12.95683 5.5481e+02 0.0000e+00
        186  98.464598    0.01285     0.7708     46.250      0.911  50209.403    31.1957     5.1487      0.903    7.22987     5.1474    24.6444   12.95694 5.5064e+02 0.0000e+00
        187  98.464601    0.01292     0.7750     46.500      0.872  50209.779    31.1959     5.1482      0.864    7.22995     5.1465    24.6446   12.95707 5.4607e+02 0.0000e+00
        188  98.464604    0.01299     0.7792     46.750      0.828  50211.678    31.1970     5.1474      0.820    7.23003     5.1461    24.6456   12.95719 5.4326e+02 0.0000e+00
        189  98.464606    0.01306     0.7833     47.000      0.788  50214.997    31.1991     5.1466      0.781    7.23007     5.1462    24.6474   12.95723 5.2932e+02 0.0000e+00
        190  98.464609    0.01313     0.7875     47.250      0.764  50218.556    31.2015     5.1461      0.757    7.23004     5.1469    24.6493   12.95715 5.0947e+02 0.0000e+00
        191  98.464612    0.01319     0.7917     47.500      0.763  50221.076    31.2033     5.1462      0.756    7.22994     5.1478    24.6507   12.95695 4.9994e+02 0.0000e+00
        192  98.464615    0.01326     0.7958     47.750      0.785  50222.182    31.2042     5.1469      0.778    7.22978     5.1487    24.6513   12.95668 4.9365e+02 0.0000e+00
        193  98.464618    0.01333     0.8000     48.000      0.825  50221.941    31.2042     5.1478      0.817    7.22962     5.1495    24.6512   12.95641 4.9076e+02 0.0000e+00
        194  98.464621    0.01340     0.8042     48.250      0.875  50220.604    31.2034     5.1488      0.866    7.22950     5.1501    24.6505   12.95622 4.9661e+02 0.0000e+00
        195  98.464624    0.01347     0.8083     48.500      0.925  50218.494    31.2021     5.1496      0.916    7.22942     5.1505    24.6494   12.95611 5.0112e+02 0.0000e+00
        196  98.464627    0.01354     0.8125     48.750      0.969  50216.121    31.2006     5.1502      0.961    7.22939     5.1507    24.6481   12.95608 4.9825e+02 0.0000e+00
        197  98.464630    0.01361     0.8167     49.000      1.006  50214.244    31.1993     5.1506      0.997    7.22938     5.1508    24.6471   12.95608 4.9335e+02 0.0000e+00
        198  98.464633    0.01368     0.8208     49.250      1.034  50213.305    31.1987     5.1508      1.025    7.22937     5.1507    24.6466   12.95607 4.8948e+02 0.0000e+00
        199  98.464635    0.01375     0.8250     49.500      1.056  50213.179    31.1986     5.1508      1.046    7.22937     5.1506    24.6466   12.95606 4.8680e+02 0.0000e+00
        200  98.464638    0.01382     0.8292     49.750      1.071  50213.297    31.1987     5.1508      1.061    7.22938     5.1503    24.6466   12.95608 4.8831e+02 0.0000e+00
        201  98.464641    0.01389     0.8333     50.000      1.081  50213.002    31.1984     5.1506      1.071    7.22941     5.1500    24.6464   12.95614 4.9649e+02 0.0000e+00
        202  98.464644    0.01396     0.8375     50.250      1.084  50212.240    31.1979     5.1504      1.074    7.22948     5.1494    24.6460   12.95626 5.0690e+02 0.0000e+00
        203  98.464647    0.01403     0.8417     50.500      1.077  50211.580    31.1974     5.1500      1.066    7.22957     5.1486    24.6456   12.95641 5.1396e+02 0.0000e+00
        204  98.464650    0.01410     0.8458     50.750      1.057  50211.606    31.1973     5.1494      1.047    7.22967     5.1476    24.6456   12.95659 5.2053e+02 0.0000e+00
        205  98.464653    0.01417     0.8500     51.000      1.025  50212.642    31.1978     5.1486      1.015    7.22979     5.1466    24.6461   12.95677 5.3513e+02 0.0000e+00
        206  98.464656    0.01424     0.8542     51.250      0.983  50214.639    31.1990     5.1476      0.974    7.22991     5.1458    24.6471   12.95695 5.5843e+02 0.0000e+00
        207  98.464659    0.01431     0.8583     51.500      0.937  50217.138    31.2006     5.1466      0.928    7.23001     5.1454    24.6485   12.95710 5.8194e+02 0.0000e+00
        208  98.464661    0.01438     0.8625     51.750      0.895  50219.469    31.2020     5.1459      0.887    7.23007     5.1455    24.6497   12.95718 6.1312e+02 0.0000e+00
        209  98.464664    0.01444     0.8667     52.000      0.865  50220.983    31.2030     5.1455      0.856    7.23008     5.1459    24.6506   12.95720 6.5140e+02 0.0000e+00
        210  98.464667    0.01451     0.8708     52.250      0.848  50221.344    31.2033     5.1455      0.840    7.23006     5.1466    24.6508   12.95715 6.7092e+02 0.0000e+00
        211  98.464670    0.01458     0.8750     52.500      0.845  50220.603    31.2029     5.1460      0.837    7.23000     5.1473    24.6504   12.95706 6.6288e+02 0.0000e+00
        212  98.464673    0.01465     0.8792     52.750      0.851  50219.066    31.2019     5.1466      0.843    7.22993     5.1478    24.6496   12.95696 6.3424e+02 0.0000e+00
        213  98.464676    0.01472     0.8833     53.000      0.863  50217.306    31.2008     5.1473      0.855    7.22987     5.1483    24.6487   12.95687 5.9868e+02 0.0000e+00
        214  98.464679    0.01479     0.8875     53.250      0.877  50215.972    31.2000     5.1479      0.869    7.22981     5.1487    24.6480   12.95677 5.7096e+02 0.0000e+00
        215  98.464682    0.01486     0.8917     53.500      0.893  50215.297    31.1997     5.1484      0.885    7.22974     5.1489    24.6476   12.95667 5.5316e+02 0.0000e+00
        216  98.464685    0.01493     0.8958     53.750      0.913  50214.917    31.1995     5.1487      0.905    7.22969     5.1490    24.6474   12.95659 5.4071e+02 0.0000e+00
        217  98.464687    0.01500     0.9000     54.000      0.934  50214.294    31.1991     5.1489      0.925    7.22967     5.1490    24.6471   12.95656 5.2572e+02 0.0000e+00
        218  98.464690    0.01507     0.9042     54.250      0.952  50213.398    31.1985     5.1491      0.943    7.22968     5.1488    24.6466   12.95658 5.1361e+02 0.0000e+00
        219  98.464693    0.01514     0.9083     54.500      0.964  50212.759    31.1981     5.1491      0.955    7.22970     5.1484    24.6463   12.95662 5.1314e+02 0.0000e+00
        220  98.464696    0.01521     0.9125     54.750      0.967  50212.846    31.1981     5.1489      0.958    7.22973     5.1480    24.6463   12.95667 5.1750e+02 0.0000e+00
        221  98.464699    0.01528     0.9167     55.000      0.962  50213.750    31.1986     5.1485      0.953    7.22977     5.1476    24.6468   12.95672 5.2159e+02 0.0000e+00
        222  98.464702    0.01535     0.9208     55.250      0.952  50215.332    31.1996     5.1481      0.943    7.22979     5.1474    24.6476   12.95676 5.2661e+02 0.0000e+00
        223  98.464705    0.01542     0.9250     55.500      0.940  50217.287    31.2008     5.1477      0.932    7.22980     5.1474    24.6487   12.95676 5.3137e+02 0.0000e+00
        224  98.464708    0.01549     0.9292     55.750      0.933  50219.104    31.2020     5.1475      0.925    7.22978     5.1478    24.6496   12.95671 5.3884e+02 0.0000e+00
        225  98.464711    0.01556     0.9333     56.000      0.934  50220.243    31.2028     5.1475      0.926    7.22973     5.1484    24.6502   12.95662 5.4976e+02 0.0000e+00
        226  98.464714    0.01563     0.9375     56.250      0.944  50220.407    31.2030     5.1479      0.935    7.22966     5.1489    24.6503   12.95650 5.5270e+02 0.0000e+00
        227  98.464716    0.01569     0.9417     56.500      0.959  50219.538    31.2025     5.1484      0.950    7.22959     5.1493    24.6499   12.95640 5.4523e+02 0.0000e+00
        228  98.464719    0.01576     0.9458     56.750      0.975  50217.820    31.2015     5.1490      0.966    7.22955     5.1494    24.6490   12.95634 5.3926e+02 0.0000e+00
        229  98.464722    0.01583     0.9500     57.000      0.986  50215.855    31.2002     5.1494      0.977    7.22954     5.1492    24.6479   12.95635 5.3693e+02 0.0000e+00
        230  98.464725    0.01590     0.9542     57.250      0.990  50214.518    31.1993     5.1495      0.981    7.22957     5.1487    24.6472   12.95639 5.2918e+02 0.0000e+00
        231  98.464728    0.01597     0.9583     57.500      0.985  50214.388    31.1992     5.1492      0.976    7.22961     5.1481    24.6472   12.95647 5.1726e+02 0.0000e+00
        232  98.464731    0.01604     0.9625     57.750      0.974  50215.384    31.1998     5.1487      0.965    7.22967     5.1477    24.6477   12.95656 5.1477e+02 0.0000e+00
        233  98.464734    0.01611     0.9667     58.000      0.963  50216.808    31.2006     5.1482      0.954    7.22972     5.1475    24.6484   12.95663 5.2668e+02 0.0000e+00
        234  98.464737    0.01618     0.9708     58.250      0.953  50217.792    31.2012     5.1478      0.944    7.22977     5.1473    24.6489   12.95669 5.3804e+02 0.0000e+00
        235  98.464740    0.01625     0.9750     58.500      0.945  50218.003    31.2013     5.1475      0.936    7.22981     5.1473    24.6490   12.95675 5.3797e+02 0.0000e+00
        236  98.464742    0.01632     0.9792     58.750      0.939  50217.777    31.2012     5.1474      0.930    7.22984     5.1472    24.6489   12.95681 5.4424e+02 0.0000e+00
        237  98.464745    0.01639     0.9833     59.000      0.934  50217.614    31.2010     5.1473      0.926    7.22986     5.1472    24.6488   12.95684 5.6281e+02 0.0000e+00
        238  98.464748    0.01646     0.9875     59.250      0.932  50217.790    31.2011     5.1473      0.924    7.22986     5.1472    24.6489   12.95684 5.6700e+02 0.0000e+00
        239  98.464751    0.01653     0.9917     59.500      0.934  50218.208    31.2014     5.1473      0.925    7.22984     5.1473    24.6491   12.95682 5.5393e+02 0.0000e+00
        240  98.464754    0.01660     0.9958     59.750      0.939  50218.446    31.2016     5.1473      0.930    7.22983     5.1473    24.6493   12.95680 5.4421e+02 0.0000e+00
        241  98.464757    0.01667     1.0000     60.000      0.946  50218.150    31.2014     5.1474      0.937    7.22983     5.1473    24.6491   12.95680 5.3966e+02 0.0000e+00
        242  98.464760    0.01674     1.0042     60.250      0.953  50217.382    31.2009     5.1474      0.944    7.22985     5.1472    24.6487   12.95684 5.3116e+02 0.0000e+00
        243  98.464763    0.01681     1.0083     60.500      0.959  50216.550    31.2003     5.1474      0.950    7.22988     5.1470    24.6482   12.95689 5.2775e+02 0.0000e+00
        244  98.464766    0.01688     1.0125     60.750      0.960  50216.061    31.2000     5.1473      0.951    7.22991     5.1466    24.6479   12.95696 5.3917e+02 0.0000e+00
        245  98.464769    0.01694     1.0167     61.000      0.955  50216.117    31.2000     5.1471      0.946    7.22995     5.1460    24.6480   12.95702 5.4999e+02 0.0000e+00
        246  98.464771    0.01701     1.0208     61.250      0.944  50216.786    31.2003     5.1467      0.935    7.23000     5.1453    24.6483   12.95710 5.5326e+02 0.0000e+00
        247  98.464774    0.01708     1.0250     61.500      0.927  50218.052    31.2011     5.1461      0.918    7.23007     5.1447    24.6490   12.95720 5.5978e+02 0.0000e+00
        248  98.464777    0.01715     1.0292     61.750      0.910  50219.767    31.2021     5.1454      0.901    7.23013     5.1442    24.6499   12.95729 5.7510e+02 0.0000e+00
        249  98.464780    0.01722     1.0333     62.000      0.896  50221.620    31.2033     5.1448      0.887    7.23019     5.1440    24.6509   12.95736 5.9311e+02 0.0000e+00
        250  98.464783    0.01729     1.0375     62.250      0.891  50223.158    31.2042     5.1443      0.883    7.23022     5.1440    24.6517   12.95741 6.0221e+02 0.0000e+00
        251  98.464786    0.01736     1.0417     62.500      0.898  50223.931    31.2047     5.1441      0.889    7.23024     5.1445    24.6521   12.95744 5.9505e+02 0.0000e+00
        252  98.464789    0.01743     1.0458     62.750      0.916  50223.723    31.2046     5.1441      0.907    7.23024     5.1451    24.6520   12.95743 5.7322e+02 0.0000e+00
        253  98.464792    0.01750     1.0500     63.000      0.939  50222.573    31.2038     5.1445      0.930    7.23020     5.1456    24.6514   12.95737 5.5100e+02 0.0000e+00
        254  98.464795    0.01757     1.0542     63.250      0.963  50220.813    31.2027     5.1451      0.953    7.23015     5.1459    24.6504   12.95730 5.3708e+02 0.0000e+00
        255  98.464797    0.01764     1.0583     63.500      0.981  50219.070    31.2016     5.1457      0.971    7.23011     5.1458    24.6495   12.95725 5.2732e+02 0.0000e+00
        256  98.464800    0.01771     1.0625     63.750      0.990  50217.963    31.2009     5.1459      0.980    7.23010     5.1454    24.6489   12.95724 5.2263e+02 0.0000e+00
        257  98.464803    0.01778     1.0667     64.000      0.989  50217.777    31.2008     5.1459      0.979    7.23012     5.1449    24.6488   12.95728 5.2521e+02 0.0000e+00
        258  98.464806    0.01785     1.0708     64.250      0.978  50218.425    31.2012     5.1455      0.969    7.23016     5.1445    24.6491   12.95735 5.3269e+02 0.0000e+00
        259  98.464809    0.01792     1.0750     64.500      0.962  50219.595    31.2019     5.1450      0.952    7.23022     5.1442    24.6497   12.95743 5.3914e+02 0.0000e+00
        260  98.464812    0.01799     1.0792     64.750      0.944  50220.909    31.2027     5.1446      0.934    7.23026     5.1441    24.6504   12.95749 5.3439e+02 0.0000e+00
        261  98.464815    0.01806     1.0833     65.000      0.927  50222.029    31.2034     5.1443      0.918    7.23027     5.1442    24.6510   12.95751 5.2082e+02 0.0000e+00
        262  98.464818    0.01812     1.0875     65.250      0.915  50222.776    31.2039     5.1441      0.906    7.23027     5.1445    24.6514   12.95749 5.1573e+02 0.0000e+00
        263  98.464821    0.01819     1.0917     65.500      0.910  50223.152    31.2042     5.1442      0.902    7.23024     5.1449    24.6517   12.95744 5.2234e+02 0.0000e+00
        264  98.464823    0.01826     1.0958     65.750      0.915  50223.149    31.2043     5.1445      0.907    7.23019     5.1453    24.6517   12.95735 5.3257e+02 0.0000e+00
        265  98.464826    0.01833     1.1000     66.000      0.929  50222.725    31.2040     5.1449      0.920    7.23013     5.1456    24.6515   12.95726 5.3721e+02 0.0000e+00
        266  98.464829    0.01840     1.1042     66.250      0.946  50221.898    31.2035     5.1453      0.937    7.23008     5.1459    24.6510   12.95718 5.3248e+02 0.0000e+00
        267  98.464832    0.01847     1.1083     66.500      0.962  50220.811    31.2028     5.1457      0.953    7.23005     5.1459    24.6504   12.95715 5.3582e+02 0.0000e+00
        268  98.464835    0.01854     1.1125     66.750      0.973  50219.798    31.2022     5.1459      0.964    7.23004     5.1458    24.6499   12.95714 5.5329e+02 0.0000e+00
        269  98.464838    0.01861     1.1167     67.000      0.975  50219.224    31.2018     5.1460      0.966    7.23005     5.1455    24.6496   12.95715 5.7331e+02 0.0000e+00
        270  98.464841    0.01868     1.1208     67.250      0.969  50219.325    31.2019     5.1459      0.960    7.23007     5.1451    24.6496   12.95719 5.9350e+02 0.0000e+00
        271  98.464844    0.01875     1.1250     67.500      0.958  50220.168    31.2024     5.1456      0.949    7.23010     5.1449    24.6501   12.95723 5.9594e+02 0.0000e+00
