CTD-processing/allCTD/CNV--turbid/2015_12-10_t9_s01_cast041.cnv
* Sea-Bird SBE19plus Data File:
* FileName = C:\Users\Kris.Holderied\Documents\kasitsna\Research-KBL\Oceanography-AK\CTD-Data-ALL-to-2015-10\2015-CTD-KachemakBay-CookInlet\2015-12-10_CookInlet-HomerSpit-monthly-BLANK\2015-12-10-CookInlet-Tran9-cast041.hex
* Software Version 1.59
* Temperature SN =  5028
* Conductivity SN =  5028
* System UpLoad Time = Jan 06 2016 11:13:48
** Cook Inlet LTM Tran9 Homer Spit
** Date (YYYY-MM-DD): 2015-12-10
** Station (ie. 9-01):  9-01
** Start time (AKST): 11:43
** Depth (m): 66.5
** Comment: R/V Edgecumbe
** Comment:
# nquan = 16
# nvalues = 639                         
# units = specified
# name 0 = scan: Scan Count
# name 1 = timeJ: Julian Days
# name 2 = timeH: Time, Elapsed [hours]
# name 3 = timeM: Time, Elapsed [minutes]
# name 4 = timeS: Time, Elapsed [seconds]
# name 5 = prdM: Pressure, Strain Gauge [db]
# name 6 = specc: Specific Conductance [uS/cm]
# name 7 = sal00: Salinity, Practical [PSU]
# name 8 = tv290C: Temperature [ITS-90, deg C]
# name 9 = depSM: Depth [salt water, m], lat = 59.00
# name 10 = oxsolML/L: Oxygen Saturation, Garcia & Gordon [ml/l]
# name 11 = potemp090C: Potential Temperature [ITS-90, deg C]
# name 12 = sigma-é00: Density [sigma-theta, kg/m^3]
# name 13 = n2satML/L: Nitrogen Saturation [ml/l]
# name 14 = par: PAR/Irradiance, Biospherical/Licor
# name 15 = flag:  0.000e+00
# span 0 =          1,        639       
# span 1 = 344.487581, 344.489427       
# span 2 =    0.00000,    0.04431       
# span 3 =     0.0000,     2.6583       
# span 4 =      0.000,    159.500       
# span 5 =     -0.260,     61.987       
# span 6 =     -0.703,  49572.148       
# span 7 =     0.0000,    31.0956       
# span 8 =     6.2743,     7.1207       
# span 9 =     -0.258,     61.398       
# span 10 =    6.90758,    8.65004      
# span 11 =     6.2749,     7.1153      
# span 12 =    -0.0671,    24.3348      
# span 13 =   12.42558,   15.77444      
# span 14 = 3.9066e-02, 1.6229e+02      
# span 15 = 0.0000e+00, 0.0000e+00      
# interval = seconds: 0.25
# start_time = Dec 10 2015 11:42:07 [Instrument's time stamp, header]
# bad_flag = -9.990e-29
*END*
[from data line 91]
         92 344.487844    0.00632     0.3792     22.750     -0.258      0.309     0.0006     6.2998     -0.256    8.64446     6.2998    -0.0666   15.76506 1.3568e+02 0.0000e+00
         93 344.487847    0.00639     0.3833     23.000     -0.258      0.933     0.0010     6.2998     -0.256    8.64443     6.2997    -0.0663   15.76500 1.3586e+02 0.0000e+00
         94 344.487850    0.00646     0.3875     23.250     -0.258      1.975     0.0016     6.2998     -0.256    8.64439     6.2995    -0.0658   15.76493 1.3593e+02 0.0000e+00
         95 344.487853    0.00653     0.3917     23.500     -0.258      3.713     0.0027     6.2997     -0.256    8.64436     6.2990    -0.0650   15.76486 1.3617e+02 0.0000e+00
         96 344.487856    0.00660     0.3958     23.750     -0.258      6.600     0.0044     6.2994     -0.256    8.64433     6.2984    -0.0636   15.76478 1.3659e+02 0.0000e+00
         97 344.487859    0.00667     0.4000     24.000     -0.258     11.396     0.0074     6.2990     -0.256    8.64428     6.2978    -0.0612   15.76465 1.3667e+02 0.0000e+00
         98 344.487862    0.00674     0.4042     24.250     -0.259     19.390     0.0123     6.2984     -0.257    8.64414     6.2973    -0.0573   15.76436 1.3631e+02 0.0000e+00
         99 344.487865    0.00681     0.4083     24.500     -0.259     32.723     0.0205     6.2978     -0.257    8.64384     6.2970    -0.0509   15.76374 1.3592e+02 0.0000e+00
        100 344.487867    0.00688     0.4125     24.750     -0.258     54.942     0.0341     6.2973     -0.256    8.64324     6.2969    -0.0401   15.76253 1.3561e+02 0.0000e+00
        101 344.487870    0.00694     0.4167     25.000     -0.258     91.964     0.0569     6.2970     -0.256    8.64213     6.2970    -0.0222   15.76035 1.3519e+02 0.0000e+00
        102 344.487873    0.00701     0.4208     25.250     -0.257    153.667     0.0948     6.2968     -0.255    8.64018     6.2975     0.0077   15.75655 1.3449e+02 0.0000e+00
        103 344.487876    0.00708     0.4250     25.500     -0.256    256.509     0.1580     6.2970     -0.254    8.63685     6.2982     0.0575   15.75006 1.3356e+02 0.0000e+00
        104 344.487879    0.00715     0.4292     25.750     -0.255    427.933     0.2633     6.2974     -0.253    8.63125     6.2993     0.1405   15.73919 1.3252e+02 0.0000e+00
        105 344.487882    0.00722     0.4333     26.000     -0.253    713.660     0.4388     6.2982     -0.251    8.62193     6.3009     0.2788   15.72107 1.3114e+02 0.0000e+00
        106 344.487885    0.00729     0.4375     26.250     -0.250   1189.875     0.7314     6.2993     -0.248    8.60643     6.3032     0.5093   15.69094 1.2925e+02 0.0000e+00
        107 344.487888    0.00736     0.4417     26.500     -0.245   1983.560     1.2190     6.3009     -0.243    8.58065     6.3068     0.8935   15.64080 1.2723e+02 0.0000e+00
        108 344.487891    0.00743     0.4458     26.750     -0.237   3306.363     2.0317     6.3032     -0.235    8.53773     6.3126     1.5338   15.55734 1.2516e+02 0.0000e+00
        109 344.487894    0.00750     0.4500     27.000     -0.223   5511.022     3.3862     6.3068     -0.221    8.46627     6.3220     2.6010   15.41834 1.2258e+02 0.0000e+00
        110 344.487896    0.00757     0.4542     27.250     -0.201   9185.437     5.6436     6.3125     -0.199    8.34723     6.3368     4.3796   15.18676 1.1923e+02 0.0000e+00
        111 344.487899    0.00764     0.4583     27.500     -0.164  15309.443     9.4060     6.3219     -0.162    8.14887     6.3570     7.3440   14.80088 1.1528e+02 0.0000e+00
        112 344.487902    0.00771     0.4625     27.750     -0.106  24049.043    14.8263     6.3368     -0.105    7.86489     6.3787    11.6135   14.24890 1.1088e+02 0.0000e+00
        113 344.487905    0.00778     0.4667     28.000     -0.029  32989.890    20.4518     6.3571     -0.029    7.57251     6.3979    16.0426   13.68142 1.0576e+02 0.0000e+00
        114 344.487908    0.00785     0.4708     28.250      0.060  39427.796    24.5378     6.3788      0.059    7.36031     6.4131    19.2580   13.27014 9.9001e+01 0.0000e+00
        115 344.487911    0.00792     0.4750     28.500      0.150  43279.176    26.9827     6.3980      0.148    7.23227     6.4238    21.1811   13.02228 8.9291e+01 0.0000e+00
        116 344.487914    0.00799     0.4792     28.750      0.235  45589.072    28.4496     6.4132      0.233    7.15486     6.4304    22.3346   12.87259 7.7659e+01 0.0000e+00
        117 344.487917    0.00806     0.4833     29.000      0.311  46978.452    29.3324     6.4239      0.308    7.10802     6.4335    23.0286   12.78209 6.7714e+01 0.0000e+00
        118 344.487920    0.00813     0.4875     29.250      0.372  47812.977    29.8627     6.4305      0.369    7.07985     6.4336    23.4454   12.72768 6.1434e+01 0.0000e+00
        119 344.487922    0.00819     0.4917     29.500      0.418  48310.084    30.1782     6.4336      0.414    7.06322     6.4316    23.6936   12.69552 5.8310e+01 0.0000e+00
        120 344.487925    0.00826     0.4958     29.750      0.446  48600.018    30.3615     6.4337      0.442    7.05381     6.4282    23.8379   12.67723 5.6676e+01 0.0000e+00
        121 344.487928    0.00833     0.5000     30.000      0.462  48773.152    30.4705     6.4316      0.457    7.04857     6.4247    23.9240   12.66693 5.6033e+01 0.0000e+00
        122 344.487931    0.00840     0.5042     30.250      0.470  48889.476    30.5441     6.4283      0.465    7.04538     6.4218    23.9823   12.66058 5.6487e+01 0.0000e+00
        123 344.487934    0.00847     0.5083     30.500      0.474  48969.377    30.5950     6.4248      0.469    7.04340     6.4197    24.0228   12.65659 5.6890e+01 0.0000e+00
        124 344.487937    0.00854     0.5125     30.750      0.475  49018.496    30.6262     6.4218      0.471    7.04232     6.4185    24.0478   12.65436 5.6945e+01 0.0000e+00
        125 344.487940    0.00861     0.5167     31.000      0.477  49046.806    30.6440     6.4197      0.473    7.04177     6.4182    24.0621   12.65318 5.7302e+01 0.0000e+00
        126 344.487943    0.00868     0.5208     31.250      0.481  49062.951    30.6542     6.4186      0.477    7.04145     6.4188    24.0702   12.65251 5.7608e+01 0.0000e+00
        127 344.487946    0.00875     0.5250     31.500      0.488  49071.484    30.6595     6.4183      0.484    7.04122     6.4200    24.0745   12.65204 5.7342e+01 0.0000e+00
        128 344.487948    0.00882     0.5292     31.750      0.499  49073.520    30.6607     6.4189      0.494    7.04105     6.4215    24.0754   12.65174 5.7143e+01 0.0000e+00
        129 344.487951    0.00889     0.5333     32.000      0.510  49069.893    30.6583     6.4201      0.505    7.04096     6.4230    24.0733   12.65161 5.7302e+01 0.0000e+00
        130 344.487954    0.00896     0.5375     32.250      0.520  49063.657    30.6541     6.4216      0.515    7.04090     6.4241    24.0699   12.65157 5.7354e+01 0.0000e+00
        131 344.487957    0.00903     0.5417     32.500      0.526  49059.485    30.6515     6.4230      0.521    7.04078     6.4252    24.0676   12.65141 5.7347e+01 0.0000e+00
        132 344.487960    0.00910     0.5458     32.750      0.528  49060.396    30.6523     6.4242      0.523    7.04055     6.4268    24.0680   12.65102 5.7247e+01 0.0000e+00
        133 344.487963    0.00917     0.5500     33.000      0.526  49066.195    30.6565     6.4253      0.521    7.04017     6.4292    24.0712   12.65034 5.6952e+01 0.0000e+00
        134 344.487966    0.00924     0.5542     33.250      0.522  49075.698    30.6633     6.4268      0.517    7.03960     6.4324    24.0764   12.64931 5.6693e+01 0.0000e+00
        135 344.487969    0.00931     0.5583     33.500      0.519  49087.449    30.6718     6.4292      0.514    7.03881     6.4360    24.0829   12.64789 5.6542e+01 0.0000e+00
        136 344.487972    0.00937     0.5625     33.750      0.517  49099.108    30.6805     6.4324      0.512    7.03788     6.4394    24.0893   12.64624 5.6505e+01 0.0000e+00
        137 344.487975    0.00944     0.5667     34.000      0.515  49108.805    30.6878     6.4360      0.510    7.03695     6.4426    24.0946   12.64461 5.6240e+01 0.0000e+00
        138 344.487977    0.00951     0.5708     34.250      0.513  49115.807    30.6933     6.4395      0.508    7.03613     6.4454    24.0985   12.64318 5.5815e+01 0.0000e+00
        139 344.487980    0.00958     0.5750     34.500      0.511  49120.040    30.6968     6.4426      0.506    7.03544     6.4480    24.1009   12.64200 5.6017e+01 0.0000e+00
        140 344.487983    0.00965     0.5792     34.750      0.507  49121.032    30.6980     6.4455      0.502    7.03491     6.4502    24.1015   12.64112 5.6414e+01 0.0000e+00
        141 344.487986    0.00972     0.5833     35.000      0.504  49116.858    30.6955     6.4481      0.499    7.03461     6.4521    24.0992   12.64065 5.6342e+01 0.0000e+00
        142 344.487989    0.00979     0.5875     35.250      0.501  49104.299    30.6873     6.4503      0.497    7.03464     6.4537    24.0925   12.64079 5.6379e+01 0.0000e+00
        143 344.487992    0.00986     0.5917     35.500      0.501  49078.314    30.6697     6.4521      0.496    7.03515     6.4550    24.0784   12.64186 5.6493e+01 0.0000e+00
        144 344.487995    0.00993     0.5958     35.750      0.505  49030.939    30.6373     6.4537      0.500    7.03639     6.4561    24.0527   12.64433 5.6182e+01 0.0000e+00
        145 344.487998    0.01000     0.6000     36.000      0.512  48950.121    30.5818     6.4551      0.507    7.03876     6.4568    24.0087   12.64895 5.5872e+01 0.0000e+00
        146 344.488001    0.01007     0.6042     36.250      0.523  48816.881    30.4900     6.4561      0.518    7.04286     6.4573    23.9363   12.65690 5.5849e+01 0.0000e+00
        147 344.488003    0.01014     0.6083     36.500      0.533  48651.404    30.3759     6.4568      0.528    7.04805     6.4576    23.8463   12.66693 5.5857e+01 0.0000e+00
        148 344.488006    0.01021     0.6125     36.750      0.540  48533.291    30.2945     6.4573      0.535    7.05176     6.4578    23.7821   12.67411 5.5836e+01 0.0000e+00
        149 344.488009    0.01028     0.6167     37.000      0.541  48520.148    30.2854     6.4576      0.536    7.05214     6.4580    23.7749   12.67485 5.5744e+01 0.0000e+00
        150 344.488012    0.01035     0.6208     37.250      0.537  48617.093    30.3524     6.4578      0.532    7.04899     6.4584    23.8276   12.66878 5.5771e+01 0.0000e+00
        151 344.488015    0.01042     0.6250     37.500      0.529  48776.201    30.4622     6.4581      0.525    7.04383     6.4588    23.9141   12.65885 5.5906e+01 0.0000e+00
        152 344.488018    0.01049     0.6292     37.750      0.522  48916.364    30.5590     6.4584      0.517    7.03926     6.4593    23.9904   12.65007 5.5864e+01 0.0000e+00
        153 344.488021    0.01056     0.6333     38.000      0.516  49004.654    30.6200     6.4589      0.511    7.03635     6.4597    24.0384   12.64448 5.5727e+01 0.0000e+00
        154 344.488024    0.01063     0.6375     38.250      0.513  49056.491    30.6559     6.4593      0.508    7.03461     6.4602    24.0666   12.64114 5.5468e+01 0.0000e+00
        155 344.488027    0.01069     0.6417     38.500      0.513  49088.089    30.6778     6.4598      0.508    7.03351     6.4606    24.0838   12.63905 5.5219e+01 0.0000e+00
        156 344.488030    0.01076     0.6458     38.750      0.515  49108.328    30.6918     6.4602      0.510    7.03279     6.4609    24.0948   12.63768 5.5225e+01 0.0000e+00
        157 344.488032    0.01083     0.6500     39.000      0.519  49121.815    30.7012     6.4606      0.514    7.03229     6.4612    24.1022   12.63673 5.5148e+01 0.0000e+00
        158 344.488035    0.01090     0.6542     39.250      0.523  49130.923    30.7076     6.4609      0.518    7.03193     6.4614    24.1071   12.63606 5.4980e+01 0.0000e+00
        159 344.488038    0.01097     0.6583     39.500      0.526  49137.153    30.7119     6.4612      0.521    7.03169     6.4616    24.1105   12.63560 5.5176e+01 0.0000e+00
        160 344.488041    0.01104     0.6625     39.750      0.528  49141.837    30.7152     6.4614      0.523    7.03150     6.4617    24.1131   12.63524 5.5427e+01 0.0000e+00
        161 344.488044    0.01111     0.6667     40.000      0.528  49146.172    30.7182     6.4616      0.523    7.03133     6.4618    24.1154   12.63492 5.5659e+01 0.0000e+00
        162 344.488047    0.01118     0.6708     40.250      0.527  49150.419    30.7211     6.4618      0.522    7.03117     6.4619    24.1178   12.63463 5.6358e+01 0.0000e+00
        163 344.488050    0.01125     0.6750     40.500      0.527  49153.219    30.7231     6.4618      0.522    7.03107     6.4619    24.1193   12.63443 5.7289e+01 0.0000e+00
        164 344.488053    0.01132     0.6792     40.750      0.527  49153.466    30.7233     6.4619      0.522    7.03105     6.4618    24.1194   12.63440 5.7950e+01 0.0000e+00
        165 344.488056    0.01139     0.6833     41.000      0.527  49151.745    30.7221     6.4619      0.522    7.03110     6.4618    24.1185   12.63450 5.8176e+01 0.0000e+00
        166 344.488058    0.01146     0.6875     41.250      0.526  49149.470    30.7205     6.4619      0.521    7.03118     6.4618    24.1172   12.63464 5.8036e+01 0.0000e+00
        167 344.488061    0.01153     0.6917     41.500      0.523  49148.134    30.7196     6.4619      0.518    7.03122     6.4618    24.1165   12.63473 5.8111e+01 0.0000e+00
        168 344.488064    0.01160     0.6958     41.750      0.518  49148.252    30.7197     6.4618      0.513    7.03122     6.4618    24.1166   12.63474 5.8414e+01 0.0000e+00
        169 344.488067    0.01167     0.7000     42.000      0.513  49147.999    30.7195     6.4618      0.508    7.03123     6.4618    24.1164   12.63476 5.8100e+01 0.0000e+00
        170 344.488070    0.01174     0.7042     42.250      0.508  49145.237    30.7176     6.4618      0.503    7.03132     6.4619    24.1149   12.63492 5.7396e+01 0.0000e+00
        171 344.488073    0.01181     0.7083     42.500      0.505  49140.451    30.7143     6.4619      0.500    7.03147     6.4619    24.1123   12.63521 5.6813e+01 0.0000e+00
        172 344.488076    0.01188     0.7125     42.750      0.504  49135.343    30.7108     6.4619      0.499    7.03162     6.4619    24.1096   12.63551 5.6422e+01 0.0000e+00
        173 344.488079    0.01194     0.7167     43.000      0.506  49130.954    30.7078     6.4619      0.501    7.03176     6.4619    24.1072   12.63578 5.6220e+01 0.0000e+00
        174 344.488082    0.01201     0.7208     43.250      0.509  49128.171    30.7058     6.4619      0.504    7.03185     6.4618    24.1056   12.63595 5.5786e+01 0.0000e+00
        175 344.488084    0.01208     0.7250     43.500      0.515  49126.541    30.7047     6.4619      0.510    7.03191     6.4617    24.1047   12.63605 5.5271e+01 0.0000e+00
        176 344.488087    0.01215     0.7292     43.750      0.523  49123.795    30.7028     6.4619      0.518    7.03201     6.4616    24.1032   12.63624 5.5159e+01 0.0000e+00
        177 344.488090    0.01222     0.7333     44.000      0.532  49119.182    30.6996     6.4618      0.527    7.03217     6.4613    24.1007   12.63656 5.5157e+01 0.0000e+00
        178 344.488093    0.01229     0.7375     44.250      0.538  49113.934    30.6959     6.4616      0.533    7.03237     6.4610    24.0979   12.63693 5.5165e+01 0.0000e+00
        179 344.488096    0.01236     0.7417     44.500      0.541  49109.353    30.6927     6.4614      0.536    7.03256     6.4606    24.0954   12.63728 5.5508e+01 0.0000e+00
        180 344.488099    0.01243     0.7458     44.750      0.538  49106.493    30.6907     6.4611      0.533    7.03270     6.4602    24.0938   12.63755 5.6092e+01 0.0000e+00
