CTD-processing/allCTD/CNV--turbid/2015_02-12_t4_s01_cast183.cnv
* Sea-Bird SBE19plus Data File:
* FileName = C:\Users\kris.holderied\Documents\kasitsna\Research-Projects-and-Data\Oceanography-AK\CTD-Data-ALL-to-2014-10\2015-CTD-KachemakBay-CookInlet\2015-02-EVOSTC-CookInlet-quarterly\2015-02-12-CookInlet-Tran4-Barabara\2015-02-12-CookInlet-Tran4-cast183.hex
* Software Version 1.59
* Temperature SN =  4141
* Conductivity SN =  4141
* System UpLoad Time = Feb 12 2015 13:18:25
** Cook Inlet LTM Tran4 (Barabara) South to North
** Date: 02-12
** Station: 4-01
** Start time (AKST): 10:26
** Depth (m): 17
** Comment:
** Comment: Vessel is ADFG R/V Pandalus.
# nquan = 16
# nvalues = 397                         
# units = specified
# name 0 = scan: Scan Count
# name 1 = timeJ: Julian Days
# name 2 = timeH: Time, Elapsed [hours]
# name 3 = timeM: Time, Elapsed [minutes]
# name 4 = timeS: Time, Elapsed [seconds]
# name 5 = prdM: Pressure, Strain Gauge [db]
# name 6 = specc: Specific Conductance [uS/cm]
# name 7 = sal00: Salinity, Practical [PSU]
# name 8 = tv290C: Temperature [ITS-90, deg C]
# name 9 = depSM: Depth [salt water, m], lat = 59.00
# name 10 = oxsolML/L: Oxygen Saturation, Garcia & Gordon [ml/l]
# name 11 = potemp090C: Potential Temperature [ITS-90, deg C]
# name 12 = sigma-é00: Density [sigma-theta, kg/m^3]
# name 13 = n2satML/L: Nitrogen Saturation [ml/l]
# name 14 = par: PAR/Irradiance, Biospherical/Licor
# name 15 = flag:  0.000e+00
# span 0 =          1,        397       
# span 1 =  43.434931,  43.436076       
# span 2 =    0.00000,    0.02750       
# span 3 =     0.0000,     1.6500       
# span 4 =      0.000,     99.000       
# span 5 =     -0.157,     17.180       
# span 6 =    134.020,  50655.445       
# span 7 =     0.0598,    31.4970       
# span 8 =     4.8560,     5.1840       
# span 9 =     -0.155,     17.019       
# span 10 =    7.20956,    8.96567      
# span 11 =     4.8560,     5.1832      
# span 12 =     0.0170,    24.8836      
# span 13 =   12.91959,   16.30390      
# span 14 = 3.3974e+00, 8.5942e+01      
# span 15 = 0.0000e+00, 0.0000e+00      
# interval = seconds: 0.25
# start_time = Feb 12 2015 10:26:18 [Instrument's time stamp, header]
# bad_flag = -9.990e-29
*END*
[from data line 272]
        273  43.435718    0.01889     1.1333     68.000      1.161  50551.551    31.4138     5.0694      1.150    7.23305     5.0743    24.8257   12.95938 2.7909e+01 0.0000e+00
        274  43.435720    0.01896     1.1375     68.250      1.156  50548.345    31.4121     5.0719      1.145    7.23268     5.0769    24.8241   12.95879 2.8690e+01 0.0000e+00
        275  43.435723    0.01903     1.1417     68.500      1.138  50549.460    31.4134     5.0744      1.127    7.23219     5.0796    24.8249   12.95796 2.9555e+01 0.0000e+00
        276  43.435726    0.01910     1.1458     68.750      1.106  50557.185    31.4193     5.0769      1.096    7.23146     5.0825    24.8293   12.95668 3.0185e+01 0.0000e+00
        277  43.435729    0.01917     1.1500     69.000      1.062  50570.375    31.4290     5.0796      1.052    7.23054     5.0855    24.8366   12.95503 3.0605e+01 0.0000e+00
        278  43.435732    0.01924     1.1542     69.250      1.009  50583.383    31.4385     5.0825      0.999    7.22958     5.0882    24.8439   12.95332 3.0956e+01 0.0000e+00
        279  43.435735    0.01931     1.1583     69.500      0.951  50592.911    31.4457     5.0855      0.941    7.22871     5.0903    24.8493   12.95180 3.1174e+01 0.0000e+00
        280  43.435738    0.01938     1.1625     69.750      0.894  50598.954    31.4505     5.0882      0.885    7.22801     5.0917    24.8527   12.95058 3.1319e+01 0.0000e+00
        281  43.435741    0.01944     1.1667     70.000      0.844  50602.392    31.4534     5.0903      0.836    7.22751     5.0926    24.8547   12.94972 3.1259e+01 0.0000e+00
        282  43.435744    0.01951     1.1708     70.250      0.807  50604.539    31.4552     5.0917      0.800    7.22718     5.0931    24.8560   12.94914 3.0810e+01 0.0000e+00
        283  43.435747    0.01958     1.1750     70.500      0.785  50606.078    31.4564     5.0926      0.778    7.22697     5.0933    24.8569   12.94878 3.0231e+01 0.0000e+00
        284  43.435749    0.01965     1.1792     70.750      0.777  50607.092    31.4572     5.0931      0.770    7.22684     5.0933    24.8575   12.94857 2.9731e+01 0.0000e+00
        285  43.435752    0.01972     1.1833     71.000      0.784  50607.756    31.4577     5.0934      0.776    7.22678     5.0933    24.8579   12.94845 2.8963e+01 0.0000e+00
        286  43.435755    0.01979     1.1875     71.250      0.804  50608.322    31.4581     5.0934      0.796    7.22675     5.0931    24.8582   12.94840 2.7979e+01 0.0000e+00
        287  43.435758    0.01986     1.1917     71.500      0.838  50608.742    31.4584     5.0934      0.829    7.22674     5.0928    24.8584   12.94839 2.7234e+01 0.0000e+00
        288  43.435761    0.01993     1.1958     71.750      0.884  50608.881    31.4584     5.0932      0.875    7.22677     5.0924    24.8584   12.94843 2.6569e+01 0.0000e+00
        289  43.435764    0.02000     1.2000     72.000      0.942  50608.776    31.4582     5.0929      0.933    7.22683     5.0918    24.8583   12.94853 2.5874e+01 0.0000e+00
        290  43.435767    0.02007     1.2042     72.250      1.008  50608.885    31.4582     5.0924      0.999    7.22691     5.0914    24.8583   12.94867 2.5339e+01 0.0000e+00
        291  43.435770    0.02014     1.2083     72.500      1.079  50609.451    31.4584     5.0919      1.069    7.22699     5.0911    24.8586   12.94880 2.5128e+01 0.0000e+00
        292  43.435773    0.02021     1.2125     72.750      1.146  50609.975    31.4587     5.0914      1.135    7.22706     5.0909    24.8588   12.94891 2.5376e+01 0.0000e+00
        293  43.435775    0.02028     1.2167     73.000      1.202  50610.134    31.4587     5.0911      1.190    7.22711     5.0908    24.8589   12.94899 2.5904e+01 0.0000e+00
        294  43.435778    0.02035     1.2208     73.250      1.239  50609.906    31.4585     5.0910      1.227    7.22716     5.0909    24.8587   12.94907 2.6466e+01 0.0000e+00
        295  43.435781    0.02042     1.2250     73.500      1.250  50608.821    31.4577     5.0909      1.239    7.22720     5.0909    24.8581   12.94915 2.7132e+01 0.0000e+00
        296  43.435784    0.02049     1.2292     73.750      1.234  50606.222    31.4559     5.0910      1.222    7.22728     5.0910    24.8567   12.94930 2.8002e+01 0.0000e+00
        297  43.435787    0.02056     1.2333     74.000      1.190  50601.707    31.4529     5.0910      1.179    7.22741     5.0911    24.8543   12.94956 2.9044e+01 0.0000e+00
        298  43.435790    0.02063     1.2375     74.250      1.122  50594.435    31.4479     5.0911      1.112    7.22764     5.0912    24.8504   12.95001 2.9980e+01 0.0000e+00
        299  43.435793    0.02069     1.2417     74.500      1.038  50582.478    31.4397     5.0911      1.029    7.22803     5.0914    24.8439   12.95075 3.0670e+01 0.0000e+00
        300  43.435796    0.02076     1.2458     74.750      0.949  50562.563    31.4261     5.0912      0.940    7.22867     5.0916    24.8331   12.95198 3.1051e+01 0.0000e+00
        301  43.435799    0.02083     1.2500     75.000      0.865  50550.159    31.4177     5.0914      0.857    7.22905     5.0918    24.8264   12.95272 3.1029e+01 0.0000e+00
        302  43.435802    0.02090     1.2542     75.250      0.796  50562.789    31.4264     5.0916      0.789    7.22859     5.0921    24.8333   12.95185 3.0758e+01 0.0000e+00
        303  43.435804    0.02097     1.2583     75.500      0.748  50582.909    31.4403     5.0919      0.742    7.22787     5.0924    24.8443   12.95049 3.0224e+01 0.0000e+00
        304  43.435807    0.02104     1.2625     75.750      0.726  50594.922    31.4487     5.0922      0.719    7.22742     5.0926    24.8509   12.94964 2.9553e+01 0.0000e+00
        305  43.435810    0.02111     1.2667     76.000      0.730  50601.958    31.4536     5.0924      0.723    7.22714     5.0927    24.8547   12.94910 2.8902e+01 0.0000e+00
        306  43.435813    0.02118     1.2708     76.250      0.756  50605.835    31.4563     5.0926      0.749    7.22697     5.0926    24.8568   12.94879 2.8255e+01 0.0000e+00
        307  43.435816    0.02125     1.2750     76.500      0.801  50607.879    31.4577     5.0927      0.794    7.22689     5.0924    24.8579   12.94863 2.7624e+01 0.0000e+00
        308  43.435819    0.02132     1.2792     76.750      0.858  50609.183    31.4585     5.0926      0.850    7.22686     5.0921    24.8586   12.94858 2.7102e+01 0.0000e+00
        309  43.435822    0.02139     1.2833     77.000      0.920  50610.291    31.4592     5.0924      0.911    7.22687     5.0920    24.8591   12.94858 2.6693e+01 0.0000e+00
        310  43.435825    0.02146     1.2875     77.250      0.981  50611.337    31.4598     5.0922      0.972    7.22688     5.0919    24.8597   12.94858 2.6204e+01 0.0000e+00
        311  43.435828    0.02153     1.2917     77.500      1.039  50612.246    31.4604     5.0921      1.029    7.22688     5.0920    24.8601   12.94857 2.5615e+01 0.0000e+00
        312  43.435830    0.02160     1.2958     77.750      1.091  50612.939    31.4608     5.0920      1.081    7.22686     5.0922    24.8605   12.94854 2.5099e+01 0.0000e+00
        313  43.435833    0.02167     1.3000     78.000      1.141  50613.541    31.4612     5.0921      1.131    7.22683     5.0926    24.8608   12.94848 2.4894e+01 0.0000e+00
        314  43.435836    0.02174     1.3042     78.250      1.197  50614.244    31.4617     5.0923      1.185    7.22676     5.0933    24.8612   12.94837 2.4945e+01 0.0000e+00
        315  43.435839    0.02181     1.3083     78.500      1.267  50615.166    31.4624     5.0928      1.255    7.22666     5.0944    24.8617   12.94819 2.4868e+01 0.0000e+00
        316  43.435842    0.02187     1.3125     78.750      1.364  50616.417    31.4634     5.0935      1.352    7.22649     5.0959    24.8624   12.94789 2.4434e+01 0.0000e+00
        317  43.435845    0.02194     1.3167     79.000      1.498  50617.706    31.4644     5.0946      1.485    7.22625     5.0977    24.8631   12.94748 2.3609e+01 0.0000e+00
        318  43.435848    0.02201     1.3208     79.250      1.662  50618.318    31.4651     5.0961      1.647    7.22595     5.0995    24.8634   12.94698 2.2552e+01 0.0000e+00
        319  43.435851    0.02208     1.3250     79.500      1.840  50618.067    31.4652     5.0979      1.823    7.22564     5.1011    24.8633   12.94646 2.1567e+01 0.0000e+00
        320  43.435854    0.02215     1.3292     79.750      2.019  50617.319    31.4650     5.0997      2.000    7.22534     5.1024    24.8630   12.94597 2.0758e+01 0.0000e+00
        321  43.435856    0.02222     1.3333     80.000      2.193  50616.447    31.4647     5.1012      2.172    7.22508     5.1034    24.8625   12.94555 2.0111e+01 0.0000e+00
        322  43.435859    0.02229     1.3375     80.250      2.359  50615.775    31.4644     5.1025      2.337    7.22487     5.1043    24.8622   12.94521 1.9590e+01 0.0000e+00
        323  43.435862    0.02236     1.3417     80.500      2.520  50615.557    31.4644     5.1036      2.496    7.22469     5.1050    24.8620   12.94491 1.9119e+01 0.0000e+00
        324  43.435865    0.02243     1.3458     80.750      2.677  50616.165    31.4649     5.1044      2.652    7.22451     5.1060    24.8624   12.94462 1.8642e+01 0.0000e+00
        325  43.435868    0.02250     1.3500     81.000      2.836  50618.463    31.4666     5.1052      2.810    7.22429     5.1076    24.8636   12.94424 1.8114e+01 0.0000e+00
        326  43.435871    0.02257     1.3542     81.250      3.004  50623.147    31.4699     5.1062      2.976    7.22396     5.1101    24.8662   12.94365 1.7522e+01 0.0000e+00
        327  43.435874    0.02264     1.3583     81.500      3.186  50630.111    31.4749     5.1078      3.156    7.22345     5.1140    24.8700   12.94273 1.6886e+01 0.0000e+00
        328  43.435877    0.02271     1.3625     81.750      3.386  50639.250    31.4817     5.1104      3.355    7.22268     5.1194    24.8750   12.94138 1.6211e+01 0.0000e+00
        329  43.435880    0.02278     1.3667     82.000      3.607  50648.792    31.4890     5.1143      3.574    7.22165     5.1258    24.8804   12.93959 1.5501e+01 0.0000e+00
        330  43.435883    0.02285     1.3708     82.250      3.848  50654.251    31.4937     5.1197      3.812    7.22049     5.1320    24.8836   12.93760 1.4773e+01 0.0000e+00
        331  43.435885    0.02292     1.3750     82.500      4.106  50653.486    31.4944     5.1261      4.067    7.21935     5.1371    24.8834   12.93571 1.4045e+01 0.0000e+00
        332  43.435888    0.02299     1.3792     82.750      4.376  50649.101    31.4926     5.1323      4.335    7.21837     5.1409    24.8813   12.93412 1.3325e+01 0.0000e+00
        333  43.435891    0.02306     1.3833     83.000      4.655  50644.735    31.4906     5.1374      4.611    7.21758     5.1439    24.8791   12.93285 1.2632e+01 0.0000e+00
        334  43.435894    0.02313     1.3875     83.250      4.938  50642.146    31.4895     5.1413      4.892    7.21697     5.1464    24.8778   12.93185 1.1984e+01 0.0000e+00
        335  43.435897    0.02319     1.3917     83.500      5.221  50641.514    31.4895     5.1443      5.172    7.21646     5.1490    24.8776   12.93101 1.1394e+01 0.0000e+00
        336  43.435900    0.02326     1.3958     83.750      5.499  50642.546    31.4906     5.1468      5.447    7.21597     5.1519    24.8782   12.93018 1.0875e+01 0.0000e+00
        337  43.435903    0.02333     1.4000     84.000      5.769  50644.406    31.4923     5.1494      5.714    7.21544     5.1553    24.8792   12.92928 1.0437e+01 0.0000e+00
        338  43.435906    0.02340     1.4042     84.250      6.028  50645.653    31.4937     5.1524      5.971    7.21485     5.1587    24.8800   12.92830 1.0086e+01 0.0000e+00
        339  43.435909    0.02347     1.4083     84.500      6.274  50645.093    31.4939     5.1558      6.215    7.21426     5.1615    24.8798   12.92732 9.8244e+00 0.0000e+00
        340  43.435911    0.02354     1.4125     84.750      6.506  50642.698    31.4929     5.1592      6.445    7.21373     5.1636    24.8786   12.92645 9.6452e+00 0.0000e+00
        341  43.435914    0.02361     1.4167     85.000      6.724  50639.437    31.4911     5.1620      6.661    7.21332     5.1648    24.8769   12.92580 9.5352e+00 0.0000e+00
        342  43.435917    0.02368     1.4208     85.250      6.925  50636.474    31.4894     5.1641      6.860    7.21305     5.1654    24.8754   12.92537 9.4767e+00 0.0000e+00
        343  43.435920    0.02375     1.4250     85.500      7.109  50634.359    31.4881     5.1653      7.042    7.21289     5.1655    24.8742   12.92513 9.4506e+00 0.0000e+00
        344  43.435923    0.02382     1.4292     85.750      7.279  50632.981    31.4872     5.1659      7.210    7.21284     5.1653    24.8734   12.92505 9.4393e+00 0.0000e+00
        345  43.435926    0.02389     1.4333     86.000      7.437  50632.304    31.4867     5.1661      7.368    7.21284     5.1650    24.8730   12.92506 9.4275e+00 0.0000e+00
        346  43.435929    0.02396     1.4375     86.250      7.589  50632.261    31.4866     5.1659      7.518    7.21288     5.1647    24.8729   12.92512 9.4007e+00 0.0000e+00
        347  43.435932    0.02403     1.4417     86.500      7.739  50632.481    31.4866     5.1656      7.666    7.21292     5.1645    24.8729   12.92519 9.3466e+00 0.0000e+00
        348  43.435935    0.02410     1.4458     86.750      7.891  50632.804    31.4867     5.1653      7.818    7.21296     5.1644    24.8730   12.92526 9.2576e+00 0.0000e+00
        349  43.435938    0.02417     1.4500     87.000      8.052  50633.615    31.4871     5.1651      7.977    7.21298     5.1647    24.8734   12.92529 9.1308e+00 0.0000e+00
        350  43.435940    0.02424     1.4542     87.250      8.225  50635.219    31.4881     5.1650      8.148    7.21295     5.1655    24.8742   12.92522 8.9652e+00 0.0000e+00
        351  43.435943    0.02431     1.4583     87.500      8.412  50637.504    31.4897     5.1653      8.333    7.21283     5.1669    24.8754   12.92500 8.7612e+00 0.0000e+00
        352  43.435946    0.02438     1.4625     87.750      8.615  50639.799    31.4914     5.1661      8.534    7.21260     5.1689    24.8766   12.92461 8.5216e+00 0.0000e+00
        353  43.435949    0.02444     1.4667     88.000      8.834  50641.661    31.4928     5.1676      8.752    7.21228     5.1713    24.8776   12.92406 8.2563e+00 0.0000e+00
        354  43.435952    0.02451     1.4708     88.250      9.071  50643.564    31.4944     5.1695      8.986    7.21187     5.1743    24.8787   12.92335 7.9760e+00 0.0000e+00
        355  43.435955    0.02458     1.4750     88.500      9.324  50645.419    31.4961     5.1720      9.237    7.21136     5.1776    24.8798   12.92249 7.6883e+00 0.0000e+00
        356  43.435958    0.02465     1.4792     88.750      9.590  50645.929    31.4970     5.1751      9.500    7.21080     5.1803    24.8801   12.92156 7.4021e+00 0.0000e+00
        357  43.435961    0.02472     1.4833     89.000      9.863  50643.996    31.4962     5.1783      9.771    7.21028     5.1822    24.8792   12.92071 7.1285e+00 0.0000e+00
        358  43.435964    0.02479     1.4875     89.250     10.138  50640.629    31.4943     5.1811     10.043    7.20989     5.1831    24.8774   12.92009 6.8783e+00 0.0000e+00
        359  43.435966    0.02486     1.4917     89.500     10.407  50637.621    31.4925     5.1830     10.309    7.20965     5.1832    24.8757   12.91972 6.6630e+00 0.0000e+00
        360  43.435969    0.02493     1.4958     89.750     10.661  50635.285    31.4910     5.1839     10.561    7.20956     5.1827    24.8744   12.91959 6.4910e+00 0.0000e+00
        361  43.435972    0.02500     1.5000     90.000     10.894  50633.509    31.4897     5.1840     10.792    7.20960     5.1818    24.8734   12.91967 6.3645e+00 0.0000e+00
