CTD-processing/allCTD/CNV--turbid/2015_09-24_t9_s02_cast194.cnv
* Sea-Bird SBE19plus Data File:
* FileName = C:\Users\Kris.Holderied\Documents\kasitsna\Research-KBL\Oceanography-AK\CTD-Data-ALL-to-2015-06\2015-CTD-KachemakBay-CookInlet\2015-09-24-CookInlet-HomerSpit-special\2015-09-24-CookInlet-Tran9-cast194.hex
* Software Version 1.59
* Temperature SN =  5028
* Conductivity SN =  5028
* System UpLoad Time = Oct 19 2015 12:30:26
** Cook Inlet LTM Transect 9 Homer Spit special

** Date: 09-24
** Station: 9-02
** Start time (AKDT): 14:22
** Depth (m): 77.4
** Comment:  R/V Edgecumbe
** Comment:
# nquan = 16
# nvalues = 677                         
# units = specified
# name 0 = scan: Scan Count
# name 1 = timeJ: Julian Days
# name 2 = timeH: Time, Elapsed [hours]
# name 3 = timeM: Time, Elapsed [minutes]
# name 4 = timeS: Time, Elapsed [seconds]
# name 5 = prdM: Pressure, Strain Gauge [db]
# name 6 = specc: Specific Conductance [uS/cm]
# name 7 = sal00: Salinity, Practical [PSU]
# name 8 = tv290C: Temperature [ITS-90, deg C]
# name 9 = depSM: Depth [salt water, m], lat = 59.00
# name 10 = oxsolML/L: Oxygen Saturation, Garcia & Gordon [ml/l]
# name 11 = potemp090C: Potential Temperature [ITS-90, deg C]
# name 12 = sigma-é00: Density [sigma-theta, kg/m^3]
# name 13 = n2satML/L: Nitrogen Saturation [ml/l]
# name 14 = par: PAR/Irradiance, Biospherical/Licor
# name 15 = flag:  0.000e+00
# span 0 =          1,        677       
# span 1 = 267.599120, 267.601076       
# span 2 =    0.00000,    0.04694       
# span 3 =     0.0000,     2.8167       
# span 4 =      0.000,    169.000       
# span 5 =     -0.098,     69.201       
# span 6 =   3914.658,  49191.962       
# span 7 =     2.0364,    31.1937       
# span 8 =     8.8944,    10.1178       
# span 9 =     -0.097,     68.543       
# span 10 =    6.47876,    8.00313      
# span 11 =     8.8944,    10.1175      
# span 12 =     1.3942,    24.0632      
# span 13 =   11.72174,   14.65357      
# span 14 = 5.5947e-02, 1.9292e+03      
# span 15 = 0.0000e+00, 0.0000e+00      
# interval = seconds: 0.25
# start_time = Sep 24 2015 14:22:44 [Instrument's time stamp, header]
# bad_flag = -9.990e-29
*END*
[from data line 362]
        363 267.600168    0.02514     1.5083     90.500      9.562  48888.772    31.0571     9.9005      9.472    6.49053     9.8832    23.8912   11.73575 6.5090e+01 0.0000e+00
        364 267.600171    0.02521     1.5125     90.750      9.824  48891.374    31.0579     9.8932      9.732    6.49154     9.8724    23.8930   11.73740 6.2939e+01 0.0000e+00
        365 267.600174    0.02528     1.5167     91.000     10.088  48894.491    31.0588     9.8842      9.993    6.49278     9.8602    23.8952   11.73944 6.0539e+01 0.0000e+00
        366 267.600177    0.02535     1.5208     91.250     10.354  48898.506    31.0601     9.8735     10.256    6.49426     9.8469    23.8980   11.74187 5.8037e+01 0.0000e+00
        367 267.600179    0.02542     1.5250     91.500     10.624  48902.701    31.0614     9.8613     10.524    6.49594     9.8332    23.9010   11.74464 5.5629e+01 0.0000e+00
        368 267.600182    0.02549     1.5292     91.750     10.900  48907.454    31.0630     9.8481     10.797    6.49776     9.8203    23.9043   11.74765 5.3374e+01 0.0000e+00
        369 267.600185    0.02556     1.5333     92.000     11.180  48914.353    31.0660     9.8344     11.075    6.49958     9.8093    23.9088   11.75062 5.1251e+01 0.0000e+00
        370 267.600188    0.02562     1.5375     92.250     11.464  48923.309    31.0706     9.8215     11.356    6.50122     9.8007    23.9144   11.75330 4.9227e+01 0.0000e+00
        371 267.600191    0.02569     1.5417     92.500     11.750  48932.669    31.0756     9.8105     11.640    6.50258     9.7945    23.9201   11.75549 4.7253e+01 0.0000e+00
        372 267.600194    0.02576     1.5458     92.750     12.041  48940.986    31.0803     9.8020     11.929    6.50361     9.7902    23.9251   11.75714 4.5300e+01 0.0000e+00
        373 267.600197    0.02583     1.5500     93.000     12.338  48947.359    31.0839     9.7958     12.222    6.50434     9.7873    23.9289   11.75831 4.3389e+01 0.0000e+00
        374 267.600200    0.02590     1.5542     93.250     12.640  48951.628    31.0862     9.7916     12.522    6.50485     9.7852    23.9314   11.75912 4.1550e+01 0.0000e+00
        375 267.600203    0.02597     1.5583     93.500     12.946  48954.424    31.0876     9.7887     12.825    6.50520     9.7838    23.9330   11.75968 3.9789e+01 0.0000e+00
        376 267.600205    0.02604     1.5625     93.750     13.255  48956.488    31.0887     9.7866     13.131    6.50544     9.7827    23.9342   11.76007 3.8102e+01 0.0000e+00
        377 267.600208    0.02611     1.5667     94.000     13.563  48957.966    31.0894     9.7852     13.435    6.50562     9.7819    23.9350   11.76035 3.6492e+01 0.0000e+00
        378 267.600211    0.02618     1.5708     94.250     13.870  48958.759    31.0897     9.7842     13.740    6.50575     9.7810    23.9354   11.76056 3.4963e+01 0.0000e+00
        379 267.600214    0.02625     1.5750     94.500     14.179  48959.002    31.0897     9.7834     14.046    6.50587     9.7799    23.9355   11.76076 3.3517e+01 0.0000e+00
        380 267.600217    0.02632     1.5792     94.750     14.490  48958.941    31.0894     9.7825     14.354    6.50601     9.7786    23.9355   11.76098 3.2143e+01 0.0000e+00
        381 267.600220    0.02639     1.5833     95.000     14.805  48958.707    31.0889     9.7815     14.666    6.50617     9.7769    23.9353   11.76126 3.0820e+01 0.0000e+00
        382 267.600223    0.02646     1.5875     95.250     15.122  48958.574    31.0885     9.7802     14.980    6.50638     9.7751    23.9352   11.76161 2.9540e+01 0.0000e+00
        383 267.600226    0.02653     1.5917     95.500     15.441  48958.951    31.0885     9.7785     15.296    6.50661     9.7732    23.9354   11.76201 2.8309e+01 0.0000e+00
        384 267.600229    0.02660     1.5958     95.750     15.759  48959.844    31.0887     9.7767     15.611    6.50686     9.7715    23.9359   11.76242 2.7133e+01 0.0000e+00
        385 267.600231    0.02667     1.6000     96.000     16.076  48960.856    31.0891     9.7749     15.925    6.50710     9.7697    23.9365   11.76281 2.6016e+01 0.0000e+00
        386 267.600234    0.02674     1.6042     96.250     16.391  48961.637    31.0893     9.7732     16.237    6.50734     9.7678    23.9369   11.76320 2.4952e+01 0.0000e+00
        387 267.600237    0.02681     1.6083     96.500     16.702  48962.161    31.0893     9.7715     16.546    6.50759     9.7657    23.9372   11.76361 2.3945e+01 0.0000e+00
        388 267.600240    0.02688     1.6125     96.750     17.008  48962.703    31.0893     9.7696     16.849    6.50786     9.7633    23.9375   11.76406 2.3001e+01 0.0000e+00
        389 267.600243    0.02694     1.6167     97.000     17.309  48963.530    31.0895     9.7675     17.147    6.50815     9.7609    23.9380   11.76455 2.2114e+01 0.0000e+00
        390 267.600246    0.02701     1.6208     97.250     17.606  48964.529    31.0898     9.7652     17.441    6.50847     9.7581    23.9386   11.76507 2.1269e+01 0.0000e+00
        391 267.600249    0.02708     1.6250     97.500     17.901  48965.494    31.0900     9.7627     17.733    6.50881     9.7549    23.9392   11.76563 2.0458e+01 0.0000e+00
        392 267.600252    0.02715     1.6292     97.750     18.197  48966.369    31.0901     9.7600     18.026    6.50920     9.7511    23.9397   11.76626 1.9677e+01 0.0000e+00
        393 267.600255    0.02722     1.6333     98.000     18.496  48967.280    31.0902     9.7569     18.322    6.50964     9.7469    23.9403   11.76700 1.8919e+01 0.0000e+00
        394 267.600258    0.02729     1.6375     98.250     18.799  48968.814    31.0907     9.7532     18.622    6.51016     9.7425    23.9413   11.76785 1.8180e+01 0.0000e+00
        395 267.600260    0.02736     1.6417     98.500     19.106  48971.286    31.0918     9.7490     18.926    6.51071     9.7383    23.9428   11.76875 1.7463e+01 0.0000e+00
        396 267.600263    0.02743     1.6458     98.750     19.414  48974.314    31.0932     9.7446     19.232    6.51127     9.7344    23.9446   11.76966 1.6776e+01 0.0000e+00
        397 267.600266    0.02750     1.6500     99.000     19.721  48977.605    31.0949     9.7404     19.536    6.51180     9.7310    23.9465   11.77053 1.6124e+01 0.0000e+00
        398 267.600269    0.02757     1.6542     99.250     20.024  48981.041    31.0967     9.7365     19.836    6.51229     9.7280    23.9486   11.77130 1.5508e+01 0.0000e+00
        399 267.600272    0.02764     1.6583     99.500     20.322  48984.247    31.0984     9.7331     20.131    6.51271     9.7255    23.9505   11.77197 1.4924e+01 0.0000e+00
        400 267.600275    0.02771     1.6625     99.750     20.617  48986.877    31.0997     9.7302     20.423    6.51307     9.7231    23.9520   11.77255 1.4368e+01 0.0000e+00
        401 267.600278    0.02778     1.6667    100.000     20.911  48988.966    31.1007     9.7277     20.715    6.51338     9.7209    23.9532   11.77306 1.3833e+01 0.0000e+00
        402 267.600281    0.02785     1.6708    100.250     21.209  48990.753    31.1016     9.7254     21.010    6.51368     9.7187    23.9542   11.77354 1.3310e+01 0.0000e+00
        403 267.600284    0.02792     1.6750    100.500     21.511  48992.410    31.1023     9.7232     21.309    6.51396     9.7166    23.9552   11.77401 1.2800e+01 0.0000e+00
        404 267.600286    0.02799     1.6792    100.750     21.815  48994.009    31.1030     9.7210     21.611    6.51424     9.7145    23.9561   11.77446 1.2305e+01 0.0000e+00
        405 267.600289    0.02806     1.6833    101.000     22.119  48995.565    31.1037     9.7189     21.912    6.51451     9.7123    23.9570   11.77490 1.1830e+01 0.0000e+00
        406 267.600292    0.02813     1.6875    101.250     22.421  48996.974    31.1043     9.7169     22.210    6.51478     9.7102    23.9578   11.77535 1.1379e+01 0.0000e+00
        407 267.600295    0.02819     1.6917    101.500     22.717  48998.269    31.1048     9.7148     22.504    6.51506     9.7079    23.9585   11.77580 1.0951e+01 0.0000e+00
        408 267.600298    0.02826     1.6958    101.750     23.009  48999.678    31.1054     9.7126     22.793    6.51534     9.7057    23.9593   11.77626 1.0545e+01 0.0000e+00
        409 267.600301    0.02833     1.7000    102.000     23.298  49001.248    31.1061     9.7104     23.079    6.51563     9.7035    23.9602   11.77673 1.0155e+01 0.0000e+00
        410 267.600304    0.02840     1.7042    102.250     23.588  49002.854    31.1068     9.7082     23.366    6.51591     9.7014    23.9611   11.77719 9.7769e+00 0.0000e+00
        411 267.600307    0.02847     1.7083    102.500     23.882  49004.398    31.1075     9.7061     23.657    6.51619     9.6994    23.9620   11.77764 9.4068e+00 0.0000e+00
        412 267.600310    0.02854     1.7125    102.750     24.181  49005.888    31.1082     9.7040     23.954    6.51646     9.6973    23.9629   11.77808 9.0440e+00 0.0000e+00
        413 267.600312    0.02861     1.7167    103.000     24.488  49007.419    31.1089     9.7020     24.257    6.51672     9.6953    23.9637   11.77851 8.6876e+00 0.0000e+00
        414 267.600315    0.02868     1.7208    103.250     24.802  49009.026    31.1096     9.7000     24.569    6.51698     9.6933    23.9647   11.77893 8.3377e+00 0.0000e+00
        415 267.600318    0.02875     1.7250    103.500     25.122  49010.642    31.1104     9.6980     24.886    6.51724     9.6913    23.9656   11.77934 7.9956e+00 0.0000e+00
        416 267.600321    0.02882     1.7292    103.750     25.446  49012.227    31.1111     9.6960     25.207    6.51749     9.6893    23.9664   11.77975 7.6628e+00 0.0000e+00
        417 267.600324    0.02889     1.7333    104.000     25.773  49013.767    31.1117     9.6940     25.531    6.51774     9.6871    23.9673   11.78016 7.3404e+00 0.0000e+00
        418 267.600327    0.02896     1.7375    104.250     26.102  49015.215    31.1124     9.6920     25.857    6.51800     9.6849    23.9681   11.78059 7.0296e+00 0.0000e+00
        419 267.600330    0.02903     1.7417    104.500     26.433  49016.541    31.1129     9.6900     26.185    6.51827     9.6824    23.9688   11.78104 6.7311e+00 0.0000e+00
        420 267.600333    0.02910     1.7458    104.750     26.766  49017.874    31.1134     9.6878     26.514    6.51857     9.6799    23.9696   11.78152 6.4448e+00 0.0000e+00
        421 267.600336    0.02917     1.7500    105.000     27.099  49019.550    31.1141     9.6853     26.845    6.51889     9.6776    23.9705   11.78203 6.1704e+00 0.0000e+00
        422 267.600339    0.02924     1.7542    105.250     27.434  49021.742    31.1152     9.6828     27.176    6.51920     9.6757    23.9718   11.78254 5.9071e+00 0.0000e+00
        423 267.600341    0.02931     1.7583    105.500     27.767  49024.127    31.1165     9.6805     27.506    6.51948     9.6742    23.9731   11.78298 5.6551e+00 0.0000e+00
        424 267.600344    0.02937     1.7625    105.750     28.099  49026.222    31.1176     9.6787     27.834    6.51971     9.6731    23.9743   11.78334 5.4166e+00 0.0000e+00
        425 267.600347    0.02944     1.7667    106.000     28.426  49027.826    31.1184     9.6772     28.158    6.51988     9.6721    23.9752   11.78362 5.1928e+00 0.0000e+00
        426 267.600350    0.02951     1.7708    106.250     28.748  49029.048    31.1190     9.6761     28.477    6.52002     9.6712    23.9758   11.78384 4.9826e+00 0.0000e+00
        427 267.600353    0.02958     1.7750    106.500     29.062  49030.062    31.1194     9.6752     28.788    6.52013     9.6704    23.9763   11.78402 4.7842e+00 0.0000e+00
        428 267.600356    0.02965     1.7792    106.750     29.371  49030.952    31.1198     9.6744     29.094    6.52023     9.6695    23.9767   11.78419 4.5957e+00 0.0000e+00
        429 267.600359    0.02972     1.7833    107.000     29.676  49031.789    31.1202     9.6735     29.396    6.52033     9.6684    23.9771   11.78435 4.4158e+00 0.0000e+00
        430 267.600362    0.02979     1.7875    107.250     29.981  49032.625    31.1205     9.6727     29.698    6.52045     9.6672    23.9775   11.78454 4.2434e+00 0.0000e+00
        431 267.600365    0.02986     1.7917    107.500     30.286  49033.430    31.1208     9.6717     30.001    6.52058     9.6658    23.9779   11.78475 4.0778e+00 0.0000e+00
        432 267.600367    0.02993     1.7958    107.750     30.593  49034.277    31.1211     9.6705     30.305    6.52073     9.6641    23.9784   11.78500 3.9180e+00 0.0000e+00
        433 267.600370    0.03000     1.8000    108.000     30.901  49035.359    31.1216     9.6691     30.610    6.52092     9.6621    23.9790   11.78530 3.7638e+00 0.0000e+00
        434 267.600373    0.03007     1.8042    108.250     31.211  49036.819    31.1222     9.6674     30.917    6.52113     9.6601    23.9798   11.78564 3.6151e+00 0.0000e+00
        435 267.600376    0.03014     1.8083    108.500     31.521  49038.836    31.1233     9.6655     31.224    6.52135     9.6582    23.9809   11.78600 3.4712e+00 0.0000e+00
        436 267.600379    0.03021     1.8125    108.750     31.832  49041.531    31.1248     9.6635     31.532    6.52158     9.6567    23.9824   11.78635 3.3323e+00 0.0000e+00
        437 267.600382    0.03028     1.8167    109.000     32.144  49044.759    31.1267     9.6617     31.841    6.52176     9.6558    23.9842   11.78663 3.1986e+00 0.0000e+00
        438 267.600385    0.03035     1.8208    109.250     32.455  49048.302    31.1289     9.6602     32.149    6.52188     9.6554    23.9861   11.78680 3.0699e+00 0.0000e+00
        439 267.600388    0.03042     1.8250    109.500     32.767  49052.130    31.1313     9.6593     32.458    6.52191     9.6556    23.9882   11.78683 2.9462e+00 0.0000e+00
        440 267.600391    0.03049     1.8292    109.750     33.080  49056.292    31.1341     9.6590     32.768    6.52185     9.6564    23.9904   11.78669 2.8273e+00 0.0000e+00
        441 267.600394    0.03056     1.8333    110.000     33.392  49060.886    31.1372     9.6592     33.077    6.52168     9.6581    23.9928   11.78638 2.7127e+00 0.0000e+00
        442 267.600396    0.03062     1.8375    110.250     33.702  49066.211    31.1409     9.6601     33.384    6.52140     9.6606    23.9955   11.78587 2.6020e+00 0.0000e+00
        443 267.600399    0.03069     1.8417    110.500     34.010  49071.833    31.1450     9.6618     33.689    6.52098     9.6638    23.9984   11.78514 2.4951e+00 0.0000e+00
        444 267.600402    0.03076     1.8458    110.750     34.315  49076.140    31.1482     9.6643     33.992    6.52048     9.6672    24.0005   11.78427 2.3912e+00 0.0000e+00
        445 267.600405    0.03083     1.8500    111.000     34.619  49078.391    31.1501     9.6675     34.293    6.51994     9.6704    24.0015   11.78335 2.2901e+00 0.0000e+00
        446 267.600408    0.03090     1.8542    111.250     34.922  49079.264    31.1510     9.6709     34.593    6.51942     9.6733    24.0017   11.78246 2.1913e+00 0.0000e+00
        447 267.600411    0.03097     1.8583    111.500     35.226  49079.193    31.1513     9.6742     34.893    6.51894     9.6755    24.0014   11.78167 2.0948e+00 0.0000e+00
        448 267.600414    0.03104     1.8625    111.750     35.531  49078.250    31.1508     9.6771     35.196    6.51854     9.6771    24.0007   11.78102 2.0004e+00 0.0000e+00
        449 267.600417    0.03111     1.8667    112.000     35.838  49076.861    31.1500     9.6794     35.500    6.51824     9.6780    23.9997   11.78054 1.9086e+00 0.0000e+00
        450 267.600420    0.03118     1.8708    112.250     36.146  49075.808    31.1493     9.6809     35.806    6.51804     9.6787    23.9989   11.78021 1.8203e+00 0.0000e+00
        451 267.600422    0.03125     1.8750    112.500     36.454  49075.683    31.1492     9.6819     36.110    6.51791     9.6792    23.9987   11.77999 1.7367e+00 0.0000e+00
