CTD-processing/allCTD/CNV--turbid/2015_02-24_t7_s23_cast248.cnv
* Sea-Bird SBE19plus Data File:
* FileName = C:\Users\amdoroff\Desktop\2015_02_24_CookInlet_Tran7_Augustine\2015_02_24_CookInlet_Tran7_cast248.hex
* Software Version 1.59
* Temperature SN =  4141
* Conductivity SN =  4141
* System UpLoad Time = Feb 24 2015 13:06:28
** Cook Inlet LTM Tran7 Augustine E to W
** Date 02-24
** Station: 7-23
** Start Time (AKST): 05:34
** Depth (m):  52
** Comment:
** Comment: On R/V Pandalus.
# nquan = 16
# nvalues = 562                         
# units = specified
# name 0 = scan: Scan Count
# name 1 = timeJ: Julian Days
# name 2 = timeH: Time, Elapsed [hours]
# name 3 = timeM: Time, Elapsed [minutes]
# name 4 = timeS: Time, Elapsed [seconds]
# name 5 = prdM: Pressure, Strain Gauge [db]
# name 6 = specc: Specific Conductance [uS/cm]
# name 7 = sal00: Salinity, Practical [PSU]
# name 8 = tv290C: Temperature [ITS-90, deg C]
# name 9 = depSM: Depth [salt water, m], lat = 59.00
# name 10 = oxsolML/L: Oxygen Saturation, Garcia & Gordon [ml/l]
# name 11 = potemp090C: Potential Temperature [ITS-90, deg C]
# name 12 = sigma-é00: Density [sigma-theta, kg/m^3]
# name 13 = n2satML/L: Nitrogen Saturation [ml/l]
# name 14 = par: PAR/Irradiance, Biospherical/Licor
# name 15 = flag:  0.000e+00
# span 0 =          1,        562       
# span 1 =  55.232662,  55.234285       
# span 2 =    0.00000,    0.03896       
# span 3 =     0.0000,     2.3375       
# span 4 =      0.000,    140.250       
# span 5 =      0.049,     53.547       
# span 6 =     89.572,  51682.205       
# span 7 =     0.0446,    32.4782       
# span 8 =     6.1603,    15.6587       
# span 9 =      0.049,     53.040       
# span 10 =    6.66063,    7.04045      
# span 11 =     6.1601,    15.6452      
# span 12 =    -0.9661,    25.5021      
# span 13 =   12.12871,   12.91697      
# span 14 = 3.6382e-02, 8.0490e-01      
# span 15 = 0.0000e+00, 0.0000e+00      
# interval = seconds: 0.25
# start_time = Feb 24 2015 05:35:02 [Instrument's time stamp, header]
# bad_flag = -9.990e-29
*END*
[from data line 181]
        182  55.233186    0.01257     0.7542     45.250      1.447  49924.805    31.4947     7.8494      1.434    6.77542     7.8674    24.5434   12.20200 8.0667e-02 0.0000e+00
        183  55.233189    0.01264     0.7583     45.500      1.434  49918.120    31.4915     7.8585      1.421    6.77417     7.8753    24.5396   12.19997 7.9361e-02 0.0000e+00
        184  55.233192    0.01271     0.7625     45.750      1.423  49919.077    31.4936     7.8675      1.410    6.77268     7.8817    24.5400   12.19748 7.8543e-02 0.0000e+00
        185  55.233194    0.01278     0.7667     46.000      1.417  49927.682    31.5009     7.8754      1.404    6.77114     7.8875    24.5446   12.19484 7.7958e-02 0.0000e+00
        186  55.233197    0.01285     0.7708     46.250      1.415  49939.203    31.5100     7.8819      1.402    6.76975     7.8934    24.5508   12.19243 7.7481e-02 0.0000e+00
        187  55.233200    0.01292     0.7750     46.500      1.414  49947.745    31.5169     7.8876      1.401    6.76857     7.8998    24.5554   12.19038 7.7090e-02 0.0000e+00
        188  55.233203    0.01299     0.7792     46.750      1.413  49946.538    31.5170     7.8936      1.400    6.76764     7.9059    24.5547   12.18886 7.6846e-02 0.0000e+00
        189  55.233206    0.01306     0.7833     47.000      1.411  49936.238    31.5108     7.8999      1.398    6.76694     7.9115    24.5489   12.18778 7.6818e-02 0.0000e+00
        190  55.233209    0.01313     0.7875     47.250      1.406  49924.988    31.5039     7.9061      1.393    6.76630     7.9156    24.5426   12.18679 7.6946e-02 0.0000e+00
        191  55.233212    0.01319     0.7917     47.500      1.402  49919.787    31.5011     7.9117      1.389    6.76556     7.9157    24.5397   12.18561 7.7137e-02 0.0000e+00
        192  55.233215    0.01326     0.7958     47.750      1.402  49924.286    31.5049     7.9158      1.388    6.76477     7.9087    24.5421   12.18425 7.7343e-02 0.0000e+00
        193  55.233218    0.01333     0.8000     48.000      1.407  49937.291    31.5140     7.9159      1.394    6.76436     7.8922    24.5492   12.18346 7.7607e-02 0.0000e+00
        194  55.233220    0.01340     0.8042     48.250      1.421  49957.173    31.5268     7.9089      1.408    6.76488     7.8671    24.5602   12.18416 7.7974e-02 0.0000e+00
        195  55.233223    0.01347     0.8083     48.500      1.442  49987.644    31.5454     7.8924      1.428    6.76658     7.8397    24.5771   12.18674 7.8203e-02 0.0000e+00
        196  55.233226    0.01354     0.8125     48.750      1.464  50029.757    31.5708     7.8673      1.451    6.76932     7.8190    24.6006   12.19096 7.8081e-02 0.0000e+00
        197  55.233229    0.01361     0.8167     49.000      1.484  50072.844    31.5966     7.8399      1.470    6.77240     7.8120    24.6247   12.19573 7.7840e-02 0.0000e+00
        198  55.233232    0.01368     0.8208     49.250      1.497  50100.592    31.6126     7.8192      1.483    6.77488     7.8223    24.6402   12.19964 7.7659e-02 0.0000e+00
        199  55.233235    0.01375     0.8250     49.500      1.502  50103.446    31.6135     7.8121      1.488    6.77592     7.8469    24.6418   12.20136 7.7510e-02 0.0000e+00
        200  55.233238    0.01382     0.8292     49.750      1.498  50080.734    31.5993     7.8225      1.484    6.77496     7.8765    24.6292   12.19994 7.7423e-02 0.0000e+00
        201  55.233241    0.01389     0.8333     50.000      1.486  50038.982    31.5740     7.8470      1.472    6.77229     7.9028    24.6059   12.19584 7.7331e-02 0.0000e+00
        202  55.233244    0.01396     0.8375     50.250      1.468  49991.452    31.5455     7.8766      1.455    6.76900     7.9208    24.5794   12.19074 7.7196e-02 0.0000e+00
        203  55.233247    0.01403     0.8417     50.500      1.447  49951.664    31.5219     7.9029      1.433    6.76599     7.9276    24.5572   12.18607 7.7160e-02 0.0000e+00
        204  55.233249    0.01410     0.8458     50.750      1.425  49928.196    31.5084     7.9209      1.412    6.76383     7.9224    24.5441   12.18267 7.7247e-02 0.0000e+00
        205  55.233252    0.01417     0.8500     51.000      1.406  49923.819    31.5064     7.9277      1.393    6.76288     7.9043    24.5415   12.18111 7.7341e-02 0.0000e+00
        206  55.233255    0.01424     0.8542     51.250      1.394  49937.436    31.5151     7.9226      1.381    6.76329     7.8702    24.5491   12.18168 7.7439e-02 0.0000e+00
        207  55.233258    0.01431     0.8583     51.500      1.390  49969.718    31.5348     7.9045      1.377    6.76521     7.8207    24.5670   12.18461 7.7525e-02 0.0000e+00
        208  55.233261    0.01438     0.8625     51.750      1.394  50025.547    31.5683     7.8703      1.381    6.76898     7.7690    24.5981   12.19043 7.7474e-02 0.0000e+00
        209  55.233264    0.01444     0.8667     52.000      1.404  50103.760    31.6150     7.8209      1.391    6.77453     7.7334    24.6417   12.19903 7.7228e-02 0.0000e+00
        210  55.233267    0.01451     0.8708     52.250      1.417  50183.058    31.6621     7.7691      1.403    6.78042     7.7242    24.6859   12.20820 7.6859e-02 0.0000e+00
        211  55.233270    0.01458     0.8750     52.500      1.428  50231.703    31.6903     7.7335      1.415    6.78466     7.7415    24.7131   12.21486 7.6478e-02 0.0000e+00
        212  55.233273    0.01465     0.8792     52.750      1.435  50234.533    31.6907     7.7243      1.422    6.78607     7.7777    24.7148   12.21718 7.6149e-02 0.0000e+00
        213  55.233275    0.01472     0.8833     53.000      1.437  50198.519    31.6684     7.7416      1.423    6.78438     7.8188    24.6948   12.21467 7.5877e-02 0.0000e+00
        214  55.233278    0.01479     0.8875     53.250      1.434  50140.006    31.6334     7.7779      1.421    6.78033     7.8520    24.6623   12.20841 7.5657e-02 0.0000e+00
        215  55.233281    0.01486     0.8917     53.500      1.429  50078.713    31.5972     7.8189      1.415    6.77561     7.8712    24.6281   12.20104 7.5567e-02 0.0000e+00
        216  55.233284    0.01493     0.8958     53.750      1.423  50031.490    31.5695     7.8521      1.410    6.77171     7.8742    24.6018   12.19494 7.5660e-02 0.0000e+00
        217  55.233287    0.01500     0.9000     54.000      1.422  50005.657    31.5546     7.8713      1.408    6.76942     7.8600    24.5873   12.19133 7.5909e-02 0.0000e+00
        218  55.233290    0.01507     0.9042     54.250      1.426  50002.146    31.5526     7.8743      1.413    6.76905     7.8281    24.5853   12.19073 7.6337e-02 0.0000e+00
        219  55.233293    0.01514     0.9083     54.500      1.438  50021.889    31.5641     7.8601      1.425    6.77073     7.7825    24.5963   12.19337 7.6881e-02 0.0000e+00
        220  55.233296    0.01521     0.9125     54.750      1.456  50067.466    31.5908     7.8283      1.443    6.77446     7.7357    24.6218   12.19921 7.7384e-02 0.0000e+00
        221  55.233299    0.01528     0.9167     55.000      1.478  50135.311    31.6309     7.7827      1.465    6.77972     7.7027    24.6596   12.20741 7.7827e-02 0.0000e+00
        222  55.233302    0.01535     0.9208     55.250      1.501  50207.253    31.6736     7.7359      1.487    6.78505     7.6918    24.6996   12.21570 7.8236e-02 0.0000e+00
        223  55.233304    0.01542     0.9250     55.500      1.519  50257.364    31.7032     7.7028      1.505    6.78884     7.7059    24.7275   12.22161 7.8584e-02 0.0000e+00
        224  55.233307    0.01549     0.9292     55.750      1.528  50268.251    31.7090     7.6920      1.514    6.79026     7.7418    24.7336   12.22389 7.8855e-02 0.0000e+00
        225  55.233310    0.01556     0.9333     56.000      1.525  50236.298    31.6890     7.7060      1.511    6.78898     7.7879    24.7159   12.22202 7.8982e-02 0.0000e+00
        226  55.233313    0.01563     0.9375     56.250      1.508  50167.895    31.6470     7.7420      1.494    6.78529     7.8291    24.6779   12.21644 7.8900e-02 0.0000e+00
        227  55.233316    0.01569     0.9417     56.500      1.476  50079.884    31.5930     7.7880      1.462    6.78059     7.8553    24.6290   12.20933 7.8537e-02 0.0000e+00
        228  55.233319    0.01576     0.9458     56.750      1.432  49993.452    31.5392     7.8293      1.419    6.77664     7.8609    24.5810   12.20345 7.7883e-02 0.0000e+00
        229  55.233322    0.01583     0.9500     57.000      1.383  49922.735    31.4939     7.8555      1.370    6.77463     7.8414    24.5418   12.20068 7.7190e-02 0.0000e+00
        230  55.233325    0.01590     0.9542     57.250      1.338  49870.953    31.4586     7.8611      1.326    6.77537     7.7893    24.5131   12.20235 7.6656e-02 0.0000e+00
        231  55.233328    0.01597     0.9583     57.500      1.306  49831.875    31.4280     7.8415      1.294    6.77981     7.6925    24.4917   12.21007 7.6313e-02 0.0000e+00
        232  55.233330    0.01604     0.9625     57.750      1.295  49796.655    31.3947     7.7894      1.283    6.78944     7.5461    24.4727   12.22640 7.6221e-02 0.0000e+00
        233  55.233333    0.01611     0.9667     58.000      1.307  49769.376    31.3596     7.6926      1.295    6.80610     7.3658    24.4584   12.25440 7.6374e-02 0.0000e+00
        234  55.233336    0.01618     0.9708     58.250      1.339  49784.222    31.3456     7.5462      1.326    6.82960     7.1803    24.4674   12.29343 7.6737e-02 0.0000e+00
        235  55.233339    0.01625     0.9750     58.500      1.382  49880.944    31.3827     7.3659      1.369    6.85620     7.0152    24.5210   12.33696 7.7309e-02 0.0000e+00
        236  55.233342    0.01632     0.9792     58.750      1.429  50063.849    31.4786     7.1804      1.416    6.88110     6.8872    24.6213   12.37694 7.8107e-02 0.0000e+00
        237  55.233345    0.01639     0.9833     59.000      1.472  50312.163    31.6230     7.0154      1.458    6.90066     6.8030    24.7570   12.40747 7.9257e-02 0.0000e+00
        238  55.233348    0.01646     0.9875     59.250      1.504  50592.597    31.7959     6.8874      1.490    6.91311     6.7641    24.9100   12.42590 8.1044e-02 0.0000e+00
        239  55.233351    0.01653     0.9917     59.500      1.523  50853.564    31.9628     6.8032      1.508    6.91889     6.7715    25.0525   12.43337 8.3900e-02 0.0000e+00
        240  55.233354    0.01660     0.9958     59.750      1.526  51043.372    32.0881     6.7642      1.512    6.91936     6.8199    25.1564   12.43258 8.7532e-02 0.0000e+00
        241  55.233356    0.01667     1.0000     60.000      1.516  51128.595    32.1490     6.7716      1.502    6.91536     6.8893    25.2034   12.42522 8.9886e-02 0.0000e+00
        242  55.233359    0.01674     1.0042     60.250      1.496  51101.355    32.1390     6.8201      1.482    6.90805     6.9550    25.1892   12.41327 8.9332e-02 0.0000e+00
        243  55.233362    0.01681     1.0083     60.500      1.471  50990.511    32.0744     6.8895      1.457    6.89989     7.0026    25.1294   12.40059 8.6862e-02 0.0000e+00
        244  55.233365    0.01688     1.0125     60.750      1.446  50853.571    31.9909     6.9551      1.433    6.89321     7.0305    25.0550   12.39060 8.4077e-02 0.0000e+00
        245  55.233368    0.01694     1.0167     61.000      1.425  50744.014    31.9232     7.0028      1.412    6.88869     7.0440    24.9955   12.38396 8.1678e-02 0.0000e+00
        246  55.233371    0.01701     1.0208     61.250      1.407  50689.025    31.8900     7.0307      1.394    6.88576     7.0515    24.9656   12.37953 7.9907e-02 0.0000e+00
        247  55.233374    0.01708     1.0250     61.500      1.391  50688.381    31.8920     7.0441      1.378    6.88352     7.0592    24.9654   12.37581 7.8626e-02 0.0000e+00
        248  55.233377    0.01715     1.0292     61.750      1.375  50716.184    31.9127     7.0516      1.362    6.88139     7.0699    24.9808   12.37203 7.7619e-02 0.0000e+00
        249  55.233380    0.01722     1.0333     62.000      1.360  50738.732    31.9298     7.0593      1.347    6.87940     7.0824    24.9932   12.36853 7.6824e-02 0.0000e+00
        250  55.233383    0.01729     1.0375     62.250      1.347  50734.543    31.9288     7.0700      1.334    6.87774     7.0893    24.9910   12.36581 7.6273e-02 0.0000e+00
        251  55.233385    0.01736     1.0417     62.500      1.340  50695.087    31.9035     7.0825      1.327    6.87692     7.0821    24.9694   12.36476 7.5979e-02 0.0000e+00
        252  55.233388    0.01743     1.0458     62.750      1.341  50630.723    31.8598     7.0894      1.329    6.87780     7.0543    24.9341   12.36675 7.5865e-02 0.0000e+00
        253  55.233391    0.01750     1.0500     63.000      1.355  50570.062    31.8162     7.0822      1.342    6.88092     7.0050    24.9007   12.37246 7.5897e-02 0.0000e+00
        254  55.233394    0.01757     1.0542     63.250      1.379  50545.421    31.7941     7.0544      1.366    6.88635     6.9449    24.8870   12.38171 7.6083e-02 0.0000e+00
        255  55.233397    0.01764     1.0583     63.500      1.411  50577.827    31.8079     7.0051      1.398    6.89357     6.8918    24.9043   12.39347 7.6395e-02 0.0000e+00
        256  55.233400    0.01771     1.0625     63.750      1.446  50667.933    31.8599     6.9451      1.433    6.90077     6.8597    24.9532   12.40472 7.6832e-02 0.0000e+00
        257  55.233403    0.01778     1.0667     64.000      1.481  50797.460    31.9406     6.8920      1.467    6.90558     6.8571    25.0236   12.41165 7.7450e-02 0.0000e+00
        258  55.233406    0.01785     1.0708     64.250      1.511  50930.511    32.0274     6.8599      1.497    6.90676     6.8923    25.0961   12.41252 7.8352e-02 0.0000e+00
        259  55.233409    0.01792     1.0750     64.500      1.533  51024.835    32.0925     6.8573      1.519    6.90423     6.9691    25.1477   12.40753 7.9530e-02 0.0000e+00
        260  55.233411    0.01799     1.0792     64.750      1.546  51046.761    32.1140     6.8924      1.532    6.89768     7.0774    25.1600   12.39644 8.0646e-02 0.0000e+00
        261  55.233414    0.01806     1.0833     65.000      1.549  50978.885    32.0803     6.9693      1.535    6.88702     7.1966    25.1233   12.37923 8.1617e-02 0.0000e+00
        262  55.233417    0.01812     1.0875     65.250      1.541  50834.510    31.9987     7.0776      1.527    6.87355     7.3068    25.0448   12.35799 8.3032e-02 0.0000e+00
        263  55.233420    0.01819     1.0917     65.500      1.526  50652.506    31.8927     7.1967      1.512    6.85951     7.3948    24.9455   12.33610 8.4795e-02 0.0000e+00
        264  55.233423    0.01826     1.0958     65.750      1.504  50472.074    31.7860     7.3069      1.490    6.84696     7.4567    24.8468   12.31669 8.6190e-02 0.0000e+00
        265  55.233426    0.01833     1.1000     66.000      1.479  50317.092    31.6930     7.3949      1.465    6.83730     7.4953    24.7618   12.30187 8.6365e-02 0.0000e+00
        266  55.233429    0.01840     1.1042     66.250      1.453  50191.963    31.6164     7.4568      1.439    6.83103     7.5155    24.6931   12.29245 8.4937e-02 0.0000e+00
        267  55.233432    0.01847     1.1083     66.500      1.428  50088.358    31.5507     7.4954      1.414    6.82792     7.5198    24.6362   12.28812 8.2892e-02 0.0000e+00
        268  55.233435    0.01854     1.1125     66.750      1.405  49997.073    31.4904     7.5156      1.391    6.82748     7.5077    24.5861   12.28815 8.0832e-02 0.0000e+00
        269  55.233438    0.01861     1.1167     67.000      1.386  49914.367    31.4334     7.5199      1.373    6.82939     7.4750    24.5407   12.29201 7.9101e-02 0.0000e+00
        270  55.233440    0.01868     1.1208     67.250      1.371  49836.569    31.3771     7.5079      1.358    6.83386     7.4116    24.4980   12.30010 7.8002e-02 0.0000e+00
        271  55.233443    0.01875     1.1250     67.500      1.362  49752.605    31.3129     7.4751      1.349    6.84197     7.3001    24.4518   12.31431 7.7278e-02 0.0000e+00
