CTD-processing/allCTD/CNV--turbid/2015_07-29_t9_s07_cast141.cnv
* Sea-Bird SBE19plus Data File:
* FileName = C:\Users\Kris.Holderied\Documents\kasitsna\Research-KBL\Oceanography-AK\CTD-Data-ALL-to-2015-06\2015-CTD-KachemakBay-CookInlet\2015-07-29-CookInlet-HomerSpit-Monthly\2015-07-29-CookInlet-Tran9-cast141.hex
* Software Version 1.59
* Temperature SN =  5028
* Conductivity SN =  5028
* System UpLoad Time = Aug 13 2015 18:42:34
** Cook Inlet LTM Transect 9 (monthly) North to South
** Date (YYYY-MM-DD): 2015-07-29
** Station (ie. 9-01):  9-07
** Start time (AKDT): 14:15
** Depth (m): 100
** Comment:  R/V Barnacle
** Comment:
# nquan = 16
# nvalues = 851                         
# units = specified
# name 0 = scan: Scan Count
# name 1 = timeJ: Julian Days
# name 2 = timeH: Time, Elapsed [hours]
# name 3 = timeM: Time, Elapsed [minutes]
# name 4 = timeS: Time, Elapsed [seconds]
# name 5 = prdM: Pressure, Strain Gauge [db]
# name 6 = specc: Specific Conductance [uS/cm]
# name 7 = sal00: Salinity, Practical [PSU]
# name 8 = tv290C: Temperature [ITS-90, deg C]
# name 9 = depSM: Depth [salt water, m], lat = 59.00
# name 10 = oxsolML/L: Oxygen Saturation, Garcia & Gordon [ml/l]
# name 11 = potemp090C: Potential Temperature [ITS-90, deg C]
# name 12 = sigma-é00: Density [sigma-theta, kg/m^3]
# name 13 = n2satML/L: Nitrogen Saturation [ml/l]
# name 14 = par: PAR/Irradiance, Biospherical/Licor
# name 15 = flag:  0.000e+00
# span 0 =          1,        851       
# span 1 = 210.590799, 210.593258       
# span 2 =    0.00000,    0.05903       
# span 3 =     0.0000,     3.5417       
# span 4 =      0.000,    212.500       
# span 5 =     -0.017,     95.450       
# span 6 =   9051.154,  49623.631       
# span 7 =     5.2519,    31.3479       
# span 8 =     8.4769,    14.4332       
# span 9 =     -0.016,     94.535       
# span 10 =    6.06543,    7.12580      
# span 11 =     8.4674,    14.4330      
# span 12 =     3.4236,    24.3329      
# span 13 =   11.08209,   13.13015      
# span 14 = 6.3507e-02, 5.0410e+02      
# span 15 = 0.0000e+00, 0.0000e+00      
# interval = seconds: 0.25
# start_time = Jul 29 2015 14:10:45 [Instrument's time stamp, header]
# bad_flag = -9.990e-29
*END*
[from data line 814]
        815 210.593154    0.05653     3.3917    203.500     88.840  49604.274    31.3328     8.5032     87.991    6.68308     8.4908    24.3237   12.05122 6.3947e-02 0.0000e+00
        816 210.593157    0.05660     3.3958    203.750     88.995  49606.170    31.3338     8.5012     88.144    6.68335     8.4896    24.3248   12.05164 6.3933e-02 0.0000e+00
        817 210.593160    0.05667     3.4000    204.000     89.146  49607.490    31.3344     8.4996     88.293    6.68355     8.4886    24.3255   12.05198 6.3938e-02 0.0000e+00
        818 210.593163    0.05674     3.4042    204.250     89.295  49608.526    31.3349     8.4984     88.441    6.68372     8.4878    24.3260   12.05224 6.3942e-02 0.0000e+00
        819 210.593166    0.05681     3.4083    204.500     89.443  49609.353    31.3353     8.4974     88.588    6.68385     8.4870    24.3265   12.05246 6.3937e-02 0.0000e+00
        820 210.593168    0.05688     3.4125    204.750     89.588  49609.771    31.3354     8.4966     88.731    6.68397     8.4860    24.3267   12.05266 6.3931e-02 0.0000e+00
        821 210.593171    0.05694     3.4167    205.000     89.731  49609.610    31.3351     8.4958     88.872    6.68410     8.4846    24.3265   12.05287 6.3926e-02 0.0000e+00
        822 210.593174    0.05701     3.4208    205.250     89.873  49609.207    31.3346     8.4948     89.014    6.68426     8.4830    24.3263   12.05315 6.3918e-02 0.0000e+00
        823 210.593177    0.05708     3.4250    205.500     90.022  49609.290    31.3344     8.4935     89.161    6.68448     8.4813    24.3264   12.05351 6.3909e-02 0.0000e+00
        824 210.593180    0.05715     3.4292    205.750     90.185  49610.204    31.3347     8.4919     89.322    6.68471     8.4799    24.3269   12.05389 6.3900e-02 0.0000e+00
        825 210.593183    0.05722     3.4333    206.000     90.366  49611.698    31.3354     8.4902     89.502    6.68493     8.4789    24.3277   12.05424 6.3884e-02 0.0000e+00
        826 210.593186    0.05729     3.4375    206.250     90.565  49613.259    31.3362     8.4888     89.699    6.68510     8.4781    24.3285   12.05452 6.3863e-02 0.0000e+00
        827 210.593189    0.05736     3.4417    206.500     90.780  49614.416    31.3368     8.4878     89.911    6.68523     8.4774    24.3291   12.05472 6.3839e-02 0.0000e+00
        828 210.593192    0.05743     3.4458    206.750     91.006  49615.018    31.3370     8.4871     90.135    6.68533     8.4767    24.3294   12.05489 6.3808e-02 0.0000e+00
        829 210.593194    0.05750     3.4500    207.000     91.239  49615.212    31.3369     8.4865     90.366    6.68543     8.4757    24.3294   12.05505 6.3779e-02 0.0000e+00
        830 210.593197    0.05757     3.4542    207.250     91.473  49615.204    31.3367     8.4857     90.598    6.68555     8.4745    24.3294   12.05526 6.3763e-02 0.0000e+00
        831 210.593200    0.05764     3.4583    207.500     91.707  49615.393    31.3366     8.4848     90.829    6.68570     8.4732    24.3294   12.05551 6.3751e-02 0.0000e+00
        832 210.593203    0.05771     3.4625    207.750     91.940  49616.109    31.3368     8.4836     91.060    6.68587     8.4721    24.3298   12.05578 6.3743e-02 0.0000e+00
        833 210.593206    0.05778     3.4667    208.000     92.174  49617.089    31.3372     8.4824     91.292    6.68603     8.4711    24.3303   12.05605 6.3730e-02 0.0000e+00
        834 210.593209    0.05785     3.4708    208.250     92.413  49618.006    31.3376     8.4813     91.529    6.68618     8.4703    24.3307   12.05628 6.3710e-02 0.0000e+00
        835 210.593212    0.05792     3.4750    208.500     92.656  49618.891    31.3380     8.4803     91.768    6.68631     8.4696    24.3312   12.05649 6.3692e-02 0.0000e+00
        836 210.593215    0.05799     3.4792    208.750     92.901  49619.760    31.3383     8.4795     92.011    6.68642     8.4690    24.3316   12.05667 6.3678e-02 0.0000e+00
        837 210.593218    0.05806     3.4833    209.000     93.147  49620.560    31.3387     8.4788     92.255    6.68651     8.4686    24.3320   12.05681 6.3663e-02 0.0000e+00
        838 210.593220    0.05813     3.4875    209.250     93.391  49621.276    31.3390     8.4782     92.497    6.68657     8.4683    24.3323   12.05692 6.3648e-02 0.0000e+00
        839 210.593223    0.05819     3.4917    209.500     93.634  49621.836    31.3392     8.4778     92.738    6.68662     8.4681    24.3325   12.05699 6.3631e-02 0.0000e+00
        840 210.593226    0.05826     3.4958    209.750     93.875  49622.207    31.3393     8.4776     92.976    6.68666     8.4679    24.3327   12.05705 6.3609e-02 0.0000e+00
        841 210.593229    0.05833     3.5000    210.000     94.111  49622.470    31.3394     8.4774     93.209    6.68668     8.4678    24.3327   12.05709 6.3579e-02 0.0000e+00
        842 210.593232    0.05840     3.5042    210.250     94.338  49622.702    31.3394     8.4773     93.435    6.68670     8.4678    24.3328   12.05712 6.3551e-02 0.0000e+00
        843 210.593235    0.05847     3.5083    210.500     94.553  49622.900    31.3395     8.4772     93.648    6.68672     8.4677    24.3328   12.05714 6.3538e-02 0.0000e+00
        844 210.593238    0.05854     3.5125    210.750     94.750  49623.030    31.3395     8.4771     93.843    6.68672     8.4677    24.3328   12.05716 6.3537e-02 0.0000e+00
        845 210.593241    0.05861     3.5167    211.000     94.924  49623.107    31.3395     8.4771     94.015    6.68673     8.4676    24.3328   12.05717 6.3533e-02 0.0000e+00
        846 210.593244    0.05868     3.5208    211.250     95.074  49623.175    31.3394     8.4771     94.163    6.68674     8.4675    24.3328   12.05718 6.3518e-02 0.0000e+00
        847 210.593247    0.05875     3.5250    211.500     95.200  49623.246    31.3394     8.4770     94.288    6.68675     8.4675    24.3328   12.05719 6.3507e-02 0.0000e+00
        848 210.593249    0.05882     3.5292    211.750     95.304  49623.340    31.3394     8.4770     94.391    6.68675     8.4674    24.3328   12.05720 6.3507e-02 0.0000e+00
        849 210.593252    0.05889     3.5333    212.000     95.383  49623.463    31.3394     8.4769     94.469    6.68676     8.4674    24.3328   12.05721 6.3513e-02 0.0000e+00
        850 210.593255    0.05896     3.5375    212.250     95.433  49623.580    31.3395     8.4769     94.518    6.68676 -9.990e-29    24.3329   12.05721 6.3518e-02 0.0000e+00
        851 210.593258    0.05903     3.5417    212.500     95.450  49623.631    31.3395     8.4769     94.535    6.68676 -9.990e-29    24.3329   12.05721 6.3520e-02 0.0000e+00
