CTD-processing/allCTD/CNV--turbid/2015_01-16_t9_s06_cast177.cnv
* Sea-Bird SBE19plus Data File:
* FileName = C:\Users\kris.holderied\Documents\kasitsna\Research-Projects-and-Data\Oceanography-AK\CTD-Data-ALL-to-2014-10\2015-CTD-KachemakBay-CookInlet\2015-01-16-CookInlet-HomerSpit-monthly\2015-01-16-CookInlet-Tran9-cast177.hex
* Software Version 1.59
* Temperature SN =  4141
* Conductivity SN =  4141
* System UpLoad Time = Feb 11 2015 17:05:47
** Cook Inlet LTM Tran9 (Homer Spit) North to South
** Date: 01-16
** Station: 9-06
** Start time:  14:39
** Depth (m): 98.8
** Comment:  CTD time is local time (AKST). CTD only transect.
** Comment: Vessel is Kasitsna Bay Lab R/V Barnacle.
# nquan = 16
# nvalues = 880                         
# units = specified
# name 0 = scan: Scan Count
# name 1 = timeJ: Julian Days
# name 2 = timeH: Time, Elapsed [hours]
# name 3 = timeM: Time, Elapsed [minutes]
# name 4 = timeS: Time, Elapsed [seconds]
# name 5 = prdM: Pressure, Strain Gauge [db]
# name 6 = specc: Specific Conductance [uS/cm]
# name 7 = sal00: Salinity, Practical [PSU]
# name 8 = tv290C: Temperature [ITS-90, deg C]
# name 9 = depSM: Depth [salt water, m], lat = 59.00
# name 10 = oxsolML/L: Oxygen Saturation, Garcia & Gordon [ml/l]
# name 11 = potemp090C: Potential Temperature [ITS-90, deg C]
# name 12 = sigma-é00: Density [sigma-theta, kg/m^3]
# name 13 = n2satML/L: Nitrogen Saturation [ml/l]
# name 14 = par: PAR/Irradiance, Biospherical/Licor
# name 15 = flag:  0.000e+00
# span 0 =          1,        880       
# span 1 =  16.609618,  16.612161       
# span 2 =    0.00000,    0.06104       
# span 3 =     0.0000,     3.6625       
# span 4 =      0.000,    219.750       
# span 5 =     -0.358,     93.766       
# span 6 =    528.063,  50099.454       
# span 7 =     0.2481,    31.4878       
# span 8 =     5.9301,     7.3229       
# span 9 =     -0.355,     92.868       
# span 10 =    6.85769,    8.67084      
# span 11 =     5.9301,     7.3145      
# span 12 =     0.1376,    24.6115      
# span 13 =   12.33815,   15.80545      
# span 14 = 3.6382e-02, 2.8790e+01      
# span 15 = 0.0000e+00, 0.0000e+00      
# interval = seconds: 0.25
# start_time = Jan 16 2015 14:37:51 [Instrument's time stamp, header]
# bad_flag = -9.990e-29
*END*
[from data line 272]
        273  16.610405    0.01889     1.1333     68.000      0.627  46698.731    28.9927     6.2254      0.621    7.15152     6.2268    22.7837   12.85582 9.9359e+00 0.0000e+00
        274  16.610408    0.01896     1.1375     68.250      0.628  46767.016    29.0394     6.2245      0.622    7.14948     6.2316    22.8206   12.85184 9.8759e+00 0.0000e+00
        275  16.610411    0.01903     1.1417     68.500      0.623  46835.650    29.0868     6.2268      0.618    7.14684     6.2374    22.8577   12.84686 9.9445e+00 0.0000e+00
        276  16.610414    0.01910     1.1458     68.750      0.615  46892.802    29.1268     6.2316      0.610    7.14415     6.2439    22.8887   12.84189 1.0065e+01 0.0000e+00
        277  16.610417    0.01917     1.1500     69.000      0.607  46952.923    29.1691     6.2375      0.601    7.14117     6.2519    22.9213   12.83643 1.0090e+01 0.0000e+00
        278  16.610420    0.01924     1.1542     69.250      0.601  47048.701    29.2359     6.2439      0.595    7.13694     6.2626    22.9732   12.82856 9.9745e+00 0.0000e+00
        279  16.610422    0.01931     1.1583     69.500      0.601  47185.951    29.3314     6.2519      0.595    7.13109     6.2752    23.0476   12.81765 9.8322e+00 0.0000e+00
        280  16.610425    0.01938     1.1625     69.750      0.608  47316.909    29.4231     6.2626      0.602    7.12497     6.2871    23.1186   12.80634 9.7817e+00 0.0000e+00
        281  16.610428    0.01944     1.1667     70.000      0.619  47396.530    29.4800     6.2752      0.614    7.12018     6.2968    23.1619   12.79769 9.7431e+00 0.0000e+00
        282  16.610431    0.01951     1.1708     70.250      0.630  47439.476    29.5115     6.2871      0.625    7.11669     6.3042    23.1854   12.79151 9.6429e+00 0.0000e+00
        283  16.610434    0.01958     1.1750     70.500      0.635  47474.659    29.5373     6.2968      0.630    7.11385     6.3097    23.2046   12.78648 9.6035e+00 0.0000e+00
        284  16.610437    0.01965     1.1792     70.750      0.632  47496.739    29.5538     6.3043      0.627    7.11182     6.3129    23.2167   12.78292 9.6909e+00 0.0000e+00
        285  16.610440    0.01972     1.1833     71.000      0.624  47493.477    29.5525     6.3098      0.619    7.11097     6.3141    23.2150   12.78153 9.7688e+00 0.0000e+00
        286  16.610443    0.01979     1.1875     71.250      0.617  47476.322    29.5413     6.3130      0.611    7.11096     6.3140    23.2058   12.78164 9.7439e+00 0.0000e+00
        287  16.610446    0.01986     1.1917     71.500      0.614  47462.376    29.5319     6.3142      0.608    7.11120     6.3133    23.1983   12.78216 9.6993e+00 0.0000e+00
        288  16.610448    0.01993     1.1958     71.750      0.617  47450.496    29.5237     6.3141      0.611    7.11160     6.3117    23.1918   12.78293 9.6673e+00 0.0000e+00
        289  16.610451    0.02000     1.2000     72.000      0.622  47423.320    29.5049     6.3134      0.616    7.11260     6.3087    23.1771   12.78484 9.5468e+00 0.0000e+00
        290  16.610454    0.02007     1.2042     72.250      0.627  47372.872    29.4700     6.3118      0.621    7.11451     6.3043    23.1498   12.78845 9.4365e+00 0.0000e+00
        291  16.610457    0.02014     1.2083     72.500      0.627  47312.928    29.4283     6.3087      0.621    7.11698     6.2991    23.1173   12.79306 9.5205e+00 0.0000e+00
        292  16.610460    0.02021     1.2125     72.750      0.625  47258.835    29.3904     6.3043      0.619    7.11950     6.2938    23.0879   12.79772 9.6742e+00 0.0000e+00
        293  16.610463    0.02028     1.2167     73.000      0.620  47210.318    29.3562     6.2992      0.615    7.12198     6.2881    23.0616   12.80225 9.7207e+00 0.0000e+00
        294  16.610466    0.02035     1.2208     73.250      0.617  47156.983    29.3187     6.2938      0.611    7.12464     6.2823    23.0326   12.80714 9.6607e+00 0.0000e+00
        295  16.610469    0.02042     1.2250     73.500      0.615  47105.189    29.2822     6.2882      0.609    7.12731     6.2774    23.0045   12.81203 9.5420e+00 0.0000e+00
        296  16.610472    0.02049     1.2292     73.750      0.614  47079.258    29.2634     6.2824      0.609    7.12917     6.2746    22.9904   12.81535 9.4679e+00 0.0000e+00
        297  16.610475    0.02056     1.2333     74.000      0.615  47092.631    29.2717     6.2775      0.609    7.12961     6.2747    22.9975   12.81596 9.5307e+00 0.0000e+00
        298  16.610477    0.02063     1.2375     74.250      0.615  47140.605    29.3041     6.2747      0.609    7.12855     6.2775    23.0234   12.81379 9.6803e+00 0.0000e+00
        299  16.610480    0.02069     1.2417     74.500      0.611  47201.510    29.3459     6.2748      0.606    7.12655     6.2816    23.0564   12.80995 9.7783e+00 0.0000e+00
        300  16.610483    0.02076     1.2458     74.750      0.604  47253.434    29.3821     6.2775      0.598    7.12439     6.2858    23.0845   12.80590 9.7469e+00 0.0000e+00
        301  16.610486    0.02083     1.2500     75.000      0.593  47288.508    29.4069     6.2816      0.588    7.12253     6.2891    23.1036   12.80251 9.6352e+00 0.0000e+00
        302  16.610489    0.02090     1.2542     75.250      0.583  47297.819    29.4140     6.2859      0.578    7.12148     6.2910    23.1087   12.80069 9.5612e+00 0.0000e+00
        303  16.610492    0.02097     1.2583     75.500      0.581  47296.443    29.4136     6.2891      0.576    7.12096     6.2930    23.1080   12.79984 9.6278e+00 0.0000e+00
        304  16.610495    0.02104     1.2625     75.750      0.587  47320.236    29.4303     6.2911      0.582    7.11984     6.2962    23.1209   12.79778 9.7771e+00 0.0000e+00
        305  16.610498    0.02111     1.2667     76.000      0.599  47366.740    29.4626     6.2931      0.594    7.11799     6.3002    23.1461   12.79429 9.7940e+00 0.0000e+00
        306  16.610501    0.02118     1.2708     76.250      0.612  47407.300    29.4910     6.2963      0.606    7.11612     6.3040    23.1681   12.79083 9.6064e+00 0.0000e+00
        307  16.610503    0.02125     1.2750     76.500      0.619  47429.526    29.5069     6.3003      0.614    7.11470     6.3066    23.1802   12.78827 9.4185e+00 0.0000e+00
        308  16.610506    0.02132     1.2792     76.750      0.620  47434.201    29.5107     6.3040      0.615    7.11389     6.3078    23.1828   12.78689 9.4507e+00 0.0000e+00
        309  16.610509    0.02139     1.2833     77.000      0.616  47423.361    29.5038     6.3067      0.611    7.11378     6.3078    23.1770   12.78679 9.6743e+00 0.0000e+00
        310  16.610512    0.02146     1.2875     77.250      0.610  47406.216    29.4922     6.3079      0.604    7.11412     6.3072    23.1678   12.78750 9.8469e+00 0.0000e+00
        311  16.610515    0.02153     1.2917     77.500      0.603  47401.006    29.4886     6.3078      0.598    7.11430     6.3075    23.1649   12.78785 9.7558e+00 0.0000e+00
        312  16.610518    0.02160     1.2958     77.750      0.598  47419.168    29.5010     6.3073      0.593    7.11380     6.3094    23.1748   12.78687 9.5030e+00 0.0000e+00
        313  16.610521    0.02167     1.3000     78.000      0.596  47459.778    29.5290     6.3076      0.591    7.11245     6.3130    23.1968   12.78427 9.3829e+00 0.0000e+00
        314  16.610524    0.02174     1.3042     78.250      0.599  47517.489    29.5690     6.3094      0.594    7.11026     6.3186    23.2281   12.78013 9.4075e+00 0.0000e+00
        315  16.610527    0.02181     1.3083     78.500      0.605  47592.998    29.6215     6.3131      0.600    7.10717     6.3261    23.2691   12.77436 9.3966e+00 0.0000e+00
        316  16.610530    0.02187     1.3125     78.750      0.610  47691.391    29.6901     6.3186      0.604    7.10303     6.3347    23.3225   12.76662 9.3626e+00 0.0000e+00
        317  16.610532    0.02194     1.3167     79.000      0.610  47780.759    29.7529     6.3262      0.605    7.09882     6.3415    23.3711   12.75886 9.4279e+00 0.0000e+00
        318  16.610535    0.02201     1.3208     79.250      0.606  47807.568    29.7728     6.3347      0.600    7.09646     6.3446    23.3857   12.75470 9.5841e+00 0.0000e+00
        319  16.610538    0.02208     1.3250     79.500      0.600  47775.716    29.7521     6.3415      0.594    7.09630     6.3443    23.3686   12.75469 9.6564e+00 0.0000e+00
        320  16.610541    0.02215     1.3292     79.750      0.596  47726.844    29.7190     6.3447      0.591    7.09733     6.3421    23.3421   12.75682 9.5638e+00 0.0000e+00
        321  16.610544    0.02222     1.3333     80.000      0.597  47681.191    29.6876     6.3444      0.591    7.09885     6.3390    23.3174   12.75974 9.4381e+00 0.0000e+00
        322  16.610547    0.02229     1.3375     80.250      0.600  47643.493    29.6612     6.3421      0.594    7.10046     6.3360    23.2969   12.76274 9.4000e+00 0.0000e+00
        323  16.610550    0.02236     1.3417     80.500      0.603  47618.968    29.6438     6.3391      0.597    7.10179     6.3339    23.2836   12.76517 9.5126e+00 0.0000e+00
        324  16.610553    0.02243     1.3458     80.750      0.603  47615.778    29.6411     6.3361      0.597    7.10242     6.3339    23.2818   12.76624 9.6653e+00 0.0000e+00
        325  16.610556    0.02250     1.3500     81.000      0.601  47646.669    29.6620     6.3340      0.595    7.10178     6.3364    23.2985   12.76491 9.6915e+00 0.0000e+00
        326  16.610558    0.02257     1.3542     81.250      0.599  47709.329    29.7051     6.3339      0.593    7.09977     6.3404    23.3325   12.76104 9.7234e+00 0.0000e+00
        327  16.610561    0.02264     1.3583     81.500      0.600  47759.250    29.7399     6.3364      0.594    7.09772     6.3435    23.3596   12.75720 9.8515e+00 0.0000e+00
        328  16.610564    0.02271     1.3625     81.750      0.604  47761.352    29.7420     6.3404      0.598    7.09696     6.3449    23.3608   12.75591 9.8778e+00 0.0000e+00
        329  16.610567    0.02278     1.3667     82.000      0.609  47740.121    29.7279     6.3436      0.603    7.09708     6.3453    23.3493   12.75630 9.7084e+00 0.0000e+00
        330  16.610570    0.02285     1.3708     82.250      0.613  47733.538    29.7236     6.3450      0.607    7.09706     6.3462    23.3458   12.75631 9.5786e+00 0.0000e+00
        331  16.610573    0.02292     1.3750     82.500      0.613  47754.258    29.7380     6.3454      0.607    7.09631     6.3480    23.3570   12.75490 9.7137e+00 0.0000e+00
        332  16.610576    0.02299     1.3792     82.750      0.608  47783.841    29.7585     6.3463      0.602    7.09521     6.3501    23.3730   12.75280 1.0014e+01 0.0000e+00
        333  16.610579    0.02306     1.3833     83.000      0.597  47800.541    29.7703     6.3480      0.592    7.09436     6.3523    23.3821   12.75125 1.0274e+01 0.0000e+00
        334  16.610582    0.02313     1.3875     83.250      0.585  47820.685    29.7845     6.3501      0.580    7.09335     6.3556    23.3931   12.74939 1.0391e+01 0.0000e+00
        335  16.610584    0.02319     1.3917     83.500      0.575  47869.341    29.8184     6.3523      0.570    7.09140     6.3611    23.4196   12.74573 1.0327e+01 0.0000e+00
        336  16.610587    0.02326     1.3958     83.750      0.573  47954.336    29.8775     6.3556      0.568    7.08808     6.3697    23.4657   12.73950 1.0170e+01 0.0000e+00
        337  16.610590    0.02333     1.4000     84.000      0.583  48076.208    29.9624     6.3611      0.577    7.08319     6.3811    23.5320   12.73032 1.0054e+01 0.0000e+00
        338  16.610593    0.02340     1.4042     84.250      0.601  48205.939    30.0532     6.3698      0.596    7.07750     6.3929    23.6025   12.71974 9.9482e+00 0.0000e+00
        339  16.610596    0.02347     1.4083     84.500      0.621  48298.182    30.1187     6.3811      0.616    7.07256     6.4028    23.6528   12.71073 9.8157e+00 0.0000e+00
        340  16.610599    0.02354     1.4125     84.750      0.634  48338.635    30.1487     6.3930      0.628    7.06920     6.4093    23.6750   12.70479 9.8071e+00 0.0000e+00
        341  16.610602    0.02361     1.4167     85.000      0.633  48339.013    30.1507     6.4029      0.628    7.06747     6.4122    23.6753   12.70190 9.9744e+00 0.0000e+00
        342  16.610605    0.02368     1.4208     85.250      0.620  48314.120    30.1347     6.4094      0.614    7.06714     6.4124    23.6619   12.70157 1.0126e+01 0.0000e+00
        343  16.610608    0.02375     1.4250     85.500      0.598  48282.806    30.1136     6.4123      0.592    7.06764     6.4116    23.6450   12.70266 1.0236e+01 0.0000e+00
        344  16.610611    0.02382     1.4292     85.750      0.576  48263.284    30.1002     6.4125      0.570    7.06822     6.4112    23.6344   12.70380 1.0421e+01 0.0000e+00
        345  16.610613    0.02389     1.4333     86.000      0.563  48264.580    30.1009     6.4116      0.558    7.06833     6.4126    23.6351   12.70397 1.0429e+01 0.0000e+00
        346  16.610616    0.02396     1.4375     86.250      0.567  48297.505    30.1235     6.4113      0.562    7.06733     6.4162    23.6530   12.70203 1.0092e+01 0.0000e+00
        347  16.610619    0.02403     1.4417     86.500      0.588  48355.019    30.1634     6.4127      0.583    7.06524     6.4209    23.6842   12.69806 9.7410e+00 0.0000e+00
        348  16.610622    0.02410     1.4458     86.750      0.619  48403.985    30.1978     6.4163      0.614    7.06304     6.4251    23.7108   12.69398 9.5764e+00 0.0000e+00
        349  16.610625    0.02417     1.4500     87.000      0.647  48429.301    30.2160     6.4210      0.641    7.06141     6.4282    23.7247   12.69105 9.5129e+00 0.0000e+00
        350  16.610628    0.02424     1.4542     87.250      0.661  48437.281    30.2223     6.4252      0.654    7.06042     6.4298    23.7291   12.68933 9.5288e+00 0.0000e+00
        351  16.610631    0.02431     1.4583     87.500      0.654  48432.841    30.2198     6.4283      0.647    7.06003     6.4303    23.7267   12.68872 9.7169e+00 0.0000e+00
        352  16.610634    0.02438     1.4625     87.750      0.629  48418.267    30.2100     6.4299      0.623    7.06020     6.4298    23.7188   12.68914 1.0124e+01 0.0000e+00
        353  16.610637    0.02444     1.4667     88.000      0.598  48399.284    30.1970     6.4304      0.592    7.06074     6.4291    23.7085   12.69019 1.0553e+01 0.0000e+00
        354  16.610639    0.02451     1.4708     88.250      0.570  48385.389    30.1874     6.4299      0.565    7.06127     6.4287    23.7010   12.69119 1.0702e+01 0.0000e+00
        355  16.610642    0.02458     1.4750     88.500      0.557  48380.803    30.1841     6.4291      0.552    7.06155     6.4291    23.6985   12.69169 1.0556e+01 0.0000e+00
        356  16.610645    0.02465     1.4792     88.750      0.566  48384.823    30.1868     6.4288      0.560    7.06148     6.4302    23.7007   12.69154 1.0198e+01 0.0000e+00
        357  16.610648    0.02472     1.4833     89.000      0.598  48396.573    30.1950     6.4292      0.592    7.06104     6.4316    23.7071   12.69071 9.7079e+00 0.0000e+00
        358  16.610651    0.02479     1.4875     89.250      0.643  48411.659    30.2055     6.4303      0.637    7.06036     6.4328    23.7153   12.68946 9.4125e+00 0.0000e+00
        359  16.610654    0.02486     1.4917     89.500      0.684  48421.887    30.2128     6.4317      0.677    7.05979     6.4334    23.7208   12.68842 9.5745e+00 0.0000e+00
        360  16.610657    0.02493     1.4958     89.750      0.699  48421.279    30.2126     6.4328      0.692    7.05960     6.4333    23.7205   12.68812 1.0081e+01 0.0000e+00
        361  16.610660    0.02500     1.5000     90.000      0.679  48408.002    30.2035     6.4334      0.673    7.05993     6.4323    23.7133   12.68877 1.0672e+01 0.0000e+00
