CTD-processing/allCTD/CNV--turbid/2015_11-04_t4_s09_cast021.cnv
* Sea-Bird SBE19plus Data File:
* FileName = C:\Users\Kris.Holderied\Documents\kasitsna\Research-KBL\Oceanography-AK\CTD-Data-ALL-to-2015-10\2015-CTD-KachemakBay-CookInlet\2015-11-EVOSTC-CookInlet-quarterly\2015-11-04-CookInlet-Tran4-Barabara\2015-11-04-CookInlet-Tran4-cast021.hex
* Software Version 1.59
* Temperature SN =  5028
* Conductivity SN =  5028
* System UpLoad Time = Nov 04 2015 19:06:34
** Cook Inlet LTM Tran4 Barabara North to South

** Date: 11-04
** Station: 4-09
** Start time (AKST): 15:48
** Depth (m): 23.8
** Comment: M/V Ursus.
** Comment:
# nquan = 16
# nvalues = 494                         
# units = specified
# name 0 = scan: Scan Count
# name 1 = timeJ: Julian Days
# name 2 = timeH: Time, Elapsed [hours]
# name 3 = timeM: Time, Elapsed [minutes]
# name 4 = timeS: Time, Elapsed [seconds]
# name 5 = prdM: Pressure, Strain Gauge [db]
# name 6 = specc: Specific Conductance [uS/cm]
# name 7 = sal00: Salinity, Practical [PSU]
# name 8 = tv290C: Temperature [ITS-90, deg C]
# name 9 = depSM: Depth [salt water, m], lat = 59.00
# name 10 = oxsolML/L: Oxygen Saturation, Garcia & Gordon [ml/l]
# name 11 = potemp090C: Potential Temperature [ITS-90, deg C]
# name 12 = sigma-é00: Density [sigma-theta, kg/m^3]
# name 13 = n2satML/L: Nitrogen Saturation [ml/l]
# name 14 = par: PAR/Irradiance, Biospherical/Licor
# name 15 = flag:  0.000e+00
# span 0 =          1,        494       
# span 1 = 308.657245, 308.658672       
# span 2 =    0.00000,    0.03424       
# span 3 =     0.0000,     2.0542       
# span 4 =      0.000,    123.250       
# span 5 =     -0.073,     25.304       
# span 6 =   1805.042,  48018.159       
# span 7 =     0.8940,    30.2456       
# span 8 =     5.4709,     8.7726       
# span 9 =     -0.073,     25.066       
# span 10 =    6.69043,    8.77652      
# span 11 =     5.4752,     8.7700      
# span 12 =     0.6720,    23.4803      
# span 13 =   12.07689,   15.97272      
# span 14 = 4.9167e-02, 3.3588e+01      
# span 15 = 0.0000e+00, 0.0000e+00      
# interval = seconds: 0.25
# start_time = Nov 04 2015 15:46:26 [Instrument's time stamp, header]
# bad_flag = -9.990e-29
*END*
[from data line 91]
         92 308.657509    0.00632     0.3792     22.750      1.162  47093.940    29.5335     7.9104      1.152    6.85315     7.9185    22.9964   12.35502 1.1949e+01 0.0000e+00
         93 308.657512    0.00639     0.3833     23.000      1.142  47169.799    29.5863     7.9116      1.132    6.85061     7.9301    23.0376   12.35015 1.2043e+01 0.0000e+00
         94 308.657514    0.00646     0.3875     23.250      1.128  47229.590    29.6288     7.9186      1.118    6.84762     7.9426    23.0700   12.34467 1.2083e+01 0.0000e+00
         95 308.657517    0.00653     0.3917     23.500      1.125  47245.947    29.6419     7.9302      1.115    6.84522     7.9527    23.0786   12.34054 1.2057e+01 0.0000e+00
         96 308.657520    0.00660     0.3958     23.750      1.132  47210.619    29.6193     7.9428      1.122    6.84427     7.9587    23.0592   12.33924 1.1935e+01 0.0000e+00
         97 308.657523    0.00667     0.4000     24.000      1.148  47141.737    29.5730     7.9529      1.138    6.84476     7.9596    23.0215   12.34063 1.1749e+01 0.0000e+00
         98 308.657526    0.00674     0.4042     24.250      1.168  47073.555    29.5265     7.9589      1.158    6.84590     7.9534    22.9843   12.34309 1.1570e+01 0.0000e+00
         99 308.657529    0.00681     0.4083     24.500      1.188  47027.631    29.4948     7.9597      1.177    6.84719     7.9409    22.9593   12.34563 1.1431e+01 0.0000e+00
        100 308.657532    0.00688     0.4125     24.750      1.203  47008.985    29.4810     7.9535      1.192    6.84876     7.9272    22.9493   12.34841 1.1336e+01 0.0000e+00
        101 308.657535    0.00694     0.4167     25.000      1.210  47017.491    29.4850     7.9410      1.198    6.85054     7.9184    22.9542   12.35130 1.1285e+01 0.0000e+00
        102 308.657538    0.00701     0.4208     25.250      1.208  47048.369    29.5044     7.9273      1.196    6.85182     7.9173    22.9713   12.35318 1.1282e+01 0.0000e+00
        103 308.657541    0.00708     0.4250     25.500      1.198  47091.857    29.5332     7.9185      1.187    6.85190     7.9227    22.9951   12.35295 1.1315e+01 0.0000e+00
        104 308.657543    0.00715     0.4292     25.750      1.184  47134.535    29.5627     7.9174      1.173    6.85076     7.9314    23.0183   12.35070 1.1356e+01 0.0000e+00
        105 308.657546    0.00722     0.4333     26.000      1.169  47163.116    29.5833     7.9228      1.158    6.84900     7.9403    23.0337   12.34751 1.1379e+01 0.0000e+00
        106 308.657549    0.00729     0.4375     26.250      1.157  47170.726    29.5899     7.9315      1.146    6.84734     7.9472    23.0377   12.34469 1.1397e+01 0.0000e+00
        107 308.657552    0.00736     0.4417     26.500      1.150  47159.307    29.5832     7.9404      1.140    6.84624     7.9512    23.0313   12.34296 1.1416e+01 0.0000e+00
        108 308.657555    0.00743     0.4458     26.750      1.151  47135.247    29.5676     7.9473      1.140    6.84587     7.9525    23.0181   12.34253 1.1421e+01 0.0000e+00
        109 308.657558    0.00750     0.4500     27.000      1.157  47104.493    29.5468     7.9513      1.147    6.84617     7.9524    23.0013   12.34329 1.1430e+01 0.0000e+00
        110 308.657561    0.00757     0.4542     27.250      1.166  47071.678    29.5243     7.9526      1.155    6.84696     7.9521    22.9834   12.34489 1.1480e+01 0.0000e+00
        111 308.657564    0.00764     0.4583     27.500      1.174  47042.250    29.5039     7.9525      1.163    6.84790     7.9530    22.9674   12.34670 1.1558e+01 0.0000e+00
        112 308.657567    0.00771     0.4625     27.750      1.178  47023.596    29.4909     7.9522      1.167    6.84852     7.9552    22.9573   12.34788 1.1643e+01 0.0000e+00
        113 308.657569    0.00778     0.4667     28.000      1.178  47022.293    29.4901     7.9531      1.167    6.84842     7.9589    22.9565   12.34774 1.1729e+01 0.0000e+00
        114 308.657572    0.00785     0.4708     28.250      1.173  47039.213    29.5022     7.9553      1.162    6.84753     7.9641    22.9657   12.34611 1.1817e+01 0.0000e+00
        115 308.657575    0.00792     0.4750     28.500      1.167  47063.928    29.5199     7.9590      1.156    6.84617     7.9703    22.9791   12.34362 1.1893e+01 0.0000e+00
        116 308.657578    0.00799     0.4792     28.750      1.161  47078.698    29.5309     7.9642      1.150    6.84486     7.9759    22.9870   12.34133 1.1922e+01 0.0000e+00
        117 308.657581    0.00806     0.4833     29.000      1.159  47071.574    29.5269     7.9704      1.148    6.84408     7.9792    22.9830   12.34007 1.1873e+01 0.0000e+00
        118 308.657584    0.00813     0.4875     29.250      1.162  47042.648    29.5076     7.9760      1.151    6.84407     7.9800    22.9671   12.34030 1.1763e+01 0.0000e+00
        119 308.657587    0.00819     0.4917     29.500      1.168  47003.186    29.4807     7.9793      1.157    6.84476     7.9798    22.9456   12.34178 1.1642e+01 0.0000e+00
        120 308.657590    0.00826     0.4958     29.750      1.177  46968.437    29.4567     7.9801      1.166    6.84570     7.9796    22.9267   12.34363 1.1553e+01 0.0000e+00
        121 308.657593    0.00833     0.5000     30.000      1.186  46947.873    29.4424     7.9799      1.175    6.84637     7.9795    22.9155   12.34492 1.1505e+01 0.0000e+00
        122 308.657595    0.00840     0.5042     30.250      1.192  46944.296    29.4399     7.9797      1.181    6.84651     7.9795    22.9135   12.34519 1.1501e+01 0.0000e+00
        123 308.657598    0.00847     0.5083     30.500      1.195  46957.126    29.4488     7.9796      1.184    6.84613     7.9796    22.9205   12.34444 1.1534e+01 0.0000e+00
        124 308.657601    0.00854     0.5125     30.750      1.195  46981.369    29.4656     7.9796      1.183    6.84539     7.9802    22.9337   12.34301 1.1575e+01 0.0000e+00
        125 308.657604    0.00861     0.5167     31.000      1.191  47005.670    29.4825     7.9797      1.180    6.84461     7.9811    22.9469   12.34151 1.1611e+01 0.0000e+00
        126 308.657607    0.00868     0.5208     31.250      1.186  47018.062    29.4912     7.9803      1.175    6.84412     7.9815    22.9536   12.34060 1.1633e+01 0.0000e+00
        127 308.657610    0.00875     0.5250     31.500      1.179  47015.415    29.4895     7.9812      1.168    6.84406     7.9810    22.9522   12.34051 1.1618e+01 0.0000e+00
        128 308.657613    0.00882     0.5292     31.750      1.172  47005.503    29.4827     7.9816      1.161    6.84430     7.9799    22.9468   12.34100 1.1571e+01 0.0000e+00
        129 308.657616    0.00889     0.5333     32.000      1.165  47000.523    29.4791     7.9811      1.154    6.84455     7.9795    22.9441   12.34145 1.1512e+01 0.0000e+00
        130 308.657619    0.00896     0.5375     32.250      1.158  47008.039    29.4842     7.9800      1.147    6.84449     7.9808    22.9482   12.34129 1.1445e+01 0.0000e+00
        131 308.657622    0.00903     0.5417     32.500      1.151  47026.125    29.4967     7.9796      1.141    6.84399     7.9841    22.9581   12.34031 1.1362e+01 0.0000e+00
        132 308.657624    0.00910     0.5458     32.750      1.147  47046.071    29.5107     7.9809      1.136    6.84316     7.9888    22.9689   12.33876 1.1254e+01 0.0000e+00
        133 308.657627    0.00917     0.5500     33.000      1.144  47060.610    29.5213     7.9842      1.134    6.84218     7.9938    22.9767   12.33699 1.1135e+01 0.0000e+00
        134 308.657630    0.00924     0.5542     33.250      1.145  47068.681    29.5276     7.9889      1.134    6.84118     7.9985    22.9810   12.33526 1.1029e+01 0.0000e+00
        135 308.657633    0.00931     0.5583     33.500      1.149  47072.596    29.5310     7.9939      1.139    6.84024     8.0028    22.9830   12.33367 1.0945e+01 0.0000e+00
        136 308.657636    0.00937     0.5625     33.750      1.157  47073.149    29.5320     7.9986      1.147    6.83945     8.0065    22.9832   12.33234 1.0890e+01 0.0000e+00
        137 308.657639    0.00944     0.5667     34.000      1.169  47067.657    29.5288     8.0029      1.158    6.83892     8.0088    22.9801   12.33150 1.0859e+01 0.0000e+00
        138 308.657642    0.00951     0.5708     34.250      1.182  47051.873    29.5184     8.0066      1.171    6.83882     8.0094    22.9714   12.33146 1.0838e+01 0.0000e+00
        139 308.657645    0.00958     0.5750     34.500      1.195  47024.769    29.5000     8.0089      1.184    6.83927     8.0081    22.9566   12.33244 1.0840e+01 0.0000e+00
        140 308.657648    0.00965     0.5792     34.750      1.206  46992.547    29.4777     8.0095      1.195    6.84017     8.0056    22.9391   12.33422 1.0904e+01 0.0000e+00
        141 308.657650    0.00972     0.5833     35.000      1.213  46966.308    29.4593     8.0082      1.201    6.84119     8.0022    22.9249   12.33614 1.1063e+01 0.0000e+00
        142 308.657653    0.00979     0.5875     35.250      1.213  46956.058    29.4519     8.0057      1.202    6.84192     7.9983    22.9194   12.33744 1.1305e+01 0.0000e+00
        143 308.657656    0.00986     0.5917     35.500      1.206  46967.956    29.4597     8.0023      1.195    6.84210     7.9946    22.9259   12.33764 1.1578e+01 0.0000e+00
        144 308.657659    0.00993     0.5958     35.750      1.193  47004.079    29.4841     7.9984      1.182    6.84163     7.9931    22.9456   12.33655 1.1816e+01 0.0000e+00
        145 308.657662    0.01000     0.6000     36.000      1.175  47061.755    29.5236     7.9947      1.164    6.84044     7.9948    22.9771   12.33408 1.1993e+01 0.0000e+00
        146 308.657665    0.01007     0.6042     36.250      1.155  47131.702    29.5719     7.9932      1.144    6.83852     7.9989    23.0151   12.33030 1.2098e+01 0.0000e+00
        147 308.657668    0.01014     0.6083     36.500      1.137  47198.575    29.6185     7.9950      1.126    6.83617     8.0030    23.0515   12.32584 1.2085e+01 0.0000e+00
        148 308.657671    0.01021     0.6125     36.750      1.126  47247.230    29.6529     7.9990      1.116    6.83401     8.0044    23.0778   12.32183 1.1933e+01 0.0000e+00
        149 308.657674    0.01028     0.6167     37.000      1.125  47267.222    29.6674     8.0031      1.115    6.83274     8.0009    23.0886   12.31954 1.1699e+01 0.0000e+00
        150 308.657677    0.01035     0.6208     37.250      1.135  47251.954    29.6570     8.0046      1.124    6.83298     7.9903    23.0803   12.32007 1.1457e+01 0.0000e+00
        151 308.657679    0.01042     0.6250     37.500      1.153  47199.933    29.6204     8.0010      1.142    6.83516     7.9703    23.0520   12.32414 1.1249e+01 0.0000e+00
        152 308.657682    0.01049     0.6292     37.750      1.174  47124.687    29.5666     7.9904      1.163    6.83922     7.9373    23.0113   12.33153 1.1083e+01 0.0000e+00
        153 308.657685    0.01056     0.6333     38.000      1.194  47055.177    29.5154     7.9705      1.183    6.84462     7.8892    22.9740   12.34112 1.0980e+01 0.0000e+00
        154 308.657688    0.01063     0.6375     38.250      1.209  47023.529    29.4885     7.9374      1.197    6.85098     7.8327    22.9574   12.35199 1.0979e+01 0.0000e+00
        155 308.657691    0.01069     0.6417     38.500      1.214  47053.678    29.5023     7.8893      1.202    6.85788     7.7813    22.9748   12.36324 1.1097e+01 0.0000e+00
        156 308.657694    0.01076     0.6458     38.750      1.210  47146.508    29.5583     7.8328      1.199    6.86423     7.7472    23.0263   12.37305 1.1307e+01 0.0000e+00
        157 308.657697    0.01083     0.6500     39.000      1.198  47275.022    29.6397     7.7814      1.187    6.86865     7.7365    23.0971   12.37935 1.1545e+01 0.0000e+00
        158 308.657700    0.01090     0.6542     39.250      1.182  47397.295    29.7193     7.7473      1.171    6.87042     7.7480    23.1642   12.38129 1.1728e+01 0.0000e+00
        159 308.657703    0.01097     0.6583     39.500      1.165  47478.354    29.7739     7.7366      1.154    6.86964     7.7748    23.2085   12.37932 1.1821e+01 0.0000e+00
        160 308.657705    0.01104     0.6625     39.750      1.151  47505.464    29.7945     7.7481      1.140    6.86692     7.8072    23.2231   12.37455 1.1845e+01 0.0000e+00
        161 308.657708    0.01111     0.6667     40.000      1.143  47485.431    29.7846     7.7749      1.133    6.86316     7.8368    23.2118   12.36845 1.1813e+01 0.0000e+00
        162 308.657711    0.01118     0.6708     40.250      1.144  47431.109    29.7519     7.8073      1.133    6.85954     7.8587    23.1817   12.36287 1.1733e+01 0.0000e+00
        163 308.657714    0.01125     0.6750     40.500      1.151  47354.521    29.7032     7.8369      1.140    6.85708     7.8715    23.1395   12.35941 1.1636e+01 0.0000e+00
        164 308.657717    0.01132     0.6792     40.750      1.163  47272.414    29.6496     7.8588      1.152    6.85605     7.8742    23.0944   12.35837 1.1547e+01 0.0000e+00
        165 308.657720    0.01139     0.6833     41.000      1.177  47203.674    29.6038     7.8716      1.166    6.85609     7.8655    23.0568   12.35902 1.1489e+01 0.0000e+00
        166 308.657723    0.01146     0.6875     41.250      1.189  47160.333    29.5741     7.8743      1.177    6.85699     7.8468    23.0332   12.36087 1.1481e+01 0.0000e+00
        167 308.657726    0.01153     0.6917     41.500      1.197  47149.979    29.5657     7.8656      1.185    6.85872     7.8235    23.0277   12.36385 1.1515e+01 0.0000e+00
        168 308.657729    0.01160     0.6958     41.750      1.200  47176.688    29.5814     7.8469      1.188    6.86096     7.8033    23.0426   12.36735 1.1555e+01 0.0000e+00
        169 308.657731    0.01167     0.7000     42.000      1.197  47234.228    29.6178     7.8236      1.185    6.86297     7.7912    23.0743   12.37023 1.1559e+01 0.0000e+00
        170 308.657734    0.01174     0.7042     42.250      1.189  47305.077    29.6639     7.8034      1.178    6.86409     7.7887    23.1132   12.37149 1.1510e+01 0.0000e+00
        171 308.657737    0.01181     0.7083     42.500      1.180  47368.183    29.7059     7.7913      1.170    6.86409     7.7943    23.1478   12.37097 1.1427e+01 0.0000e+00
        172 308.657740    0.01188     0.7125     42.750      1.172  47407.792    29.7330     7.7888      1.161    6.86328     7.8057    23.1694   12.36929 1.1339e+01 0.0000e+00
        173 308.657743    0.01194     0.7167     43.000      1.164  47416.761    29.7400     7.7944      1.153    6.86208     7.8196    23.1742   12.36721 1.1254e+01 0.0000e+00
        174 308.657746    0.01201     0.7208     43.250      1.157  47398.103    29.7288     7.8058      1.147    6.86079     7.8336    23.1638   12.36522 1.1164e+01 0.0000e+00
        175 308.657749    0.01208     0.7250     43.500      1.152  47366.795    29.7092     7.8197      1.141    6.85950     7.8481    23.1465   12.36333 1.1070e+01 0.0000e+00
        176 308.657752    0.01215     0.7292     43.750      1.147  47342.482    29.6945     7.8337      1.137    6.85796     7.8645    23.1330   12.36097 1.0987e+01 0.0000e+00
        177 308.657755    0.01222     0.7333     44.000      1.145  47335.921    29.6921     7.8482      1.134    6.85580     7.8835    23.1292   12.35742 1.0927e+01 0.0000e+00
        178 308.657758    0.01229     0.7375     44.250      1.146  47341.947    29.6987     7.8646      1.135    6.85295     7.9042    23.1321   12.35261 1.0872e+01 0.0000e+00
        179 308.657760    0.01236     0.7417     44.500      1.151  47344.797    29.7035     7.8836      1.140    6.84976     7.9233    23.1333   12.34727 1.0821e+01 0.0000e+00
        180 308.657763    0.01243     0.7458     44.750      1.160  47330.557    29.6967     7.9043      1.150    6.84683     7.9369    23.1252   12.34251 1.0804e+01 0.0000e+00
