CTD-processing/allCTD/CNV--turbid/2015_04-08_t4_s02_cast022.cnv
* Sea-Bird SBE19plus Data File:
* FileName = C:\Users\kris.holderied\Documents\kasitsna\Research-Projects-and-Data\Oceanography-AK\CTD-Data-ALL-to-2015-02\2015-CTD-KachemakBay-CookInlet\2015-04-EVOSTC-CookInlet-quarterly\2015-04-08-CookInlet-Tran4-Barabara\2015-04-08-CookInlet-Tran4-cast022.hex
* Software Version 1.59
* Temperature SN =  5028
* Conductivity SN =  5028
* System UpLoad Time = Apr 09 2015 19:20:13
** Cook Inlet LTM Tran 4 (Barabara) South to North
** Date: 04-08
** Station: 4-02
** Start time:  09:19
** Depth (m): 97
** Comment:  KBL CTD. Time is local (AKDT)
** Comment: On R/V Pandalus.
# nquan = 16
# nvalues = 551                         
# units = specified
# name 0 = scan: Scan Count
# name 1 = timeJ: Julian Days
# name 2 = timeH: Time, Elapsed [hours]
# name 3 = timeM: Time, Elapsed [minutes]
# name 4 = timeS: Time, Elapsed [seconds]
# name 5 = prdM: Pressure, Strain Gauge [db]
# name 6 = specc: Specific Conductance [uS/cm]
# name 7 = sal00: Salinity, Practical [PSU]
# name 8 = tv290C: Temperature [ITS-90, deg C]
# name 9 = depSM: Depth [salt water, m], lat = 59.00
# name 10 = oxsolML/L: Oxygen Saturation, Garcia & Gordon [ml/l]
# name 11 = potemp090C: Potential Temperature [ITS-90, deg C]
# name 12 = sigma-é00: Density [sigma-theta, kg/m^3]
# name 13 = n2satML/L: Nitrogen Saturation [ml/l]
# name 14 = par: PAR/Irradiance, Biospherical/Licor
# name 15 = flag:  0.000e+00
# span 0 =          1,        551       
# span 1 =  98.387836,  98.389427       
# span 2 =    0.00000,    0.03819       
# span 3 =     0.0000,     2.2917       
# span 4 =      0.000,    137.500       
# span 5 =     -0.192,     97.106       
# span 6 =    709.117,  50744.416       
# span 7 =     0.3356,    31.6253       
# span 8 =     5.5275,     5.9125       
# span 9 =     -0.190,     96.175       
# span 10 =    7.10800,    8.71030      
# span 11 =     5.5274,     5.9124      
# span 12 =     0.2141,    24.9354      
# span 13 =   12.75026,   15.87038      
# span 14 = 4.9343e-02, 6.4129e+01      
# span 15 = 0.0000e+00, 0.0000e+00      
# interval = seconds: 0.25
# start_time = Apr 08 2015 09:18:29 [Instrument's time stamp, header]
# bad_flag = -9.990e-29
*END*
[from data line 91]
         92  98.388099    0.00632     0.3792     22.750      1.067  50519.180    31.5158     5.6704      1.057    7.12553     5.6711    24.8392   12.78047 2.7032e+01 0.0000e+00
         93  98.388102    0.00639     0.3833     23.000      1.092  50511.718    31.5107     5.6708      1.081    7.12570     5.6713    24.8351   12.78082 2.6637e+01 0.0000e+00
         94  98.388105    0.00646     0.3875     23.250      1.115  50513.580    31.5121     5.6712      1.105    7.12557     5.6714    24.8361   12.78059 2.6223e+01 0.0000e+00
         95  98.388108    0.00653     0.3917     23.500      1.134  50522.448    31.5182     5.6714      1.123    7.12524     5.6713    24.8410   12.77996 2.5973e+01 0.0000e+00
         96  98.388111    0.00660     0.3958     23.750      1.144  50532.809    31.5254     5.6715      1.133    7.12489     5.6711    24.8466   12.77929 2.6122e+01 0.0000e+00
         97  98.388113    0.00667     0.4000     24.000      1.144  50541.545    31.5314     5.6714      1.133    7.12462     5.6709    24.8513   12.77877 2.6580e+01 0.0000e+00
         98  98.388116    0.00674     0.4042     24.250      1.134  50548.002    31.5358     5.6712      1.123    7.12445     5.6707    24.8549   12.77843 2.6901e+01 0.0000e+00
         99  98.388119    0.00681     0.4083     24.500      1.113  50552.637    31.5390     5.6710      1.102    7.12433     5.6706    24.8574   12.77820 2.6862e+01 0.0000e+00
        100  98.388122    0.00688     0.4125     24.750      1.086  50556.412    31.5416     5.6708      1.076    7.12424     5.6706    24.8595   12.77801 2.6709e+01 0.0000e+00
        101  98.388125    0.00694     0.4167     25.000      1.058  50559.710    31.5438     5.6707      1.048    7.12415     5.6707    24.8613   12.77784 2.6759e+01 0.0000e+00
        102  98.388128    0.00701     0.4208     25.250      1.034  50562.035    31.5454     5.6707      1.024    7.12408     5.6709    24.8625   12.77770 2.7039e+01 0.0000e+00
        103  98.388131    0.00708     0.4250     25.500      1.019  50562.626    31.5459     5.6708      1.010    7.12405     5.6712    24.8629   12.77763 2.7358e+01 0.0000e+00
        104  98.388134    0.00715     0.4292     25.750      1.017  50561.073    31.5448     5.6710      1.008    7.12406     5.6716    24.8620   12.77766 2.7421e+01 0.0000e+00
        105  98.388137    0.00722     0.4333     26.000      1.029  50557.439    31.5424     5.6713      1.019    7.12412     5.6720    24.8601   12.77779 2.6999e+01 0.0000e+00
        106  98.388139    0.00729     0.4375     26.250      1.053  50552.269    31.5389     5.6717      1.043    7.12422     5.6724    24.8573   12.77801 2.6306e+01 0.0000e+00
        107  98.388142    0.00736     0.4417     26.500      1.087  50546.197    31.5348     5.6721      1.077    7.12435     5.6728    24.8540   12.77827 2.5824e+01 0.0000e+00
        108  98.388145    0.00743     0.4458     26.750      1.126  50539.175    31.5300     5.6725      1.116    7.12450     5.6732    24.8501   12.77858 2.5703e+01 0.0000e+00
        109  98.388148    0.00750     0.4500     27.000      1.166  50530.604    31.5241     5.6729      1.155    7.12471     5.6735    24.8455   12.77900 2.5742e+01 0.0000e+00
        110  98.388151    0.00757     0.4542     27.250      1.199  50520.802    31.5174     5.6733      1.188    7.12497     5.6738    24.8401   12.77952 2.5735e+01 0.0000e+00
        111  98.388154    0.00764     0.4583     27.500      1.220  50512.612    31.5118     5.6736      1.209    7.12518     5.6740    24.8357   12.77994 2.5565e+01 0.0000e+00
        112  98.388157    0.00771     0.4625     27.750      1.226  50510.257    31.5103     5.6739      1.214    7.12521     5.6740    24.8344   12.78000 2.5276e+01 0.0000e+00
        113  98.388160    0.00778     0.4667     28.000      1.215  50513.848    31.5128     5.6741      1.204    7.12505     5.6740    24.8363   12.77972 2.5236e+01 0.0000e+00
        114  98.388163    0.00785     0.4708     28.250      1.190  50517.778    31.5155     5.6741      1.179    7.12491     5.6741    24.8385   12.77945 2.5701e+01 0.0000e+00
        115  98.388166    0.00792     0.4750     28.500      1.153  50516.618    31.5147     5.6741      1.142    7.12495     5.6742    24.8379   12.77953 2.6384e+01 0.0000e+00
        116  98.388168    0.00799     0.4792     28.750      1.108  50509.401    31.5098     5.6742      1.098    7.12519     5.6744    24.8340   12.77997 2.6885e+01 0.0000e+00
        117  98.388171    0.00806     0.4833     29.000      1.059  50499.921    31.5033     5.6743      1.050    7.12547     5.6745    24.8288   12.78053 2.7095e+01 0.0000e+00
        118  98.388174    0.00813     0.4875     29.250      1.011  50494.046    31.4993     5.6745      1.002    7.12563     5.6743    24.8256   12.78084 2.7169e+01 0.0000e+00
        119  98.388177    0.00819     0.4917     29.500      0.968  50495.265    31.5002     5.6746      0.959    7.12557     5.6740    24.8263   12.78074 2.7244e+01 0.0000e+00
        120  98.388180    0.00826     0.4958     29.750      0.935  50501.570    31.5045     5.6744      0.926    7.12539     5.6736    24.8298   12.78038 2.7279e+01 0.0000e+00
        121  98.388183    0.00833     0.5000     30.000      0.915  50506.660    31.5080     5.6741      0.906    7.12527     5.6732    24.8326   12.78014 2.7175e+01 0.0000e+00
        122  98.388186    0.00840     0.5042     30.250      0.910  50505.753    31.5073     5.6737      0.901    7.12538     5.6728    24.8320   12.78032 2.6882e+01 0.0000e+00
        123  98.388189    0.00847     0.5083     30.500      0.919  50497.224    31.5013     5.6732      0.910    7.12574     5.6724    24.8274   12.78099 2.6477e+01 0.0000e+00
        124  98.388192    0.00854     0.5125     30.750      0.942  50480.824    31.4899     5.6728      0.933    7.12635     5.6719    24.8184   12.78215 2.6119e+01 0.0000e+00
        125  98.388194    0.00861     0.5167     31.000      0.977  50459.542    31.4751     5.6724      0.967    7.12712     5.6710    24.8068   12.78361 2.5749e+01 0.0000e+00
        126  98.388197    0.00868     0.5208     31.250      1.020  50439.318    31.4610     5.6719      1.011    7.12787     5.6698    24.7957   12.78503 2.5166e+01 0.0000e+00
        127  98.388200    0.00875     0.5250     31.500      1.071  50425.345    31.4512     5.6711      1.061    7.12848     5.6683    24.7880   12.78616 2.4495e+01 0.0000e+00
        128  98.388203    0.00882     0.5292     31.750      1.125  50419.057    31.4466     5.6699      1.115    7.12889     5.6663    24.7845   12.78691 2.4027e+01 0.0000e+00
        129  98.388206    0.00889     0.5333     32.000      1.181  50416.274    31.4444     5.6684      1.171    7.12926     5.6634    24.7829   12.78754 2.3867e+01 0.0000e+00
        130  98.388209    0.00896     0.5375     32.250      1.234  50410.347    31.4398     5.6664      1.223    7.12982     5.6595    24.7796   12.78853 2.3932e+01 0.0000e+00
        131  98.388212    0.00903     0.5417     32.500      1.279  50399.104    31.4315     5.6635      1.268    7.13070     5.6538    24.7733   12.79008 2.4086e+01 0.0000e+00
        132  98.388215    0.00910     0.5458     32.750      1.310  50387.603    31.4227     5.6596      1.298    7.13178     5.6459    24.7668   12.79197 2.4197e+01 0.0000e+00
        133  98.388218    0.00917     0.5500     33.000      1.323  50384.028    31.4191     5.6539      1.311    7.13290     5.6364    24.7646   12.79389 2.4255e+01 0.0000e+00
        134  98.388220    0.00924     0.5542     33.250      1.316  50393.928    31.4243     5.6460      1.304    7.13398     5.6269    24.7697   12.79560 2.4495e+01 0.0000e+00
        135  98.388223    0.00931     0.5583     33.500      1.289  50417.717    31.4389     5.6365      1.277    7.13489     5.6189    24.7822   12.79692 2.5076e+01 0.0000e+00
        136  98.388226    0.00937     0.5625     33.750      1.243  50451.276    31.4601     5.6270      1.232    7.13549     5.6132    24.8001   12.79763 2.5863e+01 0.0000e+00
        137  98.388229    0.00944     0.5667     34.000      1.183  50487.067    31.4832     5.6190      1.172    7.13575     5.6100    24.8193   12.79777 2.6678e+01 0.0000e+00
        138  98.388232    0.00951     0.5708     34.250      1.114  50517.761    31.5033     5.6133      1.103    7.13577     5.6093    24.8359   12.79753 2.7434e+01 0.0000e+00
        139  98.388235    0.00958     0.5750     34.500      1.041  50540.238    31.5182     5.6101      1.031    7.13560     5.6112    24.8480   12.79707 2.8048e+01 0.0000e+00
        140  98.388238    0.00965     0.5792     34.750      0.971  50554.027    31.5276     5.6094      0.962    7.13527     5.6151    24.8555   12.79640 2.8423e+01 0.0000e+00
        141  98.388241    0.00972     0.5833     35.000      0.912  50559.213    31.5316     5.6112      0.903    7.13477     5.6203    24.8584   12.79553 2.8453e+01 0.0000e+00
        142  98.388244    0.00979     0.5875     35.250      0.868  50556.245    31.5303     5.6152      0.860    7.13415     5.6256    24.8570   12.79453 2.8130e+01 0.0000e+00
        143  98.388247    0.00986     0.5917     35.500      0.845  50545.631    31.5241     5.6204      0.837    7.13357     5.6300    24.8515   12.79366 2.7696e+01 0.0000e+00
        144  98.388249    0.00993     0.5958     35.750      0.842  50528.785    31.5135     5.6256      0.834    7.13319     5.6332    24.8425   12.79316 2.7311e+01 0.0000e+00
        145  98.388252    0.01000     0.6000     36.000      0.857  50509.344    31.5009     5.6300      0.849    7.13304     5.6352    24.8321   12.79307 2.6797e+01 0.0000e+00
        146  98.388255    0.01007     0.6042     36.250      0.888  50492.525    31.4900     5.6333      0.879    7.13302     5.6361    24.8231   12.79317 2.6005e+01 0.0000e+00
        147  98.388258    0.01014     0.6083     36.500      0.931  50483.000    31.4838     5.6353      0.922    7.13297     5.6363    24.8180   12.79318 2.5142e+01 0.0000e+00
        148  98.388261    0.01021     0.6125     36.750      0.983  50482.463    31.4836     5.6362      0.974    7.13283     5.6364    24.8177   12.79295 2.4502e+01 0.0000e+00
        149  98.388264    0.01028     0.6167     37.000      1.043  50487.051    31.4868     5.6364      1.033    7.13263     5.6361    24.8202   12.79258 2.4066e+01 0.0000e+00
        150  98.388267    0.01035     0.6208     37.250      1.106  50488.324    31.4877     5.6365      1.095    7.13259     5.6349    24.8209   12.79249 2.3658e+01 0.0000e+00
        151  98.388270    0.01042     0.6250     37.500      1.169  50479.092    31.4812     5.6362      1.158    7.13295     5.6320    24.8158   12.79316 2.3275e+01 0.0000e+00
        152  98.388273    0.01049     0.6292     37.750      1.227  50459.978    31.4678     5.6350      1.215    7.13379     5.6267    24.8053   12.79472 2.3080e+01 0.0000e+00
        153  98.388275    0.01056     0.6333     38.000      1.274  50440.028    31.4534     5.6321      1.262    7.13495     5.6181    24.7943   12.79682 2.3162e+01 0.0000e+00
        154  98.388278    0.01063     0.6375     38.250      1.306  50430.635    31.4458     5.6268      1.294    7.13622     5.6074    24.7889   12.79902 2.3480e+01 0.0000e+00
        155  98.388281    0.01069     0.6417     38.500      1.318  50439.040    31.4499     5.6182      1.306    7.13747     5.5975    24.7931   12.80103 2.3992e+01 0.0000e+00
        156  98.388284    0.01076     0.6458     38.750      1.311  50464.718    31.4655     5.6075      1.299    7.13854     5.5906    24.8066   12.80259 2.4612e+01 0.0000e+00
        157  98.388287    0.01083     0.6500     39.000      1.285  50499.420    31.4874     5.5975      1.273    7.13918     5.5870    24.8251   12.80338 2.5207e+01 0.0000e+00
        158  98.388290    0.01090     0.6542     39.250      1.243  50531.992    31.5085     5.5906      1.232    7.13934     5.5858    24.8425   12.80338 2.5758e+01 0.0000e+00
        159  98.388293    0.01097     0.6583     39.500      1.192  50554.875    31.5236     5.5871      1.181    7.13922     5.5860    24.8549   12.80299 2.6323e+01 0.0000e+00
        160  98.388296    0.01104     0.6625     39.750      1.137  50565.624    31.5307     5.5858      1.127    7.13909     5.5871    24.8607   12.80268 2.6917e+01 0.0000e+00
        161  98.388299    0.01111     0.6667     40.000      1.083  50564.768    31.5302     5.5860      1.073    7.13909     5.5888    24.8602   12.80269 2.7502e+01 0.0000e+00
        162  98.388302    0.01118     0.6708     40.250      1.033  50555.395    31.5240     5.5871      1.023    7.13919     5.5903    24.8552   12.80293 2.7996e+01 0.0000e+00
        163  98.388304    0.01125     0.6750     40.500      0.989  50543.619    31.5162     5.5888      0.980    7.13928     5.5914    24.8489   12.80317 2.8260e+01 0.0000e+00
        164  98.388307    0.01132     0.6792     40.750      0.953  50536.048    31.5113     5.5903      0.944    7.13925     5.5923    24.8448   12.80319 2.8319e+01 0.0000e+00
        165  98.388310    0.01139     0.6833     41.000      0.926  50536.041    31.5116     5.5914      0.917    7.13906     5.5932    24.8449   12.80286 2.8338e+01 0.0000e+00
        166  98.388313    0.01146     0.6875     41.250      0.910  50542.677    31.5163     5.5923      0.901    7.13868     5.5942    24.8486   12.80219 2.8205e+01 0.0000e+00
        167  98.388316    0.01153     0.6917     41.500      0.905  50551.930    31.5229     5.5932      0.897    7.13822     5.5955    24.8537   12.80134 2.7699e+01 0.0000e+00
        168  98.388319    0.01160     0.6958     41.750      0.915  50558.933    31.5279     5.5942      0.906    7.13781     5.5973    24.8575   12.80059 2.6961e+01 0.0000e+00
        169  98.388322    0.01167     0.7000     42.000      0.938  50560.212    31.5290     5.5955      0.929    7.13753     5.5994    24.8583   12.80012 2.6338e+01 0.0000e+00
        170  98.388325    0.01174     0.7042     42.250      0.973  50554.508    31.5254     5.5973      0.965    7.13741     5.6014    24.8553   12.79996 2.5844e+01 0.0000e+00
        171  98.388328    0.01181     0.7083     42.500      1.019  50542.349    31.5175     5.5994      1.010    7.13743     5.6029    24.8487   12.80011 2.5296e+01 0.0000e+00
        172  98.388330    0.01188     0.7125     42.750      1.070  50525.719    31.5064     5.6014      1.060    7.13762     5.6036    24.8397   12.80055 2.4753e+01 0.0000e+00
        173  98.388333    0.01194     0.7167     43.000      1.122  50507.816    31.4943     5.6029      1.112    7.13794     5.6037    24.8300   12.80124 2.4254e+01 0.0000e+00
        174  98.388336    0.01201     0.7208     43.250      1.171  50491.610    31.4833     5.6037      1.160    7.13834     5.6033    24.8212   12.80204 2.3767e+01 0.0000e+00
        175  98.388339    0.01208     0.7250     43.500      1.213  50478.401    31.4742     5.6038      1.202    7.13876     5.6027    24.8140   12.80285 2.3490e+01 0.0000e+00
        176  98.388342    0.01215     0.7292     43.750      1.244  50468.127    31.4670     5.6034      1.233    7.13916     5.6020    24.8083   12.80361 2.3642e+01 0.0000e+00
        177  98.388345    0.01222     0.7333     44.000      1.261  50460.746    31.4618     5.6028      1.250    7.13950     5.6013    24.8043   12.80424 2.4142e+01 0.0000e+00
        178  98.388348    0.01229     0.7375     44.250      1.261  50457.294    31.4593     5.6021      1.249    7.13973     5.6004    24.8023   12.80465 2.4749e+01 0.0000e+00
        179  98.388351    0.01236     0.7417     44.500      1.242  50459.664    31.4608     5.6014      1.231    7.13979     5.5996    24.8036   12.80473 2.5393e+01 0.0000e+00
        180  98.388354    0.01243     0.7458     44.750      1.207  50469.309    31.4673     5.6005      1.196    7.13963     5.5991    24.8088   12.80438 2.6087e+01 0.0000e+00
