CTD-processing/allCTD/CNV--turbid/2015_06-26_t9_s02_cast115.cnv
* Sea-Bird SBE19plus Data File:
* FileName = C:\Users\Kris.Holderied\Documents\kasitsna\Research-KBL\Oceanography-AK\CTD-Data-ALL-to-2015-04\2015-CTD-KachemakBay-CookInlet\2015-06-26-CookInlet-HomerSpit-Monthly\2015-06-26-CookInlet-Tran9-cast115.hex
* Software Version 1.59
* Temperature SN =  5028
* Conductivity SN =  5028
* System UpLoad Time = Jul 03 2015 13:50:27
** Cook Inlet LTM Tran 9 (Homer Spit) North to South
** Date: 06-26
** Station: 9-02
** Start time (AKDT): 12:36
** Depth (m): 75.3
** Comment:  R/V Barnacle
** Comment:
# nquan = 16
# nvalues = 597                         
# units = specified
# name 0 = scan: Scan Count
# name 1 = timeJ: Julian Days
# name 2 = timeH: Time, Elapsed [hours]
# name 3 = timeM: Time, Elapsed [minutes]
# name 4 = timeS: Time, Elapsed [seconds]
# name 5 = prdM: Pressure, Strain Gauge [db]
# name 6 = specc: Specific Conductance [uS/cm]
# name 7 = sal00: Salinity, Practical [PSU]
# name 8 = tv290C: Temperature [ITS-90, deg C]
# name 9 = depSM: Depth [salt water, m], lat = 59.00
# name 10 = oxsolML/L: Oxygen Saturation, Garcia & Gordon [ml/l]
# name 11 = potemp090C: Potential Temperature [ITS-90, deg C]
# name 12 = sigma-é00: Density [sigma-theta, kg/m^3]
# name 13 = n2satML/L: Nitrogen Saturation [ml/l]
# name 14 = par: PAR/Irradiance, Biospherical/Licor
# name 15 = flag:  0.000e+00
# span 0 =          1,        597       
# span 1 = 177.524421, 177.526146       
# span 2 =    0.00000,    0.04139       
# span 3 =     0.0000,     2.4833       
# span 4 =      0.000,    149.000       
# span 5 =     -0.071,     67.153       
# span 6 =    360.164,  50014.708       
# span 7 =     0.1709,    31.4493       
# span 8 =     7.3696,    13.2135       
# span 9 =     -0.070,     66.515       
# span 10 =    6.19155,    7.70474      
# span 11 =     7.3636,    13.2133      
# span 12 =    -0.2611,    24.5741      
# span 13 =   11.28290,   14.17704      
# span 14 = 5.2626e-02, 9.0929e+02      
# span 15 = 0.0000e+00, 0.0000e+00      
# interval = seconds: 0.25
# start_time = Jun 26 2015 12:35:10 [Instrument's time stamp, header]
# bad_flag = -9.990e-29
*END*
[from data line 181]
        182 177.524945    0.01257     0.7542     45.250      0.848  39752.972    24.9327    12.5035      0.840    6.37880    12.4978    18.6975   11.62349 3.4646e+02 0.0000e+00
        183 177.524948    0.01264     0.7583     45.500      0.831  39757.125    24.9352    12.4980      0.823    6.37945    12.5042    18.7004   11.62454 3.4303e+02 0.0000e+00
        184 177.524951    0.01271     0.7625     45.750      0.825  39754.438    24.9333    12.4979      0.817    6.37955    12.5148    18.6990   11.62473 3.3882e+02 0.0000e+00
        185 177.524954    0.01278     0.7667     46.000      0.832  39742.145    24.9253    12.5043      0.824    6.37900    12.5245    18.6917   11.62391 3.3434e+02 0.0000e+00
        186 177.524957    0.01285     0.7708     46.250      0.846  39721.680    24.9119    12.5149      0.838    6.37811    12.5294    18.6795   11.62257 3.3039e+02 0.0000e+00
        187 177.524959    0.01292     0.7750     46.500      0.862  39697.144    24.8956    12.5246      0.854    6.37744    12.5278    18.6652   11.62165 3.2938e+02 0.0000e+00
        188 177.524962    0.01299     0.7792     46.750      0.873  39674.710    24.8804    12.5295      0.865    6.37737    12.5201    18.6526   11.62172 3.3199e+02 0.0000e+00
        189 177.524965    0.01306     0.7833     47.000      0.876  39661.759    24.8714    12.5279      0.868    6.37795    12.5092    18.6459   11.62279 3.3654e+02 0.0000e+00
        190 177.524968    0.01313     0.7875     47.250      0.870  39662.766    24.8715    12.5202      0.862    6.37899    12.4993    18.6474   11.62453 3.3994e+02 0.0000e+00
        191 177.524971    0.01319     0.7917     47.500      0.859  39676.722    24.8804    12.5093      0.851    6.38011    12.4933    18.6561   11.62629 3.4129e+02 0.0000e+00
        192 177.524974    0.01326     0.7958     47.750      0.846  39697.389    24.8940    12.4994      0.838    6.38091    12.4922    18.6684   11.62746 3.4068e+02 0.0000e+00
        193 177.524977    0.01333     0.8000     48.000      0.838  39714.392    24.9053    12.4934      0.830    6.38127    12.4950    18.6782   11.62792 3.3755e+02 0.0000e+00
        194 177.524980    0.01340     0.8042     48.250      0.838  39718.811    24.9083    12.4923      0.830    6.38130    12.4992    18.6807   11.62793 3.3361e+02 0.0000e+00
        195 177.524983    0.01347     0.8083     48.500      0.844  39709.056    24.9017    12.4951      0.836    6.38118    12.5021    18.6751   11.62781 3.3063e+02 0.0000e+00
        196 177.524986    0.01354     0.8125     48.750      0.850  39691.321    24.8898    12.4993      0.842    6.38109    12.5023    18.6651   11.62780 3.2912e+02 0.0000e+00
        197 177.524988    0.01361     0.8167     49.000      0.854  39676.757    24.8799    12.5022      0.846    6.38110    12.5012    18.6570   11.62794 3.2923e+02 0.0000e+00
        198 177.524991    0.01368     0.8208     49.250      0.858  39674.171    24.8781    12.5024      0.850    6.38114    12.5009    18.6556   11.62802 3.2982e+02 0.0000e+00
        199 177.524994    0.01375     0.8250     49.500      0.863  39680.266    24.8823    12.5013      0.855    6.38113    12.5026    18.6590   11.62796 3.3013e+02 0.0000e+00
        200 177.524997    0.01382     0.8292     49.750      0.871  39682.044    24.8835    12.5010      0.863    6.38112    12.5043    18.6599   11.62792 3.2969e+02 0.0000e+00
        201 177.525000    0.01389     0.8333     50.000      0.878  39670.086    24.8753    12.5027      0.870    6.38122    12.5028    18.6534   11.62820 3.2858e+02 0.0000e+00
        202 177.525003    0.01396     0.8375     50.250      0.880  39646.773    24.8593    12.5044      0.872    6.38162    12.4957    18.6407   11.62906 3.2950e+02 0.0000e+00
        203 177.525006    0.01403     0.8417     50.500      0.871  39625.165    24.8443    12.5029      0.863    6.38244    12.4849    18.6294   11.63060 3.3362e+02 0.0000e+00
        204 177.525009    0.01410     0.8458     50.750      0.853  39617.310    24.8384    12.4958      0.845    6.38363    12.4750    18.6260   11.63266 3.3775e+02 0.0000e+00
        205 177.525012    0.01417     0.8500     51.000      0.831  39622.446    24.8411    12.4850      0.823    6.38499    12.4703    18.6301   11.63489 3.3935e+02 0.0000e+00
        206 177.525014    0.01424     0.8542     51.250      0.815  39626.488    24.8432    12.4751      0.808    6.38625    12.4716    18.6335   11.63696 3.3811e+02 0.0000e+00
        207 177.525017    0.01431     0.8583     51.500      0.818  39610.784    24.8320    12.4704      0.810    6.38733    12.4752    18.6256   11.63889 3.3476e+02 0.0000e+00
        208 177.525020    0.01438     0.8625     51.750      0.841  39568.981    24.8032    12.4717      0.833    6.38831    12.4774    18.6032   11.64087 3.3171e+02 0.0000e+00
        209 177.525023    0.01444     0.8667     52.000      0.876  39523.910    24.7723    12.4753      0.867    6.38906    12.4771    18.5787   11.64249 3.3136e+02 0.0000e+00
        210 177.525026    0.01451     0.8708     52.250      0.906  39505.630    24.7598    12.4775      0.896    6.38926    12.4747    18.5686   11.64298 3.3532e+02 0.0000e+00
        211 177.525029    0.01458     0.8750     52.500      0.917  39510.359    24.7631    12.4772      0.908    6.38917    12.4713    18.5712   11.64278 3.4369e+02 0.0000e+00
        212 177.525032    0.01465     0.8792     52.750      0.906  39515.779    24.7667    12.4748      0.897    6.38935    12.4687    18.5743   11.64304 3.5342e+02 0.0000e+00
        213 177.525035    0.01472     0.8833     53.000      0.876  39511.250    24.7633    12.4714      0.868    6.38994    12.4684    18.5723   11.64407 3.6030e+02 0.0000e+00
        214 177.525038    0.01479     0.8875     53.250      0.841  39496.629    24.7530    12.4688      0.833    6.39071    12.4715    18.5648   11.64548 3.6240e+02 0.0000e+00
        215 177.525041    0.01486     0.8917     53.500      0.813  39480.630    24.7419    12.4685      0.806    6.39120    12.4777    18.5563   11.64642 3.5936e+02 0.0000e+00
        216 177.525043    0.01493     0.8958     53.750      0.802  39469.955    24.7348    12.4716      0.795    6.39107    12.4842    18.5503   11.64629 3.5161e+02 0.0000e+00
        217 177.525046    0.01500     0.9000     54.000      0.810  39457.208    24.7264    12.4778      0.803    6.39056    12.4873    18.5427   11.64554 3.4286e+02 0.0000e+00
        218 177.525049    0.01507     0.9042     54.250      0.832  39433.345    24.7104    12.4843      0.825    6.39032    12.4863    18.5292   11.64534 3.3703e+02 0.0000e+00
        219 177.525052    0.01514     0.9083     54.500      0.861  39402.976    24.6896    12.4874      0.854    6.39073    12.4826    18.5126   11.64626 3.3399e+02 0.0000e+00
        220 177.525055    0.01521     0.9125     54.750      0.889  39383.502    24.6761    12.4864      0.881    6.39141    12.4777    18.5023   11.64756 3.3284e+02 0.0000e+00
        221 177.525058    0.01528     0.9167     55.000      0.907  39384.434    24.6765    12.4827      0.899    6.39188    12.4719    18.5032   11.64835 3.3455e+02 0.0000e+00
        222 177.525061    0.01535     0.9208     55.250      0.911  39392.287    24.6816    12.4778      0.903    6.39235    12.4651    18.5080   11.64907 3.3937e+02 0.0000e+00
        223 177.525064    0.01542     0.9250     55.500      0.898  39390.569    24.6800    12.4720      0.890    6.39321    12.4581    18.5078   11.65052 3.4530e+02 0.0000e+00
        224 177.525067    0.01549     0.9292     55.750      0.870  39375.403    24.6690    12.4652      0.863    6.39457    12.4520    18.5005   11.65291 3.4941e+02 0.0000e+00
        225 177.525069    0.01556     0.9333     56.000      0.835  39344.522    24.6472    12.4582      0.828    6.39640    12.4476    18.4849   11.65622 3.4996e+02 0.0000e+00
        226 177.525072    0.01563     0.9375     56.250      0.804  39292.158    24.6107    12.4521      0.797    6.39870    12.4446    18.4578   11.66049 3.4645e+02 0.0000e+00
        227 177.525075    0.01569     0.9417     56.500      0.790  39213.595    24.5562    12.4477      0.783    6.40149    12.4418    18.4164   11.66581 3.3909e+02 0.0000e+00
        228 177.525078    0.01576     0.9458     56.750      0.801  39094.636    24.4739    12.4447      0.794    6.40520    12.4385    18.3534   11.67298 3.2997e+02 0.0000e+00
        229 177.525081    0.01583     0.9500     57.000      0.834  38935.932    24.3643    12.4419      0.827    6.41000    12.4367    18.2692   11.68229 3.2292e+02 0.0000e+00
        230 177.525084    0.01590     0.9542     57.250      0.879  38804.613    24.2736    12.4387      0.871    6.41409    12.4362    18.1996   11.69021 3.2170e+02 0.0000e+00
        231 177.525087    0.01597     0.9583     57.500      0.915  38770.093    24.2496    12.4368      0.907    6.41530    12.4337    18.1814   11.69252 3.2786e+02 0.0000e+00
        232 177.525090    0.01604     0.9625     57.750      0.928  38813.547    24.2795    12.4363      0.920    6.41417    12.4283    18.2046   11.69027 3.3979e+02 0.0000e+00
        233 177.525093    0.01611     0.9667     58.000      0.912  38865.774    24.3153    12.4338      0.903    6.41307    12.4223    18.2327   11.68800 3.5416e+02 0.0000e+00
        234 177.525095    0.01618     0.9708     58.250      0.874  38874.163    24.3207    12.4284      0.866    6.41358    12.4173    18.2378   11.68879 3.6603e+02 0.0000e+00
        235 177.525098    0.01625     0.9750     58.500      0.831  38830.581    24.2902    12.4224      0.823    6.41563    12.4128    18.2153   11.69258 3.6951e+02 0.0000e+00
        236 177.525101    0.01632     0.9792     58.750      0.799  38758.355    24.2401    12.4174      0.792    6.41834    12.4061    18.1775   11.69769 3.6340e+02 0.0000e+00
        237 177.525104    0.01639     0.9833     59.000      0.793  38657.592    24.1704    12.4129      0.785    6.42177    12.3948    18.1244   11.70425 3.5215e+02 0.0000e+00
        238 177.525107    0.01646     0.9875     59.250      0.810  38521.523    24.0763    12.4062      0.803    6.42648    12.3807    18.0528   11.71323 3.4103e+02 0.0000e+00
        239 177.525110    0.01653     0.9917     59.500      0.842  38410.125    23.9988    12.3949      0.834    6.43116    12.3684    17.9949   11.72196 3.3389e+02 0.0000e+00
        240 177.525113    0.01660     0.9958     59.750      0.875  38403.867    23.9935    12.3808      0.866    6.43330    12.3612    17.9933   11.72561 3.3245e+02 0.0000e+00
        241 177.525116    0.01667     1.0000     60.000      0.896  38485.053    24.0485    12.3685      0.887    6.43277    12.3603    18.0379   11.72406 3.3601e+02 0.0000e+00
        242 177.525119    0.01674     1.0042     60.250      0.900  38561.063    24.1003    12.3612      0.891    6.43167    12.3653    18.0792   11.72159 3.4126e+02 0.0000e+00
        243 177.525122    0.01681     1.0083     60.500      0.889  38579.157    24.1126    12.3604      0.880    6.43128    12.3744    18.0889   11.72080 3.4499e+02 0.0000e+00
        244 177.525124    0.01688     1.0125     60.750      0.870  38539.124    24.0854    12.3653      0.862    6.43170    12.3868    18.0670   11.72183 3.4548e+02 0.0000e+00
        245 177.525127    0.01694     1.0167     61.000      0.853  38468.046    24.0371    12.3744      0.845    6.43241    12.4034    18.0281   11.72358 3.4156e+02 0.0000e+00
        246 177.525130    0.01701     1.0208     61.250      0.842  38412.539    23.9998    12.3869      0.835    6.43220    12.4242    17.9970   11.72369 3.3485e+02 0.0000e+00
        247 177.525133    0.01708     1.0250     61.500      0.840  38394.668    23.9886    12.4035      0.832    6.43037    12.4467    17.9855   11.72078 3.2824e+02 0.0000e+00
        248 177.525136    0.01715     1.0292     61.750      0.844  38403.490    23.9961    12.4243      0.837    6.42723    12.4676    17.9877   11.71544 3.2363e+02 0.0000e+00
        249 177.525139    0.01722     1.0333     62.000      0.853  38430.567    24.0163    12.4468      0.845    6.42334    12.4851    17.9994   11.70871 3.2273e+02 0.0000e+00
        250 177.525142    0.01729     1.0375     62.250      0.864  38476.944    24.0497    12.4677      0.856    6.41912    12.4980    18.0216   11.70129 3.2548e+02 0.0000e+00
        251 177.525145    0.01736     1.0417     62.500      0.878  38539.548    24.0940    12.4852      0.870    6.41495    12.5056    18.0528   11.69379 3.2986e+02 0.0000e+00
        252 177.525148    0.01743     1.0458     62.750      0.894  38602.614    24.1383    12.4981      0.886    6.41140    12.5078    18.0848   11.68734 3.3440e+02 0.0000e+00
        253 177.525150    0.01750     1.0500     63.000      0.908  38641.740    24.1658    12.5057      0.900    6.40926    12.5051    18.1047   11.68343 3.3936e+02 0.0000e+00
        254 177.525153    0.01757     1.0542     63.250      0.915  38642.861    24.1667    12.5079      0.906    6.40893    12.4979    18.1050   11.68287 3.4609e+02 0.0000e+00
        255 177.525156    0.01764     1.0583     63.500      0.908  38618.614    24.1498    12.5052      0.900    6.40997    12.4862    18.0924   11.68481 3.5432e+02 0.0000e+00
        256 177.525159    0.01771     1.0625     63.750      0.887  38595.782    24.1336    12.4980      0.879    6.41160    12.4718    18.0811   11.68773 3.6209e+02 0.0000e+00
        257 177.525162    0.01778     1.0667     64.000      0.854  38587.970    24.1274    12.4863      0.847    6.41345    12.4580    18.0784   11.69088 3.6831e+02 0.0000e+00
        258 177.525165    0.01785     1.0708     64.250      0.822  38588.793    24.1270    12.4719      0.814    6.41543    12.4471    18.0806   11.69420 3.7013e+02 0.0000e+00
        259 177.525168    0.01792     1.0750     64.500      0.803  38575.233    24.1168    12.4581      0.796    6.41774    12.4388    18.0751   11.69817 3.6505e+02 0.0000e+00
        260 177.525171    0.01799     1.0792     64.750      0.809  38518.338    24.0769    12.4472      0.801    6.42083    12.4323    18.0462   11.70381 3.5689e+02 0.0000e+00
        261 177.525174    0.01806     1.0833     65.000      0.839  38422.875    24.0106    12.4389      0.831    6.42464    12.4286    17.9964   11.71096 3.5177e+02 0.0000e+00
        262 177.525177    0.01812     1.0875     65.250      0.881  38353.287    23.9622    12.4324      0.873    6.42749    12.4273    17.9602   11.71628 3.5261e+02 0.0000e+00
        263 177.525179    0.01819     1.0917     65.500      0.916  38360.773    23.9671    12.4287      0.907    6.42779    12.4263    17.9646   11.71672 3.5811e+02 0.0000e+00
        264 177.525182    0.01826     1.0958     65.750      0.930  38415.796    24.0048    12.4274      0.921    6.42644    12.4261    17.9939   11.71403 3.6482e+02 0.0000e+00
        265 177.525185    0.01833     1.1000     66.000      0.920  38466.285    24.0395    12.4264      0.911    6.42519    12.4297    18.0209   11.71152 3.6980e+02 0.0000e+00
        266 177.525188    0.01840     1.1042     66.250      0.893  38488.712    24.0549    12.4262      0.884    6.42459    12.4398    18.0328   11.71034 3.7092e+02 0.0000e+00
        267 177.525191    0.01847     1.1083     66.500      0.863  38492.862    24.0580    12.4298      0.855    6.42398    12.4589    18.0346   11.70929 3.6730e+02 0.0000e+00
        268 177.525194    0.01854     1.1125     66.750      0.843  38514.109    24.0734    12.4399      0.835    6.42198    12.4873    18.0447   11.70577 3.5938e+02 0.0000e+00
        269 177.525197    0.01861     1.1167     67.000      0.839  38569.629    24.1129    12.4590      0.831    6.41778    12.5207    18.0719   11.69828 3.4937e+02 0.0000e+00
        270 177.525200    0.01868     1.1208     67.250      0.849  38640.370    24.1636    12.4874      0.841    6.41186    12.5527    18.1062   11.68781 3.4125e+02 0.0000e+00
        271 177.525203    0.01875     1.1250     67.500      0.868  38694.949    24.2035    12.5208      0.860    6.40570    12.5785    18.1312   11.67705 3.3692e+02 0.0000e+00
