CTD-processing/allCTD/CNV--turbid/2015_04-08_t9_s09_cast039.cnv
* Sea-Bird SBE19plus Data File:
* FileName = C:\Users\kris.holderied\Documents\kasitsna\Research-Projects-and-Data\Oceanography-AK\CTD-Data-ALL-to-2015-02\2015-CTD-KachemakBay-CookInlet\2015-04-EVOSTC-CookInlet-quarterly\2015-04-08-CookInlet-Tran9-HomerSpit\2015-04-08-CookInlet-Tran9-cast039.hex
* Software Version 1.59
* Temperature SN =  5028
* Conductivity SN =  5028
* System UpLoad Time = Apr 09 2015 19:34:09
** Cook Inlet LTM Tran 9 (Homer Spit) South to North
** Date: 04-08
** Station: 9-09
** Start time (AKDT): 15:20
** Depth (m): 82
** Comment:  KBL CTD. Time is local (AKDT)
** Comment: On R/V Pandalus.
# nquan = 16
# nvalues = 555                         
# units = specified
# name 0 = scan: Scan Count
# name 1 = timeJ: Julian Days
# name 2 = timeH: Time, Elapsed [hours]
# name 3 = timeM: Time, Elapsed [minutes]
# name 4 = timeS: Time, Elapsed [seconds]
# name 5 = prdM: Pressure, Strain Gauge [db]
# name 6 = specc: Specific Conductance [uS/cm]
# name 7 = sal00: Salinity, Practical [PSU]
# name 8 = tv290C: Temperature [ITS-90, deg C]
# name 9 = depSM: Depth [salt water, m], lat = 59.00
# name 10 = oxsolML/L: Oxygen Saturation, Garcia & Gordon [ml/l]
# name 11 = potemp090C: Potential Temperature [ITS-90, deg C]
# name 12 = sigma-é00: Density [sigma-theta, kg/m^3]
# name 13 = n2satML/L: Nitrogen Saturation [ml/l]
# name 14 = par: PAR/Irradiance, Biospherical/Licor
# name 15 = flag:  0.000e+00
# span 0 =          1,        555       
# span 1 =  98.638958,  98.640561       
# span 2 =    0.00000,    0.03847       
# span 3 =     0.0000,     2.3083       
# span 4 =      0.000,    138.500       
# span 5 =     -0.220,     81.473       
# span 6 =   2114.863,  50722.895       
# span 7 =     1.0488,    31.5463       
# span 8 =     5.0829,     5.3856       
# span 9 =     -0.218,     80.695       
# span 10 =    7.17324,    8.80609      
# span 11 =     5.0816,     5.3807      
# span 12 =     0.8001,    24.9034      
# span 13 =   12.85913,   16.01979      
# span 14 = 3.8135e-02, 1.3615e+03      
# span 15 = 0.0000e+00, 0.0000e+00      
# interval = seconds: 0.25
# start_time = Apr 08 2015 15:20:06 [Instrument's time stamp, header]
# bad_flag = -9.990e-29
*END*
[from data line 181]
        182  98.639482    0.01257     0.7542     45.250      0.642  49887.660    31.0117     5.3271      0.636    7.20801     5.3266    24.4794   12.92319 5.7452e+02 0.0000e+00
        183  98.639485    0.01264     0.7583     45.500      0.630  49888.008    31.0119     5.3269      0.624    7.20803     5.3264    24.4795   12.92323 5.0331e+02 0.0000e+00
        184  98.639488    0.01271     0.7625     45.750      0.618  49888.031    31.0119     5.3266      0.612    7.20809     5.3264    24.4795   12.92333 4.5366e+02 0.0000e+00
        185  98.639491    0.01278     0.7667     46.000      0.611  49888.396    31.0121     5.3264      0.605    7.20811     5.3268    24.4797   12.92336 4.2789e+02 0.0000e+00
        186  98.639494    0.01285     0.7708     46.250      0.613  49888.990    31.0125     5.3265      0.607    7.20808     5.3273    24.4800   12.92330 4.2144e+02 0.0000e+00
        187  98.639497    0.01292     0.7750     46.500      0.623  49889.984    31.0133     5.3268      0.617    7.20798     5.3278    24.4806   12.92313 4.2549e+02 0.0000e+00
        188  98.639499    0.01299     0.7792     46.750      0.639  49890.888    31.0140     5.3274      0.633    7.20786     5.3280    24.4811   12.92291 4.2713e+02 0.0000e+00
        189  98.639502    0.01306     0.7833     47.000      0.653  49891.360    31.0144     5.3278      0.647    7.20776     5.3279    24.4814   12.92274 4.1396e+02 0.0000e+00
        190  98.639505    0.01313     0.7875     47.250      0.664  49891.927    31.0149     5.3280      0.658    7.20770     5.3276    24.4817   12.92264 3.9530e+02 0.0000e+00
        191  98.639508    0.01319     0.7917     47.500      0.672  49892.622    31.0153     5.3280      0.666    7.20769     5.3274    24.4820   12.92262 3.8867e+02 0.0000e+00
        192  98.639511    0.01326     0.7958     47.750      0.680  49893.249    31.0157     5.3277      0.674    7.20772     5.3274    24.4824   12.92266 3.9869e+02 0.0000e+00
        193  98.639514    0.01333     0.8000     48.000      0.693  49893.682    31.0159     5.3275      0.686    7.20775     5.3275    24.4826   12.92270 4.1194e+02 0.0000e+00
        194  98.639517    0.01340     0.8042     48.250      0.708  49893.857    31.0160     5.3274      0.701    7.20775     5.3276    24.4827   12.92271 4.1077e+02 0.0000e+00
        195  98.639520    0.01347     0.8083     48.500      0.720  49893.947    31.0161     5.3275      0.713    7.20773     5.3275    24.4827   12.92268 3.9964e+02 0.0000e+00
        196  98.639523    0.01354     0.8125     48.750      0.724  49894.166    31.0162     5.3276      0.717    7.20771     5.3274    24.4828   12.92263 3.8616e+02 0.0000e+00
        197  98.639525    0.01361     0.8167     49.000      0.718  49894.452    31.0164     5.3276      0.712    7.20770     5.3271    24.4830   12.92262 3.7610e+02 0.0000e+00
        198  98.639528    0.01368     0.8208     49.250      0.704  49894.604    31.0165     5.3274      0.698    7.20773     5.3270    24.4831   12.92267 3.7060e+02 0.0000e+00
        199  98.639531    0.01375     0.8250     49.500      0.685  49894.547    31.0164     5.3272      0.679    7.20778     5.3269    24.4831   12.92274 3.6425e+02 0.0000e+00
        200  98.639534    0.01382     0.8292     49.750      0.667  49894.337    31.0162     5.3270      0.661    7.20782     5.3271    24.4830   12.92281 3.6075e+02 0.0000e+00
        201  98.639537    0.01389     0.8333     50.000      0.652  49893.970    31.0160     5.3270      0.646    7.20783     5.3273    24.4828   12.92284 3.6523e+02 0.0000e+00
        202  98.639540    0.01396     0.8375     50.250      0.642  49893.419    31.0156     5.3271      0.636    7.20782     5.3275    24.4825   12.92282 3.7007e+02 0.0000e+00
        203  98.639543    0.01403     0.8417     50.500      0.636  49892.881    31.0153     5.3274      0.630    7.20779     5.3276    24.4822   12.92278 3.6709e+02 0.0000e+00
        204  98.639546    0.01410     0.8458     50.750      0.633  49892.627    31.0152     5.3276      0.627    7.20776     5.3275    24.4821   12.92274 3.6624e+02 0.0000e+00
        205  98.639549    0.01417     0.8500     51.000      0.633  49892.629    31.0152     5.3276      0.627    7.20775     5.3272    24.4821   12.92273 3.7524e+02 0.0000e+00
        206  98.639552    0.01424     0.8542     51.250      0.635  49892.709    31.0153     5.3275      0.629    7.20777     5.3270    24.4821   12.92276 3.9298e+02 0.0000e+00
        207  98.639554    0.01431     0.8583     51.500      0.640  49892.886    31.0153     5.3272      0.634    7.20781     5.3267    24.4822   12.92282 4.1338e+02 0.0000e+00
        208  98.639557    0.01438     0.8625     51.750      0.645  49893.238    31.0155     5.3270      0.639    7.20785     5.3265    24.4824   12.92288 4.2595e+02 0.0000e+00
        209  98.639560    0.01444     0.8667     52.000      0.648  49893.784    31.0159     5.3267      0.642    7.20788     5.3262    24.4827   12.92292 4.3329e+02 0.0000e+00
        210  98.639563    0.01451     0.8708     52.250      0.647  49894.470    31.0163     5.3265      0.641    7.20790     5.3259    24.4830   12.92295 4.3668e+02 0.0000e+00
        211  98.639566    0.01458     0.8750     52.500      0.643  49895.023    31.0166     5.3262      0.637    7.20793     5.3256    24.4833   12.92300 4.3779e+02 0.0000e+00
        212  98.639569    0.01465     0.8792     52.750      0.638  49895.268    31.0167     5.3259      0.632    7.20798     5.3255    24.4834   12.92307 4.4852e+02 0.0000e+00
        213  98.639572    0.01472     0.8833     53.000      0.635  49895.328    31.0167     5.3257      0.630    7.20802     5.3255    24.4834   12.92314 4.6827e+02 0.0000e+00
        214  98.639575    0.01479     0.8875     53.250      0.638  49895.292    31.0167     5.3256      0.632    7.20804     5.3257    24.4834   12.92318 4.7670e+02 0.0000e+00
        215  98.639578    0.01486     0.8917     53.500      0.648  49895.156    31.0166     5.3256      0.641    7.20804     5.3259    24.4833   12.92318 4.6078e+02 0.0000e+00
        216  98.639580    0.01493     0.8958     53.750      0.662  49894.924    31.0164     5.3257      0.655    7.20802     5.3261    24.4832   12.92315 4.4292e+02 0.0000e+00
        217  98.639583    0.01500     0.9000     54.000      0.676  49894.693    31.0163     5.3260      0.670    7.20799     5.3261    24.4831   12.92310 4.3855e+02 0.0000e+00
        218  98.639586    0.01507     0.9042     54.250      0.687  49894.672    31.0163     5.3262      0.680    7.20795     5.3259    24.4831   12.92304 4.3365e+02 0.0000e+00
        219  98.639589    0.01514     0.9083     54.500      0.691  49894.894    31.0165     5.3262      0.684    7.20795     5.3257    24.4832   12.92303 4.1987e+02 0.0000e+00
        220  98.639592    0.01521     0.9125     54.750      0.690  49895.196    31.0166     5.3260      0.684    7.20797     5.3256    24.4834   12.92306 4.0731e+02 0.0000e+00
        221  98.639595    0.01528     0.9167     55.000      0.690  49895.444    31.0168     5.3257      0.684    7.20800     5.3256    24.4835   12.92311 4.1360e+02 0.0000e+00
        222  98.639598    0.01535     0.9208     55.250      0.692  49895.587    31.0169     5.3256      0.686    7.20802     5.3257    24.4836   12.92314 4.3366e+02 0.0000e+00
        223  98.639601    0.01542     0.9250     55.500      0.697  49895.613    31.0169     5.3257      0.690    7.20801     5.3258    24.4836   12.92314 4.3812e+02 0.0000e+00
        224  98.639604    0.01549     0.9292     55.750      0.699  49895.618    31.0169     5.3258      0.692    7.20799     5.3258    24.4836   12.92310 4.2115e+02 0.0000e+00
        225  98.639606    0.01556     0.9333     56.000      0.694  49895.763    31.0170     5.3259      0.687    7.20797     5.3256    24.4837   12.92306 4.0373e+02 0.0000e+00
        226  98.639609    0.01563     0.9375     56.250      0.681  49896.014    31.0172     5.3258      0.674    7.20797     5.3254    24.4838   12.92306 3.9164e+02 0.0000e+00
        227  98.639612    0.01569     0.9417     56.500      0.662  49896.260    31.0173     5.3256      0.656    7.20800     5.3253    24.4839   12.92310 3.8815e+02 0.0000e+00
        228  98.639615    0.01576     0.9458     56.750      0.643  49896.454    31.0174     5.3254      0.637    7.20803     5.3254    24.4840   12.92314 3.8989e+02 0.0000e+00
        229  98.639618    0.01583     0.9500     57.000      0.625  49896.493    31.0174     5.3254      0.620    7.20804     5.3256    24.4841   12.92316 3.8167e+02 0.0000e+00
        230  98.639621    0.01590     0.9542     57.250      0.610  49896.286    31.0173     5.3255      0.604    7.20803     5.3260    24.4840   12.92315 3.7420e+02 0.0000e+00
        231  98.639624    0.01597     0.9583     57.500      0.597  49895.852    31.0170     5.3257      0.592    7.20800     5.3264    24.4837   12.92311 3.7991e+02 0.0000e+00
        232  98.639627    0.01604     0.9625     57.750      0.590  49895.265    31.0167     5.3260      0.585    7.20796     5.3268    24.4834   12.92304 3.9606e+02 0.0000e+00
        233  98.639630    0.01611     0.9667     58.000      0.592  49894.646    31.0164     5.3264      0.586    7.20790     5.3272    24.4831   12.92295 4.1123e+02 0.0000e+00
        234  98.639633    0.01618     0.9708     58.250      0.602  49894.103    31.0161     5.3268      0.596    7.20784     5.3275    24.4828   12.92286 4.1528e+02 0.0000e+00
        235  98.639635    0.01625     0.9750     58.500      0.615  49893.721    31.0159     5.3272      0.609    7.20779     5.3275    24.4827   12.92277 4.2184e+02 0.0000e+00
        236  98.639638    0.01632     0.9792     58.750      0.626  49893.583    31.0159     5.3275      0.620    7.20775     5.3274    24.4826   12.92270 4.3335e+02 0.0000e+00
        237  98.639641    0.01639     0.9833     59.000      0.636  49893.631    31.0159     5.3276      0.630    7.20773     5.3273    24.4826   12.92267 4.4515e+02 0.0000e+00
        238  98.639644    0.01646     0.9875     59.250      0.645  49893.726    31.0160     5.3275      0.638    7.20774     5.3273    24.4827   12.92269 4.7597e+02 0.0000e+00
        239  98.639647    0.01653     0.9917     59.500      0.656  49893.784    31.0160     5.3274      0.649    7.20776     5.3274    24.4827   12.92273 5.3421e+02 0.0000e+00
        240  98.639650    0.01660     0.9958     59.750      0.671  49893.739    31.0159     5.3274      0.664    7.20777     5.3275    24.4826   12.92274 5.9747e+02 0.0000e+00
        241  98.639653    0.01667     1.0000     60.000      0.687  49893.619    31.0159     5.3274      0.681    7.20776     5.3275    24.4826   12.92273 6.2912e+02 0.0000e+00
        242  98.639656    0.01674     1.0042     60.250      0.701  49893.575    31.0159     5.3275      0.695    7.20774     5.3275    24.4826   12.92270 6.2393e+02 0.0000e+00
        243  98.639659    0.01681     1.0083     60.500      0.710  49893.676    31.0159     5.3276      0.703    7.20773     5.3273    24.4826   12.92268 6.1652e+02 0.0000e+00
        244  98.639661    0.01688     1.0125     60.750      0.712  49893.849    31.0160     5.3275      0.705    7.20774     5.3271    24.4827   12.92269 6.0108e+02 0.0000e+00
        245  98.639664    0.01694     1.0167     61.000      0.709  49894.084    31.0162     5.3274      0.703    7.20776     5.3270    24.4828   12.92272 5.6108e+02 0.0000e+00
        246  98.639667    0.01701     1.0208     61.250      0.707  49894.414    31.0163     5.3272      0.701    7.20778     5.3270    24.4830   12.92275 5.3466e+02 0.0000e+00
        247  98.639670    0.01708     1.0250     61.500      0.708  49894.787    31.0166     5.3271      0.701    7.20778     5.3271    24.4832   12.92276 5.3404e+02 0.0000e+00
        248  98.639673    0.01715     1.0292     61.750      0.710  49895.099    31.0168     5.3271      0.703    7.20777     5.3272    24.4833   12.92274 5.3015e+02 0.0000e+00
        249  98.639676    0.01722     1.0333     62.000      0.708  49895.338    31.0170     5.3272      0.701    7.20775     5.3272    24.4835   12.92269 5.0706e+02 0.0000e+00
        250  98.639679    0.01729     1.0375     62.250      0.697  49895.556    31.0172     5.3273      0.691    7.20773     5.3271    24.4836   12.92265 4.7246e+02 0.0000e+00
        251  98.639682    0.01736     1.0417     62.500      0.678  49895.709    31.0173     5.3272      0.671    7.20773     5.3270    24.4837   12.92265 4.4150e+02 0.0000e+00
        252  98.639685    0.01743     1.0458     62.750      0.653  49895.757    31.0173     5.3271      0.647    7.20774     5.3272    24.4837   12.92267 4.2415e+02 0.0000e+00
        253  98.639687    0.01750     1.0500     63.000      0.631  49895.717    31.0173     5.3271      0.625    7.20775     5.3275    24.4837   12.92268 4.1990e+02 0.0000e+00
        254  98.639690    0.01757     1.0542     63.250      0.617  49895.505    31.0172     5.3273      0.611    7.20773     5.3279    24.4836   12.92265 4.1995e+02 0.0000e+00
        255  98.639693    0.01764     1.0583     63.500      0.612  49895.073    31.0169     5.3276      0.606    7.20769     5.3282    24.4834   12.92259 4.2188e+02 0.0000e+00
        256  98.639696    0.01771     1.0625     63.750      0.614  49894.585    31.0167     5.3280      0.608    7.20763     5.3284    24.4832   12.92251 4.1978e+02 0.0000e+00
        257  98.639699    0.01778     1.0667     64.000      0.620  49894.207    31.0165     5.3283      0.615    7.20759     5.3285    24.4830   12.92243 4.1164e+02 0.0000e+00
        258  98.639702    0.01785     1.0708     64.250      0.628  49893.993    31.0164     5.3285      0.623    7.20755     5.3285    24.4829   12.92237 4.0582e+02 0.0000e+00
        259  98.639705    0.01792     1.0750     64.500      0.634  49894.010    31.0164     5.3286      0.629    7.20753     5.3284    24.4829   12.92235 4.0612e+02 0.0000e+00
        260  98.639708    0.01799     1.0792     64.750      0.638  49894.252    31.0165     5.3285      0.633    7.20753     5.3283    24.4830   12.92235 4.0756e+02 0.0000e+00
        261  98.639711    0.01806     1.0833     65.000      0.640  49894.528    31.0167     5.3284      0.634    7.20755     5.3283    24.4831   12.92237 4.0641e+02 0.0000e+00
        262  98.639714    0.01812     1.0875     65.250      0.643  49894.675    31.0168     5.3283      0.638    7.20756     5.3285    24.4832   12.92239 4.1417e+02 0.0000e+00
        263  98.639716    0.01819     1.0917     65.500      0.653  49894.645    31.0168     5.3283      0.647    7.20756     5.3288    24.4832   12.92238 4.4473e+02 0.0000e+00
        264  98.639719    0.01826     1.0958     65.750      0.668  49894.415    31.0166     5.3285      0.662    7.20753     5.3290    24.4831   12.92234 4.8760e+02 0.0000e+00
        265  98.639722    0.01833     1.1000     66.000      0.685  49894.035    31.0164     5.3288      0.679    7.20749     5.3291    24.4829   12.92228 5.2173e+02 0.0000e+00
        266  98.639725    0.01840     1.1042     66.250      0.701  49893.662    31.0162     5.3291      0.695    7.20746     5.3291    24.4827   12.92222 5.4785e+02 0.0000e+00
        267  98.639728    0.01847     1.1083     66.500      0.715  49893.393    31.0160     5.3292      0.708    7.20745     5.3290    24.4826   12.92221 5.6260e+02 0.0000e+00
        268  98.639731    0.01854     1.1125     66.750      0.726  49893.239    31.0159     5.3292      0.720    7.20745     5.3289    24.4825   12.92222 5.5533e+02 0.0000e+00
        269  98.639734    0.01861     1.1167     67.000      0.734  49893.216    31.0159     5.3291      0.727    7.20747     5.3288    24.4824   12.92225 5.4313e+02 0.0000e+00
        270  98.639737    0.01868     1.1208     67.250      0.737  49893.261    31.0159     5.3290      0.731    7.20749     5.3287    24.4825   12.92228 5.4203e+02 0.0000e+00
        271  98.639740    0.01875     1.1250     67.500      0.736  49893.257    31.0159     5.3289      0.729    7.20750     5.3287    24.4825   12.92230 5.4976e+02 0.0000e+00
