CTD-processing/allCTD/CNV--turbid/2015_11-04_t3_s06_cast008.cnv
* Sea-Bird SBE19plus Data File:
* FileName = C:\Users\Kris.Holderied\Documents\kasitsna\Research-KBL\Oceanography-AK\CTD-Data-ALL-to-2015-10\2015-CTD-KachemakBay-CookInlet\2015-11-EVOSTC-CookInlet-quarterly\2015-11-04-CookInlet-Tran3-AnchorPt\2015-11-04-CookInlet-Tran3-cast008.hex
* Software Version 1.59
* Temperature SN =  5028
* Conductivity SN =  5028
* System UpLoad Time = Nov 04 2015 13:57:26
** Cook Inlet LTM Tran3 Anchor Pt  Northwest to Southeast

** Date: 11-04
** Station: 3-06
** Start time (AKST): 05:24
** Depth (m): 47
** Comment: M/V Ursus.
** Comment:
# nquan = 16
# nvalues = 783                         
# units = specified
# name 0 = scan: Scan Count
# name 1 = timeJ: Julian Days
# name 2 = timeH: Time, Elapsed [hours]
# name 3 = timeM: Time, Elapsed [minutes]
# name 4 = timeS: Time, Elapsed [seconds]
# name 5 = prdM: Pressure, Strain Gauge [db]
# name 6 = specc: Specific Conductance [uS/cm]
# name 7 = sal00: Salinity, Practical [PSU]
# name 8 = tv290C: Temperature [ITS-90, deg C]
# name 9 = depSM: Depth [salt water, m], lat = 59.00
# name 10 = oxsolML/L: Oxygen Saturation, Garcia & Gordon [ml/l]
# name 11 = potemp090C: Potential Temperature [ITS-90, deg C]
# name 12 = sigma-é00: Density [sigma-theta, kg/m^3]
# name 13 = n2satML/L: Nitrogen Saturation [ml/l]
# name 14 = par: PAR/Irradiance, Biospherical/Licor
# name 15 = flag:  0.000e+00
# span 0 =          1,        783       
# span 1 = 308.224213, 308.226476       
# span 2 =    0.00000,    0.05431       
# span 3 =     0.0000,     3.2583       
# span 4 =      0.000,    195.500       
# span 5 =     -0.061,     49.601       
# span 6 =    396.687,  47157.543       
# span 7 =     0.1848,    29.6682       
# span 8 =     4.4812,     8.6916       
# span 9 =     -0.061,     49.132       
# span 10 =    6.72709,    9.04583      
# span 11 =     4.4812,     8.6868      
# span 12 =     0.1216,    22.9928      
# span 13 =   12.14454,   16.43644      
# span 14 = 3.7976e-02, 1.8905e+00      
# span 15 = 0.0000e+00, 0.0000e+00      
# interval = seconds: 0.25
# start_time = Nov 04 2015 05:22:52 [Instrument's time stamp, header]
# bad_flag = -9.990e-29
*END*
[from data line 724]
        725 308.226308    0.05028     3.0167    181.000     41.662  46794.038    29.4102     8.6282     41.268    6.74795     8.6250    22.7996   12.18228 3.7980e-02 0.0000e+00
        726 308.226311    0.05035     3.0208    181.250     41.911  46795.505    29.4111     8.6287     41.515    6.74783     8.6252    22.8004   12.18208 3.7980e-02 0.0000e+00
        727 308.226314    0.05042     3.0250    181.500     42.175  46797.381    29.4124     8.6290     41.777    6.74773     8.6253    22.8013   12.18189 3.7981e-02 0.0000e+00
        728 308.226317    0.05049     3.0292    181.750     42.443  46800.067    29.4142     8.6293     42.042    6.74761     8.6255    22.8026   12.18168 3.7983e-02 0.0000e+00
        729 308.226319    0.05056     3.0333    182.000     42.702  46804.042    29.4168     8.6295     42.299    6.74747     8.6258    22.8047   12.18140 3.7987e-02 0.0000e+00
        730 308.226322    0.05063     3.0375    182.250     42.939  46810.229    29.4211     8.6297     42.534    6.74725     8.6263    22.8080   12.18099 3.7995e-02 0.0000e+00
        731 308.226325    0.05069     3.0417    182.500     43.144  46819.523    29.4275     8.6300     42.737    6.74692     8.6269    22.8129   12.18037 3.8007e-02 0.0000e+00
        732 308.226328    0.05076     3.0458    182.750     43.310  46830.218    29.4349     8.6305     42.900    6.74653     8.6275    22.8187   12.17962 3.8028e-02 0.0000e+00
        733 308.226331    0.05083     3.0500    183.000     43.431  46837.400    29.4400     8.6311     43.020    6.74621     8.6278    22.8225   12.17904 3.8063e-02 0.0000e+00
        734 308.226334    0.05090     3.0542    183.250     43.506  46838.390    29.4407     8.6317     43.095    6.74609     8.6276    22.8230   12.17882 3.8121e-02 0.0000e+00
        735 308.226337    0.05097     3.0583    183.500     43.538  46835.378    29.4386     8.6319     43.126    6.74614     8.6270    22.8214   12.17893 3.8186e-02 0.0000e+00
        736 308.226340    0.05104     3.0625    183.750     43.533  46831.543    29.4359     8.6317     43.121    6.74628     8.6264    22.8193   12.17921 3.8243e-02 0.0000e+00
        737 308.226343    0.05111     3.0667    184.000     43.502  46828.506    29.4338     8.6312     43.091    6.74646     8.6259    22.8177   12.17952 3.8268e-02 0.0000e+00
        738 308.226345    0.05118     3.0708    184.250     43.458  46826.458    29.4323     8.6306     43.048    6.74662     8.6255    22.8166   12.17981 3.8216e-02 0.0000e+00
        739 308.226348    0.05125     3.0750    184.500     43.418  46825.451    29.4315     8.6301     43.008    6.74674     8.6254    22.8161   12.18001 3.8129e-02 0.0000e+00
        740 308.226351    0.05132     3.0792    184.750     43.398  46825.918    29.4318     8.6297     42.988    6.74678     8.6256    22.8164   12.18008 3.8068e-02 0.0000e+00
        741 308.226354    0.05139     3.0833    185.000     43.412  46828.325    29.4335     8.6296     43.002    6.74672     8.6261    22.8177   12.17996 3.8031e-02 0.0000e+00
        742 308.226357    0.05146     3.0875    185.250     43.474  46832.593    29.4364     8.6298     43.063    6.74656     8.6268    22.8200   12.17965 3.8009e-02 0.0000e+00
        743 308.226360    0.05153     3.0917    185.500     43.588  46837.742    29.4400     8.6303     43.176    6.74632     8.6276    22.8227   12.17922 3.7996e-02 0.0000e+00
        744 308.226363    0.05160     3.0958    185.750     43.754  46843.291    29.4439     8.6310     43.341    6.74604     8.6284    22.8257   12.17871 3.7988e-02 0.0000e+00
        745 308.226366    0.05167     3.1000    186.000     43.966  46849.917    29.4485     8.6318     43.550    6.74572     8.6294    22.8292   12.17812 3.7984e-02 0.0000e+00
        746 308.226369    0.05174     3.1042    186.250     44.215  46859.001    29.4548     8.6327     43.797    6.74531     8.6305    22.8340   12.17737 3.7981e-02 0.0000e+00
        747 308.226372    0.05181     3.1083    186.500     44.492  46871.007    29.4632     8.6336     44.071    6.74480     8.6319    22.8404   12.17641 3.7980e-02 0.0000e+00
        748 308.226374    0.05187     3.1125    186.750     44.786  46882.740    29.4714     8.6348     44.363    6.74426     8.6331    22.8467   12.17541 3.7980e-02 0.0000e+00
        749 308.226377    0.05194     3.1167    187.000     45.084  46889.840    29.4764     8.6362     44.658    6.74383     8.6340    22.8504   12.17465 3.7981e-02 0.0000e+00
        750 308.226380    0.05201     3.1208    187.250     45.371  46892.023    29.4780     8.6375     44.942    6.74358     8.6346    22.8514   12.17420 3.7984e-02 0.0000e+00
        751 308.226383    0.05208     3.1250    187.500     45.634  46893.290    29.4789     8.6384     45.202    6.74340     8.6352    22.8520   12.17389 3.7988e-02 0.0000e+00
        752 308.226386    0.05215     3.1292    187.750     45.867  46897.915    29.4821     8.6390     45.433    6.74316     8.6358    22.8544   12.17346 3.7991e-02 0.0000e+00
        753 308.226389    0.05222     3.1333    188.000     46.066  46905.831    29.4876     8.6396     45.631    6.74283     8.6366    22.8587   12.17285 3.7988e-02 0.0000e+00
        754 308.226392    0.05229     3.1375    188.250     46.233  46913.732    29.4931     8.6403     45.796    6.74249     8.6374    22.8629   12.17221 3.7983e-02 0.0000e+00
        755 308.226395    0.05236     3.1417    188.500     46.370  46919.702    29.4973     8.6411     45.931    6.74218     8.6381    22.8660   12.17165 3.7980e-02 0.0000e+00
        756 308.226398    0.05243     3.1458    188.750     46.480  46924.435    29.5007     8.6419     46.041    6.74191     8.6387    22.8685   12.17117 3.7979e-02 0.0000e+00
        757 308.226400    0.05250     3.1500    189.000     46.568  46929.245    29.5041     8.6426     46.127    6.74166     8.6393    22.8711   12.17070 3.7978e-02 0.0000e+00
        758 308.226403    0.05257     3.1542    189.250     46.637  46934.102    29.5075     8.6432     46.196    6.74141     8.6398    22.8737   12.17025 3.7977e-02 0.0000e+00
        759 308.226406    0.05264     3.1583    189.500     46.692  46938.766    29.5108     8.6438     46.251    6.74118     8.6405    22.8762   12.16982 3.7977e-02 0.0000e+00
        760 308.226409    0.05271     3.1625    189.750     46.739  46943.909    29.5144     8.6443     46.297    6.74094     8.6412    22.8790   12.16938 3.7976e-02 0.0000e+00
        761 308.226412    0.05278     3.1667    190.000     46.782  46949.940    29.5187     8.6450     46.339    6.74066     8.6421    22.8822   12.16886 3.7976e-02 0.0000e+00
        762 308.226415    0.05285     3.1708    190.250     46.824  46957.403    29.5240     8.6457     46.381    6.74032     8.6433    22.8862   12.16823 3.7976e-02 0.0000e+00
        763 308.226418    0.05292     3.1750    190.500     46.871  46967.245    29.5309     8.6467     46.428    6.73987     8.6448    22.8915   12.16741 3.7976e-02 0.0000e+00
        764 308.226421    0.05299     3.1792    190.750     46.926  46978.574    29.5390     8.6479     46.482    6.73934     8.6465    22.8976   12.16642 3.7976e-02 0.0000e+00
        765 308.226424    0.05306     3.1833    191.000     46.993  46989.345    29.5466     8.6494     46.548    6.73877     8.6483    22.9034   12.16540 3.7976e-02 0.0000e+00
        766 308.226427    0.05312     3.1875    191.250     47.076  46999.330    29.5538     8.6511     46.630    6.73820     8.6503    22.9088   12.16436 3.7976e-02 0.0000e+00
        767 308.226429    0.05319     3.1917    191.500     47.178  47009.847    29.5613     8.6529     46.732    6.73760     8.6525    22.9144   12.16327 3.7976e-02 0.0000e+00
        768 308.226432    0.05326     3.1958    191.750     47.302  47022.454    29.5703     8.6549     46.854    6.73691     8.6553    22.9212   12.16201 3.7976e-02 0.0000e+00
        769 308.226435    0.05333     3.2000    192.000     47.446  47040.030    29.5828     8.6571     46.997    6.73602     8.6589    22.9306   12.16039 3.7976e-02 0.0000e+00
        770 308.226438    0.05340     3.2042    192.250     47.611  47063.756    29.5996     8.6599     47.161    6.73487     8.6633    22.9434   12.15827 3.7976e-02 0.0000e+00
        771 308.226441    0.05347     3.2083    192.500     47.795  47088.127    29.6170     8.6636     47.343    6.73355     8.6678    22.9564   12.15588 3.7976e-02 0.0000e+00
        772 308.226444    0.05354     3.2125    192.750     47.992  47106.812    29.6305     8.6680     47.538    6.73229     8.6717    22.9664   12.15363 3.7976e-02 0.0000e+00
        773 308.226447    0.05361     3.2167    193.000     48.199  47119.414    29.6398     8.6724     47.743    6.73121     8.6751    22.9730   12.15172 3.7976e-02 0.0000e+00
        774 308.226450    0.05368     3.2208    193.250     48.412  47128.739    29.6467     8.6764     47.953    6.73030     8.6779    22.9779   12.15013 3.7976e-02 0.0000e+00
        775 308.226453    0.05375     3.2250    193.500     48.628  47137.192    29.6530     8.6798     48.167    6.72952     8.6805    22.9823   12.14875 3.7976e-02 0.0000e+00
        776 308.226455    0.05382     3.2292    193.750     48.841  47145.931    29.6594     8.6826     48.379    6.72881     8.6828    22.9869   12.14749 3.7976e-02 0.0000e+00
        777 308.226458    0.05389     3.2333    194.000     49.044  47153.433    29.6649     8.6852     48.580    6.72819     8.6846    22.9908   12.14639 3.7976e-02 0.0000e+00
        778 308.226461    0.05396     3.2375    194.250     49.227  47157.067    29.6676     8.6875     48.761    6.72772     8.6857    22.9926   12.14558 3.7976e-02 0.0000e+00
        779 308.226464    0.05403     3.2417    194.500     49.377  47157.543    29.6682     8.6893     48.910    6.72742     8.6864    22.9928   12.14508 3.7976e-02 0.0000e+00
        780 308.226467    0.05410     3.2458    194.750     49.486  47157.207    29.6681     8.6905     49.018    6.72724     8.6867    22.9925   12.14479 3.7976e-02 0.0000e+00
        781 308.226470    0.05417     3.2500    195.000     49.554  47156.947    29.6679     8.6912     49.085    6.72714     8.6868    22.9923   12.14463 3.7976e-02 0.0000e+00
        782 308.226473    0.05424     3.2542    195.250     49.590  47156.799    29.6678     8.6915     49.121    6.72710 -9.990e-29    22.9922   12.14456 3.7976e-02 0.0000e+00
        783 308.226476    0.05431     3.2583    195.500     49.601  47156.734    29.6678     8.6916     49.132    6.72709 -9.990e-29    22.9922   12.14454 3.7976e-02 0.0000e+00
