CTD-processing/allCTD/CNV--turbid/2015_07-10_t9_s05_cast274.cnv
* Sea-Bird SBE19plus Data File:
* FileName = C:\Users\Kris.Holderied\Documents\kasitsna\Research-KBL\Oceanography-AK\CTD-Data-ALL-to-2015-10\2015-CTD-KachemakBay-CookInlet\2015-07-10-CookInlet-Tran9-HomerSpit\2015-07-10-CookInlet-Tran9-cast274.hex
* Software Version 1.59
* Temperature SN =  4141
* Conductivity SN =  4141
* System UpLoad Time = Nov 02 2015 19:38:54
** Kachemak Bay Intensive Survey - Homer Spit (Tran 9)
** Date (YYYY-MM-DD): 2015-07-10
** Station (ie. 9-01):  9-05
** Start time (AKDT): 11:13
** Depth (m): 94.2
** Comment:  Survey included T9, sub-bays and along-bay line on two boats.
** Comment: R/V Barnacle. KBRR CTD.
# nquan = 16
# nvalues = 555                         
# units = specified
# name 0 = scan: Scan Count
# name 1 = timeJ: Julian Days
# name 2 = timeH: Time, Elapsed [hours]
# name 3 = timeM: Time, Elapsed [minutes]
# name 4 = timeS: Time, Elapsed [seconds]
# name 5 = prdM: Pressure, Strain Gauge [db]
# name 6 = specc: Specific Conductance [uS/cm]
# name 7 = sal00: Salinity, Practical [PSU]
# name 8 = tv290C: Temperature [ITS-90, deg C]
# name 9 = depSM: Depth [salt water, m], lat = 59.00
# name 10 = oxsolML/L: Oxygen Saturation, Garcia & Gordon [ml/l]
# name 11 = potemp090C: Potential Temperature [ITS-90, deg C]
# name 12 = sigma-é00: Density [sigma-theta, kg/m^3]
# name 13 = n2satML/L: Nitrogen Saturation [ml/l]
# name 14 = par: PAR/Irradiance, Biospherical/Licor
# name 15 = flag:  0.000e+00
# span 0 =          1,        555       
# span 1 = 191.468113, 191.469716       
# span 2 =    0.00000,    0.03847       
# span 3 =     0.0000,     2.3083       
# span 4 =      0.000,    138.500       
# span 5 =     -0.136,     70.423       
# span 6 =   1017.148,  49642.487       
# span 7 =     0.4995,    31.4226       
# span 8 =     8.6071,    12.0694       
# span 9 =     -0.135,     69.753       
# span 10 =    6.39211,    7.60848      
# span 11 =     8.6001,    12.0694      
# span 12 =    -0.0512,    24.3470      
# span 13 =   11.62158,   14.00953      
# span 14 = 5.2589e-02, 9.1123e+02      
# span 15 = 0.0000e+00, 0.0000e+00      
# interval = seconds: 0.25
# start_time = Jul 10 2015 11:14:05 [Instrument's time stamp, header]
# bad_flag = -9.990e-29
*END*
[from data line 452]
        453 191.469421    0.03139     1.8833    113.000     45.614  49500.187    31.4015     9.3626     45.182    6.55336     9.3410    24.2462   11.83565 2.8763e-01 0.0000e+00
        454 191.469424    0.03146     1.8875    113.250     45.967  49507.697    31.4053     9.3531     45.532    6.55458     9.3354    24.2507   11.83762 2.7609e-01 0.0000e+00
        455 191.469427    0.03153     1.8917    113.500     46.316  49513.120    31.4080     9.3459     45.878    6.55551     9.3313    24.2540   11.83913 2.6481e-01 0.0000e+00
        456 191.469430    0.03160     1.8958    113.750     46.660  49518.216    31.4107     9.3403     46.219    6.55620     9.3285    24.2570   11.84024 2.5420e-01 0.0000e+00
        457 191.469433    0.03167     1.9000    114.000     46.999  49523.131    31.4134     9.3362     46.555    6.55668     9.3271    24.2598   11.84100 2.4428e-01 0.0000e+00
        458 191.469436    0.03174     1.9042    114.250     47.335  49527.654    31.4161     9.3335     46.888    6.55696     9.3268    24.2623   11.84143 2.3467e-01 0.0000e+00
        459 191.469439    0.03181     1.9083    114.500     47.671  49530.630    31.4179     9.3321     47.220    6.55707     9.3269    24.2639   11.84161 2.2530e-01 0.0000e+00
        460 191.469442    0.03188     1.9125    114.750     48.006  49531.113    31.4180     9.3318     47.552    6.55711     9.3267    24.2640   11.84167 2.1634e-01 0.0000e+00
        461 191.469444    0.03194     1.9167    115.000     48.342  49529.493    31.4168     9.3319     47.885    6.55716     9.3257    24.2630   11.84175 2.0812e-01 0.0000e+00
        462 191.469447    0.03201     1.9208    115.250     48.679  49526.431    31.4144     9.3317     48.218    6.55728     9.3234    24.2613   11.84199 2.0064e-01 0.0000e+00
        463 191.469450    0.03208     1.9250    115.500     49.016  49521.968    31.4110     9.3308     48.551    6.55757     9.3194    24.2587   11.84250 1.9365e-01 0.0000e+00
        464 191.469453    0.03215     1.9292    115.750     49.354  49516.249    31.4066     9.3286     48.886    6.55808     9.3132    24.2556   11.84341 1.8705e-01 0.0000e+00
        465 191.469456    0.03222     1.9333    116.000     49.694  49509.250    31.4009     9.3246     49.223    6.55889     9.3033    24.2518   11.84482 1.8034e-01 0.0000e+00
        466 191.469459    0.03229     1.9375    116.250     50.032  49497.186    31.3914     9.3184     49.558    6.56020     9.2882    24.2454   11.84710 1.7320e-01 0.0000e+00
        467 191.469462    0.03236     1.9417    116.500     50.370  49480.569    31.3782     9.3085     49.893    6.56220     9.2685    24.2366   11.85056 1.6637e-01 0.0000e+00
        468 191.469465    0.03243     1.9458    116.750     50.709  49469.366    31.3681     9.2935     50.228    6.56481     9.2460    24.2311   11.85501 1.6028e-01 0.0000e+00
        469 191.469468    0.03250     1.9500    117.000     51.049  49464.565    31.3619     9.2739     50.566    6.56793     9.2210    24.2292   11.86025 1.5454e-01 0.0000e+00
        470 191.469470    0.03257     1.9542    117.250     51.395  49458.965    31.3547     9.2514     50.908    6.57151     9.1926    24.2271   11.86627 1.4909e-01 0.0000e+00
        471 191.469473    0.03264     1.9583    117.500     51.744  49451.700    31.3460     9.2263     51.254    6.57553     9.1596    24.2242   11.87304 1.4414e-01 0.0000e+00
        472 191.469476    0.03271     1.9625    117.750     52.096  49441.820    31.3350     9.1979     51.603    6.58015     9.1211    24.2199   11.88082 1.3961e-01 0.0000e+00
        473 191.469479    0.03278     1.9667    118.000     52.450  49429.804    31.3218     9.1650     51.953    6.58552     9.0791    24.2147   11.88988 1.3538e-01 0.0000e+00
        474 191.469482    0.03285     1.9708    118.250     52.805  49425.947    31.3136     9.1266     52.305    6.59150     9.0382    24.2142   11.89987 1.3142e-01 0.0000e+00
        475 191.469485    0.03292     1.9750    118.500     53.160  49438.666    31.3164     9.0845     52.656    6.59754     9.0026    24.2229   11.90983 1.2759e-01 0.0000e+00
        476 191.469488    0.03299     1.9792    118.750     53.514  49462.859    31.3275     9.0437     53.006    6.60307     8.9738    24.2379   11.91884 1.2386e-01 0.0000e+00
        477 191.469491    0.03306     1.9833    119.000     53.864  49489.287    31.3409     9.0081     53.353    6.60772     8.9516    24.2538   11.92638 1.2025e-01 0.0000e+00
        478 191.469494    0.03313     1.9875    119.250     54.212  49514.078    31.3541     8.9793     53.698    6.61139     8.9351    24.2685   11.93229 1.1657e-01 0.0000e+00
        479 191.469497    0.03319     1.9917    119.500     54.556  49535.058    31.3656     8.9572     54.039    6.61416     8.9228    24.2809   11.93674 1.1284e-01 0.0000e+00
        480 191.469499    0.03326     1.9958    119.750     54.897  49549.526    31.3733     8.9407     54.377    6.61625     8.9126    24.2894   11.94010 1.0941e-01 0.0000e+00
        481 191.469502    0.03333     2.0000    120.000     55.239  49556.924    31.3766     8.9284     54.716    6.61792     8.9029    24.2938   11.94283 1.0628e-01 0.0000e+00
        482 191.469505    0.03340     2.0042    120.250     55.584  49558.882    31.3763     8.9183     55.057    6.61942     8.8924    24.2952   11.94532 1.0345e-01 0.0000e+00
        483 191.469508    0.03347     2.0083    120.500     55.930  49557.656    31.3739     8.9086     55.399    6.62096     8.8810    24.2948   11.94789 1.0087e-01 0.0000e+00
        484 191.469511    0.03354     2.0125    120.750     56.273  49556.771    31.3717     8.8981     55.740    6.62260     8.8699    24.2946   11.95064 9.8282e-02 0.0000e+00
        485 191.469514    0.03361     2.0167    121.000     56.615  49559.758    31.3720     8.8868     56.078    6.62426     8.8601    24.2966   11.95338 9.5687e-02 0.0000e+00
        486 191.469517    0.03368     2.0208    121.250     56.954  49566.289    31.3748     8.8756     56.414    6.62578     8.8521    24.3005   11.95587 9.3136e-02 0.0000e+00
        487 191.469520    0.03375     2.0250    121.500     57.290  49573.514    31.3783     8.8659     56.747    6.62708     8.8459    24.3048   11.95797 9.0711e-02 0.0000e+00
        488 191.469523    0.03382     2.0292    121.750     57.620  49579.738    31.3814     8.8580     57.074    6.62812     8.8411    24.3084   11.95965 8.8610e-02 0.0000e+00
        489 191.469525    0.03389     2.0333    122.000     57.947  49584.758    31.3839     8.8518     57.397    6.62892     8.8374    24.3113   11.96096 8.6767e-02 0.0000e+00
        490 191.469528    0.03396     2.0375    122.250     58.272  49588.744    31.3859     8.8470     57.719    6.62955     8.8344    24.3135   11.96197 8.5042e-02 0.0000e+00
        491 191.469531    0.03403     2.0417    122.500     58.597  49591.071    31.3869     8.8433     58.041    6.63005     8.8316    24.3148   11.96279 8.3423e-02 0.0000e+00
        492 191.469534    0.03410     2.0458    122.750     58.921  49591.378    31.3865     8.8404     58.362    6.63050     8.8285    24.3150   11.96354 8.1775e-02 0.0000e+00
        493 191.469537    0.03417     2.0500    123.000     59.245  49590.665    31.3854     8.8376     58.683    6.63096     8.8250    24.3146   11.96431 8.0005e-02 0.0000e+00
        494 191.469540    0.03424     2.0542    123.250     59.569  49589.849    31.3843     8.8345     59.003    6.63147     8.8212    24.3142   11.96516 7.8275e-02 0.0000e+00
        495 191.469543    0.03431     2.0583    123.500     59.891  49589.676    31.3835     8.8310     59.322    6.63201     8.8176    24.3141   11.96608 7.6794e-02 0.0000e+00
        496 191.469546    0.03438     2.0625    123.750     60.210  49590.688    31.3836     8.8273     59.638    6.63256     8.8143    24.3147   11.96698 7.5484e-02 0.0000e+00
        497 191.469549    0.03444     2.0667    124.000     60.526  49592.373    31.3841     8.8237     59.952    6.63307     8.8111    24.3157   11.96782 7.4133e-02 0.0000e+00
        498 191.469552    0.03451     2.0708    124.250     60.841  49593.723    31.3844     8.8204     60.263    6.63355     8.8077    24.3164   11.96860 7.2767e-02 0.0000e+00
        499 191.469554    0.03458     2.0750    124.500     61.157  49593.653    31.3838     8.8173     60.576    6.63404     8.8036    24.3164   11.96943 7.1477e-02 0.0000e+00
        500 191.469557    0.03465     2.0792    124.750     61.477  49592.032    31.3820     8.8139     60.894    6.63462     8.7986    24.3156   11.97040 7.0265e-02 0.0000e+00
        501 191.469560    0.03472     2.0833    125.000     61.802  49590.365    31.3801     8.8098     61.215    6.63530     8.7929    24.3147   11.97156 6.9137e-02 0.0000e+00
        502 191.469563    0.03479     2.0875    125.250     62.130  49589.531    31.3787     8.8049     61.540    6.63609     8.7866    24.3143   11.97289 6.8071e-02 0.0000e+00
        503 191.469566    0.03486     2.0917    125.500     62.461  49588.647    31.3771     8.7992     61.868    6.63700     8.7794    24.3139   11.97441 6.7039e-02 0.0000e+00
        504 191.469569    0.03493     2.0958    125.750     62.796  49587.667    31.3753     8.7929     62.199    6.63801     8.7717    24.3135   11.97611 6.6051e-02 0.0000e+00
        505 191.469572    0.03500     2.1000    126.000     63.132  49587.465    31.3740     8.7858     62.532    6.63912     8.7636    24.3135   11.97796 6.5138e-02 0.0000e+00
        506 191.469575    0.03507     2.1042    126.250     63.467  49587.636    31.3728     8.7781     62.865    6.64031     8.7548    24.3138   11.97994 6.4310e-02 0.0000e+00
        507 191.469578    0.03514     2.1083    126.500     63.801  49587.214    31.3712     8.7700     63.195    6.64159     8.7453    24.3137   11.98207 6.3571e-02 0.0000e+00
        508 191.469580    0.03521     2.1125    126.750     64.135  49586.286    31.3692     8.7613     63.525    6.64297     8.7352    24.3134   11.98439 6.2877e-02 0.0000e+00
        509 191.469583    0.03528     2.1167    127.000     64.468  49586.747    31.3680     8.7517     63.856    6.64444     8.7254    24.3139   11.98684 6.2135e-02 0.0000e+00
        510 191.469586    0.03535     2.1208    127.250     64.802  49590.005    31.3686     8.7417     64.186    6.64591     8.7167    24.3160   11.98925 6.1317e-02 0.0000e+00
        511 191.469589    0.03542     2.1250    127.500     65.133  49594.885    31.3705     8.7320     64.514    6.64727     8.7090    24.3189   11.99149 6.0511e-02 0.0000e+00
        512 191.469592    0.03549     2.1292    127.750     65.458  49599.878    31.3726     8.7233     64.836    6.64849     8.7025    24.3218   11.99347 5.9814e-02 0.0000e+00
        513 191.469595    0.03556     2.1333    128.000     65.777  49604.593    31.3746     8.7157     65.152    6.64953     8.6971    24.3246   11.99517 5.9223e-02 0.0000e+00
        514 191.469598    0.03562     2.1375    128.250     66.092  49608.828    31.3765     8.7092     65.463    6.65041     8.6926    24.3270   11.99660 5.8662e-02 0.0000e+00
        515 191.469601    0.03569     2.1417    128.500     66.405  49612.143    31.3779     8.7038     65.774    6.65115     8.6886    24.3289   11.99782 5.8069e-02 0.0000e+00
        516 191.469604    0.03576     2.1458    128.750     66.716  49614.515    31.3788     8.6993     66.082    6.65179     8.6851    24.3303   11.99886 5.7479e-02 0.0000e+00
        517 191.469606    0.03583     2.1500    129.000     67.024  49616.200    31.3792     8.6954     66.387    6.65235     8.6817    24.3313   11.99978 5.6988e-02 0.0000e+00
        518 191.469609    0.03590     2.1542    129.250     67.331  49617.067    31.3792     8.6919     66.691    6.65287     8.6780    24.3318   12.00065 5.6606e-02 0.0000e+00
        519 191.469612    0.03597     2.1583    129.500     67.639  49616.617    31.3782     8.6885     66.996    6.65342     8.6736    24.3315   12.00156 5.6213e-02 0.0000e+00
        520 191.469615    0.03604     2.1625    129.750     67.947  49614.480    31.3761     8.6848     67.301    6.65405     8.6680    24.3304   12.00264 5.5756e-02 0.0000e+00
        521 191.469618    0.03611     2.1667    130.000     68.250  49611.433    31.3732     8.6804     67.601    6.65483     8.6613    24.3288   12.00397 5.5282e-02 0.0000e+00
        522 191.469621    0.03618     2.1708    130.250     68.544  49608.653    31.3703     8.6749     67.892    6.65578     8.6535    24.3273   12.00558 5.4825e-02 0.0000e+00
        523 191.469624    0.03625     2.1750    130.500     68.820  49606.747    31.3678     8.6681     68.165    6.65689     8.6453    24.3264   12.00745 5.4430e-02 0.0000e+00
        524 191.469627    0.03632     2.1792    130.750     69.067  49607.265    31.3669     8.6604     68.409    6.65809     8.6378    24.3269   12.00944 5.4105e-02 0.0000e+00
        525 191.469630    0.03639     2.1833    131.000     69.275  49611.506    31.3686     8.6522     68.616    6.65923     8.6319    24.3294   12.01131 5.3826e-02 0.0000e+00
        526 191.469633    0.03646     2.1875    131.250     69.440  49617.873    31.3719     8.6448     68.780    6.66020     8.6276    24.3331   12.01287 5.3605e-02 0.0000e+00
        527 191.469635    0.03653     2.1917    131.500     69.563  49624.030    31.3753     8.6388     68.901    6.66095     8.6248    24.3366   12.01407 5.3448e-02 0.0000e+00
        528 191.469638    0.03660     2.1958    131.750     69.645  49629.376    31.3784     8.6345     68.982    6.66146     8.6236    24.3397   12.01487 5.3344e-02 0.0000e+00
        529 191.469641    0.03667     2.2000    132.000     69.691  49634.213    31.3813     8.6317     69.028    6.66174     8.6239    24.3424   12.01530 5.3289e-02 0.0000e+00
        530 191.469644    0.03674     2.2042    132.250     69.709  49638.415    31.3841     8.6305     69.045    6.66180     8.6253    24.3448   12.01537 5.3279e-02 0.0000e+00
        531 191.469647    0.03681     2.2083    132.500     69.708  49641.272    31.3862     8.6308     69.044    6.66167     8.6274    24.3463   12.01513 5.3283e-02 0.0000e+00
        532 191.469650    0.03687     2.2125    132.750     69.698  49642.487    31.3872     8.6323     69.034    6.66141     8.6298    24.3470   12.01468 5.3276e-02 0.0000e+00
        533 191.469653    0.03694     2.2167    133.000     69.689  49642.338    31.3875     8.6344     69.026    6.66108     8.6319    24.3468   12.01413 5.3272e-02 0.0000e+00
        534 191.469656    0.03701     2.2208    133.250     69.690  49640.722    31.3867     8.6368     69.027    6.66076     8.6330    24.3458   12.01362 5.3279e-02 0.0000e+00
        535 191.469659    0.03708     2.2250    133.500     69.706  49637.275    31.3845     8.6388     69.043    6.66055     8.6326    24.3439   12.01329 5.3279e-02 0.0000e+00
        536 191.469661    0.03715     2.2292    133.750     69.739  49632.027    31.3810     8.6400     69.076    6.66053     8.6302    24.3409   12.01330 5.3254e-02 0.0000e+00
        537 191.469664    0.03722     2.2333    134.000     69.790  49626.335    31.3769     8.6395     69.126    6.66077     8.6264    24.3378   12.01375 5.3202e-02 0.0000e+00
        538 191.469667    0.03729     2.2375    134.250     69.856  49622.764    31.3741     8.6372     69.191    6.66124     8.6221    24.3359   12.01457 5.3130e-02 0.0000e+00
        539 191.469670    0.03736     2.2417    134.500     69.930  49622.261    31.3731     8.6334     69.264    6.66185     8.6180    24.3357   12.01558 5.3040e-02 0.0000e+00
        540 191.469673    0.03743     2.2458    134.750     70.006  49623.417    31.3732     8.6291     69.339    6.66248     8.6141    24.3365   12.01663 5.2945e-02 0.0000e+00
        541 191.469676    0.03750     2.2500    135.000     70.074  49624.949    31.3737     8.6250     69.407    6.66308     8.6108    24.3374   12.01762 5.2866e-02 0.0000e+00
        542 191.469679    0.03757     2.2542    135.250     70.127  49626.928    31.3745     8.6211     69.460    6.66362     8.6083    24.3386   12.01850 5.2823e-02 0.0000e+00
