CTD-processing/allCTD/CNV--turbid/2015_08-14_t4_s04_cast165.cnv
* Sea-Bird SBE19plus Data File:
* FileName = C:\Users\Kris.Holderied\Documents\kasitsna\Research-KBL\Oceanography-AK\CTD-Data-ALL-to-2015-06\2015-CTD-KachemakBay-CookInlet\2015-08-14-CookInlet-east-and-KachemakBay\2015-08-14-CookInlet-east-and_KBay-cast165.hex
* Software Version 1.59
* Temperature SN =  5028
* Conductivity SN =  5028
* System UpLoad Time = Sep 24 2015 11:35:46
** Cook Inlet East side (T6/T7), along Kachemak Bay to Spit, T9 batch upload
** Date (YYYY-MM-DD): 2015-08-14
** Station (ie. 9-01):  4-04
** Start time (AKDT): 15:07
** Depth (m): 90.3
** Comment:  Nuka R/V Johanna Rose
** Comment:
# nquan = 16
# nvalues = 704                         
# units = specified
# name 0 = scan: Scan Count
# name 1 = timeJ: Julian Days
# name 2 = timeH: Time, Elapsed [hours]
# name 3 = timeM: Time, Elapsed [minutes]
# name 4 = timeS: Time, Elapsed [seconds]
# name 5 = prdM: Pressure, Strain Gauge [db]
# name 6 = specc: Specific Conductance [uS/cm]
# name 7 = sal00: Salinity, Practical [PSU]
# name 8 = tv290C: Temperature [ITS-90, deg C]
# name 9 = depSM: Depth [salt water, m], lat = 59.00
# name 10 = oxsolML/L: Oxygen Saturation, Garcia & Gordon [ml/l]
# name 11 = potemp090C: Potential Temperature [ITS-90, deg C]
# name 12 = sigma-é00: Density [sigma-theta, kg/m^3]
# name 13 = n2satML/L: Nitrogen Saturation [ml/l]
# name 14 = par: PAR/Irradiance, Biospherical/Licor
# name 15 = flag:  0.000e+00
# span 0 =          1,        704       
# span 1 = 226.629873, 226.631907       
# span 2 =    0.00000,    0.04882       
# span 3 =     0.0000,     2.9292       
# span 4 =      0.000,    175.750       
# span 5 =      0.035,     90.094       
# span 6 =   1962.607,  49260.208       
# span 7 =     1.0027,    31.2538       
# span 8 =     9.6560,    12.1918       
# span 9 =      0.035,     89.232       
# span 10 =    6.26138,    7.46175      
# span 11 =     9.6468,    12.1907      
# span 12 =     0.2592,    24.0852      
# span 13 =   11.35560,   13.75408      
# span 14 = 5.7225e-02, 5.3454e+02      
# span 15 = 0.0000e+00, 0.0000e+00      
# interval = seconds: 0.25
# start_time = Aug 14 2015 15:07:01 [Instrument's time stamp, header]
# bad_flag = -9.990e-29
*END*
[from data line 452]
        453 226.631181    0.03139     1.8833    113.000     26.714  48833.486    31.1059    10.6811     26.463    6.37915    10.6718    23.8001   11.55060 4.6609e+00 0.0000e+00
        454 226.631183    0.03146     1.8875    113.250     26.945  48834.769    31.1064    10.6781     26.692    6.37954    10.6684    23.8010   11.55125 4.5134e+00 0.0000e+00
        455 226.631186    0.03153     1.8917    113.500     27.188  48836.454    31.1071    10.6749     26.932    6.37996    10.6650    23.8021   11.55194 4.3637e+00 0.0000e+00
        456 226.631189    0.03160     1.8958    113.750     27.439  48838.461    31.1080    10.6715     27.181    6.38039    10.6617    23.8034   11.55263 4.2151e+00 0.0000e+00
        457 226.631192    0.03167     1.9000    114.000     27.690  48840.491    31.1089    10.6682     27.430    6.38081    10.6583    23.8047   11.55333 4.0742e+00 0.0000e+00
        458 226.631195    0.03174     1.9042    114.250     27.932  48842.240    31.1096    10.6649     27.670    6.38124    10.6546    23.8059   11.55402 3.9454e+00 0.0000e+00
        459 226.631198    0.03181     1.9083    114.500     28.162  48843.719    31.1102    10.6615     27.897    6.38168    10.6506    23.8069   11.55475 3.8279e+00 0.0000e+00
        460 226.631201    0.03188     1.9125    114.750     28.382  48845.079    31.1107    10.6579     28.116    6.38217    10.6460    23.8078   11.55555 3.7166e+00 0.0000e+00
        461 226.631204    0.03194     1.9167    115.000     28.604  48846.618    31.1112    10.6538     28.335    6.38270    10.6410    23.8089   11.55643 3.6058e+00 0.0000e+00
        462 226.631207    0.03201     1.9208    115.250     28.836  48848.655    31.1120    10.6493     28.564    6.38329    10.6358    23.8103   11.55740 3.4919e+00 0.0000e+00
        463 226.631209    0.03208     1.9250    115.500     29.083  48851.288    31.1132    10.6444     28.809    6.38393    10.6304    23.8121   11.55844 3.3746e+00 0.0000e+00
        464 226.631212    0.03215     1.9292    115.750     29.343  48854.526    31.1148    10.6391     29.066    6.38458    10.6249    23.8142   11.55951 3.2574e+00 0.0000e+00
        465 226.631215    0.03222     1.9333    116.000     29.605  48858.211    31.1167    10.6338     29.326    6.38525    10.6194    23.8166   11.56059 3.1458e+00 0.0000e+00
        466 226.631218    0.03229     1.9375    116.250     29.857  48862.248    31.1188    10.6283     29.576    6.38592    10.6141    23.8191   11.56167 3.0443e+00 0.0000e+00
        467 226.631221    0.03236     1.9417    116.500     30.093  48866.831    31.1212    10.6228     29.809    6.38658    10.6095    23.8220   11.56274 2.9532e+00 0.0000e+00
        468 226.631224    0.03243     1.9458    116.750     30.313  48871.835    31.1241    10.6175     30.028    6.38719    10.6059    23.8251   11.56372 2.8689e+00 0.0000e+00
        469 226.631227    0.03250     1.9500    117.000     30.530  48876.536    31.1268    10.6130     30.242    6.38771    10.6031    23.8279   11.56455 2.7865e+00 0.0000e+00
        470 226.631230    0.03257     1.9542    117.250     30.753  48880.307    31.1289    10.6094     30.464    6.38813    10.6009    23.8302   11.56520 2.7021e+00 0.0000e+00
        471 226.631233    0.03264     1.9583    117.500     30.990  48883.130    31.1305    10.6066     30.699    6.38844    10.5993    23.8319   11.56571 2.6151e+00 0.0000e+00
        472 226.631236    0.03271     1.9625    117.750     31.238  48885.333    31.1317    10.6045     30.944    6.38869    10.5980    23.8333   11.56610 2.5283e+00 0.0000e+00
        473 226.631238    0.03278     1.9667    118.000     31.487  48887.100    31.1326    10.6029     31.190    6.38887    10.5970    23.8343   11.56640 2.4450e+00 0.0000e+00
        474 226.631241    0.03285     1.9708    118.250     31.729  48888.454    31.1333    10.6016     31.430    6.38902    10.5962    23.8351   11.56663 2.3671e+00 0.0000e+00
        475 226.631244    0.03292     1.9750    118.500     31.961  48889.472    31.1339    10.6007     31.660    6.38913    10.5955    23.8356   11.56681 2.2946e+00 0.0000e+00
        476 226.631247    0.03299     1.9792    118.750     32.187  48890.253    31.1342    10.5999     31.884    6.38922    10.5948    23.8360   11.56696 2.2257e+00 0.0000e+00
        477 226.631250    0.03306     1.9833    119.000     32.414  48890.907    31.1345    10.5992     32.108    6.38930    10.5942    23.8364   11.56709 2.1570e+00 0.0000e+00
        478 226.631253    0.03313     1.9875    119.250     32.651  48891.539    31.1348    10.5986     32.343    6.38938    10.5937    23.8367   11.56722 2.0857e+00 0.0000e+00
        479 226.631256    0.03319     1.9917    119.500     32.903  48892.162    31.1351    10.5980     32.594    6.38945    10.5931    23.8370   11.56733 2.0121e+00 0.0000e+00
        480 226.631259    0.03326     1.9958    119.750     33.168  48892.765    31.1353    10.5975     32.856    6.38951    10.5926    23.8373   11.56744 1.9392e+00 0.0000e+00
        481 226.631262    0.03333     2.0000    120.000     33.435  48893.372    31.1356    10.5970     33.120    6.38957    10.5921    23.8376   11.56753 1.8703e+00 0.0000e+00
        482 226.631264    0.03340     2.0042    120.250     33.689  48893.985    31.1359    10.5965     33.372    6.38963    10.5917    23.8379   11.56762 1.8078e+00 0.0000e+00
        483 226.631267    0.03347     2.0083    120.500     33.925  48894.582    31.1361    10.5960     33.605    6.38968    10.5913    23.8382   11.56770 1.7520e+00 0.0000e+00
        484 226.631270    0.03354     2.0125    120.750     34.145  48895.156    31.1364    10.5956     33.824    6.38973    10.5909    23.8385   11.56778 1.7007e+00 0.0000e+00
        485 226.631273    0.03361     2.0167    121.000     34.360  48895.651    31.1366    10.5952     34.037    6.38978    10.5906    23.8387   11.56785 1.6506e+00 0.0000e+00
        486 226.631276    0.03368     2.0208    121.250     34.582  48896.038    31.1367    10.5948     34.257    6.38982    10.5904    23.8389   11.56792 1.5994e+00 0.0000e+00
        487 226.631279    0.03375     2.0250    121.500     34.819  48896.383    31.1368    10.5946     34.491    6.38985    10.5901    23.8390   11.56797 1.5464e+00 0.0000e+00
        488 226.631282    0.03382     2.0292    121.750     35.071  48896.734    31.1370    10.5943     34.741    6.38988    10.5899    23.8392   11.56802 1.4920e+00 0.0000e+00
        489 226.631285    0.03389     2.0333    122.000     35.335  48897.105    31.1371    10.5941     35.002    6.38991    10.5896    23.8393   11.56806 1.4375e+00 0.0000e+00
        490 226.631288    0.03396     2.0375    122.250     35.602  48897.485    31.1373    10.5939     35.267    6.38993    10.5894    23.8395   11.56809 1.3848e+00 0.0000e+00
        491 226.631291    0.03403     2.0417    122.500     35.864  48897.882    31.1374    10.5937     35.526    6.38995    10.5893    23.8396   11.56812 1.3359e+00 0.0000e+00
        492 226.631293    0.03410     2.0458    122.750     36.115  48898.315    31.1376    10.5936     35.775    6.38996    10.5891    23.8398   11.56815 1.2912e+00 0.0000e+00
        493 226.631296    0.03417     2.0500    123.000     36.357  48898.765    31.1378    10.5934     36.014    6.38998    10.5890    23.8400   11.56817 1.2495e+00 0.0000e+00
        494 226.631299    0.03424     2.0542    123.250     36.595  48899.242    31.1380    10.5933     36.250    6.38999    10.5889    23.8402   11.56818 1.2087e+00 0.0000e+00
        495 226.631302    0.03431     2.0583    123.500     36.841  48899.786    31.1383    10.5932     36.494    6.38999    10.5888    23.8404   11.56818 1.1670e+00 0.0000e+00
        496 226.631305    0.03438     2.0625    123.750     37.102  48900.456    31.1386    10.5931     36.752    6.38998    10.5888    23.8407   11.56817 1.1243e+00 0.0000e+00
        497 226.631308    0.03444     2.0667    124.000     37.377  48901.254    31.1391    10.5931     37.024    6.38997    10.5888    23.8410   11.56814 1.0819e+00 0.0000e+00
        498 226.631311    0.03451     2.0708    124.250     37.653  48902.061    31.1395    10.5931     37.297    6.38995    10.5889    23.8414   11.56810 1.0417e+00 0.0000e+00
        499 226.631314    0.03458     2.0750    124.500     37.918  48902.819    31.1399    10.5931     37.560    6.38992    10.5890    23.8417   11.56805 1.0050e+00 0.0000e+00
        500 226.631317    0.03465     2.0792    124.750     38.166  48903.497    31.1403    10.5932     37.805    6.38989    10.5891    23.8420   11.56800 9.7231e-01 0.0000e+00
        501 226.631319    0.03472     2.0833    125.000     38.398  48903.987    31.1406    10.5933     38.035    6.38986    10.5891    23.8422   11.56795 9.4242e-01 0.0000e+00
        502 226.631322    0.03479     2.0875    125.250     38.624  48904.295    31.1408    10.5935     38.259    6.38984    10.5892    23.8423   11.56791 9.1348e-01 0.0000e+00
        503 226.631325    0.03486     2.0917    125.500     38.857  48904.543    31.1409    10.5936     38.490    6.38982    10.5893    23.8424   11.56788 8.8405e-01 0.0000e+00
        504 226.631328    0.03493     2.0958    125.750     39.107  48904.830    31.1410    10.5936     38.737    6.38980    10.5893    23.8425   11.56785 8.5356e-01 0.0000e+00
        505 226.631331    0.03500     2.1000    126.000     39.373  48905.184    31.1411    10.5937     39.001    6.38979    10.5892    23.8426   11.56783 8.2240e-01 0.0000e+00
        506 226.631334    0.03507     2.1042    126.250     39.649  48905.618    31.1413    10.5937     39.275    6.38978    10.5892    23.8427   11.56780 7.9170e-01 0.0000e+00
        507 226.631337    0.03514     2.1083    126.500     39.924  48906.157    31.1416    10.5937     39.547    6.38976    10.5891    23.8429   11.56778 7.6264e-01 0.0000e+00
        508 226.631340    0.03521     2.1125    126.750     40.188  48906.699    31.1419    10.5937     39.809    6.38975    10.5890    23.8432   11.56776 7.3587e-01 0.0000e+00
        509 226.631343    0.03528     2.1167    127.000     40.442  48907.103    31.1420    10.5937     40.060    6.38975    10.5887    23.8433   11.56775 7.1121e-01 0.0000e+00
        510 226.631345    0.03535     2.1208    127.250     40.690  48907.360    31.1421    10.5936     40.306    6.38976    10.5883    23.8434   11.56777 6.8776e-01 0.0000e+00
        511 226.631348    0.03542     2.1250    127.500     40.943  48907.507    31.1421    10.5934     40.557    6.38980    10.5876    23.8434   11.56782 6.6450e-01 0.0000e+00
        512 226.631351    0.03549     2.1292    127.750     41.206  48907.602    31.1420    10.5930     40.817    6.38986    10.5866    23.8434   11.56793 6.4105e-01 0.0000e+00
        513 226.631354    0.03556     2.1333    128.000     41.478  48907.841    31.1419    10.5923     41.086    6.38995    10.5853    23.8435   11.56809 6.1786e-01 0.0000e+00
        514 226.631357    0.03562     2.1375    128.250     41.750  48908.413    31.1421    10.5913     41.356    6.39008    10.5838    23.8438   11.56830 5.9580e-01 0.0000e+00
        515 226.631360    0.03569     2.1417    128.500     42.015  48909.415    31.1426    10.5900     41.618    6.39024    10.5822    23.8444   11.56855 5.7548e-01 0.0000e+00
        516 226.631363    0.03576     2.1458    128.750     42.265  48910.923    31.1433    10.5886     41.866    6.39042    10.5808    23.8452   11.56883 5.5700e-01 0.0000e+00
        517 226.631366    0.03583     2.1500    129.000     42.504  48912.768    31.1444    10.5870     42.102    6.39059    10.5796    23.8463   11.56910 5.3993e-01 0.0000e+00
        518 226.631369    0.03590     2.1542    129.250     42.738  48914.574    31.1454    10.5857     42.335    6.39074    10.5787    23.8473   11.56934 5.2340e-01 0.0000e+00
        519 226.631372    0.03597     2.1583    129.500     42.980  48916.115    31.1463    10.5845     42.574    6.39086    10.5781    23.8482   11.56953 5.0663e-01 0.0000e+00
        520 226.631374    0.03604     2.1625    129.750     43.238  48917.351    31.1469    10.5837     42.829    6.39095    10.5775    23.8488   11.56967 4.8933e-01 0.0000e+00
        521 226.631377    0.03611     2.1667    130.000     43.510  48918.356    31.1474    10.5830     43.099    6.39101    10.5770    23.8494   11.56977 4.7182e-01 0.0000e+00
        522 226.631380    0.03618     2.1708    130.250     43.788  48919.217    31.1479    10.5825     43.374    6.39107    10.5765    23.8498   11.56986 4.5482e-01 0.0000e+00
        523 226.631383    0.03625     2.1750    130.500     44.059  48919.988    31.1482    10.5821     43.642    6.39111    10.5759    23.8502   11.56993 4.3907e-01 0.0000e+00
        524 226.631386    0.03632     2.1792    130.750     44.315  48920.761    31.1486    10.5816     43.896    6.39116    10.5751    23.8506   11.57001 4.2485e-01 0.0000e+00
        525 226.631389    0.03639     2.1833    131.000     44.556  48921.603    31.1491    10.5810     44.135    6.39123    10.5741    23.8510   11.57011 4.1183e-01 0.0000e+00
        526 226.631392    0.03646     2.1875    131.250     44.790  48922.463    31.1495    10.5802     44.367    6.39132    10.5726    23.8515   11.57026 3.9930e-01 0.0000e+00
        527 226.631395    0.03653     2.1917    131.500     45.028  48923.298    31.1498    10.5792     44.602    6.39145    10.5706    23.8519   11.57047 3.8678e-01 0.0000e+00
        528 226.631398    0.03660     2.1958    131.750     45.276  48924.062    31.1501    10.5777     44.848    6.39164    10.5677    23.8524   11.57078 3.7423e-01 0.0000e+00
        529 226.631400    0.03667     2.2000    132.000     45.531  48924.588    31.1501    10.5757     45.101    6.39192    10.5635    23.8528   11.57124 3.6185e-01 0.0000e+00
        530 226.631403    0.03674     2.2042    132.250     45.790  48924.655    31.1497    10.5729     45.357    6.39233    10.5574    23.8529   11.57192 3.4987e-01 0.0000e+00
        531 226.631406    0.03681     2.2083    132.500     46.050  48924.220    31.1488    10.5687     45.615    6.39294    10.5488    23.8529   11.57295 3.3837e-01 0.0000e+00
        532 226.631409    0.03687     2.2125    132.750     46.309  48923.347    31.1474    10.5627     45.871    6.39384    10.5369    23.8528   11.57446 3.2730e-01 0.0000e+00
        533 226.631412    0.03694     2.2167    133.000     46.568  48921.891    31.1452    10.5541     46.128    6.39513    10.5211    23.8526   11.57661 3.1654e-01 0.0000e+00
        534 226.631415    0.03701     2.2208    133.250     46.832  48919.539    31.1421    10.5422     46.389    6.39690    10.5007    23.8521   11.57959 3.0599e-01 0.0000e+00
        535 226.631418    0.03708     2.2250    133.500     47.103  48916.624    31.1380    10.5264     46.657    6.39926    10.4763    23.8516   11.58355 2.9553e-01 0.0000e+00
        536 226.631421    0.03715     2.2292    133.750     47.382  48916.243    31.1352    10.5060     46.934    6.40220    10.4501    23.8529   11.58846 2.8520e-01 0.0000e+00
        537 226.631424    0.03722     2.2333    134.000     47.665  48921.704    31.1360    10.4817     47.214    6.40555    10.4237    23.8576   11.59400 2.7526e-01 0.0000e+00
        538 226.631427    0.03729     2.2375    134.250     47.944  48931.218    31.1394    10.4555     47.491    6.40906    10.3978    23.8647   11.59976 2.6599e-01 0.0000e+00
        539 226.631429    0.03736     2.2417    134.500     48.215  48940.845    31.1430    10.4292     47.758    6.41257    10.3718    23.8719   11.60555 2.5741e-01 0.0000e+00
        540 226.631432    0.03743     2.2458    134.750     48.475  48948.526    31.1452    10.4033     48.016    6.41609    10.3446    23.8779   11.61136 2.4946e-01 0.0000e+00
        541 226.631435    0.03750     2.2500    135.000     48.727  48953.383    31.1454    10.3772     48.265    6.41971    10.3153    23.8824   11.61736 2.4204e-01 0.0000e+00
        542 226.631438    0.03757     2.2542    135.250     48.971  48956.313    31.1440    10.3500     48.507    6.42357    10.2840    23.8858   11.62376 2.3500e-01 0.0000e+00
