CTD-processing/allCTD/CNV--turbid/2015_08-14_t6_s03_cast151.cnv
* Sea-Bird SBE19plus Data File:
* FileName = C:\Users\Kris.Holderied\Documents\kasitsna\Research-KBL\Oceanography-AK\CTD-Data-ALL-to-2015-06\2015-CTD-KachemakBay-CookInlet\2015-08-14-CookInlet-east-and-KachemakBay\2015-08-14-CookInlet-east-and_KBay-cast151.hex
* Software Version 1.59
* Temperature SN =  5028
* Conductivity SN =  5028
* System UpLoad Time = Sep 24 2015 11:21:20
** Cook Inlet East side (T6/T7), along Kachemak Bay to Spit, T9 batch upload
** Date (YYYY-MM-DD): 2015-08-14
** Station (ie. 9-01):  6-03
** Start time (AKDT): 10:47
** Depth (m): N/A
** Comment:  Nuka R/V Johanna Rose
** Comment:
# nquan = 16
# nvalues = 716                         
# units = specified
# name 0 = scan: Scan Count
# name 1 = timeJ: Julian Days
# name 2 = timeH: Time, Elapsed [hours]
# name 3 = timeM: Time, Elapsed [minutes]
# name 4 = timeS: Time, Elapsed [seconds]
# name 5 = prdM: Pressure, Strain Gauge [db]
# name 6 = specc: Specific Conductance [uS/cm]
# name 7 = sal00: Salinity, Practical [PSU]
# name 8 = tv290C: Temperature [ITS-90, deg C]
# name 9 = depSM: Depth [salt water, m], lat = 59.00
# name 10 = oxsolML/L: Oxygen Saturation, Garcia & Gordon [ml/l]
# name 11 = potemp090C: Potential Temperature [ITS-90, deg C]
# name 12 = sigma-é00: Density [sigma-theta, kg/m^3]
# name 13 = n2satML/L: Nitrogen Saturation [ml/l]
# name 14 = par: PAR/Irradiance, Biospherical/Licor
# name 15 = flag:  0.000e+00
# span 0 =          1,        716       
# span 1 = 226.448727, 226.450796       
# span 2 =    0.00000,    0.04965       
# span 3 =     0.0000,     2.9792       
# span 4 =      0.000,    178.750       
# span 5 =      0.076,    102.600       
# span 6 =   6806.454,  50224.382       
# span 7 =     4.0389,    31.7699       
# span 8 =     8.5291,    11.1375       
# span 9 =      0.075,    101.615       
# span 10 =    6.44744,    7.50463      
# span 11 =     8.5204,    10.9568      
# span 12 =     2.7361,    24.6621      
# span 13 =   11.65989,   13.78783      
# span 14 = 5.4267e-02, 2.9963e+02      
# span 15 = 0.0000e+00, 0.0000e+00      
# interval = seconds: 0.25
# start_time = Aug 14 2015 10:46:10 [Instrument's time stamp, header]
# bad_flag = -9.990e-29
*END*
          1 226.448727    0.00000     0.0000      0.000      0.076   6806.454     4.0389    11.1375      0.075    7.50463    10.9568     2.7361   13.78783 2.3818e+02 0.0000e+00
          2 226.448730    0.00007     0.0042      0.250      0.094  10276.841     6.1994    11.0660      0.093    7.41819    10.8185     4.4222   13.61376 2.4277e+02 0.0000e+00
          3 226.448733    0.00014     0.0083      0.500      0.122  15892.069     9.7090    10.9568      0.121    7.27675    10.6723     7.1602   13.32942 2.5241e+02 0.0000e+00
          4 226.448736    0.00021     0.0125      0.750      0.159  23460.468    14.4966    10.8185      0.158    7.08322    10.5319    10.8939   12.94134 2.6527e+02 0.0000e+00
          5 226.448738    0.00028     0.0167      1.000      0.205  31340.391    19.5750    10.6723      0.203    6.88028    10.4035    14.8558   12.53518 2.7719e+02 0.0000e+00
          6 226.448741    0.00035     0.0208      1.250      0.257  37865.690    23.8479    10.5319      0.254    6.71405    10.2930    18.1936   12.20227 2.8773e+02 0.0000e+00
          7 226.448744    0.00042     0.0250      1.500      0.309  42313.955    26.7761    10.4035      0.306    6.60526    10.2046    20.4869   11.98301 2.9634e+02 0.0000e+00
          8 226.448747    0.00049     0.0292      1.750      0.362  45018.164    28.5537    10.2931      0.358    6.54382    10.1385    21.8846   11.85756 2.9963e+02 0.0000e+00
          9 226.448750    0.00056     0.0333      2.000      0.415  46666.229    29.6356    10.2047      0.411    6.50944    10.0919    22.7388   11.78623 2.9381e+02 0.0000e+00
         10 226.448753    0.00063     0.0375      2.250      0.469  47671.072    30.2944    10.1386      0.464    6.49025    10.0609    23.2610   11.74570 2.7567e+02 0.0000e+00
         11 226.448756    0.00069     0.0417      2.500      0.523  48287.986    30.6987    10.0920      0.518    6.47935    10.0420    23.5825   11.72228 2.4942e+02 0.0000e+00
         12 226.448759    0.00076     0.0458      2.750      0.576  48671.132    30.9501    10.0610      0.571    6.47286    10.0325    23.7827   11.70822 2.2660e+02 0.0000e+00
         13 226.448762    0.00083     0.0500      3.000      0.631  48909.615    31.1069    10.0421      0.624    6.46877    10.0311    23.9076   11.69938 2.1274e+02 0.0000e+00
         14 226.448764    0.00090     0.0542      3.250      0.684  49060.164    31.2065    10.0326      0.677    6.46583    10.0363    23.9865   11.69321 2.0663e+02 0.0000e+00
         15 226.448767    0.00097     0.0583      3.500      0.728  49156.646    31.2711    10.0312      0.721    6.46326    10.0441    24.0369   11.68811 2.0574e+02 0.0000e+00
         16 226.448770    0.00104     0.0625      3.750      0.758  49216.091    31.3118    10.0364      0.751    6.46078    10.0500    24.0677   11.68347 2.0718e+02 0.0000e+00
         17 226.448773    0.00111     0.0667      4.000      0.779  49251.853    31.3368    10.0442      0.772    6.45860    10.0525    24.0859   11.67954 2.0952e+02 0.0000e+00
         18 226.448776    0.00118     0.0708      4.250      0.797  49276.940    31.3546    10.0501      0.790    6.45702    10.0529    24.0987   11.67670 2.1260e+02 0.0000e+00
         19 226.448779    0.00125     0.0750      4.500      0.818  49300.602    31.3712    10.0526      0.810    6.45596    10.0523    24.1112   11.67474 2.1573e+02 0.0000e+00
         20 226.448782    0.00132     0.0792      4.750      0.840  49324.225    31.3876    10.0530      0.833    6.45522    10.0517    24.1240   11.67331 2.1785e+02 0.0000e+00
         21 226.448785    0.00139     0.0833      5.000      0.862  49343.341    31.4009    10.0524      0.854    6.45475    10.0514    24.1344   11.67236 2.1900e+02 0.0000e+00
         22 226.448788    0.00146     0.0875      5.250      0.877  49354.200    31.4084    10.0518      0.869    6.45453    10.0508    24.1403   11.67190 2.1977e+02 0.0000e+00
         23 226.448791    0.00153     0.0917      5.500      0.883  49354.034    31.4082    10.0515      0.874    6.45458    10.0480    24.1402   11.67198 2.2054e+02 0.0000e+00
         24 226.448793    0.00160     0.0958      5.750      0.879  49341.464    31.3992    10.0509      0.871    6.45504    10.0421    24.1333   11.67286 2.2117e+02 0.0000e+00
         25 226.448796    0.00167     0.1000      6.000      0.870  49321.512    31.3847    10.0481      0.862    6.45602    10.0339    24.1225   11.67466 2.2101e+02 0.0000e+00
         26 226.448799    0.00174     0.1042      6.250      0.863  49304.797    31.3721    10.0422      0.855    6.45737    10.0253    24.1136   11.67705 2.2001e+02 0.0000e+00
         27 226.448802    0.00181     0.1083      6.500      0.862  49300.559    31.3681    10.0340      0.854    6.45870    10.0182    24.1118   11.67929 2.1864e+02 0.0000e+00
         28 226.448805    0.00187     0.1125      6.750      0.868  49312.114    31.3752    10.0254      0.859    6.45962    10.0136    24.1188   11.68074 2.1699e+02 0.0000e+00
         29 226.448808    0.00194     0.1167      7.000      0.877  49336.126    31.3912    10.0183      0.869    6.45997    10.0119    24.1325   11.68112 2.1527e+02 0.0000e+00
         30 226.448811    0.00201     0.1208      7.250      0.885  49361.272    31.4084    10.0137      0.877    6.45990    10.0130    24.1466   11.68080 2.1412e+02 0.0000e+00
         31 226.448814    0.00208     0.1250      7.500      0.889  49373.393    31.4168    10.0120      0.880    6.45979    10.0151    24.1534   11.68051 2.1370e+02 0.0000e+00
         32 226.448817    0.00215     0.1292      7.750      0.887  49365.618    31.4114    10.0131      0.879    6.45986    10.0155    24.1490   11.68070 2.1373e+02 0.0000e+00
         33 226.448819    0.00222     0.1333      8.000      0.883  49341.924    31.3950    10.0152      0.875    6.46024    10.0126    24.1359   11.68153 2.1403e+02 0.0000e+00
         34 226.448822    0.00229     0.1375      8.250      0.879  49314.591    31.3757    10.0156      0.871    6.46098    10.0068    24.1208   11.68298 2.1459e+02 0.0000e+00
         35 226.448825    0.00236     0.1417      8.500      0.879  49295.022    31.3615    10.0127      0.871    6.46199     9.9998    24.1102   11.68482 2.1540e+02 0.0000e+00
         36 226.448828    0.00243     0.1458      8.750      0.884  49287.418    31.3554    10.0069      0.875    6.46306     9.9930    24.1064   11.68667 2.1608e+02 0.0000e+00
         37 226.448831    0.00250     0.1500      9.000      0.892  49290.611    31.3568     9.9999      0.883    6.46399     9.9872    24.1086   11.68819 2.1659e+02 0.0000e+00
         38 226.448834    0.00257     0.1542      9.250      0.902  49300.745    31.3630     9.9931      0.893    6.46469     9.9827    24.1146   11.68927 2.1718e+02 0.0000e+00
         39 226.448837    0.00264     0.1583      9.500      0.911  49313.429    31.3713     9.9873      0.902    6.46516     9.9793    24.1220   11.68997 2.1816e+02 0.0000e+00
         40 226.448840    0.00271     0.1625      9.750      0.916  49325.242    31.3790     9.9828      0.907    6.46548     9.9768    24.1288   11.69041 2.1942e+02 0.0000e+00
         41 226.448843    0.00278     0.1667     10.000      0.916  49333.533    31.3845     9.9794      0.907    6.46573     9.9746    24.1335   11.69076 2.1986e+02 0.0000e+00
         42 226.448845    0.00285     0.1708     10.250      0.912  49335.767    31.3857     9.9769      0.903    6.46604     9.9723    24.1349   11.69125 2.1928e+02 0.0000e+00
         43 226.448848    0.00292     0.1750     10.500      0.905  49330.745    31.3819     9.9747      0.896    6.46652     9.9702    24.1323   11.69208 2.1854e+02 0.0000e+00
         44 226.448851    0.00299     0.1792     10.750      0.897  49321.426    31.3750     9.9724      0.889    6.46712     9.9687    24.1273   11.69316 2.1813e+02 0.0000e+00
         45 226.448854    0.00306     0.1833     11.000      0.893  49313.871    31.3694     9.9703      0.884    6.46765     9.9679    24.1233   11.69410 2.1815e+02 0.0000e+00
         46 226.448857    0.00313     0.1875     11.250      0.892  49311.885    31.3678     9.9688      0.884    6.46793     9.9677    24.1223   11.69458 2.1798e+02 0.0000e+00
         47 226.448860    0.00319     0.1917     11.500      0.893  49315.732    31.3704     9.9680      0.885    6.46793     9.9677    24.1245   11.69456 2.1703e+02 0.0000e+00
         48 226.448863    0.00326     0.1958     11.750      0.895  49322.765    31.3753     9.9678      0.887    6.46775     9.9675    24.1283   11.69421 2.1613e+02 0.0000e+00
         49 226.448866    0.00333     0.2000     12.000      0.897  49328.253    31.3792     9.9678      0.889    6.46759     9.9666    24.1314   11.69389 2.1609e+02 0.0000e+00
         50 226.448869    0.00340     0.2042     12.250      0.898  49329.664    31.3802     9.9676      0.890    6.46759     9.9651    24.1322   11.69387 2.1671e+02 0.0000e+00
         51 226.448872    0.00347     0.2083     12.500      0.901  49328.013    31.3789     9.9667      0.892    6.46777     9.9636    24.1313   11.69419 2.1754e+02 0.0000e+00
         52 226.448874    0.00354     0.2125     12.750      0.905  49325.882    31.3772     9.9652      0.896    6.46804     9.9625    24.1302   11.69466 2.1811e+02 0.0000e+00
         53 226.448877    0.00361     0.2167     13.000      0.910  49325.916    31.3771     9.9637      0.901    6.46826     9.9618    24.1303   11.69502 2.1817e+02 0.0000e+00
         54 226.448880    0.00368     0.2208     13.250      0.914  49328.595    31.3788     9.9626      0.905    6.46835     9.9614    24.1319   11.69515 2.1821e+02 0.0000e+00
         55 226.448883    0.00375     0.2250     13.500      0.916  49332.453    31.3814     9.9619      0.907    6.46834     9.9610    24.1340   11.69510 2.1896e+02 0.0000e+00
         56 226.448886    0.00382     0.2292     13.750      0.916  49335.875    31.3838     9.9615      0.907    6.46830     9.9603    24.1359   11.69500 2.2024e+02 0.0000e+00
         57 226.448889    0.00389     0.2333     14.000      0.913  49337.592    31.3849     9.9611      0.904    6.46831     9.9595    24.1369   11.69501 2.2126e+02 0.0000e+00
         58 226.448892    0.00396     0.2375     14.250      0.907  49337.586    31.3849     9.9604      0.899    6.46841     9.9586    24.1369   11.69517 2.2175e+02 0.0000e+00
         59 226.448895    0.00403     0.2417     14.500      0.900  49336.908    31.3843     9.9596      0.892    6.46855     9.9578    24.1366   11.69542 2.2206e+02 0.0000e+00
         60 226.448898    0.00410     0.2458     14.750      0.894  49336.021    31.3836     9.9587      0.885    6.46871     9.9572    24.1362   11.69569 2.2216e+02 0.0000e+00
         61 226.448900    0.00417     0.2500     15.000      0.888  49335.190    31.3829     9.9579      0.880    6.46885     9.9570    24.1358   11.69593 2.2156e+02 0.0000e+00
         62 226.448903    0.00424     0.2542     15.250      0.885  49336.201    31.3835     9.9573      0.877    6.46891     9.9577    24.1364   11.69602 2.1990e+02 0.0000e+00
         63 226.448906    0.00431     0.2583     15.500      0.886  49341.970    31.3876     9.9571      0.877    6.46876     9.9595    24.1396   11.69572 2.1761e+02 0.0000e+00
         64 226.448909    0.00438     0.2625     15.750      0.889  49355.273    31.3970     9.9578      0.880    6.46827     9.9626    24.1469   11.69479 2.1606e+02 0.0000e+00
         65 226.448912    0.00444     0.2667     16.000      0.894  49377.284    31.4128     9.9596      0.886    6.46736     9.9669    24.1589   11.69311 2.1589e+02 0.0000e+00
         66 226.448915    0.00451     0.2708     16.250      0.900  49403.328    31.4316     9.9627      0.891    6.46615     9.9724    24.1730   11.69087 2.1612e+02 0.0000e+00
         67 226.448918    0.00458     0.2750     16.500      0.903  49424.174    31.4469     9.9670      0.894    6.46490     9.9792    24.1842   11.68863 2.1602e+02 0.0000e+00
         68 226.448921    0.00465     0.2792     16.750      0.902  49434.000    31.4545     9.9725      0.894    6.46380     9.9865    24.1893   11.68671 2.1638e+02 0.0000e+00
         69 226.448924    0.00472     0.2833     17.000      0.899  49431.625    31.4537     9.9793      0.891    6.46288     9.9932    24.1875   11.68519 2.1770e+02 0.0000e+00
         70 226.448927    0.00479     0.2875     17.250      0.895  49419.013    31.4457     9.9866      0.887    6.46218     9.9988    24.1801   11.68414 2.1889e+02 0.0000e+00
         71 226.448929    0.00486     0.2917     17.500      0.894  49401.857    31.4345     9.9933      0.886    6.46170    10.0031    24.1703   11.68347 2.1928e+02 0.0000e+00
         72 226.448932    0.00493     0.2958     17.750      0.898  49388.107    31.4255     9.9989      0.889    6.46128    10.0066    24.1623   11.68287 2.1942e+02 0.0000e+00
         73 226.448935    0.00500     0.3000     18.000      0.905  49384.608    31.4235    10.0032      0.897    6.46075    10.0112    24.1601   11.68203 2.1983e+02 0.0000e+00
         74 226.448938    0.00507     0.3042     18.250      0.913  49392.355    31.4294    10.0067      0.905    6.46001    10.0186    24.1642   11.68073 2.2055e+02 0.0000e+00
         75 226.448941    0.00514     0.3083     18.500      0.918  49403.373    31.4378    10.0112      0.910    6.45903    10.0301    24.1699   11.67900 2.2119e+02 0.0000e+00
         76 226.448944    0.00521     0.3125     18.750      0.916  49405.958    31.4406    10.0187      0.908    6.45786    10.0444    24.1709   11.67703 2.2143e+02 0.0000e+00
         77 226.448947    0.00528     0.3167     19.000      0.908  49393.584    31.4333    10.0302      0.899    6.45654    10.0576    24.1633   11.67494 2.2135e+02 0.0000e+00
         78 226.448950    0.00535     0.3208     19.250      0.896  49367.130    31.4164    10.0445      0.887    6.45522    10.0651    24.1478   11.67294 2.2084e+02 0.0000e+00
         79 226.448953    0.00542     0.3250     19.500      0.886  49334.562    31.3951    10.0576      0.878    6.45425    10.0656    24.1290   11.67160 2.2016e+02 0.0000e+00
         80 226.448955    0.00549     0.3292     19.750      0.883  49308.355    31.3775    10.0652      0.875    6.45391    10.0608    24.1141   11.67124 2.1998e+02 0.0000e+00
         81 226.448958    0.00556     0.3333     20.000      0.887  49298.419    31.3705    10.0657      0.879    6.45413    10.0547    24.1086   11.67169 2.2000e+02 0.0000e+00
         82 226.448961    0.00562     0.3375     20.250      0.897  49307.809    31.3766    10.0609      0.888    6.45456    10.0510    24.1141   11.67233 2.1958e+02 0.0000e+00
         83 226.448964    0.00569     0.3417     20.500      0.906  49330.084    31.3915    10.0548      0.897    6.45480    10.0525    24.1267   11.67255 2.1905e+02 0.0000e+00
         84 226.448967    0.00576     0.3458     20.750      0.910  49351.224    31.4060    10.0511      0.902    6.45471    10.0596    24.1386   11.67223 2.1928e+02 0.0000e+00
         85 226.448970    0.00583     0.3500     21.000      0.908  49358.788    31.4115    10.0526      0.899    6.45428    10.0697    24.1427   11.67146 2.2025e+02 0.0000e+00
         86 226.448973    0.00590     0.3542     21.250      0.902  49347.965    31.4048    10.0597      0.893    6.45355    10.0780    24.1362   11.67033 2.2123e+02 0.0000e+00
         87 226.448976    0.00597     0.3583     21.500      0.897  49324.849    31.3897    10.0698      0.888    6.45276    10.0824    24.1229   11.66920 2.2196e+02 0.0000e+00
         88 226.448979    0.00604     0.3625     21.750      0.896  49303.319    31.3756    10.0781      0.888    6.45218    10.0838    24.1105   11.66840 2.2248e+02 0.0000e+00
         89 226.448981    0.00611     0.3667     22.000      0.901  49294.086    31.3696    10.0825      0.892    6.45179    10.0834    24.1051   11.66783 2.2267e+02 0.0000e+00
         90 226.448984    0.00618     0.3708     22.250      0.907  49299.311    31.3735    10.0839      0.898    6.45144    10.0820    24.1079   11.66719 2.2220e+02 0.0000e+00
