CTD-processing/allCTD/CNV--turbid/2015_04-12_t3_s01_cast056.cnv
* Sea-Bird SBE19plus Data File:
* FileName = C:\Users\kris.holderied\Documents\kasitsna\Research-Projects-and-Data\Oceanography-AK\CTD-Data-ALL-to-2015-02\2015-CTD-KachemakBay-CookInlet\2015-04-EVOSTC-CookInlet-quarterly\2015-04-12-CookInlet-Tran3-AnchorPt\20125_04_12_CookInlet_Tran3_cast056.hex
* Software Version 1.59
* Temperature SN =  5028
* Conductivity SN =  5028
* System UpLoad Time = Apr 12 2015 19:56:46
** Cook Inlet LTM Tran3 (Anchor Pt) Southeast to Northwest
** Date: 04-12
** Station: 3-01
** Start time (AKDT): 19:18
** Depth (m): 18
** Comment:  KBL CTD.
** Comment: On R/V Pandalus.
# nquan = 16
# nvalues = 389                         
# units = specified
# name 0 = scan: Scan Count
# name 1 = timeJ: Julian Days
# name 2 = timeH: Time, Elapsed [hours]
# name 3 = timeM: Time, Elapsed [minutes]
# name 4 = timeS: Time, Elapsed [seconds]
# name 5 = prdM: Pressure, Strain Gauge [db]
# name 6 = specc: Specific Conductance [uS/cm]
# name 7 = sal00: Salinity, Practical [PSU]
# name 8 = tv290C: Temperature [ITS-90, deg C]
# name 9 = depSM: Depth [salt water, m], lat = 59.00
# name 10 = oxsolML/L: Oxygen Saturation, Garcia & Gordon [ml/l]
# name 11 = potemp090C: Potential Temperature [ITS-90, deg C]
# name 12 = sigma-é00: Density [sigma-theta, kg/m^3]
# name 13 = n2satML/L: Nitrogen Saturation [ml/l]
# name 14 = par: PAR/Irradiance, Biospherical/Licor
# name 15 = flag:  0.000e+00
# span 0 =          1,        389       
# span 1 = 102.804294, 102.805417       
# span 2 =    0.00000,    0.02694       
# span 3 =     0.0000,     1.6167       
# span 4 =      0.000,     97.000       
# span 5 =     -0.205,     19.278       
# span 6 =   1060.212,  49451.973       
# span 7 =     0.5002,    30.2186       
# span 8 =     2.5022,     3.1591       
# span 9 =     -0.203,     19.097       
# span 10 =    7.63932,    9.51255      
# span 11 =     2.5022,     3.1581      
# span 12 =     0.3630,    24.0576      
# span 13 =   13.64592,   17.21336      
# span 14 = 3.7976e-02, 1.4442e+02      
# span 15 = 0.0000e+00, 0.0000e+00      
# interval = seconds: 0.25
# start_time = Apr 12 2015 19:18:11 [Instrument's time stamp, header]
# bad_flag = -9.990e-29
*END*
          1 102.804294    0.00000     0.0000      0.000     -0.201   1086.801     0.5131     2.5069     -0.199    9.51158     2.5065     0.3735   17.21151 6.8049e+01 0.0000e+00
          2 102.804297    0.00007     0.0042      0.250     -0.199   1077.683     0.5086     2.5067     -0.197    9.51190     2.5063     0.3699   17.21213 6.6934e+01 0.0000e+00
          3 102.804300    0.00014     0.0083      0.500     -0.198   1067.066     0.5035     2.5065     -0.196    9.51229     2.5061     0.3657   17.21286 6.5603e+01 0.0000e+00
          4 102.804303    0.00021     0.0125      0.750     -0.196   1060.212     0.5002     2.5063     -0.194    9.51255     2.5060     0.3630   17.21336 6.5585e+01 0.0000e+00
          5 102.804306    0.00028     0.0167      1.000     -0.196   1062.747     0.5015     2.5062     -0.194    9.51251     2.5058     0.3641   17.21326 6.7686e+01 0.0000e+00
          6 102.804308    0.00035     0.0208      1.250     -0.196   1077.072     0.5088     2.5060     -0.195    9.51209     2.5056     0.3699   17.21243 7.1850e+01 0.0000e+00
          7 102.804311    0.00042     0.0250      1.500     -0.197   1104.860     0.5228     2.5058     -0.195    9.51123     2.5054     0.3812   17.21075 7.8349e+01 0.0000e+00
          8 102.804314    0.00049     0.0292      1.750     -0.198   1147.357     0.5442     2.5056     -0.196    9.50989     2.5052     0.3985   17.20815 8.7459e+01 0.0000e+00
          9 102.804317    0.00056     0.0333      2.000     -0.199   1210.051     0.5759     2.5054     -0.197    9.50790     2.5049     0.4241   17.20426 9.7674e+01 0.0000e+00
         10 102.804320    0.00063     0.0375      2.250     -0.200   1307.918     0.6255     2.5052     -0.198    9.50475     2.5047     0.4642   17.19814 1.0616e+02 0.0000e+00
         11 102.804323    0.00069     0.0417      2.500     -0.201   1455.204     0.7004     2.5049     -0.200    9.49997     2.5044     0.5247   17.18885 1.1207e+02 0.0000e+00
         12 102.804326    0.00076     0.0458      2.750     -0.202   1668.948     0.8096     2.5047     -0.200    9.49298     2.5041     0.6129   17.17528 1.1624e+02 0.0000e+00
         13 102.804329    0.00083     0.0500      3.000     -0.202   1988.211     0.9732     2.5044     -0.200    9.48249     2.5037     0.7449   17.15492 1.1983e+02 0.0000e+00
         14 102.804332    0.00090     0.0542      3.250     -0.202   2445.161     1.2084     2.5041     -0.200    9.46740     2.5032     0.9347   17.12564 1.2349e+02 0.0000e+00
         15 102.804334    0.00097     0.0583      3.500     -0.201   2956.526     1.4727     2.5037     -0.200    9.45046     2.5027     1.1478   17.09276 1.2690e+02 0.0000e+00
         16 102.804337    0.00104     0.0625      3.750     -0.202   3366.020     1.6851     2.5032     -0.200    9.43689     2.5023     1.3191   17.06642 1.2936e+02 0.0000e+00
         17 102.804340    0.00111     0.0667      4.000     -0.203   3603.288     1.8081     2.5027     -0.201    9.42910     2.5022     1.4182   17.05128 1.3040e+02 0.0000e+00
         18 102.804343    0.00118     0.0708      4.250     -0.204   3696.155     1.8556     2.5023     -0.202    9.42613     2.5024     1.4566   17.04550 1.3023e+02 0.0000e+00
         19 102.804346    0.00125     0.0750      4.500     -0.205   3711.083     1.8625     2.5022     -0.203    9.42570     2.5029     1.4622   17.04466 1.2974e+02 0.0000e+00
         20 102.804349    0.00132     0.0792      4.750     -0.205   3702.722     1.8577     2.5024     -0.203    9.42596     2.5035     1.4583   17.04518 1.3047e+02 0.0000e+00
         21 102.804352    0.00139     0.0833      5.000     -0.205   3706.508     1.8597     2.5029     -0.203    9.42573     2.5042     1.4600   17.04476 1.3292e+02 0.0000e+00
         22 102.804355    0.00146     0.0875      5.250     -0.205   3729.389     1.8723     2.5035     -0.203    9.42479     2.5049     1.4701   17.04299 1.3592e+02 0.0000e+00
         23 102.804358    0.00153     0.0917      5.500     -0.204   3768.679     1.8941     2.5042     -0.203    9.42327     2.5055     1.4877   17.04008 1.3786e+02 0.0000e+00
         24 102.804361    0.00160     0.0958      5.750     -0.204   3842.228     1.9349     2.5049     -0.202    9.42055     2.5061     1.5205   17.03487 1.3776e+02 0.0000e+00
         25 102.804363    0.00167     0.1000      6.000     -0.203   3966.596     2.0040     2.5055     -0.202    9.41607     2.5067     1.5759   17.02626 1.3703e+02 0.0000e+00
         26 102.804366    0.00174     0.1042      6.250     -0.202   4132.652     2.0974     2.5061     -0.201    9.41013     2.5075     1.6508   17.01482 1.3768e+02 0.0000e+00
         27 102.804369    0.00181     0.1083      6.500     -0.201   4314.682     2.2027     2.5067     -0.200    9.40355     2.5084     1.7352   17.00216 1.3947e+02 0.0000e+00
         28 102.804372    0.00187     0.1125      6.750     -0.200   4520.952     2.3266     2.5075     -0.199    9.39599     2.5096     1.8342   16.98764 1.4146e+02 0.0000e+00
         29 102.804375    0.00194     0.1167      7.000     -0.197   4802.858     2.5002     2.5084     -0.196    9.38556     2.5114     1.9728   16.96765 1.4310e+02 0.0000e+00
         30 102.804378    0.00201     0.1208      7.250     -0.194   5238.096     2.7712     2.5096     -0.192    9.36944     2.5142     2.1889   16.93673 1.4413e+02 0.0000e+00
         31 102.804381    0.00208     0.1250      7.500     -0.187   5954.665     3.2181     2.5114     -0.186    9.34293     2.5188     2.5454   16.88589 1.4442e+02 0.0000e+00
         32 102.804384    0.00215     0.1292      7.750     -0.177   7192.339     3.9861     2.5142     -0.175    9.29732     2.5263     3.1581   16.79837 1.4385e+02 0.0000e+00
         33 102.804387    0.00222     0.1333      8.000     -0.160   9360.622     5.3221     2.5188     -0.158    9.21774     2.5386     4.2244   16.64559 1.4237e+02 0.0000e+00
         34 102.804389    0.00229     0.1375      8.250     -0.131  13105.543     7.6182     2.5263     -0.130    9.08068     2.5589     6.0575   16.38238 1.3965e+02 0.0000e+00
         35 102.804392    0.00236     0.1417      8.500     -0.083  19482.387    11.5165     2.5386     -0.082    8.84769     2.5888     9.1700   15.93485 1.3465e+02 0.0000e+00
         36 102.804395    0.00243     0.1458      8.750     -0.008  28021.613    16.7533     2.5589     -0.008    8.53516     2.6244    13.3511   15.33493 1.2706e+02 0.0000e+00
         37 102.804398    0.00250     0.1500      9.000      0.096  35775.601    21.5491     2.5888      0.095    8.24911     2.6586    17.1788   14.78687 1.1660e+02 0.0000e+00
         38 102.804401    0.00257     0.1542      9.250      0.225  40951.161    24.7745     2.6244      0.223    8.05498     2.6868    19.7519   14.41594 1.0096e+02 0.0000e+00
         39 102.804404    0.00264     0.1583      9.500      0.372  44060.099    26.7154     2.6586      0.369    7.93568     2.7075    21.2992   14.18866 8.1810e+01 0.0000e+00
         40 102.804407    0.00271     0.1625      9.750      0.530  45909.944    27.8715     2.6868      0.525    7.86307     2.7210    22.2203   14.05070 6.6152e+01 0.0000e+00
         41 102.804410    0.00278     0.1667     10.000      0.692  47009.796    28.5593     2.7075      0.686    7.81907     2.7284    22.7681   13.96729 5.6866e+01 0.0000e+00
         42 102.804413    0.00285     0.1708     10.250      0.842  47662.818    28.9676     2.7211      0.835    7.79268     2.7306    23.0931   13.91732 5.1904e+01 0.0000e+00
         43 102.804416    0.00292     0.1750     10.500      0.964  48051.212    29.2101     2.7284      0.955    7.77714     2.7294    23.2862   13.88784 4.9139e+01 0.0000e+00
         44 102.804418    0.00299     0.1792     10.750      1.048  48284.997    29.3556     2.7307      1.039    7.76823     2.7266    23.4022   13.87085 4.7648e+01 0.0000e+00
         45 102.804421    0.00306     0.1833     11.000      1.098  48427.422    29.4436     2.7295      1.088    7.76334     2.7237    23.4726   13.86141 4.7253e+01 0.0000e+00
         46 102.804424    0.00313     0.1875     11.250      1.119  48513.505    29.4964     2.7266      1.109    7.76082     2.7216    23.5150   13.85642 4.7833e+01 0.0000e+00
         47 102.804427    0.00319     0.1917     11.500      1.120  48563.903    29.5269     2.7237      1.110    7.75960     2.7207    23.5395   13.85393 4.9152e+01 0.0000e+00
         48 102.804430    0.00326     0.1958     11.750      1.108  48591.869    29.5436     2.7216      1.098    7.75904     2.7217    23.5530   13.85273 5.0666e+01 0.0000e+00
         49 102.804433    0.00333     0.2000     12.000      1.092  48604.581    29.5510     2.7208      1.082    7.75875     2.7246    23.5590   13.85213 5.1659e+01 0.0000e+00
         50 102.804436    0.00340     0.2042     12.250      1.081  48603.130    29.5498     2.7218      1.071    7.75859     2.7289    23.5580   13.85187 5.1752e+01 0.0000e+00
         51 102.804439    0.00347     0.2083     12.500      1.079  48584.022    29.5374     2.7247      1.069    7.75865     2.7335    23.5479   13.85213 5.0872e+01 0.0000e+00
         52 102.804442    0.00354     0.2125     12.750      1.089  48561.546    29.5232     2.7289      1.079    7.75856     2.7377    23.5363   13.85216 4.9205e+01 0.0000e+00
         53 102.804444    0.00361     0.2167     13.000      1.110  48563.999    29.5259     2.7335      1.099    7.75752     2.7412    23.5381   13.85041 4.7366e+01 0.0000e+00
         54 102.804447    0.00368     0.2208     13.250      1.134  48586.126    29.5417     2.7377      1.124    7.75586     2.7441    23.5503   13.84745 4.5974e+01 0.0000e+00
         55 102.804450    0.00375     0.2250     13.500      1.157  48603.643    29.5542     2.7413      1.146    7.75449     2.7463    23.5601   13.84503 4.5356e+01 0.0000e+00
         56 102.804453    0.00382     0.2292     13.750      1.171  48611.786    29.5604     2.7442      1.160    7.75361     2.7480    23.5648   13.84348 4.5723e+01 0.0000e+00
         57 102.804456    0.00389     0.2333     14.000      1.175  48615.500    29.5634     2.7464      1.164    7.75302     2.7493    23.5670   13.84247 4.7090e+01 0.0000e+00
         58 102.804459    0.00396     0.2375     14.250      1.169  48617.561    29.5652     2.7480      1.158    7.75260     2.7503    23.5683   13.84174 4.9025e+01 0.0000e+00
         59 102.804462    0.00403     0.2417     14.500      1.154  48618.384    29.5660     2.7493      1.144    7.75230     2.7509    23.5689   13.84124 5.0885e+01 0.0000e+00
         60 102.804465    0.00410     0.2458     14.750      1.135  48617.579    29.5657     2.7503      1.124    7.75213     2.7512    23.5686   13.84096 5.2347e+01 0.0000e+00
         61 102.804468    0.00417     0.2500     15.000      1.114  48615.625    29.5646     2.7509      1.104    7.75207     2.7514    23.5677   13.84088 5.3248e+01 0.0000e+00
         62 102.804470    0.00424     0.2542     15.250      1.096  48613.604    29.5633     2.7512      1.086    7.75207     2.7516    23.5667   13.84090 5.3417e+01 0.0000e+00
         63 102.804473    0.00431     0.2583     15.500      1.085  48612.508    29.5626     2.7514      1.075    7.75207     2.7517    23.5661   13.84091 5.2989e+01 0.0000e+00
         64 102.804476    0.00438     0.2625     15.750      1.083  48612.527    29.5627     2.7516      1.073    7.75204     2.7517    23.5661   13.84086 5.2065e+01 0.0000e+00
         65 102.804479    0.00444     0.2667     16.000      1.092  48612.600    29.5627     2.7517      1.081    7.75202     2.7516    23.5662   13.84081 5.0580e+01 0.0000e+00
         66 102.804482    0.00451     0.2708     16.250      1.108  48611.623    29.5621     2.7517      1.098    7.75204     2.7513    23.5656   13.84086 4.8707e+01 0.0000e+00
         67 102.804485    0.00458     0.2750     16.500      1.129  48609.329    29.5605     2.7516      1.119    7.75214     2.7508    23.5644   13.84106 4.6839e+01 0.0000e+00
         68 102.804488    0.00465     0.2792     16.750      1.151  48605.984    29.5582     2.7514      1.140    7.75232     2.7503    23.5626   13.84138 4.5409e+01 0.0000e+00
         69 102.804491    0.00472     0.2833     17.000      1.168  48602.886    29.5560     2.7509      1.157    7.75253     2.7499    23.5609   13.84175 4.4776e+01 0.0000e+00
         70 102.804494    0.00479     0.2875     17.250      1.178  48602.206    29.5554     2.7504      1.167    7.75266     2.7497    23.5604   13.84198 4.4989e+01 0.0000e+00
         71 102.804497    0.00486     0.2917     17.500      1.181  48604.597    29.5569     2.7500      1.170    7.75267     2.7499    23.5616   13.84197 4.5767e+01 0.0000e+00
         72 102.804499    0.00493     0.2958     17.750      1.178  48608.758    29.5597     2.7498      1.167    7.75256     2.7502    23.5638   13.84174 4.6924e+01 0.0000e+00
         73 102.804502    0.00500     0.3000     18.000      1.169  48613.232    29.5627     2.7499      1.158    7.75237     2.7505    23.5662   13.84139 4.8434e+01 0.0000e+00
         74 102.804505    0.00507     0.3042     18.250      1.159  48616.978    29.5653     2.7502      1.148    7.75218     2.7507    23.5683   13.84104 5.0002e+01 0.0000e+00
         75 102.804508    0.00514     0.3083     18.500      1.150  48619.546    29.5671     2.7505      1.139    7.75202     2.7509    23.5697   13.84076 5.1203e+01 0.0000e+00
         76 102.804511    0.00521     0.3125     18.750      1.143  48620.842    29.5680     2.7507      1.132    7.75193     2.7510    23.5704   13.84059 5.1878e+01 0.0000e+00
         77 102.804514    0.00528     0.3167     19.000      1.138  48620.910    29.5681     2.7509      1.127    7.75189     2.7512    23.5705   13.84052 5.2026e+01 0.0000e+00
         78 102.804517    0.00535     0.3208     19.250      1.134  48620.016    29.5676     2.7511      1.124    7.75188     2.7514    23.5700   13.84052 5.1828e+01 0.0000e+00
         79 102.804520    0.00542     0.3250     19.500      1.131  48618.399    29.5666     2.7513      1.120    7.75190     2.7516    23.5692   13.84056 5.1618e+01 0.0000e+00
         80 102.804523    0.00549     0.3292     19.750      1.127  48616.242    29.5652     2.7515      1.116    7.75193     2.7518    23.5680   13.84064 5.1486e+01 0.0000e+00
         81 102.804525    0.00556     0.3333     20.000      1.121  48613.914    29.5636     2.7517      1.110    7.75198     2.7520    23.5668   13.84074 5.1293e+01 0.0000e+00
         82 102.804528    0.00562     0.3375     20.250      1.113  48612.022    29.5624     2.7518      1.102    7.75201     2.7523    23.5659   13.84080 5.0970e+01 0.0000e+00
         83 102.804531    0.00569     0.3417     20.500      1.104  48611.214    29.5619     2.7520      1.094    7.75199     2.7526    23.5655   13.84079 5.0607e+01 0.0000e+00
         84 102.804534    0.00576     0.3458     20.750      1.096  48611.865    29.5624     2.7523      1.086    7.75192     2.7530    23.5658   13.84065 5.0237e+01 0.0000e+00
         85 102.804537    0.00583     0.3500     21.000      1.090  48613.536    29.5636     2.7526      1.080    7.75179     2.7535    23.5668   13.84042 4.9733e+01 0.0000e+00
         86 102.804540    0.00590     0.3542     21.250      1.089  48615.131    29.5648     2.7531      1.078    7.75164     2.7541    23.5677   13.84017 4.9090e+01 0.0000e+00
         87 102.804543    0.00597     0.3583     21.500      1.091  48616.051    29.5656     2.7536      1.081    7.75150     2.7548    23.5683   13.83993 4.8462e+01 0.0000e+00
         88 102.804546    0.00604     0.3625     21.750      1.098  48616.501    29.5660     2.7541      1.087    7.75137     2.7555    23.5686   13.83970 4.7945e+01 0.0000e+00
         89 102.804549    0.00611     0.3667     22.000      1.108  48616.823    29.5664     2.7548      1.098    7.75122     2.7563    23.5688   13.83945 4.7670e+01 0.0000e+00
         90 102.804552    0.00618     0.3708     22.250      1.123  48617.137    29.5667     2.7555      1.113    7.75106     2.7571    23.5690   13.83918 4.7723e+01 0.0000e+00
