CTD-processing/allCTD/CNV--turbid/2015_07-10_alongbay_skb01_cast124.cnv
* Sea-Bird SBE19plus Data File:
* FileName = C:\Users\Kris.Holderied\Documents\kasitsna\Research-KBL\Oceanography-AK\CTD-Data-ALL-to-2015-06\2015-CTD-KachemakBay-CookInlet\2015-07-10-KachemakBay-AlongBayLine\2015_07_10_KachemakBay_AlongBay_cast124.hex
* Software Version 1.59
* Temperature SN =  5028
* Conductivity SN =  5028
* System UpLoad Time = Jul 30 2015 17:30:57
** Kachemak Bay Along Bay Line - Flat Island to Bear Cove

** Date: 07-10
** Station:  KB01
** Start time (AKDT): 13:16
** Depth (m): 72
** Comment:  R/V Johanna Rose (Nuka Research)
** Comment: Seldovia subbay sampled before the along-bay line.
# nquan = 16
# nvalues = 735                         
# units = specified
# name 0 = scan: Scan Count
# name 1 = timeJ: Julian Days
# name 2 = timeH: Time, Elapsed [hours]
# name 3 = timeM: Time, Elapsed [minutes]
# name 4 = timeS: Time, Elapsed [seconds]
# name 5 = prdM: Pressure, Strain Gauge [db]
# name 6 = specc: Specific Conductance [uS/cm]
# name 7 = sal00: Salinity, Practical [PSU]
# name 8 = tv290C: Temperature [ITS-90, deg C]
# name 9 = depSM: Depth [salt water, m], lat = 59.00
# name 10 = oxsolML/L: Oxygen Saturation, Garcia & Gordon [ml/l]
# name 11 = potemp090C: Potential Temperature [ITS-90, deg C]
# name 12 = sigma-é00: Density [sigma-theta, kg/m^3]
# name 13 = n2satML/L: Nitrogen Saturation [ml/l]
# name 14 = par: PAR/Irradiance, Biospherical/Licor
# name 15 = flag:  0.000e+00
# span 0 =          1,        735       
# span 1 = 191.552361, 191.554485       
# span 2 =    0.00000,    0.05097       
# span 3 =     0.0000,     3.0583       
# span 4 =      0.000,    183.500       
# span 5 =      0.040,     72.221       
# span 6 =  35399.287,  49783.336       
# span 7 =    22.0016,    31.5172       
# span 8 =     8.4656,    11.7198       
# span 9 =      0.040,     71.533       
# span 10 =    6.35107,    6.68324      
# span 11 =     8.4585,    11.3842      
# span 12 =    16.5724,    24.4288      
# span 13 =   11.50118,   12.04992      
# span 14 = 7.4046e-02, 1.0799e+03      
# span 15 = 0.0000e+00, 0.0000e+00      
# interval = seconds: 0.25
# start_time = Jul 10 2015 13:15:24 [Instrument's time stamp, header]
# bad_flag = -9.990e-29
*END*
          1 191.552361    0.00000     0.0000      0.000      0.040  35399.287    22.0016    11.7198      0.040    6.61117    11.3842    16.5724   12.04910 1.0799e+03 0.0000e+00
          2 191.552364    0.00007     0.0042      0.250      0.106  39488.823    24.7870    11.5673      0.105    6.51745    11.2047    18.7542   11.85873 1.0596e+03 0.0000e+00
          3 191.552367    0.00014     0.0083      0.500      0.178  42939.456    27.1353    11.3843      0.177    6.44597    11.0515    20.6034   11.71081 1.0163e+03 0.0000e+00
          4 191.552370    0.00021     0.0125      0.750      0.242  45091.296    28.5943    11.2048      0.241    6.41056    10.9316    21.7639   11.63388 9.4641e+02 0.0000e+00
          5 191.552373    0.00028     0.0167      1.000      0.296  46325.567    29.4247    11.0516      0.294    6.39737    10.8419    22.4331   11.60160 8.4692e+02 0.0000e+00
          6 191.552376    0.00035     0.0208      1.250      0.345  47121.943    29.9593    10.9316      0.343    6.39182    10.7760    22.8676   11.58574 7.2958e+02 0.0000e+00
          7 191.552378    0.00042     0.0250      1.500      0.395  47819.185    30.4327    10.8420      0.392    6.38471    10.7275    23.2502   11.56814 6.4077e+02 0.0000e+00
          8 191.552381    0.00049     0.0292      1.750      0.445  48370.604    30.8092    10.7761      0.441    6.37835    10.6915    23.5537   11.55300 6.0236e+02 0.0000e+00
          9 191.552384    0.00056     0.0333      2.000      0.491  48718.670    31.0462    10.7275      0.486    6.37532    10.6649    23.7460   11.54509 5.9050e+02 0.0000e+00
         10 191.552387    0.00063     0.0375      2.250      0.529  48937.902    31.1950    10.6916      0.524    6.37418    10.6446    23.8676   11.54139 5.8083e+02 0.0000e+00
         11 191.552390    0.00069     0.0417      2.500      0.564  49062.359    31.2787    10.6650      0.559    6.37441    10.6285    23.9371   11.54076 5.6810e+02 0.0000e+00
         12 191.552393    0.00076     0.0458      2.750      0.608  49123.429    31.3187    10.6447      0.603    6.37557    10.6165    23.9716   11.54218 5.5761e+02 0.0000e+00
         13 191.552396    0.00083     0.0500      3.000      0.664  49162.842    31.3442    10.6285      0.658    6.37674    10.6085    23.9941   11.54382 5.5913e+02 0.0000e+00
         14 191.552399    0.00090     0.0542      3.250      0.724  49196.593    31.3663    10.6165      0.717    6.37748    10.6015    24.0134   11.54478 5.7651e+02 0.0000e+00
         15 191.552402    0.00097     0.0583      3.500      0.779  49219.015    31.3811    10.6085      0.772    6.37799    10.5925    24.0262   11.54543 6.0848e+02 0.0000e+00
         16 191.552405    0.00104     0.0625      3.750      0.824  49232.951    31.3900    10.6016      0.816    6.37858    10.5810    24.0343   11.54631 6.2831e+02 0.0000e+00
         17 191.552407    0.00111     0.0667      4.000      0.853  49244.633    31.3971    10.5926      0.845    6.37953    10.5681    24.0414   11.54780 6.0788e+02 0.0000e+00
         18 191.552410    0.00118     0.0708      4.250      0.862  49252.896    31.4016    10.5811      0.854    6.38093    10.5544    24.0467   11.55007 5.7151e+02 0.0000e+00
         19 191.552413    0.00125     0.0750      4.500      0.853  49255.906    31.4021    10.5682      0.846    6.38270    10.5411    24.0494   11.55299 5.4264e+02 0.0000e+00
         20 191.552416    0.00132     0.0792      4.750      0.834  49257.889    31.4019    10.5545      0.827    6.38460    10.5295    24.0515   11.55614 5.2164e+02 0.0000e+00
         21 191.552419    0.00139     0.0833      5.000      0.815  49264.121    31.4047    10.5412      0.808    6.38633    10.5207    24.0560   11.55897 5.1210e+02 0.0000e+00
         22 191.552422    0.00146     0.0875      5.250      0.805  49277.288    31.4127    10.5296      0.798    6.38760    10.5151    24.0641   11.56099 5.1172e+02 0.0000e+00
         23 191.552425    0.00153     0.0917      5.500      0.808  49299.116    31.4271    10.5208      0.801    6.38824    10.5133    24.0768   11.56187 5.1232e+02 0.0000e+00
         24 191.552428    0.00160     0.0958      5.750      0.822  49330.315    31.4485    10.5152      0.815    6.38814    10.5162    24.0944   11.56146 5.1375e+02 0.0000e+00
         25 191.552431    0.00167     0.1000      6.000      0.842  49367.301    31.4744    10.5134      0.834    6.38733    10.5245    24.1149   11.55981 5.1613e+02 0.0000e+00
         26 191.552433    0.00174     0.1042      6.250      0.858  49398.117    31.4966    10.5163      0.850    6.38603    10.5375    24.1317   11.55738 5.1386e+02 0.0000e+00
         27 191.552436    0.00181     0.1083      6.500      0.864  49407.420    31.5042    10.5246      0.855    6.38457    10.5506    24.1362   11.55487 5.0712e+02 0.0000e+00
         28 191.552439    0.00187     0.1125      6.750      0.856  49387.244    31.4915    10.5376      0.848    6.38328    10.5559    24.1241   11.55289 4.9944e+02 0.0000e+00
         29 191.552442    0.00194     0.1167      7.000      0.840  49343.545    31.4621    10.5507      0.832    6.38268    10.5490    24.0990   11.55224 4.9287e+02 0.0000e+00
         30 191.552445    0.00201     0.1208      7.250      0.822  49294.647    31.4281    10.5560      0.814    6.38332    10.5315    24.0717   11.55371 4.8857e+02 0.0000e+00
         31 191.552448    0.00208     0.1250      7.500      0.810  49261.435    31.4038    10.5491      0.802    6.38527    10.5098    24.0539   11.55723 4.8828e+02 0.0000e+00
         32 191.552451    0.00215     0.1292      7.750      0.807  49258.665    31.3997    10.5316      0.799    6.38786    10.4903    24.0537   11.56156 4.9152e+02 0.0000e+00
         33 191.552454    0.00222     0.1333      8.000      0.813  49289.821    31.4191    10.5099      0.805    6.39007    10.4765    24.0725   11.56499 4.9433e+02 0.0000e+00
         34 191.552457    0.00229     0.1375      8.250      0.823  49344.854    31.4557    10.4904      0.815    6.39128    10.4695    24.1043   11.56656 4.9701e+02 0.0000e+00
         35 191.552459    0.00236     0.1417      8.500      0.832  49401.018    31.4938    10.4766      0.824    6.39163    10.4690    24.1363   11.56670 5.0107e+02 0.0000e+00
         36 191.552462    0.00243     0.1458      8.750      0.836  49432.630    31.5154    10.4696      0.828    6.39172    10.4718    24.1542   11.56659 5.0353e+02 0.0000e+00
         37 191.552465    0.00250     0.1500      9.000      0.835  49426.327    31.5109    10.4691      0.827    6.39198    10.4723    24.1508   11.56707 5.0285e+02 0.0000e+00
         38 191.552468    0.00257     0.1542      9.250      0.830  49388.961    31.4848    10.4719      0.823    6.39265    10.4669    24.1300   11.56849 4.9853e+02 0.0000e+00
         39 191.552471    0.00264     0.1583      9.500      0.825  49343.420    31.4526    10.4724      0.817    6.39389    10.4565    24.1048   11.57093 4.9212e+02 0.0000e+00
         40 191.552474    0.00271     0.1625      9.750      0.821  49310.817    31.4288    10.4670      0.814    6.39561    10.4440    24.0873   11.57406 4.9181e+02 0.0000e+00
         41 191.552477    0.00278     0.1667     10.000      0.821  49298.655    31.4190    10.4566      0.814    6.39747    10.4323    24.0814   11.57725 4.9962e+02 0.0000e+00
         42 191.552480    0.00285     0.1708     10.250      0.824  49304.169    31.4214    10.4441      0.817    6.39909    10.4226    24.0853   11.57992 5.0669e+02 0.0000e+00
         43 191.552483    0.00292     0.1750     10.500      0.828  49319.627    31.4309    10.4324      0.820    6.40033    10.4149    24.0947   11.58185 5.0682e+02 0.0000e+00
         44 191.552486    0.00299     0.1792     10.750      0.830  49337.686    31.4425    10.4227      0.822    6.40120    10.4088    24.1053   11.58316 5.0236e+02 0.0000e+00
         45 191.552488    0.00306     0.1833     11.000      0.830  49353.796    31.4530    10.4150      0.822    6.40184    10.4039    24.1148   11.58409 4.9937e+02 0.0000e+00
         46 191.552491    0.00313     0.1875     11.250      0.827  49363.845    31.4593    10.4089      0.820    6.40243    10.3998    24.1208   11.58500 5.0160e+02 0.0000e+00
         47 191.552494    0.00319     0.1917     11.500      0.822  49364.292    31.4591    10.4040      0.815    6.40313    10.3967    24.1214   11.58616 5.0628e+02 0.0000e+00
         48 191.552497    0.00326     0.1958     11.750      0.818  49356.622    31.4531    10.3999      0.810    6.40394    10.3953    24.1174   11.58757 5.1136e+02 0.0000e+00
         49 191.552500    0.00333     0.2000     12.000      0.818  49348.934    31.4473    10.3968      0.810    6.40461    10.3965    24.1134   11.58874 5.1369e+02 0.0000e+00
         50 191.552503    0.00340     0.2042     12.250      0.823  49349.937    31.4478    10.3954      0.816    6.40478    10.4003    24.1141   11.58902 5.0842e+02 0.0000e+00
         51 191.552506    0.00347     0.2083     12.500      0.833  49365.051    31.4587    10.3966      0.825    6.40418    10.4066    24.1223   11.58790 5.0544e+02 0.0000e+00
         52 191.552509    0.00354     0.2125     12.750      0.842  49395.170    31.4804    10.4004      0.834    6.40275    10.4153    24.1386   11.58529 5.0994e+02 0.0000e+00
         53 191.552512    0.00361     0.2167     13.000      0.846  49428.671    31.5049    10.4067      0.838    6.40088    10.4264    24.1566   11.58189 5.1636e+02 0.0000e+00
         54 191.552514    0.00368     0.2208     13.250      0.842  49444.559    31.5172    10.4154      0.834    6.39917    10.4387    24.1648   11.57890 5.2431e+02 0.0000e+00
         55 191.552517    0.00375     0.2250     13.500      0.831  49429.388    31.5078    10.4265      0.823    6.39800    10.4487    24.1556   11.57708 5.3471e+02 0.0000e+00
         56 191.552520    0.00382     0.2292     13.750      0.817  49387.316    31.4796    10.4388      0.809    6.39746    10.4539    24.1315   11.57652 5.4984e+02 0.0000e+00
         57 191.552523    0.00389     0.2333     14.000      0.807  49340.893    31.4479    10.4488      0.799    6.39736    10.4558    24.1052   11.57674 5.6533e+02 0.0000e+00
         58 191.552526    0.00396     0.2375     14.250      0.806  49315.741    31.4308    10.4540      0.798    6.39733    10.4581    24.0909   11.57689 5.7313e+02 0.0000e+00
         59 191.552529    0.00403     0.2417     14.500      0.814  49323.678    31.4366    10.4559      0.807    6.39684    10.4649    24.0952   11.57600 5.7443e+02 0.0000e+00
         60 191.552532    0.00410     0.2458     14.750      0.829  49358.023    31.4612    10.4582      0.821    6.39551    10.4794    24.1139   11.57351 5.6846e+02 0.0000e+00
         61 191.552535    0.00417     0.2500     15.000      0.841  49394.621    31.4879    10.4650      0.834    6.39349    10.5019    24.1336   11.56984 5.5529e+02 0.0000e+00
         62 191.552538    0.00424     0.2542     15.250      0.847  49407.111    31.4984    10.4795      0.839    6.39105    10.5273    24.1394   11.56568 5.4359e+02 0.0000e+00
         63 191.552541    0.00431     0.2583     15.500      0.844  49385.734    31.4860    10.5020      0.836    6.38843    10.5475    24.1259   11.56148 5.3685e+02 0.0000e+00
         64 191.552543    0.00438     0.2625     15.750      0.834  49342.696    31.4586    10.5274      0.826    6.38604    10.5577    24.1003   11.55785 5.3294e+02 0.0000e+00
         65 191.552546    0.00444     0.2667     16.000      0.823  49303.170    31.4331    10.5476      0.815    6.38428    10.5582    24.0770   11.55525 5.2738e+02 0.0000e+00
         66 191.552549    0.00451     0.2708     16.250      0.815  49286.840    31.4228    10.5578      0.807    6.38329    10.5537    24.0672   11.55373 5.1983e+02 0.0000e+00
         67 191.552552    0.00458     0.2750     16.500      0.811  49297.621    31.4305    10.5583      0.804    6.38291    10.5497    24.0731   11.55299 5.2123e+02 0.0000e+00
         68 191.552555    0.00465     0.2792     16.750      0.813  49325.575    31.4497    10.5538      0.806    6.38275    10.5499    24.0888   11.55250 5.3715e+02 0.0000e+00
         69 191.552558    0.00472     0.2833     17.000      0.817  49354.383    31.4696    10.5498      0.810    6.38249    10.5559    24.1050   11.55184 5.5851e+02 0.0000e+00
         70 191.552561    0.00479     0.2875     17.250      0.821  49371.859    31.4820    10.5500      0.814    6.38195    10.5659    24.1147   11.55081 5.7335e+02 0.0000e+00
         71 191.552564    0.00486     0.2917     17.500      0.825  49373.907    31.4842    10.5560      0.817    6.38103    10.5758    24.1153   11.54926 5.7508e+02 0.0000e+00
         72 191.552567    0.00493     0.2958     17.750      0.826  49363.530    31.4780    10.5660      0.818    6.37990    10.5826    24.1089   11.54745 5.6660e+02 0.0000e+00
         73 191.552569    0.00500     0.3000     18.000      0.824  49348.966    31.4689    10.5759      0.817    6.37891    10.5860    24.1001   11.54591 5.5629e+02 0.0000e+00
         74 191.552572    0.00507     0.3042     18.250      0.822  49338.482    31.4623    10.5827      0.814    6.37824    10.5868    24.0938   11.54488 5.4725e+02 0.0000e+00
         75 191.552575    0.00514     0.3083     18.500      0.819  49335.328    31.4605    10.5861      0.812    6.37785    10.5861    24.0918   11.54425 5.3825e+02 0.0000e+00
         76 191.552578    0.00521     0.3125     18.750      0.818  49338.900    31.4631    10.5869      0.811    6.37763    10.5854    24.0937   11.54386 5.3203e+02 0.0000e+00
         77 191.552581    0.00528     0.3167     19.000      0.820  49348.648    31.4699    10.5862      0.812    6.37745    10.5865    24.0991   11.54348 5.3389e+02 0.0000e+00
         78 191.552584    0.00535     0.3208     19.250      0.824  49362.645    31.4797    10.5855      0.816    6.37715    10.5907    24.1069   11.54287 5.4163e+02 0.0000e+00
         79 191.552587    0.00542     0.3250     19.500      0.826  49374.902    31.4885    10.5866      0.818    6.37664    10.5984    24.1136   11.54192 5.4757e+02 0.0000e+00
         80 191.552590    0.00549     0.3292     19.750      0.824  49378.400    31.4915    10.5908      0.817    6.37593    10.6086    24.1152   11.54071 5.4714e+02 0.0000e+00
         81 191.552593    0.00556     0.3333     20.000      0.819  49369.399    31.4861    10.5985      0.812    6.37509    10.6187    24.1096   11.53939 5.4661e+02 0.0000e+00
         82 191.552595    0.00562     0.3375     20.250      0.814  49347.942    31.4721    10.6087      0.807    6.37426    10.6254    24.0970   11.53817 5.5654e+02 0.0000e+00
         83 191.552598    0.00569     0.3417     20.500      0.812  49320.162    31.4536    10.6188      0.805    6.37362    10.6269    24.0809   11.53733 5.7045e+02 0.0000e+00
         84 191.552601    0.00576     0.3458     20.750      0.817  49299.027    31.4395    10.6255      0.809    6.37327    10.6251    24.0687   11.53692 5.7743e+02 0.0000e+00
         85 191.552604    0.00583     0.3500     21.000      0.827  49295.445    31.4371    10.6270      0.820    6.37316    10.6244    24.0666   11.53675 5.7912e+02 0.0000e+00
         86 191.552607    0.00590     0.3542     21.250      0.839  49307.448    31.4454    10.6251      0.832    6.37308    10.6292    24.0734   11.53652 5.8280e+02 0.0000e+00
         87 191.552610    0.00597     0.3583     21.500      0.847  49321.228    31.4550    10.6244      0.840    6.37278    10.6414    24.0811   11.53592 5.8775e+02 0.0000e+00
         88 191.552613    0.00604     0.3625     21.750      0.848  49323.272    31.4571    10.6293      0.840    6.37203    10.6579    24.0818   11.53465 5.8349e+02 0.0000e+00
         89 191.552616    0.00611     0.3667     22.000      0.841  49308.388    31.4480    10.6415      0.833    6.37072    10.6727    24.0726   11.53259 5.7343e+02 0.0000e+00
         90 191.552619    0.00618     0.3708     22.250      0.829  49280.546    31.4302    10.6580      0.821    6.36917    10.6816    24.0560   11.53023 5.6589e+02 0.0000e+00
