CTD-processing/allCTD/CNV--turbid/2016_02-16_t7_s06_cast159.cnv
* Sea-Bird SBE19plus Data File:
* FileName = C:\Users\Kris.Holderied\Documents\kasitsna\Research-KBL\Oceanography-AK\CTD-Data-ALL-to-2016-02\2016-CTD-KachemakBay-CookInlet\2016-02-CookInlet-quarterly\2016-02-16-CookInlet-Tran7-Augustine\2016-02-16-CookInlet-Tran7-cast159.hex
* Software Version 1.59
* Temperature SN =  5028
* Conductivity SN =  5028
* System UpLoad Time = Feb 16 2016 10:47:31
** Cook Inlet LTM Tran7 Augustine East to West

** Date: 02-16
** Station: 7-06
** Start time (AKST): 05:18
** Depth (m): 55
** Comment:  R/V Pandalus
** Comment:
# nquan = 16
# nvalues = 542                         
# units = specified
# name 0 = scan: Scan Count
# name 1 = timeJ: Julian Days
# name 2 = timeH: Time, Elapsed [hours]
# name 3 = timeM: Time, Elapsed [minutes]
# name 4 = timeS: Time, Elapsed [seconds]
# name 5 = prdM: Pressure, Strain Gauge [db]
# name 6 = specc: Specific Conductance [uS/cm]
# name 7 = sal00: Salinity, Practical [PSU]
# name 8 = tv290C: Temperature [ITS-90, deg C]
# name 9 = depSM: Depth [salt water, m], lat = 59.00
# name 10 = oxsolML/L: Oxygen Saturation, Garcia & Gordon [ml/l]
# name 11 = potemp090C: Potential Temperature [ITS-90, deg C]
# name 12 = sigma-é00: Density [sigma-theta, kg/m^3]
# name 13 = n2satML/L: Nitrogen Saturation [ml/l]
# name 14 = par: PAR/Irradiance, Biospherical/Licor
# name 15 = flag:  0.000e+00
# span 0 =          1,        542       
# span 1 =  47.221470,  47.223035       
# span 2 =    0.00000,    0.03757       
# span 3 =     0.0000,     2.2542       
# span 4 =      0.000,    135.250       
# span 5 =     -0.140,     56.449       
# span 6 =   2010.323,  50379.641       
# span 7 =     0.9865,    31.3891       
# span 8 =     3.9815,     5.6468       
# span 9 =     -0.139,     55.913       
# span 10 =    7.13567,    9.11457      
# span 11 =     3.9815,     5.6460      
# span 12 =     0.7685,    24.7438      
# span 13 =   12.79887,   16.53839      
# span 14 = 3.7976e-02, 3.3854e-01      
# span 15 = 0.0000e+00, 0.0000e+00      
# interval = seconds: 0.25
# start_time = Feb 16 2016 05:18:55 [Instrument's time stamp, header]
# bad_flag = -9.990e-29
*END*
[from data line 272]
        273  47.222257    0.01889     1.1333     68.000      1.086  50347.488    31.3882     5.6246      1.076    7.13932     5.6330    24.7436   12.80488 3.7976e-02 0.0000e+00
        274  47.222260    0.01896     1.1375     68.250      1.108  50345.344    31.3877     5.6296      1.098    7.13850     5.6353    24.7426   12.80353 3.7976e-02 0.0000e+00
        275  47.222263    0.01903     1.1417     68.500      1.140  50343.395    31.3870     5.6330      1.129    7.13794     5.6367    24.7417   12.80263 3.7976e-02 0.0000e+00
        276  47.222266    0.01910     1.1458     68.750      1.186  50342.020    31.3865     5.6353      1.175    7.13758     5.6377    24.7410   12.80203 3.7976e-02 0.0000e+00
        277  47.222269    0.01917     1.1500     69.000      1.256  50341.135    31.3861     5.6368      1.245    7.13735     5.6383    24.7406   12.80165 3.7976e-02 0.0000e+00
        278  47.222271    0.01924     1.1542     69.250      1.360  50340.473    31.3858     5.6378      1.348    7.13720     5.6386    24.7402   12.80141 3.7976e-02 0.0000e+00
        279  47.222274    0.01931     1.1583     69.500      1.496  50339.972    31.3855     5.6384      1.483    7.13711     5.6387    24.7399   12.80127 3.7976e-02 0.0000e+00
        280  47.222277    0.01938     1.1625     69.750      1.654  50339.775    31.3854     5.6387      1.639    7.13707     5.6387    24.7398   12.80120 3.7976e-02 0.0000e+00
        281  47.222280    0.01944     1.1667     70.000      1.822  50339.866    31.3854     5.6388      1.805    7.13705     5.6387    24.7398   12.80117 3.7976e-02 0.0000e+00
        282  47.222283    0.01951     1.1708     70.250      1.993  50340.085    31.3854     5.6388      1.975    7.13704     5.6387    24.7398   12.80115 3.7976e-02 0.0000e+00
        283  47.222286    0.01958     1.1750     70.500      2.167  50340.357    31.3855     5.6388      2.147    7.13704     5.6387    24.7399   12.80114 3.7976e-02 0.0000e+00
        284  47.222289    0.01965     1.1792     70.750      2.346  50340.662    31.3857     5.6389      2.324    7.13703     5.6387    24.7400   12.80112 3.7976e-02 0.0000e+00
        285  47.222292    0.01972     1.1833     71.000      2.532  50340.942    31.3858     5.6389      2.508    7.13701     5.6388    24.7401   12.80110 3.7976e-02 0.0000e+00
        286  47.222295    0.01979     1.1875     71.250      2.729  50341.138    31.3859     5.6389      2.703    7.13700     5.6388    24.7401   12.80108 3.7976e-02 0.0000e+00
        287  47.222297    0.01986     1.1917     71.500      2.937  50341.233    31.3858     5.6390      2.910    7.13699     5.6388    24.7401   12.80106 3.7976e-02 0.0000e+00
        288  47.222300    0.01993     1.1958     71.750      3.155  50341.183    31.3857     5.6391      3.126    7.13698     5.6386    24.7400   12.80105 3.7976e-02 0.0000e+00
        289  47.222303    0.02000     1.2000     72.000      3.378  50341.055    31.3855     5.6390      3.346    7.13700     5.6384    24.7398   12.80108 3.7976e-02 0.0000e+00
        290  47.222306    0.02007     1.2042     72.250      3.599  50341.062    31.3854     5.6389      3.565    7.13703     5.6381    24.7398   12.80114 3.7976e-02 0.0000e+00
        291  47.222309    0.02014     1.2083     72.500      3.812  50341.361    31.3854     5.6386      3.776    7.13708     5.6379    24.7398   12.80121 3.7976e-02 0.0000e+00
        292  47.222312    0.02021     1.2125     72.750      4.014  50341.916    31.3857     5.6384      3.976    7.13711     5.6378    24.7400   12.80126 3.7976e-02 0.0000e+00
        293  47.222315    0.02028     1.2167     73.000      4.204  50342.508    31.3859     5.6382      4.164    7.13713     5.6379    24.7403   12.80129 3.7976e-02 0.0000e+00
        294  47.222318    0.02035     1.2208     73.250      4.382  50343.034    31.3862     5.6381      4.341    7.13712     5.6381    24.7405   12.80127 3.7976e-02 0.0000e+00
        295  47.222321    0.02042     1.2250     73.500      4.553  50343.525    31.3865     5.6382      4.511    7.13709     5.6384    24.7407   12.80122 3.7976e-02 0.0000e+00
        296  47.222323    0.02049     1.2292     73.750      4.723  50343.951    31.3867     5.6385      4.679    7.13704     5.6388    24.7409   12.80113 3.7976e-02 0.0000e+00
        297  47.222326    0.02056     1.2333     74.000      4.899  50344.222    31.3869     5.6388      4.853    7.13698     5.6391    24.7410   12.80103 3.7976e-02 0.0000e+00
        298  47.222329    0.02063     1.2375     74.250      5.087  50344.213    31.3869     5.6391      5.039    7.13692     5.6394    24.7410   12.80093 3.7976e-02 0.0000e+00
        299  47.222332    0.02069     1.2417     74.500      5.291  50343.998    31.3867     5.6395      5.241    7.13687     5.6396    24.7408   12.80084 3.7976e-02 0.0000e+00
        300  47.222335    0.02076     1.2458     74.750      5.510  50343.820    31.3866     5.6398      5.458    7.13682     5.6398    24.7406   12.80077 3.7976e-02 0.0000e+00
        301  47.222338    0.02083     1.2500     75.000      5.740  50343.843    31.3865     5.6400      5.686    7.13679     5.6400    24.7406   12.80072 3.7976e-02 0.0000e+00
        302  47.222341    0.02090     1.2542     75.250      5.973  50344.174    31.3867     5.6402      5.918    7.13675     5.6403    24.7407   12.80066 3.7976e-02 0.0000e+00
        303  47.222344    0.02097     1.2583     75.500      6.202  50344.626    31.3869     5.6404      6.144    7.13671     5.6406    24.7408   12.80058 3.7976e-02 0.0000e+00
        304  47.222347    0.02104     1.2625     75.750      6.420  50344.835    31.3870     5.6407      6.360    7.13665     5.6410    24.7409   12.80048 3.7976e-02 0.0000e+00
        305  47.222350    0.02111     1.2667     76.000      6.622  50344.938    31.3871     5.6411      6.560    7.13658     5.6414    24.7408   12.80037 3.7976e-02 0.0000e+00
        306  47.222352    0.02118     1.2708     76.250      6.809  50345.034    31.3871     5.6415      6.746    7.13651     5.6418    24.7408   12.80025 3.7976e-02 0.0000e+00
        307  47.222355    0.02125     1.2750     76.500      6.983  50344.771    31.3869     5.6420      6.917    7.13644     5.6420    24.7407   12.80013 3.7976e-02 0.0000e+00
        308  47.222358    0.02132     1.2792     76.750      7.146  50344.283    31.3866     5.6424      7.079    7.13639     5.6421    24.7404   12.80006 3.7976e-02 0.0000e+00
        309  47.222361    0.02139     1.2833     77.000      7.306  50344.008    31.3864     5.6426      7.237    7.13636     5.6422    24.7402   12.80001 3.7976e-02 0.0000e+00
        310  47.222364    0.02146     1.2875     77.250      7.469  50344.054    31.3864     5.6427      7.399    7.13634     5.6424    24.7401   12.79998 3.7976e-02 0.0000e+00
        311  47.222367    0.02153     1.2917     77.500      7.645  50344.337    31.3865     5.6428      7.574    7.13631     5.6426    24.7402   12.79993 3.7976e-02 0.0000e+00
        312  47.222370    0.02160     1.2958     77.750      7.840  50344.644    31.3867     5.6430      7.766    7.13628     5.6429    24.7403   12.79988 3.7976e-02 0.0000e+00
        313  47.222373    0.02167     1.3000     78.000      8.054  50344.960    31.3869     5.6432      7.979    7.13623     5.6434    24.7404   12.79980 3.7976e-02 0.0000e+00
        314  47.222376    0.02174     1.3042     78.250      8.287  50345.419    31.3871     5.6435      8.210    7.13617     5.6439    24.7406   12.79969 3.7976e-02 0.0000e+00
        315  47.222378    0.02181     1.3083     78.500      8.535  50345.829    31.3874     5.6440      8.456    7.13609     5.6445    24.7407   12.79954 3.7976e-02 0.0000e+00
        316  47.222381    0.02187     1.3125     78.750      8.791  50345.960    31.3874     5.6446      8.709    7.13598     5.6451    24.7407   12.79937 3.7976e-02 0.0000e+00
        317  47.222384    0.02194     1.3167     79.000      9.045  50345.810    31.3873     5.6452      8.961    7.13588     5.6456    24.7406   12.79920 3.7976e-02 0.0000e+00
        318  47.222387    0.02201     1.3208     79.250      9.291  50345.442    31.3871     5.6458      9.204    7.13579     5.6459    24.7403   12.79906 3.7976e-02 0.0000e+00
        319  47.222390    0.02208     1.3250     79.500      9.523  50345.009    31.3868     5.6463      9.434    7.13572     5.6460    24.7400   12.79895 3.7976e-02 0.0000e+00
        320  47.222393    0.02215     1.3292     79.750      9.740  50344.652    31.3865     5.6467      9.649    7.13568     5.6460    24.7398   12.79888 3.7976e-02 0.0000e+00
        321  47.222396    0.02222     1.3333     80.000      9.945  50344.359    31.3862     5.6468      9.852    7.13567     5.6458    24.7395   12.79887 3.7976e-02 0.0000e+00
        322  47.222399    0.02229     1.3375     80.250     10.139  50344.151    31.3860     5.6468     10.043    7.13568     5.6455    24.7393   12.79890 3.7976e-02 0.0000e+00
        323  47.222402    0.02236     1.3417     80.500     10.325  50344.077    31.3858     5.6466     10.228    7.13572     5.6451    24.7392   12.79897 3.7976e-02 0.0000e+00
        324  47.222405    0.02243     1.3458     80.750     10.508  50344.107    31.3857     5.6463     10.410    7.13578     5.6447    24.7392   12.79906 3.7976e-02 0.0000e+00
        325  47.222407    0.02250     1.3500     81.000     10.693  50344.240    31.3856     5.6459     10.593    7.13584     5.6442    24.7392   12.79917 3.7976e-02 0.0000e+00
        326  47.222410    0.02257     1.3542     81.250     10.881  50344.531    31.3856     5.6455     10.779    7.13591     5.6438    24.7392   12.79928 3.7976e-02 0.0000e+00
        327  47.222413    0.02264     1.3583     81.500     11.073  50345.054    31.3858     5.6450     10.969    7.13598     5.6436    24.7394   12.79939 3.7976e-02 0.0000e+00
        328  47.222416    0.02271     1.3625     81.750     11.265  50345.626    31.3860     5.6447     11.160    7.13603     5.6433    24.7397   12.79947 3.7976e-02 0.0000e+00
        329  47.222419    0.02278     1.3667     82.000     11.455  50345.953    31.3861     5.6444     11.347    7.13607     5.6431    24.7398   12.79953 3.7976e-02 0.0000e+00
        330  47.222422    0.02285     1.3708     82.250     11.639  50346.211    31.3861     5.6442     11.530    7.13610     5.6430    24.7398   12.79959 3.7976e-02 0.0000e+00
        331  47.222425    0.02292     1.3750     82.500     11.817  50346.710    31.3864     5.6440     11.706    7.13612     5.6431    24.7400   12.79962 3.7976e-02 0.0000e+00
        332  47.222428    0.02299     1.3792     82.750     11.992  50347.291    31.3867     5.6439     11.880    7.13612     5.6432    24.7402   12.79962 3.7976e-02 0.0000e+00
        333  47.222431    0.02306     1.3833     83.000     12.168  50347.618    31.3868     5.6440     12.053    7.13610     5.6434    24.7404   12.79958 3.7976e-02 0.0000e+00
        334  47.222433    0.02313     1.3875     83.250     12.349  50347.667    31.3868     5.6442     12.233    7.13607     5.6435    24.7403   12.79953 3.7976e-02 0.0000e+00
        335  47.222436    0.02319     1.3917     83.500     12.540  50347.626    31.3867     5.6444     12.422    7.13605     5.6436    24.7402   12.79949 3.7976e-02 0.0000e+00
        336  47.222439    0.02326     1.3958     83.750     12.742  50347.602    31.3866     5.6445     12.623    7.13603     5.6437    24.7402   12.79945 3.7976e-02 0.0000e+00
        337  47.222442    0.02333     1.4000     84.000     12.955  50347.608    31.3866     5.6446     12.834    7.13601     5.6437    24.7401   12.79943 3.7976e-02 0.0000e+00
        338  47.222445    0.02340     1.4042     84.250     13.175  50347.618    31.3865     5.6447     13.052    7.13601     5.6436    24.7400   12.79943 3.7976e-02 0.0000e+00
        339  47.222448    0.02347     1.4083     84.500     13.399  50347.645    31.3864     5.6447     13.273    7.13601     5.6436    24.7400   12.79943 3.7976e-02 0.0000e+00
        340  47.222451    0.02354     1.4125     84.750     13.621  50347.757    31.3864     5.6447     13.493    7.13601     5.6435    24.7399   12.79944 3.7976e-02 0.0000e+00
        341  47.222454    0.02361     1.4167     85.000     13.839  50347.948    31.3864     5.6446     13.709    7.13602     5.6435    24.7400   12.79945 3.7976e-02 0.0000e+00
        342  47.222457    0.02368     1.4208     85.250     14.051  50348.154    31.3864     5.6446     13.919    7.13602     5.6435    24.7400   12.79946 3.7976e-02 0.0000e+00
        343  47.222459    0.02375     1.4250     85.500     14.255  50348.360    31.3865     5.6445     14.122    7.13603     5.6435    24.7401   12.79946 3.7976e-02 0.0000e+00
        344  47.222462    0.02382     1.4292     85.750     14.454  50348.566    31.3865     5.6445     14.318    7.13603     5.6434    24.7401   12.79946 3.7976e-02 0.0000e+00
        345  47.222465    0.02389     1.4333     86.000     14.649  50348.746    31.3865     5.6446     14.511    7.13602     5.6434    24.7401   12.79946 3.7976e-02 0.0000e+00
        346  47.222468    0.02396     1.4375     86.250     14.842  50348.898    31.3865     5.6446     14.703    7.13602     5.6434    24.7401   12.79945 3.7976e-02 0.0000e+00
        347  47.222471    0.02403     1.4417     86.500     15.036  50349.063    31.3866     5.6446     14.896    7.13602     5.6434    24.7401   12.79945 3.7976e-02 0.0000e+00
        348  47.222474    0.02410     1.4458     86.750     15.235  50349.243    31.3866     5.6446     15.092    7.13602     5.6434    24.7401   12.79945 3.7976e-02 0.0000e+00
        349  47.222477    0.02417     1.4500     87.000     15.439  50349.401    31.3866     5.6446     15.294    7.13602     5.6434    24.7401   12.79944 3.7976e-02 0.0000e+00
        350  47.222480    0.02424     1.4542     87.250     15.651  50349.557    31.3867     5.6446     15.504    7.13601     5.6435    24.7401   12.79943 3.7976e-02 0.0000e+00
        351  47.222483    0.02431     1.4583     87.500     15.871  50349.757    31.3867     5.6446     15.722    7.13600     5.6435    24.7402   12.79942 3.7976e-02 0.0000e+00
        352  47.222486    0.02438     1.4625     87.750     16.096  50349.944    31.3867     5.6447     15.945    7.13599     5.6435    24.7402   12.79941 3.7976e-02 0.0000e+00
        353  47.222488    0.02444     1.4667     88.000     16.324  50350.072    31.3867     5.6447     16.171    7.13599     5.6435    24.7402   12.79940 3.7976e-02 0.0000e+00
        354  47.222491    0.02451     1.4708     88.250     16.553  50350.192    31.3866     5.6447     16.398    7.13599     5.6434    24.7402   12.79940 3.7976e-02 0.0000e+00
        355  47.222494    0.02458     1.4750     88.500     16.780  50350.337    31.3866     5.6447     16.623    7.13599     5.6434    24.7402   12.79940 3.7976e-02 0.0000e+00
        356  47.222497    0.02465     1.4792     88.750     17.002  50350.469    31.3866     5.6447     16.843    7.13599     5.6433    24.7402   12.79940 3.7976e-02 0.0000e+00
        357  47.222500    0.02472     1.4833     89.000     17.217  50350.604    31.3866     5.6447     17.056    7.13600     5.6433    24.7402   12.79941 3.7976e-02 0.0000e+00
        358  47.222503    0.02479     1.4875     89.250     17.421  50350.778    31.3867     5.6446     17.257    7.13600     5.6432    24.7402   12.79942 3.7976e-02 0.0000e+00
        359  47.222506    0.02486     1.4917     89.500     17.612  50350.951    31.3867     5.6446     17.446    7.13601     5.6430    24.7402   12.79944 3.7976e-02 0.0000e+00
        360  47.222509    0.02493     1.4958     89.750     17.789  50351.034    31.3866     5.6445     17.622    7.13603     5.6429    24.7402   12.79946 3.7976e-02 0.0000e+00
        361  47.222512    0.02500     1.5000     90.000     17.956  50350.988    31.3865     5.6444     17.788    7.13605     5.6426    24.7401   12.79951 3.7976e-02 0.0000e+00
