CTD-processing/allCTD/CNV--turbid/2016_07-27_t9_s06_cast005.cnv
* Sea-Bird SBE19plus Data File:
* FileName = C:\Users\Kris.Holderied\Documents\kasitsna\Research-KBL\Oceanography-AK\CTD-Data-ALL-to-2016-05\2016-CTD-KachemakBay-CookInlet\2016-07-27-CookInlet-HomerSpit-monthly\2016-07-27-CookInlet-Tran9-cast005.hex
* Software Version 1.59
* Temperature SN =  5028
* Conductivity SN =  5028
* System UpLoad Time = Jul 27 2016 20:05:12
** Cook Inlet LTM Tran9 Homer Spit monthly
** Date (YYYY-MM-DD): 2016-07-27
** Station (eg. 9-01): 9-06
** Start time (AKDT): 10:57
** Depth (m): 102.7
** Comment:  R/V Edgecumbe.  Part of all-bay survey with T4 and along-bay stations (1-9).
** Comment:
# nquan = 16
# nvalues = 738                         
# units = specified
# name 0 = scan: Scan Count
# name 1 = timeJ: Julian Days
# name 2 = timeH: Time, Elapsed [hours]
# name 3 = timeM: Time, Elapsed [minutes]
# name 4 = timeS: Time, Elapsed [seconds]
# name 5 = prdM: Pressure, Strain Gauge [db]
# name 6 = specc: Specific Conductance [uS/cm]
# name 7 = sal00: Salinity, Practical [PSU]
# name 8 = tv290C: Temperature [ITS-90, deg C]
# name 9 = depSM: Depth [salt water, m], lat = 59.00
# name 10 = oxsolML/L: Oxygen Saturation, Garcia & Gordon [ml/l]
# name 11 = potemp090C: Potential Temperature [ITS-90, deg C]
# name 12 = sigma-é00: Density [sigma-theta, kg/m^3]
# name 13 = n2satML/L: Nitrogen Saturation [ml/l]
# name 14 = par: PAR/Irradiance, Biospherical/Licor
# name 15 = flag:  0.000e+00
# span 0 =          1,        738       
# span 1 = 209.456968, 209.459100       
# span 2 =    0.00000,    0.05118       
# span 3 =     0.0000,     3.0708       
# span 4 =      0.000,    184.250       
# span 5 =     -0.094,    100.767       
# span 6 =   2708.491,  49872.929       
# span 7 =     1.3874,    31.6722       
# span 8 =     9.1713,    13.5922       
# span 9 =     -0.094,     99.800       
# span 10 =    6.25397,    7.61305      
# span 11 =     9.1700,    13.5921      
# span 12 =     0.6713,    24.4225      
# span 13 =   11.38289,   14.00452      
# span 14 = 6.1542e-02, 2.5178e+02      
# span 15 = 0.0000e+00, 0.0000e+00      
# interval = seconds: 0.25
# start_time = Jul 27 2016 10:58:02 [Instrument's time stamp, header]
# bad_flag = -9.990e-29
*END*
[from data line 91]
         92 209.457231    0.00632     0.3792     22.750      0.923  38897.168    24.3806    13.0822      0.914    6.32296    13.0527    18.1682   11.53698 1.0259e+02 0.0000e+00
         93 209.457234    0.00639     0.3833     23.000      0.919  38915.009    24.3918    13.0647      0.910    6.32485    13.0535    18.1800   11.53999 1.0220e+02 0.0000e+00
         94 209.457237    0.00646     0.3875     23.250      0.920  38926.364    24.3989    13.0528      0.911    6.32616    13.0666    18.1876   11.54209 1.0169e+02 0.0000e+00
         95 209.457240    0.00653     0.3917     23.500      0.928  38921.914    24.3959    13.0537      0.919    6.32616    13.0833    18.1851   11.54213 1.0122e+02 0.0000e+00
         96 209.457242    0.00660     0.3958     23.750      0.941  38901.128    24.3824    13.0668      0.932    6.32494    13.0922    18.1723   11.54027 1.0086e+02 0.0000e+00
         97 209.457245    0.00667     0.4000     24.000      0.953  38875.132    24.3655    13.0835      0.944    6.32339    13.0862    18.1563   11.53787 1.0066e+02 0.0000e+00
         98 209.457248    0.00674     0.4042     24.250      0.958  38858.062    24.3543    13.0923      0.950    6.32265    13.0675    18.1460   11.53678 1.0060e+02 0.0000e+00
         99 209.457251    0.00681     0.4083     24.500      0.955  38856.351    24.3527    13.0863      0.946    6.32352    13.0456    18.1459   11.53824 1.0052e+02 0.0000e+00
        100 209.457254    0.00688     0.4125     24.750      0.945  38865.627    24.3579    13.0676      0.936    6.32580    13.0288    18.1533   11.54199 1.0034e+02 0.0000e+00
        101 209.457257    0.00694     0.4167     25.000      0.933  38876.800    24.3642    13.0457      0.925    6.32848    13.0208    18.1621   11.54637 1.0012e+02 0.0000e+00
        102 209.457260    0.00701     0.4208     25.250      0.926  38883.549    24.3678    13.0289      0.917    6.33057    13.0202    18.1679   11.54982 9.9872e+01 0.0000e+00
        103 209.457263    0.00708     0.4250     25.500      0.924  38884.033    24.3676    13.0209      0.916    6.33165    13.0216    18.1692   11.55163 9.9614e+01 0.0000e+00
        104 209.457266    0.00715     0.4292     25.750      0.926  38880.756    24.3653    13.0204      0.917    6.33181    13.0183    18.1675   11.55192 9.9405e+01 0.0000e+00
        105 209.457269    0.00722     0.4333     26.000      0.928  38878.809    24.3640    13.0217      0.919    6.33168    13.0085    18.1663   11.55171 9.9181e+01 0.0000e+00
        106 209.457271    0.00729     0.4375     26.250      0.929  38880.609    24.3651    13.0184      0.920    6.33207    12.9962    18.1677   11.55236 9.8824e+01 0.0000e+00
        107 209.457274    0.00736     0.4417     26.500      0.929  38884.272    24.3670    13.0086      0.921    6.33331    12.9864    18.1709   11.55440 9.8325e+01 0.0000e+00
        108 209.457277    0.00743     0.4458     26.750      0.930  38887.300    24.3682    12.9964      0.922    6.33491    12.9812    18.1741   11.55704 9.7694e+01 0.0000e+00
        109 209.457280    0.00750     0.4500     27.000      0.934  38888.521    24.3684    12.9866      0.926    6.33620    12.9797    18.1760   11.55920 9.7004e+01 0.0000e+00
        110 209.457283    0.00757     0.4542     27.250      0.940  38887.794    24.3676    12.9813      0.931    6.33694    12.9790    18.1763   11.56043 9.6460e+01 0.0000e+00
        111 209.457286    0.00764     0.4583     27.500      0.944  38886.099    24.3663    12.9798      0.935    6.33719    12.9760    18.1756   11.56088 9.6210e+01 0.0000e+00
        112 209.457289    0.00771     0.4625     27.750      0.945  38885.344    24.3658    12.9791      0.937    6.33731    12.9695    18.1753   11.56108 9.6240e+01 0.0000e+00
        113 209.457292    0.00778     0.4667     28.000      0.944  38886.459    24.3663    12.9761      0.935    6.33769    12.9615    18.1763   11.56171 9.6367e+01 0.0000e+00
        114 209.457295    0.00785     0.4708     28.250      0.942  38888.728    24.3675    12.9696      0.933    6.33851    12.9555    18.1783   11.56307 9.6336e+01 0.0000e+00
        115 209.457297    0.00792     0.4750     28.500      0.943  38890.822    24.3684    12.9616      0.934    6.33955    12.9539    18.1804   11.56478 9.5986e+01 0.0000e+00
        116 209.457300    0.00799     0.4792     28.750      0.948  38891.109    24.3682    12.9557      0.939    6.34035    12.9558    18.1813   11.56612 9.5343e+01 0.0000e+00
        117 209.457303    0.00806     0.4833     29.000      0.958  38888.607    24.3663    12.9540      0.949    6.34064    12.9582    18.1802   11.56664 9.4572e+01 0.0000e+00
        118 209.457306    0.00813     0.4875     29.250      0.969  38884.434    24.3635    12.9560      0.960    6.34048    12.9565    18.1777   11.56641 9.3895e+01 0.0000e+00
        119 209.457309    0.00819     0.4917     29.500      0.977  38881.657    24.3618    12.9583      0.968    6.34024    12.9489    18.1759   11.56603 9.3484e+01 0.0000e+00
        120 209.457312    0.00826     0.4958     29.750      0.979  38883.092    24.3627    12.9567      0.969    6.34043    12.9380    18.1769   11.56632 9.3337e+01 0.0000e+00
        121 209.457315    0.00833     0.5000     30.000      0.974  38889.102    24.3663    12.9490      0.965    6.34130    12.9291    18.1811   11.56774 9.3411e+01 0.0000e+00
        122 209.457318    0.00840     0.5042     30.250      0.965  38896.770    24.3709    12.9381      0.956    6.34258    12.9259    18.1866   11.56982 9.3626e+01 0.0000e+00
        123 209.457321    0.00847     0.5083     30.500      0.957  38901.697    24.3737    12.9292      0.948    6.34367    12.9293    18.1904   11.57159 9.3820e+01 0.0000e+00
        124 209.457323    0.00854     0.5125     30.750      0.953  38900.932    24.3730    12.9260      0.944    6.34412    12.9369    18.1904   11.57235 9.3847e+01 0.0000e+00
        125 209.457326    0.00861     0.5167     31.000      0.956  38893.984    24.3684    12.9294      0.947    6.34385    12.9440    18.1862   11.57195 9.3645e+01 0.0000e+00
        126 209.457329    0.00868     0.5208     31.250      0.964  38883.232    24.3615    12.9370      0.955    6.34311    12.9463    18.1795   11.57081 9.3258e+01 0.0000e+00
        127 209.457332    0.00875     0.5250     31.500      0.973  38873.489    24.3552    12.9441      0.964    6.34241    12.9413    18.1734   11.56970 9.2811e+01 0.0000e+00
        128 209.457335    0.00882     0.5292     31.750      0.977  38869.370    24.3525    12.9464      0.968    6.34221    12.9309    18.1710   11.56940 9.2603e+01 0.0000e+00
        129 209.457338    0.00889     0.5333     32.000      0.975  38872.960    24.3547    12.9414      0.966    6.34279    12.9203    18.1735   11.57035 9.2859e+01 0.0000e+00
        130 209.457341    0.00896     0.5375     32.250      0.966  38882.510    24.3606    12.9310      0.957    6.34396    12.9146    18.1800   11.57223 9.3318e+01 0.0000e+00
        131 209.457344    0.00903     0.5417     32.500      0.955  38893.268    24.3674    12.9204      0.946    6.34511    12.9168    18.1871   11.57407 9.3531e+01 0.0000e+00
        132 209.457347    0.00910     0.5458     32.750      0.946  38900.507    24.3720    12.9147      0.938    6.34569    12.9272    18.1916   11.57497 9.3369e+01 0.0000e+00
        133 209.457350    0.00917     0.5500     33.000      0.944  38900.540    24.3722    12.9169      0.935    6.34539    12.9422    18.1913   11.57447 9.2975e+01 0.0000e+00
        134 209.457352    0.00924     0.5542     33.250      0.949  38891.263    24.3664    12.9274      0.940    6.34422    12.9550    18.1850   11.57259 9.2550e+01 0.0000e+00
        135 209.457355    0.00931     0.5583     33.500      0.959  38874.484    24.3558    12.9423      0.951    6.34264    12.9601    18.1742   11.57008 9.2181e+01 0.0000e+00
        136 209.457358    0.00937     0.5625     33.750      0.970  38857.465    24.3449    12.9551      0.961    6.34135    12.9555    18.1635   11.56806 9.1794e+01 0.0000e+00
        137 209.457361    0.00944     0.5667     34.000      0.974  38849.035    24.3394    12.9602      0.965    6.34087    12.9439    18.1583   11.56734 9.1412e+01 0.0000e+00
        138 209.457364    0.00951     0.5708     34.250      0.970  38853.204    24.3420    12.9556      0.961    6.34139    12.9314    18.1611   11.56817 9.1245e+01 0.0000e+00
        139 209.457367    0.00958     0.5750     34.500      0.958  38868.296    24.3517    12.9440      0.950    6.34256    12.9234    18.1707   11.57001 9.1481e+01 0.0000e+00
        140 209.457370    0.00965     0.5792     34.750      0.945  38888.131    24.3645    12.9315      0.937    6.34373    12.9230    18.1829   11.57180 9.2021e+01 0.0000e+00
        141 209.457373    0.00972     0.5833     35.000      0.936  38903.061    24.3743    12.9235      0.927    6.34441    12.9298    18.1918   11.57283 9.2395e+01 0.0000e+00
        142 209.457376    0.00979     0.5875     35.250      0.934  38904.282    24.3751    12.9231      0.925    6.34444    12.9392    18.1925   11.57286 9.2242e+01 0.0000e+00
        143 209.457378    0.00986     0.5917     35.500      0.938  38889.664    24.3655    12.9299      0.929    6.34391    12.9452    18.1839   11.57209 9.1693e+01 0.0000e+00
        144 209.457381    0.00993     0.5958     35.750      0.944  38866.489    24.3501    12.9393      0.935    6.34326    12.9444    18.1703   11.57119 9.1122e+01 0.0000e+00
        145 209.457384    0.01000     0.6000     36.000      0.949  38847.602    24.3374    12.9453      0.940    6.34295    12.9376    18.1595   11.57082 9.0811e+01 0.0000e+00
        146 209.457387    0.01007     0.6042     36.250      0.950  38843.699    24.3347    12.9445      0.941    6.34317    12.9294    18.1575   11.57122 9.0723e+01 0.0000e+00
        147 209.457390    0.01014     0.6083     36.500      0.946  38856.814    24.3433    12.9377      0.937    6.34374    12.9236    18.1654   11.57207 9.0613e+01 0.0000e+00
        148 209.457393    0.01021     0.6125     36.750      0.939  38879.349    24.3583    12.9295      0.930    6.34425    12.9219    18.1784   11.57274 9.0458e+01 0.0000e+00
        149 209.457396    0.01028     0.6167     37.000      0.931  38901.440    24.3732    12.9237      0.922    6.34443    12.9245    18.1910   11.57286 9.0391e+01 0.0000e+00
        150 209.457399    0.01035     0.6208     37.250      0.923  38917.099    24.3839    12.9220      0.914    6.34424    12.9313    18.1996   11.57242 9.0400e+01 0.0000e+00
        151 209.457402    0.01042     0.6250     37.500      0.917  38923.250    24.3883    12.9247      0.908    6.34370    12.9402    18.2025   11.57147 9.0291e+01 0.0000e+00
        152 209.457405    0.01049     0.6292     37.750      0.916  38918.438    24.3854    12.9314      0.907    6.34291    12.9475    18.1990   11.57019 8.9793e+01 0.0000e+00
        153 209.457407    0.01056     0.6333     38.000      0.919  38903.384    24.3756    12.9403      0.910    6.34211    12.9494    18.1899   11.56897 8.8958e+01 0.0000e+00
        154 209.457410    0.01063     0.6375     38.250      0.922  38882.733    24.3619    12.9476      0.913    6.34168    12.9446    18.1779   11.56842 8.8366e+01 0.0000e+00
        155 209.457413    0.01069     0.6417     38.500      0.922  38865.668    24.3502    12.9496      0.913    6.34188    12.9348    18.1686   11.56889 8.8615e+01 0.0000e+00
        156 209.457416    0.01076     0.6458     38.750      0.915  38862.143    24.3475    12.9447      0.907    6.34264    12.9248    18.1673   11.57018 8.9559e+01 0.0000e+00
        157 209.457419    0.01083     0.6500     39.000      0.902  38877.330    24.3573    12.9349      0.894    6.34357    12.9207    18.1767   11.57162 9.0348e+01 0.0000e+00
        158 209.457422    0.01090     0.6542     39.250      0.886  38907.620    24.3776    12.9250      0.878    6.34410    12.9270    18.1941   11.57226 9.0585e+01 0.0000e+00
        159 209.457425    0.01097     0.6583     39.500      0.874  38942.320    24.4013    12.9208      0.866    6.34371    12.9457    18.2131   11.57133 9.0582e+01 0.0000e+00
        160 209.457428    0.01104     0.6625     39.750      0.869  38969.562    24.4205    12.9271      0.861    6.34211    12.9733    18.2268   11.56843 9.0571e+01 0.0000e+00
        161 209.457431    0.01111     0.6667     40.000      0.873  38973.457    24.4244    12.9458      0.865    6.33945    13.0015    18.2265   11.56395 9.0570e+01 0.0000e+00
        162 209.457433    0.01118     0.6708     40.250      0.881  38943.709    24.4057    12.9734      0.873    6.33650    13.0224    18.2071   11.55925 9.0542e+01 0.0000e+00
        163 209.457436    0.01125     0.6750     40.500      0.888  38898.114    24.3760    13.0016      0.880    6.33390    13.0321    18.1792   11.55528 9.0485e+01 0.0000e+00
        164 209.457439    0.01132     0.6792     40.750      0.893  38869.132    24.3574    13.0225      0.885    6.33184    13.0324    18.1610   11.55206 9.0388e+01 0.0000e+00
        165 209.457442    0.01139     0.6833     41.000      0.896  38877.038    24.3635    13.0322      0.888    6.33030    13.0295    18.1640   11.54942 9.0180e+01 0.0000e+00
        166 209.457445    0.01146     0.6875     41.250      0.900  38917.587    24.3916    13.0326      0.891    6.32915    13.0288    18.1856   11.54716 8.9778e+01 0.0000e+00
        167 209.457448    0.01153     0.6917     41.500      0.907  38961.524    24.4217    13.0297      0.898    6.32834    13.0313    18.2094   11.54545 8.9028e+01 0.0000e+00
        168 209.457451    0.01160     0.6958     41.750      0.916  38976.467    24.4320    13.0290      0.907    6.32803    13.0336    18.2174   11.54481 8.7971e+01 0.0000e+00
        169 209.457454    0.01167     0.7000     42.000      0.923  38955.676    24.4178    13.0314      0.914    6.32826    13.0314    18.2060   11.54537 8.7109e+01 0.0000e+00
        170 209.457457    0.01174     0.7042     42.250      0.924  38923.416    24.3956    13.0337      0.915    6.32883    13.0234    18.1885   11.54658 8.6989e+01 0.0000e+00
        171 209.457459    0.01181     0.7083     42.500      0.919  38911.978    24.3876    13.0315      0.910    6.32944    13.0133    18.1827   11.54769 8.7587e+01 0.0000e+00
        172 209.457462    0.01188     0.7125     42.750      0.911  38939.169    24.4059    13.0235      0.903    6.32979    13.0082    18.1983   11.54806 8.8302e+01 0.0000e+00
        173 209.457465    0.01194     0.7167     43.000      0.907  38994.352    24.4433    13.0134      0.899    6.32966    13.0126    18.2290   11.54739 8.8558e+01 0.0000e+00
        174 209.457468    0.01201     0.7208     43.250      0.911  39045.001    24.4780    13.0083      0.903    6.32897    13.0248    18.2567   11.54584 8.8262e+01 0.0000e+00
        175 209.457471    0.01208     0.7250     43.500      0.922  39062.983    24.4907    13.0127      0.913    6.32788    13.0382    18.2657   11.54388 8.7818e+01 0.0000e+00
        176 209.457474    0.01215     0.7292     43.750      0.934  39038.341    24.4745    13.0249      0.925    6.32689    13.0454    18.2509   11.54241 8.7744e+01 0.0000e+00
        177 209.457477    0.01222     0.7333     44.000      0.940  38987.753    24.4404    13.0383      0.931    6.32644    13.0425    18.2222   11.54208 8.8187e+01 0.0000e+00
        178 209.457480    0.01229     0.7375     44.250      0.937  38948.902    24.4140    13.0455      0.928    6.32653    13.0324    18.2006   11.54254 8.8756e+01 0.0000e+00
        179 209.457483    0.01236     0.7417     44.500      0.926  38950.954    24.4153    13.0426      0.918    6.32686    13.0225    18.2020   11.54307 8.9045e+01 0.0000e+00
        180 209.457486    0.01243     0.7458     44.750      0.914  38993.584    24.4441    13.0325      0.905    6.32707    13.0192    18.2261   11.54308 8.9149e+01 0.0000e+00
