CTD-processing/allCTD/CNV--turbid/2016_06-16_alongbay_skb08_cast276.cnv
* Sea-Bird SBE19plus Data File:
* FileName = C:\Users\Kris.Holderied\Documents\kasitsna\Research-KBL\Oceanography-AK\CTD-Data-ALL-to-2016-05\2016-CTD-KachemakBay-CookInlet\2016-06-16-KachemakBay-AlongBay-partial\2016-06-16-KachemakBay-AlongBay-cast276.hex
* Software Version 1.59
* Temperature SN =  5028
* Conductivity SN =  5028
* System UpLoad Time = Jul 26 2016 19:59:00
** Cook Inlet Kachemak Bay Along-bay line- partial
** Date (YYYY-MM-DD): 2016-06-16
** Station (eg. 9-01):  KB08
** Start time (AKDT): 15:52
** Depth (m): 79.6
** Comment:  R/V Edgecumbe.  Additional stations after monthly Transect 9 survey.
** Comment:
# nquan = 16
# nvalues = 645                         
# units = specified
# name 0 = scan: Scan Count
# name 1 = timeJ: Julian Days
# name 2 = timeH: Time, Elapsed [hours]
# name 3 = timeM: Time, Elapsed [minutes]
# name 4 = timeS: Time, Elapsed [seconds]
# name 5 = prdM: Pressure, Strain Gauge [db]
# name 6 = specc: Specific Conductance [uS/cm]
# name 7 = sal00: Salinity, Practical [PSU]
# name 8 = tv290C: Temperature [ITS-90, deg C]
# name 9 = depSM: Depth [salt water, m], lat = 59.00
# name 10 = oxsolML/L: Oxygen Saturation, Garcia & Gordon [ml/l]
# name 11 = potemp090C: Potential Temperature [ITS-90, deg C]
# name 12 = sigma-é00: Density [sigma-theta, kg/m^3]
# name 13 = n2satML/L: Nitrogen Saturation [ml/l]
# name 14 = par: PAR/Irradiance, Biospherical/Licor
# name 15 = flag:  0.000e+00
# span 0 =          1,        645       
# span 1 = 168.661076, 168.662940       
# span 2 =    0.00000,    0.04472       
# span 3 =     0.0000,     2.6833       
# span 4 =      0.000,    161.000       
# span 5 =     -0.066,     73.986       
# span 6 =    762.499,  49669.418       
# span 7 =     0.3701,    31.2007       
# span 8 =     7.3111,    13.8572       
# span 9 =     -0.066,     73.281       
# span 10 =    6.10694,    7.37198      
# span 11 =     7.3045,    13.8570      
# span 12 =    -0.3203,    24.3829      
# span 13 =   11.14204,   13.61074      
# span 14 = 5.7701e-02, 1.9106e+03      
# span 15 = 0.0000e+00, 0.0000e+00      
# interval = seconds: 0.25
# start_time = Jun 16 2016 15:51:57 [Instrument's time stamp, header]
# bad_flag = -9.990e-29
*END*
[from data line 181]
        182 168.661600    0.01257     0.7542     45.250      1.086  43079.785    27.3411    13.7717      1.076    6.11883    13.7660    20.3218   11.16218 6.5403e+02 0.0000e+00
        183 168.661603    0.01264     0.7583     45.500      1.080  43080.411    27.3414    13.7688      1.070    6.11919    13.7636    20.3225   11.16278 6.6291e+02 0.0000e+00
        184 168.661606    0.01271     0.7625     45.750      1.073  43080.707    27.3414    13.7661      1.063    6.11953    13.7612    20.3231   11.16334 6.6038e+02 0.0000e+00
        185 168.661609    0.01278     0.7667     46.000      1.066  43080.312    27.3410    13.7637      1.056    6.11985    13.7588    20.3232   11.16389 6.4634e+02 0.0000e+00
        186 168.661612    0.01285     0.7708     46.250      1.061  43079.460    27.3402    13.7613      1.051    6.12018    13.7564    20.3231   11.16444 6.3983e+02 0.0000e+00
        187 168.661615    0.01292     0.7750     46.500      1.057  43078.520    27.3394    13.7589      1.047    6.12052    13.7541    20.3229   11.16501 6.3727e+02 0.0000e+00
        188 168.661617    0.01299     0.7792     46.750      1.056  43077.630    27.3386    13.7566      1.046    6.12085    13.7517    20.3227   11.16557 6.3754e+02 0.0000e+00
        189 168.661620    0.01306     0.7833     47.000      1.059  43077.063    27.3380    13.7542      1.049    6.12117    13.7490    20.3228   11.16611 6.4507e+02 0.0000e+00
        190 168.661623    0.01313     0.7875     47.250      1.066  43077.070    27.3379    13.7518      1.056    6.12148    13.7463    20.3231   11.16663 6.5712e+02 0.0000e+00
        191 168.661626    0.01319     0.7917     47.500      1.075  43077.403    27.3379    13.7491      1.065    6.12182    13.7436    20.3237   11.16719 6.8018e+02 0.0000e+00
        192 168.661629    0.01326     0.7958     47.750      1.081  43077.617    27.3379    13.7464      1.072    6.12217    13.7413    20.3242   11.16777 7.2074e+02 0.0000e+00
        193 168.661632    0.01333     0.8000     48.000      1.081  43077.480    27.3376    13.7438      1.071    6.12251    13.7392    20.3245   11.16834 7.6991e+02 0.0000e+00
        194 168.661635    0.01340     0.8042     48.250      1.071  43077.103    27.3372    13.7414      1.062    6.12282    13.7372    20.3246   11.16887 7.8697e+02 0.0000e+00
        195 168.661638    0.01347     0.8083     48.500      1.056  43076.977    27.3369    13.7393      1.046    6.12310    13.7353    20.3248   11.16933 7.6025e+02 0.0000e+00
        196 168.661641    0.01354     0.8125     48.750      1.041  43077.654    27.3373    13.7373      1.032    6.12333    13.7337    20.3255   11.16972 7.3801e+02 0.0000e+00
        197 168.661644    0.01361     0.8167     49.000      1.036  43079.241    27.3382    13.7354      1.026    6.12353    13.7324    20.3266   11.17004 7.5535e+02 0.0000e+00
        198 168.661646    0.01368     0.8208     49.250      1.042  43080.959    27.3393    13.7338      1.032    6.12370    13.7313    20.3278   11.17030 7.9609e+02 0.0000e+00
        199 168.661649    0.01375     0.8250     49.500      1.057  43081.437    27.3396    13.7325      1.047    6.12385    13.7301    20.3282   11.17055 8.1593e+02 0.0000e+00
        200 168.661652    0.01382     0.8292     49.750      1.071  43080.273    27.3387    13.7314      1.061    6.12403    13.7286    20.3277   11.17085 8.1575e+02 0.0000e+00
        201 168.661655    0.01389     0.8333     50.000      1.075  43078.645    27.3374    13.7302      1.065    6.12423    13.7268    20.3270   11.17120 8.1368e+02 0.0000e+00
        202 168.661658    0.01396     0.8375     50.250      1.065  43077.904    27.3368    13.7287      1.055    6.12444    13.7251    20.3268   11.17157 7.9193e+02 0.0000e+00
        203 168.661661    0.01403     0.8417     50.500      1.049  43078.489    27.3371    13.7270      1.039    6.12465    13.7236    20.3274   11.17192 7.7140e+02 0.0000e+00
        204 168.661664    0.01410     0.8458     50.750      1.036  43079.912    27.3380    13.7253      1.027    6.12484    13.7224    20.3284   11.17222 7.7490e+02 0.0000e+00
        205 168.661667    0.01417     0.8500     51.000      1.036  43081.485    27.3390    13.7238      1.027    6.12499    13.7213    20.3295   11.17246 7.7402e+02 0.0000e+00
        206 168.661670    0.01424     0.8542     51.250      1.048  43083.154    27.3401    13.7226      1.038    6.12510    13.7205    20.3305   11.17264 7.6524e+02 0.0000e+00
        207 168.661672    0.01431     0.8583     51.500      1.061  43084.962    27.3413    13.7215      1.051    6.12519    13.7204    20.3317   11.17278 7.7720e+02 0.0000e+00
        208 168.661675    0.01438     0.8625     51.750      1.065  43086.113    27.3420    13.7207      1.055    6.12527    13.7211    20.3324   11.17289 8.2436e+02 0.0000e+00
        209 168.661678    0.01444     0.8667     52.000      1.055  43085.656    27.3417    13.7206      1.045    6.12529    13.7220    20.3322   11.17293 8.7210e+02 0.0000e+00
        210 168.661681    0.01451     0.8708     52.250      1.035  43083.864    27.3405    13.7212      1.025    6.12525    13.7228    20.3311   11.17288 8.6787e+02 0.0000e+00
        211 168.661684    0.01458     0.8750     52.500      1.014  43081.860    27.3392    13.7222      1.004    6.12518    13.7233    20.3299   11.17278 8.1760e+02 0.0000e+00
        212 168.661687    0.01465     0.8792     52.750      1.002  43080.252    27.3381    13.7230      0.992    6.12513    13.7235    20.3289   11.17270 7.6620e+02 0.0000e+00
        213 168.661690    0.01472     0.8833     53.000      1.005  43079.067    27.3373    13.7234      0.995    6.12510    13.7234    20.3282   11.17266 7.4340e+02 0.0000e+00
        214 168.661693    0.01479     0.8875     53.250      1.020  43078.409    27.3369    13.7236      1.010    6.12509    13.7232    20.3278   11.17265 7.5175e+02 0.0000e+00
        215 168.661696    0.01486     0.8917     53.500      1.037  43078.233    27.3367    13.7236      1.027    6.12510    13.7229    20.3277   11.17267 7.8010e+02 0.0000e+00
        216 168.661698    0.01493     0.8958     53.750      1.046  43078.075    27.3366    13.7234      1.037    6.12513    13.7226    20.3276   11.17272 8.1971e+02 0.0000e+00
        217 168.661701    0.01500     0.9000     54.000      1.043  43077.516    27.3362    13.7231      1.033    6.12518    13.7222    20.3274   11.17281 8.5924e+02 0.0000e+00
        218 168.661704    0.01507     0.9042     54.250      1.028  43076.719    27.3356    13.7227      1.019    6.12524    13.7217    20.3270   11.17292 8.7781e+02 0.0000e+00
        219 168.661707    0.01514     0.9083     54.500      1.011  43076.247    27.3353    13.7223      1.002    6.12531    13.7211    20.3268   11.17303 8.6341e+02 0.0000e+00
        220 168.661710    0.01521     0.9125     54.750      1.001  43076.330    27.3353    13.7218      0.992    6.12538    13.7206    20.3269   11.17315 8.2856e+02 0.0000e+00
        221 168.661713    0.01528     0.9167     55.000      1.004  43076.703    27.3355    13.7212      0.995    6.12544    13.7201    20.3272   11.17325 7.9432e+02 0.0000e+00
        222 168.661716    0.01535     0.9208     55.250      1.020  43077.074    27.3357    13.7207      1.010    6.12550    13.7197    20.3275   11.17335 7.6653e+02 0.0000e+00
        223 168.661719    0.01542     0.9250     55.500      1.040  43077.268    27.3358    13.7203      1.030    6.12555    13.7191    20.3277   11.17343 7.4274e+02 0.0000e+00
        224 168.661722    0.01549     0.9292     55.750      1.056  43077.193    27.3357    13.7198      1.046    6.12561    13.7185    20.3277   11.17354 7.3693e+02 0.0000e+00
        225 168.661725    0.01556     0.9333     56.000      1.062  43076.945    27.3355    13.7192      1.052    6.12570    13.7180    20.3276   11.17368 7.5302e+02 0.0000e+00
        226 168.661727    0.01563     0.9375     56.250      1.059  43076.623    27.3352    13.7186      1.049    6.12578    13.7175    20.3275   11.17382 7.7711e+02 0.0000e+00
        227 168.661730    0.01569     0.9417     56.500      1.051  43076.282    27.3350    13.7181      1.041    6.12585    13.7169    20.3274   11.17395 8.1391e+02 0.0000e+00
        228 168.661733    0.01576     0.9458     56.750      1.046  43076.040    27.3348    13.7176      1.036    6.12593    13.7161    20.3273   11.17408 8.5368e+02 0.0000e+00
        229 168.661736    0.01583     0.9500     57.000      1.046  43075.872    27.3346    13.7170      1.036    6.12601    13.7150    20.3273   11.17421 8.7687e+02 0.0000e+00
        230 168.661739    0.01590     0.9542     57.250      1.050  43075.612    27.3344    13.7162      1.040    6.12612    13.7136    20.3273   11.17440 9.0643e+02 0.0000e+00
        231 168.661742    0.01597     0.9583     57.500      1.054  43075.351    27.3341    13.7152      1.044    6.12627    13.7122    20.3273   11.17464 9.7570e+02 0.0000e+00
        232 168.661745    0.01604     0.9625     57.750      1.057  43075.346    27.3340    13.7138      1.047    6.12645    13.7109    20.3275   11.17494 1.0248e+03 0.0000e+00
        233 168.661748    0.01611     0.9667     58.000      1.058  43075.478    27.3340    13.7124      1.048    6.12663    13.7100    20.3278   11.17525 9.8221e+02 0.0000e+00
        234 168.661751    0.01618     0.9708     58.250      1.057  43075.357    27.3338    13.7111      1.047    6.12679    13.7091    20.3279   11.17552 9.1776e+02 0.0000e+00
        235 168.661753    0.01625     0.9750     58.500      1.057  43074.723    27.3333    13.7101      1.047    6.12693    13.7081    20.3277   11.17576 9.0301e+02 0.0000e+00
        236 168.661756    0.01632     0.9792     58.750      1.057  43073.633    27.3325    13.7093      1.047    6.12707    13.7068    20.3272   11.17601 9.2172e+02 0.0000e+00
        237 168.661759    0.01639     0.9833     59.000      1.058  43072.515    27.3316    13.7083      1.048    6.12723    13.7052    20.3268   11.17628 9.1793e+02 0.0000e+00
        238 168.661762    0.01646     0.9875     59.250      1.059  43071.825    27.3311    13.7070      1.049    6.12742    13.7035    20.3266   11.17659 8.6349e+02 0.0000e+00
        239 168.661765    0.01653     0.9917     59.500      1.060  43071.687    27.3309    13.7054      1.050    6.12763    13.7018    20.3267   11.17694 8.0750e+02 0.0000e+00
        240 168.661768    0.01660     0.9958     59.750      1.060  43071.789    27.3308    13.7036      1.050    6.12785    13.7000    20.3270   11.17731 7.8639e+02 0.0000e+00
        241 168.661771    0.01667     1.0000     60.000      1.059  43071.813    27.3307    13.7019      1.049    6.12808    13.6983    20.3272   11.17769 7.9608e+02 0.0000e+00
        242 168.661774    0.01674     1.0042     60.250      1.057  43071.879    27.3306    13.7002      1.047    6.12830    13.6964    20.3275   11.17806 8.1745e+02 0.0000e+00
        243 168.661777    0.01681     1.0083     60.500      1.056  43072.260    27.3308    13.6984      1.046    6.12852    13.6946    20.3280   11.17842 8.3367e+02 0.0000e+00
        244 168.661780    0.01688     1.0125     60.750      1.057  43072.994    27.3312    13.6966      1.047    6.12874    13.6930    20.3287   11.17878 8.3708e+02 0.0000e+00
        245 168.661782    0.01694     1.0167     61.000      1.059  43073.904    27.3317    13.6948      1.049    6.12895    13.6916    20.3294   11.17913 8.3175e+02 0.0000e+00
        246 168.661785    0.01701     1.0208     61.250      1.062  43074.776    27.3322    13.6932      1.052    6.12913    13.6906    20.3301   11.17943 8.2208e+02 0.0000e+00
        247 168.661788    0.01708     1.0250     61.500      1.065  43075.433    27.3325    13.6918      1.055    6.12929    13.6898    20.3306   11.17969 7.9564e+02 0.0000e+00
        248 168.661791    0.01715     1.0292     61.750      1.066  43075.797    27.3327    13.6908      1.056    6.12941    13.6892    20.3310   11.17989 7.6047e+02 0.0000e+00
        249 168.661794    0.01722     1.0333     62.000      1.066  43075.889    27.3327    13.6900      1.056    6.12951    13.6886    20.3311   11.18006 7.3836e+02 0.0000e+00
        250 168.661797    0.01729     1.0375     62.250      1.064  43075.794    27.3326    13.6893      1.054    6.12960    13.6881    20.3312   11.18020 7.4605e+02 0.0000e+00
        251 168.661800    0.01736     1.0417     62.500      1.062  43075.753    27.3326    13.6888      1.052    6.12967    13.6875    20.3312   11.18033 7.8114e+02 0.0000e+00
        252 168.661803    0.01743     1.0458     62.750      1.062  43075.960    27.3327    13.6882      1.052    6.12974    13.6869    20.3314   11.18044 8.2895e+02 0.0000e+00
        253 168.661806    0.01750     1.0500     63.000      1.062  43076.354    27.3329    13.6876      1.052    6.12981    13.6864    20.3317   11.18055 8.6673e+02 0.0000e+00
        254 168.661808    0.01757     1.0542     63.250      1.060  43076.771    27.3331    13.6870      1.050    6.12988    13.6860    20.3320   11.18066 8.7454e+02 0.0000e+00
        255 168.661811    0.01764     1.0583     63.500      1.055  43077.080    27.3333    13.6865      1.045    6.12993    13.6859    20.3322   11.18075 8.6255e+02 0.0000e+00
        256 168.661814    0.01771     1.0625     63.750      1.047  43077.216    27.3334    13.6862      1.037    6.12997    13.6857    20.3323   11.18081 8.3499e+02 0.0000e+00
        257 168.661817    0.01778     1.0667     64.000      1.043  43077.215    27.3334    13.6860      1.033    6.12999    13.6854    20.3324   11.18085 8.0830e+02 0.0000e+00
        258 168.661820    0.01785     1.0708     64.250      1.047  43077.071    27.3333    13.6858      1.037    6.13001    13.6847    20.3323   11.18089 8.0458e+02 0.0000e+00
        259 168.661823    0.01792     1.0750     64.500      1.058  43076.523    27.3329    13.6855      1.048    6.13007    13.6834    20.3321   11.18099 8.1313e+02 0.0000e+00
        260 168.661826    0.01799     1.0792     64.750      1.073  43075.283    27.3320    13.6848      1.062    6.13019    13.6812    20.3315   11.18120 8.3883e+02 0.0000e+00
        261 168.661829    0.01806     1.0833     65.000      1.084  43073.294    27.3305    13.6836      1.073    6.13041    13.6778    20.3306   11.18158 9.0724e+02 0.0000e+00
        262 168.661832    0.01812     1.0875     65.250      1.087  43070.330    27.3282    13.6814      1.076    6.13077    13.6724    20.3293   11.18221 9.6419e+02 0.0000e+00
        263 168.661834    0.01819     1.0917     65.500      1.082  43065.569    27.3246    13.6780      1.071    6.13134    13.6641    20.3272   11.18321 9.3624e+02 0.0000e+00
        264 168.661837    0.01826     1.0958     65.750      1.071  43058.649    27.3194    13.6726      1.061    6.13222    13.6526    20.3242   11.18473 8.8247e+02 0.0000e+00
        265 168.661840    0.01833     1.1000     66.000      1.060  43053.059    27.3149    13.6642      1.050    6.13346    13.6398    20.3223   11.18684 8.7571e+02 0.0000e+00
        266 168.661843    0.01840     1.1042     66.250      1.052  43053.339    27.3143    13.6527      1.042    6.13494    13.6274    20.3241   11.18931 8.9036e+02 0.0000e+00
        267 168.661846    0.01847     1.1083     66.500      1.050  43058.578    27.3171    13.6399      1.040    6.13647    13.6165    20.3287   11.19182 8.7890e+02 0.0000e+00
        268 168.661849    0.01854     1.1125     66.750      1.054  43065.738    27.3212    13.6275      1.044    6.13788    13.6073    20.3342   11.19413 8.5683e+02 0.0000e+00
        269 168.661852    0.01861     1.1167     67.000      1.061  43073.218    27.3257    13.6166      1.051    6.13910    13.5997    20.3398   11.19611 8.4633e+02 0.0000e+00
        270 168.661855    0.01868     1.1208     67.250      1.068  43079.785    27.3297    13.6074      1.058    6.14012    13.5937    20.3446   11.19776 8.2700e+02 0.0000e+00
        271 168.661858    0.01875     1.1250     67.500      1.073  43085.524    27.3332    13.5998      1.063    6.14095    13.5896    20.3488   11.19910 7.9878e+02 0.0000e+00
