CTD-processing/allCTD/CNV--turbid/2016_12-13_t9_s08_cast194.cnv
* Sea-Bird SBE19plus Data File:
* FileName = P:\My Documents\kasitsna\Research-KBL\Oceanography-AK\CTD-Data-ALL-to-2016-05\2016-CTD-KachemakBay-CookInlet\2016-12-CookInlet-quarterly\2016-12-13-CookInlet-Tran9-HomerSpit\2016-12-13-CookInlet-Tran9-cast194.hex
* Software Version 1.59
* Temperature SN =  5028
* Conductivity SN =  5028
* System UpLoad Time = Jan 04 2017 19:31:12
** Cook Inlet LTM Tran 9 south to north
** Date: (YYYY-MM-DD): 2016-12-13
** Station: (eg. 9-01): 9-08
** Start time (AKST): 17:53
** Depth (m): 91.1
** Comment: R/V Alaska Dream Catcher. CTD on AKDT (1 hr ahead).
** Comment:
# nquan = 16
# nvalues = 664                         
# units = specified
# name 0 = scan: Scan Count
# name 1 = timeJ: Julian Days
# name 2 = timeH: Time, Elapsed [hours]
# name 3 = timeM: Time, Elapsed [minutes]
# name 4 = timeS: Time, Elapsed [seconds]
# name 5 = prdM: Pressure, Strain Gauge [db]
# name 6 = specc: Specific Conductance [uS/cm]
# name 7 = sal00: Salinity, Practical [PSU]
# name 8 = tv290C: Temperature [ITS-90, deg C]
# name 9 = depSM: Depth [salt water, m], lat = 59.00
# name 10 = oxsolML/L: Oxygen Saturation, Garcia & Gordon [ml/l]
# name 11 = potemp090C: Potential Temperature [ITS-90, deg C]
# name 12 = sigma-é00: Density [sigma-theta, kg/m^3]
# name 13 = n2satML/L: Nitrogen Saturation [ml/l]
# name 14 = par: PAR/Irradiance, Biospherical/Licor
# name 15 = flag:  0.000e+00
# span 0 =          1,        664       
# span 1 = 348.787685, 348.789604       
# span 2 =    0.00000,    0.04604       
# span 3 =     0.0000,     2.7625       
# span 4 =      0.000,    165.750       
# span 5 =      0.067,     90.044       
# span 6 =   2070.241,  50227.007       
# span 7 =     1.0321,    31.4703       
# span 8 =     4.7808,     6.8049       
# span 9 =      0.066,     89.183       
# span 10 =    6.94118,    8.92439      
# span 11 =     4.7808,     6.7972      
# span 12 =     0.7966,    24.6828      
# span 13 =   12.47641,   16.21868      
# span 14 = 3.7976e-02, 7.2829e-02      
# span 15 = 0.0000e+00, 0.0000e+00      
# interval = seconds: 0.25
# start_time = Dec 13 2016 18:54:16 [Instrument's time stamp, header]
# bad_flag = -9.990e-29
*END*
[from data line 452]
        453 348.788993    0.03139     1.8833    113.000     40.991  49982.038    31.1781     5.9339     40.604    7.09726     5.9318    24.5421   12.73806 3.7976e-02 0.0000e+00
        454 348.788996    0.03146     1.8875    113.250     41.235  49983.279    31.1789     5.9343     40.846    7.09715     5.9324    24.5427   12.73787 3.7976e-02 0.0000e+00
        455 348.788999    0.03153     1.8917    113.500     41.480  49982.244    31.1783     5.9351     41.088    7.09705     5.9323    24.5420   12.73771 3.7976e-02 0.0000e+00
        456 348.789002    0.03160     1.8958    113.750     41.726  49980.280    31.1769     5.9357     41.332    7.09702     5.9316    24.5409   12.73768 3.7976e-02 0.0000e+00
        457 348.789005    0.03167     1.9000    114.000     41.973  49978.563    31.1756     5.9356     41.576    7.09709     5.9305    24.5399   12.73781 3.7976e-02 0.0000e+00
        458 348.789008    0.03174     1.9042    114.250     42.221  49977.309    31.1745     5.9350     41.822    7.09725     5.9292    24.5391   12.73809 3.7976e-02 0.0000e+00
        459 348.789010    0.03181     1.9083    114.500     42.470  49976.600    31.1737     5.9339     42.070    7.09747     5.9279    24.5385   12.73847 3.7976e-02 0.0000e+00
        460 348.789013    0.03188     1.9125    114.750     42.720  49976.710    31.1734     5.9325     42.317    7.09771     5.9267    24.5385   12.73887 3.7976e-02 0.0000e+00
        461 348.789016    0.03194     1.9167    115.000     42.968  49977.441    31.1735     5.9312     42.562    7.09792     5.9257    24.5387   12.73922 3.7976e-02 0.0000e+00
        462 348.789019    0.03201     1.9208    115.250     43.211  49977.620    31.1733     5.9301     42.803    7.09812     5.9246    24.5387   12.73954 3.7976e-02 0.0000e+00
        463 348.789022    0.03208     1.9250    115.500     43.449  49977.093    31.1726     5.9291     43.038    7.09832     5.9233    24.5383   12.73989 3.7976e-02 0.0000e+00
        464 348.789025    0.03215     1.9292    115.750     43.682  49976.458    31.1719     5.9280     43.269    7.09854     5.9217    24.5378   12.74027 3.7976e-02 0.0000e+00
        465 348.789028    0.03222     1.9333    116.000     43.915  49975.755    31.1710     5.9267     43.500    7.09880     5.9201    24.5373   12.74070 3.7976e-02 0.0000e+00
        466 348.789031    0.03229     1.9375    116.250     44.151  49975.451    31.1704     5.9252     43.734    7.09908     5.9186    24.5370   12.74117 3.7976e-02 0.0000e+00
        467 348.789034    0.03236     1.9417    116.500     44.392  49976.245    31.1705     5.9236     43.972    7.09934     5.9176    24.5373   12.74160 3.7976e-02 0.0000e+00
        468 348.789036    0.03243     1.9458    116.750     44.637  49978.189    31.1715     5.9221     44.215    7.09954     5.9173    24.5382   12.74192 3.7976e-02 0.0000e+00
        469 348.789039    0.03250     1.9500    117.000     44.886  49981.127    31.1732     5.9211     44.461    7.09963     5.9178    24.5397   12.74205 3.7976e-02 0.0000e+00
        470 348.789042    0.03257     1.9542    117.250     45.136  49984.370    31.1752     5.9208     44.710    7.09958     5.9191    24.5413   12.74193 3.7976e-02 0.0000e+00
        471 348.789045    0.03264     1.9583    117.500     45.388  49986.828    31.1769     5.9214     44.959    7.09940     5.9209    24.5426   12.74162 3.7976e-02 0.0000e+00
        472 348.789048    0.03271     1.9625    117.750     45.640  49988.988    31.1786     5.9227     45.208    7.09912     5.9235    24.5437   12.74113 3.7976e-02 0.0000e+00
        473 348.789051    0.03278     1.9667    118.000     45.890  49992.367    31.1811     5.9245     45.456    7.09869     5.9271    24.5456   12.74039 3.7976e-02 0.0000e+00
        474 348.789054    0.03285     1.9708    118.250     46.137  49996.361    31.1843     5.9271     45.701    7.09810     5.9313    24.5478   12.73937 3.7976e-02 0.0000e+00
        475 348.789057    0.03292     1.9750    118.500     46.378  49998.383    31.1862     5.9308     45.940    7.09740     5.9351    24.5489   12.73819 3.7976e-02 0.0000e+00
        476 348.789060    0.03299     1.9792    118.750     46.614  49997.303    31.1862     5.9349     46.174    7.09671     5.9381    24.5484   12.73705 3.7976e-02 0.0000e+00
        477 348.789063    0.03306     1.9833    119.000     46.847  49994.278    31.1848     5.9388     46.404    7.09613     5.9400    24.5468   12.73611 3.7976e-02 0.0000e+00
        478 348.789065    0.03313     1.9875    119.250     47.078  49990.667    31.1827     5.9418     46.633    7.09572     5.9407    24.5448   12.73546 3.7976e-02 0.0000e+00
        479 348.789068    0.03319     1.9917    119.500     47.311  49986.896    31.1804     5.9437     46.863    7.09551     5.9403    24.5428   12.73515 3.7976e-02 0.0000e+00
        480 348.789071    0.03326     1.9958    119.750     47.548  49983.269    31.1779     5.9444     47.098    7.09551     5.9391    24.5407   12.73517 3.7976e-02 0.0000e+00
        481 348.789074    0.03333     2.0000    120.000     47.789  49980.547    31.1759     5.9440     47.336    7.09567     5.9376    24.5391   12.73546 3.7976e-02 0.0000e+00
        482 348.789077    0.03340     2.0042    120.250     48.030  49979.962    31.1751     5.9428     47.575    7.09590     5.9365    24.5387   12.73586 3.7976e-02 0.0000e+00
        483 348.789080    0.03347     2.0083    120.500     48.271  49981.882    31.1760     5.9413     47.814    7.09611     5.9360    24.5396   12.73619 3.7976e-02 0.0000e+00
        484 348.789083    0.03354     2.0125    120.750     48.512  49984.493    31.1775     5.9403     48.052    7.09622     5.9360    24.5409   12.73635 3.7976e-02 0.0000e+00
        485 348.789086    0.03361     2.0167    121.000     48.753  49986.061    31.1784     5.9398     48.292    7.09625     5.9361    24.5416   12.73639 3.7976e-02 0.0000e+00
        486 348.789089    0.03368     2.0208    121.250     48.998  49986.449    31.1785     5.9398     48.534    7.09625     5.9361    24.5417   12.73638 3.7976e-02 0.0000e+00
        487 348.789091    0.03375     2.0250    121.500     49.244  49986.321    31.1783     5.9399     48.778    7.09624     5.9360    24.5416   12.73638 3.7976e-02 0.0000e+00
        488 348.789094    0.03382     2.0292    121.750     49.492  49986.246    31.1782     5.9399     49.024    7.09625     5.9358    24.5415   12.73639 3.7976e-02 0.0000e+00
        489 348.789097    0.03389     2.0333    122.000     49.740  49986.134    31.1780     5.9398     49.269    7.09628     5.9354    24.5413   12.73644 3.7976e-02 0.0000e+00
        490 348.789100    0.03396     2.0375    122.250     49.985  49985.784    31.1776     5.9396     49.512    7.09633     5.9350    24.5410   12.73652 3.7976e-02 0.0000e+00
        491 348.789103    0.03403     2.0417    122.500     50.229  49985.492    31.1772     5.9393     49.753    7.09640     5.9346    24.5408   12.73664 3.7976e-02 0.0000e+00
        492 348.789106    0.03410     2.0458    122.750     50.472  49985.648    31.1771     5.9389     49.994    7.09647     5.9341    24.5408   12.73677 3.7976e-02 0.0000e+00
        493 348.789109    0.03417     2.0500    123.000     50.715  49985.929    31.1771     5.9385     50.235    7.09654     5.9336    24.5408   12.73688 3.7976e-02 0.0000e+00
        494 348.789112    0.03424     2.0542    123.250     50.958  49985.777    31.1768     5.9381     50.475    7.09662     5.9330    24.5406   12.73702 3.7976e-02 0.0000e+00
        495 348.789115    0.03431     2.0583    123.500     51.198  49985.413    31.1764     5.9376     50.713    7.09672     5.9322    24.5403   12.73719 3.7976e-02 0.0000e+00
        496 348.789117    0.03438     2.0625    123.750     51.435  49985.117    31.1759     5.9370     50.948    7.09685     5.9312    24.5400   12.73741 3.7976e-02 0.0000e+00
        497 348.789120    0.03444     2.0667    124.000     51.669  49984.507    31.1753     5.9362     51.180    7.09701     5.9299    24.5396   12.73768 3.7976e-02 0.0000e+00
        498 348.789123    0.03451     2.0708    124.250     51.903  49983.483    31.1743     5.9352     51.411    7.09722     5.9282    24.5389   12.73804 3.7976e-02 0.0000e+00
        499 348.789126    0.03458     2.0750    124.500     52.137  49982.042    31.1729     5.9339     51.644    7.09750     5.9260    24.5380   12.73852 3.7976e-02 0.0000e+00
        500 348.789129    0.03465     2.0792    124.750     52.375  49980.451    31.1714     5.9322     51.879    7.09785     5.9238    24.5370   12.73913 3.7976e-02 0.0000e+00
        501 348.789132    0.03472     2.0833    125.000     52.615  49980.003    31.1705     5.9301     52.116    7.09824     5.9218    24.5366   12.73979 3.7976e-02 0.0000e+00
        502 348.789135    0.03479     2.0875    125.250     52.857  49981.159    31.1708     5.9279     52.356    7.09861     5.9203    24.5371   12.74038 3.7976e-02 0.0000e+00
        503 348.789138    0.03486     2.0917    125.500     53.101  49982.954    31.1715     5.9259     52.597    7.09890     5.9192    24.5379   12.74086 3.7976e-02 0.0000e+00
        504 348.789141    0.03493     2.0958    125.750     53.345  49984.517    31.1722     5.9244     52.839    7.09912     5.9184    24.5386   12.74121 3.7976e-02 0.0000e+00
        505 348.789144    0.03500     2.1000    126.000     53.591  49985.600    31.1726     5.9234     53.083    7.09927     5.9179    24.5390   12.74146 3.7976e-02 0.0000e+00
        506 348.789146    0.03507     2.1042    126.250     53.838  49986.366    31.1729     5.9227     53.328    7.09938     5.9175    24.5393   12.74164 3.7976e-02 0.0000e+00
        507 348.789149    0.03514     2.1083    126.500     54.086  49986.960    31.1731     5.9221     53.573    7.09946     5.9172    24.5396   12.74176 3.7976e-02 0.0000e+00
        508 348.789152    0.03521     2.1125    126.750     54.333  49987.215    31.1731     5.9218     53.817    7.09952     5.9168    24.5396   12.74187 3.7976e-02 0.0000e+00
        509 348.789155    0.03528     2.1167    127.000     54.577  49987.225    31.1729     5.9214     54.059    7.09959     5.9165    24.5395   12.74198 3.7976e-02 0.0000e+00
        510 348.789158    0.03535     2.1208    127.250     54.818  49987.568    31.1730     5.9211     54.299    7.09964     5.9164    24.5396   12.74206 3.7976e-02 0.0000e+00
        511 348.789161    0.03542     2.1250    127.500     55.058  49988.315    31.1733     5.9208     54.536    7.09967     5.9165    24.5399   12.74211 3.7976e-02 0.0000e+00
        512 348.789164    0.03549     2.1292    127.750     55.297  49989.069    31.1737     5.9207     54.772    7.09967     5.9167    24.5402   12.74211 3.7976e-02 0.0000e+00
        513 348.789167    0.03556     2.1333    128.000     55.535  49989.770    31.1741     5.9208     55.009    7.09964     5.9171    24.5405   12.74205 3.7976e-02 0.0000e+00
        514 348.789170    0.03562     2.1375    128.250     55.774  49990.601    31.1746     5.9210     55.245    7.09958     5.9178    24.5409   12.74193 3.7976e-02 0.0000e+00
        515 348.789172    0.03569     2.1417    128.500     56.012  49991.420    31.1751     5.9215     55.481    7.09947     5.9185    24.5413   12.74175 3.7976e-02 0.0000e+00
        516 348.789175    0.03576     2.1458    128.750     56.249  49991.902    31.1755     5.9221     55.716    7.09935     5.9193    24.5415   12.74154 3.7976e-02 0.0000e+00
        517 348.789178    0.03583     2.1500    129.000     56.484  49992.259    31.1757     5.9229     55.948    7.09921     5.9202    24.5416   12.74132 3.7976e-02 0.0000e+00
        518 348.789181    0.03590     2.1542    129.250     56.718  49993.103    31.1763     5.9236     56.180    7.09906     5.9214    24.5420   12.74105 3.7976e-02 0.0000e+00
        519 348.789184    0.03597     2.1583    129.500     56.951  49994.461    31.1773     5.9246     56.411    7.09885     5.9229    24.5427   12.74070 3.7976e-02 0.0000e+00
        520 348.789187    0.03604     2.1625    129.750     57.186  49995.857    31.1784     5.9258     56.644    7.09860     5.9246    24.5434   12.74027 3.7976e-02 0.0000e+00
        521 348.789190    0.03611     2.1667    130.000     57.423  49997.160    31.1795     5.9273     56.879    7.09829     5.9267    24.5441   12.73975 3.7976e-02 0.0000e+00
        522 348.789193    0.03618     2.1708    130.250     57.661  49998.731    31.1809     5.9291     57.114    7.09793     5.9293    24.5449   12.73914 3.7976e-02 0.0000e+00
        523 348.789196    0.03625     2.1750    130.500     57.899  50001.082    31.1828     5.9312     57.350    7.09749     5.9326    24.5462   12.73838 3.7976e-02 0.0000e+00
        524 348.789198    0.03632     2.1792    130.750     58.139  50004.782    31.1857     5.9338     57.587    7.09692     5.9371    24.5482   12.73741 3.7976e-02 0.0000e+00
        525 348.789201    0.03639     2.1833    131.000     58.381  50010.566    31.1902     5.9371     57.827    7.09615     5.9429    24.5514   12.73608 3.7976e-02 0.0000e+00
        526 348.789204    0.03646     2.1875    131.250     58.627  50016.324    31.1950     5.9417     58.071    7.09516     5.9489    24.5546   12.73438 3.7976e-02 0.0000e+00
        527 348.789207    0.03653     2.1917    131.500     58.876  50017.702    31.1970     5.9475     58.318    7.09409     5.9539    24.5555   12.73259 3.7976e-02 0.0000e+00
        528 348.789210    0.03660     2.1958    131.750     59.126  50014.740    31.1960     5.9535     58.565    7.09313     5.9578    24.5540   12.73102 3.7976e-02 0.0000e+00
        529 348.789213    0.03667     2.2000    132.000     59.375  50011.666    31.1947     5.9585     58.811    7.09235     5.9611    24.5524   12.72975 3.7976e-02 0.0000e+00
        530 348.789216    0.03674     2.2042    132.250     59.620  50011.418    31.1952     5.9624     59.054    7.09169     5.9643    24.5523   12.72864 3.7976e-02 0.0000e+00
        531 348.789219    0.03681     2.2083    132.500     59.862  50012.073    31.1961     5.9658     59.293    7.09108     5.9672    24.5527   12.72762 3.7976e-02 0.0000e+00
        532 348.789222    0.03687     2.2125    132.750     60.101  50010.833    31.1958     5.9691     59.531    7.09055     5.9696    24.5520   12.72676 3.7976e-02 0.0000e+00
        533 348.789225    0.03694     2.2167    133.000     60.339  50009.634    31.1954     5.9719     59.766    7.09009     5.9721    24.5514   12.72601 3.7976e-02 0.0000e+00
        534 348.789227    0.03701     2.2208    133.250     60.575  50010.786    31.1966     5.9744     60.000    7.08963     5.9757    24.5520   12.72523 3.7976e-02 0.0000e+00
        535 348.789230    0.03708     2.2250    133.500     60.809  50015.611    31.2003     5.9769     60.231    7.08904     5.9829    24.5546   12.72421 3.7976e-02 0.0000e+00
        536 348.789233    0.03715     2.2292    133.750     61.039  50030.215    31.2109     5.9805     60.460    7.08794     5.9973    24.5626   12.72225 3.7976e-02 0.0000e+00
        537 348.789236    0.03722     2.2333    134.000     61.269  50059.292    31.2323     5.9877     60.687    7.08574     6.0198    24.5786   12.71833 3.7976e-02 0.0000e+00
        538 348.789239    0.03729     2.2375    134.250     61.499  50092.080    31.2576     6.0021     60.915    7.08215     6.0479    24.5969   12.71209 3.7976e-02 0.0000e+00
        539 348.789242    0.03736     2.2417    134.500     61.731  50113.619    31.2767     6.0247     61.145    7.07750     6.0796    24.6093   12.70415 3.7976e-02 0.0000e+00
        540 348.789245    0.03743     2.2458    134.750     61.967  50129.586    31.2930     6.0528     61.379    7.07207     6.1161    24.6188   12.69498 3.7976e-02 0.0000e+00
        541 348.789248    0.03750     2.2500    135.000     62.206  50153.237    31.3153     6.0845     61.616    7.06576     6.1578    24.6326   12.68426 3.7976e-02 0.0000e+00
        542 348.789251    0.03757     2.2542    135.250     62.447  50179.560    31.3404     6.1211     61.854    7.05853     6.2024    24.6479   12.67199 3.7976e-02 0.0000e+00
