CTD-processing/allCTD/CNV--turbid/2016_02-16_t7_s16_cast149.cnv
* Sea-Bird SBE19plus Data File:
* FileName = C:\Users\Kris.Holderied\Documents\kasitsna\Research-KBL\Oceanography-AK\CTD-Data-ALL-to-2016-02\2016-CTD-KachemakBay-CookInlet\2016-02-CookInlet-quarterly\2016-02-16-CookInlet-Tran7-Augustine\2016-02-16-CookInlet-Tran7-cast149.hex
* Software Version 1.59
* Temperature SN =  5028
* Conductivity SN =  5028
* System UpLoad Time = Feb 16 2016 10:40:12
** Cook Inlet LTM Tran7 Augustine East to West

** Date: 02-16
** Station: 7-16
** Start time (AKST): 02:05
** Depth (m): 85
** Comment:  R/V Pandalus
** Comment:
# nquan = 16
# nvalues = 614                         
# units = specified
# name 0 = scan: Scan Count
# name 1 = timeJ: Julian Days
# name 2 = timeH: Time, Elapsed [hours]
# name 3 = timeM: Time, Elapsed [minutes]
# name 4 = timeS: Time, Elapsed [seconds]
# name 5 = prdM: Pressure, Strain Gauge [db]
# name 6 = specc: Specific Conductance [uS/cm]
# name 7 = sal00: Salinity, Practical [PSU]
# name 8 = tv290C: Temperature [ITS-90, deg C]
# name 9 = depSM: Depth [salt water, m], lat = 59.00
# name 10 = oxsolML/L: Oxygen Saturation, Garcia & Gordon [ml/l]
# name 11 = potemp090C: Potential Temperature [ITS-90, deg C]
# name 12 = sigma-é00: Density [sigma-theta, kg/m^3]
# name 13 = n2satML/L: Nitrogen Saturation [ml/l]
# name 14 = par: PAR/Irradiance, Biospherical/Licor
# name 15 = flag:  0.000e+00
# span 0 =          1,        614       
# span 1 =  47.087083,  47.088857       
# span 2 =    0.00000,    0.04257       
# span 3 =     0.0000,     2.5542       
# span 4 =      0.000,    153.250       
# span 5 =     -0.136,     84.888       
# span 6 =   2180.303,  50509.398       
# span 7 =     1.0888,    31.6024       
# span 8 =     4.6911,     6.3264       
# span 9 =     -0.135,     84.078       
# span 10 =    7.01281,    8.94253      
# span 11 =     4.6911,     6.3194      
# span 12 =     0.8435,    24.8484      
# span 13 =   12.59322,   16.24829      
# span 14 = 3.7976e-02, 2.8884e-01      
# span 15 = 0.0000e+00, 0.0000e+00      
# interval = seconds: 0.25
# start_time = Feb 16 2016 02:05:24 [Instrument's time stamp, header]
# bad_flag = -9.990e-29
*END*
          1  47.087083    0.00000     0.0000      0.000     -0.136   2745.677     1.3733     4.6912     -0.135    8.92554     4.6911     1.0714   16.21499 2.8631e-01 0.0000e+00
          2  47.087086    0.00007     0.0042      0.250     -0.135   2617.431     1.3059     4.6912     -0.134    8.92957     4.6911     1.0176   16.22285 2.8884e-01 0.0000e+00
          3  47.087089    0.00014     0.0083      0.500     -0.134   2521.339     1.2555     4.6911     -0.133    8.93259     4.6911     0.9773   16.22874 2.8147e-01 0.0000e+00
          4  47.087092    0.00021     0.0125      0.750     -0.133   2490.179     1.2391     4.6911     -0.132    8.93358     4.6911     0.9642   16.23067 2.6867e-01 0.0000e+00
          5  47.087095    0.00028     0.0167      1.000     -0.133   2510.286     1.2495     4.6911     -0.131    8.93296     4.6911     0.9725   16.22947 2.6254e-01 0.0000e+00
          6  47.087098    0.00035     0.0208      1.250     -0.133   2539.893     1.2650     4.6911     -0.132    8.93205     4.6911     0.9849   16.22768 2.6244e-01 0.0000e+00
          7  47.087101    0.00042     0.0250      1.500     -0.134   2561.366     1.2763     4.6911     -0.132    8.93137     4.6912     0.9939   16.22636 2.6388e-01 0.0000e+00
          8  47.087104    0.00049     0.0292      1.750     -0.134   2568.014     1.2800     4.6911     -0.132    8.93115     4.6913     0.9968   16.22592 2.6542e-01 0.0000e+00
          9  47.087106    0.00056     0.0333      2.000     -0.134   2527.317     1.2589     4.6912     -0.132    8.93239     4.6915     0.9800   16.22836 2.6655e-01 0.0000e+00
         10  47.087109    0.00063     0.0375      2.250     -0.134   2444.643     1.2159     4.6913     -0.132    8.93494     4.6916     0.9456   16.23334 2.6747e-01 0.0000e+00
         11  47.087112    0.00069     0.0417      2.500     -0.134   2366.599     1.1756     4.6915     -0.132    8.93733     4.6918     0.9134   16.23802 2.6750e-01 0.0000e+00
         12  47.087115    0.00076     0.0458      2.750     -0.135   2311.131     1.1474     4.6916     -0.133    8.93900     4.6922     0.8908   16.24130 2.6343e-01 0.0000e+00
         13  47.087118    0.00083     0.0500      3.000     -0.135   2264.100     1.1243     4.6918     -0.133    8.94039     4.6927     0.8722   16.24401 2.5514e-01 0.0000e+00
         14  47.087121    0.00090     0.0542      3.250     -0.135   2217.987     1.1025     4.6922     -0.133    8.94169     4.6935     0.8547   16.24660 2.4911e-01 0.0000e+00
         15  47.087124    0.00097     0.0583      3.500     -0.134   2184.401     1.0888     4.6927     -0.132    8.94253     4.6949     0.8435   16.24829 2.4666e-01 0.0000e+00
         16  47.087127    0.00104     0.0625      3.750     -0.133   2180.303     1.0929     4.6935     -0.131    8.94233     4.6971     0.8464   16.24797 2.4053e-01 0.0000e+00
         17  47.087130    0.00111     0.0667      4.000     -0.132   2221.460     1.1245     4.6949     -0.130    8.94052     4.7009     0.8711   16.24455 2.2455e-01 0.0000e+00
         18  47.087133    0.00118     0.0708      4.250     -0.130   2337.764     1.2020     4.6971     -0.128    8.93601     4.7072     0.9320   16.23596 1.9860e-01 0.0000e+00
         19  47.087135    0.00125     0.0750      4.500     -0.127   2575.493     1.3537     4.7009     -0.125    8.92716     4.7177     1.0517   16.21901 1.7105e-01 0.0000e+00
         20  47.087138    0.00132     0.0792      4.750     -0.122   3002.715     1.6226     4.7072     -0.120    8.91144     4.7352     1.2639   16.18890 1.5751e-01 0.0000e+00
         21  47.087141    0.00139     0.0833      5.000     -0.114   3742.910     2.0853     4.7177     -0.113    8.88437     4.7643     1.6293   16.13700 1.5809e-01 0.0000e+00
         22  47.087144    0.00146     0.0875      5.250     -0.101   5012.132     2.8747     4.7352     -0.100    8.83816     4.8130     2.2528   16.04837 1.5436e-01 0.0000e+00
         23  47.087147    0.00153     0.0917      5.500     -0.080   7167.113     4.2108     4.7643     -0.079    8.75993     4.8940     3.3082   15.89826 1.4406e-01 0.0000e+00
         24  47.087150    0.00160     0.0958      5.750     -0.045  10792.214     6.4546     4.8130     -0.044    8.62851     5.0284     5.0810   15.64608 1.4004e-01 0.0000e+00
         25  47.087153    0.00167     0.1000      6.000      0.014  16858.637    10.2069     4.8940      0.014    8.40872     5.2283     8.0458   15.22430 1.3588e-01 0.0000e+00
         26  47.087156    0.00174     0.1042      6.250      0.109  25588.456    15.6551     5.0284      0.108    8.08888     5.4664    12.3477   14.61172 1.2179e-01 0.0000e+00
         27  47.087159    0.00181     0.1083      6.500      0.241  34614.723    21.3726     5.2283      0.239    7.74662     5.6911    16.8542   13.95953 1.0371e-01 0.0000e+00
         28  47.087161    0.00187     0.1125      6.750      0.395  41123.042    25.5428     5.4665      0.391    7.48270     5.8691    20.1300   13.46089 8.5649e-02 0.0000e+00
         29  47.087164    0.00194     0.1167      7.000      0.552  44934.577    27.9968     5.6911      0.547    7.31290     5.9942    22.0480   13.14339 7.1053e-02 0.0000e+00
         30  47.087167    0.00201     0.1208      7.250      0.692  47135.139    29.4179     5.8691      0.686    7.20623     6.0736    23.1531   12.94564 6.2986e-02 0.0000e+00
         31  47.087170    0.00208     0.1250      7.500      0.802  48407.973    30.2413     5.9943      0.795    7.14057     6.1203    23.7908   12.82461 5.9248e-02 0.0000e+00
         32  47.087173    0.00215     0.1292      7.750      0.879  49153.659    30.7236     6.0737      0.871    7.10100     6.1484    24.1637   12.75187 5.8784e-02 0.0000e+00
         33  47.087176    0.00222     0.1333      8.000      0.935  49600.479    31.0125     6.1204      0.926    7.07744     6.1668    24.3871   12.70852 6.0976e-02 0.0000e+00
         34  47.087179    0.00229     0.1375      8.250      0.978  49866.384    31.1842     6.1484      0.969    7.06338     6.1788    24.5199   12.68266 6.1671e-02 0.0000e+00
         35  47.087182    0.00236     0.1417      8.500      1.010  50011.871    31.2779     6.1669      1.001    7.05511     6.1849    24.5920   12.66754 5.8098e-02 0.0000e+00
         36  47.087185    0.00243     0.1458      8.750      1.029  50079.528    31.3206     6.1789      1.020    7.05061     6.1852    24.6245   12.65941 5.2627e-02 0.0000e+00
         37  47.087187    0.00250     0.1500      9.000      1.031  50108.590    31.3381     6.1850      1.022    7.04849     6.1809    24.6377   12.65558 4.7751e-02 0.0000e+00
         38  47.087190    0.00257     0.1542      9.250      1.015  50130.635    31.3512     6.1853      1.006    7.04765     6.1756    24.6481   12.65397 4.4210e-02 0.0000e+00
         39  47.087193    0.00264     0.1583      9.500      0.982  50164.696    31.3726     6.1810      0.973    7.04725     6.1742    24.6656   12.65301 4.1860e-02 0.0000e+00
         40  47.087196    0.00271     0.1625      9.750      0.937  50213.151    31.4043     6.1757      0.928    7.04657     6.1784    24.6913   12.65145 4.0317e-02 0.0000e+00
         41  47.087199    0.00278     0.1667     10.000      0.890  50260.206    31.4361     6.1742      0.882    7.04529     6.1868    24.7166   12.64893 3.9398e-02 0.0000e+00
         42  47.087202    0.00285     0.1708     10.250      0.852  50287.607    31.4556     6.1785      0.844    7.04366     6.1965    24.7314   12.64598 3.8859e-02 0.0000e+00
         43  47.087205    0.00292     0.1750     10.500      0.836  50293.212    31.4609     6.1869      0.828    7.04201     6.2050    24.7346   12.64317 3.8554e-02 0.0000e+00
         44  47.087208    0.00299     0.1792     10.750      0.846  50282.479    31.4552     6.1966      0.837    7.04066     6.2101    24.7289   12.64102 3.8404e-02 0.0000e+00
         45  47.087211    0.00306     0.1833     11.000      0.880  50254.288    31.4372     6.2050      0.872    7.04011     6.2104    24.7137   12.64033 3.8368e-02 0.0000e+00
         46  47.087214    0.00313     0.1875     11.250      0.930  50210.231    31.4076     6.2102      0.921    7.04063     6.2046    24.6898   12.64157 3.8437e-02 0.0000e+00
         47  47.087216    0.00319     0.1917     11.500      0.985  50164.991    31.3763     6.2105      0.976    7.04204     6.1921    24.6651   12.64429 3.8629e-02 0.0000e+00
         48  47.087219    0.00326     0.1958     11.750      1.036  50138.116    31.3566     6.2047      1.026    7.04392     6.1752    24.6502   12.64764 3.8994e-02 0.0000e+00
         49  47.087222    0.00333     0.2000     12.000      1.076  50138.446    31.3544     6.1922      1.066    7.04608     6.1598    24.6500   12.65124 3.9631e-02 0.0000e+00
         50  47.087225    0.00340     0.2042     12.250      1.103  50163.162    31.3683     6.1752      1.093    7.04823     6.1517    24.6630   12.65462 4.0710e-02 0.0000e+00
         51  47.087228    0.00347     0.2083     12.500      1.117  50200.701    31.3913     6.1598      1.106    7.04970     6.1529    24.6830   12.65675 4.2518e-02 0.0000e+00
         52  47.087231    0.00354     0.2125     12.750      1.120  50233.704    31.4126     6.1517      1.109    7.05005     6.1621    24.7008   12.65707 4.5536e-02 0.0000e+00
         53  47.087234    0.00361     0.2167     13.000      1.114  50251.602    31.4252     6.1529      1.103    7.04926     6.1758    24.7106   12.65560 5.0571e-02 0.0000e+00
         54  47.087237    0.00368     0.2208     13.250      1.099  50255.449    31.4297     6.1622      1.089    7.04752     6.1906    24.7129   12.65268 5.6560e-02 0.0000e+00
         55  47.087240    0.00375     0.2250     13.500      1.076  50253.297    31.4308     6.1758      1.066    7.04522     6.2048    24.7122   12.64885 6.1712e-02 0.0000e+00
         56  47.087242    0.00382     0.2292     13.750      1.045  50253.726    31.4339     6.1907      1.035    7.04262     6.2175    24.7129   12.64452 6.5891e-02 0.0000e+00
         57  47.087245    0.00389     0.2333     14.000      1.009  50259.143    31.4403     6.2049      1.000    7.03997     6.2279    24.7162   12.64006 6.5822e-02 0.0000e+00
         58  47.087248    0.00396     0.2375     14.250      0.974  50265.358    31.4471     6.2176      0.965    7.03757     6.2360    24.7200   12.63601 5.9401e-02 0.0000e+00
         59  47.087251    0.00403     0.2417     14.500      0.944  50267.308    31.4504     6.2280      0.935    7.03569     6.2418    24.7214   12.63286 5.1534e-02 0.0000e+00
         60  47.087254    0.00410     0.2458     14.750      0.923  50261.827    31.4482     6.2361      0.914    7.03447     6.2459    24.7186   12.63087 4.6123e-02 0.0000e+00
         61  47.087257    0.00417     0.2500     15.000      0.914  50246.450    31.4387     6.2419      0.905    7.03395     6.2483    24.7104   12.63013 4.2885e-02 0.0000e+00
         62  47.087260    0.00424     0.2542     15.250      0.916  50218.764    31.4203     6.2460      0.907    7.03413     6.2492    24.6953   12.63067 4.0956e-02 0.0000e+00
         63  47.087263    0.00431     0.2583     15.500      0.925  50178.987    31.3932     6.2484      0.916    7.03500     6.2495    24.6737   12.63244 3.9822e-02 0.0000e+00
         64  47.087266    0.00438     0.2625     15.750      0.937  50136.925    31.3642     6.2493      0.929    7.03620     6.2500    24.6507   12.63479 3.9180e-02 0.0000e+00
         65  47.087269    0.00444     0.2667     16.000      0.951  50109.907    31.3456     6.2496      0.942    7.03703     6.2511    24.6360   12.63640 3.8859e-02 0.0000e+00
         66  47.087271    0.00451     0.2708     16.250      0.965  50109.294    31.3452     6.2501      0.956    7.03696     6.2527    24.6357   12.63629 3.8774e-02 0.0000e+00
         67  47.087274    0.00458     0.2750     16.500      0.979  50131.417    31.3608     6.2512      0.970    7.03605     6.2549    24.6478   12.63459 3.8902e-02 0.0000e+00
         68  47.087277    0.00465     0.2792     16.750      0.993  50161.149    31.3817     6.2528      0.983    7.03480     6.2573    24.6640   12.63227 3.9276e-02 0.0000e+00
         69  47.087280    0.00472     0.2833     17.000      1.007  50185.465    31.3989     6.2550      0.997    7.03365     6.2597    24.6774   12.63014 3.9997e-02 0.0000e+00
         70  47.087283    0.00479     0.2875     17.250      1.021  50200.032    31.4094     6.2574      1.011    7.03276     6.2619    24.6854   12.62855 4.1258e-02 0.0000e+00
         71  47.087286    0.00486     0.2917     17.500      1.036  50206.382    31.4142     6.2597      1.026    7.03215     6.2640    24.6889   12.62747 4.3393e-02 0.0000e+00
         72  47.087289    0.00493     0.2958     17.750      1.050  50207.879    31.4157     6.2620      1.040    7.03171     6.2658    24.6898   12.62673 4.6973e-02 0.0000e+00
         73  47.087292    0.00500     0.3000     18.000      1.063  50205.799    31.4146     6.2641      1.053    7.03142     6.2670    24.6887   12.62625 5.2953e-02 0.0000e+00
         74  47.087295    0.00507     0.3042     18.250      1.073  50198.445    31.4099     6.2659      1.063    7.03134     6.2671    24.6847   12.62619 6.1832e-02 0.0000e+00
         75  47.087297    0.00514     0.3083     18.500      1.076  50183.344    31.3997     6.2671      1.066    7.03163     6.2659    24.6765   12.62679 7.1553e-02 0.0000e+00
         76  47.087300    0.00521     0.3125     18.750      1.070  50161.544    31.3846     6.2672      1.060    7.03232     6.2639    24.6646   12.62812 7.8326e-02 0.0000e+00
         77  47.087303    0.00528     0.3167     19.000      1.053  50142.074    31.3709     6.2660      1.044    7.03314     6.2620    24.6540   12.62966 8.1524e-02 0.0000e+00
         78  47.087306    0.00535     0.3208     19.250      1.026  50140.270    31.3693     6.2640      1.016    7.03355     6.2609    24.6530   12.63034 8.4288e-02 0.0000e+00
         79  47.087309    0.00542     0.3250     19.500      0.991  50162.943    31.3846     6.2621      0.981    7.03314     6.2601    24.6653   12.62948 8.7155e-02 0.0000e+00
         80  47.087312    0.00549     0.3292     19.750      0.956  50197.698    31.4085     6.2610      0.946    7.03222     6.2589    24.6842   12.62766 8.7942e-02 0.0000e+00
         81  47.087315    0.00556     0.3333     20.000      0.928  50225.973    31.4279     6.2602      0.918    7.03144     6.2568    24.6997   12.62612 8.5935e-02 0.0000e+00
         82  47.087318    0.00562     0.3375     20.250      0.913  50237.071    31.4354     6.2590      0.904    7.03129     6.2535    24.7057   12.62577 7.9455e-02 0.0000e+00
         83  47.087321    0.00569     0.3417     20.500      0.914  50226.254    31.4275     6.2569      0.905    7.03200     6.2484    24.6997   12.62705 6.8305e-02 0.0000e+00
         84  47.087323    0.00576     0.3458     20.750      0.926  50191.796    31.4030     6.2536      0.917    7.03369     6.2405    24.6808   12.63015 5.7170e-02 0.0000e+00
         85  47.087326    0.00583     0.3500     21.000      0.943  50142.967    31.3683     6.2485      0.934    7.03615     6.2286    24.6540   12.63466 4.9535e-02 0.0000e+00
         86  47.087329    0.00590     0.3542     21.250      0.962  50099.682    31.3368     6.2406      0.953    7.03892     6.2120    24.6302   12.63963 4.4983e-02 0.0000e+00
         87  47.087332    0.00597     0.3583     21.500      0.978  50076.845    31.3188     6.2287      0.969    7.04173     6.1927    24.6174   12.64450 4.2299e-02 0.0000e+00
         88  47.087335    0.00604     0.3625     21.750      0.989  50079.529    31.3175     6.2121      0.980    7.04453     6.1753    24.6184   12.64915 4.0768e-02 0.0000e+00
         89  47.087338    0.00611     0.3667     22.000      0.995  50104.446    31.3311     6.1928      0.986    7.04707     6.1627    24.6314   12.65317 3.9982e-02 0.0000e+00
         90  47.087341    0.00618     0.3708     22.250      1.000  50140.727    31.3529     6.1754      0.990    7.04893     6.1545    24.6507   12.65597 3.9731e-02 0.0000e+00
