CTD-processing/allCTD/CNV--turbid/2016_08-31_t6_s23_cast094.cnv
* Sea-Bird SBE19plus Data File:
* FileName = C:\Users\Kim.Powell\Desktop\2016_08-31_T6_5028\2016_08-31_T6_5028_cast094.hex
* Software Version 1.59
* Temperature SN =  5028
* Conductivity SN =  5028
* System UpLoad Time = Aug 31 2016 21:52:38
** CookInlet LTM Transect 7
** 2016_08-30
** Station: 6-23
** Start Time: 09:42
** Depth (m): 159.4
** Comment:
** Comment:
# nquan = 16
# nvalues = 946                         
# units = specified
# name 0 = scan: Scan Count
# name 1 = timeJ: Julian Days
# name 2 = timeH: Time, Elapsed [hours]
# name 3 = timeM: Time, Elapsed [minutes]
# name 4 = timeS: Time, Elapsed [seconds]
# name 5 = prdM: Pressure, Strain Gauge [db]
# name 6 = specc: Specific Conductance [uS/cm]
# name 7 = sal00: Salinity, Practical [PSU]
# name 8 = tv290C: Temperature [ITS-90, deg C]
# name 9 = depSM: Depth [salt water, m], lat = 59.00
# name 10 = oxsolML/L: Oxygen Saturation, Garcia & Gordon [ml/l]
# name 11 = potemp090C: Potential Temperature [ITS-90, deg C]
# name 12 = sigma-é00: Density [sigma-theta, kg/m^3]
# name 13 = n2satML/L: Nitrogen Saturation [ml/l]
# name 14 = par: PAR/Irradiance, Biospherical/Licor
# name 15 = flag:  0.000e+00
# span 0 =          1,        946       
# span 1 = 244.404398, 244.407133       
# span 2 =    0.00000,    0.06563       
# span 3 =     0.0000,     3.9375       
# span 4 =      0.000,    236.250       
# span 5 =     -0.040,    148.152       
# span 6 =    209.759,  51958.941       
# span 7 =     0.0991,    32.6200       
# span 8 =     6.5687,    13.2724       
# span 9 =     -0.040,    146.715       
# span 10 =    6.10500,    7.44611      
# span 11 =     6.5560,    13.2721      
# span 12 =    -0.4859,    25.6026      
# span 13 =   11.11555,   13.74019      
# span 14 = 5.7709e-02, 1.1716e+02      
# span 15 = 0.0000e+00, 0.0000e+00      
# interval = seconds: 0.25
# start_time = Aug 31 2016 09:42:20 [Instrument's time stamp, header]
# bad_flag = -9.990e-29
*END*
[from data line 272]
        273 244.405185    0.01889     1.1333     68.000      0.814  45941.367    29.3211    13.2583      0.807    6.10855    13.2589    21.9486   11.12231 3.8533e+01 0.0000e+00
        274 244.405188    0.01896     1.1375     68.250      0.818  45942.451    29.3219    13.2585      0.810    6.10849    13.2595    21.9492   11.12220 3.9022e+01 0.0000e+00
        275 244.405191    0.01903     1.1417     68.500      0.824  45943.450    29.3226    13.2590      0.816    6.10840    13.2600    21.9497   11.12204 3.9579e+01 0.0000e+00
        276 244.405194    0.01910     1.1458     68.750      0.829  45944.088    29.3231    13.2596      0.821    6.10831    13.2604    21.9500   11.12188 3.9564e+01 0.0000e+00
        277 244.405197    0.01917     1.1500     69.000      0.833  45944.278    29.3233    13.2601      0.825    6.10823    13.2606    21.9500   11.12176 3.8918e+01 0.0000e+00
        278 244.405200    0.01924     1.1542     69.250      0.835  45944.146    29.3232    13.2605      0.827    6.10819    13.2608    21.9499   11.12169 3.8413e+01 0.0000e+00
        279 244.405203    0.01931     1.1583     69.500      0.834  45944.064    29.3232    13.2607      0.826    6.10817    13.2612    21.9498   11.12165 3.8440e+01 0.0000e+00
        280 244.405205    0.01938     1.1625     69.750      0.832  45944.622    29.3236    13.2609      0.824    6.10813    13.2618    21.9501   11.12158 3.8637e+01 0.0000e+00
        281 244.405208    0.01944     1.1667     70.000      0.826  45946.463    29.3249    13.2613      0.818    6.10803    13.2628    21.9510   11.12139 3.8748e+01 0.0000e+00
        282 244.405211    0.01951     1.1708     70.250      0.818  45949.501    29.3271    13.2619      0.810    6.10786    13.2640    21.9526   11.12108 3.8794e+01 0.0000e+00
        283 244.405214    0.01958     1.1750     70.500      0.808  45952.385    29.3292    13.2629      0.801    6.10765    13.2652    21.9541   11.12072 3.8778e+01 0.0000e+00
        284 244.405217    0.01965     1.1792     70.750      0.800  45953.954    29.3304    13.2641      0.792    6.10746    13.2663    21.9548   11.12038 3.8869e+01 0.0000e+00
        285 244.405220    0.01972     1.1833     71.000      0.795  45954.420    29.3309    13.2653      0.788    6.10728    13.2672    21.9549   11.12009 3.9021e+01 0.0000e+00
        286 244.405223    0.01979     1.1875     71.250      0.796  45954.453    29.3310    13.2664      0.789    6.10714    13.2679    21.9547   11.11985 3.8980e+01 0.0000e+00
        287 244.405226    0.01986     1.1917     71.500      0.803  45954.333    29.3310    13.2673      0.796    6.10703    13.2684    21.9545   11.11967 3.8884e+01 0.0000e+00
        288 244.405229    0.01993     1.1958     71.750      0.815  45954.087    29.3309    13.2680      0.808    6.10695    13.2688    21.9543   11.11952 3.8751e+01 0.0000e+00
        289 244.405231    0.02000     1.2000     72.000      0.828  45953.792    29.3307    13.2685      0.821    6.10688    13.2691    21.9541   11.11942 3.8373e+01 0.0000e+00
        290 244.405234    0.02007     1.2042     72.250      0.841  45953.585    29.3306    13.2689      0.833    6.10684    13.2693    21.9539   11.11935 3.7882e+01 0.0000e+00
        291 244.405237    0.02014     1.2083     72.500      0.852  45953.498    29.3306    13.2692      0.844    6.10681    13.2694    21.9538   11.11930 3.7516e+01 0.0000e+00
        292 244.405240    0.02021     1.2125     72.750      0.859  45953.457    29.3305    13.2694      0.851    6.10678    13.2696    21.9538   11.11926 3.7426e+01 0.0000e+00
        293 244.405243    0.02028     1.2167     73.000      0.862  45953.490    29.3306    13.2695      0.854    6.10676    13.2698    21.9538   11.11922 3.7628e+01 0.0000e+00
        294 244.405246    0.02035     1.2208     73.250      0.862  45953.540    29.3306    13.2697      0.854    6.10674    13.2699    21.9538   11.11918 3.8062e+01 0.0000e+00
        295 244.405249    0.02042     1.2250     73.500      0.859  45953.408    29.3305    13.2699      0.851    6.10672    13.2699    21.9537   11.11915 3.8596e+01 0.0000e+00
        296 244.405252    0.02049     1.2292     73.750      0.855  45953.133    29.3303    13.2700      0.847    6.10671    13.2698    21.9535   11.11914 3.8747e+01 0.0000e+00
        297 244.405255    0.02056     1.2333     74.000      0.849  45952.894    29.3302    13.2700      0.841    6.10671    13.2697    21.9534   11.11915 3.8328e+01 0.0000e+00
        298 244.405258    0.02063     1.2375     74.250      0.842  45952.798    29.3301    13.2699      0.834    6.10673    13.2695    21.9534   11.11918 3.8055e+01 0.0000e+00
        299 244.405260    0.02069     1.2417     74.500      0.837  45952.863    29.3301    13.2698      0.829    6.10675    13.2693    21.9534   11.11921 3.8410e+01 0.0000e+00
        300 244.405263    0.02076     1.2458     74.750      0.836  45953.041    29.3302    13.2696      0.828    6.10677    13.2692    21.9535   11.11924 3.8876e+01 0.0000e+00
        301 244.405266    0.02083     1.2500     75.000      0.843  45953.285    29.3304    13.2694      0.835    6.10678    13.2692    21.9537   11.11926 3.8959e+01 0.0000e+00
        302 244.405269    0.02090     1.2542     75.250      0.859  45953.562    29.3306    13.2693      0.850    6.10679    13.2694    21.9538   11.11927 3.8625e+01 0.0000e+00
        303 244.405272    0.02097     1.2583     75.500      0.887  45953.796    29.3307    13.2693      0.879    6.10678    13.2695    21.9540   11.11925 3.7817e+01 0.0000e+00
        304 244.405275    0.02104     1.2625     75.750      0.932  45953.933    29.3308    13.2695      0.923    6.10676    13.2697    21.9540   11.11922 3.6698e+01 0.0000e+00
        305 244.405278    0.02111     1.2667     76.000      1.001  45954.059    29.3309    13.2697      0.992    6.10674    13.2701    21.9540   11.11918 3.5483e+01 0.0000e+00
        306 244.405281    0.02118     1.2708     76.250      1.106  45954.369    29.3311    13.2699      1.096    6.10670    13.2706    21.9542   11.11912 3.3905e+01 0.0000e+00
        307 244.405284    0.02125     1.2750     76.500      1.255  45954.773    29.3314    13.2702      1.243    6.10665    13.2712    21.9543   11.11903 3.1763e+01 0.0000e+00
        308 244.405286    0.02132     1.2792     76.750      1.444  45954.855    29.3314    13.2708      1.431    6.10658    13.2717    21.9542   11.11891 2.9232e+01 0.0000e+00
        309 244.405289    0.02139     1.2833     77.000      1.662  45954.599    29.3312    13.2714      1.646    6.10651    13.2720    21.9540   11.11880 2.6699e+01 0.0000e+00
        310 244.405292    0.02146     1.2875     77.250      1.896  45954.364    29.3310    13.2719      1.878    6.10645    13.2721    21.9537   11.11870 2.4519e+01 0.0000e+00
        311 244.405295    0.02153     1.2917     77.500      2.142  45954.115    29.3307    13.2723      2.122    6.10641    13.2718    21.9534   11.11864 2.2695e+01 0.0000e+00
        312 244.405298    0.02160     1.2958     77.750      2.398  45953.517    29.3302    13.2724      2.375    6.10641    13.2709    21.9530   11.11864 2.1063e+01 0.0000e+00
        313 244.405301    0.02167     1.3000     78.000      2.657  45952.765    29.3296    13.2722      2.632    6.10647    13.2692    21.9526   11.11874 1.9534e+01 0.0000e+00
        314 244.405304    0.02174     1.3042     78.250      2.918  45952.416    29.3292    13.2713      2.890    6.10660    13.2669    21.9525   11.11897 1.8101e+01 0.0000e+00
        315 244.405307    0.02181     1.3083     78.500      3.178  45952.759    29.3292    13.2696      3.148    6.10680    13.2641    21.9528   11.11931 1.6774e+01 0.0000e+00
        316 244.405310    0.02187     1.3125     78.750      3.437  45953.927    29.3297    13.2673      3.405    6.10707    13.2609    21.9536   11.11975 1.5545e+01 0.0000e+00
        317 244.405313    0.02194     1.3167     79.000      3.694  45956.072    29.3309    13.2645      3.660    6.10738    13.2579    21.9551   11.12025 1.4384e+01 0.0000e+00
        318 244.405315    0.02201     1.3208     79.250      3.947  45959.376    29.3329    13.2614      3.911    6.10770    13.2552    21.9573   11.12076 1.3272e+01 0.0000e+00
        319 244.405318    0.02208     1.3250     79.500      4.196  45963.607    29.3356    13.2584      4.157    6.10798    13.2532    21.9599   11.12120 1.2248e+01 0.0000e+00
        320 244.405321    0.02215     1.3292     79.750      4.441  45968.009    29.3384    13.2558      4.400    6.10821    13.2517    21.9626   11.12153 1.1365e+01 0.0000e+00
        321 244.405324    0.02222     1.3333     80.000      4.684  45972.053    29.3410    13.2538      4.640    6.10836    13.2508    21.9650   11.12176 1.0638e+01 0.0000e+00
        322 244.405327    0.02229     1.3375     80.250      4.925  45975.774    29.3435    13.2524      4.879    6.10845    13.2505    21.9672   11.12188 1.0030e+01 0.0000e+00
        323 244.405330    0.02236     1.3417     80.500      5.165  45979.406    29.3459    13.2515      5.117    6.10846    13.2506    21.9692   11.12188 9.4882e+00 0.0000e+00
        324 244.405333    0.02243     1.3458     80.750      5.404  45983.227    29.3485    13.2512      5.354    6.10841    13.2513    21.9713   11.12175 8.9826e+00 0.0000e+00
        325 244.405336    0.02250     1.3500     81.000      5.643  45987.740    29.3516    13.2514      5.590    6.10827    13.2526    21.9737   11.12148 8.5136e+00 0.0000e+00
        326 244.405339    0.02257     1.3542     81.250      5.882  45993.720    29.3558    13.2521      5.827    6.10802    13.2547    21.9768   11.12102 8.0911e+00 0.0000e+00
        327 244.405341    0.02264     1.3583     81.500      6.122  46002.188    29.3618    13.2534      6.065    6.10762    13.2577    21.9812   11.12029 7.7147e+00 0.0000e+00
        328 244.405344    0.02271     1.3625     81.750      6.363  46013.805    29.3701    13.2555      6.303    6.10703    13.2610    21.9872   11.11922 7.3726e+00 0.0000e+00
        329 244.405347    0.02278     1.3667     82.000      6.605  46027.559    29.3800    13.2585      6.543    6.10628    13.2630    21.9943   11.11785 7.0528e+00 0.0000e+00
        330 244.405350    0.02285     1.3708     82.250      6.850  46040.165    29.3891    13.2619      6.786    6.10551    13.2608    22.0007   11.11647 6.7496e+00 0.0000e+00
        331 244.405353    0.02292     1.3750     82.500      7.097  46049.221    29.3956    13.2639      7.031    6.10500    13.2515    22.0053   11.11555 6.4602e+00 0.0000e+00
        332 244.405356    0.02299     1.3792     82.750      7.347  46057.413    29.4011    13.2617      7.278    6.10508    13.2339    22.0100   11.11561 6.1836e+00 0.0000e+00
        333 244.405359    0.02306     1.3833     83.000      7.599  46069.640    29.4089    13.2524      7.528    6.10596    13.2079    22.0178   11.11699 5.9219e+00 0.0000e+00
        334 244.405362    0.02313     1.3875     83.250      7.853  46087.121    29.4198    13.2349      7.779    6.10777    13.1722    22.0295   11.11988 5.6796e+00 0.0000e+00
        335 244.405365    0.02319     1.3917     83.500      8.107  46108.193    29.4325    13.2090      8.031    6.11058    13.1247    22.0443   11.12441 5.4633e+00 0.0000e+00
        336 244.405367    0.02326     1.3958     83.750      8.361  46133.532    29.4474    13.1733      8.283    6.11455    13.0674    22.0627   11.13083 5.2809e+00 0.0000e+00
        337 244.405370    0.02333     1.4000     84.000      8.613  46168.638    29.4683    13.1259      8.532    6.11980    13.0075    22.0879   11.13930 5.1346e+00 0.0000e+00
        338 244.405373    0.02340     1.4042     84.250      8.861  46216.347    29.4972    13.0685      8.778    6.12600    12.9524    22.1212   11.14927 5.0173e+00 0.0000e+00
        339 244.405376    0.02347     1.4083     84.500      9.106  46269.414    29.5297    13.0087      9.021    6.13239    12.9048    22.1577   11.15953 4.9206e+00 0.0000e+00
        340 244.405379    0.02354     1.4125     84.750      9.348  46317.614    29.5591    12.9536      9.260    6.13830    12.8633    22.1910   11.16900 4.8380e+00 0.0000e+00
        341 244.405382    0.02361     1.4167     85.000      9.587  46356.138    29.5823    12.9061      9.497    6.14350    12.8256    22.2179   11.17737 4.7628e+00 0.0000e+00
        342 244.405385    0.02368     1.4208     85.250      9.825  46387.164    29.6007    12.8647      9.732    6.14810    12.7906    22.2400   11.18482 4.6918e+00 0.0000e+00
        343 244.405388    0.02375     1.4250     85.500     10.061  46415.627    29.6175    12.8269      9.966    6.15230    12.7581    22.2601   11.19159 4.6257e+00 0.0000e+00
        344 244.405391    0.02382     1.4292     85.750     10.295  46443.472    29.6342    12.7919     10.199    6.15616    12.7282    22.2796   11.19782 4.5627e+00 0.0000e+00
        345 244.405394    0.02389     1.4333     86.000     10.529  46470.828    29.6506    12.7594     10.431    6.15970    12.7013    22.2985   11.20351 4.4994e+00 0.0000e+00
        346 244.405396    0.02396     1.4375     86.250     10.763  46497.537    29.6669    12.7296     10.662    6.16292    12.6773    22.3166   11.20866 4.4367e+00 0.0000e+00
        347 244.405399    0.02403     1.4417     86.500     10.997  46523.284    29.6827    12.7027     10.894    6.16578    12.6562    22.3339   11.21323 4.3760e+00 0.0000e+00
        348 244.405402    0.02410     1.4458     86.750     11.232  46548.122    29.6981    12.6787     11.127    6.16828    12.6378    22.3504   11.21720 4.3154e+00 0.0000e+00
        349 244.405405    0.02417     1.4500     87.000     11.470  46571.437    29.7127    12.6576     11.362    6.17044    12.6217    22.3656   11.22062 4.2519e+00 0.0000e+00
        350 244.405408    0.02424     1.4542     87.250     11.709  46592.601    29.7259    12.6393     11.599    6.17229    12.6068    22.3793   11.22355 4.1832e+00 0.0000e+00
        351 244.405411    0.02431     1.4583     87.500     11.949  46612.168    29.7383    12.6232     11.837    6.17390    12.5922    22.3919   11.22608 4.1100e+00 0.0000e+00
        352 244.405414    0.02438     1.4625     87.750     12.190  46631.363    29.7504    12.6083     12.076    6.17535    12.5772    22.4041   11.22835 4.0357e+00 0.0000e+00
        353 244.405417    0.02444     1.4667     88.000     12.429  46651.648    29.7634    12.5938     12.312    6.17673    12.5616    22.4169   11.23049 3.9644e+00 0.0000e+00
        354 244.405420    0.02451     1.4708     88.250     12.665  46674.192    29.7779    12.5788     12.547    6.17811    12.5462    22.4309   11.23261 3.8981e+00 0.0000e+00
        355 244.405422    0.02458     1.4750     88.500     12.901  46698.490    29.7937    12.5633     12.780    6.17951    12.5318    22.4460   11.23476 3.8373e+00 0.0000e+00
        356 244.405425    0.02465     1.4792     88.750     13.135  46722.099    29.8089    12.5479     13.012    6.18093    12.5190    22.4607   11.23693 3.7819e+00 0.0000e+00
        357 244.405428    0.02472     1.4833     89.000     13.368  46742.633    29.8221    12.5335     13.243    6.18228    12.5076    22.4736   11.23903 3.7307e+00 0.0000e+00
        358 244.405431    0.02479     1.4875     89.250     13.602  46759.249    29.8326    12.5206     13.474    6.18354    12.4968    22.4841   11.24099 3.6821e+00 0.0000e+00
        359 244.405434    0.02486     1.4917     89.500     13.837  46772.270    29.8407    12.5093     13.707    6.18470    12.4855    22.4925   11.24282 3.6347e+00 0.0000e+00
        360 244.405437    0.02493     1.4958     89.750     14.075  46782.562    29.8470    12.4985     13.943    6.18585    12.4724    22.4993   11.24467 3.5864e+00 0.0000e+00
        361 244.405440    0.02500     1.5000     90.000     14.316  46791.507    29.8522    12.4873     14.182    6.18712    12.4567    22.5054   11.24671 3.5351e+00 0.0000e+00
