CTD-processing/allCTD/CNV--turbid/2016_02-14_t3_s13_cast100.cnv
* Sea-Bird SBE19plus Data File:
* FileName = C:\Users\Kris.Holderied\Documents\kasitsna\Research-KBL\Oceanography-AK\CTD-Data-ALL-to-2016-02\2016-CTD-KachemakBay-CookInlet\2016-02-CookInlet-quarterly\2016-02-14-CookInlet-Tran3-AnchorPt\2016-02-14-CookInlet-Tran3-cast100.hex
* Software Version 1.59
* Temperature SN =  5028
* Conductivity SN =  5028
* System UpLoad Time = Feb 15 2016 00:30:46
** Cook Inlet LTM Tran3 Anchor Pt Southeast to northwest

** Date: 02-14
** Station: 3-13
** Start time (AKST): 14:01
** Depth (m): 29
** Comment:  R/V Pandalus
** Comment:
# nquan = 16
# nvalues = 432                         
# units = specified
# name 0 = scan: Scan Count
# name 1 = timeJ: Julian Days
# name 2 = timeH: Time, Elapsed [hours]
# name 3 = timeM: Time, Elapsed [minutes]
# name 4 = timeS: Time, Elapsed [seconds]
# name 5 = prdM: Pressure, Strain Gauge [db]
# name 6 = specc: Specific Conductance [uS/cm]
# name 7 = sal00: Salinity, Practical [PSU]
# name 8 = tv290C: Temperature [ITS-90, deg C]
# name 9 = depSM: Depth [salt water, m], lat = 59.00
# name 10 = oxsolML/L: Oxygen Saturation, Garcia & Gordon [ml/l]
# name 11 = potemp090C: Potential Temperature [ITS-90, deg C]
# name 12 = sigma-é00: Density [sigma-theta, kg/m^3]
# name 13 = n2satML/L: Nitrogen Saturation [ml/l]
# name 14 = par: PAR/Irradiance, Biospherical/Licor
# name 15 = flag:  0.000e+00
# span 0 =          1,        432       
# span 1 =  45.584410,  45.585657       
# span 2 =    0.00000,    0.02993       
# span 3 =     0.0000,     1.7958       
# span 4 =      0.000,    107.750       
# span 5 =     -0.266,     29.922       
# span 6 =   2282.119,  50158.557       
# span 7 =     1.3371,    31.2010       
# span 8 =     4.4876,     5.4283       
# span 9 =     -0.263,     29.640       
# span 10 =    7.18184,    8.98103      
# span 11 =     4.5126,     5.4282      
# span 12 =     1.0344,    24.6238      
# span 13 =   12.87759,   16.31112      
# span 14 = 3.8714e-02, 7.2123e+01      
# span 15 = 0.0000e+00, 0.0000e+00      
# interval = seconds: 0.25
# start_time = Feb 14 2016 14:01:33 [Instrument's time stamp, header]
# bad_flag = -9.990e-29
*END*
[from data line 91]
         92  45.584673    0.00632     0.3792     22.750      1.135  50114.778    31.1617     5.2990      1.124    7.20564     5.3184    24.6011   12.91734 3.3424e+01 0.0000e+00
         93  45.584676    0.00639     0.3833     23.000      1.091  50117.929    31.1654     5.3064      1.080    7.20418     5.3310    24.6032   12.91490 3.3117e+01 0.0000e+00
         94  45.584679    0.00646     0.3875     23.250      1.061  50103.268    31.1579     5.3185      1.051    7.20247     5.3409    24.5959   12.91216 3.2394e+01 0.0000e+00
         95  45.584682    0.00653     0.3917     23.500      1.044  50073.624    31.1401     5.3310      1.035    7.20117     5.3467    24.5805   12.91024 3.1299e+01 0.0000e+00
         96  45.584685    0.00660     0.3958     23.750      1.036  50037.023    31.1170     5.3410      1.026    7.20057     5.3474    24.5611   12.90955 2.9938e+01 0.0000e+00
         97  45.584688    0.00667     0.4000     24.000      1.031  50004.624    31.0959     5.3467      1.021    7.20059     5.3425    24.5438   12.90986 2.8570e+01 0.0000e+00
         98  45.584690    0.00674     0.4042     24.250      1.025  49986.004    31.0832     5.3474      1.015    7.20108     5.3331    24.5337   12.91082 2.7480e+01 0.0000e+00
         99  45.584693    0.00681     0.4083     24.500      1.017  49986.149    31.0823     5.3425      1.008    7.20197     5.3233    24.5335   12.91231 2.6869e+01 0.0000e+00
        100  45.584696    0.00688     0.4125     24.750      1.009  50004.104    31.0928     5.3332      1.000    7.20308     5.3171    24.5428   12.91399 2.6792e+01 0.0000e+00
        101  45.584699    0.00694     0.4167     25.000      1.004  50033.045    31.1106     5.3233      0.994    7.20390     5.3165    24.5580   12.91513 2.7112e+01 0.0000e+00
        102  45.584702    0.00701     0.4208     25.250      1.004  50063.361    31.1302     5.3171      0.995    7.20403     5.3214    24.5742   12.91509 2.7590e+01 0.0000e+00
        103  45.584705    0.00708     0.4250     25.500      1.014  50086.772    31.1462     5.3165      1.004    7.20336     5.3303    24.5869   12.91379 2.8114e+01 0.0000e+00
        104  45.584708    0.00715     0.4292     25.750      1.035  50098.660    31.1554     5.3215      1.025    7.20208     5.3403    24.5936   12.91154 2.8668e+01 0.0000e+00
        105  45.584711    0.00722     0.4333     26.000      1.067  50096.508    31.1557     5.3304      1.057    7.20053     5.3481    24.5928   12.90899 2.9189e+01 0.0000e+00
        106  45.584714    0.00729     0.4375     26.250      1.104  50078.524    31.1454     5.3404      1.093    7.19932     5.3510    24.5836   12.90711 2.9662e+01 0.0000e+00
        107  45.584716    0.00736     0.4417     26.500      1.139  50047.795    31.1258     5.3482      1.128    7.19892     5.3471    24.5673   12.90670 3.0149e+01 0.0000e+00
        108  45.584719    0.00743     0.4458     26.750      1.165  50016.844    31.1051     5.3511      1.153    7.19941     5.3364    24.5506   12.90778 3.0621e+01 0.0000e+00
        109  45.584722    0.00750     0.4500     27.000      1.178  50002.068    31.0941     5.3472      1.166    7.20060     5.3225    24.5423   12.90989 3.0988e+01 0.0000e+00
        110  45.584725    0.00757     0.4542     27.250      1.176  50011.210    31.0982     5.3365      1.165    7.20224     5.3105    24.5467   12.91255 3.1270e+01 0.0000e+00
        111  45.584728    0.00764     0.4583     27.500      1.161  50038.078    31.1138     5.3226      1.151    7.20388     5.3043    24.5606   12.91506 3.1531e+01 0.0000e+00
        112  45.584731    0.00771     0.4625     27.750      1.140  50067.418    31.1316     5.3106      1.130    7.20508     5.3049    24.5760   12.91681 3.1672e+01 0.0000e+00
        113  45.584734    0.00778     0.4667     28.000      1.120  50085.326    31.1426     5.3043      1.110    7.20562     5.3110    24.5854   12.91757 3.1467e+01 0.0000e+00
        114  45.584737    0.00785     0.4708     28.250      1.105  50087.599    31.1443     5.3050      1.095    7.20543     5.3193    24.5867   12.91722 3.0774e+01 0.0000e+00
        115  45.584740    0.00792     0.4750     28.500      1.097  50077.555    31.1387     5.3111      1.087    7.20466     5.3268    24.5815   12.91602 2.9713e+01 0.0000e+00
        116  45.584742    0.00799     0.4792     28.750      1.096  50059.895    31.1283     5.3194      1.086    7.20374     5.3316    24.5724   12.91463 2.8576e+01 0.0000e+00
        117  45.584745    0.00806     0.4833     29.000      1.099  50038.392    31.1150     5.3269      1.089    7.20309     5.3330    24.5611   12.91373 2.7571e+01 0.0000e+00
        118  45.584748    0.00813     0.4875     29.250      1.107  50016.513    31.1010     5.3317      1.097    7.20293     5.3306    24.5495   12.91365 2.6761e+01 0.0000e+00
        119  45.584751    0.00819     0.4917     29.500      1.119  49998.393    31.0888     5.3331      1.109    7.20327     5.3237    24.5397   12.91438 2.6170e+01 0.0000e+00
        120  45.584754    0.00826     0.4958     29.750      1.132  49987.893    31.0810     5.3307      1.121    7.20406     5.3118    24.5338   12.91577 2.5821e+01 0.0000e+00
        121  45.584757    0.00833     0.5000     30.000      1.140  49988.197    31.0798     5.3238      1.130    7.20531     5.2965    24.5336   12.91786 2.5780e+01 0.0000e+00
        122  45.584760    0.00840     0.5042     30.250      1.141  50001.027    31.0862     5.3119      1.130    7.20705     5.2811    24.5400   12.92065 2.6181e+01 0.0000e+00
        123  45.584763    0.00847     0.5083     30.500      1.130  50024.139    31.0990     5.2966      1.120    7.20905     5.2685    24.5517   12.92380 2.7033e+01 0.0000e+00
        124  45.584766    0.00854     0.5125     30.750      1.106  50052.356    31.1152     5.2812      1.096    7.21092     5.2604    24.5663   12.92667 2.8157e+01 0.0000e+00
        125  45.584769    0.00861     0.5167     31.000      1.070  50081.484    31.1326     5.2686      1.060    7.21226     5.2581    24.5815   12.92865 2.9396e+01 0.0000e+00
        126  45.584771    0.00868     0.5208     31.250      1.026  50109.058    31.1499     5.2605      1.017    7.21281     5.2625    24.5960   12.92935 3.0648e+01 0.0000e+00
        127  45.584774    0.00875     0.5250     31.500      0.983  50132.282    31.1654     5.2581      0.974    7.21248     5.2743    24.6085   12.92859 3.1705e+01 0.0000e+00
        128  45.584777    0.00882     0.5292     31.750      0.949  50148.499    31.1775     5.2626      0.941    7.21113     5.2917    24.6176   12.92622 3.2321e+01 0.0000e+00
        129  45.584780    0.00889     0.5333     32.000      0.935  50156.707    31.1856     5.2743      0.926    7.20872     5.3111    24.6227   12.92213 3.2297e+01 0.0000e+00
        130  45.584783    0.00896     0.5375     32.250      0.948  50155.351    31.1882     5.2918      0.939    7.20560     5.3288    24.6229   12.91694 3.1582e+01 0.0000e+00
        131  45.584786    0.00903     0.5417     32.500      0.989  50142.099    31.1831     5.3111      0.979    7.20252     5.3422    24.6167   12.91192 3.0470e+01 0.0000e+00
        132  45.584789    0.00910     0.5458     32.750      1.051  50116.720    31.1693     5.3289      1.041    7.20014     5.3495    24.6038   12.90817 2.9332e+01 0.0000e+00
        133  45.584792    0.00917     0.5500     33.000      1.122  50080.886    31.1473     5.3423      1.111    7.19889     5.3488    24.5850   12.90638 2.8375e+01 0.0000e+00
        134  45.584795    0.00924     0.5542     33.250      1.190  50041.944    31.1220     5.3496      1.178    7.19887     5.3395    24.5641   12.90667 2.7844e+01 0.0000e+00
        135  45.584797    0.00931     0.5583     33.500      1.241  50016.485    31.1044     5.3489      1.229    7.19983     5.3239    24.5502   12.90848 2.7887e+01 0.0000e+00
        136  45.584800    0.00937     0.5625     33.750      1.267  50016.953    31.1028     5.3396      1.255    7.20150     5.3075    24.5500   12.91127 2.8381e+01 0.0000e+00
        137  45.584803    0.00944     0.5667     34.000      1.266  50039.040    31.1147     5.3240      1.254    7.20360     5.2950    24.5612   12.91458 2.9163e+01 0.0000e+00
        138  45.584806    0.00951     0.5708     34.250      1.240  50069.678    31.1324     5.3076      1.228    7.20557     5.2887    24.5770   12.91760 3.0161e+01 0.0000e+00
        139  45.584809    0.00958     0.5750     34.500      1.196  50097.738    31.1492     5.2951      1.184    7.20690     5.2888    24.5917   12.91958 3.1292e+01 0.0000e+00
        140  45.584812    0.00965     0.5792     34.750      1.141  50115.436    31.1601     5.2888      1.130    7.20746     5.2944    24.6010   12.92038 3.2428e+01 0.0000e+00
        141  45.584815    0.00972     0.5833     35.000      1.085  50119.435    31.1629     5.2888      1.075    7.20732     5.3033    24.6032   12.92010 3.3202e+01 0.0000e+00
        142  45.584818    0.00979     0.5875     35.250      1.039  50111.625    31.1587     5.2945      1.029    7.20655     5.3127    24.5992   12.91889 3.3238e+01 0.0000e+00
        143  45.584821    0.00986     0.5917     35.500      1.006  50096.066    31.1499     5.3034      0.996    7.20544     5.3203    24.5912   12.91717 3.2603e+01 0.0000e+00
        144  45.584823    0.00993     0.5958     35.750      0.988  50076.312    31.1382     5.3127      0.979    7.20440     5.3248    24.5810   12.91560 3.1594e+01 0.0000e+00
        145  45.584826    0.01000     0.6000     36.000      0.986  50054.861    31.1250     5.3203      0.976    7.20373     5.3259    24.5697   12.91466 3.0555e+01 0.0000e+00
        146  45.584829    0.01007     0.6042     36.250      0.994  50034.363    31.1119     5.3249      0.984    7.20357     5.3231    24.5588   12.91458 2.9837e+01 0.0000e+00
        147  45.584832    0.01014     0.6083     36.500      1.008  50018.329    31.1011     5.3260      0.998    7.20391     5.3164    24.5502   12.91528 2.9484e+01 0.0000e+00
        148  45.584835    0.01021     0.6125     36.750      1.024  50010.688    31.0952     5.3232      1.015    7.20468     5.3072    24.5459   12.91661 2.9218e+01 0.0000e+00
        149  45.584838    0.01028     0.6167     37.000      1.040  50014.541    31.0965     5.3164      1.030    7.20577     5.2984    24.5476   12.91839 2.8896e+01 0.0000e+00
        150  45.584841    0.01035     0.6208     37.250      1.056  50028.991    31.1045     5.3073      1.046    7.20695     5.2923    24.5550   12.92025 2.8665e+01 0.0000e+00
        151  45.584844    0.01042     0.6250     37.500      1.072  50048.586    31.1162     5.2985      1.062    7.20790     5.2894    24.5652   12.92167 2.8658e+01 0.0000e+00
        152  45.584847    0.01049     0.6292     37.750      1.090  50066.489    31.1273     5.2924      1.080    7.20843     5.2891    24.5746   12.92240 2.8768e+01 0.0000e+00
        153  45.584850    0.01056     0.6333     38.000      1.111  50077.598    31.1343     5.2895      1.101    7.20858     5.2902    24.5805   12.92255 2.8794e+01 0.0000e+00
        154  45.584852    0.01063     0.6375     38.250      1.135  50079.737    31.1357     5.2892      1.125    7.20856     5.2910    24.5816   12.92250 2.8721e+01 0.0000e+00
        155  45.584855    0.01069     0.6417     38.500      1.161  50073.936    31.1319     5.2903      1.151    7.20856     5.2902    24.5785   12.92255 2.8691e+01 0.0000e+00
        156  45.584858    0.01076     0.6458     38.750      1.186  50064.963    31.1259     5.2911      1.175    7.20870     5.2869    24.5736   12.92287 2.8819e+01 0.0000e+00
        157  45.584861    0.01083     0.6500     39.000      1.205  50058.664    31.1214     5.2903      1.193    7.20907     5.2812    24.5702   12.92353 2.9201e+01 0.0000e+00
        158  45.584864    0.01090     0.6542     39.250      1.212  50058.607    31.1207     5.2870      1.201    7.20966     5.2740    24.5700   12.92452 2.9959e+01 0.0000e+00
        159  45.584867    0.01097     0.6583     39.500      1.204  50066.546    31.1249     5.2813      1.192    7.21044     5.2677    24.5740   12.92575 3.1102e+01 0.0000e+00
        160  45.584870    0.01104     0.6625     39.750      1.177  50082.532    31.1344     5.2741      1.166    7.21121     5.2648    24.5823   12.92691 3.2323e+01 0.0000e+00
        161  45.584873    0.01111     0.6667     40.000      1.134  50104.312    31.1481     5.2678      1.124    7.21164     5.2675    24.5938   12.92744 3.3062e+01 0.0000e+00
        162  45.584876    0.01118     0.6708     40.250      1.083  50127.483    31.1635     5.2648      1.073    7.21141     5.2773    24.6062   12.92686 3.2877e+01 0.0000e+00
        163  45.584878    0.01125     0.6750     40.500      1.034  50147.134    31.1775     5.2675      1.025    7.21028     5.2937    24.6171   12.92480 3.1710e+01 0.0000e+00
        164  45.584881    0.01132     0.6792     40.750      1.000  50158.557    31.1874     5.2774      0.991    7.20810     5.3129    24.6238   12.92108 3.0043e+01 0.0000e+00
        165  45.584884    0.01139     0.6833     41.000      0.989  50155.628    31.1888     5.2937      0.980    7.20523     5.3307    24.6231   12.91631 2.8711e+01 0.0000e+00
        166  45.584887    0.01146     0.6875     41.250      1.001  50134.541    31.1783     5.3130      0.992    7.20243     5.3438    24.6127   12.91183 2.8020e+01 0.0000e+00
        167  45.584890    0.01153     0.6917     41.500      1.028  50097.734    31.1566     5.3307      1.019    7.20043     5.3507    24.5936   12.90880 2.7584e+01 0.0000e+00
        168  45.584893    0.01160     0.6958     41.750      1.061  50055.005    31.1299     5.3439      1.052    7.19945     5.3507    24.5710   12.90753 2.7108e+01 0.0000e+00
        169  45.584896    0.01167     0.7000     42.000      1.093  50021.396    31.1082     5.3508      1.084    7.19932     5.3451    24.5531   12.90758 2.6656e+01 0.0000e+00
        170  45.584899    0.01174     0.7042     42.250      1.121  50007.419    31.0986     5.3508      1.110    7.19978     5.3372    24.5455   12.90847 2.6450e+01 0.0000e+00
        171  45.584902    0.01181     0.7083     42.500      1.142  50012.521    31.1009     5.3452      1.131    7.20062     5.3299    24.5479   12.90983 2.6640e+01 0.0000e+00
        172  45.584905    0.01188     0.7125     42.750      1.157  50026.333    31.1088     5.3373      1.146    7.20160     5.3240    24.5550   12.91135 2.7194e+01 0.0000e+00
        173  45.584907    0.01194     0.7167     43.000      1.160  50037.069    31.1147     5.3299      1.149    7.20258     5.3194    24.5605   12.91289 2.8044e+01 0.0000e+00
        174  45.584910    0.01201     0.7208     43.250      1.148  50042.193    31.1170     5.3241      1.138    7.20347     5.3154    24.5630   12.91433 2.9107e+01 0.0000e+00
        175  45.584913    0.01208     0.7250     43.500      1.121  50047.579    31.1198     5.3194      1.111    7.20413     5.3125    24.5657   12.91539 3.0317e+01 0.0000e+00
        176  45.584916    0.01215     0.7292     43.750      1.082  50058.585    31.1266     5.3155      1.072    7.20448     5.3123    24.5715   12.91589 3.1728e+01 0.0000e+00
        177  45.584919    0.01222     0.7333     44.000      1.036  50074.188    31.1367     5.3126      1.026    7.20450     5.3167    24.5798   12.91578 3.3128e+01 0.0000e+00
        178  45.584922    0.01229     0.7375     44.250      0.993  50086.012    31.1448     5.3124      0.983    7.20415     5.3257    24.5863   12.91509 3.3989e+01 0.0000e+00
        179  45.584925    0.01236     0.7417     44.500      0.962  50083.471    31.1440     5.3168      0.953    7.20343     5.3370    24.5851   12.91392 3.4240e+01 0.0000e+00
        180  45.584928    0.01243     0.7458     44.750      0.949  50064.330    31.1327     5.3258      0.940    7.20243     5.3480    24.5752   12.91241 3.4131e+01 0.0000e+00
