CTD-processing/allCTD/CNV--turbid/2016_08-31_t6_s04_cast116.cnv
* Sea-Bird SBE19plus Data File:
* FileName = C:\Users\Kim.Powell\Desktop\2016_08-31_T6_5028\2016_08-31_T6_5028_cast116.hex
* Software Version 1.59
* Temperature SN =  5028
* Conductivity SN =  5028
* System UpLoad Time = Aug 31 2016 22:22:07
** CookInlet LTM Transect 7
** 2016_08-30
** Station: 6-04
** Start Time: 18:20
** Depth (m): 103.9
** Comment:
** Comment:
# nquan = 16
# nvalues = 1156                        
# units = specified
# name 0 = scan: Scan Count
# name 1 = timeJ: Julian Days
# name 2 = timeH: Time, Elapsed [hours]
# name 3 = timeM: Time, Elapsed [minutes]
# name 4 = timeS: Time, Elapsed [seconds]
# name 5 = prdM: Pressure, Strain Gauge [db]
# name 6 = specc: Specific Conductance [uS/cm]
# name 7 = sal00: Salinity, Practical [PSU]
# name 8 = tv290C: Temperature [ITS-90, deg C]
# name 9 = depSM: Depth [salt water, m], lat = 59.00
# name 10 = oxsolML/L: Oxygen Saturation, Garcia & Gordon [ml/l]
# name 11 = potemp090C: Potential Temperature [ITS-90, deg C]
# name 12 = sigma-é00: Density [sigma-theta, kg/m^3]
# name 13 = n2satML/L: Nitrogen Saturation [ml/l]
# name 14 = par: PAR/Irradiance, Biospherical/Licor
# name 15 = flag:  0.000e+00
# span 0 =          1,       1156       
# span 1 = 244.764271, 244.767613       
# span 2 =    0.00000,    0.08021       
# span 3 =     0.0000,     4.8125       
# span 4 =      0.000,    288.750       
# span 5 =     -0.085,     81.347       
# span 6 =    209.346,  47978.567       
# span 7 =     0.0994,    30.4885       
# span 8 =    10.7536,    13.8974       
# span 9 =     -0.084,     80.570       
# span 10 =    6.04493,    7.26926      
# span 11 =    10.7443,    13.8972      
# span 12 =    -0.6233,    23.3085      
# span 13 =   11.02153,   13.44024      
# span 14 = 7.2360e-02, 1.0530e+03      
# span 15 = 0.0000e+00, 0.0000e+00      
# interval = seconds: 0.25
# start_time = Aug 31 2016 18:20:33 [Instrument's time stamp, header]
# bad_flag = -9.990e-29
*END*
[from data line 1085]
       1086 244.767410    0.07535     4.5208    271.250     77.035  47900.390    30.4489    10.8758     76.300    6.37900    10.8593    23.2568   11.55814 7.4723e-02 0.0000e+00
       1087 244.767413    0.07542     4.5250    271.500     77.204  47902.970    30.4502    10.8720     76.467    6.37947    10.8558    23.2585   11.55890 7.4627e-02 0.0000e+00
       1088 244.767416    0.07549     4.5292    271.750     77.375  47905.844    30.4517    10.8683     76.637    6.37993    10.8528    23.2603   11.55964 7.4535e-02 0.0000e+00
       1089 244.767419    0.07556     4.5333    272.000     77.544  47909.060    30.4535    10.8647     76.804    6.38034    10.8506    23.2623   11.56031 7.4450e-02 0.0000e+00
       1090 244.767422    0.07562     4.5375    272.250     77.703  47912.358    30.4555    10.8617     76.962    6.38067    10.8492    23.2643   11.56083 7.4368e-02 0.0000e+00
       1091 244.767425    0.07569     4.5417    272.500     77.850  47915.148    30.4571    10.8596     77.108    6.38090    10.8485    23.2660   11.56119 7.4289e-02 0.0000e+00
       1092 244.767428    0.07576     4.5458    272.750     77.983  47917.044    30.4583    10.8582     77.240    6.38104    10.8482    23.2671   11.56141 7.4218e-02 0.0000e+00
       1093 244.767431    0.07583     4.5500    273.000     78.102  47918.196    30.4589    10.8575     77.357    6.38112    10.8482    23.2678   11.56153 7.4147e-02 0.0000e+00
       1094 244.767433    0.07590     4.5542    273.250     78.210  47918.893    30.4594    10.8572     77.464    6.38114    10.8484    23.2681   11.56156 7.4079e-02 0.0000e+00
       1095 244.767436    0.07597     4.5583    273.500     78.310  47919.321    30.4596    10.8572     77.563    6.38113    10.8489    23.2683   11.56154 7.4023e-02 0.0000e+00
       1096 244.767439    0.07604     4.5625    273.750     78.407  47919.552    30.4598    10.8574     77.659    6.38109    10.8496    23.2684   11.56147 7.3979e-02 0.0000e+00
       1097 244.767442    0.07611     4.5667    274.000     78.506  47919.569    30.4598    10.8579     77.757    6.38103    10.8503    23.2683   11.56136 7.3938e-02 0.0000e+00
       1098 244.767445    0.07618     4.5708    274.250     78.609  47919.352    30.4597    10.8586     77.859    6.38094    10.8511    23.2681   11.56122 7.3888e-02 0.0000e+00
       1099 244.767448    0.07625     4.5750    274.500     78.717  47918.862    30.4594    10.8593     77.966    6.38084    10.8517    23.2678   11.56106 7.3825e-02 0.0000e+00
       1100 244.767451    0.07632     4.5792    274.750     78.828  47918.070    30.4589    10.8601     78.076    6.38076    10.8521    23.2672   11.56093 7.3757e-02 0.0000e+00
       1101 244.767454    0.07639     4.5833    275.000     78.940  47917.133    30.4582    10.8608     78.187    6.38069    10.8521    23.2667   11.56083 7.3687e-02 0.0000e+00
       1102 244.767457    0.07646     4.5875    275.250     79.049  47916.363    30.4577    10.8611     78.295    6.38066    10.8520    23.2662   11.56079 7.3623e-02 0.0000e+00
       1103 244.767459    0.07653     4.5917    275.500     79.153  47915.981    30.4574    10.8612     78.398    6.38066    10.8518    23.2659   11.56079 7.3575e-02 0.0000e+00
       1104 244.767462    0.07660     4.5958    275.750     79.251  47915.994    30.4574    10.8611     78.495    6.38068    10.8517    23.2659   11.56082 7.3539e-02 0.0000e+00
       1105 244.767465    0.07667     4.6000    276.000     79.344  47916.219    30.4575    10.8610     78.587    6.38070    10.8517    23.2661   11.56086 7.3505e-02 0.0000e+00
       1106 244.767468    0.07674     4.6042    276.250     79.432  47916.401    30.4575    10.8609     78.674    6.38071    10.8517    23.2661   11.56088 7.3469e-02 0.0000e+00
       1107 244.767471    0.07681     4.6083    276.500     79.516  47916.426    30.4575    10.8609     78.757    6.38071    10.8518    23.2661   11.56088 7.3434e-02 0.0000e+00
       1108 244.767474    0.07687     4.6125    276.750     79.598  47916.386    30.4575    10.8609     78.839    6.38071    10.8519    23.2661   11.56087 7.3399e-02 0.0000e+00
       1109 244.767477    0.07694     4.6167    277.000     79.679  47916.377    30.4574    10.8610     78.919    6.38070    10.8520    23.2660   11.56085 7.3361e-02 0.0000e+00
       1110 244.767480    0.07701     4.6208    277.250     79.759  47916.417    30.4574    10.8611     78.998    6.38069    10.8521    23.2660   11.56084 7.3328e-02 0.0000e+00
       1111 244.767483    0.07708     4.6250    277.500     79.837  47916.479    30.4575    10.8612     79.075    6.38067    10.8523    23.2660   11.56081 7.3298e-02 0.0000e+00
       1112 244.767486    0.07715     4.6292    277.750     79.909  47916.423    30.4574    10.8613     79.146    6.38065    10.8522    23.2659   11.56078 7.3267e-02 0.0000e+00
       1113 244.767488    0.07722     4.6333    278.000     79.974  47916.100    30.4572    10.8614     79.211    6.38065    10.8517    23.2657   11.56077 7.3237e-02 0.0000e+00
       1114 244.767491    0.07729     4.6375    278.250     80.031  47915.432    30.4567    10.8614     79.268    6.38067    10.8504    23.2653   11.56082 7.3201e-02 0.0000e+00
       1115 244.767494    0.07736     4.6417    278.500     80.081  47914.300    30.4558    10.8609     79.317    6.38078    10.8477    23.2647   11.56100 7.3164e-02 0.0000e+00
       1116 244.767497    0.07743     4.6458    278.750     80.125  47912.614    30.4544    10.8596     79.360    6.38101    10.8429    23.2639   11.56141 7.3136e-02 0.0000e+00
       1117 244.767500    0.07750     4.6500    279.000     80.163  47910.550    30.4526    10.8569     79.398    6.38146    10.8360    23.2630   11.56217 7.3118e-02 0.0000e+00
       1118 244.767503    0.07757     4.6542    279.250     80.200  47909.175    30.4511    10.8522     79.434    6.38217    10.8274    23.2626   11.56337 7.3104e-02 0.0000e+00
       1119 244.767506    0.07764     4.6583    279.500     80.235  47910.328    30.4512    10.8452     79.470    6.38313    10.8186    23.2638   11.56495 7.3090e-02 0.0000e+00
       1120 244.767509    0.07771     4.6625    279.750     80.270  47914.697    30.4533    10.8367     79.505    6.38422    10.8108    23.2669   11.56674 7.3074e-02 0.0000e+00
       1121 244.767512    0.07778     4.6667    280.000     80.305  47920.956    30.4567    10.8279     79.539    6.38529    10.8044    23.2710   11.56848 7.3056e-02 0.0000e+00
       1122 244.767514    0.07785     4.6708    280.250     80.340  47927.495    30.4604    10.8200     79.573    6.38623    10.7997    23.2753   11.56999 7.3036e-02 0.0000e+00
       1123 244.767517    0.07792     4.6750    280.500     80.373  47933.554    30.4639    10.8136     79.607    6.38697    10.7970    23.2791   11.57117 7.3011e-02 0.0000e+00
       1124 244.767520    0.07799     4.6792    280.750     80.406  47938.842    30.4671    10.8090     79.639    6.38748    10.7963    23.2824   11.57198 7.2982e-02 0.0000e+00
       1125 244.767523    0.07806     4.6833    281.000     80.438  47943.136    30.4699    10.8062     79.671    6.38774    10.7973    23.2850   11.57238 7.2951e-02 0.0000e+00
       1126 244.767526    0.07813     4.6875    281.250     80.469  47945.834    30.4717    10.8055     79.701    6.38777    10.7993    23.2865   11.57241 7.2921e-02 0.0000e+00
       1127 244.767529    0.07819     4.6917    281.500     80.500  47946.245    30.4720    10.8065     79.732    6.38761    10.8013    23.2866   11.57214 7.2898e-02 0.0000e+00
       1128 244.767532    0.07826     4.6958    281.750     80.533  47944.628    30.4711    10.8086     79.765    6.38737    10.8026    23.2856   11.57175 7.2875e-02 0.0000e+00
       1129 244.767535    0.07833     4.7000    282.000     80.569  47942.012    30.4695    10.8106     79.800    6.38716    10.8027    23.2840   11.57142 7.2853e-02 0.0000e+00
       1130 244.767538    0.07840     4.7042    282.250     80.609  47939.251    30.4676    10.8119     79.840    6.38705    10.8014    23.2823   11.57126 7.2840e-02 0.0000e+00
       1131 244.767541    0.07847     4.7083    282.500     80.653  47936.996    30.4660    10.8120     79.884    6.38710    10.7988    23.2811   11.57137 7.2831e-02 0.0000e+00
       1132 244.767543    0.07854     4.7125    282.750     80.702  47935.985    30.4652    10.8107     79.932    6.38732    10.7954    23.2806   11.57175 7.2816e-02 0.0000e+00
       1133 244.767546    0.07861     4.7167    283.000     80.754  47936.552    30.4653    10.8081     79.983    6.38767    10.7917    23.2811   11.57233 7.2797e-02 0.0000e+00
       1134 244.767549    0.07868     4.7208    283.250     80.806  47938.251    30.4661    10.8047     80.035    6.38811    10.7879    23.2823   11.57304 7.2776e-02 0.0000e+00
       1135 244.767552    0.07875     4.7250    283.500     80.857  47940.494    30.4672    10.8010     80.085    6.38857    10.7841    23.2838   11.57379 7.2755e-02 0.0000e+00
       1136 244.767555    0.07882     4.7292    283.750     80.905  47942.930    30.4685    10.7972     80.133    6.38904    10.7801    23.2855   11.57456 7.2731e-02 0.0000e+00
       1137 244.767558    0.07889     4.7333    284.000     80.947  47945.219    30.4696    10.7934     80.175    6.38952    10.7758    23.2870   11.57534 7.2713e-02 0.0000e+00
       1138 244.767561    0.07896     4.7375    284.250     80.983  47947.177    30.4705    10.7894     80.210    6.39003    10.7709    23.2884   11.57618 7.2700e-02 0.0000e+00
       1139 244.767564    0.07903     4.7417    284.500     81.011  47949.259    30.4715    10.7851     80.238    6.39059    10.7657    23.2899   11.57710 7.2690e-02 0.0000e+00
       1140 244.767567    0.07910     4.7458    284.750     81.032  47952.258    30.4731    10.7802     80.259    6.39120    10.7606    23.2919   11.57809 7.2678e-02 0.0000e+00
       1141 244.767569    0.07917     4.7500    285.000     81.048  47956.243    30.4753    10.7750     80.274    6.39183    10.7560    23.2946   11.57910 7.2660e-02 0.0000e+00
       1142 244.767572    0.07924     4.7542    285.250     81.059  47960.703    30.4779    10.7699     80.286    6.39243    10.7519    23.2974   11.58007 7.2643e-02 0.0000e+00
       1143 244.767575    0.07931     4.7583    285.500     81.069  47965.222    30.4805    10.7653     80.295    6.39297    10.7487    23.3003   11.58093 7.2627e-02 0.0000e+00
       1144 244.767578    0.07938     4.7625    285.750     81.079  47969.480    30.4831    10.7612     80.305    6.39343    10.7464    23.3029   11.58165 7.2608e-02 0.0000e+00
       1145 244.767581    0.07944     4.7667    286.000     81.092  47973.157    30.4853    10.7580     80.318    6.39378    10.7450    23.3052   11.58222 7.2590e-02 0.0000e+00
       1146 244.767584    0.07951     4.7708    286.250     81.109  47975.893    30.4869    10.7557     80.335    6.39403    10.7444    23.3069   11.58262 7.2572e-02 0.0000e+00
       1147 244.767587    0.07958     4.7750    286.500     81.131  47977.543    30.4879    10.7543     80.357    6.39419    10.7443    23.3079   11.58286 7.2554e-02 0.0000e+00
       1148 244.767590    0.07965     4.7792    286.750     81.157  47978.323    30.4884    10.7537     80.383    6.39426    10.7448    23.3083   11.58297 7.2533e-02 0.0000e+00
       1149 244.767593    0.07972     4.7833    287.000     81.188  47978.567    30.4885    10.7536     80.413    6.39426    10.7456    23.3085   11.58297 7.2507e-02 0.0000e+00
       1150 244.767595    0.07979     4.7875    287.250     81.221  47978.384    30.4884    10.7541     80.446    6.39420    10.7466    23.3083   11.58287 7.2476e-02 0.0000e+00
       1151 244.767598    0.07986     4.7917    287.500     81.255  47977.663    30.4880    10.7549     80.479    6.39410    10.7474    23.3078   11.58271 7.2444e-02 0.0000e+00
       1152 244.767601    0.07993     4.7958    287.750     81.285  47976.501    30.4873    10.7559     80.510    6.39399    10.7478    23.3071   11.58254 7.2413e-02 0.0000e+00
       1153 244.767604    0.08000     4.8000    288.000     81.311  47975.156    30.4864    10.7567     80.535    6.39391    10.7477    23.3063   11.58242 7.2387e-02 0.0000e+00
       1154 244.767607    0.08007     4.8042    288.250     81.331  47973.934    30.4856    10.7571     80.555    6.39389    10.7476    23.3056   11.58239 7.2369e-02 0.0000e+00
       1155 244.767610    0.08014     4.8083    288.500     81.343  47973.216    30.4851    10.7570     80.566    6.39392 -9.990e-29    23.3052   11.58244 7.2361e-02 0.0000e+00
       1156 244.767613    0.08021     4.8125    288.750     81.347  47973.027    30.4850    10.7569     80.570    6.39395 -9.990e-29    23.3051   11.58249 7.2360e-02 0.0000e+00
