CTD-processing/allCTD/CNV--turbid/2016_06-16_t9_s09_cast262.cnv
* Sea-Bird SBE19plus Data File:
* FileName = C:\Users\Kris.Holderied\Documents\kasitsna\Research-KBL\Oceanography-AK\CTD-Data-ALL-to-2016-05\2016-CTD-KachemakBay-CookInlet\2016-06-16-CookInlet-HomerSpit-monthly\2016-06-16-CookInlet-Tran9-cast262.hex
* Software Version 1.59
* Temperature SN =  5028
* Conductivity SN =  5028
* System UpLoad Time = Jul 26 2016 19:40:44
** Cook Inlet LTM Tran9 Homer Spit monthly
** Date (YYYY-MM-DD): 2016-06-16
** Station (eg. 9-01):  9-09
** Start time (AKDT): 12:12
** Depth (m): 83.8
** Comment:  R/V Edgecumbe.
** Comment:
# nquan = 16
# nvalues = 600                         
# units = specified
# name 0 = scan: Scan Count
# name 1 = timeJ: Julian Days
# name 2 = timeH: Time, Elapsed [hours]
# name 3 = timeM: Time, Elapsed [minutes]
# name 4 = timeS: Time, Elapsed [seconds]
# name 5 = prdM: Pressure, Strain Gauge [db]
# name 6 = specc: Specific Conductance [uS/cm]
# name 7 = sal00: Salinity, Practical [PSU]
# name 8 = tv290C: Temperature [ITS-90, deg C]
# name 9 = depSM: Depth [salt water, m], lat = 59.00
# name 10 = oxsolML/L: Oxygen Saturation, Garcia & Gordon [ml/l]
# name 11 = potemp090C: Potential Temperature [ITS-90, deg C]
# name 12 = sigma-é00: Density [sigma-theta, kg/m^3]
# name 13 = n2satML/L: Nitrogen Saturation [ml/l]
# name 14 = par: PAR/Irradiance, Biospherical/Licor
# name 15 = flag:  0.000e+00
# span 0 =          1,        600       
# span 1 = 168.507870, 168.509604       
# span 2 =    0.00000,    0.04160       
# span 3 =     0.0000,     2.4958       
# span 4 =      0.000,    149.750       
# span 5 =      0.017,     80.235       
# span 6 =   2035.412,  49709.162       
# span 7 =     1.0603,    31.2836       
# span 8 =     7.6645,    13.9311       
# span 9 =      0.017,     79.470       
# span 10 =    6.23863,    7.17647      
# span 11 =     7.6576,    13.9311      
# span 12 =     0.0781,    24.4005      
# span 13 =   11.36566,   13.26989      
# span 14 = 7.8787e-02, 1.7682e+03      
# span 15 = 0.0000e+00, 0.0000e+00      
# interval = seconds: 0.25
# start_time = Jun 16 2016 12:11:20 [Instrument's time stamp, header]
# bad_flag = -9.990e-29
*END*
[from data line 543]
        544 168.509442    0.03771     2.2625    135.750     67.745  49659.748    31.2617     7.7367     67.101    6.80316     7.7285    24.3771   12.25077 8.0546e-02 0.0000e+00
        545 168.509444    0.03778     2.2667    136.000     67.943  49660.724    31.2621     7.7357     67.296    6.80331     7.7277    24.3776   12.25100 8.0503e-02 0.0000e+00
        546 168.509447    0.03785     2.2708    136.250     68.149  49661.381    31.2624     7.7348     67.501    6.80343     7.7268    24.3779   12.25120 8.0462e-02 0.0000e+00
        547 168.509450    0.03792     2.2750    136.500     68.363  49661.817    31.2624     7.7340     67.713    6.80355     7.7258    24.3780   12.25140 8.0415e-02 0.0000e+00
        548 168.509453    0.03799     2.2792    136.750     68.585  49662.031    31.2623     7.7332     67.933    6.80368     7.7247    24.3781   12.25162 8.0368e-02 0.0000e+00
        549 168.509456    0.03806     2.2833    137.000     68.814  49662.107    31.2621     7.7322     68.160    6.80384     7.7233    24.3780   12.25189 8.0324e-02 0.0000e+00
        550 168.509459    0.03812     2.2875    137.250     69.048  49662.320    31.2620     7.7311     68.391    6.80403     7.7219    24.3781   12.25219 8.0283e-02 0.0000e+00
        551 168.509462    0.03819     2.2917    137.500     69.284  49662.780    31.2620     7.7297     68.625    6.80423     7.7204    24.3783   12.25253 8.0246e-02 0.0000e+00
        552 168.509465    0.03826     2.2958    137.750     69.520  49663.264    31.2620     7.7283     68.859    6.80446     7.7187    24.3785   12.25290 8.0211e-02 0.0000e+00
        553 168.509468    0.03833     2.3000    138.000     69.755  49663.422    31.2617     7.7268     69.091    6.80470     7.7167    24.3785   12.25331 8.0173e-02 0.0000e+00
        554 168.509470    0.03840     2.3042    138.250     69.988  49662.910    31.2610     7.7252     69.322    6.80499     7.7141    24.3782   12.25379 8.0128e-02 0.0000e+00
        555 168.509473    0.03847     2.3083    138.500     70.222  49661.292    31.2595     7.7232     69.554    6.80536     7.7105    24.3773   12.25443 8.0074e-02 0.0000e+00
        556 168.509476    0.03854     2.3125    138.750     70.455  49659.091    31.2574     7.7205     69.785    6.80587     7.7063    24.3760   12.25529 8.0015e-02 0.0000e+00
        557 168.509479    0.03861     2.3167    139.000     70.686  49658.070    31.2560     7.7170     70.013    6.80648     7.7020    24.3754   12.25632 7.9965e-02 0.0000e+00
        558 168.509482    0.03868     2.3208    139.250     70.915  49658.851    31.2558     7.7128     70.239    6.80714     7.6980    24.3758   12.25740 7.9927e-02 0.0000e+00
        559 168.509485    0.03875     2.3250    139.500     71.143  49660.458    31.2561     7.7086     70.466    6.80778     7.6944    24.3766   12.25846 7.9892e-02 0.0000e+00
        560 168.509488    0.03882     2.3292    139.750     71.373  49662.287    31.2567     7.7046     70.693    6.80837     7.6913    24.3776   12.25944 7.9858e-02 0.0000e+00
        561 168.509491    0.03889     2.3333    140.000     71.605  49664.249    31.2573     7.7011     70.923    6.80890     7.6886    24.3786   12.26030 7.9822e-02 0.0000e+00
        562 168.509494    0.03896     2.3375    140.250     71.838  49666.043    31.2580     7.6979     71.155    6.80935     7.6862    24.3795   12.26104 7.9785e-02 0.0000e+00
        563 168.509497    0.03903     2.3417    140.500     72.073  49667.223    31.2582     7.6953     71.387    6.80975     7.6837    24.3801   12.26171 7.9752e-02 0.0000e+00
        564 168.509499    0.03910     2.3458    140.750     72.309  49667.425    31.2579     7.6928     71.620    6.81014     7.6808    24.3802   12.26236 7.9724e-02 0.0000e+00
        565 168.509502    0.03917     2.3500    141.000     72.545  49666.921    31.2570     7.6903     71.854    6.81057     7.6776    24.3799   12.26307 7.9690e-02 0.0000e+00
        566 168.509505    0.03924     2.3542    141.250     72.782  49666.305    31.2560     7.6875     72.088    6.81105     7.6740    24.3795   12.26388 7.9647e-02 0.0000e+00
        567 168.509508    0.03931     2.3583    141.500     73.021  49665.559    31.2549     7.6844     72.326    6.81159     7.6700    24.3790   12.26479 7.9604e-02 0.0000e+00
        568 168.509511    0.03938     2.3625    141.750     73.263  49665.120    31.2539     7.6808     72.565    6.81219     7.6661    24.3787   12.26580 7.9570e-02 0.0000e+00
        569 168.509514    0.03944     2.3667    142.000     73.506  49666.270    31.2539     7.6768     72.806    6.81281     7.6628    24.3793   12.26681 7.9546e-02 0.0000e+00
        570 168.509517    0.03951     2.3708    142.250     73.747  49669.055    31.2551     7.6729     73.045    6.81336     7.6604    24.3808   12.26771 7.9528e-02 0.0000e+00
        571 168.509520    0.03958     2.3750    142.500     73.988  49672.333    31.2568     7.6697     73.283    6.81379     7.6588    24.3825   12.26841 7.9518e-02 0.0000e+00
        572 168.509523    0.03965     2.3792    142.750     74.228  49675.419    31.2584     7.6672     73.521    6.81410     7.6579    24.3842   12.26890 7.9509e-02 0.0000e+00
        573 168.509525    0.03972     2.3833    143.000     74.469  49678.112    31.2599     7.6656     73.759    6.81428     7.6576    24.3856   12.26918 7.9495e-02 0.0000e+00
        574 168.509528    0.03979     2.3875    143.250     74.710  49680.399    31.2613     7.6647     73.998    6.81435     7.6578    24.3868   12.26929 7.9482e-02 0.0000e+00
        575 168.509531    0.03986     2.3917    143.500     74.952  49682.671    31.2627     7.6645     74.239    6.81433     7.6586    24.3879   12.26924 7.9476e-02 0.0000e+00
        576 168.509534    0.03993     2.3958    143.750     75.196  49685.370    31.2645     7.6647     74.480    6.81421     7.6599    24.3893   12.26902 7.9470e-02 0.0000e+00
        577 168.509537    0.04000     2.4000    144.000     75.441  49688.642    31.2668     7.6655     74.722    6.81399     7.6619    24.3911   12.26862 7.9464e-02 0.0000e+00
        578 168.509540    0.04007     2.4042    144.250     75.685  49692.658    31.2698     7.6669     74.964    6.81365     7.6646    24.3932   12.26801 7.9458e-02 0.0000e+00
        579 168.509543    0.04014     2.4083    144.500     75.930  49697.336    31.2732     7.6689     75.207    6.81318     7.6677    24.3956   12.26720 7.9455e-02 0.0000e+00
        580 168.509546    0.04021     2.4125    144.750     76.176  49701.718    31.2766     7.6716     75.450    6.81261     7.6710    24.3979   12.26622 7.9447e-02 0.0000e+00
        581 168.509549    0.04028     2.4167    145.000     76.420  49704.415    31.2789     7.6747     75.692    6.81201     7.6740    24.3992   12.26520 7.9421e-02 0.0000e+00
        582 168.509552    0.04035     2.4208    145.250     76.663  49705.263    31.2799     7.6780     75.932    6.81145     7.6765    24.3996   12.26426 7.9386e-02 0.0000e+00
        583 168.509554    0.04042     2.4250    145.500     76.904  49705.263    31.2803     7.6810     76.171    6.81097     7.6784    24.3995   12.26345 7.9350e-02 0.0000e+00
        584 168.509557    0.04049     2.4292    145.750     77.142  49704.926    31.2804     7.6835     76.406    6.81058     7.6798    24.3992   12.26281 7.9311e-02 0.0000e+00
        585 168.509560    0.04056     2.4333    146.000     77.378  49704.452    31.2802     7.6855     76.640    6.81028     7.6809    24.3988   12.26232 7.9277e-02 0.0000e+00
        586 168.509563    0.04063     2.4375    146.250     77.614  49704.287    31.2803     7.6870     76.874    6.81006     7.6818    24.3986   12.26194 7.9245e-02 0.0000e+00
        587 168.509566    0.04069     2.4417    146.500     77.852  49704.960    31.2808     7.6881     77.109    6.80986     7.6827    24.3989   12.26162 7.9211e-02 0.0000e+00
        588 168.509569    0.04076     2.4458    146.750     78.089  49706.452    31.2819     7.6890     77.344    6.80967     7.6836    24.3996   12.26129 7.9181e-02 0.0000e+00
        589 168.509572    0.04083     2.4500    147.000     78.327  49707.803    31.2829     7.6899     77.580    6.80949     7.6844    24.4003   12.26097 7.9145e-02 0.0000e+00
        590 168.509575    0.04090     2.4542    147.250     78.564  49708.324    31.2833     7.6909     77.815    6.80932     7.6850    24.4005   12.26069 7.9102e-02 0.0000e+00
        591 168.509578    0.04097     2.4583    147.500     78.800  49708.274    31.2833     7.6917     78.048    6.80919     7.6855    24.4003   12.26047 7.9060e-02 0.0000e+00
        592 168.509580    0.04104     2.4625    147.750     79.033  49708.087    31.2831     7.6923     78.279    6.80910     7.6857    24.4001   12.26032 7.9018e-02 0.0000e+00
        593 168.509583    0.04111     2.4667    148.000     79.261  49707.959    31.2830     7.6928     78.505    6.80903     7.6859    24.4000   12.26021 7.8972e-02 0.0000e+00
        594 168.509586    0.04118     2.4708    148.250     79.479  49708.021    31.2830     7.6931     78.721    6.80899     7.6861    24.4000   12.26014 7.8930e-02 0.0000e+00
        595 168.509589    0.04125     2.4750    148.500     79.683  49708.284    31.2831     7.6933     78.923    6.80895     7.6862    24.4001   12.26008 7.8901e-02 0.0000e+00
        596 168.509592    0.04132     2.4792    148.750     79.867  49708.596    31.2833     7.6934     79.105    6.80892     7.6863    24.4002   12.26003 7.8878e-02 0.0000e+00
        597 168.509595    0.04139     2.4833    149.000     80.022  49708.838    31.2834     7.6936     79.259    6.80889     7.6864    24.4002   12.25998 7.8854e-02 0.0000e+00
        598 168.509598    0.04146     2.4875    149.250     80.139  49708.988    31.2835     7.6937     79.375    6.80887     7.6864    24.4003   12.25994 7.8828e-02 0.0000e+00
        599 168.509601    0.04153     2.4917    149.500     80.211  49709.101    31.2836     7.6938     79.446    6.80886 -9.990e-29    24.4004   12.25991 7.8800e-02 0.0000e+00
        600 168.509604    0.04160     2.4958    149.750     80.235  49709.162    31.2836     7.6938     79.470    6.80885 -9.990e-29    24.4004   12.25990 7.8787e-02 0.0000e+00
