CTD-processing/allCTD/CNV--turbid/2016_02-16_t7_s11_cast154.cnv
* Sea-Bird SBE19plus Data File:
* FileName = C:\Users\Kris.Holderied\Documents\kasitsna\Research-KBL\Oceanography-AK\CTD-Data-ALL-to-2016-02\2016-CTD-KachemakBay-CookInlet\2016-02-CookInlet-quarterly\2016-02-16-CookInlet-Tran7-Augustine\2016-02-16-CookInlet-Tran7-cast154.hex
* Software Version 1.59
* Temperature SN =  5028
* Conductivity SN =  5028
* System UpLoad Time = Feb 16 2016 10:43:43
** Cook Inlet LTM Tran7 Augustine East to West

** Date: 02-16
** Station: 7-11
** Start time (AKST): 03:38
** Depth (m): 68
** Comment:  R/V Pandalus
** Comment:
# nquan = 16
# nvalues = 552                         
# units = specified
# name 0 = scan: Scan Count
# name 1 = timeJ: Julian Days
# name 2 = timeH: Time, Elapsed [hours]
# name 3 = timeM: Time, Elapsed [minutes]
# name 4 = timeS: Time, Elapsed [seconds]
# name 5 = prdM: Pressure, Strain Gauge [db]
# name 6 = specc: Specific Conductance [uS/cm]
# name 7 = sal00: Salinity, Practical [PSU]
# name 8 = tv290C: Temperature [ITS-90, deg C]
# name 9 = depSM: Depth [salt water, m], lat = 59.00
# name 10 = oxsolML/L: Oxygen Saturation, Garcia & Gordon [ml/l]
# name 11 = potemp090C: Potential Temperature [ITS-90, deg C]
# name 12 = sigma-é00: Density [sigma-theta, kg/m^3]
# name 13 = n2satML/L: Nitrogen Saturation [ml/l]
# name 14 = par: PAR/Irradiance, Biospherical/Licor
# name 15 = flag:  0.000e+00
# span 0 =          1,        552       
# span 1 =  47.151817,  47.153411       
# span 2 =    0.00000,    0.03826       
# span 3 =     0.0000,     2.2958       
# span 4 =      0.000,    137.750       
# span 5 =     -0.134,     68.983       
# span 6 =   1287.390,  50384.088       
# span 7 =     0.6196,    31.4960       
# span 8 =     4.2579,     6.1766       
# span 9 =     -0.132,     68.327       
# span 10 =    7.04235,    9.07083      
# span 11 =     4.2579,     6.1711      
# span 12 =     0.4727,    24.7774      
# span 13 =   12.64337,   16.47116      
# span 14 = 3.7976e-02, 3.7141e-01      
# span 15 = 0.0000e+00, 0.0000e+00      
# interval = seconds: 0.25
# start_time = Feb 16 2016 03:38:37 [Instrument's time stamp, header]
# bad_flag = -9.990e-29
*END*
[from data line 452]
        453  47.153125    0.03139     1.8833    113.000     41.070  50364.445    31.4847     6.1545     40.682    7.04622     6.1522    24.7577   12.64982 3.9601e-02 0.0000e+00
        454  47.153128    0.03146     1.8875    113.250     41.399  50364.124    31.4845     6.1551     41.007    7.04614     6.1523    24.7574   12.64969 3.9542e-02 0.0000e+00
        455  47.153131    0.03153     1.8917    113.500     41.720  50363.543    31.4840     6.1555     41.326    7.04609     6.1524    24.7570   12.64962 3.9496e-02 0.0000e+00
        456  47.153134    0.03160     1.8958    113.750     42.030  50363.225    31.4837     6.1557     41.633    7.04607     6.1524    24.7567   12.64959 3.9453e-02 0.0000e+00
        457  47.153137    0.03167     1.9000    114.000     42.326  50363.367    31.4836     6.1558     41.926    7.04606     6.1524    24.7567   12.64958 3.9401e-02 0.0000e+00
        458  47.153139    0.03174     1.9042    114.250     42.605  50363.827    31.4838     6.1558     42.203    7.04605     6.1525    24.7569   12.64956 3.9334e-02 0.0000e+00
        459  47.153142    0.03181     1.9083    114.500     42.871  50364.350    31.4841     6.1558     42.466    7.04603     6.1527    24.7571   12.64952 3.9262e-02 0.0000e+00
        460  47.153145    0.03188     1.9125    114.750     43.126  50364.707    31.4843     6.1560     42.718    7.04600     6.1529    24.7572   12.64946 3.9191e-02 0.0000e+00
        461  47.153148    0.03194     1.9167    115.000     43.375  50364.773    31.4842     6.1562     42.965    7.04596     6.1530    24.7571   12.64940 3.9123e-02 0.0000e+00
        462  47.153151    0.03201     1.9208    115.250     43.623  50364.577    31.4840     6.1565     43.211    7.04593     6.1531    24.7569   12.64936 3.9057e-02 0.0000e+00
        463  47.153154    0.03208     1.9250    115.500     43.874  50364.504    31.4839     6.1566     43.459    7.04592     6.1531    24.7568   12.64934 3.8996e-02 0.0000e+00
        464  47.153157    0.03215     1.9292    115.750     44.132  50364.773    31.4839     6.1566     43.715    7.04591     6.1531    24.7569   12.64932 3.8940e-02 0.0000e+00
        465  47.153160    0.03222     1.9333    116.000     44.402  50365.020    31.4840     6.1566     43.982    7.04590     6.1531    24.7569   12.64931 3.8886e-02 0.0000e+00
        466  47.153163    0.03229     1.9375    116.250     44.686  50364.956    31.4838     6.1567     44.263    7.04590     6.1529    24.7568   12.64931 3.8837e-02 0.0000e+00
        467  47.153166    0.03236     1.9417    116.500     44.984  50364.674    31.4834     6.1567     44.558    7.04592     6.1525    24.7565   12.64934 3.8791e-02 0.0000e+00
        468  47.153168    0.03243     1.9458    116.750     45.295  50364.260    31.4830     6.1565     44.867    7.04597     6.1520    24.7562   12.64943 3.8745e-02 0.0000e+00
        469  47.153171    0.03250     1.9500    117.000     45.619  50363.859    31.4825     6.1562     45.187    7.04604     6.1513    24.7558   12.64956 3.8692e-02 0.0000e+00
        470  47.153174    0.03257     1.9542    117.250     45.950  50363.639    31.4821     6.1557     45.515    7.04615     6.1506    24.7556   12.64973 3.8632e-02 0.0000e+00
        471  47.153177    0.03264     1.9583    117.500     46.281  50363.692    31.4819     6.1550     45.843    7.04626     6.1500    24.7555   12.64993 3.8572e-02 0.0000e+00
        472  47.153180    0.03271     1.9625    117.750     46.607  50364.204    31.4819     6.1544     46.166    7.04637     6.1495    24.7556   12.65011 3.8514e-02 0.0000e+00
        473  47.153183    0.03278     1.9667    118.000     46.924  50365.016    31.4822     6.1538     46.480    7.04646     6.1492    24.7559   12.65025 3.8459e-02 0.0000e+00
        474  47.153186    0.03285     1.9708    118.250     47.228  50365.920    31.4826     6.1533     46.781    7.04651     6.1492    24.7563   12.65033 3.8407e-02 0.0000e+00
        475  47.153189    0.03292     1.9750    118.500     47.519  50366.777    31.4830     6.1531     47.069    7.04653     6.1493    24.7566   12.65036 3.8361e-02 0.0000e+00
        476  47.153192    0.03299     1.9792    118.750     47.799  50367.245    31.4832     6.1531     47.347    7.04653     6.1494    24.7568   12.65034 3.8318e-02 0.0000e+00
        477  47.153194    0.03306     1.9833    119.000     48.073  50367.337    31.4832     6.1532     47.618    7.04651     6.1493    24.7567   12.65032 3.8279e-02 0.0000e+00
        478  47.153197    0.03313     1.9875    119.250     48.345  50367.246    31.4830     6.1533     47.888    7.04651     6.1492    24.7566   12.65032 3.8244e-02 0.0000e+00
        479  47.153200    0.03319     1.9917    119.500     48.623  50367.119    31.4828     6.1532     48.162    7.04652     6.1491    24.7564   12.65034 3.8205e-02 0.0000e+00
        480  47.153203    0.03326     1.9958    119.750     48.909  50367.217    31.4827     6.1531     48.446    7.04654     6.1491    24.7563   12.65038 3.8165e-02 0.0000e+00
        481  47.153206    0.03333     2.0000    120.000     49.205  50367.722    31.4829     6.1530     48.740    7.04655     6.1492    24.7565   12.65039 3.8133e-02 0.0000e+00
        482  47.153209    0.03340     2.0042    120.250     49.511  50368.522    31.4833     6.1530     49.042    7.04653     6.1496    24.7568   12.65035 3.8107e-02 0.0000e+00
        483  47.153212    0.03347     2.0083    120.500     49.819  50369.243    31.4837     6.1532     49.348    7.04648     6.1501    24.7571   12.65026 3.8080e-02 0.0000e+00
        484  47.153215    0.03354     2.0125    120.750     50.126  50369.653    31.4839     6.1536     49.651    7.04641     6.1505    24.7573   12.65013 3.8053e-02 0.0000e+00
        485  47.153218    0.03361     2.0167    121.000     50.423  50369.783    31.4840     6.1541     49.945    7.04632     6.1510    24.7572   12.65000 3.8029e-02 0.0000e+00
        486  47.153220    0.03368     2.0208    121.250     50.706  50369.689    31.4839     6.1546     50.226    7.04625     6.1513    24.7571   12.64987 3.8010e-02 0.0000e+00
        487  47.153223    0.03375     2.0250    121.500     50.975  50369.484    31.4837     6.1551     50.492    7.04618     6.1514    24.7569   12.64977 3.7997e-02 0.0000e+00
        488  47.153226    0.03382     2.0292    121.750     51.231  50369.313    31.4835     6.1554     50.746    7.04614     6.1515    24.7567   12.64970 3.7988e-02 0.0000e+00
        489  47.153229    0.03389     2.0333    122.000     51.479  50369.195    31.4833     6.1556     50.991    7.04611     6.1515    24.7566   12.64966 3.7983e-02 0.0000e+00
        490  47.153232    0.03396     2.0375    122.250     51.722  50369.109    31.4831     6.1557     51.232    7.04611     6.1514    24.7565   12.64965 3.7980e-02 0.0000e+00
        491  47.153235    0.03403     2.0417    122.500     51.968  50369.085    31.4830     6.1557     51.475    7.04611     6.1513    24.7564   12.64966 3.7979e-02 0.0000e+00
        492  47.153238    0.03410     2.0458    122.750     52.220  50369.091    31.4829     6.1556     51.725    7.04612     6.1512    24.7563   12.64968 3.7978e-02 0.0000e+00
        493  47.153241    0.03417     2.0500    123.000     52.482  50369.044    31.4827     6.1555     51.984    7.04614     6.1510    24.7561   12.64972 3.7977e-02 0.0000e+00
        494  47.153244    0.03424     2.0542    123.250     52.754  50369.175    31.4827     6.1554     52.253    7.04617     6.1509    24.7561   12.64976 3.7977e-02 0.0000e+00
        495  47.153247    0.03431     2.0583    123.500     53.035  50369.833    31.4830     6.1553     52.532    7.04617     6.1512    24.7564   12.64977 3.7976e-02 0.0000e+00
        496  47.153249    0.03438     2.0625    123.750     53.322  50371.014    31.4837     6.1553     52.816    7.04614     6.1517    24.7569   12.64971 3.7976e-02 0.0000e+00
        497  47.153252    0.03444     2.0667    124.000     53.611  50372.336    31.4845     6.1555     53.103    7.04606     6.1526    24.7575   12.64957 3.7976e-02 0.0000e+00
        498  47.153255    0.03451     2.0708    124.250     53.901  50373.494    31.4853     6.1561     53.391    7.04593     6.1537    24.7581   12.64934 3.7976e-02 0.0000e+00
        499  47.153258    0.03458     2.0750    124.500     54.190  50374.631    31.4861     6.1569     53.676    7.04575     6.1550    24.7586   12.64903 3.7976e-02 0.0000e+00
        500  47.153261    0.03465     2.0792    124.750     54.476  50375.544    31.4868     6.1581     53.960    7.04553     6.1563    24.7590   12.64866 3.7976e-02 0.0000e+00
        501  47.153264    0.03472     2.0833    125.000     54.762  50375.636    31.4870     6.1594     54.243    7.04530     6.1574    24.7590   12.64828 3.7976e-02 0.0000e+00
        502  47.153267    0.03479     2.0875    125.250     55.050  50375.151    31.4868     6.1607     54.529    7.04510     6.1582    24.7587   12.64794 3.7976e-02 0.0000e+00
        503  47.153270    0.03486     2.0917    125.500     55.342  50374.830    31.4866     6.1618     54.818    7.04493     6.1589    24.7585   12.64766 3.7976e-02 0.0000e+00
        504  47.153273    0.03493     2.0958    125.750     55.641  50374.801    31.4866     6.1627     55.114    7.04478     6.1596    24.7584   12.64742 3.7976e-02 0.0000e+00
        505  47.153275    0.03500     2.1000    126.000     55.946  50375.002    31.4867     6.1634     55.416    7.04465     6.1603    24.7584   12.64720 3.7976e-02 0.0000e+00
        506  47.153278    0.03507     2.1042    126.250     56.257  50375.633    31.4872     6.1641     55.724    7.04451     6.1613    24.7586   12.64697 3.7976e-02 0.0000e+00
        507  47.153281    0.03514     2.1083    126.500     56.571  50376.650    31.4879     6.1649     56.035    7.04435     6.1623    24.7591   12.64670 3.7976e-02 0.0000e+00
        508  47.153284    0.03521     2.1125    126.750     56.885  50377.488    31.4885     6.1658     56.345    7.04417     6.1633    24.7594   12.64638 3.7976e-02 0.0000e+00
        509  47.153287    0.03528     2.1167    127.000     57.197  50377.553    31.4886     6.1669     56.654    7.04399     6.1640    24.7594   12.64608 3.7976e-02 0.0000e+00
        510  47.153290    0.03535     2.1208    127.250     57.506  50376.911    31.4882     6.1679     56.960    7.04384     6.1645    24.7590   12.64585 3.7976e-02 0.0000e+00
        511  47.153293    0.03542     2.1250    127.500     57.811  50376.154    31.4877     6.1687     57.263    7.04374     6.1648    24.7585   12.64568 3.7976e-02 0.0000e+00
        512  47.153296    0.03549     2.1292    127.750     58.109  50375.693    31.4873     6.1692     57.558    7.04367     6.1650    24.7581   12.64558 3.7976e-02 0.0000e+00
        513  47.153299    0.03556     2.1333    128.000     58.398  50375.554    31.4871     6.1695     57.844    7.04363     6.1651    24.7580   12.64551 3.7976e-02 0.0000e+00
        514  47.153302    0.03562     2.1375    128.250     58.682  50375.604    31.4871     6.1697     58.125    7.04360     6.1652    24.7579   12.64546 3.7976e-02 0.0000e+00
        515  47.153304    0.03569     2.1417    128.500     58.964  50375.729    31.4870     6.1699     58.404    7.04357     6.1653    24.7579   12.64542 3.7976e-02 0.0000e+00
        516  47.153307    0.03576     2.1458    128.750     59.248  50375.876    31.4870     6.1700     58.686    7.04356     6.1654    24.7579   12.64540 3.7976e-02 0.0000e+00
        517  47.153310    0.03583     2.1500    129.000     59.542  50376.008    31.4870     6.1701     58.977    7.04354     6.1654    24.7578   12.64537 3.7976e-02 0.0000e+00
        518  47.153313    0.03590     2.1542    129.250     59.852  50376.063    31.4869     6.1702     59.284    7.04353     6.1653    24.7577   12.64535 3.7976e-02 0.0000e+00
        519  47.153316    0.03597     2.1583    129.500     60.177  50376.037    31.4868     6.1702     59.607    7.04353     6.1652    24.7576   12.64536 3.7976e-02 0.0000e+00
        520  47.153319    0.03604     2.1625    129.750     60.516  50376.113    31.4867     6.1702     59.942    7.04354     6.1652    24.7575   12.64537 3.7976e-02 0.0000e+00
        521  47.153322    0.03611     2.1667    130.000     60.861  50376.536    31.4868     6.1701     60.283    7.04354     6.1652    24.7576   12.64537 3.7976e-02 0.0000e+00
        522  47.153325    0.03618     2.1708    130.250     61.199  50377.285    31.4871     6.1701     60.618    7.04353     6.1654    24.7579   12.64535 3.7976e-02 0.0000e+00
        523  47.153328    0.03625     2.1750    130.500     61.521  50378.039    31.4875     6.1702     60.937    7.04350     6.1656    24.7582   12.64530 3.7976e-02 0.0000e+00
        524  47.153330    0.03632     2.1792    130.750     61.818  50378.510    31.4877     6.1704     61.231    7.04346     6.1659    24.7584   12.64522 3.7976e-02 0.0000e+00
        525  47.153333    0.03639     2.1833    131.000     62.087  50378.693    31.4878     6.1706     61.497    7.04341     6.1661    24.7584   12.64514 3.7976e-02 0.0000e+00
        526  47.153336    0.03646     2.1875    131.250     62.329  50378.713    31.4877     6.1709     61.737    7.04337     6.1663    24.7583   12.64507 3.7976e-02 0.0000e+00
        527  47.153339    0.03653     2.1917    131.500     62.551  50378.680    31.4877     6.1711     61.957    7.04334     6.1664    24.7582   12.64502 3.7976e-02 0.0000e+00
        528  47.153342    0.03660     2.1958    131.750     62.761  50378.681    31.4876     6.1713     62.165    7.04331     6.1665    24.7582   12.64498 3.7976e-02 0.0000e+00
        529  47.153345    0.03667     2.2000    132.000     62.971  50378.792    31.4876     6.1714     62.373    7.04329     6.1666    24.7581   12.64495 3.7976e-02 0.0000e+00
        530  47.153348    0.03674     2.2042    132.250     63.192  50379.040    31.4877     6.1715     62.592    7.04327     6.1667    24.7582   12.64491 3.7976e-02 0.0000e+00
        531  47.153351    0.03681     2.2083    132.500     63.435  50379.323    31.4878     6.1716     62.832    7.04324     6.1667    24.7583   12.64487 3.7976e-02 0.0000e+00
        532  47.153354    0.03687     2.2125    132.750     63.706  50379.340    31.4877     6.1717     63.101    7.04323     6.1667    24.7582   12.64484 3.7976e-02 0.0000e+00
        533  47.153356    0.03694     2.2167    133.000     64.008  50379.055    31.4874     6.1718     63.400    7.04323     6.1666    24.7579   12.64485 3.7976e-02 0.0000e+00
        534  47.153359    0.03701     2.2208    133.250     64.338  50378.912    31.4871     6.1718     63.727    7.04324     6.1664    24.7577   12.64487 3.7976e-02 0.0000e+00
        535  47.153362    0.03708     2.2250    133.500     64.689  50379.162    31.4871     6.1717     64.074    7.04326     6.1663    24.7577   12.64490 3.7976e-02 0.0000e+00
        536  47.153365    0.03715     2.2292    133.750     65.049  50379.858    31.4874     6.1716     64.431    7.04327     6.1665    24.7580   12.64491 3.7976e-02 0.0000e+00
        537  47.153368    0.03722     2.2333    134.000     65.406  50381.101    31.4881     6.1716     64.784    7.04324     6.1670    24.7585   12.64486 3.7976e-02 0.0000e+00
        538  47.153371    0.03729     2.2375    134.250     65.748  50382.457    31.4889     6.1718     65.123    7.04317     6.1676    24.7592   12.64472 3.7976e-02 0.0000e+00
        539  47.153374    0.03736     2.2417    134.500     66.066  50383.116    31.4893     6.1723     65.438    7.04306     6.1682    24.7594   12.64455 3.7976e-02 0.0000e+00
        540  47.153377    0.03743     2.2458    134.750     66.355  50383.039    31.4892     6.1730     65.724    7.04296     6.1686    24.7593   12.64438 3.7976e-02 0.0000e+00
        541  47.153380    0.03750     2.2500    135.000     66.618  50382.866    31.4891     6.1735     65.985    7.04288     6.1690    24.7591   12.64424 3.7976e-02 0.0000e+00
        542  47.153383    0.03757     2.2542    135.250     66.860  50383.016    31.4892     6.1740     66.225    7.04279     6.1695    24.7591   12.64410 3.7976e-02 0.0000e+00
