CTD-processing/allCTD/CNV--turbid/2016_10-13_t4_s03_cast152.cnv
* Sea-Bird SBE19plus Data File:
* FileName = P:\My Documents\kasitsna\Research-KBL\Oceanography-AK\CTD-Data-ALL-to-2016-05\2016-CTD-KachemakBay-CookInlet\2016-10-13-CookInlet-Tran4\2016-10-13-CookInlet-Tran4-cast152.hex
* Software Version 1.59
* Temperature SN =  5028
* Conductivity SN =  5028
* System UpLoad Time = Dec 06 2016 20:36:18
** Cook Inlet LTM Tran 4 Barabara south to north
** Date: (YYYY-MM-DD): 2016-10-13
** Station: (eg. 9-01): 4-03
** Start time (AKDT): 15:21
** Depth (m): 109.7
** Comment: R/V Edgecumbe
** Comment:
# nquan = 16
# nvalues = 827                         
# units = specified
# name 0 = scan: Scan Count
# name 1 = timeJ: Julian Days
# name 2 = timeH: Time, Elapsed [hours]
# name 3 = timeM: Time, Elapsed [minutes]
# name 4 = timeS: Time, Elapsed [seconds]
# name 5 = prdM: Pressure, Strain Gauge [db]
# name 6 = specc: Specific Conductance [uS/cm]
# name 7 = sal00: Salinity, Practical [PSU]
# name 8 = tv290C: Temperature [ITS-90, deg C]
# name 9 = depSM: Depth [salt water, m], lat = 59.00
# name 10 = oxsolML/L: Oxygen Saturation, Garcia & Gordon [ml/l]
# name 11 = potemp090C: Potential Temperature [ITS-90, deg C]
# name 12 = sigma-é00: Density [sigma-theta, kg/m^3]
# name 13 = n2satML/L: Nitrogen Saturation [ml/l]
# name 14 = par: PAR/Irradiance, Biospherical/Licor
# name 15 = flag:  0.000e+00
# span 0 =          1,        827       
# span 1 = 287.640382, 287.642772       
# span 2 =    0.00000,    0.05736       
# span 3 =     0.0000,     3.4417       
# span 4 =      0.000,    206.500       
# span 5 =     -0.083,    108.462       
# span 6 =  28576.315,  48343.646       
# span 7 =    17.5139,    30.6830       
# span 8 =    10.3022,    11.0684       
# span 9 =     -0.082,    107.420       
# span 10 =    6.41420,    7.01888      
# span 11 =    10.2912,    11.0684      
# span 12 =    13.2876,    23.5356      
# span 13 =   11.63462,   12.79098      
# span 14 = 5.5144e-02, 8.0874e+02      
# span 15 = 0.0000e+00, 0.0000e+00      
# interval = seconds: 0.25
# start_time = Oct 13 2016 15:22:09 [Instrument's time stamp, header]
# bad_flag = -9.990e-29
*END*
          1 287.640382    0.00000     0.0000      0.000     -0.083  28576.315    17.5139    10.3731     -0.082    7.01888    10.5950    13.2876   12.79098 8.0874e+02 0.0000e+00
          2 287.640385    0.00007     0.0042      0.250      0.012  34363.701    21.3685    10.4739      0.011    6.83359    10.7117    16.2659   12.43194 7.5094e+02 0.0000e+00
          3 287.640388    0.00014     0.0083      0.500      0.128  38969.023    24.4393    10.5950      0.126    6.68020    10.8069    18.6318   12.13629 6.5183e+02 0.0000e+00
          4 287.640391    0.00021     0.0125      0.750      0.248  41688.300    26.2557    10.7117      0.245    6.58307    10.8762    20.0237   11.95075 5.3623e+02 0.0000e+00
          5 287.640394    0.00028     0.0167      1.000      0.349  43280.994    27.3209    10.8070      0.346    6.52226    10.9227    20.8355   11.83554 4.6096e+02 0.0000e+00
          6 287.640396    0.00035     0.0208      1.250      0.420  44214.433    27.9457    10.8763      0.417    6.48468    10.9531    21.3095   11.76476 4.3687e+02 0.0000e+00
          7 287.640399    0.00042     0.0250      1.500      0.463  44765.015    28.3145    10.9228      0.459    6.46169    10.9731    21.5882   11.72164 4.2945e+02 0.0000e+00
          8 287.640402    0.00049     0.0292      1.750      0.488  45092.826    28.5342    10.9531      0.483    6.44762    10.9864    21.7539   11.69532 4.1368e+02 0.0000e+00
          9 287.640405    0.00056     0.0333      2.000      0.501  45289.109    28.6659    10.9731      0.497    6.43894    10.9954    21.8529   11.67912 3.9570e+02 0.0000e+00
         10 287.640408    0.00063     0.0375      2.250      0.509  45406.333    28.7447    10.9865      0.504    6.43355    11.0013    21.9119   11.66911 3.8067e+02 0.0000e+00
         11 287.640411    0.00069     0.0417      2.500      0.514  45475.546    28.7913    10.9955      0.509    6.43021    11.0050    21.9466   11.66294 3.7281e+02 0.0000e+00
         12 287.640414    0.00076     0.0458      2.750      0.517  45514.001    28.8172    11.0014      0.513    6.42821    11.0064    21.9657   11.65927 3.7902e+02 0.0000e+00
         13 287.640417    0.00083     0.0500      3.000      0.518  45531.929    28.8291    11.0050      0.513    6.42716    11.0053    21.9743   11.65735 3.9260e+02 0.0000e+00
         14 287.640420    0.00090     0.0542      3.250      0.509  45537.916    28.8329    11.0065      0.504    6.42676    11.0013    21.9770   11.65663 4.0836e+02 0.0000e+00
         15 287.640422    0.00097     0.0583      3.500      0.487  45540.606    28.8343    11.0054      0.482    6.42683    10.9959    21.9783   11.65673 4.2744e+02 0.0000e+00
         16 287.640425    0.00104     0.0625      3.750      0.453  45547.824    28.8387    11.0013      0.449    6.42720    10.9929    21.9824   11.65728 4.4781e+02 0.0000e+00
         17 287.640428    0.00111     0.0667      4.000      0.419  45558.571    28.8456    10.9960      0.415    6.42765    10.9936    21.9887   11.65794 4.7763e+02 0.0000e+00
         18 287.640431    0.00118     0.0708      4.250      0.393  45566.981    28.8511    10.9930      0.390    6.42784    10.9968    21.9935   11.65818 5.1403e+02 0.0000e+00
         19 287.640434    0.00125     0.0750      4.500      0.379  45573.299    28.8556    10.9937      0.376    6.42756    11.0013    21.9968   11.65766 5.1923e+02 0.0000e+00
         20 287.640437    0.00132     0.0792      4.750      0.377  45577.191    28.8586    10.9969      0.373    6.42699    11.0060    21.9986   11.65668 4.8685e+02 0.0000e+00
         21 287.640440    0.00139     0.0833      5.000      0.382  45574.258    28.8570    11.0013      0.379    6.42644    11.0105    21.9966   11.65579 4.5462e+02 0.0000e+00
         22 287.640443    0.00146     0.0875      5.250      0.389  45564.598    28.8507    11.0061      0.385    6.42603    11.0143    21.9909   11.65518 4.4115e+02 0.0000e+00
         23 287.640446    0.00153     0.0917      5.500      0.392  45554.090    28.8438    11.0105      0.388    6.42570    11.0173    21.9848   11.65471 4.3815e+02 0.0000e+00
         24 287.640448    0.00160     0.0958      5.750      0.390  45548.644    28.8403    11.0143      0.386    6.42531    11.0197    21.9815   11.65412 4.3773e+02 0.0000e+00
         25 287.640451    0.00167     0.1000      6.000      0.384  45549.865    28.8415    11.0174      0.380    6.42483    11.0215    21.9819   11.65331 4.4266e+02 0.0000e+00
         26 287.640454    0.00174     0.1042      6.250      0.379  45553.948    28.8446    11.0198      0.375    6.42437    11.0225    21.9839   11.65251 4.6662e+02 0.0000e+00
         27 287.640457    0.00181     0.1083      6.500      0.377  45555.492    28.8459    11.0215      0.374    6.42408    11.0228    21.9846   11.65201 5.0350e+02 0.0000e+00
         28 287.640460    0.00187     0.1125      6.750      0.381  45551.780    28.8434    11.0226      0.377    6.42404    11.0226    21.9825   11.65197 5.2509e+02 0.0000e+00
         29 287.640463    0.00194     0.1167      7.000      0.387  45542.696    28.8370    11.0229      0.383    6.42425    11.0219    21.9775   11.65239 5.2131e+02 0.0000e+00
         30 287.640466    0.00201     0.1208      7.250      0.392  45531.193    28.8289    11.0226      0.388    6.42462    11.0209    21.9713   11.65310 5.1334e+02 0.0000e+00
         31 287.640469    0.00208     0.1250      7.500      0.394  45522.865    28.8230    11.0219      0.390    6.42496    11.0199    21.9668   11.65374 5.1315e+02 0.0000e+00
         32 287.640472    0.00215     0.1292      7.750      0.392  45522.580    28.8227    11.0209      0.388    6.42510    11.0192    21.9667   11.65398 5.1501e+02 0.0000e+00
         33 287.640475    0.00222     0.1333      8.000      0.388  45531.034    28.8285    11.0199      0.384    6.42500    11.0193    21.9714   11.65375 5.2309e+02 0.0000e+00
         34 287.640477    0.00229     0.1375      8.250      0.383  45543.479    28.8372    11.0192      0.379    6.42475    11.0202    21.9782   11.65322 5.3132e+02 0.0000e+00
         35 287.640480    0.00236     0.1417      8.500      0.381  45553.580    28.8443    11.0193      0.377    6.42445    11.0218    21.9837   11.65264 5.3215e+02 0.0000e+00
         36 287.640483    0.00243     0.1458      8.750      0.380  45558.207    28.8476    11.0203      0.376    6.42418    11.0235    21.9862   11.65215 5.1932e+02 0.0000e+00
         37 287.640486    0.00250     0.1500      9.000      0.382  45558.668    28.8481    11.0218      0.378    6.42395    11.0251    21.9863   11.65176 4.8999e+02 0.0000e+00
         38 287.640489    0.00257     0.1542      9.250      0.386  45556.535    28.8468    11.0235      0.382    6.42376    11.0265    21.9850   11.65146 4.5129e+02 0.0000e+00
         39 287.640492    0.00264     0.1583      9.500      0.392  45551.753    28.8436    11.0252      0.388    6.42366    11.0277    21.9822   11.65134 4.1654e+02 0.0000e+00
         40 287.640495    0.00271     0.1625      9.750      0.396  45546.318    28.8399    11.0266      0.392    6.42362    11.0288    21.9791   11.65131 3.9908e+02 0.0000e+00
         41 287.640498    0.00278     0.1667     10.000      0.398  45542.972    28.8377    11.0278      0.394    6.42355    11.0299    21.9772   11.65121 3.9627e+02 0.0000e+00
         42 287.640501    0.00285     0.1708     10.250      0.398  45542.193    28.8373    11.0289      0.394    6.42341    11.0309    21.9767   11.65099 4.0101e+02 0.0000e+00
         43 287.640503    0.00292     0.1750     10.500      0.395  45543.276    28.8381    11.0300      0.391    6.42323    11.0317    21.9772   11.65068 4.1079e+02 0.0000e+00
         44 287.640506    0.00299     0.1792     10.750      0.391  45545.074    28.8395    11.0309      0.387    6.42303    11.0324    21.9781   11.65034 4.2482e+02 0.0000e+00
         45 287.640509    0.00306     0.1833     11.000      0.386  45546.822    28.8408    11.0318      0.382    6.42286    11.0328    21.9789   11.65004 4.4476e+02 0.0000e+00
         46 287.640512    0.00313     0.1875     11.250      0.383  45549.036    28.8424    11.0325      0.379    6.42270    11.0328    21.9801   11.64977 4.5906e+02 0.0000e+00
         47 287.640515    0.00319     0.1917     11.500      0.383  45550.452    28.8435    11.0328      0.379    6.42261    11.0326    21.9808   11.64960 4.5391e+02 0.0000e+00
         48 287.640518    0.00326     0.1958     11.750      0.386  45547.872    28.8417    11.0329      0.382    6.42267    11.0321    21.9794   11.64972 4.4076e+02 0.0000e+00
         49 287.640521    0.00333     0.2000     12.000      0.391  45539.923    28.8361    11.0327      0.387    6.42293    11.0314    21.9751   11.65021 4.3041e+02 0.0000e+00
         50 287.640524    0.00340     0.2042     12.250      0.396  45527.772    28.8275    11.0322      0.392    6.42335    11.0308    21.9685   11.65101 4.2703e+02 0.0000e+00
         51 287.640527    0.00347     0.2083     12.500      0.398  45516.075    28.8192    11.0315      0.395    6.42378    11.0305    21.9622   11.65183 4.4212e+02 0.0000e+00
         52 287.640530    0.00354     0.2125     12.750      0.397  45511.253    28.8158    11.0309      0.393    6.42401    11.0304    21.9597   11.65225 4.9725e+02 0.0000e+00
         53 287.640532    0.00361     0.2167     13.000      0.392  45516.417    28.8194    11.0305      0.388    6.42391    11.0304    21.9625   11.65203 5.8215e+02 0.0000e+00
         54 287.640535    0.00368     0.2208     13.250      0.385  45528.903    28.8281    11.0304      0.382    6.42356    11.0304    21.9693   11.65136 6.2100e+02 0.0000e+00
         55 287.640538    0.00375     0.2250     13.500      0.381  45541.812    28.8372    11.0304      0.378    6.42319    11.0301    21.9763   11.65063 5.8403e+02 0.0000e+00
         56 287.640541    0.00382     0.2292     13.750      0.380  45549.960    28.8429    11.0304      0.377    6.42297    11.0294    21.9807   11.65019 5.3589e+02 0.0000e+00
         57 287.640544    0.00389     0.2333     14.000      0.383  45551.634    28.8440    11.0301      0.380    6.42296    11.0281    21.9817   11.65017 5.1221e+02 0.0000e+00
         58 287.640547    0.00396     0.2375     14.250      0.388  45545.857    28.8399    11.0294      0.385    6.42322    11.0263    21.9786   11.65066 5.0591e+02 0.0000e+00
         59 287.640550    0.00403     0.2417     14.500      0.392  45535.263    28.8323    11.0281      0.389    6.42370    11.0240    21.9729   11.65155 5.0323e+02 0.0000e+00
         60 287.640553    0.00410     0.2458     14.750      0.393  45527.088    28.8264    11.0263      0.389    6.42420    11.0215    21.9686   11.65244 4.8651e+02 0.0000e+00
         61 287.640556    0.00417     0.2500     15.000      0.389  45527.073    28.8262    11.0240      0.385    6.42453    11.0197    21.9688   11.65299 4.7201e+02 0.0000e+00
         62 287.640558    0.00424     0.2542     15.250      0.383  45535.286    28.8317    11.0216      0.379    6.42464    11.0191    21.9735   11.65312 4.6800e+02 0.0000e+00
         63 287.640561    0.00431     0.2583     15.500      0.379  45545.448    28.8386    11.0198      0.375    6.42461    11.0195    21.9792   11.65298 4.6725e+02 0.0000e+00
         64 287.640564    0.00438     0.2625     15.750      0.378  45549.513    28.8414    11.0192      0.375    6.42458    11.0202    21.9815   11.65289 4.6593e+02 0.0000e+00
         65 287.640567    0.00444     0.2667     16.000      0.381  45544.374    28.8378    11.0196      0.377    6.42468    11.0212    21.9787   11.65310 4.4957e+02 0.0000e+00
         66 287.640570    0.00451     0.2708     16.250      0.385  45533.433    28.8302    11.0203      0.382    6.42489    11.0223    21.9726   11.65353 4.2841e+02 0.0000e+00
         67 287.640573    0.00458     0.2750     16.500      0.391  45523.520    28.8234    11.0212      0.387    6.42504    11.0235    21.9672   11.65386 4.2366e+02 0.0000e+00
         68 287.640576    0.00465     0.2792     16.750      0.396  45519.071    28.8204    11.0223      0.392    6.42501    11.0247    21.9646   11.65384 4.3662e+02 0.0000e+00
         69 287.640579    0.00472     0.2833     17.000      0.399  45517.870    28.8197    11.0236      0.395    6.42486    11.0255    21.9639   11.65361 4.6286e+02 0.0000e+00
         70 287.640582    0.00479     0.2875     17.250      0.400  45513.501    28.8167    11.0247      0.397    6.42482    11.0257    21.9614   11.65358 5.0120e+02 0.0000e+00
         71 287.640584    0.00486     0.2917     17.500      0.398  45503.005    28.8094    11.0255      0.395    6.42501    11.0253    21.9556   11.65398 5.6346e+02 0.0000e+00
         72 287.640587    0.00493     0.2958     17.750      0.392  45489.572    28.8001    11.0257      0.389    6.42537    11.0246    21.9483   11.65469 6.4613e+02 0.0000e+00
         73 287.640590    0.00500     0.3000     18.000      0.386  45477.820    28.7918    11.0254      0.382    6.42575    11.0232    21.9419   11.65542 7.0317e+02 0.0000e+00
         74 287.640593    0.00507     0.3042     18.250      0.380  45471.046    28.7870    11.0246      0.377    6.42605    11.0210    21.9383   11.65598 7.0082e+02 0.0000e+00
         75 287.640596    0.00514     0.3083     18.500      0.378  45470.686    28.7866    11.0233      0.375    6.42625    11.0174    21.9382   11.65632 6.6092e+02 0.0000e+00
         76 287.640599    0.00521     0.3125     18.750      0.380  45474.040    28.7887    11.0210      0.376    6.42648    11.0121    21.9403   11.65668 6.0050e+02 0.0000e+00
         77 287.640602    0.00528     0.3167     19.000      0.383  45477.177    28.7906    11.0175      0.380    6.42690    11.0039    21.9423   11.65735 5.2001e+02 0.0000e+00
         78 287.640605    0.00535     0.3208     19.250      0.386  45480.881    28.7926    11.0121      0.382    6.42756    10.9915    21.9448   11.65842 4.5196e+02 0.0000e+00
         79 287.640608    0.00542     0.3250     19.500      0.386  45489.497    28.7978    11.0039      0.382    6.42849    10.9749    21.9502   11.65990 4.2056e+02 0.0000e+00
         80 287.640611    0.00549     0.3292     19.750      0.384  45505.985    28.8081    10.9916      0.380    6.42978    10.9560    21.9603   11.66193 4.0980e+02 0.0000e+00
         81 287.640613    0.00556     0.3333     20.000      0.380  45529.981    28.8232    10.9749      0.376    6.43148    10.9381    21.9748   11.66457 3.9749e+02 0.0000e+00
         82 287.640616    0.00562     0.3375     20.250      0.377  45558.022    28.8409    10.9561      0.373    6.43338    10.9231    21.9918   11.66751 3.8790e+02 0.0000e+00
         83 287.640619    0.00569     0.3417     20.500      0.376  45585.257    28.8581    10.9381      0.372    6.43518    10.9118    22.0082   11.67028 3.9039e+02 0.0000e+00
         84 287.640622    0.00576     0.3458     20.750      0.377  45608.252    28.8727    10.9231      0.374    6.43667    10.9041    22.0220   11.67259 4.0700e+02 0.0000e+00
         85 287.640625    0.00583     0.3500     21.000      0.381  45625.969    28.8840    10.9118      0.377    6.43779    10.8994    22.0327   11.67430 4.4727e+02 0.0000e+00
         86 287.640628    0.00590     0.3542     21.250      0.384  45639.026    28.8923    10.9041      0.380    6.43852    10.8970    22.0404   11.67542 4.8831e+02 0.0000e+00
         87 287.640631    0.00597     0.3583     21.500      0.385  45648.352    28.8984    10.8994      0.382    6.43892    10.8962    22.0459   11.67601 4.8567e+02 0.0000e+00
         88 287.640634    0.00604     0.3625     21.750      0.383  45654.279    28.9023    10.8970      0.380    6.43909    10.8965    22.0493   11.67625 4.4781e+02 0.0000e+00
         89 287.640637    0.00611     0.3667     22.000      0.380  45657.035    28.9041    10.8963      0.376    6.43913    10.8971    22.0509   11.67629 4.2123e+02 0.0000e+00
         90 287.640639    0.00618     0.3708     22.250      0.376  45657.310    28.9043    10.8965      0.373    6.43909    10.8978    22.0510   11.67621 4.1804e+02 0.0000e+00
