CTD-processing/allCTD/CNV--turbid/2016_02-14_t3_s02_cast111.cnv
* Sea-Bird SBE19plus Data File:
* FileName = C:\Users\Kris.Holderied\Documents\kasitsna\Research-KBL\Oceanography-AK\CTD-Data-ALL-to-2016-02\2016-CTD-KachemakBay-CookInlet\2016-02-CookInlet-quarterly\2016-02-14-CookInlet-Tran3-AnchorPt\2016-02-14-CookInlet-Tran3-cast111.hex
* Software Version 1.59
* Temperature SN =  5028
* Conductivity SN =  5028
* System UpLoad Time = Feb 15 2016 00:36:54
** Cook Inlet LTM Tran3 Anchor Pt Southeast to northwest

** Date: 02-14
** Station: 3-02
** Start time (AKST): 17:49
** Depth (m): 28
** Comment:  R/V Pandalus
** Comment:
# nquan = 16
# nvalues = 343                         
# units = specified
# name 0 = scan: Scan Count
# name 1 = timeJ: Julian Days
# name 2 = timeH: Time, Elapsed [hours]
# name 3 = timeM: Time, Elapsed [minutes]
# name 4 = timeS: Time, Elapsed [seconds]
# name 5 = prdM: Pressure, Strain Gauge [db]
# name 6 = specc: Specific Conductance [uS/cm]
# name 7 = sal00: Salinity, Practical [PSU]
# name 8 = tv290C: Temperature [ITS-90, deg C]
# name 9 = depSM: Depth [salt water, m], lat = 59.00
# name 10 = oxsolML/L: Oxygen Saturation, Garcia & Gordon [ml/l]
# name 11 = potemp090C: Potential Temperature [ITS-90, deg C]
# name 12 = sigma-é00: Density [sigma-theta, kg/m^3]
# name 13 = n2satML/L: Nitrogen Saturation [ml/l]
# name 14 = par: PAR/Irradiance, Biospherical/Licor
# name 15 = flag:  0.000e+00
# span 0 =          1,        343       
# span 1 =  45.742431,  45.743420       
# span 2 =    0.00000,    0.02375       
# span 3 =     0.0000,     1.4250       
# span 4 =      0.000,     85.500       
# span 5 =     -0.261,     29.878       
# span 6 =   2157.988,  49157.717       
# span 7 =     1.0537,    29.9876       
# span 8 =     2.5917,     3.0450       
# span 9 =     -0.258,     29.597       
# span 10 =    7.67314,    9.45496      
# span 11 =     2.5917,     3.0434      
# span 12 =     0.8119,    23.8828      
# span 13 =   13.70486,   17.10745      
# span 14 = 3.7976e-02, 1.9757e+00      
# span 15 = 0.0000e+00, 0.0000e+00      
# interval = seconds: 0.25
# start_time = Feb 14 2016 17:49:06 [Instrument's time stamp, header]
# bad_flag = -9.990e-29
*END*
[from data line 181]
        182  45.742954    0.01257     0.7542     45.250      2.082  49068.547    29.9273     2.9894      2.062    7.68690     2.9887    23.8388   13.72839 3.7976e-02 0.0000e+00
        183  45.742957    0.01264     0.7583     45.500      2.132  49061.067    29.9224     2.9901      2.112    7.68704     2.9847    23.8348   13.72868 3.7976e-02 0.0000e+00
        184  45.742960    0.01271     0.7625     45.750      2.156  49052.261    29.9162     2.9888      2.136    7.68760     2.9774    23.8300   13.72969 3.7976e-02 0.0000e+00
        185  45.742963    0.01278     0.7667     46.000      2.148  49048.086    29.9124     2.9848      2.128    7.68857     2.9675    23.8272   13.73135 3.7976e-02 0.0000e+00
        186  45.742966    0.01285     0.7708     46.250      2.103  49053.010    29.9139     2.9775      2.084    7.68990     2.9572    23.8290   13.73352 3.7976e-02 0.0000e+00
        187  45.742969    0.01292     0.7750     46.500      2.024  49066.202    29.9203     2.9677      2.005    7.69144     2.9483    23.8349   13.73599 3.7976e-02 0.0000e+00
        188  45.742972    0.01299     0.7792     46.750      1.916  49084.289    29.9300     2.9574      1.898    7.69292     2.9421    23.8434   13.73830 3.7976e-02 0.0000e+00
        189  45.742975    0.01306     0.7833     47.000      1.791  49104.316    29.9413     2.9485      1.774    7.69404     2.9390    23.8531   13.73998 3.7976e-02 0.0000e+00
        190  45.742977    0.01313     0.7875     47.250      1.661  49122.972    29.9523     2.9422      1.645    7.69465     2.9390    23.8624   13.74085 3.7976e-02 0.0000e+00
        191  45.742980    0.01319     0.7917     47.500      1.537  49136.918    29.9610     2.9391      1.523    7.69479     2.9421    23.8696   13.74096 3.7976e-02 0.0000e+00
        192  45.742983    0.01326     0.7958     47.750      1.432  49144.558    29.9662     2.9391      1.418    7.69452     2.9479    23.8737   13.74045 3.7976e-02 0.0000e+00
        193  45.742986    0.01333     0.8000     48.000      1.353  49146.142    29.9680     2.9421      1.340    7.69384     2.9555    23.8750   13.73930 3.7976e-02 0.0000e+00
        194  45.742989    0.01340     0.8042     48.250      1.307  49143.897    29.9680     2.9479      1.295    7.69273     2.9640    23.8745   13.73747 3.7976e-02 0.0000e+00
        195  45.742992    0.01347     0.8083     48.500      1.298  49141.400    29.9682     2.9556      1.286    7.69125     2.9727    23.8741   13.73503 3.7976e-02 0.0000e+00
        196  45.742995    0.01354     0.8125     48.750      1.326  49140.938    29.9700     2.9641      1.314    7.68953     2.9812    23.8748   13.73215 3.7976e-02 0.0000e+00
        197  45.742998    0.01361     0.8167     49.000      1.391  49141.537    29.9725     2.9728      1.378    7.68772     2.9890    23.8762   13.72914 3.7976e-02 0.0000e+00
        198  45.743001    0.01368     0.8208     49.250      1.487  49140.315    29.9738     2.9813      1.473    7.68603     2.9956    23.8765   13.72633 3.7976e-02 0.0000e+00
        199  45.743003    0.01375     0.8250     49.500      1.603  49135.493    29.9724     2.9890      1.588    7.68461     3.0006    23.8748   13.72400 3.7976e-02 0.0000e+00
        200  45.743006    0.01382     0.8292     49.750      1.724  49127.027    29.9683     2.9957      1.708    7.68355     3.0039    23.8710   13.72231 3.7976e-02 0.0000e+00
        201  45.743009    0.01389     0.8333     50.000      1.838  49115.371    29.9617     3.0007      1.820    7.68293     3.0052    23.8653   13.72137 3.7976e-02 0.0000e+00
        202  45.743012    0.01396     0.8375     50.250      1.932  49101.276    29.9530     3.0040      1.914    7.68277     3.0043    23.8581   13.72122 3.7976e-02 0.0000e+00
        203  45.743015    0.01403     0.8417     50.500      2.001  49088.180    29.9444     3.0052      1.983    7.68297     3.0015    23.8512   13.72166 3.7976e-02 0.0000e+00
        204  45.743018    0.01410     0.8458     50.750      2.041  49081.467    29.9397     3.0044      2.023    7.68338     2.9975    23.8475   13.72240 3.7976e-02 0.0000e+00
        205  45.743021    0.01417     0.8500     51.000      2.051  49083.032    29.9400     3.0016      2.032    7.68391     2.9938    23.8480   13.72327 3.7976e-02 0.0000e+00
        206  45.743024    0.01424     0.8542     51.250      2.032  49090.507    29.9441     2.9976      2.013    7.68446     2.9913    23.8516   13.72413 3.7976e-02 0.0000e+00
        207  45.743027    0.01431     0.8583     51.500      1.990  49100.312    29.9498     2.9939      1.972    7.68487     2.9904    23.8564   13.72473 3.7976e-02 0.0000e+00
        208  45.743030    0.01438     0.8625     51.750      1.935  49109.072    29.9551     2.9914      1.917    7.68506     2.9910    23.8608   13.72498 3.7976e-02 0.0000e+00
        209  45.743032    0.01444     0.8667     52.000      1.872  49114.348    29.9584     2.9905      1.855    7.68506     2.9928    23.8636   13.72493 3.7976e-02 0.0000e+00
        210  45.743035    0.01451     0.8708     52.250      1.808  49115.242    29.9592     2.9911      1.791    7.68490     2.9949    23.8641   13.72466 3.7976e-02 0.0000e+00
        211  45.743038    0.01458     0.8750     52.500      1.746  49112.456    29.9578     2.9929      1.730    7.68464     2.9969    23.8629   13.72425 3.7976e-02 0.0000e+00
        212  45.743041    0.01465     0.8792     52.750      1.691  49107.501    29.9551     2.9950      1.675    7.68437     2.9984    23.8605   13.72384 3.7976e-02 0.0000e+00
        213  45.743044    0.01472     0.8833     53.000      1.643  49101.932    29.9518     2.9970      1.628    7.68417     2.9995    23.8578   13.72355 3.7976e-02 0.0000e+00
        214  45.743047    0.01479     0.8875     53.250      1.605  49097.173    29.9490     2.9984      1.590    7.68404     3.0004    23.8554   13.72336 3.7976e-02 0.0000e+00
        215  45.743050    0.01486     0.8917     53.500      1.578  49094.351    29.9474     2.9995      1.564    7.68392     3.0013    23.8540   13.72319 3.7976e-02 0.0000e+00
        216  45.743053    0.01493     0.8958     53.750      1.566  49094.177    29.9475     3.0004      1.551    7.68374     3.0026    23.8540   13.72289 3.7976e-02 0.0000e+00
        217  45.743056    0.01500     0.9000     54.000      1.569  49096.883    29.9496     3.0014      1.555    7.68344     3.0041    23.8556   13.72237 3.7976e-02 0.0000e+00
        218  45.743058    0.01507     0.9042     54.250      1.590  49101.756    29.9531     3.0026      1.576    7.68301     3.0058    23.8584   13.72162 3.7976e-02 0.0000e+00
        219  45.743061    0.01514     0.9083     54.500      1.628  49106.900    29.9569     3.0042      1.613    7.68252     3.0074    23.8613   13.72075 3.7976e-02 0.0000e+00
        220  45.743064    0.01521     0.9125     54.750      1.680  49110.160    29.9595     3.0059      1.665    7.68205     3.0087    23.8632   13.71995 3.7976e-02 0.0000e+00
        221  45.743067    0.01528     0.9167     55.000      1.740  49110.279    29.9600     3.0075      1.724    7.68172     3.0094    23.8634   13.71939 3.7976e-02 0.0000e+00
        222  45.743070    0.01535     0.9208     55.250      1.800  49106.986    29.9581     3.0088      1.783    7.68158     3.0094    23.8618   13.71918 3.7976e-02 0.0000e+00
        223  45.743073    0.01542     0.9250     55.500      1.850  49100.368    29.9538     3.0095      1.832    7.68166     3.0083    23.8583   13.71938 3.7976e-02 0.0000e+00
        224  45.743076    0.01549     0.9292     55.750      1.880  49091.637    29.9479     3.0094      1.863    7.68198     3.0057    23.8536   13.71998 3.7976e-02 0.0000e+00
        225  45.743079    0.01556     0.9333     56.000      1.887  49083.977    29.9424     3.0083      1.870    7.68248     3.0016    23.8494   13.72088 3.7976e-02 0.0000e+00
        226  45.743082    0.01563     0.9375     56.250      1.869  49080.941    29.9398     3.0058      1.852    7.68310     2.9966    23.8475   13.72195 3.7976e-02 0.0000e+00
        227  45.743084    0.01569     0.9417     56.500      1.827  49084.320    29.9411     3.0017      1.810    7.68382     2.9919    23.8488   13.72312 3.7976e-02 0.0000e+00
        228  45.743087    0.01576     0.9458     56.750      1.770  49093.292    29.9459     2.9967      1.753    7.68453     2.9886    23.8530   13.72423 3.7976e-02 0.0000e+00
        229  45.743090    0.01583     0.9500     57.000      1.707  49105.574    29.9530     2.9920      1.691    7.68507     2.9874    23.8591   13.72502 3.7976e-02 0.0000e+00
        230  45.743093    0.01590     0.9542     57.250      1.651  49118.446    29.9608     2.9887      1.636    7.68529     2.9886    23.8656   13.72528 3.7976e-02 0.0000e+00
        231  45.743096    0.01597     0.9583     57.500      1.612  49129.179    29.9678     2.9875      1.597    7.68515     2.9919    23.8712   13.72496 3.7976e-02 0.0000e+00
        232  45.743099    0.01604     0.9625     57.750      1.596  49136.272    29.9728     2.9887      1.581    7.68466     2.9962    23.8752   13.72407 3.7976e-02 0.0000e+00
        233  45.743102    0.01611     0.9667     58.000      1.604  49139.339    29.9757     2.9919      1.589    7.68388     3.0007    23.8772   13.72276 3.7976e-02 0.0000e+00
        234  45.743105    0.01618     0.9708     58.250      1.634  49138.529    29.9763     2.9963      1.619    7.68302     3.0048    23.8773   13.72132 3.7976e-02 0.0000e+00
        235  45.743108    0.01625     0.9750     58.500      1.679  49134.810    29.9749     3.0008      1.663    7.68222     3.0080    23.8758   13.72003 3.7976e-02 0.0000e+00
        236  45.743111    0.01632     0.9792     58.750      1.733  49129.461    29.9722     3.0049      1.716    7.68159     3.0104    23.8734   13.71901 3.7976e-02 0.0000e+00
        237  45.743113    0.01639     0.9833     59.000      1.787  49123.234    29.9688     3.0081      1.771    7.68115     3.0119    23.8704   13.71833 3.7976e-02 0.0000e+00
        238  45.743116    0.01646     0.9875     59.250      1.837  49116.193    29.9646     3.0105      1.820    7.68092     3.0125    23.8669   13.71801 3.7976e-02 0.0000e+00
        239  45.743119    0.01653     0.9917     59.500      1.876  49107.925    29.9594     3.0120      1.858    7.68091     3.0122    23.8627   13.71806 3.7976e-02 0.0000e+00
        240  45.743122    0.01660     0.9958     59.750      1.897  49098.630    29.9533     3.0126      1.880    7.68111     3.0110    23.8578   13.71847 3.7976e-02 0.0000e+00
        241  45.743125    0.01667     1.0000     60.000      1.898  49089.893    29.9474     3.0123      1.881    7.68147     3.0085    23.8530   13.71915 3.7976e-02 0.0000e+00
        242  45.743128    0.01674     1.0042     60.250      1.878  49083.933    29.9431     3.0111      1.860    7.68193     3.0050    23.8497   13.71997 3.7976e-02 0.0000e+00
        243  45.743131    0.01681     1.0083     60.500      1.837  49082.703    29.9417     3.0086      1.820    7.68248     3.0013    23.8487   13.72089 3.7976e-02 0.0000e+00
        244  45.743134    0.01688     1.0125     60.750      1.779  49086.797    29.9436     3.0051      1.763    7.68305     2.9982    23.8505   13.72181 3.7976e-02 0.0000e+00
        245  45.743137    0.01694     1.0167     61.000      1.713  49095.037    29.9482     3.0013      1.697    7.68352     2.9965    23.8545   13.72253 3.7976e-02 0.0000e+00
        246  45.743139    0.01701     1.0208     61.250      1.647  49105.357    29.9544     2.9983      1.632    7.68378     2.9964    23.8597   13.72288 3.7976e-02 0.0000e+00
        247  45.743142    0.01708     1.0250     61.500      1.591  49115.304    29.9607     2.9966      1.576    7.68378     2.9978    23.8649   13.72279 3.7976e-02 0.0000e+00
        248  45.743145    0.01715     1.0292     61.750      1.552  49122.766    29.9657     2.9965      1.537    7.68353     3.0002    23.8689   13.72232 3.7976e-02 0.0000e+00
        249  45.743148    0.01722     1.0333     62.000      1.532  49127.050    29.9690     2.9979      1.518    7.68310     3.0031    23.8714   13.72155 3.7976e-02 0.0000e+00
        250  45.743151    0.01729     1.0375     62.250      1.533  49128.714    29.9707     3.0003      1.519    7.68254     3.0060    23.8726   13.72061 3.7976e-02 0.0000e+00
        251  45.743154    0.01736     1.0417     62.500      1.552  49128.559    29.9713     3.0032      1.538    7.68195     3.0086    23.8728   13.71963 3.7976e-02 0.0000e+00
        252  45.743157    0.01743     1.0458     62.750      1.587  49127.241    29.9711     3.0061      1.572    7.68141     3.0107    23.8724   13.71874 3.7976e-02 0.0000e+00
        253  45.743160    0.01750     1.0500     63.000      1.637  49125.474    29.9705     3.0087      1.622    7.68095     3.0124    23.8718   13.71798 3.7976e-02 0.0000e+00
        254  45.743163    0.01757     1.0542     63.250      1.703  49123.961    29.9700     3.0108      1.687    7.68057     3.0137    23.8712   13.71736 3.7976e-02 0.0000e+00
        255  45.743166    0.01764     1.0583     63.500      1.785  49123.076    29.9698     3.0125      1.768    7.68026     3.0147    23.8709   13.71685 3.7976e-02 0.0000e+00
        256  45.743168    0.01771     1.0625     63.750      1.886  49122.737    29.9698     3.0138      1.868    7.68000     3.0155    23.8708   13.71642 3.7976e-02 0.0000e+00
        257  45.743171    0.01778     1.0667     64.000      2.008  49122.859    29.9701     3.0148      1.989    7.67979     3.0162    23.8709   13.71607 3.7976e-02 0.0000e+00
        258  45.743174    0.01785     1.0708     64.250      2.157  49123.564    29.9707     3.0156      2.137    7.67960     3.0168    23.8713   13.71576 3.7976e-02 0.0000e+00
        259  45.743177    0.01792     1.0750     64.500      2.334  49124.699    29.9716     3.0163      2.312    7.67943     3.0175    23.8720   13.71546 3.7976e-02 0.0000e+00
        260  45.743180    0.01799     1.0792     64.750      2.528  49125.899    29.9724     3.0169      2.504    7.67926     3.0182    23.8726   13.71517 3.7976e-02 0.0000e+00
        261  45.743183    0.01806     1.0833     65.000      2.721  49127.025    29.9732     3.0176      2.696    7.67909     3.0189    23.8732   13.71487 3.7976e-02 0.0000e+00
        262  45.743186    0.01812     1.0875     65.250      2.899  49128.216    29.9741     3.0183      2.872    7.67890     3.0196    23.8739   13.71456 3.7976e-02 0.0000e+00
        263  45.743189    0.01819     1.0917     65.500      3.054  49129.572    29.9752     3.0190      3.025    7.67871     3.0203    23.8746   13.71423 3.7976e-02 0.0000e+00
        264  45.743192    0.01826     1.0958     65.750      3.183  49130.810    29.9761     3.0198      3.153    7.67852     3.0210    23.8753   13.71390 3.7976e-02 0.0000e+00
        265  45.743194    0.01833     1.1000     66.000      3.290  49131.564    29.9767     3.0205      3.259    7.67836     3.0215    23.8758   13.71362 3.7976e-02 0.0000e+00
        266  45.743197    0.01840     1.1042     66.250      3.385  49131.873    29.9770     3.0211      3.353    7.67822     3.0219    23.8760   13.71339 3.7976e-02 0.0000e+00
        267  45.743200    0.01847     1.1083     66.500      3.480  49132.073    29.9773     3.0217      3.447    7.67811     3.0223    23.8761   13.71320 3.7976e-02 0.0000e+00
        268  45.743203    0.01854     1.1125     66.750      3.589  49132.467    29.9776     3.0221      3.555    7.67801     3.0228    23.8763   13.71303 3.7976e-02 0.0000e+00
        269  45.743206    0.01861     1.1167     67.000      3.727  49133.022    29.9780     3.0225      3.692    7.67790     3.0232    23.8766   13.71286 3.7977e-02 0.0000e+00
        270  45.743209    0.01868     1.1208     67.250      3.910  49133.436    29.9783     3.0230      3.873    7.67780     3.0237    23.8768   13.71268 3.7977e-02 0.0000e+00
        271  45.743212    0.01875     1.1250     67.500      4.153  49133.611    29.9784     3.0234      4.114    7.67770     3.0241    23.8769   13.71252 3.7978e-02 0.0000e+00
