CTD-processing/allCTD/CNV--turbid/2016_08-30_t7_s06_cast083.cnv
* Sea-Bird SBE19plus Data File:
* FileName = C:\Users\Kim.Powell\Desktop\2016_08-30_T7_5028\2016_08-30_T7_5028_cast083.hex
* Software Version 1.59
* Temperature SN =  5028
* Conductivity SN =  5028
* System UpLoad Time = Aug 30 2016 17:39:28
** CookInlet LTM Transect 7
** 2016_08-30
** Station: 7-06
** Start Time: 13:48
** Depth (m): 55.8
** Comment:
** Comment:
# nquan = 16
# nvalues = 560                         
# units = specified
# name 0 = scan: Scan Count
# name 1 = timeJ: Julian Days
# name 2 = timeH: Time, Elapsed [hours]
# name 3 = timeM: Time, Elapsed [minutes]
# name 4 = timeS: Time, Elapsed [seconds]
# name 5 = prdM: Pressure, Strain Gauge [db]
# name 6 = specc: Specific Conductance [uS/cm]
# name 7 = sal00: Salinity, Practical [PSU]
# name 8 = tv290C: Temperature [ITS-90, deg C]
# name 9 = depSM: Depth [salt water, m], lat = 59.00
# name 10 = oxsolML/L: Oxygen Saturation, Garcia & Gordon [ml/l]
# name 11 = potemp090C: Potential Temperature [ITS-90, deg C]
# name 12 = sigma-é00: Density [sigma-theta, kg/m^3]
# name 13 = n2satML/L: Nitrogen Saturation [ml/l]
# name 14 = par: PAR/Irradiance, Biospherical/Licor
# name 15 = flag:  0.000e+00
# span 0 =          1,        560       
# span 1 = 243.575058, 243.576675       
# span 2 =    0.00000,    0.03882       
# span 3 =     0.0000,     2.3292       
# span 4 =      0.000,    139.750       
# span 5 =     -0.043,     54.730       
# span 6 =    647.754,  47644.781       
# span 7 =     0.3148,    30.3641       
# span 8 =    11.6905,    13.8655       
# span 9 =     -0.043,     54.211       
# span 10 =    6.03607,    7.25560      
# span 11 =    11.6839,    13.8653      
# span 12 =    -0.4591,    23.0483      
# span 13 =   11.00290,   13.41409      
# span 14 = 8.6841e-02, 1.4841e+03      
# span 15 = 0.0000e+00, 0.0000e+00      
# interval = seconds: 0.25
# start_time = Aug 30 2016 13:48:05 [Instrument's time stamp, header]
# bad_flag = -9.990e-29
*END*
[from data line 272]
        273 243.575845    0.01889     1.1333     68.000      0.835  45777.922    29.2186    13.4250      0.827    6.09137    13.4220    21.8373   11.09493 3.7983e+01 0.0000e+00
        274 243.575848    0.01896     1.1375     68.250      0.865  45776.799    29.2177    13.4237      0.857    6.09157    13.4199    21.8369   11.09526 3.8627e+01 0.0000e+00
        275 243.575851    0.01903     1.1417     68.500      0.883  45775.681    29.2168    13.4221      0.875    6.09181    13.4175    21.8365   11.09567 3.8877e+01 0.0000e+00
        276 243.575854    0.01910     1.1458     68.750      0.885  45774.836    29.2160    13.4200      0.876    6.09209    13.4148    21.8363   11.09616 3.8776e+01 0.0000e+00
        277 243.575856    0.01917     1.1500     69.000      0.869  45774.031    29.2152    13.4176      0.861    6.09243    13.4116    21.8361   11.09672 3.8856e+01 0.0000e+00
        278 243.575859    0.01924     1.1542     69.250      0.841  45772.644    29.2140    13.4149      0.833    6.09281    13.4073    21.8357   11.09737 3.9400e+01 0.0000e+00
        279 243.575862    0.01931     1.1583     69.500      0.808  45770.062    29.2120    13.4117      0.800    6.09329    13.4012    21.8348   11.09819 4.0103e+01 0.0000e+00
        280 243.575865    0.01938     1.1625     69.750      0.778  45765.304    29.2083    13.4074      0.771    6.09398    13.3934    21.8328   11.09937 4.0726e+01 0.0000e+00
        281 243.575868    0.01944     1.1667     70.000      0.761  45760.240    29.2042    13.4013      0.754    6.09491    13.3854    21.8308   11.10096 4.1066e+01 0.0000e+00
        282 243.575871    0.01951     1.1708     70.250      0.760  45759.396    29.2030    13.3936      0.753    6.09594    13.3786    21.8314   11.10268 4.0615e+01 0.0000e+00
        283 243.575874    0.01958     1.1750     70.500      0.777  45762.737    29.2047    13.3855      0.770    6.09688    13.3737    21.8343   11.10424 3.9746e+01 0.0000e+00
        284 243.575877    0.01965     1.1792     70.750      0.809  45766.956    29.2072    13.3788      0.801    6.09764    13.3702    21.8375   11.10547 3.9422e+01 0.0000e+00
        285 243.575880    0.01972     1.1833     71.000      0.843  45770.339    29.2092    13.3738      0.835    6.09819    13.3677    21.8399   11.10637 3.9750e+01 0.0000e+00
        286 243.575883    0.01979     1.1875     71.250      0.869  45772.572    29.2105    13.3703      0.861    6.09858    13.3660    21.8416   11.10700 4.0163e+01 0.0000e+00
        287 243.575885    0.01986     1.1917     71.500      0.878  45774.077    29.2113    13.3679      0.870    6.09886    13.3650    21.8428   11.10745 4.0375e+01 0.0000e+00
        288 243.575888    0.01993     1.1958     71.750      0.868  45775.241    29.2120    13.3662      0.860    6.09905    13.3644    21.8436   11.10776 4.0699e+01 0.0000e+00
        289 243.575891    0.02000     1.2000     72.000      0.844  45776.027    29.2125    13.3651      0.836    6.09917    13.3642    21.8442   11.10795 4.1520e+01 0.0000e+00
        290 243.575894    0.02007     1.2042     72.250      0.814  45776.554    29.2129    13.3645      0.806    6.09923    13.3643    21.8446   11.10805 4.2221e+01 0.0000e+00
        291 243.575897    0.02014     1.2083     72.500      0.790  45777.168    29.2133    13.3643      0.782    6.09923    13.3646    21.8450   11.10805 4.1938e+01 0.0000e+00
        292 243.575900    0.02021     1.2125     72.750      0.782  45777.795    29.2137    13.3644      0.774    6.09920    13.3651    21.8453   11.10799 4.1177e+01 0.0000e+00
        293 243.575903    0.02028     1.2167     73.000      0.791  45778.189    29.2140    13.3647      0.784    6.09915    13.3655    21.8455   11.10791 4.0808e+01 0.0000e+00
        294 243.575906    0.02035     1.2208     73.250      0.815  45778.371    29.2142    13.3652      0.807    6.09909    13.3660    21.8455   11.10780 4.0714e+01 0.0000e+00
        295 243.575909    0.02042     1.2250     73.500      0.843  45778.367    29.2142    13.3656      0.835    6.09903    13.3662    21.8454   11.10770 4.0316e+01 0.0000e+00
        296 243.575911    0.02049     1.2292     73.750      0.868  45778.056    29.2140    13.3661      0.860    6.09898    13.3662    21.8452   11.10763 3.9609e+01 0.0000e+00
        297 243.575914    0.02056     1.2333     74.000      0.885  45777.499    29.2136    13.3663      0.876    6.09896    13.3660    21.8448   11.10760 3.8920e+01 0.0000e+00
        298 243.575917    0.02063     1.2375     74.250      0.890  45777.065    29.2133    13.3663      0.881    6.09897    13.3657    21.8446   11.10762 3.8712e+01 0.0000e+00
        299 243.575920    0.02069     1.2417     74.500      0.883  45776.954    29.2132    13.3661      0.875    6.09900    13.3654    21.8446   11.10767 3.9063e+01 0.0000e+00
        300 243.575923    0.02076     1.2458     74.750      0.870  45776.961    29.2132    13.3658      0.862    6.09904    13.3651    21.8446   11.10773 3.9498e+01 0.0000e+00
        301 243.575926    0.02083     1.2500     75.000      0.853  45776.872    29.2132    13.3656      0.845    6.09908    13.3648    21.8446   11.10780 4.0124e+01 0.0000e+00
        302 243.575929    0.02090     1.2542     75.250      0.838  45776.832    29.2131    13.3653      0.830    6.09912    13.3646    21.8446   11.10786 4.0708e+01 0.0000e+00
        303 243.575932    0.02097     1.2583     75.500      0.827  45777.131    29.2133    13.3650      0.820    6.09915    13.3646    21.8448   11.10791 4.0396e+01 0.0000e+00
        304 243.575935    0.02104     1.2625     75.750      0.822  45777.767    29.2137    13.3648      0.815    6.09916    13.3649    21.8452   11.10792 3.9613e+01 0.0000e+00
        305 243.575938    0.02111     1.2667     76.000      0.824  45778.447    29.2142    13.3648      0.817    6.09914    13.3654    21.8456   11.10789 3.9306e+01 0.0000e+00
        306 243.575940    0.02118     1.2708     76.250      0.835  45778.961    29.2146    13.3650      0.827    6.09909    13.3661    21.8458   11.10781 3.9226e+01 0.0000e+00
        307 243.575943    0.02125     1.2750     76.500      0.853  45779.352    29.2149    13.3655      0.845    6.09902    13.3671    21.8460   11.10768 3.9224e+01 0.0000e+00
        308 243.575946    0.02132     1.2792     76.750      0.876  45779.703    29.2152    13.3663      0.867    6.09892    13.3682    21.8461   11.10750 3.9605e+01 0.0000e+00
        309 243.575949    0.02139     1.2833     77.000      0.896  45779.987    29.2155    13.3672      0.887    6.09879    13.3694    21.8461   11.10729 3.9706e+01 0.0000e+00
        310 243.575952    0.02146     1.2875     77.250      0.907  45779.873    29.2155    13.3683      0.898    6.09865    13.3703    21.8459   11.10705 3.9401e+01 0.0000e+00
        311 243.575955    0.02153     1.2917     77.500      0.906  45779.001    29.2150    13.3695      0.898    6.09851    13.3708    21.8453   11.10684 3.9632e+01 0.0000e+00
        312 243.575958    0.02160     1.2958     77.750      0.894  45777.596    29.2140    13.3705      0.886    6.09843    13.3706    21.8444   11.10671 4.0077e+01 0.0000e+00
        313 243.575961    0.02167     1.3000     78.000      0.876  45776.197    29.2131    13.3709      0.868    6.09841    13.3700    21.8436   11.10668 4.0019e+01 0.0000e+00
        314 243.575964    0.02174     1.3042     78.250      0.855  45775.263    29.2124    13.3707      0.848    6.09845    13.3692    21.8431   11.10676 3.9878e+01 0.0000e+00
        315 243.575966    0.02181     1.3083     78.500      0.840  45775.083    29.2122    13.3701      0.832    6.09853    13.3685    21.8431   11.10690 3.9919e+01 0.0000e+00
        316 243.575969    0.02187     1.3125     78.750      0.832  45775.472    29.2125    13.3694      0.825    6.09862    13.3680    21.8434   11.10705 4.0398e+01 0.0000e+00
        317 243.575972    0.02194     1.3167     79.000      0.833  45775.883    29.2127    13.3687      0.825    6.09870    13.3676    21.8437   11.10718 4.1100e+01 0.0000e+00
        318 243.575975    0.02201     1.3208     79.250      0.837  45776.093    29.2128    13.3681      0.830    6.09877    13.3672    21.8438   11.10729 4.0749e+01 0.0000e+00
        319 243.575978    0.02208     1.3250     79.500      0.843  45776.240    29.2129    13.3677      0.835    6.09882    13.3669    21.8440   11.10737 3.9776e+01 0.0000e+00
        320 243.575981    0.02215     1.3292     79.750      0.850  45776.220    29.2128    13.3673      0.842    6.09886    13.3665    21.8440   11.10745 3.9234e+01 0.0000e+00
        321 243.575984    0.02222     1.3333     80.000      0.864  45775.912    29.2126    13.3670      0.856    6.09891    13.3659    21.8439   11.10753 3.8558e+01 0.0000e+00
        322 243.575987    0.02229     1.3375     80.250      0.888  45775.589    29.2123    13.3666      0.880    6.09898    13.3651    21.8438   11.10765 3.7979e+01 0.0000e+00
        323 243.575990    0.02236     1.3417     80.500      0.922  45775.348    29.2121    13.3660      0.914    6.09906    13.3643    21.8437   11.10779 3.8675e+01 0.0000e+00
        324 243.575992    0.02243     1.3458     80.750      0.955  45774.979    29.2118    13.3653      0.947    6.09917    13.3633    21.8436   11.10796 4.0183e+01 0.0000e+00
        325 243.575995    0.02250     1.3500     81.000      0.979  45774.650    29.2114    13.3644      0.970    6.09929    13.3624    21.8436   11.10817 4.0706e+01 0.0000e+00
        326 243.575998    0.02257     1.3542     81.250      0.992  45774.925    29.2115    13.3634      0.983    6.09941    13.3619    21.8438   11.10836 3.9811e+01 0.0000e+00
        327 243.576001    0.02264     1.3583     81.500      1.007  45775.819    29.2121    13.3626      0.998    6.09949    13.3619    21.8444   11.10850 3.8443e+01 0.0000e+00
        328 243.576004    0.02271     1.3625     81.750      1.047  45776.815    29.2128    13.3621      1.038    6.09953    13.3621    21.8450   11.10856 3.6917e+01 0.0000e+00
        329 243.576007    0.02278     1.3667     82.000      1.138  45777.533    29.2132    13.3620      1.128    6.09952    13.3625    21.8454   11.10854 3.5417e+01 0.0000e+00
        330 243.576010    0.02285     1.3708     82.250      1.294  45777.714    29.2133    13.3623      1.282    6.09949    13.3628    21.8454   11.10847 3.4046e+01 0.0000e+00
        331 243.576013    0.02292     1.3750     82.500      1.504  45777.035    29.2128    13.3628      1.489    6.09945    13.3623    21.8449   11.10842 3.2193e+01 0.0000e+00
        332 243.576016    0.02299     1.3792     82.750      1.747  45775.078    29.2114    13.3630      1.731    6.09947    13.3606    21.8438   11.10847 2.9858e+01 0.0000e+00
        333 243.576019    0.02306     1.3833     83.000      2.007  45771.667    29.2088    13.3626      1.988    6.09962    13.3575    21.8419   11.10875 2.7551e+01 0.0000e+00
        334 243.576021    0.02313     1.3875     83.250      2.271  45767.781    29.2058    13.3610      2.249    6.09993    13.3532    21.8399   11.10931 2.5424e+01 0.0000e+00
        335 243.576024    0.02319     1.3917     83.500      2.532  45765.347    29.2038    13.3579      2.508    6.10041    13.3482    21.8389   11.11012 2.3562e+01 0.0000e+00
        336 243.576027    0.02326     1.3958     83.750      2.788  45764.789    29.2029    13.3536      2.762    6.10098    13.3430    21.8391   11.11109 2.2027e+01 0.0000e+00
        337 243.576030    0.02333     1.4000     84.000      3.036  45765.169    29.2027    13.3486      3.008    6.10162    13.3377    21.8399   11.11214 2.0714e+01 0.0000e+00
        338 243.576033    0.02340     1.4042     84.250      3.277  45766.643    29.2033    13.3434      3.247    6.10226    13.3329    21.8413   11.11320 1.9490e+01 0.0000e+00
        339 243.576036    0.02347     1.4083     84.500      3.514  45769.559    29.2048    13.3381      3.481    6.10286    13.3289    21.8436   11.11418 1.8352e+01 0.0000e+00
        340 243.576039    0.02354     1.4125     84.750      3.747  45773.293    29.2070    13.3334      3.712    6.10338    13.3258    21.8462   11.11502 1.7392e+01 0.0000e+00
        341 243.576042    0.02361     1.4167     85.000      3.979  45777.191    29.2094    13.3294      3.942    6.10380    13.3231    21.8488   11.11568 1.6658e+01 0.0000e+00
        342 243.576045    0.02368     1.4208     85.250      4.213  45779.994    29.2111    13.3263      4.174    6.10413    13.3198    21.8506   11.11621 1.6105e+01 0.0000e+00
        343 243.576047    0.02375     1.4250     85.500      4.449  45780.507    29.2111    13.3237      4.408    6.10445    13.3142    21.8512   11.11675 1.5661e+01 0.0000e+00
        344 243.576050    0.02382     1.4292     85.750      4.689  45778.790    29.2096    13.3204      4.645    6.10493    13.3056    21.8506   11.11756 1.5280e+01 0.0000e+00
        345 243.576053    0.02389     1.4333     86.000      4.931  45777.016    29.2078    13.3149      4.885    6.10570    13.2950    21.8503   11.11885 1.4948e+01 0.0000e+00
        346 243.576056    0.02396     1.4375     86.250      5.177  45779.095    29.2085    13.3063      5.128    6.10676    13.2846    21.8525   11.12061 1.4654e+01 0.0000e+00
        347 243.576059    0.02403     1.4417     86.500      5.426  45785.479    29.2121    13.2958      5.375    6.10795    13.2753    21.8573   11.12256 1.4387e+01 0.0000e+00
        348 243.576062    0.02410     1.4458     86.750      5.679  45793.059    29.2165    13.2854      5.625    6.10910    13.2671    21.8627   11.12441 1.4153e+01 0.0000e+00
        349 243.576065    0.02417     1.4500     87.000      5.933  45800.137    29.2207    13.2762      5.877    6.11011    13.2597    21.8678   11.12605 1.3969e+01 0.0000e+00
        350 243.576068    0.02424     1.4542     87.250      6.189  45806.835    29.2247    13.2679      6.131    6.11101    13.2535    21.8724   11.12750 1.3853e+01 0.0000e+00
        351 243.576071    0.02431     1.4583     87.500      6.445  45813.320    29.2286    13.2606      6.384    6.11179    13.2486    21.8769   11.12874 1.3812e+01 0.0000e+00
        352 243.576073    0.02438     1.4625     87.750      6.699  45819.399    29.2323    13.2544      6.636    6.11243    13.2449    21.8809   11.12977 1.3846e+01 0.0000e+00
        353 243.576076    0.02444     1.4667     88.000      6.950  45824.750    29.2356    13.2495      6.884    6.11292    13.2421    21.8844   11.13055 1.3952e+01 0.0000e+00
        354 243.576079    0.02451     1.4708     88.250      7.195  45829.193    29.2383    13.2458      7.127    6.11328    13.2401    21.8873   11.13113 1.4128e+01 0.0000e+00
        355 243.576082    0.02458     1.4750     88.500      7.433  45832.770    29.2406    13.2431      7.363    6.11354    13.2386    21.8895   11.13153 1.4377e+01 0.0000e+00
        356 243.576085    0.02465     1.4792     88.750      7.666  45835.549    29.2423    13.2411      7.594    6.11373    13.2374    21.8913   11.13183 1.4713e+01 0.0000e+00
        357 243.576088    0.02472     1.4833     89.000      7.894  45837.761    29.2437    13.2396      7.820    6.11387    13.2365    21.8926   11.13204 1.5126e+01 0.0000e+00
        358 243.576091    0.02479     1.4875     89.250      8.117  45839.755    29.2449    13.2384      8.041    6.11397    13.2359    21.8938   11.13219 1.5583e+01 0.0000e+00
        359 243.576094    0.02486     1.4917     89.500      8.340  45841.701    29.2461    13.2376      8.261    6.11403    13.2355    21.8949   11.13228 1.6055e+01 0.0000e+00
        360 243.576097    0.02493     1.4958     89.750      8.564  45843.788    29.2475    13.2370      8.484    6.11406    13.2353    21.8960   11.13230 1.6522e+01 0.0000e+00
        361 243.576100    0.02500     1.5000     90.000      8.794  45846.039    29.2490    13.2366      8.712    6.11405    13.2351    21.8973   11.13227 1.6967e+01 0.0000e+00
