CTD-processing/allCTD/CNV--turbid/2016_08-29_t3_s07_cast054.cnv
* Sea-Bird SBE19plus Data File:
* FileName = C:\Users\Kim.Powell\Desktop\2016_08-29_T3_5028\2016_08-29_T3_5028_cast054.hex
* Software Version 1.59
* Temperature SN =  5028
* Conductivity SN =  5028
* System UpLoad Time = Aug 29 2016 21:36:21
** CookInlet LTM Transect 3
** 2016_08-29
** Station: 3-07
** Start Time: 10:31
** Depth (m): 103.3
** Comment:
** Comment:
# nquan = 16
# nvalues = 1004                        
# units = specified
# name 0 = scan: Scan Count
# name 1 = timeJ: Julian Days
# name 2 = timeH: Time, Elapsed [hours]
# name 3 = timeM: Time, Elapsed [minutes]
# name 4 = timeS: Time, Elapsed [seconds]
# name 5 = prdM: Pressure, Strain Gauge [db]
# name 6 = specc: Specific Conductance [uS/cm]
# name 7 = sal00: Salinity, Practical [PSU]
# name 8 = tv290C: Temperature [ITS-90, deg C]
# name 9 = depSM: Depth [salt water, m], lat = 59.00
# name 10 = oxsolML/L: Oxygen Saturation, Garcia & Gordon [ml/l]
# name 11 = potemp090C: Potential Temperature [ITS-90, deg C]
# name 12 = sigma-é00: Density [sigma-theta, kg/m^3]
# name 13 = n2satML/L: Nitrogen Saturation [ml/l]
# name 14 = par: PAR/Irradiance, Biospherical/Licor
# name 15 = flag:  0.000e+00
# span 0 =          1,       1004       
# span 1 = 242.438495, 242.441398       
# span 2 =    0.00000,    0.06965       
# span 3 =     0.0000,     4.1792       
# span 4 =      0.000,    250.750       
# span 5 =      0.053,     87.939       
# span 6 =    411.936,  46235.169       
# span 7 =     0.1984,    29.4202       
# span 8 =    12.3637,    14.1926       
# span 9 =      0.053,     87.099       
# span 10 =    6.18195,    7.18334      
# span 11 =    12.3527,    14.1926      
# span 12 =    -0.6169,    22.1955      
# span 13 =   11.27310,   13.29301      
# span 14 = 6.9046e-02, 1.3690e+03      
# span 15 = 0.0000e+00, 0.0000e+00      
# interval = seconds: 0.25
# start_time = Aug 29 2016 10:31:26 [Instrument's time stamp, header]
# bad_flag = -9.990e-29
*END*
[from data line 181]
        182 242.439019    0.01257     0.7542     45.250      0.929  42518.363    26.9142    13.2994      0.920    6.19558    13.2896    20.0827   11.29491 5.2101e+02 0.0000e+00
        183 242.439022    0.01264     0.7583     45.500      0.911  42503.758    26.9036    13.2949      0.903    6.19657    13.2838    20.0754   11.29668 5.2726e+02 0.0000e+00
        184 242.439025    0.01271     0.7625     45.750      0.896  42486.535    26.8912    13.2897      0.888    6.19772    13.2778    20.0668   11.29873 5.5575e+02 0.0000e+00
        185 242.439028    0.01278     0.7667     46.000      0.887  42473.410    26.8816    13.2839      0.879    6.19884    13.2726    20.0605   11.30071 5.8609e+02 0.0000e+00
        186 242.439031    0.01285     0.7708     46.250      0.886  42468.484    26.8777    13.2779      0.878    6.19976    13.2687    20.0586   11.30229 5.7544e+02 0.0000e+00
        187 242.439034    0.01292     0.7750     46.500      0.892  42472.852    26.8804    13.2727      0.884    6.20034    13.2666    20.0617   11.30323 5.3288e+02 0.0000e+00
        188 242.439036    0.01299     0.7792     46.750      0.901  42486.311    26.8896    13.2688      0.893    6.20049    13.2665    20.0694   11.30337 5.1120e+02 0.0000e+00
        189 242.439039    0.01306     0.7833     47.000      0.909  42505.698    26.9030    13.2667      0.901    6.20024    13.2685    20.0802   11.30280 5.2826e+02 0.0000e+00
        190 242.439042    0.01313     0.7875     47.250      0.912  42523.201    26.9152    13.2666      0.904    6.19978    13.2722    20.0896   11.30189 5.8808e+02 0.0000e+00
        191 242.439045    0.01319     0.7917     47.500      0.909  42530.121    26.9202    13.2686      0.901    6.19933    13.2764    20.0931   11.30108 6.5116e+02 0.0000e+00
        192 242.439048    0.01326     0.7958     47.750      0.902  42521.343    26.9143    13.2723      0.894    6.19907    13.2790    20.0879   11.30072 6.4851e+02 0.0000e+00
        193 242.439051    0.01333     0.8000     48.000      0.893  42500.177    26.8998    13.2765      0.885    6.19909    13.2784    20.0759   11.30093 6.1630e+02 0.0000e+00
        194 242.439054    0.01340     0.8042     48.250      0.886  42477.485    26.8841    13.2791      0.877    6.19937    13.2749    20.0633   11.30157 6.0840e+02 0.0000e+00
        195 242.439057    0.01347     0.8083     48.500      0.883  42462.477    26.8736    13.2785      0.874    6.19985    13.2698    20.0553   11.30249 6.0304e+02 0.0000e+00
        196 242.439060    0.01354     0.8125     48.750      0.885  42458.258    26.8704    13.2750      0.877    6.20043    13.2646    20.0535   11.30349 5.8402e+02 0.0000e+00
        197 242.439063    0.01361     0.8167     49.000      0.892  42464.415    26.8743    13.2699      0.883    6.20094    13.2601    20.0575   11.30429 5.6556e+02 0.0000e+00
        198 242.439065    0.01368     0.8208     49.250      0.899  42478.919    26.8841    13.2647      0.891    6.20124    13.2565    20.0660   11.30468 5.5095e+02 0.0000e+00
        199 242.439068    0.01375     0.8250     49.500      0.906  42497.537    26.8968    13.2602      0.897    6.20133    13.2535    20.0766   11.30468 5.2911e+02 0.0000e+00
        200 242.439071    0.01382     0.8292     49.750      0.908  42514.261    26.9082    13.2566      0.899    6.20134    13.2511    20.0861   11.30458 5.2013e+02 0.0000e+00
        201 242.439074    0.01389     0.8333     50.000      0.904  42524.247    26.9150    13.2536      0.896    6.20146    13.2491    20.0919   11.30470 5.3343e+02 0.0000e+00
        202 242.439077    0.01396     0.8375     50.250      0.896  42525.568    26.9158    13.2512      0.888    6.20175    13.2473    20.0930   11.30517 5.5621e+02 0.0000e+00
        203 242.439080    0.01403     0.8417     50.500      0.883  42519.190    26.9112    13.2492      0.875    6.20219    13.2456    20.0898   11.30596 6.0226e+02 0.0000e+00
        204 242.439083    0.01410     0.8458     50.750      0.868  42508.723    26.9038    13.2474      0.860    6.20271    13.2438    20.0844   11.30691 6.3866e+02 0.0000e+00
        205 242.439086    0.01417     0.8500     51.000      0.854  42498.043    26.8962    13.2457      0.846    6.20323    13.2420    20.0788   11.30785 6.3203e+02 0.0000e+00
        206 242.439089    0.01424     0.8542     51.250      0.844  42488.819    26.8896    13.2439      0.836    6.20371    13.2404    20.0741   11.30874 6.2888e+02 0.0000e+00
        207 242.439091    0.01431     0.8583     51.500      0.838  42481.421    26.8843    13.2421      0.830    6.20415    13.2391    20.0703   11.30953 6.3388e+02 0.0000e+00
        208 242.439094    0.01438     0.8625     51.750      0.839  42476.578    26.8807    13.2405      0.831    6.20450    13.2384    20.0679   11.31015 5.9544e+02 0.0000e+00
        209 242.439097    0.01444     0.8667     52.000      0.847  42475.463    26.8799    13.2393      0.840    6.20469    13.2384    20.0675   11.31048 5.1518e+02 0.0000e+00
        210 242.439100    0.01451     0.8708     52.250      0.862  42479.295    26.8825    13.2386      0.854    6.20467    13.2391    20.0696   11.31043 4.5012e+02 0.0000e+00
        211 242.439103    0.01458     0.8750     52.500      0.882  42489.128    26.8894    13.2385      0.874    6.20441    13.2406    20.0750   11.30991 4.2642e+02 0.0000e+00
        212 242.439106    0.01465     0.8792     52.750      0.902  42504.503    26.9002    13.2392      0.894    6.20390    13.2427    20.0832   11.30894 4.3058e+02 0.0000e+00
        213 242.439109    0.01472     0.8833     53.000      0.920  42521.522    26.9122    13.2407      0.912    6.20325    13.2456    20.0922   11.30771 4.5346e+02 0.0000e+00
        214 242.439112    0.01479     0.8875     53.250      0.932  42534.951    26.9218    13.2428      0.923    6.20261    13.2493    20.0991   11.30653 4.7967e+02 0.0000e+00
        215 242.439115    0.01486     0.8917     53.500      0.936  42540.944    26.9262    13.2457      0.927    6.20206    13.2532    20.1020   11.30556 4.9434e+02 0.0000e+00
        216 242.439117    0.01493     0.8958     53.750      0.932  42536.704    26.9235    13.2494      0.923    6.20169    13.2564    20.0992   11.30497 5.2447e+02 0.0000e+00
        217 242.439120    0.01500     0.9000     54.000      0.923  42522.452    26.9138    13.2533      0.914    6.20156    13.2585    20.0910   11.30488 5.9890e+02 0.0000e+00
        218 242.439123    0.01507     0.9042     54.250      0.912  42502.929    26.9003    13.2565      0.903    6.20166    13.2587    20.0800   11.30519 6.8247e+02 0.0000e+00
        219 242.439126    0.01514     0.9083     54.500      0.902  42484.686    26.8877    13.2586      0.894    6.20188    13.2570    20.0699   11.30570 7.0846e+02 0.0000e+00
        220 242.439129    0.01521     0.9125     54.750      0.895  42472.356    26.8791    13.2588      0.886    6.20218    13.2543    20.0632   11.30632 6.7877e+02 0.0000e+00
        221 242.439132    0.01528     0.9167     55.000      0.890  42466.593    26.8749    13.2571      0.882    6.20256    13.2512    20.0603   11.30700 6.6653e+02 0.0000e+00
        222 242.439135    0.01535     0.9208     55.250      0.887  42464.969    26.8736    13.2544      0.879    6.20297    13.2481    20.0598   11.30769 7.1356e+02 0.0000e+00
        223 242.439138    0.01542     0.9250     55.500      0.886  42464.572    26.8731    13.2513      0.878    6.20338    13.2448    20.0600   11.30838 7.6685e+02 0.0000e+00
        224 242.439141    0.01549     0.9292     55.750      0.886  42463.774    26.8723    13.2482      0.878    6.20382    13.2415    20.0600   11.30912 7.5267e+02 0.0000e+00
        225 242.439144    0.01556     0.9333     56.000      0.889  42462.770    26.8714    13.2449      0.881    6.20428    13.2385    20.0599   11.30990 7.0293e+02 0.0000e+00
        226 242.439146    0.01563     0.9375     56.250      0.895  42463.183    26.8715    13.2416      0.887    6.20470    13.2362    20.0605   11.31061 6.8434e+02 0.0000e+00
        227 242.439149    0.01569     0.9417     56.500      0.904  42466.497    26.8736    13.2387      0.895    6.20501    13.2346    20.0627   11.31109 6.9128e+02 0.0000e+00
        228 242.439152    0.01576     0.9458     56.750      0.915  42473.336    26.8782    13.2363      0.907    6.20514    13.2338    20.0667   11.31125 6.9501e+02 0.0000e+00
        229 242.439155    0.01583     0.9500     57.000      0.928  42483.902    26.8854    13.2347      0.919    6.20506    13.2336    20.0726   11.31104 7.2705e+02 0.0000e+00
        230 242.439158    0.01590     0.9542     57.250      0.941  42497.296    26.8947    13.2339      0.932    6.20481    13.2335    20.0800   11.31050 7.5470e+02 0.0000e+00
        231 242.439161    0.01597     0.9583     57.500      0.952  42510.776    26.9042    13.2337      0.943    6.20447    13.2332    20.0873   11.30983 6.9722e+02 0.0000e+00
        232 242.439164    0.01604     0.9625     57.750      0.959  42521.535    26.9117    13.2336      0.949    6.20420    13.2330    20.0931   11.30928 6.2897e+02 0.0000e+00
        233 242.439167    0.01611     0.9667     58.000      0.960  42528.381    26.9164    13.2333      0.951    6.20404    13.2331    20.0968   11.30897 6.2776e+02 0.0000e+00
        234 242.439170    0.01618     0.9708     58.250      0.955  42530.792    26.9181    13.2331      0.946    6.20401    13.2333    20.0982   11.30889 6.3641e+02 0.0000e+00
        235 242.439172    0.01625     0.9750     58.500      0.945  42527.980    26.9162    13.2332      0.936    6.20407    13.2336    20.0967   11.30902 5.9856e+02 0.0000e+00
        236 242.439175    0.01632     0.9792     58.750      0.932  42519.352    26.9102    13.2335      0.923    6.20427    13.2336    20.0920   11.30942 5.3803e+02 0.0000e+00
        237 242.439178    0.01639     0.9833     59.000      0.918  42505.688    26.9006    13.2337      0.909    6.20460    13.2334    20.0845   11.31010 4.9060e+02 0.0000e+00
        238 242.439181    0.01646     0.9875     59.250      0.906  42490.130    26.8897    13.2337      0.898    6.20502    13.2331    20.0761   11.31092 4.6209e+02 0.0000e+00
        239 242.439184    0.01653     0.9917     59.500      0.900  42476.914    26.8805    13.2335      0.892    6.20541    13.2331    20.0690   11.31168 4.4321e+02 0.0000e+00
        240 242.439187    0.01660     0.9958     59.750      0.901  42468.855    26.8748    13.2332      0.893    6.20567    13.2334    20.0647   11.31217 4.2869e+02 0.0000e+00
        241 242.439190    0.01667     1.0000     60.000      0.907  42467.108    26.8736    13.2332      0.899    6.20572    13.2340    20.0638   11.31227 4.2276e+02 0.0000e+00
        242 242.439193    0.01674     1.0042     60.250      0.918  42472.283    26.8772    13.2335      0.909    6.20553    13.2348    20.0665   11.31192 4.2807e+02 0.0000e+00
        243 242.439196    0.01681     1.0083     60.500      0.929  42483.627    26.8852    13.2341      0.921    6.20515    13.2357    20.0726   11.31118 4.4491e+02 0.0000e+00
        244 242.439198    0.01688     1.0125     60.750      0.940  42497.237    26.8948    13.2349      0.931    6.20468    13.2369    20.0798   11.31028 4.6289e+02 0.0000e+00
        245 242.439201    0.01694     1.0167     61.000      0.949  42507.989    26.9024    13.2358      0.940    6.20426    13.2386    20.0855   11.30951 4.7457e+02 0.0000e+00
        246 242.439204    0.01701     1.0208     61.250      0.956  42512.850    26.9059    13.2370      0.947    6.20397    13.2403    20.0880   11.30898 5.0481e+02 0.0000e+00
        247 242.439207    0.01708     1.0250     61.500      0.959  42510.929    26.9046    13.2387      0.950    6.20380    13.2415    20.0867   11.30871 5.5264e+02 0.0000e+00
        248 242.439210    0.01715     1.0292     61.750      0.959  42503.528    26.8996    13.2405      0.950    6.20377    13.2419    20.0825   11.30872 5.8549e+02 0.0000e+00
        249 242.439213    0.01722     1.0333     62.000      0.957  42493.724    26.8928    13.2417      0.948    6.20387    13.2416    20.0770   11.30897 5.9398e+02 0.0000e+00
        250 242.439216    0.01729     1.0375     62.250      0.951  42484.028    26.8860    13.2421      0.942    6.20409    13.2408    20.0717   11.30940 5.7172e+02 0.0000e+00
        251 242.439219    0.01736     1.0417     62.500      0.943  42475.329    26.8799    13.2418      0.934    6.20436    13.2395    20.0671   11.30994 5.4286e+02 0.0000e+00
        252 242.439222    0.01743     1.0458     62.750      0.934  42467.511    26.8744    13.2409      0.926    6.20469    13.2380    20.0630   11.31054 5.4768e+02 0.0000e+00
        253 242.439225    0.01750     1.0500     63.000      0.927  42460.565    26.8694    13.2397      0.918    6.20504    13.2364    20.0594   11.31118 5.7686e+02 0.0000e+00
        254 242.439227    0.01757     1.0542     63.250      0.924  42455.346    26.8657    13.2382      0.915    6.20538    13.2350    20.0567   11.31179 6.1786e+02 0.0000e+00
        255 242.439230    0.01764     1.0583     63.500      0.926  42453.163    26.8640    13.2366      0.918    6.20565    13.2339    20.0557   11.31226 6.4281e+02 0.0000e+00
        256 242.439233    0.01771     1.0625     63.750      0.935  42454.890    26.8651    13.2351      0.926    6.20580    13.2333    20.0569   11.31249 6.0871e+02 0.0000e+00
        257 242.439236    0.01778     1.0667     64.000      0.947  42460.754    26.8692    13.2340      0.938    6.20579    13.2332    20.0602   11.31243 5.6278e+02 0.0000e+00
        258 242.439239    0.01785     1.0708     64.250      0.960  42470.485    26.8759    13.2334      0.951    6.20560    13.2336    20.0655   11.31204 5.5432e+02 0.0000e+00
        259 242.439242    0.01792     1.0750     64.500      0.970  42482.749    26.8845    13.2334      0.961    6.20527    13.2342    20.0722   11.31140 5.6826e+02 0.0000e+00
        260 242.439245    0.01799     1.0792     64.750      0.976  42494.814    26.8930    13.2337      0.967    6.20490    13.2351    20.0786   11.31068 6.0434e+02 0.0000e+00
        261 242.439248    0.01806     1.0833     65.000      0.975  42504.067    26.8995    13.2343      0.966    6.20458    13.2367    20.0836   11.31006 6.4366e+02 0.0000e+00
        262 242.439251    0.01812     1.0875     65.250      0.968  42508.935    26.9030    13.2352      0.959    6.20432    13.2386    20.0861   11.30959 6.4285e+02 0.0000e+00
        263 242.439253    0.01819     1.0917     65.500      0.956  42507.667    26.9022    13.2368      0.947    6.20415    13.2401    20.0852   11.30931 6.1505e+02 0.0000e+00
        264 242.439256    0.01826     1.0958     65.750      0.941  42499.150    26.8964    13.2387      0.933    6.20412    13.2402    20.0803   11.30933 6.0892e+02 0.0000e+00
        265 242.439259    0.01833     1.1000     66.000      0.928  42485.529    26.8870    13.2402      0.920    6.20430    13.2391    20.0728   11.30974 6.6054e+02 0.0000e+00
        266 242.439262    0.01840     1.1042     66.250      0.920  42471.981    26.8775    13.2403      0.912    6.20464    13.2372    20.0654   11.31043 7.4479e+02 0.0000e+00
        267 242.439265    0.01847     1.1083     66.500      0.920  42463.417    26.8714    13.2392      0.912    6.20502    13.2353    20.0609   11.31113 7.9214e+02 0.0000e+00
        268 242.439268    0.01854     1.1125     66.750      0.928  42461.797    26.8702    13.2373      0.919    6.20531    13.2337    20.0603   11.31163 8.2773e+02 0.0000e+00
        269 242.439271    0.01861     1.1167     67.000      0.940  42466.892    26.8736    13.2354      0.931    6.20544    13.2326    20.0633   11.31179 8.4150e+02 0.0000e+00
        270 242.439274    0.01868     1.1208     67.250      0.953  42477.592    26.8809    13.2338      0.944    6.20536    13.2322    20.0693   11.31158 7.6634e+02 0.0000e+00
        271 242.439277    0.01875     1.1250     67.500      0.965  42490.936    26.8902    13.2327      0.956    6.20513    13.2323    20.0766   11.31109 6.8059e+02 0.0000e+00
