CTD-processing/allCTD/CNV--turbid/2016_05-12_t9_s01_cast236.cnv
* Sea-Bird SBE19plus Data File:
* FileName = C:\Users\Kris.Holderied\Documents\kasitsna\Research-KBL\Oceanography-AK\CTD-Data-ALL-to-2016-05\2016-CTD-KachemakBay-CookInlet\2016-05-12-CookInlet-HomerSpit-monthly\2016-05-12-CookInlet-Tran9-cast236.hex
* Software Version 1.59
* Temperature SN =  5028
* Conductivity SN =  5028
* System UpLoad Time = May 16 2016 17:06:30
** Cook Inlet LTM Tran9 Homer Spit north to south
** Date (YYYY-MM-DD): 2016-05-12
** Station (ie. 9-01):  9-01
** Start time (AKST): 14:22
** Depth (m): 53
** Comment:  R/V Edgecumbe
** Comment: on turbid side of convergence zone
# nquan = 16
# nvalues = 512                         
# units = specified
# name 0 = scan: Scan Count
# name 1 = timeJ: Julian Days
# name 2 = timeH: Time, Elapsed [hours]
# name 3 = timeM: Time, Elapsed [minutes]
# name 4 = timeS: Time, Elapsed [seconds]
# name 5 = prdM: Pressure, Strain Gauge [db]
# name 6 = specc: Specific Conductance [uS/cm]
# name 7 = sal00: Salinity, Practical [PSU]
# name 8 = tv290C: Temperature [ITS-90, deg C]
# name 9 = depSM: Depth [salt water, m], lat = 59.00
# name 10 = oxsolML/L: Oxygen Saturation, Garcia & Gordon [ml/l]
# name 11 = potemp090C: Potential Temperature [ITS-90, deg C]
# name 12 = sigma-é00: Density [sigma-theta, kg/m^3]
# name 13 = n2satML/L: Nitrogen Saturation [ml/l]
# name 14 = par: PAR/Irradiance, Biospherical/Licor
# name 15 = flag:  0.000e+00
# span 0 =          1,        512       
# span 1 = 133.599363, 133.600842       
# span 2 =    0.00000,    0.03549       
# span 3 =     0.0000,     2.1292       
# span 4 =      0.000,    127.750       
# span 5 =      0.109,     52.172       
# span 6 =   1946.273,  49949.923       
# span 7 =     0.9959,    31.2892       
# span 8 =     6.6541,     8.5646       
# span 9 =      0.108,     51.678       
# span 10 =    6.83579,    8.33186      
# span 11 =     6.6505,     8.5645      
# span 12 =     0.6667,    24.5394      
# span 13 =   12.32724,   15.22356      
# span 14 = 4.6209e-02, 1.7669e+03      
# span 15 = 0.0000e+00, 0.0000e+00      
# interval = seconds: 0.25
# start_time = May 12 2016 14:23:05 [Instrument's time stamp, header]
# bad_flag = -9.990e-29
*END*
[from data line 91]
         92 133.599627    0.00632     0.3792     22.750      0.812  43786.816    27.2986     8.2590      0.804    6.89855     8.2564    21.1982   12.45837 7.5209e+01 0.0000e+00
         93 133.599630    0.00639     0.3833     23.000      0.814  43781.814    27.2950     8.2576      0.806    6.89893     8.2557    21.1955   12.45904 7.4811e+01 0.0000e+00
         94 133.599633    0.00646     0.3875     23.250      0.812  43776.419    27.2911     8.2565      0.805    6.89928     8.2560    21.1926   12.45967 7.3614e+01 0.0000e+00
         95 133.599635    0.00653     0.3917     23.500      0.808  43768.517    27.2856     8.2558      0.801    6.89964     8.2578    21.1884   12.46033 7.2047e+01 0.0000e+00
         96 133.599638    0.00660     0.3958     23.750      0.801  43756.292    27.2772     8.2561      0.794    6.89996     8.2612    21.1818   12.46098 7.0730e+01 0.0000e+00
         97 133.599641    0.00667     0.4000     24.000      0.791  43740.222    27.2664     8.2579      0.784    6.90016     8.2657    21.1731   12.46144 6.9861e+01 0.0000e+00
         98 133.599644    0.00674     0.4042     24.250      0.780  43720.935    27.2536     8.2613      0.773    6.90021     8.2705    21.1627   12.46168 6.9040e+01 0.0000e+00
         99 133.599647    0.00681     0.4083     24.500      0.774  43695.908    27.2370     8.2658      0.767    6.90024     8.2747    21.1490   12.46195 6.8078e+01 0.0000e+00
        100 133.599650    0.00688     0.4125     24.750      0.774  43661.517    27.2140     8.2706      0.767    6.90052     8.2778    21.1304   12.46270 6.7394e+01 0.0000e+00
        101 133.599653    0.00694     0.4167     25.000      0.780  43615.675    27.1830     8.2748      0.773    6.90126     8.2801    21.1056   12.46431 6.6836e+01 0.0000e+00
        102 133.599656    0.00701     0.4208     25.250      0.787  43561.713    27.1463     8.2778      0.779    6.90242     8.2827    21.0765   12.46671 6.5937e+01 0.0000e+00
        103 133.599659    0.00708     0.4250     25.500      0.791  43506.131    27.1084     8.2801      0.784    6.90375     8.2865    21.0465   12.46940 6.4896e+01 0.0000e+00
        104 133.599661    0.00715     0.4292     25.750      0.792  43451.474    27.0712     8.2828      0.785    6.90500     8.2914    21.0170   12.47194 6.3704e+01 0.0000e+00
        105 133.599664    0.00722     0.4333     26.000      0.788  43399.115    27.0358     8.2866      0.781    6.90600     8.2968    20.9887   12.47404 6.2291e+01 0.0000e+00
        106 133.599667    0.00729     0.4375     26.250      0.781  43348.891    27.0019     8.2915      0.774    6.90675     8.3019    20.9616   12.47571 6.0989e+01 0.0000e+00
        107 133.599670    0.00736     0.4417     26.500      0.773  43297.993    26.9677     8.2969      0.766    6.90744     8.3065    20.9340   12.47730 6.0134e+01 0.0000e+00
        108 133.599673    0.00743     0.4458     26.750      0.769  43248.689    26.9345     8.3020      0.762    6.90812     8.3106    20.9074   12.47885 5.9234e+01 0.0000e+00
        109 133.599676    0.00750     0.4500     27.000      0.771  43203.577    26.9041     8.3065      0.764    6.90876     8.3143    20.8830   12.48030 5.8060e+01 0.0000e+00
        110 133.599679    0.00757     0.4542     27.250      0.778  43157.303    26.8728     8.3106      0.771    6.90952     8.3176    20.8580   12.48195 5.7721e+01 0.0000e+00
        111 133.599682    0.00764     0.4583     27.500      0.787  43104.583    26.8371     8.3144      0.780    6.91053     8.3207    20.8295   12.48409 5.8349e+01 0.0000e+00
        112 133.599685    0.00771     0.4625     27.750      0.794  43051.675    26.8012     8.3177      0.786    6.91163     8.3243    20.8010   12.48636 5.9162e+01 0.0000e+00
        113 133.599687    0.00778     0.4667     28.000      0.795  43009.350    26.7725     8.3208      0.788    6.91242     8.3286    20.7781   12.48803 5.9817e+01 0.0000e+00
        114 133.599690    0.00785     0.4708     28.250      0.793  42977.745    26.7513     8.3244      0.786    6.91281     8.3332    20.7610   12.48894 6.0447e+01 0.0000e+00
        115 133.599693    0.00792     0.4750     28.500      0.791  42950.067    26.7329     8.3287      0.783    6.91296     8.3373    20.7460   12.48943 6.1033e+01 0.0000e+00
        116 133.599696    0.00799     0.4792     28.750      0.791  42922.882    26.7148     8.3333      0.784    6.91305     8.3400    20.7313   12.48981 6.1184e+01 0.0000e+00
        117 133.599699    0.00806     0.4833     29.000      0.798  42897.147    26.6977     8.3374      0.790    6.91318     8.3411    20.7173   12.49024 6.1088e+01 0.0000e+00
        118 133.599702    0.00813     0.4875     29.250      0.811  42874.292    26.6823     8.3401      0.804    6.91344     8.3412    20.7050   12.49087 6.1310e+01 0.0000e+00
        119 133.599705    0.00819     0.4917     29.500      0.831  42853.322    26.6681     8.3412      0.823    6.91392     8.3419    20.6937   12.49184 6.1581e+01 0.0000e+00
        120 133.599708    0.00826     0.4958     29.750      0.852  42832.841    26.6540     8.3413      0.844    6.91452     8.3444    20.6827   12.49302 6.1323e+01 0.0000e+00
        121 133.599711    0.00833     0.5000     30.000      0.870  42814.795    26.6417     8.3420      0.862    6.91497     8.3497    20.6730   12.49392 6.1062e+01 0.0000e+00
        122 133.599714    0.00840     0.5042     30.250      0.881  42802.798    26.6338     8.3445      0.873    6.91492     8.3574    20.6664   12.49394 6.1268e+01 0.0000e+00
        123 133.599716    0.00847     0.5083     30.500      0.883  42799.253    26.6320     8.3498      0.875    6.91418     8.3664    20.6643   12.49273 6.1664e+01 0.0000e+00
        124 133.599719    0.00854     0.5125     30.750      0.877  42803.505    26.6359     8.3575      0.869    6.91278     8.3746    20.6663   12.49036 6.2283e+01 0.0000e+00
        125 133.599722    0.00861     0.5167     31.000      0.869  42811.551    26.6425     8.3665      0.861    6.91106     8.3805    20.6703   12.48743 6.3178e+01 0.0000e+00
        126 133.599725    0.00868     0.5208     31.250      0.866  42820.384    26.6496     8.3747      0.857    6.90946     8.3837    20.6747   12.48468 6.3756e+01 0.0000e+00
        127 133.599728    0.00875     0.5250     31.500      0.870  42825.700    26.6540     8.3806      0.862    6.90833     8.3846    20.6773   12.48275 6.4032e+01 0.0000e+00
        128 133.599731    0.00882     0.5292     31.750      0.881  42820.936    26.6511     8.3838      0.872    6.90795     8.3837    20.6746   12.48216 6.4632e+01 0.0000e+00
        129 133.599734    0.00889     0.5333     32.000      0.890  42805.102    26.6404     8.3847      0.882    6.90829     8.3822    20.6661   12.48286 6.5390e+01 0.0000e+00
        130 133.599737    0.00896     0.5375     32.250      0.893  42784.963    26.6265     8.3838      0.885    6.90906     8.3816    20.6554   12.48430 6.5947e+01 0.0000e+00
        131 133.599740    0.00903     0.5417     32.500      0.890  42767.195    26.6141     8.3823      0.882    6.90985     8.3823    20.6459   12.48577 6.6198e+01 0.0000e+00
        132 133.599742    0.00910     0.5458     32.750      0.885  42751.913    26.6036     8.3817      0.877    6.91042     8.3839    20.6377   12.48685 6.5784e+01 0.0000e+00
        133 133.599745    0.00917     0.5500     33.000      0.880  42737.390    26.5937     8.3824      0.872    6.91075     8.3859    20.6299   12.48753 6.4676e+01 0.0000e+00
        134 133.599748    0.00924     0.5542     33.250      0.877  42723.834    26.5846     8.3839      0.869    6.91092     8.3882    20.6226   12.48792 6.3435e+01 0.0000e+00
        135 133.599751    0.00931     0.5583     33.500      0.877  42711.447    26.5763     8.3859      0.869    6.91097     8.3908    20.6159   12.48812 6.2399e+01 0.0000e+00
        136 133.599754    0.00937     0.5625     33.750      0.880  42700.213    26.5689     8.3883      0.872    6.91093     8.3935    20.6097   12.48815 6.1639e+01 0.0000e+00
        137 133.599757    0.00944     0.5667     34.000      0.886  42689.863    26.5621     8.3909      0.878    6.91083     8.3962    20.6041   12.48806 6.1405e+01 0.0000e+00
        138 133.599760    0.00951     0.5708     34.250      0.893  42679.905    26.5556     8.3936      0.885    6.91070     8.3995    20.5986   12.48793 6.1736e+01 0.0000e+00
        139 133.599763    0.00958     0.5750     34.500      0.900  42670.745    26.5496     8.3963      0.891    6.91053     8.4035    20.5936   12.48773 6.1886e+01 0.0000e+00
        140 133.599766    0.00965     0.5792     34.750      0.906  42662.841    26.5446     8.3996      0.898    6.91024     8.4081    20.5893   12.48731 6.1549e+01 0.0000e+00
        141 133.599769    0.00972     0.5833     35.000      0.913  42655.047    26.5398     8.4036      0.904    6.90983     8.4126    20.5849   12.48668 6.1244e+01 0.0000e+00
        142 133.599771    0.00979     0.5875     35.250      0.917  42645.402    26.5338     8.4081      0.909    6.90939     8.4166    20.5796   12.48603 6.0905e+01 0.0000e+00
        143 133.599774    0.00986     0.5917     35.500      0.920  42631.927    26.5251     8.4126      0.912    6.90907     8.4200    20.5722   12.48561 6.0359e+01 0.0000e+00
        144 133.599777    0.00993     0.5958     35.750      0.921  42614.749    26.5138     8.4166      0.913    6.90894     8.4227    20.5628   12.48554 5.9968e+01 0.0000e+00
        145 133.599780    0.01000     0.6000     36.000      0.922  42596.959    26.5020     8.4201      0.914    6.90893     8.4248    20.5531   12.48568 5.9882e+01 0.0000e+00
        146 133.599783    0.01007     0.6042     36.250      0.926  42580.238    26.4909     8.4228      0.917    6.90900     8.4265    20.5440   12.48593 5.9876e+01 0.0000e+00
        147 133.599786    0.01014     0.6083     36.500      0.931  42563.241    26.4795     8.4249      0.923    6.90918     8.4281    20.5349   12.48637 5.9834e+01 0.0000e+00
        148 133.599789    0.01021     0.6125     36.750      0.937  42546.184    26.4680     8.4266      0.928    6.90944     8.4307    20.5257   12.48695 5.9824e+01 0.0000e+00
        149 133.599792    0.01028     0.6167     37.000      0.941  42531.712    26.4583     8.4282      0.932    6.90962     8.4345    20.5178   12.48736 6.0019e+01 0.0000e+00
        150 133.599795    0.01035     0.6208     37.250      0.942  42520.164    26.4506     8.4308      0.933    6.90956     8.4393    20.5115   12.48736 6.0404e+01 0.0000e+00
        151 133.599797    0.01042     0.6250     37.500      0.940  42510.622    26.4446     8.4346      0.931    6.90922     8.4438    20.5063   12.48688 6.0719e+01 0.0000e+00
        152 133.599800    0.01049     0.6292     37.750      0.936  42503.331    26.4402     8.4393      0.927    6.90867     8.4473    20.5022   12.48603 6.0958e+01 0.0000e+00
        153 133.599803    0.01056     0.6333     38.000      0.933  42498.147    26.4372     8.4439      0.924    6.90809     8.4491    20.4992   12.48510 6.1232e+01 0.0000e+00
        154 133.599806    0.01063     0.6375     38.250      0.936  42494.148    26.4349     8.4474      0.927    6.90764     8.4492    20.4969   12.48439 6.1663e+01 0.0000e+00
        155 133.599809    0.01069     0.6417     38.500      0.943  42488.413    26.4312     8.4492      0.934    6.90753     8.4481    20.4938   12.48425 6.2072e+01 0.0000e+00
        156 133.599812    0.01076     0.6458     38.750      0.952  42478.715    26.4245     8.4493      0.943    6.90781     8.4467    20.4886   12.48480 6.2320e+01 0.0000e+00
        157 133.599815    0.01083     0.6500     39.000      0.956  42465.806    26.4155     8.4481      0.948    6.90840     8.4469    20.4817   12.48588 6.2676e+01 0.0000e+00
        158 133.599818    0.01090     0.6542     39.250      0.954  42451.033    26.4052     8.4468      0.945    6.90907     8.4489    20.4739   12.48712 6.3288e+01 0.0000e+00
        159 133.599821    0.01097     0.6583     39.500      0.947  42437.518    26.3960     8.4469      0.938    6.90946     8.4517    20.4666   12.48790 6.4023e+01 0.0000e+00
        160 133.599823    0.01104     0.6625     39.750      0.940  42429.180    26.3905     8.4490      0.931    6.90939     8.4539    20.4620   12.48784 6.4761e+01 0.0000e+00
        161 133.599826    0.01111     0.6667     40.000      0.938  42426.725    26.3892     8.4518      0.929    6.90900     8.4547    20.4606   12.48722 6.5746e+01 0.0000e+00
        162 133.599829    0.01118     0.6708     40.250      0.941  42425.092    26.3883     8.4540      0.932    6.90870     8.4541    20.4597   12.48672 6.6977e+01 0.0000e+00
        163 133.599832    0.01125     0.6750     40.500      0.946  42416.910    26.3828     8.4548      0.937    6.90882     8.4526    20.4552   12.48699 6.8105e+01 0.0000e+00
        164 133.599835    0.01132     0.6792     40.750      0.949  42402.368    26.3728     8.4541      0.940    6.90936     8.4514    20.4475   12.48803 6.8901e+01 0.0000e+00
        165 133.599838    0.01139     0.6833     41.000      0.946  42387.005    26.3621     8.4527      0.937    6.91008     8.4515    20.4393   12.48935 6.9740e+01 0.0000e+00
        166 133.599841    0.01146     0.6875     41.250      0.939  42373.064    26.3524     8.4515      0.930    6.91070     8.4528    20.4319   12.49051 7.0930e+01 0.0000e+00
        167 133.599844    0.01153     0.6917     41.500      0.931  42362.054    26.3449     8.4515      0.922    6.91103     8.4545    20.4260   12.49114 7.2149e+01 0.0000e+00
        168 133.599847    0.01160     0.6958     41.750      0.924  42356.597    26.3413     8.4529      0.915    6.91097     8.4555    20.4230   12.49110 7.3558e+01 0.0000e+00
        169 133.599850    0.01167     0.7000     42.000      0.919  42357.169    26.3419     8.4546      0.910    6.91068     8.4554    20.4233   12.49060 7.4986e+01 0.0000e+00
        170 133.599852    0.01174     0.7042     42.250      0.917  42360.034    26.3440     8.4556      0.909    6.91043     8.4543    20.4248   12.49016 7.5754e+01 0.0000e+00
        171 133.599855    0.01181     0.7083     42.500      0.917  42359.686    26.3437     8.4555      0.908    6.91047     8.4525    20.4246   12.49023 7.6047e+01 0.0000e+00
        172 133.599858    0.01188     0.7125     42.750      0.918  42354.381    26.3400     8.4544      0.909    6.91081     8.4502    20.4217   12.49084 7.6496e+01 0.0000e+00
        173 133.599861    0.01194     0.7167     43.000      0.919  42345.741    26.3338     8.4526      0.910    6.91136     8.4478    20.4172   12.49183 7.7421e+01 0.0000e+00
        174 133.599864    0.01201     0.7208     43.250      0.919  42336.252    26.3270     8.4503      0.910    6.91202     8.4460    20.4122   12.49302 7.8497e+01 0.0000e+00
        175 133.599867    0.01208     0.7250     43.500      0.917  42328.426    26.3214     8.4479      0.909    6.91266     8.4455    20.4081   12.49415 7.9309e+01 0.0000e+00
        176 133.599870    0.01215     0.7292     43.750      0.912  42322.964    26.3174     8.4461      0.904    6.91312     8.4463    20.4053   12.49497 7.9760e+01 0.0000e+00
        177 133.599873    0.01222     0.7333     44.000      0.905  42319.347    26.3149     8.4456      0.896    6.91331     8.4476    20.4034   12.49532 7.9811e+01 0.0000e+00
        178 133.599876    0.01229     0.7375     44.250      0.897  42318.179    26.3142     8.4464      0.888    6.91322     8.4488    20.4027   12.49518 7.9808e+01 0.0000e+00
        179 133.599878    0.01236     0.7417     44.500      0.891  42319.816    26.3155     8.4477      0.883    6.91295     8.4492    20.4035   12.49470 7.9999e+01 0.0000e+00
        180 133.599881    0.01243     0.7458     44.750      0.892  42322.061    26.3172     8.4489      0.883    6.91268     8.4485    20.4047   12.49424 8.0205e+01 0.0000e+00
