CTD-processing/allCTD/CNV--turbid/2016_08-31_t6_s12a_cast105.cnv
* Sea-Bird SBE19plus Data File:
* FileName = C:\Users\Kim.Powell\Desktop\2016_08-31_T6_5028\2016_08-31_T6_5028_cast105.hex
* Software Version 1.59
* Temperature SN =  5028
* Conductivity SN =  5028
* System UpLoad Time = Aug 31 2016 22:09:22
** CookInlet LTM Transect 7
** 2016_08-30
** Station: 6-12a
** Start Time: 14:40
** Depth (m): 141.1
** Comment:
** Comment:
# nquan = 16
# nvalues = 673                         
# units = specified
# name 0 = scan: Scan Count
# name 1 = timeJ: Julian Days
# name 2 = timeH: Time, Elapsed [hours]
# name 3 = timeM: Time, Elapsed [minutes]
# name 4 = timeS: Time, Elapsed [seconds]
# name 5 = prdM: Pressure, Strain Gauge [db]
# name 6 = specc: Specific Conductance [uS/cm]
# name 7 = sal00: Salinity, Practical [PSU]
# name 8 = tv290C: Temperature [ITS-90, deg C]
# name 9 = depSM: Depth [salt water, m], lat = 59.00
# name 10 = oxsolML/L: Oxygen Saturation, Garcia & Gordon [ml/l]
# name 11 = potemp090C: Potential Temperature [ITS-90, deg C]
# name 12 = sigma-é00: Density [sigma-theta, kg/m^3]
# name 13 = n2satML/L: Nitrogen Saturation [ml/l]
# name 14 = par: PAR/Irradiance, Biospherical/Licor
# name 15 = flag:  0.000e+00
# span 0 =          1,        673       
# span 1 = 244.611204, 244.613148       
# span 2 =    0.00000,    0.04667       
# span 3 =     0.0000,     2.8000       
# span 4 =      0.000,    168.000       
# span 5 =     -0.071,     65.395       
# span 6 =    940.640,  49206.504       
# span 7 =     0.4693,    31.3062       
# span 8 =    10.2880,    14.1440       
# span 9 =     -0.070,     64.773       
# span 10 =    6.07198,    7.16828      
# span 11 =    10.2806,    14.1440      
# span 12 =    -0.4098,    24.0229      
# span 13 =   11.06136,   13.26381      
# span 14 = 1.3557e-01, 1.6001e+03      
# span 15 = 0.0000e+00, 0.0000e+00      
# interval = seconds: 0.25
# start_time = Aug 31 2016 14:40:08 [Instrument's time stamp, header]
# bad_flag = -9.990e-29
*END*
[from data line 452]
        453 244.612512    0.03139     1.8833    113.000     30.353  47628.006    30.3686    11.7593     30.066    6.26262    11.7471    23.0390   11.36604 2.6675e+00 0.0000e+00
        454 244.612514    0.03146     1.8875    113.250     30.538  47633.894    30.3723    11.7551     30.250    6.26304    11.7428    23.0426   11.36669 2.6114e+00 0.0000e+00
        455 244.612517    0.03153     1.8917    113.500     30.720  47639.513    30.3758    11.7508     30.431    6.26347    11.7384    23.0461   11.36737 2.5576e+00 0.0000e+00
        456 244.612520    0.03160     1.8958    113.750     30.898  47645.010    30.3792    11.7465     30.607    6.26391    11.7343    23.0495   11.36805 2.5065e+00 0.0000e+00
        457 244.612523    0.03167     1.9000    114.000     31.071  47650.599    30.3826    11.7422     30.779    6.26435    11.7308    23.0529   11.36875 2.4584e+00 0.0000e+00
        458 244.612526    0.03174     1.9042    114.250     31.239  47655.907    30.3859    11.7380     30.945    6.26477    11.7281    23.0562   11.36941 2.4127e+00 0.0000e+00
        459 244.612529    0.03181     1.9083    114.500     31.401  47660.460    30.3888    11.7346     31.105    6.26512    11.7261    23.0590   11.36996 2.3694e+00 0.0000e+00
        460 244.612532    0.03188     1.9125    114.750     31.557  47664.034    30.3910    11.7319     31.260    6.26540    11.7245    23.0612   11.37038 2.3286e+00 0.0000e+00
        461 244.612535    0.03194     1.9167    115.000     31.708  47666.656    30.3926    11.7299     31.410    6.26560    11.7231    23.0628   11.37070 2.2905e+00 0.0000e+00
        462 244.612538    0.03201     1.9208    115.250     31.855  47668.617    30.3937    11.7283     31.555    6.26576    11.7220    23.0640   11.37095 2.2551e+00 0.0000e+00
        463 244.612541    0.03208     1.9250    115.500     31.999  47670.197    30.3946    11.7270     31.697    6.26590    11.7211    23.0649   11.37118 2.2221e+00 0.0000e+00
        464 244.612543    0.03215     1.9292    115.750     32.141  47671.385    30.3953    11.7259     31.838    6.26602    11.7203    23.0657   11.37137 2.1908e+00 0.0000e+00
        465 244.612546    0.03222     1.9333    116.000     32.282  47672.206    30.3957    11.7250     31.978    6.26612    11.7195    23.0662   11.37153 2.1606e+00 0.0000e+00
        466 244.612549    0.03229     1.9375    116.250     32.425  47672.965    30.3961    11.7242     32.119    6.26621    11.7189    23.0667   11.37167 2.1309e+00 0.0000e+00
        467 244.612552    0.03236     1.9417    116.500     32.569  47673.762    30.3966    11.7235     32.262    6.26629    11.7183    23.0671   11.37180 2.1015e+00 0.0000e+00
        468 244.612555    0.03243     1.9458    116.750     32.716  47674.478    30.3970    11.7229     32.407    6.26636    11.7179    23.0675   11.37191 2.0723e+00 0.0000e+00
        469 244.612558    0.03250     1.9500    117.000     32.866  47675.069    30.3973    11.7224     32.556    6.26641    11.7175    23.0679   11.37200 2.0430e+00 0.0000e+00
        470 244.612561    0.03257     1.9542    117.250     33.021  47675.476    30.3975    11.7219     32.709    6.26646    11.7169    23.0681   11.37208 2.0129e+00 0.0000e+00
        471 244.612564    0.03264     1.9583    117.500     33.180  47675.796    30.3976    11.7215     32.867    6.26651    11.7161    23.0683   11.37216 1.9821e+00 0.0000e+00
        472 244.612567    0.03271     1.9625    117.750     33.342  47676.285    30.3978    11.7210     33.028    6.26658    11.7151    23.0685   11.37227 1.9510e+00 0.0000e+00
        473 244.612569    0.03278     1.9667    118.000     33.506  47677.044    30.3982    11.7202     33.190    6.26666    11.7137    23.0690   11.37240 1.9199e+00 0.0000e+00
        474 244.612572    0.03285     1.9708    118.250     33.669  47678.111    30.3988    11.7192     33.352    6.26677    11.7118    23.0696   11.37257 1.8890e+00 0.0000e+00
        475 244.612575    0.03292     1.9750    118.500     33.831  47679.613    30.3996    11.7178     33.513    6.26692    11.7092    23.0705   11.37281 1.8585e+00 0.0000e+00
        476 244.612578    0.03299     1.9792    118.750     33.992  47681.692    30.4009    11.7159     33.671    6.26712    11.7055    23.0718   11.37313 1.8286e+00 0.0000e+00
        477 244.612581    0.03306     1.9833    119.000     34.150  47684.564    30.4026    11.7133     33.828    6.26741    11.7007    23.0736   11.37358 1.7992e+00 0.0000e+00
        478 244.612584    0.03313     1.9875    119.250     34.306  47688.619    30.4050    11.7096     33.982    6.26780    11.6955    23.0762   11.37421 1.7701e+00 0.0000e+00
        479 244.612587    0.03319     1.9917    119.500     34.459  47694.059    30.4083    11.7049     34.134    6.26830    11.6905    23.0796   11.37500 1.7415e+00 0.0000e+00
        480 244.612590    0.03326     1.9958    119.750     34.609  47700.325    30.4122    11.6997     34.283    6.26885    11.6862    23.0835   11.37586 1.7134e+00 0.0000e+00
        481 244.612593    0.03333     2.0000    120.000     34.758  47706.392    30.4159    11.6947     34.430    6.26937    11.6825    23.0873   11.37668 1.6860e+00 0.0000e+00
        482 244.612595    0.03340     2.0042    120.250     34.903  47711.649    30.4191    11.6904     34.574    6.26981    11.6790    23.0906   11.37738 1.6595e+00 0.0000e+00
        483 244.612598    0.03347     2.0083    120.500     35.047  47716.177    30.4219    11.6867     34.717    6.27019    11.6755    23.0934   11.37798 1.6337e+00 0.0000e+00
        484 244.612601    0.03354     2.0125    120.750     35.190  47720.368    30.4244    11.6833     34.858    6.27055    11.6715    23.0960   11.37853 1.6084e+00 0.0000e+00
        485 244.612604    0.03361     2.0167    121.000     35.331  47724.714    30.4271    11.6797     34.998    6.27091    11.6669    23.0987   11.37911 1.5834e+00 0.0000e+00
        486 244.612607    0.03368     2.0208    121.250     35.471  47729.678    30.4302    11.6758     35.136    6.27132    11.6620    23.1018   11.37976 1.5589e+00 0.0000e+00
        487 244.612610    0.03375     2.0250    121.500     35.609  47735.389    30.4337    11.6712     35.272    6.27179    11.6572    23.1053   11.38049 1.5352e+00 0.0000e+00
        488 244.612613    0.03382     2.0292    121.750     35.745  47741.568    30.4375    11.6664     35.407    6.27229    11.6524    23.1092   11.38126 1.5123e+00 0.0000e+00
        489 244.612616    0.03389     2.0333    122.000     35.878  47747.783    30.4414    11.6616     35.540    6.27278    11.6477    23.1130   11.38204 1.4903e+00 0.0000e+00
        490 244.612619    0.03396     2.0375    122.250     36.011  47753.868    30.4452    11.6568     35.671    6.27326    11.6424    23.1168   11.38279 1.4689e+00 0.0000e+00
        491 244.612622    0.03403     2.0417    122.500     36.142  47760.066    30.4490    11.6520     35.801    6.27375    11.6361    23.1207   11.38355 1.4480e+00 0.0000e+00
        492 244.612624    0.03410     2.0458    122.750     36.273  47766.926    30.4533    11.6468     35.930    6.27428    11.6287    23.1249   11.38439 1.4271e+00 0.0000e+00
        493 244.612627    0.03417     2.0500    123.000     36.403  47775.024    30.4583    11.6405     36.059    6.27491    11.6201    23.1299   11.38538 1.4063e+00 0.0000e+00
        494 244.612630    0.03424     2.0542    123.250     36.533  47784.495    30.4642    11.6331     36.188    6.27568    11.6105    23.1358   11.38658 1.3857e+00 0.0000e+00
        495 244.612633    0.03431     2.0583    123.500     36.663  47795.078    30.4708    11.6245     36.317    6.27656    11.5998    23.1424   11.38797 1.3659e+00 0.0000e+00
        496 244.612636    0.03438     2.0625    123.750     36.795  47806.535    30.4778    11.6150     36.448    6.27755    11.5878    23.1496   11.38953 1.3465e+00 0.0000e+00
        497 244.612639    0.03444     2.0667    124.000     36.929  47818.838    30.4854    11.6043     36.581    6.27868    11.5747    23.1574   11.39132 1.3274e+00 0.0000e+00
        498 244.612642    0.03451     2.0708    124.250     37.065  47832.231    30.4936    11.5923     36.715    6.27996    11.5609    23.1659   11.39334 1.3084e+00 0.0000e+00
        499 244.612645    0.03458     2.0750    124.500     37.202  47846.855    30.5025    11.5792     36.850    6.28136    11.5466    23.1752   11.39556 1.2897e+00 0.0000e+00
        500 244.612648    0.03465     2.0792    124.750     37.340  47862.051    30.5117    11.5654     36.987    6.28284    11.5313    23.1848   11.39790 1.2712e+00 0.0000e+00
        501 244.612650    0.03472     2.0833    125.000     37.479  47877.377    30.5210    11.5511     37.125    6.28438    11.5145    23.1946   11.40035 1.2529e+00 0.0000e+00
        502 244.612653    0.03479     2.0875    125.250     37.620  47893.747    30.5310    11.5358     37.265    6.28605    11.4972    23.2050   11.40300 1.2346e+00 0.0000e+00
        503 244.612656    0.03486     2.0917    125.500     37.766  47911.885    30.5420    11.5191     37.410    6.28785    11.4803    23.2165   11.40586 1.2159e+00 0.0000e+00
        504 244.612659    0.03493     2.0958    125.750     37.918  47931.229    30.5539    11.5017     37.560    6.28971    11.4650    23.2288   11.40880 1.1971e+00 0.0000e+00
        505 244.612662    0.03500     2.1000    126.000     38.074  47950.518    30.5657    11.4849     37.714    6.29149    11.4513    23.2410   11.41162 1.1784e+00 0.0000e+00
        506 244.612665    0.03507     2.1042    126.250     38.233  47968.509    30.5768    11.4696     37.873    6.29311    11.4390    23.2523   11.41417 1.1598e+00 0.0000e+00
        507 244.612668    0.03514     2.1083    126.500     38.395  47984.813    30.5868    11.4559     38.033    6.29454    11.4273    23.2625   11.41643 1.1414e+00 0.0000e+00
        508 244.612671    0.03521     2.1125    126.750     38.557  47999.869    30.5961    11.4436     38.194    6.29583    11.4157    23.2719   11.41847 1.1233e+00 0.0000e+00
        509 244.612674    0.03528     2.1167    127.000     38.718  48014.261    30.6050    11.4320     38.353    6.29704    11.4027    23.2808   11.42037 1.1056e+00 0.0000e+00
        510 244.612677    0.03535     2.1208    127.250     38.877  48028.803    30.6140    11.4204     38.510    6.29825    11.3863    23.2899   11.42226 1.0884e+00 0.0000e+00
        511 244.612679    0.03542     2.1250    127.500     39.031  48045.133    30.6241    11.4074     38.663    6.29959    11.3658    23.3000   11.42438 1.0719e+00 0.0000e+00
        512 244.612682    0.03549     2.1292    127.750     39.180  48065.020    30.6364    11.3910     38.810    6.30130    11.3422    23.3125   11.42707 1.0560e+00 0.0000e+00
        513 244.612685    0.03556     2.1333    128.000     39.322  48088.562    30.6508    11.3705     38.951    6.30350    11.3172    23.3273   11.43054 1.0407e+00 0.0000e+00
        514 244.612688    0.03562     2.1375    128.250     39.457  48113.850    30.6661    11.3469     39.085    6.30607    11.2921    23.3433   11.43462 1.0259e+00 0.0000e+00
        515 244.612691    0.03569     2.1417    128.500     39.587  48139.183    30.6813    11.3219     39.213    6.30883    11.2682    23.3595   11.43903 1.0115e+00 0.0000e+00
        516 244.612694    0.03576     2.1458    128.750     39.711  48164.238    30.6963    11.2968     39.336    6.31163    11.2472    23.3756   11.44349 9.9767e-01 0.0000e+00
        517 244.612697    0.03583     2.1500    129.000     39.830  48188.349    30.7107    11.2729     39.454    6.31427    11.2301    23.3910   11.44771 9.8448e-01 0.0000e+00
        518 244.612700    0.03590     2.1542    129.250     39.945  48209.914    30.7237    11.2520     39.568    6.31659    11.2166    23.4047   11.45140 9.7176e-01 0.0000e+00
        519 244.612703    0.03597     2.1583    129.500     40.059  48227.489    30.7342    11.2348     39.681    6.31849    11.2061    23.4159   11.45443 9.5937e-01 0.0000e+00
        520 244.612705    0.03604     2.1625    129.750     40.171  48240.825    30.7422    11.2213     39.792    6.32000    11.1978    23.4244   11.45683 9.4719e-01 0.0000e+00
        521 244.612708    0.03611     2.1667    130.000     40.285  48250.897    30.7481    11.2108     39.904    6.32118    11.1912    23.4308   11.45872 9.3514e-01 0.0000e+00
        522 244.612711    0.03618     2.1708    130.250     40.401  48258.682    30.7526    11.2025     40.019    6.32212    11.1858    23.4358   11.46023 9.2307e-01 0.0000e+00
        523 244.612714    0.03625     2.1750    130.500     40.521  48264.666    30.7561    11.1959     40.138    6.32288    11.1811    23.4397   11.46144 9.1078e-01 0.0000e+00
        524 244.612717    0.03632     2.1792    130.750     40.645  48269.295    30.7587    11.1905     40.260    6.32350    11.1768    23.4427   11.46245 8.9828e-01 0.0000e+00
        525 244.612720    0.03639     2.1833    131.000     40.772  48273.042    30.7608    11.1858     40.386    6.32405    11.1725    23.4452   11.46333 8.8583e-01 0.0000e+00
        526 244.612723    0.03646     2.1875    131.250     40.902  48276.136    30.7625    11.1816     40.516    6.32456    11.1680    23.4472   11.46416 8.7365e-01 0.0000e+00
        527 244.612726    0.03653     2.1917    131.500     41.036  48278.907    30.7640    11.1774     40.649    6.32508    11.1629    23.4491   11.46499 8.6169e-01 0.0000e+00
        528 244.612729    0.03660     2.1958    131.750     41.174  48282.048    30.7656    11.1729     40.786    6.32562    11.1568    23.4512   11.46588 8.4993e-01 0.0000e+00
        529 244.612731    0.03667     2.2000    132.000     41.317  48285.919    30.7677    11.1677     40.927    6.32623    11.1496    23.4537   11.46687 8.3848e-01 0.0000e+00
        530 244.612734    0.03674     2.2042    132.250     41.464  48290.483    30.7702    11.1617     41.072    6.32695    11.1412    23.4567   11.46803 8.2729e-01 0.0000e+00
        531 244.612737    0.03681     2.2083    132.500     41.614  48295.649    30.7730    11.1545     41.221    6.32781    11.1317    23.4601   11.46943 8.1621e-01 0.0000e+00
        532 244.612740    0.03687     2.2125    132.750     41.767  48300.847    30.7757    11.1461     41.372    6.32885    11.1211    23.4637   11.47111 8.0528e-01 0.0000e+00
        533 244.612743    0.03694     2.2167    133.000     41.922  48305.495    30.7779    11.1366     41.526    6.33005    11.1097    23.4670   11.47308 7.9466e-01 0.0000e+00
        534 244.612746    0.03701     2.2208    133.250     42.079  48310.285    30.7801    11.1261     41.681    6.33140    11.0983    23.4705   11.47529 7.8437e-01 0.0000e+00
        535 244.612749    0.03708     2.2250    133.500     42.239  48316.601    30.7832    11.1147     41.840    6.33282    11.0881    23.4750   11.47762 7.7425e-01 0.0000e+00
        536 244.612752    0.03715     2.2292    133.750     42.403  48324.831    30.7877    11.1033     42.003    6.33419    11.0799    23.4805   11.47983 7.6416e-01 0.0000e+00
        537 244.612755    0.03722     2.2333    134.000     42.570  48333.763    30.7929    11.0931     42.168    6.33538    11.0738    23.4862   11.48174 7.5401e-01 0.0000e+00
        538 244.612758    0.03729     2.2375    134.250     42.739  48341.551    30.7974    11.0849     42.335    6.33631    11.0693    23.4912   11.48323 7.4374e-01 0.0000e+00
        539 244.612760    0.03736     2.2417    134.500     42.908  48347.270    30.8007    11.0788     42.503    6.33700    11.0660    23.4948   11.48434 7.3335e-01 0.0000e+00
        540 244.612763    0.03743     2.2458    134.750     43.077  48351.073    30.8028    11.0744     42.670    6.33752    11.0632    23.4972   11.48517 7.2289e-01 0.0000e+00
        541 244.612766    0.03750     2.2500    135.000     43.245  48353.410    30.8040    11.0710     42.837    6.33792    11.0607    23.4987   11.48583 7.1239e-01 0.0000e+00
        542 244.612769    0.03757     2.2542    135.250     43.411  48354.772    30.8046    11.0683     43.001    6.33827    11.0581    23.4997   11.48640 7.0180e-01 0.0000e+00
