CTD-processing/allCTD/CNV--turbid/2016_10-13_t4_s04_cast153.cnv
* Sea-Bird SBE19plus Data File:
* FileName = P:\My Documents\kasitsna\Research-KBL\Oceanography-AK\CTD-Data-ALL-to-2016-05\2016-CTD-KachemakBay-CookInlet\2016-10-13-CookInlet-Tran4\2016-10-13-CookInlet-Tran4-cast153.hex
* Software Version 1.59
* Temperature SN =  5028
* Conductivity SN =  5028
* System UpLoad Time = Dec 06 2016 20:37:31
** Cook Inlet LTM Tran 4 Barabara south to north
** Date: (YYYY-MM-DD): 2016-10-13
** Station: (eg. 9-01): 4-04
** Start time (AKDT): 15:31
** Depth (m): 88.4
** Comment: R/V Edgecumbe
** Comment:
# nquan = 16
# nvalues = 756                         
# units = specified
# name 0 = scan: Scan Count
# name 1 = timeJ: Julian Days
# name 2 = timeH: Time, Elapsed [hours]
# name 3 = timeM: Time, Elapsed [minutes]
# name 4 = timeS: Time, Elapsed [seconds]
# name 5 = prdM: Pressure, Strain Gauge [db]
# name 6 = specc: Specific Conductance [uS/cm]
# name 7 = sal00: Salinity, Practical [PSU]
# name 8 = tv290C: Temperature [ITS-90, deg C]
# name 9 = depSM: Depth [salt water, m], lat = 59.00
# name 10 = oxsolML/L: Oxygen Saturation, Garcia & Gordon [ml/l]
# name 11 = potemp090C: Potential Temperature [ITS-90, deg C]
# name 12 = sigma-é00: Density [sigma-theta, kg/m^3]
# name 13 = n2satML/L: Nitrogen Saturation [ml/l]
# name 14 = par: PAR/Irradiance, Biospherical/Licor
# name 15 = flag:  0.000e+00
# span 0 =          1,        756       
# span 1 = 287.647454, 287.649638       
# span 2 =    0.00000,    0.05243       
# span 3 =     0.0000,     3.1458       
# span 4 =      0.000,    188.750       
# span 5 =      0.062,     83.373       
# span 6 =  44794.052,  48231.696       
# span 7 =    28.2276,    30.6204       
# span 8 =    10.1914,    11.0329       
# span 9 =      0.062,     82.577       
# span 10 =    6.42059,    6.56788      
# span 11 =    10.3523,    11.0329      
# span 12 =    21.6384,    23.4767      
# span 13 =   11.63520,   11.89821      
# span 14 = 5.5558e-02, 6.8488e+02      
# span 15 = 0.0000e+00, 0.0000e+00      
# interval = seconds: 0.25
# start_time = Oct 13 2016 15:32:20 [Instrument's time stamp, header]
# bad_flag = -9.990e-29
*END*
[from data line 633]
        634 287.649285    0.04396     2.6375    158.250     59.066  47479.927    30.1290    10.6014     58.505    6.43009    10.5950    23.0539   11.64666 5.6407e-02 0.0000e+00
        635 287.649288    0.04403     2.6417    158.500     59.276  47482.882    30.1310    10.6015     58.713    6.42999    10.5951    23.0554   11.64647 5.6356e-02 0.0000e+00
        636 287.649291    0.04410     2.6458    158.750     59.497  47486.153    30.1332    10.6017     58.932    6.42987    10.5952    23.0571   11.64626 5.6303e-02 0.0000e+00
        637 287.649294    0.04417     2.6500    159.000     59.724  47489.514    30.1355    10.6019     59.157    6.42976    10.5953    23.0589   11.64603 5.6255e-02 0.0000e+00
        638 287.649297    0.04424     2.6542    159.250     59.950  47492.846    30.1378    10.6020     59.381    6.42964    10.5954    23.0606   11.64581 5.6213e-02 0.0000e+00
        639 287.649300    0.04431     2.6583    159.500     60.170  47496.282    30.1401    10.6022     59.599    6.42952    10.5955    23.0624   11.64559 5.6170e-02 0.0000e+00
        640 287.649303    0.04437     2.6625    159.750     60.382  47499.983    30.1427    10.6023     59.809    6.42940    10.5956    23.0644   11.64536 5.6127e-02 0.0000e+00
        641 287.649306    0.04444     2.6667    160.000     60.586  47504.131    30.1455    10.6024     60.011    6.42927    10.5957    23.0666   11.64511 5.6088e-02 0.0000e+00
        642 287.649308    0.04451     2.6708    160.250     60.787  47509.285    30.1490    10.6025     60.210    6.42912    10.5958    23.0694   11.64481 5.6052e-02 0.0000e+00
        643 287.649311    0.04458     2.6750    160.500     60.987  47516.522    30.1541    10.6026     60.408    6.42890    10.5961    23.0732   11.64438 5.6010e-02 0.0000e+00
        644 287.649314    0.04465     2.6792    160.750     61.191  47526.149    30.1608    10.6027     60.610    6.42860    10.5966    23.0784   11.64380 5.5966e-02 0.0000e+00
        645 287.649317    0.04472     2.6833    161.000     61.398  47536.887    30.1683    10.6030     60.815    6.42824    10.5971    23.0842   11.64313 5.5929e-02 0.0000e+00
        646 287.649320    0.04479     2.6875    161.250     61.608  47547.487    30.1758    10.6035     61.023    6.42788    10.5976    23.0899   11.64243 5.5897e-02 0.0000e+00
        647 287.649323    0.04486     2.6917    161.500     61.818  47557.561    30.1828    10.6041     61.231    6.42751    10.5982    23.0953   11.64174 5.5863e-02 0.0000e+00
        648 287.649326    0.04493     2.6958    161.750     62.026  47566.622    30.1892    10.6046     61.437    6.42718    10.5987    23.1002   11.64111 5.5834e-02 0.0000e+00
        649 287.649329    0.04500     2.7000    162.000     62.234  47573.817    30.1942    10.6052     61.643    6.42689    10.5991    23.1040   11.64058 5.5811e-02 0.0000e+00
        650 287.649332    0.04507     2.7042    162.250     62.441  47578.973    30.1978    10.6057     61.848    6.42667    10.5995    23.1068   11.64017 5.5792e-02 0.0000e+00
        651 287.649334    0.04514     2.7083    162.500     62.647  47582.762    30.2005    10.6061     62.052    6.42650    10.5998    23.1088   11.63985 5.5776e-02 0.0000e+00
        652 287.649337    0.04521     2.7125    162.750     62.850  47585.920    30.2026    10.6065     62.253    6.42635    10.6000    23.1104   11.63959 5.5764e-02 0.0000e+00
        653 287.649340    0.04528     2.7167    163.000     63.047  47588.927    30.2047    10.6069     62.448    6.42622    10.6003    23.1119   11.63934 5.5751e-02 0.0000e+00
        654 287.649343    0.04535     2.7208    163.250     63.239  47591.996    30.2068    10.6072     62.638    6.42609    10.6007    23.1135   11.63910 5.5740e-02 0.0000e+00
        655 287.649346    0.04542     2.7250    163.500     63.426  47595.161    30.2090    10.6075     62.823    6.42595    10.6011    23.1152   11.63885 5.5731e-02 0.0000e+00
        656 287.649349    0.04549     2.7292    163.750     63.612  47598.152    30.2111    10.6079     63.008    6.42581    10.6015    23.1168   11.63860 5.5715e-02 0.0000e+00
        657 287.649352    0.04556     2.7333    164.000     63.802  47600.535    30.2127    10.6083     63.196    6.42569    10.6020    23.1180   11.63837 5.5690e-02 0.0000e+00
        658 287.649355    0.04562     2.7375    164.250     63.996  47602.200    30.2139    10.6088     63.388    6.42558    10.6024    23.1188   11.63817 5.5662e-02 0.0000e+00
        659 287.649358    0.04569     2.7417    164.500     64.197  47603.408    30.2147    10.6092     63.587    6.42548    10.6029    23.1193   11.63800 5.5634e-02 0.0000e+00
        660 287.649361    0.04576     2.7458    164.750     64.404  47604.383    30.2154    10.6097     63.792    6.42539    10.6034    23.1198   11.63784 5.5608e-02 0.0000e+00
        661 287.649363    0.04583     2.7500    165.000     64.615  47605.068    30.2158    10.6102     64.001    6.42530    10.6039    23.1201   11.63769 5.5585e-02 0.0000e+00
        662 287.649366    0.04590     2.7542    165.250     64.828  47605.512    30.2161    10.6107     64.212    6.42522    10.6042    23.1202   11.63755 5.5565e-02 0.0000e+00
        663 287.649369    0.04597     2.7583    165.500     65.040  47606.001    30.2164    10.6112     64.422    6.42514    10.6045    23.1204   11.63741 5.5558e-02 0.0000e+00
        664 287.649372    0.04604     2.7625    165.750     65.249  47606.564    30.2168    10.6116     64.629    6.42507    10.6046    23.1206   11.63729 5.5578e-02 0.0000e+00
        665 287.649375    0.04611     2.7667    166.000     65.453  47607.146    30.2171    10.6118     64.831    6.42502    10.6046    23.1208   11.63720 5.5620e-02 0.0000e+00
        666 287.649378    0.04618     2.7708    166.250     65.653  47608.050    30.2177    10.6120     65.029    6.42498    10.6045    23.1213   11.63712 5.5668e-02 0.0000e+00
        667 287.649381    0.04625     2.7750    166.500     65.850  47609.724    30.2188    10.6120     65.225    6.42493    10.6043    23.1221   11.63702 5.5720e-02 0.0000e+00
        668 287.649384    0.04632     2.7792    166.750     66.049  47612.287    30.2205    10.6120     65.422    6.42486    10.6040    23.1234   11.63690 5.5804e-02 0.0000e+00
        669 287.649387    0.04639     2.7833    167.000     66.252  47615.577    30.2227    10.6118     65.622    6.42479    10.6036    23.1252   11.63676 5.5977e-02 0.0000e+00
        670 287.649389    0.04646     2.7875    167.250     66.460  47620.043    30.2258    10.6115     65.828    6.42471    10.6029    23.1276   11.63658 5.6289e-02 0.0000e+00
        671 287.649392    0.04653     2.7917    167.500     66.671  47626.023    30.2298    10.6111     66.038    6.42460    10.6021    23.1309   11.63636 5.6818e-02 0.0000e+00
        672 287.649395    0.04660     2.7958    167.750     66.882  47632.860    30.2345    10.6105     66.246    6.42450    10.6010    23.1346   11.63613 5.7701e-02 0.0000e+00
        673 287.649398    0.04667     2.8000    168.000     67.088  47640.397    30.2396    10.6096     66.450    6.42440    10.5996    23.1387   11.63591 5.8967e-02 0.0000e+00
        674 287.649401    0.04674     2.8042    168.250     67.288  47649.148    30.2456    10.6086     66.648    6.42430    10.5977    23.1435   11.63568 6.0536e-02 0.0000e+00
        675 287.649404    0.04681     2.8083    168.500     67.482  47658.764    30.2521    10.6072     66.841    6.42424    10.5957    23.1489   11.63549 6.2221e-02 0.0000e+00
        676 287.649407    0.04688     2.8125    168.750     67.674  47668.055    30.2584    10.6054     67.031    6.42423    10.5937    23.1541   11.63541 6.3589e-02 0.0000e+00
        677 287.649410    0.04694     2.8167    169.000     67.871  47676.786    30.2642    10.6034     67.226    6.42427    10.5916    23.1589   11.63540 6.4382e-02 0.0000e+00
        678 287.649413    0.04701     2.8208    169.250     68.077  47685.649    30.2702    10.6014     67.429    6.42431    10.5893    23.1639   11.63539 6.4724e-02 0.0000e+00
        679 287.649416    0.04708     2.8250    169.500     68.293  47695.405    30.2767    10.5993     67.643    6.42433    10.5864    23.1693   11.63534 6.4789e-02 0.0000e+00
        680 287.649418    0.04715     2.8292    169.750     68.517  47706.983    30.2845    10.5970     67.865    6.42433    10.5829    23.1758   11.63526 6.4689e-02 0.0000e+00
        681 287.649421    0.04722     2.8333    170.000     68.747  47720.258    30.2934    10.5942     68.093    6.42436    10.5791    23.1832   11.63520 6.4488e-02 0.0000e+00
        682 287.649424    0.04729     2.8375    170.250     68.975  47733.987    30.3026    10.5907     68.318    6.42447    10.5751    23.1909   11.63527 6.4229e-02 0.0000e+00
        683 287.649427    0.04736     2.8417    170.500     69.195  47747.579    30.3116    10.5869     68.537    6.42463    10.5711    23.1986   11.63543 6.3944e-02 0.0000e+00
        684 287.649430    0.04743     2.8458    170.750     69.406  47761.012    30.3206    10.5829     68.745    6.42482    10.5673    23.2062   11.63563 6.3660e-02 0.0000e+00
        685 287.649433    0.04750     2.8500    171.000     69.604  47773.770    30.3290    10.5790     68.942    6.42502    10.5637    23.2135   11.63587 6.3389e-02 0.0000e+00
        686 287.649436    0.04757     2.8542    171.250     69.791  47785.369    30.3366    10.5751     69.127    6.42524    10.5605    23.2201   11.63614 6.3131e-02 0.0000e+00
        687 287.649439    0.04764     2.8583    171.500     69.971  47795.906    30.3436    10.5716     69.305    6.42545    10.5575    23.2261   11.63640 6.2889e-02 0.0000e+00
        688 287.649442    0.04771     2.8625    171.750     70.149  47805.360    30.3498    10.5683     69.482    6.42564    10.5549    23.2314   11.63666 6.2666e-02 0.0000e+00
        689 287.649444    0.04778     2.8667    172.000     70.332  47813.615    30.3552    10.5654     69.663    6.42583    10.5526    23.2361   11.63690 6.2456e-02 0.0000e+00
        690 287.649447    0.04785     2.8708    172.250     70.526  47820.983    30.3600    10.5628     69.855    6.42600    10.5503    23.2403   11.63712 6.2256e-02 0.0000e+00
        691 287.649450    0.04792     2.8750    172.500     70.737  47828.139    30.3647    10.5605     70.064    6.42614    10.5478    23.2443   11.63729 6.2066e-02 0.0000e+00
        692 287.649453    0.04799     2.8792    172.750     70.965  47835.609    30.3696    10.5582     70.289    6.42625    10.5451    23.2485   11.63742 6.1890e-02 0.0000e+00
        693 287.649456    0.04806     2.8833    173.000     71.205  47843.656    30.3749    10.5558     70.527    6.42636    10.5418    23.2531   11.63755 6.1732e-02 0.0000e+00
        694 287.649459    0.04813     2.8875    173.250     71.451  47852.981    30.3810    10.5531     70.770    6.42649    10.5376    23.2583   11.63769 6.1590e-02 0.0000e+00
        695 287.649462    0.04819     2.8917    173.500     71.693  47864.198    30.3885    10.5498     71.011    6.42665    10.5325    23.2646   11.63786 6.1455e-02 0.0000e+00
        696 287.649465    0.04826     2.8958    173.750     71.923  47877.328    30.3971    10.5457     71.238    6.42687    10.5263    23.2721   11.63812 6.1324e-02 0.0000e+00
        697 287.649468    0.04833     2.9000    174.000     72.134  47892.578    30.4072    10.5406     71.447    6.42717    10.5190    23.2808   11.63850 6.1188e-02 0.0000e+00
        698 287.649470    0.04840     2.9042    174.250     72.326  47910.111    30.4187    10.5344     71.637    6.42756    10.5108    23.2908   11.63901 6.1060e-02 0.0000e+00
        699 287.649473    0.04847     2.9083    174.500     72.503  47928.996    30.4311    10.5271     71.813    6.42807    10.5029    23.3016   11.63971 6.0960e-02 0.0000e+00
        700 287.649476    0.04854     2.9125    174.750     72.674  47947.266    30.4430    10.5190     71.982    6.42872    10.4960    23.3122   11.64064 6.0875e-02 0.0000e+00
        701 287.649479    0.04861     2.9167    175.000     72.847  47963.172    30.4532    10.5110     72.153    6.42941    10.4904    23.3215   11.64167 6.0784e-02 0.0000e+00
        702 287.649482    0.04868     2.9208    175.250     73.028  47976.087    30.4614    10.5042     72.333    6.43003    10.4861    23.3290   11.64260 6.0685e-02 0.0000e+00
        703 287.649485    0.04875     2.9250    175.500     73.220  47986.367    30.4679    10.4987     72.523    6.43053    10.4825    23.3350   11.64335 6.0580e-02 0.0000e+00
        704 287.649488    0.04882     2.9292    175.750     73.422  47994.722    30.4732    10.4943     72.723    6.43092    10.4794    23.3399   11.64394 6.0478e-02 0.0000e+00
        705 287.649491    0.04889     2.9333    176.000     73.631  48001.760    30.4777    10.4907     72.930    6.43124    10.4767    23.3440   11.64441 6.0385e-02 0.0000e+00
        706 287.649494    0.04896     2.9375    176.250     73.845  48007.790    30.4815    10.4877     73.141    6.43151    10.4743    23.3474   11.64482 6.0303e-02 0.0000e+00
        707 287.649497    0.04903     2.9417    176.500     74.061  48012.962    30.4847    10.4850     73.355    6.43176    10.4722    23.3504   11.64519 6.0229e-02 0.0000e+00
        708 287.649499    0.04910     2.9458    176.750     74.280  48017.391    30.4875    10.4826     73.572    6.43197    10.4704    23.3530   11.64551 6.0158e-02 0.0000e+00
        709 287.649502    0.04917     2.9500    177.000     74.500  48021.132    30.4898    10.4806     73.790    6.43216    10.4688    23.3551   11.64579 6.0090e-02 0.0000e+00
        710 287.649505    0.04924     2.9542    177.250     74.719  48024.288    30.4917    10.4788     74.007    6.43233    10.4673    23.3569   11.64605 6.0028e-02 0.0000e+00
        711 287.649508    0.04931     2.9583    177.500     74.933  48027.060    30.4933    10.4772     74.219    6.43248    10.4658    23.3585   11.64628 5.9973e-02 0.0000e+00
        712 287.649511    0.04938     2.9625    177.750     75.139  48029.698    30.4949    10.4758     74.423    6.43262    10.4642    23.3599   11.64649 5.9920e-02 0.0000e+00
        713 287.649514    0.04944     2.9667    178.000     75.332  48032.542    30.4967    10.4743     74.615    6.43275    10.4625    23.3615   11.64669 5.9863e-02 0.0000e+00
        714 287.649517    0.04951     2.9708    178.250     75.513  48035.781    30.4987    10.4727     74.793    6.43289    10.4607    23.3634   11.64690 5.9804e-02 0.0000e+00
        715 287.649520    0.04958     2.9750    178.500     75.682  48039.213    30.5009    10.4710     74.962    6.43304    10.4590    23.3653   11.64713 5.9760e-02 0.0000e+00
        716 287.649523    0.04965     2.9792    178.750     75.848  48042.634    30.5030    10.4693     75.126    6.43320    10.4574    23.3673   11.64736 5.9736e-02 0.0000e+00
        717 287.649525    0.04972     2.9833    179.000     76.019  48046.000    30.5051    10.4676     75.295    6.43335    10.4558    23.3692   11.64758 5.9718e-02 0.0000e+00
        718 287.649528    0.04979     2.9875    179.250     76.203  48049.270    30.5071    10.4659     75.477    6.43350    10.4542    23.3711   11.64780 5.9691e-02 0.0000e+00
        719 287.649531    0.04986     2.9917    179.500     76.402  48052.438    30.5091    10.4643     75.674    6.43364    10.4526    23.3729   11.64801 5.9652e-02 0.0000e+00
        720 287.649534    0.04993     2.9958    179.750     76.616  48055.551    30.5110    10.4628     75.885    6.43378    10.4510    23.3747   11.64822 5.9604e-02 0.0000e+00
        721 287.649537    0.05000     3.0000    180.000     76.839  48058.644    30.5129    10.4612     76.106    6.43392    10.4494    23.3764   11.64842 5.9551e-02 0.0000e+00
        722 287.649540    0.05007     3.0042    180.250     77.064  48061.707    30.5148    10.4597     76.329    6.43406    10.4479    23.3781   11.64864 5.9494e-02 0.0000e+00
        723 287.649543    0.05014     3.0083    180.500     77.287  48064.672    30.5166    10.4581     76.550    6.43421    10.4466    23.3798   11.64886 5.9434e-02 0.0000e+00
