CTD-processing/allCTD/CNV--turbid/2016_02-15_t6_s06_cast135.cnv
* Sea-Bird SBE19plus Data File:
* FileName = C:\Users\Kris.Holderied\Documents\kasitsna\Research-KBL\Oceanography-AK\CTD-Data-ALL-to-2016-02\2016-CTD-KachemakBay-CookInlet\2016-02-CookInlet-quarterly\2016-02-15-CookInlet-Tran6-Douglas\2016-02-15-CookInlet-Tran6-cast135.hex
* Software Version 1.59
* Temperature SN =  5028
* Conductivity SN =  5028
* System UpLoad Time = Feb 15 2016 19:50:26
** Cook Inlet LTM Tran6 Douglas West to East

** Date: 02-15
** Station: 6-06
** Start time (AKST): 17:30
** Depth (m): 143
** Comment:  R/V Pandalus
** Comment:
# nquan = 16
# nvalues = 818                         
# units = specified
# name 0 = scan: Scan Count
# name 1 = timeJ: Julian Days
# name 2 = timeH: Time, Elapsed [hours]
# name 3 = timeM: Time, Elapsed [minutes]
# name 4 = timeS: Time, Elapsed [seconds]
# name 5 = prdM: Pressure, Strain Gauge [db]
# name 6 = specc: Specific Conductance [uS/cm]
# name 7 = sal00: Salinity, Practical [PSU]
# name 8 = tv290C: Temperature [ITS-90, deg C]
# name 9 = depSM: Depth [salt water, m], lat = 59.00
# name 10 = oxsolML/L: Oxygen Saturation, Garcia & Gordon [ml/l]
# name 11 = potemp090C: Potential Temperature [ITS-90, deg C]
# name 12 = sigma-é00: Density [sigma-theta, kg/m^3]
# name 13 = n2satML/L: Nitrogen Saturation [ml/l]
# name 14 = par: PAR/Irradiance, Biospherical/Licor
# name 15 = flag:  0.000e+00
# span 0 =          1,        818       
# span 1 =  46.729549,  46.731913       
# span 2 =    0.00000,    0.05674       
# span 3 =     0.0000,     3.4042       
# span 4 =      0.000,    204.250       
# span 5 =     -0.154,    136.231       
# span 6 =   1671.076,  50549.036       
# span 7 =     0.8310,    31.6256       
# span 8 =     5.1051,     6.4548       
# span 9 =     -0.153,    134.913       
# span 10 =    6.99043,    8.86311      
# span 11 =     5.1077,     6.4436      
# span 12 =     0.6299,    24.8331      
# span 13 =   12.55585,   16.11923      
# span 14 = 3.7976e-02, 2.9840e+01      
# span 15 = 0.0000e+00, 0.0000e+00      
# interval = seconds: 0.25
# start_time = Feb 15 2016 17:30:33 [Instrument's time stamp, header]
# bad_flag = -9.990e-29
*END*
[from data line 362]
        363  46.730596    0.02514     1.5083     90.500     28.429  50252.887    31.4267     6.2239     28.161    7.03748     6.2213    24.7034   12.63611 4.3595e-01 0.0000e+00
        364  46.730599    0.02521     1.5125     90.750     28.729  50253.308    31.4269     6.2238     28.458    7.03749     6.2212    24.7036   12.63613 4.2224e-01 0.0000e+00
        365  46.730602    0.02528     1.5167     91.000     29.028  50253.709    31.4270     6.2237     28.755    7.03750     6.2211    24.7037   12.63614 4.0905e-01 0.0000e+00
        366  46.730605    0.02535     1.5208     91.250     29.325  50254.074    31.4271     6.2236     29.049    7.03751     6.2211    24.7038   12.63615 3.9641e-01 0.0000e+00
        367  46.730608    0.02542     1.5250     91.500     29.617  50254.423    31.4272     6.2235     29.338    7.03752     6.2210    24.7038   12.63617 3.8436e-01 0.0000e+00
        368  46.730611    0.02549     1.5292     91.750     29.901  50254.730    31.4272     6.2234     29.619    7.03753     6.2209    24.7039   12.63618 3.7291e-01 0.0000e+00
        369  46.730613    0.02556     1.5333     92.000     30.177  50254.975    31.4273     6.2234     29.892    7.03753     6.2209    24.7040   12.63619 3.6214e-01 0.0000e+00
        370  46.730616    0.02562     1.5375     92.250     30.446  50255.221    31.4273     6.2234     30.159    7.03753     6.2208    24.7040   12.63619 3.5210e-01 0.0000e+00
        371  46.730619    0.02569     1.5417     92.500     30.711  50255.517    31.4274     6.2233     30.422    7.03753     6.2207    24.7040   12.63619 3.4265e-01 0.0000e+00
        372  46.730622    0.02576     1.5458     92.750     30.976  50255.889    31.4275     6.2233     30.684    7.03753     6.2206    24.7041   12.63619 3.3352e-01 0.0000e+00
        373  46.730625    0.02583     1.5500     93.000     31.242  50256.422    31.4277     6.2232     30.947    7.03753     6.2205    24.7043   12.63618 3.2450e-01 0.0000e+00
        374  46.730628    0.02590     1.5542     93.250     31.512  50257.198    31.4281     6.2231     31.215    7.03753     6.2204    24.7047   12.63618 3.1550e-01 0.0000e+00
        375  46.730631    0.02597     1.5583     93.500     31.788  50258.204    31.4286     6.2230     31.488    7.03752     6.2203    24.7051   12.63616 3.0645e-01 0.0000e+00
        376  46.730634    0.02604     1.5625     93.750     32.070  50259.317    31.4293     6.2230     31.768    7.03751     6.2203    24.7056   12.63612 2.9736e-01 0.0000e+00
        377  46.730637    0.02611     1.5667     94.000     32.358  50260.362    31.4299     6.2229     32.053    7.03749     6.2203    24.7061   12.63608 2.8829e-01 0.0000e+00
        378  46.730639    0.02618     1.5708     94.250     32.649  50261.184    31.4303     6.2229     32.342    7.03747     6.2203    24.7064   12.63605 2.7934e-01 0.0000e+00
        379  46.730642    0.02625     1.5750     94.500     32.943  50261.774    31.4306     6.2229     32.633    7.03745     6.2204    24.7066   12.63602 2.7059e-01 0.0000e+00
        380  46.730645    0.02632     1.5792     94.750     33.238  50262.256    31.4308     6.2230     32.925    7.03743     6.2206    24.7068   12.63598 2.6213e-01 0.0000e+00
        381  46.730648    0.02639     1.5833     95.000     33.533  50262.668    31.4309     6.2231     33.217    7.03740     6.2208    24.7069   12.63593 2.5406e-01 0.0000e+00
        382  46.730651    0.02646     1.5875     95.250     33.824  50263.052    31.4311     6.2233     33.505    7.03736     6.2210    24.7070   12.63586 2.4642e-01 0.0000e+00
        383  46.730654    0.02653     1.5917     95.500     34.110  50263.489    31.4313     6.2235     33.789    7.03732     6.2212    24.7071   12.63579 2.3922e-01 0.0000e+00
        384  46.730657    0.02660     1.5958     95.750     34.392  50263.887    31.4315     6.2237     34.067    7.03727     6.2213    24.7073   12.63571 2.3239e-01 0.0000e+00
        385  46.730660    0.02667     1.6000     96.000     34.667  50264.159    31.4316     6.2239     34.340    7.03724     6.2214    24.7073   12.63565 2.2591e-01 0.0000e+00
        386  46.730663    0.02674     1.6042     96.250     34.937  50264.370    31.4317     6.2241     34.607    7.03721     6.2214    24.7073   12.63561 2.1971e-01 0.0000e+00
        387  46.730666    0.02681     1.6083     96.500     35.202  50264.597    31.4317     6.2242     34.869    7.03719     6.2215    24.7074   12.63557 2.1379e-01 0.0000e+00
        388  46.730668    0.02688     1.6125     96.750     35.463  50264.860    31.4318     6.2243     35.128    7.03717     6.2215    24.7074   12.63554 2.0813e-01 0.0000e+00
        389  46.730671    0.02694     1.6167     97.000     35.725  50265.208    31.4319     6.2243     35.387    7.03716     6.2215    24.7075   12.63551 2.0270e-01 0.0000e+00
        390  46.730674    0.02701     1.6208     97.250     35.989  50265.685    31.4321     6.2244     35.649    7.03714     6.2215    24.7077   12.63548 1.9741e-01 0.0000e+00
        391  46.730677    0.02708     1.6250     97.500     36.259  50266.263    31.4324     6.2244     35.917    7.03712     6.2216    24.7079   12.63545 1.9217e-01 0.0000e+00
        392  46.730680    0.02715     1.6292     97.750     36.538  50266.929    31.4328     6.2245     36.193    7.03710     6.2217    24.7082   12.63541 1.8694e-01 0.0000e+00
        393  46.730683    0.02722     1.6333     98.000     36.826  50267.689    31.4332     6.2245     36.478    7.03707     6.2219    24.7085   12.63535 1.8170e-01 0.0000e+00
        394  46.730686    0.02729     1.6375     98.250     37.124  50268.541    31.4336     6.2247     36.774    7.03703     6.2223    24.7089   12.63527 1.7649e-01 0.0000e+00
        395  46.730689    0.02736     1.6417     98.500     37.432  50269.496    31.4342     6.2249     37.079    7.03696     6.2228    24.7093   12.63516 1.7135e-01 0.0000e+00
        396  46.730692    0.02743     1.6458     98.750     37.747  50270.617    31.4349     6.2253     37.391    7.03686     6.2235    24.7098   12.63499 1.6631e-01 0.0000e+00
        397  46.730694    0.02750     1.6500     99.000     38.068  50271.976    31.4358     6.2259     37.709    7.03672     6.2245    24.7104   12.63476 1.6143e-01 0.0000e+00
        398  46.730697    0.02757     1.6542     99.250     38.389  50273.505    31.4368     6.2266     38.027    7.03655     6.2257    24.7111   12.63446 1.5674e-01 0.0000e+00
        399  46.730700    0.02764     1.6583     99.500     38.707  50275.005    31.4379     6.2276     38.342    7.03633     6.2271    24.7119   12.63409 1.5228e-01 0.0000e+00
        400  46.730703    0.02771     1.6625     99.750     39.018  50276.342    31.4389     6.2289     38.650    7.03609     6.2285    24.7125   12.63366 1.4811e-01 0.0000e+00
        401  46.730706    0.02778     1.6667    100.000     39.318  50277.423    31.4398     6.2303     38.947    7.03582     6.2299    24.7130   12.63320 1.4425e-01 0.0000e+00
        402  46.730709    0.02785     1.6708    100.250     39.606  50278.076    31.4404     6.2317     39.232    7.03555     6.2312    24.7133   12.63275 1.4069e-01 0.0000e+00
        403  46.730712    0.02792     1.6750    100.500     39.880  50278.281    31.4407     6.2331     39.503    7.03530     6.2322    24.7134   12.63234 1.3741e-01 0.0000e+00
        404  46.730715    0.02799     1.6792    100.750     40.141  50278.168    31.4407     6.2344     39.762    7.03509     6.2330    24.7133   12.63199 1.3436e-01 0.0000e+00
        405  46.730718    0.02806     1.6833    101.000     40.390  50277.850    31.4406     6.2355     40.008    7.03492     6.2337    24.7130   12.63171 1.3151e-01 0.0000e+00
        406  46.730720    0.02813     1.6875    101.250     40.629  50277.514    31.4404     6.2363     40.245    7.03479     6.2341    24.7128   12.63149 1.2880e-01 0.0000e+00
        407  46.730723    0.02819     1.6917    101.500     40.863  50277.217    31.4402     6.2370     40.477    7.03470     6.2344    24.7126   12.63134 1.2618e-01 0.0000e+00
        408  46.730726    0.02826     1.6958    101.750     41.096  50276.880    31.4399     6.2374     40.707    7.03463     6.2345    24.7123   12.63124 1.2360e-01 0.0000e+00
        409  46.730729    0.02833     1.7000    102.000     41.332  50276.685    31.4398     6.2377     40.941    7.03459     6.2347    24.7121   12.63118 1.2102e-01 0.0000e+00
        410  46.730732    0.02840     1.7042    102.250     41.574  50276.938    31.4399     6.2379     41.181    7.03456     6.2349    24.7122   12.63112 1.1839e-01 0.0000e+00
        411  46.730735    0.02847     1.7083    102.500     41.826  50277.537    31.4402     6.2380     41.430    7.03452     6.2351    24.7124   12.63104 1.1572e-01 0.0000e+00
        412  46.730738    0.02854     1.7125    102.750     42.088  50277.990    31.4404     6.2383     41.690    7.03447     6.2353    24.7126   12.63096 1.1300e-01 0.0000e+00
        413  46.730741    0.02861     1.7167    103.000     42.363  50278.081    31.4404     6.2386     41.962    7.03442     6.2355    24.7126   12.63088 1.1025e-01 0.0000e+00
        414  46.730744    0.02868     1.7208    103.250     42.648  50278.078    31.4403     6.2388     42.245    7.03438     6.2356    24.7125   12.63083 1.0750e-01 0.0000e+00
        415  46.730747    0.02875     1.7250    103.500     42.942  50278.220    31.4403     6.2390     42.537    7.03436     6.2356    24.7124   12.63079 1.0480e-01 0.0000e+00
        416  46.730749    0.02882     1.7292    103.750     43.243  50278.450    31.4403     6.2391     42.834    7.03434     6.2357    24.7124   12.63075 1.0219e-01 0.0000e+00
        417  46.730752    0.02889     1.7333    104.000     43.546  50278.616    31.4403     6.2392     43.135    7.03432     6.2357    24.7124   12.63073 9.9686e-02 0.0000e+00
        418  46.730755    0.02896     1.7375    104.250     43.848  50278.711    31.4403     6.2392     43.434    7.03431     6.2357    24.7124   12.63071 9.7280e-02 0.0000e+00
        419  46.730758    0.02903     1.7417    104.500     44.146  50278.865    31.4402     6.2393     43.729    7.03430     6.2358    24.7124   12.63070 9.5004e-02 0.0000e+00
        420  46.730761    0.02910     1.7458    104.750     44.438  50279.137    31.4403     6.2393     44.018    7.03430     6.2358    24.7124   12.63068 9.2884e-02 0.0000e+00
        421  46.730764    0.02917     1.7500    105.000     44.722  50279.474    31.4404     6.2394     44.299    7.03429     6.2358    24.7125   12.63067 9.0912e-02 0.0000e+00
        422  46.730767    0.02924     1.7542    105.250     44.998  50279.847    31.4406     6.2394     44.572    7.03427     6.2359    24.7126   12.63064 8.9068e-02 0.0000e+00
        423  46.730770    0.02931     1.7583    105.500     45.267  50280.300    31.4408     6.2395     44.839    7.03425     6.2361    24.7127   12.63059 8.7341e-02 0.0000e+00
        424  46.730773    0.02937     1.7625    105.750     45.534  50280.847    31.4410     6.2397     45.103    7.03421     6.2364    24.7129   12.63053 8.5706e-02 0.0000e+00
        425  46.730775    0.02944     1.7667    106.000     45.801  50281.490    31.4414     6.2399     45.368    7.03416     6.2367    24.7132   12.63044 8.4117e-02 0.0000e+00
        426  46.730778    0.02951     1.7708    106.250     46.074  50282.281    31.4419     6.2401     45.638    7.03409     6.2372    24.7135   12.63033 8.2549e-02 0.0000e+00
        427  46.730781    0.02958     1.7750    106.500     46.358  50283.201    31.4424     6.2405     45.919    7.03401     6.2377    24.7139   12.63018 8.0987e-02 0.0000e+00
        428  46.730784    0.02965     1.7792    106.750     46.656  50284.119    31.4430     6.2410     46.215    7.03390     6.2384    24.7143   12.62999 7.9409e-02 0.0000e+00
        429  46.730787    0.02972     1.7833    107.000     46.971  50284.933    31.4435     6.2416     46.527    7.03378     6.2390    24.7147   12.62979 7.7810e-02 0.0000e+00
        430  46.730790    0.02979     1.7875    107.250     47.302  50285.585    31.4439     6.2422     46.854    7.03366     6.2395    24.7149   12.62958 7.6203e-02 0.0000e+00
        431  46.730793    0.02986     1.7917    107.500     47.645  50286.036    31.4442     6.2428     47.195    7.03354     6.2400    24.7151   12.62938 7.4607e-02 0.0000e+00
        432  46.730796    0.02993     1.7958    107.750     47.996  50286.391    31.4444     6.2434     47.542    7.03343     6.2405    24.7152   12.62920 7.3042e-02 0.0000e+00
        433  46.730799    0.03000     1.8000    108.000     48.346  50286.909    31.4447     6.2440     47.889    7.03333     6.2410    24.7153   12.62903 7.1538e-02 0.0000e+00
        434  46.730802    0.03007     1.8042    108.250     48.691  50287.735    31.4452     6.2445     48.230    7.03323     6.2415    24.7157   12.62885 7.0137e-02 0.0000e+00
        435  46.730804    0.03014     1.8083    108.500     49.024  50288.863    31.4459     6.2450     48.560    7.03311     6.2423    24.7162   12.62865 6.8865e-02 0.0000e+00
        436  46.730807    0.03021     1.8125    108.750     49.337  50290.346    31.4469     6.2456     48.870    7.03297     6.2433    24.7169   12.62840 6.7709e-02 0.0000e+00
        437  46.730810    0.03028     1.8167    109.000     49.628  50292.353    31.4483     6.2463     49.158    7.03278     6.2446    24.7179   12.62807 6.6642e-02 0.0000e+00
        438  46.730813    0.03035     1.8208    109.250     49.893  50294.921    31.4502     6.2473     49.421    7.03253     6.2462    24.7192   12.62763 6.5637e-02 0.0000e+00
        439  46.730816    0.03042     1.8250    109.500     50.135  50297.612    31.4522     6.2487     49.660    7.03221     6.2481    24.7207   12.62709 6.4674e-02 0.0000e+00
        440  46.730819    0.03049     1.8292    109.750     50.358  50299.936    31.4540     6.2503     49.880    7.03185     6.2501    24.7219   12.62647 6.3799e-02 0.0000e+00
        441  46.730822    0.03056     1.8333    110.000     50.564  50301.878    31.4556     6.2522     50.085    7.03146     6.2521    24.7229   12.62581 6.3093e-02 0.0000e+00
        442  46.730825    0.03062     1.8375    110.250     50.761  50303.424    31.4570     6.2542     50.280    7.03107     6.2540    24.7238   12.62514 6.2558e-02 0.0000e+00
        443  46.730828    0.03069     1.8417    110.500     50.954  50304.371    31.4579     6.2562     50.471    7.03070     6.2556    24.7243   12.62451 6.2102e-02 0.0000e+00
        444  46.730830    0.03076     1.8458    110.750     51.149  50304.767    31.4584     6.2581     50.665    7.03036     6.2570    24.7245   12.62395 6.1638e-02 0.0000e+00
        445  46.730833    0.03083     1.8500    111.000     51.352  50305.006    31.4588     6.2598     50.866    7.03007     6.2583    24.7246   12.62346 6.1128e-02 0.0000e+00
        446  46.730836    0.03090     1.8542    111.250     51.567  50305.593    31.4594     6.2613     51.079    7.02980     6.2597    24.7249   12.62302 6.0559e-02 0.0000e+00
        447  46.730839    0.03097     1.8583    111.500     51.796  50306.918    31.4604     6.2626     51.305    7.02954     6.2613    24.7255   12.62257 5.9935e-02 0.0000e+00
        448  46.730842    0.03104     1.8625    111.750     52.039  50309.232    31.4622     6.2639     51.546    7.02923     6.2634    24.7267   12.62204 5.9265e-02 0.0000e+00
        449  46.730845    0.03111     1.8667    112.000     52.295  50312.605    31.4647     6.2656     51.799    7.02884     6.2660    24.7285   12.62137 5.8548e-02 0.0000e+00
        450  46.730848    0.03118     1.8708    112.250     52.562  50316.650    31.4678     6.2677     52.064    7.02835     6.2691    24.7307   12.62052 5.7805e-02 0.0000e+00
        451  46.730851    0.03125     1.8750    112.500     52.839  50320.376    31.4708     6.2703     52.338    7.02778     6.2722    24.7327   12.61953 5.7067e-02 0.0000e+00
