CTD-processing/allCTD/CNV--turbid/2016_02-16_t7_s20b_cast145.cnv
* Sea-Bird SBE19plus Data File:
* FileName = C:\Users\Kris.Holderied\Documents\kasitsna\Research-KBL\Oceanography-AK\CTD-Data-ALL-to-2016-02\2016-CTD-KachemakBay-CookInlet\2016-02-CookInlet-quarterly\2016-02-16-CookInlet-Tran7-Augustine\2016-02-16-CookInlet-Tran7-cast145.hex
* Software Version 1.59
* Temperature SN =  5028
* Conductivity SN =  5028
* System UpLoad Time = Feb 16 2016 10:36:54
** Cook Inlet LTM Tran7 Augustine East to West

** Date: 02-16
** Station: 7-20b
** Start time (AKST): 00:41
** Depth (m): 80
** Comment: R/V Pandalus.
** Comment: 2nd of 2 casts at station. This one with Niskin bottle. Both good casts.
** Comment: Zooplankton 50 m vertical tow, Phytoplankton 40l             surface filtered, OA water samples at surface and 75m.
# nquan = 16
# nvalues = 692                         
# units = specified
# name 0 = scan: Scan Count
# name 1 = timeJ: Julian Days
# name 2 = timeH: Time, Elapsed [hours]
# name 3 = timeM: Time, Elapsed [minutes]
# name 4 = timeS: Time, Elapsed [seconds]
# name 5 = prdM: Pressure, Strain Gauge [db]
# name 6 = specc: Specific Conductance [uS/cm]
# name 7 = sal00: Salinity, Practical [PSU]
# name 8 = tv290C: Temperature [ITS-90, deg C]
# name 9 = depSM: Depth [salt water, m], lat = 59.00
# name 10 = oxsolML/L: Oxygen Saturation, Garcia & Gordon [ml/l]
# name 11 = potemp090C: Potential Temperature [ITS-90, deg C]
# name 12 = sigma-é00: Density [sigma-theta, kg/m^3]
# name 13 = n2satML/L: Nitrogen Saturation [ml/l]
# name 14 = par: PAR/Irradiance, Biospherical/Licor
# name 15 = flag:  0.000e+00
# span 0 =          1,        692       
# span 1 =  47.028831,  47.030830       
# span 2 =    0.00000,    0.04799       
# span 3 =     0.0000,     2.8792       
# span 4 =      0.000,    172.750       
# span 5 =     -0.129,     82.246       
# span 6 =   4641.436,  50368.986       
# span 7 =     2.4120,    31.4950       
# span 8 =     6.2233,     6.2925       
# span 9 =     -0.128,     81.461       
# span 10 =    7.02301,    8.52340      
# span 11 =     6.2233,     6.2859      
# span 12 =     1.8527,    24.7501      
# span 13 =   12.61134,   15.52327      
# span 14 = 3.7978e-02, 3.0479e-01      
# span 15 = 0.0000e+00, 0.0000e+00      
# interval = seconds: 0.25
# start_time = Feb 16 2016 00:41:31 [Instrument's time stamp, header]
# bad_flag = -9.990e-29
*END*
[from data line 272]
        273  47.029618    0.01889     1.1333     68.000      1.061  50315.870    31.4907     6.2634      1.051    7.02800     6.2635    24.7488   12.61963 8.6148e-02 0.0000e+00
        274  47.029621    0.01896     1.1375     68.250      1.077  50316.266    31.4910     6.2634      1.067    7.02798     6.2639    24.7490   12.61961 8.3318e-02 0.0000e+00
        275  47.029624    0.01903     1.1417     68.500      1.092  50317.004    31.4915     6.2636      1.082    7.02793     6.2647    24.7494   12.61951 7.8323e-02 0.0000e+00
        276  47.029627    0.01910     1.1458     68.750      1.103  50317.859    31.4922     6.2640      1.093    7.02782     6.2658    24.7499   12.61933 7.8002e-02 0.0000e+00
        277  47.029630    0.01917     1.1500     69.000      1.113  50318.332    31.4926     6.2648      1.103    7.02767     6.2669    24.7501   12.61907 8.3087e-02 0.0000e+00
        278  47.029633    0.01924     1.1542     69.250      1.129  50318.150    31.4927     6.2658      1.119    7.02750     6.2680    24.7501   12.61878 8.6728e-02 0.0000e+00
        279  47.029635    0.01931     1.1583     69.500      1.160  50317.584    31.4925     6.2670      1.149    7.02732     6.2690    24.7498   12.61849 8.2745e-02 0.0000e+00
        280  47.029638    0.01938     1.1625     69.750      1.215  50317.084    31.4924     6.2681      1.204    7.02715     6.2701    24.7495   12.61820 7.6193e-02 0.0000e+00
        281  47.029641    0.01944     1.1667     70.000      1.302  50316.816    31.4924     6.2691      1.290    7.02697     6.2711    24.7494   12.61792 7.0803e-02 0.0000e+00
        282  47.029644    0.01951     1.1708     70.250      1.428  50316.674    31.4924     6.2702      1.415    7.02680     6.2721    24.7493   12.61763 6.4503e-02 0.0000e+00
        283  47.029647    0.01958     1.1750     70.500      1.590  50316.395    31.4923     6.2712      1.575    7.02663     6.2730    24.7491   12.61735 5.8653e-02 0.0000e+00
        284  47.029650    0.01965     1.1792     70.750      1.775  50315.850    31.4921     6.2723      1.758    7.02648     6.2737    24.7488   12.61710 5.4669e-02 0.0000e+00
        285  47.029653    0.01972     1.1833     71.000      1.970  50315.186    31.4917     6.2732      1.951    7.02635     6.2742    24.7484   12.61689 5.1512e-02 0.0000e+00
        286  47.029656    0.01979     1.1875     71.250      2.167  50314.568    31.4913     6.2739      2.146    7.02624     6.2746    24.7480   12.61672 4.8054e-02 0.0000e+00
        287  47.029659    0.01986     1.1917     71.500      2.364  50314.077    31.4909     6.2744      2.342    7.02617     6.2747    24.7477   12.61661 4.4607e-02 0.0000e+00
        288  47.029661    0.01993     1.1958     71.750      2.561  50313.724    31.4907     6.2748      2.537    7.02613     6.2748    24.7474   12.61654 4.2146e-02 0.0000e+00
        289  47.029664    0.02000     1.2000     72.000      2.758  50313.450    31.4904     6.2750      2.732    7.02611     6.2747    24.7472   12.61651 4.0709e-02 0.0000e+00
        290  47.029667    0.02007     1.2042     72.250      2.954  50313.258    31.4902     6.2750      2.926    7.02610     6.2746    24.7470   12.61651 3.9817e-02 0.0000e+00
        291  47.029670    0.02014     1.2083     72.500      3.149  50313.264    31.4901     6.2750      3.120    7.02612     6.2745    24.7469   12.61653 3.9158e-02 0.0000e+00
        292  47.029673    0.02021     1.2125     72.750      3.345  50313.560    31.4902     6.2749      3.313    7.02613     6.2745    24.7470   12.61655 3.8704e-02 0.0000e+00
        293  47.029676    0.02028     1.2167     73.000      3.539  50314.184    31.4905     6.2748      3.506    7.02613     6.2748    24.7473   12.61655 3.8444e-02 0.0000e+00
        294  47.029679    0.02035     1.2208     73.250      3.733  50314.942    31.4910     6.2748      3.698    7.02610     6.2752    24.7476   12.61650 3.8294e-02 0.0000e+00
        295  47.029682    0.02042     1.2250     73.500      3.927  50315.353    31.4912     6.2751      3.890    7.02604     6.2756    24.7478   12.61640 3.8188e-02 0.0000e+00
        296  47.029685    0.02049     1.2292     73.750      4.123  50315.246    31.4911     6.2755      4.084    7.02597     6.2759    24.7477   12.61629 3.8108e-02 0.0000e+00
        297  47.029688    0.02056     1.2333     74.000      4.321  50314.872    31.4909     6.2759      4.280    7.02592     6.2760    24.7474   12.61620 3.8055e-02 0.0000e+00
        298  47.029690    0.02063     1.2375     74.250      4.522  50314.444    31.4905     6.2762      4.480    7.02589     6.2759    24.7471   12.61615 3.8023e-02 0.0000e+00
        299  47.029693    0.02069     1.2417     74.500      4.728  50314.059    31.4902     6.2764      4.684    7.02588     6.2757    24.7468   12.61614 3.8004e-02 0.0000e+00
        300  47.029696    0.02076     1.2458     74.750      4.937  50313.869    31.4899     6.2763      4.891    7.02590     6.2755    24.7466   12.61618 3.7993e-02 0.0000e+00
        301  47.029699    0.02083     1.2500     75.000      5.149  50313.971    31.4899     6.2761      5.101    7.02594     6.2752    24.7466   12.61624 3.7986e-02 0.0000e+00
        302  47.029702    0.02090     1.2542     75.250      5.359  50314.250    31.4899     6.2759      5.309    7.02598     6.2750    24.7467   12.61631 3.7982e-02 0.0000e+00
        303  47.029705    0.02097     1.2583     75.500      5.565  50314.679    31.4901     6.2756      5.513    7.02601     6.2749    24.7468   12.61636 3.7980e-02 0.0000e+00
        304  47.029708    0.02104     1.2625     75.750      5.765  50315.247    31.4903     6.2755      5.711    7.02603     6.2749    24.7471   12.61638 3.7979e-02 0.0000e+00
        305  47.029711    0.02111     1.2667     76.000      5.958  50315.721    31.4905     6.2754      5.902    7.02603     6.2750    24.7473   12.61638 3.7978e-02 0.0000e+00
        306  47.029714    0.02118     1.2708     76.250      6.147  50315.954    31.4906     6.2755      6.089    7.02602     6.2750    24.7473   12.61636 3.7978e-02 0.0000e+00
        307  47.029716    0.02125     1.2750     76.500      6.333  50315.935    31.4905     6.2755      6.274    7.02601     6.2749    24.7473   12.61635 3.7978e-02 0.0000e+00
        308  47.029719    0.02132     1.2792     76.750      6.521  50315.750    31.4903     6.2756      6.460    7.02602     6.2747    24.7471   12.61636 3.7979e-02 0.0000e+00
        309  47.029722    0.02139     1.2833     77.000      6.712  50315.661    31.4901     6.2755      6.650    7.02604     6.2744    24.7469   12.61640 3.7981e-02 0.0000e+00
        310  47.029725    0.02146     1.2875     77.250      6.910  50315.820    31.4901     6.2753      6.845    7.02607     6.2742    24.7469   12.61646 3.7984e-02 0.0000e+00
        311  47.029728    0.02153     1.2917     77.500      7.113  50316.188    31.4903     6.2750      7.047    7.02611     6.2740    24.7471   12.61651 3.7989e-02 0.0000e+00
        312  47.029731    0.02160     1.2958     77.750      7.322  50316.687    31.4905     6.2748      7.254    7.02613     6.2739    24.7473   12.61656 3.7997e-02 0.0000e+00
        313  47.029734    0.02167     1.3000     78.000      7.533  50317.208    31.4907     6.2746      7.462    7.02615     6.2739    24.7475   12.61658 3.8012e-02 0.0000e+00
        314  47.029737    0.02174     1.3042     78.250      7.743  50317.574    31.4908     6.2746      7.670    7.02615     6.2740    24.7476   12.61658 3.8035e-02 0.0000e+00
        315  47.029740    0.02181     1.3083     78.500      7.949  50317.740    31.4909     6.2746      7.875    7.02614     6.2740    24.7477   12.61657 3.8075e-02 0.0000e+00
        316  47.029742    0.02187     1.3125     78.750      8.152  50317.891    31.4909     6.2746      8.075    7.02614     6.2741    24.7477   12.61656 3.8141e-02 0.0000e+00
        317  47.029745    0.02194     1.3167     79.000      8.350  50318.175    31.4910     6.2747      8.272    7.02612     6.2744    24.7477   12.61653 3.8251e-02 0.0000e+00
        318  47.029748    0.02201     1.3208     79.250      8.546  50318.523    31.4912     6.2748      8.466    7.02609     6.2747    24.7479   12.61648 3.8435e-02 0.0000e+00
        319  47.029751    0.02208     1.3250     79.500      8.742  50318.715    31.4913     6.2751      8.660    7.02604     6.2751    24.7479   12.61640 3.8741e-02 0.0000e+00
        320  47.029754    0.02215     1.3292     79.750      8.940  50318.647    31.4912     6.2755      8.857    7.02598     6.2754    24.7478   12.61630 3.9250e-02 0.0000e+00
        321  47.029757    0.02222     1.3333     80.000      9.142  50318.455    31.4910     6.2759      9.057    7.02593     6.2756    24.7476   12.61621 4.0100e-02 0.0000e+00
        322  47.029760    0.02229     1.3375     80.250      9.348  50318.260    31.4909     6.2762      9.261    7.02589     6.2757    24.7474   12.61614 4.1515e-02 0.0000e+00
        323  47.029763    0.02236     1.3417     80.500      9.559  50318.054    31.4907     6.2764      9.469    7.02586     6.2758    24.7472   12.61610 4.3875e-02 0.0000e+00
        324  47.029766    0.02243     1.3458     80.750      9.771  50317.901    31.4905     6.2765      9.679    7.02584     6.2757    24.7471   12.61608 4.7808e-02 0.0000e+00
        325  47.029769    0.02250     1.3500     81.000      9.982  50317.931    31.4904     6.2766      9.889    7.02584     6.2757    24.7470   12.61607 5.4362e-02 0.0000e+00
        326  47.029771    0.02257     1.3542     81.250     10.191  50318.135    31.4905     6.2766     10.095    7.02584     6.2758    24.7470   12.61607 6.1869e-02 0.0000e+00
        327  47.029774    0.02264     1.3583     81.500     10.394  50318.379    31.4906     6.2766     10.297    7.02583     6.2758    24.7471   12.61606 6.6087e-02 0.0000e+00
        328  47.029777    0.02271     1.3625     81.750     10.593  50318.562    31.4906     6.2766     10.493    7.02582     6.2759    24.7472   12.61604 6.6405e-02 0.0000e+00
        329  47.029780    0.02278     1.3667     82.000     10.786  50318.691    31.4906     6.2767     10.684    7.02581     6.2759    24.7472   12.61602 6.4863e-02 0.0000e+00
        330  47.029783    0.02285     1.3708     82.250     10.976  50318.790    31.4906     6.2768     10.873    7.02580     6.2760    24.7471   12.61601 6.2583e-02 0.0000e+00
        331  47.029786    0.02292     1.3750     82.500     11.167  50318.896    31.4906     6.2769     11.063    7.02579     6.2761    24.7471   12.61599 6.0152e-02 0.0000e+00
        332  47.029789    0.02299     1.3792     82.750     11.362  50319.129    31.4907     6.2769     11.256    7.02577     6.2763    24.7472   12.61596 5.7858e-02 0.0000e+00
        333  47.029792    0.02306     1.3833     83.000     11.563  50319.467    31.4908     6.2770     11.455    7.02574     6.2766    24.7473   12.61591 5.5811e-02 0.0000e+00
        334  47.029795    0.02313     1.3875     83.250     11.770  50319.779    31.4910     6.2773     11.660    7.02570     6.2771    24.7474   12.61583 5.4036e-02 0.0000e+00
        335  47.029797    0.02319     1.3917     83.500     11.981  50320.012    31.4911     6.2776     11.868    7.02564     6.2776    24.7475   12.61573 5.2532e-02 0.0000e+00
        336  47.029800    0.02326     1.3958     83.750     12.192  50320.060    31.4911     6.2780     12.078    7.02557     6.2781    24.7474   12.61561 5.1273e-02 0.0000e+00
        337  47.029803    0.02333     1.4000     84.000     12.400  50319.887    31.4910     6.2786     12.284    7.02549     6.2785    24.7473   12.61548 5.0213e-02 0.0000e+00
        338  47.029806    0.02340     1.4042     84.250     12.600  50319.632    31.4908     6.2791     12.482    7.02541     6.2788    24.7471   12.61536 4.9310e-02 0.0000e+00
        339  47.029809    0.02347     1.4083     84.500     12.789  50319.449    31.4907     6.2795     12.669    7.02535     6.2791    24.7469   12.61525 4.8542e-02 0.0000e+00
        340  47.029812    0.02354     1.4125     84.750     12.968  50319.347    31.4906     6.2798     12.846    7.02529     6.2792    24.7468   12.61517 4.7901e-02 0.0000e+00
        341  47.029815    0.02361     1.4167     85.000     13.139  50319.230    31.4905     6.2801     13.016    7.02525     6.2793    24.7467   12.61510 4.7365e-02 0.0000e+00
        342  47.029818    0.02368     1.4208     85.250     13.308  50319.072    31.4903     6.2803     13.183    7.02523     6.2794    24.7466   12.61506 4.6910e-02 0.0000e+00
        343  47.029821    0.02375     1.4250     85.500     13.481  50318.960    31.4902     6.2804     13.354    7.02522     6.2794    24.7465   12.61504 4.6533e-02 0.0000e+00
        344  47.029823    0.02382     1.4292     85.750     13.661  50319.009    31.4902     6.2805     13.533    7.02521     6.2794    24.7464   12.61504 4.6227e-02 0.0000e+00
        345  47.029826    0.02389     1.4333     86.000     13.854  50319.181    31.4902     6.2805     13.724    7.02521     6.2794    24.7464   12.61503 4.5973e-02 0.0000e+00
        346  47.029829    0.02396     1.4375     86.250     14.060  50319.305    31.4902     6.2805     13.928    7.02521     6.2793    24.7464   12.61503 4.5757e-02 0.0000e+00
        347  47.029832    0.02403     1.4417     86.500     14.277  50319.312    31.4901     6.2805     14.143    7.02521     6.2792    24.7464   12.61503 4.5583e-02 0.0000e+00
        348  47.029835    0.02410     1.4458     86.750     14.502  50319.319    31.4900     6.2805     14.366    7.02522     6.2790    24.7463   12.61505 4.5467e-02 0.0000e+00
        349  47.029838    0.02417     1.4500     87.000     14.729  50319.435    31.4900     6.2804     14.591    7.02523     6.2789    24.7462   12.61508 4.5430e-02 0.0000e+00
        350  47.029841    0.02424     1.4542     87.250     14.952  50319.607    31.4899     6.2803     14.812    7.02525     6.2787    24.7463   12.61512 4.5497e-02 0.0000e+00
        351  47.029844    0.02431     1.4583     87.500     15.166  50319.800    31.4899     6.2801     15.024    7.02528     6.2786    24.7463   12.61516 4.5545e-02 0.0000e+00
        352  47.029847    0.02438     1.4625     87.750     15.367  50320.048    31.4900     6.2800     15.224    7.02530     6.2785    24.7464   12.61519 4.5409e-02 0.0000e+00
        353  47.029850    0.02444     1.4667     88.000     15.555  50320.389    31.4901     6.2798     15.410    7.02532     6.2784    24.7465   12.61521 4.5181e-02 0.0000e+00
        354  47.029852    0.02451     1.4708     88.250     15.730  50320.847    31.4903     6.2797     15.582    7.02532     6.2785    24.7466   12.61522 4.4980e-02 0.0000e+00
        355  47.029855    0.02458     1.4750     88.500     15.894  50321.369    31.4906     6.2797     15.745    7.02531     6.2788    24.7469   12.61520 4.4807e-02 0.0000e+00
        356  47.029858    0.02465     1.4792     88.750     16.054  50321.849    31.4909     6.2798     15.903    7.02528     6.2791    24.7471   12.61514 4.4657e-02 0.0000e+00
        357  47.029861    0.02472     1.4833     89.000     16.215  50322.179    31.4911     6.2801     16.062    7.02523     6.2794    24.7472   12.61506 4.4521e-02 0.0000e+00
        358  47.029864    0.02479     1.4875     89.250     16.382  50322.305    31.4912     6.2804     16.228    7.02518     6.2796    24.7472   12.61497 4.4393e-02 0.0000e+00
        359  47.029867    0.02486     1.4917     89.500     16.563  50322.259    31.4911     6.2807     16.407    7.02513     6.2798    24.7471   12.61489 4.4284e-02 0.0000e+00
        360  47.029870    0.02493     1.4958     89.750     16.761  50322.170    31.4910     6.2810     16.603    7.02509     6.2799    24.7470   12.61483 4.4199e-02 0.0000e+00
        361  47.029873    0.02500     1.5000     90.000     16.977  50322.106    31.4909     6.2812     16.818    7.02506     6.2800    24.7469   12.61478 4.4127e-02 0.0000e+00
