CTD-processing/allCTD/CNV--turbid/2016_08-29_t3_s10_cast057.cnv
* Sea-Bird SBE19plus Data File:
* FileName = C:\Users\Kim.Powell\Desktop\2016_08-29_T3_5028\2016_08-29_T3_5028_cast057.hex
* Software Version 1.59
* Temperature SN =  5028
* Conductivity SN =  5028
* System UpLoad Time = Aug 29 2016 21:41:15
** CookInlet LTM Transect 3
** 2016_08-29
** Station: 3-10
** Start Time: 12:45
** Depth (m): 46.9
** Comment:
** Comment:
# nquan = 16
# nvalues = 522                         
# units = specified
# name 0 = scan: Scan Count
# name 1 = timeJ: Julian Days
# name 2 = timeH: Time, Elapsed [hours]
# name 3 = timeM: Time, Elapsed [minutes]
# name 4 = timeS: Time, Elapsed [seconds]
# name 5 = prdM: Pressure, Strain Gauge [db]
# name 6 = specc: Specific Conductance [uS/cm]
# name 7 = sal00: Salinity, Practical [PSU]
# name 8 = tv290C: Temperature [ITS-90, deg C]
# name 9 = depSM: Depth [salt water, m], lat = 59.00
# name 10 = oxsolML/L: Oxygen Saturation, Garcia & Gordon [ml/l]
# name 11 = potemp090C: Potential Temperature [ITS-90, deg C]
# name 12 = sigma-é00: Density [sigma-theta, kg/m^3]
# name 13 = n2satML/L: Nitrogen Saturation [ml/l]
# name 14 = par: PAR/Irradiance, Biospherical/Licor
# name 15 = flag:  0.000e+00
# span 0 =          1,        522       
# span 1 = 242.531458, 242.532966       
# span 2 =    0.00000,    0.03618       
# span 3 =     0.0000,     2.1708       
# span 4 =      0.000,    130.250       
# span 5 =     -0.032,     45.429       
# span 6 =    103.457,  47839.539       
# span 7 =     0.0510,    30.6267       
# span 8 =    12.5521,    15.9401       
# span 9 =     -0.032,     44.999       
# span 10 =    5.96579,    6.91390      
# span 11 =    12.5493,    15.9393      
# span 12 =    -1.0064,    23.0500      
# span 13 =   10.87742,   12.83686      
# span 14 = 2.7879e-01, 1.6995e+03      
# span 15 = 0.0000e+00, 0.0000e+00      
# interval = seconds: 0.25
# start_time = Aug 29 2016 12:45:18 [Instrument's time stamp, header]
# bad_flag = -9.990e-29
*END*
[from data line 452]
        453 242.532766    0.03139     1.8833    113.000     31.939  46927.174    29.9476    12.5542     31.638    6.17472    12.5501    22.5672   11.22503 1.8242e+00 0.0000e+00
        454 242.532769    0.03146     1.8875    113.250     32.177  46927.205    29.9476    12.5542     31.875    6.17472    12.5501    22.5672   11.22503 1.7616e+00 0.0000e+00
        455 242.532772    0.03153     1.8917    113.500     32.416  46927.239    29.9475    12.5542     32.112    6.17472    12.5501    22.5672   11.22503 1.7007e+00 0.0000e+00
        456 242.532775    0.03160     1.8958    113.750     32.656  46927.322    29.9474    12.5542     32.348    6.17473    12.5500    22.5672   11.22504 1.6413e+00 0.0000e+00
        457 242.532778    0.03167     1.9000    114.000     32.895  46927.415    29.9474    12.5542     32.585    6.17473    12.5499    22.5672   11.22504 1.5839e+00 0.0000e+00
        458 242.532781    0.03174     1.9042    114.250     33.136  46927.456    29.9474    12.5541     32.823    6.17474    12.5499    22.5671   11.22506 1.5287e+00 0.0000e+00
        459 242.532784    0.03181     1.9083    114.500     33.376  46927.471    29.9473    12.5541     33.061    6.17474    12.5500    22.5671   11.22507 1.4759e+00 0.0000e+00
        460 242.532786    0.03188     1.9125    114.750     33.615  46927.535    29.9472    12.5542     33.299    6.17474    12.5500    22.5670   11.22506 1.4256e+00 0.0000e+00
        461 242.532789    0.03194     1.9167    115.000     33.854  46927.658    29.9472    12.5542     33.536    6.17473    12.5501    22.5670   11.22505 1.3775e+00 0.0000e+00
        462 242.532792    0.03201     1.9208    115.250     34.093  46927.769    29.9472    12.5543     33.771    6.17472    12.5501    22.5670   11.22504 1.3316e+00 0.0000e+00
        463 242.532795    0.03208     1.9250    115.500     34.330  46927.817    29.9472    12.5544     34.007    6.17471    12.5501    22.5670   11.22502 1.2875e+00 0.0000e+00
        464 242.532798    0.03215     1.9292    115.750     34.568  46927.862    29.9471    12.5545     34.242    6.17471    12.5501    22.5669   11.22501 1.2450e+00 0.0000e+00
        465 242.532801    0.03222     1.9333    116.000     34.805  46927.981    29.9471    12.5545     34.477    6.17470    12.5501    22.5669   11.22500 1.2041e+00 0.0000e+00
        466 242.532804    0.03229     1.9375    116.250     35.042  46928.170    29.9471    12.5546     34.711    6.17470    12.5502    22.5669   11.22499 1.1642e+00 0.0000e+00
        467 242.532807    0.03236     1.9417    116.500     35.279  46928.375    29.9472    12.5546     34.947    6.17469    12.5502    22.5670   11.22497 1.1253e+00 0.0000e+00
        468 242.532810    0.03243     1.9458    116.750     35.518  46928.492    29.9472    12.5547     35.183    6.17468    12.5503    22.5670   11.22495 1.0871e+00 0.0000e+00
        469 242.532813    0.03250     1.9500    117.000     35.758  46928.462    29.9471    12.5548     35.421    6.17467    12.5503    22.5669   11.22494 1.0496e+00 0.0000e+00
        470 242.532815    0.03257     1.9542    117.250     36.000  46928.379    29.9470    12.5548     35.660    6.17467    12.5503    22.5668   11.22494 1.0130e+00 0.0000e+00
        471 242.532818    0.03264     1.9583    117.500     36.242  46928.387    29.9469    12.5549     35.900    6.17466    12.5503    22.5667   11.22493 9.7744e-01 0.0000e+00
        472 242.532821    0.03271     1.9625    117.750     36.484  46928.486    29.9469    12.5549     36.140    6.17466    12.5503    22.5667   11.22492 9.4340e-01 0.0000e+00
        473 242.532824    0.03278     1.9667    118.000     36.726  46928.600    29.9469    12.5550     36.379    6.17465    12.5503    22.5667   11.22491 9.1099e-01 0.0000e+00
        474 242.532827    0.03285     1.9708    118.250     36.966  46928.723    29.9469    12.5550     36.617    6.17465    12.5504    22.5667   11.22491 8.8015e-01 0.0000e+00
        475 242.532830    0.03292     1.9750    118.500     37.203  46928.859    29.9469    12.5551     36.852    6.17464    12.5504    22.5667   11.22490 8.5083e-01 0.0000e+00
        476 242.532833    0.03299     1.9792    118.750     37.439  46928.969    29.9469    12.5551     37.086    6.17463    12.5504    22.5667   11.22488 8.2287e-01 0.0000e+00
        477 242.532836    0.03306     1.9833    119.000     37.674  46929.053    29.9469    12.5552     37.319    6.17463    12.5504    22.5667   11.22487 7.9604e-01 0.0000e+00
        478 242.532839    0.03313     1.9875    119.250     37.907  46929.128    29.9469    12.5552     37.550    6.17462    12.5504    22.5667   11.22487 7.7010e-01 0.0000e+00
        479 242.532841    0.03319     1.9917    119.500     38.141  46929.197    29.9468    12.5552     37.781    6.17462    12.5504    22.5666   11.22486 7.4491e-01 0.0000e+00
        480 242.532844    0.03326     1.9958    119.750     38.375  46929.284    29.9468    12.5553     38.012    6.17462    12.5504    22.5666   11.22486 7.2043e-01 0.0000e+00
        481 242.532847    0.03333     2.0000    120.000     38.610  46929.399    29.9468    12.5553     38.245    6.17461    12.5504    22.5666   11.22485 6.9669e-01 0.0000e+00
        482 242.532850    0.03340     2.0042    120.250     38.847  46929.529    29.9468    12.5553     38.480    6.17461    12.5503    22.5666   11.22485 6.7362e-01 0.0000e+00
        483 242.532853    0.03347     2.0083    120.500     39.087  46929.677    29.9468    12.5553     38.718    6.17461    12.5503    22.5666   11.22485 6.5106e-01 0.0000e+00
        484 242.532856    0.03354     2.0125    120.750     39.330  46929.836    29.9468    12.5553     38.958    6.17461    12.5503    22.5666   11.22485 6.2904e-01 0.0000e+00
        485 242.532859    0.03361     2.0167    121.000     39.575  46929.978    29.9468    12.5553     39.202    6.17461    12.5503    22.5666   11.22484 6.0763e-01 0.0000e+00
        486 242.532862    0.03368     2.0208    121.250     39.823  46930.084    29.9468    12.5553     39.447    6.17461    12.5503    22.5666   11.22484 5.8693e-01 0.0000e+00
        487 242.532865    0.03375     2.0250    121.500     40.070  46930.180    29.9468    12.5553     39.692    6.17461    12.5503    22.5666   11.22484 5.6711e-01 0.0000e+00
        488 242.532867    0.03382     2.0292    121.750     40.317  46930.317    29.9468    12.5553     39.936    6.17461    12.5504    22.5666   11.22484 5.4816e-01 0.0000e+00
        489 242.532870    0.03389     2.0333    122.000     40.562  46930.441    29.9468    12.5554     40.179    6.17460    12.5506    22.5666   11.22483 5.3007e-01 0.0000e+00
        490 242.532873    0.03396     2.0375    122.250     40.805  46930.462    29.9467    12.5555     40.420    6.17459    12.5510    22.5665   11.22480 5.1282e-01 0.0000e+00
        491 242.532876    0.03403     2.0417    122.500     41.048  46930.334    29.9466    12.5558     40.660    6.17456    12.5514    22.5664   11.22475 4.9631e-01 0.0000e+00
        492 242.532879    0.03410     2.0458    122.750     41.290  46930.059    29.9463    12.5562     40.899    6.17452    12.5518    22.5661   11.22469 4.8048e-01 0.0000e+00
        493 242.532882    0.03417     2.0500    123.000     41.530  46929.696    29.9460    12.5567     41.137    6.17447    12.5521    22.5658   11.22461 4.6523e-01 0.0000e+00
        494 242.532885    0.03424     2.0542    123.250     41.768  46929.329    29.9457    12.5571     41.373    6.17443    12.5522    22.5655   11.22455 4.5048e-01 0.0000e+00
        495 242.532888    0.03431     2.0583    123.500     42.007  46929.067    29.9454    12.5574     41.610    6.17440    12.5523    22.5652   11.22450 4.3617e-01 0.0000e+00
        496 242.532891    0.03438     2.0625    123.750     42.246  46928.960    29.9453    12.5576     41.847    6.17437    12.5524    22.5651   11.22447 4.2225e-01 0.0000e+00
        497 242.532894    0.03444     2.0667    124.000     42.488  46928.968    29.9452    12.5578     42.087    6.17436    12.5523    22.5650   11.22445 4.0865e-01 0.0000e+00
        498 242.532896    0.03451     2.0708    124.250     42.732  46929.094    29.9452    12.5578     42.329    6.17435    12.5522    22.5650   11.22444 3.9543e-01 0.0000e+00
        499 242.532899    0.03458     2.0750    124.500     42.979  46929.337    29.9453    12.5578     42.573    6.17435    12.5521    22.5651   11.22444 3.8268e-01 0.0000e+00
        500 242.532902    0.03465     2.0792    124.750     43.228  46929.603    29.9454    12.5577     42.820    6.17436    12.5522    22.5652   11.22445 3.7036e-01 0.0000e+00
        501 242.532905    0.03472     2.0833    125.000     43.478  46929.773    29.9454    12.5576     43.067    6.17437    12.5523    22.5652   11.22446 3.5843e-01 0.0000e+00
        502 242.532908    0.03479     2.0875    125.250     43.729  46929.787    29.9453    12.5577     43.316    6.17436    12.5524    22.5651   11.22446 3.4691e-01 0.0000e+00
        503 242.532911    0.03486     2.0917    125.500     43.980  46929.641    29.9451    12.5578     43.564    6.17435    12.5526    22.5650   11.22444 3.3586e-01 0.0000e+00
        504 242.532914    0.03493     2.0958    125.750     44.228  46929.392    29.9449    12.5580     43.809    6.17434    12.5528    22.5648   11.22442 3.2539e-01 0.0000e+00
        505 242.532917    0.03500     2.1000    126.000     44.466  46929.109    29.9446    12.5582     44.045    6.17433    12.5530    22.5645   11.22440 3.1569e-01 0.0000e+00
        506 242.532920    0.03507     2.1042    126.250     44.689  46928.828    29.9444    12.5584     44.266    6.17431    12.5531    22.5643   11.22436 3.0699e-01 0.0000e+00
        507 242.532922    0.03514     2.1083    126.500     44.892  46928.575    29.9441    12.5586     44.467    6.17429    12.5533    22.5640   11.22433 2.9959e-01 0.0000e+00
        508 242.532925    0.03521     2.1125    126.750     45.063  46928.367    29.9439    12.5588     44.637    6.17427    12.5534    22.5638   11.22431 2.9388e-01 0.0000e+00
        509 242.532928    0.03528     2.1167    127.000     45.191  46928.220    29.9438    12.5590     44.764    6.17425    12.5535    22.5637   11.22429 2.9008e-01 0.0000e+00
        510 242.532931    0.03535     2.1208    127.250     45.274  46928.123    29.9437    12.5591     44.845    6.17424    12.5536    22.5636   11.22426 2.8783e-01 0.0000e+00
        511 242.532934    0.03542     2.1250    127.500     45.321  46928.034    29.9436    12.5592     44.892    6.17423    12.5537    22.5635   11.22424 2.8643e-01 0.0000e+00
        512 242.532937    0.03549     2.1292    127.750     45.345  46927.936    29.9435    12.5593     44.916    6.17422    12.5538    22.5635   11.22423 2.8545e-01 0.0000e+00
        513 242.532940    0.03556     2.1333    128.000     45.359  46927.844    29.9435    12.5594     44.930    6.17421    12.5538    22.5634   11.22421 2.8463e-01 0.0000e+00
        514 242.532943    0.03562     2.1375    128.250     45.367  46927.782    29.9434    12.5595     44.938    6.17420    12.5538    22.5634   11.22420 2.8382e-01 0.0000e+00
        515 242.532946    0.03569     2.1417    128.500     45.375  46927.768    29.9434    12.5595     44.945    6.17420    12.5538    22.5634   11.22419 2.8300e-01 0.0000e+00
        516 242.532948    0.03576     2.1458    128.750     45.383  46927.786    29.9434    12.5595     44.953    6.17419    12.5539    22.5634   11.22419 2.8218e-01 0.0000e+00
        517 242.532951    0.03583     2.1500    129.000     45.392  46927.813    29.9435    12.5596     44.963    6.17419    12.5539    22.5634   11.22418 2.8140e-01 0.0000e+00
        518 242.532954    0.03590     2.1542    129.250     45.403  46927.827    29.9435    12.5596     44.973    6.17419    12.5539    22.5634   11.22418 2.8065e-01 0.0000e+00
        519 242.532957    0.03597     2.1583    129.500     45.413  46927.783    29.9434    12.5597     44.983    6.17418    12.5540    22.5634   11.22417 2.7994e-01 0.0000e+00
        520 242.532960    0.03604     2.1625    129.750     45.421  46927.696    29.9434    12.5597     44.991    6.17418    12.5540    22.5633   11.22417 2.7933e-01 0.0000e+00
        521 242.532963    0.03611     2.1667    130.000     45.427  46927.635    29.9433    12.5598     44.997    6.17417 -9.990e-29    22.5633   11.22416 2.7893e-01 0.0000e+00
        522 242.532966    0.03618     2.1708    130.250     45.429  46927.620    29.9433    12.5598     44.999    6.17417 -9.990e-29    22.5633   11.22416 2.7879e-01 0.0000e+00
