CTD-processing/allCTD/CNV--turbid/2016_04-11_t3_s10_cast204.cnv
* Sea-Bird SBE19plus Data File:
* FileName = C:\Users\Kris.Holderied\Documents\kasitsna\Research-KBL\Oceanography-AK\CTD-Data-ALL-to-2016-02\2016-CTD-KachemakBay-CookInlet\2016-04-CookInlet-quarterly\2016-04-11-CookInlet-Tran3-AnchorPt\2016-04-11-CookInlet-Tran3-cast204.hex
* Software Version 1.59
* Temperature SN =  5028
* Conductivity SN =  5028
* System UpLoad Time = Apr 11 2016 11:21:29
** Cook Inlet LTM Tran3 Anchor Pt west to east
** Date (YYYY-MM-DD): 2016-04-11
** Station (ie. 9-01): 3-10
** Start time (AKST): 09:36
** Depth (m): 47
** Comment:  R/V Pandalus.
** Comment:
# nquan = 16
# nvalues = 452                         
# units = specified
# name 0 = scan: Scan Count
# name 1 = timeJ: Julian Days
# name 2 = timeH: Time, Elapsed [hours]
# name 3 = timeM: Time, Elapsed [minutes]
# name 4 = timeS: Time, Elapsed [seconds]
# name 5 = prdM: Pressure, Strain Gauge [db]
# name 6 = specc: Specific Conductance [uS/cm]
# name 7 = sal00: Salinity, Practical [PSU]
# name 8 = tv290C: Temperature [ITS-90, deg C]
# name 9 = depSM: Depth [salt water, m], lat = 59.00
# name 10 = oxsolML/L: Oxygen Saturation, Garcia & Gordon [ml/l]
# name 11 = potemp090C: Potential Temperature [ITS-90, deg C]
# name 12 = sigma-é00: Density [sigma-theta, kg/m^3]
# name 13 = n2satML/L: Nitrogen Saturation [ml/l]
# name 14 = par: PAR/Irradiance, Biospherical/Licor
# name 15 = flag:  0.000e+00
# span 0 =          1,        452       
# span 1 = 102.400231, 102.401536       
# span 2 =    0.00000,    0.03132       
# span 3 =     0.0000,     1.8792       
# span 4 =      0.000,    112.750       
# span 5 =     -0.171,     47.799       
# span 6 =   4403.910,  50279.633       
# span 7 =     2.3692,    31.4195       
# span 8 =     4.9277,     6.1413       
# span 9 =     -0.170,     47.347       
# span 10 =    7.05167,    8.81578      
# span 11 =     4.9764,     6.1408      
# span 12 =     1.8555,    24.7102      
# span 13 =   12.65972,   16.01603      
# span 14 = 6.3928e-02, 1.8842e+02      
# span 15 = 0.0000e+00, 0.0000e+00      
# interval = seconds: 0.25
# start_time = Apr 11 2016 09:36:20 [Instrument's time stamp, header]
# bad_flag = -9.990e-29
*END*
          1 102.400231    0.00000     0.0000      0.000     -0.171   4403.910     2.3692     4.9277     -0.170    8.81578     4.9764     1.8555   16.01603 1.8407e+02 0.0000e+00
          2 102.400234    0.00007     0.0042      0.250     -0.168   5535.931     3.0466     4.9460     -0.166    8.77389     5.0272     2.3914   15.93565 1.8254e+02 0.0000e+00
          3 102.400237    0.00014     0.0083      0.500     -0.163   7408.436     4.1681     4.9764     -0.161    8.70450     5.1116     3.2785   15.80254 1.8051e+02 0.0000e+00
          4 102.400240    0.00021     0.0125      0.750     -0.155  10550.575     6.0484     5.0272     -0.153    8.58820     5.2359     4.7659   15.57940 1.7818e+02 0.0000e+00
          5 102.400243    0.00028     0.0167      1.000     -0.145  14399.066     8.3614     5.1116     -0.144    8.44102     5.3775     6.5945   15.29830 1.7621e+02 0.0000e+00
          6 102.400246    0.00035     0.0208      1.250     -0.140  16028.901     9.3312     5.2359     -0.139    8.35985     5.4985     7.3589   15.14779 1.7504e+02 0.0000e+00
          7 102.400249    0.00042     0.0250      1.500     -0.145  14176.757     8.1672     5.3775     -0.144    8.39187     5.5816     6.4349   15.21805 1.7463e+02 0.0000e+00
          8 102.400252    0.00049     0.0292      1.750     -0.154  11323.096     6.4045     5.4985     -0.153    8.46142     5.6324     5.0378   15.36012 1.7473e+02 0.0000e+00
          9 102.400255    0.00056     0.0333      2.000     -0.162   9186.889     5.1083     5.5816     -0.160    8.51447     5.6614     4.0100   15.46811 1.7547e+02 0.0000e+00
         10 102.400258    0.00063     0.0375      2.250     -0.166   7673.471     4.2051     5.6324     -0.164    8.55334     5.6774     3.2937   15.54676 1.7754e+02 0.0000e+00
         11 102.400260    0.00069     0.0417      2.500     -0.168   6653.372     3.6079     5.6614     -0.166    8.58029     5.6869     2.8198   15.60101 1.8036e+02 0.0000e+00
         12 102.400263    0.00076     0.0458      2.750     -0.168   6115.643     3.3020     5.6774     -0.166    8.59408     5.6955     2.5765   15.62885 1.8250e+02 0.0000e+00
         13 102.400266    0.00083     0.0500      3.000     -0.166   6140.071     3.3280     5.6869     -0.164    8.59084     5.7080     2.5958   15.62311 1.8367e+02 0.0000e+00
         14 102.400269    0.00090     0.0542      3.250     -0.162   6862.531     3.7631     5.6955     -0.160    8.56507     5.7303     2.9387   15.57335 1.8387e+02 0.0000e+00
         15 102.400272    0.00097     0.0583      3.500     -0.155   8534.003     4.7545     5.7080     -0.154    8.50748     5.7635     3.7213   15.46173 1.8318e+02 0.0000e+00
         16 102.400275    0.00104     0.0625      3.750     -0.147  10528.345     5.9383     5.7303     -0.146    8.43726     5.7983     4.6556   15.32607 1.8259e+02 0.0000e+00
         17 102.400278    0.00111     0.0667      4.000     -0.145  10813.051     6.1135     5.7635     -0.143    8.42066     5.8237     4.7925   15.29569 1.8282e+02 0.0000e+00
         18 102.400281    0.00118     0.0708      4.250     -0.150   9008.182     5.0476     5.7983     -0.149    8.47219     5.8380     3.9491   15.39832 1.8407e+02 0.0000e+00
         19 102.400284    0.00125     0.0750      4.500     -0.157   7071.427     3.9049     5.8237     -0.155    8.53002     5.8456     3.0454   15.51268 1.8607e+02 0.0000e+00
         20 102.400286    0.00132     0.0792      4.750     -0.160   5961.247     3.2599     5.8380     -0.158    8.56304     5.8501     2.5349   15.57802 1.8778e+02 0.0000e+00
         21 102.400289    0.00139     0.0833      5.000     -0.158   5480.319     2.9939     5.8456     -0.157    8.57688     5.8545     2.3239   15.60558 1.8842e+02 0.0000e+00
         22 102.400292    0.00146     0.0875      5.250     -0.153   5580.470     3.0792     5.8501     -0.151    8.57241     5.8622     2.3902   15.59727 1.8802e+02 0.0000e+00
         23 102.400295    0.00153     0.0917      5.500     -0.142   6344.462     3.5684     5.8545     -0.141    8.54635     5.8782     2.7753   15.54693 1.8637e+02 0.0000e+00
         24 102.400298    0.00160     0.0958      5.750     -0.124   8028.191     4.6198     5.8622     -0.123    8.48964     5.9044     3.6039   15.43710 1.8276e+02 0.0000e+00
         25 102.400301    0.00167     0.1000      6.000     -0.097  11048.587     6.4965     5.8782     -0.097    8.38753     5.9368     5.0831   15.23941 1.7670e+02 0.0000e+00
         26 102.400304    0.00174     0.1042      6.250     -0.056  16141.099     9.6612     5.9044     -0.056    8.21546     5.9710     7.5776   14.90622 1.6790e+02 0.0000e+00
         27 102.400307    0.00181     0.1083      6.500      0.009  23746.459    14.4233     5.9368      0.010    7.95958     6.0050    11.3304   14.41068 1.5547e+02 0.0000e+00
         28 102.400310    0.00187     0.1125      6.750      0.108  32294.688    19.8479     5.9710      0.107    7.67215     6.0366    15.6040   13.85443 1.3705e+02 0.0000e+00
         29 102.400313    0.00194     0.1167      7.000      0.236  39189.098    24.2744     6.0050      0.234    7.43917     6.0636    19.0900   13.40431 1.1439e+02 0.0000e+00
         30 102.400315    0.00201     0.1208      7.250      0.382  43601.219    27.1206     6.0367      0.379    7.28842     6.0842    21.3305   13.11362 9.6036e+01 0.0000e+00
         31 102.400318    0.00208     0.1250      7.500      0.528  46231.798    28.8184     6.0636      0.524    7.19712     6.0982    22.6658   12.93792 8.6609e+01 0.0000e+00
         32 102.400321    0.00215     0.1292      7.750      0.659  47792.612    29.8257     6.0843      0.653    7.14212     6.1062    23.4576   12.83230 8.3643e+01 0.0000e+00
         33 102.400324    0.00222     0.1333      8.000      0.758  48715.018    30.4207     6.0983      0.751    7.10930     6.1098    23.9251   12.76933 8.3547e+01 0.0000e+00
         34 102.400327    0.00229     0.1375      8.250      0.820  49263.146    30.7739     6.1063      0.812    7.08984     6.1110    24.2026   12.73199 8.4627e+01 0.0000e+00
         35 102.400330    0.00236     0.1417      8.500      0.847  49596.938    30.9890     6.1099      0.839    7.07823     6.1116    24.3718   12.70964 8.6625e+01 0.0000e+00
         36 102.400333    0.00243     0.1458      8.750      0.851  49805.223    31.1235     6.1111      0.843    7.07116     6.1121    24.4776   12.69601 8.8365e+01 0.0000e+00
         37 102.400336    0.00250     0.1500      9.000      0.843  49932.672    31.2058     6.1116      0.835    7.06687     6.1125    24.5425   12.68772 8.8629e+01 0.0000e+00
         38 102.400339    0.00257     0.1542      9.250      0.833  50004.343    31.2519     6.1122      0.825    7.06442     6.1129    24.5788   12.68299 8.8067e+01 0.0000e+00
         39 102.400341    0.00264     0.1583      9.500      0.827  50037.386    31.2727     6.1126      0.819    7.06325     6.1131    24.5952   12.68073 8.8102e+01 0.0000e+00
         40 102.400344    0.00271     0.1625      9.750      0.828  50043.042    31.2754     6.1130      0.821    7.06298     6.1132    24.5972   12.68023 8.8984e+01 0.0000e+00
         41 102.400347    0.00278     0.1667     10.000      0.836  50031.358    31.2666     6.1132      0.828    7.06332     6.1133    24.5903   12.68087 9.0091e+01 0.0000e+00
         42 102.400350    0.00285     0.1708     10.250      0.844  50015.651    31.2553     6.1132      0.837    7.06381     6.1135    24.5813   12.68182 9.0677e+01 0.0000e+00
         43 102.400353    0.00292     0.1750     10.500      0.850  50008.253    31.2500     6.1133      0.842    7.06403     6.1137    24.5771   12.68224 9.0354e+01 0.0000e+00
         44 102.400356    0.00299     0.1792     10.750      0.853  50014.296    31.2540     6.1135      0.845    7.06379     6.1138    24.5803   12.68180 8.9961e+01 0.0000e+00
         45 102.400359    0.00306     0.1833     11.000      0.853  50030.233    31.2650     6.1137      0.845    7.06324     6.1138    24.5889   12.68075 9.0018e+01 0.0000e+00
         46 102.400362    0.00313     0.1875     11.250      0.855  50046.720    31.2763     6.1139      0.847    7.06269     6.1135    24.5978   12.67968 8.9718e+01 0.0000e+00
         47 102.400365    0.00319     0.1917     11.500      0.859  50056.334    31.2829     6.1139      0.851    7.06238     6.1130    24.6030   12.67909 8.9048e+01 0.0000e+00
         48 102.400367    0.00326     0.1958     11.750      0.865  50057.687    31.2838     6.1136      0.857    7.06238     6.1121    24.6037   12.67908 8.8885e+01 0.0000e+00
         49 102.400370    0.00333     0.2000     12.000      0.871  50052.067    31.2798     6.1131      0.863    7.06266     6.1108    24.6006   12.67960 8.9295e+01 0.0000e+00
         50 102.400373    0.00340     0.2042     12.250      0.871  50043.245    31.2735     6.1122      0.863    7.06310     6.1094    24.5958   12.68041 8.9735e+01 0.0000e+00
         51 102.400376    0.00347     0.2083     12.500      0.865  50041.735    31.2722     6.1109      0.857    7.06337     6.1080    24.5949   12.68087 9.0084e+01 0.0000e+00
         52 102.400379    0.00354     0.2125     12.750      0.853  50055.226    31.2813     6.1095      0.845    7.06318     6.1062    24.6022   12.68044 9.0036e+01 0.0000e+00
         53 102.400382    0.00361     0.2167     13.000      0.846  50075.415    31.2950     6.1081      0.838    7.06278     6.1033    24.6132   12.67959 8.9206e+01 0.0000e+00
         54 102.400385    0.00368     0.2208     13.250      0.851  50087.855    31.3032     6.1063      0.844    7.06269     6.0984    24.6199   12.67934 8.8453e+01 0.0000e+00
         55 102.400388    0.00375     0.2250     13.500      0.871  50084.405    31.3002     6.1033      0.863    7.06331     6.0903    24.6180   12.68041 8.8505e+01 0.0000e+00
         56 102.400391    0.00382     0.2292     13.750      0.897  50065.981    31.2866     6.0984      0.889    7.06477     6.0774    24.6077   12.68299 8.8886e+01 0.0000e+00
         57 102.400394    0.00389     0.2333     14.000      0.915  50047.434    31.2722     6.0903      0.907    7.06679     6.0601    24.5974   12.68651 8.9145e+01 0.0000e+00
         58 102.400396    0.00396     0.2375     14.250      0.917  50048.299    31.2703     6.0775      0.908    7.06901     6.0426    24.5974   12.69020 8.9610e+01 0.0000e+00
         59 102.400399    0.00403     0.2417     14.500      0.898  50074.012    31.2848     6.0602      0.890    7.07119     6.0306    24.6109   12.69364 9.0402e+01 0.0000e+00
         60 102.400402    0.00410     0.2458     14.750      0.866  50114.194    31.3093     6.0427      0.858    7.07296     6.0275    24.6323   12.69625 9.0742e+01 0.0000e+00
         61 102.400405    0.00417     0.2500     15.000      0.833  50153.093    31.3339     6.0306      0.825    7.07381     6.0324    24.6532   12.69733 9.0071e+01 0.0000e+00
         62 102.400408    0.00424     0.2542     15.250      0.809  50176.620    31.3495     6.0276      0.802    7.07359     6.0408    24.6659   12.69676 8.9245e+01 0.0000e+00
         63 102.400411    0.00431     0.2583     15.500      0.801  50175.154    31.3495     6.0325      0.794    7.07278     6.0482    24.6653   12.69543 8.9198e+01 0.0000e+00
         64 102.400414    0.00438     0.2625     15.750      0.807  50148.594    31.3327     6.0409      0.800    7.07216     6.0513    24.6510   12.69462 8.9005e+01 0.0000e+00
         65 102.400417    0.00444     0.2667     16.000      0.823  50110.471    31.3078     6.0482      0.816    7.07211     6.0492    24.6305   12.69485 8.7725e+01 0.0000e+00
         66 102.400420    0.00451     0.2708     16.250      0.845  50080.605    31.2878     6.0514      0.838    7.07252     6.0430    24.6143   12.69579 8.6097e+01 0.0000e+00
         67 102.400422    0.00458     0.2750     16.500      0.869  50070.420    31.2803     6.0493      0.861    7.07323     6.0362    24.6086   12.69704 8.5199e+01 0.0000e+00
         68 102.400425    0.00465     0.2792     16.750      0.892  50078.891    31.2850     6.0431      0.884    7.07403     6.0319    24.6131   12.69832 8.5552e+01 0.0000e+00
         69 102.400428    0.00472     0.2833     17.000      0.910  50095.968    31.2954     6.0363      0.902    7.07467     6.0309    24.6222   12.69924 8.7027e+01 0.0000e+00
         70 102.400431    0.00479     0.2875     17.250      0.920  50109.007    31.3036     6.0320      0.911    7.07501     6.0326    24.6292   12.69970 8.8724e+01 0.0000e+00
         71 102.400434    0.00486     0.2917     17.500      0.914  50114.382    31.3071     6.0310      0.906    7.07501     6.0365    24.6321   12.69965 8.9946e+01 0.0000e+00
         72 102.400437    0.00493     0.2958     17.750      0.895  50120.685    31.3118     6.0327      0.886    7.07450     6.0429    24.6356   12.69876 9.0406e+01 0.0000e+00
         73 102.400440    0.00500     0.3000     18.000      0.868  50135.965    31.3231     6.0366      0.860    7.07332     6.0513    24.6440   12.69666 8.9648e+01 0.0000e+00
         74 102.400443    0.00507     0.3042     18.250      0.845  50155.239    31.3377     6.0430      0.837    7.07158     6.0599    24.6547   12.69359 8.8412e+01 0.0000e+00
         75 102.400446    0.00514     0.3083     18.500      0.837  50165.389    31.3463     6.0514      0.829    7.06978     6.0663    24.6605   12.69051 8.7787e+01 0.0000e+00
         76 102.400448    0.00521     0.3125     18.750      0.849  50156.704    31.3420     6.0600      0.841    7.06855     6.0681    24.6561   12.68854 8.7557e+01 0.0000e+00
         77 102.400451    0.00528     0.3167     19.000      0.873  50128.705    31.3238     6.0664      0.865    7.06834     6.0632    24.6410   12.68842 8.7407e+01 0.0000e+00
         78 102.400454    0.00535     0.3208     19.250      0.896  50094.359    31.3004     6.0682      0.888    7.06914     6.0510    24.6223   12.69004 8.6936e+01 0.0000e+00
         79 102.400457    0.00542     0.3250     19.500      0.909  50074.991    31.2861     6.0633      0.901    7.07062     6.0343    24.6116   12.69267 8.6023e+01 0.0000e+00
         80 102.400460    0.00549     0.3292     19.750      0.908  50081.653    31.2884     6.0511      0.900    7.07255     6.0189    24.6148   12.69583 8.5400e+01 0.0000e+00
         81 102.400463    0.00556     0.3333     20.000      0.898  50108.192    31.3035     6.0344      0.890    7.07461     6.0092    24.6288   12.69903 8.5372e+01 0.0000e+00
         82 102.400466    0.00562     0.3375     20.250      0.890  50138.270    31.3213     6.0190      0.882    7.07634     6.0064    24.6447   12.70168 8.5510e+01 0.0000e+00
         83 102.400469    0.00569     0.3417     20.500      0.889  50155.449    31.3313     6.0093      0.881    7.07749     6.0084    24.6537   12.70344 8.5553e+01 0.0000e+00
         84 102.400472    0.00576     0.3458     20.750      0.898  50153.189    31.3293     6.0065      0.889    7.07804     6.0112    24.6524   12.70438 8.5580e+01 0.0000e+00
         85 102.400475    0.00583     0.3500     21.000      0.912  50136.343    31.3180     6.0085      0.904    7.07824     6.0119    24.6433   12.70486 8.5870e+01 0.0000e+00
         86 102.400477    0.00590     0.3542     21.250      0.929  50116.637    31.3049     6.0113      0.920    7.07838     6.0087    24.6326   12.70526 8.6793e+01 0.0000e+00
         87 102.400480    0.00597     0.3583     21.500      0.941  50104.590    31.2967     6.0120      0.932    7.07865     6.0019    24.6260   12.70581 8.8143e+01 0.0000e+00
         88 102.400483    0.00604     0.3625     21.750      0.943  50104.729    31.2962     6.0088      0.934    7.07921     5.9940    24.6260   12.70674 8.9537e+01 0.0000e+00
         89 102.400486    0.00611     0.3667     22.000      0.932  50116.778    31.3032     6.0020      0.923    7.08002     5.9880    24.6324   12.70797 9.0824e+01 0.0000e+00
         90 102.400489    0.00618     0.3708     22.250      0.909  50138.358    31.3166     5.9941      0.900    7.08070     5.9862    24.6439   12.70893 9.1235e+01 0.0000e+00
