CTD-processing/allCTD/CNV--turbid/2016_07-27_t4_s06_cast015.cnv
* Sea-Bird SBE19plus Data File:
* FileName = C:\Users\Kris.Holderied\Documents\kasitsna\Research-KBL\Oceanography-AK\CTD-Data-ALL-to-2016-05\2016-CTD-KachemakBay-CookInlet\2016-07-27-CookInlet-Tran4-Barabara-special\2016-07-27-CookInlet-Tran4-cast015.hex
* Software Version 1.59
* Temperature SN =  5028
* Conductivity SN =  5028
* System UpLoad Time = Jul 27 2016 20:19:13
** Cook Inlet LTM Tran4 Barabara north to south
** Date (YYYY-MM-DD): 2016-07-27
** Station (eg. 9-01):  9-06
** Start time (AKDT): 13:18
** Depth (m): 60.4
** Comment:  R/V Edgecumbe.  Part of all-bay survey with T9 and along-bay stations (1-9).
** Comment:
# nquan = 16
# nvalues = 561                         
# units = specified
# name 0 = scan: Scan Count
# name 1 = timeJ: Julian Days
# name 2 = timeH: Time, Elapsed [hours]
# name 3 = timeM: Time, Elapsed [minutes]
# name 4 = timeS: Time, Elapsed [seconds]
# name 5 = prdM: Pressure, Strain Gauge [db]
# name 6 = specc: Specific Conductance [uS/cm]
# name 7 = sal00: Salinity, Practical [PSU]
# name 8 = tv290C: Temperature [ITS-90, deg C]
# name 9 = depSM: Depth [salt water, m], lat = 59.00
# name 10 = oxsolML/L: Oxygen Saturation, Garcia & Gordon [ml/l]
# name 11 = potemp090C: Potential Temperature [ITS-90, deg C]
# name 12 = sigma-é00: Density [sigma-theta, kg/m^3]
# name 13 = n2satML/L: Nitrogen Saturation [ml/l]
# name 14 = par: PAR/Irradiance, Biospherical/Licor
# name 15 = flag:  0.000e+00
# span 0 =          1,        561       
# span 1 = 209.554387, 209.556007       
# span 2 =    0.00000,    0.03889       
# span 3 =     0.0000,     2.3333       
# span 4 =      0.000,    140.000       
# span 5 =     -0.099,     56.372       
# span 6 =   1821.686,  49532.352       
# span 7 =     0.9910,    31.4100       
# span 8 =     9.1635,    13.5700       
# span 9 =     -0.098,     55.837       
# span 10 =    6.19522,    7.37268      
# span 11 =     9.1584,    13.5699      
# span 12 =     0.1809,    24.2646      
# span 13 =   11.29068,   13.60393      
# span 14 = 6.4541e-02, 1.7933e+02      
# span 15 = 0.0000e+00, 0.0000e+00      
# interval = seconds: 0.25
# start_time = Jul 27 2016 13:18:19 [Instrument's time stamp, header]
# bad_flag = -9.990e-29
*END*
          1 209.554387    0.00000     0.0000      0.000     -0.099   1821.686     0.9910    12.7360     -0.098    7.37268    12.7448     0.1809   13.60393 1.4038e+02 0.0000e+00
          2 209.554389    0.00007     0.0042      0.250     -0.096   2282.038     1.2802    12.7393     -0.095    7.35980    12.7540     0.4036   13.57853 1.4724e+02 0.0000e+00
          3 209.554392    0.00014     0.0083      0.500     -0.090   3046.628     1.7610    12.7448     -0.089    7.33840    12.7696     0.7736   13.53631 1.5765e+02 0.0000e+00
          4 209.554395    0.00021     0.0125      0.750     -0.081   4311.447     2.5574    12.7540     -0.080    7.30293    12.7956     1.3865   13.46634 1.6903e+02 0.0000e+00
          5 209.554398    0.00028     0.0167      1.000     -0.065   6404.100     3.8767    12.7696     -0.065    7.24415    12.8392     2.4017   13.35043 1.7684e+02 0.0000e+00
          6 209.554401    0.00035     0.0208      1.250     -0.039   9875.772     6.0674    12.7956     -0.039    7.14655    12.9089     4.0874   13.15797 1.7933e+02 0.0000e+00
          7 209.554404    0.00042     0.0250      1.500      0.003  15706.748     9.7410    12.8392      0.003    6.98282    13.0010     6.9142   12.83509 1.7743e+02 0.0000e+00
          8 209.554407    0.00049     0.0292      1.750      0.066  23056.320    14.3625    12.9089      0.066    6.77470    13.0924    10.4683   12.42525 1.7254e+02 0.0000e+00
          9 209.554410    0.00056     0.0333      2.000      0.144  28807.943    17.9692    13.0010      0.142    6.60681    13.1626    13.2353   12.09611 1.6529e+02 0.0000e+00
         10 209.554413    0.00063     0.0375      2.250      0.224  31960.066    19.9297    13.0924      0.221    6.50929    13.2104    14.7322   11.90639 1.5575e+02 0.0000e+00
         11 209.554416    0.00069     0.0417      2.500      0.299  33694.822    20.9992    13.1627      0.296    6.45294    13.2444    15.5452   11.79745 1.4298e+02 0.0000e+00
         12 209.554418    0.00076     0.0458      2.750      0.370  34770.141    21.6649    13.2105      0.367    6.41742    13.2720    16.0504   11.72895 1.2594e+02 0.0000e+00
         13 209.554421    0.00083     0.0500      3.000      0.442  35492.384    22.1175    13.2445      0.438    6.39330    13.2983    16.3936   11.68252 1.0875e+02 0.0000e+00
         14 209.554424    0.00090     0.0542      3.250      0.517  36016.956    22.4521    13.2721      0.512    6.37537    13.3268    16.6467   11.64814 9.6564e+01 0.0000e+00
         15 209.554427    0.00097     0.0583      3.500      0.592  36459.244    22.7410    13.2984      0.587    6.35983    13.3580    16.8648   11.61847 8.8466e+01 0.0000e+00
         16 209.554430    0.00104     0.0625      3.750      0.667  36866.577    23.0126    13.3269      0.661    6.34492    13.3884    17.0691   11.59018 8.2229e+01 0.0000e+00
         17 209.554433    0.00111     0.0667      4.000      0.739  37198.299    23.2365    13.3581      0.732    6.33172    13.4140    17.2360   11.56538 7.7124e+01 0.0000e+00
         18 209.554436    0.00118     0.0708      4.250      0.806  37401.424    23.3743    13.3885      0.798    6.32211    13.4324    17.3367   11.54762 7.2763e+01 0.0000e+00
         19 209.554439    0.00125     0.0750      4.500      0.864  37460.155    23.4140    13.4141      0.855    6.31706    13.4429    17.3627   11.53868 6.9359e+01 0.0000e+00
         20 209.554442    0.00132     0.0792      4.750      0.911  37407.277    23.3773    13.4325      0.902    6.31600    13.4461    17.3311   11.53732 6.6880e+01 0.0000e+00
         21 209.554444    0.00139     0.0833      5.000      0.946  37345.680    23.3347    13.4430      0.937    6.31623    13.4447    17.2964   11.53821 6.5021e+01 0.0000e+00
         22 209.554447    0.00146     0.0875      5.250      0.972  37371.461    23.3522    13.4462      0.963    6.31510    13.4441    17.3092   11.53610 6.3601e+01 0.0000e+00
         23 209.554450    0.00153     0.0917      5.500      0.995  37471.521    23.4206    13.4448      0.986    6.31259    13.4483    17.3622   11.53108 6.2569e+01 0.0000e+00
         24 209.554453    0.00160     0.0958      5.750      1.016  37562.941    23.4833    13.4442      1.006    6.31020    13.4576    17.4106   11.52635 6.1832e+01 0.0000e+00
         25 209.554456    0.00167     0.1000      6.000      1.036  37606.874    23.5137    13.4484      1.025    6.30845    13.4701    17.4333   11.52306 6.1337e+01 0.0000e+00
         26 209.554459    0.00174     0.1042      6.250      1.052  37644.536    23.5401    13.4577      1.042    6.30619    13.4841    17.4519   11.51898 6.0996e+01 0.0000e+00
         27 209.554462    0.00181     0.1083      6.500      1.067  37709.617    23.5856    13.4702      1.056    6.30275    13.4983    17.4847   11.51270 6.0653e+01 0.0000e+00
         28 209.554465    0.00187     0.1125      6.750      1.078  37776.270    23.6324    13.4842      1.067    6.29906    13.5118    17.5182   11.50599 6.0252e+01 0.0000e+00
         29 209.554468    0.00194     0.1167      7.000      1.085  37850.466    23.6844    13.4985      1.074    6.29515    13.5242    17.5557   11.49884 5.9833e+01 0.0000e+00
         30 209.554470    0.00201     0.1208      7.250      1.088  37975.242    23.7713    13.5119      1.078    6.28998    13.5354    17.6201   11.48918 5.9493e+01 0.0000e+00
         31 209.554473    0.00208     0.1250      7.500      1.091  38137.235    23.8838    13.5243      1.080    6.28395    13.5453    17.7045   11.47779 5.9374e+01 0.0000e+00
         32 209.554476    0.00215     0.1292      7.750      1.094  38297.923    23.9954    13.5356      1.083    6.27811    13.5535    17.7883   11.46672 5.9554e+01 0.0000e+00
         33 209.554479    0.00222     0.1333      8.000      1.097  38443.247    24.0963    13.5455      1.087    6.27287    13.5600    17.8643   11.45679 5.9951e+01 0.0000e+00
         34 209.554482    0.00229     0.1375      8.250      1.101  38575.114    24.1879    13.5537      1.091    6.26822    13.5649    17.9333   11.44796 6.0379e+01 0.0000e+00
         35 209.554485    0.00236     0.1417      8.500      1.107  38701.246    24.2755    13.5601      1.097    6.26396    13.5683    17.9996   11.43982 6.0683e+01 0.0000e+00
         36 209.554488    0.00243     0.1458      8.750      1.116  38815.220    24.3546    13.5650      1.106    6.26024    13.5699    18.0596   11.43267 6.0716e+01 0.0000e+00
         37 209.554491    0.00250     0.1500      9.000      1.127  38899.364    24.4130    13.5684      1.117    6.25752    13.5697    18.1040   11.42745 6.0398e+01 0.0000e+00
         38 209.554494    0.00257     0.1542      9.250      1.139  38945.461    24.4449    13.5700      1.128    6.25606    13.5681    18.1283   11.42465 5.9890e+01 0.0000e+00
         39 209.554497    0.00264     0.1583      9.500      1.147  38956.671    24.4527    13.5698      1.136    6.25579    13.5658    18.1343   11.42410 5.9432e+01 0.0000e+00
         40 209.554499    0.00271     0.1625      9.750      1.150  38945.470    24.4448    13.5682      1.139    6.25630    13.5637    18.1286   11.42505 5.9186e+01 0.0000e+00
         41 209.554502    0.00278     0.1667     10.000      1.147  38932.098    24.4354    13.5659      1.136    6.25696    13.5623    18.1218   11.42626 5.9276e+01 0.0000e+00
         42 209.554505    0.00285     0.1708     10.250      1.139  38949.652    24.4475    13.5638      1.128    6.25677    13.5616    18.1314   11.42580 5.9676e+01 0.0000e+00
         43 209.554508    0.00292     0.1750     10.500      1.131  39010.302    24.4894    13.5624      1.120    6.25533    13.5611    18.1640   11.42289 6.0197e+01 0.0000e+00
         44 209.554511    0.00299     0.1792     10.750      1.128  39069.505    24.5304    13.5617      1.118    6.25382    13.5603    18.1956   11.41990 6.0693e+01 0.0000e+00
         45 209.554514    0.00306     0.1833     11.000      1.134  39085.045    24.5411    13.5612      1.123    6.25347    13.5587    18.2040   11.41919 6.1110e+01 0.0000e+00
         46 209.554517    0.00313     0.1875     11.250      1.147  39049.498    24.5165    13.5604      1.136    6.25454    13.5559    18.1852   11.42126 6.1356e+01 0.0000e+00
         47 209.554520    0.00319     0.1917     11.500      1.164  38954.321    24.4505    13.5588      1.153    6.25731    13.5509    18.1347   11.42666 6.1347e+01 0.0000e+00
         48 209.554523    0.00326     0.1958     11.750      1.179  38815.930    24.3546    13.5560      1.167    6.26142    13.5432    18.0613   11.43464 6.1174e+01 0.0000e+00
         49 209.554525    0.00333     0.2000     12.000      1.185  38707.944    24.2796    13.5510      1.174    6.26499    13.5341    18.0044   11.44149 6.1005e+01 0.0000e+00
         50 209.554528    0.00340     0.2042     12.250      1.183  38686.274    24.2641    13.5434      1.171    6.26660    13.5264    17.9939   11.44434 6.0932e+01 0.0000e+00
         51 209.554531    0.00347     0.2083     12.500      1.173  38748.607    24.3066    13.5342      1.162    6.26614    13.5225    18.0284   11.44307 6.0987e+01 0.0000e+00
         52 209.554534    0.00354     0.2125     12.750      1.159  38864.179    24.3861    13.5265      1.147    6.26405    13.5229    18.0911   11.43866 6.1191e+01 0.0000e+00
         53 209.554537    0.00361     0.2167     13.000      1.143  38986.263    24.4703    13.5227      1.132    6.26127    13.5262    18.1567   11.43303 6.1499e+01 0.0000e+00
         54 209.554540    0.00368     0.2208     13.250      1.128  39082.104    24.5367    13.5231      1.118    6.25864    13.5305    18.2077   11.42785 6.1773e+01 0.0000e+00
         55 209.554543    0.00375     0.2250     13.500      1.118  39145.004    24.5804    13.5263      1.107    6.25651    13.5346    18.2408   11.42378 6.1940e+01 0.0000e+00
         56 209.554546    0.00382     0.2292     13.750      1.113  39177.323    24.6030    13.5307      1.103    6.25506    13.5376    18.2575   11.42110 6.2007e+01 0.0000e+00
         57 209.554549    0.00389     0.2333     14.000      1.114  39182.959    24.6072    13.5347      1.104    6.25437    13.5392    18.2599   11.41989 6.2006e+01 0.0000e+00
         58 209.554552    0.00396     0.2375     14.250      1.121  39163.823    24.5941    13.5377      1.110    6.25448    13.5395    18.2493   11.42024 6.1988e+01 0.0000e+00
         59 209.554554    0.00403     0.2417     14.500      1.129  39119.250    24.5633    13.5393      1.119    6.25547    13.5388    18.2253   11.42225 6.2016e+01 0.0000e+00
         60 209.554557    0.00410     0.2458     14.750      1.137  39062.006    24.5237    13.5396      1.127    6.25697    13.5374    18.1947   11.42523 6.2131e+01 0.0000e+00
         61 209.554560    0.00417     0.2500     15.000      1.143  39025.313    24.4982    13.5389      1.132    6.25805    13.5355    18.1752   11.42732 6.2306e+01 0.0000e+00
         62 209.554563    0.00424     0.2542     15.250      1.144  39031.463    24.5024    13.5376      1.134    6.25807    13.5337    18.1787   11.42730 6.2502e+01 0.0000e+00
         63 209.554566    0.00431     0.2583     15.500      1.143  39067.917    24.5275    13.5357      1.132    6.25734    13.5323    18.1984   11.42579 6.2707e+01 0.0000e+00
         64 209.554569    0.00438     0.2625     15.750      1.140  39103.905    24.5524    13.5338      1.130    6.25662    13.5314    18.2178   11.42430 6.2850e+01 0.0000e+00
         65 209.554572    0.00444     0.2667     16.000      1.139  39119.914    24.5634    13.5325      1.128    6.25637    13.5307    18.2265   11.42375 6.2830e+01 0.0000e+00
         66 209.554575    0.00451     0.2708     16.250      1.138  39113.766    24.5590    13.5315      1.127    6.25666    13.5302    18.2234   11.42428 6.2647e+01 0.0000e+00
         67 209.554578    0.00458     0.2750     16.500      1.136  39089.891    24.5425    13.5308      1.125    6.25739    13.5299    18.2107   11.42571 6.2413e+01 0.0000e+00
         68 209.554580    0.00465     0.2792     16.750      1.132  39058.435    24.5206    13.5303      1.121    6.25831    13.5301    18.1940   11.42750 6.2239e+01 0.0000e+00
         69 209.554583    0.00472     0.2833     17.000      1.126  39035.165    24.5045    13.5300      1.115    6.25897    13.5304    18.1816   11.42878 6.2129e+01 0.0000e+00
         70 209.554586    0.00479     0.2875     17.250      1.118  39032.211    24.5025    13.5302      1.108    6.25903    13.5308    18.1800   11.42891 6.2002e+01 0.0000e+00
         71 209.554589    0.00486     0.2917     17.500      1.110  39046.453    24.5124    13.5305      1.100    6.25860    13.5310    18.1876   11.42807 6.1795e+01 0.0000e+00
         72 209.554592    0.00493     0.2958     17.750      1.105  39060.368    24.5220    13.5309      1.095    6.25818    13.5309    18.1949   11.42725 6.1487e+01 0.0000e+00
         73 209.554595    0.00500     0.3000     18.000      1.104  39061.222    24.5226    13.5312      1.094    6.25813    13.5301    18.1954   11.42716 6.1110e+01 0.0000e+00
         74 209.554598    0.00507     0.3042     18.250      1.107  39047.879    24.5134    13.5310      1.097    6.25850    13.5283    18.1883   11.42790 6.0845e+01 0.0000e+00
         75 209.554601    0.00514     0.3083     18.500      1.114  39022.212    24.4956    13.5302      1.104    6.25930    13.5256    18.1747   11.42944 6.0916e+01 0.0000e+00
         76 209.554604    0.00521     0.3125     18.750      1.123  38991.673    24.4743    13.5285      1.112    6.26035    13.5219    18.1587   11.43145 6.1377e+01 0.0000e+00
         77 209.554606    0.00528     0.3167     19.000      1.131  38968.450    24.4581    13.5258      1.121    6.26134    13.5172    18.1466   11.43329 6.2082e+01 0.0000e+00
         78 209.554609    0.00535     0.3208     19.250      1.140  38959.284    24.4515    13.5220      1.129    6.26209    13.5125    18.1423   11.43461 6.2817e+01 0.0000e+00
         79 209.554612    0.00542     0.3250     19.500      1.147  38962.581    24.4535    13.5174      1.136    6.26262    13.5082    18.1447   11.43547 6.3397e+01 0.0000e+00
         80 209.554615    0.00549     0.3292     19.750      1.154  38969.499    24.4580    13.5126      1.143    6.26307    13.5041    18.1490   11.43616 6.3689e+01 0.0000e+00
         81 209.554618    0.00556     0.3333     20.000      1.158  38968.477    24.4570    13.5083      1.147    6.26367    13.4997    18.1491   11.43718 6.3648e+01 0.0000e+00
         82 209.554621    0.00562     0.3375     20.250      1.160  38955.412    24.4477    13.5042      1.149    6.26457    13.4948    18.1427   11.43879 6.3353e+01 0.0000e+00
         83 209.554624    0.00569     0.3417     20.500      1.157  38938.648    24.4358    13.4999      1.146    6.26560    13.4891    18.1343   11.44065 6.2937e+01 0.0000e+00
         84 209.554627    0.00576     0.3458     20.750      1.150  38932.132    24.4310    13.4949      1.139    6.26643    13.4833    18.1315   11.44209 6.2507e+01 0.0000e+00
         85 209.554630    0.00583     0.3500     21.000      1.141  38942.905    24.4381    13.4892      1.130    6.26690    13.4785    18.1380   11.44279 6.2115e+01 0.0000e+00
         86 209.554633    0.00590     0.3542     21.250      1.133  38964.763    24.4529    13.4834      1.122    6.26709    13.4755    18.1505   11.44293 6.1740e+01 0.0000e+00
         87 209.554635    0.00597     0.3583     21.500      1.129  38983.744    24.4657    13.4787      1.118    6.26721    13.4741    18.1612   11.44299 6.1315e+01 0.0000e+00
         88 209.554638    0.00604     0.3625     21.750      1.130  38988.535    24.4688    13.4757      1.119    6.26748    13.4735    18.1642   11.44341 6.0796e+01 0.0000e+00
         89 209.554641    0.00611     0.3667     22.000      1.135  38978.955    24.4621    13.4742      1.124    6.26794    13.4735    18.1593   11.44424 6.0218e+01 0.0000e+00
         90 209.554644    0.00618     0.3708     22.250      1.144  38963.623    24.4515    13.4736      1.133    6.26842    13.4736    18.1512   11.44518 5.9677e+01 0.0000e+00
