CTD-processing/allCTD/CNV--turbid/2016_08-30_t7_s11_cast078.cnv
* Sea-Bird SBE19plus Data File:
* FileName = C:\Users\Kim.Powell\Desktop\2016_08-30_T7_5028\2016_08-30_T7_5028_cast078.hex
* Software Version 1.59
* Temperature SN =  5028
* Conductivity SN =  5028
* System UpLoad Time = Aug 30 2016 17:34:09
** CookInlet LTM Transect 7
** 2016_08-30
** Station: 7-11
** Start Time: 11:49
** Depth (m): 66.4
** Comment:
** Comment:
# nquan = 16
# nvalues = 573                         
# units = specified
# name 0 = scan: Scan Count
# name 1 = timeJ: Julian Days
# name 2 = timeH: Time, Elapsed [hours]
# name 3 = timeM: Time, Elapsed [minutes]
# name 4 = timeS: Time, Elapsed [seconds]
# name 5 = prdM: Pressure, Strain Gauge [db]
# name 6 = specc: Specific Conductance [uS/cm]
# name 7 = sal00: Salinity, Practical [PSU]
# name 8 = tv290C: Temperature [ITS-90, deg C]
# name 9 = depSM: Depth [salt water, m], lat = 59.00
# name 10 = oxsolML/L: Oxygen Saturation, Garcia & Gordon [ml/l]
# name 11 = potemp090C: Potential Temperature [ITS-90, deg C]
# name 12 = sigma-é00: Density [sigma-theta, kg/m^3]
# name 13 = n2satML/L: Nitrogen Saturation [ml/l]
# name 14 = par: PAR/Irradiance, Biospherical/Licor
# name 15 = flag:  0.000e+00
# span 0 =          1,        573       
# span 1 = 243.492454, 243.494109       
# span 2 =    0.00000,    0.03972       
# span 3 =     0.0000,     2.3833       
# span 4 =      0.000,    143.000       
# span 5 =     -0.037,     62.099       
# span 6 =    140.554,  48838.272       
# span 7 =     0.0668,    31.0517       
# span 8 =    10.3214,    13.2453       
# span 9 =     -0.036,     61.509       
# span 10 =    6.09845,    7.44290      
# span 11 =    10.3144,    13.2423      
# span 12 =    -0.5145,    23.8190      
# span 13 =   11.10192,   13.73520      
# span 14 = 7.3775e-02, 1.4750e+03      
# span 15 = 0.0000e+00, 0.0000e+00      
# interval = seconds: 0.25
# start_time = Aug 30 2016 11:49:08 [Instrument's time stamp, header]
# bad_flag = -9.990e-29
*END*
[from data line 181]
        182 243.492977    0.01257     0.7542     45.250      1.104  45145.386    28.7126    12.6958      1.093    6.20425    12.6975    21.5847   11.28839 6.3613e+02 0.0000e+00
        183 243.492980    0.01264     0.7583     45.500      1.106  45148.582    28.7149    12.6965      1.096    6.20407    12.6992    21.5863   11.28807 6.5085e+02 0.0000e+00
        184 243.492983    0.01271     0.7625     45.750      1.100  45153.797    28.7187    12.6976      1.089    6.20377    12.7017    21.5890   11.28754 6.6503e+02 0.0000e+00
        185 243.492986    0.01278     0.7667     46.000      1.081  45159.102    28.7225    12.6993      1.071    6.20340    12.7053    21.5917   11.28687 6.8385e+02 0.0000e+00
        186 243.492989    0.01285     0.7708     46.250      1.051  45161.900    28.7247    12.7018      1.041    6.20299    12.7099    21.5929   11.28616 7.0395e+02 0.0000e+00
        187 243.492992    0.01292     0.7750     46.500      1.011  45160.046    28.7238    12.7054      1.001    6.20256    12.7146    21.5915   11.28546 7.0435e+02 0.0000e+00
        188 243.492995    0.01299     0.7792     46.750      0.969  45152.684    28.7190    12.7100      0.960    6.20215    12.7182    21.5869   11.28483 6.9637e+02 0.0000e+00
        189 243.492998    0.01306     0.7833     47.000      0.936  45141.155    28.7112    12.7147      0.927    6.20183    12.7197    21.5801   11.28440 7.1342e+02 0.0000e+00
        190 243.493001    0.01313     0.7875     47.250      0.921  45128.886    28.7029    12.7183      0.913    6.20169    12.7191    21.5730   11.28426 7.5503e+02 0.0000e+00
        191 243.493003    0.01319     0.7917     47.500      0.928  45119.207    28.6962    12.7198      0.920    6.20175    12.7171    21.5675   11.28444 7.8441e+02 0.0000e+00
        192 243.493006    0.01326     0.7958     47.750      0.954  45113.616    28.6922    12.7192      0.945    6.20198    12.7145    21.5645   11.28487 7.8290e+02 0.0000e+00
        193 243.493009    0.01333     0.8000     48.000      0.994  45111.916    28.6908    12.7172      0.985    6.20230    12.7119    21.5639   11.28542 7.6736e+02 0.0000e+00
        194 243.493012    0.01340     0.8042     48.250      1.042  45113.011    28.6913    12.7146      1.032    6.20262    12.7096    21.5648   11.28595 7.4655e+02 0.0000e+00
        195 243.493015    0.01347     0.8083     48.500      1.092  45115.989    28.6932    12.7120      1.082    6.20289    12.7078    21.5667   11.28637 7.1139e+02 0.0000e+00
        196 243.493018    0.01354     0.8125     48.750      1.136  45120.596    28.6962    12.7097      1.126    6.20307    12.7069    21.5695   11.28664 6.6604e+02 0.0000e+00
        197 243.493021    0.01361     0.8167     49.000      1.170  45126.973    28.7006    12.7079      1.159    6.20313    12.7071    21.5731   11.28668 6.3100e+02 0.0000e+00
        198 243.493024    0.01368     0.8208     49.250      1.186  45134.567    28.7059    12.7070      1.176    6.20304    12.7088    21.5774   11.28647 6.2634e+02 0.0000e+00
        199 243.493027    0.01375     0.8250     49.500      1.180  45141.061    28.7105    12.7073      1.169    6.20283    12.7121    21.5809   11.28607 6.4898e+02 0.0000e+00
        200 243.493030    0.01382     0.8292     49.750      1.148  45143.687    28.7125    12.7090      1.138    6.20253    12.7163    21.5821   11.28555 6.8232e+02 0.0000e+00
        201 243.493032    0.01389     0.8333     50.000      1.094  45141.376    28.7111    12.7122      1.084    6.20216    12.7201    21.5805   11.28495 7.2725e+02 0.0000e+00
        202 243.493035    0.01396     0.8375     50.250      1.024  45134.945    28.7070    12.7164      1.015    6.20178    12.7224    21.5765   11.28437 7.5714e+02 0.0000e+00
        203 243.493038    0.01403     0.8417     50.500      0.953  45126.133    28.7011    12.7202      0.944    6.20151    12.7225    21.5712   11.28399 7.3111e+02 0.0000e+00
        204 243.493041    0.01410     0.8458     50.750      0.894  45117.196    28.6950    12.7226      0.886    6.20144    12.7199    21.5661   11.28394 6.8665e+02 0.0000e+00
        205 243.493044    0.01417     0.8500     51.000      0.861  45110.181    28.6901    12.7226      0.854    6.20163    12.7154    21.5623   11.28431 6.8033e+02 0.0000e+00
        206 243.493047    0.01424     0.8542     51.250      0.859  45106.359    28.6872    12.7200      0.851    6.20208    12.7102    21.5605   11.28509 6.9008e+02 0.0000e+00
        207 243.493050    0.01431     0.8583     51.500      0.884  45106.271    28.6867    12.7155      0.876    6.20268    12.7054    21.5610   11.28609 6.8875e+02 0.0000e+00
        208 243.493053    0.01438     0.8625     51.750      0.929  45109.224    28.6884    12.7103      0.920    6.20329    12.7017    21.5632   11.28709 6.8651e+02 0.0000e+00
        209 243.493056    0.01444     0.8667     52.000      0.983  45113.818    28.6912    12.7055      0.973    6.20381    12.6993    21.5663   11.28792 6.7056e+02 0.0000e+00
        210 243.493058    0.01451     0.8708     52.250      1.038  45119.055    28.6945    12.7018      1.028    6.20416    12.6981    21.5696   11.28847 6.4530e+02 0.0000e+00
        211 243.493061    0.01458     0.8750     52.500      1.087  45124.592    28.6982    12.6994      1.076    6.20433    12.6981    21.5729   11.28870 6.3144e+02 0.0000e+00
        212 243.493064    0.01465     0.8792     52.750      1.124  45130.128    28.7020    12.6983      1.113    6.20433    12.6992    21.5760   11.28865 6.1543e+02 0.0000e+00
        213 243.493067    0.01472     0.8833     53.000      1.144  45134.545    28.7051    12.6983      1.133    6.20421    12.7014    21.5784   11.28842 5.9432e+02 0.0000e+00
        214 243.493070    0.01479     0.8875     53.250      1.145  45136.414    28.7065    12.6994      1.134    6.20401    12.7043    21.5793   11.28807 5.8840e+02 0.0000e+00
        215 243.493073    0.01486     0.8917     53.500      1.125  45135.296    28.7059    12.7016      1.114    6.20375    12.7074    21.5784   11.28765 6.0197e+02 0.0000e+00
        216 243.493076    0.01493     0.8958     53.750      1.087  45131.921    28.7038    12.7045      1.077    6.20345    12.7101    21.5763   11.28718 6.1024e+02 0.0000e+00
        217 243.493079    0.01500     0.9000     54.000      1.039  45127.192    28.7008    12.7075      1.029    6.20317    12.7122    21.5733   11.28675 5.9456e+02 0.0000e+00
        218 243.493082    0.01507     0.9042     54.250      0.990  45121.658    28.6971    12.7102      0.980    6.20296    12.7135    21.5700   11.28644 5.7413e+02 0.0000e+00
        219 243.493084    0.01514     0.9083     54.500      0.954  45116.032    28.6933    12.7123      0.945    6.20284    12.7146    21.5667   11.28629 5.7530e+02 0.0000e+00
        220 243.493087    0.01521     0.9125     54.750      0.941  45111.274    28.6901    12.7136      0.932    6.20279    12.7159    21.5639   11.28624 6.0316e+02 0.0000e+00
        221 243.493090    0.01528     0.9167     55.000      0.952  45107.919    28.6878    12.7147      0.943    6.20275    12.7177    21.5620   11.28619 6.5673e+02 0.0000e+00
        222 243.493093    0.01535     0.9208     55.250      0.979  45105.889    28.6865    12.7160      0.970    6.20263    12.7196    21.5607   11.28600 7.0642e+02 0.0000e+00
        223 243.493096    0.01542     0.9250     55.500      1.011  45105.030    28.6860    12.7178      1.002    6.20241    12.7214    21.5600   11.28566 7.1510e+02 0.0000e+00
        224 243.493099    0.01549     0.9292     55.750      1.035  45105.402    28.6864    12.7197      1.026    6.20215    12.7229    21.5600   11.28521 6.9703e+02 0.0000e+00
        225 243.493102    0.01556     0.9333     56.000      1.045  45106.357    28.6872    12.7215      1.036    6.20188    12.7243    21.5603   11.28476 6.7776e+02 0.0000e+00
        226 243.493105    0.01563     0.9375     56.250      1.036  45106.553    28.6875    12.7231      1.027    6.20167    12.7255    21.5602   11.28440 6.7060e+02 0.0000e+00
        227 243.493108    0.01569     0.9417     56.500      1.014  45105.318    28.6868    12.7245      1.004    6.20152    12.7266    21.5594   11.28416 6.7308e+02 0.0000e+00
        228 243.493111    0.01576     0.9458     56.750      0.987  45102.679    28.6850    12.7257      0.978    6.20143    12.7275    21.5578   11.28403 6.8346e+02 0.0000e+00
        229 243.493113    0.01583     0.9500     57.000      0.969  45099.091    28.6825    12.7267      0.960    6.20139    12.7284    21.5557   11.28399 7.2235e+02 0.0000e+00
        230 243.493116    0.01590     0.9542     57.250      0.972  45095.511    28.6801    12.7276      0.962    6.20136    12.7293    21.5537   11.28398 7.5996e+02 0.0000e+00
        231 243.493119    0.01597     0.9583     57.500      0.997  45092.761    28.6783    12.7285      0.988    6.20132    12.7302    21.5520   11.28393 7.3271e+02 0.0000e+00
        232 243.493122    0.01604     0.9625     57.750      1.039  45091.165    28.6772    12.7294      1.029    6.20124    12.7311    21.5510   11.28381 6.5722e+02 0.0000e+00
        233 243.493125    0.01611     0.9667     58.000      1.082  45090.707    28.6769    12.7303      1.072    6.20113    12.7318    21.5506   11.28363 5.9342e+02 0.0000e+00
        234 243.493128    0.01618     0.9708     58.250      1.116  45091.279    28.6774    12.7312      1.105    6.20100    12.7324    21.5508   11.28340 5.6430e+02 0.0000e+00
        235 243.493131    0.01625     0.9750     58.500      1.133  45092.292    28.6781    12.7320      1.122    6.20087    12.7330    21.5513   11.28319 5.7737e+02 0.0000e+00
        236 243.493134    0.01632     0.9792     58.750      1.130  45092.679    28.6785    12.7326      1.119    6.20078    12.7336    21.5515   11.28303 6.3525e+02 0.0000e+00
        237 243.493137    0.01639     0.9833     59.000      1.109  45091.878    28.6780    12.7332      1.098    6.20072    12.7341    21.5510   11.28293 7.1287e+02 0.0000e+00
        238 243.493139    0.01646     0.9875     59.250      1.078  45090.058    28.6767    12.7338      1.067    6.20069    12.7345    21.5499   11.28290 7.8984e+02 0.0000e+00
        239 243.493142    0.01653     0.9917     59.500      1.045  45087.954    28.6753    12.7343      1.034    6.20068    12.7349    21.5487   11.28290 8.6896e+02 0.0000e+00
        240 243.493145    0.01660     0.9958     59.750      1.015  45086.126    28.6741    12.7347      1.005    6.20068    12.7351    21.5477   11.28291 9.0710e+02 0.0000e+00
        241 243.493148    0.01667     1.0000     60.000      0.991  45084.732    28.6731    12.7350      0.981    6.20067    12.7353    21.5469   11.28292 8.7919e+02 0.0000e+00
        242 243.493151    0.01674     1.0042     60.250      0.971  45084.296    28.6729    12.7352      0.962    6.20065    12.7356    21.5466   11.28288 8.4461e+02 0.0000e+00
        243 243.493154    0.01681     1.0083     60.500      0.956  45084.661    28.6731    12.7355      0.947    6.20061    12.7359    21.5468   11.28281 8.2669e+02 0.0000e+00
        244 243.493157    0.01688     1.0125     60.750      0.947  45084.761    28.6732    12.7357      0.938    6.20058    12.7364    21.5468   11.28275 8.1087e+02 0.0000e+00
        245 243.493160    0.01694     1.0167     61.000      0.947  45084.161    28.6728    12.7361      0.938    6.20055    12.7370    21.5465   11.28271 8.0281e+02 0.0000e+00
        246 243.493163    0.01701     1.0208     61.250      0.958  45083.100    28.6721    12.7365      0.949    6.20052    12.7378    21.5458   11.28266 7.9095e+02 0.0000e+00
        247 243.493166    0.01708     1.0250     61.500      0.983  45081.923    28.6713    12.7371      0.974    6.20047    12.7387    21.5451   11.28259 7.7302e+02 0.0000e+00
        248 243.493168    0.01715     1.0292     61.750      1.021  45080.939    28.6707    12.7379      1.011    6.20039    12.7396    21.5445   11.28247 7.6467e+02 0.0000e+00
        249 243.493171    0.01722     1.0333     62.000      1.066  45080.457    28.6704    12.7388      1.056    6.20028    12.7405    21.5441   11.28230 7.5351e+02 0.0000e+00
        250 243.493174    0.01729     1.0375     62.250      1.111  45080.841    28.6707    12.7398      1.100    6.20015    12.7412    21.5441   11.28207 7.3011e+02 0.0000e+00
        251 243.493177    0.01736     1.0417     62.500      1.143  45082.182    28.6718    12.7406      1.132    6.19999    12.7418    21.5448   11.28180 7.0796e+02 0.0000e+00
        252 243.493180    0.01743     1.0458     62.750      1.154  45084.000    28.6731    12.7413      1.143    6.19985    12.7422    21.5457   11.28154 6.8870e+02 0.0000e+00
        253 243.493183    0.01750     1.0500     63.000      1.142  45085.456    28.6742    12.7419      1.132    6.19973    12.7425    21.5464   11.28134 6.8334e+02 0.0000e+00
        254 243.493186    0.01757     1.0542     63.250      1.110  45085.809    28.6745    12.7423      1.100    6.19967    12.7426    21.5465   11.28123 7.0730e+02 0.0000e+00
        255 243.493189    0.01764     1.0583     63.500      1.067  45084.747    28.6738    12.7426      1.057    6.19966    12.7426    21.5459   11.28122 7.3414e+02 0.0000e+00
        256 243.493192    0.01771     1.0625     63.750      1.022  45082.708    28.6724    12.7427      1.013    6.19969    12.7423    21.5448   11.28130 7.3327e+02 0.0000e+00
        257 243.493194    0.01778     1.0667     64.000      0.985  45080.632    28.6709    12.7427      0.976    6.19976    12.7416    21.5437   11.28142 7.1354e+02 0.0000e+00
        258 243.493197    0.01785     1.0708     64.250      0.959  45079.192    28.6698    12.7424      0.950    6.19984    12.7406    21.5429   11.28157 7.0597e+02 0.0000e+00
        259 243.493200    0.01792     1.0750     64.500      0.944  45078.615    28.6694    12.7418      0.935    6.19994    12.7393    21.5427   11.28174 7.1516e+02 0.0000e+00
        260 243.493203    0.01799     1.0792     64.750      0.937  45078.867    28.6695    12.7407      0.928    6.20007    12.7378    21.5430   11.28196 7.3070e+02 0.0000e+00
        261 243.493206    0.01806     1.0833     65.000      0.937  45079.700    28.6699    12.7394      0.928    6.20022    12.7364    21.5436   11.28221 7.5431e+02 0.0000e+00
        262 243.493209    0.01812     1.0875     65.250      0.944  45080.662    28.6705    12.7379      0.935    6.20039    12.7352    21.5443   11.28248 7.8543e+02 0.0000e+00
        263 243.493212    0.01819     1.0917     65.500      0.960  45081.389    28.6709    12.7365      0.951    6.20056    12.7343    21.5449   11.28275 8.3732e+02 0.0000e+00
        264 243.493215    0.01826     1.0958     65.750      0.988  45082.042    28.6713    12.7353      0.978    6.20070    12.7337    21.5454   11.28299 8.7239e+02 0.0000e+00
        265 243.493218    0.01833     1.1000     66.000      1.025  45083.060    28.6719    12.7344      1.014    6.20079    12.7334    21.5460   11.28314 8.3021e+02 0.0000e+00
        266 243.493220    0.01840     1.1042     66.250      1.062  45084.702    28.6730    12.7339      1.052    6.20083    12.7332    21.5470   11.28318 7.4919e+02 0.0000e+00
        267 243.493223    0.01847     1.1083     66.500      1.090  45086.945    28.6745    12.7335      1.080    6.20081    12.7333    21.5482   11.28313 6.7987e+02 0.0000e+00
        268 243.493226    0.01854     1.1125     66.750      1.104  45089.182    28.6761    12.7334      1.093    6.20077    12.7337    21.5495   11.28303 6.2723e+02 0.0000e+00
        269 243.493229    0.01861     1.1167     67.000      1.102  45090.261    28.6769    12.7335      1.091    6.20072    12.7341    21.5500   11.28295 6.0163e+02 0.0000e+00
        270 243.493232    0.01868     1.1208     67.250      1.087  45089.575    28.6764    12.7338      1.077    6.20070    12.7345    21.5496   11.28292 6.0596e+02 0.0000e+00
        271 243.493235    0.01875     1.1250     67.500      1.065  45087.780    28.6752    12.7342      1.055    6.20069    12.7346    21.5486   11.28292 6.1767e+02 0.0000e+00
