CTD-processing/allCTD/CNV--turbid/2016_04-07_t9_s09_cast173.cnv
* Sea-Bird SBE19plus Data File:
* FileName = C:\Users\Kris.Holderied\Documents\kasitsna\Research-KBL\Oceanography-AK\CTD-Data-ALL-to-2016-02\2016-CTD-KachemakBay-CookInlet\2016-04-CookInlet-quarterly\2016-04-06-Tran9-HomerSpit\2016-04-06-CookInlet-Tran9-cast173.hex
* Software Version 1.59
* Temperature SN =  5028
* Conductivity SN =  5028
* System UpLoad Time = Apr 10 2016 01:41:09
** Cook Inlet LTM Tran9 Homer Spit
** Date (YYYY-MM-DD): 2016-04-07
** Station (ie. 9-01):  4-09
** Start time (AKST): 15:38
** Depth (m): 83
** Comment:  KBL R/V Barnacle
** Comment:
# nquan = 16
# nvalues = 598                         
# units = specified
# name 0 = scan: Scan Count
# name 1 = timeJ: Julian Days
# name 2 = timeH: Time, Elapsed [hours]
# name 3 = timeM: Time, Elapsed [minutes]
# name 4 = timeS: Time, Elapsed [seconds]
# name 5 = prdM: Pressure, Strain Gauge [db]
# name 6 = specc: Specific Conductance [uS/cm]
# name 7 = sal00: Salinity, Practical [PSU]
# name 8 = tv290C: Temperature [ITS-90, deg C]
# name 9 = depSM: Depth [salt water, m], lat = 59.00
# name 10 = oxsolML/L: Oxygen Saturation, Garcia & Gordon [ml/l]
# name 11 = potemp090C: Potential Temperature [ITS-90, deg C]
# name 12 = sigma-é00: Density [sigma-theta, kg/m^3]
# name 13 = n2satML/L: Nitrogen Saturation [ml/l]
# name 14 = par: PAR/Irradiance, Biospherical/Licor
# name 15 = flag:  0.000e+00
# span 0 =          1,        598       
# span 1 =  98.650787,  98.652514       
# span 2 =    0.00000,    0.04146       
# span 3 =     0.0000,     2.4875       
# span 4 =      0.000,    149.250       
# span 5 =      0.407,     83.996       
# span 6 =  48590.141,  50432.505       
# span 7 =    30.3807,    31.4602       
# span 8 =     5.8903,     6.7941       
# span 9 =      0.404,     83.194       
# span 10 =    6.98914,    7.09126      
# span 11 =     5.8837,     6.7940      
# span 12 =    23.8166,    24.7703      
# span 13 =   12.56844,   12.72458      
# span 14 = 3.8291e-02, 1.0487e+02      
# span 15 = 0.0000e+00, 0.0000e+00      
# interval = seconds: 0.25
# start_time = Apr 07 2016 15:37:08 [Instrument's time stamp, header]
# bad_flag = -9.990e-29
*END*
[from data line 543]
        544  98.652358    0.03771     2.2625    135.750     66.569  50341.258    31.4102     5.9147     65.936    7.08953     5.9073    24.7278   12.72234 3.9849e-02 0.0000e+00
        545  98.652361    0.03778     2.2667    136.000     66.930  50344.373    31.4119     5.9136     66.294    7.08964     5.9063    24.7293   12.72249 3.9768e-02 0.0000e+00
        546  98.652364    0.03785     2.2708    136.250     67.293  50347.392    31.4136     5.9126     66.653    7.08973     5.9053    24.7308   12.72262 3.9706e-02 0.0000e+00
        547  98.652367    0.03792     2.2750    136.500     67.656  50350.284    31.4153     5.9116     67.012    7.08982     5.9043    24.7322   12.72275 3.9661e-02 0.0000e+00
        548  98.652370    0.03799     2.2792    136.750     68.018  50353.067    31.4168     5.9106     67.371    7.08991     5.9034    24.7336   12.72288 3.9611e-02 0.0000e+00
        549  98.652373    0.03806     2.2833    137.000     68.379  50355.833    31.4184     5.9097     67.729    7.08999     5.9026    24.7349   12.72298 3.9582e-02 0.0000e+00
        550  98.652376    0.03812     2.2875    137.250     68.739  50358.626    31.4200     5.9088     68.085    7.09005     5.9017    24.7363   12.72308 3.9599e-02 0.0000e+00
        551  98.652378    0.03819     2.2917    137.500     69.097  50361.451    31.4216     5.9080     68.440    7.09012     5.9009    24.7376   12.72316 3.9614e-02 0.0000e+00
        552  98.652381    0.03826     2.2958    137.750     69.456  50364.383    31.4233     5.9072     68.795    7.09018     5.9000    24.7391   12.72323 3.9603e-02 0.0000e+00
        553  98.652384    0.03833     2.3000    138.000     69.815  50367.511    31.4252     5.9064     69.151    7.09023     5.8991    24.7406   12.72329 3.9580e-02 0.0000e+00
        554  98.652387    0.03840     2.3042    138.250     70.174  50370.892    31.4272     5.9055     69.507    7.09027     5.8980    24.7423   12.72335 3.9545e-02 0.0000e+00
        555  98.652390    0.03847     2.3083    138.500     70.533  50374.624    31.4294     5.9046     69.862    7.09032     5.8968    24.7442   12.72340 3.9492e-02 0.0000e+00
        556  98.652393    0.03854     2.3125    138.750     70.891  50378.720    31.4318     5.9036     70.216    7.09039     5.8955    24.7462   12.72347 3.9419e-02 0.0000e+00
        557  98.652396    0.03861     2.3167    139.000     71.248  50383.017    31.4344     5.9024     70.570    7.09046     5.8944    24.7484   12.72356 3.9318e-02 0.0000e+00
        558  98.652399    0.03868     2.3208    139.250     71.606  50387.161    31.4369     5.9012     70.924    7.09055     5.8933    24.7505   12.72367 3.9177e-02 0.0000e+00
        559  98.652402    0.03875     2.3250    139.500     71.964  50390.778    31.4390     5.9000     71.279    7.09064     5.8925    24.7523   12.72380 3.9052e-02 0.0000e+00
        560  98.652405    0.03882     2.3292    139.750     72.322  50393.805    31.4407     5.8990     71.633    7.09072     5.8918    24.7538   12.72392 3.9033e-02 0.0000e+00
        561  98.652407    0.03889     2.3333    140.000     72.681  50396.409    31.4421     5.8982     71.988    7.09079     5.8911    24.7550   12.72401 3.9092e-02 0.0000e+00
        562  98.652410    0.03896     2.3375    140.250     73.040  50398.745    31.4434     5.8976     72.344    7.09084     5.8906    24.7561   12.72408 3.9167e-02 0.0000e+00
        563  98.652413    0.03903     2.3417    140.500     73.399  50400.975    31.4447     5.8970     72.700    7.09088     5.8900    24.7572   12.72413 3.9253e-02 0.0000e+00
        564  98.652416    0.03910     2.3458    140.750     73.758  50403.280    31.4460     5.8964     73.055    7.09092     5.8894    24.7583   12.72417 3.9356e-02 0.0000e+00
        565  98.652419    0.03917     2.3500    141.000     74.116  50405.625    31.4474     5.8958     73.410    7.09095     5.8888    24.7594   12.72420 3.9484e-02 0.0000e+00
        566  98.652422    0.03924     2.3542    141.250     74.474  50407.776    31.4486     5.8952     73.764    7.09099     5.8884    24.7605   12.72425 3.9587e-02 0.0000e+00
        567  98.652425    0.03931     2.3583    141.500     74.831  50409.558    31.4495     5.8947     74.118    7.09103     5.8880    24.7613   12.72431 3.9613e-02 0.0000e+00
        568  98.652428    0.03938     2.3625    141.750     75.189  50410.987    31.4503     5.8942     74.472    7.09107     5.8877    24.7619   12.72437 3.9579e-02 0.0000e+00
        569  98.652431    0.03944     2.3667    142.000     75.548  50412.185    31.4508     5.8939     74.827    7.09110     5.8875    24.7624   12.72441 3.9507e-02 0.0000e+00
        570  98.652433    0.03951     2.3708    142.250     75.907  50413.237    31.4513     5.8936     75.183    7.09112     5.8872    24.7628   12.72444 3.9416e-02 0.0000e+00
        571  98.652436    0.03958     2.3750    142.500     76.267  50414.233    31.4518     5.8934     75.540    7.09113     5.8870    24.7632   12.72445 3.9332e-02 0.0000e+00
        572  98.652439    0.03965     2.3792    142.750     76.627  50415.297    31.4523     5.8932     75.896    7.09114     5.8867    24.7637   12.72446 3.9266e-02 0.0000e+00
        573  98.652442    0.03972     2.3833    143.000     76.985  50416.534    31.4530     5.8930     76.251    7.09114     5.8865    24.7642   12.72445 3.9222e-02 0.0000e+00
        574  98.652445    0.03979     2.3875    143.250     77.343  50417.893    31.4537     5.8928     76.606    7.09115     5.8862    24.7648   12.72445 3.9199e-02 0.0000e+00
        575  98.652448    0.03986     2.3917    143.500     77.700  50419.217    31.4544     5.8926     76.960    7.09116     5.8859    24.7654   12.72446 3.9199e-02 0.0000e+00
        576  98.652451    0.03993     2.3958    143.750     78.057  50420.475    31.4550     5.8923     77.313    7.09117     5.8856    24.7659   12.72447 3.9218e-02 0.0000e+00
        577  98.652454    0.04000     2.4000    144.000     78.414  50421.689    31.4556     5.8920     77.667    7.09118     5.8854    24.7664   12.72449 3.9233e-02 0.0000e+00
        578  98.652457    0.04007     2.4042    144.250     78.771  50422.819    31.4562     5.8918     78.020    7.09120     5.8852    24.7669   12.72450 3.9227e-02 0.0000e+00
        579  98.652459    0.04014     2.4083    144.500     79.128  50423.802    31.4566     5.8916     78.373    7.09121     5.8850    24.7673   12.72452 3.9209e-02 0.0000e+00
        580  98.652462    0.04021     2.4125    144.750     79.484  50424.604    31.4570     5.8914     78.726    7.09122     5.8849    24.7677   12.72453 3.9196e-02 0.0000e+00
        581  98.652465    0.04028     2.4167    145.000     79.841  50425.283    31.4573     5.8913     79.079    7.09123     5.8847    24.7679   12.72454 3.9205e-02 0.0000e+00
        582  98.652468    0.04035     2.4208    145.250     80.197  50425.986    31.4576     5.8912     79.432    7.09123     5.8846    24.7682   12.72455 3.9213e-02 0.0000e+00
        583  98.652471    0.04042     2.4250    145.500     80.554  50426.807    31.4580     5.8911     79.785    7.09123     5.8844    24.7685   12.72455 3.9183e-02 0.0000e+00
        584  98.652474    0.04049     2.4292    145.750     80.909  50427.670    31.4584     5.8910     80.137    7.09123     5.8843    24.7688   12.72454 3.9111e-02 0.0000e+00
        585  98.652477    0.04056     2.4333    146.000     81.263  50428.451    31.4587     5.8908     80.487    7.09124     5.8842    24.7691   12.72454 3.9014e-02 0.0000e+00
        586  98.652480    0.04063     2.4375    146.250     81.614  50429.133    31.4590     5.8907     80.835    7.09124     5.8841    24.7693   12.72455 3.8887e-02 0.0000e+00
        587  98.652483    0.04069     2.4417    146.500     81.961  50429.773    31.4592     5.8906     81.179    7.09125     5.8840    24.7695   12.72455 3.8768e-02 0.0000e+00
        588  98.652486    0.04076     2.4458    146.750     82.302  50430.402    31.4595     5.8905     81.517    7.09125     5.8839    24.7698   12.72455 3.8738e-02 0.0000e+00
        589  98.652488    0.04083     2.4500    147.000     82.634  50430.987    31.4598     5.8904     81.845    7.09125     5.8838    24.7700   12.72455 3.8779e-02 0.0000e+00
        590  98.652491    0.04090     2.4542    147.250     82.951  50431.472    31.4599     5.8904     82.159    7.09126     5.8838    24.7701   12.72455 3.8815e-02 0.0000e+00
        591  98.652494    0.04097     2.4583    147.500     83.245  50431.866    31.4601     5.8903     82.450    7.09126     5.8837    24.7702   12.72455 3.8818e-02 0.0000e+00
        592  98.652497    0.04104     2.4625    147.750     83.500  50432.188    31.4602     5.8903     82.703    7.09126     5.8837    24.7703   12.72455 3.8798e-02 0.0000e+00
        593  98.652500    0.04111     2.4667    148.000     83.699  50432.415    31.4602     5.8903     82.900    7.09125     5.8838    24.7703   12.72455 3.8757e-02 0.0000e+00
        594  98.652503    0.04118     2.4708    148.250     83.834  50432.505    31.4602     5.8903     83.034    7.09125     5.8838    24.7703   12.72454 3.8667e-02 0.0000e+00
        595  98.652506    0.04125     2.4750    148.500     83.917  50432.404    31.4601     5.8904     83.116    7.09125     5.8839    24.7702   12.72454 3.8540e-02 0.0000e+00
        596  98.652509    0.04132     2.4792    148.750     83.964  50432.048    31.4599     5.8904     83.162    7.09125     5.8839    24.7700   12.72455 3.8440e-02 0.0000e+00
        597  98.652512    0.04139     2.4833    149.000     83.988  50431.474    31.4595     5.8905     83.186    7.09126 -9.990e-29    24.7697   12.72457 3.8390e-02 0.0000e+00
        598  98.652514    0.04146     2.4875    149.250     83.996  50431.151    31.4593     5.8905     83.194    7.09126 -9.990e-29    24.7695   12.72458 3.8373e-02 0.0000e+00
