CTD-processing/allCTD/CNV--turbid/2016_08-31_t6_s15_cast102.cnv
* Sea-Bird SBE19plus Data File:
* FileName = C:\Users\Kim.Powell\Desktop\2016_08-31_T6_5028\2016_08-31_T6_5028_cast102.hex
* Software Version 1.59
* Temperature SN =  5028
* Conductivity SN =  5028
* System UpLoad Time = Aug 31 2016 22:05:21
** CookInlet LTM Transect 7
** 2016_08-30
** Station: 6-15
** Start Time: 13:26
** Depth (m): 151.5
** Comment:
** Comment:
# nquan = 16
# nvalues = 905                         
# units = specified
# name 0 = scan: Scan Count
# name 1 = timeJ: Julian Days
# name 2 = timeH: Time, Elapsed [hours]
# name 3 = timeM: Time, Elapsed [minutes]
# name 4 = timeS: Time, Elapsed [seconds]
# name 5 = prdM: Pressure, Strain Gauge [db]
# name 6 = specc: Specific Conductance [uS/cm]
# name 7 = sal00: Salinity, Practical [PSU]
# name 8 = tv290C: Temperature [ITS-90, deg C]
# name 9 = depSM: Depth [salt water, m], lat = 59.00
# name 10 = oxsolML/L: Oxygen Saturation, Garcia & Gordon [ml/l]
# name 11 = potemp090C: Potential Temperature [ITS-90, deg C]
# name 12 = sigma-é00: Density [sigma-theta, kg/m^3]
# name 13 = n2satML/L: Nitrogen Saturation [ml/l]
# name 14 = par: PAR/Irradiance, Biospherical/Licor
# name 15 = flag:  0.000e+00
# span 0 =          1,        905       
# span 1 = 244.559988, 244.562604       
# span 2 =    0.00000,    0.06278       
# span 3 =     0.0000,     3.7667       
# span 4 =      0.000,    226.000       
# span 5 =     -0.061,    136.727       
# span 6 =    874.387,  51569.016       
# span 7 =     0.4280,    32.4361       
# span 8 =     7.0071,    14.8127       
# span 9 =     -0.060,    135.404       
# span 10 =    6.05868,    7.06686      
# span 11 =     6.9949,    14.8127      
# span 12 =    -0.5385,    25.4002      
# span 13 =   11.03823,   13.09205      
# span 14 = 7.6271e-02, 9.1430e+02      
# span 15 = 0.0000e+00, 0.0000e+00      
# interval = seconds: 0.25
# start_time = Aug 31 2016 13:26:23 [Instrument's time stamp, header]
# bad_flag = -9.990e-29
*END*
[from data line 452]
        453 244.561296    0.03139     1.8833    113.000     38.801  48284.515    30.7541    11.0431     38.435    6.34375    11.0286    23.4646   11.49608 1.4274e+00 0.0000e+00
        454 244.561299    0.03146     1.8875    113.250     39.047  48287.944    30.7559    11.0383     38.678    6.34433    11.0233    23.4668   11.49701 1.3882e+00 0.0000e+00
        455 244.561302    0.03153     1.8917    113.500     39.297  48292.160    30.7582    11.0332     38.927    6.34493    11.0181    23.4695   11.49799 1.3494e+00 0.0000e+00
        456 244.561305    0.03160     1.8958    113.750     39.553  48296.929    30.7608    11.0279     39.180    6.34554    11.0133    23.4725   11.49897 1.3114e+00 0.0000e+00
        457 244.561308    0.03167     1.9000    114.000     39.812  48301.882    30.7637    11.0228     39.437    6.34613    11.0088    23.4756   11.49991 1.2742e+00 0.0000e+00
        458 244.561311    0.03174     1.9042    114.250     40.075  48306.631    30.7664    11.0180     39.697    6.34667    11.0044    23.4785   11.50078 1.2379e+00 0.0000e+00
        459 244.561314    0.03181     1.9083    114.500     40.340  48310.957    30.7688    11.0135     39.959    6.34719    11.0000    23.4812   11.50160 1.2025e+00 0.0000e+00
        460 244.561317    0.03188     1.9125    114.750     40.607  48314.971    30.7711    11.0092     40.224    6.34769    10.9955    23.4837   11.50241 1.1679e+00 0.0000e+00
        461 244.561319    0.03194     1.9167    115.000     40.877  48318.915    30.7733    11.0048     40.491    6.34819    10.9908    23.4862   11.50322 1.1343e+00 0.0000e+00
        462 244.561322    0.03201     1.9208    115.250     41.146  48322.942    30.7755    11.0003     40.758    6.34872    10.9857    23.4887   11.50406 1.1019e+00 0.0000e+00
        463 244.561325    0.03208     1.9250    115.500     41.414  48327.240    30.7779    10.9956     41.022    6.34927    10.9801    23.4914   11.50494 1.0708e+00 0.0000e+00
        464 244.561328    0.03215     1.9292    115.750     41.676  48332.103    30.7807    10.9905     41.282    6.34985    10.9740    23.4945   11.50588 1.0410e+00 0.0000e+00
        465 244.561331    0.03222     1.9333    116.000     41.932  48337.659    30.7839    10.9849     41.536    6.35048    10.9674    23.4979   11.50688 1.0127e+00 0.0000e+00
        466 244.561334    0.03229     1.9375    116.250     42.182  48343.968    30.7876    10.9789     41.783    6.35116    10.9603    23.5018   11.50796 9.8580e-01 0.0000e+00
        467 244.561337    0.03236     1.9417    116.500     42.425  48351.126    30.7918    10.9723     42.024    6.35189    10.9532    23.5062   11.50913 9.6003e-01 0.0000e+00
        468 244.561340    0.03243     1.9458    116.750     42.664  48359.063    30.7965    10.9652     42.260    6.35266    10.9465    23.5111   11.51035 9.3528e-01 0.0000e+00
        469 244.561343    0.03250     1.9500    117.000     42.899  48367.497    30.8016    10.9581     42.493    6.35343    10.9404    23.5163   11.51156 9.1132e-01 0.0000e+00
        470 244.561345    0.03257     1.9542    117.250     43.132  48375.892    30.8067    10.9514     42.725    6.35414    10.9351    23.5214   11.51268 8.8791e-01 0.0000e+00
        471 244.561348    0.03264     1.9583    117.500     43.365  48383.744    30.8114    10.9454     42.955    6.35477    10.9301    23.5262   11.51367 8.6499e-01 0.0000e+00
        472 244.561351    0.03271     1.9625    117.750     43.599  48390.996    30.8159    10.9401     43.187    6.35532    10.9252    23.5305   11.51453 8.4255e-01 0.0000e+00
        473 244.561354    0.03278     1.9667    118.000     43.835  48397.841    30.8201    10.9351     43.421    6.35583    10.9199    23.5346   11.51532 8.2048e-01 0.0000e+00
        474 244.561357    0.03285     1.9708    118.250     44.076  48404.395    30.8240    10.9302     43.659    6.35634    10.9141    23.5386   11.51612 7.9866e-01 0.0000e+00
        475 244.561360    0.03292     1.9750    118.500     44.321  48410.841    30.8279    10.9250     43.901    6.35690    10.9076    23.5425   11.51701 7.7716e-01 0.0000e+00
        476 244.561363    0.03299     1.9792    118.750     44.570  48417.543    30.8319    10.9192     44.148    6.35753    10.9006    23.5466   11.51801 7.5609e-01 0.0000e+00
        477 244.561366    0.03306     1.9833    119.000     44.822  48424.887    30.8362    10.9127     44.398    6.35824    10.8936    23.5511   11.51914 7.3549e-01 0.0000e+00
        478 244.561369    0.03313     1.9875    119.250     45.079  48432.992    30.8411    10.9058     44.653    6.35900    10.8870    23.5561   11.52034 7.1532e-01 0.0000e+00
        479 244.561372    0.03319     1.9917    119.500     45.339  48441.476    30.8462    10.8988     44.911    6.35974    10.8809    23.5612   11.52151 6.9561e-01 0.0000e+00
        480 244.561374    0.03326     1.9958    119.750     45.602  48449.632    30.8511    10.8923     45.171    6.36044    10.8750    23.5662   11.52261 6.7640e-01 0.0000e+00
        481 244.561377    0.03333     2.0000    120.000     45.865  48456.873    30.8555    10.8862     45.431    6.36111    10.8691    23.5706   11.52366 6.5775e-01 0.0000e+00
        482 244.561380    0.03340     2.0042    120.250     46.128  48463.040    30.8591    10.8803     45.691    6.36176    10.8627    23.5744   11.52471 6.3970e-01 0.0000e+00
        483 244.561383    0.03347     2.0083    120.500     46.388  48468.339    30.8620    10.8745     45.949    6.36245    10.8552    23.5777   11.52580 6.2239e-01 0.0000e+00
        484 244.561386    0.03354     2.0125    120.750     46.643  48473.125    30.8646    10.8681     46.202    6.36321    10.8455    23.5808   11.52705 6.0591e-01 0.0000e+00
        485 244.561389    0.03361     2.0167    121.000     46.893  48477.773    30.8669    10.8606     46.450    6.36415    10.8325    23.5839   11.52857 5.9026e-01 0.0000e+00
        486 244.561392    0.03368     2.0208    121.250     47.137  48482.973    30.8694    10.8510     46.691    6.36537    10.8152    23.5875   11.53057 5.7547e-01 0.0000e+00
        487 244.561395    0.03375     2.0250    121.500     47.376  48490.420    30.8730    10.8380     46.928    6.36701    10.7938    23.5926   11.53324 5.6150e-01 0.0000e+00
        488 244.561398    0.03382     2.0292    121.750     47.612  48502.825    30.8797    10.8207     47.161    6.36912    10.7707    23.6008   11.53666 5.4820e-01 0.0000e+00
        489 244.561400    0.03389     2.0333    122.000     47.845  48521.401    30.8903    10.7993     47.392    6.37163    10.7479    23.6126   11.54069 5.3534e-01 0.0000e+00
        490 244.561403    0.03396     2.0375    122.250     48.078  48543.662    30.9033    10.7762     47.623    6.37428    10.7265    23.6267   11.54494 5.2274e-01 0.0000e+00
        491 244.561406    0.03403     2.0417    122.500     48.313  48566.254    30.9165    10.7535     47.856    6.37688    10.7062    23.6409   11.54908 5.1027e-01 0.0000e+00
        492 244.561409    0.03410     2.0458    122.750     48.553  48587.717    30.9291    10.7321     48.094    6.37932    10.6861    23.6543   11.55298 4.9789e-01 0.0000e+00
        493 244.561412    0.03417     2.0500    123.000     48.801  48607.492    30.9407    10.7118     48.339    6.38164    10.6646    23.6667   11.55669 4.8554e-01 0.0000e+00
        494 244.561415    0.03424     2.0542    123.250     49.056  48625.966    30.9513    10.6917     48.591    6.38398    10.6405    23.6784   11.56045 4.7318e-01 0.0000e+00
        495 244.561418    0.03431     2.0583    123.500     49.318  48644.935    30.9621    10.6703     48.851    6.38651    10.6136    23.6904   11.56451 4.6091e-01 0.0000e+00
        496 244.561421    0.03438     2.0625    123.750     49.585  48666.597    30.9744    10.6462     49.115    6.38933    10.5852    23.7041   11.56904 4.4885e-01 0.0000e+00
        497 244.561424    0.03444     2.0667    124.000     49.853  48692.099    30.9892    10.6194     49.381    6.39245    10.5569    23.7202   11.57403 4.3712e-01 0.0000e+00
        498 244.561427    0.03451     2.0708    124.250     50.122  48720.421    31.0057    10.5910     49.648    6.39570    10.5297    23.7379   11.57923 4.2580e-01 0.0000e+00
        499 244.561429    0.03458     2.0750    124.500     50.390  48749.660    31.0229    10.5626     49.913    6.39893    10.5042    23.7560   11.58437 4.1495e-01 0.0000e+00
        500 244.561432    0.03465     2.0792    124.750     50.655  48778.627    31.0401    10.5354     50.176    6.40200    10.4810    23.7739   11.58926 4.0462e-01 0.0000e+00
        501 244.561435    0.03472     2.0833    125.000     50.916  48806.523    31.0567    10.5100     50.434    6.40485    10.4604    23.7911   11.59378 3.9483e-01 0.0000e+00
        502 244.561438    0.03479     2.0875    125.250     51.172  48832.917    31.0724    10.4868     50.687    6.40744    10.4429    23.8073   11.59787 3.8558e-01 0.0000e+00
        503 244.561441    0.03486     2.0917    125.500     51.420  48857.504    31.0872    10.4662     50.933    6.40970    10.4289    23.8223   11.60145 3.7683e-01 0.0000e+00
        504 244.561444    0.03493     2.0958    125.750     51.662  48879.433    31.1005    10.4487     51.172    6.41158    10.4180    23.8356   11.60441 3.6853e-01 0.0000e+00
        505 244.561447    0.03500     2.1000    126.000     51.898  48898.056    31.1119    10.4348     51.406    6.41306    10.4093    23.8468   11.60672 3.6068e-01 0.0000e+00
        506 244.561450    0.03507     2.1042    126.250     52.129  48914.121    31.1218    10.4238     51.635    6.41417    10.4025    23.8564   11.60845 3.5317e-01 0.0000e+00
        507 244.561453    0.03514     2.1083    126.500     52.357  48928.506    31.1309    10.4152     51.862    6.41500    10.3975    23.8649   11.60972 3.4596e-01 0.0000e+00
        508 244.561455    0.03521     2.1125    126.750     52.584  48940.600    31.1385    10.4085     52.086    6.41563    10.3937    23.8719   11.61067 3.3906e-01 0.0000e+00
        509 244.561458    0.03528     2.1167    127.000     52.810  48949.882    31.1444    10.4034     52.309    6.41609    10.3907    23.8774   11.61137 3.3238e-01 0.0000e+00
        510 244.561461    0.03535     2.1208    127.250     53.038  48956.787    31.1487    10.3996     52.535    6.41644    10.3883    23.8814   11.61190 3.2584e-01 0.0000e+00
        511 244.561464    0.03542     2.1250    127.500     53.271  48961.876    31.1518    10.3967     52.766    6.41671    10.3858    23.8843   11.61231 3.1940e-01 0.0000e+00
        512 244.561467    0.03549     2.1292    127.750     53.511  48965.611    31.1541    10.3943     53.003    6.41696    10.3826    23.8865   11.61269 3.1300e-01 0.0000e+00
        513 244.561470    0.03556     2.1333    128.000     53.761  48968.244    31.1555    10.3919     53.251    6.41724    10.3778    23.8880   11.61314 3.0655e-01 0.0000e+00
        514 244.561473    0.03562     2.1375    128.250     54.021  48969.754    31.1561    10.3887     53.509    6.41766    10.3703    23.8890   11.61382 3.0002e-01 0.0000e+00
        515 244.561476    0.03569     2.1417    128.500     54.291  48970.446    31.1559    10.3839     53.776    6.41834    10.3596    23.8896   11.61495 2.9349e-01 0.0000e+00
        516 244.561479    0.03576     2.1458    128.750     54.567  48971.421    31.1556    10.3764     54.050    6.41939    10.3457    23.8906   11.61671 2.8708e-01 0.0000e+00
        517 244.561481    0.03583     2.1500    129.000     54.847  48973.686    31.1558    10.3658     54.327    6.42088    10.3290    23.8925   11.61916 2.8084e-01 0.0000e+00
        518 244.561484    0.03590     2.1542    129.250     55.128  48978.338    31.1573    10.3519     54.605    6.42275    10.3105    23.8960   11.62225 2.7479e-01 0.0000e+00
        519 244.561487    0.03597     2.1583    129.500     55.407  48987.137    31.1613    10.3352     54.882    6.42492    10.2917    23.9019   11.62579 2.6893e-01 0.0000e+00
        520 244.561490    0.03604     2.1625    129.750     55.684  49000.823    31.1686    10.3167     55.156    6.42720    10.2740    23.9107   11.62949 2.6331e-01 0.0000e+00
        521 244.561493    0.03611     2.1667    130.000     55.956  49017.953    31.1783    10.2980     55.425    6.42943    10.2583    23.9213   11.63307 2.5796e-01 0.0000e+00
        522 244.561496    0.03618     2.1708    130.250     56.221  49035.976    31.1887    10.2803     55.688    6.43147    10.2449    23.9324   11.63633 2.5289e-01 0.0000e+00
        523 244.561499    0.03625     2.1750    130.500     56.479  49052.760    31.1985    10.2645     55.943    6.43327    10.2339    23.9427   11.63919 2.4810e-01 0.0000e+00
        524 244.561502    0.03632     2.1792    130.750     56.729  49067.077    31.2069    10.2512     56.190    6.43480    10.2249    23.9514   11.64162 2.4360e-01 0.0000e+00
        525 244.561505    0.03639     2.1833    131.000     56.971  49078.605    31.2136    10.2402     56.431    6.43606    10.2173    23.9585   11.64363 2.3934e-01 0.0000e+00
        526 244.561508    0.03646     2.1875    131.250     57.209  49087.636    31.2187    10.2312     56.667    6.43711    10.2102    23.9640   11.64531 2.3523e-01 0.0000e+00
        527 244.561510    0.03653     2.1917    131.500     57.445  49094.601    31.2226    10.2236     56.900    6.43802    10.2030    23.9683   11.64676 2.3124e-01 0.0000e+00
        528 244.561513    0.03660     2.1958    131.750     57.679  49100.400    31.2258    10.2166     57.132    6.43887    10.1954    23.9719   11.64814 2.2734e-01 0.0000e+00
        529 244.561516    0.03667     2.2000    132.000     57.914  49106.526    31.2291    10.2094     57.365    6.43975    10.1880    23.9757   11.64955 2.2347e-01 0.0000e+00
        530 244.561519    0.03674     2.2042    132.250     58.152  49113.807    31.2332    10.2018     57.601    6.44064    10.1815    23.9801   11.65098 2.1964e-01 0.0000e+00
        531 244.561522    0.03681     2.2083    132.500     58.394  49121.621    31.2377    10.1945     57.840    6.44149    10.1760    23.9848   11.65233 2.1584e-01 0.0000e+00
        532 244.561525    0.03687     2.2125    132.750     58.642  49128.708    31.2418    10.1880     58.085    6.44223    10.1711    23.9891   11.65351 2.1206e-01 0.0000e+00
        533 244.561528    0.03694     2.2167    133.000     58.893  49134.209    31.2449    10.1825     58.335    6.44287    10.1661    23.9924   11.65454 2.0831e-01 0.0000e+00
        534 244.561531    0.03701     2.2208    133.250     59.148  49138.153    31.2469    10.1776     58.587    6.44347    10.1607    23.9949   11.65552 2.0462e-01 0.0000e+00
        535 244.561534    0.03708     2.2250    133.500     59.405  49141.147    31.2483    10.1727     58.841    6.44410    10.1544    23.9967   11.65654 2.0101e-01 0.0000e+00
        536 244.561536    0.03715     2.2292    133.750     59.663  49144.139    31.2497    10.1673     59.097    6.44481    10.1476    23.9987   11.65770 1.9751e-01 0.0000e+00
        537 244.561539    0.03722     2.2333    134.000     59.921  49148.275    31.2517    10.1610     59.352    6.44561    10.1409    24.0013   11.65900 1.9413e-01 0.0000e+00
        538 244.561542    0.03729     2.2375    134.250     60.176  49154.155    31.2549    10.1542     59.605    6.44644    10.1349    24.0049   11.66033 1.9093e-01 0.0000e+00
        539 244.561545    0.03736     2.2417    134.500     60.429  49161.177    31.2589    10.1475     59.855    6.44721    10.1299    24.0091   11.66156 1.8792e-01 0.0000e+00
        540 244.561548    0.03743     2.2458    134.750     60.677  49167.878    31.2628    10.1416     60.101    6.44788    10.1252    24.0132   11.66263 1.8504e-01 0.0000e+00
        541 244.561551    0.03750     2.2500    135.000     60.921  49173.075    31.2657    10.1366     60.342    6.44847    10.1200    24.0163   11.66357 1.8227e-01 0.0000e+00
        542 244.561554    0.03757     2.2542    135.250     61.160  49176.401    31.2674    10.1320     60.579    6.44905    10.1131    24.0183   11.66452 1.7962e-01 0.0000e+00
