CTD-processing/allCTD/CNV--turbid/2016_12-13_t4_s06_cast182.cnv
* Sea-Bird SBE19plus Data File:
* FileName = P:\My Documents\kasitsna\Research-KBL\Oceanography-AK\CTD-Data-ALL-to-2016-05\2016-CTD-KachemakBay-CookInlet\2016-12-CookInlet-quarterly\2016-12-13-CookInlet-Tran4-Barabara\2016-12-13-CookInlet-Tran4-cast182.hex
* Software Version 1.59
* Temperature SN =  5028
* Conductivity SN =  5028
* System UpLoad Time = Dec 13 2016 15:41:28
** Cook Inlet LTM Tran 4 south to north
** Date: (YYYY-MM-DD): 2016-12-13
** Station: (eg. 9-01): 4-06
** Start time (AKST): 14:10
** Depth (m): 69.2
** Comment: R/V Alaska Dream Catcher. CTD on AKDT (1 hr ahead).
** Comment:
# nquan = 16
# nvalues = 679                         
# units = specified
# name 0 = scan: Scan Count
# name 1 = timeJ: Julian Days
# name 2 = timeH: Time, Elapsed [hours]
# name 3 = timeM: Time, Elapsed [minutes]
# name 4 = timeS: Time, Elapsed [seconds]
# name 5 = prdM: Pressure, Strain Gauge [db]
# name 6 = specc: Specific Conductance [uS/cm]
# name 7 = sal00: Salinity, Practical [PSU]
# name 8 = tv290C: Temperature [ITS-90, deg C]
# name 9 = depSM: Depth [salt water, m], lat = 59.00
# name 10 = oxsolML/L: Oxygen Saturation, Garcia & Gordon [ml/l]
# name 11 = potemp090C: Potential Temperature [ITS-90, deg C]
# name 12 = sigma-é00: Density [sigma-theta, kg/m^3]
# name 13 = n2satML/L: Nitrogen Saturation [ml/l]
# name 14 = par: PAR/Irradiance, Biospherical/Licor
# name 15 = flag:  0.000e+00
# span 0 =          1,        679       
# span 1 = 348.632569, 348.634531       
# span 2 =    0.00000,    0.04708       
# span 3 =     0.0000,     2.8250       
# span 4 =      0.000,    169.500       
# span 5 =      0.084,     67.273       
# span 6 =    732.153,  50336.001       
# span 7 =     0.3451,    31.5655       
# span 8 =     4.2702,     6.9189       
# span 9 =      0.083,     66.633       
# span 10 =    6.91910,    9.08518      
# span 11 =     4.2702,     6.9188      
# span 12 =     0.2521,    24.7651      
# span 13 =   12.43892,   16.49980      
# span 14 = 3.8563e-02, 3.4270e+01      
# span 15 = 0.0000e+00, 0.0000e+00      
# interval = seconds: 0.25
# start_time = Dec 13 2016 15:10:54 [Instrument's time stamp, header]
# bad_flag = -9.990e-29
*END*
[from data line 452]
        453 348.633877    0.03139     1.8833    113.000     28.364  50263.523    31.5590     6.9041     28.097    6.92093     6.9013    24.7220   12.44182 4.2943e-01 0.0000e+00
        454 348.633880    0.03146     1.8875    113.250     28.540  50263.907    31.5591     6.9039     28.271    6.92096     6.9012    24.7221   12.44186 4.1982e-01 0.0000e+00
        455 348.633883    0.03153     1.8917    113.500     28.715  50264.200    31.5592     6.9037     28.444    6.92097     6.9012    24.7222   12.44188 4.1060e-01 0.0000e+00
        456 348.633886    0.03160     1.8958    113.750     28.886  50264.387    31.5593     6.9037     28.614    6.92098     6.9011    24.7223   12.44189 4.0179e-01 0.0000e+00
        457 348.633889    0.03167     1.9000    114.000     29.055  50264.510    31.5593     6.9037     28.781    6.92098     6.9011    24.7223   12.44190 3.9334e-01 0.0000e+00
        458 348.633892    0.03174     1.9042    114.250     29.221  50264.647    31.5593     6.9037     28.945    6.92099     6.9010    24.7223   12.44190 3.8521e-01 0.0000e+00
        459 348.633895    0.03181     1.9083    114.500     29.385  50264.808    31.5593     6.9036     29.108    6.92099     6.9010    24.7224   12.44191 3.7726e-01 0.0000e+00
        460 348.633898    0.03188     1.9125    114.750     29.551  50264.950    31.5593     6.9036     29.273    6.92099     6.9010    24.7224   12.44191 3.6930e-01 0.0000e+00
        461 348.633900    0.03194     1.9167    115.000     29.722  50265.114    31.5593     6.9036     29.442    6.92099     6.9010    24.7224   12.44191 3.6107e-01 0.0000e+00
        462 348.633903    0.03201     1.9208    115.250     29.900  50265.322    31.5594     6.9036     29.619    6.92099     6.9011    24.7224   12.44190 3.5248e-01 0.0000e+00
        463 348.633906    0.03208     1.9250    115.500     30.089  50265.517    31.5594     6.9037     29.806    6.92098     6.9011    24.7225   12.44189 3.4357e-01 0.0000e+00
        464 348.633909    0.03215     1.9292    115.750     30.288  50265.638    31.5594     6.9037     30.003    6.92098     6.9010    24.7225   12.44188 3.3447e-01 0.0000e+00
        465 348.633912    0.03222     1.9333    116.000     30.496  50265.676    31.5594     6.9037     30.209    6.92097     6.9010    24.7225   12.44187 3.2532e-01 0.0000e+00
        466 348.633915    0.03229     1.9375    116.250     30.708  50265.710    31.5593     6.9037     30.418    6.92098     6.9009    24.7224   12.44188 3.1638e-01 0.0000e+00
        467 348.633918    0.03236     1.9417    116.500     30.919  50265.801    31.5593     6.9037     30.628    6.92098     6.9009    24.7224   12.44190 3.0785e-01 0.0000e+00
        468 348.633921    0.03243     1.9458    116.750     31.126  50265.952    31.5593     6.9036     30.833    6.92099     6.9009    24.7224   12.44191 2.9987e-01 0.0000e+00
        469 348.633924    0.03250     1.9500    117.000     31.324  50266.157    31.5593     6.9036     31.029    6.92099     6.9009    24.7224   12.44191 2.9247e-01 0.0000e+00
        470 348.633927    0.03257     1.9542    117.250     31.510  50266.386    31.5594     6.9036     31.213    6.92099     6.9010    24.7225   12.44190 2.8571e-01 0.0000e+00
        471 348.633929    0.03264     1.9583    117.500     31.685  50266.568    31.5595     6.9036     31.386    6.92098     6.9011    24.7225   12.44188 2.7957e-01 0.0000e+00
        472 348.633932    0.03271     1.9625    117.750     31.849  50266.665    31.5595     6.9037     31.549    6.92097     6.9011    24.7225   12.44187 2.7398e-01 0.0000e+00
        473 348.633935    0.03278     1.9667    118.000     32.005  50266.714    31.5594     6.9038     31.703    6.92096     6.9012    24.7225   12.44185 2.6881e-01 0.0000e+00
        474 348.633938    0.03285     1.9708    118.250     32.155  50266.763    31.5594     6.9039     31.852    6.92095     6.9012    24.7225   12.44183 2.6394e-01 0.0000e+00
        475 348.633941    0.03292     1.9750    118.500     32.303  50266.823    31.5594     6.9039     31.999    6.92094     6.9012    24.7225   12.44181 2.5917e-01 0.0000e+00
        476 348.633944    0.03299     1.9792    118.750     32.453  50266.876    31.5594     6.9040     32.147    6.92093     6.9011    24.7224   12.44180 2.5433e-01 0.0000e+00
        477 348.633947    0.03306     1.9833    119.000     32.609  50266.895    31.5593     6.9040     32.301    6.92093     6.9011    24.7224   12.44181 2.4937e-01 0.0000e+00
        478 348.633950    0.03313     1.9875    119.250     32.772  50266.917    31.5592     6.9040     32.463    6.92094     6.9010    24.7223   12.44182 2.4426e-01 0.0000e+00
        479 348.633953    0.03319     1.9917    119.500     32.943  50267.002    31.5592     6.9039     32.633    6.92094     6.9010    24.7223   12.44183 2.3901e-01 0.0000e+00
        480 348.633955    0.03326     1.9958    119.750     33.124  50267.088    31.5592     6.9039     32.812    6.92095     6.9009    24.7223   12.44184 2.3361e-01 0.0000e+00
        481 348.633958    0.03333     2.0000    120.000     33.314  50267.133    31.5591     6.9038     33.000    6.92096     6.9008    24.7222   12.44186 2.2810e-01 0.0000e+00
        482 348.633961    0.03340     2.0042    120.250     33.511  50267.174    31.5591     6.9038     33.195    6.92098     6.9006    24.7222   12.44188 2.2254e-01 0.0000e+00
        483 348.633964    0.03347     2.0083    120.500     33.713  50267.150    31.5589     6.9037     33.395    6.92100     6.9004    24.7221   12.44192 2.1699e-01 0.0000e+00
        484 348.633967    0.03354     2.0125    120.750     33.918  50267.024    31.5587     6.9035     33.598    6.92102     6.9002    24.7220   12.44197 2.1151e-01 0.0000e+00
        485 348.633970    0.03361     2.0167    121.000     34.124  50266.953    31.5585     6.9034     33.802    6.92106     6.8999    24.7219   12.44203 2.0616e-01 0.0000e+00
        486 348.633973    0.03368     2.0208    121.250     34.330  50267.055    31.5585     6.9031     34.006    6.92110     6.8997    24.7219   12.44210 2.0099e-01 0.0000e+00
        487 348.633976    0.03375     2.0250    121.500     34.534  50267.264    31.5585     6.9029     34.208    6.92114     6.8996    24.7219   12.44216 1.9600e-01 0.0000e+00
        488 348.633979    0.03382     2.0292    121.750     34.736  50267.527    31.5585     6.9027     34.408    6.92117     6.8995    24.7220   12.44221 1.9118e-01 0.0000e+00
        489 348.633981    0.03389     2.0333    122.000     34.935  50267.811    31.5586     6.9026     34.605    6.92118     6.8995    24.7220   12.44223 1.8653e-01 0.0000e+00
        490 348.633984    0.03396     2.0375    122.250     35.131  50268.077    31.5587     6.9025     34.799    6.92119     6.8995    24.7221   12.44224 1.8208e-01 0.0000e+00
        491 348.633987    0.03403     2.0417    122.500     35.322  50268.342    31.5588     6.9025     34.989    6.92119     6.8995    24.7222   12.44224 1.7785e-01 0.0000e+00
        492 348.633990    0.03410     2.0458    122.750     35.507  50268.604    31.5589     6.9026     35.172    6.92118     6.8996    24.7222   12.44222 1.7389e-01 0.0000e+00
        493 348.633993    0.03417     2.0500    123.000     35.685  50268.779    31.5589     6.9026     35.348    6.92117     6.8996    24.7223   12.44220 1.7022e-01 0.0000e+00
        494 348.633996    0.03424     2.0542    123.250     35.855  50268.840    31.5589     6.9027     35.516    6.92116     6.8996    24.7223   12.44219 1.6682e-01 0.0000e+00
        495 348.633999    0.03431     2.0583    123.500     36.017  50268.877    31.5589     6.9027     35.677    6.92115     6.8996    24.7222   12.44218 1.6363e-01 0.0000e+00
        496 348.634002    0.03438     2.0625    123.750     36.173  50268.971    31.5589     6.9027     35.831    6.92115     6.8996    24.7222   12.44217 1.6061e-01 0.0000e+00
        497 348.634005    0.03444     2.0667    124.000     36.326  50269.148    31.5589     6.9027     35.983    6.92114     6.8996    24.7223   12.44216 1.5763e-01 0.0000e+00
        498 348.634008    0.03451     2.0708    124.250     36.482  50269.376    31.5590     6.9028     36.138    6.92114     6.8997    24.7223   12.44215 1.5460e-01 0.0000e+00
        499 348.634010    0.03458     2.0750    124.500     36.644  50269.565    31.5591     6.9028     36.298    6.92113     6.8997    24.7224   12.44213 1.5152e-01 0.0000e+00
        500 348.634013    0.03465     2.0792    124.750     36.814  50269.678    31.5591     6.9029     36.467    6.92112     6.8998    24.7224   12.44212 1.4838e-01 0.0000e+00
        501 348.634016    0.03472     2.0833    125.000     36.992  50269.745    31.5590     6.9029     36.643    6.92111     6.8998    24.7223   12.44210 1.4521e-01 0.0000e+00
        502 348.634019    0.03479     2.0875    125.250     37.176  50269.785    31.5590     6.9030     36.826    6.92110     6.8998    24.7223   12.44210 1.4206e-01 0.0000e+00
        503 348.634022    0.03486     2.0917    125.500     37.365  50269.795    31.5589     6.9030     37.012    6.92110     6.8998    24.7222   12.44210 1.3897e-01 0.0000e+00
        504 348.634025    0.03493     2.0958    125.750     37.556  50269.778    31.5589     6.9030     37.201    6.92111     6.8997    24.7222   12.44210 1.3598e-01 0.0000e+00
        505 348.634028    0.03500     2.1000    126.000     37.746  50269.793    31.5588     6.9030     37.389    6.92111     6.8997    24.7221   12.44211 1.3310e-01 0.0000e+00
        506 348.634031    0.03507     2.1042    126.250     37.934  50269.897    31.5588     6.9030     37.576    6.92111     6.8997    24.7221   12.44211 1.3032e-01 0.0000e+00
        507 348.634034    0.03514     2.1083    126.500     38.122  50270.042    31.5588     6.9030     37.762    6.92111     6.8997    24.7221   12.44212 1.2763e-01 0.0000e+00
        508 348.634036    0.03521     2.1125    126.750     38.310  50270.179    31.5588     6.9029     37.948    6.92111     6.8997    24.7221   12.44212 1.2503e-01 0.0000e+00
        509 348.634039    0.03528     2.1167    127.000     38.498  50270.326    31.5588     6.9029     38.135    6.92111     6.8997    24.7222   12.44212 1.2251e-01 0.0000e+00
        510 348.634042    0.03535     2.1208    127.250     38.687  50270.464    31.5588     6.9030     38.321    6.92111     6.8997    24.7222   12.44211 1.2006e-01 0.0000e+00
        511 348.634045    0.03542     2.1250    127.500     38.876  50270.581    31.5588     6.9030     38.509    6.92110     6.8997    24.7222   12.44210 1.1765e-01 0.0000e+00
        512 348.634048    0.03549     2.1292    127.750     39.065  50270.694    31.5588     6.9031     38.697    6.92110     6.8997    24.7222   12.44209 1.1530e-01 0.0000e+00
        513 348.634051    0.03556     2.1333    128.000     39.255  50270.805    31.5588     6.9031     38.884    6.92109     6.8998    24.7222   12.44208 1.1301e-01 0.0000e+00
        514 348.634054    0.03562     2.1375    128.250     39.443  50270.904    31.5588     6.9032     39.070    6.92109     6.8998    24.7221   12.44207 1.1079e-01 0.0000e+00
        515 348.634057    0.03569     2.1417    128.500     39.629  50270.975    31.5588     6.9032     39.255    6.92108     6.8998    24.7221   12.44206 1.0866e-01 0.0000e+00
        516 348.634060    0.03576     2.1458    128.750     39.814  50271.023    31.5587     6.9032     39.439    6.92108     6.8998    24.7220   12.44206 1.0660e-01 0.0000e+00
        517 348.634063    0.03583     2.1500    129.000     39.997  50271.066    31.5587     6.9033     39.620    6.92107     6.8998    24.7220   12.44205 1.0462e-01 0.0000e+00
        518 348.634065    0.03590     2.1542    129.250     40.178  50271.142    31.5586     6.9033     39.798    6.92107     6.8998    24.7220   12.44205 1.0272e-01 0.0000e+00
        519 348.634068    0.03597     2.1583    129.500     40.356  50271.278    31.5586     6.9033     39.974    6.92107     6.8998    24.7220   12.44205 1.0090e-01 0.0000e+00
        520 348.634071    0.03604     2.1625    129.750     40.530  50271.450    31.5587     6.9033     40.148    6.92107     6.8998    24.7220   12.44204 9.9161e-02 0.0000e+00
        521 348.634074    0.03611     2.1667    130.000     40.702  50271.625    31.5587     6.9033     40.318    6.92107     6.8998    24.7221   12.44203 9.7505e-02 0.0000e+00
        522 348.634077    0.03618     2.1708    130.250     40.872  50271.797    31.5588     6.9033     40.486    6.92106     6.8998    24.7221   12.44202 9.5911e-02 0.0000e+00
        523 348.634080    0.03625     2.1750    130.500     41.040  50271.937    31.5588     6.9033     40.652    6.92106     6.8999    24.7221   12.44202 9.4366e-02 0.0000e+00
        524 348.634083    0.03632     2.1792    130.750     41.208  50272.004    31.5588     6.9034     40.818    6.92105     6.8999    24.7221   12.44201 9.2854e-02 0.0000e+00
        525 348.634086    0.03639     2.1833    131.000     41.376  50272.041    31.5587     6.9034     40.985    6.92105     6.8998    24.7221   12.44201 9.1365e-02 0.0000e+00
        526 348.634089    0.03646     2.1875    131.250     41.547  50272.114    31.5587     6.9034     41.154    6.92105     6.8998    24.7221   12.44201 8.9891e-02 0.0000e+00
        527 348.634091    0.03653     2.1917    131.500     41.722  50272.210    31.5587     6.9034     41.328    6.92105     6.8998    24.7221   12.44201 8.8421e-02 0.0000e+00
        528 348.634094    0.03660     2.1958    131.750     41.902  50272.309    31.5586     6.9034     41.506    6.92105     6.8998    24.7220   12.44201 8.6957e-02 0.0000e+00
        529 348.634097    0.03667     2.2000    132.000     42.088  50272.432    31.5586     6.9034     41.690    6.92105     6.8998    24.7220   12.44201 8.5497e-02 0.0000e+00
        530 348.634100    0.03674     2.2042    132.250     42.278  50272.570    31.5587     6.9034     41.878    6.92105     6.8998    24.7221   12.44201 8.4040e-02 0.0000e+00
        531 348.634103    0.03681     2.2083    132.500     42.472  50272.702    31.5587     6.9034     42.070    6.92104     6.8998    24.7221   12.44200 8.2608e-02 0.0000e+00
        532 348.634106    0.03687     2.2125    132.750     42.667  50272.815    31.5587     6.9034     42.264    6.92104     6.8997    24.7220   12.44200 8.1220e-02 0.0000e+00
        533 348.634109    0.03694     2.2167    133.000     42.863  50272.885    31.5586     6.9035     42.458    6.92105     6.8997    24.7220   12.44201 7.9881e-02 0.0000e+00
        534 348.634112    0.03701     2.2208    133.250     43.059  50272.946    31.5586     6.9035     42.652    6.92105     6.8996    24.7220   12.44201 7.8599e-02 0.0000e+00
        535 348.634115    0.03708     2.2250    133.500     43.251  50273.064    31.5586     6.9034     42.843    6.92105     6.8996    24.7220   12.44202 7.7375e-02 0.0000e+00
        536 348.634117    0.03715     2.2292    133.750     43.438  50273.259    31.5586     6.9034     43.028    6.92105     6.8995    24.7220   12.44202 7.6215e-02 0.0000e+00
        537 348.634120    0.03722     2.2333    134.000     43.617  50273.477    31.5587     6.9033     43.205    6.92106     6.8995    24.7221   12.44202 7.5132e-02 0.0000e+00
        538 348.634123    0.03729     2.2375    134.250     43.787  50273.648    31.5587     6.9033     43.373    6.92106     6.8995    24.7221   12.44203 7.4128e-02 0.0000e+00
        539 348.634126    0.03736     2.2417    134.500     43.951  50273.763    31.5587     6.9033     43.535    6.92106     6.8995    24.7221   12.44203 7.3193e-02 0.0000e+00
        540 348.634129    0.03743     2.2458    134.750     44.109  50273.860    31.5587     6.9033     43.691    6.92106     6.8996    24.7221   12.44202 7.2316e-02 0.0000e+00
        541 348.634132    0.03750     2.2500    135.000     44.264  50273.977    31.5587     6.9034     43.845    6.92105     6.8996    24.7221   12.44202 7.1477e-02 0.0000e+00
        542 348.634135    0.03757     2.2542    135.250     44.419  50274.118    31.5588     6.9034     43.999    6.92105     6.8997    24.7221   12.44200 7.0649e-02 0.0000e+00
