CTD-processing/allCTD/CNV--turbid/2016_02-15_t6_s23_cast118.cnv
* Sea-Bird SBE19plus Data File:
* FileName = C:\Users\Kris.Holderied\Documents\kasitsna\Research-KBL\Oceanography-AK\CTD-Data-ALL-to-2016-02\2016-CTD-KachemakBay-CookInlet\2016-02-CookInlet-quarterly\2016-02-15-CookInlet-Tran6-Douglas\2016-02-15-CookInlet-Tran6-cast118.hex
* Software Version 1.59
* Temperature SN =  5028
* Conductivity SN =  5028
* System UpLoad Time = Feb 15 2016 19:33:46
** Cook Inlet LTM Tran6 Douglas West to East

** Date: 02-15
** Station: 6-23
** Start time (AKST): 11:47
** Depth (m): 164
** Comment:  R/V Pandalus
** Comment:
# nquan = 16
# nvalues = 957                         
# units = specified
# name 0 = scan: Scan Count
# name 1 = timeJ: Julian Days
# name 2 = timeH: Time, Elapsed [hours]
# name 3 = timeM: Time, Elapsed [minutes]
# name 4 = timeS: Time, Elapsed [seconds]
# name 5 = prdM: Pressure, Strain Gauge [db]
# name 6 = specc: Specific Conductance [uS/cm]
# name 7 = sal00: Salinity, Practical [PSU]
# name 8 = tv290C: Temperature [ITS-90, deg C]
# name 9 = depSM: Depth [salt water, m], lat = 59.00
# name 10 = oxsolML/L: Oxygen Saturation, Garcia & Gordon [ml/l]
# name 11 = potemp090C: Potential Temperature [ITS-90, deg C]
# name 12 = sigma-é00: Density [sigma-theta, kg/m^3]
# name 13 = n2satML/L: Nitrogen Saturation [ml/l]
# name 14 = par: PAR/Irradiance, Biospherical/Licor
# name 15 = flag:  0.000e+00
# span 0 =          1,        957       
# span 1 =  46.491528,  46.494294       
# span 2 =    0.00000,    0.06639       
# span 3 =     0.0000,     3.9833       
# span 4 =      0.000,    239.000       
# span 5 =     -0.154,    163.523       
# span 6 =    263.007,  51149.016       
# span 7 =     0.1206,    32.0540       
# span 8 =     5.2214,     6.6246       
# span 9 =     -0.153,    161.930       
# span 10 =    6.94665,    8.87448      
# span 11 =     5.2214,     6.6121      
# span 12 =     0.0593,    25.1537      
# span 13 =   12.47889,   16.14978      
# span 14 = 3.7976e-02, 2.2817e+02      
# span 15 = 0.0000e+00, 0.0000e+00      
# interval = seconds: 0.25
# start_time = Feb 15 2016 11:47:48 [Instrument's time stamp, header]
# bad_flag = -9.990e-29
*END*
[from data line 814]
        815  46.493883    0.05653     3.3917    203.500    133.951  50961.890    31.9422     6.6144    132.656    6.94997     6.6030    25.0623   12.48501 3.7976e-02 0.0000e+00
        816  46.493886    0.05660     3.3958    203.750    134.150  50962.328    31.9424     6.6145    132.853    6.94995     6.6031    25.0625   12.48496 3.7976e-02 0.0000e+00
        817  46.493889    0.05667     3.4000    204.000    134.357  50962.758    31.9426     6.6146    133.058    6.94992     6.6032    25.0626   12.48492 3.7976e-02 0.0000e+00
        818  46.493892    0.05674     3.4042    204.250    134.572  50963.202    31.9429     6.6146    133.270    6.94990     6.6033    25.0628   12.48488 3.7976e-02 0.0000e+00
        819  46.493895    0.05681     3.4083    204.500    134.794  50963.689    31.9431     6.6147    133.490    6.94987     6.6034    25.0630   12.48483 3.7976e-02 0.0000e+00
        820  46.493898    0.05688     3.4125    204.750    135.023  50964.254    31.9434     6.6148    133.717    6.94984     6.6035    25.0632   12.48477 3.7976e-02 0.0000e+00
        821  46.493900    0.05694     3.4167    205.000    135.259  50964.927    31.9438     6.6150    133.951    6.94980     6.6037    25.0635   12.48470 3.7976e-02 0.0000e+00
        822  46.493903    0.05701     3.4208    205.250    135.500  50965.676    31.9442     6.6151    134.190    6.94975     6.6038    25.0639   12.48462 3.7976e-02 0.0000e+00
        823  46.493906    0.05708     3.4250    205.500    135.746  50966.478    31.9447     6.6153    134.434    6.94971     6.6040    25.0642   12.48454 3.7976e-02 0.0000e+00
        824  46.493909    0.05715     3.4292    205.750    135.996  50967.363    31.9452     6.6154    134.681    6.94966     6.6042    25.0646   12.48445 3.7976e-02 0.0000e+00
        825  46.493912    0.05722     3.4333    206.000    136.249  50968.417    31.9459     6.6156    134.931    6.94960     6.6045    25.0651   12.48434 3.7976e-02 0.0000e+00
        826  46.493915    0.05729     3.4375    206.250    136.505  50969.687    31.9467     6.6159    135.185    6.94952     6.6048    25.0657   12.48421 3.7976e-02 0.0000e+00
        827  46.493918    0.05736     3.4417    206.500    136.763  50971.179    31.9476     6.6161    135.439    6.94943     6.6052    25.0664   12.48405 3.7976e-02 0.0000e+00
        828  46.493921    0.05743     3.4458    206.750    137.019  50972.920    31.9488     6.6165    135.693    6.94932     6.6056    25.0673   12.48386 3.7976e-02 0.0000e+00
        829  46.493924    0.05750     3.4500    207.000    137.273  50974.907    31.9501     6.6169    135.945    6.94920     6.6060    25.0683   12.48364 3.7976e-02 0.0000e+00
        830  46.493927    0.05757     3.4542    207.250    137.524  50977.102    31.9516     6.6173    136.193    6.94906     6.6065    25.0694   12.48339 3.7976e-02 0.0000e+00
        831  46.493929    0.05764     3.4583    207.500    137.771  50979.327    31.9532     6.6178    136.438    6.94891     6.6070    25.0706   12.48312 3.7976e-02 0.0000e+00
        832  46.493932    0.05771     3.4625    207.750    138.015  50981.334    31.9545     6.6183    136.679    6.94877     6.6074    25.0716   12.48286 3.7976e-02 0.0000e+00
        833  46.493935    0.05778     3.4667    208.000    138.254  50982.911    31.9556     6.6188    136.916    6.94864     6.6078    25.0724   12.48263 3.7976e-02 0.0000e+00
        834  46.493938    0.05785     3.4708    208.250    138.488  50983.952    31.9563     6.6193    137.147    6.94853     6.6081    25.0729   12.48244 3.7976e-02 0.0000e+00
        835  46.493941    0.05792     3.4750    208.500    138.716  50984.592    31.9567     6.6197    137.374    6.94844     6.6084    25.0732   12.48230 3.7976e-02 0.0000e+00
        836  46.493944    0.05799     3.4792    208.750    138.938  50985.018    31.9570     6.6201    137.593    6.94838     6.6085    25.0733   12.48219 3.7976e-02 0.0000e+00
        837  46.493947    0.05806     3.4833    209.000    139.154  50985.318    31.9571     6.6203    137.806    6.94833     6.6086    25.0734   12.48211 3.7976e-02 0.0000e+00
        838  46.493950    0.05813     3.4875    209.250    139.363  50985.583    31.9572     6.6205    138.013    6.94830     6.6087    25.0735   12.48205 3.7976e-02 0.0000e+00
        839  46.493953    0.05819     3.4917    209.500    139.567  50985.914    31.9574     6.6206    138.216    6.94827     6.6088    25.0736   12.48200 3.7976e-02 0.0000e+00
        840  46.493955    0.05826     3.4958    209.750    139.769  50986.338    31.9576     6.6207    138.416    6.94824     6.6088    25.0737   12.48196 3.7976e-02 0.0000e+00
        841  46.493958    0.05833     3.5000    210.000    139.968  50986.847    31.9579     6.6208    138.612    6.94822     6.6089    25.0739   12.48191 3.7976e-02 0.0000e+00
        842  46.493961    0.05840     3.5042    210.250    140.161  50987.462    31.9583     6.6208    138.804    6.94819     6.6090    25.0742   12.48186 3.7976e-02 0.0000e+00
        843  46.493964    0.05847     3.5083    210.500    140.349  50988.193    31.9587     6.6209    138.989    6.94815     6.6091    25.0745   12.48179 3.7976e-02 0.0000e+00
        844  46.493967    0.05854     3.5125    210.750    140.530  50989.053    31.9592     6.6210    139.168    6.94811     6.6093    25.0749   12.48171 3.7976e-02 0.0000e+00
        845  46.493970    0.05861     3.5167    211.000    140.705  50990.047    31.9599     6.6212    139.342    6.94806     6.6094    25.0754   12.48162 3.7976e-02 0.0000e+00
        846  46.493973    0.05868     3.5208    211.250    140.875  50991.174    31.9606     6.6213    139.510    6.94800     6.6096    25.0760   12.48152 3.7976e-02 0.0000e+00
        847  46.493976    0.05875     3.5250    211.500    141.042  50992.510    31.9615     6.6215    139.676    6.94793     6.6098    25.0767   12.48140 3.7976e-02 0.0000e+00
        848  46.493979    0.05882     3.5292    211.750    141.208  50994.209    31.9626     6.6217    139.840    6.94785     6.6101    25.0775   12.48125 3.7976e-02 0.0000e+00
        849  46.493981    0.05889     3.5333    212.000    141.373  50996.207    31.9640     6.6219    140.004    6.94775     6.6103    25.0786   12.48106 3.7976e-02 0.0000e+00
        850  46.493984    0.05896     3.5375    212.250    141.539  50998.113    31.9653     6.6222    140.167    6.94765     6.6106    25.0796   12.48088 3.7976e-02 0.0000e+00
        851  46.493987    0.05903     3.5417    212.500    141.706  50999.606    31.9663     6.6224    140.333    6.94756     6.6108    25.0803   12.48072 3.7976e-02 0.0000e+00
        852  46.493990    0.05910     3.5458    212.750    141.878  51000.660    31.9670     6.6227    140.503    6.94749     6.6110    25.0809   12.48059 3.7976e-02 0.0000e+00
        853  46.493993    0.05917     3.5500    213.000    142.057  51001.447    31.9675     6.6229    140.681    6.94743     6.6111    25.0812   12.48048 3.7976e-02 0.0000e+00
        854  46.493996    0.05924     3.5542    213.250    142.249  51002.233    31.9680     6.6231    140.871    6.94737     6.6112    25.0816   12.48039 3.7976e-02 0.0000e+00
        855  46.493999    0.05931     3.5583    213.500    142.456  51003.218    31.9686     6.6233    141.075    6.94732     6.6114    25.0821   12.48029 3.7976e-02 0.0000e+00
        856  46.494002    0.05937     3.5625    213.750    142.679  51004.497    31.9694     6.6234    141.297    6.94726     6.6115    25.0827   12.48018 3.7976e-02 0.0000e+00
        857  46.494005    0.05944     3.5667    214.000    142.921  51005.989    31.9703     6.6236    141.536    6.94719     6.6116    25.0834   12.48006 3.7976e-02 0.0000e+00
        858  46.494008    0.05951     3.5708    214.250    143.181  51007.401    31.9712     6.6238    141.793    6.94712     6.6117    25.0841   12.47994 3.7976e-02 0.0000e+00
        859  46.494010    0.05958     3.5750    214.500    143.457  51008.533    31.9719     6.6239    142.066    6.94707     6.6119    25.0846   12.47983 3.7976e-02 0.0000e+00
        860  46.494013    0.05965     3.5792    214.750    143.743  51009.402    31.9724     6.6241    142.350    6.94702     6.6120    25.0850   12.47975 3.7976e-02 0.0000e+00
        861  46.494016    0.05972     3.5833    215.000    144.036  51010.042    31.9727     6.6242    142.640    6.94698     6.6120    25.0853   12.47968 3.7976e-02 0.0000e+00
        862  46.494019    0.05979     3.5875    215.250    144.328  51010.503    31.9729     6.6243    142.929    6.94695     6.6121    25.0854   12.47963 3.7976e-02 0.0000e+00
        863  46.494022    0.05986     3.5917    215.500    144.615  51010.895    31.9731     6.6244    143.213    6.94693     6.6121    25.0855   12.47959 3.7976e-02 0.0000e+00
        864  46.494025    0.05993     3.5958    215.750    144.891  51011.268    31.9732     6.6245    143.486    6.94691     6.6121    25.0856   12.47956 3.7976e-02 0.0000e+00
        865  46.494028    0.06000     3.6000    216.000    145.151  51011.615    31.9734     6.6245    143.744    6.94690     6.6121    25.0857   12.47954 3.7976e-02 0.0000e+00
        866  46.494031    0.06007     3.6042    216.250    145.393  51011.979    31.9735     6.6246    143.983    6.94689     6.6121    25.0858   12.47952 3.7976e-02 0.0000e+00
        867  46.494034    0.06014     3.6083    216.500    145.614  51012.431    31.9737     6.6246    144.202    6.94688     6.6120    25.0860   12.47950 3.7976e-02 0.0000e+00
        868  46.494036    0.06021     3.6125    216.750    145.819  51012.996    31.9740     6.6246    144.405    6.94687     6.6120    25.0862   12.47947 3.7976e-02 0.0000e+00
        869  46.494039    0.06028     3.6167    217.000    146.011  51013.640    31.9744     6.6246    144.594    6.94685     6.6120    25.0865   12.47945 3.7976e-02 0.0000e+00
        870  46.494042    0.06035     3.6208    217.250    146.193  51014.322    31.9747     6.6245    144.775    6.94684     6.6120    25.0868   12.47942 3.7976e-02 0.0000e+00
        871  46.494045    0.06042     3.6250    217.500    146.369  51015.023    31.9751     6.6245    144.950    6.94682     6.6119    25.0872   12.47939 3.7976e-02 0.0000e+00
        872  46.494048    0.06049     3.6292    217.750    146.542  51015.768    31.9756     6.6245    145.121    6.94681     6.6117    25.0875   12.47936 3.7976e-02 0.0000e+00
        873  46.494051    0.06056     3.6333    218.000    146.714  51016.583    31.9760     6.6244    145.291    6.94680     6.6116    25.0879   12.47934 3.7976e-02 0.0000e+00
        874  46.494054    0.06062     3.6375    218.250    146.883  51017.433    31.9765     6.6243    145.459    6.94680     6.6115    25.0883   12.47932 3.7976e-02 0.0000e+00
        875  46.494057    0.06069     3.6417    218.500    147.051  51018.235    31.9770     6.6242    145.624    6.94679     6.6114    25.0886   12.47931 3.7976e-02 0.0000e+00
        876  46.494060    0.06076     3.6458    218.750    147.217  51018.904    31.9774     6.6241    145.788    6.94679     6.6113    25.0889   12.47931 3.7976e-02 0.0000e+00
        877  46.494062    0.06083     3.6500    219.000    147.382  51019.481    31.9777     6.6240    145.951    6.94679     6.6112    25.0892   12.47930 3.7976e-02 0.0000e+00
        878  46.494065    0.06090     3.6542    219.250    147.549  51020.081    31.9780     6.6239    146.117    6.94679     6.6111    25.0895   12.47929 3.7976e-02 0.0000e+00
        879  46.494068    0.06097     3.6583    219.500    147.723  51020.777    31.9784     6.6238    146.289    6.94678     6.6109    25.0898   12.47928 3.7976e-02 0.0000e+00
        880  46.494071    0.06104     3.6625    219.750    147.906  51021.615    31.9789     6.6237    146.470    6.94678     6.6108    25.0902   12.47927 3.7976e-02 0.0000e+00
        881  46.494074    0.06111     3.6667    220.000    148.102  51022.687    31.9795     6.6236    146.664    6.94677     6.6105    25.0907   12.47924 3.7976e-02 0.0000e+00
        882  46.494077    0.06118     3.6708    220.250    148.313  51024.205    31.9804     6.6235    146.874    6.94675     6.6100    25.0914   12.47920 3.7976e-02 0.0000e+00
        883  46.494080    0.06125     3.6750    220.500    148.541  51026.539    31.9819     6.6232    147.099    6.94672     6.6092    25.0926   12.47915 3.7976e-02 0.0000e+00
        884  46.494083    0.06132     3.6792    220.750    148.783  51030.203    31.9842     6.6227    147.338    6.94669     6.6081    25.0945   12.47906 3.7976e-02 0.0000e+00
        885  46.494086    0.06139     3.6833    221.000    149.037  51035.476    31.9876     6.6220    147.590    6.94665     6.6067    25.0973   12.47896 3.7976e-02 0.0000e+00
        886  46.494089    0.06146     3.6875    221.250    149.300  51041.810    31.9917     6.6209    147.851    6.94665     6.6051    25.1007   12.47889 3.7976e-02 0.0000e+00
        887  46.494091    0.06153     3.6917    221.500    149.568  51048.208    31.9957     6.6195    148.117    6.94669     6.6037    25.1040   12.47891 3.7976e-02 0.0000e+00
        888  46.494094    0.06160     3.6958    221.750    149.838  51054.037    31.9994     6.6179    148.384    6.94677     6.6024    25.1071   12.47900 3.7976e-02 0.0000e+00
        889  46.494097    0.06167     3.7000    222.000    150.103  51059.038    32.0025     6.6165    148.646    6.94686     6.6014    25.1097   12.47911 3.7976e-02 0.0000e+00
        890  46.494100    0.06174     3.7042    222.250    150.358  51063.100    32.0049     6.6153    148.898    6.94695     6.6005    25.1118   12.47922 3.7976e-02 0.0000e+00
        891  46.494103    0.06181     3.7083    222.500    150.598  51066.242    32.0068     6.6142    149.136    6.94703     6.5999    25.1135   12.47933 3.7976e-02 0.0000e+00
        892  46.494106    0.06187     3.7125    222.750    150.820  51068.678    32.0083     6.6134    149.355    6.94709     6.5993    25.1147   12.47942 3.7976e-02 0.0000e+00
        893  46.494109    0.06194     3.7167    223.000    151.023  51070.843    32.0096     6.6128    149.556    6.94713     6.5988    25.1158   12.47947 3.7976e-02 0.0000e+00
        894  46.494112    0.06201     3.7208    223.250    151.211  51073.021    32.0109     6.6123    149.742    6.94716     6.5983    25.1169   12.47950 3.7976e-02 0.0000e+00
        895  46.494115    0.06208     3.7250    223.500    151.385  51074.966    32.0120     6.6118    149.914    6.94719     6.5979    25.1179   12.47953 3.7976e-02 0.0000e+00
        896  46.494117    0.06215     3.7292    223.750    151.549  51076.365    32.0128     6.6113    150.077    6.94723     6.5976    25.1186   12.47959 3.7976e-02 0.0000e+00
        897  46.494120    0.06222     3.7333    224.000    151.710  51077.368    32.0134     6.6109    150.236    6.94727     6.5974    25.1191   12.47965 3.7976e-02 0.0000e+00
        898  46.494123    0.06229     3.7375    224.250    151.871  51078.229    32.0139     6.6106    150.396    6.94729     6.5972    25.1195   12.47967 3.7976e-02 0.0000e+00
        899  46.494126    0.06236     3.7417    224.500    152.039  51079.018    32.0143     6.6104    150.562    6.94729     6.5971    25.1198   12.47968 3.7976e-02 0.0000e+00
        900  46.494129    0.06243     3.7458    224.750    152.218  51079.784    32.0147     6.6103    150.739    6.94730     6.5969    25.1202   12.47968 3.7976e-02 0.0000e+00
        901  46.494132    0.06250     3.7500    225.000    152.410  51080.559    32.0151     6.6101    150.930    6.94730     6.5968    25.1205   12.47968 3.7976e-02 0.0000e+00
        902  46.494135    0.06257     3.7542    225.250    152.618  51081.319    32.0155     6.6100    151.136    6.94731     6.5966    25.1209   12.47969 3.7976e-02 0.0000e+00
        903  46.494138    0.06264     3.7583    225.500    152.841  51082.073    32.0159     6.6099    151.357    6.94731     6.5964    25.1212   12.47969 3.7976e-02 0.0000e+00
