CTD-processing/allCTD/CNV--turbid/2016_02-15_t6_s02_cast139.cnv
* Sea-Bird SBE19plus Data File:
* FileName = C:\Users\Kris.Holderied\Documents\kasitsna\Research-KBL\Oceanography-AK\CTD-Data-ALL-to-2016-02\2016-CTD-KachemakBay-CookInlet\2016-02-CookInlet-quarterly\2016-02-15-CookInlet-Tran6-Douglas\2016-02-15-CookInlet-Tran6-cast139.hex
* Software Version 1.59
* Temperature SN =  5028
* Conductivity SN =  5028
* System UpLoad Time = Feb 15 2016 19:54:03
** Cook Inlet LTM Tran6 Douglas West to East

** Date: 02-15
** Station:  6-02
** Start time (AKST): 18:43
** Depth (m): 52
** Comment:  R/V Pandalus
** Comment:
# nquan = 16
# nvalues = 403                         
# units = specified
# name 0 = scan: Scan Count
# name 1 = timeJ: Julian Days
# name 2 = timeH: Time, Elapsed [hours]
# name 3 = timeM: Time, Elapsed [minutes]
# name 4 = timeS: Time, Elapsed [seconds]
# name 5 = prdM: Pressure, Strain Gauge [db]
# name 6 = specc: Specific Conductance [uS/cm]
# name 7 = sal00: Salinity, Practical [PSU]
# name 8 = tv290C: Temperature [ITS-90, deg C]
# name 9 = depSM: Depth [salt water, m], lat = 59.00
# name 10 = oxsolML/L: Oxygen Saturation, Garcia & Gordon [ml/l]
# name 11 = potemp090C: Potential Temperature [ITS-90, deg C]
# name 12 = sigma-é00: Density [sigma-theta, kg/m^3]
# name 13 = n2satML/L: Nitrogen Saturation [ml/l]
# name 14 = par: PAR/Irradiance, Biospherical/Licor
# name 15 = flag:  0.000e+00
# span 0 =          1,        403       
# span 1 =  46.779699,  46.780862       
# span 2 =    0.00000,    0.02792       
# span 3 =     0.0000,     1.6750       
# span 4 =      0.000,    100.500       
# span 5 =     -0.159,     48.837       
# span 6 =   1087.550,  50266.596       
# span 7 =     0.5226,    31.4383       
# span 8 =     5.3353,     6.2835       
# span 9 =     -0.157,     48.375       
# span 10 =    7.02713,    8.82603      
# span 11 =     5.3353,     6.2797      
# span 12 =     0.3789,    24.7055      
# span 13 =   12.61887,   16.06183      
# span 14 = 3.7976e-02, 4.3294e-01      
# span 15 = 0.0000e+00, 0.0000e+00      
# interval = seconds: 0.25
# start_time = Feb 15 2016 18:42:46 [Instrument's time stamp, header]
# bad_flag = -9.990e-29
*END*
          1  46.779699    0.00000     0.0000      0.000     -0.140   1090.579     0.5239     5.3464     -0.138    8.82596     5.3464     0.3800   16.06169 4.3294e-01 0.0000e+00
          2  46.779702    0.00007     0.0042      0.250     -0.139   1087.550     0.5226     5.3464     -0.137    8.82603     5.3464     0.3789   16.06183 4.1194e-01 0.0000e+00
          3  46.779705    0.00014     0.0083      0.500     -0.138   1091.108     0.5246     5.3464     -0.137    8.82590     5.3464     0.3805   16.06159 3.8887e-01 0.0000e+00
          4  46.779708    0.00021     0.0125      0.750     -0.138   1107.216     0.5331     5.3464     -0.137    8.82541     5.3462     0.3873   16.06062 3.6836e-01 0.0000e+00
          5  46.779711    0.00028     0.0167      1.000     -0.138   1142.832     0.5516     5.3464     -0.137    8.82434     5.3458     0.4021   16.05852 3.4658e-01 0.0000e+00
          6  46.779714    0.00035     0.0208      1.250     -0.139   1211.397     0.5872     5.3462     -0.138    8.82230     5.3451     0.4304   16.05452 3.1432e-01 0.0000e+00
          7  46.779716    0.00042     0.0250      1.500     -0.141   1333.570     0.6503     5.3458     -0.139    8.81870     5.3439     0.4808   16.04744 2.6998e-01 0.0000e+00
          8  46.779719    0.00049     0.0292      1.750     -0.143   1538.355     0.7561     5.3451     -0.141    8.81267     5.3422     0.5652   16.03561 2.2588e-01 0.0000e+00
          9  46.779722    0.00056     0.0333      2.000     -0.145   1865.673     0.9255     5.3439     -0.143    8.80304     5.3400     0.7004   16.01669 1.9635e-01 0.0000e+00
         10  46.779725    0.00063     0.0375      2.250     -0.147   2269.712     1.1350     5.3422     -0.146    8.79119     5.3378     0.8675   15.99339 1.8571e-01 0.0000e+00
         11  46.779728    0.00069     0.0417      2.500     -0.149   2606.119     1.3099     5.3400     -0.148    8.78146     5.3361     1.0071   15.97422 1.9094e-01 0.0000e+00
         12  46.779731    0.00076     0.0458      2.750     -0.152   2780.462     1.4005     5.3378     -0.150    8.77667     5.3353     1.0794   15.96471 2.1019e-01 0.0000e+00
         13  46.779734    0.00083     0.0500      3.000     -0.154   2785.082     1.4020     5.3361     -0.152    8.77697     5.3354     1.0807   15.96518 2.4854e-01 0.0000e+00
         14  46.779737    0.00090     0.0542      3.250     -0.157   2696.717     1.3549     5.3353     -0.155    8.77991     5.3368     1.0432   15.97088 2.9589e-01 0.0000e+00
         15  46.779740    0.00097     0.0583      3.500     -0.158   2611.449     1.3103     5.3354     -0.156    8.78250     5.3406     1.0077   15.97596 3.2828e-01 0.0000e+00
         16  46.779742    0.00104     0.0625      3.750     -0.159   2570.295     1.2900     5.3368     -0.157    8.78340     5.3486     0.9913   15.97782 3.4078e-01 0.0000e+00
         17  46.779745    0.00111     0.0667      4.000     -0.159   2605.322     1.3109     5.3406     -0.157    8.78138     5.3636     1.0077   15.97411 3.4049e-01 0.0000e+00
         18  46.779748    0.00118     0.0708      4.250     -0.158   2748.210     1.3903     5.3486     -0.156    8.77505     5.3902     1.0706   15.96223 3.3431e-01 0.0000e+00
         19  46.779751    0.00125     0.0750      4.500     -0.157   3036.465     1.5491     5.3636     -0.155    8.76258     5.4356     1.1964   15.93878 3.2481e-01 0.0000e+00
         20  46.779754    0.00132     0.0792      4.750     -0.155   3540.599     1.8264     5.3902     -0.153    8.74071     5.5063     1.4159   15.89766 3.1300e-01 0.0000e+00
         21  46.779757    0.00139     0.0833      5.000     -0.153   4167.254     2.1735     5.4356     -0.151    8.71069     5.5939     1.6903   15.84177 3.0243e-01 0.0000e+00
         22  46.779760    0.00146     0.0875      5.250     -0.152   4444.156     2.3327     5.5063     -0.150    8.68604     5.6750     1.8144   15.79795 2.9194e-01 0.0000e+00
         23  46.779763    0.00153     0.0917      5.500     -0.153   4175.441     2.1959     5.5939     -0.151    8.67491     5.7350     1.7026   15.78160 2.8043e-01 0.0000e+00
         24  46.779766    0.00160     0.0958      5.750     -0.153   3838.488     2.0290     5.6750     -0.151    8.66723     5.7750     1.5668   15.77164 2.7075e-01 0.0000e+00
         25  46.779769    0.00167     0.1000      6.000     -0.152   3808.266     2.0430     5.7350     -0.150    8.65432     5.8014     1.5748   15.75023 2.6512e-01 0.0000e+00
         26  46.779771    0.00174     0.1042      6.250     -0.149   4175.929     2.2940     5.7750     -0.147    8.63303     5.8201     1.7707   15.71127 2.6284e-01 0.0000e+00
         27  46.779774    0.00181     0.1083      6.500     -0.144   5086.838     2.8736     5.8014     -0.143    8.59718     5.8363     2.2265   15.64317 2.6055e-01 0.0000e+00
         28  46.779777    0.00187     0.1125      6.750     -0.136   6798.794     3.9441     5.8201     -0.135    8.53699     5.8545     3.0701   15.52728 2.5569e-01 0.0000e+00
         29  46.779780    0.00194     0.1167      7.000     -0.123   9777.338     5.7957     5.8363     -0.123    8.43615     5.8803     4.5302   15.33217 2.5066e-01 0.0000e+00
         30  46.779783    0.00201     0.1208      7.250     -0.102  14833.947     8.9311     5.8545     -0.102    8.26718     5.9184     7.0031   15.00466 2.4613e-01 0.0000e+00
         31  46.779786    0.00208     0.1250      7.500     -0.069  22486.489    13.7125     5.8803     -0.068    8.01147     5.9662    10.7734   14.50920 2.3546e-01 0.0000e+00
         32  46.779789    0.00215     0.1292      7.750     -0.028  30730.164    18.9200     5.9184     -0.027    7.73338     6.0122    14.8771   13.97127 2.1085e-01 0.0000e+00
         33  46.779792    0.00222     0.1333      8.000      0.001  36174.566    22.3731     5.9662      0.001    7.54532     6.0461    17.5957   13.60866 1.7467e-01 0.0000e+00
         34  46.779795    0.00229     0.1375      8.250      0.004  37897.619    23.4439     6.0122      0.004    7.48010     6.0642    18.4362   13.48420 1.4172e-01 0.0000e+00
         35  46.779797    0.00236     0.1417      8.500     -0.015  36400.589    22.4424     6.0461     -0.015    7.52292     6.0685    17.6446   13.56865 1.2309e-01 0.0000e+00
         36  46.779800    0.00243     0.1458      8.750     -0.037  32161.114    19.6938     6.0642     -0.036    7.65881     6.0662    15.4783   13.83305 1.1534e-01 0.0000e+00
         37  46.779803    0.00250     0.1500      9.000     -0.038  27582.766    16.7691     6.0685     -0.038    7.80859     6.0666    13.1744   14.12412 1.1177e-01 0.0000e+00
         38  46.779806    0.00257     0.1542      9.250     -0.008  26099.643    15.8490     6.0661     -0.008    7.85793     6.0760    12.4500   14.22007 1.1014e-01 0.0000e+00
         39  46.779809    0.00264     0.1583      9.500      0.061  29408.592    17.9903     6.0665      0.060    7.74920     6.0954    14.1365   14.00924 1.0288e-01 0.0000e+00
         40  46.779812    0.00271     0.1625      9.750      0.175  35814.870    22.1107     6.0759      0.173    7.53701     6.1199    17.3813   13.59801 8.5801e-02 0.0000e+00
         41  46.779815    0.00278     0.1667     10.000      0.325  41482.685    25.7607     6.0954      0.322    7.34736     6.1426    20.2546   13.23102 6.8189e-02 0.0000e+00
         42  46.779818    0.00285     0.1708     10.250      0.486  44946.784    27.9968     6.1199      0.482    7.22926     6.1598    22.0134   13.00311 5.6369e-02 0.0000e+00
         43  46.779821    0.00292     0.1750     10.500      0.640  47006.608    29.3271     6.1426      0.634    7.15760     6.1709    23.0587   12.86519 4.9133e-02 0.0000e+00
         44  46.779823    0.00299     0.1792     10.750      0.777  48229.679    30.1171     6.1599      0.770    7.11440     6.1766    23.6789   12.78220 4.4872e-02 0.0000e+00
         45  46.779826    0.00306     0.1833     11.000      0.889  48953.279    30.5841     6.1710      0.881    7.08867     6.1778    24.0455   12.73282 4.2449e-02 0.0000e+00
         46  46.779829    0.00313     0.1875     11.250      0.971  49380.260    30.8591     6.1767      0.962    7.07364     6.1763    24.2615   12.70393 4.1191e-02 0.0000e+00
         47  46.779832    0.00319     0.1917     11.500      1.025  49635.357    31.0230     6.1779      1.016    7.06504     6.1742    24.3905   12.68729 4.0624e-02 0.0000e+00
         48  46.779835    0.00326     0.1958     11.750      1.062  49792.020    31.1234     6.1764      1.052    7.06015     6.1729    24.4697   12.67774 4.0373e-02 0.0000e+00
         49  46.779838    0.00333     0.2000     12.000      1.095  49889.590    31.1858     6.1743      1.085    7.05731     6.1724    24.5192   12.67214 4.0226e-02 0.0000e+00
         50  46.779841    0.00340     0.2042     12.250      1.134  49947.183    31.2226     6.1730      1.124    7.05564     6.1716    24.5484   12.66884 4.0123e-02 0.0000e+00
         51  46.779844    0.00347     0.2083     12.500      1.183  49975.081    31.2402     6.1725      1.172    7.05481     6.1694    24.5622   12.66719 4.0083e-02 0.0000e+00
         52  46.779847    0.00354     0.2125     12.750      1.240  49983.873    31.2451     6.1717      1.228    7.05465     6.1647    24.5662   12.66684 4.0218e-02 0.0000e+00
         53  46.779850    0.00361     0.2167     13.000      1.298  49985.781    31.2453     6.1695      1.286    7.05498     6.1573    24.5667   12.66736 4.0662e-02 0.0000e+00
         54  46.779852    0.00368     0.2208     13.250      1.349  49989.789    31.2468     6.1648      1.336    7.05566     6.1481    24.5684   12.66846 4.1393e-02 0.0000e+00
         55  46.779855    0.00375     0.2250     13.500      1.383  49999.017    31.2516     6.1574      1.370    7.05665     6.1393    24.5730   12.67003 4.2167e-02 0.0000e+00
         56  46.779858    0.00382     0.2292     13.750      1.394  50012.518    31.2590     6.1482      1.381    7.05781     6.1325    24.5800   12.67184 4.2745e-02 0.0000e+00
         57  46.779861    0.00389     0.2333     14.000      1.380  50028.975    31.2687     6.1394      1.368    7.05883     6.1295    24.5887   12.67340 4.3060e-02 0.0000e+00
         58  46.779864    0.00396     0.2375     14.250      1.343  50048.564    31.2809     6.1326      1.331    7.05937     6.1314    24.5991   12.67413 4.3125e-02 0.0000e+00
         59  46.779867    0.00403     0.2417     14.500      1.290  50069.738    31.2950     6.1297      1.278    7.05920     6.1376    24.6106   12.67368 4.3084e-02 0.0000e+00
         60  46.779870    0.00410     0.2458     14.750      1.234  50085.191    31.3060     6.1316      1.222    7.05837     6.1456    24.6191   12.67217 4.3082e-02 0.0000e+00
         61  46.779873    0.00417     0.2500     15.000      1.186  50086.543    31.3082     6.1377      1.175    7.05724     6.1530    24.6201   12.67028 4.3137e-02 0.0000e+00
         62  46.779876    0.00424     0.2542     15.250      1.153  50072.720    31.3001     6.1457      1.143    7.05629     6.1583    24.6128   12.66881 4.3234e-02 0.0000e+00
         63  46.779878    0.00431     0.2583     15.500      1.134  50049.507    31.2855     6.1531      1.123    7.05576     6.1611    24.6003   12.66812 4.3216e-02 0.0000e+00
         64  46.779881    0.00438     0.2625     15.750      1.124  50026.817    31.2708     6.1583      1.114    7.05558     6.1621    24.5881   12.66800 4.2965e-02 0.0000e+00
         65  46.779884    0.00444     0.2667     16.000      1.123  50014.377    31.2628     6.1612      1.112    7.05548     6.1625    24.5814   12.66794 4.2596e-02 0.0000e+00
         66  46.779887    0.00451     0.2708     16.250      1.130  50014.759    31.2632     6.1622      1.119    7.05530     6.1636    24.5816   12.66764 4.2259e-02 0.0000e+00
         67  46.779890    0.00458     0.2750     16.500      1.145  50022.591    31.2687     6.1625      1.133    7.05498     6.1655    24.5859   12.66704 4.2073e-02 0.0000e+00
         68  46.779893    0.00465     0.2792     16.750      1.168  50030.005    31.2740     6.1636      1.157    7.05456     6.1679    24.5899   12.66627 4.2089e-02 0.0000e+00
         69  46.779896    0.00472     0.2833     17.000      1.198  50032.837    31.2763     6.1656      1.187    7.05412     6.1703    24.5915   12.66553 4.2169e-02 0.0000e+00
         70  46.779899    0.00479     0.2875     17.250      1.231  50031.484    31.2758     6.1680      1.219    7.05375     6.1725    24.5908   12.66492 4.2173e-02 0.0000e+00
         71  46.779902    0.00486     0.2917     17.500      1.264  50028.257    31.2740     6.1704      1.252    7.05343     6.1747    24.5891   12.66442 4.2231e-02 0.0000e+00
         72  46.779905    0.00493     0.2958     17.750      1.294  50025.900    31.2728     6.1726      1.282    7.05312     6.1770    24.5879   12.66391 4.2596e-02 0.0000e+00
         73  46.779907    0.00500     0.3000     18.000      1.319  50026.116    31.2734     6.1748      1.307    7.05273     6.1793    24.5881   12.66325 4.3425e-02 0.0000e+00
         74  46.779910    0.00507     0.3042     18.250      1.339  50028.020    31.2751     6.1771      1.327    7.05227     6.1816    24.5892   12.66248 4.4864e-02 0.0000e+00
         75  46.779913    0.00514     0.3083     18.500      1.351  50029.377    31.2765     6.1794      1.338    7.05183     6.1837    24.5900   12.66173 4.6933e-02 0.0000e+00
         76  46.779916    0.00521     0.3125     18.750      1.352  50029.400    31.2769     6.1817      1.340    7.05143     6.1856    24.5900   12.66108 4.9362e-02 0.0000e+00
         77  46.779919    0.00528     0.3167     19.000      1.345  50029.022    31.2770     6.1838      1.332    7.05108     6.1872    24.5899   12.66048 5.2084e-02 0.0000e+00
         78  46.779922    0.00535     0.3208     19.250      1.330  50029.508    31.2777     6.1857      1.318    7.05073     6.1886    24.5902   12.65990 5.5779e-02 0.0000e+00
         79  46.779925    0.00542     0.3250     19.500      1.312  50030.691    31.2789     6.1873      1.300    7.05040     6.1894    24.5909   12.65934 6.0717e-02 0.0000e+00
         80  46.779928    0.00549     0.3292     19.750      1.292  50030.355    31.2789     6.1887      1.280    7.05018     6.1898    24.5908   12.65898 6.5048e-02 0.0000e+00
         81  46.779931    0.00556     0.3333     20.000      1.274  50025.963    31.2760     6.1895      1.262    7.05017     6.1897    24.5885   12.65901 6.6229e-02 0.0000e+00
         82  46.779933    0.00562     0.3375     20.250      1.255  50015.701    31.2690     6.1899      1.243    7.05044     6.1892    24.5829   12.65954 6.3942e-02 0.0000e+00
         83  46.779936    0.00569     0.3417     20.500      1.236  49999.209    31.2576     6.1898      1.225    7.05100     6.1884    24.5739   12.66060 5.9711e-02 0.0000e+00
         84  46.779939    0.00576     0.3458     20.750      1.216  49981.813    31.2455     6.1893      1.205    7.05165     6.1876    24.5644   12.66183 5.5053e-02 0.0000e+00
         85  46.779942    0.00583     0.3500     21.000      1.195  49973.496    31.2396     6.1885      1.184    7.05205     6.1867    24.5598   12.66257 5.0874e-02 0.0000e+00
         86  46.779945    0.00590     0.3542     21.250      1.175  49979.808    31.2438     6.1877      1.164    7.05199     6.1856    24.5632   12.66241 4.7470e-02 0.0000e+00
         87  46.779948    0.00597     0.3583     21.500      1.158  49996.738    31.2554     6.1868      1.147    7.05160     6.1842    24.5725   12.66162 4.5128e-02 0.0000e+00
         88  46.779951    0.00604     0.3625     21.750      1.150  50013.198    31.2665     6.1857      1.140    7.05126     6.1823    24.5814   12.66092 4.3941e-02 0.0000e+00
         89  46.779954    0.00611     0.3667     22.000      1.155  50019.518    31.2706     6.1843      1.145    7.05130     6.1796    24.5848   12.66093 4.3550e-02 0.0000e+00
         90  46.779957    0.00618     0.3708     22.250      1.169  50012.660    31.2655     6.1824      1.158    7.05184     6.1753    24.5810   12.66190 4.3522e-02 0.0000e+00
