CTD-processing/allCTD/CNV--turbid/2016_12-13_t4_s01_cast177.cnv
* Sea-Bird SBE19plus Data File:
* FileName = P:\My Documents\kasitsna\Research-KBL\Oceanography-AK\CTD-Data-ALL-to-2016-05\2016-CTD-KachemakBay-CookInlet\2016-12-CookInlet-quarterly\2016-12-13-CookInlet-Tran4-Barabara\2016-12-13-CookInlet-Tran4-cast177.hex
* Software Version 1.59
* Temperature SN =  5028
* Conductivity SN =  5028
* System UpLoad Time = Dec 13 2016 15:36:27
** Cook Inlet LTM Tran 4 south to north
** Date: (YYYY-MM-DD): 2016-12-13
** Station: (eg. 9-01): 4-01
** Start time (AKST): 12:48
** Depth (m): 20.4
** Comment: R/V Alaska Dream Catcher. CTD on AKDT (1 hr ahead).
** Comment:
# nquan = 16
# nvalues = 391                         
# units = specified
# name 0 = scan: Scan Count
# name 1 = timeJ: Julian Days
# name 2 = timeH: Time, Elapsed [hours]
# name 3 = timeM: Time, Elapsed [minutes]
# name 4 = timeS: Time, Elapsed [seconds]
# name 5 = prdM: Pressure, Strain Gauge [db]
# name 6 = specc: Specific Conductance [uS/cm]
# name 7 = sal00: Salinity, Practical [PSU]
# name 8 = tv290C: Temperature [ITS-90, deg C]
# name 9 = depSM: Depth [salt water, m], lat = 59.00
# name 10 = oxsolML/L: Oxygen Saturation, Garcia & Gordon [ml/l]
# name 11 = potemp090C: Potential Temperature [ITS-90, deg C]
# name 12 = sigma-é00: Density [sigma-theta, kg/m^3]
# name 13 = n2satML/L: Nitrogen Saturation [ml/l]
# name 14 = par: PAR/Irradiance, Biospherical/Licor
# name 15 = flag:  0.000e+00
# span 0 =          1,        391       
# span 1 = 348.576192, 348.577321       
# span 2 =    0.00000,    0.02708       
# span 3 =     0.0000,     1.6250       
# span 4 =      0.000,     97.500       
# span 5 =      0.066,     20.725       
# span 6 =    457.991,  50402.126       
# span 7 =     0.2171,    31.5261       
# span 8 =     5.9777,     7.7129       
# span 9 =      0.065,     20.531       
# span 10 =    7.00547,    8.33395      
# span 11 =     5.9776,     7.7124      
# span 12 =     0.0401,    24.7922      
# span 13 =   12.58293,   15.23885      
# span 14 = 1.9484e+00, 6.7918e+01      
# span 15 = 0.0000e+00, 0.0000e+00      
# interval = seconds: 0.25
# start_time = Dec 13 2016 13:49:43 [Instrument's time stamp, header]
# bad_flag = -9.990e-29
*END*
[from data line 272]
        273 348.576979    0.01889     1.1333     68.000      1.304  50263.708    31.4167     6.0649      1.291    7.06424     6.0258    24.7145   12.68047 3.0527e+01 0.0000e+00
        274 348.576982    0.01896     1.1375     68.250      1.303  50251.929    31.4046     6.0445      1.290    7.06820     6.0111    24.7074   12.68716 3.0749e+01 0.0000e+00
        275 348.576985    0.01903     1.1417     68.500      1.296  50254.358    31.4027     6.0259      1.283    7.07138     6.0007    24.7081   12.69244 3.0759e+01 0.0000e+00
        276 348.576988    0.01910     1.1458     68.750      1.282  50261.057    31.4045     6.0112      1.270    7.07373     5.9937    24.7113   12.69629 3.0992e+01 0.0000e+00
        277 348.576991    0.01917     1.1500     69.000      1.264  50267.353    31.4069     6.0008      1.252    7.07535     5.9891    24.7144   12.69894 3.1471e+01 0.0000e+00
        278 348.576994    0.01924     1.1542     69.250      1.243  50271.914    31.4087     5.9938      1.231    7.07643     5.9861    24.7166   12.70071 3.2025e+01 0.0000e+00
        279 348.576997    0.01931     1.1583     69.500      1.222  50274.629    31.4097     5.9892      1.210    7.07714     5.9839    24.7180   12.70188 3.2419e+01 0.0000e+00
        280 348.576999    0.01938     1.1625     69.750      1.206  50275.807    31.4099     5.9862      1.194    7.07764     5.9821    24.7185   12.70269 3.2268e+01 0.0000e+00
        281 348.577002    0.01944     1.1667     70.000      1.198  50276.139    31.4097     5.9840      1.187    7.07801     5.9806    24.7186   12.70331 3.1678e+01 0.0000e+00
        282 348.577005    0.01951     1.1708     70.250      1.200  50276.392    31.4096     5.9822      1.188    7.07831     5.9794    24.7187   12.70380 3.1187e+01 0.0000e+00
        283 348.577008    0.01958     1.1750     70.500      1.209  50277.073    31.4097     5.9807      1.198    7.07855     5.9785    24.7190   12.70420 3.0952e+01 0.0000e+00
        284 348.577011    0.01965     1.1792     70.750      1.226  50278.275    31.4103     5.9795      1.214    7.07873     5.9779    24.7196   12.70449 3.0798e+01 0.0000e+00
        285 348.577014    0.01972     1.1833     71.000      1.246  50279.723    31.4111     5.9786      1.234    7.07885     5.9776    24.7204   12.70468 3.0645e+01 0.0000e+00
        286 348.577017    0.01979     1.1875     71.250      1.267  50281.005    31.4119     5.9780      1.255    7.07891     5.9777    24.7210   12.70477 3.0497e+01 0.0000e+00
        287 348.577020    0.01986     1.1917     71.500      1.286  50281.939    31.4125     5.9777      1.274    7.07892     5.9779    24.7215   12.70478 3.0526e+01 0.0000e+00
        288 348.577023    0.01993     1.1958     71.750      1.301  50282.407    31.4128     5.9778      1.289    7.07890     5.9783    24.7218   12.70474 3.0878e+01 0.0000e+00
        289 348.577025    0.02000     1.2000     72.000      1.312  50282.080    31.4126     5.9780      1.299    7.07886     5.9786    24.7216   12.70468 3.1138e+01 0.0000e+00
        290 348.577028    0.02007     1.2042     72.250      1.318  50281.020    31.4120     5.9784      1.306    7.07884     5.9789    24.7211   12.70464 3.0909e+01 0.0000e+00
        291 348.577031    0.02014     1.2083     72.500      1.321  50279.757    31.4112     5.9787      1.309    7.07882     5.9791    24.7204   12.70462 3.0541e+01 0.0000e+00
        292 348.577034    0.02021     1.2125     72.750      1.322  50278.593    31.4104     5.9790      1.310    7.07881     5.9792    24.7198   12.70461 3.0439e+01 0.0000e+00
        293 348.577037    0.02028     1.2167     73.000      1.322  50277.482    31.4097     5.9792      1.309    7.07881     5.9792    24.7192   12.70462 3.0610e+01 0.0000e+00
        294 348.577040    0.02035     1.2208     73.250      1.319  50276.598    31.4091     5.9793      1.307    7.07882     5.9792    24.7187   12.70465 3.0904e+01 0.0000e+00
        295 348.577043    0.02042     1.2250     73.500      1.314  50276.246    31.4089     5.9793      1.301    7.07883     5.9793    24.7185   12.70467 3.1154e+01 0.0000e+00
        296 348.577046    0.02049     1.2292     73.750      1.304  50276.260    31.4089     5.9793      1.292    7.07883     5.9795    24.7185   12.70467 3.1297e+01 0.0000e+00
        297 348.577049    0.02056     1.2333     74.000      1.289  50276.272    31.4089     5.9794      1.277    7.07882     5.9798    24.7185   12.70465 3.1442e+01 0.0000e+00
        298 348.577052    0.02063     1.2375     74.250      1.269  50276.135    31.4088     5.9796      1.257    7.07879     5.9803    24.7184   12.70460 3.1696e+01 0.0000e+00
        299 348.577054    0.02069     1.2417     74.500      1.245  50275.603    31.4085     5.9799      1.234    7.07874     5.9807    24.7182   12.70453 3.1931e+01 0.0000e+00
        300 348.577057    0.02076     1.2458     74.750      1.221  50274.534    31.4079     5.9803      1.210    7.07871     5.9810    24.7176   12.70448 3.1951e+01 0.0000e+00
        301 348.577060    0.02083     1.2500     75.000      1.199  50273.369    31.4072     5.9807      1.188    7.07867     5.9811    24.7170   12.70443 3.1794e+01 0.0000e+00
        302 348.577063    0.02090     1.2542     75.250      1.184  50272.522    31.4067     5.9810      1.173    7.07864     5.9811    24.7166   12.70439 3.1661e+01 0.0000e+00
        303 348.577066    0.02097     1.2583     75.500      1.179  50272.039    31.4064     5.9812      1.168    7.07863     5.9810    24.7163   12.70437 3.1723e+01 0.0000e+00
        304 348.577069    0.02104     1.2625     75.750      1.188  50272.058    31.4064     5.9812      1.177    7.07863     5.9808    24.7163   12.70437 3.1924e+01 0.0000e+00
        305 348.577072    0.02111     1.2667     76.000      1.211  50272.761    31.4068     5.9811      1.200    7.07863     5.9807    24.7167   12.70437 3.1823e+01 0.0000e+00
        306 348.577075    0.02118     1.2708     76.250      1.248  50273.952    31.4076     5.9809      1.237    7.07863     5.9807    24.7173   12.70435 3.1153e+01 0.0000e+00
        307 348.577078    0.02125     1.2750     76.500      1.302  50275.208    31.4084     5.9808      1.290    7.07861     5.9809    24.7180   12.70431 3.0276e+01 0.0000e+00
        308 348.577080    0.02132     1.2792     76.750      1.376  50276.393    31.4092     5.9808      1.363    7.07856     5.9815    24.7186   12.70423 2.9609e+01 0.0000e+00
        309 348.577083    0.02139     1.2833     77.000      1.480  50277.887    31.4102     5.9811      1.466    7.07847     5.9824    24.7194   12.70407 2.8973e+01 0.0000e+00
        310 348.577086    0.02146     1.2875     77.250      1.623  50280.470    31.4120     5.9816      1.608    7.07830     5.9841    24.7208   12.70376 2.7951e+01 0.0000e+00
        311 348.577089    0.02153     1.2917     77.500      1.808  50284.545    31.4150     5.9826      1.791    7.07800     5.9867    24.7229   12.70322 2.6625e+01 0.0000e+00
        312 348.577092    0.02160     1.2958     77.750      2.024  50289.760    31.4188     5.9842      2.005    7.07754     5.9903    24.7258   12.70241 2.5348e+01 0.0000e+00
        313 348.577095    0.02167     1.3000     78.000      2.254  50295.028    31.4228     5.9869      2.233    7.07691     5.9943    24.7286   12.70132 2.4200e+01 0.0000e+00
        314 348.577098    0.02174     1.3042     78.250      2.486  50298.079    31.4255     5.9905      2.463    7.07618     5.9982    24.7303   12.70008 2.3126e+01 0.0000e+00
        315 348.577101    0.02181     1.3083     78.500      2.715  50298.140    31.4263     5.9946      2.689    7.07547     6.0017    24.7304   12.69890 2.2079e+01 0.0000e+00
        316 348.577104    0.02187     1.3125     78.750      2.939  50297.902    31.4267     5.9984      2.911    7.07481     6.0056    24.7304   12.69781 2.1076e+01 0.0000e+00
        317 348.577106    0.02194     1.3167     79.000      3.159  50299.720    31.4286     6.0020      3.129    7.07413     6.0102    24.7314   12.69666 2.0211e+01 0.0000e+00
        318 348.577109    0.02201     1.3208     79.250      3.378  50302.107    31.4309     6.0059      3.346    7.07337     6.0147    24.7327   12.69537 1.9476e+01 0.0000e+00
        319 348.577112    0.02208     1.3250     79.500      3.600  50301.576    31.4313     6.0105      3.566    7.07259     6.0182    24.7325   12.69408 1.8783e+01 0.0000e+00
        320 348.577115    0.02215     1.3292     79.750      3.826  50297.375    31.4292     6.0150      3.790    7.07193     6.0198    24.7303   12.69302 1.8081e+01 0.0000e+00
        321 348.577118    0.02222     1.3333     80.000      4.060  50290.763    31.4252     6.0185      4.022    7.07154     6.0194    24.7268   12.69242 1.7376e+01 0.0000e+00
        322 348.577121    0.02229     1.3375     80.250      4.301  50284.024    31.4207     6.0202      4.261    7.07147     6.0181    24.7230   12.69237 1.6683e+01 0.0000e+00
        323 348.577124    0.02236     1.3417     80.500      4.552  50282.362    31.4194     6.0198      4.509    7.07160     6.0180    24.7220   12.69260 1.6005e+01 0.0000e+00
        324 348.577127    0.02243     1.3458     80.750      4.813  50288.046    31.4229     6.0185      4.768    7.07165     6.0201    24.7250   12.69263 1.5324e+01 0.0000e+00
        325 348.577130    0.02250     1.3500     81.000      5.085  50295.779    31.4281     6.0184      5.037    7.07142     6.0231    24.7291   12.69218 1.4622e+01 0.0000e+00
        326 348.577133    0.02257     1.3542     81.250      5.366  50298.160    31.4300     6.0205      5.316    7.07098     6.0252    24.7304   12.69143 1.3907e+01 0.0000e+00
        327 348.577135    0.02264     1.3583     81.500      5.654  50293.980    31.4276     6.0236      5.601    7.07058     6.0257    24.7281   12.69080 1.3211e+01 0.0000e+00
        328 348.577138    0.02271     1.3625     81.750      5.945  50288.727    31.4242     6.0257      5.889    7.07039     6.0254    24.7251   12.69053 1.2562e+01 0.0000e+00
        329 348.577141    0.02278     1.3667     82.000      6.233  50286.744    31.4228     6.0263      6.175    7.07037     6.0252    24.7240   12.69051 1.1971e+01 0.0000e+00
        330 348.577144    0.02285     1.3708     82.250      6.516  50287.685    31.4233     6.0260      6.455    7.07039     6.0255    24.7244   12.69054 1.1438e+01 0.0000e+00
        331 348.577147    0.02292     1.3750     82.500      6.792  50289.474    31.4244     6.0258      6.728    7.07037     6.0261    24.7252   12.69050 1.0955e+01 0.0000e+00
        332 348.577150    0.02299     1.3792     82.750      7.059  50290.935    31.4253     6.0260      6.993    7.07029     6.0270    24.7260   12.69035 1.0518e+01 0.0000e+00
        333 348.577153    0.02306     1.3833     83.000      7.317  50292.126    31.4261     6.0267      7.249    7.07015     6.0283    24.7265   12.69010 1.0122e+01 0.0000e+00
        334 348.577156    0.02313     1.3875     83.250      7.565  50293.382    31.4271     6.0276      7.495    7.06994     6.0301    24.7272   12.68975 9.7635e+00 0.0000e+00
        335 348.577159    0.02319     1.3917     83.500      7.803  50294.735    31.4281     6.0290      7.730    7.06966     6.0321    24.7279   12.68928 9.4412e+00 0.0000e+00
        336 348.577161    0.02326     1.3958     83.750      8.033  50295.971    31.4292     6.0307      7.958    7.06932     6.0346    24.7285   12.68870 9.1447e+00 0.0000e+00
        337 348.577164    0.02333     1.4000     84.000      8.259  50297.343    31.4304     6.0328      8.181    7.06892     6.0376    24.7293   12.68801 8.8607e+00 0.0000e+00
        338 348.577167    0.02340     1.4042     84.250      8.484  50299.171    31.4321     6.0353      8.404    7.06843     6.0409    24.7302   12.68719 8.5840e+00 0.0000e+00
        339 348.577170    0.02347     1.4083     84.500      8.711  50299.824    31.4330     6.0383      8.629    7.06789     6.0443    24.7306   12.68628 8.3149e+00 0.0000e+00
        340 348.577173    0.02354     1.4125     84.750      8.940  50299.581    31.4334     6.0416      8.856    7.06732     6.0479    24.7305   12.68534 8.0534e+00 0.0000e+00
        341 348.577176    0.02361     1.4167     85.000      9.174  50300.236    31.4344     6.0450      9.088    7.06671     6.0514    24.7309   12.68431 7.8002e+00 0.0000e+00
        342 348.577179    0.02368     1.4208     85.250      9.413  50300.083    31.4349     6.0486      9.325    7.06609     6.0550    24.7308   12.68328 7.5527e+00 0.0000e+00
        343 348.577182    0.02375     1.4250     85.500      9.661  50299.646    31.4351     6.0522      9.571    7.06548     6.0592    24.7306   12.68228 7.3092e+00 0.0000e+00
        344 348.577185    0.02382     1.4292     85.750      9.919  50302.162    31.4374     6.0558      9.826    7.06478     6.0643    24.7320   12.68109 7.0714e+00 0.0000e+00
        345 348.577187    0.02389     1.4333     86.000     10.187  50305.799    31.4406     6.0600     10.092    7.06393     6.0698    24.7340   12.67965 6.8403e+00 0.0000e+00
        346 348.577190    0.02396     1.4375     86.250     10.463  50306.316    31.4419     6.0652     10.365    7.06301     6.0745    24.7344   12.67811 6.6150e+00 0.0000e+00
        347 348.577193    0.02403     1.4417     86.500     10.741  50303.517    31.4409     6.0706     10.641    7.06215     6.0782    24.7329   12.67671 6.3962e+00 0.0000e+00
        348 348.577196    0.02410     1.4458     86.750     11.020  50299.685    31.4390     6.0754     10.917    7.06145     6.0807    24.7309   12.67557 6.1855e+00 0.0000e+00
        349 348.577199    0.02417     1.4500     87.000     11.297  50296.328    31.4372     6.0791     11.191    7.06092     6.0825    24.7290   12.67472 5.9839e+00 0.0000e+00
        350 348.577202    0.02424     1.4542     87.250     11.573  50294.008    31.4360     6.0816     11.464    7.06056     6.0837    24.7278   12.67413 5.7916e+00 0.0000e+00
        351 348.577205    0.02431     1.4583     87.500     11.847  50292.756    31.4353     6.0833     11.736    7.06030     6.0846    24.7271   12.67372 5.6078e+00 0.0000e+00
        352 348.577208    0.02438     1.4625     87.750     12.120  50292.198    31.4351     6.0846     12.006    7.06011     6.0854    24.7267   12.67340 5.4310e+00 0.0000e+00
        353 348.577211    0.02444     1.4667     88.000     12.389  50291.598    31.4347     6.0855     12.273    7.05996     6.0857    24.7263   12.67316 5.2601e+00 0.0000e+00
        354 348.577214    0.02451     1.4708     88.250     12.655  50290.138    31.4337     6.0863     12.536    7.05988     6.0851    24.7254   12.67304 5.0945e+00 0.0000e+00
        355 348.577216    0.02458     1.4750     88.500     12.917  50287.299    31.4317     6.0866     12.796    7.05992     6.0836    24.7238   12.67314 4.9337e+00 0.0000e+00
        356 348.577219    0.02465     1.4792     88.750     13.179  50284.314    31.4294     6.0861     13.055    7.06012     6.0818    24.7221   12.67349 4.7766e+00 0.0000e+00
        357 348.577222    0.02472     1.4833     89.000     13.438  50283.964    31.4288     6.0846     13.312    7.06040     6.0803    24.7217   12.67396 4.6249e+00 0.0000e+00
        358 348.577225    0.02479     1.4875     89.250     13.693  50285.799    31.4296     6.0828     13.565    7.06066     6.0792    24.7226   12.67438 4.4815e+00 0.0000e+00
        359 348.577228    0.02486     1.4917     89.500     13.943  50287.356    31.4302     6.0814     13.812    7.06087     6.0786    24.7233   12.67472 4.3475e+00 0.0000e+00
        360 348.577231    0.02493     1.4958     89.750     14.185  50289.434    31.4314     6.0803     14.052    7.06100     6.0787    24.7243   12.67492 4.2222e+00 0.0000e+00
        361 348.577234    0.02500     1.5000     90.000     14.422  50292.111    31.4330     6.0797     14.286    7.06101     6.0793    24.7257   12.67493 4.1043e+00 0.0000e+00
