CTD-processing/allCTD/CNV--turbid/2016_04-11_t4_s06_cast216.cnv
* Sea-Bird SBE19plus Data File:
* FileName = C:\Users\Kris.Holderied\Documents\kasitsna\Research-KBL\Oceanography-AK\CTD-Data-ALL-to-2016-02\2016-CTD-KachemakBay-CookInlet\2016-04-CookInlet-quarterly\2016-04-11-CookInlet-Tran4-Barabara\2016-04-11-CookInlet-Tran4-cast216.hex
* Software Version 1.59
* Temperature SN =  5028
* Conductivity SN =  5028
* System UpLoad Time = May 12 2016 11:39:14
** Cook Inlet LTM Tran4 Barabara south to north
** Date (YYYY-MM-DD): 2016-04-11
** Station (ie. 9-01): 4-06
** Start time (AKST): 14:29
** Depth (m): 60
** Comment:  R/V Pandalus.
** Comment:
# nquan = 16
# nvalues = 574                         
# units = specified
# name 0 = scan: Scan Count
# name 1 = timeJ: Julian Days
# name 2 = timeH: Time, Elapsed [hours]
# name 3 = timeM: Time, Elapsed [minutes]
# name 4 = timeS: Time, Elapsed [seconds]
# name 5 = prdM: Pressure, Strain Gauge [db]
# name 6 = specc: Specific Conductance [uS/cm]
# name 7 = sal00: Salinity, Practical [PSU]
# name 8 = tv290C: Temperature [ITS-90, deg C]
# name 9 = depSM: Depth [salt water, m], lat = 59.00
# name 10 = oxsolML/L: Oxygen Saturation, Garcia & Gordon [ml/l]
# name 11 = potemp090C: Potential Temperature [ITS-90, deg C]
# name 12 = sigma-é00: Density [sigma-theta, kg/m^3]
# name 13 = n2satML/L: Nitrogen Saturation [ml/l]
# name 14 = par: PAR/Irradiance, Biospherical/Licor
# name 15 = flag:  0.000e+00
# span 0 =          1,        574       
# span 1 = 102.603241, 102.604899       
# span 2 =    0.00000,    0.03979       
# span 3 =     0.0000,     2.3875       
# span 4 =      0.000,    143.250       
# span 5 =     -0.170,     59.515       
# span 6 =   2310.722,  50319.055       
# span 7 =     1.1571,    31.4163       
# span 8 =     6.0076,     6.2100       
# span 9 =     -0.168,     58.950       
# span 10 =    7.05268,    8.60449      
# span 11 =     6.0029,     6.2092      
# span 12 =     0.8590,    24.7216      
# span 13 =   12.66473,   15.67940      
# span 14 = 3.9989e-02, 4.9630e+02      
# span 15 = 0.0000e+00, 0.0000e+00      
# interval = seconds: 0.25
# start_time = Apr 11 2016 14:28:40 [Instrument's time stamp, header]
# bad_flag = -9.990e-29
*END*
[from data line 452]
        453 102.604549    0.03139     1.8833    113.000     37.284  50156.657    31.3335     6.1058     36.933    7.06135     6.1028    24.6442   12.67674 5.7119e-01 0.0000e+00
        454 102.604552    0.03146     1.8875    113.250     37.494  50156.824    31.3335     6.1058     37.140    7.06134     6.1028    24.6443   12.67674 5.5296e-01 0.0000e+00
        455 102.604554    0.03153     1.8917    113.500     37.698  50157.024    31.3336     6.1058     37.343    7.06134     6.1028    24.6443   12.67673 5.3589e-01 0.0000e+00
        456 102.604557    0.03160     1.8958    113.750     37.896  50157.215    31.3336     6.1058     37.538    7.06134     6.1028    24.6443   12.67672 5.2014e-01 0.0000e+00
        457 102.604560    0.03167     1.9000    114.000     38.084  50157.379    31.3336     6.1058     37.725    7.06133     6.1028    24.6443   12.67671 5.0579e-01 0.0000e+00
        458 102.604563    0.03174     1.9042    114.250     38.263  50157.538    31.3337     6.1058     37.902    7.06132     6.1028    24.6444   12.67670 4.9270e-01 0.0000e+00
        459 102.604566    0.03181     1.9083    114.500     38.434  50157.695    31.3337     6.1059     38.071    7.06132     6.1028    24.6444   12.67670 4.8054e-01 0.0000e+00
        460 102.604569    0.03188     1.9125    114.750     38.600  50157.817    31.3337     6.1059     38.235    7.06132     6.1028    24.6444   12.67669 4.6894e-01 0.0000e+00
        461 102.604572    0.03194     1.9167    115.000     38.763  50157.894    31.3337     6.1059     38.397    7.06132     6.1027    24.6444   12.67670 4.5753e-01 0.0000e+00
        462 102.604575    0.03201     1.9208    115.250     38.928  50157.928    31.3336     6.1059     38.561    7.06133     6.1027    24.6444   12.67671 4.4606e-01 0.0000e+00
        463 102.604578    0.03208     1.9250    115.500     39.100  50157.916    31.3335     6.1059     38.730    7.06133     6.1027    24.6443   12.67672 4.3432e-01 0.0000e+00
        464 102.604580    0.03215     1.9292    115.750     39.279  50157.887    31.3334     6.1059     38.908    7.06134     6.1026    24.6442   12.67673 4.2218e-01 0.0000e+00
        465 102.604583    0.03222     1.9333    116.000     39.469  50157.880    31.3333     6.1058     39.096    7.06135     6.1026    24.6441   12.67675 4.0970e-01 0.0000e+00
        466 102.604586    0.03229     1.9375    116.250     39.668  50157.942    31.3333     6.1058     39.294    7.06136     6.1026    24.6441   12.67676 3.9704e-01 0.0000e+00
        467 102.604589    0.03236     1.9417    116.500     39.876  50158.069    31.3333     6.1058     39.499    7.06136     6.1026    24.6441   12.67676 3.8439e-01 0.0000e+00
        468 102.604592    0.03243     1.9458    116.750     40.088  50158.190    31.3332     6.1058     39.710    7.06136     6.1026    24.6441   12.67676 3.7197e-01 0.0000e+00
        469 102.604595    0.03250     1.9500    117.000     40.302  50158.322    31.3332     6.1058     39.922    7.06135     6.1026    24.6441   12.67675 3.6000e-01 0.0000e+00
        470 102.604598    0.03257     1.9542    117.250     40.514  50158.485    31.3333     6.1058     40.131    7.06135     6.1026    24.6441   12.67674 3.4867e-01 0.0000e+00
        471 102.604601    0.03264     1.9583    117.500     40.720  50158.569    31.3332     6.1059     40.335    7.06135     6.1026    24.6441   12.67674 3.3808e-01 0.0000e+00
        472 102.604604    0.03271     1.9625    117.750     40.917  50158.547    31.3331     6.1059     40.531    7.06135     6.1026    24.6440   12.67674 3.2829e-01 0.0000e+00
        473 102.604606    0.03278     1.9667    118.000     41.107  50158.626    31.3331     6.1059     40.718    7.06135     6.1026    24.6439   12.67674 3.1924e-01 0.0000e+00
        474 102.604609    0.03285     1.9708    118.250     41.289  50158.941    31.3332     6.1059     40.898    7.06134     6.1026    24.6441   12.67673 3.1079e-01 0.0000e+00
        475 102.604612    0.03292     1.9750    118.500     41.465  50159.301    31.3334     6.1059     41.073    7.06133     6.1026    24.6442   12.67671 3.0275e-01 0.0000e+00
        476 102.604615    0.03299     1.9792    118.750     41.638  50159.574    31.3335     6.1059     41.244    7.06132     6.1026    24.6443   12.67669 2.9499e-01 0.0000e+00
        477 102.604618    0.03306     1.9833    119.000     41.810  50159.818    31.3336     6.1060     41.415    7.06132     6.1026    24.6444   12.67669 2.8747e-01 0.0000e+00
        478 102.604621    0.03313     1.9875    119.250     41.984  50160.064    31.3337     6.1060     41.587    7.06131     6.1025    24.6444   12.67668 2.8011e-01 0.0000e+00
        479 102.604624    0.03319     1.9917    119.500     42.162  50160.363    31.3338     6.1060     41.763    7.06131     6.1024    24.6445   12.67668 2.7285e-01 0.0000e+00
        480 102.604627    0.03326     1.9958    119.750     42.344  50160.781    31.3340     6.1059     41.944    7.06131     6.1023    24.6447   12.67667 2.6571e-01 0.0000e+00
        481 102.604630    0.03333     2.0000    120.000     42.531  50161.304    31.3343     6.1059     42.129    7.06130     6.1022    24.6449   12.67666 2.5875e-01 0.0000e+00
        482 102.604633    0.03340     2.0042    120.250     42.722  50161.884    31.3346     6.1058     42.318    7.06130     6.1021    24.6451   12.67666 2.5188e-01 0.0000e+00
        483 102.604635    0.03347     2.0083    120.500     42.915  50162.457    31.3349     6.1057     42.510    7.06131     6.1019    24.6454   12.67666 2.4493e-01 0.0000e+00
        484 102.604638    0.03354     2.0125    120.750     43.111  50162.954    31.3351     6.1055     42.703    7.06132     6.1018    24.6456   12.67668 2.3793e-01 0.0000e+00
        485 102.604641    0.03361     2.0167    121.000     43.306  50163.411    31.3353     6.1054     42.897    7.06133     6.1017    24.6457   12.67669 2.3097e-01 0.0000e+00
        486 102.604644    0.03368     2.0208    121.250     43.501  50163.906    31.3355     6.1053     43.090    7.06133     6.1017    24.6459   12.67669 2.2401e-01 0.0000e+00
        487 102.604647    0.03375     2.0250    121.500     43.695  50164.425    31.3358     6.1052     43.282    7.06133     6.1016    24.6461   12.67668 2.1718e-01 0.0000e+00
        488 102.604650    0.03382     2.0292    121.750     43.887  50164.887    31.3360     6.1052     43.473    7.06133     6.1015    24.6463   12.67668 2.1074e-01 0.0000e+00
        489 102.604653    0.03389     2.0333    122.000     44.077  50165.255    31.3361     6.1051     43.661    7.06133     6.1015    24.6464   12.67668 2.0471e-01 0.0000e+00
        490 102.604656    0.03396     2.0375    122.250     44.266  50165.582    31.3362     6.1051     43.848    7.06133     6.1014    24.6465   12.67668 1.9903e-01 0.0000e+00
        491 102.604659    0.03403     2.0417    122.500     44.452  50165.909    31.3364     6.1050     44.032    7.06134     6.1014    24.6467   12.67669 1.9362e-01 0.0000e+00
        492 102.604661    0.03410     2.0458    122.750     44.638  50166.219    31.3365     6.1050     44.216    7.06134     6.1013    24.6468   12.67669 1.8842e-01 0.0000e+00
        493 102.604664    0.03417     2.0500    123.000     44.823  50166.494    31.3366     6.1050     44.400    7.06134     6.1013    24.6469   12.67669 1.8335e-01 0.0000e+00
        494 102.604667    0.03424     2.0542    123.250     45.009  50166.742    31.3367     6.1050     44.584    7.06134     6.1012    24.6469   12.67669 1.7839e-01 0.0000e+00
        495 102.604670    0.03431     2.0583    123.500     45.196  50167.013    31.3368     6.1049     44.769    7.06134     6.1012    24.6470   12.67668 1.7356e-01 0.0000e+00
        496 102.604673    0.03438     2.0625    123.750     45.384  50167.326    31.3369     6.1049     44.955    7.06134     6.1011    24.6471   12.67668 1.6888e-01 0.0000e+00
        497 102.604676    0.03444     2.0667    124.000     45.574  50167.616    31.3370     6.1048     45.143    7.06135     6.1010    24.6472   12.67669 1.6434e-01 0.0000e+00
        498 102.604679    0.03451     2.0708    124.250     45.766  50167.877    31.3371     6.1048     45.333    7.06135     6.1009    24.6473   12.67670 1.5991e-01 0.0000e+00
        499 102.604682    0.03458     2.0750    124.500     45.959  50168.153    31.3371     6.1047     45.524    7.06136     6.1008    24.6473   12.67672 1.5556e-01 0.0000e+00
        500 102.604685    0.03465     2.0792    124.750     46.153  50168.465    31.3372     6.1046     45.717    7.06137     6.1007    24.6474   12.67673 1.5125e-01 0.0000e+00
        501 102.604688    0.03472     2.0833    125.000     46.349  50168.813    31.3374     6.1045     45.911    7.06138     6.1006    24.6476   12.67675 1.4701e-01 0.0000e+00
        502 102.604690    0.03479     2.0875    125.250     46.547  50169.185    31.3375     6.1044     46.106    7.06139     6.1005    24.6477   12.67676 1.4290e-01 0.0000e+00
        503 102.604693    0.03486     2.0917    125.500     46.745  50169.562    31.3377     6.1043     46.303    7.06140     6.1004    24.6478   12.67677 1.3891e-01 0.0000e+00
        504 102.604696    0.03493     2.0958    125.750     46.944  50169.896    31.3378     6.1042     46.500    7.06141     6.1004    24.6479   12.67678 1.3503e-01 0.0000e+00
        505 102.604699    0.03500     2.1000    126.000     47.143  50170.144    31.3379     6.1042     46.697    7.06141     6.1004    24.6480   12.67678 1.3130e-01 0.0000e+00
        506 102.604702    0.03507     2.1042    126.250     47.343  50170.319    31.3379     6.1042     46.895    7.06141     6.1004    24.6480   12.67678 1.2776e-01 0.0000e+00
        507 102.604705    0.03514     2.1083    126.500     47.540  50170.484    31.3380     6.1042     47.091    7.06140     6.1003    24.6481   12.67678 1.2439e-01 0.0000e+00
        508 102.604708    0.03521     2.1125    126.750     47.735  50170.688    31.3380     6.1042     47.284    7.06140     6.1003    24.6481   12.67677 1.2127e-01 0.0000e+00
        509 102.604711    0.03528     2.1167    127.000     47.926  50170.919    31.3381     6.1042     47.473    7.06140     6.1002    24.6482   12.67677 1.1850e-01 0.0000e+00
        510 102.604714    0.03535     2.1208    127.250     48.113  50171.178    31.3382     6.1042     47.657    7.06140     6.1001    24.6482   12.67677 1.1599e-01 0.0000e+00
        511 102.604716    0.03542     2.1250    127.500     48.295  50171.506    31.3383     6.1041     47.838    7.06141     6.0998    24.6483   12.67678 1.1339e-01 0.0000e+00
        512 102.604719    0.03549     2.1292    127.750     48.474  50171.941    31.3385     6.1039     48.015    7.06142     6.0994    24.6485   12.67680 1.1057e-01 0.0000e+00
        513 102.604722    0.03556     2.1333    128.000     48.650  50172.499    31.3387     6.1037     48.190    7.06145     6.0989    24.6487   12.67685 1.0756e-01 0.0000e+00
        514 102.604725    0.03562     2.1375    128.250     48.826  50173.201    31.3390     6.1034     48.364    7.06149     6.0982    24.6490   12.67692 1.0435e-01 0.0000e+00
        515 102.604728    0.03569     2.1417    128.500     49.004  50174.126    31.3395     6.1029     48.540    7.06155     6.0972    24.6494   12.67701 1.0082e-01 0.0000e+00
        516 102.604731    0.03576     2.1458    128.750     49.184  50175.395    31.3401     6.1022     48.718    7.06164     6.0961    24.6500   12.67714 9.7037e-02 0.0000e+00
        517 102.604734    0.03583     2.1500    129.000     49.368  50177.066    31.3410     6.1012     48.900    7.06175     6.0951    24.6508   12.67731 9.3099e-02 0.0000e+00
        518 102.604737    0.03590     2.1542    129.250     49.556  50179.025    31.3421     6.1001     49.086    7.06188     6.0942    24.6518   12.67751 8.8905e-02 0.0000e+00
        519 102.604740    0.03597     2.1583    129.500     49.748  50180.992    31.3432     6.0991     49.277    7.06201     6.0934    24.6528   12.67771 8.4374e-02 0.0000e+00
        520 102.604742    0.03604     2.1625    129.750     49.946  50182.709    31.3441     6.0982     49.473    7.06212     6.0929    24.6536   12.67788 7.9759e-02 0.0000e+00
        521 102.604745    0.03611     2.1667    130.000     50.146  50184.084    31.3448     6.0974     49.672    7.06220     6.0925    24.6543   12.67801 7.5529e-02 0.0000e+00
        522 102.604748    0.03618     2.1708    130.250     50.349  50185.128    31.3453     6.0969     49.872    7.06227     6.0924    24.6548   12.67811 7.2076e-02 0.0000e+00
        523 102.604751    0.03625     2.1750    130.500     50.550  50185.822    31.3456     6.0965     50.071    7.06231     6.0923    24.6551   12.67818 6.9490e-02 0.0000e+00
        524 102.604754    0.03632     2.1792    130.750     50.748  50186.178    31.3458     6.0964     50.268    7.06233     6.0923    24.6552   12.67821 6.7612e-02 0.0000e+00
        525 102.604757    0.03639     2.1833    131.000     50.941  50186.385    31.3458     6.0964     50.459    7.06233     6.0921    24.6552   12.67821 6.6241e-02 0.0000e+00
        526 102.604760    0.03646     2.1875    131.250     51.126  50186.686    31.3459     6.0963     50.642    7.06233     6.0917    24.6553   12.67821 6.5247e-02 0.0000e+00
        527 102.604763    0.03653     2.1917    131.500     51.301  50187.218    31.3462     6.0962     50.816    7.06235     6.0911    24.6555   12.67823 6.4524e-02 0.0000e+00
        528 102.604766    0.03660     2.1958    131.750     51.467  50188.014    31.3466     6.0958     50.979    7.06239     6.0904    24.6559   12.67830 6.3966e-02 0.0000e+00
        529 102.604769    0.03667     2.2000    132.000     51.624  50189.050    31.3471     6.0952     51.136    7.06246     6.0896    24.6564   12.67840 6.3490e-02 0.0000e+00
        530 102.604771    0.03674     2.2042    132.250     51.778  50190.268    31.3478     6.0946     51.288    7.06254     6.0888    24.6570   12.67853 6.3035e-02 0.0000e+00
        531 102.604774    0.03681     2.2083    132.500     51.932  50191.594    31.3485     6.0938     51.440    7.06264     6.0879    24.6576   12.67868 6.2556e-02 0.0000e+00
        532 102.604777    0.03687     2.2125    132.750     52.090  50192.999    31.3492     6.0930     51.597    7.06274     6.0869    24.6583   12.67883 6.2017e-02 0.0000e+00
        533 102.604780    0.03694     2.2167    133.000     52.256  50194.530    31.3500     6.0921     51.762    7.06285     6.0857    24.6590   12.67900 6.1383e-02 0.0000e+00
        534 102.604783    0.03701     2.2208    133.250     52.434  50196.239    31.3509     6.0911     51.938    7.06297     6.0843    24.6599   12.67920 6.0634e-02 0.0000e+00
        535 102.604786    0.03708     2.2250    133.500     52.624  50198.176    31.3520     6.0899     52.126    7.06312     6.0826    24.6608   12.67943 5.9780e-02 0.0000e+00
        536 102.604789    0.03715     2.2292    133.750     52.826  50200.404    31.3531     6.0885     52.326    7.06330     6.0807    24.6619   12.67971 5.8859e-02 0.0000e+00
        537 102.604792    0.03722     2.2333    134.000     53.035  50202.966    31.3545     6.0868     52.533    7.06351     6.0786    24.6632   12.68004 5.7929e-02 0.0000e+00
        538 102.604795    0.03729     2.2375    134.250     53.248  50205.839    31.3560     6.0850     52.744    7.06375     6.0764    24.6646   12.68042 5.7048e-02 0.0000e+00
        539 102.604797    0.03736     2.2417    134.500     53.459  50208.958    31.3577     6.0829     52.953    7.06401     6.0742    24.6662   12.68083 5.6286e-02 0.0000e+00
        540 102.604800    0.03743     2.2458    134.750     53.664  50212.238    31.3594     6.0807     53.156    7.06429     6.0721    24.6678   12.68127 5.5730e-02 0.0000e+00
        541 102.604803    0.03750     2.2500    135.000     53.860  50215.588    31.3612     6.0785     53.350    7.06458     6.0700    24.6695   12.68172 5.5490e-02 0.0000e+00
        542 102.604806    0.03757     2.2542    135.250     54.045  50218.909    31.3630     6.0764     53.534    7.06485     6.0681    24.6712   12.68215 5.5451e-02 0.0000e+00
