CTD-processing/allCTD/CNV--turbid/2016_08-30_t7_s03_cast086.cnv
* Sea-Bird SBE19plus Data File:
* FileName = C:\Users\Kim.Powell\Desktop\2016_08-30_T7_5028\2016_08-30_T7_5028_cast086.hex
* Software Version 1.59
* Temperature SN =  5028
* Conductivity SN =  5028
* System UpLoad Time = Aug 30 2016 17:42:03
** CookInlet LTM Transect 7
** 2016_08-30
** Station: 7-03
** Start Time: 14:57
** Depth (m): 43.9
** Comment:
** Comment:
# nquan = 16
# nvalues = 503                         
# units = specified
# name 0 = scan: Scan Count
# name 1 = timeJ: Julian Days
# name 2 = timeH: Time, Elapsed [hours]
# name 3 = timeM: Time, Elapsed [minutes]
# name 4 = timeS: Time, Elapsed [seconds]
# name 5 = prdM: Pressure, Strain Gauge [db]
# name 6 = specc: Specific Conductance [uS/cm]
# name 7 = sal00: Salinity, Practical [PSU]
# name 8 = tv290C: Temperature [ITS-90, deg C]
# name 9 = depSM: Depth [salt water, m], lat = 59.00
# name 10 = oxsolML/L: Oxygen Saturation, Garcia & Gordon [ml/l]
# name 11 = potemp090C: Potential Temperature [ITS-90, deg C]
# name 12 = sigma-é00: Density [sigma-theta, kg/m^3]
# name 13 = n2satML/L: Nitrogen Saturation [ml/l]
# name 14 = par: PAR/Irradiance, Biospherical/Licor
# name 15 = flag:  0.000e+00
# span 0 =          1,        503       
# span 1 = 243.623322, 243.624774       
# span 2 =    0.00000,    0.03486       
# span 3 =     0.0000,     2.0917       
# span 4 =      0.000,    125.500       
# span 5 =     -0.041,     42.477       
# span 6 =     68.913,  46394.052       
# span 7 =     0.0351,    29.5314       
# span 8 =    12.1653,    14.8226       
# span 9 =     -0.041,     42.076       
# span 10 =    5.97614,    7.08491      
# span 11 =    12.1602,    14.8227      
# span 12 =    -0.8422,    22.3168      
# span 13 =   10.90634,   13.12801      
# span 14 = 1.3508e-01, 1.7480e+03      
# span 15 = 0.0000e+00, 0.0000e+00      
# interval = seconds: 0.25
# start_time = Aug 30 2016 14:57:35 [Instrument's time stamp, header]
# bad_flag = -9.990e-29
*END*
[from data line 91]
         92 243.623585    0.00632     0.3792     22.750      0.924  45596.508    29.1263    13.9018      0.915    6.03524    13.9514    21.6726   11.00264 7.6726e+01 0.0000e+00
         93 243.623588    0.00639     0.3833     23.000      0.915  45554.771    29.0987    13.9287      0.906    6.03295    13.9640    21.6459   10.99915 7.3692e+01 0.0000e+00
         94 243.623591    0.00646     0.3875     23.250      0.894  45501.352    29.0625    13.9515      0.885    6.03147    13.9639    21.6135   10.99711 6.8549e+01 0.0000e+00
         95 243.623594    0.00653     0.3917     23.500      0.865  45453.862    29.0298    13.9641      0.857    6.03114    13.9536    21.5858   10.99692 6.3476e+01 0.0000e+00
         96 243.623597    0.00660     0.3958     23.750      0.836  45425.074    29.0094    13.9640      0.829    6.03191    13.9390    21.5701   10.99844 5.9993e+01 0.0000e+00
         97 243.623600    0.00667     0.4000     24.000      0.814  45421.193    29.0059    13.9537      0.807    6.03330    13.9256    21.5694   11.00080 5.7684e+01 0.0000e+00
         98 243.623602    0.00674     0.4042     24.250      0.804  45442.936    29.0203    13.9391      0.797    6.03458    13.9168    21.5834   11.00275 5.6305e+01 0.0000e+00
         99 243.623605    0.00681     0.4083     24.500      0.807  45484.896    29.0490    13.9257      0.799    6.03517    13.9146    21.6083   11.00341 5.6063e+01 0.0000e+00
        100 243.623608    0.00688     0.4125     24.750      0.819  45533.631    29.0829    13.9169      0.811    6.03499    13.9202    21.6361   11.00272 5.6873e+01 0.0000e+00
        101 243.623611    0.00694     0.4167     25.000      0.836  45572.389    29.1102    13.9147      0.828    6.03424    13.9339    21.6576   11.00118 5.8200e+01 0.0000e+00
        102 243.623614    0.00701     0.4208     25.250      0.851  45591.206    29.1239    13.9203      0.843    6.03303    13.9525    21.6671   10.99901 5.9431e+01 0.0000e+00
        103 243.623617    0.00708     0.4250     25.500      0.860  45587.194    29.1221    13.9340      0.852    6.03141    13.9701    21.6629   10.99633 5.9779e+01 0.0000e+00
        104 243.623620    0.00715     0.4292     25.750      0.861  45562.488    29.1059    13.9526      0.853    6.02971    13.9815    21.6468   10.99369 5.8740e+01 0.0000e+00
        105 243.623623    0.00722     0.4333     26.000      0.854  45522.453    29.0789    13.9703      0.846    6.02854    13.9833    21.6224   10.99204 5.7099e+01 0.0000e+00
        106 243.623626    0.00729     0.4375     26.250      0.844  45476.316    29.0470    13.9816      0.836    6.02833    13.9755    21.5956   10.99205 5.6231e+01 0.0000e+00
        107 243.623628    0.00736     0.4417     26.500      0.837  45438.333    29.0202    13.9834      0.829    6.02910    13.9618    21.5746   10.99365 5.6378e+01 0.0000e+00
        108 243.623631    0.00743     0.4458     26.750      0.839  45420.368    29.0069    13.9756      0.831    6.03056    13.9481    21.5659   10.99623 5.7387e+01 0.0000e+00
        109 243.623634    0.00750     0.4500     27.000      0.852  45427.729    29.0111    13.9619      0.844    6.03210    13.9401    21.5718   10.99875 5.9359e+01 0.0000e+00
        110 243.623637    0.00757     0.4542     27.250      0.874  45459.536    29.0327    13.9482      0.866    6.03299    13.9420    21.5911   10.99997 6.1949e+01 0.0000e+00
        111 243.623640    0.00764     0.4583     27.500      0.899  45502.688    29.0626    13.9402      0.891    6.03286    13.9566    21.6159   10.99941 6.4323e+01 0.0000e+00
        112 243.623643    0.00771     0.4625     27.750      0.920  45534.105    29.0850    13.9421      0.912    6.03178    13.9825    21.6328   10.99738 6.5204e+01 0.0000e+00
        113 243.623646    0.00778     0.4667     28.000      0.930  45538.599    29.0893    13.9567      0.921    6.02983    14.0135    21.6331   10.99408 6.3678e+01 0.0000e+00
        114 243.623649    0.00785     0.4708     28.250      0.926  45517.594    29.0763    13.9826      0.917    6.02711    14.0419    21.6179   10.98970 6.0567e+01 0.0000e+00
        115 243.623652    0.00792     0.4750     28.500      0.906  45482.556    29.0537    14.0136      0.897    6.02413    14.0629    21.5944   10.98500 5.7689e+01 0.0000e+00
        116 243.623655    0.00799     0.4792     28.750      0.874  45445.071    29.0292    14.0420      0.866    6.02153    14.0741    21.5698   10.98095 5.5887e+01 0.0000e+00
        117 243.623657    0.00806     0.4833     29.000      0.836  45414.527    29.0091    14.0630      0.828    6.01970    14.0758    21.5501   10.97813 5.4991e+01 0.0000e+00
        118 243.623660    0.00813     0.4875     29.250      0.800  45400.174    28.9997    14.0742      0.793    6.01866    14.0715    21.5407   10.97650 5.4491e+01 0.0000e+00
        119 243.623663    0.00819     0.4917     29.500      0.774  45405.857    29.0039    14.0759      0.767    6.01829    14.0667    21.5435   10.97585 5.3829e+01 0.0000e+00
        120 243.623666    0.00826     0.4958     29.750      0.761  45426.033    29.0179    14.0716      0.755    6.01830    14.0666    21.5552   10.97572 5.2833e+01 0.0000e+00
        121 243.623669    0.00833     0.5000     30.000      0.764  45449.377    29.0341    14.0668      0.758    6.01828    14.0740    21.5686   10.97550 5.1955e+01 0.0000e+00
        122 243.623672    0.00840     0.5042     30.250      0.782  45465.836    29.0458    14.0667      0.775    6.01786    14.0892    21.5776   10.97466 5.1855e+01 0.0000e+00
        123 243.623675    0.00847     0.5083     30.500      0.810  45471.515    29.0503    14.0741      0.803    6.01678    14.1100    21.5796   10.97281 5.2456e+01 0.0000e+00
        124 243.623678    0.00854     0.5125     30.750      0.846  45468.677    29.0494    14.0893      0.838    6.01495    14.1344    21.5759   10.96977 5.3105e+01 0.0000e+00
        125 243.623681    0.00861     0.5167     31.000      0.883  45462.973    29.0468    14.1101      0.875    6.01249    14.1618    21.5697   10.96572 5.3727e+01 0.0000e+00
        126 243.623683    0.00868     0.5208     31.250      0.919  45458.857    29.0456    14.1345      0.910    6.00954    14.1926    21.5639   10.96082 5.4852e+01 0.0000e+00
        127 243.623686    0.00875     0.5250     31.500      0.947  45457.458    29.0466    14.1619      0.938    6.00613    14.2267    21.5591   10.95513 5.6300e+01 0.0000e+00
        128 243.623689    0.00882     0.5292     31.750      0.964  45456.058    29.0478    14.1927      0.956    6.00231    14.2630    21.5539   10.94877 5.7078e+01 0.0000e+00
        129 243.623692    0.00889     0.5333     32.000      0.968  45448.872    29.0451    14.2268      0.960    5.99823    14.2989    21.5449   10.94202 5.6733e+01 0.0000e+00
        130 243.623695    0.00896     0.5375     32.250      0.958  45432.730    29.0362    14.2631      0.949    5.99412    14.3311    21.5307   10.93527 5.5616e+01 0.0000e+00
        131 243.623698    0.00903     0.5417     32.500      0.935  45410.647    29.0230    14.2990      0.926    5.99021    14.3577    21.5134   10.92893 5.4169e+01 0.0000e+00
        132 243.623701    0.00910     0.5458     32.750      0.902  45388.281    29.0094    14.3313      0.894    5.98677    14.3783    21.4964   10.92336 5.2423e+01 0.0000e+00
        133 243.623704    0.00917     0.5500     33.000      0.866  45369.064    28.9977    14.3578      0.858    5.98397    14.3938    21.4820   10.91882 5.0600e+01 0.0000e+00
        134 243.623707    0.00924     0.5542     33.250      0.832  45353.748    28.9882    14.3784      0.825    5.98180    14.4053    21.4705   10.91533 4.9414e+01 0.0000e+00
        135 243.623709    0.00931     0.5583     33.500      0.807  45342.060    28.9810    14.3939      0.800    5.98017    14.4140    21.4619   10.91271 4.8965e+01 0.0000e+00
        136 243.623712    0.00937     0.5625     33.750      0.792  45333.193    28.9755    14.4054      0.785    5.97897    14.4208    21.4553   10.91077 4.8907e+01 0.0000e+00
        137 243.623715    0.00944     0.5667     34.000      0.790  45326.148    28.9711    14.4141      0.783    5.97807    14.4264    21.4502   10.90932 4.9312e+01 0.0000e+00
        138 243.623718    0.00951     0.5708     34.250      0.798  45320.094    28.9673    14.4209      0.791    5.97738    14.4309    21.4458   10.90821 5.0144e+01 0.0000e+00
        139 243.623721    0.00958     0.5750     34.500      0.814  45314.314    28.9636    14.4265      0.807    5.97685    14.4344    21.4419   10.90737 5.0825e+01 0.0000e+00
        140 243.623724    0.00965     0.5792     34.750      0.836  45308.173    28.9595    14.4310      0.828    5.97645    14.4365    21.4378   10.90675 5.0930e+01 0.0000e+00
        141 243.623727    0.00972     0.5833     35.000      0.860  45301.244    28.9548    14.4345      0.852    5.97620    14.4370    21.4335   10.90639 5.0762e+01 0.0000e+00
        142 243.623730    0.00979     0.5875     35.250      0.885  45293.514    28.9495    14.4366      0.877    5.97614    14.4356    21.4289   10.90634 5.0865e+01 0.0000e+00
        143 243.623733    0.00986     0.5917     35.500      0.909  45285.970    28.9442    14.4371      0.900    5.97627    14.4322    21.4247   10.90662 5.1282e+01 0.0000e+00
        144 243.623736    0.00993     0.5958     35.750      0.928  45279.849    28.9397    14.4358      0.919    5.97659    14.4269    21.4216   10.90721 5.1777e+01 0.0000e+00
        145 243.623738    0.01000     0.6000     36.000      0.942  45275.258    28.9362    14.4324      0.933    5.97714    14.4201    21.4196   10.90816 5.2350e+01 0.0000e+00
        146 243.623741    0.01007     0.6042     36.250      0.950  45271.880    28.9335    14.4270      0.941    5.97789    14.4121    21.4185   10.90944 5.3026e+01 0.0000e+00
        147 243.623744    0.01014     0.6083     36.500      0.952  45269.687    28.9314    14.4202      0.943    5.97879    14.4032    21.4184   10.91097 5.3569e+01 0.0000e+00
        148 243.623747    0.01021     0.6125     36.750      0.950  45268.691    28.9302    14.4122      0.941    5.97982    14.3939    21.4190   10.91268 5.3686e+01 0.0000e+00
        149 243.623750    0.01028     0.6167     37.000      0.944  45268.783    28.9297    14.4034      0.935    5.98091    14.3843    21.4204   10.91452 5.3186e+01 0.0000e+00
        150 243.623753    0.01035     0.6208     37.250      0.933  45269.718    28.9297    14.3940      0.924    5.98205    14.3746    21.4223   10.91641 5.2376e+01 0.0000e+00
        151 243.623756    0.01042     0.6250     37.500      0.917  45271.398    28.9302    14.3844      0.908    5.98320    14.3650    21.4247   10.91832 5.1937e+01 0.0000e+00
        152 243.623759    0.01049     0.6292     37.750      0.897  45273.955    28.9314    14.3747      0.889    5.98434    14.3559    21.4275   10.92020 5.1748e+01 0.0000e+00
        153 243.623762    0.01056     0.6333     38.000      0.876  45277.329    28.9331    14.3651      0.868    5.98545    14.3475    21.4308   10.92202 5.0987e+01 0.0000e+00
        154 243.623764    0.01063     0.6375     38.250      0.856  45281.056    28.9351    14.3560      0.848    5.98649    14.3399    21.4342   10.92372 4.9451e+01 0.0000e+00
        155 243.623767    0.01069     0.6417     38.500      0.843  45284.611    28.9371    14.3477      0.835    5.98744    14.3327    21.4374   10.92528 4.7786e+01 0.0000e+00
        156 243.623770    0.01076     0.6458     38.750      0.838  45287.403    28.9385    14.3400      0.831    5.98832    14.3259    21.4401   10.92673 4.6746e+01 0.0000e+00
        157 243.623773    0.01083     0.6500     39.000      0.844  45288.545    28.9388    14.3329      0.836    5.98918    14.3194    21.4417   10.92816 4.6773e+01 0.0000e+00
        158 243.623776    0.01090     0.6542     39.250      0.856  45287.126    28.9374    14.3261      0.848    5.99006    14.3126    21.4420   10.92964 4.7792e+01 0.0000e+00
        159 243.623779    0.01097     0.6583     39.500      0.872  45282.878    28.9339    14.3196      0.864    5.99099    14.3047    21.4406   10.93122 4.9279e+01 0.0000e+00
        160 243.623782    0.01104     0.6625     39.750      0.887  45276.490    28.9289    14.3127      0.879    5.99201    14.2951    21.4382   10.93297 5.0501e+01 0.0000e+00
        161 243.623785    0.01111     0.6667     40.000      0.901  45269.766    28.9236    14.3048      0.892    5.99317    14.2839    21.4357   10.93497 5.0569e+01 0.0000e+00
        162 243.623788    0.01118     0.6708     40.250      0.912  45264.949    28.9195    14.2953      0.903    5.99449    14.2717    21.4345   10.93722 4.9457e+01 0.0000e+00
        163 243.623791    0.01125     0.6750     40.500      0.921  45263.493    28.9177    14.2840      0.912    5.99594    14.2594    21.4353   10.93964 4.8486e+01 0.0000e+00
        164 243.623793    0.01132     0.6792     40.750      0.930  45265.716    28.9184    14.2718      0.921    5.99741    14.2480    21.4384   10.94207 4.8704e+01 0.0000e+00
        165 243.623796    0.01139     0.6833     41.000      0.940  45270.108    28.9206    14.2595      0.931    5.99882    14.2377    21.4426   10.94440 5.0038e+01 0.0000e+00
        166 243.623799    0.01146     0.6875     41.250      0.950  45274.018    28.9226    14.2481      0.941    6.00015    14.2284    21.4464   10.94659 5.1770e+01 0.0000e+00
        167 243.623802    0.01153     0.6917     41.500      0.958  45275.916    28.9232    14.2378      0.949    6.00138    14.2191    21.4489   10.94863 5.2933e+01 0.0000e+00
        168 243.623805    0.01160     0.6958     41.750      0.962  45276.205    28.9228    14.2285      0.954    6.00255    14.2095    21.4505   10.95058 5.2798e+01 0.0000e+00
        169 243.623808    0.01167     0.7000     42.000      0.961  45276.227    28.9221    14.2192      0.953    6.00371    14.2000    21.4518   10.95252 5.1387e+01 0.0000e+00
        170 243.623811    0.01174     0.7042     42.250      0.954  45277.229    28.9222    14.2096      0.945    6.00488    14.1911    21.4538   10.95447 4.9900e+01 0.0000e+00
        171 243.623814    0.01181     0.7083     42.500      0.941  45279.067    28.9228    14.2001      0.932    6.00603    14.1827    21.4562   10.95637 4.9588e+01 0.0000e+00
        172 243.623817    0.01188     0.7125     42.750      0.924  45279.868    28.9228    14.1912      0.915    6.00713    14.1741    21.4579   10.95820 5.0358e+01 0.0000e+00
        173 243.623819    0.01194     0.7167     43.000      0.904  45279.022    28.9216    14.1828      0.896    6.00820    14.1649    21.4587   10.95999 5.1547e+01 0.0000e+00
        174 243.623822    0.01201     0.7208     43.250      0.885  45278.254    28.9204    14.1742      0.877    6.00929    14.1551    21.4596   10.96183 5.2436e+01 0.0000e+00
        175 243.623825    0.01208     0.7250     43.500      0.868  45279.245    28.9205    14.1650      0.860    6.01043    14.1452    21.4615   10.96371 5.2119e+01 0.0000e+00
        176 243.623828    0.01215     0.7292     43.750      0.855  45282.425    28.9220    14.1552      0.847    6.01157    14.1357    21.4646   10.96560 5.0481e+01 0.0000e+00
        177 243.623831    0.01222     0.7333     44.000      0.848  45287.277    28.9248    14.1453      0.840    6.01269    14.1270    21.4687   10.96743 4.8767e+01 0.0000e+00
        178 243.623834    0.01229     0.7375     44.250      0.849  45292.774    28.9280    14.1358      0.841    6.01374    14.1192    21.4731   10.96914 4.8317e+01 0.0000e+00
        179 243.623837    0.01236     0.7417     44.500      0.861  45297.565    28.9308    14.1271      0.853    6.01471    14.1121    21.4770   10.97072 4.9224e+01 0.0000e+00
        180 243.623840    0.01243     0.7458     44.750      0.883  45300.399    28.9323    14.1193      0.874    6.01561    14.1053    21.4796   10.97220 5.0419e+01 0.0000e+00
