CTD-processing/allCTD/CNV--turbid/2016_04-11_t3_s14_cast208.cnv
* Sea-Bird SBE19plus Data File:
* FileName = C:\Users\Kris.Holderied\Documents\kasitsna\Research-KBL\Oceanography-AK\CTD-Data-ALL-to-2016-02\2016-CTD-KachemakBay-CookInlet\2016-04-CookInlet-quarterly\2016-04-11-CookInlet-Tran3-AnchorPt\2016-04-11-CookInlet-Tran3-cast208.hex
* Software Version 1.59
* Temperature SN =  5028
* Conductivity SN =  5028
* System UpLoad Time = Apr 11 2016 11:23:42
** Cook Inlet LTM Tran3 Anchor Pt west to east
** Date (YYYY-MM-DD): 2016-04-11
** Station (ie. 9-01): 3-14
** Start time (AKST): 10:41
** Depth (m): 24
** Comment:  R/V Pandalus.
** Comment:
# nquan = 16
# nvalues = 528                         
# units = specified
# name 0 = scan: Scan Count
# name 1 = timeJ: Julian Days
# name 2 = timeH: Time, Elapsed [hours]
# name 3 = timeM: Time, Elapsed [minutes]
# name 4 = timeS: Time, Elapsed [seconds]
# name 5 = prdM: Pressure, Strain Gauge [db]
# name 6 = specc: Specific Conductance [uS/cm]
# name 7 = sal00: Salinity, Practical [PSU]
# name 8 = tv290C: Temperature [ITS-90, deg C]
# name 9 = depSM: Depth [salt water, m], lat = 59.00
# name 10 = oxsolML/L: Oxygen Saturation, Garcia & Gordon [ml/l]
# name 11 = potemp090C: Potential Temperature [ITS-90, deg C]
# name 12 = sigma-é00: Density [sigma-theta, kg/m^3]
# name 13 = n2satML/L: Nitrogen Saturation [ml/l]
# name 14 = par: PAR/Irradiance, Biospherical/Licor
# name 15 = flag:  0.000e+00
# span 0 =          1,        528       
# span 1 = 102.445347, 102.446872       
# span 2 =    0.00000,    0.03660       
# span 3 =     0.0000,     2.1958       
# span 4 =      0.000,    131.750       
# span 5 =     -0.176,     25.676       
# span 6 =    517.046,  49938.216       
# span 7 =     0.2411,    31.2063       
# span 8 =     5.3444,     6.2024       
# span 9 =     -0.174,     25.434       
# span 10 =    7.05132,    8.84299      
# span 11 =     5.3445,     6.2006      
# span 12 =     0.1537,    24.5321      
# span 13 =   12.66178,   16.09491      
# span 14 = 1.9504e-01, 1.2199e+02      
# span 15 = 0.0000e+00, 0.0000e+00      
# interval = seconds: 0.25
# start_time = Apr 11 2016 10:41:18 [Instrument's time stamp, header]
# bad_flag = -9.990e-29
*END*
[from data line 362]
        363 102.446395    0.02514     1.5083     90.500      1.349  49916.121    31.2021     6.2003      1.337    7.05185     6.2002    24.5288   12.66271 4.9155e+01 0.0000e+00
        364 102.446398    0.02521     1.5125     90.750      1.360  49916.005    31.2020     6.2003      1.347    7.05185     6.2001    24.5287   12.66271 4.9003e+01 0.0000e+00
        365 102.446400    0.02528     1.5167     91.000      1.369  49915.909    31.2019     6.2003      1.356    7.05186     6.2000    24.5287   12.66273 4.9125e+01 0.0000e+00
        366 102.446403    0.02535     1.5208     91.250      1.374  49915.841    31.2018     6.2002      1.361    7.05187     6.1998    24.5286   12.66275 4.9248e+01 0.0000e+00
        367 102.446406    0.02542     1.5250     91.500      1.374  49915.824    31.2018     6.2001      1.361    7.05190     6.1996    24.5286   12.66279 4.9470e+01 0.0000e+00
        368 102.446409    0.02549     1.5292     91.750      1.370  49915.852    31.2018     6.1999      1.357    7.05193     6.1994    24.5286   12.66284 4.9883e+01 0.0000e+00
        369 102.446412    0.02556     1.5333     92.000      1.362  49915.958    31.2019     6.1997      1.349    7.05196     6.1993    24.5287   12.66289 5.0341e+01 0.0000e+00
        370 102.446415    0.02562     1.5375     92.250      1.353  49916.167    31.2020     6.1995      1.341    7.05199     6.1992    24.5288   12.66294 5.0621e+01 0.0000e+00
        371 102.446418    0.02569     1.5417     92.500      1.346  49916.429    31.2021     6.1994      1.334    7.05200     6.1992    24.5289   12.66297 5.0728e+01 0.0000e+00
        372 102.446421    0.02576     1.5458     92.750      1.341  49916.701    31.2023     6.1993      1.329    7.05201     6.1992    24.5291   12.66297 5.0935e+01 0.0000e+00
        373 102.446424    0.02583     1.5500     93.000      1.337  49916.927    31.2024     6.1993      1.325    7.05200     6.1993    24.5292   12.66296 5.1276e+01 0.0000e+00
        374 102.446427    0.02590     1.5542     93.250      1.335  49917.059    31.2025     6.1993      1.323    7.05199     6.1995    24.5293   12.66293 5.1448e+01 0.0000e+00
        375 102.446429    0.02597     1.5583     93.500      1.333  49917.079    31.2026     6.1994      1.321    7.05196     6.1996    24.5293   12.66289 5.1252e+01 0.0000e+00
        376 102.446432    0.02604     1.5625     93.750      1.330  49916.993    31.2025     6.1996      1.317    7.05194     6.1996    24.5292   12.66286 5.0856e+01 0.0000e+00
        377 102.446435    0.02611     1.5667     94.000      1.324  49916.846    31.2025     6.1997      1.312    7.05193     6.1997    24.5292   12.66284 5.0723e+01 0.0000e+00
        378 102.446438    0.02618     1.5708     94.250      1.318  49916.662    31.2024     6.1997      1.306    7.05193     6.1997    24.5291   12.66284 5.0944e+01 0.0000e+00
        379 102.446441    0.02625     1.5750     94.500      1.312  49916.494    31.2023     6.1998      1.300    7.05193     6.1996    24.5290   12.66284 5.1034e+01 0.0000e+00
        380 102.446444    0.02632     1.5792     94.750      1.308  49916.439    31.2022     6.1998      1.296    7.05193     6.1996    24.5290   12.66284 5.0947e+01 0.0000e+00
        381 102.446447    0.02639     1.5833     95.000      1.307  49916.477    31.2022     6.1997      1.295    7.05193     6.1996    24.5290   12.66285 5.1014e+01 0.0000e+00
        382 102.446450    0.02646     1.5875     95.250      1.310  49916.547    31.2023     6.1997      1.298    7.05194     6.1996    24.5290   12.66285 5.1006e+01 0.0000e+00
        383 102.446453    0.02653     1.5917     95.500      1.315  49916.644    31.2023     6.1997      1.303    7.05194     6.1996    24.5291   12.66285 5.0505e+01 0.0000e+00
        384 102.446455    0.02660     1.5958     95.750      1.324  49916.740    31.2024     6.1997      1.312    7.05193     6.1996    24.5292   12.66285 4.9659e+01 0.0000e+00
        385 102.446458    0.02667     1.6000     96.000      1.337  49916.815    31.2024     6.1997      1.324    7.05193     6.1997    24.5292   12.66284 4.8886e+01 0.0000e+00
        386 102.446461    0.02674     1.6042     96.250      1.354  49916.856    31.2024     6.1997      1.341    7.05192     6.1997    24.5292   12.66283 4.8364e+01 0.0000e+00
        387 102.446464    0.02681     1.6083     96.500      1.376  49916.839    31.2024     6.1998      1.363    7.05192     6.1998    24.5292   12.66281 4.8226e+01 0.0000e+00
        388 102.446467    0.02688     1.6125     96.750      1.401  49916.769    31.2024     6.1998      1.388    7.05191     6.1998    24.5291   12.66280 4.8433e+01 0.0000e+00
        389 102.446470    0.02694     1.6167     97.000      1.423  49916.673    31.2023     6.1999      1.410    7.05191     6.1998    24.5290   12.66280 4.8587e+01 0.0000e+00
        390 102.446473    0.02701     1.6208     97.250      1.438  49916.554    31.2022     6.1999      1.425    7.05191     6.1997    24.5290   12.66280 4.8562e+01 0.0000e+00
        391 102.446476    0.02708     1.6250     97.500      1.442  49916.396    31.2021     6.1999      1.429    7.05191     6.1996    24.5289   12.66282 4.8620e+01 0.0000e+00
        392 102.446479    0.02715     1.6292     97.750      1.435  49916.213    31.2020     6.1998      1.421    7.05193     6.1994    24.5288   12.66285 4.9029e+01 0.0000e+00
        393 102.446481    0.02722     1.6333     98.000      1.416  49916.083    31.2019     6.1997      1.403    7.05196     6.1993    24.5287   12.66289 4.9954e+01 0.0000e+00
        394 102.446484    0.02729     1.6375     98.250      1.389  49916.098    31.2019     6.1996      1.377    7.05198     6.1991    24.5288   12.66293 5.1090e+01 0.0000e+00
        395 102.446487    0.02736     1.6417     98.500      1.359  49916.269    31.2020     6.1994      1.346    7.05201     6.1990    24.5289   12.66297 5.1838e+01 0.0000e+00
        396 102.446490    0.02743     1.6458     98.750      1.328  49916.496    31.2021     6.1992      1.316    7.05203     6.1990    24.5290   12.66300 5.2172e+01 0.0000e+00
        397 102.446493    0.02750     1.6500     99.000      1.300  49916.654    31.2022     6.1991      1.288    7.05204     6.1989    24.5291   12.66302 5.2384e+01 0.0000e+00
        398 102.446496    0.02757     1.6542     99.250      1.280  49916.699    31.2023     6.1991      1.268    7.05204     6.1989    24.5291   12.66303 5.2331e+01 0.0000e+00
        399 102.446499    0.02764     1.6583     99.500      1.268  49916.716    31.2023     6.1990      1.257    7.05205     6.1989    24.5291   12.66304 5.1933e+01 0.0000e+00
        400 102.446502    0.02771     1.6625     99.750      1.267  49916.790    31.2023     6.1990      1.255    7.05205     6.1990    24.5291   12.66304 5.1540e+01 0.0000e+00
        401 102.446505    0.02778     1.6667    100.000      1.272  49916.930    31.2024     6.1990      1.261    7.05205     6.1991    24.5292   12.66303 5.1286e+01 0.0000e+00
        402 102.446508    0.02785     1.6708    100.250      1.282  49917.088    31.2025     6.1991      1.271    7.05203     6.1993    24.5293   12.66301 5.0778e+01 0.0000e+00
        403 102.446510    0.02792     1.6750    100.500      1.294  49917.173    31.2026     6.1992      1.282    7.05201     6.1995    24.5293   12.66297 4.9912e+01 0.0000e+00
        404 102.446513    0.02799     1.6792    100.750      1.305  49917.131    31.2026     6.1994      1.293    7.05198     6.1996    24.5293   12.66292 4.9150e+01 0.0000e+00
        405 102.446516    0.02806     1.6833    101.000      1.318  49916.962    31.2025     6.1996      1.306    7.05195     6.1997    24.5292   12.66288 4.8776e+01 0.0000e+00
        406 102.446519    0.02813     1.6875    101.250      1.334  49916.730    31.2024     6.1997      1.321    7.05193     6.1997    24.5291   12.66284 4.8714e+01 0.0000e+00
        407 102.446522    0.02819     1.6917    101.500      1.354  49916.510    31.2022     6.1998      1.341    7.05192     6.1996    24.5290   12.66283 4.8768e+01 0.0000e+00
        408 102.446525    0.02826     1.6958    101.750      1.376  49916.300    31.2021     6.1998      1.362    7.05193     6.1994    24.5289   12.66284 4.8729e+01 0.0000e+00
        409 102.446528    0.02833     1.7000    102.000      1.397  49916.124    31.2020     6.1997      1.384    7.05195     6.1992    24.5288   12.66288 4.8508e+01 0.0000e+00
        410 102.446531    0.02840     1.7042    102.250      1.415  49916.098    31.2019     6.1995      1.401    7.05198     6.1990    24.5287   12.66294 4.8232e+01 0.0000e+00
        411 102.446534    0.02847     1.7083    102.500      1.427  49916.278    31.2019     6.1993      1.414    7.05202     6.1988    24.5288   12.66300 4.8154e+01 0.0000e+00
        412 102.446536    0.02854     1.7125    102.750      1.435  49916.552    31.2021     6.1991      1.421    7.05205     6.1987    24.5290   12.66304 4.8536e+01 0.0000e+00
        413 102.446539    0.02861     1.7167    103.000      1.437  49916.755    31.2022     6.1989      1.423    7.05207     6.1987    24.5291   12.66307 4.9332e+01 0.0000e+00
        414 102.446542    0.02868     1.7208    103.250      1.434  49916.859    31.2023     6.1988      1.420    7.05208     6.1986    24.5292   12.66309 5.0061e+01 0.0000e+00
        415 102.446545    0.02875     1.7250    103.500      1.426  49916.912    31.2023     6.1988      1.412    7.05209     6.1985    24.5292   12.66311 5.0332e+01 0.0000e+00
        416 102.446548    0.02882     1.7292    103.750      1.412  49916.941    31.2023     6.1987      1.398    7.05210     6.1985    24.5292   12.66313 5.0165e+01 0.0000e+00
        417 102.446551    0.02889     1.7333    104.000      1.392  49916.999    31.2024     6.1986      1.379    7.05211     6.1984    24.5292   12.66314 5.0001e+01 0.0000e+00
        418 102.446554    0.02896     1.7375    104.250      1.371  49917.093    31.2024     6.1986      1.358    7.05212     6.1984    24.5293   12.66315 5.0274e+01 0.0000e+00
        419 102.446557    0.02903     1.7417    104.500      1.353  49917.170    31.2025     6.1985      1.341    7.05212     6.1984    24.5293   12.66316 5.0754e+01 0.0000e+00
        420 102.446560    0.02910     1.7458    104.750      1.345  49917.247    31.2025     6.1985      1.332    7.05212     6.1985    24.5294   12.66315 5.0869e+01 0.0000e+00
        421 102.446563    0.02917     1.7500    105.000      1.349  49917.364    31.2026     6.1985      1.336    7.05211     6.1987    24.5294   12.66313 5.0265e+01 0.0000e+00
        422 102.446565    0.02924     1.7542    105.250      1.370  49917.487    31.2027     6.1986      1.357    7.05209     6.1989    24.5295   12.66310 4.9085e+01 0.0000e+00
        423 102.446568    0.02931     1.7583    105.500      1.415  49917.568    31.2028     6.1988      1.402    7.05206     6.1992    24.5295   12.66305 4.7725e+01 0.0000e+00
        424 102.446571    0.02937     1.7625    105.750      1.493  49917.632    31.2028     6.1991      1.479    7.05202     6.1996    24.5295   12.66298 4.6033e+01 0.0000e+00
        425 102.446574    0.02944     1.7667    106.000      1.620  49917.693    31.2028     6.1994      1.605    7.05197     6.1999    24.5295   12.66289 4.3724e+01 0.0000e+00
        426 102.446577    0.02951     1.7708    106.250      1.807  49917.677    31.2028     6.1997      1.790    7.05191     6.2001    24.5295   12.66280 4.0938e+01 0.0000e+00
        427 102.446580    0.02958     1.7750    106.500      2.044  49917.540    31.2027     6.2000      2.024    7.05187     6.2003    24.5293   12.66272 3.7984e+01 0.0000e+00
        428 102.446583    0.02965     1.7792    106.750      2.292  49917.345    31.2025     6.2003      2.271    7.05183     6.2005    24.5291   12.66266 3.5280e+01 0.0000e+00
        429 102.446586    0.02972     1.7833    107.000      2.526  49917.218    31.2023     6.2006      2.502    7.05179     6.2005    24.5290   12.66262 3.2944e+01 0.0000e+00
        430 102.446589    0.02979     1.7875    107.250      2.758  49917.230    31.2022     6.2007      2.732    7.05177     6.2006    24.5289   12.66258 3.0585e+01 0.0000e+00
        431 102.446591    0.02986     1.7917    107.500      3.023  49917.323    31.2022     6.2008      2.994    7.05176     6.2006    24.5288   12.66256 2.7952e+01 0.0000e+00
        432 102.446594    0.02993     1.7958    107.750      3.335  49917.446    31.2022     6.2009      3.304    7.05175     6.2006    24.5288   12.66254 2.5248e+01 0.0000e+00
        433 102.446597    0.03000     1.8000    108.000      3.681  49917.617    31.2021     6.2009      3.646    7.05174     6.2006    24.5288   12.66253 2.2752e+01 0.0000e+00
        434 102.446600    0.03007     1.8042    108.250      4.037  49917.865    31.2021     6.2010      3.999    7.05174     6.2006    24.5288   12.66253 2.0567e+01 0.0000e+00
        435 102.446603    0.03014     1.8083    108.500      4.392  49918.198    31.2022     6.2010      4.351    7.05174     6.2005    24.5289   12.66252 1.8681e+01 0.0000e+00
        436 102.446606    0.03021     1.8125    108.750      4.741  49918.572    31.2023     6.2009      4.696    7.05173     6.2005    24.5289   12.66252 1.7073e+01 0.0000e+00
        437 102.446609    0.03028     1.8167    109.000      5.075  49918.940    31.2024     6.2009      5.028    7.05173     6.2005    24.5290   12.66251 1.5723e+01 0.0000e+00
        438 102.446612    0.03035     1.8208    109.250      5.390  49919.296    31.2025     6.2009      5.340    7.05173     6.2005    24.5291   12.66250 1.4570e+01 0.0000e+00
        439 102.446615    0.03042     1.8250    109.500      5.688  49919.653    31.2026     6.2009      5.635    7.05172     6.2005    24.5292   12.66249 1.3545e+01 0.0000e+00
        440 102.446617    0.03049     1.8292    109.750      5.973  49920.024    31.2027     6.2010      5.918    7.05171     6.2005    24.5293   12.66247 1.2618e+01 0.0000e+00
        441 102.446620    0.03056     1.8333    110.000      6.250  49920.400    31.2028     6.2010      6.192    7.05170     6.2005    24.5294   12.66246 1.1785e+01 0.0000e+00
        442 102.446623    0.03062     1.8375    110.250      6.521  49920.761    31.2030     6.2010      6.460    7.05169     6.2005    24.5295   12.66244 1.1043e+01 0.0000e+00
        443 102.446626    0.03069     1.8417    110.500      6.789  49921.142    31.2031     6.2010      6.725    7.05168     6.2005    24.5296   12.66242 1.0376e+01 0.0000e+00
        444 102.446629    0.03076     1.8458    110.750      7.053  49921.564    31.2033     6.2010      6.987    7.05167     6.2005    24.5297   12.66240 9.7653e+00 0.0000e+00
        445 102.446632    0.03083     1.8500    111.000      7.315  49921.959    31.2034     6.2010      7.247    7.05166     6.2005    24.5298   12.66238 9.1945e+00 0.0000e+00
        446 102.446635    0.03090     1.8542    111.250      7.576  49922.259    31.2035     6.2011      7.505    7.05165     6.2005    24.5299   12.66237 8.6553e+00 0.0000e+00
        447 102.446638    0.03097     1.8583    111.500      7.837  49922.429    31.2035     6.2011      7.763    7.05164     6.2005    24.5299   12.66236 8.1483e+00 0.0000e+00
        448 102.446641    0.03104     1.8625    111.750      8.096  49922.486    31.2035     6.2012      8.020    7.05164     6.2005    24.5299   12.66235 7.6742e+00 0.0000e+00
        449 102.446644    0.03111     1.8667    112.000      8.353  49922.541    31.2034     6.2012      8.274    7.05165     6.2004    24.5298   12.66236 7.2360e+00 0.0000e+00
        450 102.446646    0.03118     1.8708    112.250      8.605  49922.676    31.2033     6.2012      8.524    7.05165     6.2004    24.5298   12.66236 6.8359e+00 0.0000e+00
        451 102.446649    0.03125     1.8750    112.500      8.853  49922.836    31.2033     6.2012      8.770    7.05165     6.2005    24.5298   12.66236 6.4688e+00 0.0000e+00
