CTD-processing/allCTD/CNV--turbid/2016_06-16_t9_s03_cast268.cnv
* Sea-Bird SBE19plus Data File:
* FileName = C:\Users\Kris.Holderied\Documents\kasitsna\Research-KBL\Oceanography-AK\CTD-Data-ALL-to-2016-05\2016-CTD-KachemakBay-CookInlet\2016-06-16-CookInlet-HomerSpit-monthly\2016-06-16-CookInlet-Tran9-cast268.hex
* Software Version 1.59
* Temperature SN =  5028
* Conductivity SN =  5028
* System UpLoad Time = Jul 26 2016 19:46:13
** Cook Inlet LTM Tran9 Homer Spit monthly
** Date (YYYY-MM-DD): 2016-06-16
** Station (eg. 9-01):  9-03
** Start time (AKDT): 13:17
** Depth (m): 94.5
** Comment:  R/V Edgecumbe.
** Comment:
# nquan = 16
# nvalues = 618                         
# units = specified
# name 0 = scan: Scan Count
# name 1 = timeJ: Julian Days
# name 2 = timeH: Time, Elapsed [hours]
# name 3 = timeM: Time, Elapsed [minutes]
# name 4 = timeS: Time, Elapsed [seconds]
# name 5 = prdM: Pressure, Strain Gauge [db]
# name 6 = specc: Specific Conductance [uS/cm]
# name 7 = sal00: Salinity, Practical [PSU]
# name 8 = tv290C: Temperature [ITS-90, deg C]
# name 9 = depSM: Depth [salt water, m], lat = 59.00
# name 10 = oxsolML/L: Oxygen Saturation, Garcia & Gordon [ml/l]
# name 11 = potemp090C: Potential Temperature [ITS-90, deg C]
# name 12 = sigma-é00: Density [sigma-theta, kg/m^3]
# name 13 = n2satML/L: Nitrogen Saturation [ml/l]
# name 14 = par: PAR/Irradiance, Biospherical/Licor
# name 15 = flag:  0.000e+00
# span 0 =          1,        618       
# span 1 = 168.553796, 168.555582       
# span 2 =    0.00000,    0.04285       
# span 3 =     0.0000,     2.5708       
# span 4 =      0.000,    154.250       
# span 5 =     -0.041,     87.292       
# span 6 =   1990.261,  49790.265       
# span 7 =     1.0034,    31.3513       
# span 8 =     7.7823,    12.2158       
# span 9 =     -0.040,     86.458       
# span 10 =    6.30719,    7.65215      
# span 11 =     7.7742,    12.2157      
# span 12 =     0.3838,    24.4414      
# span 13 =   11.47134,   14.07617      
# span 14 = 6.0755e-02, 1.9917e+03      
# span 15 = 0.0000e+00, 0.0000e+00      
# interval = seconds: 0.25
# start_time = Jun 16 2016 13:17:28 [Instrument's time stamp, header]
# bad_flag = -9.990e-29
*END*
[from data line 181]
        182 168.554320    0.01257     0.7542     45.250      1.140  43709.590    27.6591    12.1633      1.129    6.31602    12.1652    20.8664   11.48657 8.2988e+02 0.0000e+00
        183 168.554323    0.01264     0.7583     45.500      1.136  43703.741    27.6551    12.1644      1.125    6.31603    12.1660    20.8631   11.48663 8.6430e+02 0.0000e+00
        184 168.554326    0.01271     0.7625     45.750      1.130  43700.320    27.6528    12.1654      1.119    6.31599    12.1667    20.8611   11.48661 9.2128e+02 0.0000e+00
        185 168.554329    0.01278     0.7667     46.000      1.123  43700.068    27.6527    12.1662      1.113    6.31589    12.1671    20.8609   11.48643 9.5726e+02 0.0000e+00
        186 168.554332    0.01285     0.7708     46.250      1.120  43701.277    27.6536    12.1668      1.109    6.31577    12.1673    20.8615   11.48622 9.2782e+02 0.0000e+00
        187 168.554334    0.01292     0.7750     46.500      1.121  43702.484    27.6545    12.1672      1.110    6.31568    12.1672    20.8621   11.48606 8.7854e+02 0.0000e+00
        188 168.554337    0.01299     0.7792     46.750      1.127  43702.198    27.6543    12.1674      1.117    6.31566    12.1667    20.8619   11.48603 8.4511e+02 0.0000e+00
        189 168.554340    0.01306     0.7833     47.000      1.135  43698.235    27.6515    12.1673      1.124    6.31579    12.1658    20.8598   11.48628 8.1846e+02 0.0000e+00
        190 168.554343    0.01313     0.7875     47.250      1.140  43692.401    27.6474    12.1668      1.129    6.31602    12.1649    20.8567   11.48671 8.0668e+02 0.0000e+00
        191 168.554346    0.01319     0.7917     47.500      1.139  43687.725    27.6441    12.1660      1.129    6.31626    12.1641    20.8542   11.48715 8.1770e+02 0.0000e+00
        192 168.554349    0.01326     0.7958     47.750      1.134  43683.455    27.6410    12.1651      1.123    6.31650    12.1633    20.8520   11.48759 8.4562e+02 0.0000e+00
        193 168.554352    0.01333     0.8000     48.000      1.127  43681.329    27.6395    12.1642      1.116    6.31667    12.1627    20.8510   11.48790 8.9510e+02 0.0000e+00
        194 168.554355    0.01340     0.8042     48.250      1.123  43686.779    27.6432    12.1634      1.112    6.31664    12.1624    20.8540   11.48779 9.2679e+02 0.0000e+00
        195 168.554358    0.01347     0.8083     48.500      1.125  43698.662    27.6515    12.1628      1.114    6.31639    12.1622    20.8605   11.48728 8.8316e+02 0.0000e+00
        196 168.554361    0.01354     0.8125     48.750      1.133  43710.460    27.6597    12.1626      1.123    6.31610    12.1617    20.8670   11.48669 8.1611e+02 0.0000e+00
        197 168.554363    0.01361     0.8167     49.000      1.145  43719.018    27.6657    12.1624      1.134    6.31589    12.1606    20.8716   11.48627 7.8435e+02 0.0000e+00
        198 168.554366    0.01368     0.8208     49.250      1.155  43723.245    27.6686    12.1619      1.144    6.31584    12.1586    20.8739   11.48616 7.7931e+02 0.0000e+00
        199 168.554369    0.01375     0.8250     49.500      1.158  43723.548    27.6687    12.1607      1.148    6.31599    12.1555    20.8742   11.48640 7.8857e+02 0.0000e+00
        200 168.554372    0.01382     0.8292     49.750      1.153  43723.459    27.6684    12.1587      1.142    6.31626    12.1512    20.8744   11.48686 8.0834e+02 0.0000e+00
        201 168.554375    0.01389     0.8333     50.000      1.140  43725.420    27.6695    12.1556      1.129    6.31665    12.1468    20.8758   11.48749 8.4307e+02 0.0000e+00
        202 168.554378    0.01396     0.8375     50.250      1.126  43728.626    27.6714    12.1513      1.115    6.31714    12.1435    20.8780   11.48829 8.8499e+02 0.0000e+00
        203 168.554381    0.01403     0.8417     50.500      1.118  43732.164    27.6735    12.1469      1.107    6.31765    12.1419    20.8804   11.48911 9.0905e+02 0.0000e+00
        204 168.554384    0.01410     0.8458     50.750      1.118  43734.528    27.6749    12.1436      1.108    6.31804    12.1416    20.8821   11.48973 9.2173e+02 0.0000e+00
        205 168.554387    0.01417     0.8500     51.000      1.125  43733.159    27.6738    12.1420      1.114    6.31829    12.1420    20.8815   11.49017 9.4606e+02 0.0000e+00
        206 168.554389    0.01424     0.8542     51.250      1.133  43727.628    27.6699    12.1418      1.122    6.31848    12.1425    20.8785   11.49053 9.8801e+02 0.0000e+00
        207 168.554392    0.01431     0.8583     51.500      1.139  43720.452    27.6649    12.1422      1.128    6.31863    12.1428    20.8746   11.49084 1.0354e+03 0.0000e+00
        208 168.554395    0.01438     0.8625     51.750      1.142  43717.207    27.6627    12.1426      1.131    6.31866    12.1428    20.8728   11.49091 1.0452e+03 0.0000e+00
        209 168.554398    0.01444     0.8667     52.000      1.143  43721.840    27.6660    12.1429      1.132    6.31849    12.1425    20.8753   11.49059 1.0200e+03 0.0000e+00
        210 168.554401    0.01451     0.8708     52.250      1.142  43730.173    27.6718    12.1429      1.131    6.31825    12.1418    20.8798   11.49013 9.9409e+02 0.0000e+00
        211 168.554404    0.01458     0.8750     52.500      1.137  43735.248    27.6753    12.1426      1.126    6.31816    12.1409    20.8826   11.48993 9.5656e+02 0.0000e+00
        212 168.554407    0.01465     0.8792     52.750      1.128  43736.360    27.6761    12.1419      1.117    6.31822    12.1397    20.8833   11.49002 9.2254e+02 0.0000e+00
        213 168.554410    0.01472     0.8833     53.000      1.116  43736.187    27.6759    12.1410      1.105    6.31835    12.1385    20.8833   11.49025 9.0693e+02 0.0000e+00
        214 168.554413    0.01479     0.8875     53.250      1.106  43737.720    27.6769    12.1398      1.096    6.31847    12.1372    20.8842   11.49044 8.8014e+02 0.0000e+00
        215 168.554416    0.01486     0.8917     53.500      1.103  43743.300    27.6807    12.1386      1.093    6.31849    12.1360    20.8874   11.49042 8.4942e+02 0.0000e+00
        216 168.554418    0.01493     0.8958     53.750      1.106  43749.842    27.6851    12.1373      1.096    6.31847    12.1345    20.8911   11.49034 8.4515e+02 0.0000e+00
        217 168.554421    0.01500     0.9000     54.000      1.112  43752.758    27.6871    12.1361      1.102    6.31856    12.1324    20.8928   11.49047 8.6617e+02 0.0000e+00
        218 168.554424    0.01507     0.9042     54.250      1.116  43753.252    27.6873    12.1346      1.106    6.31876    12.1293    20.8932   11.49078 8.8484e+02 0.0000e+00
        219 168.554427    0.01514     0.9083     54.500      1.115  43755.183    27.6884    12.1325      1.105    6.31899    12.1254    20.8945   11.49116 8.9115e+02 0.0000e+00
        220 168.554430    0.01521     0.9125     54.750      1.110  43759.364    27.6911    12.1295      1.100    6.31929    12.1212    20.8971   11.49163 9.0181e+02 0.0000e+00
        221 168.554433    0.01528     0.9167     55.000      1.103  43764.478    27.6944    12.1256      1.092    6.31969    12.1170    20.9004   11.49225 9.1204e+02 0.0000e+00
        222 168.554436    0.01535     0.9208     55.250      1.094  43768.951    27.6971    12.1213      1.083    6.32015    12.1130    20.9033   11.49299 9.1359e+02 0.0000e+00
        223 168.554439    0.01542     0.9250     55.500      1.083  43771.393    27.6984    12.1172      1.073    6.32065    12.1087    20.9050   11.49382 9.2562e+02 0.0000e+00
        224 168.554442    0.01549     0.9292     55.750      1.073  43771.536    27.6982    12.1131      1.063    6.32121    12.1037    20.9056   11.49474 9.5729e+02 0.0000e+00
        225 168.554444    0.01556     0.9333     56.000      1.063  43770.615    27.6972    12.1088      1.053    6.32182    12.0979    20.9056   11.49577 1.0029e+03 0.0000e+00
        226 168.554447    0.01563     0.9375     56.250      1.056  43770.484    27.6967    12.1038      1.046    6.32251    12.0913    20.9060   11.49693 1.0491e+03 0.0000e+00
        227 168.554450    0.01569     0.9417     56.500      1.051  43772.220    27.6974    12.0980      1.041    6.32327    12.0842    20.9076   11.49818 1.0794e+03 0.0000e+00
        228 168.554453    0.01576     0.9458     56.750      1.049  43776.048    27.6996    12.0914      1.039    6.32408    12.0771    20.9104   11.49950 1.1170e+03 0.0000e+00
        229 168.554456    0.01583     0.9500     57.000      1.046  43781.590    27.7028    12.0843      1.037    6.32490    12.0703    20.9142   11.50082 1.1629e+03 0.0000e+00
        230 168.554459    0.01590     0.9542     57.250      1.043  43788.101    27.7068    12.0772      1.034    6.32569    12.0641    20.9185   11.50209 1.1802e+03 0.0000e+00
        231 168.554462    0.01597     0.9583     57.500      1.040  43795.211    27.7112    12.0705      1.030    6.32643    12.0586    20.9231   11.50326 1.1657e+03 0.0000e+00
        232 168.554465    0.01604     0.9625     57.750      1.036  43802.804    27.7160    12.0642      1.026    6.32708    12.0538    20.9279   11.50428 1.1342e+03 0.0000e+00
        233 168.554468    0.01611     0.9667     58.000      1.031  43810.123    27.7206    12.0587      1.022    6.32764    12.0499    20.9325   11.50516 1.1176e+03 0.0000e+00
        234 168.554470    0.01618     0.9708     58.250      1.025  43816.219    27.7244    12.0539      1.016    6.32812    12.0467    20.9363   11.50592 1.1270e+03 0.0000e+00
        235 168.554473    0.01625     0.9750     58.500      1.018  43821.175    27.7276    12.0500      1.008    6.32853    12.0442    20.9395   11.50656 1.1587e+03 0.0000e+00
        236 168.554476    0.01632     0.9792     58.750      1.010  43825.457    27.7303    12.0468      1.001    6.32885    12.0423    20.9421   11.50707 1.1992e+03 0.0000e+00
        237 168.554479    0.01639     0.9833     59.000      1.003  43828.998    27.7326    12.0443      0.994    6.32910    12.0408    20.9443   11.50745 1.2060e+03 0.0000e+00
        238 168.554482    0.01646     0.9875     59.250      0.999  43831.712    27.7343    12.0424      0.989    6.32928    12.0397    20.9460   11.50773 1.1761e+03 0.0000e+00
        239 168.554485    0.01653     0.9917     59.500      0.997  43833.822    27.7357    12.0410      0.988    6.32942    12.0388    20.9473   11.50795 1.1372e+03 0.0000e+00
        240 168.554488    0.01660     0.9958     59.750      0.999  43835.567    27.7368    12.0398      0.990    6.32953    12.0381    20.9484   11.50811 1.1133e+03 0.0000e+00
        241 168.554491    0.01667     1.0000     60.000      1.004  43837.048    27.7377    12.0390      0.994    6.32961    12.0376    20.9493   11.50823 1.0992e+03 0.0000e+00
        242 168.554494    0.01674     1.0042     60.250      1.011  43838.319    27.7385    12.0383      1.002    6.32967    12.0371    20.9501   11.50833 1.0841e+03 0.0000e+00
        243 168.554497    0.01681     1.0083     60.500      1.021  43839.445    27.7393    12.0377      1.011    6.32972    12.0369    20.9507   11.50839 1.0813e+03 0.0000e+00
        244 168.554499    0.01688     1.0125     60.750      1.030  43840.440    27.7399    12.0373      1.020    6.32975    12.0368    20.9513   11.50844 1.0936e+03 0.0000e+00
        245 168.554502    0.01694     1.0167     61.000      1.036  43841.299    27.7405    12.0370      1.026    6.32976    12.0369    20.9518   11.50845 1.1244e+03 0.0000e+00
        246 168.554505    0.01701     1.0208     61.250      1.039  43842.043    27.7410    12.0369      1.030    6.32975    12.0371    20.9522   11.50843 1.1506e+03 0.0000e+00
        247 168.554508    0.01708     1.0250     61.500      1.040  43842.665    27.7415    12.0370      1.031    6.32973    12.0374    20.9525   11.50838 1.1587e+03 0.0000e+00
        248 168.554511    0.01715     1.0292     61.750      1.041  43843.112    27.7418    12.0372      1.031    6.32969    12.0378    20.9528   11.50831 1.1842e+03 0.0000e+00
        249 168.554514    0.01722     1.0333     62.000      1.043  43843.359    27.7420    12.0375      1.033    6.32964    12.0383    20.9529   11.50822 1.2253e+03 0.0000e+00
        250 168.554517    0.01729     1.0375     62.250      1.047  43843.439    27.7421    12.0379      1.037    6.32958    12.0389    20.9529   11.50813 1.2483e+03 0.0000e+00
        251 168.554520    0.01736     1.0417     62.500      1.053  43843.363    27.7421    12.0384      1.043    6.32951    12.0396    20.9528   11.50803 1.2356e+03 0.0000e+00
        252 168.554523    0.01743     1.0458     62.750      1.061  43843.098    27.7419    12.0390      1.051    6.32944    12.0405    20.9526   11.50791 1.1959e+03 0.0000e+00
        253 168.554525    0.01750     1.0500     63.000      1.070  43842.589    27.7416    12.0397      1.060    6.32935    12.0417    20.9522   11.50777 1.1543e+03 0.0000e+00
        254 168.554528    0.01757     1.0542     63.250      1.081  43841.953    27.7413    12.0407      1.070    6.32925    12.0435    20.9518   11.50759 1.1377e+03 0.0000e+00
        255 168.554531    0.01764     1.0583     63.500      1.090  43841.375    27.7410    12.0419      1.080    6.32910    12.0464    20.9513   11.50734 1.1582e+03 0.0000e+00
        256 168.554534    0.01771     1.0625     63.750      1.099  43840.718    27.7406    12.0437      1.088    6.32887    12.0515    20.9507   11.50697 1.1784e+03 0.0000e+00
        257 168.554537    0.01778     1.0667     64.000      1.105  43840.346    27.7406    12.0466      1.095    6.32847    12.0599    20.9502   11.50631 1.1592e+03 0.0000e+00
        258 168.554540    0.01785     1.0708     64.250      1.110  43841.426    27.7418    12.0516      1.099    6.32775    12.0737    20.9502   11.50510 1.1280e+03 0.0000e+00
        259 168.554543    0.01792     1.0750     64.500      1.112  43845.223    27.7452    12.0600      1.102    6.32649    12.0954    20.9513   11.50296 1.1322e+03 0.0000e+00
        260 168.554546    0.01799     1.0792     64.750      1.111  43852.307    27.7514    12.0738      1.101    6.32439    12.1244    20.9537   11.49939 1.1585e+03 0.0000e+00
        261 168.554549    0.01806     1.0833     65.000      1.107  43855.720    27.7556    12.0956      1.096    6.32129    12.1546    20.9531   11.49419 1.1500e+03 0.0000e+00
        262 168.554552    0.01812     1.0875     65.250      1.102  43845.671    27.7511    12.1246      1.092    6.31758    12.1799    20.9444   11.48808 1.1113e+03 0.0000e+00
        263 168.554554    0.01819     1.0917     65.500      1.100  43825.382    27.7394    12.1547      1.090    6.31400    12.1980    20.9301   11.48225 1.0597e+03 0.0000e+00
        264 168.554557    0.01826     1.0958     65.750      1.105  43804.678    27.7271    12.1800      1.095    6.31110    12.2093    20.9160   11.47757 9.7212e+02 0.0000e+00
        265 168.554560    0.01833     1.1000     66.000      1.117  43788.182    27.7171    12.1982      1.107    6.30906    12.2148    20.9051   11.47430 8.9197e+02 0.0000e+00
        266 168.554563    0.01840     1.1042     66.250      1.132  43776.706    27.7100    12.2095      1.122    6.30782    12.2157    20.8976   11.47233 8.6234e+02 0.0000e+00
        267 168.554566    0.01847     1.1083     66.500      1.145  43770.112    27.7059    12.2149      1.135    6.30726    12.2140    20.8934   11.47144 8.7328e+02 0.0000e+00
        268 168.554569    0.01854     1.1125     66.750      1.151  43767.992    27.7045    12.2158      1.140    6.30719    12.2114    20.8921   11.47134 8.9673e+02 0.0000e+00
        269 168.554572    0.01861     1.1167     67.000      1.147  43768.981    27.7050    12.2141      1.136    6.30739    12.2088    20.8928   11.47168 9.1147e+02 0.0000e+00
        270 168.554575    0.01868     1.1208     67.250      1.134  43771.175    27.7063    12.2116      1.123    6.30768    12.2064    20.8943   11.47215 9.3687e+02 0.0000e+00
        271 168.554578    0.01875     1.1250     67.500      1.116  43773.456    27.7077    12.2090      1.105    6.30797    12.2039    20.8958   11.47262 9.6778e+02 0.0000e+00
