CTD-processing/allCTD/CNV--turbid/2016_02-15_t6_s25_cast116.cnv
* Sea-Bird SBE19plus Data File:
* FileName = C:\Users\Kris.Holderied\Documents\kasitsna\Research-KBL\Oceanography-AK\CTD-Data-ALL-to-2016-02\2016-CTD-KachemakBay-CookInlet\2016-02-CookInlet-quarterly\2016-02-15-CookInlet-Tran6-Douglas\2016-02-15-CookInlet-Tran6-cast116.hex
* Software Version 1.59
* Temperature SN =  5028
* Conductivity SN =  5028
* System UpLoad Time = Feb 15 2016 19:30:59
** Cook Inlet LTM Tran6 Douglas West to East
** Date: 02-15
** Station: 6-25
** Start time (AKST): 10:55
** Depth (m): 172
** Comment:  R/V Pandalus
** Comment: Zooplankton 50m vert tow, Phytoplankton 40l surface, OA samples surface and 167m.
# nquan = 16
# nvalues = 1249                        
# units = specified
# name 0 = scan: Scan Count
# name 1 = timeJ: Julian Days
# name 2 = timeH: Time, Elapsed [hours]
# name 3 = timeM: Time, Elapsed [minutes]
# name 4 = timeS: Time, Elapsed [seconds]
# name 5 = prdM: Pressure, Strain Gauge [db]
# name 6 = specc: Specific Conductance [uS/cm]
# name 7 = sal00: Salinity, Practical [PSU]
# name 8 = tv290C: Temperature [ITS-90, deg C]
# name 9 = depSM: Depth [salt water, m], lat = 59.00
# name 10 = oxsolML/L: Oxygen Saturation, Garcia & Gordon [ml/l]
# name 11 = potemp090C: Potential Temperature [ITS-90, deg C]
# name 12 = sigma-é00: Density [sigma-theta, kg/m^3]
# name 13 = n2satML/L: Nitrogen Saturation [ml/l]
# name 14 = par: PAR/Irradiance, Biospherical/Licor
# name 15 = flag:  0.000e+00
# span 0 =          1,       1249       
# span 1 =  46.455394,  46.459005       
# span 2 =    0.00000,    0.08667       
# span 3 =     0.0000,     5.2000       
# span 4 =      0.000,    312.000       
# span 5 =     -0.147,    172.826       
# span 6 =   2273.553,  50999.117       
# span 7 =     1.1326,    31.9519       
# span 8 =     5.3745,     6.6260       
# span 9 =     -0.145,    171.139       
# span 10 =    6.94782,    8.78410      
# span 11 =     5.3755,     6.6132      
# span 12 =     0.8650,    25.0690      
# span 13 =   12.48133,   15.98153      
# span 14 = 3.7976e-02, 1.7643e+02      
# span 15 = 0.0000e+00, 0.0000e+00      
# interval = seconds: 0.25
# start_time = Feb 15 2016 10:55:46 [Instrument's time stamp, header]
# bad_flag = -9.990e-29
*END*
          1  46.455394    0.00000     0.0000      0.000     -0.143   2273.553     1.1326     5.3745     -0.142    8.78410     5.3755     0.8650   15.98153 8.8409e+01 0.0000e+00
          2  46.455396    0.00007     0.0042      0.250     -0.144   2387.643     1.1939     5.3749     -0.143    8.78049     5.3766     0.9137   15.97449 9.7405e+01 0.0000e+00
          3  46.455399    0.00014     0.0083      0.500     -0.145   2497.139     1.2539     5.3755     -0.143    8.77693     5.3783     0.9614   15.96757 1.1130e+02 0.0000e+00
          4  46.455402    0.00021     0.0125      0.750     -0.146   2584.867     1.3044     5.3766     -0.144    8.77388     5.3813     1.0014   15.96170 1.2674e+02 0.0000e+00
          5  46.455405    0.00028     0.0167      1.000     -0.147   2677.593     1.3606     5.3783     -0.145    8.77044     5.3864     1.0457   15.95510 1.3838e+02 0.0000e+00
          6  46.455408    0.00035     0.0208      1.250     -0.147   2825.381     1.4509     5.3813     -0.145    8.76490     5.3949     1.1169   15.94447 1.4546e+02 0.0000e+00
          7  46.455411    0.00042     0.0250      1.500     -0.145   3093.527     1.6129     5.3864     -0.143    8.75498     5.4091     1.2446   15.92544 1.5017e+02 0.0000e+00
          8  46.455414    0.00049     0.0292      1.750     -0.143   3581.720     1.9044     5.3949     -0.141    8.73717     5.4328     1.4747   15.89123 1.5370e+02 0.0000e+00
          9  46.455417    0.00056     0.0333      2.000     -0.139   4437.699     2.4125     5.4091     -0.137    8.70617     5.4725     1.8758   15.83165 1.5666e+02 0.0000e+00
         10  46.455420    0.00063     0.0375      2.250     -0.132   5898.013     3.2767     5.4328     -0.130    8.65348     5.5382     2.5583   15.73032 1.5994e+02 0.0000e+00
         11  46.455422    0.00069     0.0417      2.500     -0.119   8380.076     4.7423     5.4725     -0.118    8.56416     5.6331     3.7158   15.55853 1.6353e+02 0.0000e+00
         12  46.455425    0.00076     0.0458      2.750     -0.101  11841.705     6.8020     5.5382     -0.100    8.43730     5.7414     5.3414   15.31515 1.6663e+02 0.0000e+00
         13  46.455428    0.00083     0.0500      3.000     -0.079  15804.331     9.2156     5.6331     -0.078    8.28731     5.8403     7.2429   15.02866 1.6892e+02 0.0000e+00
         14  46.455431    0.00090     0.0542      3.250     -0.060  20614.639    12.2253     5.7414     -0.059    8.10589     5.9188     9.6109   14.68218 1.7029e+02 0.0000e+00
         15  46.455434    0.00097     0.0583      3.500     -0.048  25625.845    15.4054     5.8403     -0.047    7.91959     5.9750    12.1119   14.32590 1.7095e+02 0.0000e+00
         16  46.455437    0.00104     0.0625      3.750     -0.045  28425.472    17.2124     5.9188     -0.045    7.81078     6.0086    13.5314   14.11919 1.7144e+02 0.0000e+00
         17  46.455440    0.00111     0.0667      4.000     -0.055  27254.393    16.4974     5.9750     -0.055    7.83760     6.0205    12.9650   14.17464 1.7187e+02 0.0000e+00
         18  46.455443    0.00118     0.0708      4.250     -0.075  22270.241    13.3564     6.0086     -0.075    7.99420     6.0163    10.4884   14.48088 1.7204e+02 0.0000e+00
         19  46.455446    0.00125     0.0750      4.500     -0.099  16210.533     9.5661     6.0205     -0.098    8.19026     6.0060     7.5006   14.86282 1.7209e+02 0.0000e+00
         20  46.455448    0.00132     0.0792      4.750     -0.119  11660.775     6.7527     6.0163     -0.117    8.33988     5.9963     5.2830   15.15381 1.7240e+02 0.0000e+00
         21  46.455451    0.00139     0.0833      5.000     -0.131   8767.858     4.9793     6.0060     -0.129    8.43633     5.9889     3.8849   15.34105 1.7307e+02 0.0000e+00
         22  46.455454    0.00146     0.0875      5.250     -0.137   6955.595     3.8812     5.9963     -0.136    8.49715     5.9836     3.0188   15.45901 1.7402e+02 0.0000e+00
         23  46.455457    0.00153     0.0917      5.500     -0.139   5910.060     3.2582     5.9889     -0.138    8.53241     5.9800     2.5272   15.52735 1.7507e+02 0.0000e+00
         24  46.455460    0.00160     0.0958      5.750     -0.138   5475.401     3.0111     5.9836     -0.137    8.54735     5.9782     2.3319   15.55625 1.7605e+02 0.0000e+00
         25  46.455463    0.00167     0.1000      6.000     -0.134   5605.082     3.1112     5.9800     -0.132    8.54358     5.9789     2.4104   15.54883 1.7643e+02 0.0000e+00
         26  46.455466    0.00174     0.1042      6.250     -0.125   6377.125     3.6087     5.9782     -0.123    8.51854     5.9835     2.8022   15.50013 1.7548e+02 0.0000e+00
         27  46.455469    0.00181     0.1083      6.500     -0.109   8040.113     4.6589     5.9789     -0.108    8.46401     5.9946     3.6297   15.39421 1.7288e+02 0.0000e+00
         28  46.455472    0.00187     0.1125      6.750     -0.083  11072.893     6.5608     5.9835     -0.082    8.36411     6.0165     5.1287   15.20026 1.6857e+02 0.0000e+00
         29  46.455475    0.00194     0.1167      7.000     -0.039  16301.608     9.8308     5.9946     -0.038    8.19136     6.0538     7.7062   14.86503 1.6254e+02 0.0000e+00
         30  46.455477    0.00201     0.1208      7.250      0.033  24344.273    14.8957     6.0165      0.033    7.92427     6.1043    11.6974   14.34723 1.5432e+02 0.0000e+00
         31  46.455480    0.00208     0.1250      7.500      0.140  33384.268    20.6475     6.0538      0.138    7.62106     6.1572    16.2273   13.76048 1.4223e+02 0.0000e+00
         32  46.455483    0.00215     0.1292      7.750      0.274  40240.090    25.0362     6.1043      0.271    7.38694     6.2024    19.6805   13.30862 1.2504e+02 0.0000e+00
         33  46.455486    0.00222     0.1333      8.000      0.419  44326.712    27.6550     6.1573      0.415    7.24340     6.2357    21.7383   13.03261 1.0666e+02 0.0000e+00
         34  46.455489    0.00229     0.1375      8.250      0.559  46746.572    29.2067     6.2025      0.554    7.15598     6.2568    22.9559   12.86511 9.3905e+01 0.0000e+00
         35  46.455492    0.00236     0.1417      8.500      0.678  48173.077    30.1212     6.2358      0.672    7.10328     6.2675    23.6726   12.76442 8.8017e+01 0.0000e+00
         36  46.455495    0.00243     0.1458      8.750      0.763  49013.490    30.6594     6.2569      0.756    7.07196     6.2697    24.0942   12.70463 8.7160e+01 0.0000e+00
         37  46.455498    0.00250     0.1500      9.000      0.809  49513.908    30.9792     6.2676      0.801    7.05364     6.2660    24.3451   12.66958 9.0586e+01 0.0000e+00
         38  46.455501    0.00257     0.1542      9.250      0.811  49817.164    31.1724     6.2697      0.803    7.04328     6.2599    24.4971   12.64958 9.6276e+01 0.0000e+00
         39  46.455503    0.00264     0.1583      9.500      0.773  50004.523    31.2912     6.2661      0.765    7.03775     6.2547    24.5912   12.63868 1.0244e+02 0.0000e+00
         40  46.455506    0.00271     0.1625      9.750      0.705  50124.935    31.3673     6.2600      0.698    7.03485     6.2529    24.6519   12.63277 1.0981e+02 0.0000e+00
         41  46.455509    0.00278     0.1667     10.000      0.623  50209.130    31.4209     6.2548      0.618    7.03299     6.2555    24.6948   12.62892 1.1599e+02 0.0000e+00
         42  46.455512    0.00285     0.1708     10.250      0.545  50273.950    31.4633     6.2530      0.541    7.03118     6.2614    24.7285   12.62533 1.1690e+02 0.0000e+00
         43  46.455515    0.00292     0.1750     10.500      0.486  50321.792    31.4956     6.2555      0.482    7.02918     6.2686    24.7536   12.62158 1.1442e+02 0.0000e+00
         44  46.455518    0.00299     0.1792     10.750      0.457  50349.168    31.5149     6.2614      0.453    7.02727     6.2753    24.7681   12.61816 1.1121e+02 0.0000e+00
         45  46.455521    0.00306     0.1833     11.000      0.460  50359.544    31.5229     6.2686      0.456    7.02568     6.2802    24.7736   12.61542 1.0675e+02 0.0000e+00
         46  46.455524    0.00313     0.1875     11.250      0.495  50360.606    31.5246     6.2754      0.491    7.02447     6.2820    24.7741   12.61340 9.9987e+01 0.0000e+00
         47  46.455527    0.00319     0.1917     11.500      0.557  50357.292    31.5231     6.2802      0.552    7.02374     6.2792    24.7723   12.61220 9.1782e+01 0.0000e+00
         48  46.455530    0.00326     0.1958     11.750      0.636  50348.731    31.5173     6.2820      0.631    7.02371     6.2702    24.7675   12.61222 8.4662e+01 0.0000e+00
         49  46.455532    0.00333     0.2000     12.000      0.715  50334.789    31.5071     6.2793      0.708    7.02463     6.2549    24.7597   12.61387 7.9409e+01 0.0000e+00
         50  46.455535    0.00340     0.2042     12.250      0.771  50325.978    31.4992     6.2703      0.764    7.02648     6.2377    24.7546   12.61702 7.5937e+01 0.0000e+00
         51  46.455538    0.00347     0.2083     12.500      0.799  50332.545    31.5008     6.2550      0.791    7.02892     6.2244    24.7578   12.62102 7.4107e+01 0.0000e+00
         52  46.455541    0.00354     0.2125     12.750      0.802  50353.855    31.5123     6.2378      0.795    7.03122     6.2194    24.7690   12.62468 7.3376e+01 0.0000e+00
         53  46.455544    0.00361     0.2167     13.000      0.796  50383.435    31.5303     6.2245      0.789    7.03256     6.2238    24.7848   12.62667 7.3929e+01 0.0000e+00
         54  46.455547    0.00368     0.2208     13.250      0.796  50413.099    31.5499     6.2195      0.788    7.03248     6.2353    24.8008   12.62628 7.5106e+01 0.0000e+00
         55  46.455550    0.00375     0.2250     13.500      0.817  50432.956    31.5644     6.2239      0.809    7.03107     6.2492    24.8118   12.62378 7.5358e+01 0.0000e+00
         56  46.455553    0.00382     0.2292     13.750      0.870  50436.735    31.5692     6.2353      0.862    7.02896     6.2619    24.8141   12.62023 7.4406e+01 0.0000e+00
         57  46.455556    0.00389     0.2333     14.000      0.958  50429.069    31.5665     6.2493      0.950    7.02680     6.2714    24.8103   12.61669 7.2379e+01 0.0000e+00
         58  46.455558    0.00396     0.2375     14.250      1.082  50417.812    31.5611     6.2620      1.072    7.02496     6.2761    24.8044   12.61372 6.9583e+01 0.0000e+00
         59  46.455561    0.00403     0.2417     14.500      1.228  50402.390    31.5521     6.2715      1.217    7.02382     6.2743    24.7962   12.61195 6.6961e+01 0.0000e+00
         60  46.455564    0.00410     0.2458     14.750      1.368  50380.176    31.5376     6.2762      1.355    7.02372     6.2656    24.7841   12.61197 6.5234e+01 0.0000e+00
         61  46.455567    0.00417     0.2500     15.000      1.474  50358.316    31.5220     6.2744      1.460    7.02474     6.2522    24.7721   12.61385 6.4461e+01 0.0000e+00
         62  46.455570    0.00424     0.2542     15.250      1.537  50346.299    31.5120     6.2657      1.523    7.02663     6.2378    24.7653   12.61711 6.4569e+01 0.0000e+00
         63  46.455573    0.00431     0.2583     15.500      1.561  50345.602    31.5090     6.2524      1.547    7.02896     6.2255    24.7646   12.62099 6.5791e+01 0.0000e+00
         64  46.455576    0.00438     0.2625     15.750      1.550  50354.573    31.5125     6.2380      1.536    7.03117     6.2178    24.7691   12.62460 6.8059e+01 0.0000e+00
         65  46.455579    0.00444     0.2667     16.000      1.511  50370.688    31.5213     6.2256      1.497    7.03279     6.2163    24.7775   12.62716 7.0643e+01 0.0000e+00
         66  46.455582    0.00451     0.2708     16.250      1.453  50388.760    31.5324     6.2179      1.439    7.03354     6.2214    24.7872   12.62826 7.2666e+01 0.0000e+00
         67  46.455584    0.00458     0.2750     16.500      1.382  50404.211    31.5429     6.2164      1.369    7.03330     6.2316    24.7956   12.62774 7.3958e+01 0.0000e+00
         68  46.455587    0.00465     0.2792     16.750      1.306  50414.907    31.5513     6.2215      1.294    7.03209     6.2444    24.8016   12.62563 7.5181e+01 0.0000e+00
         69  46.455590    0.00472     0.2833     17.000      1.235  50419.340    31.5563     6.2317      1.223    7.03017     6.2575    24.8044   12.62240 7.6349e+01 0.0000e+00
         70  46.455593    0.00479     0.2875     17.250      1.174  50417.028    31.5571     6.2445      1.162    7.02802     6.2694    24.8035   12.61883 7.6572e+01 0.0000e+00
         71  46.455596    0.00486     0.2917     17.500      1.130  50409.663    31.5545     6.2576      1.119    7.02599     6.2794    24.7998   12.61551 7.5811e+01 0.0000e+00
         72  46.455599    0.00493     0.2958     17.750      1.108  50399.523    31.5498     6.2695      1.098    7.02425     6.2873    24.7946   12.61270 7.4609e+01 0.0000e+00
         73  46.455602    0.00500     0.3000     18.000      1.113  50387.921    31.5436     6.2795      1.102    7.02289     6.2933    24.7886   12.61053 7.2812e+01 0.0000e+00
         74  46.455605    0.00507     0.3042     18.250      1.144  50375.260    31.5363     6.2874      1.133    7.02192     6.2974    24.7818   12.60901 7.0368e+01 0.0000e+00
         75  46.455608    0.00514     0.3083     18.500      1.200  50361.137    31.5277     6.2934      1.188    7.02134     6.2994    24.7743   12.60816 6.7975e+01 0.0000e+00
         76  46.455611    0.00521     0.3125     18.750      1.273  50343.481    31.5162     6.2975      1.261    7.02121     6.2991    24.7647   12.60810 6.6135e+01 0.0000e+00
         77  46.455613    0.00528     0.3167     19.000      1.354  50318.875    31.4995     6.2995      1.341    7.02165     6.2962    24.7513   12.60905 6.4741e+01 0.0000e+00
         78  46.455616    0.00535     0.3208     19.250      1.432  50286.630    31.4771     6.2993      1.418    7.02274     6.2900    24.7336   12.61112 6.3770e+01 0.0000e+00
         79  46.455619    0.00542     0.3250     19.500      1.496  50252.914    31.4531     6.2964      1.482    7.02433     6.2794    24.7151   12.61405 6.3570e+01 0.0000e+00
         80  46.455622    0.00549     0.3292     19.750      1.540  50227.736    31.4345     6.2902      1.526    7.02621     6.2644    24.7011   12.61740 6.4290e+01 0.0000e+00
         81  46.455625    0.00556     0.3333     20.000      1.560  50219.812    31.4270     6.2796      1.545    7.02830     6.2476    24.6965   12.62094 6.5949e+01 0.0000e+00
         82  46.455628    0.00562     0.3375     20.250      1.557  50233.981    31.4340     6.2645      1.543    7.03046     6.2336    24.7039   12.62441 6.8640e+01 0.0000e+00
         83  46.455631    0.00569     0.3417     20.500      1.535  50267.982    31.4544     6.2477      1.521    7.03227     6.2256    24.7220   12.62715 7.1748e+01 0.0000e+00
         84  46.455634    0.00576     0.3458     20.750      1.499  50312.577    31.4826     6.2337      1.486    7.03326     6.2248    24.7460   12.62843 7.4218e+01 0.0000e+00
         85  46.455637    0.00583     0.3500     21.000      1.456  50355.218    31.5107     6.2257      1.442    7.03326     6.2307    24.7691   12.62808 7.5870e+01 0.0000e+00
         86  46.455639    0.00590     0.3542     21.250      1.411  50386.381    31.5321     6.2249      1.398    7.03240     6.2414    24.7861   12.62639 7.7422e+01 0.0000e+00
         87  46.455642    0.00597     0.3583     21.500      1.372  50402.552    31.5444     6.2308      1.359    7.03085     6.2536    24.7952   12.62367 7.9411e+01 0.0000e+00
         88  46.455645    0.00604     0.3625     21.750      1.343  50402.318    31.5463     6.2415      1.330    7.02901     6.2645    24.7953   12.62061 8.1395e+01 0.0000e+00
         89  46.455648    0.00611     0.3667     22.000      1.325  50385.716    31.5371     6.2537      1.313    7.02744     6.2725    24.7866   12.61813 8.2558e+01 0.0000e+00
         90  46.455651    0.00618     0.3708     22.250      1.316  50354.991    31.5179     6.2646      1.304    7.02654     6.2767    24.7701   12.61688 8.2860e+01 0.0000e+00
