CTD-processing/allCTD/CNV--turbid/2016_08-29_t3_s11_cast058.cnv
* Sea-Bird SBE19plus Data File:
* FileName = C:\Users\Kim.Powell\Desktop\2016_08-29_T3_5028\2016_08-29_T3_5028_cast058.hex
* Software Version 1.59
* Temperature SN =  5028
* Conductivity SN =  5028
* System UpLoad Time = Aug 29 2016 21:42:03
** CookInlet LTM Transect 3
** 2016_08-29
** Station: 3-11
** Start Time: 13:14
** Depth (m): 37.8
** Comment:
** Comment:
# nquan = 16
# nvalues = 523                         
# units = specified
# name 0 = scan: Scan Count
# name 1 = timeJ: Julian Days
# name 2 = timeH: Time, Elapsed [hours]
# name 3 = timeM: Time, Elapsed [minutes]
# name 4 = timeS: Time, Elapsed [seconds]
# name 5 = prdM: Pressure, Strain Gauge [db]
# name 6 = specc: Specific Conductance [uS/cm]
# name 7 = sal00: Salinity, Practical [PSU]
# name 8 = tv290C: Temperature [ITS-90, deg C]
# name 9 = depSM: Depth [salt water, m], lat = 59.00
# name 10 = oxsolML/L: Oxygen Saturation, Garcia & Gordon [ml/l]
# name 11 = potemp090C: Potential Temperature [ITS-90, deg C]
# name 12 = sigma-é00: Density [sigma-theta, kg/m^3]
# name 13 = n2satML/L: Nitrogen Saturation [ml/l]
# name 14 = par: PAR/Irradiance, Biospherical/Licor
# name 15 = flag:  0.000e+00
# span 0 =          1,        523       
# span 1 = 242.552095, 242.553605       
# span 2 =    0.00000,    0.03625       
# span 3 =     0.0000,     2.1750       
# span 4 =      0.000,    130.500       
# span 5 =     -0.053,     34.967       
# span 6 =    265.898,  47511.906       
# span 7 =     0.1288,    30.4036       
# span 8 =    12.6193,    16.3174       
# span 9 =     -0.052,     34.637       
# span 10 =    6.03765,    6.86551      
# span 11 =    12.6153,    16.3174      
# span 12 =    -0.9965,    22.8585      
# span 13 =   10.99728,   12.75363      
# span 14 = 8.2224e-01, 1.6356e+03      
# span 15 = 0.0000e+00, 0.0000e+00      
# interval = seconds: 0.25
# start_time = Aug 29 2016 13:15:01 [Instrument's time stamp, header]
# bad_flag = -9.990e-29
*END*
[from data line 181]
        182 242.552619    0.01257     0.7542     45.250      0.952  47190.357    30.1818    12.9617      0.943    6.11345    13.0818    22.6706   11.12056 3.8321e+01 0.0000e+00
        183 242.552622    0.01264     0.7583     45.500      0.943  47189.899    30.1854    13.0075      0.934    6.10750    13.1633    22.6646   11.11064 3.9264e+01 0.0000e+00
        184 242.552624    0.01271     0.7625     45.750      0.922  47115.028    30.1385    13.0820      0.913    6.09983    13.2332    22.6141   11.09845 4.0219e+01 0.0000e+00
        185 242.552627    0.01278     0.7667     46.000      0.894  47010.517    30.0712    13.1635      0.886    6.09208    13.2829    22.5464   11.08633 4.0703e+01 0.0000e+00
        186 242.552630    0.01285     0.7708     46.250      0.867  46908.155    30.0044    13.2333      0.860    6.08579    13.3102    22.4813   11.07665 4.0347e+01 0.0000e+00
        187 242.552633    0.01292     0.7750     46.500      0.847  46821.245    29.9468    13.2830      0.840    6.08169    13.3141    22.4272   11.07050 3.9651e+01 0.0000e+00
        188 242.552636    0.01299     0.7792     46.750      0.837  46762.799    29.9076    13.3103      0.830    6.07973    13.2945    22.3916   11.06769 3.9451e+01 0.0000e+00
        189 242.552639    0.01306     0.7833     47.000      0.837  46744.716    29.8951    13.3142      0.829    6.07971    13.2561    22.3812   11.06780 3.9557e+01 0.0000e+00
        190 242.552642    0.01313     0.7875     47.250      0.842  46764.646    29.9076    13.2946      0.834    6.08169    13.2081    22.3947   11.07096 3.9337e+01 0.0000e+00
        191 242.552645    0.01319     0.7917     47.500      0.848  46812.006    29.9381    13.2562      0.840    6.08538    13.1611    22.4256   11.07674 3.9025e+01 0.0000e+00
        192 242.552648    0.01326     0.7958     47.750      0.853  46878.139    29.9811    13.2082      0.845    6.08980    13.1218    22.4681   11.08359 3.9093e+01 0.0000e+00
        193 242.552650    0.01333     0.8000     48.000      0.856  46952.484    30.0299    13.1612      0.847    6.09389    13.0914    22.5150   11.08982 3.9088e+01 0.0000e+00
        194 242.552653    0.01340     0.8042     48.250      0.856  47021.290    30.0755    13.1219      0.848    6.09712    13.0672    22.5578   11.09466 3.8609e+01 0.0000e+00
        195 242.552656    0.01347     0.8083     48.500      0.857  47073.873    30.1103    13.0915      0.849    6.09965    13.0466    22.5906   11.09847 3.8138e+01 0.0000e+00
        196 242.552659    0.01354     0.8125     48.750      0.861  47106.420    30.1314    13.0673      0.853    6.10191    13.0286    22.6115   11.10199 3.8211e+01 0.0000e+00
        197 242.552662    0.01361     0.8167     49.000      0.868  47123.178    30.1415    13.0467      0.860    6.10414    13.0149    22.6233   11.10557 3.8692e+01 0.0000e+00
        198 242.552665    0.01368     0.8208     49.250      0.880  47137.606    30.1502    13.0287      0.871    6.10609    13.0098    22.6335   11.10871 3.9240e+01 0.0000e+00
        199 242.552668    0.01375     0.8250     49.500      0.893  47165.921    30.1692    13.0150      0.884    6.10711    13.0193    22.6507   11.11019 3.9732e+01 0.0000e+00
        200 242.552671    0.01382     0.8292     49.750      0.904  47209.480    30.1996    13.0099      0.895    6.10660    13.0496    22.6753   11.10899 3.9841e+01 0.0000e+00
        201 242.552674    0.01389     0.8333     50.000      0.910  47248.206    30.2279    13.0194      0.902    6.10432    13.1033    22.6953   11.10488 3.9459e+01 0.0000e+00
        202 242.552677    0.01396     0.8375     50.250      0.911  47256.599    30.2365    13.0498      0.903    6.10016    13.1727    22.6960   11.09787 3.9096e+01 0.0000e+00
        203 242.552679    0.01403     0.8417     50.500      0.908  47222.706    30.2169    13.1034      0.899    6.09411    13.2430    22.6706   11.08805 3.9139e+01 0.0000e+00
        204 242.552682    0.01410     0.8458     50.750      0.903  47155.932    30.1753    13.1728      0.894    6.08693    13.3022    22.6251   11.07660 3.9490e+01 0.0000e+00
        205 242.552685    0.01417     0.8500     51.000      0.897  47077.425    30.1254    13.2431      0.889    6.07995    13.3451    22.5729   11.06557 4.0062e+01 0.0000e+00
        206 242.552688    0.01424     0.8542     51.250      0.892  47007.096    30.0804    13.3024      0.884    6.07419    13.3730    22.5267   11.05652 4.0739e+01 0.0000e+00
        207 242.552691    0.01431     0.8583     51.500      0.885  46958.103    30.0492    13.3453      0.877    6.06997    13.3908    22.4942   11.04987 4.0945e+01 0.0000e+00
        208 242.552694    0.01438     0.8625     51.750      0.875  46929.014    30.0308    13.3731      0.867    6.06716    13.4048    22.4746   11.04541 4.0705e+01 0.0000e+00
        209 242.552697    0.01444     0.8667     52.000      0.859  46905.902    30.0159    13.3910      0.851    6.06549    13.4181    22.4596   11.04280 4.0471e+01 0.0000e+00
        210 242.552700    0.01451     0.8708     52.250      0.839  46875.046    29.9951    13.4049      0.832    6.06452    13.4266    22.4408   11.04143 4.0131e+01 0.0000e+00
        211 242.552703    0.01458     0.8750     52.500      0.818  46828.130    29.9629    13.4182      0.810    6.06408    13.4214    22.4133   11.04106 3.9891e+01 0.0000e+00
        212 242.552705    0.01465     0.8792     52.750      0.800  46765.730    29.9192    13.4267      0.793    6.06467    13.3938    22.3779   11.04254 4.0064e+01 0.0000e+00
        213 242.552708    0.01472     0.8833     53.000      0.793  46699.804    29.8720    13.4215      0.786    6.06712    13.3376    22.3424   11.04715 4.0083e+01 0.0000e+00
        214 242.552711    0.01479     0.8875     53.250      0.802  46643.189    29.8295    13.3939      0.795    6.07221    13.2554    22.3149   11.05608 3.9412e+01 0.0000e+00
        215 242.552714    0.01486     0.8917     53.500      0.830  46608.415    29.8002    13.3377      0.822    6.08041    13.1647    22.3032   11.07005 3.8598e+01 0.0000e+00
        216 242.552717    0.01493     0.8958     53.750      0.872  46621.114    29.8024    13.2555      0.864    6.09069    13.0882    22.3208   11.08711 3.8345e+01 0.0000e+00
        217 242.552720    0.01500     0.9000     54.000      0.919  46702.237    29.8524    13.1648      0.911    6.10025    13.0427    22.3770   11.10242 3.8638e+01 0.0000e+00
        218 242.552723    0.01507     0.9042     54.250      0.959  46842.321    29.9454    13.0883      0.950    6.10640    13.0388    22.4636   11.11157 3.9000e+01 0.0000e+00
        219 242.552726    0.01514     0.9083     54.500      0.982  46994.094    30.0493    13.0428      0.973    6.10821    13.0783    22.5527   11.11337 3.8932e+01 0.0000e+00
        220 242.552729    0.01521     0.9125     54.750      0.982  47084.252    30.1130    13.0389      0.973    6.10627    13.1460    22.6027   11.10942 3.8588e+01 0.0000e+00
        221 242.552731    0.01528     0.9167     55.000      0.961  47072.950    30.1083    13.0784      0.953    6.10143    13.2159    22.5915   11.10145 3.8651e+01 0.0000e+00
        222 242.552734    0.01535     0.9208     55.250      0.925  46988.650    30.0542    13.1461      0.917    6.09491    13.2688    22.5366   11.09123 3.9206e+01 0.0000e+00
        223 242.552737    0.01542     0.9250     55.500      0.882  46884.534    29.9862    13.2160      0.874    6.08866    13.2986    22.4705   11.08163 3.9967e+01 0.0000e+00
        224 242.552740    0.01549     0.9292     55.750      0.841  46791.265    29.9244    13.2689      0.833    6.08433    13.3045    22.4125   11.07514 4.0669e+01 0.0000e+00
        225 242.552743    0.01556     0.9333     56.000      0.810  46718.442    29.8751    13.2987      0.802    6.08242    13.2834    22.3687   11.07254 4.0770e+01 0.0000e+00
        226 242.552746    0.01563     0.9375     56.250      0.792  46672.734    29.8432    13.3046      0.785    6.08290    13.2341    22.3429   11.07371 4.0219e+01 0.0000e+00
        227 242.552749    0.01569     0.9417     56.500      0.791  46653.455    29.8277    13.2835      0.784    6.08615    13.1646    22.3351   11.07929 3.9589e+01 0.0000e+00
        228 242.552752    0.01576     0.9458     56.750      0.806  46657.936    29.8268    13.2342      0.798    6.09242    13.0909    22.3439   11.08971 3.9360e+01 0.0000e+00
        229 242.552755    0.01583     0.9500     57.000      0.831  46698.668    29.8500    13.1647      0.823    6.10033    13.0276    22.3751   11.10257 3.9546e+01 0.0000e+00
        230 242.552758    0.01590     0.9542     57.250      0.859  46788.368    29.9075    13.0910      0.851    6.10749    12.9838    22.4338   11.11381 3.9555e+01 0.0000e+00
        231 242.552760    0.01597     0.9583     57.500      0.883  46917.984    29.9941    13.0277      0.874    6.11221    12.9640    22.5129   11.12066 3.9009e+01 0.0000e+00
        232 242.552763    0.01604     0.9625     57.750      0.899  47054.985    30.0877    12.9839      0.890    6.11419    12.9700    22.5936   11.12288 3.8453e+01 0.0000e+00
        233 242.552766    0.01611     0.9667     58.000      0.907  47158.907    30.1598    12.9641      0.898    6.11395    12.9968    22.6532   11.12166 3.8519e+01 0.0000e+00
        234 242.552769    0.01618     0.9708     58.250      0.910  47204.569    30.1927    12.9701      0.902    6.11193    13.0320    22.6775   11.11792 3.8937e+01 0.0000e+00
        235 242.552772    0.01625     0.9750     58.500      0.912  47197.743    30.1902    12.9969      0.904    6.10861    13.0661    22.6704   11.11244 3.9284e+01 0.0000e+00
        236 242.552775    0.01632     0.9792     58.750      0.914  47170.481    30.1738    13.0321      0.906    6.10476    13.0980    22.6510   11.10623 3.9513e+01 0.0000e+00
        237 242.552778    0.01639     0.9833     59.000      0.916  47149.798    30.1621    13.0662      0.908    6.10089    13.1323    22.6354   11.09993 3.9337e+01 0.0000e+00
        238 242.552781    0.01646     0.9875     59.250      0.915  47133.731    30.1534    13.0981      0.906    6.09717    13.1736    22.6225   11.09386 3.8978e+01 0.0000e+00
        239 242.552784    0.01653     0.9917     59.500      0.908  47105.355    30.1361    13.1324      0.900    6.09349    13.2203    22.6026   11.08794 3.9162e+01 0.0000e+00
        240 242.552786    0.01660     0.9958     59.750      0.896  47054.854    30.1037    13.1737      0.888    6.08951    13.2643    22.5696   11.08170 3.9504e+01 0.0000e+00
        241 242.552789    0.01667     1.0000     60.000      0.882  46984.380    30.0576    13.2204      0.874    6.08536    13.2979    22.5249   11.07534 3.9550e+01 0.0000e+00
        242 242.552792    0.01674     1.0042     60.250      0.868  46904.561    30.0045    13.2644      0.860    6.08182    13.3175    22.4754   11.07007 3.9915e+01 0.0000e+00
        243 242.552795    0.01681     1.0083     60.500      0.858  46830.434    29.9547    13.2981      0.850    6.07947    13.3227    22.4304   11.06673 4.0557e+01 0.0000e+00
        244 242.552798    0.01688     1.0125     60.750      0.853  46775.327    29.9171    13.3177      0.845    6.07842    13.3151    22.3976   11.06541 4.0583e+01 0.0000e+00
        245 242.552801    0.01694     1.0167     61.000      0.851  46743.719    29.8951    13.3228      0.843    6.07860    13.2963    22.3796   11.06597 3.9951e+01 0.0000e+00
        246 242.552804    0.01701     1.0208     61.250      0.851  46734.177    29.8877    13.3152      0.843    6.07984    13.2670    22.3753   11.06811 3.9538e+01 0.0000e+00
        247 242.552807    0.01708     1.0250     61.500      0.854  46745.500    29.8942    13.2964      0.846    6.08197    13.2309    22.3840   11.07157 3.9715e+01 0.0000e+00
        248 242.552810    0.01715     1.0292     61.750      0.858  46776.124    29.9136    13.2672      0.850    6.08492    13.1951    22.4046   11.07625 4.0002e+01 0.0000e+00
        249 242.552812    0.01722     1.0333     62.000      0.863  46821.135    29.9425    13.2310      0.855    6.08839    13.1669    22.4340   11.08167 3.9931e+01 0.0000e+00
        250 242.552815    0.01729     1.0375     62.250      0.868  46871.190    29.9751    13.1952      0.860    6.09166    13.1487    22.4661   11.08675 3.9553e+01 0.0000e+00
        251 242.552818    0.01736     1.0417     62.500      0.874  46915.801    30.0044    13.1670      0.866    6.09411    13.1386    22.4942   11.09048 3.9215e+01 0.0000e+00
        252 242.552821    0.01743     1.0458     62.750      0.881  46948.585    30.0262    13.1489      0.873    6.09558    13.1333    22.5145   11.09267 3.8912e+01 0.0000e+00
        253 242.552824    0.01750     1.0500     63.000      0.890  46970.202    30.0407    13.1388      0.882    6.09631    13.1308    22.5277   11.09370 3.8292e+01 0.0000e+00
        254 242.552827    0.01757     1.0542     63.250      0.900  46986.958    30.0521    13.1334      0.892    6.09655    13.1317    22.5376   11.09398 3.7608e+01 0.0000e+00
        255 242.552830    0.01764     1.0583     63.500      0.909  47005.861    30.0653    13.1309      0.900    6.09636    13.1377    22.5483   11.09351 3.7611e+01 0.0000e+00
        256 242.552833    0.01771     1.0625     63.750      0.915  47028.129    30.0812    13.1318      0.906    6.09564    13.1526    22.5604   11.09214 3.8279e+01 0.0000e+00
        257 242.552836    0.01778     1.0667     64.000      0.918  47047.630    30.0956    13.1378      0.909    6.09433    13.1801    22.5703   11.08981 3.8704e+01 0.0000e+00
        258 242.552839    0.01785     1.0708     64.250      0.915  47053.716    30.1012    13.1527      0.906    6.09225    13.2182    22.5717   11.08628 3.8459e+01 0.0000e+00
        259 242.552841    0.01792     1.0750     64.500      0.907  47035.733    30.0907    13.1802      0.898    6.08917    13.2578    22.5583   11.08128 3.8463e+01 0.0000e+00
        260 242.552844    0.01799     1.0792     64.750      0.895  46992.671    30.0633    13.2183      0.887    6.08540    13.2896    22.5297   11.07534 3.9257e+01 0.0000e+00
        261 242.552847    0.01806     1.0833     65.000      0.882  46935.223    30.0258    13.2579      0.874    6.08184    13.3090    22.4931   11.06984 3.9859e+01 0.0000e+00
        262 242.552850    0.01812     1.0875     65.250      0.870  46876.955    29.9870    13.2897      0.862    6.07929    13.3154    22.4570   11.06606 3.9975e+01 0.0000e+00
        263 242.552853    0.01819     1.0917     65.500      0.859  46827.895    29.9538    13.3091      0.851    6.07811    13.3091    22.4275   11.06447 4.0192e+01 0.0000e+00
        264 242.552856    0.01826     1.0958     65.750      0.850  46791.720    29.9286    13.3155      0.842    6.07826    13.2896    22.4068   11.06502 4.0232e+01 0.0000e+00
        265 242.552859    0.01833     1.1000     66.000      0.844  46767.417    29.9109    13.3092      0.836    6.07973    13.2556    22.3943   11.06765 3.9534e+01 0.0000e+00
        266 242.552862    0.01840     1.1042     66.250      0.842  46753.505    29.8994    13.2897      0.834    6.08263    13.2061    22.3892   11.07261 3.8609e+01 0.0000e+00
        267 242.552865    0.01847     1.1083     66.500      0.848  46749.529    29.8937    13.2557      0.840    6.08714    13.1443    22.3914   11.08017 3.8495e+01 0.0000e+00
        268 242.552867    0.01854     1.1125     66.750      0.861  46758.295    29.8958    13.2062      0.853    6.09332    13.0801    22.4026   11.09041 3.9116e+01 0.0000e+00
        269 242.552870    0.01861     1.1167     67.000      0.881  46789.042    29.9124    13.1444      0.872    6.10051    13.0253    22.4274   11.10216 3.9917e+01 0.0000e+00
        270 242.552873    0.01868     1.1208     67.250      0.901  46853.841    29.9530    13.0802      0.893    6.10710    12.9882    22.4711   11.11265 4.0393e+01 0.0000e+00
        271 242.552876    0.01875     1.1250     67.500      0.917  46952.065    30.0181    13.0254      0.908    6.11157    12.9735    22.5319   11.11933 3.9860e+01 0.0000e+00
