CTD-processing/allCTD/CNV--turbid/2016_09-23_t9_s06_cast135.cnv
* Sea-Bird SBE19plus Data File:
* FileName = P:\My Documents\kasitsna\Research-KBL\Oceanography-AK\CTD-Data-ALL-to-2016-05\2016-CTD-KachemakBay-CookInlet\2016-09-23-CookInlet-HomerSpit\2016-09-23-CookInlet-Tran9-cast135.hex
* Software Version 1.59
* Temperature SN =  5028
* Conductivity SN =  5028
* System UpLoad Time = Oct 13 2016 11:53:36
** Cook Inlet LTM Tran 9
** Date: (YYYY-MM-DD): 2016-09-23
** Station: (eg. 9-01): 9-06
** Start time (AKDT): 11:28
** Depth (m): 100.3
** Comment:
** Comment:
# nquan = 16
# nvalues = 724                         
# units = specified
# name 0 = scan: Scan Count
# name 1 = timeJ: Julian Days
# name 2 = timeH: Time, Elapsed [hours]
# name 3 = timeM: Time, Elapsed [minutes]
# name 4 = timeS: Time, Elapsed [seconds]
# name 5 = prdM: Pressure, Strain Gauge [db]
# name 6 = specc: Specific Conductance [uS/cm]
# name 7 = sal00: Salinity, Practical [PSU]
# name 8 = tv290C: Temperature [ITS-90, deg C]
# name 9 = depSM: Depth [salt water, m], lat = 59.00
# name 10 = oxsolML/L: Oxygen Saturation, Garcia & Gordon [ml/l]
# name 11 = potemp090C: Potential Temperature [ITS-90, deg C]
# name 12 = sigma-é00: Density [sigma-theta, kg/m^3]
# name 13 = n2satML/L: Nitrogen Saturation [ml/l]
# name 14 = par: PAR/Irradiance, Biospherical/Licor
# name 15 = flag:  0.000e+00
# span 0 =          1,        724       
# span 1 = 267.478056, 267.480148       
# span 2 =    0.00000,    0.05021       
# span 3 =     0.0000,     3.0125       
# span 4 =      0.000,    180.750       
# span 5 =     -0.251,     87.195       
# span 6 =   2275.726,  48709.600       
# span 7 =     1.1566,    30.9125       
# span 8 =    10.0116,    11.4729       
# span 9 =     -0.248,     86.361       
# span 10 =    6.32421,    7.68592      
# span 11 =    10.0020,    11.4719      
# span 12 =     0.5277,    23.7618      
# span 13 =   11.47087,   14.13107      
# span 14 = 6.0926e-02, 8.0990e+02      
# span 15 = 0.0000e+00, 0.0000e+00      
# interval = seconds: 0.25
# start_time = Sep 23 2016 11:28:24 [Instrument's time stamp, header]
# bad_flag = -9.990e-29
*END*
          1 267.478056    0.00000     0.0000      0.000     -0.251   2812.875     1.4413    10.8419     -0.248    7.67432    10.8437     0.7516   14.10731 6.1745e+02 0.0000e+00
          2 267.478058    0.00007     0.0042      0.250     -0.251   2764.130     1.4150    10.8427     -0.248    7.67545    10.8448     0.7310   14.10961 6.3638e+02 0.0000e+00
          3 267.478061    0.00014     0.0083      0.500     -0.251   2706.001     1.3837    10.8437     -0.248    7.67681    10.8458     0.7064   14.11236 6.5696e+02 0.0000e+00
          4 267.478064    0.00021     0.0125      0.750     -0.250   2646.323     1.3516    10.8447     -0.247    7.67819    10.8469     0.6812   14.11515 6.7485e+02 0.0000e+00
          5 267.478067    0.00028     0.0167      1.000     -0.250   2591.461     1.3221    10.8458     -0.247    7.67943    10.8479     0.6581   14.11768 6.8890e+02 0.0000e+00
          6 267.478070    0.00035     0.0208      1.250     -0.250   2547.894     1.2987    10.8468     -0.247    7.68038    10.8488     0.6397   14.11963 6.9990e+02 0.0000e+00
          7 267.478073    0.00042     0.0250      1.500     -0.250   2519.127     1.2833    10.8479     -0.247    7.68095    10.8497     0.6275   14.12081 7.0871e+02 0.0000e+00
          8 267.478076    0.00049     0.0292      1.750     -0.250   2501.204     1.2736    10.8488     -0.247    7.68125    10.8505     0.6199   14.12145 7.1599e+02 0.0000e+00
          9 267.478079    0.00056     0.0333      2.000     -0.250   2496.191     1.2709    10.8497     -0.248    7.68122    10.8511     0.6178   14.12145 7.2227e+02 0.0000e+00
         10 267.478082    0.00063     0.0375      2.250     -0.251   2512.858     1.2799    10.8505     -0.248    7.68065    10.8517     0.6247   14.12036 7.2752e+02 0.0000e+00
         11 267.478084    0.00069     0.0417      2.500     -0.251   2541.768     1.2954    10.8511     -0.248    7.67977    10.8523     0.6367   14.11865 7.3097e+02 0.0000e+00
         12 267.478087    0.00076     0.0458      2.750     -0.251   2559.050     1.3047    10.8517     -0.248    7.67922    10.8527     0.6439   14.11757 7.3175e+02 0.0000e+00
         13 267.478090    0.00083     0.0500      3.000     -0.251   2548.996     1.2994    10.8523     -0.248    7.67938    10.8531     0.6397   14.11793 7.2967e+02 0.0000e+00
         14 267.478093    0.00090     0.0542      3.250     -0.251   2511.494     1.2793    10.8527     -0.248    7.68028    10.8534     0.6240   14.11974 7.2539e+02 0.0000e+00
         15 267.478096    0.00097     0.0583      3.500     -0.250   2458.062     1.2508    10.8531     -0.248    7.68160    10.8538     0.6016   14.12239 7.1964e+02 0.0000e+00
         16 267.478099    0.00104     0.0625      3.750     -0.250   2405.595     1.2228    10.8534     -0.248    7.68290    10.8542     0.5797   14.12499 7.1219e+02 0.0000e+00
         17 267.478102    0.00111     0.0667      4.000     -0.250   2366.746     1.2022    10.8538     -0.247    7.68385    10.8545     0.5636   14.12688 7.0115e+02 0.0000e+00
         18 267.478105    0.00118     0.0708      4.250     -0.250   2337.066     1.1866    10.8542     -0.247    7.68455    10.8547     0.5514   14.12830 6.8259e+02 0.0000e+00
         19 267.478108    0.00125     0.0750      4.500     -0.250   2309.637     1.1725    10.8545     -0.247    7.68519    10.8548     0.5403   14.12959 6.5431e+02 0.0000e+00
         20 267.478111    0.00132     0.0792      4.750     -0.250   2286.568     1.1610    10.8547     -0.248    7.68571    10.8548     0.5313   14.13065 6.2396e+02 0.0000e+00
         21 267.478113    0.00139     0.0833      5.000     -0.250   2275.726     1.1566    10.8548     -0.248    7.68592    10.8546     0.5277   14.13107 6.1420e+02 0.0000e+00
         22 267.478116    0.00146     0.0875      5.250     -0.250   2314.866     1.1795    10.8548     -0.248    7.68482    10.8539     0.5456   14.12891 6.2966e+02 0.0000e+00
         23 267.478119    0.00153     0.0917      5.500     -0.250   2436.119     1.2475    10.8546     -0.248    7.68160    10.8525     0.5987   14.12251 6.3872e+02 0.0000e+00
         24 267.478122    0.00160     0.0958      5.750     -0.250   2645.303     1.3646    10.8539     -0.247    7.67610    10.8499     0.6901   14.11156 6.2597e+02 0.0000e+00
         25 267.478125    0.00167     0.1000      6.000     -0.248   2954.682     1.5389    10.8525     -0.246    7.66799    10.8453     0.8261   14.09541 6.1206e+02 0.0000e+00
         26 267.478128    0.00174     0.1042      6.250     -0.246   3356.496     1.7685    10.8499     -0.244    7.65749    10.8375     1.0053   14.07448 6.1242e+02 0.0000e+00
         27 267.478131    0.00181     0.1083      6.500     -0.243   3817.555     2.0386    10.8453     -0.241    7.64550    10.8245     1.2160   14.05051 6.1801e+02 0.0000e+00
         28 267.478134    0.00187     0.1125      6.750     -0.238   4339.421     2.3550    10.8375     -0.236    7.63204    10.8026     1.4629   14.02353 6.1561e+02 0.0000e+00
         29 267.478137    0.00194     0.1167      7.000     -0.230   5037.660     2.7892    10.8245     -0.228    7.61413    10.7659     1.8018   13.98756 6.0965e+02 0.0000e+00
         30 267.478139    0.00201     0.1208      7.250     -0.217   6178.291     3.5008    10.8026     -0.215    7.58490    10.7048     2.3570   13.92882 6.0753e+02 0.0000e+00
         31 267.478142    0.00208     0.1250      7.500     -0.197   8149.417     4.7251    10.7659     -0.195    7.53433    10.6028     3.3124   13.82725 5.9646e+02 0.0000e+00
         32 267.478145    0.00215     0.1292      7.750     -0.162  11509.422     6.8067    10.7048     -0.160    7.44809    10.4478     4.9366   13.65406 5.6726e+02 0.0000e+00
         33 267.478148    0.00222     0.1333      8.000     -0.103  16814.020    10.1073    10.6028     -0.102    7.31247    10.2705     7.5124   13.38151 5.2512e+02 0.0000e+00
         34 267.478151    0.00229     0.1375      8.250     -0.018  23260.073    14.1551    10.4478     -0.018    7.15170    10.1391    10.6751   13.05708 4.7257e+02 0.0000e+00
         35 267.478154    0.00236     0.1417      8.500      0.083  28898.119    17.7322    10.2705      0.082    7.01685    10.0852    13.4760   12.78309 4.1888e+02 0.0000e+00
         36 267.478157    0.00243     0.1458      8.750      0.176  32878.273    20.2806    10.1391      0.174    6.92224    10.0870    15.4727   12.59077 3.8109e+02 0.0000e+00
         37 267.478160    0.00250     0.1500      9.000      0.242  35481.534    21.9584    10.0852      0.240    6.85524    10.1144    16.7826   12.45647 3.5831e+02 0.0000e+00
         38 267.478163    0.00257     0.1542      9.250      0.284  37157.805    23.0464    10.0870      0.282    6.80640    10.1490    17.6269   12.36050 3.4144e+02 0.0000e+00
         39 267.478166    0.00264     0.1583      9.500      0.313  38248.335    23.7596    10.1144      0.310    6.77053    10.1803    18.1765   12.29123 3.2744e+02 0.0000e+00
         40 267.478168    0.00271     0.1625      9.750      0.338  38905.527    24.1913    10.1490      0.335    6.74614    10.2041    18.5064   12.24486 3.1064e+02 0.0000e+00
         41 267.478171    0.00278     0.1667     10.000      0.362  39250.185    24.4172    10.1803      0.359    6.73137    10.2211    18.6771   12.21722 2.9568e+02 0.0000e+00
         42 267.478174    0.00285     0.1708     10.250      0.380  39414.292    24.5239    10.2041      0.377    6.72299    10.2337    18.7563   12.20180 2.8721e+02 0.0000e+00
         43 267.478177    0.00292     0.1750     10.500      0.390  39514.681    24.5896    10.2211      0.387    6.71750    10.2445    18.8047   12.19176 2.7818e+02 0.0000e+00
         44 267.478180    0.00299     0.1792     10.750      0.394  39601.021    24.6471    10.2337      0.390    6.71305    10.2552    18.8474   12.18360 2.6869e+02 0.0000e+00
         45 267.478183    0.00306     0.1833     11.000      0.393  39682.504    24.7022    10.2445      0.390    6.70903    10.2669    18.8886   12.17619 2.6537e+02 0.0000e+00
         46 267.478186    0.00313     0.1875     11.250      0.392  39767.016    24.7601    10.2552      0.388    6.70493    10.2801    18.9320   12.16863 2.6941e+02 0.0000e+00
         47 267.478189    0.00319     0.1917     11.500      0.390  39863.343    24.8266    10.2669      0.386    6.70033    10.2943    18.9819   12.16013 2.7802e+02 0.0000e+00
         48 267.478192    0.00326     0.1958     11.750      0.388  39977.045    24.9055    10.2801      0.384    6.69500    10.3087    19.0412   12.15028 2.8248e+02 0.0000e+00
         49 267.478194    0.00333     0.2000     12.000      0.389  40098.773    24.9901    10.2944      0.385    6.68927    10.3219    19.1048   12.13968 2.7806e+02 0.0000e+00
         50 267.478197    0.00340     0.2042     12.250      0.393  40207.348    25.0658    10.3087      0.389    6.68390    10.3334    19.1615   12.12982 2.7659e+02 0.0000e+00
         51 267.478200    0.00347     0.2083     12.500      0.400  40290.995    25.1244    10.3220      0.396    6.67945    10.3434    19.2051   12.12168 2.7791e+02 0.0000e+00
         52 267.478203    0.00354     0.2125     12.750      0.409  40354.272    25.1689    10.3335      0.405    6.67585    10.3524    19.2379   12.11514 2.7109e+02 0.0000e+00
         53 267.478206    0.00361     0.2167     13.000      0.419  40404.569    25.2043    10.3435      0.415    6.67286    10.3608    19.2639   12.10973 2.6264e+02 0.0000e+00
         54 267.478209    0.00368     0.2208     13.250      0.427  40445.490    25.2333    10.3525      0.423    6.67030    10.3690    19.2850   12.10512 2.5794e+02 0.0000e+00
         55 267.478212    0.00375     0.2250     13.500      0.431  40480.145    25.2578    10.3609      0.427    6.66801    10.3770    19.3028   12.10100 2.5500e+02 0.0000e+00
         56 267.478215    0.00382     0.2292     13.750      0.433  40511.928    25.2804    10.3691      0.429    6.66585    10.3846    19.3191   12.09712 2.5725e+02 0.0000e+00
         57 267.478218    0.00389     0.2333     14.000      0.436  40542.229    25.3020    10.3771      0.432    6.66376    10.3914    19.3347   12.09338 2.6671e+02 0.0000e+00
         58 267.478220    0.00396     0.2375     14.250      0.441  40569.762    25.3216    10.3846      0.437    6.66181    10.3971    19.3488   12.08989 2.7878e+02 0.0000e+00
         59 267.478223    0.00403     0.2417     14.500      0.450  40592.758    25.3381    10.3914      0.445    6.66012    10.4021    19.3605   12.08687 2.8858e+02 0.0000e+00
         60 267.478226    0.00410     0.2458     14.750      0.461  40611.541    25.3516    10.3972      0.456    6.65870    10.4066    19.3701   12.08435 2.9439e+02 0.0000e+00
         61 267.478229    0.00417     0.2500     15.000      0.473  40628.664    25.3638    10.4021      0.468    6.65746    10.4111    19.3788   12.08213 2.9628e+02 0.0000e+00
         62 267.478232    0.00424     0.2542     15.250      0.485  40648.155    25.3776    10.4066      0.480    6.65621    10.4165    19.3889   12.07988 2.9915e+02 0.0000e+00
         63 267.478235    0.00431     0.2583     15.500      0.495  40671.998    25.3945    10.4112      0.490    6.65482    10.4239    19.4012   12.07737 3.0879e+02 0.0000e+00
         64 267.478238    0.00438     0.2625     15.750      0.501  40697.129    25.4122    10.4166      0.496    6.65328    10.4343    19.4142   12.07458 3.2199e+02 0.0000e+00
         65 267.478241    0.00444     0.2667     16.000      0.504  40721.406    25.4296    10.4239      0.499    6.65147    10.4482    19.4266   12.07135 3.3188e+02 0.0000e+00
         66 267.478244    0.00451     0.2708     16.250      0.503  40748.467    25.4492    10.4343      0.498    6.64911    10.4653    19.4402   12.06720 3.3645e+02 0.0000e+00
         67 267.478247    0.00458     0.2750     16.500      0.499  40784.400    25.4753    10.4483      0.494    6.64596    10.4842    19.4583   12.06164 3.3626e+02 0.0000e+00
         68 267.478249    0.00465     0.2792     16.750      0.496  40833.109    25.5105    10.4654      0.491    6.64198    10.5032    19.4830   12.05458 3.3685e+02 0.0000e+00
         69 267.478252    0.00472     0.2833     17.000      0.495  40892.369    25.5530    10.4843      0.491    6.63742    10.5205    19.5131   12.04647 3.4040e+02 0.0000e+00
         70 267.478255    0.00479     0.2875     17.250      0.498  40950.976    25.5952    10.5033      0.494    6.63286    10.5343    19.5429   12.03836 3.4407e+02 0.0000e+00
         71 267.478258    0.00486     0.2917     17.500      0.505  40990.977    25.6243    10.5206      0.501    6.62910    10.5439    19.5629   12.03175 3.4820e+02 0.0000e+00
         72 267.478261    0.00493     0.2958     17.750      0.513  40996.118    25.6292    10.5344      0.508    6.62689    10.5502    19.5645   12.02801 3.5022e+02 0.0000e+00
         73 267.478264    0.00500     0.3000     18.000      0.517  40974.267    25.6150    10.5440      0.512    6.62608    10.5543    19.5520   12.02684 3.4854e+02 0.0000e+00
         74 267.478267    0.00507     0.3042     18.250      0.517  40970.455    25.6130    10.5503      0.512    6.62525    10.5570    19.5495   12.02549 3.4711e+02 0.0000e+00
         75 267.478270    0.00514     0.3083     18.500      0.514  41011.626    25.6417    10.5544      0.510    6.62345    10.5591    19.5712   12.02213 3.4779e+02 0.0000e+00
         76 267.478273    0.00521     0.3125     18.750      0.512  41066.780    25.6800    10.5570      0.508    6.62144    10.5613    19.6005   12.01833 3.4797e+02 0.0000e+00
         77 267.478275    0.00528     0.3167     19.000      0.512  41103.539    25.7055    10.5591      0.508    6.62006    10.5636    19.6200   12.01571 3.4638e+02 0.0000e+00
         78 267.478278    0.00535     0.3208     19.250      0.514  41123.289    25.7193    10.5613      0.510    6.61916    10.5656    19.6304   12.01405 3.4403e+02 0.0000e+00
         79 267.478281    0.00542     0.3250     19.500      0.517  41137.001    25.7290    10.5636      0.512    6.61842    10.5673    19.6375   12.01269 3.4520e+02 0.0000e+00
         80 267.478284    0.00549     0.3292     19.750      0.519  41148.977    25.7374    10.5657      0.515    6.61776    10.5686    19.6438   12.01150 3.4655e+02 0.0000e+00
         81 267.478287    0.00556     0.3333     20.000      0.520  41159.424    25.7448    10.5673      0.515    6.61721    10.5697    19.6492   12.01050 3.4028e+02 0.0000e+00
         82 267.478290    0.00562     0.3375     20.250      0.519  41169.164    25.7516    10.5686      0.514    6.61673    10.5706    19.6543   12.00962 3.3490e+02 0.0000e+00
         83 267.478293    0.00569     0.3417     20.500      0.515  41179.417    25.7588    10.5697      0.510    6.61627    10.5714    19.6597   12.00877 3.3321e+02 0.0000e+00
         84 267.478296    0.00576     0.3458     20.750      0.511  41190.522    25.7665    10.5707      0.506    6.61581    10.5720    19.6656   12.00790 3.2724e+02 0.0000e+00
         85 267.478299    0.00583     0.3500     21.000      0.507  41199.927    25.7731    10.5715      0.502    6.61541    10.5719    19.6706   12.00716 3.2051e+02 0.0000e+00
         86 267.478302    0.00590     0.3542     21.250      0.505  41204.201    25.7761    10.5720      0.501    6.61521    10.5709    19.6728   12.00678 3.1900e+02 0.0000e+00
         87 267.478304    0.00597     0.3583     21.500      0.508  41201.413    25.7742    10.5719      0.503    6.61530    10.5692    19.6713   12.00696 3.2231e+02 0.0000e+00
         88 267.478307    0.00604     0.3625     21.750      0.515  41188.993    25.7655    10.5710      0.510    6.61581    10.5672    19.6647   12.00791 3.2621e+02 0.0000e+00
         89 267.478310    0.00611     0.3667     22.000      0.523  41165.402    25.7491    10.5693      0.518    6.61675    10.5653    19.6522   12.00967 3.2839e+02 0.0000e+00
         90 267.478313    0.00618     0.3708     22.250      0.530  41139.573    25.7311    10.5673      0.525    6.61780    10.5637    19.6386   12.01164 3.3088e+02 0.0000e+00
