CTD-processing/allCTD/CNV--turbid/2016_08-31_t6_s19_cast098.cnv
* Sea-Bird SBE19plus Data File:
* FileName = C:\Users\Kim.Powell\Desktop\2016_08-31_T6_5028\2016_08-31_T6_5028_cast098.hex
* Software Version 1.59
* Temperature SN =  5028
* Conductivity SN =  5028
* System UpLoad Time = Aug 31 2016 21:58:59
** CookInlet LTM Transect 7
** 2016_08-30
** Station: 6-19
** Start Time: 11:26
** Depth (m): 175.6
** Comment:
** Comment:
# nquan = 16
# nvalues = 1145                        
# units = specified
# name 0 = scan: Scan Count
# name 1 = timeJ: Julian Days
# name 2 = timeH: Time, Elapsed [hours]
# name 3 = timeM: Time, Elapsed [minutes]
# name 4 = timeS: Time, Elapsed [seconds]
# name 5 = prdM: Pressure, Strain Gauge [db]
# name 6 = specc: Specific Conductance [uS/cm]
# name 7 = sal00: Salinity, Practical [PSU]
# name 8 = tv290C: Temperature [ITS-90, deg C]
# name 9 = depSM: Depth [salt water, m], lat = 59.00
# name 10 = oxsolML/L: Oxygen Saturation, Garcia & Gordon [ml/l]
# name 11 = potemp090C: Potential Temperature [ITS-90, deg C]
# name 12 = sigma-é00: Density [sigma-theta, kg/m^3]
# name 13 = n2satML/L: Nitrogen Saturation [ml/l]
# name 14 = par: PAR/Irradiance, Biospherical/Licor
# name 15 = flag:  0.000e+00
# span 0 =          1,       1145       
# span 1 = 244.476551, 244.479861       
# span 2 =    0.00000,    0.07944       
# span 3 =     0.0000,     4.7667       
# span 4 =      0.000,    286.000       
# span 5 =     -0.055,    156.200       
# span 6 =    990.044,  51865.174       
# span 7 =     0.4863,    32.5724       
# span 8 =     6.6810,    14.2075       
# span 9 =     -0.054,    154.681       
# span 10 =    6.09399,    7.15791      
# span 11 =     6.6674,    14.2075      
# span 12 =    -0.4051,    25.5507      
# span 13 =   11.09560,   13.24573      
# span 14 = 6.8033e-02, 1.2959e+03      
# span 15 = 0.0000e+00, 0.0000e+00      
# interval = seconds: 0.25
# start_time = Aug 31 2016 11:26:14 [Instrument's time stamp, header]
# bad_flag = -9.990e-29
*END*
[from data line 452]
        453 244.477859    0.03139     1.8833    113.000      5.107  46581.465    29.7194    12.6280      5.059    6.17404    12.5356    22.3762   11.22652 1.5664e+01 0.0000e+00
        454 244.477862    0.03146     1.8875    113.250      5.356  46633.595    29.7522    12.5826      5.306    6.17865    12.4901    22.4101   11.23380 1.5323e+01 0.0000e+00
        455 244.477865    0.03153     1.8917    113.500      5.613  46687.876    29.7864    12.5364      5.561    6.18331    12.4471    22.4452   11.24115 1.5084e+01 0.0000e+00
        456 244.477867    0.03160     1.8958    113.750      5.878  46742.274    29.8208    12.4909      5.823    6.18788    12.4076    22.4802   11.24834 1.4945e+01 0.0000e+00
        457 244.477870    0.03167     1.9000    114.000      6.149  46794.100    29.8535    12.4479      6.091    6.19221    12.3716    22.5135   11.25515 1.4898e+01 0.0000e+00
        458 244.477873    0.03174     1.9042    114.250      6.422  46841.531    29.8834    12.4084      6.362    6.19619    12.3379    22.5440   11.26141 1.4941e+01 0.0000e+00
        459 244.477876    0.03181     1.9083    114.500      6.696  46884.325    29.9103    12.3724      6.633    6.19983    12.3056    22.5715   11.26714 1.5073e+01 0.0000e+00
        460 244.477879    0.03188     1.9125    114.750      6.967  46923.741    29.9350    12.3388      6.901    6.20325    12.2744    22.5969   11.27254 1.5277e+01 0.0000e+00
        461 244.477882    0.03194     1.9167    115.000      7.231  46961.192    29.9584    12.3065      7.163    6.20656    12.2443    22.6210   11.27776 1.5518e+01 0.0000e+00
        462 244.477885    0.03201     1.9208    115.250      7.487  46997.109    29.9809    12.2754      7.417    6.20976    12.2147    22.6441   11.28281 1.5764e+01 0.0000e+00
        463 244.477888    0.03208     1.9250    115.500      7.735  47031.770    30.0025    12.2452      7.662    6.21286    12.1856    22.6664   11.28770 1.6000e+01 0.0000e+00
        464 244.477891    0.03215     1.9292    115.750      7.974  47065.779    30.0237    12.2157      7.900    6.21590    12.1574    22.6882   11.29250 1.6219e+01 0.0000e+00
        465 244.477894    0.03222     1.9333    116.000      8.207  47098.500    30.0441    12.1867      8.130    6.21892    12.1306    22.7093   11.29728 1.6415e+01 0.0000e+00
        466 244.477896    0.03229     1.9375    116.250      8.434  47127.842    30.0621    12.1585      8.355    6.22191    12.1048    22.7284   11.30203 1.6579e+01 0.0000e+00
        467 244.477899    0.03236     1.9417    116.500      8.659  47152.645    30.0770    12.1317      8.578    6.22485    12.0799    22.7449   11.30674 1.6699e+01 0.0000e+00
        468 244.477902    0.03243     1.9458    116.750      8.884  47175.292    30.0905    12.1059      8.801    6.22771    12.0573    22.7601   11.31134 1.6775e+01 0.0000e+00
        469 244.477905    0.03250     1.9500    117.000      9.112  47199.348    30.1051    12.0810      9.027    6.23042    12.0388    22.7759   11.31566 1.6839e+01 0.0000e+00
        470 244.477908    0.03257     1.9542    117.250      9.346  47224.713    30.1208    12.0585      9.259    6.23277    12.0249    22.7922   11.31939 1.6947e+01 0.0000e+00
        471 244.477911    0.03264     1.9583    117.500      9.588  47248.648    30.1358    12.0399      9.498    6.23462    12.0152    22.8073   11.32228 1.7144e+01 0.0000e+00
        472 244.477914    0.03271     1.9625    117.750      9.838  47268.797    30.1487    12.0261      9.746    6.23594    12.0085    22.8198   11.32432 1.7441e+01 0.0000e+00
        473 244.477917    0.03278     1.9667    118.000     10.098  47284.578    30.1588    12.0165     10.003    6.23681    12.0030    22.8294   11.32565 1.7827e+01 0.0000e+00
        474 244.477920    0.03285     1.9708    118.250     10.365  47296.237    30.1663    12.0097     10.267    6.23740    11.9967    22.8364   11.32655 1.8286e+01 0.0000e+00
        475 244.477922    0.03292     1.9750    118.500     10.638  47303.305    30.1707    12.0043     10.539    6.23796    11.9877    22.8408   11.32741 1.8797e+01 0.0000e+00
        476 244.477925    0.03299     1.9792    118.750     10.916  47307.986    30.1733    11.9979     10.814    6.23869    11.9762    22.8440   11.32859 1.9332e+01 0.0000e+00
        477 244.477928    0.03306     1.9833    119.000     11.195  47316.735    30.1785    11.9890     11.090    6.23967    11.9643    22.8497   11.33016 1.9858e+01 0.0000e+00
        478 244.477931    0.03313     1.9875    119.250     11.471  47332.621    30.1885    11.9775     11.364    6.24079    11.9535    22.8595   11.33190 2.0329e+01 0.0000e+00
        479 244.477934    0.03319     1.9917    119.500     11.743  47350.925    30.2002    11.9657     11.633    6.24190    11.9437    22.8708   11.33360 2.0693e+01 0.0000e+00
        480 244.477937    0.03326     1.9958    119.750     12.007  47366.565    30.2102    11.9549     11.894    6.24292    11.9341    22.8804   11.33519 2.0907e+01 0.0000e+00
        481 244.477940    0.03333     2.0000    120.000     12.263  47378.730    30.2177    11.9452     12.147    6.24391    11.9240    22.8880   11.33674 2.0963e+01 0.0000e+00
        482 244.477943    0.03340     2.0042    120.250     12.508  47388.684    30.2237    11.9356     12.390    6.24495    11.9137    22.8944   11.33839 2.0905e+01 0.0000e+00
        483 244.477946    0.03347     2.0083    120.500     12.744  47397.877    30.2292    11.9256     12.624    6.24606    11.9036    22.9005   11.34018 2.0784e+01 0.0000e+00
        484 244.477948    0.03354     2.0125    120.750     12.972  47406.781    30.2344    11.9153     12.850    6.24722    11.8943    22.9064   11.34204 2.0621e+01 0.0000e+00
        485 244.477951    0.03361     2.0167    121.000     13.194  47415.134    30.2392    11.9052     13.071    6.24836    11.8859    22.9119   11.34387 2.0406e+01 0.0000e+00
        486 244.477954    0.03368     2.0208    121.250     13.415  47422.670    30.2436    11.8959     13.290    6.24942    11.8787    22.9170   11.34559 2.0125e+01 0.0000e+00
        487 244.477957    0.03375     2.0250    121.500     13.637  47429.454    30.2475    11.8876     13.509    6.25037    11.8726    22.9215   11.34713 1.9794e+01 0.0000e+00
        488 244.477960    0.03382     2.0292    121.750     13.861  47435.543    30.2510    11.8804     13.731    6.25118    11.8670    22.9255   11.34843 1.9442e+01 0.0000e+00
        489 244.477963    0.03389     2.0333    122.000     14.090  47440.445    30.2537    11.8743     13.958    6.25188    11.8604    22.9288   11.34955 1.9100e+01 0.0000e+00
        490 244.477966    0.03396     2.0375    122.250     14.327  47444.152    30.2557    11.8687     14.193    6.25255    11.8519    22.9314   11.35065 1.8795e+01 0.0000e+00
        491 244.477969    0.03403     2.0417    122.500     14.575  47448.183    30.2578    11.8622     14.438    6.25333    11.8412    22.9342   11.35192 1.8522e+01 0.0000e+00
        492 244.477972    0.03410     2.0458    122.750     14.835  47454.629    30.2614    11.8537     14.696    6.25431    11.8286    22.9385   11.35350 1.8262e+01 0.0000e+00
        493 244.477975    0.03417     2.0500    123.000     15.106  47464.331    30.2671    11.8430     14.964    6.25551    11.8145    22.9449   11.35542 1.8005e+01 0.0000e+00
        494 244.477977    0.03424     2.0542    123.250     15.387  47476.926    30.2747    11.8305     15.242    6.25687    11.7992    22.9530   11.35760 1.7738e+01 0.0000e+00
        495 244.477980    0.03431     2.0583    123.500     15.674  47492.389    30.2841    11.8164     15.527    6.25837    11.7835    22.9629   11.35998 1.7451e+01 0.0000e+00
        496 244.477983    0.03438     2.0625    123.750     15.962  47510.858    30.2956    11.8011     15.813    6.25995    11.7683    22.9745   11.36246 1.7140e+01 0.0000e+00
        497 244.477986    0.03444     2.0667    124.000     16.248  47531.209    30.3083    11.7855     16.096    6.26152    11.7530    22.9872   11.36492 1.6808e+01 0.0000e+00
        498 244.477989    0.03451     2.0708    124.250     16.527  47551.331    30.3209    11.7703     16.372    6.26305    11.7367    22.9997   11.36731 1.6461e+01 0.0000e+00
        499 244.477992    0.03458     2.0750    124.500     16.795  47569.574    30.3322    11.7551     16.637    6.26463    11.7187    23.0112   11.36980 1.6108e+01 0.0000e+00
        500 244.477995    0.03465     2.0792    124.750     17.050  47586.122    30.3422    11.7388     16.890    6.26641    11.6996    23.0218   11.37263 1.5771e+01 0.0000e+00
        501 244.477998    0.03472     2.0833    125.000     17.293  47602.963    30.3522    11.7208     17.131    6.26841    11.6805    23.0328   11.37583 1.5454e+01 0.0000e+00
        502 244.478001    0.03479     2.0875    125.250     17.523  47621.099    30.3630    11.7017     17.359    6.27053    11.6620    23.0446   11.37922 1.5154e+01 0.0000e+00
        503 244.478003    0.03486     2.0917    125.500     17.744  47639.756    30.3742    11.6826     17.577    6.27263    11.6445    23.0567   11.38257 1.4861e+01 0.0000e+00
        504 244.478006    0.03493     2.0958    125.750     17.957  47658.584    30.3856    11.6642     17.789    6.27464    11.6282    23.0688   11.38578 1.4561e+01 0.0000e+00
        505 244.478009    0.03500     2.1000    126.000     18.169  47677.423    30.3970    11.6467     17.999    6.27652    11.6131    23.0809   11.38877 1.4243e+01 0.0000e+00
        506 244.478012    0.03507     2.1042    126.250     18.384  47695.599    30.4081    11.6304     18.211    6.27826    11.5988    23.0924   11.39152 1.3912e+01 0.0000e+00
        507 244.478015    0.03514     2.1083    126.500     18.605  47712.729    30.4186    11.6153     18.430    6.27986    11.5852    23.1033   11.39406 1.3575e+01 0.0000e+00
        508 244.478018    0.03521     2.1125    126.750     18.837  47728.780    30.4284    11.6011     18.660    6.28137    11.5716    23.1134   11.39645 1.3239e+01 0.0000e+00
        509 244.478021    0.03528     2.1167    127.000     19.083  47743.936    30.4377    11.5874     18.903    6.28283    11.5575    23.1230   11.39876 1.2896e+01 0.0000e+00
        510 244.478024    0.03535     2.1208    127.250     19.343  47758.582    30.4465    11.5739     19.161    6.28430    11.5427    23.1323   11.40110 1.2529e+01 0.0000e+00
        511 244.478027    0.03542     2.1250    127.500     19.618  47772.803    30.4551    11.5599     19.434    6.28584    11.5264    23.1414   11.40355 1.2130e+01 0.0000e+00
        512 244.478030    0.03549     2.1292    127.750     19.906  47786.348    30.4630    11.5450     19.719    6.28752    11.5083    23.1502   11.40623 1.1703e+01 0.0000e+00
        513 244.478032    0.03556     2.1333    128.000     20.202  47799.528    30.4705    11.5288     20.012    6.28939    11.4881    23.1589   11.40926 1.1262e+01 0.0000e+00
        514 244.478035    0.03562     2.1375    128.250     20.500  47813.112    30.4781    11.5107     20.308    6.29151    11.4651    23.1680   11.41269 1.0824e+01 0.0000e+00
        515 244.478038    0.03569     2.1417    128.500     20.796  47827.486    30.4861    11.4905     20.600    6.29391    11.4391    23.1778   11.41658 1.0404e+01 0.0000e+00
        516 244.478041    0.03576     2.1458    128.750     21.083  47844.332    30.4955    11.4676     20.885    6.29662    11.4118    23.1892   11.42096 1.0017e+01 0.0000e+00
        517 244.478044    0.03583     2.1500    129.000     21.359  47866.830    30.5086    11.4416     21.159    6.29959    11.3865    23.2039   11.42573 9.6701e+00 0.0000e+00
        518 244.478047    0.03590     2.1542    129.250     21.622  47894.915    30.5255    11.4144     21.419    6.30259    11.3657    23.2218   11.43050 9.3628e+00 0.0000e+00
        519 244.478050    0.03597     2.1583    129.500     21.870  47924.135    30.5434    11.3891     21.665    6.30528    11.3502    23.2402   11.43475 9.0893e+00 0.0000e+00
        520 244.478053    0.03604     2.1625    129.750     22.104  47949.978    30.5594    11.3683     21.897    6.30744    11.3394    23.2563   11.43815 8.8411e+00 0.0000e+00
        521 244.478056    0.03611     2.1667    130.000     22.326  47970.359    30.5721    11.3528     22.116    6.30902    11.3323    23.2689   11.44063 8.6122e+00 0.0000e+00
        522 244.478058    0.03618     2.1708    130.250     22.537  47985.285    30.5814    11.3421     22.325    6.31010    11.3278    23.2780   11.44230 8.3980e+00 0.0000e+00
        523 244.478061    0.03625     2.1750    130.500     22.743  47995.819    30.5880    11.3350     22.529    6.31079    11.3250    23.2844   11.44337 8.1921e+00 0.0000e+00
        524 244.478064    0.03632     2.1792    130.750     22.947  48003.137    30.5926    11.3305     22.732    6.31121    11.3230    23.2888   11.44401 7.9889e+00 0.0000e+00
        525 244.478067    0.03639     2.1833    131.000     23.156  48008.168    30.5958    11.3277     22.939    6.31146    11.3213    23.2918   11.44440 7.7849e+00 0.0000e+00
        526 244.478070    0.03646     2.1875    131.250     23.374  48011.715    30.5980    11.3258     23.154    6.31163    11.3196    23.2938   11.44466 7.5774e+00 0.0000e+00
        527 244.478073    0.03653     2.1917    131.500     23.602  48014.533    30.5997    11.3241     23.380    6.31179    11.3176    23.2955   11.44489 7.3648e+00 0.0000e+00
        528 244.478076    0.03660     2.1958    131.750     23.842  48017.185    30.6013    11.3225     23.618    6.31195    11.3153    23.2970   11.44514 7.1464e+00 0.0000e+00
        529 244.478079    0.03667     2.2000    132.000     24.095  48020.059    30.6031    11.3205     23.868    6.31214    11.3125    23.2987   11.44544 6.9229e+00 0.0000e+00
        530 244.478082    0.03674     2.2042    132.250     24.359  48023.358    30.6051    11.3181     24.130    6.31238    11.3092    23.3007   11.44582 6.6970e+00 0.0000e+00
        531 244.478084    0.03681     2.2083    132.500     24.634  48027.090    30.6073    11.3154     24.402    6.31267    11.3055    23.3029   11.44627 6.4717e+00 0.0000e+00
        532 244.478087    0.03687     2.2125    132.750     24.915  48031.252    30.6098    11.3122     24.681    6.31300    11.3012    23.3054   11.44679 6.2503e+00 0.0000e+00
        533 244.478090    0.03694     2.2167    133.000     25.201  48035.886    30.6126    11.3085     24.964    6.31339    11.2962    23.3082   11.44740 6.0369e+00 0.0000e+00
        534 244.478093    0.03701     2.2208    133.250     25.486  48041.036    30.6156    11.3042     25.247    6.31385    11.2909    23.3113   11.44812 5.8340e+00 0.0000e+00
        535 244.478096    0.03708     2.2250    133.500     25.768  48046.747    30.6190    11.2992     25.526    6.31438    11.2859    23.3148   11.44897 5.6426e+00 0.0000e+00
        536 244.478099    0.03715     2.2292    133.750     26.044  48052.816    30.6226    11.2939     25.798    6.31496    11.2818    23.3186   11.44988 5.4629e+00 0.0000e+00
        537 244.478102    0.03722     2.2333    134.000     26.310  48058.524    30.6260    11.2890     26.062    6.31549    11.2786    23.3221   11.45072 5.2942e+00 0.0000e+00
        538 244.478105    0.03729     2.2375    134.250     26.568  48063.137    30.6288    11.2849     26.317    6.31593    11.2763    23.3249   11.45142 5.1352e+00 0.0000e+00
        539 244.478108    0.03736     2.2417    134.500     26.816  48066.524    30.6307    11.2818     26.563    6.31627    11.2746    23.3270   11.45196 4.9846e+00 0.0000e+00
        540 244.478111    0.03743     2.2458    134.750     27.055  48068.987    30.6321    11.2795     26.800    6.31652    11.2734    23.3285   11.45236 4.8415e+00 0.0000e+00
        541 244.478113    0.03750     2.2500    135.000     27.285  48070.809    30.6332    11.2779     27.028    6.31671    11.2725    23.3296   11.45266 4.7048e+00 0.0000e+00
        542 244.478116    0.03757     2.2542    135.250     27.510  48072.155    30.6339    11.2766     27.251    6.31684    11.2717    23.3304   11.45287 4.5735e+00 0.0000e+00
