CTD-processing/allCTD/CNV--turbid/2016_02-15_t6_s03_cast138.cnv
* Sea-Bird SBE19plus Data File:
* FileName = C:\Users\Kris.Holderied\Documents\kasitsna\Research-KBL\Oceanography-AK\CTD-Data-ALL-to-2016-02\2016-CTD-KachemakBay-CookInlet\2016-02-CookInlet-quarterly\2016-02-15-CookInlet-Tran6-Douglas\2016-02-15-CookInlet-Tran6-cast138.hex
* Software Version 1.59
* Temperature SN =  5028
* Conductivity SN =  5028
* System UpLoad Time = Feb 15 2016 19:53:09
** Cook Inlet LTM Tran6 Douglas West to East

** Date: 02-15
** Station: 6-03
** Start time (AKST): 18:29
** Depth (m): 104
** Comment:  R/V Pandalus
** Comment:
# nquan = 16
# nvalues = 780                         
# units = specified
# name 0 = scan: Scan Count
# name 1 = timeJ: Julian Days
# name 2 = timeH: Time, Elapsed [hours]
# name 3 = timeM: Time, Elapsed [minutes]
# name 4 = timeS: Time, Elapsed [seconds]
# name 5 = prdM: Pressure, Strain Gauge [db]
# name 6 = specc: Specific Conductance [uS/cm]
# name 7 = sal00: Salinity, Practical [PSU]
# name 8 = tv290C: Temperature [ITS-90, deg C]
# name 9 = depSM: Depth [salt water, m], lat = 59.00
# name 10 = oxsolML/L: Oxygen Saturation, Garcia & Gordon [ml/l]
# name 11 = potemp090C: Potential Temperature [ITS-90, deg C]
# name 12 = sigma-é00: Density [sigma-theta, kg/m^3]
# name 13 = n2satML/L: Nitrogen Saturation [ml/l]
# name 14 = par: PAR/Irradiance, Biospherical/Licor
# name 15 = flag:  0.000e+00
# span 0 =          1,        780       
# span 1 =  46.770521,  46.772775       
# span 2 =    0.00000,    0.05410       
# span 3 =     0.0000,     3.2458       
# span 4 =      0.000,    194.750       
# span 5 =     -0.156,    105.888       
# span 6 =   2787.152,  50404.944       
# span 7 =     1.4011,    31.5223       
# span 8 =     5.3087,     6.3621       
# span 9 =     -0.155,    104.871       
# span 10 =    7.01034,    8.77923      
# span 11 =     5.3087,     6.3541      
# span 12 =     1.0804,    24.7626      
# span 13 =   12.59006,   15.96898      
# span 14 = 3.7976e-02, 6.1286e-01      
# span 15 = 0.0000e+00, 0.0000e+00      
# interval = seconds: 0.25
# start_time = Feb 15 2016 18:29:33 [Instrument's time stamp, header]
# bad_flag = -9.990e-29
*END*
[from data line 633]
        634  46.772352    0.04396     2.6375    158.250     75.086  50372.287    31.5117     6.3519     74.371    7.01249     6.3460    24.7552   12.59375 3.7976e-02 0.0000e+00
        635  46.772355    0.04403     2.6417    158.500     75.274  50372.483    31.5117     6.3521     74.557    7.01247     6.3460    24.7552   12.59370 3.7976e-02 0.0000e+00
        636  46.772358    0.04410     2.6458    158.750     75.473  50372.640    31.5118     6.3522     74.753    7.01245     6.3461    24.7552   12.59367 3.7976e-02 0.0000e+00
        637  46.772361    0.04417     2.6500    159.000     75.683  50372.829    31.5118     6.3523     74.962    7.01243     6.3461    24.7552   12.59364 3.7976e-02 0.0000e+00
        638  46.772364    0.04424     2.6542    159.250     75.907  50373.094    31.5119     6.3524     75.183    7.01241     6.3462    24.7553   12.59361 3.7976e-02 0.0000e+00
        639  46.772367    0.04431     2.6583    159.500     76.142  50373.328    31.5120     6.3524     75.417    7.01239     6.3462    24.7553   12.59358 3.7976e-02 0.0000e+00
        640  46.772370    0.04437     2.6625    159.750     76.389  50373.371    31.5119     6.3525     75.661    7.01239     6.3462    24.7553   12.59357 3.7976e-02 0.0000e+00
        641  46.772373    0.04444     2.6667    160.000     76.643  50373.347    31.5118     6.3525     75.912    7.01239     6.3461    24.7552   12.59357 3.7976e-02 0.0000e+00
        642  46.772376    0.04451     2.6708    160.250     76.902  50373.499    31.5117     6.3525     76.169    7.01239     6.3461    24.7552   12.59357 3.7976e-02 0.0000e+00
        643  46.772378    0.04458     2.6750    160.500     77.163  50373.837    31.5118     6.3525     76.428    7.01239     6.3462    24.7553   12.59357 3.7976e-02 0.0000e+00
        644  46.772381    0.04465     2.6792    160.750     77.421  50374.313    31.5120     6.3525     76.683    7.01237     6.3463    24.7554   12.59354 3.7976e-02 0.0000e+00
        645  46.772384    0.04472     2.6833    161.000     77.674  50375.028    31.5124     6.3526     76.934    7.01235     6.3465    24.7557   12.59349 3.7976e-02 0.0000e+00
        646  46.772387    0.04479     2.6875    161.250     77.919  50376.175    31.5132     6.3527     77.176    7.01229     6.3469    24.7563   12.59340 3.7976e-02 0.0000e+00
        647  46.772390    0.04486     2.6917    161.500     78.152  50377.925    31.5143     6.3529     77.406    7.01220     6.3476    24.7572   12.59323 3.7976e-02 0.0000e+00
        648  46.772393    0.04493     2.6958    161.750     78.370  50380.032    31.5158     6.3534     77.623    7.01207     6.3483    24.7583   12.59299 3.7976e-02 0.0000e+00
        649  46.772396    0.04500     2.7000    162.000     78.574  50381.749    31.5170     6.3540     77.825    7.01191     6.3490    24.7591   12.59271 3.7976e-02 0.0000e+00
        650  46.772399    0.04507     2.7042    162.250     78.764  50382.717    31.5177     6.3547     78.013    7.01175     6.3496    24.7596   12.59243 3.7976e-02 0.0000e+00
        651  46.772402    0.04514     2.7083    162.500     78.943  50383.129    31.5180     6.3555     78.190    7.01161     6.3500    24.7598   12.59220 3.7976e-02 0.0000e+00
        652  46.772405    0.04521     2.7125    162.750     79.114  50383.150    31.5181     6.3561     78.359    7.01151     6.3503    24.7597   12.59203 3.7976e-02 0.0000e+00
        653  46.772407    0.04528     2.7167    163.000     79.282  50382.968    31.5180     6.3566     78.526    7.01144     6.3505    24.7596   12.59192 3.7976e-02 0.0000e+00
        654  46.772410    0.04535     2.7208    163.250     79.453  50382.770    31.5178     6.3569     78.694    7.01140     6.3506    24.7594   12.59185 3.7976e-02 0.0000e+00
        655  46.772413    0.04542     2.7250    163.500     79.628  50382.633    31.5177     6.3571     78.868    7.01137     6.3506    24.7593   12.59182 3.7976e-02 0.0000e+00
        656  46.772416    0.04549     2.7292    163.750     79.811  50382.564    31.5176     6.3572     79.050    7.01136     6.3506    24.7592   12.59180 3.7976e-02 0.0000e+00
        657  46.772419    0.04556     2.7333    164.000     80.002  50382.573    31.5175     6.3572     79.239    7.01136     6.3506    24.7591   12.59180 3.7976e-02 0.0000e+00
        658  46.772422    0.04562     2.7375    164.250     80.199  50382.823    31.5175     6.3572     79.434    7.01136     6.3507    24.7592   12.59179 3.7976e-02 0.0000e+00
        659  46.772425    0.04569     2.7417    164.500     80.397  50383.587    31.5180     6.3572     79.630    7.01133     6.3510    24.7595   12.59175 3.7976e-02 0.0000e+00
        660  46.772428    0.04576     2.7458    164.750     80.593  50385.085    31.5190     6.3573     79.824    7.01127     6.3514    24.7603   12.59164 3.7976e-02 0.0000e+00
        661  46.772431    0.04583     2.7500    165.000     80.784  50386.827    31.5201     6.3576     80.013    7.01117     6.3519    24.7612   12.59146 3.7976e-02 0.0000e+00
        662  46.772433    0.04590     2.7542    165.250     80.968  50387.744    31.5208     6.3580     80.195    7.01107     6.3522    24.7617   12.59128 3.7976e-02 0.0000e+00
        663  46.772436    0.04597     2.7583    165.500     81.147  50387.670    31.5207     6.3585     80.372    7.01099     6.3524    24.7616   12.59115 3.7976e-02 0.0000e+00
        664  46.772439    0.04604     2.7625    165.750     81.323  50387.168    31.5204     6.3589     80.547    7.01095     6.3524    24.7612   12.59109 3.7976e-02 0.0000e+00
        665  46.772442    0.04611     2.7667    166.000     81.502  50386.583    31.5199     6.3591     80.724    7.01094     6.3523    24.7609   12.59108 3.7976e-02 0.0000e+00
        666  46.772445    0.04618     2.7708    166.250     81.689  50386.119    31.5195     6.3591     80.909    7.01096     6.3521    24.7605   12.59111 3.7976e-02 0.0000e+00
        667  46.772448    0.04625     2.7750    166.500     81.889  50385.889    31.5192     6.3590     81.108    7.01098     6.3520    24.7603   12.59115 3.7976e-02 0.0000e+00
        668  46.772451    0.04632     2.7792    166.750     82.106  50386.178    31.5193     6.3589     81.323    7.01100     6.3521    24.7604   12.59118 3.7976e-02 0.0000e+00
        669  46.772454    0.04639     2.7833    167.000     82.342  50387.154    31.5198     6.3588     81.556    7.01098     6.3523    24.7608   12.59115 3.7976e-02 0.0000e+00
        670  46.772457    0.04646     2.7875    167.250     82.595  50388.312    31.5205     6.3589     81.806    7.01094     6.3526    24.7614   12.59107 3.7976e-02 0.0000e+00
        671  46.772459    0.04653     2.7917    167.500     82.860  50389.173    31.5210     6.3591     82.069    7.01088     6.3528    24.7618   12.59096 3.7976e-02 0.0000e+00
        672  46.772462    0.04660     2.7958    167.750     83.130  50389.708    31.5213     6.3594     82.336    7.01082     6.3531    24.7620   12.59086 3.7976e-02 0.0000e+00
        673  46.772465    0.04667     2.8000    168.000     83.397  50390.020    31.5215     6.3597     82.601    7.01076     6.3533    24.7621   12.59076 3.7976e-02 0.0000e+00
        674  46.772468    0.04674     2.8042    168.250     83.655  50390.202    31.5216     6.3600     82.856    7.01071     6.3535    24.7621   12.59068 3.7976e-02 0.0000e+00
        675  46.772471    0.04681     2.8083    168.500     83.897  50390.320    31.5216     6.3602     83.095    7.01067     6.3536    24.7621   12.59061 3.7976e-02 0.0000e+00
        676  46.772474    0.04688     2.8125    168.750     84.117  50390.418    31.5216     6.3604     83.313    7.01064     6.3537    24.7621   12.59057 3.7976e-02 0.0000e+00
        677  46.772477    0.04694     2.8167    169.000     84.315  50390.506    31.5215     6.3605     83.509    7.01062     6.3537    24.7620   12.59053 3.7976e-02 0.0000e+00
        678  46.772480    0.04701     2.8208    169.250     84.491  50390.558    31.5215     6.3606     83.684    7.01061     6.3537    24.7620   12.59051 3.7976e-02 0.0000e+00
        679  46.772483    0.04708     2.8250    169.500     84.650  50390.565    31.5215     6.3607     83.841    7.01060     6.3537    24.7620   12.59050 3.7976e-02 0.0000e+00
        680  46.772486    0.04715     2.8292    169.750     84.798  50390.569    31.5214     6.3607     83.988    7.01060     6.3537    24.7619   12.59050 3.7976e-02 0.0000e+00
        681  46.772488    0.04722     2.8333    170.000     84.944  50390.617    31.5214     6.3607     84.132    7.01061     6.3537    24.7619   12.59050 3.7976e-02 0.0000e+00
        682  46.772491    0.04729     2.8375    170.250     85.095  50390.738    31.5214     6.3607     84.282    7.01061     6.3537    24.7619   12.59050 3.7976e-02 0.0000e+00
        683  46.772494    0.04736     2.8417    170.500     85.258  50390.911    31.5214     6.3607     84.444    7.01060     6.3537    24.7619   12.59049 3.7976e-02 0.0000e+00
        684  46.772497    0.04743     2.8458    170.750     85.438  50391.076    31.5215     6.3607     84.622    7.01060     6.3537    24.7619   12.59048 3.7976e-02 0.0000e+00
        685  46.772500    0.04750     2.8500    171.000     85.635  50391.202    31.5215     6.3607     84.817    7.01059     6.3538    24.7619   12.59047 3.7976e-02 0.0000e+00
        686  46.772503    0.04757     2.8542    171.250     85.848  50391.353    31.5215     6.3608     85.028    7.01058     6.3538    24.7619   12.59046 3.7976e-02 0.0000e+00
        687  46.772506    0.04764     2.8583    171.500     86.075  50391.610    31.5216     6.3608     85.252    7.01057     6.3538    24.7620   12.59045 3.7976e-02 0.0000e+00
        688  46.772509    0.04771     2.8625    171.750     86.311  50391.913    31.5217     6.3609     85.486    7.01056     6.3538    24.7621   12.59042 3.7976e-02 0.0000e+00
        689  46.772512    0.04778     2.8667    172.000     86.549  50392.094    31.5217     6.3609     85.722    7.01055     6.3538    24.7621   12.59041 3.7976e-02 0.0000e+00
        690  46.772514    0.04785     2.8708    172.250     86.785  50392.072    31.5216     6.3610     85.956    7.01054     6.3538    24.7620   12.59040 3.7976e-02 0.0000e+00
        691  46.772517    0.04792     2.8750    172.500     87.013  50391.957    31.5214     6.3610     86.182    7.01055     6.3538    24.7618   12.59041 3.7976e-02 0.0000e+00
        692  46.772520    0.04799     2.8792    172.750     87.228  50391.898    31.5212     6.3610     86.394    7.01056     6.3537    24.7617   12.59043 3.7976e-02 0.0000e+00
        693  46.772523    0.04806     2.8833    173.000     87.427  50391.934    31.5212     6.3609     86.591    7.01057     6.3537    24.7617   12.59045 3.7976e-02 0.0000e+00
        694  46.772526    0.04813     2.8875    173.250     87.610  50392.044    31.5212     6.3609     86.773    7.01058     6.3536    24.7617   12.59046 3.7976e-02 0.0000e+00
        695  46.772529    0.04819     2.8917    173.500     87.780  50392.207    31.5212     6.3609     86.941    7.01058     6.3536    24.7617   12.59047 3.7976e-02 0.0000e+00
        696  46.772532    0.04826     2.8958    173.750     87.941  50392.418    31.5213     6.3609     87.100    7.01058     6.3537    24.7617   12.59047 3.7976e-02 0.0000e+00
        697  46.772535    0.04833     2.9000    174.000     88.099  50392.703    31.5214     6.3609     87.257    7.01057     6.3537    24.7618   12.59045 3.7976e-02 0.0000e+00
        698  46.772538    0.04840     2.9042    174.250     88.261  50393.043    31.5215     6.3609     87.417    7.01056     6.3538    24.7620   12.59043 3.7976e-02 0.0000e+00
        699  46.772541    0.04847     2.9083    174.500     88.434  50393.374    31.5217     6.3610     87.588    7.01054     6.3539    24.7621   12.59039 3.7976e-02 0.0000e+00
        700  46.772543    0.04854     2.9125    174.750     88.622  50393.687    31.5218     6.3611     87.775    7.01052     6.3540    24.7622   12.59036 3.7976e-02 0.0000e+00
        701  46.772546    0.04861     2.9167    175.000     88.830  50393.998    31.5220     6.3612     87.981    7.01050     6.3540    24.7623   12.59032 3.7976e-02 0.0000e+00
        702  46.772549    0.04868     2.9208    175.250     89.058  50394.281    31.5221     6.3613     88.206    7.01048     6.3541    24.7624   12.59029 3.7976e-02 0.0000e+00
        703  46.772552    0.04875     2.9250    175.500     89.303  50394.507    31.5221     6.3614     88.449    7.01046     6.3541    24.7624   12.59026 3.7976e-02 0.0000e+00
        704  46.772555    0.04882     2.9292    175.750     89.562  50394.688    31.5222     6.3614     88.706    7.01045     6.3541    24.7624   12.59023 3.7976e-02 0.0000e+00
        705  46.772558    0.04889     2.9333    176.000     89.828  50394.854    31.5222     6.3615     88.969    7.01043     6.3541    24.7624   12.59021 3.7976e-02 0.0000e+00
        706  46.772561    0.04896     2.9375    176.250     90.093  50395.001    31.5221     6.3616     89.231    7.01043     6.3541    24.7624   12.59020 3.7976e-02 0.0000e+00
        707  46.772564    0.04903     2.9417    176.500     90.350  50395.067    31.5221     6.3616     89.485    7.01042     6.3541    24.7624   12.59020 3.7976e-02 0.0000e+00
        708  46.772567    0.04910     2.9458    176.750     90.592  50395.007    31.5219     6.3616     89.726    7.01043     6.3540    24.7622   12.59021 3.7976e-02 0.0000e+00
        709  46.772569    0.04917     2.9500    177.000     90.817  50394.878    31.5217     6.3616     89.949    7.01044     6.3539    24.7621   12.59024 3.7976e-02 0.0000e+00
        710  46.772572    0.04924     2.9542    177.250     91.024  50394.812    31.5216     6.3615     90.153    7.01046     6.3538    24.7619   12.59027 3.7976e-02 0.0000e+00
        711  46.772575    0.04931     2.9583    177.500     91.212  50394.888    31.5215     6.3614     90.340    7.01048     6.3538    24.7619   12.59029 3.7976e-02 0.0000e+00
        712  46.772578    0.04938     2.9625    177.750     91.386  50395.090    31.5216     6.3613     90.512    7.01049     6.3538    24.7620   12.59031 3.7976e-02 0.0000e+00
        713  46.772581    0.04944     2.9667    178.000     91.549  50395.382    31.5217     6.3613     90.673    7.01049     6.3538    24.7621   12.59031 3.7976e-02 0.0000e+00
        714  46.772584    0.04951     2.9708    178.250     91.704  50395.677    31.5218     6.3613     90.827    7.01048     6.3539    24.7622   12.59029 3.7976e-02 0.0000e+00
        715  46.772587    0.04958     2.9750    178.500     91.857  50395.923    31.5219     6.3614     90.978    7.01047     6.3539    24.7623   12.59027 3.7976e-02 0.0000e+00
        716  46.772590    0.04965     2.9792    178.750     92.008  50396.152    31.5220     6.3614     91.128    7.01045     6.3539    24.7623   12.59025 3.7976e-02 0.0000e+00
        717  46.772593    0.04972     2.9833    179.000     92.160  50396.335    31.5221     6.3615     91.278    7.01044     6.3539    24.7624   12.59023 3.7976e-02 0.0000e+00
        718  46.772595    0.04979     2.9875    179.250     92.312  50396.418    31.5221     6.3616     91.428    7.01043     6.3539    24.7624   12.59021 3.7976e-02 0.0000e+00
        719  46.772598    0.04986     2.9917    179.500     92.464  50396.355    31.5220     6.3616     91.579    7.01044     6.3539    24.7623   12.59022 3.7976e-02 0.0000e+00
        720  46.772601    0.04993     2.9958    179.750     92.616  50396.167    31.5218     6.3615     91.729    7.01045     6.3538    24.7622   12.59024 3.7976e-02 0.0000e+00
        721  46.772604    0.05000     3.0000    180.000     92.768  50395.990    31.5216     6.3615     91.880    7.01047     6.3537    24.7620   12.59027 3.7976e-02 0.0000e+00
        722  46.772607    0.05007     3.0042    180.250     92.923  50395.952    31.5215     6.3614     92.033    7.01048     6.3536    24.7619   12.59030 3.7976e-02 0.0000e+00
        723  46.772610    0.05014     3.0083    180.500     93.081  50396.069    31.5215     6.3614     92.190    7.01049     6.3536    24.7619   12.59032 3.7976e-02 0.0000e+00
