CTD-processing/allCTD/CNV--turbid/2016_11-10_t9_s10_cast010.cnv
* Sea-Bird SBE19plus Data File:
* FileName = P:\My Documents\kasitsna\Research-KBL\Oceanography-AK\CTD-Data-ALL-to-2016-05\2016-CTD-KachemakBay-CookInlet\2016-11-10-CookIInlet-Tran9-monthly\2016-11-10-CookInlet-Tran9-cast010.hex
* Software Version 1.59
* Temperature SN =  4141
* Conductivity SN =  4141
* System UpLoad Time = Jan 10 2017 14:27:24
** Cook Inlet LTM Tran 9 south to north
** Date: (YYYY-MM-DD): 2016-11-10
** Station: (eg. 9-01): 9-10
** Start time (AKST): 13:04
** Depth (m): 63.4
** Comment: R/V Edgecumbe. CTD time is 2 hrs ahead of  local time (was on PDT)
** Comment:
# nquan = 16
# nvalues = 557                         
# units = specified
# name 0 = scan: Scan Count
# name 1 = timeJ: Julian Days
# name 2 = timeH: Time, Elapsed [hours]
# name 3 = timeM: Time, Elapsed [minutes]
# name 4 = timeS: Time, Elapsed [seconds]
# name 5 = prdM: Pressure, Strain Gauge [db]
# name 6 = specc: Specific Conductance [uS/cm]
# name 7 = sal00: Salinity, Practical [PSU]
# name 8 = tv290C: Temperature [ITS-90, deg C]
# name 9 = depSM: Depth [salt water, m], lat = 59.00
# name 10 = oxsolML/L: Oxygen Saturation, Garcia & Gordon [ml/l]
# name 11 = potemp090C: Potential Temperature [ITS-90, deg C]
# name 12 = sigma-é00: Density [sigma-theta, kg/m^3]
# name 13 = n2satML/L: Nitrogen Saturation [ml/l]
# name 14 = par: PAR/Irradiance, Biospherical/Licor
# name 15 = flag:  0.000e+00
# span 0 =          1,        557       
# span 1 = 315.628322, 315.629931       
# span 2 =    0.00000,    0.03861       
# span 3 =     0.0000,     2.3167       
# span 4 =      0.000,    139.000       
# span 5 =      0.494,     56.364       
# span 6 =  46997.365,  48624.734       
# span 7 =    29.3843,    30.7622       
# span 8 =     7.3066,     9.2173       
# span 9 =      0.489,     55.829       
# span 10 =    6.60166,    6.95274      
# span 11 =     7.3069,     9.2114      
# span 12 =    22.9520,    23.7694      
# span 13 =   11.92336,   12.52104      
# span 14 = 4.3352e-02, 9.1465e+00      
# span 15 = 0.0000e+00, 0.0000e+00      
# interval = seconds: 0.25
# start_time = Nov 10 2016 15:04:47 [Instrument's time stamp, header]
# bad_flag = -9.990e-29
*END*
[from data line 272]
        273 315.629109    0.01889     1.1333     68.000      2.815  47341.636    29.6501     7.5498      2.788    6.90470     7.5721    23.1364   12.43891 2.8907e+00 0.0000e+00
        274 315.629112    0.01896     1.1375     68.250      3.053  47349.272    29.6570     7.5614      3.025    6.90253     7.5823    23.1403   12.43523 2.6574e+00 0.0000e+00
        275 315.629115    0.01903     1.1417     68.500      3.273  47355.442    29.6629     7.5724      3.242    6.90052     7.5911    23.1434   12.43184 2.4572e+00 0.0000e+00
        276 315.629117    0.01910     1.1458     68.750      3.455  47357.995    29.6662     7.5826      3.422    6.89877     7.5980    23.1446   12.42889 2.3057e+00 0.0000e+00
        277 315.629120    0.01917     1.1500     69.000      3.585  47355.482    29.6657     7.5914      3.551    6.89739     7.6026    23.1431   12.42661 2.2110e+00 0.0000e+00
        278 315.629123    0.01924     1.1542     69.250      3.655  47349.521    29.6626     7.5983      3.620    6.89644     7.6048    23.1398   12.42508 2.1670e+00 0.0000e+00
        279 315.629126    0.01931     1.1583     69.500      3.671  47341.790    29.6580     7.6029      3.637    6.89592     7.6050    23.1355   12.42428 2.1563e+00 0.0000e+00
        280 315.629129    0.01938     1.1625     69.750      3.655  47333.283    29.6524     7.6051      3.621    6.89582     7.6039    23.1309   12.42418 2.1620e+00 0.0000e+00
        281 315.629132    0.01944     1.1667     70.000      3.635  47327.145    29.6482     7.6053      3.601    6.89597     7.6028    23.1275   12.42449 2.1681e+00 0.0000e+00
        282 315.629135    0.01951     1.1708     70.250      3.631  47327.632    29.6484     7.6042      3.597    6.89614     7.6026    23.1278   12.42476 2.1633e+00 0.0000e+00
        283 315.629138    0.01958     1.1750     70.500      3.651  47332.935    29.6519     7.6031      3.617    6.89616     7.6032    23.1307   12.42476 2.1443e+00 0.0000e+00
        284 315.629141    0.01965     1.1792     70.750      3.695  47336.696    29.6544     7.6029      3.661    6.89608     7.6038    23.1328   12.42458 2.1130e+00 0.0000e+00
        285 315.629144    0.01972     1.1833     71.000      3.754  47336.386    29.6543     7.6035      3.719    6.89599     7.6040    23.1326   12.42444 2.0768e+00 0.0000e+00
        286 315.629146    0.01979     1.1875     71.250      3.813  47334.204    29.6528     7.6041      3.778    6.89596     7.6040    23.1314   12.42440 2.0462e+00 0.0000e+00
        287 315.629149    0.01986     1.1917     71.500      3.858  47333.223    29.6522     7.6044      3.822    6.89595     7.6040    23.1308   12.42440 2.0290e+00 0.0000e+00
        288 315.629152    0.01993     1.1958     71.750      3.883  47334.104    29.6528     7.6043      3.847    6.89594     7.6043    23.1313   12.42437 2.0263e+00 0.0000e+00
        289 315.629155    0.02000     1.2000     72.000      3.890  47336.202    29.6542     7.6043      3.854    6.89587     7.6050    23.1324   12.42424 2.0332e+00 0.0000e+00
        290 315.629158    0.02007     1.2042     72.250      3.890  47339.465    29.6565     7.6046      3.854    6.89572     7.6065    23.1342   12.42396 2.0413e+00 0.0000e+00
        291 315.629161    0.02014     1.2083     72.500      3.895  47344.235    29.6599     7.6054      3.858    6.89544     7.6091    23.1367   12.42346 2.0409e+00 0.0000e+00
        292 315.629164    0.02021     1.2125     72.750      3.916  47351.772    29.6654     7.6069      3.879    6.89496     7.6135    23.1408   12.42260 2.0244e+00 0.0000e+00
        293 315.629167    0.02028     1.2167     73.000      3.962  47364.234    29.6744     7.6095      3.925    6.89415     7.6207    23.1475   12.42114 1.9860e+00 0.0000e+00
        294 315.629170    0.02035     1.2208     73.250      4.045  47383.927    29.6887     7.6139      4.007    6.89281     7.6317    23.1581   12.41875 1.9242e+00 0.0000e+00
        295 315.629172    0.02042     1.2250     73.500      4.167  47411.367    29.7087     7.6211      4.128    6.89078     7.6474    23.1729   12.41514 1.8447e+00 0.0000e+00
        296 315.629175    0.02049     1.2292     73.750      4.320  47446.863    29.7350     7.6321      4.280    6.88787     7.6700    23.1920   12.40999 1.7557e+00 0.0000e+00
        297 315.629178    0.02056     1.2333     74.000      4.493  47499.045    29.7735     7.6479      4.451    6.88367     7.7040    23.2201   12.40255 1.6625e+00 0.0000e+00
        298 315.629181    0.02063     1.2375     74.250      4.681  47586.100    29.8372     7.6705      4.638    6.87726     7.7541    23.2671   12.39115 1.5692e+00 0.0000e+00
        299 315.629184    0.02069     1.2417     74.500      4.880  47710.343    29.9285     7.7045      4.834    6.86784     7.8206    23.3341   12.37441 1.4790e+00 0.0000e+00
        300 315.629187    0.02076     1.2458     74.750      5.086  47842.970    30.0280     7.7546      5.038    6.85555     7.8981    23.4054   12.35282 1.3948e+00 0.0000e+00
        301 315.629190    0.02083     1.2500     75.000      5.296  47951.472    30.1134     7.8211      5.247    6.84136     7.9774    23.4632   12.32825 1.3191e+00 0.0000e+00
        302 315.629193    0.02090     1.2542     75.250      5.508  48015.405    30.1694     7.8986      5.457    6.82677     8.0489    23.4965   12.30341 1.2528e+00 0.0000e+00
        303 315.629196    0.02097     1.2583     75.500      5.721  48030.545    30.1917     7.9779      5.667    6.81345     8.1077    23.5031   12.28108 1.1946e+00 0.0000e+00
        304 315.629198    0.02104     1.2625     75.750      5.933  48016.972    30.1929     8.0495      5.877    6.80230     8.1544    23.4941   12.26261 1.1424e+00 0.0000e+00
        305 315.629201    0.02111     1.2667     76.000      6.145  47999.946    30.1898     8.1083      6.087    6.79333     8.1926    23.4835   12.24779 1.0948e+00 0.0000e+00
        306 315.629204    0.02118     1.2708     76.250      6.355  47992.874    30.1917     8.1550      6.295    6.78604     8.2273    23.4785   12.23569 1.0505e+00 0.0000e+00
        307 315.629207    0.02125     1.2750     76.500      6.561  48001.367    30.2032     8.1933      6.500    6.77963     8.2620    23.4821   12.22494 1.0083e+00 0.0000e+00
        308 315.629210    0.02132     1.2792     76.750      6.765  48020.360    30.2215     8.2280      6.701    6.77349     8.2962    23.4915   12.21454 9.6826e-01 0.0000e+00
        309 315.629213    0.02139     1.2833     77.000      6.961  48031.664    30.2343     8.2627      6.896    6.76759     8.3262    23.4967   12.20463 9.3209e-01 0.0000e+00
        310 315.629216    0.02146     1.2875     77.250      7.146  48024.807    30.2345     8.2969      7.079    6.76235     8.3496    23.4919   12.19594 9.0143e-01 0.0000e+00
        311 315.629219    0.02153     1.2917     77.500      7.315  48007.083    30.2264     8.3269      7.247    6.75810     8.3660    23.4814   12.18900 8.7657e-01 0.0000e+00
        312 315.629222    0.02160     1.2958     77.750      7.472  47988.320    30.2167     8.3503      7.402    6.75496     8.3769    23.4704   12.18392 8.5579e-01 0.0000e+00
        313 315.629225    0.02167     1.3000     78.000      7.629  47973.741    30.2089     8.3667      7.558    6.75279     8.3839    23.4620   12.18042 8.3590e-01 0.0000e+00
        314 315.629227    0.02174     1.3042     78.250      7.804  47964.075    30.2036     8.3776      7.731    6.75135     8.3880    23.4563   12.17811 8.1383e-01 0.0000e+00
        315 315.629230    0.02181     1.3083     78.500      8.012  47956.855    30.1995     8.3846      7.937    6.75046     8.3902    23.4521   12.17669 7.8812e-01 0.0000e+00
        316 315.629233    0.02187     1.3125     78.750      8.256  47951.847    30.1965     8.3888      8.179    6.74995     8.3917    23.4492   12.17588 7.5894e-01 0.0000e+00
        317 315.629236    0.02194     1.3167     79.000      8.526  47951.475    30.1965     8.3910      8.446    6.74961     8.3938    23.4488   12.17532 7.2747e-01 0.0000e+00
        318 315.629239    0.02201     1.3208     79.250      8.796  47956.133    30.1998     8.3925      8.714    6.74924     8.3970    23.4512   12.17465 6.9663e-01 0.0000e+00
        319 315.629242    0.02208     1.3250     79.500      9.039  47961.714    30.2039     8.3947      8.955    6.74873     8.4007    23.4541   12.17377 6.6988e-01 0.0000e+00
        320 315.629245    0.02215     1.3292     79.750      9.242  47963.958    30.2059     8.3979      9.155    6.74816     8.4040    23.4552   12.17280 6.4802e-01 0.0000e+00
        321 315.629248    0.02222     1.3333     80.000      9.409  47963.621    30.2061     8.4015      9.320    6.74759     8.4069    23.4548   12.17186 6.2964e-01 0.0000e+00
        322 315.629251    0.02229     1.3375     80.250      9.557  47963.467    30.2064     8.4048      9.467    6.74707     8.4096    23.4546   12.17099 6.1303e-01 0.0000e+00
        323 315.629253    0.02236     1.3417     80.500      9.704  47964.876    30.2077     8.4077      9.613    6.74657     8.4128    23.4552   12.17014 5.9685e-01 0.0000e+00
        324 315.629256    0.02243     1.3458     80.750      9.862  47968.512    30.2106     8.4105      9.770    6.74602     8.4170    23.4571   12.16920 5.8031e-01 0.0000e+00
        325 315.629259    0.02250     1.3500     81.000     10.038  47974.719    30.2153     8.4137      9.944    6.74533     8.4225    23.4603   12.16799 5.6323e-01 0.0000e+00
        326 315.629262    0.02257     1.3542     81.250     10.230  47982.370    30.2212     8.4179     10.134    6.74443     8.4290    23.4643   12.16644 5.4567e-01 0.0000e+00
        327 315.629265    0.02264     1.3583     81.500     10.438  47988.844    30.2264     8.4235     10.339    6.74336     8.4356    23.4676   12.16460 5.2757e-01 0.0000e+00
        328 315.629268    0.02271     1.3625     81.750     10.661  47991.482    30.2291     8.4300     10.561    6.74226     8.4411    23.4688   12.16273 5.0865e-01 0.0000e+00
        329 315.629271    0.02278     1.3667     82.000     10.902  47988.890    30.2281     8.4366     10.800    6.74129     8.4448    23.4671   12.16115 4.8875e-01 0.0000e+00
        330 315.629274    0.02285     1.3708     82.250     11.156  47982.941    30.2246     8.4421     11.052    6.74060     8.4468    23.4636   12.16005 4.6852e-01 0.0000e+00
        331 315.629277    0.02292     1.3750     82.500     11.415  47977.538    30.2213     8.4459     11.308    6.74018     8.4478    23.4604   12.15940 4.4917e-01 0.0000e+00
        332 315.629280    0.02299     1.3792     82.750     11.666  47974.536    30.2194     8.4479     11.556    6.73995     8.4483    23.4586   12.15904 4.3170e-01 0.0000e+00
        333 315.629282    0.02306     1.3833     83.000     11.897  47973.181    30.2185     8.4490     11.784    6.73983     8.4486    23.4578   12.15885 4.1662e-01 0.0000e+00
        334 315.629285    0.02313     1.3875     83.250     12.100  47972.435    30.2180     8.4495     11.986    6.73977     8.4487    23.4573   12.15876 4.0409e-01 0.0000e+00
        335 315.629288    0.02319     1.3917     83.500     12.276  47972.090    30.2177     8.4498     12.160    6.73974     8.4489    23.4570   12.15871 3.9392e-01 0.0000e+00
        336 315.629291    0.02326     1.3958     83.750     12.426  47972.570    30.2180     8.4499     12.310    6.73971     8.4493    23.4573   12.15866 3.8546e-01 0.0000e+00
        337 315.629294    0.02333     1.4000     84.000     12.561  47974.213    30.2191     8.4501     12.444    6.73964     8.4503    23.4581   12.15852 3.7778e-01 0.0000e+00
        338 315.629297    0.02340     1.4042     84.250     12.698  47977.064    30.2211     8.4505     12.579    6.73948     8.4522    23.4596   12.15824 3.6974e-01 0.0000e+00
        339 315.629300    0.02347     1.4083     84.500     12.854  47980.914    30.2238     8.4516     12.734    6.73920     8.4549    23.4616   12.15774 3.6027e-01 0.0000e+00
        340 315.629303    0.02354     1.4125     84.750     13.048  47984.754    30.2267     8.4534     12.926    6.73880     8.4582    23.4636   12.15703 3.4876e-01 0.0000e+00
        341 315.629306    0.02361     1.4167     85.000     13.287  47986.717    30.2284     8.4562     13.162    6.73831     8.4615    23.4645   12.15619 3.3524e-01 0.0000e+00
        342 315.629308    0.02368     1.4208     85.250     13.565  47987.038    30.2289     8.4596     13.437    6.73777     8.4645    23.4644   12.15530 3.2028e-01 0.0000e+00
        343 315.629311    0.02375     1.4250     85.500     13.863  47988.247    30.2301     8.4629     13.733    6.73721     8.4672    23.4649   12.15435 3.0539e-01 0.0000e+00
        344 315.629314    0.02382     1.4292     85.750     14.157  47990.865    30.2323     8.4659     14.024    6.73666     8.4695    23.4661   12.15342 2.9252e-01 0.0000e+00
        345 315.629317    0.02389     1.4333     86.000     14.419  47993.091    30.2341     8.4686     14.284    6.73617     8.4715    23.4672   12.15259 2.8229e-01 0.0000e+00
        346 315.629320    0.02396     1.4375     86.250     14.639  47993.440    30.2346     8.4710     14.502    6.73579     8.4728    23.4672   12.15195 2.7385e-01 0.0000e+00
        347 315.629323    0.02403     1.4417     86.500     14.828  47992.547    30.2342     8.4729     14.689    6.73551     8.4736    23.4666   12.15150 2.6620e-01 0.0000e+00
        348 315.629326    0.02410     1.4458     86.750     15.005  47991.488    30.2336     8.4743     14.864    6.73534     8.4739    23.4659   12.15122 2.5869e-01 0.0000e+00
        349 315.629329    0.02417     1.4500     87.000     15.185  47990.417    30.2329     8.4751     15.042    6.73525     8.4740    23.4652   12.15108 2.5104e-01 0.0000e+00
        350 315.629332    0.02424     1.4542     87.250     15.371  47989.740    30.2324     8.4754     15.226    6.73521     8.4739    23.4648   12.15103 2.4332e-01 0.0000e+00
        351 315.629334    0.02431     1.4583     87.500     15.559  47989.861    30.2324     8.4755     15.413    6.73520     8.4740    23.4648   12.15101 2.3575e-01 0.0000e+00
        352 315.629337    0.02438     1.4625     87.750     15.743  47990.644    30.2328     8.4755     15.595    6.73518     8.4742    23.4652   12.15097 2.2856e-01 0.0000e+00
        353 315.629340    0.02444     1.4667     88.000     15.920  47991.662    30.2334     8.4755     15.771    6.73514     8.4746    23.4657   12.15090 2.2184e-01 0.0000e+00
        354 315.629343    0.02451     1.4708     88.250     16.093  47992.407    30.2339     8.4758     15.942    6.73509     8.4750    23.4660   12.15080 2.1550e-01 0.0000e+00
        355 315.629346    0.02458     1.4750     88.500     16.269  47992.674    30.2341     8.4761     16.116    6.73502     8.4753    23.4661   12.15069 2.0924e-01 0.0000e+00
        356 315.629349    0.02465     1.4792     88.750     16.460  47992.824    30.2342     8.4765     16.306    6.73496     8.4757    23.4661   12.15058 2.0278e-01 0.0000e+00
        357 315.629352    0.02472     1.4833     89.000     16.675  47993.298    30.2345     8.4769     16.518    6.73488     8.4762    23.4663   12.15046 1.9597e-01 0.0000e+00
        358 315.629355    0.02479     1.4875     89.250     16.914  47994.122    30.2350     8.4773     16.755    6.73480     8.4768    23.4667   12.15031 1.8876e-01 0.0000e+00
        359 315.629358    0.02486     1.4917     89.500     17.172  47995.025    30.2356     8.4778     17.011    6.73469     8.4774    23.4671   12.15014 1.8127e-01 0.0000e+00
        360 315.629361    0.02493     1.4958     89.750     17.435  47995.968    30.2363     8.4784     17.271    6.73458     8.4781    23.4675   12.14994 1.7411e-01 0.0000e+00
        361 315.629363    0.02500     1.5000     90.000     17.684  47997.300    30.2372     8.4791     17.517    6.73444     8.4792    23.4681   12.14970 1.6803e-01 0.0000e+00
