CTD-processing/allCTD/CNV--turbid/2016_07-27_t4_s04_cast017.cnv
* Sea-Bird SBE19plus Data File:
* FileName = C:\Users\Kris.Holderied\Documents\kasitsna\Research-KBL\Oceanography-AK\CTD-Data-ALL-to-2016-05\2016-CTD-KachemakBay-CookInlet\2016-07-27-CookInlet-Tran4-Barabara-special\2016-07-27-CookInlet-Tran4-cast017.hex
* Software Version 1.59
* Temperature SN =  5028
* Conductivity SN =  5028
* System UpLoad Time = Jul 27 2016 20:20:49
** Cook Inlet LTM Tran4 Barabara north to south
** Date (YYYY-MM-DD): 2016-07-27
** Station (eg. 9-01):  4-04
** Start time (AKDT): 13:33
** Depth (m): 86
** Comment:  R/V Edgecumbe.  Part of all-bay survey with T9 and along-bay stations (1-9).
** Comment:
# nquan = 16
# nvalues = 583                         
# units = specified
# name 0 = scan: Scan Count
# name 1 = timeJ: Julian Days
# name 2 = timeH: Time, Elapsed [hours]
# name 3 = timeM: Time, Elapsed [minutes]
# name 4 = timeS: Time, Elapsed [seconds]
# name 5 = prdM: Pressure, Strain Gauge [db]
# name 6 = specc: Specific Conductance [uS/cm]
# name 7 = sal00: Salinity, Practical [PSU]
# name 8 = tv290C: Temperature [ITS-90, deg C]
# name 9 = depSM: Depth [salt water, m], lat = 59.00
# name 10 = oxsolML/L: Oxygen Saturation, Garcia & Gordon [ml/l]
# name 11 = potemp090C: Potential Temperature [ITS-90, deg C]
# name 12 = sigma-é00: Density [sigma-theta, kg/m^3]
# name 13 = n2satML/L: Nitrogen Saturation [ml/l]
# name 14 = par: PAR/Irradiance, Biospherical/Licor
# name 15 = flag:  0.000e+00
# span 0 =          1,        583       
# span 1 = 209.565625, 209.567309       
# span 2 =    0.00000,    0.04042       
# span 3 =     0.0000,     2.4250       
# span 4 =      0.000,    145.500       
# span 5 =     -0.083,     83.896       
# span 6 =   3700.201,  49878.211       
# span 7 =     2.1370,    31.6776       
# span 8 =     9.5007,    12.3001       
# span 9 =     -0.082,     83.095       
# span 10 =    6.30427,    7.46926      
# span 11 =     9.4988,    12.3001      
# span 12 =     1.1730,    24.4323      
# span 13 =   11.46553,   13.75280      
# span 14 = 6.3351e-02, 2.2444e+02      
# span 15 = 0.0000e+00, 0.0000e+00      
# interval = seconds: 0.25
# start_time = Jul 27 2016 13:34:30 [Instrument's time stamp, header]
# bad_flag = -9.990e-29
*END*
          1 209.565625    0.00000     0.0000      0.000     -0.083   3700.201     2.1370    11.8594     -0.082    7.46926    11.8940     1.1730   13.75280 2.2254e+02 0.0000e+00
          2 209.565628    0.00007     0.0042      0.250     -0.070   5409.270     3.1891    11.8724     -0.070    7.42056    11.9299     1.9852   13.65689 2.2437e+02 0.0000e+00
          3 209.565631    0.00014     0.0083      0.500     -0.048   8188.816     4.9069    11.8940     -0.048    7.34108    11.9896     3.3112   13.50041 2.2444e+02 0.0000e+00
          4 209.565634    0.00021     0.0125      0.750     -0.012  12737.606     7.7266    11.9299     -0.012    7.21068    12.0771     5.4874   13.24370 2.2230e+02 0.0000e+00
          5 209.565637    0.00028     0.0167      1.000      0.045  19294.099    11.8305    11.9896      0.045    7.02087    12.1740     8.6526   12.87060 2.1841e+02 0.0000e+00
          6 209.565639    0.00035     0.0208      1.250      0.124  26241.521    16.2397    12.0771      0.122    6.81535    12.2488    12.0482   12.46793 2.1370e+02 0.0000e+00
          7 209.565642    0.00042     0.0250      1.500      0.208  31513.227    19.6202    12.1740      0.206    6.65471    12.2883    14.6461   12.15461 2.0751e+02 0.0000e+00
          8 209.565645    0.00049     0.0292      1.750      0.285  34864.506    21.7796    12.2488      0.283    6.55072    12.3001    16.3032   11.95238 1.9791e+02 0.0000e+00
          9 209.565648    0.00056     0.0333      2.000      0.354  36997.864    23.1596    12.2883      0.351    6.48567    12.2960    17.3637   11.82559 1.8281e+02 0.0000e+00
         10 209.565651    0.00063     0.0375      2.250      0.417  38382.243    24.0590    12.3001      0.413    6.44540    12.2846    18.0573   11.74660 1.6404e+02 0.0000e+00
         11 209.565654    0.00069     0.0417      2.500      0.475  39303.166    24.6603    12.2960      0.470    6.42028    12.2709    18.5231   11.69688 1.4772e+02 0.0000e+00
         12 209.565657    0.00076     0.0458      2.750      0.529  39965.372    25.0966    12.2846      0.524    6.40341    12.2576    18.8625   11.66314 1.3597e+02 0.0000e+00
         13 209.565660    0.00083     0.0500      3.000      0.583  40512.064    25.4615    12.2709      0.577    6.39008    12.2462    19.1471   11.63633 1.2826e+02 0.0000e+00
         14 209.565663    0.00090     0.0542      3.250      0.637  40974.311    25.7732    12.2576      0.631    6.37906    12.2377    19.3905   11.61411 1.2421e+02 0.0000e+00
         15 209.565666    0.00097     0.0583      3.500      0.687  41319.527    26.0072    12.2462      0.681    6.37103    12.2321    19.5734   11.59786 1.2247e+02 0.0000e+00
         16 209.565668    0.00104     0.0625      3.750      0.729  41529.855    26.1496    12.2377      0.723    6.36636    12.2287    19.6851   11.58832 1.2180e+02 0.0000e+00
         17 209.565671    0.00111     0.0667      4.000      0.760  41622.844    26.2120    12.2321      0.753    6.36455    12.2271    19.7343   11.58453 1.2154e+02 0.0000e+00
         18 209.565674    0.00118     0.0708      4.250      0.779  41639.282    26.2220    12.2288      0.771    6.36456    12.2269    19.7427   11.58441 1.2122e+02 0.0000e+00
         19 209.565677    0.00125     0.0750      4.500      0.789  41651.114    26.2295    12.2272      0.781    6.36446    12.2282    19.7487   11.58414 1.2031e+02 0.0000e+00
         20 209.565680    0.00132     0.0792      4.750      0.794  41738.186    26.2897    12.2270      0.786    6.36206    12.2312    19.7953   11.57942 1.1879e+02 0.0000e+00
         21 209.565683    0.00139     0.0833      5.000      0.798  41907.151    26.4071    12.2283      0.790    6.35718    12.2363    19.8860   11.56990 1.1707e+02 0.0000e+00
         22 209.565686    0.00146     0.0875      5.250      0.802  42098.666    26.5406    12.2313      0.794    6.35143    12.2435    19.9887   11.55875 1.1573e+02 0.0000e+00
         23 209.565689    0.00153     0.0917      5.500      0.808  42278.076    26.6659    12.2364      0.800    6.34574    12.2519    20.0847   11.54778 1.1501e+02 0.0000e+00
         24 209.565692    0.00160     0.0958      5.750      0.814  42440.725    26.7797    12.2436      0.806    6.34023    12.2605    20.1715   11.53726 1.1465e+02 0.0000e+00
         25 209.565694    0.00167     0.1000      6.000      0.820  42579.070    26.8768    12.2520      0.812    6.33524    12.2686    20.2452   11.52780 1.1427e+02 0.0000e+00
         26 209.565697    0.00174     0.1042      6.250      0.827  42687.028    26.9528    12.2606      0.819    6.33105    12.2757    20.3024   11.51993 1.1372e+02 0.0000e+00
         27 209.565700    0.00181     0.1083      6.500      0.837  42751.797    26.9987    12.2687      0.829    6.32813    12.2813    20.3365   11.51453 1.1304e+02 0.0000e+00
         28 209.565703    0.00187     0.1125      6.750      0.848  42748.371    26.9968    12.2758      0.840    6.32725    12.2855    20.3338   11.51308 1.1244e+02 0.0000e+00
         29 209.565706    0.00194     0.1167      7.000      0.855  42674.688    26.9459    12.2814      0.847    6.32852    12.2887    20.2934   11.51580 1.1213e+02 0.0000e+00
         30 209.565709    0.00201     0.1208      7.250      0.855  42589.700    26.8869    12.2856      0.846    6.33030    12.2912    20.2470   11.51946 1.1235e+02 0.0000e+00
         31 209.565712    0.00208     0.1250      7.500      0.844  42577.157    26.8784    12.2887      0.836    6.33021    12.2931    20.2399   11.51942 1.1314e+02 0.0000e+00
         32 209.565715    0.00215     0.1292      7.750      0.826  42666.262    26.9409    12.2912      0.818    6.32740    12.2946    20.2877   11.51399 1.1415e+02 0.0000e+00
         33 209.565718    0.00222     0.1333      8.000      0.806  42809.040    27.0407    12.2932      0.798    6.32317    12.2956    20.3646   11.50577 1.1473e+02 0.0000e+00
         34 209.565720    0.00229     0.1375      8.250      0.794  42928.045    27.1239    12.2947      0.787    6.31966    12.2962    20.4287   11.49896 1.1444e+02 0.0000e+00
         35 209.565723    0.00236     0.1417      8.500      0.795  42981.212    27.1611    12.2957      0.788    6.31805    12.2962    20.4573   11.49583 1.1342e+02 0.0000e+00
         36 209.565726    0.00243     0.1458      8.750      0.807  42963.492    27.1487    12.2963      0.800    6.31846    12.2957    20.4477   11.49667 1.1204e+02 0.0000e+00
         37 209.565729    0.00250     0.1500      9.000      0.823  42881.526    27.0915    12.2963      0.815    6.32073    12.2944    20.4034   11.50111 1.1072e+02 0.0000e+00
         38 209.565732    0.00257     0.1542      9.250      0.835  42776.844    27.0183    12.2958      0.827    6.32371    12.2924    20.3469   11.50694 1.1008e+02 0.0000e+00
         39 209.565735    0.00264     0.1583      9.500      0.838  42720.263    26.9787    12.2945      0.830    6.32545    12.2903    20.3165   11.51031 1.1033e+02 0.0000e+00
         40 209.565738    0.00271     0.1625      9.750      0.833  42750.529    26.9997    12.2925      0.825    6.32488    12.2890    20.3330   11.50911 1.1092e+02 0.0000e+00
         41 209.565741    0.00278     0.1667     10.000      0.823  42845.953    27.0662    12.2904      0.816    6.32252    12.2889    20.3848   11.50440 1.1136e+02 0.0000e+00
         42 209.565744    0.00285     0.1708     10.250      0.817  42953.670    27.1413    12.2891      0.810    6.31972    12.2899    20.4432   11.49885 1.1141e+02 0.0000e+00
         43 209.565747    0.00292     0.1750     10.500      0.819  43034.337    27.1976    12.2890      0.812    6.31750    12.2911    20.4868   11.49448 1.1074e+02 0.0000e+00
         44 209.565749    0.00299     0.1792     10.750      0.828  43070.815    27.2231    12.2900      0.821    6.31635    12.2921    20.5064   11.49228 1.0952e+02 0.0000e+00
         45 209.565752    0.00306     0.1833     11.000      0.840  43057.576    27.2140    12.2912      0.833    6.31654    12.2927    20.4990   11.49271 1.0826e+02 0.0000e+00
         46 209.565755    0.00313     0.1875     11.250      0.849  43006.787    27.1785    12.2922      0.841    6.31781    12.2929    20.4714   11.49523 1.0732e+02 0.0000e+00
         47 209.565758    0.00319     0.1917     11.500      0.850  42952.180    27.1404    12.2928      0.842    6.31925    12.2927    20.4419   11.49807 1.0698e+02 0.0000e+00
         48 209.565761    0.00326     0.1958     11.750      0.840  42926.639    27.1226    12.2930      0.832    6.31994    12.2922    20.4280   11.49943 1.0740e+02 0.0000e+00
         49 209.565764    0.00333     0.2000     12.000      0.823  42944.337    27.1349    12.2928      0.815    6.31948    12.2915    20.4376   11.49851 1.0843e+02 0.0000e+00
         50 209.565767    0.00340     0.2042     12.250      0.802  43001.579    27.1749    12.2923      0.794    6.31795    12.2906    20.4687   11.49550 1.0965e+02 0.0000e+00
         51 209.565770    0.00347     0.2083     12.500      0.784  43069.559    27.2224    12.2916      0.776    6.31616    12.2894    20.5055   11.49196 1.1071e+02 0.0000e+00
         52 209.565773    0.00354     0.2125     12.750      0.776  43110.945    27.2512    12.2907      0.769    6.31514    12.2880    20.5280   11.48992 1.1150e+02 0.0000e+00
         53 209.565775    0.00361     0.2167     13.000      0.782  43109.131    27.2499    12.2895      0.775    6.31536    12.2865    20.5271   11.49030 1.1180e+02 0.0000e+00
         54 209.565778    0.00368     0.2208     13.250      0.801  43067.721    27.2208    12.2881      0.793    6.31670    12.2850    20.5049   11.49288 1.1137e+02 0.0000e+00
         55 209.565781    0.00375     0.2250     13.500      0.828  42995.977    27.1706    12.2866      0.820    6.31889    12.2835    20.4663   11.49712 1.1046e+02 0.0000e+00
         56 209.565784    0.00382     0.2292     13.750      0.857  42903.839    27.1061    12.2851      0.849    6.32165    12.2819    20.4166   11.50248 1.0925e+02 0.0000e+00
         57 209.565787    0.00389     0.2333     14.000      0.881  42806.187    27.0377    12.2836      0.873    6.32457    12.2803    20.3640   11.50813 1.0767e+02 0.0000e+00
         58 209.565790    0.00396     0.2375     14.250      0.896  42723.740    26.9800    12.2821      0.888    6.32707    12.2787    20.3197   11.51298 1.0604e+02 0.0000e+00
         59 209.565793    0.00403     0.2417     14.500      0.899  42684.889    26.9528    12.2804      0.890    6.32838    12.2776    20.2989   11.51548 1.0473e+02 0.0000e+00
         60 209.565796    0.00410     0.2458     14.750      0.889  42705.573    26.9671    12.2789      0.881    6.32802    12.2773    20.3102   11.51471 1.0407e+02 0.0000e+00
         61 209.565799    0.00417     0.2500     15.000      0.872  42765.907    27.0091    12.2778      0.865    6.32649    12.2780    20.3430   11.51168 1.0405e+02 0.0000e+00
         62 209.565802    0.00424     0.2542     15.250      0.854  42837.342    27.0590    12.2774      0.846    6.32455    12.2795    20.3816   11.50786 1.0430e+02 0.0000e+00
         63 209.565804    0.00431     0.2583     15.500      0.840  42916.381    27.1142    12.2781      0.832    6.32227    12.2816    20.4243   11.50341 1.0476e+02 0.0000e+00
         64 209.565807    0.00438     0.2625     15.750      0.833  42991.607    27.1669    12.2796      0.825    6.31997    12.2836    20.4647   11.49897 1.0525e+02 0.0000e+00
         65 209.565810    0.00444     0.2667     16.000      0.835  43029.248    27.1934    12.2817      0.827    6.31865    12.2853    20.4848   11.49645 1.0547e+02 0.0000e+00
         66 209.565813    0.00451     0.2708     16.250      0.845  43025.375    27.1908    12.2837      0.837    6.31847    12.2866    20.4825   11.49618 1.0541e+02 0.0000e+00
         67 209.565816    0.00458     0.2750     16.500      0.859  43005.523    27.1771    12.2854      0.851    6.31879    12.2875    20.4715   11.49688 1.0536e+02 0.0000e+00
         68 209.565819    0.00465     0.2792     16.750      0.874  42995.393    27.1701    12.2867      0.866    6.31890    12.2880    20.4659   11.49714 1.0553e+02 0.0000e+00
         69 209.565822    0.00472     0.2833     17.000      0.886  43014.409    27.1835    12.2876      0.877    6.31825    12.2881    20.4761   11.49590 1.0573e+02 0.0000e+00
         70 209.565825    0.00479     0.2875     17.250      0.891  43060.967    27.2160    12.2881      0.883    6.31689    12.2881    20.5012   11.49325 1.0578e+02 0.0000e+00
         71 209.565828    0.00486     0.2917     17.500      0.890  43114.267    27.2533    12.2882      0.882    6.31539    12.2882    20.5300   11.49032 1.0563e+02 0.0000e+00
         72 209.565830    0.00493     0.2958     17.750      0.883  43159.907    27.2852    12.2882      0.875    6.31412    12.2884    20.5547   11.48783 1.0525e+02 0.0000e+00
         73 209.565833    0.00500     0.3000     18.000      0.872  43196.619    27.3108    12.2883      0.864    6.31309    12.2887    20.5745   11.48581 1.0478e+02 0.0000e+00
         74 209.565836    0.00507     0.3042     18.250      0.860  43225.260    27.3309    12.2885      0.852    6.31227    12.2889    20.5900   11.48420 1.0432e+02 0.0000e+00
         75 209.565839    0.00514     0.3083     18.500      0.851  43244.163    27.3441    12.2888      0.843    6.31171    12.2892    20.6002   11.48312 1.0374e+02 0.0000e+00
         76 209.565842    0.00521     0.3125     18.750      0.847  43250.522    27.3486    12.2890      0.839    6.31149    12.2894    20.6036   11.48271 1.0293e+02 0.0000e+00
         77 209.565845    0.00528     0.3167     19.000      0.848  43243.790    27.3439    12.2893      0.840    6.31164    12.2894    20.6000   11.48301 1.0201e+02 0.0000e+00
         78 209.565848    0.00535     0.3208     19.250      0.852  43227.111    27.3323    12.2895      0.845    6.31208    12.2890    20.5909   11.48387 1.0111e+02 0.0000e+00
         79 209.565851    0.00542     0.3250     19.500      0.858  43205.619    27.3172    12.2895      0.850    6.31267    12.2879    20.5792   11.48504 1.0020e+02 0.0000e+00
         80 209.565854    0.00549     0.3292     19.750      0.862  43184.496    27.3024    12.2891      0.854    6.31332    12.2859    20.5679   11.48629 9.9444e+01 0.0000e+00
         81 209.565856    0.00556     0.3333     20.000      0.861  43169.059    27.2916    12.2880      0.852    6.31390    12.2835    20.5597   11.48738 9.9122e+01 0.0000e+00
         82 209.565859    0.00562     0.3375     20.250      0.853  43163.382    27.2875    12.2860      0.845    6.31432    12.2810    20.5568   11.48814 9.9254e+01 0.0000e+00
         83 209.565862    0.00569     0.3417     20.500      0.839  43168.622    27.2909    12.2836      0.831    6.31452    12.2790    20.5599   11.48842 9.9639e+01 0.0000e+00
         84 209.565865    0.00576     0.3458     20.750      0.822  43183.704    27.3013    12.2811      0.814    6.31444    12.2776    20.5684   11.48818 1.0000e+02 0.0000e+00
         85 209.565868    0.00583     0.3500     21.000      0.806  43204.096    27.3154    12.2791      0.799    6.31416    12.2767    20.5796   11.48753 1.0004e+02 0.0000e+00
         86 209.565871    0.00590     0.3542     21.250      0.795  43220.255    27.3265    12.2777      0.788    6.31390    12.2760    20.5885   11.48698 9.9488e+01 0.0000e+00
         87 209.565874    0.00597     0.3583     21.500      0.791  43223.581    27.3288    12.2768      0.784    6.31393    12.2751    20.5904   11.48699 9.8423e+01 0.0000e+00
         88 209.565877    0.00604     0.3625     21.750      0.793  43212.772    27.3212    12.2761      0.786    6.31432    12.2736    20.5847   11.48773 9.7177e+01 0.0000e+00
         89 209.565880    0.00611     0.3667     22.000      0.799  43193.372    27.3075    12.2752      0.791    6.31498    12.2713    20.5743   11.48899 9.6088e+01 0.0000e+00
         90 209.565883    0.00618     0.3708     22.250      0.803  43174.887    27.2945    12.2737      0.796    6.31569    12.2683    20.5644   11.49034 9.5234e+01 0.0000e+00
