CTD-processing/allCTD/CNV--turbid/2016_12-13_t9_s05_cast191.cnv
* Sea-Bird SBE19plus Data File:
* FileName = P:\My Documents\kasitsna\Research-KBL\Oceanography-AK\CTD-Data-ALL-to-2016-05\2016-CTD-KachemakBay-CookInlet\2016-12-CookInlet-quarterly\2016-12-13-CookInlet-Tran9-HomerSpit\2016-12-13-CookInlet-Tran9-cast191.hex
* Software Version 1.59
* Temperature SN =  5028
* Conductivity SN =  5028
* System UpLoad Time = Jan 04 2017 19:28:23
** Cook Inlet LTM Tran 9 south to north
** Date: (YYYY-MM-DD): 2016-12-13
** Station: (eg. 9-01): 9-05
** Start time (AKST): 17:08
** Depth (m): 94.5
** Comment: R/V Alaska Dream Catcher. CTD on AKDT (1 hr ahead).
** Comment:
# nquan = 16
# nvalues = 691                         
# units = specified
# name 0 = scan: Scan Count
# name 1 = timeJ: Julian Days
# name 2 = timeH: Time, Elapsed [hours]
# name 3 = timeM: Time, Elapsed [minutes]
# name 4 = timeS: Time, Elapsed [seconds]
# name 5 = prdM: Pressure, Strain Gauge [db]
# name 6 = specc: Specific Conductance [uS/cm]
# name 7 = sal00: Salinity, Practical [PSU]
# name 8 = tv290C: Temperature [ITS-90, deg C]
# name 9 = depSM: Depth [salt water, m], lat = 59.00
# name 10 = oxsolML/L: Oxygen Saturation, Garcia & Gordon [ml/l]
# name 11 = potemp090C: Potential Temperature [ITS-90, deg C]
# name 12 = sigma-é00: Density [sigma-theta, kg/m^3]
# name 13 = n2satML/L: Nitrogen Saturation [ml/l]
# name 14 = par: PAR/Irradiance, Biospherical/Licor
# name 15 = flag:  0.000e+00
# span 0 =          1,        691       
# span 1 = 348.756516, 348.758513       
# span 2 =    0.00000,    0.04792       
# span 3 =     0.0000,     2.8750       
# span 4 =      0.000,    172.500       
# span 5 =      0.073,     95.059       
# span 6 =   2068.855,  50281.262       
# span 7 =     1.0319,    31.5559       
# span 8 =     5.2439,     7.0387       
# span 9 =      0.072,     94.149       
# span 10 =    6.89959,    8.81962      
# span 11 =     5.2439,     7.0303      
# span 12 =     0.7877,    24.7173      
# span 13 =   12.40657,   16.04290      
# span 14 = 3.9891e-02, 2.0819e-01      
# span 15 = 0.0000e+00, 0.0000e+00      
# interval = seconds: 0.25
# start_time = Dec 13 2016 18:09:23 [Instrument's time stamp, header]
# bad_flag = -9.990e-29
*END*
[from data line 272]
        273 348.757303    0.01889     1.1333     68.000      1.269  49958.678    31.2905     6.5189      1.257    6.99545     6.5204    24.5594   12.56837 4.0588e-02 0.0000e+00
        274 348.757306    0.01896     1.1375     68.250      1.255  49978.216    31.3042     6.5196      1.243    6.99471     6.5215    24.5701   12.56697 4.0576e-02 0.0000e+00
        275 348.757309    0.01903     1.1417     68.500      1.245  49998.511    31.3184     6.5205      1.233    6.99390     6.5229    24.5812   12.56546 4.0576e-02 0.0000e+00
        276 348.757312    0.01910     1.1458     68.750      1.241  50019.244    31.3330     6.5216      1.230    6.99304     6.5246    24.5926   12.56386 4.0573e-02 0.0000e+00
        277 348.757315    0.01917     1.1500     69.000      1.245  50039.274    31.3472     6.5230      1.233    6.99216     6.5266    24.6035   12.56222 4.0559e-02 0.0000e+00
        278 348.757318    0.01924     1.1542     69.250      1.254  50055.315    31.3586     6.5247      1.243    6.99136     6.5286    24.6123   12.56074 4.0547e-02 0.0000e+00
        279 348.757321    0.01931     1.1583     69.500      1.268  50065.364    31.3660     6.5267      1.256    6.99069     6.5304    24.6178   12.55956 4.0542e-02 0.0000e+00
        280 348.757323    0.01938     1.1625     69.750      1.281  50070.545    31.3699     6.5287      1.269    6.99018     6.5317    24.6207   12.55866 4.0533e-02 0.0000e+00
        281 348.757326    0.01944     1.1667     70.000      1.290  50072.928    31.3719     6.5305      1.278    6.98981     6.5325    24.6221   12.55802 4.0518e-02 0.0000e+00
        282 348.757329    0.01951     1.1708     70.250      1.293  50073.988    31.3729     6.5318      1.281    6.98955     6.5330    24.6227   12.55758 4.0505e-02 0.0000e+00
        283 348.757332    0.01958     1.1750     70.500      1.291  50074.506    31.3734     6.5326      1.278    6.98939     6.5333    24.6230   12.55730 4.0508e-02 0.0000e+00
        284 348.757335    0.01965     1.1792     70.750      1.286  50074.852    31.3737     6.5331      1.273    6.98928     6.5335    24.6232   12.55713 4.0533e-02 0.0000e+00
        285 348.757338    0.01972     1.1833     71.000      1.283  50075.222    31.3740     6.5334      1.271    6.98922     6.5337    24.6234   12.55702 4.0574e-02 0.0000e+00
        286 348.757341    0.01979     1.1875     71.250      1.286  50075.664    31.3744     6.5336      1.274    6.98917     6.5339    24.6236   12.55694 4.0615e-02 0.0000e+00
        287 348.757344    0.01986     1.1917     71.500      1.296  50076.098    31.3747     6.5338      1.284    6.98913     6.5340    24.6239   12.55687 4.0641e-02 0.0000e+00
        288 348.757347    0.01993     1.1958     71.750      1.310  50076.416    31.3749     6.5340      1.298    6.98909     6.5342    24.6240   12.55680 4.0638e-02 0.0000e+00
        289 348.757350    0.02000     1.2000     72.000      1.324  50076.520    31.3750     6.5342      1.312    6.98906     6.5342    24.6241   12.55675 4.0620e-02 0.0000e+00
        290 348.757352    0.02007     1.2042     72.250      1.335  50076.355    31.3749     6.5343      1.322    6.98904     6.5340    24.6240   12.55672 4.0608e-02 0.0000e+00
        291 348.757355    0.02014     1.2083     72.500      1.339  50075.955    31.3747     6.5343      1.326    6.98905     6.5337    24.6238   12.55673 4.0603e-02 0.0000e+00
        292 348.757358    0.02021     1.2125     72.750      1.335  50075.472    31.3743     6.5342      1.323    6.98909     6.5332    24.6235   12.55680 4.0593e-02 0.0000e+00
        293 348.757361    0.02028     1.2167     73.000      1.326  50075.135    31.3741     6.5338      1.314    6.98916     6.5325    24.6233   12.55692 4.0570e-02 0.0000e+00
        294 348.757364    0.02035     1.2208     73.250      1.312  50075.090    31.3739     6.5333      1.301    6.98926     6.5318    24.6233   12.55708 4.0544e-02 0.0000e+00
        295 348.757367    0.02042     1.2250     73.500      1.299  50075.300    31.3739     6.5326      1.288    6.98936     6.5312    24.6234   12.55726 4.0518e-02 0.0000e+00
        296 348.757370    0.02049     1.2292     73.750      1.291  50075.623    31.3740     6.5319      1.279    6.98947     6.5306    24.6235   12.55743 4.0496e-02 0.0000e+00
        297 348.757373    0.02056     1.2333     74.000      1.292  50075.995    31.3742     6.5313      1.280    6.98956     6.5301    24.6237   12.55759 4.0497e-02 0.0000e+00
        298 348.757376    0.02063     1.2375     74.250      1.307  50076.451    31.3744     6.5307      1.296    6.98965     6.5297    24.6240   12.55773 4.0510e-02 0.0000e+00
        299 348.757378    0.02069     1.2417     74.500      1.344  50077.023    31.3746     6.5302      1.332    6.98972     6.5294    24.6243   12.55784 4.0521e-02 0.0000e+00
        300 348.757381    0.02076     1.2458     74.750      1.410  50077.758    31.3750     6.5298      1.397    6.98977     6.5294    24.6246   12.55791 4.0530e-02 0.0000e+00
        301 348.757384    0.02083     1.2500     75.000      1.520  50078.849    31.3757     6.5295      1.506    6.98978     6.5297    24.6252   12.55792 4.0514e-02 0.0000e+00
        302 348.757387    0.02090     1.2542     75.250      1.679  50080.145    31.3765     6.5295      1.663    6.98974     6.5302    24.6258   12.55784 4.0458e-02 0.0000e+00
        303 348.757390    0.02097     1.2583     75.500      1.880  50081.154    31.3772     6.5298      1.862    6.98966     6.5307    24.6263   12.55771 4.0392e-02 0.0000e+00
        304 348.757393    0.02104     1.2625     75.750      2.108  50081.659    31.3775     6.5303      2.088    6.98957     6.5313    24.6265   12.55755 4.0339e-02 0.0000e+00
        305 348.757396    0.02111     1.2667     76.000      2.351  50081.831    31.3776     6.5309      2.329    6.98947     6.5319    24.6265   12.55739 4.0292e-02 0.0000e+00
        306 348.757399    0.02118     1.2708     76.250      2.602  50082.223    31.3779     6.5315      2.577    6.98936     6.5327    24.6267   12.55721 4.0250e-02 0.0000e+00
        307 348.757402    0.02125     1.2750     76.500      2.855  50082.875    31.3784     6.5321      2.828    6.98924     6.5337    24.6269   12.55699 4.0212e-02 0.0000e+00
        308 348.757405    0.02132     1.2792     76.750      3.106  50083.279    31.3787     6.5330      3.077    6.98909     6.5347    24.6271   12.55674 4.0176e-02 0.0000e+00
        309 348.757407    0.02139     1.2833     77.000      3.353  50083.249    31.3787     6.5339      3.321    6.98893     6.5355    24.6270   12.55648 4.0148e-02 0.0000e+00
        310 348.757410    0.02146     1.2875     77.250      3.595  50082.749    31.3784     6.5349      3.561    6.98878     6.5361    24.6267   12.55623 4.0128e-02 0.0000e+00
        311 348.757413    0.02153     1.2917     77.500      3.832  50082.157    31.3781     6.5358      3.796    6.98866     6.5366    24.6263   12.55604 4.0104e-02 0.0000e+00
        312 348.757416    0.02160     1.2958     77.750      4.065  50081.763    31.3778     6.5364      4.026    6.98857     6.5369    24.6260   12.55589 4.0068e-02 0.0000e+00
        313 348.757419    0.02167     1.3000     78.000      4.292  50081.150    31.3774     6.5369      4.252    6.98851     6.5371    24.6256   12.55579 4.0024e-02 0.0000e+00
        314 348.757422    0.02174     1.3042     78.250      4.516  50080.479    31.3769     6.5373      4.474    6.98846     6.5373    24.6251   12.55573 3.9979e-02 0.0000e+00
        315 348.757425    0.02181     1.3083     78.500      4.739  50080.346    31.3767     6.5376      4.695    6.98843     6.5374    24.6250   12.55568 3.9951e-02 0.0000e+00
        316 348.757428    0.02187     1.3125     78.750      4.964  50080.667    31.3768     6.5377      4.918    6.98840     6.5376    24.6251   12.55563 3.9939e-02 0.0000e+00
        317 348.757431    0.02194     1.3167     79.000      5.195  50080.901    31.3769     6.5379      5.147    6.98837     6.5375    24.6252   12.55558 3.9927e-02 0.0000e+00
        318 348.757433    0.02201     1.3208     79.250      5.434  50080.643    31.3767     6.5380      5.383    6.98836     6.5373    24.6249   12.55556 3.9905e-02 0.0000e+00
        319 348.757436    0.02208     1.3250     79.500      5.681  50080.057    31.3762     6.5380      5.628    6.98839     6.5368    24.6245   12.55562 3.9891e-02 0.0000e+00
        320 348.757439    0.02215     1.3292     79.750      5.935  50079.726    31.3758     6.5377      5.880    6.98845     6.5364    24.6242   12.55573 3.9901e-02 0.0000e+00
        321 348.757442    0.02222     1.3333     80.000      6.193  50080.116    31.3758     6.5373      6.135    6.98852     6.5361    24.6243   12.55584 3.9925e-02 0.0000e+00
        322 348.757445    0.02229     1.3375     80.250      6.453  50080.616    31.3760     6.5369      6.392    6.98857     6.5358    24.6245   12.55592 3.9949e-02 0.0000e+00
        323 348.757448    0.02236     1.3417     80.500      6.713  50080.364    31.3756     6.5367      6.649    6.98862     6.5353    24.6243   12.55601 3.9973e-02 0.0000e+00
        324 348.757451    0.02243     1.3458     80.750      6.973  50080.209    31.3754     6.5363      6.907    6.98869     6.5349    24.6241   12.55612 4.0005e-02 0.0000e+00
        325 348.757454    0.02250     1.3500     81.000      7.230  50080.849    31.3756     6.5359      7.162    6.98875     6.5345    24.6243   12.55622 4.0058e-02 0.0000e+00
        326 348.757457    0.02257     1.3542     81.250      7.484  50080.909    31.3755     6.5355      7.414    6.98882     6.5336    24.6243   12.55634 4.0141e-02 0.0000e+00
        327 348.757459    0.02264     1.3583     81.500      7.731  50079.240    31.3741     6.5351      7.659    6.98895     6.5322    24.6233   12.55657 4.0274e-02 0.0000e+00
        328 348.757462    0.02271     1.3625     81.750      7.971  50077.068    31.3723     6.5343      7.897    6.98917     6.5305    24.6220   12.55694 4.0503e-02 0.0000e+00
        329 348.757465    0.02278     1.3667     82.000      8.203  50076.341    31.3715     6.5329      8.127    6.98943     6.5292    24.6214   12.55740 4.0888e-02 0.0000e+00
        330 348.757468    0.02285     1.3708     82.250      8.430  50077.377    31.3718     6.5313      8.352    6.98968     6.5284    24.6219   12.55781 4.1521e-02 0.0000e+00
        331 348.757471    0.02292     1.3750     82.500      8.655  50079.434    31.3729     6.5299      8.575    6.98986     6.5284    24.6229   12.55808 4.2573e-02 0.0000e+00
        332 348.757474    0.02299     1.3792     82.750      8.882  50081.795    31.3743     6.5291      8.799    6.98991     6.5291    24.6241   12.55816 4.4349e-02 0.0000e+00
        333 348.757477    0.02306     1.3833     83.000      9.111  50083.859    31.3756     6.5291      9.026    6.98985     6.5303    24.6252   12.55804 4.7316e-02 0.0000e+00
        334 348.757480    0.02313     1.3875     83.250      9.345  50085.479    31.3767     6.5298      9.257    6.98969     6.5318    24.6260   12.55776 5.0583e-02 0.0000e+00
        335 348.757483    0.02319     1.3917     83.500      9.584  50086.672    31.3777     6.5310      9.494    6.98945     6.5337    24.6266   12.55735 5.2080e-02 0.0000e+00
        336 348.757486    0.02326     1.3958     83.750      9.828  50087.403    31.3783     6.5326      9.736    6.98916     6.5357    24.6270   12.55686 5.1671e-02 0.0000e+00
        337 348.757488    0.02333     1.4000     84.000     10.077  50087.893    31.3789     6.5345      9.983    6.98883     6.5378    24.6272   12.55631 5.0512e-02 0.0000e+00
        338 348.757491    0.02340     1.4042     84.250     10.330  50088.088    31.3793     6.5365     10.233    6.98848     6.5398    24.6272   12.55573 4.9195e-02 0.0000e+00
        339 348.757494    0.02347     1.4083     84.500     10.584  50087.807    31.3794     6.5386     10.485    6.98813     6.5416    24.6270   12.55515 4.7972e-02 0.0000e+00
        340 348.757497    0.02354     1.4125     84.750     10.836  50087.051    31.3791     6.5407     10.735    6.98781     6.5432    24.6265   12.55462 4.6924e-02 0.0000e+00
        341 348.757500    0.02361     1.4167     85.000     11.086  50086.346    31.3788     6.5425     10.982    6.98752     6.5445    24.6261   12.55415 4.6064e-02 0.0000e+00
        342 348.757503    0.02368     1.4208     85.250     11.332  50086.094    31.3788     6.5441     11.225    6.98726     6.5458    24.6259   12.55373 4.5378e-02 0.0000e+00
        343 348.757506    0.02375     1.4250     85.500     11.577  50085.927    31.3789     6.5455     11.468    6.98703     6.5470    24.6258   12.55335 4.4839e-02 0.0000e+00
        344 348.757509    0.02382     1.4292     85.750     11.824  50085.950    31.3790     6.5468     11.713    6.98682     6.5481    24.6257   12.55299 4.4418e-02 0.0000e+00
        345 348.757512    0.02389     1.4333     86.000     12.074  50085.963    31.3791     6.5480     11.961    6.98662     6.5490    24.6257   12.55266 4.4090e-02 0.0000e+00
        346 348.757514    0.02396     1.4375     86.250     12.326  50085.307    31.3787     6.5491     12.211    6.98645     6.5496    24.6252   12.55239 4.3840e-02 0.0000e+00
        347 348.757517    0.02403     1.4417     86.500     12.578  50084.735    31.3784     6.5500     12.460    6.98633     6.5503    24.6249   12.55218 4.3645e-02 0.0000e+00
        348 348.757520    0.02410     1.4458     86.750     12.827  50085.748    31.3791     6.5506     12.707    6.98619     6.5519    24.6253   12.55195 4.3485e-02 0.0000e+00
        349 348.757523    0.02417     1.4500     87.000     13.072  50089.473    31.3817     6.5514     12.949    6.98595     6.5549    24.6273   12.55152 4.3347e-02 0.0000e+00
        350 348.757526    0.02424     1.4542     87.250     13.313  50095.346    31.3859     6.5530     13.188    6.98550     6.5597    24.6304   12.55071 4.3234e-02 0.0000e+00
        351 348.757529    0.02431     1.4583     87.500     13.551  50102.588    31.3914     6.5560     13.424    6.98475     6.5668    24.6344   12.54942 4.3150e-02 0.0000e+00
        352 348.757532    0.02438     1.4625     87.750     13.788  50111.707    31.3985     6.5608     13.659    6.98364     6.5760    24.6394   12.54749 4.3094e-02 0.0000e+00
        353 348.757535    0.02444     1.4667     88.000     14.024  50121.232    31.4063     6.5679     13.892    6.98213     6.5869    24.6446   12.54490 4.3044e-02 0.0000e+00
        354 348.757538    0.02451     1.4708     88.250     14.258  50129.053    31.4133     6.5772     14.124    6.98030     6.5983    24.6490   12.54178 4.2969e-02 0.0000e+00
        355 348.757541    0.02458     1.4750     88.500     14.492  50133.070    31.4180     6.5881     14.356    6.97831     6.6088    24.6513   12.53844 4.2888e-02 0.0000e+00
        356 348.757543    0.02465     1.4792     88.750     14.729  50131.583    31.4189     6.5995     14.590    6.97641     6.6173    24.6506   12.53528 4.2825e-02 0.0000e+00
        357 348.757546    0.02472     1.4833     89.000     14.970  50126.437    31.4171     6.6100     14.830    6.97479     6.6236    24.6478   12.53262 4.2772e-02 0.0000e+00
        358 348.757549    0.02479     1.4875     89.250     15.218  50120.376    31.4143     6.6186     15.075    6.97353     6.6281    24.6446   12.53058 4.2721e-02 0.0000e+00
        359 348.757552    0.02486     1.4917     89.500     15.471  50115.202    31.4118     6.6250     15.326    6.97262     6.6312    24.6418   12.52910 4.2672e-02 0.0000e+00
        360 348.757555    0.02493     1.4958     89.750     15.728  50111.831    31.4102     6.6294     15.580    6.97197     6.6335    24.6399   12.52805 4.2631e-02 0.0000e+00
        361 348.757558    0.02500     1.5000     90.000     15.983  50109.788    31.4092     6.6326     15.833    6.97150     6.6352    24.6388   12.52729 4.2602e-02 0.0000e+00
