CTD-processing/allCTD/CNV--turbid/2016_01-07_t9_s08_cast063.cnv
* Sea-Bird SBE19plus Data File:
* FileName = C:\Users\Kris.Holderied\Documents\kasitsna\Research-KBL\Oceanography-AK\CTD-Data-ALL-to-2015-10\2016-CTD-KachemakBay-CookInlet\2016-01-07-CookInlet-HomerSpit-monthly-plus\2016-01-07-CookInlet-Tran9-plus-cast063.hex
* Software Version 1.59
* Temperature SN =  5028
* Conductivity SN =  5028
* System UpLoad Time = Feb 09 2016 07:56:36
** Cook Inlet LTM Tran9 Homer Spit
** Date (YYYY-MM-DD): 2016-01-07
** Station (ie. 9-01):  9-08
** Start time (AKST): 12:29
** Depth (m): 97.2
** Comment: R/V Edgecumbe
** Comment:
# nquan = 16
# nvalues = 712                         
# units = specified
# name 0 = scan: Scan Count
# name 1 = timeJ: Julian Days
# name 2 = timeH: Time, Elapsed [hours]
# name 3 = timeM: Time, Elapsed [minutes]
# name 4 = timeS: Time, Elapsed [seconds]
# name 5 = prdM: Pressure, Strain Gauge [db]
# name 6 = specc: Specific Conductance [uS/cm]
# name 7 = sal00: Salinity, Practical [PSU]
# name 8 = tv290C: Temperature [ITS-90, deg C]
# name 9 = depSM: Depth [salt water, m], lat = 59.00
# name 10 = oxsolML/L: Oxygen Saturation, Garcia & Gordon [ml/l]
# name 11 = potemp090C: Potential Temperature [ITS-90, deg C]
# name 12 = sigma-é00: Density [sigma-theta, kg/m^3]
# name 13 = n2satML/L: Nitrogen Saturation [ml/l]
# name 14 = par: PAR/Irradiance, Biospherical/Licor
# name 15 = flag:  0.000e+00
# span 0 =          1,        712       
# span 1 =   7.520613,   7.522671       
# span 2 =    0.00000,    0.04938       
# span 3 =     0.0000,     2.9625       
# span 4 =      0.000,    177.750       
# span 5 =     -0.034,     92.523       
# span 6 =  11155.106,  50131.797       
# span 7 =     6.5849,    31.3873       
# span 8 =     3.9848,     6.6239       
# span 9 =     -0.034,     91.638       
# span 10 =    6.97395,    8.66067      
# span 11 =     3.9848,     6.6161      
# span 12 =     5.2054,    24.6235      
# span 13 =   12.53162,   15.69591      
# span 14 = 3.7976e-02, 6.8707e+01      
# span 15 = 0.0000e+00, 0.0000e+00      
# interval = seconds: 0.25
# start_time = Jan 07 2016 12:29:41 [Instrument's time stamp, header]
# bad_flag = -9.990e-29
*END*
[from data line 452]
        453   7.521921    0.03139     1.8833    113.000     31.996  49986.117    31.2964     6.5248     31.694    6.99421     6.5264    24.5636   12.56625 4.3986e-02 0.0000e+00
        454   7.521924    0.03146     1.8875    113.250     32.254  49989.184    31.2988     6.5269     31.951    6.99377     6.5287    24.5652   12.56549 4.3617e-02 0.0000e+00
        455   7.521927    0.03153     1.8917    113.500     32.515  49991.817    31.3009     6.5291     32.209    6.99331     6.5310    24.5666   12.56470 4.3196e-02 0.0000e+00
        456   7.521930    0.03160     1.8958    113.750     32.779  49994.575    31.3031     6.5314     32.470    6.99283     6.5334    24.5680   12.56388 4.2683e-02 0.0000e+00
        457   7.521933    0.03167     1.9000    114.000     33.045  49997.858    31.3057     6.5337     32.734    6.99233     6.5360    24.5698   12.56302 4.2179e-02 0.0000e+00
        458   7.521936    0.03174     1.9042    114.250     33.314  50001.338    31.3084     6.5362     33.000    6.99180     6.5387    24.5716   12.56212 4.1867e-02 0.0000e+00
        459   7.521939    0.03181     1.9083    114.500     33.584  50004.401    31.3108     6.5388     33.268    6.99126     6.5413    24.5733   12.56119 4.1703e-02 0.0000e+00
        460   7.521942    0.03188     1.9125    114.750     33.857  50006.721    31.3128     6.5415     33.538    6.99073     6.5438    24.5745   12.56029 4.1550e-02 0.0000e+00
        461   7.521944    0.03194     1.9167    115.000     34.131  50008.370    31.3143     6.5442     33.809    6.99023     6.5460    24.5753   12.55945 4.1366e-02 0.0000e+00
        462   7.521947    0.03201     1.9208    115.250     34.407  50009.631    31.3155     6.5467     34.083    6.98977     6.5481    24.5759   12.55867 4.1134e-02 0.0000e+00
        463   7.521950    0.03208     1.9250    115.500     34.685  50010.451    31.3164     6.5489     34.358    6.98936     6.5498    24.5763   12.55798 4.0849e-02 0.0000e+00
        464   7.521953    0.03215     1.9292    115.750     34.964  50010.594    31.3167     6.5510     34.634    6.98901     6.5511    24.5764   12.55740 4.0502e-02 0.0000e+00
        465   7.521956    0.03222     1.9333    116.000     35.244  50010.346    31.3167     6.5527     34.912    6.98873     6.5521    24.5762   12.55694 4.0062e-02 0.0000e+00
        466   7.521959    0.03229     1.9375    116.250     35.526  50010.258    31.3168     6.5540     35.191    6.98851     6.5529    24.5760   12.55658 3.9613e-02 0.0000e+00
        467   7.521962    0.03236     1.9417    116.500     35.809  50010.581    31.3171     6.5550     35.472    6.98834     6.5535    24.5761   12.55628 3.9326e-02 0.0000e+00
        468   7.521965    0.03243     1.9458    116.750     36.094  50011.181    31.3175     6.5558     35.754    6.98818     6.5541    24.5764   12.55602 3.9209e-02 0.0000e+00
        469   7.521968    0.03250     1.9500    117.000     36.379  50011.801    31.3179     6.5565     36.035    6.98805     6.5546    24.5766   12.55579 3.9155e-02 0.0000e+00
        470   7.521970    0.03257     1.9542    117.250     36.662  50012.339    31.3183     6.5572     36.316    6.98793     6.5550    24.5768   12.55560 3.9097e-02 0.0000e+00
        471   7.521973    0.03264     1.9583    117.500     36.945  50012.813    31.3186     6.5577     36.597    6.98783     6.5554    24.5770   12.55543 3.9024e-02 0.0000e+00
        472   7.521976    0.03271     1.9625    117.750     37.227  50013.271    31.3188     6.5581     36.876    6.98775     6.5557    24.5771   12.55528 3.8942e-02 0.0000e+00
        473   7.521979    0.03278     1.9667    118.000     37.509  50013.720    31.3191     6.5585     37.155    6.98767     6.5560    24.5773   12.55515 3.8854e-02 0.0000e+00
        474   7.521982    0.03285     1.9708    118.250     37.791  50014.170    31.3193     6.5589     37.434    6.98760     6.5563    24.5775   12.55504 3.8787e-02 0.0000e+00
        475   7.521985    0.03292     1.9750    118.500     38.076  50014.660    31.3196     6.5592     37.716    6.98754     6.5565    24.5776   12.55493 3.8731e-02 0.0000e+00
        476   7.521988    0.03299     1.9792    118.750     38.365  50015.181    31.3199     6.5595     38.003    6.98749     6.5567    24.5778   12.55484 3.8626e-02 0.0000e+00
        477   7.521991    0.03306     1.9833    119.000     38.660  50015.749    31.3202     6.5597     38.295    6.98743     6.5568    24.5780   12.55475 3.8482e-02 0.0000e+00
        478   7.521994    0.03313     1.9875    119.250     38.958  50016.356    31.3205     6.5599     38.590    6.98738     6.5570    24.5783   12.55466 3.8350e-02 0.0000e+00
        479   7.521997    0.03319     1.9917    119.500     39.257  50016.933    31.3208     6.5601     38.887    6.98734     6.5570    24.5785   12.55458 3.8227e-02 0.0000e+00
        480   7.521999    0.03326     1.9958    119.750     39.557  50017.488    31.3211     6.5602     39.185    6.98730     6.5569    24.5787   12.55452 3.8127e-02 0.0000e+00
        481   7.522002    0.03333     2.0000    120.000     39.856  50018.055    31.3214     6.5603     39.481    6.98728     6.5567    24.5789   12.55447 3.8066e-02 0.0000e+00
        482   7.522005    0.03340     2.0042    120.250     40.154  50018.647    31.3216     6.5603     39.775    6.98728     6.5563    24.5791   12.55446 3.8030e-02 0.0000e+00
        483   7.522008    0.03347     2.0083    120.500     40.449  50019.316    31.3219     6.5601     40.067    6.98730     6.5559    24.5794   12.55449 3.8008e-02 0.0000e+00
        484   7.522011    0.03354     2.0125    120.750     40.743  50020.094    31.3222     6.5597     40.359    6.98734     6.5554    24.5797   12.55455 3.7995e-02 0.0000e+00
        485   7.522014    0.03361     2.0167    121.000     41.037  50020.967    31.3226     6.5593     40.649    6.98739     6.5549    24.5801   12.55463 3.7988e-02 0.0000e+00
        486   7.522017    0.03368     2.0208    121.250     41.328  50021.877    31.3230     6.5588     40.938    6.98744     6.5544    24.5804   12.55472 3.7983e-02 0.0000e+00
        487   7.522020    0.03375     2.0250    121.500     41.616  50022.801    31.3234     6.5584     41.223    6.98750     6.5538    24.5808   12.55481 3.7980e-02 0.0000e+00
        488   7.522023    0.03382     2.0292    121.750     41.901  50023.764    31.3239     6.5579     41.505    6.98756     6.5533    24.5812   12.55490 3.7979e-02 0.0000e+00
        489   7.522025    0.03389     2.0333    122.000     42.184  50024.801    31.3244     6.5574     41.786    6.98762     6.5528    24.5817   12.55499 3.7978e-02 0.0000e+00
        490   7.522028    0.03396     2.0375    122.250     42.466  50026.000    31.3250     6.5568     42.065    6.98768     6.5522    24.5822   12.55508 3.7977e-02 0.0000e+00
        491   7.522031    0.03403     2.0417    122.500     42.747  50027.456    31.3258     6.5563     42.343    6.98773     6.5518    24.5829   12.55516 3.7977e-02 0.0000e+00
        492   7.522034    0.03410     2.0458    122.750     43.029  50029.104    31.3267     6.5558     42.622    6.98777     6.5515    24.5837   12.55521 3.7976e-02 0.0000e+00
        493   7.522037    0.03417     2.0500    123.000     43.311  50030.741    31.3276     6.5554     42.902    6.98779     6.5514    24.5845   12.55524 3.7976e-02 0.0000e+00
        494   7.522040    0.03424     2.0542    123.250     43.593  50032.342    31.3285     6.5551     43.181    6.98779     6.5515    24.5853   12.55523 3.7976e-02 0.0000e+00
        495   7.522043    0.03431     2.0583    123.500     43.875  50034.062    31.3296     6.5550     43.461    6.98776     6.5517    24.5861   12.55516 3.7976e-02 0.0000e+00
        496   7.522046    0.03438     2.0625    123.750     44.157  50035.954    31.3308     6.5551     43.740    6.98769     6.5522    24.5870   12.55503 3.7976e-02 0.0000e+00
        497   7.522049    0.03444     2.0667    124.000     44.438  50037.824    31.3320     6.5554     44.018    6.98758     6.5527    24.5879   12.55484 3.7976e-02 0.0000e+00
        498   7.522052    0.03451     2.0708    124.250     44.718  50039.424    31.3331     6.5559     44.295    6.98746     6.5533    24.5887   12.55461 3.7976e-02 0.0000e+00
        499   7.522054    0.03458     2.0750    124.500     44.997  50040.766    31.3340     6.5565     44.572    6.98732     6.5540    24.5894   12.55438 3.7976e-02 0.0000e+00
        500   7.522057    0.03465     2.0792    124.750     45.275  50041.896    31.3348     6.5571     44.847    6.98719     6.5546    24.5899   12.55414 3.7976e-02 0.0000e+00
        501   7.522060    0.03472     2.0833    125.000     45.552  50042.615    31.3353     6.5578     45.122    6.98706     6.5551    24.5902   12.55393 3.7976e-02 0.0000e+00
        502   7.522063    0.03479     2.0875    125.250     45.829  50042.897    31.3354     6.5584     45.396    6.98695     6.5555    24.5903   12.55374 3.7976e-02 0.0000e+00
        503   7.522066    0.03486     2.0917    125.500     46.106  50043.028    31.3355     6.5589     45.670    6.98686     6.5557    24.5903   12.55360 3.7976e-02 0.0000e+00
        504   7.522069    0.03493     2.0958    125.750     46.381  50043.240    31.3355     6.5593     45.942    6.98679     6.5559    24.5903   12.55348 3.7976e-02 0.0000e+00
        505   7.522072    0.03500     2.1000    126.000     46.656  50043.594    31.3357     6.5596     46.214    6.98674     6.5562    24.5904   12.55339 3.7976e-02 0.0000e+00
        506   7.522075    0.03507     2.1042    126.250     46.930  50044.105    31.3360     6.5598     46.486    6.98668     6.5564    24.5906   12.55330 3.7976e-02 0.0000e+00
        507   7.522078    0.03514     2.1083    126.500     47.205  50044.852    31.3364     6.5601     46.758    6.98662     6.5568    24.5909   12.55320 3.7976e-02 0.0000e+00
        508   7.522080    0.03521     2.1125    126.750     47.479  50045.835    31.3370     6.5604     47.030    6.98655     6.5573    24.5914   12.55306 3.7976e-02 0.0000e+00
        509   7.522083    0.03528     2.1167    127.000     47.752  50046.995    31.3378     6.5608     47.300    6.98645     6.5580    24.5919   12.55289 3.7976e-02 0.0000e+00
        510   7.522086    0.03535     2.1208    127.250     48.025  50048.436    31.3388     6.5613     47.570    6.98632     6.5589    24.5926   12.55266 3.7976e-02 0.0000e+00
        511   7.522089    0.03542     2.1250    127.500     48.296  50050.226    31.3400     6.5620     47.839    6.98614     6.5600    24.5935   12.55236 3.7976e-02 0.0000e+00
        512   7.522092    0.03549     2.1292    127.750     48.565  50052.325    31.3415     6.5629     48.105    6.98592     6.5614    24.5945   12.55198 3.7976e-02 0.0000e+00
        513   7.522095    0.03556     2.1333    128.000     48.833  50054.513    31.3431     6.5641     48.371    6.98566     6.5629    24.5957   12.55153 3.7976e-02 0.0000e+00
        514   7.522098    0.03562     2.1375    128.250     49.102  50056.474    31.3446     6.5655     48.638    6.98537     6.5645    24.5967   12.55102 3.7976e-02 0.0000e+00
        515   7.522101    0.03569     2.1417    128.500     49.374  50058.345    31.3461     6.5670     48.906    6.98505     6.5664    24.5976   12.55048 3.7976e-02 0.0000e+00
        516   7.522104    0.03576     2.1458    128.750     49.648  50060.631    31.3478     6.5687     49.178    6.98470     6.5684    24.5988   12.54987 3.7976e-02 0.0000e+00
        517   7.522106    0.03583     2.1500    129.000     49.927  50063.363    31.3499     6.5705     49.454    6.98430     6.5707    24.6002   12.54919 3.7976e-02 0.0000e+00
        518   7.522109    0.03590     2.1542    129.250     50.210  50065.837    31.3519     6.5726     49.735    6.98386     6.5730    24.6015   12.54845 3.7976e-02 0.0000e+00
        519   7.522112    0.03597     2.1583    129.500     50.497  50067.370    31.3532     6.5749     50.019    6.98343     6.5750    24.6023   12.54772 3.7976e-02 0.0000e+00
        520   7.522115    0.03604     2.1625    129.750     50.787  50067.803    31.3538     6.5772     50.307    6.98304     6.5767    24.6025   12.54705 3.7976e-02 0.0000e+00
        521   7.522118    0.03611     2.1667    130.000     51.082  50067.535    31.3539     6.5793     50.599    6.98270     6.5779    24.6022   12.54650 3.7976e-02 0.0000e+00
        522   7.522121    0.03618     2.1708    130.250     51.381  50067.101    31.3537     6.5809     50.895    6.98244     6.5788    24.6019   12.54606 3.7976e-02 0.0000e+00
        523   7.522124    0.03625     2.1750    130.500     51.684  50066.773    31.3536     6.5822     51.195    6.98224     6.5795    24.6017   12.54573 3.7976e-02 0.0000e+00
        524   7.522127    0.03632     2.1792    130.750     51.990  50066.686    31.3536     6.5832     51.498    6.98209     6.5799    24.6015   12.54548 3.7976e-02 0.0000e+00
        525   7.522130    0.03639     2.1833    131.000     52.301  50066.847    31.3537     6.5838     51.806    6.98197     6.5803    24.6015   12.54529 3.7976e-02 0.0000e+00
        526   7.522133    0.03646     2.1875    131.250     52.615  50067.164    31.3538     6.5843     52.117    6.98188     6.5806    24.6016   12.54513 3.7976e-02 0.0000e+00
        527   7.522135    0.03653     2.1917    131.500     52.932  50067.597    31.3541     6.5848     52.430    6.98180     6.5809    24.6017   12.54500 3.7976e-02 0.0000e+00
        528   7.522138    0.03660     2.1958    131.750     53.250  50068.116    31.3544     6.5851     52.745    6.98173     6.5812    24.6019   12.54489 3.7976e-02 0.0000e+00
        529   7.522141    0.03667     2.2000    132.000     53.567  50068.653    31.3546     6.5854     53.060    6.98167     6.5815    24.6021   12.54478 3.7976e-02 0.0000e+00
        530   7.522144    0.03674     2.2042    132.250     53.883  50069.206    31.3549     6.5857     53.373    6.98161     6.5818    24.6023   12.54467 3.7976e-02 0.0000e+00
        531   7.522147    0.03681     2.2083    132.500     54.197  50069.891    31.3553     6.5860     53.684    6.98154     6.5822    24.6026   12.54456 3.7976e-02 0.0000e+00
        532   7.522150    0.03687     2.2125    132.750     54.509  50070.826    31.3558     6.5863     53.992    6.98146     6.5827    24.6030   12.54442 3.7976e-02 0.0000e+00
        533   7.522153    0.03694     2.2167    133.000     54.818  50071.999    31.3565     6.5868     54.298    6.98136     6.5833    24.6035   12.54424 3.7976e-02 0.0000e+00
        534   7.522156    0.03701     2.2208    133.250     55.124  50073.166    31.3573     6.5873     54.601    6.98124     6.5839    24.6040   12.54403 3.7976e-02 0.0000e+00
        535   7.522159    0.03708     2.2250    133.500     55.424  50073.974    31.3579     6.5879     54.898    6.98111     6.5845    24.6044   12.54381 3.7976e-02 0.0000e+00
        536   7.522161    0.03715     2.2292    133.750     55.719  50074.379    31.3581     6.5886     55.190    6.98099     6.5849    24.6045   12.54361 3.7976e-02 0.0000e+00
        537   7.522164    0.03722     2.2333    134.000     56.008  50074.532    31.3582     6.5892     55.477    6.98089     6.5853    24.6045   12.54344 3.7976e-02 0.0000e+00
        538   7.522167    0.03729     2.2375    134.250     56.292  50074.541    31.3582     6.5897     55.758    6.98081     6.5855    24.6044   12.54331 3.7976e-02 0.0000e+00
        539   7.522170    0.03736     2.2417    134.500     56.572  50074.575    31.3582     6.5901     56.036    6.98075     6.5857    24.6043   12.54322 3.7976e-02 0.0000e+00
        540   7.522173    0.03743     2.2458    134.750     56.849  50074.716    31.3582     6.5903     56.310    6.98070     6.5859    24.6043   12.54314 3.7976e-02 0.0000e+00
        541   7.522176    0.03750     2.2500    135.000     57.123  50074.904    31.3582     6.5905     56.582    6.98067     6.5860    24.6043   12.54308 3.7976e-02 0.0000e+00
        542   7.522179    0.03757     2.2542    135.250     57.396  50075.073    31.3582     6.5907     56.851    6.98064     6.5861    24.6043   12.54303 3.7976e-02 0.0000e+00
