CTD-processing/allCTD/CNV--turbid/2016_02-16_t7_s09_cast156.cnv
* Sea-Bird SBE19plus Data File:
* FileName = C:\Users\Kris.Holderied\Documents\kasitsna\Research-KBL\Oceanography-AK\CTD-Data-ALL-to-2016-02\2016-CTD-KachemakBay-CookInlet\2016-02-CookInlet-quarterly\2016-02-16-CookInlet-Tran7-Augustine\2016-02-16-CookInlet-Tran7-cast156.hex
* Software Version 1.59
* Temperature SN =  5028
* Conductivity SN =  5028
* System UpLoad Time = Feb 16 2016 10:45:24
** Cook Inlet LTM Tran7 Augustine East to West

** Date: 02-16
** Station: 7-09
** Start time (AKST): 04:22
** Depth (m): 79
** Comment:  R/V Pandalus
** Comment:
# nquan = 16
# nvalues = 648                         
# units = specified
# name 0 = scan: Scan Count
# name 1 = timeJ: Julian Days
# name 2 = timeH: Time, Elapsed [hours]
# name 3 = timeM: Time, Elapsed [minutes]
# name 4 = timeS: Time, Elapsed [seconds]
# name 5 = prdM: Pressure, Strain Gauge [db]
# name 6 = specc: Specific Conductance [uS/cm]
# name 7 = sal00: Salinity, Practical [PSU]
# name 8 = tv290C: Temperature [ITS-90, deg C]
# name 9 = depSM: Depth [salt water, m], lat = 59.00
# name 10 = oxsolML/L: Oxygen Saturation, Garcia & Gordon [ml/l]
# name 11 = potemp090C: Potential Temperature [ITS-90, deg C]
# name 12 = sigma-é00: Density [sigma-theta, kg/m^3]
# name 13 = n2satML/L: Nitrogen Saturation [ml/l]
# name 14 = par: PAR/Irradiance, Biospherical/Licor
# name 15 = flag:  0.000e+00
# span 0 =          1,        648       
# span 1 =  47.182523,  47.184395       
# span 2 =    0.00000,    0.04493       
# span 3 =     0.0000,     2.6958       
# span 4 =      0.000,    161.750       
# span 5 =     -0.133,     76.185       
# span 6 =   2263.580,  50520.237       
# span 7 =     1.1201,    31.6148       
# span 8 =     4.1471,     6.3569       
# span 9 =     -0.131,     75.459       
# span 10 =    7.00690,    9.06834      
# span 11 =     4.1471,     6.3507      
# span 12 =     0.8749,    24.8359      
# span 13 =   12.58321,   16.45869      
# span 14 = 3.7976e-02, 3.5823e-01      
# span 15 = 0.0000e+00, 0.0000e+00      
# interval = seconds: 0.25
# start_time = Feb 16 2016 04:22:50 [Instrument's time stamp, header]
# bad_flag = -9.990e-29
*END*
[from data line 181]
        182  47.183047    0.01257     0.7542     45.250      1.134  50128.808    31.3046     5.9665      1.123    7.08587     5.9726    24.6377   12.71763 3.7976e-02 0.0000e+00
        183  47.183050    0.01264     0.7583     45.500      1.116  50150.367    31.3200     5.9689      1.106    7.08475     5.9779    24.6495   12.71559 3.7976e-02 0.0000e+00
        184  47.183053    0.01271     0.7625     45.750      1.097  50172.361    31.3359     5.9727      1.087    7.08336     5.9840    24.6617   12.71308 3.7976e-02 0.0000e+00
        185  47.183056    0.01278     0.7667     46.000      1.079  50189.376    31.3487     5.9780      1.069    7.08188     5.9902    24.6711   12.71047 3.7976e-02 0.0000e+00
        186  47.183058    0.01285     0.7708     46.250      1.063  50198.624    31.3562     5.9841      1.053    7.08050     5.9956    24.6764   12.70810 3.7976e-02 0.0000e+00
        187  47.183061    0.01292     0.7750     46.500      1.049  50200.679    31.3589     5.9903      1.039    7.07935     6.0000    24.6777   12.70617 3.7976e-02 0.0000e+00
        188  47.183064    0.01299     0.7792     46.750      1.041  50197.266    31.3576     5.9957      1.032    7.07850     6.0033    24.6760   12.70479 3.7976e-02 0.0000e+00
        189  47.183067    0.01306     0.7833     47.000      1.042  50189.953    31.3534     6.0001      1.033    7.07797     6.0055    24.6722   12.70395 3.7976e-02 0.0000e+00
        190  47.183070    0.01313     0.7875     47.250      1.052  50179.414    31.3467     6.0034      1.043    7.07774     6.0066    24.6665   12.70366 3.7976e-02 0.0000e+00
        191  47.183073    0.01319     0.7917     47.500      1.069  50164.842    31.3371     6.0056      1.059    7.07783     6.0064    24.6587   12.70393 3.7976e-02 0.0000e+00
        192  47.183076    0.01326     0.7958     47.750      1.089  50144.816    31.3234     6.0067      1.078    7.07829     6.0048    24.6478   12.70486 3.7976e-02 0.0000e+00
        193  47.183079    0.01333     0.8000     48.000      1.106  50120.845    31.3068     6.0065      1.095    7.07910     6.0019    24.6347   12.70641 3.7976e-02 0.0000e+00
        194  47.183082    0.01340     0.8042     48.250      1.117  50100.260    31.2923     6.0049      1.107    7.08004     5.9980    24.6234   12.70816 3.7976e-02 0.0000e+00
        195  47.183084    0.01347     0.8083     48.500      1.123  50093.924    31.2873     6.0020      1.112    7.08077     5.9941    24.6199   12.70942 3.7976e-02 0.0000e+00
        196  47.183087    0.01354     0.8125     48.750      1.124  50109.837    31.2976     5.9981      1.113    7.08093     5.9916    24.6284   12.70956 3.7976e-02 0.0000e+00
        197  47.183090    0.01361     0.8167     49.000      1.125  50144.960    31.3211     5.9942      1.115    7.08048     5.9916    24.6474   12.70851 3.7976e-02 0.0000e+00
        198  47.183093    0.01368     0.8208     49.250      1.132  50183.562    31.3473     5.9917      1.121    7.07965     5.9937    24.6684   12.70682 3.7976e-02 0.0000e+00
        199  47.183096    0.01375     0.8250     49.500      1.146  50209.058    31.3649     5.9917      1.135    7.07883     5.9966    24.6823   12.70523 3.7976e-02 0.0000e+00
        200  47.183099    0.01382     0.8292     49.750      1.164  50213.896    31.3686     5.9938      1.153    7.07830     5.9991    24.6850   12.70431 3.7976e-02 0.0000e+00
        201  47.183102    0.01389     0.8333     50.000      1.183  50197.336    31.3577     5.9967      1.172    7.07833     6.0006    24.6761   12.70449 3.7976e-02 0.0000e+00
        202  47.183105    0.01396     0.8375     50.250      1.197  50165.351    31.3361     5.9992      1.186    7.07893     6.0009    24.6587   12.70577 3.7976e-02 0.0000e+00
        203  47.183108    0.01403     0.8417     50.500      1.201  50131.352    31.3129     6.0007      1.190    7.07978     5.9998    24.6402   12.70746 3.7976e-02 0.0000e+00
        204  47.183111    0.01410     0.8458     50.750      1.195  50107.307    31.2963     6.0010      1.184    7.08051     5.9979    24.6271   12.70887 3.7976e-02 0.0000e+00
        205  47.183113    0.01417     0.8500     51.000      1.178  50099.235    31.2906     5.9999      1.167    7.08095     5.9965    24.6227   12.70968 3.7976e-02 0.0000e+00
        206  47.183116    0.01424     0.8542     51.250      1.151  50109.769    31.2975     5.9980      1.140    7.08095     5.9965    24.6283   12.70958 3.7976e-02 0.0000e+00
        207  47.183119    0.01431     0.8583     51.500      1.119  50136.310    31.3156     5.9966      1.108    7.08033     5.9979    24.6428   12.70833 3.7976e-02 0.0000e+00
        208  47.183122    0.01438     0.8625     51.750      1.086  50170.989    31.3396     5.9966      1.075    7.07921     6.0007    24.6617   12.70617 3.7976e-02 0.0000e+00
        209  47.183125    0.01444     0.8667     52.000      1.058  50204.539    31.3631     5.9980      1.048    7.07787     6.0044    24.6801   12.70366 3.7976e-02 0.0000e+00
        210  47.183128    0.01451     0.8708     52.250      1.040  50229.420    31.3808     6.0007      1.030    7.07658     6.0083    24.6938   12.70131 3.7976e-02 0.0000e+00
        211  47.183131    0.01458     0.8750     52.500      1.033  50242.114    31.3903     6.0044      1.024    7.07552     6.0115    24.7008   12.69944 3.7976e-02 0.0000e+00
        212  47.183134    0.01465     0.8792     52.750      1.038  50242.086    31.3910     6.0083      1.029    7.07484     6.0137    24.7009   12.69830 3.7976e-02 0.0000e+00
        213  47.183137    0.01472     0.8833     53.000      1.051  50229.161    31.3827     6.0116      1.042    7.07468     6.0146    24.6940   12.69815 3.7976e-02 0.0000e+00
        214  47.183139    0.01479     0.8875     53.250      1.069  50204.030    31.3657     6.0138      1.059    7.07512     6.0144    24.6803   12.69908 3.7976e-02 0.0000e+00
        215  47.183142    0.01486     0.8917     53.500      1.087  50173.101    31.3445     6.0147      1.077    7.07596     6.0132    24.6635   12.70075 3.7976e-02 0.0000e+00
        216  47.183145    0.01493     0.8958     53.750      1.104  50147.393    31.3267     6.0144      1.094    7.07683     6.0113    24.6495   12.70241 3.7976e-02 0.0000e+00
        217  47.183148    0.01500     0.9000     54.000      1.120  50135.270    31.3181     6.0133      1.109    7.07743     6.0092    24.6428   12.70351 3.7976e-02 0.0000e+00
        218  47.183151    0.01507     0.9042     54.250      1.135  50140.099    31.3211     6.0114      1.124    7.07760     6.0074    24.6454   12.70377 3.7976e-02 0.0000e+00
        219  47.183154    0.01514     0.9083     54.500      1.151  50157.647    31.3328     6.0093      1.140    7.07740     6.0060    24.6549   12.70329 3.7976e-02 0.0000e+00
        220  47.183157    0.01521     0.9125     54.750      1.170  50176.440    31.3454     6.0075      1.158    7.07711     6.0049    24.6651   12.70264 3.7976e-02 0.0000e+00
        221  47.183160    0.01528     0.9167     55.000      1.188  50185.022    31.3511     6.0061      1.177    7.07708     6.0035    24.6697   12.70251 3.7976e-02 0.0000e+00
        222  47.183163    0.01535     0.9208     55.250      1.204  50177.296    31.3455     6.0050      1.192    7.07753     6.0009    24.6654   12.70332 3.7976e-02 0.0000e+00
        223  47.183166    0.01542     0.9250     55.500      1.213  50156.153    31.3306     6.0036      1.201    7.07847     5.9964    24.6538   12.70507 3.7976e-02 0.0000e+00
        224  47.183168    0.01549     0.9292     55.750      1.212  50132.617    31.3138     6.0010      1.201    7.07969     5.9896    24.6409   12.70730 3.7976e-02 0.0000e+00
        225  47.183171    0.01556     0.9333     56.000      1.202  50118.793    31.3034     5.9965      1.190    7.08092     5.9810    24.6332   12.70947 3.7976e-02 0.0000e+00
        226  47.183174    0.01563     0.9375     56.250      1.184  50123.444    31.3053     5.9897      1.172    7.08198     5.9730    24.6355   12.71119 3.7976e-02 0.0000e+00
        227  47.183177    0.01569     0.9417     56.500      1.161  50147.468    31.3203     5.9811      1.150    7.08270     5.9677    24.6483   12.71220 3.7976e-02 0.0000e+00
        228  47.183180    0.01576     0.9458     56.750      1.138  50181.136    31.3420     5.9731      1.127    7.08301     5.9657    24.6664   12.71243 3.7976e-02 0.0000e+00
        229  47.183183    0.01583     0.9500     57.000      1.118  50211.549    31.3620     5.9678      1.108    7.08294     5.9661    24.6828   12.71207 3.7976e-02 0.0000e+00
        230  47.183186    0.01590     0.9542     57.250      1.104  50231.144    31.3752     5.9658      1.094    7.08266     5.9676    24.6935   12.71142 3.7976e-02 0.0000e+00
        231  47.183189    0.01597     0.9583     57.500      1.095  50239.098    31.3807     5.9662      1.085    7.08234     5.9697    24.6978   12.71082 3.7976e-02 0.0000e+00
        232  47.183192    0.01604     0.9625     57.750      1.092  50239.555    31.3813     5.9677      1.082    7.08205     5.9722    24.6982   12.71035 3.7976e-02 0.0000e+00
        233  47.183194    0.01611     0.9667     58.000      1.095  50237.179    31.3801     5.9698      1.084    7.08177     5.9752    24.6970   12.70989 3.7976e-02 0.0000e+00
        234  47.183197    0.01618     0.9708     58.250      1.103  50231.746    31.3768     5.9723      1.092    7.08150     5.9777    24.6941   12.70949 3.7976e-02 0.0000e+00
        235  47.183200    0.01625     0.9750     58.500      1.114  50219.168    31.3687     5.9752      1.103    7.08140     5.9786    24.6873   12.70942 3.7976e-02 0.0000e+00
        236  47.183203    0.01632     0.9792     58.750      1.123  50198.555    31.3550     5.9778      1.112    7.08162     5.9771    24.6761   12.70996 3.7976e-02 0.0000e+00
        237  47.183206    0.01639     0.9833     59.000      1.125  50176.336    31.3398     5.9787      1.114    7.08217     5.9727    24.6640   12.71107 3.7976e-02 0.0000e+00
        238  47.183209    0.01646     0.9875     59.250      1.119  50162.993    31.3303     5.9772      1.108    7.08287     5.9666    24.6567   12.71236 3.7976e-02 0.0000e+00
        239  47.183212    0.01653     0.9917     59.500      1.107  50167.213    31.3324     5.9728      1.096    7.08351     5.9615    24.6589   12.71338 3.7976e-02 0.0000e+00
        240  47.183215    0.01660     0.9958     59.750      1.093  50189.905    31.3469     5.9667      1.082    7.08384     5.9596    24.6710   12.71374 3.7976e-02 0.0000e+00
        241  47.183218    0.01667     1.0000     60.000      1.085  50221.723    31.3679     5.9616      1.074    7.08372     5.9618    24.6882   12.71327 3.7976e-02 0.0000e+00
        242  47.183220    0.01674     1.0042     60.250      1.088  50249.439    31.3867     5.9597      1.077    7.08314     5.9669    24.7033   12.71208 3.7976e-02 0.0000e+00
        243  47.183223    0.01681     1.0083     60.500      1.103  50264.665    31.3976     5.9619      1.093    7.08227     5.9732    24.7116   12.71050 3.7976e-02 0.0000e+00
        244  47.183226    0.01688     1.0125     60.750      1.129  50265.481    31.3992     5.9670      1.118    7.08134     5.9785    24.7122   12.70894 3.7976e-02 0.0000e+00
        245  47.183229    0.01694     1.0167     61.000      1.158  50251.775    31.3909     5.9733      1.147    7.08068     5.9811    24.7050   12.70796 3.7976e-02 0.0000e+00
        246  47.183232    0.01701     1.0208     61.250      1.186  50223.524    31.3724     5.9786      1.174    7.08067     5.9800    24.6897   12.70817 3.7976e-02 0.0000e+00
        247  47.183235    0.01708     1.0250     61.500      1.205  50186.514    31.3473     5.9812      1.193    7.08140     5.9741    24.6696   12.70970 3.7976e-02 0.0000e+00
        248  47.183238    0.01715     1.0292     61.750      1.213  50153.529    31.3243     5.9801      1.202    7.08267     5.9635    24.6516   12.71209 3.7976e-02 0.0000e+00
        249  47.183241    0.01722     1.0333     62.000      1.211  50137.276    31.3119     5.9742      1.200    7.08424     5.9507    24.6425   12.71484 3.7976e-02 0.0000e+00
        250  47.183244    0.01729     1.0375     62.250      1.203  50144.924    31.3151     5.9636      1.192    7.08586     5.9401    24.6463   12.71748 3.7976e-02 0.0000e+00
        251  47.183247    0.01736     1.0417     62.500      1.191  50173.107    31.3321     5.9508      1.180    7.08719     5.9341    24.6613   12.71946 3.7976e-02 0.0000e+00
        252  47.183249    0.01743     1.0458     62.750      1.179  50208.266    31.3543     5.9402      1.167    7.08791     5.9323    24.6801   12.72037 3.7976e-02 0.0000e+00
        253  47.183252    0.01750     1.0500     63.000      1.168  50237.294    31.3732     5.9342      1.156    7.08802     5.9330    24.6957   12.72031 3.7976e-02 0.0000e+00
        254  47.183255    0.01757     1.0542     63.250      1.159  50254.825    31.3850     5.9324      1.147    7.08777     5.9348    24.7052   12.71974 3.7976e-02 0.0000e+00
        255  47.183258    0.01764     1.0583     63.500      1.151  50260.846    31.3893     5.9331      1.140    7.08745     5.9367    24.7085   12.71916 3.7976e-02 0.0000e+00
        256  47.183261    0.01771     1.0625     63.750      1.144  50257.706    31.3875     5.9349      1.133    7.08724     5.9379    24.7069   12.71883 3.7976e-02 0.0000e+00
        257  47.183264    0.01778     1.0667     64.000      1.139  50249.664    31.3823     5.9368      1.128    7.08717     5.9385    24.7026   12.71879 3.7976e-02 0.0000e+00
        258  47.183267    0.01785     1.0708     64.250      1.136  50240.706    31.3764     5.9380      1.125    7.08724     5.9386    24.6977   12.71898 3.7976e-02 0.0000e+00
        259  47.183270    0.01792     1.0750     64.500      1.136  50231.256    31.3700     5.9386      1.125    7.08744     5.9381    24.6926   12.71939 3.7976e-02 0.0000e+00
        260  47.183273    0.01799     1.0792     64.750      1.136  50219.356    31.3618     5.9387      1.126    7.08781     5.9368    24.6861   12.72011 3.7976e-02 0.0000e+00
        261  47.183275    0.01806     1.0833     65.000      1.136  50205.844    31.3523     5.9382      1.125    7.08834     5.9348    24.6787   12.72111 3.7976e-02 0.0000e+00
        262  47.183278    0.01812     1.0875     65.250      1.131  50195.375    31.3448     5.9369      1.121    7.08890     5.9323    24.6730   12.72213 3.7976e-02 0.0000e+00
        263  47.183281    0.01819     1.0917     65.500      1.123  50193.328    31.3430     5.9349      1.112    7.08933     5.9301    24.6718   12.72285 3.7976e-02 0.0000e+00
        264  47.183284    0.01826     1.0958     65.750      1.113  50204.235    31.3501     5.9324      1.102    7.08942     5.9295    24.6776   12.72292 3.7976e-02 0.0000e+00
        265  47.183287    0.01833     1.1000     66.000      1.104  50229.309    31.3670     5.9301      1.093    7.08900     5.9319    24.6912   12.72201 3.7976e-02 0.0000e+00
        266  47.183290    0.01840     1.1042     66.250      1.100  50264.414    31.3911     5.9295      1.089    7.08796     5.9390    24.7104   12.71999 3.7976e-02 0.0000e+00
        267  47.183293    0.01847     1.1083     66.500      1.104  50302.882    31.4182     5.9320      1.093    7.08628     5.9515    24.7314   12.71686 3.7976e-02 0.0000e+00
        268  47.183296    0.01854     1.1125     66.750      1.115  50340.385    31.4454     5.9390      1.104    7.08382     5.9686    24.7521   12.71246 3.7976e-02 0.0000e+00
        269  47.183299    0.01861     1.1167     67.000      1.132  50371.682    31.4695     5.9516      1.121    7.08060     5.9872    24.7696   12.70683 3.7977e-02 0.0000e+00
        270  47.183302    0.01868     1.1208     67.250      1.150  50387.944    31.4840     5.9687      1.139    7.07707     6.0036    24.7791   12.70081 3.7977e-02 0.0000e+00
        271  47.183304    0.01875     1.1250     67.500      1.162  50387.836    31.4876     5.9872      1.151    7.07382     6.0162    24.7797   12.69540 3.7977e-02 0.0000e+00
