CTD-processing/allCTD/CNV--turbid/2016_02-09_t4_s09_cast085.cnv
* Sea-Bird SBE19plus Data File:
* FileName = C:\Users\Kris.Holderied\Documents\kasitsna\Research-KBL\Oceanography-AK\CTD-Data-ALL-to-2016-02\2016-CTD-KachemakBay-CookInlet\2016-02-CookInlet-quarterly\2016-02-09-CookInlet-Tran4-Barabara\2016-02-09-CookInlet-Tran4-cast085.hex
* Software Version 1.59
* Temperature SN =  5028
* Conductivity SN =  5028
* System UpLoad Time = Feb 09 2016 13:03:38
** Cook Inlet LTM Tran4 Barabara south to north

** Date: 02-09
** Station: 4-09
** Start time (AKST): 12:27
** Depth (m): 26
** Comment:  R/V Pandalus
** Comment:
# nquan = 16
# nvalues = 313                         
# units = specified
# name 0 = scan: Scan Count
# name 1 = timeJ: Julian Days
# name 2 = timeH: Time, Elapsed [hours]
# name 3 = timeM: Time, Elapsed [minutes]
# name 4 = timeS: Time, Elapsed [seconds]
# name 5 = prdM: Pressure, Strain Gauge [db]
# name 6 = specc: Specific Conductance [uS/cm]
# name 7 = sal00: Salinity, Practical [PSU]
# name 8 = tv290C: Temperature [ITS-90, deg C]
# name 9 = depSM: Depth [salt water, m], lat = 59.00
# name 10 = oxsolML/L: Oxygen Saturation, Garcia & Gordon [ml/l]
# name 11 = potemp090C: Potential Temperature [ITS-90, deg C]
# name 12 = sigma-é00: Density [sigma-theta, kg/m^3]
# name 13 = n2satML/L: Nitrogen Saturation [ml/l]
# name 14 = par: PAR/Irradiance, Biospherical/Licor
# name 15 = flag:  0.000e+00
# span 0 =          1,        313       
# span 1 =  40.518762,  40.519664       
# span 2 =    0.00000,    0.02167       
# span 3 =     0.0000,     1.3000       
# span 4 =      0.000,     78.000       
# span 5 =     -0.011,     26.654       
# span 6 =   2646.594,  50003.826       
# span 7 =     1.3634,    31.1170       
# span 8 =     5.4267,     5.6068       
# span 9 =     -0.011,     26.403       
# span 10 =    7.15646,    8.73138      
# span 11 =     5.4251,     5.6048      
# span 12 =     1.0426,    24.5423      
# span 13 =   12.83700,   15.88972      
# span 14 = 4.7520e-01, 8.6084e+01      
# span 15 = 0.0000e+00, 0.0000e+00      
# interval = seconds: 0.25
# start_time = Feb 09 2016 12:27:01 [Instrument's time stamp, header]
# bad_flag = -9.990e-29
*END*
[from data line 272]
        273  40.519549    0.01889     1.1333     68.000     12.720  49871.986    31.0176     5.4375     12.601    7.18881     5.4343    24.4718   12.89139 4.2557e+00 0.0000e+00
        274  40.519552    0.01896     1.1375     68.250     13.083  49872.928    31.0178     5.4364     12.961    7.18900     5.4334    24.4721   12.89171 4.0625e+00 0.0000e+00
        275  40.519554    0.01903     1.1417     68.500     13.441  49874.163    31.0183     5.4353     13.315    7.18916     5.4328    24.4726   12.89197 3.8821e+00 0.0000e+00
        276  40.519557    0.01910     1.1458     68.750     13.797  49875.148    31.0186     5.4345     13.667    7.18928     5.4324    24.4730   12.89217 3.7093e+00 0.0000e+00
        277  40.519560    0.01917     1.1500     69.000     14.153  49875.913    31.0189     5.4339     14.020    7.18937     5.4321    24.4733   12.89231 3.5395e+00 0.0000e+00
        278  40.519563    0.01924     1.1542     69.250     14.513  49876.679    31.0191     5.4335     14.377    7.18943     5.4320    24.4736   12.89240 3.3702e+00 0.0000e+00
        279  40.519566    0.01931     1.1583     69.500     14.878  49877.345    31.0194     5.4332     14.739    7.18946     5.4319    24.4738   12.89245 3.1998e+00 0.0000e+00
        280  40.519569    0.01938     1.1625     69.750     15.251  49877.844    31.0195     5.4331     15.108    7.18947     5.4319    24.4739   12.89247 3.0286e+00 0.0000e+00
        281  40.519572    0.01944     1.1667     70.000     15.633  49878.311    31.0197     5.4331     15.486    7.18947     5.4319    24.4740   12.89246 2.8590e+00 0.0000e+00
        282  40.519575    0.01951     1.1708     70.250     16.023  49878.718    31.0198     5.4331     15.873    7.18946     5.4320    24.4741   12.89245 2.6948e+00 0.0000e+00
        283  40.519578    0.01958     1.1750     70.500     16.419  49878.961    31.0197     5.4332     16.265    7.18945     5.4320    24.4741   12.89243 2.5405e+00 0.0000e+00
        284  40.519580    0.01965     1.1792     70.750     16.820  49879.153    31.0197     5.4332     16.662    7.18944     5.4320    24.4740   12.89241 2.4018e+00 0.0000e+00
        285  40.519583    0.01972     1.1833     71.000     17.221  49879.427    31.0197     5.4333     17.059    7.18943     5.4321    24.4740   12.89240 2.2751e+00 0.0000e+00
        286  40.519586    0.01979     1.1875     71.250     17.619  49879.732    31.0197     5.4333     17.453    7.18942     5.4321    24.4740   12.89238 2.1475e+00 0.0000e+00
        287  40.519589    0.01986     1.1917     71.500     18.010  49879.938    31.0197     5.4334     17.840    7.18941     5.4320    24.4740   12.89237 2.0184e+00 0.0000e+00
        288  40.519592    0.01993     1.1958     71.750     18.392  49880.014    31.0196     5.4334     18.219    7.18941     5.4319    24.4739   12.89237 1.8950e+00 0.0000e+00
        289  40.519595    0.02000     1.2000     72.000     18.765  49880.056    31.0194     5.4334     18.588    7.18942     5.4318    24.4738   12.89240 1.7801e+00 0.0000e+00
        290  40.519598    0.02007     1.2042     72.250     19.129  49880.103    31.0193     5.4333     18.949    7.18945     5.4315    24.4737   12.89244 1.6742e+00 0.0000e+00
        291  40.519601    0.02014     1.2083     72.500     19.486  49880.066    31.0190     5.4331     19.302    7.18949     5.4310    24.4735   12.89250 1.5769e+00 0.0000e+00
        292  40.519604    0.02021     1.2125     72.750     19.836  49879.840    31.0186     5.4329     19.649    7.18955     5.4301    24.4732   12.89261 1.4877e+00 0.0000e+00
        293  40.519606    0.02028     1.2167     73.000     20.181  49879.341    31.0180     5.4324     19.991    7.18966     5.4289    24.4728   12.89280 1.4053e+00 0.0000e+00
        294  40.519609    0.02035     1.2208     73.250     20.522  49878.830    31.0174     5.4316     20.329    7.18983     5.4274    24.4724   12.89309 1.3285e+00 0.0000e+00
        295  40.519612    0.02042     1.2250     73.500     20.860  49879.040    31.0171     5.4304     20.664    7.19005     5.4260    24.4723   12.89345 1.2559e+00 0.0000e+00
        296  40.519615    0.02049     1.2292     73.750     21.197  49880.618    31.0177     5.4289     20.997    7.19027     5.4251    24.4730   12.89381 1.1863e+00 0.0000e+00
        297  40.519618    0.02056     1.2333     74.000     21.535  49883.537    31.0193     5.4275     21.332    7.19043     5.4251    24.4744   12.89405 1.1186e+00 0.0000e+00
        298  40.519621    0.02063     1.2375     74.250     21.877  49887.287    31.0215     5.4267     21.671    7.19046     5.4262    24.4763   12.89407 1.0514e+00 0.0000e+00
        299  40.519624    0.02069     1.2417     74.500     22.224  49891.833    31.0245     5.4268     22.015    7.19031     5.4286    24.4786   12.89379 9.8579e-01 0.0000e+00
        300  40.519627    0.02076     1.2458     74.750     22.579  49898.322    31.0290     5.4278     22.367    7.18992     5.4334    24.4821   12.89308 9.2445e-01 0.0000e+00
        301  40.519630    0.02083     1.2500     75.000     22.943  49908.897    31.0366     5.4303     22.727    7.18913     5.4422    24.4878   12.89169 8.6744e-01 0.0000e+00
        302  40.519633    0.02090     1.2542     75.250     23.316  49926.448    31.0495     5.4351     23.097    7.18770     5.4572    24.4974   12.88915 8.1336e-01 0.0000e+00
        303  40.519635    0.02097     1.2583     75.500     23.697  49952.938    31.0693     5.4439     23.475    7.18524     5.4789    24.5121   12.88483 7.6201e-01 0.0000e+00
        304  40.519638    0.02104     1.2625     75.750     24.085  49981.314    31.0916     5.4589     23.859    7.18161     5.5049    24.5281   12.87855 7.1364e-01 0.0000e+00
        305  40.519641    0.02111     1.2667     76.000     24.474  49999.356    31.1082     5.4807     24.244    7.17711     5.5314    24.5388   12.87090 6.6872e-01 0.0000e+00
        306  40.519644    0.02118     1.2708     76.250     24.859  50003.826    31.1164     5.5067     24.626    7.17229     5.5553    24.5423   12.86283 6.2768e-01 0.0000e+00
        307  40.519647    0.02125     1.2750     76.500     25.234  49997.329    31.1170     5.5332     24.996    7.16773     5.5747    24.5398   12.85530 5.9061e-01 0.0000e+00
        308  40.519650    0.02132     1.2792     76.750     25.589  49983.650    31.1123     5.5572     25.349    7.16388     5.5887    24.5334   12.84899 5.5757e-01 0.0000e+00
        309  40.519653    0.02139     1.2833     77.000     25.917  49968.338    31.1055     5.5766     25.673    7.16092     5.5980    24.5258   12.84418 5.2914e-01 0.0000e+00
        310  40.519656    0.02146     1.2875     77.250     26.206  49955.411    31.0992     5.5906     25.960    7.15882     5.6031    24.5193   12.84079 5.0601e-01 0.0000e+00
        311  40.519659    0.02153     1.2917     77.500     26.441  49946.300    31.0947     5.5999     26.192    7.15746     5.6048    24.5146   12.83861 4.8882e-01 0.0000e+00
        312  40.519661    0.02160     1.2958     77.750     26.598  49940.981    31.0920     5.6051     26.348    7.15670 -9.990e-29    24.5119   12.83739 4.7850e-01 0.0000e+00
        313  40.519664    0.02167     1.3000     78.000     26.654  49939.225    31.0911     5.6068     26.403    7.15646 -9.990e-29    24.5110   12.83700 4.7520e-01 0.0000e+00
