CTD-processing/allCTD/CNV--turbid/2016_02-14_t3_s03_cast110.cnv
* Sea-Bird SBE19plus Data File:
* FileName = C:\Users\Kris.Holderied\Documents\kasitsna\Research-KBL\Oceanography-AK\CTD-Data-ALL-to-2016-02\2016-CTD-KachemakBay-CookInlet\2016-02-CookInlet-quarterly\2016-02-14-CookInlet-Tran3-AnchorPt\2016-02-14-CookInlet-Tran3-cast110.hex
* Software Version 1.59
* Temperature SN =  5028
* Conductivity SN =  5028
* System UpLoad Time = Feb 15 2016 00:36:25
** Cook Inlet LTM Tran3 Anchor Pt Southeast to northwest

** Date: 02-14
** Station: 3-03
** Start time (AKST): 17:38
** Depth (m): 31
** Comment:  R/V Pandalus
** Comment:
# nquan = 16
# nvalues = 340                         
# units = specified
# name 0 = scan: Scan Count
# name 1 = timeJ: Julian Days
# name 2 = timeH: Time, Elapsed [hours]
# name 3 = timeM: Time, Elapsed [minutes]
# name 4 = timeS: Time, Elapsed [seconds]
# name 5 = prdM: Pressure, Strain Gauge [db]
# name 6 = specc: Specific Conductance [uS/cm]
# name 7 = sal00: Salinity, Practical [PSU]
# name 8 = tv290C: Temperature [ITS-90, deg C]
# name 9 = depSM: Depth [salt water, m], lat = 59.00
# name 10 = oxsolML/L: Oxygen Saturation, Garcia & Gordon [ml/l]
# name 11 = potemp090C: Potential Temperature [ITS-90, deg C]
# name 12 = sigma-é00: Density [sigma-theta, kg/m^3]
# name 13 = n2satML/L: Nitrogen Saturation [ml/l]
# name 14 = par: PAR/Irradiance, Biospherical/Licor
# name 15 = flag:  0.000e+00
# span 0 =          1,        340       
# span 1 =  45.734896,  45.735877       
# span 2 =    0.00000,    0.02354       
# span 3 =     0.0000,     1.4125       
# span 4 =      0.000,     84.750       
# span 5 =     -0.264,     32.738       
# span 6 =    712.289,  49148.571       
# span 7 =     0.3312,    29.9801       
# span 8 =     2.5063,     3.0454       
# span 9 =     -0.261,     32.430       
# span 10 =    7.67344,    9.52342      
# span 11 =     2.5063,     3.0437      
# span 12 =     0.2261,    23.8770      
# span 13 =   13.70546,   17.23447      
# span 14 = 3.7976e-02, 3.5998e+00      
# span 15 = 0.0000e+00, 0.0000e+00      
# interval = seconds: 0.25
# start_time = Feb 14 2016 17:38:15 [Instrument's time stamp, header]
# bad_flag = -9.990e-29
*END*
[from data line 91]
         92  45.735159    0.00632     0.3792     22.750      1.061  49064.186    29.9320     3.0183      1.051    7.68113     3.0181    23.8403   13.71879 9.8532e-02 0.0000e+00
         93  45.735162    0.00639     0.3833     23.000      1.058  49059.266    29.9287     3.0183      1.048    7.68129     3.0178    23.8377   13.71910 8.7887e-02 0.0000e+00
         94  45.735165    0.00646     0.3875     23.250      1.062  49050.981    29.9231     3.0182      1.052    7.68162     3.0175    23.8332   13.71971 7.8995e-02 0.0000e+00
         95  45.735168    0.00653     0.3917     23.500      1.071  49043.918    29.9183     3.0179      1.061    7.68193     3.0174    23.8294   13.72029 7.1858e-02 0.0000e+00
         96  45.735171    0.00660     0.3958     23.750      1.086  49042.805    29.9175     3.0176      1.075    7.68203     3.0175    23.8287   13.72047 6.5739e-02 0.0000e+00
         97  45.735174    0.00667     0.4000     24.000      1.106  49046.857    29.9202     3.0175      1.095    7.68190     3.0177    23.8309   13.72023 5.9960e-02 0.0000e+00
         98  45.735177    0.00674     0.4042     24.250      1.130  49051.555    29.9233     3.0176      1.119    7.68172     3.0179    23.8334   13.71988 5.4695e-02 0.0000e+00
         99  45.735179    0.00681     0.4083     24.500      1.155  49054.011    29.9250     3.0178      1.144    7.68158     3.0180    23.8347   13.71964 5.0931e-02 0.0000e+00
        100  45.735182    0.00688     0.4125     24.750      1.179  49053.516    29.9247     3.0180      1.168    7.68155     3.0177    23.8345   13.71959 4.9649e-02 0.0000e+00
        101  45.735185    0.00694     0.4167     25.000      1.198  49050.838    29.9229     3.0181      1.187    7.68164     3.0172    23.8331   13.71977 5.1350e-02 0.0000e+00
        102  45.735188    0.00701     0.4208     25.250      1.208  49048.785    29.9215     3.0178      1.196    7.68177     3.0168    23.8319   13.72000 5.6617e-02 0.0000e+00
        103  45.735191    0.00708     0.4250     25.500      1.204  49050.574    29.9226     3.0173      1.193    7.68181     3.0167    23.8328   13.72005 6.6855e-02 0.0000e+00
        104  45.735194    0.00715     0.4292     25.750      1.183  49056.727    29.9266     3.0169      1.172    7.68168     3.0171    23.8361   13.71978 8.4794e-02 0.0000e+00
        105  45.735197    0.00722     0.4333     26.000      1.142  49065.745    29.9327     3.0168      1.131    7.68137     3.0176    23.8409   13.71919 1.1487e-01 0.0000e+00
        106  45.735200    0.00729     0.4375     26.250      1.083  49075.877    29.9396     3.0171      1.073    7.68095     3.0183    23.8464   13.71840 1.6267e-01 0.0000e+00
        107  45.735203    0.00736     0.4417     26.500      1.010  49085.239    29.9460     3.0177      1.001    7.68050     3.0192    23.8515   13.71757 2.3187e-01 0.0000e+00
        108  45.735205    0.00743     0.4458     26.750      0.931  49092.785    29.9513     3.0184      0.922    7.68009     3.0203    23.8557   13.71682 3.1758e-01 0.0000e+00
        109  45.735208    0.00750     0.4500     27.000      0.854  49098.360    29.9553     3.0192      0.846    7.67972     3.0215    23.8588   13.71615 3.9963e-01 0.0000e+00
        110  45.735211    0.00757     0.4542     27.250      0.791  49101.768    29.9579     3.0203      0.784    7.67938     3.0227    23.8608   13.71556 4.4699e-01 0.0000e+00
        111  45.735214    0.00764     0.4583     27.500      0.751  49102.789    29.9589     3.0215      0.745    7.67909     3.0238    23.8615   13.71507 4.4242e-01 0.0000e+00
        112  45.735217    0.00771     0.4625     27.750      0.737  49101.564    29.9584     3.0227      0.730    7.67889     3.0246    23.8610   13.71474 3.9904e-01 0.0000e+00
        113  45.735220    0.00778     0.4667     28.000      0.742  49098.642    29.9567     3.0238      0.735    7.67877     3.0253    23.8595   13.71457 3.4284e-01 0.0000e+00
        114  45.735223    0.00785     0.4708     28.250      0.758  49094.863    29.9544     3.0247      0.751    7.67873     3.0258    23.8576   13.71452 2.9143e-01 0.0000e+00
        115  45.735226    0.00792     0.4750     28.500      0.778  49091.119    29.9520     3.0254      0.770    7.67872     3.0262    23.8556   13.71455 2.5191e-01 0.0000e+00
        116  45.735229    0.00799     0.4792     28.750      0.794  49088.140    29.9502     3.0259      0.786    7.67873     3.0266    23.8541   13.71458 2.2577e-01 0.0000e+00
        117  45.735231    0.00806     0.4833     29.000      0.804  49086.614    29.9492     3.0263      0.796    7.67870     3.0269    23.8534   13.71454 2.1114e-01 0.0000e+00
        118  45.735234    0.00813     0.4875     29.250      0.806  49086.827    29.9495     3.0266      0.799    7.67862     3.0271    23.8535   13.71441 2.0397e-01 0.0000e+00
        119  45.735237    0.00819     0.4917     29.500      0.803  49088.213    29.9505     3.0269      0.796    7.67850     3.0271    23.8543   13.71422 1.9950e-01 0.0000e+00
        120  45.735240    0.00826     0.4958     29.750      0.798  49089.939    29.9517     3.0271      0.790    7.67840     3.0271    23.8553   13.71403 1.9295e-01 0.0000e+00
        121  45.735243    0.00833     0.5000     30.000      0.795  49091.508    29.9527     3.0272      0.787    7.67833     3.0271    23.8561   13.71390 1.8161e-01 0.0000e+00
        122  45.735246    0.00840     0.5042     30.250      0.798  49092.535    29.9534     3.0272      0.790    7.67830     3.0271    23.8567   13.71384 1.6693e-01 0.0000e+00
        123  45.735249    0.00847     0.5083     30.500      0.810  49092.594    29.9534     3.0271      0.802    7.67831     3.0271    23.8567   13.71385 1.5202e-01 0.0000e+00
        124  45.735252    0.00854     0.5125     30.750      0.831  49091.612    29.9528     3.0271      0.823    7.67834     3.0272    23.8561   13.71392 1.3870e-01 0.0000e+00
        125  45.735255    0.00861     0.5167     31.000      0.859  49089.828    29.9516     3.0272      0.851    7.67840     3.0273    23.8552   13.71402 1.2799e-01 0.0000e+00
        126  45.735258    0.00868     0.5208     31.250      0.890  49087.463    29.9500     3.0273      0.881    7.67846     3.0274    23.8539   13.71415 1.2119e-01 0.0000e+00
        127  45.735260    0.00875     0.5250     31.500      0.917  49084.797    29.9482     3.0274      0.908    7.67853     3.0274    23.8525   13.71429 1.2014e-01 0.0000e+00
        128  45.735263    0.00882     0.5292     31.750      0.936  49082.245    29.9465     3.0275      0.927    7.67861     3.0274    23.8511   13.71444 1.2728e-01 0.0000e+00
        129  45.735266    0.00889     0.5333     32.000      0.941  49080.269    29.9452     3.0275      0.932    7.67868     3.0273    23.8501   13.71457 1.4606e-01 0.0000e+00
        130  45.735269    0.00896     0.5375     32.250      0.927  49079.470    29.9446     3.0274      0.919    7.67872     3.0272    23.8496   13.71464 1.8141e-01 0.0000e+00
        131  45.735272    0.00903     0.5417     32.500      0.893  49080.544    29.9453     3.0273      0.885    7.67870     3.0271    23.8502   13.71461 2.3982e-01 0.0000e+00
        132  45.735275    0.00910     0.5458     32.750      0.840  49083.728    29.9475     3.0272      0.833    7.67861     3.0270    23.8519   13.71443 3.2837e-01 0.0000e+00
        133  45.735278    0.00917     0.5500     33.000      0.774  49088.240    29.9505     3.0271      0.767    7.67846     3.0269    23.8543   13.71415 4.5154e-01 0.0000e+00
        134  45.735281    0.00924     0.5542     33.250      0.703  49092.924    29.9537     3.0270      0.697    7.67831     3.0267    23.8569   13.71385 6.0197e-01 0.0000e+00
        135  45.735284    0.00931     0.5583     33.500      0.636  49097.164    29.9565     3.0269      0.630    7.67819     3.0265    23.8592   13.71361 7.4800e-01 0.0000e+00
        136  45.735286    0.00937     0.5625     33.750      0.583  49100.541    29.9588     3.0267      0.578    7.67811     3.0264    23.8610   13.71345 8.4072e-01 0.0000e+00
        137  45.735289    0.00944     0.5667     34.000      0.555  49102.644    29.9601     3.0266      0.550    7.67807     3.0265    23.8621   13.71336 8.4122e-01 0.0000e+00
        138  45.735292    0.00951     0.5708     34.250      0.557  49103.250    29.9605     3.0265      0.552    7.67806     3.0266    23.8624   13.71334 7.4653e-01 0.0000e+00
        139  45.735295    0.00958     0.5750     34.500      0.585  49102.110    29.9598     3.0265      0.580    7.67810     3.0266    23.8618   13.71341 5.9536e-01 0.0000e+00
        140  45.735298    0.00965     0.5792     34.750      0.632  49098.897    29.9576     3.0266      0.626    7.67819     3.0266    23.8600   13.71360 4.3991e-01 0.0000e+00
        141  45.735301    0.00972     0.5833     35.000      0.688  49093.326    29.9539     3.0267      0.681    7.67837     3.0264    23.8570   13.71396 3.1429e-01 0.0000e+00
        142  45.735304    0.00979     0.5875     35.250      0.743  49085.773    29.9488     3.0266      0.736    7.67864     3.0261    23.8530   13.71447 2.2795e-01 0.0000e+00
        143  45.735307    0.00986     0.5917     35.500      0.791  49078.878    29.9441     3.0265      0.784    7.67892     3.0257    23.8492   13.71499 1.7641e-01 0.0000e+00
        144  45.735310    0.00993     0.5958     35.750      0.827  49076.649    29.9425     3.0262      0.819    7.67906     3.0252    23.8480   13.71525 1.5193e-01 0.0000e+00
        145  45.735312    0.01000     0.6000     36.000      0.851  49080.513    29.9449     3.0257      0.843    7.67902     3.0248    23.8500   13.71514 1.4597e-01 0.0000e+00
        146  45.735315    0.01007     0.6042     36.250      0.867  49087.873    29.9497     3.0252      0.859    7.67886     3.0247    23.8539   13.71482 1.4776e-01 0.0000e+00
        147  45.735318    0.01014     0.6083     36.500      0.881  49094.680    29.9542     3.0248      0.873    7.67870     3.0247    23.8575   13.71449 1.4601e-01 0.0000e+00
        148  45.735321    0.01021     0.6125     36.750      0.899  49098.627    29.9568     3.0247      0.890    7.67859     3.0247    23.8596   13.71428 1.3565e-01 0.0000e+00
        149  45.735324    0.01028     0.6167     37.000      0.923  49099.271    29.9572     3.0247      0.914    7.67857     3.0246    23.8599   13.71424 1.2062e-01 0.0000e+00
        150  45.735327    0.01035     0.6208     37.250      0.952  49096.625    29.9555     3.0247      0.943    7.67866     3.0243    23.8585   13.71441 1.0895e-01 0.0000e+00
        151  45.735330    0.01042     0.6250     37.500      0.980  49090.928    29.9516     3.0246      0.970    7.67888     3.0238    23.8554   13.71482 1.0739e-01 0.0000e+00
        152  45.735333    0.01049     0.6292     37.750      0.998  49083.957    29.9468     3.0244      0.989    7.67918     3.0230    23.8516   13.71537 1.2054e-01 0.0000e+00
        153  45.735336    0.01056     0.6333     38.000      1.002  49079.124    29.9435     3.0239      0.992    7.67945     3.0219    23.8490   13.71587 1.5261e-01 0.0000e+00
        154  45.735339    0.01063     0.6375     38.250      0.985  49078.966    29.9431     3.0230      0.975    7.67963     3.0208    23.8488   13.71617 2.0811e-01 0.0000e+00
        155  45.735341    0.01069     0.6417     38.500      0.945  49084.147    29.9463     3.0219      0.936    7.67968     3.0202    23.8515   13.71621 2.8944e-01 0.0000e+00
        156  45.735344    0.01076     0.6458     38.750      0.887  49093.136    29.9521     3.0208      0.879    7.67959     3.0204    23.8562   13.71597 3.9407e-01 0.0000e+00
        157  45.735347    0.01083     0.6500     39.000      0.820  49102.395    29.9583     3.0202      0.813    7.67938     3.0213    23.8611   13.71554 5.0991e-01 0.0000e+00
        158  45.735350    0.01090     0.6542     39.250      0.752  49108.946    29.9628     3.0204      0.745    7.67910     3.0224    23.8646   13.71503 6.1005e-01 0.0000e+00
        159  45.735353    0.01097     0.6583     39.500      0.693  49112.110    29.9651     3.0213      0.686    7.67882     3.0236    23.8665   13.71453 6.5863e-01 0.0000e+00
        160  45.735356    0.01104     0.6625     39.750      0.651  49112.676    29.9658     3.0225      0.645    7.67856     3.0247    23.8669   13.71409 6.3423e-01 0.0000e+00
        161  45.735359    0.01111     0.6667     40.000      0.634  49111.602    29.9654     3.0237      0.628    7.67835     3.0256    23.8665   13.71375 5.4999e-01 0.0000e+00
        162  45.735362    0.01118     0.6708     40.250      0.643  49109.771    29.9644     3.0248      0.636    7.67819     3.0263    23.8657   13.71350 4.4070e-01 0.0000e+00
        163  45.735365    0.01125     0.6750     40.500      0.676  49108.021    29.9635     3.0257      0.669    7.67807     3.0268    23.8648   13.71331 3.3510e-01 0.0000e+00
        164  45.735367    0.01132     0.6792     40.750      0.728  49106.655    29.9627     3.0264      0.721    7.67797     3.0272    23.8642   13.71317 2.4724e-01 0.0000e+00
        165  45.735370    0.01139     0.6833     41.000      0.792  49105.487    29.9620     3.0269      0.784    7.67791     3.0274    23.8636   13.71308 1.8116e-01 0.0000e+00
        166  45.735373    0.01146     0.6875     41.250      0.862  49104.520    29.9614     3.0272      0.853    7.67787     3.0275    23.8631   13.71303 1.3533e-01 0.0000e+00
        167  45.735376    0.01153     0.6917     41.500      0.929  49103.727    29.9609     3.0275      0.921    7.67786     3.0275    23.8626   13.71300 1.0598e-01 0.0000e+00
        168  45.735379    0.01160     0.6958     41.750      0.989  49102.871    29.9604     3.0276      0.980    7.67786     3.0275    23.8622   13.71302 8.9491e-02 0.0000e+00
        169  45.735382    0.01167     0.7000     42.000      1.036  49102.074    29.9598     3.0276      1.026    7.67788     3.0274    23.8617   13.71306 8.3437e-02 0.0000e+00
        170  45.735385    0.01174     0.7042     42.250      1.065  49101.789    29.9596     3.0276      1.055    7.67791     3.0273    23.8615   13.71310 8.6960e-02 0.0000e+00
        171  45.735388    0.01181     0.7083     42.500      1.075  49102.419    29.9600     3.0275      1.065    7.67791     3.0272    23.8619   13.71310 1.0077e-01 0.0000e+00
        172  45.735391    0.01188     0.7125     42.750      1.064  49103.926    29.9610     3.0274      1.055    7.67787     3.0272    23.8627   13.71303 1.2626e-01 0.0000e+00
        173  45.735394    0.01194     0.7167     43.000      1.039  49105.748    29.9622     3.0273      1.029    7.67782     3.0270    23.8636   13.71292 1.6309e-01 0.0000e+00
        174  45.735396    0.01201     0.7208     43.250      1.003  49107.393    29.9633     3.0272      0.994    7.67778     3.0269    23.8645   13.71284 2.0658e-01 0.0000e+00
        175  45.735399    0.01208     0.7250     43.500      0.964  49108.598    29.9641     3.0271      0.955    7.67776     3.0268    23.8652   13.71280 2.4819e-01 0.0000e+00
        176  45.735402    0.01215     0.7292     43.750      0.927  49109.095    29.9644     3.0269      0.918    7.67777     3.0266    23.8654   13.71281 2.7720e-01 0.0000e+00
        177  45.735405    0.01222     0.7333     44.000      0.897  49108.645    29.9641     3.0268      0.888    7.67781     3.0263    23.8652   13.71289 2.8258e-01 0.0000e+00
        178  45.735408    0.01229     0.7375     44.250      0.878  49106.903    29.9629     3.0266      0.870    7.67790     3.0259    23.8642   13.71306 2.6081e-01 0.0000e+00
        179  45.735411    0.01236     0.7417     44.500      0.871  49103.414    29.9605     3.0264      0.863    7.67808     3.0250    23.8623   13.71338 2.2211e-01 0.0000e+00
        180  45.735414    0.01243     0.7458     44.750      0.875  49098.082    29.9568     3.0259      0.867    7.67836     3.0237    23.8594   13.71390 1.8242e-01 0.0000e+00
