CTD-processing/allCTD/CNV--turbid/2016_07-27_t9_s05_cast006.cnv
* Sea-Bird SBE19plus Data File:
* FileName = C:\Users\Kris.Holderied\Documents\kasitsna\Research-KBL\Oceanography-AK\CTD-Data-ALL-to-2016-05\2016-CTD-KachemakBay-CookInlet\2016-07-27-CookInlet-HomerSpit-monthly\2016-07-27-CookInlet-Tran9-cast006.hex
* Software Version 1.59
* Temperature SN =  5028
* Conductivity SN =  5028
* System UpLoad Time = Jul 27 2016 20:06:15
** Cook Inlet LTM Tran9 Homer Spit monthly
** Date (YYYY-MM-DD): 2016-07-27
** Station (eg. 9-01):  9-05
** Start time (AKDT): 11:33
** Depth (m): 96.3
** Comment:  R/V Edgecumbe.  Part of all-bay survey with T4 and along-bay stations (1-9).
** Comment:
# nquan = 16
# nvalues = 557                         
# units = specified
# name 0 = scan: Scan Count
# name 1 = timeJ: Julian Days
# name 2 = timeH: Time, Elapsed [hours]
# name 3 = timeM: Time, Elapsed [minutes]
# name 4 = timeS: Time, Elapsed [seconds]
# name 5 = prdM: Pressure, Strain Gauge [db]
# name 6 = specc: Specific Conductance [uS/cm]
# name 7 = sal00: Salinity, Practical [PSU]
# name 8 = tv290C: Temperature [ITS-90, deg C]
# name 9 = depSM: Depth [salt water, m], lat = 59.00
# name 10 = oxsolML/L: Oxygen Saturation, Garcia & Gordon [ml/l]
# name 11 = potemp090C: Potential Temperature [ITS-90, deg C]
# name 12 = sigma-é00: Density [sigma-theta, kg/m^3]
# name 13 = n2satML/L: Nitrogen Saturation [ml/l]
# name 14 = par: PAR/Irradiance, Biospherical/Licor
# name 15 = flag:  0.000e+00
# span 0 =          1,        557       
# span 1 = 209.480289, 209.481898       
# span 2 =    0.00000,    0.03861       
# span 3 =     0.0000,     2.3167       
# span 4 =      0.000,    139.000       
# span 5 =     -0.110,     92.432       
# span 6 =    452.920,  49865.225       
# span 7 =     0.2162,    31.6712       
# span 8 =     9.3161,    13.2823       
# span 9 =     -0.109,     91.548       
# span 10 =    6.27591,    7.45922      
# span 11 =     9.3150,    13.2822      
# span 12 =    -0.3811,    24.4197      
# span 13 =   11.42895,   13.76077      
# span 14 = 6.1402e-02, 2.5407e+02      
# span 15 = 0.0000e+00, 0.0000e+00      
# interval = seconds: 0.25
# start_time = Jul 27 2016 11:31:37 [Instrument's time stamp, header]
# bad_flag = -9.990e-29
*END*
[from data line 543]
        544 209.481861    0.03771     2.2625    135.750     89.128  49862.669    31.6707     9.6025     88.275    6.50747     9.5928    24.4194   11.75643 6.1680e-02 0.0000e+00
        545 209.481863    0.03778     2.2667    136.000     89.470  49862.930    31.6708     9.6025     88.614    6.50746     9.5928    24.4194   11.75643 6.1658e-02 0.0000e+00
        546 209.481866    0.03785     2.2708    136.250     89.812  49863.167    31.6708     9.6025     88.953    6.50746     9.5928    24.4194   11.75642 6.1627e-02 0.0000e+00
        547 209.481869    0.03792     2.2750    136.500     90.154  49863.371    31.6708     9.6025     89.291    6.50746     9.5928    24.4194   11.75642 6.1588e-02 0.0000e+00
        548 209.481872    0.03799     2.2792    136.750     90.492  49863.549    31.6708     9.6026     89.626    6.50746     9.5929    24.4194   11.75641 6.1546e-02 0.0000e+00
        549 209.481875    0.03806     2.2833    137.000     90.824  49863.721    31.6708     9.6026     89.955    6.50745     9.5929    24.4194   11.75640 6.1514e-02 0.0000e+00
        550 209.481878    0.03812     2.2875    137.250     91.144  49863.921    31.6708     9.6027     90.272    6.50744     9.5929    24.4194   11.75639 6.1496e-02 0.0000e+00
        551 209.481881    0.03819     2.2917    137.500     91.446  49864.176    31.6708     9.6027     90.571    6.50743     9.5929    24.4194   11.75637 6.1481e-02 0.0000e+00
        552 209.481884    0.03826     2.2958    137.750     91.722  49864.435    31.6709     9.6027     90.845    6.50743     9.5929    24.4195   11.75636 6.1458e-02 0.0000e+00
        553 209.481887    0.03833     2.3000    138.000     91.964  49864.666    31.6710     9.6027     91.084    6.50742     9.5928    24.4195   11.75635 6.1429e-02 0.0000e+00
        554 209.481889    0.03840     2.3042    138.250     92.162  49864.888    31.6711     9.6027     91.280    6.50742     9.5928    24.4196   11.75635 6.1409e-02 0.0000e+00
        555 209.481892    0.03847     2.3083    138.500     92.309  49865.064    31.6711     9.6027     91.426    6.50741     9.5928    24.4196   11.75634 6.1402e-02 0.0000e+00
        556 209.481895    0.03854     2.3125    138.750     92.401  49865.178    31.6712     9.6027     91.517    6.50741 -9.990e-29    24.4197   11.75634 6.1402e-02 0.0000e+00
        557 209.481898    0.03861     2.3167    139.000     92.432  49865.225    31.6712     9.6027     91.548    6.50741 -9.990e-29    24.4197   11.75634 6.1403e-02 0.0000e+00
