CTD-processing/allCTD/CNV--turbid/2016_02-09_t4_s07_cast083.cnv
* Sea-Bird SBE19plus Data File:
* FileName = C:\Users\Kris.Holderied\Documents\kasitsna\Research-KBL\Oceanography-AK\CTD-Data-ALL-to-2016-02\2016-CTD-KachemakBay-CookInlet\2016-02-CookInlet-quarterly\2016-02-09-CookInlet-Tran4-Barabara\2016-02-09-CookInlet-Tran4-cast083.hex
* Software Version 1.59
* Temperature SN =  5028
* Conductivity SN =  5028
* System UpLoad Time = Feb 09 2016 13:02:35
** Cook Inlet LTM Tran4 Barabara south to north

** Date: 02-09
** Station: 4-07
** Start time (AKST): 11:59
** Depth (m): 34
** Comment:  R/V Pandalus
** Comment:
# nquan = 16
# nvalues = 432                         
# units = specified
# name 0 = scan: Scan Count
# name 1 = timeJ: Julian Days
# name 2 = timeH: Time, Elapsed [hours]
# name 3 = timeM: Time, Elapsed [minutes]
# name 4 = timeS: Time, Elapsed [seconds]
# name 5 = prdM: Pressure, Strain Gauge [db]
# name 6 = specc: Specific Conductance [uS/cm]
# name 7 = sal00: Salinity, Practical [PSU]
# name 8 = tv290C: Temperature [ITS-90, deg C]
# name 9 = depSM: Depth [salt water, m], lat = 59.00
# name 10 = oxsolML/L: Oxygen Saturation, Garcia & Gordon [ml/l]
# name 11 = potemp090C: Potential Temperature [ITS-90, deg C]
# name 12 = sigma-é00: Density [sigma-theta, kg/m^3]
# name 13 = n2satML/L: Nitrogen Saturation [ml/l]
# name 14 = par: PAR/Irradiance, Biospherical/Licor
# name 15 = flag:  0.000e+00
# span 0 =          1,        432       
# span 1 =  40.499363,  40.500611       
# span 2 =    0.00000,    0.02993       
# span 3 =     0.0000,     1.7958       
# span 4 =      0.000,    107.750       
# span 5 =     -0.008,     35.077       
# span 6 =    617.144,  50017.986       
# span 7 =     0.2970,    31.2010       
# span 8 =     5.6539,     5.9073       
# span 9 =     -0.008,     34.745       
# span 10 =    7.10065,    8.77006      
# span 11 =     5.6540,     5.9046      
# span 12 =     0.1905,    24.5636      
# span 13 =   12.74338,   15.97147      
# span 14 = 7.3947e-01, 8.9321e+01      
# span 15 = 0.0000e+00, 0.0000e+00      
# interval = seconds: 0.25
# start_time = Feb 09 2016 11:59:05 [Instrument's time stamp, header]
# bad_flag = -9.990e-29
*END*
[from data line 91]
         92  40.499627    0.00632     0.3792     22.750      1.191  49925.342    31.1377     5.8303      1.180    7.11652     5.8305    24.5219   12.77041 3.9358e+01 0.0000e+00
         93  40.499630    0.00639     0.3833     23.000      1.197  49927.037    31.1389     5.8304      1.186    7.11645     5.8307    24.5228   12.77028 3.9670e+01 0.0000e+00
         94  40.499633    0.00646     0.3875     23.250      1.199  49928.662    31.1401     5.8306      1.188    7.11637     5.8311    24.5237   12.77013 4.0076e+01 0.0000e+00
         95  40.499635    0.00653     0.3917     23.500      1.199  49929.549    31.1407     5.8308      1.188    7.11629     5.8314    24.5242   12.76999 4.0198e+01 0.0000e+00
         96  40.499638    0.00660     0.3958     23.750      1.194  49929.676    31.1409     5.8312      1.183    7.11623     5.8316    24.5243   12.76988 4.0001e+01 0.0000e+00
         97  40.499641    0.00667     0.4000     24.000      1.187  49929.384    31.1407     5.8315      1.176    7.11619     5.8319    24.5242   12.76981 3.9848e+01 0.0000e+00
         98  40.499644    0.00674     0.4042     24.250      1.177  49929.137    31.1406     5.8317      1.166    7.11615     5.8322    24.5240   12.76975 4.0029e+01 0.0000e+00
         99  40.499647    0.00681     0.4083     24.500      1.167  49929.157    31.1407     5.8320      1.156    7.11610     5.8324    24.5241   12.76967 4.0431e+01 0.0000e+00
        100  40.499650    0.00688     0.4125     24.750      1.158  49929.039    31.1407     5.8323      1.148    7.11606     5.8325    24.5240   12.76961 4.0663e+01 0.0000e+00
        101  40.499653    0.00694     0.4167     25.000      1.154  49927.833    31.1399     5.8325      1.143    7.11606     5.8325    24.5233   12.76962 4.0615e+01 0.0000e+00
        102  40.499656    0.00701     0.4208     25.250      1.154  49924.732    31.1378     5.8326      1.143    7.11614     5.8323    24.5217   12.76978 4.0545e+01 0.0000e+00
        103  40.499659    0.00708     0.4250     25.500      1.158  49919.813    31.1344     5.8326      1.147    7.11630     5.8322    24.5190   12.77009 4.0629e+01 0.0000e+00
        104  40.499661    0.00715     0.4292     25.750      1.165  49914.499    31.1307     5.8324      1.154    7.11650     5.8320    24.5161   12.77047 4.0673e+01 0.0000e+00
        105  40.499664    0.00722     0.4333     26.000      1.174  49910.766    31.1280     5.8323      1.163    7.11666     5.8320    24.5141   12.77075 4.0467e+01 0.0000e+00
        106  40.499667    0.00729     0.4375     26.250      1.183  49909.623    31.1272     5.8321      1.172    7.11672     5.8319    24.5134   12.77086 4.0093e+01 0.0000e+00
        107  40.499670    0.00736     0.4417     26.500      1.192  49911.026    31.1282     5.8321      1.181    7.11668     5.8318    24.5142   12.77080 3.9692e+01 0.0000e+00
        108  40.499673    0.00743     0.4458     26.750      1.202  49913.914    31.1301     5.8320      1.191    7.11660     5.8318    24.5158   12.77064 3.9395e+01 0.0000e+00
        109  40.499676    0.00750     0.4500     27.000      1.212  49916.278    31.1317     5.8319      1.201    7.11654     5.8317    24.5170   12.77051 3.9337e+01 0.0000e+00
        110  40.499679    0.00757     0.4542     27.250      1.223  49916.460    31.1319     5.8319      1.212    7.11654     5.8316    24.5171   12.77051 3.9530e+01 0.0000e+00
        111  40.499682    0.00764     0.4583     27.500      1.231  49914.001    31.1302     5.8318      1.220    7.11663     5.8314    24.5158   12.77068 3.9768e+01 0.0000e+00
        112  40.499685    0.00771     0.4625     27.750      1.235  49910.008    31.1274     5.8317      1.224    7.11679     5.8312    24.5136   12.77098 3.9808e+01 0.0000e+00
        113  40.499688    0.00778     0.4667     28.000      1.234  49906.562    31.1250     5.8315      1.223    7.11693     5.8311    24.5117   12.77125 3.9585e+01 0.0000e+00
        114  40.499690    0.00785     0.4708     28.250      1.230  49905.051    31.1239     5.8313      1.219    7.11701     5.8309    24.5109   12.77140 3.9205e+01 0.0000e+00
        115  40.499693    0.00792     0.4750     28.500      1.223  49905.771    31.1244     5.8312      1.212    7.11701     5.8308    24.5113   12.77139 3.9059e+01 0.0000e+00
        116  40.499696    0.00799     0.4792     28.750      1.215  49908.077    31.1260     5.8310      1.204    7.11696     5.8306    24.5125   12.77128 3.9307e+01 0.0000e+00
        117  40.499699    0.00806     0.4833     29.000      1.206  49910.236    31.1274     5.8309      1.195    7.11691     5.8304    24.5137   12.77119 3.9641e+01 0.0000e+00
        118  40.499702    0.00813     0.4875     29.250      1.198  49910.393    31.1275     5.8307      1.187    7.11694     5.8300    24.5138   12.77123 3.9981e+01 0.0000e+00
        119  40.499705    0.00819     0.4917     29.500      1.190  49908.116    31.1259     5.8305      1.179    7.11706     5.8295    24.5126   12.77145 4.0335e+01 0.0000e+00
        120  40.499708    0.00826     0.4958     29.750      1.182  49904.820    31.1235     5.8301      1.171    7.11724     5.8287    24.5108   12.77177 4.0518e+01 0.0000e+00
        121  40.499711    0.00833     0.5000     30.000      1.175  49902.579    31.1219     5.8296      1.164    7.11740     5.8278    24.5095   12.77207 4.0520e+01 0.0000e+00
        122  40.499714    0.00840     0.5042     30.250      1.169  49902.721    31.1219     5.8288      1.158    7.11753     5.8268    24.5096   12.77227 4.0436e+01 0.0000e+00
        123  40.499716    0.00847     0.5083     30.500      1.168  49905.485    31.1236     5.8279      1.157    7.11760     5.8259    24.5110   12.77238 4.0167e+01 0.0000e+00
        124  40.499719    0.00854     0.5125     30.750      1.172  49909.624    31.1262     5.8269      1.161    7.11765     5.8252    24.5132   12.77242 3.9737e+01 0.0000e+00
        125  40.499722    0.00861     0.5167     31.000      1.182  49912.651    31.1282     5.8260      1.171    7.11770     5.8244    24.5148   12.77248 3.9480e+01 0.0000e+00
        126  40.499725    0.00868     0.5208     31.250      1.198  49912.534    31.1279     5.8253      1.186    7.11782     5.8232    24.5147   12.77269 3.9420e+01 0.0000e+00
        127  40.499728    0.00875     0.5250     31.500      1.215  49909.233    31.1255     5.8245      1.204    7.11807     5.8213    24.5129   12.77313 3.9259e+01 0.0000e+00
        128  40.499731    0.00882     0.5292     31.750      1.232  49904.744    31.1221     5.8233      1.221    7.11844     5.8184    24.5104   12.77377 3.8919e+01 0.0000e+00
        129  40.499734    0.00889     0.5333     32.000      1.245  49901.766    31.1197     5.8214      1.233    7.11888     5.8147    24.5087   12.77453 3.8509e+01 0.0000e+00
        130  40.499737    0.00896     0.5375     32.250      1.252  49902.323    31.1195     5.8185      1.240    7.11938     5.8109    24.5089   12.77536 3.8220e+01 0.0000e+00
        131  40.499740    0.00903     0.5417     32.500      1.254  49906.796    31.1219     5.8148      1.242    7.11989     5.8078    24.5112   12.77618 3.8280e+01 0.0000e+00
        132  40.499742    0.00910     0.5458     32.750      1.249  49913.643    31.1258     5.8110      1.237    7.12033     5.8058    24.5148   12.77686 3.8759e+01 0.0000e+00
        133  40.499745    0.00917     0.5500     33.000      1.240  49920.498    31.1300     5.8079      1.228    7.12065     5.8047    24.5184   12.77733 3.9519e+01 0.0000e+00
        134  40.499748    0.00924     0.5542     33.250      1.227  49925.869    31.1333     5.8059      1.215    7.12083     5.8041    24.5213   12.77758 4.0316e+01 0.0000e+00
        135  40.499751    0.00931     0.5583     33.500      1.209  49929.851    31.1358     5.8048      1.198    7.12090     5.8040    24.5234   12.77767 4.0918e+01 0.0000e+00
        136  40.499754    0.00937     0.5625     33.750      1.189  49933.389    31.1381     5.8042      1.178    7.12089     5.8044    24.5253   12.77761 4.1182e+01 0.0000e+00
        137  40.499757    0.00944     0.5667     34.000      1.169  49937.155    31.1407     5.8041      1.158    7.12078     5.8054    24.5274   12.77741 4.1103e+01 0.0000e+00
        138  40.499760    0.00951     0.5708     34.250      1.153  49940.938    31.1434     5.8045      1.142    7.12059     5.8069    24.5295   12.77705 4.0758e+01 0.0000e+00
        139  40.499763    0.00958     0.5750     34.500      1.143  49943.548    31.1454     5.8055      1.133    7.12033     5.8086    24.5309   12.77660 4.0270e+01 0.0000e+00
        140  40.499766    0.00965     0.5792     34.750      1.144  49943.630    31.1458     5.8070      1.134    7.12007     5.8103    24.5310   12.77616 3.9845e+01 0.0000e+00
        141  40.499769    0.00972     0.5833     35.000      1.156  49940.731    31.1441     5.8087      1.146    7.11985     5.8113    24.5295   12.77582 3.9540e+01 0.0000e+00
        142  40.499771    0.00979     0.5875     35.250      1.178  49935.161    31.1406     5.8103      1.167    7.11975     5.8113    24.5265   12.77570 3.9198e+01 0.0000e+00
        143  40.499774    0.00986     0.5917     35.500      1.204  49927.987    31.1358     5.8113      1.192    7.11980     5.8101    24.5226   12.77585 3.8765e+01 0.0000e+00
        144  40.499777    0.00993     0.5958     35.750      1.229  49921.211    31.1311     5.8114      1.217    7.12002     5.8077    24.5189   12.77627 3.8359e+01 0.0000e+00
        145  40.499780    0.01000     0.6000     36.000      1.248  49917.091    31.1281     5.8102      1.237    7.12036     5.8041    24.5166   12.77687 3.8104e+01 0.0000e+00
        146  40.499783    0.01007     0.6042     36.250      1.260  49917.398    31.1278     5.8078      1.248    7.12079     5.8004    24.5167   12.77758 3.8086e+01 0.0000e+00
        147  40.499786    0.01014     0.6083     36.500      1.262  49922.365    31.1305     5.8042      1.250    7.12125     5.7974    24.5193   12.77831 3.8413e+01 0.0000e+00
        148  40.499789    0.01021     0.6125     36.750      1.254  49930.341    31.1353     5.8005      1.242    7.12164     5.7955    24.5235   12.77890 3.9075e+01 0.0000e+00
        149  40.499792    0.01028     0.6167     37.000      1.238  49938.918    31.1406     5.7975      1.227    7.12190     5.7948    24.5280   12.77926 3.9814e+01 0.0000e+00
        150  40.499795    0.01035     0.6208     37.250      1.216  49946.118    31.1452     5.7956      1.205    7.12200     5.7950    24.5319   12.77937 4.0394e+01 0.0000e+00
        151  40.499797    0.01042     0.6250     37.500      1.191  49950.837    31.1484     5.7949      1.180    7.12198     5.7960    24.5344   12.77929 4.0794e+01 0.0000e+00
        152  40.499800    0.01049     0.6292     37.750      1.165  49952.763    31.1498     5.7951      1.154    7.12187     5.7973    24.5355   12.77909 4.1053e+01 0.0000e+00
        153  40.499803    0.01056     0.6333     38.000      1.141  49952.154    31.1495     5.7961      1.130    7.12173     5.7986    24.5352   12.77885 4.1152e+01 0.0000e+00
        154  40.499806    0.01063     0.6375     38.250      1.120  49949.440    31.1479     5.7974      1.110    7.12158     5.7993    24.5338   12.77863 4.1108e+01 0.0000e+00
        155  40.499809    0.01069     0.6417     38.500      1.102  49945.422    31.1454     5.7987      1.092    7.12148     5.7994    24.5317   12.77850 4.0956e+01 0.0000e+00
        156  40.499812    0.01076     0.6458     38.750      1.087  49942.938    31.1438     5.7994      1.077    7.12143     5.7996    24.5304   12.77844 4.0716e+01 0.0000e+00
        157  40.499815    0.01083     0.6500     39.000      1.079  49943.797    31.1444     5.7995      1.069    7.12139     5.8005    24.5308   12.77837 4.0526e+01 0.0000e+00
        158  40.499818    0.01090     0.6542     39.250      1.082  49944.227    31.1448     5.7997      1.072    7.12135     5.8017    24.5311   12.77829 4.0546e+01 0.0000e+00
        159  40.499821    0.01097     0.6583     39.500      1.092  49940.995    31.1427     5.8006      1.082    7.12128     5.8019    24.5294   12.77821 4.0743e+01 0.0000e+00
        160  40.499823    0.01104     0.6625     39.750      1.101  49936.341    31.1398     5.8017      1.091    7.12123     5.8007    24.5269   12.77816 4.0939e+01 0.0000e+00
        161  40.499826    0.01111     0.6667     40.000      1.106  49933.752    31.1380     5.8020      1.096    7.12127     5.7984    24.5255   12.77825 4.0977e+01 0.0000e+00
        162  40.499829    0.01118     0.6708     40.250      1.104  49935.134    31.1388     5.8007      1.094    7.12145     5.7960    24.5262   12.77853 4.0832e+01 0.0000e+00
        163  40.499832    0.01125     0.6750     40.500      1.097  49940.387    31.1419     5.7984      1.086    7.12169     5.7944    24.5290   12.77889 4.0535e+01 0.0000e+00
        164  40.499835    0.01132     0.6792     40.750      1.086  49947.384    31.1463     5.7960      1.076    7.12188     5.7940    24.5327   12.77916 4.0292e+01 0.0000e+00
        165  40.499838    0.01139     0.6833     41.000      1.075  49953.190    31.1499     5.7944      1.065    7.12197     5.7948    24.5358   12.77927 4.0466e+01 0.0000e+00
        166  40.499841    0.01146     0.6875     41.250      1.065  49955.611    31.1515     5.7941      1.055    7.12195     5.7961    24.5371   12.77922 4.1083e+01 0.0000e+00
        167  40.499844    0.01153     0.6917     41.500      1.056  49954.097    31.1507     5.7949      1.046    7.12187     5.7974    24.5363   12.77909 4.1740e+01 0.0000e+00
        168  40.499847    0.01160     0.6958     41.750      1.047  49950.002    31.1481     5.7962      1.037    7.12176     5.7982    24.5341   12.77894 4.2083e+01 0.0000e+00
        169  40.499850    0.01167     0.7000     42.000      1.037  49945.670    31.1454     5.7975      1.027    7.12167     5.7985    24.5318   12.77883 4.2129e+01 0.0000e+00
        170  40.499852    0.01174     0.7042     42.250      1.026  49942.794    31.1436     5.7983      1.017    7.12162     5.7984    24.5303   12.77876 4.2066e+01 0.0000e+00
        171  40.499855    0.01181     0.7083     42.500      1.016  49942.027    31.1431     5.7986      1.007    7.12160     5.7981    24.5299   12.77873 4.1929e+01 0.0000e+00
        172  40.499858    0.01188     0.7125     42.750      1.010  49943.063    31.1438     5.7985      1.000    7.12158     5.7979    24.5305   12.77869 4.1674e+01 0.0000e+00
        173  40.499861    0.01194     0.7167     43.000      1.008  49944.751    31.1449     5.7982      0.998    7.12158     5.7977    24.5314   12.77867 4.1441e+01 0.0000e+00
        174  40.499864    0.01201     0.7208     43.250      1.013  49945.725    31.1455     5.7980      1.003    7.12159     5.7976    24.5319   12.77869 4.1445e+01 0.0000e+00
        175  40.499867    0.01208     0.7250     43.500      1.023  49945.013    31.1450     5.7978      1.014    7.12164     5.7974    24.5315   12.77878 4.1580e+01 0.0000e+00
        176  40.499870    0.01215     0.7292     43.750      1.039  49942.769    31.1435     5.7977      1.030    7.12173     5.7969    24.5303   12.77895 4.1384e+01 0.0000e+00
        177  40.499873    0.01222     0.7333     44.000      1.058  49940.186    31.1416     5.7975      1.048    7.12185     5.7960    24.5288   12.77917 4.0783e+01 0.0000e+00
        178  40.499876    0.01229     0.7375     44.250      1.076  49938.435    31.1403     5.7970      1.066    7.12200     5.7946    24.5278   12.77943 4.0311e+01 0.0000e+00
        179  40.499878    0.01236     0.7417     44.500      1.091  49938.134    31.1399     5.7961      1.082    7.12218     5.7931    24.5276   12.77973 4.0297e+01 0.0000e+00
        180  40.499881    0.01243     0.7458     44.750      1.101  49939.310    31.1405     5.7947      1.091    7.12237     5.7917    24.5282   12.78005 4.0700e+01 0.0000e+00
