CTD-processing/allCTD/CNV--turbid/2016_10-13_t4_s02_cast151.cnv
* Sea-Bird SBE19plus Data File:
* FileName = P:\My Documents\kasitsna\Research-KBL\Oceanography-AK\CTD-Data-ALL-to-2016-05\2016-CTD-KachemakBay-CookInlet\2016-10-13-CookInlet-Tran4\2016-10-13-CookInlet-Tran4-cast151.hex
* Software Version 1.59
* Temperature SN =  5028
* Conductivity SN =  5028
* System UpLoad Time = Dec 06 2016 20:34:49
** Cook Inlet LTM Tran 4 Barabara south to north
** Date: (YYYY-MM-DD): 2016-10-13
** Station: (eg. 9-01): 4-02
** Start time (AKDT): 14:57
** Depth (m): 99.7
** Comment: R/V Edgecumbe
** Comment:
# nquan = 16
# nvalues = 913                         
# units = specified
# name 0 = scan: Scan Count
# name 1 = timeJ: Julian Days
# name 2 = timeH: Time, Elapsed [hours]
# name 3 = timeM: Time, Elapsed [minutes]
# name 4 = timeS: Time, Elapsed [seconds]
# name 5 = prdM: Pressure, Strain Gauge [db]
# name 6 = specc: Specific Conductance [uS/cm]
# name 7 = sal00: Salinity, Practical [PSU]
# name 8 = tv290C: Temperature [ITS-90, deg C]
# name 9 = depSM: Depth [salt water, m], lat = 59.00
# name 10 = oxsolML/L: Oxygen Saturation, Garcia & Gordon [ml/l]
# name 11 = potemp090C: Potential Temperature [ITS-90, deg C]
# name 12 = sigma-é00: Density [sigma-theta, kg/m^3]
# name 13 = n2satML/L: Nitrogen Saturation [ml/l]
# name 14 = par: PAR/Irradiance, Biospherical/Licor
# name 15 = flag:  0.000e+00
# span 0 =          1,        913       
# span 1 = 287.623657, 287.626296       
# span 2 =    0.00000,    0.06333       
# span 3 =     0.0000,     3.8000       
# span 4 =      0.000,    228.000       
# span 5 =     -0.257,     97.156       
# span 6 =   4918.505,  48232.088       
# span 7 =     2.9132,    30.6154       
# span 8 =    10.2170,    11.1018       
# span 9 =     -0.255,     96.225       
# span 10 =    6.40934,    7.72276      
# span 11 =    10.2607,    11.1018      
# span 12 =     1.9519,    23.4726      
# span 13 =   11.62649,   14.17173      
# span 14 = 5.3936e-02, 9.9135e+02      
# span 15 = 0.0000e+00, 0.0000e+00      
# interval = seconds: 0.25
# start_time = Oct 13 2016 14:58:04 [Instrument's time stamp, header]
# bad_flag = -9.990e-29
*END*
[from data line 452]
        453 287.624965    0.03139     1.8833    113.000      8.912  45875.449    29.0495    10.8533      8.828    6.43917    10.8536    22.1712   11.67462 3.6541e+01 0.0000e+00
        454 287.624968    0.03146     1.8875    113.250      9.094  45878.454    29.0515    10.8536      9.009    6.43904    10.8552    22.1727   11.67437 3.4511e+01 0.0000e+00
        455 287.624971    0.03153     1.8917    113.500      9.285  45880.885    29.0533    10.8546      9.198    6.43883    10.8570    22.1739   11.67400 3.2483e+01 0.0000e+00
        456 287.624974    0.03160     1.8958    113.750      9.485  45882.327    29.0543    10.8562      9.396    6.43856    10.8587    22.1745   11.67355 3.0608e+01 0.0000e+00
        457 287.624977    0.03167     1.9000    114.000      9.692  45882.779    29.0548    10.8580      9.602    6.43829    10.8603    22.1746   11.67310 2.8837e+01 0.0000e+00
        458 287.624980    0.03174     1.9042    114.250      9.902  45882.631    29.0548    10.8598      9.810    6.43804    10.8616    22.1743   11.67268 2.7130e+01 0.0000e+00
        459 287.624983    0.03181     1.9083    114.500     10.111  45882.426    29.0547    10.8614     10.017    6.43782    10.8627    22.1740   11.67232 2.5560e+01 0.0000e+00
        460 287.624986    0.03188     1.9125    114.750     10.317  45882.468    29.0548    10.8628     10.221    6.43763    10.8635    22.1738   11.67200 2.4218e+01 0.0000e+00
        461 287.624988    0.03194     1.9167    115.000     10.520  45882.405    29.0548    10.8639     10.422    6.43747    10.8639    22.1736   11.67174 2.3133e+01 0.0000e+00
        462 287.624991    0.03201     1.9208    115.250     10.723  45881.922    29.0545    10.8647     10.623    6.43737    10.8638    22.1732   11.67157 2.2233e+01 0.0000e+00
        463 287.624994    0.03208     1.9250    115.500     10.927  45881.650    29.0542    10.8651     10.825    6.43733    10.8634    22.1730   11.67150 2.1391e+01 0.0000e+00
        464 287.624997    0.03215     1.9292    115.750     11.133  45882.041    29.0544    10.8651     11.029    6.43733    10.8631    22.1732   11.67150 2.0497e+01 0.0000e+00
        465 287.625000    0.03222     1.9333    116.000     11.340  45882.974    29.0550    10.8648     11.234    6.43734    10.8629    22.1736   11.67152 1.9534e+01 0.0000e+00
        466 287.625003    0.03229     1.9375    116.250     11.547  45884.713    29.0561    10.8644     11.438    6.43735    10.8631    22.1745   11.67152 1.8569e+01 0.0000e+00
        467 287.625006    0.03236     1.9417    116.500     11.750  45887.510    29.0579    10.8642     11.640    6.43730    10.8641    22.1760   11.67142 1.7663e+01 0.0000e+00
        468 287.625009    0.03243     1.9458    116.750     11.949  45891.059    29.0604    10.8644     11.837    6.43716    10.8659    22.1779   11.67116 1.6827e+01 0.0000e+00
        469 287.625012    0.03250     1.9500    117.000     12.143  45895.416    29.0635    10.8654     12.029    6.43690    10.8687    22.1801   11.67069 1.6038e+01 0.0000e+00
        470 287.625014    0.03257     1.9542    117.250     12.335  45900.050    29.0668    10.8673     12.219    6.43651    10.8719    22.1824   11.66999 1.5278e+01 0.0000e+00
        471 287.625017    0.03264     1.9583    117.500     12.525  45902.961    29.0691    10.8701     12.407    6.43602    10.8751    22.1837   11.66916 1.4553e+01 0.0000e+00
        472 287.625020    0.03271     1.9625    117.750     12.714  45904.027    29.0701    10.8734     12.595    6.43553    10.8780    22.1840   11.66832 1.3874e+01 0.0000e+00
        473 287.625023    0.03278     1.9667    118.000     12.905  45904.878    29.0710    10.8766     12.784    6.43505    10.8807    22.1841   11.66752 1.3250e+01 0.0000e+00
        474 287.625026    0.03285     1.9708    118.250     13.097  45905.457    29.0716    10.8795     12.974    6.43461    10.8827    22.1841   11.66678 1.2692e+01 0.0000e+00
        475 287.625029    0.03292     1.9750    118.500     13.290  45905.091    29.0715    10.8822     13.165    6.43424    10.8840    22.1836   11.66617 1.2199e+01 0.0000e+00
        476 287.625032    0.03299     1.9792    118.750     13.484  45903.976    29.0709    10.8843     13.358    6.43397    10.8842    22.1828   11.66574 1.1743e+01 0.0000e+00
        477 287.625035    0.03306     1.9833    119.000     13.679  45902.782    29.0701    10.8855     13.551    6.43383    10.8834    22.1820   11.66551 1.1292e+01 0.0000e+00
        478 287.625038    0.03313     1.9875    119.250     13.875  45902.484    29.0699    10.8857     13.745    6.43382    10.8821    22.1817   11.66549 1.0838e+01 0.0000e+00
        479 287.625041    0.03319     1.9917    119.500     14.070  45903.584    29.0705    10.8850     13.938    6.43389    10.8805    22.1823   11.66561 1.0388e+01 0.0000e+00
        480 287.625043    0.03326     1.9958    119.750     14.262  45905.884    29.0719    10.8836     14.128    6.43402    10.8791    22.1837   11.66580 9.9481e+00 0.0000e+00
        481 287.625046    0.03333     2.0000    120.000     14.452  45909.162    29.0740    10.8821     14.317    6.43415    10.8779    22.1856   11.66599 9.5235e+00 0.0000e+00
        482 287.625049    0.03340     2.0042    120.250     14.639  45913.135    29.0766    10.8807     14.502    6.43424    10.8772    22.1878   11.66611 9.1209e+00 0.0000e+00
        483 287.625052    0.03347     2.0083    120.500     14.823  45917.210    29.0792    10.8796     14.684    6.43428    10.8767    22.1900   11.66615 8.7386e+00 0.0000e+00
        484 287.625055    0.03354     2.0125    120.750     15.006  45920.756    29.0816    10.8789     14.865    6.43429    10.8764    22.1920   11.66613 8.3701e+00 0.0000e+00
        485 287.625058    0.03361     2.0167    121.000     15.190  45923.267    29.0832    10.8785     15.048    6.43428    10.8759    22.1933   11.66609 8.0141e+00 0.0000e+00
        486 287.625061    0.03368     2.0208    121.250     15.378  45924.616    29.0840    10.8781     15.234    6.43429    10.8753    22.1940   11.66610 7.6754e+00 0.0000e+00
        487 287.625064    0.03375     2.0250    121.500     15.570  45925.164    29.0843    10.8777     15.423    6.43434    10.8744    22.1943   11.66618 7.3581e+00 0.0000e+00
        488 287.625067    0.03382     2.0292    121.750     15.764  45925.533    29.0844    10.8770     15.616    6.43442    10.8735    22.1945   11.66632 7.0610e+00 0.0000e+00
        489 287.625069    0.03389     2.0333    122.000     15.961  45926.141    29.0847    10.8762     15.811    6.43453    10.8726    22.1949   11.66649 6.7820e+00 0.0000e+00
        490 287.625072    0.03396     2.0375    122.250     16.159  45926.966    29.0851    10.8753     16.006    6.43464    10.8717    22.1953   11.66667 6.5202e+00 0.0000e+00
        491 287.625075    0.03403     2.0417    122.500     16.355  45928.035    29.0857    10.8744     16.201    6.43474    10.8708    22.1959   11.66683 6.2720e+00 0.0000e+00
        492 287.625078    0.03410     2.0458    122.750     16.550  45929.599    29.0866    10.8735     16.394    6.43483    10.8700    22.1968   11.66697 6.0332e+00 0.0000e+00
        493 287.625081    0.03417     2.0500    123.000     16.741  45931.872    29.0880    10.8726     16.584    6.43489    10.8692    22.1981   11.66706 5.8020e+00 0.0000e+00
        494 287.625084    0.03424     2.0542    123.250     16.928  45934.868    29.0899    10.8718     16.769    6.43493    10.8686    22.1998   11.66709 5.5768e+00 0.0000e+00
        495 287.625087    0.03431     2.0583    123.500     17.108  45938.581    29.0924    10.8711     16.948    6.43493    10.8683    22.2018   11.66707 5.3583e+00 0.0000e+00
        496 287.625090    0.03438     2.0625    123.750     17.284  45943.224    29.0956    10.8705     17.122    6.43488    10.8684    22.2043   11.66694 5.1507e+00 0.0000e+00
        497 287.625093    0.03444     2.0667    124.000     17.457  45948.939    29.0995    10.8703     17.293    6.43475    10.8687    22.2074   11.66669 4.9569e+00 0.0000e+00
        498 287.625095    0.03451     2.0708    124.250     17.627  45955.723    29.1041    10.8703     17.461    6.43456    10.8692    22.2110   11.66631 4.7755e+00 0.0000e+00
        499 287.625098    0.03458     2.0750    124.500     17.798  45963.859    29.1098    10.8707     17.631    6.43428    10.8698    22.2154   11.66577 4.6041e+00 0.0000e+00
        500 287.625101    0.03465     2.0792    124.750     17.974  45974.372    29.1172    10.8712     17.806    6.43390    10.8703    22.2210   11.66506 4.4415e+00 0.0000e+00
        501 287.625104    0.03472     2.0833    125.000     18.156  45988.633    29.1272    10.8718     17.986    6.43341    10.8705    22.2287   11.66412 4.2852e+00 0.0000e+00
        502 287.625107    0.03479     2.0875    125.250     18.347  46005.506    29.1390    10.8723     18.175    6.43285    10.8704    22.2378   11.66306 4.1305e+00 0.0000e+00
        503 287.625110    0.03486     2.0917    125.500     18.547  46020.965    29.1498    10.8726     18.373    6.43238    10.8700    22.2461   11.66214 3.9738e+00 0.0000e+00
        504 287.625113    0.03493     2.0958    125.750     18.758  46032.688    29.1579    10.8725     18.582    6.43206    10.8695    22.2525   11.66152 3.8142e+00 0.0000e+00
        505 287.625116    0.03500     2.1000    126.000     18.978  46041.315    29.1638    10.8721     18.800    6.43187    10.8689    22.2572   11.66113 3.6530e+00 0.0000e+00
        506 287.625119    0.03507     2.1042    126.250     19.203  46048.221    29.1685    10.8716     19.023    6.43174    10.8683    22.2609   11.66087 3.4944e+00 0.0000e+00
        507 287.625122    0.03514     2.1083    126.500     19.427  46054.542    29.1728    10.8711     19.245    6.43164    10.8677    22.2643   11.66064 3.3443e+00 0.0000e+00
        508 287.625124    0.03521     2.1125    126.750     19.645  46060.703    29.1770    10.8705     19.460    6.43155    10.8671    22.2677   11.66044 3.2069e+00 0.0000e+00
        509 287.625127    0.03528     2.1167    127.000     19.852  46066.313    29.1808    10.8699     19.665    6.43148    10.8665    22.2707   11.66028 3.0827e+00 0.0000e+00
        510 287.625130    0.03535     2.1208    127.250     20.050  46070.935    29.1839    10.8693     19.861    6.43143    10.8660    22.2733   11.66017 2.9696e+00 0.0000e+00
        511 287.625133    0.03542     2.1250    127.500     20.239  46074.750    29.1865    10.8688     20.049    6.43140    10.8656    22.2753   11.66009 2.8645e+00 0.0000e+00
        512 287.625136    0.03549     2.1292    127.750     20.424  46078.257    29.1888    10.8683     20.232    6.43137    10.8652    22.2772   11.66001 2.7630e+00 0.0000e+00
        513 287.625139    0.03556     2.1333    128.000     20.610  46082.046    29.1914    10.8679     20.416    6.43132    10.8647    22.2793   11.65990 2.6617e+00 0.0000e+00
        514 287.625142    0.03562     2.1375    128.250     20.799  46087.145    29.1948    10.8675     20.603    6.43124    10.8640    22.2820   11.65972 2.5604e+00 0.0000e+00
        515 287.625145    0.03569     2.1417    128.500     20.993  46094.102    29.1996    10.8670     20.795    6.43111    10.8632    22.2858   11.65945 2.4605e+00 0.0000e+00
        516 287.625148    0.03576     2.1458    128.750     21.189  46101.690    29.2047    10.8664     20.990    6.43098    10.8622    22.2899   11.65918 2.3643e+00 0.0000e+00
        517 287.625150    0.03583     2.1500    129.000     21.385  46108.415    29.2093    10.8656     21.184    6.43092    10.8612    22.2936   11.65901 2.2739e+00 0.0000e+00
        518 287.625153    0.03590     2.1542    129.250     21.578  46113.894    29.2130    10.8646     21.375    6.43090    10.8603    22.2966   11.65894 2.1899e+00 0.0000e+00
        519 287.625156    0.03597     2.1583    129.500     21.767  46118.252    29.2158    10.8636     21.562    6.43092    10.8594    22.2990   11.65894 2.1117e+00 0.0000e+00
        520 287.625159    0.03604     2.1625    129.750     21.952  46121.756    29.2181    10.8627     21.746    6.43095    10.8587    22.3010   11.65896 2.0376e+00 0.0000e+00
        521 287.625162    0.03611     2.1667    130.000     22.137  46124.622    29.2200    10.8619     21.929    6.43099    10.8579    22.3025   11.65900 1.9657e+00 0.0000e+00
        522 287.625165    0.03618     2.1708    130.250     22.325  46126.933    29.2214    10.8612     22.115    6.43103    10.8571    22.3038   11.65906 1.8948e+00 0.0000e+00
        523 287.625168    0.03625     2.1750    130.500     22.517  46128.780    29.2226    10.8604     22.305    6.43109    10.8563    22.3048   11.65913 1.8243e+00 0.0000e+00
        524 287.625171    0.03632     2.1792    130.750     22.716  46130.310    29.2235    10.8597     22.502    6.43115    10.8553    22.3057   11.65923 1.7538e+00 0.0000e+00
        525 287.625174    0.03639     2.1833    131.000     22.924  46131.650    29.2243    10.8588     22.708    6.43124    10.8543    22.3064   11.65936 1.6837e+00 0.0000e+00
        526 287.625177    0.03646     2.1875    131.250     23.138  46132.871    29.2249    10.8579     22.921    6.43134    10.8532    22.3071   11.65953 1.6148e+00 0.0000e+00
        527 287.625179    0.03653     2.1917    131.500     23.357  46133.997    29.2255    10.8569     23.138    6.43146    10.8521    22.3078   11.65972 1.5482e+00 0.0000e+00
        528 287.625182    0.03660     2.1958    131.750     23.575  46135.065    29.2261    10.8558     23.354    6.43159    10.8510    22.3084   11.65992 1.4855e+00 0.0000e+00
        529 287.625185    0.03667     2.2000    132.000     23.786  46136.143    29.2267    10.8547     23.562    6.43172    10.8501    22.3090   11.66013 1.4286e+00 0.0000e+00
        530 287.625188    0.03674     2.2042    132.250     23.983  46137.214    29.2272    10.8537     23.757    6.43184    10.8492    22.3096   11.66032 1.3786e+00 0.0000e+00
        531 287.625191    0.03681     2.2083    132.500     24.162  46138.139    29.2277    10.8528     23.935    6.43194    10.8483    22.3101   11.66050 1.3350e+00 0.0000e+00
        532 287.625194    0.03687     2.2125    132.750     24.326  46138.910    29.2281    10.8519     24.097    6.43204    10.8475    22.3106   11.66066 1.2967e+00 0.0000e+00
        533 287.625197    0.03694     2.2167    133.000     24.479  46139.807    29.2286    10.8511     24.249    6.43215    10.8468    22.3111   11.66082 1.2614e+00 0.0000e+00
        534 287.625200    0.03701     2.2208    133.250     24.629  46140.922    29.2292    10.8502     24.397    6.43224    10.8464    22.3117   11.66097 1.2263e+00 0.0000e+00
        535 287.625203    0.03708     2.2250    133.500     24.784  46141.995    29.2298    10.8496     24.551    6.43231    10.8462    22.3123   11.66107 1.1897e+00 0.0000e+00
        536 287.625205    0.03715     2.2292    133.750     24.950  46142.755    29.2303    10.8492     24.715    6.43234    10.8458    22.3127   11.66113 1.1509e+00 0.0000e+00
        537 287.625208    0.03722     2.2333    134.000     25.129  46143.147    29.2304    10.8490     24.892    6.43236    10.8450    22.3129   11.66116 1.1106e+00 0.0000e+00
        538 287.625211    0.03729     2.2375    134.250     25.321  46143.501    29.2306    10.8486     25.082    6.43241    10.8436    22.3131   11.66123 1.0698e+00 0.0000e+00
        539 287.625214    0.03736     2.2417    134.500     25.524  46144.281    29.2310    10.8478     25.283    6.43250    10.8414    22.3135   11.66138 1.0295e+00 0.0000e+00
        540 287.625217    0.03743     2.2458    134.750     25.737  46145.859    29.2318    10.8465     25.494    6.43265    10.8385    22.3144   11.66162 9.8984e-01 0.0000e+00
        541 287.625220    0.03750     2.2500    135.000     25.956  46148.622    29.2335    10.8443     25.711    6.43289    10.8353    22.3160   11.66199 9.5093e-01 0.0000e+00
        542 287.625223    0.03757     2.2542    135.250     26.179  46152.634    29.2359    10.8414     25.933    6.43319    10.8325    22.3184   11.66247 9.1302e-01 0.0000e+00
