CTD-processing/allCTD/CNV--turbid/2016_08-29_t3_s03_cast050.cnv
* Sea-Bird SBE19plus Data File:
* FileName = C:\Users\Kim.Powell\Desktop\2016_08-29_T3_5028\2016_08-29_T3_5028_cast050.hex
* Software Version 1.59
* Temperature SN =  5028
* Conductivity SN =  5028
* System UpLoad Time = Aug 29 2016 21:33:20
** CookInlet LTM Transect 3
** 2016_08-29
** Station: 3-03
** Start Time: 08:47
** Depth (m): 27
** Comment:
** Comment:
# nquan = 16
# nvalues = 446                         
# units = specified
# name 0 = scan: Scan Count
# name 1 = timeJ: Julian Days
# name 2 = timeH: Time, Elapsed [hours]
# name 3 = timeM: Time, Elapsed [minutes]
# name 4 = timeS: Time, Elapsed [seconds]
# name 5 = prdM: Pressure, Strain Gauge [db]
# name 6 = specc: Specific Conductance [uS/cm]
# name 7 = sal00: Salinity, Practical [PSU]
# name 8 = tv290C: Temperature [ITS-90, deg C]
# name 9 = depSM: Depth [salt water, m], lat = 59.00
# name 10 = oxsolML/L: Oxygen Saturation, Garcia & Gordon [ml/l]
# name 11 = potemp090C: Potential Temperature [ITS-90, deg C]
# name 12 = sigma-é00: Density [sigma-theta, kg/m^3]
# name 13 = n2satML/L: Nitrogen Saturation [ml/l]
# name 14 = par: PAR/Irradiance, Biospherical/Licor
# name 15 = flag:  0.000e+00
# span 0 =          1,        446       
# span 1 = 242.366030, 242.367318       
# span 2 =    0.00000,    0.03090       
# span 3 =     0.0000,     1.8542       
# span 4 =      0.000,    111.250       
# span 5 =     -0.008,     26.077       
# span 6 =    283.451,  44505.097       
# span 7 =     0.1347,    28.2558       
# span 8 =    12.7295,    13.7011       
# span 9 =     -0.008,     25.831       
# span 10 =    6.18059,    7.29610      
# span 11 =    12.7262,    13.7010      
# span 12 =    -0.5723,    21.2258      
# span 13 =   11.27757,   13.48530      
# span 14 = 5.8444e-02, 1.0584e+02      
# span 15 = 0.0000e+00, 0.0000e+00      
# interval = seconds: 0.25
# start_time = Aug 29 2016 08:47:05 [Instrument's time stamp, header]
# bad_flag = -9.990e-29
*END*
[from data line 181]
        182 242.366554    0.01257     0.7542     45.250      0.832  41339.806    26.1134    13.6342      0.825    6.18327    13.6292    19.4019   11.28373 3.5608e+01 0.0000e+00
        183 242.366557    0.01264     0.7583     45.500      0.835  41350.321    26.1206    13.6317      0.827    6.18331    13.6270    19.4079   11.28372 3.5511e+01 0.0000e+00
        184 242.366560    0.01271     0.7625     45.750      0.839  41360.375    26.1275    13.6293      0.831    6.18335    13.6253    19.4136   11.28372 3.5323e+01 0.0000e+00
        185 242.366562    0.01278     0.7667     46.000      0.844  41368.412    26.1329    13.6272      0.836    6.18342    13.6240    19.4183   11.28376 3.5192e+01 0.0000e+00
        186 242.366565    0.01285     0.7708     46.250      0.847  41374.137    26.1368    13.6254      0.840    6.18349    13.6229    19.4216   11.28384 3.4961e+01 0.0000e+00
        187 242.366568    0.01292     0.7750     46.500      0.850  41378.054    26.1395    13.6241      0.842    6.18356    13.6220    19.4239   11.28392 3.4797e+01 0.0000e+00
        188 242.366571    0.01299     0.7792     46.750      0.850  41380.881    26.1414    13.6230      0.843    6.18363    13.6211    19.4255   11.28400 3.4822e+01 0.0000e+00
        189 242.366574    0.01306     0.7833     47.000      0.849  41383.303    26.1430    13.6221      0.841    6.18369    13.6202    19.4270   11.28408 3.4822e+01 0.0000e+00
        190 242.366577    0.01313     0.7875     47.250      0.848  41385.780    26.1447    13.6213      0.840    6.18373    13.6191    19.4284   11.28414 3.4832e+01 0.0000e+00
        191 242.366580    0.01319     0.7917     47.500      0.846  41388.515    26.1465    13.6204      0.838    6.18378    13.6175    19.4300   11.28419 3.4939e+01 0.0000e+00
        192 242.366583    0.01326     0.7958     47.750      0.845  41391.601    26.1486    13.6192      0.837    6.18385    13.6155    19.4318   11.28428 3.4972e+01 0.0000e+00
        193 242.366586    0.01333     0.8000     48.000      0.845  41395.229    26.1510    13.6176      0.837    6.18396    13.6133    19.4340   11.28444 3.4941e+01 0.0000e+00
        194 242.366589    0.01340     0.8042     48.250      0.845  41399.546    26.1539    13.6156      0.837    6.18410    13.6111    19.4366   11.28465 3.4940e+01 0.0000e+00
        195 242.366591    0.01347     0.8083     48.500      0.845  41404.423    26.1572    13.6134      0.837    6.18426    13.6091    19.4396   11.28487 3.4937e+01 0.0000e+00
        196 242.366594    0.01354     0.8125     48.750      0.844  41409.576    26.1606    13.6112      0.836    6.18441    13.6074    19.4426   11.28507 3.5066e+01 0.0000e+00
        197 242.366597    0.01361     0.8167     49.000      0.843  41414.850    26.1642    13.6092      0.835    6.18452    13.6059    19.4457   11.28523 3.5178e+01 0.0000e+00
        198 242.366600    0.01368     0.8208     49.250      0.842  41420.169    26.1678    13.6075      0.834    6.18461    13.6046    19.4488   11.28533 3.5118e+01 0.0000e+00
        199 242.366603    0.01375     0.8250     49.500      0.840  41425.426    26.1714    13.6060      0.832    6.18466    13.6035    19.4519   11.28538 3.5112e+01 0.0000e+00
        200 242.366606    0.01382     0.8292     49.750      0.838  41430.727    26.1750    13.6047      0.830    6.18469    13.6027    19.4549   11.28537 3.5104e+01 0.0000e+00
        201 242.366609    0.01389     0.8333     50.000      0.836  41436.096    26.1786    13.6036      0.828    6.18469    13.6020    19.4579   11.28533 3.5009e+01 0.0000e+00
        202 242.366612    0.01396     0.8375     50.250      0.836  41440.899    26.1819    13.6028      0.828    6.18467    13.6015    19.4606   11.28527 3.4965e+01 0.0000e+00
        203 242.366615    0.01403     0.8417     50.500      0.838  41444.427    26.1843    13.6021      0.830    6.18466    13.6010    19.4626   11.28523 3.4874e+01 0.0000e+00
        204 242.366617    0.01410     0.8458     50.750      0.840  41446.659    26.1859    13.6016      0.832    6.18467    13.6002    19.4639   11.28522 3.4765e+01 0.0000e+00
        205 242.366620    0.01417     0.8500     51.000      0.843  41448.130    26.1869    13.6011      0.835    6.18470    13.5992    19.4647   11.28526 3.4867e+01 0.0000e+00
        206 242.366623    0.01424     0.8542     51.250      0.848  41449.508    26.1878    13.6003      0.840    6.18476    13.5980    19.4656   11.28535 3.4990e+01 0.0000e+00
        207 242.366626    0.01431     0.8583     51.500      0.852  41451.219    26.1889    13.5993      0.844    6.18485    13.5970    19.4667   11.28549 3.4943e+01 0.0000e+00
        208 242.366629    0.01438     0.8625     51.750      0.854  41453.260    26.1902    13.5981      0.846    6.18495    13.5965    19.4679   11.28564 3.4896e+01 0.0000e+00
        209 242.366632    0.01444     0.8667     52.000      0.854  41455.313    26.1916    13.5971      0.846    6.18502    13.5965    19.4692   11.28575 3.4878e+01 0.0000e+00
        210 242.366635    0.01451     0.8708     52.250      0.852  41456.907    26.1927    13.5966      0.844    6.18505    13.5973    19.4701   11.28578 3.4821e+01 0.0000e+00
        211 242.366638    0.01458     0.8750     52.500      0.848  41457.660    26.1932    13.5966      0.840    6.18502    13.5988    19.4705   11.28572 3.4734e+01 0.0000e+00
        212 242.366641    0.01465     0.8792     52.750      0.843  41457.397    26.1931    13.5974      0.835    6.18493    13.6012    19.4702   11.28557 3.4647e+01 0.0000e+00
        213 242.366644    0.01472     0.8833     53.000      0.838  41455.707    26.1920    13.5989      0.830    6.18478    13.6045    19.4691   11.28533 3.4669e+01 0.0000e+00
        214 242.366646    0.01479     0.8875     53.250      0.835  41451.592    26.1893    13.6013      0.827    6.18458    13.6087    19.4666   11.28503 3.4552e+01 0.0000e+00
        215 242.366649    0.01486     0.8917     53.500      0.834  41443.967    26.1842    13.6046      0.826    6.18435    13.6132    19.4621   11.28470 3.4298e+01 0.0000e+00
        216 242.366652    0.01493     0.8958     53.750      0.836  41432.765    26.1766    13.6088      0.828    6.18411    13.6176    19.4555   11.28439 3.4485e+01 0.0000e+00
        217 242.366655    0.01500     0.9000     54.000      0.841  41419.664    26.1678    13.6133      0.833    6.18386    13.6215    19.4478   11.28409 3.4864e+01 0.0000e+00
        218 242.366658    0.01507     0.9042     54.250      0.846  41407.185    26.1593    13.6177      0.838    6.18362    13.6247    19.4404   11.28378 3.4927e+01 0.0000e+00
        219 242.366661    0.01514     0.9083     54.500      0.851  41396.915    26.1524    13.6216      0.843    6.18338    13.6272    19.4344   11.28346 3.4835e+01 0.0000e+00
        220 242.366664    0.01521     0.9125     54.750      0.854  41389.002    26.1471    13.6248      0.846    6.18317    13.6291    19.4297   11.28318 3.4819e+01 0.0000e+00
        221 242.366667    0.01528     0.9167     55.000      0.854  41382.847    26.1430    13.6273      0.846    6.18301    13.6305    19.4260   11.28297 3.4873e+01 0.0000e+00
        222 242.366670    0.01535     0.9208     55.250      0.850  41377.697    26.1396    13.6292      0.842    6.18290    13.6316    19.4230   11.28282 3.4888e+01 0.0000e+00
        223 242.366672    0.01542     0.9250     55.500      0.845  41372.932    26.1363    13.6306      0.837    6.18284    13.6323    19.4202   11.28276 3.4862e+01 0.0000e+00
        224 242.366675    0.01549     0.9292     55.750      0.840  41368.257    26.1331    13.6317      0.832    6.18283    13.6327    19.4175   11.28277 3.4916e+01 0.0000e+00
        225 242.366678    0.01556     0.9333     56.000      0.835  41364.012    26.1302    13.6324      0.827    6.18284    13.6326    19.4152   11.28283 3.5133e+01 0.0000e+00
        226 242.366681    0.01563     0.9375     56.250      0.834  41361.195    26.1283    13.6328      0.826    6.18287    13.6320    19.4136   11.28290 3.5411e+01 0.0000e+00
        227 242.366684    0.01569     0.9417     56.500      0.836  41360.587    26.1279    13.6327      0.828    6.18290    13.6311    19.4133   11.28295 3.5404e+01 0.0000e+00
        228 242.366687    0.01576     0.9458     56.750      0.843  41361.912    26.1287    13.6321      0.835    6.18294    13.6299    19.4141   11.28300 3.5096e+01 0.0000e+00
        229 242.366690    0.01583     0.9500     57.000      0.851  41364.146    26.1302    13.6312      0.843    6.18300    13.6286    19.4154   11.28309 3.5075e+01 0.0000e+00
        230 242.366693    0.01590     0.9542     57.250      0.860  41366.400    26.1317    13.6300      0.852    6.18310    13.6275    19.4168   11.28324 3.5298e+01 0.0000e+00
        231 242.366696    0.01597     0.9583     57.500      0.865  41368.274    26.1329    13.6288      0.857    6.18321    13.6267    19.4180   11.28341 3.5307e+01 0.0000e+00
        232 242.366698    0.01604     0.9625     57.750      0.865  41369.824    26.1339    13.6277      0.856    6.18332    13.6261    19.4190   11.28357 3.5189e+01 0.0000e+00
        233 242.366701    0.01611     0.9667     58.000      0.859  41371.459    26.1350    13.6268      0.851    6.18339    13.6256    19.4200   11.28368 3.5200e+01 0.0000e+00
        234 242.366704    0.01618     0.9708     58.250      0.849  41373.597    26.1365    13.6262      0.841    6.18341    13.6254    19.4212   11.28370 3.5298e+01 0.0000e+00
        235 242.366707    0.01625     0.9750     58.500      0.839  41376.224    26.1383    13.6257      0.831    6.18340    13.6256    19.4227   11.28365 3.5297e+01 0.0000e+00
        236 242.366710    0.01632     0.9792     58.750      0.831  41378.711    26.1400    13.6255      0.822    6.18335    13.6263    19.4240   11.28356 3.5296e+01 0.0000e+00
        237 242.366713    0.01639     0.9833     59.000      0.826  41380.020    26.1409    13.6257      0.818    6.18329    13.6274    19.4247   11.28344 3.5409e+01 0.0000e+00
        238 242.366716    0.01646     0.9875     59.250      0.826  41379.293    26.1405    13.6264      0.818    6.18322    13.6285    19.4242   11.28333 3.5565e+01 0.0000e+00
        239 242.366719    0.01653     0.9917     59.500      0.830  41376.735    26.1388    13.6275      0.822    6.18314    13.6293    19.4227   11.28323 3.5577e+01 0.0000e+00
        240 242.366722    0.01660     0.9958     59.750      0.836  41373.612    26.1367    13.6286      0.828    6.18308    13.6295    19.4209   11.28315 3.5522e+01 0.0000e+00
        241 242.366725    0.01667     1.0000     60.000      0.842  41371.111    26.1350    13.6294      0.834    6.18305    13.6290    19.4194   11.28312 3.5547e+01 0.0000e+00
        242 242.366727    0.01674     1.0042     60.250      0.849  41369.792    26.1341    13.6296      0.841    6.18306    13.6279    19.4187   11.28314 3.5514e+01 0.0000e+00
        243 242.366730    0.01681     1.0083     60.500      0.853  41369.949    26.1341    13.6291      0.845    6.18312    13.6262    19.4188   11.28324 3.5448e+01 0.0000e+00
        244 242.366733    0.01688     1.0125     60.750      0.856  41371.781    26.1353    13.6280      0.848    6.18322    13.6241    19.4200   11.28339 3.5385e+01 0.0000e+00
        245 242.366736    0.01694     1.0167     61.000      0.856  41375.327    26.1377    13.6263      0.848    6.18334    13.6217    19.4221   11.28358 3.5167e+01 0.0000e+00
        246 242.366739    0.01701     1.0208     61.250      0.855  41380.526    26.1412    13.6242      0.847    6.18348    13.6193    19.4252   11.28377 3.4942e+01 0.0000e+00
        247 242.366742    0.01708     1.0250     61.500      0.851  41387.302    26.1457    13.6218      0.844    6.18360    13.6167    19.4292   11.28392 3.5102e+01 0.0000e+00
        248 242.366745    0.01715     1.0292     61.750      0.847  41395.576    26.1514    13.6194      0.840    6.18370    13.6140    19.4340   11.28402 3.5489e+01 0.0000e+00
        249 242.366748    0.01722     1.0333     62.000      0.843  41405.215    26.1579    13.6168      0.836    6.18378    13.6112    19.4395   11.28407 3.5657e+01 0.0000e+00
        250 242.366751    0.01729     1.0375     62.250      0.840  41416.110    26.1654    13.6141      0.833    6.18385    13.6084    19.4457   11.28410 3.5435e+01 0.0000e+00
        251 242.366753    0.01736     1.0417     62.500      0.839  41428.012    26.1735    13.6113      0.831    6.18390    13.6060    19.4525   11.28409 3.5154e+01 0.0000e+00
        252 242.366756    0.01743     1.0458     62.750      0.840  41440.047    26.1817    13.6086      0.832    6.18394    13.6041    19.4594   11.28406 3.5121e+01 0.0000e+00
        253 242.366759    0.01750     1.0500     63.000      0.843  41450.821    26.1890    13.6061      0.835    6.18397    13.6029    19.4655   11.28402 3.5060e+01 0.0000e+00
        254 242.366762    0.01757     1.0542     63.250      0.847  41459.201    26.1948    13.6043      0.839    6.18399    13.6024    19.4703   11.28399 3.4871e+01 0.0000e+00
        255 242.366765    0.01764     1.0583     63.500      0.851  41464.810    26.1986    13.6031      0.843    6.18399    13.6023    19.4735   11.28395 3.4612e+01 0.0000e+00
        256 242.366768    0.01771     1.0625     63.750      0.853  41467.913    26.2007    13.6026      0.845    6.18398    13.6025    19.4752   11.28390 3.4548e+01 0.0000e+00
        257 242.366771    0.01778     1.0667     64.000      0.853  41469.037    26.2015    13.6025      0.845    6.18396    13.6029    19.4758   11.28385 3.4711e+01 0.0000e+00
        258 242.366774    0.01785     1.0708     64.250      0.852  41468.674    26.2013    13.6027      0.844    6.18394    13.6035    19.4756   11.28383 3.4633e+01 0.0000e+00
        259 242.366777    0.01792     1.0750     64.500      0.850  41467.245    26.2003    13.6031      0.842    6.18393    13.6041    19.4748   11.28382 3.4465e+01 0.0000e+00
        260 242.366780    0.01799     1.0792     64.750      0.847  41465.175    26.1989    13.6036      0.840    6.18391    13.6050    19.4736   11.28381 3.4519e+01 0.0000e+00
        261 242.366782    0.01806     1.0833     65.000      0.845  41462.813    26.1973    13.6043      0.838    6.18388    13.6062    19.4722   11.28378 3.4757e+01 0.0000e+00
        262 242.366785    0.01812     1.0875     65.250      0.844  41460.174    26.1956    13.6051      0.837    6.18384    13.6075    19.4707   11.28373 3.5097e+01 0.0000e+00
        263 242.366788    0.01819     1.0917     65.500      0.845  41457.081    26.1935    13.6063      0.837    6.18378    13.6089    19.4688   11.28365 3.5367e+01 0.0000e+00
        264 242.366791    0.01826     1.0958     65.750      0.847  41453.493    26.1910    13.6076      0.839    6.18370    13.6102    19.4667   11.28355 3.5520e+01 0.0000e+00
        265 242.366794    0.01833     1.1000     66.000      0.849  41449.530    26.1884    13.6090      0.841    6.18363    13.6115    19.4644   11.28345 3.5513e+01 0.0000e+00
        266 242.366797    0.01840     1.1042     66.250      0.850  41445.388    26.1856    13.6103      0.842    6.18356    13.6127    19.4620   11.28337 3.5393e+01 0.0000e+00
        267 242.366800    0.01847     1.1083     66.500      0.850  41441.161    26.1827    13.6116      0.842    6.18351    13.6139    19.4596   11.28332 3.5311e+01 0.0000e+00
        268 242.366803    0.01854     1.1125     66.750      0.849  41436.847    26.1798    13.6128      0.841    6.18347    13.6152    19.4571   11.28329 3.5167e+01 0.0000e+00
        269 242.366806    0.01861     1.1167     67.000      0.848  41432.551    26.1769    13.6140      0.840    6.18343    13.6165    19.4546   11.28326 3.5061e+01 0.0000e+00
        270 242.366808    0.01868     1.1208     67.250      0.847  41428.464    26.1741    13.6153      0.839    6.18337    13.6180    19.4522   11.28320 3.5138e+01 0.0000e+00
        271 242.366811    0.01875     1.1250     67.500      0.847  41424.598    26.1715    13.6166      0.839    6.18330    13.6193    19.4499   11.28310 3.5209e+01 0.0000e+00
