CTD-processing/allCTD/CNV--turbid/2016_08-31_t6_s14_cast103.cnv
* Sea-Bird SBE19plus Data File:
* FileName = C:\Users\Kim.Powell\Desktop\2016_08-31_T6_5028\2016_08-31_T6_5028_cast103.hex
* Software Version 1.59
* Temperature SN =  5028
* Conductivity SN =  5028
* System UpLoad Time = Aug 31 2016 22:06:45
** CookInlet LTM Transect 7
** 2016_08-30
** Station: 6-14
** Start Time: 13:50
** Depth (m): 138.1
** Comment:
** Comment:
# nquan = 16
# nvalues = 928                         
# units = specified
# name 0 = scan: Scan Count
# name 1 = timeJ: Julian Days
# name 2 = timeH: Time, Elapsed [hours]
# name 3 = timeM: Time, Elapsed [minutes]
# name 4 = timeS: Time, Elapsed [seconds]
# name 5 = prdM: Pressure, Strain Gauge [db]
# name 6 = specc: Specific Conductance [uS/cm]
# name 7 = sal00: Salinity, Practical [PSU]
# name 8 = tv290C: Temperature [ITS-90, deg C]
# name 9 = depSM: Depth [salt water, m], lat = 59.00
# name 10 = oxsolML/L: Oxygen Saturation, Garcia & Gordon [ml/l]
# name 11 = potemp090C: Potential Temperature [ITS-90, deg C]
# name 12 = sigma-é00: Density [sigma-theta, kg/m^3]
# name 13 = n2satML/L: Nitrogen Saturation [ml/l]
# name 14 = par: PAR/Irradiance, Biospherical/Licor
# name 15 = flag:  0.000e+00
# span 0 =          1,        928       
# span 1 = 244.577106, 244.579789       
# span 2 =    0.00000,    0.06438       
# span 3 =     0.0000,     3.8625       
# span 4 =      0.000,    231.750       
# span 5 =     -0.068,    127.506       
# span 6 =    154.671,  51253.729       
# span 7 =     0.0742,    32.2953       
# span 8 =     7.4273,    14.6277       
# span 9 =     -0.067,    126.275       
# span 10 =    6.04301,    7.11015      
# span 11 =     7.4155,    14.6277      
# span 12 =    -0.7859,    25.2326      
# span 13 =   11.01357,   13.17038      
# span 14 = 7.6030e-02, 9.2142e+02      
# span 15 = 0.0000e+00, 0.0000e+00      
# interval = seconds: 0.25
# start_time = Aug 31 2016 13:51:02 [Instrument's time stamp, header]
# bad_flag = -9.990e-29
*END*
[from data line 814]
        815 244.579462    0.05653     3.3917    203.500    108.480  50623.839    31.9919     8.2009    107.438    6.69997     8.1538    24.8847   12.07109 7.8231e-02 0.0000e+00
        816 244.579465    0.05660     3.3958    203.750    108.719  50648.612    32.0059     8.1808    107.675    6.70239     8.1412    24.8986   12.07492 7.8192e-02 0.0000e+00
        817 244.579468    0.05667     3.4000    204.000    108.964  50669.630    32.0179     8.1644    107.917    6.70435     8.1318    24.9104   12.07802 7.8156e-02 0.0000e+00
        818 244.579470    0.05674     3.4042    204.250    109.211  50685.811    32.0272     8.1518    108.161    6.70585     8.1244    24.9195   12.08038 7.8125e-02 0.0000e+00
        819 244.579473    0.05681     3.4083    204.500    109.458  50697.847    32.0340     8.1424    108.406    6.70698     8.1183    24.9262   12.08217 7.8100e-02 0.0000e+00
        820 244.579476    0.05688     3.4125    204.750    109.703  50706.939    32.0391     8.1350    108.648    6.70788     8.1131    24.9313   12.08359 7.8079e-02 0.0000e+00
        821 244.579479    0.05694     3.4167    205.000    109.943  50714.191    32.0431     8.1289    108.886    6.70862     8.1087    24.9353   12.08477 7.8059e-02 0.0000e+00
        822 244.579482    0.05701     3.4208    205.250    110.176  50720.238    32.0464     8.1238    109.118    6.70926     8.1048    24.9387   12.08579 7.8043e-02 0.0000e+00
        823 244.579485    0.05708     3.4250    205.500    110.403  50725.256    32.0491     8.1193    109.342    6.70981     8.1014    24.9414   12.08667 7.8021e-02 0.0000e+00
        824 244.579488    0.05715     3.4292    205.750    110.622  50729.222    32.0512     8.1155    109.559    6.71030     8.0982    24.9436   12.08745 7.7991e-02 0.0000e+00
        825 244.579491    0.05722     3.4333    206.000    110.835  50732.289    32.0527     8.1121    109.770    6.71075     8.0949    24.9453   12.08818 7.7965e-02 0.0000e+00
        826 244.579494    0.05729     3.4375    206.250    111.044  50734.828    32.0538     8.1089    109.976    6.71120     8.0914    24.9467   12.08889 7.7942e-02 0.0000e+00
        827 244.579497    0.05736     3.4417    206.500    111.249  50737.106    32.0548     8.1056    110.179    6.71165     8.0876    24.9479   12.08963 7.7909e-02 0.0000e+00
        828 244.579499    0.05743     3.4458    206.750    111.453  50739.401    32.0557     8.1021    110.381    6.71213     8.0837    24.9492   12.09042 7.7877e-02 0.0000e+00
        829 244.579502    0.05750     3.4500    207.000    111.655  50741.916    32.0568     8.0984    110.581    6.71264     8.0794    24.9506   12.09125 7.7858e-02 0.0000e+00
        830 244.579505    0.05757     3.4542    207.250    111.856  50744.447    32.0579     8.0945    110.780    6.71320     8.0747    24.9519   12.09215 7.7845e-02 0.0000e+00
        831 244.579508    0.05764     3.4583    207.500    112.057  50746.914    32.0588     8.0902    110.979    6.71380     8.0695    24.9533   12.09314 7.7826e-02 0.0000e+00
        832 244.579511    0.05771     3.4625    207.750    112.259  50749.815    32.0600     8.0855    111.179    6.71446     8.0641    24.9549   12.09422 7.7805e-02 0.0000e+00
        833 244.579514    0.05778     3.4667    208.000    112.462  50753.582    32.0617     8.0804    111.380    6.71517     8.0588    24.9570   12.09537 7.7790e-02 0.0000e+00
        834 244.579517    0.05785     3.4708    208.250    112.668  50758.033    32.0639     8.0750    111.584    6.71589     8.0537    24.9595   12.09654 7.7772e-02 0.0000e+00
        835 244.579520    0.05792     3.4750    208.500    112.875  50762.644    32.0662     8.0697    111.789    6.71660     8.0491    24.9620   12.09768 7.7742e-02 0.0000e+00
        836 244.579523    0.05799     3.4792    208.750    113.084  50767.153    32.0684     8.0647    111.996    6.71726     8.0448    24.9645   12.09875 7.7714e-02 0.0000e+00
        837 244.579525    0.05806     3.4833    209.000    113.295  50771.500    32.0706     8.0600    112.205    6.71787     8.0410    24.9669   12.09974 7.7690e-02 0.0000e+00
        838 244.579528    0.05813     3.4875    209.250    113.507  50775.393    32.0726     8.0558    112.415    6.71843     8.0376    24.9690   12.10063 7.7662e-02 0.0000e+00
        839 244.579531    0.05819     3.4917    209.500    113.721  50778.631    32.0741     8.0520    112.627    6.71893     8.0342    24.9708   12.10144 7.7633e-02 0.0000e+00
        840 244.579534    0.05826     3.4958    209.750    113.935  50781.414    32.0754     8.0486    112.839    6.71940     8.0309    24.9723   12.10220 7.7611e-02 0.0000e+00
        841 244.579537    0.05833     3.5000    210.000    114.150  50783.999    32.0766     8.0452    113.052    6.71986     8.0275    24.9737   12.10294 7.7596e-02 0.0000e+00
        842 244.579540    0.05840     3.5042    210.250    114.362  50786.592    32.0778     8.0419    113.262    6.72032     8.0243    24.9751   12.10368 7.7577e-02 0.0000e+00
        843 244.579543    0.05847     3.5083    210.500    114.572  50789.366    32.0791     8.0386    113.470    6.72077     8.0213    24.9766   12.10441 7.7554e-02 0.0000e+00
        844 244.579546    0.05854     3.5125    210.750    114.780  50792.194    32.0805     8.0354    113.676    6.72119     8.0185    24.9782   12.10510 7.7530e-02 0.0000e+00
        845 244.579549    0.05861     3.5167    211.000    114.987  50794.782    32.0817     8.0324    113.881    6.72159     8.0158    24.9795   12.10574 7.7505e-02 0.0000e+00
        846 244.579552    0.05868     3.5208    211.250    115.194  50796.901    32.0826     8.0296    114.085    6.72196     8.0130    24.9807   12.10635 7.7481e-02 0.0000e+00
        847 244.579554    0.05875     3.5250    211.500    115.400  50798.724    32.0834     8.0270    114.289    6.72234     8.0102    24.9817   12.10696 7.7456e-02 0.0000e+00
        848 244.579557    0.05882     3.5292    211.750    115.605  50800.837    32.0843     8.0242    114.492    6.72272     8.0076    24.9828   12.10758 7.7431e-02 0.0000e+00
        849 244.579560    0.05889     3.5333    212.000    115.809  50803.476    32.0856     8.0214    114.694    6.72309     8.0053    24.9842   12.10817 7.7404e-02 0.0000e+00
        850 244.579563    0.05896     3.5375    212.250    116.011  50806.225    32.0870     8.0188    114.894    6.72342     8.0034    24.9857   12.10871 7.7379e-02 0.0000e+00
        851 244.579566    0.05903     3.5417    212.500    116.211  50808.513    32.0882     8.0165    115.092    6.72371     8.0016    24.9870   12.10918 7.7368e-02 0.0000e+00
        852 244.579569    0.05910     3.5458    212.750    116.409  50810.161    32.0890     8.0146    115.288    6.72397     7.9999    24.9878   12.10959 7.7366e-02 0.0000e+00
        853 244.579572    0.05917     3.5500    213.000    116.606  50811.474    32.0895     8.0129    115.483    6.72421     7.9980    24.9885   12.10998 7.7355e-02 0.0000e+00
        854 244.579575    0.05924     3.5542    213.250    116.802  50812.805    32.0901     8.0111    115.677    6.72445     7.9962    24.9892   12.11038 7.7337e-02 0.0000e+00
        855 244.579578    0.05931     3.5583    213.500    116.995  50814.120    32.0906     8.0093    115.869    6.72470     7.9941    24.9899   12.11079 7.7326e-02 0.0000e+00
        856 244.579580    0.05937     3.5625    213.750    117.186  50815.185    32.0910     8.0074    116.058    6.72497     7.9916    24.9904   12.11124 7.7320e-02 0.0000e+00
        857 244.579583    0.05944     3.5667    214.000    117.375  50816.294    32.0913     8.0053    116.244    6.72528     7.9890    24.9910   12.11173 7.7304e-02 0.0000e+00
        858 244.579586    0.05951     3.5708    214.250    117.562  50818.074    32.0921     8.0029    116.429    6.72561     7.9866    24.9920   12.11227 7.7280e-02 0.0000e+00
        859 244.579589    0.05958     3.5750    214.500    117.748  50820.349    32.0931     8.0004    116.614    6.72595     7.9843    24.9932   12.11282 7.7260e-02 0.0000e+00
        860 244.579592    0.05965     3.5792    214.750    117.933  50822.538    32.0942     7.9979    116.797    6.72628     7.9821    24.9944   12.11335 7.7242e-02 0.0000e+00
        861 244.579595    0.05972     3.5833    215.000    118.115  50824.560    32.0951     7.9956    116.978    6.72658     7.9801    24.9955   12.11384 7.7213e-02 0.0000e+00
        862 244.579598    0.05979     3.5875    215.250    118.294  50826.468    32.0960     7.9935    117.155    6.72687     7.9780    24.9965   12.11430 7.7181e-02 0.0000e+00
        863 244.579601    0.05986     3.5917    215.500    118.468  50828.228    32.0969     7.9914    117.327    6.72715     7.9759    24.9974   12.11475 7.7155e-02 0.0000e+00
        864 244.579604    0.05993     3.5958    215.750    118.636  50829.856    32.0976     7.9894    117.494    6.72743     7.9738    24.9983   12.11520 7.7133e-02 0.0000e+00
        865 244.579606    0.06000     3.6000    216.000    118.799  50831.399    32.0983     7.9873    117.655    6.72772     7.9714    24.9991   12.11567 7.7114e-02 0.0000e+00
        866 244.579609    0.06007     3.6042    216.250    118.957  50832.789    32.0988     7.9852    117.811    6.72802     7.9688    24.9999   12.11616 7.7095e-02 0.0000e+00
        867 244.579612    0.06014     3.6083    216.500    119.112  50834.164    32.0994     7.9828    117.964    6.72835     7.9660    25.0006   12.11670 7.7074e-02 0.0000e+00
        868 244.579615    0.06021     3.6125    216.750    119.263  50836.003    32.1002     7.9802    118.114    6.72872     7.9633    25.0016   12.11730 7.7051e-02 0.0000e+00
        869 244.579618    0.06028     3.6167    217.000    119.413  50838.236    32.1012     7.9775    118.263    6.72909     7.9605    25.0028   12.11791 7.7024e-02 0.0000e+00
        870 244.579621    0.06035     3.6208    217.250    119.563  50840.292    32.1021     7.9748    118.411    6.72947     7.9575    25.0039   12.11852 7.7004e-02 0.0000e+00
        871 244.579624    0.06042     3.6250    217.500    119.715  50841.901    32.1027     7.9720    118.562    6.72986     7.9537    25.0048   12.11916 7.6995e-02 0.0000e+00
        872 244.579627    0.06049     3.6292    217.750    119.870  50843.031    32.1029     7.9690    118.715    6.73031     7.9487    25.0054   12.11991 7.6979e-02 0.0000e+00
        873 244.579630    0.06056     3.6333    218.000    120.028  50844.129    32.1030     7.9652    118.872    6.73088     7.9426    25.0060   12.12086 7.6952e-02 0.0000e+00
        874 244.579633    0.06062     3.6375    218.250    120.191  50846.268    32.1036     7.9602    119.033    6.73161     7.9360    25.0072   12.12205 7.6924e-02 0.0000e+00
        875 244.579635    0.06069     3.6417    218.500    120.358  50850.175    32.1053     7.9541    119.199    6.73246     7.9292    25.0094   12.12344 7.6907e-02 0.0000e+00
        876 244.579638    0.06076     3.6458    218.750    120.531  50855.505    32.1079     7.9475    119.370    6.73337     7.9227    25.0124   12.12491 7.6895e-02 0.0000e+00
        877 244.579641    0.06083     3.6500    219.000    120.709  50861.205    32.1107     7.9407    119.546    6.73427     7.9163    25.0155   12.12636 7.6877e-02 0.0000e+00
        878 244.579644    0.06090     3.6542    219.250    120.890  50866.491    32.1132     7.9342    119.725    6.73515     7.9098    25.0185   12.12778 7.6856e-02 0.0000e+00
        879 244.579647    0.06097     3.6583    219.500    121.073  50871.242    32.1154     7.9278    119.906    6.73603     7.9029    25.0211   12.12921 7.6829e-02 0.0000e+00
        880 244.579650    0.06104     3.6625    219.750    121.255  50875.821    32.1175     7.9213    120.087    6.73693     7.8957    25.0236   12.13068 7.6798e-02 0.0000e+00
        881 244.579653    0.06111     3.6667    220.000    121.433  50880.688    32.1197     7.9145    120.263    6.73788     7.8881    25.0263   12.13222 7.6769e-02 0.0000e+00
        882 244.579656    0.06118     3.6708    220.250    121.604  50885.786    32.1220     7.9074    120.432    6.73888     7.8801    25.0292   12.13384 7.6748e-02 0.0000e+00
        883 244.579659    0.06125     3.6750    220.500    121.767  50890.776    32.1242     7.8998    120.593    6.73993     7.8712    25.0320   12.13555 7.6733e-02 0.0000e+00
        884 244.579661    0.06132     3.6792    220.750    121.920  50895.726    32.1263     7.8917    120.745    6.74107     7.8615    25.0347   12.13742 7.6718e-02 0.0000e+00
        885 244.579664    0.06139     3.6833    221.000    122.065  50901.290    32.1286     7.8829    120.889    6.74232     7.8512    25.0378   12.13946 7.6702e-02 0.0000e+00
        886 244.579667    0.06146     3.6875    221.250    122.202  50908.147    32.1317     7.8731    121.024    6.74367     7.8409    25.0417   12.14165 7.6685e-02 0.0000e+00
        887 244.579670    0.06153     3.6917    221.500    122.333  50916.134    32.1356     7.8629    121.154    6.74508     7.8306    25.0461   12.14392 7.6669e-02 0.0000e+00
        888 244.579673    0.06160     3.6958    221.750    122.461  50924.244    32.1395     7.8525    121.280    6.74649     7.8201    25.0507   12.14621 7.6653e-02 0.0000e+00
        889 244.579676    0.06167     3.7000    222.000    122.588  50931.581    32.1429     7.8422    121.406    6.74791     7.8091    25.0548   12.14852 7.6638e-02 0.0000e+00
        890 244.579679    0.06174     3.7042    222.250    122.716  50938.480    32.1459     7.8318    121.532    6.74938     7.7974    25.0586   12.15092 7.6629e-02 0.0000e+00
        891 244.579682    0.06181     3.7083    222.500    122.847  50946.029    32.1493     7.8207    121.663    6.75093     7.7857    25.0629   12.15343 7.6619e-02 0.0000e+00
        892 244.579685    0.06187     3.7125    222.750    122.984  50954.825    32.1534     7.8091    121.798    6.75253     7.7744    25.0678   12.15602 7.6606e-02 0.0000e+00
        893 244.579688    0.06194     3.7167    223.000    123.125  50964.644    32.1583     7.7974    121.937    6.75411     7.7637    25.0733   12.15858 7.6596e-02 0.0000e+00
        894 244.579690    0.06201     3.7208    223.250    123.270  50974.623    32.1633     7.7861    122.081    6.75563     7.7537    25.0788   12.16102 7.6582e-02 0.0000e+00
        895 244.579693    0.06208     3.7250    223.500    123.418  50983.877    32.1679     7.7754    122.227    6.75705     7.7437    25.0840   12.16333 7.6564e-02 0.0000e+00
        896 244.579696    0.06215     3.7292    223.750    123.567  50991.891    32.1718     7.7654    122.376    6.75843     7.7333    25.0884   12.16556 7.6547e-02 0.0000e+00
        897 244.579699    0.06222     3.7333    224.000    123.718  50998.923    32.1750     7.7554    122.525    6.75982     7.7223    25.0923   12.16782 7.6530e-02 0.0000e+00
        898 244.579702    0.06229     3.7375    224.250    123.869  51006.044    32.1781     7.7450    122.675    6.76127     7.7109    25.0963   12.17018 7.6510e-02 0.0000e+00
        899 244.579705    0.06236     3.7417    224.500    124.020  51014.049    32.1818     7.7340    122.824    6.76280     7.6994    25.1007   12.17266 7.6478e-02 0.0000e+00
        900 244.579708    0.06243     3.7458    224.750    124.170  51022.985    32.1861     7.7226    122.972    6.76437     7.6881    25.1057   12.17520 7.6441e-02 0.0000e+00
        901 244.579711    0.06250     3.7500    225.000    124.317  51032.436    32.1907     7.7111    123.118    6.76593     7.6773    25.1109   12.17773 7.6411e-02 0.0000e+00
        902 244.579714    0.06257     3.7542    225.250    124.460  51042.054    32.1955     7.6999    123.259    6.76746     7.6671    25.1162   12.18019 7.6387e-02 0.0000e+00
        903 244.579716    0.06264     3.7583    225.500    124.599  51051.677    32.2003     7.6890    123.397    6.76892     7.6575    25.1216   12.18254 7.6358e-02 0.0000e+00
