CTD-processing/allCTD/CNV--turbid/2016_07-27_t4_s10_cast011.cnv
* Sea-Bird SBE19plus Data File:
* FileName = C:\Users\Kris.Holderied\Documents\kasitsna\Research-KBL\Oceanography-AK\CTD-Data-ALL-to-2016-05\2016-CTD-KachemakBay-CookInlet\2016-07-27-CookInlet-Tran4-Barabara-special\2016-07-27-CookInlet-Tran4-cast011.hex
* Software Version 1.59
* Temperature SN =  5028
* Conductivity SN =  5028
* System UpLoad Time = Jul 27 2016 20:17:02
** Cook Inlet LTM Tran4 Barabara north to south
** Date (YYYY-MM-DD): 2016-07-27
** Station (eg. 9-01):  4-10
** Start time (AKDT): 12:41
** Depth (m): 17.4
** Comment:  R/V Edgecumbe.  Part of all-bay survey with T9 and along-bay stations (1-9).
** Comment:
# nquan = 16
# nvalues = 356                         
# units = specified
# name 0 = scan: Scan Count
# name 1 = timeJ: Julian Days
# name 2 = timeH: Time, Elapsed [hours]
# name 3 = timeM: Time, Elapsed [minutes]
# name 4 = timeS: Time, Elapsed [seconds]
# name 5 = prdM: Pressure, Strain Gauge [db]
# name 6 = specc: Specific Conductance [uS/cm]
# name 7 = sal00: Salinity, Practical [PSU]
# name 8 = tv290C: Temperature [ITS-90, deg C]
# name 9 = depSM: Depth [salt water, m], lat = 59.00
# name 10 = oxsolML/L: Oxygen Saturation, Garcia & Gordon [ml/l]
# name 11 = potemp090C: Potential Temperature [ITS-90, deg C]
# name 12 = sigma-é00: Density [sigma-theta, kg/m^3]
# name 13 = n2satML/L: Nitrogen Saturation [ml/l]
# name 14 = par: PAR/Irradiance, Biospherical/Licor
# name 15 = flag:  0.000e+00
# span 0 =          1,        356       
# span 1 = 209.528310, 209.529337       
# span 2 =    0.00000,    0.02465       
# span 3 =     0.0000,     1.4792       
# span 4 =      0.000,     88.750       
# span 5 =     -0.110,     17.536       
# span 6 =    471.974,  48991.141       
# span 7 =     0.2262,    31.2183       
# span 8 =    10.6575,    13.5795       
# span 9 =     -0.109,     17.371       
# span 10 =    6.18861,    7.35217      
# span 11 =    10.6555,    13.5794      
# span 12 =    -0.4529,    23.8914      
# span 13 =   11.27621,   13.57914      
# span 14 = 2.1975e+00, 3.4485e+02      
# span 15 = 0.0000e+00, 0.0000e+00      
# interval = seconds: 0.25
# start_time = Jul 27 2016 12:40:46 [Instrument's time stamp, header]
# bad_flag = -9.990e-29
*END*
[from data line 181]
        182 209.528834    0.01257     0.7542     45.250      0.698  38998.730    24.4759    13.4729      0.691    6.26758    13.4711    18.1701   11.44347 1.6721e+02 0.0000e+00
        183 209.528837    0.01264     0.7583     45.500      0.696  38999.391    24.4763    13.4720      0.689    6.26768    13.4707    18.1706   11.44364 1.6702e+02 0.0000e+00
        184 209.528840    0.01271     0.7625     45.750      0.692  38999.404    24.4763    13.4712      0.685    6.26778    13.4708    18.1707   11.44382 1.6685e+02 0.0000e+00
        185 209.528843    0.01278     0.7667     46.000      0.688  38998.981    24.4760    13.4708      0.682    6.26785    13.4716    18.1705   11.44393 1.6671e+02 0.0000e+00
        186 209.528845    0.01285     0.7708     46.250      0.686  38998.356    24.4755    13.4709      0.680    6.26784    13.4727    18.1702   11.44393 1.6650e+02 0.0000e+00
        187 209.528848    0.01292     0.7750     46.500      0.687  38997.794    24.4752    13.4717      0.680    6.26776    13.4737    18.1698   11.44380 1.6607e+02 0.0000e+00
        188 209.528851    0.01299     0.7792     46.750      0.689  38997.559    24.4751    13.4728      0.683    6.26762    13.4742    18.1695   11.44356 1.6550e+02 0.0000e+00
        189 209.528854    0.01306     0.7833     47.000      0.692  38997.693    24.4753    13.4738      0.685    6.26749    13.4742    18.1695   11.44334 1.6503e+02 0.0000e+00
        190 209.528857    0.01313     0.7875     47.250      0.693  38997.922    24.4754    13.4743      0.686    6.26741    13.4738    18.1695   11.44320 1.6475e+02 0.0000e+00
        191 209.528860    0.01319     0.7917     47.500      0.694  38997.989    24.4755    13.4743      0.687    6.26741    13.4731    18.1696   11.44320 1.6456e+02 0.0000e+00
        192 209.528863    0.01326     0.7958     47.750      0.693  38997.925    24.4754    13.4739      0.686    6.26747    13.4723    18.1696   11.44331 1.6431e+02 0.0000e+00
        193 209.528866    0.01333     0.8000     48.000      0.692  38997.942    24.4754    13.4732      0.685    6.26756    13.4716    18.1697   11.44346 1.6401e+02 0.0000e+00
        194 209.528869    0.01340     0.8042     48.250      0.691  38998.145    24.4755    13.4724      0.684    6.26766    13.4710    18.1699   11.44361 1.6368e+02 0.0000e+00
        195 209.528872    0.01347     0.8083     48.500      0.690  38998.483    24.4757    13.4717      0.683    6.26774    13.4706    18.1702   11.44374 1.6340e+02 0.0000e+00
        196 209.528874    0.01354     0.8125     48.750      0.688  38998.865    24.4759    13.4711      0.681    6.26780    13.4702    18.1705   11.44385 1.6338e+02 0.0000e+00
        197 209.528877    0.01361     0.8167     49.000      0.686  38999.181    24.4761    13.4707      0.679    6.26786    13.4700    18.1707   11.44394 1.6344e+02 0.0000e+00
        198 209.528880    0.01368     0.8208     49.250      0.683  38999.311    24.4762    13.4703      0.677    6.26790    13.4700    18.1708   11.44402 1.6323e+02 0.0000e+00
        199 209.528883    0.01375     0.8250     49.500      0.683  38999.199    24.4761    13.4701      0.676    6.26794    13.4703    18.1708   11.44407 1.6290e+02 0.0000e+00
        200 209.528886    0.01382     0.8292     49.750      0.684  38998.926    24.4759    13.4701      0.677    6.26794    13.4708    18.1706   11.44408 1.6260e+02 0.0000e+00
        201 209.528889    0.01389     0.8333     50.000      0.686  38998.668    24.4757    13.4704      0.680    6.26791    13.4712    18.1705   11.44403 1.6238e+02 0.0000e+00
        202 209.528892    0.01396     0.8375     50.250      0.689  38998.602    24.4757    13.4709      0.683    6.26785    13.4714    18.1704   11.44393 1.6244e+02 0.0000e+00
        203 209.528895    0.01403     0.8417     50.500      0.691  38998.785    24.4758    13.4713      0.685    6.26779    13.4715    18.1704   11.44383 1.6281e+02 0.0000e+00
        204 209.528898    0.01410     0.8458     50.750      0.692  38999.049    24.4760    13.4715      0.685    6.26775    13.4714    18.1705   11.44376 1.6312e+02 0.0000e+00
        205 209.528900    0.01417     0.8500     51.000      0.691  38999.109    24.4761    13.4716      0.684    6.26774    13.4714    18.1705   11.44374 1.6290e+02 0.0000e+00
        206 209.528903    0.01424     0.8542     51.250      0.688  38998.792    24.4758    13.4715      0.682    6.26775    13.4714    18.1704   11.44377 1.6255e+02 0.0000e+00
        207 209.528906    0.01431     0.8583     51.500      0.685  38998.189    24.4754    13.4715      0.679    6.26777    13.4716    18.1701   11.44382 1.6259e+02 0.0000e+00
        208 209.528909    0.01438     0.8625     51.750      0.682  38997.482    24.4749    13.4715      0.676    6.26779    13.4721    18.1697   11.44385 1.6299e+02 0.0000e+00
        209 209.528912    0.01444     0.8667     52.000      0.681  38996.804    24.4745    13.4717      0.674    6.26778    13.4725    18.1693   11.44383 1.6352e+02 0.0000e+00
        210 209.528915    0.01451     0.8708     52.250      0.681  38996.357    24.4742    13.4722      0.675    6.26773    13.4728    18.1690   11.44376 1.6382e+02 0.0000e+00
        211 209.528918    0.01458     0.8750     52.500      0.684  38996.378    24.4742    13.4726      0.677    6.26767    13.4728    18.1689   11.44366 1.6370e+02 0.0000e+00
        212 209.528921    0.01465     0.8792     52.750      0.687  38996.912    24.4746    13.4729      0.681    6.26762    13.4726    18.1692   11.44357 1.6315e+02 0.0000e+00
        213 209.528924    0.01472     0.8833     53.000      0.692  38997.763    24.4752    13.4729      0.686    6.26759    13.4721    18.1696   11.44351 1.6243e+02 0.0000e+00
        214 209.528927    0.01479     0.8875     53.250      0.695  38998.672    24.4758    13.4727      0.689    6.26760    13.4715    18.1702   11.44351 1.6195e+02 0.0000e+00
        215 209.528929    0.01486     0.8917     53.500      0.697  38999.372    24.4763    13.4722      0.690    6.26764    13.4709    18.1706   11.44359 1.6199e+02 0.0000e+00
        216 209.528932    0.01493     0.8958     53.750      0.695  38999.678    24.4765    13.4715      0.689    6.26773    13.4706    18.1708   11.44372 1.6232e+02 0.0000e+00
        217 209.528935    0.01500     0.9000     54.000      0.693  38999.639    24.4764    13.4709      0.686    6.26781    13.4707    18.1709   11.44386 1.6263e+02 0.0000e+00
        218 209.528938    0.01507     0.9042     54.250      0.690  38999.397    24.4762    13.4706      0.683    6.26785    13.4709    18.1708   11.44394 1.6277e+02 0.0000e+00
        219 209.528941    0.01514     0.9083     54.500      0.688  38999.129    24.4760    13.4707      0.682    6.26785    13.4711    18.1706   11.44394 1.6257e+02 0.0000e+00
        220 209.528944    0.01521     0.9125     54.750      0.689  38999.147    24.4761    13.4710      0.682    6.26782    13.4711    18.1706   11.44388 1.6221e+02 0.0000e+00
        221 209.528947    0.01528     0.9167     55.000      0.692  38999.688    24.4764    13.4712      0.685    6.26778    13.4709    18.1709   11.44380 1.6192e+02 0.0000e+00
        222 209.528950    0.01535     0.9208     55.250      0.696  39000.663    24.4771    13.4712      0.690    6.26775    13.4706    18.1714   11.44375 1.6184e+02 0.0000e+00
        223 209.528953    0.01542     0.9250     55.500      0.700  39001.719    24.4778    13.4710      0.694    6.26775    13.4701    18.1720   11.44373 1.6216e+02 0.0000e+00
        224 209.528955    0.01549     0.9292     55.750      0.702  39002.494    24.4783    13.4707      0.696    6.26777    13.4699    18.1725   11.44377 1.6261e+02 0.0000e+00
        225 209.528958    0.01556     0.9333     56.000      0.702  39002.731    24.4785    13.4702      0.696    6.26782    13.4702    18.1726   11.44386 1.6290e+02 0.0000e+00
        226 209.528961    0.01563     0.9375     56.250      0.702  39002.346    24.4782    13.4700      0.695    6.26786    13.4713    18.1725   11.44393 1.6299e+02 0.0000e+00
        227 209.528964    0.01569     0.9417     56.500      0.703  39001.521    24.4776    13.4703      0.696    6.26784    13.4728    18.1720   11.44390 1.6298e+02 0.0000e+00
        228 209.528967    0.01576     0.9458     56.750      0.706  39000.600    24.4771    13.4714      0.699    6.26772    13.4743    18.1713   11.44371 1.6290e+02 0.0000e+00
        229 209.528970    0.01583     0.9500     57.000      0.711  38999.864    24.4767    13.4729      0.704    6.26753    13.4751    18.1707   11.44340 1.6264e+02 0.0000e+00
        230 209.528973    0.01590     0.9542     57.250      0.716  38999.357    24.4764    13.4744      0.709    6.26735    13.4752    18.1703   11.44310 1.6219e+02 0.0000e+00
        231 209.528976    0.01597     0.9583     57.500      0.720  38999.029    24.4762    13.4752      0.713    6.26725    13.4748    18.1700   11.44293 1.6174e+02 0.0000e+00
        232 209.528979    0.01604     0.9625     57.750      0.722  38998.958    24.4762    13.4753      0.715    6.26724    13.4742    18.1700   11.44291 1.6142e+02 0.0000e+00
        233 209.528981    0.01611     0.9667     58.000      0.723  38999.155    24.4763    13.4749      0.716    6.26729    13.4737    18.1701   11.44300 1.6134e+02 0.0000e+00
        234 209.528984    0.01618     0.9708     58.250      0.723  38999.455    24.4765    13.4743      0.716    6.26736    13.4734    18.1704   11.44311 1.6145e+02 0.0000e+00
        235 209.528987    0.01625     0.9750     58.500      0.722  38999.741    24.4766    13.4738      0.715    6.26742    13.4731    18.1706   11.44321 1.6162e+02 0.0000e+00
        236 209.528990    0.01632     0.9792     58.750      0.722  39000.045    24.4768    13.4734      0.715    6.26746    13.4729    18.1708   11.44328 1.6191e+02 0.0000e+00
        237 209.528993    0.01639     0.9833     59.000      0.722  39000.461    24.4771    13.4732      0.716    6.26748    13.4726    18.1710   11.44331 1.6237e+02 0.0000e+00
        238 209.528996    0.01646     0.9875     59.250      0.722  39000.992    24.4775    13.4729      0.716    6.26750    13.4723    18.1713   11.44334 1.6272e+02 0.0000e+00
        239 209.528999    0.01653     0.9917     59.500      0.722  39001.458    24.4778    13.4726      0.715    6.26753    13.4722    18.1716   11.44338 1.6295e+02 0.0000e+00
        240 209.529002    0.01660     0.9958     59.750      0.722  39001.592    24.4779    13.4724      0.715    6.26757    13.4725    18.1717   11.44344 1.6328e+02 0.0000e+00
        241 209.529005    0.01667     1.0000     60.000      0.724  39001.309    24.4777    13.4723      0.717    6.26758    13.4730    18.1716   11.44347 1.6345e+02 0.0000e+00
        242 209.529008    0.01674     1.0042     60.250      0.727  39000.917    24.4774    13.4726      0.720    6.26756    13.4737    18.1714   11.44343 1.6309e+02 0.0000e+00
        243 209.529010    0.01681     1.0083     60.500      0.732  39000.828    24.4774    13.4731      0.725    6.26749    13.4744    18.1712   11.44331 1.6241e+02 0.0000e+00
        244 209.529013    0.01688     1.0125     60.750      0.737  39001.133    24.4776    13.4738      0.730    6.26738    13.4746    18.1713   11.44314 1.6183e+02 0.0000e+00
        245 209.529016    0.01694     1.0167     61.000      0.740  39001.605    24.4780    13.4745      0.733    6.26729    13.4744    18.1714   11.44298 1.6135e+02 0.0000e+00
        246 209.529019    0.01701     1.0208     61.250      0.741  39002.052    24.4783    13.4747      0.734    6.26724    13.4741    18.1716   11.44289 1.6077e+02 0.0000e+00
        247 209.529022    0.01708     1.0250     61.500      0.741  39002.475    24.4786    13.4745      0.734    6.26725    13.4738    18.1719   11.44291 1.6022e+02 0.0000e+00
        248 209.529025    0.01715     1.0292     61.750      0.741  39002.952    24.4789    13.4742      0.734    6.26729    13.4738    18.1722   11.44297 1.5968e+02 0.0000e+00
        249 209.529028    0.01722     1.0333     62.000      0.742  39003.599    24.4793    13.4739      0.735    6.26731    13.4740    18.1726   11.44299 1.5915e+02 0.0000e+00
        250 209.529031    0.01729     1.0375     62.250      0.743  39004.509    24.4799    13.4739      0.736    6.26728    13.4745    18.1731   11.44294 1.5891e+02 0.0000e+00
        251 209.529034    0.01736     1.0417     62.500      0.744  39005.728    24.4808    13.4741      0.737    6.26722    13.4752    18.1737   11.44282 1.5883e+02 0.0000e+00
        252 209.529036    0.01743     1.0458     62.750      0.744  39007.323    24.4819    13.4746      0.738    6.26711    13.4762    18.1745   11.44263 1.5882e+02 0.0000e+00
        253 209.529039    0.01750     1.0500     63.000      0.743  39009.537    24.4835    13.4753      0.737    6.26696    13.4774    18.1756   11.44236 1.5924e+02 0.0000e+00
        254 209.529042    0.01757     1.0542     63.250      0.741  39013.065    24.4860    13.4763      0.735    6.26674    13.4794    18.1773   11.44197 1.5997e+02 0.0000e+00
        255 209.529045    0.01764     1.0583     63.500      0.739  39019.133    24.4903    13.4775      0.733    6.26641    13.4824    18.1804   11.44136 1.6046e+02 0.0000e+00
        256 209.529048    0.01771     1.0625     63.750      0.738  39029.540    24.4976    13.4795      0.732    6.26586    13.4871    18.1856   11.44037 1.6054e+02 0.0000e+00
        257 209.529051    0.01778     1.0667     64.000      0.739  39047.197    24.5100    13.4825      0.732    6.26498    13.4945    18.1946   11.43875 1.6042e+02 0.0000e+00
        258 209.529054    0.01785     1.0708     64.250      0.741  39077.006    24.5310    13.4872      0.735    6.26356    13.5055    18.2099   11.43612 1.6026e+02 0.0000e+00
        259 209.529057    0.01792     1.0750     64.500      0.745  39120.204    24.5613    13.4946      0.739    6.26140    13.5190    18.2320   11.43217 1.6006e+02 0.0000e+00
        260 209.529060    0.01799     1.0792     64.750      0.750  39165.708    24.5935    13.5056      0.743    6.25871    13.5319    18.2547   11.42729 1.5971e+02 0.0000e+00
        261 209.529063    0.01806     1.0833     65.000      0.754  39201.000    24.6188    13.5191      0.747    6.25596    13.5419    18.2717   11.42242 1.5911e+02 0.0000e+00
        262 209.529065    0.01812     1.0875     65.250      0.757  39226.392    24.6372    13.5320      0.750    6.25357    13.5486    18.2835   11.41821 1.5853e+02 0.0000e+00
        263 209.529068    0.01819     1.0917     65.500      0.759  39248.061    24.6528    13.5420      0.752    6.25165    13.5524    18.2937   11.41482 1.5821e+02 0.0000e+00
        264 209.529071    0.01826     1.0958     65.750      0.762  39270.274    24.6686    13.5487      0.755    6.25015    13.5539    18.3046   11.41214 1.5777e+02 0.0000e+00
        265 209.529074    0.01833     1.1000     66.000      0.765  39293.912    24.6853    13.5525      0.758    6.24901    13.5539    18.3167   11.41004 1.5707e+02 0.0000e+00
        266 209.529077    0.01840     1.1042     66.250      0.767  39314.544    24.6997    13.5540      0.760    6.24826    13.5532    18.3275   11.40861 1.5663e+02 0.0000e+00
        267 209.529080    0.01847     1.1083     66.500      0.767  39327.565    24.7087    13.5540      0.760    6.24791    13.5525    18.3344   11.40793 1.5680e+02 0.0000e+00
        268 209.529083    0.01854     1.1125     66.750      0.765  39331.693    24.7115    13.5533      0.758    6.24789    13.5523    18.3367   11.40786 1.5731e+02 0.0000e+00
        269 209.529086    0.01861     1.1167     67.000      0.761  39327.992    24.7089    13.5526      0.754    6.24808    13.5525    18.3349   11.40821 1.5790e+02 0.0000e+00
        270 209.529089    0.01868     1.1208     67.250      0.758  39322.626    24.7051    13.5524      0.751    6.24825    13.5527    18.3320   11.40855 1.5862e+02 0.0000e+00
        271 209.529091    0.01875     1.1250     67.500      0.756  39321.578    24.7044    13.5526      0.749    6.24826    13.5528    18.3315   11.40857 1.5921e+02 0.0000e+00
