CTD-processing/allCTD/CNV--turbid/2016_05-12_alongbay_sdvpt_cast242.cnv
* Sea-Bird SBE19plus Data File:
* FileName = C:\Users\Kris.Holderied\Documents\kasitsna\Research-KBL\Oceanography-AK\CTD-Data-ALL-to-2016-05\2016-CTD-KachemakBay-CookInlet\2016-05-12-CookInlet-AlongBay\2016-05-12-CookInlet-AlongBay-cast242.hex
* Software Version 1.59
* Temperature SN =  5028
* Conductivity SN =  5028
* System UpLoad Time = May 16 2016 17:20:30
** Cook Inlet Along-bay Tran7 to Homer Spit SW to NE
** Date (YYYY-MM-DD): 2016-05-12
** Station (ie. 9-01):  SDV Pt
** Start time (AKST): 18:17
** Depth (m): 76.5
** Comment:  R/V Edgecumbe.  Along-bay line from south of Tran7 to station 9-6.
** Comment:
# nquan = 16
# nvalues = 531                         
# units = specified
# name 0 = scan: Scan Count
# name 1 = timeJ: Julian Days
# name 2 = timeH: Time, Elapsed [hours]
# name 3 = timeM: Time, Elapsed [minutes]
# name 4 = timeS: Time, Elapsed [seconds]
# name 5 = prdM: Pressure, Strain Gauge [db]
# name 6 = specc: Specific Conductance [uS/cm]
# name 7 = sal00: Salinity, Practical [PSU]
# name 8 = tv290C: Temperature [ITS-90, deg C]
# name 9 = depSM: Depth [salt water, m], lat = 59.00
# name 10 = oxsolML/L: Oxygen Saturation, Garcia & Gordon [ml/l]
# name 11 = potemp090C: Potential Temperature [ITS-90, deg C]
# name 12 = sigma-é00: Density [sigma-theta, kg/m^3]
# name 13 = n2satML/L: Nitrogen Saturation [ml/l]
# name 14 = par: PAR/Irradiance, Biospherical/Licor
# name 15 = flag:  0.000e+00
# span 0 =          1,        531       
# span 1 = 133.761667, 133.763200       
# span 2 =    0.00000,    0.03681       
# span 3 =     0.0000,     2.2083       
# span 4 =      0.000,    132.500       
# span 5 =      0.140,     67.623       
# span 6 =   6852.184,  49951.927       
# span 7 =     4.1088,    31.4907       
# span 8 =     7.1176,     9.0905       
# span 9 =      0.138,     66.980       
# span 10 =    6.69416,    7.87151      
# span 11 =     7.1128,     9.0262      
# span 12 =     2.9917,    24.5395      
# span 13 =   12.06869,   14.40673      
# span 14 = 7.7999e-02, 5.4547e+02      
# span 15 = 0.0000e+00, 0.0000e+00      
# interval = seconds: 0.25
# start_time = May 12 2016 18:16:48 [Instrument's time stamp, header]
# bad_flag = -9.990e-29
*END*
          1 133.761667    0.00000     0.0000      0.000      0.140   6852.184     4.1088     9.0905      0.138    7.87151     9.0262     2.9917   14.40673 5.3316e+02 0.0000e+00
          2 133.761670    0.00007     0.0042      0.250      0.162  10470.081     6.3794     9.0665      0.161    7.76715     8.9593     4.7673   14.20081 5.4003e+02 0.0000e+00
          3 133.761672    0.00014     0.0083      0.500      0.200  16511.799    10.1699     9.0262      0.198    7.59294     8.8608     7.7313   13.85707 5.4547e+02 0.0000e+00
          4 133.761675    0.00021     0.0125      0.750      0.258  25066.006    15.5788     8.9593      0.255    7.34745     8.7446    11.9621   13.37255 5.4541e+02 0.0000e+00
          5 133.761678    0.00028     0.0167      1.000      0.332  33714.319    21.1162     8.8608      0.329    7.10336     8.6344    16.2974   12.88991 5.4032e+02 0.0000e+00
          6 133.761681    0.00035     0.0208      1.250      0.406  39952.214    25.1395     8.7446      0.402    6.93399     8.5449    19.4538   12.55313 5.3096e+02 0.0000e+00
          7 133.761684    0.00042     0.0250      1.500      0.461  43751.682    27.5873     8.6344      0.457    6.83698     8.4794    21.3801   12.35826 5.1712e+02 0.0000e+00
          8 133.761687    0.00049     0.0292      1.750      0.493  46055.238    29.0693     8.5449      0.489    6.78170     8.4351    22.5497   12.24603 4.9886e+02 0.0000e+00
          9 133.761690    0.00056     0.0333      2.000      0.511  47441.958    29.9599     8.4795      0.507    6.75024     8.4071    23.2543   12.18151 4.7770e+02 0.0000e+00
         10 133.761693    0.00063     0.0375      2.250      0.532  48286.390    30.5022     8.4352      0.527    6.73177     8.3903    23.6841   12.14338 4.5506e+02 0.0000e+00
         11 133.761696    0.00069     0.0417      2.500      0.568  48822.751    30.8482     8.4072      0.563    6.72002     8.3806    23.9582   12.11912 4.2873e+02 0.0000e+00
         12 133.761698    0.00076     0.0458      2.750      0.625  49165.701    31.0705     8.3904      0.619    6.71232     8.3755    24.1343   12.10331 3.9227e+02 0.0000e+00
         13 133.761701    0.00083     0.0500      3.000      0.696  49381.689    31.2111     8.3807      0.690    6.70733     8.3742    24.2456   12.09313 3.5044e+02 0.0000e+00
         14 133.761704    0.00090     0.0542      3.250      0.772  49521.511    31.3028     8.3756      0.765    6.70391     8.3770    24.3179   12.08623 3.1713e+02 0.0000e+00
         15 133.761707    0.00097     0.0583      3.500      0.842  49609.988    31.3612     8.3743      0.835    6.70144     8.3831    24.3638   12.08135 2.9246e+02 0.0000e+00
         16 133.761710    0.00104     0.0625      3.750      0.903  49659.043    31.3940     8.3771      0.895    6.69952     8.3895    24.3890   12.07772 2.7461e+02 0.0000e+00
         17 133.761713    0.00111     0.0667      4.000      0.956  49679.422    31.4080     8.3832      0.947    6.69794     8.3921    24.3990   12.07492 2.6378e+02 0.0000e+00
         18 133.761716    0.00118     0.0708      4.250      1.006  49681.396    31.4096     8.3896      0.997    6.69689     8.3877    24.3992   12.07314 2.5909e+02 0.0000e+00
         19 133.761719    0.00125     0.0750      4.500      1.055  49673.288    31.4038     8.3922      1.045    6.69673     8.3756    24.3943   12.07294 2.6042e+02 0.0000e+00
         20 133.761722    0.00132     0.0792      4.750      1.103  49662.855    31.3956     8.3878      1.093    6.69774     8.3582    24.3885   12.07472 2.6015e+02 0.0000e+00
         21 133.761725    0.00139     0.0833      5.000      1.149  49659.711    31.3914     8.3757      1.139    6.69975     8.3390    24.3870   12.07807 2.5715e+02 0.0000e+00
         22 133.761727    0.00146     0.0875      5.250      1.191  49672.409    31.3975     8.3583      1.180    6.70210     8.3211    24.3943   12.08189 2.5578e+02 0.0000e+00
         23 133.761730    0.00153     0.0917      5.500      1.225  49702.935    31.4160     8.3391      1.213    6.70420     8.3068    24.4116   12.08513 2.5510e+02 0.0000e+00
         24 133.761733    0.00160     0.0958      5.750      1.248  49741.216    31.4400     8.3213      1.236    6.70585     8.2964    24.4330   12.08757 2.5568e+02 0.0000e+00
         25 133.761736    0.00167     0.1000      6.000      1.259  49766.877    31.4558     8.3069      1.247    6.70733     8.2892    24.4475   12.08982 2.5595e+02 0.0000e+00
         26 133.761739    0.00174     0.1042      6.250      1.260  49767.742    31.4548     8.2966      1.248    6.70893     8.2838    24.4482   12.09249 2.5136e+02 0.0000e+00
         27 133.761742    0.00181     0.1083      6.500      1.260  49751.131    31.4421     8.2894      1.248    6.71058     8.2799    24.4393   12.09537 2.4179e+02 0.0000e+00
         28 133.761745    0.00187     0.1125      6.750      1.265  49734.267    31.4294     8.2840      1.254    6.71195     8.2776    24.4301   12.09779 2.3352e+02 0.0000e+00
         29 133.761748    0.00194     0.1167      7.000      1.281  49728.619    31.4249     8.2800      1.269    6.71274     8.2769    24.4271   12.09916 2.3030e+02 0.0000e+00
         30 133.761751    0.00201     0.1208      7.250      1.305  49735.012    31.4290     8.2778      1.292    6.71290     8.2773    24.4307   12.09937 2.3128e+02 0.0000e+00
         31 133.761753    0.00208     0.1250      7.500      1.332  49750.316    31.4396     8.2771      1.319    6.71255     8.2786    24.4391   12.09866 2.3233e+02 0.0000e+00
         32 133.761756    0.00215     0.1292      7.750      1.356  49770.236    31.4536     8.2775      1.344    6.71187     8.2806    24.4500   12.09738 2.3088e+02 0.0000e+00
         33 133.761759    0.00222     0.1333      8.000      1.373  49786.221    31.4650     8.2788      1.360    6.71117     8.2828    24.4588   12.09608 2.2928e+02 0.0000e+00
         34 133.761762    0.00229     0.1375      8.250      1.379  49788.497    31.4669     8.2807      1.366    6.71079     8.2846    24.4600   12.09542 2.2702e+02 0.0000e+00
         35 133.761765    0.00236     0.1417      8.500      1.377  49773.669    31.4568     8.2829      1.364    6.71089     8.2850    24.4518   12.09572 2.2429e+02 0.0000e+00
         36 133.761768    0.00243     0.1458      8.750      1.370  49748.103    31.4392     8.2847      1.357    6.71139     8.2836    24.4377   12.09676 2.2231e+02 0.0000e+00
         37 133.761771    0.00250     0.1500      9.000      1.363  49723.511    31.4220     8.2851      1.350    6.71209     8.2812    24.4242   12.09812 2.2252e+02 0.0000e+00
         38 133.761774    0.00257     0.1542      9.250      1.362  49707.549    31.4106     8.2837      1.349    6.71279     8.2785    24.4155   12.09942 2.2594e+02 0.0000e+00
         39 133.761777    0.00264     0.1583      9.500      1.366  49701.845    31.4063     8.2813      1.353    6.71335     8.2762    24.4124   12.10040 2.2921e+02 0.0000e+00
         40 133.761780    0.00271     0.1625      9.750      1.376  49704.813    31.4079     8.2786      1.364    6.71368     8.2745    24.4141   12.10093 2.3056e+02 0.0000e+00
         41 133.761782    0.00278     0.1667     10.000      1.391  49713.312    31.4135     8.2763      1.378    6.71379     8.2735    24.4188   12.10104 2.3008e+02 0.0000e+00
         42 133.761785    0.00285     0.1708     10.250      1.408  49724.800    31.4213     8.2747      1.394    6.71370     8.2730    24.4252   12.10080 2.2750e+02 0.0000e+00
         43 133.761788    0.00292     0.1750     10.500      1.423  49737.812    31.4302     8.2736      1.410    6.71347     8.2730    24.4323   12.10030 2.2299e+02 0.0000e+00
         44 133.761791    0.00299     0.1792     10.750      1.435  49750.574    31.4391     8.2732      1.422    6.71316     8.2735    24.4393   12.09968 2.1865e+02 0.0000e+00
         45 133.761794    0.00306     0.1833     11.000      1.443  49757.368    31.4439     8.2732      1.429    6.71294     8.2740    24.4431   12.09927 2.2099e+02 0.0000e+00
         46 133.761797    0.00313     0.1875     11.250      1.447  49752.394    31.4405     8.2737      1.434    6.71302     8.2748    24.4403   12.09945 2.2723e+02 0.0000e+00
         47 133.761800    0.00319     0.1917     11.500      1.454  49740.684    31.4323     8.2742      1.441    6.71329     8.2763    24.4339   12.09999 2.2888e+02 0.0000e+00
         48 133.761803    0.00326     0.1958     11.750      1.467  49733.874    31.4277     8.2750      1.453    6.71338     8.2792    24.4301   12.10019 2.2895e+02 0.0000e+00
         49 133.761806    0.00333     0.2000     12.000      1.485  49739.967    31.4322     8.2765      1.472    6.71296     8.2847    24.4334   12.09944 2.3055e+02 0.0000e+00
         50 133.761808    0.00340     0.2042     12.250      1.504  49760.510    31.4470     8.2794      1.490    6.71186     8.2941    24.4446   12.09744 2.3047e+02 0.0000e+00
         51 133.761811    0.00347     0.2083     12.500      1.517  49783.659    31.4641     8.2849      1.503    6.71029     8.3068    24.4572   12.09463 2.2722e+02 0.0000e+00
         52 133.761814    0.00354     0.2125     12.750      1.519  49788.774    31.4691     8.2942      1.505    6.70866     8.3189    24.4597   12.09188 2.2206e+02 0.0000e+00
         53 133.761817    0.00361     0.2167     13.000      1.514  49767.534    31.4561     8.3070      1.500    6.70730     8.3253    24.4477   12.08978 2.1704e+02 0.0000e+00
         54 133.761820    0.00368     0.2208     13.250      1.509  49732.276    31.4333     8.3191      1.495    6.70647     8.3239    24.4281   12.08868 2.1478e+02 0.0000e+00
         55 133.761823    0.00375     0.2250     13.500      1.510  49703.830    31.4143     8.3254      1.495    6.70634     8.3175    24.4123   12.08869 2.1686e+02 0.0000e+00
         56 133.761826    0.00382     0.2292     13.750      1.518  49697.543    31.4097     8.3241      1.504    6.70674     8.3112    24.4089   12.08942 2.2182e+02 0.0000e+00
         57 133.761829    0.00389     0.2333     14.000      1.530  49716.803    31.4222     8.3177      1.516    6.70716     8.3091    24.4196   12.08996 2.2804e+02 0.0000e+00
         58 133.761832    0.00396     0.2375     14.250      1.542  49747.519    31.4427     8.3114      1.527    6.70722     8.3124    24.4367   12.08980 2.3383e+02 0.0000e+00
         59 133.761834    0.00403     0.2417     14.500      1.548  49765.891    31.4553     8.3093      1.534    6.70698     8.3181    24.4468   12.08927 2.3407e+02 0.0000e+00
         60 133.761837    0.00410     0.2458     14.750      1.552  49759.907    31.4516     8.3126      1.537    6.70664     8.3212    24.4434   12.08875 2.2960e+02 0.0000e+00
         61 133.761840    0.00417     0.2500     15.000      1.556  49738.593    31.4375     8.3182      1.541    6.70640     8.3196    24.4316   12.08853 2.2961e+02 0.0000e+00
         62 133.761843    0.00424     0.2542     15.250      1.565  49721.184    31.4258     8.3214      1.550    6.70644     8.3154    24.4219   12.08874 2.3600e+02 0.0000e+00
         63 133.761846    0.00431     0.2583     15.500      1.579  49722.151    31.4262     8.3197      1.564    6.70667     8.3132    24.4225   12.08911 2.4469e+02 0.0000e+00
         64 133.761849    0.00438     0.2625     15.750      1.593  49741.648    31.4392     8.3155      1.578    6.70674     8.3169    24.4333   12.08906 2.5741e+02 0.0000e+00
         65 133.761852    0.00444     0.2667     16.000      1.601  49761.880    31.4531     8.3134      1.586    6.70646     8.3256    24.4444   12.08843 2.7154e+02 0.0000e+00
         66 133.761855    0.00451     0.2708     16.250      1.603  49763.128    31.4545     8.3171      1.588    6.70584     8.3342    24.4450   12.08738 2.7583e+02 0.0000e+00
         67 133.761858    0.00458     0.2750     16.500      1.602  49746.063    31.4439     8.3258      1.588    6.70499     8.3384    24.4354   12.08610 2.7184e+02 0.0000e+00
         68 133.761861    0.00465     0.2792     16.750      1.604  49728.551    31.4330     8.3344      1.590    6.70416     8.3381    24.4256   12.08487 2.7002e+02 0.0000e+00
         69 133.761863    0.00472     0.2833     17.000      1.611  49725.479    31.4314     8.3386      1.596    6.70359     8.3365    24.4238   12.08395 2.7261e+02 0.0000e+00
         70 133.761866    0.00479     0.2875     17.250      1.621  49735.511    31.4384     8.3383      1.607    6.70334     8.3365    24.4293   12.08344 2.7864e+02 0.0000e+00
         71 133.761869    0.00486     0.2917     17.500      1.637  49744.305    31.4443     8.3367      1.622    6.70333     8.3372    24.4342   12.08335 2.8417e+02 0.0000e+00
         72 133.761872    0.00493     0.2958     17.750      1.662  49740.513    31.4416     8.3367      1.646    6.70344     8.3355    24.4321   12.08357 2.8565e+02 0.0000e+00
         73 133.761875    0.00500     0.3000     18.000      1.697  49729.427    31.4339     8.3374      1.681    6.70366     8.3310    24.4260   12.08403 2.8474e+02 0.0000e+00
         74 133.761878    0.00507     0.3042     18.250      1.739  49729.446    31.4337     8.3357      1.723    6.70393     8.3275    24.4260   12.08447 2.8151e+02 0.0000e+00
         75 133.761881    0.00514     0.3083     18.500      1.779  49745.106    31.4440     8.3312      1.763    6.70417     8.3281    24.4347   12.08474 2.7636e+02 0.0000e+00
         76 133.761884    0.00521     0.3125     18.750      1.809  49758.494    31.4528     8.3277      1.792    6.70431     8.3308    24.4421   12.08486 2.7327e+02 0.0000e+00
         77 133.761887    0.00528     0.3167     19.000      1.828  49758.916    31.4532     8.3283      1.811    6.70421     8.3324    24.4423   12.08470 2.7378e+02 0.0000e+00
         78 133.761889    0.00535     0.3208     19.250      1.835  49751.480    31.4484     8.3310      1.817    6.70400     8.3308    24.4382   12.08441 2.7579e+02 0.0000e+00
         79 133.761892    0.00542     0.3250     19.500      1.831  49740.983    31.4413     8.3326      1.814    6.70406     8.3250    24.4324   12.08460 2.7904e+02 0.0000e+00
         80 133.761895    0.00549     0.3292     19.750      1.822  49730.047    31.4334     8.3310      1.804    6.70466     8.3152    24.4264   12.08568 2.8569e+02 0.0000e+00
         81 133.761898    0.00556     0.3333     20.000      1.813  49723.514    31.4279     8.3252      1.795    6.70577     8.3030    24.4230   12.08760 2.9535e+02 0.0000e+00
         82 133.761901    0.00562     0.3375     20.250      1.810  49727.477    31.4292     8.3154      1.793    6.70721     8.2919    24.4254   12.08995 3.0628e+02 0.0000e+00
         83 133.761904    0.00569     0.3417     20.500      1.814  49746.717    31.4408     8.3032      1.797    6.70854     8.2853    24.4363   12.09201 3.1667e+02 0.0000e+00
         84 133.761907    0.00576     0.3458     20.750      1.824  49778.320    31.4612     8.2921      1.807    6.70932     8.2854    24.4539   12.09306 3.2122e+02 0.0000e+00
         85 133.761910    0.00583     0.3500     21.000      1.833  49808.383    31.4813     8.2855      1.816    6.70945     8.2924    24.4706   12.09303 3.2051e+02 0.0000e+00
         86 133.761913    0.00590     0.3542     21.250      1.838  49821.823    31.4907     8.2856      1.821    6.70902     8.3029    24.4780   12.09221 3.2153e+02 0.0000e+00
         87 133.761916    0.00597     0.3583     21.500      1.840  49813.443    31.4859     8.2926      1.822    6.70817     8.3118    24.4732   12.09085 3.2587e+02 0.0000e+00
         88 133.761918    0.00604     0.3625     21.750      1.838  49791.975    31.4725     8.3030      1.821    6.70718     8.3168    24.4612   12.08937 3.2986e+02 0.0000e+00
         89 133.761921    0.00611     0.3667     22.000      1.833  49773.492    31.4609     8.3119      1.816    6.70634     8.3187    24.4508   12.08813 3.3318e+02 0.0000e+00
         90 133.761924    0.00618     0.3708     22.250      1.826  49766.412    31.4567     8.3169      1.809    6.70577     8.3186    24.4468   12.08723 3.4247e+02 0.0000e+00
