CTD-processing/allCTD/CNV--turbid/2016_08-29_t3_s09_cast056.cnv
* Sea-Bird SBE19plus Data File:
* FileName = C:\Users\Kim.Powell\Desktop\2016_08-29_T3_5028\2016_08-29_T3_5028_cast056.hex
* Software Version 1.59
* Temperature SN =  5028
* Conductivity SN =  5028
* System UpLoad Time = Aug 29 2016 21:40:15
** CookInlet LTM Transect 3
** 2016_08-29
** Station: 3-09
** Start Time: 12:11
** Depth (m): 74.1
** Comment:
** Comment:
# nquan = 16
# nvalues = 604                         
# units = specified
# name 0 = scan: Scan Count
# name 1 = timeJ: Julian Days
# name 2 = timeH: Time, Elapsed [hours]
# name 3 = timeM: Time, Elapsed [minutes]
# name 4 = timeS: Time, Elapsed [seconds]
# name 5 = prdM: Pressure, Strain Gauge [db]
# name 6 = specc: Specific Conductance [uS/cm]
# name 7 = sal00: Salinity, Practical [PSU]
# name 8 = tv290C: Temperature [ITS-90, deg C]
# name 9 = depSM: Depth [salt water, m], lat = 59.00
# name 10 = oxsolML/L: Oxygen Saturation, Garcia & Gordon [ml/l]
# name 11 = potemp090C: Potential Temperature [ITS-90, deg C]
# name 12 = sigma-é00: Density [sigma-theta, kg/m^3]
# name 13 = n2satML/L: Nitrogen Saturation [ml/l]
# name 14 = par: PAR/Irradiance, Biospherical/Licor
# name 15 = flag:  0.000e+00
# span 0 =          1,        604       
# span 1 = 242.507894, 242.509638       
# span 2 =    0.00000,    0.04188       
# span 3 =     0.0000,     2.5125       
# span 4 =      0.000,    150.750       
# span 5 =      0.055,     74.776       
# span 6 =    497.985,  47869.174       
# span 7 =     0.2405,    30.6583       
# span 8 =    12.2774,    16.2227       
# span 9 =      0.055,     74.064       
# span 10 =    6.07766,    6.89534      
# span 11 =    12.2697,    16.2227      
# span 12 =    -0.9062,    23.0528      
# span 13 =   11.05941,   12.77324      
# span 14 = 9.0597e-02, 1.5736e+03      
# span 15 = 0.0000e+00, 0.0000e+00      
# interval = seconds: 0.25
# start_time = Aug 29 2016 12:11:22 [Instrument's time stamp, header]
# bad_flag = -9.990e-29
*END*
[from data line 272]
        273 242.508681    0.01889     1.1333     68.000      0.823  46902.948    29.9587    12.7396      0.815    6.15036    12.7303    22.5403   11.18444 3.4824e+02 0.0000e+00
        274 242.508683    0.01896     1.1375     68.250      0.826  46894.811    29.9525    12.7346      0.818    6.15124    12.7266    22.5365   11.18597 3.6930e+02 0.0000e+00
        275 242.508686    0.01903     1.1417     68.500      0.825  46881.016    29.9424    12.7304      0.818    6.15218    12.7234    22.5294   11.18765 3.8297e+02 0.0000e+00
        276 242.508689    0.01910     1.1458     68.750      0.821  46857.549    29.9254    12.7267      0.814    6.15330    12.7204    22.5170   11.18971 4.0976e+02 0.0000e+00
        277 242.508692    0.01917     1.1500     69.000      0.815  46825.419    29.9023    12.7235      0.807    6.15461    12.7177    22.4998   11.19214 4.8763e+02 0.0000e+00
        278 242.508695    0.01924     1.1542     69.250      0.808  46795.049    29.8805    12.7205      0.801    6.15584    12.7154    22.4835   11.19443 6.3765e+02 0.0000e+00
        279 242.508698    0.01931     1.1583     69.500      0.804  46774.296    29.8656    12.7178      0.796    6.15676    12.7136    22.4724   11.19613 7.2521e+02 0.0000e+00
        280 242.508701    0.01938     1.1625     69.750      0.802  46762.110    29.8568    12.7155      0.794    6.15740    12.7123    22.4660   11.19729 6.1965e+02 0.0000e+00
        281 242.508704    0.01944     1.1667     70.000      0.803  46755.063    29.8516    12.7137      0.795    6.15783    12.7113    22.4624   11.19807 4.6440e+02 0.0000e+00
        282 242.508707    0.01951     1.1708     70.250      0.807  46750.782    29.8484    12.7124      0.799    6.15812    12.7105    22.4602   11.19859 3.7635e+02 0.0000e+00
        283 242.508709    0.01958     1.1750     70.500      0.810  46747.883    29.8463    12.7114      0.802    6.15833    12.7096    22.4587   11.19896 3.1912e+02 0.0000e+00
        284 242.508712    0.01965     1.1792     70.750      0.812  46745.757    29.8447    12.7106      0.804    6.15850    12.7088    22.4576   11.19926 2.8220e+02 0.0000e+00
        285 242.508715    0.01972     1.1833     71.000      0.811  46744.496    29.8438    12.7097      0.804    6.15864    12.7082    22.4571   11.19951 2.7266e+02 0.0000e+00
        286 242.508718    0.01979     1.1875     71.250      0.807  46744.429    29.8437    12.7089      0.800    6.15876    12.7083    22.4571   11.19970 2.8684e+02 0.0000e+00
        287 242.508721    0.01986     1.1917     71.500      0.803  46745.280    29.8442    12.7083      0.795    6.15881    12.7089    22.4577   11.19978 3.2495e+02 0.0000e+00
        288 242.508724    0.01993     1.1958     71.750      0.798  46746.237    29.8449    12.7084      0.791    6.15877    12.7100    22.4582   11.19972 3.8149e+02 0.0000e+00
        289 242.508727    0.02000     1.2000     72.000      0.795  46746.855    29.8454    12.7090      0.788    6.15867    12.7115    22.4585   11.19955 4.0361e+02 0.0000e+00
        290 242.508730    0.02007     1.2042     72.250      0.797  46747.242    29.8458    12.7101      0.790    6.15851    12.7135    22.4585   11.19928 3.6854e+02 0.0000e+00
        291 242.508733    0.02014     1.2083     72.500      0.805  46747.706    29.8463    12.7116      0.798    6.15830    12.7159    22.4586   11.19892 3.2920e+02 0.0000e+00
        292 242.508736    0.02021     1.2125     72.750      0.816  46748.270    29.8468    12.7136      0.809    6.15803    12.7185    22.4587   11.19847 3.1792e+02 0.0000e+00
        293 242.508738    0.02028     1.2167     73.000      0.828  46748.108    29.8469    12.7160      0.821    6.15772    12.7207    22.4583   11.19794 3.3849e+02 0.0000e+00
        294 242.508741    0.02035     1.2208     73.250      0.837  46746.142    29.8457    12.7186      0.829    6.15743    12.7217    22.4569   11.19747 3.6312e+02 0.0000e+00
        295 242.508744    0.02042     1.2250     73.500      0.840  46742.939    29.8436    12.7208      0.832    6.15723    12.7217    22.4549   11.19717 3.4331e+02 0.0000e+00
        296 242.508747    0.02049     1.2292     73.750      0.836  46740.361    29.8419    12.7218      0.829    6.15716    12.7211    22.4533   11.19708 2.9411e+02 0.0000e+00
        297 242.508750    0.02056     1.2333     74.000      0.827  46739.093    29.8410    12.7218      0.819    6.15719    12.7203    22.4527   11.19714 2.6014e+02 0.0000e+00
        298 242.508753    0.02063     1.2375     74.250      0.816  46738.593    29.8406    12.7212      0.808    6.15728    12.7193    22.4525   11.19730 2.5311e+02 0.0000e+00
        299 242.508756    0.02069     1.2417     74.500      0.808  46738.407    29.8404    12.7204      0.801    6.15740    12.7184    22.4525   11.19749 2.5713e+02 0.0000e+00
        300 242.508759    0.02076     1.2458     74.750      0.807  46738.450    29.8404    12.7194      0.800    6.15752    12.7176    22.4526   11.19769 2.5302e+02 0.0000e+00
        301 242.508762    0.02083     1.2500     75.000      0.815  46738.857    29.8406    12.7185      0.807    6.15764    12.7170    22.4529   11.19788 2.3689e+02 0.0000e+00
        302 242.508764    0.02090     1.2542     75.250      0.832  46739.552    29.8410    12.7177      0.824    6.15773    12.7166    22.4534   11.19803 2.1224e+02 0.0000e+00
        303 242.508767    0.02097     1.2583     75.500      0.860  46739.847    29.8411    12.7171      0.852    6.15779    12.7158    22.4536   11.19814 1.9304e+02 0.0000e+00
        304 242.508770    0.02104     1.2625     75.750      0.903  46739.154    29.8405    12.7167      0.895    6.15787    12.7145    22.4533   11.19827 1.9107e+02 0.0000e+00
        305 242.508773    0.02111     1.2667     76.000      0.972  46737.911    29.8396    12.7160      0.964    6.15800    12.7125    22.4527   11.19850 2.0196e+02 0.0000e+00
        306 242.508776    0.02118     1.2708     76.250      1.082  46736.693    29.8386    12.7147      1.072    6.15821    12.7092    22.4521   11.19886 2.2037e+02 0.0000e+00
        307 242.508779    0.02125     1.2750     76.500      1.239  46734.217    29.8366    12.7127      1.228    6.15854    12.7028    22.4509   11.19943 2.4683e+02 0.0000e+00
        308 242.508782    0.02132     1.2792     76.750      1.438  46727.839    29.8317    12.7094      1.425    6.15915    12.6909    22.4478   11.20051 2.7726e+02 0.0000e+00
        309 242.508785    0.02139     1.2833     77.000      1.664  46716.690    29.8232    12.7030      1.648    6.16031    12.6723    22.4424   11.20252 3.0447e+02 0.0000e+00
        310 242.508788    0.02146     1.2875     77.250      1.900  46704.801    29.8136    12.6911      1.882    6.16221    12.6487    22.4372   11.20578 3.2854e+02 0.0000e+00
        311 242.508791    0.02153     1.2917     77.500      2.139  46699.481    29.8081    12.6726      2.119    6.16481    12.6234    22.4364   11.21018 3.4294e+02 0.0000e+00
        312 242.508793    0.02160     1.2958     77.750      2.378  46703.548    29.8088    12.6490      2.356    6.16784    12.5993    22.4414   11.21519 3.4208e+02 0.0000e+00
        313 242.508796    0.02167     1.3000     78.000      2.616  46713.488    29.8135    12.6237      2.592    6.17092    12.5774    22.4498   11.22025 3.3739e+02 0.0000e+00
        314 242.508799    0.02174     1.3042     78.250      2.853  46725.183    29.8196    12.5996      2.827    6.17381    12.5579    22.4590   11.22497 3.3264e+02 0.0000e+00
        315 242.508802    0.02181     1.3083     78.500      3.088  46736.496    29.8256    12.5778      3.060    6.17640    12.5407    22.4677   11.22922 3.2257e+02 0.0000e+00
        316 242.508805    0.02187     1.3125     78.750      3.322  46746.795    29.8310    12.5583      3.292    6.17871    12.5257    22.4756   11.23299 3.1176e+02 0.0000e+00
        317 242.508808    0.02194     1.3167     79.000      3.556  46756.132    29.8360    12.5412      3.523    6.18074    12.5125    22.4826   11.23630 3.0116e+02 0.0000e+00
        318 242.508811    0.02201     1.3208     79.250      3.790  46764.580    29.8406    12.5261      3.755    6.18252    12.5012    22.4890   11.23920 2.8569e+02 0.0000e+00
        319 242.508814    0.02208     1.3250     79.500      4.027  46772.232    29.8447    12.5130      3.989    6.18406    12.4914    22.4946   11.24172 2.6615e+02 0.0000e+00
        320 242.508817    0.02215     1.3292     79.750      4.266  46778.977    29.8484    12.5017      4.226    6.18539    12.4830    22.4996   11.24388 2.4689e+02 0.0000e+00
        321 242.508819    0.02222     1.3333     80.000      4.510  46784.579    29.8514    12.4920      4.468    6.18653    12.4754    22.5037   11.24575 2.3089e+02 0.0000e+00
        322 242.508822    0.02229     1.3375     80.250      4.758  46789.091    29.8538    12.4836      4.713    6.18753    12.4684    22.5071   11.24738 2.1994e+02 0.0000e+00
        323 242.508825    0.02236     1.3417     80.500      5.007  46792.864    29.8556    12.4760      4.961    6.18844    12.4618    22.5100   11.24886 2.1388e+02 0.0000e+00
        324 242.508828    0.02243     1.3458     80.750      5.257  46796.159    29.8572    12.4691      5.208    6.18928    12.4554    22.5125   11.25024 2.0980e+02 0.0000e+00
        325 242.508831    0.02250     1.3500     81.000      5.506  46799.036    29.8586    12.4625      5.455    6.19008    12.4491    22.5148   11.25155 2.0447e+02 0.0000e+00
        326 242.508834    0.02257     1.3542     81.250      5.754  46801.805    29.8599    12.4561      5.700    6.19086    12.4431    22.5170   11.25283 1.9656e+02 0.0000e+00
        327 242.508837    0.02264     1.3583     81.500      5.999  46804.822    29.8614    12.4499      5.942    6.19161    12.4376    22.5193   11.25407 1.8679e+02 0.0000e+00
        328 242.508840    0.02271     1.3625     81.750      6.241  46807.951    29.8629    12.4440      6.183    6.19233    12.4323    22.5217   11.25523 1.7649e+02 0.0000e+00
        329 242.508843    0.02278     1.3667     82.000      6.480  46810.946    29.8645    12.4384      6.419    6.19299    12.4274    22.5239   11.25632 1.6692e+02 0.0000e+00
        330 242.508845    0.02285     1.3708     82.250      6.716  46813.930    29.8660    12.4332      6.653    6.19361    12.4226    22.5261   11.25733 1.5927e+02 0.0000e+00
        331 242.508848    0.02292     1.3750     82.500      6.952  46817.116    29.8677    12.4282      6.886    6.19419    12.4178    22.5283   11.25827 1.5410e+02 0.0000e+00
        332 242.508851    0.02299     1.3792     82.750      7.188  46820.562    29.8697    12.4235      7.121    6.19473    12.4129    22.5307   11.25916 1.5068e+02 0.0000e+00
        333 242.508854    0.02306     1.3833     83.000      7.427  46824.357    29.8718    12.4187      7.357    6.19527    12.4079    22.5332   11.26003 1.4733e+02 0.0000e+00
        334 242.508857    0.02313     1.3875     83.250      7.668  46828.630    29.8743    12.4138      7.595    6.19581    12.4031    22.5361   11.26089 1.4300e+02 0.0000e+00
        335 242.508860    0.02319     1.3917     83.500      7.911  46833.317    29.8771    12.4089      7.837    6.19634    12.3985    22.5391   11.26174 1.3780e+02 0.0000e+00
        336 242.508863    0.02326     1.3958     83.750      8.157  46838.179    29.8800    12.4041      8.080    6.19685    12.3941    22.5423   11.26255 1.3210e+02 0.0000e+00
        337 242.508866    0.02333     1.4000     84.000      8.406  46843.099    29.8830    12.3996      8.327    6.19733    12.3900    22.5454   11.26331 1.2614e+02 0.0000e+00
        338 242.508869    0.02340     1.4042     84.250      8.657  46848.033    29.8860    12.3952      8.575    6.19778    12.3862    22.5486   11.26402 1.2023e+02 0.0000e+00
        339 242.508872    0.02347     1.4083     84.500      8.909  46852.819    29.8889    12.3911      8.825    6.19820    12.3827    22.5516   11.26469 1.1472e+02 0.0000e+00
        340 242.508874    0.02354     1.4125     84.750      9.162  46857.313    29.8916    12.3873      9.076    6.19859    12.3797    22.5544   11.26531 1.0973e+02 0.0000e+00
        341 242.508877    0.02361     1.4167     85.000      9.418  46861.441    29.8941    12.3839      9.330    6.19894    12.3770    22.5570   11.26586 1.0513e+02 0.0000e+00
        342 242.508880    0.02368     1.4208     85.250      9.676  46865.174    29.8964    12.3809      9.585    6.19925    12.3745    22.5593   11.26634 1.0075e+02 0.0000e+00
        343 242.508883    0.02375     1.4250     85.500      9.935  46868.582    29.8985    12.3782      9.842    6.19951    12.3722    22.5614   11.26676 9.6675e+01 0.0000e+00
        344 242.508886    0.02382     1.4292     85.750     10.194  46871.783    29.9004    12.3758     10.098    6.19976    12.3699    22.5634   11.26714 9.3013e+01 0.0000e+00
        345 242.508889    0.02389     1.4333     86.000     10.452  46874.901    29.9023    12.3735     10.354    6.19998    12.3676    22.5653   11.26749 8.9765e+01 0.0000e+00
        346 242.508892    0.02396     1.4375     86.250     10.708  46878.056    29.9042    12.3712     10.608    6.20020    12.3653    22.5672   11.26783 8.6776e+01 0.0000e+00
        347 242.508895    0.02403     1.4417     86.500     10.962  46881.312    29.9062    12.3690     10.860    6.20041    12.3630    22.5692   11.26816 8.3802e+01 0.0000e+00
        348 242.508898    0.02410     1.4458     86.750     11.213  46884.661    29.9083    12.3667     11.108    6.20062    12.3608    22.5712   11.26849 8.0683e+01 0.0000e+00
        349 242.508900    0.02417     1.4500     87.000     11.459  46888.038    29.9104    12.3645     11.352    6.20084    12.3587    22.5733   11.26882 7.7434e+01 0.0000e+00
        350 242.508903    0.02424     1.4542     87.250     11.701  46891.320    29.9125    12.3623     11.591    6.20105    12.3567    22.5752   11.26915 7.4222e+01 0.0000e+00
        351 242.508906    0.02431     1.4583     87.500     11.940  46894.363    29.9143    12.3602     11.828    6.20125    12.3550    22.5771   11.26946 7.1290e+01 0.0000e+00
        352 242.508909    0.02438     1.4625     87.750     12.177  46897.122    29.9160    12.3583     12.063    6.20143    12.3533    22.5787   11.26974 6.8783e+01 0.0000e+00
        353 242.508912    0.02444     1.4667     88.000     12.416  46899.682    29.9176    12.3566     12.300    6.20160    12.3516    22.5803   11.27000 6.6609e+01 0.0000e+00
        354 242.508915    0.02451     1.4708     88.250     12.658  46902.162    29.9191    12.3549     12.540    6.20175    12.3498    22.5817   11.27024 6.4531e+01 0.0000e+00
        355 242.508918    0.02458     1.4750     88.500     12.904  46904.679    29.9206    12.3532     12.783    6.20191    12.3480    22.5832   11.27049 6.2388e+01 0.0000e+00
        356 242.508921    0.02465     1.4792     88.750     13.154  46907.275    29.9222    12.3515     13.031    6.20208    12.3463    22.5848   11.27074 6.0164e+01 0.0000e+00
        357 242.508924    0.02472     1.4833     89.000     13.408  46909.886    29.9238    12.3497     13.282    6.20224    12.3446    22.5863   11.27100 5.7917e+01 0.0000e+00
        358 242.508927    0.02479     1.4875     89.250     13.666  46912.459    29.9253    12.3480     13.538    6.20241    12.3430    22.5879   11.27125 5.5700e+01 0.0000e+00
        359 242.508929    0.02486     1.4917     89.500     13.927  46914.999    29.9269    12.3464     13.796    6.20256    12.3413    22.5894   11.27149 5.3518e+01 0.0000e+00
        360 242.508932    0.02493     1.4958     89.750     14.190  46917.543    29.9285    12.3448     14.057    6.20271    12.3395    22.5909   11.27172 5.1350e+01 0.0000e+00
        361 242.508935    0.02500     1.5000     90.000     14.454  46920.224    29.9301    12.3431     14.319    6.20286    12.3377    22.5925   11.27195 4.9200e+01 0.0000e+00
