CTD-processing/allCTD/CNV--turbid/2016_10-13_t9_s10_cast140.cnv
* Sea-Bird SBE19plus Data File:
* FileName = P:\My Documents\kasitsna\Research-KBL\Oceanography-AK\CTD-Data-ALL-to-2016-05\2016-CTD-KachemakBay-CookInlet\2016-10-13-CookInlet-HomerSpit-monthly\2016-10-13-CookInlet-Tran9-cast140.hex
* Software Version 1.59
* Temperature SN =  5028
* Conductivity SN =  5028
* System UpLoad Time = Dec 06 2016 20:21:06
** Cook Inlet LTM Tran 9 Homer Spit north to south
** Date: (YYYY-MM-DD): 2016-10-13
** Station: (eg. 9-01): 9-10
** Start time (AKDT): 12:40
** Depth (m): 65.8
** Comment: R/V Edgecumbe
** Comment:
# nquan = 16
# nvalues = 552                         
# units = specified
# name 0 = scan: Scan Count
# name 1 = timeJ: Julian Days
# name 2 = timeH: Time, Elapsed [hours]
# name 3 = timeM: Time, Elapsed [minutes]
# name 4 = timeS: Time, Elapsed [seconds]
# name 5 = prdM: Pressure, Strain Gauge [db]
# name 6 = specc: Specific Conductance [uS/cm]
# name 7 = sal00: Salinity, Practical [PSU]
# name 8 = tv290C: Temperature [ITS-90, deg C]
# name 9 = depSM: Depth [salt water, m], lat = 59.00
# name 10 = oxsolML/L: Oxygen Saturation, Garcia & Gordon [ml/l]
# name 11 = potemp090C: Potential Temperature [ITS-90, deg C]
# name 12 = sigma-é00: Density [sigma-theta, kg/m^3]
# name 13 = n2satML/L: Nitrogen Saturation [ml/l]
# name 14 = par: PAR/Irradiance, Biospherical/Licor
# name 15 = flag:  0.000e+00
# span 0 =          1,        552       
# span 1 = 287.528090, 287.529685       
# span 2 =    0.00000,    0.03826       
# span 3 =     0.0000,     2.2958       
# span 4 =      0.000,    137.750       
# span 5 =     -0.164,     49.477       
# span 6 =  11080.821,  47622.987       
# span 7 =     7.5785,    30.2327       
# span 8 =    10.1486,    14.8376       
# span 9 =     -0.162,     49.008       
# span 10 =    6.36808,    6.76096      
# span 11 =    10.1486,    13.3777      
# span 12 =     4.9662,    23.1356      
# span 13 =   11.55994,   12.48467      
# span 14 = 7.7847e-02, 8.9774e+01      
# span 15 = 0.0000e+00, 0.0000e+00      
# interval = seconds: 0.25
# start_time = Oct 13 2016 12:40:27 [Instrument's time stamp, header]
# bad_flag = -9.990e-29
*END*
[from data line 362]
        363 287.529138    0.02514     1.5083     90.500     13.021  46329.421    29.3434    10.6407     12.898    6.45685    10.5975    22.4352   11.70044 4.7513e+00 0.0000e+00
        364 287.529141    0.02521     1.5125     90.750     13.229  46323.228    29.3369    10.6219     13.104    6.45976    10.5720    22.4333   11.70534 4.5030e+00 0.0000e+00
        365 287.529144    0.02528     1.5167     91.000     13.444  46324.154    29.3350    10.5990     13.318    6.46306    10.5475    22.4356   11.71084 4.2567e+00 0.0000e+00
        366 287.529146    0.02535     1.5208     91.250     13.661  46336.647    29.3409    10.5735     13.532    6.46640    10.5272    22.4444   11.71631 4.0210e+00 0.0000e+00
        367 287.529149    0.02542     1.5250     91.500     13.870  46358.914    29.3537    10.5490     13.739    6.46932    10.5123    22.4584   11.72100 3.8024e+00 0.0000e+00
        368 287.529152    0.02549     1.5292     91.750     14.068  46385.210    29.3698    10.5287     13.936    6.47151    10.5029    22.4743   11.72444 3.6029e+00 0.0000e+00
        369 287.529155    0.02556     1.5333     92.000     14.255  46413.373    29.3879    10.5138     14.121    6.47286    10.4987    22.4908   11.72647 3.4192e+00 0.0000e+00
        370 287.529158    0.02562     1.5375     92.250     14.435  46442.785    29.4074    10.5045     14.299    6.47337    10.4983    22.5075   11.72708 3.2461e+00 0.0000e+00
        371 287.529161    0.02569     1.5417     92.500     14.613  46470.129    29.4260    10.5004     14.475    6.47318    10.4994    22.5227   11.72655 3.0799e+00 0.0000e+00
        372 287.529164    0.02576     1.5458     92.750     14.793  46492.731    29.4418    10.5000     14.654    6.47259    10.5002    22.5350   11.72537 2.9186e+00 0.0000e+00
        373 287.529167    0.02583     1.5500     93.000     14.977  46512.049    29.4554    10.5011     14.836    6.47187    10.5007    22.5454   11.72401 2.7624e+00 0.0000e+00
        374 287.529170    0.02590     1.5542     93.250     15.165  46533.511    29.4705    10.5019     15.022    6.47113    10.5017    22.5570   11.72260 2.6119e+00 0.0000e+00
        375 287.529172    0.02597     1.5583     93.500     15.356  46559.507    29.4887    10.5024     15.212    6.47031    10.5042    22.5711   11.72103 2.4671e+00 0.0000e+00
        376 287.529175    0.02604     1.5625     93.750     15.549  46585.967    29.5073    10.5034     15.403    6.46940    10.5085    22.5855   11.71929 2.3285e+00 0.0000e+00
        377 287.529178    0.02611     1.5667     94.000     15.743  46607.815    29.5228    10.5060     15.595    6.46840    10.5140    22.5971   11.71744 2.1973e+00 0.0000e+00
        378 287.529181    0.02618     1.5708     94.250     15.934  46623.799    29.5344    10.5102     15.784    6.46732    10.5205    22.6055   11.71552 2.0751e+00 0.0000e+00
        379 287.529184    0.02625     1.5750     94.500     16.122  46635.441    29.5431    10.5158     15.971    6.46617    10.5276    22.6113   11.71351 1.9619e+00 0.0000e+00
        380 287.529187    0.02632     1.5792     94.750     16.307  46644.183    29.5499    10.5223     16.154    6.46498    10.5352    22.6155   11.71145 1.8570e+00 0.0000e+00
        381 287.529190    0.02639     1.5833     95.000     16.491  46651.154    29.5555    10.5295     16.336    6.46374    10.5433    22.6187   11.70933 1.7583e+00 0.0000e+00
        382 287.529193    0.02646     1.5875     95.250     16.678  46657.682    29.5609    10.5371     16.521    6.46245    10.5517    22.6216   11.70712 1.6636e+00 0.0000e+00
        383 287.529196    0.02653     1.5917     95.500     16.873  46664.043    29.5662    10.5452     16.714    6.46110    10.5603    22.6244   11.70481 1.5709e+00 0.0000e+00
        384 287.529198    0.02660     1.5958     95.750     17.077  46669.713    29.5710    10.5537     16.916    6.45970    10.5688    22.6268   11.70245 1.4805e+00 0.0000e+00
        385 287.529201    0.02667     1.6000     96.000     17.289  46675.308    29.5758    10.5623     17.126    6.45829    10.5767    22.6291   11.70005 1.3939e+00 0.0000e+00
        386 287.529204    0.02674     1.6042     96.250     17.504  46681.440    29.5810    10.5707     17.339    6.45690    10.5832    22.6317   11.69767 1.3137e+00 0.0000e+00
        387 287.529207    0.02681     1.6083     96.500     17.714  46685.461    29.5846    10.5787     17.548    6.45563    10.5868    22.6332   11.69552 1.2421e+00 0.0000e+00
        388 287.529210    0.02688     1.6125     96.750     17.912  46684.590    29.5846    10.5852     17.744    6.45471    10.5870    22.6322   11.69400 1.1802e+00 0.0000e+00
        389 287.529213    0.02694     1.6167     97.000     18.095  46682.192    29.5833    10.5888     17.925    6.45426    10.5845    22.6305   11.69326 1.1269e+00 0.0000e+00
        390 287.529216    0.02701     1.6208     97.250     18.264  46683.438    29.5841    10.5890     18.093    6.45420    10.5808    22.6312   11.69316 1.0795e+00 0.0000e+00
        391 287.529219    0.02708     1.6250     97.500     18.427  46690.283    29.5886    10.5865     18.254    6.45436    10.5772    22.6351   11.69337 1.0345e+00 0.0000e+00
        392 287.529222    0.02715     1.6292     97.750     18.593  46702.295    29.5965    10.5829     18.419    6.45455    10.5749    22.6419   11.69359 9.8919e-01 0.0000e+00
        393 287.529225    0.02722     1.6333     98.000     18.770  46718.838    29.6076    10.5793     18.594    6.45459    10.5758    22.6511   11.69353 9.4259e-01 0.0000e+00
        394 287.529227    0.02729     1.6375     98.250     18.958  46741.171    29.6230    10.5771     18.780    6.45427    10.5809    22.6634   11.69282 8.9508e-01 0.0000e+00
        395 287.529230    0.02736     1.6417     98.500     19.157  46766.340    29.6407    10.5779     18.977    6.45343    10.5885    22.6771   11.69120 8.4809e-01 0.0000e+00
        396 287.529233    0.02743     1.6458     98.750     19.359  46783.141    29.6530    10.5831     19.177    6.45220    10.5945    22.6858   11.68902 8.0333e-01 0.0000e+00
        397 287.529236    0.02750     1.6500     99.000     19.559  46784.127    29.6545    10.5907     19.375    6.45106    10.5951    22.6857   11.68711 7.6195e-01 0.0000e+00
        398 287.529239    0.02757     1.6542     99.250     19.755  46773.770    29.6478    10.5967     19.569    6.45050    10.5895    22.6795   11.68627 7.2419e-01 0.0000e+00
        399 287.529242    0.02764     1.6583     99.500     19.946  46761.243    29.6390    10.5973     19.759    6.45077    10.5789    22.6725   11.68682 6.8963e-01 0.0000e+00
        400 287.529245    0.02771     1.6625     99.750     20.134  46753.638    29.6329    10.5917     19.945    6.45181    10.5656    22.6687   11.68861 6.5747e-01 0.0000e+00
        401 287.529248    0.02778     1.6667    100.000     20.321  46754.397    29.6322    10.5811     20.130    6.45333    10.5521    22.6699   11.69113 6.2711e-01 0.0000e+00
        402 287.529251    0.02785     1.6708    100.250     20.507  46764.065    29.6374    10.5679     20.314    6.45497    10.5407    22.6762   11.69380 5.9819e-01 0.0000e+00
        403 287.529253    0.02792     1.6750    100.500     20.694  46781.525    29.6481    10.5545     20.500    6.45642    10.5323    22.6868   11.69606 5.7027e-01 0.0000e+00
        404 287.529256    0.02799     1.6792    100.750     20.883  46802.584    29.6616    10.5430     20.686    6.45747    10.5267    22.6991   11.69766 5.4314e-01 0.0000e+00
        405 287.529259    0.02806     1.6833    101.000     21.073  46821.524    29.6739    10.5346     20.874    6.45814    10.5229    22.7100   11.69862 5.1694e-01 0.0000e+00
        406 287.529262    0.02813     1.6875    101.250     21.262  46837.086    29.6841    10.5290     21.062    6.45850    10.5201    22.7189   11.69910 4.9199e-01 0.0000e+00
        407 287.529265    0.02819     1.6917    101.500     21.451  46851.353    29.6936    10.5253     21.249    6.45864    10.5179    22.7270   11.69921 4.6830e-01 0.0000e+00
        408 287.529268    0.02826     1.6958    101.750     21.640  46865.593    29.7032    10.5225     21.436    6.45864    10.5164    22.7349   11.69908 4.4560e-01 0.0000e+00
        409 287.529271    0.02833     1.7000    102.000     21.831  46880.185    29.7132    10.5204     21.626    6.45853    10.5158    22.7430   11.69878 4.2367e-01 0.0000e+00
        410 287.529274    0.02840     1.7042    102.250     22.027  46895.289    29.7235    10.5189     21.820    6.45831    10.5163    22.7513   11.69830 4.0250e-01 0.0000e+00
        411 287.529277    0.02847     1.7083    102.500     22.226  46910.914    29.7343    10.5182     22.017    6.45795    10.5178    22.7598   11.69758 3.8230e-01 0.0000e+00
        412 287.529280    0.02854     1.7125    102.750     22.426  46925.234    29.7444    10.5187     22.215    6.45747    10.5198    22.7676   11.69666 3.6336e-01 0.0000e+00
        413 287.529282    0.02861     1.7167    103.000     22.624  46935.800    29.7519    10.5202     22.411    6.45694    10.5219    22.7732   11.69570 3.4585e-01 0.0000e+00
        414 287.529285    0.02868     1.7208    103.250     22.817  46942.921    29.7571    10.5223     22.602    6.45644    10.5240    22.7768   11.69480 3.2973e-01 0.0000e+00
        415 287.529288    0.02875     1.7250    103.500     23.005  46948.628    29.7612    10.5245     22.788    6.45597    10.5260    22.7797   11.69396 3.1488e-01 0.0000e+00
        416 287.529291    0.02882     1.7292    103.750     23.189  46954.667    29.7656    10.5265     22.970    6.45550    10.5283    22.7828   11.69313 3.0113e-01 0.0000e+00
        417 287.529294    0.02889     1.7333    104.000     23.370  46962.038    29.7710    10.5285     23.150    6.45499    10.5310    22.7867   11.69223 2.8826e-01 0.0000e+00
        418 287.529297    0.02896     1.7375    104.250     23.553  46970.419    29.7770    10.5308     23.331    6.45442    10.5343    22.7910   11.69121 2.7600e-01 0.0000e+00
        419 287.529300    0.02903     1.7417    104.500     23.739  46978.744    29.7831    10.5336     23.515    6.45378    10.5379    22.7953   11.69008 2.6422e-01 0.0000e+00
        420 287.529303    0.02910     1.7458    104.750     23.930  46986.501    29.7889    10.5369     23.705    6.45308    10.5416    22.7992   11.68885 2.5287e-01 0.0000e+00
        421 287.529306    0.02917     1.7500    105.000     24.126  46994.240    29.7946    10.5405     23.899    6.45234    10.5454    22.8031   11.68755 2.4198e-01 0.0000e+00
        422 287.529308    0.02924     1.7542    105.250     24.329  47002.645    29.8009    10.5443     24.100    6.45155    10.5493    22.8073   11.68617 2.3157e-01 0.0000e+00
        423 287.529311    0.02931     1.7583    105.500     24.535  47011.017    29.8071    10.5481     24.304    6.45076    10.5530    22.8116   11.68477 2.2178e-01 0.0000e+00
        424 287.529314    0.02937     1.7625    105.750     24.740  47018.232    29.8126    10.5520     24.507    6.44999    10.5565    22.8152   11.68343 2.1277e-01 0.0000e+00
        425 287.529317    0.02944     1.7667    106.000     24.941  47024.330    29.8172    10.5558     24.707    6.44927    10.5597    22.8181   11.68219 2.0462e-01 0.0000e+00
        426 287.529320    0.02951     1.7708    106.250     25.137  47029.811    29.8214    10.5593     24.900    6.44861    10.5626    22.8208   11.68104 1.9723e-01 0.0000e+00
        427 287.529323    0.02958     1.7750    106.500     25.329  47035.175    29.8254    10.5625     25.090    6.44799    10.5654    22.8234   11.67997 1.9040e-01 0.0000e+00
        428 287.529326    0.02965     1.7792    106.750     25.521  47041.065    29.8298    10.5654     25.281    6.44739    10.5682    22.8263   11.67893 1.8387e-01 0.0000e+00
        429 287.529329    0.02972     1.7833    107.000     25.720  47048.013    29.8349    10.5683     25.478    6.44679    10.5710    22.8299   11.67786 1.7750e-01 0.0000e+00
        430 287.529332    0.02979     1.7875    107.250     25.927  47055.847    29.8406    10.5711     25.683    6.44616    10.5739    22.8339   11.67675 1.7130e-01 0.0000e+00
        431 287.529334    0.02986     1.7917    107.500     26.141  47063.765    29.8464    10.5740     25.895    6.44552    10.5768    22.8379   11.67562 1.6540e-01 0.0000e+00
        432 287.529337    0.02993     1.7958    107.750     26.356  47071.485    29.8521    10.5769     26.108    6.44487    10.5795    22.8419   11.67448 1.5994e-01 0.0000e+00
        433 287.529340    0.03000     1.8000    108.000     26.568  47078.717    29.8574    10.5798     26.318    6.44425    10.5818    22.8455   11.67339 1.5496e-01 0.0000e+00
        434 287.529343    0.03007     1.8042    108.250     26.775  47084.772    29.8619    10.5825     26.523    6.44369    10.5837    22.8486   11.67240 1.5046e-01 0.0000e+00
        435 287.529346    0.03014     1.8083    108.500     26.975  47090.209    29.8659    10.5848     26.721    6.44319    10.5851    22.8513   11.67154 1.4641e-01 0.0000e+00
        436 287.529349    0.03021     1.8125    108.750     27.171  47096.690    29.8706    10.5867     26.915    6.44274    10.5861    22.8546   11.67073 1.4272e-01 0.0000e+00
        437 287.529352    0.03028     1.8167    109.000     27.363  47104.984    29.8765    10.5881     27.105    6.44230    10.5869    22.8590   11.66993 1.3928e-01 0.0000e+00
        438 287.529355    0.03035     1.8208    109.250     27.557  47113.986    29.8829    10.5892     27.297    6.44189    10.5876    22.8638   11.66917 1.3599e-01 0.0000e+00
        439 287.529358    0.03042     1.8250    109.500     27.754  47121.955    29.8885    10.5900     27.492    6.44154    10.5883    22.8680   11.66852 1.3283e-01 0.0000e+00
        440 287.529361    0.03049     1.8292    109.750     27.956  47128.206    29.8929    10.5907     27.693    6.44126    10.5888    22.8713   11.66800 1.2976e-01 0.0000e+00
        441 287.529363    0.03056     1.8333    110.000     28.164  47132.948    29.8962    10.5914     27.899    6.44103    10.5894    22.8738   11.66759 1.2679e-01 0.0000e+00
        442 287.529366    0.03062     1.8375    110.250     28.376  47136.587    29.8988    10.5920     28.109    6.44085    10.5900    22.8757   11.66725 1.2397e-01 0.0000e+00
        443 287.529369    0.03069     1.8417    110.500     28.587  47139.467    29.9008    10.5926     28.318    6.44068    10.5907    22.8772   11.66695 1.2135e-01 0.0000e+00
        444 287.529372    0.03076     1.8458    110.750     28.794  47141.839    29.9024    10.5932     28.523    6.44052    10.5915    22.8784   11.66666 1.1894e-01 0.0000e+00
        445 287.529375    0.03083     1.8500    111.000     28.995  47143.948    29.9039    10.5939     28.722    6.44036    10.5923    22.8794   11.66638 1.1672e-01 0.0000e+00
        446 287.529378    0.03090     1.8542    111.250     29.191  47145.980    29.9053    10.5947     28.916    6.44019    10.5932    22.8804   11.66608 1.1468e-01 0.0000e+00
        447 287.529381    0.03097     1.8583    111.500     29.385  47148.195    29.9069    10.5956     29.108    6.44001    10.5941    22.8815   11.66576 1.1275e-01 0.0000e+00
        448 287.529384    0.03104     1.8625    111.750     29.581  47151.022    29.9089    10.5965     29.303    6.43980    10.5952    22.8829   11.66539 1.1091e-01 0.0000e+00
        449 287.529387    0.03111     1.8667    112.000     29.780  47155.095    29.9118    10.5975     29.500    6.43955    10.5965    22.8850   11.66493 1.0916e-01 0.0000e+00
        450 287.529389    0.03118     1.8708    112.250     29.981  47160.662    29.9158    10.5986     29.699    6.43923    10.5981    22.8879   11.66436 1.0751e-01 0.0000e+00
        451 287.529392    0.03125     1.8750    112.500     30.180  47166.638    29.9200    10.6000     29.896    6.43886    10.5996    22.8910   11.66370 1.0601e-01 0.0000e+00
