CTD-processing/allCTD/CNV--turbid/2016_02-16_t7_s10_cast155.cnv
* Sea-Bird SBE19plus Data File:
* FileName = C:\Users\Kris.Holderied\Documents\kasitsna\Research-KBL\Oceanography-AK\CTD-Data-ALL-to-2016-02\2016-CTD-KachemakBay-CookInlet\2016-02-CookInlet-quarterly\2016-02-16-CookInlet-Tran7-Augustine\2016-02-16-CookInlet-Tran7-cast155.hex
* Software Version 1.59
* Temperature SN =  5028
* Conductivity SN =  5028
* System UpLoad Time = Feb 16 2016 10:44:24
** Cook Inlet LTM Tran7 Augustine East to West

** Date: 02-16
** Station: 7-10
** Start time (AKST): 03:57
** Depth (m): 76
** Comment:  R/V Pandalus
** Comment: Zooplankton 50m vert tow, Phytoplankton 40 l surface, OA samples surface and 71m
# nquan = 16
# nvalues = 579                         
# units = specified
# name 0 = scan: Scan Count
# name 1 = timeJ: Julian Days
# name 2 = timeH: Time, Elapsed [hours]
# name 3 = timeM: Time, Elapsed [minutes]
# name 4 = timeS: Time, Elapsed [seconds]
# name 5 = prdM: Pressure, Strain Gauge [db]
# name 6 = specc: Specific Conductance [uS/cm]
# name 7 = sal00: Salinity, Practical [PSU]
# name 8 = tv290C: Temperature [ITS-90, deg C]
# name 9 = depSM: Depth [salt water, m], lat = 59.00
# name 10 = oxsolML/L: Oxygen Saturation, Garcia & Gordon [ml/l]
# name 11 = potemp090C: Potential Temperature [ITS-90, deg C]
# name 12 = sigma-é00: Density [sigma-theta, kg/m^3]
# name 13 = n2satML/L: Nitrogen Saturation [ml/l]
# name 14 = par: PAR/Irradiance, Biospherical/Licor
# name 15 = flag:  0.000e+00
# span 0 =          1,        579       
# span 1 =  47.164803,  47.166476       
# span 2 =    0.00000,    0.04014       
# span 3 =     0.0000,     2.4083       
# span 4 =      0.000,    144.500       
# span 5 =     -0.135,     77.010       
# span 6 =   1521.083,  50481.722       
# span 7 =     0.7375,    31.5777       
# span 8 =     4.2111,     6.3054       
# span 9 =     -0.133,     76.277       
# span 10 =    7.01707,    9.07585      
# span 11 =     4.2111,     6.2990      
# span 12 =     0.5677,    24.8131      
# span 13 =   12.60047,   16.47761      
# span 14 = 3.7976e-02, 3.1083e-01      
# span 15 = 0.0000e+00, 0.0000e+00      
# interval = seconds: 0.25
# start_time = Feb 16 2016 03:57:19 [Instrument's time stamp, header]
# bad_flag = -9.990e-29
*END*
[from data line 181]
        182  47.165327    0.01257     0.7542     45.250      0.932  50174.403    31.3456     6.0149      0.923    7.07588     6.0146    24.6643   12.70060 3.8023e-02 0.0000e+00
        183  47.165330    0.01264     0.7583     45.500      0.968  50129.397    31.3151     6.0182      0.959    7.07678     6.0027    24.6398   12.70248 3.8037e-02 0.0000e+00
        184  47.165333    0.01271     0.7625     45.750      0.987  50081.092    31.2810     6.0147      0.978    7.07896     5.9809    24.6133   12.70650 3.8066e-02 0.0000e+00
        185  47.165336    0.01278     0.7667     46.000      0.986  50050.519    31.2576     6.0028      0.977    7.08205     5.9513    24.5962   12.71191 3.8120e-02 0.0000e+00
        186  47.165339    0.01285     0.7708     46.250      0.966  50050.866    31.2536     5.9810      0.958    7.08587     5.9196    24.5957   12.71828 3.8212e-02 0.0000e+00
        187  47.165341    0.01292     0.7750     46.500      0.932  50080.743    31.2685     5.9514      0.924    7.09010     5.8920    24.6110   12.72509 3.8367e-02 0.0000e+00
        188  47.165344    0.01299     0.7792     46.750      0.888  50129.054    31.2957     5.9197      0.880    7.09411     5.8728    24.6362   12.73135 3.8626e-02 0.0000e+00
        189  47.165347    0.01306     0.7833     47.000      0.838  50185.011    31.3290     5.8921      0.831    7.09715     5.8641    24.6658   12.73596 3.8790e-02 0.0000e+00
        190  47.165350    0.01313     0.7875     47.250      0.790  50242.461    31.3650     5.8729      0.783    7.09867     5.8663    24.6964   12.73802 3.8635e-02 0.0000e+00
        191  47.165353    0.01319     0.7917     47.500      0.748  50295.842    31.4002     5.8641      0.741    7.09847     5.8790    24.7252   12.73723 3.8387e-02 0.0000e+00
        192  47.165356    0.01326     0.7958     47.750      0.720  50335.684    31.4282     5.8664      0.713    7.09678     5.9000    24.7471   12.73408 3.8249e-02 0.0000e+00
        193  47.165359    0.01333     0.8000     48.000      0.708  50353.267    31.4428     5.8790      0.702    7.09397     5.9242    24.7571   12.72926 3.8184e-02 0.0000e+00
        194  47.165362    0.01340     0.8042     48.250      0.711  50344.079    31.4405     5.9000      0.705    7.09057     5.9454    24.7528   12.72367 3.8174e-02 0.0000e+00
        195  47.165365    0.01347     0.8083     48.500      0.722  50306.126    31.4190     5.9242      0.715    7.08754     5.9589    24.7330   12.71893 3.8217e-02 0.0000e+00
        196  47.165367    0.01354     0.8125     48.750      0.732  50247.816    31.3829     5.9454      0.726    7.08571     5.9623    24.7019   12.71636 3.8325e-02 0.0000e+00
        197  47.165370    0.01361     0.8167     49.000      0.740  50190.973    31.3462     5.9590      0.733    7.08517     5.9549    24.6714   12.71594 3.8526e-02 0.0000e+00
        198  47.165373    0.01368     0.8208     49.250      0.742  50157.823    31.3240     5.9623      0.735    7.08565     5.9408    24.6534   12.71702 3.8873e-02 0.0000e+00
        199  47.165376    0.01375     0.8250     49.500      0.743  50160.725    31.3246     5.9550      0.736    7.08685     5.9274    24.6548   12.71900 3.9459e-02 0.0000e+00
        200  47.165379    0.01382     0.8292     49.750      0.748  50197.591    31.3473     5.9409      0.741    7.08814     5.9210    24.6744   12.72083 4.0441e-02 0.0000e+00
        201  47.165382    0.01389     0.8333     50.000      0.763  50251.979    31.3823     5.9274      0.756    7.08873     5.9247    24.7036   12.72137 4.2080e-02 0.0000e+00
        202  47.165385    0.01396     0.8375     50.250      0.793  50302.203    31.4157     5.9210      0.786    7.08823     5.9384    24.7308   12.72011 4.4814e-02 0.0000e+00
        203  47.165388    0.01403     0.8417     50.500      0.836  50334.498    31.4387     5.9248      0.828    7.08652     5.9582    24.7485   12.71699 4.9371e-02 0.0000e+00
        204  47.165391    0.01410     0.8458     50.750      0.888  50345.124    31.4487     5.9385      0.880    7.08376     5.9785    24.7548   12.71231 5.6966e-02 0.0000e+00
        205  47.165394    0.01417     0.8500     51.000      0.941  50332.989    31.4441     5.9583      0.932    7.08068     5.9944    24.7488   12.70727 6.8698e-02 0.0000e+00
        206  47.165396    0.01424     0.8542     51.250      0.985  50298.279    31.4241     5.9786      0.976    7.07825     6.0028    24.7305   12.70351 8.4034e-02 0.0000e+00
        207  47.165399    0.01431     0.8583     51.500      1.014  50244.882    31.3902     5.9945      1.005    7.07718     6.0013    24.7019   12.70219 9.3923e-02 0.0000e+00
        208  47.165402    0.01438     0.8625     51.750      1.021  50185.766    31.3510     6.0029      1.011    7.07763     5.9881    24.6700   12.70342 9.0218e-02 0.0000e+00
        209  47.165405    0.01444     0.8667     52.000      1.002  50145.157    31.3226     6.0014      0.992    7.07922     5.9652    24.6478   12.70641 7.9570e-02 0.0000e+00
        210  47.165408    0.01451     0.8708     52.250      0.960  50143.457    31.3189     5.9882      0.951    7.08159     5.9395    24.6464   12.71036 6.8671e-02 0.0000e+00
        211  47.165411    0.01458     0.8750     52.500      0.905  50180.873    31.3404     5.9653      0.896    7.08440     5.9189    24.6661   12.71474 5.8671e-02 0.0000e+00
        212  47.165414    0.01465     0.8792     52.750      0.845  50241.565    31.3773     5.9395      0.837    7.08695     5.9089    24.6983   12.71849 5.0972e-02 0.0000e+00
        213  47.165417    0.01472     0.8833     53.000      0.794  50305.262    31.4174     5.9190      0.787    7.08850     5.9122    24.7323   12.72053 4.5819e-02 0.0000e+00
        214  47.165420    0.01479     0.8875     53.250      0.760  50356.666    31.4509     5.9090      0.752    7.08859     5.9281    24.7600   12.72026 4.2685e-02 0.0000e+00
        215  47.165422    0.01486     0.8917     53.500      0.744  50390.679    31.4751     5.9123      0.737    7.08691     5.9515    24.7787   12.71718 4.0806e-02 0.0000e+00
        216  47.165425    0.01493     0.8958     53.750      0.744  50404.075    31.4874     5.9281      0.737    7.08368     5.9761    24.7866   12.71168 3.9682e-02 0.0000e+00
        217  47.165428    0.01500     0.9000     54.000      0.754  50393.015    31.4844     5.9516      0.747    7.07991     5.9968    24.7814   12.70550 3.9012e-02 0.0000e+00
        218  47.165431    0.01507     0.9042     54.250      0.767  50360.226    31.4665     5.9761      0.760    7.07666     6.0111    24.7643   12.70036 3.8620e-02 0.0000e+00
        219  47.165434    0.01514     0.9083     54.500      0.776  50311.591    31.4369     5.9969      0.768    7.07460     6.0175    24.7385   12.69733 3.8399e-02 0.0000e+00
        220  47.165437    0.01521     0.9125     54.750      0.777  50255.408    31.4008     6.0111      0.769    7.07392     6.0154    24.7083   12.69666 3.8290e-02 0.0000e+00
        221  47.165440    0.01528     0.9167     55.000      0.768  50207.261    31.3688     6.0175      0.761    7.07434     6.0053    24.6823   12.69777 3.8266e-02 0.0000e+00
        222  47.165443    0.01535     0.9208     55.250      0.754  50184.452    31.3526     6.0154      0.747    7.07545     5.9913    24.6698   12.69981 3.8318e-02 0.0000e+00
        223  47.165446    0.01542     0.9250     55.500      0.738  50195.042    31.3580     6.0053      0.731    7.07688     5.9798    24.6752   12.70210 3.8462e-02 0.0000e+00
        224  47.165448    0.01549     0.9292     55.750      0.729  50232.487    31.3812     5.9913      0.722    7.07812     5.9758    24.6952   12.70386 3.8736e-02 0.0000e+00
        225  47.165451    0.01556     0.9333     56.000      0.734  50279.471    31.4115     5.9799      0.727    7.07861     5.9808    24.7204   12.70428 3.9212e-02 0.0000e+00
        226  47.165454    0.01563     0.9375     56.250      0.757  50318.764    31.4378     5.9759      0.751    7.07804     5.9929    24.7417   12.70299 4.0018e-02 0.0000e+00
        227  47.165457    0.01569     0.9417     56.500      0.800  50341.757    31.4547     5.9809      0.793    7.07642     6.0077    24.7544   12.70010 4.1368e-02 0.0000e+00
        228  47.165460    0.01576     0.9458     56.750      0.856  50345.886    31.4599     5.9929      0.848    7.07417     6.0213    24.7571   12.69633 4.3623e-02 0.0000e+00
        229  47.165463    0.01583     0.9500     57.000      0.916  50330.782    31.4523     6.0078      0.907    7.07205     6.0306    24.7493   12.69293 4.7385e-02 0.0000e+00
        230  47.165466    0.01590     0.9542     57.250      0.968  50298.497    31.4325     6.0214      0.959    7.07072     6.0335    24.7321   12.69098 5.3655e-02 0.0000e+00
        231  47.165469    0.01597     0.9583     57.500      1.006  50254.667    31.4040     6.0306      0.996    7.07052     6.0285    24.7085   12.69101 6.4106e-02 0.0000e+00
        232  47.165472    0.01604     0.9625     57.750      1.023  50211.846    31.3749     6.0336      1.013    7.07140     6.0150    24.6852   12.69282 7.6945e-02 0.0000e+00
        233  47.165475    0.01611     0.9667     58.000      1.018  50186.979    31.3568     6.0286      1.008    7.07308     5.9955    24.6715   12.69584 8.5072e-02 0.0000e+00
        234  47.165477    0.01618     0.9708     58.250      0.991  50190.105    31.3563     6.0150      0.982    7.07536     5.9755    24.6728   12.69961 8.6293e-02 0.0000e+00
        235  47.165480    0.01625     0.9750     58.500      0.947  50217.178    31.3713     5.9955      0.938    7.07791     5.9597    24.6869   12.70362 8.7011e-02 0.0000e+00
        236  47.165483    0.01632     0.9792     58.750      0.891  50256.414    31.3946     5.9755      0.883    7.08013     5.9498    24.7077   12.70700 8.6785e-02 0.0000e+00
        237  47.165486    0.01639     0.9833     59.000      0.830  50296.632    31.4193     5.9597      0.822    7.08160     5.9462    24.7291   12.70912 7.9011e-02 0.0000e+00
        238  47.165489    0.01646     0.9875     59.250      0.769  50329.747    31.4403     5.9498      0.762    7.08227     5.9490    24.7468   12.70995 6.6764e-02 0.0000e+00
        239  47.165492    0.01653     0.9917     59.500      0.715  50351.458    31.4547     5.9462      0.709    7.08220     5.9579    24.7586   12.70965 5.6199e-02 0.0000e+00
        240  47.165495    0.01660     0.9958     59.750      0.672  50361.663    31.4623     5.9490      0.666    7.08137     5.9719    24.7642   12.70819 4.8928e-02 0.0000e+00
        241  47.165498    0.01667     1.0000     60.000      0.644  50364.573    31.4661     5.9580      0.639    7.07970     5.9889    24.7661   12.70538 4.4576e-02 0.0000e+00
        242  47.165501    0.01674     1.0042     60.250      0.636  50364.573    31.4688     5.9719      0.630    7.07725     6.0066    24.7666   12.70130 4.1985e-02 0.0000e+00
        243  47.165503    0.01681     1.0083     60.500      0.646  50360.453    31.4692     5.9889      0.641    7.07440     6.0230    24.7650   12.69659 4.0463e-02 0.0000e+00
        244  47.165506    0.01688     1.0125     60.750      0.673  50347.454    31.4636     6.0067      0.667    7.07171     6.0362    24.7585   12.69221 3.9604e-02 0.0000e+00
        245  47.165509    0.01694     1.0167     61.000      0.709  50323.173    31.4500     6.0230      0.702    7.06963     6.0453    24.7457   12.68895 3.9180e-02 0.0000e+00
        246  47.165512    0.01701     1.0208     61.250      0.746  50287.803    31.4281     6.0363      0.739    7.06846     6.0497    24.7268   12.68729 3.9076e-02 0.0000e+00
        247  47.165515    0.01708     1.0250     61.500      0.780  50244.999    31.4003     6.0453      0.772    7.06825     6.0492    24.7038   12.68731 3.9266e-02 0.0000e+00
        248  47.165518    0.01715     1.0292     61.750      0.809  50203.310    31.3723     6.0498      0.802    7.06883     6.0434    24.6812   12.68861 3.9800e-02 0.0000e+00
        249  47.165521    0.01722     1.0333     62.000      0.834  50171.890    31.3504     6.0493      0.827    7.06993     6.0332    24.6640   12.69072 4.0820e-02 0.0000e+00
        250  47.165524    0.01729     1.0375     62.250      0.857  50156.580    31.3387     6.0435      0.850    7.07144     6.0208    24.6555   12.69336 4.2599e-02 0.0000e+00
        251  47.165527    0.01736     1.0417     62.500      0.879  50157.582    31.3375     6.0333      0.871    7.07321     6.0088    24.6557   12.69629 4.5611e-02 0.0000e+00
        252  47.165530    0.01743     1.0458     62.750      0.899  50169.295    31.3432     6.0209      0.891    7.07499     5.9982    24.6616   12.69917 5.0659e-02 0.0000e+00
        253  47.165532    0.01750     1.0500     63.000      0.916  50183.737    31.3508     6.0089      0.908    7.07664     5.9888    24.6691   12.70179 5.9088e-02 0.0000e+00
        254  47.165535    0.01757     1.0542     63.250      0.926  50194.987    31.3565     5.9983      0.918    7.07813     5.9792    24.6749   12.70418 7.0546e-02 0.0000e+00
        255  47.165538    0.01764     1.0583     63.500      0.929  50203.114    31.3603     5.9889      0.920    7.07952     5.9679    24.6790   12.70643 8.0906e-02 0.0000e+00
        256  47.165541    0.01771     1.0625     63.750      0.923  50212.691    31.3651     5.9793      0.915    7.08088     5.9541    24.6839   12.70862 8.7903e-02 0.0000e+00
        257  47.165544    0.01778     1.0667     64.000      0.910  50227.523    31.3732     5.9680      0.902    7.08239     5.9395    24.6917   12.71102 8.9393e-02 0.0000e+00
        258  47.165547    0.01785     1.0708     64.250      0.893  50248.300    31.3848     5.9542      0.885    7.08414     5.9262    24.7025   12.71376 8.3997e-02 0.0000e+00
        259  47.165550    0.01792     1.0750     64.500      0.872  50272.799    31.3989     5.9395      0.863    7.08592     5.9157    24.7154   12.71652 7.7263e-02 0.0000e+00
        260  47.165553    0.01799     1.0792     64.750      0.847  50298.042    31.4138     5.9263      0.839    7.08744     5.9084    24.7287   12.71883 7.0959e-02 0.0000e+00
        261  47.165556    0.01806     1.0833     65.000      0.821  50322.126    31.4284     5.9158      0.813    7.08850     5.9042    24.7415   12.72041 6.2673e-02 0.0000e+00
        262  47.165558    0.01812     1.0875     65.250      0.794  50343.829    31.4420     5.9085      0.787    7.08908     5.9026    24.7531   12.72119 5.4010e-02 0.0000e+00
        263  47.165561    0.01819     1.0917     65.500      0.769  50362.039    31.4538     5.9042      0.762    7.08924     5.9035    24.7628   12.72129 4.7597e-02 0.0000e+00
        264  47.165564    0.01826     1.0958     65.750      0.748  50375.776    31.4630     5.9027      0.741    7.08906     5.9072    24.7703   12.72089 4.3748e-02 0.0000e+00
        265  47.165567    0.01833     1.1000     66.000      0.732  50384.351    31.4691     5.9036      0.725    7.08863     5.9147    24.7750   12.72009 4.1439e-02 0.0000e+00
        266  47.165570    0.01840     1.1042     66.250      0.722  50387.365    31.4719     5.9072      0.716    7.08789     5.9274    24.7768   12.71883 4.0054e-02 0.0000e+00
        267  47.165573    0.01847     1.1083     66.500      0.721  50384.687    31.4715     5.9148      0.715    7.08665     5.9448    24.7756   12.71679 3.9223e-02 0.0000e+00
        268  47.165576    0.01854     1.1125     66.750      0.731  50377.003    31.4686     5.9274      0.725    7.08468     5.9647    24.7718   12.71357 3.8724e-02 0.0000e+00
        269  47.165579    0.01861     1.1167     67.000      0.754  50366.770    31.4649     5.9448      0.748    7.08195     5.9846    24.7668   12.70911 3.8425e-02 0.0000e+00
        270  47.165582    0.01868     1.1208     67.250      0.793  50356.155    31.4615     5.9648      0.785    7.07879     6.0029    24.7617   12.70393 3.8245e-02 0.0000e+00
        271  47.165584    0.01875     1.1250     67.500      0.846  50345.197    31.4578     5.9848      0.838    7.07564     6.0186    24.7564   12.69877 3.8138e-02 0.0000e+00
