CTD-processing/allCTD/CNV--turbid/2016_01-07_alongbay_kb07_cast075.cnv
* Sea-Bird SBE19plus Data File:
* FileName = C:\Users\Kris.Holderied\Documents\kasitsna\Research-KBL\Oceanography-AK\CTD-Data-ALL-to-2015-10\2016-CTD-KachemakBay-CookInlet\2016-01-07-CookInlet-HomerSpit-monthly-plus\2016-01-07-CookInlet-Tran9-plus-cast075.hex
* Software Version 1.59
* Temperature SN =  5028
* Conductivity SN =  5028
* System UpLoad Time = Feb 09 2016 08:11:12
** Cook Inlet LTM Tran9 Homer Spit
** Date (YYYY-MM-DD): 2016-01-07
** Station (ie. 9-01):  Kbay 07
** Start time (AKST): 15:39
** Depth (m): 146.6
** Comment: R/V Edgecumbe
** Comment:
# nquan = 16
# nvalues = 1445                        
# units = specified
# name 0 = scan: Scan Count
# name 1 = timeJ: Julian Days
# name 2 = timeH: Time, Elapsed [hours]
# name 3 = timeM: Time, Elapsed [minutes]
# name 4 = timeS: Time, Elapsed [seconds]
# name 5 = prdM: Pressure, Strain Gauge [db]
# name 6 = specc: Specific Conductance [uS/cm]
# name 7 = sal00: Salinity, Practical [PSU]
# name 8 = tv290C: Temperature [ITS-90, deg C]
# name 9 = depSM: Depth [salt water, m], lat = 59.00
# name 10 = oxsolML/L: Oxygen Saturation, Garcia & Gordon [ml/l]
# name 11 = potemp090C: Potential Temperature [ITS-90, deg C]
# name 12 = sigma-é00: Density [sigma-theta, kg/m^3]
# name 13 = n2satML/L: Nitrogen Saturation [ml/l]
# name 14 = par: PAR/Irradiance, Biospherical/Licor
# name 15 = flag:  0.000e+00
# span 0 =          1,       1445       
# span 1 =   7.652512,   7.656690       
# span 2 =    0.00000,    0.10028       
# span 3 =     0.0000,     6.0167       
# span 4 =      0.000,    361.000       
# span 5 =     -0.006,    144.271       
# span 6 =  18844.726,  50155.963       
# span 7 =    11.1497,    31.3835       
# span 8 =     3.0732,     6.6418       
# span 9 =     -0.006,    142.872       
# span 10 =    6.97119,    8.68647      
# span 11 =     3.0731,     6.6296      
# span 12 =     8.8672,    24.6187      
# span 13 =   12.52709,   15.67038      
# span 14 = 3.7976e-02, 2.4407e+01      
# span 15 = 0.0000e+00, 0.0000e+00      
# interval = seconds: 0.25
# start_time = Jan 07 2016 15:39:37 [Instrument's time stamp, header]
# bad_flag = -9.990e-29
*END*
[from data line 814]
        815   7.654867    0.05653     3.3917    203.500     45.160  49924.777    31.2371     6.4667     44.733    7.00644     6.4630    24.5242   12.58722 3.7976e-02 0.0000e+00
        816   7.654870    0.05660     3.3958    203.750     45.286  49925.220    31.2373     6.4667     44.858    7.00643     6.4631    24.5244   12.58720 3.7976e-02 0.0000e+00
        817   7.654873    0.05667     3.4000    204.000     45.410  49926.016    31.2378     6.4667     44.981    7.00641     6.4632    24.5248   12.58714 3.7976e-02 0.0000e+00
        818   7.654876    0.05674     3.4042    204.250     45.531  49926.734    31.2383     6.4668     45.101    7.00637     6.4634    24.5252   12.58707 3.7976e-02 0.0000e+00
        819   7.654878    0.05681     3.4083    204.500     45.648  49926.990    31.2385     6.4669     45.216    7.00633     6.4635    24.5253   12.58702 3.7976e-02 0.0000e+00
        820   7.654881    0.05688     3.4125    204.750     45.759  49926.925    31.2384     6.4671     45.326    7.00631     6.4635    24.5252   12.58698 3.7976e-02 0.0000e+00
        821   7.654884    0.05694     3.4167    205.000     45.866  49926.803    31.2383     6.4672     45.432    7.00630     6.4635    24.5251   12.58696 3.7976e-02 0.0000e+00
        822   7.654887    0.05701     3.4208    205.250     45.970  49926.714    31.2382     6.4673     45.535    7.00629     6.4635    24.5250   12.58695 3.7976e-02 0.0000e+00
        823   7.654890    0.05708     3.4250    205.500     46.074  49926.686    31.2381     6.4673     45.638    7.00629     6.4634    24.5249   12.58695 3.7976e-02 0.0000e+00
        824   7.654893    0.05715     3.4292    205.750     46.182  49926.760    31.2381     6.4673     45.745    7.00630     6.4634    24.5249   12.58696 3.7976e-02 0.0000e+00
        825   7.654896    0.05722     3.4333    206.000     46.293  49926.945    31.2382     6.4673     45.855    7.00630     6.4635    24.5250   12.58695 3.7976e-02 0.0000e+00
        826   7.654899    0.05729     3.4375    206.250     46.409  49927.189    31.2383     6.4673     45.970    7.00629     6.4636    24.5251   12.58694 3.7976e-02 0.0000e+00
        827   7.654902    0.05736     3.4417    206.500     46.532  49927.570    31.2385     6.4674     46.091    7.00627     6.4638    24.5253   12.58691 3.7976e-02 0.0000e+00
        828   7.654905    0.05743     3.4458    206.750     46.661  49928.229    31.2389     6.4675     46.219    7.00624     6.4640    24.5256   12.58685 3.7976e-02 0.0000e+00
        829   7.654907    0.05750     3.4500    207.000     46.797  49929.149    31.2395     6.4676     46.354    7.00618     6.4644    24.5260   12.58674 3.7976e-02 0.0000e+00
        830   7.654910    0.05757     3.4542    207.250     46.938  49930.374    31.2403     6.4679     46.494    7.00609     6.4649    24.5267   12.58659 3.7976e-02 0.0000e+00
        831   7.654913    0.05764     3.4583    207.500     47.084  49931.852    31.2414     6.4683     46.638    7.00598     6.4655    24.5274   12.58639 3.7976e-02 0.0000e+00
        832   7.654916    0.05771     3.4625    207.750     47.232  49933.238    31.2424     6.4688     46.785    7.00585     6.4660    24.5282   12.58616 3.7976e-02 0.0000e+00
        833   7.654919    0.05778     3.4667    208.000     47.379  49934.386    31.2432     6.4694     46.931    7.00572     6.4665    24.5288   12.58593 3.7976e-02 0.0000e+00
        834   7.654922    0.05785     3.4708    208.250     47.526  49935.223    31.2438     6.4700     47.076    7.00559     6.4669    24.5292   12.58572 3.7976e-02 0.0000e+00
        835   7.654925    0.05792     3.4750    208.500     47.672  49935.528    31.2441     6.4705     47.220    7.00550     6.4672    24.5293   12.58557 3.7976e-02 0.0000e+00
        836   7.654928    0.05799     3.4792    208.750     47.817  49935.386    31.2440     6.4709     47.364    7.00544     6.4673    24.5292   12.58547 3.7976e-02 0.0000e+00
        837   7.654931    0.05806     3.4833    209.000     47.961  49935.129    31.2438     6.4711     47.508    7.00540     6.4674    24.5290   12.58541 3.7976e-02 0.0000e+00
        838   7.654933    0.05813     3.4875    209.250     48.106  49935.243    31.2438     6.4713     47.651    7.00538     6.4676    24.5290   12.58537 3.7976e-02 0.0000e+00
        839   7.654936    0.05819     3.4917    209.500     48.250  49936.106    31.2444     6.4714     47.794    7.00534     6.4679    24.5294   12.58530 3.7976e-02 0.0000e+00
        840   7.654939    0.05826     3.4958    209.750     48.395  49937.532    31.2453     6.4715     47.937    7.00527     6.4683    24.5301   12.58517 3.7976e-02 0.0000e+00
        841   7.654942    0.05833     3.5000    210.000     48.541  49939.180    31.2465     6.4718     48.082    7.00516     6.4689    24.5310   12.58498 3.7976e-02 0.0000e+00
        842   7.654945    0.05840     3.5042    210.250     48.688  49941.005    31.2477     6.4723     48.227    7.00503     6.4696    24.5319   12.58474 3.7976e-02 0.0000e+00
        843   7.654948    0.05847     3.5083    210.500     48.836  49943.273    31.2493     6.4729     48.374    7.00486     6.4705    24.5331   12.58444 3.7976e-02 0.0000e+00
        844   7.654951    0.05854     3.5125    210.750     48.986  49946.231    31.2515     6.4736     48.522    7.00464     6.4715    24.5347   12.58405 3.7976e-02 0.0000e+00
        845   7.654954    0.05861     3.5167    211.000     49.138  49949.009    31.2535     6.4746     48.673    7.00440     6.4725    24.5362   12.58362 3.7976e-02 0.0000e+00
        846   7.654957    0.05868     3.5208    211.250     49.291  49950.448    31.2546     6.4756     48.825    7.00417     6.4734    24.5369   12.58324 3.7976e-02 0.0000e+00
        847   7.654959    0.05875     3.5250    211.500     49.445  49950.942    31.2551     6.4766     48.977    7.00398     6.4740    24.5372   12.58292 3.7976e-02 0.0000e+00
        848   7.654962    0.05882     3.5292    211.750     49.598  49951.409    31.2555     6.4775     49.128    7.00383     6.4746    24.5374   12.58266 3.7976e-02 0.0000e+00
        849   7.654965    0.05889     3.5333    212.000     49.751  49951.948    31.2559     6.4781     49.280    7.00370     6.4750    24.5376   12.58244 3.7976e-02 0.0000e+00
        850   7.654968    0.05896     3.5375    212.250     49.904  49952.178    31.2561     6.4787     49.432    7.00360     6.4752    24.5377   12.58228 3.7976e-02 0.0000e+00
        851   7.654971    0.05903     3.5417    212.500     50.058  49952.008    31.2560     6.4791     49.585    7.00353     6.4753    24.5376   12.58217 3.7976e-02 0.0000e+00
        852   7.654974    0.05910     3.5458    212.750     50.213  49951.830    31.2558     6.4794     49.738    7.00350     6.4754    24.5374   12.58212 3.7976e-02 0.0000e+00
        853   7.654977    0.05917     3.5500    213.000     50.370  49951.990    31.2559     6.4795     49.893    7.00347     6.4756    24.5375   12.58207 3.7976e-02 0.0000e+00
        854   7.654980    0.05924     3.5542    213.250     50.528  49952.688    31.2563     6.4796     50.049    7.00343     6.4758    24.5378   12.58201 3.7976e-02 0.0000e+00
        855   7.654983    0.05931     3.5583    213.500     50.688  49953.944    31.2572     6.4798     50.208    7.00337     6.4763    24.5384   12.58189 3.7976e-02 0.0000e+00
        856   7.654986    0.05937     3.5625    213.750     50.850  49955.300    31.2581     6.4800     50.368    7.00328     6.4768    24.5391   12.58173 3.7976e-02 0.0000e+00
        857   7.654988    0.05944     3.5667    214.000     51.013  49956.605    31.2590     6.4805     50.531    7.00317     6.4775    24.5398   12.58153 3.7976e-02 0.0000e+00
        858   7.654991    0.05951     3.5708    214.250     51.178  49958.177    31.2601     6.4810     50.694    7.00303     6.4783    24.5406   12.58129 3.7976e-02 0.0000e+00
        859   7.654994    0.05958     3.5750    214.500     51.343  49960.075    31.2614     6.4817     50.857    7.00286     6.4792    24.5416   12.58098 3.7976e-02 0.0000e+00
        860   7.654997    0.05965     3.5792    214.750     51.507  49962.083    31.2629     6.4825     51.019    7.00266     6.4803    24.5426   12.58063 3.7976e-02 0.0000e+00
        861   7.655000    0.05972     3.5833    215.000     51.671  49963.746    31.2641     6.4835     51.181    7.00244     6.4813    24.5435   12.58025 3.7976e-02 0.0000e+00
        862   7.655003    0.05979     3.5875    215.250     51.834  49964.686    31.2649     6.4846     51.343    7.00223     6.4821    24.5440   12.57990 3.7976e-02 0.0000e+00
        863   7.655006    0.05986     3.5917    215.500     51.998  49964.998    31.2652     6.4856     51.505    7.00205     6.4828    24.5441   12.57960 3.7976e-02 0.0000e+00
        864   7.655009    0.05993     3.5958    215.750     52.160  49965.042    31.2653     6.4864     51.666    7.00190     6.4832    24.5441   12.57936 3.7976e-02 0.0000e+00
        865   7.655012    0.06000     3.6000    216.000     52.320  49964.966    31.2653     6.4871     51.825    7.00180     6.4835    24.5440   12.57918 3.7976e-02 0.0000e+00
        866   7.655014    0.06007     3.6042    216.250     52.475  49964.806    31.2652     6.4876     51.978    7.00173     6.4837    24.5439   12.57906 3.7976e-02 0.0000e+00
        867   7.655017    0.06014     3.6083    216.500     52.625  49964.697    31.2651     6.4879     52.126    7.00168     6.4838    24.5438   12.57899 3.7976e-02 0.0000e+00
        868   7.655020    0.06021     3.6125    216.750     52.769  49964.684    31.2651     6.4881     52.269    7.00165     6.4839    24.5437   12.57894 3.7976e-02 0.0000e+00
        869   7.655023    0.06028     3.6167    217.000     52.910  49964.691    31.2651     6.4882     52.409    7.00163     6.4840    24.5437   12.57890 3.7976e-02 0.0000e+00
        870   7.655026    0.06035     3.6208    217.250     53.050  49964.588    31.2649     6.4883     52.548    7.00162     6.4840    24.5436   12.57888 3.7976e-02 0.0000e+00
        871   7.655029    0.06042     3.6250    217.500     53.192  49964.322    31.2647     6.4884     52.688    7.00162     6.4838    24.5434   12.57889 3.7976e-02 0.0000e+00
        872   7.655032    0.06049     3.6292    217.750     53.336  49963.943    31.2644     6.4884     52.830    7.00163     6.4836    24.5431   12.57892 3.7976e-02 0.0000e+00
        873   7.655035    0.06056     3.6333    218.000     53.482  49963.642    31.2641     6.4883     52.975    7.00167     6.4834    24.5429   12.57898 3.7976e-02 0.0000e+00
        874   7.655038    0.06062     3.6375    218.250     53.629  49963.621    31.2640     6.4881     53.121    7.00170     6.4833    24.5428   12.57903 3.7976e-02 0.0000e+00
        875   7.655041    0.06069     3.6417    218.500     53.777  49963.813    31.2640     6.4879     53.268    7.00172     6.4833    24.5429   12.57908 3.7976e-02 0.0000e+00
        876   7.655043    0.06076     3.6458    218.750     53.925  49964.065    31.2641     6.4878     53.414    7.00174     6.4833    24.5430   12.57910 3.7976e-02 0.0000e+00
        877   7.655046    0.06083     3.6500    219.000     54.071  49964.380    31.2643     6.4878     53.558    7.00174     6.4834    24.5431   12.57910 3.7976e-02 0.0000e+00
        878   7.655049    0.06090     3.6542    219.250     54.215  49965.071    31.2647     6.4878     53.701    7.00172     6.4837    24.5434   12.57906 3.7976e-02 0.0000e+00
        879   7.655052    0.06097     3.6583    219.500     54.356  49966.517    31.2656     6.4879     53.841    7.00166     6.4843    24.5442   12.57895 3.7976e-02 0.0000e+00
        880   7.655055    0.06104     3.6625    219.750     54.495  49968.744    31.2672     6.4882     53.979    7.00153     6.4853    24.5453   12.57873 3.7976e-02 0.0000e+00
        881   7.655058    0.06111     3.6667    220.000     54.635  49971.738    31.2693     6.4888     54.118    7.00133     6.4866    24.5469   12.57837 3.7976e-02 0.0000e+00
        882   7.655061    0.06118     3.6708    220.250     54.778  49975.160    31.2718     6.4898     54.259    7.00106     6.4882    24.5488   12.57788 3.7976e-02 0.0000e+00
        883   7.655064    0.06125     3.6750    220.500     54.926  49978.095    31.2740     6.4912     54.406    7.00073     6.4899    24.5503   12.57731 3.7976e-02 0.0000e+00
        884   7.655067    0.06132     3.6792    220.750     55.080  49980.243    31.2757     6.4928     54.558    7.00039     6.4915    24.5515   12.57672 3.7976e-02 0.0000e+00
        885   7.655069    0.06139     3.6833    221.000     55.239  49981.989    31.2771     6.4945     54.715    7.00005     6.4932    24.5524   12.57614 3.7976e-02 0.0000e+00
        886   7.655072    0.06146     3.6875    221.250     55.399  49983.650    31.2785     6.4962     54.874    6.99971     6.4948    24.5533   12.57556 3.7976e-02 0.0000e+00
        887   7.655075    0.06153     3.6917    221.500     55.557  49985.462    31.2800     6.4978     55.031    6.99937     6.4965    24.5543   12.57499 3.7976e-02 0.0000e+00
        888   7.655078    0.06160     3.6958    221.750     55.712  49987.362    31.2816     6.4994     55.184    6.99903     6.4982    24.5553   12.57440 3.7976e-02 0.0000e+00
        889   7.655081    0.06167     3.7000    222.000     55.864  49989.246    31.2831     6.5011     55.335    6.99868     6.4999    24.5563   12.57381 3.7976e-02 0.0000e+00
        890   7.655084    0.06174     3.7042    222.250     56.015  49991.490    31.2849     6.5029     55.484    6.99832     6.5019    24.5575   12.57319 3.7976e-02 0.0000e+00
        891   7.655087    0.06181     3.7083    222.500     56.165  49994.436    31.2872     6.5047     55.633    6.99792     6.5040    24.5591   12.57251 3.7976e-02 0.0000e+00
        892   7.655090    0.06187     3.7125    222.750     56.318  49997.574    31.2896     6.5066     55.784    6.99749     6.5062    24.5608   12.57177 3.7976e-02 0.0000e+00
        893   7.655093    0.06194     3.7167    223.000     56.475  50000.371    31.2919     6.5087     55.940    6.99704     6.5085    24.5623   12.57099 3.7976e-02 0.0000e+00
        894   7.655095    0.06201     3.7208    223.250     56.640  50002.803    31.2939     6.5110     56.102    6.99659     6.5106    24.5636   12.57021 3.7976e-02 0.0000e+00
        895   7.655098    0.06208     3.7250    223.500     56.810  50004.529    31.2955     6.5132     56.271    6.99615     6.5126    24.5646   12.56946 3.7976e-02 0.0000e+00
        896   7.655101    0.06215     3.7292    223.750     56.982  50005.574    31.2965     6.5154     56.442    6.99574     6.5145    24.5651   12.56878 3.7976e-02 0.0000e+00
        897   7.655104    0.06222     3.7333    224.000     57.153  50006.430    31.2974     6.5174     56.611    6.99537     6.5162    24.5656   12.56816 3.7976e-02 0.0000e+00
        898   7.655107    0.06229     3.7375    224.250     57.318  50007.287    31.2982     6.5192     56.774    6.99503     6.5178    24.5660   12.56759 3.7976e-02 0.0000e+00
        899   7.655110    0.06236     3.7417    224.500     57.475  50008.454    31.2993     6.5210     56.930    6.99471     6.5196    24.5666   12.56703 3.7976e-02 0.0000e+00
        900   7.655113    0.06243     3.7458    224.750     57.623  50010.348    31.3008     6.5226     57.077    6.99437     6.5215    24.5676   12.56645 3.7976e-02 0.0000e+00
        901   7.655116    0.06250     3.7500    225.000     57.764  50012.584    31.3027     6.5244     57.216    6.99400     6.5234    24.5688   12.56582 3.7976e-02 0.0000e+00
        902   7.655119    0.06257     3.7542    225.250     57.897  50014.186    31.3041     6.5263     57.347    6.99362     6.5253    24.5697   12.56518 3.7976e-02 0.0000e+00
        903   7.655122    0.06264     3.7583    225.500     58.024  50014.835    31.3048     6.5283     57.474    6.99326     6.5268    24.5700   12.56458 3.7976e-02 0.0000e+00
