CTD-processing/allCTD/CNV--turbid/2016_08-29_t3_s05_cast052.cnv
* Sea-Bird SBE19plus Data File:
* FileName = C:\Users\Kim.Powell\Desktop\2016_08-29_T3_5028\2016_08-29_T3_5028_cast052.hex
* Software Version 1.59
* Temperature SN =  5028
* Conductivity SN =  5028
* System UpLoad Time = Aug 29 2016 21:34:50
** CookInlet LTM Transect 3
** 2016_08-29
** Station: 3-05
** Start Time: 09:36
** Depth (m): 15.8
** Comment:
** Comment:
# nquan = 16
# nvalues = 433                         
# units = specified
# name 0 = scan: Scan Count
# name 1 = timeJ: Julian Days
# name 2 = timeH: Time, Elapsed [hours]
# name 3 = timeM: Time, Elapsed [minutes]
# name 4 = timeS: Time, Elapsed [seconds]
# name 5 = prdM: Pressure, Strain Gauge [db]
# name 6 = specc: Specific Conductance [uS/cm]
# name 7 = sal00: Salinity, Practical [PSU]
# name 8 = tv290C: Temperature [ITS-90, deg C]
# name 9 = depSM: Depth [salt water, m], lat = 59.00
# name 10 = oxsolML/L: Oxygen Saturation, Garcia & Gordon [ml/l]
# name 11 = potemp090C: Potential Temperature [ITS-90, deg C]
# name 12 = sigma-é00: Density [sigma-theta, kg/m^3]
# name 13 = n2satML/L: Nitrogen Saturation [ml/l]
# name 14 = par: PAR/Irradiance, Biospherical/Licor
# name 15 = flag:  0.000e+00
# span 0 =          1,        433       
# span 1 = 242.400336, 242.401586       
# span 2 =    0.00000,    0.03000       
# span 3 =     0.0000,     1.8000       
# span 4 =      0.000,    108.000       
# span 5 =      0.017,     16.740       
# span 6 =    586.232,  44353.095       
# span 7 =     0.2835,    28.1563       
# span 8 =    12.7796,    14.0491       
# span 9 =      0.017,     16.583       
# span 10 =    6.19232,    7.19126      
# span 11 =    12.7776,    14.0491      
# span 12 =    -0.5405,    21.1391      
# span 13 =   11.28840,   13.30531      
# span 14 = 3.3345e-01, 4.4066e+02      
# span 15 = 0.0000e+00, 0.0000e+00      
# interval = seconds: 0.25
# start_time = Aug 29 2016 09:36:29 [Instrument's time stamp, header]
# bad_flag = -9.990e-29
*END*
[from data line 91]
         92 242.400599    0.00632     0.3792     22.750      0.823  41089.543    25.9340    13.5611      0.815    6.19958    13.5621    19.2774   11.31301 4.3462e+01 0.0000e+00
         93 242.400602    0.00639     0.3833     23.000      0.829  41084.105    25.9302    13.5616      0.821    6.19967    13.5629    19.2744   11.31320 4.3524e+01 0.0000e+00
         94 242.400605    0.00646     0.3875     23.250      0.835  41077.713    25.9258    13.5622      0.827    6.19975    13.5639    19.2709   11.31339 4.3629e+01 0.0000e+00
         95 242.400608    0.00653     0.3917     23.500      0.837  41072.196    25.9220    13.5631      0.830    6.19979    13.5650    19.2678   11.31350 4.3408e+01 0.0000e+00
         96 242.400611    0.00660     0.3958     23.750      0.836  41068.304    25.9194    13.5640      0.828    6.19977    13.5663    19.2656   11.31349 4.2758e+01 0.0000e+00
         97 242.400613    0.00667     0.4000     24.000      0.830  41065.125    25.9172    13.5651      0.822    6.19971    13.5678    19.2638   11.31341 4.2394e+01 0.0000e+00
         98 242.400616    0.00674     0.4042     24.250      0.820  41060.915    25.9144    13.5664      0.812    6.19965    13.5699    19.2613   11.31336 4.2600e+01 0.0000e+00
         99 242.400619    0.00681     0.4083     24.500      0.810  41054.533    25.9100    13.5680      0.803    6.19962    13.5727    19.2577   11.31335 4.2710e+01 0.0000e+00
        100 242.400622    0.00688     0.4125     24.750      0.804  41045.916    25.9042    13.5700      0.796    6.19958    13.5762    19.2528   11.31335 4.2629e+01 0.0000e+00
        101 242.400625    0.00694     0.4167     25.000      0.803  41035.482    25.8971    13.5728      0.795    6.19949    13.5800    19.2468   11.31329 4.2848e+01 0.0000e+00
        102 242.400628    0.00701     0.4208     25.250      0.806  41023.823    25.8892    13.5763      0.799    6.19935    13.5839    19.2400   11.31314 4.3283e+01 0.0000e+00
        103 242.400631    0.00708     0.4250     25.500      0.811  41010.577    25.8802    13.5802      0.803    6.19920    13.5876    19.2324   11.31300 4.3465e+01 0.0000e+00
        104 242.400634    0.00715     0.4292     25.750      0.815  40993.445    25.8685    13.5840      0.807    6.19915    13.5912    19.2226   11.31305 4.3123e+01 0.0000e+00
        105 242.400637    0.00722     0.4333     26.000      0.816  40969.639    25.8521    13.5878      0.808    6.19930    13.5948    19.2093   11.31349 4.2608e+01 0.0000e+00
        106 242.400639    0.00729     0.4375     26.250      0.815  40939.304    25.8312    13.5914      0.807    6.19964    13.5983    19.1925   11.31430 4.2538e+01 0.0000e+00
        107 242.400642    0.00736     0.4417     26.500      0.813  40906.668    25.8087    13.5950      0.805    6.20004    13.6012    19.1745   11.31523 4.2542e+01 0.0000e+00
        108 242.400645    0.00743     0.4458     26.750      0.812  40877.282    25.7885    13.5984      0.805    6.20037    13.6034    19.1582   11.31603 4.2289e+01 0.0000e+00
        109 242.400648    0.00750     0.4500     27.000      0.813  40855.018    25.7732    13.6013      0.805    6.20058    13.6048    19.1459   11.31656 4.2381e+01 0.0000e+00
        110 242.400651    0.00757     0.4542     27.250      0.814  40840.272    25.7630    13.6035      0.807    6.20069    13.6057    19.1377   11.31686 4.2603e+01 0.0000e+00
        111 242.400654    0.00764     0.4583     27.500      0.817  40830.599    25.7564    13.6049      0.809    6.20076    13.6061    19.1323   11.31706 4.2466e+01 0.0000e+00
        112 242.400657    0.00771     0.4625     27.750      0.821  40823.659    25.7516    13.6058      0.814    6.20084    13.6064    19.1284   11.31723 4.2507e+01 0.0000e+00
        113 242.400660    0.00778     0.4667     28.000      0.827  40819.185    25.7485    13.6062      0.820    6.20090    13.6066    19.1260   11.31737 4.2681e+01 0.0000e+00
        114 242.400663    0.00785     0.4708     28.250      0.834  40817.748    25.7475    13.6065      0.826    6.20091    13.6068    19.1252   11.31739 4.2472e+01 0.0000e+00
        115 242.400666    0.00792     0.4750     28.500      0.839  40818.324    25.7479    13.6067      0.832    6.20087    13.6069    19.1255   11.31732 4.2245e+01 0.0000e+00
        116 242.400668    0.00799     0.4792     28.750      0.842  40818.680    25.7482    13.6069      0.834    6.20083    13.6068    19.1256   11.31725 4.2375e+01 0.0000e+00
        117 242.400671    0.00806     0.4833     29.000      0.841  40817.137    25.7471    13.6070      0.833    6.20086    13.6063    19.1248   11.31731 4.2737e+01 0.0000e+00
        118 242.400674    0.00813     0.4875     29.250      0.837  40814.219    25.7451    13.6069      0.829    6.20095    13.6057    19.1232   11.31749 4.3136e+01 0.0000e+00
        119 242.400677    0.00819     0.4917     29.500      0.831  40812.644    25.7439    13.6064      0.823    6.20105    13.6048    19.1224   11.31767 4.3450e+01 0.0000e+00
        120 242.400680    0.00826     0.4958     29.750      0.822  40813.999    25.7448    13.6058      0.814    6.20110    13.6038    19.1232   11.31775 4.3486e+01 0.0000e+00
        121 242.400683    0.00833     0.5000     30.000      0.813  40817.978    25.7476    13.6049      0.805    6.20111    13.6026    19.1255   11.31773 4.3320e+01 0.0000e+00
        122 242.400686    0.00840     0.5042     30.250      0.805  40823.827    25.7516    13.6039      0.797    6.20109    13.6013    19.1288   11.31765 4.3367e+01 0.0000e+00
        123 242.400689    0.00847     0.5083     30.500      0.800  40830.921    25.7565    13.6027      0.793    6.20105    13.6003    19.1327   11.31754 4.3489e+01 0.0000e+00
        124 242.400692    0.00854     0.5125     30.750      0.801  40839.089    25.7621    13.6014      0.793    6.20100    13.5997    19.1373   11.31738 4.3299e+01 0.0000e+00
        125 242.400694    0.00861     0.5167     31.000      0.805  40847.803    25.7681    13.6004      0.798    6.20091    13.5995    19.1421   11.31715 4.3150e+01 0.0000e+00
        126 242.400697    0.00868     0.5208     31.250      0.811  40855.678    25.7736    13.5998      0.804    6.20078    13.5993    19.1464   11.31687 4.3421e+01 0.0000e+00
        127 242.400700    0.00875     0.5250     31.500      0.819  40861.768    25.7778    13.5996      0.811    6.20064    13.5989    19.1497   11.31659 4.3801e+01 0.0000e+00
        128 242.400703    0.00882     0.5292     31.750      0.826  40866.937    25.7814    13.5994      0.818    6.20052    13.5982    19.1525   11.31635 4.4048e+01 0.0000e+00
        129 242.400706    0.00889     0.5333     32.000      0.831  40872.276    25.7851    13.5990      0.824    6.20043    13.5971    19.1555   11.31616 4.4077e+01 0.0000e+00
        130 242.400709    0.00896     0.5375     32.250      0.835  40877.552    25.7887    13.5983      0.827    6.20039    13.5955    19.1584   11.31605 4.3983e+01 0.0000e+00
        131 242.400712    0.00903     0.5417     32.500      0.837  40882.369    25.7919    13.5972      0.829    6.20040    13.5931    19.1611   11.31604 4.3960e+01 0.0000e+00
        132 242.400715    0.00910     0.5458     32.750      0.840  40887.018    25.7951    13.5956      0.832    6.20049    13.5896    19.1638   11.31615 4.4323e+01 0.0000e+00
        133 242.400718    0.00917     0.5500     33.000      0.844  40892.672    25.7988    13.5932      0.836    6.20065    13.5850    19.1672   11.31638 4.5271e+01 0.0000e+00
        134 242.400720    0.00924     0.5542     33.250      0.848  40901.309    25.8046    13.5897      0.840    6.20088    13.5800    19.1723   11.31668 4.5887e+01 0.0000e+00
        135 242.400723    0.00931     0.5583     33.500      0.848  40914.083    25.8132    13.5851      0.840    6.20114    13.5752    19.1798   11.31701 4.5676e+01 0.0000e+00
        136 242.400726    0.00937     0.5625     33.750      0.842  40929.561    25.8237    13.5801      0.834    6.20138    13.5708    19.1888   11.31729 4.5485e+01 0.0000e+00
        137 242.400729    0.00944     0.5667     34.000      0.832  40944.517    25.8338    13.5753      0.824    6.20161    13.5668    19.1975   11.31755 4.5512e+01 0.0000e+00
        138 242.400732    0.00951     0.5708     34.250      0.820  40956.936    25.8422    13.5709      0.812    6.20185    13.5631    19.2048   11.31786 4.5197e+01 0.0000e+00
        139 242.400735    0.00958     0.5750     34.500      0.811  40967.768    25.8494    13.5669      0.803    6.20209    13.5593    19.2112   11.31817 4.4628e+01 0.0000e+00
        140 242.400738    0.00965     0.5792     34.750      0.806  40980.736    25.8582    13.5632      0.798    6.20223    13.5553    19.2187   11.31831 4.4209e+01 0.0000e+00
        141 242.400741    0.00972     0.5833     35.000      0.807  40999.802    25.8713    13.5594      0.800    6.20221    13.5511    19.2294   11.31812 4.3776e+01 0.0000e+00
        142 242.400744    0.00979     0.5875     35.250      0.813  41024.992    25.8886    13.5554      0.806    6.20206    13.5470    19.2435   11.31767 4.3012e+01 0.0000e+00
        143 242.400747    0.00986     0.5917     35.500      0.822  41052.214    25.9073    13.5512      0.814    6.20188    13.5435    19.2587   11.31715 4.2432e+01 0.0000e+00
        144 242.400749    0.00993     0.5958     35.750      0.830  41076.932    25.9243    13.5471      0.822    6.20176    13.5407    19.2726   11.31674 4.2716e+01 0.0000e+00
        145 242.400752    0.01000     0.6000     36.000      0.836  41096.359    25.9376    13.5436      0.828    6.20170    13.5388    19.2835   11.31650 4.3375e+01 0.0000e+00
        146 242.400755    0.01007     0.6042     36.250      0.838  41109.312    25.9464    13.5408      0.830    6.20172    13.5378    19.2908   11.31642 4.3423e+01 0.0000e+00
        147 242.400758    0.01014     0.6083     36.500      0.835  41116.428    25.9512    13.5389      0.828    6.20177    13.5374    19.2949   11.31646 4.2887e+01 0.0000e+00
        148 242.400761    0.01021     0.6125     36.750      0.829  41121.428    25.9546    13.5379      0.822    6.20177    13.5372    19.2978   11.31641 4.2537e+01 0.0000e+00
        149 242.400764    0.01028     0.6167     37.000      0.822  41129.447    25.9602    13.5375      0.815    6.20161    13.5371    19.3021   11.31608 4.2759e+01 0.0000e+00
        150 242.400767    0.01035     0.6208     37.250      0.818  41141.560    25.9687    13.5373      0.811    6.20131    13.5373    19.3087   11.31549 4.3231e+01 0.0000e+00
        151 242.400770    0.01042     0.6250     37.500      0.820  41153.459    25.9770    13.5372      0.812    6.20101    13.5383    19.3151   11.31489 4.3376e+01 0.0000e+00
        152 242.400773    0.01049     0.6292     37.750      0.826  41160.606    25.9820    13.5374      0.818    6.20079    13.5401    19.3189   11.31446 4.3244e+01 0.0000e+00
        153 242.400775    0.01056     0.6333     38.000      0.833  41161.379    25.9826    13.5384      0.825    6.20064    13.5426    19.3192   11.31421 4.2966e+01 0.0000e+00
        154 242.400778    0.01063     0.6375     38.250      0.837  41156.208    25.9791    13.5402      0.830    6.20054    13.5456    19.3161   11.31408 4.2515e+01 0.0000e+00
        155 242.400781    0.01069     0.6417     38.500      0.837  41147.626    25.9733    13.5427      0.829    6.20044    13.5490    19.3112   11.31398 4.2615e+01 0.0000e+00
        156 242.400784    0.01076     0.6458     38.750      0.832  41139.517    25.9678    13.5457      0.824    6.20027    13.5530    19.3064   11.31376 4.3525e+01 0.0000e+00
        157 242.400787    0.01083     0.6500     39.000      0.825  41133.770    25.9640    13.5491      0.817    6.19998    13.5572    19.3028   11.31332 4.4075e+01 0.0000e+00
        158 242.400790    0.01090     0.6542     39.250      0.820  41130.203    25.9618    13.5531      0.812    6.19955    13.5607    19.3004   11.31263 4.3776e+01 0.0000e+00
        159 242.400793    0.01097     0.6583     39.500      0.818  41128.950    25.9612    13.5573      0.810    6.19903    13.5632    19.2991   11.31177 4.3430e+01 0.0000e+00
        160 242.400796    0.01104     0.6625     39.750      0.820  41130.214    25.9623    13.5608      0.813    6.19852    13.5647    19.2993   11.31092 4.3416e+01 0.0000e+00
        161 242.400799    0.01111     0.6667     40.000      0.827  41133.157    25.9646    13.5633      0.819    6.19812    13.5660    19.3006   11.31022 4.3633e+01 0.0000e+00
        162 242.400802    0.01118     0.6708     40.250      0.836  41135.254    25.9661    13.5648      0.829    6.19787    13.5679    19.3015   11.30978 4.4026e+01 0.0000e+00
        163 242.400804    0.01125     0.6750     40.500      0.845  41132.645    25.9644    13.5661      0.837    6.19777    13.5715    19.2999   11.30963 4.4407e+01 0.0000e+00
        164 242.400807    0.01132     0.6792     40.750      0.850  41122.769    25.9576    13.5680      0.842    6.19777    13.5776    19.2943   11.30973 4.4463e+01 0.0000e+00
        165 242.400810    0.01139     0.6833     41.000      0.849  41106.334    25.9464    13.5716      0.841    6.19775    13.5869    19.2850   11.30982 4.4269e+01 0.0000e+00
        166 242.400813    0.01146     0.6875     41.250      0.842  41086.660    25.9331    13.5777      0.834    6.19748    13.5986    19.2736   11.30952 4.4352e+01 0.0000e+00
        167 242.400816    0.01153     0.6917     41.500      0.832  41067.308    25.9202    13.5870      0.824    6.19677    13.6100    19.2619   11.30849 4.4952e+01 0.0000e+00
        168 242.400819    0.01160     0.6958     41.750      0.822  41051.034    25.9096    13.5987      0.815    6.19568    13.6187    19.2515   11.30678 4.5633e+01 0.0000e+00
        169 242.400822    0.01167     0.7000     42.000      0.815  41040.930    25.9033    13.6101      0.807    6.19445    13.6232    19.2445   11.30481 4.5812e+01 0.0000e+00
        170 242.400825    0.01174     0.7042     42.250      0.810  41039.184    25.9027    13.6188      0.803    6.19335    13.6234    19.2424   11.30299 4.5909e+01 0.0000e+00
        171 242.400828    0.01181     0.7083     42.500      0.810  41044.739    25.9068    13.6233      0.802    6.19261    13.6197    19.2448   11.30170 4.6173e+01 0.0000e+00
        172 242.400830    0.01188     0.7125     42.750      0.814  41054.687    25.9138    13.6235      0.806    6.19232    13.6132    19.2501   11.30114 4.5770e+01 0.0000e+00
        173 242.400833    0.01194     0.7167     43.000      0.820  41066.511    25.9218    13.6198      0.812    6.19248    13.6050    19.2569   11.30132 4.5201e+01 0.0000e+00
        174 242.400836    0.01201     0.7208     43.250      0.826  41078.422    25.9297    13.6133      0.818    6.19302    13.5964    19.2642   11.30212 4.5192e+01 0.0000e+00
        175 242.400839    0.01208     0.7250     43.500      0.830  41089.372    25.9368    13.6051      0.822    6.19380    13.5881    19.2713   11.30334 4.5142e+01 0.0000e+00
        176 242.400842    0.01215     0.7292     43.750      0.831  41098.477    25.9426    13.5965      0.823    6.19469    13.5804    19.2774   11.30475 4.4846e+01 0.0000e+00
        177 242.400845    0.01222     0.7333     44.000      0.830  41105.175    25.9467    13.5882      0.822    6.19559    13.5730    19.2821   11.30621 4.4495e+01 0.0000e+00
        178 242.400848    0.01229     0.7375     44.250      0.830  41110.183    25.9496    13.5805      0.822    6.19648    13.5658    19.2859   11.30765 4.4205e+01 0.0000e+00
        179 242.400851    0.01236     0.7417     44.500      0.832  41115.318    25.9527    13.5731      0.824    6.19731    13.5590    19.2896   11.30901 4.4046e+01 0.0000e+00
        180 242.400854    0.01243     0.7458     44.750      0.835  41122.234    25.9571    13.5659      0.827    6.19806    13.5528    19.2943   11.31021 4.3956e+01 0.0000e+00
