CTD-processing/allCTD/CNV--turbid/2016_08-30_t7_s14_cast075.cnv
* Sea-Bird SBE19plus Data File:
* FileName = C:\Users\Kim.Powell\Desktop\2016_08-30_T7_5028\2016_08-30_T7_5028_cast075.hex
* Software Version 1.59
* Temperature SN =  5028
* Conductivity SN =  5028
* System UpLoad Time = Aug 30 2016 17:31:12
** CookInlet LTM Transect 7
** 2016_08-30
** Station: 7-14
** Start Time: 10:50
** Depth (m): 66.8
** Comment:
** Comment:
# nquan = 16
# nvalues = 567                         
# units = specified
# name 0 = scan: Scan Count
# name 1 = timeJ: Julian Days
# name 2 = timeH: Time, Elapsed [hours]
# name 3 = timeM: Time, Elapsed [minutes]
# name 4 = timeS: Time, Elapsed [seconds]
# name 5 = prdM: Pressure, Strain Gauge [db]
# name 6 = specc: Specific Conductance [uS/cm]
# name 7 = sal00: Salinity, Practical [PSU]
# name 8 = tv290C: Temperature [ITS-90, deg C]
# name 9 = depSM: Depth [salt water, m], lat = 59.00
# name 10 = oxsolML/L: Oxygen Saturation, Garcia & Gordon [ml/l]
# name 11 = potemp090C: Potential Temperature [ITS-90, deg C]
# name 12 = sigma-é00: Density [sigma-theta, kg/m^3]
# name 13 = n2satML/L: Nitrogen Saturation [ml/l]
# name 14 = par: PAR/Irradiance, Biospherical/Licor
# name 15 = flag:  0.000e+00
# span 0 =          1,        567       
# span 1 = 243.451956, 243.453594       
# span 2 =    0.00000,    0.03931       
# span 3 =     0.0000,     2.3583       
# span 4 =      0.000,    141.500       
# span 5 =     -0.033,     57.446       
# span 6 =    119.384,  48697.773       
# span 7 =     0.0574,    30.9677       
# span 8 =    10.4303,    13.2552       
# span 9 =     -0.033,     56.901       
# span 10 =    6.18953,    7.33347      
# span 11 =    10.4238,    13.2552      
# span 12 =    -0.6054,    23.7354      
# span 13 =   11.25692,   13.54977      
# span 14 = 2.3910e-01, 1.5253e+03      
# span 15 = 0.0000e+00, 0.0000e+00      
# interval = seconds: 0.25
# start_time = Aug 30 2016 10:50:49 [Instrument's time stamp, header]
# bad_flag = -9.990e-29
*END*
[from data line 91]
         92 243.452219    0.00632     0.3792     22.750      1.024  46051.115    29.3414    12.5752      1.014    6.19551    12.5780    22.0934   11.26657 4.9362e+02 0.0000e+00
         93 243.452222    0.00639     0.3833     23.000      1.053  46038.608    29.3328    12.5783      1.043    6.19544    12.5750    22.0862   11.26656 4.7261e+02 0.0000e+00
         94 243.452225    0.00646     0.3875     23.250      1.088  46031.093    29.3275    12.5781      1.078    6.19567    12.5713    22.0821   11.26700 4.5878e+02 0.0000e+00
         95 243.452228    0.00653     0.3917     23.500      1.127  46032.679    29.3283    12.5752      1.117    6.19602    12.5692    22.0833   11.26758 4.4965e+02 0.0000e+00
         96 243.452231    0.00660     0.3958     23.750      1.161  46044.446    29.3363    12.5715      1.150    6.19620    12.5708    22.0902   11.26778 4.4960e+02 0.0000e+00
         97 243.452234    0.00667     0.4000     24.000      1.178  46060.427    29.3474    12.5694      1.167    6.19604    12.5769    22.0992   11.26738 4.5723e+02 0.0000e+00
         98 243.452237    0.00674     0.4042     24.250      1.171  46069.893    29.3543    12.5710      1.160    6.19556    12.5856    22.1042   11.26652 4.4317e+02 0.0000e+00
         99 243.452240    0.00681     0.4083     24.500      1.139  46066.283    29.3523    12.5770      1.128    6.19485    12.5930    22.1015   11.26536 4.0769e+02 0.0000e+00
        100 243.452242    0.00688     0.4125     24.750      1.083  46050.585    29.3419    12.5857      1.072    6.19413    12.5955    22.0919   11.26427 3.7726e+02 0.0000e+00
        101 243.452245    0.00694     0.4167     25.000      1.014  46029.121    29.3274    12.5931      1.004    6.19373    12.5917    22.0793   11.26378 3.6039e+02 0.0000e+00
        102 243.452248    0.00701     0.4208     25.250      0.946  46009.455    29.3138    12.5956      0.937    6.19393    12.5834    22.0683   11.26428 3.6474e+02 0.0000e+00
        103 243.452251    0.00708     0.4250     25.500      0.898  45997.494    29.3050    12.5918      0.889    6.19476    12.5740    22.0622   11.26574 3.8042e+02 0.0000e+00
        104 243.452254    0.00715     0.4292     25.750      0.880  45997.000    29.3039    12.5835      0.872    6.19588    12.5665    22.0629   11.26763 3.9526e+02 0.0000e+00
        105 243.452257    0.00722     0.4333     26.000      0.894  46007.109    29.3102    12.5741      0.886    6.19687    12.5628    22.0696   11.26919 4.0541e+02 0.0000e+00
        106 243.452260    0.00729     0.4375     26.250      0.929  46023.661    29.3212    12.5666      0.920    6.19741    12.5640    22.0795   11.26997 4.1014e+02 0.0000e+00
        107 243.452263    0.00736     0.4417     26.500      0.969  46039.793    29.3323    12.5630      0.960    6.19746    12.5697    22.0887   11.26992 4.1754e+02 0.0000e+00
        108 243.452266    0.00743     0.4458     26.750      1.001  46047.532    29.3379    12.5641      0.992    6.19709    12.5775    22.0928   11.26924 4.1974e+02 0.0000e+00
        109 243.452269    0.00750     0.4500     27.000      1.021  46045.663    29.3371    12.5698      1.012    6.19638    12.5842    22.0911   11.26807 4.1751e+02 0.0000e+00
        110 243.452271    0.00757     0.4542     27.250      1.031  46038.567    29.3327    12.5776      1.022    6.19554    12.5879    22.0863   11.26671 4.3351e+02 0.0000e+00
        111 243.452274    0.00764     0.4583     27.500      1.035  46029.878    29.3272    12.5843      1.026    6.19488    12.5879    22.0808   11.26569 4.7265e+02 0.0000e+00
        112 243.452277    0.00771     0.4625     27.750      1.042  46022.608    29.3224    12.5880      1.032    6.19459    12.5847    22.0764   11.26526 5.2066e+02 0.0000e+00
        113 243.452280    0.00778     0.4667     28.000      1.057  46020.114    29.3206    12.5880      1.047    6.19465    12.5801    22.0750   11.26539 5.7863e+02 0.0000e+00
        114 243.452283    0.00785     0.4708     28.250      1.081  46024.910    29.3237    12.5848      1.071    6.19494    12.5765    22.0780   11.26584 5.9795e+02 0.0000e+00
        115 243.452286    0.00792     0.4750     28.500      1.111  46036.978    29.3318    12.5803      1.101    6.19522    12.5755    22.0852   11.26621 5.2558e+02 0.0000e+00
        116 243.452289    0.00799     0.4792     28.750      1.137  46052.078    29.3422    12.5767      1.127    6.19529    12.5782    22.0938   11.26620 4.3588e+02 0.0000e+00
        117 243.452292    0.00806     0.4833     29.000      1.151  46063.825    29.3504    12.5757      1.141    6.19510    12.5846    22.1004   11.26579 3.8838e+02 0.0000e+00
        118 243.452295    0.00813     0.4875     29.250      1.146  46068.108    29.3536    12.5784      1.135    6.19462    12.5929    22.1024   11.26496 3.7424e+02 0.0000e+00
        119 243.452297    0.00819     0.4917     29.500      1.119  46064.396    29.3516    12.5847      1.109    6.19388    12.6008    22.0996   11.26374 3.9477e+02 0.0000e+00
        120 243.452300    0.00826     0.4958     29.750      1.074  46054.429    29.3453    12.5930      1.064    6.19304    12.6062    22.0931   11.26242 4.1704e+02 0.0000e+00
        121 243.452303    0.00833     0.5000     30.000      1.017  46039.960    29.3357    12.6009      1.008    6.19238    12.6076    22.0843   11.26145 4.0871e+02 0.0000e+00
        122 243.452306    0.00840     0.5042     30.250      0.959  46023.274    29.3244    12.6063      0.951    6.19212    12.6044    22.0746   11.26114 4.0531e+02 0.0000e+00
        123 243.452309    0.00847     0.5083     30.500      0.916  46008.049    29.3138    12.6077      0.908    6.19235    12.5967    22.0661   11.26163 4.2709e+02 0.0000e+00
        124 243.452312    0.00854     0.5125     30.750      0.897  45997.306    29.3059    12.6045      0.889    6.19307    12.5864    22.0606   11.26293 4.4727e+02 0.0000e+00
        125 243.452315    0.00861     0.5167     31.000      0.904  45993.106    29.3023    12.5969      0.896    6.19421    12.5760    22.0592   11.26487 4.6549e+02 0.0000e+00
        126 243.452318    0.00868     0.5208     31.250      0.933  45997.551    29.3045    12.5866      0.924    6.19546    12.5673    22.0628   11.26692 4.7630e+02 0.0000e+00
        127 243.452321    0.00875     0.5250     31.500      0.975  46011.395    29.3134    12.5762      0.966    6.19648    12.5618    22.0716   11.26850 4.6422e+02 0.0000e+00
        128 243.452323    0.00882     0.5292     31.750      1.022  46032.673    29.3277    12.5675      1.012    6.19705    12.5600    22.0843   11.26928 4.5461e+02 0.0000e+00
        129 243.452326    0.00889     0.5333     32.000      1.065  46056.606    29.3441    12.5619      1.055    6.19714    12.5629    22.0980   11.26924 4.5901e+02 0.0000e+00
        130 243.452329    0.00896     0.5375     32.250      1.100  46076.598    29.3580    12.5602      1.090    6.19682    12.5704    22.1092   11.26855 4.7616e+02 0.0000e+00
        131 243.452332    0.00903     0.5417     32.500      1.125  46087.717    29.3661    12.5630      1.115    6.19614    12.5815    22.1149   11.26733 5.0447e+02 0.0000e+00
        132 243.452335    0.00910     0.5458     32.750      1.139  46088.490    29.3673    12.5706      1.128    6.19511    12.5939    22.1144   11.26560 5.2450e+02 0.0000e+00
        133 243.452338    0.00917     0.5500     33.000      1.140  46080.812    29.3629    12.5817      1.129    6.19384    12.6056    22.1089   11.26354 5.4528e+02 0.0000e+00
        134 243.452341    0.00924     0.5542     33.250      1.127  46068.482    29.3552    12.5940      1.117    6.19253    12.6158    22.1007   11.26145 5.8084e+02 0.0000e+00
        135 243.452344    0.00931     0.5583     33.500      1.102  46054.388    29.3463    12.6058      1.092    6.19134    12.6236    22.0916   11.25959 6.0653e+02 0.0000e+00
        136 243.452347    0.00937     0.5625     33.750      1.068  46039.734    29.3368    12.6160      1.058    6.19039    12.6283    22.0824   11.25811 6.2955e+02 0.0000e+00
        137 243.452350    0.00944     0.5667     34.000      1.033  46024.743    29.3269    12.6237      1.023    6.18976    12.6292    22.0733   11.25719 6.5026e+02 0.0000e+00
        138 243.452352    0.00951     0.5708     34.250      1.006  46010.470    29.3173    12.6284      0.996    6.18953    12.6256    22.0650   11.25692 6.3165e+02 0.0000e+00
        139 243.452355    0.00958     0.5750     34.500      0.994  45999.358    29.3095    12.6294      0.984    6.18970    12.6174    22.0588   11.25730 6.1105e+02 0.0000e+00
        140 243.452358    0.00965     0.5792     34.750      0.998  45993.381    29.3050    12.6258      0.988    6.19035    12.6066    22.0559   11.25842 6.0866e+02 0.0000e+00
        141 243.452361    0.00972     0.5833     35.000      1.013  45995.016    29.3054    12.6175      1.003    6.19140    12.5965    22.0578   11.26016 6.0362e+02 0.0000e+00
        142 243.452364    0.00979     0.5875     35.250      1.030  46007.442    29.3133    12.6067      1.020    6.19251    12.5899    22.0659   11.26191 5.9744e+02 0.0000e+00
        143 243.452367    0.00986     0.5917     35.500      1.042  46029.596    29.3281    12.5966      1.032    6.19324    12.5885    22.0792   11.26296 5.7607e+02 0.0000e+00
        144 243.452370    0.00993     0.5958     35.750      1.044  46053.796    29.3446    12.5901      1.034    6.19346    12.5929    22.0932   11.26312 5.5075e+02 0.0000e+00
        145 243.452373    0.01000     0.6000     36.000      1.036  46069.315    29.3554    12.5887      1.026    6.19321    12.6011    22.1018   11.26259 5.5430e+02 0.0000e+00
        146 243.452376    0.01007     0.6042     36.250      1.022  46069.173    29.3557    12.5931      1.012    6.19263    12.6087    22.1012   11.26163 5.5380e+02 0.0000e+00
        147 243.452378    0.01014     0.6083     36.500      1.008  46054.253    29.3459    12.6012      0.999    6.19196    12.6119    22.0921   11.26062 5.1839e+02 0.0000e+00
        148 243.452381    0.01021     0.6125     36.750      1.003  46032.223    29.3310    12.6088      0.994    6.19154    12.6090    22.0791   11.26010 4.8080e+02 0.0000e+00
        149 243.452384    0.01028     0.6167     37.000      1.012  46013.020    29.3177    12.6120      1.003    6.19165    12.6014    22.0683   11.26043 4.5745e+02 0.0000e+00
        150 243.452387    0.01035     0.6208     37.250      1.035  46003.813    29.3109    12.6091      1.026    6.19228    12.5923    22.0636   11.26157 4.5772e+02 0.0000e+00
        151 243.452390    0.01042     0.6250     37.500      1.061  46008.106    29.3133    12.6015      1.051    6.19318    12.5850    22.0668   11.26303 4.8595e+02 0.0000e+00
        152 243.452393    0.01049     0.6292     37.750      1.080  46024.632    29.3242    12.5925      1.070    6.19393    12.5814    22.0769   11.26416 5.0906e+02 0.0000e+00
        153 243.452396    0.01056     0.6333     38.000      1.087  46045.140    29.3380    12.5852      1.076    6.19434    12.5820    22.0890   11.26468 5.1668e+02 0.0000e+00
        154 243.452399    0.01063     0.6375     38.250      1.081  46058.242    29.3470    12.5816      1.070    6.19446    12.5850    22.0966   11.26477 5.2949e+02 0.0000e+00
        155 243.452402    0.01069     0.6417     38.500      1.067  46057.161    29.3463    12.5822      1.057    6.19441    12.5871    22.0959   11.26469 5.2810e+02 0.0000e+00
        156 243.452405    0.01076     0.6458     38.750      1.057  46044.356    29.3375    12.5852      1.047    6.19437    12.5862    22.0886   11.26472 4.9854e+02 0.0000e+00
        157 243.452407    0.01083     0.6500     39.000      1.059  46029.330    29.3271    12.5873      1.049    6.19450    12.5822    22.0801   11.26506 4.8207e+02 0.0000e+00
        158 243.452410    0.01090     0.6542     39.250      1.072  46020.902    29.3210    12.5863      1.063    6.19486    12.5773    22.0756   11.26572 5.0653e+02 0.0000e+00
        159 243.452413    0.01097     0.6583     39.500      1.089  46023.232    29.3223    12.5824      1.079    6.19532    12.5741    22.0774   11.26648 5.3678e+02 0.0000e+00
        160 243.452416    0.01104     0.6625     39.750      1.097  46036.212    29.3310    12.5775      1.088    6.19561    12.5745    22.0850   11.26687 5.4063e+02 0.0000e+00
        161 243.452419    0.01111     0.6667     40.000      1.090  46053.614    29.3430    12.5743      1.081    6.19557    12.5795    22.0949   11.26665 5.3051e+02 0.0000e+00
        162 243.452422    0.01118     0.6708     40.250      1.065  46064.986    29.3511    12.5747      1.055    6.19520    12.5877    22.1011   11.26595 5.2161e+02 0.0000e+00
        163 243.452425    0.01125     0.6750     40.500      1.024  46063.615    29.3506    12.5797      1.014    6.19457    12.5959    22.0998   11.26491 5.2672e+02 0.0000e+00
        164 243.452428    0.01132     0.6792     40.750      0.974  46049.955    29.3417    12.5879      0.965    6.19385    12.6006    22.0914   11.26381 5.4917e+02 0.0000e+00
        165 243.452431    0.01139     0.6833     41.000      0.927  46028.420    29.3272    12.5960      0.918    6.19336    12.5998    22.0786   11.26316 5.8192e+02 0.0000e+00
        166 243.452433    0.01146     0.6875     41.250      0.898  46005.053    29.3111    12.6007      0.889    6.19337    12.5928    22.0653   11.26336 5.9970e+02 0.0000e+00
        167 243.452436    0.01153     0.6917     41.500      0.899  45985.599    29.2973    12.5999      0.891    6.19401    12.5814    22.0548   11.26459 5.8049e+02 0.0000e+00
        168 243.452439    0.01160     0.6958     41.750      0.936  45974.757    29.2890    12.5929      0.927    6.19524    12.5693    22.0496   11.26673 5.3934e+02 0.0000e+00
        169 243.452442    0.01167     0.7000     42.000      0.998  45975.506    29.2886    12.5815      0.989    6.19674    12.5596    22.0514   11.26923 5.0115e+02 0.0000e+00
        170 243.452445    0.01174     0.7042     42.250      1.068  45986.004    29.2949    12.5694      1.059    6.19807    12.5538    22.0585   11.27137 4.8465e+02 0.0000e+00
        171 243.452448    0.01181     0.7083     42.500      1.129  46001.672    29.3051    12.5597      1.119    6.19894    12.5523    22.0682   11.27269 4.8666e+02 0.0000e+00
        172 243.452451    0.01188     0.7125     42.750      1.166  46016.878    29.3153    12.5539      1.156    6.19930    12.5549    22.0772   11.27317 4.9975e+02 0.0000e+00
        173 243.452454    0.01194     0.7167     43.000      1.173  46025.470    29.3212    12.5525      1.163    6.19925    12.5598    22.0821   11.27302 5.2401e+02 0.0000e+00
        174 243.452457    0.01201     0.7208     43.250      1.151  46026.135    29.3219    12.5551      1.140    6.19889    12.5648    22.0821   11.27241 5.4660e+02 0.0000e+00
        175 243.452459    0.01208     0.7250     43.500      1.104  46021.699    29.3192    12.5600      1.094    6.19836    12.5682    22.0791   11.27156 5.5563e+02 0.0000e+00
        176 243.452462    0.01215     0.7292     43.750      1.044  46013.984    29.3142    12.5649      1.035    6.19791    12.5694    22.0744   11.27087 5.4367e+02 0.0000e+00
        177 243.452465    0.01222     0.7333     44.000      0.987  46004.435    29.3078    12.5684      0.978    6.19771    12.5677    22.0688   11.27061 5.1258e+02 0.0000e+00
        178 243.452468    0.01229     0.7375     44.250      0.947  45995.260    29.3014    12.5695      0.938    6.19781    12.5631    22.0637   11.27085 4.7517e+02 0.0000e+00
        179 243.452471    0.01236     0.7417     44.500      0.931  45988.234    29.2963    12.5678      0.922    6.19823    12.5569    22.0600   11.27161 4.3658e+02 0.0000e+00
        180 243.452474    0.01243     0.7458     44.750      0.941  45985.245    29.2938    12.5632      0.932    6.19891    12.5506    22.0589   11.27278 4.0730e+02 0.0000e+00
