CTD-processing/allCTD/CNV--turbid/2016_08-31_t6_s11_cast107.cnv
* Sea-Bird SBE19plus Data File:
* FileName = C:\Users\Kim.Powell\Desktop\2016_08-31_T6_5028\2016_08-31_T6_5028_cast107.hex
* Software Version 1.59
* Temperature SN =  5028
* Conductivity SN =  5028
* System UpLoad Time = Aug 31 2016 22:11:41
** CookInlet LTM Transect 7
** 2016_08-30
** Station: 6-11
** Start Time: 15:24
** Depth (m): 114.9
** Comment:
** Comment:
# nquan = 16
# nvalues = 808                         
# units = specified
# name 0 = scan: Scan Count
# name 1 = timeJ: Julian Days
# name 2 = timeH: Time, Elapsed [hours]
# name 3 = timeM: Time, Elapsed [minutes]
# name 4 = timeS: Time, Elapsed [seconds]
# name 5 = prdM: Pressure, Strain Gauge [db]
# name 6 = specc: Specific Conductance [uS/cm]
# name 7 = sal00: Salinity, Practical [PSU]
# name 8 = tv290C: Temperature [ITS-90, deg C]
# name 9 = depSM: Depth [salt water, m], lat = 59.00
# name 10 = oxsolML/L: Oxygen Saturation, Garcia & Gordon [ml/l]
# name 11 = potemp090C: Potential Temperature [ITS-90, deg C]
# name 12 = sigma-é00: Density [sigma-theta, kg/m^3]
# name 13 = n2satML/L: Nitrogen Saturation [ml/l]
# name 14 = par: PAR/Irradiance, Biospherical/Licor
# name 15 = flag:  0.000e+00
# span 0 =          1,        808       
# span 1 = 244.641759, 244.644094       
# span 2 =    0.00000,    0.05604       
# span 3 =     0.0000,     3.3625       
# span 4 =      0.000,    201.750       
# span 5 =     -0.078,    114.118       
# span 6 =    832.609,  51088.006       
# span 7 =     0.4066,    32.2274       
# span 8 =     7.6688,    14.5641       
# span 9 =     -0.077,    113.020       
# span 10 =    6.13063,    7.10724      
# span 11 =     7.6581,    14.5641      
# span 12 =    -0.5171,    25.1454      
# span 13 =   11.15048,   13.16094      
# span 14 = 6.9358e-02, 1.4744e+03      
# span 15 = 0.0000e+00, 0.0000e+00      
# interval = seconds: 0.25
# start_time = Aug 31 2016 15:24:08 [Instrument's time stamp, header]
# bad_flag = -9.990e-29
*END*
[from data line 181]
        182 244.642283    0.01257     0.7542     45.250      0.863  47023.773    30.0211    12.4797      0.855    6.18154    12.4786    22.6373   11.23549 6.6510e+02 0.0000e+00
        183 244.642286    0.01264     0.7583     45.500      0.869  47018.546    30.0174    12.4790      0.861    6.18178    12.4788    22.6345   11.23592 6.5085e+02 0.0000e+00
        184 244.642289    0.01271     0.7625     45.750      0.876  47016.382    30.0158    12.4787      0.868    6.18188    12.4796    22.6334   11.23611 6.0390e+02 0.0000e+00
        185 244.642292    0.01278     0.7667     46.000      0.882  47017.192    30.0164    12.4790      0.874    6.18182    12.4808    22.6338   11.23602 5.4984e+02 0.0000e+00
        186 244.642295    0.01285     0.7708     46.250      0.885  47019.746    30.0183    12.4798      0.876    6.18164    12.4822    22.6351   11.23570 5.3236e+02 0.0000e+00
        187 244.642297    0.01292     0.7750     46.500      0.883  47022.138    30.0201    12.4810      0.875    6.18141    12.4832    22.6363   11.23530 5.5256e+02 0.0000e+00
        188 244.642300    0.01299     0.7792     46.750      0.877  47022.559    30.0205    12.4823      0.868    6.18123    12.4835    22.6363   11.23498 5.6542e+02 0.0000e+00
        189 244.642303    0.01306     0.7833     47.000      0.866  47019.615    30.0185    12.4833      0.858    6.18118    12.4834    22.6346   11.23492 5.3073e+02 0.0000e+00
        190 244.642306    0.01313     0.7875     47.250      0.854  47013.253    30.0140    12.4836      0.846    6.18130    12.4831    22.6311   11.23518 4.7613e+02 0.0000e+00
        191 244.642309    0.01319     0.7917     47.500      0.842  47005.891    30.0088    12.4835      0.835    6.18152    12.4831    22.6270   11.23560 4.2750e+02 0.0000e+00
        192 244.642312    0.01326     0.7958     47.750      0.836  47000.413    30.0049    12.4832      0.828    6.18171    12.4836    22.6241   11.23596 3.6897e+02 0.0000e+00
        193 244.642315    0.01333     0.8000     48.000      0.836  46998.470    30.0035    12.4832      0.828    6.18176    12.4846    22.6230   11.23606 2.9936e+02 0.0000e+00
        194 244.642318    0.01340     0.8042     48.250      0.842  47000.969    30.0053    12.4837      0.834    6.18163    12.4860    22.6243   11.23582 2.4865e+02 0.0000e+00
        195 244.642321    0.01347     0.8083     48.500      0.852  47008.231    30.0106    12.4847      0.845    6.18130    12.4877    22.6282   11.23521 2.3347e+02 0.0000e+00
        196 244.642323    0.01354     0.8125     48.750      0.866  47019.884    30.0189    12.4861      0.858    6.18079    12.4898    22.6344   11.23427 2.4569e+02 0.0000e+00
        197 244.642326    0.01361     0.8167     49.000      0.879  47033.662    30.0288    12.4879      0.871    6.18017    12.4918    22.6418   11.23314 2.8286e+02 0.0000e+00
        198 244.642329    0.01368     0.8208     49.250      0.891  47044.385    30.0366    12.4900      0.883    6.17960    12.4932    22.6474   11.23210 3.4810e+02 0.0000e+00
        199 244.642332    0.01375     0.8250     49.500      0.902  47049.595    30.0405    12.4919      0.894    6.17920    12.4941    22.6500   11.23138 4.0847e+02 0.0000e+00
        200 244.642335    0.01382     0.8292     49.750      0.912  47054.777    30.0443    12.4933      0.903    6.17887    12.4949    22.6527   11.23079 4.2233e+02 0.0000e+00
        201 244.642338    0.01389     0.8333     50.000      0.920  47068.073    30.0538    12.4942      0.911    6.17839    12.4964    22.6599   11.22988 4.0695e+02 0.0000e+00
        202 244.642341    0.01396     0.8375     50.250      0.926  47093.439    30.0718    12.4950      0.917    6.17758    12.4991    22.6737   11.22833 3.9530e+02 0.0000e+00
        203 244.642344    0.01403     0.8417     50.500      0.928  47125.295    30.0945    12.4965      0.919    6.17651    12.5034    22.6910   11.22628 3.9477e+02 0.0000e+00
        204 244.642347    0.01410     0.8458     50.750      0.924  47150.863    30.1129    12.4992      0.915    6.17544    12.5087    22.7048   11.22430 3.9200e+02 0.0000e+00
        205 244.642350    0.01417     0.8500     51.000      0.916  47160.069    30.1198    12.5035      0.907    6.17462    12.5138    22.7093   11.22287 3.8133e+02 0.0000e+00
        206 244.642352    0.01424     0.8542     51.250      0.904  47147.930    30.1117    12.5088      0.896    6.17425    12.5177    22.7020   11.22234 3.8304e+02 0.0000e+00
        207 244.642355    0.01431     0.8583     51.500      0.892  47115.588    30.0893    12.5139      0.883    6.17445    12.5196    22.6837   11.22293 3.9196e+02 0.0000e+00
        208 244.642358    0.01438     0.8625     51.750      0.881  47072.395    30.0590    12.5178      0.872    6.17513    12.5193    22.6596   11.22441 3.8486e+02 0.0000e+00
        209 244.642361    0.01444     0.8667     52.000      0.874  47031.268    30.0300    12.5197      0.866    6.17601    12.5175    22.6368   11.22620 3.4731e+02 0.0000e+00
        210 244.642364    0.01451     0.8708     52.250      0.872  47000.929    30.0085    12.5194      0.864    6.17687    12.5149    22.6202   11.22789 2.8123e+02 0.0000e+00
        211 244.642367    0.01458     0.8750     52.500      0.875  46983.292    29.9958    12.5176      0.867    6.17760    12.5123    22.6107   11.22925 2.2297e+02 0.0000e+00
        212 244.642370    0.01465     0.8792     52.750      0.882  46976.319    29.9907    12.5150      0.873    6.17814    12.5098    22.6072   11.23019 1.8401e+02 0.0000e+00
        213 244.642373    0.01472     0.8833     53.000      0.891  46976.265    29.9904    12.5124      0.882    6.17849    12.5076    22.6074   11.23078 1.4676e+02 0.0000e+00
        214 244.642376    0.01479     0.8875     53.250      0.903  46979.387    29.9923    12.5099      0.894    6.17873    12.5057    22.6094   11.23116 1.1926e+02 0.0000e+00
        215 244.642378    0.01486     0.8917     53.500      0.918  46984.029    29.9954    12.5077      0.909    6.17890    12.5046    22.6122   11.23141 1.1029e+02 0.0000e+00
        216 244.642381    0.01493     0.8958     53.750      0.937  46992.363    30.0011    12.5058      0.928    6.17893    12.5049    22.6170   11.23138 1.1655e+02 0.0000e+00
        217 244.642384    0.01500     0.9000     54.000      0.956  47009.184    30.0130    12.5047      0.946    6.17861    12.5071    22.6264   11.23072 1.3856e+02 0.0000e+00
        218 244.642387    0.01507     0.9042     54.250      0.970  47037.501    30.0331    12.5050      0.960    6.17779    12.5115    22.6419   11.22914 1.8075e+02 0.0000e+00
        219 244.642390    0.01514     0.9083     54.500      0.975  47073.429    30.0587    12.5072      0.965    6.17651    12.5188    22.6613   11.22672 2.4815e+02 0.0000e+00
        220 244.642393    0.01521     0.9125     54.750      0.970  47106.126    30.0823    12.5116      0.961    6.17502    12.5292    22.6788   11.22397 3.1940e+02 0.0000e+00
        221 244.642396    0.01528     0.9167     55.000      0.956  47123.310    30.0951    12.5189      0.946    6.17359    12.5410    22.6874   11.22144 3.5688e+02 0.0000e+00
        222 244.642399    0.01535     0.9208     55.250      0.934  47115.533    30.0906    12.5293      0.925    6.17242    12.5506    22.6819   11.21955 3.5101e+02 0.0000e+00
        223 244.642402    0.01542     0.9250     55.500      0.912  47082.668    30.0684    12.5411      0.903    6.17175    12.5548    22.6625   11.21868 3.1198e+02 0.0000e+00
        224 244.642405    0.01549     0.9292     55.750      0.893  47037.243    30.0370    12.5507      0.884    6.17172    12.5532    22.6364   11.21900 2.6228e+02 0.0000e+00
        225 244.642407    0.01556     0.9333     56.000      0.882  46996.193    30.0083    12.5549      0.874    6.17227    12.5472    22.6134   11.22026 2.1602e+02 0.0000e+00
        226 244.642410    0.01563     0.9375     56.250      0.881  46969.346    29.9892    12.5533      0.873    6.17322    12.5390    22.5989   11.22205 1.6826e+02 0.0000e+00
        227 244.642413    0.01569     0.9417     56.500      0.889  46956.909    29.9798    12.5473      0.881    6.17437    12.5308    22.5927   11.22406 1.2625e+02 0.0000e+00
        228 244.642416    0.01576     0.9458     56.750      0.903  46955.263    29.9779    12.5391      0.895    6.17550    12.5237    22.5928   11.22597 9.8377e+01 0.0000e+00
        229 244.642419    0.01583     0.9500     57.000      0.920  46960.465    29.9809    12.5309      0.912    6.17646    12.5182    22.5966   11.22752 8.1256e+01 0.0000e+00
        230 244.642422    0.01590     0.9542     57.250      0.938  46968.545    29.9859    12.5238      0.930    6.17718    12.5139    22.6018   11.22866 7.0982e+01 0.0000e+00
        231 244.642425    0.01597     0.9583     57.500      0.955  46976.724    29.9912    12.5183      0.947    6.17769    12.5103    22.6070   11.22945 6.5355e+01 0.0000e+00
        232 244.642428    0.01604     0.9625     57.750      0.969  46984.121    29.9961    12.5140      0.961    6.17806    12.5072    22.6115   11.23001 6.2853e+01 0.0000e+00
        233 244.642431    0.01611     0.9667     58.000      0.980  46990.282    30.0001    12.5104      0.971    6.17837    12.5043    22.6153   11.23047 6.2332e+01 0.0000e+00
        234 244.642433    0.01618     0.9708     58.250      0.986  46994.927    30.0031    12.5073      0.977    6.17866    12.5017    22.6182   11.23092 6.2946e+01 0.0000e+00
        235 244.642436    0.01625     0.9750     58.500      0.987  46999.939    30.0064    12.5044      0.978    6.17891    12.4998    22.6213   11.23130 6.4201e+01 0.0000e+00
        236 244.642439    0.01632     0.9792     58.750      0.984  47009.204    30.0127    12.5018      0.974    6.17899    12.4988    22.6267   11.23136 6.6027e+01 0.0000e+00
        237 244.642442    0.01639     0.9833     59.000      0.974  47023.826    30.0229    12.5000      0.965    6.17884    12.4983    22.6349   11.23098 6.7859e+01 0.0000e+00
        238 244.642445    0.01646     0.9875     59.250      0.959  47038.108    30.0330    12.4989      0.950    6.17859    12.4980    22.6429   11.23045 6.8927e+01 0.0000e+00
        239 244.642448    0.01653     0.9917     59.500      0.941  47043.293    30.0366    12.4984      0.932    6.17851    12.4978    22.6458   11.23028 6.9058e+01 0.0000e+00
        240 244.642451    0.01660     0.9958     59.750      0.924  47034.734    30.0305    12.4982      0.915    6.17878    12.4977    22.6411   11.23080 6.7457e+01 0.0000e+00
        241 244.642454    0.01667     1.0000     60.000      0.911  47016.101    30.0173    12.4980      0.902    6.17932    12.4979    22.6309   11.23185 6.4222e+01 0.0000e+00
        242 244.642457    0.01674     1.0042     60.250      0.905  46996.412    30.0033    12.4978      0.896    6.17987    12.4986    22.6201   11.23294 6.0962e+01 0.0000e+00
        243 244.642459    0.01681     1.0083     60.500      0.905  46981.853    29.9930    12.4980      0.897    6.18025    12.4999    22.6121   11.23368 5.8578e+01 0.0000e+00
        244 244.642462    0.01688     1.0125     60.750      0.913  46974.250    29.9877    12.4988      0.904    6.18036    12.5015    22.6079   11.23392 5.6760e+01 0.0000e+00
        245 244.642465    0.01694     1.0167     61.000      0.924  46974.473    29.9880    12.5000      0.916    6.18019    12.5033    22.6079   11.23363 5.4832e+01 0.0000e+00
        246 244.642468    0.01701     1.0208     61.250      0.937  46983.517    29.9945    12.5016      0.928    6.17973    12.5050    22.6127   11.23279 5.2808e+01 0.0000e+00
        247 244.642471    0.01708     1.0250     61.500      0.947  47000.484    30.0067    12.5034      0.938    6.17903    12.5064    22.6218   11.23149 5.1336e+01 0.0000e+00
        248 244.642474    0.01715     1.0292     61.750      0.954  47019.074    30.0200    12.5051      0.945    6.17828    12.5073    22.6318   11.23009 5.1129e+01 0.0000e+00
        249 244.642477    0.01722     1.0333     62.000      0.959  47030.227    30.0281    12.5065      0.950    6.17778    12.5080    22.6377   11.22918 5.2576e+01 0.0000e+00
        250 244.642480    0.01729     1.0375     62.250      0.963  47029.051    30.0273    12.5074      0.954    6.17769    12.5089    22.6370   11.22904 5.6047e+01 0.0000e+00
        251 244.642483    0.01736     1.0417     62.500      0.969  47017.643    30.0193    12.5081      0.960    6.17791    12.5100    22.6306   11.22949 6.1252e+01 0.0000e+00
        252 244.642486    0.01743     1.0458     62.750      0.979  47004.310    30.0099    12.5090      0.970    6.17817    12.5117    22.6232   11.23003 6.7350e+01 0.0000e+00
        253 244.642488    0.01750     1.0500     63.000      0.992  46998.895    30.0062    12.5101      0.983    6.17817    12.5148    22.6201   11.23008 7.1334e+01 0.0000e+00
        254 244.642491    0.01757     1.0542     63.250      1.004  47007.597    30.0125    12.5118      0.994    6.17770    12.5199    22.6247   11.22922 7.0672e+01 0.0000e+00
        255 244.642494    0.01764     1.0583     63.500      1.010  47030.518    30.0290    12.5149      1.000    6.17667    12.5282    22.6369   11.22731 6.8238e+01 0.0000e+00
        256 244.642497    0.01771     1.0625     63.750      1.006  47059.537    30.0500    12.5200      0.996    6.17519    12.5406    22.6522   11.22461 6.6162e+01 0.0000e+00
        257 244.642500    0.01778     1.0667     64.000      0.991  47080.307    30.0655    12.5283      0.982    6.17352    12.5557    22.6626   11.22166 6.4519e+01 0.0000e+00
        258 244.642503    0.01785     1.0708     64.250      0.969  47079.904    30.0663    12.5407      0.960    6.17188    12.5692    22.6610   11.21893 6.3409e+01 0.0000e+00
        259 244.642506    0.01792     1.0750     64.500      0.945  47054.775    30.0499    12.5558      0.936    6.17056    12.5773    22.6454   11.21693 6.1511e+01 0.0000e+00
        260 244.642509    0.01799     1.0792     64.750      0.925  47013.480    30.0219    12.5693      0.917    6.16990    12.5788    22.6212   11.21615 5.8590e+01 0.0000e+00
        261 244.642512    0.01806     1.0833     65.000      0.914  46970.860    29.9924    12.5774      0.905    6.16999    12.5742    22.5969   11.21664 5.5409e+01 0.0000e+00
        262 244.642514    0.01812     1.0875     65.250      0.914  46937.800    29.9691    12.5789      0.905    6.17069    12.5652    22.5785   11.21808 5.2211e+01 0.0000e+00
        263 244.642517    0.01819     1.0917     65.500      0.923  46917.130    29.9541    12.5743      0.914    6.17187    12.5542    22.5677   11.22021 4.9627e+01 0.0000e+00
        264 244.642520    0.01826     1.0958     65.750      0.940  46907.346    29.9463    12.5653      0.931    6.17334    12.5435    22.5634   11.22275 4.8080e+01 0.0000e+00
        265 244.642523    0.01833     1.1000     66.000      0.960  46906.247    29.9445    12.5544      0.951    6.17483    12.5342    22.5641   11.22524 4.7480e+01 0.0000e+00
        266 244.642526    0.01840     1.1042     66.250      0.979  46911.137    29.9470    12.5436      0.970    6.17612    12.5268    22.5681   11.22735 4.7725e+01 0.0000e+00
        267 244.642529    0.01847     1.1083     66.500      0.995  46919.074    29.9518    12.5343      0.986    6.17714    12.5211    22.5735   11.22899 4.8232e+01 0.0000e+00
        268 244.642532    0.01854     1.1125     66.750      1.004  46927.568    29.9571    12.5269      0.995    6.17790    12.5169    22.5790   11.23018 4.8297e+01 0.0000e+00
        269 244.642535    0.01861     1.1167     67.000      1.007  46934.604    29.9616    12.5213      0.998    6.17845    12.5136    22.5835   11.23105 4.7923e+01 0.0000e+00
        270 244.642538    0.01868     1.1208     67.250      1.005  46939.121    29.9644    12.5171      0.996    6.17889    12.5107    22.5865   11.23175 4.7881e+01 0.0000e+00
        271 244.642541    0.01875     1.1250     67.500      0.999  46940.882    29.9654    12.5137      0.990    6.17929    12.5081    22.5879   11.23240 4.8421e+01 0.0000e+00
