CTD-processing/allCTD/CNV--turbid/2016-05-17-tutkabay-intensive-cast247.cnv
* Sea-Bird SBE19plus Data File:
* FileName = C:\Users\Kris.Holderied\Documents\kasitsna\Research-KBL\Oceanography-AK\CTD-Data-ALL-to-2016-05\2016-CTD-KachemakBay-CookInlet\2016-05-17-TutkaBay-Intensive-phytoplankton\2016-05-17-TutkaBay-Intensive-cast247.hex
* Software Version 1.59
* Temperature SN =  5028
* Conductivity SN =  5028
* System UpLoad Time = Jun 03 2016 19:02:33
** Tutka Bay Intensive Phytoplankton Transect - head to entrance
** Date (YYYY-MM-DD): 2016-05-17
** Station (ie. 9-01):  to add
** Start time (AKST): to add
** Depth (m): to add
** Comment:  Along-bay transect with CTD, phytoplankton and nutrient sampling
** Comment:
# nquan = 16
# nvalues = 509                         
# units = specified
# name 0 = scan: Scan Count
# name 1 = timeJ: Julian Days
# name 2 = timeH: Time, Elapsed [hours]
# name 3 = timeM: Time, Elapsed [minutes]
# name 4 = timeS: Time, Elapsed [seconds]
# name 5 = prdM: Pressure, Strain Gauge [db]
# name 6 = specc: Specific Conductance [uS/cm]
# name 7 = sal00: Salinity, Practical [PSU]
# name 8 = tv290C: Temperature [ITS-90, deg C]
# name 9 = depSM: Depth [salt water, m], lat = 59.00
# name 10 = oxsolML/L: Oxygen Saturation, Garcia & Gordon [ml/l]
# name 11 = potemp090C: Potential Temperature [ITS-90, deg C]
# name 12 = sigma-é00: Density [sigma-theta, kg/m^3]
# name 13 = n2satML/L: Nitrogen Saturation [ml/l]
# name 14 = par: PAR/Irradiance, Biospherical/Licor
# name 15 = flag:  0.000e+00
# span 0 =          1,        509       
# span 1 = 138.466875, 138.468345       
# span 2 =    0.00000,    0.03528       
# span 3 =     0.0000,     2.1167       
# span 4 =      0.000,    127.000       
# span 5 =     -0.054,     77.797       
# span 6 =  14374.012,  49838.965       
# span 7 =     8.7357,    31.2078       
# span 8 =     6.6745,     9.5073       
# span 9 =     -0.053,     77.055       
# span 10 =    6.73425,    7.81171      
# span 11 =     6.6680,     9.5072      
# span 12 =     6.6704,    24.4709      
# span 13 =   12.15528,   14.24192      
# span 14 = 4.6519e-02, 2.5718e+02      
# span 15 = 0.0000e+00, 0.0000e+00      
# interval = seconds: 0.25
# start_time = May 17 2016 11:12:18 [Instrument's time stamp, header]
# bad_flag = -9.990e-29
*END*
[from data line 181]
        182 138.467399    0.01257     0.7542     45.250      0.729  43049.848    26.8766     8.9467      0.722    6.81046     8.9451    20.7730   12.31750 1.0884e+02 0.0000e+00
        183 138.467402    0.01264     0.7583     45.500      0.730  43047.780    26.8751     8.9459      0.723    6.81064     8.9445    20.7720   12.31784 1.0916e+02 0.0000e+00
        184 138.467405    0.01271     0.7625     45.750      0.730  43043.361    26.8720     8.9452      0.723    6.81089     8.9439    20.7696   12.31829 1.0962e+02 0.0000e+00
        185 138.467407    0.01278     0.7667     46.000      0.729  43039.294    26.8691     8.9445      0.722    6.81112     8.9435    20.7675   12.31871 1.1013e+02 0.0000e+00
        186 138.467410    0.01285     0.7708     46.250      0.726  43037.277    26.8676     8.9440      0.719    6.81127     8.9432    20.7664   12.31897 1.1051e+02 0.0000e+00
        187 138.467413    0.01292     0.7750     46.500      0.723  43037.541    26.8678     8.9436      0.716    6.81132     8.9429    20.7666   12.31906 1.1070e+02 0.0000e+00
        188 138.467416    0.01299     0.7792     46.750      0.719  43039.862    26.8693     8.9433      0.713    6.81130     8.9424    20.7679   12.31900 1.1069e+02 0.0000e+00
        189 138.467419    0.01306     0.7833     47.000      0.716  43044.508    26.8725     8.9430      0.710    6.81121     8.9419    20.7704   12.31881 1.1043e+02 0.0000e+00
        190 138.467422    0.01313     0.7875     47.250      0.714  43052.475    26.8779     8.9425      0.708    6.81104     8.9415    20.7747   12.31845 1.0987e+02 0.0000e+00
        191 138.467425    0.01319     0.7917     47.500      0.715  43065.303    26.8867     8.9420      0.708    6.81073     8.9412    20.7816   12.31782 1.0910e+02 0.0000e+00
        192 138.467428    0.01326     0.7958     47.750      0.717  43083.523    26.8992     8.9416      0.710    6.81025     8.9412    20.7914   12.31688 1.0826e+02 0.0000e+00
        193 138.467431    0.01333     0.8000     48.000      0.720  43103.353    26.9128     8.9413      0.713    6.80969     8.9412    20.8021   12.31578 1.0737e+02 0.0000e+00
        194 138.467433    0.01340     0.8042     48.250      0.724  43117.192    26.9224     8.9412      0.717    6.80928     8.9412    20.8095   12.31498 1.0651e+02 0.0000e+00
        195 138.467436    0.01347     0.8083     48.500      0.727  43120.300    26.9245     8.9413      0.720    6.80918     8.9408    20.8112   12.31478 1.0582e+02 0.0000e+00
        196 138.467439    0.01354     0.8125     48.750      0.729  43115.989    26.9215     8.9412      0.722    6.80932     8.9404    20.8089   12.31506 1.0537e+02 0.0000e+00
        197 138.467442    0.01361     0.8167     49.000      0.729  43112.526    26.9191     8.9409      0.722    6.80948     8.9400    20.8071   12.31535 1.0515e+02 0.0000e+00
        198 138.467445    0.01368     0.8208     49.250      0.729  43115.914    26.9214     8.9405      0.722    6.80944     8.9399    20.8089   12.31526 1.0497e+02 0.0000e+00
        199 138.467448    0.01375     0.8250     49.500      0.729  43127.488    26.9293     8.9401      0.722    6.80915     8.9401    20.8151   12.31468 1.0472e+02 0.0000e+00
        200 138.467451    0.01382     0.8292     49.750      0.730  43145.293    26.9415     8.9399      0.723    6.80863     8.9405    20.8247   12.31367 1.0450e+02 0.0000e+00
        201 138.467454    0.01389     0.8333     50.000      0.732  43164.180    26.9545     8.9401      0.725    6.80804     8.9411    20.8349   12.31251 1.0445e+02 0.0000e+00
        202 138.467457    0.01396     0.8375     50.250      0.735  43178.566    26.9645     8.9405      0.728    6.80753     8.9414    20.8426   12.31154 1.0458e+02 0.0000e+00
        203 138.467459    0.01403     0.8417     50.500      0.737  43186.792    26.9702     8.9411      0.730    6.80718     8.9413    20.8470   12.31090 1.0478e+02 0.0000e+00
        204 138.467462    0.01410     0.8458     50.750      0.738  43190.301    26.9727     8.9415      0.731    6.80702     8.9407    20.8489   12.31060 1.0500e+02 0.0000e+00
        205 138.467465    0.01417     0.8500     51.000      0.739  43191.743    26.9737     8.9414      0.732    6.80700     8.9398    20.8497   12.31055 1.0533e+02 0.0000e+00
        206 138.467468    0.01424     0.8542     51.250      0.738  43194.065    26.9752     8.9408      0.731    6.80702     8.9389    20.8509   12.31057 1.0566e+02 0.0000e+00
        207 138.467471    0.01431     0.8583     51.500      0.738  43198.571    26.9782     8.9399      0.731    6.80703     8.9381    20.8534   12.31055 1.0593e+02 0.0000e+00
        208 138.467474    0.01438     0.8625     51.750      0.737  43204.630    26.9823     8.9390      0.730    6.80699     8.9374    20.8567   12.31044 1.0611e+02 0.0000e+00
        209 138.467477    0.01444     0.8667     52.000      0.737  43210.741    26.9864     8.9382      0.730    6.80694     8.9369    20.8600   12.31029 1.0621e+02 0.0000e+00
        210 138.467480    0.01451     0.8708     52.250      0.738  43215.202    26.9893     8.9375      0.731    6.80690     8.9364    20.8624   12.31020 1.0625e+02 0.0000e+00
        211 138.467483    0.01458     0.8750     52.500      0.738  43216.858    26.9904     8.9370      0.731    6.80694     8.9358    20.8634   12.31024 1.0620e+02 0.0000e+00
        212 138.467486    0.01465     0.8792     52.750      0.738  43215.645    26.9895     8.9365      0.731    6.80705     8.9352    20.8627   12.31044 1.0607e+02 0.0000e+00
        213 138.467488    0.01472     0.8833     53.000      0.738  43212.360    26.9872     8.9359      0.731    6.80724     8.9344    20.8610   12.31079 1.0591e+02 0.0000e+00
        214 138.467491    0.01479     0.8875     53.250      0.738  43208.010    26.9841     8.9352      0.731    6.80748     8.9336    20.8587   12.31123 1.0574e+02 0.0000e+00
        215 138.467494    0.01486     0.8917     53.500      0.738  43203.571    26.9810     8.9344      0.731    6.80774     8.9328    20.8563   12.31169 1.0561e+02 0.0000e+00
        216 138.467497    0.01493     0.8958     53.750      0.738  43199.834    26.9783     8.9336      0.731    6.80798     8.9320    20.8544   12.31212 1.0553e+02 0.0000e+00
        217 138.467500    0.01500     0.9000     54.000      0.738  43197.054    26.9763     8.9328      0.731    6.80819     8.9313    20.8529   12.31250 1.0543e+02 0.0000e+00
        218 138.467503    0.01507     0.9042     54.250      0.738  43195.177    26.9749     8.9321      0.731    6.80837     8.9306    20.8519   12.31281 1.0527e+02 0.0000e+00
        219 138.467506    0.01514     0.9083     54.500      0.740  43194.068    26.9741     8.9313      0.733    6.80852     8.9300    20.8513   12.31307 1.0511e+02 0.0000e+00
        220 138.467509    0.01521     0.9125     54.750      0.742  43193.549    26.9737     8.9307      0.735    6.80864     8.9295    20.8511   12.31327 1.0497e+02 0.0000e+00
        221 138.467512    0.01528     0.9167     55.000      0.745  43193.255    26.9734     8.9301      0.738    6.80875     8.9290    20.8510   12.31345 1.0488e+02 0.0000e+00
        222 138.467514    0.01535     0.9208     55.250      0.748  43191.840    26.9724     8.9295      0.741    6.80887     8.9287    20.8502   12.31368 1.0486e+02 0.0000e+00
        223 138.467517    0.01542     0.9250     55.500      0.750  43188.128    26.9698     8.9291      0.743    6.80905     8.9285    20.8483   12.31401 1.0489e+02 0.0000e+00
        224 138.467520    0.01549     0.9292     55.750      0.751  43182.526    26.9659     8.9288      0.744    6.80928     8.9284    20.8453   12.31443 1.0502e+02 0.0000e+00
        225 138.467523    0.01556     0.9333     56.000      0.751  43175.435    26.9609     8.9286      0.744    6.80952     8.9284    20.8415   12.31491 1.0533e+02 0.0000e+00
        226 138.467526    0.01563     0.9375     56.250      0.751  43167.386    26.9554     8.9285      0.744    6.80978     8.9284    20.8372   12.31541 1.0575e+02 0.0000e+00
        227 138.467529    0.01569     0.9417     56.500      0.749  43160.453    26.9506     8.9285      0.742    6.81000     8.9284    20.8334   12.31582 1.0610e+02 0.0000e+00
        228 138.467532    0.01576     0.9458     56.750      0.747  43155.628    26.9473     8.9285      0.741    6.81014     8.9282    20.8308   12.31609 1.0646e+02 0.0000e+00
        229 138.467535    0.01583     0.9500     57.000      0.745  43150.630    26.9438     8.9284      0.739    6.81030     8.9281    20.8282   12.31640 1.0688e+02 0.0000e+00
        230 138.467538    0.01590     0.9542     57.250      0.743  43144.991    26.9399     8.9283      0.736    6.81049     8.9280    20.8252   12.31677 1.0718e+02 0.0000e+00
        231 138.467541    0.01597     0.9583     57.500      0.740  43142.455    26.9382     8.9282      0.733    6.81058     8.9279    20.8238   12.31695 1.0747e+02 0.0000e+00
        232 138.467543    0.01604     0.9625     57.750      0.737  43144.360    26.9395     8.9281      0.730    6.81054     8.9276    20.8248   12.31686 1.0785e+02 0.0000e+00
        233 138.467546    0.01611     0.9667     58.000      0.734  43148.532    26.9423     8.9280      0.728    6.81044     8.9272    20.8271   12.31665 1.0815e+02 0.0000e+00
        234 138.467549    0.01618     0.9708     58.250      0.732  43154.751    26.9466     8.9277      0.725    6.81029     8.9266    20.8304   12.31635 1.0831e+02 0.0000e+00
        235 138.467552    0.01625     0.9750     58.500      0.730  43165.343    26.9539     8.9273      0.723    6.81003     8.9258    20.8362   12.31584 1.0835e+02 0.0000e+00
        236 138.467555    0.01632     0.9792     58.750      0.729  43182.670    26.9657     8.9267      0.722    6.80960     8.9247    20.8455   12.31497 1.0837e+02 0.0000e+00
        237 138.467558    0.01639     0.9833     59.000      0.729  43208.840    26.9837     8.9259      0.722    6.80894     8.9231    20.8597   12.31365 1.0840e+02 0.0000e+00
        238 138.467561    0.01646     0.9875     59.250      0.728  43247.495    27.0103     8.9248      0.721    6.80795     8.9208    20.8806   12.31167 1.0834e+02 0.0000e+00
        239 138.467564    0.01653     0.9917     59.500      0.728  43306.721    27.0510     8.9232      0.721    6.80640     8.9172    20.9126   12.30860 1.0826e+02 0.0000e+00
        240 138.467567    0.01660     0.9958     59.750      0.727  43402.368    27.1168     8.9208      0.720    6.80388     8.9116    20.9643   12.30358 1.0827e+02 0.0000e+00
        241 138.467569    0.01667     1.0000     60.000      0.727  43561.379    27.2261     8.9173      0.720    6.79962     8.9027    21.0503   12.29516 1.0826e+02 0.0000e+00
        242 138.467572    0.01674     1.0042     60.250      0.727  43826.522    27.4086     8.9117      0.720    6.79247     8.8892    21.1936   12.28103 1.0815e+02 0.0000e+00
        243 138.467575    0.01681     1.0083     60.500      0.728  44208.507    27.6713     8.9028      0.721    6.78231     8.8722    21.4002   12.26090 1.0796e+02 0.0000e+00
        244 138.467578    0.01688     1.0125     60.750      0.729  44613.741    27.9497     8.8893      0.722    6.77217     8.8554    21.6197   12.24060 1.0783e+02 0.0000e+00
        245 138.467581    0.01694     1.0167     61.000      0.729  44926.781    28.1640     8.8723      0.723    6.76537     8.8419    21.7895   12.22665 1.0787e+02 0.0000e+00
        246 138.467584    0.01701     1.0208     61.250      0.730  45128.255    28.3012     8.8555      0.723    6.76191     8.8325    21.8991   12.21919 1.0802e+02 0.0000e+00
        247 138.467587    0.01708     1.0250     61.500      0.729  45251.657    28.3848     8.8420      0.722    6.76029     8.8264    21.9664   12.21547 1.0813e+02 0.0000e+00
        248 138.467590    0.01715     1.0292     61.750      0.729  45325.055    28.4344     8.8326      0.722    6.75956     8.8228    22.0065   12.21363 1.0814e+02 0.0000e+00
        249 138.467593    0.01722     1.0333     62.000      0.729  45367.987    28.4633     8.8265      0.722    6.75921     8.8206    22.0300   12.21270 1.0805e+02 0.0000e+00
        250 138.467595    0.01729     1.0375     62.250      0.731  45393.132    28.4802     8.8229      0.724    6.75903     8.8192    22.0437   12.21218 1.0786e+02 0.0000e+00
        251 138.467598    0.01736     1.0417     62.500      0.733  45408.411    28.4905     8.8207      0.726    6.75891     8.8184    22.0521   12.21186 1.0774e+02 0.0000e+00
        252 138.467601    0.01743     1.0458     62.750      0.735  45414.824    28.4947     8.8193      0.728    6.75894     8.8183    22.0556   12.21185 1.0784e+02 0.0000e+00
        253 138.467604    0.01750     1.0500     63.000      0.736  45412.835    28.4933     8.8185      0.729    6.75912     8.8189    22.0546   12.21217 1.0801e+02 0.0000e+00
        254 138.467607    0.01757     1.0542     63.250      0.735  45407.110    28.4893     8.8184      0.729    6.75930     8.8197    22.0515   12.21252 1.0814e+02 0.0000e+00
        255 138.467610    0.01764     1.0583     63.500      0.735  45402.251    28.4860     8.8190      0.728    6.75937     8.8204    22.0488   12.21266 1.0817e+02 0.0000e+00
        256 138.467613    0.01771     1.0625     63.750      0.734  45400.549    28.4849     8.8197      0.728    6.75929     8.8207    22.0479   12.21256 1.0808e+02 0.0000e+00
        257 138.467616    0.01778     1.0667     64.000      0.735  45402.270    28.4862     8.8204      0.728    6.75913     8.8208    22.0488   12.21227 1.0797e+02 0.0000e+00
        258 138.467619    0.01785     1.0708     64.250      0.737  45405.235    28.4883     8.8208      0.730    6.75899     8.8208    22.0504   12.21201 1.0786e+02 0.0000e+00
        259 138.467622    0.01792     1.0750     64.500      0.738  45404.759    28.4880     8.8208      0.731    6.75900     8.8212    22.0501   12.21203 1.0775e+02 0.0000e+00
        260 138.467624    0.01799     1.0792     64.750      0.739  45397.273    28.4828     8.8208      0.732    6.75923     8.8224    22.0460   12.21247 1.0778e+02 0.0000e+00
        261 138.467627    0.01806     1.0833     65.000      0.738  45383.512    28.4733     8.8213      0.731    6.75957     8.8240    22.0385   12.21316 1.0795e+02 0.0000e+00
        262 138.467630    0.01812     1.0875     65.250      0.736  45366.791    28.4619     8.8224      0.729    6.75989     8.8260    22.0294   12.21384 1.0812e+02 0.0000e+00
        263 138.467633    0.01819     1.0917     65.500      0.735  45350.353    28.4507     8.8241      0.728    6.76013     8.8279    22.0205   12.21438 1.0816e+02 0.0000e+00
        264 138.467636    0.01826     1.0958     65.750      0.734  45337.603    28.4421     8.8260      0.727    6.76022     8.8296    22.0135   12.21463 1.0811e+02 0.0000e+00
        265 138.467639    0.01833     1.1000     66.000      0.734  45330.712    28.4376     8.8279      0.727    6.76012     8.8310    22.0096   12.21452 1.0802e+02 0.0000e+00
        266 138.467642    0.01840     1.1042     66.250      0.735  45327.750    28.4357     8.8296      0.728    6.75994     8.8324    22.0080   12.21425 1.0792e+02 0.0000e+00
        267 138.467645    0.01847     1.1083     66.500      0.736  45324.184    28.4334     8.8311      0.729    6.75983     8.8342    22.0060   12.21409 1.0785e+02 0.0000e+00
        268 138.467648    0.01854     1.1125     66.750      0.737  45316.377    28.4282     8.8325      0.730    6.75984     8.8364    22.0017   12.21417 1.0778e+02 0.0000e+00
        269 138.467650    0.01861     1.1167     67.000      0.738  45303.911    28.4198     8.8343      0.731    6.75994     8.8389    21.9949   12.21444 1.0779e+02 0.0000e+00
        270 138.467653    0.01868     1.1208     67.250      0.739  45288.933    28.4097     8.8365      0.732    6.76004     8.8414    21.9867   12.21474 1.0783e+02 0.0000e+00
        271 138.467656    0.01875     1.1250     67.500      0.741  45273.452    28.3993     8.8390      0.734    6.76012     8.8438    21.9782   12.21500 1.0776e+02 0.0000e+00
