CTD-processing/allCTD/CNV--turbid/2016_05-12_alongbay_seldovia_cast241.cnv
* Sea-Bird SBE19plus Data File:
* FileName = C:\Users\Kris.Holderied\Documents\kasitsna\Research-KBL\Oceanography-AK\CTD-Data-ALL-to-2016-05\2016-CTD-KachemakBay-CookInlet\2016-05-12-CookInlet-AlongBay\2016-05-12-CookInlet-AlongBay-cast241.hex
* Software Version 1.59
* Temperature SN =  5028
* Conductivity SN =  5028
* System UpLoad Time = May 16 2016 17:19:38
** Cook Inlet Along-bay Tran7 to Homer Spit SW to NE
** Date (YYYY-MM-DD): 2016-05-12
** Station (ie. 9-01):  Seldovia
** Start time (AKST): 17:39
** Depth (m): 83
** Comment:  R/V Edgecumbe.  Along-bay line from south of Tran7 to station 9-6.
** Comment:
# nquan = 16
# nvalues = 609                         
# units = specified
# name 0 = scan: Scan Count
# name 1 = timeJ: Julian Days
# name 2 = timeH: Time, Elapsed [hours]
# name 3 = timeM: Time, Elapsed [minutes]
# name 4 = timeS: Time, Elapsed [seconds]
# name 5 = prdM: Pressure, Strain Gauge [db]
# name 6 = specc: Specific Conductance [uS/cm]
# name 7 = sal00: Salinity, Practical [PSU]
# name 8 = tv290C: Temperature [ITS-90, deg C]
# name 9 = depSM: Depth [salt water, m], lat = 59.00
# name 10 = oxsolML/L: Oxygen Saturation, Garcia & Gordon [ml/l]
# name 11 = potemp090C: Potential Temperature [ITS-90, deg C]
# name 12 = sigma-é00: Density [sigma-theta, kg/m^3]
# name 13 = n2satML/L: Nitrogen Saturation [ml/l]
# name 14 = par: PAR/Irradiance, Biospherical/Licor
# name 15 = flag:  0.000e+00
# span 0 =          1,        609       
# span 1 = 133.735787, 133.737546       
# span 2 =    0.00000,    0.04222       
# span 3 =     0.0000,     2.5333       
# span 4 =      0.000,    152.000       
# span 5 =      0.557,     78.631       
# span 6 =  49012.385,  50036.320       
# span 7 =    30.9165,    31.4461       
# span 8 =     7.1949,     8.2281       
# span 9 =      0.551,     77.881       
# span 10 =    6.73036,    6.88077      
# span 11 =     7.1908,     8.1990      
# span 12 =    24.0362,    24.5822      
# span 13 =   12.12831,   12.37709      
# span 14 = 6.0196e-02, 4.3943e+02      
# span 15 = 0.0000e+00, 0.0000e+00      
# interval = seconds: 0.25
# start_time = May 12 2016 17:39:32 [Instrument's time stamp, header]
# bad_flag = -9.990e-29
*END*
[from data line 452]
        453 133.737095    0.03139     1.8833    113.000     54.560  50021.616    31.4302     7.1994     54.043    6.87977     7.1948    24.5822   12.37537 4.5626e-01 0.0000e+00
        454 133.737098    0.03146     1.8875    113.250     54.857  50021.733    31.4302     7.1996     54.337    6.87975     7.1948    24.5822   12.37534 4.4053e-01 0.0000e+00
        455 133.737101    0.03153     1.8917    113.500     55.155  50021.859    31.4301     7.1997     54.632    6.87974     7.1949    24.5821   12.37531 4.2544e-01 0.0000e+00
        456 133.737104    0.03160     1.8958    113.750     55.454  50022.030    31.4301     7.1997     54.928    6.87973     7.1949    24.5821   12.37529 4.1121e-01 0.0000e+00
        457 133.737106    0.03167     1.9000    114.000     55.752  50022.252    31.4302     7.1998     55.223    6.87971     7.1949    24.5821   12.37528 3.9763e-01 0.0000e+00
        458 133.737109    0.03174     1.9042    114.250     56.048  50022.505    31.4302     7.1998     55.517    6.87970     7.1949    24.5822   12.37526 3.8452e-01 0.0000e+00
        459 133.737112    0.03181     1.9083    114.500     56.341  50022.725    31.4302     7.1999     55.807    6.87970     7.1949    24.5822   12.37525 3.7194e-01 0.0000e+00
        460 133.737115    0.03188     1.9125    114.750     56.629  50022.871    31.4302     7.1999     56.092    6.87969     7.1950    24.5822   12.37524 3.5991e-01 0.0000e+00
        461 133.737118    0.03194     1.9167    115.000     56.914  50022.970    31.4302     7.2000     56.374    6.87969     7.1950    24.5821   12.37523 3.4842e-01 0.0000e+00
        462 133.737121    0.03201     1.9208    115.250     57.195  50023.063    31.4301     7.2000     56.653    6.87968     7.1950    24.5821   12.37523 3.3742e-01 0.0000e+00
        463 133.737124    0.03208     1.9250    115.500     57.474  50023.182    31.4301     7.2000     56.929    6.87968     7.1950    24.5820   12.37522 3.2687e-01 0.0000e+00
        464 133.737127    0.03215     1.9292    115.750     57.752  50023.338    31.4301     7.2000     57.204    6.87968     7.1950    24.5820   12.37522 3.1674e-01 0.0000e+00
        465 133.737130    0.03222     1.9333    116.000     58.029  50023.506    31.4301     7.2001     57.479    6.87968     7.1949    24.5820   12.37521 3.0701e-01 0.0000e+00
        466 133.737133    0.03229     1.9375    116.250     58.308  50023.660    31.4300     7.2001     57.754    6.87967     7.1949    24.5820   12.37521 2.9761e-01 0.0000e+00
        467 133.737135    0.03236     1.9417    116.500     58.587  50023.831    31.4300     7.2001     58.031    6.87967     7.1949    24.5820   12.37521 2.8854e-01 0.0000e+00
        468 133.737138    0.03243     1.9458    116.750     58.866  50024.045    31.4300     7.2001     58.307    6.87967     7.1948    24.5821   12.37520 2.7981e-01 0.0000e+00
        469 133.737141    0.03250     1.9500    117.000     59.143  50024.260    31.4301     7.2001     58.582    6.87967     7.1948    24.5821   12.37520 2.7142e-01 0.0000e+00
        470 133.737144    0.03257     1.9542    117.250     59.419  50024.456    31.4301     7.2001     58.855    6.87967     7.1948    24.5821   12.37520 2.6339e-01 0.0000e+00
        471 133.737147    0.03264     1.9583    117.500     59.694  50024.640    31.4301     7.2001     59.128    6.87967     7.1948    24.5821   12.37520 2.5564e-01 0.0000e+00
        472 133.737150    0.03271     1.9625    117.750     59.970  50024.820    31.4301     7.2001     59.401    6.87967     7.1948    24.5821   12.37520 2.4813e-01 0.0000e+00
        473 133.737153    0.03278     1.9667    118.000     60.247  50025.016    31.4301     7.2002     59.674    6.87966     7.1948    24.5821   12.37520 2.4089e-01 0.0000e+00
        474 133.737156    0.03285     1.9708    118.250     60.521  50025.223    31.4301     7.2002     59.946    6.87966     7.1948    24.5821   12.37519 2.3396e-01 0.0000e+00
        475 133.737159    0.03292     1.9750    118.500     60.792  50025.411    31.4301     7.2002     60.215    6.87966     7.1948    24.5821   12.37519 2.2729e-01 0.0000e+00
        476 133.737161    0.03299     1.9792    118.750     61.062  50025.583    31.4301     7.2002     60.483    6.87966     7.1948    24.5821   12.37518 2.2086e-01 0.0000e+00
        477 133.737164    0.03306     1.9833    119.000     61.333  50025.756    31.4301     7.2002     60.751    6.87965     7.1948    24.5821   12.37518 2.1465e-01 0.0000e+00
        478 133.737167    0.03313     1.9875    119.250     61.606  50025.939    31.4301     7.2002     61.021    6.87965     7.1948    24.5821   12.37517 2.0862e-01 0.0000e+00
        479 133.737170    0.03319     1.9917    119.500     61.881  50026.133    31.4301     7.2002     61.294    6.87964     7.1948    24.5822   12.37517 2.0274e-01 0.0000e+00
        480 133.737173    0.03326     1.9958    119.750     62.159  50026.318    31.4302     7.2003     61.569    6.87964     7.1948    24.5822   12.37516 1.9697e-01 0.0000e+00
        481 133.737176    0.03333     2.0000    120.000     62.440  50026.482    31.4302     7.2003     61.847    6.87963     7.1948    24.5822   12.37514 1.9130e-01 0.0000e+00
        482 133.737179    0.03340     2.0042    120.250     62.724  50026.649    31.4302     7.2004     62.128    6.87963     7.1948    24.5821   12.37513 1.8575e-01 0.0000e+00
        483 133.737182    0.03347     2.0083    120.500     63.009  50026.829    31.4302     7.2004     62.411    6.87962     7.1948    24.5821   12.37512 1.8037e-01 0.0000e+00
        484 133.737185    0.03354     2.0125    120.750     63.297  50027.010    31.4301     7.2005     62.695    6.87961     7.1948    24.5821   12.37511 1.7518e-01 0.0000e+00
        485 133.737188    0.03361     2.0167    121.000     63.585  50027.193    31.4301     7.2005     62.981    6.87961     7.1948    24.5821   12.37510 1.7020e-01 0.0000e+00
        486 133.737190    0.03368     2.0208    121.250     63.873  50027.386    31.4301     7.2005     63.266    6.87960     7.1949    24.5821   12.37509 1.6540e-01 0.0000e+00
        487 133.737193    0.03375     2.0250    121.500     64.161  50027.536    31.4301     7.2006     63.551    6.87960     7.1949    24.5821   12.37508 1.6078e-01 0.0000e+00
        488 133.737196    0.03382     2.0292    121.750     64.448  50027.636    31.4301     7.2006     63.836    6.87959     7.1949    24.5821   12.37507 1.5631e-01 0.0000e+00
        489 133.737199    0.03389     2.0333    122.000     64.735  50027.769    31.4301     7.2007     64.120    6.87958     7.1949    24.5820   12.37506 1.5201e-01 0.0000e+00
        490 133.737202    0.03396     2.0375    122.250     65.023  50027.962    31.4301     7.2007     64.406    6.87958     7.1949    24.5820   12.37506 1.4787e-01 0.0000e+00
        491 133.737205    0.03403     2.0417    122.500     65.313  50028.201    31.4301     7.2007     64.693    6.87958     7.1949    24.5821   12.37505 1.4388e-01 0.0000e+00
        492 133.737208    0.03410     2.0458    122.750     65.605  50028.439    31.4301     7.2007     64.981    6.87958     7.1949    24.5821   12.37505 1.4001e-01 0.0000e+00
        493 133.737211    0.03417     2.0500    123.000     65.898  50028.640    31.4301     7.2007     65.271    6.87957     7.1948    24.5821   12.37504 1.3625e-01 0.0000e+00
        494 133.737214    0.03424     2.0542    123.250     66.192  50028.818    31.4301     7.2007     65.563    6.87957     7.1948    24.5821   12.37504 1.3262e-01 0.0000e+00
        495 133.737216    0.03431     2.0583    123.500     66.487  50028.966    31.4301     7.2007     65.856    6.87957     7.1947    24.5821   12.37504 1.2912e-01 0.0000e+00
        496 133.737219    0.03438     2.0625    123.750     66.784  50029.092    31.4301     7.2007     66.149    6.87958     7.1947    24.5820   12.37505 1.2575e-01 0.0000e+00
        497 133.737222    0.03444     2.0667    124.000     67.080  50029.221    31.4300     7.2007     66.442    6.87958     7.1946    24.5820   12.37506 1.2254e-01 0.0000e+00
        498 133.737225    0.03451     2.0708    124.250     67.373  50029.364    31.4300     7.2007     66.732    6.87959     7.1946    24.5820   12.37507 1.1948e-01 0.0000e+00
        499 133.737228    0.03458     2.0750    124.500     67.664  50029.518    31.4299     7.2007     67.021    6.87959     7.1945    24.5820   12.37508 1.1655e-01 0.0000e+00
        500 133.737231    0.03465     2.0792    124.750     67.955  50029.665    31.4299     7.2007     67.309    6.87960     7.1945    24.5820   12.37509 1.1374e-01 0.0000e+00
        501 133.737234    0.03472     2.0833    125.000     68.247  50029.800    31.4299     7.2006     67.598    6.87960     7.1944    24.5819   12.37510 1.1103e-01 0.0000e+00
        502 133.737237    0.03479     2.0875    125.250     68.539  50029.952    31.4298     7.2006     67.886    6.87961     7.1944    24.5819   12.37511 1.0844e-01 0.0000e+00
        503 133.737240    0.03486     2.0917    125.500     68.828  50030.136    31.4298     7.2006     68.173    6.87961     7.1944    24.5819   12.37512 1.0596e-01 0.0000e+00
        504 133.737242    0.03493     2.0958    125.750     69.116  50030.342    31.4298     7.2006     68.458    6.87961     7.1943    24.5819   12.37512 1.0357e-01 0.0000e+00
        505 133.737245    0.03500     2.1000    126.000     69.404  50030.558    31.4298     7.2006     68.744    6.87961     7.1943    24.5819   12.37512 1.0127e-01 0.0000e+00
        506 133.737248    0.03507     2.1042    126.250     69.692  50030.791    31.4298     7.2006     69.029    6.87962     7.1943    24.5819   12.37512 9.9044e-02 0.0000e+00
        507 133.737251    0.03514     2.1083    126.500     69.981  50031.029    31.4299     7.2005     69.315    6.87962     7.1942    24.5820   12.37513 9.6897e-02 0.0000e+00
        508 133.737254    0.03521     2.1125    126.750     70.269  50031.245    31.4299     7.2005     69.600    6.87962     7.1942    24.5820   12.37513 9.4839e-02 0.0000e+00
        509 133.737257    0.03528     2.1167    127.000     70.557  50031.432    31.4299     7.2005     69.886    6.87962     7.1942    24.5820   12.37513 9.2882e-02 0.0000e+00
        510 133.737260    0.03535     2.1208    127.250     70.845  50031.606    31.4299     7.2005     70.171    6.87962     7.1942    24.5820   12.37513 9.1014e-02 0.0000e+00
        511 133.737263    0.03542     2.1250    127.500     71.132  50031.793    31.4299     7.2005     70.455    6.87962     7.1941    24.5820   12.37513 8.9225e-02 0.0000e+00
        512 133.737266    0.03549     2.1292    127.750     71.420  50031.989    31.4299     7.2005     70.740    6.87962     7.1941    24.5820   12.37513 8.7512e-02 0.0000e+00
        513 133.737269    0.03556     2.1333    128.000     71.708  50032.174    31.4299     7.2005     71.025    6.87962     7.1941    24.5820   12.37512 8.5879e-02 0.0000e+00
        514 133.737271    0.03562     2.1375    128.250     71.994  50032.328    31.4299     7.2005     71.309    6.87961     7.1942    24.5820   12.37512 8.4340e-02 0.0000e+00
        515 133.737274    0.03569     2.1417    128.500     72.278  50032.443    31.4298     7.2006     71.590    6.87961     7.1942    24.5820   12.37511 8.2912e-02 0.0000e+00
        516 133.737277    0.03576     2.1458    128.750     72.560  50032.555    31.4298     7.2006     71.869    6.87961     7.1942    24.5819   12.37511 8.1520e-02 0.0000e+00
        517 133.737280    0.03583     2.1500    129.000     72.841  50032.686    31.4298     7.2006     72.147    6.87960     7.1942    24.5819   12.37510 8.0086e-02 0.0000e+00
        518 133.737283    0.03590     2.1542    129.250     73.122  50032.825    31.4297     7.2007     72.425    6.87960     7.1942    24.5819   12.37509 7.8691e-02 0.0000e+00
        519 133.737286    0.03597     2.1583    129.500     73.402  50032.954    31.4297     7.2007     72.703    6.87959     7.1942    24.5819   12.37508 7.7377e-02 0.0000e+00
        520 133.737289    0.03604     2.1625    129.750     73.683  50033.069    31.4297     7.2008     72.981    6.87959     7.1942    24.5818   12.37508 7.6109e-02 0.0000e+00
        521 133.737292    0.03611     2.1667    130.000     73.966  50033.171    31.4296     7.2008     73.261    6.87959     7.1941    24.5818   12.37508 7.4880e-02 0.0000e+00
        522 133.737295    0.03618     2.1708    130.250     74.249  50033.259    31.4295     7.2007     73.542    6.87960     7.1940    24.5817   12.37509 7.3696e-02 0.0000e+00
        523 133.737297    0.03625     2.1750    130.500     74.532  50033.357    31.4295     7.2007     73.822    6.87961     7.1939    24.5817   12.37511 7.2564e-02 0.0000e+00
        524 133.737300    0.03632     2.1792    130.750     74.814  50033.467    31.4294     7.2006     74.101    6.87962     7.1937    24.5816   12.37514 7.1491e-02 0.0000e+00
        525 133.737303    0.03639     2.1833    131.000     75.095  50033.599    31.4294     7.2005     74.379    6.87964     7.1936    24.5816   12.37516 7.0474e-02 0.0000e+00
        526 133.737306    0.03646     2.1875    131.250     75.374  50033.810    31.4294     7.2005     74.655    6.87965     7.1936    24.5816   12.37519 6.9504e-02 0.0000e+00
        527 133.737309    0.03653     2.1917    131.500     75.652  50034.127    31.4294     7.2004     74.931    6.87966     7.1936    24.5817   12.37520 6.8580e-02 0.0000e+00
        528 133.737312    0.03660     2.1958    131.750     75.931  50034.546    31.4296     7.2004     75.207    6.87965     7.1937    24.5818   12.37519 6.7697e-02 0.0000e+00
        529 133.737315    0.03667     2.2000    132.000     76.207  50034.942    31.4298     7.2004     75.481    6.87964     7.1937    24.5820   12.37517 6.6849e-02 0.0000e+00
        530 133.737318    0.03674     2.2042    132.250     76.479  50035.184    31.4298     7.2005     75.750    6.87963     7.1938    24.5820   12.37514 6.6042e-02 0.0000e+00
        531 133.737321    0.03681     2.2083    132.500     76.741  50035.301    31.4298     7.2005     76.010    6.87962     7.1938    24.5820   12.37512 6.5294e-02 0.0000e+00
        532 133.737323    0.03687     2.2125    132.750     76.988  50035.352    31.4297     7.2006     76.254    6.87961     7.1938    24.5819   12.37511 6.4624e-02 0.0000e+00
        533 133.737326    0.03694     2.2167    133.000     77.213  50035.374    31.4297     7.2007     76.477    6.87960     7.1938    24.5819   12.37510 6.4037e-02 0.0000e+00
        534 133.737329    0.03701     2.2208    133.250     77.411  50035.411    31.4296     7.2007     76.674    6.87961     7.1937    24.5818   12.37511 6.3535e-02 0.0000e+00
        535 133.737332    0.03708     2.2250    133.500     77.582  50035.513    31.4296     7.2006     76.843    6.87961     7.1937    24.5818   12.37511 6.3118e-02 0.0000e+00
        536 133.737335    0.03715     2.2292    133.750     77.727  50035.683    31.4296     7.2006     76.986    6.87961     7.1938    24.5818   12.37511 6.2783e-02 0.0000e+00
        537 133.737338    0.03722     2.2333    134.000     77.845  50035.855    31.4297     7.2007     77.103    6.87960     7.1939    24.5819   12.37510 6.2523e-02 0.0000e+00
        538 133.737341    0.03729     2.2375    134.250     77.938  50035.993    31.4297     7.2007     77.195    6.87959     7.1940    24.5820   12.37507 6.2320e-02 0.0000e+00
        539 133.737344    0.03736     2.2417    134.500     78.010  50036.110    31.4298     7.2008     77.266    6.87957     7.1942    24.5820   12.37504 6.2153e-02 0.0000e+00
        540 133.737347    0.03743     2.2458    134.750     78.067  50036.234    31.4299     7.2010     77.322    6.87954     7.1944    24.5821   12.37500 6.2012e-02 0.0000e+00
        541 133.737350    0.03750     2.2500    135.000     78.114  50036.320    31.4300     7.2011     77.369    6.87951     7.1946    24.5821   12.37495 6.1892e-02 0.0000e+00
        542 133.737352    0.03757     2.2542    135.250     78.157  50036.295    31.4300     7.2013     77.412    6.87948     7.1947    24.5820   12.37490 6.1794e-02 0.0000e+00
