CTD-processing/allCTD/CNV--turbid/2016_07-27_t4_s01_cast020.cnv
* Sea-Bird SBE19plus Data File:
* FileName = C:\Users\Kris.Holderied\Documents\kasitsna\Research-KBL\Oceanography-AK\CTD-Data-ALL-to-2016-05\2016-CTD-KachemakBay-CookInlet\2016-07-27-CookInlet-Tran4-Barabara-special\2016-07-27-CookInlet-Tran4-cast020.hex
* Software Version 1.59
* Temperature SN =  5028
* Conductivity SN =  5028
* System UpLoad Time = Jul 27 2016 20:23:36
** Cook Inlet LTM Tran4 Barabara north to south
** Date (YYYY-MM-DD): 2016-07-27
** Station (eg. 9-01):  4-01
** Start time (AKDT): 14:29
** Depth (m): 18.9
** Comment:  R/V Edgecumbe.  Part of all-bay survey with T9 and along-bay stations (1-9).
** Comment:
# nquan = 16
# nvalues = 395                         
# units = specified
# name 0 = scan: Scan Count
# name 1 = timeJ: Julian Days
# name 2 = timeH: Time, Elapsed [hours]
# name 3 = timeM: Time, Elapsed [minutes]
# name 4 = timeS: Time, Elapsed [seconds]
# name 5 = prdM: Pressure, Strain Gauge [db]
# name 6 = specc: Specific Conductance [uS/cm]
# name 7 = sal00: Salinity, Practical [PSU]
# name 8 = tv290C: Temperature [ITS-90, deg C]
# name 9 = depSM: Depth [salt water, m], lat = 59.00
# name 10 = oxsolML/L: Oxygen Saturation, Garcia & Gordon [ml/l]
# name 11 = potemp090C: Potential Temperature [ITS-90, deg C]
# name 12 = sigma-é00: Density [sigma-theta, kg/m^3]
# name 13 = n2satML/L: Nitrogen Saturation [ml/l]
# name 14 = par: PAR/Irradiance, Biospherical/Licor
# name 15 = flag:  0.000e+00
# span 0 =          1,        395       
# span 1 = 209.604201, 209.605341       
# span 2 =    0.00000,    0.02736       
# span 3 =     0.0000,     1.6417       
# span 4 =      0.000,     98.500       
# span 5 =     -0.045,     19.441       
# span 6 =  10885.371,  49552.777       
# span 7 =     6.5634,    31.5169       
# span 8 =     9.8673,    11.4370       
# span 9 =     -0.044,     19.258       
# span 10 =    6.39767,    7.34135      
# span 11 =     9.8652,    11.3195      
# span 12 =     4.6594,    24.2554      
# span 13 =   11.57985,   13.47975      
# span 14 = 3.5063e+00, 3.1220e+02      
# span 15 = 0.0000e+00, 0.0000e+00      
# interval = seconds: 0.25
# start_time = Jul 27 2016 14:30:03 [Instrument's time stamp, header]
# bad_flag = -9.990e-29
*END*
[from data line 362]
        363 209.605249    0.02514     1.5083     90.500      9.924  49410.505    31.4393    10.0134      9.831    6.45866    10.0021    24.1709   11.67838 1.8605e+01 0.0000e+00
        364 209.605252    0.02521     1.5125     90.750     10.249  49415.716    31.4422    10.0086     10.153    6.45922     9.9962    24.1740   11.67927 1.7480e+01 0.0000e+00
        365 209.605255    0.02528     1.5167     91.000     10.578  49421.853    31.4457    10.0032     10.479    6.45984     9.9900    24.1776   11.68026 1.6404e+01 0.0000e+00
        366 209.605258    0.02535     1.5208     91.250     10.912  49428.517    31.4495     9.9973     10.810    6.46051     9.9835    24.1816   11.68132 1.5385e+01 0.0000e+00
        367 209.605260    0.02542     1.5250     91.500     11.249  49435.422    31.4535     9.9912     11.144    6.46122     9.9768    24.1856   11.68244 1.4430e+01 0.0000e+00
        368 209.605263    0.02549     1.5292     91.750     11.586  49442.274    31.4574     9.9848     11.478    6.46196     9.9698    24.1897   11.68363 1.3540e+01 0.0000e+00
        369 209.605266    0.02556     1.5333     92.000     11.923  49448.912    31.4611     9.9781     11.812    6.46275     9.9624    24.1937   11.68488 1.2713e+01 0.0000e+00
        370 209.605269    0.02562     1.5375     92.250     12.258  49455.539    31.4647     9.9711     12.144    6.46359     9.9545    24.1977   11.68623 1.1943e+01 0.0000e+00
        371 209.605272    0.02569     1.5417     92.500     12.591  49462.052    31.4682     9.9637     12.474    6.46449     9.9459    24.2016   11.68768 1.1226e+01 0.0000e+00
        372 209.605275    0.02576     1.5458     92.750     12.921  49468.155    31.4714     9.9558     12.800    6.46547     9.9366    24.2054   11.68927 1.0559e+01 0.0000e+00
        373 209.605278    0.02583     1.5500     93.000     13.247  49474.422    31.4746     9.9473     13.123    6.46654     9.9271    24.2093   11.69102 9.9431e+00 0.0000e+00
        374 209.605281    0.02590     1.5542     93.250     13.569  49481.751    31.4784     9.9381     13.442    6.46769     9.9183    24.2138   11.69288 9.3751e+00 0.0000e+00
        375 209.605284    0.02597     1.5583     93.500     13.888  49490.062    31.4829     9.9287     13.758    6.46884     9.9105    24.2189   11.69472 8.8502e+00 0.0000e+00
        376 209.605286    0.02604     1.5625     93.750     14.205  49498.522    31.4876     9.9198     14.072    6.46990     9.9038    24.2240   11.69642 8.3638e+00 0.0000e+00
        377 209.605289    0.02611     1.5667     94.000     14.523  49506.012    31.4918     9.9120     14.387    6.47082     9.8977    24.2285   11.69790 7.9099e+00 0.0000e+00
        378 209.605292    0.02618     1.5708     94.250     14.843  49511.900    31.4949     9.9054     14.704    6.47164     9.8919    24.2320   11.69921 7.4822e+00 0.0000e+00
        379 209.605295    0.02625     1.5750     94.500     15.165  49516.859    31.4975     9.8993     15.023    6.47239     9.8865    24.2350   11.70042 7.0771e+00 0.0000e+00
        380 209.605298    0.02632     1.5792     94.750     15.491  49521.681    31.5001     9.8936     15.345    6.47309     9.8816    24.2379   11.70156 6.6932e+00 0.0000e+00
        381 209.605301    0.02639     1.5833     95.000     15.819  49526.630    31.5027     9.8882     15.671    6.47375     9.8775    24.2409   11.70261 6.3302e+00 0.0000e+00
        382 209.605304    0.02646     1.5875     95.250     16.149  49531.664    31.5055     9.8834     15.998    6.47432     9.8743    24.2439   11.70353 5.9871e+00 0.0000e+00
        383 209.605307    0.02653     1.5917     95.500     16.481  49536.247    31.5081     9.8793     16.326    6.47479     9.8719    24.2466   11.70427 5.6624e+00 0.0000e+00
        384 209.605310    0.02660     1.5958     95.750     16.812  49539.957    31.5102     9.8762     16.654    6.47515     9.8700    24.2487   11.70485 5.3553e+00 0.0000e+00
        385 209.605313    0.02667     1.6000     96.000     17.143  49542.907    31.5118     9.8738     16.982    6.47543     9.8685    24.2504   11.70528 5.0647e+00 0.0000e+00
        386 209.605315    0.02674     1.6042     96.250     17.475  49545.330    31.5131     9.8719     17.311    6.47564     9.8673    24.2517   11.70561 4.7895e+00 0.0000e+00
        387 209.605318    0.02681     1.6083     96.500     17.808  49547.317    31.5142     9.8704     17.640    6.47580     9.8665    24.2528   11.70586 4.5296e+00 0.0000e+00
        388 209.605321    0.02688     1.6125     96.750     18.137  49548.932    31.5151     9.8693     17.966    6.47592     9.8659    24.2536   11.70605 4.2864e+00 0.0000e+00
        389 209.605324    0.02694     1.6167     97.000     18.457  49550.225    31.5157     9.8685     18.283    6.47600     9.8655    24.2543   11.70619 4.0643e+00 0.0000e+00
        390 209.605327    0.02701     1.6208     97.250     18.757  49551.211    31.5162     9.8679     18.580    6.47606     9.8653    24.2548   11.70628 3.8708e+00 0.0000e+00
        391 209.605330    0.02708     1.6250     97.500     19.018  49551.936    31.5166     9.8676     18.840    6.47610     9.8652    24.2551   11.70634 3.7167e+00 0.0000e+00
        392 209.605333    0.02715     1.6292     97.750     19.220  49552.435    31.5168     9.8674     19.039    6.47612     9.8652    24.2553   11.70637 3.6107e+00 0.0000e+00
        393 209.605336    0.02722     1.6333     98.000     19.351  49552.711    31.5169     9.8673     19.169    6.47612     9.8652    24.2554   11.70637 3.5483e+00 0.0000e+00
        394 209.605339    0.02729     1.6375     98.250     19.420  49552.777    31.5169     9.8673     19.237    6.47612 -9.990e-29    24.2554   11.70637 3.5164e+00 0.0000e+00
        395 209.605341    0.02736     1.6417     98.500     19.441  49552.761    31.5169     9.8673     19.258    6.47612 -9.990e-29    24.2554   11.70637 3.5063e+00 0.0000e+00
