CTD-processing/allCTD/CNV--turbid/2016_02-16_t7_s07_cast158.cnv
* Sea-Bird SBE19plus Data File:
* FileName = C:\Users\Kris.Holderied\Documents\kasitsna\Research-KBL\Oceanography-AK\CTD-Data-ALL-to-2016-02\2016-CTD-KachemakBay-CookInlet\2016-02-CookInlet-quarterly\2016-02-16-CookInlet-Tran7-Augustine\2016-02-16-CookInlet-Tran7-cast158.hex
* Software Version 1.59
* Temperature SN =  5028
* Conductivity SN =  5028
* System UpLoad Time = Feb 16 2016 10:46:52
** Cook Inlet LTM Tran7 Augustine East to West

** Date: 02-16
** Station: 7-07
** Start time (AKST): 05:00
** Depth (m): 59
** Comment:  R/V Pandalus
** Comment:
# nquan = 16
# nvalues = 570                         
# units = specified
# name 0 = scan: Scan Count
# name 1 = timeJ: Julian Days
# name 2 = timeH: Time, Elapsed [hours]
# name 3 = timeM: Time, Elapsed [minutes]
# name 4 = timeS: Time, Elapsed [seconds]
# name 5 = prdM: Pressure, Strain Gauge [db]
# name 6 = specc: Specific Conductance [uS/cm]
# name 7 = sal00: Salinity, Practical [PSU]
# name 8 = tv290C: Temperature [ITS-90, deg C]
# name 9 = depSM: Depth [salt water, m], lat = 59.00
# name 10 = oxsolML/L: Oxygen Saturation, Garcia & Gordon [ml/l]
# name 11 = potemp090C: Potential Temperature [ITS-90, deg C]
# name 12 = sigma-é00: Density [sigma-theta, kg/m^3]
# name 13 = n2satML/L: Nitrogen Saturation [ml/l]
# name 14 = par: PAR/Irradiance, Biospherical/Licor
# name 15 = flag:  0.000e+00
# span 0 =          1,        570       
# span 1 =  47.208843,  47.210489       
# span 2 =    0.00000,    0.03951       
# span 3 =     0.0000,     2.3708       
# span 4 =      0.000,    142.250       
# span 5 =     -0.137,     59.753       
# span 6 =   1735.446,  50413.891       
# span 7 =     0.8520,    31.4433       
# span 8 =     4.0550,     5.8227       
# span 9 =     -0.136,     59.186       
# span 10 =    7.10480,    9.10663      
# span 11 =     4.0554,     5.8191      
# span 12 =     0.6601,    24.7810      
# span 13 =   12.74752,   16.52740      
# span 14 = 3.7976e-02, 2.4626e-01      
# span 15 = 0.0000e+00, 0.0000e+00      
# interval = seconds: 0.25
# start_time = Feb 16 2016 05:00:44 [Instrument's time stamp, header]
# bad_flag = -9.990e-29
*END*
[from data line 543]
        544  47.210414    0.03771     2.2625    135.750     55.223  50363.884    31.4127     5.8210     54.700    7.10509     5.8166    24.7407   12.74801 3.7976e-02 0.0000e+00
        545  47.210417    0.03778     2.2667    136.000     55.436  50363.737    31.4125     5.8211     54.911    7.10509     5.8165    24.7405   12.74802 3.7976e-02 0.0000e+00
        546  47.210420    0.03785     2.2708    136.250     55.654  50363.522    31.4123     5.8210     55.127    7.10511     5.8162    24.7403   12.74806 3.7976e-02 0.0000e+00
        547  47.210422    0.03792     2.2750    136.500     55.874  50363.227    31.4119     5.8209     55.344    7.10516     5.8158    24.7401   12.74813 3.7976e-02 0.0000e+00
        548  47.210425    0.03799     2.2792    136.750     56.093  50363.061    31.4117     5.8206     55.561    7.10521     5.8154    24.7399   12.74823 3.7976e-02 0.0000e+00
        549  47.210428    0.03806     2.2833    137.000     56.308  50363.204    31.4116     5.8202     55.774    7.10528     5.8151    24.7399   12.74833 3.7976e-02 0.0000e+00
        550  47.210431    0.03812     2.2875    137.250     56.519  50363.514    31.4116     5.8199     55.983    7.10534     5.8148    24.7400   12.74844 3.7976e-02 0.0000e+00
        551  47.210434    0.03819     2.2917    137.500     56.726  50363.890    31.4117     5.8195     56.188    7.10539     5.8145    24.7401   12.74853 3.7976e-02 0.0000e+00
        552  47.210437    0.03826     2.2958    137.750     56.928  50364.334    31.4119     5.8192     56.388    7.10544     5.8144    24.7403   12.74860 3.7976e-02 0.0000e+00
        553  47.210440    0.03833     2.3000    138.000     57.126  50364.768    31.4121     5.8190     56.584    7.10547     5.8143    24.7404   12.74864 3.7976e-02 0.0000e+00
        554  47.210443    0.03840     2.3042    138.250     57.319  50365.124    31.4122     5.8188     56.775    7.10549     5.8142    24.7405   12.74867 3.7976e-02 0.0000e+00
        555  47.210446    0.03847     2.3083    138.500     57.507  50365.371    31.4122     5.8188     56.962    7.10550     5.8142    24.7406   12.74869 3.7976e-02 0.0000e+00
        556  47.210448    0.03854     2.3125    138.750     57.691  50365.520    31.4122     5.8187     57.144    7.10550     5.8141    24.7406   12.74870 3.7976e-02 0.0000e+00
        557  47.210451    0.03861     2.3167    139.000     57.870  50365.663    31.4122     5.8186     57.321    7.10551     5.8142    24.7406   12.74870 3.7976e-02 0.0000e+00
        558  47.210454    0.03868     2.3208    139.250     58.044  50365.878    31.4123     5.8186     57.493    7.10551     5.8143    24.7407   12.74870 3.7976e-02 0.0000e+00
        559  47.210457    0.03875     2.3250    139.500     58.213  50366.150    31.4124     5.8187     57.661    7.10550     5.8144    24.7408   12.74868 3.7976e-02 0.0000e+00
        560  47.210460    0.03882     2.3292    139.750     58.380  50366.299    31.4125     5.8188     57.826    7.10548     5.8144    24.7408   12.74865 3.7976e-02 0.0000e+00
        561  47.210463    0.03889     2.3333    140.000     58.545  50366.222    31.4124     5.8190     57.989    7.10546     5.8144    24.7407   12.74863 3.7976e-02 0.0000e+00
        562  47.210466    0.03896     2.3375    140.250     58.710  50366.130    31.4122     5.8190     58.153    7.10545     5.8143    24.7406   12.74862 3.7976e-02 0.0000e+00
        563  47.210469    0.03903     2.3417    140.500     58.875  50366.198    31.4122     5.8190     58.316    7.10546     5.8143    24.7406   12.74863 3.7976e-02 0.0000e+00
        564  47.210472    0.03910     2.3458    140.750     59.039  50366.326    31.4122     5.8190     58.479    7.10546     5.8143    24.7406   12.74863 3.7976e-02 0.0000e+00
        565  47.210475    0.03917     2.3500    141.000     59.202  50366.371    31.4122     5.8189     58.640    7.10547     5.8142    24.7406   12.74864 3.7976e-02 0.0000e+00
        566  47.210477    0.03924     2.3542    141.250     59.359  50366.329    31.4120     5.8189     58.795    7.10548     5.8140    24.7405   12.74867 3.7976e-02 0.0000e+00
        567  47.210480    0.03931     2.3583    141.500     59.504  50366.290    31.4119     5.8188     58.940    7.10550     5.8139    24.7404   12.74870 3.7976e-02 0.0000e+00
        568  47.210483    0.03938     2.3625    141.750     59.630  50366.328    31.4119     5.8187     59.064    7.10552     5.8139    24.7403   12.74873 3.7976e-02 0.0000e+00
        569  47.210486    0.03944     2.3667    142.000     59.719  50366.424    31.4119     5.8186     59.153    7.10553 -9.990e-29    24.7404   12.74875 3.7976e-02 0.0000e+00
        570  47.210489    0.03951     2.3708    142.250     59.753  50366.475    31.4119     5.8186     59.186    7.10554 -9.990e-29    24.7404   12.74876 3.7976e-02 0.0000e+00
