CTD-processing/allCTD/CNV--turbid/2016_01-07_t9_s04_cast067.cnv
* Sea-Bird SBE19plus Data File:
* FileName = C:\Users\Kris.Holderied\Documents\kasitsna\Research-KBL\Oceanography-AK\CTD-Data-ALL-to-2015-10\2016-CTD-KachemakBay-CookInlet\2016-01-07-CookInlet-HomerSpit-monthly-plus\2016-01-07-CookInlet-Tran9-plus-cast067.hex
* Software Version 1.59
* Temperature SN =  5028
* Conductivity SN =  5028
* System UpLoad Time = Feb 09 2016 08:00:44
** Cook Inlet LTM Tran9 Homer Spit
** Date (YYYY-MM-DD): 2016-01-07
** Station (ie. 9-01):  9-04
** Start time (AKST): 13:11
** Depth (m): 97.5
** Comment: R/V Edgecumbe
** Comment:
# nquan = 16
# nvalues = 734                         
# units = specified
# name 0 = scan: Scan Count
# name 1 = timeJ: Julian Days
# name 2 = timeH: Time, Elapsed [hours]
# name 3 = timeM: Time, Elapsed [minutes]
# name 4 = timeS: Time, Elapsed [seconds]
# name 5 = prdM: Pressure, Strain Gauge [db]
# name 6 = specc: Specific Conductance [uS/cm]
# name 7 = sal00: Salinity, Practical [PSU]
# name 8 = tv290C: Temperature [ITS-90, deg C]
# name 9 = depSM: Depth [salt water, m], lat = 59.00
# name 10 = oxsolML/L: Oxygen Saturation, Garcia & Gordon [ml/l]
# name 11 = potemp090C: Potential Temperature [ITS-90, deg C]
# name 12 = sigma-é00: Density [sigma-theta, kg/m^3]
# name 13 = n2satML/L: Nitrogen Saturation [ml/l]
# name 14 = par: PAR/Irradiance, Biospherical/Licor
# name 15 = flag:  0.000e+00
# span 0 =          1,        734       
# span 1 =   7.549838,   7.551959       
# span 2 =    0.00000,    0.05090       
# span 3 =     0.0000,     3.0542       
# span 4 =      0.000,    183.250       
# span 5 =      0.463,     91.589       
# span 6 =  45264.451,  50116.906       
# span 7 =    27.6404,    31.3755       
# span 8 =     4.1823,     6.6124       
# span 9 =      0.458,     90.713       
# span 10 =    6.97634,    7.57994      
# span 11 =     4.2426,     6.6047      
# span 12 =    21.9215,    24.6156      
# span 13 =   12.53571,   13.58244      
# span 14 = 3.7976e-02, 4.7827e+01      
# span 15 = 0.0000e+00, 0.0000e+00      
# interval = seconds: 0.25
# start_time = Jan 07 2016 13:11:46 [Instrument's time stamp, header]
# bad_flag = -9.990e-29
*END*
[from data line 362]
        363   7.550885    0.02514     1.5083     90.500     18.876  49772.757    31.1170     6.3196     18.699    7.03612     6.3201    24.4473   12.63780 6.6588e-01 0.0000e+00
        364   7.550888    0.02521     1.5125     90.750     19.095  49771.286    31.1161     6.3209     18.916    7.03595     6.3205    24.4465   12.63753 6.4315e-01 0.0000e+00
        365   7.550891    0.02528     1.5167     91.000     19.314  49770.225    31.1154     6.3217     19.133    7.03586     6.3206    24.4459   12.63739 6.2158e-01 0.0000e+00
        366   7.550894    0.02535     1.5208     91.250     19.534  49769.931    31.1152     6.3221     19.350    7.03581     6.3208    24.4457   12.63731 6.0086e-01 0.0000e+00
        367   7.550897    0.02542     1.5250     91.500     19.754  49770.434    31.1155     6.3222     19.569    7.03577     6.3211    24.4459   12.63724 5.8078e-01 0.0000e+00
        368   7.550900    0.02549     1.5292     91.750     19.975  49771.551    31.1162     6.3224     19.788    7.03571     6.3216    24.4464   12.63713 5.6139e-01 0.0000e+00
        369   7.550903    0.02556     1.5333     92.000     20.195  49772.998    31.1171     6.3227     20.005    7.03561     6.3223    24.4471   12.63696 5.4276e-01 0.0000e+00
        370   7.550906    0.02562     1.5375     92.250     20.415  49774.493    31.1181     6.3232     20.223    7.03548     6.3232    24.4479   12.63673 5.2482e-01 0.0000e+00
        371   7.550909    0.02569     1.5417     92.500     20.634  49776.414    31.1195     6.3239     20.440    7.03530     6.3244    24.4488   12.63641 5.0755e-01 0.0000e+00
        372   7.550911    0.02576     1.5458     92.750     20.854  49778.866    31.1213     6.3249     20.658    7.03506     6.3259    24.4501   12.63600 4.9111e-01 0.0000e+00
        373   7.550914    0.02583     1.5500     93.000     21.069  49781.066    31.1229     6.3261     20.871    7.03479     6.3274    24.4512   12.63551 4.7562e-01 0.0000e+00
        374   7.550917    0.02590     1.5542     93.250     21.280  49782.719    31.1242     6.3276     21.080    7.03449     6.3289    24.4521   12.63500 4.6111e-01 0.0000e+00
        375   7.550920    0.02597     1.5583     93.500     21.485  49783.902    31.1252     6.3291     21.283    7.03418     6.3303    24.4527   12.63449 4.4748e-01 0.0000e+00
        376   7.550923    0.02604     1.5625     93.750     21.686  49784.973    31.1262     6.3307     21.482    7.03389     6.3318    24.4533   12.63399 4.3444e-01 0.0000e+00
        377   7.550926    0.02611     1.5667     94.000     21.889  49786.898    31.1277     6.3321     21.683    7.03358     6.3336    24.4543   12.63346 4.2169e-01 0.0000e+00
        378   7.550929    0.02618     1.5708     94.250     22.095  49790.166    31.1301     6.3336     21.887    7.03322     6.3358    24.4560   12.63284 4.0917e-01 0.0000e+00
        379   7.550932    0.02625     1.5750     94.500     22.304  49794.089    31.1331     6.3354     22.095    7.03279     6.3383    24.4582   12.63209 3.9688e-01 0.0000e+00
        380   7.550935    0.02632     1.5792     94.750     22.517  49798.410    31.1363     6.3375     22.305    7.03228     6.3414    24.4605   12.63121 3.8484e-01 0.0000e+00
        381   7.550937    0.02639     1.5833     95.000     22.732  49804.810    31.1411     6.3401     22.518    7.03164     6.3456    24.4640   12.63009 3.7311e-01 0.0000e+00
        382   7.550940    0.02646     1.5875     95.250     22.946  49814.738    31.1485     6.3432     22.730    7.03079     6.3511    24.4694   12.62858 3.6192e-01 0.0000e+00
        383   7.550943    0.02653     1.5917     95.500     23.158  49826.900    31.1576     6.3474     22.940    7.02967     6.3580    24.4760   12.62661 3.5135e-01 0.0000e+00
        384   7.550946    0.02660     1.5958     95.750     23.366  49840.319    31.1678     6.3530     23.146    7.02827     6.3662    24.4834   12.62418 3.4130e-01 0.0000e+00
        385   7.550949    0.02667     1.6000     96.000     23.569  49855.166    31.1793     6.3600     23.347    7.02660     6.3753    24.4916   12.62128 3.3163e-01 0.0000e+00
        386   7.550952    0.02674     1.6042     96.250     23.768  49868.668    31.1900     6.3682     23.544    7.02476     6.3843    24.4991   12.61809 3.2227e-01 0.0000e+00
        387   7.550955    0.02681     1.6083     96.500     23.965  49878.434    31.1984     6.3772     23.739    7.02289     6.3926    24.5046   12.61489 3.1320e-01 0.0000e+00
        388   7.550958    0.02688     1.6125     96.750     24.161  49884.695    31.2043     6.3862     23.934    7.02113     6.3997    24.5081   12.61191 3.0444e-01 0.0000e+00
        389   7.550961    0.02694     1.6167     97.000     24.360  49887.388    31.2076     6.3946     24.130    7.01962     6.4053    24.5097   12.60936 2.9596e-01 0.0000e+00
        390   7.550964    0.02701     1.6208     97.250     24.561  49887.383    31.2088     6.4017     24.330    7.01839     6.4096    24.5098   12.60733 2.8766e-01 0.0000e+00
        391   7.550966    0.02708     1.6250     97.500     24.764  49886.429    31.2091     6.4073     24.531    7.01745     6.4128    24.5093   12.60576 2.7950e-01 0.0000e+00
        392   7.550969    0.02715     1.6292     97.750     24.968  49885.669    31.2093     6.4116     24.733    7.01674     6.4154    24.5089   12.60458 2.7150e-01 0.0000e+00
        393   7.550972    0.02722     1.6333     98.000     25.170  49885.592    31.2097     6.4149     24.933    7.01618     6.4174    24.5088   12.60366 2.6384e-01 0.0000e+00
        394   7.550975    0.02729     1.6375     98.250     25.370  49886.084    31.2105     6.4174     25.131    7.01573     6.4192    24.5091   12.60291 2.5663e-01 0.0000e+00
        395   7.550978    0.02736     1.6417     98.500     25.566  49887.112    31.2115     6.4195     25.326    7.01535     6.4209    24.5096   12.60226 2.4980e-01 0.0000e+00
        396   7.550981    0.02743     1.6458     98.750     25.759  49888.644    31.2128     6.4213     25.517    7.01499     6.4226    24.5104   12.60165 2.4328e-01 0.0000e+00
        397   7.550984    0.02750     1.6500     99.000     25.951  49890.474    31.2143     6.4230     25.707    7.01464     6.4244    24.5114   12.60105 2.3698e-01 0.0000e+00
        398   7.550987    0.02757     1.6542     99.250     26.145  49892.554    31.2159     6.4247     25.899    7.01427     6.4263    24.5125   12.60043 2.3073e-01 0.0000e+00
        399   7.550990    0.02764     1.6583     99.500     26.345  49894.468    31.2175     6.4266     26.097    7.01390     6.4281    24.5135   12.59980 2.2449e-01 0.0000e+00
        400   7.550992    0.02771     1.6625     99.750     26.552  49895.943    31.2188     6.4285     26.302    7.01353     6.4299    24.5143   12.59918 2.1829e-01 0.0000e+00
        401   7.550995    0.02778     1.6667    100.000     26.765  49897.859    31.2203     6.4303     26.513    7.01316     6.4320    24.5153   12.59854 2.1208e-01 0.0000e+00
        402   7.550998    0.02785     1.6708    100.250     26.983  49900.839    31.2226     6.4321     26.729    7.01276     6.4343    24.5169   12.59783 2.0587e-01 0.0000e+00
        403   7.551001    0.02792     1.6750    100.500     27.204  49904.220    31.2253     6.4342     26.948    7.01230     6.4368    24.5187   12.59705 1.9982e-01 0.0000e+00
        404   7.551004    0.02799     1.6792    100.750     27.427  49907.540    31.2279     6.4365     27.168    7.01180     6.4396    24.5205   12.59618 1.9394e-01 0.0000e+00
        405   7.551007    0.02806     1.6833    101.000     27.651  49910.868    31.2306     6.4391     27.390    7.01125     6.4425    24.5223   12.59524 1.8816e-01 0.0000e+00
        406   7.551010    0.02813     1.6875    101.250     27.875  49913.731    31.2330     6.4420     27.613    7.01067     6.4454    24.5238   12.59426 1.8252e-01 0.0000e+00
        407   7.551013    0.02819     1.6917    101.500     28.100  49915.791    31.2348     6.4449     27.836    7.01011     6.4481    24.5249   12.59330 1.7712e-01 0.0000e+00
        408   7.551016    0.02826     1.6958    101.750     28.325  49917.728    31.2366     6.4478     28.059    7.00956     6.4508    24.5259   12.59237 1.7191e-01 0.0000e+00
        409   7.551019    0.02833     1.7000    102.000     28.550  49920.264    31.2387     6.4505     28.281    7.00901     6.4535    24.5273   12.59144 1.6681e-01 0.0000e+00
        410   7.551021    0.02840     1.7042    102.250     28.774  49923.218    31.2411     6.4532     28.503    7.00846     6.4561    24.5289   12.59050 1.6172e-01 0.0000e+00
        411   7.551024    0.02847     1.7083    102.500     28.998  49926.115    31.2435     6.4559     28.725    7.00791     6.4588    24.5305   12.58956 1.5650e-01 0.0000e+00
        412   7.551027    0.02854     1.7125    102.750     29.222  49928.745    31.2457     6.4586     28.947    7.00737     6.4613    24.5319   12.58864 1.5098e-01 0.0000e+00
        413   7.551030    0.02861     1.7167    103.000     29.445  49930.896    31.2476     6.4612     29.167    7.00685     6.4636    24.5330   12.58775 1.4481e-01 0.0000e+00
        414   7.551033    0.02868     1.7208    103.250     29.665  49932.570    31.2491     6.4637     29.385    7.00637     6.4657    24.5339   12.58694 1.3746e-01 0.0000e+00
        415   7.551036    0.02875     1.7250    103.500     29.881  49934.012    31.2505     6.4661     29.600    7.00592     6.4676    24.5347   12.58619 1.3018e-01 0.0000e+00
        416   7.551039    0.02882     1.7292    103.750     30.094  49935.184    31.2516     6.4682     29.811    7.00552     6.4693    24.5353   12.58551 1.2559e-01 0.0000e+00
        417   7.551042    0.02889     1.7333    104.000     30.302  49935.904    31.2523     6.4702     30.017    7.00517     6.4707    24.5357   12.58492 1.2346e-01 0.0000e+00
        418   7.551045    0.02896     1.7375    104.250     30.506  49936.275    31.2528     6.4718     30.219    7.00487     6.4718    24.5358   12.58442 1.2210e-01 0.0000e+00
        419   7.551047    0.02903     1.7417    104.500     30.705  49936.668    31.2532     6.4732     30.416    7.00462     6.4729    24.5360   12.58400 1.2083e-01 0.0000e+00
        420   7.551050    0.02910     1.7458    104.750     30.902  49937.377    31.2539     6.4744     30.611    7.00440     6.4739    24.5364   12.58363 1.1946e-01 0.0000e+00
        421   7.551053    0.02917     1.7500    105.000     31.098  49938.526    31.2548     6.4755     30.805    7.00419     6.4750    24.5369   12.58327 1.1787e-01 0.0000e+00
        422   7.551056    0.02924     1.7542    105.250     31.296  49940.260    31.2561     6.4765     31.001    7.00396     6.4763    24.5378   12.58288 1.1606e-01 0.0000e+00
        423   7.551059    0.02931     1.7583    105.500     31.498  49942.568    31.2578     6.4776     31.201    7.00370     6.4778    24.5390   12.58242 1.1404e-01 0.0000e+00
        424   7.551062    0.02937     1.7625    105.750     31.706  49945.250    31.2598     6.4789     31.407    7.00339     6.4796    24.5405   12.58188 1.1182e-01 0.0000e+00
        425   7.551065    0.02944     1.7667    106.000     31.918  49948.275    31.2621     6.4805     31.617    7.00303     6.4817    24.5421   12.58126 1.0948e-01 0.0000e+00
        426   7.551068    0.02951     1.7708    106.250     32.133  49951.784    31.2647     6.4823     31.830    7.00261     6.4841    24.5439   12.58054 1.0714e-01 0.0000e+00
        427   7.551071    0.02958     1.7750    106.500     32.345  49955.740    31.2677     6.4844     32.040    7.00213     6.4867    24.5460   12.57971 1.0490e-01 0.0000e+00
        428   7.551073    0.02965     1.7792    106.750     32.554  49959.374    31.2706     6.4868     32.247    7.00161     6.4892    24.5480   12.57880 1.0277e-01 0.0000e+00
        429   7.551076    0.02972     1.7833    107.000     32.761  49961.569    31.2725     6.4894     32.452    7.00109     6.4915    24.5492   12.57793 1.0072e-01 0.0000e+00
        430   7.551079    0.02979     1.7875    107.250     32.966  49962.220    31.2733     6.4919     32.655    7.00063     6.4932    24.5495   12.57716 9.8699e-02 0.0000e+00
        431   7.551082    0.02986     1.7917    107.500     33.170  49961.995    31.2735     6.4942     32.857    7.00026     6.4945    24.5494   12.57653 9.6698e-02 0.0000e+00
        432   7.551085    0.02993     1.7958    107.750     33.375  49961.477    31.2734     6.4960     33.060    6.99997     6.4955    24.5490   12.57606 9.4716e-02 0.0000e+00
        433   7.551088    0.03000     1.8000    108.000     33.583  49961.041    31.2732     6.4973     33.266    6.99976     6.4962    24.5488   12.57572 9.2756e-02 0.0000e+00
        434   7.551091    0.03007     1.8042    108.250     33.796  49960.864    31.2732     6.4983     33.477    6.99961     6.4967    24.5486   12.57546 9.0841e-02 0.0000e+00
        435   7.551094    0.03014     1.8083    108.500     34.015  49961.042    31.2733     6.4990     33.694    6.99949     6.4972    24.5487   12.57526 8.8961e-02 0.0000e+00
        436   7.551097    0.03021     1.8125    108.750     34.240  49961.619    31.2737     6.4995     33.917    6.99938     6.4978    24.5489   12.57507 8.7075e-02 0.0000e+00
        437   7.551100    0.03028     1.8167    109.000     34.469  49962.686    31.2744     6.5000     34.144    6.99926     6.4985    24.5494   12.57487 8.5208e-02 0.0000e+00
        438   7.551102    0.03035     1.8208    109.250     34.700  49964.315    31.2756     6.5006     34.372    6.99912     6.4993    24.5502   12.57462 8.3442e-02 0.0000e+00
        439   7.551105    0.03042     1.8250    109.500     34.931  49966.260    31.2769     6.5013     34.602    6.99894     6.5004    24.5512   12.57431 8.1794e-02 0.0000e+00
        440   7.551108    0.03049     1.8292    109.750     35.164  49968.045    31.2782     6.5022     34.832    6.99873     6.5014    24.5521   12.57395 8.0227e-02 0.0000e+00
        441   7.551111    0.03056     1.8333    110.000     35.397  49969.445    31.2793     6.5033     35.063    6.99851     6.5025    24.5528   12.57358 7.8718e-02 0.0000e+00
        442   7.551114    0.03062     1.8375    110.250     35.631  49970.605    31.2802     6.5044     35.295    6.99829     6.5035    24.5534   12.57320 7.7252e-02 0.0000e+00
        443   7.551117    0.03069     1.8417    110.500     35.865  49971.714    31.2810     6.5054     35.526    6.99808     6.5046    24.5540   12.57283 7.5833e-02 0.0000e+00
        444   7.551120    0.03076     1.8458    110.750     36.095  49972.910    31.2819     6.5065     35.754    6.99786     6.5057    24.5546   12.57247 7.4489e-02 0.0000e+00
        445   7.551123    0.03083     1.8500    111.000     36.320  49974.503    31.2831     6.5076     35.977    6.99763     6.5070    24.5554   12.57207 7.3225e-02 0.0000e+00
        446   7.551126    0.03090     1.8542    111.250     36.542  49976.605    31.2847     6.5087     36.197    6.99737     6.5084    24.5565   12.57162 7.2017e-02 0.0000e+00
        447   7.551128    0.03097     1.8583    111.500     36.763  49978.580    31.2862     6.5100     36.416    6.99709     6.5097    24.5575   12.57113 7.0837e-02 0.0000e+00
        448   7.551131    0.03104     1.8625    111.750     36.983  49979.836    31.2872     6.5114     36.634    6.99681     6.5109    24.5581   12.57067 6.9667e-02 0.0000e+00
        449   7.551134    0.03111     1.8667    112.000     37.198  49980.622    31.2879     6.5128     36.847    6.99656     6.5119    24.5585   12.57025 6.8509e-02 0.0000e+00
        450   7.551137    0.03118     1.8708    112.250     37.406  49981.486    31.2886     6.5140     37.053    6.99634     6.5129    24.5589   12.56986 6.7433e-02 0.0000e+00
        451   7.551140    0.03125     1.8750    112.500     37.607  49982.809    31.2897     6.5150     37.252    6.99612     6.5140    24.5596   12.56949 6.6510e-02 0.0000e+00
