CTD-processing/allCTD/CNV--turbid/2016_09-23_t9_s08_cast137.cnv
* Sea-Bird SBE19plus Data File:
* FileName = P:\My Documents\kasitsna\Research-KBL\Oceanography-AK\CTD-Data-ALL-to-2016-05\2016-CTD-KachemakBay-CookInlet\2016-09-23-CookInlet-HomerSpit\2016-09-23-CookInlet-Tran9-cast137.hex
* Software Version 1.59
* Temperature SN =  5028
* Conductivity SN =  5028
* System UpLoad Time = Oct 13 2016 11:55:45
** Cook Inlet LTM Tran 9
** Date: (YYYY-MM-DD): 2016-09-23
** Station: (eg. 9-01): 9-08
** Start time (AKDT): 12:02
** Depth (m): 93.9
** Comment:
** Comment:
# nquan = 16
# nvalues = 753                         
# units = specified
# name 0 = scan: Scan Count
# name 1 = timeJ: Julian Days
# name 2 = timeH: Time, Elapsed [hours]
# name 3 = timeM: Time, Elapsed [minutes]
# name 4 = timeS: Time, Elapsed [seconds]
# name 5 = prdM: Pressure, Strain Gauge [db]
# name 6 = specc: Specific Conductance [uS/cm]
# name 7 = sal00: Salinity, Practical [PSU]
# name 8 = tv290C: Temperature [ITS-90, deg C]
# name 9 = depSM: Depth [salt water, m], lat = 59.00
# name 10 = oxsolML/L: Oxygen Saturation, Garcia & Gordon [ml/l]
# name 11 = potemp090C: Potential Temperature [ITS-90, deg C]
# name 12 = sigma-é00: Density [sigma-theta, kg/m^3]
# name 13 = n2satML/L: Nitrogen Saturation [ml/l]
# name 14 = par: PAR/Irradiance, Biospherical/Licor
# name 15 = flag:  0.000e+00
# span 0 =          1,        753       
# span 1 = 267.502234, 267.504410       
# span 2 =    0.00000,    0.05222       
# span 3 =     0.0000,     3.1333       
# span 4 =      0.000,    188.000       
# span 5 =     -0.245,     75.762       
# span 6 =   4052.104,  48707.559       
# span 7 =     2.1597,    30.9153       
# span 8 =    10.0075,    11.3704       
# span 9 =     -0.242,     75.040       
# span 10 =    6.32241,    7.60405      
# span 11 =     9.9992,    11.3684      
# span 12 =     1.2889,    23.7644      
# span 13 =   11.46745,   13.97868      
# span 14 = 6.0101e-02, 1.1894e+03      
# span 15 = 0.0000e+00, 0.0000e+00      
# interval = seconds: 0.25
# start_time = Sep 23 2016 12:03:13 [Instrument's time stamp, header]
# bad_flag = -9.990e-29
*END*
[from data line 91]
         92 267.502497    0.00632     0.3792     22.750      0.545  41769.115    26.1949    10.8788      0.540    6.55347    10.8768    19.9492   11.89899 1.4954e+02 0.0000e+00
         93 267.502500    0.00639     0.3833     23.000      0.546  41763.557    26.1909    10.8779      0.541    6.55376    10.8757    19.9463   11.89952 1.5258e+02 0.0000e+00
         94 267.502503    0.00646     0.3875     23.250      0.549  41756.743    26.1861    10.8769      0.544    6.55410    10.8744    19.9427   11.90014 1.5526e+02 0.0000e+00
         95 267.502506    0.00653     0.3917     23.500      0.555  41746.299    26.1788    10.8758      0.550    6.55456    10.8731    19.9372   11.90101 1.5662e+02 0.0000e+00
         96 267.502509    0.00660     0.3958     23.750      0.565  41740.930    26.1749    10.8744      0.560    6.55492    10.8725    19.9345   11.90164 1.5703e+02 0.0000e+00
         97 267.502512    0.00667     0.4000     24.000      0.577  41750.531    26.1815    10.8731      0.572    6.55483    10.8732    19.9397   11.90142 1.5721e+02 0.0000e+00
         98 267.502514    0.00674     0.4042     24.250      0.585  41780.678    26.2023    10.8726      0.580    6.55405    10.8753    19.9560   11.89986 1.5736e+02 0.0000e+00
         99 267.502517    0.00681     0.4083     24.500      0.586  41824.649    26.2328    10.8732      0.580    6.55268    10.8788    19.9795   11.89721 1.5699e+02 0.0000e+00
        100 267.502520    0.00688     0.4125     24.750      0.578  41862.378    26.2591    10.8753      0.573    6.55128    10.8833    19.9996   11.89457 1.5608e+02 0.0000e+00
        101 267.502523    0.00694     0.4167     25.000      0.567  41876.270    26.2690    10.8789      0.561    6.55036    10.8875    20.0068   11.89292 1.5516e+02 0.0000e+00
        102 267.502526    0.00701     0.4208     25.250      0.558  41862.123    26.2597    10.8833      0.552    6.55012    10.8905    19.9988   11.89263 1.5341e+02 0.0000e+00
        103 267.502529    0.00708     0.4250     25.500      0.554  41831.009    26.2385    10.8875      0.548    6.55040    10.8922    19.9817   11.89336 1.5084e+02 0.0000e+00
        104 267.502532    0.00715     0.4292     25.750      0.556  41801.646    26.2185    10.8905      0.551    6.55080    10.8930    19.9656   11.89427 1.4899e+02 0.0000e+00
        105 267.502535    0.00722     0.4333     26.000      0.561  41787.230    26.2087    10.8922      0.556    6.55097    10.8934    19.9577   11.89466 1.4831e+02 0.0000e+00
        106 267.502538    0.00729     0.4375     26.250      0.566  41792.063    26.2121    10.8930      0.561    6.55071    10.8940    19.9602   11.89419 1.4847e+02 0.0000e+00
        107 267.502541    0.00736     0.4417     26.500      0.567  41810.164    26.2246    10.8935      0.562    6.55013    10.8950    19.9699   11.89307 1.4913e+02 0.0000e+00
        108 267.502543    0.00743     0.4458     26.750      0.564  41828.963    26.2377    10.8940      0.558    6.54950    10.8967    19.9800   11.89187 1.5042e+02 0.0000e+00
        109 267.502546    0.00750     0.4500     27.000      0.558  41838.831    26.2446    10.8951      0.552    6.54907    10.8987    19.9852   11.89107 1.5207e+02 0.0000e+00
        110 267.502549    0.00757     0.4542     27.250      0.553  41834.290    26.2417    10.8967      0.548    6.54896    10.9003    19.9826   11.89091 1.5338e+02 0.0000e+00
        111 267.502552    0.00764     0.4583     27.500      0.553  41816.878    26.2298    10.8987      0.548    6.54917    10.9014    19.9731   11.89141 1.5451e+02 0.0000e+00
        112 267.502555    0.00771     0.4625     27.750      0.559  41795.267    26.2150    10.9004      0.553    6.54954    10.9019    19.9613   11.89221 1.5587e+02 0.0000e+00
        113 267.502558    0.00778     0.4667     28.000      0.569  41779.235    26.2040    10.9014      0.564    6.54986    10.9023    19.9526   11.89287 1.5754e+02 0.0000e+00
        114 267.502561    0.00785     0.4708     28.250      0.580  41776.941    26.2024    10.9019      0.575    6.54985    10.9030    19.9513   11.89288 1.5901e+02 0.0000e+00
        115 267.502564    0.00792     0.4750     28.500      0.588  41790.516    26.2119    10.9023      0.582    6.54940    10.9043    19.9586   11.89201 1.5956e+02 0.0000e+00
        116 267.502567    0.00799     0.4792     28.750      0.587  41813.885    26.2281    10.9031      0.582    6.54862    10.9064    19.9711   11.89051 1.5911e+02 0.0000e+00
        117 267.502569    0.00806     0.4833     29.000      0.579  41837.149    26.2443    10.9044      0.574    6.54775    10.9092    19.9834   11.88888 1.5753e+02 0.0000e+00
        118 267.502572    0.00813     0.4875     29.250      0.565  41852.346    26.2550    10.9064      0.560    6.54701    10.9123    19.9914   11.88752 1.5501e+02 0.0000e+00
        119 267.502575    0.00819     0.4917     29.500      0.550  41855.556    26.2575    10.9092      0.545    6.54651    10.9149    19.9929   11.88665 1.5252e+02 0.0000e+00
        120 267.502578    0.00826     0.4958     29.750      0.539  41846.563    26.2516    10.9123      0.534    6.54632    10.9166    19.9878   11.88641 1.5078e+02 0.0000e+00
        121 267.502581    0.00833     0.5000     30.000      0.536  41830.485    26.2407    10.9150      0.531    6.54639    10.9172    19.9789   11.88666 1.4987e+02 0.0000e+00
        122 267.502584    0.00840     0.5042     30.250      0.542  41816.755    26.2314    10.9167      0.537    6.54654    10.9169    19.9714   11.88702 1.4913e+02 0.0000e+00
        123 267.502587    0.00847     0.5083     30.500      0.556  41812.280    26.2283    10.9173      0.551    6.54658    10.9161    19.9689   11.88712 1.4790e+02 0.0000e+00
        124 267.502590    0.00854     0.5125     30.750      0.573  41817.682    26.2320    10.9170      0.568    6.54647    10.9153    19.9718   11.88689 1.4655e+02 0.0000e+00
        125 267.502593    0.00861     0.5167     31.000      0.585  41830.358    26.2407    10.9162      0.580    6.54622    10.9149    19.9787   11.88638 1.4553e+02 0.0000e+00
        126 267.502595    0.00868     0.5208     31.250      0.588  41847.145    26.2522    10.9154      0.583    6.54585    10.9151    19.9878   11.88563 1.4487e+02 0.0000e+00
        127 267.502598    0.00875     0.5250     31.500      0.581  41863.181    26.2633    10.9150      0.576    6.54545    10.9155    19.9965   11.88482 1.4507e+02 0.0000e+00
        128 267.502601    0.00882     0.5292     31.750      0.568  41872.470    26.2698    10.9152      0.564    6.54517    10.9156    20.0014   11.88426 1.4585e+02 0.0000e+00
        129 267.502604    0.00889     0.5333     32.000      0.557  41873.518    26.2705    10.9156      0.553    6.54507    10.9145    20.0020   11.88409 1.4618e+02 0.0000e+00
        130 267.502607    0.00896     0.5375     32.250      0.554  41871.899    26.2694    10.9157      0.549    6.54511    10.9121    20.0011   11.88417 1.4628e+02 0.0000e+00
        131 267.502610    0.00903     0.5417     32.500      0.559  41873.464    26.2704    10.9146      0.554    6.54522    10.9090    20.0021   11.88435 1.4636e+02 0.0000e+00
        132 267.502613    0.00910     0.5458     32.750      0.569  41879.705    26.2745    10.9122      0.564    6.54539    10.9064    20.0056   11.88458 1.4613e+02 0.0000e+00
        133 267.502616    0.00917     0.5500     33.000      0.576  41890.557    26.2817    10.9091      0.571    6.54553    10.9052    20.0117   11.88473 1.4634e+02 0.0000e+00
        134 267.502619    0.00924     0.5542     33.250      0.575  41903.074    26.2901    10.9065      0.570    6.54556    10.9060    20.0187   11.88467 1.4752e+02 0.0000e+00
        135 267.502622    0.00931     0.5583     33.500      0.565  41910.140    26.2949    10.9053      0.560    6.54552    10.9078    20.0226   11.88454 1.4887e+02 0.0000e+00
        136 267.502624    0.00937     0.5625     33.750      0.552  41906.712    26.2926    10.9061      0.548    6.54550    10.9088    20.0207   11.88454 1.4950e+02 0.0000e+00
        137 267.502627    0.00944     0.5667     34.000      0.545  41895.060    26.2847    10.9079      0.540    6.54557    10.9074    20.0143   11.88476 1.4932e+02 0.0000e+00
        138 267.502630    0.00951     0.5708     34.250      0.546  41882.935    26.2764    10.9088      0.541    6.54578    10.9036    20.0077   11.88521 1.4893e+02 0.0000e+00
        139 267.502633    0.00958     0.5750     34.500      0.554  41876.573    26.2719    10.9075      0.549    6.54617    10.8988    20.0044   11.88591 1.4893e+02 0.0000e+00
        140 267.502636    0.00965     0.5792     34.750      0.564  41878.676    26.2730    10.9037      0.559    6.54667    10.8945    20.0058   11.88672 1.4934e+02 0.0000e+00
        141 267.502639    0.00972     0.5833     35.000      0.569  41888.451    26.2793    10.8988      0.564    6.54709    10.8917    20.0115   11.88735 1.4990e+02 0.0000e+00
        142 267.502642    0.00979     0.5875     35.250      0.569  41899.412    26.2865    10.8946      0.563    6.54740    10.8905    20.0178   11.88778 1.5017e+02 0.0000e+00
        143 267.502645    0.00986     0.5917     35.500      0.563  41904.699    26.2899    10.8917      0.558    6.54766    10.8905    20.0209   11.88817 1.4973e+02 0.0000e+00
        144 267.502648    0.00993     0.5958     35.750      0.555  41901.174    26.2874    10.8906      0.549    6.54794    10.8910    20.0191   11.88866 1.4862e+02 0.0000e+00
        145 267.502650    0.01000     0.6000     36.000      0.547  41887.280    26.2778    10.8906      0.541    6.54833    10.8910    20.0116   11.88943 1.4748e+02 0.0000e+00
        146 267.502653    0.01007     0.6042     36.250      0.541  41863.241    26.2612    10.8910      0.536    6.54896    10.8903    19.9987   11.89069 1.4694e+02 0.0000e+00
        147 267.502656    0.01014     0.6083     36.500      0.541  41832.459    26.2399    10.8911      0.535    6.54984    10.8884    19.9821   11.89240 1.4701e+02 0.0000e+00
        148 267.502659    0.01021     0.6125     36.750      0.545  41801.842    26.2186    10.8903      0.540    6.55084    10.8860    19.9658   11.89432 1.4726e+02 0.0000e+00
        149 267.502662    0.01028     0.6167     37.000      0.553  41780.653    26.2038    10.8885      0.548    6.55171    10.8839    19.9546   11.89596 1.4752e+02 0.0000e+00
        150 267.502665    0.01035     0.6208     37.250      0.560  41778.100    26.2018    10.8861      0.555    6.55214    10.8830    19.9534   11.89669 1.4775e+02 0.0000e+00
        151 267.502668    0.01042     0.6250     37.500      0.562  41794.103    26.2126    10.8840      0.557    6.55198    10.8837    19.9622   11.89630 1.4786e+02 0.0000e+00
        152 267.502671    0.01049     0.6292     37.750      0.556  41813.355    26.2259    10.8831      0.551    6.55157    10.8862    19.9726   11.89545 1.4830e+02 0.0000e+00
        153 267.502674    0.01056     0.6333     38.000      0.545  41817.763    26.2290    10.8838      0.540    6.55133    10.8895    19.9749   11.89502 1.4919e+02 0.0000e+00
        154 267.502677    0.01063     0.6375     38.250      0.536  41799.391    26.2165    10.8863      0.531    6.55150    10.8923    19.9648   11.89544 1.4949e+02 0.0000e+00
        155 267.502679    0.01069     0.6417     38.500      0.532  41766.477    26.1941    10.8896      0.527    6.55196    10.8942    19.9468   11.89649 1.4877e+02 0.0000e+00
        156 267.502682    0.01076     0.6458     38.750      0.536  41738.176    26.1747    10.8924      0.531    6.55236    10.8955    19.9313   11.89739 1.4768e+02 0.0000e+00
        157 267.502685    0.01083     0.6500     39.000      0.545  41727.662    26.1676    10.8943      0.540    6.55239    10.8965    19.9255   11.89752 1.4686e+02 0.0000e+00
        158 267.502688    0.01090     0.6542     39.250      0.553  41736.267    26.1737    10.8955      0.547    6.55196    10.8973    19.9300   11.89673 1.4673e+02 0.0000e+00
        159 267.502691    0.01097     0.6583     39.500      0.554  41756.354    26.1877    10.8965      0.549    6.55123    10.8978    19.9407   11.89536 1.4747e+02 0.0000e+00
        160 267.502694    0.01104     0.6625     39.750      0.549  41775.190    26.2008    10.8973      0.543    6.55058    10.8982    19.9508   11.89410 1.4838e+02 0.0000e+00
        161 267.502697    0.01111     0.6667     40.000      0.541  41784.591    26.2073    10.8979      0.536    6.55022    10.8986    19.9558   11.89344 1.4863e+02 0.0000e+00
        162 267.502700    0.01118     0.6708     40.250      0.535  41788.496    26.2101    10.8983      0.530    6.55005    10.8987    19.9579   11.89311 1.4833e+02 0.0000e+00
        163 267.502703    0.01125     0.6750     40.500      0.535  41797.926    26.2167    10.8987      0.530    6.54973    10.8985    19.9629   11.89250 1.4807e+02 0.0000e+00
        164 267.502705    0.01132     0.6792     40.750      0.537  41816.486    26.2295    10.8988      0.532    6.54917    10.8980    19.9729   11.89142 1.4873e+02 0.0000e+00
        165 267.502708    0.01139     0.6833     41.000      0.540  41836.819    26.2436    10.8985      0.535    6.54862    10.8976    19.9838   11.89033 1.5073e+02 0.0000e+00
        166 267.502711    0.01146     0.6875     41.250      0.540  41853.021    26.2547    10.8981      0.535    6.54822    10.8973    19.9926   11.88953 1.5322e+02 0.0000e+00
        167 267.502714    0.01153     0.6917     41.500      0.540  41865.858    26.2636    10.8976      0.535    6.54792    10.8971    19.9995   11.88892 1.5498e+02 0.0000e+00
        168 267.502717    0.01160     0.6958     41.750      0.542  41875.777    26.2704    10.8973      0.537    6.54768    10.8972    20.0049   11.88844 1.5534e+02 0.0000e+00
        169 267.502720    0.01167     0.7000     42.000      0.545  41880.296    26.2735    10.8971      0.540    6.54758    10.8978    20.0073   11.88823 1.5483e+02 0.0000e+00
        170 267.502723    0.01174     0.7042     42.250      0.549  41879.577    26.2730    10.8973      0.544    6.54757    10.8988    20.0069   11.88823 1.5474e+02 0.0000e+00
        171 267.502726    0.01181     0.7083     42.500      0.549  41877.433    26.2716    10.8979      0.544    6.54754    10.9000    20.0057   11.88820 1.5585e+02 0.0000e+00
        172 267.502729    0.01188     0.7125     42.750      0.544  41876.290    26.2709    10.8989      0.539    6.54743    10.9015    20.0050   11.88802 1.5743e+02 0.0000e+00
        173 267.502731    0.01194     0.7167     43.000      0.537  41876.163    26.2710    10.9001      0.531    6.54726    10.9033    20.0048   11.88773 1.5848e+02 0.0000e+00
        174 267.502734    0.01201     0.7208     43.250      0.531  41877.146    26.2718    10.9016      0.526    6.54702    10.9057    20.0052   11.88732 1.5925e+02 0.0000e+00
        175 267.502737    0.01208     0.7250     43.500      0.530  41881.392    26.2749    10.9034      0.525    6.54663    10.9090    20.0073   11.88664 1.5992e+02 0.0000e+00
        176 267.502740    0.01215     0.7292     43.750      0.534  41890.806    26.2816    10.9058      0.529    6.54601    10.9127    20.0122   11.88552 1.6042e+02 0.0000e+00
        177 267.502743    0.01222     0.7333     44.000      0.540  41901.344    26.2892    10.9090      0.535    6.54523    10.9164    20.0175   11.88414 1.6098e+02 0.0000e+00
        178 267.502746    0.01229     0.7375     44.250      0.543  41906.490    26.2931    10.9127      0.538    6.54453    10.9194    20.0200   11.88293 1.6216e+02 0.0000e+00
        179 267.502749    0.01236     0.7417     44.500      0.542  41908.173    26.2946    10.9164      0.537    6.54395    10.9217    20.0206   11.88195 1.6429e+02 0.0000e+00
        180 267.502752    0.01243     0.7458     44.750      0.536  41915.673    26.3001    10.9194      0.531    6.54330    10.9236    20.0243   11.88079 1.6684e+02 0.0000e+00
