CTD-processing/allCTD/CNV--turbid/2016_08-30_t7_s08_cast081.cnv
* Sea-Bird SBE19plus Data File:
* FileName = C:\Users\Kim.Powell\Desktop\2016_08-30_T7_5028\2016_08-30_T7_5028_cast081.hex
* Software Version 1.59
* Temperature SN =  5028
* Conductivity SN =  5028
* System UpLoad Time = Aug 30 2016 17:37:37
** CookInlet LTM Transect 7
** 2016_08-30
** Station: 7-08
** Start Time: 13:04
** Depth (m): 73.2
** Comment:
** Comment:
# nquan = 16
# nvalues = 603                         
# units = specified
# name 0 = scan: Scan Count
# name 1 = timeJ: Julian Days
# name 2 = timeH: Time, Elapsed [hours]
# name 3 = timeM: Time, Elapsed [minutes]
# name 4 = timeS: Time, Elapsed [seconds]
# name 5 = prdM: Pressure, Strain Gauge [db]
# name 6 = specc: Specific Conductance [uS/cm]
# name 7 = sal00: Salinity, Practical [PSU]
# name 8 = tv290C: Temperature [ITS-90, deg C]
# name 9 = depSM: Depth [salt water, m], lat = 59.00
# name 10 = oxsolML/L: Oxygen Saturation, Garcia & Gordon [ml/l]
# name 11 = potemp090C: Potential Temperature [ITS-90, deg C]
# name 12 = sigma-é00: Density [sigma-theta, kg/m^3]
# name 13 = n2satML/L: Nitrogen Saturation [ml/l]
# name 14 = par: PAR/Irradiance, Biospherical/Licor
# name 15 = flag:  0.000e+00
# span 0 =          1,        603       
# span 1 = 243.544942, 243.546684       
# span 2 =    0.00000,    0.04181       
# span 3 =     0.0000,     2.5083       
# span 4 =      0.000,    150.500       
# span 5 =     -0.033,     69.596       
# span 6 =    835.435,  49750.765       
# span 7 =     0.4085,    31.5393       
# span 8 =     9.1602,    13.2551       
# span 9 =     -0.033,     68.934       
# span 10 =    6.10555,    7.37085      
# span 11 =     9.1530,    13.2532      
# span 12 =    -0.2906,    24.3858      
# span 13 =   11.11340,   13.60776      
# span 14 = 7.3726e-02, 1.7940e+03      
# span 15 = 0.0000e+00, 0.0000e+00      
# interval = seconds: 0.25
# start_time = Aug 30 2016 13:04:43 [Instrument's time stamp, header]
# bad_flag = -9.990e-29
*END*
[from data line 362]
        363 243.545990    0.02514     1.5083     90.500     14.248  46064.360    29.4030    13.2547     14.114    6.10589    13.2523    22.0129   11.11694 2.1439e+01 0.0000e+00
        364 243.545992    0.02521     1.5125     90.750     14.499  46069.597    29.4066    13.2551     14.363    6.10570    13.2496    22.0157   11.11659 2.0184e+01 0.0000e+00
        365 243.545995    0.02528     1.5167     91.000     14.754  46073.434    29.4092    13.2542     14.616    6.10571    13.2448    22.0178   11.11658 1.9003e+01 0.0000e+00
        366 243.545998    0.02535     1.5208     91.250     15.013  46077.016    29.4114    13.2515     14.872    6.10597    13.2384    22.0201   11.11698 1.7893e+01 0.0000e+00
        367 243.546001    0.02542     1.5250     91.500     15.274  46081.413    29.4140    13.2468     15.131    6.10647    13.2310    22.0230   11.11779 1.6853e+01 0.0000e+00
        368 243.546004    0.02549     1.5292     91.750     15.535  46086.809    29.4172    13.2404     15.389    6.10716    13.2229    22.0267   11.11889 1.5879e+01 0.0000e+00
        369 243.546007    0.02556     1.5333     92.000     15.794  46092.371    29.4205    13.2331     15.646    6.10796    13.2137    22.0307   11.12018 1.4965e+01 0.0000e+00
        370 243.546010    0.02562     1.5375     92.250     16.051  46097.732    29.4235    13.2250     15.900    6.10887    13.2037    22.0346   11.12167 1.4107e+01 0.0000e+00
        371 243.546013    0.02569     1.5417     92.500     16.303  46103.506    29.4268    13.2158     16.150    6.10991    13.1933    22.0389   11.12335 1.3303e+01 0.0000e+00
        372 243.546016    0.02576     1.5458     92.750     16.551  46110.071    29.4305    13.2058     16.395    6.11103    13.1833    22.0437   11.12517 1.2552e+01 0.0000e+00
        373 243.546019    0.02583     1.5500     93.000     16.793  46117.344    29.4347    13.1955     16.635    6.11218    13.1739    22.0489   11.12703 1.1853e+01 0.0000e+00
        374 243.546021    0.02590     1.5542     93.250     17.031  46125.194    29.4394    13.1855     16.871    6.11328    13.1654    22.0545   11.12881 1.1200e+01 0.0000e+00
        375 243.546024    0.02597     1.5583     93.500     17.264  46133.085    29.4442    13.1762     17.102    6.11428    13.1572    22.0599   11.13042 1.0590e+01 0.0000e+00
        376 243.546027    0.02604     1.5625     93.750     17.496  46140.461    29.4486    13.1677     17.332    6.11519    13.1487    22.0650   11.13188 1.0017e+01 0.0000e+00
        377 243.546030    0.02611     1.5667     94.000     17.727  46147.732    29.4530    13.1595     17.561    6.11606    13.1391    22.0699   11.13327 9.4743e+00 0.0000e+00
        378 243.546033    0.02618     1.5708     94.250     17.960  46156.078    29.4581    13.1511     17.791    6.11694    13.1277    22.0755   11.13468 8.9565e+00 0.0000e+00
        379 243.546036    0.02625     1.5750     94.500     18.196  46167.650    29.4654    13.1415     18.025    6.11788    13.1151    22.0830   11.13616 8.4605e+00 0.0000e+00
        380 243.546039    0.02632     1.5792     94.750     18.437  46185.985    29.4774    13.1301     18.264    6.11887    13.1038    22.0944   11.13767 7.9856e+00 0.0000e+00
        381 243.546042    0.02639     1.5833     95.000     18.685  46212.505    29.4950    13.1176     18.509    6.11979    13.0965    22.1105   11.13899 7.5328e+00 0.0000e+00
        382 243.546045    0.02646     1.5875     95.250     18.939  46244.401    29.5166    13.1064     18.761    6.12040    13.0945    22.1293   11.13975 7.1023e+00 0.0000e+00
        383 243.546047    0.02653     1.5917     95.500     19.199  46277.528    29.5394    13.0990     19.018    6.12046    13.0977    22.1483   11.13959 6.6927e+00 0.0000e+00
        384 243.546050    0.02660     1.5958     95.750     19.463  46308.400    29.5610    13.0970     19.280    6.11989    13.1051    22.1654   11.13840 6.3039e+00 0.0000e+00
        385 243.546053    0.02667     1.6000     96.000     19.729  46335.320    29.5802    13.1003     19.543    6.11874    13.1153    22.1797   11.13627 5.9375e+00 0.0000e+00
        386 243.546056    0.02674     1.6042     96.250     19.995  46358.195    29.5969    13.1077     19.807    6.11715    13.1269    22.1912   11.13344 5.5940e+00 0.0000e+00
        387 243.546059    0.02681     1.6083     96.500     20.259  46377.489    29.6114    13.1179     20.068    6.11531    13.1388    22.2004   11.13020 5.2730e+00 0.0000e+00
        388 243.546062    0.02688     1.6125     96.750     20.519  46393.680    29.6237    13.1296     20.325    6.11336    13.1501    22.2077   11.12682 4.9746e+00 0.0000e+00
        389 243.546065    0.02694     1.6167     97.000     20.773  46406.203    29.6335    13.1415     20.577    6.11147    13.1598    22.2129   11.12357 4.6983e+00 0.0000e+00
        390 243.546068    0.02701     1.6208     97.250     21.023  46414.926    29.6405    13.1528     20.824    6.10976    13.1675    22.2162   11.12066 4.4428e+00 0.0000e+00
        391 243.546071    0.02708     1.6250     97.500     21.267  46421.439    29.6458    13.1626     21.067    6.10832    13.1728    22.2184   11.11820 4.2065e+00 0.0000e+00
        392 243.546073    0.02715     1.6292     97.750     21.506  46427.513    29.6507    13.1703     21.304    6.10716    13.1758    22.2207   11.11621 3.9879e+00 0.0000e+00
        393 243.546076    0.02722     1.6333     98.000     21.741  46433.515    29.6553    13.1757     21.536    6.10630    13.1766    22.2233   11.11473 3.7853e+00 0.0000e+00
        394 243.546079    0.02729     1.6375     98.250     21.972  46438.683    29.6591    13.1787     21.765    6.10577    13.1752    22.2256   11.11381 3.5962e+00 0.0000e+00
        395 243.546082    0.02736     1.6417     98.500     22.200  46443.129    29.6623    13.1795     21.991    6.10555    13.1713    22.2279   11.11340 3.4182e+00 0.0000e+00
        396 243.546085    0.02743     1.6458     98.750     22.427  46447.901    29.6654    13.1781     22.216    6.10560    13.1645    22.2306   11.11346 3.2493e+00 0.0000e+00
        397 243.546088    0.02750     1.6500     99.000     22.656  46453.451    29.6690    13.1742     22.443    6.10596    13.1548    22.2341   11.11401 3.0881e+00 0.0000e+00
        398 243.546091    0.02757     1.6542     99.250     22.888  46459.449    29.6726    13.1675     22.673    6.10667    13.1417    22.2382   11.11515 2.9332e+00 0.0000e+00
        399 243.546094    0.02764     1.6583     99.500     23.125  46465.012    29.6756    13.1579     22.908    6.10778    13.1238    22.2424   11.11696 2.7830e+00 0.0000e+00
        400 243.546097    0.02771     1.6625     99.750     23.368  46469.001    29.6772    13.1448     23.149    6.10938    13.0997    22.2462   11.11959 2.6366e+00 0.0000e+00
        401 243.546100    0.02778     1.6667    100.000     23.619  46472.750    29.6783    13.1269     23.397    6.11162    13.0697    22.2504   11.12330 2.4936e+00 0.0000e+00
        402 243.546102    0.02785     1.6708    100.250     23.876  46480.005    29.6813    13.1028     23.652    6.11457    13.0359    22.2574   11.12816 2.3545e+00 0.0000e+00
        403 243.546105    0.02792     1.6750    100.500     24.141  46492.835    29.6878    13.0729     23.913    6.11813    13.0009    22.2682   11.13400 2.2202e+00 0.0000e+00
        404 243.546108    0.02799     1.6792    100.750     24.409  46511.212    29.6979    13.0391     24.180    6.12205    12.9675    22.2824   11.14040 2.0925e+00 0.0000e+00
        405 243.546111    0.02806     1.6833    101.000     24.679  46533.558    29.7107    13.0041     24.447    6.12603    12.9381    22.2990   11.14687 1.9734e+00 0.0000e+00
        406 243.546114    0.02813     1.6875    101.250     24.944  46557.486    29.7248    12.9707     24.710    6.12975    12.9143    22.3162   11.15289 1.8646e+00 0.0000e+00
        407 243.546117    0.02819     1.6917    101.500     25.201  46580.515    29.7385    12.9414     24.964    6.13296    12.8959    22.3324   11.15807 1.7672e+00 0.0000e+00
        408 243.546120    0.02826     1.6958    101.750     25.446  46599.751    29.7500    12.9176     25.206    6.13556    12.8821    22.3458   11.16226 1.6812e+00 0.0000e+00
        409 243.546123    0.02833     1.7000    102.000     25.677  46614.367    29.7587    12.8992     25.435    6.13757    12.8718    22.3560   11.16550 1.6056e+00 0.0000e+00
        410 243.546126    0.02840     1.7042    102.250     25.897  46625.208    29.7651    12.8854     25.653    6.13909    12.8638    22.3636   11.16795 1.5383e+00 0.0000e+00
        411 243.546128    0.02847     1.7083    102.500     26.107  46632.460    29.7693    12.8751     25.861    6.14025    12.8571    22.3688   11.16983 1.4772e+00 0.0000e+00
        412 243.546131    0.02854     1.7125    102.750     26.311  46636.640    29.7715    12.8672     26.064    6.14118    12.8507    22.3720   11.17135 1.4204e+00 0.0000e+00
        413 243.546134    0.02861     1.7167    103.000     26.516  46638.941    29.7725    12.8605     26.266    6.14201    12.8444    22.3741   11.17270 1.3659e+00 0.0000e+00
        414 243.546137    0.02868     1.7208    103.250     26.726  46640.518    29.7730    12.8542     26.474    6.14280    12.8380    22.3757   11.17401 1.3123e+00 0.0000e+00
        415 243.546140    0.02875     1.7250    103.500     26.946  46641.771    29.7733    12.8479     26.692    6.14359    12.8311    22.3771   11.17533 1.2581e+00 0.0000e+00
        416 243.546143    0.02882     1.7292    103.750     27.181  46642.296    29.7730    12.8415     26.925    6.14442    12.8234    22.3781   11.17672 1.2026e+00 0.0000e+00
        417 243.546146    0.02889     1.7333    104.000     27.432  46641.675    29.7719    12.8347     27.173    6.14534    12.8141    22.3785   11.17826 1.1461e+00 0.0000e+00
        418 243.546149    0.02896     1.7375    104.250     27.699  46639.490    29.7695    12.8270     27.438    6.14642    12.8024    22.3782   11.18008 1.0894e+00 0.0000e+00
        419 243.546152    0.02903     1.7417    104.500     27.980  46635.587    29.7659    12.8177     27.716    6.14775    12.7881    22.3771   11.18234 1.0334e+00 0.0000e+00
        420 243.546155    0.02910     1.7458    104.750     28.268  46631.447    29.7618    12.8061     28.002    6.14941    12.7723    22.3762   11.18513 9.7933e-01 0.0000e+00
        421 243.546157    0.02917     1.7500    105.000     28.559  46630.011    29.7594    12.7918     28.289    6.15133    12.7565    22.3770   11.18834 9.2835e-01 0.0000e+00
        422 243.546160    0.02924     1.7542    105.250     28.844  46632.741    29.7599    12.7760     28.572    6.15334    12.7418    22.3804   11.19168 8.8159e-01 0.0000e+00
        423 243.546163    0.02931     1.7583    105.500     29.118  46637.946    29.7621    12.7603     28.844    6.15529    12.7282    22.3851   11.19488 8.3970e-01 0.0000e+00
        424 243.546166    0.02937     1.7625    105.750     29.378  46643.360    29.7646    12.7456     29.101    6.15708    12.7155    22.3897   11.19784 8.0279e-01 0.0000e+00
        425 243.546169    0.02944     1.7667    106.000     29.622  46648.577    29.7670    12.7320     29.343    6.15874    12.7031    22.3941   11.20056 7.7042e-01 0.0000e+00
        426 243.546172    0.02951     1.7708    106.250     29.850  46653.647    29.7694    12.7193     29.569    6.16029    12.6907    22.3984   11.20311 7.4187e-01 0.0000e+00
        427 243.546175    0.02958     1.7750    106.500     30.067  46657.961    29.7713    12.7069     29.784    6.16181    12.6778    22.4022   11.20560 7.1635e-01 0.0000e+00
        428 243.546178    0.02965     1.7792    106.750     30.276  46661.584    29.7726    12.6945     29.991    6.16335    12.6648    22.4056   11.20816 6.9290e-01 0.0000e+00
        429 243.546181    0.02972     1.7833    107.000     30.483  46666.924    29.7752    12.6817     30.196    6.16491    12.6523    22.4100   11.21072 6.7055e-01 0.0000e+00
        430 243.546183    0.02979     1.7875    107.250     30.694  46675.675    29.7802    12.6687     30.405    6.16640    12.6398    22.4163   11.21313 6.4860e-01 0.0000e+00
        431 243.546186    0.02986     1.7917    107.500     30.914  46684.264    29.7851    12.6562     30.623    6.16782    12.6249    22.4224   11.21544 6.2654e-01 0.0000e+00
        432 243.546189    0.02993     1.7958    107.750     31.147  46687.913    29.7865    12.6437     30.854    6.16938    12.6042    22.4258   11.21802 6.0400e-01 0.0000e+00
        433 243.546192    0.03000     1.8000    108.000     31.395  46685.541    29.7834    12.6288     31.099    6.17143    12.5740    22.4262   11.22146 5.8094e-01 0.0000e+00
        434 243.546195    0.03007     1.8042    108.250     31.658  46678.273    29.7763    12.6082     31.360    6.17438    12.5312    22.4245   11.22644 5.5758e-01 0.0000e+00
        435 243.546198    0.03014     1.8083    108.500     31.936  46670.944    29.7683    12.5781     31.635    6.17861    12.4769    22.4240   11.23355 5.3428e-01 0.0000e+00
        436 243.546201    0.03021     1.8125    108.750     32.224  46677.112    29.7687    12.5352     31.920    6.18416    12.4185    22.4322   11.24276 5.1160e-01 0.0000e+00
        437 243.546204    0.03028     1.8167    109.000     32.517  46707.548    29.7852    12.4810     32.210    6.19057    12.3636    22.4551   11.25321 4.9022e-01 0.0000e+00
        438 243.546207    0.03035     1.8208    109.250     32.809  46755.752    29.8139    12.4226     32.499    6.19705    12.3160    22.4881   11.26365 4.7056e-01 0.0000e+00
        439 243.546209    0.03042     1.8250    109.500     33.092  46808.719    29.8463    12.3677     32.779    6.20295    12.2765    22.5234   11.27307 4.5280e-01 0.0000e+00
        440 243.546212    0.03049     1.8292    109.750     33.361  46858.728    29.8772    12.3202     33.046    6.20795    12.2444    22.5561   11.28102 4.3705e-01 0.0000e+00
        441 243.546215    0.03056     1.8333    110.000     33.613  46902.323    29.9043    12.2808     33.296    6.21205    12.2183    22.5844   11.28751 4.2324e-01 0.0000e+00
        442 243.546218    0.03062     1.8375    110.250     33.847  46938.731    29.9270    12.2486     33.528    6.21537    12.1971    22.6079   11.29275 4.1113e-01 0.0000e+00
        443 243.546221    0.03069     1.8417    110.500     34.065  46968.627    29.9456    12.2225     33.744    6.21806    12.1801    22.6271   11.29700 4.0050e-01 0.0000e+00
        444 243.546224    0.03076     1.8458    110.750     34.270  46992.906    29.9608    12.2013     33.947    6.22025    12.1667    22.6427   11.30046 3.9108e-01 0.0000e+00
        445 243.546227    0.03083     1.8500    111.000     34.467  47012.257    29.9728    12.1844     34.142    6.22200    12.1563    22.6551   11.30323 3.8252e-01 0.0000e+00
        446 243.546230    0.03090     1.8542    111.250     34.662  47027.407    29.9822    12.1710     34.335    6.22338    12.1476    22.6648   11.30542 3.7447e-01 0.0000e+00
        447 243.546233    0.03097     1.8583    111.500     34.862  47039.214    29.9895    12.1606     34.533    6.22447    12.1397    22.6724   11.30714 3.6655e-01 0.0000e+00
        448 243.546236    0.03104     1.8625    111.750     35.072  47048.901    29.9954    12.1520     34.741    6.22536    12.1315    22.6786   11.30855 3.5851e-01 0.0000e+00
        449 243.546238    0.03111     1.8667    112.000     35.298  47057.971    30.0010    12.1441     34.965    6.22618    12.1218    22.6844   11.30984 3.5025e-01 0.0000e+00
        450 243.546241    0.03118     1.8708    112.250     35.541  47067.815    30.0071    12.1359     35.205    6.22703    12.1093    22.6906   11.31117 3.4169e-01 0.0000e+00
        451 243.546244    0.03125     1.8750    112.500     35.800  47079.806    30.0146    12.1262     35.462    6.22801    12.0933    22.6982   11.31271 3.3286e-01 0.0000e+00
