CTD-processing/allCTD/CNV--turbid/2016_06-16_t9_s04_cast267.cnv
* Sea-Bird SBE19plus Data File:
* FileName = C:\Users\Kris.Holderied\Documents\kasitsna\Research-KBL\Oceanography-AK\CTD-Data-ALL-to-2016-05\2016-CTD-KachemakBay-CookInlet\2016-06-16-CookInlet-HomerSpit-monthly\2016-06-16-CookInlet-Tran9-cast267.hex
* Software Version 1.59
* Temperature SN =  5028
* Conductivity SN =  5028
* System UpLoad Time = Jul 26 2016 19:45:24
** Cook Inlet LTM Tran9 Homer Spit monthly
** Date (YYYY-MM-DD): 2016-06-16
** Station (eg. 9-01):  9-04
** Start time (AKDT): 13:11
** Depth (m): 96.3
** Comment:  R/V Edgecumbe.
** Comment:
# nquan = 16
# nvalues = 521                         
# units = specified
# name 0 = scan: Scan Count
# name 1 = timeJ: Julian Days
# name 2 = timeH: Time, Elapsed [hours]
# name 3 = timeM: Time, Elapsed [minutes]
# name 4 = timeS: Time, Elapsed [seconds]
# name 5 = prdM: Pressure, Strain Gauge [db]
# name 6 = specc: Specific Conductance [uS/cm]
# name 7 = sal00: Salinity, Practical [PSU]
# name 8 = tv290C: Temperature [ITS-90, deg C]
# name 9 = depSM: Depth [salt water, m], lat = 59.00
# name 10 = oxsolML/L: Oxygen Saturation, Garcia & Gordon [ml/l]
# name 11 = potemp090C: Potential Temperature [ITS-90, deg C]
# name 12 = sigma-é00: Density [sigma-theta, kg/m^3]
# name 13 = n2satML/L: Nitrogen Saturation [ml/l]
# name 14 = par: PAR/Irradiance, Biospherical/Licor
# name 15 = flag:  0.000e+00
# span 0 =          1,        521       
# span 1 = 168.549815, 168.551319       
# span 2 =    0.00000,    0.03611       
# span 3 =     0.0000,     2.1667       
# span 4 =      0.000,    130.000       
# span 5 =     -0.059,     85.158       
# span 6 =    970.500,  49770.164       
# span 7 =     0.4756,    31.3495       
# span 8 =     7.8237,    13.3202       
# span 9 =     -0.058,     84.344       
# span 10 =    6.26714,    7.29916      
# span 11 =     7.8157,    13.3193      
# span 12 =    -0.2920,    24.4305      
# span 13 =   11.41114,   13.48577      
# span 14 = 6.3315e-02, 1.8996e+03      
# span 15 = 0.0000e+00, 0.0000e+00      
# interval = seconds: 0.25
# start_time = Jun 16 2016 13:11:44 [Instrument's time stamp, header]
# bad_flag = -9.990e-29
*END*
[from data line 452]
        453 168.551123    0.03139     1.8833    113.000     61.489  49625.187    31.2710     7.9284     60.905    6.77316     7.9087    24.3575   12.20101 6.6046e-02 0.0000e+00
        454 168.551126    0.03146     1.8875    113.250     61.863  49633.662    31.2755     7.9204     61.275    6.77419     7.9057    24.3622   12.20266 6.6143e-02 0.0000e+00
        455 168.551128    0.03153     1.8917    113.500     62.236  49644.804    31.2822     7.9145     61.645    6.77480     7.9059    24.3683   12.20359 6.6237e-02 0.0000e+00
        456 168.551131    0.03160     1.8958    113.750     62.608  49656.333    31.2896     7.9116     62.013    6.77492     7.9086    24.3745   12.20370 6.6304e-02 0.0000e+00
        457 168.551134    0.03167     1.9000    114.000     62.980  49664.863    31.2954     7.9119     62.381    6.77463     7.9123    24.3791   12.20314 6.6351e-02 0.0000e+00
        458 168.551137    0.03174     1.9042    114.250     63.350  49668.457    31.2982     7.9145     62.748    6.77409     7.9158    24.3809   12.20222 6.6405e-02 0.0000e+00
        459 168.551140    0.03181     1.9083    114.500     63.720  49668.142    31.2984     7.9182     63.114    6.77351     7.9184    24.3805   12.20125 6.6471e-02 0.0000e+00
        460 168.551143    0.03188     1.9125    114.750     64.089  49665.469    31.2969     7.9218     63.480    6.77302     7.9197    24.3788   12.20047 6.6526e-02 0.0000e+00
        461 168.551146    0.03194     1.9167    115.000     64.456  49661.833    31.2946     7.9244     63.844    6.77272     7.9200    24.3767   12.20000 6.6569e-02 0.0000e+00
        462 168.551149    0.03201     1.9208    115.250     64.822  49659.191    31.2929     7.9258     64.206    6.77258     7.9200    24.3751   12.19980 6.6602e-02 0.0000e+00
        463 168.551152    0.03208     1.9250    115.500     65.186  49658.873    31.2925     7.9262     64.566    6.77254     7.9203    24.3748   12.19973 6.6615e-02 0.0000e+00
        464 168.551155    0.03215     1.9292    115.750     65.549  49660.918    31.2938     7.9261     64.925    6.77249     7.9216    24.3758   12.19963 6.6616e-02 0.0000e+00
        465 168.551157    0.03222     1.9333    116.000     65.911  49664.978    31.2965     7.9265     65.285    6.77232     7.9243    24.3779   12.19931 6.6618e-02 0.0000e+00
        466 168.551160    0.03229     1.9375    116.250     66.274  49669.816    31.3000     7.9279     65.643    6.77195     7.9278    24.3804   12.19867 6.6617e-02 0.0000e+00
        467 168.551163    0.03236     1.9417    116.500     66.637  49672.950    31.3024     7.9305     66.003    6.77143     7.9314    24.3820   12.19778 6.6605e-02 0.0000e+00
        468 168.551166    0.03243     1.9458    116.750     67.002  49673.394    31.3031     7.9341     66.365    6.77086     7.9347    24.3820   12.19681 6.6587e-02 0.0000e+00
        469 168.551169    0.03250     1.9500    117.000     67.368  49672.479    31.3029     7.9378     66.727    6.77030     7.9375    24.3813   12.19589 6.6571e-02 0.0000e+00
        470 168.551172    0.03257     1.9542    117.250     67.733  49671.152    31.3023     7.9411     67.088    6.76981     7.9398    24.3804   12.19509 6.6535e-02 0.0000e+00
        471 168.551175    0.03264     1.9583    117.500     68.098  49669.527    31.3015     7.9440     67.450    6.76941     7.9415    24.3794   12.19444 6.6478e-02 0.0000e+00
        472 168.551178    0.03271     1.9625    117.750     68.463  49668.129    31.3007     7.9462     67.811    6.76909     7.9428    24.3784   12.19393 6.6429e-02 0.0000e+00
        473 168.551181    0.03278     1.9667    118.000     68.828  49667.600    31.3005     7.9480     68.173    6.76884     7.9441    24.3780   12.19352 6.6394e-02 0.0000e+00
        474 168.551183    0.03285     1.9708    118.250     69.192  49667.971    31.3008     7.9493     68.533    6.76862     7.9453    24.3780   12.19314 6.6352e-02 0.0000e+00
        475 168.551186    0.03292     1.9750    118.500     69.556  49668.575    31.3012     7.9506     68.894    6.76840     7.9466    24.3782   12.19278 6.6297e-02 0.0000e+00
        476 168.551189    0.03299     1.9792    118.750     69.919  49668.996    31.3016     7.9519     69.254    6.76819     7.9479    24.3783   12.19242 6.6240e-02 0.0000e+00
        477 168.551192    0.03306     1.9833    119.000     70.282  49669.589    31.3020     7.9532     69.613    6.76797     7.9493    24.3785   12.19205 6.6189e-02 0.0000e+00
        478 168.551195    0.03313     1.9875    119.250     70.644  49670.785    31.3029     7.9545     69.972    6.76773     7.9510    24.3790   12.19164 6.6144e-02 0.0000e+00
        479 168.551198    0.03319     1.9917    119.500     71.005  49672.627    31.3043     7.9560     70.329    6.76744     7.9530    24.3799   12.19115 6.6103e-02 0.0000e+00
        480 168.551201    0.03326     1.9958    119.750     71.366  49674.899    31.3060     7.9577     70.686    6.76710     7.9553    24.3810   12.19056 6.6052e-02 0.0000e+00
        481 168.551204    0.03333     2.0000    120.000     71.727  49677.017    31.3076     7.9598     71.044    6.76671     7.9575    24.3820   12.18989 6.5991e-02 0.0000e+00
        482 168.551207    0.03340     2.0042    120.250     72.089  49677.783    31.3083     7.9621     71.402    6.76632     7.9589    24.3822   12.18924 6.5938e-02 0.0000e+00
        483 168.551209    0.03347     2.0083    120.500     72.451  49676.600    31.3077     7.9643     71.761    6.76601     7.9591    24.3814   12.18874 6.5891e-02 0.0000e+00
        484 168.551212    0.03354     2.0125    120.750     72.813  49674.199    31.3061     7.9658     72.119    6.76586     7.9578    24.3800   12.18851 6.5841e-02 0.0000e+00
        485 168.551215    0.03361     2.0167    121.000     73.175  49671.422    31.3041     7.9660     72.478    6.76591     7.9549    24.3783   12.18862 6.5785e-02 0.0000e+00
        486 168.551218    0.03368     2.0208    121.250     73.537  49668.542    31.3017     7.9648     72.836    6.76620     7.9502    24.3767   12.18913 6.5720e-02 0.0000e+00
        487 168.551221    0.03375     2.0250    121.500     73.899  49666.160    31.2994     7.9619     73.195    6.76675     7.9440    24.3753   12.19006 6.5661e-02 0.0000e+00
        488 168.551224    0.03382     2.0292    121.750     74.261  49665.708    31.2982     7.9572     73.554    6.76752     7.9370    24.3750   12.19136 6.5623e-02 0.0000e+00
        489 168.551227    0.03389     2.0333    122.000     74.623  49667.629    31.2984     7.9511     73.912    6.76846     7.9296    24.3761   12.19290 6.5593e-02 0.0000e+00
        490 168.551230    0.03396     2.0375    122.250     74.984  49670.535    31.2991     7.9442     74.269    6.76949     7.9214    24.3776   12.19459 6.5561e-02 0.0000e+00
        491 168.551233    0.03403     2.0417    122.500     75.344  49673.107    31.2996     7.9368     74.625    6.77061     7.9119    24.3790   12.19644 6.5529e-02 0.0000e+00
        492 168.551236    0.03410     2.0458    122.750     75.704  49675.518    31.2998     7.9286     74.982    6.77186     7.9017    24.3803   12.19850 6.5505e-02 0.0000e+00
        493 168.551238    0.03417     2.0500    123.000     76.063  49680.377    31.3016     7.9191     75.338    6.77323     7.8923    24.3830   12.20075 6.5488e-02 0.0000e+00
        494 168.551241    0.03424     2.0542    123.250     76.422  49689.979    31.3065     7.9089     75.694    6.77458     7.8847    24.3883   12.20293 6.5459e-02 0.0000e+00
        495 168.551244    0.03431     2.0583    123.500     76.781  49701.747    31.3131     7.8995     76.049    6.77574     7.8788    24.3948   12.20477 6.5399e-02 0.0000e+00
        496 168.551247    0.03438     2.0625    123.750     77.142  49711.701    31.3186     7.8919     76.406    6.77666     7.8742    24.4002   12.20622 6.5306e-02 0.0000e+00
        497 168.551250    0.03444     2.0667    124.000     77.504  49718.919    31.3226     7.8861     76.765    6.77738     7.8702    24.4042   12.20736 6.5192e-02 0.0000e+00
        498 168.551253    0.03451     2.0708    124.250     77.866  49724.512    31.3256     7.8815     77.124    6.77796     7.8669    24.4072   12.20829 6.5083e-02 0.0000e+00
        499 168.551256    0.03458     2.0750    124.500     78.230  49729.666    31.3284     7.8776     77.484    6.77844     7.8642    24.4099   12.20905 6.4981e-02 0.0000e+00
        500 168.551259    0.03465     2.0792    124.750     78.594  49734.276    31.3309     7.8743     77.845    6.77883     7.8617    24.4124   12.20966 6.4874e-02 0.0000e+00
        501 168.551262    0.03472     2.0833    125.000     78.958  49737.396    31.3325     7.8716     78.205    6.77918     7.8589    24.4140   12.21021 6.4769e-02 0.0000e+00
        502 168.551264    0.03479     2.0875    125.250     79.321  49738.745    31.3329     7.8691     78.565    6.77954     7.8555    24.4147   12.21081 6.4675e-02 0.0000e+00
        503 168.551267    0.03486     2.0917    125.500     79.685  49739.187    31.3326     7.8664     78.925    6.77998     7.8516    24.4148   12.21154 6.4588e-02 0.0000e+00
        504 168.551270    0.03493     2.0958    125.750     80.049  49739.966    31.3325     7.8630     79.286    6.78051     7.8474    24.4152   12.21242 6.4492e-02 0.0000e+00
        505 168.551273    0.03500     2.1000    126.000     80.416  49741.639    31.3328     7.8591     79.649    6.78109     7.8433    24.4160   12.21338 6.4388e-02 0.0000e+00
        506 168.551276    0.03507     2.1042    126.250     80.783  49743.915    31.3336     7.8550     80.013    6.78169     7.8393    24.4172   12.21436 6.4293e-02 0.0000e+00
        507 168.551279    0.03514     2.1083    126.500     81.150  49746.311    31.3344     7.8509     80.376    6.78228     7.8355    24.4185   12.21533 6.4214e-02 0.0000e+00
        508 168.551282    0.03521     2.1125    126.750     81.517  49748.786    31.3354     7.8469     80.739    6.78286     7.8320    24.4198   12.21627 6.4151e-02 0.0000e+00
        509 168.551285    0.03528     2.1167    127.000     81.882  49751.564    31.3365     7.8431     81.100    6.78339     7.8291    24.4212   12.21713 6.4087e-02 0.0000e+00
        510 168.551288    0.03535     2.1208    127.250     82.247  49754.415    31.3378     7.8397     81.461    6.78386     7.8265    24.4227   12.21789 6.4009e-02 0.0000e+00
        511 168.551291    0.03542     2.1250    127.500     82.609  49757.015    31.3390     7.8368     81.820    6.78426     7.8244    24.4241   12.21854 6.3918e-02 0.0000e+00
        512 168.551293    0.03549     2.1292    127.750     82.967  49759.422    31.3401     7.8343     82.174    6.78460     7.8226    24.4253   12.21908 6.3827e-02 0.0000e+00
        513 168.551296    0.03556     2.1333    128.000     83.319  49761.665    31.3412     7.8322     82.523    6.78487     7.8211    24.4264   12.21952 6.3731e-02 0.0000e+00
        514 168.551299    0.03562     2.1375    128.250     83.664  49763.652    31.3421     7.8304     82.865    6.78510     7.8198    24.4274   12.21989 6.3640e-02 0.0000e+00
        515 168.551302    0.03569     2.1417    128.500     83.997  49765.369    31.3429     7.8289     83.195    6.78529     7.8186    24.4282   12.22020 6.3567e-02 0.0000e+00
        516 168.551305    0.03576     2.1458    128.750     84.311  49766.821    31.3436     7.8276     83.505    6.78546     7.8176    24.4289   12.22048 6.3502e-02 0.0000e+00
        517 168.551308    0.03583     2.1500    129.000     84.594  49767.953    31.3441     7.8265     83.785    6.78561     7.8167    24.4295   12.22072 6.3442e-02 0.0000e+00
        518 168.551311    0.03590     2.1542    129.250     84.832  49768.739    31.3444     7.8255     84.022    6.78576     7.8160    24.4298   12.22095 6.3392e-02 0.0000e+00
        519 168.551314    0.03597     2.1583    129.500     85.012  49769.311    31.3445     7.8247     84.199    6.78589     7.8157    24.4301   12.22116 6.3353e-02 0.0000e+00
        520 168.551317    0.03604     2.1625    129.750     85.122  49769.869    31.3448     7.8240     84.308    6.78598 -9.990e-29    24.4304   12.22132 6.3325e-02 0.0000e+00
        521 168.551319    0.03611     2.1667    130.000     85.158  49770.164    31.3449     7.8237     84.344    6.78602 -9.990e-29    24.4305   12.22138 6.3315e-02 0.0000e+00
