CTD-processing/allCTD/CNV--turbid/2016_05-12_t9_s05_cast232.cnv
* Sea-Bird SBE19plus Data File:
* FileName = C:\Users\Kris.Holderied\Documents\kasitsna\Research-KBL\Oceanography-AK\CTD-Data-ALL-to-2016-05\2016-CTD-KachemakBay-CookInlet\2016-05-12-CookInlet-HomerSpit-monthly\2016-05-12-CookInlet-Tran9-cast232.hex
* Software Version 1.59
* Temperature SN =  5028
* Conductivity SN =  5028
* System UpLoad Time = May 16 2016 17:02:54
** Cook Inlet LTM Tran9 Homer Spit north to south
** Date (YYYY-MM-DD): 2016-05-12
** Station (ie. 9-01):  9-05
** Start time (AKST): 13:56
** Depth (m): 93
** Comment:  R/V Edgecumbe
** Comment:
# nquan = 16
# nvalues = 678                         
# units = specified
# name 0 = scan: Scan Count
# name 1 = timeJ: Julian Days
# name 2 = timeH: Time, Elapsed [hours]
# name 3 = timeM: Time, Elapsed [minutes]
# name 4 = timeS: Time, Elapsed [seconds]
# name 5 = prdM: Pressure, Strain Gauge [db]
# name 6 = specc: Specific Conductance [uS/cm]
# name 7 = sal00: Salinity, Practical [PSU]
# name 8 = tv290C: Temperature [ITS-90, deg C]
# name 9 = depSM: Depth [salt water, m], lat = 59.00
# name 10 = oxsolML/L: Oxygen Saturation, Garcia & Gordon [ml/l]
# name 11 = potemp090C: Potential Temperature [ITS-90, deg C]
# name 12 = sigma-é00: Density [sigma-theta, kg/m^3]
# name 13 = n2satML/L: Nitrogen Saturation [ml/l]
# name 14 = par: PAR/Irradiance, Biospherical/Licor
# name 15 = flag:  0.000e+00
# span 0 =          1,        678       
# span 1 = 133.581088, 133.583047       
# span 2 =    0.00000,    0.04701       
# span 3 =     0.0000,     2.8208       
# span 4 =      0.000,    169.250       
# span 5 =      0.094,     85.642       
# span 6 =   2020.729,  50009.195       
# span 7 =     1.0328,    31.3080       
# span 8 =     6.6302,    10.1643       
# span 9 =      0.093,     84.824       
# span 10 =    6.67043,    7.81694      
# span 11 =     6.6232,    10.1594      
# span 12 =     0.4980,    24.5595      
# span 13 =   12.04109,   14.35444      
# span 14 = 4.7016e-02, 1.9137e+03      
# span 15 = 0.0000e+00, 0.0000e+00      
# interval = seconds: 0.25
# start_time = May 12 2016 13:56:46 [Instrument's time stamp, header]
# bad_flag = -9.990e-29
*END*
[from data line 362]
        363 133.582135    0.02514     1.5083     90.500     20.994  49488.130    31.0152     6.8545     20.797    6.95373     6.8499    24.3003   12.50286 3.7218e-01 0.0000e+00
        364 133.582138    0.02521     1.5125     90.750     21.248  49494.716    31.0193     6.8528     21.048    6.95381     6.8493    24.3038   12.50295 3.4702e-01 0.0000e+00
        365 133.582141    0.02528     1.5167     91.000     21.505  49501.411    31.0237     6.8517     21.302    6.95378     6.8490    24.3073   12.50285 3.2344e-01 0.0000e+00
        366 133.582144    0.02535     1.5208     91.250     21.762  49507.776    31.0279     6.8512     21.557    6.95368     6.8488    24.3107   12.50262 3.0161e-01 0.0000e+00
        367 133.582147    0.02542     1.5250     91.500     22.018  49513.125    31.0314     6.8509     21.810    6.95356     6.8487    24.3135   12.50237 2.8154e-01 0.0000e+00
        368 133.582150    0.02549     1.5292     91.750     22.270  49517.633    31.0344     6.8507     22.060    6.95345     6.8488    24.3159   12.50216 2.6305e-01 0.0000e+00
        369 133.582153    0.02556     1.5333     92.000     22.519  49522.149    31.0374     6.8506     22.307    6.95334     6.8494    24.3183   12.50194 2.4599e-01 0.0000e+00
        370 133.582156    0.02562     1.5375     92.250     22.769  49526.854    31.0405     6.8507     22.555    6.95318     6.8506    24.3208   12.50163 2.3015e-01 0.0000e+00
        371 133.582159    0.02569     1.5417     92.500     23.020  49530.927    31.0434     6.8514     22.804    6.95294     6.8522    24.3229   12.50120 2.1537e-01 0.0000e+00
        372 133.582161    0.02576     1.5458     92.750     23.274  49533.758    31.0454     6.8526     23.055    6.95265     6.8540    24.3244   12.50069 2.0157e-01 0.0000e+00
        373 133.582164    0.02583     1.5500     93.000     23.530  49535.671    31.0469     6.8542     23.309    6.95232     6.8558    24.3254   12.50013 1.8877e-01 0.0000e+00
        374 133.582167    0.02590     1.5542     93.250     23.786  49537.017    31.0480     6.8560     23.563    6.95198     6.8576    24.3260   12.49955 1.7701e-01 0.0000e+00
        375 133.582170    0.02597     1.5583     93.500     24.040  49538.281    31.0491     6.8579     23.814    6.95163     6.8595    24.3266   12.49896 1.6627e-01 0.0000e+00
        376 133.582173    0.02604     1.5625     93.750     24.292  49540.002    31.0505     6.8597     24.063    6.95127     6.8614    24.3275   12.49835 1.5643e-01 0.0000e+00
        377 133.582176    0.02611     1.5667     94.000     24.542  49541.663    31.0519     6.8616     24.311    6.95090     6.8631    24.3283   12.49772 1.4737e-01 0.0000e+00
        378 133.582179    0.02618     1.5708     94.250     24.790  49542.444    31.0527     6.8635     24.557    6.95056     6.8645    24.3287   12.49715 1.3898e-01 0.0000e+00
        379 133.582182    0.02625     1.5750     94.500     25.039  49542.402    31.0528     6.8652     24.803    6.95027     6.8656    24.3286   12.49668 1.3119e-01 0.0000e+00
        380 133.582185    0.02632     1.5792     94.750     25.290  49541.986    31.0527     6.8667     25.052    6.95005     6.8664    24.3283   12.49630 1.2397e-01 0.0000e+00
        381 133.582188    0.02639     1.5833     95.000     25.544  49541.473    31.0524     6.8678     25.303    6.94988     6.8668    24.3279   12.49603 1.1727e-01 0.0000e+00
        382 133.582190    0.02646     1.5875     95.250     25.801  49541.030    31.0521     6.8686     25.558    6.94976     6.8670    24.3276   12.49584 1.1110e-01 0.0000e+00
        383 133.582193    0.02653     1.5917     95.500     26.061  49540.815    31.0519     6.8690     25.815    6.94969     6.8668    24.3274   12.49574 1.0543e-01 0.0000e+00
        384 133.582196    0.02660     1.5958     95.750     26.324  49540.952    31.0519     6.8692     26.076    6.94967     6.8664    24.3274   12.49570 1.0023e-01 0.0000e+00
        385 133.582199    0.02667     1.6000     96.000     26.590  49541.448    31.0521     6.8690     26.339    6.94968     6.8657    24.3276   12.49571 9.5467e-02 0.0000e+00
        386 133.582202    0.02674     1.6042     96.250     26.858  49542.258    31.0525     6.8686     26.605    6.94973     6.8649    24.3279   12.49579 9.1119e-02 0.0000e+00
        387 133.582205    0.02681     1.6083     96.500     27.128  49543.366    31.0530     6.8680     26.873    6.94981     6.8641    24.3284   12.49592 8.7171e-02 0.0000e+00
        388 133.582208    0.02688     1.6125     96.750     27.399  49544.690    31.0537     6.8672     27.141    6.94991     6.8633    24.3291   12.49606 8.3608e-02 0.0000e+00
        389 133.582211    0.02694     1.6167     97.000     27.667  49546.027    31.0544     6.8664     27.407    6.95000     6.8626    24.3297   12.49622 8.0396e-02 0.0000e+00
        390 133.582214    0.02701     1.6208     97.250     27.933  49547.237    31.0550     6.8657     27.670    6.95010     6.8619    24.3303   12.49637 7.7506e-02 0.0000e+00
        391 133.582216    0.02708     1.6250     97.500     28.195  49548.288    31.0554     6.8650     27.930    6.95019     6.8613    24.3307   12.49651 7.4920e-02 0.0000e+00
        392 133.582219    0.02715     1.6292     97.750     28.453  49549.195    31.0558     6.8643     28.186    6.95028     6.8608    24.3311   12.49664 7.2599e-02 0.0000e+00
        393 133.582222    0.02722     1.6333     98.000     28.709  49550.032    31.0562     6.8638     28.439    6.95035     6.8602    24.3315   12.49676 7.0502e-02 0.0000e+00
        394 133.582225    0.02729     1.6375     98.250     28.963  49550.925    31.0566     6.8633     28.691    6.95041     6.8595    24.3319   12.49686 6.8613e-02 0.0000e+00
        395 133.582228    0.02736     1.6417     98.500     29.215  49552.020    31.0571     6.8627     28.940    6.95048     6.8588    24.3324   12.49696 6.6921e-02 0.0000e+00
        396 133.582231    0.02743     1.6458     98.750     29.464  49553.347    31.0578     6.8621     29.186    6.95055     6.8581    24.3330   12.49708 6.5407e-02 0.0000e+00
        397 133.582234    0.02750     1.6500     99.000     29.710  49554.804    31.0586     6.8613     29.430    6.95063     6.8575    24.3337   12.49720 6.4040e-02 0.0000e+00
        398 133.582237    0.02757     1.6542     99.250     29.954  49556.249    31.0594     6.8607     29.671    6.95071     6.8570    24.3344   12.49731 6.2796e-02 0.0000e+00
        399 133.582240    0.02764     1.6583     99.500     30.195  49557.567    31.0601     6.8601     29.911    6.95076     6.8564    24.3350   12.49740 6.1659e-02 0.0000e+00
        400 133.582242    0.02771     1.6625     99.750     30.436  49558.711    31.0607     6.8596     30.149    6.95082     6.8556    24.3356   12.49748 6.0622e-02 0.0000e+00
        401 133.582245    0.02778     1.6667    100.000     30.673  49559.659    31.0611     6.8590     30.383    6.95089     6.8546    24.3360   12.49760 5.9685e-02 0.0000e+00
        402 133.582248    0.02785     1.6708    100.250     30.905  49560.468    31.0614     6.8583     30.613    6.95100     6.8535    24.3364   12.49777 5.8836e-02 0.0000e+00
        403 133.582251    0.02792     1.6750    100.500     31.132  49561.208    31.0617     6.8573     30.838    6.95114     6.8521    24.3367   12.49799 5.8063e-02 0.0000e+00
        404 133.582254    0.02799     1.6792    100.750     31.354  49561.971    31.0619     6.8562     31.058    6.95131     6.8504    24.3370   12.49828 5.7366e-02 0.0000e+00
        405 133.582257    0.02806     1.6833    101.000     31.571  49562.934    31.0622     6.8548     31.273    6.95152     6.8486    24.3374   12.49862 5.6736e-02 0.0000e+00
        406 133.582260    0.02813     1.6875    101.250     31.785  49564.069    31.0627     6.8532     31.485    6.95176     6.8465    24.3380   12.49901 5.6161e-02 0.0000e+00
        407 133.582263    0.02819     1.6917    101.500     31.996  49565.204    31.0630     6.8514     31.694    6.95204     6.8441    24.3385   12.49946 5.5631e-02 0.0000e+00
        408 133.582266    0.02826     1.6958    101.750     32.206  49566.425    31.0634     6.8493     31.902    6.95236     6.8416    24.3391   12.49999 5.5141e-02 0.0000e+00
        409 133.582269    0.02833     1.7000    102.000     32.415  49568.169    31.0641     6.8469     32.110    6.95271     6.8391    24.3399   12.50056 5.4684e-02 0.0000e+00
        410 133.582271    0.02840     1.7042    102.250     32.626  49570.749    31.0654     6.8443     32.319    6.95306     6.8369    24.3412   12.50113 5.4257e-02 0.0000e+00
        411 133.582274    0.02847     1.7083    102.500     32.839  49573.832    31.0670     6.8419     32.529    6.95339     6.8352    24.3428   12.50164 5.3864e-02 0.0000e+00
        412 133.582277    0.02854     1.7125    102.750     33.052  49576.840    31.0686     6.8398     32.740    6.95366     6.8338    24.3444   12.50206 5.3509e-02 0.0000e+00
        413 133.582280    0.02861     1.7167    103.000     33.264  49579.520    31.0701     6.8380     32.950    6.95387     6.8325    24.3457   12.50239 5.3179e-02 0.0000e+00
        414 133.582283    0.02868     1.7208    103.250     33.475  49581.836    31.0713     6.8366     33.159    6.95404     6.8311    24.3469   12.50266 5.2872e-02 0.0000e+00
        415 133.582286    0.02875     1.7250    103.500     33.686  49583.865    31.0724     6.8354     33.368    6.95419     6.8297    24.3479   12.50291 5.2585e-02 0.0000e+00
        416 133.582289    0.02882     1.7292    103.750     33.900  49585.762    31.0734     6.8340     33.580    6.95436     6.8281    24.3489   12.50317 5.2310e-02 0.0000e+00
        417 133.582292    0.02889     1.7333    104.000     34.118  49587.569    31.0743     6.8326     33.796    6.95454     6.8261    24.3498   12.50347 5.2044e-02 0.0000e+00
        418 133.582295    0.02896     1.7375    104.250     34.339  49589.336    31.0751     6.8310     34.016    6.95477     6.8237    24.3507   12.50383 5.1792e-02 0.0000e+00
        419 133.582297    0.02903     1.7417    104.500     34.564  49591.335    31.0761     6.8290     34.238    6.95504     6.8210    24.3517   12.50426 5.1555e-02 0.0000e+00
        420 133.582300    0.02910     1.7458    104.750     34.792  49593.847    31.0773     6.8266     34.464    6.95537     6.8181    24.3529   12.50479 5.1334e-02 0.0000e+00
        421 133.582303    0.02917     1.7500    105.000     35.023  49596.802    31.0788     6.8239     34.693    6.95574     6.8151    24.3544   12.50538 5.1129e-02 0.0000e+00
        422 133.582306    0.02924     1.7542    105.250     35.258  49599.916    31.0803     6.8210     34.925    6.95613     6.8118    24.3560   12.50602 5.0943e-02 0.0000e+00
        423 133.582309    0.02931     1.7583    105.500     35.497  49603.039    31.0819     6.8180     35.162    6.95655     6.8083    24.3576   12.50668 5.0781e-02 0.0000e+00
        424 133.582312    0.02937     1.7625    105.750     35.741  49606.271    31.0834     6.8148     35.404    6.95699     6.8044    24.3592   12.50740 5.0630e-02 0.0000e+00
        425 133.582315    0.02944     1.7667    106.000     35.988  49609.958    31.0852     6.8113     35.649    6.95748     6.8005    24.3611   12.50818 5.0483e-02 0.0000e+00
        426 133.582318    0.02951     1.7708    106.250     36.235  49614.262    31.0874     6.8074     35.894    6.95800     6.7969    24.3633   12.50901 5.0340e-02 0.0000e+00
        427 133.582321    0.02958     1.7750    106.500     36.481  49618.767    31.0897     6.8036     36.137    6.95851     6.7936    24.3657   12.50983 5.0203e-02 0.0000e+00
        428 133.582323    0.02965     1.7792    106.750     36.725  49622.972    31.0919     6.8000     36.379    6.95899     6.7905    24.3678   12.51060 5.0075e-02 0.0000e+00
        429 133.582326    0.02972     1.7833    107.000     36.970  49626.693    31.0938     6.7967     36.621    6.95943     6.7873    24.3697   12.51131 4.9954e-02 0.0000e+00
        430 133.582329    0.02979     1.7875    107.250     37.214  49629.917    31.0954     6.7937     36.863    6.95986     6.7836    24.3714   12.51199 4.9828e-02 0.0000e+00
        431 133.582332    0.02986     1.7917    107.500     37.457  49632.762    31.0967     6.7905     37.104    6.96031     6.7790    24.3728   12.51272 4.9680e-02 0.0000e+00
        432 133.582335    0.02993     1.7958    107.750     37.698  49635.763    31.0980     6.7868     37.342    6.96085     6.7734    24.3743   12.51359 4.9522e-02 0.0000e+00
        433 133.582338    0.03000     1.8000    108.000     37.938  49639.923    31.1000     6.7822     37.580    6.96151     6.7674    24.3764   12.51465 4.9388e-02 0.0000e+00
        434 133.582341    0.03007     1.8042    108.250     38.178  49645.547    31.1028     6.7766     37.818    6.96227     6.7614    24.3794   12.51589 4.9291e-02 0.0000e+00
        435 133.582344    0.03014     1.8083    108.500     38.420  49651.924    31.1060     6.7706     38.058    6.96309     6.7555    24.3827   12.51720 4.9227e-02 0.0000e+00
        436 133.582347    0.03021     1.8125    108.750     38.663  49658.532    31.1094     6.7646     38.299    6.96391     6.7497    24.3861   12.51851 4.9178e-02 0.0000e+00
        437 133.582350    0.03028     1.8167    109.000     38.907  49665.134    31.1128     6.7587     38.540    6.96470     6.7439    24.3896   12.51978 4.9128e-02 0.0000e+00
        438 133.582352    0.03035     1.8208    109.250     39.150  49671.502    31.1161     6.7530     38.781    6.96548     6.7379    24.3929   12.52102 4.9076e-02 0.0000e+00
        439 133.582355    0.03042     1.8250    109.500     39.392  49677.907    31.1195     6.7473     39.020    6.96625     6.7315    24.3962   12.52226 4.9024e-02 0.0000e+00
        440 133.582358    0.03049     1.8292    109.750     39.630  49684.877    31.1231     6.7413     39.257    6.96705     6.7242    24.3999   12.52354 4.8972e-02 0.0000e+00
        441 133.582361    0.03056     1.8333    110.000     39.866  49692.714    31.1273     6.7348     39.490    6.96791     6.7161    24.4040   12.52490 4.8919e-02 0.0000e+00
        442 133.582364    0.03062     1.8375    110.250     40.099  49701.950    31.1323     6.7276     39.721    6.96884     6.7076    24.4088   12.52638 4.8870e-02 0.0000e+00
        443 133.582367    0.03069     1.8417    110.500     40.330  49713.057    31.1384     6.7195     39.950    6.96987     6.6995    24.4147   12.52801 4.8827e-02 0.0000e+00
        444 133.582370    0.03076     1.8458    110.750     40.558  49725.352    31.1453     6.7110     40.175    6.97093     6.6927    24.4212   12.52967 4.8786e-02 0.0000e+00
        445 133.582373    0.03083     1.8500    111.000     40.781  49737.300    31.1521     6.7030     40.395    6.97192     6.6874    24.4276   12.53122 4.8753e-02 0.0000e+00
        446 133.582376    0.03090     1.8542    111.250     40.996  49747.644    31.1579     6.6962     40.608    6.97275     6.6834    24.4330   12.53252 4.8724e-02 0.0000e+00
        447 133.582378    0.03097     1.8583    111.500     41.202  49755.860    31.1626     6.6909     40.812    6.97340     6.6806    24.4374   12.53353 4.8688e-02 0.0000e+00
        448 133.582381    0.03104     1.8625    111.750     41.399  49762.000    31.1661     6.6869     41.008    6.97388     6.6786    24.4406   12.53427 4.8654e-02 0.0000e+00
        449 133.582384    0.03111     1.8667    112.000     41.590  49766.405    31.1685     6.6841     41.197    6.97422     6.6772    24.4429   12.53481 4.8637e-02 0.0000e+00
        450 133.582387    0.03118     1.8708    112.250     41.777  49769.466    31.1702     6.6821     41.382    6.97447     6.6762    24.4445   12.53520 4.8627e-02 0.0000e+00
        451 133.582390    0.03125     1.8750    112.500     41.964  49771.590    31.1713     6.6807     41.568    6.97464     6.6754    24.4455   12.53547 4.8614e-02 0.0000e+00
