CTD-processing/allCTD/CNV--turbid/2016_02-15_t6_s18_cast123.cnv
* Sea-Bird SBE19plus Data File:
* FileName = C:\Users\Kris.Holderied\Documents\kasitsna\Research-KBL\Oceanography-AK\CTD-Data-ALL-to-2016-02\2016-CTD-KachemakBay-CookInlet\2016-02-CookInlet-quarterly\2016-02-15-CookInlet-Tran6-Douglas\2016-02-15-CookInlet-Tran6-cast123.hex
* Software Version 1.59
* Temperature SN =  5028
* Conductivity SN =  5028
* System UpLoad Time = Feb 15 2016 19:39:21
** Cook Inlet LTM Tran6 Douglas West to East

** Date: 02-15
** Station: 6-18
** Start time (AKST): 13:28
** Depth (m): 173
** Comment:  R/V Pandalus
** Comment:
# nquan = 16
# nvalues = 917                         
# units = specified
# name 0 = scan: Scan Count
# name 1 = timeJ: Julian Days
# name 2 = timeH: Time, Elapsed [hours]
# name 3 = timeM: Time, Elapsed [minutes]
# name 4 = timeS: Time, Elapsed [seconds]
# name 5 = prdM: Pressure, Strain Gauge [db]
# name 6 = specc: Specific Conductance [uS/cm]
# name 7 = sal00: Salinity, Practical [PSU]
# name 8 = tv290C: Temperature [ITS-90, deg C]
# name 9 = depSM: Depth [salt water, m], lat = 59.00
# name 10 = oxsolML/L: Oxygen Saturation, Garcia & Gordon [ml/l]
# name 11 = potemp090C: Potential Temperature [ITS-90, deg C]
# name 12 = sigma-é00: Density [sigma-theta, kg/m^3]
# name 13 = n2satML/L: Nitrogen Saturation [ml/l]
# name 14 = par: PAR/Irradiance, Biospherical/Licor
# name 15 = flag:  0.000e+00
# span 0 =          1,        917       
# span 1 =  46.561273,  46.563924       
# span 2 =    0.00000,    0.06361       
# span 3 =     0.0000,     3.8167       
# span 4 =      0.000,    229.000       
# span 5 =     -0.150,    173.170       
# span 6 =   2756.968,  51327.331       
# span 7 =     1.4075,    32.1651       
# span 8 =     6.1254,     6.6149       
# span 9 =     -0.148,    171.479       
# span 10 =    6.94693,    8.60301      
# span 11 =     6.1258,     6.6095      
# span 12 =     1.0595,    25.2468      
# span 13 =   12.47757,   15.67315      
# span 14 = 3.7976e-02, 2.0431e+02      
# span 15 = 0.0000e+00, 0.0000e+00      
# interval = seconds: 0.25
# start_time = Feb 15 2016 13:28:14 [Instrument's time stamp, header]
# bad_flag = -9.990e-29
*END*
[from data line 452]
        453  46.562581    0.03139     1.8833    113.000     37.221  50858.250    31.9131     6.6004     36.870    6.95356     6.5976    25.0401   12.49129 3.5799e+00 0.0000e+00
        454  46.562584    0.03146     1.8875    113.250     37.465  50858.822    31.9134     6.6007     37.111    6.95351     6.5978    25.0403   12.49121 3.4951e+00 0.0000e+00
        455  46.562587    0.03153     1.8917    113.500     37.670  50859.053    31.9135     6.6009     37.314    6.95348     6.5978    25.0404   12.49115 3.4282e+00 0.0000e+00
        456  46.562590    0.03160     1.8958    113.750     37.836  50859.092    31.9135     6.6010     37.479    6.95345     6.5979    25.0403   12.49111 3.3770e+00 0.0000e+00
        457  46.562593    0.03167     1.9000    114.000     37.971  50859.105    31.9134     6.6011     37.612    6.95344     6.5979    25.0403   12.49109 3.3381e+00 0.0000e+00
        458  46.562595    0.03174     1.9042    114.250     38.083  50859.162    31.9134     6.6011     37.724    6.95343     6.5979    25.0403   12.49108 3.3069e+00 0.0000e+00
        459  46.562598    0.03181     1.9083    114.500     38.185  50859.250    31.9134     6.6011     37.824    6.95343     6.5979    25.0403   12.49108 3.2791e+00 0.0000e+00
        460  46.562601    0.03188     1.9125    114.750     38.287  50859.363    31.9135     6.6011     37.925    6.95342     6.5979    25.0403   12.49107 3.2504e+00 0.0000e+00
        461  46.562604    0.03194     1.9167    115.000     38.400  50859.537    31.9135     6.6011     38.036    6.95342     6.5979    25.0404   12.49106 3.2170e+00 0.0000e+00
        462  46.562607    0.03201     1.9208    115.250     38.532  50859.784    31.9137     6.6011     38.167    6.95341     6.5980    25.0405   12.49105 3.1764e+00 0.0000e+00
        463  46.562610    0.03208     1.9250    115.500     38.688  50860.090    31.9138     6.6012     38.322    6.95340     6.5980    25.0406   12.49103 3.1284e+00 0.0000e+00
        464  46.562613    0.03215     1.9292    115.750     38.870  50860.451    31.9140     6.6012     38.502    6.95338     6.5981    25.0407   12.49100 3.0734e+00 0.0000e+00
        465  46.562616    0.03222     1.9333    116.000     39.078  50860.827    31.9141     6.6013     38.709    6.95336     6.5982    25.0408   12.49096 3.0119e+00 0.0000e+00
        466  46.562619    0.03229     1.9375    116.250     39.310  50861.232    31.9143     6.6014     38.939    6.95334     6.5983    25.0410   12.49092 2.9448e+00 0.0000e+00
        467  46.562622    0.03236     1.9417    116.500     39.565  50861.724    31.9146     6.6015     39.191    6.95331     6.5984    25.0411   12.49087 2.8723e+00 0.0000e+00
        468  46.562624    0.03243     1.9458    116.750     39.839  50862.291    31.9149     6.6017     39.463    6.95328     6.5986    25.0414   12.49081 2.7955e+00 0.0000e+00
        469  46.562627    0.03250     1.9500    117.000     40.131  50862.909    31.9152     6.6018     39.752    6.95324     6.5987    25.0416   12.49075 2.7157e+00 0.0000e+00
        470  46.562630    0.03257     1.9542    117.250     40.437  50863.532    31.9155     6.6020     40.055    6.95320     6.5988    25.0418   12.49067 2.6342e+00 0.0000e+00
        471  46.562633    0.03264     1.9583    117.500     40.753  50864.056    31.9157     6.6021     40.368    6.95316     6.5989    25.0420   12.49060 2.5520e+00 0.0000e+00
        472  46.562636    0.03271     1.9625    117.750     41.075  50864.477    31.9159     6.6023     40.686    6.95313     6.5990    25.0421   12.49055 2.4700e+00 0.0000e+00
        473  46.562639    0.03278     1.9667    118.000     41.398  50864.861    31.9161     6.6024     41.007    6.95310     6.5991    25.0422   12.49050 2.3891e+00 0.0000e+00
        474  46.562642    0.03285     1.9708    118.250     41.721  50865.209    31.9162     6.6025     41.326    6.95307     6.5991    25.0423   12.49045 2.3099e+00 0.0000e+00
        475  46.562645    0.03292     1.9750    118.500     42.039  50865.525    31.9163     6.6026     41.641    6.95305     6.5992    25.0424   12.49042 2.2330e+00 0.0000e+00
        476  46.562648    0.03299     1.9792    118.750     42.350  50865.836    31.9164     6.6027     41.949    6.95303     6.5993    25.0424   12.49039 2.1597e+00 0.0000e+00
        477  46.562650    0.03306     1.9833    119.000     42.650  50866.132    31.9164     6.6028     42.246    6.95302     6.5993    25.0425   12.49036 2.0910e+00 0.0000e+00
        478  46.562653    0.03313     1.9875    119.250     42.934  50866.389    31.9165     6.6029     42.528    6.95300     6.5994    25.0425   12.49033 2.0279e+00 0.0000e+00
        479  46.562656    0.03319     1.9917    119.500     43.199  50866.629    31.9165     6.6030     42.790    6.95298     6.5994    25.0426   12.49031 1.9710e+00 0.0000e+00
        480  46.562659    0.03326     1.9958    119.750     43.442  50866.897    31.9166     6.6031     43.031    6.95296     6.5995    25.0426   12.49028 1.9202e+00 0.0000e+00
        481  46.562662    0.03333     2.0000    120.000     43.664  50867.205    31.9167     6.6031     43.251    6.95295     6.5996    25.0427   12.49025 1.8751e+00 0.0000e+00
        482  46.562665    0.03340     2.0042    120.250     43.867  50867.513    31.9169     6.6032     43.453    6.95293     6.5996    25.0428   12.49021 1.8346e+00 0.0000e+00
        483  46.562668    0.03347     2.0083    120.500     44.055  50867.830    31.9170     6.6033     43.638    6.95291     6.5997    25.0429   12.49018 1.7976e+00 0.0000e+00
        484  46.562671    0.03354     2.0125    120.750     44.230  50868.216    31.9172     6.6034     43.812    6.95289     6.5999    25.0431   12.49013 1.7630e+00 0.0000e+00
        485  46.562674    0.03361     2.0167    121.000     44.398  50868.662    31.9175     6.6035     43.979    6.95286     6.6000    25.0433   12.49008 1.7299e+00 0.0000e+00
        486  46.562677    0.03368     2.0208    121.250     44.562  50869.091    31.9177     6.6037     44.141    6.95282     6.6002    25.0434   12.49002 1.6974e+00 0.0000e+00
        487  46.562679    0.03375     2.0250    121.500     44.727  50869.467    31.9179     6.6038     44.304    6.95278     6.6004    25.0436   12.48995 1.6651e+00 0.0000e+00
        488  46.562682    0.03382     2.0292    121.750     44.897  50869.793    31.9181     6.6040     44.472    6.95274     6.6006    25.0437   12.48988 1.6320e+00 0.0000e+00
        489  46.562685    0.03389     2.0333    122.000     45.078  50870.112    31.9183     6.6043     44.651    6.95270     6.6008    25.0438   12.48981 1.5970e+00 0.0000e+00
        490  46.562688    0.03396     2.0375    122.250     45.277  50870.497    31.9185     6.6045     44.849    6.95265     6.6010    25.0440   12.48973 1.5595e+00 0.0000e+00
        491  46.562691    0.03403     2.0417    122.500     45.499  50870.967    31.9188     6.6047     45.069    6.95261     6.6012    25.0442   12.48966 1.5195e+00 0.0000e+00
        492  46.562694    0.03410     2.0458    122.750     45.746  50871.523    31.9191     6.6049     45.313    6.95256     6.6014    25.0444   12.48957 1.4777e+00 0.0000e+00
        493  46.562697    0.03417     2.0500    123.000     46.014  50872.235    31.9195     6.6051     45.578    6.95250     6.6016    25.0447   12.48947 1.4343e+00 0.0000e+00
        494  46.562700    0.03424     2.0542    123.250     46.303  50873.095    31.9200     6.6054     45.865    6.95244     6.6019    25.0450   12.48937 1.3897e+00 0.0000e+00
        495  46.562703    0.03431     2.0583    123.500     46.611  50873.951    31.9205     6.6056     46.170    6.95237     6.6022    25.0454   12.48926 1.3448e+00 0.0000e+00
        496  46.562705    0.03438     2.0625    123.750     46.933  50874.733    31.9210     6.6059     46.489    6.95230     6.6025    25.0457   12.48914 1.3001e+00 0.0000e+00
        497  46.562708    0.03444     2.0667    124.000     47.267  50875.503    31.9214     6.6063     46.819    6.95223     6.6029    25.0460   12.48901 1.2563e+00 0.0000e+00
        498  46.562711    0.03451     2.0708    124.250     47.606  50876.343    31.9219     6.6066     47.155    6.95215     6.6032    25.0464   12.48887 1.2139e+00 0.0000e+00
        499  46.562714    0.03458     2.0750    124.500     47.946  50877.344    31.9225     6.6070     47.492    6.95207     6.6036    25.0468   12.48872 1.1734e+00 0.0000e+00
        500  46.562717    0.03465     2.0792    124.750     48.284  50878.520    31.9232     6.6073     47.826    6.95198     6.6040    25.0473   12.48856 1.1351e+00 0.0000e+00
        501  46.562720    0.03472     2.0833    125.000     48.615  50879.745    31.9240     6.6077     48.154    6.95188     6.6045    25.0479   12.48839 1.0990e+00 0.0000e+00
        502  46.562723    0.03479     2.0875    125.250     48.937  50880.857    31.9247     6.6082     48.474    6.95177     6.6049    25.0484   12.48821 1.0653e+00 0.0000e+00
        503  46.562726    0.03486     2.0917    125.500     49.249  50881.784    31.9253     6.6086     48.783    6.95167     6.6054    25.0488   12.48803 1.0341e+00 0.0000e+00
        504  46.562729    0.03493     2.0958    125.750     49.551  50882.477    31.9257     6.6091     49.082    6.95158     6.6058    25.0490   12.48786 1.0050e+00 0.0000e+00
        505  46.562731    0.03500     2.1000    126.000     49.842  50882.916    31.9260     6.6096     49.370    6.95149     6.6061    25.0492   12.48772 9.7776e-01 0.0000e+00
        506  46.562734    0.03507     2.1042    126.250     50.122  50883.192    31.9261     6.6100     49.648    6.95141     6.6064    25.0492   12.48759 9.5226e-01 0.0000e+00
        507  46.562737    0.03514     2.1083    126.500     50.392  50883.424    31.9262     6.6104     49.916    6.95135     6.6066    25.0492   12.48749 9.2824e-01 0.0000e+00
        508  46.562740    0.03521     2.1125    126.750     50.655  50883.653    31.9263     6.6107     50.176    6.95130     6.6068    25.0493   12.48740 9.0549e-01 0.0000e+00
        509  46.562743    0.03528     2.1167    127.000     50.912  50883.834    31.9263     6.6109     50.430    6.95126     6.6069    25.0493   12.48733 8.8379e-01 0.0000e+00
        510  46.562746    0.03535     2.1208    127.250     51.165  50883.965    31.9263     6.6111     50.680    6.95122     6.6070    25.0493   12.48727 8.6288e-01 0.0000e+00
        511  46.562749    0.03542     2.1250    127.500     51.415  50884.110    31.9263     6.6113     50.928    6.95120     6.6070    25.0493   12.48723 8.4240e-01 0.0000e+00
        512  46.562752    0.03549     2.1292    127.750     51.666  50884.285    31.9263     6.6114     51.177    6.95118     6.6071    25.0493   12.48720 8.2196e-01 0.0000e+00
        513  46.562755    0.03556     2.1333    128.000     51.923  50884.516    31.9264     6.6115     51.431    6.95116     6.6072    25.0494   12.48717 8.0126e-01 0.0000e+00
        514  46.562758    0.03562     2.1375    128.250     52.188  50884.851    31.9265     6.6116     51.694    6.95114     6.6073    25.0495   12.48713 7.8012e-01 0.0000e+00
        515  46.562760    0.03569     2.1417    128.500     52.465  50885.270    31.9267     6.6117     51.968    6.95112     6.6074    25.0496   12.48709 7.5839e-01 0.0000e+00
        516  46.562763    0.03576     2.1458    128.750     52.756  50885.758    31.9270     6.6118     52.256    6.95109     6.6075    25.0498   12.48704 7.3613e-01 0.0000e+00
        517  46.562766    0.03583     2.1500    129.000     53.058  50886.327    31.9272     6.6119     52.555    6.95106     6.6076    25.0500   12.48699 7.1363e-01 0.0000e+00
        518  46.562769    0.03590     2.1542    129.250     53.369  50886.907    31.9275     6.6120     52.863    6.95102     6.6077    25.0502   12.48693 6.9129e-01 0.0000e+00
        519  46.562772    0.03597     2.1583    129.500     53.683  50887.377    31.9277     6.6122     53.174    6.95099     6.6079    25.0503   12.48688 6.6949e-01 0.0000e+00
        520  46.562775    0.03604     2.1625    129.750     53.997  50887.740    31.9278     6.6123     53.485    6.95096     6.6080    25.0504   12.48683 6.4845e-01 0.0000e+00
        521  46.562778    0.03611     2.1667    130.000     54.309  50888.095    31.9280     6.6124     53.794    6.95093     6.6081    25.0505   12.48677 6.2832e-01 0.0000e+00
        522  46.562781    0.03618     2.1708    130.250     54.614  50888.479    31.9281     6.6126     54.096    6.95090     6.6082    25.0506   12.48672 6.0923e-01 0.0000e+00
        523  46.562784    0.03625     2.1750    130.500     54.909  50888.858    31.9283     6.6127     54.389    6.95087     6.6082    25.0507   12.48667 5.9121e-01 0.0000e+00
        524  46.562786    0.03632     2.1792    130.750     55.192  50889.183    31.9284     6.6128     54.669    6.95085     6.6083    25.0508   12.48663 5.7435e-01 0.0000e+00
        525  46.562789    0.03639     2.1833    131.000     55.465  50889.452    31.9285     6.6129     54.939    6.95083     6.6083    25.0508   12.48660 5.5858e-01 0.0000e+00
        526  46.562792    0.03646     2.1875    131.250     55.728  50889.722    31.9286     6.6130     55.199    6.95081     6.6084    25.0509   12.48657 5.4372e-01 0.0000e+00
        527  46.562795    0.03653     2.1917    131.500     55.982  50890.002    31.9287     6.6131     55.451    6.95079     6.6085    25.0509   12.48653 5.2988e-01 0.0000e+00
        528  46.562798    0.03660     2.1958    131.750     56.225  50890.246    31.9287     6.6132     55.692    6.95077     6.6085    25.0510   12.48650 5.1716e-01 0.0000e+00
        529  46.562801    0.03667     2.2000    132.000     56.459  50890.469    31.9288     6.6133     55.923    6.95076     6.6086    25.0510   12.48648 5.0534e-01 0.0000e+00
        530  46.562804    0.03674     2.2042    132.250     56.684  50890.762    31.9289     6.6134     56.146    6.95074     6.6086    25.0511   12.48645 4.9414e-01 0.0000e+00
        531  46.562807    0.03681     2.2083    132.500     56.904  50891.142    31.9291     6.6134     56.365    6.95072     6.6087    25.0512   12.48641 4.8327e-01 0.0000e+00
        532  46.562810    0.03687     2.2125    132.750     57.125  50891.563    31.9293     6.6135     56.583    6.95070     6.6088    25.0514   12.48638 4.7242e-01 0.0000e+00
        533  46.562813    0.03694     2.2167    133.000     57.352  50892.109    31.9296     6.6136     56.808    6.95068     6.6089    25.0516   12.48633 4.6139e-01 0.0000e+00
        534  46.562815    0.03701     2.2208    133.250     57.592  50892.873    31.9300     6.6137     57.045    6.95064     6.6091    25.0519   12.48627 4.5004e-01 0.0000e+00
        535  46.562818    0.03708     2.2250    133.500     57.848  50893.724    31.9305     6.6139     57.299    6.95059     6.6093    25.0523   12.48618 4.3822e-01 0.0000e+00
        536  46.562821    0.03715     2.2292    133.750     58.126  50894.492    31.9310     6.6141     57.574    6.95054     6.6094    25.0526   12.48608 4.2587e-01 0.0000e+00
        537  46.562824    0.03722     2.2333    134.000     58.425  50895.181    31.9313     6.6143     57.870    6.95049     6.6095    25.0529   12.48600 4.1302e-01 0.0000e+00
        538  46.562827    0.03729     2.2375    134.250     58.747  50895.967    31.9317     6.6144     58.189    6.95045     6.6095    25.0532   12.48592 3.9982e-01 0.0000e+00
        539  46.562830    0.03736     2.2417    134.500     59.088  50897.069    31.9323     6.6145     58.527    6.95040     6.6094    25.0537   12.48584 3.8653e-01 0.0000e+00
        540  46.562833    0.03743     2.2458    134.750     59.445  50898.511    31.9332     6.6145     58.880    6.95036     6.6093    25.0544   12.48576 3.7343e-01 0.0000e+00
        541  46.562836    0.03750     2.2500    135.000     59.812  50900.185    31.9342     6.6145     59.244    6.95032     6.6091    25.0552   12.48569 3.6054e-01 0.0000e+00
        542  46.562839    0.03757     2.2542    135.250     60.185  50902.111    31.9353     6.6144     59.614    6.95028     6.6089    25.0561   12.48561 3.4786e-01 0.0000e+00
