CTD-processing/allCTD/CNV--turbid/2016_04-10_t6_s26_cast192.cnv
* Sea-Bird SBE19plus Data File:
* FileName = C:\Users\Kris.Holderied\Documents\kasitsna\Research-KBL\Oceanography-AK\CTD-Data-ALL-to-2016-02\2016-CTD-KachemakBay-CookInlet\2016-04-CookInlet-quarterly\2016-04-10-CookInlet-Tran6-Douglas\2016-04-10-CookInlet-Tran6-cast192.hex
* Software Version 1.59
* Temperature SN =  5028
* Conductivity SN =  5028
* System UpLoad Time = Apr 11 2016 02:25:48
** Cook Inlet LTM Tran6 Douglas east to west
** Date (YYYY-MM-DD): 2016-04-10
** Station (ie. 9-01): 6-26
** Start time (AKST): 15:33
** Depth (m): 171
** Comment:  R/V Pandalus. Skipped stations.
** Comment:
# nquan = 16
# nvalues = 1202                        
# units = specified
# name 0 = scan: Scan Count
# name 1 = timeJ: Julian Days
# name 2 = timeH: Time, Elapsed [hours]
# name 3 = timeM: Time, Elapsed [minutes]
# name 4 = timeS: Time, Elapsed [seconds]
# name 5 = prdM: Pressure, Strain Gauge [db]
# name 6 = specc: Specific Conductance [uS/cm]
# name 7 = sal00: Salinity, Practical [PSU]
# name 8 = tv290C: Temperature [ITS-90, deg C]
# name 9 = depSM: Depth [salt water, m], lat = 59.00
# name 10 = oxsolML/L: Oxygen Saturation, Garcia & Gordon [ml/l]
# name 11 = potemp090C: Potential Temperature [ITS-90, deg C]
# name 12 = sigma-é00: Density [sigma-theta, kg/m^3]
# name 13 = n2satML/L: Nitrogen Saturation [ml/l]
# name 14 = par: PAR/Irradiance, Biospherical/Licor
# name 15 = flag:  0.000e+00
# span 0 =          1,       1202       
# span 1 = 101.647477, 101.650952       
# span 2 =    0.00000,    0.08340       
# span 3 =     0.0000,     5.0042       
# span 4 =      0.000,    300.250       
# span 5 =     -0.245,    169.537       
# span 6 =    755.017,  51068.544       
# span 7 =     0.3647,    31.9858       
# span 8 =     4.7006,     6.5418       
# span 9 =     -0.242,    167.883       
# span 10 =    6.95978,    8.65105      
# span 11 =     4.7000,     6.5277      
# span 12 =     0.2190,    25.1063      
# span 13 =   12.50067,   15.72579      
# span 14 = 3.7976e-02, 1.3891e+03      
# span 15 = 0.0000e+00, 0.0000e+00      
# interval = seconds: 0.25
# start_time = Apr 10 2016 15:32:22 [Instrument's time stamp, header]
# bad_flag = -9.990e-29
*END*
[from data line 814]
        815 101.649832    0.05653     3.3917    203.500     87.186  50646.498    31.7118     6.4363     86.353    6.98945     6.4291    24.9027   12.55314 3.7976e-02 0.0000e+00
        816 101.649835    0.05660     3.3958    203.750     87.320  50646.747    31.7120     6.4363     86.485    6.98944     6.4291    24.9028   12.55312 3.7976e-02 0.0000e+00
        817 101.649838    0.05667     3.4000    204.000     87.455  50646.979    31.7121     6.4363     86.619    6.98943     6.4292    24.9029   12.55310 3.7976e-02 0.0000e+00
        818 101.649841    0.05674     3.4042    204.250     87.595  50647.182    31.7122     6.4364     86.758    6.98942     6.4292    24.9029   12.55308 3.7976e-02 0.0000e+00
        819 101.649844    0.05681     3.4083    204.500     87.744  50647.415    31.7123     6.4365     86.905    6.98940     6.4293    24.9030   12.55305 3.7976e-02 0.0000e+00
        820 101.649847    0.05688     3.4125    204.750     87.900  50647.778    31.7125     6.4366     87.060    6.98938     6.4295    24.9031   12.55301 3.7976e-02 0.0000e+00
        821 101.649850    0.05694     3.4167    205.000     88.063  50648.232    31.7127     6.4367     87.221    6.98935     6.4296    24.9033   12.55296 3.7976e-02 0.0000e+00
        822 101.649852    0.05701     3.4208    205.250     88.230  50648.699    31.7130     6.4368     87.387    6.98931     6.4298    24.9035   12.55289 3.7976e-02 0.0000e+00
        823 101.649855    0.05708     3.4250    205.500     88.400  50649.198    31.7133     6.4370     87.555    6.98927     6.4301    24.9037   12.55282 3.7976e-02 0.0000e+00
        824 101.649858    0.05715     3.4292    205.750     88.573  50649.958    31.7138     6.4372     87.726    6.98921     6.4304    24.9041   12.55272 3.7976e-02 0.0000e+00
        825 101.649861    0.05722     3.4333    206.000     88.754  50651.413    31.7147     6.4375     87.905    6.98913     6.4309    24.9049   12.55257 3.7976e-02 0.0000e+00
        826 101.649864    0.05729     3.4375    206.250     88.948  50653.815    31.7164     6.4378     88.098    6.98900     6.4316    24.9061   12.55233 3.7976e-02 0.0000e+00
        827 101.649867    0.05736     3.4417    206.500     89.163  50656.455    31.7182     6.4383     88.311    6.98882     6.4323    24.9075   12.55202 3.7976e-02 0.0000e+00
        828 101.649870    0.05743     3.4458    206.750     89.408  50658.189    31.7194     6.4390     88.553    6.98865     6.4329    24.9083   12.55172 3.7976e-02 0.0000e+00
        829 101.649873    0.05750     3.4500    207.000     89.688  50659.113    31.7201     6.4398     88.830    6.98850     6.4335    24.9088   12.55146 3.7976e-02 0.0000e+00
        830 101.649876    0.05757     3.4542    207.250     90.007  50660.162    31.7208     6.4404     89.146    6.98836     6.4340    24.9092   12.55122 3.7976e-02 0.0000e+00
        831 101.649878    0.05764     3.4583    207.500     90.361  50661.861    31.7219     6.4410     89.497    6.98821     6.4346    24.9101   12.55096 3.7976e-02 0.0000e+00
        832 101.649881    0.05771     3.4625    207.750     90.744  50664.064    31.7234     6.4416     89.876    6.98805     6.4353    24.9111   12.55067 3.7976e-02 0.0000e+00
        833 101.649884    0.05778     3.4667    208.000     91.146  50666.140    31.7247     6.4422     90.273    6.98788     6.4360    24.9121   12.55038 3.7976e-02 0.0000e+00
        834 101.649887    0.05785     3.4708    208.250     91.555  50667.661    31.7257     6.4429     90.679    6.98772     6.4366    24.9128   12.55010 3.7976e-02 0.0000e+00
        835 101.649890    0.05792     3.4750    208.500     91.957  50668.683    31.7264     6.4436     91.077    6.98757     6.4371    24.9133   12.54985 3.7976e-02 0.0000e+00
        836 101.649893    0.05799     3.4792    208.750     92.332  50669.452    31.7269     6.4443     91.448    6.98745     6.4375    24.9136   12.54964 3.7976e-02 0.0000e+00
        837 101.649896    0.05806     3.4833    209.000     92.655  50670.118    31.7273     6.4448     91.768    6.98734     6.4379    24.9138   12.54946 3.7976e-02 0.0000e+00
        838 101.649899    0.05813     3.4875    209.250     92.903  50670.573    31.7275     6.4453     92.014    6.98726     6.4381    24.9140   12.54932 3.7976e-02 0.0000e+00
        839 101.649902    0.05819     3.4917    209.500     93.066  50670.622    31.7276     6.4456     92.175    6.98720     6.4382    24.9140   12.54923 3.7976e-02 0.0000e+00
        840 101.649905    0.05826     3.4958    209.750     93.151  50670.296    31.7274     6.4458     92.259    6.98717     6.4382    24.9138   12.54919 3.7976e-02 0.0000e+00
        841 101.649907    0.05833     3.5000    210.000     93.175  50669.857    31.7271     6.4459     92.283    6.98717     6.4382    24.9136   12.54918 3.7976e-02 0.0000e+00
        842 101.649910    0.05840     3.5042    210.250     93.160  50669.553    31.7269     6.4459     92.268    6.98718     6.4381    24.9134   12.54920 3.7976e-02 0.0000e+00
        843 101.649913    0.05847     3.5083    210.500     93.128  50669.446    31.7268     6.4459     92.236    6.98719     6.4380    24.9134   12.54922 3.7976e-02 0.0000e+00
        844 101.649916    0.05854     3.5125    210.750     93.098  50669.474    31.7268     6.4458     92.206    6.98721     6.4380    24.9134   12.54924 3.7976e-02 0.0000e+00
        845 101.649919    0.05861     3.5167    211.000     93.087  50669.594    31.7269     6.4458     92.196    6.98721     6.4381    24.9134   12.54924 3.7976e-02 0.0000e+00
        846 101.649922    0.05868     3.5208    211.250     93.109  50669.809    31.7270     6.4458     92.218    6.98721     6.4381    24.9135   12.54923 3.7976e-02 0.0000e+00
        847 101.649925    0.05875     3.5250    211.500     93.175  50670.108    31.7272     6.4458     92.283    6.98719     6.4382    24.9137   12.54921 3.7976e-02 0.0000e+00
        848 101.649928    0.05882     3.5292    211.750     93.292  50670.570    31.7275     6.4459     92.399    6.98716     6.4383    24.9139   12.54916 3.7976e-02 0.0000e+00
        849 101.649931    0.05889     3.5333    212.000     93.463  50671.244    31.7279     6.4460     92.569    6.98713     6.4385    24.9142   12.54910 3.7976e-02 0.0000e+00
        850 101.649933    0.05896     3.5375    212.250     93.688  50671.960    31.7283     6.4462     92.792    6.98708     6.4387    24.9145   12.54901 3.7976e-02 0.0000e+00
        851 101.649936    0.05903     3.5417    212.500     93.964  50672.585    31.7286     6.4464     93.065    6.98703     6.4389    24.9147   12.54893 3.7976e-02 0.0000e+00
        852 101.649939    0.05910     3.5458    212.750     94.285  50673.122    31.7289     6.4466     93.382    6.98698     6.4390    24.9149   12.54885 3.7976e-02 0.0000e+00
        853 101.649942    0.05917     3.5500    213.000     94.640  50673.616    31.7291     6.4468     93.734    6.98694     6.4392    24.9151   12.54878 3.7976e-02 0.0000e+00
        854 101.649945    0.05924     3.5542    213.250     95.021  50674.134    31.7293     6.4470     94.111    6.98690     6.4393    24.9153   12.54871 3.7976e-02 0.0000e+00
        855 101.649948    0.05931     3.5583    213.500     95.415  50674.691    31.7296     6.4471     94.501    6.98686     6.4395    24.9154   12.54864 3.7976e-02 0.0000e+00
        856 101.649951    0.05937     3.5625    213.750     95.811  50675.245    31.7298     6.4473     94.893    6.98682     6.4396    24.9156   12.54856 3.7976e-02 0.0000e+00
        857 101.649954    0.05944     3.5667    214.000     96.196  50675.738    31.7300     6.4475     95.274    6.98678     6.4398    24.9157   12.54849 3.7976e-02 0.0000e+00
        858 101.649957    0.05951     3.5708    214.250     96.558  50676.048    31.7301     6.4477     95.632    6.98674     6.4399    24.9158   12.54843 3.7976e-02 0.0000e+00
        859 101.649959    0.05958     3.5750    214.500     96.886  50676.179    31.7301     6.4479     95.957    6.98672     6.4400    24.9157   12.54839 3.7976e-02 0.0000e+00
        860 101.649962    0.05965     3.5792    214.750     97.172  50676.328    31.7301     6.4481     96.241    6.98670     6.4400    24.9157   12.54835 3.7976e-02 0.0000e+00
        861 101.649965    0.05972     3.5833    215.000     97.409  50676.538    31.7301     6.4482     96.476    6.98668     6.4401    24.9157   12.54832 3.7976e-02 0.0000e+00
        862 101.649968    0.05979     3.5875    215.250     97.593  50676.672    31.7302     6.4482     96.658    6.98666     6.4401    24.9157   12.54830 3.7976e-02 0.0000e+00
        863 101.649971    0.05986     3.5917    215.500     97.726  50676.661    31.7301     6.4483     96.789    6.98665     6.4401    24.9157   12.54829 3.7976e-02 0.0000e+00
        864 101.649974    0.05993     3.5958    215.750     97.815  50676.620    31.7300     6.4483     96.877    6.98665     6.4400    24.9156   12.54829 3.7976e-02 0.0000e+00
        865 101.649977    0.06000     3.6000    216.000     97.871  50676.683    31.7300     6.4483     96.932    6.98666     6.4400    24.9156   12.54830 3.7976e-02 0.0000e+00
        866 101.649980    0.06007     3.6042    216.250     97.910  50676.870    31.7301     6.4482     96.971    6.98666     6.4400    24.9157   12.54830 3.7976e-02 0.0000e+00
        867 101.649983    0.06014     3.6083    216.500     97.948  50677.169    31.7303     6.4482     97.009    6.98666     6.4401    24.9158   12.54830 3.7976e-02 0.0000e+00
        868 101.649986    0.06021     3.6125    216.750     97.999  50677.509    31.7305     6.4482     97.060    6.98665     6.4402    24.9160   12.54828 3.7976e-02 0.0000e+00
        869 101.649988    0.06028     3.6167    217.000     98.075  50677.756    31.7307     6.4482     97.135    6.98663     6.4403    24.9161   12.54825 3.7976e-02 0.0000e+00
        870 101.649991    0.06035     3.6208    217.250     98.182  50677.833    31.7307     6.4484     97.242    6.98660     6.4405    24.9161   12.54820 3.7976e-02 0.0000e+00
        871 101.649994    0.06042     3.6250    217.500     98.323  50677.822    31.7307     6.4486     97.381    6.98658     6.4406    24.9161   12.54816 3.7976e-02 0.0000e+00
        872 101.649997    0.06049     3.6292    217.750     98.498  50677.846    31.7306     6.4487     97.554    6.98655     6.4407    24.9161   12.54811 3.7976e-02 0.0000e+00
        873 101.650000    0.06056     3.6333    218.000     98.703  50677.900    31.7306     6.4489     97.757    6.98653     6.4408    24.9160   12.54807 3.7976e-02 0.0000e+00
        874 101.650003    0.06062     3.6375    218.250     98.936  50677.934    31.7306     6.4490     97.987    6.98651     6.4409    24.9160   12.54805 3.7976e-02 0.0000e+00
        875 101.650006    0.06069     3.6417    218.500     99.195  50678.035    31.7305     6.4491     98.243    6.98650     6.4409    24.9159   12.54803 3.7976e-02 0.0000e+00
        876 101.650009    0.06076     3.6458    218.750     99.476  50678.334    31.7306     6.4492     98.522    6.98648     6.4409    24.9160   12.54800 3.7976e-02 0.0000e+00
        877 101.650012    0.06083     3.6500    219.000     99.778  50678.763    31.7308     6.4492     98.821    6.98646     6.4410    24.9161   12.54797 3.7976e-02 0.0000e+00
        878 101.650014    0.06090     3.6542    219.250    100.096  50679.256    31.7310     6.4493     99.137    6.98645     6.4410    24.9163   12.54794 3.7976e-02 0.0000e+00
        879 101.650017    0.06097     3.6583    219.500    100.428  50679.823    31.7312     6.4493     99.465    6.98643     6.4411    24.9165   12.54790 3.7976e-02 0.0000e+00
        880 101.650020    0.06104     3.6625    219.750    100.767  50680.381    31.7314     6.4494     99.800    6.98641     6.4412    24.9166   12.54786 3.7976e-02 0.0000e+00
        881 101.650023    0.06111     3.6667    220.000    101.106  50680.931    31.7317     6.4495    100.137    6.98638     6.4413    24.9168   12.54781 3.7976e-02 0.0000e+00
        882 101.650026    0.06118     3.6708    220.250    101.438  50681.464    31.7319     6.4496    100.465    6.98634     6.4415    24.9170   12.54775 3.7976e-02 0.0000e+00
        883 101.650029    0.06125     3.6750    220.500    101.753  50681.871    31.7321     6.4498    100.776    6.98631     6.4417    24.9171   12.54769 3.7976e-02 0.0000e+00
        884 101.650032    0.06132     3.6792    220.750    102.043  50682.208    31.7322     6.4500    101.064    6.98627     6.4418    24.9172   12.54762 3.7976e-02 0.0000e+00
        885 101.650035    0.06139     3.6833    221.000    102.307  50682.632    31.7324     6.4502    101.325    6.98623     6.4420    24.9173   12.54755 3.7976e-02 0.0000e+00
        886 101.650038    0.06146     3.6875    221.250    102.545  50683.120    31.7327     6.4504    101.561    6.98618     6.4422    24.9175   12.54748 3.7976e-02 0.0000e+00
        887 101.650041    0.06153     3.6917    221.500    102.761  50683.617    31.7330     6.4506    101.775    6.98614     6.4425    24.9177   12.54740 3.7976e-02 0.0000e+00
        888 101.650043    0.06160     3.6958    221.750    102.958  50684.285    31.7334     6.4509    101.970    6.98609     6.4428    24.9180   12.54731 3.7976e-02 0.0000e+00
        889 101.650046    0.06167     3.7000    222.000    103.141  50685.359    31.7341     6.4511    102.151    6.98601     6.4431    24.9186   12.54718 3.7976e-02 0.0000e+00
        890 101.650049    0.06174     3.7042    222.250    103.309  50686.802    31.7351     6.4514    102.317    6.98592     6.4436    24.9193   12.54701 3.7976e-02 0.0000e+00
        891 101.650052    0.06181     3.7083    222.500    103.461  50688.147    31.7360     6.4518    102.468    6.98581     6.4440    24.9200   12.54682 3.7976e-02 0.0000e+00
        892 101.650055    0.06187     3.7125    222.750    103.598  50689.033    31.7366     6.4522    102.604    6.98570     6.4443    24.9204   12.54664 3.7976e-02 0.0000e+00
        893 101.650058    0.06194     3.7167    223.000    103.721  50689.573    31.7370     6.4527    102.725    6.98561     6.4446    24.9207   12.54649 3.7976e-02 0.0000e+00
        894 101.650061    0.06201     3.7208    223.250    103.832  50689.998    31.7373     6.4530    102.835    6.98554     6.4448    24.9209   12.54636 3.7976e-02 0.0000e+00
        895 101.650064    0.06208     3.7250    223.500    103.937  50690.461    31.7377     6.4533    102.940    6.98548     6.4450    24.9211   12.54626 3.7976e-02 0.0000e+00
        896 101.650067    0.06215     3.7292    223.750    104.044  50691.020    31.7381     6.4535    103.046    6.98543     6.4452    24.9214   12.54617 3.7976e-02 0.0000e+00
        897 101.650069    0.06222     3.7333    224.000    104.161  50691.676    31.7385     6.4537    103.162    6.98538     6.4454    24.9217   12.54608 3.7976e-02 0.0000e+00
        898 101.650072    0.06229     3.7375    224.250    104.298  50692.509    31.7390     6.4539    103.297    6.98532     6.4458    24.9221   12.54598 3.7976e-02 0.0000e+00
        899 101.650075    0.06236     3.7417    224.500    104.463  50693.692    31.7398     6.4541    103.460    6.98524     6.4463    24.9227   12.54584 3.7976e-02 0.0000e+00
        900 101.650078    0.06243     3.7458    224.750    104.663  50695.442    31.7410     6.4545    103.658    6.98513     6.4471    24.9236   12.54564 3.7976e-02 0.0000e+00
        901 101.650081    0.06250     3.7500    225.000    104.902  50697.788    31.7427     6.4551    103.895    6.98497     6.4480    24.9248   12.54534 3.7976e-02 0.0000e+00
        902 101.650084    0.06257     3.7542    225.250    105.180  50700.313    31.7444     6.4559    104.169    6.98476     6.4490    24.9261   12.54498 3.7976e-02 0.0000e+00
        903 101.650087    0.06264     3.7583    225.500    105.491  50702.508    31.7460     6.4568    104.478    6.98453     6.4500    24.9272   12.54458 3.7976e-02 0.0000e+00
