CTD-processing/allCTD/CNV--turbid/2016_02-09_t4_s06_cast082.cnv
* Sea-Bird SBE19plus Data File:
* FileName = C:\Users\Kris.Holderied\Documents\kasitsna\Research-KBL\Oceanography-AK\CTD-Data-ALL-to-2016-02\2016-CTD-KachemakBay-CookInlet\2016-02-CookInlet-quarterly\2016-02-09-CookInlet-Tran4-Barabara\2016-02-09-CookInlet-Tran4-cast082.hex
* Software Version 1.59
* Temperature SN =  5028
* Conductivity SN =  5028
* System UpLoad Time = Feb 09 2016 13:01:58
** Cook Inlet LTM Tran4 Barabara south to north

** Date: 02-09
** Station: 4-06
** Start time (AKST): 11:47
** Depth (m): 61
** Comment:  R/V Pandalus
** Comment:
# nquan = 16
# nvalues = 464                         
# units = specified
# name 0 = scan: Scan Count
# name 1 = timeJ: Julian Days
# name 2 = timeH: Time, Elapsed [hours]
# name 3 = timeM: Time, Elapsed [minutes]
# name 4 = timeS: Time, Elapsed [seconds]
# name 5 = prdM: Pressure, Strain Gauge [db]
# name 6 = specc: Specific Conductance [uS/cm]
# name 7 = sal00: Salinity, Practical [PSU]
# name 8 = tv290C: Temperature [ITS-90, deg C]
# name 9 = depSM: Depth [salt water, m], lat = 59.00
# name 10 = oxsolML/L: Oxygen Saturation, Garcia & Gordon [ml/l]
# name 11 = potemp090C: Potential Temperature [ITS-90, deg C]
# name 12 = sigma-é00: Density [sigma-theta, kg/m^3]
# name 13 = n2satML/L: Nitrogen Saturation [ml/l]
# name 14 = par: PAR/Irradiance, Biospherical/Licor
# name 15 = flag:  0.000e+00
# span 0 =          1,        464       
# span 1 =  40.491192,  40.492532       
# span 2 =    0.00000,    0.03215       
# span 3 =     0.0000,     1.9292       
# span 4 =      0.000,    115.750       
# span 5 =     -0.015,     61.732       
# span 6 =    519.456,  50182.533       
# span 7 =     0.2472,    31.3676       
# span 8 =     5.7429,     6.2512       
# span 9 =     -0.015,     61.146       
# span 10 =    7.03574,    8.75305      
# span 11 =     5.7439,     6.2461      
# span 12 =     0.1483,    24.6560      
# span 13 =   12.63399,   15.94368      
# span 14 = 3.9816e-02, 8.0015e+02      
# span 15 = 0.0000e+00, 0.0000e+00      
# interval = seconds: 0.25
# start_time = Feb 09 2016 11:47:19 [Instrument's time stamp, header]
# bad_flag = -9.990e-29
*END*
[from data line 91]
         92  40.491455    0.00632     0.3792     22.750      0.931  49969.585    31.1770     5.8749      0.922    7.10719     5.8695    24.5478   12.75448 5.1809e+01 0.0000e+00
         93  40.491458    0.00639     0.3833     23.000      0.955  49972.783    31.1787     5.8722      0.946    7.10756     5.8674    24.5494   12.75507 5.1746e+01 0.0000e+00
         94  40.491461    0.00646     0.3875     23.250      0.969  49977.093    31.1812     5.8696      0.960    7.10788     5.8662    24.5517   12.75558 5.1806e+01 0.0000e+00
         95  40.491464    0.00653     0.3917     23.500      0.976  49981.346    31.1837     5.8675      0.967    7.10811     5.8662    24.5539   12.75592 5.1801e+01 0.0000e+00
         96  40.491467    0.00660     0.3958     23.750      0.978  49984.247    31.1855     5.8663      0.969    7.10822     5.8671    24.5554   12.75609 5.1914e+01 0.0000e+00
         97  40.491470    0.00667     0.4000     24.000      0.979  49985.044    31.1860     5.8663      0.970    7.10821     5.8687    24.5559   12.75606 5.2648e+01 0.0000e+00
         98  40.491473    0.00674     0.4042     24.250      0.979  49983.591    31.1852     5.8672      0.970    7.10809     5.8704    24.5551   12.75587 5.3691e+01 0.0000e+00
         99  40.491476    0.00681     0.4083     24.500      0.979  49980.045    31.1830     5.8688      0.970    7.10793     5.8718    24.5532   12.75563 5.3942e+01 0.0000e+00
        100  40.491479    0.00688     0.4125     24.750      0.975  49975.310    31.1801     5.8705      0.966    7.10779     5.8729    24.5507   12.75544 5.3350e+01 0.0000e+00
        101  40.491481    0.00694     0.4167     25.000      0.967  49970.914    31.1773     5.8719      0.958    7.10769     5.8736    24.5484   12.75530 5.3042e+01 0.0000e+00
        102  40.491484    0.00701     0.4208     25.250      0.954  49967.905    31.1755     5.8729      0.945    7.10759     5.8740    24.5468   12.75517 5.3503e+01 0.0000e+00
        103  40.491487    0.00708     0.4250     25.500      0.935  49966.622    31.1747     5.8737      0.926    7.10750     5.8743    24.5461   12.75503 5.4010e+01 0.0000e+00
        104  40.491490    0.00715     0.4292     25.750      0.914  49967.234    31.1752     5.8741      0.905    7.10741     5.8749    24.5464   12.75486 5.3939e+01 0.0000e+00
        105  40.491493    0.00722     0.4333     26.000      0.892  49969.479    31.1769     5.8744      0.883    7.10728     5.8757    24.5477   12.75462 5.3712e+01 0.0000e+00
        106  40.491496    0.00729     0.4375     26.250      0.871  49972.334    31.1789     5.8750      0.862    7.10709     5.8768    24.5493   12.75429 5.3969e+01 0.0000e+00
        107  40.491499    0.00736     0.4417     26.500      0.853  49974.615    31.1807     5.8758      0.845    7.10686     5.8779    24.5505   12.75390 5.4526e+01 0.0000e+00
        108  40.491502    0.00743     0.4458     26.750      0.841  49975.688    31.1816     5.8769      0.833    7.10664     5.8789    24.5512   12.75352 5.4720e+01 0.0000e+00
        109  40.491505    0.00750     0.4500     27.000      0.834  49975.586    31.1818     5.8780      0.826    7.10645     5.8798    24.5512   12.75319 5.4302e+01 0.0000e+00
        110  40.491508    0.00757     0.4542     27.250      0.834  49974.726    31.1814     5.8790      0.826    7.10629     5.8806    24.5507   12.75294 5.3555e+01 0.0000e+00
        111  40.491510    0.00764     0.4583     27.500      0.841  49973.553    31.1808     5.8799      0.833    7.10617     5.8812    24.5501   12.75275 5.2948e+01 0.0000e+00
        112  40.491513    0.00771     0.4625     27.750      0.854  49972.265    31.1800     5.8807      0.846    7.10608     5.8817    24.5494   12.75261 5.2754e+01 0.0000e+00
        113  40.491516    0.00778     0.4667     28.000      0.872  49970.530    31.1790     5.8813      0.864    7.10602     5.8819    24.5485   12.75254 5.2677e+01 0.0000e+00
        114  40.491519    0.00785     0.4708     28.250      0.894  49967.831    31.1772     5.8818      0.886    7.10603     5.8820    24.5471   12.75257 5.2260e+01 0.0000e+00
        115  40.491522    0.00792     0.4750     28.500      0.916  49964.570    31.1750     5.8820      0.908    7.10610     5.8818    24.5453   12.75271 5.1934e+01 0.0000e+00
        116  40.491525    0.00799     0.4792     28.750      0.936  49962.128    31.1733     5.8820      0.927    7.10617     5.8814    24.5440   12.75285 5.2183e+01 0.0000e+00
        117  40.491528    0.00806     0.4833     29.000      0.950  49961.456    31.1728     5.8818      0.942    7.10623     5.8810    24.5436   12.75295 5.2342e+01 0.0000e+00
        118  40.491531    0.00813     0.4875     29.250      0.960  49962.619    31.1735     5.8815      0.951    7.10625     5.8808    24.5442   12.75299 5.1941e+01 0.0000e+00
        119  40.491534    0.00819     0.4917     29.500      0.966  49965.016    31.1751     5.8810      0.957    7.10625     5.8808    24.5455   12.75296 5.1554e+01 0.0000e+00
        120  40.491536    0.00826     0.4958     29.750      0.969  49967.345    31.1766     5.8808      0.960    7.10621     5.8809    24.5467   12.75288 5.1602e+01 0.0000e+00
        121  40.491539    0.00833     0.5000     30.000      0.971  49968.366    31.1773     5.8808      0.962    7.10618     5.8810    24.5473   12.75282 5.1631e+01 0.0000e+00
        122  40.491542    0.00840     0.5042     30.250      0.972  49967.563    31.1768     5.8809      0.963    7.10619     5.8811    24.5469   12.75284 5.1384e+01 0.0000e+00
        123  40.491545    0.00847     0.5083     30.500      0.971  49965.244    31.1752     5.8811      0.962    7.10624     5.8812    24.5456   12.75294 5.1336e+01 0.0000e+00
        124  40.491548    0.00854     0.5125     30.750      0.965  49962.440    31.1733     5.8812      0.956    7.10631     5.8814    24.5441   12.75309 5.1811e+01 0.0000e+00
        125  40.491551    0.00861     0.5167     31.000      0.953  49960.146    31.1717     5.8813      0.945    7.10637     5.8815    24.5429   12.75319 5.2700e+01 0.0000e+00
        126  40.491554    0.00868     0.5208     31.250      0.934  49958.822    31.1709     5.8815      0.925    7.10638     5.8817    24.5422   12.75323 5.3887e+01 0.0000e+00
        127  40.491557    0.00875     0.5250     31.500      0.905  49958.710    31.1708     5.8816      0.897    7.10635     5.8817    24.5421   12.75318 5.4977e+01 0.0000e+00
        128  40.491560    0.00882     0.5292     31.750      0.870  49960.166    31.1719     5.8817      0.861    7.10628     5.8818    24.5429   12.75306 5.5314e+01 0.0000e+00
        129  40.491563    0.00889     0.5333     32.000      0.831  49963.507    31.1742     5.8818      0.823    7.10616     5.8818    24.5447   12.75283 5.5097e+01 0.0000e+00
        130  40.491565    0.00896     0.5375     32.250      0.795  49968.081    31.1774     5.8819      0.787    7.10600     5.8819    24.5472   12.75253 5.4878e+01 0.0000e+00
        131  40.491568    0.00903     0.5417     32.500      0.771  49972.231    31.1803     5.8819      0.763    7.10585     5.8819    24.5495   12.75225 5.4485e+01 0.0000e+00
        132  40.491571    0.00910     0.5458     32.750      0.765  49974.869    31.1821     5.8820      0.757    7.10576     5.8819    24.5509   12.75206 5.3373e+01 0.0000e+00
        133  40.491574    0.00917     0.5500     33.000      0.779  49976.082    31.1830     5.8820      0.772    7.10571     5.8818    24.5516   12.75198 5.1701e+01 0.0000e+00
        134  40.491577    0.00924     0.5542     33.250      0.815  49976.371    31.1831     5.8820      0.806    7.10571     5.8815    24.5517   12.75197 5.0493e+01 0.0000e+00
        135  40.491580    0.00931     0.5583     33.500      0.866  49976.074    31.1829     5.8819      0.857    7.10574     5.8810    24.5515   12.75203 4.9925e+01 0.0000e+00
        136  40.491583    0.00937     0.5625     33.750      0.926  49974.956    31.1820     5.8816      0.917    7.10583     5.8800    24.5509   12.75217 4.9628e+01 0.0000e+00
        137  40.491586    0.00944     0.5667     34.000      0.984  49972.784    31.1804     5.8811      0.975    7.10599     5.8783    24.5497   12.75247 4.9474e+01 0.0000e+00
        138  40.491589    0.00951     0.5708     34.250      1.030  49970.664    31.1787     5.8801      1.020    7.10623     5.8758    24.5485   12.75289 4.9075e+01 0.0000e+00
        139  40.491591    0.00958     0.5750     34.500      1.054  49970.498    31.1783     5.8784      1.045    7.10654     5.8730    24.5483   12.75341 4.8493e+01 0.0000e+00
        140  40.491594    0.00965     0.5792     34.750      1.055  49973.094    31.1796     5.8759      1.045    7.10690     5.8704    24.5496   12.75397 4.8426e+01 0.0000e+00
        141  40.491597    0.00972     0.5833     35.000      1.032  49977.612    31.1822     5.8731      1.022    7.10725     5.8685    24.5520   12.75452 4.9393e+01 0.0000e+00
        142  40.491600    0.00979     0.5875     35.250      0.991  49982.656    31.1852     5.8705      0.981    7.10754     5.8675    24.5547   12.75497 5.1167e+01 0.0000e+00
        143  40.491603    0.00986     0.5917     35.500      0.938  49987.069    31.1879     5.8686      0.929    7.10773     5.8674    24.5570   12.75525 5.2949e+01 0.0000e+00
        144  40.491606    0.00993     0.5958     35.750      0.882  49990.017    31.1897     5.8676      0.874    7.10781     5.8683    24.5586   12.75536 5.4151e+01 0.0000e+00
        145  40.491609    0.01000     0.6000     36.000      0.832  49991.202    31.1906     5.8675      0.825    7.10778     5.8698    24.5593   12.75530 5.5006e+01 0.0000e+00
        146  40.491612    0.01007     0.6042     36.250      0.798  49990.996    31.1906     5.8684      0.790    7.10764     5.8716    24.5592   12.75506 5.5519e+01 0.0000e+00
        147  40.491615    0.01014     0.6083     36.500      0.784  49990.117    31.1903     5.8699      0.776    7.10740     5.8732    24.5588   12.75467 5.5254e+01 0.0000e+00
        148  40.491617    0.01021     0.6125     36.750      0.791  49988.773    31.1897     5.8716      0.784    7.10714     5.8745    24.5581   12.75424 5.4436e+01 0.0000e+00
        149  40.491620    0.01028     0.6167     37.000      0.815  49986.448    31.1884     5.8733      0.808    7.10692     5.8751    24.5569   12.75390 5.3518e+01 0.0000e+00
        150  40.491623    0.01035     0.6208     37.250      0.848  49982.967    31.1862     5.8745      0.840    7.10682     5.8750    24.5550   12.75375 5.2648e+01 0.0000e+00
        151  40.491626    0.01042     0.6250     37.500      0.881  49979.442    31.1839     5.8752      0.873    7.10682     5.8740    24.5531   12.75378 5.1493e+01 0.0000e+00
        152  40.491629    0.01049     0.6292     37.750      0.908  49977.574    31.1826     5.8751      0.900    7.10690     5.8724    24.5521   12.75393 5.0015e+01 0.0000e+00
        153  40.491632    0.01056     0.6333     38.000      0.927  49978.078    31.1827     5.8741      0.918    7.10706     5.8708    24.5523   12.75419 4.9165e+01 0.0000e+00
        154  40.491635    0.01063     0.6375     38.250      0.936  49980.374    31.1840     5.8725      0.927    7.10726     5.8696    24.5535   12.75451 4.9622e+01 0.0000e+00
        155  40.491638    0.01069     0.6417     38.500      0.936  49983.352    31.1857     5.8709      0.927    7.10745     5.8689    24.5551   12.75481 5.0632e+01 0.0000e+00
        156  40.491641    0.01076     0.6458     38.750      0.929  49986.002    31.1873     5.8696      0.920    7.10758     5.8687    24.5565   12.75501 5.0842e+01 0.0000e+00
        157  40.491644    0.01083     0.6500     39.000      0.918  49987.672    31.1884     5.8689      0.909    7.10765     5.8691    24.5574   12.75511 5.0149e+01 0.0000e+00
        158  40.491646    0.01090     0.6542     39.250      0.906  49988.100    31.1886     5.8688      0.898    7.10766     5.8697    24.5576   12.75512 4.9696e+01 0.0000e+00
        159  40.491649    0.01097     0.6583     39.500      0.898  49987.260    31.1881     5.8691      0.890    7.10763     5.8705    24.5571   12.75507 5.0196e+01 0.0000e+00
        160  40.491652    0.01104     0.6625     39.750      0.897  49985.237    31.1868     5.8698      0.889    7.10758     5.8710    24.5561   12.75500 5.0962e+01 0.0000e+00
        161  40.491655    0.01111     0.6667     40.000      0.903  49982.505    31.1851     5.8705      0.894    7.10754     5.8711    24.5546   12.75496 5.1045e+01 0.0000e+00
        162  40.491658    0.01118     0.6708     40.250      0.913  49980.023    31.1835     5.8711      0.905    7.10753     5.8709    24.5533   12.75496 5.0656e+01 0.0000e+00
        163  40.491661    0.01125     0.6750     40.500      0.927  49978.500    31.1824     5.8712      0.918    7.10755     5.8703    24.5525   12.75501 5.0447e+01 0.0000e+00
        164  40.491664    0.01132     0.6792     40.750      0.939  49978.007    31.1820     5.8710      0.931    7.10761     5.8695    24.5522   12.75512 5.0618e+01 0.0000e+00
        165  40.491667    0.01139     0.6833     41.000      0.948  49978.331    31.1821     5.8704      0.939    7.10770     5.8686    24.5524   12.75527 5.0914e+01 0.0000e+00
        166  40.491670    0.01146     0.6875     41.250      0.949  49979.269    31.1826     5.8696      0.940    7.10781     5.8677    24.5529   12.75544 5.0946e+01 0.0000e+00
        167  40.491672    0.01153     0.6917     41.500      0.940  49980.679    31.1834     5.8687      0.932    7.10792     5.8669    24.5536   12.75562 5.0913e+01 0.0000e+00
        168  40.491675    0.01160     0.6958     41.750      0.921  49982.383    31.1844     5.8678      0.913    7.10803     5.8663    24.5545   12.75579 5.1464e+01 0.0000e+00
        169  40.491678    0.01167     0.7000     42.000      0.894  49984.185    31.1855     5.8669      0.886    7.10812     5.8662    24.5554   12.75592 5.2358e+01 0.0000e+00
        170  40.491681    0.01174     0.7042     42.250      0.863  49985.972    31.1867     5.8664      0.855    7.10816     5.8666    24.5564   12.75597 5.2674e+01 0.0000e+00
        171  40.491684    0.01181     0.7083     42.500      0.835  49987.514    31.1877     5.8663      0.827    7.10813     5.8676    24.5572   12.75591 5.2319e+01 0.0000e+00
        172  40.491687    0.01188     0.7125     42.750      0.815  49988.293    31.1883     5.8667      0.807    7.10803     5.8691    24.5577   12.75574 5.1903e+01 0.0000e+00
        173  40.491690    0.01194     0.7167     43.000      0.809  49987.826    31.1882     5.8677      0.801    7.10786     5.8705    24.5574   12.75546 5.1662e+01 0.0000e+00
        174  40.491693    0.01201     0.7208     43.250      0.819  49986.043    31.1873     5.8692      0.811    7.10766     5.8717    24.5565   12.75514 5.1261e+01 0.0000e+00
        175  40.491696    0.01208     0.7250     43.500      0.841  49983.250    31.1856     5.8706      0.833    7.10749     5.8723    24.5551   12.75488 5.0316e+01 0.0000e+00
        176  40.491698    0.01215     0.7292     43.750      0.872  49980.169    31.1837     5.8718      0.864    7.10740     5.8722    24.5534   12.75474 4.8919e+01 0.0000e+00
        177  40.491701    0.01222     0.7333     44.000      0.905  49977.837    31.1822     5.8723      0.897    7.10737     5.8714    24.5521   12.75472 4.7856e+01 0.0000e+00
        178  40.491704    0.01229     0.7375     44.250      0.935  49976.989    31.1816     5.8723      0.926    7.10741     5.8701    24.5516   12.75479 4.7779e+01 0.0000e+00
        179  40.491707    0.01236     0.7417     44.500      0.955  49977.850    31.1820     5.8715      0.945    7.10752     5.8684    24.5521   12.75497 4.8218e+01 0.0000e+00
        180  40.491710    0.01243     0.7458     44.750      0.962  49980.113    31.1833     5.8701      0.953    7.10769     5.8669    24.5533   12.75523 4.8357e+01 0.0000e+00
