CTD-processing/allCTD/CNV--turbid/2016_04-11_t3_s13_cast207.cnv
* Sea-Bird SBE19plus Data File:
* FileName = C:\Users\Kris.Holderied\Documents\kasitsna\Research-KBL\Oceanography-AK\CTD-Data-ALL-to-2016-02\2016-CTD-KachemakBay-CookInlet\2016-04-CookInlet-quarterly\2016-04-11-CookInlet-Tran3-AnchorPt\2016-04-11-CookInlet-Tran3-cast207.hex
* Software Version 1.59
* Temperature SN =  5028
* Conductivity SN =  5028
* System UpLoad Time = Apr 11 2016 11:23:09
** Cook Inlet LTM Tran3 Anchor Pt west to east
** Date (YYYY-MM-DD): 2016-04-11
** Station (ie. 9-01): 3-13
** Start time (AKST): 10:26
** Depth (m): 29
** Comment:  R/V Pandalus.
** Comment:
# nquan = 16
# nvalues = 438                         
# units = specified
# name 0 = scan: Scan Count
# name 1 = timeJ: Julian Days
# name 2 = timeH: Time, Elapsed [hours]
# name 3 = timeM: Time, Elapsed [minutes]
# name 4 = timeS: Time, Elapsed [seconds]
# name 5 = prdM: Pressure, Strain Gauge [db]
# name 6 = specc: Specific Conductance [uS/cm]
# name 7 = sal00: Salinity, Practical [PSU]
# name 8 = tv290C: Temperature [ITS-90, deg C]
# name 9 = depSM: Depth [salt water, m], lat = 59.00
# name 10 = oxsolML/L: Oxygen Saturation, Garcia & Gordon [ml/l]
# name 11 = potemp090C: Potential Temperature [ITS-90, deg C]
# name 12 = sigma-é00: Density [sigma-theta, kg/m^3]
# name 13 = n2satML/L: Nitrogen Saturation [ml/l]
# name 14 = par: PAR/Irradiance, Biospherical/Licor
# name 15 = flag:  0.000e+00
# span 0 =          1,        438       
# span 1 = 102.434410, 102.435674       
# span 2 =    0.00000,    0.03035       
# span 3 =     0.0000,     1.8208       
# span 4 =      0.000,    109.250       
# span 5 =     -0.178,     30.349       
# span 6 =   2161.255,  50096.870       
# span 7 =     1.0725,    31.3107       
# span 8 =     5.4313,     6.1834       
# span 9 =     -0.176,     30.063       
# span 10 =    7.04959,    8.77250      
# span 11 =     5.4313,     6.1810      
# span 12 =     0.8155,    24.6169      
# span 13 =   12.65761,   15.96300      
# span 14 = 9.0147e-02, 1.4142e+02      
# span 15 = 0.0000e+00, 0.0000e+00      
# interval = seconds: 0.25
# start_time = Apr 11 2016 10:25:33 [Instrument's time stamp, header]
# bad_flag = -9.990e-29
*END*
          1 102.434410    0.00000     0.0000      0.000     -0.166   2161.255     1.0725     5.4414     -0.164    8.77250     5.4412     0.8155   15.96300 9.9738e+01 0.0000e+00
          2 102.434413    0.00007     0.0042      0.250     -0.167   2300.043     1.1452     5.4414     -0.165    8.76828     5.4410     0.8735   15.95474 1.0550e+02 0.0000e+00
          3 102.434416    0.00014     0.0083      0.500     -0.169   2487.281     1.2435     5.4412     -0.167    8.76260     5.4404     0.9518   15.94360 1.1194e+02 0.0000e+00
          4 102.434418    0.00021     0.0125      0.750     -0.171   2693.593     1.3522     5.4410     -0.169    8.75634     5.4395     1.0384   15.93134 1.1747e+02 0.0000e+00
          5 102.434421    0.00028     0.0167      1.000     -0.174   2897.497     1.4599     5.4404     -0.172    8.75020     5.4383     1.1242   15.91930 1.2081e+02 0.0000e+00
          6 102.434424    0.00035     0.0208      1.250     -0.176   3085.852     1.5599     5.4395     -0.174    8.74461     5.4368     1.2038   15.90829 1.2258e+02 0.0000e+00
          7 102.434427    0.00042     0.0250      1.500     -0.177   3256.115     1.6506     5.4382     -0.175    8.73962     5.4353     1.2761   15.89845 1.2440e+02 0.0000e+00
          8 102.434430    0.00049     0.0292      1.750     -0.178   3401.211     1.7281     5.4368     -0.176    8.73545     5.4337     1.3378   15.89020 1.2718e+02 0.0000e+00
          9 102.434433    0.00056     0.0333      2.000     -0.178   3470.177     1.7649     5.4352     -0.176    8.73366     5.4325     1.3671   15.88661 1.3078e+02 0.0000e+00
         10 102.434436    0.00063     0.0375      2.250     -0.178   3439.879     1.7486     5.4337     -0.176    8.73495     5.4317     1.3542   15.88903 1.3363e+02 0.0000e+00
         11 102.434439    0.00069     0.0417      2.500     -0.178   3341.168     1.6958     5.4325     -0.176    8.73829     5.4313     1.3122   15.89549 1.3497e+02 0.0000e+00
         12 102.434442    0.00076     0.0458      2.750     -0.178   3194.729     1.6177     5.4317     -0.176    8.74300     5.4313     1.2501   15.90466 1.3580e+02 0.0000e+00
         13 102.434444    0.00083     0.0500      3.000     -0.178   3019.795     1.5248     5.4313     -0.176    8.74848     5.4316     1.1761   15.91537 1.3643e+02 0.0000e+00
         14 102.434447    0.00090     0.0542      3.250     -0.178   2854.179     1.4371     5.4313     -0.176    8.75358     5.4321     1.1063   15.92535 1.3671e+02 0.0000e+00
         15 102.434450    0.00097     0.0583      3.500     -0.178   2716.994     1.3649     5.4316     -0.176    8.75773     5.4328     1.0488   15.93348 1.3728e+02 0.0000e+00
         16 102.434453    0.00104     0.0625      3.750     -0.178   2589.992     1.2988     5.4321     -0.176    8.76149     5.4337     0.9960   15.94088 1.3864e+02 0.0000e+00
         17 102.434456    0.00111     0.0667      4.000     -0.178   2467.480     1.2357     5.4328     -0.176    8.76504     5.4347     0.9456   15.94788 1.4035e+02 0.0000e+00
         18 102.434459    0.00118     0.0708      4.250     -0.177   2372.232     1.1880     5.4337     -0.175    8.76769     5.4360     0.9075   15.95313 1.4135e+02 0.0000e+00
         19 102.434462    0.00125     0.0750      4.500     -0.177   2322.593     1.1659     5.4347     -0.175    8.76887     5.4376     0.8896   15.95552 1.4142e+02 0.0000e+00
         20 102.434465    0.00132     0.0792      4.750     -0.176   2326.700     1.1745     5.4360     -0.174    8.76830     5.4399     0.8961   15.95451 1.4116e+02 0.0000e+00
         21 102.434468    0.00139     0.0833      5.000     -0.175   2388.668     1.2177     5.4376     -0.173    8.76577     5.4435     0.9300   15.94969 1.4084e+02 0.0000e+00
         22 102.434470    0.00146     0.0875      5.250     -0.173   2526.615     1.3079     5.4399     -0.171    8.76056     5.4489     1.0009   15.93973 1.4040e+02 0.0000e+00
         23 102.434473    0.00153     0.0917      5.500     -0.170   2800.469     1.4812     5.4435     -0.168    8.75065     5.4574     1.1373   15.92066 1.3998e+02 0.0000e+00
         24 102.434476    0.00160     0.0958      5.750     -0.165   3312.682     1.7989     5.4489     -0.163    8.73254     5.4707     1.3878   15.88576 1.3979e+02 0.0000e+00
         25 102.434479    0.00167     0.1000      6.000     -0.157   4212.752     2.3525     5.4574     -0.155    8.70110     5.4922     1.8244   15.82509 1.3979e+02 0.0000e+00
         26 102.434482    0.00174     0.1042      6.250     -0.143   5747.292     3.2931     5.4707     -0.141    8.64781     5.5274     2.5664   15.72220 1.3954e+02 0.0000e+00
         27 102.434485    0.00181     0.1083      6.500     -0.120   8349.492     4.8836     5.4922     -0.118    8.55782     5.5851     3.8215   15.54837 1.3816e+02 0.0000e+00
         28 102.434488    0.00187     0.1125      6.750     -0.083  12751.712     7.5680     5.5274     -0.082    8.40605     5.6705     5.9400   15.25509 1.3512e+02 0.0000e+00
         29 102.434491    0.00194     0.1167      7.000     -0.028  19391.955    11.6473     5.5851     -0.027    8.17582     5.7733     9.1580   14.81063 1.3004e+02 0.0000e+00
         30 102.434494    0.00201     0.1208      7.250      0.042  27415.560    16.6669     5.6705      0.042    7.89378     5.8731    13.1138   14.26750 1.2176e+02 0.0000e+00
         31 102.434497    0.00208     0.1250      7.500      0.121  34976.135    21.4890     5.7733      0.120    7.62371     5.9565    16.9099   13.74915 1.0894e+02 0.0000e+00
         32 102.434499    0.00215     0.1292      7.750      0.207  40682.198    25.1760     5.8731      0.205    7.41622     6.0206    19.8095   13.35228 9.3438e+01 0.0000e+00
         33 102.434502    0.00222     0.1333      8.000      0.299  44396.355    27.5919     5.9566      0.296    7.27808     6.0668    21.7072   13.08896 8.0673e+01 0.0000e+00
         34 102.434505    0.00229     0.1375      8.250      0.391  46661.648    29.0695     6.0207      0.387    7.19155     6.0982    22.8663   12.92459 7.3189e+01 0.0000e+00
         35 102.434508    0.00236     0.1417      8.500      0.476  48006.905    29.9479     6.0669      0.472    7.13873     6.1178    23.5544   12.82457 6.9489e+01 0.0000e+00
         36 102.434511    0.00243     0.1458      8.750      0.547  48801.919    30.4672     6.0982      0.542    7.10680     6.1286    23.9607   12.76426 6.8043e+01 0.0000e+00
         37 102.434514    0.00250     0.1500      9.000      0.594  49271.508    30.7738     6.1179      0.588    7.08773     6.1335    24.2005   12.72830 6.7572e+01 0.0000e+00
         38 102.434517    0.00257     0.1542      9.250      0.610  49553.348    30.9576     6.1286      0.604    7.07647     6.1362    24.3444   12.70701 6.7047e+01 0.0000e+00
         39 102.434520    0.00264     0.1583      9.500      0.601  49727.757    31.0713     6.1336      0.595    7.06980     6.1390    24.4336   12.69434 6.6231e+01 0.0000e+00
         40 102.434523    0.00271     0.1625      9.750      0.576  49835.835    31.1419     6.1363      0.571    7.06574     6.1421    24.4890   12.68661 6.4719e+01 0.0000e+00
         41 102.434525    0.00278     0.1667     10.000      0.545  49898.292    31.1828     6.1391      0.540    7.06318     6.1451    24.5209   12.68179 6.2510e+01 0.0000e+00
         42 102.434528    0.00285     0.1708     10.250      0.512  49929.030    31.2030     6.1422      0.507    7.06160     6.1475    24.5365   12.67889 6.0743e+01 0.0000e+00
         43 102.434531    0.00292     0.1750     10.500      0.479  49938.383    31.2090     6.1452      0.474    7.06075     6.1491    24.5409   12.67738 5.9789e+01 0.0000e+00
         44 102.434534    0.00299     0.1792     10.750      0.446  49933.633    31.2056     6.1476      0.442    7.06048     6.1501    24.5379   12.67695 5.8975e+01 0.0000e+00
         45 102.434537    0.00306     0.1833     11.000      0.413  49923.427    31.1985     6.1491      0.409    7.06053     6.1508    24.5321   12.67711 5.8278e+01 0.0000e+00
         46 102.434540    0.00313     0.1875     11.250      0.378  49916.986    31.1940     6.1501      0.375    7.06056     6.1514    24.5284   12.67722 5.8557e+01 0.0000e+00
         47 102.434543    0.00319     0.1917     11.500      0.345  49916.615    31.1937     6.1508      0.342    7.06045     6.1520    24.5282   12.67702 5.9748e+01 0.0000e+00
         48 102.434546    0.00326     0.1958     11.750      0.318  49919.193    31.1956     6.1515      0.315    7.06025     6.1522    24.5295   12.67667 6.0849e+01 0.0000e+00
         49 102.434549    0.00333     0.2000     12.000      0.299  49922.778    31.1981     6.1520      0.296    7.06004     6.1518    24.5315   12.67629 6.1438e+01 0.0000e+00
         50 102.434552    0.00340     0.2042     12.250      0.291  49924.397    31.1993     6.1522      0.289    7.05995     6.1506    24.5324   12.67612 6.2008e+01 0.0000e+00
         51 102.434554    0.00347     0.2083     12.500      0.293  49919.352    31.1957     6.1519      0.290    7.06017     6.1484    24.5296   12.67654 6.3328e+01 0.0000e+00
         52 102.434557    0.00354     0.2125     12.750      0.296  49908.065    31.1876     6.1506      0.293    7.06075     6.1452    24.5234   12.67760 6.4599e+01 0.0000e+00
         53 102.434560    0.00361     0.2167     13.000      0.295  49898.052    31.1803     6.1484      0.293    7.06146     6.1413    24.5179   12.67887 6.5149e+01 0.0000e+00
         54 102.434563    0.00368     0.2208     13.250      0.290  49897.003    31.1790     6.1452      0.287    7.06205     6.1380    24.5172   12.67986 6.5354e+01 0.0000e+00
         55 102.434566    0.00375     0.2250     13.500      0.283  49905.734    31.1843     6.1413      0.280    7.06245     6.1364    24.5218   12.68045 6.5055e+01 0.0000e+00
         56 102.434569    0.00382     0.2292     13.750      0.276  49917.302    31.1916     6.1380      0.274    7.06265     6.1365    24.5281   12.68069 6.4408e+01 0.0000e+00
         57 102.434572    0.00389     0.2333     14.000      0.270  49922.014    31.1946     6.1364      0.268    7.06276     6.1374    24.5306   12.68085 6.3809e+01 0.0000e+00
         58 102.434575    0.00396     0.2375     14.250      0.264  49914.921    31.1897     6.1365      0.262    7.06298     6.1384    24.5268   12.68127 6.3529e+01 0.0000e+00
         59 102.434578    0.00403     0.2417     14.500      0.259  49903.281    31.1818     6.1374      0.257    7.06321     6.1392    24.5204   12.68174 6.3358e+01 0.0000e+00
         60 102.434580    0.00410     0.2458     14.750      0.258  49901.456    31.1808     6.1384      0.256    7.06309     6.1388    24.5195   12.68155 6.3000e+01 0.0000e+00
         61 102.434583    0.00417     0.2500     15.000      0.263  49908.979    31.1861     6.1392      0.261    7.06271     6.1360    24.5236   12.68086 6.2980e+01 0.0000e+00
         62 102.434586    0.00424     0.2542     15.250      0.272  49911.183    31.1876     6.1388      0.270    7.06270     6.1296    24.5248   12.68082 6.3402e+01 0.0000e+00
         63 102.434589    0.00431     0.2583     15.500      0.283  49905.857    31.1834     6.1361      0.281    7.06336     6.1187    24.5218   12.68197 6.3719e+01 0.0000e+00
         64 102.434592    0.00438     0.2625     15.750      0.297  49904.147    31.1809     6.1296      0.295    7.06455     6.1044    24.5207   12.68396 6.3821e+01 0.0000e+00
         65 102.434595    0.00444     0.2667     16.000      0.314  49912.195    31.1844     6.1187      0.311    7.06619     6.0892    24.5247   12.68663 6.3606e+01 0.0000e+00
         66 102.434598    0.00451     0.2708     16.250      0.332  49928.312    31.1928     6.1044      0.329    7.06817     6.0757    24.5331   12.68980 6.2643e+01 0.0000e+00
         67 102.434601    0.00458     0.2750     16.500      0.350  49948.349    31.2038     6.0892      0.346    7.07017     6.0657    24.5435   12.69297 6.1229e+01 0.0000e+00
         68 102.434604    0.00465     0.2792     16.750      0.365  49968.452    31.2151     6.0758      0.361    7.07188     6.0598    24.5541   12.69564 6.0271e+01 0.0000e+00
         69 102.434606    0.00472     0.2833     17.000      0.375  49985.829    31.2252     6.0658      0.371    7.07307     6.0583    24.5632   12.69749 5.9876e+01 0.0000e+00
         70 102.434609    0.00479     0.2875     17.250      0.378  49999.107    31.2333     6.0599      0.375    7.07366     6.0612    24.5703   12.69837 5.9546e+01 0.0000e+00
         71 102.434612    0.00486     0.2917     17.500      0.376  50007.803    31.2390     6.0583      0.373    7.07366     6.0686    24.5750   12.69829 5.9090e+01 0.0000e+00
         72 102.434615    0.00493     0.2958     17.750      0.373  50011.506    31.2421     6.0613      0.370    7.07302     6.0791    24.5771   12.69720 5.8653e+01 0.0000e+00
         73 102.434618    0.00500     0.3000     18.000      0.372  50009.800    31.2424     6.0686      0.368    7.07178     6.0903    24.5764   12.69515 5.8517e+01 0.0000e+00
         74 102.434621    0.00507     0.3042     18.250      0.374  50000.975    31.2383     6.0791      0.371    7.07024     6.1005    24.5719   12.69265 5.9077e+01 0.0000e+00
         75 102.434624    0.00514     0.3083     18.500      0.380  49983.366    31.2282     6.0903      0.377    7.06884     6.1090    24.5626   12.69046 5.9989e+01 0.0000e+00
         76 102.434627    0.00521     0.3125     18.750      0.387  49960.729    31.2145     6.1005      0.384    7.06779     6.1163    24.5506   12.68890 6.0063e+01 0.0000e+00
         77 102.434630    0.00528     0.3167     19.000      0.397  49941.820    31.2030     6.1091      0.394    7.06691     6.1225    24.5406   12.68759 5.9140e+01 0.0000e+00
         78 102.434633    0.00535     0.3208     19.250      0.412  49929.455    31.1959     6.1163      0.408    7.06604     6.1278    24.5340   12.68625 5.8389e+01 0.0000e+00
         79 102.434635    0.00542     0.3250     19.500      0.428  49918.350    31.1894     6.1226      0.424    7.06531     6.1322    24.5282   12.68512 5.8040e+01 0.0000e+00
         80 102.434638    0.00549     0.3292     19.750      0.442  49907.823    31.1831     6.1278      0.438    7.06473     6.1359    24.5226   12.68423 5.7364e+01 0.0000e+00
         81 102.434641    0.00556     0.3333     20.000      0.453  49904.472    31.1816     6.1322      0.448    7.06408     6.1395    24.5209   12.68318 5.6659e+01 0.0000e+00
         82 102.434644    0.00562     0.3375     20.250      0.462  49911.912    31.1874     6.1360      0.458    7.06318     6.1430    24.5250   12.68162 5.6312e+01 0.0000e+00
         83 102.434647    0.00569     0.3417     20.500      0.473  49924.719    31.1970     6.1395      0.469    7.06214     6.1461    24.5321   12.67979 5.6240e+01 0.0000e+00
         84 102.434650    0.00576     0.3458     20.750      0.488  49933.272    31.2035     6.1430      0.483    7.06126     6.1486    24.5369   12.67824 5.6532e+01 0.0000e+00
         85 102.434653    0.00583     0.3500     21.000      0.505  49931.790    31.2031     6.1462      0.500    7.06076     6.1504    24.5362   12.67742 5.6799e+01 0.0000e+00
         86 102.434656    0.00590     0.3542     21.250      0.523  49921.682    31.1966     6.1487      0.518    7.06065     6.1518    24.5307   12.67733 5.6430e+01 0.0000e+00
         87 102.434659    0.00597     0.3583     21.500      0.542  49911.760    31.1901     6.1505      0.537    7.06066     6.1530    24.5253   12.67742 5.5871e+01 0.0000e+00
         88 102.434661    0.00604     0.3625     21.750      0.562  49910.196    31.1892     6.1519      0.557    7.06047     6.1540    24.5245   12.67712 5.5946e+01 0.0000e+00
         89 102.434664    0.00611     0.3667     22.000      0.584  49914.379    31.1923     6.1531      0.579    7.06012     6.1547    24.5268   12.67651 5.6509e+01 0.0000e+00
         90 102.434667    0.00618     0.3708     22.250      0.606  49915.900    31.1936     6.1541      0.600    7.05990     6.1552    24.5276   12.67612 5.7286e+01 0.0000e+00
