CTD-processing/allCTD/CNV--turbid/2016_08-31_t6_s26_cast091.cnv
* Sea-Bird SBE19plus Data File:
* FileName = C:\Users\Kim.Powell\Desktop\2016_08-31_T6_5028\2016_08-31_T6_5028_cast091.hex
* Software Version 1.59
* Temperature SN =  5028
* Conductivity SN =  5028
* System UpLoad Time = Aug 31 2016 21:46:09
** CookInlet LTM Transect 7
** 2016_08-30
** Station: 6-26
** Start Time: 08:14
** Depth (m): 165.5
** Comment:
** Comment:
# nquan = 16
# nvalues = 1009                        
# units = specified
# name 0 = scan: Scan Count
# name 1 = timeJ: Julian Days
# name 2 = timeH: Time, Elapsed [hours]
# name 3 = timeM: Time, Elapsed [minutes]
# name 4 = timeS: Time, Elapsed [seconds]
# name 5 = prdM: Pressure, Strain Gauge [db]
# name 6 = specc: Specific Conductance [uS/cm]
# name 7 = sal00: Salinity, Practical [PSU]
# name 8 = tv290C: Temperature [ITS-90, deg C]
# name 9 = depSM: Depth [salt water, m], lat = 59.00
# name 10 = oxsolML/L: Oxygen Saturation, Garcia & Gordon [ml/l]
# name 11 = potemp090C: Potential Temperature [ITS-90, deg C]
# name 12 = sigma-é00: Density [sigma-theta, kg/m^3]
# name 13 = n2satML/L: Nitrogen Saturation [ml/l]
# name 14 = par: PAR/Irradiance, Biospherical/Licor
# name 15 = flag:  0.000e+00
# span 0 =          1,       1009       
# span 1 = 244.343426, 244.346343       
# span 2 =    0.00000,    0.07000       
# span 3 =     0.0000,     4.2000       
# span 4 =      0.000,    252.000       
# span 5 =     -0.034,    141.560       
# span 6 =    253.444,  51601.103       
# span 7 =     0.1199,    32.4463       
# span 8 =     6.9532,    14.1184       
# span 9 =     -0.034,    140.189       
# span 10 =    6.07548,    7.52730      
# span 11 =     6.9406,    14.1181      
# span 12 =    -0.4123,    25.4155      
# span 13 =   11.08815,   13.87750      
# span 14 = 6.0268e-02, 7.5125e+01      
# span 15 = 0.0000e+00, 0.0000e+00      
# interval = seconds: 0.25
# start_time = Aug 31 2016 08:14:32 [Instrument's time stamp, header]
# bad_flag = -9.990e-29
*END*
[from data line 995]
        996 244.346305    0.06910     4.1458    248.750    139.842  51598.345    32.4458     6.9563    138.488    6.87237     6.9433    25.4146   12.35048 6.0381e-02 0.0000e+00
        997 244.346308    0.06917     4.1500    249.000    139.990  51598.746    32.4460     6.9560    138.635    6.87241     6.9431    25.4148   12.35055 6.0373e-02 0.0000e+00
        998 244.346311    0.06924     4.1542    249.250    140.136  51599.092    32.4461     6.9558    138.779    6.87244     6.9429    25.4149   12.35060 6.0364e-02 0.0000e+00
        999 244.346314    0.06931     4.1583    249.500    140.280  51599.372    32.4462     6.9555    138.921    6.87247     6.9427    25.4150   12.35065 6.0356e-02 0.0000e+00
       1000 244.346317    0.06938     4.1625    249.750    140.424  51599.583    32.4462     6.9553    139.064    6.87250     6.9425    25.4151   12.35070 6.0348e-02 0.0000e+00
       1001 244.346319    0.06944     4.1667    250.000    140.571  51599.722    32.4462     6.9552    139.210    6.87253     6.9422    25.4151   12.35075 6.0337e-02 0.0000e+00
       1002 244.346322    0.06951     4.1708    250.250    140.722  51599.827    32.4461     6.9550    139.358    6.87256     6.9419    25.4151   12.35081 6.0325e-02 0.0000e+00
       1003 244.346325    0.06958     4.1750    250.500    140.874  51599.975    32.4461     6.9548    139.510    6.87260     6.9416    25.4151   12.35087 6.0313e-02 0.0000e+00
       1004 244.346328    0.06965     4.1792    250.750    141.028  51600.154    32.4461     6.9545    139.662    6.87265     6.9412    25.4152   12.35095 6.0300e-02 0.0000e+00
       1005 244.346331    0.06972     4.1833    251.000    141.178  51600.337    32.4461     6.9542    139.810    6.87270     6.9409    25.4152   12.35103 6.0287e-02 0.0000e+00
       1006 244.346334    0.06979     4.1875    251.250    141.319  51600.577    32.4462     6.9538    139.950    6.87275     6.9407    25.4153   12.35111 6.0279e-02 0.0000e+00
       1007 244.346337    0.06986     4.1917    251.500    141.441  51600.835    32.4462     6.9535    140.071    6.87279     6.9406    25.4154   12.35119 6.0273e-02 0.0000e+00
       1008 244.346340    0.06993     4.1958    251.750    141.528  51601.027    32.4463     6.9533    140.157    6.87283 -9.990e-29    25.4155   12.35124 6.0269e-02 0.0000e+00
       1009 244.346343    0.07000     4.2000    252.000    141.560  51601.103    32.4463     6.9532    140.189    6.87284 -9.990e-29    25.4155   12.35126 6.0268e-02 0.0000e+00
