CTD-processing/allCTD/CNV--turbid/2016_12-13_t9_s07_cast193.cnv
* Sea-Bird SBE19plus Data File:
* FileName = P:\My Documents\kasitsna\Research-KBL\Oceanography-AK\CTD-Data-ALL-to-2016-05\2016-CTD-KachemakBay-CookInlet\2016-12-CookInlet-quarterly\2016-12-13-CookInlet-Tran9-HomerSpit\2016-12-13-CookInlet-Tran9-cast193.hex
* Software Version 1.59
* Temperature SN =  5028
* Conductivity SN =  5028
* System UpLoad Time = Jan 04 2017 19:30:21
** Cook Inlet LTM Tran 9 south to north
** Date: (YYYY-MM-DD): 2016-12-13
** Station: (eg. 9-01): 9-07
** Start time (AKST): 17:48
** Depth (m): 66.1
** Comment: R/V Alaska Dream Catcher. CTD on AKDT (1 hr ahead).
** Comment:
# nquan = 16
# nvalues = 663                         
# units = specified
# name 0 = scan: Scan Count
# name 1 = timeJ: Julian Days
# name 2 = timeH: Time, Elapsed [hours]
# name 3 = timeM: Time, Elapsed [minutes]
# name 4 = timeS: Time, Elapsed [seconds]
# name 5 = prdM: Pressure, Strain Gauge [db]
# name 6 = specc: Specific Conductance [uS/cm]
# name 7 = sal00: Salinity, Practical [PSU]
# name 8 = tv290C: Temperature [ITS-90, deg C]
# name 9 = depSM: Depth [salt water, m], lat = 59.00
# name 10 = oxsolML/L: Oxygen Saturation, Garcia & Gordon [ml/l]
# name 11 = potemp090C: Potential Temperature [ITS-90, deg C]
# name 12 = sigma-é00: Density [sigma-theta, kg/m^3]
# name 13 = n2satML/L: Nitrogen Saturation [ml/l]
# name 14 = par: PAR/Irradiance, Biospherical/Licor
# name 15 = flag:  0.000e+00
# span 0 =          1,        663       
# span 1 = 348.782697, 348.784612       
# span 2 =    0.00000,    0.04597       
# span 3 =     0.0000,     2.7583       
# span 4 =      0.000,    165.500       
# span 5 =      0.070,     65.713       
# span 6 =    796.911,  50121.305       
# span 7 =     0.3747,    31.3605       
# span 8 =     3.7788,     6.4778       
# span 9 =      0.069,     65.089       
# span 10 =    6.99951,    9.20176      
# span 11 =     3.7788,     6.4731      
# span 12 =     0.2770,    24.6239      
# span 13 =   12.57437,   16.69483      
# span 14 = 3.7976e-02, 6.7407e-01      
# span 15 = 0.0000e+00, 0.0000e+00      
# interval = seconds: 0.25
# start_time = Dec 13 2016 18:47:05 [Instrument's time stamp, header]
# bad_flag = -9.990e-29
*END*
          1 348.782697    0.00000     0.0000      0.000      0.079    796.911     0.3747     3.7818      0.079    9.20176     3.7813     0.2770   16.69483 5.5754e-02 0.0000e+00
          2 348.782700    0.00007     0.0042      0.250      0.079    819.026     0.3857     3.7816      0.079    9.20112     3.7810     0.2859   16.69357 5.9872e-02 0.0000e+00
          3 348.782703    0.00014     0.0083      0.500      0.078    855.498     0.4039     3.7813      0.078    9.20006     3.7807     0.3005   16.69148 6.4664e-02 0.0000e+00
          4 348.782705    0.00021     0.0125      0.750      0.077    911.336     0.4317     3.7810      0.077    9.19841     3.7804     0.3229   16.68825 7.0640e-02 0.0000e+00
          5 348.782708    0.00028     0.0167      1.000      0.077    989.623     0.4708     3.7807      0.076    9.19606     3.7801     0.3544   16.68366 8.1252e-02 0.0000e+00
          6 348.782711    0.00035     0.0208      1.250      0.076   1098.947     0.5257     3.7804      0.075    9.19275     3.7798     0.3985   16.67718 1.0133e-01 0.0000e+00
          7 348.782714    0.00042     0.0250      1.500      0.075   1254.886     0.6042     3.7801      0.074    9.18797     3.7796     0.4616   16.66785 1.3290e-01 0.0000e+00
          8 348.782717    0.00049     0.0292      1.750      0.074   1471.338     0.7137     3.7798      0.073    9.18127     3.7794     0.5496   16.65479 1.7839e-01 0.0000e+00
          9 348.782720    0.00056     0.0333      2.000      0.073   1736.703     0.8485     3.7796      0.072    9.17299     3.7793     0.6580   16.63865 2.3685e-01 0.0000e+00
         10 348.782723    0.00063     0.0375      2.250      0.072   2020.118     0.9935     3.7794      0.071    9.16408     3.7791     0.7744   16.62129 3.0326e-01 0.0000e+00
         11 348.782726    0.00069     0.0417      2.500      0.071   2318.932     1.1475     3.7793      0.070    9.15461     3.7790     0.8980   16.60285 3.6438e-01 0.0000e+00
         12 348.782729    0.00076     0.0458      2.750      0.071   2621.212     1.3041     3.7791      0.070    9.14498     3.7789     1.0237   16.58409 4.1401e-01 0.0000e+00
         13 348.782731    0.00083     0.0500      3.000      0.070   2879.710     1.4387     3.7790      0.069    9.13672     3.7789     1.1317   16.56799 4.5672e-01 0.0000e+00
         14 348.782734    0.00090     0.0542      3.250      0.070   3070.914     1.5385     3.7789      0.069    9.13059     3.7788     1.2118   16.55604 4.8676e-01 0.0000e+00
         15 348.782737    0.00097     0.0583      3.500      0.071   3186.777     1.5991     3.7789      0.070    9.12687     3.7788     1.2604   16.54881 5.0907e-01 0.0000e+00
         16 348.782740    0.00104     0.0625      3.750      0.071   3207.377     1.6097     3.7788      0.070    9.12624     3.7789     1.2688   16.54756 5.1617e-01 0.0000e+00
         17 348.782743    0.00111     0.0667      4.000      0.072   3136.171     1.5718     3.7788      0.071    9.12857     3.7791     1.2385   16.55209 4.8506e-01 0.0000e+00
         18 348.782746    0.00118     0.0708      4.250      0.072   3026.177     1.5137     3.7789      0.071    9.13212     3.7795     1.1919   16.55902 4.2239e-01 0.0000e+00
         19 348.782749    0.00125     0.0750      4.500      0.072   2927.477     1.4616     3.7791      0.071    9.13527     3.7801     1.1502   16.56516 3.6042e-01 0.0000e+00
         20 348.782752    0.00132     0.0792      4.750      0.072   2832.865     1.4120     3.7795      0.071    9.13823     3.7808     1.1104   16.57095 3.2122e-01 0.0000e+00
         21 348.782755    0.00139     0.0833      5.000      0.072   2716.273     1.3510     3.7801      0.071    9.14185     3.7815     1.0615   16.57804 3.0290e-01 0.0000e+00
         22 348.782758    0.00146     0.0875      5.250      0.072   2576.777     1.2782     3.7808      0.071    9.14617     3.7822     1.0031   16.58649 2.9855e-01 0.0000e+00
         23 348.782760    0.00153     0.0917      5.500      0.072   2427.654     1.2007     3.7815      0.071    9.15077     3.7829     0.9409   16.59550 3.0712e-01 0.0000e+00
         24 348.782763    0.00160     0.0958      5.750      0.072   2280.152     1.1242     3.7822      0.071    9.15532     3.7835     0.8795   16.60440 3.3356e-01 0.0000e+00
         25 348.782766    0.00167     0.1000      6.000      0.071   2147.490     1.0556     3.7829      0.070    9.15939     3.7841     0.8244   16.61236 3.8298e-01 0.0000e+00
         26 348.782769    0.00174     0.1042      6.250      0.071   2042.899     1.0016     3.7835      0.070    9.16256     3.7846     0.7811   16.61859 4.5193e-01 0.0000e+00
         27 348.782772    0.00181     0.1083      6.500      0.071   1962.785     0.9604     3.7841      0.070    9.16497     3.7851     0.7480   16.62331 5.2329e-01 0.0000e+00
         28 348.782775    0.00187     0.1125      6.750      0.071   1886.695     0.9214     3.7846      0.070    9.16725     3.7855     0.7167   16.62779 5.7855e-01 0.0000e+00
         29 348.782778    0.00194     0.1167      7.000      0.071   1801.566     0.8778     3.7851      0.070    9.16982     3.7859     0.6817   16.63283 6.1485e-01 0.0000e+00
         30 348.782781    0.00201     0.1208      7.250      0.071   1718.454     0.8354     3.7855      0.070    9.17234     3.7862     0.6476   16.63776 6.3860e-01 0.0000e+00
         31 348.782784    0.00208     0.1250      7.500      0.071   1655.160     0.8031     3.7859      0.070    9.17424     3.7865     0.6217   16.64149 6.5392e-01 0.0000e+00
         32 348.782786    0.00215     0.1292      7.750      0.071   1613.548     0.7820     3.7862      0.070    9.17547     3.7867     0.6047   16.64390 6.6378e-01 0.0000e+00
         33 348.782789    0.00222     0.1333      8.000      0.071   1581.543     0.7657     3.7865      0.070    9.17641     3.7869     0.5916   16.64575 6.7065e-01 0.0000e+00
         34 348.782792    0.00229     0.1375      8.250      0.071   1548.767     0.7491     3.7867      0.070    9.17738     3.7870     0.5782   16.64766 6.7407e-01 0.0000e+00
         35 348.782795    0.00236     0.1417      8.500      0.071   1516.109     0.7326     3.7869      0.070    9.17836     3.7871     0.5649   16.64959 6.7178e-01 0.0000e+00
         36 348.782798    0.00243     0.1458      8.750      0.071   1489.033     0.7189     3.7870      0.070    9.17918     3.7871     0.5539   16.65119 6.6336e-01 0.0000e+00
         37 348.782801    0.00250     0.1500      9.000      0.071   1468.874     0.7087     3.7871      0.070    9.17979     3.7871     0.5457   16.65238 6.4828e-01 0.0000e+00
         38 348.782804    0.00257     0.1542      9.250      0.072   1454.712     0.7015     3.7871      0.071    9.18022     3.7871     0.5400   16.65322 6.2456e-01 0.0000e+00
         39 348.782807    0.00264     0.1583      9.500      0.072   1447.100     0.6977     3.7871      0.071    9.18045     3.7871     0.5369   16.65367 5.9175e-01 0.0000e+00
         40 348.782810    0.00271     0.1625      9.750      0.073   1446.597     0.6975     3.7871      0.072    9.18047     3.7870     0.5368   16.65371 5.5123e-01 0.0000e+00
         41 348.782812    0.00278     0.1667     10.000      0.073   1449.845     0.6992     3.7871      0.072    9.18039     3.7868     0.5382   16.65354 5.0298e-01 0.0000e+00
         42 348.782815    0.00285     0.1708     10.250      0.073   1450.255     0.6996     3.7870      0.072    9.18039     3.7867     0.5384   16.65355 4.4172e-01 0.0000e+00
         43 348.782818    0.00292     0.1750     10.500      0.072   1442.773     0.6961     3.7868      0.071    9.18065     3.7865     0.5356   16.65405 3.5663e-01 0.0000e+00
         44 348.782821    0.00299     0.1792     10.750      0.072   1426.464     0.6883     3.7867      0.071    9.18119     3.7864     0.5293   16.65509 2.5742e-01 0.0000e+00
         45 348.782824    0.00306     0.1833     11.000      0.072   1405.836     0.6786     3.7865      0.071    9.18185     3.7864     0.5215   16.65637 1.7720e-01 0.0000e+00
         46 348.782827    0.00313     0.1875     11.250      0.072   1389.536     0.6715     3.7864      0.071    9.18236     3.7866     0.5157   16.65735 1.2684e-01 0.0000e+00
         47 348.782830    0.00319     0.1917     11.500      0.072   1385.522     0.6715     3.7864      0.071    9.18244     3.7872     0.5155   16.65751 9.5607e-02 0.0000e+00
         48 348.782833    0.00326     0.1958     11.750      0.072   1399.379     0.6817     3.7866      0.071    9.18188     3.7886     0.5235   16.65644 7.6102e-02 0.0000e+00
         49 348.782836    0.00333     0.2000     12.000      0.072   1437.710     0.7064     3.7872      0.071    9.18041     3.7912     0.5430   16.65363 6.3841e-02 0.0000e+00
         50 348.782839    0.00340     0.2042     12.250      0.073   1512.355     0.7530     3.7886      0.072    9.17755     3.7958     0.5799   16.64817 5.5929e-02 0.0000e+00
         51 348.782841    0.00347     0.2083     12.500      0.074   1645.299     0.8349     3.7912      0.073    9.17244     3.8038     0.6447   16.63842 5.0502e-02 0.0000e+00
         52 348.782844    0.00354     0.2125     12.750      0.076   1875.879     0.9758     3.7958      0.075    9.16357     3.8175     0.7563   16.62150 4.6554e-02 0.0000e+00
         53 348.782847    0.00361     0.2167     13.000      0.078   2270.328     1.2159     3.8038      0.077    9.14840     3.8405     0.9465   16.59256 4.3598e-02 0.0000e+00
         54 348.782850    0.00368     0.2208     13.250      0.082   2935.787     1.6201     3.8175      0.081    9.12278     3.8791     1.2667   16.54373 4.1457e-02 0.0000e+00
         55 348.782853    0.00375     0.2250     13.500      0.088   4047.315     2.2948     3.8405      0.087    9.07995     3.9436     1.8014   16.46208 4.0064e-02 0.0000e+00
         56 348.782856    0.00382     0.2292     13.750      0.098   5897.915     3.4185     3.8791      0.097    9.00858     4.0514     2.6917   16.32603 3.9229e-02 0.0000e+00
         57 348.782859    0.00389     0.2333     14.000      0.114   8978.924     5.2895     3.9436      0.113    8.88968     4.2289     4.1743   16.09939 3.8728e-02 0.0000e+00
         58 348.782862    0.00396     0.2375     14.250      0.142  14111.465     8.4068     4.0514      0.141    8.69153     4.4854     6.6442   15.72172 3.8427e-02 0.0000e+00
         59 348.782865    0.00403     0.2417     14.500      0.184  21545.194    12.9652     4.2289      0.182    8.39995     4.7832    10.2529   15.16724 3.8247e-02 0.0000e+00
         60 348.782867    0.00410     0.2458     14.750      0.239  30059.706    18.3003     4.4854      0.237    8.05551     5.0706    14.4681   14.51531 3.8138e-02 0.0000e+00
         61 348.782870    0.00417     0.2500     15.000      0.307  37626.029    23.1415     4.7832      0.304    7.73690     5.3229    18.2832   13.91577 3.8073e-02 0.0000e+00
         62 348.782873    0.00424     0.2542     15.250      0.387  42819.540    26.5020     5.0706      0.384    7.50338     5.5335    20.9216   13.47972 3.8034e-02 0.0000e+00
         63 348.782876    0.00431     0.2583     15.500      0.479  45839.899    28.4687     5.3229      0.475    7.35206     5.6995    22.4564   13.20021 3.8011e-02 0.0000e+00
         64 348.782879    0.00438     0.2625     15.750      0.579  47565.850    29.6010     5.5336      0.574    7.25352     5.8214    23.3328   13.02031 3.7997e-02 0.0000e+00
         65 348.782882    0.00444     0.2667     16.000      0.676  48527.864    30.2375     5.6996      0.670    7.18978     5.9053    23.8201   12.90530 3.7988e-02 0.0000e+00
         66 348.782885    0.00451     0.2708     16.250      0.763  49052.683    30.5875     5.8215      0.756    7.14931     5.9602    24.0846   12.83301 3.7983e-02 0.0000e+00
         67 348.782888    0.00458     0.2750     16.500      0.834  49332.981    30.7756     5.9054      0.826    7.12425     5.9946    24.2249   12.78864 3.7980e-02 0.0000e+00
         68 348.782891    0.00465     0.2792     16.750      0.887  49475.908    30.8720     5.9602      0.879    7.10925     6.0152    24.2954   12.76228 3.7979e-02 0.0000e+00
         69 348.782894    0.00472     0.2833     17.000      0.921  49540.022    30.9151     5.9947      0.913    7.10068     6.0263    24.3260   12.74736 3.7978e-02 0.0000e+00
         70 348.782896    0.00479     0.2875     17.250      0.937  49566.086    30.9324     6.0152      0.929    7.09595     6.0314    24.3376   12.73922 3.7977e-02 0.0000e+00
         71 348.782899    0.00486     0.2917     17.500      0.938  49591.549    30.9493     6.0263      0.929    7.09302     6.0335    24.3499   12.73408 3.7977e-02 0.0000e+00
         72 348.782902    0.00493     0.2958     17.750      0.931  49633.053    30.9773     6.0314      0.922    7.09068     6.0344    24.3715   12.72981 3.7976e-02 0.0000e+00
         73 348.782905    0.00500     0.3000     18.000      0.923  49678.424    31.0081     6.0335      0.915    7.08878     6.0352    24.3955   12.72626 3.7976e-02 0.0000e+00
         74 348.782908    0.00507     0.3042     18.250      0.919  49710.278    31.0296     6.0344      0.911    7.08755     6.0367    24.4125   12.72394 3.7976e-02 0.0000e+00
         75 348.782911    0.00514     0.3083     18.500      0.919  49723.878    31.0388     6.0353      0.911    7.08694     6.0389    24.4197   12.72281 3.7976e-02 0.0000e+00
         76 348.782914    0.00521     0.3125     18.750      0.922  49724.197    31.0391     6.0367      0.913    7.08666     6.0414    24.4198   12.72234 3.7976e-02 0.0000e+00
         77 348.782917    0.00528     0.3167     19.000      0.924  49719.525    31.0361     6.0389      0.915    7.08642     6.0437    24.4172   12.72197 3.7976e-02 0.0000e+00
         78 348.782920    0.00535     0.3208     19.250      0.925  49716.965    31.0348     6.0414      0.917    7.08606     6.0454    24.4158   12.72139 3.7976e-02 0.0000e+00
         79 348.782922    0.00542     0.3250     19.500      0.927  49716.194    31.0346     6.0438      0.919    7.08567     6.0459    24.4155   12.72075 3.7976e-02 0.0000e+00
         80 348.782925    0.00549     0.3292     19.750      0.933  49709.969    31.0306     6.0454      0.924    7.08559     6.0451    24.4121   12.72065 3.7976e-02 0.0000e+00
         81 348.782928    0.00556     0.3333     20.000      0.944  49691.261    31.0178     6.0459      0.935    7.08610     6.0430    24.4019   12.72167 3.7976e-02 0.0000e+00
         82 348.782931    0.00562     0.3375     20.250      0.958  49656.121    30.9934     6.0452      0.950    7.08737     6.0397    24.3827   12.72407 3.7976e-02 0.0000e+00
         83 348.782934    0.00569     0.3417     20.500      0.974  49609.461    30.9608     6.0431      0.966    7.08925     6.0363    24.3572   12.72760 3.7976e-02 0.0000e+00
         84 348.782937    0.00576     0.3458     20.750      0.989  49571.307    30.9338     6.0398      0.980    7.09108     6.0344    24.3363   12.73097 3.7976e-02 0.0000e+00
         85 348.782940    0.00583     0.3500     21.000      0.999  49562.874    30.9274     6.0364      0.990    7.09195     6.0344    24.3316   12.73248 3.7976e-02 0.0000e+00
         86 348.782943    0.00590     0.3542     21.250      1.006  49586.179    30.9431     6.0345      0.997    7.09153     6.0360    24.3443   12.73158 3.7976e-02 0.0000e+00
         87 348.782946    0.00597     0.3583     21.500      1.009  49625.561    30.9702     6.0345      1.000    7.09025     6.0385    24.3657   12.72912 3.7976e-02 0.0000e+00
         88 348.782948    0.00604     0.3625     21.750      1.007  49663.219    30.9965     6.0361      0.998    7.08874     6.0411    24.3863   12.72629 3.7976e-02 0.0000e+00
         89 348.782951    0.00611     0.3667     22.000      1.000  49689.855    31.0154     6.0386      0.990    7.08744     6.0434    24.4008   12.72390 3.7976e-02 0.0000e+00
         90 348.782954    0.00618     0.3708     22.250      0.986  49705.908    31.0269     6.0412      0.976    7.08646     6.0455    24.4097   12.72214 3.7976e-02 0.0000e+00
