CTD-processing/allCTD/CNV--turbid/2016-05-18-sadiecove-intensive-phytoplankton258.cnv
* Sea-Bird SBE19plus Data File:
* FileName = C:\Users\Kris.Holderied\Documents\kasitsna\Research-KBL\Oceanography-AK\CTD-Data-ALL-to-2016-05\2016-CTD-KachemakBay-CookInlet\2016-05-18-SadieCove-Intensive-phytoplanton\2016-05-18-SadieCove-Intensive-Phytoplankton258.hex
* Software Version 1.59
* Temperature SN =  5028
* Conductivity SN =  5028
* System UpLoad Time = Jun 03 2016 19:19:22
** Sadie Cove Intensive Phytoplankton Transect - head to entrance
** Date (YYYY-MM-DD): 2016-05-18
** Station (ie. 9-01):  to add
** Start time (AKST): to add
** Depth (m): to add
** Comment:  Along-bay transect with CTD, phytoplankton and nutrient sampling
** Comment:
# nquan = 16
# nvalues = 572                         
# units = specified
# name 0 = scan: Scan Count
# name 1 = timeJ: Julian Days
# name 2 = timeH: Time, Elapsed [hours]
# name 3 = timeM: Time, Elapsed [minutes]
# name 4 = timeS: Time, Elapsed [seconds]
# name 5 = prdM: Pressure, Strain Gauge [db]
# name 6 = specc: Specific Conductance [uS/cm]
# name 7 = sal00: Salinity, Practical [PSU]
# name 8 = tv290C: Temperature [ITS-90, deg C]
# name 9 = depSM: Depth [salt water, m], lat = 59.00
# name 10 = oxsolML/L: Oxygen Saturation, Garcia & Gordon [ml/l]
# name 11 = potemp090C: Potential Temperature [ITS-90, deg C]
# name 12 = sigma-é00: Density [sigma-theta, kg/m^3]
# name 13 = n2satML/L: Nitrogen Saturation [ml/l]
# name 14 = par: PAR/Irradiance, Biospherical/Licor
# name 15 = flag:  0.000e+00
# span 0 =          1,        572       
# span 1 = 139.518750, 139.520402       
# span 2 =    0.00000,    0.03965       
# span 3 =     0.0000,     2.3792       
# span 4 =      0.000,    142.750       
# span 5 =      0.464,     69.552       
# span 6 =  45738.914,  50049.557       
# span 7 =    28.8757,    31.2674       
# span 8 =     6.2219,    10.2763       
# span 9 =      0.459,     68.890       
# span 10 =    6.52492,    7.04540      
# span 11 =     6.2163,    10.2762      
# span 12 =    22.1576,    24.5780      
# span 13 =   11.81817,   12.65127      
# span 14 = 5.0256e-02, 2.4469e+02      
# span 15 = 0.0000e+00, 0.0000e+00      
# interval = seconds: 0.25
# start_time = May 18 2016 12:27:00 [Instrument's time stamp, header]
# bad_flag = -9.990e-29
*END*
[from data line 181]
        182 139.519274    0.01257     0.7542     45.250      0.758  46035.050    29.0746    10.0378      0.751    6.55374    10.0369    22.3236   11.86442 1.2408e+02 0.0000e+00
        183 139.519277    0.01264     0.7583     45.500      0.757  46033.974    29.0738    10.0372      0.750    6.55386    10.0372    22.3230   11.86463 1.2340e+02 0.0000e+00
        184 139.519280    0.01271     0.7625     45.750      0.756  46032.961    29.0731    10.0370      0.749    6.55391    10.0381    22.3225   11.86473 1.2273e+02 0.0000e+00
        185 139.519282    0.01278     0.7667     46.000      0.756  46031.987    29.0724    10.0373      0.749    6.55389    10.0396    22.3219   11.86470 1.2225e+02 0.0000e+00
        186 139.519285    0.01285     0.7708     46.250      0.757  46030.623    29.0716    10.0382      0.750    6.55380    10.0418    22.3211   11.86456 1.2157e+02 0.0000e+00
        187 139.519288    0.01292     0.7750     46.500      0.758  46028.312    29.0701    10.0397      0.751    6.55365    10.0445    22.3198   11.86432 1.2120e+02 0.0000e+00
        188 139.519291    0.01299     0.7792     46.750      0.758  46024.997    29.0681    10.0419      0.751    6.55341    10.0470    22.3178   11.86396 1.2242e+02 0.0000e+00
        189 139.519294    0.01306     0.7833     47.000      0.757  46021.434    29.0659    10.0446      0.750    6.55312    10.0486    22.3157   11.86349 1.2405e+02 0.0000e+00
        190 139.519297    0.01313     0.7875     47.250      0.757  46018.916    29.0644    10.0471      0.750    6.55281    10.0488    22.3141   11.86301 1.2473e+02 0.0000e+00
        191 139.519300    0.01319     0.7917     47.500      0.757  46018.527    29.0643    10.0487      0.750    6.55259    10.0478    22.3138   11.86265 1.2512e+02 0.0000e+00
        192 139.519303    0.01326     0.7958     47.750      0.757  46020.385    29.0657    10.0489      0.750    6.55251    10.0461    22.3148   11.86249 1.2549e+02 0.0000e+00
        193 139.519306    0.01333     0.8000     48.000      0.758  46023.618    29.0678    10.0479      0.751    6.55256    10.0440    22.3166   11.86255 1.2570e+02 0.0000e+00
        194 139.519308    0.01340     0.8042     48.250      0.758  46027.196    29.0701    10.0462      0.751    6.55272    10.0419    22.3187   11.86278 1.2573e+02 0.0000e+00
        195 139.519311    0.01347     0.8083     48.500      0.756  46030.851    29.0724    10.0441      0.749    6.55291    10.0394    22.3209   11.86308 1.2574e+02 0.0000e+00
        196 139.519314    0.01354     0.8125     48.750      0.754  46035.222    29.0752    10.0420      0.747    6.55310    10.0362    22.3234   11.86336 1.2587e+02 0.0000e+00
        197 139.519317    0.01361     0.8167     49.000      0.754  46041.027    29.0790    10.0395      0.747    6.55330    10.0319    22.3267   11.86363 1.2608e+02 0.0000e+00
        198 139.519320    0.01368     0.8208     49.250      0.755  46048.422    29.0838    10.0363      0.748    6.55356    10.0270    22.3310   11.86401 1.2633e+02 0.0000e+00
        199 139.519323    0.01375     0.8250     49.500      0.757  46056.831    29.0892    10.0320      0.750    6.55395    10.0223    22.3358   11.86459 1.2671e+02 0.0000e+00
        200 139.519326    0.01382     0.8292     49.750      0.758  46064.971    29.0943    10.0271      0.751    6.55444    10.0186    22.3406   11.86535 1.2705e+02 0.0000e+00
        201 139.519329    0.01389     0.8333     50.000      0.757  46071.528    29.0983    10.0224      0.750    6.55495    10.0160    22.3445   11.86614 1.2755e+02 0.0000e+00
        202 139.519332    0.01396     0.8375     50.250      0.754  46075.984    29.1010    10.0187      0.747    6.55538    10.0143    22.3472   11.86682 1.2860e+02 0.0000e+00
        203 139.519334    0.01403     0.8417     50.500      0.749  46079.135    29.1029    10.0161      0.742    6.55568    10.0130    22.3491   11.86729 1.2982e+02 0.0000e+00
        204 139.519337    0.01410     0.8458     50.750      0.741  46082.964    29.1054    10.0144      0.735    6.55581    10.0114    22.3513   11.86749 1.3084e+02 0.0000e+00
        205 139.519340    0.01417     0.8500     51.000      0.734  46089.877    29.1101    10.0131      0.727    6.55580    10.0081    22.3551   11.86740 1.3128e+02 0.0000e+00
        206 139.519343    0.01424     0.8542     51.250      0.729  46101.867    29.1183    10.0115      0.723    6.55569    10.0020    22.3618   11.86713 1.3125e+02 0.0000e+00
        207 139.519346    0.01431     0.8583     51.500      0.728  46119.285    29.1301    10.0082      0.722    6.55567     9.9927    22.3715   11.86695 1.3095e+02 0.0000e+00
        208 139.519349    0.01438     0.8625     51.750      0.730  46140.090    29.1439    10.0021      0.723    6.55598     9.9821    22.3832   11.86729 1.3016e+02 0.0000e+00
        209 139.519352    0.01444     0.8667     52.000      0.732  46160.557    29.1572     9.9928      0.725    6.55676     9.9718    22.3950   11.86842 1.2979e+02 0.0000e+00
        210 139.519355    0.01451     0.8708     52.250      0.732  46178.225    29.1683     9.9822      0.726    6.55783     9.9623    22.4054   11.87006 1.3070e+02 0.0000e+00
        211 139.519358    0.01458     0.8750     52.500      0.731  46194.864    29.1787     9.9719      0.725    6.55887     9.9532    22.4151   11.87166 1.3151e+02 0.0000e+00
        212 139.519361    0.01465     0.8792     52.750      0.730  46214.303    29.1912     9.9624      0.724    6.55971     9.9444    22.4264   11.87291 1.3102e+02 0.0000e+00
        213 139.519363    0.01472     0.8833     53.000      0.730  46237.175    29.2061     9.9533      0.723    6.56040     9.9363    22.4394   11.87387 1.3035e+02 0.0000e+00
        214 139.519366    0.01479     0.8875     53.250      0.731  46260.425    29.2213     9.9445      0.724    6.56104     9.9296    22.4527   11.87474 1.2967e+02 0.0000e+00
        215 139.519369    0.01486     0.8917     53.500      0.732  46281.154    29.2348     9.9364      0.725    6.56163     9.9242    22.4645   11.87556 1.2916e+02 0.0000e+00
        216 139.519372    0.01493     0.8958     53.750      0.733  46298.137    29.2459     9.9297      0.726    6.56214     9.9200    22.4742   11.87627 1.2993e+02 0.0000e+00
        217 139.519375    0.01500     0.9000     54.000      0.734  46311.396    29.2546     9.9243      0.727    6.56255     9.9168    22.4818   11.87684 1.3015e+02 0.0000e+00
        218 139.519378    0.01507     0.9042     54.250      0.734  46321.823    29.2614     9.9201      0.728    6.56286     9.9141    22.4877   11.87728 1.2906e+02 0.0000e+00
        219 139.519381    0.01514     0.9083     54.500      0.734  46330.283    29.2669     9.9169      0.727    6.56310     9.9119    22.4926   11.87761 1.2838e+02 0.0000e+00
        220 139.519384    0.01521     0.9125     54.750      0.733  46337.040    29.2713     9.9142      0.727    6.56329     9.9099    22.4964   11.87788 1.2738e+02 0.0000e+00
        221 139.519387    0.01528     0.9167     55.000      0.733  46342.234    29.2747     9.9120      0.726    6.56348     9.9079    22.4994   11.87815 1.2565e+02 0.0000e+00
        222 139.519389    0.01535     0.9208     55.250      0.732  46346.403    29.2774     9.9100      0.725    6.56366     9.9059    22.5018   11.87841 1.2421e+02 0.0000e+00
        223 139.519392    0.01542     0.9250     55.500      0.732  46349.973    29.2797     9.9080      0.725    6.56384     9.9035    22.5039   11.87869 1.2284e+02 0.0000e+00
        224 139.519395    0.01549     0.9292     55.750      0.733  46353.032    29.2816     9.9059      0.726    6.56406     9.9010    22.5057   11.87903 1.2109e+02 0.0000e+00
        225 139.519398    0.01556     0.9333     56.000      0.735  46355.818    29.2832     9.9036      0.728    6.56434     9.8987    22.5074   11.87947 1.1950e+02 0.0000e+00
        226 139.519401    0.01563     0.9375     56.250      0.736  46358.668    29.2849     9.9011      0.729    6.56463     9.8968    22.5091   11.87993 1.1860e+02 0.0000e+00
        227 139.519404    0.01569     0.9417     56.500      0.736  46362.010    29.2870     9.8988      0.729    6.56487     9.8950    22.5111   11.88030 1.1800e+02 0.0000e+00
        228 139.519407    0.01576     0.9458     56.750      0.737  46366.428    29.2898     9.8969      0.730    6.56502     9.8929    22.5136   11.88053 1.1759e+02 0.0000e+00
        229 139.519410    0.01583     0.9500     57.000      0.739  46371.637    29.2933     9.8950      0.732    6.56515     9.8906    22.5166   11.88069 1.1781e+02 0.0000e+00
        230 139.519413    0.01590     0.9542     57.250      0.740  46375.825    29.2959     9.8929      0.733    6.56533     9.8885    22.5190   11.88097 1.1859e+02 0.0000e+00
        231 139.519416    0.01597     0.9583     57.500      0.740  46378.280    29.2974     9.8907      0.733    6.56560     9.8867    22.5205   11.88139 1.1972e+02 0.0000e+00
        232 139.519418    0.01604     0.9625     57.750      0.739  46380.921    29.2990     9.8886      0.732    6.56583     9.8849    22.5220   11.88176 1.2126e+02 0.0000e+00
        233 139.519421    0.01611     0.9667     58.000      0.738  46385.912    29.3023     9.8868      0.731    6.56596     9.8824    22.5249   11.88192 1.2281e+02 0.0000e+00
        234 139.519424    0.01618     0.9708     58.250      0.739  46394.347    29.3079     9.8849      0.732    6.56599     9.8791    22.5296   11.88191 1.2411e+02 0.0000e+00
        235 139.519427    0.01625     0.9750     58.500      0.741  46405.775    29.3156     9.8824      0.734    6.56602     9.8750    22.5360   11.88187 1.2543e+02 0.0000e+00
        236 139.519430    0.01632     0.9792     58.750      0.745  46418.761    29.3243     9.8792      0.738    6.56613     9.8703    22.5433   11.88194 1.2692e+02 0.0000e+00
        237 139.519433    0.01639     0.9833     59.000      0.750  46432.356    29.3334     9.8751      0.743    6.56634     9.8652    22.5509   11.88219 1.2875e+02 0.0000e+00
        238 139.519436    0.01646     0.9875     59.250      0.755  46445.873    29.3423     9.8703      0.748    6.56666     9.8602    22.5586   11.88260 1.3091e+02 0.0000e+00
        239 139.519439    0.01653     0.9917     59.500      0.759  46459.707    29.3513     9.8653      0.752    6.56701     9.8554    22.5665   11.88308 1.3322e+02 0.0000e+00
        240 139.519442    0.01660     0.9958     59.750      0.762  46476.638    29.3626     9.8603      0.755    6.56726     9.8500    22.5761   11.88335 1.3534e+02 0.0000e+00
        241 139.519444    0.01667     1.0000     60.000      0.761  46501.456    29.3794     9.8555      0.754    6.56725     9.8437    22.5899   11.88313 1.3748e+02 0.0000e+00
        242 139.519447    0.01674     1.0042     60.250      0.757  46535.543    29.4026     9.8501      0.750    6.56705     9.8378    22.6088   11.88252 1.3966e+02 0.0000e+00
        243 139.519450    0.01681     1.0083     60.500      0.749  46570.377    29.4262     9.8438      0.742    6.56697     9.8346    22.6282   11.88210 1.4056e+02 0.0000e+00
        244 139.519453    0.01688     1.0125     60.750      0.740  46594.666    29.4424     9.8379      0.733    6.56713     9.8354    22.6419   11.88217 1.4050e+02 0.0000e+00
        245 139.519456    0.01694     1.0167     61.000      0.729  46604.603    29.4490     9.8347      0.722    6.56731     9.8400    22.6475   11.88239 1.3992e+02 0.0000e+00
        246 139.519459    0.01701     1.0208     61.250      0.719  46601.825    29.4472     9.8355      0.712    6.56728     9.8476    22.6459   11.88236 1.3775e+02 0.0000e+00
        247 139.519462    0.01708     1.0250     61.500      0.714  46589.412    29.4390     9.8401      0.707    6.56696     9.8570    22.6389   11.88193 1.3530e+02 0.0000e+00
        248 139.519465    0.01715     1.0292     61.750      0.714  46571.645    29.4275     9.8477      0.708    6.56634     9.8659    22.6287   11.88104 1.3362e+02 0.0000e+00
        249 139.519468    0.01722     1.0333     62.000      0.718  46553.231    29.4157     9.8570      0.712    6.56548     9.8728    22.6180   11.87977 1.3207e+02 0.0000e+00
        250 139.519470    0.01729     1.0375     62.250      0.722  46538.022    29.4062     9.8660      0.715    6.56459     9.8767    22.6092   11.87840 1.3207e+02 0.0000e+00
        251 139.519473    0.01736     1.0417     62.500      0.724  46528.327    29.4002     9.8729      0.717    6.56385     9.8782    22.6034   11.87725 1.3382e+02 0.0000e+00
        252 139.519476    0.01743     1.0458     62.750      0.723  46523.889    29.3976     9.8768      0.716    6.56339     9.8786    22.6008   11.87652 1.3563e+02 0.0000e+00
        253 139.519479    0.01750     1.0500     63.000      0.720  46522.260    29.3966     9.8783      0.713    6.56322     9.8792    22.5998   11.87625 1.3720e+02 0.0000e+00
        254 139.519482    0.01757     1.0542     63.250      0.716  46521.035    29.3958     9.8787      0.709    6.56320     9.8804    22.5991   11.87622 1.3865e+02 0.0000e+00
        255 139.519485    0.01764     1.0583     63.500      0.712  46519.056    29.3945     9.8793      0.705    6.56316     9.8818    22.5979   11.87617 1.3978e+02 0.0000e+00
        256 139.519488    0.01771     1.0625     63.750      0.708  46516.323    29.3927     9.8805      0.702    6.56306     9.8833    22.5964   11.87604 1.4062e+02 0.0000e+00
        257 139.519491    0.01778     1.0667     64.000      0.706  46513.116    29.3907     9.8819      0.699    6.56294     9.8849    22.5945   11.87586 1.4151e+02 0.0000e+00
        258 139.519494    0.01785     1.0708     64.250      0.705  46509.495    29.3883     9.8834      0.698    6.56282     9.8865    22.5925   11.87569 1.4238e+02 0.0000e+00
        259 139.519497    0.01792     1.0750     64.500      0.706  46505.540    29.3857     9.8850      0.699    6.56271     9.8879    22.5902   11.87552 1.4292e+02 0.0000e+00
        260 139.519499    0.01799     1.0792     64.750      0.707  46501.510    29.3831     9.8865      0.700    6.56259     9.8891    22.5879   11.87537 1.4333e+02 0.0000e+00
        261 139.519502    0.01806     1.0833     65.000      0.708  46497.761    29.3806     9.8880      0.701    6.56249     9.8898    22.5858   11.87523 1.4397e+02 0.0000e+00
        262 139.519505    0.01812     1.0875     65.250      0.709  46494.646    29.3786     9.8891      0.702    6.56241     9.8901    22.5840   11.87511 1.4443e+02 0.0000e+00
        263 139.519508    0.01819     1.0917     65.500      0.709  46492.560    29.3772     9.8899      0.702    6.56236     9.8898    22.5828   11.87505 1.4489e+02 0.0000e+00
        264 139.519511    0.01826     1.0958     65.750      0.709  46491.775    29.3767     9.8901      0.702    6.56234     9.8890    22.5824   11.87503 1.4589e+02 0.0000e+00
        265 139.519514    0.01833     1.1000     66.000      0.708  46492.548    29.3772     9.8899      0.701    6.56236     9.8875    22.5828   11.87505 1.4651e+02 0.0000e+00
        266 139.519517    0.01840     1.1042     66.250      0.707  46495.495    29.3792     9.8890      0.700    6.56240     9.8850    22.5845   11.87509 1.4669e+02 0.0000e+00
        267 139.519520    0.01847     1.1083     66.500      0.706  46501.138    29.3830     9.8875      0.699    6.56246     9.8818    22.5877   11.87514 1.4706e+02 0.0000e+00
        268 139.519523    0.01854     1.1125     66.750      0.704  46509.102    29.3883     9.8851      0.697    6.56259     9.8784    22.5922   11.87529 1.4736e+02 0.0000e+00
        269 139.519525    0.01861     1.1167     67.000      0.701  46518.052    29.3941     9.8819      0.694    6.56280     9.8751    22.5973   11.87558 1.4746e+02 0.0000e+00
        270 139.519528    0.01868     1.1208     67.250      0.697  46526.728    29.3998     9.8784      0.691    6.56306     9.8721    22.6022   11.87595 1.4733e+02 0.0000e+00
        271 139.519531    0.01875     1.1250     67.500      0.694  46534.715    29.4050     9.8751      0.688    6.56332     9.8694    22.6068   11.87631 1.4701e+02 0.0000e+00
