CTD-processing/allCTD/CNV--turbid/2016_09-23_t9_s02_cast131.cnv
* Sea-Bird SBE19plus Data File:
* FileName = P:\My Documents\kasitsna\Research-KBL\Oceanography-AK\CTD-Data-ALL-to-2016-05\2016-CTD-KachemakBay-CookInlet\2016-09-23-CookInlet-HomerSpit\2016-09-23-CookInlet-Tran9-cast131.hex
* Software Version 1.59
* Temperature SN =  5028
* Conductivity SN =  5028
* System UpLoad Time = Oct 13 2016 11:49:49
** Cook Inlet LTM Tran 9
** Date: (YYYY-MM-DD): 2016-09-23
** Station: (eg. 9-01): 9-02
** Start time (AKDT): 10:56
** Depth (m): 71.9
** Comment:
** Comment:
# nquan = 16
# nvalues = 640                         
# units = specified
# name 0 = scan: Scan Count
# name 1 = timeJ: Julian Days
# name 2 = timeH: Time, Elapsed [hours]
# name 3 = timeM: Time, Elapsed [minutes]
# name 4 = timeS: Time, Elapsed [seconds]
# name 5 = prdM: Pressure, Strain Gauge [db]
# name 6 = specc: Specific Conductance [uS/cm]
# name 7 = sal00: Salinity, Practical [PSU]
# name 8 = tv290C: Temperature [ITS-90, deg C]
# name 9 = depSM: Depth [salt water, m], lat = 59.00
# name 10 = oxsolML/L: Oxygen Saturation, Garcia & Gordon [ml/l]
# name 11 = potemp090C: Potential Temperature [ITS-90, deg C]
# name 12 = sigma-é00: Density [sigma-theta, kg/m^3]
# name 13 = n2satML/L: Nitrogen Saturation [ml/l]
# name 14 = par: PAR/Irradiance, Biospherical/Licor
# name 15 = flag:  0.000e+00
# span 0 =          1,        640       
# span 1 = 267.455660, 267.457509       
# span 2 =    0.00000,    0.04437       
# span 3 =     0.0000,     2.6625       
# span 4 =      0.000,    159.750       
# span 5 =      0.429,     61.123       
# span 6 =  42196.982,  48505.089       
# span 7 =    26.5008,    30.8009       
# span 8 =    10.1864,    11.3994       
# span 9 =      0.426,     60.542       
# span 10 =    6.36823,    6.53047      
# span 11 =    10.1797,    11.3986      
# span 12 =    20.1699,    23.6457      
# span 13 =   11.55292,   11.85306      
# span 14 = 5.3016e-02, 3.8234e+02      
# span 15 = 0.0000e+00, 0.0000e+00      
# interval = seconds: 0.25
# start_time = Sep 23 2016 10:56:09 [Instrument's time stamp, header]
# bad_flag = -9.990e-29
*END*
[from data line 272]
        273 267.456447    0.01889     1.1333     68.000      0.538  42437.635    26.6700    11.0073      0.533    6.51547    11.0271    20.2972   11.83003 7.9453e+01 0.0000e+00
        274 267.456450    0.01896     1.1375     68.250      0.542  42493.695    26.7098    11.0165      0.537    6.51253    11.0378    20.3265   11.82465 7.9237e+01 0.0000e+00
        275 267.456453    0.01903     1.1417     68.500      0.545  42536.963    26.7408    11.0272      0.540    6.50973    11.0471    20.3488   11.81963 7.8693e+01 0.0000e+00
        276 267.456455    0.01910     1.1458     68.750      0.545  42563.883    26.7605    11.0379      0.540    6.50741    11.0542    20.3624   11.81552 7.8069e+01 0.0000e+00
        277 267.456458    0.01917     1.1500     69.000      0.542  42577.538    26.7708    11.0472      0.537    6.50567    11.0591    20.3689   11.81250 7.7365e+01 0.0000e+00
        278 267.456461    0.01924     1.1542     69.250      0.537  42582.564    26.7750    11.0543      0.532    6.50449    11.0621    20.3710   11.81049 7.6567e+01 0.0000e+00
        279 267.456464    0.01931     1.1583     69.500      0.533  42582.914    26.7757    11.0592      0.528    6.50377    11.0637    20.3707   11.80929 7.6067e+01 0.0000e+00
        280 267.456467    0.01938     1.1625     69.750      0.531  42581.575    26.7750    11.0621      0.526    6.50338    11.0644    20.3697   11.80865 7.6131e+01 0.0000e+00
        281 267.456470    0.01944     1.1667     70.000      0.533  42579.130    26.7735    11.0637      0.528    6.50321    11.0646    20.3682   11.80840 7.6482e+01 0.0000e+00
        282 267.456473    0.01951     1.1708     70.250      0.538  42574.110    26.7700    11.0645      0.533    6.50324    11.0643    20.3654   11.80849 7.6848e+01 0.0000e+00
        283 267.456476    0.01958     1.1750     70.500      0.546  42568.636    26.7662    11.0647      0.541    6.50338    11.0639    20.3625   11.80876 7.7116e+01 0.0000e+00
        284 267.456479    0.01965     1.1792     70.750      0.553  42565.222    26.7638    11.0644      0.548    6.50352    11.0631    20.3606   11.80902 7.7124e+01 0.0000e+00
        285 267.456481    0.01972     1.1833     71.000      0.557  42558.833    26.7594    11.0639      0.552    6.50377    11.0616    20.3572   11.80949 7.6698e+01 0.0000e+00
        286 267.456484    0.01979     1.1875     71.250      0.558  42543.958    26.7490    11.0632      0.553    6.50430    11.0589    20.3493   11.81050 7.5861e+01 0.0000e+00
        287 267.456487    0.01986     1.1917     71.500      0.555  42523.428    26.7346    11.0616      0.550    6.50511    11.0556    20.3383   11.81203 7.4803e+01 0.0000e+00
        288 267.456490    0.01993     1.1958     71.750      0.550  42507.923    26.7236    11.0589      0.545    6.50595    11.0533    20.3302   11.81355 7.3682e+01 0.0000e+00
        289 267.456493    0.02000     1.2000     72.000      0.546  42508.900    26.7240    11.0557      0.541    6.50639    11.0531    20.3311   11.81428 7.2680e+01 0.0000e+00
        290 267.456496    0.02007     1.2042     72.250      0.544  42526.339    26.7359    11.0534      0.539    6.50623    11.0548    20.3407   11.81386 7.1846e+01 0.0000e+00
        291 267.456499    0.02014     1.2083     72.500      0.545  42546.931    26.7501    11.0532      0.540    6.50567    11.0570    20.3518   11.81276 7.1103e+01 0.0000e+00
        292 267.456502    0.02021     1.2125     72.750      0.549  42556.220    26.7567    11.0548      0.544    6.50516    11.0584    20.3567   11.81184 7.0408e+01 0.0000e+00
        293 267.456505    0.02028     1.2167     73.000      0.553  42554.906    26.7560    11.0570      0.548    6.50488    11.0588    20.3558   11.81139 6.9712e+01 0.0000e+00
        294 267.456508    0.02035     1.2208     73.250      0.557  42549.699    26.7525    11.0585      0.552    6.50482    11.0580    20.3528   11.81132 6.9086e+01 0.0000e+00
        295 267.456510    0.02042     1.2250     73.500      0.557  42537.587    26.7442    11.0589      0.552    6.50511    11.0560    20.3463   11.81191 6.8752e+01 0.0000e+00
        296 267.456513    0.02049     1.2292     73.750      0.553  42520.559    26.7323    11.0580      0.548    6.50572    11.0534    20.3372   11.81306 6.8849e+01 0.0000e+00
        297 267.456516    0.02056     1.2333     74.000      0.548  42506.631    26.7224    11.0560      0.543    6.50641    11.0510    20.3299   11.81433 6.9380e+01 0.0000e+00
        298 267.456519    0.02063     1.2375     74.250      0.544  42497.885    26.7161    11.0535      0.539    6.50703    11.0492    20.3254   11.81543 7.0347e+01 0.0000e+00
        299 267.456522    0.02069     1.2417     74.500      0.544  42495.617    26.7143    11.0511      0.539    6.50745    11.0483    20.3244   11.81615 7.1542e+01 0.0000e+00
        300 267.456525    0.02076     1.2458     74.750      0.547  42499.534    26.7168    11.0493      0.542    6.50760    11.0484    20.3267   11.81637 7.2581e+01 0.0000e+00
        301 267.456528    0.02083     1.2500     75.000      0.552  42504.372    26.7201    11.0484      0.547    6.50758    11.0489    20.3294   11.81630 7.3418e+01 0.0000e+00
        302 267.456531    0.02090     1.2542     75.250      0.557  42506.446    26.7215    11.0485      0.552    6.50751    11.0493    20.3305   11.81617 7.4160e+01 0.0000e+00
        303 267.456534    0.02097     1.2583     75.500      0.558  42503.970    26.7199    11.0490      0.553    6.50751    11.0490    20.3291   11.81619 7.4829e+01 0.0000e+00
        304 267.456536    0.02104     1.2625     75.750      0.555  42492.076    26.7117    11.0494      0.550    6.50779    11.0473    20.3226   11.81675 7.5434e+01 0.0000e+00
        305 267.456539    0.02111     1.2667     76.000      0.550  42470.121    26.6964    11.0491      0.545    6.50846    11.0441    20.3108   11.81806 7.5848e+01 0.0000e+00
        306 267.456542    0.02118     1.2708     76.250      0.544  42442.636    26.6772    11.0474      0.539    6.50950    11.0395    20.2962   11.82001 7.5873e+01 0.0000e+00
        307 267.456545    0.02125     1.2750     76.500      0.540  42410.770    26.6548    11.0442      0.535    6.51088    11.0341    20.2794   11.82258 7.5648e+01 0.0000e+00
        308 267.456548    0.02132     1.2792     76.750      0.540  42380.382    26.6333    11.0396      0.535    6.51241    11.0289    20.2634   11.82539 7.5556e+01 0.0000e+00
        309 267.456551    0.02139     1.2833     77.000      0.543  42360.164    26.6188    11.0342      0.538    6.51378    11.0249    20.2530   11.82784 7.5779e+01 0.0000e+00
        310 267.456554    0.02146     1.2875     77.250      0.549  42352.139    26.6127    11.0290      0.544    6.51477    11.0228    20.2491   11.82956 7.6397e+01 0.0000e+00
        311 267.456557    0.02153     1.2917     77.500      0.554  42356.331    26.6152    11.0250      0.549    6.51523    11.0229    20.2518   11.83029 7.7477e+01 0.0000e+00
        312 267.456560    0.02160     1.2958     77.750      0.557  42372.274    26.6261    11.0229      0.552    6.51508    11.0250    20.2605   11.82991 7.8949e+01 0.0000e+00
        313 267.456563    0.02167     1.3000     78.000      0.556  42397.696    26.6437    11.0229      0.551    6.51434    11.0287    20.2742   11.82847 8.0538e+01 0.0000e+00
        314 267.456565    0.02174     1.3042     78.250      0.552  42426.755    26.6641    11.0250      0.547    6.51320    11.0333    20.2897   11.82632 8.1984e+01 0.0000e+00
        315 267.456568    0.02181     1.3083     78.500      0.547  42452.363    26.6822    11.0288      0.542    6.51192    11.0380    20.3031   11.82398 8.3208e+01 0.0000e+00
        316 267.456571    0.02187     1.3125     78.750      0.544  42473.508    26.6973    11.0334      0.539    6.51065    11.0425    20.3141   11.82167 8.4210e+01 0.0000e+00
        317 267.456574    0.02194     1.3167     79.000      0.545  42491.285    26.7101    11.0381      0.540    6.50945    11.0461    20.3233   11.81953 8.5117e+01 0.0000e+00
        318 267.456577    0.02201     1.3208     79.250      0.548  42501.964    26.7179    11.0426      0.543    6.50850    11.0484    20.3286   11.81785 8.6043e+01 0.0000e+00
        319 267.456580    0.02208     1.3250     79.500      0.554  42501.552    26.7179    11.0462      0.549    6.50798    11.0491    20.3280   11.81699 8.6845e+01 0.0000e+00
        320 267.456583    0.02215     1.3292     79.750      0.560  42491.863    26.7114    11.0485      0.555    6.50792    11.0483    20.3226   11.81697 8.7565e+01 0.0000e+00
        321 267.456586    0.02222     1.3333     80.000      0.563  42477.253    26.7014    11.0492      0.558    6.50824    11.0462    20.3147   11.81763 8.8375e+01 0.0000e+00
        322 267.456589    0.02229     1.3375     80.250      0.563  42459.330    26.6888    11.0483      0.558    6.50888    11.0431    20.3051   11.81883 8.9213e+01 0.0000e+00
        323 267.456591    0.02236     1.3417     80.500      0.561  42439.060    26.6746    11.0462      0.556    6.50977    11.0392    20.2944   11.82048 8.9965e+01 0.0000e+00
        324 267.456594    0.02243     1.3458     80.750      0.556  42418.617    26.6601    11.0431      0.551    6.51081    11.0350    20.2837   11.82239 9.0417e+01 0.0000e+00
        325 267.456597    0.02250     1.3500     81.000      0.551  42399.477    26.6465    11.0392      0.546    6.51192    11.0309    20.2737   11.82440 9.0513e+01 0.0000e+00
        326 267.456600    0.02257     1.3542     81.250      0.548  42382.141    26.6341    11.0351      0.543    6.51302    11.0271    20.2647   11.82639 9.0322e+01 0.0000e+00
        327 267.456603    0.02264     1.3583     81.500      0.548  42366.840    26.6231    11.0309      0.543    6.51406    11.0236    20.2569   11.82825 8.9732e+01 0.0000e+00
        328 267.456606    0.02271     1.3625     81.750      0.550  42354.036    26.6138    11.0271      0.545    6.51499    11.0205    20.2503   11.82990 8.8800e+01 0.0000e+00
        329 267.456609    0.02278     1.3667     82.000      0.554  42343.732    26.6064    11.0236      0.549    6.51579    11.0177    20.2451   11.83132 8.7788e+01 0.0000e+00
        330 267.456612    0.02285     1.3708     82.250      0.559  42334.174    26.5994    11.0206      0.554    6.51651    11.0150    20.2402   11.83261 8.6882e+01 0.0000e+00
        331 267.456615    0.02292     1.3750     82.500      0.562  42323.047    26.5914    11.0178      0.557    6.51723    11.0120    20.2345   11.83391 8.6132e+01 0.0000e+00
        332 267.456617    0.02299     1.3792     82.750      0.562  42308.567    26.5811    11.0151      0.557    6.51804    11.0084    20.2270   11.83538 8.5562e+01 0.0000e+00
        333 267.456620    0.02306     1.3833     83.000      0.559  42289.557    26.5677    11.0121      0.554    6.51903    11.0043    20.2170   11.83718 8.5088e+01 0.0000e+00
        334 267.456623    0.02313     1.3875     83.250      0.556  42268.175    26.5525    11.0085      0.551    6.52016    11.0000    20.2058   11.83925 8.4595e+01 0.0000e+00
        335 267.456626    0.02319     1.3917     83.500      0.554  42250.371    26.5398    11.0043      0.549    6.52127    10.9965    20.1966   11.84125 8.4054e+01 0.0000e+00
        336 267.456629    0.02326     1.3958     83.750      0.554  42241.346    26.5332    11.0001      0.549    6.52215    10.9941    20.1921   11.84279 8.3345e+01 0.0000e+00
        337 267.456632    0.02333     1.4000     84.000      0.557  42240.658    26.5324    10.9965      0.552    6.52269    10.9928    20.1921   11.84370 8.2446e+01 0.0000e+00
        338 267.456635    0.02340     1.4042     84.250      0.562  42242.868    26.5337    10.9942      0.557    6.52297    10.9921    20.1935   11.84415 8.1567e+01 0.0000e+00
        339 267.456638    0.02347     1.4083     84.500      0.567  42244.465    26.5346    10.9929      0.562    6.52311    10.9918    20.1945   11.84438 8.0952e+01 0.0000e+00
        340 267.456641    0.02354     1.4125     84.750      0.572  42245.688    26.5354    10.9922      0.566    6.52317    10.9917    20.1952   11.84447 8.0659e+01 0.0000e+00
        341 267.456644    0.02361     1.4167     85.000      0.574  42247.905    26.5369    10.9919      0.568    6.52316    10.9920    20.1964   11.84442 8.0678e+01 0.0000e+00
        342 267.456646    0.02368     1.4208     85.250      0.577  42253.013    26.5405    10.9918      0.571    6.52302    10.9928    20.1992   11.84416 8.0724e+01 0.0000e+00
        343 267.456649    0.02375     1.4250     85.500      0.585  42261.505    26.5464    10.9921      0.579    6.52274    10.9940    20.2037   11.84361 7.9987e+01 0.0000e+00
        344 267.456652    0.02382     1.4292     85.750      0.607  42270.820    26.5529    10.9929      0.602    6.52236    10.9952    20.2087   11.84290 7.7714e+01 0.0000e+00
        345 267.456655    0.02389     1.4333     86.000      0.656  42279.713    26.5592    10.9940      0.650    6.52194    10.9966    20.2133   11.84212 7.3131e+01 0.0000e+00
        346 267.456658    0.02396     1.4375     86.250      0.742  42291.804    26.5677    10.9953      0.735    6.52141    10.9990    20.2197   11.84114 6.5769e+01 0.0000e+00
        347 267.456661    0.02403     1.4417     86.500      0.870  42317.644    26.5857    10.9967      0.862    6.52047    11.0041    20.2335   11.83935 5.6821e+01 0.0000e+00
        348 267.456664    0.02410     1.4458     86.750      1.031  42369.218    26.6217    10.9991      1.021    6.51864    11.0139    20.2610   11.83588 4.8277e+01 0.0000e+00
        349 267.456667    0.02417     1.4500     87.000      1.206  42454.563    26.6814    11.0042      1.194    6.51546    11.0314    20.3065   11.82988 4.1081e+01 0.0000e+00
        350 267.456670    0.02424     1.4542     87.250      1.383  42592.816    26.7783    11.0141      1.370    6.51007    11.0585    20.3801   11.81974 3.5297e+01 0.0000e+00
        351 267.456672    0.02431     1.4583     87.500      1.562  42791.611    26.9180    11.0316      1.547    6.50185    11.0940    20.4857   11.80438 3.0744e+01 0.0000e+00
        352 267.456675    0.02438     1.4625     87.750      1.744  43006.023    27.0695    11.0587      1.727    6.49177    11.1328    20.5988   11.78581 2.7171e+01 0.0000e+00
        353 267.456678    0.02444     1.4667     88.000      1.934  43186.203    27.1980    11.0943      1.916    6.48149    11.1700    20.6927   11.76716 2.4371e+01 0.0000e+00
        354 267.456681    0.02451     1.4708     88.250      2.136  43328.869    27.3009    11.1331      2.116    6.47181    11.2027    20.7661   11.74984 2.2165e+01 0.0000e+00
        355 267.456684    0.02458     1.4750     88.500      2.349  43447.856    27.3871    11.1703      2.327    6.46307    11.2303    20.8269   11.73426 2.0384e+01 0.0000e+00
        356 267.456687    0.02465     1.4792     88.750      2.569  43553.023    27.4634    11.2030      2.545    6.45536    11.2531    20.8806   11.72053 1.8899e+01 0.0000e+00
        357 267.456690    0.02472     1.4833     89.000      2.791  43648.779    27.5326    11.2307      2.765    6.44866    11.2715    20.9297   11.70857 1.7638e+01 0.0000e+00
        358 267.456693    0.02479     1.4875     89.250      3.009  43732.655    27.5931    11.2535      2.981    6.44300    11.2860    20.9728   11.69844 1.6567e+01 0.0000e+00
        359 267.456696    0.02486     1.4917     89.500      3.220  43809.141    27.6481    11.2719      3.190    6.43819    11.2978    21.0124   11.68979 1.5655e+01 0.0000e+00
        360 267.456698    0.02493     1.4958     89.750      3.423  43885.543    27.7027    11.2865      3.391    6.43394    11.3077    21.0523   11.68207 1.4863e+01 0.0000e+00
        361 267.456701    0.02500     1.5000     90.000      3.622  43962.110    27.7572    11.2982      3.589    6.43009    11.3164    21.0926   11.67501 1.4152e+01 0.0000e+00
