CTD-processing/allCTD/CNV--turbid/2016_04-10_t6_s12_cast184.cnv
* Sea-Bird SBE19plus Data File:
* FileName = C:\Users\Kris.Holderied\Documents\kasitsna\Research-KBL\Oceanography-AK\CTD-Data-ALL-to-2016-02\2016-CTD-KachemakBay-CookInlet\2016-04-CookInlet-quarterly\2016-04-10-CookInlet-Tran6-Douglas\2016-04-10-CookInlet-Tran6-cast184.hex
* Software Version 1.59
* Temperature SN =  5028
* Conductivity SN =  5028
* System UpLoad Time = Apr 11 2016 02:16:49
** Cook Inlet LTM Tran6 Douglas east to west
** Date (YYYY-MM-DD): 2016-04-10
** Station (ie. 9-01): 6-12
** Start time (AKST): 11:26
** Depth (m): 137
** Comment:  R/V Pandalus. Skipped stations.
** Comment:
# nquan = 16
# nvalues = 1065                        
# units = specified
# name 0 = scan: Scan Count
# name 1 = timeJ: Julian Days
# name 2 = timeH: Time, Elapsed [hours]
# name 3 = timeM: Time, Elapsed [minutes]
# name 4 = timeS: Time, Elapsed [seconds]
# name 5 = prdM: Pressure, Strain Gauge [db]
# name 6 = specc: Specific Conductance [uS/cm]
# name 7 = sal00: Salinity, Practical [PSU]
# name 8 = tv290C: Temperature [ITS-90, deg C]
# name 9 = depSM: Depth [salt water, m], lat = 59.00
# name 10 = oxsolML/L: Oxygen Saturation, Garcia & Gordon [ml/l]
# name 11 = potemp090C: Potential Temperature [ITS-90, deg C]
# name 12 = sigma-é00: Density [sigma-theta, kg/m^3]
# name 13 = n2satML/L: Nitrogen Saturation [ml/l]
# name 14 = par: PAR/Irradiance, Biospherical/Licor
# name 15 = flag:  0.000e+00
# span 0 =          1,       1065       
# span 1 = 101.476296, 101.479375       
# span 2 =    0.00000,    0.07389       
# span 3 =     0.0000,     4.4333       
# span 4 =      0.000,    266.000       
# span 5 =     -0.231,    138.256       
# span 6 =    695.540,  50947.619       
# span 7 =     0.3325,    31.9400       
# span 8 =     5.9269,     6.6674       
# span 9 =     -0.229,    136.918       
# span 10 =    6.94154,    8.70735      
# span 11 =     5.9279,     6.6555      
# span 12 =     0.2110,    25.0540      
# span 13 =   12.47111,   15.86551      
# span 14 = 3.7976e-02, 1.0079e+03      
# span 15 = 0.0000e+00, 0.0000e+00      
# interval = seconds: 0.25
# start_time = Apr 10 2016 11:25:52 [Instrument's time stamp, header]
# bad_flag = -9.990e-29
*END*
[from data line 633]
        634 101.478128    0.04396     2.6375    158.250     34.647  50822.309    31.8941     6.6263     34.320    6.95025     6.6234    25.0218   12.48607 3.5044e+00 0.0000e+00
        635 101.478131    0.04403     2.6417    158.500     34.930  50822.670    31.8942     6.6263     34.600    6.95024     6.6234    25.0219   12.48605 3.3859e+00 0.0000e+00
        636 101.478134    0.04410     2.6458    158.750     35.231  50822.873    31.8943     6.6264     34.898    6.95023     6.6235    25.0219   12.48604 3.2672e+00 0.0000e+00
        637 101.478137    0.04417     2.6500    159.000     35.543  50822.951    31.8942     6.6264     35.208    6.95022     6.6235    25.0218   12.48603 3.1516e+00 0.0000e+00
        638 101.478139    0.04424     2.6542    159.250     35.860  50822.953    31.8940     6.6265     35.522    6.95022     6.6234    25.0217   12.48603 3.0422e+00 0.0000e+00
        639 101.478142    0.04431     2.6583    159.500     36.172  50822.880    31.8938     6.6265     35.832    6.95023     6.6234    25.0216   12.48604 2.9406e+00 0.0000e+00
        640 101.478145    0.04437     2.6625    159.750     36.474  50822.837    31.8937     6.6265     36.130    6.95024     6.6233    25.0214   12.48606 2.8468e+00 0.0000e+00
        641 101.478148    0.04444     2.6667    160.000     36.764  50822.985    31.8936     6.6265     36.418    6.95025     6.6233    25.0214   12.48607 2.7600e+00 0.0000e+00
        642 101.478151    0.04451     2.6708    160.250     37.044  50823.400    31.8938     6.6265     36.695    6.95024     6.6233    25.0215   12.48606 2.6789e+00 0.0000e+00
        643 101.478154    0.04458     2.6750    160.500     37.317  50824.019    31.8941     6.6265     36.965    6.95023     6.6234    25.0218   12.48603 2.6021e+00 0.0000e+00
        644 101.478157    0.04465     2.6792    160.750     37.587  50824.671    31.8944     6.6265     37.232    6.95020     6.6235    25.0220   12.48599 2.5269e+00 0.0000e+00
        645 101.478160    0.04472     2.6833    161.000     37.862  50825.272    31.8947     6.6266     37.504    6.95017     6.6235    25.0223   12.48594 2.4505e+00 0.0000e+00
        646 101.478163    0.04479     2.6875    161.250     38.149  50825.934    31.8950     6.6267     37.789    6.95014     6.6236    25.0225   12.48588 2.3713e+00 0.0000e+00
        647 101.478166    0.04486     2.6917    161.500     38.454  50826.691    31.8954     6.6268     38.091    6.95010     6.6238    25.0228   12.48581 2.2892e+00 0.0000e+00
        648 101.478168    0.04493     2.6958    161.750     38.779  50827.429    31.8958     6.6269     38.413    6.95007     6.6239    25.0231   12.48574 2.2053e+00 0.0000e+00
        649 101.478171    0.04500     2.7000    162.000     39.120  50828.096    31.8962     6.6271     38.751    6.95003     6.6239    25.0234   12.48568 2.1218e+00 0.0000e+00
        650 101.478174    0.04507     2.7042    162.250     39.470  50828.632    31.8964     6.6272     39.097    6.95000     6.6240    25.0235   12.48562 2.0407e+00 0.0000e+00
        651 101.478177    0.04514     2.7083    162.500     39.817  50828.928    31.8964     6.6273     39.441    6.94998     6.6240    25.0236   12.48559 1.9643e+00 0.0000e+00
        652 101.478180    0.04521     2.7125    162.750     40.149  50829.008    31.8963     6.6273     39.769    6.94997     6.6240    25.0235   12.48558 1.8945e+00 0.0000e+00
        653 101.478183    0.04528     2.7167    163.000     40.459  50828.999    31.8962     6.6274     40.077    6.94997     6.6240    25.0234   12.48558 1.8324e+00 0.0000e+00
        654 101.478186    0.04535     2.7208    163.250     40.746  50828.996    31.8961     6.6274     40.361    6.94997     6.6239    25.0233   12.48559 1.7777e+00 0.0000e+00
        655 101.478189    0.04542     2.7250    163.500     41.010  50829.052    31.8960     6.6274     40.622    6.94998     6.6239    25.0232   12.48560 1.7297e+00 0.0000e+00
        656 101.478192    0.04549     2.7292    163.750     41.254  50829.175    31.8960     6.6274     40.863    6.94998     6.6239    25.0232   12.48561 1.6869e+00 0.0000e+00
        657 101.478194    0.04556     2.7333    164.000     41.481  50829.368    31.8960     6.6274     41.089    6.94998     6.6239    25.0232   12.48560 1.6476e+00 0.0000e+00
        658 101.478197    0.04562     2.7375    164.250     41.700  50829.594    31.8961     6.6274     41.306    6.94998     6.6239    25.0233   12.48559 1.6098e+00 0.0000e+00
        659 101.478200    0.04569     2.7417    164.500     41.920  50829.808    31.8961     6.6274     41.524    6.94997     6.6240    25.0233   12.48558 1.5716e+00 0.0000e+00
        660 101.478203    0.04576     2.7458    164.750     42.151  50830.018    31.8962     6.6275     41.752    6.94996     6.6240    25.0234   12.48556 1.5313e+00 0.0000e+00
        661 101.478206    0.04583     2.7500    165.000     42.402  50830.244    31.8962     6.6275     42.001    6.94995     6.6241    25.0234   12.48554 1.4874e+00 0.0000e+00
        662 101.478209    0.04590     2.7542    165.250     42.682  50830.520    31.8963     6.6276     42.279    6.94994     6.6241    25.0234   12.48552 1.4391e+00 0.0000e+00
        663 101.478212    0.04597     2.7583    165.500     42.999  50830.899    31.8964     6.6276     42.592    6.94992     6.6241    25.0235   12.48550 1.3864e+00 0.0000e+00
        664 101.478215    0.04604     2.7625    165.750     43.354  50831.313    31.8965     6.6277     42.943    6.94990     6.6242    25.0236   12.48547 1.3298e+00 0.0000e+00
        665 101.478218    0.04611     2.7667    166.000     43.743  50831.498    31.8965     6.6278     43.329    6.94989     6.6241    25.0236   12.48545 1.2706e+00 0.0000e+00
        666 101.478220    0.04618     2.7708    166.250     44.160  50831.145    31.8960     6.6279     43.742    6.94990     6.6240    25.0233   12.48547 1.2107e+00 0.0000e+00
        667 101.478223    0.04625     2.7750    166.500     44.595  50830.335    31.8953     6.6279     44.173    6.94993     6.6238    25.0227   12.48554 1.1518e+00 0.0000e+00
        668 101.478226    0.04632     2.7792    166.750     45.039  50829.684    31.8946     6.6278     44.613    6.94998     6.6236    25.0222   12.48562 1.0959e+00 0.0000e+00
        669 101.478229    0.04639     2.7833    167.000     45.482  50829.447    31.8942     6.6276     45.051    6.95002     6.6235    25.0219   12.48569 1.0443e+00 0.0000e+00
        670 101.478232    0.04646     2.7875    167.250     45.908  50829.280    31.8938     6.6275     45.473    6.95006     6.6233    25.0216   12.48576 9.9864e-01 0.0000e+00
        671 101.478235    0.04653     2.7917    167.500     46.301  50829.088    31.8935     6.6274     45.862    6.95010     6.6232    25.0213   12.48583 9.5977e-01 0.0000e+00
        672 101.478238    0.04660     2.7958    167.750     46.646  50829.002    31.8933     6.6273     46.204    6.95013     6.6231    25.0211   12.48588 9.2792e-01 0.0000e+00
        673 101.478241    0.04667     2.8000    168.000     46.933  50829.007    31.8931     6.6272     46.489    6.95015     6.6230    25.0210   12.48592 9.0279e-01 0.0000e+00
        674 101.478244    0.04674     2.8042    168.250     47.164  50829.034    31.8930     6.6271     46.717    6.95017     6.6230    25.0210   12.48596 8.8369e-01 0.0000e+00
        675 101.478247    0.04681     2.8083    168.500     47.343  50829.046    31.8929     6.6270     46.895    6.95019     6.6229    25.0209   12.48598 8.6936e-01 0.0000e+00
        676 101.478249    0.04688     2.8125    168.750     47.484  50829.070    31.8929     6.6270     47.034    6.95020     6.6229    25.0209   12.48600 8.5807e-01 0.0000e+00
        677 101.478252    0.04694     2.8167    169.000     47.600  50829.130    31.8929     6.6269     47.150    6.95021     6.6228    25.0209   12.48602 8.4790e-01 0.0000e+00
        678 101.478255    0.04701     2.8208    169.250     47.712  50829.174    31.8928     6.6269     47.261    6.95021     6.6228    25.0208   12.48603 8.3704e-01 0.0000e+00
        679 101.478258    0.04708     2.8250    169.500     47.838  50829.169    31.8928     6.6269     47.385    6.95022     6.6228    25.0208   12.48603 8.2395e-01 0.0000e+00
        680 101.478261    0.04715     2.8292    169.750     47.993  50829.186    31.8927     6.6269     47.538    6.95022     6.6228    25.0208   12.48604 8.0747e-01 0.0000e+00
        681 101.478264    0.04722     2.8333    170.000     48.190  50829.336    31.8927     6.6269     47.734    6.95022     6.6228    25.0208   12.48604 7.8704e-01 0.0000e+00
        682 101.478267    0.04729     2.8375    170.250     48.438  50829.632    31.8928     6.6269     47.980    6.95021     6.6228    25.0208   12.48603 7.6288e-01 0.0000e+00
        683 101.478270    0.04736     2.8417    170.500     48.739  50830.020    31.8929     6.6269     48.278    6.95020     6.6228    25.0210   12.48601 7.3565e-01 0.0000e+00
        684 101.478273    0.04743     2.8458    170.750     49.087  50830.496    31.8931     6.6270     48.623    6.95019     6.6228    25.0211   12.48599 7.0626e-01 0.0000e+00
        685 101.478275    0.04750     2.8500    171.000     49.471  50831.045    31.8933     6.6270     49.003    6.95018     6.6229    25.0213   12.48595 6.7593e-01 0.0000e+00
        686 101.478278    0.04757     2.8542    171.250     49.876  50831.574    31.8935     6.6271     49.404    6.95016     6.6229    25.0214   12.48592 6.4600e-01 0.0000e+00
        687 101.478281    0.04764     2.8583    171.500     50.287  50832.029    31.8936     6.6272     49.811    6.95013     6.6230    25.0215   12.48588 6.1758e-01 0.0000e+00
        688 101.478284    0.04771     2.8625    171.750     50.691  50832.400    31.8937     6.6273     50.211    6.95011     6.6231    25.0216   12.48585 5.9150e-01 0.0000e+00
        689 101.478287    0.04778     2.8667    172.000     51.075  50832.624    31.8937     6.6274     50.591    6.95010     6.6231    25.0216   12.48583 5.6824e-01 0.0000e+00
        690 101.478290    0.04785     2.8708    172.250     51.429  50832.758    31.8937     6.6274     50.942    6.95009     6.6231    25.0215   12.48581 5.4777e-01 0.0000e+00
        691 101.478293    0.04792     2.8750    172.500     51.748  50832.973    31.8937     6.6275     51.258    6.95008     6.6231    25.0215   12.48579 5.2979e-01 0.0000e+00
        692 101.478296    0.04799     2.8792    172.750     52.037  50833.241    31.8937     6.6275     51.545    6.95007     6.6232    25.0215   12.48578 5.1392e-01 0.0000e+00
        693 101.478299    0.04806     2.8833    173.000     52.304  50833.480    31.8938     6.6276     51.808    6.95006     6.6232    25.0216   12.48576 4.9959e-01 0.0000e+00
        694 101.478302    0.04813     2.8875    173.250     52.556  50833.738    31.8939     6.6276     52.058    6.95005     6.6233    25.0216   12.48574 4.8630e-01 0.0000e+00
        695 101.478304    0.04819     2.8917    173.500     52.801  50834.071    31.8940     6.6276     52.301    6.95004     6.6234    25.0217   12.48572 4.7366e-01 0.0000e+00
        696 101.478307    0.04826     2.8958    173.750     53.046  50834.502    31.8942     6.6277     52.543    6.95001     6.6235    25.0219   12.48568 4.6140e-01 0.0000e+00
        697 101.478310    0.04833     2.9000    174.000     53.292  50835.050    31.8945     6.6279     52.788    6.94998     6.6237    25.0221   12.48562 4.4942e-01 0.0000e+00
        698 101.478313    0.04840     2.9042    174.250     53.542  50835.672    31.8948     6.6280     53.034    6.94994     6.6238    25.0223   12.48555 4.3772e-01 0.0000e+00
        699 101.478316    0.04847     2.9083    174.500     53.792  50836.164    31.8951     6.6282     53.282    6.94989     6.6239    25.0225   12.48547 4.2639e-01 0.0000e+00
        700 101.478319    0.04854     2.9125    174.750     54.042  50836.384    31.8952     6.6284     53.530    6.94986     6.6240    25.0225   12.48542 4.1553e-01 0.0000e+00
        701 101.478322    0.04861     2.9167    175.000     54.289  50836.439    31.8951     6.6285     53.775    6.94984     6.6240    25.0225   12.48539 4.0518e-01 0.0000e+00
        702 101.478325    0.04868     2.9208    175.250     54.534  50836.484    31.8951     6.6286     54.017    6.94983     6.6240    25.0224   12.48537 3.9527e-01 0.0000e+00
        703 101.478328    0.04875     2.9250    175.500     54.777  50836.572    31.8950     6.6286     54.257    6.94983     6.6240    25.0224   12.48536 3.8576e-01 0.0000e+00
        704 101.478330    0.04882     2.9292    175.750     55.018  50836.687    31.8950     6.6287     54.496    6.94982     6.6241    25.0224   12.48536 3.7659e-01 0.0000e+00
        705 101.478333    0.04889     2.9333    176.000     55.260  50836.813    31.8949     6.6287     54.736    6.94982     6.6241    25.0224   12.48535 3.6768e-01 0.0000e+00
        706 101.478336    0.04896     2.9375    176.250     55.506  50836.943    31.8949     6.6288     54.980    6.94981     6.6242    25.0223   12.48533 3.5891e-01 0.0000e+00
        707 101.478339    0.04903     2.9417    176.500     55.758  50837.084    31.8949     6.6288     55.229    6.94980     6.6242    25.0223   12.48532 3.5012e-01 0.0000e+00
        708 101.478342    0.04910     2.9458    176.750     56.018  50837.249    31.8949     6.6289     55.487    6.94979     6.6242    25.0224   12.48530 3.4122e-01 0.0000e+00
        709 101.478345    0.04917     2.9500    177.000     56.288  50837.424    31.8949     6.6290     55.754    6.94978     6.6242    25.0224   12.48529 3.3220e-01 0.0000e+00
        710 101.478348    0.04924     2.9542    177.250     56.567  50837.579    31.8949     6.6290     56.031    6.94977     6.6242    25.0223   12.48528 3.2316e-01 0.0000e+00
        711 101.478351    0.04931     2.9583    177.500     56.855  50837.694    31.8949     6.6291     56.316    6.94977     6.6242    25.0223   12.48527 3.1413e-01 0.0000e+00
        712 101.478354    0.04938     2.9625    177.750     57.151  50837.764    31.8948     6.6291     56.609    6.94977     6.6242    25.0222   12.48527 3.0513e-01 0.0000e+00
        713 101.478356    0.04944     2.9667    178.000     57.454  50837.856    31.8947     6.6291     56.909    6.94978     6.6242    25.0221   12.48528 2.9614e-01 0.0000e+00
        714 101.478359    0.04951     2.9708    178.250     57.762  50837.982    31.8946     6.6291     57.214    6.94978     6.6242    25.0221   12.48528 2.8715e-01 0.0000e+00
        715 101.478362    0.04958     2.9750    178.500     58.076  50838.001    31.8945     6.6291     57.525    6.94978     6.6242    25.0220   12.48528 2.7822e-01 0.0000e+00
        716 101.478365    0.04965     2.9792    178.750     58.395  50837.804    31.8942     6.6291     57.841    6.94979     6.6241    25.0218   12.48530 2.6937e-01 0.0000e+00
        717 101.478368    0.04972     2.9833    179.000     58.719  50837.468    31.8938     6.6291     58.162    6.94981     6.6240    25.0215   12.48533 2.6062e-01 0.0000e+00
        718 101.478371    0.04979     2.9875    179.250     59.046  50837.249    31.8935     6.6291     58.486    6.94983     6.6239    25.0213   12.48537 2.5205e-01 0.0000e+00
        719 101.478374    0.04986     2.9917    179.500     59.375  50837.383    31.8935     6.6290     58.812    6.94984     6.6239    25.0212   12.48540 2.4373e-01 0.0000e+00
        720 101.478377    0.04993     2.9958    179.750     59.703  50837.914    31.8937     6.6290     59.136    6.94984     6.6239    25.0214   12.48539 2.3573e-01 0.0000e+00
        721 101.478380    0.05000     3.0000    180.000     60.022  50838.849    31.8942     6.6290     59.453    6.94982     6.6240    25.0218   12.48535 2.2815e-01 0.0000e+00
        722 101.478383    0.05007     3.0042    180.250     60.330  50840.079    31.8949     6.6290     59.758    6.94977     6.6242    25.0224   12.48527 2.2108e-01 0.0000e+00
        723 101.478385    0.05014     3.0083    180.500     60.623  50841.224    31.8956     6.6292     60.047    6.94972     6.6244    25.0229   12.48517 2.1455e-01 0.0000e+00
