CTD-processing/allCTD/CNV--turbid/2016_06-16_alongbay_skb09_cast277.cnv
* Sea-Bird SBE19plus Data File:
* FileName = C:\Users\Kris.Holderied\Documents\kasitsna\Research-KBL\Oceanography-AK\CTD-Data-ALL-to-2016-05\2016-CTD-KachemakBay-CookInlet\2016-06-16-KachemakBay-AlongBay-partial\2016-06-16-KachemakBay-AlongBay-cast277.hex
* Software Version 1.59
* Temperature SN =  5028
* Conductivity SN =  5028
* System UpLoad Time = Jul 26 2016 19:59:54
** Cook Inlet Kachemak Bay Along-bay line- partial
** Date (YYYY-MM-DD): 2016-06-16
** Station (eg. 9-01):  KB09
** Start time (AKDT): 16:02
** Depth (m): 68.3
** Comment:  R/V Edgecumbe.  Additional stations after monthly Transect 9 survey.
** Comment:
# nquan = 16
# nvalues = 590                         
# units = specified
# name 0 = scan: Scan Count
# name 1 = timeJ: Julian Days
# name 2 = timeH: Time, Elapsed [hours]
# name 3 = timeM: Time, Elapsed [minutes]
# name 4 = timeS: Time, Elapsed [seconds]
# name 5 = prdM: Pressure, Strain Gauge [db]
# name 6 = specc: Specific Conductance [uS/cm]
# name 7 = sal00: Salinity, Practical [PSU]
# name 8 = tv290C: Temperature [ITS-90, deg C]
# name 9 = depSM: Depth [salt water, m], lat = 59.00
# name 10 = oxsolML/L: Oxygen Saturation, Garcia & Gordon [ml/l]
# name 11 = potemp090C: Potential Temperature [ITS-90, deg C]
# name 12 = sigma-é00: Density [sigma-theta, kg/m^3]
# name 13 = n2satML/L: Nitrogen Saturation [ml/l]
# name 14 = par: PAR/Irradiance, Biospherical/Licor
# name 15 = flag:  0.000e+00
# span 0 =          1,        590       
# span 1 = 168.668356, 168.670061       
# span 2 =    0.00000,    0.04090       
# span 3 =     0.0000,     2.4542       
# span 4 =      0.000,    147.250       
# span 5 =     -0.066,     63.798       
# span 6 =   5412.167,  49692.666       
# span 7 =     2.9506,    31.2239       
# span 8 =     7.1817,    13.5787       
# span 9 =     -0.065,     63.192       
# span 10 =    6.13891,    7.40032      
# span 11 =     7.1788,    13.5786      
# span 12 =     1.7904,    24.4090      
# span 13 =   11.19412,   13.62353      
# span 14 = 5.9187e-02, 9.6552e+02      
# span 15 = 0.0000e+00, 0.0000e+00      
# interval = seconds: 0.25
# start_time = Jun 16 2016 16:02:26 [Instrument's time stamp, header]
# bad_flag = -9.990e-29
*END*
[from data line 91]
         92 168.668620    0.00632     0.3792     22.750      1.131  43380.164    27.5254    13.3953      1.121    6.15972    13.3795    20.5362   11.22812 4.8872e+01 0.0000e+00
         93 168.668623    0.00639     0.3833     23.000      1.122  43392.375    27.5332    13.3849      1.111    6.16076    13.3799    20.5442   11.22975 4.8591e+01 0.0000e+00
         94 168.668626    0.00646     0.3875     23.250      1.124  43396.190    27.5355    13.3797      1.114    6.16134    13.3839    20.5469   11.23068 4.8478e+01 0.0000e+00
         95 168.668628    0.00653     0.3917     23.500      1.135  43390.734    27.5317    13.3801      1.125    6.16143    13.3881    20.5439   11.23089 4.8629e+01 0.0000e+00
         96 168.668631    0.00660     0.3958     23.750      1.149  43378.856    27.5237    13.3841      1.138    6.16123    13.3895    20.5369   11.23064 4.9030e+01 0.0000e+00
         97 168.668634    0.00667     0.4000     24.000      1.160  43366.139    27.5150    13.3882      1.149    6.16103    13.3867    20.5295   11.23041 4.9591e+01 0.0000e+00
         98 168.668637    0.00674     0.4042     24.250      1.165  43357.649    27.5092    13.3897      1.154    6.16107    13.3803    20.5247   11.23054 5.0243e+01 0.0000e+00
         99 168.668640    0.00681     0.4083     24.500      1.163  43355.569    27.5075    13.3869      1.152    6.16149    13.3727    20.5239   11.23127 5.0827e+01 0.0000e+00
        100 168.668643    0.00688     0.4125     24.750      1.158  43359.382    27.5097    13.3805      1.147    6.16223    13.3663    20.5268   11.23247 5.1211e+01 0.0000e+00
        101 168.668646    0.00694     0.4167     25.000      1.153  43366.574    27.5142    13.3728      1.142    6.16303    13.3625    20.5317   11.23376 5.1409e+01 0.0000e+00
        102 168.668649    0.00701     0.4208     25.250      1.150  43373.603    27.5186    13.3665      1.139    6.16367    13.3612    20.5364   11.23477 5.1561e+01 0.0000e+00
        103 168.668652    0.00708     0.4250     25.500      1.151  43377.123    27.5208    13.3627      1.140    6.16407    13.3612    20.5388   11.23542 5.1815e+01 0.0000e+00
        104 168.668655    0.00715     0.4292     25.750      1.153  43375.515    27.5196    13.3613      1.142    6.16430    13.3613    20.5382   11.23580 5.2061e+01 0.0000e+00
        105 168.668657    0.00722     0.4333     26.000      1.156  43370.265    27.5159    13.3614      1.145    6.16443    13.3607    20.5353   11.23607 5.2053e+01 0.0000e+00
        106 168.668660    0.00729     0.4375     26.250      1.156  43364.951    27.5122    13.3615      1.145    6.16456    13.3589    20.5324   11.23632 5.1866e+01 0.0000e+00
        107 168.668663    0.00736     0.4417     26.500      1.155  43361.992    27.5101    13.3609      1.144    6.16472    13.3562    20.5309   11.23661 5.1819e+01 0.0000e+00
        108 168.668666    0.00743     0.4458     26.750      1.153  43361.995    27.5100    13.3591      1.143    6.16496    13.3534    20.5311   11.23701 5.2023e+01 0.0000e+00
        109 168.668669    0.00750     0.4500     27.000      1.153  43364.232    27.5113    13.3564      1.142    6.16526    13.3512    20.5327   11.23749 5.2282e+01 0.0000e+00
        110 168.668672    0.00757     0.4542     27.250      1.154  43366.180    27.5125    13.3536      1.143    6.16557    13.3494    20.5341   11.23800 5.2378e+01 0.0000e+00
        111 168.668675    0.00764     0.4583     27.500      1.156  43365.737    27.5120    13.3514      1.145    6.16587    13.3477    20.5342   11.23851 5.2369e+01 0.0000e+00
        112 168.668678    0.00771     0.4625     27.750      1.157  43363.870    27.5106    13.3496      1.146    6.16615    13.3457    20.5334   11.23899 5.2411e+01 0.0000e+00
        113 168.668681    0.00778     0.4667     28.000      1.156  43362.765    27.5097    13.3479      1.145    6.16640    13.3434    20.5330   11.23942 5.2491e+01 0.0000e+00
        114 168.668683    0.00785     0.4708     28.250      1.154  43363.274    27.5099    13.3459      1.144    6.16665    13.3414    20.5336   11.23983 5.2579e+01 0.0000e+00
        115 168.668686    0.00792     0.4750     28.500      1.154  43365.226    27.5111    13.3436      1.143    6.16690    13.3405    20.5350   11.24023 5.2733e+01 0.0000e+00
        116 168.668689    0.00799     0.4792     28.750      1.155  43367.060    27.5122    13.3416      1.144    6.16711    13.3407    20.5362   11.24057 5.3014e+01 0.0000e+00
        117 168.668692    0.00806     0.4833     29.000      1.159  43366.258    27.5116    13.3407      1.148    6.16726    13.3414    20.5359   11.24082 5.3485e+01 0.0000e+00
        118 168.668695    0.00813     0.4875     29.250      1.163  43362.264    27.5088    13.3409      1.152    6.16734    13.3421    20.5337   11.24099 5.4068e+01 0.0000e+00
        119 168.668698    0.00819     0.4917     29.500      1.166  43357.097    27.5052    13.3416      1.155    6.16739    13.3424    20.5308   11.24111 5.4582e+01 0.0000e+00
        120 168.668701    0.00826     0.4958     29.750      1.166  43352.663    27.5022    13.3422      1.155    6.16742    13.3423    20.5283   11.24120 5.4971e+01 0.0000e+00
        121 168.668704    0.00833     0.5000     30.000      1.165  43349.523    27.5000    13.3426      1.154    6.16746    13.3420    20.5265   11.24129 5.5234e+01 0.0000e+00
        122 168.668707    0.00840     0.5042     30.250      1.163  43347.723    27.4987    13.3425      1.152    6.16752    13.3417    20.5256   11.24141 5.5453e+01 0.0000e+00
        123 168.668709    0.00847     0.5083     30.500      1.160  43346.586    27.4979    13.3422      1.149    6.16759    13.3409    20.5250   11.24154 5.5656e+01 0.0000e+00
        124 168.668712    0.00854     0.5125     30.750      1.157  43345.125    27.4968    13.3418      1.147    6.16768    13.3395    20.5243   11.24169 5.5705e+01 0.0000e+00
        125 168.668715    0.00861     0.5167     31.000      1.154  43343.833    27.4959    13.3411      1.143    6.16781    13.3381    20.5237   11.24192 5.5661e+01 0.0000e+00
        126 168.668718    0.00868     0.5208     31.250      1.149  43344.147    27.4960    13.3397      1.138    6.16798    13.3375    20.5240   11.24221 5.5702e+01 0.0000e+00
        127 168.668721    0.00875     0.5250     31.500      1.145  43346.265    27.4974    13.3382      1.134    6.16812    13.3391    20.5254   11.24243 5.5800e+01 0.0000e+00
        128 168.668724    0.00882     0.5292     31.750      1.142  43349.508    27.4996    13.3376      1.132    6.16810    13.3442    20.5272   11.24237 5.5885e+01 0.0000e+00
        129 168.668727    0.00889     0.5333     32.000      1.144  43353.093    27.5022    13.3392      1.134    6.16780    13.3537    20.5289   11.24183 5.6006e+01 0.0000e+00
        130 168.668730    0.00896     0.5375     32.250      1.152  43354.650    27.5037    13.3443      1.142    6.16709    13.3661    20.5291   11.24064 5.6256e+01 0.0000e+00
        131 168.668733    0.00903     0.5417     32.500      1.165  43350.237    27.5013    13.3538      1.154    6.16597    13.3769    20.5255   11.23879 5.6587e+01 0.0000e+00
        132 168.668736    0.00910     0.5458     32.750      1.178  43338.555    27.4940    13.3662      1.166    6.16465    13.3809    20.5175   11.23669 5.6821e+01 0.0000e+00
        133 168.668738    0.00917     0.5500     33.000      1.184  43325.552    27.4857    13.3770      1.172    6.16359    13.3758    20.5090   11.23501 5.6788e+01 0.0000e+00
        134 168.668741    0.00924     0.5542     33.250      1.178  43321.310    27.4830    13.3811      1.167    6.16317    13.3643    20.5061   11.23435 5.6282e+01 0.0000e+00
        135 168.668744    0.00931     0.5583     33.500      1.162  43331.972    27.4901    13.3759      1.152    6.16356    13.3543    20.5126   11.23492 5.5342e+01 0.0000e+00
        136 168.668747    0.00937     0.5625     33.750      1.142  43356.223    27.5063    13.3645      1.132    6.16441    13.3534    20.5272   11.23614 5.4386e+01 0.0000e+00
        137 168.668750    0.00944     0.5667     34.000      1.127  43386.413    27.5268    13.3545      1.117    6.16490    13.3655    20.5449   11.23673 5.3774e+01 0.0000e+00
        138 168.668753    0.00951     0.5708     34.250      1.126  43413.054    27.5454    13.3536      1.116    6.16431    13.3891    20.5595   11.23553 5.3513e+01 0.0000e+00
        139 168.668756    0.00958     0.5750     34.500      1.140  43427.758    27.5566    13.3657      1.129    6.16233    13.4168    20.5659   11.23210 5.3581e+01 0.0000e+00
        140 168.668759    0.00965     0.5792     34.750      1.162  43421.743    27.5541    13.3893      1.152    6.15940    13.4399    20.5594   11.22725 5.4158e+01 0.0000e+00
        141 168.668762    0.00972     0.5833     35.000      1.183  43390.903    27.5345    13.4170      1.172    6.15660    13.4522    20.5390   11.22282 5.5111e+01 0.0000e+00
        142 168.668764    0.00979     0.5875     35.250      1.193  43347.177    27.5055    13.4401      1.182    6.15476    13.4514    20.5122   11.22009 5.6052e+01 0.0000e+00
        143 168.668767    0.00986     0.5917     35.500      1.188  43314.227    27.4832    13.4524      1.177    6.15403    13.4406    20.4927   11.21914 5.6836e+01 0.0000e+00
        144 168.668770    0.00993     0.5958     35.750      1.171  43307.554    27.4785    13.4516      1.161    6.15432    13.4281    20.4892   11.21967 5.7495e+01 0.0000e+00
        145 168.668773    0.01000     0.6000     36.000      1.152  43325.400    27.4902    13.4408      1.141    6.15525    13.4217    20.5003   11.22109 5.8133e+01 0.0000e+00
        146 168.668776    0.01007     0.6042     36.250      1.138  43353.561    27.5091    13.4282      1.127    6.15613    13.4253    20.5173   11.22234 5.8841e+01 0.0000e+00
        147 168.668779    0.01014     0.6083     36.500      1.136  43375.388    27.5239    13.4218      1.125    6.15638    13.4379    20.5300   11.22258 5.9835e+01 0.0000e+00
        148 168.668782    0.01021     0.6125     36.750      1.144  43381.714    27.5286    13.4255      1.133    6.15573    13.4540    20.5329   11.22144 6.1407e+01 0.0000e+00
        149 168.668785    0.01028     0.6167     37.000      1.158  43370.198    27.5215    13.4381      1.147    6.15440    13.4676    20.5250   11.21931 6.3586e+01 0.0000e+00
        150 168.668788    0.01035     0.6208     37.250      1.172  43343.461    27.5039    13.4542      1.161    6.15302    13.4746    20.5083   11.21721 6.6235e+01 0.0000e+00
        151 168.668791    0.01042     0.6250     37.500      1.181  43311.997    27.4827    13.4677      1.170    6.15209    13.4728    20.4895   11.21591 6.9108e+01 0.0000e+00
        152 168.668793    0.01049     0.6292     37.750      1.182  43288.721    27.4669    13.4747      1.171    6.15181    13.4633    20.4759   11.21562 7.2079e+01 0.0000e+00
        153 168.668796    0.01056     0.6333     38.000      1.178  43281.009    27.4613    13.4730      1.167    6.15225    13.4507    20.4720   11.21642 7.5161e+01 0.0000e+00
        154 168.668799    0.01063     0.6375     38.250      1.171  43288.955    27.4662    13.4635      1.160    6.15328    13.4399    20.4776   11.21807 7.8349e+01 0.0000e+00
        155 168.668802    0.01069     0.6417     38.500      1.166  43306.729    27.4778    13.4508      1.155    6.15444    13.4334    20.4889   11.21988 8.1965e+01 0.0000e+00
        156 168.668805    0.01076     0.6458     38.750      1.164  43325.950    27.4905    13.4401      1.153    6.15533    13.4310    20.5008   11.22121 8.6605e+01 0.0000e+00
        157 168.668808    0.01083     0.6500     39.000      1.164  43340.037    27.5000    13.4335      1.153    6.15581    13.4318    20.5093   11.22190 9.2575e+01 0.0000e+00
        158 168.668811    0.01090     0.6542     39.250      1.165  43346.831    27.5046    13.4311      1.154    6.15593    13.4351    20.5133   11.22206 9.9683e+01 0.0000e+00
        159 168.668814    0.01097     0.6583     39.500      1.167  43347.786    27.5053    13.4320      1.156    6.15580    13.4404    20.5137   11.22183 1.0735e+02 0.0000e+00
        160 168.668817    0.01104     0.6625     39.750      1.169  43345.258    27.5037    13.4352      1.158    6.15544    13.4473    20.5118   11.22125 1.1488e+02 0.0000e+00
        161 168.668819    0.01111     0.6667     40.000      1.171  43340.049    27.5005    13.4405      1.160    6.15489    13.4546    20.5083   11.22036 1.2166e+02 0.0000e+00
        162 168.668822    0.01118     0.6708     40.250      1.174  43331.467    27.4950    13.4475      1.163    6.15421    13.4605    20.5027   11.21931 1.2706e+02 0.0000e+00
        163 168.668825    0.01125     0.6750     40.500      1.177  43319.366    27.4870    13.4548      1.166    6.15359    13.4641    20.4952   11.21835 1.3056e+02 0.0000e+00
        164 168.668828    0.01132     0.6792     40.750      1.177  43305.371    27.4776    13.4607      1.166    6.15318    13.4653    20.4868   11.21779 1.3218e+02 0.0000e+00
        165 168.668831    0.01139     0.6833     41.000      1.175  43292.437    27.4687    13.4643      1.164    6.15307    13.4645    20.4793   11.21770 1.3252e+02 0.0000e+00
        166 168.668834    0.01146     0.6875     41.250      1.171  43283.011    27.4622    13.4655      1.160    6.15317    13.4621    20.4740   11.21794 1.3284e+02 0.0000e+00
        167 168.668837    0.01153     0.6917     41.500      1.166  43277.971    27.4586    13.4647      1.156    6.15340    13.4582    20.4714   11.21837 1.3466e+02 0.0000e+00
        168 168.668840    0.01160     0.6958     41.750      1.163  43277.182    27.4579    13.4623      1.153    6.15374    13.4538    20.4713   11.21895 1.3899e+02 0.0000e+00
        169 168.668843    0.01167     0.7000     42.000      1.162  43279.757    27.4594    13.4584      1.152    6.15417    13.4500    20.4732   11.21965 1.4584e+02 0.0000e+00
        170 168.668845    0.01174     0.7042     42.250      1.164  43283.898    27.4620    13.4540      1.153    6.15464    13.4473    20.4761   11.22039 1.5435e+02 0.0000e+00
        171 168.668848    0.01181     0.7083     42.500      1.166  43287.723    27.4644    13.4502      1.155    6.15503    13.4456    20.4786   11.22102 1.6408e+02 0.0000e+00
        172 168.668851    0.01188     0.7125     42.750      1.170  43290.254    27.4660    13.4475      1.159    6.15532    13.4445    20.4804   11.22148 1.7560e+02 0.0000e+00
        173 168.668854    0.01194     0.7167     43.000      1.174  43291.287    27.4666    13.4458      1.163    6.15552    13.4433    20.4812   11.22180 1.8807e+02 0.0000e+00
        174 168.668857    0.01201     0.7208     43.250      1.177  43290.874    27.4662    13.4447      1.166    6.15567    13.4415    20.4811   11.22207 1.9985e+02 0.0000e+00
        175 168.668860    0.01208     0.7250     43.500      1.179  43289.332    27.4651    13.4435      1.168    6.15586    13.4385    20.4804   11.22239 2.1240e+02 0.0000e+00
        176 168.668863    0.01215     0.7292     43.750      1.179  43287.906    27.4639    13.4417      1.168    6.15613    13.4340    20.4799   11.22286 2.2907e+02 0.0000e+00
        177 168.668866    0.01222     0.7333     44.000      1.176  43288.661    27.4642    13.4387      1.165    6.15651    13.4284    20.4807   11.22348 2.5211e+02 0.0000e+00
        178 168.668869    0.01229     0.7375     44.250      1.170  43292.996    27.4670    13.4342      1.159    6.15698    13.4226    20.4837   11.22424 2.8002e+02 0.0000e+00
        179 168.668872    0.01236     0.7417     44.500      1.164  43301.257    27.4724    13.4285      1.153    6.15750    13.4184    20.4889   11.22503 3.0804e+02 0.0000e+00
        180 168.668874    0.01243     0.7458     44.750      1.160  43312.962    27.4802    13.4227      1.150    6.15794    13.4178    20.4960   11.22568 3.3131e+02 0.0000e+00
