CTD-processing/allCTD/CNV--turbid/2016_11-10_t9_s01_cast001.cnv
* Sea-Bird SBE19plus Data File:
* FileName = P:\My Documents\kasitsna\Research-KBL\Oceanography-AK\CTD-Data-ALL-to-2016-05\2016-CTD-KachemakBay-CookInlet\2016-11-10-CookIInlet-Tran9-monthly\2016-11-10-CookInlet-Tran9-cast001.hex
* Software Version 1.59
* Temperature SN =  4141
* Conductivity SN =  4141
* System UpLoad Time = Jan 10 2017 14:17:53
** Cook Inlet LTM Tran 9 south to north
** Date: (YYYY-MM-DD): 2016-11-10
** Station: (eg. 9-01): 9-01
** Start time (AKST): 11:25
** Depth (m): 61
** Comment: R/V Edgecumbe. CTD time is 2 hrs ahead of  local time (was on PDT)
** Comment:
# nquan = 16
# nvalues = 576                         
# units = specified
# name 0 = scan: Scan Count
# name 1 = timeJ: Julian Days
# name 2 = timeH: Time, Elapsed [hours]
# name 3 = timeM: Time, Elapsed [minutes]
# name 4 = timeS: Time, Elapsed [seconds]
# name 5 = prdM: Pressure, Strain Gauge [db]
# name 6 = specc: Specific Conductance [uS/cm]
# name 7 = sal00: Salinity, Practical [PSU]
# name 8 = tv290C: Temperature [ITS-90, deg C]
# name 9 = depSM: Depth [salt water, m], lat = 59.00
# name 10 = oxsolML/L: Oxygen Saturation, Garcia & Gordon [ml/l]
# name 11 = potemp090C: Potential Temperature [ITS-90, deg C]
# name 12 = sigma-é00: Density [sigma-theta, kg/m^3]
# name 13 = n2satML/L: Nitrogen Saturation [ml/l]
# name 14 = par: PAR/Irradiance, Biospherical/Licor
# name 15 = flag:  0.000e+00
# span 0 =          1,        576       
# span 1 = 315.558634, 315.560298       
# span 2 =    0.00000,    0.03993       
# span 3 =     0.0000,     2.3958       
# span 4 =      0.000,    143.750       
# span 5 =     -0.347,     56.436       
# span 6 =    638.096,  48499.551       
# span 7 =     0.3934,    30.6750       
# span 8 =     8.1336,     9.6792       
# span 9 =     -0.344,     55.901       
# span 10 =    6.60472,    7.93994      
# span 11 =     8.1335,     9.6611      
# span 12 =     0.0367,    23.7006      
# span 13 =   11.92951,   14.57214      
# span 14 = 5.6149e-02, 4.9989e+01      
# span 15 = 0.0000e+00, 0.0000e+00      
# interval = seconds: 0.25
# start_time = Nov 10 2016 13:24:26 [Instrument's time stamp, header]
# bad_flag = -9.990e-29
*END*
[from data line 362]
        363 315.559682    0.02514     1.5083     90.500     16.247  48329.349    30.5632     9.1506     16.094    6.61994     9.1522    23.6234   11.95607 1.1563e+00 0.0000e+00
        364 315.559685    0.02521     1.5125     90.750     16.432  48330.433    30.5641     9.1522     16.278    6.61966     9.1539    23.6239   11.95560 1.1309e+00 0.0000e+00
        365 315.559688    0.02528     1.5167     91.000     16.614  48330.596    30.5643     9.1539     16.458    6.61940     9.1552    23.6238   11.95515 1.1065e+00 0.0000e+00
        366 315.559690    0.02535     1.5208     91.250     16.794  48330.386    30.5643     9.1556     16.636    6.61916     9.1563    23.6236   11.95475 1.0831e+00 0.0000e+00
        367 315.559693    0.02542     1.5250     91.500     16.974  48330.225    30.5643     9.1570     16.814    6.61895     9.1572    23.6233   11.95441 1.0604e+00 0.0000e+00
        368 315.559696    0.02549     1.5292     91.750     17.154  48330.302    30.5644     9.1581     16.993    6.61878     9.1579    23.6233   11.95413 1.0380e+00 0.0000e+00
        369 315.559699    0.02556     1.5333     92.000     17.335  48330.385    30.5645     9.1590     17.172    6.61865     9.1584    23.6232   11.95391 1.0160e+00 0.0000e+00
        370 315.559702    0.02562     1.5375     92.250     17.514  48330.373    30.5645     9.1597     17.349    6.61854     9.1588    23.6232   11.95374 9.9470e-01 0.0000e+00
        371 315.559705    0.02569     1.5417     92.500     17.689  48330.502    30.5646     9.1602     17.523    6.61846     9.1592    23.6232   11.95360 9.7394e-01 0.0000e+00
        372 315.559708    0.02576     1.5458     92.750     17.863  48330.772    30.5648     9.1607     17.695    6.61839     9.1597    23.6232   11.95348 9.5332e-01 0.0000e+00
        373 315.559711    0.02583     1.5500     93.000     18.040  48331.038    30.5650     9.1611     17.871    6.61832     9.1602    23.6233   11.95336 9.3205e-01 0.0000e+00
        374 315.559714    0.02590     1.5542     93.250     18.228  48331.308    30.5652     9.1616     18.058    6.61824     9.1607    23.6233   11.95322 9.0921e-01 0.0000e+00
        375 315.559716    0.02597     1.5583     93.500     18.431  48331.514    30.5653     9.1621     18.258    6.61816     9.1609    23.6234   11.95308 8.8484e-01 0.0000e+00
        376 315.559719    0.02604     1.5625     93.750     18.646  48331.512    30.5653     9.1626     18.471    6.61809     9.1609    23.6233   11.95298 8.5994e-01 0.0000e+00
        377 315.559722    0.02611     1.5667     94.000     18.867  48331.132    30.5650     9.1629     18.690    6.61806     9.1607    23.6230   11.95293 8.3582e-01 0.0000e+00
        378 315.559725    0.02618     1.5708     94.250     19.082  48330.419    30.5644     9.1629     18.903    6.61808     9.1602    23.6225   11.95297 8.1375e-01 0.0000e+00
        379 315.559728    0.02625     1.5750     94.500     19.281  48329.852    30.5639     9.1627     19.101    6.61813     9.1598    23.6222   11.95307 7.9442e-01 0.0000e+00
        380 315.559731    0.02632     1.5792     94.750     19.461  48329.827    30.5637     9.1622     19.278    6.61820     9.1594    23.6221   11.95318 7.7786e-01 0.0000e+00
        381 315.559734    0.02639     1.5833     95.000     19.621  48330.312    30.5639     9.1618     19.437    6.61826     9.1592    23.6224   11.95328 7.6350e-01 0.0000e+00
        382 315.559737    0.02646     1.5875     95.250     19.769  48331.093    30.5643     9.1615     19.584    6.61829     9.1592    23.6227   11.95332 7.5017e-01 0.0000e+00
        383 315.559740    0.02653     1.5917     95.500     19.916  48332.099    30.5649     9.1613     19.728    6.61829     9.1594    23.6232   11.95332 7.3677e-01 0.0000e+00
        384 315.559742    0.02660     1.5958     95.750     20.071  48333.327    30.5657     9.1612     19.882    6.61826     9.1598    23.6239   11.95325 7.2251e-01 0.0000e+00
        385 315.559745    0.02667     1.6000     96.000     20.242  48334.519    30.5665     9.1614     20.051    6.61819     9.1603    23.6245   11.95314 7.0680e-01 0.0000e+00
        386 315.559748    0.02674     1.6042     96.250     20.434  48335.439    30.5671     9.1618     20.242    6.61811     9.1610    23.6249   11.95299 6.8944e-01 0.0000e+00
        387 315.559751    0.02681     1.6083     96.500     20.648  48336.305    30.5677     9.1624     20.454    6.61800     9.1618    23.6253   11.95280 6.7078e-01 0.0000e+00
        388 315.559754    0.02688     1.6125     96.750     20.880  48337.625    30.5687     9.1631     20.683    6.61786     9.1630    23.6259   11.95255 6.5139e-01 0.0000e+00
        389 315.559757    0.02694     1.6167     97.000     21.122  48339.873    30.5702     9.1640     20.923    6.61767     9.1648    23.6270   11.95221 6.3219e-01 0.0000e+00
        390 315.559760    0.02701     1.6208     97.250     21.366  48343.273    30.5727     9.1651     21.165    6.61739     9.1673    23.6287   11.95172 6.1406e-01 0.0000e+00
        391 315.559763    0.02708     1.6250     97.500     21.601  48347.077    30.5755     9.1669     21.398    6.61700     9.1703    23.6306   11.95105 5.9739e-01 0.0000e+00
        392 315.559766    0.02715     1.6292     97.750     21.823  48349.634    30.5775     9.1695     21.618    6.61654     9.1732    23.6319   11.95025 5.8236e-01 0.0000e+00
        393 315.559769    0.02722     1.6333     98.000     22.028  48350.116    30.5782     9.1726     21.821    6.61606     9.1755    23.6319   11.94946 5.6887e-01 0.0000e+00
        394 315.559771    0.02729     1.6375     98.250     22.219  48348.627    30.5775     9.1755     22.010    6.61566     9.1769    23.6309   11.94881 5.5638e-01 0.0000e+00
        395 315.559774    0.02736     1.6417     98.500     22.401  48345.675    30.5756     9.1778     22.191    6.61540     9.1774    23.6291   11.94840 5.4432e-01 0.0000e+00
        396 315.559777    0.02743     1.6458     98.750     22.582  48342.381    30.5734     9.1792     22.370    6.61529     9.1770    23.6272   11.94823 5.3213e-01 0.0000e+00
        397 315.559780    0.02750     1.6500     99.000     22.769  48338.825    30.5709     9.1798     22.555    6.61532     9.1757    23.6251   11.94832 5.1951e-01 0.0000e+00
        398 315.559783    0.02757     1.6542     99.250     22.964  48334.838    30.5680     9.1794     22.748    6.61550     9.1737    23.6229   11.94865 5.0666e-01 0.0000e+00
        399 315.559786    0.02764     1.6583     99.500     23.166  48332.213    30.5659     9.1781     22.948    6.61578     9.1718    23.6215   11.94914 4.9402e-01 0.0000e+00
        400 315.559789    0.02771     1.6625     99.750     23.366  48332.197    30.5656     9.1762     23.146    6.61607     9.1703    23.6215   11.94964 4.8195e-01 0.0000e+00
        401 315.559792    0.02778     1.6667    100.000     23.558  48333.432    30.5661     9.1743     23.336    6.61633     9.1692    23.6222   11.95005 4.7081e-01 0.0000e+00
        402 315.559795    0.02785     1.6708    100.250     23.736  48334.322    30.5665     9.1728     23.512    6.61653     9.1683    23.6227   11.95038 4.6089e-01 0.0000e+00
        403 315.559797    0.02792     1.6750    100.500     23.899  48334.828    30.5666     9.1717     23.674    6.61669     9.1677    23.6230   11.95064 4.5203e-01 0.0000e+00
        404 315.559800    0.02799     1.6792    100.750     24.054  48335.438    30.5668     9.1708     23.828    6.61680     9.1674    23.6233   11.95083 4.4374e-01 0.0000e+00
        405 315.559803    0.02806     1.6833    101.000     24.209  48336.005    30.5671     9.1702     23.981    6.61688     9.1671    23.6236   11.95095 4.3547e-01 0.0000e+00
        406 315.559806    0.02813     1.6875    101.250     24.371  48336.378    30.5672     9.1699     24.142    6.61693     9.1670    23.6238   11.95103 4.2686e-01 0.0000e+00
        407 315.559809    0.02819     1.6917    101.500     24.546  48337.112    30.5676     9.1696     24.315    6.61695     9.1671    23.6242   11.95105 4.1762e-01 0.0000e+00
        408 315.559812    0.02826     1.6958    101.750     24.738  48338.101    30.5682     9.1696     24.505    6.61693     9.1674    23.6247   11.95102 4.0766e-01 0.0000e+00
        409 315.559815    0.02833     1.7000    102.000     24.948  48338.650    30.5685     9.1697     24.714    6.61690     9.1678    23.6249   11.95096 3.9703e-01 0.0000e+00
        410 315.559818    0.02840     1.7042    102.250     25.175  48338.973    30.5687     9.1700     24.938    6.61685     9.1683    23.6250   11.95088 3.8598e-01 0.0000e+00
        411 315.559821    0.02847     1.7083    102.500     25.409  48339.976    30.5694     9.1704     25.170    6.61677     9.1693    23.6254   11.95074 3.7516e-01 0.0000e+00
        412 315.559823    0.02854     1.7125    102.750     25.642  48342.616    30.5712     9.1709     25.400    6.61661     9.1709    23.6268   11.95045 3.6526e-01 0.0000e+00
        413 315.559826    0.02861     1.7167    103.000     25.860  48345.762    30.5734     9.1720     25.617    6.61636     9.1726    23.6284   11.95001 3.5667e-01 0.0000e+00
        414 315.559829    0.02868     1.7208    103.250     26.056  48347.011    30.5744     9.1736     25.811    6.61608     9.1741    23.6289   11.94953 3.4945e-01 0.0000e+00
        415 315.559832    0.02875     1.7250    103.500     26.228  48346.572    30.5743     9.1753     25.981    6.61583     9.1752    23.6285   11.94912 3.4335e-01 0.0000e+00
        416 315.559835    0.02882     1.7292    103.750     26.382  48345.755    30.5739     9.1768     26.134    6.61563     9.1759    23.6280   11.94879 3.3786e-01 0.0000e+00
        417 315.559838    0.02889     1.7333    104.000     26.531  48344.995    30.5734     9.1779     26.281    6.61549     9.1764    23.6275   11.94857 3.3234e-01 0.0000e+00
        418 315.559841    0.02896     1.7375    104.250     26.688  48344.663    30.5732     9.1786     26.437    6.61539     9.1768    23.6272   11.94841 3.2627e-01 0.0000e+00
        419 315.559844    0.02903     1.7417    104.500     26.863  48344.855    30.5733     9.1791     26.610    6.61531     9.1773    23.6272   11.94827 3.1941e-01 0.0000e+00
        420 315.559847    0.02910     1.7458    104.750     27.058  48345.272    30.5736     9.1796     26.804    6.61522     9.1778    23.6273   11.94813 3.1175e-01 0.0000e+00
        421 315.559850    0.02917     1.7500    105.000     27.272  48345.628    30.5739     9.1801     27.015    6.61514     9.1781    23.6274   11.94799 3.0367e-01 0.0000e+00
        422 315.559852    0.02924     1.7542    105.250     27.494  48345.417    30.5737     9.1806     27.235    6.61507     9.1782    23.6272   11.94788 2.9571e-01 0.0000e+00
        423 315.559855    0.02931     1.7583    105.500     27.713  48343.874    30.5726     9.1810     27.452    6.61506     9.1777    23.6263   11.94787 2.8823e-01 0.0000e+00
        424 315.559858    0.02937     1.7625    105.750     27.920  48341.783    30.5710     9.1811     27.657    6.61512     9.1772    23.6251   11.94799 2.8144e-01 0.0000e+00
        425 315.559861    0.02944     1.7667    106.000     28.107  48341.354    30.5706     9.1806     27.843    6.61520     9.1769    23.6248   11.94813 2.7540e-01 0.0000e+00
        426 315.559864    0.02951     1.7708    106.250     28.275  48342.742    30.5714     9.1801     28.009    6.61525     9.1771    23.6256   11.94819 2.7007e-01 0.0000e+00
        427 315.559867    0.02958     1.7750    106.500     28.428  48344.778    30.5727     9.1798     28.161    6.61523     9.1780    23.6266   11.94814 2.6522e-01 0.0000e+00
        428 315.559870    0.02965     1.7792    106.750     28.575  48347.982    30.5749     9.1800     28.306    6.61510     9.1797    23.6283   11.94791 2.6060e-01 0.0000e+00
        429 315.559873    0.02972     1.7833    107.000     28.724  48352.770    30.5783     9.1809     28.453    6.61483     9.1823    23.6309   11.94742 2.5591e-01 0.0000e+00
        430 315.559876    0.02979     1.7875    107.250     28.884  48357.687    30.5820     9.1827     28.612    6.61441     9.1855    23.6334   11.94668 2.5091e-01 0.0000e+00
        431 315.559878    0.02986     1.7917    107.500     29.062  48361.533    30.5849     9.1854     28.788    6.61390     9.1890    23.6354   11.94579 2.4554e-01 0.0000e+00
        432 315.559881    0.02993     1.7958    107.750     29.258  48364.898    30.5876     9.1885     28.982    6.61331     9.1927    23.6370   11.94480 2.3985e-01 0.0000e+00
        433 315.559884    0.03000     1.8000    108.000     29.469  48368.279    30.5904     9.1921     29.191    6.61268     9.1964    23.6386   11.94371 2.3392e-01 0.0000e+00
        434 315.559887    0.03007     1.8042    108.250     29.688  48371.070    30.5927     9.1958     29.408    6.61203     9.1996    23.6399   11.94260 2.2796e-01 0.0000e+00
        435 315.559890    0.03014     1.8083    108.500     29.906  48372.662    30.5943     9.1995     29.624    6.61142     9.2022    23.6405   11.94158 2.2232e-01 0.0000e+00
        436 315.559893    0.03021     1.8125    108.750     30.112  48373.236    30.5950     9.2028     29.828    6.61091     9.2041    23.6406   11.94072 2.1729e-01 0.0000e+00
        437 315.559896    0.03028     1.8167    109.000     30.301  48373.683    30.5956     9.2054     30.016    6.61050     9.2055    23.6407   11.94004 2.1287e-01 0.0000e+00
        438 315.559899    0.03035     1.8208    109.250     30.474  48374.491    30.5964     9.2073     30.187    6.61018     9.2065    23.6410   11.93950 2.0895e-01 0.0000e+00
        439 315.559902    0.03042     1.8250    109.500     30.634  48375.826    30.5974     9.2087     30.346    6.60993     9.2073    23.6416   11.93907 2.0535e-01 0.0000e+00
        440 315.559905    0.03049     1.8292    109.750     30.792  48377.767    30.5989     9.2097     30.502    6.60972     9.2080    23.6425   11.93870 2.0181e-01 0.0000e+00
        441 315.559907    0.03056     1.8333    110.000     30.955  48380.383    30.6007     9.2105     30.664    6.60952     9.2087    23.6439   11.93835 1.9814e-01 0.0000e+00
        442 315.559910    0.03062     1.8375    110.250     31.133  48384.419    30.6036     9.2112     30.840    6.60929     9.2095    23.6460   11.93794 1.9422e-01 0.0000e+00
        443 315.559913    0.03069     1.8417    110.500     31.328  48390.334    30.6078     9.2119     31.033    6.60901     9.2102    23.6491   11.93742 1.9008e-01 0.0000e+00
        444 315.559916    0.03076     1.8458    110.750     31.538  48397.531    30.6128     9.2127     31.241    6.60869     9.2109    23.6530   11.93682 1.8581e-01 0.0000e+00
        445 315.559919    0.03083     1.8500    111.000     31.758  48404.866    30.6180     9.2135     31.459    6.60835     9.2115    23.6569   11.93620 1.8145e-01 0.0000e+00
        446 315.559922    0.03090     1.8542    111.250     31.979  48411.578    30.6227     9.2142     31.678    6.60804     9.2118    23.6605   11.93563 1.7721e-01 0.0000e+00
        447 315.559925    0.03097     1.8583    111.500     32.193  48417.656    30.6269     9.2148     31.890    6.60777     9.2118    23.6637   11.93514 1.7333e-01 0.0000e+00
        448 315.559928    0.03104     1.8625    111.750     32.396  48422.799    30.6305     9.2151     32.090    6.60758     9.2115    23.6665   11.93477 1.6982e-01 0.0000e+00
        449 315.559931    0.03111     1.8667    112.000     32.586  48426.504    30.6330     9.2151     32.279    6.60747     9.2110    23.6684   11.93457 1.6656e-01 0.0000e+00
        450 315.559933    0.03118     1.8708    112.250     32.765  48428.999    30.6346     9.2148     32.456    6.60745     9.2104    23.6698   11.93451 1.6353e-01 0.0000e+00
        451 315.559936    0.03125     1.8750    112.500     32.934  48430.801    30.6358     9.2143     32.623    6.60747     9.2099    23.6707   11.93453 1.6069e-01 0.0000e+00
