CTD-processing/allCTD/CNV--turbid/2017_03-28_alongbay_skb05cast051.cnv
* Sea-Bird SBE19plus Data File:
* FileName = C:\Users\jwschloemer\Documents\CTD Data\2017_03_28_alongbay\2017_03_28_alongbay_cast051.hex
* Software Version 1.59
* Temperature SN =  4141
* Conductivity SN =  4141
* System UpLoad Time = Apr 03 2017 15:20:29
** Cook Inlet LTM Kbay Along Bay
** Date: 2017-03-28
** Station:KB05
** Start Time (AKST):13:12
** Depth (m):171
** Comment: R/V Edgecumbe
# nquan = 16
# nvalues = 945                         
# units = specified
# name 0 = scan: Scan Count
# name 1 = timeJ: Julian Days
# name 2 = timeH: Time, Elapsed [hours]
# name 3 = timeM: Time, Elapsed [minutes]
# name 4 = timeS: Time, Elapsed [seconds]
# name 5 = prdM: Pressure, Strain Gauge [db]
# name 6 = specc: Specific Conductance [uS/cm]
# name 7 = sal00: Salinity, Practical [PSU]
# name 8 = tv290C: Temperature [ITS-90, deg C]
# name 9 = depSM: Depth [salt water, m], lat = 59.00
# name 10 = oxsolML/L: Oxygen Saturation, Garcia & Gordon [ml/l]
# name 11 = potemp090C: Potential Temperature [ITS-90, deg C]
# name 12 = sigma-é00: Density [sigma-theta, kg/m^3]
# name 13 = n2satML/L: Nitrogen Saturation [ml/l]
# name 14 = par: PAR/Irradiance, Biospherical/Licor
# name 15 = flag:  0.000e+00
# span 0 =          1,        945       
# span 1 =  87.509155,  87.511887       
# span 2 =    0.00000,    0.06556       
# span 3 =     0.0000,     3.9333       
# span 4 =      0.000,    236.000       
# span 5 =     -0.159,    137.684       
# span 6 =   3562.252,  52234.247       
# span 7 =     1.8443,    32.0913       
# span 8 =     1.2822,     3.3161       
# span 9 =     -0.158,    136.351       
# span 10 =    7.51417,    9.74923      
# span 11 =     1.4144,     3.3080      
# span 12 =     1.4070,    25.5549      
# span 13 =   13.41476,   17.58671      
# span 14 = 3.8000e-02, 6.1363e+02      
# span 15 = 0.0000e+00, 0.0000e+00      
# interval = seconds: 0.25
# start_time = Mar 28 2017 12:13:11 [Instrument's time stamp, header]
# bad_flag = -9.990e-29
*END*
[from data line 724]
        725  87.511250    0.05028     3.0167    181.000     95.798  52192.851    32.0707     3.3083     94.880    7.51588     3.3037    25.5211   13.41764 3.8208e-02 0.0000e+00
        726  87.511253    0.05035     3.0208    181.250     96.020  52193.145    32.0709     3.3088     95.100    7.51577     3.3041    25.5212   13.41746 3.8241e-02 0.0000e+00
        727  87.511256    0.05042     3.0250    181.500     96.247  52193.368    32.0711     3.3093     95.325    7.51567     3.3045    25.5213   13.41729 3.8275e-02 0.0000e+00
        728  87.511259    0.05049     3.0292    181.750     96.469  52193.596    32.0712     3.3098     95.545    7.51557     3.3048    25.5214   13.41713 3.8272e-02 0.0000e+00
        729  87.511262    0.05056     3.0333    182.000     96.678  52193.707    32.0713     3.3102     95.752    7.51549     3.3051    25.5215   13.41700 3.8242e-02 0.0000e+00
        730  87.511264    0.05063     3.0375    182.250     96.874  52193.806    32.0714     3.3105     95.945    7.51543     3.3053    25.5215   13.41689 3.8220e-02 0.0000e+00
        731  87.511267    0.05069     3.0417    182.500     97.061  52193.914    32.0714     3.3108     96.131    7.51538     3.3055    25.5215   13.41681 3.8225e-02 0.0000e+00
        732  87.511270    0.05076     3.0458    182.750     97.249  52193.846    32.0713     3.3110     96.318    7.51534     3.3056    25.5214   13.41675 3.8245e-02 0.0000e+00
        733  87.511273    0.05083     3.0500    183.000     97.444  52193.780    32.0712     3.3112     96.510    7.51532     3.3057    25.5213   13.41671 3.8265e-02 0.0000e+00
        734  87.511276    0.05090     3.0542    183.250     97.643  52194.016    32.0713     3.3113     96.707    7.51529     3.3057    25.5213   13.41666 3.8276e-02 0.0000e+00
        735  87.511279    0.05097     3.0583    183.500     97.843  52194.451    32.0715     3.3115     96.905    7.51526     3.3058    25.5215   13.41660 3.8271e-02 0.0000e+00
        736  87.511282    0.05104     3.0625    183.750     98.040  52194.891    32.0717     3.3116     97.100    7.51523     3.3059    25.5217   13.41655 3.8269e-02 0.0000e+00
        737  87.511285    0.05111     3.0667    184.000     98.231  52195.271    32.0719     3.3116     97.290    7.51520     3.3060    25.5218   13.41651 3.8271e-02 0.0000e+00
        738  87.511288    0.05118     3.0708    184.250     98.419  52195.571    32.0720     3.3117     97.476    7.51518     3.3061    25.5219   13.41647 3.8274e-02 0.0000e+00
        739  87.511291    0.05125     3.0750    184.500     98.607  52195.886    32.0722     3.3118     97.662    7.51516     3.3061    25.5220   13.41643 3.8279e-02 0.0000e+00
        740  87.511293    0.05132     3.0792    184.750     98.801  52196.308    32.0724     3.3119     97.854    7.51513     3.3062    25.5222   13.41638 3.8273e-02 0.0000e+00
        741  87.511296    0.05139     3.0833    185.000     99.004  52196.729    32.0726     3.3120     98.055    7.51510     3.3062    25.5223   13.41633 3.8275e-02 0.0000e+00
        742  87.511299    0.05146     3.0875    185.250     99.214  52197.099    32.0728     3.3121     98.263    7.51507     3.3062    25.5224   13.41629 3.8296e-02 0.0000e+00
        743  87.511302    0.05153     3.0917    185.500     99.427  52197.544    32.0730     3.3121     98.474    7.51506     3.3062    25.5226   13.41626 3.8306e-02 0.0000e+00
        744  87.511305    0.05160     3.0958    185.750     99.636  52198.073    32.0732     3.3121     98.681    7.51504     3.3062    25.5228   13.41623 3.8295e-02 0.0000e+00
        745  87.511308    0.05167     3.1000    186.000     99.837  52198.550    32.0734     3.3121     98.880    7.51504     3.3061    25.5230   13.41622 3.8276e-02 0.0000e+00
        746  87.511311    0.05174     3.1042    186.250    100.035  52198.917    32.0736     3.3121     99.076    7.51504     3.3061    25.5231   13.41622 3.8250e-02 0.0000e+00
        747  87.511314    0.05181     3.1083    186.500    100.238  52199.271    32.0737     3.3120     99.277    7.51504     3.3060    25.5232   13.41621 3.8219e-02 0.0000e+00
        748  87.511317    0.05187     3.1125    186.750    100.450  52199.638    32.0738     3.3120     99.487    7.51504     3.3060    25.5233   13.41620 3.8188e-02 0.0000e+00
        749  87.511319    0.05194     3.1167    187.000    100.672  52199.902    32.0739     3.3120     99.707    7.51504     3.3060    25.5234   13.41620 3.8186e-02 0.0000e+00
        750  87.511322    0.05201     3.1208    187.250    100.894  52200.008    32.0738     3.3120     99.927    7.51505     3.3060    25.5233   13.41622 3.8203e-02 0.0000e+00
        751  87.511325    0.05208     3.1250    187.500    101.105  52200.039    32.0737     3.3119    100.135    7.51505     3.3059    25.5233   13.41623 3.8175e-02 0.0000e+00
        752  87.511328    0.05215     3.1292    187.750    101.297  52200.097    32.0737     3.3119    100.325    7.51506     3.3059    25.5232   13.41625 3.8113e-02 0.0000e+00
        753  87.511331    0.05222     3.1333    188.000    101.471  52200.217    32.0737     3.3119    100.497    7.51506     3.3059    25.5232   13.41625 3.8061e-02 0.0000e+00
        754  87.511334    0.05229     3.1375    188.250    101.636  52200.409    32.0737     3.3119    100.661    7.51506     3.3059    25.5232   13.41625 3.8035e-02 0.0000e+00
        755  87.511337    0.05236     3.1417    188.500    101.805  52200.644    32.0738     3.3119    100.828    7.51506     3.3059    25.5233   13.41625 3.8033e-02 0.0000e+00
        756  87.511340    0.05243     3.1458    188.750    101.985  52200.846    32.0738     3.3119    101.007    7.51506     3.3058    25.5233   13.41625 3.8041e-02 0.0000e+00
        757  87.511343    0.05250     3.1500    189.000    102.178  52201.040    32.0738     3.3119    101.197    7.51506     3.3058    25.5234   13.41624 3.8040e-02 0.0000e+00
        758  87.511345    0.05257     3.1542    189.250    102.379  52201.363    32.0739     3.3118    101.396    7.51505     3.3058    25.5235   13.41623 3.8021e-02 0.0000e+00
        759  87.511348    0.05264     3.1583    189.500    102.582  52201.795    32.0741     3.3118    101.597    7.51504     3.3058    25.5236   13.41621 3.8000e-02 0.0000e+00
        760  87.511351    0.05271     3.1625    189.750    102.782  52202.216    32.0743     3.3118    101.795    7.51503     3.3058    25.5237   13.41619 3.8006e-02 0.0000e+00
        761  87.511354    0.05278     3.1667    190.000    102.977  52202.547    32.0745     3.3119    101.989    7.51502     3.3059    25.5238   13.41617 3.8031e-02 0.0000e+00
        762  87.511357    0.05285     3.1708    190.250    103.171  52202.696    32.0745     3.3119    102.181    7.51501     3.3059    25.5238   13.41616 3.8052e-02 0.0000e+00
        763  87.511360    0.05292     3.1750    190.500    103.367  52202.614    32.0743     3.3120    102.375    7.51501     3.3059    25.5237   13.41616 3.8076e-02 0.0000e+00
        764  87.511363    0.05299     3.1792    190.750    103.566  52202.369    32.0740     3.3120    102.572    7.51502     3.3059    25.5235   13.41618 3.8120e-02 0.0000e+00
        765  87.511366    0.05306     3.1833    191.000    103.766  52202.229    32.0738     3.3120    102.770    7.51503     3.3059    25.5233   13.41619 3.8169e-02 0.0000e+00
        766  87.511369    0.05312     3.1875    191.250    103.963  52202.302    32.0738     3.3121    102.965    7.51503     3.3059    25.5233   13.41619 3.8190e-02 0.0000e+00
        767  87.511372    0.05319     3.1917    191.500    104.154  52202.326    32.0737     3.3121    103.154    7.51503     3.3059    25.5233   13.41619 3.8185e-02 0.0000e+00
        768  87.511374    0.05326     3.1958    191.750    104.339  52202.264    32.0736     3.3121    103.338    7.51503     3.3060    25.5232   13.41620 3.8184e-02 0.0000e+00
        769  87.511377    0.05333     3.2000    192.000    104.525  52202.324    32.0735     3.3121    103.522    7.51503     3.3060    25.5231   13.41620 3.8198e-02 0.0000e+00
        770  87.511380    0.05340     3.2042    192.250    104.716  52202.511    32.0736     3.3122    103.711    7.51502     3.3059    25.5231   13.41619 3.8226e-02 0.0000e+00
        771  87.511383    0.05347     3.2083    192.500    104.913  52202.726    32.0736     3.3122    103.906    7.51502     3.3059    25.5232   13.41618 3.8264e-02 0.0000e+00
        772  87.511386    0.05354     3.2125    192.750    105.114  52202.974    32.0737     3.3122    104.105    7.51502     3.3059    25.5232   13.41618 3.8286e-02 0.0000e+00
        773  87.511389    0.05361     3.2167    193.000    105.311  52203.295    32.0738     3.3121    104.300    7.51502     3.3058    25.5233   13.41617 3.8284e-02 0.0000e+00
        774  87.511392    0.05368     3.2208    193.250    105.498  52203.580    32.0739     3.3121    104.485    7.51502     3.3058    25.5234   13.41617 3.8277e-02 0.0000e+00
        775  87.511395    0.05375     3.2250    193.500    105.668  52203.725    32.0739     3.3121    104.654    7.51502     3.3057    25.5234   13.41618 3.8273e-02 0.0000e+00
        776  87.511398    0.05382     3.2292    193.750    105.825  52203.835    32.0739     3.3120    104.809    7.51503     3.3057    25.5234   13.41619 3.8280e-02 0.0000e+00
        777  87.511400    0.05389     3.2333    194.000    105.980  52204.036    32.0739     3.3120    104.963    7.51503     3.3057    25.5234   13.41620 3.8302e-02 0.0000e+00
        778  87.511403    0.05396     3.2375    194.250    106.149  52204.337    32.0740     3.3120    105.130    7.51503     3.3057    25.5235   13.41619 3.8338e-02 0.0000e+00
        779  87.511406    0.05403     3.2417    194.500    106.340  52204.675    32.0742     3.3120    105.319    7.51502     3.3057    25.5236   13.41618 3.8367e-02 0.0000e+00
        780  87.511409    0.05410     3.2458    194.750    106.552  52205.003    32.0743     3.3120    105.529    7.51502     3.3057    25.5237   13.41617 3.8380e-02 0.0000e+00
        781  87.511412    0.05417     3.2500    195.000    106.774  52205.240    32.0743     3.3120    105.749    7.51501     3.3057    25.5238   13.41617 3.8384e-02 0.0000e+00
        782  87.511415    0.05424     3.2542    195.250    106.991  52205.302    32.0743     3.3120    105.964    7.51501     3.3057    25.5237   13.41616 3.8372e-02 0.0000e+00
        783  87.511418    0.05431     3.2583    195.500    107.192  52205.337    32.0742     3.3120    106.163    7.51501     3.3057    25.5236   13.41616 3.8354e-02 0.0000e+00
        784  87.511421    0.05438     3.2625    195.750    107.375  52205.494    32.0742     3.3121    106.344    7.51501     3.3057    25.5237   13.41615 3.8342e-02 0.0000e+00
        785  87.511424    0.05444     3.2667    196.000    107.545  52205.656    32.0743     3.3121    106.512    7.51500     3.3058    25.5237   13.41614 3.8341e-02 0.0000e+00
        786  87.511427    0.05451     3.2708    196.250    107.714  52205.716    32.0742     3.3121    106.680    7.51500     3.3058    25.5237   13.41613 3.8352e-02 0.0000e+00
        787  87.511429    0.05458     3.2750    196.500    107.891  52205.741    32.0741     3.3121    106.855    7.51499     3.3058    25.5236   13.41613 3.8365e-02 0.0000e+00
        788  87.511432    0.05465     3.2792    196.750    108.080  52205.765    32.0741     3.3122    107.042    7.51499     3.3058    25.5236   13.41613 3.8372e-02 0.0000e+00
        789  87.511435    0.05472     3.2833    197.000    108.280  52205.799    32.0740     3.3122    107.240    7.51500     3.3057    25.5235   13.41613 3.8375e-02 0.0000e+00
        790  87.511438    0.05479     3.2875    197.250    108.485  52205.882    32.0739     3.3122    107.443    7.51500     3.3057    25.5234   13.41614 3.8368e-02 0.0000e+00
        791  87.511441    0.05486     3.2917    197.500    108.685  52206.033    32.0739     3.3122    107.641    7.51500     3.3057    25.5234   13.41615 3.8351e-02 0.0000e+00
        792  87.511444    0.05493     3.2958    197.750    108.877  52206.278    32.0740     3.3121    107.832    7.51500     3.3057    25.5235   13.41615 3.8336e-02 0.0000e+00
        793  87.511447    0.05500     3.3000    198.000    109.061  52206.567    32.0741     3.3121    108.013    7.51500     3.3057    25.5236   13.41614 3.8328e-02 0.0000e+00
        794  87.511450    0.05507     3.3042    198.250    109.240  52206.852    32.0742     3.3122    108.191    7.51499     3.3057    25.5237   13.41612 3.8323e-02 0.0000e+00
        795  87.511453    0.05514     3.3083    198.500    109.420  52207.103    32.0743     3.3122    108.369    7.51499     3.3056    25.5237   13.41611 3.8320e-02 0.0000e+00
        796  87.511455    0.05521     3.3125    198.750    109.604  52207.288    32.0743     3.3121    108.550    7.51499     3.3056    25.5237   13.41611 3.8316e-02 0.0000e+00
        797  87.511458    0.05528     3.3167    199.000    109.792  52207.467    32.0744     3.3121    108.737    7.51499     3.3056    25.5238   13.41611 3.8316e-02 0.0000e+00
        798  87.511461    0.05535     3.3208    199.250    109.989  52207.643    32.0744     3.3121    108.932    7.51498     3.3056    25.5238   13.41611 3.8329e-02 0.0000e+00
        799  87.511464    0.05542     3.3250    199.500    110.195  52207.806    32.0744     3.3122    109.136    7.51498     3.3056    25.5238   13.41611 3.8353e-02 0.0000e+00
        800  87.511467    0.05549     3.3292    199.750    110.410  52207.921    32.0744     3.3122    109.349    7.51498     3.3056    25.5237   13.41610 3.8382e-02 0.0000e+00
        801  87.511470    0.05556     3.3333    200.000    110.629  52207.959    32.0743     3.3122    109.566    7.51498     3.3056    25.5237   13.41611 3.8390e-02 0.0000e+00
        802  87.511473    0.05563     3.3375    200.250    110.848  52208.005    32.0742     3.3122    109.782    7.51498     3.3056    25.5236   13.41611 3.8369e-02 0.0000e+00
        803  87.511476    0.05569     3.3417    200.500    111.059  52208.077    32.0741     3.3122    109.991    7.51499     3.3056    25.5236   13.41612 3.8353e-02 0.0000e+00
        804  87.511479    0.05576     3.3458    200.750    111.258  52208.195    32.0741     3.3122    110.189    7.51499     3.3056    25.5236   13.41612 3.8354e-02 0.0000e+00
        805  87.511481    0.05583     3.3500    201.000    111.444  52208.344    32.0741     3.3122    110.373    7.51499     3.3055    25.5236   13.41613 3.8349e-02 0.0000e+00
        806  87.511484    0.05590     3.3542    201.250    111.619  52208.449    32.0740     3.3122    110.546    7.51499     3.3055    25.5235   13.41613 3.8329e-02 0.0000e+00
        807  87.511487    0.05597     3.3583    201.500    111.788  52208.577    32.0740     3.3122    110.713    7.51499     3.3055    25.5235   13.41614 3.8311e-02 0.0000e+00
        808  87.511490    0.05604     3.3625    201.750    111.959  52208.763    32.0741     3.3122    110.883    7.51500     3.3055    25.5236   13.41614 3.8306e-02 0.0000e+00
        809  87.511493    0.05611     3.3667    202.000    112.140  52209.009    32.0742     3.3121    111.062    7.51500     3.3054    25.5236   13.41614 3.8309e-02 0.0000e+00
        810  87.511496    0.05618     3.3708    202.250    112.336  52209.355    32.0743     3.3121    111.255    7.51499     3.3054    25.5237   13.41613 3.8304e-02 0.0000e+00
        811  87.511499    0.05625     3.3750    202.500    112.546  52209.694    32.0744     3.3121    111.463    7.51499     3.3054    25.5238   13.41612 3.8298e-02 0.0000e+00
        812  87.511502    0.05632     3.3792    202.750    112.763  52209.989    32.0745     3.3121    111.678    7.51498     3.3055    25.5239   13.41611 3.8318e-02 0.0000e+00
        813  87.511505    0.05639     3.3833    203.000    112.975  52210.290    32.0746     3.3121    111.888    7.51497     3.3055    25.5240   13.41609 3.8340e-02 0.0000e+00
