CTD-processing/allCTD/CNV--turbid/2017_04-20_t9_s10_cast165.cnv
* Sea-Bird SBE19plus Data File:
* FileName = P:\My Documents\kasitsna\Research-KBL\Oceanography-AK\CTD-Data-ALL-to-2017-02\2017-CTD-KachemakBay-CookInlet\2017-04-20-CookInlet-Tran9-HomerSpit\2017-04-20-CookInlet-Tran9-cast165.hex
* Software Version 1.59
* Temperature SN =  4141
* Conductivity SN =  4141
* System UpLoad Time = Apr 24 2017 21:53:05
** Cook Inlet LTM Transect 9 Homer Spit south to north
** Date: 2017-04-20
** Station: (eg. 9-01): 9-10
** Start time (AKDT): 22:51
** Depth (m): 62.2
** Comment: R/V Alaska Dreamcatcher
** Comment:
# nquan = 16
# nvalues = 493                         
# units = specified
# name 0 = scan: Scan Count
# name 1 = timeJ: Julian Days
# name 2 = timeH: Time, Elapsed [hours]
# name 3 = timeM: Time, Elapsed [minutes]
# name 4 = timeS: Time, Elapsed [seconds]
# name 5 = prdM: Pressure, Strain Gauge [db]
# name 6 = specc: Specific Conductance [uS/cm]
# name 7 = sal00: Salinity, Practical [PSU]
# name 8 = tv290C: Temperature [ITS-90, deg C]
# name 9 = depSM: Depth [salt water, m], lat = 59.00
# name 10 = oxsolML/L: Oxygen Saturation, Garcia & Gordon [ml/l]
# name 11 = potemp090C: Potential Temperature [ITS-90, deg C]
# name 12 = sigma-é00: Density [sigma-theta, kg/m^3]
# name 13 = n2satML/L: Nitrogen Saturation [ml/l]
# name 14 = par: PAR/Irradiance, Biospherical/Licor
# name 15 = flag:  0.000e+00
# span 0 =          1,        493       
# span 1 = 110.952708, 110.954132       
# span 2 =    0.00000,    0.03417       
# span 3 =     0.0000,     2.0500       
# span 4 =      0.000,    123.000       
# span 5 =      0.045,     62.284       
# span 6 =   1412.139,  51934.466       
# span 7 =     0.6869,    31.9782       
# span 8 =     3.3658,     5.9340       
# span 9 =      0.045,     61.693       
# span 10 =    7.10152,    8.95682      
# span 11 =     3.3621,     5.9339      
# span 12 =     0.5217,    25.4018      
# span 13 =   12.74551,   16.27878      
# span 14 = 3.6382e-02, 1.0141e-01      
# span 15 = 0.0000e+00, 0.0000e+00      
# interval = seconds: 0.25
# start_time = Apr 20 2017 22:51:54 [Instrument's time stamp, header]
# bad_flag = -9.990e-29
*END*
[from data line 181]
        182 110.953232    0.01257     0.7542     45.250      1.216  49720.653    30.9948     5.8212      1.205    7.12482     5.8172    24.4101   12.78595 3.6382e-02 0.0000e+00
        183 110.953235    0.01264     0.7583     45.500      1.216  49720.305    30.9942     5.8192      1.205    7.12519     5.8154    24.4098   12.78656 3.6382e-02 0.0000e+00
        184 110.953238    0.01271     0.7625     45.750      1.216  49720.402    30.9939     5.8173      1.205    7.12552     5.8136    24.4098   12.78712 3.6382e-02 0.0000e+00
        185 110.953241    0.01278     0.7667     46.000      1.215  49720.853    30.9939     5.8155      1.204    7.12583     5.8119    24.4100   12.78763 3.6382e-02 0.0000e+00
        186 110.953244    0.01285     0.7708     46.250      1.215  49721.527    30.9940     5.8137      1.204    7.12612     5.8103    24.4103   12.78811 3.6382e-02 0.0000e+00
        187 110.953247    0.01292     0.7750     46.500      1.214  49722.338    30.9942     5.8120      1.203    7.12639     5.8087    24.4107   12.78856 3.6382e-02 0.0000e+00
        188 110.953249    0.01299     0.7792     46.750      1.213  49723.264    30.9945     5.8103      1.202    7.12666     5.8071    24.4112   12.78899 3.6382e-02 0.0000e+00
        189 110.953252    0.01306     0.7833     47.000      1.212  49724.307    30.9949     5.8087      1.201    7.12691     5.8056    24.4117   12.78940 3.6382e-02 0.0000e+00
        190 110.953255    0.01313     0.7875     47.250      1.211  49725.495    30.9955     5.8072      1.200    7.12715     5.8040    24.4123   12.78979 3.6382e-02 0.0000e+00
        191 110.953258    0.01319     0.7917     47.500      1.211  49726.853    30.9961     5.8056      1.200    7.12738     5.8025    24.4129   12.79016 3.6382e-02 0.0000e+00
        192 110.953261    0.01326     0.7958     47.750      1.211  49728.394    30.9968     5.8041      1.200    7.12760     5.8009    24.4137   12.79051 3.6382e-02 0.0000e+00
        193 110.953264    0.01333     0.8000     48.000      1.212  49730.219    30.9978     5.8026      1.201    7.12781     5.7993    24.4147   12.79084 3.6382e-02 0.0000e+00
        194 110.953267    0.01340     0.8042     48.250      1.212  49732.411    30.9990     5.8010      1.201    7.12801     5.7977    24.4158   12.79117 3.6382e-02 0.0000e+00
        195 110.953270    0.01347     0.8083     48.500      1.213  49734.848    31.0004     5.7994      1.202    7.12822     5.7959    24.4171   12.79150 3.6382e-02 0.0000e+00
        196 110.953273    0.01354     0.8125     48.750      1.214  49737.276    31.0017     5.7977      1.203    7.12845     5.7942    24.4183   12.79185 3.6382e-02 0.0000e+00
        197 110.953275    0.01361     0.8167     49.000      1.214  49739.465    31.0029     5.7959      1.203    7.12868     5.7925    24.4194   12.79222 3.6382e-02 0.0000e+00
        198 110.953278    0.01368     0.8208     49.250      1.215  49741.303    31.0038     5.7942      1.204    7.12893     5.7910    24.4203   12.79261 3.6382e-02 0.0000e+00
        199 110.953281    0.01375     0.8250     49.500      1.215  49742.845    31.0046     5.7926      1.204    7.12917     5.7895    24.4211   12.79301 3.6382e-02 0.0000e+00
        200 110.953284    0.01382     0.8292     49.750      1.215  49744.274    31.0052     5.7911      1.204    7.12940     5.7881    24.4218   12.79338 3.6382e-02 0.0000e+00
        201 110.953287    0.01389     0.8333     50.000      1.214  49745.746    31.0060     5.7896      1.203    7.12961     5.7869    24.4226   12.79372 3.6382e-02 0.0000e+00
        202 110.953290    0.01396     0.8375     50.250      1.214  49747.329    31.0068     5.7882      1.203    7.12980     5.7856    24.4234   12.79402 3.6382e-02 0.0000e+00
        203 110.953293    0.01403     0.8417     50.500      1.215  49749.069    31.0078     5.7870      1.204    7.12997     5.7843    24.4243   12.79429 3.6382e-02 0.0000e+00
        204 110.953296    0.01410     0.8458     50.750      1.215  49751.020    31.0089     5.7857      1.204    7.13013     5.7829    24.4253   12.79455 3.6382e-02 0.0000e+00
        205 110.953299    0.01417     0.8500     51.000      1.216  49753.195    31.0101     5.7844      1.205    7.13030     5.7814    24.4264   12.79481 3.6382e-02 0.0000e+00
        206 110.953302    0.01424     0.8542     51.250      1.217  49755.492    31.0114     5.7830      1.206    7.13047     5.7800    24.4276   12.79508 3.6382e-02 0.0000e+00
        207 110.953304    0.01431     0.8583     51.500      1.218  49757.728    31.0127     5.7815      1.206    7.13065     5.7786    24.4288   12.79536 3.6382e-02 0.0000e+00
        208 110.953307    0.01438     0.8625     51.750      1.219  49759.711    31.0138     5.7801      1.207    7.13084     5.7772    24.4298   12.79566 3.6382e-02 0.0000e+00
        209 110.953310    0.01444     0.8667     52.000      1.219  49761.338    31.0146     5.7787      1.208    7.13104     5.7759    24.4307   12.79598 3.6382e-02 0.0000e+00
        210 110.953313    0.01451     0.8708     52.250      1.219  49762.701    31.0152     5.7773      1.208    7.13124     5.7747    24.4314   12.79629 3.6382e-02 0.0000e+00
        211 110.953316    0.01458     0.8750     52.500      1.218  49763.975    31.0159     5.7760      1.207    7.13143     5.7735    24.4320   12.79659 3.6382e-02 0.0000e+00
        212 110.953319    0.01465     0.8792     52.750      1.217  49765.261    31.0165     5.7748      1.206    7.13161     5.7724    24.4327   12.79688 3.6382e-02 0.0000e+00
        213 110.953322    0.01472     0.8833     53.000      1.216  49766.628    31.0172     5.7736      1.205    7.13177     5.7713    24.4334   12.79714 3.6382e-02 0.0000e+00
        214 110.953325    0.01479     0.8875     53.250      1.215  49768.139    31.0180     5.7725      1.204    7.13192     5.7702    24.4341   12.79738 3.6382e-02 0.0000e+00
        215 110.953328    0.01486     0.8917     53.500      1.215  49769.813    31.0190     5.7714      1.204    7.13206     5.7691    24.4350   12.79760 3.6382e-02 0.0000e+00
        216 110.953330    0.01493     0.8958     53.750      1.214  49771.653    31.0200     5.7703      1.203    7.13220     5.7680    24.4359   12.79781 3.6382e-02 0.0000e+00
        217 110.953333    0.01500     0.9000     54.000      1.214  49773.691    31.0212     5.7692      1.203    7.13233     5.7669    24.4370   12.79801 3.6382e-02 0.0000e+00
        218 110.953336    0.01507     0.9042     54.250      1.214  49775.922    31.0225     5.7681      1.203    7.13245     5.7658    24.4382   12.79820 3.6382e-02 0.0000e+00
        219 110.953339    0.01514     0.9083     54.500      1.214  49778.312    31.0240     5.7670      1.203    7.13257     5.7648    24.4394   12.79838 3.6382e-02 0.0000e+00
        220 110.953342    0.01521     0.9125     54.750      1.214  49780.860    31.0255     5.7659      1.203    7.13267     5.7639    24.4408   12.79854 3.6382e-02 0.0000e+00
        221 110.953345    0.01528     0.9167     55.000      1.215  49783.546    31.0272     5.7649      1.204    7.13276     5.7630    24.4422   12.79867 3.6382e-02 0.0000e+00
        222 110.953348    0.01535     0.9208     55.250      1.215  49786.263    31.0289     5.7640      1.204    7.13284     5.7623    24.4437   12.79877 3.6382e-02 0.0000e+00
        223 110.953351    0.01542     0.9250     55.500      1.216  49788.780    31.0305     5.7631      1.205    7.13290     5.7616    24.4450   12.79886 3.6382e-02 0.0000e+00
        224 110.953354    0.01549     0.9292     55.750      1.216  49790.838    31.0318     5.7624      1.205    7.13297     5.7610    24.4461   12.79895 3.6382e-02 0.0000e+00
        225 110.953356    0.01556     0.9333     56.000      1.217  49792.417    31.0327     5.7617      1.206    7.13303     5.7604    24.4469   12.79904 3.6382e-02 0.0000e+00
        226 110.953359    0.01563     0.9375     56.250      1.217  49793.799    31.0335     5.7611      1.206    7.13310     5.7599    24.4477   12.79914 3.6382e-02 0.0000e+00
        227 110.953362    0.01569     0.9417     56.500      1.218  49795.314    31.0345     5.7605      1.207    7.13316     5.7593    24.4485   12.79923 3.6382e-02 0.0000e+00
        228 110.953365    0.01576     0.9458     56.750      1.219  49797.084    31.0356     5.7599      1.208    7.13320     5.7588    24.4494   12.79929 3.6382e-02 0.0000e+00
        229 110.953368    0.01583     0.9500     57.000      1.221  49799.022    31.0368     5.7594      1.209    7.13324     5.7583    24.4504   12.79934 3.6382e-02 0.0000e+00
        230 110.953371    0.01590     0.9542     57.250      1.222  49800.971    31.0380     5.7588      1.210    7.13328     5.7578    24.4515   12.79938 3.6382e-02 0.0000e+00
        231 110.953374    0.01597     0.9583     57.500      1.223  49802.926    31.0393     5.7584      1.211    7.13330     5.7574    24.4525   12.79940 3.6382e-02 0.0000e+00
        232 110.953377    0.01604     0.9625     57.750      1.224  49805.122    31.0407     5.7579      1.213    7.13331     5.7570    24.4537   12.79940 3.6382e-02 0.0000e+00
        233 110.953380    0.01611     0.9667     58.000      1.227  49808.049    31.0426     5.7575      1.216    7.13329     5.7566    24.4553   12.79934 3.6382e-02 0.0000e+00
        234 110.953383    0.01618     0.9708     58.250      1.233  49812.607    31.0457     5.7571      1.222    7.13321     5.7565    24.4577   12.79917 3.6382e-02 0.0000e+00
        235 110.953385    0.01625     0.9750     58.500      1.243  49820.252    31.0509     5.7567      1.232    7.13302     5.7567    24.4619   12.79879 3.6382e-02 0.0000e+00
        236 110.953388    0.01632     0.9792     58.750      1.262  49833.135    31.0598     5.7566      1.251    7.13262     5.7576    24.4689   12.79802 3.6382e-02 0.0000e+00
        237 110.953391    0.01639     0.9833     59.000      1.295  49854.430    31.0745     5.7568      1.283    7.13189     5.7596    24.4805   12.79662 3.6382e-02 0.0000e+00
        238 110.953394    0.01646     0.9875     59.250      1.349  49888.403    31.0980     5.7577      1.337    7.13062     5.7624    24.4990   12.79422 3.6382e-02 0.0000e+00
        239 110.953397    0.01653     0.9917     59.500      1.437  49934.803    31.1303     5.7597      1.424    7.12875     5.7638    24.5243   12.79072 3.6382e-02 0.0000e+00
        240 110.953400    0.01660     0.9958     59.750      1.565  49981.246    31.1628     5.7625      1.551    7.12674     5.7607    24.5496   12.78698 3.6382e-02 0.0000e+00
        241 110.953403    0.01667     1.0000     60.000      1.730  50014.147    31.1857     5.7639      1.714    7.12542     5.7518    24.5675   12.78450 3.6382e-02 0.0000e+00
        242 110.953406    0.01674     1.0042     60.250      1.921  50034.529    31.1990     5.7608      1.903    7.12531     5.7384    24.5784   12.78414 3.6382e-02 0.0000e+00
        243 110.953409    0.01681     1.0083     60.500      2.131  50052.046    31.2093     5.7519      2.110    7.12632     5.7236    24.5875   12.78569 3.6382e-02 0.0000e+00
        244 110.953411    0.01688     1.0125     60.750      2.353  50073.004    31.2210     5.7386      2.331    7.12802     5.7104    24.5983   12.78834 3.6382e-02 0.0000e+00
        245 110.953414    0.01694     1.0167     61.000      2.584  50097.090    31.2345     5.7238      2.560    7.12987     5.7014    24.6108   12.79123 3.6382e-02 0.0000e+00
        246 110.953417    0.01701     1.0208     61.250      2.820  50121.082    31.2484     5.7106      2.794    7.13143     5.6976    24.6232   12.79364 3.6382e-02 0.0000e+00
        247 110.953420    0.01708     1.0250     61.500      3.058  50141.650    31.2607     5.7016      3.029    7.13236     5.6978    24.6340   12.79502 3.6382e-02 0.0000e+00
        248 110.953423    0.01715     1.0292     61.750      3.296  50155.106    31.2691     5.6978      3.265    7.13261     5.7002    24.6411   12.79532 3.6382e-02 0.0000e+00
        249 110.953426    0.01722     1.0333     62.000      3.532  50160.507    31.2728     5.6981      3.499    7.13239     5.7028    24.6439   12.79490 3.6382e-02 0.0000e+00
        250 110.953429    0.01729     1.0375     62.250      3.766  50160.399    31.2730     5.7005      3.731    7.13197     5.7042    24.6439   12.79421 3.6382e-02 0.0000e+00
        251 110.953432    0.01736     1.0417     62.500      4.001  50157.525    31.2715     5.7032      3.963    7.13160     5.7031    24.6424   12.79362 3.6382e-02 0.0000e+00
        252 110.953435    0.01743     1.0458     62.750      4.236  50153.615    31.2689     5.7046      4.197    7.13148     5.6985    24.6402   12.79346 3.6382e-02 0.0000e+00
        253 110.953438    0.01750     1.0500     63.000      4.473  50150.207    31.2663     5.7035      4.432    7.13180     5.6889    24.6382   12.79401 3.6382e-02 0.0000e+00
        254 110.953440    0.01757     1.0542     63.250      4.710  50147.995    31.2637     5.6988      4.666    7.13271     5.6725    24.6367   12.79554 3.6382e-02 0.0000e+00
        255 110.953443    0.01764     1.0583     63.500      4.947  50146.573    31.2607     5.6893      4.901    7.13446     5.6468    24.6354   12.79848 3.6382e-02 0.0000e+00
        256 110.953446    0.01771     1.0625     63.750      5.183  50146.800    31.2574     5.6728      5.135    7.13740     5.6104    24.6347   12.80338 3.6382e-02 0.0000e+00
        257 110.953449    0.01778     1.0667     64.000      5.421  50152.268    31.2559     5.6471      5.370    7.14182     5.5641    24.6364   12.81070 3.6382e-02 0.0000e+00
        258 110.953452    0.01785     1.0708     64.250      5.661  50168.770    31.2599     5.6108      5.608    7.14779     5.5113    24.6437   12.82052 3.6382e-02 0.0000e+00
        259 110.953455    0.01792     1.0750     64.500      5.902  50202.316    31.2735     5.5645      5.847    7.15500     5.4579    24.6598   12.83225 3.6382e-02 0.0000e+00
        260 110.953458    0.01799     1.0792     64.750      6.146  50254.381    31.2986     5.5118      6.088    7.16276     5.4091    24.6856   12.84474 3.6382e-02 0.0000e+00
        261 110.953461    0.01806     1.0833     65.000      6.390  50318.753    31.3319     5.4584      6.330    7.17025     5.3674    24.7180   12.85669 3.6382e-02 0.0000e+00
        262 110.953464    0.01812     1.0875     65.250      6.634  50386.274    31.3683     5.4095      6.573    7.17683     5.3333    24.7523   12.86710 3.6382e-02 0.0000e+00
        263 110.953466    0.01819     1.0917     65.500      6.881  50451.185    31.4044     5.3679      6.816    7.18221     5.3066    24.7854   12.87553 3.6382e-02 0.0000e+00
        264 110.953469    0.01826     1.0958     65.750      7.130  50510.554    31.4381     5.3338      7.063    7.18642     5.2871    24.8159   12.88203 3.6382e-02 0.0000e+00
        265 110.953472    0.01833     1.1000     66.000      7.386  50562.514    31.4682     5.3071      7.317    7.18953     5.2745    24.8428   12.88679 3.6382e-02 0.0000e+00
        266 110.953475    0.01840     1.1042     66.250      7.652  50607.609    31.4951     5.2877      7.580    7.19156     5.2677    24.8662   12.88979 3.6382e-02 0.0000e+00
        267 110.953478    0.01847     1.1083     66.500      7.932  50648.843    31.5207     5.2751      7.858    7.19249     5.2662    24.8879   12.89100 3.6382e-02 0.0000e+00
        268 110.953481    0.01854     1.1125     66.750      8.232  50691.050    31.5482     5.2684      8.155    7.19231     5.2695    24.9104   12.89037 3.6382e-02 0.0000e+00
        269 110.953484    0.01861     1.1167     67.000      8.549  50739.056    31.5808     5.2669      8.469    7.19100     5.2771    24.9364   12.88779 3.6382e-02 0.0000e+00
        270 110.953487    0.01868     1.1208     67.250      8.881  50794.505    31.6196     5.2702      8.797    7.18858     5.2879    24.9667   12.88329 3.6382e-02 0.0000e+00
        271 110.953490    0.01875     1.1250     67.500      9.224  50855.490    31.6630     5.2778      9.137    7.18520     5.3012    25.0002   12.87715 3.6382e-02 0.0000e+00
