CTD-processing/allCTD/CNV--turbid/2017_09-22_alongbay_skb05_cast030.cnv
* Sea-Bird SBE19plus Data File:
* FileName = C:\Users\Kim.Powell\Desktop\Not Processed\2017\2017_09-22\2017_09-22_TRANSECT_STATION_cast030.hex
* Software Version 1.59
* Temperature SN =  4141
* Conductivity SN =  4141
* System UpLoad Time = Oct 11 2017 10:39:37
** 2017_09-22
** Station: KB05
** Start Time: 12:13
** Depth (m): 162.5
** Comment:
** Comment:
# nquan = 16
# nvalues = 1068                        
# units = specified
# name 0 = scan: Scan Count
# name 1 = timeJ: Julian Days
# name 2 = timeH: Time, Elapsed [hours]
# name 3 = timeM: Time, Elapsed [minutes]
# name 4 = timeS: Time, Elapsed [seconds]
# name 5 = prdM: Pressure, Strain Gauge [db]
# name 6 = specc: Specific Conductance [uS/cm]
# name 7 = sal00: Salinity, Practical [PSU]
# name 8 = tv290C: Temperature [ITS-90, deg C]
# name 9 = depSM: Depth [salt water, m], lat = 59.00
# name 10 = oxsolML/L: Oxygen Saturation, Garcia & Gordon [ml/l]
# name 11 = potemp090C: Potential Temperature [ITS-90, deg C]
# name 12 = sigma-é00: Density [sigma-theta, kg/m^3]
# name 13 = n2satML/L: Nitrogen Saturation [ml/l]
# name 14 = par: PAR/Irradiance, Biospherical/Licor
# name 15 = flag:  0.000e+00
# span 0 =          1,       1068       
# span 1 = 265.509537, 265.512624       
# span 2 =    0.00000,    0.07410       
# span 3 =     0.0000,     4.4458       
# span 4 =      0.000,    266.750       
# span 5 =      0.814,    129.476       
# span 6 =  42903.501,  48540.548       
# span 7 =    26.9995,    30.8028       
# span 8 =    10.2283,    11.1242       
# span 9 =      0.806,    128.225       
# span 10 =    6.37293,    6.49258      
# span 11 =    10.2139,    11.1236      
# span 12 =    20.5422,    23.6417      
# span 13 =   11.55011,   11.78798      
# span 14 = 4.9515e-02, 6.9443e+01      
# span 15 = 0.0000e+00, 0.0000e+00      
# interval = seconds: 0.25
# start_time = Sep 22 2017 12:13:44 [Instrument's time stamp, header]
# bad_flag = -9.990e-29
*END*
[from data line 91]
         92 265.509800    0.00632     0.3792     22.750      0.867  44129.821    27.8523    11.0594      0.859    6.45944    11.0547    21.2066   11.72263 6.5720e+01 0.0000e+00
         93 265.509803    0.00639     0.3833     23.000      0.873  44133.571    27.8547    11.0571      0.865    6.45966    11.0522    21.2088   11.72298 6.5172e+01 0.0000e+00
         94 265.509806    0.00646     0.3875     23.250      0.874  44138.385    27.8579    11.0548      0.866    6.45985    11.0495    21.2116   11.72325 6.4166e+01 0.0000e+00
         95 265.509809    0.00653     0.3917     23.500      0.869  44143.184    27.8610    11.0523      0.861    6.46007    11.0467    21.2145   11.72357 6.3101e+01 0.0000e+00
         96 265.509812    0.00660     0.3958     23.750      0.859  44147.359    27.8636    11.0496      0.851    6.46034    11.0440    21.2170   11.72398 6.2482e+01 0.0000e+00
         97 265.509815    0.00667     0.4000     24.000      0.848  44151.327    27.8661    11.0468      0.840    6.46063    11.0414    21.2194   11.72444 6.2635e+01 0.0000e+00
         98 265.509818    0.00674     0.4042     24.250      0.839  44154.994    27.8684    11.0441      0.831    6.46092    11.0390    21.2216   11.72490 6.3342e+01 0.0000e+00
         99 265.509821    0.00681     0.4083     24.500      0.835  44158.075    27.8703    11.0415      0.827    6.46121    11.0370    21.2235   11.72536 6.4047e+01 0.0000e+00
        100 265.509823    0.00688     0.4125     24.750      0.836  44160.811    27.8720    11.0391      0.829    6.46147    11.0354    21.2252   11.72577 6.4580e+01 0.0000e+00
        101 265.509826    0.00694     0.4167     25.000      0.843  44163.491    27.8737    11.0371      0.835    6.46168    11.0342    21.2268   11.72611 6.5146e+01 0.0000e+00
        102 265.509829    0.00701     0.4208     25.250      0.852  44166.594    27.8757    11.0355      0.844    6.46182    11.0332    21.2287   11.72632 6.5757e+01 0.0000e+00
        103 265.509832    0.00708     0.4250     25.500      0.860  44171.152    27.8787    11.0343      0.852    6.46186    11.0325    21.2313   11.72635 6.5907e+01 0.0000e+00
        104 265.509835    0.00715     0.4292     25.750      0.863  44177.905    27.8834    11.0333      0.855    6.46180    11.0319    21.2350   11.72620 6.5295e+01 0.0000e+00
        105 265.509838    0.00722     0.4333     26.000      0.860  44185.724    27.8888    11.0326      0.852    6.46169    11.0314    21.2393   11.72593 6.4227e+01 0.0000e+00
        106 265.509841    0.00729     0.4375     26.250      0.853  44192.275    27.8933    11.0320      0.845    6.46159    11.0310    21.2429   11.72571 6.3418e+01 0.0000e+00
        107 265.509844    0.00736     0.4417     26.500      0.846  44196.216    27.8960    11.0315      0.838    6.46154    11.0305    21.2451   11.72560 6.3422e+01 0.0000e+00
        108 265.509847    0.00743     0.4458     26.750      0.842  44197.436    27.8968    11.0311      0.835    6.46158    11.0301    21.2458   11.72565 6.3931e+01 0.0000e+00
        109 265.509850    0.00750     0.4500     27.000      0.845  44197.053    27.8964    11.0306      0.837    6.46166    11.0298    21.2456   11.72578 6.4255e+01 0.0000e+00
        110 265.509852    0.00757     0.4542     27.250      0.850  44197.101    27.8964    11.0302      0.842    6.46172    11.0297    21.2457   11.72588 6.4229e+01 0.0000e+00
        111 265.509855    0.00764     0.4583     27.500      0.855  44198.195    27.8972    11.0299      0.847    6.46173    11.0300    21.2463   11.72589 6.4264e+01 0.0000e+00
        112 265.509858    0.00771     0.4625     27.750      0.856  44199.575    27.8981    11.0298      0.848    6.46169    11.0309    21.2470   11.72583 6.4623e+01 0.0000e+00
        113 265.509861    0.00778     0.4667     28.000      0.852  44200.608    27.8989    11.0301      0.844    6.46162    11.0322    21.2476   11.72569 6.4965e+01 0.0000e+00
        114 265.509864    0.00785     0.4708     28.250      0.846  44200.343    27.8988    11.0310      0.838    6.46150    11.0338    21.2473   11.72550 6.4984e+01 0.0000e+00
        115 265.509867    0.00792     0.4750     28.500      0.840  44198.204    27.8974    11.0323      0.832    6.46137    11.0351    21.2461   11.72530 6.4817e+01 0.0000e+00
        116 265.509870    0.00799     0.4792     28.750      0.837  44194.822    27.8952    11.0339      0.830    6.46125    11.0361    21.2441   11.72512 6.4774e+01 0.0000e+00
        117 265.509873    0.00806     0.4833     29.000      0.839  44191.049    27.8927    11.0352      0.831    6.46116    11.0368    21.2419   11.72501 6.5193e+01 0.0000e+00
        118 265.509876    0.00813     0.4875     29.250      0.844  44187.122    27.8901    11.0362      0.836    6.46113    11.0372    21.2397   11.72499 6.5725e+01 0.0000e+00
        119 265.509878    0.00819     0.4917     29.500      0.850  44183.233    27.8874    11.0369      0.842    6.46115    11.0375    21.2376   11.72506 6.5691e+01 0.0000e+00
        120 265.509881    0.00826     0.4958     29.750      0.856  44180.070    27.8852    11.0373      0.848    6.46118    11.0378    21.2358   11.72514 6.5218e+01 0.0000e+00
        121 265.509884    0.00833     0.5000     30.000      0.859  44177.210    27.8833    11.0376      0.851    6.46122    11.0381    21.2342   11.72522 6.4971e+01 0.0000e+00
        122 265.509887    0.00840     0.5042     30.250      0.860  44172.844    27.8802    11.0379      0.852    6.46130    11.0384    21.2318   11.72539 6.5051e+01 0.0000e+00
        123 265.509890    0.00847     0.5083     30.500      0.859  44166.147    27.8756    11.0382      0.851    6.46144    11.0384    21.2281   11.72569 6.4999e+01 0.0000e+00
        124 265.509893    0.00854     0.5125     30.750      0.856  44157.970    27.8699    11.0384      0.848    6.46165    11.0381    21.2237   11.72609 6.4817e+01 0.0000e+00
        125 265.509896    0.00861     0.5167     31.000      0.853  44149.711    27.8642    11.0384      0.845    6.46188    11.0376    21.2192   11.72655 6.4616e+01 0.0000e+00
        126 265.509899    0.00868     0.5208     31.250      0.849  44142.396    27.8590    11.0382      0.841    6.46213    11.0368    21.2153   11.72702 6.4466e+01 0.0000e+00
        127 265.509902    0.00875     0.5250     31.500      0.846  44136.137    27.8546    11.0376      0.838    6.46238    11.0360    21.2119   11.72750 6.4451e+01 0.0000e+00
        128 265.509905    0.00882     0.5292     31.750      0.844  44130.440    27.8506    11.0369      0.836    6.46265    11.0352    21.2089   11.72800 6.4615e+01 0.0000e+00
        129 265.509907    0.00889     0.5333     32.000      0.845  44125.106    27.8468    11.0361      0.837    6.46293    11.0344    21.2061   11.72850 6.5041e+01 0.0000e+00
        130 265.509910    0.00896     0.5375     32.250      0.848  44120.292    27.8433    11.0353      0.840    6.46318    11.0338    21.2036   11.72896 6.5292e+01 0.0000e+00
        131 265.509913    0.00903     0.5417     32.500      0.853  44116.078    27.8403    11.0345      0.845    6.46341    11.0332    21.2013   11.72937 6.5187e+01 0.0000e+00
        132 265.509916    0.00910     0.5458     32.750      0.859  44112.264    27.8376    11.0339      0.851    6.46361    11.0326    21.1993   11.72974 6.5180e+01 0.0000e+00
        133 265.509919    0.00917     0.5500     33.000      0.862  44108.576    27.8350    11.0333      0.855    6.46380    11.0320    21.1974   11.73009 6.5503e+01 0.0000e+00
        134 265.509922    0.00924     0.5542     33.250      0.862  44105.086    27.8325    11.0327      0.854    6.46398    11.0313    21.1955   11.73042 6.5845e+01 0.0000e+00
        135 265.509925    0.00931     0.5583     33.500      0.857  44102.032    27.8303    11.0321      0.849    6.46416    11.0305    21.1939   11.73074 6.5732e+01 0.0000e+00
        136 265.509928    0.00937     0.5625     33.750      0.848  44099.212    27.8282    11.0314      0.841    6.46434    11.0296    21.1925   11.73107 6.5180e+01 0.0000e+00
        137 265.509931    0.00944     0.5667     34.000      0.839  44096.124    27.8260    11.0306      0.832    6.46455    11.0287    21.1909   11.73144 6.4674e+01 0.0000e+00
        138 265.509933    0.00951     0.5708     34.250      0.833  44093.112    27.8238    11.0297      0.826    6.46476    11.0279    21.1894   11.73182 6.4396e+01 0.0000e+00
        139 265.509936    0.00958     0.5750     34.500      0.833  44091.639    27.8227    11.0288      0.825    6.46493    11.0270    21.1886   11.73212 6.4241e+01 0.0000e+00
        140 265.509939    0.00965     0.5792     34.750      0.839  44092.602    27.8233    11.0279      0.831    6.46503    11.0263    21.1892   11.73228 6.4260e+01 0.0000e+00
        141 265.509942    0.00972     0.5833     35.000      0.850  44094.590    27.8246    11.0271      0.842    6.46509    11.0257    21.1904   11.73236 6.4305e+01 0.0000e+00
        142 265.509945    0.00979     0.5875     35.250      0.862  44094.574    27.8245    11.0264      0.854    6.46520    11.0251    21.1904   11.73254 6.4251e+01 0.0000e+00
        143 265.509948    0.00986     0.5917     35.500      0.870  44090.291    27.8215    11.0258      0.862    6.46541    11.0244    21.1882   11.73293 6.4148e+01 0.0000e+00
        144 265.509951    0.00993     0.5958     35.750      0.869  44082.115    27.8157    11.0252      0.861    6.46574    11.0236    21.1838   11.73354 6.3858e+01 0.0000e+00
        145 265.509954    0.01000     0.6000     36.000      0.860  44073.060    27.8093    11.0245      0.852    6.46609    11.0229    21.1790   11.73420 6.3254e+01 0.0000e+00
        146 265.509957    0.01007     0.6042     36.250      0.846  44066.953    27.8050    11.0237      0.838    6.46637    11.0222    21.1757   11.73472 6.2438e+01 0.0000e+00
        147 265.509959    0.01014     0.6083     36.500      0.833  44066.358    27.8045    11.0230      0.825    6.46650    11.0216    21.1755   11.73494 6.1926e+01 0.0000e+00
        148 265.509962    0.01021     0.6125     36.750      0.826  44071.196    27.8078    11.0223      0.819    6.46647    11.0211    21.1781   11.73484 6.2203e+01 0.0000e+00
        149 265.509965    0.01028     0.6167     37.000      0.828  44078.410    27.8128    11.0217      0.821    6.46634    11.0207    21.1821   11.73458 6.2751e+01 0.0000e+00
        150 265.509968    0.01035     0.6208     37.250      0.836  44084.154    27.8167    11.0212      0.828    6.46625    11.0204    21.1853   11.73437 6.2944e+01 0.0000e+00
        151 265.509971    0.01042     0.6250     37.500      0.846  44086.547    27.8183    11.0208      0.838    6.46624    11.0201    21.1866   11.73433 6.3193e+01 0.0000e+00
        152 265.509974    0.01049     0.6292     37.750      0.854  44085.338    27.8175    11.0205      0.846    6.46632    11.0198    21.1860   11.73448 6.3865e+01 0.0000e+00
        153 265.509977    0.01056     0.6333     38.000      0.859  44081.075    27.8145    11.0202      0.851    6.46648    11.0196    21.1837   11.73478 6.4481e+01 0.0000e+00
        154 265.509980    0.01063     0.6375     38.250      0.861  44074.963    27.8102    11.0199      0.853    6.46669    11.0194    21.1804   11.73518 6.4608e+01 0.0000e+00
        155 265.509983    0.01069     0.6417     38.500      0.861  44067.915    27.8053    11.0197      0.853    6.46692    11.0192    21.1766   11.73562 6.4557e+01 0.0000e+00
        156 265.509986    0.01076     0.6458     38.750      0.859  44060.543    27.8001    11.0195      0.851    6.46716    11.0188    21.1726   11.73608 6.4559e+01 0.0000e+00
        157 265.509988    0.01083     0.6500     39.000      0.856  44053.903    27.7955    11.0193      0.849    6.46739    11.0184    21.1691   11.73652 6.4279e+01 0.0000e+00
        158 265.509991    0.01090     0.6542     39.250      0.854  44048.891    27.7919    11.0189      0.846    6.46759    11.0179    21.1664   11.73689 6.3792e+01 0.0000e+00
        159 265.509994    0.01097     0.6583     39.500      0.851  44045.563    27.7896    11.0185      0.843    6.46774    11.0175    21.1646   11.73718 6.3515e+01 0.0000e+00
        160 265.509997    0.01104     0.6625     39.750      0.847  44043.526    27.7881    11.0180      0.839    6.46786    11.0171    21.1635   11.73740 6.3229e+01 0.0000e+00
        161 265.510000    0.01111     0.6667     40.000      0.842  44042.210    27.7871    11.0176      0.835    6.46796    11.0168    21.1629   11.73758 6.2557e+01 0.0000e+00
        162 265.510003    0.01118     0.6708     40.250      0.838  44041.200    27.7864    11.0172      0.830    6.46805    11.0165    21.1624   11.73773 6.2043e+01 0.0000e+00
        163 265.510006    0.01125     0.6750     40.500      0.834  44040.561    27.7859    11.0169      0.826    6.46812    11.0162    21.1620   11.73784 6.2636e+01 0.0000e+00
        164 265.510009    0.01132     0.6792     40.750      0.832  44040.562    27.7859    11.0166      0.825    6.46816    11.0160    21.1621   11.73792 6.3952e+01 0.0000e+00
        165 265.510012    0.01139     0.6833     41.000      0.834  44041.285    27.7864    11.0163      0.826    6.46818    11.0158    21.1625   11.73794 6.4735e+01 0.0000e+00
        166 265.510014    0.01146     0.6875     41.250      0.839  44042.391    27.7871    11.0161      0.831    6.46818    11.0157    21.1631   11.73793 6.4864e+01 0.0000e+00
        167 265.510017    0.01153     0.6917     41.500      0.846  44043.120    27.7876    11.0159      0.839    6.46818    11.0156    21.1635   11.73792 6.5174e+01 0.0000e+00
        168 265.510020    0.01160     0.6958     41.750      0.855  44042.440    27.7871    11.0158      0.847    6.46821    11.0155    21.1632   11.73799 6.6039e+01 0.0000e+00
        169 265.510023    0.01167     0.7000     42.000      0.862  44039.642    27.7852    11.0157      0.854    6.46831    11.0153    21.1617   11.73818 6.6779e+01 0.0000e+00
        170 265.510026    0.01174     0.7042     42.250      0.866  44035.189    27.7821    11.0156      0.858    6.46846    11.0151    21.1593   11.73846 6.6620e+01 0.0000e+00
        171 265.510029    0.01181     0.7083     42.500      0.864  44030.006    27.7784    11.0154      0.856    6.46863    11.0148    21.1565   11.73879 6.5663e+01 0.0000e+00
        172 265.510032    0.01188     0.7125     42.750      0.858  44024.732    27.7747    11.0152      0.850    6.46881    11.0145    21.1537   11.73913 6.4592e+01 0.0000e+00
        173 265.510035    0.01194     0.7167     43.000      0.850  44020.210    27.7716    11.0149      0.842    6.46898    11.0143    21.1512   11.73945 6.4141e+01 0.0000e+00
        174 265.510038    0.01201     0.7208     43.250      0.843  44017.005    27.7693    11.0146      0.835    6.46911    11.0141    21.1495   11.73970 6.4298e+01 0.0000e+00
        175 265.510041    0.01208     0.7250     43.500      0.838  44014.943    27.7678    11.0144      0.830    6.46921    11.0139    21.1484   11.73988 6.4235e+01 0.0000e+00
        176 265.510043    0.01215     0.7292     43.750      0.837  44013.617    27.7669    11.0142      0.829    6.46928    11.0138    21.1477   11.74000 6.3757e+01 0.0000e+00
        177 265.510046    0.01222     0.7333     44.000      0.838  44012.718    27.7662    11.0140      0.830    6.46932    11.0137    21.1472   11.74009 6.3644e+01 0.0000e+00
        178 265.510049    0.01229     0.7375     44.250      0.841  44011.988    27.7657    11.0139      0.833    6.46937    11.0136    21.1469   11.74017 6.4227e+01 0.0000e+00
        179 265.510052    0.01236     0.7417     44.500      0.845  44011.122    27.7651    11.0138      0.837    6.46941    11.0136    21.1464   11.74025 6.4976e+01 0.0000e+00
        180 265.510055    0.01243     0.7458     44.750      0.847  44009.800    27.7641    11.0137      0.839    6.46946    11.0138    21.1457   11.74035 6.5586e+01 0.0000e+00
