CTD-processing/allCTD/CNV--turbid/2017_10-17_t4_s02_cast053.cnv
* Sea-Bird SBE19plus Data File:
* FileName = C:\Users\Kim.Powell\Desktop\Not Processed\2017\2017_10-17\2017_10-17_TRANSECT_STATION_cast053.hex
* Software Version 1.59
* Temperature SN =  4141
* Conductivity SN =  4141
* System UpLoad Time = Oct 20 2017 08:53:08
** Transect:
** 2017_10-17
** Station: 4-02
** Start Time: 13:13
** Depth (m): 103.3
** Comment: Edgecumbe
** Comment: Larval flatfish
# nquan = 16
# nvalues = 817                         
# units = specified
# name 0 = scan: Scan Count
# name 1 = timeJ: Julian Days
# name 2 = timeH: Time, Elapsed [hours]
# name 3 = timeM: Time, Elapsed [minutes]
# name 4 = timeS: Time, Elapsed [seconds]
# name 5 = prdM: Pressure, Strain Gauge [db]
# name 6 = specc: Specific Conductance [uS/cm]
# name 7 = sal00: Salinity, Practical [PSU]
# name 8 = tv290C: Temperature [ITS-90, deg C]
# name 9 = depSM: Depth [salt water, m], lat = 59.00
# name 10 = oxsolML/L: Oxygen Saturation, Garcia & Gordon [ml/l]
# name 11 = potemp090C: Potential Temperature [ITS-90, deg C]
# name 12 = sigma-é00: Density [sigma-theta, kg/m^3]
# name 13 = n2satML/L: Nitrogen Saturation [ml/l]
# name 14 = par: PAR/Irradiance, Biospherical/Licor
# name 15 = flag:  0.000e+00
# span 0 =          1,        817       
# span 1 = 290.551065, 290.553426       
# span 2 =    0.00000,    0.05667       
# span 3 =     0.0000,     3.4000       
# span 4 =      0.000,    204.000       
# span 5 =     -0.221,    102.664       
# span 6 =   3046.566,  48928.569       
# span 7 =     1.5418,    31.0272       
# span 8 =     6.0246,     9.9770       
# span 9 =     -0.219,    101.679       
# span 10 =    6.48867,    8.61667      
# span 11 =     6.0346,     9.9720      
# span 12 =     1.1707,    23.8939      
# span 13 =   11.73516,   15.69369      
# span 14 = 3.7565e-02, 6.4992e+02      
# span 15 = 0.0000e+00, 0.0000e+00      
# interval = seconds: 0.25
# start_time = Oct 17 2017 13:13:32 [Instrument's time stamp, header]
# bad_flag = -9.990e-29
*END*
[from data line 362]
        363 290.552112    0.02514     1.5083     90.500     15.060  48480.382    30.7695     9.9183     14.918    6.49997     9.9167    23.6640   11.75484 3.5901e+01 0.0000e+00
        364 290.552115    0.02521     1.5125     90.750     15.266  48481.139    30.7699     9.9183     15.123    6.49996     9.9169    23.6644   11.75480 3.5048e+01 0.0000e+00
        365 290.552118    0.02528     1.5167     91.000     15.473  48482.031    30.7704     9.9184     15.328    6.49992     9.9171    23.6648   11.75474 3.4092e+01 0.0000e+00
        366 290.552121    0.02535     1.5208     91.250     15.684  48482.705    30.7709     9.9186     15.537    6.49988     9.9173    23.6651   11.75467 3.3115e+01 0.0000e+00
        367 290.552124    0.02542     1.5250     91.500     15.899  48482.891    30.7710     9.9188     15.750    6.49984     9.9174    23.6651   11.75460 3.2203e+01 0.0000e+00
        368 290.552127    0.02549     1.5292     91.750     16.119  48482.712    30.7708     9.9190     15.968    6.49981     9.9175    23.6650   11.75456 3.1408e+01 0.0000e+00
        369 290.552130    0.02556     1.5333     92.000     16.341  48482.499    30.7705     9.9192     16.188    6.49980     9.9175    23.6648   11.75454 3.0734e+01 0.0000e+00
        370 290.552133    0.02562     1.5375     92.250     16.563  48482.408    30.7704     9.9192     16.408    6.49980     9.9175    23.6646   11.75454 3.0135e+01 0.0000e+00
        371 290.552135    0.02569     1.5417     92.500     16.783  48482.389    30.7703     9.9193     16.626    6.49980     9.9174    23.6646   11.75454 2.9561e+01 0.0000e+00
        372 290.552138    0.02576     1.5458     92.750     16.999  48482.335    30.7701     9.9193     16.840    6.49981     9.9174    23.6645   11.75455 2.8988e+01 0.0000e+00
        373 290.552141    0.02583     1.5500     93.000     17.211  48482.170    30.7699     9.9193     17.050    6.49982     9.9173    23.6643   11.75457 2.8402e+01 0.0000e+00
        374 290.552144    0.02590     1.5542     93.250     17.421  48482.078    30.7698     9.9192     17.258    6.49983     9.9172    23.6642   11.75459 2.7784e+01 0.0000e+00
        375 290.552147    0.02597     1.5583     93.500     17.631  48482.230    30.7698     9.9192     17.465    6.49984     9.9172    23.6642   11.75460 2.7123e+01 0.0000e+00
        376 290.552150    0.02604     1.5625     93.750     17.839  48482.508    30.7699     9.9191     17.672    6.49984     9.9171    23.6643   11.75461 2.6439e+01 0.0000e+00
        377 290.552153    0.02611     1.5667     94.000     18.044  48482.745    30.7699     9.9191     17.875    6.49984     9.9171    23.6644   11.75461 2.5758e+01 0.0000e+00
        378 290.552156    0.02618     1.5708     94.250     18.244  48482.864    30.7699     9.9191     18.073    6.49984     9.9172    23.6644   11.75461 2.5117e+01 0.0000e+00
        379 290.552159    0.02625     1.5750     94.500     18.436  48482.854    30.7699     9.9191     18.263    6.49984     9.9172    23.6643   11.75461 2.4550e+01 0.0000e+00
        380 290.552161    0.02632     1.5792     94.750     18.620  48482.693    30.7697     9.9191     18.446    6.49984     9.9172    23.6642   11.75462 2.4067e+01 0.0000e+00
        381 290.552164    0.02639     1.5833     95.000     18.801  48482.492    30.7694     9.9192     18.625    6.49985     9.9172    23.6640   11.75463 2.3633e+01 0.0000e+00
        382 290.552167    0.02646     1.5875     95.250     18.985  48482.309    30.7692     9.9192     18.807    6.49985     9.9173    23.6638   11.75464 2.3201e+01 0.0000e+00
        383 290.552170    0.02653     1.5917     95.500     19.177  48482.498    30.7693     9.9193     18.997    6.49984     9.9175    23.6638   11.75462 2.2748e+01 0.0000e+00
        384 290.552173    0.02660     1.5958     95.750     19.376  48483.433    30.7699     9.9194     19.194    6.49980     9.9177    23.6643   11.75454 2.2273e+01 0.0000e+00
        385 290.552176    0.02667     1.6000     96.000     19.575  48484.459    30.7706     9.9196     19.391    6.49974     9.9179    23.6648   11.75444 2.1779e+01 0.0000e+00
        386 290.552179    0.02674     1.6042     96.250     19.770  48484.956    30.7709     9.9198     19.584    6.49970     9.9180    23.6650   11.75437 2.1282e+01 0.0000e+00
        387 290.552182    0.02681     1.6083     96.500     19.956  48485.046    30.7709     9.9200     19.769    6.49967     9.9181    23.6650   11.75432 2.0802e+01 0.0000e+00
        388 290.552185    0.02688     1.6125     96.750     20.136  48485.051    30.7708     9.9202     19.946    6.49965     9.9181    23.6649   11.75428 2.0349e+01 0.0000e+00
        389 290.552188    0.02694     1.6167     97.000     20.314  48485.168    30.7708     9.9203     20.123    6.49963     9.9182    23.6649   11.75425 1.9922e+01 0.0000e+00
        390 290.552190    0.02701     1.6208     97.250     20.498  48485.398    30.7709     9.9204     20.305    6.49962     9.9182    23.6650   11.75422 1.9509e+01 0.0000e+00
        391 290.552193    0.02708     1.6250     97.500     20.691  48485.754    30.7711     9.9204     20.496    6.49960     9.9183    23.6651   11.75419 1.9103e+01 0.0000e+00
        392 290.552196    0.02715     1.6292     97.750     20.891  48486.274    30.7714     9.9205     20.695    6.49957     9.9185    23.6653   11.75414 1.8700e+01 0.0000e+00
        393 290.552199    0.02722     1.6333     98.000     21.096  48486.843    30.7717     9.9207     20.898    6.49954     9.9186    23.6656   11.75409 1.8300e+01 0.0000e+00
        394 290.552202    0.02729     1.6375     98.250     21.302  48487.233    30.7719     9.9208     21.101    6.49951     9.9187    23.6657   11.75404 1.7902e+01 0.0000e+00
        395 290.552205    0.02736     1.6417     98.500     21.503  48487.439    30.7720     9.9209     21.301    6.49949     9.9188    23.6657   11.75400 1.7508e+01 0.0000e+00
        396 290.552208    0.02743     1.6458     98.750     21.698  48487.687    30.7721     9.9210     21.494    6.49947     9.9189    23.6658   11.75397 1.7121e+01 0.0000e+00
        397 290.552211    0.02750     1.6500     99.000     21.886  48488.179    30.7724     9.9212     21.680    6.49944     9.9192    23.6660   11.75392 1.6744e+01 0.0000e+00
        398 290.552214    0.02757     1.6542     99.250     22.069  48488.970    30.7729     9.9213     21.862    6.49940     9.9195    23.6664   11.75384 1.6381e+01 0.0000e+00
        399 290.552216    0.02764     1.6583     99.500     22.251  48490.118    30.7737     9.9215     22.042    6.49933     9.9200    23.6669   11.75372 1.6030e+01 0.0000e+00
        400 290.552219    0.02771     1.6625     99.750     22.437  48491.539    30.7747     9.9219     22.226    6.49924     9.9206    23.6676   11.75356 1.5686e+01 0.0000e+00
        401 290.552222    0.02778     1.6667    100.000     22.630  48492.746    30.7755     9.9224     22.417    6.49913     9.9211    23.6682   11.75337 1.5348e+01 0.0000e+00
        402 290.552225    0.02785     1.6708    100.250     22.829  48493.330    30.7759     9.9230     22.614    6.49903     9.9216    23.6684   11.75319 1.5018e+01 0.0000e+00
        403 290.552228    0.02792     1.6750    100.500     23.027  48493.236    30.7758     9.9236     22.810    6.49895     9.9219    23.6683   11.75306 1.4701e+01 0.0000e+00
        404 290.552231    0.02799     1.6792    100.750     23.221  48492.496    30.7753     9.9241     23.003    6.49890     9.9219    23.6678   11.75299 1.4399e+01 0.0000e+00
        405 290.552234    0.02806     1.6833    101.000     23.411  48491.383    30.7744     9.9244     23.190    6.49889     9.9218    23.6671   11.75299 1.4105e+01 0.0000e+00
        406 290.552237    0.02813     1.6875    101.250     23.598  48490.486    30.7737     9.9245     23.376    6.49891     9.9215    23.6666   11.75303 1.3812e+01 0.0000e+00
        407 290.552240    0.02819     1.6917    101.500     23.785  48490.079    30.7734     9.9243     23.561    6.49895     9.9213    23.6663   11.75310 1.3520e+01 0.0000e+00
        408 290.552242    0.02826     1.6958    101.750     23.976  48490.044    30.7733     9.9241     23.750    6.49899     9.9211    23.6662   11.75316 1.3233e+01 0.0000e+00
        409 290.552245    0.02833     1.7000    102.000     24.170  48490.222    30.7733     9.9239     23.942    6.49902     9.9209    23.6663   11.75321 1.2947e+01 0.0000e+00
        410 290.552248    0.02840     1.7042    102.250     24.368  48490.397    30.7733     9.9237     24.138    6.49904     9.9207    23.6663   11.75326 1.2662e+01 0.0000e+00
        411 290.552251    0.02847     1.7083    102.500     24.567  48490.555    30.7733     9.9236     24.335    6.49907     9.9207    23.6664   11.75329 1.2380e+01 0.0000e+00
        412 290.552254    0.02854     1.7125    102.750     24.763  48490.944    30.7735     9.9235     24.530    6.49907     9.9208    23.6665   11.75330 1.2110e+01 0.0000e+00
        413 290.552257    0.02861     1.7167    103.000     24.957  48491.623    30.7739     9.9234     24.722    6.49906     9.9210    23.6668   11.75327 1.1854e+01 0.0000e+00
        414 290.552260    0.02868     1.7208    103.250     25.149  48492.356    30.7743     9.9235     24.913    6.49903     9.9212    23.6672   11.75321 1.1611e+01 0.0000e+00
        415 290.552263    0.02875     1.7250    103.500     25.340  48493.081    30.7748     9.9237     25.102    6.49898     9.9216    23.6675   11.75312 1.1380e+01 0.0000e+00
        416 290.552266    0.02882     1.7292    103.750     25.529  48493.762    30.7752     9.9240     25.289    6.49892     9.9219    23.6678   11.75302 1.1162e+01 0.0000e+00
        417 290.552269    0.02889     1.7333    104.000     25.716  48494.101    30.7754     9.9243     25.474    6.49887     9.9221    23.6679   11.75293 1.0950e+01 0.0000e+00
        418 290.552271    0.02896     1.7375    104.250     25.901  48494.030    30.7753     9.9246     25.657    6.49883     9.9222    23.6678   11.75286 1.0739e+01 0.0000e+00
        419 290.552274    0.02903     1.7417    104.500     26.085  48493.882    30.7752     9.9249     25.839    6.49880     9.9223    23.6676   11.75281 1.0528e+01 0.0000e+00
        420 290.552277    0.02910     1.7458    104.750     26.266  48493.944    30.7751     9.9250     26.019    6.49877     9.9223    23.6676   11.75278 1.0318e+01 0.0000e+00
        421 290.552280    0.02917     1.7500    105.000     26.444  48494.154    30.7752     9.9251     26.195    6.49876     9.9224    23.6676   11.75275 1.0110e+01 0.0000e+00
        422 290.552283    0.02924     1.7542    105.250     26.622  48494.357    30.7753     9.9252     26.371    6.49874     9.9225    23.6677   11.75273 9.9031e+00 0.0000e+00
        423 290.552286    0.02931     1.7583    105.500     26.804  48494.453    30.7753     9.9253     26.551    6.49873     9.9225    23.6677   11.75271 9.6995e+00 0.0000e+00
        424 290.552289    0.02937     1.7625    105.750     26.990  48494.506    30.7753     9.9254     26.736    6.49872     9.9226    23.6677   11.75269 9.5020e+00 0.0000e+00
        425 290.552292    0.02944     1.7667    106.000     27.180  48494.734    30.7754     9.9255     26.924    6.49870     9.9226    23.6677   11.75267 9.3096e+00 0.0000e+00
        426 290.552295    0.02951     1.7708    106.250     27.375  48495.080    30.7755     9.9255     27.117    6.49869     9.9227    23.6679   11.75263 9.1191e+00 0.0000e+00
        427 290.552297    0.02958     1.7750    106.500     27.571  48495.178    30.7755     9.9256     27.312    6.49867     9.9227    23.6679   11.75261 8.9290e+00 0.0000e+00
        428 290.552300    0.02965     1.7792    106.750     27.766  48495.046    30.7754     9.9257     27.504    6.49867     9.9227    23.6677   11.75261 8.7411e+00 0.0000e+00
        429 290.552303    0.02972     1.7833    107.000     27.955  48495.029    30.7753     9.9257     27.692    6.49867     9.9227    23.6677   11.75261 8.5566e+00 0.0000e+00
        430 290.552306    0.02979     1.7875    107.250     28.141  48495.430    30.7755     9.9257     27.876    6.49866     9.9229    23.6678   11.75259 8.3754e+00 0.0000e+00
        431 290.552309    0.02986     1.7917    107.500     28.325  48496.700    30.7763     9.9258     28.058    6.49862     9.9234    23.6685   11.75251 8.1993e+00 0.0000e+00
        432 290.552312    0.02993     1.7958    107.750     28.509  48498.990    30.7779     9.9260     28.241    6.49852     9.9242    23.6696   11.75233 8.0302e+00 0.0000e+00
        433 290.552315    0.03000     1.8000    108.000     28.697  48501.647    30.7797     9.9265     28.427    6.49837     9.9252    23.6710   11.75206 7.8670e+00 0.0000e+00
        434 290.552318    0.03007     1.8042    108.250     28.888  48503.147    30.7808     9.9273     28.616    6.49821     9.9259    23.6717   11.75177 7.7085e+00 0.0000e+00
        435 290.552321    0.03014     1.8083    108.500     29.079  48502.403    30.7804     9.9283     28.805    6.49809     9.9261    23.6712   11.75158 7.5568e+00 0.0000e+00
        436 290.552323    0.03021     1.8125    108.750     29.266  48500.404    30.7790     9.9291     28.991    6.49804     9.9261    23.6700   11.75152 7.4131e+00 0.0000e+00
        437 290.552326    0.03028     1.8167    109.000     29.448  48499.046    30.7780     9.9294     29.171    6.49804     9.9259    23.6691   11.75154 7.2745e+00 0.0000e+00
        438 290.552329    0.03035     1.8208    109.250     29.624  48498.946    30.7778     9.9293     29.345    6.49805     9.9259    23.6690   11.75156 7.1379e+00 0.0000e+00
        439 290.552332    0.03042     1.8250    109.500     29.797  48499.642    30.7782     9.9292     29.516    6.49806     9.9259    23.6694   11.75156 7.0016e+00 0.0000e+00
        440 290.552335    0.03049     1.8292    109.750     29.972  48500.944    30.7791     9.9291     29.690    6.49803     9.9263    23.6700   11.75151 6.8639e+00 0.0000e+00
        441 290.552338    0.03056     1.8333    110.000     30.153  48503.211    30.7806     9.9292     29.869    6.49796     9.9270    23.6712   11.75136 6.7236e+00 0.0000e+00
        442 290.552341    0.03062     1.8375    110.250     30.340  48506.178    30.7826     9.9296     30.054    6.49782     9.9281    23.6728   11.75110 6.5828e+00 0.0000e+00
        443 290.552344    0.03069     1.8417    110.500     30.533  48509.022    30.7846     9.9303     30.245    6.49763     9.9295    23.6742   11.75076 6.4444e+00 0.0000e+00
        444 290.552347    0.03076     1.8458    110.750     30.728  48512.013    30.7868     9.9314     30.438    6.49738     9.9311    23.6757   11.75033 6.3098e+00 0.0000e+00
        445 290.552350    0.03083     1.8500    111.000     30.922  48515.030    30.7891     9.9329     30.630    6.49708     9.9328    23.6772   11.74981 6.1792e+00 0.0000e+00
        446 290.552352    0.03090     1.8542    111.250     31.112  48516.789    30.7904     9.9346     30.819    6.49678     9.9343    23.6780   11.74930 6.0544e+00 0.0000e+00
        447 290.552355    0.03097     1.8583    111.500     31.297  48517.172    30.7908     9.9363     31.002    6.49652     9.9354    23.6781   11.74887 5.9361e+00 0.0000e+00
        448 290.552358    0.03104     1.8625    111.750     31.478  48517.167    30.7909     9.9378     31.182    6.49631     9.9364    23.6779   11.74851 5.8217e+00 0.0000e+00
        449 290.552361    0.03111     1.8667    112.000     31.659  48517.358    30.7911     9.9389     31.361    6.49614     9.9371    23.6779   11.74822 5.7077e+00 0.0000e+00
        450 290.552364    0.03118     1.8708    112.250     31.844  48517.790    30.7914     9.9398     31.544    6.49599     9.9378    23.6780   11.74797 5.5930e+00 0.0000e+00
        451 290.552367    0.03125     1.8750    112.500     32.033  48518.498    30.7920     9.9406     31.731    6.49586     9.9385    23.6783   11.74775 5.4785e+00 0.0000e+00
