CTD-processing/allCTD/CNV--turbid/2017_10-20_alongbay_skb02_cast065.cnv
* Sea-Bird SBE19plus Data File:
* FileName = C:\Users\Kim.Powell\Desktop\Not Processed\2017\2017_10-20_AlongBay\2017_10-20_AlongBay_STATION_cast065.hex
* Software Version 1.59
* Temperature SN =  4141
* Conductivity SN =  4141
* System UpLoad Time = Oct 20 2017 15:52:55
** 2017_10-20
** Station: KB02
** Start Time: 11:01
** Depth (m): 121
** Comment: Edgecumbe
** Comment:
# nquan = 16
# nvalues = 699                         
# units = specified
# name 0 = scan: Scan Count
# name 1 = timeJ: Julian Days
# name 2 = timeH: Time, Elapsed [hours]
# name 3 = timeM: Time, Elapsed [minutes]
# name 4 = timeS: Time, Elapsed [seconds]
# name 5 = prdM: Pressure, Strain Gauge [db]
# name 6 = specc: Specific Conductance [uS/cm]
# name 7 = sal00: Salinity, Practical [PSU]
# name 8 = tv290C: Temperature [ITS-90, deg C]
# name 9 = depSM: Depth [salt water, m], lat = 59.00
# name 10 = oxsolML/L: Oxygen Saturation, Garcia & Gordon [ml/l]
# name 11 = potemp090C: Potential Temperature [ITS-90, deg C]
# name 12 = sigma-é00: Density [sigma-theta, kg/m^3]
# name 13 = n2satML/L: Nitrogen Saturation [ml/l]
# name 14 = par: PAR/Irradiance, Biospherical/Licor
# name 15 = flag:  0.000e+00
# span 0 =          1,        699       
# span 1 = 293.459306, 293.461325       
# span 2 =    0.00000,    0.04847       
# span 3 =     0.0000,     2.9083       
# span 4 =      0.000,    174.500       
# span 5 =     -0.239,    114.212       
# span 6 =      3.520,  49105.161       
# span 7 =     0.0024,    31.0404       
# span 8 =     0.3060,     9.7318       
# span 9 =     -0.237,    113.113       
# span 10 =    6.51554,   10.14312      
# span 11 =     0.3076,     9.7202      
# span 12 =    -0.1355,    24.0731      
# span 13 =   11.77741,   18.27639      
# span 14 = 3.6382e-02, 4.8421e+02      
# span 15 = 0.0000e+00, 0.0000e+00      
# interval = seconds: 0.25
# start_time = Oct 20 2017 11:01:24 [Instrument's time stamp, header]
# bad_flag = -9.990e-29
*END*
          1 293.459306    0.00000     0.0000      0.000     -0.239      3.520     0.0024     0.3060     -0.237   10.14312     0.3076    -0.1355   18.27639 4.2791e+02 0.0000e+00
          2 293.459308    0.00007     0.0042      0.250     -0.239      6.113     0.0040     0.3067     -0.237   10.14285     0.3088    -0.1342   18.27591 4.0510e+02 0.0000e+00
          3 293.459311    0.00014     0.0083      0.500     -0.239     10.434     0.0067     0.3076     -0.237   10.14244     0.3105    -0.1320   18.27519 3.6307e+02 0.0000e+00
          4 293.459314    0.00021     0.0125      0.750     -0.239     17.649     0.0112     0.3088     -0.237   10.14186     0.3128    -0.1284   18.27415 3.1693e+02 0.0000e+00
          5 293.459317    0.00028     0.0167      1.000     -0.239     29.694     0.0186     0.3105     -0.237   10.14099     0.3162    -0.1225   18.27261 2.8922e+02 0.0000e+00
          6 293.459320    0.00035     0.0208      1.250     -0.239     49.788     0.0310     0.3128     -0.237   10.13968     0.3212    -0.1125   18.27023 2.8812e+02 0.0000e+00
          7 293.459323    0.00042     0.0250      1.500     -0.238     83.299     0.0517     0.3162     -0.236   10.13762     0.3287    -0.0960   18.26649 3.1445e+02 0.0000e+00
          8 293.459326    0.00049     0.0292      1.750     -0.238    139.153     0.0861     0.3212     -0.236   10.13437     0.3402    -0.0684   18.26055 3.6111e+02 0.0000e+00
          9 293.459329    0.00056     0.0333      2.000     -0.237    232.239     0.1435     0.3287     -0.235   10.12920     0.3583    -0.0225   18.25109 4.1088e+02 0.0000e+00
         10 293.459332    0.00063     0.0375      2.250     -0.236    387.375     0.2392     0.3402     -0.234   10.12088     0.3874     0.0539   18.23581 4.5380e+02 0.0000e+00
         11 293.459334    0.00069     0.0417      2.500     -0.233    645.938     0.3987     0.3583     -0.231   10.10733     0.4347     0.1812   18.21085 4.8054e+02 0.0000e+00
         12 293.459337    0.00076     0.0458      2.750     -0.230   1076.890     0.6645     0.3874     -0.228   10.08506     0.5125     0.3933   18.16981 4.8421e+02 0.0000e+00
         13 293.459340    0.00083     0.0500      3.000     -0.223   1795.132     1.1075     0.4347     -0.221   10.04826     0.6414     0.7466   18.10193 4.7310e+02 0.0000e+00
         14 293.459343    0.00090     0.0542      3.250     -0.212   2992.164     1.8458     0.5125     -0.211    9.98722     0.8553     1.3355   17.98926 4.5796e+02 0.0000e+00
         15 293.459346    0.00097     0.0583      3.500     -0.195   4987.196     3.0763     0.6414     -0.193    9.88573     1.2111     2.3170   17.80190 4.4724e+02 0.0000e+00
         16 293.459349    0.00104     0.0625      3.750     -0.165   8312.259     5.1272     0.8553     -0.164    9.71681     1.8031     3.9526   17.49002 4.4104e+02 0.0000e+00
         17 293.459352    0.00111     0.0667      4.000     -0.115  13854.048     8.5453     1.2111     -0.115    9.43549     2.7280     6.6787   16.97057 4.3456e+02 0.0000e+00
         18 293.459355    0.00118     0.0708      4.250     -0.037  22912.600    14.1561     1.8031     -0.037    8.97295     3.9371    11.1518   16.11692 4.1971e+02 0.0000e+00
         19 293.459358    0.00125     0.0750      4.500      0.069  33696.582    20.8982     2.7280      0.068    8.37799     5.1996    16.5055   15.02645 3.8026e+02 0.0000e+00
         20 293.459361    0.00132     0.0792      4.750      0.181  41450.719    25.8274     3.9371      0.180    7.84401     6.2992    20.3678   14.06463 3.2113e+02 0.0000e+00
         21 293.459363    0.00139     0.0833      5.000      0.283  45161.645    28.2557     5.1997      0.281    7.45820     7.1530    22.2038   13.38628 2.6747e+02 0.0000e+00
         22 293.459366    0.00146     0.0875      5.250      0.371  46758.377    29.3388     6.2992      0.368    7.18886     7.7661    22.9666   12.92139 2.2845e+02 0.0000e+00
         23 293.459369    0.00153     0.0917      5.500      0.448  47318.221    29.7425     7.1531      0.443    7.00802     8.1775    23.2044   12.61368 2.0417e+02 0.0000e+00
         24 293.459372    0.00160     0.0958      5.750      0.511  47394.405    29.8184     7.7662      0.506    6.89141     8.4342    23.2024   12.41770 1.9136e+02 0.0000e+00
         25 293.459375    0.00167     0.1000      6.000      0.559  47324.195    29.7893     8.1775      0.553    6.81812     8.5841    23.1363   12.29552 1.8186e+02 0.0000e+00
         26 293.459378    0.00174     0.1042      6.250      0.589  47300.246    29.7859     8.4342      0.584    6.77205     8.6756    23.1062   12.21858 1.7502e+02 0.0000e+00
         27 293.459381    0.00181     0.1083      6.500      0.609  47375.134    29.8455     8.5841      0.603    6.74235     8.7460    23.1370   12.16824 1.7603e+02 0.0000e+00
         28 293.459384    0.00187     0.1125      6.750      0.623  47516.773    29.9490     8.6757      0.617    6.72137     8.8115    23.2082   12.13198 1.8570e+02 0.0000e+00
         29 293.459387    0.00194     0.1167      7.000      0.635  47653.380    30.0492     8.7461      0.629    6.70481     8.8741    23.2784   12.10316 2.0030e+02 0.0000e+00
         30 293.459389    0.00201     0.1208      7.250      0.644  47734.345    30.1117     8.8115      0.638    6.69131     8.9331    23.3190   12.07993 2.1825e+02 0.0000e+00
         31 293.459392    0.00208     0.1250      7.500      0.647  47780.034    30.1505     8.8741      0.641    6.67967     8.9877    23.3408   12.06012 2.2648e+02 0.0000e+00
         32 293.459395    0.00215     0.1292      7.750      0.647  47826.112    30.1896     8.9331      0.640    6.66881     9.0378    23.3631   12.04162 2.1545e+02 0.0000e+00
         33 293.459398    0.00222     0.1333      8.000      0.645  47871.892    30.2284     8.9877      0.638    6.65879     9.0841    23.3856   12.02454 2.0066e+02 0.0000e+00
         34 293.459401    0.00229     0.1375      8.250      0.644  47904.942    30.2579     9.0378      0.637    6.64994     9.1260    23.4013   12.00950 1.9156e+02 0.0000e+00
         35 293.459404    0.00236     0.1417      8.500      0.644  47918.927    30.2737     9.0841      0.638    6.64231     9.1620    23.4068   11.99666 1.8532e+02 0.0000e+00
         36 293.459407    0.00243     0.1458      8.750      0.647  47914.874    30.2763     9.1260      0.641    6.63594     9.1910    23.4026   11.98607 1.8276e+02 0.0000e+00
         37 293.459410    0.00250     0.1500      9.000      0.652  47894.103    30.2665     9.1620      0.646    6.63100     9.2128    23.3895   11.97801 1.8161e+02 0.0000e+00
         38 293.459413    0.00257     0.1542      9.250      0.663  47856.101    30.2438     9.1911      0.657    6.62767     9.2278    23.3673   11.97275 1.7840e+02 0.0000e+00
         39 293.459416    0.00264     0.1583      9.500      0.679  47815.645    30.2183     9.2129      0.672    6.62553     9.2381    23.3442   11.96952 1.7961e+02 0.0000e+00
         40 293.459418    0.00271     0.1625      9.750      0.695  47807.775    30.2148     9.2279      0.688    6.62346     9.2467    23.3391   11.96614 1.8714e+02 0.0000e+00
         41 293.459421    0.00278     0.1667     10.000      0.707  47846.700    30.2434     9.2382      0.700    6.62071     9.2558    23.3599   11.96124 1.8765e+02 0.0000e+00
         42 293.459424    0.00285     0.1708     10.250      0.714  47904.042    30.2846     9.2468      0.707    6.61769     9.2665    23.3908   11.95573 1.7913e+02 0.0000e+00
         43 293.459427    0.00292     0.1750     10.500      0.719  47951.376    30.3190     9.2559      0.713    6.61489     9.2782    23.4163   11.95066 1.7136e+02 0.0000e+00
         44 293.459430    0.00299     0.1792     10.750      0.726  47978.375    30.3393     9.2666      0.720    6.61244     9.2891    23.4305   11.94637 1.6501e+02 0.0000e+00
         45 293.459433    0.00306     0.1833     11.000      0.737  47987.236    30.3470     9.2782      0.730    6.61040     9.2982    23.4347   11.94290 1.5775e+02 0.0000e+00
         46 293.459436    0.00313     0.1875     11.250      0.751  47987.436    30.3486     9.2892      0.743    6.60873     9.3052    23.4343   11.94010 1.4884e+02 0.0000e+00
         47 293.459439    0.00319     0.1917     11.500      0.764  47983.758    30.3472     9.2983      0.756    6.60744     9.3104    23.4318   11.93800 1.3997e+02 0.0000e+00
         48 293.459442    0.00326     0.1958     11.750      0.771  47977.862    30.3440     9.3053      0.764    6.60655     9.3141    23.4282   11.93656 1.3571e+02 0.0000e+00
         49 293.459444    0.00333     0.2000     12.000      0.772  47977.098    30.3441     9.3104      0.765    6.60579     9.3165    23.4275   11.93530 1.3406e+02 0.0000e+00
         50 293.459447    0.00340     0.2042     12.250      0.770  47991.241    30.3545     9.3141      0.763    6.60481     9.3181    23.4351   11.93354 1.3231e+02 0.0000e+00
         51 293.459450    0.00347     0.2083     12.500      0.771  48015.794    30.3720     9.3166      0.764    6.60370     9.3194    23.4484   11.93150 1.3497e+02 0.0000e+00
         52 293.459453    0.00354     0.2125     12.750      0.779  48032.888    30.3842     9.3181      0.772    6.60296     9.3210    23.4577   11.93011 1.4591e+02 0.0000e+00
         53 293.459456    0.00361     0.2167     13.000      0.795  48030.335    30.3826     9.3195      0.788    6.60283     9.3227    23.4562   11.92992 1.6339e+02 0.0000e+00
         54 293.459459    0.00368     0.2208     13.250      0.815  48009.242    30.3680     9.3210      0.807    6.60322     9.3243    23.4446   11.93074 1.8335e+02 0.0000e+00
         55 293.459462    0.00375     0.2250     13.500      0.829  47982.040    30.3492     9.3228      0.821    6.60377     9.3256    23.4296   11.93188 1.9859e+02 0.0000e+00
         56 293.459465    0.00382     0.2292     13.750      0.832  47970.560    30.3414     9.3244      0.824    6.60386     9.3261    23.4233   11.93214 2.0428e+02 0.0000e+00
         57 293.459468    0.00389     0.2333     14.000      0.824  47986.797    30.3529     9.3257      0.816    6.60318     9.3258    23.4321   11.93087 2.0386e+02 0.0000e+00
         58 293.459470    0.00396     0.2375     14.250      0.808  48017.102    30.3742     9.3262      0.800    6.60220     9.3251    23.4487   11.92897 1.9658e+02 0.0000e+00
         59 293.459473    0.00403     0.2417     14.500      0.791  48043.063    30.3924     9.3259      0.784    6.60147     9.3245    23.4629   11.92756 1.8051e+02 0.0000e+00
         60 293.459476    0.00410     0.2458     14.750      0.780  48057.194    30.4022     9.3251      0.773    6.60116     9.3239    23.4707   11.92692 1.6298e+02 0.0000e+00
         61 293.459479    0.00417     0.2500     15.000      0.778  48059.323    30.4036     9.3245      0.771    6.60119     9.3228    23.4719   11.92695 1.5015e+02 0.0000e+00
         62 293.459482    0.00424     0.2542     15.250      0.788  48053.141    30.3992     9.3239      0.781    6.60147     9.3209    23.4685   11.92746 1.4363e+02 0.0000e+00
         63 293.459485    0.00431     0.2583     15.500      0.808  48037.457    30.3880     9.3228      0.801    6.60210     9.3182    23.4600   11.92865 1.4633e+02 0.0000e+00
         64 293.459488    0.00438     0.2625     15.750      0.833  48004.540    30.3647     9.3210      0.825    6.60336     9.3143    23.4421   11.93102 1.5408e+02 0.0000e+00
         65 293.459491    0.00444     0.2667     16.000      0.852  47956.279    30.3306     9.3183      0.844    6.60521     9.3102    23.4158   11.93450 1.6087e+02 0.0000e+00
         66 293.459494    0.00451     0.2708     16.250      0.859  47926.445    30.3092     9.3144      0.851    6.60669     9.3081    23.3997   11.93722 1.6433e+02 0.0000e+00
         67 293.459497    0.00458     0.2750     16.500      0.853  47952.168    30.3266     9.3103      0.845    6.60655     9.3086    23.4139   11.93677 1.5986e+02 0.0000e+00
         68 293.459499    0.00465     0.2792     16.750      0.841  48017.254    30.3720     9.3082      0.833    6.60494     9.3108    23.4497   11.93354 1.4974e+02 0.0000e+00
         69 293.459502    0.00472     0.2833     17.000      0.829  48075.509    30.4129     9.3087      0.821    6.60312     9.3142    23.4815   11.93004 1.4143e+02 0.0000e+00
         70 293.459505    0.00479     0.2875     17.250      0.821  48104.278    30.4333     9.3109      0.813    6.60192     9.3179    23.4972   11.92780 1.3976e+02 0.0000e+00
         71 293.459508    0.00486     0.2917     17.500      0.818  48106.969    30.4356     9.3143      0.810    6.60133     9.3215    23.4985   11.92680 1.4561e+02 0.0000e+00
         72 293.459511    0.00493     0.2958     17.750      0.819  48098.711    30.4303     9.3180      0.811    6.60100     9.3244    23.4937   11.92632 1.4946e+02 0.0000e+00
         73 293.459514    0.00500     0.3000     18.000      0.824  48094.001    30.4275     9.3216      0.816    6.60060     9.3260    23.4910   11.92568 1.4351e+02 0.0000e+00
         74 293.459517    0.00507     0.3042     18.250      0.833  48093.635    30.4276     9.3244      0.825    6.60018     9.3266    23.4906   11.92499 1.3593e+02 0.0000e+00
         75 293.459520    0.00514     0.3083     18.500      0.842  48087.954    30.4238     9.3260      0.834    6.60011     9.3271    23.4874   11.92491 1.3353e+02 0.0000e+00
         76 293.459523    0.00521     0.3125     18.750      0.849  48072.808    30.4133     9.3267      0.841    6.60047     9.3279    23.4791   11.92563 1.3361e+02 0.0000e+00
         77 293.459525    0.00528     0.3167     19.000      0.851  48052.593    30.3992     9.3272      0.843    6.60100     9.3289    23.4680   11.92668 1.3539e+02 0.0000e+00
         78 293.459528    0.00535     0.3208     19.250      0.847  48033.439    30.3859     9.3280      0.838    6.60145     9.3297    23.4575   11.92759 1.4117e+02 0.0000e+00
         79 293.459531    0.00542     0.3250     19.500      0.836  48021.475    30.3776     9.3290      0.828    6.60165     9.3298    23.4509   11.92803 1.5026e+02 0.0000e+00
         80 293.459534    0.00549     0.3292     19.750      0.824  48019.608    30.3764     9.3298      0.816    6.60158     9.3281    23.4498   11.92792 1.5582e+02 0.0000e+00
         81 293.459537    0.00556     0.3333     20.000      0.814  48022.309    30.3783     9.3299      0.806    6.60149     9.3237    23.4513   11.92775 1.5193e+02 0.0000e+00
         82 293.459540    0.00562     0.3375     20.250      0.811  48018.220    30.3753     9.3282      0.803    6.60187     9.3159    23.4492   11.92841 1.4446e+02 0.0000e+00
         83 293.459543    0.00569     0.3417     20.500      0.814  47994.238    30.3579     9.3238      0.806    6.60326     9.3043    23.4363   11.93093 1.4046e+02 0.0000e+00
         84 293.459546    0.00576     0.3458     20.750      0.825  47934.778    30.3153     9.3160      0.817    6.60622     9.2875    23.4042   11.93636 1.3769e+02 0.0000e+00
         85 293.459549    0.00583     0.3500     21.000      0.839  47823.806    30.2361     9.3044      0.831    6.61131     9.2637    23.3441   11.94575 1.3612e+02 0.0000e+00
         86 293.459552    0.00590     0.3542     21.250      0.850  47677.296    30.1313     9.2876      0.842    6.61824     9.2299    23.2648   11.95852 1.3883e+02 0.0000e+00
         87 293.459554    0.00597     0.3583     21.500      0.855  47556.353    30.0435     9.2638      0.848    6.62549     9.1858    23.1999   11.97161 1.4497e+02 0.0000e+00
         88 293.459557    0.00604     0.3625     21.750      0.853  47516.198    30.0110     9.2300      0.845    6.63186     9.1394    23.1797   11.98255 1.5301e+02 0.0000e+00
         89 293.459560    0.00611     0.3667     22.000      0.845  47574.953    30.0463     9.1859      0.837    6.63685     9.1033    23.2139   11.99040 1.6218e+02 0.0000e+00
         90 293.459563    0.00618     0.3708     22.250      0.836  47711.588    30.1357     9.1395      0.829    6.63989     9.0875    23.2908   11.99433 1.6546e+02 0.0000e+00
