CTD-processing/allCTD/CNV--turbid/2017_01-11_alongbay_skb05_cast024.cnv
* Sea-Bird SBE19plus Data File:
* FileName = P:\My Documents\kasitsna\Research-KBL\Oceanography-AK\CTD-Data-ALL-to-2016-05\2017-CTD-KachemakBay-CookInlet\2017-01-11-KachemakBay-AlongBay-partial\2017-01-11-KachemakBay-AlongBay-cast024.hex
* Software Version 1.59
* Temperature SN =  4141
* Conductivity SN =  4141
* System UpLoad Time = Jan 17 2017 15:07:19
** Cook Inlet LTM Kachemak Bay Along-bay Transect - partial
** Date: (YYYY-MM-DD): 2017-01-11
** Station: (eg. 9-01): KB05
** Start time (AKST): 15:35
** Depth (m): 175.3
** Comment: R/V Edgecumbe. From T4 to T9.
** Comment:
# nquan = 16
# nvalues = 1005                        
# units = specified
# name 0 = scan: Scan Count
# name 1 = timeJ: Julian Days
# name 2 = timeH: Time, Elapsed [hours]
# name 3 = timeM: Time, Elapsed [minutes]
# name 4 = timeS: Time, Elapsed [seconds]
# name 5 = prdM: Pressure, Strain Gauge [db]
# name 6 = specc: Specific Conductance [uS/cm]
# name 7 = sal00: Salinity, Practical [PSU]
# name 8 = tv290C: Temperature [ITS-90, deg C]
# name 9 = depSM: Depth [salt water, m], lat = 59.00
# name 10 = oxsolML/L: Oxygen Saturation, Garcia & Gordon [ml/l]
# name 11 = potemp090C: Potential Temperature [ITS-90, deg C]
# name 12 = sigma-é00: Density [sigma-theta, kg/m^3]
# name 13 = n2satML/L: Nitrogen Saturation [ml/l]
# name 14 = par: PAR/Irradiance, Biospherical/Licor
# name 15 = flag:  0.000e+00
# span 0 =          1,       1005       
# span 1 =  11.650370,  11.653275       
# span 2 =    0.00000,    0.06972       
# span 3 =     0.0000,     4.1833       
# span 4 =      0.000,    251.000       
# span 5 =     -0.006,    138.447       
# span 6 =   1503.134,  50543.360       
# span 7 =     0.7186,    31.4453       
# span 8 =     1.5609,     5.6340       
# span 9 =     -0.006,    137.106       
# span 10 =    7.13607,    9.74651      
# span 11 =     1.5619,     5.6266      
# span 12 =     0.5115,    24.8302      
# span 13 =   12.79906,   17.60100      
# span 14 = 3.6382e-02, 6.8379e+01      
# span 15 = 0.0000e+00, 0.0000e+00      
# interval = seconds: 0.25
# start_time = Jan 11 2017 15:36:32 [Instrument's time stamp, header]
# bad_flag = -9.990e-29
*END*
[from data line 724]
        725  11.652465    0.05028     3.0167    181.000     87.592  50456.418    31.4226     5.6285     86.754    7.13702     5.6215    24.7711   12.80064 3.6382e-02 0.0000e+00
        726  11.652468    0.05035     3.0208    181.250     87.803  50456.939    31.4228     5.6283     86.964    7.13705     5.6214    24.7713   12.80068 3.6382e-02 0.0000e+00
        727  11.652471    0.05042     3.0250    181.500     88.011  50457.461    31.4231     5.6281     87.169    7.13706     5.6214    24.7715   12.80070 3.6382e-02 0.0000e+00
        728  11.652474    0.05049     3.0292    181.750     88.208  50457.753    31.4232     5.6281     87.365    7.13706     5.6214    24.7716   12.80069 3.6382e-02 0.0000e+00
        729  11.652477    0.05056     3.0333    182.000     88.394  50457.894    31.4232     5.6281     87.549    7.13705     5.6215    24.7716   12.80068 3.6382e-02 0.0000e+00
        730  11.652480    0.05063     3.0375    182.250     88.571  50458.058    31.4232     5.6282     87.724    7.13704     5.6217    24.7716   12.80066 3.6382e-02 0.0000e+00
        731  11.652483    0.05069     3.0417    182.500     88.743  50458.435    31.4234     5.6283     87.894    7.13702     5.6219    24.7718   12.80062 3.6382e-02 0.0000e+00
        732  11.652486    0.05076     3.0458    182.750     88.913  50458.971    31.4237     5.6284     88.062    7.13697     5.6222    24.7720   12.80055 3.6382e-02 0.0000e+00
        733  11.652488    0.05083     3.0500    183.000     89.083  50459.292    31.4239     5.6287     88.231    7.13692     5.6224    24.7722   12.80046 3.6382e-02 0.0000e+00
        734  11.652491    0.05090     3.0542    183.250     89.258  50459.268    31.4239     5.6290     88.405    7.13687     5.6226    24.7721   12.80038 3.6382e-02 0.0000e+00
        735  11.652494    0.05097     3.0583    183.500     89.440  50459.134    31.4238     5.6293     88.585    7.13683     5.6228    24.7720   12.80031 3.6382e-02 0.0000e+00
        736  11.652497    0.05104     3.0625    183.750     89.630  50459.082    31.4237     5.6295     88.773    7.13680     5.6229    24.7719   12.80027 3.6382e-02 0.0000e+00
        737  11.652500    0.05111     3.0667    184.000     89.828  50459.060    31.4236     5.6297     88.969    7.13678     5.6231    24.7718   12.80023 3.6382e-02 0.0000e+00
        738  11.652503    0.05118     3.0708    184.250     90.031  50459.149    31.4236     5.6298     89.170    7.13675     5.6233    24.7718   12.80019 3.6382e-02 0.0000e+00
        739  11.652506    0.05125     3.0750    184.500     90.236  50459.482    31.4238     5.6300     89.373    7.13672     5.6235    24.7719   12.80013 3.6382e-02 0.0000e+00
        740  11.652509    0.05132     3.0792    184.750     90.440  50459.855    31.4240     5.6302     89.575    7.13667     5.6237    24.7720   12.80005 3.6382e-02 0.0000e+00
        741  11.652512    0.05139     3.0833    185.000     90.638  50460.089    31.4241     5.6304     89.771    7.13663     5.6240    24.7721   12.79997 3.6382e-02 0.0000e+00
        742  11.652514    0.05146     3.0875    185.250     90.828  50460.243    31.4242     5.6307     89.959    7.13658     5.6242    24.7721   12.79989 3.6382e-02 0.0000e+00
        743  11.652517    0.05153     3.0917    185.500     91.010  50460.300    31.4242     5.6310     90.140    7.13654     5.6243    24.7721   12.79982 3.6382e-02 0.0000e+00
        744  11.652520    0.05160     3.0958    185.750     91.187  50460.169    31.4241     5.6312     90.315    7.13651     5.6244    24.7720   12.79978 3.6382e-02 0.0000e+00
        745  11.652523    0.05167     3.1000    186.000     91.361  50459.939    31.4238     5.6313     90.487    7.13650     5.6244    24.7718   12.79976 3.6382e-02 0.0000e+00
        746  11.652526    0.05174     3.1042    186.250     91.533  50459.719    31.4236     5.6314     90.658    7.13649     5.6243    24.7716   12.79975 3.6382e-02 0.0000e+00
        747  11.652529    0.05181     3.1083    186.500     91.707  50459.515    31.4234     5.6314     90.830    7.13650     5.6242    24.7714   12.79977 3.6382e-02 0.0000e+00
        748  11.652532    0.05187     3.1125    186.750     91.882  50459.343    31.4232     5.6313     91.003    7.13652     5.6240    24.7713   12.79980 3.6382e-02 0.0000e+00
        749  11.652535    0.05194     3.1167    187.000     92.055  50459.100    31.4229     5.6312     91.175    7.13655     5.6236    24.7711   12.79986 3.6382e-02 0.0000e+00
        750  11.652538    0.05201     3.1208    187.250     92.224  50458.701    31.4225     5.6310     91.342    7.13661     5.6230    24.7708   12.79996 3.6382e-02 0.0000e+00
        751  11.652541    0.05208     3.1250    187.500     92.388  50458.247    31.4220     5.6306     91.504    7.13669     5.6223    24.7704   12.80010 3.6382e-02 0.0000e+00
        752  11.652543    0.05215     3.1292    187.750     92.547  50457.896    31.4216     5.6301     91.661    7.13680     5.6215    24.7702   12.80029 3.6382e-02 0.0000e+00
        753  11.652546    0.05222     3.1333    188.000     92.705  50457.817    31.4213     5.6294     91.818    7.13693     5.6207    24.7700   12.80050 3.6382e-02 0.0000e+00
        754  11.652549    0.05229     3.1375    188.250     92.872  50458.152    31.4213     5.6287     91.983    7.13706     5.6201    24.7701   12.80072 3.6382e-02 0.0000e+00
        755  11.652552    0.05236     3.1417    188.500     93.059  50458.908    31.4216     5.6279     92.168    7.13717     5.6197    24.7704   12.80091 3.6382e-02 0.0000e+00
        756  11.652555    0.05243     3.1458    188.750     93.269  50459.937    31.4221     5.6273     92.376    7.13726     5.6195    24.7709   12.80104 3.6382e-02 0.0000e+00
        757  11.652558    0.05250     3.1500    189.000     93.498  50461.065    31.4227     5.6269     92.602    7.13730     5.6196    24.7714   12.80110 3.6382e-02 0.0000e+00
        758  11.652561    0.05257     3.1542    189.250     93.734  50462.362    31.4234     5.6267     92.836    7.13729     5.6201    24.7720   12.80108 3.6382e-02 0.0000e+00
        759  11.652564    0.05264     3.1583    189.500     93.961  50463.802    31.4243     5.6268     93.062    7.13722     5.6207    24.7727   12.80096 3.6382e-02 0.0000e+00
        760  11.652567    0.05271     3.1625    189.750     94.167  50464.889    31.4251     5.6272     93.265    7.13711     5.6215    24.7732   12.80077 3.6382e-02 0.0000e+00
        761  11.652569    0.05278     3.1667    190.000     94.348  50465.194    31.4253     5.6279     93.445    7.13699     5.6222    24.7734   12.80056 3.6382e-02 0.0000e+00
        762  11.652572    0.05285     3.1708    190.250     94.512  50464.842    31.4252     5.6287     93.608    7.13687     5.6227    24.7732   12.80036 3.6382e-02 0.0000e+00
        763  11.652575    0.05292     3.1750    190.500     94.675  50464.207    31.4248     5.6294     93.768    7.13677     5.6231    24.7728   12.80019 3.6382e-02 0.0000e+00
        764  11.652578    0.05299     3.1792    190.750     94.845  50463.599    31.4244     5.6299     93.937    7.13669     5.6233    24.7724   12.80007 3.6382e-02 0.0000e+00
        765  11.652581    0.05306     3.1833    191.000     95.027  50463.291    31.4242     5.6303     94.117    7.13664     5.6235    24.7722   12.79999 3.6382e-02 0.0000e+00
        766  11.652584    0.05312     3.1875    191.250     95.215  50463.227    31.4241     5.6306     94.303    7.13660     5.6236    24.7721   12.79992 3.6382e-02 0.0000e+00
        767  11.652587    0.05319     3.1917    191.500     95.399  50463.161    31.4240     5.6308     94.485    7.13657     5.6235    24.7720   12.79989 3.6382e-02 0.0000e+00
        768  11.652590    0.05326     3.1958    191.750     95.571  50463.108    31.4239     5.6309     94.656    7.13656     5.6234    24.7720   12.79987 3.6382e-02 0.0000e+00
        769  11.652593    0.05333     3.2000    192.000     95.730  50463.176    31.4238     5.6309     94.813    7.13657     5.6233    24.7719   12.79988 3.6382e-02 0.0000e+00
        770  11.652595    0.05340     3.2042    192.250     95.879  50463.385    31.4239     5.6308     94.960    7.13658     5.6232    24.7720   12.79989 3.6382e-02 0.0000e+00
        771  11.652598    0.05347     3.2083    192.500     96.029  50463.646    31.4240     5.6307     95.109    7.13659     5.6231    24.7721   12.79991 3.6382e-02 0.0000e+00
        772  11.652601    0.05354     3.2125    192.750     96.191  50463.902    31.4241     5.6306     95.269    7.13660     5.6230    24.7721   12.79993 3.6382e-02 0.0000e+00
        773  11.652604    0.05361     3.2167    193.000     96.369  50464.160    31.4242     5.6305     95.446    7.13661     5.6230    24.7722   12.79994 3.6382e-02 0.0000e+00
        774  11.652607    0.05368     3.2208    193.250     96.560  50464.374    31.4243     5.6304     95.635    7.13662     5.6229    24.7722   12.79996 3.6382e-02 0.0000e+00
        775  11.652610    0.05375     3.2250    193.500     96.756  50464.472    31.4242     5.6304     95.829    7.13663     5.6228    24.7722   12.79998 3.6382e-02 0.0000e+00
        776  11.652613    0.05382     3.2292    193.750     96.950  50464.469    31.4241     5.6303     96.021    7.13665     5.6227    24.7721   12.80001 3.6382e-02 0.0000e+00
        777  11.652616    0.05389     3.2333    194.000     97.140  50464.428    31.4240     5.6302     96.210    7.13667     5.6226    24.7720   12.80005 3.6382e-02 0.0000e+00
        778  11.652619    0.05396     3.2375    194.250     97.331  50464.395    31.4238     5.6301     96.399    7.13669     5.6226    24.7719   12.80009 3.6382e-02 0.0000e+00
        779  11.652622    0.05403     3.2417    194.500     97.530  50464.436    31.4237     5.6300     96.595    7.13671     5.6226    24.7719   12.80011 3.6382e-02 0.0000e+00
        780  11.652624    0.05410     3.2458    194.750     97.741  50464.598    31.4237     5.6300     96.805    7.13671     5.6227    24.7719   12.80011 3.6382e-02 0.0000e+00
        781  11.652627    0.05417     3.2500    195.000     97.967  50464.851    31.4238     5.6300     97.028    7.13669     5.6229    24.7719   12.80009 3.6382e-02 0.0000e+00
        782  11.652630    0.05424     3.2542    195.250     98.200  50465.143    31.4239     5.6302     97.258    7.13667     5.6232    24.7720   12.80005 3.6382e-02 0.0000e+00
        783  11.652633    0.05431     3.2583    195.500     98.430  50465.433    31.4241     5.6304     97.486    7.13662     5.6236    24.7721   12.79997 3.6382e-02 0.0000e+00
        784  11.652636    0.05438     3.2625    195.750     98.644  50465.595    31.4241     5.6308     97.698    7.13656     5.6241    24.7722   12.79987 3.6382e-02 0.0000e+00
        785  11.652639    0.05444     3.2667    196.000     98.832  50465.525    31.4241     5.6312     97.885    7.13650     5.6245    24.7721   12.79975 3.6382e-02 0.0000e+00
        786  11.652642    0.05451     3.2708    196.250     98.992  50465.280    31.4240     5.6316     98.043    7.13643     5.6248    24.7719   12.79964 3.6382e-02 0.0000e+00
        787  11.652645    0.05458     3.2750    196.500     99.130  50465.075    31.4239     5.6320     98.180    7.13636     5.6251    24.7717   12.79954 3.6382e-02 0.0000e+00
        788  11.652648    0.05465     3.2792    196.750     99.265  50464.976    31.4238     5.6324     98.313    7.13631     5.6253    24.7717   12.79945 3.6382e-02 0.0000e+00
        789  11.652650    0.05472     3.2833    197.000     99.413  50464.888    31.4237     5.6327     98.460    7.13626     5.6255    24.7716   12.79938 3.6382e-02 0.0000e+00
        790  11.652653    0.05479     3.2875    197.250     99.585  50464.922    31.4237     5.6329     98.630    7.13622     5.6258    24.7716   12.79931 3.6382e-02 0.0000e+00
        791  11.652656    0.05486     3.2917    197.500     99.778  50465.110    31.4238     5.6331     98.822    7.13618     5.6260    24.7716   12.79924 3.6382e-02 0.0000e+00
        792  11.652659    0.05493     3.2958    197.750     99.982  50465.211    31.4238     5.6334     99.023    7.13614     5.6261    24.7716   12.79917 3.6382e-02 0.0000e+00
        793  11.652662    0.05500     3.3000    198.000    100.180  50465.058    31.4236     5.6336     99.220    7.13611     5.6261    24.7714   12.79913 3.6382e-02 0.0000e+00
        794  11.652665    0.05507     3.3042    198.250    100.360  50464.869    31.4234     5.6337     99.398    7.13610     5.6260    24.7712   12.79911 3.6382e-02 0.0000e+00
        795  11.652668    0.05514     3.3083    198.500    100.514  50464.872    31.4234     5.6338     99.551    7.13610     5.6260    24.7712   12.79911 3.6382e-02 0.0000e+00
        796  11.652671    0.05521     3.3125    198.750    100.650  50464.882    31.4233     5.6338     99.685    7.13611     5.6258    24.7711   12.79912 3.6382e-02 0.0000e+00
        797  11.652674    0.05528     3.3167    199.000    100.783  50464.819    31.4232     5.6337     99.816    7.13613     5.6256    24.7711   12.79915 3.6382e-02 0.0000e+00
        798  11.652677    0.05535     3.3208    199.250    100.931  50464.796    31.4231     5.6336     99.963    7.13615     5.6254    24.7710   12.79919 3.6382e-02 0.0000e+00
        799  11.652679    0.05542     3.3250    199.500    101.102  50464.847    31.4230     5.6334    100.133    7.13619     5.6251    24.7710   12.79925 3.6382e-02 0.0000e+00
        800  11.652682    0.05549     3.3292    199.750    101.292  50465.078    31.4230     5.6332    100.320    7.13623     5.6249    24.7710   12.79931 3.6382e-02 0.0000e+00
        801  11.652685    0.05556     3.3333    200.000    101.488  50465.484    31.4231     5.6329    100.515    7.13626     5.6248    24.7711   12.79937 3.6382e-02 0.0000e+00
        802  11.652688    0.05563     3.3375    200.250    101.681  50465.902    31.4233     5.6327    100.706    7.13628     5.6248    24.7713   12.79940 3.6382e-02 0.0000e+00
        803  11.652691    0.05569     3.3417    200.500    101.866  50466.274    31.4234     5.6326    100.889    7.13629     5.6248    24.7714   12.79941 3.6382e-02 0.0000e+00
        804  11.652694    0.05576     3.3458    200.750    102.045  50466.581    31.4235     5.6326    101.066    7.13628     5.6248    24.7715   12.79941 3.6382e-02 0.0000e+00
        805  11.652697    0.05583     3.3500    201.000    102.227  50466.755    31.4236     5.6326    101.247    7.13627     5.6249    24.7715   12.79940 3.6382e-02 0.0000e+00
        806  11.652700    0.05590     3.3542    201.250    102.421  50466.745    31.4235     5.6327    101.439    7.13627     5.6249    24.7715   12.79939 3.6382e-02 0.0000e+00
        807  11.652703    0.05597     3.3583    201.500    102.629  50466.598    31.4233     5.6327    101.645    7.13627     5.6249    24.7713   12.79940 3.6382e-02 0.0000e+00
        808  11.652705    0.05604     3.3625    201.750    102.848  50466.486    31.4232     5.6328    101.861    7.13627     5.6249    24.7712   12.79940 3.6382e-02 0.0000e+00
        809  11.652708    0.05611     3.3667    202.000    103.069  50466.498    31.4231     5.6328    102.080    7.13627     5.6249    24.7711   12.79941 3.6382e-02 0.0000e+00
        810  11.652711    0.05618     3.3708    202.250    103.282  50466.613    31.4230     5.6328    102.291    7.13627     5.6249    24.7711   12.79940 3.6382e-02 0.0000e+00
        811  11.652714    0.05625     3.3750    202.500    103.480  50466.772    31.4231     5.6328    102.486    7.13627     5.6248    24.7711   12.79940 3.6382e-02 0.0000e+00
        812  11.652717    0.05632     3.3792    202.750    103.660  50466.893    31.4231     5.6328    102.665    7.13628     5.6247    24.7711   12.79941 3.6382e-02 0.0000e+00
        813  11.652720    0.05639     3.3833    203.000    103.825  50467.026    31.4231     5.6328    102.829    7.13628     5.6247    24.7711   12.79942 3.6382e-02 0.0000e+00
