CTD-processing/allCTD/CNV--turbid/2017_04-19_t3_s03_cast135.cnv
* Sea-Bird SBE19plus Data File:
* FileName = P:\My Documents\kasitsna\Research-KBL\Oceanography-AK\CTD-Data-ALL-to-2017-02\2017-CTD-KachemakBay-CookInlet\2017-04-19-CookInlet-Tran3-AnchorPt\2017-04-19-CookInlet-Tran3-cast135.hex
* Software Version 1.59
* Temperature SN =  4141
* Conductivity SN =  4141
* System UpLoad Time = Apr 20 2017 00:40:28
** Cook Inlet LTM Transect 3 Anchor Pt east to west
** Date: 2017-04-19
** Station: (eg. 9-01): 3-03
** Start time (AKDT): 23:48
** Depth (m): 32.9
** Comment: R/V Alaska Dreamcatcher
** Comment:
# nquan = 16
# nvalues = 386                         
# units = specified
# name 0 = scan: Scan Count
# name 1 = timeJ: Julian Days
# name 2 = timeH: Time, Elapsed [hours]
# name 3 = timeM: Time, Elapsed [minutes]
# name 4 = timeS: Time, Elapsed [seconds]
# name 5 = prdM: Pressure, Strain Gauge [db]
# name 6 = specc: Specific Conductance [uS/cm]
# name 7 = sal00: Salinity, Practical [PSU]
# name 8 = tv290C: Temperature [ITS-90, deg C]
# name 9 = depSM: Depth [salt water, m], lat = 59.00
# name 10 = oxsolML/L: Oxygen Saturation, Garcia & Gordon [ml/l]
# name 11 = potemp090C: Potential Temperature [ITS-90, deg C]
# name 12 = sigma-é00: Density [sigma-theta, kg/m^3]
# name 13 = n2satML/L: Nitrogen Saturation [ml/l]
# name 14 = par: PAR/Irradiance, Biospherical/Licor
# name 15 = flag:  0.000e+00
# span 0 =          1,        386       
# span 1 = 109.991678, 109.992792       
# span 2 =    0.00000,    0.02674       
# span 3 =     0.0000,     1.6042       
# span 4 =      0.000,     96.250       
# span 5 =     -0.032,     33.364       
# span 6 =    641.993,  50539.876       
# span 7 =     0.3316,    30.7519       
# span 8 =     2.3774,     2.6144       
# span 9 =     -0.032,     33.050       
# span 10 =    7.75290,    9.49657      
# span 11 =     2.3773,     2.6135      
# span 12 =     0.2270,    24.5399      
# span 13 =   13.82624,   17.18988      
# span 14 = 3.6382e-02, 5.0794e-02      
# span 15 = 0.0000e+00, 0.0000e+00      
# interval = seconds: 0.25
# start_time = Apr 19 2017 23:48:01 [Instrument's time stamp, header]
# bad_flag = -9.990e-29
*END*
[from data line 91]
         92 109.991942    0.00632     0.3792     22.750      0.874  50505.090    30.7339     2.3811      0.865    7.76214     2.3817    24.5285   13.84170 3.6382e-02 0.0000e+00
         93 109.991944    0.00639     0.3833     23.000      0.874  50505.984    30.7345     2.3813      0.866    7.76206     2.3820    24.5290   13.84156 3.6382e-02 0.0000e+00
         94 109.991947    0.00646     0.3875     23.250      0.873  50506.493    30.7350     2.3817      0.865    7.76197     2.3824    24.5293   13.84141 3.6382e-02 0.0000e+00
         95 109.991950    0.00653     0.3917     23.500      0.871  50506.450    30.7350     2.3821      0.863    7.76189     2.3827    24.5294   13.84128 3.6382e-02 0.0000e+00
         96 109.991953    0.00660     0.3958     23.750      0.868  50506.000    30.7348     2.3825      0.860    7.76183     2.3829    24.5292   13.84118 3.6382e-02 0.0000e+00
         97 109.991956    0.00667     0.4000     24.000      0.866  50505.521    30.7346     2.3827      0.858    7.76178     2.3830    24.5289   13.84111 3.6382e-02 0.0000e+00
         98 109.991959    0.00674     0.4042     24.250      0.864  50505.330    30.7345     2.3829      0.856    7.76175     2.3831    24.5289   13.84106 3.6382e-02 0.0000e+00
         99 109.991962    0.00681     0.4083     24.500      0.865  50505.667    30.7348     2.3831      0.857    7.76171     2.3832    24.5291   13.84099 3.6382e-02 0.0000e+00
        100 109.991965    0.00688     0.4125     24.750      0.867  50506.720    30.7355     2.3831      0.859    7.76166     2.3834    24.5297   13.84089 3.6382e-02 0.0000e+00
        101 109.991968    0.00694     0.4167     25.000      0.870  50508.415    30.7367     2.3833      0.862    7.76157     2.3838    24.5306   13.84072 3.6382e-02 0.0000e+00
        102 109.991970    0.00701     0.4208     25.250      0.873  50510.361    30.7381     2.3835      0.864    7.76145     2.3842    24.5317   13.84051 3.6382e-02 0.0000e+00
        103 109.991973    0.00708     0.4250     25.500      0.875  50512.023    30.7393     2.3839      0.867    7.76132     2.3846    24.5326   13.84029 3.6382e-02 0.0000e+00
        104 109.991976    0.00715     0.4292     25.750      0.877  50513.057    30.7401     2.3843      0.868    7.76120     2.3849    24.5332   13.84008 3.6382e-02 0.0000e+00
        105 109.991979    0.00722     0.4333     26.000      0.879  50513.403    30.7404     2.3847      0.870    7.76111     2.3853    24.5334   13.83991 3.6382e-02 0.0000e+00
        106 109.991982    0.00729     0.4375     26.250      0.880  50513.069    30.7403     2.3850      0.871    7.76104     2.3856    24.5333   13.83980 3.6382e-02 0.0000e+00
        107 109.991985    0.00736     0.4417     26.500      0.880  50512.061    30.7397     2.3854      0.872    7.76100     2.3858    24.5328   13.83974 3.6382e-02 0.0000e+00
        108 109.991988    0.00743     0.4458     26.750      0.881  50510.468    30.7387     2.3857      0.872    7.76099     2.3859    24.5320   13.83974 3.6382e-02 0.0000e+00
        109 109.991991    0.00750     0.4500     27.000      0.881  50508.508    30.7375     2.3859      0.873    7.76102     2.3859    24.5310   13.83980 3.6382e-02 0.0000e+00
        110 109.991994    0.00757     0.4542     27.250      0.882  50506.431    30.7361     2.3860      0.874    7.76107     2.3857    24.5299   13.83991 3.6382e-02 0.0000e+00
        111 109.991997    0.00764     0.4583     27.500      0.883  50504.477    30.7348     2.3859      0.875    7.76115     2.3856    24.5289   13.84006 3.6382e-02 0.0000e+00
        112 109.991999    0.00771     0.4625     27.750      0.884  50502.863    30.7336     2.3858      0.876    7.76124     2.3854    24.5280   13.84022 3.6382e-02 0.0000e+00
        113 109.992002    0.00778     0.4667     28.000      0.884  50501.708    30.7328     2.3856      0.876    7.76131     2.3854    24.5273   13.84036 3.6382e-02 0.0000e+00
        114 109.992005    0.00785     0.4708     28.250      0.884  50501.022    30.7323     2.3855      0.875    7.76136     2.3856    24.5269   13.84045 3.6382e-02 0.0000e+00
        115 109.992008    0.00792     0.4750     28.500      0.882  50500.780    30.7322     2.3855      0.874    7.76137     2.3858    24.5268   13.84046 3.6382e-02 0.0000e+00
        116 109.992011    0.00799     0.4792     28.750      0.880  50500.896    30.7323     2.3857      0.872    7.76134     2.3862    24.5269   13.84040 3.6382e-02 0.0000e+00
        117 109.992014    0.00806     0.4833     29.000      0.878  50501.161    30.7325     2.3859      0.869    7.76127     2.3866    24.5271   13.84030 3.6382e-02 0.0000e+00
        118 109.992017    0.00813     0.4875     29.250      0.874  50501.318    30.7327     2.3863      0.866    7.76119     2.3870    24.5272   13.84016 3.6382e-02 0.0000e+00
        119 109.992020    0.00819     0.4917     29.500      0.871  50501.188    30.7327     2.3867      0.863    7.76112     2.3873    24.5272   13.84003 3.6382e-02 0.0000e+00
        120 109.992023    0.00826     0.4958     29.750      0.869  50500.716    30.7325     2.3870      0.861    7.76105     2.3876    24.5270   13.83993 3.6382e-02 0.0000e+00
        121 109.992025    0.00833     0.5000     30.000      0.868  50499.978    30.7321     2.3874      0.860    7.76101     2.3877    24.5267   13.83987 3.6382e-02 0.0000e+00
        122 109.992028    0.00840     0.5042     30.250      0.869  50499.183    30.7317     2.3876      0.861    7.76099     2.3877    24.5263   13.83984 3.6382e-02 0.0000e+00
        123 109.992031    0.00847     0.5083     30.500      0.872  50498.507    30.7313     2.3877      0.864    7.76099     2.3877    24.5259   13.83984 3.6382e-02 0.0000e+00
        124 109.992034    0.00854     0.5125     30.750      0.876  50498.108    30.7310     2.3878      0.868    7.76099     2.3877    24.5257   13.83986 3.6382e-02 0.0000e+00
        125 109.992037    0.00861     0.5167     31.000      0.881  50498.198    30.7311     2.3878      0.873    7.76099     2.3878    24.5257   13.83986 3.6382e-02 0.0000e+00
        126 109.992040    0.00868     0.5208     31.250      0.887  50498.880    30.7315     2.3878      0.878    7.76097     2.3880    24.5261   13.83981 3.6382e-02 0.0000e+00
        127 109.992043    0.00875     0.5250     31.500      0.891  50500.155    30.7324     2.3878      0.882    7.76091     2.3882    24.5268   13.83970 3.6382e-02 0.0000e+00
        128 109.992046    0.00882     0.5292     31.750      0.893  50501.879    30.7336     2.3880      0.885    7.76081     2.3886    24.5277   13.83952 3.6382e-02 0.0000e+00
        129 109.992049    0.00889     0.5333     32.000      0.893  50503.717    30.7349     2.3883      0.885    7.76069     2.3890    24.5288   13.83929 3.6382e-02 0.0000e+00
        130 109.992052    0.00896     0.5375     32.250      0.891  50505.379    30.7361     2.3887      0.883    7.76055     2.3893    24.5297   13.83905 3.6382e-02 0.0000e+00
        131 109.992054    0.00903     0.5417     32.500      0.888  50506.724    30.7371     2.3890      0.880    7.76043     2.3896    24.5305   13.83883 3.6382e-02 0.0000e+00
        132 109.992057    0.00910     0.5458     32.750      0.883  50507.682    30.7378     2.3893      0.874    7.76032     2.3898    24.5311   13.83865 3.6382e-02 0.0000e+00
        133 109.992060    0.00917     0.5500     33.000      0.877  50508.217    30.7383     2.3896      0.869    7.76025     2.3901    24.5314   13.83853 3.6382e-02 0.0000e+00
        134 109.992063    0.00924     0.5542     33.250      0.872  50508.274    30.7384     2.3899      0.863    7.76020     2.3903    24.5314   13.83844 3.6382e-02 0.0000e+00
        135 109.992066    0.00931     0.5583     33.500      0.868  50507.741    30.7381     2.3901      0.859    7.76017     2.3906    24.5312   13.83839 3.6382e-02 0.0000e+00
        136 109.992069    0.00937     0.5625     33.750      0.865  50506.585    30.7374     2.3904      0.856    7.76015     2.3908    24.5306   13.83838 3.6382e-02 0.0000e+00
        137 109.992072    0.00944     0.5667     34.000      0.864  50504.990    30.7364     2.3906      0.855    7.76015     2.3910    24.5298   13.83839 3.6382e-02 0.0000e+00
        138 109.992075    0.00951     0.5708     34.250      0.864  50503.383    30.7354     2.3909      0.856    7.76015     2.3911    24.5290   13.83841 3.6382e-02 0.0000e+00
        139 109.992078    0.00958     0.5750     34.500      0.866  50502.226    30.7347     2.3910      0.858    7.76016     2.3911    24.5284   13.83843 3.6382e-02 0.0000e+00
        140 109.992080    0.00965     0.5792     34.750      0.869  50501.736    30.7344     2.3911      0.860    7.76016     2.3912    24.5281   13.83843 3.6382e-02 0.0000e+00
        141 109.992083    0.00972     0.5833     35.000      0.872  50501.879    30.7345     2.3912      0.864    7.76015     2.3913    24.5282   13.83841 3.6382e-02 0.0000e+00
        142 109.992086    0.00979     0.5875     35.250      0.875  50502.521    30.7349     2.3913      0.867    7.76011     2.3915    24.5285   13.83835 3.6382e-02 0.0000e+00
        143 109.992089    0.00986     0.5917     35.500      0.879  50503.526    30.7356     2.3914      0.871    7.76006     2.3917    24.5291   13.83824 3.6382e-02 0.0000e+00
        144 109.992092    0.00993     0.5958     35.750      0.883  50504.746    30.7365     2.3915      0.874    7.75998     2.3920    24.5298   13.83810 3.6382e-02 0.0000e+00
        145 109.992095    0.01000     0.6000     36.000      0.887  50506.061    30.7374     2.3918      0.878    7.75987     2.3924    24.5305   13.83792 3.6382e-02 0.0000e+00
        146 109.992098    0.01007     0.6042     36.250      0.890  50507.423    30.7384     2.3921      0.881    7.75976     2.3927    24.5313   13.83771 3.6382e-02 0.0000e+00
        147 109.992101    0.01014     0.6083     36.500      0.892  50508.776    30.7394     2.3924      0.883    7.75963     2.3930    24.5321   13.83750 3.6382e-02 0.0000e+00
        148 109.992104    0.01021     0.6125     36.750      0.893  50510.088    30.7404     2.3928      0.884    7.75952     2.3932    24.5329   13.83729 3.6382e-02 0.0000e+00
        149 109.992106    0.01028     0.6167     37.000      0.892  50511.353    30.7413     2.3931      0.884    7.75941     2.3934    24.5336   13.83711 3.6382e-02 0.0000e+00
        150 109.992109    0.01035     0.6208     37.250      0.890  50512.517    30.7422     2.3933      0.881    7.75933     2.3936    24.5342   13.83696 3.6382e-02 0.0000e+00
        151 109.992112    0.01042     0.6250     37.500      0.886  50513.547    30.7429     2.3934      0.878    7.75926     2.3939    24.5348   13.83683 3.6382e-02 0.0000e+00
        152 109.992115    0.01049     0.6292     37.750      0.882  50514.405    30.7435     2.3936      0.874    7.75918     2.3945    24.5353   13.83669 3.6382e-02 0.0000e+00
        153 109.992118    0.01056     0.6333     38.000      0.877  50514.939    30.7440     2.3940      0.869    7.75909     2.3953    24.5356   13.83654 3.6382e-02 0.0000e+00
        154 109.992121    0.01063     0.6375     38.250      0.872  50514.958    30.7441     2.3946      0.864    7.75897     2.3964    24.5357   13.83634 3.6382e-02 0.0000e+00
        155 109.992124    0.01069     0.6417     38.500      0.867  50514.379    30.7440     2.3954      0.860    7.75882     2.3977    24.5355   13.83609 3.6382e-02 0.0000e+00
        156 109.992127    0.01076     0.6458     38.750      0.863  50513.208    30.7435     2.3965      0.855    7.75863     2.3990    24.5351   13.83579 3.6382e-02 0.0000e+00
        157 109.992130    0.01083     0.6500     39.000      0.859  50511.511    30.7427     2.3978      0.851    7.75843     2.4003    24.5343   13.83546 3.6382e-02 0.0000e+00
        158 109.992133    0.01090     0.6542     39.250      0.856  50509.431    30.7417     2.3991      0.848    7.75822     2.4014    24.5334   13.83513 3.6382e-02 0.0000e+00
        159 109.992135    0.01097     0.6583     39.500      0.855  50507.178    30.7405     2.4004      0.847    7.75803     2.4024    24.5324   13.83483 3.6382e-02 0.0000e+00
        160 109.992138    0.01104     0.6625     39.750      0.856  50505.006    30.7394     2.4015      0.848    7.75786     2.4031    24.5314   13.83458 3.6382e-02 0.0000e+00
        161 109.992141    0.01111     0.6667     40.000      0.860  50503.103    30.7384     2.4025      0.852    7.75773     2.4037    24.5305   13.83437 3.6382e-02 0.0000e+00
        162 109.992144    0.01118     0.6708     40.250      0.866  50501.580    30.7376     2.4032      0.858    7.75763     2.4041    24.5298   13.83422 3.6382e-02 0.0000e+00
        163 109.992147    0.01125     0.6750     40.500      0.874  50500.543    30.7370     2.4038      0.866    7.75755     2.4046    24.5293   13.83410 3.6382e-02 0.0000e+00
        164 109.992150    0.01132     0.6792     40.750      0.882  50500.028    30.7368     2.4042      0.874    7.75747     2.4051    24.5291   13.83397 3.6382e-02 0.0000e+00
        165 109.992153    0.01139     0.6833     41.000      0.889  50499.909    30.7368     2.4047      0.881    7.75739     2.4057    24.5291   13.83383 3.6382e-02 0.0000e+00
        166 109.992156    0.01146     0.6875     41.250      0.894  50499.921    30.7370     2.4051      0.886    7.75729     2.4065    24.5292   13.83366 3.6382e-02 0.0000e+00
        167 109.992159    0.01153     0.6917     41.500      0.896  50499.750    30.7370     2.4057      0.888    7.75717     2.4075    24.5292   13.83347 3.6382e-02 0.0000e+00
        168 109.992161    0.01160     0.6958     41.750      0.895  50499.136    30.7368     2.4065      0.887    7.75703     2.4089    24.5290   13.83323 3.6382e-02 0.0000e+00
        169 109.992164    0.01167     0.7000     42.000      0.891  50497.920    30.7362     2.4075      0.883    7.75685     2.4106    24.5285   13.83295 3.6382e-02 0.0000e+00
        170 109.992167    0.01174     0.7042     42.250      0.885  50496.023    30.7353     2.4089      0.877    7.75663     2.4125    24.5277   13.83260 3.6382e-02 0.0000e+00
        171 109.992170    0.01181     0.7083     42.500      0.878  50493.398    30.7340     2.4106      0.870    7.75637     2.4146    24.5265   13.83218 3.6382e-02 0.0000e+00
        172 109.992173    0.01188     0.7125     42.750      0.871  50490.158    30.7324     2.4126      0.863    7.75607     2.4164    24.5250   13.83171 3.6382e-02 0.0000e+00
        173 109.992176    0.01194     0.7167     43.000      0.865  50486.682    30.7306     2.4146      0.857    7.75577     2.4179    24.5234   13.83125 3.6382e-02 0.0000e+00
        174 109.992179    0.01201     0.7208     43.250      0.860  50483.372    30.7289     2.4164      0.852    7.75551     2.4191    24.5219   13.83083 3.6382e-02 0.0000e+00
        175 109.992182    0.01208     0.7250     43.500      0.857  50480.452    30.7273     2.4179      0.849    7.75529     2.4199    24.5206   13.83049 3.6382e-02 0.0000e+00
        176 109.992185    0.01215     0.7292     43.750      0.855  50478.065    30.7261     2.4191      0.847    7.75512     2.4205    24.5195   13.83024 3.6382e-02 0.0000e+00
        177 109.992188    0.01222     0.7333     44.000      0.855  50476.254    30.7251     2.4200      0.847    7.75501     2.4209    24.5187   13.83006 3.6382e-02 0.0000e+00
        178 109.992190    0.01229     0.7375     44.250      0.857  50474.926    30.7243     2.4205      0.848    7.75494     2.4211    24.5180   13.82995 3.6382e-02 0.0000e+00
        179 109.992193    0.01236     0.7417     44.500      0.860  50473.960    30.7238     2.4209      0.851    7.75489     2.4212    24.5176   13.82989 3.6382e-02 0.0000e+00
        180 109.992196    0.01243     0.7458     44.750      0.864  50473.262    30.7234     2.4211      0.856    7.75488     2.4213    24.5172   13.82987 3.6382e-02 0.0000e+00
