CTD-processing/allCTD/CNV--turbid/2017_02-07_alongbay_skb03_cast038.cnv
* Sea-Bird SBE19plus Data File:
* FileName = C:\Users\jwschloemer\Documents\CTD Data\2017_02_07_alongbay\2017_02_07_alongbay_cast038.hex
* Software Version 1.59
* Temperature SN =  4141
* Conductivity SN =  4141
* System UpLoad Time = Mar 06 2017 12:42:34
** Cook Inlet LTM Kbay Along Bay
** Date: 2017-02-07
** Station:KB03
** Start Time (AKST):13:44
** Depth (m):106
** Comment: R/V Edgecumbe
# nquan = 16
# nvalues = 812                         
# units = specified
# name 0 = scan: Scan Count
# name 1 = timeJ: Julian Days
# name 2 = timeH: Time, Elapsed [hours]
# name 3 = timeM: Time, Elapsed [minutes]
# name 4 = timeS: Time, Elapsed [seconds]
# name 5 = prdM: Pressure, Strain Gauge [db]
# name 6 = specc: Specific Conductance [uS/cm]
# name 7 = sal00: Salinity, Practical [PSU]
# name 8 = tv290C: Temperature [ITS-90, deg C]
# name 9 = depSM: Depth [salt water, m], lat = 59.00
# name 10 = oxsolML/L: Oxygen Saturation, Garcia & Gordon [ml/l]
# name 11 = potemp090C: Potential Temperature [ITS-90, deg C]
# name 12 = sigma-é00: Density [sigma-theta, kg/m^3]
# name 13 = n2satML/L: Nitrogen Saturation [ml/l]
# name 14 = par: PAR/Irradiance, Biospherical/Licor
# name 15 = flag:  0.000e+00
# span 0 =          1,        812       
# span 1 =  38.573148,  38.575495       
# span 2 =    0.00000,    0.05632       
# span 3 =     0.0000,     3.3792       
# span 4 =      0.000,    202.750       
# span 5 =      0.647,     94.710       
# span 6 =  50616.168,  51888.823       
# span 7 =    31.4215,    32.1693       
# span 8 =     4.3494,     5.3057       
# span 9 =      0.642,     93.803       
# span 10 =    7.17135,    7.33580      
# span 11 =     4.3810,     5.2986      
# span 12 =    24.8504,    25.5000      
# span 13 =   12.85184,   13.12453      
# span 14 = 3.6382e-02, 8.8832e+01      
# span 15 = 0.0000e+00, 0.0000e+00      
# interval = seconds: 0.25
# start_time = Feb 07 2017 13:45:20 [Instrument's time stamp, header]
# bad_flag = -9.990e-29
*END*
[from data line 362]
        363  38.574196    0.02514     1.5083     90.500      7.695  51122.025    31.8030     5.0705      7.623    7.21405     5.0883    25.1338   12.92299 3.0447e+01 0.0000e+00
        364  38.574198    0.02521     1.5125     90.750      7.888  51126.969    31.8081     5.0790      7.814    7.21234     5.0997    25.1370   12.92009 2.9885e+01 0.0000e+00
        365  38.574201    0.02528     1.5167     91.000      8.087  51132.071    31.8137     5.0889      8.011    7.21037     5.1120    25.1403   12.91678 2.9324e+01 0.0000e+00
        366  38.574204    0.02535     1.5208     91.250      8.293  51134.624    31.8178     5.1003      8.215    7.20821     5.1245    25.1423   12.91316 2.8759e+01 0.0000e+00
        367  38.574207    0.02542     1.5250     91.500      8.506  51134.535    31.8203     5.1126      8.426    7.20597     5.1368    25.1429   12.90942 2.8186e+01 0.0000e+00
        368  38.574210    0.02549     1.5292     91.750      8.723  51132.636    31.8216     5.1252      8.641    7.20374     5.1485    25.1426   12.90573 2.7610e+01 0.0000e+00
        369  38.574213    0.02556     1.5333     92.000      8.940  51129.768    31.8221     5.1374      8.856    7.20161     5.1595    25.1417   12.90220 2.7039e+01 0.0000e+00
        370  38.574216    0.02562     1.5375     92.250      9.153  51126.812    31.8225     5.1491      9.067    7.19958     5.1697    25.1407   12.89885 2.6486e+01 0.0000e+00
        371  38.574219    0.02569     1.5417     92.500      9.361  51123.310    31.8223     5.1601      9.274    7.19769     5.1787    25.1393   12.89573 2.5961e+01 0.0000e+00
        372  38.574222    0.02576     1.5458     92.750      9.563  51118.063    31.8208     5.1704      9.474    7.19601     5.1863    25.1370   12.89297 2.5472e+01 0.0000e+00
        373  38.574225    0.02583     1.5500     93.000      9.760  51111.978    31.8185     5.1795      9.668    7.19456     5.1924    25.1341   12.89061 2.5013e+01 0.0000e+00
        374  38.574227    0.02590     1.5542     93.250      9.952  51106.579    31.8163     5.1871      9.858    7.19337     5.1972    25.1316   12.88866 2.4577e+01 0.0000e+00
        375  38.574230    0.02597     1.5583     93.500     10.141  51101.929    31.8143     5.1932     10.046    7.19241     5.2010    25.1293   12.88711 2.4152e+01 0.0000e+00
        376  38.574233    0.02604     1.5625     93.750     10.329  51098.005    31.8125     5.1980     10.233    7.19167     5.2038    25.1274   12.88591 2.3726e+01 0.0000e+00
        377  38.574236    0.02611     1.5667     94.000     10.520  51094.867    31.8110     5.2017     10.421    7.19110     5.2058    25.1258   12.88499 2.3291e+01 0.0000e+00
        378  38.574239    0.02618     1.5708     94.250     10.716  51092.364    31.8098     5.2045     10.616    7.19067     5.2074    25.1245   12.88430 2.2841e+01 0.0000e+00
        379  38.574242    0.02625     1.5750     94.500     10.922  51090.460    31.8089     5.2066     10.819    7.19036     5.2086    25.1236   12.88380 2.2371e+01 0.0000e+00
        380  38.574245    0.02632     1.5792     94.750     11.137  51089.339    31.8083     5.2082     11.033    7.19012     5.2097    25.1230   12.88341 2.1883e+01 0.0000e+00
        381  38.574248    0.02639     1.5833     95.000     11.361  51089.226    31.8084     5.2094     11.254    7.18991     5.2109    25.1229   12.88305 2.1386e+01 0.0000e+00
        382  38.574251    0.02646     1.5875     95.250     11.588  51089.819    31.8089     5.2106     11.479    7.18969     5.2121    25.1232   12.88269 2.0894e+01 0.0000e+00
        383  38.574253    0.02653     1.5917     95.500     11.810  51090.409    31.8095     5.2117     11.700    7.18946     5.2133    25.1235   12.88231 2.0426e+01 0.0000e+00
        384  38.574256    0.02660     1.5958     95.750     12.022  51090.465    31.8097     5.2130     11.909    7.18924     5.2143    25.1235   12.88194 1.9992e+01 0.0000e+00
        385  38.574259    0.02667     1.6000     96.000     12.220  51089.997    31.8095     5.2142     12.106    7.18904     5.2150    25.1233   12.88161 1.9596e+01 0.0000e+00
        386  38.574262    0.02674     1.6042     96.250     12.407  51089.255    31.8091     5.2152     12.291    7.18888     5.2155    25.1228   12.88135 1.9228e+01 0.0000e+00
        387  38.574265    0.02681     1.6083     96.500     12.590  51088.544    31.8087     5.2159     12.472    7.18877     5.2158    25.1224   12.88117 1.8876e+01 0.0000e+00
        388  38.574268    0.02688     1.6125     96.750     12.775  51088.216    31.8085     5.2164     12.655    7.18870     5.2160    25.1222   12.88105 1.8529e+01 0.0000e+00
        389  38.574271    0.02694     1.6167     97.000     12.967  51088.056    31.8084     5.2168     12.845    7.18865     5.2161    25.1221   12.88098 1.8183e+01 0.0000e+00
        390  38.574274    0.02701     1.6208     97.250     13.167  51087.452    31.8079     5.2170     13.043    7.18863     5.2159    25.1216   12.88095 1.7835e+01 0.0000e+00
        391  38.574277    0.02708     1.6250     97.500     13.373  51086.402    31.8071     5.2171     13.247    7.18865     5.2153    25.1210   12.88099 1.7485e+01 0.0000e+00
        392  38.574280    0.02715     1.6292     97.750     13.581  51085.440    31.8063     5.2169     13.454    7.18873     5.2145    25.1204   12.88113 1.7132e+01 0.0000e+00
        393  38.574282    0.02722     1.6333     98.000     13.790  51085.088    31.8058     5.2163     13.661    7.18885     5.2136    25.1201   12.88133 1.6777e+01 0.0000e+00
        394  38.574285    0.02729     1.6375     98.250     13.997  51085.673    31.8060     5.2155     13.866    7.18898     5.2128    25.1203   12.88156 1.6421e+01 0.0000e+00
        395  38.574288    0.02736     1.6417     98.500     14.203  51086.965    31.8066     5.2146     14.070    7.18911     5.2123    25.1208   12.88176 1.6066e+01 0.0000e+00
        396  38.574291    0.02743     1.6458     98.750     14.409  51088.334    31.8073     5.2138     14.274    7.18921     5.2119    25.1215   12.88191 1.5715e+01 0.0000e+00
        397  38.574294    0.02750     1.6500     99.000     14.616  51089.435    31.8078     5.2133     14.479    7.18927     5.2117    25.1220   12.88201 1.5374e+01 0.0000e+00
        398  38.574297    0.02757     1.6542     99.250     14.823  51090.352    31.8083     5.2130     14.684    7.18931     5.2116    25.1224   12.88207 1.5050e+01 0.0000e+00
        399  38.574300    0.02764     1.6583     99.500     15.029  51091.204    31.8087     5.2128     14.888    7.18932     5.2118    25.1227   12.88208 1.4744e+01 0.0000e+00
        400  38.574303    0.02771     1.6625     99.750     15.232  51092.028    31.8092     5.2127     15.088    7.18930     5.2122    25.1231   12.88205 1.4453e+01 0.0000e+00
        401  38.574306    0.02778     1.6667    100.000     15.428  51092.774    31.8096     5.2129     15.283    7.18924     5.2128    25.1235   12.88195 1.4175e+01 0.0000e+00
        402  38.574308    0.02785     1.6708    100.250     15.619  51093.422    31.8100     5.2133     15.473    7.18915     5.2135    25.1238   12.88179 1.3905e+01 0.0000e+00
        403  38.574311    0.02792     1.6750    100.500     15.808  51093.944    31.8104     5.2140     15.660    7.18903     5.2143    25.1240   12.88158 1.3635e+01 0.0000e+00
        404  38.574314    0.02799     1.6792    100.750     15.998  51094.084    31.8106     5.2147     15.848    7.18889     5.2150    25.1241   12.88135 1.3364e+01 0.0000e+00
        405  38.574317    0.02806     1.6833    101.000     16.193  51093.832    31.8105     5.2155     16.042    7.18876     5.2155    25.1239   12.88114 1.3093e+01 0.0000e+00
        406  38.574320    0.02813     1.6875    101.250     16.396  51093.444    31.8103     5.2162     16.243    7.18866     5.2158    25.1236   12.88097 1.2822e+01 0.0000e+00
        407  38.574323    0.02819     1.6917    101.500     16.605  51093.069    31.8100     5.2167     16.450    7.18858     5.2160    25.1234   12.88085 1.2551e+01 0.0000e+00
        408  38.574326    0.02826     1.6958    101.750     16.818  51092.799    31.8098     5.2170     16.661    7.18853     5.2160    25.1232   12.88077 1.2283e+01 0.0000e+00
        409  38.574329    0.02833     1.7000    102.000     17.030  51092.573    31.8096     5.2172     16.871    7.18851     5.2160    25.1230   12.88074 1.2021e+01 0.0000e+00
        410  38.574332    0.02840     1.7042    102.250     17.236  51092.261    31.8093     5.2173     17.074    7.18851     5.2160    25.1227   12.88074 1.1769e+01 0.0000e+00
        411  38.574334    0.02847     1.7083    102.500     17.431  51092.049    31.8091     5.2173     17.268    7.18852     5.2160    25.1225   12.88077 1.1530e+01 0.0000e+00
        412  38.574337    0.02854     1.7125    102.750     17.616  51092.195    31.8091     5.2172     17.451    7.18853     5.2160    25.1225   12.88078 1.1306e+01 0.0000e+00
        413  38.574340    0.02861     1.7167    103.000     17.795  51092.730    31.8093     5.2172     17.628    7.18852     5.2162    25.1228   12.88076 1.1097e+01 0.0000e+00
        414  38.574343    0.02868     1.7208    103.250     17.972  51093.598    31.8098     5.2173     17.803    7.18849     5.2165    25.1232   12.88069 1.0897e+01 0.0000e+00
        415  38.574346    0.02875     1.7250    103.500     18.155  51094.660    31.8105     5.2175     17.984    7.18842     5.2171    25.1237   12.88058 1.0697e+01 0.0000e+00
        416  38.574349    0.02882     1.7292    103.750     18.347  51095.611    31.8112     5.2178     18.175    7.18833     5.2178    25.1242   12.88041 1.0490e+01 0.0000e+00
        417  38.574352    0.02889     1.7333    104.000     18.549  51096.240    31.8116     5.2184     18.375    7.18821     5.2186    25.1245   12.88021 1.0276e+01 0.0000e+00
        418  38.574355    0.02896     1.7375    104.250     18.758  51096.653    31.8119     5.2191     18.582    7.18808     5.2194    25.1247   12.87998 1.0059e+01 0.0000e+00
        419  38.574358    0.02903     1.7417    104.500     18.967  51096.906    31.8122     5.2199     18.789    7.18793     5.2202    25.1248   12.87973 9.8457e+00 0.0000e+00
        420  38.574361    0.02910     1.7458    104.750     19.170  51097.013    31.8123     5.2208     18.990    7.18777     5.2210    25.1248   12.87948 9.6405e+00 0.0000e+00
        421  38.574363    0.02917     1.7500    105.000     19.364  51096.931    31.8124     5.2216     19.182    7.18763     5.2216    25.1247   12.87924 9.4451e+00 0.0000e+00
        422  38.574366    0.02924     1.7542    105.250     19.549  51096.710    31.8123     5.2224     19.366    7.18750     5.2221    25.1246   12.87903 9.2586e+00 0.0000e+00
        423  38.574369    0.02931     1.7583    105.500     19.731  51096.701    31.8123     5.2230     19.546    7.18739     5.2226    25.1245   12.87885 9.0791e+00 0.0000e+00
        424  38.574372    0.02937     1.7625    105.750     19.915  51096.944    31.8125     5.2236     19.728    7.18729     5.2230    25.1246   12.87868 8.9043e+00 0.0000e+00
        425  38.574375    0.02944     1.7667    106.000     20.107  51097.151    31.8127     5.2241     19.918    7.18720     5.2235    25.1247   12.87853 8.7289e+00 0.0000e+00
        426  38.574378    0.02951     1.7708    106.250     20.309  51097.135    31.8127     5.2245     20.118    7.18712     5.2238    25.1246   12.87840 8.5488e+00 0.0000e+00
        427  38.574381    0.02958     1.7750    106.500     20.520  51096.923    31.8125     5.2250     20.327    7.18705     5.2241    25.1245   12.87829 8.3653e+00 0.0000e+00
        428  38.574384    0.02965     1.7792    106.750     20.734  51096.704    31.8124     5.2253     20.539    7.18699     5.2243    25.1243   12.87820 8.1833e+00 0.0000e+00
        429  38.574387    0.02972     1.7833    107.000     20.946  51096.494    31.8122     5.2256     20.749    7.18695     5.2245    25.1241   12.87813 8.0069e+00 0.0000e+00
        430  38.574389    0.02979     1.7875    107.250     21.152  51096.306    31.8120     5.2258     20.954    7.18692     5.2246    25.1240   12.87808 7.8375e+00 0.0000e+00
        431  38.574392    0.02986     1.7917    107.500     21.351  51096.313    31.8119     5.2260     21.151    7.18690     5.2247    25.1239   12.87804 7.6750e+00 0.0000e+00
        432  38.574395    0.02993     1.7958    107.750     21.545  51096.519    31.8120     5.2262     21.342    7.18687     5.2247    25.1239   12.87800 7.5186e+00 0.0000e+00
        433  38.574398    0.03000     1.8000    108.000     21.736  51096.809    31.8121     5.2263     21.532    7.18685     5.2248    25.1240   12.87796 7.3665e+00 0.0000e+00
        434  38.574401    0.03007     1.8042    108.250     21.930  51097.159    31.8123     5.2263     21.724    7.18683     5.2248    25.1242   12.87792 7.2167e+00 0.0000e+00
        435  38.574404    0.03014     1.8083    108.500     22.129  51097.625    31.8125     5.2264     21.920    7.18680     5.2249    25.1244   12.87787 7.0686e+00 0.0000e+00
        436  38.574407    0.03021     1.8125    108.750     22.331  51098.184    31.8128     5.2265     22.120    7.18678     5.2250    25.1246   12.87782 6.9229e+00 0.0000e+00
        437  38.574410    0.03028     1.8167    109.000     22.534  51098.725    31.8131     5.2266     22.322    7.18675     5.2252    25.1248   12.87777 6.7789e+00 0.0000e+00
        438  38.574413    0.03035     1.8208    109.250     22.738  51099.113    31.8133     5.2267     22.525    7.18672     5.2254    25.1249   12.87771 6.6359e+00 0.0000e+00
        439  38.574416    0.03042     1.8250    109.500     22.942  51099.340    31.8134     5.2269     22.726    7.18668     5.2256    25.1250   12.87766 6.4951e+00 0.0000e+00
        440  38.574418    0.03049     1.8292    109.750     23.144  51099.513    31.8135     5.2271     22.926    7.18664     5.2258    25.1250   12.87759 6.3569e+00 0.0000e+00
        441  38.574421    0.03056     1.8333    110.000     23.346  51099.688    31.8135     5.2273     23.127    7.18660     5.2261    25.1251   12.87752 6.2199e+00 0.0000e+00
        442  38.574424    0.03062     1.8375    110.250     23.550  51099.900    31.8136     5.2276     23.329    7.18655     5.2263    25.1251   12.87744 6.0845e+00 0.0000e+00
        443  38.574427    0.03069     1.8417    110.500     23.756  51100.072    31.8137     5.2278     23.532    7.18651     5.2264    25.1251   12.87737 5.9530e+00 0.0000e+00
        444  38.574430    0.03076     1.8458    110.750     23.961  51100.062    31.8136     5.2280     23.735    7.18648     5.2266    25.1251   12.87732 5.8284e+00 0.0000e+00
        445  38.574433    0.03083     1.8500    111.000     24.163  51099.873    31.8134     5.2282     23.936    7.18645     5.2268    25.1249   12.87728 5.7118e+00 0.0000e+00
        446  38.574436    0.03090     1.8542    111.250     24.359  51099.703    31.8133     5.2283     24.130    7.18643     5.2269    25.1248   12.87724 5.6022e+00 0.0000e+00
        447  38.574439    0.03097     1.8583    111.500     24.547  51099.734    31.8133     5.2285     24.316    7.18640     5.2269    25.1247   12.87720 5.4975e+00 0.0000e+00
        448  38.574442    0.03104     1.8625    111.750     24.731  51099.907    31.8133     5.2286     24.498    7.18638     5.2270    25.1248   12.87717 5.3952e+00 0.0000e+00
        449  38.574444    0.03111     1.8667    112.000     24.913  51100.066    31.8134     5.2287     24.678    7.18636     5.2270    25.1248   12.87714 5.2929e+00 0.0000e+00
        450  38.574447    0.03118     1.8708    112.250     25.100  51100.143    31.8133     5.2288     24.863    7.18635     5.2270    25.1247   12.87713 5.1886e+00 0.0000e+00
        451  38.574450    0.03125     1.8750    112.500     25.294  51100.181    31.8133     5.2288     25.056    7.18635     5.2269    25.1247   12.87712 5.0812e+00 0.0000e+00
