CTD-processing/allCTD/CNV--turbid/2017_12-14_t9_s02_cast125.cnv
* Sea-Bird SBE19plus Data File:
* FileName = C:\Users\Kim.Powell\Desktop\Not Processed\2017\2017_12-XX_4141\2017_12-14_TANSECT_STATION_cast125.hex
* Software Version 1.59
* Temperature SN =  4141
* Conductivity SN =  4141
* System UpLoad Time = Dec 18 2017 08:20:51
** 2017_12-14
** Station: 9-02
** Start Time: 12:02
** Depth (m): 78.3
** Comment:**CTD recorded date as April 18
** Comment:
# nquan = 16
# nvalues = 565                         
# units = specified
# name 0 = scan: Scan Count
# name 1 = timeJ: Julian Days
# name 2 = timeH: Time, Elapsed [hours]
# name 3 = timeM: Time, Elapsed [minutes]
# name 4 = timeS: Time, Elapsed [seconds]
# name 5 = prdM: Pressure, Strain Gauge [db]
# name 6 = specc: Specific Conductance [uS/cm]
# name 7 = sal00: Salinity, Practical [PSU]
# name 8 = tv290C: Temperature [ITS-90, deg C]
# name 9 = depSM: Depth [salt water, m], lat = 59.00
# name 10 = oxsolML/L: Oxygen Saturation, Garcia & Gordon [ml/l]
# name 11 = potemp090C: Potential Temperature [ITS-90, deg C]
# name 12 = sigma-é00: Density [sigma-theta, kg/m^3]
# name 13 = n2satML/L: Nitrogen Saturation [ml/l]
# name 14 = par: PAR/Irradiance, Biospherical/Licor
# name 15 = flag:  0.000e+00
# span 0 =          1,        565       
# span 1 = 108.501516, 108.503148       
# span 2 =    0.00000,    0.03917       
# span 3 =     0.0000,     2.3500       
# span 4 =      0.000,    141.000       
# span 5 =      0.452,     67.743       
# span 6 =  46329.815,  50027.400       
# span 7 =    28.4435,    31.3285       
# span 8 =     4.6020,     6.6229       
# span 9 =      0.447,     67.098       
# span 10 =    6.97692,    7.46130      
# span 11 =     4.6020,     6.6177      
# span 12 =    22.5192,    24.5776      
# span 13 =   12.53727,   13.37533      
# span 14 = 3.6387e-02, 5.9481e+01      
# span 15 = 0.0000e+00, 0.0000e+00      
# interval = seconds: 0.25
# start_time = Apr 18 2017 12:02:11 [Instrument's time stamp, header]
# bad_flag = -9.990e-29
*END*
          1 108.501516    0.00000     0.0000      0.000      0.607  46801.614    28.8065     4.8339      0.601    7.40222     4.8193    22.7854   13.27297 3.8850e+01 0.0000e+00
          2 108.501519    0.00007     0.0042      0.250      0.661  46849.760    28.8373     4.8250      0.656    7.40229     4.8182    22.8108   13.27266 4.0400e+01 0.0000e+00
          3 108.501522    0.00014     0.0083      0.500      0.708  46892.619    28.8653     4.8194      0.702    7.40191     4.8200    22.8335   13.27167 4.1671e+01 0.0000e+00
          4 108.501525    0.00021     0.0125      0.750      0.739  46932.855    28.8923     4.8183      0.732    7.40076     4.8246    22.8550   13.26942 4.2356e+01 0.0000e+00
          5 108.501528    0.00028     0.0167      1.000      0.758  46977.080    28.9227     4.8201      0.751    7.39893     4.8322    22.8789   13.26599 4.2936e+01 0.0000e+00
          6 108.501531    0.00035     0.0208      1.250      0.769  47030.899    28.9602     4.8247      0.761    7.39626     4.8430    22.9081   13.26107 4.3671e+01 0.0000e+00
          7 108.501534    0.00042     0.0250      1.500      0.773  47105.086    29.0120     4.8323      0.765    7.39233     4.8571    22.9484   13.25390 4.4662e+01 0.0000e+00
          8 108.501536    0.00049     0.0292      1.750      0.773  47204.664    29.0818     4.8430      0.765    7.38697     4.8746    23.0026   13.24411 4.5893e+01 0.0000e+00
          9 108.501539    0.00056     0.0333      2.000      0.770  47323.445    29.1653     4.8572      0.763    7.38031     4.8940    23.0673   13.23200 4.6582e+01 0.0000e+00
         10 108.501542    0.00063     0.0375      2.250      0.768  47447.347    29.2530     4.8747      0.761    7.37287     4.9130    23.1349   13.21855 4.6454e+01 0.0000e+00
         11 108.501545    0.00069     0.0417      2.500      0.768  47557.310    29.3316     4.8941      0.761    7.36553     4.9294    23.1952   13.20539 4.6334e+01 0.0000e+00
         12 108.501548    0.00076     0.0458      2.750      0.770  47634.724    29.3880     4.9131      0.763    7.35937     4.9418    23.2380   13.19446 4.6558e+01 0.0000e+00
         13 108.501551    0.00083     0.0500      3.000      0.773  47675.321    29.4189     4.9295      0.766    7.35495     4.9506    23.2608   13.18674 4.6753e+01 0.0000e+00
         14 108.501554    0.00090     0.0542      3.250      0.775  47690.796    29.4319     4.9419      0.768    7.35209     4.9564    23.2698   13.18185 4.6743e+01 0.0000e+00
         15 108.501557    0.00097     0.0583      3.500      0.775  47695.970    29.4371     4.9506      0.768    7.35028     4.9605    23.2731   13.17879 4.6577e+01 0.0000e+00
         16 108.501560    0.00104     0.0625      3.750      0.771  47700.292    29.4412     4.9565      0.764    7.34904     4.9634    23.2758   13.17669 4.6239e+01 0.0000e+00
         17 108.501563    0.00111     0.0667      4.000      0.765  47706.371    29.4462     4.9605      0.758    7.34808     4.9654    23.2793   13.17503 4.6042e+01 0.0000e+00
         18 108.501565    0.00118     0.0708      4.250      0.762  47711.797    29.4505     4.9635      0.755    7.34735     4.9663    23.2824   13.17377 4.6217e+01 0.0000e+00
         19 108.501568    0.00125     0.0750      4.500      0.762  47712.807    29.4516     4.9655      0.755    7.34694     4.9659    23.2831   13.17308 4.6054e+01 0.0000e+00
         20 108.501571    0.00132     0.0792      4.750      0.766  47707.103    29.4479     4.9664      0.759    7.34697     4.9640    23.2800   13.17317 4.5154e+01 0.0000e+00
         21 108.501574    0.00139     0.0833      5.000      0.771  47693.938    29.4388     4.9659      0.764    7.34749     4.9608    23.2729   13.17415 4.4435e+01 0.0000e+00
         22 108.501577    0.00146     0.0875      5.250      0.776  47674.907    29.4255     4.9640      0.769    7.34849     4.9567    23.2625   13.17597 4.4659e+01 0.0000e+00
         23 108.501580    0.00153     0.0917      5.500      0.778  47655.132    29.4114     4.9608      0.771    7.34975     4.9521    23.2517   13.17824 4.5320e+01 0.0000e+00
         24 108.501583    0.00160     0.0958      5.750      0.778  47638.805    29.3994     4.9567      0.771    7.35106     4.9472    23.2427   13.18056 4.5515e+01 0.0000e+00
         25 108.501586    0.00167     0.1000      6.000      0.775  47624.790    29.3890     4.9522      0.768    7.35238     4.9415    23.2349   13.18288 4.5085e+01 0.0000e+00
         26 108.501589    0.00174     0.1042      6.250      0.772  47607.611    29.3763     4.9473      0.765    7.35387     4.9345    23.2253   13.18551 4.4631e+01 0.0000e+00
         27 108.501591    0.00181     0.1083      6.500      0.772  47581.386    29.3574     4.9416      0.764    7.35581     4.9262    23.2109   13.18897 4.4574e+01 0.0000e+00
         28 108.501594    0.00187     0.1125      6.750      0.774  47547.098    29.3326     4.9346      0.766    7.35827     4.9172    23.1920   13.19336 4.4733e+01 0.0000e+00
         29 108.501597    0.00194     0.1167      7.000      0.778  47513.294    29.3080     4.9263      0.771    7.36096     4.9087    23.1733   13.19814 4.4868e+01 0.0000e+00
         30 108.501600    0.00201     0.1208      7.250      0.783  47486.661    29.2881     4.9173      0.775    7.36353     4.9016    23.1585   13.20265 4.4885e+01 0.0000e+00
         31 108.501603    0.00208     0.1250      7.500      0.785  47468.909    29.2743     4.9087      0.777    7.36573     4.8969    23.1485   13.20647 4.4889e+01 0.0000e+00
         32 108.501606    0.00215     0.1292      7.750      0.783  47461.809    29.2680     4.9016      0.775    7.36730     4.8948    23.1442   13.20913 4.5077e+01 0.0000e+00
         33 108.501609    0.00222     0.1333      8.000      0.778  47468.110    29.2714     4.8969      0.771    7.36798     4.8952    23.1473   13.21021 4.5105e+01 0.0000e+00
         34 108.501612    0.00229     0.1375      8.250      0.772  47487.340    29.2840     4.8949      0.765    7.36772     4.8973    23.1576   13.20962 4.4742e+01 0.0000e+00
         35 108.501615    0.00236     0.1417      8.500      0.766  47512.842    29.3015     4.8953      0.759    7.36679     4.8998    23.1713   13.20785 4.4575e+01 0.0000e+00
         36 108.501617    0.00243     0.1458      8.750      0.762  47534.064    29.3163     4.8973      0.755    7.36569     4.9016    23.1828   13.20584 4.4839e+01 0.0000e+00
         37 108.501620    0.00250     0.1500      9.000      0.759  47543.382    29.3231     4.8998      0.752    7.36491     4.9022    23.1880   13.20446 4.5127e+01 0.0000e+00
         38 108.501623    0.00257     0.1542      9.250      0.757  47540.217    29.3214     4.9016      0.750    7.36467     4.9015    23.1864   13.20409 4.5394e+01 0.0000e+00
         39 108.501626    0.00264     0.1583      9.500      0.758  47528.413    29.3135     4.9023      0.751    7.36495     4.8993    23.1801   13.20466 4.5650e+01 0.0000e+00
         40 108.501629    0.00271     0.1625      9.750      0.761  47511.894    29.3021     4.9015      0.754    7.36565     4.8961    23.1712   13.20596 4.5637e+01 0.0000e+00
         41 108.501632    0.00278     0.1667     10.000      0.765  47492.985    29.2888     4.8994      0.758    7.36668     4.8921    23.1609   13.20783 4.5248e+01 0.0000e+00
         42 108.501635    0.00285     0.1708     10.250      0.768  47473.669    29.2750     4.8962      0.761    7.36793     4.8876    23.1503   13.21009 4.4531e+01 0.0000e+00
         43 108.501638    0.00292     0.1750     10.500      0.769  47455.675    29.2620     4.8922      0.762    7.36928     4.8824    23.1404   13.21250 4.3712e+01 0.0000e+00
         44 108.501641    0.00299     0.1792     10.750      0.767  47438.510    29.2494     4.8876      0.760    7.37071     4.8767    23.1309   13.21503 4.3396e+01 0.0000e+00
         45 108.501644    0.00306     0.1833     11.000      0.764  47420.426    29.2361     4.8825      0.757    7.37228     4.8704    23.1208   13.21780 4.3998e+01 0.0000e+00
         46 108.501646    0.00313     0.1875     11.250      0.759  47400.714    29.2216     4.8768      0.752    7.37402     4.8640    23.1099   13.22086 4.4676e+01 0.0000e+00
         47 108.501649    0.00319     0.1917     11.500      0.753  47379.637    29.2060     4.8705      0.746    7.37591     4.8582    23.0982   13.22419 4.4524e+01 0.0000e+00
         48 108.501652    0.00326     0.1958     11.750      0.748  47358.155    29.1901     4.8641      0.742    7.37783     4.8532    23.0863   13.22757 4.4111e+01 0.0000e+00
         49 108.501655    0.00333     0.2000     12.000      0.747  47338.792    29.1758     4.8582      0.740    7.37959     4.8491    23.0755   13.23066 4.4328e+01 0.0000e+00
         50 108.501658    0.00340     0.2042     12.250      0.749  47324.662    29.1652     4.8532      0.743    7.38100     4.8456    23.0676   13.23314 4.5040e+01 0.0000e+00
         51 108.501661    0.00347     0.2083     12.500      0.756  47316.131    29.1586     4.8491      0.749    7.38206     4.8426    23.0628   13.23498 4.5508e+01 0.0000e+00
         52 108.501664    0.00354     0.2125     12.750      0.763  47311.050    29.1545     4.8456      0.756    7.38288     4.8402    23.0598   13.23640 4.5419e+01 0.0000e+00
         53 108.501667    0.00361     0.2167     13.000      0.767  47307.641    29.1516     4.8427      0.760    7.38355     4.8384    23.0578   13.23755 4.5092e+01 0.0000e+00
         54 108.501670    0.00368     0.2208     13.250      0.766  47304.037    29.1486     4.8403      0.759    7.38413     4.8372    23.0558   13.23853 4.4866e+01 0.0000e+00
         55 108.501672    0.00375     0.2250     13.500      0.761  47298.294    29.1444     4.8384      0.754    7.38467     4.8371    23.0526   13.23948 4.4820e+01 0.0000e+00
         56 108.501675    0.00382     0.2292     13.750      0.753  47291.779    29.1397     4.8373      0.746    7.38510     4.8384    23.0490   13.24026 4.4977e+01 0.0000e+00
         57 108.501678    0.00389     0.2333     14.000      0.747  47289.712    29.1383     4.8372      0.740    7.38519     4.8408    23.0479   13.24043 4.5034e+01 0.0000e+00
         58 108.501681    0.00396     0.2375     14.250      0.744  47296.386    29.1431     4.8385      0.737    7.38472     4.8432    23.0515   13.23958 4.4719e+01 0.0000e+00
         59 108.501684    0.00403     0.2417     14.500      0.746  47310.461    29.1532     4.8409      0.739    7.38379     4.8447    23.0592   13.23792 4.4516e+01 0.0000e+00
         60 108.501687    0.00410     0.2458     14.750      0.752  47326.534    29.1645     4.8433      0.745    7.38280     4.8451    23.0680   13.23614 4.4719e+01 0.0000e+00
         61 108.501690    0.00417     0.2500     15.000      0.760  47340.751    29.1745     4.8447      0.753    7.38205     4.8451    23.0758   13.23477 4.4881e+01 0.0000e+00
         62 108.501693    0.00424     0.2542     15.250      0.766  47352.535    29.1826     4.8452      0.759    7.38157     4.8448    23.0821   13.23386 4.4875e+01 0.0000e+00
         63 108.501696    0.00431     0.2583     15.500      0.768  47361.446    29.1886     4.8451      0.761    7.38129     4.8445    23.0869   13.23331 4.4749e+01 0.0000e+00
         64 108.501698    0.00438     0.2625     15.750      0.766  47365.216    29.1911     4.8449      0.758    7.38120     4.8442    23.0889   13.23313 4.4353e+01 0.0000e+00
         65 108.501701    0.00444     0.2667     16.000      0.760  47361.406    29.1885     4.8446      0.752    7.38139     4.8444    23.0868   13.23348 4.4306e+01 0.0000e+00
         66 108.501704    0.00451     0.2708     16.250      0.753  47348.982    29.1800     4.8443      0.745    7.38186     4.8457    23.0801   13.23437 4.5209e+01 0.0000e+00
         67 108.501707    0.00458     0.2750     16.500      0.747  47328.554    29.1661     4.8445      0.740    7.38252     4.8490    23.0692   13.23563 4.6243e+01 0.0000e+00
         68 108.501710    0.00465     0.2792     16.750      0.745  47304.579    29.1501     4.8458      0.738    7.38307     4.8538    23.0564   13.23676 4.6287e+01 0.0000e+00
         69 108.501713    0.00472     0.2833     17.000      0.747  47284.534    29.1371     4.8490      0.740    7.38314     4.8590    23.0458   13.23704 4.5319e+01 0.0000e+00
         70 108.501716    0.00479     0.2875     17.250      0.751  47272.057    29.1296     4.8538      0.743    7.38265     4.8637    23.0393   13.23634 4.4289e+01 0.0000e+00
         71 108.501719    0.00486     0.2917     17.500      0.754  47265.778    29.1264     4.8591      0.747    7.38188     4.8675    23.0363   13.23510 4.4084e+01 0.0000e+00
         72 108.501722    0.00493     0.2958     17.750      0.755  47263.850    29.1260     4.8638      0.748    7.38106     4.8705    23.0355   13.23375 4.4747e+01 0.0000e+00
         73 108.501725    0.00500     0.3000     18.000      0.754  47265.742    29.1281     4.8676      0.747    7.38027     4.8728    23.0367   13.23243 4.5414e+01 0.0000e+00
         74 108.501727    0.00507     0.3042     18.250      0.751  47272.136    29.1330     4.8706      0.744    7.37950     4.8748    23.0404   13.23109 4.5351e+01 0.0000e+00
         75 108.501730    0.00514     0.3083     18.500      0.747  47284.356    29.1418     4.8729      0.740    7.37865     4.8765    23.0471   13.22957 4.4882e+01 0.0000e+00
         76 108.501733    0.00521     0.3125     18.750      0.744  47301.301    29.1537     4.8748      0.737    7.37772     4.8782    23.0563   13.22787 4.4682e+01 0.0000e+00
         77 108.501736    0.00528     0.3167     19.000      0.743  47318.027    29.1654     4.8766      0.736    7.37682     4.8800    23.0654   13.22624 4.4896e+01 0.0000e+00
         78 108.501739    0.00535     0.3208     19.250      0.744  47329.979    29.1739     4.8783      0.737    7.37610     4.8819    23.0719   13.22494 4.4939e+01 0.0000e+00
         79 108.501742    0.00542     0.3250     19.500      0.745  47335.633    29.1781     4.8801      0.738    7.37558     4.8836    23.0751   13.22401 4.4395e+01 0.0000e+00
         80 108.501745    0.00549     0.3292     19.750      0.747  47336.535    29.1790     4.8820      0.740    7.37519     4.8851    23.0757   13.22336 4.3698e+01 0.0000e+00
         81 108.501748    0.00556     0.3333     20.000      0.749  47335.826    29.1789     4.8837      0.742    7.37489     4.8863    23.0754   13.22285 4.3301e+01 0.0000e+00
         82 108.501751    0.00562     0.3375     20.250      0.748  47335.581    29.1790     4.8852      0.741    7.37462     4.8873    23.0754   13.22241 4.3309e+01 0.0000e+00
         83 108.501753    0.00569     0.3417     20.500      0.746  47336.950    29.1802     4.8864      0.739    7.37435     4.8881    23.0762   13.22196 4.3642e+01 0.0000e+00
         84 108.501756    0.00576     0.3458     20.750      0.743  47340.578    29.1828     4.8873      0.736    7.37405     4.8889    23.0782   13.22143 4.3928e+01 0.0000e+00
         85 108.501759    0.00583     0.3500     21.000      0.739  47345.615    29.1864     4.8882      0.732    7.37373     4.8898    23.0809   13.22084 4.4122e+01 0.0000e+00
         86 108.501762    0.00590     0.3542     21.250      0.738  47349.665    29.1893     4.8890      0.731    7.37344     4.8909    23.0831   13.22032 4.4558e+01 0.0000e+00
         87 108.501765    0.00597     0.3583     21.500      0.739  47350.965    29.1904     4.8899      0.733    7.37322     4.8921    23.0839   13.21995 4.5000e+01 0.0000e+00
         88 108.501768    0.00604     0.3625     21.750      0.743  47349.850    29.1898     4.8910      0.737    7.37305     4.8930    23.0834   13.21968 4.4872e+01 0.0000e+00
         89 108.501771    0.00611     0.3667     22.000      0.748  47348.035    29.1888     4.8922      0.741    7.37290     4.8937    23.0825   13.21944 4.4171e+01 0.0000e+00
         90 108.501774    0.00618     0.3708     22.250      0.750  47347.582    29.1887     4.8931      0.743    7.37274     4.8945    23.0823   13.21917 4.3520e+01 0.0000e+00
