CTD-processing/allCTD/CNV--turbid/2017_08-24_alongbay_skb13_cast001.cnv
* Sea-Bird SBE19plus Data File:
* FileName = C:\Users\Kim.Powell\Desktop\Not Processed\2017\2017_08\2017_08-24_TRANSECT_STATION_cast001.hex
* Software Version 1.59
* Temperature SN =  4141
* Conductivity SN =  4141
* System UpLoad Time = Sep 22 2017 08:18:41
** 2017_8-24
** Station: KB13
** Start Time: 14:03
** Depth (m): 26
** Comment:Edgecumbe
** Comment:
# nquan = 16
# nvalues = 433                         
# units = specified
# name 0 = scan: Scan Count
# name 1 = timeJ: Julian Days
# name 2 = timeH: Time, Elapsed [hours]
# name 3 = timeM: Time, Elapsed [minutes]
# name 4 = timeS: Time, Elapsed [seconds]
# name 5 = prdM: Pressure, Strain Gauge [db]
# name 6 = specc: Specific Conductance [uS/cm]
# name 7 = sal00: Salinity, Practical [PSU]
# name 8 = tv290C: Temperature [ITS-90, deg C]
# name 9 = depSM: Depth [salt water, m], lat = 59.00
# name 10 = oxsolML/L: Oxygen Saturation, Garcia & Gordon [ml/l]
# name 11 = potemp090C: Potential Temperature [ITS-90, deg C]
# name 12 = sigma-é00: Density [sigma-theta, kg/m^3]
# name 13 = n2satML/L: Nitrogen Saturation [ml/l]
# name 14 = par: PAR/Irradiance, Biospherical/Licor
# name 15 = flag:  0.000e+00
# span 0 =          1,        433       
# span 1 = 236.585880, 236.587130       
# span 2 =    0.00000,    0.03000       
# span 3 =     0.0000,     1.8000       
# span 4 =      0.000,    108.000       
# span 5 =      0.513,     24.602       
# span 6 =  42179.123,  49060.069       
# span 7 =    26.5140,    31.1951       
# span 8 =    10.0851,    11.5023       
# span 9 =      0.508,     24.371       
# span 10 =    6.37152,    6.48700      
# span 11 =    10.0824,    11.5022      
# span 12 =    20.1342,    23.9690      
# span 13 =   11.56873,   11.78301      
# span 14 = 8.5929e-02, 8.4190e+01      
# span 15 = 0.0000e+00, 0.0000e+00      
# interval = seconds: 0.25
# start_time = Aug 24 2017 14:03:40 [Instrument's time stamp, header]
# bad_flag = -9.990e-29
*END*
[from data line 181]
        182 236.586403    0.01257     0.7542     45.250      0.776  45136.889    28.5690    11.1870      0.768    6.41243    11.1765    21.7416   11.63597 7.3320e+01 0.0000e+00
        183 236.586406    0.01264     0.7583     45.500      0.781  45163.375    28.5870    11.1812      0.773    6.41251    11.1764    21.7565   11.63589 7.3350e+01 0.0000e+00
        184 236.586409    0.01271     0.7625     45.750      0.776  45195.781    28.6093    11.1766      0.768    6.41224    11.1827    21.7745   11.63517 7.3515e+01 0.0000e+00
        185 236.586412    0.01278     0.7667     46.000      0.765  45216.617    28.6239    11.1765      0.757    6.41165    11.1935    21.7859   11.63401 7.3867e+01 0.0000e+00
        186 236.586415    0.01285     0.7708     46.250      0.753  45214.435    28.6230    11.1828      0.746    6.41082    11.2040    21.7841   11.63266 7.4282e+01 0.0000e+00
        187 236.586418    0.01292     0.7750     46.500      0.746  45188.544    28.6059    11.1936      0.739    6.41003    11.2096    21.7690   11.63154 7.4440e+01 0.0000e+00
        188 236.586421    0.01299     0.7792     46.750      0.747  45151.128    28.5807    11.2041      0.740    6.40960    11.2084    21.7477   11.63113 7.4224e+01 0.0000e+00
        189 236.586424    0.01306     0.7833     47.000      0.756  45119.730    28.5593    11.2097      0.749    6.40969    11.2013    21.7301   11.63154 7.3889e+01 0.0000e+00
        190 236.586427    0.01313     0.7875     47.250      0.767  45106.967    28.5502    11.2085      0.760    6.41022    11.1913    21.7233   11.63253 7.3549e+01 0.0000e+00
        191 236.586429    0.01319     0.7917     47.500      0.776  45117.578    28.5569    11.2014      0.769    6.41093    11.1823    21.7297   11.63361 7.3149e+01 0.0000e+00
        192 236.586432    0.01326     0.7958     47.750      0.780  45147.289    28.5767    11.1914      0.773    6.41150    11.1772    21.7468   11.63433 7.2883e+01 0.0000e+00
        193 236.586435    0.01333     0.8000     48.000      0.777  45182.609    28.6006    11.1824      0.770    6.41178    11.1773    21.7669   11.63451 7.2929e+01 0.0000e+00
        194 236.586438    0.01340     0.8042     48.250      0.769  45209.340    28.6188    11.1773      0.761    6.41175    11.1817    21.7819   11.63424 7.3183e+01 0.0000e+00
        195 236.586441    0.01347     0.8083     48.500      0.760  45219.293    28.6258    11.1774      0.752    6.41145    11.1875    21.7873   11.63366 7.3464e+01 0.0000e+00
        196 236.586444    0.01354     0.8125     48.750      0.754  45210.654    28.6202    11.1818      0.747    6.41107    11.1927    21.7822   11.63309 7.3765e+01 0.0000e+00
        197 236.586447    0.01361     0.8167     49.000      0.754  45189.256    28.6058    11.1876      0.747    6.41085    11.1965    21.7700   11.63290 7.4177e+01 0.0000e+00
        198 236.586450    0.01368     0.8208     49.250      0.759  45165.025    28.5893    11.1927      0.752    6.41080    11.1985    21.7563   11.63302 7.4411e+01 0.0000e+00
        199 236.586453    0.01375     0.8250     49.500      0.767  45146.759    28.5769    11.1966      0.759    6.41077    11.1980    21.7460   11.63312 7.4297e+01 0.0000e+00
        200 236.586455    0.01382     0.8292     49.750      0.773  45141.370    28.5733    11.1986      0.765    6.41065    11.1961    21.7429   11.63296 7.4249e+01 0.0000e+00
        201 236.586458    0.01389     0.8333     50.000      0.774  45150.685    28.5798    11.1981      0.767    6.41045    11.1941    21.7481   11.63256 7.4421e+01 0.0000e+00
        202 236.586461    0.01396     0.8375     50.250      0.770  45167.982    28.5917    11.1962      0.763    6.41024    11.1929    21.7577   11.63206 7.4507e+01 0.0000e+00
        203 236.586464    0.01403     0.8417     50.500      0.761  45182.952    28.6020    11.1942      0.754    6.41009    11.1925    21.7660   11.63169 7.4506e+01 0.0000e+00
        204 236.586467    0.01410     0.8458     50.750      0.752  45188.641    28.6059    11.1930      0.745    6.41011    11.1917    21.7692   11.63167 7.4707e+01 0.0000e+00
        205 236.586470    0.01417     0.8500     51.000      0.745  45182.706    28.6017    11.1926      0.738    6.41033    11.1882    21.7660   11.63210 7.4927e+01 0.0000e+00
        206 236.586473    0.01424     0.8542     51.250      0.743  45168.211    28.5915    11.1918      0.737    6.41085    11.1806    21.7582   11.63308 7.4825e+01 0.0000e+00
        207 236.586476    0.01431     0.8583     51.500      0.748  45153.913    28.5811    11.1883      0.742    6.41176    11.1697    21.7507   11.63471 7.4512e+01 0.0000e+00
        208 236.586479    0.01438     0.8625     51.750      0.757  45149.565    28.5773    11.1807      0.750    6.41296    11.1579    21.7491   11.63675 7.4150e+01 0.0000e+00
        209 236.586481    0.01444     0.8667     52.000      0.766  45160.558    28.5839    11.1698      0.759    6.41420    11.1483    21.7560   11.63873 7.3799e+01 0.0000e+00
        210 236.586484    0.01451     0.8708     52.250      0.771  45185.411    28.6002    11.1580      0.764    6.41517    11.1425    21.7706   11.64014 7.3571e+01 0.0000e+00
        211 236.586487    0.01458     0.8750     52.500      0.770  45215.423    28.6202    11.1484      0.762    6.41569    11.1417    21.7878   11.64076 7.3591e+01 0.0000e+00
        212 236.586490    0.01465     0.8792     52.750      0.762  45239.295    28.6364    11.1426      0.755    6.41583    11.1460    21.8014   11.64081 7.3816e+01 0.0000e+00
        213 236.586493    0.01472     0.8833     53.000      0.752  45247.794    28.6422    11.1418      0.745    6.41570    11.1524    21.8061   11.64053 7.4008e+01 0.0000e+00
        214 236.586496    0.01479     0.8875     53.250      0.744  45236.242    28.6346    11.1461      0.737    6.41542    11.1571    21.7994   11.64015 7.3931e+01 0.0000e+00
        215 236.586499    0.01486     0.8917     53.500      0.742  45209.712    28.6166    11.1525      0.735    6.41526    11.1575    21.7843   11.64010 7.3639e+01 0.0000e+00
        216 236.586502    0.01493     0.8958     53.750      0.746  45181.272    28.5971    11.1572      0.739    6.41541    11.1528    21.7684   11.64058 7.3385e+01 0.0000e+00
        217 236.586505    0.01500     0.9000     54.000      0.754  45163.926    28.5850    11.1576      0.747    6.41584    11.1446    21.7590   11.64144 7.3223e+01 0.0000e+00
        218 236.586508    0.01507     0.9042     54.250      0.762  45165.717    28.5858    11.1529      0.755    6.41646    11.1354    21.7604   11.64245 7.3174e+01 0.0000e+00
        219 236.586510    0.01514     0.9083     54.500      0.767  45185.661    28.5990    11.1446      0.760    6.41707    11.1272    21.7720   11.64331 7.3384e+01 0.0000e+00
        220 236.586513    0.01521     0.9125     54.750      0.767  45213.681    28.6177    11.1355      0.759    6.41757    11.1214    21.7881   11.64393 7.3757e+01 0.0000e+00
        221 236.586516    0.01528     0.9167     55.000      0.763  45237.863    28.6338    11.1273      0.755    6.41805    11.1190    21.8020   11.64452 7.3960e+01 0.0000e+00
        222 236.586519    0.01535     0.9208     55.250      0.758  45250.225    28.6419    11.1215      0.750    6.41852    11.1185    21.8092   11.64521 7.3827e+01 0.0000e+00
        223 236.586522    0.01542     0.9250     55.500      0.755  45248.259    28.6403    11.1191      0.748    6.41892    11.1174    21.8084   11.64590 7.3352e+01 0.0000e+00
        224 236.586525    0.01549     0.9292     55.750      0.756  45237.407    28.6326    11.1186      0.749    6.41930    11.1150    21.8025   11.64662 7.2609e+01 0.0000e+00
        225 236.586528    0.01556     0.9333     56.000      0.759  45228.784    28.6265    11.1175      0.752    6.41971    11.1127    21.7980   11.64737 7.1871e+01 0.0000e+00
        226 236.586531    0.01563     0.9375     56.250      0.763  45230.946    28.6278    11.1151      0.755    6.41999    11.1115    21.7994   11.64782 7.1379e+01 0.0000e+00
        227 236.586534    0.01569     0.9417     56.500      0.763  45243.929    28.6366    11.1128      0.755    6.41995    11.1120    21.8066   11.64765 7.1281e+01 0.0000e+00
        228 236.586536    0.01576     0.9458     56.750      0.758  45259.685    28.6475    11.1116      0.751    6.41967    11.1152    21.8153   11.64705 7.1639e+01 0.0000e+00
        229 236.586539    0.01583     0.9500     57.000      0.751  45268.022    28.6534    11.1121      0.744    6.41936    11.1206    21.8198   11.64646 7.2236e+01 0.0000e+00
        230 236.586542    0.01590     0.9542     57.250      0.745  45261.365    28.6491    11.1153      0.738    6.41910    11.1252    21.8159   11.64608 7.2693e+01 0.0000e+00
        231 236.586545    0.01597     0.9583     57.500      0.744  45239.256    28.6341    11.1206      0.737    6.41896    11.1264    21.8034   11.64603 7.2786e+01 0.0000e+00
        232 236.586548    0.01604     0.9625     57.750      0.748  45211.200    28.6150    11.1253      0.742    6.41909    11.1234    21.7877   11.64648 7.2523e+01 0.0000e+00
        233 236.586551    0.01611     0.9667     58.000      0.757  45190.594    28.6007    11.1265      0.751    6.41951    11.1177    21.7764   11.64734 7.2007e+01 0.0000e+00
        234 236.586554    0.01618     0.9708     58.250      0.766  45186.659    28.5976    11.1235      0.759    6.42005    11.1120    21.7745   11.64828 7.1447e+01 0.0000e+00
        235 236.586557    0.01625     0.9750     58.500      0.770  45199.546    28.6060    11.1178      0.763    6.42050    11.1084    21.7820   11.64892 7.1133e+01 0.0000e+00
        236 236.586560    0.01632     0.9792     58.750      0.768  45219.117    28.6192    11.1121      0.761    6.42076    11.1086    21.7932   11.64919 7.1164e+01 0.0000e+00
        237 236.586563    0.01639     0.9833     59.000      0.760  45230.641    28.6269    11.1085      0.752    6.42094    11.1119    21.7998   11.64941 7.1335e+01 0.0000e+00
        238 236.586565    0.01646     0.9875     59.250      0.750  45221.031    28.6202    11.1086      0.743    6.42120    11.1144    21.7946   11.64992 7.1522e+01 0.0000e+00
        239 236.586568    0.01653     0.9917     59.500      0.743  45182.345    28.5934    11.1120      0.736    6.42183    11.1113    21.7732   11.65128 7.1691e+01 0.0000e+00
        240 236.586571    0.01660     0.9958     59.750      0.742  45114.590    28.5463    11.1145      0.736    6.42340    11.0986    21.7361   11.65446 7.1599e+01 0.0000e+00
        241 236.586574    0.01667     1.0000     60.000      0.749  45020.628    28.4802    11.1114      0.742    6.42653    11.0747    21.6853   11.66045 7.1232e+01 0.0000e+00
        242 236.586577    0.01674     1.0042     60.250      0.759  44920.547    28.4088    11.0987      0.752    6.43121    11.0439    21.6321   11.66908 7.0868e+01 0.0000e+00
        243 236.586580    0.01681     1.0083     60.500      0.769  44851.779    28.3583    11.0748      0.762    6.43660    11.0141    21.5969   11.67863 7.0511e+01 0.0000e+00
        244 236.586583    0.01688     1.0125     60.750      0.775  44819.370    28.3326    11.0440      0.768    6.44194    10.9903    21.5821   11.68780 7.0076e+01 0.0000e+00
        245 236.586586    0.01694     1.0167     61.000      0.773  44793.614    28.3116    11.0142      0.766    6.44695    10.9734    21.5708   11.69638 6.9768e+01 0.0000e+00
        246 236.586589    0.01701     1.0208     61.250      0.765  44753.185    28.2809    10.9904      0.758    6.45153    10.9623    21.5510   11.70436 6.9733e+01 0.0000e+00
        247 236.586591    0.01708     1.0250     61.500      0.754  44704.041    28.2449    10.9735      0.747    6.45537    10.9552    21.5258   11.71116 6.9859e+01 0.0000e+00
        248 236.586594    0.01715     1.0292     61.750      0.746  44668.730    28.2191    10.9624      0.739    6.45798    10.9505    21.5076   11.71580 7.0022e+01 0.0000e+00
        249 236.586597    0.01722     1.0333     62.000      0.744  44662.600    28.2141    10.9553      0.737    6.45917    10.9469    21.5049   11.71783 7.0220e+01 0.0000e+00
        250 236.586600    0.01729     1.0375     62.250      0.747  44685.432    28.2296    10.9506      0.740    6.45919    10.9440    21.5177   11.71769 7.0446e+01 0.0000e+00
        251 236.586603    0.01736     1.0417     62.500      0.754  44724.712    28.2567    10.9470      0.747    6.45857    10.9417    21.5394   11.71634 7.0558e+01 0.0000e+00
        252 236.586606    0.01743     1.0458     62.750      0.761  44764.114    28.2840    10.9441      0.754    6.45787    10.9401    21.5610   11.71484 7.0523e+01 0.0000e+00
        253 236.586609    0.01750     1.0500     63.000      0.765  44789.549    28.3015    10.9418      0.758    6.45747    10.9393    21.5751   11.71397 7.0541e+01 0.0000e+00
        254 236.586612    0.01757     1.0542     63.250      0.765  44789.526    28.3013    10.9402      0.758    6.45770    10.9393    21.5752   11.71435 7.0669e+01 0.0000e+00
        255 236.586615    0.01764     1.0583     63.500      0.760  44760.219    28.2808    10.9394      0.753    6.45865    10.9398    21.5594   11.71618 7.0879e+01 0.0000e+00
        256 236.586617    0.01771     1.0625     63.750      0.754  44713.884    28.2484    10.9394      0.747    6.45998    10.9406    21.5342   11.71878 7.1156e+01 0.0000e+00
        257 236.586620    0.01778     1.0667     64.000      0.750  44676.226    28.2221    10.9399      0.743    6.46098    10.9410    21.5137   11.72076 7.1268e+01 0.0000e+00
        258 236.586623    0.01785     1.0708     64.250      0.749  44667.720    28.2162    10.9407      0.742    6.46112    10.9409    21.5090   11.72106 7.1239e+01 0.0000e+00
        259 236.586626    0.01792     1.0750     64.500      0.753  44691.143    28.2326    10.9411      0.746    6.46039    10.9403    21.5217   11.71964 7.1287e+01 0.0000e+00
        260 236.586629    0.01799     1.0792     64.750      0.759  44730.276    28.2600    10.9410      0.752    6.45928    10.9397    21.5429   11.71748 7.1278e+01 0.0000e+00
        261 236.586632    0.01806     1.0833     65.000      0.765  44763.329    28.2830    10.9404      0.758    6.45842    10.9392    21.5609   11.71576 7.1168e+01 0.0000e+00
        262 236.586635    0.01812     1.0875     65.250      0.769  44777.435    28.2928    10.9398      0.762    6.45811    10.9393    21.5686   11.71513 7.1231e+01 0.0000e+00
        263 236.586638    0.01819     1.0917     65.500      0.770  44765.165    28.2842    10.9393      0.763    6.45852    10.9398    21.5620   11.71592 7.1540e+01 0.0000e+00
        264 236.586641    0.01826     1.0958     65.750      0.768  44729.065    28.2590    10.9394      0.761    6.45955    10.9406    21.5424   11.71794 7.1866e+01 0.0000e+00
        265 236.586644    0.01833     1.1000     66.000      0.765  44687.772    28.2302    10.9399      0.758    6.46066    10.9415    21.5199   11.72013 7.2181e+01 0.0000e+00
        266 236.586646    0.01840     1.1042     66.250      0.762  44661.166    28.2117    10.9407      0.755    6.46130    10.9421    21.5054   11.72141 7.2570e+01 0.0000e+00
        267 236.586649    0.01847     1.1083     66.500      0.763  44658.303    28.2098    10.9416      0.756    6.46126    10.9421    21.5038   11.72136 7.2804e+01 0.0000e+00
        268 236.586652    0.01854     1.1125     66.750      0.767  44679.781    28.2248    10.9421      0.760    6.46056    10.9416    21.5154   11.72002 7.2763e+01 0.0000e+00
        269 236.586655    0.01861     1.1167     67.000      0.774  44717.012    28.2508    10.9421      0.766    6.45949    10.9407    21.5356   11.71793 7.2573e+01 0.0000e+00
        270 236.586658    0.01868     1.1208     67.250      0.781  44753.294    28.2761    10.9416      0.774    6.45853    10.9399    21.5554   11.71604 7.2342e+01 0.0000e+00
        271 236.586661    0.01875     1.1250     67.500      0.786  44774.358    28.2908    10.9407      0.779    6.45805    10.9395    21.5669   11.71506 7.2255e+01 0.0000e+00
