CTD-processing/allCTD/CNV--turbid/2017_02-07_alongbay_skb05_cast040.cnv
* Sea-Bird SBE19plus Data File:
* FileName = C:\Users\jwschloemer\Documents\CTD Data\2017_02_07_alongbay\2017_02_07_alongbay_cast040.hex
* Software Version 1.59
* Temperature SN =  4141
* Conductivity SN =  4141
* System UpLoad Time = Mar 06 2017 12:46:41
** Cook Inlet LTM Kbay Along Bay
** Date: 2017-02-07
** Station:KB05
** Start Time (AKST):14:18
** Depth (m):170
** Comment: R/V Edgecumbe
# nquan = 16
# nvalues = 1149                        
# units = specified
# name 0 = scan: Scan Count
# name 1 = timeJ: Julian Days
# name 2 = timeH: Time, Elapsed [hours]
# name 3 = timeM: Time, Elapsed [minutes]
# name 4 = timeS: Time, Elapsed [seconds]
# name 5 = prdM: Pressure, Strain Gauge [db]
# name 6 = specc: Specific Conductance [uS/cm]
# name 7 = sal00: Salinity, Practical [PSU]
# name 8 = tv290C: Temperature [ITS-90, deg C]
# name 9 = depSM: Depth [salt water, m], lat = 59.00
# name 10 = oxsolML/L: Oxygen Saturation, Garcia & Gordon [ml/l]
# name 11 = potemp090C: Potential Temperature [ITS-90, deg C]
# name 12 = sigma-é00: Density [sigma-theta, kg/m^3]
# name 13 = n2satML/L: Nitrogen Saturation [ml/l]
# name 14 = par: PAR/Irradiance, Biospherical/Licor
# name 15 = flag:  0.000e+00
# span 0 =          1,       1149       
# span 1 =  38.596204,  38.599525       
# span 2 =    0.00000,    0.07972       
# span 3 =     0.0000,     4.7833       
# span 4 =      0.000,    287.000       
# span 5 =      0.038,    158.599       
# span 6 =   1546.232,  51373.442       
# span 7 =     0.7450,    31.7313       
# span 8 =     2.4651,     4.5764       
# span 9 =      0.037,    157.056       
# span 10 =    7.30596,    9.50643      
# span 11 =     2.4669,     4.5691      
# span 12 =     0.5599,    25.1880      
# span 13 =   13.07625,   17.19888      
# span 14 = 3.6382e-02, 1.0766e+02      
# span 15 = 0.0000e+00, 0.0000e+00      
# interval = seconds: 0.25
# start_time = Feb 07 2017 14:18:32 [Instrument's time stamp, header]
# bad_flag = -9.990e-29
*END*
[from data line 452]
        453  38.597512    0.03139     1.8833    113.000     24.553  51097.895    31.6385     4.4425     24.322    7.33189     4.4409    25.0696   13.11968 2.2851e+00 0.0000e+00
        454  38.597514    0.03146     1.8875    113.250     24.758  51097.693    31.6383     4.4426     24.525    7.33188     4.4409    25.0694   13.11966 2.2245e+00 0.0000e+00
        455  38.597517    0.03153     1.8917    113.500     24.965  51098.162    31.6385     4.4426     24.730    7.33187     4.4411    25.0696   13.11964 2.1646e+00 0.0000e+00
        456  38.597520    0.03160     1.8958    113.750     25.173  51098.812    31.6388     4.4426     24.936    7.33184     4.4413    25.0699   13.11959 2.1059e+00 0.0000e+00
        457  38.597523    0.03167     1.9000    114.000     25.382  51099.382    31.6392     4.4428     25.143    7.33180     4.4416    25.0701   13.11951 2.0490e+00 0.0000e+00
        458  38.597526    0.03174     1.9042    114.250     25.590  51099.803    31.6394     4.4430     25.349    7.33175     4.4419    25.0703   13.11942 1.9944e+00 0.0000e+00
        459  38.597529    0.03181     1.9083    114.500     25.795  51100.066    31.6395     4.4433     25.552    7.33169     4.4423    25.0704   13.11932 1.9421e+00 0.0000e+00
        460  38.597532    0.03188     1.9125    114.750     25.996  51100.290    31.6397     4.4437     25.751    7.33162     4.4427    25.0704   13.11921 1.8922e+00 0.0000e+00
        461  38.597535    0.03194     1.9167    115.000     26.192  51100.504    31.6398     4.4440     25.945    7.33154     4.4431    25.0705   13.11908 1.8450e+00 0.0000e+00
        462  38.597538    0.03201     1.9208    115.250     26.382  51100.520    31.6398     4.4444     26.134    7.33147     4.4434    25.0705   13.11896 1.8003e+00 0.0000e+00
        463  38.597541    0.03208     1.9250    115.500     26.569  51100.463    31.6398     4.4448     26.318    7.33141     4.4437    25.0704   13.11885 1.7574e+00 0.0000e+00
        464  38.597543    0.03215     1.9292    115.750     26.753  51100.556    31.6398     4.4451     26.501    7.33134     4.4440    25.0704   13.11875 1.7157e+00 0.0000e+00
        465  38.597546    0.03222     1.9333    116.000     26.938  51100.770    31.6400     4.4455     26.685    7.33128     4.4443    25.0705   13.11865 1.6746e+00 0.0000e+00
        466  38.597549    0.03229     1.9375    116.250     27.128  51100.947    31.6401     4.4458     26.872    7.33122     4.4446    25.0705   13.11854 1.6332e+00 0.0000e+00
        467  38.597552    0.03236     1.9417    116.500     27.326  51100.894    31.6400     4.4461     27.068    7.33116     4.4447    25.0705   13.11845 1.5909e+00 0.0000e+00
        468  38.597555    0.03243     1.9458    116.750     27.532  51100.586    31.6397     4.4464     27.273    7.33112     4.4447    25.0702   13.11838 1.5482e+00 0.0000e+00
        469  38.597558    0.03250     1.9500    117.000     27.745  51100.132    31.6394     4.4466     27.484    7.33111     4.4446    25.0699   13.11837 1.5057e+00 0.0000e+00
        470  38.597561    0.03257     1.9542    117.250     27.960  51099.682    31.6390     4.4466     27.696    7.33112     4.4443    25.0696   13.11840 1.4643e+00 0.0000e+00
        471  38.597564    0.03264     1.9583    117.500     28.170  51099.491    31.6387     4.4465     27.905    7.33116     4.4440    25.0694   13.11847 1.4256e+00 0.0000e+00
        472  38.597567    0.03271     1.9625    117.750     28.371  51099.717    31.6387     4.4462     28.104    7.33121     4.4437    25.0694   13.11855 1.3902e+00 0.0000e+00
        473  38.597569    0.03278     1.9667    118.000     28.561  51100.248    31.6389     4.4459     28.292    7.33125     4.4435    25.0696   13.11861 1.3574e+00 0.0000e+00
        474  38.597572    0.03285     1.9708    118.250     28.741  51100.832    31.6392     4.4456     28.471    7.33128     4.4434    25.0698   13.11866 1.3264e+00 0.0000e+00
        475  38.597575    0.03292     1.9750    118.500     28.917  51101.283    31.6393     4.4455     28.645    7.33130     4.4434    25.0700   13.11870 1.2965e+00 0.0000e+00
        476  38.597578    0.03299     1.9792    118.750     29.094  51101.572    31.6394     4.4454     28.820    7.33132     4.4433    25.0701   13.11872 1.2667e+00 0.0000e+00
        477  38.597581    0.03306     1.9833    119.000     29.277  51101.733    31.6394     4.4454     29.001    7.33133     4.4433    25.0701   13.11873 1.2363e+00 0.0000e+00
        478  38.597584    0.03313     1.9875    119.250     29.469  51101.777    31.6394     4.4453     29.191    7.33134     4.4431    25.0700   13.11875 1.2050e+00 0.0000e+00
        479  38.597587    0.03319     1.9917    119.500     29.669  51101.633    31.6391     4.4453     29.390    7.33136     4.4429    25.0698   13.11879 1.1731e+00 0.0000e+00
        480  38.597590    0.03326     1.9958    119.750     29.877  51101.414    31.6388     4.4452     29.595    7.33139     4.4426    25.0696   13.11885 1.1411e+00 0.0000e+00
        481  38.597593    0.03333     2.0000    120.000     30.089  51101.437    31.6387     4.4449     29.805    7.33144     4.4424    25.0696   13.11892 1.1097e+00 0.0000e+00
        482  38.597595    0.03340     2.0042    120.250     30.302  51101.800    31.6388     4.4446     30.016    7.33149     4.4422    25.0697   13.11900 1.0792e+00 0.0000e+00
        483  38.597598    0.03347     2.0083    120.500     30.512  51102.313    31.6390     4.4444     30.224    7.33152     4.4420    25.0698   13.11906 1.0501e+00 0.0000e+00
        484  38.597601    0.03354     2.0125    120.750     30.717  51102.751    31.6391     4.4442     30.427    7.33155     4.4419    25.0700   13.11910 1.0224e+00 0.0000e+00
        485  38.597604    0.03361     2.0167    121.000     30.916  51103.031    31.6392     4.4441     30.624    7.33157     4.4419    25.0700   13.11913 9.9622e-01 0.0000e+00
        486  38.597607    0.03368     2.0208    121.250     31.110  51103.275    31.6393     4.4440     30.817    7.33158     4.4418    25.0701   13.11914 9.7136e-01 0.0000e+00
        487  38.597610    0.03375     2.0250    121.500     31.301  51103.753    31.6395     4.4440     31.006    7.33158     4.4419    25.0703   13.11914 9.4756e-01 0.0000e+00
        488  38.597613    0.03382     2.0292    121.750     31.492  51104.412    31.6398     4.4439     31.195    7.33156     4.4421    25.0706   13.11911 9.2421e-01 0.0000e+00
        489  38.597616    0.03389     2.0333    122.000     31.687  51104.877    31.6401     4.4440     31.388    7.33153     4.4423    25.0708   13.11906 9.0075e-01 0.0000e+00
        490  38.597619    0.03396     2.0375    122.250     31.886  51105.125    31.6402     4.4442     31.586    7.33149     4.4425    25.0708   13.11899 8.7715e-01 0.0000e+00
        491  38.597622    0.03403     2.0417    122.500     32.091  51105.339    31.6403     4.4445     31.789    7.33145     4.4426    25.0709   13.11892 8.5376e-01 0.0000e+00
        492  38.597624    0.03410     2.0458    122.750     32.301  51105.527    31.6403     4.4447     31.997    7.33141     4.4428    25.0709   13.11885 8.3082e-01 0.0000e+00
        493  38.597627    0.03417     2.0500    123.000     32.514  51105.720    31.6404     4.4448     32.208    7.33137     4.4429    25.0709   13.11879 8.0838e-01 0.0000e+00
        494  38.597630    0.03424     2.0542    123.250     32.727  51105.913    31.6405     4.4450     32.419    7.33134     4.4429    25.0710   13.11873 7.8655e-01 0.0000e+00
        495  38.597633    0.03431     2.0583    123.500     32.938  51105.963    31.6404     4.4451     32.628    7.33132     4.4428    25.0710   13.11870 7.6561e-01 0.0000e+00
        496  38.597636    0.03438     2.0625    123.750     33.146  51105.848    31.6403     4.4451     32.834    7.33132     4.4426    25.0708   13.11871 7.4574e-01 0.0000e+00
        497  38.597639    0.03444     2.0667    124.000     33.348  51105.750    31.6401     4.4450     33.034    7.33135     4.4424    25.0707   13.11875 7.2695e-01 0.0000e+00
        498  38.597642    0.03451     2.0708    124.250     33.546  51105.800    31.6400     4.4448     33.230    7.33139     4.4421    25.0706   13.11882 7.0895e-01 0.0000e+00
        499  38.597645    0.03458     2.0750    124.500     33.742  51106.093    31.6400     4.4446     33.424    7.33143     4.4419    25.0706   13.11888 6.9134e-01 0.0000e+00
        500  38.597648    0.03465     2.0792    124.750     33.938  51106.526    31.6402     4.4444     33.618    7.33146     4.4418    25.0708   13.11894 6.7400e-01 0.0000e+00
        501  38.597650    0.03472     2.0833    125.000     34.136  51106.868    31.6403     4.4442     33.814    7.33149     4.4417    25.0709   13.11899 6.5694e-01 0.0000e+00
        502  38.597653    0.03479     2.0875    125.250     34.338  51107.182    31.6403     4.4441     34.014    7.33151     4.4416    25.0709   13.11902 6.4028e-01 0.0000e+00
        503  38.597656    0.03486     2.0917    125.500     34.542  51107.420    31.6404     4.4440     34.216    7.33152     4.4415    25.0710   13.11904 6.2399e-01 0.0000e+00
        504  38.597659    0.03493     2.0958    125.750     34.749  51107.412    31.6402     4.4439     34.421    7.33154     4.4413    25.0709   13.11907 6.0782e-01 0.0000e+00
        505  38.597662    0.03500     2.1000    126.000     34.958  51107.258    31.6400     4.4438     34.628    7.33157     4.4409    25.0707   13.11912 5.9185e-01 0.0000e+00
        506  38.597665    0.03507     2.1042    126.250     35.170  51107.171    31.6398     4.4436     34.838    7.33162     4.4405    25.0706   13.11921 5.7615e-01 0.0000e+00
        507  38.597668    0.03514     2.1083    126.500     35.384  51107.176    31.6396     4.4433     35.050    7.33169     4.4399    25.0705   13.11932 5.6072e-01 0.0000e+00
        508  38.597671    0.03521     2.1125    126.750     35.599  51107.049    31.6393     4.4429     35.264    7.33178     4.4391    25.0703   13.11947 5.4559e-01 0.0000e+00
        509  38.597674    0.03528     2.1167    127.000     35.815  51106.793    31.6389     4.4423     35.477    7.33190     4.4381    25.0700   13.11967 5.3071e-01 0.0000e+00
        510  38.597677    0.03535     2.1208    127.250     36.028  51106.626    31.6385     4.4415     35.688    7.33205     4.4368    25.0698   13.11994 5.1634e-01 0.0000e+00
        511  38.597679    0.03542     2.1250    127.500     36.236  51106.623    31.6382     4.4405     35.894    7.33225     4.4354    25.0696   13.12027 5.0286e-01 0.0000e+00
        512  38.597682    0.03549     2.1292    127.750     36.436  51106.818    31.6380     4.4392     36.092    7.33248     4.4339    25.0696   13.12066 4.9027e-01 0.0000e+00
        513  38.597685    0.03556     2.1333    128.000     36.626  51107.345    31.6379     4.4378     36.280    7.33274     4.4324    25.0697   13.12108 4.7846e-01 0.0000e+00
        514  38.597688    0.03562     2.1375    128.250     36.810  51108.225    31.6380     4.4363     36.462    7.33300     4.4310    25.0699   13.12151 4.6729e-01 0.0000e+00
        515  38.597691    0.03569     2.1417    128.500     36.990  51109.421    31.6384     4.4348     36.641    7.33324     4.4298    25.0704   13.12191 4.5648e-01 0.0000e+00
        516  38.597694    0.03576     2.1458    128.750     37.173  51110.892    31.6390     4.4334     36.823    7.33346     4.4288    25.0710   13.12226 4.4569e-01 0.0000e+00
        517  38.597697    0.03583     2.1500    129.000     37.363  51112.353    31.6397     4.4323     37.011    7.33364     4.4281    25.0716   13.12255 4.3457e-01 0.0000e+00
        518  38.597700    0.03590     2.1542    129.250     37.562  51113.769    31.6403     4.4313     37.207    7.33377     4.4276    25.0723   13.12276 4.2309e-01 0.0000e+00
        519  38.597703    0.03597     2.1583    129.500     37.767  51115.379    31.6411     4.4306     37.411    7.33386     4.4274    25.0730   13.12289 4.1159e-01 0.0000e+00
        520  38.597705    0.03604     2.1625    129.750     37.977  51116.823    31.6419     4.4301     37.618    7.33390     4.4274    25.0736   13.12295 4.0045e-01 0.0000e+00
        521  38.597708    0.03611     2.1667    130.000     38.187  51117.778    31.6424     4.4300     37.826    7.33390     4.4275    25.0741   13.12295 3.8978e-01 0.0000e+00
        522  38.597711    0.03618     2.1708    130.250     38.394  51118.511    31.6428     4.4299     38.031    7.33389     4.4277    25.0744   13.12292 3.7952e-01 0.0000e+00
        523  38.597714    0.03625     2.1750    130.500     38.596  51118.967    31.6431     4.4300     38.231    7.33386     4.4278    25.0746   13.12287 3.6960e-01 0.0000e+00
        524  38.597717    0.03632     2.1792    130.750     38.796  51118.924    31.6430     4.4302     38.429    7.33383     4.4279    25.0745   13.12283 3.6005e-01 0.0000e+00
        525  38.597720    0.03639     2.1833    131.000     38.994  51118.647    31.6427     4.4304     38.626    7.33381     4.4279    25.0743   13.12280 3.5082e-01 0.0000e+00
        526  38.597723    0.03646     2.1875    131.250     39.192  51118.447    31.6425     4.4305     38.822    7.33380     4.4278    25.0741   13.12278 3.4183e-01 0.0000e+00
        527  38.597726    0.03653     2.1917    131.500     39.392  51118.411    31.6424     4.4305     39.020    7.33381     4.4278    25.0740   13.12279 3.3309e-01 0.0000e+00
        528  38.597729    0.03660     2.1958    131.750     39.592  51118.563    31.6424     4.4305     39.219    7.33382     4.4277    25.0740   13.12280 3.2456e-01 0.0000e+00
        529  38.597731    0.03667     2.2000    132.000     39.791  51118.992    31.6426     4.4304     39.416    7.33382     4.4278    25.0742   13.12280 3.1635e-01 0.0000e+00
        530  38.597734    0.03674     2.2042    132.250     39.987  51119.749    31.6430     4.4304     39.609    7.33380     4.4281    25.0745   13.12277 3.0860e-01 0.0000e+00
        531  38.597737    0.03681     2.2083    132.500     40.177  51120.620    31.6435     4.4305     39.798    7.33376     4.4285    25.0749   13.12269 3.0130e-01 0.0000e+00
        532  38.597740    0.03687     2.2125    132.750     40.364  51121.426    31.6440     4.4308     39.983    7.33368     4.4292    25.0752   13.12256 2.9433e-01 0.0000e+00
        533  38.597743    0.03694     2.2167    133.000     40.549  51122.028    31.6445     4.4312     40.166    7.33358     4.4298    25.0755   13.12239 2.8755e-01 0.0000e+00
        534  38.597746    0.03701     2.2208    133.250     40.735  51122.273    31.6447     4.4319     40.351    7.33346     4.4305    25.0757   13.12218 2.8082e-01 0.0000e+00
        535  38.597749    0.03708     2.2250    133.500     40.926  51122.213    31.6447     4.4326     40.539    7.33334     4.4310    25.0756   13.12198 2.7403e-01 0.0000e+00
        536  38.597752    0.03715     2.2292    133.750     41.123  51122.010    31.6446     4.4332     40.735    7.33322     4.4315    25.0755   13.12180 2.6710e-01 0.0000e+00
        537  38.597755    0.03722     2.2333    134.000     41.329  51121.730    31.6445     4.4338     40.939    7.33313     4.4318    25.0753   13.12164 2.5998e-01 0.0000e+00
        538  38.597758    0.03729     2.2375    134.250     41.542  51121.370    31.6442     4.4343     41.150    7.33305     4.4321    25.0751   13.12152 2.5275e-01 0.0000e+00
        539  38.597760    0.03736     2.2417    134.500     41.758  51121.097    31.6440     4.4346     41.364    7.33300     4.4324    25.0749   13.12143 2.4583e-01 0.0000e+00
        540  38.597763    0.03743     2.2458    134.750     41.972  51121.054    31.6439     4.4349     41.576    7.33295     4.4326    25.0748   13.12135 2.3950e-01 0.0000e+00
        541  38.597766    0.03750     2.2500    135.000     42.177  51121.176    31.6439     4.4352     41.779    7.33290     4.4328    25.0748   13.12127 2.3373e-01 0.0000e+00
        542  38.597769    0.03757     2.2542    135.250     42.369  51121.370    31.6440     4.4354     41.969    7.33286     4.4329    25.0749   13.12120 2.2843e-01 0.0000e+00
