CTD-processing/allCTD/CNV--turbid/2017_07-25_t4_s03_cast226.cnv
* Sea-Bird SBE19plus Data File:
* FileName = P:\My Documents\kasitsna\Research-KBL\Oceanography-AK\CTD-Data-ALL-to-2017-02\2017-CTD-KachemakBay-CookInlet\2017-07-25-CookInlet-Tran4-Barabara\2017-07-25-CookInlet-Tran4-cast226.hex
* Software Version 1.59
* Temperature SN =  4141
* Conductivity SN =  4141
* System UpLoad Time = Jul 25 2017 19:42:31
** Cook Inlet LTM Transect 4 Barabara south to north
** Date: 2017-07-25
** Station: (eg. 9-01): 4-03
** Start time (AKDT): 10:27
** Depth (m): 103.6
** Comment: R/V Edgecumbe.  Quarterly survey.
** Comment:
# nquan = 16
# nvalues = 716                         
# units = specified
# name 0 = scan: Scan Count
# name 1 = timeJ: Julian Days
# name 2 = timeH: Time, Elapsed [hours]
# name 3 = timeM: Time, Elapsed [minutes]
# name 4 = timeS: Time, Elapsed [seconds]
# name 5 = prdM: Pressure, Strain Gauge [db]
# name 6 = specc: Specific Conductance [uS/cm]
# name 7 = sal00: Salinity, Practical [PSU]
# name 8 = tv290C: Temperature [ITS-90, deg C]
# name 9 = depSM: Depth [salt water, m], lat = 59.00
# name 10 = oxsolML/L: Oxygen Saturation, Garcia & Gordon [ml/l]
# name 11 = potemp090C: Potential Temperature [ITS-90, deg C]
# name 12 = sigma-é00: Density [sigma-theta, kg/m^3]
# name 13 = n2satML/L: Nitrogen Saturation [ml/l]
# name 14 = par: PAR/Irradiance, Biospherical/Licor
# name 15 = flag:  0.000e+00
# span 0 =          1,        716       
# span 1 = 206.435498, 206.437567       
# span 2 =    0.00000,    0.04965       
# span 3 =     0.0000,     2.9792       
# span 4 =      0.000,    178.750       
# span 5 =      0.771,     90.577       
# span 6 =  49405.192,  50270.119       
# span 7 =    31.4869,    31.7220       
# span 8 =     7.9132,    10.4164       
# span 9 =      0.764,     89.711       
# span 10 =    6.39883,    6.75629      
# span 11 =     7.9046,    10.4115      
# span 12 =    24.1430,    24.7016      
# span 13 =   11.57807,   12.16775      
# span 14 = 4.4872e-02, 1.8104e+02      
# span 15 = 0.0000e+00, 0.0000e+00      
# interval = seconds: 0.25
# start_time = Jul 25 2017 10:27:07 [Instrument's time stamp, header]
# bad_flag = -9.990e-29
*END*
[from data line 272]
        273 206.436285    0.01889     1.1333     68.000      5.005  49586.299    31.5725    10.0684      4.958    6.44541    10.0483    24.2657   11.65485 4.6807e+01 0.0000e+00
        274 206.436288    0.01896     1.1375     68.250      5.217  49592.447    31.5755    10.0581      5.168    6.44673    10.0398    24.2697   11.65700 4.4563e+01 0.0000e+00
        275 206.436291    0.01903     1.1417     68.500      5.448  49597.494    31.5778    10.0489      5.397    6.44793    10.0319    24.2730   11.65896 4.2583e+01 0.0000e+00
        276 206.436293    0.01910     1.1458     68.750      5.690  49601.933    31.5797    10.0404      5.637    6.44905    10.0244    24.2760   11.66078 4.0944e+01 0.0000e+00
        277 206.436296    0.01917     1.1500     69.000      5.932  49605.397    31.5811    10.0326      5.876    6.45010    10.0169    24.2783   11.66250 3.9653e+01 0.0000e+00
        278 206.436299    0.01924     1.1542     69.250      6.160  49607.685    31.5817    10.0251      6.102    6.45113    10.0092    24.2800   11.66420 3.8651e+01 0.0000e+00
        279 206.436302    0.01931     1.1583     69.500      6.366  49609.673    31.5820    10.0176      6.306    6.45217    10.0016    24.2815   11.66593 3.7855e+01 0.0000e+00
        280 206.436305    0.01938     1.1625     69.750      6.545  49613.207    31.5835    10.0099      6.484    6.45320     9.9951    24.2839   11.66761 3.7165e+01 0.0000e+00
        281 206.436308    0.01944     1.1667     70.000      6.701  49618.622    31.5863    10.0024      6.639    6.45414     9.9900    24.2873   11.66914 3.6470e+01 0.0000e+00
        282 206.436311    0.01951     1.1708     70.250      6.843  49624.648    31.5896     9.9958      6.780    6.45492     9.9868    24.2909   11.67039 3.5670e+01 0.0000e+00
        283 206.436314    0.01958     1.1750     70.500      6.986  49630.610    31.5931     9.9908      6.921    6.45549     9.9853    24.2945   11.67129 3.4717e+01 0.0000e+00
        284 206.436317    0.01965     1.1792     70.750      7.142  49635.574    31.5961     9.9876      7.075    6.45582     9.9846    24.2974   11.67180 3.3617e+01 0.0000e+00
        285 206.436319    0.01972     1.1833     71.000      7.318  49637.098    31.5970     9.9861      7.250    6.45599     9.9831    24.2983   11.67208 3.2410e+01 0.0000e+00
        286 206.436322    0.01979     1.1875     71.250      7.515  49634.055    31.5947     9.9855      7.445    6.45618     9.9792    24.2966   11.67242 3.1162e+01 0.0000e+00
        287 206.436325    0.01986     1.1917     71.500      7.728  49627.632    31.5898     9.9840      7.655    6.45659     9.9714    24.2931   11.67315 2.9942e+01 0.0000e+00
        288 206.436328    0.01993     1.1958     71.750      7.948  49618.536    31.5828     9.9801      7.873    6.45744     9.9584    24.2883   11.67463 2.8800e+01 0.0000e+00
        289 206.436331    0.02000     1.2000     72.000      8.166  49607.081    31.5736     9.9723      8.089    6.45892     9.9404    24.2824   11.67720 2.7759e+01 0.0000e+00
        290 206.436334    0.02007     1.2042     72.250      8.378  49597.541    31.5651     9.9594      8.299    6.46110     9.9195    24.2779   11.68091 2.6823e+01 0.0000e+00
        291 206.436337    0.02014     1.2083     72.500      8.580  49597.042    31.5624     9.9413      8.499    6.46376     9.8991    24.2787   11.68535 2.5985e+01 0.0000e+00
        292 206.436340    0.02021     1.2125     72.750      8.773  49607.138    31.5667     9.9205      8.690    6.46653     9.8818    24.2855   11.68989 2.5216e+01 0.0000e+00
        293 206.436343    0.02028     1.2167     73.000      8.961  49622.744    31.5751     9.9001      8.877    6.46907     9.8684    24.2953   11.69399 2.4484e+01 0.0000e+00
        294 206.436345    0.02035     1.2208     73.250      9.150  49638.528    31.5839     9.8828      9.064    6.47116     9.8587    24.3050   11.69734 2.3759e+01 0.0000e+00
        295 206.436348    0.02042     1.2250     73.500      9.344  49651.754    31.5914     9.8694      9.256    6.47274     9.8517    24.3130   11.69987 2.3018e+01 0.0000e+00
        296 206.436351    0.02049     1.2292     73.750      9.547  49661.566    31.5970     9.8597      9.457    6.47388     9.8468    24.3190   11.70170 2.2256e+01 0.0000e+00
        297 206.436354    0.02056     1.2333     74.000      9.759  49668.191    31.6007     9.8528      9.667    6.47471     9.8430    24.3230   11.70303 2.1481e+01 0.0000e+00
        298 206.436357    0.02063     1.2375     74.250      9.977  49672.435    31.6029     9.8478      9.884    6.47531     9.8400    24.3256   11.70401 2.0709e+01 0.0000e+00
        299 206.436360    0.02069     1.2417     74.500     10.197  49675.296    31.6044     9.8441     10.101    6.47578     9.8375    24.3273   11.70476 1.9964e+01 0.0000e+00
        300 206.436363    0.02076     1.2458     74.750     10.413  49677.410    31.6054     9.8412     10.315    6.47616     9.8353    24.3286   11.70538 1.9265e+01 0.0000e+00
        301 206.436366    0.02083     1.2500     75.000     10.619  49678.819    31.6060     9.8387     10.520    6.47649     9.8331    24.3294   11.70592 1.8619e+01 0.0000e+00
        302 206.436369    0.02090     1.2542     75.250     10.815  49679.418    31.6061     9.8365     10.713    6.47680     9.8308    24.3298   11.70643 1.8021e+01 0.0000e+00
        303 206.436372    0.02097     1.2583     75.500     11.001  49679.273    31.6056     9.8343     10.898    6.47712     9.8283    24.3298   11.70697 1.7458e+01 0.0000e+00
        304 206.436374    0.02104     1.2625     75.750     11.184  49679.050    31.6050     9.8321     11.079    6.47747     9.8256    24.3298   11.70755 1.6910e+01 0.0000e+00
        305 206.436377    0.02111     1.2667     76.000     11.368  49679.738    31.6051     9.8295     11.262    6.47782     9.8231    24.3302   11.70814 1.6361e+01 0.0000e+00
        306 206.436380    0.02118     1.2708     76.250     11.560  49681.436    31.6059     9.8269     11.451    6.47816     9.8209    24.3313   11.70869 1.5803e+01 0.0000e+00
        307 206.436383    0.02125     1.2750     76.500     11.759  49683.404    31.6069     9.8244     11.649    6.47848     9.8188    24.3324   11.70920 1.5240e+01 0.0000e+00
        308 206.436386    0.02132     1.2792     76.750     11.964  49684.769    31.6074     9.8222     11.852    6.47877     9.8165    24.3333   11.70968 1.4682e+01 0.0000e+00
        309 206.436389    0.02139     1.2833     77.000     12.172  49685.139    31.6073     9.8201     12.058    6.47907     9.8140    24.3336   11.71018 1.4144e+01 0.0000e+00
        310 206.436392    0.02146     1.2875     77.250     12.378  49685.130    31.6070     9.8179     12.262    6.47940     9.8112    24.3336   11.71073 1.3635e+01 0.0000e+00
        311 206.436395    0.02153     1.2917     77.500     12.581  49685.722    31.6070     9.8154     12.463    6.47976     9.8085    24.3340   11.71132 1.3157e+01 0.0000e+00
        312 206.436398    0.02160     1.2958     77.750     12.781  49687.098    31.6075     9.8126     12.662    6.48013     9.8060    24.3349   11.71192 1.2705e+01 0.0000e+00
        313 206.436400    0.02167     1.3000     78.000     12.980  49688.721    31.6082     9.8099     12.858    6.48048     9.8039    24.3359   11.71249 1.2275e+01 0.0000e+00
        314 206.436403    0.02174     1.3042     78.250     13.176  49690.443    31.6090     9.8075     13.052    6.48079     9.8022    24.3369   11.71300 1.1864e+01 0.0000e+00
        315 206.436406    0.02181     1.3083     78.500     13.370  49692.392    31.6101     9.8054     13.244    6.48105     9.8009    24.3381   11.71342 1.1472e+01 0.0000e+00
        316 206.436409    0.02187     1.3125     78.750     13.561  49694.434    31.6112     9.8037     13.434    6.48125     9.7999    24.3392   11.71373 1.1095e+01 0.0000e+00
        317 206.436412    0.02194     1.3167     79.000     13.752  49696.371    31.6123     9.8024     13.623    6.48139     9.7992    24.3403   11.71395 1.0727e+01 0.0000e+00
        318 206.436415    0.02201     1.3208     79.250     13.944  49697.985    31.6132     9.8014     13.813    6.48148     9.7987    24.3412   11.71409 1.0364e+01 0.0000e+00
        319 206.436418    0.02208     1.3250     79.500     14.140  49699.225    31.6139     9.8008     14.007    6.48154     9.7981    24.3418   11.71420 1.0002e+01 0.0000e+00
        320 206.436421    0.02215     1.3292     79.750     14.342  49700.121    31.6144     9.8002     14.208    6.48160     9.7973    24.3423   11.71428 9.6437e+00 0.0000e+00
        321 206.436424    0.02222     1.3333     80.000     14.549  49700.368    31.6144     9.7997     14.413    6.48168     9.7961    24.3424   11.71441 9.2928e+00 0.0000e+00
        322 206.436427    0.02229     1.3375     80.250     14.759  49699.671    31.6137     9.7990     14.620    6.48181     9.7942    24.3420   11.71463 8.9549e+00 0.0000e+00
        323 206.436429    0.02236     1.3417     80.500     14.966  49698.581    31.6127     9.7977     14.826    6.48203     9.7918    24.3414   11.71500 8.6352e+00 0.0000e+00
        324 206.436432    0.02243     1.3458     80.750     15.169  49698.306    31.6122     9.7959     15.026    6.48231     9.7893    24.3413   11.71549 8.3372e+00 0.0000e+00
        325 206.436435    0.02250     1.3500     81.000     15.365  49699.272    31.6125     9.7935     15.220    6.48264     9.7870    24.3419   11.71602 8.0597e+00 0.0000e+00
        326 206.436438    0.02257     1.3542     81.250     15.555  49700.895    31.6132     9.7910     15.409    6.48296     9.7849    24.3429   11.71654 7.7984e+00 0.0000e+00
        327 206.436441    0.02264     1.3583     81.500     15.742  49702.561    31.6140     9.7887     15.594    6.48326     9.7830    24.3439   11.71703 7.5463e+00 0.0000e+00
        328 206.436444    0.02271     1.3625     81.750     15.930  49703.898    31.6146     9.7866     15.781    6.48353     9.7812    24.3447   11.71747 7.2972e+00 0.0000e+00
        329 206.436447    0.02278     1.3667     82.000     16.121  49704.700    31.6148     9.7847     15.970    6.48379     9.7793    24.3452   11.71789 7.0497e+00 0.0000e+00
        330 206.436450    0.02285     1.3708     82.250     16.314  49704.899    31.6147     9.7829     16.161    6.48405     9.7772    24.3453   11.71833 6.8056e+00 0.0000e+00
        331 206.436453    0.02292     1.3750     82.500     16.509  49704.756    31.6142     9.7811     16.354    6.48433     9.7750    24.3453   11.71880 6.5677e+00 0.0000e+00
        332 206.436455    0.02299     1.3792     82.750     16.704  49704.885    31.6140     9.7790     16.547    6.48464     9.7729    24.3454   11.71932 6.3391e+00 0.0000e+00
        333 206.436458    0.02306     1.3833     83.000     16.895  49705.652    31.6141     9.7768     16.737    6.48494     9.7711    24.3459   11.71982 6.1218e+00 0.0000e+00
        334 206.436461    0.02313     1.3875     83.250     17.084  49706.796    31.6146     9.7747     16.924    6.48522     9.7695    24.3466   11.72027 5.9143e+00 0.0000e+00
        335 206.436464    0.02319     1.3917     83.500     17.272  49707.726    31.6149     9.7729     17.110    6.48546     9.7680    24.3472   11.72066 5.7143e+00 0.0000e+00
        336 206.436467    0.02326     1.3958     83.750     17.458  49707.909    31.6148     9.7714     17.295    6.48568     9.7664    24.3473   11.72104 5.5215e+00 0.0000e+00
        337 206.436470    0.02333     1.4000     84.000     17.644  49707.218    31.6140     9.7700     17.478    6.48592     9.7646    24.3469   11.72144 5.3372e+00 0.0000e+00
        338 206.436473    0.02340     1.4042     84.250     17.827  49706.176    31.6130     9.7684     17.659    6.48619     9.7625    24.3464   11.72189 5.1625e+00 0.0000e+00
        339 206.436476    0.02347     1.4083     84.500     18.007  49705.599    31.6123     9.7665     17.837    6.48649     9.7603    24.3461   11.72239 4.9977e+00 0.0000e+00
        340 206.436479    0.02354     1.4125     84.750     18.183  49705.766    31.6121     9.7644     18.012    6.48679     9.7583    24.3463   11.72290 4.8426e+00 0.0000e+00
        341 206.436481    0.02361     1.4167     85.000     18.356  49706.115    31.6120     9.7623     18.183    6.48710     9.7562    24.3466   11.72340 4.6954e+00 0.0000e+00
        342 206.436484    0.02368     1.4208     85.250     18.529  49706.099    31.6116     9.7603     18.355    6.48740     9.7541    24.3466   11.72392 4.5529e+00 0.0000e+00
        343 206.436487    0.02375     1.4250     85.500     18.707  49705.976    31.6112     9.7582     18.531    6.48771     9.7521    24.3466   11.72443 4.4124e+00 0.0000e+00
        344 206.436490    0.02382     1.4292     85.750     18.891  49706.374    31.6111     9.7561     18.713    6.48801     9.7504    24.3469   11.72493 4.2731e+00 0.0000e+00
        345 206.436493    0.02389     1.4333     86.000     19.081  49707.472    31.6115     9.7542     18.902    6.48827     9.7491    24.3476   11.72536 4.1343e+00 0.0000e+00
        346 206.436496    0.02396     1.4375     86.250     19.279  49708.867    31.6122     9.7525     19.098    6.48848     9.7482    24.3484   11.72570 3.9957e+00 0.0000e+00
        347 206.436499    0.02403     1.4417     86.500     19.481  49710.092    31.6128     9.7512     19.298    6.48864     9.7476    24.3490   11.72595 3.8585e+00 0.0000e+00
        348 206.436502    0.02410     1.4458     86.750     19.687  49711.010    31.6133     9.7503     19.502    6.48875     9.7472    24.3495   11.72613 3.7244e+00 0.0000e+00
        349 206.436505    0.02417     1.4500     87.000     19.895  49711.773    31.6136     9.7497     19.708    6.48882     9.7469    24.3499   11.72624 3.5939e+00 0.0000e+00
        350 206.436508    0.02424     1.4542     87.250     20.104  49712.403    31.6139     9.7493     19.915    6.48886     9.7467    24.3502   11.72630 3.4678e+00 0.0000e+00
        351 206.436510    0.02431     1.4583     87.500     20.315  49712.652    31.6140     9.7491     20.124    6.48889     9.7464    24.3503   11.72635 3.3467e+00 0.0000e+00
        352 206.436513    0.02438     1.4625     87.750     20.523  49712.447    31.6137     9.7489     20.330    6.48893     9.7459    24.3501   11.72642 3.2309e+00 0.0000e+00
        353 206.436516    0.02444     1.4667     88.000     20.729  49711.925    31.6132     9.7486     20.534    6.48899     9.7452    24.3498   11.72653 3.1216e+00 0.0000e+00
        354 206.436519    0.02451     1.4708     88.250     20.927  49711.164    31.6125     9.7482     20.730    6.48908     9.7441    24.3493   11.72670 3.0198e+00 0.0000e+00
        355 206.436522    0.02458     1.4750     88.500     21.116  49710.281    31.6117     9.7474     20.918    6.48922     9.7426    24.3488   11.72694 2.9256e+00 0.0000e+00
        356 206.436525    0.02465     1.4792     88.750     21.296  49709.313    31.6108     9.7463     21.096    6.48941     9.7405    24.3483   11.72726 2.8376e+00 0.0000e+00
        357 206.436528    0.02472     1.4833     89.000     21.470  49707.954    31.6096     9.7449     21.268    6.48968     9.7378    24.3476   11.72771 2.7537e+00 0.0000e+00
        358 206.436531    0.02479     1.4875     89.250     21.642  49706.173    31.6080     9.7429     21.438    6.49003     9.7344    24.3467   11.72831 2.6715e+00 0.0000e+00
        359 206.436534    0.02486     1.4917     89.500     21.816  49704.878    31.6066     9.7402     21.611    6.49047     9.7307    24.3461   11.72906 2.5898e+00 0.0000e+00
        360 206.436536    0.02493     1.4958     89.750     21.996  49704.889    31.6061     9.7368     21.789    6.49097     9.7269    24.3462   11.72989 2.5075e+00 0.0000e+00
        361 206.436539    0.02500     1.5000     90.000     22.185  49705.911    31.6063     9.7331     21.977    6.49149     9.7233    24.3469   11.73076 2.4241e+00 0.0000e+00
