CTD-processing/allCTD/CNV--turbid/2017_06-28_t9_s03_cast187.cnv
* Sea-Bird SBE19plus Data File:
* FileName = C:\Users\Kim.Powell\Desktop\2017_06-28_4141\T9\2017_06-28_T9_cast187.hex
* Software Version 1.59
* Temperature SN =  4141
* Conductivity SN =  4141
* System UpLoad Time = Jul 21 2017 10:46:08
** CookInlet LTM Transect 9
** 2017_06-28
** Station: 9-03
** Start Time: 11:46
** Depth: 87m
** Comment: Barnacle
** Comment:
# nquan = 16
# nvalues = 698                         
# units = specified
# name 0 = scan: Scan Count
# name 1 = timeJ: Julian Days
# name 2 = timeH: Time, Elapsed [hours]
# name 3 = timeM: Time, Elapsed [minutes]
# name 4 = timeS: Time, Elapsed [seconds]
# name 5 = prdM: Pressure, Strain Gauge [db]
# name 6 = specc: Specific Conductance [uS/cm]
# name 7 = sal00: Salinity, Practical [PSU]
# name 8 = tv290C: Temperature [ITS-90, deg C]
# name 9 = depSM: Depth [salt water, m], lat = 59.00
# name 10 = oxsolML/L: Oxygen Saturation, Garcia & Gordon [ml/l]
# name 11 = potemp090C: Potential Temperature [ITS-90, deg C]
# name 12 = sigma-é00: Density [sigma-theta, kg/m^3]
# name 13 = n2satML/L: Nitrogen Saturation [ml/l]
# name 14 = par: PAR/Irradiance, Biospherical/Licor
# name 15 = flag:  0.000e+00
# span 0 =          1,        698       
# span 1 = 179.491412, 179.493429       
# span 2 =    0.00000,    0.04840       
# span 3 =     0.0000,     2.9042       
# span 4 =      0.000,    174.250       
# span 5 =      0.007,     85.055       
# span 6 =   1813.057,  50720.606       
# span 7 =     0.9131,    31.7748       
# span 8 =     6.4920,    10.6926       
# span 9 =      0.007,     84.242       
# span 10 =    6.47264,    8.11026      
# span 11 =     6.4848,    10.6925      
# span 12 =     0.5295,    24.9453      
# span 13 =   11.73338,   14.85121      
# span 14 = 4.7871e-02, 7.7053e+02      
# span 15 = 0.0000e+00, 0.0000e+00      
# interval = seconds: 0.25
# start_time = Jun 28 2017 11:47:38 [Instrument's time stamp, header]
# bad_flag = -9.990e-29
*END*
[from data line 543]
        544 179.492983    0.03771     2.2625    135.750     48.859  50559.539    31.7170     6.6924     48.396    6.94771     6.6869    24.8740   12.48409 4.8284e-02 0.0000e+00
        545 179.492986    0.03778     2.2667    136.000     49.101  50560.393    31.7174     6.6917     48.636    6.94780     6.6864    24.8744   12.48424 4.8312e-02 0.0000e+00
        546 179.492989    0.03785     2.2708    136.250     49.345  50561.316    31.7178     6.6911     48.878    6.94788     6.6860    24.8748   12.48437 4.8263e-02 0.0000e+00
        547 179.492992    0.03792     2.2750    136.500     49.593  50562.180    31.7181     6.6906     49.124    6.94795     6.6856    24.8751   12.48447 4.8177e-02 0.0000e+00
        548 179.492995    0.03799     2.2792    136.750     49.843  50562.779    31.7184     6.6902     49.371    6.94800     6.6852    24.8754   12.48456 4.8140e-02 0.0000e+00
        549 179.492998    0.03806     2.2833    137.000     50.093  50563.133    31.7184     6.6898     49.619    6.94805     6.6846    24.8755   12.48464 4.8146e-02 0.0000e+00
        550 179.493001    0.03812     2.2875    137.250     50.344  50563.391    31.7184     6.6894     49.868    6.94812     6.6838    24.8755   12.48475 4.8172e-02 0.0000e+00
        551 179.493003    0.03819     2.2917    137.500     50.594  50563.789    31.7185     6.6888     50.115    6.94821     6.6828    24.8756   12.48490 4.8185e-02 0.0000e+00
        552 179.493006    0.03826     2.2958    137.750     50.838  50564.481    31.7187     6.6881     50.357    6.94833     6.6818    24.8759   12.48509 4.8137e-02 0.0000e+00
        553 179.493009    0.03833     2.3000    138.000     51.076  50565.378    31.7191     6.6871     50.592    6.94846     6.6809    24.8763   12.48530 4.8050e-02 0.0000e+00
        554 179.493012    0.03840     2.3042    138.250     51.308  50566.373    31.7195     6.6862     50.822    6.94860     6.6799    24.8767   12.48552 4.7948e-02 0.0000e+00
        555 179.493015    0.03847     2.3083    138.500     51.541  50567.375    31.7199     6.6852     51.053    6.94873     6.6789    24.8772   12.48574 4.7871e-02 0.0000e+00
        556 179.493018    0.03854     2.3125    138.750     51.779  50568.298    31.7202     6.6843     51.288    6.94887     6.6779    24.8776   12.48596 4.7872e-02 0.0000e+00
        557 179.493021    0.03861     2.3167    139.000     52.020  50569.193    31.7206     6.6834     51.527    6.94900     6.6767    24.8780   12.48618 4.7926e-02 0.0000e+00
        558 179.493024    0.03868     2.3208    139.250     52.262  50570.121    31.7209     6.6824     51.767    6.94915     6.6754    24.8784   12.48641 4.7976e-02 0.0000e+00
        559 179.493027    0.03875     2.3250    139.500     52.504  50571.136    31.7213     6.6812     52.007    6.94931     6.6738    24.8789   12.48669 4.7993e-02 0.0000e+00
        560 179.493030    0.03882     2.3292    139.750     52.742  50572.336    31.7218     6.6799     52.243    6.94951     6.6721    24.8794   12.48700 4.7991e-02 0.0000e+00
        561 179.493032    0.03889     2.3333    140.000     52.973  50573.802    31.7224     6.6783     52.471    6.94973     6.6704    24.8801   12.48736 4.8010e-02 0.0000e+00
        562 179.493035    0.03896     2.3375    140.250     53.199  50575.560    31.7232     6.6767     52.695    6.94996     6.6689    24.8810   12.48774 4.8056e-02 0.0000e+00
        563 179.493038    0.03903     2.3417    140.500     53.425  50577.430    31.7241     6.6750     52.919    6.95019     6.6676    24.8819   12.48810 4.8107e-02 0.0000e+00
        564 179.493041    0.03910     2.3458    140.750     53.654  50579.129    31.7249     6.6735     53.146    6.95039     6.6665    24.8827   12.48843 4.8146e-02 0.0000e+00
        565 179.493044    0.03917     2.3500    141.000     53.887  50580.547    31.7255     6.6722     53.377    6.95057     6.6656    24.8834   12.48872 4.8191e-02 0.0000e+00
        566 179.493047    0.03924     2.3542    141.250     54.123  50581.748    31.7261     6.6711     53.610    6.95072     6.6648    24.8839   12.48896 4.8244e-02 0.0000e+00
        567 179.493050    0.03931     2.3583    141.500     54.360  50582.702    31.7265     6.6702     53.845    6.95085     6.6640    24.8843   12.48917 4.8261e-02 0.0000e+00
        568 179.493053    0.03938     2.3625    141.750     54.597  50583.370    31.7267     6.6695     54.080    6.95096     6.6633    24.8846   12.48935 4.8252e-02 0.0000e+00
        569 179.493056    0.03944     2.3667    142.000     54.837  50583.967    31.7268     6.6688     54.318    6.95107     6.6626    24.8848   12.48953 4.8226e-02 0.0000e+00
        570 179.493058    0.03951     2.3708    142.250     55.083  50584.658    31.7271     6.6680     54.561    6.95118     6.6621    24.8851   12.48970 4.8145e-02 0.0000e+00
        571 179.493061    0.03958     2.3750    142.500     55.336  50585.355    31.7273     6.6674     54.812    6.95128     6.6617    24.8854   12.48986 4.8054e-02 0.0000e+00
        572 179.493064    0.03965     2.3792    142.750     55.596  50585.874    31.7274     6.6668     55.069    6.95135     6.6614    24.8856   12.48998 4.8046e-02 0.0000e+00
        573 179.493067    0.03972     2.3833    143.000     55.859  50586.082    31.7274     6.6665     55.330    6.95142     6.6609    24.8856   12.49009 4.8120e-02 0.0000e+00
        574 179.493070    0.03979     2.3875    143.250     56.123  50585.901    31.7271     6.6661     55.591    6.95148     6.6601    24.8854   12.49019 4.8227e-02 0.0000e+00
        575 179.493073    0.03986     2.3917    143.500     56.385  50585.425    31.7266     6.6657     55.850    6.95157     6.6588    24.8850   12.49036 4.8286e-02 0.0000e+00
        576 179.493076    0.03993     2.3958    143.750     56.645  50584.932    31.7260     6.6649     56.108    6.95173     6.6570    24.8846   12.49062 4.8263e-02 0.0000e+00
        577 179.493079    0.04000     2.4000    144.000     56.905  50585.063    31.7257     6.6636     56.365    6.95195     6.6552    24.8846   12.49100 4.8231e-02 0.0000e+00
        578 179.493082    0.04007     2.4042    144.250     57.163  50586.340    31.7261     6.6619     56.621    6.95221     6.6536    24.8852   12.49142 4.8242e-02 0.0000e+00
        579 179.493084    0.04014     2.4083    144.500     57.421  50588.056    31.7269     6.6601     56.876    6.95246     6.6522    24.8860   12.49183 4.8246e-02 0.0000e+00
        580 179.493087    0.04021     2.4125    144.750     57.679  50589.307    31.7273     6.6585     57.132    6.95270     6.6508    24.8866   12.49221 4.8201e-02 0.0000e+00
        581 179.493090    0.04028     2.4167    145.000     57.940  50590.185    31.7276     6.6571     57.390    6.95292     6.6493    24.8869   12.49257 4.8151e-02 0.0000e+00
        582 179.493093    0.04035     2.4208    145.250     58.203  50591.165    31.7278     6.6557     57.651    6.95313     6.6479    24.8873   12.49292 4.8126e-02 0.0000e+00
        583 179.493096    0.04042     2.4250    145.500     58.469  50592.310    31.7282     6.6543     57.914    6.95334     6.6464    24.8878   12.49326 4.8137e-02 0.0000e+00
        584 179.493099    0.04049     2.4292    145.750     58.738  50593.369    31.7286     6.6528     58.180    6.95355     6.6449    24.8883   12.49361 4.8183e-02 0.0000e+00
        585 179.493102    0.04056     2.4333    146.000     59.012  50594.302    31.7288     6.6514     58.452    6.95378     6.6432    24.8887   12.49397 4.8241e-02 0.0000e+00
        586 179.493105    0.04063     2.4375    146.250     59.292  50595.403    31.7292     6.6499     58.730    6.95401     6.6417    24.8891   12.49435 4.8276e-02 0.0000e+00
        587 179.493108    0.04069     2.4417    146.500     59.579  50596.961    31.7299     6.6483     59.013    6.95424     6.6405    24.8899   12.49471 4.8292e-02 0.0000e+00
        588 179.493111    0.04076     2.4458    146.750     59.871  50598.765    31.7307     6.6468     59.303    6.95444     6.6394    24.8907   12.49503 4.8326e-02 0.0000e+00
        589 179.493113    0.04083     2.4500    147.000     60.166  50600.254    31.7314     6.6455     59.595    6.95460     6.6385    24.8914   12.49530 4.8335e-02 0.0000e+00
        590 179.493116    0.04090     2.4542    147.250     60.461  50601.061    31.7316     6.6446     59.887    6.95475     6.6375    24.8917   12.49555 4.8274e-02 0.0000e+00
        591 179.493119    0.04097     2.4583    147.500     60.754  50601.365    31.7315     6.6437     60.177    6.95490     6.6362    24.8918   12.49580 4.8203e-02 0.0000e+00
        592 179.493122    0.04104     2.4625    147.750     61.044  50601.626    31.7314     6.6427     60.465    6.95507     6.6348    24.8918   12.49608 4.8196e-02 0.0000e+00
        593 179.493125    0.04111     2.4667    148.000     61.332  50602.054    31.7314     6.6415     60.750    6.95527     6.6332    24.8919   12.49641 4.8208e-02 0.0000e+00
        594 179.493128    0.04118     2.4708    148.250     61.617  50602.779    31.7315     6.6400     61.032    6.95549     6.6316    24.8922   12.49678 4.8189e-02 0.0000e+00
        595 179.493131    0.04125     2.4750    148.500     61.900  50604.040    31.7319     6.6384     61.312    6.95573     6.6302    24.8927   12.49716 4.8201e-02 0.0000e+00
        596 179.493134    0.04132     2.4792    148.750     62.182  50605.741    31.7326     6.6369     61.592    6.95595     6.6291    24.8935   12.49751 4.8252e-02 0.0000e+00
        597 179.493137    0.04139     2.4833    149.000     62.465  50607.472    31.7335     6.6355     61.871    6.95613     6.6283    24.8944   12.49781 4.8229e-02 0.0000e+00
        598 179.493139    0.04146     2.4875    149.250     62.749  50608.928    31.7342     6.6344     62.152    6.95627     6.6277    24.8950   12.49803 4.8149e-02 0.0000e+00
        599 179.493142    0.04153     2.4917    149.500     63.034  50610.065    31.7347     6.6337     62.435    6.95638     6.6273    24.8955   12.49820 4.8114e-02 0.0000e+00
        600 179.493145    0.04160     2.4958    149.750     63.321  50610.819    31.7349     6.6331     62.720    6.95645     6.6268    24.8958   12.49832 4.8113e-02 0.0000e+00
        601 179.493148    0.04167     2.5000    150.000     63.609  50611.113    31.7349     6.6327     63.005    6.95652     6.6263    24.8959   12.49844 4.8145e-02 0.0000e+00
        602 179.493151    0.04174     2.5042    150.250     63.896  50611.204    31.7348     6.6323     63.289    6.95660     6.6256    24.8959   12.49856 4.8226e-02 0.0000e+00
        603 179.493154    0.04181     2.5083    150.500     64.179  50611.365    31.7347     6.6317     63.569    6.95669     6.6247    24.8958   12.49871 4.8318e-02 0.0000e+00
        604 179.493157    0.04188     2.5125    150.750     64.459  50611.724    31.7347     6.6311     63.846    6.95680     6.6238    24.8959   12.49889 4.8356e-02 0.0000e+00
        605 179.493160    0.04194     2.5167    151.000     64.735  50612.376    31.7348     6.6302     64.120    6.95692     6.6229    24.8962   12.49909 4.8325e-02 0.0000e+00
        606 179.493163    0.04201     2.5208    151.250     65.009  50613.079    31.7350     6.6293     64.391    6.95705     6.6217    24.8964   12.49931 4.8317e-02 0.0000e+00
        607 179.493166    0.04208     2.5250    151.500     65.281  50613.490    31.7350     6.6284     64.661    6.95721     6.6201    24.8965   12.49957 4.8356e-02 0.0000e+00
        608 179.493168    0.04215     2.5292    151.750     65.553  50613.694    31.7348     6.6272     64.930    6.95741     6.6181    24.8965   12.49990 4.8399e-02 0.0000e+00
        609 179.493171    0.04222     2.5333    152.000     65.825  50614.083    31.7347     6.6256     65.198    6.95767     6.6158    24.8966   12.50033 4.8413e-02 0.0000e+00
        610 179.493174    0.04229     2.5375    152.250     66.095  50614.895    31.7347     6.6236     65.466    6.95799     6.6132    24.8969   12.50086 4.8372e-02 0.0000e+00
        611 179.493177    0.04236     2.5417    152.500     66.363  50615.672    31.7347     6.6214     65.732    6.95836     6.6103    24.8972   12.50146 4.8297e-02 0.0000e+00
        612 179.493180    0.04243     2.5458    152.750     66.627  50616.394    31.7347     6.6189     65.993    6.95877     6.6072    24.8975   12.50215 4.8222e-02 0.0000e+00
        613 179.493183    0.04250     2.5500    153.000     66.885  50618.054    31.7352     6.6160     66.249    6.95921     6.6042    24.8983   12.50287 4.8196e-02 0.0000e+00
        614 179.493186    0.04257     2.5542    153.250     67.137  50620.582    31.7362     6.6129     66.498    6.95966     6.6014    24.8995   12.50360 4.8215e-02 0.0000e+00
        615 179.493189    0.04264     2.5583    153.500     67.381  50623.053    31.7373     6.6099     66.740    6.96009     6.5988    24.9007   12.50430 4.8222e-02 0.0000e+00
        616 179.493192    0.04271     2.5625    153.750     67.620  50625.248    31.7382     6.6071     66.977    6.96050     6.5964    24.9017   12.50497 4.8201e-02 0.0000e+00
        617 179.493194    0.04278     2.5667    154.000     67.858  50627.243    31.7390     6.6045     67.213    6.96089     6.5942    24.9027   12.50559 4.8173e-02 0.0000e+00
        618 179.493197    0.04285     2.5708    154.250     68.096  50629.071    31.7397     6.6022     67.448    6.96124     6.5923    24.9036   12.50617 4.8143e-02 0.0000e+00
        619 179.493200    0.04292     2.5750    154.500     68.334  50630.871    31.7404     6.6000     67.684    6.96155     6.5907    24.9044   12.50668 4.8130e-02 0.0000e+00
        620 179.493203    0.04299     2.5792    154.750     68.573  50632.663    31.7412     6.5981     67.921    6.96182     6.5895    24.9053   12.50711 4.8156e-02 0.0000e+00
        621 179.493206    0.04306     2.5833    155.000     68.814  50634.297    31.7420     6.5966     68.159    6.96204     6.5885    24.9061   12.50746 4.8164e-02 0.0000e+00
        622 179.493209    0.04312     2.5875    155.250     69.054  50635.670    31.7426     6.5954     68.398    6.96221     6.5877    24.9067   12.50773 4.8101e-02 0.0000e+00
        623 179.493212    0.04319     2.5917    155.500     69.295  50636.744    31.7430     6.5944     68.635    6.96234     6.5871    24.9072   12.50795 4.8026e-02 0.0000e+00
        624 179.493215    0.04326     2.5958    155.750     69.532  50637.549    31.7433     6.5936     68.870    6.96245     6.5865    24.9075   12.50813 4.8016e-02 0.0000e+00
        625 179.493218    0.04333     2.6000    156.000     69.765  50638.158    31.7435     6.5930     69.101    6.96255     6.5859    24.9077   12.50828 4.8063e-02 0.0000e+00
        626 179.493220    0.04340     2.6042    156.250     69.994  50638.535    31.7435     6.5924     69.327    6.96264     6.5852    24.9078   12.50843 4.8100e-02 0.0000e+00
        627 179.493223    0.04347     2.6083    156.500     70.218  50638.759    31.7435     6.5918     69.550    6.96273     6.5845    24.9079   12.50859 4.8119e-02 0.0000e+00
        628 179.493226    0.04354     2.6125    156.750     70.440  50639.132    31.7435     6.5912     69.769    6.96283     6.5838    24.9080   12.50876 4.8136e-02 0.0000e+00
        629 179.493229    0.04361     2.6167    157.000     70.661  50639.649    31.7436     6.5905     69.988    6.96294     6.5831    24.9082   12.50894 4.8136e-02 0.0000e+00
        630 179.493232    0.04368     2.6208    157.250     70.882  50640.154    31.7438     6.5898     70.207    6.96305     6.5824    24.9084   12.50911 4.8111e-02 0.0000e+00
        631 179.493235    0.04375     2.6250    157.500     71.106  50640.747    31.7440     6.5891     70.429    6.96315     6.5818    24.9086   12.50928 4.8095e-02 0.0000e+00
        632 179.493238    0.04382     2.6292    157.750     71.333  50641.346    31.7441     6.5884     70.654    6.96325     6.5811    24.9088   12.50944 4.8102e-02 0.0000e+00
