CTD-processing/allCTD/CNV--turbid/2017_04-18_t6_s25_cast094.cnv
* Sea-Bird SBE19plus Data File:
* FileName = P:\My Documents\kasitsna\Research-KBL\Oceanography-AK\CTD-Data-ALL-to-2017-02\2017-CTD-KachemakBay-CookInlet\2017-04-18-CookInlet-Tran6-Douglas\2017-04-18-CookInlet-Tran6-cast094.hex
* Software Version 1.59
* Temperature SN =  4141
* Conductivity SN =  4141
* System UpLoad Time = Apr 18 2017 23:14:23
** Cook Inlet LTM Transect 6 Douglas east to west
** Date: (YYYY-MM-DD): 2017-04-18
** Station: (eg. 9-01): 6-25
** Start time (AKDT): 21:08
** Depth (m): 170.7
** Comment: R/V Alaska Dreamcatcher
** Comment:
# nquan = 16
# nvalues = 916                         
# units = specified
# name 0 = scan: Scan Count
# name 1 = timeJ: Julian Days
# name 2 = timeH: Time, Elapsed [hours]
# name 3 = timeM: Time, Elapsed [minutes]
# name 4 = timeS: Time, Elapsed [seconds]
# name 5 = prdM: Pressure, Strain Gauge [db]
# name 6 = specc: Specific Conductance [uS/cm]
# name 7 = sal00: Salinity, Practical [PSU]
# name 8 = tv290C: Temperature [ITS-90, deg C]
# name 9 = depSM: Depth [salt water, m], lat = 59.00
# name 10 = oxsolML/L: Oxygen Saturation, Garcia & Gordon [ml/l]
# name 11 = potemp090C: Potential Temperature [ITS-90, deg C]
# name 12 = sigma-é00: Density [sigma-theta, kg/m^3]
# name 13 = n2satML/L: Nitrogen Saturation [ml/l]
# name 14 = par: PAR/Irradiance, Biospherical/Licor
# name 15 = flag:  0.000e+00
# span 0 =          1,        916       
# span 1 = 108.880683, 108.883330       
# span 2 =    0.00000,    0.06354       
# span 3 =     0.0000,     3.8125       
# span 4 =      0.000,    228.750       
# span 5 =     -0.078,    169.686       
# span 6 =    497.565,  52205.657       
# span 7 =     0.2305,    32.4959       
# span 8 =     4.1809,     5.1982       
# span 9 =     -0.077,    168.030       
# span 10 =    7.15887,    9.05509      
# span 11 =     4.1785,     5.1854      
# span 12 =     0.1590,    25.6708      
# span 13 =   12.82302,   16.45121      
# span 14 = 3.6382e-02, 7.7724e+01      
# span 15 = 0.0000e+00, 0.0000e+00      
# interval = seconds: 0.25
# start_time = Apr 18 2017 21:08:11 [Instrument's time stamp, header]
# bad_flag = -9.990e-29
*END*
          1 108.880683    0.00000     0.0000      0.000     -0.064    497.565     0.2305     4.4309     -0.063    9.05509     4.4310     0.1590   16.45121 7.0342e+01 0.0000e+00
          2 108.880686    0.00007     0.0042      0.250     -0.065    512.246     0.2376     4.4310     -0.064    9.05465     4.4311     0.1647   16.45035 7.0431e+01 0.0000e+00
          3 108.880689    0.00014     0.0083      0.500     -0.065    533.704     0.2479     4.4310     -0.065    9.05401     4.4312     0.1730   16.44910 7.1336e+01 0.0000e+00
          4 108.880692    0.00021     0.0125      0.750     -0.067    563.307     0.2622     4.4311     -0.066    9.05313     4.4313     0.1845   16.44739 7.4351e+01 0.0000e+00
          5 108.880694    0.00028     0.0167      1.000     -0.069    599.734     0.2799     4.4312     -0.068    9.05204     4.4314     0.1987   16.44527 7.7724e+01 0.0000e+00
          6 108.880697    0.00035     0.0208      1.250     -0.071    633.320     0.2962     4.4313     -0.070    9.05103     4.4314     0.2118   16.44331 7.7388e+01 0.0000e+00
          7 108.880700    0.00042     0.0250      1.500     -0.073    652.499     0.3055     4.4314     -0.072    9.05045     4.4315     0.2192   16.44218 7.2340e+01 0.0000e+00
          8 108.880703    0.00049     0.0292      1.750     -0.075    656.710     0.3075     4.4314     -0.074    9.05031     4.4315     0.2208   16.44191 6.5166e+01 0.0000e+00
          9 108.880706    0.00056     0.0333      2.000     -0.076    651.039     0.3047     4.4315     -0.076    9.05046     4.4316     0.2186   16.44222 5.8643e+01 0.0000e+00
         10 108.880709    0.00063     0.0375      2.250     -0.077    638.402     0.2986     4.4315     -0.077    9.05082     4.4316     0.2137   16.44293 5.3157e+01 0.0000e+00
         11 108.880712    0.00069     0.0417      2.500     -0.078    621.394     0.2903     4.4316     -0.077    9.05131     4.4317     0.2070   16.44389 4.8278e+01 0.0000e+00
         12 108.880715    0.00076     0.0458      2.750     -0.078    602.784     0.2813     4.4316     -0.077    9.05185     4.4317     0.1998   16.44493 4.4364e+01 0.0000e+00
         13 108.880718    0.00083     0.0500      3.000     -0.077    584.444     0.2724     4.4317     -0.077    9.05238     4.4318     0.1927   16.44597 4.1975e+01 0.0000e+00
         14 108.880720    0.00090     0.0542      3.250     -0.077    567.349     0.2641     4.4317     -0.077    9.05287     4.4318     0.1860   16.44692 4.1318e+01 0.0000e+00
         15 108.880723    0.00097     0.0583      3.500     -0.077    552.019     0.2567     4.4318     -0.077    9.05330     4.4319     0.1801   16.44778 4.1841e+01 0.0000e+00
         16 108.880726    0.00104     0.0625      3.750     -0.077    538.719     0.2503     4.4318     -0.077    9.05367     4.4320     0.1749   16.44851 4.2794e+01 0.0000e+00
         17 108.880729    0.00111     0.0667      4.000     -0.077    527.708     0.2450     4.4319     -0.077    9.05398     4.4320     0.1706   16.44912 4.3432e+01 0.0000e+00
         18 108.880732    0.00118     0.0708      4.250     -0.077    519.063     0.2408     4.4320     -0.077    9.05422     4.4320     0.1673   16.44959 4.3050e+01 0.0000e+00
         19 108.880735    0.00125     0.0750      4.500     -0.077    512.652     0.2377     4.4320     -0.077    9.05440     4.4321     0.1648   16.44994 4.1662e+01 0.0000e+00
         20 108.880738    0.00132     0.0792      4.750     -0.077    508.342     0.2357     4.4320     -0.077    9.05451     4.4322     0.1631   16.45017 4.0030e+01 0.0000e+00
         21 108.880741    0.00139     0.0833      5.000     -0.077    505.903     0.2345     4.4321     -0.077    9.05457     4.4323     0.1622   16.45028 3.8990e+01 0.0000e+00
         22 108.880744    0.00146     0.0875      5.250     -0.077    505.055     0.2341     4.4322     -0.076    9.05458     4.4324     0.1618   16.45029 3.9073e+01 0.0000e+00
         23 108.880747    0.00153     0.0917      5.500     -0.076    505.683     0.2344     4.4323     -0.076    9.05454     4.4324     0.1621   16.45022 4.0425e+01 0.0000e+00
         24 108.880749    0.00160     0.0958      5.750     -0.076    508.001     0.2355     4.4324     -0.076    9.05445     4.4325     0.1630   16.45006 4.2586e+01 0.0000e+00
         25 108.880752    0.00167     0.1000      6.000     -0.076    512.420     0.2377     4.4324     -0.076    9.05430     4.4325     0.1647   16.44977 4.4889e+01 0.0000e+00
         26 108.880755    0.00174     0.1042      6.250     -0.077    518.953     0.2408     4.4325     -0.077    9.05409     4.4326     0.1672   16.44937 4.6784e+01 0.0000e+00
         27 108.880758    0.00181     0.1083      6.500     -0.077    526.940     0.2446     4.4325     -0.077    9.05384     4.4327     0.1703   16.44889 4.7472e+01 0.0000e+00
         28 108.880761    0.00187     0.1125      6.750     -0.077    536.330     0.2492     4.4326     -0.077    9.05355     4.4327     0.1740   16.44833 4.6823e+01 0.0000e+00
         29 108.880764    0.00194     0.1167      7.000     -0.077    547.558     0.2546     4.4327     -0.077    9.05321     4.4327     0.1783   16.44767 4.5900e+01 0.0000e+00
         30 108.880767    0.00201     0.1208      7.250     -0.078    559.282     0.2603     4.4327     -0.077    9.05286     4.4327     0.1829   16.44698 4.5431e+01 0.0000e+00
         31 108.880770    0.00208     0.1250      7.500     -0.078    569.263     0.2652     4.4327     -0.077    9.05256     4.4328     0.1868   16.44640 4.5011e+01 0.0000e+00
         32 108.880773    0.00215     0.1292      7.750     -0.078    576.253     0.2686     4.4327     -0.077    9.05234     4.4328     0.1896   16.44598 4.4186e+01 0.0000e+00
         33 108.880775    0.00222     0.1333      8.000     -0.078    579.524     0.2703     4.4328     -0.077    9.05223     4.4329     0.1909   16.44577 4.3148e+01 0.0000e+00
         34 108.880778    0.00229     0.1375      8.250     -0.078    578.811     0.2701     4.4328     -0.077    9.05224     4.4329     0.1908   16.44578 4.2227e+01 0.0000e+00
         35 108.880781    0.00236     0.1417      8.500     -0.077    575.399     0.2688     4.4329     -0.077    9.05231     4.4330     0.1897   16.44593 4.1708e+01 0.0000e+00
         36 108.880784    0.00243     0.1458      8.750     -0.077    572.273     0.2679     4.4329     -0.077    9.05237     4.4330     0.1890   16.44605 4.1773e+01 0.0000e+00
         37 108.880787    0.00250     0.1500      9.000     -0.077    572.654     0.2690     4.4330     -0.076    9.05232     4.4331     0.1898   16.44595 4.2361e+01 0.0000e+00
         38 108.880790    0.00257     0.1542      9.250     -0.077    579.154     0.2738     4.4330     -0.076    9.05206     4.4333     0.1935   16.44546 4.3341e+01 0.0000e+00
         39 108.880793    0.00264     0.1583      9.500     -0.077    594.885     0.2840     4.4331     -0.076    9.05148     4.4335     0.2016   16.44435 4.4475e+01 0.0000e+00
         40 108.880796    0.00271     0.1625      9.750     -0.077    625.232     0.3031     4.4333     -0.076    9.05040     4.4340     0.2167   16.44226 4.5437e+01 0.0000e+00
         41 108.880799    0.00278     0.1667     10.000     -0.077    679.574     0.3367     4.4335     -0.076    9.04849     4.4347     0.2433   16.43858 4.5871e+01 0.0000e+00
         42 108.880802    0.00285     0.1708     10.250     -0.076    773.527     0.3943     4.4340     -0.076    9.04521     4.4357     0.2890   16.43225 4.5493e+01 0.0000e+00
         43 108.880804    0.00292     0.1750     10.500     -0.075    932.947     0.4917     4.4347     -0.075    9.03967     4.4375     0.3663   16.42156 4.4199e+01 0.0000e+00
         44 108.880807    0.00299     0.1792     10.750     -0.073   1201.031     0.6552     4.4357     -0.073    9.03038     4.4404     0.4959   16.40362 4.2502e+01 0.0000e+00
         45 108.880810    0.00306     0.1833     11.000     -0.070   1649.681     0.9286     4.4375     -0.070    9.01485     4.4452     0.7126   16.37363 4.1403e+01 0.0000e+00
         46 108.880813    0.00313     0.1875     11.250     -0.066   2398.058     1.3845     4.4404     -0.066    8.98895     4.4532     1.0741   16.32361 4.1168e+01 0.0000e+00
         47 108.880816    0.00319     0.1917     11.500     -0.058   3644.491     2.1439     4.4452     -0.058    8.94582     4.4666     1.6763   16.24031 4.1152e+01 0.0000e+00
         48 108.880819    0.00326     0.1958     11.750     -0.046   5720.341     3.4088     4.4532     -0.046    8.87396     4.4888     2.6793   16.10157 4.0438e+01 0.0000e+00
         49 108.880822    0.00333     0.2000     12.000     -0.026   9179.046     5.5166     4.4666     -0.026    8.75424     4.5257     4.3507   15.87039 3.9090e+01 0.0000e+00
         50 108.880825    0.00340     0.2042     12.250      0.008  14944.175     9.0298     4.4888      0.008    8.55470     4.5816     7.1365   15.48507 3.8020e+01 0.0000e+00
         51 108.880828    0.00347     0.2083     12.500      0.060  23386.395    14.2233     4.5257      0.059    8.26102     4.6520    11.2529   14.91853 3.7472e+01 0.0000e+00
         52 108.880830    0.00354     0.2125     12.750      0.126  32629.923    20.0045     4.5816      0.125    7.93555     4.7249    15.8315   14.29218 3.7243e+01 0.0000e+00
         53 108.880833    0.00361     0.2167     13.000      0.195  39964.597    24.6573     4.6520      0.193    7.67216     4.7905    19.5130   13.78705 3.7338e+01 0.0000e+00
         54 108.880836    0.00368     0.2208     13.250      0.260  44664.002    27.6589     4.7249      0.257    7.49833     4.8440    21.8851   13.45513 3.7656e+01 0.0000e+00
         55 108.880839    0.00375     0.2250     13.500      0.322  47481.068    29.4630     4.7905      0.319    7.39010     4.8846    23.3084   13.24943 3.7402e+01 0.0000e+00
         56 108.880842    0.00382     0.2292     13.750      0.385  49147.456    30.5321     4.8440      0.381    7.32335     4.9139    24.1504   13.12321 3.5268e+01 0.0000e+00
         57 108.880845    0.00389     0.2333     14.000      0.449  50131.859    31.1649     4.8846      0.445    7.28225     4.9343    24.6477   13.04584 3.1014e+01 0.0000e+00
         58 108.880848    0.00396     0.2375     14.250      0.516  50712.922    31.5390     4.9139      0.512    7.25700     4.9481    24.9412   12.99853 2.6318e+01 0.0000e+00
         59 108.880851    0.00403     0.2417     14.500      0.584  51055.015    31.7596     4.9343      0.579    7.24155     4.9574    25.1140   12.96970 2.2942e+01 0.0000e+00
         60 108.880854    0.00410     0.2458     14.750      0.649  51255.694    31.8892     4.9482      0.643    7.23214     4.9636    25.2152   12.95219 2.1134e+01 0.0000e+00
         61 108.880856    0.00417     0.2500     15.000      0.708  51373.797    31.9655     4.9575      0.702    7.22639     4.9679    25.2747   12.94155 2.0286e+01 0.0000e+00
         62 108.880859    0.00424     0.2542     15.250      0.763  51444.836    32.0116     4.9637      0.756    7.22282     4.9712    25.3106   12.93495 1.9902e+01 0.0000e+00
         63 108.880862    0.00431     0.2583     15.500      0.817  51489.366    32.0406     4.9680      0.809    7.22050     4.9741    25.3331   12.93069 2.0085e+01 0.0000e+00
         64 108.880865    0.00438     0.2625     15.750      0.877  51517.739    32.0593     4.9713      0.869    7.21893     4.9766    25.3476   12.92782 2.0681e+01 0.0000e+00
         65 108.880868    0.00444     0.2667     16.000      0.947  51534.844    32.0708     4.9741      0.939    7.21784     4.9790    25.3564   12.92583 2.0539e+01 0.0000e+00
         66 108.880871    0.00451     0.2708     16.250      1.028  51544.019    32.0771     4.9767      1.019    7.21705     4.9809    25.3611   12.92444 1.9583e+01 0.0000e+00
         67 108.880874    0.00458     0.2750     16.500      1.118  51548.087    32.0800     4.9791      1.108    7.21648     4.9824    25.3632   12.92345 1.8813e+01 0.0000e+00
         68 108.880877    0.00465     0.2792     16.750      1.210  51549.151    32.0810     4.9810      1.199    7.21608     4.9835    25.3637   12.92278 1.8246e+01 0.0000e+00
         69 108.880880    0.00472     0.2833     17.000      1.298  51548.675    32.0808     4.9825      1.286    7.21582     4.9841    25.3634   12.92234 1.7418e+01 0.0000e+00
         70 108.880883    0.00479     0.2875     17.250      1.372  51547.696    32.0803     4.9836      1.360    7.21566     4.9844    25.3629   12.92209 1.6395e+01 0.0000e+00
         71 108.880885    0.00486     0.2917     17.500      1.427  51547.252    32.0800     4.9842      1.414    7.21557     4.9847    25.3626   12.92194 1.5538e+01 0.0000e+00
         72 108.880888    0.00493     0.2958     17.750      1.458  51548.285    32.0808     4.9845      1.444    7.21547     4.9852    25.3632   12.92177 1.5004e+01 0.0000e+00
         73 108.880891    0.00500     0.3000     18.000      1.467  51550.415    32.0823     4.9848      1.453    7.21535     4.9857    25.3644   12.92154 1.4837e+01 0.0000e+00
         74 108.880894    0.00507     0.3042     18.250      1.460  51552.267    32.0836     4.9852      1.446    7.21521     4.9863    25.3654   12.92129 1.5125e+01 0.0000e+00
         75 108.880897    0.00514     0.3083     18.500      1.443  51553.040    32.0843     4.9858      1.429    7.21508     4.9869    25.3658   12.92107 1.5846e+01 0.0000e+00
         76 108.880900    0.00521     0.3125     18.750      1.417  51552.830    32.0843     4.9864      1.403    7.21497     4.9875    25.3658   12.92089 1.6909e+01 0.0000e+00
         77 108.880903    0.00528     0.3167     19.000      1.384  51552.083    32.0839     4.9870      1.371    7.21488     4.9879    25.3654   12.92075 1.8053e+01 0.0000e+00
         78 108.880906    0.00535     0.3208     19.250      1.349  51551.251    32.0835     4.9875      1.336    7.21481     4.9882    25.3650   12.92064 1.8720e+01 0.0000e+00
         79 108.880909    0.00542     0.3250     19.500      1.313  51550.661    32.0832     4.9879      1.301    7.21476     4.9886    25.3647   12.92056 1.8603e+01 0.0000e+00
         80 108.880911    0.00549     0.3292     19.750      1.282  51550.418    32.0831     4.9883      1.269    7.21471     4.9890    25.3646   12.92047 1.8032e+01 0.0000e+00
         81 108.880914    0.00556     0.3333     20.000      1.258  51550.415    32.0832     4.9886      1.246    7.21464     4.9894    25.3647   12.92037 1.7415e+01 0.0000e+00
         82 108.880917    0.00562     0.3375     20.250      1.244  51550.439    32.0833     4.9890      1.232    7.21457     4.9900    25.3647   12.92024 1.6971e+01 0.0000e+00
         83 108.880920    0.00569     0.3417     20.500      1.243  51550.351    32.0833     4.9895      1.231    7.21448     4.9906    25.3647   12.92010 1.6861e+01 0.0000e+00
         84 108.880923    0.00576     0.3458     20.750      1.250  51550.135    32.0833     4.9901      1.238    7.21439     4.9911    25.3646   12.91994 1.7076e+01 0.0000e+00
         85 108.880926    0.00583     0.3500     21.000      1.264  51549.851    32.0832     4.9907      1.253    7.21429     4.9915    25.3645   12.91979 1.7373e+01 0.0000e+00
         86 108.880929    0.00590     0.3542     21.250      1.283  51549.530    32.0831     4.9912      1.271    7.21420     4.9919    25.3643   12.91964 1.7374e+01 0.0000e+00
         87 108.880932    0.00597     0.3583     21.500      1.305  51549.118    32.0829     4.9916      1.293    7.21413     4.9920    25.3641   12.91953 1.6991e+01 0.0000e+00
         88 108.880935    0.00604     0.3625     21.750      1.329  51548.568    32.0826     4.9920      1.316    7.21409     4.9920    25.3638   12.91947 1.6679e+01 0.0000e+00
         89 108.880938    0.00611     0.3667     22.000      1.350  51547.924    32.0822     4.9921      1.337    7.21408     4.9917    25.3635   12.91946 1.6684e+01 0.0000e+00
         90 108.880940    0.00618     0.3708     22.250      1.366  51547.286    32.0817     4.9921      1.353    7.21412     4.9912    25.3631   12.91952 1.6661e+01 0.0000e+00
