CTD-processing/allCTD/CNV--turbid/2017_10-20_alongbay_skb12_cast075.cnv
* Sea-Bird SBE19plus Data File:
* FileName = C:\Users\Kim.Powell\Desktop\Not Processed\2017\2017_10-20_AlongBay\2017_10-20_AlongBay_STATION_cast075.hex
* Software Version 1.59
* Temperature SN =  4141
* Conductivity SN =  4141
* System UpLoad Time = Oct 20 2017 16:06:55
** 2017_10-20
** Station: KB12
** Start Time: 13:50
** Depth (m): 78.6
** Comment: Edgecumbe
** Comment:
# nquan = 16
# nvalues = 607                         
# units = specified
# name 0 = scan: Scan Count
# name 1 = timeJ: Julian Days
# name 2 = timeH: Time, Elapsed [hours]
# name 3 = timeM: Time, Elapsed [minutes]
# name 4 = timeS: Time, Elapsed [seconds]
# name 5 = prdM: Pressure, Strain Gauge [db]
# name 6 = specc: Specific Conductance [uS/cm]
# name 7 = sal00: Salinity, Practical [PSU]
# name 8 = tv290C: Temperature [ITS-90, deg C]
# name 9 = depSM: Depth [salt water, m], lat = 59.00
# name 10 = oxsolML/L: Oxygen Saturation, Garcia & Gordon [ml/l]
# name 11 = potemp090C: Potential Temperature [ITS-90, deg C]
# name 12 = sigma-é00: Density [sigma-theta, kg/m^3]
# name 13 = n2satML/L: Nitrogen Saturation [ml/l]
# name 14 = par: PAR/Irradiance, Biospherical/Licor
# name 15 = flag:  0.000e+00
# span 0 =          1,        607       
# span 1 = 293.576887, 293.578640       
# span 2 =    0.00000,    0.04208       
# span 3 =     0.0000,     2.5250       
# span 4 =      0.000,    151.500       
# span 5 =     -0.237,     76.194       
# span 6 =   4510.999,  49591.171       
# span 7 =     2.3012,    31.2753       
# span 8 =     2.5104,    10.0177       
# span 9 =     -0.235,     75.468       
# span 10 =    6.48345,    9.39655      
# span 11 =     2.5181,    10.0156      
# span 12 =     1.8141,    24.3526      
# span 13 =   11.72670,   16.98868      
# span 14 = 3.6382e-02, 8.9055e+02      
# span 15 = 0.0000e+00, 0.0000e+00      
# interval = seconds: 0.25
# start_time = Oct 20 2017 13:50:43 [Instrument's time stamp, header]
# bad_flag = -9.990e-29
*END*
[from data line 91]
         92 293.577150    0.00632     0.3792     22.750      0.950  47099.657    29.7327     9.3308      0.941    6.62890     9.2735    22.9469   11.98103 3.5107e+02 0.0000e+00
         93 293.577153    0.00639     0.3833     23.000      0.952  47042.001    29.6892     9.3060      0.943    6.63443     9.2260    22.9167   11.99074 3.4546e+02 0.0000e+00
         94 293.577156    0.00646     0.3875     23.250      0.953  47006.385    29.6600     9.2736      0.944    6.64049     9.1564    22.8988   12.00112 3.5917e+02 0.0000e+00
         95 293.577159    0.00653     0.3917     23.500      0.952  47004.209    29.6523     9.2261      0.943    6.64786     9.0650    22.8999   12.01344 3.8408e+02 0.0000e+00
         96 293.577161    0.00660     0.3958     23.750      0.952  47049.842    29.6750     9.1565      0.943    6.65723     8.9618    22.9281   12.02869 4.0498e+02 0.0000e+00
         97 293.577164    0.00667     0.4000     24.000      0.953  47145.965    29.7301     9.0651      0.944    6.66847     8.8592    22.9848   12.04663 4.1303e+02 0.0000e+00
         98 293.577167    0.00674     0.4042     24.250      0.955  47277.214    29.8079     8.9619      0.946    6.68051     8.7653    23.0611   12.06563 4.0312e+02 0.0000e+00
         99 293.577170    0.00681     0.4083     24.500      0.958  47421.481    29.8948     8.8593      0.949    6.69211     8.6844    23.1443   12.08378 3.8510e+02 0.0000e+00
        100 293.577173    0.00688     0.4125     24.750      0.961  47560.511    29.9791     8.7654      0.952    6.70253     8.6185    23.2240   12.10000 3.6729e+02 0.0000e+00
        101 293.577176    0.00694     0.4167     25.000      0.963  47682.332    30.0531     8.6845      0.954    6.71148     8.5676    23.2938   12.11393 3.5583e+02 0.0000e+00
        102 293.577179    0.00701     0.4208     25.250      0.964  47781.525    30.1132     8.6186      0.955    6.71880     8.5276    23.3505   12.12531 3.5439e+02 0.0000e+00
        103 293.577182    0.00708     0.4250     25.500      0.964  47859.619    30.1606     8.5677      0.955    6.72441     8.4921    23.3950   12.13402 3.5235e+02 0.0000e+00
        104 293.577185    0.00715     0.4292     25.750      0.964  47922.683    30.1990     8.5277      0.955    6.72877     8.4582    23.4309   12.14077 3.4790e+02 0.0000e+00
        105 293.577187    0.00722     0.4333     26.000      0.965  47977.029    30.2319     8.4922      0.956    6.73271     8.4270    23.4618   12.14689 3.4968e+02 0.0000e+00
        106 293.577190    0.00729     0.4375     26.250      0.971  48024.846    30.2604     8.4582      0.962    6.73661     8.3998    23.4891   12.15299 3.5687e+02 0.0000e+00
        107 293.577193    0.00736     0.4417     26.500      0.979  48066.827    30.2852     8.4270      0.970    6.74026     8.3764    23.5130   12.15873 3.6501e+02 0.0000e+00
        108 293.577196    0.00743     0.4458     26.750      0.990  48105.411    30.3083     8.3999      0.980    6.74338     8.3556    23.5349   12.16362 3.6992e+02 0.0000e+00
        109 293.577199    0.00750     0.4500     27.000      0.999  48144.607    30.3322     8.3765      0.989    6.74589     8.3385    23.5570   12.16748 3.7599e+02 0.0000e+00
        110 293.577202    0.00757     0.4542     27.250      1.005  48186.033    30.3581     8.3557      0.995    6.74792     8.3288    23.5803   12.17052 3.8815e+02 0.0000e+00
        111 293.577205    0.00764     0.4583     27.500      1.007  48220.662    30.3798     8.3386      0.998    6.74958     8.3273    23.5998   12.17300 3.9718e+02 0.0000e+00
        112 293.577208    0.00771     0.4625     27.750      1.008  48237.324    30.3900     8.3289      0.998    6.75061     8.3293    23.6092   12.17458 4.0688e+02 0.0000e+00
        113 293.577211    0.00778     0.4667     28.000      1.007  48236.208    30.3890     8.3274      0.998    6.75088     8.3305    23.6086   12.17504 4.1614e+02 0.0000e+00
        114 293.577214    0.00785     0.4708     28.250      1.008  48225.677    30.3820     8.3294      0.998    6.75088     8.3302    23.6028   12.17512 4.1444e+02 0.0000e+00
        115 293.577216    0.00792     0.4750     28.500      1.009  48213.170    30.3734     8.3306      0.999    6.75107     8.3293    23.5959   12.17555 4.1592e+02 0.0000e+00
        116 293.577219    0.00799     0.4792     28.750      1.010  48201.371    30.3651     8.3303      1.001    6.75147     8.3275    23.5895   12.17631 4.2001e+02 0.0000e+00
        117 293.577222    0.00806     0.4833     29.000      1.011  48190.739    30.3576     8.3294      1.002    6.75195     8.3232    23.5837   12.17719 4.1236e+02 0.0000e+00
        118 293.577225    0.00813     0.4875     29.250      1.012  48181.615    30.3510     8.3276      1.003    6.75252     8.3145    23.5788   12.17822 4.0780e+02 0.0000e+00
        119 293.577228    0.00819     0.4917     29.500      1.011  48174.990    30.3457     8.3233      1.002    6.75340     8.3010    23.5753   12.17976 4.1524e+02 0.0000e+00
        120 293.577231    0.00826     0.4958     29.750      1.009  48173.167    30.3432     8.3146      1.000    6.75484     8.2837    23.5745   12.18217 4.2018e+02 0.0000e+00
        121 293.577234    0.00833     0.5000     30.000      1.006  48178.050    30.3446     8.3011      0.997    6.75684     8.2644    23.5776   12.18546 4.1455e+02 0.0000e+00
        122 293.577237    0.00840     0.5042     30.250      1.004  48189.185    30.3498     8.2838      0.995    6.75925     8.2447    23.5841   12.18938 4.1157e+02 0.0000e+00
        123 293.577240    0.00847     0.5083     30.500      1.002  48203.807    30.3572     8.2645      0.993    6.76189     8.2262    23.5927   12.19366 4.1313e+02 0.0000e+00
        124 293.577242    0.00854     0.5125     30.750      1.000  48217.976    30.3642     8.2448      0.991    6.76460     8.2096    23.6009   12.19806 4.0500e+02 0.0000e+00
        125 293.577245    0.00861     0.5167     31.000      1.000  48228.710    30.3689     8.2263      0.991    6.76722     8.1941    23.6073   12.20233 4.1229e+02 0.0000e+00
        126 293.577248    0.00868     0.5208     31.250      0.999  48236.006    30.3716     8.2097      0.990    6.76964     8.1778    23.6117   12.20632 4.2502e+02 0.0000e+00
        127 293.577251    0.00875     0.5250     31.500      0.999  48243.397    30.3744     8.1942      0.989    6.77190     8.1591    23.6161   12.21002 3.9916e+02 0.0000e+00
        128 293.577254    0.00882     0.5292     31.750      0.997  48255.748    30.3806     8.1779      0.988    6.77413     8.1391    23.6233   12.21363 3.5787e+02 0.0000e+00
        129 293.577257    0.00889     0.5333     32.000      0.996  48274.950    30.3912     8.1592      0.987    6.77652     8.1206    23.6342   12.21746 3.3067e+02 0.0000e+00
        130 293.577260    0.00896     0.5375     32.250      0.995  48298.183    30.4044     8.1392      0.986    6.77902     8.1058    23.6474   12.22143 3.1602e+02 0.0000e+00
        131 293.577263    0.00903     0.5417     32.500      0.995  48320.329    30.4171     8.1207      0.986    6.78130     8.0944    23.6600   12.22505 3.0852e+02 0.0000e+00
        132 293.577266    0.00910     0.5458     32.750      0.995  48337.572    30.4269     8.1059      0.985    6.78315     8.0851    23.6698   12.22798 3.0809e+02 0.0000e+00
        133 293.577269    0.00917     0.5500     33.000      0.993  48348.985    30.4332     8.0945      0.984    6.78461     8.0765    23.6763   12.23033 3.1479e+02 0.0000e+00
        134 293.577271    0.00924     0.5542     33.250      0.991  48355.840    30.4366     8.0852      0.982    6.78589     8.0677    23.6802   12.23241 3.2487e+02 0.0000e+00
        135 293.577274    0.00931     0.5583     33.500      0.990  48360.162    30.4383     8.0766      0.981    6.78716     8.0593    23.6828   12.23448 3.2760e+02 0.0000e+00
        136 293.577277    0.00937     0.5625     33.750      0.990  48363.337    30.4392     8.0678      0.981    6.78846     8.0520    23.6847   12.23663 3.1331e+02 0.0000e+00
        137 293.577280    0.00944     0.5667     34.000      0.991  48365.517    30.4394     8.0594      0.982    6.78974     8.0456    23.6861   12.23876 2.9764e+02 0.0000e+00
        138 293.577283    0.00951     0.5708     34.250      0.992  48366.281    30.4389     8.0521      0.983    6.79090     8.0390    23.6867   12.24068 2.9490e+02 0.0000e+00
        139 293.577286    0.00958     0.5750     34.500      0.993  48366.050    30.4378     8.0457      0.984    6.79194     8.0310    23.6867   12.24241 2.9799e+02 0.0000e+00
        140 293.577289    0.00965     0.5792     34.750      0.994  48366.394    30.4370     8.0390      0.985    6.79299     8.0216    23.6870   12.24416 3.0042e+02 0.0000e+00
        141 293.577292    0.00972     0.5833     35.000      0.993  48368.448    30.4372     8.0311      0.984    6.79421     8.0115    23.6883   12.24618 3.0528e+02 0.0000e+00
        142 293.577295    0.00979     0.5875     35.250      0.992  48371.587    30.4380     8.0217      0.983    6.79562     8.0010    23.6902   12.24851 3.0970e+02 0.0000e+00
        143 293.577297    0.00986     0.5917     35.500      0.992  48374.806    30.4387     8.0116      0.983    6.79715     7.9898    23.6922   12.25103 3.0852e+02 0.0000e+00
        144 293.577300    0.00993     0.5958     35.750      0.993  48378.523    30.4397     8.0011      0.984    6.79873     7.9778    23.6945   12.25363 3.0631e+02 0.0000e+00
        145 293.577303    0.01000     0.6000     36.000      0.995  48383.728    30.4416     7.9899      0.985    6.80037     7.9652    23.6975   12.25632 3.0616e+02 0.0000e+00
        146 293.577306    0.01007     0.6042     36.250      0.996  48390.594    30.4446     7.9779      0.987    6.80209     7.9523    23.7015   12.25913 3.1473e+02 0.0000e+00
        147 293.577309    0.01014     0.6083     36.500      0.996  48398.250    30.4480     7.9653      0.986    6.80390     7.9390    23.7059   12.26208 3.3325e+02 0.0000e+00
        148 293.577312    0.01021     0.6125     36.750      0.993  48405.725    30.4512     7.9524      0.984    6.80576     7.9250    23.7103   12.26511 3.5732e+02 0.0000e+00
        149 293.577315    0.01028     0.6167     37.000      0.990  48413.166    30.4544     7.9390      0.981    6.80768     7.9104    23.7146   12.26826 3.9366e+02 0.0000e+00
        150 293.577318    0.01035     0.6208     37.250      0.987  48421.309    30.4579     7.9250      0.978    6.80970     7.8955    23.7193   12.27155 4.2071e+02 0.0000e+00
        151 293.577321    0.01042     0.6250     37.500      0.985  48430.341    30.4620     7.9104      0.976    6.81178     7.8808    23.7245   12.27495 4.0879e+02 0.0000e+00
        152 293.577323    0.01049     0.6292     37.750      0.983  48439.850    30.4663     7.8955      0.974    6.81389     7.8667    23.7300   12.27839 3.7916e+02 0.0000e+00
        153 293.577326    0.01056     0.6333     38.000      0.983  48449.091    30.4705     7.8808      0.974    6.81599     7.8534    23.7353   12.28181 3.6886e+02 0.0000e+00
        154 293.577329    0.01063     0.6375     38.250      0.983  48457.040    30.4739     7.8668      0.974    6.81802     7.8406    23.7399   12.28513 3.7129e+02 0.0000e+00
        155 293.577332    0.01069     0.6417     38.500      0.984  48462.991    30.4760     7.8534      0.975    6.82000     7.8280    23.7434   12.28838 3.6112e+02 0.0000e+00
        156 293.577335    0.01076     0.6458     38.750      0.986  48467.250    30.4770     7.8406      0.977    6.82194     7.8154    23.7459   12.29158 3.4840e+02 0.0000e+00
        157 293.577338    0.01083     0.6500     39.000      0.987  48470.626    30.4774     7.8281      0.978    6.82388     7.8021    23.7480   12.29478 3.4403e+02 0.0000e+00
        158 293.577341    0.01090     0.6542     39.250      0.988  48474.067    30.4778     7.8154      0.979    6.82583     7.7879    23.7501   12.29800 3.3897e+02 0.0000e+00
        159 293.577344    0.01097     0.6583     39.500      0.987  48478.873    30.4791     7.8022      0.978    6.82782     7.7726    23.7529   12.30129 3.2795e+02 0.0000e+00
        160 293.577347    0.01104     0.6625     39.750      0.987  48486.196    30.4820     7.7880      0.978    6.82992     7.7570    23.7571   12.30472 3.1464e+02 0.0000e+00
        161 293.577350    0.01111     0.6667     40.000      0.987  48496.178    30.4865     7.7727      0.978    6.83209     7.7418    23.7628   12.30826 3.0391e+02 0.0000e+00
        162 293.577352    0.01118     0.6708     40.250      0.987  48507.925    30.4923     7.7571      0.978    6.83427     7.7276    23.7694   12.31179 2.9393e+02 0.0000e+00
        163 293.577355    0.01125     0.6750     40.500      0.987  48520.123    30.4984     7.7419      0.977    6.83637     7.7148    23.7763   12.31520 2.8778e+02 0.0000e+00
        164 293.577358    0.01132     0.6792     40.750      0.986  48531.475    30.5041     7.7277      0.977    6.83834     7.7037    23.7827   12.31838 2.9130e+02 0.0000e+00
        165 293.577361    0.01139     0.6833     41.000      0.986  48540.970    30.5087     7.7149      0.976    6.84013     7.6940    23.7881   12.32128 3.0301e+02 0.0000e+00
        166 293.577364    0.01146     0.6875     41.250      0.986  48548.113    30.5119     7.7038      0.977    6.84172     7.6854    23.7921   12.32388 3.1354e+02 0.0000e+00
        167 293.577367    0.01153     0.6917     41.500      0.986  48553.000    30.5138     7.6941      0.977    6.84315     7.6775    23.7949   12.32622 3.2118e+02 0.0000e+00
        168 293.577370    0.01160     0.6958     41.750      0.987  48556.023    30.5145     7.6855      0.978    6.84446     7.6698    23.7967   12.32838 3.3245e+02 0.0000e+00
        169 293.577373    0.01167     0.7000     42.000      0.987  48557.714    30.5145     7.6776      0.978    6.84570     7.6621    23.7977   12.33044 3.4668e+02 0.0000e+00
        170 293.577376    0.01174     0.7042     42.250      0.986  48558.833    30.5141     7.6699      0.977    6.84692     7.6543    23.7985   12.33246 3.5973e+02 0.0000e+00
        171 293.577378    0.01181     0.7083     42.500      0.984  48560.206    30.5138     7.6622      0.975    6.84813     7.6463    23.7993   12.33447 3.7196e+02 0.0000e+00
        172 293.577381    0.01188     0.7125     42.750      0.984  48562.416    30.5141     7.6544      0.975    6.84935     7.6386    23.8006   12.33648 3.9265e+02 0.0000e+00
        173 293.577384    0.01194     0.7167     43.000      0.984  48565.565    30.5150     7.6464      0.975    6.85055     7.6311    23.8024   12.33845 4.0509e+02 0.0000e+00
        174 293.577387    0.01201     0.7208     43.250      0.984  48569.335    30.5164     7.6387      0.975    6.85170     7.6239    23.8046   12.34034 3.9063e+02 0.0000e+00
        175 293.577390    0.01208     0.7250     43.500      0.985  48573.388    30.5181     7.6312      0.976    6.85280     7.6168    23.8069   12.34214 3.8077e+02 0.0000e+00
        176 293.577393    0.01215     0.7292     43.750      0.985  48577.589    30.5198     7.6240      0.976    6.85385     7.6098    23.8092   12.34386 3.8426e+02 0.0000e+00
        177 293.577396    0.01222     0.7333     44.000      0.985  48581.985    30.5218     7.6169      0.976    6.85488     7.6028    23.8117   12.34553 3.7780e+02 0.0000e+00
        178 293.577399    0.01229     0.7375     44.250      0.985  48586.710    30.5239     7.6099      0.975    6.85588     7.5959    23.8144   12.34716 3.7344e+02 0.0000e+00
        179 293.577402    0.01236     0.7417     44.500      0.985  48591.841    30.5264     7.6029      0.975    6.85686     7.5892    23.8172   12.34876 3.8351e+02 0.0000e+00
        180 293.577405    0.01243     0.7458     44.750      0.986  48597.324    30.5291     7.5960      0.976    6.85782     7.5828    23.8203   12.35031 4.0347e+02 0.0000e+00
