CTD-processing/allCTD/CNV--turbid/2017_05-30_alongbay_skb10_cast177.cnv
* Sea-Bird SBE19plus Data File:
* FileName = C:\Users\jwschloemer\Documents\CTD Data\2017_05_30_alongbay\2017_05_30_AlongBay_cast177.hex
* Software Version 1.59
* Temperature SN =  4141
* Conductivity SN =  4141
* System UpLoad Time = Jun 22 2017 13:49:51
** Cook Inlet LTM Kbay Along Bay
** Date: 2017-05-30
** Station:KB10
** Start Time (AKST):14:40
** Depth (m):59
** Comment: R/V Edgecumbe
# nquan = 16
# nvalues = 576                         
# units = specified
# name 0 = scan: Scan Count
# name 1 = timeJ: Julian Days
# name 2 = timeH: Time, Elapsed [hours]
# name 3 = timeM: Time, Elapsed [minutes]
# name 4 = timeS: Time, Elapsed [seconds]
# name 5 = prdM: Pressure, Strain Gauge [db]
# name 6 = specc: Specific Conductance [uS/cm]
# name 7 = sal00: Salinity, Practical [PSU]
# name 8 = tv290C: Temperature [ITS-90, deg C]
# name 9 = depSM: Depth [salt water, m], lat = 59.00
# name 10 = oxsolML/L: Oxygen Saturation, Garcia & Gordon [ml/l]
# name 11 = potemp090C: Potential Temperature [ITS-90, deg C]
# name 12 = sigma-é00: Density [sigma-theta, kg/m^3]
# name 13 = n2satML/L: Nitrogen Saturation [ml/l]
# name 14 = par: PAR/Irradiance, Biospherical/Licor
# name 15 = flag:  0.000e+00
# span 0 =          1,        576       
# span 1 = 150.611944, 150.613608       
# span 2 =    0.00000,    0.03993       
# span 3 =     0.0000,     2.3958       
# span 4 =      0.000,    143.750       
# span 5 =      0.007,     56.152       
# span 6 =   2136.646,  51161.176       
# span 7 =     1.0812,    31.7767       
# span 8 =     4.9357,     8.6280       
# span 9 =      0.007,     55.619       
# span 10 =    6.72884,    8.10499      
# span 11 =     4.9317,     8.6273      
# span 12 =     0.6634,    25.1280      
# span 13 =   12.14112,   14.83968      
# span 14 = 4.2905e-02, 2.1272e+03      
# span 15 = 0.0000e+00, 0.0000e+00      
# interval = seconds: 0.25
# start_time = May 30 2017 14:41:12 [Instrument's time stamp, header]
# bad_flag = -9.990e-29
*END*
[from data line 362]
        363 150.612992    0.02514     1.5083     90.500     12.618  50209.647    31.4218     6.3170     12.500    7.02239     6.3032    24.6880   12.61124 1.8989e+01 0.0000e+00
        364 150.612995    0.02521     1.5125     90.750     12.827  50218.543    31.4266     6.3105     12.706    7.02323     6.2968    24.6926   12.61258 1.8128e+01 0.0000e+00
        365 150.612998    0.02528     1.5167     91.000     13.019  50226.598    31.4310     6.3043     12.897    7.02406     6.2900    24.6968   12.61389 1.7369e+01 0.0000e+00
        366 150.613001    0.02535     1.5208     91.250     13.196  50234.175    31.4349     6.2979     13.071    7.02492     6.2825    24.7007   12.61526 1.6687e+01 0.0000e+00
        367 150.613003    0.02542     1.5250     91.500     13.363  50241.212    31.4384     6.2911     13.237    7.02587     6.2734    24.7043   12.61678 1.6033e+01 0.0000e+00
        368 150.613006    0.02549     1.5292     91.750     13.534  50247.541    31.4413     6.2836     13.406    7.02697     6.2619    24.7075   12.61857 1.5358e+01 0.0000e+00
        369 150.613009    0.02556     1.5333     92.000     13.722  50254.343    31.4442     6.2745     13.593    7.02834     6.2480    24.7109   12.62079 1.4639e+01 0.0000e+00
        370 150.613012    0.02562     1.5375     92.250     13.934  50263.238    31.4481     6.2630     13.803    7.03004     6.2322    24.7153   12.62355 1.3891e+01 0.0000e+00
        371 150.613015    0.02569     1.5417     92.500     14.165  50275.610    31.4540     6.2491     14.031    7.03205     6.2161    24.7216   12.62680 1.3155e+01 0.0000e+00
        372 150.613018    0.02576     1.5458     92.750     14.398  50292.651    31.4627     6.2334     14.263    7.03424     6.2016    24.7304   12.63031 1.2482e+01 0.0000e+00
        373 150.613021    0.02583     1.5500     93.000     14.618  50312.998    31.4736     6.2173     14.481    7.03638     6.1899    24.7410   12.63371 1.1902e+01 0.0000e+00
        374 150.613024    0.02590     1.5542     93.250     14.817  50333.385    31.4849     6.2028     14.677    7.03825     6.1810    24.7517   12.63664 1.1413e+01 0.0000e+00
        375 150.613027    0.02597     1.5583     93.500     14.993  50350.895    31.4947     6.1911     14.852    7.03972     6.1745    24.7609   12.63896 1.0989e+01 0.0000e+00
        376 150.613030    0.02604     1.5625     93.750     15.158  50364.372    31.5023     6.1822     15.016    7.04083     6.1696    24.7679   12.64068 1.0587e+01 0.0000e+00
        377 150.613032    0.02611     1.5667     94.000     15.327  50374.329    31.5078     6.1758     15.183    7.04163     6.1652    24.7731   12.64195 1.0170e+01 0.0000e+00
        378 150.613035    0.02618     1.5708     94.250     15.514  50381.561    31.5118     6.1708     15.369    7.04226     6.1602    24.7768   12.64293 9.7226e+00 0.0000e+00
        379 150.613038    0.02625     1.5750     94.500     15.724  50386.655    31.5144     6.1665     15.576    7.04286     6.1537    24.7794   12.64389 9.2553e+00 0.0000e+00
        380 150.613041    0.02632     1.5792     94.750     15.947  50390.370    31.5159     6.1615     15.798    7.04361     6.1451    24.7812   12.64511 8.7946e+00 0.0000e+00
        381 150.613044    0.02639     1.5833     95.000     16.170  50394.334    31.5173     6.1550     16.019    7.04462     6.1346    24.7831   12.64676 8.3698e+00 0.0000e+00
        382 150.613047    0.02646     1.5875     95.250     16.380  50400.115    31.5195     6.1464     16.226    7.04593     6.1228    24.7859   12.64889 7.9980e+00 0.0000e+00
        383 150.613050    0.02653     1.5917     95.500     16.571  50407.853    31.5228     6.1359     16.415    7.04752     6.1103    24.7898   12.65147 7.6760e+00 0.0000e+00
        384 150.613053    0.02660     1.5958     95.750     16.747  50417.149    31.5269     6.1241     16.589    7.04928     6.0979    24.7944   12.65434 7.3857e+00 0.0000e+00
        385 150.613056    0.02667     1.6000     96.000     16.917  50427.995    31.5319     6.1116     16.759    7.05112     6.0865    24.7999   12.65731 7.1069e+00 0.0000e+00
        386 150.613058    0.02674     1.6042     96.250     17.094  50439.334    31.5373     6.0993     16.934    7.05290     6.0758    24.8056   12.66019 6.8269e+00 0.0000e+00
        387 150.613061    0.02681     1.6083     96.500     17.283  50449.218    31.5419     6.0878     17.121    7.05458     6.0657    24.8106   12.66292 6.5441e+00 0.0000e+00
        388 150.613064    0.02688     1.6125     96.750     17.483  50456.953    31.5451     6.0772     17.319    7.05619     6.0558    24.8144   12.66553 6.2633e+00 0.0000e+00
        389 150.613067    0.02694     1.6167     97.000     17.690  50463.524    31.5476     6.0671     17.524    7.05775     6.0465    24.8176   12.66808 5.9919e+00 0.0000e+00
        390 150.613070    0.02701     1.6208     97.250     17.898  50470.639    31.5505     6.0572     17.730    7.05925     6.0384    24.8211   12.67051 5.7357e+00 0.0000e+00
        391 150.613073    0.02708     1.6250     97.500     18.099  50479.058    31.5544     6.0479     17.929    7.06060     6.0318    24.8253   12.67271 5.4975e+00 0.0000e+00
        392 150.613076    0.02715     1.6292     97.750     18.293  50487.786    31.5588     6.0398     18.121    7.06175     6.0266    24.8297   12.67454 5.2771e+00 0.0000e+00
        393 150.613079    0.02722     1.6333     98.000     18.480  50495.403    31.5627     6.0332     18.306    7.06265     6.0226    24.8336   12.67599 5.0728e+00 0.0000e+00
        394 150.613082    0.02729     1.6375     98.250     18.662  50501.482    31.5658     6.0281     18.487    7.06335     6.0194    24.8367   12.67711 4.8812e+00 0.0000e+00
        395 150.613084    0.02736     1.6417     98.500     18.844  50506.514    31.5684     6.0241     18.667    7.06389     6.0167    24.8392   12.67797 4.6970e+00 0.0000e+00
        396 150.613087    0.02743     1.6458     98.750     19.030  50511.348    31.5711     6.0209     18.851    7.06431     6.0147    24.8417   12.67861 4.5157e+00 0.0000e+00
        397 150.613090    0.02750     1.6500     99.000     19.223  50516.780    31.5742     6.0183     19.042    7.06460     6.0133    24.8445   12.67905 4.3346e+00 0.0000e+00
        398 150.613093    0.02757     1.6542     99.250     19.423  50523.050    31.5780     6.0162     19.241    7.06476     6.0126    24.8478   12.67927 4.1535e+00 0.0000e+00
        399 150.613096    0.02764     1.6583     99.500     19.628  50529.724    31.5823     6.0148     19.444    7.06479     6.0127    24.8513   12.67927 3.9758e+00 0.0000e+00
        400 150.613099    0.02771     1.6625     99.750     19.833  50535.874    31.5863     6.0142     19.646    7.06470     6.0133    24.8546   12.67907 3.8063e+00 0.0000e+00
        401 150.613102    0.02778     1.6667    100.000     20.032  50540.369    31.5893     6.0143     19.844    7.06454     6.0138    24.8570   12.67877 3.6478e+00 0.0000e+00
        402 150.613105    0.02785     1.6708    100.250     20.225  50542.118    31.5906     6.0149     20.036    7.06438     6.0133    24.8579   12.67850 3.5003e+00 0.0000e+00
        403 150.613108    0.02792     1.6750    100.500     20.415  50540.692    31.5896     6.0154     20.223    7.06435     6.0109    24.8570   12.67846 3.3617e+00 0.0000e+00
        404 150.613111    0.02799     1.6792    100.750     20.604  50536.189    31.5863     6.0149     20.411    7.06459     6.0057    24.8545   12.67889 3.2287e+00 0.0000e+00
        405 150.613113    0.02806     1.6833    101.000     20.797  50529.241    31.5809     6.0125     20.602    7.06523     5.9976    24.8505   12.68002 3.0975e+00 0.0000e+00
        406 150.613116    0.02813     1.6875    101.250     20.996  50522.855    31.5754     6.0074     20.799    7.06634     5.9871    24.8468   12.68192 2.9661e+00 0.0000e+00
        407 150.613119    0.02819     1.6917    101.500     21.202  50520.839    31.5724     5.9993     21.004    7.06783     5.9752    24.8454   12.68442 2.8348e+00 0.0000e+00
        408 150.613122    0.02826     1.6958    101.750     21.414  50524.098    31.5724     5.9887     21.213    7.06958     5.9629    24.8467   12.68731 2.7059e+00 0.0000e+00
        409 150.613125    0.02833     1.7000    102.000     21.627  50531.718    31.5753     5.9768     21.424    7.07142     5.9512    24.8504   12.69032 2.5826e+00 0.0000e+00
        410 150.613128    0.02840     1.7042    102.250     21.839  50542.673    31.5804     5.9646     21.634    7.07323     5.9406    24.8558   12.69323 2.4682e+00 0.0000e+00
        411 150.613131    0.02847     1.7083    102.500     22.044  50555.392    31.5868     5.9529     21.837    7.07487     5.9316    24.8623   12.69587 2.3642e+00 0.0000e+00
        412 150.613134    0.02854     1.7125    102.750     22.241  50568.656    31.5938     5.9423     22.032    7.07630     5.9241    24.8691   12.69814 2.2696e+00 0.0000e+00
        413 150.613137    0.02861     1.7167    103.000     22.432  50581.764    31.6010     5.9333     22.222    7.07747     5.9181    24.8758   12.69998 2.1815e+00 0.0000e+00
        414 150.613139    0.02868     1.7208    103.250     22.621  50594.034    31.6079     5.9258     22.409    7.07838     5.9131    24.8822   12.70140 2.0964e+00 0.0000e+00
        415 150.613142    0.02875     1.7250    103.500     22.814  50605.434    31.6145     5.9199     22.600    7.07907     5.9087    24.8881   12.70245 2.0121e+00 0.0000e+00
        416 150.613145    0.02882     1.7292    103.750     23.014  50616.193    31.6209     5.9149     22.797    7.07959     5.9042    24.8937   12.70324 1.9284e+00 0.0000e+00
        417 150.613148    0.02889     1.7333    104.000     23.218  50626.205    31.6268     5.9105     23.000    7.08005     5.8996    24.8990   12.70392 1.8465e+00 0.0000e+00
        418 150.613151    0.02896     1.7375    104.250     23.425  50635.539    31.6323     5.9060     23.205    7.08053     5.8947    24.9038   12.70464 1.7679e+00 0.0000e+00
        419 150.613154    0.02903     1.7417    104.500     23.632  50644.500    31.6375     5.9014     23.410    7.08106     5.8896    24.9085   12.70545 1.6935e+00 0.0000e+00
        420 150.613157    0.02910     1.7458    104.750     23.837  50653.039    31.6424     5.8966     23.613    7.08164     5.8842    24.9129   12.70635 1.6233e+00 0.0000e+00
        421 150.613160    0.02917     1.7500    105.000     24.042  50660.231    31.6462     5.8915     23.815    7.08230     5.8778    24.9165   12.70739 1.5566e+00 0.0000e+00
        422 150.613163    0.02924     1.7542    105.250     24.247  50665.004    31.6483     5.8861     24.019    7.08312     5.8699    24.9189   12.70870 1.4928e+00 0.0000e+00
        423 150.613166    0.02931     1.7583    105.500     24.454  50667.550    31.6487     5.8797     24.224    7.08416     5.8600    24.9199   12.71043 1.4314e+00 0.0000e+00
        424 150.613168    0.02937     1.7625    105.750     24.663  50668.367    31.6476     5.8718     24.431    7.08553     5.8475    24.9200   12.71271 1.3723e+00 0.0000e+00
        425 150.613171    0.02944     1.7667    106.000     24.872  50667.140    31.6447     5.8619     24.638    7.08733     5.8319    24.9188   12.71571 1.3159e+00 0.0000e+00
        426 150.613174    0.02951     1.7708    106.250     25.080  50664.927    31.6406     5.8494     24.844    7.08961     5.8137    24.9171   12.71953 1.2622e+00 0.0000e+00
        427 150.613177    0.02958     1.7750    106.500     25.288  50664.918    31.6374     5.8339     25.050    7.09235     5.7937    24.9164   12.72410 1.2103e+00 0.0000e+00
        428 150.613180    0.02965     1.7792    106.750     25.497  50669.362    31.6368     5.8157     25.257    7.09543     5.7732    24.9180   12.72920 1.1595e+00 0.0000e+00
        429 150.613183    0.02972     1.7833    107.000     25.710  50678.215    31.6388     5.7957     25.468    7.09867     5.7529    24.9220   12.73453 1.1092e+00 0.0000e+00
        430 150.613186    0.02979     1.7875    107.250     25.925  50690.139    31.6428     5.7752     25.681    7.10191     5.7335    24.9276   12.73984 1.0598e+00 0.0000e+00
        431 150.613189    0.02986     1.7917    107.500     26.141  50703.494    31.6479     5.7550     25.895    7.10507     5.7150    24.9340   12.74498 1.0118e+00 0.0000e+00
        432 150.613192    0.02993     1.7958    107.750     26.353  50717.228    31.6534     5.7355     26.105    7.10807     5.6976    24.9406   12.74988 9.6644e-01 0.0000e+00
        433 150.613194    0.03000     1.8000    108.000     26.561  50731.377    31.6593     5.7170     26.311    7.11090     5.6818    24.9474   12.75446 9.2370e-01 0.0000e+00
        434 150.613197    0.03007     1.8042    108.250     26.765  50746.065    31.6659     5.6997     26.513    7.11349     5.6676    24.9546   12.75867 8.8288e-01 0.0000e+00
        435 150.613200    0.03014     1.8083    108.500     26.969  50760.552    31.6726     5.6839     26.715    7.11584     5.6550    24.9618   12.76245 8.4307e-01 0.0000e+00
        436 150.613203    0.03021     1.8125    108.750     27.177  50773.933    31.6789     5.6698     26.921    7.11792     5.6433    24.9684   12.76582 8.0379e-01 0.0000e+00
        437 150.613206    0.03028     1.8167    109.000     27.391  50785.414    31.6841     5.6571     27.133    7.11980     5.6319    24.9740   12.76886 7.6531e-01 0.0000e+00
        438 150.613209    0.03035     1.8208    109.250     27.610  50794.625    31.6880     5.6454     27.350    7.12159     5.6202    24.9784   12.77175 7.2827e-01 0.0000e+00
        439 150.613212    0.03042     1.8250    109.500     27.829  50801.830    31.6906     5.6341     27.567    7.12338     5.6081    24.9818   12.77468 6.9340e-01 0.0000e+00
        440 150.613215    0.03049     1.8292    109.750     28.044  50808.284    31.6925     5.6224     27.780    7.12525     5.5959    24.9847   12.77774 6.6092e-01 0.0000e+00
        441 150.613218    0.03056     1.8333    110.000     28.257  50815.796    31.6951     5.6102     27.991    7.12717     5.5842    24.9881   12.78089 6.3046e-01 0.0000e+00
        442 150.613220    0.03062     1.8375    110.250     28.468  50824.189    31.6983     5.5980     28.200    7.12908     5.5732    24.9921   12.78399 6.0159e-01 0.0000e+00
        443 150.613223    0.03069     1.8417    110.500     28.679  50832.070    31.7013     5.5864     28.410    7.13091     5.5628    24.9958   12.78697 5.7414e-01 0.0000e+00
        444 150.613226    0.03076     1.8458    110.750     28.891  50839.325    31.7040     5.5754     28.620    7.13263     5.5531    24.9991   12.78979 5.4822e-01 0.0000e+00
        445 150.613229    0.03083     1.8500    111.000     29.101  50846.190    31.7065     5.5651     28.827    7.13426     5.5440    25.0023   12.79245 5.2400e-01 0.0000e+00
        446 150.613232    0.03090     1.8542    111.250     29.306  50852.416    31.7087     5.5554     29.030    7.13579     5.5355    25.0052   12.79496 5.0140e-01 0.0000e+00
        447 150.613235    0.03097     1.8583    111.500     29.506  50858.129    31.7107     5.5463     29.229    7.13723     5.5277    25.0078   12.79731 4.8001e-01 0.0000e+00
        448 150.613238    0.03104     1.8625    111.750     29.707  50863.768    31.7127     5.5378     29.427    7.13857     5.5205    25.0104   12.79950 4.5929e-01 0.0000e+00
        449 150.613241    0.03111     1.8667    112.000     29.912  50869.243    31.7148     5.5300     29.631    7.13980     5.5139    25.0129   12.80150 4.3885e-01 0.0000e+00
        450 150.613244    0.03118     1.8708    112.250     30.126  50873.984    31.7165     5.5228     29.843    7.14093     5.5077    25.0151   12.80334 4.1861e-01 0.0000e+00
        451 150.613247    0.03125     1.8750    112.500     30.349  50877.737    31.7176     5.5162     30.063    7.14199     5.5015    25.0167   12.80507 3.9875e-01 0.0000e+00
