CTD-processing/allCTD/CNV--turbid/2017_11-02_t6_s04_cast080.cnv
* Sea-Bird SBE19plus Data File:
* FileName = C:\Users\Kim.Powell\Desktop\Not Processed\2017\2017_11-02_\2017_11-02_TRANSECT_STATION_cast080.hex
* Software Version 1.59
* Temperature SN =  4141
* Conductivity SN =  4141
* System UpLoad Time = Nov 07 2017 08:15:37
** 2017_11-02
** Station: 6-04
** Start Time: 13:08
** Depth (m): 108.2
** Comment: Edgecumbe
** Comment:
# nquan = 16
# nvalues = 949                         
# units = specified
# name 0 = scan: Scan Count
# name 1 = timeJ: Julian Days
# name 2 = timeH: Time, Elapsed [hours]
# name 3 = timeM: Time, Elapsed [minutes]
# name 4 = timeS: Time, Elapsed [seconds]
# name 5 = prdM: Pressure, Strain Gauge [db]
# name 6 = specc: Specific Conductance [uS/cm]
# name 7 = sal00: Salinity, Practical [PSU]
# name 8 = tv290C: Temperature [ITS-90, deg C]
# name 9 = depSM: Depth [salt water, m], lat = 59.00
# name 10 = oxsolML/L: Oxygen Saturation, Garcia & Gordon [ml/l]
# name 11 = potemp090C: Potential Temperature [ITS-90, deg C]
# name 12 = sigma-é00: Density [sigma-theta, kg/m^3]
# name 13 = n2satML/L: Nitrogen Saturation [ml/l]
# name 14 = par: PAR/Irradiance, Biospherical/Licor
# name 15 = flag:  0.000e+00
# span 0 =          1,        949       
# span 1 = 306.547558, 306.550301       
# span 2 =    0.00000,    0.06583       
# span 3 =     0.0000,     3.9500       
# span 4 =      0.000,    237.000       
# span 5 =      0.211,     90.856       
# span 6 =   3975.198,  50722.795       
# span 7 =     2.1649,    32.1096       
# span 8 =     7.9734,     9.3107       
# span 9 =      0.209,     89.987       
# span 10 =    6.58597,    8.18071      
# span 11 =     8.0064,     9.3106      
# span 12 =     1.5576,    24.9390      
# span 13 =   11.88841,   14.95225      
# span 14 = 9.0844e-02, 7.0343e+02      
# span 15 = 0.0000e+00, 0.0000e+00      
# interval = seconds: 0.25
# start_time = Nov 02 2017 13:08:29 [Instrument's time stamp, header]
# bad_flag = -9.990e-29
*END*
[from data line 362]
        363 306.548605    0.02514     1.5083     90.500      0.978  48146.802    30.4612     9.2973      0.969    6.60272     9.2966    23.5211   11.92879 3.6440e+02 0.0000e+00
        364 306.548608    0.02521     1.5125     90.750      0.992  48146.783    30.4612     9.2970      0.983    6.60277     9.2963    23.5211   11.92887 3.6761e+02 0.0000e+00
        365 306.548611    0.02528     1.5167     91.000      1.006  48146.862    30.4612     9.2967      0.997    6.60282     9.2961    23.5211   11.92895 3.5350e+02 0.0000e+00
        366 306.548614    0.02535     1.5208     91.250      1.013  48146.958    30.4612     9.2964      1.004    6.60286     9.2959    23.5212   11.92901 3.5051e+02 0.0000e+00
        367 306.548617    0.02542     1.5250     91.500      1.011  48147.134    30.4613     9.2962      1.002    6.60289     9.2958    23.5213   11.92906 3.6280e+02 0.0000e+00
        368 306.548620    0.02549     1.5292     91.750      1.002  48147.383    30.4614     9.2960      0.993    6.60291     9.2957    23.5214   11.92909 3.6596e+02 0.0000e+00
        369 306.548623    0.02556     1.5333     92.000      0.990  48147.628    30.4616     9.2959      0.982    6.60292     9.2956    23.5216   11.92912 3.5685e+02 0.0000e+00
        370 306.548626    0.02562     1.5375     92.250      0.982  48147.867    30.4617     9.2958      0.973    6.60293     9.2957    23.5217   11.92913 3.4381e+02 0.0000e+00
        371 306.548628    0.02569     1.5417     92.500      0.979  48148.193    30.4620     9.2957      0.970    6.60293     9.2958    23.5219   11.92912 3.3053e+02 0.0000e+00
        372 306.548631    0.02576     1.5458     92.750      0.981  48148.570    30.4622     9.2958      0.972    6.60292     9.2959    23.5221   11.92910 3.2644e+02 0.0000e+00
        373 306.548634    0.02583     1.5500     93.000      0.985  48148.843    30.4624     9.2959      0.976    6.60289     9.2962    23.5223   11.92905 3.2686e+02 0.0000e+00
        374 306.548637    0.02590     1.5542     93.250      0.987  48148.971    30.4626     9.2960      0.978    6.60286     9.2966    23.5223   11.92899 3.1562e+02 0.0000e+00
        375 306.548640    0.02597     1.5583     93.500      0.985  48148.932    30.4626     9.2963      0.976    6.60282     9.2969    23.5223   11.92892 3.0213e+02 0.0000e+00
        376 306.548643    0.02604     1.5625     93.750      0.982  48148.655    30.4624     9.2967      0.973    6.60277     9.2972    23.5221   11.92885 2.9827e+02 0.0000e+00
        377 306.548646    0.02611     1.5667     94.000      0.981  48148.211    30.4622     9.2970      0.972    6.60273     9.2974    23.5219   11.92880 3.0487e+02 0.0000e+00
        378 306.548649    0.02618     1.5708     94.250      0.987  48147.835    30.4620     9.2973      0.978    6.60271     9.2975    23.5216   11.92875 3.2093e+02 0.0000e+00
        379 306.548652    0.02625     1.5750     94.500      1.000  48147.631    30.4618     9.2975      0.991    6.60269     9.2977    23.5215   11.92872 3.3520e+02 0.0000e+00
        380 306.548655    0.02632     1.5792     94.750      1.015  48147.506    30.4618     9.2976      1.005    6.60266     9.2978    23.5214   11.92868 3.4488e+02 0.0000e+00
        381 306.548657    0.02639     1.5833     95.000      1.023  48147.316    30.4616     9.2978      1.013    6.60264     9.2979    23.5213   11.92865 3.5298e+02 0.0000e+00
        382 306.548660    0.02646     1.5875     95.250      1.020  48147.021    30.4614     9.2979      1.010    6.60263     9.2978    23.5211   11.92864 3.5271e+02 0.0000e+00
        383 306.548663    0.02653     1.5917     95.500      1.007  48146.765    30.4612     9.2980      0.998    6.60264     9.2976    23.5210   11.92864 3.4599e+02 0.0000e+00
        384 306.548666    0.02660     1.5958     95.750      0.991  48146.674    30.4612     9.2979      0.982    6.60265     9.2973    23.5209   11.92867 3.3908e+02 0.0000e+00
        385 306.548669    0.02667     1.6000     96.000      0.978  48146.690    30.4612     9.2977      0.969    6.60268     9.2971    23.5210   11.92871 3.2829e+02 0.0000e+00
        386 306.548672    0.02674     1.6042     96.250      0.969  48146.745    30.4612     9.2974      0.960    6.60271     9.2969    23.5210   11.92877 3.1578e+02 0.0000e+00
        387 306.548675    0.02681     1.6083     96.500      0.964  48146.861    30.4612     9.2972      0.955    6.60274     9.2969    23.5211   11.92882 3.1109e+02 0.0000e+00
        388 306.548678    0.02688     1.6125     96.750      0.965  48147.010    30.4613     9.2970      0.956    6.60276     9.2969    23.5212   11.92885 3.1153e+02 0.0000e+00
        389 306.548681    0.02694     1.6167     97.000      0.972  48147.164    30.4614     9.2970      0.963    6.60277     9.2970    23.5213   11.92887 3.0632e+02 0.0000e+00
        390 306.548683    0.02701     1.6208     97.250      0.983  48147.298    30.4615     9.2970      0.974    6.60276     9.2972    23.5214   11.92885 3.0202e+02 0.0000e+00
        391 306.548686    0.02708     1.6250     97.500      0.997  48147.315    30.4616     9.2971      0.988    6.60274     9.2974    23.5214   11.92882 3.1167e+02 0.0000e+00
        392 306.548689    0.02715     1.6292     97.750      1.012  48147.197    30.4615     9.2973      1.003    6.60272     9.2976    23.5213   11.92878 3.3871e+02 0.0000e+00
        393 306.548692    0.02722     1.6333     98.000      1.023  48147.063    30.4614     9.2975      1.014    6.60269     9.2977    23.5212   11.92874 3.7133e+02 0.0000e+00
        394 306.548695    0.02729     1.6375     98.250      1.026  48146.981    30.4614     9.2977      1.016    6.60266     9.2979    23.5211   11.92869 3.8924e+02 0.0000e+00
        395 306.548698    0.02736     1.6417     98.500      1.017  48147.028    30.4615     9.2978      1.008    6.60263     9.2980    23.5212   11.92864 3.8175e+02 0.0000e+00
        396 306.548701    0.02743     1.6458     98.750      0.998  48147.093    30.4615     9.2980      0.989    6.60261     9.2980    23.5212   11.92860 3.5457e+02 0.0000e+00
        397 306.548704    0.02750     1.6500     99.000      0.976  48146.956    30.4615     9.2981      0.967    6.60260     9.2980    23.5211   11.92859 3.3044e+02 0.0000e+00
        398 306.548707    0.02757     1.6542     99.250      0.957  48146.768    30.4613     9.2981      0.949    6.60260     9.2979    23.5210   11.92859 3.2017e+02 0.0000e+00
        399 306.548709    0.02764     1.6583     99.500      0.947  48146.716    30.4613     9.2980      0.939    6.60262     9.2978    23.5210   11.92861 3.1647e+02 0.0000e+00
        400 306.548712    0.02771     1.6625     99.750      0.949  48146.809    30.4614     9.2979      0.941    6.60263     9.2977    23.5210   11.92863 3.1557e+02 0.0000e+00
        401 306.548715    0.02778     1.6667    100.000      0.960  48147.059    30.4615     9.2979      0.952    6.60264     9.2977    23.5212   11.92864 3.2426e+02 0.0000e+00
        402 306.548718    0.02785     1.6708    100.250      0.976  48147.498    30.4618     9.2978      0.967    6.60263     9.2977    23.5214   11.92864 3.3225e+02 0.0000e+00
        403 306.548721    0.02792     1.6750    100.500      0.990  48147.999    30.4621     9.2978      0.981    6.60262     9.2978    23.5217   11.92861 3.2095e+02 0.0000e+00
        404 306.548724    0.02799     1.6792    100.750      0.999  48148.272    30.4623     9.2978      0.990    6.60261     9.2979    23.5219   11.92859 3.0967e+02 0.0000e+00
        405 306.548727    0.02806     1.6833    101.000      1.004  48148.190    30.4623     9.2979      0.995    6.60259     9.2980    23.5218   11.92856 3.0363e+02 0.0000e+00
        406 306.548730    0.02813     1.6875    101.250      1.010  48147.999    30.4621     9.2980      1.000    6.60258     9.2980    23.5217   11.92854 2.8360e+02 0.0000e+00
        407 306.548733    0.02819     1.6917    101.500      1.019  48147.968    30.4621     9.2981      1.009    6.60257     9.2981    23.5216   11.92853 2.6576e+02 0.0000e+00
        408 306.548736    0.02826     1.6958    101.750      1.030  48148.085    30.4622     9.2981      1.020    6.60257     9.2981    23.5217   11.92851 2.6576e+02 0.0000e+00
        409 306.548738    0.02833     1.7000    102.000      1.037  48148.236    30.4623     9.2982      1.028    6.60256     9.2980    23.5218   11.92850 2.7397e+02 0.0000e+00
        410 306.548741    0.02840     1.7042    102.250      1.037  48148.332    30.4624     9.2982      1.027    6.60255     9.2980    23.5218   11.92850 2.8164e+02 0.0000e+00
        411 306.548744    0.02847     1.7083    102.500      1.025  48148.297    30.4624     9.2981      1.015    6.60256     9.2979    23.5218   11.92850 2.8677e+02 0.0000e+00
        412 306.548747    0.02854     1.7125    102.750      1.004  48148.154    30.4623     9.2981      0.995    6.60257     9.2978    23.5218   11.92853 2.9446e+02 0.0000e+00
        413 306.548750    0.02861     1.7167    103.000      0.983  48148.097    30.4622     9.2980      0.974    6.60258     9.2978    23.5218   11.92855 3.0106e+02 0.0000e+00
        414 306.548753    0.02868     1.7208    103.250      0.969  48148.119    30.4622     9.2979      0.960    6.60259     9.2978    23.5218   11.92856 2.9846e+02 0.0000e+00
        415 306.548756    0.02875     1.7250    103.500      0.966  48147.996    30.4621     9.2979      0.957    6.60260     9.2978    23.5217   11.92858 2.9474e+02 0.0000e+00
        416 306.548759    0.02882     1.7292    103.750      0.974  48147.700    30.4619     9.2979      0.965    6.60261     9.2978    23.5215   11.92860 2.9146e+02 0.0000e+00
        417 306.548762    0.02889     1.7333    104.000      0.991  48147.345    30.4617     9.2979      0.982    6.60262     9.2978    23.5213   11.92862 2.8399e+02 0.0000e+00
        418 306.548764    0.02896     1.7375    104.250      1.012  48146.893    30.4613     9.2979      1.002    6.60264     9.2977    23.5211   11.92864 2.8866e+02 0.0000e+00
        419 306.548767    0.02903     1.7417    104.500      1.029  48146.325    30.4609     9.2979      1.019    6.60266     9.2976    23.5208   11.92869 3.1572e+02 0.0000e+00
        420 306.548770    0.02910     1.7458    104.750      1.036  48145.772    30.4605     9.2978      1.026    6.60269     9.2974    23.5205   11.92874 3.4649e+02 0.0000e+00
        421 306.548773    0.02917     1.7500    105.000      1.030  48145.277    30.4602     9.2977      1.021    6.60272     9.2971    23.5202   11.92881 3.7158e+02 0.0000e+00
        422 306.548776    0.02924     1.7542    105.250      1.016  48144.889    30.4599     9.2975      1.007    6.60277     9.2969    23.5200   11.92888 3.9060e+02 0.0000e+00
        423 306.548779    0.02931     1.7583    105.500      1.000  48144.730    30.4597     9.2972      0.991    6.60280     9.2967    23.5199   11.92894 3.9459e+02 0.0000e+00
        424 306.548782    0.02937     1.7625    105.750      0.991  48144.838    30.4598     9.2970      0.982    6.60283     9.2966    23.5200   11.92899 3.9607e+02 0.0000e+00
        425 306.548785    0.02944     1.7667    106.000      0.991  48145.046    30.4599     9.2968      0.982    6.60286     9.2964    23.5201   11.92903 3.9645e+02 0.0000e+00
        426 306.548788    0.02951     1.7708    106.250      1.000  48145.191    30.4600     9.2967      0.991    6.60288     9.2962    23.5202   11.92906 3.7370e+02 0.0000e+00
        427 306.548791    0.02958     1.7750    106.500      1.012  48145.268    30.4600     9.2965      1.003    6.60290     9.2961    23.5203   11.92909 3.3936e+02 0.0000e+00
        428 306.548793    0.02965     1.7792    106.750      1.024  48145.288    30.4600     9.2963      1.015    6.60292     9.2959    23.5203   11.92913 3.1931e+02 0.0000e+00
        429 306.548796    0.02972     1.7833    107.000      1.031  48145.351    30.4600     9.2962      1.022    6.60295     9.2958    23.5203   11.92917 3.0827e+02 0.0000e+00
        430 306.548799    0.02979     1.7875    107.250      1.031  48145.611    30.4602     9.2960      1.022    6.60296     9.2957    23.5204   11.92920 2.9305e+02 0.0000e+00
        431 306.548802    0.02986     1.7917    107.500      1.024  48145.996    30.4604     9.2959      1.015    6.60297     9.2957    23.5207   11.92921 2.8167e+02 0.0000e+00
        432 306.548805    0.02993     1.7958    107.750      1.013  48146.353    30.4607     9.2958      1.004    6.60297     9.2958    23.5209   11.92920 2.8666e+02 0.0000e+00
        433 306.548808    0.03000     1.8000    108.000      1.003  48146.724    30.4610     9.2958      0.994    6.60295     9.2959    23.5211   11.92917 3.1056e+02 0.0000e+00
        434 306.548811    0.03007     1.8042    108.250      0.998  48147.141    30.4613     9.2959      0.989    6.60293     9.2961    23.5213   11.92913 3.4510e+02 0.0000e+00
        435 306.548814    0.03014     1.8083    108.500      0.998  48147.406    30.4615     9.2960      0.989    6.60290     9.2964    23.5215   11.92908 3.7100e+02 0.0000e+00
        436 306.548817    0.03021     1.8125    108.750      1.000  48147.422    30.4615     9.2962      0.991    6.60287     9.2966    23.5215   11.92903 3.7596e+02 0.0000e+00
        437 306.548819    0.03028     1.8167    109.000      0.998  48147.293    30.4614     9.2965      0.988    6.60284     9.2967    23.5214   11.92898 3.7224e+02 0.0000e+00
        438 306.548822    0.03035     1.8208    109.250      0.989  48147.008    30.4613     9.2967      0.979    6.60282     9.2968    23.5212   11.92894 3.7514e+02 0.0000e+00
        439 306.548825    0.03042     1.8250    109.500      0.976  48146.666    30.4611     9.2968      0.966    6.60280     9.2968    23.5210   11.92892 3.8379e+02 0.0000e+00
        440 306.548828    0.03049     1.8292    109.750      0.967  48146.525    30.4610     9.2969      0.958    6.60279     9.2968    23.5209   11.92891 3.8620e+02 0.0000e+00
        441 306.548831    0.03056     1.8333    110.000      0.972  48146.687    30.4611     9.2969      0.963    6.60279     9.2969    23.5210   11.92890 3.7988e+02 0.0000e+00
        442 306.548834    0.03062     1.8375    110.250      0.993  48147.064    30.4614     9.2969      0.984    6.60277     9.2971    23.5212   11.92888 3.7987e+02 0.0000e+00
        443 306.548837    0.03069     1.8417    110.500      1.023  48147.457    30.4617     9.2970      1.014    6.60275     9.2973    23.5214   11.92884 3.8935e+02 0.0000e+00
        444 306.548840    0.03076     1.8458    110.750      1.047  48147.662    30.4618     9.2972      1.038    6.60272     9.2975    23.5215   11.92878 3.9151e+02 0.0000e+00
        445 306.548843    0.03083     1.8500    111.000      1.054  48147.536    30.4617     9.2974      1.044    6.60269     9.2977    23.5214   11.92873 3.7568e+02 0.0000e+00
        446 306.548845    0.03090     1.8542    111.250      1.040  48147.129    30.4615     9.2976      1.031    6.60267     9.2977    23.5212   11.92870 3.6208e+02 0.0000e+00
        447 306.548848    0.03097     1.8583    111.500      1.014  48146.643    30.4611     9.2978      1.004    6.60266     9.2976    23.5209   11.92869 3.6651e+02 0.0000e+00
        448 306.548851    0.03104     1.8625    111.750      0.988  48146.214    30.4608     9.2978      0.978    6.60267     9.2975    23.5207   11.92871 3.7201e+02 0.0000e+00
        449 306.548854    0.03111     1.8667    112.000      0.974  48145.933    30.4606     9.2977      0.965    6.60269     9.2975    23.5205   11.92875 3.6180e+02 0.0000e+00
        450 306.548857    0.03118     1.8708    112.250      0.975  48145.842    30.4606     9.2976      0.966    6.60271     9.2974    23.5205   11.92877 3.4022e+02 0.0000e+00
        451 306.548860    0.03125     1.8750    112.500      0.984  48145.878    30.4606     9.2976      0.975    6.60272     9.2974    23.5205   11.92879 3.2605e+02 0.0000e+00
