CTD-processing/allCTD/CNV--turbid/2017_07-26_alongbay_skb01_cast242.cnv
* Sea-Bird SBE19plus Data File:
* FileName = C:\Users\Kim.Powell\Desktop\2017_07-26\2017_07-26_TRANSECT_STATION_cast242.hex
* Software Version 1.59
* Temperature SN =  4141
* Conductivity SN =  4141
* System UpLoad Time = Aug 04 2017 16:21:13
** 2017_07-26
** Transect: AlongBay
** Station: KB01
** Start Time: 10:11
** Depth(m): 68.6
** Comment:
** Comment:
# nquan = 16
# nvalues = 598                         
# units = specified
# name 0 = scan: Scan Count
# name 1 = timeJ: Julian Days
# name 2 = timeH: Time, Elapsed [hours]
# name 3 = timeM: Time, Elapsed [minutes]
# name 4 = timeS: Time, Elapsed [seconds]
# name 5 = prdM: Pressure, Strain Gauge [db]
# name 6 = specc: Specific Conductance [uS/cm]
# name 7 = sal00: Salinity, Practical [PSU]
# name 8 = tv290C: Temperature [ITS-90, deg C]
# name 9 = depSM: Depth [salt water, m], lat = 59.00
# name 10 = oxsolML/L: Oxygen Saturation, Garcia & Gordon [ml/l]
# name 11 = potemp090C: Potential Temperature [ITS-90, deg C]
# name 12 = sigma-é00: Density [sigma-theta, kg/m^3]
# name 13 = n2satML/L: Nitrogen Saturation [ml/l]
# name 14 = par: PAR/Irradiance, Biospherical/Licor
# name 15 = flag:  0.000e+00
# span 0 =          1,        598       
# span 1 = 207.424190, 207.425917       
# span 2 =    0.00000,    0.04146       
# span 3 =     0.0000,     2.4875       
# span 4 =      0.000,    149.250       
# span 5 =      0.475,     62.137       
# span 6 =  49430.877,  49968.349       
# span 7 =    31.4659,    31.7396       
# span 8 =     9.1940,    10.0796       
# span 9 =      0.471,     61.547       
# span 10 =    6.44824,    6.56520      
# span 11 =     9.1876,    10.0184      
# span 12 =    24.1806,    24.5066      
# span 13 =   11.66081,   11.85166      
# span 14 = 4.4249e-02, 1.0111e+02      
# span 15 = 0.0000e+00, 0.0000e+00      
# interval = seconds: 0.25
# start_time = Jul 26 2017 10:10:50 [Instrument's time stamp, header]
# bad_flag = -9.990e-29
*END*
[from data line 181]
        182 207.424714    0.01257     0.7542     45.250      0.832  49678.813    31.6323    10.0100      0.824    6.45116    10.0104    24.3218   11.66365 7.9164e+01 0.0000e+00
        183 207.424716    0.01264     0.7583     45.500      0.835  49679.774    31.6330    10.0102      0.828    6.45110    10.0109    24.3223   11.66354 7.9524e+01 0.0000e+00
        184 207.424719    0.01271     0.7625     45.750      0.832  49680.588    31.6336    10.0105      0.824    6.45103    10.0117    24.3228   11.66342 7.9236e+01 0.0000e+00
        185 207.424722    0.01278     0.7667     46.000      0.823  49681.034    31.6340    10.0110      0.815    6.45094    10.0125    24.3230   11.66327 7.7775e+01 0.0000e+00
        186 207.424725    0.01285     0.7708     46.250      0.809  49680.974    31.6340    10.0118      0.801    6.45083    10.0134    24.3229   11.66310 7.5710e+01 0.0000e+00
        187 207.424728    0.01292     0.7750     46.500      0.795  49680.438    31.6338    10.0126      0.787    6.45072    10.0141    24.3225   11.66291 7.4229e+01 0.0000e+00
        188 207.424731    0.01299     0.7792     46.750      0.784  49679.594    31.6333    10.0135      0.776    6.45062    10.0147    24.3220   11.66275 7.3917e+01 0.0000e+00
        189 207.424734    0.01306     0.7833     47.000      0.777  49678.613    31.6327    10.0142      0.769    6.45054    10.0149    24.3214   11.66262 7.4377e+01 0.0000e+00
        190 207.424737    0.01313     0.7875     47.250      0.777  49677.715    31.6321    10.0148      0.769    6.45049    10.0150    24.3209   11.66255 7.4834e+01 0.0000e+00
        191 207.424740    0.01319     0.7917     47.500      0.783  49677.136    31.6317    10.0150      0.775    6.45047    10.0148    24.3206   11.66252 7.5093e+01 0.0000e+00
        192 207.424742    0.01326     0.7958     47.750      0.794  49677.061    31.6317    10.0150      0.786    6.45047    10.0146    24.3205   11.66252 7.5137e+01 0.0000e+00
        193 207.424745    0.01333     0.8000     48.000      0.807  49677.583    31.6320    10.0149      0.799    6.45048    10.0144    24.3208   11.66253 7.5022e+01 0.0000e+00
        194 207.424748    0.01340     0.8042     48.250      0.818  49678.490    31.6326    10.0147      0.810    6.45049    10.0145    24.3213   11.66253 7.4934e+01 0.0000e+00
        195 207.424751    0.01347     0.8083     48.500      0.821  49679.273    31.6332    10.0145      0.813    6.45048    10.0150    24.3218   11.66252 7.4920e+01 0.0000e+00
        196 207.424754    0.01354     0.8125     48.750      0.818  49679.544    31.6334    10.0146      0.810    6.45046    10.0156    24.3219   11.66248 7.5229e+01 0.0000e+00
        197 207.424757    0.01361     0.8167     49.000      0.811  49679.230    31.6332    10.0151      0.803    6.45041    10.0162    24.3217   11.66239 7.5946e+01 0.0000e+00
        198 207.424760    0.01368     0.8208     49.250      0.806  49678.452    31.6327    10.0157      0.798    6.45034    10.0167    24.3213   11.66228 7.6591e+01 0.0000e+00
        199 207.424763    0.01375     0.8250     49.500      0.807  49677.423    31.6321    10.0163      0.800    6.45027    10.0170    24.3207   11.66219 7.6753e+01 0.0000e+00
        200 207.424766    0.01382     0.8292     49.750      0.816  49676.449    31.6315    10.0168      0.809    6.45023    10.0171    24.3201   11.66213 7.6716e+01 0.0000e+00
        201 207.424769    0.01389     0.8333     50.000      0.831  49675.897    31.6311    10.0171      0.824    6.45021    10.0172    24.3197   11.66210 7.7028e+01 0.0000e+00
        202 207.424771    0.01396     0.8375     50.250      0.847  49675.991    31.6312    10.0172      0.839    6.45019    10.0174    24.3198   11.66206 7.7647e+01 0.0000e+00
        203 207.424774    0.01403     0.8417     50.500      0.857  49676.687    31.6317    10.0173      0.849    6.45015    10.0175    24.3201   11.66199 7.8250e+01 0.0000e+00
        204 207.424777    0.01410     0.8458     50.750      0.858  49677.699    31.6324    10.0175      0.850    6.45010    10.0178    24.3207   11.66190 7.8662e+01 0.0000e+00
        205 207.424780    0.01417     0.8500     51.000      0.849  49678.597    31.6331    10.0176      0.841    6.45005    10.0181    24.3212   11.66181 7.8654e+01 0.0000e+00
        206 207.424783    0.01424     0.8542     51.250      0.836  49678.931    31.6334    10.0179      0.828    6.45001    10.0183    24.3214   11.66173 7.7888e+01 0.0000e+00
        207 207.424786    0.01431     0.8583     51.500      0.826  49678.418    31.6330    10.0182      0.818    6.44998    10.0184    24.3211   11.66168 7.6311e+01 0.0000e+00
        208 207.424789    0.01438     0.8625     51.750      0.825  49677.175    31.6322    10.0184      0.818    6.44998    10.0184    24.3204   11.66169 7.4846e+01 0.0000e+00
        209 207.424792    0.01444     0.8667     52.000      0.835  49675.821    31.6313    10.0185      0.827    6.45000    10.0184    24.3196   11.66174 7.4427e+01 0.0000e+00
        210 207.424795    0.01451     0.8708     52.250      0.849  49675.118    31.6308    10.0185      0.841    6.45002    10.0183    24.3192   11.66179 7.4891e+01 0.0000e+00
        211 207.424797    0.01458     0.8750     52.500      0.859  49675.419    31.6310    10.0185      0.851    6.45002    10.0182    24.3194   11.66179 7.5730e+01 0.0000e+00
        212 207.424800    0.01465     0.8792     52.750      0.858  49676.560    31.6318    10.0184      0.850    6.45000    10.0182    24.3200   11.66174 7.6323e+01 0.0000e+00
        213 207.424803    0.01472     0.8833     53.000      0.847  49678.003    31.6328    10.0183      0.839    6.44996    10.0182    24.3208   11.66167 7.6091e+01 0.0000e+00
        214 207.424806    0.01479     0.8875     53.250      0.833  49679.020    31.6335    10.0183      0.825    6.44993    10.0180    24.3214   11.66161 7.4927e+01 0.0000e+00
        215 207.424809    0.01486     0.8917     53.500      0.822  49679.096    31.6336    10.0183      0.814    6.44993    10.0173    24.3214   11.66161 7.3060e+01 0.0000e+00
        216 207.424812    0.01493     0.8958     53.750      0.822  49678.470    31.6331    10.0181      0.814    6.44999    10.0157    24.3211   11.66169 7.1278e+01 0.0000e+00
        217 207.424815    0.01500     0.9000     54.000      0.832  49678.113    31.6327    10.0174      0.824    6.45011    10.0130    24.3210   11.66190 7.0692e+01 0.0000e+00
        218 207.424818    0.01507     0.9042     54.250      0.846  49679.147    31.6333    10.0158      0.838    6.45031    10.0090    24.3216   11.66223 7.1600e+01 0.0000e+00
        219 207.424821    0.01514     0.9083     54.500      0.858  49682.500    31.6353    10.0131      0.850    6.45061    10.0044    24.3237   11.66270 7.3067e+01 0.0000e+00
        220 207.424823    0.01521     0.9125     54.750      0.863  49688.506    31.6390    10.0091      0.855    6.45101    10.0005    24.3272   11.66333 7.4220e+01 0.0000e+00
        221 207.424826    0.01528     0.9167     55.000      0.859  49695.983    31.6437    10.0045      0.851    6.45146     9.9984    24.3316   11.66402 7.4679e+01 0.0000e+00
        222 207.424829    0.01535     0.9208     55.250      0.850  49702.669    31.6480    10.0006      0.842    6.45183     9.9983    24.3356   11.66458 7.4168e+01 0.0000e+00
        223 207.424832    0.01542     0.9250     55.500      0.839  49706.686    31.6505     9.9985      0.831    6.45203     9.9997    24.3379   11.66487 7.3178e+01 0.0000e+00
        224 207.424835    0.01549     0.9292     55.750      0.831  49707.139    31.6509     9.9984      0.823    6.45202    10.0014    24.3382   11.66487 7.2358e+01 0.0000e+00
        225 207.424838    0.01556     0.9333     56.000      0.828  49704.634    31.6493     9.9998      0.821    6.45189    10.0024    24.3367   11.66467 7.1985e+01 0.0000e+00
        226 207.424841    0.01563     0.9375     56.250      0.832  49701.083    31.6470    10.0015      0.824    6.45175    10.0023    24.3346   11.66447 7.2452e+01 0.0000e+00
        227 207.424844    0.01569     0.9417     56.500      0.839  49698.494    31.6453    10.0025      0.831    6.45169    10.0015    24.3331   11.66437 7.3502e+01 0.0000e+00
        228 207.424847    0.01576     0.9458     56.750      0.846  49697.957    31.6449    10.0024      0.838    6.45171    10.0005    24.3329   11.66442 7.4482e+01 0.0000e+00
        229 207.424850    0.01583     0.9500     57.000      0.850  49699.306    31.6457    10.0016      0.842    6.45180     9.9998    24.3337   11.66455 7.5152e+01 0.0000e+00
        230 207.424852    0.01590     0.9542     57.250      0.849  49701.518    31.6471    10.0006      0.841    6.45188     9.9999    24.3349   11.66467 7.5400e+01 0.0000e+00
        231 207.424855    0.01597     0.9583     57.500      0.844  49703.497    31.6485     9.9999      0.836    6.45191    10.0008    24.3361   11.66471 7.5148e+01 0.0000e+00
        232 207.424858    0.01604     0.9625     57.750      0.837  49704.385    31.6491    10.0000      0.829    6.45188    10.0024    24.3366   11.66465 7.4416e+01 0.0000e+00
        233 207.424861    0.01611     0.9667     58.000      0.829  49703.483    31.6486    10.0009      0.821    6.45178    10.0043    24.3360   11.66448 7.3448e+01 0.0000e+00
        234 207.424864    0.01618     0.9708     58.250      0.823  49700.536    31.6467    10.0025      0.815    6.45162    10.0057    24.3343   11.66425 7.2510e+01 0.0000e+00
        235 207.424867    0.01625     0.9750     58.500      0.820  49695.909    31.6437    10.0043      0.812    6.45149    10.0063    24.3316   11.66406 7.2100e+01 0.0000e+00
        236 207.424870    0.01632     0.9792     58.750      0.822  49690.226    31.6398    10.0058      0.814    6.45144    10.0057    24.3284   11.66403 7.2678e+01 0.0000e+00
        237 207.424873    0.01639     0.9833     59.000      0.827  49684.023    31.6355    10.0064      0.819    6.45154    10.0035    24.3249   11.66424 7.3646e+01 0.0000e+00
        238 207.424876    0.01646     0.9875     59.250      0.833  49677.485    31.6308    10.0058      0.825    6.45182     9.9989    24.3213   11.66476 7.4140e+01 0.0000e+00
        239 207.424878    0.01653     0.9917     59.500      0.836  49669.965    31.6252    10.0036      0.828    6.45236     9.9908    24.3173   11.66573 7.3876e+01 0.0000e+00
        240 207.424881    0.01660     0.9958     59.750      0.833  49659.465    31.6172     9.9990      0.825    6.45334     9.9769    24.3118   11.66744 7.2716e+01 0.0000e+00
        241 207.424884    0.01667     1.0000     60.000      0.822  49642.303    31.6040     9.9909      0.815    6.45503     9.9547    24.3029   11.67040 7.1075e+01 0.0000e+00
        242 207.424887    0.01674     1.0042     60.250      0.809  49618.569    31.5855     9.9770      0.802    6.45776     9.9251    24.2907   11.67515 6.9911e+01 0.0000e+00
        243 207.424890    0.01681     1.0083     60.500      0.800  49602.206    31.5711     9.9548      0.793    6.46150     9.8940    24.2831   11.68151 6.9668e+01 0.0000e+00
        244 207.424893    0.01688     1.0125     60.750      0.800  49607.587    31.5710     9.9252      0.792    6.46569     9.8674    24.2879   11.68845 7.0396e+01 0.0000e+00
        245 207.424896    0.01694     1.0167     61.000      0.810  49629.016    31.5822     9.8941      0.802    6.46962     9.8474    24.3016   11.69483 7.1724e+01 0.0000e+00
        246 207.424899    0.01701     1.0208     61.250      0.826  49653.044    31.5957     9.8675      0.819    6.47283     9.8334    24.3165   11.69998 7.2945e+01 0.0000e+00
        247 207.424902    0.01708     1.0250     61.500      0.842  49673.152    31.6073     9.8475      0.834    6.47519     9.8241    24.3288   11.70375 7.3501e+01 0.0000e+00
        248 207.424905    0.01715     1.0292     61.750      0.850  49687.911    31.6159     9.8335      0.842    6.47682     9.8181    24.3378   11.70634 7.2998e+01 0.0000e+00
        249 207.424907    0.01722     1.0333     62.000      0.848  49698.109    31.6219     9.8242      0.840    6.47789     9.8145    24.3440   11.70804 7.1622e+01 0.0000e+00
        250 207.424910    0.01729     1.0375     62.250      0.835  49704.808    31.6259     9.8182      0.827    6.47857     9.8123    24.3480   11.70912 7.0109e+01 0.0000e+00
        251 207.424913    0.01736     1.0417     62.500      0.816  49708.855    31.6283     9.8146      0.808    6.47899     9.8109    24.3505   11.70979 6.9180e+01 0.0000e+00
        252 207.424916    0.01743     1.0458     62.750      0.799  49711.185    31.6296     9.8124      0.791    6.47925     9.8100    24.3519   11.71020 6.8909e+01 0.0000e+00
        253 207.424919    0.01750     1.0500     63.000      0.791  49712.628    31.6305     9.8110      0.783    6.47941     9.8095    24.3528   11.71045 6.9060e+01 0.0000e+00
        254 207.424922    0.01757     1.0542     63.250      0.793  49713.619    31.6310     9.8101      0.786    6.47950     9.8093    24.3534   11.71061 6.9458e+01 0.0000e+00
        255 207.424925    0.01764     1.0583     63.500      0.804  49714.306    31.6314     9.8096      0.797    6.47956     9.8092    24.3538   11.71070 6.9782e+01 0.0000e+00
        256 207.424928    0.01771     1.0625     63.750      0.817  49714.728    31.6317     9.8094      0.810    6.47959     9.8092    24.3541   11.71074 6.9930e+01 0.0000e+00
        257 207.424931    0.01778     1.0667     64.000      0.828  49714.877    31.6318     9.8093      0.820    6.47959     9.8092    24.3542   11.71075 7.0327e+01 0.0000e+00
        258 207.424933    0.01785     1.0708     64.250      0.834  49714.754    31.6317     9.8093      0.826    6.47959     9.8092    24.3541   11.71075 7.1281e+01 0.0000e+00
        259 207.424936    0.01792     1.0750     64.500      0.835  49714.446    31.6315     9.8093      0.827    6.47960     9.8090    24.3539   11.71076 7.2170e+01 0.0000e+00
        260 207.424939    0.01799     1.0792     64.750      0.834  49714.157    31.6313     9.8093      0.826    6.47961     9.8087    24.3538   11.71079 7.2515e+01 0.0000e+00
        261 207.424942    0.01806     1.0833     65.000      0.834  49714.115    31.6312     9.8091      0.826    6.47964     9.8084    24.3537   11.71084 7.2719e+01 0.0000e+00
        262 207.424945    0.01812     1.0875     65.250      0.835  49714.254    31.6313     9.8088      0.827    6.47968     9.8081    24.3538   11.71090 7.2850e+01 0.0000e+00
        263 207.424948    0.01819     1.0917     65.500      0.837  49714.348    31.6313     9.8085      0.829    6.47972     9.8079    24.3539   11.71097 7.2644e+01 0.0000e+00
        264 207.424951    0.01826     1.0958     65.750      0.837  49714.396    31.6313     9.8082      0.829    6.47976     9.8078    24.3539   11.71103 7.2290e+01 0.0000e+00
        265 207.424954    0.01833     1.1000     66.000      0.833  49714.563    31.6314     9.8080      0.825    6.47979     9.8078    24.3540   11.71107 7.2082e+01 0.0000e+00
        266 207.424957    0.01840     1.1042     66.250      0.824  49714.884    31.6316     9.8079      0.816    6.47980     9.8080    24.3542   11.71108 7.1874e+01 0.0000e+00
        267 207.424959    0.01847     1.1083     66.500      0.814  49715.147    31.6318     9.8079      0.806    6.47978     9.8083    24.3544   11.71106 7.0919e+01 0.0000e+00
        268 207.424962    0.01854     1.1125     66.750      0.807  49715.084    31.6318     9.8081      0.798    6.47976     9.8086    24.3544   11.71102 6.9251e+01 0.0000e+00
        269 207.424965    0.01861     1.1167     67.000      0.806  49714.745    31.6316     9.8084      0.797    6.47973     9.8088    24.3542   11.71097 6.8113e+01 0.0000e+00
        270 207.424968    0.01868     1.1208     67.250      0.814  49714.428    31.6314     9.8087      0.805    6.47969     9.8091    24.3540   11.71092 6.7880e+01 0.0000e+00
        271 207.424971    0.01875     1.1250     67.500      0.829  49714.352    31.6314     9.8089      0.821    6.47966     9.8093    24.3539   11.71086 6.8282e+01 0.0000e+00
