CTD-processing/allCTD/CNV--turbid/2017_04-20_alongbay_skb04_cast151.cnv
* Sea-Bird SBE19plus Data File:
* FileName = P:\My Documents\kasitsna\Research-KBL\Oceanography-AK\CTD-Data-ALL-to-2017-02\2017-CTD-KachemakBay-CookInlet\2017-04-20-CookInlet-AlongKachemakBay\2017-04-20-CookInlet-AlongKachemakBay-cast151.hex
* Software Version 1.59
* Temperature SN =  4141
* Conductivity SN =  4141
* System UpLoad Time = Apr 24 2017 17:22:51
** Cook Inlet Along Kachemak Bay Line west to east
** Date: 2017-04-20
** Station: (eg. 9-01): KB04
** Start time (AKDT): 18:53
** Depth (m): 154.5
** Comment: R/V Alaska Dreamcatcher
** Comment:
# nquan = 16
# nvalues = 827                         
# units = specified
# name 0 = scan: Scan Count
# name 1 = timeJ: Julian Days
# name 2 = timeH: Time, Elapsed [hours]
# name 3 = timeM: Time, Elapsed [minutes]
# name 4 = timeS: Time, Elapsed [seconds]
# name 5 = prdM: Pressure, Strain Gauge [db]
# name 6 = specc: Specific Conductance [uS/cm]
# name 7 = sal00: Salinity, Practical [PSU]
# name 8 = tv290C: Temperature [ITS-90, deg C]
# name 9 = depSM: Depth [salt water, m], lat = 59.00
# name 10 = oxsolML/L: Oxygen Saturation, Garcia & Gordon [ml/l]
# name 11 = potemp090C: Potential Temperature [ITS-90, deg C]
# name 12 = sigma-é00: Density [sigma-theta, kg/m^3]
# name 13 = n2satML/L: Nitrogen Saturation [ml/l]
# name 14 = par: PAR/Irradiance, Biospherical/Licor
# name 15 = flag:  0.000e+00
# span 0 =          1,        827       
# span 1 = 110.786863, 110.789253       
# span 2 =    0.00000,    0.05736       
# span 3 =     0.0000,     3.4417       
# span 4 =      0.000,    206.500       
# span 5 =      0.036,    153.486       
# span 6 =    303.920,  52066.617       
# span 7 =     0.1408,    32.1089       
# span 8 =     3.7210,     6.9234       
# span 9 =      0.036,    151.995       
# span 10 =    7.00459,    8.50282      
# span 11 =     3.7114,     6.9234      
# span 12 =     0.0200,    25.4766      
# span 13 =   12.57544,   15.52446      
# span 14 = 3.6382e-02, 8.1597e+02      
# span 15 = 0.0000e+00, 0.0000e+00      
# interval = seconds: 0.25
# start_time = Apr 20 2017 18:53:05 [Instrument's time stamp, header]
# bad_flag = -9.990e-29
*END*
[from data line 452]
        453 110.788171    0.03139     1.8833    113.000     57.913  51781.361    31.9975     4.0538     57.363    7.38347     4.0506    25.3935   13.20014 3.6382e-02 0.0000e+00
        454 110.788174    0.03146     1.8875    113.250     58.188  51780.730    31.9971     4.0543     57.636    7.38340     4.0505    25.3931   13.20003 3.6382e-02 0.0000e+00
        455 110.788177    0.03153     1.8917    113.500     58.466  51781.174    31.9972     4.0543     57.911    7.38339     4.0504    25.3932   13.20000 3.6382e-02 0.0000e+00
        456 110.788180    0.03160     1.8958    113.750     58.745  51782.563    31.9980     4.0542     58.187    7.38337     4.0506    25.3939   13.19995 3.6382e-02 0.0000e+00
        457 110.788183    0.03167     1.9000    114.000     59.023  51784.741    31.9994     4.0542     58.463    7.38331     4.0514    25.3949   13.19983 3.6382e-02 0.0000e+00
        458 110.788186    0.03174     1.9042    114.250     59.300  51787.515    32.0012     4.0545     58.737    7.38317     4.0528    25.3964   13.19958 3.6382e-02 0.0000e+00
        459 110.788189    0.03181     1.9083    114.500     59.573  51790.602    32.0033     4.0553     59.007    7.38292     4.0549    25.3980   13.19915 3.6382e-02 0.0000e+00
        460 110.788192    0.03188     1.9125    114.750     59.840  51793.564    32.0056     4.0567     59.272    7.38255     4.0576    25.3996   13.19852 3.6382e-02 0.0000e+00
        461 110.788194    0.03194     1.9167    115.000     60.104  51796.034    32.0076     4.0588     59.533    7.38207     4.0606    25.4011   13.19770 3.6382e-02 0.0000e+00
        462 110.788197    0.03201     1.9208    115.250     60.364  51797.459    32.0091     4.0615     59.791    7.38151     4.0637    25.4020   13.19676 3.6382e-02 0.0000e+00
        463 110.788200    0.03208     1.9250    115.500     60.626  51797.432    32.0097     4.0646     60.051    7.38093     4.0664    25.4022   13.19579 3.6382e-02 0.0000e+00
        464 110.788203    0.03215     1.9292    115.750     60.892  51796.552    32.0097     4.0677     60.314    7.38038     4.0687    25.4019   13.19487 3.6382e-02 0.0000e+00
        465 110.788206    0.03222     1.9333    116.000     61.164  51795.147    32.0093     4.0704     60.583    7.37990     4.0700    25.4013   13.19408 3.6382e-02 0.0000e+00
        466 110.788209    0.03229     1.9375    116.250     61.438  51791.997    32.0075     4.0727     60.854    7.37958     4.0696    25.3997   13.19358 3.6382e-02 0.0000e+00
        467 110.788212    0.03236     1.9417    116.500     61.713  51785.908    32.0036     4.0740     61.127    7.37954     4.0667    25.3964   13.19357 3.6382e-02 0.0000e+00
        468 110.788215    0.03243     1.9458    116.750     61.987  51776.840    31.9972     4.0736     61.398    7.37993     4.0601    25.3913   13.19429 3.6382e-02 0.0000e+00
        469 110.788218    0.03250     1.9500    117.000     62.261  51764.781    31.9881     4.0707     61.669    7.38091     4.0491    25.3844   13.19603 3.6382e-02 0.0000e+00
        470 110.788220    0.03257     1.9542    117.250     62.532  51750.182    31.9764     4.0642     61.938    7.38267     4.0337    25.3757   13.19908 3.6382e-02 0.0000e+00
        471 110.788223    0.03264     1.9583    117.500     62.802  51737.514    31.9649     4.0532     62.205    7.38521     4.0154    25.3677   13.20343 3.6382e-02 0.0000e+00
        472 110.788226    0.03271     1.9625    117.750     63.070  51732.912    31.9579     4.0378     62.471    7.38834     3.9965    25.3636   13.20868 3.6382e-02 0.0000e+00
        473 110.788229    0.03278     1.9667    118.000     63.337  51736.728    31.9560     4.0195     62.735    7.39172     3.9781    25.3638   13.21429 3.6382e-02 0.0000e+00
        474 110.788232    0.03285     1.9708    118.250     63.604  51743.949    31.9562     4.0006     63.000    7.39512     3.9602    25.3658   13.21990 3.6382e-02 0.0000e+00
        475 110.788235    0.03292     1.9750    118.500     63.874  51750.339    31.9559     3.9822     63.267    7.39845     3.9427    25.3674   13.22540 3.6382e-02 0.0000e+00
        476 110.788238    0.03299     1.9792    118.750     64.146  51756.950    31.9559     3.9643     63.537    7.40168     3.9266    25.3691   13.23073 3.6382e-02 0.0000e+00
        477 110.788241    0.03306     1.9833    119.000     64.420  51767.103    31.9585     3.9468     63.808    7.40470     3.9126    25.3728   13.23568 3.6382e-02 0.0000e+00
        478 110.788244    0.03313     1.9875    119.250     64.693  51780.403    31.9635     3.9307     64.079    7.40737     3.9013    25.3783   13.24001 3.6382e-02 0.0000e+00
        479 110.788247    0.03319     1.9917    119.500     64.964  51793.864    31.9691     3.9168     64.346    7.40960     3.8922    25.3842   13.24362 3.6382e-02 0.0000e+00
        480 110.788249    0.03326     1.9958    119.750     65.232  51805.381    31.9740     3.9054     64.611    7.41140     3.8850    25.3892   13.24653 3.6382e-02 0.0000e+00
        481 110.788252    0.03333     2.0000    120.000     65.498  51814.500    31.9779     3.8964     64.875    7.41284     3.8793    25.3931   13.24886 3.6382e-02 0.0000e+00
        482 110.788255    0.03340     2.0042    120.250     65.764  51821.676    31.9809     3.8892     65.138    7.41399     3.8746    25.3962   13.25072 3.6382e-02 0.0000e+00
        483 110.788258    0.03347     2.0083    120.500     66.030  51827.397    31.9832     3.8834     65.402    7.41491     3.8708    25.3987   13.25221 3.6382e-02 0.0000e+00
        484 110.788261    0.03354     2.0125    120.750     66.297  51831.801    31.9850     3.8788     65.667    7.41567     3.8675    25.4005   13.25343 3.6382e-02 0.0000e+00
        485 110.788264    0.03361     2.0167    121.000     66.565  51835.062    31.9861     3.8750     65.932    7.41630     3.8647    25.4017   13.25446 3.6382e-02 0.0000e+00
        486 110.788267    0.03368     2.0208    121.250     66.833  51837.763    31.9870     3.8717     66.197    7.41684     3.8622    25.4028   13.25534 3.6382e-02 0.0000e+00
        487 110.788270    0.03375     2.0250    121.500     67.100  51840.250    31.9879     3.8689     66.463    7.41731     3.8600    25.4037   13.25611 3.6382e-02 0.0000e+00
        488 110.788273    0.03382     2.0292    121.750     67.368  51842.372    31.9886     3.8664     66.728    7.41773     3.8581    25.4045   13.25678 3.6382e-02 0.0000e+00
        489 110.788275    0.03389     2.0333    122.000     67.635  51844.065    31.9891     3.8643     66.992    7.41809     3.8563    25.4051   13.25738 3.6382e-02 0.0000e+00
        490 110.788278    0.03396     2.0375    122.250     67.900  51845.429    31.9894     3.8623     67.254    7.41843     3.8546    25.4055   13.25793 3.6382e-02 0.0000e+00
        491 110.788281    0.03403     2.0417    122.500     68.165  51846.344    31.9894     3.8606     67.516    7.41875     3.8528    25.4057   13.25846 3.6382e-02 0.0000e+00
        492 110.788284    0.03410     2.0458    122.750     68.431  51846.680    31.9891     3.8589     67.780    7.41907     3.8510    25.4056   13.25900 3.6382e-02 0.0000e+00
        493 110.788287    0.03417     2.0500    123.000     68.701  51846.663    31.9886     3.8572     68.047    7.41941     3.8489    25.4054   13.25956 3.6382e-02 0.0000e+00
        494 110.788290    0.03424     2.0542    123.250     68.975  51846.551    31.9879     3.8553     68.319    7.41978     3.8466    25.4050   13.26018 3.6382e-02 0.0000e+00
        495 110.788293    0.03431     2.0583    123.500     69.252  51846.520    31.9872     3.8532     68.593    7.42019     3.8441    25.4047   13.26086 3.6382e-02 0.0000e+00
        496 110.788296    0.03438     2.0625    123.750     69.528  51846.751    31.9867     3.8510     68.867    7.42063     3.8414    25.4044   13.26160 3.6382e-02 0.0000e+00
        497 110.788299    0.03444     2.0667    124.000     69.802  51847.018    31.9861     3.8485     69.138    7.42110     3.8385    25.4042   13.26239 3.6382e-02 0.0000e+00
        498 110.788302    0.03451     2.0708    124.250     70.072  51846.910    31.9853     3.8458     69.406    7.42163     3.8352    25.4038   13.26326 3.6382e-02 0.0000e+00
        499 110.788304    0.03458     2.0750    124.500     70.340  51846.426    31.9841     3.8429     69.670    7.42221     3.8314    25.4031   13.26424 3.6382e-02 0.0000e+00
        500 110.788307    0.03465     2.0792    124.750     70.605  51845.795    31.9827     3.8396     69.932    7.42288     3.8270    25.4024   13.26536 3.6382e-02 0.0000e+00
        501 110.788310    0.03472     2.0833    125.000     70.868  51845.437    31.9813     3.8358     70.193    7.42364     3.8222    25.4017   13.26663 3.6382e-02 0.0000e+00
        502 110.788313    0.03479     2.0875    125.250     71.130  51846.007    31.9805     3.8315     70.453    7.42447     3.8172    25.4014   13.26801 3.6382e-02 0.0000e+00
        503 110.788316    0.03486     2.0917    125.500     71.393  51847.312    31.9801     3.8267     70.713    7.42535     3.8122    25.4015   13.26948 3.6382e-02 0.0000e+00
        504 110.788319    0.03493     2.0958    125.750     71.657  51849.158    31.9800     3.8217     70.975    7.42626     3.8076    25.4019   13.27098 3.6382e-02 0.0000e+00
        505 110.788322    0.03500     2.1000    126.000     71.923  51852.789    31.9811     3.8167     71.238    7.42712     3.8040    25.4033   13.27238 3.6382e-02 0.0000e+00
        506 110.788325    0.03507     2.1042    126.250     72.192  51858.548    31.9837     3.8121     71.504    7.42782     3.8018    25.4058   13.27351 3.6382e-02 0.0000e+00
        507 110.788328    0.03514     2.1083    126.500     72.461  51864.705    31.9869     3.8086     71.771    7.42831     3.8006    25.4087   13.27427 3.6382e-02 0.0000e+00
        508 110.788330    0.03521     2.1125    126.750     72.729  51869.312    31.9893     3.8063     72.036    7.42859     3.7999    25.4108   13.27471 3.6382e-02 0.0000e+00
        509 110.788333    0.03528     2.1167    127.000     72.995  51872.070    31.9908     3.8051     72.300    7.42874     3.7997    25.4121   13.27492 3.6382e-02 0.0000e+00
        510 110.788336    0.03535     2.1208    127.250     73.260  51874.049    31.9919     3.8045     72.562    7.42879     3.7997    25.4130   13.27500 3.6382e-02 0.0000e+00
        511 110.788339    0.03542     2.1250    127.500     73.525  51875.754    31.9928     3.8043     72.824    7.42878     3.8000    25.4138   13.27497 3.6382e-02 0.0000e+00
        512 110.788342    0.03549     2.1292    127.750     73.791  51877.003    31.9936     3.8044     73.088    7.42873     3.8004    25.4144   13.27487 3.6382e-02 0.0000e+00
        513 110.788345    0.03556     2.1333    128.000     74.059  51877.643    31.9939     3.8047     73.354    7.42866     3.8007    25.4146   13.27475 3.6382e-02 0.0000e+00
        514 110.788348    0.03562     2.1375    128.250     74.328  51877.646    31.9939     3.8051     73.621    7.42859     3.8009    25.4146   13.27463 3.6382e-02 0.0000e+00
        515 110.788351    0.03569     2.1417    128.500     74.598  51877.110    31.9935     3.8054     73.888    7.42855     3.8007    25.4142   13.27458 3.6382e-02 0.0000e+00
        516 110.788354    0.03576     2.1458    128.750     74.868  51876.220    31.9928     3.8056     74.155    7.42856     3.8003    25.4136   13.27460 3.6382e-02 0.0000e+00
        517 110.788356    0.03583     2.1500    129.000     75.139  51875.360    31.9920     3.8055     74.423    7.42862     3.7996    25.4131   13.27470 3.6382e-02 0.0000e+00
        518 110.788359    0.03590     2.1542    129.250     75.411  51874.853    31.9914     3.8050     74.692    7.42872     3.7987    25.4127   13.27488 3.6382e-02 0.0000e+00
        519 110.788362    0.03597     2.1583    129.500     75.682  51874.646    31.9910     3.8043     74.960    7.42887     3.7976    25.4124   13.27513 3.6382e-02 0.0000e+00
        520 110.788365    0.03604     2.1625    129.750     75.950  51874.627    31.9906     3.8034     75.226    7.42906     3.7964    25.4121   13.27545 3.6382e-02 0.0000e+00
        521 110.788368    0.03611     2.1667    130.000     76.216  51874.845    31.9904     3.8023     75.489    7.42927     3.7952    25.4120   13.27580 3.6382e-02 0.0000e+00
        522 110.788371    0.03618     2.1708    130.250     76.480  51875.326    31.9903     3.8011     75.751    7.42949     3.7940    25.4120   13.27616 3.6382e-02 0.0000e+00
        523 110.788374    0.03625     2.1750    130.500     76.745  51876.062    31.9903     3.8000     76.013    7.42970     3.7929    25.4122   13.27651 3.6382e-02 0.0000e+00
        524 110.788377    0.03632     2.1792    130.750     77.010  51877.241    31.9907     3.7988     76.276    7.42989     3.7920    25.4126   13.27682 3.6382e-02 0.0000e+00
        525 110.788380    0.03639     2.1833    131.000     77.277  51879.056    31.9915     3.7977     76.541    7.43004     3.7916    25.4134   13.27706 3.6382e-02 0.0000e+00
        526 110.788383    0.03646     2.1875    131.250     77.547  51881.426    31.9928     3.7969     76.807    7.43013     3.7918    25.4145   13.27719 3.6382e-02 0.0000e+00
        527 110.788385    0.03653     2.1917    131.500     77.818  51884.189    31.9944     3.7965     77.076    7.43012     3.7928    25.4159   13.27715 3.6382e-02 0.0000e+00
        528 110.788388    0.03660     2.1958    131.750     78.090  51887.378    31.9965     3.7967     77.345    7.42997     3.7944    25.4175   13.27688 3.6382e-02 0.0000e+00
        529 110.788391    0.03667     2.2000    132.000     78.361  51890.377    31.9987     3.7977     77.613    7.42969     3.7966    25.4191   13.27639 3.6382e-02 0.0000e+00
        530 110.788394    0.03674     2.2042    132.250     78.630  51891.808    32.0000     3.7994     77.880    7.42932     3.7987    25.4200   13.27576 3.6382e-02 0.0000e+00
        531 110.788397    0.03681     2.2083    132.500     78.895  51891.685    32.0003     3.8016     78.143    7.42892     3.8008    25.4200   13.27509 3.6382e-02 0.0000e+00
        532 110.788400    0.03687     2.2125    132.750     79.157  51891.368    32.0005     3.8037     78.402    7.42851     3.8030    25.4200   13.27442 3.6382e-02 0.0000e+00
        533 110.788403    0.03694     2.2167    133.000     79.416  51891.807    32.0012     3.8058     78.659    7.42810     3.8055    25.4203   13.27372 3.6382e-02 0.0000e+00
        534 110.788406    0.03701     2.2208    133.250     79.675  51893.536    32.0028     3.8080     78.915    7.42763     3.8089    25.4213   13.27293 3.6382e-02 0.0000e+00
        535 110.788409    0.03708     2.2250    133.500     79.935  51897.164    32.0057     3.8105     79.172    7.42701     3.8140    25.4235   13.27188 3.6382e-02 0.0000e+00
        536 110.788411    0.03715     2.2292    133.750     80.197  51903.669    32.0109     3.8140     79.432    7.42613     3.8219    25.4273   13.27035 3.6382e-02 0.0000e+00
        537 110.788414    0.03722     2.2333    134.000     80.461  51914.628    32.0195     3.8191     79.693    7.42477     3.8341    25.4336   13.26800 3.6382e-02 0.0000e+00
        538 110.788417    0.03729     2.2375    134.250     80.727  51931.074    32.0325     3.8270     79.957    7.42268     3.8513    25.4432   13.26438 3.6382e-02 0.0000e+00
        539 110.788420    0.03736     2.2417    134.500     80.995  51948.980    32.0476     3.8392     80.222    7.41970     3.8723    25.4540   13.25927 3.6382e-02 0.0000e+00
        540 110.788423    0.03743     2.2458    134.750     81.266  51960.519    32.0596     3.8564     80.490    7.41598     3.8946    25.4619   13.25298 3.6382e-02 0.0000e+00
        541 110.788426    0.03750     2.2500    135.000     81.537  51960.655    32.0647     3.8775     80.759    7.41191     3.9150    25.4640   13.24620 3.6382e-02 0.0000e+00
        542 110.788429    0.03757     2.2542    135.250     81.809  51948.790    32.0620     3.8998     81.028    7.40802     3.9315    25.4597   13.23981 3.6382e-02 0.0000e+00
