CTD-processing/allCTD/CNV--turbid/2017_11-02_alongbay_ptgr_cast084.cnv
* Sea-Bird SBE19plus Data File:
* FileName = C:\Users\Kim.Powell\Desktop\Not Processed\2017\2017_11-02_\2017_11-02_TRANSECT_STATION_cast084.hex
* Software Version 1.59
* Temperature SN =  4141
* Conductivity SN =  4141
* System UpLoad Time = Nov 07 2017 08:21:32
** 2017_11-02
** Station: PtGr
** Start Time: 15:04
** Depth (m): 68.9
** Comment: Edgecumbe
** Comment:
# nquan = 16
# nvalues = 698                         
# units = specified
# name 0 = scan: Scan Count
# name 1 = timeJ: Julian Days
# name 2 = timeH: Time, Elapsed [hours]
# name 3 = timeM: Time, Elapsed [minutes]
# name 4 = timeS: Time, Elapsed [seconds]
# name 5 = prdM: Pressure, Strain Gauge [db]
# name 6 = specc: Specific Conductance [uS/cm]
# name 7 = sal00: Salinity, Practical [PSU]
# name 8 = tv290C: Temperature [ITS-90, deg C]
# name 9 = depSM: Depth [salt water, m], lat = 59.00
# name 10 = oxsolML/L: Oxygen Saturation, Garcia & Gordon [ml/l]
# name 11 = potemp090C: Potential Temperature [ITS-90, deg C]
# name 12 = sigma-é00: Density [sigma-theta, kg/m^3]
# name 13 = n2satML/L: Nitrogen Saturation [ml/l]
# name 14 = par: PAR/Irradiance, Biospherical/Licor
# name 15 = flag:  0.000e+00
# span 0 =          1,        698       
# span 1 = 306.628113, 306.630130       
# span 2 =    0.00000,    0.04840       
# span 3 =     0.0000,     2.9042       
# span 4 =      0.000,    174.250       
# span 5 =      0.323,     61.395       
# span 6 =  15621.485,  49259.537       
# span 7 =     9.4916,    31.1941       
# span 8 =     7.6846,     9.1329       
# span 9 =      0.320,     60.812       
# span 10 =    6.59564,    7.87995      
# span 11 =     7.9757,     9.1265      
# span 12 =     7.3104,    24.1200      
# span 13 =   11.90817,   14.34781      
# span 14 = 2.2364e-01, 3.5467e+02      
# span 15 = 0.0000e+00, 0.0000e+00      
# interval = seconds: 0.25
# start_time = Nov 02 2017 15:04:29 [Instrument's time stamp, header]
# bad_flag = -9.990e-29
*END*
[from data line 452]
        453 306.629421    0.03139     1.8833    113.000     14.227  48918.379    30.9702     9.1009     14.094    6.60987     9.1070    23.9492   11.93445 2.5353e+01 0.0000e+00
        454 306.629424    0.03146     1.8875    113.250     14.421  48925.563    30.9758     9.1051     14.286    6.60901     9.1094    23.9529   11.93295 2.4926e+01 0.0000e+00
        455 306.629427    0.03153     1.8917    113.500     14.603  48931.196    30.9801     9.1084     14.465    6.60834     9.1112    23.9558   11.93179 2.4705e+01 0.0000e+00
        456 306.629430    0.03160     1.8958    113.750     14.772  48936.636    30.9842     9.1109     14.633    6.60781     9.1125    23.9586   11.93086 2.4528e+01 0.0000e+00
        457 306.629433    0.03167     1.9000    114.000     14.934  48943.228    30.9890     9.1127     14.793    6.60734     9.1135    23.9621   11.93002 2.4243e+01 0.0000e+00
        458 306.629436    0.03174     1.9042    114.250     15.094  48950.896    30.9945     9.1140     14.952    6.60691     9.1142    23.9662   11.92925 2.3762e+01 0.0000e+00
        459 306.629439    0.03181     1.9083    114.500     15.262  48957.935    30.9995     9.1150     15.118    6.60654     9.1148    23.9699   11.92858 2.3103e+01 0.0000e+00
        460 306.629442    0.03188     1.9125    114.750     15.442  48963.502    31.0035     9.1158     15.297    6.60626     9.1152    23.9729   11.92806 2.2370e+01 0.0000e+00
        461 306.629444    0.03194     1.9167    115.000     15.639  48968.439    31.0069     9.1164     15.492    6.60602     9.1155    23.9755   11.92763 2.1680e+01 0.0000e+00
        462 306.629447    0.03201     1.9208    115.250     15.851  48973.758    31.0106     9.1169     15.702    6.60580     9.1157    23.9783   11.92721 2.1109e+01 0.0000e+00
        463 306.629450    0.03208     1.9250    115.500     16.075  48979.471    31.0146     9.1172     15.924    6.60558     9.1158    23.9814   11.92681 2.0643e+01 0.0000e+00
        464 306.629453    0.03215     1.9292    115.750     16.307  48984.677    31.0182     9.1174     16.154    6.60540     9.1159    23.9842   11.92647 2.0188e+01 0.0000e+00
        465 306.629456    0.03222     1.9333    116.000     16.541  48988.609    31.0208     9.1175     16.385    6.60527     9.1159    23.9862   11.92621 1.9691e+01 0.0000e+00
        466 306.629459    0.03229     1.9375    116.250     16.772  48991.037    31.0224     9.1176     16.614    6.60519     9.1160    23.9875   11.92606 1.9219e+01 0.0000e+00
        467 306.629462    0.03236     1.9417    116.500     16.996  48992.230    31.0232     9.1177     16.836    6.60514     9.1160    23.9881   11.92597 1.8809e+01 0.0000e+00
        468 306.629465    0.03243     1.9458    116.750     17.209  48992.862    31.0236     9.1177     17.047    6.60512     9.1161    23.9884   11.92593 1.8423e+01 0.0000e+00
        469 306.629468    0.03250     1.9500    117.000     17.410  48993.434    31.0239     9.1178     17.246    6.60510     9.1161    23.9886   11.92588 1.8062e+01 0.0000e+00
        470 306.629470    0.03257     1.9542    117.250     17.598  48994.037    31.0243     9.1178     17.433    6.60507     9.1161    23.9889   11.92584 1.7723e+01 0.0000e+00
        471 306.629473    0.03264     1.9583    117.500     17.776  48994.762    31.0247     9.1179     17.609    6.60504     9.1161    23.9892   11.92579 1.7378e+01 0.0000e+00
        472 306.629476    0.03271     1.9625    117.750     17.945  48995.983    31.0255     9.1180     17.776    6.60500     9.1161    23.9898   11.92572 1.7000e+01 0.0000e+00
        473 306.629479    0.03278     1.9667    118.000     18.107  48998.054    31.0269     9.1180     17.937    6.60494     9.1162    23.9909   11.92560 1.6584e+01 0.0000e+00
        474 306.629482    0.03285     1.9708    118.250     18.268  49001.510    31.0293     9.1180     18.096    6.60484     9.1162    23.9927   11.92540 1.6144e+01 0.0000e+00
        475 306.629485    0.03292     1.9750    118.500     18.430  49007.714    31.0335     9.1180     18.256    6.60465     9.1163    23.9961   11.92503 1.5692e+01 0.0000e+00
        476 306.629488    0.03299     1.9792    118.750     18.599  49018.557    31.0411     9.1181     18.424    6.60432     9.1164    24.0020   11.92439 1.5255e+01 0.0000e+00
        477 306.629491    0.03306     1.9833    119.000     18.783  49034.897    31.0525     9.1182     18.606    6.60382     9.1166    24.0109   11.92342 1.4863e+01 0.0000e+00
        478 306.629494    0.03313     1.9875    119.250     18.983  49053.274    31.0653     9.1184     18.805    6.60325     9.1168    24.0209   11.92231 1.4518e+01 0.0000e+00
        479 306.629497    0.03319     1.9917    119.500     19.201  49067.500    31.0752     9.1186     19.021    6.60279     9.1170    24.0286   11.92144 1.4206e+01 0.0000e+00
        480 306.629499    0.03326     1.9958    119.750     19.433  49075.808    31.0810     9.1188     19.250    6.60251     9.1170    24.0331   11.92091 1.3912e+01 0.0000e+00
        481 306.629502    0.03333     2.0000    120.000     19.673  49080.784    31.0844     9.1190     19.488    6.60234     9.1171    24.0358   11.92059 1.3614e+01 0.0000e+00
        482 306.629505    0.03340     2.0042    120.250     19.912  49084.473    31.0869     9.1191     19.725    6.60222     9.1172    24.0377   11.92035 1.3291e+01 0.0000e+00
        483 306.629508    0.03347     2.0083    120.500     20.146  49087.579    31.0890     9.1192     19.957    6.60212     9.1172    24.0393   11.92016 1.2935e+01 0.0000e+00
        484 306.629511    0.03354     2.0125    120.750     20.370  49090.325    31.0909     9.1193     20.179    6.60203     9.1173    24.0408   11.91999 1.2567e+01 0.0000e+00
        485 306.629514    0.03361     2.0167    121.000     20.581  49092.792    31.0925     9.1193     20.388    6.60195     9.1173    24.0421   11.91984 1.2222e+01 0.0000e+00
        486 306.629517    0.03368     2.0208    121.250     20.778  49094.728    31.0938     9.1194     20.583    6.60188     9.1174    24.0431   11.91971 1.1916e+01 0.0000e+00
        487 306.629520    0.03375     2.0250    121.500     20.959  49095.637    31.0943     9.1195     20.762    6.60184     9.1174    24.0435   11.91964 1.1660e+01 0.0000e+00
        488 306.629523    0.03382     2.0292    121.750     21.125  49095.814    31.0944     9.1196     20.926    6.60183     9.1174    24.0435   11.91961 1.1459e+01 0.0000e+00
        489 306.629525    0.03389     2.0333    122.000     21.280  49095.976    31.0945     9.1196     21.080    6.60182     9.1174    24.0436   11.91960 1.1288e+01 0.0000e+00
        490 306.629528    0.03396     2.0375    122.250     21.434  49096.062    31.0945     9.1196     21.233    6.60182     9.1173    24.0435   11.91960 1.1108e+01 0.0000e+00
        491 306.629531    0.03403     2.0417    122.500     21.598  49095.926    31.0943     9.1196     21.395    6.60183     9.1173    24.0434   11.91962 1.0893e+01 0.0000e+00
        492 306.629534    0.03410     2.0458    122.750     21.781  49095.892    31.0942     9.1196     21.576    6.60184     9.1172    24.0433   11.91964 1.0645e+01 0.0000e+00
        493 306.629537    0.03417     2.0500    123.000     21.985  49096.108    31.0942     9.1195     21.779    6.60184     9.1172    24.0434   11.91964 1.0393e+01 0.0000e+00
        494 306.629540    0.03424     2.0542    123.250     22.207  49096.570    31.0945     9.1195     21.998    6.60184     9.1172    24.0436   11.91963 1.0156e+01 0.0000e+00
        495 306.629543    0.03431     2.0583    123.500     22.437  49097.343    31.0949     9.1195     22.226    6.60182     9.1173    24.0439   11.91959 9.9388e+00 0.0000e+00
        496 306.629546    0.03438     2.0625    123.750     22.664  49098.503    31.0956     9.1195     22.451    6.60178     9.1173    24.0445   11.91953 9.7391e+00 0.0000e+00
        497 306.629549    0.03444     2.0667    124.000     22.881  49099.951    31.0966     9.1196     22.666    6.60173     9.1173    24.0452   11.91944 9.5555e+00 0.0000e+00
        498 306.629552    0.03451     2.0708    124.250     23.087  49101.278    31.0974     9.1196     22.870    6.60169     9.1173    24.0459   11.91935 9.3754e+00 0.0000e+00
        499 306.629554    0.03458     2.0750    124.500     23.285  49102.072    31.0979     9.1197     23.066    6.60166     9.1173    24.0463   11.91930 9.1803e+00 0.0000e+00
        500 306.629557    0.03465     2.0792    124.750     23.480  49101.912    31.0977     9.1197     23.259    6.60166     9.1172    24.0461   11.91931 8.9654e+00 0.0000e+00
        501 306.629560    0.03472     2.0833    125.000     23.677  49100.921    31.0969     9.1197     23.454    6.60170     9.1172    24.0455   11.91938 8.7417e+00 0.0000e+00
        502 306.629563    0.03479     2.0875    125.250     23.878  49099.883    31.0961     9.1197     23.653    6.60174     9.1171    24.0448   11.91946 8.5276e+00 0.0000e+00
        503 306.629566    0.03486     2.0917    125.500     24.080  49099.178    31.0955     9.1196     23.854    6.60177     9.1171    24.0444   11.91952 8.3351e+00 0.0000e+00
        504 306.629569    0.03493     2.0958    125.750     24.283  49098.773    31.0952     9.1196     24.054    6.60179     9.1171    24.0441   11.91955 8.1669e+00 0.0000e+00
        505 306.629572    0.03500     2.1000    126.000     24.483  49098.672    31.0950     9.1196     24.252    6.60180     9.1171    24.0440   11.91956 8.0176e+00 0.0000e+00
        506 306.629575    0.03507     2.1042    126.250     24.680  49098.461    31.0948     9.1196     24.447    6.60180     9.1172    24.0438   11.91957 7.8744e+00 0.0000e+00
        507 306.629578    0.03514     2.1083    126.500     24.876  49097.430    31.0940     9.1197     24.642    6.60183     9.1172    24.0432   11.91963 7.7284e+00 0.0000e+00
        508 306.629580    0.03521     2.1125    126.750     25.075  49095.496    31.0925     9.1197     24.839    6.60188     9.1172    24.0421   11.91974 7.5764e+00 0.0000e+00
        509 306.629583    0.03528     2.1167    127.000     25.283  49092.671    31.0905     9.1198     25.045    6.60197     9.1171    24.0404   11.91990 7.4158e+00 0.0000e+00
        510 306.629586    0.03535     2.1208    127.250     25.504  49088.372    31.0874     9.1198     25.264    6.60210     9.1170    24.0380   11.92016 7.2466e+00 0.0000e+00
        511 306.629589    0.03542     2.1250    127.500     25.738  49083.275    31.0837     9.1197     25.496    6.60226     9.1170    24.0351   11.92047 7.0733e+00 0.0000e+00
        512 306.629592    0.03549     2.1292    127.750     25.976  49079.548    31.0810     9.1197     25.732    6.60239     9.1169    24.0330   11.92071 6.9001e+00 0.0000e+00
        513 306.629595    0.03556     2.1333    128.000     26.207  49077.836    31.0797     9.1196     25.960    6.60245     9.1169    24.0320   11.92083 6.7274e+00 0.0000e+00
        514 306.629598    0.03562     2.1375    128.250     26.420  49077.741    31.0795     9.1196     26.171    6.60246     9.1169    24.0319   11.92085 6.5590e+00 0.0000e+00
        515 306.629601    0.03569     2.1417    128.500     26.614  49079.183    31.0804     9.1196     26.363    6.60242     9.1170    24.0326   11.92077 6.3998e+00 0.0000e+00
        516 306.629604    0.03576     2.1458    128.750     26.792  49081.403    31.0819     9.1196     26.540    6.60235     9.1171    24.0337   11.92064 6.2481e+00 0.0000e+00
        517 306.629606    0.03583     2.1500    129.000     26.966  49083.526    31.0833     9.1197     26.712    6.60228     9.1171    24.0349   11.92050 6.1005e+00 0.0000e+00
        518 306.629609    0.03590     2.1542    129.250     27.146  49085.372    31.0845     9.1199     26.890    6.60221     9.1172    24.0358   11.92037 5.9568e+00 0.0000e+00
        519 306.629612    0.03597     2.1583    129.500     27.335  49086.852    31.0855     9.1200     27.077    6.60215     9.1172    24.0366   11.92027 5.8210e+00 0.0000e+00
        520 306.629615    0.03604     2.1625    129.750     27.531  49087.504    31.0859     9.1200     27.272    6.60212     9.1172    24.0369   11.92021 5.6977e+00 0.0000e+00
        521 306.629618    0.03611     2.1667    130.000     27.729  49087.966    31.0861     9.1201     27.468    6.60210     9.1172    24.0370   11.92018 5.5854e+00 0.0000e+00
        522 306.629621    0.03618     2.1708    130.250     27.926  49089.486    31.0871     9.1201     27.663    6.60206     9.1173    24.0378   11.92009 5.4810e+00 0.0000e+00
        523 306.629624    0.03625     2.1750    130.500     28.121  49091.849    31.0887     9.1201     27.856    6.60199     9.1173    24.0390   11.91995 5.3833e+00 0.0000e+00
        524 306.629627    0.03632     2.1792    130.750     28.318  49094.073    31.0902     9.1202     28.051    6.60192     9.1173    24.0402   11.91982 5.2884e+00 0.0000e+00
        525 306.629630    0.03639     2.1833    131.000     28.521  49095.562    31.0911     9.1202     28.253    6.60187     9.1173    24.0410   11.91973 5.1905e+00 0.0000e+00
        526 306.629633    0.03646     2.1875    131.250     28.735  49096.649    31.0918     9.1203     28.464    6.60184     9.1173    24.0415   11.91966 5.0887e+00 0.0000e+00
        527 306.629635    0.03653     2.1917    131.500     28.956  49098.288    31.0929     9.1203     28.683    6.60179     9.1172    24.0423   11.91958 4.9842e+00 0.0000e+00
        528 306.629638    0.03660     2.1958    131.750     29.178  49101.359    31.0949     9.1202     28.903    6.60171     9.1172    24.0440   11.91942 4.8764e+00 0.0000e+00
        529 306.629641    0.03667     2.2000    132.000     29.393  49106.585    31.0985     9.1202     29.116    6.60156     9.1171    24.0468   11.91913 4.7664e+00 0.0000e+00
        530 306.629644    0.03674     2.2042    132.250     29.594  49113.460    31.1032     9.1202     29.315    6.60137     9.1169    24.0505   11.91875 4.6614e+00 0.0000e+00
        531 306.629647    0.03681     2.2083    132.500     29.775  49119.833    31.1076     9.1201     29.494    6.60119     9.1168    24.0539   11.91840 4.5675e+00 0.0000e+00
        532 306.629650    0.03687     2.2125    132.750     29.935  49124.321    31.1107     9.1200     29.653    6.60107     9.1167    24.0563   11.91817 4.4833e+00 0.0000e+00
        533 306.629653    0.03694     2.2167    133.000     30.082  49127.256    31.1127     9.1199     29.798    6.60100     9.1167    24.0579   11.91803 4.4038e+00 0.0000e+00
        534 306.629656    0.03701     2.2208    133.250     30.227  49129.147    31.1139     9.1198     29.942    6.60096     9.1166    24.0589   11.91795 4.3239e+00 0.0000e+00
        535 306.629659    0.03708     2.2250    133.500     30.383  49130.100    31.1145     9.1197     30.096    6.60094     9.1166    24.0594   11.91791 4.2380e+00 0.0000e+00
        536 306.629661    0.03715     2.2292    133.750     30.563  49130.099    31.1145     9.1197     30.275    6.60095     9.1166    24.0593   11.91793 4.1434e+00 0.0000e+00
        537 306.629664    0.03722     2.2333    134.000     30.772  49129.217    31.1138     9.1197     30.481    6.60099     9.1165    24.0588   11.91799 4.0445e+00 0.0000e+00
        538 306.629667    0.03729     2.2375    134.250     31.002  49127.885    31.1127     9.1197     30.709    6.60103     9.1165    24.0580   11.91808 3.9502e+00 0.0000e+00
        539 306.629670    0.03736     2.2417    134.500     31.241  49126.313    31.1115     9.1197     30.946    6.60108     9.1164    24.0570   11.91818 3.8670e+00 0.0000e+00
        540 306.629673    0.03743     2.2458    134.750     31.475  49123.943    31.1097     9.1197     31.179    6.60116     9.1164    24.0556   11.91833 3.7937e+00 0.0000e+00
        541 306.629676    0.03750     2.2500    135.000     31.698  49120.666    31.1073     9.1196     31.399    6.60126     9.1164    24.0538   11.91853 3.7238e+00 0.0000e+00
        542 306.629679    0.03757     2.2542    135.250     31.907  49117.494    31.1050     9.1196     31.606    6.60136     9.1164    24.0520   11.91872 3.6535e+00 0.0000e+00
