CTD-processing/allCTD/CNV--turbid/2017_11-02_t6_s02_cast078.cnv
* Sea-Bird SBE19plus Data File:
* FileName = C:\Users\Kim.Powell\Desktop\Not Processed\2017\2017_11-02_\2017_11-02_TRANSECT_STATION_cast078.hex
* Software Version 1.59
* Temperature SN =  4141
* Conductivity SN =  4141
* System UpLoad Time = Nov 07 2017 08:12:04
** 2017_11-02
** Station: 6-02
** Start Time: 12:32
** Depth (m): 51.8
** Comment: Edgecumbe
** Comment:
# nquan = 16
# nvalues = 526                         
# units = specified
# name 0 = scan: Scan Count
# name 1 = timeJ: Julian Days
# name 2 = timeH: Time, Elapsed [hours]
# name 3 = timeM: Time, Elapsed [minutes]
# name 4 = timeS: Time, Elapsed [seconds]
# name 5 = prdM: Pressure, Strain Gauge [db]
# name 6 = specc: Specific Conductance [uS/cm]
# name 7 = sal00: Salinity, Practical [PSU]
# name 8 = tv290C: Temperature [ITS-90, deg C]
# name 9 = depSM: Depth [salt water, m], lat = 59.00
# name 10 = oxsolML/L: Oxygen Saturation, Garcia & Gordon [ml/l]
# name 11 = potemp090C: Potential Temperature [ITS-90, deg C]
# name 12 = sigma-é00: Density [sigma-theta, kg/m^3]
# name 13 = n2satML/L: Nitrogen Saturation [ml/l]
# name 14 = par: PAR/Irradiance, Biospherical/Licor
# name 15 = flag:  0.000e+00
# span 0 =          1,        526       
# span 1 = 306.522708, 306.524227       
# span 2 =    0.00000,    0.03646       
# span 3 =     0.0000,     2.1875       
# span 4 =      0.000,    131.250       
# span 5 =      1.045,     50.831       
# span 6 =  48303.679,  48776.820       
# span 7 =    30.5529,    30.8734       
# span 8 =     8.9109,     9.2377       
# span 9 =      1.035,     50.349       
# span 10 =    6.59813,    6.64889      
# span 11 =     8.9108,     9.2364      
# span 12 =    23.6137,    23.8640      
# span 13 =   11.91622,   12.00230      
# span 14 = 5.9505e-01, 4.4991e+02      
# span 15 = 0.0000e+00, 0.0000e+00      
# interval = seconds: 0.25
# start_time = Nov 02 2017 12:32:42 [Instrument's time stamp, header]
# bad_flag = -9.990e-29
*END*
[from data line 91]
         92 306.522972    0.00632     0.3792     22.750      1.115  48303.679    30.5529     9.1607      1.105    6.61888     9.1403    23.6137   11.95444 3.3753e+02 0.0000e+00
         93 306.522975    0.00639     0.3833     23.000      1.102  48308.772    30.5554     9.1525      1.092    6.61998     9.1268    23.6168   11.95624 3.5053e+02 0.0000e+00
         94 306.522977    0.00646     0.3875     23.250      1.094  48326.752    30.5663     9.1404      1.084    6.62130     9.1155    23.6272   11.95828 3.3295e+02 0.0000e+00
         95 306.522980    0.00653     0.3917     23.500      1.097  48354.353    30.5838     9.1269      1.087    6.62254     9.1089    23.6430   11.96012 3.0654e+02 0.0000e+00
         96 306.522983    0.00660     0.3958     23.750      1.111  48383.596    30.6028     9.1156      1.100    6.62340     9.1076    23.6595   11.96131 3.0644e+02 0.0000e+00
         97 306.522986    0.00667     0.4000     24.000      1.130  48404.520    30.6166     9.1090      1.119    6.62379     9.1103    23.6713   11.96179 3.3821e+02 0.0000e+00
         98 306.522989    0.00674     0.4042     24.250      1.148  48409.954    30.6202     9.1077      1.137    6.62383     9.1142    23.6743   11.96181 3.7129e+02 0.0000e+00
         99 306.522992    0.00681     0.4083     24.500      1.158  48399.746    30.6134     9.1104      1.147    6.62373     9.1171    23.6686   11.96173 3.8597e+02 0.0000e+00
        100 306.522995    0.00688     0.4125     24.750      1.156  48381.354    30.6011     9.1143      1.145    6.62367     9.1171    23.6583   11.96178 3.7393e+02 0.0000e+00
        101 306.522998    0.00694     0.4167     25.000      1.145  48364.203    30.5895     9.1172      1.134    6.62374     9.1134    23.6488   11.96204 3.2857e+02 0.0000e+00
        102 306.523001    0.00701     0.4208     25.250      1.129  48353.600    30.5820     9.1172      1.119    6.62406     9.1067    23.6430   11.96266 2.8828e+02 0.0000e+00
        103 306.523003    0.00708     0.4250     25.500      1.114  48351.055    30.5797     9.1135      1.103    6.62471     9.0989    23.6418   11.96376 2.8079e+02 0.0000e+00
        104 306.523006    0.00715     0.4292     25.750      1.101  48355.926    30.5823     9.1068      1.091    6.62557     9.0915    23.6448   11.96516 2.8887e+02 0.0000e+00
        105 306.523009    0.00722     0.4333     26.000      1.095  48366.629    30.5887     9.0990      1.085    6.62645     9.0853    23.6510   11.96653 2.9640e+02 0.0000e+00
        106 306.523012    0.00729     0.4375     26.250      1.096  48381.609    30.5982     9.0916      1.086    6.62715     9.0806    23.6595   11.96758 2.9021e+02 0.0000e+00
        107 306.523015    0.00736     0.4417     26.500      1.105  48398.376    30.6091     9.0854      1.095    6.62759     9.0773    23.6690   11.96819 2.6444e+02 0.0000e+00
        108 306.523018    0.00743     0.4458     26.750      1.118  48412.221    30.6182     9.0807      1.107    6.62790     9.0750    23.6768   11.96858 2.3887e+02 0.0000e+00
        109 306.523021    0.00750     0.4500     27.000      1.129  48417.722    30.6216     9.0774      1.118    6.62824     9.0728    23.6800   11.96910 2.2673e+02 0.0000e+00
        110 306.523024    0.00757     0.4542     27.250      1.132  48414.161    30.6188     9.0751      1.121    6.62869     9.0689    23.6781   11.96988 2.1772e+02 0.0000e+00
        111 306.523027    0.00764     0.4583     27.500      1.124  48407.707    30.6139     9.0729      1.113    6.62923     9.0623    23.6747   11.97083 2.0510e+02 0.0000e+00
        112 306.523030    0.00771     0.4625     27.750      1.108  48406.353    30.6125     9.0690      1.098    6.62986     9.0541    23.6741   11.97190 1.9122e+02 0.0000e+00
        113 306.523032    0.00778     0.4667     28.000      1.093  48414.442    30.6173     9.0624      1.083    6.63064     9.0469    23.6788   11.97313 1.7805e+02 0.0000e+00
        114 306.523035    0.00785     0.4708     28.250      1.085  48430.460    30.6274     9.0542      1.074    6.63143     9.0426    23.6880   11.97431 1.6721e+02 0.0000e+00
        115 306.523038    0.00792     0.4750     28.500      1.086  48448.274    30.6389     9.0470      1.075    6.63199     9.0410    23.6981   11.97510 1.6420e+02 0.0000e+00
        116 306.523041    0.00799     0.4792     28.750      1.094  48461.317    30.6474     9.0427      1.084    6.63226     9.0412    23.7054   11.97544 1.6768e+02 0.0000e+00
        117 306.523044    0.00806     0.4833     29.000      1.106  48466.268    30.6506     9.0411      1.096    6.63236     9.0428    23.7082   11.97557 1.7347e+02 0.0000e+00
        118 306.523047    0.00813     0.4875     29.250      1.117  48463.674    30.6488     9.0413      1.107    6.63240     9.0458    23.7068   11.97567 1.7828e+02 0.0000e+00
        119 306.523050    0.00819     0.4917     29.500      1.126  48456.621    30.6441     9.0429      1.115    6.63236     9.0499    23.7028   11.97566 1.7875e+02 0.0000e+00
        120 306.523053    0.00826     0.4958     29.750      1.133  48448.659    30.6390     9.0459      1.123    6.63215     9.0546    23.6984   11.97536 1.7975e+02 0.0000e+00
        121 306.523056    0.00833     0.5000     30.000      1.139  48441.325    30.6344     9.0500      1.129    6.63174     9.0594    23.6942   11.97475 1.8841e+02 0.0000e+00
        122 306.523058    0.00840     0.5042     30.250      1.144  48433.150    30.6293     9.0547      1.134    6.63127     9.0635    23.6895   11.97402 2.0520e+02 0.0000e+00
        123 306.523061    0.00847     0.5083     30.500      1.146  48421.759    30.6219     9.0595      1.136    6.63086     9.0653    23.6830   11.97344 2.2304e+02 0.0000e+00
        124 306.523064    0.00854     0.5125     30.750      1.143  48408.153    30.6130     9.0636      1.132    6.63065     9.0637    23.6754   11.97319 2.4304e+02 0.0000e+00
        125 306.523067    0.00861     0.5167     31.000      1.134  48397.143    30.6055     9.0654      1.124    6.63070     9.0584    23.6693   11.97337 2.7284e+02 0.0000e+00
        126 306.523070    0.00868     0.5208     31.250      1.122  48392.752    30.6022     9.0638      1.112    6.63108     9.0504    23.6669   11.97403 3.0708e+02 0.0000e+00
        127 306.523073    0.00875     0.5250     31.500      1.111  48395.839    30.6037     9.0585      1.101    6.63179     9.0414    23.6689   11.97520 3.4416e+02 0.0000e+00
        128 306.523076    0.00882     0.5292     31.750      1.103  48404.977    30.6090     9.0505      1.093    6.63275     9.0331    23.6743   11.97673 3.6117e+02 0.0000e+00
        129 306.523079    0.00889     0.5333     32.000      1.100  48417.428    30.6165     9.0415      1.090    6.63376     9.0263    23.6815   11.97831 3.2676e+02 0.0000e+00
        130 306.523082    0.00896     0.5375     32.250      1.101  48430.424    30.6245     9.0332      1.090    6.63464     9.0212    23.6890   11.97967 2.7393e+02 0.0000e+00
        131 306.523084    0.00903     0.5417     32.500      1.105  48442.203    30.6318     9.0264      1.094    6.63533     9.0176    23.6957   11.98073 2.4330e+02 0.0000e+00
        132 306.523087    0.00910     0.5458     32.750      1.111  48451.643    30.6377     9.0213      1.101    6.63583     9.0152    23.7011   11.98149 2.3872e+02 0.0000e+00
        133 306.523090    0.00917     0.5500     33.000      1.118  48457.608    30.6414     9.0177      1.107    6.63621     9.0135    23.7045   11.98206 2.4806e+02 0.0000e+00
        134 306.523093    0.00924     0.5542     33.250      1.122  48459.206    30.6421     9.0153      1.112    6.63653     9.0122    23.7055   11.98259 2.5748e+02 0.0000e+00
        135 306.523096    0.00931     0.5583     33.500      1.123  48456.863    30.6403     9.0136      1.112    6.63686     9.0109    23.7043   11.98316 2.6579e+02 0.0000e+00
        136 306.523099    0.00937     0.5625     33.750      1.120  48452.856    30.6373     9.0123      1.110    6.63719     9.0098    23.7021   11.98374 2.6166e+02 0.0000e+00
        137 306.523102    0.00944     0.5667     34.000      1.116  48449.662    30.6349     9.0110      1.106    6.63747     9.0086    23.7004   11.98424 2.3972e+02 0.0000e+00
        138 306.523105    0.00951     0.5708     34.250      1.114  48448.176    30.6337     9.0099      1.104    6.63770     9.0074    23.6997   11.98462 2.1962e+02 0.0000e+00
        139 306.523108    0.00958     0.5750     34.500      1.115  48447.867    30.6333     9.0087      1.105    6.63789     9.0062    23.6996   11.98494 2.1501e+02 0.0000e+00
        140 306.523111    0.00965     0.5792     34.750      1.118  48447.576    30.6329     9.0075      1.108    6.63808     9.0049    23.6995   11.98527 2.1216e+02 0.0000e+00
        141 306.523113    0.00972     0.5833     35.000      1.121  48446.620    30.6321     9.0063      1.110    6.63830     9.0036    23.6990   11.98564 1.9609e+02 0.0000e+00
        142 306.523116    0.00979     0.5875     35.250      1.122  48445.599    30.6312     9.0050      1.112    6.63853     9.0023    23.6985   11.98603 1.7694e+02 0.0000e+00
        143 306.523119    0.00986     0.5917     35.500      1.123  48445.586    30.6310     9.0037      1.112    6.63873     9.0010    23.6985   11.98637 1.6392e+02 0.0000e+00
        144 306.523122    0.00993     0.5958     35.750      1.125  48447.017    30.6318     9.0024      1.114    6.63890     8.9998    23.6994   11.98663 1.5634e+02 0.0000e+00
        145 306.523125    0.01000     0.6000     36.000      1.131  48449.744    30.6336     9.0011      1.120    6.63901     8.9987    23.7009   11.98680 1.5476e+02 0.0000e+00
        146 306.523128    0.01007     0.6042     36.250      1.140  48453.160    30.6358     8.9999      1.129    6.63909     8.9977    23.7028   11.98691 1.5757e+02 0.0000e+00
        147 306.523131    0.01014     0.6083     36.500      1.150  48456.049    30.6377     8.9988      1.139    6.63917     8.9968    23.7045   11.98701 1.6203e+02 0.0000e+00
        148 306.523134    0.01021     0.6125     36.750      1.159  48457.133    30.6383     8.9978      1.148    6.63928     8.9957    23.7051   11.98719 1.6502e+02 0.0000e+00
        149 306.523137    0.01028     0.6167     37.000      1.163  48456.026    30.6373     8.9969      1.152    6.63946     8.9944    23.7045   11.98749 1.6767e+02 0.0000e+00
        150 306.523139    0.01035     0.6208     37.250      1.162  48453.696    30.6356     8.9958      1.151    6.63969     8.9925    23.7033   11.98790 1.7706e+02 0.0000e+00
        151 306.523142    0.01042     0.6250     37.500      1.156  48451.867    30.6341     8.9945      1.145    6.63996     8.9898    23.7024   11.98836 1.8810e+02 0.0000e+00
        152 306.523145    0.01049     0.6292     37.750      1.146  48451.751    30.6338     8.9926      1.135    6.64025     8.9863    23.7024   11.98886 1.9109e+02 0.0000e+00
        153 306.523148    0.01056     0.6333     38.000      1.134  48453.794    30.6349     8.9899      1.124    6.64060     8.9823    23.7037   11.98942 1.9004e+02 0.0000e+00
        154 306.523151    0.01063     0.6375     38.250      1.124  48458.156    30.6374     8.9864      1.114    6.64101     8.9786    23.7062   11.99006 1.8893e+02 0.0000e+00
        155 306.523154    0.01069     0.6417     38.500      1.117  48464.432    30.6413     8.9824      1.107    6.64144     8.9759    23.7098   11.99072 1.8959e+02 0.0000e+00
        156 306.523157    0.01076     0.6458     38.750      1.115  48471.318    30.6456     8.9787      1.105    6.64180     8.9743    23.7137   11.99127 1.9519e+02 0.0000e+00
        157 306.523160    0.01083     0.6500     39.000      1.117  48477.216    30.6494     8.9760      1.106    6.64204     8.9734    23.7171   11.99162 2.0665e+02 0.0000e+00
        158 306.523163    0.01090     0.6542     39.250      1.120  48481.070    30.6518     8.9744      1.109    6.64218     8.9727    23.7193   11.99181 2.2013e+02 0.0000e+00
        159 306.523166    0.01097     0.6583     39.500      1.123  48482.779    30.6529     8.9735      1.112    6.64227     8.9721    23.7202   11.99195 2.3159e+02 0.0000e+00
        160 306.523168    0.01104     0.6625     39.750      1.125  48482.913    30.6529     8.9729      1.115    6.64236     8.9711    23.7203   11.99211 2.4589e+02 0.0000e+00
        161 306.523171    0.01111     0.6667     40.000      1.128  48482.099    30.6523     8.9722      1.118    6.64248     8.9694    23.7199   11.99232 2.6223e+02 0.0000e+00
        162 306.523174    0.01118     0.6708     40.250      1.130  48481.068    30.6514     8.9712      1.120    6.64267     8.9668    23.7194   11.99264 2.6417e+02 0.0000e+00
        163 306.523177    0.01125     0.6750     40.500      1.131  48480.988    30.6511     8.9695      1.121    6.64293     8.9628    23.7194   11.99307 2.5094e+02 0.0000e+00
        164 306.523180    0.01132     0.6792     40.750      1.130  48483.140    30.6523     8.9669      1.120    6.64327     8.9572    23.7207   11.99362 2.3610e+02 0.0000e+00
        165 306.523183    0.01139     0.6833     41.000      1.128  48488.335    30.6553     8.9629      1.118    6.64373     8.9505    23.7237   11.99435 2.2379e+02 0.0000e+00
        166 306.523186    0.01146     0.6875     41.250      1.127  48496.652    30.6604     8.9573      1.116    6.64434     8.9439    23.7285   11.99530 2.2539e+02 0.0000e+00
        167 306.523189    0.01153     0.6917     41.500      1.127  48507.175    30.6668     8.9506      1.117    6.64506     8.9382    23.7345   11.99640 2.5211e+02 0.0000e+00
        168 306.523192    0.01160     0.6958     41.750      1.132  48518.131    30.6736     8.9440      1.121    6.64575     8.9337    23.7408   11.99747 2.8959e+02 0.0000e+00
        169 306.523194    0.01167     0.7000     42.000      1.140  48528.167    30.6798     8.9383      1.129    6.64633     8.9304    23.7465   11.99835 3.1580e+02 0.0000e+00
        170 306.523197    0.01174     0.7042     42.250      1.152  48536.818    30.6853     8.9339      1.141    6.64675     8.9280    23.7515   11.99899 3.3376e+02 0.0000e+00
        171 306.523200    0.01181     0.7083     42.500      1.163  48543.458    30.6895     8.9306      1.152    6.64707     8.9262    23.7553   11.99945 3.5759e+02 0.0000e+00
        172 306.523203    0.01188     0.7125     42.750      1.171  48547.278    30.6918     8.9281      1.160    6.64733     8.9248    23.7575   11.99986 3.9156e+02 0.0000e+00
        173 306.523206    0.01194     0.7167     43.000      1.171  48548.429    30.6924     8.9263      1.160    6.64757     8.9236    23.7582   12.00025 4.1601e+02 0.0000e+00
        174 306.523209    0.01201     0.7208     43.250      1.163  48548.286    30.6921     8.9249      1.152    6.64779     8.9223    23.7581   12.00062 4.1430e+02 0.0000e+00
        175 306.523212    0.01208     0.7250     43.500      1.149  48548.283    30.6919     8.9237      1.138    6.64798     8.9210    23.7582   12.00093 4.1065e+02 0.0000e+00
        176 306.523215    0.01215     0.7292     43.750      1.132  48548.958    30.6922     8.9224      1.121    6.64814     8.9197    23.7586   12.00121 4.2065e+02 0.0000e+00
        177 306.523218    0.01222     0.7333     44.000      1.116  48550.215    30.6929     8.9211      1.106    6.64831     8.9186    23.7594   12.00148 4.4753e+02 0.0000e+00
        178 306.523220    0.01229     0.7375     44.250      1.104  48551.616    30.6937     8.9198      1.093    6.64847     8.9179    23.7602   12.00174 4.4991e+02 0.0000e+00
        179 306.523223    0.01236     0.7417     44.500      1.095  48552.609    30.6943     8.9187      1.085    6.64861     8.9174    23.7608   12.00196 3.8113e+02 0.0000e+00
        180 306.523226    0.01243     0.7458     44.750      1.090  48552.986    30.6945     8.9180      1.079    6.64872     8.9172    23.7610   12.00212 3.0484e+02 0.0000e+00
