CTD-processing/allCTD/CNV--turbid/2017_04-19_t7_s01_cast099.cnv
* Sea-Bird SBE19plus Data File:
* FileName = P:\My Documents\kasitsna\Research-KBL\Oceanography-AK\CTD-Data-ALL-to-2017-02\2017-CTD-KachemakBay-CookInlet\2017-04-19-CookInlet-Tran7-Augustine\2017-04-19-CookInlet-Tran7-cast099.hex
* Software Version 1.59
* Temperature SN =  4141
* Conductivity SN =  4141
* System UpLoad Time = Apr 19 2017 16:34:11
** Cook Inlet LTM Transect 7 Augustine west to east
** Date: 2017-04-19
** Station: (eg. 9-01): 7-01
** Start time (AKDT): 08:20
** Depth (m): 29.6
** Comment: R/V Alaska Dreamcatcher
** Comment:
# nquan = 16
# nvalues = 358                         
# units = specified
# name 0 = scan: Scan Count
# name 1 = timeJ: Julian Days
# name 2 = timeH: Time, Elapsed [hours]
# name 3 = timeM: Time, Elapsed [minutes]
# name 4 = timeS: Time, Elapsed [seconds]
# name 5 = prdM: Pressure, Strain Gauge [db]
# name 6 = specc: Specific Conductance [uS/cm]
# name 7 = sal00: Salinity, Practical [PSU]
# name 8 = tv290C: Temperature [ITS-90, deg C]
# name 9 = depSM: Depth [salt water, m], lat = 59.00
# name 10 = oxsolML/L: Oxygen Saturation, Garcia & Gordon [ml/l]
# name 11 = potemp090C: Potential Temperature [ITS-90, deg C]
# name 12 = sigma-é00: Density [sigma-theta, kg/m^3]
# name 13 = n2satML/L: Nitrogen Saturation [ml/l]
# name 14 = par: PAR/Irradiance, Biospherical/Licor
# name 15 = flag:  0.000e+00
# span 0 =          1,        358       
# span 1 = 109.347257, 109.348290       
# span 2 =    0.00000,    0.02479       
# span 3 =     0.0000,     1.4875       
# span 4 =      0.000,     89.250       
# span 5 =     -0.064,     30.247       
# span 6 =    146.567,  52122.461       
# span 7 =     0.0700,    32.1166       
# span 8 =     2.8731,    13.5239       
# span 9 =     -0.063,     29.962       
# span 10 =    7.04128,    7.63804      
# span 11 =     2.8723,    13.5228      
# span 12 =    -0.6347,    25.5419      
# span 13 =   12.79143,   13.62955      
# span 14 = 2.0359e-01, 1.4253e+02      
# span 15 = 0.0000e+00, 0.0000e+00      
# interval = seconds: 0.25
# start_time = Apr 19 2017 08:20:03 [Instrument's time stamp, header]
# bad_flag = -9.990e-29
*END*
[from data line 91]
         92 109.347520    0.00632     0.3792     22.750      1.151  51379.648    31.6160     3.4979      1.140    7.50398     3.4886    25.1416   13.40400 8.8478e+01 0.0000e+00
         93 109.347523    0.00639     0.3833     23.000      1.143  51370.344    31.6087     3.4941      1.133    7.50504     3.4829    25.1361   13.40585 8.7183e+01 0.0000e+00
         94 109.347526    0.00646     0.3875     23.250      1.136  51353.000    31.5955     3.4886      1.125    7.50673     3.4778    25.1261   13.40880 8.5232e+01 0.0000e+00
         95 109.347529    0.00653     0.3917     23.500      1.132  51341.028    31.5860     3.4829      1.121    7.50827     3.4735    25.1190   13.41146 8.1629e+01 0.0000e+00
         96 109.347532    0.00660     0.3958     23.750      1.133  51346.273    31.5883     3.4779      1.123    7.50909     3.4707    25.1213   13.41278 7.6920e+01 0.0000e+00
         97 109.347535    0.00667     0.4000     24.000      1.139  51375.362    31.6070     3.4736      1.128    7.50893     3.4711    25.1366   13.41228 7.3245e+01 0.0000e+00
         98 109.347538    0.00674     0.4042     24.250      1.146  51430.237    31.6436     3.4708      1.135    7.50758     3.4755    25.1659   13.40957 7.1142e+01 0.0000e+00
         99 109.347541    0.00681     0.4083     24.500      1.150  51506.381    31.6954     3.4711      1.140    7.50489     3.4824    25.2072   13.40444 6.9803e+01 0.0000e+00
        100 109.347543    0.00688     0.4125     24.750      1.151  51581.192    31.7473     3.4756      1.140    7.50142     3.4874    25.2482   13.39803 6.8634e+01 0.0000e+00
        101 109.347546    0.00694     0.4167     25.000      1.148  51615.116    31.7721     3.4825      1.137    7.49889     3.4876    25.2673   13.39354 6.7238e+01 0.0000e+00
        102 109.347549    0.00701     0.4208     25.250      1.141  51594.069    31.7591     3.4875      1.130    7.49862     3.4830    25.2565   13.39327 6.5354e+01 0.0000e+00
        103 109.347552    0.00708     0.4250     25.500      1.132  51544.365    31.7254     3.4876      1.122    7.50031     3.4768    25.2296   13.39651 6.3351e+01 0.0000e+00
        104 109.347555    0.00715     0.4292     25.750      1.126  51498.047    31.6927     3.4831      1.116    7.50282     3.4728    25.2040   13.40108 6.2003e+01 0.0000e+00
        105 109.347558    0.00722     0.4333     26.000      1.125  51479.832    31.6788     3.4769      1.115    7.50467     3.4731    25.1935   13.40431 6.1424e+01 0.0000e+00
        106 109.347561    0.00729     0.4375     26.250      1.129  51506.021    31.6956     3.4728      1.119    7.50457     3.4787    25.2072   13.40391 6.1423e+01 0.0000e+00
        107 109.347564    0.00736     0.4417     26.500      1.136  51584.798    31.7492     3.4731      1.126    7.50179     3.4897    25.2499   13.39863 6.1961e+01 0.0000e+00
        108 109.347567    0.00743     0.4458     26.750      1.143  51712.079    31.8372     3.4787      1.133    7.49628     3.5050    25.3194   13.38838 6.2639e+01 0.0000e+00
        109 109.347569    0.00750     0.4500     27.000      1.148  51843.859    31.9296     3.4897      1.137    7.48955     3.5245    25.3920   13.37606 6.2853e+01 0.0000e+00
        110 109.347572    0.00757     0.4542     27.250      1.149  51920.304    31.9854     3.5050      1.138    7.48390     3.5472    25.4351   13.36602 6.2589e+01 0.0000e+00
        111 109.347575    0.00764     0.4583     27.500      1.147  51918.490    31.9891     3.5245      1.136    7.48011     3.5654    25.4363   13.35971 6.2420e+01 0.0000e+00
        112 109.347578    0.00771     0.4625     27.750      1.143  51843.096    31.9435     3.5472      1.132    7.47826     3.5728    25.3979   13.35725 6.2614e+01 0.0000e+00
        113 109.347581    0.00778     0.4667     28.000      1.140  51728.180    31.8699     3.5654      1.129    7.47865     3.5716    25.3377   13.35886 6.2718e+01 0.0000e+00
        114 109.347584    0.00785     0.4708     28.250      1.140  51634.699    31.8082     3.5729      1.129    7.48040     3.5678    25.2879   13.36257 6.2374e+01 0.0000e+00
        115 109.347587    0.00792     0.4750     28.500      1.144  51605.563    31.7881     3.5716      1.133    7.48165     3.5669    25.2720   13.36489 6.2013e+01 0.0000e+00
        116 109.347590    0.00799     0.4792     28.750      1.150  51654.827    31.8207     3.5678      1.139    7.48070     3.5706    25.2982   13.36290 6.1982e+01 0.0000e+00
        117 109.347593    0.00806     0.4833     29.000      1.156  51767.054    31.8968     3.5670      1.146    7.47700     3.5776    25.3589   13.35579 6.2008e+01 0.0000e+00
        118 109.347595    0.00813     0.4875     29.250      1.161  51893.187    31.9836     3.5707      1.151    7.47192     3.5896    25.4277   13.34626 6.1973e+01 0.0000e+00
        119 109.347598    0.00819     0.4917     29.500      1.163  51990.460    32.0515     3.5776      1.152    7.46721     3.6107    25.4811   13.33760 6.2101e+01 0.0000e+00
        120 109.347601    0.00826     0.4958     29.750      1.161  52047.412    32.0933     3.5896      1.150    7.46290     3.6378    25.5133   13.32994 6.2400e+01 0.0000e+00
        121 109.347604    0.00833     0.5000     30.000      1.154  52059.441    32.1069     3.6108      1.144    7.45835     3.6606    25.5221   13.32225 6.2792e+01 0.0000e+00
        122 109.347607    0.00840     0.5042     30.250      1.145  52024.912    32.0902     3.6379      1.135    7.45424     3.6707    25.5063   13.31569 6.3353e+01 0.0000e+00
        123 109.347610    0.00847     0.5083     30.500      1.134  51951.845    32.0461     3.6607      1.124    7.45230     3.6652    25.4692   13.31307 6.3817e+01 0.0000e+00
        124 109.347613    0.00854     0.5125     30.750      1.126  51848.607    31.9783     3.6708      1.116    7.45388     3.6458    25.4143   13.31657 6.3620e+01 0.0000e+00
        125 109.347616    0.00861     0.5167     31.000      1.122  51731.078    31.8969     3.6653      1.112    7.45900     3.6176    25.3500   13.32609 6.2852e+01 0.0000e+00
        126 109.347619    0.00868     0.5208     31.250      1.125  51626.297    31.8207     3.6459      1.115    7.46640     3.5869    25.2911   13.33929 6.2227e+01 0.0000e+00
        127 109.347622    0.00875     0.5250     31.500      1.132  51556.577    31.7662     3.6177      1.122    7.47433     3.5590    25.2503   13.35309 6.2164e+01 0.0000e+00
        128 109.347624    0.00882     0.5292     31.750      1.142  51537.038    31.7453     3.5870      1.131    7.48103     3.5375    25.2364   13.36443 6.2602e+01 0.0000e+00
        129 109.347627    0.00889     0.5333     32.000      1.151  51577.924    31.7661     3.5591      1.140    7.48509     3.5231    25.2556   13.37085 6.3144e+01 0.0000e+00
        130 109.347630    0.00896     0.5375     32.250      1.156  51679.543    31.8298     3.5376      1.145    7.48581     3.5135    25.3083   13.37120 6.3271e+01 0.0000e+00
        131 109.347633    0.00903     0.5417     32.500      1.158  51820.141    31.9219     3.5232      1.147    7.48377     3.5043    25.3828   13.36664 6.2937e+01 0.0000e+00
        132 109.347636    0.00910     0.5458     32.750      1.157  51953.445    32.0101     3.5136      1.146    7.48107     3.4948    25.4540   13.36101 6.2525e+01 0.0000e+00
        133 109.347639    0.00917     0.5500     33.000      1.155  52042.350    32.0683     3.5044      1.144    7.47979     3.4871    25.5012   13.35815 6.2172e+01 0.0000e+00
        134 109.347642    0.00924     0.5542     33.250      1.154  52074.736    32.0879     3.4948      1.143    7.48056     3.4822    25.5177   13.35915 6.1812e+01 0.0000e+00
        135 109.347645    0.00931     0.5583     33.500      1.155  52045.097    32.0658     3.4871      1.144    7.48310     3.4786    25.5007   13.36364 6.1556e+01 0.0000e+00
        136 109.347648    0.00937     0.5625     33.750      1.157  51968.402    32.0123     3.4823      1.146    7.48670     3.4744    25.4586   13.37028 6.1460e+01 0.0000e+00
        137 109.347650    0.00944     0.5667     34.000      1.161  51887.929    31.9567     3.4787      1.150    7.49020     3.4701    25.4146   13.37677 6.1420e+01 0.0000e+00
        138 109.347653    0.00951     0.5708     34.250      1.165  51842.356    31.9246     3.4745      1.154    7.49260     3.4683    25.3895   13.38115 6.1358e+01 0.0000e+00
        139 109.347656    0.00958     0.5750     34.500      1.165  51852.876    31.9307     3.4702      1.155    7.49310     3.4711    25.3947   13.38190 6.1352e+01 0.0000e+00
        140 109.347659    0.00965     0.5792     34.750      1.163  51920.421    31.9762     3.4684      1.152    7.49111     3.4764    25.4311   13.37803 6.1586e+01 0.0000e+00
        141 109.347662    0.00972     0.5833     35.000      1.157  52014.903    32.0412     3.4712      1.146    7.48728     3.4798    25.4826   13.37085 6.1926e+01 0.0000e+00
        142 109.347665    0.00979     0.5875     35.250      1.150  52091.507    32.0946     3.4765      1.139    7.48360     3.4808    25.5247   13.36407 6.1950e+01 0.0000e+00
        143 109.347668    0.00986     0.5917     35.500      1.143  52122.461    32.1166     3.4799      1.132    7.48186     3.4819    25.5419   13.36091 6.1591e+01 0.0000e+00
        144 109.347671    0.00993     0.5958     35.750      1.139  52094.110    32.0976     3.4809      1.128    7.48263     3.4829    25.5266   13.36243 6.1078e+01 0.0000e+00
        145 109.347674    0.01000     0.6000     36.000      1.139  51994.514    32.0301     3.4820      1.128    7.48586     3.4815    25.4728   13.36865 6.0580e+01 0.0000e+00
        146 109.347677    0.01007     0.6042     36.250      1.146  51844.651    31.9284     3.4830      1.135    7.49085     3.4779    25.3917   13.37822 6.0317e+01 0.0000e+00
        147 109.347679    0.01014     0.6083     36.500      1.159  51707.856    31.8350     3.4816      1.148    7.49584     3.4746    25.3175   13.38768 6.0449e+01 0.0000e+00
        148 109.347682    0.01021     0.6125     36.750      1.173  51638.535    31.7870     3.4780      1.162    7.49896     3.4741    25.2795   13.39347 6.0722e+01 0.0000e+00
        149 109.347685    0.01028     0.6167     37.000      1.184  51654.404    31.7969     3.4747      1.173    7.49906     3.4756    25.2877   13.39350 6.0799e+01 0.0000e+00
        150 109.347688    0.01035     0.6208     37.250      1.189  51741.230    31.8558     3.4742      1.178    7.49617     3.4768    25.3347   13.38795 6.0613e+01 0.0000e+00
        151 109.347691    0.01042     0.6250     37.500      1.187  51852.729    31.9320     3.4757      1.176    7.49202     3.4796    25.3952   13.38010 6.0241e+01 0.0000e+00
        152 109.347694    0.01049     0.6292     37.750      1.179  51938.020    31.9903     3.4769      1.169    7.48881     3.4875    25.4415   13.37405 5.9907e+01 0.0000e+00
        153 109.347697    0.01056     0.6333     38.000      1.172  51970.232    32.0129     3.4797      1.162    7.48716     3.4983    25.4593   13.37103 5.9855e+01 0.0000e+00
        154 109.347700    0.01063     0.6375     38.250      1.169  51940.795    31.9949     3.4875      1.159    7.48663     3.5064    25.4442   13.37038 6.0021e+01 0.0000e+00
        155 109.347703    0.01069     0.6417     38.500      1.172  51867.334    31.9477     3.4984      1.161    7.48702     3.5105    25.4056   13.37165 6.0101e+01 0.0000e+00
        156 109.347705    0.01076     0.6458     38.750      1.178  51798.076    31.9026     3.5065      1.167    7.48782     3.5137    25.3690   13.37356 6.0270e+01 0.0000e+00
        157 109.347708    0.01083     0.6500     39.000      1.185  51776.592    31.8890     3.5106      1.174    7.48776     3.5189    25.3578   13.37363 6.0792e+01 0.0000e+00
        158 109.347711    0.01090     0.6542     39.250      1.188  51816.603    31.9170     3.5137      1.177    7.48577     3.5272    25.3798   13.36998 6.1178e+01 0.0000e+00
        159 109.347714    0.01097     0.6583     39.500      1.184  51899.071    31.9745     3.5190      1.174    7.48188     3.5384    25.4251   13.36282 6.1016e+01 0.0000e+00
        160 109.347717    0.01104     0.6625     39.750      1.174  51980.659    32.0321     3.5273      1.163    7.47743     3.5535    25.4702   13.35471 6.0536e+01 0.0000e+00
        161 109.347720    0.01111     0.6667     40.000      1.161  52022.686    32.0636     3.5385      1.150    7.47378     3.5708    25.4943   13.34828 6.0165e+01 0.0000e+00
        162 109.347723    0.01118     0.6708     40.250      1.149  52003.019    32.0540     3.5536      1.138    7.47148     3.5827    25.4853   13.34462 6.0228e+01 0.0000e+00
        163 109.347726    0.01125     0.6750     40.500      1.141  51918.487    32.0008     3.5709      1.131    7.47101     3.5827    25.4414   13.34453 6.0534e+01 0.0000e+00
        164 109.347729    0.01132     0.6792     40.750      1.140  51794.380    31.9193     3.5827      1.129    7.47297     3.5704    25.3754   13.34884 6.0664e+01 0.0000e+00
        165 109.347731    0.01139     0.6833     41.000      1.143  51670.986    31.8353     3.5827      1.133    7.47723     3.5499    25.3085   13.35696 6.0742e+01 0.0000e+00
        166 109.347734    0.01146     0.6875     41.250      1.151  51578.065    31.7690     3.5705      1.141    7.48284     3.5262    25.2569   13.36709 6.0650e+01 0.0000e+00
        167 109.347737    0.01153     0.6917     41.500      1.162  51524.245    31.7273     3.5500      1.151    7.48873     3.5031    25.2255   13.37737 5.9942e+01 0.0000e+00
        168 109.347740    0.01160     0.6958     41.750      1.172  51504.212    31.7077     3.5263      1.161    7.49410     3.4827    25.2120   13.38648 5.8880e+01 0.0000e+00
        169 109.347743    0.01167     0.7000     42.000      1.182  51506.978    31.7037     3.5032      1.171    7.49854     3.4651    25.2110   13.39386 5.7942e+01 0.0000e+00
        170 109.347746    0.01174     0.7042     42.250      1.192  51521.817    31.7087     3.4828      1.181    7.50206     3.4503    25.2167   13.39961 5.7523e+01 0.0000e+00
        171 109.347749    0.01181     0.7083     42.500      1.200  51542.713    31.7184     3.4652      1.189    7.50481     3.4384    25.2261   13.40401 5.7665e+01 0.0000e+00
        172 109.347752    0.01188     0.7125     42.750      1.206  51568.119    31.7319     3.4503      1.195    7.50686     3.4300    25.2382   13.40723 5.7769e+01 0.0000e+00
        173 109.347755    0.01194     0.7167     43.000      1.209  51598.915    31.7498     3.4384      1.198    7.50815     3.4255    25.2535   13.40912 5.7632e+01 0.0000e+00
        174 109.347758    0.01201     0.7208     43.250      1.208  51634.902    31.7721     3.4300      1.197    7.50857     3.4251    25.2720   13.40952 5.7644e+01 0.0000e+00
        175 109.347760    0.01208     0.7250     43.500      1.203  51671.399    31.7958     3.4256      1.192    7.50818     3.4276    25.2913   13.40856 5.7848e+01 0.0000e+00
        176 109.347763    0.01215     0.7292     43.750      1.195  51698.286    31.8140     3.4252      1.184    7.50734     3.4311    25.3058   13.40693 5.7869e+01 0.0000e+00
        177 109.347766    0.01222     0.7333     44.000      1.185  51704.534    31.8189     3.4277      1.174    7.50662     3.4331    25.3095   13.40568 5.7721e+01 0.0000e+00
        178 109.347769    0.01229     0.7375     44.250      1.175  51687.536    31.8082     3.4312      1.164    7.50652     3.4320    25.3007   13.40565 5.7809e+01 0.0000e+00
        179 109.347772    0.01236     0.7417     44.500      1.166  51655.733    31.7871     3.4332      1.155    7.50722     3.4276    25.2837   13.40709 5.8088e+01 0.0000e+00
        180 109.347775    0.01243     0.7458     44.750      1.160  51621.762    31.7638     3.4320      1.149    7.50863     3.4214    25.2652   13.40971 5.8151e+01 0.0000e+00
