CTD-processing/allCTD/CNV--turbid/2017_11-07_t9_s07_cast112.cnv
* Sea-Bird SBE19plus Data File:
* FileName = C:\Users\Kim.Powell\Desktop\Not Processed\2017\2017_11-07_AlongBay,T9_4141\2017_11-07_TRANSECT_STATION_cast112.hex
* Software Version 1.59
* Temperature SN =  4141
* Conductivity SN =  4141
* System UpLoad Time = Nov 09 2017 10:46:58
** 2017_11-07
** Station: 9-07
** Start Time: 15:55
** Depth (m): 103
** Comment: Edgecumbe
** Comment: CTD time 1 hr off for daylight savings time
# nquan = 16
# nvalues = 725                         
# units = specified
# name 0 = scan: Scan Count
# name 1 = timeJ: Julian Days
# name 2 = timeH: Time, Elapsed [hours]
# name 3 = timeM: Time, Elapsed [minutes]
# name 4 = timeS: Time, Elapsed [seconds]
# name 5 = prdM: Pressure, Strain Gauge [db]
# name 6 = specc: Specific Conductance [uS/cm]
# name 7 = sal00: Salinity, Practical [PSU]
# name 8 = tv290C: Temperature [ITS-90, deg C]
# name 9 = depSM: Depth [salt water, m], lat = 59.00
# name 10 = oxsolML/L: Oxygen Saturation, Garcia & Gordon [ml/l]
# name 11 = potemp090C: Potential Temperature [ITS-90, deg C]
# name 12 = sigma-é00: Density [sigma-theta, kg/m^3]
# name 13 = n2satML/L: Nitrogen Saturation [ml/l]
# name 14 = par: PAR/Irradiance, Biospherical/Licor
# name 15 = flag:  0.000e+00
# span 0 =          1,        725       
# span 1 = 311.705174, 311.707269       
# span 2 =    0.00000,    0.05028       
# span 3 =     0.0000,     3.0167       
# span 4 =      0.000,    181.000       
# span 5 =      0.536,     95.452       
# span 6 =  47755.742,  50540.207       
# span 7 =    30.0109,    31.6547       
# span 8 =     6.3475,     8.9126       
# span 9 =      0.531,     94.538       
# span 10 =    6.64300,    7.00781      
# span 11 =     6.9987,     8.9048      
# span 12 =    23.3539,    24.8658      
# span 13 =   11.99071,   12.58413      
# span 14 = 4.1253e-02, 3.8720e+01      
# span 15 = 0.0000e+00, 0.0000e+00      
# interval = seconds: 0.25
# start_time = Nov 07 2017 16:55:27 [Instrument's time stamp, header]
# bad_flag = -9.990e-29
*END*
[from data line 272]
        273 311.705961    0.01889     1.1333     68.000      2.228  48316.417    30.4273     8.2109      2.207    6.76699     8.2181    23.6552   12.20125 1.5505e+01 0.0000e+00
        274 311.705964    0.01896     1.1375     68.250      2.426  48317.156    30.4282     8.2145      2.403    6.76640     8.2219    23.6554   12.20026 1.4415e+01 0.0000e+00
        275 311.705966    0.01903     1.1417     68.500      2.628  48317.624    30.4290     8.2183      2.603    6.76579     8.2260    23.6555   12.19922 1.3406e+01 0.0000e+00
        276 311.705969    0.01910     1.1458     68.750      2.833  48319.254    30.4306     8.2222      2.807    6.76513     8.2308    23.6563   12.19811 1.2481e+01 0.0000e+00
        277 311.705972    0.01917     1.1500     69.000      3.039  48323.852    30.4344     8.2263      3.010    6.76434     8.2366    23.6586   12.19675 1.1651e+01 0.0000e+00
        278 311.705975    0.01924     1.1542     69.250      3.243  48329.415    30.4389     8.2311      3.212    6.76340     8.2432    23.6615   12.19514 1.0910e+01 0.0000e+00
        279 311.705978    0.01931     1.1583     69.500      3.446  48332.903    30.4421     8.2370      3.414    6.76236     8.2501    23.6631   12.19338 1.0234e+01 0.0000e+00
        280 311.705981    0.01938     1.1625     69.750      3.653  48335.337    30.4447     8.2435      3.618    6.76125     8.2574    23.6642   12.19150 9.5942e+00 0.0000e+00
        281 311.705984    0.01944     1.1667     70.000      3.866  48338.237    30.4476     8.2504      3.830    6.76006     8.2652    23.6656   12.18950 8.9837e+00 0.0000e+00
        282 311.705987    0.01951     1.1708     70.250      4.086  48342.121    30.4513     8.2578      4.048    6.75877     8.2737    23.6674   12.18733 8.4139e+00 0.0000e+00
        283 311.705990    0.01958     1.1750     70.500      4.311  48345.967    30.4551     8.2657      4.270    6.75740     8.2821    23.6692   12.18501 7.8943e+00 0.0000e+00
        284 311.705992    0.01965     1.1792     70.750      4.536  48345.825    30.4561     8.2742      4.493    6.75605     8.2893    23.6689   12.18276 7.4248e+00 0.0000e+00
        285 311.705995    0.01972     1.1833     71.000      4.759  48340.643    30.4537     8.2826      4.714    6.75487     8.2946    23.6657   12.18084 7.0026e+00 0.0000e+00
        286 311.705998    0.01979     1.1875     71.250      4.977  48334.418    30.4503     8.2898      4.930    6.75392     8.2985    23.6620   12.17932 6.6214e+00 0.0000e+00
        287 311.706001    0.01986     1.1917     71.500      5.190  48331.041    30.4486     8.2951      5.141    6.75319     8.3022    23.6600   12.17812 6.2698e+00 0.0000e+00
        288 311.706004    0.01993     1.1958     71.750      5.400  48332.822    30.4503     8.2990      5.349    6.75251     8.3070    23.6608   12.17698 5.9382e+00 0.0000e+00
        289 311.706007    0.02000     1.2000     72.000      5.610  48339.952    30.4558     8.3027      5.557    6.75171     8.3135    23.6645   12.17559 5.6205e+00 0.0000e+00
        290 311.706010    0.02007     1.2042     72.250      5.824  48348.930    30.4626     8.3075      5.769    6.75067     8.3214    23.6692   12.17379 5.3140e+00 0.0000e+00
        291 311.706013    0.02014     1.2083     72.500      6.043  48355.039    30.4678     8.3141      5.986    6.74944     8.3294    23.6722   12.17168 5.0214e+00 0.0000e+00
        292 311.706016    0.02021     1.2125     72.750      6.265  48356.409    30.4698     8.3220      6.206    6.74815     8.3368    23.6727   12.16952 4.7451e+00 0.0000e+00
        293 311.706019    0.02028     1.2167     73.000      6.487  48356.541    30.4710     8.3300      6.426    6.74689     8.3441    23.6725   12.16741 4.4839e+00 0.0000e+00
        294 311.706021    0.02035     1.2208     73.250      6.710  48359.542    30.4740     8.3374      6.647    6.74562     8.3516    23.6738   12.16527 4.2363e+00 0.0000e+00
        295 311.706024    0.02042     1.2250     73.500      6.932  48362.976    30.4774     8.3447      6.867    6.74435     8.3588    23.6754   12.16314 4.0016e+00 0.0000e+00
        296 311.706027    0.02049     1.2292     73.750      7.153  48362.650    30.4782     8.3523      7.086    6.74317     8.3648    23.6750   12.16118 3.7782e+00 0.0000e+00
        297 311.706030    0.02056     1.2333     74.000      7.373  48359.586    30.4770     8.3595      7.304    6.74213     8.3698    23.6730   12.15947 3.5651e+00 0.0000e+00
        298 311.706033    0.02063     1.2375     74.250      7.596  48357.511    30.4763     8.3656      7.525    6.74123     8.3743    23.6717   12.15799 3.3625e+00 0.0000e+00
        299 311.706036    0.02069     1.2417     74.500      7.823  48358.347    30.4776     8.3706      7.750    6.74042     8.3788    23.6719   12.15662 3.1717e+00 0.0000e+00
        300 311.706039    0.02076     1.2458     74.750      8.053  48362.323    30.4809     8.3750      7.978    6.73959     8.3842    23.6739   12.15522 2.9936e+00 0.0000e+00
        301 311.706042    0.02083     1.2500     75.000      8.284  48370.609    30.4873     8.3796      8.207    6.73862     8.3914    23.6782   12.15353 2.8286e+00 0.0000e+00
        302 311.706045    0.02090     1.2542     75.250      8.512  48383.897    30.4972     8.3850      8.433    6.73736     8.4008    23.6852   12.15132 2.6773e+00 0.0000e+00
        303 311.706047    0.02097     1.2583     75.500      8.735  48400.632    30.5099     8.3922      8.654    6.73572     8.4125    23.6940   12.14845 2.5389e+00 0.0000e+00
        304 311.706050    0.02104     1.2625     75.750      8.951  48417.681    30.5230     8.4016      8.868    6.73371     8.4255    23.7030   12.14496 2.4116e+00 0.0000e+00
        305 311.706053    0.02111     1.2667     76.000      9.161  48428.729    30.5324     8.4134      9.075    6.73152     8.4376    23.7086   12.14122 2.2935e+00 0.0000e+00
        306 311.706056    0.02118     1.2708     76.250      9.368  48428.559    30.5340     8.4264      9.280    6.72947     8.4467    23.7081   12.13781 2.1818e+00 0.0000e+00
        307 311.706059    0.02125     1.2750     76.500      9.577  48418.321    30.5285     8.4385      9.487    6.72787     8.4515    23.7020   12.13523 2.0738e+00 0.0000e+00
        308 311.706062    0.02132     1.2792     76.750      9.793  48400.815    30.5176     8.4476      9.701    6.72697     8.4517    23.6921   12.13386 1.9678e+00 0.0000e+00
        309 311.706065    0.02139     1.2833     77.000     10.018  48380.073    30.5037     8.4525      9.924    6.72683     8.4482    23.6806   12.13381 1.8634e+00 0.0000e+00
        310 311.706068    0.02146     1.2875     77.250     10.251  48364.509    30.4928     8.4527     10.155    6.72728     8.4436    23.6720   12.13469 1.7616e+00 0.0000e+00
        311 311.706071    0.02153     1.2917     77.500     10.488  48360.693    30.4895     8.4493     10.390    6.72794     8.4405    23.6699   12.13582 1.6651e+00 0.0000e+00
        312 311.706073    0.02160     1.2958     77.750     10.722  48368.735    30.4944     8.4447     10.622    6.72842     8.4406    23.6744   12.13656 1.5759e+00 0.0000e+00
        313 311.706076    0.02167     1.3000     78.000     10.950  48383.828    30.5043     8.4416     10.847    6.72845     8.4436    23.6827   12.13648 1.4941e+00 0.0000e+00
        314 311.706079    0.02174     1.3042     78.250     11.171  48398.632    30.5146     8.4417     11.066    6.72799     8.4486    23.6907   12.13560 1.4185e+00 0.0000e+00
        315 311.706082    0.02181     1.3083     78.500     11.388  48408.677    30.5219     8.4448     11.281    6.72720     8.4542    23.6960   12.13420 1.3482e+00 0.0000e+00
        316 311.706085    0.02187     1.3125     78.750     11.603  48413.489    30.5259     8.4497     11.494    6.72628     8.4592    23.6984   12.13262 1.2815e+00 0.0000e+00
        317 311.706088    0.02194     1.3167     79.000     11.822  48413.230    30.5265     8.4553     11.711    6.72541     8.4630    23.6980   12.13118 1.2174e+00 0.0000e+00
        318 311.706091    0.02201     1.3208     79.250     12.046  48410.103    30.5249     8.4603     11.933    6.72472     8.4657    23.6961   12.13005 1.1560e+00 0.0000e+00
        319 311.706094    0.02208     1.3250     79.500     12.272  48407.909    30.5239     8.4642     12.157    6.72419     8.4679    23.6947   12.12918 1.0975e+00 0.0000e+00
        320 311.706097    0.02215     1.3292     79.750     12.499  48408.396    30.5245     8.4669     12.381    6.72374     8.4701    23.6948   12.12843 1.0429e+00 0.0000e+00
        321 311.706100    0.02222     1.3333     80.000     12.722  48411.323    30.5268     8.4691     12.602    6.72331     8.4727    23.6963   12.12769 9.9232e-01 0.0000e+00
        322 311.706102    0.02229     1.3375     80.250     12.941  48415.810    30.5301     8.4714     12.819    6.72282     8.4760    23.6986   12.12683 9.4523e-01 0.0000e+00
        323 311.706105    0.02236     1.3417     80.500     13.155  48421.336    30.5343     8.4740     13.032    6.72223     8.4797    23.7014   12.12581 9.0102e-01 0.0000e+00
        324 311.706108    0.02243     1.3458     80.750     13.367  48426.911    30.5386     8.4773     13.241    6.72155     8.4835    23.7043   12.12464 8.5908e-01 0.0000e+00
        325 311.706111    0.02250     1.3500     81.000     13.579  48429.898    30.5411     8.4810     13.452    6.72087     8.4868    23.7057   12.12348 8.1882e-01 0.0000e+00
        326 311.706114    0.02257     1.3542     81.250     13.796  48428.760    30.5408     8.4849     13.666    6.72031     8.4890    23.7049   12.12255 7.7960e-01 0.0000e+00
        327 311.706117    0.02264     1.3583     81.500     14.018  48425.300    30.5387     8.4881     13.886    6.71990     8.4902    23.7029   12.12191 7.4112e-01 0.0000e+00
        328 311.706120    0.02271     1.3625     81.750     14.245  48422.434    30.5369     8.4904     14.111    6.71964     8.4910    23.7012   12.12150 7.0385e-01 0.0000e+00
        329 311.706123    0.02278     1.3667     82.000     14.472  48421.603    30.5364     8.4917     14.337    6.71947     8.4917    23.7006   12.12122 6.6863e-01 0.0000e+00
        330 311.706126    0.02285     1.3708     82.250     14.697  48422.331    30.5369     8.4925     14.559    6.71932     8.4925    23.7009   12.12097 6.3586e-01 0.0000e+00
        331 311.706128    0.02292     1.3750     82.500     14.918  48423.454    30.5377     8.4932     14.778    6.71918     8.4933    23.7014   12.12072 6.0548e-01 0.0000e+00
        332 311.706131    0.02299     1.3792     82.750     15.133  48424.883    30.5388     8.4939     14.991    6.71902     8.4944    23.7021   12.12045 5.7732e-01 0.0000e+00
        333 311.706134    0.02306     1.3833     83.000     15.344  48426.987    30.5403     8.4948     15.200    6.71882     8.4957    23.7032   12.12009 5.5108e-01 0.0000e+00
        334 311.706137    0.02313     1.3875     83.250     15.550  48428.979    30.5417     8.4959     15.404    6.71859     8.4970    23.7042   12.11969 5.2637e-01 0.0000e+00
        335 311.706140    0.02319     1.3917     83.500     15.755  48429.747    30.5424     8.4972     15.607    6.71836     8.4980    23.7045   12.11931 5.0292e-01 0.0000e+00
        336 311.706143    0.02326     1.3958     83.750     15.958  48429.350    30.5422     8.4985     15.808    6.71817     8.4988    23.7041   12.11900 4.8060e-01 0.0000e+00
        337 311.706146    0.02333     1.4000     84.000     16.158  48428.669    30.5418     8.4996     16.007    6.71803     8.4994    23.7037   12.11877 4.5951e-01 0.0000e+00
        338 311.706149    0.02340     1.4042     84.250     16.357  48428.364    30.5416     8.5004     16.204    6.71793     8.4998    23.7034   12.11860 4.3967e-01 0.0000e+00
        339 311.706152    0.02347     1.4083     84.500     16.556  48428.584    30.5417     8.5010     16.400    6.71783     8.5003    23.7035   12.11844 4.2083e-01 0.0000e+00
        340 311.706155    0.02354     1.4125     84.750     16.756  48429.158    30.5421     8.5015     16.598    6.71774     8.5008    23.7037   12.11828 4.0253e-01 0.0000e+00
        341 311.706157    0.02361     1.4167     85.000     16.960  48429.425    30.5423     8.5020     16.801    6.71765     8.5011    23.7038   12.11814 3.8452e-01 0.0000e+00
        342 311.706160    0.02368     1.4208     85.250     17.171  48428.586    30.5417     8.5025     17.010    6.71760     8.5011    23.7032   12.11806 3.6690e-01 0.0000e+00
        343 311.706163    0.02375     1.4250     85.500     17.384  48426.625    30.5403     8.5028     17.221    6.71761     8.5007    23.7021   12.11810 3.5005e-01 0.0000e+00
        344 311.706166    0.02382     1.4292     85.750     17.597  48424.241    30.5385     8.5028     17.432    6.71769     8.5000    23.7007   12.11825 3.3431e-01 0.0000e+00
        345 311.706169    0.02389     1.4333     86.000     17.806  48422.435    30.5371     8.5024     17.639    6.71782     8.4991    23.6997   12.11847 3.1972e-01 0.0000e+00
        346 311.706172    0.02396     1.4375     86.250     18.010  48421.243    30.5361     8.5017     17.841    6.71796     8.4980    23.6990   12.11873 3.0620e-01 0.0000e+00
        347 311.706175    0.02403     1.4417     86.500     18.210  48419.634    30.5347     8.5008     18.039    6.71815     8.4968    23.6980   12.11905 2.9348e-01 0.0000e+00
        348 311.706178    0.02410     1.4458     86.750     18.409  48417.910    30.5333     8.4998     18.236    6.71837     8.4956    23.6970   12.11943 2.8125e-01 0.0000e+00
        349 311.706181    0.02417     1.4500     87.000     18.610  48417.262    30.5326     8.4986     18.435    6.71858     8.4946    23.6966   12.11979 2.6941e-01 0.0000e+00
        350 311.706183    0.02424     1.4542     87.250     18.811  48417.371    30.5324     8.4975     18.635    6.71876     8.4937    23.6967   12.12010 2.5805e-01 0.0000e+00
        351 311.706186    0.02431     1.4583     87.500     19.010  48417.095    30.5320     8.4964     18.832    6.71894     8.4928    23.6965   12.12039 2.4733e-01 0.0000e+00
        352 311.706189    0.02438     1.4625     87.750     19.206  48416.784    30.5316     8.4955     19.026    6.71909     8.4921    23.6963   12.12066 2.3734e-01 0.0000e+00
        353 311.706192    0.02444     1.4667     88.000     19.397  48417.193    30.5317     8.4947     19.215    6.71922     8.4915    23.6965   12.12086 2.2802e-01 0.0000e+00
        354 311.706195    0.02451     1.4708     88.250     19.586  48417.384    30.5316     8.4940     19.402    6.71932     8.4910    23.6965   12.12103 2.1922e-01 0.0000e+00
        355 311.706198    0.02458     1.4750     88.500     19.772  48416.870    30.5311     8.4935     19.586    6.71942     8.4905    23.6962   12.12120 2.1086e-01 0.0000e+00
        356 311.706201    0.02465     1.4792     88.750     19.959  48416.629    30.5308     8.4930     19.772    6.71951     8.4901    23.6960   12.12135 2.0278e-01 0.0000e+00
        357 311.706204    0.02472     1.4833     89.000     20.150  48417.082    30.5309     8.4925     19.960    6.71958     8.4898    23.6962   12.12146 1.9489e-01 0.0000e+00
        358 311.706207    0.02479     1.4875     89.250     20.345  48417.875    30.5314     8.4921     20.153    6.71962     8.4898    23.6966   12.12153 1.8721e-01 0.0000e+00
        359 311.706209    0.02486     1.4917     89.500     20.543  48418.923    30.5320     8.4918     20.350    6.71963     8.4899    23.6972   12.12154 1.7978e-01 0.0000e+00
        360 311.706212    0.02493     1.4958     89.750     20.741  48420.499    30.5330     8.4918     20.546    6.71960     8.4903    23.6980   12.12148 1.7266e-01 0.0000e+00
        361 311.706215    0.02500     1.5000     90.000     20.938  48422.432    30.5342     8.4919     20.741    6.71952     8.4909    23.6989   12.12133 1.6593e-01 0.0000e+00
