CTD-processing/allCTD/CNV--turbid/2017_11-07_alongbay_skb09_cast096.cnv
* Sea-Bird SBE19plus Data File:
* FileName = C:\Users\Kim.Powell\Desktop\Not Processed\2017\2017_11-07_AlongBay,T9_4141\2017_11-07_TRANSECT_STATION_cast096.hex
* Software Version 1.59
* Temperature SN =  4141
* Conductivity SN =  4141
* System UpLoad Time = Nov 09 2017 10:26:09
** 2017_11-07
** Station: KB09
** Start Time: 11:45
** Depth (m): 64.9
** Comment: Edgecumbe
** Comment: CTD time 1 hr off for daylight savings time
# nquan = 16
# nvalues = 572                         
# units = specified
# name 0 = scan: Scan Count
# name 1 = timeJ: Julian Days
# name 2 = timeH: Time, Elapsed [hours]
# name 3 = timeM: Time, Elapsed [minutes]
# name 4 = timeS: Time, Elapsed [seconds]
# name 5 = prdM: Pressure, Strain Gauge [db]
# name 6 = specc: Specific Conductance [uS/cm]
# name 7 = sal00: Salinity, Practical [PSU]
# name 8 = tv290C: Temperature [ITS-90, deg C]
# name 9 = depSM: Depth [salt water, m], lat = 59.00
# name 10 = oxsolML/L: Oxygen Saturation, Garcia & Gordon [ml/l]
# name 11 = potemp090C: Potential Temperature [ITS-90, deg C]
# name 12 = sigma-é00: Density [sigma-theta, kg/m^3]
# name 13 = n2satML/L: Nitrogen Saturation [ml/l]
# name 14 = par: PAR/Irradiance, Biospherical/Licor
# name 15 = flag:  0.000e+00
# span 0 =          1,        572       
# span 1 = 311.531412, 311.533064       
# span 2 =    0.00000,    0.03965       
# span 3 =     0.0000,     2.3792       
# span 4 =      0.000,    142.750       
# span 5 =      0.827,     64.052       
# span 6 =  47558.194,  49529.604       
# span 7 =    29.9514,    31.1838       
# span 8 =     6.9382,     9.0972       
# span 9 =      0.819,     63.443       
# span 10 =    6.61851,    6.95466      
# span 11 =     6.9381,     9.0907      
# span 12 =    23.2301,    24.3260      
# span 13 =   11.95105,   12.50840      
# span 14 = 3.6382e-02, 5.3509e+01      
# span 15 = 0.0000e+00, 0.0000e+00      
# interval = seconds: 0.25
# start_time = Nov 07 2017 12:45:14 [Instrument's time stamp, header]
# bad_flag = -9.990e-29
*END*
[from data line 452]
        453 311.532720    0.03139     1.8833    113.000     40.910  48610.232    30.7069     8.8426     40.524    6.65939     8.8393    23.7827   12.01964 4.7961e-02 0.0000e+00
        454 311.532723    0.03146     1.8875    113.250     41.119  48609.593    30.7065     8.8432     40.731    6.65933     8.8395    23.7823   12.01954 4.7167e-02 0.0000e+00
        455 311.532726    0.03153     1.8917    113.500     41.333  48609.170    30.7061     8.8435     40.943    6.65929     8.8396    23.7820   12.01949 4.6382e-02 0.0000e+00
        456 311.532729    0.03160     1.8958    113.750     41.548  48609.057    30.7060     8.8437     41.156    6.65927     8.8396    23.7818   12.01946 4.5639e-02 0.0000e+00
        457 311.532731    0.03167     1.9000    114.000     41.757  48609.089    30.7060     8.8438     41.363    6.65926     8.8395    23.7818   12.01945 4.4947e-02 0.0000e+00
        458 311.532734    0.03174     1.9042    114.250     41.958  48608.912    30.7058     8.8438     41.562    6.65927     8.8394    23.7816   12.01946 4.4311e-02 0.0000e+00
        459 311.532737    0.03181     1.9083    114.500     42.152  48608.530    30.7054     8.8438     41.754    6.65929     8.8391    23.7813   12.01950 4.3736e-02 0.0000e+00
        460 311.532740    0.03188     1.9125    114.750     42.343  48608.218    30.7051     8.8436     41.942    6.65932     8.8388    23.7811   12.01956 4.3208e-02 0.0000e+00
        461 311.532743    0.03194     1.9167    115.000     42.535  48608.223    30.7049     8.8434     42.133    6.65936     8.8385    23.7811   12.01963 4.2703e-02 0.0000e+00
        462 311.532746    0.03201     1.9208    115.250     42.732  48608.486    30.7050     8.8431     42.328    6.65940     8.8383    23.7812   12.01970 4.2227e-02 0.0000e+00
        463 311.532749    0.03208     1.9250    115.500     42.936  48608.836    30.7051     8.8428     42.531    6.65944     8.8380    23.7813   12.01975 4.1769e-02 0.0000e+00
        464 311.532752    0.03215     1.9292    115.750     43.145  48609.180    30.7052     8.8426     42.737    6.65947     8.8378    23.7814   12.01979 4.1289e-02 0.0000e+00
        465 311.532755    0.03222     1.9333    116.000     43.353  48609.118    30.7051     8.8424     42.944    6.65950     8.8374    23.7813   12.01986 4.0817e-02 0.0000e+00
        466 311.532758    0.03229     1.9375    116.250     43.559  48608.638    30.7046     8.8422     43.147    6.65956     8.8369    23.7810   12.01995 4.0383e-02 0.0000e+00
        467 311.532760    0.03236     1.9417    116.500     43.760  48608.804    30.7046     8.8418     43.346    6.65961     8.8365    23.7811   12.02005 3.9988e-02 0.0000e+00
        468 311.532763    0.03243     1.9458    116.750     43.958  48610.108    30.7054     8.8413     43.543    6.65965     8.8364    23.7817   12.02010 3.9627e-02 0.0000e+00
        469 311.532766    0.03250     1.9500    117.000     44.154  48611.668    30.7063     8.8410     43.737    6.65966     8.8365    23.7825   12.02011 3.9273e-02 0.0000e+00
        470 311.532769    0.03257     1.9542    117.250     44.349  48612.791    30.7070     8.8408     43.930    6.65965     8.8369    23.7831   12.02008 3.8927e-02 0.0000e+00
        471 311.532772    0.03264     1.9583    117.500     44.545  48613.707    30.7076     8.8410     44.124    6.65960     8.8376    23.7835   12.02000 3.8608e-02 0.0000e+00
        472 311.532775    0.03271     1.9625    117.750     44.742  48614.658    30.7082     8.8414     44.319    6.65952     8.8384    23.7840   12.01984 3.8317e-02 0.0000e+00
        473 311.532778    0.03278     1.9667    118.000     44.940  48615.513    30.7088     8.8420     44.515    6.65939     8.8395    23.7843   12.01962 3.8050e-02 0.0000e+00
        474 311.532781    0.03285     1.9708    118.250     45.140  48616.234    30.7094     8.8430     44.713    6.65923     8.8407    23.7846   12.01935 3.7803e-02 0.0000e+00
        475 311.532784    0.03292     1.9750    118.500     45.339  48616.898    30.7099     8.8441     44.910    6.65904     8.8420    23.7849   12.01904 3.7571e-02 0.0000e+00
        476 311.532786    0.03299     1.9792    118.750     45.536  48617.717    30.7106     8.8453     45.105    6.65884     8.8435    23.7852   12.01869 3.7339e-02 0.0000e+00
        477 311.532789    0.03306     1.9833    119.000     45.732  48619.120    30.7117     8.8466     45.299    6.65860     8.8456    23.7859   12.01828 3.7117e-02 0.0000e+00
        478 311.532792    0.03313     1.9875    119.250     45.928  48621.898    30.7137     8.8481     45.493    6.65828     8.8489    23.7873   12.01773 3.6929e-02 0.0000e+00
        479 311.532795    0.03319     1.9917    119.500     46.124  48627.133    30.7176     8.8502     45.687    6.65780     8.8541    23.7900   12.01689 3.6769e-02 0.0000e+00
        480 311.532798    0.03326     1.9958    119.750     46.321  48635.550    30.7239     8.8535     45.883    6.65703     8.8616    23.7944   12.01555 3.6632e-02 0.0000e+00
        481 311.532801    0.03333     2.0000    120.000     46.522  48645.749    30.7317     8.8587     46.082    6.65592     8.8713    23.7997   12.01361 3.6533e-02 0.0000e+00
        482 311.532804    0.03340     2.0042    120.250     46.725  48655.990    30.7398     8.8663     46.283    6.65446     8.8832    23.8049   12.01108 3.6473e-02 0.0000e+00
        483 311.532807    0.03347     2.0083    120.500     46.929  48666.557    30.7485     8.8761     46.485    6.65263     8.8972    23.8103   12.00795 3.6436e-02 0.0000e+00
        484 311.532810    0.03354     2.0125    120.750     47.132  48676.670    30.7572     8.8880     46.686    6.65048     8.9126    23.8153   12.00429 3.6415e-02 0.0000e+00
        485 311.532812    0.03361     2.0167    121.000     47.334  48684.588    30.7646     8.9020     46.887    6.64809     8.9288    23.8190   12.00023 3.6402e-02 0.0000e+00
        486 311.532815    0.03368     2.0208    121.250     47.535  48689.938    30.7704     8.9175     47.086    6.64554     8.9449    23.8212   11.99594 3.6394e-02 0.0000e+00
        487 311.532818    0.03375     2.0250    121.500     47.735  48692.542    30.7744     8.9336     47.284    6.64297     8.9601    23.8219   11.99164 3.6389e-02 0.0000e+00
        488 311.532821    0.03382     2.0292    121.750     47.934  48691.875    30.7761     8.9498     47.480    6.64050     8.9735    23.8208   11.98753 3.6386e-02 0.0000e+00
        489 311.532824    0.03389     2.0333    122.000     48.130  48687.838    30.7753     8.9650     47.674    6.63828     8.9844    23.8179   11.98385 3.6385e-02 0.0000e+00
        490 311.532827    0.03396     2.0375    122.250     48.323  48681.192    30.7724     8.9784     47.866    6.63642     8.9928    23.8136   11.98081 3.6384e-02 0.0000e+00
        491 311.532830    0.03403     2.0417    122.500     48.515  48674.047    30.7688     8.9893     48.056    6.63495     8.9992    23.8092   11.97842 3.6383e-02 0.0000e+00
        492 311.532833    0.03410     2.0458    122.750     48.708  48668.758    30.7662     8.9977     48.247    6.63382     9.0045    23.8059   11.97657 3.6383e-02 0.0000e+00
        493 311.532836    0.03417     2.0500    123.000     48.902  48666.835    30.7656     9.0041     48.439    6.63289     9.0098    23.8045   11.97505 3.6382e-02 0.0000e+00
        494 311.532839    0.03424     2.0542    123.250     49.097  48668.993    30.7678     9.0094     48.632    6.63201     9.0159    23.8054   11.97356 3.6382e-02 0.0000e+00
        495 311.532841    0.03431     2.0583    123.500     49.290  48673.992    30.7720     9.0147     48.823    6.63105     9.0230    23.8078   11.97192 3.6382e-02 0.0000e+00
        496 311.532844    0.03438     2.0625    123.750     49.479  48679.148    30.7764     9.0209     49.010    6.62995     9.0308    23.8103   11.97006 3.6382e-02 0.0000e+00
        497 311.532847    0.03444     2.0667    124.000     49.663  48683.343    30.7802     9.0280     49.193    6.62874     9.0391    23.8123   11.96800 3.6382e-02 0.0000e+00
        498 311.532850    0.03451     2.0708    124.250     49.846  48686.511    30.7835     9.0359     49.374    6.62744     9.0472    23.8136   11.96581 3.6382e-02 0.0000e+00
        499 311.532853    0.03458     2.0750    124.500     50.033  48687.274    30.7851     9.0442     49.559    6.62615     9.0544    23.8136   11.96365 3.6382e-02 0.0000e+00
        500 311.532856    0.03465     2.0792    124.750     50.226  48684.792    30.7844     9.0523     49.750    6.62497     9.0600    23.8118   11.96171 3.6382e-02 0.0000e+00
        501 311.532859    0.03472     2.0833    125.000     50.426  48680.563    30.7823     9.0595     49.948    6.62400     9.0642    23.8091   11.96013 3.6382e-02 0.0000e+00
        502 311.532862    0.03479     2.0875    125.250     50.630  48676.643    30.7803     9.0652     50.150    6.62325     9.0674    23.8067   11.95891 3.6382e-02 0.0000e+00
        503 311.532865    0.03486     2.0917    125.500     50.830  48674.012    30.7789     9.0694     50.348    6.62268     9.0699    23.8050   11.95799 3.6382e-02 0.0000e+00
        504 311.532867    0.03493     2.0958    125.750     51.024  48672.664    30.7783     9.0726     50.540    6.62224     9.0720    23.8040   11.95726 3.6382e-02 0.0000e+00
        505 311.532870    0.03500     2.1000    126.000     51.212  48672.450    30.7784     9.0751     50.727    6.62187     9.0740    23.8037   11.95664 3.6382e-02 0.0000e+00
        506 311.532873    0.03507     2.1042    126.250     51.399  48672.885    30.7789     9.0772     50.912    6.62153     9.0759    23.8038   11.95607 3.6382e-02 0.0000e+00
        507 311.532876    0.03514     2.1083    126.500     51.587  48673.006    30.7792     9.0793     51.099    6.62122     9.0774    23.8037   11.95555 3.6382e-02 0.0000e+00
        508 311.532879    0.03521     2.1125    126.750     51.780  48672.475    30.7790     9.0811     51.290    6.62095     9.0786    23.8033   11.95511 3.6382e-02 0.0000e+00
        509 311.532882    0.03528     2.1167    127.000     51.979  48671.612    30.7785     9.0827     51.487    6.62073     9.0795    23.8027   11.95476 3.6382e-02 0.0000e+00
        510 311.532885    0.03535     2.1208    127.250     52.181  48670.647    30.7780     9.0840     51.687    6.62057     9.0800    23.8021   11.95451 3.6382e-02 0.0000e+00
        511 311.532888    0.03542     2.1250    127.500     52.381  48669.767    30.7774     9.0848     51.885    6.62048     9.0802    23.8015   11.95435 3.6382e-02 0.0000e+00
        512 311.532891    0.03549     2.1292    127.750     52.575  48669.329    30.7771     9.0853     52.077    6.62042     9.0805    23.8011   11.95425 3.6382e-02 0.0000e+00
        513 311.532894    0.03556     2.1333    128.000     52.761  48669.419    30.7771     9.0856     52.261    6.62037     9.0807    23.8011   11.95418 3.6382e-02 0.0000e+00
        514 311.532896    0.03562     2.1375    128.250     52.943  48669.808    30.7773     9.0858     52.441    6.62033     9.0811    23.8013   11.95410 3.6382e-02 0.0000e+00
        515 311.532899    0.03569     2.1417    128.500     53.126  48670.307    30.7777     9.0861     52.622    6.62027     9.0815    23.8015   11.95400 3.6382e-02 0.0000e+00
        516 311.532902    0.03576     2.1458    128.750     53.313  48670.739    30.7779     9.0865     52.808    6.62021     9.0820    23.8016   11.95389 3.6382e-02 0.0000e+00
        517 311.532905    0.03583     2.1500    129.000     53.506  48671.056    30.7781     9.0869     52.998    6.62013     9.0824    23.8017   11.95377 3.6382e-02 0.0000e+00
        518 311.532908    0.03590     2.1542    129.250     53.702  48671.159    30.7782     9.0874     53.193    6.62006     9.0827    23.8017   11.95364 3.6382e-02 0.0000e+00
        519 311.532911    0.03597     2.1583    129.500     53.899  48670.935    30.7780     9.0879     53.388    6.61999     9.0830    23.8015   11.95354 3.6382e-02 0.0000e+00
        520 311.532914    0.03604     2.1625    129.750     54.094  48670.666    30.7778     9.0883     53.581    6.61995     9.0831    23.8013   11.95347 3.6382e-02 0.0000e+00
        521 311.532917    0.03611     2.1667    130.000     54.283  48670.691    30.7777     9.0885     53.768    6.61991     9.0832    23.8012   11.95341 3.6382e-02 0.0000e+00
        522 311.532920    0.03618     2.1708    130.250     54.466  48670.976    30.7779     9.0887     53.950    6.61988     9.0833    23.8013   11.95336 3.6382e-02 0.0000e+00
        523 311.532922    0.03625     2.1750    130.500     54.645  48671.336    30.7781     9.0888     54.127    6.61985     9.0835    23.8014   11.95331 3.6382e-02 0.0000e+00
        524 311.532925    0.03632     2.1792    130.750     54.821  48671.707    30.7783     9.0890     54.302    6.61983     9.0837    23.8016   11.95326 3.6382e-02 0.0000e+00
        525 311.532928    0.03639     2.1833    131.000     54.999  48672.153    30.7785     9.0891     54.477    6.61980     9.0840    23.8018   11.95321 3.6382e-02 0.0000e+00
        526 311.532931    0.03646     2.1875    131.250     55.183  48672.803    30.7789     9.0893     54.660    6.61975     9.0844    23.8021   11.95313 3.6382e-02 0.0000e+00
        527 311.532934    0.03653     2.1917    131.500     55.376  48673.586    30.7794     9.0896     54.851    6.61969     9.0849    23.8024   11.95301 3.6382e-02 0.0000e+00
        528 311.532937    0.03660     2.1958    131.750     55.577  48674.196    30.7798     9.0900     55.050    6.61961     9.0855    23.8027   11.95287 3.6382e-02 0.0000e+00
        529 311.532940    0.03667     2.2000    132.000     55.782  48674.495    30.7800     9.0906     55.253    6.61952     9.0860    23.8027   11.95272 3.6382e-02 0.0000e+00
        530 311.532943    0.03674     2.2042    132.250     55.985  48674.389    30.7800     9.0912     55.454    6.61943     9.0864    23.8026   11.95258 3.6382e-02 0.0000e+00
        531 311.532946    0.03681     2.2083    132.500     56.182  48673.989    30.7797     9.0917     55.650    6.61936     9.0867    23.8022   11.95246 3.6382e-02 0.0000e+00
        532 311.532948    0.03687     2.2125    132.750     56.370  48673.747    30.7795     9.0922     55.836    6.61930     9.0869    23.8020   11.95237 3.6382e-02 0.0000e+00
        533 311.532951    0.03694     2.2167    133.000     56.550  48673.736    30.7794     9.0925     56.014    6.61926     9.0870    23.8019   11.95231 3.6382e-02 0.0000e+00
        534 311.532954    0.03701     2.2208    133.250     56.726  48673.630    30.7793     9.0927     56.188    6.61923     9.0870    23.8018   11.95227 3.6382e-02 0.0000e+00
        535 311.532957    0.03708     2.2250    133.500     56.906  48673.507    30.7792     9.0928     56.366    6.61922     9.0870    23.8017   11.95225 3.6382e-02 0.0000e+00
        536 311.532960    0.03715     2.2292    133.750     57.093  48673.660    30.7792     9.0929     56.552    6.61921     9.0870    23.8017   11.95223 3.6382e-02 0.0000e+00
        537 311.532963    0.03722     2.2333    134.000     57.292  48674.050    30.7794     9.0929     56.749    6.61920     9.0872    23.8019   11.95221 3.6382e-02 0.0000e+00
        538 311.532966    0.03729     2.2375    134.250     57.501  48674.562    30.7797     9.0929     56.956    6.61918     9.0875    23.8021   11.95217 3.6382e-02 0.0000e+00
        539 311.532969    0.03736     2.2417    134.500     57.715  48675.034    30.7800     9.0931     57.168    6.61914     9.0878    23.8023   11.95211 3.6382e-02 0.0000e+00
        540 311.532972    0.03743     2.2458    134.750     57.929  48675.348    30.7801     9.0934     57.379    6.61909     9.0881    23.8024   11.95202 3.6382e-02 0.0000e+00
        541 311.532975    0.03750     2.2500    135.000     58.138  48675.514    30.7802     9.0937     57.586    6.61904     9.0883    23.8024   11.95194 3.6382e-02 0.0000e+00
        542 311.532977    0.03757     2.2542    135.250     58.339  48675.584    30.7802     9.0940     57.785    6.61900     9.0885    23.8023   11.95187 3.6382e-02 0.0000e+00
