CTD-processing/allCTD/CNV--turbid/2017_03-28_t9_s10_cast066.cnv
* Sea-Bird SBE19plus Data File:
* FileName = C:\Users\jwschloemer\Documents\CTD Data\2017_03_28_T9\2017_03_28_T9_cast066.hex
* Software Version 1.59
* Temperature SN =  4141
* Conductivity SN =  4141
* System UpLoad Time = Apr 04 2017 09:16:29
** Cook Inlet LTM Kbay Transect 9
** Date: 2017-03-28
** Station:10
** Start Time (AKST):16:23
** Depth (m):66
** Comment: R/V Edgecumbe
# nquan = 16
# nvalues = 606                         
# units = specified
# name 0 = scan: Scan Count
# name 1 = timeJ: Julian Days
# name 2 = timeH: Time, Elapsed [hours]
# name 3 = timeM: Time, Elapsed [minutes]
# name 4 = timeS: Time, Elapsed [seconds]
# name 5 = prdM: Pressure, Strain Gauge [db]
# name 6 = specc: Specific Conductance [uS/cm]
# name 7 = sal00: Salinity, Practical [PSU]
# name 8 = tv290C: Temperature [ITS-90, deg C]
# name 9 = depSM: Depth [salt water, m], lat = 59.00
# name 10 = oxsolML/L: Oxygen Saturation, Garcia & Gordon [ml/l]
# name 11 = potemp090C: Potential Temperature [ITS-90, deg C]
# name 12 = sigma-é00: Density [sigma-theta, kg/m^3]
# name 13 = n2satML/L: Nitrogen Saturation [ml/l]
# name 14 = par: PAR/Irradiance, Biospherical/Licor
# name 15 = flag:  0.000e+00
# span 0 =          1,        606       
# span 1 =  87.641944,  87.643695       
# span 2 =    0.00000,    0.04201       
# span 3 =     0.0000,     2.5208       
# span 4 =      0.000,    151.250       
# span 5 =      0.866,     57.172       
# span 6 =  51988.314,  52170.367       
# span 7 =    31.7759,    31.8951       
# span 8 =     2.5139,     2.6418       
# span 9 =      0.857,     56.630       
# span 10 =    7.65136,    7.68114      
# span 11 =     2.5139,     2.6396      
# span 12 =    25.3504,    25.4397      
# span 13 =   13.64364,   13.69410      
# span 14 = 3.6382e-02, 2.5537e+02      
# span 15 = 0.0000e+00, 0.0000e+00      
# interval = seconds: 0.25
# start_time = Mar 28 2017 15:24:24 [Instrument's time stamp, header]
# bad_flag = -9.990e-29
*END*
[from data line 272]
        273  87.642731    0.01889     1.1333     68.000      0.968  52092.709    31.8541     2.5723      0.959    7.66594     2.5719    25.4092   13.66801 2.2861e+02 0.0000e+00
        274  87.642734    0.01896     1.1375     68.250      0.963  52092.298    31.8538     2.5722      0.954    7.66598     2.5718    25.4090   13.66808 2.3245e+02 0.0000e+00
        275  87.642737    0.01903     1.1417     68.500      0.962  52091.524    31.8533     2.5720      0.953    7.66603     2.5716    25.4086   13.66817 2.3500e+02 0.0000e+00
        276  87.642740    0.01910     1.1458     68.750      0.965  52090.699    31.8527     2.5719      0.956    7.66610     2.5713    25.4081   13.66828 2.3622e+02 0.0000e+00
        277  87.642743    0.01917     1.1500     69.000      0.969  52090.161    31.8522     2.5717      0.960    7.66616     2.5710    25.4078   13.66839 2.3709e+02 0.0000e+00
        278  87.642746    0.01924     1.1542     69.250      0.972  52089.957    31.8520     2.5714      0.962    7.66622     2.5707    25.4076   13.66849 2.3852e+02 0.0000e+00
        279  87.642749    0.01931     1.1583     69.500      0.969  52089.952    31.8520     2.5711      0.960    7.66628     2.5703    25.4076   13.66859 2.4002e+02 0.0000e+00
        280  87.642752    0.01938     1.1625     69.750      0.963  52090.194    31.8520     2.5708      0.954    7.66634     2.5699    25.4077   13.66870 2.4010e+02 0.0000e+00
        281  87.642755    0.01944     1.1667     70.000      0.957  52090.671    31.8523     2.5704      0.948    7.66640     2.5695    25.4079   13.66879 2.3855e+02 0.0000e+00
        282  87.642758    0.01951     1.1708     70.250      0.954  52091.343    31.8526     2.5700      0.945    7.66646     2.5691    25.4082   13.66889 2.3618e+02 0.0000e+00
        283  87.642760    0.01958     1.1750     70.500      0.956  52092.228    31.8531     2.5696      0.947    7.66652     2.5687    25.4086   13.66897 2.3343e+02 0.0000e+00
        284  87.642763    0.01965     1.1792     70.750      0.962  52093.065    31.8535     2.5692      0.953    7.66657     2.5682    25.4090   13.66906 2.2995e+02 0.0000e+00
        285  87.642766    0.01972     1.1833     71.000      0.968  52093.579    31.8538     2.5687      0.959    7.66664     2.5677    25.4092   13.66917 2.2587e+02 0.0000e+00
        286  87.642769    0.01979     1.1875     71.250      0.971  52093.810    31.8538     2.5683      0.962    7.66673     2.5672    25.4092   13.66932 2.2226e+02 0.0000e+00
        287  87.642772    0.01986     1.1917     71.500      0.968  52094.097    31.8538     2.5677      0.959    7.66682     2.5667    25.4093   13.66948 2.1921e+02 0.0000e+00
        288  87.642775    0.01993     1.1958     71.750      0.961  52094.563    31.8540     2.5672      0.952    7.66692     2.5663    25.4095   13.66963 2.1689e+02 0.0000e+00
        289  87.642778    0.02000     1.2000     72.000      0.955  52094.805    31.8540     2.5667      0.946    7.66701     2.5659    25.4096   13.66977 2.1564e+02 0.0000e+00
        290  87.642781    0.02007     1.2042     72.250      0.952  52094.607    31.8538     2.5663      0.943    7.66710     2.5654    25.4094   13.66993 2.1471e+02 0.0000e+00
        291  87.642784    0.02014     1.2083     72.500      0.955  52094.216    31.8534     2.5659      0.946    7.66720     2.5648    25.4091   13.67010 2.1420e+02 0.0000e+00
        292  87.642786    0.02021     1.2125     72.750      0.962  52093.777    31.8530     2.5654      0.953    7.66731     2.5640    25.4088   13.67030 2.1496e+02 0.0000e+00
        293  87.642789    0.02028     1.2167     73.000      0.970  52093.237    31.8524     2.5648      0.961    7.66746     2.5631    25.4084   13.67055 2.1597e+02 0.0000e+00
        294  87.642792    0.02035     1.2208     73.250      0.974  52092.639    31.8518     2.5640      0.965    7.66765     2.5622    25.4080   13.67086 2.1606e+02 0.0000e+00
        295  87.642795    0.02042     1.2250     73.500      0.972  52092.593    31.8516     2.5631      0.963    7.66783     2.5616    25.4078   13.67117 2.1564e+02 0.0000e+00
        296  87.642798    0.02049     1.2292     73.750      0.964  52094.206    31.8524     2.5622      0.955    7.66796     2.5616    25.4086   13.67137 2.1590e+02 0.0000e+00
        297  87.642801    0.02056     1.2333     74.000      0.953  52097.369    31.8544     2.5616      0.944    7.66797     2.5623    25.4102   13.67136 2.1725e+02 0.0000e+00
        298  87.642804    0.02063     1.2375     74.250      0.941  52100.372    31.8564     2.5616      0.932    7.66786     2.5635    25.4118   13.67115 2.1805e+02 0.0000e+00
        299  87.642807    0.02069     1.2417     74.500      0.931  52101.823    31.8576     2.5624      0.922    7.66766     2.5648    25.4127   13.67080 2.1723e+02 0.0000e+00
        300  87.642810    0.02076     1.2458     74.750      0.928  52101.711    31.8578     2.5636      0.919    7.66742     2.5660    25.4128   13.67040 2.1661e+02 0.0000e+00
        301  87.642813    0.02083     1.2500     75.000      0.931  52100.761    31.8575     2.5649      0.922    7.66719     2.5669    25.4125   13.67002 2.1754e+02 0.0000e+00
        302  87.642815    0.02090     1.2542     75.250      0.941  52099.541    31.8570     2.5660      0.932    7.66699     2.5676    25.4120   13.66970 2.1883e+02 0.0000e+00
        303  87.642818    0.02097     1.2583     75.500      0.952  52098.230    31.8564     2.5670      0.944    7.66684     2.5681    25.4115   13.66946 2.1919e+02 0.0000e+00
        304  87.642821    0.02104     1.2625     75.750      0.962  52096.912    31.8557     2.5677      0.953    7.66674     2.5682    25.4109   13.66930 2.1857e+02 0.0000e+00
        305  87.642824    0.02111     1.2667     76.000      0.966  52095.624    31.8550     2.5682      0.957    7.66669     2.5681    25.4102   13.66924 2.1848e+02 0.0000e+00
        306  87.642827    0.02118     1.2708     76.250      0.962  52094.374    31.8542     2.5683      0.953    7.66670     2.5677    25.4096   13.66926 2.2017e+02 0.0000e+00
        307  87.642830    0.02125     1.2750     76.500      0.952  52093.394    31.8535     2.5682      0.943    7.66677     2.5670    25.4090   13.66938 2.2245e+02 0.0000e+00
        308  87.642833    0.02132     1.2792     76.750      0.939  52092.777    31.8529     2.5677      0.930    7.66688     2.5664    25.4086   13.66957 2.2395e+02 0.0000e+00
        309  87.642836    0.02139     1.2833     77.000      0.927  52092.883    31.8528     2.5671      0.918    7.66700     2.5660    25.4086   13.66978 2.2500e+02 0.0000e+00
        310  87.642839    0.02146     1.2875     77.250      0.920  52094.360    31.8537     2.5664      0.912    7.66708     2.5661    25.4093   13.66991 2.2729e+02 0.0000e+00
        311  87.642841    0.02153     1.2917     77.500      0.921  52096.600    31.8551     2.5661      0.913    7.66708     2.5667    25.4105   13.66989 2.3140e+02 0.0000e+00
        312  87.642844    0.02160     1.2958     77.750      0.927  52098.312    31.8562     2.5662      0.919    7.66700     2.5677    25.4114   13.66974 2.3603e+02 0.0000e+00
        313  87.642847    0.02167     1.3000     78.000      0.935  52099.093    31.8569     2.5668      0.926    7.66685     2.5687    25.4119   13.66948 2.4008e+02 0.0000e+00
        314  87.642850    0.02174     1.3042     78.250      0.939  52099.220    31.8573     2.5677      0.930    7.66666     2.5699    25.4121   13.66915 2.4197e+02 0.0000e+00
        315  87.642853    0.02181     1.3083     78.500      0.940  52099.068    31.8575     2.5688      0.931    7.66644     2.5709    25.4122   13.66878 2.4044e+02 0.0000e+00
        316  87.642856    0.02187     1.3125     78.750      0.942  52098.798    31.8576     2.5699      0.933    7.66621     2.5718    25.4122   13.66841 2.3609e+02 0.0000e+00
        317  87.642859    0.02194     1.3167     79.000      0.948  52098.148    31.8575     2.5710      0.939    7.66601     2.5723    25.4120   13.66809 2.2984e+02 0.0000e+00
        318  87.642862    0.02201     1.3208     79.250      0.957  52096.856    31.8568     2.5718      0.948    7.66588     2.5723    25.4114   13.66788 2.2377e+02 0.0000e+00
        319  87.642865    0.02208     1.3250     79.500      0.964  52095.309    31.8559     2.5723      0.955    7.66584     2.5722    25.4106   13.66781 2.2047e+02 0.0000e+00
        320  87.642867    0.02215     1.3292     79.750      0.964  52094.483    31.8554     2.5724      0.955    7.66585     2.5720    25.4102   13.66785 2.2016e+02 0.0000e+00
        321  87.642870    0.02222     1.3333     80.000      0.958  52094.599    31.8554     2.5722      0.949    7.66589     2.5719    25.4103   13.66791 2.2227e+02 0.0000e+00
        322  87.642873    0.02229     1.3375     80.250      0.947  52095.039    31.8557     2.5720      0.939    7.66591     2.5720    25.4105   13.66795 2.2639e+02 0.0000e+00
        323  87.642876    0.02236     1.3417     80.500      0.940  52095.862    31.8562     2.5719      0.932    7.66590     2.5725    25.4109   13.66792 2.3117e+02 0.0000e+00
        324  87.642879    0.02243     1.3458     80.750      0.940  52097.276    31.8572     2.5721      0.932    7.66582     2.5735    25.4117   13.66777 2.3464e+02 0.0000e+00
        325  87.642882    0.02250     1.3500     81.000      0.948  52099.549    31.8588     2.5725      0.939    7.66565     2.5753    25.4130   13.66746 2.3603e+02 0.0000e+00
        326  87.642885    0.02257     1.3542     81.250      0.959  52102.988    31.8614     2.5735      0.950    7.66532     2.5778    25.4150   13.66689 2.3661e+02 0.0000e+00
        327  87.642888    0.02264     1.3583     81.500      0.967  52105.494    31.8636     2.5753      0.958    7.66486     2.5803    25.4166   13.66610 2.3685e+02 0.0000e+00
        328  87.642891    0.02271     1.3625     81.750      0.971  52104.538    31.8637     2.5778      0.962    7.66438     2.5822    25.4164   13.66530 2.3625e+02 0.0000e+00
        329  87.642894    0.02278     1.3667     82.000      0.970  52101.534    31.8623     2.5803      0.961    7.66397     2.5836    25.4151   13.66464 2.3559e+02 0.0000e+00
        330  87.642896    0.02285     1.3708     82.250      0.967  52099.090    31.8612     2.5823      0.958    7.66365     2.5845    25.4141   13.66414 2.3466e+02 0.0000e+00
        331  87.642899    0.02292     1.3750     82.500      0.964  52097.568    31.8606     2.5836      0.955    7.66342     2.5851    25.4135   13.66378 2.3174e+02 0.0000e+00
        332  87.642902    0.02299     1.3792     82.750      0.965  52096.583    31.8602     2.5846      0.956    7.66327     2.5857    25.4131   13.66352 2.2734e+02 0.0000e+00
        333  87.642905    0.02306     1.3833     83.000      0.970  52096.146    31.8600     2.5852      0.961    7.66315     2.5862    25.4129   13.66332 2.2432e+02 0.0000e+00
        334  87.642908    0.02313     1.3875     83.250      0.975  52096.025    31.8601     2.5858      0.966    7.66304     2.5866    25.4130   13.66315 2.2423e+02 0.0000e+00
        335  87.642911    0.02319     1.3917     83.500      0.980  52095.584    31.8599     2.5862      0.971    7.66296     2.5868    25.4128   13.66301 2.2573e+02 0.0000e+00
        336  87.642914    0.02326     1.3958     83.750      0.984  52094.404    31.8593     2.5866      0.975    7.66291     2.5866    25.4122   13.66295 2.2668e+02 0.0000e+00
        337  87.642917    0.02333     1.4000     84.000      0.990  52092.519    31.8580     2.5868      0.981    7.66295     2.5859    25.4112   13.66301 2.2612e+02 0.0000e+00
        338  87.642920    0.02340     1.4042     84.250      1.001  52090.442    31.8566     2.5866      0.992    7.66307     2.5846    25.4101   13.66323 2.2350e+02 0.0000e+00
        339  87.642922    0.02347     1.4083     84.500      1.024  52088.347    31.8549     2.5859      1.014    7.66329     2.5825    25.4088   13.66362 2.1876e+02 0.0000e+00
        340  87.642925    0.02354     1.4125     84.750      1.065  52085.672    31.8528     2.5846      1.055    7.66365     2.5796    25.4072   13.66425 2.1295e+02 0.0000e+00
        341  87.642928    0.02361     1.4167     85.000      1.136  52082.299    31.8499     2.5826      1.125    7.66419     2.5758    25.4050   13.66517 2.0588e+02 0.0000e+00
        342  87.642931    0.02368     1.4208     85.250      1.247  52078.787    31.8467     2.5797      1.235    7.66491     2.5712    25.4027   13.66641 1.9628e+02 0.0000e+00
        343  87.642934    0.02375     1.4250     85.500      1.397  52076.864    31.8442     2.5759      1.384    7.66578     2.5667    25.4010   13.66787 1.8435e+02 0.0000e+00
        344  87.642937    0.02382     1.4292     85.750      1.574  52078.219    31.8438     2.5713      1.560    7.66667     2.5627    25.4010   13.66935 1.7161e+02 0.0000e+00
        345  87.642940    0.02389     1.4333     86.000      1.768  52081.872    31.8449     2.5668      1.752    7.66748     2.5595    25.4023   13.67068 1.5961e+02 0.0000e+00
        346  87.642943    0.02396     1.4375     86.250      1.968  52085.755    31.8463     2.5628      1.950    7.66817     2.5570    25.4037   13.67179 1.4887e+02 0.0000e+00
        347  87.642946    0.02403     1.4417     86.500      2.170  52088.713    31.8473     2.5597      2.149    7.66872     2.5550    25.4048   13.67269 1.3912e+02 0.0000e+00
        348  87.642948    0.02410     1.4458     86.750      2.369  52090.973    31.8480     2.5572      2.347    7.66916     2.5536    25.4055   13.67341 1.3011e+02 0.0000e+00
        349  87.642951    0.02417     1.4500     87.000      2.568  52093.749    31.8492     2.5552      2.544    7.66948     2.5529    25.4066   13.67392 1.2163e+02 0.0000e+00
        350  87.642954    0.02424     1.4542     87.250      2.773  52097.382    31.8512     2.5537      2.747    7.66965     2.5531    25.4083   13.67418 1.1349e+02 0.0000e+00
        351  87.642957    0.02431     1.4583     87.500      2.989  52100.517    31.8530     2.5531      2.961    7.66967     2.5537    25.4098   13.67419 1.0563e+02 0.0000e+00
        352  87.642960    0.02438     1.4625     87.750      3.216  52101.721    31.8537     2.5533      3.185    7.66960     2.5543    25.4104   13.67406 9.8089e+01 0.0000e+00
        353  87.642963    0.02444     1.4667     88.000      3.451  52101.443    31.8536     2.5539      3.418    7.66950     2.5547    25.4102   13.67389 9.0971e+01 0.0000e+00
        354  87.642966    0.02451     1.4708     88.250      3.688  52100.980    31.8533     2.5545      3.653    7.66940     2.5550    25.4100   13.67373 8.4353e+01 0.0000e+00
        355  87.642969    0.02458     1.4750     88.500      3.922  52100.764    31.8532     2.5549      3.885    7.66932     2.5553    25.4098   13.67360 7.8299e+01 0.0000e+00
        356  87.642972    0.02465     1.4792     88.750      4.149  52100.862    31.8532     2.5553      4.110    7.66926     2.5556    25.4098   13.67350 7.2873e+01 0.0000e+00
        357  87.642975    0.02472     1.4833     89.000      4.368  52101.509    31.8536     2.5555      4.327    7.66919     2.5561    25.4101   13.67337 6.8103e+01 0.0000e+00
        358  87.642977    0.02479     1.4875     89.250      4.582  52102.683    31.8544     2.5559      4.539    7.66909     2.5569    25.4107   13.67319 6.3899e+01 0.0000e+00
        359  87.642980    0.02486     1.4917     89.500      4.795  52103.870    31.8552     2.5564      4.750    7.66894     2.5578    25.4113   13.67295 6.0059e+01 0.0000e+00
        360  87.642983    0.02493     1.4958     89.750      5.013  52104.698    31.8559     2.5571      4.966    7.66876     2.5588    25.4118   13.67264 5.6413e+01 0.0000e+00
        361  87.642986    0.02500     1.5000     90.000      5.239  52105.198    31.8564     2.5581      5.189    7.66855     2.5597    25.4121   13.67229 5.2889e+01 0.0000e+00
