CTD-processing/allCTD/CNV--turbid/2017_03-28_alongbay_skb07_cast053.cnv
* Sea-Bird SBE19plus Data File:
* FileName = C:\Users\jwschloemer\Documents\CTD Data\2017_03_28_alongbay\2017_03_28_alongbay_cast053.hex
* Software Version 1.59
* Temperature SN =  4141
* Conductivity SN =  4141
* System UpLoad Time = Apr 03 2017 16:18:45
** Cook Inlet LTM Kbay Along Bay
** Date: 2017-03-28
** Station:KB07
** Start Time (AKST):13:37
** Depth (m):149
** Comment: R/V Edgecumb
# nquan = 16
# nvalues = 933                         
# units = specified
# name 0 = scan: Scan Count
# name 1 = timeJ: Julian Days
# name 2 = timeH: Time, Elapsed [hours]
# name 3 = timeM: Time, Elapsed [minutes]
# name 4 = timeS: Time, Elapsed [seconds]
# name 5 = prdM: Pressure, Strain Gauge [db]
# name 6 = specc: Specific Conductance [uS/cm]
# name 7 = sal00: Salinity, Practical [PSU]
# name 8 = tv290C: Temperature [ITS-90, deg C]
# name 9 = depSM: Depth [salt water, m], lat = 59.00
# name 10 = oxsolML/L: Oxygen Saturation, Garcia & Gordon [ml/l]
# name 11 = potemp090C: Potential Temperature [ITS-90, deg C]
# name 12 = sigma-é00: Density [sigma-theta, kg/m^3]
# name 13 = n2satML/L: Nitrogen Saturation [ml/l]
# name 14 = par: PAR/Irradiance, Biospherical/Licor
# name 15 = flag:  0.000e+00
# span 0 =          1,        933       
# span 1 =  87.526829,  87.529525       
# span 2 =    0.00000,    0.06472       
# span 3 =     0.0000,     3.8833       
# span 4 =      0.000,    233.000       
# span 5 =      0.725,    122.776       
# span 6 =  51900.594,  52262.136       
# span 7 =    31.7255,    32.0287       
# span 8 =     2.4679,     3.1976       
# span 9 =      0.718,    121.592       
# span 10 =    7.53893,    7.68909      
# span 11 =     2.4679,     3.1905      
# span 12 =    25.3062,    25.5161      
# span 13 =   13.45630,   13.70698      
# span 14 = 4.3465e-02, 4.1067e+02      
# span 15 = 0.0000e+00, 0.0000e+00      
# interval = seconds: 0.25
# start_time = Mar 28 2017 12:38:38 [Instrument's time stamp, header]
# bad_flag = -9.990e-29
*END*
[from data line 452]
        453  87.528137    0.03139     1.8833    113.000     26.045  52133.888    31.8981     2.6788     25.800    7.64325     2.6778    25.4361   13.63001 2.5543e-01 0.0000e+00
        454  87.528139    0.03146     1.8875    113.250     26.240  52134.326    31.8984     2.6790     25.993    7.64320     2.6781    25.4363   13.62992 2.4416e-01 0.0000e+00
        455  87.528142    0.03153     1.8917    113.500     26.429  52134.652    31.8986     2.6792     26.181    7.64314     2.6783    25.4364   13.62982 2.3373e-01 0.0000e+00
        456  87.528145    0.03160     1.8958    113.750     26.614  52134.650    31.8986     2.6795     26.364    7.64309     2.6785    25.4363   13.62974 2.2400e-01 0.0000e+00
        457  87.528148    0.03167     1.9000    114.000     26.798  52134.312    31.8983     2.6797     26.546    7.64306     2.6785    25.4361   13.62969 2.1468e-01 0.0000e+00
        458  87.528151    0.03174     1.9042    114.250     26.984  52134.061    31.8981     2.6799     26.730    7.64305     2.6785    25.4359   13.62967 2.0558e-01 0.0000e+00
        459  87.528154    0.03181     1.9083    114.500     27.175  52134.151    31.8981     2.6799     26.919    7.64304     2.6785    25.4359   13.62966 1.9669e-01 0.0000e+00
        460  87.528157    0.03188     1.9125    114.750     27.372  52134.457    31.8982     2.6800     27.114    7.64303     2.6786    25.4359   13.62964 1.8801e-01 0.0000e+00
        461  87.528160    0.03194     1.9167    115.000     27.572  52134.825    31.8983     2.6800     27.312    7.64302     2.6787    25.4361   13.62962 1.7971e-01 0.0000e+00
        462  87.528163    0.03201     1.9208    115.250     27.772  52135.107    31.8984     2.6801     27.510    7.64300     2.6788    25.4361   13.62958 1.7207e-01 0.0000e+00
        463  87.528166    0.03208     1.9250    115.500     27.966  52135.227    31.8984     2.6802     27.702    7.64297     2.6789    25.4361   13.62955 1.6513e-01 0.0000e+00
        464  87.528168    0.03215     1.9292    115.750     28.151  52135.344    31.8984     2.6803     27.885    7.64295     2.6790    25.4361   13.62950 1.5880e-01 0.0000e+00
        465  87.528171    0.03222     1.9333    116.000     28.327  52135.710    31.8986     2.6804     28.060    7.64292     2.6793    25.4363   13.62945 1.5301e-01 0.0000e+00
        466  87.528174    0.03229     1.9375    116.250     28.498  52136.399    31.8990     2.6805     28.230    7.64287     2.6796    25.4366   13.62936 1.4769e-01 0.0000e+00
        467  87.528177    0.03236     1.9417    116.500     28.670  52137.068    31.8994     2.6808     28.400    7.64281     2.6799    25.4369   13.62925 1.4263e-01 0.0000e+00
        468  87.528180    0.03243     1.9458    116.750     28.850  52137.352    31.8996     2.6811     28.578    7.64274     2.6803    25.4370   13.62914 1.3752e-01 0.0000e+00
        469  87.528183    0.03250     1.9500    117.000     29.039  52137.408    31.8997     2.6815     28.766    7.64266     2.6807    25.4371   13.62902 1.3228e-01 0.0000e+00
        470  87.528186    0.03257     1.9542    117.250     29.236  52137.633    31.8998     2.6819     28.961    7.64258     2.6813    25.4372   13.62887 1.2707e-01 0.0000e+00
        471  87.528189    0.03264     1.9583    117.500     29.439  52138.076    31.9001     2.6823     29.162    7.64247     2.6819    25.4374   13.62870 1.2213e-01 0.0000e+00
        472  87.528192    0.03271     1.9625    117.750     29.642  52138.478    31.9005     2.6829     29.363    7.64235     2.6826    25.4376   13.62849 1.1754e-01 0.0000e+00
        473  87.528194    0.03278     1.9667    118.000     29.843  52138.583    31.9006     2.6835     29.562    7.64222     2.6832    25.4376   13.62828 1.1325e-01 0.0000e+00
        474  87.528197    0.03285     1.9708    118.250     30.042  52138.435    31.9006     2.6842     29.759    7.64210     2.6838    25.4376   13.62807 1.0919e-01 0.0000e+00
        475  87.528200    0.03292     1.9750    118.500     30.241  52138.309    31.9005     2.6848     29.957    7.64198     2.6842    25.4375   13.62788 1.0531e-01 0.0000e+00
        476  87.528203    0.03299     1.9792    118.750     30.444  52138.068    31.9004     2.6854     30.158    7.64187     2.6846    25.4373   13.62771 1.0162e-01 0.0000e+00
        477  87.528206    0.03306     1.9833    119.000     30.652  52137.530    31.9001     2.6858     30.364    7.64180     2.6849    25.4370   13.62759 9.8108e-02 0.0000e+00
        478  87.528209    0.03313     1.9875    119.250     30.864  52137.399    31.9000     2.6862     30.573    7.64174     2.6855    25.4369   13.62748 9.4743e-02 0.0000e+00
        479  87.528212    0.03319     1.9917    119.500     31.075  52138.447    31.9007     2.6866     30.782    7.64163     2.6864    25.4375   13.62731 9.1590e-02 0.0000e+00
        480  87.528215    0.03326     1.9958    119.750     31.282  52140.157    31.9019     2.6871     30.987    7.64146     2.6877    25.4384   13.62701 8.8714e-02 0.0000e+00
        481  87.528218    0.03333     2.0000    120.000     31.481  52141.575    31.9030     2.6881     31.184    7.64122     2.6892    25.4392   13.62659 8.6086e-02 0.0000e+00
        482  87.528220    0.03340     2.0042    120.250     31.672  52142.165    31.9037     2.6894     31.373    7.64093     2.6906    25.4397   13.62611 8.3687e-02 0.0000e+00
        483  87.528223    0.03347     2.0083    120.500     31.856  52141.812    31.9037     2.6909     31.556    7.64064     2.6918    25.4396   13.62563 8.1520e-02 0.0000e+00
        484  87.528226    0.03354     2.0125    120.750     32.038  52141.065    31.9035     2.6923     31.736    7.64039     2.6928    25.4393   13.62521 7.9537e-02 0.0000e+00
        485  87.528229    0.03361     2.0167    121.000     32.220  52140.382    31.9033     2.6935     31.917    7.64017     2.6938    25.4390   13.62485 7.7686e-02 0.0000e+00
        486  87.528232    0.03368     2.0208    121.250     32.407  52139.807    31.9031     2.6946     32.102    7.63998     2.6947    25.4388   13.62454 7.5900e-02 0.0000e+00
        487  87.528235    0.03375     2.0250    121.500     32.600  52139.599    31.9031     2.6955     32.293    7.63980     2.6956    25.4387   13.62425 7.4086e-02 0.0000e+00
        488  87.528238    0.03382     2.0292    121.750     32.801  52140.078    31.9036     2.6964     32.492    7.63961     2.6969    25.4390   13.62393 7.2255e-02 0.0000e+00
        489  87.528241    0.03389     2.0333    122.000     33.012  52141.083    31.9044     2.6974     32.701    7.63937     2.6984    25.4396   13.62353 7.0483e-02 0.0000e+00
        490  87.528244    0.03396     2.0375    122.250     33.232  52142.249    31.9054     2.6987     32.919    7.63908     2.7003    25.4403   13.62303 6.8786e-02 0.0000e+00
        491  87.528247    0.03403     2.0417    122.500     33.458  52143.409    31.9065     2.7002     33.142    7.63873     2.7024    25.4411   13.62243 6.7125e-02 0.0000e+00
        492  87.528249    0.03410     2.0458    122.750     33.684  52144.202    31.9075     2.7021     33.366    7.63832     2.7047    25.4417   13.62174 6.5522e-02 0.0000e+00
        493  87.528252    0.03417     2.0500    123.000     33.898  52144.266    31.9080     2.7043     33.578    7.63787     2.7069    25.4419   13.62100 6.4072e-02 0.0000e+00
        494  87.528255    0.03424     2.0542    123.250     34.093  52143.688    31.9081     2.7066     33.771    7.63743     2.7088    25.4419   13.62027 6.2843e-02 0.0000e+00
        495  87.528258    0.03431     2.0583    123.500     34.266  52142.587    31.9079     2.7088     33.943    7.63702     2.7105    25.4415   13.61961 6.1840e-02 0.0000e+00
        496  87.528261    0.03438     2.0625    123.750     34.424  52141.192    31.9074     2.7107     34.099    7.63668     2.7119    25.4410   13.61904 6.0992e-02 0.0000e+00
        497  87.528264    0.03444     2.0667    124.000     34.579  52140.038    31.9070     2.7124     34.252    7.63638     2.7132    25.4405   13.61856 6.0183e-02 0.0000e+00
        498  87.528267    0.03451     2.0708    124.250     34.743  52139.535    31.9070     2.7137     34.415    7.63612     2.7144    25.4403   13.61812 5.9345e-02 0.0000e+00
        499  87.528270    0.03458     2.0750    124.500     34.926  52139.625    31.9073     2.7150     34.597    7.63586     2.7157    25.4405   13.61770 5.8471e-02 0.0000e+00
        500  87.528273    0.03465     2.0792    124.750     35.127  52139.793    31.9076     2.7163     34.796    7.63560     2.7169    25.4407   13.61726 5.7590e-02 0.0000e+00
        501  87.528275    0.03472     2.0833    125.000     35.337  52139.558    31.9077     2.7176     35.003    7.63535     2.7180    25.4406   13.61685 5.6740e-02 0.0000e+00
        502  87.528278    0.03479     2.0875    125.250     35.544  52138.944    31.9075     2.7188     35.209    7.63512     2.7190    25.4404   13.61647 5.5931e-02 0.0000e+00
        503  87.528281    0.03486     2.0917    125.500     35.742  52138.469    31.9074     2.7199     35.405    7.63491     2.7198    25.4402   13.61614 5.5162e-02 0.0000e+00
        504  87.528284    0.03493     2.0958    125.750     35.930  52138.543    31.9076     2.7209     35.590    7.63472     2.7208    25.4403   13.61582 5.4461e-02 0.0000e+00
        505  87.528287    0.03500     2.1000    126.000     36.110  52139.136    31.9082     2.7217     35.770    7.63453     2.7220    25.4407   13.61549 5.3840e-02 0.0000e+00
        506  87.528290    0.03507     2.1042    126.250     36.293  52140.202    31.9091     2.7227     35.951    7.63430     2.7235    25.4413   13.61510 5.3268e-02 0.0000e+00
        507  87.528293    0.03514     2.1083    126.500     36.485  52141.505    31.9102     2.7239     36.141    7.63402     2.7253    25.4421   13.61462 5.2718e-02 0.0000e+00
        508  87.528296    0.03521     2.1125    126.750     36.690  52142.857    31.9114     2.7254     36.343    7.63366     2.7276    25.4429   13.61402 5.2175e-02 0.0000e+00
        509  87.528299    0.03528     2.1167    127.000     36.904  52144.164    31.9127     2.7273     36.556    7.63324     2.7300    25.4438   13.61330 5.1634e-02 0.0000e+00
        510  87.528302    0.03535     2.1208    127.250     37.121  52144.973    31.9137     2.7295     36.770    7.63276     2.7325    25.4445   13.61249 5.1123e-02 0.0000e+00
        511  87.528304    0.03542     2.1250    127.500     37.329  52145.011    31.9143     2.7320     36.976    7.63225     2.7349    25.4447   13.61166 5.0657e-02 0.0000e+00
        512  87.528307    0.03549     2.1292    127.750     37.522  52144.268    31.9144     2.7345     37.168    7.63177     2.7369    25.4446   13.61086 5.0244e-02 0.0000e+00
        513  87.528310    0.03556     2.1333    128.000     37.701  52142.889    31.9141     2.7369     37.345    7.63134     2.7386    25.4441   13.61015 4.9895e-02 0.0000e+00
        514  87.528313    0.03562     2.1375    128.250     37.874  52141.315    31.9135     2.7390     37.516    7.63098     2.7399    25.4435   13.60957 4.9584e-02 0.0000e+00
        515  87.528316    0.03569     2.1417    128.500     38.053  52140.026    31.9129     2.7406     37.694    7.63069     2.7410    25.4429   13.60910 4.9287e-02 0.0000e+00
        516  87.528319    0.03576     2.1458    128.750     38.250  52139.359    31.9127     2.7419     37.888    7.63045     2.7420    25.4427   13.60870 4.9010e-02 0.0000e+00
        517  87.528322    0.03583     2.1500    129.000     38.468  52139.347    31.9129     2.7431     38.104    7.63022     2.7431    25.4427   13.60832 4.8755e-02 0.0000e+00
        518  87.528325    0.03590     2.1542    129.250     38.702  52139.569    31.9133     2.7441     38.337    7.63000     2.7442    25.4429   13.60795 4.8497e-02 0.0000e+00
        519  87.528328    0.03597     2.1583    129.500     38.943  52139.691    31.9135     2.7452     38.575    7.62978     2.7454    25.4430   13.60759 4.8205e-02 0.0000e+00
        520  87.528330    0.03604     2.1625    129.750     39.176  52139.788    31.9138     2.7463     38.806    7.62956     2.7465    25.4431   13.60721 4.7886e-02 0.0000e+00
        521  87.528333    0.03611     2.1667    130.000     39.394  52139.895    31.9140     2.7475     39.022    7.62933     2.7477    25.4433   13.60683 4.7569e-02 0.0000e+00
        522  87.528336    0.03618     2.1708    130.250     39.596  52139.901    31.9142     2.7486     39.222    7.62910     2.7488    25.4433   13.60645 4.7287e-02 0.0000e+00
        523  87.528339    0.03625     2.1750    130.500     39.790  52139.944    31.9145     2.7498     39.414    7.62886     2.7500    25.4434   13.60606 4.7047e-02 0.0000e+00
        524  87.528342    0.03632     2.1792    130.750     39.985  52140.176    31.9149     2.7509     39.607    7.62862     2.7512    25.4436   13.60565 4.6814e-02 0.0000e+00
        525  87.528345    0.03639     2.1833    131.000     40.188  52140.353    31.9152     2.7521     39.808    7.62838     2.7523    25.4438   13.60525 4.6563e-02 0.0000e+00
        526  87.528348    0.03646     2.1875    131.250     40.401  52140.304    31.9154     2.7534     40.019    7.62814     2.7534    25.4439   13.60486 4.6340e-02 0.0000e+00
        527  87.528351    0.03653     2.1917    131.500     40.621  52139.941    31.9153     2.7545     40.237    7.62792     2.7542    25.4437   13.60450 4.6182e-02 0.0000e+00
        528  87.528354    0.03660     2.1958    131.750     40.842  52139.221    31.9150     2.7556     40.456    7.62774     2.7549    25.4434   13.60420 4.6056e-02 0.0000e+00
        529  87.528356    0.03667     2.2000    132.000     41.060  52138.509    31.9147     2.7564     40.672    7.62759     2.7555    25.4431   13.60396 4.5935e-02 0.0000e+00
        530  87.528359    0.03674     2.2042    132.250     41.274  52138.274    31.9146     2.7571     40.884    7.62746     2.7561    25.4430   13.60375 4.5809e-02 0.0000e+00
        531  87.528362    0.03681     2.2083    132.500     41.485  52138.525    31.9148     2.7577     41.093    7.62733     2.7567    25.4431   13.60354 4.5675e-02 0.0000e+00
        532  87.528365    0.03687     2.2125    132.750     41.698  52138.916    31.9151     2.7583     41.304    7.62721     2.7574    25.4433   13.60332 4.5543e-02 0.0000e+00
        533  87.528368    0.03694     2.2167    133.000     41.913  52139.285    31.9154     2.7590     41.517    7.62708     2.7582    25.4435   13.60310 4.5414e-02 0.0000e+00
        534  87.528371    0.03701     2.2208    133.250     42.131  52139.916    31.9159     2.7597     41.733    7.62692     2.7593    25.4438   13.60284 4.5282e-02 0.0000e+00
        535  87.528374    0.03708     2.2250    133.500     42.349  52140.931    31.9167     2.7605     41.949    7.62672     2.7606    25.4444   13.60249 4.5151e-02 0.0000e+00
        536  87.528377    0.03715     2.2292    133.750     42.566  52141.579    31.9174     2.7616     42.164    7.62647     2.7618    25.4448   13.60208 4.5056e-02 0.0000e+00
        537  87.528380    0.03722     2.2333    134.000     42.781  52141.289    31.9174     2.7629     42.377    7.62622     2.7630    25.4447   13.60167 4.4982e-02 0.0000e+00
        538  87.528383    0.03729     2.2375    134.250     42.994  52140.529    31.9172     2.7642     42.588    7.62599     2.7640    25.4444   13.60129 4.4908e-02 0.0000e+00
        539  87.528385    0.03736     2.2417    134.500     43.205  52139.978    31.9170     2.7653     42.797    7.62578     2.7649    25.4442   13.60095 4.4857e-02 0.0000e+00
        540  87.528388    0.03743     2.2458    134.750     43.412  52139.875    31.9171     2.7663     43.002    7.62559     2.7658    25.4442   13.60063 4.4811e-02 0.0000e+00
        541  87.528391    0.03750     2.2500    135.000     43.616  52139.976    31.9173     2.7672     43.203    7.62540     2.7666    25.4443   13.60032 4.4763e-02 0.0000e+00
        542  87.528394    0.03757     2.2542    135.250     43.819  52139.828    31.9173     2.7681     43.405    7.62523     2.7672    25.4443   13.60003 4.4733e-02 0.0000e+00
