CTD-processing/allCTD/CNV--turbid/2017_09-22_t9_s09_cast043.cnv
* Sea-Bird SBE19plus Data File:
* FileName = C:\Users\Kim.Powell\Desktop\Not Processed\2017\2017_09-22\2017_09-22_TRANSECT_STATION_cast043.hex
* Software Version 1.59
* Temperature SN =  4141
* Conductivity SN =  4141
* System UpLoad Time = Oct 11 2017 10:59:15
** 2017_09-22
** Station: 9-09
** Start Time: 16:06
** Depth (m): 83.2
** Comment:
** Comment:
# nquan = 16
# nvalues = 646                         
# units = specified
# name 0 = scan: Scan Count
# name 1 = timeJ: Julian Days
# name 2 = timeH: Time, Elapsed [hours]
# name 3 = timeM: Time, Elapsed [minutes]
# name 4 = timeS: Time, Elapsed [seconds]
# name 5 = prdM: Pressure, Strain Gauge [db]
# name 6 = specc: Specific Conductance [uS/cm]
# name 7 = sal00: Salinity, Practical [PSU]
# name 8 = tv290C: Temperature [ITS-90, deg C]
# name 9 = depSM: Depth [salt water, m], lat = 59.00
# name 10 = oxsolML/L: Oxygen Saturation, Garcia & Gordon [ml/l]
# name 11 = potemp090C: Potential Temperature [ITS-90, deg C]
# name 12 = sigma-é00: Density [sigma-theta, kg/m^3]
# name 13 = n2satML/L: Nitrogen Saturation [ml/l]
# name 14 = par: PAR/Irradiance, Biospherical/Licor
# name 15 = flag:  0.000e+00
# span 0 =          1,        646       
# span 1 = 265.671088, 265.672954       
# span 2 =    0.00000,    0.04479       
# span 3 =     0.0000,     2.6875       
# span 4 =      0.000,    161.250       
# span 5 =      0.735,     74.453       
# span 6 =  41677.718,  48422.358       
# span 7 =    26.1497,    30.7511       
# span 8 =    10.3016,    11.1175       
# span 9 =      0.728,     73.744       
# span 10 =    6.36805,    6.52702      
# span 11 =    10.2934,    11.1172      
# span 12 =    19.8818,    23.5883      
# span 13 =   11.54452,   11.85555      
# span 14 = 5.2799e-02, 5.1136e+01      
# span 15 = 0.0000e+00, 0.0000e+00      
# interval = seconds: 0.25
# start_time = Sep 22 2017 16:06:22 [Instrument's time stamp, header]
# bad_flag = -9.990e-29
*END*
[from data line 181]
        182 265.671612    0.01257     0.7542     45.250      0.759  41875.937    26.2857    11.0645      0.752    6.52327    11.0642    19.9896   11.84766 4.0678e+01 0.0000e+00
        183 265.671615    0.01264     0.7583     45.500      0.764  41874.734    26.2849    11.0643      0.757    6.52332    11.0642    19.9889   11.84776 4.0899e+01 0.0000e+00
        184 265.671617    0.01271     0.7625     45.750      0.771  41875.695    26.2855    11.0643      0.764    6.52330    11.0642    19.9895   11.84772 4.1068e+01 0.0000e+00
        185 265.671620    0.01278     0.7667     46.000      0.776  41878.266    26.2873    11.0643      0.769    6.52323    11.0642    19.9908   11.84757 4.1014e+01 0.0000e+00
        186 265.671623    0.01285     0.7708     46.250      0.779  41881.032    26.2892    11.0643      0.772    6.52315    11.0641    19.9923   11.84741 4.0643e+01 0.0000e+00
        187 265.671626    0.01292     0.7750     46.500      0.780  41882.859    26.2905    11.0643      0.772    6.52310    11.0640    19.9933   11.84731 4.0122e+01 0.0000e+00
        188 265.671629    0.01299     0.7792     46.750      0.779  41883.088    26.2907    11.0642      0.771    6.52310    11.0640    19.9934   11.84731 3.9652e+01 0.0000e+00
        189 265.671632    0.01306     0.7833     47.000      0.777  41881.802    26.2898    11.0641      0.769    6.52315    11.0639    19.9927   11.84740 3.9364e+01 0.0000e+00
        190 265.671635    0.01313     0.7875     47.250      0.774  41879.949    26.2885    11.0641      0.767    6.52321    11.0639    19.9917   11.84753 3.9256e+01 0.0000e+00
        191 265.671638    0.01319     0.7917     47.500      0.771  41878.562    26.2875    11.0640      0.764    6.52326    11.0638    19.9910   11.84762 3.9345e+01 0.0000e+00
        192 265.671641    0.01326     0.7958     47.750      0.768  41878.209    26.2873    11.0640      0.761    6.52328    11.0638    19.9908   11.84765 3.9603e+01 0.0000e+00
        193 265.671644    0.01333     0.8000     48.000      0.764  41878.793    26.2877    11.0639      0.757    6.52326    11.0638    19.9911   11.84762 3.9868e+01 0.0000e+00
        194 265.671646    0.01340     0.8042     48.250      0.762  41879.618    26.2882    11.0639      0.754    6.52324    11.0639    19.9916   11.84758 4.0225e+01 0.0000e+00
        195 265.671649    0.01347     0.8083     48.500      0.761  41879.997    26.2885    11.0639      0.754    6.52323    11.0639    19.9918   11.84756 4.0660e+01 0.0000e+00
        196 265.671652    0.01354     0.8125     48.750      0.764  41879.714    26.2883    11.0639      0.757    6.52324    11.0639    19.9916   11.84757 4.0878e+01 0.0000e+00
        197 265.671655    0.01361     0.8167     49.000      0.770  41878.972    26.2878    11.0640      0.763    6.52325    11.0640    19.9912   11.84760 4.0983e+01 0.0000e+00
        198 265.671658    0.01368     0.8208     49.250      0.779  41878.379    26.2874    11.0640      0.771    6.52326    11.0640    19.9909   11.84762 4.1139e+01 0.0000e+00
        199 265.671661    0.01375     0.8250     49.500      0.787  41878.780    26.2877    11.0641      0.779    6.52324    11.0641    19.9911   11.84759 4.1051e+01 0.0000e+00
        200 265.671664    0.01382     0.8292     49.750      0.790  41880.574    26.2889    11.0641      0.783    6.52318    11.0641    19.9921   11.84748 4.0510e+01 0.0000e+00
        201 265.671667    0.01389     0.8333     50.000      0.787  41883.105    26.2907    11.0641      0.780    6.52311    11.0641    19.9935   11.84733 3.9761e+01 0.0000e+00
        202 265.671670    0.01396     0.8375     50.250      0.777  41885.055    26.2920    11.0641      0.769    6.52305    11.0640    19.9945   11.84722 3.9232e+01 0.0000e+00
        203 265.671672    0.01403     0.8417     50.500      0.762  41885.344    26.2922    11.0641      0.754    6.52305    11.0641    19.9947   11.84721 3.9138e+01 0.0000e+00
        204 265.671675    0.01410     0.8458     50.750      0.746  41883.513    26.2910    11.0641      0.738    6.52310    11.0643    19.9937   11.84732 3.9380e+01 0.0000e+00
        205 265.671678    0.01417     0.8500     51.000      0.735  41879.992    26.2885    11.0641      0.728    6.52320    11.0648    19.9918   11.84751 3.9909e+01 0.0000e+00
        206 265.671681    0.01424     0.8542     51.250      0.735  41876.046    26.2858    11.0644      0.728    6.52328    11.0657    19.9897   11.84767 4.0733e+01 0.0000e+00
        207 265.671684    0.01431     0.8583     51.500      0.746  41872.934    26.2837    11.0649      0.739    6.52329    11.0670    19.9879   11.84772 4.1571e+01 0.0000e+00
        208 265.671687    0.01438     0.8625     51.750      0.765  41871.403    26.2827    11.0658      0.758    6.52320    11.0683    19.9870   11.84758 4.2021e+01 0.0000e+00
        209 265.671690    0.01444     0.8667     52.000      0.785  41871.791    26.2831    11.0671      0.777    6.52300    11.0694    19.9871   11.84725 4.1901e+01 0.0000e+00
        210 265.671693    0.01451     0.8708     52.250      0.798  41873.803    26.2846    11.0684      0.791    6.52275    11.0699    19.9880   11.84682 4.1315e+01 0.0000e+00
        211 265.671696    0.01458     0.8750     52.500      0.801  41876.471    26.2865    11.0695      0.794    6.52253    11.0699    19.9894   11.84641 4.0519e+01 0.0000e+00
        212 265.671698    0.01465     0.8792     52.750      0.794  41878.820    26.2882    11.0700      0.787    6.52238    11.0696    19.9906   11.84615 3.9732e+01 0.0000e+00
        213 265.671701    0.01472     0.8833     53.000      0.781  41880.151    26.2892    11.0700      0.774    6.52234    11.0692    19.9913   11.84607 3.9157e+01 0.0000e+00
        214 265.671704    0.01479     0.8875     53.250      0.769  41880.176    26.2892    11.0697      0.762    6.52239    11.0689    19.9914   11.84615 3.8874e+01 0.0000e+00
        215 265.671707    0.01486     0.8917     53.500      0.762  41879.353    26.2886    11.0693      0.755    6.52247    11.0687    19.9910   11.84630 3.8772e+01 0.0000e+00
        216 265.671710    0.01493     0.8958     53.750      0.763  41878.527    26.2880    11.0690      0.756    6.52254    11.0687    19.9905   11.84642 3.8822e+01 0.0000e+00
        217 265.671713    0.01500     0.9000     54.000      0.768  41878.267    26.2878    11.0688      0.761    6.52257    11.0687    19.9904   11.84648 3.8989e+01 0.0000e+00
        218 265.671716    0.01507     0.9042     54.250      0.774  41878.816    26.2881    11.0688      0.767    6.52256    11.0688    19.9907   11.84646 3.9148e+01 0.0000e+00
        219 265.671719    0.01514     0.9083     54.500      0.777  41880.025    26.2890    11.0688      0.770    6.52252    11.0689    19.9913   11.84637 3.9318e+01 0.0000e+00
        220 265.671722    0.01521     0.9125     54.750      0.775  41881.376    26.2899    11.0689      0.768    6.52246    11.0689    19.9921   11.84626 3.9563e+01 0.0000e+00
        221 265.671725    0.01528     0.9167     55.000      0.768  41882.393    26.2906    11.0690      0.761    6.52242    11.0688    19.9926   11.84618 3.9759e+01 0.0000e+00
        222 265.671727    0.01535     0.9208     55.250      0.759  41882.708    26.2908    11.0690      0.752    6.52241    11.0687    19.9928   11.84617 3.9996e+01 0.0000e+00
        223 265.671730    0.01542     0.9250     55.500      0.751  41882.134    26.2904    11.0689      0.744    6.52244    11.0685    19.9925   11.84623 4.0582e+01 0.0000e+00
        224 265.671733    0.01549     0.9292     55.750      0.748  41880.972    26.2896    11.0688      0.741    6.52250    11.0684    19.9919   11.84633 4.1419e+01 0.0000e+00
        225 265.671736    0.01556     0.9333     56.000      0.750  41879.865    26.2888    11.0686      0.743    6.52255    11.0684    19.9913   11.84642 4.2291e+01 0.0000e+00
        226 265.671739    0.01563     0.9375     56.250      0.758  41879.386    26.2885    11.0685      0.751    6.52258    11.0684    19.9910   11.84648 4.3014e+01 0.0000e+00
        227 265.671742    0.01569     0.9417     56.500      0.769  41879.930    26.2889    11.0685      0.762    6.52257    11.0684    19.9913   11.84646 4.3302e+01 0.0000e+00
        228 265.671745    0.01576     0.9458     56.750      0.779  41881.373    26.2899    11.0685      0.772    6.52253    11.0683    19.9921   11.84638 4.3160e+01 0.0000e+00
        229 265.671748    0.01583     0.9500     57.000      0.786  41883.065    26.2910    11.0685      0.779    6.52248    11.0682    19.9930   11.84629 4.2860e+01 0.0000e+00
        230 265.671751    0.01590     0.9542     57.250      0.789  41884.405    26.2920    11.0684      0.782    6.52245    11.0680    19.9938   11.84623 4.2427e+01 0.0000e+00
        231 265.671753    0.01597     0.9583     57.500      0.790  41884.965    26.2924    11.0683      0.783    6.52245    11.0679    19.9941   11.84623 4.1756e+01 0.0000e+00
        232 265.671756    0.01604     0.9625     57.750      0.790  41884.716    26.2922    11.0681      0.783    6.52249    11.0677    19.9940   11.84628 4.0944e+01 0.0000e+00
        233 265.671759    0.01611     0.9667     58.000      0.791  41884.261    26.2918    11.0679      0.784    6.52253    11.0677    19.9937   11.84634 4.0040e+01 0.0000e+00
        234 265.671762    0.01618     0.9708     58.250      0.792  41884.296    26.2918    11.0678      0.784    6.52254    11.0677    19.9937   11.84637 3.9053e+01 0.0000e+00
        235 265.671765    0.01625     0.9750     58.500      0.789  41885.074    26.2924    11.0678      0.782    6.52253    11.0678    19.9942   11.84634 3.8073e+01 0.0000e+00
        236 265.671768    0.01632     0.9792     58.750      0.782  41886.369    26.2933    11.0678      0.775    6.52249    11.0679    19.9949   11.84626 3.7218e+01 0.0000e+00
        237 265.671771    0.01639     0.9833     59.000      0.770  41887.595    26.2941    11.0678      0.763    6.52245    11.0681    19.9955   11.84618 3.6817e+01 0.0000e+00
        238 265.671774    0.01646     0.9875     59.250      0.755  41888.158    26.2945    11.0679      0.748    6.52241    11.0685    19.9958   11.84612 3.7226e+01 0.0000e+00
        239 265.671777    0.01653     0.9917     59.500      0.743  41887.923    26.2944    11.0681      0.736    6.52239    11.0693    19.9957   11.84609 3.8397e+01 0.0000e+00
        240 265.671780    0.01660     0.9958     59.750      0.737  41887.322    26.2940    11.0686      0.730    6.52235    11.0709    19.9953   11.84602 3.9907e+01 0.0000e+00
        241 265.671782    0.01667     1.0000     60.000      0.742  41887.135    26.2940    11.0694      0.734    6.52223    11.0733    19.9951   11.84582 4.1340e+01 0.0000e+00
        242 265.671785    0.01674     1.0042     60.250      0.756  41888.005    26.2947    11.0710      0.749    6.52198    11.0763    19.9954   11.84540 4.2483e+01 0.0000e+00
        243 265.671788    0.01681     1.0083     60.500      0.777  41889.077    26.2957    11.0734      0.770    6.52159    11.0793    19.9958   11.84475 4.3214e+01 0.0000e+00
        244 265.671791    0.01688     1.0125     60.750      0.799  41889.026    26.2959    11.0764      0.792    6.52115    11.0818    19.9955   11.84401 4.3400e+01 0.0000e+00
        245 265.671794    0.01694     1.0167     61.000      0.816  41887.516    26.2951    11.0794      0.808    6.52077    11.0836    19.9944   11.84338 4.3067e+01 0.0000e+00
        246 265.671797    0.01701     1.0208     61.250      0.824  41883.789    26.2927    11.0819      0.816    6.52052    11.0847    19.9922   11.84299 4.2398e+01 0.0000e+00
        247 265.671800    0.01708     1.0250     61.500      0.822  41876.661    26.2880    11.0837      0.814    6.52046    11.0852    19.9882   11.84296 4.1502e+01 0.0000e+00
        248 265.671803    0.01715     1.0292     61.750      0.813  41865.169    26.2801    11.0848      0.805    6.52063    11.0852    19.9819   11.84333 4.0343e+01 0.0000e+00
        249 265.671806    0.01722     1.0333     62.000      0.800  41850.590    26.2701    11.0853      0.793    6.52097    11.0849    19.9740   11.84403 3.9045e+01 0.0000e+00
        250 265.671808    0.01729     1.0375     62.250      0.789  41836.481    26.2603    11.0853      0.782    6.52137    11.0845    19.9664   11.84481 3.8114e+01 0.0000e+00
        251 265.671811    0.01736     1.0417     62.500      0.780  41824.209    26.2518    11.0850      0.772    6.52176    11.0840    19.9599   11.84557 3.7800e+01 0.0000e+00
        252 265.671814    0.01743     1.0458     62.750      0.773  41811.711    26.2431    11.0846      0.765    6.52218    11.0834    19.9532   11.84637 3.7874e+01 0.0000e+00
        253 265.671817    0.01750     1.0500     63.000      0.768  41797.337    26.2331    11.0841      0.761    6.52267    11.0828    19.9455   11.84730 3.8141e+01 0.0000e+00
        254 265.671820    0.01757     1.0542     63.250      0.766  41783.010    26.2231    11.0835      0.758    6.52316    11.0822    19.9379   11.84824 3.8686e+01 0.0000e+00
        255 265.671823    0.01764     1.0583     63.500      0.766  41770.332    26.2143    11.0829      0.759    6.52361    11.0816    19.9311   11.84910 3.9561e+01 0.0000e+00
        256 265.671826    0.01771     1.0625     63.750      0.770  41757.694    26.2054    11.0823      0.763    6.52406    11.0811    19.9244   11.84995 4.0447e+01 0.0000e+00
        257 265.671829    0.01778     1.0667     64.000      0.778  41744.438    26.1962    11.0817      0.771    6.52453    11.0805    19.9173   11.85084 4.1097e+01 0.0000e+00
        258 265.671832    0.01785     1.0708     64.250      0.788  41731.418    26.1871    11.0812      0.781    6.52498    11.0799    19.9104   11.85171 4.1441e+01 0.0000e+00
        259 265.671834    0.01792     1.0750     64.500      0.798  41718.952    26.1785    11.0806      0.791    6.52543    11.0793    19.9037   11.85255 4.1463e+01 0.0000e+00
        260 265.671837    0.01799     1.0792     64.750      0.805  41707.337    26.1704    11.0800      0.798    6.52584    11.0788    19.8975   11.85334 4.1396e+01 0.0000e+00
        261 265.671840    0.01806     1.0833     65.000      0.805  41697.109    26.1632    11.0794      0.798    6.52622    11.0783    19.8921   11.85406 4.1401e+01 0.0000e+00
        262 265.671843    0.01812     1.0875     65.250      0.800  41688.653    26.1574    11.0789      0.792    6.52654    11.0779    19.8876   11.85466 4.1330e+01 0.0000e+00
        263 265.671846    0.01819     1.0917     65.500      0.792  41682.101    26.1528    11.0784      0.784    6.52680    11.0776    19.8841   11.85514 4.1140e+01 0.0000e+00
        264 265.671849    0.01826     1.0958     65.750      0.786  41678.003    26.1499    11.0780      0.779    6.52697    11.0775    19.8820   11.85547 4.0975e+01 0.0000e+00
        265 265.671852    0.01833     1.1000     66.000      0.788  41677.718    26.1497    11.0777      0.781    6.52702    11.0775    19.8818   11.85555 4.0877e+01 0.0000e+00
        266 265.671855    0.01840     1.1042     66.250      0.801  41682.644    26.1531    11.0776      0.794    6.52690    11.0777    19.8845   11.85532 4.0775e+01 0.0000e+00
        267 265.671858    0.01847     1.1083     66.500      0.827  41694.629    26.1614    11.0775      0.820    6.52656    11.0782    19.8909   11.85465 4.0512e+01 0.0000e+00
        268 265.671861    0.01854     1.1125     66.750      0.869  41719.328    26.1785    11.0778      0.861    6.52583    11.0794    19.9042   11.85322 3.9862e+01 0.0000e+00
        269 265.671863    0.01861     1.1167     67.000      0.931  41767.194    26.2118    11.0783      0.922    6.52438    11.0814    19.9299   11.85040 3.8577e+01 0.0000e+00
        270 265.671866    0.01868     1.1208     67.250      1.024  41852.049    26.2707    11.0795      1.015    6.52178    11.0849    19.9754   11.84537 3.6575e+01 0.0000e+00
        271 265.671869    0.01875     1.1250     67.500      1.154  41986.619    26.3641    11.0815      1.143    6.51762    11.0899    20.0476   11.83732 3.4035e+01 0.0000e+00
