CTD-processing/allCTD/CNV--turbid/2017_04-19_t3_s04_cast134.cnv
* Sea-Bird SBE19plus Data File:
* FileName = P:\My Documents\kasitsna\Research-KBL\Oceanography-AK\CTD-Data-ALL-to-2017-02\2017-CTD-KachemakBay-CookInlet\2017-04-19-CookInlet-Tran3-AnchorPt\2017-04-19-CookInlet-Tran3-cast134.hex
* Software Version 1.59
* Temperature SN =  4141
* Conductivity SN =  4141
* System UpLoad Time = Apr 20 2017 00:39:57
** Cook Inlet LTM Transect 3 Anchor Pt east to west
** Date: 2017-04-19
** Station: (eg. 9-01): 3-04
** Start time (AKDT): 23:31
** Depth (m): 29.6
** Comment: R/V Alaska Dreamcatcher
** Comment:
# nquan = 16
# nvalues = 363                         
# units = specified
# name 0 = scan: Scan Count
# name 1 = timeJ: Julian Days
# name 2 = timeH: Time, Elapsed [hours]
# name 3 = timeM: Time, Elapsed [minutes]
# name 4 = timeS: Time, Elapsed [seconds]
# name 5 = prdM: Pressure, Strain Gauge [db]
# name 6 = specc: Specific Conductance [uS/cm]
# name 7 = sal00: Salinity, Practical [PSU]
# name 8 = tv290C: Temperature [ITS-90, deg C]
# name 9 = depSM: Depth [salt water, m], lat = 59.00
# name 10 = oxsolML/L: Oxygen Saturation, Garcia & Gordon [ml/l]
# name 11 = potemp090C: Potential Temperature [ITS-90, deg C]
# name 12 = sigma-é00: Density [sigma-theta, kg/m^3]
# name 13 = n2satML/L: Nitrogen Saturation [ml/l]
# name 14 = par: PAR/Irradiance, Biospherical/Licor
# name 15 = flag:  0.000e+00
# span 0 =          1,        363       
# span 1 = 109.980451, 109.981499       
# span 2 =    0.00000,    0.02514       
# span 3 =     0.0000,     1.5083       
# span 4 =      0.000,     90.500       
# span 5 =     -0.036,     29.825       
# span 6 =    440.802,  50550.683       
# span 7 =     0.2007,    30.7852       
# span 8 =     2.4526,     2.5869       
# span 9 =     -0.036,     29.544       
# span 10 =    7.73998,    9.51202      
# span 11 =     2.4525,     2.5869      
# span 12 =     0.1221,    24.5633      
# span 13 =   13.80459,   17.21762      
# span 14 = 3.6382e-02, 5.8903e-01      
# span 15 = 0.0000e+00, 0.0000e+00      
# interval = seconds: 0.25
# start_time = Apr 19 2017 23:31:51 [Instrument's time stamp, header]
# bad_flag = -9.990e-29
*END*
[from data line 181]
        182 109.980975    0.01257     0.7542     45.250      1.032  50524.298    30.7740     2.4820      1.022    7.74033     2.4822    24.5532   13.80518 3.6382e-02 0.0000e+00
        183 109.980978    0.01264     0.7583     45.500      1.029  50523.678    30.7736     2.4821      1.020    7.74033     2.4822    24.5529   13.80518 3.6382e-02 0.0000e+00
        184 109.980981    0.01271     0.7625     45.750      1.028  50523.127    30.7733     2.4822      1.018    7.74033     2.4821    24.5526   13.80519 3.6382e-02 0.0000e+00
        185 109.980984    0.01278     0.7667     46.000      1.027  50522.756    30.7730     2.4822      1.018    7.74035     2.4820    24.5524   13.80522 3.6382e-02 0.0000e+00
        186 109.980987    0.01285     0.7708     46.250      1.028  50522.572    30.7728     2.4821      1.018    7.74037     2.4818    24.5522   13.80526 3.6382e-02 0.0000e+00
        187 109.980990    0.01292     0.7750     46.500      1.029  50522.541    30.7728     2.4820      1.019    7.74039     2.4817    24.5522   13.80530 3.6382e-02 0.0000e+00
        188 109.980992    0.01299     0.7792     46.750      1.030  50522.582    30.7728     2.4819      1.020    7.74042     2.4816    24.5522   13.80534 3.6382e-02 0.0000e+00
        189 109.980995    0.01306     0.7833     47.000      1.032  50522.634    30.7728     2.4818      1.022    7.74044     2.4815    24.5522   13.80538 3.6382e-02 0.0000e+00
        190 109.980998    0.01313     0.7875     47.250      1.033  50522.691    30.7728     2.4817      1.024    7.74046     2.4815    24.5522   13.80541 3.6382e-02 0.0000e+00
        191 109.981001    0.01319     0.7917     47.500      1.035  50522.730    30.7728     2.4816      1.026    7.74047     2.4816    24.5522   13.80543 3.6382e-02 0.0000e+00
        192 109.981004    0.01326     0.7958     47.750      1.037  50522.755    30.7728     2.4816      1.027    7.74048     2.4816    24.5523   13.80544 3.6382e-02 0.0000e+00
        193 109.981007    0.01333     0.8000     48.000      1.038  50522.807    30.7729     2.4816      1.028    7.74047     2.4816    24.5523   13.80543 3.6382e-02 0.0000e+00
        194 109.981010    0.01340     0.8042     48.250      1.038  50522.859    30.7729     2.4817      1.029    7.74046     2.4817    24.5523   13.80541 3.6382e-02 0.0000e+00
        195 109.981013    0.01347     0.8083     48.500      1.040  50522.876    30.7729     2.4817      1.030    7.74045     2.4818    24.5523   13.80539 3.6382e-02 0.0000e+00
        196 109.981016    0.01354     0.8125     48.750      1.042  50522.866    30.7729     2.4818      1.032    7.74043     2.4819    24.5523   13.80537 3.6382e-02 0.0000e+00
        197 109.981019    0.01361     0.8167     49.000      1.045  50522.862    30.7730     2.4818      1.035    7.74042     2.4820    24.5524   13.80534 3.6382e-02 0.0000e+00
        198 109.981021    0.01368     0.8208     49.250      1.048  50522.898    30.7730     2.4819      1.039    7.74040     2.4820    24.5524   13.80531 3.6382e-02 0.0000e+00
        199 109.981024    0.01375     0.8250     49.500      1.052  50523.012    30.7731     2.4820      1.042    7.74038     2.4821    24.5525   13.80528 3.6382e-02 0.0000e+00
        200 109.981027    0.01382     0.8292     49.750      1.055  50523.248    30.7733     2.4821      1.045    7.74035     2.4822    24.5526   13.80523 3.6382e-02 0.0000e+00
        201 109.981030    0.01389     0.8333     50.000      1.056  50523.620    30.7736     2.4822      1.046    7.74032     2.4824    24.5528   13.80517 3.6382e-02 0.0000e+00
        202 109.981033    0.01396     0.8375     50.250      1.055  50524.108    30.7739     2.4823      1.045    7.74028     2.4825    24.5531   13.80510 3.6382e-02 0.0000e+00
        203 109.981036    0.01403     0.8417     50.500      1.052  50524.632    30.7743     2.4824      1.042    7.74024     2.4825    24.5534   13.80503 3.6382e-02 0.0000e+00
        204 109.981039    0.01410     0.8458     50.750      1.046  50525.056    30.7746     2.4825      1.037    7.74020     2.4826    24.5536   13.80496 3.6382e-02 0.0000e+00
        205 109.981042    0.01417     0.8500     51.000      1.040  50525.270    30.7748     2.4826      1.030    7.74018     2.4826    24.5537   13.80492 3.6382e-02 0.0000e+00
        206 109.981045    0.01424     0.8542     51.250      1.033  50525.246    30.7748     2.4826      1.023    7.74016     2.4827    24.5537   13.80490 3.6382e-02 0.0000e+00
        207 109.981047    0.01431     0.8583     51.500      1.028  50524.968    30.7746     2.4827      1.019    7.74016     2.4827    24.5536   13.80490 3.6382e-02 0.0000e+00
        208 109.981050    0.01438     0.8625     51.750      1.026  50524.387    30.7743     2.4827      1.017    7.74017     2.4827    24.5533   13.80492 3.6382e-02 0.0000e+00
        209 109.981053    0.01444     0.8667     52.000      1.027  50523.596    30.7738     2.4828      1.018    7.74019     2.4827    24.5529   13.80496 3.6382e-02 0.0000e+00
        210 109.981056    0.01451     0.8708     52.250      1.031  50522.882    30.7733     2.4828      1.022    7.74022     2.4826    24.5525   13.80500 3.6382e-02 0.0000e+00
        211 109.981059    0.01458     0.8750     52.500      1.037  50522.492    30.7730     2.4827      1.028    7.74024     2.4825    24.5523   13.80504 3.6382e-02 0.0000e+00
        212 109.981062    0.01465     0.8792     52.750      1.044  50522.497    30.7730     2.4827      1.034    7.74025     2.4825    24.5523   13.80507 3.6382e-02 0.0000e+00
        213 109.981065    0.01472     0.8833     53.000      1.050  50522.855    30.7732     2.4826      1.040    7.74025     2.4826    24.5525   13.80507 3.6382e-02 0.0000e+00
        214 109.981068    0.01479     0.8875     53.250      1.055  50523.496    30.7736     2.4826      1.045    7.74024     2.4827    24.5528   13.80504 3.6382e-02 0.0000e+00
        215 109.981071    0.01486     0.8917     53.500      1.057  50524.282    30.7741     2.4826      1.047    7.74020     2.4828    24.5532   13.80497 3.6382e-02 0.0000e+00
        216 109.981073    0.01493     0.8958     53.750      1.058  50525.011    30.7747     2.4827      1.048    7.74016     2.4828    24.5536   13.80489 3.6382e-02 0.0000e+00
        217 109.981076    0.01500     0.9000     54.000      1.057  50525.569    30.7751     2.4828      1.047    7.74012     2.4829    24.5540   13.80482 3.6382e-02 0.0000e+00
        218 109.981079    0.01507     0.9042     54.250      1.055  50525.958    30.7753     2.4829      1.045    7.74009     2.4829    24.5542   13.80476 3.6382e-02 0.0000e+00
        219 109.981082    0.01514     0.9083     54.500      1.053  50526.182    30.7755     2.4829      1.043    7.74007     2.4829    24.5543   13.80473 3.6382e-02 0.0000e+00
        220 109.981085    0.01521     0.9125     54.750      1.051  50526.220    30.7755     2.4830      1.041    7.74007     2.4830    24.5543   13.80472 3.6382e-02 0.0000e+00
        221 109.981088    0.01528     0.9167     55.000      1.051  50526.056    30.7754     2.4830      1.041    7.74006     2.4831    24.5542   13.80472 3.6382e-02 0.0000e+00
        222 109.981091    0.01535     0.9208     55.250      1.051  50525.699    30.7752     2.4831      1.041    7.74006     2.4832    24.5540   13.80472 3.6382e-02 0.0000e+00
        223 109.981094    0.01542     0.9250     55.500      1.051  50525.280    30.7749     2.4832      1.041    7.74005     2.4833    24.5538   13.80471 3.6382e-02 0.0000e+00
        224 109.981097    0.01549     0.9292     55.750      1.050  50525.010    30.7748     2.4833      1.040    7.74004     2.4834    24.5537   13.80470 3.6382e-02 0.0000e+00
        225 109.981100    0.01556     0.9333     56.000      1.048  50524.951    30.7748     2.4834      1.038    7.74003     2.4835    24.5537   13.80467 3.6382e-02 0.0000e+00
        226 109.981102    0.01563     0.9375     56.250      1.045  50524.980    30.7748     2.4835      1.035    7.74001     2.4836    24.5537   13.80464 3.6382e-02 0.0000e+00
        227 109.981105    0.01569     0.9417     56.500      1.041  50524.913    30.7748     2.4836      1.031    7.73999     2.4837    24.5537   13.80461 3.6382e-02 0.0000e+00
        228 109.981108    0.01576     0.9458     56.750      1.037  50524.571    30.7746     2.4837      1.027    7.73998     2.4837    24.5535   13.80459 3.6382e-02 0.0000e+00
        229 109.981111    0.01583     0.9500     57.000      1.035  50523.893    30.7742     2.4837      1.025    7.73999     2.4836    24.5532   13.80461 3.6382e-02 0.0000e+00
        230 109.981114    0.01590     0.9542     57.250      1.036  50522.967    30.7736     2.4837      1.026    7.74002     2.4835    24.5527   13.80467 3.6382e-02 0.0000e+00
        231 109.981117    0.01597     0.9583     57.500      1.039  50522.043    30.7729     2.4837      1.030    7.74006     2.4833    24.5522   13.80475 3.6382e-02 0.0000e+00
        232 109.981120    0.01604     0.9625     57.750      1.046  50521.428    30.7725     2.4835      1.036    7.74011     2.4830    24.5518   13.80484 3.6382e-02 0.0000e+00
        233 109.981123    0.01611     0.9667     58.000      1.055  50521.172    30.7722     2.4833      1.045    7.74017     2.4827    24.5517   13.80494 3.6382e-02 0.0000e+00
        234 109.981126    0.01618     0.9708     58.250      1.065  50521.150    30.7721     2.4830      1.055    7.74023     2.4825    24.5516   13.80504 3.6382e-02 0.0000e+00
        235 109.981128    0.01625     0.9750     58.500      1.078  50521.297    30.7722     2.4827      1.068    7.74028     2.4823    24.5516   13.80513 3.6382e-02 0.0000e+00
        236 109.981131    0.01632     0.9792     58.750      1.093  50521.528    30.7722     2.4825      1.083    7.74033     2.4821    24.5517   13.80521 3.6382e-02 0.0000e+00
        237 109.981134    0.01639     0.9833     59.000      1.115  50521.677    30.7723     2.4823      1.104    7.74037     2.4819    24.5518   13.80527 3.6382e-02 0.0000e+00
        238 109.981137    0.01646     0.9875     59.250      1.147  50521.537    30.7721     2.4821      1.136    7.74041     2.4817    24.5517   13.80534 3.6382e-02 0.0000e+00
        239 109.981140    0.01653     0.9917     59.500      1.199  50520.899    30.7716     2.4820      1.187    7.74046     2.4813    24.5513   13.80543 3.6382e-02 0.0000e+00
        240 109.981143    0.01660     0.9958     59.750      1.280  50519.764    30.7707     2.4817      1.268    7.74055     2.4807    24.5506   13.80559 3.6382e-02 0.0000e+00
        241 109.981146    0.01667     1.0000     60.000      1.400  50518.507    30.7697     2.4813      1.387    7.74068     2.4800    24.5498   13.80582 3.6382e-02 0.0000e+00
        242 109.981149    0.01674     1.0042     60.250      1.556  50517.588    30.7689     2.4808      1.541    7.74084     2.4792    24.5492   13.80609 3.6382e-02 0.0000e+00
        243 109.981152    0.01681     1.0083     60.500      1.741  50517.268    30.7684     2.4801      1.725    7.74100     2.4785    24.5489   13.80636 3.6382e-02 0.0000e+00
        244 109.981155    0.01688     1.0125     60.750      1.948  50517.571    30.7683     2.4793      1.930    7.74116     2.4779    24.5488   13.80662 3.6382e-02 0.0000e+00
        245 109.981157    0.01694     1.0167     61.000      2.170  50518.289    30.7685     2.4786      2.150    7.74129     2.4776    24.5490   13.80683 3.6382e-02 0.0000e+00
        246 109.981160    0.01701     1.0208     61.250      2.401  50519.165    30.7688     2.4780      2.379    7.74138     2.4774    24.5493   13.80698 3.6382e-02 0.0000e+00
        247 109.981163    0.01708     1.0250     61.500      2.638  50520.031    30.7691     2.4777      2.613    7.74142     2.4775    24.5496   13.80705 3.6382e-02 0.0000e+00
        248 109.981166    0.01715     1.0292     61.750      2.877  50520.744    30.7695     2.4776      2.850    7.74142     2.4777    24.5499   13.80705 3.6382e-02 0.0000e+00
        249 109.981169    0.01722     1.0333     62.000      3.117  50521.202    30.7697     2.4777      3.088    7.74140     2.4780    24.5500   13.80700 3.6382e-02 0.0000e+00
        250 109.981172    0.01729     1.0375     62.250      3.359  50521.420    30.7698     2.4779      3.328    7.74135     2.4783    24.5501   13.80693 3.6382e-02 0.0000e+00
        251 109.981175    0.01736     1.0417     62.500      3.602  50521.454    30.7697     2.4782      3.569    7.74130     2.4785    24.5500   13.80685 3.6382e-02 0.0000e+00
        252 109.981178    0.01743     1.0458     62.750      3.847  50521.357    30.7696     2.4785      3.811    7.74125     2.4788    24.5499   13.80676 3.6382e-02 0.0000e+00
        253 109.981181    0.01750     1.0500     63.000      4.092  50521.178    30.7694     2.4787      4.054    7.74121     2.4790    24.5498   13.80669 3.6382e-02 0.0000e+00
        254 109.981183    0.01757     1.0542     63.250      4.335  50520.988    30.7692     2.4790      4.295    7.74117     2.4792    24.5496   13.80663 3.6382e-02 0.0000e+00
        255 109.981186    0.01764     1.0583     63.500      4.577  50520.868    30.7691     2.4792      4.535    7.74114     2.4793    24.5495   13.80658 3.6382e-02 0.0000e+00
        256 109.981189    0.01771     1.0625     63.750      4.818  50520.828    30.7690     2.4794      4.773    7.74111     2.4793    24.5494   13.80654 3.6382e-02 0.0000e+00
        257 109.981192    0.01778     1.0667     64.000      5.058  50520.831    30.7689     2.4795      5.011    7.74109     2.4794    24.5493   13.80651 3.6382e-02 0.0000e+00
        258 109.981195    0.01785     1.0708     64.250      5.298  50520.864    30.7689     2.4796      5.248    7.74108     2.4795    24.5492   13.80648 3.6382e-02 0.0000e+00
        259 109.981198    0.01792     1.0750     64.500      5.538  50520.927    30.7688     2.4797      5.487    7.74106     2.4795    24.5492   13.80646 3.6382e-02 0.0000e+00
        260 109.981201    0.01799     1.0792     64.750      5.780  50520.986    30.7687     2.4797      5.726    7.74105     2.4795    24.5491   13.80644 3.6382e-02 0.0000e+00
        261 109.981204    0.01806     1.0833     65.000      6.021  50521.039    30.7686     2.4798      5.964    7.74104     2.4795    24.5491   13.80643 3.6382e-02 0.0000e+00
        262 109.981207    0.01812     1.0875     65.250      6.260  50521.195    30.7686     2.4798      6.201    7.74104     2.4795    24.5491   13.80642 3.6382e-02 0.0000e+00
        263 109.981209    0.01819     1.0917     65.500      6.499  50521.472    30.7687     2.4798      6.438    7.74103     2.4795    24.5491   13.80642 3.6382e-02 0.0000e+00
        264 109.981212    0.01826     1.0958     65.750      6.738  50521.735    30.7687     2.4798      6.676    7.74104     2.4794    24.5491   13.80642 3.6382e-02 0.0000e+00
        265 109.981215    0.01833     1.1000     66.000      6.979  50521.924    30.7687     2.4797      6.915    7.74104     2.4794    24.5491   13.80643 3.6382e-02 0.0000e+00
        266 109.981218    0.01840     1.1042     66.250      7.222  50521.990    30.7686     2.4797      7.155    7.74105     2.4794    24.5491   13.80644 3.6382e-02 0.0000e+00
        267 109.981221    0.01847     1.1083     66.500      7.465  50521.943    30.7685     2.4798      7.396    7.74105     2.4795    24.5489   13.80645 3.6382e-02 0.0000e+00
        268 109.981224    0.01854     1.1125     66.750      7.708  50521.922    30.7684     2.4798      7.636    7.74105     2.4795    24.5488   13.80645 3.6382e-02 0.0000e+00
        269 109.981227    0.01861     1.1167     67.000      7.949  50522.048    30.7684     2.4799      7.875    7.74105     2.4795    24.5488   13.80644 3.6382e-02 0.0000e+00
        270 109.981230    0.01868     1.1208     67.250      8.189  50522.320    30.7684     2.4799      8.112    7.74103     2.4796    24.5489   13.80642 3.6382e-02 0.0000e+00
        271 109.981233    0.01875     1.1250     67.500      8.428  50522.518    30.7684     2.4799      8.349    7.74103     2.4796    24.5489   13.80640 3.6382e-02 0.0000e+00
