CTD-processing/allCTD/CNV--turbid/2017_04-18_t6_s26_cast095.cnv
* Sea-Bird SBE19plus Data File:
* FileName = P:\My Documents\kasitsna\Research-KBL\Oceanography-AK\CTD-Data-ALL-to-2017-02\2017-CTD-KachemakBay-CookInlet\2017-04-18-CookInlet-Tran6-Douglas\2017-04-18-CookInlet-Tran6-cast095.hex
* Software Version 1.59
* Temperature SN =  4141
* Conductivity SN =  4141
* System UpLoad Time = Apr 18 2017 23:15:41
** Cook Inlet LTM Transect 6 Douglas east to west
** Date: (YYYY-MM-DD): 2017-04-18
** Station: (eg. 9-01): 6-26
** Start time (AKDT): 21:36
** Depth (m): 170.7
** Comment: R/V Alaska Dreamcatcher
** Comment:
# nquan = 16
# nvalues = 895                         
# units = specified
# name 0 = scan: Scan Count
# name 1 = timeJ: Julian Days
# name 2 = timeH: Time, Elapsed [hours]
# name 3 = timeM: Time, Elapsed [minutes]
# name 4 = timeS: Time, Elapsed [seconds]
# name 5 = prdM: Pressure, Strain Gauge [db]
# name 6 = specc: Specific Conductance [uS/cm]
# name 7 = sal00: Salinity, Practical [PSU]
# name 8 = tv290C: Temperature [ITS-90, deg C]
# name 9 = depSM: Depth [salt water, m], lat = 59.00
# name 10 = oxsolML/L: Oxygen Saturation, Garcia & Gordon [ml/l]
# name 11 = potemp090C: Potential Temperature [ITS-90, deg C]
# name 12 = sigma-é00: Density [sigma-theta, kg/m^3]
# name 13 = n2satML/L: Nitrogen Saturation [ml/l]
# name 14 = par: PAR/Irradiance, Biospherical/Licor
# name 15 = flag:  0.000e+00
# span 0 =          1,        895       
# span 1 = 108.901065, 108.903652       
# span 2 =    0.00000,    0.06208       
# span 3 =     0.0000,     3.7250       
# span 4 =      0.000,    223.500       
# span 5 =     -0.078,    165.952       
# span 6 =    417.782,  52122.402       
# span 7 =     0.1917,    32.3981       
# span 8 =     3.8347,     5.1381       
# span 9 =     -0.077,    164.334       
# span 10 =    7.17382,    9.16412      
# span 11 =     3.8327,     5.1257      
# span 12 =     0.1297,    25.5992      
# span 13 =   12.84894,   16.63478      
# span 14 = 3.6382e-02, 6.6802e+00      
# span 15 = 0.0000e+00, 0.0000e+00      
# interval = seconds: 0.25
# start_time = Apr 18 2017 21:37:32 [Instrument's time stamp, header]
# bad_flag = -9.990e-29
*END*
[from data line 181]
        182 108.901589    0.01257     0.7542     45.250      1.428  51549.388    31.8490     3.9755      1.416    7.40498     3.9747    25.2827   13.23758 3.0753e+00 0.0000e+00
        183 108.901591    0.01264     0.7583     45.500      1.448  51550.879    31.8499     3.9751      1.435    7.40502     3.9746    25.2834   13.23762 3.0290e+00 0.0000e+00
        184 108.901594    0.01271     0.7625     45.750      1.462  51553.690    31.8517     3.9748      1.448    7.40497     3.9745    25.2849   13.23753 2.9756e+00 0.0000e+00
        185 108.901597    0.01278     0.7667     46.000      1.469  51557.549    31.8543     3.9747      1.455    7.40487     3.9745    25.2870   13.23733 2.9481e+00 0.0000e+00
        186 108.901600    0.01285     0.7708     46.250      1.469  51562.146    31.8574     3.9746      1.455    7.40473     3.9746    25.2895   13.23704 2.9572e+00 0.0000e+00
        187 108.901603    0.01292     0.7750     46.500      1.464  51566.403    31.8603     3.9746      1.450    7.40458     3.9746    25.2918   13.23676 2.9985e+00 0.0000e+00
        188 108.901606    0.01299     0.7792     46.750      1.453  51568.504    31.8618     3.9747      1.439    7.40450     3.9747    25.2929   13.23661 3.0756e+00 0.0000e+00
        189 108.901609    0.01306     0.7833     47.000      1.439  51567.344    31.8610     3.9747      1.425    7.40453     3.9747    25.2923   13.23667 3.1452e+00 0.0000e+00
        190 108.901612    0.01313     0.7875     47.250      1.423  51563.650    31.8585     3.9748      1.410    7.40465     3.9748    25.2903   13.23689 3.1513e+00 0.0000e+00
        191 108.901615    0.01319     0.7917     47.500      1.410  51559.017    31.8554     3.9748      1.397    7.40479     3.9748    25.2878   13.23718 3.1304e+00 0.0000e+00
        192 108.901617    0.01326     0.7958     47.750      1.402  51554.587    31.8524     3.9749      1.389    7.40494     3.9749    25.2854   13.23746 3.1379e+00 0.0000e+00
        193 108.901620    0.01333     0.8000     48.000      1.403  51551.123    31.8500     3.9749      1.390    7.40505     3.9751    25.2836   13.23767 3.1340e+00 0.0000e+00
        194 108.901623    0.01340     0.8042     48.250      1.409  51549.007    31.8486     3.9750      1.396    7.40510     3.9754    25.2824   13.23777 3.0820e+00 0.0000e+00
        195 108.901626    0.01347     0.8083     48.500      1.419  51548.072    31.8480     3.9752      1.406    7.40509     3.9757    25.2819   13.23777 3.0228e+00 0.0000e+00
        196 108.901629    0.01354     0.8125     48.750      1.429  51547.900    31.8480     3.9755      1.416    7.40504     3.9761    25.2819   13.23769 2.9998e+00 0.0000e+00
        197 108.901632    0.01361     0.8167     49.000      1.438  51548.129    31.8482     3.9758      1.425    7.40497     3.9764    25.2820   13.23757 3.0105e+00 0.0000e+00
        198 108.901635    0.01368     0.8208     49.250      1.445  51548.444    31.8485     3.9762      1.432    7.40490     3.9766    25.2822   13.23745 3.0315e+00 0.0000e+00
        199 108.901638    0.01375     0.8250     49.500      1.451  51548.432    31.8485     3.9765      1.437    7.40484     3.9768    25.2822   13.23735 3.0392e+00 0.0000e+00
        200 108.901641    0.01382     0.8292     49.750      1.458  51547.784    31.8481     3.9767      1.444    7.40482     3.9768    25.2819   13.23732 3.0255e+00 0.0000e+00
        201 108.901644    0.01389     0.8333     50.000      1.467  51546.613    31.8474     3.9769      1.453    7.40483     3.9768    25.2813   13.23734 2.9989e+00 0.0000e+00
        202 108.901646    0.01396     0.8375     50.250      1.481  51545.417    31.8466     3.9769      1.468    7.40485     3.9766    25.2806   13.23739 2.9782e+00 0.0000e+00
        203 108.901649    0.01403     0.8417     50.500      1.500  51544.763    31.8461     3.9769      1.487    7.40489     3.9762    25.2803   13.23745 2.9708e+00 0.0000e+00
        204 108.901652    0.01410     0.8458     50.750      1.521  51545.044    31.8463     3.9767      1.507    7.40492     3.9757    25.2804   13.23751 2.9411e+00 0.0000e+00
        205 108.901655    0.01417     0.8500     51.000      1.538  51546.469    31.8471     3.9763      1.524    7.40495     3.9751    25.2811   13.23754 2.8906e+00 0.0000e+00
        206 108.901658    0.01424     0.8542     51.250      1.549  51549.240    31.8489     3.9758      1.534    7.40495     3.9746    25.2826   13.23753 2.8690e+00 0.0000e+00
        207 108.901661    0.01431     0.8583     51.500      1.548  51553.543    31.8517     3.9752      1.534    7.40491     3.9742    25.2849   13.23742 2.8844e+00 0.0000e+00
        208 108.901664    0.01438     0.8625     51.750      1.536  51559.351    31.8555     3.9747      1.522    7.40480     3.9739    25.2880   13.23720 2.9148e+00 0.0000e+00
        209 108.901667    0.01444     0.8667     52.000      1.511  51565.771    31.8598     3.9743      1.497    7.40466     3.9736    25.2914   13.23690 2.9445e+00 0.0000e+00
        210 108.901670    0.01451     0.8708     52.250      1.476  51570.853    31.8632     3.9740      1.463    7.40455     3.9733    25.2942   13.23668 2.9825e+00 0.0000e+00
        211 108.901672    0.01458     0.8750     52.500      1.436  51572.845    31.8645     3.9737      1.423    7.40453     3.9731    25.2952   13.23664 3.0691e+00 0.0000e+00
        212 108.901675    0.01465     0.8792     52.750      1.396  51570.926    31.8632     3.9734      1.383    7.40464     3.9730    25.2942   13.23684 3.2086e+00 0.0000e+00
        213 108.901678    0.01472     0.8833     53.000      1.362  51565.316    31.8593     3.9732      1.349    7.40487     3.9728    25.2911   13.23727 3.3211e+00 0.0000e+00
        214 108.901681    0.01479     0.8875     53.250      1.340  51557.620    31.8541     3.9731      1.327    7.40517     3.9726    25.2869   13.23782 3.3288e+00 0.0000e+00
        215 108.901684    0.01486     0.8917     53.500      1.334  51550.005    31.8488     3.9729      1.322    7.40547     3.9723    25.2828   13.23838 3.2616e+00 0.0000e+00
        216 108.901687    0.01493     0.8958     53.750      1.350  51543.892    31.8446     3.9727      1.338    7.40572     3.9721    25.2795   13.23885 3.1899e+00 0.0000e+00
        217 108.901690    0.01500     0.9000     54.000      1.390  51539.806    31.8417     3.9724      1.377    7.40591     3.9719    25.2772   13.23920 3.1208e+00 0.0000e+00
        218 108.901693    0.01507     0.9042     54.250      1.449  51537.871    31.8403     3.9722      1.436    7.40602     3.9719    25.2761   13.23941 3.0284e+00 0.0000e+00
        219 108.901696    0.01514     0.9083     54.500      1.518  51538.065    31.8404     3.9721      1.504    7.40604     3.9721    25.2762   13.23945 2.9112e+00 0.0000e+00
        220 108.901698    0.01521     0.9125     54.750      1.582  51540.304    31.8419     3.9721      1.568    7.40597     3.9726    25.2774   13.23931 2.8108e+00 0.0000e+00
        221 108.901701    0.01528     0.9167     55.000      1.630  51544.693    31.8449     3.9723      1.615    7.40578     3.9733    25.2797   13.23896 2.7679e+00 0.0000e+00
        222 108.901704    0.01535     0.9208     55.250      1.652  51551.687    31.8498     3.9727      1.636    7.40546     3.9744    25.2836   13.23836 2.8015e+00 0.0000e+00
        223 108.901707    0.01542     0.9250     55.500      1.643  51560.707    31.8561     3.9734      1.628    7.40501     3.9760    25.2885   13.23754 2.9011e+00 0.0000e+00
        224 108.901710    0.01549     0.9292     55.750      1.604  51569.069    31.8621     3.9745      1.590    7.40452     3.9783    25.2932   13.23664 3.0148e+00 0.0000e+00
        225 108.901713    0.01556     0.9333     56.000      1.541  51573.330    31.8654     3.9761      1.527    7.40406     3.9811    25.2957   13.23584 3.1000e+00 0.0000e+00
        226 108.901716    0.01563     0.9375     56.250      1.465  51570.746    31.8643     3.9784      1.452    7.40370     3.9835    25.2945   13.23525 3.1478e+00 0.0000e+00
        227 108.901719    0.01569     0.9417     56.500      1.389  51560.955    31.8583     3.9812      1.377    7.40350     3.9847    25.2895   13.23500 3.1745e+00 0.0000e+00
        228 108.901722    0.01576     0.9458     56.750      1.329  51547.212    31.8495     3.9836      1.317    7.40351     3.9844    25.2823   13.23514 3.1872e+00 0.0000e+00
        229 108.901725    0.01583     0.9500     57.000      1.298  51534.295    31.8410     3.9847      1.286    7.40373     3.9829    25.2754   13.23560 3.1846e+00 0.0000e+00
        230 108.901727    0.01590     0.9542     57.250      1.299  51525.310    31.8348     3.9844      1.287    7.40409     3.9807    25.2705   13.23628 3.1679e+00 0.0000e+00
        231 108.901730    0.01597     0.9583     57.500      1.326  51520.940    31.8314     3.9830      1.314    7.40452     3.9784    25.2680   13.23704 3.1151e+00 0.0000e+00
        232 108.901733    0.01604     0.9625     57.750      1.368  51520.291    31.8304     3.9808      1.356    7.40497     3.9763    25.2674   13.23778 3.0283e+00 0.0000e+00
        233 108.901736    0.01611     0.9667     58.000      1.414  51521.929    31.8310     3.9785      1.402    7.40536     3.9746    25.2681   13.23842 2.9402e+00 0.0000e+00
        234 108.901739    0.01618     0.9708     58.250      1.457  51524.676    31.8323     3.9764      1.443    7.40567     3.9733    25.2693   13.23892 2.8672e+00 0.0000e+00
        235 108.901742    0.01625     0.9750     58.500      1.490  51527.765    31.8340     3.9747      1.476    7.40589     3.9723    25.2708   13.23927 2.8084e+00 0.0000e+00
        236 108.901745    0.01632     0.9792     58.750      1.512  51530.809    31.8357     3.9734      1.498    7.40604     3.9716    25.2723   13.23949 2.7697e+00 0.0000e+00
        237 108.901748    0.01639     0.9833     59.000      1.525  51533.572    31.8374     3.9724      1.511    7.40613     3.9711    25.2737   13.23961 2.7548e+00 0.0000e+00
        238 108.901751    0.01646     0.9875     59.250      1.532  51535.660    31.8386     3.9717      1.517    7.40619     3.9707    25.2748   13.23970 2.7476e+00 0.0000e+00
        239 108.901753    0.01653     0.9917     59.500      1.535  51536.834    31.8393     3.9712      1.520    7.40625     3.9703    25.2754   13.23979 2.7381e+00 0.0000e+00
        240 108.901756    0.01660     0.9958     59.750      1.537  51537.286    31.8395     3.9708      1.522    7.40631     3.9699    25.2756   13.23989 2.7438e+00 0.0000e+00
        241 108.901759    0.01667     1.0000     60.000      1.539  51537.425    31.8395     3.9704      1.524    7.40638     3.9695    25.2757   13.24000 2.7709e+00 0.0000e+00
        242 108.901762    0.01674     1.0042     60.250      1.539  51537.843    31.8397     3.9700      1.525    7.40645     3.9691    25.2759   13.24011 2.7817e+00 0.0000e+00
        243 108.901765    0.01681     1.0083     60.500      1.536  51539.082    31.8405     3.9696      1.522    7.40649     3.9688    25.2765   13.24016 2.7685e+00 0.0000e+00
        244 108.901768    0.01688     1.0125     60.750      1.526  51541.301    31.8419     3.9692      1.512    7.40649     3.9685    25.2776   13.24015 2.7851e+00 0.0000e+00
        245 108.901771    0.01694     1.0167     61.000      1.509  51544.133    31.8437     3.9689      1.495    7.40646     3.9683    25.2791   13.24008 2.8639e+00 0.0000e+00
        246 108.901774    0.01701     1.0208     61.250      1.483  51546.555    31.8453     3.9686      1.469    7.40642     3.9681    25.2804   13.24000 2.9742e+00 0.0000e+00
        247 108.901777    0.01708     1.0250     61.500      1.453  51547.293    31.8458     3.9684      1.439    7.40643     3.9679    25.2808   13.24001 3.0590e+00 0.0000e+00
        248 108.901780    0.01715     1.0292     61.750      1.423  51545.604    31.8446     3.9682      1.409    7.40653     3.9675    25.2799   13.24018 3.0862e+00 0.0000e+00
        249 108.901782    0.01722     1.0333     62.000      1.401  51541.911    31.8421     3.9680      1.387    7.40671     3.9671    25.2779   13.24051 3.0609e+00 0.0000e+00
        250 108.901785    0.01729     1.0375     62.250      1.394  51537.602    31.8390     3.9676      1.381    7.40692     3.9666    25.2755   13.24090 3.0112e+00 0.0000e+00
        251 108.901788    0.01736     1.0417     62.500      1.410  51534.035    31.8365     3.9672      1.397    7.40712     3.9662    25.2735   13.24127 2.9599e+00 0.0000e+00
        252 108.901791    0.01743     1.0458     62.750      1.448  51531.945    31.8349     3.9667      1.434    7.40728     3.9657    25.2723   13.24155 2.9059e+00 0.0000e+00
        253 108.901794    0.01750     1.0500     63.000      1.498  51531.535    31.8345     3.9663      1.483    7.40739     3.9654    25.2721   13.24173 2.8484e+00 0.0000e+00
        254 108.901797    0.01757     1.0542     63.250      1.547  51532.829    31.8352     3.9658      1.532    7.40743     3.9651    25.2727   13.24179 2.7956e+00 0.0000e+00
        255 108.901800    0.01764     1.0583     63.500      1.585  51535.876    31.8372     3.9655      1.570    7.40740     3.9648    25.2743   13.24171 2.7626e+00 0.0000e+00
        256 108.901803    0.01771     1.0625     63.750      1.604  51540.610    31.8404     3.9652      1.590    7.40729     3.9647    25.2768   13.24150 2.7633e+00 0.0000e+00
        257 108.901806    0.01778     1.0667     64.000      1.603  51546.128    31.8441     3.9649      1.588    7.40715     3.9646    25.2798   13.24121 2.7845e+00 0.0000e+00
        258 108.901808    0.01785     1.0708     64.250      1.581  51550.389    31.8470     3.9648      1.566    7.40702     3.9646    25.2821   13.24097 2.8093e+00 0.0000e+00
        259 108.901811    0.01792     1.0750     64.500      1.545  51551.523    31.8477     3.9647      1.530    7.40699     3.9647    25.2827   13.24091 2.8536e+00 0.0000e+00
        260 108.901814    0.01799     1.0792     64.750      1.504  51548.934    31.8460     3.9647      1.490    7.40708     3.9648    25.2814   13.24107 2.9297e+00 0.0000e+00
        261 108.901817    0.01806     1.0833     65.000      1.468  51543.606    31.8424     3.9648      1.455    7.40724     3.9648    25.2785   13.24139 3.0171e+00 0.0000e+00
        262 108.901820    0.01812     1.0875     65.250      1.447  51537.687    31.8384     3.9649      1.434    7.40743     3.9647    25.2753   13.24175 3.0799e+00 0.0000e+00
        263 108.901823    0.01819     1.0917     65.500      1.445  51532.900    31.8352     3.9649      1.431    7.40760     3.9645    25.2727   13.24206 3.0870e+00 0.0000e+00
        264 108.901826    0.01826     1.0958     65.750      1.458  51529.795    31.8330     3.9648      1.445    7.40773     3.9642    25.2710   13.24231 3.0346e+00 0.0000e+00
        265 108.901829    0.01833     1.1000     66.000      1.482  51528.219    31.8318     3.9646      1.469    7.40783     3.9641    25.2701   13.24249 2.9422e+00 0.0000e+00
        266 108.901832    0.01840     1.1042     66.250      1.511  51527.805    31.8315     3.9643      1.497    7.40789     3.9640    25.2698   13.24259 2.8564e+00 0.0000e+00
        267 108.901834    0.01847     1.1083     66.500      1.539  51528.175    31.8317     3.9642      1.524    7.40791     3.9641    25.2700   13.24262 2.8193e+00 0.0000e+00
        268 108.901837    0.01854     1.1125     66.750      1.561  51529.000    31.8322     3.9641      1.547    7.40789     3.9643    25.2705   13.24258 2.8208e+00 0.0000e+00
        269 108.901840    0.01861     1.1167     67.000      1.575  51530.134    31.8330     3.9642      1.560    7.40784     3.9645    25.2711   13.24249 2.8360e+00 0.0000e+00
        270 108.901843    0.01868     1.1208     67.250      1.578  51531.576    31.8341     3.9644      1.563    7.40775     3.9648    25.2719   13.24233 2.8529e+00 0.0000e+00
        271 108.901846    0.01875     1.1250     67.500      1.570  51533.091    31.8352     3.9646      1.555    7.40765     3.9652    25.2727   13.24215 2.8631e+00 0.0000e+00
