CTD-processing/allCTD/CNV--turbid/2017_03-28_t9_s08_cast064.cnv
* Sea-Bird SBE19plus Data File:
* FileName = C:\Users\jwschloemer\Documents\CTD Data\2017_03_28_T9\2017_03_28_T9_cast064.hex
* Software Version 1.59
* Temperature SN =  4141
* Conductivity SN =  4141
* System UpLoad Time = Apr 04 2017 09:13:48
** Cook Inlet LTM Kbay Transect 9
** Date: 2017-03-28
** Station:08
** Start Time (AKST):16:08
** Depth (m):98
** Comment: R/V Edgecumbe
# nquan = 16
# nvalues = 703                         
# units = specified
# name 0 = scan: Scan Count
# name 1 = timeJ: Julian Days
# name 2 = timeH: Time, Elapsed [hours]
# name 3 = timeM: Time, Elapsed [minutes]
# name 4 = timeS: Time, Elapsed [seconds]
# name 5 = prdM: Pressure, Strain Gauge [db]
# name 6 = specc: Specific Conductance [uS/cm]
# name 7 = sal00: Salinity, Practical [PSU]
# name 8 = tv290C: Temperature [ITS-90, deg C]
# name 9 = depSM: Depth [salt water, m], lat = 59.00
# name 10 = oxsolML/L: Oxygen Saturation, Garcia & Gordon [ml/l]
# name 11 = potemp090C: Potential Temperature [ITS-90, deg C]
# name 12 = sigma-é00: Density [sigma-theta, kg/m^3]
# name 13 = n2satML/L: Nitrogen Saturation [ml/l]
# name 14 = par: PAR/Irradiance, Biospherical/Licor
# name 15 = flag:  0.000e+00
# span 0 =          1,        703       
# span 1 =  87.631389,  87.633420       
# span 2 =    0.00000,    0.04875       
# span 3 =     0.0000,     2.9250       
# span 4 =      0.000,    175.500       
# span 5 =      0.571,     82.688       
# span 6 =  51983.263,  52167.159       
# span 7 =    31.9392,    32.0427       
# span 8 =     3.1008,     3.2452       
# span 9 =      0.565,     81.899       
# span 10 =    7.52906,    7.55870      
# span 11 =     3.1008,     3.2404      
# span 12 =    25.4287,    25.5055      
# span 13 =   13.43976,   13.48934      
# span 14 = 3.6382e-02, 5.2023e+02      
# span 15 = 0.0000e+00, 0.0000e+00      
# interval = seconds: 0.25
# start_time = Mar 28 2017 15:09:12 [Instrument's time stamp, header]
# bad_flag = -9.990e-29
*END*
[from data line 543]
        544  87.632960    0.03771     2.2625    135.750     50.637  52139.718    32.0215     3.1693     50.157    7.54426     3.1680    25.4939   13.46510 3.9881e-02 0.0000e+00
        545  87.632963    0.03778     2.2667    136.000     50.857  52139.566    32.0215     3.1702     50.376    7.54410     3.1687    25.4938   13.46484 3.9419e-02 0.0000e+00
        546  87.632966    0.03785     2.2708    136.250     51.076  52139.281    32.0214     3.1710     50.592    7.54396     3.1692    25.4937   13.46461 3.8985e-02 0.0000e+00
        547  87.632969    0.03792     2.2750    136.500     51.295  52138.983    32.0213     3.1716     50.809    7.54384     3.1696    25.4935   13.46441 3.8579e-02 0.0000e+00
        548  87.632972    0.03799     2.2792    136.750     51.518  52138.719    32.0212     3.1722     51.029    7.54374     3.1699    25.4933   13.46425 3.8189e-02 0.0000e+00
        549  87.632975    0.03806     2.2833    137.000     51.741  52138.465    32.0210     3.1726     51.251    7.54367     3.1701    25.4931   13.46414 3.7799e-02 0.0000e+00
        550  87.632977    0.03812     2.2875    137.250     51.963  52138.005    32.0207     3.1729     51.471    7.54363     3.1702    25.4929   13.46407 3.7433e-02 0.0000e+00
        551  87.632980    0.03819     2.2917    137.500     52.180  52137.445    32.0202     3.1731     51.686    7.54361     3.1701    25.4925   13.46404 3.7123e-02 0.0000e+00
        552  87.632983    0.03826     2.2958    137.750     52.390  52137.136    32.0199     3.1732     51.893    7.54361     3.1700    25.4923   13.46405 3.6876e-02 0.0000e+00
        553  87.632986    0.03833     2.3000    138.000     52.591  52137.043    32.0198     3.1732     52.093    7.54363     3.1699    25.4921   13.46408 3.6693e-02 0.0000e+00
        554  87.632989    0.03840     2.3042    138.250     52.789  52137.185    32.0197     3.1731     52.289    7.54365     3.1699    25.4921   13.46412 3.6571e-02 0.0000e+00
        555  87.632992    0.03847     2.3083    138.500     52.988  52137.791    32.0200     3.1730     52.486    7.54366     3.1701    25.4923   13.46413 3.6495e-02 0.0000e+00
        556  87.632995    0.03854     2.3125    138.750     53.192  52138.432    32.0203     3.1730     52.689    7.54364     3.1702    25.4926   13.46409 3.6450e-02 0.0000e+00
        557  87.632998    0.03861     2.3167    139.000     53.406  52138.191    32.0201     3.1731     52.900    7.54362     3.1701    25.4924   13.46406 3.6423e-02 0.0000e+00
        558  87.633001    0.03868     2.3208    139.250     53.627  52136.970    32.0192     3.1733     53.119    7.54363     3.1697    25.4917   13.46410 3.6406e-02 0.0000e+00
        559  87.633003    0.03875     2.3250    139.500     53.853  52135.480    32.0181     3.1732     53.342    7.54371     3.1689    25.4908   13.46424 3.6397e-02 0.0000e+00
        560  87.633006    0.03882     2.3292    139.750     54.077  52134.431    32.0171     3.1728     53.564    7.54384     3.1679    25.4901   13.46447 3.6391e-02 0.0000e+00
        561  87.633009    0.03889     2.3333    140.000     54.297  52134.236    32.0166     3.1720     53.782    7.54401     3.1671    25.4898   13.46476 3.6387e-02 0.0000e+00
        562  87.633012    0.03896     2.3375    140.250     54.511  52135.263    32.0170     3.1710     53.994    7.54417     3.1665    25.4901   13.46501 3.6385e-02 0.0000e+00
        563  87.633015    0.03903     2.3417    140.500     54.721  52136.944    32.0178     3.1702     54.202    7.54429     3.1659    25.4908   13.46520 3.6384e-02 0.0000e+00
        564  87.633018    0.03910     2.3458    140.750     54.928  52137.313    32.0178     3.1696     54.407    7.54440     3.1651    25.4909   13.46538 3.6383e-02 0.0000e+00
        565  87.633021    0.03917     2.3500    141.000     55.133  52136.141    32.0167     3.1691     54.610    7.54455     3.1640    25.4901   13.46564 3.6383e-02 0.0000e+00
        566  87.633024    0.03924     2.3542    141.250     55.336  52135.096    32.0157     3.1683     54.811    7.54475     3.1627    25.4893   13.46599 3.6382e-02 0.0000e+00
        567  87.633027    0.03931     2.3583    141.500     55.534  52134.956    32.0152     3.1671     55.008    7.54498     3.1615    25.4890   13.46638 3.6382e-02 0.0000e+00
        568  87.633030    0.03938     2.3625    141.750     55.730  52135.463    32.0151     3.1659     55.201    7.54522     3.1604    25.4891   13.46677 3.6382e-02 0.0000e+00
        569  87.633032    0.03944     2.3667    142.000     55.925  52136.205    32.0152     3.1647     55.394    7.54544     3.1596    25.4892   13.46713 3.6382e-02 0.0000e+00
        570  87.633035    0.03951     2.3708    142.250     56.123  52137.103    32.0154     3.1637     55.591    7.54562     3.1589    25.4895   13.46743 3.6382e-02 0.0000e+00
        571  87.633038    0.03958     2.3750    142.500     56.329  52138.138    32.0158     3.1628     55.795    7.54576     3.1585    25.4899   13.46766 3.6382e-02 0.0000e+00
        572  87.633041    0.03965     2.3792    142.750     56.543  52139.103    32.0162     3.1621     56.007    7.54587     3.1582    25.4902   13.46783 3.6382e-02 0.0000e+00
        573  87.633044    0.03972     2.3833    143.000     56.760  52139.875    32.0165     3.1617     56.222    7.54594     3.1580    25.4905   13.46793 3.6382e-02 0.0000e+00
        574  87.633047    0.03979     2.3875    143.250     56.978  52140.441    32.0167     3.1614     56.437    7.54598     3.1578    25.4907   13.46800 3.6382e-02 0.0000e+00
        575  87.633050    0.03986     2.3917    143.500     57.190  52140.793    32.0167     3.1612     56.648    7.54601     3.1577    25.4908   13.46805 3.6382e-02 0.0000e+00
        576  87.633053    0.03993     2.3958    143.750     57.396  52141.031    32.0168     3.1611     56.852    7.54603     3.1576    25.4908   13.46808 3.6382e-02 0.0000e+00
        577  87.633056    0.04000     2.4000    144.000     57.596  52141.274    32.0168     3.1610     57.050    7.54604     3.1576    25.4909   13.46810 3.6382e-02 0.0000e+00
        578  87.633058    0.04007     2.4042    144.250     57.792  52141.512    32.0168     3.1610     57.244    7.54605     3.1575    25.4909   13.46812 3.6382e-02 0.0000e+00
        579  87.633061    0.04014     2.4083    144.500     57.986  52141.654    32.0168     3.1609     57.436    7.54607     3.1575    25.4909   13.46814 3.6382e-02 0.0000e+00
        580  87.633064    0.04021     2.4125    144.750     58.179  52141.690    32.0167     3.1609     57.627    7.54608     3.1574    25.4908   13.46817 3.6382e-02 0.0000e+00
        581  87.633067    0.04028     2.4167    145.000     58.373  52141.806    32.0167     3.1608     57.819    7.54609     3.1574    25.4908   13.46818 3.6382e-02 0.0000e+00
        582  87.633070    0.04035     2.4208    145.250     58.569  52142.107    32.0168     3.1608     58.013    7.54609     3.1573    25.4908   13.46819 3.6382e-02 0.0000e+00
        583  87.633073    0.04042     2.4250    145.500     58.767  52142.418    32.0169     3.1608     58.209    7.54609     3.1573    25.4909   13.46819 3.6382e-02 0.0000e+00
        584  87.633076    0.04049     2.4292    145.750     58.966  52142.542    32.0169     3.1607     58.406    7.54610     3.1573    25.4909   13.46820 3.6382e-02 0.0000e+00
        585  87.633079    0.04056     2.4333    146.000     59.166  52142.562    32.0168     3.1607     58.604    7.54611     3.1572    25.4908   13.46822 3.6382e-02 0.0000e+00
        586  87.633082    0.04063     2.4375    146.250     59.366  52142.661    32.0167     3.1607     58.803    7.54612     3.1572    25.4908   13.46823 3.6382e-02 0.0000e+00
        587  87.633084    0.04069     2.4417    146.500     59.568  52142.828    32.0167     3.1607     59.003    7.54612     3.1572    25.4908   13.46824 3.6382e-02 0.0000e+00
        588  87.633087    0.04076     2.4458    146.750     59.771  52143.004    32.0167     3.1607     59.203    7.54612     3.1572    25.4908   13.46824 3.6382e-02 0.0000e+00
        589  87.633090    0.04083     2.4500    147.000     59.973  52143.133    32.0167     3.1606     59.403    7.54612     3.1572    25.4908   13.46824 3.6382e-02 0.0000e+00
        590  87.633093    0.04090     2.4542    147.250     60.172  52143.196    32.0167     3.1606     59.601    7.54613     3.1572    25.4908   13.46825 3.6382e-02 0.0000e+00
        591  87.633096    0.04097     2.4583    147.500     60.368  52143.313    32.0166     3.1606     59.795    7.54613     3.1572    25.4907   13.46825 3.6382e-02 0.0000e+00
        592  87.633099    0.04104     2.4625    147.750     60.560  52143.542    32.0167     3.1607     59.985    7.54612     3.1573    25.4908   13.46824 3.6382e-02 0.0000e+00
        593  87.633102    0.04111     2.4667    148.000     60.749  52143.835    32.0168     3.1607     60.172    7.54611     3.1574    25.4909   13.46821 3.6382e-02 0.0000e+00
        594  87.633105    0.04118     2.4708    148.250     60.937  52144.086    32.0169     3.1608     60.359    7.54609     3.1575    25.4909   13.46818 3.6382e-02 0.0000e+00
        595  87.633108    0.04125     2.4750    148.500     61.129  52144.274    32.0170     3.1609     60.549    7.54607     3.1575    25.4910   13.46814 3.6382e-02 0.0000e+00
        596  87.633111    0.04132     2.4792    148.750     61.326  52144.487    32.0170     3.1610     60.744    7.54605     3.1576    25.4910   13.46811 3.6382e-02 0.0000e+00
        597  87.633113    0.04139     2.4833    149.000     61.530  52144.706    32.0171     3.1610     60.946    7.54603     3.1576    25.4911   13.46808 3.6382e-02 0.0000e+00
        598  87.633116    0.04146     2.4875    149.250     61.742  52144.951    32.0171     3.1611     61.155    7.54601     3.1577    25.4911   13.46805 3.6382e-02 0.0000e+00
        599  87.633119    0.04153     2.4917    149.500     61.957  52145.251    32.0173     3.1612     61.368    7.54599     3.1578    25.4912   13.46802 3.6382e-02 0.0000e+00
        600  87.633122    0.04160     2.4958    149.750     62.171  52145.445    32.0173     3.1613     61.580    7.54597     3.1579    25.4912   13.46799 3.6382e-02 0.0000e+00
        601  87.633125    0.04167     2.5000    150.000     62.379  52145.433    32.0172     3.1614     61.786    7.54596     3.1580    25.4912   13.46796 3.6382e-02 0.0000e+00
        602  87.633128    0.04174     2.5042    150.250     62.578  52145.406    32.0171     3.1615     61.983    7.54594     3.1580    25.4911   13.46793 3.6382e-02 0.0000e+00
        603  87.633131    0.04181     2.5083    150.500     62.770  52145.566    32.0172     3.1616     62.174    7.54593     3.1581    25.4911   13.46790 3.6382e-02 0.0000e+00
        604  87.633134    0.04188     2.5125    150.750     62.960  52145.945    32.0173     3.1616     62.362    7.54591     3.1582    25.4912   13.46787 3.6382e-02 0.0000e+00
        605  87.633137    0.04194     2.5167    151.000     63.152  52146.584    32.0177     3.1617     62.552    7.54588     3.1586    25.4915   13.46781 3.6382e-02 0.0000e+00
        606  87.633139    0.04201     2.5208    151.250     63.350  52147.546    32.0183     3.1619     62.748    7.54582     3.1591    25.4920   13.46771 3.6382e-02 0.0000e+00
        607  87.633142    0.04208     2.5250    151.500     63.553  52148.599    32.0190     3.1622     62.949    7.54572     3.1597    25.4925   13.46754 3.6382e-02 0.0000e+00
        608  87.633145    0.04215     2.5292    151.750     63.760  52149.018    32.0193     3.1627     63.154    7.54560     3.1603    25.4927   13.46734 3.6382e-02 0.0000e+00
        609  87.633148    0.04222     2.5333    152.000     63.967  52148.558    32.0190     3.1634     63.359    7.54549     3.1608    25.4924   13.46716 3.6382e-02 0.0000e+00
        610  87.633151    0.04229     2.5375    152.250     64.174  52148.178    32.0188     3.1640     63.564    7.54539     3.1614    25.4922   13.46700 3.6382e-02 0.0000e+00
        611  87.633154    0.04236     2.5417    152.500     64.380  52148.824    32.0193     3.1645     63.768    7.54527     3.1622    25.4926   13.46679 3.6382e-02 0.0000e+00
        612  87.633157    0.04243     2.5458    152.750     64.586  52150.046    32.0201     3.1651     63.972    7.54511     3.1631    25.4932   13.46653 3.6382e-02 0.0000e+00
        613  87.633160    0.04250     2.5500    153.000     64.796  52150.526    32.0206     3.1659     64.180    7.54495     3.1638    25.4935   13.46625 3.6382e-02 0.0000e+00
        614  87.633163    0.04257     2.5542    153.250     65.012  52150.005    32.0204     3.1668     64.394    7.54479     3.1644    25.4932   13.46600 3.6382e-02 0.0000e+00
        615  87.633166    0.04264     2.5583    153.500     65.230  52149.378    32.0200     3.1676     64.610    7.54466     3.1649    25.4929   13.46578 3.6382e-02 0.0000e+00
        616  87.633168    0.04271     2.5625    153.750     65.447  52149.098    32.0199     3.1682     64.825    7.54455     3.1653    25.4927   13.46561 3.6382e-02 0.0000e+00
        617  87.633171    0.04278     2.5667    154.000     65.658  52148.910    32.0198     3.1686     65.034    7.54447     3.1656    25.4926   13.46547 3.6382e-02 0.0000e+00
        618  87.633174    0.04285     2.5708    154.250     65.862  52148.510    32.0195     3.1690     65.236    7.54441     3.1657    25.4924   13.46537 3.6382e-02 0.0000e+00
        619  87.633177    0.04292     2.5750    154.500     66.060  52147.858    32.0191     3.1693     65.432    7.54438     3.1656    25.4920   13.46533 3.6382e-02 0.0000e+00
        620  87.633180    0.04299     2.5792    154.750     66.258  52147.368    32.0187     3.1695     65.628    7.54438     3.1656    25.4916   13.46533 3.6382e-02 0.0000e+00
        621  87.633183    0.04306     2.5833    155.000     66.461  52147.856    32.0189     3.1695     65.830    7.54437     3.1658    25.4918   13.46532 3.6382e-02 0.0000e+00
        622  87.633186    0.04312     2.5875    155.250     66.674  52149.333    32.0198     3.1695     66.040    7.54433     3.1663    25.4925   13.46524 3.6382e-02 0.0000e+00
        623  87.633189    0.04319     2.5917    155.500     66.895  52150.604    32.0206     3.1697     66.259    7.54425     3.1669    25.4931   13.46509 3.6382e-02 0.0000e+00
        624  87.633192    0.04326     2.5958    155.750     67.118  52151.039    32.0209     3.1702     66.480    7.54414     3.1675    25.4933   13.46490 3.6382e-02 0.0000e+00
        625  87.633194    0.04333     2.6000    156.000     67.339  52151.049    32.0209     3.1708     66.699    7.54402     3.1680    25.4933   13.46471 3.6382e-02 0.0000e+00
        626  87.633197    0.04340     2.6042    156.250     67.553  52151.073    32.0210     3.1713     66.911    7.54391     3.1686    25.4933   13.46453 3.6382e-02 0.0000e+00
        627  87.633200    0.04347     2.6083    156.500     67.758  52151.399    32.0212     3.1719     67.114    7.54379     3.1693    25.4935   13.46433 3.6382e-02 0.0000e+00
        628  87.633203    0.04354     2.6125    156.750     67.958  52151.969    32.0217     3.1725     67.312    7.54365     3.1700    25.4938   13.46410 3.6382e-02 0.0000e+00
        629  87.633206    0.04361     2.6167    157.000     68.156  52152.379    32.0220     3.1732     67.508    7.54351     3.1708    25.4940   13.46385 3.6382e-02 0.0000e+00
        630  87.633209    0.04368     2.6208    157.250     68.355  52152.531    32.0222     3.1740     67.704    7.54336     3.1715    25.4941   13.46360 3.6382e-02 0.0000e+00
        631  87.633212    0.04375     2.6250    157.500     68.555  52152.648    32.0224     3.1747     67.903    7.54320     3.1722    25.4942   13.46334 3.6382e-02 0.0000e+00
        632  87.633215    0.04382     2.6292    157.750     68.761  52152.878    32.0227     3.1755     68.107    7.54305     3.1730    25.4943   13.46309 3.6382e-02 0.0000e+00
