CTD-processing/allCTD/CNV--turbid/2017_07-25_t3_s12_cast238.cnv
* Sea-Bird SBE19plus Data File:
* FileName = P:\My Documents\kasitsna\Research-KBL\Oceanography-AK\CTD-Data-ALL-to-2017-02\2017-CTD-KachemakBay-CookInlet\2017-07-25-CookInlet-Tran3-AnchorPt\2017-07-25-CookInlet-Tran3-cast238.hex
* Software Version 1.59
* Temperature SN =  4141
* Conductivity SN =  4141
* System UpLoad Time = Jul 25 2017 21:00:21
** Cook Inlet LTM Transect 3 Anchor Pt (3-16 NE to 3-12)
** Date: 2017-07-25
** Station: (eg. 9-01): 3-12
** Start time (AKDT): 13:18
** Depth (m): 35.1
** Comment: R/V Edgecumbe.  Quarterly survey.
** Comment:
# nquan = 16
# nvalues = 439                         
# units = specified
# name 0 = scan: Scan Count
# name 1 = timeJ: Julian Days
# name 2 = timeH: Time, Elapsed [hours]
# name 3 = timeM: Time, Elapsed [minutes]
# name 4 = timeS: Time, Elapsed [seconds]
# name 5 = prdM: Pressure, Strain Gauge [db]
# name 6 = specc: Specific Conductance [uS/cm]
# name 7 = sal00: Salinity, Practical [PSU]
# name 8 = tv290C: Temperature [ITS-90, deg C]
# name 9 = depSM: Depth [salt water, m], lat = 59.00
# name 10 = oxsolML/L: Oxygen Saturation, Garcia & Gordon [ml/l]
# name 11 = potemp090C: Potential Temperature [ITS-90, deg C]
# name 12 = sigma-é00: Density [sigma-theta, kg/m^3]
# name 13 = n2satML/L: Nitrogen Saturation [ml/l]
# name 14 = par: PAR/Irradiance, Biospherical/Licor
# name 15 = flag:  0.000e+00
# span 0 =          1,        439       
# span 1 = 206.554051, 206.555318       
# span 2 =    0.00000,    0.03042       
# span 3 =     0.0000,     1.8250       
# span 4 =      0.000,    109.500       
# span 5 =      0.507,     30.958       
# span 6 =  48788.445,  49285.094       
# span 7 =    31.0814,    31.3927       
# span 8 =    10.2017,    10.6536       
# span 9 =      0.502,     30.667       
# span 10 =    6.38400,    6.43816      
# span 11 =    10.1983,    10.5125      
# span 12 =    23.7851,    24.0845      
# span 13 =   11.55892,   11.64615      
# span 14 = 1.1245e-01, 8.2330e+02      
# span 15 = 0.0000e+00, 0.0000e+00      
# interval = seconds: 0.25
# start_time = Jul 25 2017 13:17:50 [Instrument's time stamp, header]
# bad_flag = -9.990e-29
*END*
[from data line 272]
        273 206.554838    0.01889     1.1333     68.000      1.198  49152.040    31.2917    10.2635      1.187    6.42960    10.2637    24.0144   11.63199 4.9802e+02 0.0000e+00
        274 206.554841    0.01896     1.1375     68.250      1.192  49152.110    31.2917    10.2637      1.181    6.42957    10.2639    24.0144   11.63194 4.8214e+02 0.0000e+00
        275 206.554844    0.01903     1.1417     68.500      1.181  49152.179    31.2918    10.2639      1.170    6.42953    10.2641    24.0144   11.63189 4.6437e+02 0.0000e+00
        276 206.554847    0.01910     1.1458     68.750      1.180  49151.999    31.2917    10.2641      1.170    6.42951    10.2640    24.0143   11.63185 4.4316e+02 0.0000e+00
        277 206.554850    0.01917     1.1500     69.000      1.210  49151.334    31.2913    10.2643      1.199    6.42951    10.2636    24.0139   11.63185 4.1570e+02 0.0000e+00
        278 206.554852    0.01924     1.1542     69.250      1.284  49150.369    31.2905    10.2642      1.272    6.42954    10.2630    24.0134   11.63192 3.8660e+02 0.0000e+00
        279 206.554855    0.01931     1.1583     69.500      1.406  49149.790    31.2900    10.2638      1.393    6.42961    10.2624    24.0131   11.63205 3.6154e+02 0.0000e+00
        280 206.554858    0.01938     1.1625     69.750      1.566  49149.985    31.2900    10.2632      1.552    6.42970    10.2618    24.0132   11.63218 3.3884e+02 0.0000e+00
        281 206.554861    0.01944     1.1667     70.000      1.758  49150.484    31.2902    10.2626      1.742    6.42978    10.2612    24.0134   11.63232 3.1844e+02 0.0000e+00
        282 206.554864    0.01951     1.1708     70.250      1.975  49150.882    31.2903    10.2620      1.957    6.42986    10.2608    24.0136   11.63244 3.0223e+02 0.0000e+00
        283 206.554867    0.01958     1.1750     70.500      2.209  49151.304    31.2905    10.2615      2.189    6.42992    10.2604    24.0138   11.63255 2.8926e+02 0.0000e+00
        284 206.554870    0.01965     1.1792     70.750      2.452  49151.803    31.2907    10.2610      2.430    6.42997    10.2601    24.0141   11.63263 2.7724e+02 0.0000e+00
        285 206.554873    0.01972     1.1833     71.000      2.697  49152.278    31.2909    10.2607      2.672    6.43001    10.2599    24.0143   11.63270 2.6354e+02 0.0000e+00
        286 206.554876    0.01979     1.1875     71.250      2.937  49152.769    31.2911    10.2604      2.910    6.43004    10.2599    24.0145   11.63274 2.4781e+02 0.0000e+00
        287 206.554878    0.01986     1.1917     71.500      3.170  49153.305    31.2913    10.2603      3.140    6.43005    10.2599    24.0147   11.63276 2.3110e+02 0.0000e+00
        288 206.554881    0.01993     1.1958     71.750      3.394  49153.770    31.2916    10.2602      3.362    6.43005    10.2600    24.0149   11.63275 2.1404e+02 0.0000e+00
        289 206.554884    0.02000     1.2000     72.000      3.604  49154.098    31.2917    10.2602      3.570    6.43004    10.2602    24.0150   11.63273 1.9830e+02 0.0000e+00
        290 206.554887    0.02007     1.2042     72.250      3.794  49154.221    31.2917    10.2604      3.758    6.43002    10.2603    24.0150   11.63269 1.8526e+02 0.0000e+00
        291 206.554890    0.02014     1.2083     72.500      3.958  49153.947    31.2915    10.2606      3.921    6.43000    10.2602    24.0148   11.63266 1.7475e+02 0.0000e+00
        292 206.554893    0.02021     1.2125     72.750      4.099  49153.325    31.2910    10.2608      4.061    6.43000    10.2599    24.0144   11.63267 1.6627e+02 0.0000e+00
        293 206.554896    0.02028     1.2167     73.000      4.228  49152.546    31.2904    10.2607      4.188    6.43003    10.2591    24.0140   11.63273 1.5878e+02 0.0000e+00
        294 206.554899    0.02035     1.2208     73.250      4.363  49151.479    31.2895    10.2604      4.322    6.43011    10.2578    24.0134   11.63287 1.5081e+02 0.0000e+00
        295 206.554902    0.02042     1.2250     73.500      4.521  49150.231    31.2885    10.2596      4.479    6.43026    10.2559    24.0127   11.63313 1.4167e+02 0.0000e+00
        296 206.554905    0.02049     1.2292     73.750      4.713  49149.423    31.2877    10.2583      4.669    6.43048    10.2538    24.0122   11.63350 1.3182e+02 0.0000e+00
        297 206.554907    0.02056     1.2333     74.000      4.939  49149.108    31.2871    10.2565      4.893    6.43075    10.2513    24.0121   11.63396 1.2202e+02 0.0000e+00
        298 206.554910    0.02063     1.2375     74.250      5.187  49148.846    31.2866    10.2544      5.139    6.43107    10.2486    24.0120   11.63450 1.1285e+02 0.0000e+00
        299 206.554913    0.02069     1.2417     74.500      5.439  49149.069    31.2863    10.2519      5.389    6.43143    10.2461    24.0123   11.63509 1.0471e+02 0.0000e+00
        300 206.554916    0.02076     1.2458     74.750      5.682  49150.521    31.2869    10.2493      5.629    6.43178    10.2441    24.0132   11.63566 9.7920e+01 0.0000e+00
        301 206.554919    0.02083     1.2500     75.000      5.908  49152.818    31.2881    10.2468      5.852    6.43208    10.2426    24.0146   11.63615 9.2500e+01 0.0000e+00
        302 206.554922    0.02090     1.2542     75.250      6.118  49154.770    31.2892    10.2448      6.060    6.43232    10.2414    24.0157   11.63652 8.8202e+01 0.0000e+00
        303 206.554925    0.02097     1.2583     75.500      6.317  49155.739    31.2896    10.2433      6.258    6.43250    10.2403    24.0163   11.63683 8.4625e+01 0.0000e+00
        304 206.554928    0.02104     1.2625     75.750      6.513  49156.127    31.2897    10.2422      6.452    6.43266    10.2392    24.0165   11.63709 8.1330e+01 0.0000e+00
        305 206.554931    0.02111     1.2667     76.000      6.711  49156.484    31.2897    10.2411      6.648    6.43281    10.2381    24.0167   11.63734 7.8014e+01 0.0000e+00
        306 206.554933    0.02118     1.2708     76.250      6.915  49156.792    31.2897    10.2400      6.850    6.43296    10.2369    24.0169   11.63759 7.4551e+01 0.0000e+00
        307 206.554936    0.02125     1.2750     76.500      7.121  49156.761    31.2895    10.2389      7.054    6.43312    10.2353    24.0169   11.63786 7.0939e+01 0.0000e+00
        308 206.554939    0.02132     1.2792     76.750      7.322  49156.163    31.2888    10.2377      7.254    6.43332    10.2333    24.0166   11.63820 6.7278e+01 0.0000e+00
        309 206.554942    0.02139     1.2833     77.000      7.515  49155.192    31.2879    10.2361      7.445    6.43358    10.2308    24.0161   11.63864 6.3698e+01 0.0000e+00
        310 206.554945    0.02146     1.2875     77.250      7.696  49154.601    31.2871    10.2341      7.624    6.43389    10.2281    24.0159   11.63916 6.0289e+01 0.0000e+00
        311 206.554948    0.02153     1.2917     77.500      7.867  49154.860    31.2869    10.2317      7.793    6.43424    10.2256    24.0161   11.63975 5.7098e+01 0.0000e+00
        312 206.554951    0.02160     1.2958     77.750      8.033  49156.088    31.2874    10.2290      7.958    6.43459    10.2235    24.0170   11.64032 5.4137e+01 0.0000e+00
        313 206.554954    0.02167     1.3000     78.000      8.200  49158.091    31.2884    10.2265      8.124    6.43490    10.2219    24.0182   11.64082 5.1387e+01 0.0000e+00
        314 206.554957    0.02174     1.3042     78.250      8.375  49160.084    31.2895    10.2244      8.297    6.43515    10.2208    24.0194   11.64122 4.8795e+01 0.0000e+00
        315 206.554959    0.02181     1.3083     78.500      8.562  49161.595    31.2903    10.2229      8.482    6.43534    10.2198    24.0203   11.64152 4.6318e+01 0.0000e+00
        316 206.554962    0.02187     1.3125     78.750      8.761  49162.661    31.2908    10.2217      8.679    6.43548    10.2191    24.0209   11.64175 4.3968e+01 0.0000e+00
        317 206.554965    0.02194     1.3167     79.000      8.970  49163.480    31.2912    10.2208      8.886    6.43559    10.2186    24.0213   11.64192 4.1792e+01 0.0000e+00
        318 206.554968    0.02201     1.3208     79.250      9.183  49164.292    31.2916    10.2201      9.097    6.43567    10.2182    24.0217   11.64206 3.9803e+01 0.0000e+00
        319 206.554971    0.02208     1.3250     79.500      9.401  49164.953    31.2919    10.2195      9.313    6.43573    10.2179    24.0221   11.64215 3.7963e+01 0.0000e+00
        320 206.554974    0.02215     1.3292     79.750      9.623  49165.241    31.2920    10.2192      9.533    6.43578    10.2177    24.0222   11.64223 3.6204e+01 0.0000e+00
        321 206.554977    0.02222     1.3333     80.000      9.851  49165.338    31.2919    10.2190      9.759    6.43582    10.2174    24.0222   11.64229 3.4446e+01 0.0000e+00
        322 206.554980    0.02229     1.3375     80.250     10.086  49165.503    31.2919    10.2188      9.991    6.43585    10.2171    24.0222   11.64234 3.2642e+01 0.0000e+00
        323 206.554983    0.02236     1.3417     80.500     10.326  49165.638    31.2919    10.2186     10.229    6.43588    10.2167    24.0222   11.64239 3.0806e+01 0.0000e+00
        324 206.554986    0.02243     1.3458     80.750     10.565  49165.540    31.2917    10.2183     10.465    6.43592    10.2161    24.0221   11.64247 2.8993e+01 0.0000e+00
        325 206.554988    0.02250     1.3500     81.000     10.795  49165.339    31.2914    10.2179     10.693    6.43599    10.2153    24.0220   11.64258 2.7272e+01 0.0000e+00
        326 206.554991    0.02257     1.3542     81.250     11.009  49165.284    31.2912    10.2174     10.906    6.43608    10.2146    24.0219   11.64274 2.5704e+01 0.0000e+00
        327 206.554994    0.02264     1.3583     81.500     11.203  49165.532    31.2912    10.2166     11.098    6.43618    10.2140    24.0220   11.64291 2.4330e+01 0.0000e+00
        328 206.554997    0.02271     1.3625     81.750     11.375  49166.248    31.2915    10.2159     11.268    6.43627    10.2136    24.0224   11.64305 2.3167e+01 0.0000e+00
        329 206.555000    0.02278     1.3667     82.000     11.525  49167.191    31.2920    10.2153     11.417    6.43633    10.2134    24.0229   11.64315 2.2212e+01 0.0000e+00
        330 206.555003    0.02285     1.3708     82.250     11.656  49167.822    31.2924    10.2149     11.547    6.43637    10.2132    24.0233   11.64320 2.1433e+01 0.0000e+00
        331 206.555006    0.02292     1.3750     82.500     11.774  49168.004    31.2925    10.2147     11.664    6.43639    10.2130    24.0233   11.64324 2.0775e+01 0.0000e+00
        332 206.555009    0.02299     1.3792     82.750     11.889  49167.873    31.2923    10.2146     11.777    6.43642    10.2126    24.0232   11.64328 2.0154e+01 0.0000e+00
        333 206.555012    0.02306     1.3833     83.000     12.014  49167.528    31.2920    10.2144     11.901    6.43646    10.2120    24.0230   11.64336 1.9467e+01 0.0000e+00
        334 206.555014    0.02313     1.3875     83.250     12.166  49166.938    31.2915    10.2140     12.052    6.43654    10.2110    24.0227   11.64349 1.8633e+01 0.0000e+00
        335 206.555017    0.02319     1.3917     83.500     12.359  49166.372    31.2909    10.2133     12.243    6.43665    10.2099    24.0224   11.64369 1.7631e+01 0.0000e+00
        336 206.555020    0.02326     1.3958     83.750     12.596  49166.459    31.2908    10.2124     12.478    6.43679    10.2088    24.0224   11.64392 1.6509e+01 0.0000e+00
        337 206.555023    0.02333     1.4000     84.000     12.868  49167.237    31.2911    10.2113     12.747    6.43693    10.2077    24.0228   11.64415 1.5352e+01 0.0000e+00
        338 206.555026    0.02340     1.4042     84.250     13.154  49168.194    31.2915    10.2102     13.030    6.43706    10.2068    24.0234   11.64436 1.4255e+01 0.0000e+00
        339 206.555029    0.02347     1.4083     84.500     13.431  49169.046    31.2918    10.2092     13.305    6.43718    10.2061    24.0238   11.64456 1.3294e+01 0.0000e+00
        340 206.555032    0.02354     1.4125     84.750     13.685  49169.819    31.2922    10.2084     13.557    6.43729    10.2055    24.0242   11.64474 1.2493e+01 0.0000e+00
        341 206.555035    0.02361     1.4167     85.000     13.909  49170.633    31.2926    10.2076     13.778    6.43738    10.2051    24.0246   11.64488 1.1840e+01 0.0000e+00
        342 206.555038    0.02368     1.4208     85.250     14.102  49171.494    31.2930    10.2071     13.970    6.43744    10.2049    24.0251   11.64498 1.1300e+01 0.0000e+00
        343 206.555041    0.02375     1.4250     85.500     14.272  49172.179    31.2934    10.2067     14.139    6.43748    10.2049    24.0254   11.64503 1.0827e+01 0.0000e+00
        344 206.555043    0.02382     1.4292     85.750     14.427  49172.590    31.2936    10.2065     14.293    6.43749    10.2050    24.0256   11.64505 1.0378e+01 0.0000e+00
        345 206.555046    0.02389     1.4333     86.000     14.577  49172.835    31.2937    10.2066     14.441    6.43748    10.2052    24.0257   11.64503 9.9334e+00 0.0000e+00
        346 206.555049    0.02396     1.4375     86.250     14.728  49172.983    31.2937    10.2067     14.591    6.43746    10.2053    24.0257   11.64500 9.4854e+00 0.0000e+00
        347 206.555052    0.02403     1.4417     86.500     14.885  49173.102    31.2938    10.2068     14.745    6.43744    10.2055    24.0257   11.64496 9.0357e+00 0.0000e+00
        348 206.555055    0.02410     1.4458     86.750     15.049  49173.202    31.2938    10.2070     14.908    6.43742    10.2057    24.0257   11.64492 8.5901e+00 0.0000e+00
        349 206.555058    0.02417     1.4500     87.000     15.223  49173.171    31.2937    10.2072     15.080    6.43740    10.2058    24.0257   11.64489 8.1539e+00 0.0000e+00
        350 206.555061    0.02424     1.4542     87.250     15.406  49173.060    31.2936    10.2074     15.261    6.43737    10.2060    24.0255   11.64485 7.7284e+00 0.0000e+00
        351 206.555064    0.02431     1.4583     87.500     15.598  49173.012    31.2935    10.2076     15.451    6.43735    10.2062    24.0254   11.64481 7.3172e+00 0.0000e+00
        352 206.555067    0.02438     1.4625     87.750     15.793  49172.982    31.2934    10.2078     15.645    6.43732    10.2065    24.0253   11.64477 6.9324e+00 0.0000e+00
        353 206.555069    0.02444     1.4667     88.000     15.985  49172.926    31.2934    10.2080     15.835    6.43729    10.2067    24.0252   11.64472 6.5837e+00 0.0000e+00
        354 206.555072    0.02451     1.4708     88.250     16.170  49172.895    31.2933    10.2083     16.018    6.43726    10.2068    24.0251   11.64467 6.2663e+00 0.0000e+00
        355 206.555075    0.02458     1.4750     88.500     16.353  49172.829    31.2932    10.2085     16.200    6.43723    10.2068    24.0250   11.64462 5.9639e+00 0.0000e+00
        356 206.555078    0.02465     1.4792     88.750     16.544  49172.547    31.2929    10.2086     16.389    6.43722    10.2064    24.0248   11.64461 5.6605e+00 0.0000e+00
        357 206.555081    0.02472     1.4833     89.000     16.750  49172.005    31.2924    10.2086     16.593    6.43725    10.2056    24.0244   11.64466 5.3483e+00 0.0000e+00
        358 206.555084    0.02479     1.4875     89.250     16.973  49171.572    31.2920    10.2083     16.814    6.43732    10.2047    24.0241   11.64477 5.0308e+00 0.0000e+00
        359 206.555087    0.02486     1.4917     89.500     17.208  49171.679    31.2919    10.2075     17.046    6.43742    10.2037    24.0242   11.64495 4.7207e+00 0.0000e+00
        360 206.555090    0.02493     1.4958     89.750     17.443  49172.291    31.2921    10.2066     17.279    6.43755    10.2029    24.0245   11.64515 4.4338e+00 0.0000e+00
        361 206.555093    0.02500     1.5000     90.000     17.663  49173.133    31.2925    10.2056     17.497    6.43766    10.2023    24.0250   11.64534 4.1825e+00 0.0000e+00
