CTD-processing/allCTD/CNV--turbid/2017_04-18_t6_s24_cast093.cnv
* Sea-Bird SBE19plus Data File:
* FileName = P:\My Documents\kasitsna\Research-KBL\Oceanography-AK\CTD-Data-ALL-to-2017-02\2017-CTD-KachemakBay-CookInlet\2017-04-18-CookInlet-Tran6-Douglas\2017-04-18-CookInlet-Tran6-cast093.hex
* Software Version 1.59
* Temperature SN =  4141
* Conductivity SN =  4141
* System UpLoad Time = Apr 18 2017 23:13:14
** Cook Inlet LTM Transect 6 Douglas east to west
** Date: (YYYY-MM-DD): 2017-04-18
** Station: (eg. 9-01): 6-24
** Start time (AKDT): 20:46
** Depth (m): 167.6
** Comment: R/V Alaska Dreamcatcher
** Comment:
# nquan = 16
# nvalues = 821                         
# units = specified
# name 0 = scan: Scan Count
# name 1 = timeJ: Julian Days
# name 2 = timeH: Time, Elapsed [hours]
# name 3 = timeM: Time, Elapsed [minutes]
# name 4 = timeS: Time, Elapsed [seconds]
# name 5 = prdM: Pressure, Strain Gauge [db]
# name 6 = specc: Specific Conductance [uS/cm]
# name 7 = sal00: Salinity, Practical [PSU]
# name 8 = tv290C: Temperature [ITS-90, deg C]
# name 9 = depSM: Depth [salt water, m], lat = 59.00
# name 10 = oxsolML/L: Oxygen Saturation, Garcia & Gordon [ml/l]
# name 11 = potemp090C: Potential Temperature [ITS-90, deg C]
# name 12 = sigma-é00: Density [sigma-theta, kg/m^3]
# name 13 = n2satML/L: Nitrogen Saturation [ml/l]
# name 14 = par: PAR/Irradiance, Biospherical/Licor
# name 15 = flag:  0.000e+00
# span 0 =          1,        821       
# span 1 = 108.865822, 108.868194       
# span 2 =    0.00000,    0.05694       
# span 3 =     0.0000,     3.4167       
# span 4 =      0.000,    205.000       
# span 5 =     -0.077,    166.768       
# span 6 =    532.221,  52214.172       
# span 7 =     0.2474,    32.5034       
# span 8 =     4.5809,     5.3256       
# span 9 =     -0.076,    165.142       
# span 10 =    7.15300,    9.01872      
# span 11 =     4.5919,     5.3244      
# span 12 =     0.1711,    25.6763      
# span 13 =   12.81753,   16.38989      
# span 14 = 3.6382e-02, 1.6283e+02      
# span 15 = 0.0000e+00, 0.0000e+00      
# interval = seconds: 0.25
# start_time = Apr 18 2017 20:46:47 [Instrument's time stamp, header]
# bad_flag = -9.990e-29
*END*
[from data line 633]
        634 108.867653    0.04396     2.6375    158.250    116.253  51968.372    32.3332     5.0766    115.133    7.18746     5.0697    25.5540   12.87229 3.6382e-02 0.0000e+00
        635 108.867656    0.04403     2.6417    158.500    116.559  51969.265    32.3339     5.0775    115.436    7.18728     5.0704    25.5545   12.87198 3.6382e-02 0.0000e+00
        636 108.867659    0.04410     2.6458    158.750    116.866  51970.178    32.3346     5.0783    115.740    7.18711     5.0711    25.5549   12.87169 3.6382e-02 0.0000e+00
        637 108.867662    0.04417     2.6500    159.000    117.170  51970.901    32.3351     5.0790    116.042    7.18695     5.0716    25.5552   12.87142 3.6382e-02 0.0000e+00
        638 108.867665    0.04424     2.6542    159.250    117.469  51971.410    32.3354     5.0797    116.337    7.18682     5.0721    25.5554   12.87120 3.6382e-02 0.0000e+00
        639 108.867668    0.04431     2.6583    159.500    117.757  51971.863    32.3357     5.0803    116.622    7.18670     5.0724    25.5556   12.87100 3.6382e-02 0.0000e+00
        640 108.867671    0.04437     2.6625    159.750    118.033  51972.391    32.3361     5.0808    116.896    7.18660     5.0727    25.5558   12.87083 3.6382e-02 0.0000e+00
        641 108.867674    0.04444     2.6667    160.000    118.296  51973.038    32.3365     5.0812    117.156    7.18652     5.0730    25.5561   12.87069 3.6382e-02 0.0000e+00
        642 108.867677    0.04451     2.6708    160.250    118.545  51973.773    32.3369     5.0815    117.403    7.18644     5.0732    25.5564   12.87056 3.6382e-02 0.0000e+00
        643 108.867679    0.04458     2.6750    160.500    118.780  51974.643    32.3375     5.0818    117.636    7.18637     5.0735    25.5568   12.87043 3.6382e-02 0.0000e+00
        644 108.867682    0.04465     2.6792    160.750    119.005  51975.622    32.3381     5.0820    117.858    7.18629     5.0738    25.5573   12.87030 3.6382e-02 0.0000e+00
        645 108.867685    0.04472     2.6833    161.000    119.224  51976.559    32.3387     5.0823    118.075    7.18622     5.0741    25.5577   12.87017 3.6382e-02 0.0000e+00
        646 108.867688    0.04479     2.6875    161.250    119.445  51977.397    32.3392     5.0826    118.293    7.18614     5.0743    25.5581   12.87004 3.6382e-02 0.0000e+00
        647 108.867691    0.04486     2.6917    161.500    119.675  51978.222    32.3397     5.0829    118.521    7.18607     5.0746    25.5585   12.86991 3.6382e-02 0.0000e+00
        648 108.867694    0.04493     2.6958    161.750    119.922  51979.227    32.3404     5.0832    118.766    7.18599     5.0749    25.5590   12.86977 3.6382e-02 0.0000e+00
        649 108.867697    0.04500     2.7000    162.000    120.189  51980.587    32.3412     5.0835    119.030    7.18590     5.0752    25.5597   12.86961 3.6382e-02 0.0000e+00
        650 108.867700    0.04507     2.7042    162.250    120.476  51982.162    32.3423     5.0838    119.315    7.18580     5.0756    25.5604   12.86943 3.6382e-02 0.0000e+00
        651 108.867703    0.04514     2.7083    162.500    120.783  51983.488    32.3431     5.0841    119.619    7.18569     5.0759    25.5610   12.86925 3.6382e-02 0.0000e+00
        652 108.867705    0.04521     2.7125    162.750    121.103  51984.329    32.3436     5.0845    119.936    7.18560     5.0762    25.5614   12.86909 3.6382e-02 0.0000e+00
        653 108.867708    0.04528     2.7167    163.000    121.429  51984.816    32.3438     5.0849    120.258    7.18552     5.0765    25.5616   12.86896 3.6382e-02 0.0000e+00
        654 108.867711    0.04535     2.7208    163.250    121.750  51985.171    32.3440     5.0852    120.577    7.18546     5.0767    25.5617   12.86886 3.6382e-02 0.0000e+00
        655 108.867714    0.04542     2.7250    163.500    122.059  51985.610    32.3442     5.0855    120.882    7.18541     5.0768    25.5618   12.86876 3.6382e-02 0.0000e+00
        656 108.867717    0.04549     2.7292    163.750    122.348  51986.201    32.3445     5.0857    121.169    7.18535     5.0769    25.5620   12.86867 3.6382e-02 0.0000e+00
        657 108.867720    0.04556     2.7333    164.000    122.616  51986.821    32.3449     5.0858    121.434    7.18531     5.0770    25.5623   12.86859 3.6382e-02 0.0000e+00
        658 108.867723    0.04562     2.7375    164.250    122.866  51987.341    32.3452     5.0860    121.681    7.18527     5.0771    25.5625   12.86853 3.6382e-02 0.0000e+00
        659 108.867726    0.04569     2.7417    164.500    123.101  51987.802    32.3454     5.0861    121.914    7.18524     5.0773    25.5626   12.86847 3.6382e-02 0.0000e+00
        660 108.867729    0.04576     2.7458    164.750    123.329  51988.345    32.3457     5.0863    122.139    7.18520     5.0774    25.5628   12.86841 3.6382e-02 0.0000e+00
        661 108.867731    0.04583     2.7500    165.000    123.557  51989.026    32.3461     5.0864    122.365    7.18516     5.0776    25.5631   12.86833 3.6382e-02 0.0000e+00
        662 108.867734    0.04590     2.7542    165.250    123.794  51989.849    32.3465     5.0865    122.600    7.18511     5.0778    25.5635   12.86824 3.6382e-02 0.0000e+00
        663 108.867737    0.04597     2.7583    165.500    124.049  51990.985    32.3472     5.0867    122.852    7.18505     5.0782    25.5640   12.86812 3.6382e-02 0.0000e+00
        664 108.867740    0.04604     2.7625    165.750    124.325  51992.586    32.3483     5.0870    123.125    7.18495     5.0788    25.5648   12.86794 3.6382e-02 0.0000e+00
        665 108.867743    0.04611     2.7667    166.000    124.621  51994.582    32.3496     5.0874    123.419    7.18481     5.0795    25.5658   12.86770 3.6382e-02 0.0000e+00
        666 108.867746    0.04618     2.7708    166.250    124.933  51996.712    32.3510     5.0880    123.727    7.18465     5.0803    25.5669   12.86741 3.6382e-02 0.0000e+00
        667 108.867749    0.04625     2.7750    166.500    125.253  51998.533    32.3523     5.0887    124.043    7.18446     5.0811    25.5678   12.86709 3.6382e-02 0.0000e+00
        668 108.867752    0.04632     2.7792    166.750    125.572  51999.718    32.3531     5.0896    124.359    7.18428     5.0818    25.5684   12.86678 3.6382e-02 0.0000e+00
        669 108.867755    0.04639     2.7833    167.000    125.884  52000.308    32.3535     5.0904    124.669    7.18412     5.0824    25.5686   12.86651 3.6382e-02 0.0000e+00
        670 108.867758    0.04646     2.7875    167.250    126.186  52000.532    32.3537     5.0911    124.967    7.18398     5.0828    25.5687   12.86629 3.6382e-02 0.0000e+00
        671 108.867760    0.04653     2.7917    167.500    126.473  52000.613    32.3538     5.0917    125.252    7.18388     5.0831    25.5687   12.86612 3.6382e-02 0.0000e+00
        672 108.867763    0.04660     2.7958    167.750    126.748  52000.671    32.3538     5.0921    125.524    7.18380     5.0833    25.5686   12.86599 3.6382e-02 0.0000e+00
        673 108.867766    0.04667     2.8000    168.000    127.011  52000.738    32.3537     5.0925    125.785    7.18375     5.0834    25.5686   12.86590 3.6382e-02 0.0000e+00
        674 108.867769    0.04674     2.8042    168.250    127.265  52000.950    32.3538     5.0927    126.036    7.18370     5.0836    25.5686   12.86583 3.6382e-02 0.0000e+00
        675 108.867772    0.04681     2.8083    168.500    127.515  52001.371    32.3540     5.0929    126.284    7.18367     5.0837    25.5688   12.86576 3.6382e-02 0.0000e+00
        676 108.867775    0.04688     2.8125    168.750    127.764  52001.836    32.3543     5.0930    126.531    7.18363     5.0838    25.5689   12.86570 3.6382e-02 0.0000e+00
        677 108.867778    0.04694     2.8167    169.000    128.014  52002.205    32.3544     5.0931    126.778    7.18360     5.0839    25.5690   12.86564 3.6382e-02 0.0000e+00
        678 108.867781    0.04701     2.8208    169.250    128.264  52002.520    32.3545     5.0933    127.026    7.18357     5.0841    25.5691   12.86559 3.6382e-02 0.0000e+00
        679 108.867784    0.04708     2.8250    169.500    128.516  52002.988    32.3548     5.0934    127.275    7.18353     5.0842    25.5693   12.86553 3.6382e-02 0.0000e+00
        680 108.867786    0.04715     2.8292    169.750    128.772  52003.764    32.3552     5.0936    127.529    7.18349     5.0845    25.5696   12.86545 3.6382e-02 0.0000e+00
        681 108.867789    0.04722     2.8333    170.000    129.033  52004.767    32.3558     5.0938    127.787    7.18342     5.0848    25.5701   12.86534 3.6382e-02 0.0000e+00
        682 108.867792    0.04729     2.8375    170.250    129.301  52005.785    32.3564     5.0941    128.052    7.18335     5.0852    25.5706   12.86520 3.6382e-02 0.0000e+00
        683 108.867795    0.04736     2.8417    170.500    129.575  52006.720    32.3570     5.0944    128.324    7.18326     5.0856    25.5710   12.86505 3.6382e-02 0.0000e+00
        684 108.867798    0.04743     2.8458    170.750    129.856  52007.688    32.3576     5.0948    128.602    7.18316     5.0860    25.5714   12.86488 3.6382e-02 0.0000e+00
        685 108.867801    0.04750     2.8500    171.000    130.144  52008.753    32.3583     5.0953    128.886    7.18305     5.0863    25.5719   12.86470 3.6382e-02 0.0000e+00
        686 108.867804    0.04757     2.8542    171.250    130.437  52009.723    32.3589     5.0957    129.177    7.18295     5.0865    25.5724   12.86453 3.6382e-02 0.0000e+00
        687 108.867807    0.04764     2.8583    171.500    130.733  52010.435    32.3593     5.0960    129.470    7.18287     5.0867    25.5727   12.86439 3.6382e-02 0.0000e+00
        688 108.867810    0.04771     2.8625    171.750    131.027  52011.079    32.3597     5.0963    129.761    7.18281     5.0867    25.5730   12.86429 3.6382e-02 0.0000e+00
        689 108.867813    0.04778     2.8667    172.000    131.314  52011.970    32.3602     5.0964    130.046    7.18276     5.0867    25.5733   12.86420 3.6382e-02 0.0000e+00
        690 108.867815    0.04785     2.8708    172.250    131.592  52013.191    32.3609     5.0965    130.321    7.18272     5.0868    25.5739   12.86412 3.6382e-02 0.0000e+00
        691 108.867818    0.04792     2.8750    172.500    131.861  52014.696    32.3618     5.0965    130.587    7.18267     5.0871    25.5746   12.86402 3.6382e-02 0.0000e+00
        692 108.867821    0.04799     2.8792    172.750    132.123  52016.479    32.3630     5.0966    130.846    7.18259     5.0876    25.5755   12.86388 3.6382e-02 0.0000e+00
        693 108.867824    0.04806     2.8833    173.000    132.381  52018.540    32.3643     5.0969    131.101    7.18248     5.0883    25.5765   12.86367 3.6382e-02 0.0000e+00
        694 108.867827    0.04813     2.8875    173.250    132.639  52020.907    32.3659     5.0974    131.357    7.18232     5.0892    25.5777   12.86339 3.6382e-02 0.0000e+00
        695 108.867830    0.04819     2.8917    173.500    132.900  52023.535    32.3678     5.0981    131.615    7.18211     5.0903    25.5791   12.86302 3.6382e-02 0.0000e+00
        696 108.867833    0.04826     2.8958    173.750    133.167  52026.344    32.3698     5.0991    131.880    7.18185     5.0917    25.5806   12.86256 3.6382e-02 0.0000e+00
        697 108.867836    0.04833     2.9000    174.000    133.442  52029.300    32.3719     5.1003    132.152    7.18155     5.0932    25.5822   12.86203 3.6382e-02 0.0000e+00
        698 108.867839    0.04840     2.9042    174.250    133.725  52032.116    32.3740     5.1016    132.432    7.18121     5.0948    25.5837   12.86144 3.6382e-02 0.0000e+00
        699 108.867841    0.04847     2.9083    174.500    134.014  52034.446    32.3758     5.1031    132.718    7.18086     5.0963    25.5850   12.86084 3.6382e-02 0.0000e+00
        700 108.867844    0.04854     2.9125    174.750    134.304  52036.213    32.3773     5.1047    133.005    7.18051     5.0978    25.5859   12.86026 3.6382e-02 0.0000e+00
        701 108.867847    0.04861     2.9167    175.000    134.592  52037.440    32.3783     5.1063    133.290    7.18019     5.0992    25.5866   12.85972 3.6382e-02 0.0000e+00
        702 108.867850    0.04868     2.9208    175.250    134.874  52038.279    32.3791     5.1078    133.570    7.17990     5.1005    25.5870   12.85922 3.6382e-02 0.0000e+00
        703 108.867853    0.04875     2.9250    175.500    135.150  52039.043    32.3798     5.1093    133.843    7.17962     5.1018    25.5874   12.85876 3.6382e-02 0.0000e+00
        704 108.867856    0.04882     2.9292    175.750    135.418  52039.823    32.3805     5.1106    134.108    7.17935     5.1030    25.5878   12.85831 3.6382e-02 0.0000e+00
        705 108.867859    0.04889     2.9333    176.000    135.678  52040.503    32.3811     5.1119    134.366    7.17910     5.1041    25.5882   12.85789 3.6382e-02 0.0000e+00
        706 108.867862    0.04896     2.9375    176.250    135.931  52041.202    32.3818     5.1131    134.616    7.17887     5.1052    25.5885   12.85749 3.6382e-02 0.0000e+00
        707 108.867865    0.04903     2.9417    176.500    136.180  52042.109    32.3825     5.1143    134.862    7.17864     5.1061    25.5890   12.85710 3.6382e-02 0.0000e+00
        708 108.867867    0.04910     2.9458    176.750    136.428  52043.182    32.3833     5.1153    135.107    7.17842     5.1070    25.5896   12.85673 3.6382e-02 0.0000e+00
        709 108.867870    0.04917     2.9500    177.000    136.680  52044.153    32.3841     5.1163    135.358    7.17822     5.1077    25.5901   12.85638 3.6382e-02 0.0000e+00
        710 108.867873    0.04924     2.9542    177.250    136.941  52044.880    32.3847     5.1172    135.615    7.17804     5.1084    25.5905   12.85608 3.6382e-02 0.0000e+00
        711 108.867876    0.04931     2.9583    177.500    137.209  52045.566    32.3852     5.1179    135.881    7.17788     5.1090    25.5908   12.85581 3.6382e-02 0.0000e+00
        712 108.867879    0.04938     2.9625    177.750    137.486  52046.428    32.3858     5.1186    136.155    7.17773     5.1096    25.5912   12.85556 3.6382e-02 0.0000e+00
        713 108.867882    0.04944     2.9667    178.000    137.768  52047.443    32.3865     5.1193    136.435    7.17759     5.1102    25.5917   12.85531 3.6382e-02 0.0000e+00
        714 108.867885    0.04951     2.9708    178.250    138.056  52048.356    32.3871     5.1199    136.720    7.17746     5.1107    25.5921   12.85508 3.6382e-02 0.0000e+00
        715 108.867888    0.04958     2.9750    178.500    138.347  52048.983    32.3875     5.1205    137.008    7.17734     5.1111    25.5924   12.85488 3.6382e-02 0.0000e+00
        716 108.867891    0.04965     2.9792    178.750    138.637  52049.364    32.3878     5.1210    137.294    7.17723     5.1115    25.5925   12.85471 3.6382e-02 0.0000e+00
        717 108.867894    0.04972     2.9833    179.000    138.922  52049.551    32.3878     5.1214    137.577    7.17715     5.1118    25.5925   12.85457 3.6382e-02 0.0000e+00
        718 108.867896    0.04979     2.9875    179.250    139.200  52049.654    32.3879     5.1218    137.852    7.17708     5.1120    25.5925   12.85446 3.6382e-02 0.0000e+00
        719 108.867899    0.04986     2.9917    179.500    139.470  52049.836    32.3879     5.1222    138.119    7.17702     5.1122    25.5925   12.85436 3.6382e-02 0.0000e+00
        720 108.867902    0.04993     2.9958    179.750    139.731  52050.098    32.3881     5.1224    138.378    7.17697     5.1124    25.5926   12.85428 3.6382e-02 0.0000e+00
        721 108.867905    0.05000     3.0000    180.000    139.986  52050.369    32.3882     5.1227    138.630    7.17693     5.1126    25.5926   12.85420 3.6382e-02 0.0000e+00
        722 108.867908    0.05007     3.0042    180.250    140.235  52050.664    32.3883     5.1229    138.877    7.17689     5.1128    25.5927   12.85413 3.6382e-02 0.0000e+00
        723 108.867911    0.05014     3.0083    180.500    140.481  52051.048    32.3885     5.1231    139.121    7.17684     5.1129    25.5928   12.85406 3.6382e-02 0.0000e+00
