CTD-processing/allCTD/CNV--turbid/2017_07-26_t7_s20_cast245.cnv
* Sea-Bird SBE19plus Data File:
* FileName = C:\Users\Kim.Powell\Desktop\2017_07-26\2017_07-26_TRANSECT_STATION_cast245.hex
* Software Version 1.59
* Temperature SN =  4141
* Conductivity SN =  4141
* System UpLoad Time = Aug 04 2017 16:24:25
** 2017_07-26
** Transect: Transect 7
** Station: 7-20
** Start Time: 11:10
** Depth(m): 79.9
** Comment:
** Comment:
# nquan = 16
# nvalues = 744                         
# units = specified
# name 0 = scan: Scan Count
# name 1 = timeJ: Julian Days
# name 2 = timeH: Time, Elapsed [hours]
# name 3 = timeM: Time, Elapsed [minutes]
# name 4 = timeS: Time, Elapsed [seconds]
# name 5 = prdM: Pressure, Strain Gauge [db]
# name 6 = specc: Specific Conductance [uS/cm]
# name 7 = sal00: Salinity, Practical [PSU]
# name 8 = tv290C: Temperature [ITS-90, deg C]
# name 9 = depSM: Depth [salt water, m], lat = 59.00
# name 10 = oxsolML/L: Oxygen Saturation, Garcia & Gordon [ml/l]
# name 11 = potemp090C: Potential Temperature [ITS-90, deg C]
# name 12 = sigma-é00: Density [sigma-theta, kg/m^3]
# name 13 = n2satML/L: Nitrogen Saturation [ml/l]
# name 14 = par: PAR/Irradiance, Biospherical/Licor
# name 15 = flag:  0.000e+00
# span 0 =          1,        744       
# span 1 = 207.465463, 207.467613       
# span 2 =    0.00000,    0.05160       
# span 3 =     0.0000,     3.0958       
# span 4 =      0.000,    185.750       
# span 5 =      0.084,     74.123       
# span 6 =  15428.552,  49789.497       
# span 7 =     9.5055,    31.6581       
# span 8 =     9.5694,    10.2213       
# span 9 =      0.083,     73.417       
# span 10 =    6.48824,    7.41643      
# span 11 =     9.5615,    10.0951      
# span 12 =     7.0862,    24.4069      
# span 13 =   11.72542,   13.56950      
# span 14 = 4.4041e-02, 2.8172e+02      
# span 15 = 0.0000e+00, 0.0000e+00      
# interval = seconds: 0.25
# start_time = Jul 26 2017 11:10:16 [Instrument's time stamp, header]
# bad_flag = -9.990e-29
*END*
[from data line 543]
        544 207.467034    0.03771     2.2625    135.750     37.887  49731.710    31.5966     9.5744     37.529    6.51459     9.5704    24.3651   11.76912 3.9349e-01 0.0000e+00
        545 207.467037    0.03778     2.2667    136.000     38.094  49731.959    31.5967     9.5745     37.734    6.51458     9.5704    24.3652   11.76910 3.8216e-01 0.0000e+00
        546 207.467040    0.03785     2.2708    136.250     38.271  49732.176    31.5968     9.5745     37.910    6.51457     9.5705    24.3652   11.76908 3.7276e-01 0.0000e+00
        547 207.467043    0.03792     2.2750    136.500     38.429  49732.284    31.5968     9.5746     38.066    6.51457     9.5705    24.3652   11.76907 3.6434e-01 0.0000e+00
        548 207.467046    0.03799     2.2792    136.750     38.583  49732.311    31.5968     9.5746     38.218    6.51456     9.5705    24.3652   11.76906 3.5587e-01 0.0000e+00
        549 207.467049    0.03806     2.2833    137.000     38.746  49732.349    31.5967     9.5747     38.380    6.51455     9.5706    24.3651   11.76905 3.4673e-01 0.0000e+00
        550 207.467052    0.03812     2.2875    137.250     38.927  49732.461    31.5967     9.5747     38.560    6.51455     9.5706    24.3651   11.76904 3.3684e-01 0.0000e+00
        551 207.467054    0.03819     2.2917    137.500     39.124  49732.604    31.5968     9.5748     38.755    6.51454     9.5706    24.3652   11.76903 3.2659e-01 0.0000e+00
        552 207.467057    0.03826     2.2958    137.750     39.329  49732.737    31.5968     9.5748     38.958    6.51453     9.5707    24.3652   11.76902 3.1660e-01 0.0000e+00
        553 207.467060    0.03833     2.3000    138.000     39.534  49732.821    31.5967     9.5749     39.161    6.51453     9.5707    24.3651   11.76901 3.0725e-01 0.0000e+00
        554 207.467063    0.03840     2.3042    138.250     39.734  49732.847    31.5967     9.5749     39.359    6.51452     9.5707    24.3651   11.76900 2.9836e-01 0.0000e+00
        555 207.467066    0.03847     2.3083    138.500     39.931  49732.879    31.5966     9.5750     39.554    6.51452     9.5707    24.3650   11.76900 2.8972e-01 0.0000e+00
        556 207.467069    0.03854     2.3125    138.750     40.127  49732.975    31.5966     9.5750     39.748    6.51451     9.5707    24.3650   11.76899 2.8120e-01 0.0000e+00
        557 207.467072    0.03861     2.3167    139.000     40.327  49733.114    31.5966     9.5750     39.946    6.51451     9.5706    24.3650   11.76899 2.7282e-01 0.0000e+00
        558 207.467075    0.03868     2.3208    139.250     40.533  49733.226    31.5966     9.5750     40.150    6.51451     9.5706    24.3650   11.76899 2.6450e-01 0.0000e+00
        559 207.467078    0.03875     2.3250    139.500     40.745  49733.299    31.5966     9.5750     40.360    6.51452     9.5705    24.3650   11.76899 2.5617e-01 0.0000e+00
        560 207.467080    0.03882     2.3292    139.750     40.962  49733.371    31.5966     9.5750     40.575    6.51452     9.5705    24.3650   11.76900 2.4806e-01 0.0000e+00
        561 207.467083    0.03889     2.3333    140.000     41.182  49733.453    31.5965     9.5749     40.794    6.51453     9.5705    24.3650   11.76901 2.4024e-01 0.0000e+00
        562 207.467086    0.03896     2.3375    140.250     41.400  49733.535    31.5965     9.5749     41.009    6.51453     9.5704    24.3650   11.76901 2.3267e-01 0.0000e+00
        563 207.467089    0.03903     2.3417    140.500     41.606  49733.669    31.5965     9.5749     41.213    6.51453     9.5704    24.3650   11.76901 2.2579e-01 0.0000e+00
        564 207.467092    0.03910     2.3458    140.750     41.793  49733.899    31.5965     9.5749     41.398    6.51452     9.5704    24.3650   11.76900 2.1991e-01 0.0000e+00
        565 207.467095    0.03917     2.3500    141.000     41.959  49734.140    31.5966     9.5749     41.563    6.51452     9.5705    24.3651   11.76899 2.1486e-01 0.0000e+00
        566 207.467098    0.03924     2.3542    141.250     42.110  49734.320    31.5967     9.5750     41.712    6.51451     9.5705    24.3651   11.76898 2.1030e-01 0.0000e+00
        567 207.467101    0.03931     2.3583    141.500     42.254  49734.448    31.5968     9.5750     41.855    6.51451     9.5705    24.3652   11.76897 2.0591e-01 0.0000e+00
        568 207.467104    0.03938     2.3625    141.750     42.402  49734.532    31.5968     9.5751     42.001    6.51450     9.5705    24.3652   11.76896 2.0142e-01 0.0000e+00
        569 207.467106    0.03944     2.3667    142.000     42.559  49734.587    31.5967     9.5751     42.157    6.51450     9.5705    24.3651   11.76896 1.9667e-01 0.0000e+00
        570 207.467109    0.03951     2.3708    142.250     42.730  49734.661    31.5967     9.5751     42.326    6.51449     9.5705    24.3651   11.76895 1.9153e-01 0.0000e+00
        571 207.467112    0.03958     2.3750    142.500     42.918  49734.780    31.5967     9.5751     42.512    6.51449     9.5705    24.3651   11.76895 1.8590e-01 0.0000e+00
        572 207.467115    0.03965     2.3792    142.750     43.128  49734.916    31.5967     9.5751     42.721    6.51448     9.5706    24.3651   11.76894 1.7983e-01 0.0000e+00
        573 207.467118    0.03972     2.3833    143.000     43.361  49735.069    31.5968     9.5752     42.951    6.51448     9.5706    24.3651   11.76893 1.7372e-01 0.0000e+00
        574 207.467121    0.03979     2.3875    143.250     43.609  49735.272    31.5968     9.5752     43.197    6.51448     9.5706    24.3652   11.76892 1.6805e-01 0.0000e+00
        575 207.467124    0.03986     2.3917    143.500     43.856  49735.485    31.5968     9.5752     43.442    6.51447     9.5706    24.3652   11.76891 1.6300e-01 0.0000e+00
        576 207.467127    0.03993     2.3958    143.750     44.087  49735.609    31.5968     9.5753     43.670    6.51447     9.5706    24.3652   11.76891 1.5856e-01 0.0000e+00
        577 207.467130    0.04000     2.4000    144.000     44.291  49735.649    31.5968     9.5753     43.872    6.51446     9.5705    24.3652   11.76890 1.5474e-01 0.0000e+00
        578 207.467133    0.04007     2.4042    144.250     44.467  49735.683    31.5967     9.5753     44.046    6.51446     9.5705    24.3651   11.76890 1.5148e-01 0.0000e+00
        579 207.467135    0.04014     2.4083    144.500     44.628  49735.713    31.5967     9.5753     44.205    6.51446     9.5704    24.3651   11.76891 1.4849e-01 0.0000e+00
        580 207.467138    0.04021     2.4125    144.750     44.788  49735.711    31.5966     9.5753     44.365    6.51447     9.5704    24.3650   11.76892 1.4540e-01 0.0000e+00
        581 207.467141    0.04028     2.4167    145.000     44.965  49735.752    31.5966     9.5753     44.539    6.51448     9.5703    24.3650   11.76893 1.4201e-01 0.0000e+00
        582 207.467144    0.04035     2.4208    145.250     45.163  49735.891    31.5966     9.5752     44.736    6.51448     9.5703    24.3650   11.76894 1.3845e-01 0.0000e+00
        583 207.467147    0.04042     2.4250    145.500     45.378  49736.074    31.5966     9.5752     44.949    6.51449     9.5703    24.3650   11.76895 1.3485e-01 0.0000e+00
        584 207.467150    0.04049     2.4292    145.750     45.595  49736.253    31.5966     9.5752     45.164    6.51449     9.5702    24.3651   11.76895 1.3126e-01 0.0000e+00
        585 207.467153    0.04056     2.4333    146.000     45.800  49736.427    31.5967     9.5751     45.367    6.51449     9.5702    24.3651   11.76895 1.2794e-01 0.0000e+00
        586 207.467156    0.04063     2.4375    146.250     45.987  49736.614    31.5967     9.5751     45.552    6.51449     9.5702    24.3652   11.76895 1.2507e-01 0.0000e+00
        587 207.467159    0.04069     2.4417    146.500     46.155  49736.773    31.5967     9.5752     45.719    6.51448     9.5702    24.3652   11.76894 1.2256e-01 0.0000e+00
        588 207.467161    0.04076     2.4458    146.750     46.313  49736.885    31.5968     9.5752     45.875    6.51448     9.5702    24.3652   11.76893 1.2018e-01 0.0000e+00
        589 207.467164    0.04083     2.4500    147.000     46.475  49736.967    31.5968     9.5752     46.035    6.51448     9.5703    24.3652   11.76892 1.1769e-01 0.0000e+00
        590 207.467167    0.04090     2.4542    147.250     46.654  49737.003    31.5967     9.5752     46.213    6.51447     9.5703    24.3652   11.76892 1.1495e-01 0.0000e+00
        591 207.467170    0.04097     2.4583    147.500     46.862  49737.019    31.5966     9.5753     46.419    6.51447     9.5702    24.3651   11.76892 1.1189e-01 0.0000e+00
        592 207.467173    0.04104     2.4625    147.750     47.093  49737.094    31.5966     9.5753     46.648    6.51447     9.5702    24.3651   11.76892 1.0864e-01 0.0000e+00
        593 207.467176    0.04111     2.4667    148.000     47.331  49737.247    31.5966     9.5753     46.884    6.51447     9.5702    24.3651   11.76891 1.0573e-01 0.0000e+00
        594 207.467179    0.04118     2.4708    148.250     47.554  49737.403    31.5966     9.5753     47.105    6.51447     9.5702    24.3651   11.76891 1.0342e-01 0.0000e+00
        595 207.467182    0.04125     2.4750    148.500     47.747  49737.528    31.5966     9.5753     47.296    6.51447     9.5702    24.3651   11.76892 1.0151e-01 0.0000e+00
        596 207.467185    0.04132     2.4792    148.750     47.907  49737.615    31.5966     9.5753     47.454    6.51447     9.5701    24.3651   11.76892 9.9924e-02 0.0000e+00
        597 207.467187    0.04139     2.4833    149.000     48.045  49737.675    31.5966     9.5753     47.591    6.51448     9.5701    24.3651   11.76892 9.8574e-02 0.0000e+00
        598 207.467190    0.04146     2.4875    149.250     48.179  49737.773    31.5966     9.5753     47.723    6.51448     9.5701    24.3651   11.76892 9.7236e-02 0.0000e+00
        599 207.467193    0.04153     2.4917    149.500     48.325  49737.906    31.5966     9.5753     47.868    6.51447     9.5701    24.3651   11.76892 9.5754e-02 0.0000e+00
        600 207.467196    0.04160     2.4958    149.750     48.492  49738.059    31.5967     9.5753     48.034    6.51447     9.5701    24.3651   11.76891 9.4096e-02 0.0000e+00
        601 207.467199    0.04167     2.5000    150.000     48.677  49738.232    31.5967     9.5753     48.217    6.51446     9.5702    24.3652   11.76890 9.2341e-02 0.0000e+00
        602 207.467202    0.04174     2.5042    150.250     48.872  49738.383    31.5967     9.5754     48.410    6.51445     9.5702    24.3652   11.76889 9.0589e-02 0.0000e+00
        603 207.467205    0.04181     2.5083    150.500     49.071  49738.498    31.5967     9.5754     48.607    6.51445     9.5702    24.3652   11.76888 8.8868e-02 0.0000e+00
        604 207.467208    0.04188     2.5125    150.750     49.271  49738.602    31.5967     9.5755     48.805    6.51444     9.5702    24.3652   11.76887 8.7195e-02 0.0000e+00
        605 207.467211    0.04194     2.5167    151.000     49.473  49738.731    31.5968     9.5755     49.005    6.51443     9.5703    24.3652   11.76885 8.5623e-02 0.0000e+00
        606 207.467214    0.04201     2.5208    151.250     49.682  49738.906    31.5968     9.5756     49.212    6.51442     9.5703    24.3652   11.76884 8.4107e-02 0.0000e+00
        607 207.467216    0.04208     2.5250    151.500     49.902  49739.065    31.5968     9.5756     49.430    6.51441     9.5703    24.3652   11.76882 8.2518e-02 0.0000e+00
        608 207.467219    0.04215     2.5292    151.750     50.134  49739.152    31.5968     9.5757     49.659    6.51441     9.5703    24.3652   11.76881 8.0950e-02 0.0000e+00
        609 207.467222    0.04222     2.5333    152.000     50.373  49739.222    31.5967     9.5757     49.897    6.51440     9.5703    24.3651   11.76880 7.9586e-02 0.0000e+00
        610 207.467225    0.04229     2.5375    152.250     50.608  49739.287    31.5967     9.5758     50.129    6.51440     9.5703    24.3651   11.76880 7.8233e-02 0.0000e+00
        611 207.467228    0.04236     2.5417    152.500     50.822  49739.310    31.5966     9.5758     50.341    6.51440     9.5703    24.3650   11.76880 7.6786e-02 0.0000e+00
        612 207.467231    0.04243     2.5458    152.750     51.001  49739.336    31.5965     9.5758     50.518    6.51440     9.5703    24.3650   11.76880 7.5529e-02 0.0000e+00
        613 207.467234    0.04250     2.5500    153.000     51.142  49739.407    31.5965     9.5758     50.658    6.51440     9.5703    24.3650   11.76880 7.4604e-02 0.0000e+00
        614 207.467237    0.04257     2.5542    153.250     51.257  49739.532    31.5966     9.5758     50.772    6.51440     9.5703    24.3650   11.76879 7.3886e-02 0.0000e+00
        615 207.467240    0.04264     2.5583    153.500     51.363  49739.683    31.5967     9.5758     50.876    6.51439     9.5704    24.3651   11.76878 7.3222e-02 0.0000e+00
        616 207.467242    0.04271     2.5625    153.750     51.476  49739.795    31.5967     9.5759     50.989    6.51438     9.5704    24.3651   11.76877 7.2517e-02 0.0000e+00
        617 207.467245    0.04278     2.5667    154.000     51.609  49739.876    31.5967     9.5759     51.120    6.51438     9.5704    24.3651   11.76877 7.1756e-02 0.0000e+00
        618 207.467248    0.04285     2.5708    154.250     51.762  49739.970    31.5967     9.5759     51.272    6.51438     9.5704    24.3652   11.76876 7.0943e-02 0.0000e+00
        619 207.467251    0.04292     2.5750    154.500     51.934  49740.064    31.5967     9.5759     51.442    6.51438     9.5704    24.3652   11.76875 7.0064e-02 0.0000e+00
        620 207.467254    0.04299     2.5792    154.750     52.119  49740.184    31.5967     9.5759     51.625    6.51437     9.5704    24.3652   11.76875 6.9171e-02 0.0000e+00
        621 207.467257    0.04306     2.5833    155.000     52.317  49740.356    31.5967     9.5760     51.821    6.51437     9.5704    24.3652   11.76875 6.8284e-02 0.0000e+00
        622 207.467260    0.04312     2.5875    155.250     52.527  49740.529    31.5967     9.5760     52.030    6.51437     9.5704    24.3652   11.76874 6.7383e-02 0.0000e+00
        623 207.467263    0.04319     2.5917    155.500     52.749  49740.690    31.5968     9.5760     52.249    6.51436     9.5704    24.3652   11.76873 6.6479e-02 0.0000e+00
        624 207.467266    0.04326     2.5958    155.750     52.978  49740.863    31.5968     9.5760     52.476    6.51436     9.5704    24.3652   11.76872 6.5620e-02 0.0000e+00
        625 207.467269    0.04333     2.6000    156.000     53.207  49740.983    31.5968     9.5760     52.703    6.51435     9.5704    24.3652   11.76872 6.4814e-02 0.0000e+00
        626 207.467271    0.04340     2.6042    156.250     53.424  49741.010    31.5967     9.5761     52.918    6.51435     9.5704    24.3652   11.76872 6.3986e-02 0.0000e+00
        627 207.467274    0.04347     2.6083    156.500     53.618  49741.026    31.5966     9.5761     53.110    6.51435     9.5704    24.3651   11.76872 6.3192e-02 0.0000e+00
        628 207.467277    0.04354     2.6125    156.750     53.781  49741.113    31.5966     9.5761     53.272    6.51435     9.5704    24.3651   11.76872 6.2535e-02 0.0000e+00
        629 207.467280    0.04361     2.6167    157.000     53.917  49741.279    31.5967     9.5761     53.406    6.51435     9.5704    24.3651   11.76871 6.2012e-02 0.0000e+00
        630 207.467283    0.04368     2.6208    157.250     54.034  49741.470    31.5968     9.5761     53.522    6.51434     9.5704    24.3652   11.76870 6.1586e-02 0.0000e+00
        631 207.467286    0.04375     2.6250    157.500     54.149  49741.610    31.5969     9.5761     53.635    6.51434     9.5704    24.3652   11.76869 6.1184e-02 0.0000e+00
        632 207.467289    0.04382     2.6292    157.750     54.279  49741.671    31.5969     9.5762     53.764    6.51433     9.5704    24.3652   11.76868 6.0717e-02 0.0000e+00
