CTD-processing/allCTD/CNV--turbid/2017_03-28_alongbay_skb06_cast052.cnv
* Sea-Bird SBE19plus Data File:
* FileName = C:\Users\jwschloemer\Documents\CTD Data\2017_03_28_alongbay\2017_03_28_alongbay_cast052.hex
* Software Version 1.59
* Temperature SN =  4141
* Conductivity SN =  4141
* System UpLoad Time = Apr 03 2017 15:22:02
** Cook Inlet LTM Kbay Along Bay
** Date: 2017-03-28
** Station: KB06
** Start Time (AKST): 13:28
** Depth (m): 103
** Comment: R/V Edgecumbe
# nquan = 16
# nvalues = 679                         
# units = specified
# name 0 = scan: Scan Count
# name 1 = timeJ: Julian Days
# name 2 = timeH: Time, Elapsed [hours]
# name 3 = timeM: Time, Elapsed [minutes]
# name 4 = timeS: Time, Elapsed [seconds]
# name 5 = prdM: Pressure, Strain Gauge [db]
# name 6 = specc: Specific Conductance [uS/cm]
# name 7 = sal00: Salinity, Practical [PSU]
# name 8 = tv290C: Temperature [ITS-90, deg C]
# name 9 = depSM: Depth [salt water, m], lat = 59.00
# name 10 = oxsolML/L: Oxygen Saturation, Garcia & Gordon [ml/l]
# name 11 = potemp090C: Potential Temperature [ITS-90, deg C]
# name 12 = sigma-é00: Density [sigma-theta, kg/m^3]
# name 13 = n2satML/L: Nitrogen Saturation [ml/l]
# name 14 = par: PAR/Irradiance, Biospherical/Licor
# name 15 = flag:  0.000e+00
# span 0 =          1,        679       
# span 1 =  87.520394,  87.522355       
# span 2 =    0.00000,    0.04708       
# span 3 =     0.0000,     2.8250       
# span 4 =      0.000,    169.500       
# span 5 =     -0.122,     86.082       
# span 6 =   8682.296,  52233.366       
# span 7 =     4.9519,    32.0488       
# span 8 =     2.0379,     3.2707       
# span 9 =     -0.121,     85.260       
# span 10 =    7.52399,    9.36344      
# span 11 =     2.0793,     3.2658      
# span 12 =     3.9201,    25.5070      
# span 13 =   13.43132,   16.89567      
# span 14 = 4.3031e-02, 4.2922e+02      
# span 15 = 0.0000e+00, 0.0000e+00      
# interval = seconds: 0.25
# start_time = Mar 28 2017 12:29:22 [Instrument's time stamp, header]
# bad_flag = -9.990e-29
*END*
[from data line 543]
        544  87.521965    0.03771     2.2625    135.750     60.228  52144.641    32.0378     3.2372     59.657    7.53078     3.2351    25.5010   13.44264 4.3775e-02 0.0000e+00
        545  87.521968    0.03778     2.2667    136.000     60.458  52146.095    32.0388     3.2378     59.884    7.53061     3.2363    25.5017   13.44235 4.3797e-02 0.0000e+00
        546  87.521970    0.03785     2.2708    136.250     60.691  52148.426    32.0405     3.2386     60.115    7.53037     3.2380    25.5030   13.44193 4.3798e-02 0.0000e+00
        547  87.521973    0.03792     2.2750    136.500     60.924  52150.664    32.0422     3.2398     60.346    7.53005     3.2398    25.5043   13.44139 4.3769e-02 0.0000e+00
        548  87.521976    0.03799     2.2792    136.750     61.156  52151.644    32.0432     3.2415     60.576    7.52969     3.2415    25.5049   13.44079 4.3728e-02 0.0000e+00
        549  87.521979    0.03806     2.2833    137.000     61.387  52151.402    32.0434     3.2433     60.804    7.52934     3.2430    25.5049   13.44021 4.3701e-02 0.0000e+00
        550  87.521982    0.03812     2.2875    137.250     61.617  52150.569    32.0432     3.2451     61.031    7.52903     3.2441    25.5046   13.43970 4.3687e-02 0.0000e+00
        551  87.521985    0.03819     2.2917    137.500     61.843  52149.411    32.0426     3.2465     61.256    7.52879     3.2449    25.5040   13.43930 4.3673e-02 0.0000e+00
        552  87.521988    0.03826     2.2958    137.750     62.065  52148.170    32.0420     3.2477     61.475    7.52861     3.2454    25.5034   13.43901 4.3651e-02 0.0000e+00
        553  87.521991    0.03833     2.3000    138.000     62.280  52147.015    32.0413     3.2485     61.689    7.52849     3.2456    25.5028   13.43883 4.3618e-02 0.0000e+00
        554  87.521994    0.03840     2.3042    138.250     62.489  52145.994    32.0406     3.2490     61.896    7.52843     3.2456    25.5022   13.43874 4.3579e-02 0.0000e+00
        555  87.521997    0.03847     2.3083    138.500     62.693  52144.986    32.0399     3.2492     62.098    7.52842     3.2453    25.5016   13.43873 4.3538e-02 0.0000e+00
        556  87.521999    0.03854     2.3125    138.750     62.895  52143.740    32.0390     3.2492     62.297    7.52847     3.2448    25.5009   13.43882 4.3490e-02 0.0000e+00
        557  87.522002    0.03861     2.3167    139.000     63.098  52142.624    32.0380     3.2489     62.499    7.52857     3.2441    25.5002   13.43900 4.3433e-02 0.0000e+00
        558  87.522005    0.03868     2.3208    139.250     63.304  52142.230    32.0375     3.2484     62.703    7.52870     3.2434    25.4998   13.43922 4.3365e-02 0.0000e+00
        559  87.522008    0.03875     2.3250    139.500     63.514  52142.554    32.0375     3.2477     62.911    7.52883     3.2429    25.4998   13.43944 4.3300e-02 0.0000e+00
        560  87.522011    0.03882     2.3292    139.750     63.725  52143.273    32.0377     3.2471     63.120    7.52894     3.2425    25.5000   13.43962 4.3255e-02 0.0000e+00
        561  87.522014    0.03889     2.3333    140.000     63.934  52144.004    32.0379     3.2466     63.326    7.52902     3.2422    25.5003   13.43975 4.3239e-02 0.0000e+00
        562  87.522017    0.03896     2.3375    140.250     64.138  52144.422    32.0380     3.2462     63.529    7.52909     3.2418    25.5004   13.43987 4.3246e-02 0.0000e+00
        563  87.522020    0.03903     2.3417    140.500     64.341  52144.481    32.0378     3.2459     63.730    7.52916     3.2415    25.5003   13.43998 4.3259e-02 0.0000e+00
        564  87.522023    0.03910     2.3458    140.750     64.545  52144.412    32.0376     3.2456     63.932    7.52922     3.2412    25.5001   13.44009 4.3259e-02 0.0000e+00
        565  87.522025    0.03917     2.3500    141.000     64.755  52144.456    32.0374     3.2453     64.140    7.52929     3.2409    25.5000   13.44020 4.3233e-02 0.0000e+00
        566  87.522028    0.03924     2.3542    141.250     64.971  52144.746    32.0374     3.2450     64.354    7.52935     3.2407    25.5000   13.44030 4.3221e-02 0.0000e+00
        567  87.522031    0.03931     2.3583    141.500     65.189  52145.361    32.0376     3.2447     64.570    7.52939     3.2407    25.5002   13.44037 4.3230e-02 0.0000e+00
        568  87.522034    0.03938     2.3625    141.750     65.404  52146.316    32.0381     3.2445     64.783    7.52940     3.2408    25.5006   13.44037 4.3218e-02 0.0000e+00
        569  87.522037    0.03944     2.3667    142.000     65.610  52147.361    32.0387     3.2445     64.986    7.52937     3.2411    25.5011   13.44032 4.3198e-02 0.0000e+00
        570  87.522040    0.03951     2.3708    142.250     65.802  52148.205    32.0392     3.2447     65.176    7.52931     3.2416    25.5015   13.44021 4.3199e-02 0.0000e+00
        571  87.522043    0.03958     2.3750    142.500     65.982  52148.983    32.0398     3.2450     65.354    7.52922     3.2421    25.5019   13.44005 4.3206e-02 0.0000e+00
        572  87.522046    0.03965     2.3792    142.750     66.158  52149.905    32.0404     3.2455     65.529    7.52910     3.2428    25.5024   13.43985 4.3208e-02 0.0000e+00
        573  87.522049    0.03972     2.3833    143.000     66.340  52150.879    32.0411     3.2460     65.709    7.52896     3.2436    25.5029   13.43961 4.3227e-02 0.0000e+00
        574  87.522052    0.03979     2.3875    143.250     66.534  52151.708    32.0418     3.2467     65.901    7.52880     3.2444    25.5034   13.43933 4.3244e-02 0.0000e+00
        575  87.522054    0.03986     2.3917    143.500     66.742  52152.241    32.0423     3.2475     66.107    7.52863     3.2452    25.5037   13.43905 4.3233e-02 0.0000e+00
        576  87.522057    0.03993     2.3958    143.750     66.957  52152.453    32.0425     3.2483     66.320    7.52847     3.2458    25.5038   13.43877 4.3248e-02 0.0000e+00
        577  87.522060    0.04000     2.4000    144.000     67.170  52152.225    32.0425     3.2491     66.531    7.52832     3.2462    25.5036   13.43853 4.3286e-02 0.0000e+00
        578  87.522063    0.04007     2.4042    144.250     67.372  52151.425    32.0420     3.2497     66.731    7.52823     3.2464    25.5032   13.43838 4.3302e-02 0.0000e+00
        579  87.522066    0.04014     2.4083    144.500     67.560  52150.681    32.0415     3.2501     66.918    7.52818     3.2465    25.5028   13.43830 4.3292e-02 0.0000e+00
        580  87.522069    0.04021     2.4125    144.750     67.739  52150.599    32.0414     3.2503     67.094    7.52815     3.2466    25.5027   13.43826 4.3275e-02 0.0000e+00
        581  87.522072    0.04028     2.4167    145.000     67.914  52150.918    32.0416     3.2504     67.268    7.52812     3.2468    25.5028   13.43821 4.3269e-02 0.0000e+00
        582  87.522075    0.04035     2.4208    145.250     68.095  52151.371    32.0418     3.2506     67.447    7.52808     3.2470    25.5030   13.43814 4.3267e-02 0.0000e+00
        583  87.522078    0.04042     2.4250    145.500     68.288  52152.016    32.0422     3.2508     67.638    7.52802     3.2474    25.5033   13.43805 4.3262e-02 0.0000e+00
        584  87.522080    0.04049     2.4292    145.750     68.491  52152.742    32.0426     3.2510     67.840    7.52795     3.2477    25.5036   13.43792 4.3232e-02 0.0000e+00
        585  87.522083    0.04056     2.4333    146.000     68.700  52153.142    32.0429     3.2514     68.047    7.52788     3.2480    25.5038   13.43780 4.3186e-02 0.0000e+00
        586  87.522086    0.04063     2.4375    146.250     68.907  52152.854    32.0427     3.2518     68.252    7.52782     3.2482    25.5036   13.43770 4.3170e-02 0.0000e+00
        587  87.522089    0.04069     2.4417    146.500     69.106  52152.166    32.0422     3.2521     68.449    7.52778     3.2482    25.5032   13.43764 4.3179e-02 0.0000e+00
        588  87.522092    0.04076     2.4458    146.750     69.295  52151.801    32.0419     3.2522     68.636    7.52776     3.2482    25.5029   13.43762 4.3184e-02 0.0000e+00
        589  87.522095    0.04083     2.4500    147.000     69.476  52151.902    32.0419     3.2523     68.815    7.52776     3.2482    25.5029   13.43761 4.3172e-02 0.0000e+00
        590  87.522098    0.04090     2.4542    147.250     69.654  52152.211    32.0420     3.2523     68.991    7.52775     3.2484    25.5030   13.43760 4.3160e-02 0.0000e+00
        591  87.522101    0.04097     2.4583    147.500     69.833  52152.625    32.0422     3.2523     69.169    7.52773     3.2486    25.5032   13.43757 4.3158e-02 0.0000e+00
        592  87.522104    0.04104     2.4625    147.750     70.020  52152.813    32.0422     3.2524     69.354    7.52771     3.2487    25.5032   13.43752 4.3129e-02 0.0000e+00
        593  87.522106    0.04111     2.4667    148.000     70.217  52152.561    32.0420     3.2526     69.548    7.52769     3.2488    25.5031   13.43749 4.3069e-02 0.0000e+00
        594  87.522109    0.04118     2.4708    148.250     70.424  52152.308    32.0418     3.2528     69.753    7.52767     3.2489    25.5029   13.43746 4.3031e-02 0.0000e+00
        595  87.522112    0.04125     2.4750    148.500     70.640  52152.457    32.0418     3.2530     69.967    7.52764     3.2491    25.5029   13.43742 4.3055e-02 0.0000e+00
        596  87.522115    0.04132     2.4792    148.750     70.859  52152.913    32.0420     3.2531     70.184    7.52761     3.2494    25.5030   13.43736 4.3105e-02 0.0000e+00
        597  87.522118    0.04139     2.4833    149.000     71.075  52153.638    32.0425     3.2532     70.398    7.52755     3.2498    25.5033   13.43727 4.3118e-02 0.0000e+00
        598  87.522121    0.04146     2.4875    149.250     71.283  52154.651    32.0431     3.2535     70.604    7.52746     3.2505    25.5038   13.43711 4.3092e-02 0.0000e+00
        599  87.522124    0.04153     2.4917    149.500     71.478  52155.580    32.0438     3.2540     70.797    7.52734     3.2512    25.5043   13.43690 4.3075e-02 0.0000e+00
        600  87.522127    0.04160     2.4958    149.750     71.661  52156.142    32.0442     3.2546     70.978    7.52720     3.2519    25.5046   13.43667 4.3087e-02 0.0000e+00
        601  87.522130    0.04167     2.5000    150.000     71.833  52156.601    32.0446     3.2553     71.149    7.52705     3.2527    25.5049   13.43641 4.3113e-02 0.0000e+00
        602  87.522133    0.04174     2.5042    150.250     72.001  52157.055    32.0450     3.2561     71.315    7.52688     3.2535    25.5052   13.43613 4.3143e-02 0.0000e+00
        603  87.522135    0.04181     2.5083    150.500     72.169  52157.125    32.0452     3.2569     71.482    7.52673     3.2541    25.5052   13.43587 4.3179e-02 0.0000e+00
        604  87.522138    0.04188     2.5125    150.750     72.345  52156.808    32.0451     3.2577     71.656    7.52659     3.2547    25.5051   13.43564 4.3223e-02 0.0000e+00
        605  87.522141    0.04194     2.5167    151.000     72.531  52156.465    32.0449     3.2584     71.841    7.52647     3.2553    25.5049   13.43544 4.3259e-02 0.0000e+00
        606  87.522144    0.04201     2.5208    151.250     72.728  52156.188    32.0448     3.2590     72.036    7.52636     3.2557    25.5047   13.43527 4.3285e-02 0.0000e+00
        607  87.522147    0.04208     2.5250    151.500     72.933  52155.986    32.0447     3.2595     72.239    7.52627     3.2561    25.5046   13.43512 4.3297e-02 0.0000e+00
        608  87.522150    0.04215     2.5292    151.750     73.140  52155.999    32.0447     3.2600     72.444    7.52618     3.2564    25.5046   13.43498 4.3281e-02 0.0000e+00
        609  87.522153    0.04222     2.5333    152.000     73.343  52156.184    32.0449     3.2604     72.644    7.52610     3.2566    25.5046   13.43485 4.3249e-02 0.0000e+00
        610  87.522156    0.04229     2.5375    152.250     73.535  52156.293    32.0449     3.2607     72.834    7.52604     3.2569    25.5046   13.43474 4.3219e-02 0.0000e+00
        611  87.522159    0.04236     2.5417    152.500     73.717  52156.368    32.0449     3.2609     73.015    7.52598     3.2571    25.5046   13.43465 4.3193e-02 0.0000e+00
        612  87.522161    0.04243     2.5458    152.750     73.896  52156.680    32.0451     3.2612     73.192    7.52593     3.2572    25.5048   13.43456 4.3190e-02 0.0000e+00
        613  87.522164    0.04250     2.5500    153.000     74.082  52157.320    32.0455     3.2614     73.377    7.52587     3.2574    25.5051   13.43446 4.3204e-02 0.0000e+00
        614  87.522167    0.04257     2.5542    153.250     74.280  52158.114    32.0460     3.2616     73.573    7.52581     3.2577    25.5054   13.43435 4.3203e-02 0.0000e+00
        615  87.522170    0.04264     2.5583    153.500     74.486  52158.764    32.0464     3.2618     73.776    7.52576     3.2581    25.5057   13.43425 4.3177e-02 0.0000e+00
        616  87.522173    0.04271     2.5625    153.750     74.688  52159.259    32.0467     3.2620     73.977    7.52569     3.2585    25.5060   13.43414 4.3139e-02 0.0000e+00
        617  87.522176    0.04278     2.5667    154.000     74.877  52159.746    32.0470     3.2624     74.164    7.52561     3.2591    25.5062   13.43400 4.3111e-02 0.0000e+00
        618  87.522179    0.04285     2.5708    154.250     75.048  52159.994    32.0473     3.2629     74.332    7.52551     3.2596    25.5063   13.43383 4.3091e-02 0.0000e+00
        619  87.522182    0.04292     2.5750    154.500     75.207  52159.817    32.0472     3.2635     74.490    7.52541     3.2601    25.5062   13.43367 4.3083e-02 0.0000e+00
        620  87.522185    0.04299     2.5792    154.750     75.371  52159.557    32.0471     3.2640     74.652    7.52532     3.2605    25.5061   13.43352 4.3086e-02 0.0000e+00
        621  87.522188    0.04306     2.5833    155.000     75.550  52159.558    32.0471     3.2645     74.829    7.52523     3.2610    25.5061   13.43337 4.3080e-02 0.0000e+00
        622  87.522190    0.04312     2.5875    155.250     75.745  52159.601    32.0472     3.2650     75.023    7.52513     3.2613    25.5061   13.43321 4.3072e-02 0.0000e+00
        623  87.522193    0.04319     2.5917    155.500     75.950  52159.405    32.0470     3.2654     75.226    7.52505     3.2616    25.5059   13.43309 4.3092e-02 0.0000e+00
        624  87.522196    0.04326     2.5958    155.750     76.153  52159.224    32.0469     3.2658     75.427    7.52499     3.2618    25.5058   13.43299 4.3126e-02 0.0000e+00
        625  87.522199    0.04333     2.6000    156.000     76.346  52159.247    32.0469     3.2660     75.618    7.52495     3.2619    25.5058   13.43291 4.3127e-02 0.0000e+00
        626  87.522202    0.04340     2.6042    156.250     76.529  52159.320    32.0469     3.2662     75.800    7.52491     3.2619    25.5058   13.43285 4.3104e-02 0.0000e+00
        627  87.522205    0.04347     2.6083    156.500     76.711  52159.489    32.0469     3.2663     75.981    7.52489     3.2620    25.5058   13.43281 4.3085e-02 0.0000e+00
        628  87.522208    0.04354     2.6125    156.750     76.903  52159.720    32.0470     3.2664     76.170    7.52487     3.2620    25.5058   13.43277 4.3078e-02 0.0000e+00
        629  87.522211    0.04361     2.6167    157.000     77.109  52159.800    32.0470     3.2665     76.374    7.52486     3.2620    25.5058   13.43276 4.3081e-02 0.0000e+00
        630  87.522214    0.04368     2.6208    157.250     77.325  52159.877    32.0469     3.2665     76.588    7.52486     3.2620    25.5058   13.43275 4.3088e-02 0.0000e+00
        631  87.522216    0.04375     2.6250    157.500     77.542  52160.036    32.0469     3.2665     76.803    7.52486     3.2620    25.5058   13.43275 4.3111e-02 0.0000e+00
        632  87.522219    0.04382     2.6292    157.750     77.751  52160.156    32.0469     3.2665     77.009    7.52485     3.2620    25.5058   13.43274 4.3154e-02 0.0000e+00
