CTD-processing/allCTD/CNV--turbid/2017_11-07_alongbay_skb08_cast097.cnv
* Sea-Bird SBE19plus Data File:
* FileName = C:\Users\Kim.Powell\Desktop\Not Processed\2017\2017_11-07_AlongBay,T9_4141\2017_11-07_TRANSECT_STATION_cast097.hex
* Software Version 1.59
* Temperature SN =  4141
* Conductivity SN =  4141
* System UpLoad Time = Nov 09 2017 10:27:02
** 2017_11-07
** Station: KB08
** Start Time: 11:54
** Depth (m): 80.8
** Comment: Edgecumbe
** Comment: CTD time 1 hr off for daylight savings time
# nquan = 16
# nvalues = 716                         
# units = specified
# name 0 = scan: Scan Count
# name 1 = timeJ: Julian Days
# name 2 = timeH: Time, Elapsed [hours]
# name 3 = timeM: Time, Elapsed [minutes]
# name 4 = timeS: Time, Elapsed [seconds]
# name 5 = prdM: Pressure, Strain Gauge [db]
# name 6 = specc: Specific Conductance [uS/cm]
# name 7 = sal00: Salinity, Practical [PSU]
# name 8 = tv290C: Temperature [ITS-90, deg C]
# name 9 = depSM: Depth [salt water, m], lat = 59.00
# name 10 = oxsolML/L: Oxygen Saturation, Garcia & Gordon [ml/l]
# name 11 = potemp090C: Potential Temperature [ITS-90, deg C]
# name 12 = sigma-é00: Density [sigma-theta, kg/m^3]
# name 13 = n2satML/L: Nitrogen Saturation [ml/l]
# name 14 = par: PAR/Irradiance, Biospherical/Licor
# name 15 = flag:  0.000e+00
# span 0 =          1,        716       
# span 1 = 311.537778, 311.539847       
# span 2 =    0.00000,    0.04965       
# span 3 =     0.0000,     2.9792       
# span 4 =      0.000,    178.750       
# span 5 =      0.738,     78.936       
# span 6 =  47918.955,  49173.100       
# span 7 =    30.1950,    30.9571       
# span 8 =     7.3434,     9.0077       
# span 9 =      0.731,     78.183       
# span 10 =    6.63118,    6.89386      
# span 11 =     7.3433,     8.9998      
# span 12 =    23.4294,    24.1309      
# span 13 =   11.97188,   12.40888      
# span 14 = 3.6382e-02, 5.9435e+01      
# span 15 = 0.0000e+00, 0.0000e+00      
# interval = seconds: 0.25
# start_time = Nov 07 2017 12:54:24 [Instrument's time stamp, header]
# bad_flag = -9.990e-29
*END*
[from data line 452]
        453 311.539086    0.03139     1.8833    113.000     27.148  48535.901    30.6503     8.7673     26.892    6.67307     8.7719    23.7494   12.04299 2.8839e-01 0.0000e+00
        454 311.539089    0.03146     1.8875    113.250     27.365  48538.302    30.6523     8.7709     27.107    6.67245     8.7757    23.7505   12.04195 2.7578e-01 0.0000e+00
        455 311.539091    0.03153     1.8917    113.500     27.579  48540.076    30.6540     8.7746     27.319    6.67182     8.7793    23.7512   12.04088 2.6378e-01 0.0000e+00
        456 311.539094    0.03160     1.8958    113.750     27.785  48540.745    30.6549     8.7784     27.523    6.67121     8.7826    23.7514   12.03986 2.5269e-01 0.0000e+00
        457 311.539097    0.03167     1.9000    114.000     27.980  48540.911    30.6555     8.7821     27.717    6.67064     8.7856    23.7513   12.03891 2.4254e-01 0.0000e+00
        458 311.539100    0.03174     1.9042    114.250     28.167  48541.120    30.6560     8.7854     27.901    6.67012     8.7884    23.7512   12.03804 2.3320e-01 0.0000e+00
        459 311.539103    0.03181     1.9083    114.500     28.349  48541.873    30.6569     8.7884     28.082    6.66963     8.7911    23.7514   12.03722 2.2432e-01 0.0000e+00
        460 311.539106    0.03188     1.9125    114.750     28.535  48543.360    30.6582     8.7912     28.266    6.66916     8.7939    23.7521   12.03642 2.1555e-01 0.0000e+00
        461 311.539109    0.03194     1.9167    115.000     28.732  48545.483    30.6600     8.7939     28.461    6.66867     8.7970    23.7531   12.03559 2.0666e-01 0.0000e+00
        462 311.539112    0.03201     1.9208    115.250     28.942  48548.420    30.6623     8.7968     28.669    6.66814     8.8003    23.7545   12.03469 1.9765e-01 0.0000e+00
        463 311.539115    0.03208     1.9250    115.500     29.162  48551.867    30.6651     8.7999     28.887    6.66757     8.8039    23.7562   12.03370 1.8877e-01 0.0000e+00
        464 311.539117    0.03215     1.9292    115.750     29.384  48555.031    30.6677     8.8032     29.107    6.66695     8.8077    23.7577   12.03265 1.8034e-01 0.0000e+00
        465 311.539120    0.03222     1.9333    116.000     29.599  48557.640    30.6699     8.8068     29.321    6.66631     8.8114    23.7590   12.03157 1.7256e-01 0.0000e+00
        466 311.539123    0.03229     1.9375    116.250     29.804  48559.765    30.6719     8.8106     29.524    6.66567     8.8150    23.7599   12.03048 1.6550e-01 0.0000e+00
        467 311.539126    0.03236     1.9417    116.500     29.999  48561.543    30.6736     8.8144     29.716    6.66504     8.8184    23.7607   12.02941 1.5908e-01 0.0000e+00
        468 311.539129    0.03243     1.9458    116.750     30.186  48563.264    30.6752     8.8180     29.902    6.66443     8.8216    23.7614   12.02838 1.5309e-01 0.0000e+00
        469 311.539132    0.03250     1.9500    117.000     30.372  48565.021    30.6768     8.8214     30.086    6.66385     8.8247    23.7622   12.02741 1.4737e-01 0.0000e+00
        470 311.539135    0.03257     1.9542    117.250     30.563  48566.814    30.6785     8.8246     30.275    6.66330     8.8276    23.7630   12.02647 1.4177e-01 0.0000e+00
        471 311.539138    0.03264     1.9583    117.500     30.767  48568.617    30.6801     8.8277     30.477    6.66277     8.8305    23.7638   12.02557 1.3612e-01 0.0000e+00
        472 311.539141    0.03271     1.9625    117.750     30.986  48570.445    30.6817     8.8307     30.694    6.66225     8.8334    23.7646   12.02469 1.3041e-01 0.0000e+00
        473 311.539144    0.03278     1.9667    118.000     31.215  48572.739    30.6836     8.8336     30.920    6.66173     8.8363    23.7656   12.02381 1.2479e-01 0.0000e+00
        474 311.539146    0.03285     1.9708    118.250     31.442  48575.224    30.6856     8.8365     31.145    6.66121     8.8391    23.7668   12.02292 1.1947e-01 0.0000e+00
        475 311.539149    0.03292     1.9750    118.500     31.656  48576.824    30.6871     8.8394     31.357    6.66072     8.8416    23.7675   12.02209 1.1469e-01 0.0000e+00
        476 311.539152    0.03299     1.9792    118.750     31.853  48577.604    30.6879     8.8423     31.552    6.66026     8.8439    23.7678   12.02132 1.1053e-01 0.0000e+00
        477 311.539155    0.03306     1.9833    119.000     32.037  48578.444    30.6888     8.8448     31.735    6.65984     8.8461    23.7681   12.02062 1.0683e-01 0.0000e+00
        478 311.539158    0.03313     1.9875    119.250     32.218  48580.142    30.6902     8.8471     31.914    6.65943     8.8486    23.7689   12.01992 1.0338e-01 0.0000e+00
        479 311.539161    0.03319     1.9917    119.500     32.408  48583.613    30.6929     8.8494     32.103    6.65899     8.8516    23.7706   12.01915 9.9996e-02 0.0000e+00
        480 311.539164    0.03326     1.9958    119.750     32.615  48589.274    30.6971     8.8518     32.308    6.65844     8.8555    23.7735   12.01819 9.6551e-02 0.0000e+00
        481 311.539167    0.03333     2.0000    120.000     32.839  48596.082    30.7022     8.8549     32.530    6.65776     8.8602    23.7771   12.01701 9.2938e-02 0.0000e+00
        482 311.539170    0.03340     2.0042    120.250     33.075  48603.006    30.7075     8.8588     32.763    6.65695     8.8659    23.7806   12.01561 8.9250e-02 0.0000e+00
        483 311.539172    0.03347     2.0083    120.500     33.310  48610.999    30.7137     8.8636     32.996    6.65598     8.8728    23.7847   12.01392 8.5708e-02 0.0000e+00
        484 311.539175    0.03354     2.0125    120.750     33.534  48621.402    30.7217     8.8693     33.217    6.65479     8.8810    23.7901   12.01185 8.2464e-02 0.0000e+00
        485 311.539178    0.03361     2.0167    121.000     33.741  48632.624    30.7304     8.8762     33.423    6.65338     8.8899    23.7959   12.00941 7.9614e-02 0.0000e+00
        486 311.539181    0.03368     2.0208    121.250     33.935  48640.678    30.7371     8.8844     33.615    6.65187     8.8985    23.7999   12.00682 7.7108e-02 0.0000e+00
        487 311.539184    0.03375     2.0250    121.500     34.125  48644.026    30.7406     8.8933     33.803    6.65040     8.9060    23.8014   12.00434 7.4767e-02 0.0000e+00
        488 311.539187    0.03382     2.0292    121.750     34.323  48644.366    30.7420     8.9019     33.999    6.64906     8.9123    23.8011   12.00211 7.2516e-02 0.0000e+00
        489 311.539190    0.03389     2.0333    122.000     34.535  48643.521    30.7423     8.9095     34.209    6.64792     8.9174    23.8003   12.00022 7.0341e-02 0.0000e+00
        490 311.539193    0.03396     2.0375    122.250     34.760  48642.565    30.7425     8.9158     34.433    6.64697     8.9215    23.7995   11.99865 6.8205e-02 0.0000e+00
        491 311.539196    0.03403     2.0417    122.500     34.992  48641.921    30.7426     8.9209     34.662    6.64621     8.9246    23.7988   11.99739 6.6139e-02 0.0000e+00
        492 311.539198    0.03410     2.0458    122.750     35.220  48641.310    30.7427     8.9250     34.887    6.64560     8.9270    23.7982   11.99638 6.4179e-02 0.0000e+00
        493 311.539201    0.03417     2.0500    123.000     35.436  48640.424    30.7424     8.9282     35.102    6.64514     8.9287    23.7975   11.99562 6.2370e-02 0.0000e+00
        494 311.539204    0.03424     2.0542    123.250     35.639  48639.425    30.7419     8.9306     35.302    6.64480     8.9299    23.7968   11.99506 6.0762e-02 0.0000e+00
        495 311.539207    0.03431     2.0583    123.500     35.831  48638.653    30.7415     8.9323     35.493    6.64456     8.9306    23.7963   11.99467 5.9337e-02 0.0000e+00
        496 311.539210    0.03438     2.0625    123.750     36.019  48638.364    30.7414     8.9335     35.679    6.64440     8.9310    23.7960   11.99440 5.8028e-02 0.0000e+00
        497 311.539213    0.03444     2.0667    124.000     36.209  48638.668    30.7416     8.9342     35.867    6.64428     8.9314    23.7960   11.99420 5.6775e-02 0.0000e+00
        498 311.539216    0.03451     2.0708    124.250     36.407  48639.311    30.7421     8.9347     36.063    6.64419     8.9317    23.7963   11.99405 5.5545e-02 0.0000e+00
        499 311.539219    0.03458     2.0750    124.500     36.616  48640.009    30.7425     8.9350     36.270    6.64411     8.9320    23.7966   11.99392 5.4304e-02 0.0000e+00
        500 311.539222    0.03465     2.0792    124.750     36.836  48640.748    30.7430     8.9354     36.488    6.64404     8.9322    23.7969   11.99380 5.3079e-02 0.0000e+00
        501 311.539225    0.03472     2.0833    125.000     37.063  48641.326    30.7434     8.9357     36.713    6.64398     8.9324    23.7972   11.99369 5.1961e-02 0.0000e+00
        502 311.539227    0.03479     2.0875    125.250     37.289  48641.660    30.7436     8.9360     36.936    6.64394     8.9324    23.7973   11.99361 5.0955e-02 0.0000e+00
        503 311.539230    0.03486     2.0917    125.500     37.505  48641.915    30.7437     8.9362     37.150    6.64391     8.9323    23.7974   11.99355 5.0016e-02 0.0000e+00
        504 311.539233    0.03493     2.0958    125.750     37.705  48642.134    30.7437     8.9362     37.349    6.64390     8.9321    23.7974   11.99353 4.9167e-02 0.0000e+00
        505 311.539236    0.03500     2.1000    126.000     37.890  48642.443    30.7439     8.9362     37.532    6.64390     8.9319    23.7975   11.99354 4.8420e-02 0.0000e+00
        506 311.539239    0.03507     2.1042    126.250     38.067  48642.956    30.7441     8.9360     37.708    6.64391     8.9316    23.7977   11.99356 4.7732e-02 0.0000e+00
        507 311.539242    0.03514     2.1083    126.500     38.248  48643.596    30.7445     8.9358     37.888    6.64393     8.9313    23.7980   11.99358 4.7054e-02 0.0000e+00
        508 311.539245    0.03521     2.1125    126.750     38.444  48644.052    30.7447     8.9355     38.082    6.64396     8.9310    23.7982   11.99363 4.6341e-02 0.0000e+00
        509 311.539248    0.03528     2.1167    127.000     38.659  48644.204    30.7446     8.9352     38.294    6.64400     8.9305    23.7983   11.99370 4.5612e-02 0.0000e+00
        510 311.539251    0.03535     2.1208    127.250     38.889  48644.498    30.7447     8.9348     38.522    6.64405     8.9301    23.7984   11.99379 4.4944e-02 0.0000e+00
        511 311.539253    0.03542     2.1250    127.500     39.123  48645.152    30.7450     8.9345     38.754    6.64410     8.9298    23.7987   11.99386 4.4367e-02 0.0000e+00
        512 311.539256    0.03549     2.1292    127.750     39.348  48645.889    30.7454     8.9341     38.977    6.64414     8.9295    23.7990   11.99392 4.3842e-02 0.0000e+00
        513 311.539259    0.03556     2.1333    128.000     39.559  48646.539    30.7457     8.9338     39.186    6.64417     8.9293    23.7993   11.99397 4.3337e-02 0.0000e+00
        514 311.539262    0.03562     2.1375    128.250     39.754  48647.097    30.7460     8.9335     39.378    6.64420     8.9291    23.7996   11.99401 4.2873e-02 0.0000e+00
        515 311.539265    0.03569     2.1417    128.500     39.936  48647.521    30.7462     8.9333     39.559    6.64422     8.9290    23.7998   11.99405 4.2464e-02 0.0000e+00
        516 311.539268    0.03576     2.1458    128.750     40.115  48647.747    30.7462     8.9332     39.736    6.64424     8.9289    23.7998   11.99408 4.2088e-02 0.0000e+00
        517 311.539271    0.03583     2.1500    129.000     40.299  48647.922    30.7462     8.9331     39.918    6.64426     8.9289    23.7999   11.99411 4.1714e-02 0.0000e+00
        518 311.539274    0.03590     2.1542    129.250     40.493  48648.306    30.7464     8.9330     40.110    6.64426     8.9289    23.8000   11.99411 4.1320e-02 0.0000e+00
        519 311.539277    0.03597     2.1583    129.500     40.700  48648.852    30.7467     8.9330     40.315    6.64424     8.9290    23.8003   11.99408 4.0942e-02 0.0000e+00
        520 311.539280    0.03604     2.1625    129.750     40.915  48649.386    30.7470     8.9331     40.528    6.64422     8.9292    23.8005   11.99404 4.0628e-02 0.0000e+00
        521 311.539282    0.03611     2.1667    130.000     41.128  48649.927    30.7473     8.9332     40.739    6.64419     8.9294    23.8007   11.99399 4.0334e-02 0.0000e+00
        522 311.539285    0.03618     2.1708    130.250     41.330  48650.567    30.7477     8.9333     40.939    6.64415     8.9297    23.8010   11.99391 4.0017e-02 0.0000e+00
        523 311.539288    0.03625     2.1750    130.500     41.518  48651.415    30.7482     8.9336     41.125    6.64409     8.9301    23.8014   11.99381 3.9706e-02 0.0000e+00
        524 311.539291    0.03632     2.1792    130.750     41.694  48652.409    30.7489     8.9339     41.299    6.64401     8.9306    23.8019   11.99367 3.9422e-02 0.0000e+00
        525 311.539294    0.03639     2.1833    131.000     41.864  48653.340    30.7495     8.9343     41.468    6.64392     8.9312    23.8023   11.99351 3.9168e-02 0.0000e+00
        526 311.539297    0.03646     2.1875    131.250     42.040  48654.414    30.7503     8.9349     41.642    6.64381     8.9321    23.8029   11.99333 3.8935e-02 0.0000e+00
        527 311.539300    0.03653     2.1917    131.500     42.228  48655.574    30.7511     8.9355     41.828    6.64368     8.9330    23.8034   11.99310 3.8708e-02 0.0000e+00
        528 311.539303    0.03660     2.1958    131.750     42.432  48656.227    30.7516     8.9364     42.031    6.64353     8.9339    23.8036   11.99285 3.8520e-02 0.0000e+00
        529 311.539306    0.03667     2.2000    132.000     42.649  48656.362    30.7517     8.9373     42.246    6.64339     8.9347    23.8036   11.99260 3.8376e-02 0.0000e+00
        530 311.539308    0.03674     2.2042    132.250     42.870  48656.301    30.7517     8.9382     42.465    6.64325     8.9355    23.8035   11.99237 3.8193e-02 0.0000e+00
        531 311.539311    0.03681     2.2083    132.500     43.082  48656.252    30.7517     8.9391     42.675    6.64313     8.9361    23.8033   11.99217 3.7962e-02 0.0000e+00
        532 311.539314    0.03687     2.2125    132.750     43.278  48656.412    30.7519     8.9398     42.868    6.64301     8.9368    23.8033   11.99198 3.7746e-02 0.0000e+00
        533 311.539317    0.03694     2.2167    133.000     43.456  48656.864    30.7522     8.9405     43.045    6.64290     8.9374    23.8035   11.99178 3.7561e-02 0.0000e+00
        534 311.539320    0.03701     2.2208    133.250     43.625  48657.308    30.7525     8.9412     43.213    6.64278     8.9379    23.8036   11.99159 3.7396e-02 0.0000e+00
        535 311.539323    0.03708     2.2250    133.500     43.795  48657.388    30.7526     8.9418     43.380    6.64268     8.9383    23.8036   11.99142 3.7246e-02 0.0000e+00
        536 311.539326    0.03715     2.2292    133.750     43.974  48657.364    30.7526     8.9424     43.558    6.64260     8.9388    23.8035   11.99129 3.7100e-02 0.0000e+00
        537 311.539329    0.03722     2.2333    134.000     44.169  48657.744    30.7528     8.9428     43.752    6.64252     8.9393    23.8036   11.99115 3.6958e-02 0.0000e+00
        538 311.539332    0.03729     2.2375    134.250     44.378  48658.609    30.7534     8.9433     43.958    6.64243     8.9400    23.8040   11.99099 3.6831e-02 0.0000e+00
        539 311.539334    0.03736     2.2417    134.500     44.593  48659.520    30.7541     8.9439     44.171    6.64232     8.9407    23.8044   11.99080 3.6711e-02 0.0000e+00
        540 311.539337    0.03743     2.2458    134.750     44.807  48659.982    30.7544     8.9446     44.383    6.64220     8.9414    23.8046   11.99060 3.6603e-02 0.0000e+00
        541 311.539340    0.03750     2.2500    135.000     45.015  48660.039    30.7545     8.9453     44.589    6.64209     8.9419    23.8045   11.99042 3.6527e-02 0.0000e+00
        542 311.539343    0.03757     2.2542    135.250     45.217  48660.146    30.7545     8.9459     44.789    6.64199     8.9424    23.8045   11.99025 3.6478e-02 0.0000e+00
