CTD-processing/allCTD/CNV--turbid/2017_08-24_alongbay_skb11_cast003.cnv
* Sea-Bird SBE19plus Data File:
* FileName = C:\Users\Kim.Powell\Desktop\Not Processed\2017\2017_08\2017_08-24_TRANSECT_STATION_cast003.hex
* Software Version 1.59
* Temperature SN =  4141
* Conductivity SN =  4141
* System UpLoad Time = Sep 22 2017 08:20:30
** 2017_08-24
** Station: KB11
** Start Time: 14:35
** Depth (m): 55
** Comment:Edgecumbe
** Comment:
# nquan = 16
# nvalues = 613                         
# units = specified
# name 0 = scan: Scan Count
# name 1 = timeJ: Julian Days
# name 2 = timeH: Time, Elapsed [hours]
# name 3 = timeM: Time, Elapsed [minutes]
# name 4 = timeS: Time, Elapsed [seconds]
# name 5 = prdM: Pressure, Strain Gauge [db]
# name 6 = specc: Specific Conductance [uS/cm]
# name 7 = sal00: Salinity, Practical [PSU]
# name 8 = tv290C: Temperature [ITS-90, deg C]
# name 9 = depSM: Depth [salt water, m], lat = 59.00
# name 10 = oxsolML/L: Oxygen Saturation, Garcia & Gordon [ml/l]
# name 11 = potemp090C: Potential Temperature [ITS-90, deg C]
# name 12 = sigma-é00: Density [sigma-theta, kg/m^3]
# name 13 = n2satML/L: Nitrogen Saturation [ml/l]
# name 14 = par: PAR/Irradiance, Biospherical/Licor
# name 15 = flag:  0.000e+00
# span 0 =          1,        613       
# span 1 = 236.607431, 236.609201       
# span 2 =    0.00000,    0.04250       
# span 3 =     0.0000,     2.5500       
# span 4 =      0.000,    153.000       
# span 5 =      0.783,     52.914       
# span 6 =  41753.192,  49385.618       
# span 7 =    26.1672,    31.3684       
# span 8 =     9.7417,    11.0368       
# span 9 =      0.775,     52.412       
# span 10 =    6.41429,    6.58021      
# span 11 =     9.7360,    11.0365      
# span 12 =    19.9563,    24.1604      
# span 13 =   11.62717,   11.94379      
# span 14 = 5.2526e-02, 7.9545e+01      
# span 15 = 0.0000e+00, 0.0000e+00      
# interval = seconds: 0.25
# start_time = Aug 24 2017 14:34:42 [Instrument's time stamp, header]
# bad_flag = -9.990e-29
*END*
[from data line 543]
        544 236.609002    0.03771     2.2625    135.750     40.519  49348.909    31.3568     9.8106     40.137    6.49085     9.8048    24.1401   11.73269 5.2859e-02 0.0000e+00
        545 236.609005    0.03778     2.2667    136.000     40.700  49349.617    31.3571     9.8099     40.316    6.49093     9.8042    24.1404   11.73282 5.2850e-02 0.0000e+00
        546 236.609008    0.03785     2.2708    136.250     40.875  49350.324    31.3575     9.8093     40.489    6.49101     9.8037    24.1408   11.73294 5.2847e-02 0.0000e+00
        547 236.609010    0.03792     2.2750    136.500     41.048  49351.004    31.3578     9.8086     40.660    6.49108     9.8032    24.1412   11.73306 5.2843e-02 0.0000e+00
        548 236.609013    0.03799     2.2792    136.750     41.226  49351.571    31.3580     9.8081     40.836    6.49115     9.8029    24.1415   11.73316 5.2829e-02 0.0000e+00
        549 236.609016    0.03806     2.2833    137.000     41.412  49351.973    31.3582     9.8077     41.021    6.49120     9.8027    24.1416   11.73325 5.2800e-02 0.0000e+00
        550 236.609019    0.03812     2.2875    137.250     41.607  49352.225    31.3583     9.8074     41.214    6.49124     9.8024    24.1417   11.73332 5.2779e-02 0.0000e+00
        551 236.609022    0.03819     2.2917    137.500     41.808  49352.396    31.3583     9.8071     41.413    6.49127     9.8022    24.1418   11.73337 5.2778e-02 0.0000e+00
        552 236.609025    0.03826     2.2958    137.750     42.010  49352.555    31.3583     9.8070     41.613    6.49130     9.8019    24.1418   11.73341 5.2769e-02 0.0000e+00
        553 236.609028    0.03833     2.3000    138.000     42.207  49352.746    31.3583     9.8068     41.808    6.49133     9.8015    24.1419   11.73346 5.2744e-02 0.0000e+00
        554 236.609031    0.03840     2.3042    138.250     42.398  49353.001    31.3583     9.8065     41.997    6.49136     9.8010    24.1420   11.73351 5.2725e-02 0.0000e+00
        555 236.609034    0.03847     2.3083    138.500     42.584  49353.369    31.3585     9.8061     42.181    6.49141     9.8005    24.1421   11.73359 5.2711e-02 0.0000e+00
        556 236.609036    0.03854     2.3125    138.750     42.768  49353.758    31.3586     9.8057     42.363    6.49147     9.7998    24.1423   11.73369 5.2694e-02 0.0000e+00
        557 236.609039    0.03861     2.3167    139.000     42.954  49353.942    31.3586     9.8052     42.547    6.49154     9.7987    24.1424   11.73381 5.2682e-02 0.0000e+00
        558 236.609042    0.03868     2.3208    139.250     43.144  49354.059    31.3585     9.8045     42.736    6.49165     9.7974    24.1424   11.73399 5.2680e-02 0.0000e+00
        559 236.609045    0.03875     2.3250    139.500     43.337  49354.513    31.3586     9.8034     42.928    6.49179     9.7959    24.1427   11.73422 5.2690e-02 0.0000e+00
        560 236.609048    0.03882     2.3292    139.750     43.529  49355.471    31.3590     9.8021     43.118    6.49196     9.7946    24.1432   11.73450 5.2698e-02 0.0000e+00
        561 236.609051    0.03889     2.3333    140.000     43.717  49356.812    31.3597     9.8007     43.304    6.49214     9.7935    24.1440   11.73478 5.2688e-02 0.0000e+00
        562 236.609054    0.03896     2.3375    140.250     43.902  49358.180    31.3604     9.7994     43.487    6.49230     9.7925    24.1448   11.73503 5.2664e-02 0.0000e+00
        563 236.609057    0.03903     2.3417    140.500     44.086  49359.210    31.3609     9.7982     43.669    6.49244     9.7915    24.1453   11.73526 5.2641e-02 0.0000e+00
        564 236.609060    0.03910     2.3458    140.750     44.272  49359.806    31.3612     9.7973     43.853    6.49257     9.7905    24.1456   11.73548 5.2628e-02 0.0000e+00
        565 236.609062    0.03917     2.3500    141.000     44.459  49360.149    31.3612     9.7963     44.039    6.49270     9.7894    24.1458   11.73569 5.2626e-02 0.0000e+00
        566 236.609065    0.03924     2.3542    141.250     44.648  49360.350    31.3611     9.7954     44.226    6.49284     9.7881    24.1460   11.73592 5.2640e-02 0.0000e+00
        567 236.609068    0.03931     2.3583    141.500     44.836  49360.321    31.3609     9.7943     44.412    6.49300     9.7864    24.1460   11.73620 5.2654e-02 0.0000e+00
        568 236.609071    0.03938     2.3625    141.750     45.022  49360.180    31.3605     9.7930     44.596    6.49320     9.7844    24.1459   11.73654 5.2647e-02 0.0000e+00
        569 236.609074    0.03944     2.3667    142.000     45.208  49360.288    31.3603     9.7913     44.780    6.49345     9.7823    24.1460   11.73695 5.2626e-02 0.0000e+00
        570 236.609077    0.03951     2.3708    142.250     45.393  49360.786    31.3603     9.7893     44.964    6.49373     9.7801    24.1464   11.73741 5.2611e-02 0.0000e+00
        571 236.609080    0.03958     2.3750    142.500     45.578  49361.546    31.3605     9.7872     45.147    6.49403     9.7781    24.1468   11.73789 5.2613e-02 0.0000e+00
        572 236.609083    0.03965     2.3792    142.750     45.764  49362.617    31.3609     9.7851     45.331    6.49431     9.7762    24.1475   11.73836 5.2608e-02 0.0000e+00
        573 236.609086    0.03972     2.3833    143.000     45.949  49363.994    31.3616     9.7831     45.514    6.49458     9.7746    24.1483   11.73879 5.2592e-02 0.0000e+00
        574 236.609089    0.03979     2.3875    143.250     46.131  49365.383    31.3622     9.7812     45.695    6.49481     9.7731    24.1491   11.73918 5.2592e-02 0.0000e+00
        575 236.609091    0.03986     2.3917    143.500     46.309  49366.493    31.3627     9.7796     45.872    6.49502     9.7718    24.1498   11.73952 5.2607e-02 0.0000e+00
        576 236.609094    0.03993     2.3958    143.750     46.484  49367.208    31.3629     9.7782     46.045    6.49521     9.7705    24.1502   11.73983 5.2616e-02 0.0000e+00
        577 236.609097    0.04000     2.4000    144.000     46.658  49367.693    31.3630     9.7769     46.217    6.49540     9.7693    24.1504   11.74013 5.2625e-02 0.0000e+00
        578 236.609100    0.04007     2.4042    144.250     46.835  49368.114    31.3631     9.7756     46.392    6.49557     9.7679    24.1507   11.74042 5.2647e-02 0.0000e+00
        579 236.609103    0.04014     2.4083    144.500     47.016  49368.486    31.3631     9.7744     46.571    6.49575     9.7664    24.1509   11.74072 5.2675e-02 0.0000e+00
        580 236.609106    0.04021     2.4125    144.750     47.200  49368.692    31.3630     9.7730     46.753    6.49594     9.7646    24.1510   11.74104 5.2675e-02 0.0000e+00
        581 236.609109    0.04028     2.4167    145.000     47.385  49368.783    31.3628     9.7715     46.936    6.49617     9.7626    24.1511   11.74142 5.2636e-02 0.0000e+00
        582 236.609112    0.04035     2.4208    145.250     47.565  49369.265    31.3628     9.7697     47.115    6.49643     9.7607    24.1515   11.74184 5.2576e-02 0.0000e+00
        583 236.609115    0.04042     2.4250    145.500     47.741  49370.431    31.3633     9.7678     47.289    6.49669     9.7591    24.1522   11.74226 5.2531e-02 0.0000e+00
        584 236.609117    0.04049     2.4292    145.750     47.912  49372.097    31.3642     9.7659     47.459    6.49692     9.7580    24.1531   11.74264 5.2526e-02 0.0000e+00
        585 236.609120    0.04056     2.4333    146.000     48.081  49373.895    31.3652     9.7643     47.626    6.49710     9.7574    24.1542   11.74293 5.2537e-02 0.0000e+00
        586 236.609123    0.04063     2.4375    146.250     48.249  49375.530    31.3661     9.7632     47.793    6.49722     9.7571    24.1551   11.74312 5.2552e-02 0.0000e+00
        587 236.609126    0.04069     2.4417    146.500     48.421  49376.775    31.3668     9.7626     47.963    6.49728     9.7571    24.1557   11.74321 5.2580e-02 0.0000e+00
        588 236.609129    0.04076     2.4458    146.750     48.599  49377.344    31.3671     9.7623     48.139    6.49730     9.7571    24.1560   11.74324 5.2608e-02 0.0000e+00
        589 236.609132    0.04083     2.4500    147.000     48.784  49377.323    31.3670     9.7623     48.322    6.49731     9.7570    24.1559   11.74325 5.2623e-02 0.0000e+00
        590 236.609135    0.04090     2.4542    147.250     48.973  49377.037    31.3667     9.7623     48.510    6.49731     9.7567    24.1557   11.74327 5.2631e-02 0.0000e+00
        591 236.609138    0.04097     2.4583    147.500     49.164  49376.528    31.3663     9.7623     48.699    6.49734     9.7560    24.1554   11.74332 5.2645e-02 0.0000e+00
        592 236.609141    0.04104     2.4625    147.750     49.353  49375.804    31.3657     9.7620     48.886    6.49741     9.7551    24.1550   11.74344 5.2647e-02 0.0000e+00
        593 236.609144    0.04111     2.4667    148.000     49.538  49375.267    31.3651     9.7614     49.069    6.49752     9.7540    24.1546   11.74363 5.2630e-02 0.0000e+00
        594 236.609146    0.04118     2.4708    148.250     49.721  49375.276    31.3649     9.7605     49.250    6.49766     9.7528    24.1546   11.74386 5.2624e-02 0.0000e+00
        595 236.609149    0.04125     2.4750    148.500     49.903  49375.732    31.3650     9.7594     49.431    6.49781     9.7516    24.1549   11.74410 5.2629e-02 0.0000e+00
        596 236.609152    0.04132     2.4792    148.750     50.087  49376.302    31.3652     9.7582     49.613    6.49797     9.7504    24.1552   11.74436 5.2624e-02 0.0000e+00
        597 236.609155    0.04139     2.4833    149.000     50.273  49376.785    31.3653     9.7571     49.797    6.49813     9.7492    24.1555   11.74463 5.2623e-02 0.0000e+00
        598 236.609158    0.04146     2.4875    149.250     50.460  49377.302    31.3655     9.7559     49.983    6.49829     9.7480    24.1558   11.74490 5.2654e-02 0.0000e+00
        599 236.609161    0.04153     2.4917    149.500     50.649  49377.962    31.3657     9.7547     50.170    6.49845     9.7469    24.1562   11.74517 5.2701e-02 0.0000e+00
        600 236.609164    0.04160     2.4958    149.750     50.839  49378.719    31.3660     9.7535     50.358    6.49861     9.7459    24.1566   11.74542 5.2720e-02 0.0000e+00
        601 236.609167    0.04167     2.5000    150.000     51.030  49379.412    31.3663     9.7524     50.547    6.49875     9.7449    24.1570   11.74566 5.2722e-02 0.0000e+00
        602 236.609170    0.04174     2.5042    150.250     51.220  49379.948    31.3664     9.7514     50.736    6.49889     9.7440    24.1573   11.74589 5.2729e-02 0.0000e+00
        603 236.609172    0.04181     2.5083    150.500     51.412  49380.502    31.3666     9.7504     50.925    6.49902     9.7430    24.1576   11.74610 5.2739e-02 0.0000e+00
        604 236.609175    0.04188     2.5125    150.750     51.603  49381.081    31.3668     9.7495     51.114    6.49914     9.7420    24.1579   11.74630 5.2759e-02 0.0000e+00
        605 236.609178    0.04194     2.5167    151.000     51.794  49381.422    31.3668     9.7486     51.303    6.49927     9.7409    24.1581   11.74651 5.2777e-02 0.0000e+00
        606 236.609181    0.04201     2.5208    151.250     51.982  49381.504    31.3667     9.7476     51.490    6.49942     9.7397    24.1581   11.74675 5.2766e-02 0.0000e+00
        607 236.609184    0.04208     2.5250    151.500     52.166  49381.624    31.3666     9.7465     51.671    6.49958     9.7384    24.1582   11.74702 5.2725e-02 0.0000e+00
        608 236.609187    0.04215     2.5292    151.750     52.343  49382.158    31.3667     9.7453     51.847    6.49975     9.7373    24.1585   11.74730 5.2686e-02 0.0000e+00
        609 236.609190    0.04222     2.5333    152.000     52.510  49383.177    31.3672     9.7440     52.012    6.49991     9.7366    24.1591   11.74756 5.2680e-02 0.0000e+00
        610 236.609193    0.04229     2.5375    152.250     52.663  49384.260    31.3677     9.7429     52.163    6.50004     9.7361    24.1597   11.74777 5.2695e-02 0.0000e+00
        611 236.609196    0.04236     2.5417    152.500     52.791  49385.051    31.3681     9.7422     52.291    6.50013     9.7360    24.1601   11.74791 5.2714e-02 0.0000e+00
        612 236.609198    0.04243     2.5458    152.750     52.881  49385.488    31.3683     9.7418     52.379    6.50018 -9.990e-29    24.1603   11.74799 5.2725e-02 0.0000e+00
        613 236.609201    0.04250     2.5500    153.000     52.914  49385.618    31.3684     9.7417     52.412    6.50019 -9.990e-29    24.1604   11.74801 5.2723e-02 0.0000e+00
