CTD-processing/allCTD/CNV--turbid/2017_04-19_t3_s01_cast137.cnv
* Sea-Bird SBE19plus Data File:
* FileName = P:\My Documents\kasitsna\Research-KBL\Oceanography-AK\CTD-Data-ALL-to-2017-02\2017-CTD-KachemakBay-CookInlet\2017-04-19-CookInlet-Tran3-AnchorPt\2017-04-19-CookInlet-Tran3-cast137.hex
* Software Version 1.59
* Temperature SN =  4141
* Conductivity SN =  4141
* System UpLoad Time = Apr 20 2017 00:41:32
** Cook Inlet LTM Transect 3 Anchor Pt east to west
** Date: 2017-04-19
** Station: (eg. 9-01): 3-01
** Start time (AKDT): 00:11
** Depth (m): 21
** Comment: R/V Alaska Dreamcatcher
** Comment:
# nquan = 16
# nvalues = 334                         
# units = specified
# name 0 = scan: Scan Count
# name 1 = timeJ: Julian Days
# name 2 = timeH: Time, Elapsed [hours]
# name 3 = timeM: Time, Elapsed [minutes]
# name 4 = timeS: Time, Elapsed [seconds]
# name 5 = prdM: Pressure, Strain Gauge [db]
# name 6 = specc: Specific Conductance [uS/cm]
# name 7 = sal00: Salinity, Practical [PSU]
# name 8 = tv290C: Temperature [ITS-90, deg C]
# name 9 = depSM: Depth [salt water, m], lat = 59.00
# name 10 = oxsolML/L: Oxygen Saturation, Garcia & Gordon [ml/l]
# name 11 = potemp090C: Potential Temperature [ITS-90, deg C]
# name 12 = sigma-é00: Density [sigma-theta, kg/m^3]
# name 13 = n2satML/L: Nitrogen Saturation [ml/l]
# name 14 = par: PAR/Irradiance, Biospherical/Licor
# name 15 = flag:  0.000e+00
# span 0 =          1,        334       
# span 1 = 110.008530, 110.009494       
# span 2 =    0.00000,    0.02313       
# span 3 =     0.0000,     1.3875       
# span 4 =      0.000,     83.250       
# span 5 =     -0.031,     21.754       
# span 6 =    384.227,  50383.632       
# span 7 =     0.1773,    30.6344       
# span 8 =     1.9719,     2.4573       
# span 9 =     -0.031,     21.549       
# span 10 =    7.75833,    9.67300      
# span 11 =     1.9719,     2.4571      
# span 12 =     0.0861,    24.4510      
# span 13 =   13.83802,   17.48751      
# span 14 = 3.6382e-02, 3.4002e-01      
# span 15 = 0.0000e+00, 0.0000e+00      
# interval = seconds: 0.25
# start_time = Apr 20 2017 00:12:17 [Instrument's time stamp, header]
# bad_flag = -9.990e-29
*END*
          1 110.008530    0.00000     0.0000      0.000     -0.031    384.227     0.1773     1.9725     -0.031    9.67300     1.9721     0.0861   17.48751 3.4002e-01 0.0000e+00
          2 110.008533    0.00007     0.0042      0.250     -0.031    405.773     0.1902     1.9723     -0.031    9.67226     1.9719     0.0965   17.48609 3.1971e-01 0.0000e+00
          3 110.008536    0.00014     0.0083      0.500     -0.031    441.930     0.2119     1.9721     -0.031    9.67101     1.9719     0.1138   17.48366 2.9348e-01 0.0000e+00
          4 110.008539    0.00021     0.0125      0.750     -0.031    502.657     0.2482     1.9719     -0.031    9.66885     1.9721     0.1428   17.47950 2.6161e-01 0.0000e+00
          5 110.008542    0.00028     0.0167      1.000     -0.030    604.508     0.3090     1.9719     -0.030    9.66517     1.9728     0.1915   17.47242 2.1494e-01 0.0000e+00
          6 110.008545    0.00035     0.0208      1.250     -0.029    774.933     0.4106     1.9721     -0.029    9.65895     1.9741     0.2729   17.46046 1.6315e-01 0.0000e+00
          7 110.008547    0.00042     0.0250      1.500     -0.027   1059.481     0.5803     1.9728     -0.027    9.64849     1.9766     0.4088   17.44039 1.2230e-01 0.0000e+00
          8 110.008550    0.00049     0.0292      1.750     -0.024   1533.977     0.8632     1.9741     -0.024    9.63099     1.9809     0.6354   17.40682 9.3252e-02 0.0000e+00
          9 110.008553    0.00056     0.0333      2.000     -0.019   2324.898     1.3347     1.9766     -0.019    9.60175     1.9885     1.0130   17.35074 7.3124e-02 0.0000e+00
         10 110.008556    0.00063     0.0375      2.250     -0.011   3643.221     2.1206     1.9809     -0.011    9.55294     2.0015     1.6425   17.25714 5.9557e-02 0.0000e+00
         11 110.008559    0.00069     0.0417      2.500      0.003   5840.679     3.4305     1.9885      0.003    9.47151     2.0233     2.6917   17.10101 5.0594e-02 0.0000e+00
         12 110.008562    0.00076     0.0458      2.750      0.026   9503.449     5.6139     2.0015      0.026    9.33572     2.0588     4.4405   16.84065 4.4941e-02 0.0000e+00
         13 110.008565    0.00083     0.0500      3.000      0.065  15603.482     9.2507     2.0233      0.064    9.10946     2.1090     7.3535   16.40687 4.1518e-02 0.0000e+00
         14 110.008568    0.00090     0.0542      3.250      0.122  24129.670    14.3770     2.0588      0.121    8.79171     2.1675    11.4579   15.79833 3.9464e-02 0.0000e+00
         15 110.008571    0.00097     0.0583      3.500      0.196  32855.926    19.7102     2.1090      0.194    8.46299     2.2258    15.7247   15.17024 3.8231e-02 0.0000e+00
         16 110.008573    0.00104     0.0625      3.750      0.282  39538.230    23.8555     2.1675      0.280    8.20689     2.2781    19.0386   14.68246 3.7491e-02 0.0000e+00
         17 110.008576    0.00111     0.0667      4.000      0.376  43795.487    26.5128     2.2258      0.373    8.03933     2.3207    21.1613   14.36448 3.7048e-02 0.0000e+00
         18 110.008579    0.00118     0.0708      4.250      0.475  46319.050    28.0912     2.2781      0.470    7.93624     2.3529    22.4210   14.16971 3.6781e-02 0.0000e+00
         19 110.008582    0.00125     0.0750      4.500      0.575  47810.704    29.0262     2.3207      0.569    7.87282     2.3759    23.1663   14.05043 3.6622e-02 0.0000e+00
         20 110.008585    0.00132     0.0792      4.750      0.674  48690.498    29.5788     2.3529      0.668    7.83393     2.3918    23.6064   13.97758 3.6526e-02 0.0000e+00
         21 110.008588    0.00139     0.0833      5.000      0.769  49205.992    29.9031     2.3760      0.762    7.81024     2.4022    23.8643   13.93338 3.6468e-02 0.0000e+00
         22 110.008591    0.00146     0.0875      5.250      0.854  49503.673    30.0904     2.3919      0.846    7.79601     2.4084    24.0131   13.90693 3.6434e-02 0.0000e+00
         23 110.008594    0.00153     0.0917      5.500      0.922  49675.924    30.1987     2.4023      0.914    7.78752     2.4118    24.0991   13.89120 3.6413e-02 0.0000e+00
         24 110.008597    0.00160     0.0958      5.750      0.971  49784.462    30.2672     2.4084      0.962    7.78226     2.4142    24.1535   13.88144 3.6400e-02 0.0000e+00
         25 110.008600    0.00167     0.1000      6.000      1.003  49862.641    30.3169     2.4118      0.994    7.77870     2.4169    24.1930   13.87480 3.6393e-02 0.0000e+00
         26 110.008602    0.00174     0.1042      6.250      1.025  49921.441    30.3548     2.4142      1.016    7.77606     2.4203    24.2232   13.86988 3.6389e-02 0.0000e+00
         27 110.008605    0.00181     0.1083      6.500      1.040  49964.730    30.3833     2.4170      1.030    7.77392     2.4238    24.2457   13.86592 3.6386e-02 0.0000e+00
         28 110.008608    0.00187     0.1125      6.750      1.050  49995.374    30.4040     2.4203      1.040    7.77211     2.4270    24.2620   13.86264 3.6385e-02 0.0000e+00
         29 110.008611    0.00194     0.1167      7.000      1.056  50015.376    30.4178     2.4238      1.046    7.77065     2.4299    24.2728   13.86003 3.6384e-02 0.0000e+00
         30 110.008614    0.00201     0.1208      7.250      1.059  50027.662    30.4267     2.4271      1.049    7.76952     2.4322    24.2797   13.85804 3.6383e-02 0.0000e+00
         31 110.008617    0.00208     0.1250      7.500      1.060  50035.052    30.4322     2.4299      1.050    7.76866     2.4341    24.2839   13.85655 3.6383e-02 0.0000e+00
         32 110.008620    0.00215     0.1292      7.750      1.059  50038.896    30.4353     2.4323      1.049    7.76803     2.4357    24.2862   13.85546 3.6382e-02 0.0000e+00
         33 110.008623    0.00222     0.1333      8.000      1.057  50040.618    30.4369     2.4342      1.047    7.76757     2.4369    24.2873   13.85467 3.6382e-02 0.0000e+00
         34 110.008626    0.00229     0.1375      8.250      1.053  50042.204    30.4383     2.4357      1.043    7.76719     2.4381    24.2884   13.85402 3.6382e-02 0.0000e+00
         35 110.008628    0.00236     0.1417      8.500      1.049  50044.510    30.4402     2.4370      1.039    7.76683     2.4391    24.2898   13.85341 3.6382e-02 0.0000e+00
         36 110.008631    0.00243     0.1458      8.750      1.045  50046.901    30.4421     2.4381      1.035    7.76651     2.4402    24.2912   13.85285 3.6382e-02 0.0000e+00
         37 110.008634    0.00250     0.1500      9.000      1.041  50048.679    30.4436     2.4392      1.032    7.76622     2.4413    24.2923   13.85235 3.6382e-02 0.0000e+00
         38 110.008637    0.00257     0.1542      9.250      1.039  50049.719    30.4446     2.4403      1.030    7.76596     2.4423    24.2930   13.85191 3.6382e-02 0.0000e+00
         39 110.008640    0.00264     0.1583      9.500      1.038  50050.193    30.4452     2.4413      1.029    7.76572     2.4434    24.2934   13.85151 3.6382e-02 0.0000e+00
         40 110.008643    0.00271     0.1625      9.750      1.039  50050.030    30.4454     2.4424      1.030    7.76551     2.4443    24.2935   13.85115 3.6382e-02 0.0000e+00
         41 110.008646    0.00278     0.1667     10.000      1.042  50048.712    30.4447     2.4434      1.033    7.76534     2.4450    24.2929   13.85088 3.6382e-02 0.0000e+00
         42 110.008649    0.00285     0.1708     10.250      1.046  50045.943    30.4431     2.4444      1.037    7.76524     2.4454    24.2916   13.85074 3.6382e-02 0.0000e+00
         43 110.008652    0.00292     0.1750     10.500      1.050  50041.990    30.4407     2.4451      1.041    7.76523     2.4454    24.2895   13.85076 3.6382e-02 0.0000e+00
         44 110.008655    0.00299     0.1792     10.750      1.054  50037.237    30.4376     2.4455      1.044    7.76532     2.4450    24.2871   13.85095 3.6382e-02 0.0000e+00
         45 110.008657    0.00306     0.1833     11.000      1.057  50031.760    30.4339     2.4455      1.047    7.76551     2.4442    24.2841   13.85132 3.6382e-02 0.0000e+00
         46 110.008660    0.00313     0.1875     11.250      1.060  50025.588    30.4297     2.4451      1.050    7.76582     2.4433    24.2808   13.85188 3.6382e-02 0.0000e+00
         47 110.008663    0.00319     0.1917     11.500      1.061  50019.178    30.4252     2.4443      1.051    7.76620     2.4423    24.2772   13.85257 3.6382e-02 0.0000e+00
         48 110.008666    0.00326     0.1958     11.750      1.062  50012.995    30.4208     2.4434      1.052    7.76662     2.4413    24.2738   13.85332 3.6382e-02 0.0000e+00
         49 110.008669    0.00333     0.2000     12.000      1.061  50006.955    30.4165     2.4424      1.051    7.76705     2.4403    24.2704   13.85409 3.6382e-02 0.0000e+00
         50 110.008672    0.00340     0.2042     12.250      1.058  50000.846    30.4121     2.4413      1.048    7.76748     2.4395    24.2670   13.85487 3.6382e-02 0.0000e+00
         51 110.008675    0.00347     0.2083     12.500      1.055  49994.756    30.4077     2.4403      1.045    7.76791     2.4388    24.2636   13.85562 3.6382e-02 0.0000e+00
         52 110.008678    0.00354     0.2125     12.750      1.050  49988.859    30.4036     2.4395      1.040    7.76829     2.4383    24.2603   13.85632 3.6382e-02 0.0000e+00
         53 110.008681    0.00361     0.2167     13.000      1.044  49983.220    30.3996     2.4388      1.034    7.76863     2.4380    24.2572   13.85693 3.6382e-02 0.0000e+00
         54 110.008683    0.00368     0.2208     13.250      1.038  49977.953    30.3960     2.4383      1.028    7.76892     2.4377    24.2543   13.85746 3.6382e-02 0.0000e+00
         55 110.008686    0.00375     0.2250     13.500      1.032  49973.324    30.3928     2.4380      1.022    7.76916     2.4374    24.2518   13.85790 3.6382e-02 0.0000e+00
         56 110.008689    0.00382     0.2292     13.750      1.027  49969.475    30.3901     2.4377      1.017    7.76936     2.4371    24.2497   13.85826 3.6382e-02 0.0000e+00
         57 110.008692    0.00389     0.2333     14.000      1.023  49966.267    30.3879     2.4374      1.014    7.76954     2.4369    24.2480   13.85858 3.6382e-02 0.0000e+00
         58 110.008695    0.00396     0.2375     14.250      1.021  49963.521    30.3860     2.4371      1.011    7.76969     2.4366    24.2465   13.85886 3.6382e-02 0.0000e+00
         59 110.008698    0.00403     0.2417     14.500      1.019  49961.185    30.3843     2.4369      1.009    7.76983     2.4363    24.2452   13.85911 3.6382e-02 0.0000e+00
         60 110.008701    0.00410     0.2458     14.750      1.017  49959.277    30.3830     2.4366      1.008    7.76995     2.4361    24.2441   13.85932 3.6382e-02 0.0000e+00
         61 110.008704    0.00417     0.2500     15.000      1.016  49957.721    30.3819     2.4364      1.007    7.77005     2.4359    24.2432   13.85951 3.6382e-02 0.0000e+00
         62 110.008707    0.00424     0.2542     15.250      1.016  49956.248    30.3809     2.4362      1.007    7.77015     2.4357    24.2424   13.85969 3.6382e-02 0.0000e+00
         63 110.008709    0.00431     0.2583     15.500      1.015  49954.628    30.3797     2.4359      1.006    7.77026     2.4355    24.2415   13.85988 3.6382e-02 0.0000e+00
         64 110.008712    0.00438     0.2625     15.750      1.014  49952.928    30.3785     2.4357      1.004    7.77036     2.4354    24.2406   13.86007 3.6382e-02 0.0000e+00
         65 110.008715    0.00444     0.2667     16.000      1.012  49951.294    30.3774     2.4356      1.002    7.77046     2.4353    24.2397   13.86024 3.6382e-02 0.0000e+00
         66 110.008718    0.00451     0.2708     16.250      1.010  49949.737    30.3763     2.4354      1.000    7.77054     2.4353    24.2388   13.86039 3.6382e-02 0.0000e+00
         67 110.008721    0.00458     0.2750     16.500      1.008  49948.285    30.3753     2.4354      0.999    7.77060     2.4352    24.2380   13.86051 3.6382e-02 0.0000e+00
         68 110.008724    0.00465     0.2792     16.750      1.007  49946.957    30.3744     2.4353      0.997    7.77066     2.4350    24.2373   13.86061 3.6382e-02 0.0000e+00
         69 110.008727    0.00472     0.2833     17.000      1.006  49945.662    30.3735     2.4353      0.996    7.77072     2.4346    24.2366   13.86072 3.6382e-02 0.0000e+00
         70 110.008730    0.00479     0.2875     17.250      1.005  49944.202    30.3725     2.4351      0.995    7.77081     2.4339    24.2358   13.86088 3.6382e-02 0.0000e+00
         71 110.008733    0.00486     0.2917     17.500      1.004  49942.355    30.3712     2.4347      0.994    7.77096     2.4331    24.2348   13.86115 3.6382e-02 0.0000e+00
         72 110.008736    0.00493     0.2958     17.750      1.003  49940.086    30.3695     2.4340      0.994    7.77118     2.4322    24.2335   13.86154 3.6382e-02 0.0000e+00
         73 110.008738    0.00500     0.3000     18.000      1.002  49937.516    30.3675     2.4332      0.993    7.77145     2.4313    24.2320   13.86202 3.6382e-02 0.0000e+00
         74 110.008741    0.00507     0.3042     18.250      1.001  49934.817    30.3655     2.4323      0.992    7.77174     2.4305    24.2304   13.86252 3.6382e-02 0.0000e+00
         75 110.008744    0.00514     0.3083     18.500      1.000  49932.250    30.3635     2.4314      0.990    7.77202     2.4298    24.2289   13.86300 3.6382e-02 0.0000e+00
         76 110.008747    0.00521     0.3125     18.750      0.998  49930.062    30.3618     2.4306      0.988    7.77226     2.4292    24.2276   13.86343 3.6382e-02 0.0000e+00
         77 110.008750    0.00528     0.3167     19.000      0.996  49928.360    30.3605     2.4299      0.986    7.77247     2.4287    24.2266   13.86380 3.6382e-02 0.0000e+00
         78 110.008753    0.00535     0.3208     19.250      0.994  49927.086    30.3595     2.4293      0.985    7.77265     2.4282    24.2258   13.86410 3.6382e-02 0.0000e+00
         79 110.008756    0.00542     0.3250     19.500      0.994  49926.006    30.3586     2.4287      0.985    7.77280     2.4279    24.2252   13.86436 3.6382e-02 0.0000e+00
         80 110.008759    0.00549     0.3292     19.750      0.995  49924.678    30.3576     2.4283      0.986    7.77294     2.4276    24.2244   13.86460 3.6382e-02 0.0000e+00
         81 110.008762    0.00556     0.3333     20.000      0.997  49922.713    30.3562     2.4279      0.987    7.77309     2.4273    24.2233   13.86486 3.6382e-02 0.0000e+00
         82 110.008764    0.00562     0.3375     20.250      0.998  49920.097    30.3544     2.4276      0.989    7.77324     2.4270    24.2218   13.86515 3.6382e-02 0.0000e+00
         83 110.008767    0.00569     0.3417     20.500      1.000  49917.119    30.3523     2.4273      0.991    7.77341     2.4267    24.2202   13.86545 3.6382e-02 0.0000e+00
         84 110.008770    0.00576     0.3458     20.750      1.002  49914.173    30.3502     2.4270      0.992    7.77358     2.4265    24.2186   13.86576 3.6382e-02 0.0000e+00
         85 110.008773    0.00583     0.3500     21.000      1.003  49911.666    30.3485     2.4268      0.993    7.77372     2.4265    24.2172   13.86602 3.6382e-02 0.0000e+00
         86 110.008776    0.00590     0.3542     21.250      1.003  49909.951    30.3473     2.4266      0.994    7.77382     2.4266    24.2163   13.86619 3.6382e-02 0.0000e+00
         87 110.008779    0.00597     0.3583     21.500      1.004  49908.777    30.3465     2.4265      0.995    7.77387     2.4266    24.2156   13.86628 3.6382e-02 0.0000e+00
         88 110.008782    0.00604     0.3625     21.750      1.005  49907.064    30.3454     2.4266      0.996    7.77391     2.4266    24.2147   13.86637 3.6382e-02 0.0000e+00
         89 110.008785    0.00611     0.3667     22.000      1.007  49903.833    30.3432     2.4267      0.998    7.77401     2.4264    24.2130   13.86656 3.6382e-02 0.0000e+00
         90 110.008788    0.00618     0.3708     22.250      1.008  49898.678    30.3398     2.4266      0.999    7.77420     2.4259    24.2103   13.86693 3.6382e-02 0.0000e+00
