CTD-processing/allCTD/CNV--turbid/2017_04-20_t4_s10_cast138.cnv
* Sea-Bird SBE19plus Data File:
* FileName = P:\My Documents\kasitsna\Research-KBL\Oceanography-AK\CTD-Data-ALL-to-2017-02\2017-CTD-KachemakBay-CookInlet\2017-04-20-CookInlet-Tran4-Barabara\2017-04-20-CookInlet-Tran4-cast138.hex
* Software Version 1.59
* Temperature SN =  4141
* Conductivity SN =  4141
* System UpLoad Time = Apr 24 2017 16:24:12
** Cook Inlet LTM Transect 4 Barabara north to south
** Date: 2017-04-20
** Station: (eg. 9-01): 4-10
** Start time (AKDT): 13:38
** Depth (m): 16.8
** Comment: R/V Alaska Dreamcatcher
** Comment:
# nquan = 16
# nvalues = 364                         
# units = specified
# name 0 = scan: Scan Count
# name 1 = timeJ: Julian Days
# name 2 = timeH: Time, Elapsed [hours]
# name 3 = timeM: Time, Elapsed [minutes]
# name 4 = timeS: Time, Elapsed [seconds]
# name 5 = prdM: Pressure, Strain Gauge [db]
# name 6 = specc: Specific Conductance [uS/cm]
# name 7 = sal00: Salinity, Practical [PSU]
# name 8 = tv290C: Temperature [ITS-90, deg C]
# name 9 = depSM: Depth [salt water, m], lat = 59.00
# name 10 = oxsolML/L: Oxygen Saturation, Garcia & Gordon [ml/l]
# name 11 = potemp090C: Potential Temperature [ITS-90, deg C]
# name 12 = sigma-é00: Density [sigma-theta, kg/m^3]
# name 13 = n2satML/L: Nitrogen Saturation [ml/l]
# name 14 = par: PAR/Irradiance, Biospherical/Licor
# name 15 = flag:  0.000e+00
# span 0 =          1,        364       
# span 1 = 110.568102, 110.569152       
# span 2 =    0.00000,    0.02521       
# span 3 =     0.0000,     1.5125       
# span 4 =      0.000,     90.750       
# span 5 =      0.036,     17.700       
# span 6 =    156.600,  52232.542       
# span 7 =     0.0771,    32.7559       
# span 8 =     4.7447,    13.7779       
# span 9 =      0.035,     17.534       
# span 10 =    6.80338,    7.27039      
# span 11 =     4.7435,    13.7745      
# span 12 =    -0.6635,    25.7875      
# span 13 =   12.34882,   13.39683      
# span 14 = 2.8077e+00, 1.6882e+03      
# span 15 = 0.0000e+00, 0.0000e+00      
# interval = seconds: 0.25
# start_time = Apr 20 2017 13:38:04 [Instrument's time stamp, header]
# bad_flag = -9.990e-29
*END*
[from data line 272]
        273 110.568889    0.01889     1.1333     68.000      1.211  50683.318    31.6495     5.7725      1.199    7.10205     5.7756    24.9329   12.73998 1.0214e+03 0.0000e+00
        274 110.568892    0.01896     1.1375     68.250      1.206  50677.394    31.6458     5.7748      1.195    7.10184     5.7745    24.9298   12.73967 1.1121e+03 0.0000e+00
        275 110.568895    0.01903     1.1417     68.500      1.202  50669.816    31.6408     5.7757      1.191    7.10192     5.7712    24.9257   12.73987 1.1283e+03 0.0000e+00
        276 110.568898    0.01910     1.1458     68.750      1.200  50663.284    31.6360     5.7745      1.189    7.10234     5.7664    24.9221   12.74062 1.0720e+03 0.0000e+00
        277 110.568900    0.01917     1.1500     69.000      1.200  50659.381    31.6327     5.7713      1.189    7.10304     5.7607    24.9198   12.74182 9.9895e+02 0.0000e+00
        278 110.568903    0.01924     1.1542     69.250      1.203  50658.265    31.6310     5.7665      1.192    7.10393     5.7548    24.9190   12.74331 9.8137e+02 0.0000e+00
        279 110.568906    0.01931     1.1583     69.500      1.208  50659.814    31.6309     5.7608      1.197    7.10489     5.7492    24.9196   12.74490 1.0108e+03 0.0000e+00
        280 110.568909    0.01938     1.1625     69.750      1.215  50662.571    31.6316     5.7549      1.204    7.10584     5.7441    24.9209   12.74646 9.9700e+02 0.0000e+00
        281 110.568912    0.01944     1.1667     70.000      1.223  50665.874    31.6328     5.7493      1.212    7.10673     5.7405    24.9224   12.74791 9.5640e+02 0.0000e+00
        282 110.568915    0.01951     1.1708     70.250      1.232  50672.862    31.6366     5.7442      1.220    7.10740     5.7401    24.9260   12.74899 9.4254e+02 0.0000e+00
        283 110.568918    0.01958     1.1750     70.500      1.239  50684.375    31.6438     5.7406      1.228    7.10766     5.7431    24.9322   12.74932 9.7984e+02 0.0000e+00
        284 110.568921    0.01965     1.1792     70.750      1.245  50694.724    31.6509     5.7402      1.233    7.10740     5.7481    24.9378   12.74880 1.0116e+03 0.0000e+00
        285 110.568924    0.01972     1.1833     71.000      1.249  50699.153    31.6545     5.7432      1.237    7.10673     5.7540    24.9403   12.74764 9.6572e+02 0.0000e+00
        286 110.568927    0.01979     1.1875     71.250      1.254  50699.805    31.6560     5.7482      1.241    7.10582     5.7603    24.9409   12.74612 8.9503e+02 0.0000e+00
        287 110.568929    0.01986     1.1917     71.500      1.262  50698.930    31.6566     5.7541      1.249    7.10480     5.7657    24.9407   12.74442 8.3345e+02 0.0000e+00
        288 110.568932    0.01993     1.1958     71.750      1.278  50693.657    31.6542     5.7604      1.266    7.10386     5.7682    24.9380   12.74289 8.0642e+02 0.0000e+00
        289 110.568935    0.02000     1.2000     72.000      1.312  50681.466    31.6468     5.7658      1.299    7.10329     5.7658    24.9316   12.74205 8.2205e+02 0.0000e+00
        290 110.568938    0.02007     1.2042     72.250      1.373  50664.655    31.6357     5.7683      1.360    7.10341     5.7586    24.9225   12.74238 8.3499e+02 0.0000e+00
        291 110.568941    0.02014     1.2083     72.500      1.467  50650.472    31.6253     5.7659      1.453    7.10430     5.7481    24.9146   12.74399 8.4983e+02 0.0000e+00
        292 110.568944    0.02021     1.2125     72.750      1.593  50643.818    31.6192     5.7587      1.578    7.10580     5.7353    24.9106   12.74656 8.6568e+02 0.0000e+00
        293 110.568947    0.02028     1.2167     73.000      1.744  50641.140    31.6152     5.7482      1.727    7.10776     5.7190    24.9087   12.74983 8.3896e+02 0.0000e+00
        294 110.568950    0.02035     1.2208     73.250      1.914  50634.313    31.6079     5.7355      1.896    7.11025     5.6954    24.9043   12.75404 7.6015e+02 0.0000e+00
        295 110.568953    0.02042     1.2250     73.500      2.097  50615.571    31.5916     5.7192      2.077    7.11376     5.6614    24.8933   12.76006 6.7511e+02 0.0000e+00
        296 110.568955    0.02049     1.2292     73.750      2.289  50589.582    31.5688     5.6956      2.268    7.11882     5.6179    24.8780   12.76870 6.1657e+02 0.0000e+00
        297 110.568958    0.02056     1.2333     74.000      2.487  50573.495    31.5507     5.6615      2.464    7.12542     5.5688    24.8677   12.77983 5.8154e+02 0.0000e+00
        298 110.568961    0.02063     1.2375     74.250      2.686  50573.510    31.5418     5.6181      2.661    7.13317     5.5177    24.8657   12.79275 5.5146e+02 0.0000e+00
        299 110.568964    0.02069     1.2417     74.500      2.887  50587.429    31.5413     5.5690      2.860    7.14151     5.4687    24.8709   12.80653 5.1474e+02 0.0000e+00
        300 110.568967    0.02076     1.2458     74.750      3.086  50615.830    31.5504     5.5179      3.058    7.14973     5.4241    24.8839   12.81999 4.7867e+02 0.0000e+00
        301 110.568970    0.02083     1.2500     75.000      3.285  50649.883    31.5638     5.4689      3.255    7.15739     5.3828    24.9000   12.83248 4.4828e+02 0.0000e+00
        302 110.568973    0.02090     1.2542     75.250      3.485  50678.711    31.5744     5.4243      3.452    7.16447     5.3425    24.9135   12.84403 4.1990e+02 0.0000e+00
        303 110.568976    0.02097     1.2583     75.500      3.687  50701.849    31.5817     5.3830      3.653    7.17115     5.3008    24.9239   12.85498 3.9265e+02 0.0000e+00
        304 110.568979    0.02104     1.2625     75.750      3.896  50720.115    31.5858     5.3428      3.860    7.17782     5.2550    24.9317   12.86595 3.6852e+02 0.0000e+00
        305 110.568981    0.02111     1.2667     76.000      4.112  50733.725    31.5863     5.3011      4.073    7.18493     5.2049    24.9368   12.87768 3.4647e+02 0.0000e+00
        306 110.568984    0.02118     1.2708     76.250      4.334  50749.359    31.5873     5.2553      4.294    7.19272     5.1529    24.9427   12.89053 3.2661e+02 0.0000e+00
        307 110.568987    0.02125     1.2750     76.500      4.560  50773.695    31.5934     5.2052      4.518    7.20103     5.1021    24.9530   12.90418 3.0647e+02 0.0000e+00
        308 110.568990    0.02132     1.2792     76.750      4.789  50804.932    31.6038     5.1533      4.744    7.20945     5.0541    24.9670   12.91796 2.8307e+02 0.0000e+00
        309 110.568993    0.02139     1.2833     77.000      5.019  50839.376    31.6165     5.1024      4.973    7.21759     5.0106    24.9826   12.93123 2.5975e+02 0.0000e+00
        310 110.568996    0.02146     1.2875     77.250      5.254  50877.717    31.6325     5.0545      5.205    7.22510     4.9739    25.0005   12.94342 2.3774e+02 0.0000e+00
        311 110.568999    0.02153     1.2917     77.500      5.492  50920.891    31.6528     5.0110      5.441    7.23162     4.9454    25.0212   12.95394 2.1586e+02 0.0000e+00
        312 110.569002    0.02160     1.2958     77.750      5.734  50965.241    31.6752     4.9743      5.681    7.23689     4.9253    25.0430   12.96234 1.9539e+02 0.0000e+00
        313 110.569005    0.02167     1.3000     78.000      5.977  51005.167    31.6964     4.9458      5.922    7.24078     4.9123    25.0628   12.96851 1.7808e+02 0.0000e+00
        314 110.569008    0.02174     1.3042     78.250      6.220  51037.150    31.7139     4.9257      6.162    7.24342     4.9047    25.0789   12.97263 1.6386e+02 0.0000e+00
        315 110.569010    0.02181     1.3083     78.500      6.463  51060.228    31.7268     4.9127      6.403    7.24504     4.9006    25.0905   12.97514 1.5019e+02 0.0000e+00
        316 110.569013    0.02187     1.3125     78.750      6.706  51075.421    31.7355     4.9051      6.643    7.24594     4.8989    25.0982   12.97651 1.3545e+02 0.0000e+00
        317 110.569016    0.02194     1.3167     79.000      6.949  51084.773    31.7409     4.9011      6.884    7.24637     4.8985    25.1029   12.97715 1.2101e+02 0.0000e+00
        318 110.569019    0.02201     1.3208     79.250      7.193  51090.658    31.7445     4.8994      7.125    7.24650     4.8991    25.1059   12.97732 1.0853e+02 0.0000e+00
        319 110.569022    0.02208     1.3250     79.500      7.437  51095.160    31.7474     4.8990      7.367    7.24642     4.9007    25.1083   12.97715 9.8207e+01 0.0000e+00
        320 110.569025    0.02215     1.3292     79.750      7.680  51099.694    31.7505     4.8996      7.608    7.24616     4.9035    25.1107   12.97669 8.9561e+01 0.0000e+00
        321 110.569028    0.02222     1.3333     80.000      7.922  51105.288    31.7546     4.9013      7.847    7.24568     4.9077    25.1138   12.97584 8.2240e+01 0.0000e+00
        322 110.569031    0.02229     1.3375     80.250      8.163  51111.320    31.7592     4.9041      8.086    7.24496     4.9128    25.1172   12.97459 7.5837e+01 0.0000e+00
        323 110.569034    0.02236     1.3417     80.500      8.404  51116.227    31.7634     4.9083      8.325    7.24404     4.9184    25.1200   12.97301 6.9890e+01 0.0000e+00
        324 110.569036    0.02243     1.3458     80.750      8.645  51120.585    31.7674     4.9134      8.565    7.24296     4.9243    25.1226   12.97118 6.4238e+01 0.0000e+00
        325 110.569039    0.02250     1.3500     81.000      8.887  51125.218    31.7717     4.9190      8.804    7.24177     4.9301    25.1254   12.96916 5.9018e+01 0.0000e+00
        326 110.569042    0.02257     1.3542     81.250      9.127  51128.791    31.7753     4.9250      9.042    7.24056     4.9348    25.1277   12.96712 5.4367e+01 0.0000e+00
        327 110.569045    0.02264     1.3583     81.500      9.366  51128.390    31.7762     4.9308      9.278    7.23951     4.9367    25.1278   12.96538 5.0252e+01 0.0000e+00
        328 110.569048    0.02271     1.3625     81.750      9.602  51120.533    31.7717     4.9355      9.513    7.23891     4.9341    25.1237   12.96444 4.6575e+01 0.0000e+00
        329 110.569051    0.02278     1.3667     82.000      9.839  51105.394    31.7616     4.9375      9.747    7.23906     4.9267    25.1155   12.96482 4.3252e+01 0.0000e+00
        330 110.569054    0.02285     1.3708     82.250     10.076  51090.723    31.7509     4.9349      9.982    7.24003     4.9161    25.1072   12.96656 4.0191e+01 0.0000e+00
        331 110.569057    0.02292     1.3750     82.500     10.316  51084.121    31.7446     4.9274     10.219    7.24163     4.9048    25.1031   12.96928 3.7302e+01 0.0000e+00
        332 110.569060    0.02299     1.3792     82.750     10.557  51084.961    31.7427     4.9169     10.459    7.24355     4.8936    25.1027   12.97247 3.4545e+01 0.0000e+00
        333 110.569063    0.02306     1.3833     83.000     10.802  51088.506    31.7426     4.9055     10.701    7.24552     4.8820    25.1038   12.97573 3.1935e+01 0.0000e+00
        334 110.569065    0.02313     1.3875     83.250     11.048  51089.447    31.7406     4.8944     10.944    7.24756     4.8680    25.1035   12.97912 2.9487e+01 0.0000e+00
        335 110.569068    0.02319     1.3917     83.500     11.294  51084.005    31.7342     4.8828     11.189    7.24989     4.8502    25.0997   12.98305 2.7200e+01 0.0000e+00
        336 110.569071    0.02326     1.3958     83.750     11.542  51076.156    31.7256     4.8688     11.434    7.25274     4.8295    25.0944   12.98787 2.5063e+01 0.0000e+00
        337 110.569074    0.02333     1.4000     84.000     11.792  51074.339    31.7204     4.8511     11.681    7.25608     4.8081    25.0921   12.99346 2.3059e+01 0.0000e+00
        338 110.569077    0.02340     1.4042     84.250     12.042  51082.508    31.7213     4.8304     11.929    7.25964     4.7892    25.0950   12.99932 2.1163e+01 0.0000e+00
        339 110.569080    0.02347     1.4083     84.500     12.292  51102.566    31.7302     4.8090     12.177    7.26294     4.7762    25.1043   13.00464 1.9355e+01 0.0000e+00
        340 110.569083    0.02354     1.4125     84.750     12.541  51135.225    31.7483     4.7901     12.424    7.26535     4.7710    25.1207   13.00839 1.7641e+01 0.0000e+00
        341 110.569086    0.02361     1.4167     85.000     12.788  51172.862    31.7712     4.7771     12.668    7.26650     4.7722    25.1402   13.01000 1.6040e+01 0.0000e+00
        342 110.569089    0.02368     1.4208     85.250     13.032  51202.496    31.7902     4.7719     12.910    7.26648     4.7771    25.1558   13.00973 1.4571e+01 0.0000e+00
        343 110.569091    0.02375     1.4250     85.500     13.274  51218.971    31.8017     4.7732     13.150    7.26570     4.7832    25.1648   13.00829 1.3239e+01 0.0000e+00
        344 110.569094    0.02382     1.4292     85.750     13.516  51225.905    31.8074     4.7781     13.390    7.26457     4.7892    25.1688   13.00634 1.2047e+01 0.0000e+00
        345 110.569097    0.02389     1.4333     86.000     13.758  51227.688    31.8099     4.7842     13.629    7.26338     4.7944    25.1701   13.00434 1.0991e+01 0.0000e+00
        346 110.569100    0.02396     1.4375     86.250     13.999  51227.267    31.8108     4.7902     13.868    7.26229     4.7987    25.1702   13.00253 1.0061e+01 0.0000e+00
        347 110.569103    0.02403     1.4417     86.500     14.239  51226.758    31.8115     4.7954     14.106    7.26134     4.8018    25.1702   13.00096 9.2411e+00 0.0000e+00
        348 110.569106    0.02410     1.4458     86.750     14.479  51225.903    31.8118     4.7997     14.343    7.26058     4.8030    25.1700   12.99970 8.5133e+00 0.0000e+00
        349 110.569109    0.02417     1.4500     87.000     14.717  51222.466    31.8100     4.8028     14.579    7.26013     4.8013    25.1682   12.99898 7.8613e+00 0.0000e+00
        350 110.569112    0.02424     1.4542     87.250     14.957  51216.148    31.8058     4.8040     14.817    7.26013     4.7963    25.1648   12.99903 7.2687e+00 0.0000e+00
        351 110.569115    0.02431     1.4583     87.500     15.198  51208.992    31.8004     4.8023     15.056    7.26067     4.7883    25.1607   13.00000 6.7229e+00 0.0000e+00
        352 110.569117    0.02438     1.4625     87.750     15.440  51205.072    31.7965     4.7973     15.295    7.26174     4.7792    25.1581   13.00181 6.2165e+00 0.0000e+00
        353 110.569120    0.02444     1.4667     88.000     15.681  51208.391    31.7969     4.7894     15.534    7.26310     4.7710    25.1593   13.00405 5.7442e+00 0.0000e+00
        354 110.569123    0.02451     1.4708     88.250     15.920  51219.445    31.8024     4.7804     15.771    7.26441     4.7651    25.1645   13.00615 5.3014e+00 0.0000e+00
        355 110.569126    0.02458     1.4750     88.500     16.157  51234.446    31.8107     4.7722     16.005    7.26543     4.7614    25.1720   13.00773 4.8853e+00 0.0000e+00
        356 110.569129    0.02465     1.4792     88.750     16.390  51247.394    31.8181     4.7662     16.237    7.26611     4.7592    25.1785   13.00875 4.4947e+00 0.0000e+00
        357 110.569132    0.02472     1.4833     89.000     16.621  51255.510    31.8228     4.7626     16.465    7.26652     4.7576    25.1826   13.00937 4.1291e+00 0.0000e+00
        358 110.569135    0.02479     1.4875     89.250     16.847  51259.589    31.8250     4.7604     16.689    7.26680     4.7560    25.1846   13.00980 3.7919e+00 0.0000e+00
        359 110.569138    0.02486     1.4917     89.500     17.065  51260.518    31.8252     4.7588     16.905    7.26706     4.7538    25.1849   13.01024 3.4915e+00 0.0000e+00
        360 110.569141    0.02493     1.4958     89.750     17.269  51258.578    31.8234     4.7572     17.107    7.26743     4.7505    25.1837   13.01087 3.2368e+00 0.0000e+00
        361 110.569144    0.02500     1.5000     90.000     17.449  51253.186    31.8191     4.7550     17.285    7.26801     4.7460    25.1805   13.01188 3.0380e+00 0.0000e+00
