CTD-processing/allCTD/CNV--turbid/2017_08-24_alongbay_skb09_cast005.cnv
* Sea-Bird SBE19plus Data File:
* FileName = C:\Users\Kim.Powell\Desktop\Not Processed\2017\2017_08\2017_08-24_TRANSECT_STATION_cast005.hex
* Software Version 1.59
* Temperature SN =  4141
* Conductivity SN =  4141
* System UpLoad Time = Sep 22 2017 08:22:40
** 2017_08-24
** Station: KB09
** Start Time: 14:55
** Depth (m): 68
** Comment: Edgecumbe
** Comment:
# nquan = 16
# nvalues = 616                         
# units = specified
# name 0 = scan: Scan Count
# name 1 = timeJ: Julian Days
# name 2 = timeH: Time, Elapsed [hours]
# name 3 = timeM: Time, Elapsed [minutes]
# name 4 = timeS: Time, Elapsed [seconds]
# name 5 = prdM: Pressure, Strain Gauge [db]
# name 6 = specc: Specific Conductance [uS/cm]
# name 7 = sal00: Salinity, Practical [PSU]
# name 8 = tv290C: Temperature [ITS-90, deg C]
# name 9 = depSM: Depth [salt water, m], lat = 59.00
# name 10 = oxsolML/L: Oxygen Saturation, Garcia & Gordon [ml/l]
# name 11 = potemp090C: Potential Temperature [ITS-90, deg C]
# name 12 = sigma-é00: Density [sigma-theta, kg/m^3]
# name 13 = n2satML/L: Nitrogen Saturation [ml/l]
# name 14 = par: PAR/Irradiance, Biospherical/Licor
# name 15 = flag:  0.000e+00
# span 0 =          1,        616       
# span 1 = 236.622083, 236.623863       
# span 2 =    0.00000,    0.04271       
# span 3 =     0.0000,     2.5625       
# span 4 =      0.000,    153.750       
# span 5 =      0.486,     61.864       
# span 6 =  45175.579,  49438.961       
# span 7 =    28.6152,    31.3939       
# span 8 =     9.6789,    11.3806       
# span 9 =      0.482,     61.276       
# span 10 =    6.37346,    6.50810      
# span 11 =     9.6723,    11.3539      
# span 12 =    21.7444,    24.1906      
# span 13 =   11.56028,   11.76080      
# span 14 = 5.1135e-02, 1.2099e+02      
# span 15 = 0.0000e+00, 0.0000e+00      
# interval = seconds: 0.25
# start_time = Aug 24 2017 14:55:48 [Instrument's time stamp, header]
# bad_flag = -9.990e-29
*END*
[from data line 181]
        182 236.622607    0.01257     0.7542     45.250      0.632  45240.585    28.6540    11.3110      0.626    6.39189    11.3110    21.7864   11.60084 1.0149e+02 0.0000e+00
        183 236.622610    0.01264     0.7583     45.500      0.631  45239.308    28.6531    11.3111      0.625    6.39191    11.3110    21.7857   11.60089 1.0249e+02 0.0000e+00
        184 236.622613    0.01271     0.7625     45.750      0.642  45238.029    28.6522    11.3111      0.636    6.39194    11.3110    21.7849   11.60094 1.0235e+02 0.0000e+00
        185 236.622616    0.01278     0.7667     46.000      0.658  45237.566    28.6519    11.3111      0.652    6.39195    11.3110    21.7847   11.60097 1.0114e+02 0.0000e+00
        186 236.622619    0.01285     0.7708     46.250      0.670  45238.267    28.6524    11.3111      0.664    6.39194    11.3110    21.7851   11.60094 9.9861e+01 0.0000e+00
        187 236.622622    0.01292     0.7750     46.500      0.671  45239.851    28.6535    11.3111      0.665    6.39190    11.3112    21.7859   11.60086 9.9785e+01 0.0000e+00
        188 236.622624    0.01299     0.7792     46.750      0.661  45241.285    28.6545    11.3111      0.655    6.39185    11.3115    21.7867   11.60077 1.0155e+02 0.0000e+00
        189 236.622627    0.01306     0.7833     47.000      0.647  45241.461    28.6546    11.3113      0.641    6.39182    11.3118    21.7868   11.60072 1.0457e+02 0.0000e+00
        190 236.622630    0.01313     0.7875     47.250      0.640  45240.141    28.6537    11.3116      0.634    6.39181    11.3120    21.7861   11.60072 1.0747e+02 0.0000e+00
        191 236.622633    0.01319     0.7917     47.500      0.643  45238.202    28.6524    11.3119      0.637    6.39183    11.3119    21.7850   11.60075 1.0905e+02 0.0000e+00
        192 236.622636    0.01326     0.7958     47.750      0.655  45236.780    28.6514    11.3120      0.649    6.39185    11.3117    21.7842   11.60080 1.0903e+02 0.0000e+00
        193 236.622639    0.01333     0.8000     48.000      0.668  45236.506    28.6512    11.3120      0.662    6.39186    11.3115    21.7841   11.60083 1.0818e+02 0.0000e+00
        194 236.622642    0.01340     0.8042     48.250      0.676  45237.461    28.6518    11.3118      0.670    6.39186    11.3114    21.7846   11.60082 1.0779e+02 0.0000e+00
        195 236.622645    0.01347     0.8083     48.500      0.674  45239.085    28.6530    11.3116      0.668    6.39184    11.3114    21.7855   11.60078 1.0876e+02 0.0000e+00
        196 236.622648    0.01354     0.8125     48.750      0.664  45240.300    28.6538    11.3115      0.658    6.39182    11.3116    21.7862   11.60074 1.1067e+02 0.0000e+00
        197 236.622650    0.01361     0.8167     49.000      0.654  45240.284    28.6538    11.3115      0.648    6.39182    11.3118    21.7862   11.60073 1.1237e+02 0.0000e+00
        198 236.622653    0.01368     0.8208     49.250      0.650  45239.134    28.6530    11.3117      0.644    6.39183    11.3119    21.7856   11.60076 1.1311e+02 0.0000e+00
        199 236.622656    0.01375     0.8250     49.500      0.654  45237.718    28.6520    11.3118      0.648    6.39185    11.3119    21.7848   11.60079 1.1313e+02 0.0000e+00
        200 236.622659    0.01382     0.8292     49.750      0.662  45236.909    28.6515    11.3120      0.656    6.39185    11.3119    21.7843   11.60081 1.1274e+02 0.0000e+00
        201 236.622662    0.01389     0.8333     50.000      0.667  45237.103    28.6516    11.3120      0.661    6.39184    11.3118    21.7844   11.60079 1.1244e+02 0.0000e+00
        202 236.622665    0.01396     0.8375     50.250      0.666  45238.020    28.6522    11.3120      0.660    6.39182    11.3118    21.7849   11.60075 1.1316e+02 0.0000e+00
        203 236.622668    0.01403     0.8417     50.500      0.660  45238.868    28.6528    11.3119      0.654    6.39180    11.3119    21.7853   11.60071 1.1494e+02 0.0000e+00
        204 236.622671    0.01410     0.8458     50.750      0.655  45238.967    28.6529    11.3119      0.648    6.39180    11.3120    21.7854   11.60070 1.1628e+02 0.0000e+00
        205 236.622674    0.01417     0.8500     51.000      0.655  45238.274    28.6524    11.3120      0.648    6.39181    11.3120    21.7850   11.60073 1.1597e+02 0.0000e+00
        206 236.622677    0.01424     0.8542     51.250      0.662  45237.412    28.6518    11.3120      0.655    6.39182    11.3120    21.7845   11.60076 1.1415e+02 0.0000e+00
        207 236.622679    0.01431     0.8583     51.500      0.670  45237.065    28.6516    11.3121      0.663    6.39183    11.3120    21.7844   11.60077 1.1202e+02 0.0000e+00
        208 236.622682    0.01438     0.8625     51.750      0.674  45237.505    28.6519    11.3121      0.667    6.39182    11.3120    21.7846   11.60075 1.1108e+02 0.0000e+00
        209 236.622685    0.01444     0.8667     52.000      0.670  45238.499    28.6526    11.3121      0.664    6.39179    11.3122    21.7851   11.60069 1.1096e+02 0.0000e+00
        210 236.622688    0.01451     0.8708     52.250      0.660  45239.423    28.6533    11.3121      0.654    6.39176    11.3126    21.7856   11.60063 1.1132e+02 0.0000e+00
        211 236.622691    0.01458     0.8750     52.500      0.649  45239.588    28.6534    11.3123      0.643    6.39172    11.3130    21.7857   11.60057 1.1287e+02 0.0000e+00
        212 236.622694    0.01465     0.8792     52.750      0.644  45238.703    28.6528    11.3127      0.639    6.39170    11.3133    21.7852   11.60054 1.1444e+02 0.0000e+00
        213 236.622697    0.01472     0.8833     53.000      0.648  45237.232    28.6518    11.3131      0.642    6.39169    11.3134    21.7843   11.60054 1.1482e+02 0.0000e+00
        214 236.622700    0.01479     0.8875     53.250      0.658  45235.934    28.6509    11.3134      0.652    6.39168    11.3135    21.7836   11.60054 1.1442e+02 0.0000e+00
        215 236.622703    0.01486     0.8917     53.500      0.669  45235.242    28.6505    11.3135      0.662    6.39168    11.3134    21.7832   11.60054 1.1389e+02 0.0000e+00
        216 236.622705    0.01493     0.8958     53.750      0.676  45235.254    28.6505    11.3136      0.670    6.39167    11.3133    21.7832   11.60053 1.1375e+02 0.0000e+00
        217 236.622708    0.01500     0.9000     54.000      0.679  45235.804    28.6508    11.3135      0.673    6.39167    11.3131    21.7835   11.60051 1.1421e+02 0.0000e+00
        218 236.622711    0.01507     0.9042     54.250      0.678  45236.550    28.6513    11.3134      0.672    6.39166    11.3130    21.7839   11.60050 1.1503e+02 0.0000e+00
        219 236.622714    0.01514     0.9083     54.500      0.674  45237.216    28.6518    11.3132      0.667    6.39167    11.3128    21.7843   11.60050 1.1604e+02 0.0000e+00
        220 236.622717    0.01521     0.9125     54.750      0.667  45237.654    28.6521    11.3130      0.661    6.39168    11.3128    21.7846   11.60052 1.1710e+02 0.0000e+00
        221 236.622720    0.01528     0.9167     55.000      0.660  45237.721    28.6521    11.3129      0.653    6.39170    11.3127    21.7846   11.60054 1.1696e+02 0.0000e+00
        222 236.622723    0.01535     0.9208     55.250      0.655  45237.288    28.6518    11.3128      0.649    6.39172    11.3127    21.7844   11.60058 1.1523e+02 0.0000e+00
        223 236.622726    0.01542     0.9250     55.500      0.657  45236.495    28.6513    11.3128      0.651    6.39174    11.3125    21.7839   11.60064 1.1364e+02 0.0000e+00
        224 236.622729    0.01549     0.9292     55.750      0.665  45235.749    28.6507    11.3127      0.659    6.39178    11.3123    21.7835   11.60069 1.1322e+02 0.0000e+00
        225 236.622731    0.01556     0.9333     56.000      0.676  45235.412    28.6505    11.3126      0.669    6.39181    11.3122    21.7834   11.60075 1.1323e+02 0.0000e+00
        226 236.622734    0.01563     0.9375     56.250      0.683  45235.649    28.6506    11.3124      0.676    6.39183    11.3120    21.7835   11.60078 1.1327e+02 0.0000e+00
        227 236.622737    0.01569     0.9417     56.500      0.681  45236.307    28.6511    11.3122      0.675    6.39183    11.3119    21.7839   11.60078 1.1353e+02 0.0000e+00
        228 236.622740    0.01576     0.9458     56.750      0.672  45236.920    28.6515    11.3120      0.666    6.39183    11.3119    21.7843   11.60078 1.1412e+02 0.0000e+00
        229 236.622743    0.01583     0.9500     57.000      0.661  45237.020    28.6516    11.3119      0.654    6.39184    11.3119    21.7843   11.60080 1.1528e+02 0.0000e+00
        230 236.622746    0.01590     0.9542     57.250      0.654  45236.453    28.6512    11.3119      0.648    6.39187    11.3119    21.7840   11.60083 1.1637e+02 0.0000e+00
        231 236.622749    0.01597     0.9583     57.500      0.658  45235.515    28.6505    11.3119      0.651    6.39189    11.3118    21.7835   11.60088 1.1652e+02 0.0000e+00
        232 236.622752    0.01604     0.9625     57.750      0.668  45234.728    28.6499    11.3119      0.662    6.39192    11.3116    21.7831   11.60093 1.1631e+02 0.0000e+00
        233 236.622755    0.01611     0.9667     58.000      0.680  45234.494    28.6498    11.3118      0.673    6.39194    11.3114    21.7830   11.60097 1.1631e+02 0.0000e+00
        234 236.622758    0.01618     0.9708     58.250      0.684  45234.911    28.6500    11.3116      0.678    6.39195    11.3112    21.7832   11.60099 1.1619e+02 0.0000e+00
        235 236.622760    0.01625     0.9750     58.500      0.680  45235.646    28.6505    11.3115      0.674    6.39196    11.3111    21.7836   11.60100 1.1525e+02 0.0000e+00
        236 236.622763    0.01632     0.9792     58.750      0.671  45236.144    28.6509    11.3113      0.665    6.39197    11.3110    21.7839   11.60101 1.1383e+02 0.0000e+00
        237 236.622766    0.01639     0.9833     59.000      0.661  45236.026    28.6508    11.3111      0.655    6.39200    11.3109    21.7839   11.60106 1.1315e+02 0.0000e+00
        238 236.622769    0.01646     0.9875     59.250      0.657  45235.291    28.6502    11.3110      0.651    6.39203    11.3107    21.7835   11.60112 1.1279e+02 0.0000e+00
        239 236.622772    0.01653     0.9917     59.500      0.660  45234.262    28.6495    11.3109      0.654    6.39208    11.3104    21.7829   11.60121 1.1200e+02 0.0000e+00
        240 236.622775    0.01660     0.9958     59.750      0.666  45233.223    28.6488    11.3107      0.660    6.39213    11.3101    21.7824   11.60130 1.1136e+02 0.0000e+00
        241 236.622778    0.01667     1.0000     60.000      0.672  45232.169    28.6480    11.3105      0.666    6.39219    11.3096    21.7818   11.60142 1.1105e+02 0.0000e+00
        242 236.622781    0.01674     1.0042     60.250      0.675  45231.071    28.6472    11.3102      0.669    6.39228    11.3090    21.7813   11.60157 1.1081e+02 0.0000e+00
        243 236.622784    0.01681     1.0083     60.500      0.673  45230.254    28.6466    11.3097      0.667    6.39237    11.3084    21.7809   11.60173 1.1092e+02 0.0000e+00
        244 236.622786    0.01688     1.0125     60.750      0.667  45230.073    28.6464    11.3091      0.661    6.39246    11.3081    21.7808   11.60188 1.1165e+02 0.0000e+00
        245 236.622789    0.01694     1.0167     61.000      0.660  45230.387    28.6466    11.3085      0.654    6.39252    11.3079    21.7811   11.60199 1.1274e+02 0.0000e+00
        246 236.622792    0.01701     1.0208     61.250      0.655  45230.712    28.6468    11.3081      0.649    6.39256    11.3078    21.7813   11.60206 1.1377e+02 0.0000e+00
        247 236.622795    0.01708     1.0250     61.500      0.657  45230.837    28.6468    11.3079      0.650    6.39259    11.3078    21.7814   11.60209 1.1470e+02 0.0000e+00
        248 236.622798    0.01715     1.0292     61.750      0.665  45230.982    28.6469    11.3079      0.658    6.39259    11.3079    21.7814   11.60210 1.1557e+02 0.0000e+00
        249 236.622801    0.01722     1.0333     62.000      0.675  45231.287    28.6471    11.3079      0.669    6.39258    11.3080    21.7816   11.60208 1.1605e+02 0.0000e+00
        250 236.622804    0.01729     1.0375     62.250      0.682  45231.610    28.6474    11.3079      0.676    6.39256    11.3081    21.7818   11.60205 1.1597e+02 0.0000e+00
        251 236.622807    0.01736     1.0417     62.500      0.681  45231.767    28.6475    11.3080      0.675    6.39255    11.3082    21.7819   11.60201 1.1559e+02 0.0000e+00
        252 236.622810    0.01743     1.0458     62.750      0.672  45231.658    28.6474    11.3082      0.666    6.39253    11.3083    21.7818   11.60199 1.1537e+02 0.0000e+00
        253 236.622813    0.01750     1.0500     63.000      0.660  45231.429    28.6473    11.3083      0.654    6.39253    11.3084    21.7817   11.60198 1.1524e+02 0.0000e+00
        254 236.622815    0.01757     1.0542     63.250      0.651  45231.311    28.6472    11.3083      0.645    6.39252    11.3085    21.7816   11.60197 1.1499e+02 0.0000e+00
        255 236.622818    0.01764     1.0583     63.500      0.649  45231.310    28.6472    11.3084      0.643    6.39250    11.3086    21.7816   11.60195 1.1527e+02 0.0000e+00
        256 236.622821    0.01771     1.0625     63.750      0.654  45231.329    28.6473    11.3086      0.648    6.39249    11.3088    21.7816   11.60192 1.1635e+02 0.0000e+00
        257 236.622824    0.01778     1.0667     64.000      0.663  45231.274    28.6472    11.3087      0.657    6.39247    11.3089    21.7815   11.60189 1.1728e+02 0.0000e+00
        258 236.622827    0.01785     1.0708     64.250      0.673  45231.111    28.6471    11.3088      0.666    6.39246    11.3090    21.7814   11.60187 1.1712e+02 0.0000e+00
        259 236.622830    0.01792     1.0750     64.500      0.678  45230.978    28.6470    11.3090      0.672    6.39245    11.3090    21.7813   11.60185 1.1590e+02 0.0000e+00
        260 236.622833    0.01799     1.0792     64.750      0.678  45230.957    28.6470    11.3091      0.671    6.39243    11.3091    21.7813   11.60183 1.1422e+02 0.0000e+00
        261 236.622836    0.01806     1.0833     65.000      0.671  45230.946    28.6470    11.3091      0.664    6.39242    11.3092    21.7813   11.60181 1.1287e+02 0.0000e+00
        262 236.622839    0.01812     1.0875     65.250      0.660  45230.846    28.6469    11.3092      0.654    6.39242    11.3092    21.7812   11.60180 1.1235e+02 0.0000e+00
        263 236.622841    0.01819     1.0917     65.500      0.650  45230.687    28.6468    11.3093      0.644    6.39241    11.3092    21.7811   11.60179 1.1277e+02 0.0000e+00
        264 236.622844    0.01826     1.0958     65.750      0.644  45230.543    28.6467    11.3093      0.638    6.39241    11.3091    21.7811   11.60179 1.1357e+02 0.0000e+00
        265 236.622847    0.01833     1.1000     66.000      0.647  45230.387    28.6466    11.3093      0.641    6.39242    11.3090    21.7810   11.60181 1.1411e+02 0.0000e+00
        266 236.622850    0.01840     1.1042     66.250      0.656  45230.211    28.6465    11.3092      0.650    6.39243    11.3088    21.7809   11.60184 1.1437e+02 0.0000e+00
        267 236.622853    0.01847     1.1083     66.500      0.668  45230.078    28.6464    11.3090      0.662    6.39246    11.3086    21.7808   11.60188 1.1372e+02 0.0000e+00
        268 236.622856    0.01854     1.1125     66.750      0.677  45230.068    28.6464    11.3088      0.670    6.39249    11.3084    21.7808   11.60192 1.1228e+02 0.0000e+00
        269 236.622859    0.01861     1.1167     67.000      0.677  45230.233    28.6465    11.3087      0.671    6.39251    11.3084    21.7809   11.60196 1.1164e+02 0.0000e+00
        270 236.622862    0.01868     1.1208     67.250      0.671  45230.490    28.6466    11.3085      0.665    6.39251    11.3085    21.7811   11.60197 1.1211e+02 0.0000e+00
        271 236.622865    0.01875     1.1250     67.500      0.662  45230.672    28.6467    11.3085      0.656    6.39251    11.3085    21.7812   11.60197 1.1288e+02 0.0000e+00
