CTD-processing/allCTD/CNV--turbid/2017_04-19_t7_s21_cast119.cnv
* Sea-Bird SBE19plus Data File:
* FileName = P:\My Documents\kasitsna\Research-KBL\Oceanography-AK\CTD-Data-ALL-to-2017-02\2017-CTD-KachemakBay-CookInlet\2017-04-19-CookInlet-Tran7-Augustine\2017-04-19-CookInlet-Tran7-cast119.hex
* Software Version 1.59
* Temperature SN =  4141
* Conductivity SN =  4141
* System UpLoad Time = Apr 19 2017 16:48:29
** Cook Inlet LTM Transect 7 Augustine west to east
** Date: 2017-04-19
** Station: (eg. 9-01): 7-21
** Start time (AKDT): 15:29
** Depth (m): 73.2
** Comment: R/V Alaska Dreamcatcher
** Comment:
# nquan = 16
# nvalues = 547                         
# units = specified
# name 0 = scan: Scan Count
# name 1 = timeJ: Julian Days
# name 2 = timeH: Time, Elapsed [hours]
# name 3 = timeM: Time, Elapsed [minutes]
# name 4 = timeS: Time, Elapsed [seconds]
# name 5 = prdM: Pressure, Strain Gauge [db]
# name 6 = specc: Specific Conductance [uS/cm]
# name 7 = sal00: Salinity, Practical [PSU]
# name 8 = tv290C: Temperature [ITS-90, deg C]
# name 9 = depSM: Depth [salt water, m], lat = 59.00
# name 10 = oxsolML/L: Oxygen Saturation, Garcia & Gordon [ml/l]
# name 11 = potemp090C: Potential Temperature [ITS-90, deg C]
# name 12 = sigma-é00: Density [sigma-theta, kg/m^3]
# name 13 = n2satML/L: Nitrogen Saturation [ml/l]
# name 14 = par: PAR/Irradiance, Biospherical/Licor
# name 15 = flag:  0.000e+00
# span 0 =          1,        547       
# span 1 = 109.645660, 109.647240       
# span 2 =    0.00000,    0.03792       
# span 3 =     0.0000,     2.2750       
# span 4 =      0.000,    136.500       
# span 5 =     -0.057,     73.015       
# span 6 =    322.538,  51641.227       
# span 7 =     0.1493,    32.2618       
# span 8 =     4.9450,     6.6981       
# span 9 =     -0.057,     72.320       
# span 10 =    7.07861,    8.55280      
# span 11 =     4.9403,     6.6981      
# span 12 =     0.0372,    25.4453      
# span 13 =   12.69700,   15.60844      
# span 14 = 1.0236e-01, 1.6800e+03      
# span 15 = 0.0000e+00, 0.0000e+00      
# interval = seconds: 0.25
# start_time = Apr 19 2017 15:29:45 [Instrument's time stamp, header]
# bad_flag = -9.990e-29
*END*
[from data line 91]
         92 109.645923    0.00632     0.3792     22.750      1.138  51469.891    32.1488     5.5551      1.128    7.11495     5.5525    25.3529   12.75492 9.2922e+02 0.0000e+00
         93 109.645926    0.00639     0.3833     23.000      1.132  51470.831    32.1492     5.5539      1.121    7.11514     5.5513    25.3534   12.75523 8.1918e+02 0.0000e+00
         94 109.645929    0.00646     0.3875     23.250      1.126  51471.535    32.1495     5.5526      1.116    7.11535     5.5502    25.3537   12.75557 7.5061e+02 0.0000e+00
         95 109.645932    0.00653     0.3917     23.500      1.122  51472.631    32.1500     5.5513      1.112    7.11553     5.5494    25.3543   12.75587 7.0728e+02 0.0000e+00
         96 109.645935    0.00660     0.3958     23.750      1.120  51474.442    32.1510     5.5503      1.110    7.11566     5.5489    25.3552   12.75607 7.0891e+02 0.0000e+00
         97 109.645938    0.00667     0.4000     24.000      1.121  51476.819    32.1525     5.5495      1.110    7.11573     5.5486    25.3565   12.75616 7.6351e+02 0.0000e+00
         98 109.645940    0.00674     0.4042     24.250      1.124  51479.314    32.1541     5.5490      1.113    7.11573     5.5486    25.3578   12.75614 8.6775e+02 0.0000e+00
         99 109.645943    0.00681     0.4083     24.500      1.129  51481.511    32.1556     5.5487      1.119    7.11570     5.5487    25.3590   12.75607 1.0455e+03 0.0000e+00
        100 109.645946    0.00688     0.4125     24.750      1.137  51483.726    32.1571     5.5487      1.126    7.11564     5.5490    25.3602   12.75595 1.3316e+03 0.0000e+00
        101 109.645949    0.00694     0.4167     25.000      1.146  51487.683    32.1598     5.5488      1.135    7.11550     5.5499    25.3623   12.75568 1.5033e+03 0.0000e+00
        102 109.645952    0.00701     0.4208     25.250      1.154  51495.879    32.1656     5.5491      1.143    7.11516     5.5513    25.3668   12.75505 1.3005e+03 0.0000e+00
        103 109.645955    0.00708     0.4250     25.500      1.159  51510.217    32.1756     5.5500      1.148    7.11454     5.5531    25.3747   12.75390 9.6997e+02 0.0000e+00
        104 109.645958    0.00715     0.4292     25.750      1.160  51529.901    32.1895     5.5514      1.149    7.11365     5.5551    25.3856   12.75226 7.7425e+02 0.0000e+00
        105 109.645961    0.00722     0.4333     26.000      1.156  51549.676    32.2036     5.5532      1.145    7.11268     5.5570    25.3965   12.75047 6.7727e+02 0.0000e+00
        106 109.645964    0.00729     0.4375     26.250      1.149  51563.155    32.2133     5.5552      1.138    7.11188     5.5593    25.4039   12.74904 6.2772e+02 0.0000e+00
        107 109.645966    0.00736     0.4417     26.500      1.140  51566.686    32.2162     5.5571      1.129    7.11141     5.5619    25.4060   12.74822 6.0694e+02 0.0000e+00
        108 109.645969    0.00743     0.4458     26.750      1.134  51558.885    32.2113     5.5594      1.124    7.11126     5.5644    25.4018   12.74804 6.0958e+02 0.0000e+00
        109 109.645972    0.00750     0.4500     27.000      1.133  51542.413    32.2004     5.5620      1.122    7.11134     5.5661    25.3929   12.74830 6.2249e+02 0.0000e+00
        110 109.645975    0.00757     0.4542     27.250      1.136  51524.682    32.1887     5.5645      1.126    7.11148     5.5671    25.3833   12.74869 6.3387e+02 0.0000e+00
        111 109.645978    0.00764     0.4583     27.500      1.143  51512.317    32.1805     5.5662      1.132    7.11158     5.5675    25.3767   12.74895 6.4778e+02 0.0000e+00
        112 109.645981    0.00771     0.4625     27.750      1.149  51508.338    32.1779     5.5672      1.138    7.11155     5.5679    25.3745   12.74893 6.8304e+02 0.0000e+00
        113 109.645984    0.00778     0.4667     28.000      1.153  51513.606    32.1816     5.5676      1.142    7.11130     5.5687    25.3774   12.74847 6.9394e+02 0.0000e+00
        114 109.645987    0.00785     0.4708     28.250      1.152  51526.313    32.1905     5.5680      1.141    7.11081     5.5695    25.3844   12.74755 6.2535e+02 0.0000e+00
        115 109.645990    0.00792     0.4750     28.500      1.148  51541.327    32.2011     5.5688      1.137    7.11018     5.5698    25.3926   12.74638 5.5225e+02 0.0000e+00
        116 109.645992    0.00799     0.4792     28.750      1.140  51552.704    32.2091     5.5696      1.129    7.10966     5.5695    25.3989   12.74542 5.3531e+02 0.0000e+00
        117 109.645995    0.00806     0.4833     29.000      1.131  51556.613    32.2119     5.5699      1.120    7.10947     5.5686    25.4011   12.74507 5.3871e+02 0.0000e+00
        118 109.645998    0.00813     0.4875     29.250      1.124  51551.715    32.2084     5.5696      1.113    7.10968     5.5671    25.3984   12.74547 5.2569e+02 0.0000e+00
        119 109.646001    0.00819     0.4917     29.500      1.120  51539.817    32.2000     5.5687      1.109    7.11023     5.5647    25.3918   12.74648 4.9669e+02 0.0000e+00
        120 109.646004    0.00826     0.4958     29.750      1.121  51526.051    32.1902     5.5671      1.110    7.11096     5.5616    25.3842   12.74781 4.6994e+02 0.0000e+00
        121 109.646007    0.00833     0.5000     30.000      1.126  51515.164    32.1821     5.5648      1.115    7.11174     5.5581    25.3782   12.74920 4.4600e+02 0.0000e+00
        122 109.646010    0.00840     0.5042     30.250      1.134  51508.879    32.1771     5.5616      1.123    7.11250     5.5549    25.3746   12.75053 4.2393e+02 0.0000e+00
        123 109.646013    0.00847     0.5083     30.500      1.142  51506.890    32.1750     5.5582      1.131    7.11318     5.5522    25.3733   12.75168 4.1858e+02 0.0000e+00
        124 109.646016    0.00854     0.5125     30.750      1.149  51508.111    32.1752     5.5550      1.138    7.11372     5.5501    25.3738   12.75256 4.4153e+02 0.0000e+00
        125 109.646019    0.00861     0.5167     31.000      1.154  51511.374    32.1769     5.5523      1.143    7.11410     5.5487    25.3755   12.75315 4.9585e+02 0.0000e+00
        126 109.646021    0.00868     0.5208     31.250      1.157  51515.730    32.1795     5.5502      1.146    7.11432     5.5477    25.3777   12.75349 5.8623e+02 0.0000e+00
        127 109.646024    0.00875     0.5250     31.500      1.158  51520.423    32.1824     5.5488      1.147    7.11443     5.5471    25.3802   12.75363 6.6456e+02 0.0000e+00
        128 109.646027    0.00882     0.5292     31.750      1.158  51524.920    32.1853     5.5478      1.147    7.11445     5.5467    25.3826   12.75363 6.8163e+02 0.0000e+00
        129 109.646030    0.00889     0.5333     32.000      1.158  51529.025    32.1880     5.5472      1.147    7.11442     5.5464    25.3849   12.75355 6.8482e+02 0.0000e+00
        130 109.646033    0.00896     0.5375     32.250      1.158  51532.843    32.1906     5.5468      1.148    7.11437     5.5461    25.3870   12.75343 7.3231e+02 0.0000e+00
        131 109.646036    0.00903     0.5417     32.500      1.160  51536.591    32.1931     5.5465      1.149    7.11430     5.5459    25.3890   12.75329 8.2720e+02 0.0000e+00
        132 109.646039    0.00910     0.5458     32.750      1.162  51540.562    32.1958     5.5462      1.151    7.11422     5.5459    25.3911   12.75312 9.7485e+02 0.0000e+00
        133 109.646042    0.00917     0.5500     33.000      1.163  51545.017    32.1989     5.5460      1.152    7.11411     5.5461    25.3936   12.75289 1.0613e+03 0.0000e+00
        134 109.646045    0.00924     0.5542     33.250      1.163  51550.113    32.2024     5.5460      1.153    7.11395     5.5466    25.3963   12.75258 9.5124e+02 0.0000e+00
        135 109.646047    0.00931     0.5583     33.500      1.161  51555.952    32.2065     5.5462      1.151    7.11372     5.5474    25.3995   12.75216 7.9140e+02 0.0000e+00
        136 109.646050    0.00937     0.5625     33.750      1.158  51562.309    32.2110     5.5467      1.147    7.11342     5.5486    25.4030   12.75161 7.2475e+02 0.0000e+00
        137 109.646053    0.00944     0.5667     34.000      1.153  51568.439    32.2154     5.5475      1.142    7.11307     5.5501    25.4064   12.75097 7.3631e+02 0.0000e+00
        138 109.646056    0.00951     0.5708     34.250      1.147  51573.363    32.2191     5.5487      1.136    7.11269     5.5517    25.4092   12.75030 7.6816e+02 0.0000e+00
        139 109.646059    0.00958     0.5750     34.500      1.141  51576.198    32.2213     5.5502      1.130    7.11234     5.5532    25.4108   12.74969 7.4554e+02 0.0000e+00
        140 109.646062    0.00965     0.5792     34.750      1.136  51576.457    32.2218     5.5518      1.125    7.11205     5.5544    25.4111   12.74921 6.9828e+02 0.0000e+00
        141 109.646065    0.00972     0.5833     35.000      1.133  51574.313    32.2206     5.5533      1.122    7.11186     5.5553    25.4100   12.74891 6.5620e+02 0.0000e+00
        142 109.646068    0.00979     0.5875     35.250      1.133  51570.553    32.2183     5.5545      1.122    7.11176     5.5557    25.4080   12.74877 5.9572e+02 0.0000e+00
        143 109.646071    0.00986     0.5917     35.500      1.134  51566.066    32.2154     5.5554      1.123    7.11175     5.5556    25.4056   12.74879 5.4075e+02 0.0000e+00
        144 109.646073    0.00993     0.5958     35.750      1.136  51561.349    32.2122     5.5558      1.125    7.11183     5.5550    25.4030   12.74897 5.1744e+02 0.0000e+00
        145 109.646076    0.01000     0.6000     36.000      1.140  51556.746    32.2090     5.5557      1.129    7.11200     5.5541    25.4005   12.74929 5.3016e+02 0.0000e+00
        146 109.646079    0.01007     0.6042     36.250      1.144  51553.116    32.2063     5.5551      1.133    7.11222     5.5531    25.3984   12.74969 5.8788e+02 0.0000e+00
        147 109.646082    0.01014     0.6083     36.500      1.148  51551.836    32.2052     5.5542      1.137    7.11243     5.5522    25.3977   12.75005 7.1387e+02 0.0000e+00
        148 109.646085    0.01021     0.6125     36.750      1.152  51554.117    32.2066     5.5531      1.141    7.11254     5.5519    25.3989   12.75021 8.8069e+02 0.0000e+00
        149 109.646088    0.01028     0.6167     37.000      1.153  51560.494    32.2108     5.5523      1.142    7.11248     5.5523    25.4023   12.75006 1.0515e+03 0.0000e+00
        150 109.646091    0.01035     0.6208     37.250      1.153  51570.135    32.2174     5.5520      1.142    7.11222     5.5532    25.4076   12.74954 1.3254e+03 0.0000e+00
        151 109.646094    0.01042     0.6250     37.500      1.150  51580.292    32.2245     5.5523      1.139    7.11182     5.5542    25.4131   12.74880 1.6137e+03 0.0000e+00
        152 109.646097    0.01049     0.6292     37.750      1.145  51587.626    32.2298     5.5532      1.134    7.11142     5.5550    25.4172   12.74808 1.6590e+03 0.0000e+00
        153 109.646100    0.01056     0.6333     38.000      1.140  51590.012    32.2317     5.5543      1.129    7.11116     5.5554    25.4186   12.74762 1.5765e+03 0.0000e+00
        154 109.646102    0.01063     0.6375     38.250      1.137  51586.556    32.2295     5.5551      1.126    7.11113     5.5552    25.4167   12.74759 1.4614e+03 0.0000e+00
        155 109.646105    0.01069     0.6417     38.500      1.136  51577.317    32.2232     5.5555      1.125    7.11136     5.5539    25.4117   12.74805 1.2135e+03 0.0000e+00
        156 109.646108    0.01076     0.6458     38.750      1.139  51564.553    32.2143     5.5552      1.128    7.11182     5.5515    25.4047   12.74893 9.9041e+02 0.0000e+00
        157 109.646111    0.01083     0.6500     39.000      1.144  51552.671    32.2058     5.5540      1.133    7.11243     5.5484    25.3981   12.75005 9.1443e+02 0.0000e+00
        158 109.646114    0.01090     0.6542     39.250      1.150  51545.430    32.2003     5.5516      1.139    7.11309     5.5452    25.3940   12.75121 9.5008e+02 0.0000e+00
        159 109.646117    0.01097     0.6583     39.500      1.156  51544.456    32.1990     5.5485      1.146    7.11368     5.5427    25.3933   12.75220 9.8973e+02 0.0000e+00
        160 109.646120    0.01104     0.6625     39.750      1.162  51550.005    32.2022     5.5453      1.151    7.11406     5.5414    25.3962   12.75279 9.2952e+02 0.0000e+00
        161 109.646123    0.01111     0.6667     40.000      1.165  51561.648    32.2097     5.5428      1.154    7.11413     5.5412    25.4025   12.75280 8.5323e+02 0.0000e+00
        162 109.646126    0.01118     0.6708     40.250      1.165  51577.704    32.2205     5.5415      1.154    7.11384     5.5417    25.4112   12.75219 7.7477e+02 0.0000e+00
        163 109.646128    0.01125     0.6750     40.500      1.162  51594.468    32.2321     5.5413      1.151    7.11333     5.5422    25.4203   12.75119 6.5777e+02 0.0000e+00
        164 109.646131    0.01132     0.6792     40.750      1.155  51607.958    32.2415     5.5418      1.144    7.11281     5.5426    25.4277   12.75021 5.4884e+02 0.0000e+00
        165 109.646134    0.01139     0.6833     41.000      1.147  51615.938    32.2471     5.5423      1.136    7.11246     5.5435    25.4321   12.74956 4.4879e+02 0.0000e+00
        166 109.646137    0.01146     0.6875     41.250      1.140  51616.928    32.2479     5.5427      1.129    7.11234     5.5446    25.4327   12.74935 3.5717e+02 0.0000e+00
        167 109.646140    0.01153     0.6917     41.500      1.135  51609.807    32.2432     5.5435      1.124    7.11242     5.5453    25.4289   12.74955 2.9739e+02 0.0000e+00
        168 109.646143    0.01160     0.6958     41.750      1.135  51595.715    32.2337     5.5446      1.124    7.11269     5.5450    25.4212   12.75011 2.6673e+02 0.0000e+00
        169 109.646146    0.01167     0.7000     42.000      1.139  51579.189    32.2224     5.5453      1.128    7.11311     5.5438    25.4122   12.75095 2.4899e+02 0.0000e+00
        170 109.646149    0.01174     0.7042     42.250      1.146  51566.507    32.2136     5.5450      1.135    7.11358     5.5423    25.4053   12.75183 2.4426e+02 0.0000e+00
        171 109.646152    0.01181     0.7083     42.500      1.153  51562.013    32.2102     5.5438      1.142    7.11394     5.5413    25.4027   12.75248 2.4343e+02 0.0000e+00
        172 109.646155    0.01188     0.7125     42.750      1.157  51566.617    32.2130     5.5423      1.146    7.11405     5.5411    25.4052   12.75263 2.2294e+02 0.0000e+00
        173 109.646157    0.01194     0.7167     43.000      1.157  51577.962    32.2207     5.5414      1.147    7.11386     5.5413    25.4113   12.75221 1.8656e+02 0.0000e+00
        174 109.646160    0.01201     0.7208     43.250      1.155  51591.032    32.2297     5.5412      1.144    7.11346     5.5411    25.4185   12.75144 1.5384e+02 0.0000e+00
        175 109.646163    0.01208     0.7250     43.500      1.150  51601.043    32.2366     5.5414      1.139    7.11310     5.5404    25.4239   12.75076 1.3161e+02 0.0000e+00
        176 109.646166    0.01215     0.7292     43.750      1.146  51605.387    32.2396     5.5412      1.135    7.11299     5.5395    25.4263   12.75054 1.1736e+02 0.0000e+00
        177 109.646169    0.01222     0.7333     44.000      1.143  51602.751    32.2376     5.5405      1.132    7.11320     5.5383    25.4248   12.75090 1.0772e+02 0.0000e+00
        178 109.646172    0.01229     0.7375     44.250      1.143  51593.061    32.2308     5.5396      1.132    7.11368     5.5367    25.4195   12.75179 1.0096e+02 0.0000e+00
        179 109.646175    0.01236     0.7417     44.500      1.147  51579.146    32.2209     5.5384      1.136    7.11434     5.5346    25.4119   12.75301 9.6122e+01 0.0000e+00
        180 109.646178    0.01243     0.7458     44.750      1.154  51566.201    32.2116     5.5368      1.143    7.11505     5.5321    25.4047   12.75429 9.2628e+01 0.0000e+00
