CTD-processing/allCTD/CNV--turbid/2017_12-14_t9_s05_cast121.cnv
* Sea-Bird SBE19plus Data File:
* FileName = C:\Users\Kim.Powell\Desktop\Not Processed\2017\2017_12-XX_4141\2017_12-14_TANSECT_STATION_cast121.hex
* Software Version 1.59
* Temperature SN =  4141
* Conductivity SN =  4141
* System UpLoad Time = Dec 18 2017 08:16:24
** 2017_12-14
** Station: 9-05
** Start Time: 11:35
** Depth (m): 100.6
** Comment: ** CTD recorded date as April 18
** Comment:
# nquan = 16
# nvalues = 768                         
# units = specified
# name 0 = scan: Scan Count
# name 1 = timeJ: Julian Days
# name 2 = timeH: Time, Elapsed [hours]
# name 3 = timeM: Time, Elapsed [minutes]
# name 4 = timeS: Time, Elapsed [seconds]
# name 5 = prdM: Pressure, Strain Gauge [db]
# name 6 = specc: Specific Conductance [uS/cm]
# name 7 = sal00: Salinity, Practical [PSU]
# name 8 = tv290C: Temperature [ITS-90, deg C]
# name 9 = depSM: Depth [salt water, m], lat = 59.00
# name 10 = oxsolML/L: Oxygen Saturation, Garcia & Gordon [ml/l]
# name 11 = potemp090C: Potential Temperature [ITS-90, deg C]
# name 12 = sigma-é00: Density [sigma-theta, kg/m^3]
# name 13 = n2satML/L: Nitrogen Saturation [ml/l]
# name 14 = par: PAR/Irradiance, Biospherical/Licor
# name 15 = flag:  0.000e+00
# span 0 =          1,        768       
# span 1 = 108.482986, 108.485205       
# span 2 =    0.00000,    0.05326       
# span 3 =     0.0000,     3.1958       
# span 4 =      0.000,    191.750       
# span 5 =      0.501,     92.097       
# span 6 =  47613.575,  50132.370       
# span 7 =    29.3575,    31.4153       
# span 8 =     4.8238,     6.7822       
# span 9 =      0.496,     91.215       
# span 10 =    6.94715,    7.37544      
# span 11 =     4.8237,     6.7743      
# span 12 =    23.2220,    24.6276      
# span 13 =   12.48698,   13.22142      
# span 14 = 3.6382e-02, 5.3995e+01      
# span 15 = 0.0000e+00, 0.0000e+00      
# interval = seconds: 0.25
# start_time = Apr 18 2017 11:35:30 [Instrument's time stamp, header]
# bad_flag = -9.990e-29
*END*
[from data line 543]
        544 108.484557    0.03771     2.2625    135.750     46.425  50042.597    31.3511     6.6472     45.986    6.97180     6.6522    24.5914   12.52852 3.6382e-02 0.0000e+00
        545 108.484560    0.03778     2.2667    136.000     46.626  50042.427    31.3518     6.6520     46.185    6.97100     6.6557    24.5914   12.52718 3.6382e-02 0.0000e+00
        546 108.484563    0.03785     2.2708    136.250     46.821  50042.039    31.3522     6.6561     46.378    6.97031     6.6585    24.5912   12.52604 3.6382e-02 0.0000e+00
        547 108.484566    0.03792     2.2750    136.500     47.018  50040.845    31.3519     6.6596     46.573    6.96975     6.6605    24.5905   12.52512 3.6382e-02 0.0000e+00
        548 108.484569    0.03799     2.2792    136.750     47.222  50039.182    31.3511     6.6624     46.775    6.96933     6.6618    24.5896   12.52443 3.6382e-02 0.0000e+00
        549 108.484572    0.03806     2.2833    137.000     47.435  50037.816    31.3504     6.6645     46.986    6.96903     6.6624    24.5888   12.52395 3.6382e-02 0.0000e+00
        550 108.484575    0.03812     2.2875    137.250     47.656  50036.842    31.3499     6.6658     47.205    6.96885     6.6624    24.5882   12.52365 3.6382e-02 0.0000e+00
        551 108.484578    0.03819     2.2917    137.500     47.879  50036.252    31.3495     6.6664     47.426    6.96877     6.6619    24.5878   12.52353 3.6382e-02 0.0000e+00
        552 108.484580    0.03826     2.2958    137.750     48.100  50036.326    31.3495     6.6664     47.645    6.96877     6.6611    24.5878   12.52353 3.6382e-02 0.0000e+00
        553 108.484583    0.03833     2.3000    138.000     48.315  50037.343    31.3500     6.6659     47.857    6.96882     6.6602    24.5882   12.52361 3.6382e-02 0.0000e+00
        554 108.484586    0.03840     2.3042    138.250     48.523  50039.309    31.3511     6.6651     48.064    6.96890     6.6594    24.5892   12.52372 3.6382e-02 0.0000e+00
        555 108.484589    0.03847     2.3083    138.500     48.728  50041.769    31.3526     6.6643     48.267    6.96897     6.6589    24.5905   12.52382 3.6382e-02 0.0000e+00
        556 108.484592    0.03854     2.3125    138.750     48.933  50044.271    31.3541     6.6635     48.470    6.96903     6.6586    24.5918   12.52389 3.6382e-02 0.0000e+00
        557 108.484595    0.03861     2.3167    139.000     49.140  50046.630    31.3555     6.6630     48.674    6.96904     6.6586    24.5930   12.52390 3.6382e-02 0.0000e+00
        558 108.484598    0.03868     2.3208    139.250     49.349  50048.589    31.3567     6.6627     48.881    6.96903     6.6587    24.5940   12.52386 3.6382e-02 0.0000e+00
        559 108.484601    0.03875     2.3250    139.500     49.558  50049.904    31.3575     6.6627     49.089    6.96900     6.6588    24.5946   12.52380 3.6382e-02 0.0000e+00
        560 108.484604    0.03882     2.3292    139.750     49.766  50050.709    31.3580     6.6628     49.294    6.96896     6.6591    24.5950   12.52373 3.6382e-02 0.0000e+00
        561 108.484606    0.03889     2.3333    140.000     49.970  50051.610    31.3586     6.6630     49.497    6.96890     6.6596    24.5954   12.52362 3.6382e-02 0.0000e+00
        562 108.484609    0.03896     2.3375    140.250     50.173  50053.194    31.3596     6.6633     49.698    6.96880     6.6603    24.5962   12.52345 3.6382e-02 0.0000e+00
        563 108.484612    0.03903     2.3417    140.500     50.378  50055.287    31.3611     6.6638     49.900    6.96865     6.6612    24.5973   12.52319 3.6382e-02 0.0000e+00
        564 108.484615    0.03910     2.3458    140.750     50.586  50057.005    31.3623     6.6646     50.107    6.96848     6.6621    24.5981   12.52288 3.6382e-02 0.0000e+00
        565 108.484618    0.03917     2.3500    141.000     50.799  50057.957    31.3630     6.6655     50.318    6.96830     6.6629    24.5986   12.52257 3.6382e-02 0.0000e+00
        566 108.484621    0.03924     2.3542    141.250     51.016  50058.492    31.3635     6.6664     50.533    6.96813     6.6635    24.5988   12.52229 3.6382e-02 0.0000e+00
        567 108.484624    0.03931     2.3583    141.500     51.233  50058.861    31.3638     6.6672     50.748    6.96799     6.6641    24.5990   12.52205 3.6382e-02 0.0000e+00
        568 108.484627    0.03938     2.3625    141.750     51.450  50059.100    31.3640     6.6679     50.963    6.96787     6.6645    24.5990   12.52185 3.6382e-02 0.0000e+00
        569 108.484630    0.03944     2.3667    142.000     51.666  50059.314    31.3641     6.6684     51.177    6.96777     6.6649    24.5991   12.52168 3.6382e-02 0.0000e+00
        570 108.484633    0.03951     2.3708    142.250     51.880  50059.791    31.3644     6.6689     51.389    6.96768     6.6652    24.5993   12.52153 3.6382e-02 0.0000e+00
        571 108.484635    0.03958     2.3750    142.500     52.094  50060.710    31.3650     6.6693     51.600    6.96759     6.6656    24.5997   12.52138 3.6382e-02 0.0000e+00
        572 108.484638    0.03965     2.3792    142.750     52.308  50061.895    31.3658     6.6697     51.812    6.96749     6.6660    24.6003   12.52120 3.6382e-02 0.0000e+00
        573 108.484641    0.03972     2.3833    143.000     52.522  50063.043    31.3666     6.6701     52.025    6.96739     6.6665    24.6008   12.52102 3.6382e-02 0.0000e+00
        574 108.484644    0.03979     2.3875    143.250     52.736  50063.986    31.3672     6.6705     52.237    6.96729     6.6671    24.6013   12.52085 3.6382e-02 0.0000e+00
        575 108.484647    0.03986     2.3917    143.500     52.949  50064.967    31.3679     6.6710     52.448    6.96718     6.6677    24.6017   12.52065 3.6382e-02 0.0000e+00
        576 108.484650    0.03993     2.3958    143.750     53.162  50066.253    31.3688     6.6716     52.659    6.96704     6.6685    24.6024   12.52042 3.6382e-02 0.0000e+00
        577 108.484653    0.04000     2.4000    144.000     53.376  50067.603    31.3697     6.6722     52.870    6.96689     6.6694    24.6031   12.52016 3.6382e-02 0.0000e+00
        578 108.484656    0.04007     2.4042    144.250     53.592  50068.964    31.3707     6.6730     53.085    6.96672     6.6705    24.6037   12.51987 3.6382e-02 0.0000e+00
        579 108.484659    0.04014     2.4083    144.500     53.814  50070.720    31.3720     6.6739     53.304    6.96651     6.6718    24.6046   12.51951 3.6382e-02 0.0000e+00
        580 108.484661    0.04021     2.4125    144.750     54.038  50072.713    31.3735     6.6750     53.527    6.96626     6.6733    24.6057   12.51908 3.6382e-02 0.0000e+00
        581 108.484664    0.04028     2.4167    145.000     54.263  50074.375    31.3748     6.6764     53.749    6.96599     6.6749    24.6065   12.51861 3.6382e-02 0.0000e+00
        582 108.484667    0.04035     2.4208    145.250     54.485  50075.568    31.3758     6.6779     53.969    6.96570     6.6765    24.6071   12.51812 3.6382e-02 0.0000e+00
        583 108.484670    0.04042     2.4250    145.500     54.699  50076.524    31.3767     6.6795     54.181    6.96540     6.6783    24.6076   12.51761 3.6382e-02 0.0000e+00
        584 108.484673    0.04049     2.4292    145.750     54.904  50077.524    31.3776     6.6812     54.384    6.96509     6.6802    24.6081   12.51709 3.6382e-02 0.0000e+00
        585 108.484676    0.04056     2.4333    146.000     55.104  50078.987    31.3788     6.6830     54.582    6.96475     6.6824    24.6088   12.51651 3.6382e-02 0.0000e+00
        586 108.484679    0.04063     2.4375    146.250     55.303  50081.006    31.3805     6.6849     54.779    6.96436     6.6848    24.6099   12.51584 3.6382e-02 0.0000e+00
        587 108.484682    0.04069     2.4417    146.500     55.505  50082.782    31.3820     6.6871     54.979    6.96393     6.6872    24.6108   12.51511 3.6382e-02 0.0000e+00
        588 108.484685    0.04076     2.4458    146.750     55.715  50083.547    31.3828     6.6895     55.186    6.96350     6.6894    24.6112   12.51439 3.6382e-02 0.0000e+00
        589 108.484688    0.04083     2.4500    147.000     55.932  50083.291    31.3830     6.6919     55.401    6.96310     6.6912    24.6110   12.51373 3.6382e-02 0.0000e+00
        590 108.484690    0.04090     2.4542    147.250     56.154  50082.429    31.3827     6.6941     55.621    6.96276     6.6926    24.6105   12.51317 3.6382e-02 0.0000e+00
        591 108.484693    0.04097     2.4583    147.500     56.375  50081.543    31.3823     6.6959     55.840    6.96249     6.6936    24.6100   12.51273 3.6382e-02 0.0000e+00
        592 108.484696    0.04104     2.4625    147.750     56.592  50080.976    31.3821     6.6973     56.055    6.96227     6.6945    24.6096   12.51237 3.6382e-02 0.0000e+00
        593 108.484699    0.04111     2.4667    148.000     56.803  50080.767    31.3820     6.6984     56.264    6.96210     6.6952    24.6094   12.51208 3.6382e-02 0.0000e+00
        594 108.484702    0.04118     2.4708    148.250     57.011  50080.871    31.3821     6.6993     56.470    6.96195     6.6958    24.6094   12.51184 3.6382e-02 0.0000e+00
        595 108.484705    0.04125     2.4750    148.500     57.218  50081.139    31.3824     6.7000     56.675    6.96182     6.6963    24.6095   12.51163 3.6382e-02 0.0000e+00
        596 108.484708    0.04132     2.4792    148.750     57.428  50081.474    31.3826     6.7006     56.883    6.96171     6.6969    24.6096   12.51144 3.6382e-02 0.0000e+00
        597 108.484711    0.04139     2.4833    149.000     57.642  50081.710    31.3828     6.7012     57.095    6.96161     6.6973    24.6097   12.51127 3.6382e-02 0.0000e+00
        598 108.484714    0.04146     2.4875    149.250     57.858  50081.698    31.3828     6.7018     57.309    6.96152     6.6977    24.6096   12.51112 3.6382e-02 0.0000e+00
        599 108.484716    0.04153     2.4917    149.500     58.075  50081.577    31.3827     6.7023     57.524    6.96144     6.6980    24.6095   12.51099 3.6382e-02 0.0000e+00
        600 108.484719    0.04160     2.4958    149.750     58.289  50081.468    31.3826     6.7027     57.736    6.96138     6.6983    24.6093   12.51089 3.6382e-02 0.0000e+00
        601 108.484722    0.04167     2.5000    150.000     58.497  50081.514    31.3826     6.7030     57.942    6.96133     6.6986    24.6093   12.51081 3.6382e-02 0.0000e+00
        602 108.484725    0.04174     2.5042    150.250     58.700  50081.962    31.3829     6.7033     58.143    6.96127     6.6990    24.6095   12.51071 3.6382e-02 0.0000e+00
        603 108.484728    0.04181     2.5083    150.500     58.900  50082.842    31.3834     6.7036     58.341    6.96119     6.6996    24.6099   12.51058 3.6382e-02 0.0000e+00
        604 108.484731    0.04188     2.5125    150.750     59.100  50083.910    31.3842     6.7040     58.539    6.96109     6.7003    24.6104   12.51040 3.6382e-02 0.0000e+00
        605 108.484734    0.04194     2.5167    151.000     59.304  50084.899    31.3849     6.7046     58.741    6.96096     6.7010    24.6109   12.51018 3.6382e-02 0.0000e+00
        606 108.484737    0.04201     2.5208    151.250     59.512  50085.663    31.3854     6.7053     58.947    6.96082     6.7018    24.6112   12.50993 3.6382e-02 0.0000e+00
        607 108.484740    0.04208     2.5250    151.500     59.726  50086.069    31.3857     6.7061     59.159    6.96068     6.7024    24.6114   12.50970 3.6382e-02 0.0000e+00
        608 108.484742    0.04215     2.5292    151.750     59.944  50086.162    31.3858     6.7068     59.375    6.96056     6.7030    24.6114   12.50949 3.6382e-02 0.0000e+00
        609 108.484745    0.04222     2.5333    152.000     60.165  50086.116    31.3858     6.7075     59.594    6.96045     6.7034    24.6113   12.50931 3.6382e-02 0.0000e+00
        610 108.484748    0.04229     2.5375    152.250     60.385  50085.941    31.3857     6.7081     59.812    6.96036     6.7038    24.6111   12.50916 3.6382e-02 0.0000e+00
        611 108.484751    0.04236     2.5417    152.500     60.602  50085.608    31.3854     6.7086     60.027    6.96029     6.7041    24.6108   12.50905 3.6382e-02 0.0000e+00
        612 108.484754    0.04243     2.5458    152.750     60.816  50085.200    31.3851     6.7090     60.239    6.96024     6.7042    24.6106   12.50898 3.6382e-02 0.0000e+00
        613 108.484757    0.04250     2.5500    153.000     61.026  50084.898    31.3849     6.7092     60.447    6.96022     6.7042    24.6104   12.50894 3.6382e-02 0.0000e+00
        614 108.484760    0.04257     2.5542    153.250     61.235  50084.780    31.3847     6.7094     60.653    6.96020     6.7042    24.6102   12.50892 3.6382e-02 0.0000e+00
        615 108.484763    0.04264     2.5583    153.500     61.442  50084.812    31.3847     6.7094     60.859    6.96019     6.7042    24.6102   12.50890 3.6382e-02 0.0000e+00
        616 108.484766    0.04271     2.5625    153.750     61.651  50085.025    31.3847     6.7095     61.065    6.96019     6.7043    24.6102   12.50889 3.6382e-02 0.0000e+00
        617 108.484769    0.04278     2.5667    154.000     61.862  50085.426    31.3849     6.7095     61.275    6.96018     6.7044    24.6104   12.50887 3.6382e-02 0.0000e+00
        618 108.484771    0.04285     2.5708    154.250     62.075  50085.950    31.3852     6.7095     61.485    6.96015     6.7046    24.6106   12.50883 3.6382e-02 0.0000e+00
        619 108.484774    0.04292     2.5750    154.500     62.286  50086.472    31.3855     6.7097     61.694    6.96012     6.7049    24.6108   12.50876 3.6382e-02 0.0000e+00
        620 108.484777    0.04299     2.5792    154.750     62.492  50086.806    31.3857     6.7099     61.898    6.96007     6.7051    24.6109   12.50869 3.6382e-02 0.0000e+00
        621 108.484780    0.04306     2.5833    155.000     62.692  50086.931    31.3857     6.7101     62.097    6.96003     6.7052    24.6109   12.50862 3.6382e-02 0.0000e+00
        622 108.484783    0.04312     2.5875    155.250     62.888  50087.041    31.3857     6.7103     62.290    6.95999     6.7054    24.6109   12.50856 3.6382e-02 0.0000e+00
        623 108.484786    0.04319     2.5917    155.500     63.083  50087.281    31.3858     6.7105     62.483    6.95995     6.7056    24.6110   12.50850 3.6382e-02 0.0000e+00
        624 108.484789    0.04326     2.5958    155.750     63.282  50087.608    31.3860     6.7107     62.681    6.95991     6.7059    24.6111   12.50843 3.6382e-02 0.0000e+00
        625 108.484792    0.04333     2.6000    156.000     63.488  50087.870    31.3861     6.7110     62.885    6.95987     6.7061    24.6111   12.50835 3.6382e-02 0.0000e+00
        626 108.484795    0.04340     2.6042    156.250     63.701  50087.989    31.3862     6.7112     63.095    6.95983     6.7063    24.6111   12.50828 3.6382e-02 0.0000e+00
        627 108.484797    0.04347     2.6083    156.500     63.916  50088.051    31.3861     6.7115     63.309    6.95979     6.7064    24.6111   12.50822 3.6382e-02 0.0000e+00
        628 108.484800    0.04354     2.6125    156.750     64.129  50088.137    31.3861     6.7117     63.520    6.95976     6.7066    24.6111   12.50816 3.6382e-02 0.0000e+00
        629 108.484803    0.04361     2.6167    157.000     64.335  50088.238    31.3861     6.7119     63.724    6.95973     6.7067    24.6111   12.50811 3.6382e-02 0.0000e+00
        630 108.484806    0.04368     2.6208    157.250     64.537  50088.353    31.3862     6.7121     63.923    6.95970     6.7069    24.6111   12.50807 3.6382e-02 0.0000e+00
        631 108.484809    0.04375     2.6250    157.500     64.736  50088.456    31.3862     6.7122     64.120    6.95968     6.7070    24.6111   12.50803 3.6382e-02 0.0000e+00
        632 108.484812    0.04382     2.6292    157.750     64.936  50088.593    31.3862     6.7124     64.319    6.95965     6.7072    24.6111   12.50798 3.6382e-02 0.0000e+00
