CTD-processing/allCTD/CNV--turbid/2017_04-20_alongbay_skb05_cast152.cnv
* Sea-Bird SBE19plus Data File:
* FileName = P:\My Documents\kasitsna\Research-KBL\Oceanography-AK\CTD-Data-ALL-to-2017-02\2017-CTD-KachemakBay-CookInlet\2017-04-20-CookInlet-AlongKachemakBay\2017-04-20-CookInlet-AlongKachemakBay-cast152.hex
* Software Version 1.59
* Temperature SN =  4141
* Conductivity SN =  4141
* System UpLoad Time = Apr 24 2017 17:24:01
** Cook Inlet Along Kachemak Bay Line west to east
** Date: 2017-04-20
** Station: (eg. 9-01): KB05
** Start time (AKDT): 19:17
** Depth (m): 172.2
** Comment: R/V Alaska Dreamcatcher
** Comment: weak convergence zone ~1/2 mile east of station
# nquan = 16
# nvalues = 890                         
# units = specified
# name 0 = scan: Scan Count
# name 1 = timeJ: Julian Days
# name 2 = timeH: Time, Elapsed [hours]
# name 3 = timeM: Time, Elapsed [minutes]
# name 4 = timeS: Time, Elapsed [seconds]
# name 5 = prdM: Pressure, Strain Gauge [db]
# name 6 = specc: Specific Conductance [uS/cm]
# name 7 = sal00: Salinity, Practical [PSU]
# name 8 = tv290C: Temperature [ITS-90, deg C]
# name 9 = depSM: Depth [salt water, m], lat = 59.00
# name 10 = oxsolML/L: Oxygen Saturation, Garcia & Gordon [ml/l]
# name 11 = potemp090C: Potential Temperature [ITS-90, deg C]
# name 12 = sigma-é00: Density [sigma-theta, kg/m^3]
# name 13 = n2satML/L: Nitrogen Saturation [ml/l]
# name 14 = par: PAR/Irradiance, Biospherical/Licor
# name 15 = flag:  0.000e+00
# span 0 =          1,        890       
# span 1 = 110.803634, 110.806207       
# span 2 =    0.00000,    0.06174       
# span 3 =     0.0000,     3.7042       
# span 4 =      0.000,    222.250       
# span 5 =      0.041,    167.940       
# span 6 =    345.611,  52074.737       
# span 7 =     0.1605,    32.0992       
# span 8 =     3.7125,     6.4643       
# span 9 =      0.040,    166.303       
# span 10 =    6.97252,    8.71987      
# span 11 =     3.7030,     6.4642      
# span 12 =     0.0741,    25.4762      
# span 13 =   12.52180,   15.88931      
# span 14 = 3.6382e-02, 6.4511e+02      
# span 15 = 0.0000e+00, 0.0000e+00      
# interval = seconds: 0.25
# start_time = Apr 20 2017 19:17:14 [Instrument's time stamp, header]
# bad_flag = -9.990e-29
*END*
[from data line 543]
        544 110.805205    0.03771     2.2625    135.750     80.416  51852.384    32.0006     3.9145     79.649    7.40843     3.9039    25.4095   13.24128 3.6382e-02 0.0000e+00
        545 110.805208    0.03778     2.2667    136.000     80.694  51855.833    32.0020     3.9114     79.925    7.40890     3.9022    25.4110   13.24205 3.6382e-02 0.0000e+00
        546 110.805211    0.03785     2.2708    136.250     80.971  51859.568    32.0038     3.9090     80.199    7.40926     3.9011    25.4126   13.24261 3.6382e-02 0.0000e+00
        547 110.805214    0.03792     2.2750    136.500     81.244  51862.589    32.0054     3.9073     80.469    7.40948     3.9005    25.4140   13.24296 3.6382e-02 0.0000e+00
        548 110.805217    0.03799     2.2792    136.750     81.513  51864.616    32.0064     3.9063     80.736    7.40961     3.9002    25.4149   13.24316 3.6382e-02 0.0000e+00
        549 110.805220    0.03806     2.2833    137.000     81.778  51866.049    32.0071     3.9057     80.998    7.40968     3.9001    25.4155   13.24326 3.6382e-02 0.0000e+00
        550 110.805223    0.03812     2.2875    137.250     82.040  51867.043    32.0075     3.9055     81.257    7.40971     3.9000    25.4159   13.24330 3.6382e-02 0.0000e+00
        551 110.805226    0.03819     2.2917    137.500     82.302  51867.573    32.0077     3.9053     81.516    7.40972     3.9000    25.4161   13.24332 3.6382e-02 0.0000e+00
        552 110.805229    0.03826     2.2958    137.750     82.566  51868.045    32.0079     3.9053     81.778    7.40972     3.9000    25.4162   13.24333 3.6382e-02 0.0000e+00
        553 110.805231    0.03833     2.3000    138.000     82.835  51868.893    32.0083     3.9052     82.045    7.40971     3.9002    25.4166   13.24330 3.6382e-02 0.0000e+00
        554 110.805234    0.03840     2.3042    138.250     83.108  51869.977    32.0090     3.9053     82.315    7.40967     3.9005    25.4171   13.24323 3.6382e-02 0.0000e+00
        555 110.805237    0.03847     2.3083    138.500     83.384  51870.959    32.0095     3.9055     82.588    7.40961     3.9009    25.4175   13.24311 3.6382e-02 0.0000e+00
        556 110.805240    0.03854     2.3125    138.750     83.661  51871.676    32.0100     3.9058     82.862    7.40953     3.9013    25.4179   13.24297 3.6382e-02 0.0000e+00
        557 110.805243    0.03861     2.3167    139.000     83.938  51872.187    32.0103     3.9062     83.136    7.40944     3.9018    25.4181   13.24283 3.6382e-02 0.0000e+00
        558 110.805246    0.03868     2.3208    139.250     84.213  51872.701    32.0106     3.9066     83.409    7.40935     3.9023    25.4183   13.24267 3.6382e-02 0.0000e+00
        559 110.805249    0.03875     2.3250    139.500     84.486  51873.181    32.0109     3.9071     83.679    7.40924     3.9028    25.4185   13.24249 3.6382e-02 0.0000e+00
        560 110.805252    0.03882     2.3292    139.750     84.756  51873.526    32.0111     3.9076     83.947    7.40913     3.9035    25.4186   13.24231 3.6382e-02 0.0000e+00
        561 110.805255    0.03889     2.3333    140.000     85.025  51873.983    32.0115     3.9082     84.213    7.40901     3.9043    25.4188   13.24210 3.6382e-02 0.0000e+00
        562 110.805258    0.03896     2.3375    140.250     85.293  51874.936    32.0121     3.9089     84.478    7.40885     3.9053    25.4193   13.24184 3.6382e-02 0.0000e+00
        563 110.805260    0.03903     2.3417    140.500     85.562  51876.590    32.0133     3.9097     84.745    7.40865     3.9067    25.4201   13.24148 3.6382e-02 0.0000e+00
        564 110.805263    0.03910     2.3458    140.750     85.834  51878.375    32.0147     3.9108     85.014    7.40839     3.9079    25.4211   13.24103 3.6382e-02 0.0000e+00
        565 110.805266    0.03917     2.3500    141.000     86.108  51878.087    32.0147     3.9122     85.285    7.40814     3.9078    25.4210   13.24063 3.6382e-02 0.0000e+00
        566 110.805269    0.03924     2.3542    141.250     86.385  51873.936    32.0120     3.9133     85.559    7.40806     3.9056    25.4187   13.24053 3.6382e-02 0.0000e+00
        567 110.805272    0.03931     2.3583    141.500     86.662  51867.777    32.0076     3.9133     85.833    7.40830     3.9018    25.4152   13.24098 3.6382e-02 0.0000e+00
        568 110.805275    0.03938     2.3625    141.750     86.938  51863.813    32.0042     3.9111     86.107    7.40885     3.8973    25.4128   13.24193 3.6382e-02 0.0000e+00
        569 110.805278    0.03944     2.3667    142.000     87.213  51864.341    32.0035     3.9073     86.379    7.40958     3.8931    25.4126   13.24315 3.6382e-02 0.0000e+00
        570 110.805281    0.03951     2.3708    142.250     87.485  51868.024    32.0048     3.9028     86.649    7.41033     3.8897    25.4140   13.24436 3.6382e-02 0.0000e+00
        571 110.805284    0.03958     2.3750    142.500     87.755  51872.469    32.0066     3.8987     86.917    7.41098     3.8872    25.4159   13.24542 3.6382e-02 0.0000e+00
        572 110.805286    0.03965     2.3792    142.750     88.023  51876.446    32.0084     3.8953     87.182    7.41150     3.8853    25.4176   13.24625 3.6382e-02 0.0000e+00
        573 110.805289    0.03972     2.3833    143.000     88.291  51879.504    32.0098     3.8928     87.447    7.41190     3.8838    25.4189   13.24689 3.6382e-02 0.0000e+00
        574 110.805292    0.03979     2.3875    143.250     88.560  51881.593    32.0106     3.8909     87.713    7.41220     3.8826    25.4197   13.24737 3.6382e-02 0.0000e+00
        575 110.805295    0.03986     2.3917    143.500     88.832  51883.141    32.0112     3.8894     87.983    7.41244     3.8817    25.4203   13.24775 3.6382e-02 0.0000e+00
        576 110.805298    0.03993     2.3958    143.750     89.108  51884.502    32.0117     3.8883     88.256    7.41262     3.8809    25.4209   13.24805 3.6382e-02 0.0000e+00
        577 110.805301    0.04000     2.4000    144.000     89.386  51885.437    32.0119     3.8874     88.531    7.41277     3.8801    25.4212   13.24829 3.6382e-02 0.0000e+00
        578 110.805304    0.04007     2.4042    144.250     89.664  51885.814    32.0118     3.8866     88.806    7.41291     3.8793    25.4212   13.24852 3.6382e-02 0.0000e+00
        579 110.805307    0.04014     2.4083    144.500     89.940  51885.903    32.0116     3.8859     89.080    7.41306     3.8782    25.4210   13.24877 3.6382e-02 0.0000e+00
        580 110.805310    0.04021     2.4125    144.750     90.214  51885.672    32.0111     3.8850     89.352    7.41323     3.8767    25.4207   13.24907 3.6382e-02 0.0000e+00
        581 110.805313    0.04028     2.4167    145.000     90.488  51884.833    32.0101     3.8840     89.622    7.41347     3.8746    25.4200   13.24947 3.6382e-02 0.0000e+00
        582 110.805315    0.04035     2.4208    145.250     90.759  51883.579    32.0087     3.8825     89.891    7.41381     3.8720    25.4191   13.25005 3.6382e-02 0.0000e+00
        583 110.805318    0.04042     2.4250    145.500     91.029  51882.924    32.0076     3.8804     90.158    7.41424     3.8692    25.4184   13.25078 3.6382e-02 0.0000e+00
        584 110.805321    0.04049     2.4292    145.750     91.298  51883.769    32.0074     3.8778     90.425    7.41472     3.8667    25.4185   13.25158 3.6382e-02 0.0000e+00
        585 110.805324    0.04056     2.4333    146.000     91.568  51885.944    32.0080     3.8750     90.692    7.41519     3.8646    25.4193   13.25235 3.6382e-02 0.0000e+00
        586 110.805327    0.04063     2.4375    146.250     91.841  51888.755    32.0092     3.8725     90.962    7.41560     3.8630    25.4205   13.25300 3.6382e-02 0.0000e+00
        587 110.805330    0.04069     2.4417    146.500     92.119  51891.584    32.0105     3.8704     91.237    7.41591     3.8619    25.4217   13.25350 3.6382e-02 0.0000e+00
        588 110.805333    0.04076     2.4458    146.750     92.400  51894.046    32.0116     3.8689     91.516    7.41613     3.8613    25.4228   13.25385 3.6382e-02 0.0000e+00
        589 110.805336    0.04083     2.4500    147.000     92.681  51895.935    32.0125     3.8678     91.794    7.41627     3.8608    25.4236   13.25407 3.6382e-02 0.0000e+00
        590 110.805339    0.04090     2.4542    147.250     92.960  51897.137    32.0131     3.8672     92.070    7.41637     3.8604    25.4240   13.25421 3.6382e-02 0.0000e+00
        591 110.805341    0.04097     2.4583    147.500     93.232  51897.806    32.0133     3.8667     92.340    7.41643     3.8601    25.4243   13.25432 3.6382e-02 0.0000e+00
        592 110.805344    0.04104     2.4625    147.750     93.499  51898.276    32.0134     3.8663     92.604    7.41650     3.8597    25.4244   13.25443 3.6382e-02 0.0000e+00
        593 110.805347    0.04111     2.4667    148.000     93.761  51898.827    32.0136     3.8660     92.863    7.41656     3.8594    25.4245   13.25452 3.6382e-02 0.0000e+00
        594 110.805350    0.04118     2.4708    148.250     94.021  51899.673    32.0139     3.8656     93.121    7.41660     3.8591    25.4248   13.25459 3.6382e-02 0.0000e+00
        595 110.805353    0.04125     2.4750    148.500     94.281  51900.972    32.0146     3.8653     93.379    7.41662     3.8590    25.4254   13.25461 3.6382e-02 0.0000e+00
        596 110.805356    0.04132     2.4792    148.750     94.545  51902.625    32.0155     3.8651     93.640    7.41661     3.8590    25.4262   13.25459 3.6382e-02 0.0000e+00
        597 110.805359    0.04139     2.4833    149.000     94.813  51904.371    32.0165     3.8650     93.906    7.41657     3.8591    25.4270   13.25451 3.6382e-02 0.0000e+00
        598 110.805362    0.04146     2.4875    149.250     95.088  51905.895    32.0174     3.8651     94.178    7.41652     3.8590    25.4277   13.25442 3.6382e-02 0.0000e+00
        599 110.805365    0.04153     2.4917    149.500     95.369  51906.714    32.0179     3.8651     94.456    7.41649     3.8586    25.4281   13.25436 3.6382e-02 0.0000e+00
        600 110.805367    0.04160     2.4958    149.750     95.654  51906.880    32.0178     3.8651     94.738    7.41650     3.8580    25.4281   13.25438 3.6382e-02 0.0000e+00
        601 110.805370    0.04167     2.5000    150.000     95.938  51907.303    32.0179     3.8647     95.019    7.41657     3.8573    25.4281   13.25449 3.6382e-02 0.0000e+00
        602 110.805373    0.04174     2.5042    150.250     96.220  51908.668    32.0185     3.8641     95.299    7.41665     3.8568    25.4287   13.25462 3.6382e-02 0.0000e+00
        603 110.805376    0.04181     2.5083    150.500     96.500  51910.651    32.0195     3.8634     95.576    7.41672     3.8564    25.4296   13.25471 3.6382e-02 0.0000e+00
        604 110.805379    0.04188     2.5125    150.750     96.779  51912.511    32.0205     3.8629     95.853    7.41676     3.8561    25.4304   13.25477 3.6382e-02 0.0000e+00
        605 110.805382    0.04194     2.5167    151.000     97.058  51913.876    32.0212     3.8626     96.128    7.41679     3.8556    25.4310   13.25481 3.6382e-02 0.0000e+00
        606 110.805385    0.04201     2.5208    151.250     97.336  51914.766    32.0216     3.8622     96.403    7.41683     3.8551    25.4314   13.25487 3.6382e-02 0.0000e+00
        607 110.805388    0.04208     2.5250    151.500     97.613  51915.504    32.0219     3.8618     96.678    7.41689     3.8545    25.4316   13.25497 3.6382e-02 0.0000e+00
        608 110.805391    0.04215     2.5292    151.750     97.891  51916.791    32.0225     3.8613     96.953    7.41696     3.8542    25.4321   13.25507 3.6382e-02 0.0000e+00
        609 110.805394    0.04222     2.5333    152.000     98.168  51919.197    32.0238     3.8607     97.228    7.41699     3.8544    25.4333   13.25511 3.6382e-02 0.0000e+00
        610 110.805396    0.04229     2.5375    152.250     98.446  51922.674    32.0260     3.8604     97.503    7.41694     3.8555    25.4350   13.25499 3.6382e-02 0.0000e+00
        611 110.805399    0.04236     2.5417    152.500     98.724  51926.846    32.0288     3.8607     97.777    7.41675     3.8573    25.4372   13.25465 3.6382e-02 0.0000e+00
        612 110.805402    0.04243     2.5458    152.750     99.000  51930.887    32.0316     3.8617     98.051    7.41642     3.8597    25.4394   13.25406 3.6382e-02 0.0000e+00
        613 110.805405    0.04250     2.5500    153.000     99.275  51933.897    32.0340     3.8636     98.324    7.41596     3.8625    25.4411   13.25328 3.6382e-02 0.0000e+00
        614 110.805408    0.04257     2.5542    153.250     99.549  51935.872    32.0358     3.8661     98.595    7.41543     3.8654    25.4423   13.25237 3.6382e-02 0.0000e+00
        615 110.805411    0.04264     2.5583    153.500     99.822  51937.230    32.0373     3.8689     98.865    7.41485     3.8684    25.4432   13.25140 3.6382e-02 0.0000e+00
        616 110.805414    0.04271     2.5625    153.750    100.096  51938.023    32.0384     3.8718     99.137    7.41426     3.8713    25.4438   13.25041 3.6382e-02 0.0000e+00
        617 110.805417    0.04278     2.5667    154.000    100.371  51938.095    32.0391     3.8748     99.409    7.41368     3.8739    25.4441   13.24945 3.6382e-02 0.0000e+00
        618 110.805420    0.04285     2.5708    154.250    100.647  51937.591    32.0393     3.8777     99.681    7.41315     3.8763    25.4440   13.24856 3.6382e-02 0.0000e+00
        619 110.805422    0.04292     2.5750    154.500    100.922  51937.006    32.0394     3.8803     99.954    7.41266     3.8784    25.4438   13.24776 3.6382e-02 0.0000e+00
        620 110.805425    0.04299     2.5792    154.750    101.197  51936.641    32.0396     3.8827    100.226    7.41222     3.8803    25.4437   13.24703 3.6382e-02 0.0000e+00
        621 110.805428    0.04306     2.5833    155.000    101.471  51936.256    32.0398     3.8848    100.498    7.41183     3.8818    25.4436   13.24638 3.6382e-02 0.0000e+00
        622 110.805431    0.04312     2.5875    155.250    101.746  51935.410    32.0395     3.8867    100.769    7.41149     3.8829    25.4433   13.24583 3.6382e-02 0.0000e+00
        623 110.805434    0.04319     2.5917    155.500    102.020  51933.999    32.0388     3.8883    101.041    7.41125     3.8834    25.4425   13.24544 3.6382e-02 0.0000e+00
        624 110.805437    0.04326     2.5958    155.750    102.295  51932.380    32.0378     3.8894    101.314    7.41110     3.8833    25.4416   13.24521 3.6382e-02 0.0000e+00
        625 110.805440    0.04333     2.6000    156.000    102.571  51930.893    32.0368     3.8899    101.586    7.41106     3.8825    25.4408   13.24516 3.6382e-02 0.0000e+00
        626 110.805443    0.04340     2.6042    156.250    102.846  51929.495    32.0357     3.8898    101.859    7.41113     3.8811    25.4399   13.24529 3.6382e-02 0.0000e+00
        627 110.805446    0.04347     2.6083    156.500    103.122  51928.408    32.0346     3.8890    102.133    7.41132     3.8792    25.4391   13.24562 3.6382e-02 0.0000e+00
        628 110.805448    0.04354     2.6125    156.750    103.398  51928.271    32.0340     3.8877    102.406    7.41160     3.8773    25.4388   13.24608 3.6382e-02 0.0000e+00
        629 110.805451    0.04361     2.6167    157.000    103.674  51929.184    32.0341     3.8859    102.679    7.41193     3.8753    25.4390   13.24662 3.6382e-02 0.0000e+00
        630 110.805454    0.04368     2.6208    157.250    103.948  51930.575    32.0344     3.8839    102.950    7.41227     3.8735    25.4395   13.24718 3.6382e-02 0.0000e+00
        631 110.805457    0.04375     2.6250    157.500    104.220  51931.734    32.0346     3.8820    103.219    7.41260     3.8715    25.4398   13.24773 3.6382e-02 0.0000e+00
        632 110.805460    0.04382     2.6292    157.750    104.491  51932.223    32.0343     3.8801    103.488    7.41295     3.8692    25.4398   13.24831 3.6382e-02 0.0000e+00
