CTD-processing/allCTD/CNV--turbid/2017_11-02_t7_s21_cast081.cnv
* Sea-Bird SBE19plus Data File:
* FileName = C:\Users\Kim.Powell\Desktop\Not Processed\2017\2017_11-02_\2017_11-02_TRANSECT_STATION_cast081.hex
* Software Version 1.59
* Temperature SN =  4141
* Conductivity SN =  4141
* System UpLoad Time = Nov 07 2017 08:18:15
** 2017_11-02
** Station: 7-21
** Start Time: 14:02
** Depth (m): 79.2
** Comment: Edgecumbe
** Comment:
# nquan = 16
# nvalues = 608                         
# units = specified
# name 0 = scan: Scan Count
# name 1 = timeJ: Julian Days
# name 2 = timeH: Time, Elapsed [hours]
# name 3 = timeM: Time, Elapsed [minutes]
# name 4 = timeS: Time, Elapsed [seconds]
# name 5 = prdM: Pressure, Strain Gauge [db]
# name 6 = specc: Specific Conductance [uS/cm]
# name 7 = sal00: Salinity, Practical [PSU]
# name 8 = tv290C: Temperature [ITS-90, deg C]
# name 9 = depSM: Depth [salt water, m], lat = 59.00
# name 10 = oxsolML/L: Oxygen Saturation, Garcia & Gordon [ml/l]
# name 11 = potemp090C: Potential Temperature [ITS-90, deg C]
# name 12 = sigma-é00: Density [sigma-theta, kg/m^3]
# name 13 = n2satML/L: Nitrogen Saturation [ml/l]
# name 14 = par: PAR/Irradiance, Biospherical/Licor
# name 15 = flag:  0.000e+00
# span 0 =          1,        608       
# span 1 = 306.583970, 306.585726       
# span 2 =    0.00000,    0.04215       
# span 3 =     0.0000,     2.5292       
# span 4 =      0.000,    151.750       
# span 5 =      0.970,     66.736       
# span 6 =  47812.504,  49502.495       
# span 7 =    30.2450,    31.3758       
# span 8 =     9.1058,     9.5727       
# span 9 =      0.960,     66.101       
# span 10 =    6.56294,    6.63111      
# span 11 =     9.1057,     9.5725      
# span 12 =    23.3309,    24.2473      
# span 13 =   11.86298,   11.97586      
# span 14 = 2.0674e-01, 3.8515e+02      
# span 15 = 0.0000e+00, 0.0000e+00      
# interval = seconds: 0.25
# start_time = Nov 02 2017 14:00:55 [Instrument's time stamp, header]
# bad_flag = -9.990e-29
*END*
[from data line 91]
         92 306.584233    0.00632     0.3792     22.750      1.041  47977.118    30.3377     9.2621      1.031    6.61317     9.2577    23.4299   11.94759 1.7804e+02 0.0000e+00
         93 306.584236    0.00639     0.3833     23.000      1.050  47963.360    30.3279     9.2614      1.041    6.61368     9.2476    23.4224   11.94855 1.8427e+02 0.0000e+00
         94 306.584239    0.00646     0.3875     23.250      1.045  47954.137    30.3210     9.2578      1.036    6.61450     9.2317    23.4176   11.95001 1.8821e+02 0.0000e+00
         95 306.584242    0.00653     0.3917     23.500      1.027  47961.480    30.3248     9.2477      1.017    6.61583     9.2158    23.4221   11.95216 1.8467e+02 0.0000e+00
         96 306.584245    0.00660     0.3958     23.750      1.001  47986.162    30.3400     9.2317      0.992    6.61752     9.2065    23.4364   11.95478 1.7761e+02 0.0000e+00
         97 306.584248    0.00667     0.4000     24.000      0.980  48018.381    30.3604     9.2159      0.971    6.61898     9.2070    23.4548   11.95695 1.7652e+02 0.0000e+00
         98 306.584251    0.00674     0.4042     24.250      0.970  48042.957    30.3764     9.2066      0.960    6.61968     9.2169    23.4687   11.95790 1.8172e+02 0.0000e+00
         99 306.584253    0.00681     0.4083     24.500      0.972  48048.577    30.3804     9.2071      0.963    6.61942     9.2308    23.4718   11.95743 1.8433e+02 0.0000e+00
        100 306.584256    0.00688     0.4125     24.750      0.986  48032.910    30.3708     9.2170      0.976    6.61838     9.2422    23.4627   11.95583 1.8089e+02 0.0000e+00
        101 306.584259    0.00694     0.4167     25.000      1.004  48002.773    30.3515     9.2309      0.995    6.61715     9.2464    23.4455   11.95402 1.7965e+02 0.0000e+00
        102 306.584262    0.00701     0.4208     25.250      1.020  47971.665    30.3312     9.2424      1.011    6.61633     9.2407    23.4279   11.95292 1.8695e+02 0.0000e+00
        103 306.584265    0.00708     0.4250     25.500      1.028  47953.222    30.3189     9.2465      1.019    6.61626     9.2269    23.4176   11.95295 2.0268e+02 0.0000e+00
        104 306.584268    0.00715     0.4292     25.750      1.027  47954.844    30.3193     9.2409      1.017    6.61707     9.2107    23.4188   11.95429 2.1683e+02 0.0000e+00
        105 306.584271    0.00722     0.4333     26.000      1.018  47975.598    30.3320     9.2270      1.009    6.61857     9.1987    23.4308   11.95661 2.1194e+02 0.0000e+00
        106 306.584274    0.00729     0.4375     26.250      1.009  48008.251    30.3527     9.2108      0.999    6.62007     9.1953    23.4495   11.95884 1.9805e+02 0.0000e+00
        107 306.584277    0.00736     0.4417     26.500      1.006  48043.321    30.3757     9.1988      0.996    6.62086     9.2038    23.4693   11.95987 1.9199e+02 0.0000e+00
        108 306.584280    0.00743     0.4458     26.750      1.015  48071.773    30.3951     9.1954      1.006    6.62052     9.2259    23.4850   11.95908 1.8615e+02 0.0000e+00
        109 306.584282    0.00750     0.4500     27.000      1.039  48085.242    30.4057     9.2039      1.029    6.61883     9.2584    23.4920   11.95615 1.7735e+02 0.0000e+00
        110 306.584285    0.00757     0.4542     27.250      1.071  48071.631    30.3990     9.2260      1.061    6.61586     9.2927    23.4834   11.95131 1.7241e+02 0.0000e+00
        111 306.584288    0.00764     0.4583     27.500      1.101  48028.509    30.3731     9.2585      1.091    6.61218     9.3204    23.4581   11.94553 1.7173e+02 0.0000e+00
        112 306.584291    0.00771     0.4625     27.750      1.123  47971.805    30.3379     9.2928      1.112    6.60864     9.3365    23.4254   11.94009 1.7515e+02 0.0000e+00
        113 306.584294    0.00778     0.4667     28.000      1.132  47917.342    30.3034     9.3205      1.121    6.60605     9.3392    23.3942   11.93622 1.8398e+02 0.0000e+00
        114 306.584297    0.00785     0.4708     28.250      1.126  47879.077    30.2787     9.3366      1.116    6.60473     9.3310    23.3724   11.93433 1.8957e+02 0.0000e+00
        115 306.584300    0.00792     0.4750     28.500      1.110  47868.577    30.2717     9.3393      1.100    6.60463     9.3194    23.3665   11.93425 1.8324e+02 0.0000e+00
        116 306.584303    0.00799     0.4792     28.750      1.091  47885.768    30.2826     9.3311      1.081    6.60537     9.3119    23.3764   11.93534 1.7338e+02 0.0000e+00
        117 306.584306    0.00806     0.4833     29.000      1.080  47917.889    30.3036     9.3195      1.070    6.60618     9.3119    23.3946   11.93642 1.6906e+02 0.0000e+00
        118 306.584308    0.00813     0.4875     29.250      1.080  47945.057    30.3217     9.3121      1.070    6.60650     9.3184    23.4098   11.93675 1.7007e+02 0.0000e+00
        119 306.584311    0.00819     0.4917     29.500      1.090  47952.481    30.3269     9.3121      1.080    6.60628     9.3275    23.4139   11.93631 1.7512e+02 0.0000e+00
        120 306.584314    0.00826     0.4958     29.750      1.104  47937.290    30.3171     9.3185      1.094    6.60575     9.3357    23.4053   11.93556 1.8005e+02 0.0000e+00
        121 306.584317    0.00833     0.5000     30.000      1.116  47908.500    30.2981     9.3276      1.106    6.60522     9.3404    23.3891   11.93491 1.8347e+02 0.0000e+00
        122 306.584320    0.00840     0.5042     30.250      1.125  47879.650    30.2790     9.3358      1.115    6.60484     9.3402    23.3728   11.93450 1.8904e+02 0.0000e+00
        123 306.584323    0.00847     0.5083     30.500      1.130  47859.309    30.2654     9.3405      1.120    6.60473     9.3360    23.3615   11.93448 1.9521e+02 0.0000e+00
        124 306.584326    0.00854     0.5125     30.750      1.129  47851.012    30.2595     9.3403      1.119    6.60501     9.3310    23.3569   11.93503 1.9757e+02 0.0000e+00
        125 306.584329    0.00861     0.5167     31.000      1.123  47855.078    30.2618     9.3361      1.113    6.60553     9.3275    23.3594   11.93587 1.9335e+02 0.0000e+00
        126 306.584332    0.00868     0.5208     31.250      1.113  47869.135    30.2710     9.3311      1.103    6.60588     9.3261    23.3673   11.93633 1.8377e+02 0.0000e+00
        127 306.584334    0.00875     0.5250     31.500      1.105  47890.600    30.2856     9.3276      1.094    6.60577     9.3273    23.3793   11.93597 1.7766e+02 0.0000e+00
        128 306.584337    0.00882     0.5292     31.750      1.101  47915.458    30.3029     9.3262      1.091    6.60523     9.3322    23.3929   11.93487 1.7864e+02 0.0000e+00
        129 306.584340    0.00889     0.5333     32.000      1.106  47935.578    30.3171     9.3274      1.095    6.60445     9.3407    23.4039   11.93341 1.8236e+02 0.0000e+00
        130 306.584343    0.00896     0.5375     32.250      1.116  47940.484    30.3212     9.3323      1.105    6.60356     9.3500    23.4063   11.93188 1.8702e+02 0.0000e+00
        131 306.584346    0.00903     0.5417     32.500      1.125  47924.544    30.3111     9.3408      1.115    6.60274     9.3571    23.3971   11.93065 1.9168e+02 0.0000e+00
        132 306.584349    0.00910     0.5458     32.750      1.128  47894.487    30.2913     9.3501      1.118    6.60222     9.3599    23.3802   11.93003 1.9730e+02 0.0000e+00
        133 306.584352    0.00917     0.5500     33.000      1.122  47864.739    30.2714     9.3572      1.112    6.60203     9.3571    23.3636   11.92995 2.0404e+02 0.0000e+00
        134 306.584355    0.00924     0.5542     33.250      1.109  47846.947    30.2593     9.3600      1.098    6.60214     9.3500    23.3537   11.93027 2.0992e+02 0.0000e+00
        135 306.584358    0.00931     0.5583     33.500      1.094  47847.780    30.2595     9.3572      1.083    6.60254     9.3423    23.3543   11.93093 2.1741e+02 0.0000e+00
        136 306.584361    0.00937     0.5625     33.750      1.083  47868.577    30.2731     9.3501      1.073    6.60299     9.3377    23.3661   11.93152 2.2460e+02 0.0000e+00
        137 306.584363    0.00944     0.5667     34.000      1.082  47903.772    30.2968     9.3424      1.072    6.60311     9.3387    23.3857   11.93144 2.2837e+02 0.0000e+00
        138 306.584366    0.00951     0.5708     34.250      1.092  47940.553    30.3220     9.3378      1.082    6.60271     9.3452    23.4061   11.93047 2.3053e+02 0.0000e+00
        139 306.584369    0.00958     0.5750     34.500      1.108  47962.225    30.3373     9.3388      1.098    6.60191     9.3542    23.4179   11.92896 2.2496e+02 0.0000e+00
        140 306.584372    0.00965     0.5792     34.750      1.123  47956.680    30.3343     9.3453      1.113    6.60109     9.3612    23.4145   11.92763 2.1007e+02 0.0000e+00
        141 306.584375    0.00972     0.5833     35.000      1.129  47926.577    30.3143     9.3543      1.118    6.60063     9.3622    23.3975   11.92711 1.9660e+02 0.0000e+00
        142 306.584378    0.00979     0.5875     35.250      1.124  47889.992    30.2896     9.3613      1.114    6.60065     9.3552    23.3771   11.92745 1.8782e+02 0.0000e+00
        143 306.584381    0.00986     0.5917     35.500      1.113  47867.964    30.2743     9.3623      1.103    6.60115     9.3428    23.3650   11.92846 1.8111e+02 0.0000e+00
        144 306.584384    0.00993     0.5958     35.750      1.105  47873.550    30.2773     9.3553      1.094    6.60205     9.3314    23.3685   11.92991 1.7996e+02 0.0000e+00
        145 306.584387    0.01000     0.6000     36.000      1.104  47904.431    30.2973     9.3429      1.094    6.60301     9.3258    23.3860   11.93126 1.8625e+02 0.0000e+00
        146 306.584389    0.01007     0.6042     36.250      1.114  47943.055    30.3229     9.3315      1.104    6.60359     9.3260    23.4077   11.93191 1.9837e+02 0.0000e+00
        147 306.584392    0.01014     0.6083     36.500      1.129  47968.837    30.3402     9.3259      1.119    6.60369     9.3289    23.4221   11.93186 2.2061e+02 0.0000e+00
        148 306.584395    0.01021     0.6125     36.750      1.141  47969.847    30.3410     9.3261      1.131    6.60363     9.3301    23.4227   11.93175 2.4189e+02 0.0000e+00
        149 306.584398    0.01028     0.6167     37.000      1.141  47949.661    30.3272     9.3290      1.131    6.60379     9.3255    23.4115   11.93218 2.4652e+02 0.0000e+00
        150 306.584401    0.01035     0.6208     37.250      1.128  47925.762    30.3106     9.3302      1.117    6.60431     9.3137    23.3983   11.93326 2.3973e+02 0.0000e+00
        151 306.584404    0.01042     0.6250     37.500      1.105  47917.351    30.3041     9.3256      1.095    6.60527     9.2992    23.3940   11.93492 2.2965e+02 0.0000e+00
        152 306.584407    0.01049     0.6292     37.750      1.084  47934.147    30.3143     9.3138      1.074    6.60657     9.2895    23.4038   11.93695 2.2084e+02 0.0000e+00
        153 306.584410    0.01056     0.6333     38.000      1.073  47970.175    30.3377     9.2993      1.063    6.60769     9.2885    23.4242   11.93853 2.1509e+02 0.0000e+00
        154 306.584413    0.01063     0.6375     38.250      1.077  48006.727    30.3620     9.2896      1.067    6.60809     9.2959    23.4447   11.93889 2.1511e+02 0.0000e+00
        155 306.584416    0.01069     0.6417     38.500      1.091  48025.748    30.3752     9.2886      1.081    6.60767     9.3079    23.4552   11.93804 2.2480e+02 0.0000e+00
        156 306.584418    0.01076     0.6458     38.750      1.105  48018.595    30.3711     9.2961      1.095    6.60675     9.3185    23.4509   11.93656 2.4712e+02 0.0000e+00
        157 306.584421    0.01083     0.6500     39.000      1.111  47988.943    30.3519     9.3081      1.101    6.60581     9.3219    23.4340   11.93523 2.8397e+02 0.0000e+00
        158 306.584424    0.01090     0.6542     39.250      1.106  47952.643    30.3279     9.3186      1.095    6.60528     9.3151    23.4136   11.93465 3.2372e+02 0.0000e+00
        159 306.584427    0.01097     0.6583     39.500      1.092  47929.147    30.3119     9.3220      1.081    6.60547     9.3011    23.4006   11.93515 3.4018e+02 0.0000e+00
        160 306.584430    0.01104     0.6625     39.750      1.078  47930.529    30.3120     9.3152      1.068    6.60647     9.2878    23.4017   11.93680 3.2807e+02 0.0000e+00
        161 306.584433    0.01111     0.6667     40.000      1.075  47954.761    30.3271     9.3012      1.065    6.60788     9.2814    23.4157   11.93895 3.0540e+02 0.0000e+00
        162 306.584436    0.01118     0.6708     40.250      1.085  47986.919    30.3479     9.2879      1.075    6.60894     9.2830    23.4340   11.94047 2.7973e+02 0.0000e+00
        163 306.584439    0.01125     0.6750     40.500      1.104  48008.678    30.3623     9.2815      1.094    6.60926     9.2890    23.4462   11.94082 2.5406e+02 0.0000e+00
        164 306.584442    0.01132     0.6792     40.750      1.125  48009.348    30.3630     9.2831      1.114    6.60900     9.2946    23.4465   11.94037 2.3615e+02 0.0000e+00
        165 306.584444    0.01139     0.6833     41.000      1.137  47992.053    30.3516     9.2892      1.126    6.60860     9.2964    23.4367   11.93985 2.2690e+02 0.0000e+00
        166 306.584447    0.01146     0.6875     41.250      1.138  47969.888    30.3368     9.2948      1.127    6.60840     9.2927    23.4243   11.93970 2.2082e+02 0.0000e+00
        167 306.584450    0.01153     0.6917     41.500      1.130  47955.968    30.3273     9.2965      1.119    6.60855     9.2853    23.4166   11.94007 2.1884e+02 0.0000e+00
        168 306.584453    0.01160     0.6958     41.750      1.120  47956.695    30.3274     9.2928      1.109    6.60908     9.2771    23.4172   11.94095 2.2474e+02 0.0000e+00
        169 306.584456    0.01167     0.7000     42.000      1.113  47969.543    30.3354     9.2854      1.102    6.60984     9.2701    23.4246   11.94211 2.3545e+02 0.0000e+00
        170 306.584459    0.01174     0.7042     42.250      1.110  47985.995    30.3458     9.2772      1.099    6.61060     9.2647    23.4340   11.94325 2.4283e+02 0.0000e+00
        171 306.584462    0.01181     0.7083     42.500      1.110  47998.662    30.3538     9.2702      1.100    6.61129     9.2607    23.4413   11.94429 2.4166e+02 0.0000e+00
        172 306.584465    0.01188     0.7125     42.750      1.112  48005.008    30.3575     9.2648      1.102    6.61192     9.2577    23.4450   11.94528 2.3800e+02 0.0000e+00
        173 306.584468    0.01194     0.7167     43.000      1.115  48006.541    30.3581     9.2608      1.105    6.61249     9.2556    23.4461   11.94622 2.4022e+02 0.0000e+00
        174 306.584470    0.01201     0.7208     43.250      1.120  48006.480    30.3577     9.2578      1.110    6.61294     9.2542    23.4462   11.94698 2.4499e+02 0.0000e+00
        175 306.584473    0.01208     0.7250     43.500      1.126  48005.523    30.3567     9.2558      1.116    6.61328     9.2522    23.4458   11.94755 2.4702e+02 0.0000e+00
        176 306.584476    0.01215     0.7292     43.750      1.130  48001.360    30.3536     9.2543      1.119    6.61363     9.2479    23.4436   11.94816 2.4962e+02 0.0000e+00
        177 306.584479    0.01222     0.7333     44.000      1.126  47994.683    30.3486     9.2523      1.116    6.61413     9.2396    23.4400   11.94906 2.5678e+02 0.0000e+00
        178 306.584482    0.01229     0.7375     44.250      1.113  47991.190    30.3456     9.2480      1.103    6.61489     9.2271    23.4383   11.95036 2.6416e+02 0.0000e+00
        179 306.584485    0.01236     0.7417     44.500      1.096  47996.794    30.3485     9.2397      1.085    6.61598     9.2124    23.4418   11.95213 2.6724e+02 0.0000e+00
        180 306.584488    0.01243     0.7458     44.750      1.080  48013.731    30.3587     9.2272      1.069    6.61739     9.1992    23.4517   11.95434 2.6899e+02 0.0000e+00
