CTD-processing/allCTD/CNV--turbid/2017_11-07_alongbay_skb12_cast093.cnv
* Sea-Bird SBE19plus Data File:
* FileName = C:\Users\Kim.Powell\Desktop\Not Processed\2017\2017_11-07_AlongBay,T9_4141\2017_11-07_TRANSECT_STATION_cast093.hex
* Software Version 1.59
* Temperature SN =  4141
* Conductivity SN =  4141
* System UpLoad Time = Nov 09 2017 10:23:11
** 2017_11-07
** Station: KB12
** Start Time: 10:59
** Depth (m): 75.3
** Comment: Edgecumbe
** Comment: CTD time 1 hr off for daylight savings time
# nquan = 16
# nvalues = 800                         
# units = specified
# name 0 = scan: Scan Count
# name 1 = timeJ: Julian Days
# name 2 = timeH: Time, Elapsed [hours]
# name 3 = timeM: Time, Elapsed [minutes]
# name 4 = timeS: Time, Elapsed [seconds]
# name 5 = prdM: Pressure, Strain Gauge [db]
# name 6 = specc: Specific Conductance [uS/cm]
# name 7 = sal00: Salinity, Practical [PSU]
# name 8 = tv290C: Temperature [ITS-90, deg C]
# name 9 = depSM: Depth [salt water, m], lat = 59.00
# name 10 = oxsolML/L: Oxygen Saturation, Garcia & Gordon [ml/l]
# name 11 = potemp090C: Potential Temperature [ITS-90, deg C]
# name 12 = sigma-é00: Density [sigma-theta, kg/m^3]
# name 13 = n2satML/L: Nitrogen Saturation [ml/l]
# name 14 = par: PAR/Irradiance, Biospherical/Licor
# name 15 = flag:  0.000e+00
# span 0 =          1,        800       
# span 1 = 311.499398, 311.501710       
# span 2 =    0.00000,    0.05549       
# span 3 =     0.0000,     3.3292       
# span 4 =      0.000,    199.750       
# span 5 =      0.378,     67.869       
# span 6 =  47231.860,  49927.025       
# span 7 =    29.7439,    31.1722       
# span 8 =     4.4720,     9.1617       
# span 9 =      0.375,     67.224       
# span 10 =    6.60940,    7.42019      
# span 11 =     6.1384,     9.1583      
# span 12 =    23.0473,    24.4849      
# span 13 =   11.93607,   13.28572      
# span 14 = 3.6382e-02, 7.7641e+01      
# span 15 = 0.0000e+00, 0.0000e+00      
# interval = seconds: 0.25
# start_time = Nov 07 2017 11:59:08 [Instrument's time stamp, header]
# bad_flag = -9.990e-29
*END*
[from data line 362]
        363 311.500446    0.02514     1.5083     90.500      1.107  48624.284    30.7733     9.1282      1.096    6.61426     9.1302    23.7908   11.94410 4.1895e+01 0.0000e+00
        364 311.500448    0.02521     1.5125     90.750      1.116  48624.674    30.7737     9.1292      1.105    6.61410     9.1317    23.7910   11.94384 4.1351e+01 0.0000e+00
        365 311.500451    0.02528     1.5167     91.000      1.120  48625.185    30.7742     9.1303      1.110    6.61391     9.1332    23.7912   11.94352 4.1139e+01 0.0000e+00
        366 311.500454    0.02535     1.5208     91.250      1.118  48624.783    30.7741     9.1318      1.108    6.61370     9.1344    23.7909   11.94317 4.1294e+01 0.0000e+00
        367 311.500457    0.02542     1.5250     91.500      1.111  48623.360    30.7733     9.1333      1.101    6.61351     9.1353    23.7901   11.94287 4.1393e+01 0.0000e+00
        368 311.500460    0.02549     1.5292     91.750      1.104  48622.293    30.7727     9.1345      1.094    6.61335     9.1362    23.7895   11.94262 4.1246e+01 0.0000e+00
        369 311.500463    0.02556     1.5333     92.000      1.101  48622.285    30.7729     9.1354      1.091    6.61322     9.1373    23.7894   11.94239 4.1082e+01 0.0000e+00
        370 311.500466    0.02562     1.5375     92.250      1.104  48622.829    30.7734     9.1363      1.094    6.61307     9.1387    23.7897   11.94213 4.1079e+01 0.0000e+00
        371 311.500469    0.02569     1.5417     92.500      1.110  48623.140    30.7737     9.1374      1.100    6.61289     9.1401    23.7898   11.94182 4.1176e+01 0.0000e+00
        372 311.500472    0.02576     1.5458     92.750      1.113  48622.758    30.7736     9.1388      1.103    6.61269     9.1414    23.7895   11.94150 4.1410e+01 0.0000e+00
        373 311.500475    0.02583     1.5500     93.000      1.110  48621.840    30.7732     9.1402      1.100    6.61250     9.1424    23.7890   11.94119 4.1842e+01 0.0000e+00
        374 311.500477    0.02590     1.5542     93.250      1.100  48620.752    30.7726     9.1415      1.090    6.61234     9.1432    23.7883   11.94093 4.2436e+01 0.0000e+00
        375 311.500480    0.02597     1.5583     93.500      1.088  48619.840    30.7721     9.1425      1.078    6.61221     9.1438    23.7877   11.94072 4.3136e+01 0.0000e+00
        376 311.500483    0.02604     1.5625     93.750      1.079  48619.228    30.7718     9.1433      1.069    6.61211     9.1443    23.7874   11.94056 4.3726e+01 0.0000e+00
        377 311.500486    0.02611     1.5667     94.000      1.076  48618.760    30.7716     9.1439      1.066    6.61203     9.1447    23.7871   11.94043 4.4095e+01 0.0000e+00
        378 311.500489    0.02618     1.5708     94.250      1.079  48618.353    30.7713     9.1444      1.069    6.61196     9.1451    23.7869   11.94033 4.4267e+01 0.0000e+00
        379 311.500492    0.02625     1.5750     94.500      1.084  48617.959    30.7711     9.1448      1.074    6.61191     9.1454    23.7866   11.94025 4.4196e+01 0.0000e+00
        380 311.500495    0.02632     1.5792     94.750      1.086  48617.664    30.7709     9.1452      1.076    6.61187     9.1456    23.7865   11.94018 4.3963e+01 0.0000e+00
        381 311.500498    0.02639     1.5833     95.000      1.083  48617.583    30.7709     9.1455      1.073    6.61183     9.1459    23.7864   11.94011 4.3695e+01 0.0000e+00
        382 311.500501    0.02646     1.5875     95.250      1.077  48617.554    30.7710     9.1457      1.067    6.61179     9.1460    23.7863   11.94004 4.3622e+01 0.0000e+00
        383 311.500503    0.02653     1.5917     95.500      1.070  48617.412    30.7709     9.1460      1.060    6.61175     9.1461    23.7862   11.93998 4.3736e+01 0.0000e+00
        384 311.500506    0.02660     1.5958     95.750      1.065  48617.198    30.7708     9.1461      1.055    6.61173     9.1461    23.7861   11.93995 4.3556e+01 0.0000e+00
        385 311.500509    0.02667     1.6000     96.000      1.063  48617.047    30.7707     9.1462      1.054    6.61172     9.1461    23.7860   11.93993 4.3013e+01 0.0000e+00
        386 311.500512    0.02674     1.6042     96.250      1.064  48617.000    30.7707     9.1462      1.054    6.61172     9.1461    23.7860   11.93993 4.2577e+01 0.0000e+00
        387 311.500515    0.02681     1.6083     96.500      1.066  48617.042    30.7707     9.1462      1.056    6.61173     9.1461    23.7860   11.93994 4.2505e+01 0.0000e+00
        388 311.500518    0.02688     1.6125     96.750      1.066  48617.192    30.7708     9.1462      1.056    6.61172     9.1463    23.7861   11.93993 4.2722e+01 0.0000e+00
        389 311.500521    0.02694     1.6167     97.000      1.065  48617.361    30.7709     9.1462      1.055    6.61171     9.1465    23.7862   11.93991 4.3052e+01 0.0000e+00
        390 311.500524    0.02701     1.6208     97.250      1.062  48617.433    30.7710     9.1464      1.052    6.61168     9.1467    23.7863   11.93987 4.3184e+01 0.0000e+00
        391 311.500527    0.02708     1.6250     97.500      1.058  48617.423    30.7710     9.1466      1.049    6.61165     9.1469    23.7862   11.93981 4.3043e+01 0.0000e+00
        392 311.500530    0.02715     1.6292     97.750      1.057  48617.370    30.7710     9.1468      1.047    6.61162     9.1471    23.7862   11.93976 4.3079e+01 0.0000e+00
        393 311.500532    0.02722     1.6333     98.000      1.056  48617.304    30.7710     9.1470      1.047    6.61159     9.1473    23.7862   11.93971 4.3569e+01 0.0000e+00
        394 311.500535    0.02729     1.6375     98.250      1.056  48617.276    30.7710     9.1472      1.047    6.61157     9.1474    23.7862   11.93967 4.4297e+01 0.0000e+00
        395 311.500538    0.02736     1.6417     98.500      1.055  48617.243    30.7710     9.1474      1.045    6.61154     9.1476    23.7862   11.93963 4.4836e+01 0.0000e+00
        396 311.500541    0.02743     1.6458     98.750      1.053  48617.133    30.7709     9.1475      1.043    6.61152     9.1477    23.7861   11.93960 4.4901e+01 0.0000e+00
        397 311.500544    0.02750     1.6500     99.000      1.051  48617.039    30.7709     9.1477      1.041    6.61150     9.1478    23.7860   11.93957 4.4492e+01 0.0000e+00
        398 311.500547    0.02757     1.6542     99.250      1.050  48617.086    30.7709     9.1478      1.041    6.61148     9.1479    23.7860   11.93953 4.3805e+01 0.0000e+00
        399 311.500550    0.02764     1.6583     99.500      1.053  48617.194    30.7710     9.1479      1.043    6.61145     9.1480    23.7861   11.93949 4.3314e+01 0.0000e+00
        400 311.500553    0.02771     1.6625     99.750      1.056  48617.309    30.7711     9.1480      1.046    6.61143     9.1482    23.7861   11.93945 4.3201e+01 0.0000e+00
        401 311.500556    0.02778     1.6667    100.000      1.058  48617.510    30.7713     9.1481      1.048    6.61141     9.1483    23.7862   11.93941 4.3049e+01 0.0000e+00
        402 311.500558    0.02785     1.6708    100.250      1.057  48617.746    30.7714     9.1483      1.047    6.61139     9.1486    23.7863   11.93937 4.2578e+01 0.0000e+00
        403 311.500561    0.02792     1.6750    100.500      1.053  48617.799    30.7715     9.1485      1.043    6.61136     9.1487    23.7864   11.93931 4.2006e+01 0.0000e+00
        404 311.500564    0.02799     1.6792    100.750      1.048  48617.534    30.7713     9.1487      1.038    6.61133     9.1488    23.7862   11.93927 4.1813e+01 0.0000e+00
        405 311.500567    0.02806     1.6833    101.000      1.045  48617.122    30.7711     9.1488      1.035    6.61132     9.1487    23.7860   11.93926 4.2182e+01 0.0000e+00
        406 311.500570    0.02813     1.6875    101.250      1.046  48616.835    30.7709     9.1489      1.036    6.61132     9.1485    23.7858   11.93927 4.2837e+01 0.0000e+00
        407 311.500573    0.02819     1.6917    101.500      1.049  48616.819    30.7709     9.1488      1.039    6.61134     9.1485    23.7858   11.93929 4.3337e+01 0.0000e+00
        408 311.500576    0.02826     1.6958    101.750      1.053  48617.125    30.7711     9.1487      1.043    6.61135     9.1486    23.7860   11.93931 4.3352e+01 0.0000e+00
        409 311.500579    0.02833     1.7000    102.000      1.055  48617.618    30.7714     9.1486      1.045    6.61134     9.1489    23.7862   11.93929 4.3096e+01 0.0000e+00
        410 311.500582    0.02840     1.7042    102.250      1.054  48618.044    30.7717     9.1488      1.044    6.61130     9.1494    23.7865   11.93923 4.3017e+01 0.0000e+00
        411 311.500584    0.02847     1.7083    102.500      1.050  48618.309    30.7720     9.1491      1.040    6.61125     9.1498    23.7866   11.93913 4.3247e+01 0.0000e+00
        412 311.500587    0.02854     1.7125    102.750      1.046  48618.425    30.7721     9.1495      1.036    6.61118     9.1502    23.7867   11.93902 4.3681e+01 0.0000e+00
        413 311.500590    0.02861     1.7167    103.000      1.044  48618.342    30.7721     9.1500      1.034    6.61111     9.1506    23.7866   11.93891 4.3898e+01 0.0000e+00
        414 311.500593    0.02868     1.7208    103.250      1.045  48617.994    30.7719     9.1504      1.035    6.61106     9.1508    23.7864   11.93882 4.3488e+01 0.0000e+00
        415 311.500596    0.02875     1.7250    103.500      1.048  48617.481    30.7716     9.1508      1.039    6.61102     9.1509    23.7861   11.93876 4.2742e+01 0.0000e+00
        416 311.500599    0.02882     1.7292    103.750      1.052  48617.010    30.7713     9.1510      1.042    6.61099     9.1508    23.7858   11.93873 4.2180e+01 0.0000e+00
        417 311.500602    0.02889     1.7333    104.000      1.054  48616.640    30.7710     9.1511      1.044    6.61099     9.1507    23.7856   11.93873 4.1923e+01 0.0000e+00
        418 311.500605    0.02896     1.7375    104.250      1.053  48616.346    30.7708     9.1510      1.044    6.61101     9.1504    23.7855   11.93876 4.1877e+01 0.0000e+00
        419 311.500608    0.02903     1.7417    104.500      1.050  48616.175    30.7707     9.1508      1.041    6.61104     9.1501    23.7854   11.93881 4.2030e+01 0.0000e+00
        420 311.500611    0.02910     1.7458    104.750      1.048  48616.130    30.7706     9.1505      1.039    6.61108     9.1498    23.7853   11.93888 4.2383e+01 0.0000e+00
        421 311.500613    0.02917     1.7500    105.000      1.047  48616.096    30.7705     9.1502      1.037    6.61114     9.1494    23.7853   11.93897 4.2712e+01 0.0000e+00
        422 311.500616    0.02924     1.7542    105.250      1.048  48615.997    30.7704     9.1499      1.038    6.61120     9.1489    23.7853   11.93907 4.2764e+01 0.0000e+00
        423 311.500619    0.02931     1.7583    105.500      1.050  48615.881    30.7703     9.1495      1.040    6.61126     9.1485    23.7852   11.93918 4.2569e+01 0.0000e+00
        424 311.500622    0.02937     1.7625    105.750      1.052  48615.890    30.7702     9.1490      1.042    6.61133     9.1482    23.7853   11.93928 4.2462e+01 0.0000e+00
        425 311.500625    0.02944     1.7667    106.000      1.052  48616.121    30.7703     9.1486      1.042    6.61138     9.1479    23.7854   11.93937 4.2762e+01 0.0000e+00
        426 311.500628    0.02951     1.7708    106.250      1.051  48616.473    30.7705     9.1483      1.041    6.61142     9.1477    23.7856   11.93943 4.3368e+01 0.0000e+00
        427 311.500631    0.02958     1.7750    106.500      1.049  48616.834    30.7708     9.1480      1.039    6.61145     9.1477    23.7859   11.93948 4.3783e+01 0.0000e+00
        428 311.500634    0.02965     1.7792    106.750      1.048  48617.183    30.7710     9.1478      1.038    6.61147     9.1477    23.7861   11.93951 4.3684e+01 0.0000e+00
        429 311.500637    0.02972     1.7833    107.000      1.047  48617.404    30.7711     9.1478      1.038    6.61147     9.1477    23.7862   11.93952 4.3293e+01 0.0000e+00
        430 311.500639    0.02979     1.7875    107.250      1.049  48617.392    30.7711     9.1478      1.039    6.61147     9.1477    23.7862   11.93951 4.3061e+01 0.0000e+00
        431 311.500642    0.02986     1.7917    107.500      1.052  48617.230    30.7710     9.1478      1.042    6.61147     9.1476    23.7861   11.93951 4.3290e+01 0.0000e+00
        432 311.500645    0.02993     1.7958    107.750      1.056  48617.068    30.7709     9.1478      1.046    6.61147     9.1475    23.7860   11.93952 4.3766e+01 0.0000e+00
        433 311.500648    0.03000     1.8000    108.000      1.060  48617.037    30.7709     9.1477      1.050    6.61148     9.1475    23.7860   11.93954 4.3809e+01 0.0000e+00
        434 311.500651    0.03007     1.8042    108.250      1.064  48617.169    30.7709     9.1476      1.054    6.61149     9.1475    23.7861   11.93955 4.3211e+01 0.0000e+00
        435 311.500654    0.03014     1.8083    108.500      1.070  48617.320    30.7710     9.1476      1.059    6.61150     9.1475    23.7862   11.93955 4.2491e+01 0.0000e+00
        436 311.500657    0.03021     1.8125    108.750      1.080  48617.306    30.7710     9.1476      1.070    6.61150     9.1475    23.7861   11.93955 4.2176e+01 0.0000e+00
        437 311.500660    0.03028     1.8167    109.000      1.100  48617.132    30.7709     9.1476      1.089    6.61150     9.1474    23.7860   11.93956 4.2160e+01 0.0000e+00
        438 311.500663    0.03035     1.8208    109.250      1.134  48616.949    30.7708     9.1476      1.123    6.61151     9.1473    23.7859   11.93958 4.1775e+01 0.0000e+00
        439 311.500666    0.03042     1.8250    109.500      1.189  48616.849    30.7707     9.1476      1.178    6.61153     9.1471    23.7858   11.93961 4.0660e+01 0.0000e+00
        440 311.500668    0.03049     1.8292    109.750      1.273  48616.833    30.7706     9.1474      1.261    6.61155     9.1469    23.7858   11.93965 3.9020e+01 0.0000e+00
        441 311.500671    0.03056     1.8333    110.000      1.389  48616.853    30.7706     9.1472      1.377    6.61158     9.1466    23.7858   11.93970 3.7177e+01 0.0000e+00
        442 311.500674    0.03062     1.8375    110.250      1.533  48616.913    30.7705     9.1470      1.519    6.61161     9.1464    23.7858   11.93975 3.5444e+01 0.0000e+00
        443 311.500677    0.03069     1.8417    110.500      1.696  48617.130    30.7705     9.1468      1.680    6.61164     9.1463    23.7859   11.93980 3.4139e+01 0.0000e+00
        444 311.500680    0.03076     1.8458    110.750      1.872  48617.462    30.7707     9.1466      1.855    6.61166     9.1462    23.7860   11.93983 3.3335e+01 0.0000e+00
        445 311.500683    0.03083     1.8500    111.000      2.058  48617.813    30.7708     9.1465      2.039    6.61167     9.1461    23.7861   11.93985 3.2786e+01 0.0000e+00
        446 311.500686    0.03090     1.8542    111.250      2.250  48618.197    30.7710     9.1464      2.229    6.61168     9.1461    23.7863   11.93986 3.2312e+01 0.0000e+00
        447 311.500689    0.03097     1.8583    111.500      2.446  48618.567    30.7712     9.1464      2.423    6.61168     9.1461    23.7865   11.93985 3.1932e+01 0.0000e+00
        448 311.500692    0.03104     1.8625    111.750      2.642  48618.814    30.7713     9.1464      2.617    6.61167     9.1461    23.7865   11.93984 3.1670e+01 0.0000e+00
        449 311.500694    0.03111     1.8667    112.000      2.836  48618.896    30.7712     9.1464      2.809    6.61167     9.1460    23.7865   11.93984 3.1506e+01 0.0000e+00
        450 311.500697    0.03118     1.8708    112.250      3.029  48618.957    30.7712     9.1464      3.000    6.61168     9.1459    23.7865   11.93985 3.1403e+01 0.0000e+00
        451 311.500700    0.03125     1.8750    112.500      3.222  48619.111    30.7712     9.1463      3.192    6.61168     9.1458    23.7865   11.93987 3.1326e+01 0.0000e+00
