CTD-processing/allCTD/CNV--turbid/2017_07-24_alongbay_skb04east_cast214.cnv
* Sea-Bird SBE19plus Data File:
* FileName = P:\My Documents\kasitsna\Research-KBL\Oceanography-AK\CTD-Data-ALL-to-2017-02\2017-CTD-KachemakBay-CookInlet\2017-07-24-CookInlet-AlongBay-KB03toKB13\2017-07-24-KachemakBay-AlongBay-cast214.hex
* Software Version 1.59
* Temperature SN =  4141
* Conductivity SN =  4141
* System UpLoad Time = Jul 24 2017 19:59:35
** Cook Inlet Along Kachemak Bay Transect (KB03 to KB13)
** Date: 2017-07-24
** Station: (eg. 9-01): KB04east
** Start time (AKDT): 12:42
** Depth (m): 159.4
** Comment: R/V Edgecumbe.  Quarterly survey.
** Comment:
# nquan = 16
# nvalues = 937                         
# units = specified
# name 0 = scan: Scan Count
# name 1 = timeJ: Julian Days
# name 2 = timeH: Time, Elapsed [hours]
# name 3 = timeM: Time, Elapsed [minutes]
# name 4 = timeS: Time, Elapsed [seconds]
# name 5 = prdM: Pressure, Strain Gauge [db]
# name 6 = specc: Specific Conductance [uS/cm]
# name 7 = sal00: Salinity, Practical [PSU]
# name 8 = tv290C: Temperature [ITS-90, deg C]
# name 9 = depSM: Depth [salt water, m], lat = 59.00
# name 10 = oxsolML/L: Oxygen Saturation, Garcia & Gordon [ml/l]
# name 11 = potemp090C: Potential Temperature [ITS-90, deg C]
# name 12 = sigma-é00: Density [sigma-theta, kg/m^3]
# name 13 = n2satML/L: Nitrogen Saturation [ml/l]
# name 14 = par: PAR/Irradiance, Biospherical/Licor
# name 15 = flag:  0.000e+00
# span 0 =          1,        937       
# span 1 = 205.529641, 205.532350       
# span 2 =    0.00000,    0.06500       
# span 3 =     0.0000,     3.9000       
# span 4 =      0.000,    234.000       
# span 5 =      0.057,    136.894       
# span 6 =    998.437,  50410.395       
# span 7 =     0.4887,    31.7112       
# span 8 =     7.4542,    10.8612       
# span 9 =      0.057,    135.570       
# span 10 =    6.40302,    7.81545      
# span 11 =     7.4417,    10.8612      
# span 12 =     0.0572,    24.7669      
# span 13 =   11.59621,   14.35964      
# span 14 = 5.0828e-02, 1.4459e+03      
# span 15 = 0.0000e+00, 0.0000e+00      
# interval = seconds: 0.25
# start_time = Jul 24 2017 12:42:41 [Instrument's time stamp, header]
# bad_flag = -9.990e-29
*END*
[from data line 814]
        815 205.531997    0.05653     3.3917    203.500    113.258  50330.347    31.6967     7.6612    112.168    6.79552     7.6405    24.7297   12.23275 5.0918e-02 0.0000e+00
        816 205.531999    0.05660     3.3958    203.750    113.514  50330.732    31.6961     7.6563    112.422    6.79631     7.6351    24.7299   12.23406 5.0906e-02 0.0000e+00
        817 205.532002    0.05667     3.4000    204.000    113.782  50332.454    31.6963     7.6511    112.688    6.79712     7.6303    24.7308   12.23540 5.0928e-02 0.0000e+00
        818 205.532005    0.05674     3.4042    204.250    114.047  50336.659    31.6982     7.6457    112.950    6.79787     7.6266    24.7330   12.23661 5.0961e-02 0.0000e+00
        819 205.532008    0.05681     3.4083    204.500    114.295  50341.315    31.7005     7.6410    113.195    6.79850     7.6238    24.7355   12.23762 5.0997e-02 0.0000e+00
        820 205.532011    0.05688     3.4125    204.750    114.520  50344.748    31.7022     7.6373    113.418    6.79900     7.6215    24.7373   12.23842 5.1020e-02 0.0000e+00
        821 205.532014    0.05694     3.4167    205.000    114.722  50347.089    31.7033     7.6345    113.619    6.79939     7.6196    24.7386   12.23906 5.1032e-02 0.0000e+00
        822 205.532017    0.05701     3.4208    205.250    114.914  50348.569    31.7038     7.6322    113.808    6.79971     7.6177    24.7393   12.23959 5.1055e-02 0.0000e+00
        823 205.532020    0.05708     3.4250    205.500    115.107  50349.320    31.7039     7.6303    113.999    6.80001     7.6157    24.7397   12.24008 5.1070e-02 0.0000e+00
        824 205.532023    0.05715     3.4292    205.750    115.306  50349.581    31.7037     7.6284    114.196    6.80031     7.6135    24.7398   12.24058 5.1060e-02 0.0000e+00
        825 205.532025    0.05722     3.4333    206.000    115.509  50349.713    31.7034     7.6264    114.397    6.80063     7.6111    24.7398   12.24112 5.1022e-02 0.0000e+00
        826 205.532028    0.05729     3.4375    206.250    115.708  50350.297    31.7034     7.6242    114.594    6.80097     7.6089    24.7401   12.24169 5.0984e-02 0.0000e+00
        827 205.532031    0.05736     3.4417    206.500    115.894  50351.554    31.7038     7.6219    114.778    6.80131     7.6070    24.7407   12.24224 5.0966e-02 0.0000e+00
        828 205.532034    0.05743     3.4458    206.750    116.065  50352.973    31.7043     7.6197    114.947    6.80163     7.6052    24.7415   12.24275 5.0966e-02 0.0000e+00
        829 205.532037    0.05750     3.4500    207.000    116.223  50353.959    31.7046     7.6178    115.104    6.80192     7.6034    24.7420   12.24322 5.0981e-02 0.0000e+00
        830 205.532040    0.05757     3.4542    207.250    116.378  50354.479    31.7046     7.6160    115.257    6.80219     7.6015    24.7422   12.24368 5.1007e-02 0.0000e+00
        831 205.532043    0.05764     3.4583    207.500    116.539  50354.860    31.7045     7.6142    115.416    6.80247     7.5996    24.7424   12.24415 5.1032e-02 0.0000e+00
        832 205.532046    0.05771     3.4625    207.750    116.709  50355.226    31.7044     7.6123    115.586    6.80277     7.5976    24.7425   12.24464 5.1041e-02 0.0000e+00
        833 205.532049    0.05778     3.4667    208.000    116.888  50355.724    31.7043     7.6104    115.763    6.80307     7.5957    24.7427   12.24514 5.1048e-02 0.0000e+00
        834 205.532052    0.05785     3.4708    208.250    117.071  50356.560    31.7045     7.6084    115.944    6.80337     7.5938    24.7432   12.24564 5.1068e-02 0.0000e+00
        835 205.532054    0.05792     3.4750    208.500    117.256  50357.482    31.7047     7.6065    116.127    6.80366     7.5920    24.7436   12.24611 5.1087e-02 0.0000e+00
        836 205.532057    0.05799     3.4792    208.750    117.445  50358.268    31.7049     7.6047    116.314    6.80393     7.5903    24.7440   12.24656 5.1098e-02 0.0000e+00
        837 205.532060    0.05806     3.4833    209.000    117.643  50359.178    31.7052     7.6029    116.510    6.80420     7.5888    24.7445   12.24699 5.1123e-02 0.0000e+00
        838 205.532063    0.05813     3.4875    209.250    117.856  50360.353    31.7056     7.6013    116.721    6.80444     7.5875    24.7450   12.24738 5.1184e-02 0.0000e+00
        839 205.532066    0.05819     3.4917    209.500    118.088  50361.572    31.7061     7.5997    116.951    6.80465     7.5864    24.7456   12.24773 5.1246e-02 0.0000e+00
        840 205.532069    0.05826     3.4958    209.750    118.337  50362.566    31.7065     7.5984    117.198    6.80484     7.5854    24.7461   12.24803 5.1248e-02 0.0000e+00
        841 205.532072    0.05833     3.5000    210.000    118.595  50363.273    31.7067     7.5974    117.453    6.80500     7.5845    24.7464   12.24829 5.1197e-02 0.0000e+00
        842 205.532075    0.05840     3.5042    210.250    118.849  50363.759    31.7067     7.5964    117.705    6.80514     7.5836    24.7466   12.24852 5.1139e-02 0.0000e+00
        843 205.532078    0.05847     3.5083    210.500    119.090  50364.052    31.7067     7.5956    117.943    6.80528     7.5827    24.7467   12.24875 5.1092e-02 0.0000e+00
        844 205.532080    0.05854     3.5125    210.750    119.311  50364.185    31.7065     7.5947    118.162    6.80542     7.5816    24.7467   12.24900 5.1063e-02 0.0000e+00
        845 205.532083    0.05861     3.5167    211.000    119.516  50364.284    31.7063     7.5937    118.364    6.80558     7.5805    24.7467   12.24926 5.1047e-02 0.0000e+00
        846 205.532086    0.05868     3.5208    211.250    119.713  50364.481    31.7062     7.5927    118.559    6.80574     7.5793    24.7468   12.24954 5.1038e-02 0.0000e+00
        847 205.532089    0.05875     3.5250    211.500    119.912  50364.839    31.7062     7.5916    118.756    6.80592     7.5782    24.7469   12.24982 5.1030e-02 0.0000e+00
        848 205.532092    0.05882     3.5292    211.750    120.117  50365.304    31.7062     7.5904    118.959    6.80609     7.5770    24.7471   12.25011 5.1034e-02 0.0000e+00
        849 205.532095    0.05889     3.5333    212.000    120.324  50365.709    31.7062     7.5893    119.164    6.80627     7.5757    24.7472   12.25040 5.1052e-02 0.0000e+00
        850 205.532098    0.05896     3.5375    212.250    120.524  50366.114    31.7062     7.5881    119.362    6.80645     7.5745    24.7474   12.25070 5.1048e-02 0.0000e+00
        851 205.532101    0.05903     3.5417    212.500    120.708  50366.764    31.7064     7.5869    119.544    6.80663     7.5735    24.7477   12.25100 5.1021e-02 0.0000e+00
        852 205.532104    0.05910     3.5458    212.750    120.869  50367.648    31.7067     7.5857    119.703    6.80680     7.5726    24.7481   12.25127 5.1000e-02 0.0000e+00
        853 205.532106    0.05917     3.5500    213.000    121.007  50368.550    31.7071     7.5847    119.841    6.80695     7.5718    24.7486   12.25151 5.0990e-02 0.0000e+00
        854 205.532109    0.05924     3.5542    213.250    121.134  50369.295    31.7074     7.5838    119.967    6.80707     7.5711    24.7489   12.25171 5.0982e-02 0.0000e+00
        855 205.532112    0.05931     3.5583    213.500    121.267  50369.704    31.7075     7.5830    120.098    6.80718     7.5705    24.7491   12.25189 5.0979e-02 0.0000e+00
        856 205.532115    0.05937     3.5625    213.750    121.420  50369.730    31.7073     7.5824    120.250    6.80729     7.5697    24.7491   12.25207 5.0996e-02 0.0000e+00
        857 205.532118    0.05944     3.5667    214.000    121.604  50369.590    31.7070     7.5817    120.432    6.80741     7.5688    24.7489   12.25227 5.1039e-02 0.0000e+00
        858 205.532121    0.05951     3.5708    214.250    121.817  50369.461    31.7067     7.5810    120.642    6.80754     7.5677    24.7488   12.25249 5.1098e-02 0.0000e+00
        859 205.532124    0.05958     3.5750    214.500    122.052  50369.377    31.7064     7.5800    120.875    6.80769     7.5665    24.7487   12.25276 5.1160e-02 0.0000e+00
        860 205.532127    0.05965     3.5792    214.750    122.299  50369.429    31.7061     7.5790    121.119    6.80787     7.5652    24.7486   12.25305 5.1176e-02 0.0000e+00
        861 205.532130    0.05972     3.5833    215.000    122.545  50369.716    31.7060     7.5778    121.363    6.80806     7.5638    24.7487   12.25337 5.1134e-02 0.0000e+00
        862 205.532133    0.05979     3.5875    215.250    122.781  50370.100    31.7060     7.5765    121.597    6.80827     7.5624    24.7488   12.25371 5.1102e-02 0.0000e+00
        863 205.532135    0.05986     3.5917    215.500    123.006  50370.549    31.7060     7.5751    121.820    6.80848     7.5610    24.7490   12.25406 5.1094e-02 0.0000e+00
        864 205.532138    0.05993     3.5958    215.750    123.222  50371.361    31.7062     7.5737    122.034    6.80869     7.5599    24.7494   12.25440 5.1091e-02 0.0000e+00
        865 205.532141    0.06000     3.6000    216.000    123.435  50372.603    31.7067     7.5724    122.244    6.80887     7.5590    24.7500   12.25469 5.1101e-02 0.0000e+00
        866 205.532144    0.06007     3.6042    216.250    123.646  50373.951    31.7074     7.5713    122.454    6.80902     7.5584    24.7507   12.25492 5.1117e-02 0.0000e+00
        867 205.532147    0.06014     3.6083    216.500    123.856  50375.024    31.7079     7.5705    122.661    6.80912     7.5579    24.7512   12.25509 5.1124e-02 0.0000e+00
        868 205.532150    0.06021     3.6125    216.750    124.059  50375.729    31.7082     7.5698    122.862    6.80920     7.5575    24.7515   12.25523 5.1120e-02 0.0000e+00
        869 205.532153    0.06028     3.6167    217.000    124.250  50376.201    31.7084     7.5693    123.052    6.80927     7.5571    24.7517   12.25533 5.1098e-02 0.0000e+00
        870 205.532156    0.06035     3.6208    217.250    124.427  50376.491    31.7084     7.5689    123.227    6.80933     7.5566    24.7518   12.25543 5.1072e-02 0.0000e+00
        871 205.532159    0.06042     3.6250    217.500    124.592  50376.721    31.7085     7.5686    123.391    6.80939     7.5562    24.7519   12.25553 5.1053e-02 0.0000e+00
        872 205.532161    0.06049     3.6292    217.750    124.754  50377.096    31.7086     7.5682    123.550    6.80945     7.5559    24.7520   12.25562 5.1036e-02 0.0000e+00
        873 205.532164    0.06056     3.6333    218.000    124.921  50377.543    31.7088     7.5678    123.716    6.80950     7.5555    24.7522   12.25570 5.1031e-02 0.0000e+00
        874 205.532167    0.06062     3.6375    218.250    125.102  50377.873    31.7089     7.5674    123.895    6.80955     7.5552    24.7524   12.25579 5.1044e-02 0.0000e+00
        875 205.532170    0.06069     3.6417    218.500    125.300  50378.098    31.7089     7.5671    124.091    6.80960     7.5549    24.7524   12.25587 5.1059e-02 0.0000e+00
        876 205.532173    0.06076     3.6458    218.750    125.511  50378.361    31.7089     7.5668    124.300    6.80964     7.5547    24.7525   12.25594 5.1089e-02 0.0000e+00
        877 205.532176    0.06083     3.6500    219.000    125.732  50378.753    31.7091     7.5665    124.519    6.80967     7.5546    24.7526   12.25600 5.1135e-02 0.0000e+00
        878 205.532179    0.06090     3.6542    219.250    125.955  50379.205    31.7092     7.5663    124.740    6.80970     7.5545    24.7528   12.25604 5.1133e-02 0.0000e+00
        879 205.532182    0.06097     3.6583    219.500    126.173  50379.643    31.7094     7.5662    124.956    6.80971     7.5544    24.7529   12.25605 5.1084e-02 0.0000e+00
        880 205.532185    0.06104     3.6625    219.750    126.381  50379.927    31.7095     7.5661    125.162    6.80972     7.5543    24.7530   12.25606 5.1045e-02 0.0000e+00
        881 205.532187    0.06111     3.6667    220.000    126.575  50379.823    31.7093     7.5661    125.354    6.80973     7.5539    24.7529   12.25609 5.1024e-02 0.0000e+00
        882 205.532190    0.06118     3.6708    220.250    126.753  50379.310    31.7089     7.5660    125.530    6.80977     7.5532    24.7526   12.25616 5.1014e-02 0.0000e+00
        883 205.532193    0.06125     3.6750    220.500    126.916  50378.414    31.7081     7.5656    125.692    6.80986     7.5520    24.7521   12.25632 5.1007e-02 0.0000e+00
        884 205.532196    0.06132     3.6792    220.750    127.069  50377.379    31.7072     7.5649    125.843    6.81001     7.5504    24.7514   12.25658 5.1000e-02 0.0000e+00
        885 205.532199    0.06139     3.6833    221.000    127.220  50376.700    31.7065     7.5638    125.992    6.81022     7.5485    24.7510   12.25694 5.0993e-02 0.0000e+00
        886 205.532202    0.06146     3.6875    221.250    127.382  50376.264    31.7058     7.5622    126.153    6.81050     7.5462    24.7507   12.25740 5.0981e-02 0.0000e+00
        887 205.532205    0.06153     3.6917    221.500    127.567  50375.962    31.7052     7.5603    126.335    6.81083     7.5437    24.7505   12.25795 5.0954e-02 0.0000e+00
        888 205.532208    0.06160     3.6958    221.750    127.778  50376.247    31.7049     7.5580    126.544    6.81119     7.5412    24.7506   12.25855 5.0895e-02 0.0000e+00
        889 205.532211    0.06167     3.7000    222.000    128.014  50377.222    31.7051     7.5555    126.778    6.81156     7.5388    24.7511   12.25917 5.0875e-02 0.0000e+00
        890 205.532214    0.06174     3.7042    222.250    128.265  50378.679    31.7055     7.5530    127.027    6.81193     7.5367    24.7518   12.25977 5.0948e-02 0.0000e+00
        891 205.532216    0.06181     3.7083    222.500    128.517  50380.468    31.7063     7.5507    127.276    6.81227     7.5349    24.7527   12.26032 5.1018e-02 0.0000e+00
        892 205.532219    0.06187     3.7125    222.750    128.754  50382.333    31.7071     7.5485    127.510    6.81256     7.5334    24.7537   12.26080 5.1040e-02 0.0000e+00
        893 205.532222    0.06194     3.7167    223.000    128.963  50383.923    31.7078     7.5467    127.717    6.81281     7.5321    24.7545   12.26120 5.1039e-02 0.0000e+00
        894 205.532225    0.06201     3.7208    223.250    129.142  50385.023    31.7083     7.5452    127.895    6.81302     7.5309    24.7550   12.26154 5.1029e-02 0.0000e+00
        895 205.532228    0.06208     3.7250    223.500    129.299  50385.677    31.7085     7.5440    128.050    6.81321     7.5295    24.7553   12.26186 5.1031e-02 0.0000e+00
        896 205.532231    0.06215     3.7292    223.750    129.447  50385.877    31.7083     7.5428    128.197    6.81341     7.5279    24.7553   12.26218 5.1045e-02 0.0000e+00
        897 205.532234    0.06222     3.7333    224.000    129.603  50385.523    31.7078     7.5414    128.352    6.81363     7.5258    24.7551   12.26256 5.1062e-02 0.0000e+00
        898 205.532237    0.06229     3.7375    224.250    129.777  50384.937    31.7070     7.5398    128.524    6.81392     7.5232    24.7547   12.26305 5.1095e-02 0.0000e+00
        899 205.532240    0.06236     3.7417    224.500    129.973  50384.713    31.7064     7.5377    128.718    6.81428     7.5204    24.7546   12.26364 5.1175e-02 0.0000e+00
        900 205.532242    0.06243     3.7458    224.750    130.187  50384.906    31.7060     7.5352    128.930    6.81468     7.5174    24.7546   12.26432 5.1264e-02 0.0000e+00
        901 205.532245    0.06250     3.7500    225.000    130.414  50385.365    31.7058     7.5324    129.154    6.81513     7.5143    24.7548   12.26506 5.1259e-02 0.0000e+00
        902 205.532248    0.06257     3.7542    225.250    130.642  50386.241    31.7058     7.5294    129.380    6.81560     7.5112    24.7552   12.26583 5.1182e-02 0.0000e+00
        903 205.532251    0.06264     3.7583    225.500    130.862  50387.486    31.7060     7.5263    129.598    6.81607     7.5082    24.7559   12.26661 5.1122e-02 0.0000e+00
