CTD-processing/allCTD/CNV--turbid/2017_06-28_t9_s10_cast194.cnv
* Sea-Bird SBE19plus Data File:
* FileName = C:\Users\Kim.Powell\Desktop\2017_06-28_4141\T9\2017_06-28_T9_cast194.hex
* Software Version 1.59
* Temperature SN =  4141
* Conductivity SN =  4141
* System UpLoad Time = Jul 21 2017 10:55:07
** CookInlet LTM Transect 9
** 2017_06-28
** Station: 9-10
** Start Time: 13:08
** Depth: 57m
** Comment: Barnacle
** Comment:
# nquan = 16
# nvalues = 572                         
# units = specified
# name 0 = scan: Scan Count
# name 1 = timeJ: Julian Days
# name 2 = timeH: Time, Elapsed [hours]
# name 3 = timeM: Time, Elapsed [minutes]
# name 4 = timeS: Time, Elapsed [seconds]
# name 5 = prdM: Pressure, Strain Gauge [db]
# name 6 = specc: Specific Conductance [uS/cm]
# name 7 = sal00: Salinity, Practical [PSU]
# name 8 = tv290C: Temperature [ITS-90, deg C]
# name 9 = depSM: Depth [salt water, m], lat = 59.00
# name 10 = oxsolML/L: Oxygen Saturation, Garcia & Gordon [ml/l]
# name 11 = potemp090C: Potential Temperature [ITS-90, deg C]
# name 12 = sigma-é00: Density [sigma-theta, kg/m^3]
# name 13 = n2satML/L: Nitrogen Saturation [ml/l]
# name 14 = par: PAR/Irradiance, Biospherical/Licor
# name 15 = flag:  0.000e+00
# span 0 =          1,        572       
# span 1 = 179.548137, 179.549789       
# span 2 =    0.00000,    0.03965       
# span 3 =     0.0000,     2.3792       
# span 4 =      0.000,    142.750       
# span 5 =     -0.017,     59.215       
# span 6 =    832.066,  50540.636       
# span 7 =     0.4038,    31.7223       
# span 8 =     6.8157,    10.8744       
# span 9 =     -0.017,     58.653       
# span 10 =    6.45085,    7.89146      
# span 11 =     6.8106,    10.8743      
# span 12 =     0.0261,    24.8624      
# span 13 =   11.69660,   14.48945      
# span 14 = 4.5464e-02, 8.9603e+02      
# span 15 = 0.0000e+00, 0.0000e+00      
# interval = seconds: 0.25
# start_time = Jun 28 2017 13:09:19 [Instrument's time stamp, header]
# bad_flag = -9.990e-29
*END*
[from data line 272]
        273 179.548924    0.01889     1.1333     68.000      1.207  46842.284    29.6549    10.1712      1.196    6.51036    10.1625    22.7543   11.78545 3.2007e+02 0.0000e+00
        274 179.548927    0.01896     1.1375     68.250      1.191  46851.840    29.6608    10.1645      1.180    6.51107    10.1658    22.7600   11.78656 3.2584e+02 0.0000e+00
        275 179.548929    0.01903     1.1417     68.500      1.157  46855.323    29.6631    10.1626      1.146    6.51124    10.1725    22.7621   11.78682 3.2989e+02 0.0000e+00
        276 179.548932    0.01910     1.1458     68.750      1.118  46851.981    29.6612    10.1659      1.108    6.51085    10.1808    22.7600   11.78620 3.3040e+02 0.0000e+00
        277 179.548935    0.01917     1.1500     69.000      1.092  46844.161    29.6565    10.1726      1.082    6.51009    10.1896    22.7553   11.78500 3.2747e+02 0.0000e+00
        278 179.548938    0.01924     1.1542     69.250      1.088  46834.148    29.6504    10.1809      1.078    6.50916    10.1971    22.7492   11.78352 3.2237e+02 0.0000e+00
        279 179.548941    0.01931     1.1583     69.500      1.107  46823.567    29.6440    10.1897      1.096    6.50817    10.2014    22.7428   11.78197 3.1708e+02 0.0000e+00
        280 179.548944    0.01938     1.1625     69.750      1.141  46814.527    29.6385    10.1973      1.130    6.50732    10.2015    22.7373   11.78062 3.1420e+02 0.0000e+00
        281 179.548947    0.01944     1.1667     70.000      1.176  46809.578    29.6355    10.2016      1.165    6.50684    10.1989    22.7343   11.77985 3.1523e+02 0.0000e+00
        282 179.548950    0.01951     1.1708     70.250      1.197  46809.813    29.6357    10.2016      1.186    6.50682    10.1964    22.7344   11.77982 3.1957e+02 0.0000e+00
        283 179.548953    0.01958     1.1750     70.500      1.198  46813.386    29.6379    10.1990      1.187    6.50710    10.1960    22.7365   11.78027 3.2527e+02 0.0000e+00
        284 179.548955    0.01965     1.1792     70.750      1.177  46816.599    29.6399    10.1965      1.166    6.50737    10.1974    22.7385   11.78069 3.2994e+02 0.0000e+00
        285 179.548958    0.01972     1.1833     71.000      1.144  46816.847    29.6400    10.1961      1.133    6.50742    10.1994    22.7386   11.78078 3.3122e+02 0.0000e+00
        286 179.548961    0.01979     1.1875     71.250      1.112  46814.483    29.6385    10.1975      1.101    6.50728    10.2013    22.7373   11.78055 3.2774e+02 0.0000e+00
        287 179.548964    0.01986     1.1917     71.500      1.093  46811.277    29.6365    10.1995      1.083    6.50708    10.2023    22.7354   11.78024 3.2142e+02 0.0000e+00
        288 179.548967    0.01993     1.1958     71.750      1.095  46808.456    29.6348    10.2014      1.084    6.50689    10.2012    22.7337   11.77995 3.1583e+02 0.0000e+00
        289 179.548970    0.02000     1.2000     72.000      1.115  46806.800    29.6337    10.2024      1.104    6.50679    10.1969    22.7328   11.77980 3.1276e+02 0.0000e+00
        290 179.548973    0.02007     1.2042     72.250      1.145  46807.449    29.6340    10.2014      1.135    6.50692    10.1898    22.7332   11.78001 3.1247e+02 0.0000e+00
        291 179.548976    0.02014     1.2083     72.500      1.175  46812.079    29.6368    10.1971      1.164    6.50742    10.1826    22.7360   11.78081 3.1482e+02 0.0000e+00
        292 179.548979    0.02021     1.2125     72.750      1.193  46820.876    29.6421    10.1899      1.182    6.50821    10.1787    22.7413   11.78206 3.1919e+02 0.0000e+00
        293 179.548981    0.02028     1.2167     73.000      1.195  46830.627    29.6481    10.1828      1.184    6.50899    10.1795    22.7471   11.78327 3.2396e+02 0.0000e+00
        294 179.548984    0.02035     1.2208     73.250      1.180  46836.584    29.6518    10.1788      1.169    6.50940    10.1844    22.7507   11.78391 3.2705e+02 0.0000e+00
        295 179.548987    0.02042     1.2250     73.500      1.155  46835.974    29.6515    10.1797      1.144    6.50929    10.1912    22.7503   11.78373 3.2733e+02 0.0000e+00
        296 179.548990    0.02049     1.2292     73.750      1.130  46829.671    29.6477    10.1845      1.119    6.50876    10.1987    22.7465   11.78290 3.2482e+02 0.0000e+00
        297 179.548993    0.02056     1.2333     74.000      1.114  46820.556    29.6421    10.1913      1.103    6.50802    10.2069    22.7410   11.78174 3.2126e+02 0.0000e+00
        298 179.548996    0.02063     1.2375     74.250      1.108  46810.337    29.6358    10.1988      1.098    6.50721    10.2158    22.7349   11.78047 3.1917e+02 0.0000e+00
        299 179.548999    0.02069     1.2417     74.500      1.114  46799.044    29.6288    10.2070      1.103    6.50633    10.2245    22.7282   11.77910 3.1944e+02 0.0000e+00
        300 179.549002    0.02076     1.2458     74.750      1.126  46786.987    29.6214    10.2159      1.115    6.50538    10.2317    22.7210   11.77760 3.2146e+02 0.0000e+00
        301 179.549005    0.02083     1.2500     75.000      1.139  46775.540    29.6143    10.2246      1.129    6.50443    10.2368    22.7141   11.77611 3.2424e+02 0.0000e+00
        302 179.549008    0.02090     1.2542     75.250      1.149  46766.152    29.6086    10.2318      1.139    6.50366    10.2407    22.7084   11.77490 3.2651e+02 0.0000e+00
        303 179.549010    0.02097     1.2583     75.500      1.153  46759.026    29.6042    10.2369      1.142    6.50311    10.2448    22.7042   11.77405 3.2746e+02 0.0000e+00
        304 179.549013    0.02104     1.2625     75.750      1.148  46752.794    29.6002    10.2409      1.137    6.50271    10.2494    22.7005   11.77343 3.2748e+02 0.0000e+00
        305 179.549016    0.02111     1.2667     76.000      1.136  46745.943    29.5959    10.2449      1.125    6.50231    10.2543    22.6965   11.77282 3.2731e+02 0.0000e+00
        306 179.549019    0.02118     1.2708     76.250      1.119  46738.272    29.5911    10.2496      1.109    6.50185    10.2591    22.6919   11.77212 3.2699e+02 0.0000e+00
        307 179.549022    0.02125     1.2750     76.500      1.102  46730.604    29.5863    10.2544      1.092    6.50135    10.2637    22.6874   11.77136 3.2621e+02 0.0000e+00
        308 179.549025    0.02132     1.2792     76.750      1.090  46723.506    29.5819    10.2592      1.080    6.50086    10.2683    22.6832   11.77059 3.2519e+02 0.0000e+00
        309 179.549028    0.02139     1.2833     77.000      1.089  46716.957    29.5778    10.2638      1.078    6.50037    10.2727    22.6793   11.76983 3.2433e+02 0.0000e+00
        310 179.549031    0.02146     1.2875     77.250      1.099  46710.977    29.5741    10.2684      1.089    6.49987    10.2759    22.6757   11.76905 3.2270e+02 0.0000e+00
        311 179.549034    0.02153     1.2917     77.500      1.119  46706.106    29.5712    10.2728      1.109    6.49937    10.2762    22.6727   11.76824 3.1935e+02 0.0000e+00
        312 179.549036    0.02160     1.2958     77.750      1.144  46703.589    29.5698    10.2760      1.133    6.49898    10.2736    22.6710   11.76761 3.1610e+02 0.0000e+00
        313 179.549039    0.02167     1.3000     78.000      1.164  46704.703    29.5706    10.2763      1.153    6.49890    10.2703    22.6716   11.76747 3.1564e+02 0.0000e+00
        314 179.549042    0.02174     1.3042     78.250      1.173  46708.804    29.5732    10.2737      1.162    6.49917    10.2685    22.6740   11.76788 3.1832e+02 0.0000e+00
        315 179.549045    0.02181     1.3083     78.500      1.169  46712.928    29.5757    10.2704      1.158    6.49953    10.2687    22.6765   11.76845 3.2223e+02 0.0000e+00
        316 179.549048    0.02187     1.3125     78.750      1.156  46714.559    29.5767    10.2686      1.145    6.49974    10.2697    22.6775   11.76879 3.2553e+02 0.0000e+00
        317 179.549051    0.02194     1.3167     79.000      1.142  46713.765    29.5761    10.2689      1.131    6.49973    10.2700    22.6771   11.76878 3.2776e+02 0.0000e+00
        318 179.549054    0.02201     1.3208     79.250      1.133  46712.426    29.5753    10.2698      1.122    6.49963    10.2688    22.6763   11.76862 3.2915e+02 0.0000e+00
        319 179.549057    0.02208     1.3250     79.500      1.135  46712.610    29.5755    10.2701      1.124    6.49958    10.2656    22.6764   11.76853 3.2921e+02 0.0000e+00
        320 179.549060    0.02215     1.3292     79.750      1.146  46715.419    29.5773    10.2689      1.135    6.49968    10.2611    22.6780   11.76867 3.2736e+02 0.0000e+00
        321 179.549062    0.02222     1.3333     80.000      1.162  46720.757    29.5806    10.2658      1.151    6.49998    10.2564    22.6811   11.76914 3.2504e+02 0.0000e+00
        322 179.549065    0.02229     1.3375     80.250      1.177  46727.514    29.5849    10.2612      1.166    6.50045    10.2531    22.6851   11.76987 3.2458e+02 0.0000e+00
        323 179.549068    0.02236     1.3417     80.500      1.184  46733.835    29.5888    10.2566      1.173    6.50095    10.2517    22.6889   11.77066 3.2643e+02 0.0000e+00
        324 179.549071    0.02243     1.3458     80.750      1.181  46738.069    29.5914    10.2532      1.170    6.50133    10.2525    22.6915   11.77125 3.2912e+02 0.0000e+00
        325 179.549074    0.02250     1.3500     81.000      1.170  46739.260    29.5920    10.2519      1.159    6.50149    10.2548    22.6923   11.77150 3.3113e+02 0.0000e+00
        326 179.549077    0.02257     1.3542     81.250      1.156  46737.303    29.5907    10.2526      1.145    6.50143    10.2575    22.6911   11.77143 3.3193e+02 0.0000e+00
        327 179.549080    0.02264     1.3583     81.500      1.144  46733.257    29.5882    10.2549      1.133    6.50122    10.2596    22.6888   11.77110 3.3159e+02 0.0000e+00
        328 179.549083    0.02271     1.3625     81.750      1.136  46728.929    29.5854    10.2576      1.125    6.50095    10.2605    22.6862   11.77068 3.3035e+02 0.0000e+00
        329 179.549086    0.02278     1.3667     82.000      1.134  46725.942    29.5836    10.2597      1.123    6.50072    10.2598    22.6844   11.77033 3.2873e+02 0.0000e+00
        330 179.549089    0.02285     1.3708     82.250      1.137  46725.134    29.5831    10.2606      1.126    6.50062    10.2576    22.6839   11.77017 3.2757e+02 0.0000e+00
        331 179.549091    0.02292     1.3750     82.500      1.144  46726.482    29.5840    10.2599      1.133    6.50068    10.2542    22.6847   11.77026 3.2704e+02 0.0000e+00
        332 179.549094    0.02299     1.3792     82.750      1.153  46729.641    29.5859    10.2577      1.143    6.50091    10.2502    22.6866   11.77063 3.2624e+02 0.0000e+00
        333 179.549097    0.02306     1.3833     83.000      1.163  46734.319    29.5888    10.2543      1.152    6.50127    10.2468    22.6894   11.77119 3.2485e+02 0.0000e+00
        334 179.549100    0.02313     1.3875     83.250      1.170  46739.584    29.5921    10.2504      1.159    6.50170    10.2447    22.6926   11.77185 3.2415e+02 0.0000e+00
        335 179.549103    0.02319     1.3917     83.500      1.172  46743.876    29.5947    10.2469      1.161    6.50208    10.2445    22.6952   11.77246 3.2466e+02 0.0000e+00
        336 179.549106    0.02326     1.3958     83.750      1.168  46746.033    29.5960    10.2448      1.157    6.50233    10.2459    22.6965   11.77284 3.2504e+02 0.0000e+00
        337 179.549109    0.02333     1.4000     84.000      1.159  46745.681    29.5957    10.2446      1.148    6.50237    10.2481    22.6963   11.77292 3.2422e+02 0.0000e+00
        338 179.549112    0.02340     1.4042     84.250      1.149  46743.176    29.5941    10.2460      1.139    6.50223    10.2503    22.6949   11.77272 3.2249e+02 0.0000e+00
        339 179.549115    0.02347     1.4083     84.500      1.143  46739.599    29.5918    10.2483      1.132    6.50200    10.2517    22.6927   11.77236 3.2069e+02 0.0000e+00
        340 179.549117    0.02354     1.4125     84.750      1.143  46736.348    29.5898    10.2505      1.132    6.50177    10.2518    22.6908   11.77200 3.1961e+02 0.0000e+00
        341 179.549120    0.02361     1.4167     85.000      1.149  46734.415    29.5886    10.2518      1.139    6.50164    10.2508    22.6896   11.77179 3.1969e+02 0.0000e+00
        342 179.549123    0.02368     1.4208     85.250      1.159  46734.060    29.5884    10.2519      1.148    6.50163    10.2494    22.6894   11.77179 3.2037e+02 0.0000e+00
        343 179.549126    0.02375     1.4250     85.500      1.167  46735.020    29.5889    10.2509      1.157    6.50175    10.2481    22.6900   11.77197 3.2089e+02 0.0000e+00
        344 179.549129    0.02382     1.4292     85.750      1.170  46736.720    29.5900    10.2495      1.159    6.50191    10.2474    22.6910   11.77222 3.2108e+02 0.0000e+00
        345 179.549132    0.02389     1.4333     86.000      1.166  46738.440    29.5910    10.2482      1.155    6.50205    10.2474    22.6921   11.77244 3.2099e+02 0.0000e+00
        346 179.549135    0.02396     1.4375     86.250      1.158  46739.447    29.5917    10.2475      1.147    6.50212    10.2478    22.6927   11.77256 3.2013e+02 0.0000e+00
        347 179.549138    0.02403     1.4417     86.500      1.150  46739.231    29.5915    10.2475      1.139    6.50213    10.2478    22.6926   11.77257 3.1805e+02 0.0000e+00
        348 179.549141    0.02410     1.4458     86.750      1.148  46738.146    29.5908    10.2479      1.137    6.50210    10.2467    22.6920   11.77254 3.1537e+02 0.0000e+00
        349 179.549144    0.02417     1.4500     87.000      1.155  46737.426    29.5903    10.2479      1.144    6.50212    10.2436    22.6916   11.77257 3.1266e+02 0.0000e+00
        350 179.549146    0.02424     1.4542     87.250      1.170  46738.455    29.5908    10.2468      1.159    6.50226    10.2387    22.6922   11.77280 3.0946e+02 0.0000e+00
        351 179.549149    0.02431     1.4583     87.500      1.193  46742.126    29.5930    10.2437      1.182    6.50260    10.2323    22.6944   11.77334 3.0541e+02 0.0000e+00
        352 179.549152    0.02438     1.4625     87.750      1.221  46748.339    29.5968    10.2389      1.209    6.50314    10.2245    22.6982   11.77418 3.0063e+02 0.0000e+00
        353 179.549155    0.02444     1.4667     88.000      1.254  46756.467    29.6018    10.2325      1.242    6.50384    10.2153    22.7030   11.77528 2.9513e+02 0.0000e+00
        354 179.549158    0.02451     1.4708     88.250      1.291  46766.266    29.6077    10.2246      1.279    6.50471    10.2057    22.7089   11.77666 2.8867e+02 0.0000e+00
        355 179.549161    0.02458     1.4750     88.500      1.331  46777.579    29.6146    10.2155      1.318    6.50573    10.1967    22.7158   11.77827 2.8142e+02 0.0000e+00
        356 179.549164    0.02465     1.4792     88.750      1.375  46789.300    29.6217    10.2059      1.362    6.50680    10.1874    22.7228   11.77996 2.7335e+02 0.0000e+00
        357 179.549167    0.02472     1.4833     89.000      1.429  46800.144    29.6282    10.1968      1.416    6.50782    10.1758    22.7294   11.78157 2.6325e+02 0.0000e+00
        358 179.549170    0.02479     1.4875     89.250      1.507  46810.737    29.6345    10.1876      1.493    6.50887    10.1591    22.7358   11.78324 2.4946e+02 0.0000e+00
        359 179.549172    0.02486     1.4917     89.500      1.621  46823.812    29.6423    10.1760      1.606    6.51021    10.1358    22.7437   11.78537 2.3183e+02 0.0000e+00
        360 179.549175    0.02493     1.4958     89.750      1.781  46842.173    29.6531    10.1593      1.765    6.51214    10.1046    22.7549   11.78843 2.1220e+02 0.0000e+00
        361 179.549178    0.02500     1.5000     90.000      1.986  46867.388    29.6680    10.1360      1.968    6.51485    10.0636    22.7702   11.79275 1.9274e+02 0.0000e+00
