CTD-processing/allCTD/CNV--turbid/2017_03-28_alongbay_skb10_cast056.cnv
* Sea-Bird SBE19plus Data File:
* FileName = C:\Users\jwschloemer\Documents\CTD Data\2017_03_28_alongbay\2017_03_28_alongbay_cast056.hex
* Software Version 1.59
* Temperature SN =  4141
* Conductivity SN =  4141
* System UpLoad Time = Apr 03 2017 16:27:06
** Cook Inlet LTM Kbay Along Bay
** Date: 2017-03-28
** Station:KB10
** Start Time (AKST):14:13
** Depth (m):63
** Comment: R/V Edgecumbe
# nquan = 16
# nvalues = 576                         
# units = specified
# name 0 = scan: Scan Count
# name 1 = timeJ: Julian Days
# name 2 = timeH: Time, Elapsed [hours]
# name 3 = timeM: Time, Elapsed [minutes]
# name 4 = timeS: Time, Elapsed [seconds]
# name 5 = prdM: Pressure, Strain Gauge [db]
# name 6 = specc: Specific Conductance [uS/cm]
# name 7 = sal00: Salinity, Practical [PSU]
# name 8 = tv290C: Temperature [ITS-90, deg C]
# name 9 = depSM: Depth [salt water, m], lat = 59.00
# name 10 = oxsolML/L: Oxygen Saturation, Garcia & Gordon [ml/l]
# name 11 = potemp090C: Potential Temperature [ITS-90, deg C]
# name 12 = sigma-é00: Density [sigma-theta, kg/m^3]
# name 13 = n2satML/L: Nitrogen Saturation [ml/l]
# name 14 = par: PAR/Irradiance, Biospherical/Licor
# name 15 = flag:  0.000e+00
# span 0 =          1,        576       
# span 1 =  87.551921,  87.553585       
# span 2 =    0.00000,    0.03993       
# span 3 =     0.0000,     2.3958       
# span 4 =      0.000,    143.750       
# span 5 =      0.905,     53.511       
# span 6 =  51905.196,  52139.846       
# span 7 =    31.8468,    31.9933       
# span 8 =     2.9256,     3.1317       
# span 9 =      0.897,     53.004       
# span 10 =    7.55297,    7.59560      
# span 11 =     2.9254,     3.1286      
# span 12 =    25.3677,    25.4824      
# span 13 =   13.47990,   13.55123      
# span 14 = 5.1088e-02, 3.0936e+02      
# span 15 = 0.0000e+00, 0.0000e+00      
# interval = seconds: 0.25
# start_time = Mar 28 2017 13:14:46 [Instrument's time stamp, header]
# bad_flag = -9.990e-29
*END*
[from data line 543]
        544  87.553492    0.03771     2.2625    135.750     47.129  52097.576    31.9823     3.1219     46.683    7.55514     3.1184    25.4666   13.48356 6.2051e-02 0.0000e+00
        545  87.553495    0.03778     2.2667    136.000     47.349  52099.909    31.9836     3.1213     46.900    7.55519     3.1188    25.4677   13.48362 6.1184e-02 0.0000e+00
        546  87.553498    0.03785     2.2708    136.250     47.569  52102.149    31.9850     3.1212     47.119    7.55514     3.1196    25.4688   13.48353 6.0362e-02 0.0000e+00
        547  87.553501    0.03792     2.2750    136.500     47.789  52103.364    31.9858     3.1216     47.337    7.55502     3.1204    25.4694   13.48332 5.9610e-02 0.0000e+00
        548  87.553504    0.03799     2.2792    136.750     48.007  52103.335    31.9859     3.1223     47.552    7.55487     3.1209    25.4694   13.48308 5.8932e-02 0.0000e+00
        549  87.553507    0.03806     2.2833    137.000     48.221  52102.573    31.9854     3.1231     47.764    7.55475     3.1212    25.4690   13.48288 5.8318e-02 0.0000e+00
        550  87.553510    0.03812     2.2875    137.250     48.432  52101.744    31.9849     3.1237     47.974    7.55467     3.1212    25.4686   13.48276 5.7779e-02 0.0000e+00
        551  87.553513    0.03819     2.2917    137.500     48.643  52101.201    31.9845     3.1240     48.182    7.55464     3.1211    25.4682   13.48271 5.7300e-02 0.0000e+00
        552  87.553516    0.03826     2.2958    137.750     48.856  52100.942    31.9842     3.1240     48.393    7.55464     3.1210    25.4680   13.48272 5.6846e-02 0.0000e+00
        553  87.553519    0.03833     2.3000    138.000     49.073  52100.989    31.9841     3.1239     48.608    7.55466     3.1209    25.4679   13.48275 5.6433e-02 0.0000e+00
        554  87.553521    0.03840     2.3042    138.250     49.293  52101.309    31.9842     3.1238     48.826    7.55468     3.1208    25.4680   13.48278 5.6092e-02 0.0000e+00
        555  87.553524    0.03847     2.3083    138.500     49.514  52101.785    31.9843     3.1237     49.045    7.55469     3.1208    25.4681   13.48281 5.5781e-02 0.0000e+00
        556  87.553527    0.03854     2.3125    138.750     49.734  52102.391    31.9846     3.1236     49.263    7.55470     3.1209    25.4684   13.48281 5.5436e-02 0.0000e+00
        557  87.553530    0.03861     2.3167    139.000     49.953  52103.064    31.9849     3.1236     49.480    7.55468     3.1211    25.4686   13.48277 5.5075e-02 0.0000e+00
        558  87.553533    0.03868     2.3208    139.250     50.172  52103.608    31.9852     3.1237     49.697    7.55464     3.1213    25.4688   13.48271 5.4756e-02 0.0000e+00
        559  87.553536    0.03875     2.3250    139.500     50.391  52103.828    31.9853     3.1239     49.914    7.55460     3.1215    25.4689   13.48263 5.4448e-02 0.0000e+00
        560  87.553539    0.03882     2.3292    139.750     50.609  52103.808    31.9853     3.1242     50.130    7.55456     3.1216    25.4688   13.48256 5.4112e-02 0.0000e+00
        561  87.553542    0.03889     2.3333    140.000     50.826  52103.688    31.9851     3.1244     50.345    7.55452     3.1217    25.4687   13.48251 5.3788e-02 0.0000e+00
        562  87.553545    0.03896     2.3375    140.250     51.041  52103.420    31.9849     3.1245     50.558    7.55451     3.1217    25.4685   13.48249 5.3520e-02 0.0000e+00
        563  87.553547    0.03903     2.3417    140.500     51.253  52103.113    31.9846     3.1246     50.768    7.55450     3.1216    25.4683   13.48249 5.3274e-02 0.0000e+00
        564  87.553550    0.03910     2.3458    140.750     51.462  52102.983    31.9844     3.1247     50.975    7.55451     3.1216    25.4681   13.48250 5.3024e-02 0.0000e+00
        565  87.553553    0.03917     2.3500    141.000     51.669  52103.097    31.9844     3.1246     51.180    7.55452     3.1215    25.4681   13.48252 5.2796e-02 0.0000e+00
        566  87.553556    0.03924     2.3542    141.250     51.874  52103.528    31.9845     3.1245     51.382    7.55453     3.1216    25.4682   13.48253 5.2567e-02 0.0000e+00
        567  87.553559    0.03931     2.3583    141.500     52.078  52104.397    31.9850     3.1245     51.585    7.55451     3.1219    25.4686   13.48249 5.2309e-02 0.0000e+00
        568  87.553562    0.03938     2.3625    141.750     52.283  52105.658    31.9858     3.1246     51.787    7.55445     3.1226    25.4692   13.48239 5.2064e-02 0.0000e+00
        569  87.553565    0.03944     2.3667    142.000     52.487  52107.256    31.9869     3.1249     51.990    7.55434     3.1236    25.4700   13.48219 5.1860e-02 0.0000e+00
        570  87.553568    0.03951     2.3708    142.250     52.690  52109.068    31.9882     3.1256     52.191    7.55416     3.1250    25.4710   13.48186 5.1699e-02 0.0000e+00
        571  87.553571    0.03958     2.3750    142.500     52.887  52110.367    31.9892     3.1266     52.386    7.55390     3.1264    25.4717   13.48143 5.1568e-02 0.0000e+00
        572  87.553573    0.03965     2.3792    142.750     53.074  52110.569    31.9896     3.1280     52.571    7.55362     3.1275    25.4719   13.48097 5.1435e-02 0.0000e+00
        573  87.553576    0.03972     2.3833    143.000     53.242  52109.980    31.9895     3.1294     52.738    7.55336     3.1283    25.4717   13.48054 5.1314e-02 0.0000e+00
        574  87.553579    0.03979     2.3875    143.250     53.382  52109.177    31.9892     3.1306     52.876    7.55315     3.1286    25.4714   13.48020 5.1215e-02 0.0000e+00
        575  87.553582    0.03986     2.3917    143.500     53.477  52108.538    31.9889     3.1314     52.970    7.55302 -9.990e-29    25.4711   13.47998 5.1128e-02 0.0000e+00
        576  87.553585    0.03993     2.3958    143.750     53.511  52108.293    31.9888     3.1317     53.004    7.55297 -9.990e-29    25.4710   13.47990 5.1088e-02 0.0000e+00
