CTD-processing/allCTD/CNV--turbid/2017_10-20_alongbay_skb04_cast067.cnv
* Sea-Bird SBE19plus Data File:
* FileName = C:\Users\Kim.Powell\Desktop\Not Processed\2017\2017_10-20_AlongBay\2017_10-20_AlongBay_STATION_cast067.hex
* Software Version 1.59
* Temperature SN =  4141
* Conductivity SN =  4141
* System UpLoad Time = Oct 20 2017 15:55:35
** 2017_10-20
** Station: KB04
** Start Time: 11:42
** Depth (m): 154.2
** Comment: Edgecumbe
** Comment:
# nquan = 16
# nvalues = 897                         
# units = specified
# name 0 = scan: Scan Count
# name 1 = timeJ: Julian Days
# name 2 = timeH: Time, Elapsed [hours]
# name 3 = timeM: Time, Elapsed [minutes]
# name 4 = timeS: Time, Elapsed [seconds]
# name 5 = prdM: Pressure, Strain Gauge [db]
# name 6 = specc: Specific Conductance [uS/cm]
# name 7 = sal00: Salinity, Practical [PSU]
# name 8 = tv290C: Temperature [ITS-90, deg C]
# name 9 = depSM: Depth [salt water, m], lat = 59.00
# name 10 = oxsolML/L: Oxygen Saturation, Garcia & Gordon [ml/l]
# name 11 = potemp090C: Potential Temperature [ITS-90, deg C]
# name 12 = sigma-é00: Density [sigma-theta, kg/m^3]
# name 13 = n2satML/L: Nitrogen Saturation [ml/l]
# name 14 = par: PAR/Irradiance, Biospherical/Licor
# name 15 = flag:  0.000e+00
# span 0 =          1,        897       
# span 1 = 293.487604, 293.490197       
# span 2 =    0.00000,    0.06222       
# span 3 =     0.0000,     3.7333       
# span 4 =      0.000,    224.000       
# span 5 =     -0.238,    152.403       
# span 6 =   2134.532,  49658.942       
# span 7 =     1.0225,    31.2715       
# span 8 =     0.3350,     9.8264       
# span 9 =     -0.236,    150.922       
# span 10 =    6.50635,   10.06012      
# span 11 =     0.3368,     9.8186      
# span 12 =     0.7013,    24.3935      
# span 13 =   11.76342,   18.11936      
# span 14 = 3.6382e-02, 1.0928e+03      
# span 15 = 0.0000e+00, 0.0000e+00      
# interval = seconds: 0.25
# start_time = Oct 20 2017 11:42:09 [Instrument's time stamp, header]
# bad_flag = -9.990e-29
*END*
          1 293.487604    0.00000     0.0000      0.000     -0.236   2474.206     1.1935     0.3350     -0.234   10.05118     0.3368     0.8399   18.10146 1.0928e+03 0.0000e+00
          2 293.487607    0.00007     0.0042      0.250     -0.236   2482.436     1.1977     0.3360     -0.234   10.05063     0.3375     0.8434   18.10046 1.0831e+03 0.0000e+00
          3 293.487610    0.00014     0.0083      0.500     -0.236   2468.801     1.1908     0.3368     -0.234   10.05086     0.3381     0.8379   18.10097 1.0663e+03 0.0000e+00
          4 293.487613    0.00021     0.0125      0.750     -0.236   2423.924     1.1681     0.3375     -0.234   10.05227     0.3390     0.8195   18.10372 1.0379e+03 0.0000e+00
          5 293.487616    0.00028     0.0167      1.000     -0.236   2361.990     1.1368     0.3381     -0.234   10.05429     0.3404     0.7940   18.10765 9.9197e+02 0.0000e+00
          6 293.487619    0.00035     0.0208      1.250     -0.237   2299.959     1.1055     0.3390     -0.235   10.05622     0.3424     0.7685   18.11144 9.2261e+02 0.0000e+00
          7 293.487622    0.00042     0.0250      1.500     -0.237   2242.487     1.0766     0.3404     -0.235   10.05784     0.3447     0.7450   18.11466 8.3256e+02 0.0000e+00
          8 293.487624    0.00049     0.0292      1.750     -0.237   2187.470     1.0490     0.3424     -0.235   10.05922     0.3469     0.7226   18.11746 7.3926e+02 0.0000e+00
          9 293.487627    0.00056     0.0333      2.000     -0.237   2143.648     1.0270     0.3447     -0.235   10.06012     0.3489     0.7048   18.11936 6.5546e+02 0.0000e+00
         10 293.487630    0.00063     0.0375      2.250     -0.237   2134.532     1.0225     0.3469     -0.235   10.05980     0.3507     0.7013   18.11891 5.7581e+02 0.0000e+00
         11 293.487633    0.00069     0.0417      2.500     -0.238   2160.054     1.0355     0.3489     -0.236   10.05835     0.3525     0.7120   18.11625 5.0503e+02 0.0000e+00
         12 293.487636    0.00076     0.0458      2.750     -0.238   2183.421     1.0475     0.3507     -0.236   10.05704     0.3548     0.7219   18.11386 4.5880e+02 0.0000e+00
         13 293.487639    0.00083     0.0500      3.000     -0.237   2184.409     1.0485     0.3525     -0.235   10.05649     0.3577     0.7227   18.11294 4.3421e+02 0.0000e+00
         14 293.487642    0.00090     0.0542      3.250     -0.237   2178.125     1.0461     0.3548     -0.235   10.05608     0.3613     0.7208   18.11230 4.2210e+02 0.0000e+00
         15 293.487645    0.00097     0.0583      3.500     -0.238   2182.048     1.0494     0.3577     -0.236   10.05514     0.3658     0.7235   18.11070 4.1990e+02 0.0000e+00
         16 293.487648    0.00104     0.0625      3.750     -0.238   2197.801     1.0595     0.3613     -0.236   10.05360     0.3717     0.7316   18.10798 4.3656e+02 0.0000e+00
         17 293.487650    0.00111     0.0667      4.000     -0.237   2223.304     1.0760     0.3658     -0.235   10.05149     0.3796     0.7449   18.10423 4.7474e+02 0.0000e+00
         18 293.487653    0.00118     0.0708      4.250     -0.237   2270.386     1.1057     0.3717     -0.235   10.04829     0.3911     0.7687   18.09846 5.0825e+02 0.0000e+00
         19 293.487656    0.00125     0.0750      4.500     -0.236   2356.260     1.1590     0.3796     -0.234   10.04320     0.4087     0.8113   18.08919 5.1822e+02 0.0000e+00
         20 293.487659    0.00132     0.0792      4.750     -0.235   2494.908     1.2455     0.3911     -0.233   10.03537     0.4362     0.8804   18.07486 5.0555e+02 0.0000e+00
         21 293.487662    0.00139     0.0833      5.000     -0.233   2721.841     1.3877     0.4087     -0.231   10.02294     0.4805     0.9938   18.05205 4.7093e+02 0.0000e+00
         22 293.487665    0.00146     0.0875      5.250     -0.230   3107.701     1.6284     0.4362     -0.228   10.00242     0.5525     1.1858   18.01428 4.3021e+02 0.0000e+00
         23 293.487668    0.00153     0.0917      5.500     -0.226   3753.825     2.0311     0.4805     -0.224    9.96857     0.6705     1.5069   17.95191 4.1394e+02 0.0000e+00
         24 293.487671    0.00160     0.0958      5.750     -0.219   4835.029     2.7045     0.5525     -0.217    9.91254     0.8654     2.0437   17.84855 4.3013e+02 0.0000e+00
         25 293.487674    0.00167     0.1000      6.000     -0.208   6669.533     3.8430     0.6705     -0.206    9.81856     1.1889     2.9515   17.67500 4.5735e+02 0.0000e+00
         26 293.487677    0.00174     0.1042      6.250     -0.190   9785.701     5.7699     0.8654     -0.188    9.66037     1.7272     4.4883   17.38264 4.7142e+02 0.0000e+00
         27 293.487679    0.00181     0.1083      6.500     -0.160  15038.849     9.0111     1.1889     -0.158    9.39502     2.5706     7.0739   16.89200 4.6870e+02 0.0000e+00
         28 293.487682    0.00187     0.1125      6.750     -0.111  23497.010    14.2565     1.7272     -0.110    8.96389     3.6847    11.2560   16.09561 4.5584e+02 0.0000e+00
         29 293.487685    0.00194     0.1167      7.000     -0.043  33569.562    20.5862     2.5706     -0.042    8.40976     4.8758    16.2829   15.07934 4.3506e+02 0.0000e+00
         30 293.487688    0.00201     0.1208      7.250      0.038  41151.281    25.4570     3.6847      0.037    7.89915     5.9561    20.1059   14.15830 4.1691e+02 0.0000e+00
         31 293.487691    0.00208     0.1250      7.500      0.123  45077.343    28.0672     4.8758      0.122    7.51770     6.8388    22.0950   13.48568 3.9880e+02 0.0000e+00
         32 293.487694    0.00215     0.1292      7.750      0.211  46839.870    29.2926     5.9561      0.209    7.24495     7.5071    22.9739   13.01392 3.5698e+02 0.0000e+00
         33 293.487697    0.00222     0.1333      8.000      0.298  47486.293    29.7812     6.8388      0.296    7.05542     7.9830    23.2761   12.69113 3.0055e+02 0.0000e+00
         34 293.487700    0.00229     0.1375      8.250      0.380  47582.326    29.8923     7.5071      0.377    6.92836     8.3056    23.2952   12.47763 2.5996e+02 0.0000e+00
         35 293.487703    0.00236     0.1417      8.500      0.454  47425.419    29.8203     7.9830      0.450    6.84677     8.5172    23.1873   12.34239 2.4042e+02 0.0000e+00
         36 293.487705    0.00243     0.1458      8.750      0.518  47200.966    29.6914     8.3057      0.514    6.79594     8.6535    23.0501   12.25918 2.3140e+02 0.0000e+00
         37 293.487708    0.00250     0.1500      9.000      0.574  47063.017    29.6142     8.5172      0.568    6.76273     8.7403    22.9653   12.20477 2.2103e+02 0.0000e+00
         38 293.487711    0.00257     0.1542      9.250      0.619  47066.154    29.6289     8.6535      0.613    6.73874     8.7964    22.9608   12.16464 2.0681e+02 0.0000e+00
         39 293.487714    0.00264     0.1583      9.500      0.653  47164.995    29.7060     8.7404      0.647    6.72062     8.8361    23.0107   12.13355 1.9374e+02 0.0000e+00
         40 293.487717    0.00271     0.1625      9.750      0.678  47302.971    29.8077     8.7965      0.671    6.70676     8.8697    23.0834   12.10925 1.8322e+02 0.0000e+00
         41 293.487720    0.00278     0.1667     10.000      0.695  47438.646    29.9064     8.8362      0.688    6.69590     8.9021    23.1556   12.09000 1.7725e+02 0.0000e+00
         42 293.487723    0.00285     0.1708     10.250      0.708  47546.827    29.9857     8.8698      0.701    6.68707     8.9330    23.2132   12.07437 1.7397e+02 0.0000e+00
         43 293.487726    0.00292     0.1750     10.500      0.720  47617.440    30.0389     8.9022      0.713    6.67969     8.9600    23.2503   12.06147 1.7102e+02 0.0000e+00
         44 293.487729    0.00299     0.1792     10.750      0.734  47650.968    30.0662     8.9330      0.727    6.67376     8.9825    23.2672   12.05131 1.7392e+02 0.0000e+00
         45 293.487731    0.00306     0.1833     11.000      0.751  47654.884    30.0724     8.9601      0.744    6.66937     9.0008    23.2681   12.04395 1.8157e+02 0.0000e+00
         46 293.487734    0.00313     0.1875     11.250      0.769  47637.500    30.0631     8.9826      0.762    6.66637     9.0151    23.2576   12.03908 1.8579e+02 0.0000e+00
         47 293.487737    0.00319     0.1917     11.500      0.787  47609.776    30.0462     9.0009      0.779    6.66435     9.0259    23.2416   12.03594 1.8461e+02 0.0000e+00
         48 293.487740    0.00326     0.1958     11.750      0.801  47594.920    30.0377     9.0152      0.794    6.66256     9.0348    23.2329   12.03309 1.7963e+02 0.0000e+00
         49 293.487743    0.00333     0.2000     12.000      0.812  47613.734    30.0522     9.0260      0.804    6.66032     9.0440    23.2427   12.02919 1.7347e+02 0.0000e+00
         50 293.487746    0.00340     0.2042     12.250      0.819  47655.587    30.0827     9.0349      0.811    6.65767     9.0545    23.2651   12.02444 1.7173e+02 0.0000e+00
         51 293.487749    0.00347     0.2083     12.500      0.824  47695.119    30.1115     9.0441      0.816    6.65506     9.0649    23.2863   12.01975 1.7740e+02 0.0000e+00
         52 293.487752    0.00354     0.2125     12.750      0.829  47720.998    30.1310     9.0546      0.821    6.65266     9.0735    23.3000   12.01554 1.8753e+02 0.0000e+00
         53 293.487755    0.00361     0.2167     13.000      0.834  47734.109    30.1415     9.0650      0.827    6.65066     9.0801    23.3066   12.01210 1.9809e+02 0.0000e+00
         54 293.487758    0.00368     0.2208     13.250      0.840  47737.961    30.1454     9.0736      0.832    6.64921     9.0854    23.3083   12.00965 2.0538e+02 0.0000e+00
         55 293.487760    0.00375     0.2250     13.500      0.845  47736.026    30.1449     9.0802      0.837    6.64825     9.0901    23.3070   12.00806 2.0806e+02 0.0000e+00
         56 293.487763    0.00382     0.2292     13.750      0.850  47732.771    30.1433     9.0855      0.842    6.64754     9.0947    23.3049   12.00691 2.1003e+02 0.0000e+00
         57 293.487766    0.00389     0.2333     14.000      0.854  47731.898    30.1433     9.0902      0.846    6.64685     9.0993    23.3042   12.00576 2.0996e+02 0.0000e+00
         58 293.487769    0.00396     0.2375     14.250      0.857  47732.946    30.1447     9.0948      0.849    6.64611     9.1037    23.3046   12.00451 2.0866e+02 0.0000e+00
         59 293.487772    0.00403     0.2417     14.500      0.861  47733.565    30.1457     9.0994      0.853    6.64538     9.1075    23.3047   12.00329 2.0930e+02 0.0000e+00
         60 293.487775    0.00410     0.2458     14.750      0.862  47734.893    30.1473     9.1038      0.854    6.64467     9.1103    23.3052   12.00209 2.0629e+02 0.0000e+00
         61 293.487778    0.00417     0.2500     15.000      0.861  47740.716    30.1518     9.1076      0.852    6.64391     9.1119    23.3082   12.00078 1.9981e+02 0.0000e+00
         62 293.487781    0.00424     0.2542     15.250      0.857  47752.188    30.1602     9.1104      0.849    6.64313     9.1121    23.3144   11.99939 1.9699e+02 0.0000e+00
         63 293.487784    0.00431     0.2583     15.500      0.854  47765.715    30.1699     9.1119      0.846    6.64248     9.1111    23.3217   11.99820 2.0182e+02 0.0000e+00
         64 293.487786    0.00438     0.2625     15.750      0.853  47775.917    30.1771     9.1122      0.845    6.64214     9.1090    23.3272   11.99755 2.1358e+02 0.0000e+00
         65 293.487789    0.00444     0.2667     16.000      0.856  47779.489    30.1794     9.1111      0.848    6.64219     9.1065    23.3292   11.99760 2.2068e+02 0.0000e+00
         66 293.487792    0.00451     0.2708     16.250      0.863  47775.593    30.1764     9.1091      0.855    6.64262     9.1043    23.3272   11.99835 2.1490e+02 0.0000e+00
         67 293.487795    0.00458     0.2750     16.500      0.872  47765.026    30.1687     9.1066      0.864    6.64333     9.1033    23.3216   11.99962 2.0891e+02 0.0000e+00
         68 293.487798    0.00465     0.2792     16.750      0.880  47750.078    30.1579     9.1043      0.871    6.64412     9.1041    23.3135   12.00106 2.1145e+02 0.0000e+00
         69 293.487801    0.00472     0.2833     17.000      0.882  47735.473    30.1476     9.1034      0.874    6.64471     9.1063    23.3056   12.00216 2.1923e+02 0.0000e+00
         70 293.487804    0.00479     0.2875     17.250      0.878  47729.153    30.1433     9.1042      0.870    6.64477     9.1090    23.3021   12.00232 2.2592e+02 0.0000e+00
         71 293.487807    0.00486     0.2917     17.500      0.869  47738.660    30.1502     9.1064      0.861    6.64415     9.1112    23.3072   12.00120 2.2546e+02 0.0000e+00
         72 293.487810    0.00493     0.2958     17.750      0.861  47762.013    30.1669     9.1091      0.853    6.64302     9.1125    23.3198   11.99914 2.2202e+02 0.0000e+00
         73 293.487813    0.00500     0.3000     18.000      0.858  47784.542    30.1830     9.1113      0.850    6.64201     9.1132    23.3320   11.99726 2.2448e+02 0.0000e+00
         74 293.487815    0.00507     0.3042     18.250      0.864  47789.678    30.1867     9.1126      0.856    6.64166     9.1134    23.3348   11.99664 2.2469e+02 0.0000e+00
         75 293.487818    0.00514     0.3083     18.500      0.875  47770.823    30.1736     9.1133      0.867    6.64212     9.1126    23.3244   11.99756 2.1039e+02 0.0000e+00
         76 293.487821    0.00521     0.3125     18.750      0.885  47734.843    30.1485     9.1135      0.877    6.64317     9.1112    23.3048   11.99961 1.9524e+02 0.0000e+00
         77 293.487824    0.00528     0.3167     19.000      0.890  47698.601    30.1231     9.1127      0.882    6.64437     9.1102    23.2850   12.00191 1.8867e+02 0.0000e+00
         78 293.487827    0.00535     0.3208     19.250      0.888  47684.313    30.1129     9.1113      0.879    6.64502     9.1101    23.2773   12.00311 1.8352e+02 0.0000e+00
         79 293.487830    0.00542     0.3250     19.500      0.880  47703.229    30.1260     9.1103      0.872    6.64461     9.1102    23.2877   12.00227 1.8153e+02 0.0000e+00
         80 293.487833    0.00549     0.3292     19.750      0.871  47739.972    30.1517     9.1102      0.863    6.64352     9.1096    23.3077   12.00015 1.8258e+02 0.0000e+00
         81 293.487836    0.00556     0.3333     20.000      0.865  47772.579    30.1745     9.1103      0.857    6.64253     9.1084    23.3255   11.99824 1.8173e+02 0.0000e+00
         82 293.487839    0.00562     0.3375     20.250      0.864  47791.219    30.1874     9.1097      0.856    6.64207     9.1066    23.3357   11.99731 1.7973e+02 0.0000e+00
         83 293.487841    0.00569     0.3417     20.500      0.871  47790.918    30.1871     9.1085      0.863    6.64226     9.1040    23.3356   11.99763 1.7782e+02 0.0000e+00
         84 293.487844    0.00576     0.3458     20.750      0.882  47768.499    30.1712     9.1067      0.874    6.64320     9.0998    23.3235   11.99938 1.7984e+02 0.0000e+00
         85 293.487847    0.00583     0.3500     21.000      0.895  47724.706    30.1402     9.1041      0.887    6.64491     9.0939    23.2997   12.00259 1.8545e+02 0.0000e+00
         86 293.487850    0.00590     0.3542     21.250      0.904  47666.857    30.0992     9.0999      0.896    6.64729     9.0876    23.2682   12.00703 1.8577e+02 0.0000e+00
         87 293.487853    0.00597     0.3583     21.500      0.907  47613.155    30.0608     9.0940      0.898    6.64982     9.0833    23.2392   12.01169 1.8057e+02 0.0000e+00
         88 293.487856    0.00604     0.3625     21.750      0.902  47583.535    30.0393     9.0877      0.894    6.65168     9.0824    23.2233   12.01504 1.7551e+02 0.0000e+00
         89 293.487859    0.00611     0.3667     22.000      0.894  47583.764    30.0389     9.0834      0.885    6.65233     9.0841    23.2236   12.01612 1.7272e+02 0.0000e+00
         90 293.487862    0.00618     0.3708     22.250      0.884  47607.155    30.0551     9.0825      0.876    6.65177     9.0862    23.2364   12.01500 1.7408e+02 0.0000e+00
