CTD-processing/allCTD/CNV--turbid/2017_07-24_t9_s04_cast208.cnv
* Sea-Bird SBE19plus Data File:
* FileName = P:\My Documents\kasitsna\Research-KBL\Oceanography-AK\CTD-Data-ALL-to-2017-02\2017-CTD-KachemakBay-CookInlet\2017-07-24-CookInlet-Tran9-HomerSpit\2017-07-24-CookInlet-Tran9-cast208.hex
* Software Version 1.59
* Temperature SN =  4141
* Conductivity SN =  4141
* System UpLoad Time = Jul 24 2017 19:46:30
** Cook Inlet LTM Transect 9 Homer Spit north to south
** Date: 2017-07-24
** Station: (eg. 9-01): 9-04
** Start time (AKDT): 10:32
** Depth (m): 92.4
** Comment: R/V Edgecumbe.  Quarterly survey.
** Comment:
# nquan = 16
# nvalues = 647                         
# units = specified
# name 0 = scan: Scan Count
# name 1 = timeJ: Julian Days
# name 2 = timeH: Time, Elapsed [hours]
# name 3 = timeM: Time, Elapsed [minutes]
# name 4 = timeS: Time, Elapsed [seconds]
# name 5 = prdM: Pressure, Strain Gauge [db]
# name 6 = specc: Specific Conductance [uS/cm]
# name 7 = sal00: Salinity, Practical [PSU]
# name 8 = tv290C: Temperature [ITS-90, deg C]
# name 9 = depSM: Depth [salt water, m], lat = 59.00
# name 10 = oxsolML/L: Oxygen Saturation, Garcia & Gordon [ml/l]
# name 11 = potemp090C: Potential Temperature [ITS-90, deg C]
# name 12 = sigma-é00: Density [sigma-theta, kg/m^3]
# name 13 = n2satML/L: Nitrogen Saturation [ml/l]
# name 14 = par: PAR/Irradiance, Biospherical/Licor
# name 15 = flag:  0.000e+00
# span 0 =          1,        647       
# span 1 = 205.439514, 205.441383       
# span 2 =    0.00000,    0.04486       
# span 3 =     0.0000,     2.6917       
# span 4 =      0.000,    161.500       
# span 5 =      0.213,     75.839       
# span 6 =  16925.359,  50091.887       
# span 7 =    10.4865,    31.6489       
# span 8 =     8.2788,    12.0787       
# span 9 =      0.211,     75.116       
# span 10 =    6.35378,    7.25747      
# span 11 =     8.2714,    12.0785      
# span 12 =     7.7459,    24.6017      
# span 13 =   11.53568,   13.28902      
# span 14 = 5.0078e-02, 4.6635e+02      
# span 15 = 0.0000e+00, 0.0000e+00      
# interval = seconds: 0.25
# start_time = Jul 24 2017 10:32:54 [Instrument's time stamp, header]
# bad_flag = -9.990e-29
*END*
[from data line 362]
        363 205.440561    0.02514     1.5083     90.500     21.854  48932.600    31.0450     9.6073     21.649    6.53301     9.5958    23.9288   11.80625 1.4226e-01 0.0000e+00
        364 205.440564    0.02521     1.5125     90.750     22.057  48941.819    31.0507     9.6019     21.850    6.53355     9.5934    23.9341   11.80708 1.3552e-01 0.0000e+00
        365 205.440567    0.02528     1.5167     91.000     22.268  48948.103    31.0545     9.5982     22.059    6.53393     9.5915    23.9377   11.80766 1.2898e-01 0.0000e+00
        366 205.440570    0.02535     1.5208     91.250     22.483  48954.151    31.0584     9.5958     22.271    6.53411     9.5896    23.9411   11.80792 1.2285e-01 0.0000e+00
        367 205.440573    0.02542     1.5250     91.500     22.692  48961.847    31.0635     9.5939     22.479    6.53416     9.5872    23.9454   11.80794 1.1729e-01 0.0000e+00
        368 205.440576    0.02549     1.5292     91.750     22.892  48971.905    31.0702     9.5920     22.677    6.53415     9.5844    23.9510   11.80784 1.1235e-01 0.0000e+00
        369 205.440579    0.02556     1.5333     92.000     23.079  48983.859    31.0782     9.5897     22.862    6.53415     9.5811    23.9576   11.80774 1.0802e-01 0.0000e+00
        370 205.440582    0.02562     1.5375     92.250     23.253  48996.360    31.0866     9.5869     23.035    6.53421     9.5778    23.9646   11.80774 1.0428e-01 0.0000e+00
        371 205.440584    0.02569     1.5417     92.500     23.419  49008.200    31.0944     9.5837     23.198    6.53435     9.5746    23.9712   11.80787 1.0101e-01 0.0000e+00
        372 205.440587    0.02576     1.5458     92.750     23.583  49019.256    31.1017     9.5804     23.362    6.53452     9.5713    23.9774   11.80806 9.7989e-02 0.0000e+00
        373 205.440590    0.02583     1.5500     93.000     23.758  49030.165    31.1088     9.5771     23.535    6.53468     9.5679    23.9836   11.80824 9.5039e-02 0.0000e+00
        374 205.440593    0.02590     1.5542     93.250     23.951  49041.714    31.1165     9.5739     23.726    6.53483     9.5644    23.9900   11.80839 9.2079e-02 0.0000e+00
        375 205.440596    0.02597     1.5583     93.500     24.166  49054.752    31.1251     9.5705     23.939    6.53495     9.5609    23.9973   11.80849 8.9115e-02 0.0000e+00
        376 205.440599    0.02604     1.5625     93.750     24.395  49070.122    31.1354     9.5670     24.166    6.53502     9.5579    24.0059   11.80848 8.6138e-02 0.0000e+00
        377 205.440602    0.02611     1.5667     94.000     24.624  49087.988    31.1474     9.5636     24.392    6.53501     9.5561    24.0158   11.80832 8.3303e-02 0.0000e+00
        378 205.440605    0.02618     1.5708     94.250     24.838  49107.149    31.1604     9.5606     24.604    6.53489     9.5559    24.0264   11.80797 8.0862e-02 0.0000e+00
        379 205.440608    0.02625     1.5750     94.500     25.028  49125.370    31.1729     9.5588     24.793    6.53463     9.5574    24.0365   11.80738 7.8884e-02 0.0000e+00
        380 205.440611    0.02632     1.5792     94.750     25.197  49141.287    31.1840     9.5586     24.960    6.53419     9.5601    24.0452   11.80652 7.7279e-02 0.0000e+00
        381 205.440613    0.02639     1.5833     95.000     25.352  49155.521    31.1942     9.5601     25.113    6.53355     9.5638    24.0529   11.80534 7.5886e-02 0.0000e+00
        382 205.440616    0.02646     1.5875     95.250     25.506  49169.723    31.2045     9.5628     25.266    6.53273     9.5680    24.0605   11.80385 7.4596e-02 0.0000e+00
        383 205.440619    0.02653     1.5917     95.500     25.671  49185.101    31.2157     9.5664     25.429    6.53172     9.5716    24.0687   11.80206 7.3353e-02 0.0000e+00
        384 205.440622    0.02660     1.5958     95.750     25.850  49199.992    31.2267     9.5706     25.607    6.53066     9.5720    24.0766   11.80016 7.2084e-02 0.0000e+00
        385 205.440625    0.02667     1.6000     96.000     26.045  49209.069    31.2335     9.5743     25.800    6.52985     9.5657    24.0813   11.79874 7.0797e-02 0.0000e+00
        386 205.440628    0.02674     1.6042     96.250     26.251  49209.132    31.2335     9.5747     26.004    6.52978     9.5508    24.0813   11.79864 6.9536e-02 0.0000e+00
        387 205.440631    0.02681     1.6083     96.500     26.467  49205.221    31.2298     9.5684     26.218    6.53085     9.5290    24.0794   11.80044 6.8287e-02 0.0000e+00
        388 205.440634    0.02688     1.6125     96.750     26.690  49206.087    31.2283     9.5536     26.439    6.53305     9.5039    24.0806   11.80410 6.7060e-02 0.0000e+00
        389 205.440637    0.02694     1.6167     97.000     26.920  49215.468    31.2319     9.5318     26.666    6.53604     9.4790    24.0868   11.80902 6.5894e-02 0.0000e+00
        390 205.440639    0.02701     1.6208     97.250     27.151  49231.829    31.2400     9.5067     26.895    6.53932     9.4570    24.0971   11.81435 6.4821e-02 0.0000e+00
        391 205.440642    0.02708     1.6250     97.500     27.378  49252.186    31.2509     9.4819     27.120    6.54244     9.4389    24.1096   11.81939 6.3864e-02 0.0000e+00
        392 205.440645    0.02715     1.6292     97.750     27.592  49272.287    31.2620     9.4600     27.332    6.54515     9.4239    24.1217   11.82374 6.3010e-02 0.0000e+00
        393 205.440648    0.02722     1.6333     98.000     27.788  49288.681    31.2710     9.4418     27.527    6.54739     9.4111    24.1316   11.82735 6.2243e-02 0.0000e+00
        394 205.440651    0.02729     1.6375     98.250     27.965  49301.489    31.2779     9.4269     27.701    6.54926     9.3997    24.1394   11.83036 6.1595e-02 0.0000e+00
        395 205.440654    0.02736     1.6417     98.500     28.123  49312.009    31.2836     9.4141     27.859    6.55087     9.3884    24.1458   11.83296 6.1062e-02 0.0000e+00
        396 205.440657    0.02743     1.6458     98.750     28.271  49320.490    31.2879     9.4027     28.005    6.55235     9.3758    24.1510   11.83534 6.0597e-02 0.0000e+00
        397 205.440660    0.02750     1.6500     99.000     28.417  49327.129    31.2910     9.3914     28.149    6.55385     9.3601    24.1551   11.83779 6.0179e-02 0.0000e+00
        398 205.440663    0.02757     1.6542     99.250     28.568  49333.383    31.2937     9.3788     28.299    6.55556     9.3400    24.1592   11.84060 5.9775e-02 0.0000e+00
        399 205.440666    0.02764     1.6583     99.500     28.731  49342.016    31.2975     9.3631     28.460    6.55768     9.3155    24.1646   11.84405 5.9360e-02 0.0000e+00
        400 205.440668    0.02771     1.6625     99.750     28.911  49356.405    31.3048     9.3430     28.638    6.56029     9.2886    24.1735   11.84829 5.8946e-02 0.0000e+00
        401 205.440671    0.02778     1.6667    100.000     29.107  49378.887    31.3172     9.3185     28.832    6.56332     9.2627    24.1870   11.85316 5.8544e-02 0.0000e+00
        402 205.440674    0.02785     1.6708    100.250     29.318  49408.114    31.3340     9.2917     29.042    6.56651     9.2405    24.2043   11.85824 5.8190e-02 0.0000e+00
        403 205.440677    0.02792     1.6750    100.500     29.542  49439.139    31.3522     9.2658     29.264    6.56951     9.2228    24.2225   11.86298 5.7894e-02 0.0000e+00
        404 205.440680    0.02799     1.6792    100.750     29.776  49467.092    31.3687     9.2436     29.495    6.57204     9.2092    24.2389   11.86698 5.7566e-02 0.0000e+00
        405 205.440683    0.02806     1.6833    101.000     30.012  49489.804    31.3821     9.2259     29.730    6.57405     9.1984    24.2521   11.87014 5.7143e-02 0.0000e+00
        406 205.440686    0.02813     1.6875    101.250     30.247  49507.290    31.3924     9.2123     29.962    6.57559     9.1892    24.2623   11.87257 5.6688e-02 0.0000e+00
        407 205.440689    0.02819     1.6917    101.500     30.475  49520.588    31.4002     9.2016     30.187    6.57683     9.1807    24.2701   11.87453 5.6283e-02 0.0000e+00
        408 205.440692    0.02826     1.6958    101.750     30.692  49531.430    31.4065     9.1924     30.402    6.57790     9.1727    24.2764   11.87623 5.5936e-02 0.0000e+00
        409 205.440694    0.02833     1.7000    102.000     30.896  49541.136    31.4120     9.1839     30.604    6.57890     9.1650    24.2821   11.87781 5.5640e-02 0.0000e+00
        410 205.440697    0.02840     1.7042    102.250     31.088  49550.023    31.4171     9.1759     30.794    6.57985     9.1575    24.2873   11.87933 5.5373e-02 0.0000e+00
        411 205.440700    0.02847     1.7083    102.500     31.267  49558.377    31.4218     9.1682     30.972    6.58078     9.1503    24.2922   11.88080 5.5111e-02 0.0000e+00
        412 205.440703    0.02854     1.7125    102.750     31.435  49566.516    31.4264     9.1608     31.138    6.58167     9.1438    24.2969   11.88223 5.4847e-02 0.0000e+00
        413 205.440706    0.02861     1.7167    103.000     31.597  49574.260    31.4308     9.1537     31.299    6.58252     9.1380    24.3014   11.88359 5.4592e-02 0.0000e+00
        414 205.440709    0.02868     1.7208    103.250     31.761  49581.055    31.4346     9.1472     31.461    6.58331     9.1328    24.3054   11.88484 5.4361e-02 0.0000e+00
        415 205.440712    0.02875     1.7250    103.500     31.935  49586.562    31.4376     9.1414     31.634    6.58403     9.1280    24.3087   11.88600 5.4144e-02 0.0000e+00
        416 205.440715    0.02882     1.7292    103.750     32.123  49591.155    31.4400     9.1361     31.820    6.58469     9.1236    24.3114   11.88706 5.3936e-02 0.0000e+00
        417 205.440718    0.02889     1.7333    104.000     32.324  49595.562    31.4424     9.1313     32.019    6.58530     9.1199    24.3139   11.88803 5.3749e-02 0.0000e+00
        418 205.440720    0.02896     1.7375    104.250     32.531  49599.963    31.4448     9.1270     32.224    6.58583     9.1168    24.3165   11.88889 5.3609e-02 0.0000e+00
        419 205.440723    0.02903     1.7417    104.500     32.737  49603.921    31.4469     9.1232     32.428    6.58629     9.1142    24.3188   11.88962 5.3505e-02 0.0000e+00
        420 205.440726    0.02910     1.7458    104.750     32.937  49607.112    31.4487     9.1201     32.627    6.58666     9.1118    24.3206   11.89022 5.3383e-02 0.0000e+00
        421 205.440729    0.02917     1.7500    105.000     33.135  49609.549    31.4499     9.1176     32.823    6.58698     9.1093    24.3220   11.89073 5.3249e-02 0.0000e+00
        422 205.440732    0.02924     1.7542    105.250     33.336  49611.475    31.4509     9.1152     33.022    6.58729     9.1064    24.3231   11.89123 5.3125e-02 0.0000e+00
        423 205.440735    0.02931     1.7583    105.500     33.547  49613.199    31.4517     9.1127     33.230    6.58762     9.1031    24.3241   11.89177 5.2989e-02 0.0000e+00
        424 205.440738    0.02937     1.7625    105.750     33.769  49615.003    31.4524     9.1099     33.451    6.58800     9.0992    24.3251   11.89239 5.2838e-02 0.0000e+00
        425 205.440741    0.02944     1.7667    106.000     34.000  49617.184    31.4534     9.1066     33.680    6.58845     9.0949    24.3264   11.89312 5.2689e-02 0.0000e+00
        426 205.440744    0.02951     1.7708    106.250     34.229  49620.006    31.4548     9.1028     33.907    6.58895     9.0901    24.3280   11.89393 5.2573e-02 0.0000e+00
        427 205.440747    0.02958     1.7750    106.500     34.445  49623.818    31.4567     9.0984     34.121    6.58950     9.0852    24.3302   11.89482 5.2507e-02 0.0000e+00
        428 205.440749    0.02965     1.7792    106.750     34.640  49628.772    31.4594     9.0937     34.313    6.59008     9.0801    24.3331   11.89574 5.2448e-02 0.0000e+00
        429 205.440752    0.02972     1.7833    107.000     34.812  49634.467    31.4626     9.0887     34.484    6.59067     9.0748    24.3364   11.89668 5.2370e-02 0.0000e+00
        430 205.440755    0.02979     1.7875    107.250     34.969  49640.511    31.4661     9.0837     34.639    6.59126     9.0693    24.3399   11.89762 5.2279e-02 0.0000e+00
        431 205.440758    0.02986     1.7917    107.500     35.124  49646.982    31.4699     9.0784     34.792    6.59187     9.0636    24.3436   11.89858 5.2182e-02 0.0000e+00
        432 205.440761    0.02993     1.7958    107.750     35.286  49654.005    31.4740     9.0729     34.953    6.59251     9.0579    24.3477   11.89958 5.2095e-02 0.0000e+00
        433 205.440764    0.03000     1.8000    108.000     35.460  49661.492    31.4784     9.0672     35.126    6.59315     9.0525    24.3520   11.90060 5.2028e-02 0.0000e+00
        434 205.440767    0.03007     1.8042    108.250     35.643  49669.110    31.4828     9.0616     35.307    6.59378     9.0471    24.3563   11.90160 5.1971e-02 0.0000e+00
        435 205.440770    0.03014     1.8083    108.500     35.827  49676.483    31.4872     9.0562     35.489    6.59439     9.0416    24.3606   11.90255 5.1909e-02 0.0000e+00
        436 205.440773    0.03021     1.8125    108.750     36.006  49683.641    31.4914     9.0508     35.666    6.59500     9.0358    24.3647   11.90350 5.1850e-02 0.0000e+00
        437 205.440775    0.03028     1.8167    109.000     36.182  49690.795    31.4955     9.0453     35.841    6.59563     9.0298    24.3688   11.90450 5.1788e-02 0.0000e+00
        438 205.440778    0.03035     1.8208    109.250     36.363  49698.062    31.4997     9.0395     36.020    6.59630     9.0233    24.3730   11.90555 5.1724e-02 0.0000e+00
        439 205.440781    0.03042     1.8250    109.500     36.557  49705.532    31.5040     9.0335     36.212    6.59700     9.0160    24.3773   11.90666 5.1680e-02 0.0000e+00
        440 205.440784    0.03049     1.8292    109.750     36.770  49713.341    31.5085     9.0270     36.423    6.59776     9.0073    24.3818   11.90786 5.1660e-02 0.0000e+00
        441 205.440787    0.03056     1.8333    110.000     36.999  49721.714    31.5133     9.0198     36.650    6.59862     8.9962    24.3866   11.90923 5.1639e-02 0.0000e+00
        442 205.440790    0.03062     1.8375    110.250     37.236  49731.059    31.5185     9.0110     36.884    6.59968     8.9825    24.3920   11.91092 5.1604e-02 0.0000e+00
        443 205.440793    0.03069     1.8417    110.500     37.468  49742.227    31.5247     9.0000     37.114    6.60103     8.9670    24.3986   11.91308 5.1554e-02 0.0000e+00
        444 205.440796    0.03076     1.8458    110.750     37.684  49756.511    31.5327     8.9863     37.328    6.60270     8.9519    24.4069   11.91575 5.1472e-02 0.0000e+00
        445 205.440799    0.03083     1.8500    111.000     37.879  49774.136    31.5428     8.9709     37.521    6.60455     8.9392    24.4171   11.91869 5.1380e-02 0.0000e+00
        446 205.440802    0.03090     1.8542    111.250     38.052  49792.634    31.5535     8.9558     37.693    6.60631     8.9293    24.4279   11.92147 5.1322e-02 0.0000e+00
        447 205.440804    0.03097     1.8583    111.500     38.213  49808.551    31.5628     8.9431     37.852    6.60779     8.9216    24.4371   11.92380 5.1278e-02 0.0000e+00
        448 205.440807    0.03104     1.8625    111.750     38.373  49820.092    31.5695     8.9332     38.010    6.60896     8.9152    24.4438   11.92565 5.1225e-02 0.0000e+00
        449 205.440810    0.03111     1.8667    112.000     38.542  49827.484    31.5735     8.9256     38.178    6.60991     8.9092    24.4481   11.92718 5.1182e-02 0.0000e+00
        450 205.440813    0.03118     1.8708    112.250     38.728  49832.322    31.5759     8.9192     38.362    6.61075     8.9035    24.4510   11.92855 5.1162e-02 0.0000e+00
        451 205.440816    0.03125     1.8750    112.500     38.931  49836.233    31.5777     8.9132     38.564    6.61155     8.8980    24.4533   11.92985 5.1164e-02 0.0000e+00
