CTD-processing/allCTD/CNV--turbid/2017_04-19_t3_s06_cast132.cnv
* Sea-Bird SBE19plus Data File:
* FileName = P:\My Documents\kasitsna\Research-KBL\Oceanography-AK\CTD-Data-ALL-to-2017-02\2017-CTD-KachemakBay-CookInlet\2017-04-19-CookInlet-Tran3-AnchorPt\2017-04-19-CookInlet-Tran3-cast132.hex
* Software Version 1.59
* Temperature SN =  4141
* Conductivity SN =  4141
* System UpLoad Time = Apr 20 2017 00:38:50
** Cook Inlet LTM Transect 3 Anchor Pt east to west
** Date: 2017-04-19
** Station: (eg. 9-01): 3-06
** Start time (AKDT): 22:54
** Depth (m): 50.6
** Comment: R/V Alaska Dreamcatcher
** Comment:
# nquan = 16
# nvalues = 455                         
# units = specified
# name 0 = scan: Scan Count
# name 1 = timeJ: Julian Days
# name 2 = timeH: Time, Elapsed [hours]
# name 3 = timeM: Time, Elapsed [minutes]
# name 4 = timeS: Time, Elapsed [seconds]
# name 5 = prdM: Pressure, Strain Gauge [db]
# name 6 = specc: Specific Conductance [uS/cm]
# name 7 = sal00: Salinity, Practical [PSU]
# name 8 = tv290C: Temperature [ITS-90, deg C]
# name 9 = depSM: Depth [salt water, m], lat = 59.00
# name 10 = oxsolML/L: Oxygen Saturation, Garcia & Gordon [ml/l]
# name 11 = potemp090C: Potential Temperature [ITS-90, deg C]
# name 12 = sigma-é00: Density [sigma-theta, kg/m^3]
# name 13 = n2satML/L: Nitrogen Saturation [ml/l]
# name 14 = par: PAR/Irradiance, Biospherical/Licor
# name 15 = flag:  0.000e+00
# span 0 =          1,        455       
# span 1 = 109.954491, 109.955804       
# span 2 =    0.00000,    0.03153       
# span 3 =     0.0000,     1.8917       
# span 4 =      0.000,    113.500       
# span 5 =     -0.038,     50.873       
# span 6 =   1643.661,  50789.831       
# span 7 =     0.7971,    30.8814       
# span 8 =     2.2087,     2.9807       
# span 9 =     -0.038,     50.391       
# span 10 =    7.73052,    9.37314      
# span 11 =     2.2082,     2.9807      
# span 12 =     0.6111,    24.6522      
# span 13 =   13.78833,   16.97488      
# span 14 = 3.6382e-02, 2.4404e-01      
# span 15 = 0.0000e+00, 0.0000e+00      
# interval = seconds: 0.25
# start_time = Apr 19 2017 22:54:28 [Instrument's time stamp, header]
# bad_flag = -9.990e-29
*END*
[from data line 91]
         92 109.954754    0.00632     0.3792     22.750      0.958  50553.107    30.7867     2.4573      0.949    7.74447     2.4584    24.5651   13.81185 3.6382e-02 0.0000e+00
         93 109.954757    0.00639     0.3833     23.000      0.962  50554.536    30.7878     2.4579      0.953    7.74430     2.4588    24.5660   13.81155 3.6382e-02 0.0000e+00
         94 109.954760    0.00646     0.3875     23.250      0.965  50556.069    30.7890     2.4585      0.956    7.74412     2.4588    24.5669   13.81123 3.6382e-02 0.0000e+00
         95 109.954763    0.00653     0.3917     23.500      0.967  50557.742    30.7902     2.4589      0.958    7.74398     2.4584    24.5678   13.81098 3.6382e-02 0.0000e+00
         96 109.954766    0.00660     0.3958     23.750      0.968  50559.597    30.7915     2.4589      0.959    7.74391     2.4578    24.5688   13.81086 3.6382e-02 0.0000e+00
         97 109.954769    0.00667     0.4000     24.000      0.968  50561.495    30.7926     2.4585      0.959    7.74392     2.4572    24.5698   13.81086 3.6382e-02 0.0000e+00
         98 109.954771    0.00674     0.4042     24.250      0.966  50563.194    30.7936     2.4579      0.957    7.74399     2.4565    24.5706   13.81094 3.6382e-02 0.0000e+00
         99 109.954774    0.00681     0.4083     24.500      0.964  50564.583    30.7944     2.4573      0.955    7.74408     2.4559    24.5713   13.81108 3.6382e-02 0.0000e+00
        100 109.954777    0.00688     0.4125     24.750      0.961  50565.685    30.7949     2.4566      0.952    7.74418     2.4555    24.5718   13.81124 3.6382e-02 0.0000e+00
        101 109.954780    0.00694     0.4167     25.000      0.958  50566.466    30.7953     2.4560      0.949    7.74428     2.4553    24.5721   13.81140 3.6382e-02 0.0000e+00
        102 109.954783    0.00701     0.4208     25.250      0.955  50566.935    30.7955     2.4555      0.946    7.74435     2.4554    24.5723   13.81152 3.6382e-02 0.0000e+00
        103 109.954786    0.00708     0.4250     25.500      0.952  50567.221    30.7956     2.4553      0.944    7.74438     2.4557    24.5724   13.81157 3.6382e-02 0.0000e+00
        104 109.954789    0.00715     0.4292     25.750      0.950  50567.476    30.7958     2.4554      0.941    7.74435     2.4562    24.5726   13.81152 3.6382e-02 0.0000e+00
        105 109.954792    0.00722     0.4333     26.000      0.948  50567.796    30.7961     2.4558      0.940    7.74427     2.4567    24.5728   13.81138 3.6382e-02 0.0000e+00
        106 109.954795    0.00729     0.4375     26.250      0.948  50568.166    30.7965     2.4562      0.939    7.74416     2.4573    24.5731   13.81119 3.6382e-02 0.0000e+00
        107 109.954797    0.00736     0.4417     26.500      0.948  50568.547    30.7969     2.4567      0.940    7.74404     2.4578    24.5733   13.81099 3.6382e-02 0.0000e+00
        108 109.954800    0.00743     0.4458     26.750      0.950  50568.975    30.7974     2.4573      0.942    7.74391     2.4583    24.5736   13.81077 3.6382e-02 0.0000e+00
        109 109.954803    0.00750     0.4500     27.000      0.953  50569.503    30.7979     2.4578      0.944    7.74377     2.4589    24.5740   13.81055 3.6382e-02 0.0000e+00
        110 109.954806    0.00757     0.4542     27.250      0.955  50570.143    30.7984     2.4584      0.947    7.74363     2.4594    24.5744   13.81031 3.6382e-02 0.0000e+00
        111 109.954809    0.00764     0.4583     27.500      0.958  50570.912    30.7991     2.4589      0.949    7.74349     2.4600    24.5749   13.81006 3.6382e-02 0.0000e+00
        112 109.954812    0.00771     0.4625     27.750      0.959  50571.831    30.7999     2.4595      0.950    7.74334     2.4605    24.5755   13.80981 3.6382e-02 0.0000e+00
        113 109.954815    0.00778     0.4667     28.000      0.960  50573.014    30.8008     2.4600      0.951    7.74319     2.4609    24.5762   13.80954 3.6382e-02 0.0000e+00
        114 109.954818    0.00785     0.4708     28.250      0.960  50574.705    30.8021     2.4605      0.951    7.74303     2.4614    24.5772   13.80926 3.6382e-02 0.0000e+00
        115 109.954821    0.00792     0.4750     28.500      0.961  50577.054    30.8038     2.4610      0.952    7.74284     2.4620    24.5785   13.80893 3.6382e-02 0.0000e+00
        116 109.954823    0.00799     0.4792     28.750      0.961  50579.947    30.8059     2.4615      0.952    7.74263     2.4627    24.5801   13.80856 3.6382e-02 0.0000e+00
        117 109.954826    0.00806     0.4833     29.000      0.961  50583.207    30.8082     2.4621      0.952    7.74240     2.4636    24.5819   13.80813 3.6382e-02 0.0000e+00
        118 109.954829    0.00813     0.4875     29.250      0.960  50586.637    30.8107     2.4628      0.951    7.74213     2.4646    24.5839   13.80765 3.6382e-02 0.0000e+00
        119 109.954832    0.00819     0.4917     29.500      0.959  50589.696    30.8130     2.4636      0.950    7.74184     2.4657    24.5856   13.80715 3.6382e-02 0.0000e+00
        120 109.954835    0.00826     0.4958     29.750      0.958  50591.834    30.8147     2.4646      0.949    7.74155     2.4668    24.5869   13.80665 3.6382e-02 0.0000e+00
        121 109.954838    0.00833     0.5000     30.000      0.957  50593.053    30.8158     2.4657      0.948    7.74128     2.4679    24.5877   13.80619 3.6382e-02 0.0000e+00
        122 109.954841    0.00840     0.5042     30.250      0.957  50593.845    30.8166     2.4668      0.948    7.74102     2.4689    24.5883   13.80575 3.6382e-02 0.0000e+00
        123 109.954844    0.00847     0.5083     30.500      0.957  50594.660    30.8175     2.4679      0.948    7.74077     2.4698    24.5889   13.80532 3.6382e-02 0.0000e+00
        124 109.954847    0.00854     0.5125     30.750      0.959  50595.623    30.8184     2.4689      0.950    7.74052     2.4707    24.5896   13.80490 3.6382e-02 0.0000e+00
        125 109.954850    0.00861     0.5167     31.000      0.961  50596.901    30.8195     2.4699      0.952    7.74028     2.4715    24.5904   13.80449 3.6382e-02 0.0000e+00
        126 109.954852    0.00868     0.5208     31.250      0.963  50598.762    30.8210     2.4707      0.954    7.74003     2.4724    24.5915   13.80406 3.6382e-02 0.0000e+00
        127 109.954855    0.00875     0.5250     31.500      0.963  50601.208    30.8228     2.4716      0.954    7.73977     2.4732    24.5930   13.80360 3.6382e-02 0.0000e+00
        128 109.954858    0.00882     0.5292     31.750      0.962  50603.937    30.8249     2.4724      0.953    7.73950     2.4740    24.5946   13.80312 3.6382e-02 0.0000e+00
        129 109.954861    0.00889     0.5333     32.000      0.960  50606.711    30.8270     2.4733      0.951    7.73923     2.4747    24.5962   13.80265 3.6382e-02 0.0000e+00
        130 109.954864    0.00896     0.5375     32.250      0.957  50609.355    30.8290     2.4740      0.948    7.73898     2.4754    24.5977   13.80221 3.6382e-02 0.0000e+00
        131 109.954867    0.00903     0.5417     32.500      0.955  50611.541    30.8306     2.4747      0.946    7.73875     2.4761    24.5989   13.80182 3.6382e-02 0.0000e+00
        132 109.954870    0.00910     0.5458     32.750      0.954  50613.054    30.8318     2.4754      0.945    7.73855     2.4770    24.5998   13.80147 3.6382e-02 0.0000e+00
        133 109.954873    0.00917     0.5500     33.000      0.955  50613.919    30.8326     2.4762      0.946    7.73836     2.4779    24.6004   13.80114 3.6382e-02 0.0000e+00
        134 109.954876    0.00924     0.5542     33.250      0.957  50614.341    30.8331     2.4770      0.948    7.73816     2.4788    24.6007   13.80081 3.6382e-02 0.0000e+00
        135 109.954878    0.00931     0.5583     33.500      0.959  50614.768    30.8337     2.4780      0.950    7.73795     2.4797    24.6011   13.80046 3.6382e-02 0.0000e+00
        136 109.954881    0.00937     0.5625     33.750      0.960  50615.627    30.8345     2.4789      0.951    7.73773     2.4806    24.6017   13.80008 3.6382e-02 0.0000e+00
        137 109.954884    0.00944     0.5667     34.000      0.959  50616.852    30.8355     2.4798      0.950    7.73750     2.4814    24.6025   13.79969 3.6382e-02 0.0000e+00
        138 109.954887    0.00951     0.5708     34.250      0.956  50617.968    30.8365     2.4806      0.947    7.73728     2.4821    24.6032   13.79931 3.6382e-02 0.0000e+00
        139 109.954890    0.00958     0.5750     34.500      0.953  50618.697    30.8373     2.4814      0.944    7.73709     2.4828    24.6037   13.79898 3.6382e-02 0.0000e+00
        140 109.954893    0.00965     0.5792     34.750      0.950  50619.161    30.8378     2.4822      0.941    7.73692     2.4835    24.6041   13.79870 3.6382e-02 0.0000e+00
        141 109.954896    0.00972     0.5833     35.000      0.948  50619.488    30.8382     2.4828      0.939    7.73677     2.4842    24.6043   13.79844 3.6382e-02 0.0000e+00
        142 109.954899    0.00979     0.5875     35.250      0.948  50619.552    30.8384     2.4835      0.940    7.73663     2.4850    24.6045   13.79820 3.6382e-02 0.0000e+00
        143 109.954902    0.00986     0.5917     35.500      0.950  50619.072    30.8383     2.4843      0.941    7.73649     2.4859    24.6043   13.79798 3.6382e-02 0.0000e+00
        144 109.954905    0.00993     0.5958     35.750      0.953  50617.845    30.8377     2.4851      0.944    7.73636     2.4867    24.6038   13.79778 3.6382e-02 0.0000e+00
        145 109.954907    0.01000     0.6000     36.000      0.957  50615.999    30.8367     2.4859      0.948    7.73625     2.4874    24.6029   13.79761 3.6382e-02 0.0000e+00
        146 109.954910    0.01007     0.6042     36.250      0.960  50614.111    30.8356     2.4867      0.951    7.73615     2.4880    24.6020   13.79745 3.6382e-02 0.0000e+00
        147 109.954913    0.01014     0.6083     36.500      0.964  50613.044    30.8351     2.4875      0.955    7.73604     2.4886    24.6015   13.79727 3.6382e-02 0.0000e+00
        148 109.954916    0.01021     0.6125     36.750      0.966  50613.494    30.8355     2.4881      0.957    7.73589     2.4892    24.6019   13.79703 3.6382e-02 0.0000e+00
        149 109.954919    0.01028     0.6167     37.000      0.966  50615.359    30.8370     2.4887      0.957    7.73570     2.4899    24.6029   13.79670 3.6382e-02 0.0000e+00
        150 109.954922    0.01035     0.6208     37.250      0.964  50617.596    30.8386     2.4893      0.955    7.73549     2.4905    24.6042   13.79633 3.6382e-02 0.0000e+00
        151 109.954925    0.01042     0.6250     37.500      0.961  50619.215    30.8399     2.4900      0.952    7.73530     2.4912    24.6052   13.79599 3.6382e-02 0.0000e+00
        152 109.954928    0.01049     0.6292     37.750      0.958  50620.074    30.8406     2.4906      0.949    7.73513     2.4919    24.6057   13.79570 3.6382e-02 0.0000e+00
        153 109.954931    0.01056     0.6333     38.000      0.955  50620.411    30.8410     2.4912      0.946    7.73499     2.4927    24.6060   13.79546 3.6382e-02 0.0000e+00
        154 109.954933    0.01063     0.6375     38.250      0.954  50620.244    30.8411     2.4919      0.945    7.73486     2.4936    24.6060   13.79524 3.6382e-02 0.0000e+00
        155 109.954936    0.01069     0.6417     38.500      0.954  50619.555    30.8408     2.4927      0.945    7.73472     2.4946    24.6058   13.79501 3.6382e-02 0.0000e+00
        156 109.954939    0.01076     0.6458     38.750      0.953  50618.630    30.8405     2.4936      0.944    7.73455     2.4957    24.6054   13.79475 3.6382e-02 0.0000e+00
        157 109.954942    0.01083     0.6500     39.000      0.953  50617.751    30.8402     2.4946      0.944    7.73437     2.4968    24.6051   13.79445 3.6382e-02 0.0000e+00
        158 109.954945    0.01090     0.6542     39.250      0.952  50616.847    30.8398     2.4957      0.943    7.73417     2.4978    24.6047   13.79414 3.6382e-02 0.0000e+00
        159 109.954948    0.01097     0.6583     39.500      0.951  50615.716    30.8394     2.4968      0.942    7.73399     2.4989    24.6043   13.79384 3.6382e-02 0.0000e+00
        160 109.954951    0.01104     0.6625     39.750      0.950  50614.249    30.8387     2.4979      0.941    7.73382     2.4998    24.6036   13.79357 3.6382e-02 0.0000e+00
        161 109.954954    0.01111     0.6667     40.000      0.951  50612.377    30.8377     2.4989      0.942    7.73367     2.5007    24.6028   13.79333 3.6382e-02 0.0000e+00
        162 109.954957    0.01118     0.6708     40.250      0.952  50610.085    30.8364     2.4998      0.943    7.73355     2.5014    24.6017   13.79315 3.6382e-02 0.0000e+00
        163 109.954959    0.01125     0.6750     40.500      0.953  50607.570    30.8350     2.5007      0.944    7.73346     2.5019    24.6005   13.79303 3.6382e-02 0.0000e+00
        164 109.954962    0.01132     0.6792     40.750      0.956  50605.282    30.8336     2.5014      0.947    7.73340     2.5023    24.5993   13.79295 3.6382e-02 0.0000e+00
        165 109.954965    0.01139     0.6833     41.000      0.958  50603.653    30.8327     2.5019      0.949    7.73334     2.5027    24.5986   13.79287 3.6382e-02 0.0000e+00
        166 109.954968    0.01146     0.6875     41.250      0.960  50602.798    30.8322     2.5024      0.951    7.73329     2.5031    24.5982   13.79278 3.6382e-02 0.0000e+00
        167 109.954971    0.01153     0.6917     41.500      0.962  50602.552    30.8321     2.5027      0.953    7.73322     2.5035    24.5981   13.79266 3.6382e-02 0.0000e+00
        168 109.954974    0.01160     0.6958     41.750      0.964  50602.593    30.8323     2.5031      0.955    7.73314     2.5040    24.5982   13.79253 3.6382e-02 0.0000e+00
        169 109.954977    0.01167     0.7000     42.000      0.965  50602.608    30.8324     2.5036      0.956    7.73305     2.5045    24.5982   13.79238 3.6382e-02 0.0000e+00
        170 109.954980    0.01174     0.7042     42.250      0.965  50602.472    30.8324     2.5041      0.956    7.73295     2.5051    24.5982   13.79222 3.6382e-02 0.0000e+00
        171 109.954983    0.01181     0.7083     42.500      0.965  50602.264    30.8324     2.5046      0.956    7.73284     2.5056    24.5982   13.79205 3.6382e-02 0.0000e+00
        172 109.954986    0.01188     0.7125     42.750      0.965  50602.205    30.8326     2.5052      0.956    7.73273     2.5062    24.5982   13.79186 3.6382e-02 0.0000e+00
        173 109.954988    0.01194     0.7167     43.000      0.963  50602.574    30.8330     2.5057      0.954    7.73260     2.5069    24.5985   13.79163 3.6382e-02 0.0000e+00
        174 109.954991    0.01201     0.7208     43.250      0.961  50603.443    30.8337     2.5063      0.952    7.73245     2.5076    24.5991   13.79137 3.6382e-02 0.0000e+00
        175 109.954994    0.01208     0.7250     43.500      0.957  50604.399    30.8345     2.5070      0.948    7.73228     2.5084    24.5997   13.79108 3.6382e-02 0.0000e+00
        176 109.954997    0.01215     0.7292     43.750      0.953  50604.820    30.8350     2.5077      0.944    7.73211     2.5091    24.6000   13.79080 3.6382e-02 0.0000e+00
        177 109.955000    0.01222     0.7333     44.000      0.950  50604.329    30.8349     2.5084      0.941    7.73197     2.5097    24.5998   13.79057 3.6382e-02 0.0000e+00
        178 109.955003    0.01229     0.7375     44.250      0.947  50602.836    30.8340     2.5091      0.938    7.73188     2.5102    24.5991   13.79043 3.6382e-02 0.0000e+00
        179 109.955006    0.01236     0.7417     44.500      0.946  50600.457    30.8326     2.5098      0.937    7.73183     2.5106    24.5980   13.79037 3.6382e-02 0.0000e+00
        180 109.955009    0.01243     0.7458     44.750      0.947  50597.558    30.8308     2.5103      0.938    7.73182     2.5108    24.5965   13.79037 3.6382e-02 0.0000e+00
