CTD-processing/allCTD/CNV--turbid/2017_03-28_t9_s06_cast062.cnv
* Sea-Bird SBE19plus Data File:
* FileName = C:\Users\jwschloemer\Documents\CTD Data\2017_03_28_T9\2017_03_28_T9_cast062.hex
* Software Version 1.59
* Temperature SN =  4141
* Conductivity SN =  4141
* System UpLoad Time = Apr 04 2017 09:10:34
** Cook Inlet LTM Kbay Transect 9
** Date: 2017-03-28
** Station:06
** Start Time (AKST):15:42
** Depth (m):105
** Comment: R/V Edgecumbe
# nquan = 16
# nvalues = 699                         
# units = specified
# name 0 = scan: Scan Count
# name 1 = timeJ: Julian Days
# name 2 = timeH: Time, Elapsed [hours]
# name 3 = timeM: Time, Elapsed [minutes]
# name 4 = timeS: Time, Elapsed [seconds]
# name 5 = prdM: Pressure, Strain Gauge [db]
# name 6 = specc: Specific Conductance [uS/cm]
# name 7 = sal00: Salinity, Practical [PSU]
# name 8 = tv290C: Temperature [ITS-90, deg C]
# name 9 = depSM: Depth [salt water, m], lat = 59.00
# name 10 = oxsolML/L: Oxygen Saturation, Garcia & Gordon [ml/l]
# name 11 = potemp090C: Potential Temperature [ITS-90, deg C]
# name 12 = sigma-é00: Density [sigma-theta, kg/m^3]
# name 13 = n2satML/L: Nitrogen Saturation [ml/l]
# name 14 = par: PAR/Irradiance, Biospherical/Licor
# name 15 = flag:  0.000e+00
# span 0 =          1,        699       
# span 1 =  87.613657,  87.615677       
# span 2 =    0.00000,    0.04847       
# span 3 =     0.0000,     2.9083       
# span 4 =      0.000,    174.500       
# span 5 =      0.096,     85.969       
# span 6 =  26892.547,  52174.101       
# span 7 =    16.0517,    32.0646       
# span 8 =     3.0880,     3.3143       
# span 9 =      0.095,     85.148       
# span 10 =    7.51509,    8.44911      
# span 11 =     3.0879,     3.3092      
# span 12 =    12.7812,    25.5274      
# span 13 =   13.41642,   15.20276      
# span 14 = 3.6382e-02, 3.6591e+02      
# span 15 = 0.0000e+00, 0.0000e+00      
# interval = seconds: 0.25
# start_time = Mar 28 2017 14:43:40 [Instrument's time stamp, header]
# bad_flag = -9.990e-29
*END*
[from data line 181]
        182  87.614181    0.01257     0.7542     45.250      0.947  52082.734    31.9899     3.0971      0.938    7.55938     3.0971    25.4746   13.49046 2.2071e+02 0.0000e+00
        183  87.614184    0.01264     0.7583     45.500      0.954  52082.584    31.9898     3.0972      0.945    7.55938     3.0971    25.4745   13.49046 2.1973e+02 0.0000e+00
        184  87.614187    0.01271     0.7625     45.750      0.957  52082.028    31.9894     3.0972      0.948    7.55940     3.0969    25.4742   13.49049 2.1638e+02 0.0000e+00
        185  87.614190    0.01278     0.7667     46.000      0.956  52081.561    31.9891     3.0972      0.947    7.55942     3.0964    25.4739   13.49053 2.1306e+02 0.0000e+00
        186  87.614193    0.01285     0.7708     46.250      0.951  52081.840    31.9892     3.0970      0.942    7.55945     3.0955    25.4740   13.49058 2.1200e+02 0.0000e+00
        187  87.614196    0.01292     0.7750     46.500      0.942  52083.176    31.9900     3.0965      0.934    7.55950     3.0942    25.4747   13.49066 2.1256e+02 0.0000e+00
        188  87.614198    0.01299     0.7792     46.750      0.933  52085.530    31.9914     3.0955      0.925    7.55961     3.0928    25.4759   13.49081 2.1285e+02 0.0000e+00
        189  87.614201    0.01306     0.7833     47.000      0.926  52088.474    31.9930     3.0942      0.918    7.55977     3.0917    25.4773   13.49106 2.1264e+02 0.0000e+00
        190  87.614204    0.01313     0.7875     47.250      0.924  52091.242    31.9945     3.0928      0.915    7.55995     3.0910    25.4786   13.49134 2.1350e+02 0.0000e+00
        191  87.614207    0.01319     0.7917     47.500      0.926  52093.282    31.9956     3.0918      0.918    7.56010     3.0906    25.4796   13.49157 2.1572e+02 0.0000e+00
        192  87.614210    0.01326     0.7958     47.750      0.933  52094.494    31.9963     3.0911      0.924    7.56019     3.0904    25.4801   13.49172 2.1740e+02 0.0000e+00
        193  87.614213    0.01333     0.8000     48.000      0.941  52094.958    31.9965     3.0907      0.932    7.56025     3.0904    25.4803   13.49181 2.1757e+02 0.0000e+00
        194  87.614216    0.01340     0.8042     48.250      0.948  52094.801    31.9963     3.0905      0.939    7.56030     3.0904    25.4802   13.49189 2.1698e+02 0.0000e+00
        195  87.614219    0.01347     0.8083     48.500      0.953  52094.281    31.9959     3.0904      0.944    7.56034     3.0904    25.4800   13.49195 2.1691e+02 0.0000e+00
        196  87.614222    0.01354     0.8125     48.750      0.956  52093.685    31.9955     3.0904      0.947    7.56036     3.0905    25.4797   13.49199 2.1725e+02 0.0000e+00
        197  87.614225    0.01361     0.8167     49.000      0.956  52093.080    31.9951     3.0905      0.947    7.56036     3.0907    25.4793   13.49201 2.1627e+02 0.0000e+00
        198  87.614227    0.01368     0.8208     49.250      0.955  52092.476    31.9947     3.0906      0.946    7.56036     3.0908    25.4790   13.49201 2.1364e+02 0.0000e+00
        199  87.614230    0.01375     0.8250     49.500      0.952  52092.039    31.9945     3.0907      0.943    7.56035     3.0909    25.4788   13.49199 2.1068e+02 0.0000e+00
        200  87.614233    0.01382     0.8292     49.750      0.949  52091.854    31.9944     3.0908      0.940    7.56033     3.0910    25.4787   13.49196 2.0898e+02 0.0000e+00
        201  87.614236    0.01389     0.8333     50.000      0.948  52091.840    31.9944     3.0909      0.939    7.56030     3.0912    25.4787   13.49192 2.0993e+02 0.0000e+00
        202  87.614239    0.01396     0.8375     50.250      0.949  52091.803    31.9944     3.0911      0.940    7.56027     3.0915    25.4787   13.49187 2.1258e+02 0.0000e+00
        203  87.614242    0.01403     0.8417     50.500      0.951  52091.535    31.9943     3.0913      0.942    7.56024     3.0917    25.4786   13.49183 2.1383e+02 0.0000e+00
        204  87.614245    0.01410     0.8458     50.750      0.951  52091.092    31.9941     3.0915      0.942    7.56022     3.0919    25.4784   13.49179 2.1277e+02 0.0000e+00
        205  87.614248    0.01417     0.8500     51.000      0.951  52090.786    31.9939     3.0917      0.942    7.56019     3.0921    25.4782   13.49174 2.1151e+02 0.0000e+00
        206  87.614251    0.01424     0.8542     51.250      0.950  52090.897    31.9940     3.0919      0.941    7.56014     3.0922    25.4783   13.49166 2.1168e+02 0.0000e+00
        207  87.614253    0.01431     0.8583     51.500      0.952  52091.381    31.9944     3.0921      0.943    7.56009     3.0923    25.4786   13.49157 2.1194e+02 0.0000e+00
        208  87.614256    0.01438     0.8625     51.750      0.954  52091.826    31.9947     3.0922      0.945    7.56005     3.0923    25.4788   13.49150 2.1024e+02 0.0000e+00
        209  87.614259    0.01444     0.8667     52.000      0.955  52091.806    31.9947     3.0923      0.946    7.56003     3.0922    25.4788   13.49148 2.0751e+02 0.0000e+00
        210  87.614262    0.01451     0.8708     52.250      0.953  52091.427    31.9945     3.0923      0.944    7.56004     3.0920    25.4786   13.49149 2.0590e+02 0.0000e+00
        211  87.614265    0.01458     0.8750     52.500      0.947  52091.358    31.9944     3.0923      0.938    7.56006     3.0915    25.4786   13.49152 2.0674e+02 0.0000e+00
        212  87.614268    0.01465     0.8792     52.750      0.939  52092.158    31.9949     3.0920      0.930    7.56008     3.0908    25.4790   13.49155 2.1002e+02 0.0000e+00
        213  87.614271    0.01472     0.8833     53.000      0.932  52093.885    31.9959     3.0916      0.923    7.56011     3.0902    25.4799   13.49159 2.1341e+02 0.0000e+00
        214  87.614274    0.01479     0.8875     53.250      0.929  52096.255    31.9974     3.0909      0.920    7.56016     3.0899    25.4811   13.49165 2.1462e+02 0.0000e+00
        215  87.614277    0.01486     0.8917     53.500      0.931  52098.834    31.9990     3.0903      0.922    7.56020     3.0900    25.4824   13.49169 2.1423e+02 0.0000e+00
        216  87.614280    0.01493     0.8958     53.750      0.939  52101.211    32.0005     3.0900      0.930    7.56018     3.0903    25.4836   13.49163 2.1460e+02 0.0000e+00
        217  87.614282    0.01500     0.9000     54.000      0.952  52102.980    32.0017     3.0900      0.943    7.56010     3.0908    25.4846   13.49149 2.1672e+02 0.0000e+00
        218  87.614285    0.01507     0.9042     54.250      0.963  52103.703    32.0023     3.0903      0.954    7.56001     3.0913    25.4850   13.49134 2.1813e+02 0.0000e+00
        219  87.614288    0.01514     0.9083     54.500      0.968  52103.367    32.0022     3.0908      0.959    7.55993     3.0917    25.4849   13.49121 2.1569e+02 0.0000e+00
        220  87.614291    0.01521     0.9125     54.750      0.965  52102.624    32.0018     3.0913      0.956    7.55986     3.0919    25.4846   13.49110 2.1133e+02 0.0000e+00
        221  87.614294    0.01528     0.9167     55.000      0.956  52102.174    32.0016     3.0917      0.947    7.55980     3.0919    25.4844   13.49099 2.0986e+02 0.0000e+00
        222  87.614297    0.01535     0.9208     55.250      0.945  52102.210    32.0017     3.0919      0.936    7.55976     3.0918    25.4844   13.49092 2.1177e+02 0.0000e+00
        223  87.614300    0.01542     0.9250     55.500      0.937  52102.555    32.0019     3.0919      0.928    7.55974     3.0919    25.4846   13.49090 2.1357e+02 0.0000e+00
        224  87.614303    0.01549     0.9292     55.750      0.932  52102.971    32.0022     3.0919      0.923    7.55973     3.0921    25.4849   13.49088 2.1297e+02 0.0000e+00
        225  87.614306    0.01556     0.9333     56.000      0.932  52103.281    32.0024     3.0919      0.923    7.55971     3.0925    25.4850   13.49083 2.1131e+02 0.0000e+00
        226  87.614308    0.01563     0.9375     56.250      0.935  52103.372    32.0025     3.0922      0.926    7.55965     3.0930    25.4851   13.49074 2.1103e+02 0.0000e+00
        227  87.614311    0.01569     0.9417     56.500      0.942  52103.137    32.0025     3.0926      0.933    7.55958     3.0934    25.4850   13.49063 2.1204e+02 0.0000e+00
        228  87.614314    0.01576     0.9458     56.750      0.950  52102.528    32.0022     3.0930      0.941    7.55952     3.0937    25.4847   13.49052 2.1242e+02 0.0000e+00
        229  87.614317    0.01583     0.9500     57.000      0.955  52101.604    32.0017     3.0934      0.946    7.55947     3.0940    25.4843   13.49045 2.1097e+02 0.0000e+00
        230  87.614320    0.01590     0.9542     57.250      0.957  52100.531    32.0010     3.0937      0.948    7.55944     3.0942    25.4837   13.49041 2.0816e+02 0.0000e+00
        231  87.614323    0.01597     0.9583     57.500      0.953  52099.641    32.0005     3.0940      0.944    7.55942     3.0942    25.4833   13.49038 2.0584e+02 0.0000e+00
        232  87.614326    0.01604     0.9625     57.750      0.947  52099.252    32.0003     3.0942      0.938    7.55939     3.0942    25.4831   13.49035 2.0591e+02 0.0000e+00
        233  87.614329    0.01611     0.9667     58.000      0.938  52099.557    32.0005     3.0943      0.929    7.55937     3.0943    25.4833   13.49030 2.0752e+02 0.0000e+00
        234  87.614332    0.01618     0.9708     58.250      0.930  52100.714    32.0013     3.0943      0.921    7.55933     3.0948    25.4839   13.49023 2.0751e+02 0.0000e+00
        235  87.614334    0.01625     0.9750     58.500      0.924  52102.817    32.0028     3.0943      0.915    7.55924     3.0960    25.4851   13.49006 2.0548e+02 0.0000e+00
        236  87.614337    0.01632     0.9792     58.750      0.923  52105.884    32.0050     3.0948      0.914    7.55904     3.0984    25.4868   13.48970 2.0394e+02 0.0000e+00
        237  87.614340    0.01639     0.9833     59.000      0.929  52109.833    32.0080     3.0960      0.920    7.55866     3.1025    25.4891   13.48903 2.0300e+02 0.0000e+00
        238  87.614343    0.01646     0.9875     59.250      0.940  52114.500    32.0118     3.0985      0.931    7.55801     3.1092    25.4919   13.48791 2.0099e+02 0.0000e+00
        239  87.614346    0.01653     0.9917     59.500      0.953  52120.011    32.0166     3.1026      0.943    7.55699     3.1194    25.4954   13.48616 1.9823e+02 0.0000e+00
        240  87.614349    0.01660     0.9958     59.750      0.961  52127.692    32.0236     3.1093      0.952    7.55538     3.1344    25.5004   13.48342 1.9524e+02 0.0000e+00
        241  87.614352    0.01667     1.0000     60.000      0.961  52141.305    32.0355     3.1195      0.952    7.55286     3.1553    25.5090   13.47911 1.9185e+02 0.0000e+00
        242  87.614355    0.01674     1.0042     60.250      0.953  52159.223    32.0516     3.1345      0.944    7.54923     3.1802    25.5206   13.47290 1.8863e+02 0.0000e+00
        243  87.614358    0.01681     1.0083     60.500      0.942  52166.953    32.0624     3.1554      0.934    7.54478     3.2044    25.5274   13.46542 1.8656e+02 0.0000e+00
        244  87.614361    0.01688     1.0125     60.750      0.934  52154.857    32.0607     3.1803      0.925    7.54022     3.2243    25.5239   13.45792 1.8551e+02 0.0000e+00
        245  87.614363    0.01694     1.0167     61.000      0.931  52131.167    32.0510     3.2045      0.922    7.53621     3.2390    25.5140   13.45143 1.8403e+02 0.0000e+00
        246  87.614366    0.01701     1.0208     61.250      0.934  52107.393    32.0401     3.2244      0.925    7.53306     3.2492    25.5036   13.44638 1.8207e+02 0.0000e+00
        247  87.614369    0.01708     1.0250     61.500      0.939  52088.300    32.0310     3.2391      0.930    7.53078     3.2561    25.4951   13.44274 1.8138e+02 0.0000e+00
        248  87.614372    0.01715     1.0292     61.750      0.944  52074.492    32.0243     3.2493      0.935    7.52922     3.2606    25.4888   13.44024 1.8278e+02 0.0000e+00
        249  87.614375    0.01722     1.0333     62.000      0.945  52065.036    32.0197     3.2562      0.936    7.52818     3.2635    25.4846   13.43859 1.8565e+02 0.0000e+00
        250  87.614378    0.01729     1.0375     62.250      0.940  52058.788    32.0166     3.2607      0.932    7.52750     3.2654    25.4817   13.43750 1.8883e+02 0.0000e+00
        251  87.614381    0.01736     1.0417     62.500      0.933  52054.805    32.0147     3.2636      0.925    7.52705     3.2667    25.4799   13.43680 1.9138e+02 0.0000e+00
        252  87.614384    0.01743     1.0458     62.750      0.928  52052.344    32.0135     3.2654      0.920    7.52676     3.2675    25.4788   13.43634 1.9343e+02 0.0000e+00
        253  87.614387    0.01750     1.0500     63.000      0.929  52050.828    32.0128     3.2667      0.921    7.52657     3.2680    25.4782   13.43603 1.9529e+02 0.0000e+00
        254  87.614389    0.01757     1.0542     63.250      0.938  52049.797    32.0123     3.2675      0.929    7.52645     3.2683    25.4777   13.43584 1.9645e+02 0.0000e+00
        255  87.614392    0.01764     1.0583     63.500      0.949  52049.159    32.0120     3.2680      0.940    7.52637     3.2686    25.4774   13.43571 1.9666e+02 0.0000e+00
        256  87.614395    0.01771     1.0625     63.750      0.956  52048.873    32.0119     3.2683      0.947    7.52631     3.2688    25.4773   13.43561 1.9678e+02 0.0000e+00
        257  87.614398    0.01778     1.0667     64.000      0.955  52048.685    32.0118     3.2686      0.947    7.52626     3.2689    25.4772   13.43553 1.9857e+02 0.0000e+00
        258  87.614401    0.01785     1.0708     64.250      0.949  52048.550    32.0118     3.2688      0.940    7.52622     3.2690    25.4772   13.43547 2.0239e+02 0.0000e+00
        259  87.614404    0.01792     1.0750     64.500      0.940  52048.519    32.0118     3.2690      0.931    7.52619     3.2691    25.4772   13.43542 2.0548e+02 0.0000e+00
        260  87.614407    0.01799     1.0792     64.750      0.932  52048.563    32.0119     3.2690      0.923    7.52617     3.2691    25.4772   13.43539 2.0621e+02 0.0000e+00
        261  87.614410    0.01806     1.0833     65.000      0.927  52048.624    32.0120     3.2691      0.919    7.52616     3.2692    25.4772   13.43537 2.0675e+02 0.0000e+00
        262  87.614413    0.01812     1.0875     65.250      0.927  52048.715    32.0121     3.2691      0.919    7.52614     3.2693    25.4773   13.43535 2.0892e+02 0.0000e+00
        263  87.614416    0.01819     1.0917     65.500      0.931  52048.879    32.0122     3.2692      0.923    7.52612     3.2694    25.4774   13.43531 2.1087e+02 0.0000e+00
        264  87.614418    0.01826     1.0958     65.750      0.937  52048.941    32.0123     3.2694      0.929    7.52610     3.2694    25.4774   13.43527 2.1007e+02 0.0000e+00
        265  87.614421    0.01833     1.1000     66.000      0.943  52048.727    32.0121     3.2695      0.934    7.52608     3.2693    25.4773   13.43525 2.0708e+02 0.0000e+00
        266  87.614424    0.01840     1.1042     66.250      0.948  52048.330    32.0119     3.2695      0.939    7.52609     3.2690    25.4771   13.43527 2.0421e+02 0.0000e+00
        267  87.614427    0.01847     1.1083     66.500      0.955  52047.916    32.0115     3.2694      0.946    7.52614     3.2686    25.4769   13.43534 2.0185e+02 0.0000e+00
        268  87.614430    0.01854     1.1125     66.750      0.963  52047.494    32.0112     3.2691      0.954    7.52621     3.2679    25.4767   13.43546 1.9870e+02 0.0000e+00
        269  87.614433    0.01861     1.1167     67.000      0.970  52046.920    32.0106     3.2686      0.961    7.52632     3.2672    25.4763   13.43565 1.9477e+02 0.0000e+00
        270  87.614436    0.01868     1.1208     67.250      0.973  52046.870    32.0104     3.2680      0.964    7.52645     3.2667    25.4762   13.43586 1.9173e+02 0.0000e+00
        271  87.614439    0.01875     1.1250     67.500      0.969  52048.168    32.0111     3.2673      0.960    7.52655     3.2667    25.4768   13.43601 1.9105e+02 0.0000e+00
