CTD-processing/allCTD/CNV--turbid/2017_04-18_t6_s09_cast078.cnv
* Sea-Bird SBE19plus Data File:
* FileName = P:\My Documents\kasitsna\Research-KBL\Oceanography-AK\CTD-Data-ALL-to-2017-02\2017-CTD-KachemakBay-CookInlet\2017-04-18-CookInlet-Tran6-Douglas\2017-04-18-CookInlet-Tran6-cast078.hex
* Software Version 1.59
* Temperature SN =  4141
* Conductivity SN =  4141
* System UpLoad Time = Apr 18 2017 22:56:41
** Cook Inlet LTM Transect 6 Douglas east to west
** Date: (YYYY-MM-DD): 2017-04-18
** Station: (eg. 9-01): 6-09
** Start time (AKDT): 15:04
** Depth (m): 128
** Comment: R/V Alaska Dreamcatcher
** Comment:
# nquan = 16
# nvalues = 693                         
# units = specified
# name 0 = scan: Scan Count
# name 1 = timeJ: Julian Days
# name 2 = timeH: Time, Elapsed [hours]
# name 3 = timeM: Time, Elapsed [minutes]
# name 4 = timeS: Time, Elapsed [seconds]
# name 5 = prdM: Pressure, Strain Gauge [db]
# name 6 = specc: Specific Conductance [uS/cm]
# name 7 = sal00: Salinity, Practical [PSU]
# name 8 = tv290C: Temperature [ITS-90, deg C]
# name 9 = depSM: Depth [salt water, m], lat = 59.00
# name 10 = oxsolML/L: Oxygen Saturation, Garcia & Gordon [ml/l]
# name 11 = potemp090C: Potential Temperature [ITS-90, deg C]
# name 12 = sigma-é00: Density [sigma-theta, kg/m^3]
# name 13 = n2satML/L: Nitrogen Saturation [ml/l]
# name 14 = par: PAR/Irradiance, Biospherical/Licor
# name 15 = flag:  0.000e+00
# span 0 =          1,        693       
# span 1 = 108.628044, 108.630046       
# span 2 =    0.00000,    0.04806       
# span 3 =     0.0000,     2.8833       
# span 4 =      0.000,    173.000       
# span 5 =     -0.055,    118.489       
# span 6 =    485.788,  51771.357       
# span 7 =     0.2240,    32.1967       
# span 8 =     3.8622,     5.0814       
# span 9 =     -0.054,    117.348       
# span 10 =    7.19410,    9.19159      
# span 11 =     3.8709,     5.0811      
# span 12 =     0.1557,    25.4460      
# span 13 =   12.88500,   16.68031      
# span 14 = 3.6382e-02, 1.3103e+02      
# span 15 = 0.0000e+00, 0.0000e+00      
# interval = seconds: 0.25
# start_time = Apr 18 2017 15:04:23 [Instrument's time stamp, header]
# bad_flag = -9.990e-29
*END*
[from data line 543]
        544 108.629615    0.03771     2.2625    135.750     75.728  51720.212    32.1758     5.0462     75.006    7.20026     5.0407    25.4323   12.89544 2.8447e-01 0.0000e+00
        545 108.629618    0.03778     2.2667    136.000     75.983  51720.339    32.1757     5.0462     75.259    7.20025     5.0407    25.4323   12.89543 2.7775e-01 0.0000e+00
        546 108.629621    0.03785     2.2708    136.250     76.244  51720.327    32.1756     5.0463     75.517    7.20025     5.0407    25.4322   12.89543 2.7107e-01 0.0000e+00
        547 108.629624    0.03792     2.2750    136.500     76.510  51720.400    32.1755     5.0463     75.781    7.20025     5.0407    25.4321   12.89542 2.6480e-01 0.0000e+00
        548 108.629627    0.03799     2.2792    136.750     76.782  51720.742    32.1756     5.0464     76.050    7.20024     5.0408    25.4322   12.89540 2.5878e-01 0.0000e+00
        549 108.629630    0.03806     2.2833    137.000     77.057  51721.231    32.1758     5.0464     76.323    7.20022     5.0409    25.4323   12.89537 2.5273e-01 0.0000e+00
        550 108.629633    0.03812     2.2875    137.250     77.335  51721.677    32.1760     5.0465     76.598    7.20020     5.0410    25.4325   12.89533 2.4675e-01 0.0000e+00
        551 108.629635    0.03819     2.2917    137.500     77.617  51722.027    32.1762     5.0466     76.876    7.20017     5.0412    25.4326   12.89528 2.4071e-01 0.0000e+00
        552 108.629638    0.03826     2.2958    137.750     77.899  51722.291    32.1762     5.0467     77.156    7.20014     5.0413    25.4326   12.89523 2.3473e-01 0.0000e+00
        553 108.629641    0.03833     2.3000    138.000     78.179  51722.512    32.1763     5.0469     77.433    7.20012     5.0413    25.4326   12.89519 2.2914e-01 0.0000e+00
        554 108.629644    0.03840     2.3042    138.250     78.453  51722.720    32.1763     5.0470     77.705    7.20010     5.0414    25.4326   12.89516 2.2375e-01 0.0000e+00
        555 108.629647    0.03847     2.3083    138.500     78.720  51722.923    32.1763     5.0471     77.969    7.20008     5.0415    25.4327   12.89513 2.1860e-01 0.0000e+00
        556 108.629650    0.03854     2.3125    138.750     78.979  51723.137    32.1764     5.0472     78.226    7.20007     5.0415    25.4327   12.89510 2.1375e-01 0.0000e+00
        557 108.629653    0.03861     2.3167    139.000     79.234  51723.403    32.1764     5.0472     78.479    7.20005     5.0416    25.4327   12.89507 2.0881e-01 0.0000e+00
        558 108.629656    0.03868     2.3208    139.250     79.487  51723.814    32.1766     5.0473     78.729    7.20002     5.0417    25.4329   12.89503 2.0358e-01 0.0000e+00
        559 108.629659    0.03875     2.3250    139.500     79.741  51724.313    32.1769     5.0474     78.980    7.19999     5.0418    25.4331   12.89498 1.9836e-01 0.0000e+00
        560 108.629661    0.03882     2.3292    139.750     80.002  51724.727    32.1771     5.0475     79.239    7.19996     5.0420    25.4332   12.89493 1.9342e-01 0.0000e+00
        561 108.629664    0.03889     2.3333    140.000     80.277  51725.018    32.1772     5.0477     79.511    7.19993     5.0421    25.4332   12.89488 1.8869e-01 0.0000e+00
        562 108.629667    0.03896     2.3375    140.250     80.569  51725.267    32.1772     5.0478     79.800    7.19991     5.0421    25.4333   12.89484 1.8382e-01 0.0000e+00
        563 108.629670    0.03903     2.3417    140.500     80.876  51725.479    32.1772     5.0480     80.104    7.19988     5.0422    25.4333   12.89480 1.7887e-01 0.0000e+00
        564 108.629673    0.03910     2.3458    140.750     81.192  51725.596    32.1772     5.0481     80.417    7.19987     5.0422    25.4332   12.89478 1.7433e-01 0.0000e+00
        565 108.629676    0.03917     2.3500    141.000     81.510  51725.693    32.1771     5.0481     80.732    7.19986     5.0422    25.4332   12.89476 1.7009e-01 0.0000e+00
        566 108.629679    0.03924     2.3542    141.250     81.824  51725.780    32.1770     5.0482     81.043    7.19986     5.0422    25.4331   12.89475 1.6560e-01 0.0000e+00
        567 108.629682    0.03931     2.3583    141.500     82.127  51725.846    32.1769     5.0482     81.343    7.19985     5.0422    25.4330   12.89475 1.6094e-01 0.0000e+00
        568 108.629685    0.03938     2.3625    141.750     82.410  51726.015    32.1769     5.0482     81.624    7.19985     5.0422    25.4330   12.89474 1.5676e-01 0.0000e+00
        569 108.629688    0.03944     2.3667    142.000     82.671  51726.323    32.1770     5.0483     81.882    7.19984     5.0423    25.4331   12.89473 1.5313e-01 0.0000e+00
        570 108.629690    0.03951     2.3708    142.250     82.912  51726.685    32.1771     5.0483     82.121    7.19983     5.0423    25.4332   12.89471 1.4985e-01 0.0000e+00
        571 108.629693    0.03958     2.3750    142.500     83.140  51726.953    32.1772     5.0483     82.346    7.19982     5.0423    25.4332   12.89469 1.4694e-01 0.0000e+00
        572 108.629696    0.03965     2.3792    142.750     83.361  51727.108    32.1772     5.0484     82.565    7.19981     5.0424    25.4332   12.89467 1.4415e-01 0.0000e+00
        573 108.629699    0.03972     2.3833    143.000     83.584  51727.253    32.1772     5.0484     82.786    7.19980     5.0424    25.4332   12.89466 1.4124e-01 0.0000e+00
        574 108.629702    0.03979     2.3875    143.250     83.818  51727.396    32.1772     5.0485     83.018    7.19979     5.0424    25.4332   12.89465 1.3833e-01 0.0000e+00
        575 108.629705    0.03986     2.3917    143.500     84.070  51727.517    32.1772     5.0485     83.267    7.19979     5.0424    25.4332   12.89464 1.3546e-01 0.0000e+00
        576 108.629708    0.03993     2.3958    143.750     84.345  51727.671    32.1771     5.0485     83.540    7.19978     5.0424    25.4332   12.89463 1.3238e-01 0.0000e+00
        577 108.629711    0.04000     2.4000    144.000     84.645  51727.932    32.1772     5.0485     83.836    7.19978     5.0424    25.4332   12.89463 1.2900e-01 0.0000e+00
        578 108.629714    0.04007     2.4042    144.250     84.962  51728.281    32.1773     5.0485     84.150    7.19977     5.0424    25.4333   12.89461 1.2558e-01 0.0000e+00
        579 108.629716    0.04014     2.4083    144.500     85.286  51728.614    32.1773     5.0486     84.471    7.19977     5.0424    25.4334   12.89460 1.2218e-01 0.0000e+00
        580 108.629719    0.04021     2.4125    144.750     85.606  51728.995    32.1774     5.0486     84.788    7.19976     5.0425    25.4334   12.89459 1.1902e-01 0.0000e+00
        581 108.629722    0.04028     2.4167    145.000     85.917  51729.635    32.1777     5.0487     85.096    7.19973     5.0427    25.4337   12.89454 1.1651e-01 0.0000e+00
        582 108.629725    0.04035     2.4208    145.250     86.214  51730.450    32.1782     5.0488     85.390    7.19969     5.0429    25.4340   12.89447 1.1416e-01 0.0000e+00
        583 108.629728    0.04042     2.4250    145.500     86.492  51731.109    32.1785     5.0490     85.666    7.19965     5.0430    25.4343   12.89439 1.1168e-01 0.0000e+00
        584 108.629731    0.04049     2.4292    145.750     86.753  51731.457    32.1787     5.0492     85.924    7.19960     5.0432    25.4344   12.89431 1.0943e-01 0.0000e+00
        585 108.629734    0.04056     2.4333    146.000     86.998  51731.629    32.1787     5.0494     86.167    7.19957     5.0433    25.4344   12.89426 1.0749e-01 0.0000e+00
        586 108.629737    0.04063     2.4375    146.250     87.235  51731.872    32.1788     5.0496     86.401    7.19954     5.0434    25.4344   12.89420 1.0561e-01 0.0000e+00
        587 108.629740    0.04069     2.4417    146.500     87.470  51732.275    32.1790     5.0497     86.635    7.19950     5.0435    25.4346   12.89415 1.0366e-01 0.0000e+00
        588 108.629742    0.04076     2.4458    146.750     87.712  51732.649    32.1792     5.0498     86.875    7.19947     5.0436    25.4347   12.89410 1.0178e-01 0.0000e+00
        589 108.629745    0.04083     2.4500    147.000     87.968  51732.846    32.1792     5.0499     87.128    7.19945     5.0437    25.4347   12.89406 1.0008e-01 0.0000e+00
        590 108.629748    0.04090     2.4542    147.250     88.242  51732.951    32.1792     5.0501     87.398    7.19943     5.0438    25.4347   12.89403 9.8276e-02 0.0000e+00
        591 108.629751    0.04097     2.4583    147.500     88.534  51733.075    32.1791     5.0502     87.688    7.19941     5.0439    25.4346   12.89399 9.6246e-02 0.0000e+00
        592 108.629754    0.04104     2.4625    147.750     88.845  51733.344    32.1792     5.0503     87.995    7.19938     5.0440    25.4347   12.89395 9.4039e-02 0.0000e+00
        593 108.629757    0.04111     2.4667    148.000     89.170  51733.755    32.1793     5.0504     88.317    7.19936     5.0441    25.4348   12.89390 9.1396e-02 0.0000e+00
        594 108.629760    0.04118     2.4708    148.250     89.504  51734.128    32.1795     5.0506     88.648    7.19933     5.0442    25.4349   12.89386 8.8450e-02 0.0000e+00
        595 108.629763    0.04125     2.4750    148.500     89.841  51734.450    32.1795     5.0507     88.982    7.19931     5.0442    25.4349   12.89382 8.5914e-02 0.0000e+00
        596 108.629766    0.04132     2.4792    148.750     90.174  51734.756    32.1796     5.0508     89.312    7.19929     5.0443    25.4350   12.89379 8.4250e-02 0.0000e+00
        597 108.629769    0.04139     2.4833    149.000     90.500  51735.017    32.1796     5.0509     89.634    7.19927     5.0443    25.4350   12.89376 8.3081e-02 0.0000e+00
        598 108.629771    0.04146     2.4875    149.250     90.816  51735.261    32.1797     5.0509     89.946    7.19926     5.0443    25.4350   12.89374 8.1725e-02 0.0000e+00
        599 108.629774    0.04153     2.4917    149.500     91.117  51735.529    32.1797     5.0510     90.245    7.19925     5.0443    25.4351   12.89372 8.0104e-02 0.0000e+00
        600 108.629777    0.04160     2.4958    149.750     91.401  51735.802    32.1798     5.0510     90.527    7.19924     5.0444    25.4351   12.89370 7.8348e-02 0.0000e+00
        601 108.629780    0.04167     2.5000    150.000     91.668  51736.088    32.1799     5.0510     90.790    7.19923     5.0444    25.4351   12.89368 7.6537e-02 0.0000e+00
        602 108.629783    0.04174     2.5042    150.250     91.918  51736.424    32.1800     5.0511     91.038    7.19922     5.0445    25.4352   12.89366 7.4887e-02 0.0000e+00
        603 108.629786    0.04181     2.5083    150.500     92.157  51736.827    32.1801     5.0511     91.275    7.19920     5.0446    25.4354   12.89363 7.3524e-02 0.0000e+00
        604 108.629789    0.04188     2.5125    150.750     92.391  51737.375    32.1804     5.0512     91.507    7.19917     5.0448    25.4356   12.89358 7.2383e-02 0.0000e+00
        605 108.629792    0.04194     2.5167    151.000     92.627  51738.109    32.1808     5.0514     91.740    7.19913     5.0451    25.4359   12.89351 7.1316e-02 0.0000e+00
        606 108.629795    0.04201     2.5208    151.250     92.873  51739.032    32.1814     5.0516     91.984    7.19907     5.0454    25.4363   12.89340 7.0184e-02 0.0000e+00
        607 108.629797    0.04208     2.5250    151.500     93.136  51740.085    32.1821     5.0519     92.245    7.19898     5.0459    25.4368   12.89325 6.8870e-02 0.0000e+00
        608 108.629800    0.04215     2.5292    151.750     93.424  51741.008    32.1827     5.0523     92.529    7.19888     5.0464    25.4372   12.89307 6.7440e-02 0.0000e+00
        609 108.629803    0.04222     2.5333    152.000     93.736  51741.627    32.1831     5.0528     92.838    7.19878     5.0469    25.4375   12.89290 6.6087e-02 0.0000e+00
        610 108.629806    0.04229     2.5375    152.250     94.067  51742.133    32.1834     5.0533     93.166    7.19867     5.0475    25.4377   12.89272 6.4766e-02 0.0000e+00
        611 108.629809    0.04236     2.5417    152.500     94.411  51742.864    32.1838     5.0539     93.507    7.19856     5.0480    25.4380   12.89252 6.3378e-02 0.0000e+00
        612 108.629812    0.04243     2.5458    152.750     94.760  51743.730    32.1843     5.0544     93.853    7.19844     5.0486    25.4383   12.89232 6.2081e-02 0.0000e+00
        613 108.629815    0.04250     2.5500    153.000     95.108  51744.306    32.1847     5.0549     94.198    7.19832     5.0491    25.4386   12.89213 6.0878e-02 0.0000e+00
        614 108.629818    0.04257     2.5542    153.250     95.446  51744.590    32.1848     5.0555     94.532    7.19822     5.0495    25.4386   12.89195 5.9555e-02 0.0000e+00
        615 108.629821    0.04264     2.5583    153.500     95.767  51744.828    32.1849     5.0560     94.850    7.19812     5.0499    25.4387   12.89179 5.8244e-02 0.0000e+00
        616 108.629823    0.04271     2.5625    153.750     96.067  51745.091    32.1851     5.0565     95.147    7.19804     5.0502    25.4387   12.89165 5.7193e-02 0.0000e+00
        617 108.629826    0.04278     2.5667    154.000     96.347  51745.432    32.1853     5.0569     95.424    7.19796     5.0505    25.4388   12.89151 5.6331e-02 0.0000e+00
        618 108.629829    0.04285     2.5708    154.250     96.611  51745.754    32.1854     5.0573     95.685    7.19788     5.0508    25.4389   12.89140 5.5547e-02 0.0000e+00
        619 108.629832    0.04292     2.5750    154.500     96.865  51745.879    32.1855     5.0576     95.936    7.19782     5.0510    25.4389   12.89130 5.4855e-02 0.0000e+00
        620 108.629835    0.04299     2.5792    154.750     97.114  51745.769    32.1853     5.0579     96.184    7.19778     5.0511    25.4388   12.89123 5.4203e-02 0.0000e+00
        621 108.629838    0.04306     2.5833    155.000     97.366  51745.526    32.1851     5.0581     96.433    7.19775     5.0511    25.4385   12.89119 5.3534e-02 0.0000e+00
        622 108.629841    0.04312     2.5875    155.250     97.624  51745.318    32.1848     5.0583     96.689    7.19774     5.0511    25.4383   12.89117 5.2875e-02 0.0000e+00
        623 108.629844    0.04319     2.5917    155.500     97.894  51745.412    32.1848     5.0583     96.956    7.19774     5.0512    25.4383   12.89116 5.2226e-02 0.0000e+00
        624 108.629847    0.04326     2.5958    155.750     98.175  51746.105    32.1851     5.0583     97.235    7.19772     5.0515    25.4386   12.89112 5.1544e-02 0.0000e+00
        625 108.629850    0.04333     2.6000    156.000     98.468  51747.528    32.1860     5.0584     97.525    7.19766     5.0520    25.4393   12.89102 5.0778e-02 0.0000e+00
        626 108.629852    0.04340     2.6042    156.250     98.770  51749.548    32.1873     5.0587     97.823    7.19755     5.0529    25.4403   12.89081 5.0035e-02 0.0000e+00
        627 108.629855    0.04347     2.6083    156.500     99.078  51751.423    32.1886     5.0593     98.128    7.19738     5.0538    25.4412   12.89052 4.9408e-02 0.0000e+00
        628 108.629858    0.04354     2.6125    156.750     99.392  51752.348    32.1892     5.0602     98.439    7.19720     5.0546    25.4416   12.89022 4.8870e-02 0.0000e+00
        629 108.629861    0.04361     2.6167    157.000     99.711  51752.366    32.1893     5.0611     98.755    7.19704     5.0552    25.4416   12.88994 4.8354e-02 0.0000e+00
        630 108.629864    0.04368     2.6208    157.250    100.034  51751.968    32.1890     5.0620     99.074    7.19691     5.0556    25.4413   12.88974 4.7726e-02 0.0000e+00
        631 108.629867    0.04375     2.6250    157.500    100.358  51751.528    32.1887     5.0626     99.396    7.19682     5.0558    25.4410   12.88959 4.7139e-02 0.0000e+00
        632 108.629870    0.04382     2.6292    157.750    100.684  51751.262    32.1885     5.0630     99.718    7.19676     5.0559    25.4407   12.88950 4.6712e-02 0.0000e+00
