CTD-processing/allCTD/CNV--turbid/2017_10-17_t4_s07_cast048.cnv
* Sea-Bird SBE19plus Data File:
* FileName = C:\Users\Kim.Powell\Desktop\Not Processed\2017\2017_10-17\2017_10-17_TRANSECT_STATION_cast048.hex
* Software Version 1.59
* Temperature SN =  4141
* Conductivity SN =  4141
* System UpLoad Time = Oct 20 2017 08:45:43
** Transect:
** 2017_10-17
** Station: 4-07
** Start Time: 11:53
** Depth (m): 37.8
** Comment: Edgecumbe
** Comment:
# nquan = 16
# nvalues = 466                         
# units = specified
# name 0 = scan: Scan Count
# name 1 = timeJ: Julian Days
# name 2 = timeH: Time, Elapsed [hours]
# name 3 = timeM: Time, Elapsed [minutes]
# name 4 = timeS: Time, Elapsed [seconds]
# name 5 = prdM: Pressure, Strain Gauge [db]
# name 6 = specc: Specific Conductance [uS/cm]
# name 7 = sal00: Salinity, Practical [PSU]
# name 8 = tv290C: Temperature [ITS-90, deg C]
# name 9 = depSM: Depth [salt water, m], lat = 59.00
# name 10 = oxsolML/L: Oxygen Saturation, Garcia & Gordon [ml/l]
# name 11 = potemp090C: Potential Temperature [ITS-90, deg C]
# name 12 = sigma-é00: Density [sigma-theta, kg/m^3]
# name 13 = n2satML/L: Nitrogen Saturation [ml/l]
# name 14 = par: PAR/Irradiance, Biospherical/Licor
# name 15 = flag:  0.000e+00
# span 0 =          1,        466       
# span 1 = 290.495544, 290.496889       
# span 2 =    0.00000,    0.03229       
# span 3 =     0.0000,     1.9375       
# span 4 =      0.000,    116.250       
# span 5 =     -0.213,     34.015       
# span 6 =   3024.392,  48632.613       
# span 7 =     1.5448,    30.8540       
# span 8 =     5.3569,     9.8456       
# span 9 =     -0.211,     33.694       
# span 10 =    6.51159,    8.74295      
# span 11 =     5.3676,     9.8424      
# span 12 =     1.1901,    23.7490      
# span 13 =   11.77382,   15.90581      
# span 14 = 5.1077e-01, 7.0628e+02      
# span 15 = 0.0000e+00, 0.0000e+00      
# interval = seconds: 0.25
# start_time = Oct 17 2017 11:53:35 [Instrument's time stamp, header]
# bad_flag = -9.990e-29
*END*
[from data line 452]
        453 290.496852    0.03139     1.8833    113.000     32.306  48538.404    30.7920     9.8304     32.001    6.51159     9.8164    23.6961   11.77382 7.0430e-01 0.0000e+00
        454 290.496855    0.03146     1.8875    113.250     32.496  48560.704    30.8069     9.8250     32.189    6.51173     9.8120    23.7086   11.77387 6.8082e-01 0.0000e+00
        455 290.496858    0.03153     1.8917    113.500     32.682  48578.486    30.8187     9.8199     32.374    6.51197     9.8086    23.7186   11.77412 6.5830e-01 0.0000e+00
        456 290.496861    0.03160     1.8958    113.750     32.859  48591.573    30.8273     9.8155     32.550    6.51224     9.8061    23.7260   11.77447 6.3736e-01 0.0000e+00
        457 290.496863    0.03167     1.9000    114.000     33.024  48600.429    30.8330     9.8121     32.712    6.51250     9.8044    23.7310   11.77482 6.1825e-01 0.0000e+00
        458 290.496866    0.03174     1.9042    114.250     33.175  48606.400    30.8368     9.8096     32.863    6.51269     9.8031    23.7344   11.77509 6.0072e-01 0.0000e+00
        459 290.496869    0.03181     1.9083    114.500     33.319  48611.593    30.8402     9.8079     33.005    6.51279     9.8019    23.7373   11.77521 5.8404e-01 0.0000e+00
        460 290.496872    0.03188     1.9125    114.750     33.460  48617.006    30.8438     9.8066     33.144    6.51282     9.8007    23.7403   11.77522 5.6756e-01 0.0000e+00
        461 290.496875    0.03194     1.9167    115.000     33.600  48622.296    30.8473     9.8054     33.283    6.51284     9.7997    23.7433   11.77522 5.5137e-01 0.0000e+00
        462 290.496878    0.03201     1.9208    115.250     33.736  48626.644    30.8502     9.8043     33.417    6.51289     9.7989    23.7457   11.77526 5.3659e-01 0.0000e+00
        463 290.496881    0.03208     1.9250    115.500     33.854  48629.615    30.8521     9.8033     33.534    6.51295     9.7985    23.7473   11.77535 5.2471e-01 0.0000e+00
        464 290.496884    0.03215     1.9292    115.750     33.943  48631.381    30.8532     9.8026     33.623    6.51301     9.7984    23.7483   11.77543 5.1652e-01 0.0000e+00
        465 290.496887    0.03222     1.9333    116.000     33.997  48632.313    30.8538     9.8021     33.676    6.51305 -9.990e-29    23.7488   11.77548 5.1207e-01 0.0000e+00
        466 290.496889    0.03229     1.9375    116.250     34.015  48632.613    30.8540     9.8020     33.694    6.51306 -9.990e-29    23.7490   11.77550 5.1077e-01 0.0000e+00
