CTD-processing/allCTD/CNV--turbid/2017_12-14_alongbay_skb08_cast132.cnv
* Sea-Bird SBE19plus Data File:
* FileName = C:\Users\Kim.Powell\Desktop\Not Processed\2017\2017_12-XX_4141\2017_12-14_TANSECT_STATION_cast132.hex
* Software Version 1.59
* Temperature SN =  4141
* Conductivity SN =  4141
* System UpLoad Time = Dec 18 2017 08:31:38
** 2017_12-14
** Station: KB08
** Start Time: 14:14
** Depth (m): 82.9
** Comment:**CTD recorded date as April 18
** Comment:
# nquan = 16
# nvalues = 626                         
# units = specified
# name 0 = scan: Scan Count
# name 1 = timeJ: Julian Days
# name 2 = timeH: Time, Elapsed [hours]
# name 3 = timeM: Time, Elapsed [minutes]
# name 4 = timeS: Time, Elapsed [seconds]
# name 5 = prdM: Pressure, Strain Gauge [db]
# name 6 = specc: Specific Conductance [uS/cm]
# name 7 = sal00: Salinity, Practical [PSU]
# name 8 = tv290C: Temperature [ITS-90, deg C]
# name 9 = depSM: Depth [salt water, m], lat = 59.00
# name 10 = oxsolML/L: Oxygen Saturation, Garcia & Gordon [ml/l]
# name 11 = potemp090C: Potential Temperature [ITS-90, deg C]
# name 12 = sigma-é00: Density [sigma-theta, kg/m^3]
# name 13 = n2satML/L: Nitrogen Saturation [ml/l]
# name 14 = par: PAR/Irradiance, Biospherical/Licor
# name 15 = flag:  0.000e+00
# span 0 =          1,        626       
# span 1 = 108.593275, 108.595084       
# span 2 =    0.00000,    0.04340       
# span 3 =     0.0000,     2.6042       
# span 4 =      0.000,    156.250       
# span 5 =      0.658,     71.913       
# span 6 =  48764.832,  50054.397       
# span 7 =    30.2912,    31.3363       
# span 8 =     5.1629,     6.5887       
# span 9 =      0.651,     71.228       
# span 10 =    6.98203,    7.25881      
# span 11 =     5.1628,     6.5826      
# span 12 =    23.8817,    24.5882      
# span 13 =   12.54562,   13.01313      
# span 14 = 3.6382e-02, 2.1416e+01      
# span 15 = 0.0000e+00, 0.0000e+00      
# interval = seconds: 0.25
# start_time = Apr 18 2017 14:14:19 [Instrument's time stamp, header]
# bad_flag = -9.990e-29
*END*
[from data line 272]
        273 108.594063    0.01889     1.1333     68.000      1.478  49217.335    30.6198     5.6744      1.464    7.16745     5.6995    24.1307   12.86122 1.3713e+01 0.0000e+00
        274 108.594065    0.01896     1.1375     68.250      1.647  49237.934    30.6363     5.6867      1.631    7.16458     5.7129    24.1423   12.85627 1.2718e+01 0.0000e+00
        275 108.594068    0.01903     1.1417     68.500      1.823  49261.157    30.6547     5.6996      1.805    7.16152     5.7274    24.1554   12.85096 1.1836e+01 0.0000e+00
        276 108.594071    0.01910     1.1458     68.750      2.002  49292.884    30.6790     5.7130      1.983    7.15809     5.7440    24.1731   12.84498 1.1073e+01 0.0000e+00
        277 108.594074    0.01917     1.1500     69.000      2.182  49332.303    30.7089     5.7276      2.161    7.15420     5.7623    24.1950   12.83817 1.0418e+01 0.0000e+00
        278 108.594077    0.01924     1.1542     69.250      2.359  49371.106    30.7387     5.7441      2.337    7.14999     5.7813    24.2167   12.83082 9.8408e+00 0.0000e+00
        279 108.594080    0.01931     1.1583     69.500      2.532  49403.838    30.7646     5.7624      2.509    7.14566     5.8002    24.2351   12.82333 9.3257e+00 0.0000e+00
        280 108.594083    0.01938     1.1625     69.750      2.701  49430.834    30.7868     5.7815      2.675    7.14139     5.8185    24.2504   12.81599 8.8700e+00 0.0000e+00
        281 108.594086    0.01944     1.1667     70.000      2.866  49453.143    30.8057     5.8004      2.839    7.13730     5.8366    24.2632   12.80900 8.4659e+00 0.0000e+00
        282 108.594089    0.01951     1.1708     70.250      3.033  49475.119    30.8243     5.8187      3.005    7.13333     5.8551    24.2758   12.80218 8.0954e+00 0.0000e+00
        283 108.594091    0.01958     1.1750     70.500      3.207  49499.968    30.8448     5.8369      3.177    7.12930     5.8743    24.2899   12.79527 7.7451e+00 0.0000e+00
        284 108.594094    0.01965     1.1792     70.750      3.389  49524.439    30.8652     5.8554      3.357    7.12522     5.8937    24.3038   12.78826 7.4096e+00 0.0000e+00
        285 108.594097    0.01972     1.1833     71.000      3.579  49546.485    30.8840     5.8746      3.546    7.12111     5.9132    24.3164   12.78123 7.0898e+00 0.0000e+00
        286 108.594100    0.01979     1.1875     71.250      3.774  49566.742    30.9016     5.8940      3.738    7.11701     5.9324    24.3280   12.77422 6.7948e+00 0.0000e+00
        287 108.594103    0.01986     1.1917     71.500      3.966  49584.453    30.9174     5.9135      3.929    7.11299     5.9508    24.3383   12.76738 6.5360e+00 0.0000e+00
        288 108.594106    0.01993     1.1958     71.750      4.152  49598.071    30.9304     5.9327      4.113    7.10916     5.9684    24.3463   12.76089 6.3132e+00 0.0000e+00
        289 108.594109    0.02000     1.2000     72.000      4.333  49610.384    30.9423     5.9511      4.293    7.10550     5.9862    24.3535   12.75470 6.1135e+00 0.0000e+00
        290 108.594112    0.02007     1.2042     72.250      4.513  49628.433    30.9580     5.9688      4.471    7.10181     6.0059    24.3639   12.74839 5.9220e+00 0.0000e+00
        291 108.594115    0.02014     1.2083     72.500      4.697  49656.607    30.9808     5.9866      4.653    7.09775     6.0281    24.3797   12.74140 5.7296e+00 0.0000e+00
        292 108.594117    0.02021     1.2125     72.750      4.887  49689.801    31.0073     6.0063      4.841    7.09322     6.0517    24.3984   12.73356 5.5339e+00 0.0000e+00
        293 108.594120    0.02028     1.2167     73.000      5.083  49716.160    31.0297     6.0285      5.035    7.08846     6.0750    24.4134   12.72542 5.3390e+00 0.0000e+00
        294 108.594123    0.02035     1.2208     73.250      5.282  49731.759    31.0449     6.0522      5.232    7.08381     6.0971    24.4225   12.71753 5.1514e+00 0.0000e+00
        295 108.594126    0.02042     1.2250     73.500      5.479  49742.338    31.0565     6.0755      5.428    7.07938     6.1180    24.4289   12.71007 4.9762e+00 0.0000e+00
        296 108.594129    0.02049     1.2292     73.750      5.672  49753.721    31.0684     6.0975      5.619    7.07516     6.1387    24.4357   12.70294 4.8142e+00 0.0000e+00
        297 108.594132    0.02056     1.2333     74.000      5.861  49769.150    31.0830     6.1185      5.806    7.07099     6.1594    24.4447   12.69586 4.6635e+00 0.0000e+00
        298 108.594135    0.02063     1.2375     74.250      6.046  49785.881    31.0983     6.1392      5.990    7.06683     6.1794    24.4543   12.68879 4.5210e+00 0.0000e+00
        299 108.594138    0.02069     1.2417     74.500      6.229  49798.166    31.1106     6.1599      6.171    7.06281     6.1976    24.4616   12.68200 4.3830e+00 0.0000e+00
        300 108.594141    0.02076     1.2458     74.750      6.414  49806.430    31.1200     6.1799      6.354    7.05907     6.2137    24.4666   12.67569 4.2468e+00 0.0000e+00
        301 108.594144    0.02083     1.2500     75.000      6.602  49813.111    31.1279     6.1981      6.541    7.05569     6.2275    24.4706   12.66999 4.1116e+00 0.0000e+00
        302 108.594146    0.02090     1.2542     75.250      6.795  49818.123    31.1343     6.2142      6.732    7.05272     6.2391    24.4737   12.66501 3.9777e+00 0.0000e+00
        303 108.594149    0.02097     1.2583     75.500      6.992  49821.167    31.1390     6.2281      6.927    7.05020     6.2482    24.4757   12.66079 3.8466e+00 0.0000e+00
        304 108.594152    0.02104     1.2625     75.750      7.191  49822.405    31.1419     6.2397      7.124    7.04816     6.2551    24.4766   12.65737 3.7198e+00 0.0000e+00
        305 108.594155    0.02111     1.2667     76.000      7.389  49822.680    31.1437     6.2488      7.320    7.04656     6.2600    24.4769   12.65471 3.5973e+00 0.0000e+00
        306 108.594158    0.02118     1.2708     76.250      7.586  49822.500    31.1448     6.2557      7.514    7.04538     6.2632    24.4769   12.65274 3.4796e+00 0.0000e+00
        307 108.594161    0.02125     1.2750     76.500      7.779  49822.125    31.1454     6.2606      7.706    7.04454     6.2652    24.4768   12.65135 3.3670e+00 0.0000e+00
        308 108.594164    0.02132     1.2792     76.750      7.969  49822.195    31.1459     6.2638      7.894    7.04398     6.2664    24.4768   12.65041 3.2596e+00 0.0000e+00
        309 108.594167    0.02139     1.2833     77.000      8.158  49823.151    31.1469     6.2659      8.082    7.04360     6.2670    24.4773   12.64977 3.1568e+00 0.0000e+00
        310 108.594170    0.02146     1.2875     77.250      8.346  49825.080    31.1483     6.2670      8.268    7.04334     6.2674    24.4784   12.64933 3.0581e+00 0.0000e+00
        311 108.594172    0.02153     1.2917     77.500      8.534  49827.710    31.1502     6.2677      8.455    7.04314     6.2679    24.4798   12.64898 2.9629e+00 0.0000e+00
        312 108.594175    0.02160     1.2958     77.750      8.723  49830.456    31.1521     6.2682      8.641    7.04298     6.2683    24.4812   12.64868 2.8709e+00 0.0000e+00
        313 108.594178    0.02167     1.3000     78.000      8.912  49832.924    31.1538     6.2686      8.828    7.04283     6.2688    24.4825   12.64841 2.7814e+00 0.0000e+00
        314 108.594181    0.02174     1.3042     78.250      9.102  49835.116    31.1553     6.2690      9.017    7.04268     6.2693    24.4836   12.64815 2.6936e+00 0.0000e+00
        315 108.594184    0.02181     1.3083     78.500      9.293  49837.355    31.1568     6.2695      9.206    7.04253     6.2698    24.4848   12.64788 2.6077e+00 0.0000e+00
        316 108.594187    0.02187     1.3125     78.750      9.486  49839.865    31.1586     6.2700      9.397    7.04237     6.2705    24.4861   12.64760 2.5245e+00 0.0000e+00
        317 108.594190    0.02194     1.3167     79.000      9.678  49842.488    31.1604     6.2705      9.587    7.04219     6.2712    24.4875   12.64728 2.4440e+00 0.0000e+00
        318 108.594193    0.02201     1.3208     79.250      9.869  49844.911    31.1621     6.2712      9.777    7.04200     6.2721    24.4888   12.64694 2.3663e+00 0.0000e+00
        319 108.594196    0.02208     1.3250     79.500     10.060  49846.963    31.1636     6.2720      9.966    7.04180     6.2730    24.4898   12.64659 2.2910e+00 0.0000e+00
        320 108.594198    0.02215     1.3292     79.750     10.253  49848.928    31.1650     6.2729     10.156    7.04159     6.2739    24.4909   12.64622 2.2176e+00 0.0000e+00
        321 108.594201    0.02222     1.3333     80.000     10.449  49851.284    31.1667     6.2738     10.350    7.04136     6.2750    24.4921   12.64582 2.1451e+00 0.0000e+00
        322 108.594204    0.02229     1.3375     80.250     10.649  49854.407    31.1690     6.2748     10.549    7.04110     6.2763    24.4937   12.64536 2.0730e+00 0.0000e+00
        323 108.594207    0.02236     1.3417     80.500     10.852  49858.448    31.1719     6.2759     10.750    7.04078     6.2781    24.4959   12.64480 2.0018e+00 0.0000e+00
        324 108.594210    0.02243     1.3458     80.750     11.058  49863.012    31.1752     6.2772     10.954    7.04041     6.2801    24.4983   12.64414 1.9316e+00 0.0000e+00
        325 108.594213    0.02250     1.3500     81.000     11.266  49867.174    31.1783     6.2790     11.161    7.03998     6.2821    24.5006   12.64339 1.8633e+00 0.0000e+00
        326 108.594216    0.02257     1.3542     81.250     11.479  49870.094    31.1806     6.2810     11.371    7.03954     6.2838    24.5021   12.64264 1.7970e+00 0.0000e+00
        327 108.594219    0.02264     1.3583     81.500     11.697  49871.514    31.1819     6.2830     11.588    7.03914     6.2851    24.5029   12.64197 1.7315e+00 0.0000e+00
        328 108.594222    0.02271     1.3625     81.750     11.922  49871.788    31.1823     6.2848     11.810    7.03883     6.2859    24.5030   12.64145 1.6666e+00 0.0000e+00
        329 108.594225    0.02278     1.3667     82.000     12.150  49871.672    31.1823     6.2861     12.036    7.03861     6.2861    24.5029   12.64108 1.6029e+00 0.0000e+00
        330 108.594227    0.02285     1.3708     82.250     12.379  49871.767    31.1824     6.2869     12.264    7.03848     6.2857    24.5029   12.64086 1.5412e+00 0.0000e+00
        331 108.594230    0.02292     1.3750     82.500     12.610  49872.309    31.1827     6.2871     12.492    7.03843     6.2847    24.5031   12.64077 1.4813e+00 0.0000e+00
        332 108.594233    0.02299     1.3792     82.750     12.841  49873.606    31.1834     6.2867     12.721    7.03845     6.2833    24.5037   12.64081 1.4235e+00 0.0000e+00
        333 108.594236    0.02306     1.3833     83.000     13.071  49876.777    31.1853     6.2857     12.949    7.03853     6.2823    24.5054   12.64091 1.3682e+00 0.0000e+00
        334 108.594239    0.02313     1.3875     83.250     13.299  49882.848    31.1892     6.2844     13.175    7.03857     6.2822    24.5086   12.64093 1.3159e+00 0.0000e+00
        335 108.594242    0.02319     1.3917     83.500     13.525  49890.330    31.1941     6.2834     13.398    7.03851     6.2830    24.5125   12.64077 1.2666e+00 0.0000e+00
        336 108.594245    0.02326     1.3958     83.750     13.748  49896.203    31.1980     6.2833     13.619    7.03834     6.2842    24.5156   12.64044 1.2205e+00 0.0000e+00
        337 108.594248    0.02333     1.4000     84.000     13.969  49898.941    31.2000     6.2842     13.839    7.03811     6.2854    24.5171   12.64003 1.1770e+00 0.0000e+00
        338 108.594251    0.02340     1.4042     84.250     14.192  49899.145    31.2002     6.2854     14.059    7.03789     6.2861    24.5171   12.63966 1.1352e+00 0.0000e+00
        339 108.594253    0.02347     1.4083     84.500     14.417  49898.160    31.1997     6.2866     14.282    7.03773     6.2864    24.5165   12.63940 1.0948e+00 0.0000e+00
        340 108.594256    0.02354     1.4125     84.750     14.645  49897.057    31.1989     6.2873     14.508    7.03764     6.2863    24.5159   12.63926 1.0558e+00 0.0000e+00
        341 108.594259    0.02361     1.4167     85.000     14.874  49896.664    31.1986     6.2876     14.735    7.03760     6.2862    24.5156   12.63920 1.0183e+00 0.0000e+00
        342 108.594262    0.02368     1.4208     85.250     15.103  49896.982    31.1987     6.2876     14.961    7.03760     6.2860    24.5157   12.63920 9.8201e-01 0.0000e+00
        343 108.594265    0.02375     1.4250     85.500     15.327  49897.513    31.1990     6.2875     15.183    7.03761     6.2859    24.5159   12.63922 9.4682e-01 0.0000e+00
        344 108.594268    0.02382     1.4292     85.750     15.548  49897.994    31.1992     6.2873     15.402    7.03763     6.2857    24.5161   12.63924 9.1283e-01 0.0000e+00
        345 108.594271    0.02389     1.4333     86.000     15.767  49898.633    31.1995     6.2872     15.619    7.03764     6.2858    24.5163   12.63925 8.8023e-01 0.0000e+00
        346 108.594274    0.02396     1.4375     86.250     15.987  49899.844    31.2002     6.2870     15.837    7.03762     6.2861    24.5169   12.63922 8.4904e-01 0.0000e+00
        347 108.594277    0.02403     1.4417     86.500     16.209  49901.323    31.2011     6.2871     16.057    7.03757     6.2868    24.5176   12.63912 8.1885e-01 0.0000e+00
        348 108.594280    0.02410     1.4458     86.750     16.432  49902.710    31.2020     6.2875     16.278    7.03747     6.2878    24.5183   12.63894 7.8942e-01 0.0000e+00
        349 108.594282    0.02417     1.4500     87.000     16.653  49904.320    31.2032     6.2882     16.496    7.03730     6.2894    24.5191   12.63865 7.6119e-01 0.0000e+00
        350 108.594285    0.02424     1.4542     87.250     16.867  49906.744    31.2050     6.2892     16.709    7.03704     6.2918    24.5204   12.63820 7.3451e-01 0.0000e+00
        351 108.594288    0.02431     1.4583     87.500     17.076  49910.438    31.2077     6.2908     16.916    7.03665     6.2953    24.5224   12.63751 7.0951e-01 0.0000e+00
        352 108.594291    0.02438     1.4625     87.750     17.281  49915.403    31.2115     6.2932     17.119    7.03607     6.2999    24.5251   12.63652 6.8600e-01 0.0000e+00
        353 108.594294    0.02444     1.4667     88.000     17.486  49920.706    31.2157     6.2967     17.322    7.03531     6.3052    24.5280   12.63520 6.6352e-01 0.0000e+00
        354 108.594297    0.02451     1.4708     88.250     17.697  49924.848    31.2194     6.3013     17.531    7.03439     6.3109    24.5303   12.63363 6.4159e-01 0.0000e+00
        355 108.594300    0.02458     1.4750     88.500     17.914  49927.245    31.2219     6.3066     17.746    7.03338     6.3167    24.5316   12.63194 6.2007e-01 0.0000e+00
        356 108.594303    0.02465     1.4792     88.750     18.135  49928.819    31.2240     6.3124     17.964    7.03235     6.3226    24.5326   12.63021 5.9904e-01 0.0000e+00
        357 108.594306    0.02472     1.4833     89.000     18.355  49931.279    31.2266     6.3182     18.182    7.03127     6.3287    24.5340   12.62840 5.7865e-01 0.0000e+00
        358 108.594308    0.02479     1.4875     89.250     18.570  49934.568    31.2299     6.3241     18.395    7.03015     6.3349    24.5358   12.62649 5.5924e-01 0.0000e+00
        359 108.594311    0.02486     1.4917     89.500     18.779  49936.703    31.2324     6.3302     18.603    7.02902     6.3408    24.5371   12.62459 5.4100e-01 0.0000e+00
        360 108.594314    0.02493     1.4958     89.750     18.983  49937.388    31.2340     6.3364     18.805    7.02793     6.3465    24.5375   12.62276 5.2375e-01 0.0000e+00
        361 108.594317    0.02500     1.5000     90.000     19.185  49938.490    31.2357     6.3424     19.005    7.02687     6.3523    24.5382   12.62100 5.0725e-01 0.0000e+00
