CTD-processing/allCTD/CNV--turbid/2017_04-18_t6_s14_cast083.cnv
* Sea-Bird SBE19plus Data File:
* FileName = P:\My Documents\kasitsna\Research-KBL\Oceanography-AK\CTD-Data-ALL-to-2017-02\2017-CTD-KachemakBay-CookInlet\2017-04-18-CookInlet-Tran6-Douglas\2017-04-18-CookInlet-Tran6-cast083.hex
* Software Version 1.59
* Temperature SN =  4141
* Conductivity SN =  4141
* System UpLoad Time = Apr 18 2017 23:01:10
** Cook Inlet LTM Transect 6 Douglas east to west
** Date: (YYYY-MM-DD): 2017-04-18
** Station: (eg. 9-01): 6-14
** Start time (AKDT): 17:01
** Depth (m): 138.7
** Comment: R/V Alaska Dreamcatcher
** Comment:
# nquan = 16
# nvalues = 729                         
# units = specified
# name 0 = scan: Scan Count
# name 1 = timeJ: Julian Days
# name 2 = timeH: Time, Elapsed [hours]
# name 3 = timeM: Time, Elapsed [minutes]
# name 4 = timeS: Time, Elapsed [seconds]
# name 5 = prdM: Pressure, Strain Gauge [db]
# name 6 = specc: Specific Conductance [uS/cm]
# name 7 = sal00: Salinity, Practical [PSU]
# name 8 = tv290C: Temperature [ITS-90, deg C]
# name 9 = depSM: Depth [salt water, m], lat = 59.00
# name 10 = oxsolML/L: Oxygen Saturation, Garcia & Gordon [ml/l]
# name 11 = potemp090C: Potential Temperature [ITS-90, deg C]
# name 12 = sigma-é00: Density [sigma-theta, kg/m^3]
# name 13 = n2satML/L: Nitrogen Saturation [ml/l]
# name 14 = par: PAR/Irradiance, Biospherical/Licor
# name 15 = flag:  0.000e+00
# span 0 =          1,        729       
# span 1 = 108.709340, 108.711447       
# span 2 =    0.00000,    0.05056       
# span 3 =     0.0000,     3.0333       
# span 4 =      0.000,    182.000       
# span 5 =     -0.057,    129.946       
# span 6 =   2069.107,  52092.741       
# span 7 =     1.0179,    32.4464       
# span 8 =     3.8404,     5.3762       
# span 9 =     -0.056,    128.691       
# span 10 =    7.14188,    9.14779      
# span 11 =     3.8404,     5.3761      
# span 12 =     0.7941,    25.6265      
# span 13 =   12.79826,   16.59359      
# span 14 = 3.6382e-02, 9.8283e+01      
# span 15 = 0.0000e+00, 0.0000e+00      
# interval = seconds: 0.25
# start_time = Apr 18 2017 17:01:27 [Instrument's time stamp, header]
# bad_flag = -9.990e-29
*END*
[from data line 633]
        634 108.711172    0.04396     2.6375    158.250    108.753  52029.597    32.4204     5.2639    107.707    7.15129     5.2541    25.6020   12.81146 3.6382e-02 0.0000e+00
        635 108.711175    0.04403     2.6417    158.500    108.980  52030.920    32.4210     5.2632    107.932    7.15139     5.2531    25.6026   12.81162 3.6382e-02 0.0000e+00
        636 108.711178    0.04410     2.6458    158.750    109.220  52032.288    32.4216     5.2623    108.170    7.15150     5.2520    25.6032   12.81180 3.6382e-02 0.0000e+00
        637 108.711181    0.04417     2.6500    159.000    109.473  52033.932    32.4224     5.2614    108.420    7.15163     5.2509    25.6039   12.81200 3.6382e-02 0.0000e+00
        638 108.711183    0.04424     2.6542    159.250    109.735  52035.895    32.4234     5.2603    108.681    7.15177     5.2500    25.6049   12.81221 3.6382e-02 0.0000e+00
        639 108.711186    0.04431     2.6583    159.500    110.004  52037.834    32.4244     5.2592    108.946    7.15190     5.2492    25.6058   12.81242 3.6382e-02 0.0000e+00
        640 108.711189    0.04437     2.6625    159.750    110.272  52039.471    32.4252     5.2583    109.212    7.15202     5.2487    25.6065   12.81261 3.6382e-02 0.0000e+00
        641 108.711192    0.04444     2.6667    160.000    110.535  52040.818    32.4258     5.2576    109.472    7.15212     5.2483    25.6071   12.81276 3.6382e-02 0.0000e+00
        642 108.711195    0.04451     2.6708    160.250    110.788  52041.870    32.4263     5.2570    109.722    7.15218     5.2480    25.6075   12.81286 3.6382e-02 0.0000e+00
        643 108.711198    0.04458     2.6750    160.500    111.026  52042.543    32.4266     5.2567    109.958    7.15224     5.2477    25.6078   12.81295 3.6382e-02 0.0000e+00
        644 108.711201    0.04465     2.6792    160.750    111.248  52042.947    32.4267     5.2564    110.179    7.15228     5.2475    25.6079   12.81302 3.6382e-02 0.0000e+00
        645 108.711204    0.04472     2.6833    161.000    111.456  52043.331    32.4268     5.2561    110.384    7.15232     5.2473    25.6080   12.81308 3.6382e-02 0.0000e+00
        646 108.711207    0.04479     2.6875    161.250    111.652  52043.803    32.4270     5.2559    110.579    7.15234     5.2472    25.6082   12.81311 3.6382e-02 0.0000e+00
        647 108.711209    0.04486     2.6917    161.500    111.843  52044.313    32.4272     5.2558    110.768    7.15236     5.2471    25.6084   12.81313 3.6382e-02 0.0000e+00
        648 108.711212    0.04493     2.6958    161.750    112.033  52044.769    32.4274     5.2557    110.956    7.15237     5.2470    25.6086   12.81315 3.6382e-02 0.0000e+00
        649 108.711215    0.04500     2.7000    162.000    112.225  52045.137    32.4275     5.2556    111.146    7.15237     5.2469    25.6087   12.81316 3.6382e-02 0.0000e+00
        650 108.711218    0.04507     2.7042    162.250    112.424  52045.391    32.4276     5.2555    111.343    7.15239     5.2465    25.6087   12.81318 3.6382e-02 0.0000e+00
        651 108.711221    0.04514     2.7083    162.500    112.630  52045.550    32.4275     5.2554    111.547    7.15242     5.2460    25.6087   12.81323 3.6382e-02 0.0000e+00
        652 108.711224    0.04521     2.7125    162.750    112.844  52045.918    32.4276     5.2551    111.758    7.15246     5.2454    25.6088   12.81331 3.6382e-02 0.0000e+00
        653 108.711227    0.04528     2.7167    163.000    113.065  52046.736    32.4280     5.2546    111.977    7.15252     5.2449    25.6092   12.81341 3.6382e-02 0.0000e+00
        654 108.711230    0.04535     2.7208    163.250    113.292  52047.802    32.4285     5.2540    112.202    7.15259     5.2444    25.6096   12.81352 3.6382e-02 0.0000e+00
        655 108.711233    0.04542     2.7250    163.500    113.523  52048.808    32.4289     5.2535    112.430    7.15266     5.2440    25.6101   12.81362 3.6382e-02 0.0000e+00
        656 108.711236    0.04549     2.7292    163.750    113.756  52049.731    32.4294     5.2530    112.662    7.15272     5.2437    25.6104   12.81372 3.6382e-02 0.0000e+00
        657 108.711238    0.04556     2.7333    164.000    113.993  52050.619    32.4298     5.2526    112.896    7.15277     5.2434    25.6108   12.81379 3.6382e-02 0.0000e+00
        658 108.711241    0.04562     2.7375    164.250    114.233  52051.371    32.4301     5.2523    113.133    7.15281     5.2431    25.6111   12.81385 3.6382e-02 0.0000e+00
        659 108.711244    0.04569     2.7417    164.500    114.478  52051.980    32.4303     5.2520    113.376    7.15285     5.2428    25.6113   12.81391 3.6382e-02 0.0000e+00
        660 108.711247    0.04576     2.7458    164.750    114.727  52052.509    32.4305     5.2517    113.623    7.15288     5.2426    25.6115   12.81396 3.6382e-02 0.0000e+00
        661 108.711250    0.04583     2.7500    165.000    114.977  52052.970    32.4307     5.2515    113.871    7.15291     5.2425    25.6117   12.81401 3.6382e-02 0.0000e+00
        662 108.711253    0.04590     2.7542    165.250    115.226  52053.346    32.4308     5.2513    114.116    7.15294     5.2423    25.6118   12.81406 3.6382e-02 0.0000e+00
        663 108.711256    0.04597     2.7583    165.500    115.467  52053.625    32.4308     5.2512    114.355    7.15297     5.2421    25.6118   12.81410 3.6382e-02 0.0000e+00
        664 108.711259    0.04604     2.7625    165.750    115.699  52053.964    32.4309     5.2510    114.585    7.15299     5.2420    25.6119   12.81413 3.6382e-02 0.0000e+00
        665 108.711262    0.04611     2.7667    166.000    115.919  52054.500    32.4311     5.2509    114.803    7.15300     5.2418    25.6121   12.81414 3.6382e-02 0.0000e+00
        666 108.711264    0.04618     2.7708    166.250    116.127  52055.053    32.4314     5.2507    115.008    7.15301     5.2416    25.6123   12.81416 3.6382e-02 0.0000e+00
        667 108.711267    0.04625     2.7750    166.500    116.320  52055.499    32.4316     5.2506    115.200    7.15303     5.2414    25.6125   12.81420 3.6382e-02 0.0000e+00
        668 108.711270    0.04632     2.7792    166.750    116.503  52056.000    32.4318     5.2504    115.381    7.15306     5.2411    25.6127   12.81423 3.6382e-02 0.0000e+00
        669 108.711273    0.04639     2.7833    167.000    116.681  52056.608    32.4321     5.2501    115.557    7.15308     5.2408    25.6129   12.81427 3.6382e-02 0.0000e+00
        670 108.711276    0.04646     2.7875    167.250    116.860  52057.292    32.4324     5.2499    115.735    7.15311     5.2405    25.6132   12.81431 3.6382e-02 0.0000e+00
        671 108.711279    0.04653     2.7917    167.500    117.048  52058.056    32.4328     5.2496    115.921    7.15314     5.2403    25.6135   12.81435 3.6382e-02 0.0000e+00
        672 108.711282    0.04660     2.7958    167.750    117.248  52058.754    32.4331     5.2493    116.119    7.15316     5.2401    25.6138   12.81439 3.6382e-02 0.0000e+00
        673 108.711285    0.04667     2.8000    168.000    117.462  52059.310    32.4333     5.2491    116.331    7.15319     5.2400    25.6140   12.81443 3.6382e-02 0.0000e+00
        674 108.711288    0.04674     2.8042    168.250    117.689  52059.798    32.4335     5.2490    116.556    7.15321     5.2398    25.6142   12.81446 3.6382e-02 0.0000e+00
        675 108.711291    0.04681     2.8083    168.500    117.927  52060.236    32.4336     5.2488    116.792    7.15323     5.2396    25.6143   12.81449 3.6382e-02 0.0000e+00
        676 108.711293    0.04688     2.8125    168.750    118.172  52060.598    32.4337     5.2487    117.034    7.15325     5.2394    25.6144   12.81452 3.6382e-02 0.0000e+00
        677 108.711296    0.04694     2.8167    169.000    118.418  52060.903    32.4338     5.2485    117.278    7.15327     5.2391    25.6145   12.81457 3.6382e-02 0.0000e+00
        678 108.711299    0.04701     2.8208    169.250    118.658  52061.267    32.4339     5.2483    117.515    7.15331     5.2387    25.6146   12.81463 3.6382e-02 0.0000e+00
        679 108.711302    0.04708     2.8250    169.500    118.885  52061.723    32.4340     5.2480    117.740    7.15335     5.2384    25.6147   12.81469 3.6382e-02 0.0000e+00
        680 108.711305    0.04715     2.8292    169.750    119.096  52062.146    32.4341     5.2477    117.949    7.15339     5.2379    25.6149   12.81476 3.6382e-02 0.0000e+00
        681 108.711308    0.04722     2.8333    170.000    119.290  52062.535    32.4342     5.2473    118.141    7.15345     5.2375    25.6150   12.81485 3.6382e-02 0.0000e+00
        682 108.711311    0.04729     2.8375    170.250    119.471  52063.029    32.4344     5.2469    118.320    7.15351     5.2370    25.6151   12.81496 3.6382e-02 0.0000e+00
        683 108.711314    0.04736     2.8417    170.500    119.641  52063.610    32.4346     5.2465    118.488    7.15358     5.2367    25.6154   12.81506 3.6382e-02 0.0000e+00
        684 108.711317    0.04743     2.8458    170.750    119.807  52064.171    32.4348     5.2460    118.652    7.15364     5.2364    25.6156   12.81516 3.6382e-02 0.0000e+00
        685 108.711319    0.04750     2.8500    171.000    119.973  52064.683    32.4350     5.2457    118.817    7.15369     5.2361    25.6158   12.81524 3.6382e-02 0.0000e+00
        686 108.711322    0.04757     2.8542    171.250    120.146  52065.114    32.4351     5.2454    118.988    7.15374     5.2359    25.6159   12.81531 3.6382e-02 0.0000e+00
        687 108.711325    0.04764     2.8583    171.500    120.332  52065.538    32.4353     5.2451    119.172    7.15377     5.2355    25.6161   12.81537 3.6382e-02 0.0000e+00
        688 108.711328    0.04771     2.8625    171.750    120.536  52065.960    32.4355     5.2449    119.374    7.15381     5.2349    25.6162   12.81542 3.6382e-02 0.0000e+00
        689 108.711331    0.04778     2.8667    172.000    120.759  52066.298    32.4355     5.2446    119.595    7.15386     5.2341    25.6163   12.81552 3.6382e-02 0.0000e+00
        690 108.711334    0.04785     2.8708    172.250    121.001  52066.824    32.4356     5.2440    119.835    7.15395     5.2332    25.6165   12.81566 3.6382e-02 0.0000e+00
        691 108.711337    0.04792     2.8750    172.500    121.258  52067.890    32.4361     5.2433    120.089    7.15406     5.2322    25.6169   12.81583 3.6382e-02 0.0000e+00
        692 108.711340    0.04799     2.8792    172.750    121.524  52069.459    32.4368     5.2423    120.352    7.15419     5.2313    25.6176   12.81604 3.6382e-02 0.0000e+00
        693 108.711343    0.04806     2.8833    173.000    121.792  52071.124    32.4376     5.2413    120.617    7.15432     5.2306    25.6183   12.81624 3.6382e-02 0.0000e+00
        694 108.711345    0.04813     2.8875    173.250    122.057  52072.531    32.4382     5.2405    120.880    7.15443     5.2300    25.6189   12.81642 3.6382e-02 0.0000e+00
        695 108.711348    0.04819     2.8917    173.500    122.314  52073.651    32.4387     5.2398    121.134    7.15452     5.2296    25.6194   12.81656 3.6382e-02 0.0000e+00
        696 108.711351    0.04826     2.8958    173.750    122.558  52074.617    32.4392     5.2393    121.376    7.15459     5.2293    25.6198   12.81667 3.6382e-02 0.0000e+00
        697 108.711354    0.04833     2.9000    174.000    122.787  52075.435    32.4395     5.2389    121.603    7.15464     5.2290    25.6201   12.81675 3.6382e-02 0.0000e+00
        698 108.711357    0.04840     2.9042    174.250    123.000  52076.053    32.4398     5.2385    121.814    7.15468     5.2287    25.6204   12.81681 3.6382e-02 0.0000e+00
        699 108.711360    0.04847     2.9083    174.500    123.202  52076.563    32.4400     5.2383    122.013    7.15472     5.2285    25.6206   12.81687 3.6382e-02 0.0000e+00
        700 108.711363    0.04854     2.9125    174.750    123.397  52077.056    32.4402     5.2380    122.207    7.15475     5.2283    25.6208   12.81693 3.6382e-02 0.0000e+00
        701 108.711366    0.04861     2.9167    175.000    123.594  52077.584    32.4404     5.2378    122.402    7.15479     5.2281    25.6210   12.81698 3.6382e-02 0.0000e+00
        702 108.711369    0.04868     2.9208    175.250    123.800  52078.149    32.4407     5.2376    122.606    7.15481     5.2279    25.6212   12.81702 3.6382e-02 0.0000e+00
        703 108.711372    0.04875     2.9250    175.500    124.019  52078.654    32.4409     5.2374    122.823    7.15483     5.2278    25.6214   12.81705 3.6382e-02 0.0000e+00
        704 108.711374    0.04882     2.9292    175.750    124.255  52079.052    32.4410     5.2373    123.056    7.15485     5.2278    25.6215   12.81707 3.6382e-02 0.0000e+00
        705 108.711377    0.04889     2.9333    176.000    124.508  52079.434    32.4411     5.2372    123.306    7.15485     5.2278    25.6216   12.81708 3.6382e-02 0.0000e+00
        706 108.711380    0.04896     2.9375    176.250    124.776  52079.832    32.4413     5.2372    123.572    7.15485     5.2280    25.6217   12.81707 3.6382e-02 0.0000e+00
        707 108.711383    0.04903     2.9417    176.500    125.053  52080.035    32.4413     5.2373    123.847    7.15483     5.2281    25.6217   12.81705 3.6382e-02 0.0000e+00
        708 108.711386    0.04910     2.9458    176.750    125.333  52079.903    32.4411     5.2374    124.124    7.15482     5.2280    25.6215   12.81702 3.6382e-02 0.0000e+00
        709 108.711389    0.04917     2.9500    177.000    125.605  52079.688    32.4408     5.2375    124.393    7.15481     5.2279    25.6213   12.81701 3.6382e-02 0.0000e+00
        710 108.711392    0.04924     2.9542    177.250    125.863  52079.639    32.4407     5.2375    124.649    7.15482     5.2277    25.6212   12.81703 3.6382e-02 0.0000e+00
        711 108.711395    0.04931     2.9583    177.500    126.104  52079.871    32.4407     5.2373    124.888    7.15484     5.2274    25.6212   12.81707 3.6382e-02 0.0000e+00
        712 108.711398    0.04938     2.9625    177.750    126.328  52080.356    32.4408     5.2371    125.110    7.15487     5.2270    25.6214   12.81712 3.6382e-02 0.0000e+00
        713 108.711400    0.04944     2.9667    178.000    126.539  52080.884    32.4410     5.2369    125.319    7.15491     5.2266    25.6216   12.81717 3.6382e-02 0.0000e+00
        714 108.711403    0.04951     2.9708    178.250    126.744  52081.441    32.4412     5.2366    125.521    7.15495     5.2262    25.6218   12.81724 3.6382e-02 0.0000e+00
        715 108.711406    0.04958     2.9750    178.500    126.948  52082.094    32.4415     5.2362    125.723    7.15500     5.2257    25.6221   12.81732 3.6382e-02 0.0000e+00
        716 108.711409    0.04965     2.9792    178.750    127.160  52082.855    32.4418     5.2358    125.933    7.15506     5.2253    25.6224   12.81741 3.6382e-02 0.0000e+00
        717 108.711412    0.04972     2.9833    179.000    127.385  52083.810    32.4423     5.2354    126.156    7.15511     5.2248    25.6228   12.81749 3.6382e-02 0.0000e+00
        718 108.711415    0.04979     2.9875    179.250    127.627  52084.909    32.4428     5.2349    126.395    7.15516     5.2245    25.6232   12.81757 3.6382e-02 0.0000e+00
        719 108.711418    0.04986     2.9917    179.500    127.884  52085.929    32.4433     5.2345    126.650    7.15521     5.2242    25.6237   12.81764 3.6382e-02 0.0000e+00
        720 108.711421    0.04993     2.9958    179.750    128.153  52086.774    32.4437     5.2341    126.916    7.15525     5.2239    25.6240   12.81770 3.6382e-02 0.0000e+00
        721 108.711424    0.05000     3.0000    180.000    128.427  52087.506    32.4440     5.2338    127.187    7.15528     5.2236    25.6243   12.81776 3.6382e-02 0.0000e+00
        722 108.711427    0.05007     3.0042    180.250    128.698  52088.196    32.4443     5.2336    127.456    7.15532     5.2233    25.6246   12.81781 3.6382e-02 0.0000e+00
        723 108.711429    0.05014     3.0083    180.500    128.962  52088.893    32.4446     5.2333    127.716    7.15535     5.2230    25.6248   12.81786 3.6382e-02 0.0000e+00
