CTD-processing/allCTD/CNV--turbid/2017_08-24_alongbay_skb06_cast008.cnv
* Sea-Bird SBE19plus Data File:
* FileName = C:\Users\Kim.Powell\Desktop\Not Processed\2017\2017_08\2017_08-24_TRANSECT_STATION_cast008.hex
* Software Version 1.59
* Temperature SN =  4141
* Conductivity SN =  4141
* System UpLoad Time = Sep 22 2017 08:26:52
** 2017_08-24
** Station: KB06
** Start Time: 15:35
** Depth (m): 102
** Comment: Edgecumbe
** Comment:
# nquan = 16
# nvalues = 681                         
# units = specified
# name 0 = scan: Scan Count
# name 1 = timeJ: Julian Days
# name 2 = timeH: Time, Elapsed [hours]
# name 3 = timeM: Time, Elapsed [minutes]
# name 4 = timeS: Time, Elapsed [seconds]
# name 5 = prdM: Pressure, Strain Gauge [db]
# name 6 = specc: Specific Conductance [uS/cm]
# name 7 = sal00: Salinity, Practical [PSU]
# name 8 = tv290C: Temperature [ITS-90, deg C]
# name 9 = depSM: Depth [salt water, m], lat = 59.00
# name 10 = oxsolML/L: Oxygen Saturation, Garcia & Gordon [ml/l]
# name 11 = potemp090C: Potential Temperature [ITS-90, deg C]
# name 12 = sigma-é00: Density [sigma-theta, kg/m^3]
# name 13 = n2satML/L: Nitrogen Saturation [ml/l]
# name 14 = par: PAR/Irradiance, Biospherical/Licor
# name 15 = flag:  0.000e+00
# span 0 =          1,        681       
# span 1 = 236.649502, 236.651470       
# span 2 =    0.00000,    0.04722       
# span 3 =     0.0000,     2.8333       
# span 4 =      0.000,    170.000       
# span 5 =      0.053,    102.027       
# span 6 =  37801.046,  49702.881       
# span 7 =    23.5526,    31.5214       
# span 8 =     9.3619,    11.4118       
# span 9 =      0.052,    101.049       
# span 10 =    6.35241,    6.61525      
# span 11 =     9.3516,    11.4118      
# span 12 =    17.8432,    24.3409      
# span 13 =   11.52748,   12.03571      
# span 14 = 4.8546e-02, 1.5310e+02      
# span 15 = 0.0000e+00, 0.0000e+00      
# interval = seconds: 0.25
# start_time = Aug 24 2017 15:35:17 [Instrument's time stamp, header]
# bad_flag = -9.990e-29
*END*
[from data line 633]
        634 236.651334    0.04396     2.6375    158.250     92.469  49669.553    31.5064     9.4057     91.584    6.54269     9.3893    24.3223   11.81673 4.9038e-02 0.0000e+00
        635 236.651337    0.04403     2.6417    158.500     92.709  49671.060    31.5070     9.4025     91.822    6.54312     9.3853    24.3232   11.81744 4.9034e-02 0.0000e+00
        636 236.651340    0.04410     2.6458    158.750     92.939  49671.762    31.5069     9.3992     92.050    6.54361     9.3806    24.3237   11.81825 4.9029e-02 0.0000e+00
        637 236.651343    0.04417     2.6500    159.000     93.160  49672.685    31.5069     9.3952     92.269    6.54419     9.3755    24.3243   11.81920 4.8977e-02 0.0000e+00
        638 236.651345    0.04424     2.6542    159.250     93.377  49674.804    31.5077     9.3905     92.484    6.54483     9.3707    24.3256   11.82025 4.8926e-02 0.0000e+00
        639 236.651348    0.04431     2.6583    159.500     93.596  49678.562    31.5096     9.3854     92.700    6.54549     9.3666    24.3279   11.82132 4.8920e-02 0.0000e+00
        640 236.651351    0.04437     2.6625    159.750     93.818  49683.276    31.5121     9.3806     92.920    6.54609     9.3634    24.3307   11.82227 4.8953e-02 0.0000e+00
        641 236.651354    0.04444     2.6667    160.000     94.043  49687.504    31.5145     9.3765     93.143    6.54658     9.3610    24.3331   11.82306 4.9013e-02 0.0000e+00
        642 236.651357    0.04451     2.6708    160.250     94.269  49690.639    31.5161     9.3734     93.367    6.54696     9.3593    24.3349   11.82367 4.9058e-02 0.0000e+00
        643 236.651360    0.04458     2.6750    160.500     94.496  49692.734    31.5172     9.3710     93.591    6.54725     9.3579    24.3361   11.82415 4.9076e-02 0.0000e+00
        644 236.651363    0.04465     2.6792    160.750     94.722  49694.148    31.5178     9.3693     93.815    6.54747     9.3568    24.3369   11.82451 4.9079e-02 0.0000e+00
        645 236.651366    0.04472     2.6833    161.000     94.949  49695.343    31.5184     9.3679     94.039    6.54765     9.3558    24.3376   11.82479 4.9048e-02 0.0000e+00
        646 236.651369    0.04479     2.6875    161.250     95.176  49696.365    31.5189     9.3668     94.264    6.54779     9.3550    24.3381   11.82501 4.9013e-02 0.0000e+00
        647 236.651372    0.04486     2.6917    161.500     95.407  49697.224    31.5192     9.3659     94.493    6.54790     9.3543    24.3385   11.82520 4.8996e-02 0.0000e+00
        648 236.651374    0.04493     2.6958    161.750     95.641  49698.000    31.5196     9.3651     94.725    6.54800     9.3537    24.3389   11.82536 4.8992e-02 0.0000e+00
        649 236.651377    0.04500     2.7000    162.000     95.877  49698.653    31.5198     9.3644     94.959    6.54809     9.3532    24.3393   11.82551 4.8999e-02 0.0000e+00
        650 236.651380    0.04507     2.7042    162.250     96.113  49699.173    31.5200     9.3639     95.192    6.54817     9.3528    24.3395   11.82563 4.8991e-02 0.0000e+00
        651 236.651383    0.04514     2.7083    162.500     96.347  49699.587    31.5201     9.3634     95.423    6.54823     9.3524    24.3397   11.82574 4.8971e-02 0.0000e+00
        652 236.651386    0.04521     2.7125    162.750     96.580  49700.002    31.5203     9.3629     95.654    6.54829     9.3521    24.3398   11.82582 4.8978e-02 0.0000e+00
        653 236.651389    0.04528     2.7167    163.000     96.815  49700.579    31.5206     9.3626     95.887    6.54833     9.3518    24.3401   11.82589 4.9042e-02 0.0000e+00
        654 236.651392    0.04535     2.7208    163.250     97.055  49701.260    31.5209     9.3623     96.124    6.54835     9.3517    24.3404   11.82593 4.9143e-02 0.0000e+00
        655 236.651395    0.04542     2.7250    163.500     97.298  49701.821    31.5211     9.3621     96.365    6.54837     9.3516    24.3407   11.82596 4.9199e-02 0.0000e+00
        656 236.651398    0.04549     2.7292    163.750     97.544  49702.152    31.5212     9.3620     96.609    6.54839     9.3516    24.3408   11.82598 4.9184e-02 0.0000e+00
        657 236.651400    0.04556     2.7333    164.000     97.792  49702.337    31.5212     9.3619     96.854    6.54840     9.3517    24.3408   11.82599 4.9143e-02 0.0000e+00
        658 236.651403    0.04562     2.7375    164.250     98.039  49702.538    31.5213     9.3619     97.100    6.54839     9.3519    24.3408   11.82599 4.9120e-02 0.0000e+00
        659 236.651406    0.04569     2.7417    164.500     98.284  49702.763    31.5214     9.3621     97.342    6.54837     9.3521    24.3409   11.82595 4.9095e-02 0.0000e+00
        660 236.651409    0.04576     2.7458    164.750     98.527  49702.881    31.5214     9.3623     97.583    6.54834     9.3523    24.3409   11.82590 4.9044e-02 0.0000e+00
        661 236.651412    0.04583     2.7500    165.000     98.768  49702.817    31.5213     9.3625     97.822    6.54831     9.3526    24.3407   11.82585 4.9016e-02 0.0000e+00
        662 236.651415    0.04590     2.7542    165.250     99.010  49702.595    31.5210     9.3628     98.061    6.54827     9.3529    24.3405   11.82580 4.9068e-02 0.0000e+00
        663 236.651418    0.04597     2.7583    165.500     99.252  49702.347    31.5208     9.3631     98.300    6.54824     9.3532    24.3403   11.82574 4.9197e-02 0.0000e+00
        664 236.651421    0.04604     2.7625    165.750     99.494  49702.123    31.5206     9.3634     98.540    6.54821     9.3535    24.3400   11.82569 4.9328e-02 0.0000e+00
        665 236.651424    0.04611     2.7667    166.000     99.733  49701.787    31.5203     9.3638     98.777    6.54817     9.3537    24.3398   11.82564 4.9390e-02 0.0000e+00
        666 236.651427    0.04618     2.7708    166.250     99.966  49701.476    31.5200     9.3641     99.008    6.54814     9.3540    24.3395   11.82559 4.9411e-02 0.0000e+00
        667 236.651429    0.04625     2.7750    166.500    100.191  49701.370    31.5199     9.3643     99.230    6.54810     9.3542    24.3394   11.82553 4.9420e-02 0.0000e+00
        668 236.651432    0.04632     2.7792    166.750    100.401  49701.358    31.5198     9.3646     99.438    6.54807     9.3544    24.3393   11.82547 4.9392e-02 0.0000e+00
        669 236.651435    0.04639     2.7833    167.000    100.591  49701.430    31.5198     9.3648     99.626    6.54803     9.3546    24.3393   11.82541 4.9328e-02 0.0000e+00
        670 236.651438    0.04646     2.7875    167.250    100.760  49701.651    31.5199     9.3650     99.793    6.54800     9.3548    24.3393   11.82535 4.9255e-02 0.0000e+00
        671 236.651441    0.04653     2.7917    167.500    100.910  49701.835    31.5200     9.3653     99.942    6.54797     9.3550    24.3394   11.82529 4.9189e-02 0.0000e+00
        672 236.651444    0.04660     2.7958    167.750    101.050  49701.799    31.5200     9.3655    100.081    6.54794     9.3553    24.3393   11.82524 4.9151e-02 0.0000e+00
        673 236.651447    0.04667     2.8000    168.000    101.187  49701.650    31.5198     9.3657    100.217    6.54790     9.3557    24.3391   11.82519 4.9152e-02 0.0000e+00
        674 236.651450    0.04674     2.8042    168.250    101.327  49701.485    31.5197     9.3660    100.355    6.54786     9.3560    24.3390   11.82513 4.9203e-02 0.0000e+00
        675 236.651453    0.04681     2.8083    168.500    101.470  49701.294    31.5195     9.3664    100.497    6.54782     9.3562    24.3388   11.82506 4.9337e-02 0.0000e+00
        676 236.651455    0.04688     2.8125    168.750    101.613  49701.135    31.5194     9.3667    100.638    6.54778     9.3564    24.3387   11.82500 4.9583e-02 0.0000e+00
        677 236.651458    0.04694     2.8167    169.000    101.749  49701.152    31.5194     9.3670    100.774    6.54774     9.3566    24.3387   11.82493 4.9994e-02 0.0000e+00
        678 236.651461    0.04701     2.8208    169.250    101.869  49701.315    31.5195     9.3672    100.892    6.54771     9.3567    24.3387   11.82488 5.0324e-02 0.0000e+00
        679 236.651464    0.04708     2.8250    169.500    101.958  49701.335    31.5195     9.3673    100.981    6.54769     9.3567    24.3387   11.82484 5.0222e-02 0.0000e+00
        680 236.651467    0.04715     2.8292    169.750    102.010  49701.165    31.5194     9.3675    101.032    6.54767 -9.990e-29    24.3386   11.82482 4.9932e-02 0.0000e+00
        681 236.651470    0.04722     2.8333    170.000    102.027  49701.063    31.5193     9.3675    101.049    6.54767 -9.990e-29    24.3385   11.82481 4.9817e-02 0.0000e+00
