CTD-processing/allCTD/CNV--turbid/2017_01-11_t9_s08_cast013.cnv
* Sea-Bird SBE19plus Data File:
* FileName = P:\My Documents\kasitsna\Research-KBL\Oceanography-AK\CTD-Data-ALL-to-2016-05\2017-CTD-KachemakBay-CookInlet\2017-01-11-CookInlet-Tran9-HomerSpit\2017-01-11-CookInlet-Tran9-cast013.hex
* Software Version 1.59
* Temperature SN =  4141
* Conductivity SN =  4141
* System UpLoad Time = Jan 17 2017 14:52:18
** Cook Inlet LTM Transect 9 Homer Spit
** Date: (YYYY-MM-DD): 2017-01-11
** Station: (eg. 9-01): 9-08
** Start time (AKST): 13:10
** Depth (m): 97.5
** Comment: R/V Edgecumbe.
** Comment:
# nquan = 16
# nvalues = 725                         
# units = specified
# name 0 = scan: Scan Count
# name 1 = timeJ: Julian Days
# name 2 = timeH: Time, Elapsed [hours]
# name 3 = timeM: Time, Elapsed [minutes]
# name 4 = timeS: Time, Elapsed [seconds]
# name 5 = prdM: Pressure, Strain Gauge [db]
# name 6 = specc: Specific Conductance [uS/cm]
# name 7 = sal00: Salinity, Practical [PSU]
# name 8 = tv290C: Temperature [ITS-90, deg C]
# name 9 = depSM: Depth [salt water, m], lat = 59.00
# name 10 = oxsolML/L: Oxygen Saturation, Garcia & Gordon [ml/l]
# name 11 = potemp090C: Potential Temperature [ITS-90, deg C]
# name 12 = sigma-é00: Density [sigma-theta, kg/m^3]
# name 13 = n2satML/L: Nitrogen Saturation [ml/l]
# name 14 = par: PAR/Irradiance, Biospherical/Licor
# name 15 = flag:  0.000e+00
# span 0 =          1,        725       
# span 1 =  11.548762,  11.550856       
# span 2 =    0.00000,    0.05028       
# span 3 =     0.0000,     3.0167       
# span 4 =      0.000,    181.000       
# span 5 =      0.001,     77.356       
# span 6 =   1278.580,  50573.407       
# span 7 =     0.6220,    31.3311       
# span 8 =     3.7289,     4.8834       
# span 9 =      0.001,     76.618       
# span 10 =    7.26993,    9.19958      
# span 11 =     3.7302,     4.8801      
# span 12 =     0.4754,    24.7986      
# span 13 =   13.02149,   16.68713      
# span 14 = 3.6382e-02, 7.0091e+01      
# span 15 = 0.0000e+00, 0.0000e+00      
# interval = seconds: 0.25
# start_time = Jan 11 2017 13:10:13 [Instrument's time stamp, header]
# bad_flag = -9.990e-29
*END*
[from data line 272]
        273  11.549549    0.01889     1.1333     68.000      0.712  50476.061    31.3131     4.8405      0.705    7.27775     4.8408    24.7703   13.03450 3.9191e+01 0.0000e+00
        274  11.549552    0.01896     1.1375     68.250      0.713  50476.347    31.3134     4.8407      0.706    7.27771     4.8408    24.7705   13.03443 3.9794e+01 0.0000e+00
        275  11.549554    0.01903     1.1417     68.500      0.709  50476.240    31.3133     4.8408      0.702    7.27770     4.8408    24.7705   13.03441 4.0347e+01 0.0000e+00
        276  11.549557    0.01910     1.1458     68.750      0.701  50475.886    31.3130     4.8408      0.694    7.27770     4.8410    24.7703   13.03442 4.1186e+01 0.0000e+00
        277  11.549560    0.01917     1.1500     69.000      0.691  50475.537    31.3128     4.8409      0.685    7.27771     4.8412    24.7701   13.03443 4.2357e+01 0.0000e+00
        278  11.549563    0.01924     1.1542     69.250      0.685  50475.355    31.3127     4.8410      0.678    7.27769     4.8415    24.7700   13.03440 4.3148e+01 0.0000e+00
        279  11.549566    0.01931     1.1583     69.500      0.686  50475.382    31.3128     4.8412      0.679    7.27764     4.8417    24.7700   13.03431 4.2357e+01 0.0000e+00
        280  11.549569    0.01938     1.1625     69.750      0.698  50475.521    31.3129     4.8415      0.691    7.27758     4.8418    24.7701   13.03421 4.0359e+01 0.0000e+00
        281  11.549572    0.01944     1.1667     70.000      0.721  50475.375    31.3129     4.8418      0.714    7.27754     4.8417    24.7701   13.03415 3.8388e+01 0.0000e+00
        282  11.549575    0.01951     1.1708     70.250      0.751  50474.513    31.3123     4.8419      0.744    7.27755     4.8415    24.7696   13.03417 3.6809e+01 0.0000e+00
        283  11.549578    0.01958     1.1750     70.500      0.780  50472.897    31.3112     4.8418      0.773    7.27762     4.8411    24.7687   13.03431 3.5923e+01 0.0000e+00
        284  11.549580    0.01965     1.1792     70.750      0.796  50470.565    31.3095     4.8415      0.789    7.27775     4.8408    24.7674   13.03455 3.6125e+01 0.0000e+00
        285  11.549583    0.01972     1.1833     71.000      0.798  50468.631    31.3081     4.8411      0.791    7.27789     4.8406    24.7663   13.03479 3.6828e+01 0.0000e+00
        286  11.549586    0.01979     1.1875     71.250      0.793  50468.248    31.3077     4.8408      0.786    7.27796     4.8407    24.7661   13.03491 3.7093e+01 0.0000e+00
        287  11.549589    0.01986     1.1917     71.500      0.790  50468.613    31.3080     4.8407      0.782    7.27797     4.8408    24.7663   13.03493 3.6941e+01 0.0000e+00
        288  11.549592    0.01993     1.1958     71.750      0.795  50469.567    31.3086     4.8407      0.788    7.27793     4.8410    24.7668   13.03486 3.6822e+01 0.0000e+00
        289  11.549595    0.02000     1.2000     72.000      0.812  50471.448    31.3100     4.8409      0.805    7.27783     4.8412    24.7678   13.03468 3.6824e+01 0.0000e+00
        290  11.549598    0.02007     1.2042     72.250      0.835  50473.211    31.3112     4.8411      0.828    7.27774     4.8414    24.7688   13.03450 3.6712e+01 0.0000e+00
        291  11.549601    0.02014     1.2083     72.500      0.856  50474.029    31.3118     4.8413      0.848    7.27767     4.8416    24.7693   13.03439 3.6223e+01 0.0000e+00
        292  11.549604    0.02021     1.2125     72.750      0.867  50474.269    31.3120     4.8415      0.859    7.27763     4.8417    24.7694   13.03432 3.5444e+01 0.0000e+00
        293  11.549606    0.02028     1.2167     73.000      0.868  50474.380    31.3121     4.8416      0.860    7.27760     4.8417    24.7694   13.03427 3.4898e+01 0.0000e+00
        294  11.549609    0.02035     1.2208     73.250      0.861  50474.602    31.3123     4.8417      0.853    7.27758     4.8417    24.7696   13.03423 3.4908e+01 0.0000e+00
        295  11.549612    0.02042     1.2250     73.500      0.852  50475.296    31.3127     4.8418      0.844    7.27755     4.8416    24.7700   13.03418 3.5113e+01 0.0000e+00
        296  11.549615    0.02049     1.2292     73.750      0.848  50476.134    31.3133     4.8417      0.840    7.27753     4.8416    24.7704   13.03414 3.5141e+01 0.0000e+00
        297  11.549618    0.02056     1.2333     74.000      0.849  50476.546    31.3136     4.8417      0.841    7.27753     4.8416    24.7706   13.03412 3.5048e+01 0.0000e+00
        298  11.549621    0.02063     1.2375     74.250      0.855  50476.579    31.3136     4.8417      0.847    7.27753     4.8417    24.7706   13.03412 3.4893e+01 0.0000e+00
        299  11.549624    0.02069     1.2417     74.500      0.861  50476.530    31.3136     4.8417      0.853    7.27752     4.8419    24.7706   13.03411 3.4609e+01 0.0000e+00
        300  11.549627    0.02076     1.2458     74.750      0.864  50476.691    31.3137     4.8418      0.856    7.27750     4.8420    24.7707   13.03407 3.4322e+01 0.0000e+00
        301  11.549630    0.02083     1.2500     75.000      0.864  50477.146    31.3141     4.8419      0.856    7.27746     4.8422    24.7710   13.03400 3.4402e+01 0.0000e+00
        302  11.549633    0.02090     1.2542     75.250      0.862  50477.514    31.3144     4.8421      0.854    7.27742     4.8423    24.7712   13.03393 3.4905e+01 0.0000e+00
        303  11.549635    0.02097     1.2583     75.500      0.858  50477.563    31.3144     4.8422      0.850    7.27739     4.8423    24.7712   13.03388 3.5528e+01 0.0000e+00
        304  11.549638    0.02104     1.2625     75.750      0.850  50477.414    31.3144     4.8423      0.842    7.27737     4.8423    24.7712   13.03386 3.5986e+01 0.0000e+00
        305  11.549641    0.02111     1.2667     76.000      0.841  50477.048    31.3141     4.8424      0.833    7.27737     4.8423    24.7710   13.03387 3.6022e+01 0.0000e+00
        306  11.549644    0.02118     1.2708     76.250      0.833  50476.395    31.3137     4.8423      0.824    7.27740     4.8423    24.7706   13.03391 3.5658e+01 0.0000e+00
        307  11.549647    0.02125     1.2750     76.500      0.831  50475.660    31.3132     4.8423      0.822    7.27743     4.8422    24.7702   13.03397 3.5270e+01 0.0000e+00
        308  11.549650    0.02132     1.2792     76.750      0.838  50475.548    31.3131     4.8423      0.829    7.27744     4.8422    24.7701   13.03399 3.5054e+01 0.0000e+00
        309  11.549653    0.02139     1.2833     77.000      0.851  50476.079    31.3134     4.8423      0.842    7.27743     4.8420    24.7704   13.03396 3.4992e+01 0.0000e+00
        310  11.549656    0.02146     1.2875     77.250      0.862  50476.587    31.3137     4.8422      0.854    7.27743     4.8418    24.7707   13.03395 3.5110e+01 0.0000e+00
        311  11.549659    0.02153     1.2917     77.500      0.866  50477.032    31.3140     4.8421      0.858    7.27744     4.8416    24.7709   13.03396 3.5393e+01 0.0000e+00
        312  11.549661    0.02160     1.2958     77.750      0.861  50477.516    31.3143     4.8419      0.853    7.27746     4.8415    24.7712   13.03399 3.5682e+01 0.0000e+00
        313  11.549664    0.02167     1.3000     78.000      0.851  50477.982    31.3146     4.8417      0.843    7.27748     4.8414    24.7714   13.03402 3.5763e+01 0.0000e+00
        314  11.549667    0.02174     1.3042     78.250      0.840  50478.250    31.3148     4.8416      0.832    7.27749     4.8412    24.7716   13.03404 3.5712e+01 0.0000e+00
        315  11.549670    0.02181     1.3083     78.500      0.834  50478.105    31.3146     4.8414      0.826    7.27752     4.8408    24.7715   13.03409 3.5508e+01 0.0000e+00
        316  11.549673    0.02187     1.3125     78.750      0.836  50477.826    31.3144     4.8412      0.828    7.27757     4.8404    24.7713   13.03417 3.5221e+01 0.0000e+00
        317  11.549676    0.02194     1.3167     79.000      0.844  50478.090    31.3145     4.8409      0.836    7.27762     4.8400    24.7714   13.03426 3.5269e+01 0.0000e+00
        318  11.549679    0.02201     1.3208     79.250      0.852  50478.954    31.3150     4.8404      0.844    7.27768     4.8397    24.7719   13.03434 3.5828e+01 0.0000e+00
        319  11.549682    0.02208     1.3250     79.500      0.854  50479.874    31.3155     4.8401      0.846    7.27772     4.8396    24.7723   13.03440 3.6783e+01 0.0000e+00
        320  11.549685    0.02215     1.3292     79.750      0.850  50480.560    31.3160     4.8398      0.842    7.27774     4.8396    24.7727   13.03444 3.7622e+01 0.0000e+00
        321  11.549687    0.02222     1.3333     80.000      0.844  50480.957    31.3162     4.8397      0.836    7.27775     4.8395    24.7729   13.03445 3.7938e+01 0.0000e+00
        322  11.549690    0.02229     1.3375     80.250      0.843  50481.057    31.3163     4.8396      0.835    7.27775     4.8395    24.7729   13.03446 3.7853e+01 0.0000e+00
        323  11.549693    0.02236     1.3417     80.500      0.851  50480.801    31.3161     4.8396      0.843    7.27777     4.8394    24.7728   13.03449 3.7615e+01 0.0000e+00
        324  11.549696    0.02243     1.3458     80.750      0.867  50480.032    31.3155     4.8396      0.859    7.27780     4.8392    24.7724   13.03455 3.7292e+01 0.0000e+00
        325  11.549699    0.02250     1.3500     81.000      0.887  50478.739    31.3146     4.8395      0.879    7.27786     4.8389    24.7717   13.03466 3.6832e+01 0.0000e+00
        326  11.549702    0.02257     1.3542     81.250      0.905  50477.189    31.3135     4.8393      0.897    7.27795     4.8386    24.7708   13.03482 3.6406e+01 0.0000e+00
        327  11.549705    0.02264     1.3583     81.500      0.919  50475.846    31.3125     4.8390      0.910    7.27805     4.8384    24.7700   13.03500 3.6150e+01 0.0000e+00
        328  11.549708    0.02271     1.3625     81.750      0.929  50475.241    31.3120     4.8387      0.921    7.27812     4.8383    24.7697   13.03512 3.6016e+01 0.0000e+00
        329  11.549711    0.02278     1.3667     82.000      0.944  50475.589    31.3122     4.8385      0.936    7.27814     4.8383    24.7698   13.03516 3.5846e+01 0.0000e+00
        330  11.549714    0.02285     1.3708     82.250      0.974  50476.906    31.3131     4.8384      0.965    7.27812     4.8383    24.7705   13.03511 3.5370e+01 0.0000e+00
        331  11.549716    0.02292     1.3750     82.500      1.027  50478.757    31.3143     4.8384      1.017    7.27807     4.8383    24.7715   13.03501 3.4398e+01 0.0000e+00
        332  11.549719    0.02299     1.3792     82.750      1.112  50480.172    31.3152     4.8384      1.101    7.27803     4.8382    24.7723   13.03493 3.2862e+01 0.0000e+00
        333  11.549722    0.02306     1.3833     83.000      1.233  50480.756    31.3156     4.8384      1.221    7.27801     4.8379    24.7725   13.03490 3.0889e+01 0.0000e+00
        334  11.549725    0.02313     1.3875     83.250      1.384  50480.851    31.3155     4.8383      1.371    7.27803     4.8376    24.7725   13.03492 2.8758e+01 0.0000e+00
        335  11.549728    0.02319     1.3917     83.500      1.549  50480.926    31.3155     4.8380      1.535    7.27807     4.8372    24.7725   13.03500 2.6677e+01 0.0000e+00
        336  11.549731    0.02326     1.3958     83.750      1.722  50481.449    31.3157     4.8377      1.706    7.27812     4.8369    24.7727   13.03508 2.4684e+01 0.0000e+00
        337  11.549734    0.02333     1.4000     84.000      1.904  50482.578    31.3163     4.8373      1.887    7.27816     4.8369    24.7732   13.03513 2.2810e+01 0.0000e+00
        338  11.549737    0.02340     1.4042     84.250      2.098  50484.014    31.3171     4.8371      2.078    7.27815     4.8372    24.7739   13.03511 2.1178e+01 0.0000e+00
        339  11.549740    0.02347     1.4083     84.500      2.300  50485.368    31.3179     4.8371      2.279    7.27811     4.8376    24.7746   13.03504 1.9833e+01 0.0000e+00
        340  11.549742    0.02354     1.4125     84.750      2.508  50486.218    31.3185     4.8374      2.484    7.27805     4.8380    24.7750   13.03492 1.8714e+01 0.0000e+00
        341  11.549745    0.02361     1.4167     85.000      2.714  50486.499    31.3187     4.8378      2.688    7.27797     4.8386    24.7751   13.03478 1.7740e+01 0.0000e+00
        342  11.549748    0.02368     1.4208     85.250      2.915  50486.856    31.3189     4.8383      2.887    7.27787     4.8393    24.7752   13.03461 1.6859e+01 0.0000e+00
        343  11.549751    0.02375     1.4250     85.500      3.110  50487.609    31.3195     4.8388      3.081    7.27774     4.8402    24.7756   13.03440 1.6054e+01 0.0000e+00
        344  11.549754    0.02382     1.4292     85.750      3.301  50488.127    31.3199     4.8395      3.270    7.27759     4.8412    24.7758   13.03415 1.5323e+01 0.0000e+00
        345  11.549757    0.02389     1.4333     86.000      3.491  50487.909    31.3198     4.8404      3.458    7.27743     4.8420    24.7757   13.03389 1.4660e+01 0.0000e+00
        346  11.549760    0.02396     1.4375     86.250      3.682  50487.233    31.3195     4.8414      3.647    7.27728     4.8426    24.7753   13.03364 1.4062e+01 0.0000e+00
        347  11.549763    0.02403     1.4417     86.500      3.877  50486.557    31.3191     4.8423      3.841    7.27715     4.8432    24.7749   13.03343 1.3517e+01 0.0000e+00
        348  11.549766    0.02410     1.4458     86.750      4.075  50486.227    31.3189     4.8430      4.037    7.27704     4.8437    24.7747   13.03326 1.3012e+01 0.0000e+00
        349  11.549769    0.02417     1.4500     87.000      4.275  50486.336    31.3190     4.8435      4.235    7.27695     4.8443    24.7748   13.03309 1.2547e+01 0.0000e+00
        350  11.549771    0.02424     1.4542     87.250      4.476  50486.579    31.3192     4.8440      4.434    7.27684     4.8449    24.7749   13.03292 1.2120e+01 0.0000e+00
        351  11.549774    0.02431     1.4583     87.500      4.676  50486.579    31.3192     4.8446      4.632    7.27673     4.8456    24.7748   13.03274 1.1728e+01 0.0000e+00
        352  11.549777    0.02438     1.4625     87.750      4.873  50486.366    31.3191     4.8453      4.828    7.27662     4.8462    24.7747   13.03255 1.1364e+01 0.0000e+00
        353  11.549780    0.02444     1.4667     88.000      5.066  50486.191    31.3191     4.8459      5.019    7.27651     4.8468    24.7746   13.03237 1.1020e+01 0.0000e+00
        354  11.549783    0.02451     1.4708     88.250      5.254  50485.935    31.3189     4.8466      5.205    7.27640     4.8473    24.7744   13.03219 1.0693e+01 0.0000e+00
        355  11.549786    0.02458     1.4750     88.500      5.438  50485.405    31.3186     4.8472      5.387    7.27631     4.8477    24.7741   13.03205 1.0380e+01 0.0000e+00
        356  11.549789    0.02465     1.4792     88.750      5.619  50484.709    31.3182     4.8477      5.567    7.27624     4.8479    24.7737   13.03195 1.0078e+01 0.0000e+00
        357  11.549792    0.02472     1.4833     89.000      5.803  50484.051    31.3177     4.8481      5.749    7.27620     4.8479    24.7733   13.03189 9.7824e+00 0.0000e+00
        358  11.549795    0.02479     1.4875     89.250      5.990  50483.502    31.3173     4.8483      5.934    7.27619     4.8479    24.7729   13.03186 9.4920e+00 0.0000e+00
        359  11.549797    0.02486     1.4917     89.500      6.182  50483.052    31.3169     4.8484      6.124    7.27619     4.8477    24.7726   13.03188 9.2054e+00 0.0000e+00
        360  11.549800    0.02493     1.4958     89.750      6.379  50482.796    31.3166     4.8483      6.319    7.27621     4.8475    24.7724   13.03191 8.9219e+00 0.0000e+00
        361  11.549803    0.02500     1.5000     90.000      6.582  50482.839    31.3165     4.8482      6.520    7.27624     4.8473    24.7723   13.03196 8.6456e+00 0.0000e+00
