CTD-processing/allCTD/CNV--turbid/2017_07-26_t7_s21_cast247.cnv
* Sea-Bird SBE19plus Data File:
* FileName = C:\Users\Kim.Powell\Desktop\2017_07-26\2017_07-26_TRANSECT_STATION_cast247.hex
* Software Version 1.59
* Temperature SN =  4141
* Conductivity SN =  4141
* System UpLoad Time = Aug 04 2017 16:26:25
** 2017_07-26
** Transect: Transect 7
** Station: 7-21
** Start Time: 11:52
** Depth(m): 71.3
** Comment:
** Comment:
# nquan = 16
# nvalues = 675                         
# units = specified
# name 0 = scan: Scan Count
# name 1 = timeJ: Julian Days
# name 2 = timeH: Time, Elapsed [hours]
# name 3 = timeM: Time, Elapsed [minutes]
# name 4 = timeS: Time, Elapsed [seconds]
# name 5 = prdM: Pressure, Strain Gauge [db]
# name 6 = specc: Specific Conductance [uS/cm]
# name 7 = sal00: Salinity, Practical [PSU]
# name 8 = tv290C: Temperature [ITS-90, deg C]
# name 9 = depSM: Depth [salt water, m], lat = 59.00
# name 10 = oxsolML/L: Oxygen Saturation, Garcia & Gordon [ml/l]
# name 11 = potemp090C: Potential Temperature [ITS-90, deg C]
# name 12 = sigma-é00: Density [sigma-theta, kg/m^3]
# name 13 = n2satML/L: Nitrogen Saturation [ml/l]
# name 14 = par: PAR/Irradiance, Biospherical/Licor
# name 15 = flag:  0.000e+00
# span 0 =          1,        675       
# span 1 = 207.495116, 207.497066       
# span 2 =    0.00000,    0.04681       
# span 3 =     0.0000,     2.8083       
# span 4 =      0.000,    168.500       
# span 5 =     -0.014,     61.996       
# span 6 =   4750.107,  49783.863       
# span 7 =     2.7876,    31.6464       
# span 8 =     9.5288,    10.1254       
# span 9 =     -0.014,     61.407       
# span 10 =    6.50148,    7.74342      
# span 11 =     9.5252,    10.0984      
# span 12 =     1.8666,    24.4067      
# span 13 =   11.74735,   14.20798      
# span 14 = 4.9614e-02, 3.6817e+02      
# span 15 = 0.0000e+00, 0.0000e+00      
# interval = seconds: 0.25
# start_time = Jul 26 2017 11:52:58 [Instrument's time stamp, header]
# bad_flag = -9.990e-29
*END*
[from data line 91]
         92 207.495379    0.00632     0.3792     22.750      0.986  49749.745    31.6267     9.5851      0.977    6.51181     9.5818    24.3862   11.76416 2.0719e+02 0.0000e+00
         93 207.495382    0.00639     0.3833     23.000      0.991  49761.035    31.6343     9.5826      0.982    6.51184     9.5834    24.3926   11.76411 2.0090e+02 0.0000e+00
         94 207.495385    0.00646     0.3875     23.250      0.980  49769.195    31.6400     9.5819      0.971    6.51171     9.5869    24.3971   11.76382 1.9550e+02 0.0000e+00
         95 207.495388    0.00653     0.3917     23.500      0.959  49771.515    31.6419     9.5835      0.950    6.51140     9.5910    24.3983   11.76329 1.9058e+02 0.0000e+00
         96 207.495391    0.00660     0.3958     23.750      0.935  49768.434    31.6402     9.5870      0.926    6.51096     9.5946    24.3964   11.76259 1.8716e+02 0.0000e+00
         97 207.495394    0.00667     0.4000     24.000      0.915  49762.919    31.6368     9.5911      0.907    6.51051     9.5971    24.3932   11.76189 1.8611e+02 0.0000e+00
         98 207.495396    0.00674     0.4042     24.250      0.903  49758.527    31.6342     9.5947      0.895    6.51012     9.5987    24.3906   11.76126 1.8721e+02 0.0000e+00
         99 207.495399    0.00681     0.4083     24.500      0.899  49757.142    31.6335     9.5972      0.890    6.50978     9.5996    24.3897   11.76072 1.8987e+02 0.0000e+00
        100 207.495402    0.00688     0.4125     24.750      0.900  49758.060    31.6344     9.5988      0.892    6.50951     9.6002    24.3901   11.76026 1.9391e+02 0.0000e+00
        101 207.495405    0.00694     0.4167     25.000      0.909  49759.194    31.6353     9.5998      0.900    6.50934     9.6006    24.3906   11.75996 1.9850e+02 0.0000e+00
        102 207.495408    0.00701     0.4208     25.250      0.926  49759.082    31.6353     9.6003      0.917    6.50926     9.6012    24.3905   11.75983 2.0190e+02 0.0000e+00
        103 207.495411    0.00708     0.4250     25.500      0.951  49757.941    31.6346     9.6008      0.942    6.50923     9.6021    24.3898   11.75978 2.0435e+02 0.0000e+00
        104 207.495414    0.00715     0.4292     25.750      0.980  49757.388    31.6342     9.6013      0.970    6.50916     9.6040    24.3895   11.75968 2.0750e+02 0.0000e+00
        105 207.495417    0.00722     0.4333     26.000      1.002  49758.125    31.6349     9.6023      0.993    6.50900     9.6075    24.3899   11.75940 2.1085e+02 0.0000e+00
        106 207.495420    0.00729     0.4375     26.250      1.010  49758.213    31.6352     9.6042      1.001    6.50871     9.6126    24.3898   11.75893 2.1263e+02 0.0000e+00
        107 207.495422    0.00736     0.4417     26.500      1.001  49755.045    31.6334     9.6076      0.991    6.50829     9.6187    24.3879   11.75825 2.1232e+02 0.0000e+00
        108 207.495425    0.00743     0.4458     26.750      0.976  49748.060    31.6292     9.6128      0.967    6.50773     9.6242    24.3837   11.75737 2.1148e+02 0.0000e+00
        109 207.495428    0.00750     0.4500     27.000      0.947  49739.070    31.6236     9.6188      0.938    6.50710     9.6282    24.3785   11.75639 2.1190e+02 0.0000e+00
        110 207.495431    0.00757     0.4542     27.250      0.922  49730.534    31.6184     9.6243      0.914    6.50654     9.6304    24.3735   11.75552 2.1291e+02 0.0000e+00
        111 207.495434    0.00764     0.4583     27.500      0.911  49723.811    31.6142     9.6283      0.903    6.50614     9.6309    24.3695   11.75491 2.1311e+02 0.0000e+00
        112 207.495437    0.00771     0.4625     27.750      0.916  49719.602    31.6115     9.6305      0.907    6.50593     9.6301    24.3671   11.75460 2.1291e+02 0.0000e+00
        113 207.495440    0.00778     0.4667     28.000      0.933  49718.708    31.6110     9.6310      0.923    6.50588     9.6289    24.3666   11.75453 2.1327e+02 0.0000e+00
        114 207.495443    0.00785     0.4708     28.250      0.952  49721.014    31.6125     9.6302      0.943    6.50594     9.6281    24.3679   11.75460 2.1404e+02 0.0000e+00
        115 207.495446    0.00792     0.4750     28.500      0.967  49724.791    31.6150     9.6290      0.958    6.50601     9.6283    24.3700   11.75469 2.1365e+02 0.0000e+00
        116 207.495448    0.00799     0.4792     28.750      0.972  49727.941    31.6171     9.6282      0.963    6.50604     9.6298    24.3718   11.75470 2.1174e+02 0.0000e+00
        117 207.495451    0.00806     0.4833     29.000      0.967  49729.248    31.6180     9.6284      0.957    6.50597     9.6323    24.3725   11.75458 2.0972e+02 0.0000e+00
        118 207.495454    0.00813     0.4875     29.250      0.955  49728.350    31.6176     9.6299      0.946    6.50577     9.6354    24.3719   11.75426 2.0865e+02 0.0000e+00
        119 207.495457    0.00819     0.4917     29.500      0.942  49725.670    31.6160     9.6324      0.933    6.50547     9.6385    24.3703   11.75378 2.0880e+02 0.0000e+00
        120 207.495460    0.00826     0.4958     29.750      0.933  49722.206    31.6140     9.6355      0.924    6.50511     9.6411    24.3683   11.75321 2.0988e+02 0.0000e+00
        121 207.495463    0.00833     0.5000     30.000      0.931  49718.885    31.6121     9.6386      0.922    6.50476     9.6431    24.3662   11.75264 2.1120e+02 0.0000e+00
        122 207.495466    0.00840     0.5042     30.250      0.936  49716.258    31.6106     9.6412      0.928    6.50444     9.6445    24.3646   11.75214 2.1236e+02 0.0000e+00
        123 207.495469    0.00847     0.5083     30.500      0.947  49714.527    31.6096     9.6432      0.938    6.50420     9.6456    24.3636   11.75174 2.1452e+02 0.0000e+00
        124 207.495472    0.00854     0.5125     30.750      0.958  49713.510    31.6091     9.6446      0.949    6.50402     9.6467    24.3629   11.75146 2.1737e+02 0.0000e+00
        125 207.495475    0.00861     0.5167     31.000      0.963  49712.760    31.6087     9.6457      0.954    6.50388     9.6480    24.3625   11.75124 2.1800e+02 0.0000e+00
        126 207.495477    0.00868     0.5208     31.250      0.961  49712.030    31.6083     9.6468      0.952    6.50374     9.6494    24.3620   11.75101 2.1580e+02 0.0000e+00
        127 207.495480    0.00875     0.5250     31.500      0.955  49711.298    31.6080     9.6481      0.946    6.50357     9.6508    24.3615   11.75073 2.1296e+02 0.0000e+00
        128 207.495483    0.00882     0.5292     31.750      0.951  49710.506    31.6076     9.6495      0.942    6.50339     9.6521    24.3610   11.75043 2.1189e+02 0.0000e+00
        129 207.495486    0.00889     0.5333     32.000      0.955  49709.671    31.6072     9.6509      0.946    6.50320     9.6534    24.3605   11.75013 2.1314e+02 0.0000e+00
        130 207.495489    0.00896     0.5375     32.250      0.965  49709.100    31.6070     9.6522      0.956    6.50302     9.6547    24.3601   11.74983 2.1397e+02 0.0000e+00
        131 207.495492    0.00903     0.5417     32.500      0.972  49709.023    31.6071     9.6535      0.963    6.50283     9.6564    24.3600   11.74952 2.1250e+02 0.0000e+00
        132 207.495495    0.00910     0.5458     32.750      0.969  49709.071    31.6073     9.6548      0.960    6.50263     9.6584    24.3599   11.74918 2.1023e+02 0.0000e+00
        133 207.495498    0.00917     0.5500     33.000      0.952  49708.575    31.6072     9.6565      0.943    6.50239     9.6607    24.3596   11.74880 2.0875e+02 0.0000e+00
        134 207.495501    0.00924     0.5542     33.250      0.927  49707.158    31.6065     9.6585      0.918    6.50213     9.6627    24.3587   11.74837 2.0821e+02 0.0000e+00
        135 207.495503    0.00931     0.5583     33.500      0.905  49704.968    31.6052     9.6608      0.897    6.50186     9.6640    24.3574   11.74794 2.0776e+02 0.0000e+00
        136 207.495506    0.00937     0.5625     33.750      0.898  49702.535    31.6038     9.6628      0.889    6.50163     9.6643    24.3559   11.74758 2.0711e+02 0.0000e+00
        137 207.495509    0.00944     0.5667     34.000      0.912  49700.519    31.6025     9.6641      0.903    6.50150     9.6632    24.3547   11.74737 2.0747e+02 0.0000e+00
        138 207.495512    0.00951     0.5708     34.250      0.947  49699.689    31.6019     9.6644      0.938    6.50148     9.6606    24.3542   11.74735 2.0934e+02 0.0000e+00
        139 207.495515    0.00958     0.5750     34.500      0.993  49700.989    31.6027     9.6633      0.984    6.50161     9.6570    24.3550   11.74756 2.1132e+02 0.0000e+00
        140 207.495518    0.00965     0.5792     34.750      1.033  49705.193    31.6053     9.6607      1.024    6.50188     9.6542    24.3574   11.74797 2.1120e+02 0.0000e+00
        141 207.495521    0.00972     0.5833     35.000      1.051  49711.520    31.6093     9.6571      1.042    6.50222     9.6534    24.3611   11.74848 2.0861e+02 0.0000e+00
        142 207.495524    0.00979     0.5875     35.250      1.038  49717.014    31.6128     9.6543      1.028    6.50248     9.6549    24.3643   11.74887 2.0600e+02 0.0000e+00
        143 207.495527    0.00986     0.5917     35.500      0.996  49718.708    31.6139     9.6535      0.987    6.50254     9.6572    24.3653   11.74896 2.0535e+02 0.0000e+00
        144 207.495530    0.00993     0.5958     35.750      0.940  49715.966    31.6122     9.6550      0.931    6.50240     9.6586    24.3637   11.74875 2.0625e+02 0.0000e+00
        145 207.495532    0.01000     0.6000     36.000      0.888  49710.298    31.6085     9.6573      0.880    6.50223     9.6578    24.3604   11.74851 2.0841e+02 0.0000e+00
        146 207.495535    0.01007     0.6042     36.250      0.859  49703.627    31.6040     9.6587      0.851    6.50221     9.6534    24.3567   11.74853 2.1139e+02 0.0000e+00
        147 207.495538    0.01014     0.6083     36.500      0.861  49697.419    31.5995     9.6579      0.853    6.50252     9.6448    24.3533   11.74910 2.1426e+02 0.0000e+00
        148 207.495541    0.01021     0.6125     36.750      0.896  49692.978    31.5958     9.6535      0.888    6.50330     9.6333    24.3511   11.75044 2.1726e+02 0.0000e+00
        149 207.495544    0.01028     0.6167     37.000      0.950  49693.729    31.5952     9.6449      0.941    6.50456     9.6221    24.3520   11.75252 2.1948e+02 0.0000e+00
        150 207.495547    0.01035     0.6208     37.250      0.999  49704.772    31.6014     9.6334      0.990    6.50595     9.6147    24.3587   11.75475 2.1911e+02 0.0000e+00
        151 207.495550    0.01042     0.6250     37.500      1.024  49724.563    31.6139     9.6222      1.015    6.50702     9.6128    24.3703   11.75638 2.1589e+02 0.0000e+00
        152 207.495553    0.01049     0.6292     37.750      1.018  49742.728    31.6257     9.6148      1.008    6.50759     9.6159    24.3807   11.75718 2.1049e+02 0.0000e+00
        153 207.495556    0.01056     0.6333     38.000      0.987  49750.678    31.6311     9.6129      0.978    6.50763     9.6212    24.3852   11.75718 2.0299e+02 0.0000e+00
        154 207.495558    0.01063     0.6375     38.250      0.949  49748.052    31.6296     9.6160      0.941    6.50725     9.6258    24.3836   11.75656 1.9641e+02 0.0000e+00
        155 207.495561    0.01069     0.6417     38.500      0.924  49739.170    31.6241     9.6213      0.916    6.50672     9.6280    24.3784   11.75576 1.9525e+02 0.0000e+00
        156 207.495564    0.01076     0.6458     38.750      0.921  49729.813    31.6181     9.6259      0.913    6.50632     9.6272    24.3730   11.75516 1.9824e+02 0.0000e+00
        157 207.495567    0.01083     0.6500     39.000      0.938  49725.015    31.6150     9.6281      0.929    6.50614     9.6245    24.3702   11.75491 2.0206e+02 0.0000e+00
        158 207.495570    0.01090     0.6542     39.250      0.961  49726.801    31.6161     9.6273      0.952    6.50620     9.6222    24.3712   11.75500 2.0594e+02 0.0000e+00
        159 207.495573    0.01097     0.6583     39.500      0.976  49734.045    31.6209     9.6246      0.967    6.50638     9.6222    24.3754   11.75524 2.1065e+02 0.0000e+00
        160 207.495576    0.01104     0.6625     39.750      0.975  49742.139    31.6263     9.6223      0.966    6.50649     9.6254    24.3800   11.75536 2.1656e+02 0.0000e+00
        161 207.495579    0.01111     0.6667     40.000      0.961  49745.317    31.6285     9.6223      0.952    6.50639     9.6306    24.3817   11.75516 2.2063e+02 0.0000e+00
        162 207.495582    0.01118     0.6708     40.250      0.946  49741.312    31.6261     9.6255      0.938    6.50603     9.6358    24.3793   11.75459 2.1977e+02 0.0000e+00
        163 207.495584    0.01125     0.6750     40.500      0.941  49732.406    31.6205     9.6307      0.933    6.50553     9.6399    24.3741   11.75383 2.1522e+02 0.0000e+00
        164 207.495587    0.01132     0.6792     40.750      0.945  49723.003    31.6146     9.6359      0.936    6.50504     9.6429    24.3687   11.75308 2.0930e+02 0.0000e+00
        165 207.495590    0.01139     0.6833     41.000      0.950  49716.627    31.6106     9.6400      0.941    6.50461     9.6450    24.3649   11.75242 2.0396e+02 0.0000e+00
        166 207.495593    0.01146     0.6875     41.250      0.947  49713.986    31.6092     9.6430      0.939    6.50424     9.6465    24.3633   11.75183 2.0064e+02 0.0000e+00
        167 207.495596    0.01153     0.6917     41.500      0.936  49713.528    31.6091     9.6451      0.927    6.50394     9.6477    24.3629   11.75134 1.9943e+02 0.0000e+00
        168 207.495599    0.01160     0.6958     41.750      0.918  49713.267    31.6092     9.6466      0.910    6.50373     9.6483    24.3627   11.75098 2.0051e+02 0.0000e+00
        169 207.495602    0.01167     0.7000     42.000      0.904  49711.769    31.6083     9.6478      0.896    6.50360     9.6478    24.3618   11.75078 2.0346e+02 0.0000e+00
        170 207.495605    0.01174     0.7042     42.250      0.904  49709.076    31.6065     9.6484      0.896    6.50359     9.6455    24.3603   11.75078 2.0561e+02 0.0000e+00
        171 207.495608    0.01181     0.7083     42.500      0.924  49706.998    31.6049     9.6479      0.915    6.50372     9.6411    24.3591   11.75102 2.0568e+02 0.0000e+00
        172 207.495611    0.01188     0.7125     42.750      0.958  49707.855    31.6052     9.6456      0.949    6.50404     9.6353    24.3597   11.75154 2.0557e+02 0.0000e+00
        173 207.495613    0.01194     0.7167     43.000      0.994  49713.741    31.6088     9.6412      0.985    6.50453     9.6302    24.3632   11.75230 2.0646e+02 0.0000e+00
        174 207.495616    0.01201     0.7208     43.250      1.016  49724.573    31.6156     9.6354      1.007    6.50507     9.6283    24.3695   11.75312 2.0807e+02 0.0000e+00
        175 207.495619    0.01208     0.7250     43.500      1.017  49735.850    31.6229     9.6304      1.008    6.50548     9.6302    24.3760   11.75372 2.1024e+02 0.0000e+00
        176 207.495622    0.01215     0.7292     43.750      1.000  49741.813    31.6268     9.6284      0.991    6.50560     9.6348    24.3794   11.75386 2.1241e+02 0.0000e+00
        177 207.495625    0.01222     0.7333     44.000      0.975  49740.275    31.6260     9.6303      0.966    6.50535     9.6401    24.3785   11.75347 2.1370e+02 0.0000e+00
        178 207.495628    0.01229     0.7375     44.250      0.957  49733.177    31.6216     9.6349      0.948    6.50488     9.6448    24.3743   11.75274 2.1416e+02 0.0000e+00
        179 207.495631    0.01236     0.7417     44.500      0.950  49724.370    31.6161     9.6402      0.941    6.50435     9.6487    24.3692   11.75194 2.1444e+02 0.0000e+00
        180 207.495634    0.01243     0.7458     44.750      0.952  49717.278    31.6118     9.6449      0.943    6.50385     9.6519    24.3650   11.75116 2.1461e+02 0.0000e+00
