CTD-processing/allCTD/CNV--turbid/2017_04-20_t9_s03_cast158.cnv
* Sea-Bird SBE19plus Data File:
* FileName = P:\My Documents\kasitsna\Research-KBL\Oceanography-AK\CTD-Data-ALL-to-2017-02\2017-CTD-KachemakBay-CookInlet\2017-04-20-CookInlet-Tran9-HomerSpit\2017-04-20-CookInlet-Tran9-cast158.hex
* Software Version 1.59
* Temperature SN =  4141
* Conductivity SN =  4141
* System UpLoad Time = Apr 24 2017 21:47:03
** Cook Inlet LTM Transect 9 Homer Spit south to north
** Date: 2017-04-20
** Station: (eg. 9-01): 9-03
** Start time (AKDT): 21:39
** Depth (m): 93.9
** Comment: R/V Alaska Dreamcatcher
** Comment:
# nquan = 16
# nvalues = 606                         
# units = specified
# name 0 = scan: Scan Count
# name 1 = timeJ: Julian Days
# name 2 = timeH: Time, Elapsed [hours]
# name 3 = timeM: Time, Elapsed [minutes]
# name 4 = timeS: Time, Elapsed [seconds]
# name 5 = prdM: Pressure, Strain Gauge [db]
# name 6 = specc: Specific Conductance [uS/cm]
# name 7 = sal00: Salinity, Practical [PSU]
# name 8 = tv290C: Temperature [ITS-90, deg C]
# name 9 = depSM: Depth [salt water, m], lat = 59.00
# name 10 = oxsolML/L: Oxygen Saturation, Garcia & Gordon [ml/l]
# name 11 = potemp090C: Potential Temperature [ITS-90, deg C]
# name 12 = sigma-é00: Density [sigma-theta, kg/m^3]
# name 13 = n2satML/L: Nitrogen Saturation [ml/l]
# name 14 = par: PAR/Irradiance, Biospherical/Licor
# name 15 = flag:  0.000e+00
# span 0 =          1,        606       
# span 1 = 110.902396, 110.904146       
# span 2 =    0.00000,    0.04201       
# span 3 =     0.0000,     2.5208       
# span 4 =      0.000,    151.250       
# span 5 =      0.046,     93.134       
# span 6 =    408.933,  51953.408       
# span 7 =     0.1888,    32.0382       
# span 8 =     3.8124,     6.3358       
# span 9 =      0.046,     92.243       
# span 10 =    7.05511,    8.93259      
# span 11 =     3.8082,     6.3357      
# span 12 =     0.1190,    25.4490      
# span 13 =   12.67483,   16.24624      
# span 14 = 3.6382e-02, 5.1617e+00      
# span 15 = 0.0000e+00, 0.0000e+00      
# interval = seconds: 0.25
# start_time = Apr 20 2017 21:39:27 [Instrument's time stamp, header]
# bad_flag = -9.990e-29
*END*
[from data line 543]
        544 110.903967    0.03771     2.2625    135.750     77.612  51918.468    32.0281     3.8376     76.872    7.42097     3.8346    25.4387   13.26162 3.6382e-02 0.0000e+00
        545 110.903970    0.03778     2.2667    136.000     77.881  51918.175    32.0280     3.8386     77.139    7.42079     3.8354    25.4386   13.26132 3.6382e-02 0.0000e+00
        546 110.903973    0.03785     2.2708    136.250     78.148  51917.491    32.0277     3.8396     77.403    7.42063     3.8359    25.4382   13.26106 3.6382e-02 0.0000e+00
        547 110.903976    0.03792     2.2750    136.500     78.412  51916.372    32.0270     3.8404     77.664    7.42052     3.8360    25.4376   13.26089 3.6382e-02 0.0000e+00
        548 110.903979    0.03799     2.2792    136.750     78.674  51914.987    32.0260     3.8409     77.924    7.42048     3.8357    25.4367   13.26084 3.6382e-02 0.0000e+00
        549 110.903981    0.03806     2.2833    137.000     78.936  51913.992    32.0253     3.8410     78.184    7.42050     3.8353    25.4361   13.26088 3.6382e-02 0.0000e+00
        550 110.903984    0.03812     2.2875    137.250     79.199  51913.740    32.0249     3.8407     78.444    7.42056     3.8348    25.4359   13.26098 3.6382e-02 0.0000e+00
        551 110.903987    0.03819     2.2917    137.500     79.462  51913.900    32.0248     3.8403     78.704    7.42064     3.8343    25.4358   13.26112 3.6382e-02 0.0000e+00
        552 110.903990    0.03826     2.2958    137.750     79.725  51914.239    32.0247     3.8398     78.964    7.42073     3.8339    25.4358   13.26127 3.6382e-02 0.0000e+00
        553 110.903993    0.03833     2.3000    138.000     79.987  51914.773    32.0248     3.8394     79.224    7.42081     3.8337    25.4360   13.26140 3.6382e-02 0.0000e+00
        554 110.903996    0.03840     2.3042    138.250     80.249  51915.384    32.0250     3.8390     79.483    7.42087     3.8336    25.4362   13.26149 3.6382e-02 0.0000e+00
        555 110.903999    0.03847     2.3083    138.500     80.512  51916.028    32.0253     3.8388     79.743    7.42090     3.8337    25.4364   13.26153 3.6382e-02 0.0000e+00
        556 110.904002    0.03854     2.3125    138.750     80.776  51916.869    32.0257     3.8387     80.005    7.42089     3.8340    25.4367   13.26152 3.6382e-02 0.0000e+00
        557 110.904005    0.03861     2.3167    139.000     81.040  51918.127    32.0264     3.8388     80.267    7.42084     3.8347    25.4373   13.26142 3.6382e-02 0.0000e+00
        558 110.904008    0.03868     2.3208    139.250     81.305  51919.712    32.0275     3.8392     80.529    7.42072     3.8358    25.4381   13.26121 3.6382e-02 0.0000e+00
        559 110.904010    0.03875     2.3250    139.500     81.569  51921.367    32.0286     3.8399     80.791    7.42053     3.8372    25.4390   13.26089 3.6382e-02 0.0000e+00
        560 110.904013    0.03882     2.3292    139.750     81.832  51922.770    32.0297     3.8409     81.051    7.42028     3.8389    25.4397   13.26046 3.6382e-02 0.0000e+00
        561 110.904016    0.03889     2.3333    140.000     82.095  51923.925    32.0307     3.8424     81.311    7.41997     3.8410    25.4404   13.25993 3.6382e-02 0.0000e+00
        562 110.904019    0.03896     2.3375    140.250     82.359  51925.141    32.0319     3.8441     81.573    7.41960     3.8432    25.4411   13.25929 3.6382e-02 0.0000e+00
        563 110.904022    0.03903     2.3417    140.500     82.623  51926.172    32.0330     3.8462     81.835    7.41917     3.8455    25.4418   13.25858 3.6382e-02 0.0000e+00
        564 110.904025    0.03910     2.3458    140.750     82.889  51926.516    32.0336     3.8485     82.098    7.41873     3.8475    25.4421   13.25784 3.6382e-02 0.0000e+00
        565 110.904028    0.03917     2.3500    141.000     83.154  51925.892    32.0336     3.8507     82.360    7.41832     3.8490    25.4419   13.25716 3.6382e-02 0.0000e+00
        566 110.904031    0.03924     2.3542    141.250     83.418  51924.558    32.0331     3.8527     82.622    7.41798     3.8501    25.4413   13.25662 3.6382e-02 0.0000e+00
        567 110.904034    0.03931     2.3583    141.500     83.683  51923.332    32.0325     3.8542     82.884    7.41773     3.8507    25.4407   13.25621 3.6382e-02 0.0000e+00
        568 110.904036    0.03938     2.3625    141.750     83.950  51922.656    32.0322     3.8553     83.148    7.41755     3.8510    25.4403   13.25592 3.6382e-02 0.0000e+00
        569 110.904039    0.03944     2.3667    142.000     84.218  51922.501    32.0321     3.8560     83.414    7.41743     3.8510    25.4402   13.25573 3.6382e-02 0.0000e+00
        570 110.904042    0.03951     2.3708    142.250     84.486  51922.811    32.0322     3.8563     83.680    7.41737     3.8507    25.4403   13.25563 3.6382e-02 0.0000e+00
        571 110.904045    0.03958     2.3750    142.500     84.754  51923.352    32.0324     3.8563     83.945    7.41736     3.8503    25.4404   13.25561 3.6382e-02 0.0000e+00
        572 110.904048    0.03965     2.3792    142.750     85.021  51923.843    32.0326     3.8560     84.209    7.41740     3.8496    25.4406   13.25567 3.6382e-02 0.0000e+00
        573 110.904051    0.03972     2.3833    143.000     85.287  51924.100    32.0325     3.8556     84.473    7.41748     3.8488    25.4406   13.25580 3.6382e-02 0.0000e+00
        574 110.904054    0.03979     2.3875    143.250     85.555  51924.198    32.0323     3.8550     84.738    7.41760     3.8477    25.4404   13.25600 3.6382e-02 0.0000e+00
        575 110.904057    0.03986     2.3917    143.500     85.824  51924.525    32.0322     3.8542     85.004    7.41776     3.8466    25.4404   13.25626 3.6382e-02 0.0000e+00
        576 110.904060    0.03993     2.3958    143.750     86.093  51925.346    32.0324     3.8532     85.271    7.41793     3.8455    25.4407   13.25654 3.6382e-02 0.0000e+00
        577 110.904062    0.04000     2.4000    144.000     86.362  51926.465    32.0327     3.8521     85.537    7.41812     3.8444    25.4411   13.25684 3.6382e-02 0.0000e+00
        578 110.904065    0.04007     2.4042    144.250     86.631  51927.413    32.0329     3.8510     85.803    7.41831     3.8432    25.4413   13.25716 3.6382e-02 0.0000e+00
        579 110.904068    0.04014     2.4083    144.500     86.899  51928.078    32.0330     3.8499     86.069    7.41851     3.8421    25.4415   13.25748 3.6382e-02 0.0000e+00
        580 110.904071    0.04021     2.4125    144.750     87.169  51928.539    32.0329     3.8488     86.336    7.41871     3.8407    25.4415   13.25782 3.6382e-02 0.0000e+00
        581 110.904074    0.04028     2.4167    145.000     87.441  51928.764    32.0326     3.8476     86.605    7.41893     3.8392    25.4414   13.25820 3.6382e-02 0.0000e+00
        582 110.904077    0.04035     2.4208    145.250     87.714  51929.138    32.0324     3.8463     86.876    7.41918     3.8376    25.4414   13.25862 3.6382e-02 0.0000e+00
        583 110.904080    0.04042     2.4250    145.500     87.987  51930.015    32.0325     3.8448     87.146    7.41945     3.8360    25.4416   13.25905 3.6382e-02 0.0000e+00
        584 110.904083    0.04049     2.4292    145.750     88.258  51931.095    32.0327     3.8432     87.414    7.41972     3.8342    25.4419   13.25950 3.6382e-02 0.0000e+00
        585 110.904086    0.04056     2.4333    146.000     88.528  51931.962    32.0327     3.8415     87.681    7.42002     3.8322    25.4421   13.26000 3.6382e-02 0.0000e+00
        586 110.904089    0.04063     2.4375    146.250     88.797  51932.556    32.0326     3.8398     87.948    7.42035     3.8300    25.4421   13.26054 3.6382e-02 0.0000e+00
        587 110.904091    0.04069     2.4417    146.500     89.066  51933.060    32.0323     3.8378     88.214    7.42072     3.8275    25.4421   13.26115 3.6382e-02 0.0000e+00
        588 110.904094    0.04076     2.4458    146.750     89.334  51933.353    32.0318     3.8356     88.480    7.42114     3.8245    25.4419   13.26185 3.6382e-02 0.0000e+00
        589 110.904097    0.04083     2.4500    147.000     89.602  51933.564    32.0312     3.8331     88.746    7.42163     3.8214    25.4417   13.26266 3.6382e-02 0.0000e+00
        590 110.904100    0.04090     2.4542    147.250     89.869  51934.792    32.0311     3.8302     89.010    7.42216     3.8185    25.4419   13.26354 3.6382e-02 0.0000e+00
        591 110.904103    0.04097     2.4583    147.500     90.134  51937.510    32.0321     3.8270     89.272    7.42268     3.8160    25.4429   13.26439 3.6382e-02 0.0000e+00
        592 110.904106    0.04104     2.4625    147.750     90.400  51940.771    32.0334     3.8241     89.536    7.42314     3.8141    25.4443   13.26512 3.6382e-02 0.0000e+00
        593 110.904109    0.04111     2.4667    148.000     90.667  51943.747    32.0347     3.8217     89.800    7.42351     3.8126    25.4456   13.26572 3.6382e-02 0.0000e+00
        594 110.904112    0.04118     2.4708    148.250     90.935  51946.234    32.0358     3.8198     90.065    7.42381     3.8115    25.4466   13.26620 3.6382e-02 0.0000e+00
        595 110.904115    0.04125     2.4750    148.500     91.199  51948.103    32.0366     3.8183     90.327    7.42404     3.8106    25.4474   13.26657 3.6382e-02 0.0000e+00
        596 110.904117    0.04132     2.4792    148.750     91.460  51949.309    32.0370     3.8172     90.585    7.42422     3.8099    25.4478   13.26686 3.6382e-02 0.0000e+00
        597 110.904120    0.04139     2.4833    149.000     91.717  51950.082    32.0372     3.8164     90.839    7.42436     3.8094    25.4480   13.26709 3.6382e-02 0.0000e+00
        598 110.904123    0.04146     2.4875    149.250     91.969  51950.672    32.0373     3.8157     91.088    7.42447     3.8090    25.4482   13.26727 3.6382e-02 0.0000e+00
        599 110.904126    0.04153     2.4917    149.500     92.214  51951.178    32.0374     3.8152     91.331    7.42456     3.8087    25.4483   13.26741 3.6382e-02 0.0000e+00
        600 110.904129    0.04160     2.4958    149.750     92.449  51951.687    32.0376     3.8148     91.564    7.42462     3.8085    25.4484   13.26752 3.6382e-02 0.0000e+00
        601 110.904132    0.04167     2.5000    150.000     92.664  51952.204    32.0377     3.8145     91.777    7.42467     3.8083    25.4486   13.26760 3.6382e-02 0.0000e+00
        602 110.904135    0.04174     2.5042    150.250     92.847  51952.658    32.0379     3.8143     91.958    7.42471     3.8082    25.4487   13.26766 3.6382e-02 0.0000e+00
        603 110.904138    0.04181     2.5083    150.500     92.984  51953.042    32.0380     3.8141     92.094    7.42473     3.8082    25.4489   13.26769 3.6382e-02 0.0000e+00
        604 110.904141    0.04188     2.5125    150.750     93.073  51953.270    32.0381     3.8140     92.182    7.42474     3.8082    25.4489   13.26770 3.6382e-02 0.0000e+00
        605 110.904144    0.04194     2.5167    151.000     93.120  51953.365    32.0382     3.8140     92.229    7.42474 -9.990e-29    25.4490   13.26771 3.6382e-02 0.0000e+00
        606 110.904146    0.04201     2.5208    151.250     93.134  51953.408    32.0382     3.8140     92.243    7.42474 -9.990e-29    25.4490   13.26771 3.6382e-02 0.0000e+00
