CTD-processing/allCTD/CNV--turbid/2017_12-14_t9_s08_cast118.cnv
* Sea-Bird SBE19plus Data File:
* FileName = C:\Users\Kim.Powell\Desktop\Not Processed\2017\2017_12-XX_4141\2017_12-14_TANSECT_STATION_cast118.hex
* Software Version 1.59
* Temperature SN =  4141
* Conductivity SN =  4141
* System UpLoad Time = Dec 18 2017 08:12:57
** 2017_12-14
** Station: 9-08
** Start Time: 11:03
** Depth (m): 96.3
** Comment: ** CTD recorded date as April 18
** Comment:
# nquan = 16
# nvalues = 711                         
# units = specified
# name 0 = scan: Scan Count
# name 1 = timeJ: Julian Days
# name 2 = timeH: Time, Elapsed [hours]
# name 3 = timeM: Time, Elapsed [minutes]
# name 4 = timeS: Time, Elapsed [seconds]
# name 5 = prdM: Pressure, Strain Gauge [db]
# name 6 = specc: Specific Conductance [uS/cm]
# name 7 = sal00: Salinity, Practical [PSU]
# name 8 = tv290C: Temperature [ITS-90, deg C]
# name 9 = depSM: Depth [salt water, m], lat = 59.00
# name 10 = oxsolML/L: Oxygen Saturation, Garcia & Gordon [ml/l]
# name 11 = potemp090C: Potential Temperature [ITS-90, deg C]
# name 12 = sigma-é00: Density [sigma-theta, kg/m^3]
# name 13 = n2satML/L: Nitrogen Saturation [ml/l]
# name 14 = par: PAR/Irradiance, Biospherical/Licor
# name 15 = flag:  0.000e+00
# span 0 =          1,        711       
# span 1 = 108.460856, 108.462911       
# span 2 =    0.00000,    0.04931       
# span 3 =     0.0000,     2.9583       
# span 4 =      0.000,    177.500       
# span 5 =      0.549,     96.298       
# span 6 =  47967.111,  50146.578       
# span 7 =    29.6559,    31.4337       
# span 8 =     5.1104,     6.8302       
# span 9 =      0.544,     95.376       
# span 10 =    6.93850,    7.30960      
# span 11 =     5.1103,     6.8220      
# span 12 =    23.4288,    24.6337      
# span 13 =   12.47243,   13.10868      
# span 14 = 3.6382e-02, 2.9606e+01      
# span 15 = 0.0000e+00, 0.0000e+00      
# interval = seconds: 0.25
# start_time = Apr 18 2017 11:03:38 [Instrument's time stamp, header]
# bad_flag = -9.990e-29
*END*
[from data line 362]
        363 108.461904    0.02514     1.5083     90.500     26.093  49920.792    31.1776     6.1153     25.847    7.06711     6.1850    24.5199   12.68824 3.7102e-02 0.0000e+00
        364 108.461907    0.02521     1.5125     90.750     26.323  49950.430    31.2044     6.1495     26.075    7.06018     6.2223    24.5369   12.67645 3.7014e-02 0.0000e+00
        365 108.461910    0.02528     1.5167     91.000     26.536  49964.799    31.2213     6.1871     26.286    7.05316     6.2561    24.5458   12.66464 3.6920e-02 0.0000e+00
        366 108.461913    0.02535     1.5208     91.250     26.733  49964.270    31.2279     6.2244     26.482    7.04669     6.2846    24.5465   12.65386 3.6843e-02 0.0000e+00
        367 108.461916    0.02542     1.5250     91.500     26.921  49955.152    31.2278     6.2582     26.668    7.04111     6.3082    24.5424   12.64464 3.6774e-02 0.0000e+00
        368 108.461918    0.02549     1.5292     91.750     27.108  49946.753    31.2273     6.2868     26.852    7.03641     6.3281    24.5385   12.63689 3.6706e-02 0.0000e+00
        369 108.461921    0.02556     1.5333     92.000     27.299  49943.885    31.2297     6.3104     27.042    7.03242     6.3457    24.5374   12.63025 3.6644e-02 0.0000e+00
        370 108.461924    0.02562     1.5375     92.250     27.500  49946.073    31.2348     6.3303     27.241    7.02890     6.3616    24.5390   12.62437 3.6589e-02 0.0000e+00
        371 108.461927    0.02569     1.5417     92.500     27.712  49949.458    31.2403     6.3479     27.451    7.02576     6.3754    24.5412   12.61910 3.6545e-02 0.0000e+00
        372 108.461930    0.02576     1.5458     92.750     27.935  49948.942    31.2428     6.3638     27.672    7.02302     6.3863    24.5412   12.61455 3.6517e-02 0.0000e+00
        373 108.461933    0.02583     1.5500     93.000     28.164  49943.895    31.2418     6.3777     27.899    7.02080     6.3943    24.5387   12.61089 3.6495e-02 0.0000e+00
        374 108.461936    0.02590     1.5542     93.250     28.392  49938.647    31.2401     6.3886     28.125    7.01909     6.4001    24.5360   12.60808 3.6478e-02 0.0000e+00
        375 108.461939    0.02597     1.5583     93.500     28.613  49935.615    31.2394     6.3966     28.344    7.01780     6.4045    24.5345   12.60597 3.6464e-02 0.0000e+00
        376 108.461942    0.02604     1.5625     93.750     28.818  49934.079    31.2393     6.4025     28.547    7.01684     6.4078    24.5337   12.60438 3.6447e-02 0.0000e+00
        377 108.461944    0.02611     1.5667     94.000     29.008  49933.203    31.2394     6.4069     28.734    7.01612     6.4102    24.5333   12.60317 3.6428e-02 0.0000e+00
        378 108.461947    0.02618     1.5708     94.250     29.186  49932.608    31.2395     6.4102     28.911    7.01557     6.4117    24.5330   12.60226 3.6412e-02 0.0000e+00
        379 108.461950    0.02625     1.5750     94.500     29.361  49932.076    31.2395     6.4126     29.084    7.01518     6.4124    24.5327   12.60162 3.6401e-02 0.0000e+00
        380 108.461953    0.02632     1.5792     94.750     29.544  49931.657    31.2395     6.4141     29.265    7.01494     6.4127    24.5324   12.60122 3.6394e-02 0.0000e+00
        381 108.461956    0.02639     1.5833     95.000     29.742  49931.427    31.2394     6.4149     29.462    7.01481     6.4125    24.5323   12.60101 3.6389e-02 0.0000e+00
        382 108.461959    0.02646     1.5875     95.250     29.960  49931.307    31.2392     6.4151     29.678    7.01478     6.4119    24.5321   12.60096 3.6386e-02 0.0000e+00
        383 108.461962    0.02653     1.5917     95.500     30.193  49931.382    31.2391     6.4149     29.908    7.01482     6.4110    24.5321   12.60103 3.6385e-02 0.0000e+00
        384 108.461965    0.02660     1.5958     95.750     30.431  49931.896    31.2393     6.4143     30.143    7.01490     6.4100    24.5323   12.60117 3.6384e-02 0.0000e+00
        385 108.461968    0.02667     1.6000     96.000     30.661  49932.898    31.2397     6.4135     30.372    7.01502     6.4090    24.5327   12.60136 3.6383e-02 0.0000e+00
        386 108.461970    0.02674     1.6042     96.250     30.879  49934.299    31.2403     6.4125     30.587    7.01515     6.4081    24.5334   12.60157 3.6383e-02 0.0000e+00
        387 108.461973    0.02681     1.6083     96.500     31.081  49935.888    31.2412     6.4115     30.788    7.01528     6.4074    24.5341   12.60177 3.6383e-02 0.0000e+00
        388 108.461976    0.02688     1.6125     96.750     31.274  49937.309    31.2419     6.4106     30.979    7.01538     6.4069    24.5348   12.60193 3.6383e-02 0.0000e+00
        389 108.461979    0.02694     1.6167     97.000     31.468  49938.499    31.2425     6.4100     31.171    7.01546     6.4065    24.5354   12.60206 3.6383e-02 0.0000e+00
        390 108.461982    0.02701     1.6208     97.250     31.672  49939.570    31.2431     6.4095     31.373    7.01552     6.4063    24.5359   12.60215 3.6383e-02 0.0000e+00
        391 108.461985    0.02708     1.6250     97.500     31.891  49940.517    31.2436     6.4091     31.590    7.01556     6.4061    24.5363   12.60220 3.6384e-02 0.0000e+00
        392 108.461988    0.02715     1.6292     97.750     32.125  49941.378    31.2440     6.4089     31.822    7.01558     6.4060    24.5367   12.60222 3.6385e-02 0.0000e+00
        393 108.461991    0.02722     1.6333     98.000     32.369  49942.353    31.2446     6.4087     32.064    7.01558     6.4060    24.5371   12.60222 3.6385e-02 0.0000e+00
        394 108.461994    0.02729     1.6375     98.250     32.614  49943.514    31.2452     6.4086     32.307    7.01556     6.4063    24.5377   12.60218 3.6384e-02 0.0000e+00
        395 108.461997    0.02736     1.6417     98.500     32.852  49944.840    31.2460     6.4087     32.542    7.01552     6.4067    24.5383   12.60210 3.6383e-02 0.0000e+00
        396 108.461999    0.02743     1.6458     98.750     33.076  49946.338    31.2470     6.4089     32.764    7.01543     6.4074    24.5391   12.60195 3.6383e-02 0.0000e+00
        397 108.462002    0.02750     1.6500     99.000     33.286  49947.765    31.2480     6.4094     32.972    7.01531     6.4082    24.5398   12.60173 3.6382e-02 0.0000e+00
        398 108.462005    0.02757     1.6542     99.250     33.487  49948.790    31.2487     6.4101     33.171    7.01516     6.4090    24.5403   12.60148 3.6382e-02 0.0000e+00
        399 108.462008    0.02764     1.6583     99.500     33.684  49949.163    31.2490     6.4109     33.366    7.01501     6.4097    24.5404   12.60122 3.6382e-02 0.0000e+00
        400 108.462011    0.02771     1.6625     99.750     33.886  49949.154    31.2491     6.4118     33.566    7.01487     6.4103    24.5404   12.60099 3.6382e-02 0.0000e+00
        401 108.462014    0.02778     1.6667    100.000     34.097  49949.369    31.2493     6.4125     33.776    7.01474     6.4108    24.5404   12.60078 3.6382e-02 0.0000e+00
        402 108.462017    0.02785     1.6708    100.250     34.320  49949.611    31.2495     6.4131     33.996    7.01463     6.4113    24.5405   12.60060 3.6382e-02 0.0000e+00
        403 108.462020    0.02792     1.6750    100.500     34.552  49949.731    31.2495     6.4136     34.225    7.01454     6.4117    24.5405   12.60044 3.6382e-02 0.0000e+00
        404 108.462023    0.02799     1.6792    100.750     34.788  49950.163    31.2498     6.4141     34.460    7.01445     6.4122    24.5407   12.60029 3.6382e-02 0.0000e+00
        405 108.462025    0.02806     1.6833    101.000     35.022  49950.707    31.2502     6.4146     34.691    7.01435     6.4127    24.5409   12.60013 3.6382e-02 0.0000e+00
        406 108.462028    0.02813     1.6875    101.250     35.247  49950.936    31.2503     6.4151     34.914    7.01426     6.4131    24.5409   12.59998 3.6382e-02 0.0000e+00
        407 108.462031    0.02819     1.6917    101.500     35.459  49950.958    31.2503     6.4156     35.125    7.01419     6.4135    24.5409   12.59985 3.6382e-02 0.0000e+00
        408 108.462034    0.02826     1.6958    101.750     35.660  49951.440    31.2506     6.4160     35.323    7.01410     6.4141    24.5411   12.59971 3.6382e-02 0.0000e+00
        409 108.462037    0.02833     1.7000    102.000     35.852  49952.876    31.2516     6.4164     35.514    7.01399     6.4152    24.5418   12.59950 3.6382e-02 0.0000e+00
        410 108.462040    0.02840     1.7042    102.250     36.043  49955.203    31.2532     6.4171     35.704    7.01380     6.4168    24.5430   12.59917 3.6382e-02 0.0000e+00
        411 108.462043    0.02847     1.7083    102.500     36.238  49958.493    31.2556     6.4181     35.897    7.01352     6.4192    24.5448   12.59867 3.6382e-02 0.0000e+00
        412 108.462046    0.02854     1.7125    102.750     36.440  49962.705    31.2588     6.4198     36.097    7.01310     6.4223    24.5470   12.59794 3.6382e-02 0.0000e+00
        413 108.462049    0.02861     1.7167    103.000     36.650  49966.959    31.2621     6.4222     36.304    7.01256     6.4258    24.5493   12.59701 3.6382e-02 0.0000e+00
        414 108.462052    0.02868     1.7208    103.250     36.864  49970.052    31.2647     6.4253     36.516    7.01193     6.4294    24.5510   12.59594 3.6382e-02 0.0000e+00
        415 108.462054    0.02875     1.7250    103.500     37.079  49971.643    31.2663     6.4289     36.729    7.01127     6.4331    24.5519   12.59483 3.6382e-02 0.0000e+00
        416 108.462057    0.02882     1.7292    103.750     37.290  49973.545    31.2682     6.4325     36.938    7.01059     6.4372    24.5529   12.59368 3.6382e-02 0.0000e+00
        417 108.462060    0.02889     1.7333    104.000     37.498  49977.600    31.2716     6.4362     37.144    7.00983     6.4419    24.5551   12.59237 3.6382e-02 0.0000e+00
        418 108.462063    0.02896     1.7375    104.250     37.702  49981.658    31.2751     6.4404     37.346    7.00899     6.4468    24.5573   12.59094 3.6382e-02 0.0000e+00
        419 108.462066    0.02903     1.7417    104.500     37.904  49983.235    31.2770     6.4451     37.546    7.00813     6.4515    24.5582   12.58950 3.6382e-02 0.0000e+00
        420 108.462069    0.02910     1.7458    104.750     38.107  49983.523    31.2780     6.4500     37.747    7.00728     6.4560    24.5584   12.58808 3.6382e-02 0.0000e+00
        421 108.462072    0.02917     1.7500    105.000     38.312  49984.493    31.2794     6.4546     37.951    7.00645     6.4604    24.5590   12.58669 3.6382e-02 0.0000e+00
        422 108.462075    0.02924     1.7542    105.250     38.520  49986.669    31.2817     6.4591     38.156    7.00561     6.4650    24.5602   12.58528 3.6382e-02 0.0000e+00
        423 108.462078    0.02931     1.7583    105.500     38.729  49989.556    31.2844     6.4636     38.363    7.00475     6.4698    24.5618   12.58382 3.6382e-02 0.0000e+00
        424 108.462080    0.02937     1.7625    105.750     38.938  49992.344    31.2871     6.4683     38.570    7.00386     6.4748    24.5633   12.58232 3.6382e-02 0.0000e+00
        425 108.462083    0.02944     1.7667    106.000     39.145  49994.830    31.2896     6.4731     38.776    7.00296     6.4799    24.5647   12.58080 3.6382e-02 0.0000e+00
        426 108.462086    0.02951     1.7708    106.250     39.352  49998.178    31.2927     6.4780     38.981    7.00201     6.4856    24.5666   12.57919 3.6382e-02 0.0000e+00
        427 108.462089    0.02958     1.7750    106.500     39.559  50002.805    31.2968     6.4832     39.186    7.00098     6.4917    24.5691   12.57743 3.6382e-02 0.0000e+00
        428 108.462092    0.02965     1.7792    106.750     39.768  50006.483    31.3002     6.4889     39.392    6.99990     6.4977    24.5712   12.57559 3.6382e-02 0.0000e+00
        429 108.462095    0.02972     1.7833    107.000     39.978  50007.696    31.3021     6.4950     39.600    6.99882     6.5033    24.5719   12.57378 3.6382e-02 0.0000e+00
        430 108.462098    0.02979     1.7875    107.250     40.190  50007.672    31.3031     6.5010     39.810    6.99779     6.5084    24.5719   12.57207 3.6382e-02 0.0000e+00
        431 108.462101    0.02986     1.7917    107.500     40.402  50007.457    31.3039     6.5066     40.020    6.99683     6.5131    24.5719   12.57048 3.6382e-02 0.0000e+00
        432 108.462104    0.02993     1.7958    107.750     40.611  50007.051    31.3045     6.5118     40.227    6.99596     6.5173    24.5717   12.56904 3.6382e-02 0.0000e+00
        433 108.462106    0.03000     1.8000    108.000     40.813  50007.057    31.3052     6.5164     40.428    6.99516     6.5212    24.5717   12.56771 3.6382e-02 0.0000e+00
        434 108.462109    0.03007     1.8042    108.250     41.012  50007.901    31.3065     6.5207     40.624    6.99442     6.5250    24.5722   12.56646 3.6382e-02 0.0000e+00
        435 108.462112    0.03014     1.8083    108.500     41.209  50009.090    31.3080     6.5246     40.819    6.99371     6.5286    24.5728   12.56527 3.6382e-02 0.0000e+00
        436 108.462115    0.03021     1.8125    108.750     41.408  50010.262    31.3094     6.5284     41.017    6.99303     6.5320    24.5735   12.56413 3.6382e-02 0.0000e+00
        437 108.462118    0.03028     1.8167    109.000     41.613  50011.119    31.3105     6.5320     41.220    6.99239     6.5350    24.5740   12.56305 3.6382e-02 0.0000e+00
        438 108.462121    0.03035     1.8208    109.250     41.824  50011.454    31.3113     6.5354     41.428    6.99180     6.5376    24.5741   12.56207 3.6382e-02 0.0000e+00
        439 108.462124    0.03042     1.8250    109.500     42.038  50011.375    31.3117     6.5385     41.640    6.99128     6.5398    24.5741   12.56121 3.6382e-02 0.0000e+00
        440 108.462127    0.03049     1.8292    109.750     42.250  50011.077    31.3119     6.5411     41.851    6.99084     6.5417    24.5739   12.56048 3.6382e-02 0.0000e+00
        441 108.462130    0.03056     1.8333    110.000     42.458  50010.902    31.3121     6.5434     42.057    6.99047     6.5434    24.5737   12.55987 3.6382e-02 0.0000e+00
        442 108.462133    0.03062     1.8375    110.250     42.663  50011.434    31.3127     6.5453     42.260    6.99013     6.5454    24.5740   12.55930 3.6382e-02 0.0000e+00
        443 108.462135    0.03069     1.8417    110.500     42.868  50013.197    31.3142     6.5471     42.463    6.98977     6.5480    24.5749   12.55869 3.6382e-02 0.0000e+00
        444 108.462138    0.03076     1.8458    110.750     43.077  50016.391    31.3166     6.5490     42.670    6.98934     6.5513    24.5766   12.55794 3.6382e-02 0.0000e+00
        445 108.462141    0.03083     1.8500    111.000     43.292  50020.464    31.3198     6.5516     42.883    6.98877     6.5554    24.5788   12.55697 3.6382e-02 0.0000e+00
        446 108.462144    0.03090     1.8542    111.250     43.512  50023.737    31.3226     6.5549     43.101    6.98810     6.5596    24.5806   12.55581 3.6382e-02 0.0000e+00
        447 108.462147    0.03097     1.8583    111.500     43.730  50024.763    31.3239     6.5590     43.317    6.98738     6.5635    24.5811   12.55460 3.6382e-02 0.0000e+00
        448 108.462150    0.03104     1.8625    111.750     43.942  50023.741    31.3239     6.5633     43.527    6.98669     6.5669    24.5806   12.55346 3.6382e-02 0.0000e+00
        449 108.462153    0.03111     1.8667    112.000     44.145  50022.010    31.3233     6.5672     43.728    6.98607     6.5699    24.5796   12.55245 3.6382e-02 0.0000e+00
        450 108.462156    0.03118     1.8708    112.250     44.340  50020.940    31.3231     6.5706     43.921    6.98552     6.5726    24.5790   12.55155 3.6382e-02 0.0000e+00
        451 108.462159    0.03125     1.8750    112.500     44.532  50020.988    31.3236     6.5736     44.111    6.98502     6.5752    24.5790   12.55070 3.6382e-02 0.0000e+00
