CTD-processing/allCTD/CNV--turbid/2017_03-28_t9_s04_cast060.cnv
* Sea-Bird SBE19plus Data File:
* FileName = C:\Users\jwschloemer\Documents\CTD Data\2017_03_28_T9\2017_03_28_T9_cast060.hex
* Software Version 1.59
* Temperature SN =  4141
* Conductivity SN =  4141
* System UpLoad Time = Apr 04 2017 09:05:37
** Cook Inlet LTM Kbay Transect 9
** Date: 2017-03-28
** Station:04
** Start Time (AKST):15:26
** Depth (m):99
** Comment: R/V Edgecumbe
# nquan = 16
# nvalues = 720                         
# units = specified
# name 0 = scan: Scan Count
# name 1 = timeJ: Julian Days
# name 2 = timeH: Time, Elapsed [hours]
# name 3 = timeM: Time, Elapsed [minutes]
# name 4 = timeS: Time, Elapsed [seconds]
# name 5 = prdM: Pressure, Strain Gauge [db]
# name 6 = specc: Specific Conductance [uS/cm]
# name 7 = sal00: Salinity, Practical [PSU]
# name 8 = tv290C: Temperature [ITS-90, deg C]
# name 9 = depSM: Depth [salt water, m], lat = 59.00
# name 10 = oxsolML/L: Oxygen Saturation, Garcia & Gordon [ml/l]
# name 11 = potemp090C: Potential Temperature [ITS-90, deg C]
# name 12 = sigma-é00: Density [sigma-theta, kg/m^3]
# name 13 = n2satML/L: Nitrogen Saturation [ml/l]
# name 14 = par: PAR/Irradiance, Biospherical/Licor
# name 15 = flag:  0.000e+00
# span 0 =          1,        720       
# span 1 =  87.602477,  87.604557       
# span 2 =    0.00000,    0.04993       
# span 3 =     0.0000,     2.9958       
# span 4 =      0.000,    179.750       
# span 5 =      1.024,     85.438       
# span 6 =  51950.715,  52175.704       
# span 7 =    31.8929,    32.0705       
# span 8 =     3.0125,     3.3309       
# span 9 =      1.015,     84.622       
# span 10 =    7.51171,    7.57746      
# span 11 =     3.0124,     3.3259      
# span 12 =    25.3996,    25.5191      
# span 13 =   13.41077,   13.52086      
# span 14 = 3.6382e-02, 3.2999e+02      
# span 15 = 0.0000e+00, 0.0000e+00      
# interval = seconds: 0.25
# start_time = Mar 28 2017 14:27:34 [Instrument's time stamp, header]
# bad_flag = -9.990e-29
*END*
[from data line 633]
        634  87.604308    0.04396     2.6375    158.250     68.809  52161.769    32.0664     3.3190     68.154    7.51412     3.3156    25.5166   13.41479 3.6382e-02 0.0000e+00
        635  87.604311    0.04403     2.6417    158.500     69.037  52162.390    32.0668     3.3193     68.381    7.51404     3.3161    25.5169   13.41466 3.6382e-02 0.0000e+00
        636  87.604314    0.04410     2.6458    158.750     69.267  52163.323    32.0674     3.3197     68.609    7.51394     3.3168    25.5173   13.41448 3.6382e-02 0.0000e+00
        637  87.604317    0.04417     2.6500    159.000     69.494  52164.213    32.0680     3.3202     68.833    7.51381     3.3174    25.5178   13.41426 3.6382e-02 0.0000e+00
        638  87.604320    0.04424     2.6542    159.250     69.712  52164.413    32.0682     3.3209     69.049    7.51368     3.3179    25.5179   13.41404 3.6382e-02 0.0000e+00
        639  87.604323    0.04431     2.6583    159.500     69.919  52163.847    32.0678     3.3215     69.254    7.51357     3.3181    25.5176   13.41387 3.6382e-02 0.0000e+00
        640  87.604326    0.04437     2.6625    159.750     70.117  52163.167    32.0674     3.3220     69.450    7.51351     3.3183    25.5172   13.41377 3.6382e-02 0.0000e+00
        641  87.604329    0.04444     2.6667    160.000     70.315  52162.898    32.0672     3.3223     69.646    7.51346     3.3185    25.5170   13.41370 3.6382e-02 0.0000e+00
        642  87.604332    0.04451     2.6708    160.250     70.517  52163.020    32.0672     3.3225     69.846    7.51343     3.3187    25.5170   13.41364 3.6382e-02 0.0000e+00
        643  87.604334    0.04458     2.6750    160.500     70.730  52163.442    32.0674     3.3226     70.056    7.51339     3.3189    25.5172   13.41357 3.6382e-02 0.0000e+00
        644  87.604337    0.04465     2.6792    160.750     70.953  52164.023    32.0678     3.3228     70.277    7.51333     3.3192    25.5174   13.41348 3.6382e-02 0.0000e+00
        645  87.604340    0.04472     2.6833    161.000     71.182  52164.520    32.0681     3.3231     70.504    7.51327     3.3195    25.5176   13.41337 3.6382e-02 0.0000e+00
        646  87.604343    0.04479     2.6875    161.250     71.410  52164.818    32.0682     3.3234     70.730    7.51321     3.3197    25.5177   13.41327 3.6382e-02 0.0000e+00
        647  87.604346    0.04486     2.6917    161.500     71.630  52164.920    32.0682     3.3237     70.948    7.51315     3.3200    25.5177   13.41318 3.6382e-02 0.0000e+00
        648  87.604349    0.04493     2.6958    161.750     71.840  52164.965    32.0682     3.3239     71.155    7.51310     3.3202    25.5177   13.41309 3.6382e-02 0.0000e+00
        649  87.604352    0.04500     2.7000    162.000     72.038  52165.043    32.0682     3.3242     71.352    7.51306     3.3203    25.5176   13.41301 3.6382e-02 0.0000e+00
        650  87.604355    0.04507     2.7042    162.250     72.229  52165.080    32.0682     3.3244     71.541    7.51301     3.3204    25.5176   13.41295 3.6382e-02 0.0000e+00
        651  87.604358    0.04514     2.7083    162.500     72.419  52165.011    32.0681     3.3246     71.730    7.51298     3.3205    25.5175   13.41290 3.6382e-02 0.0000e+00
        652  87.604361    0.04521     2.7125    162.750     72.617  52164.787    32.0679     3.3247     71.926    7.51297     3.3204    25.5173   13.41288 3.6382e-02 0.0000e+00
        653  87.604363    0.04528     2.7167    163.000     72.826  52164.513    32.0677     3.3248     72.133    7.51298     3.3204    25.5171   13.41290 3.6382e-02 0.0000e+00
        654  87.604366    0.04535     2.7208    163.250     73.045  52164.464    32.0675     3.3247     72.349    7.51300     3.3203    25.5170   13.41292 3.6382e-02 0.0000e+00
        655  87.604369    0.04542     2.7250    163.500     73.269  52164.576    32.0674     3.3247     72.571    7.51301     3.3202    25.5170   13.41295 3.6382e-02 0.0000e+00
        656  87.604372    0.04549     2.7292    163.750     73.492  52164.581    32.0673     3.3246     72.792    7.51302     3.3201    25.5169   13.41297 3.6382e-02 0.0000e+00
        657  87.604375    0.04556     2.7333    164.000     73.712  52164.649    32.0672     3.3246     73.010    7.51304     3.3200    25.5168   13.41300 3.6382e-02 0.0000e+00
        658  87.604378    0.04562     2.7375    164.250     73.929  52165.014    32.0673     3.3245     73.225    7.51305     3.3200    25.5169   13.41302 3.6382e-02 0.0000e+00
        659  87.604381    0.04569     2.7417    164.500     74.148  52165.547    32.0676     3.3244     73.441    7.51305     3.3200    25.5171   13.41302 3.6382e-02 0.0000e+00
        660  87.604384    0.04576     2.7458    164.750     74.369  52166.048    32.0678     3.3244     73.660    7.51304     3.3201    25.5173   13.41300 3.6382e-02 0.0000e+00
        661  87.604387    0.04583     2.7500    165.000     74.593  52166.495    32.0680     3.3245     73.882    7.51302     3.3202    25.5175   13.41297 3.6382e-02 0.0000e+00
        662  87.604389    0.04590     2.7542    165.250     74.815  52166.952    32.0682     3.3246     74.102    7.51300     3.3204    25.5176   13.41293 3.6382e-02 0.0000e+00
        663  87.604392    0.04597     2.7583    165.500     75.031  52167.388    32.0684     3.3247     74.316    7.51296     3.3206    25.5178   13.41286 3.6382e-02 0.0000e+00
        664  87.604395    0.04604     2.7625    165.750     75.238  52167.683    32.0686     3.3249     74.522    7.51292     3.3207    25.5179   13.41279 3.6382e-02 0.0000e+00
        665  87.604398    0.04611     2.7667    166.000     75.436  52167.819    32.0686     3.3251     74.717    7.51289     3.3209    25.5179   13.41273 3.6382e-02 0.0000e+00
        666  87.604401    0.04618     2.7708    166.250     75.626  52167.841    32.0686     3.3252     74.905    7.51285     3.3210    25.5178   13.41268 3.6382e-02 0.0000e+00
        667  87.604404    0.04625     2.7750    166.500     75.810  52167.793    32.0685     3.3254     75.088    7.51283     3.3211    25.5177   13.41264 3.6382e-02 0.0000e+00
        668  87.604407    0.04632     2.7792    166.750     75.994  52167.751    32.0684     3.3255     75.270    7.51281     3.3211    25.5177   13.41261 3.6382e-02 0.0000e+00
        669  87.604410    0.04639     2.7833    167.000     76.184  52167.744    32.0683     3.3256     75.458    7.51280     3.3212    25.5176   13.41259 3.6382e-02 0.0000e+00
        670  87.604413    0.04646     2.7875    167.250     76.385  52167.809    32.0683     3.3256     75.656    7.51279     3.3212    25.5176   13.41258 3.6382e-02 0.0000e+00
        671  87.604416    0.04653     2.7917    167.500     76.599  52168.038    32.0683     3.3257     75.868    7.51278     3.3213    25.5176   13.41255 3.6382e-02 0.0000e+00
        672  87.604418    0.04660     2.7958    167.750     76.824  52168.383    32.0684     3.3258     76.091    7.51276     3.3213    25.5177   13.41252 3.6382e-02 0.0000e+00
        673  87.604421    0.04667     2.8000    168.000     77.053  52168.619    32.0685     3.3258     76.318    7.51274     3.3214    25.5177   13.41250 3.6382e-02 0.0000e+00
        674  87.604424    0.04674     2.8042    168.250     77.278  52168.675    32.0685     3.3259     76.541    7.51273     3.3214    25.5177   13.41248 3.6382e-02 0.0000e+00
        675  87.604427    0.04681     2.8083    168.500     77.492  52168.749    32.0684     3.3260     76.753    7.51272     3.3215    25.5176   13.41247 3.6382e-02 0.0000e+00
        676  87.604430    0.04688     2.8125    168.750     77.695  52168.941    32.0685     3.3260     76.954    7.51271     3.3215    25.5177   13.41245 3.6382e-02 0.0000e+00
        677  87.604433    0.04694     2.8167    169.000     77.890  52169.107    32.0685     3.3260     77.147    7.51270     3.3216    25.5177   13.41243 3.6382e-02 0.0000e+00
        678  87.604436    0.04701     2.8208    169.250     78.084  52169.088    32.0684     3.3261     77.339    7.51269     3.3215    25.5176   13.41241 3.6382e-02 0.0000e+00
        679  87.604439    0.04708     2.8250    169.500     78.285  52168.974    32.0682     3.3261     77.538    7.51269     3.3214    25.5175   13.41242 3.6382e-02 0.0000e+00
        680  87.604442    0.04715     2.8292    169.750     78.494  52169.018    32.0681     3.3261     77.745    7.51270     3.3214    25.5174   13.41243 3.6382e-02 0.0000e+00
        681  87.604444    0.04722     2.8333    170.000     78.709  52169.306    32.0682     3.3261     77.958    7.51271     3.3214    25.5175   13.41245 3.6382e-02 0.0000e+00
        682  87.604447    0.04729     2.8375    170.250     78.925  52169.736    32.0684     3.3260     78.172    7.51271     3.3214    25.5176   13.41245 3.6382e-02 0.0000e+00
        683  87.604450    0.04736     2.8417    170.500     79.134  52170.220    32.0686     3.3260     78.379    7.51270     3.3215    25.5178   13.41242 3.6382e-02 0.0000e+00
        684  87.604453    0.04743     2.8458    170.750     79.333  52170.727    32.0688     3.3261     78.577    7.51268     3.3216    25.5180   13.41238 3.6382e-02 0.0000e+00
        685  87.604456    0.04750     2.8500    171.000     79.527  52171.215    32.0691     3.3262     78.769    7.51265     3.3218    25.5182   13.41232 3.6382e-02 0.0000e+00
        686  87.604459    0.04757     2.8542    171.250     79.723  52171.659    32.0693     3.3263     78.963    7.51261     3.3220    25.5184   13.41226 3.6382e-02 0.0000e+00
        687  87.604462    0.04764     2.8583    171.500     79.926  52172.089    32.0696     3.3265     79.164    7.51257     3.3222    25.5185   13.41218 3.6382e-02 0.0000e+00
        688  87.604465    0.04771     2.8625    171.750     80.140  52172.515    32.0698     3.3267     79.375    7.51252     3.3224    25.5187   13.41210 3.6382e-02 0.0000e+00
        689  87.604468    0.04778     2.8667    172.000     80.360  52172.911    32.0700     3.3269     79.593    7.51246     3.3228    25.5189   13.41201 3.6382e-02 0.0000e+00
        690  87.604470    0.04785     2.8708    172.250     80.581  52173.236    32.0702     3.3272     79.812    7.51240     3.3231    25.5190   13.41190 3.6382e-02 0.0000e+00
        691  87.604473    0.04792     2.8750    172.500     80.794  52173.478    32.0703     3.3275     80.023    7.51233     3.3235    25.5190   13.41179 3.6382e-02 0.0000e+00
        692  87.604476    0.04799     2.8792    172.750     80.996  52173.582    32.0704     3.3279     80.223    7.51225     3.3239    25.5191   13.41167 3.6382e-02 0.0000e+00
        693  87.604479    0.04806     2.8833    173.000     81.187  52173.431    32.0703     3.3283     80.413    7.51219     3.3242    25.5190   13.41155 3.6382e-02 0.0000e+00
        694  87.604482    0.04813     2.8875    173.250     81.375  52173.154    32.0701     3.3287     80.598    7.51213     3.3244    25.5188   13.41146 3.6382e-02 0.0000e+00
        695  87.604485    0.04819     2.8917    173.500     81.564  52173.134    32.0701     3.3290     80.786    7.51208     3.3246    25.5187   13.41137 3.6382e-02 0.0000e+00
        696  87.604488    0.04826     2.8958    173.750     81.763  52173.436    32.0702     3.3292     80.983    7.51203     3.3248    25.5188   13.41129 3.6382e-02 0.0000e+00
        697  87.604491    0.04833     2.9000    174.000     81.972  52173.755    32.0704     3.3294     81.190    7.51198     3.3250    25.5190   13.41121 3.6382e-02 0.0000e+00
        698  87.604494    0.04840     2.9042    174.250     82.191  52173.964    32.0705     3.3297     81.406    7.51193     3.3252    25.5190   13.41113 3.6382e-02 0.0000e+00
        699  87.604497    0.04847     2.9083    174.500     82.412  52174.109    32.0705     3.3299     81.625    7.51189     3.3253    25.5190   13.41106 3.6382e-02 0.0000e+00
        700  87.604499    0.04854     2.9125    174.750     82.629  52174.154    32.0705     3.3300     81.840    7.51186     3.3254    25.5189   13.41101 3.6382e-02 0.0000e+00
        701  87.604502    0.04861     2.9167    175.000     82.836  52174.129    32.0704     3.3302     82.045    7.51183     3.3255    25.5189   13.41096 3.6382e-02 0.0000e+00
        702  87.604505    0.04868     2.9208    175.250     83.031  52174.131    32.0703     3.3304     82.238    7.51181     3.3256    25.5188   13.41093 3.6382e-02 0.0000e+00
        703  87.604508    0.04875     2.9250    175.500     83.218  52174.205    32.0703     3.3305     82.423    7.51179     3.3257    25.5188   13.41090 3.6382e-02 0.0000e+00
        704  87.604511    0.04882     2.9292    175.750     83.402  52174.361    32.0703     3.3305     82.605    7.51178     3.3257    25.5188   13.41088 3.6382e-02 0.0000e+00
        705  87.604514    0.04889     2.9333    176.000     83.589  52174.543    32.0704     3.3306     82.791    7.51177     3.3258    25.5189   13.41086 3.6382e-02 0.0000e+00
        706  87.604517    0.04896     2.9375    176.250     83.785  52174.674    32.0704     3.3306     82.985    7.51176     3.3258    25.5189   13.41084 3.6382e-02 0.0000e+00
        707  87.604520    0.04903     2.9417    176.500     83.991  52174.737    32.0703     3.3307     83.189    7.51174     3.3259    25.5188   13.41082 3.6382e-02 0.0000e+00
        708  87.604523    0.04910     2.9458    176.750     84.202  52174.786    32.0703     3.3308     83.398    7.51173     3.3259    25.5188   13.41080 3.6382e-02 0.0000e+00
        709  87.604525    0.04917     2.9500    177.000     84.414  52174.905    32.0703     3.3309     83.608    7.51172     3.3259    25.5188   13.41078 3.6382e-02 0.0000e+00
        710  87.604528    0.04924     2.9542    177.250     84.619  52175.097    32.0703     3.3309     83.811    7.51172     3.3259    25.5188   13.41077 3.6382e-02 0.0000e+00
        711  87.604531    0.04931     2.9583    177.500     84.810  52175.311    32.0704     3.3309     84.000    7.51171     3.3259    25.5188   13.41077 3.6382e-02 0.0000e+00
        712  87.604534    0.04938     2.9625    177.750     84.982  52175.511    32.0704     3.3309     84.170    7.51171     3.3258    25.5189   13.41077 3.6382e-02 0.0000e+00
        713  87.604537    0.04944     2.9667    178.000     85.129  52175.665    32.0704     3.3308     84.316    7.51171     3.3258    25.5189   13.41077 3.6382e-02 0.0000e+00
        714  87.604540    0.04951     2.9708    178.250     85.247  52175.704    32.0704     3.3308     84.432    7.51171     3.3258    25.5188   13.41077 3.6382e-02 0.0000e+00
        715  87.604543    0.04958     2.9750    178.500     85.328  52175.551    32.0702     3.3308     84.512    7.51172     3.3258    25.5187   13.41078 3.6382e-02 0.0000e+00
        716  87.604546    0.04965     2.9792    178.750     85.374  52175.306    32.0700     3.3308     84.558    7.51173     3.3258    25.5185   13.41080 3.6382e-02 0.0000e+00
        717  87.604549    0.04972     2.9833    179.000     85.399  52175.172    32.0699     3.3308     84.583    7.51173     3.3258    25.5185   13.41081 3.6382e-02 0.0000e+00
        718  87.604552    0.04979     2.9875    179.250     85.418  52175.111    32.0699     3.3308     84.602    7.51173     3.3258    25.5185   13.41081 3.6382e-02 0.0000e+00
        719  87.604554    0.04986     2.9917    179.500     85.432  52175.040    32.0698     3.3308     84.616    7.51174 -9.990e-29    25.5184   13.41082 3.6382e-02 0.0000e+00
        720  87.604557    0.04993     2.9958    179.750     85.438  52175.008    32.0698     3.3308     84.622    7.51174 -9.990e-29    25.5184   13.41082 3.6382e-02 0.0000e+00
