CTD-processing/allCTD/CNV--turbid/2017_11-07_t9_s01_cast106.cnv
* Sea-Bird SBE19plus Data File:
* FileName = C:\Users\Kim.Powell\Desktop\Not Processed\2017\2017_11-07_AlongBay,T9_4141\2017_11-07_TRANSECT_STATION_cast106.hex
* Software Version 1.59
* Temperature SN =  4141
* Conductivity SN =  4141
* System UpLoad Time = Nov 09 2017 10:39:21
** 2017_11-07
** Station: 9-01
** Start Time: 14:47
** Depth (m): 63.1
** Comment: Edgecumbe
** Comment: CTD time 1 hr off for daylight savings time
# nquan = 16
# nvalues = 672                         
# units = specified
# name 0 = scan: Scan Count
# name 1 = timeJ: Julian Days
# name 2 = timeH: Time, Elapsed [hours]
# name 3 = timeM: Time, Elapsed [minutes]
# name 4 = timeS: Time, Elapsed [seconds]
# name 5 = prdM: Pressure, Strain Gauge [db]
# name 6 = specc: Specific Conductance [uS/cm]
# name 7 = sal00: Salinity, Practical [PSU]
# name 8 = tv290C: Temperature [ITS-90, deg C]
# name 9 = depSM: Depth [salt water, m], lat = 59.00
# name 10 = oxsolML/L: Oxygen Saturation, Garcia & Gordon [ml/l]
# name 11 = potemp090C: Potential Temperature [ITS-90, deg C]
# name 12 = sigma-é00: Density [sigma-theta, kg/m^3]
# name 13 = n2satML/L: Nitrogen Saturation [ml/l]
# name 14 = par: PAR/Irradiance, Biospherical/Licor
# name 15 = flag:  0.000e+00
# span 0 =          1,        672       
# span 1 = 311.658067, 311.660009       
# span 2 =    0.00000,    0.04660       
# span 3 =     0.0000,     2.7958       
# span 4 =      0.000,    167.750       
# span 5 =      0.746,     66.573       
# span 6 =  47427.839,  50017.603       
# span 7 =    29.7972,    31.3238       
# span 8 =     6.5096,     9.0435       
# span 9 =      0.739,     65.940       
# span 10 =    6.62255,    6.99645      
# span 11 =     6.8719,     9.0374      
# span 12 =    23.1727,    24.5851      
# span 13 =   11.95664,   12.56954      
# span 14 = 3.6382e-02, 1.6499e+02      
# span 15 = 0.0000e+00, 0.0000e+00      
# interval = seconds: 0.25
# start_time = Nov 07 2017 15:47:37 [Instrument's time stamp, header]
# bad_flag = -9.990e-29
*END*
[from data line 272]
        273 311.658854    0.01889     1.1333     68.000      0.827  48386.024    30.5021     8.3853      0.819    6.73710     8.3858    23.6888   12.15083 7.5362e+01 0.0000e+00
        274 311.658857    0.01896     1.1375     68.250      0.820  48385.623    30.5018     8.3856      0.813    6.73707     8.3860    23.6886   12.15079 7.5796e+01 0.0000e+00
        275 311.658860    0.01903     1.1417     68.500      0.815  48384.976    30.5014     8.3859      0.808    6.73705     8.3860    23.6883   12.15075 7.5989e+01 0.0000e+00
        276 311.658863    0.01910     1.1458     68.750      0.810  48383.945    30.5007     8.3861      0.803    6.73704     8.3857    23.6877   12.15076 7.5642e+01 0.0000e+00
        277 311.658866    0.01917     1.1500     69.000      0.808  48382.519    30.4997     8.3861      0.801    6.73708     8.3852    23.6869   12.15083 7.5686e+01 0.0000e+00
        278 311.658869    0.01924     1.1542     69.250      0.809  48381.182    30.4987     8.3858      0.802    6.73717     8.3843    23.6862   12.15098 7.6279e+01 0.0000e+00
        279 311.658872    0.01931     1.1583     69.500      0.811  48380.375    30.4981     8.3852      0.804    6.73729     8.3834    23.6858   12.15118 7.6805e+01 0.0000e+00
        280 311.658874    0.01938     1.1625     69.750      0.815  48380.100    30.4978     8.3844      0.807    6.73743     8.3824    23.6857   12.15141 7.7080e+01 0.0000e+00
        281 311.658877    0.01944     1.1667     70.000      0.819  48380.095    30.4977     8.3835      0.811    6.73758     8.3815    23.6857   12.15167 7.7499e+01 0.0000e+00
        282 311.658880    0.01951     1.1708     70.250      0.822  48380.050    30.4975     8.3825      0.815    6.73773     8.3805    23.6857   12.15193 7.8081e+01 0.0000e+00
        283 311.658883    0.01958     1.1750     70.500      0.824  48379.593    30.4970     8.3815      0.817    6.73790     8.3794    23.6855   12.15221 7.8421e+01 0.0000e+00
        284 311.658886    0.01965     1.1792     70.750      0.824  48378.415    30.4960     8.3806      0.817    6.73809     8.3782    23.6848   12.15254 7.8593e+01 0.0000e+00
        285 311.658889    0.01972     1.1833     71.000      0.822  48376.603    30.4946     8.3795      0.814    6.73832     8.3768    23.6839   12.15293 7.8590e+01 0.0000e+00
        286 311.658892    0.01979     1.1875     71.250      0.818  48374.764    30.4932     8.3783      0.810    6.73856     8.3754    23.6829   12.15336 7.8303e+01 0.0000e+00
        287 311.658895    0.01986     1.1917     71.500      0.813  48373.691    30.4922     8.3769      0.805    6.73881     8.3740    23.6824   12.15377 7.7736e+01 0.0000e+00
        288 311.658898    0.01993     1.1958     71.750      0.808  48373.662    30.4920     8.3755      0.801    6.73903     8.3728    23.6824   12.15414 7.6712e+01 0.0000e+00
        289 311.658900    0.02000     1.2000     72.000      0.804  48374.367    30.4923     8.3741      0.797    6.73923     8.3718    23.6828   12.15448 7.5872e+01 0.0000e+00
        290 311.658903    0.02007     1.2042     72.250      0.802  48375.356    30.4928     8.3728      0.794    6.73940     8.3713    23.6834   12.15475 7.5424e+01 0.0000e+00
        291 311.658906    0.02014     1.2083     72.500      0.800  48376.358    30.4934     8.3719      0.793    6.73952     8.3711    23.6840   12.15493 7.4713e+01 0.0000e+00
        292 311.658909    0.02021     1.2125     72.750      0.800  48377.240    30.4939     8.3714      0.793    6.73958     8.3711    23.6845   12.15502 7.4177e+01 0.0000e+00
        293 311.658912    0.02028     1.2167     73.000      0.802  48377.831    30.4943     8.3711      0.794    6.73959     8.3712    23.6848   12.15505 7.4356e+01 0.0000e+00
        294 311.658915    0.02035     1.2208     73.250      0.805  48377.912    30.4943     8.3711      0.798    6.73959     8.3712    23.6848   12.15505 7.5165e+01 0.0000e+00
        295 311.658918    0.02042     1.2250     73.500      0.809  48377.401    30.4940     8.3712      0.802    6.73960     8.3712    23.6846   12.15506 7.6286e+01 0.0000e+00
        296 311.658921    0.02049     1.2292     73.750      0.814  48376.563    30.4934     8.3713      0.806    6.73961     8.3710    23.6841   12.15509 7.7365e+01 0.0000e+00
        297 311.658924    0.02056     1.2333     74.000      0.817  48375.682    30.4928     8.3712      0.809    6.73965     8.3706    23.6836   12.15516 7.7999e+01 0.0000e+00
        298 311.658927    0.02063     1.2375     74.250      0.819  48374.756    30.4921     8.3710      0.811    6.73971     8.3700    23.6831   12.15527 7.8188e+01 0.0000e+00
        299 311.658929    0.02069     1.2417     74.500      0.818  48373.613    30.4912     8.3706      0.810    6.73981     8.3692    23.6825   12.15544 7.9087e+01 0.0000e+00
        300 311.658932    0.02076     1.2458     74.750      0.817  48372.135    30.4901     8.3700      0.809    6.73994     8.3682    23.6817   12.15568 8.0701e+01 0.0000e+00
        301 311.658935    0.02083     1.2500     75.000      0.816  48370.491    30.4889     8.3693      0.808    6.74011     8.3671    23.6809   12.15598 8.2542e+01 0.0000e+00
        302 311.658938    0.02090     1.2542     75.250      0.816  48369.177    30.4878     8.3683      0.808    6.74031     8.3660    23.6802   12.15632 8.5542e+01 0.0000e+00
        303 311.658941    0.02097     1.2583     75.500      0.817  48368.558    30.4872     8.3672      0.809    6.74050     8.3649    23.6798   12.15664 8.9460e+01 0.0000e+00
        304 311.658944    0.02104     1.2625     75.750      0.818  48368.254    30.4868     8.3661      0.810    6.74069     8.3639    23.6797   12.15696 9.2056e+01 0.0000e+00
        305 311.658947    0.02111     1.2667     76.000      0.817  48367.589    30.4862     8.3650      0.810    6.74088     8.3628    23.6794   12.15728 9.1837e+01 0.0000e+00
        306 311.658950    0.02118     1.2708     76.250      0.815  48366.244    30.4851     8.3640      0.808    6.74108     8.3616    23.6787   12.15763 8.9384e+01 0.0000e+00
        307 311.658953    0.02125     1.2750     76.500      0.812  48364.338    30.4836     8.3629      0.805    6.74131     8.3603    23.6777   12.15803 8.6437e+01 0.0000e+00
        308 311.658955    0.02132     1.2792     76.750      0.809  48362.421    30.4821     8.3617      0.802    6.74156     8.3589    23.6767   12.15846 8.5180e+01 0.0000e+00
        309 311.658958    0.02139     1.2833     77.000      0.808  48360.781    30.4808     8.3604      0.801    6.74182     8.3575    23.6758   12.15891 8.6570e+01 0.0000e+00
        310 311.658961    0.02146     1.2875     77.250      0.810  48359.415    30.4796     8.3590      0.802    6.74209     8.3561    23.6751   12.15936 9.0591e+01 0.0000e+00
        311 311.658964    0.02153     1.2917     77.500      0.813  48358.477    30.4788     8.3576      0.805    6.74234     8.3548    23.6746   12.15979 9.7026e+01 0.0000e+00
        312 311.658967    0.02160     1.2958     77.750      0.816  48357.508    30.4779     8.3562      0.808    6.74259     8.3535    23.6741   12.16020 1.0448e+02 0.0000e+00
        313 311.658970    0.02167     1.3000     78.000      0.818  48355.995    30.4767     8.3549      0.810    6.74284     8.3521    23.6734   12.16064 1.0823e+02 0.0000e+00
        314 311.658973    0.02174     1.3042     78.250      0.818  48354.655    30.4755     8.3535      0.811    6.74310     8.3508    23.6727   12.16108 1.0519e+02 0.0000e+00
        315 311.658976    0.02181     1.3083     78.500      0.817  48354.316    30.4751     8.3521      0.810    6.74333     8.3497    23.6725   12.16148 1.0030e+02 0.0000e+00
        316 311.658979    0.02187     1.3125     78.750      0.816  48354.485    30.4750     8.3508      0.809    6.74353     8.3489    23.6726   12.16180 9.8764e+01 0.0000e+00
        317 311.658981    0.02194     1.3167     79.000      0.816  48354.666    30.4750     8.3498      0.809    6.74369     8.3483    23.6728   12.16207 1.0182e+02 0.0000e+00
        318 311.658984    0.02201     1.3208     79.250      0.818  48355.473    30.4754     8.3490      0.811    6.74379     8.3482    23.6732   12.16224 1.1034e+02 0.0000e+00
        319 311.658987    0.02208     1.3250     79.500      0.823  48357.271    30.4766     8.3484      0.815    6.74383     8.3487    23.6742   12.16228 1.2229e+02 0.0000e+00
        320 311.658990    0.02215     1.3292     79.750      0.829  48359.732    30.4783     8.3483      0.821    6.74377     8.3497    23.6756   12.16216 1.3261e+02 0.0000e+00
        321 311.658993    0.02222     1.3333     80.000      0.833  48362.250    30.4801     8.3488      0.825    6.74361     8.3511    23.6769   12.16188 1.4133e+02 0.0000e+00
        322 311.658996    0.02229     1.3375     80.250      0.835  48364.288    30.4817     8.3498      0.828    6.74338     8.3527    23.6780   12.16149 1.4876e+02 0.0000e+00
        323 311.658999    0.02236     1.3417     80.500      0.835  48366.038    30.4831     8.3512      0.828    6.74311     8.3545    23.6789   12.16101 1.5238e+02 0.0000e+00
        324 311.659002    0.02243     1.3458     80.750      0.834  48367.968    30.4847     8.3528      0.826    6.74280     8.3562    23.6799   12.16048 1.5590e+02 0.0000e+00
        325 311.659005    0.02250     1.3500     81.000      0.831  48369.649    30.4861     8.3545      0.823    6.74248     8.3578    23.6808   12.15993 1.5975e+02 0.0000e+00
        326 311.659008    0.02257     1.3542     81.250      0.828  48370.545    30.4870     8.3563      0.820    6.74217     8.3592    23.6813   12.15941 1.6226e+02 0.0000e+00
        327 311.659010    0.02264     1.3583     81.500      0.825  48370.942    30.4875     8.3579      0.818    6.74190     8.3605    23.6814   12.15896 1.6499e+02 0.0000e+00
        328 311.659013    0.02271     1.3625     81.750      0.824  48370.974    30.4878     8.3593      0.816    6.74168     8.3615    23.6814   12.15859 1.6419e+02 0.0000e+00
        329 311.659016    0.02278     1.3667     82.000      0.824  48371.146    30.4881     8.3606      0.816    6.74148     8.3626    23.6815   12.15826 1.5829e+02 0.0000e+00
        330 311.659019    0.02285     1.3708     82.250      0.827  48372.193    30.4889     8.3616      0.819    6.74128     8.3638    23.6820   12.15791 1.5158e+02 0.0000e+00
        331 311.659022    0.02292     1.3750     82.500      0.832  48373.832    30.4902     8.3627      0.824    6.74106     8.3649    23.6829   12.15753 1.5001e+02 0.0000e+00
        332 311.659025    0.02299     1.3792     82.750      0.837  48375.443    30.4915     8.3639      0.829    6.74083     8.3661    23.6837   12.15713 1.5362e+02 0.0000e+00
        333 311.659028    0.02306     1.3833     83.000      0.842  48377.377    30.4931     8.3650      0.834    6.74058     8.3676    23.6847   12.15671 1.5712e+02 0.0000e+00
        334 311.659031    0.02313     1.3875     83.250      0.845  48380.693    30.4956     8.3662      0.837    6.74029     8.3696    23.6865   12.15620 1.6087e+02 0.0000e+00
        335 311.659034    0.02319     1.3917     83.500      0.847  48384.938    30.4987     8.3676      0.839    6.73993     8.3720    23.6888   12.15556 1.6180e+02 0.0000e+00
        336 311.659036    0.02326     1.3958     83.750      0.851  48388.243    30.5013     8.3696      0.843    6.73951     8.3746    23.6905   12.15483 1.5438e+02 0.0000e+00
        337 311.659039    0.02333     1.4000     84.000      0.859  48390.031    30.5029     8.3721      0.851    6.73907     8.3770    23.6914   12.15408 1.4455e+02 0.0000e+00
        338 311.659042    0.02340     1.4042     84.250      0.873  48391.517    30.5043     8.3747      0.865    6.73862     8.3793    23.6922   12.15332 1.3820e+02 0.0000e+00
        339 311.659045    0.02347     1.4083     84.500      0.899  48393.554    30.5061     8.3771      0.890    6.73818     8.3817    23.6932   12.15256 1.3333e+02 0.0000e+00
        340 311.659048    0.02354     1.4125     84.750      0.941  48396.494    30.5085     8.3794      0.932    6.73772     8.3846    23.6947   12.15177 1.2962e+02 0.0000e+00
        341 311.659051    0.02361     1.4167     85.000      1.009  48402.254    30.5128     8.3818      1.000    6.73716     8.3891    23.6978   12.15081 1.2660e+02 0.0000e+00
        342 311.659054    0.02368     1.4208     85.250      1.111  48411.666    30.5198     8.3848      1.101    6.73641     8.3952    23.7028   12.14947 1.2079e+02 0.0000e+00
        343 311.659057    0.02375     1.4250     85.500      1.241  48420.949    30.5268     8.3892      1.230    6.73542     8.4021    23.7077   12.14775 1.1277e+02 0.0000e+00
        344 311.659060    0.02382     1.4292     85.750      1.390  48426.041    30.5312     8.3954      1.377    6.73429     8.4085    23.7103   12.14583 1.0468e+02 0.0000e+00
        345 311.659063    0.02389     1.4333     86.000      1.549  48426.790    30.5327     8.4022      1.535    6.73319     8.4138    23.7104   12.14398 9.7527e+01 0.0000e+00
        346 311.659065    0.02396     1.4375     86.250      1.715  48425.049    30.5323     8.4087      1.699    6.73223     8.4180    23.7092   12.14239 9.1365e+01 0.0000e+00
        347 311.659068    0.02403     1.4417     86.500      1.883  48422.631    30.5313     8.4141      1.865    6.73145     8.4212    23.7077   12.14112 8.4529e+01 0.0000e+00
        348 311.659071    0.02410     1.4458     86.750      2.052  48420.675    30.5305     8.4183      2.033    6.73085     8.4237    23.7064   12.14014 7.7085e+01 0.0000e+00
        349 311.659074    0.02417     1.4500     87.000      2.221  48419.749    30.5302     8.4214      2.200    6.73039     8.4258    23.7057   12.13937 7.0361e+01 0.0000e+00
        350 311.659077    0.02424     1.4542     87.250      2.387  48420.717    30.5312     8.4239      2.365    6.72997     8.4283    23.7061   12.13867 6.5000e+01 0.0000e+00
        351 311.659080    0.02431     1.4583     87.500      2.552  48424.478    30.5341     8.4260      2.528    6.72951     8.4316    23.7081   12.13787 6.0920e+01 0.0000e+00
        352 311.659083    0.02438     1.4625     87.750      2.715  48431.266    30.5391     8.4285      2.689    6.72892     8.4360    23.7117   12.13683 5.7777e+01 0.0000e+00
        353 311.659086    0.02444     1.4667     88.000      2.878  48439.262    30.5451     8.4318      2.851    6.72815     8.4412    23.7159   12.13548 5.5107e+01 0.0000e+00
        354 311.659089    0.02451     1.4708     88.250      3.045  48445.802    30.5503     8.4363      3.016    6.72725     8.4469    23.7193   12.13393 5.2391e+01 0.0000e+00
        355 311.659091    0.02458     1.4750     88.500      3.216  48451.938    30.5552     8.4415      3.186    6.72625     8.4533    23.7224   12.13220 4.9495e+01 0.0000e+00
        356 311.659094    0.02465     1.4792     88.750      3.392  48459.357    30.5612     8.4473      3.360    6.72511     8.4600    23.7262   12.13025 4.6675e+01 0.0000e+00
        357 311.659097    0.02472     1.4833     89.000      3.569  48465.382    30.5662     8.4536      3.536    6.72393     8.4664    23.7293   12.12823 4.4092e+01 0.0000e+00
        358 311.659100    0.02479     1.4875     89.250      3.746  48467.246    30.5684     8.4604      3.710    6.72281     8.4718    23.7300   12.12635 4.1683e+01 0.0000e+00
        359 311.659103    0.02486     1.4917     89.500      3.919  48465.900    30.5683     8.4668      3.882    6.72184     8.4760    23.7290   12.12475 3.9406e+01 0.0000e+00
        360 311.659106    0.02493     1.4958     89.750      4.091  48463.585    30.5674     8.4722      4.052    6.72106     8.4792    23.7275   12.12347 3.7253e+01 0.0000e+00
        361 311.659109    0.02500     1.5000     90.000      4.264  48461.452    30.5665     8.4764      4.224    6.72046     8.4815    23.7261   12.12249 3.5212e+01 0.0000e+00
