CTD-processing/allCTD/CNV--turbid/2017_10-20_alongbay_skb08_cast071.cnv
* Sea-Bird SBE19plus Data File:
* FileName = C:\Users\Kim.Powell\Desktop\Not Processed\2017\2017_10-20_AlongBay\2017_10-20_AlongBay_STATION_cast071.hex
* Software Version 1.59
* Temperature SN =  4141
* Conductivity SN =  4141
* System UpLoad Time = Oct 20 2017 16:02:29
** 2017_10-20
** Station: KB08
** Start Time: 12:48
** Depth (m): 82.3
** Comment: Edgecumbe
** Comment:
# nquan = 16
# nvalues = 621                         
# units = specified
# name 0 = scan: Scan Count
# name 1 = timeJ: Julian Days
# name 2 = timeH: Time, Elapsed [hours]
# name 3 = timeM: Time, Elapsed [minutes]
# name 4 = timeS: Time, Elapsed [seconds]
# name 5 = prdM: Pressure, Strain Gauge [db]
# name 6 = specc: Specific Conductance [uS/cm]
# name 7 = sal00: Salinity, Practical [PSU]
# name 8 = tv290C: Temperature [ITS-90, deg C]
# name 9 = depSM: Depth [salt water, m], lat = 59.00
# name 10 = oxsolML/L: Oxygen Saturation, Garcia & Gordon [ml/l]
# name 11 = potemp090C: Potential Temperature [ITS-90, deg C]
# name 12 = sigma-é00: Density [sigma-theta, kg/m^3]
# name 13 = n2satML/L: Nitrogen Saturation [ml/l]
# name 14 = par: PAR/Irradiance, Biospherical/Licor
# name 15 = flag:  0.000e+00
# span 0 =          1,        621       
# span 1 = 293.533970, 293.535764       
# span 2 =    0.00000,    0.04306       
# span 3 =     0.0000,     2.5833       
# span 4 =      0.000,    155.000       
# span 5 =     -0.237,     80.906       
# span 6 =   3412.697,  48883.647       
# span 7 =     1.6962,    31.0154       
# span 8 =     1.7186,     9.8659       
# span 9 =     -0.235,     80.134       
# span 10 =    6.50090,    9.63955      
# span 11 =     1.7220,     9.8610      
# span 12 =     1.3087,    23.8717      
# span 13 =   11.75423,   17.40515      
# span 14 = 3.6382e-02, 8.7363e+02      
# span 15 = 0.0000e+00, 0.0000e+00      
# interval = seconds: 0.25
# start_time = Oct 20 2017 12:48:55 [Instrument's time stamp, header]
# bad_flag = -9.990e-29
*END*
[from data line 452]
        453 293.535278    0.03139     1.8833    113.000     40.748  48694.433    30.9015     9.8555     40.363    6.50343     9.8530    23.7775   11.75898 1.1290e-01 0.0000e+00
        454 293.535281    0.03146     1.8875    113.250     41.026  48699.943    30.9054     9.8564     40.639    6.50313     9.8541    23.7804   11.75844 1.0757e-01 0.0000e+00
        455 293.535284    0.03153     1.8917    113.500     41.296  48704.748    30.9088     9.8575     40.906    6.50284     9.8552    23.7829   11.75792 1.0272e-01 0.0000e+00
        456 293.535286    0.03160     1.8958    113.750     41.561  48708.546    30.9115     9.8586     41.169    6.50257     9.8563    23.7849   11.75744 9.8334e-02 0.0000e+00
        457 293.535289    0.03167     1.9000    114.000     41.828  48711.649    30.9137     9.8597     41.433    6.50232     9.8572    23.7864   11.75699 9.4254e-02 0.0000e+00
        458 293.535292    0.03174     1.9042    114.250     42.098  48714.633    30.9158     9.8608     41.700    6.50208     9.8581    23.7879   11.75656 9.0357e-02 0.0000e+00
        459 293.535295    0.03181     1.9083    114.500     42.370  48717.834    30.9180     9.8618     41.970    6.50184     9.8589    23.7895   11.75614 8.6634e-02 0.0000e+00
        460 293.535298    0.03188     1.9125    114.750     42.640  48720.776    30.9201     9.8627     42.237    6.50162     9.8596    23.7910   11.75575 8.3085e-02 0.0000e+00
        461 293.535301    0.03194     1.9167    115.000     42.903  48722.746    30.9215     9.8636     42.497    6.50144     9.8601    23.7920   11.75545 7.9797e-02 0.0000e+00
        462 293.535304    0.03201     1.9208    115.250     43.157  48723.745    30.9222     9.8643     42.749    6.50131     9.8605    23.7924   11.75522 7.6882e-02 0.0000e+00
        463 293.535307    0.03208     1.9250    115.500     43.400  48724.240    30.9225     9.8648     42.990    6.50122     9.8607    23.7925   11.75507 7.4294e-02 0.0000e+00
        464 293.535310    0.03215     1.9292    115.750     43.637  48724.495    30.9226     9.8652     43.224    6.50116     9.8609    23.7926   11.75497 7.1944e-02 0.0000e+00
        465 293.535312    0.03222     1.9333    116.000     43.871  48724.718    30.9227     9.8655     43.456    6.50112     9.8609    23.7926   11.75490 6.9773e-02 0.0000e+00
        466 293.535315    0.03229     1.9375    116.250     44.107  48725.059    30.9229     9.8657     43.690    6.50109     9.8610    23.7927   11.75484 6.7723e-02 0.0000e+00
        467 293.535318    0.03236     1.9417    116.500     44.347  48725.500    30.9231     9.8658     43.927    6.50106     9.8610    23.7929   11.75480 6.5782e-02 0.0000e+00
        468 293.535321    0.03243     1.9458    116.750     44.593  48726.035    30.9234     9.8658     44.172    6.50104     9.8610    23.7931   11.75475 6.3943e-02 0.0000e+00
        469 293.535324    0.03250     1.9500    117.000     44.848  48726.651    30.9237     9.8659     44.424    6.50102     9.8609    23.7933   11.75471 6.2105e-02 0.0000e+00
        470 293.535327    0.03257     1.9542    117.250     45.107  48727.466    30.9242     9.8659     44.680    6.50100     9.8607    23.7937   11.75467 6.0252e-02 0.0000e+00
        471 293.535330    0.03264     1.9583    117.500     45.365  48728.646    30.9249     9.8658     44.936    6.50098     9.8605    23.7943   11.75463 5.8528e-02 0.0000e+00
        472 293.535333    0.03271     1.9625    117.750     45.619  48730.097    30.9258     9.8657     45.188    6.50096     9.8601    23.7950   11.75459 5.6972e-02 0.0000e+00
        473 293.535336    0.03278     1.9667    118.000     45.869  48731.721    30.9268     9.8654     45.435    6.50095     9.8598    23.7958   11.75457 5.5519e-02 0.0000e+00
        474 293.535339    0.03285     1.9708    118.250     46.117  48733.469    30.9279     9.8651     45.680    6.50095     9.8594    23.7967   11.75455 5.4161e-02 0.0000e+00
        475 293.535341    0.03292     1.9750    118.500     46.366  48735.193    30.9289     9.8648     45.927    6.50095     9.8589    23.7976   11.75454 5.2890e-02 0.0000e+00
        476 293.535344    0.03299     1.9792    118.750     46.617  48736.955    30.9300     9.8644     46.176    6.50096     9.8583    23.7985   11.75454 5.1710e-02 0.0000e+00
        477 293.535347    0.03306     1.9833    119.000     46.872  48739.027    30.9313     9.8640     46.428    6.50097     9.8575    23.7996   11.75454 5.0621e-02 0.0000e+00
        478 293.535350    0.03313     1.9875    119.250     47.129  48741.552    30.9329     9.8634     46.683    6.50099     9.8566    23.8010   11.75455 4.9592e-02 0.0000e+00
        479 293.535353    0.03319     1.9917    119.500     47.384  48744.522    30.9348     9.8626     46.936    6.50102     9.8558    23.8026   11.75458 4.8616e-02 0.0000e+00
        480 293.535356    0.03326     1.9958    119.750     47.635  48747.743    30.9369     9.8618     47.184    6.50105     9.8550    23.8043   11.75462 4.7721e-02 0.0000e+00
        481 293.535359    0.03333     2.0000    120.000     47.880  48750.799    30.9388     9.8609     47.427    6.50109     9.8544    23.8060   11.75466 4.6933e-02 0.0000e+00
        482 293.535362    0.03340     2.0042    120.250     48.118  48753.317    30.9404     9.8602     47.663    6.50113     9.8540    23.8074   11.75471 4.6212e-02 0.0000e+00
        483 293.535365    0.03347     2.0083    120.500     48.350  48755.270    30.9416     9.8597     47.893    6.50116     9.8538    23.8084   11.75474 4.5506e-02 0.0000e+00
        484 293.535367    0.03354     2.0125    120.750     48.578  48756.887    30.9426     9.8593     48.119    6.50118     9.8536    23.8092   11.75475 4.4839e-02 0.0000e+00
        485 293.535370    0.03361     2.0167    121.000     48.806  48758.153    30.9434     9.8591     48.345    6.50118     9.8536    23.8098   11.75474 4.4228e-02 0.0000e+00
        486 293.535373    0.03368     2.0208    121.250     49.038  48758.957    30.9438     9.8590     48.574    6.50118     9.8536    23.8102   11.75473 4.3661e-02 0.0000e+00
        487 293.535376    0.03375     2.0250    121.500     49.276  48759.455    30.9441     9.8589     48.810    6.50117     9.8536    23.8104   11.75472 4.3134e-02 0.0000e+00
        488 293.535379    0.03382     2.0292    121.750     49.521  48759.814    30.9442     9.8590     49.053    6.50115     9.8536    23.8105   11.75469 4.2623e-02 0.0000e+00
        489 293.535382    0.03389     2.0333    122.000     49.772  48760.156    30.9443     9.8590     49.301    6.50114     9.8536    23.8106   11.75467 4.2099e-02 0.0000e+00
        490 293.535385    0.03396     2.0375    122.250     50.024  48760.521    30.9445     9.8590     49.551    6.50113     9.8535    23.8108   11.75465 4.1590e-02 0.0000e+00
        491 293.535388    0.03403     2.0417    122.500     50.272  48760.823    30.9446     9.8590     49.797    6.50113     9.8535    23.8109   11.75464 4.1123e-02 0.0000e+00
        492 293.535391    0.03410     2.0458    122.750     50.510  48761.089    30.9447     9.8590     50.032    6.50112     9.8535    23.8109   11.75463 4.0683e-02 0.0000e+00
        493 293.535394    0.03417     2.0500    123.000     50.738  48761.448    30.9449     9.8590     50.258    6.50112     9.8535    23.8110   11.75463 4.0275e-02 0.0000e+00
        494 293.535396    0.03424     2.0542    123.250     50.964  48761.853    30.9451     9.8590     50.482    6.50111     9.8536    23.8112   11.75461 3.9891e-02 0.0000e+00
        495 293.535399    0.03431     2.0583    123.500     51.200  48762.181    30.9452     9.8590     50.715    6.50110     9.8536    23.8113   11.75459 3.9517e-02 0.0000e+00
        496 293.535402    0.03438     2.0625    123.750     51.453  48762.431    30.9453     9.8591     50.965    6.50108     9.8537    23.8113   11.75457 3.9158e-02 0.0000e+00
        497 293.535405    0.03444     2.0667    124.000     51.722  48762.653    30.9454     9.8592     51.232    6.50107     9.8537    23.8114   11.75454 3.8829e-02 0.0000e+00
        498 293.535408    0.03451     2.0708    124.250     52.007  48762.897    30.9454     9.8593     51.514    6.50105     9.8538    23.8114   11.75452 3.8509e-02 0.0000e+00
        499 293.535411    0.03458     2.0750    124.500     52.304  48763.153    30.9455     9.8594     51.809    6.50104     9.8539    23.8115   11.75449 3.8186e-02 0.0000e+00
        500 293.535414    0.03465     2.0792    124.750     52.610  48763.452    30.9455     9.8595     52.112    6.50102     9.8539    23.8115   11.75446 3.7988e-02 0.0000e+00
        501 293.535417    0.03472     2.0833    125.000     52.920  48763.765    30.9456     9.8596     52.419    6.50100     9.8539    23.8116   11.75443 3.7904e-02 0.0000e+00
        502 293.535420    0.03479     2.0875    125.250     53.227  48764.018    30.9457     9.8597     52.723    6.50099     9.8539    23.8117   11.75440 3.7744e-02 0.0000e+00
        503 293.535422    0.03486     2.0917    125.500     53.524  48764.268    30.9458     9.8597     53.016    6.50098     9.8539    23.8117   11.75439 3.7496e-02 0.0000e+00
        504 293.535425    0.03493     2.0958    125.750     53.806  48764.504    30.9458     9.8597     53.296    6.50097     9.8539    23.8117   11.75438 3.7257e-02 0.0000e+00
        505 293.535428    0.03500     2.1000    126.000     54.077  48764.757    30.9459     9.8598     53.565    6.50097     9.8539    23.8118   11.75437 3.7062e-02 0.0000e+00
        506 293.535431    0.03507     2.1042    126.250     54.344  48765.073    30.9460     9.8598     53.829    6.50096     9.8539    23.8119   11.75436 3.6921e-02 0.0000e+00
        507 293.535434    0.03514     2.1083    126.500     54.613  48765.312    30.9461     9.8598     54.095    6.50096     9.8538    23.8119   11.75435 3.6826e-02 0.0000e+00
        508 293.535437    0.03521     2.1125    126.750     54.885  48765.462    30.9461     9.8598     54.364    6.50096     9.8538    23.8119   11.75435 3.6762e-02 0.0000e+00
        509 293.535440    0.03528     2.1167    127.000     55.159  48765.641    30.9461     9.8598     54.636    6.50096     9.8537    23.8119   11.75435 3.6725e-02 0.0000e+00
        510 293.535443    0.03535     2.1208    127.250     55.433  48765.843    30.9461     9.8598     54.908    6.50096     9.8537    23.8120   11.75435 3.6680e-02 0.0000e+00
        511 293.535446    0.03542     2.1250    127.500     55.703  48766.063    30.9461     9.8598     55.175    6.50096     9.8537    23.8120   11.75435 3.6607e-02 0.0000e+00
        512 293.535448    0.03549     2.1292    127.750     55.966  48766.358    30.9462     9.8598     55.435    6.50095     9.8537    23.8121   11.75434 3.6529e-02 0.0000e+00
        513 293.535451    0.03556     2.1333    128.000     56.218  48766.715    30.9464     9.8598     55.684    6.50095     9.8537    23.8122   11.75432 3.6470e-02 0.0000e+00
        514 293.535454    0.03562     2.1375    128.250     56.456  48767.016    30.9465     9.8598     55.921    6.50094     9.8537    23.8123   11.75431 3.6435e-02 0.0000e+00
        515 293.535457    0.03569     2.1417    128.500     56.683  48767.216    30.9465     9.8598     56.145    6.50094     9.8537    23.8123   11.75430 3.6414e-02 0.0000e+00
        516 293.535460    0.03576     2.1458    128.750     56.903  48767.428    30.9466     9.8598     56.363    6.50093     9.8537    23.8124   11.75429 3.6401e-02 0.0000e+00
        517 293.535463    0.03583     2.1500    129.000     57.122  48767.727    30.9467     9.8599     56.580    6.50092     9.8537    23.8125   11.75427 3.6394e-02 0.0000e+00
        518 293.535466    0.03590     2.1542    129.250     57.345  48768.055    30.9469     9.8599     56.801    6.50091     9.8536    23.8126   11.75425 3.6389e-02 0.0000e+00
        519 293.535469    0.03597     2.1583    129.500     57.576  48768.390    30.9470     9.8599     57.029    6.50090     9.8535    23.8127   11.75423 3.6386e-02 0.0000e+00
        520 293.535472    0.03604     2.1625    129.750     57.815  48768.822    30.9472     9.8598     57.266    6.50090     9.8532    23.8128   11.75423 3.6385e-02 0.0000e+00
        521 293.535475    0.03611     2.1667    130.000     58.062  48769.376    30.9475     9.8597     57.511    6.50090     9.8529    23.8131   11.75424 3.6384e-02 0.0000e+00
        522 293.535477    0.03618     2.1708    130.250     58.313  48769.980    30.9478     9.8595     57.760    6.50092     9.8526    23.8133   11.75427 3.6383e-02 0.0000e+00
        523 293.535480    0.03625     2.1750    130.500     58.568  48770.611    30.9481     9.8592     58.012    6.50095     9.8524    23.8136   11.75431 3.6383e-02 0.0000e+00
        524 293.535483    0.03632     2.1792    130.750     58.824  48771.219    30.9484     9.8590     58.266    6.50097     9.8522    23.8139   11.75434 3.6382e-02 0.0000e+00
        525 293.535486    0.03639     2.1833    131.000     59.080  48771.683    30.9486     9.8588     58.519    6.50099     9.8520    23.8141   11.75438 3.6382e-02 0.0000e+00
        526 293.535489    0.03646     2.1875    131.250     59.334  48771.994    30.9487     9.8586     58.771    6.50101     9.8519    23.8142   11.75441 3.6382e-02 0.0000e+00
        527 293.535492    0.03653     2.1917    131.500     59.586  48772.240    30.9487     9.8585     59.020    6.50103     9.8518    23.8143   11.75443 3.6382e-02 0.0000e+00
        528 293.535495    0.03660     2.1958    131.750     59.834  48772.513    30.9488     9.8584     59.266    6.50104     9.8517    23.8143   11.75445 3.6382e-02 0.0000e+00
        529 293.535498    0.03667     2.2000    132.000     60.079  48772.787    30.9489     9.8583     59.509    6.50105     9.8516    23.8144   11.75446 3.6382e-02 0.0000e+00
        530 293.535501    0.03674     2.2042    132.250     60.319  48772.935    30.9489     9.8583     59.746    6.50106     9.8514    23.8144   11.75449 3.6382e-02 0.0000e+00
        531 293.535503    0.03681     2.2083    132.500     60.545  48773.034    30.9488     9.8582     59.970    6.50108     9.8513    23.8144   11.75451 3.6382e-02 0.0000e+00
        532 293.535506    0.03687     2.2125    132.750     60.755  48773.166    30.9488     9.8580     60.178    6.50110     9.8512    23.8144   11.75454 3.6382e-02 0.0000e+00
        533 293.535509    0.03694     2.2167    133.000     60.953  48773.302    30.9488     9.8579     60.375    6.50111     9.8510    23.8145   11.75457 3.6382e-02 0.0000e+00
        534 293.535512    0.03701     2.2208    133.250     61.150  48773.515    30.9489     9.8578     60.569    6.50113     9.8509    23.8145   11.75459 3.6382e-02 0.0000e+00
        535 293.535515    0.03708     2.2250    133.500     61.353  48773.834    30.9490     9.8577     60.771    6.50113     9.8508    23.8147   11.75460 3.6382e-02 0.0000e+00
        536 293.535518    0.03715     2.2292    133.750     61.567  48774.222    30.9492     9.8576     60.983    6.50114     9.8507    23.8148   11.75461 3.6382e-02 0.0000e+00
        537 293.535521    0.03722     2.2333    134.000     61.790  48774.651    30.9494     9.8575     61.204    6.50114     9.8506    23.8150   11.75462 3.6382e-02 0.0000e+00
        538 293.535524    0.03729     2.2375    134.250     62.020  48775.061    30.9496     9.8574     61.431    6.50115     9.8504    23.8151   11.75462 3.6382e-02 0.0000e+00
        539 293.535527    0.03736     2.2417    134.500     62.252  48775.418    30.9497     9.8573     61.661    6.50116     9.8503    23.8153   11.75464 3.6382e-02 0.0000e+00
        540 293.535530    0.03743     2.2458    134.750     62.485  48775.743    30.9498     9.8572     61.892    6.50117     9.8501    23.8154   11.75466 3.6382e-02 0.0000e+00
        541 293.535532    0.03750     2.2500    135.000     62.720  48776.069    30.9499     9.8571     62.124    6.50118     9.8500    23.8155   11.75468 3.6382e-02 0.0000e+00
        542 293.535535    0.03757     2.2542    135.250     62.956  48776.389    30.9500     9.8570     62.357    6.50120     9.8499    23.8156   11.75470 3.6382e-02 0.0000e+00
