CTD-processing/allCTD/CNV--turbid/2017_01-11_t9_s07_cast014.cnv
* Sea-Bird SBE19plus Data File:
* FileName = P:\My Documents\kasitsna\Research-KBL\Oceanography-AK\CTD-Data-ALL-to-2016-05\2017-CTD-KachemakBay-CookInlet\2017-01-11-CookInlet-Tran9-HomerSpit\2017-01-11-CookInlet-Tran9-cast014.hex
* Software Version 1.59
* Temperature SN =  4141
* Conductivity SN =  4141
* System UpLoad Time = Jan 17 2017 14:53:17
** Cook Inlet LTM Transect 9 Homer Spit
** Date: (YYYY-MM-DD): 2017-01-11
** Station: (eg. 9-01): 9-07
** Start time (AKST): 13:18
** Depth (m): 104.9
** Comment: R/V Edgecumbe.
** Comment:
# nquan = 16
# nvalues = 808                         
# units = specified
# name 0 = scan: Scan Count
# name 1 = timeJ: Julian Days
# name 2 = timeH: Time, Elapsed [hours]
# name 3 = timeM: Time, Elapsed [minutes]
# name 4 = timeS: Time, Elapsed [seconds]
# name 5 = prdM: Pressure, Strain Gauge [db]
# name 6 = specc: Specific Conductance [uS/cm]
# name 7 = sal00: Salinity, Practical [PSU]
# name 8 = tv290C: Temperature [ITS-90, deg C]
# name 9 = depSM: Depth [salt water, m], lat = 59.00
# name 10 = oxsolML/L: Oxygen Saturation, Garcia & Gordon [ml/l]
# name 11 = potemp090C: Potential Temperature [ITS-90, deg C]
# name 12 = sigma-é00: Density [sigma-theta, kg/m^3]
# name 13 = n2satML/L: Nitrogen Saturation [ml/l]
# name 14 = par: PAR/Irradiance, Biospherical/Licor
# name 15 = flag:  0.000e+00
# span 0 =          1,        808       
# span 1 =  11.554595,  11.556930       
# span 2 =    0.00000,    0.05604       
# span 3 =     0.0000,     3.3625       
# span 4 =      0.000,    201.750       
# span 5 =      0.004,     83.586       
# span 6 =   2034.925,  50716.640       
# span 7 =     1.0027,    31.4787       
# span 8 =     3.6010,     5.1436       
# span 9 =      0.004,     82.787       
# span 10 =    7.22336,    9.20699      
# span 11 =     3.6010,     5.1418      
# span 12 =     0.7815,    24.9010      
# span 13 =   12.94421,   16.69313      
# span 14 = 3.6382e-02, 7.5124e+01      
# span 15 = 0.0000e+00, 0.0000e+00      
# interval = seconds: 0.25
# start_time = Jan 11 2017 13:18:37 [Instrument's time stamp, header]
# bad_flag = -9.990e-29
*END*
[from data line 91]
         92  11.554858    0.00632     0.3792     22.750      0.920  50286.853    31.2182     5.0035      0.911    7.25395     5.0051    24.6779   12.99641 2.6787e+01 0.0000e+00
         93  11.554861    0.00639     0.3833     23.000      0.932  50288.885    31.2194     5.0027      0.923    7.25404     5.0061    24.6790   12.99655 2.6294e+01 0.0000e+00
         94  11.554864    0.00646     0.3875     23.250      0.939  50263.539    31.2025     5.0051      0.930    7.25443     5.0017    24.6653   12.99741 2.5897e+01 0.0000e+00
         95  11.554867    0.00653     0.3917     23.500      0.934  50230.507    31.1801     5.0062      0.925    7.25533     4.9898    24.6474   12.99919 2.5711e+01 0.0000e+00
         96  11.554870    0.00660     0.3958     23.750      0.917  50214.252    31.1680     5.0017      0.908    7.25670     4.9736    24.6383   13.00160 2.5759e+01 0.0000e+00
         97  11.554873    0.00667     0.4000     24.000      0.894  50227.809    31.1748     4.9898      0.885    7.25844     4.9596    24.6449   13.00439 2.6052e+01 0.0000e+00
         98  11.554876    0.00674     0.4042     24.250      0.875  50265.362    31.1971     4.9736      0.867    7.26017     4.9529    24.6643   13.00697 2.6440e+01 0.0000e+00
         99  11.554878    0.00681     0.4083     24.500      0.868  50306.020    31.2220     4.9596      0.860    7.26140     4.9540    24.6856   13.00867 2.6603e+01 0.0000e+00
        100  11.554881    0.00688     0.4125     24.750      0.874  50328.200    31.2358     4.9529      0.865    7.26190     4.9592    24.6972   13.00932 2.6463e+01 0.0000e+00
        101  11.554884    0.00694     0.4167     25.000      0.885  50321.639    31.2315     4.9540      0.876    7.26192     4.9634    24.6937   13.00940 2.6167e+01 0.0000e+00
        102  11.554887    0.00701     0.4208     25.250      0.893  50292.768    31.2129     4.9593      0.885    7.26191     4.9621    24.6784   13.00963 2.5892e+01 0.0000e+00
        103  11.554890    0.00708     0.4250     25.500      0.894  50261.217    31.1921     4.9634      0.885    7.26220     4.9535    24.6615   13.01037 2.5769e+01 0.0000e+00
        104  11.554893    0.00715     0.4292     25.750      0.886  50245.325    31.1809     4.9622      0.877    7.26296     4.9401    24.6528   13.01178 2.5844e+01 0.0000e+00
        105  11.554896    0.00722     0.4333     26.000      0.875  50253.064    31.1844     4.9536      0.867    7.26429     4.9269    24.6565   13.01393 2.6086e+01 0.0000e+00
        106  11.554899    0.00729     0.4375     26.250      0.869  50279.390    31.1996     4.9402      0.861    7.26589     4.9170    24.6699   13.01638 2.6322e+01 0.0000e+00
        107  11.554902    0.00736     0.4417     26.500      0.872  50308.773    31.2169     4.9270      0.864    7.26735     4.9106    24.6850   13.01856 2.6363e+01 0.0000e+00
        108  11.554905    0.00743     0.4458     26.750      0.882  50326.233    31.2268     4.9171      0.873    7.26859     4.9062    24.6939   13.02050 2.6143e+01 0.0000e+00
        109  11.554907    0.00750     0.4500     27.000      0.892  50326.422    31.2255     4.9107      0.884    7.26977     4.9016    24.6936   13.02245 2.5868e+01 0.0000e+00
        110  11.554910    0.00757     0.4542     27.250      0.898  50316.018    31.2174     4.9063      0.889    7.27093     4.8948    24.6876   13.02447 2.5883e+01 0.0000e+00
        111  11.554913    0.00764     0.4583     27.500      0.896  50307.178    31.2104     4.9016      0.888    7.27208     4.8856    24.6825   13.02646 2.6269e+01 0.0000e+00
        112  11.554916    0.00771     0.4625     27.750      0.889  50307.978    31.2095     4.8949      0.880    7.27330     4.8756    24.6825   13.02849 2.6767e+01 0.0000e+00
        113  11.554919    0.00778     0.4667     28.000      0.882  50321.082    31.2165     4.8856      0.874    7.27457     4.8679    24.6890   13.03051 2.7096e+01 0.0000e+00
        114  11.554922    0.00785     0.4708     28.250      0.884  50343.747    31.2299     4.8756      0.876    7.27567     4.8646    24.7007   13.03214 2.7235e+01 0.0000e+00
        115  11.554925    0.00792     0.4750     28.500      0.899  50366.619    31.2439     4.8679      0.890    7.27633     4.8658    24.7126   13.03305 2.7354e+01 0.0000e+00
        116  11.554928    0.00799     0.4792     28.750      0.923  50378.599    31.2514     4.8647      0.914    7.27653     4.8692    24.7189   13.03328 2.7446e+01 0.0000e+00
        117  11.554931    0.00806     0.4833     29.000      0.948  50373.632    31.2482     4.8659      0.939    7.27648     4.8710    24.7163   13.03323 2.7400e+01 0.0000e+00
        118  11.554933    0.00813     0.4875     29.250      0.964  50356.036    31.2369     4.8692      0.955    7.27645     4.8677    24.7069   13.03333 2.7292e+01 0.0000e+00
        119  11.554936    0.00819     0.4917     29.500      0.967  50339.414    31.2259     4.8710      0.958    7.27667     4.8584    24.6980   13.03384 2.7346e+01 0.0000e+00
        120  11.554939    0.00826     0.4958     29.750      0.957  50336.022    31.2229     4.8677      0.949    7.27739     4.8466    24.6960   13.03507 2.7575e+01 0.0000e+00
        121  11.554942    0.00833     0.5000     30.000      0.945  50349.408    31.2300     4.8585      0.936    7.27866     4.8373    24.7026   13.03708 2.7789e+01 0.0000e+00
        122  11.554945    0.00840     0.5042     30.250      0.939  50374.383    31.2446     4.8466      0.930    7.28002     4.8338    24.7154   13.03914 2.7984e+01 0.0000e+00
        123  11.554948    0.00847     0.5083     30.500      0.944  50400.092    31.2602     4.8373      0.936    7.28089     4.8372    24.7288   13.04037 2.8240e+01 0.0000e+00
        124  11.554951    0.00854     0.5125     30.750      0.960  50415.522    31.2700     4.8339      0.952    7.28102     4.8459    24.7369   13.04045 2.8556e+01 0.0000e+00
        125  11.554954    0.00861     0.5167     31.000      0.982  50414.089    31.2698     4.8373      0.973    7.28044     4.8562    24.7363   13.03950 2.8913e+01 0.0000e+00
        126  11.554957    0.00868     0.5208     31.250      1.001  50395.264    31.2587     4.8460      0.992    7.27945     4.8639    24.7267   13.03801 2.9262e+01 0.0000e+00
        127  11.554959    0.00875     0.5250     31.500      1.013  50366.483    31.2412     4.8563      1.004    7.27850     4.8662    24.7117   13.03667 2.9576e+01 0.0000e+00
        128  11.554962    0.00882     0.5292     31.750      1.016  50340.303    31.2249     4.8639      1.007    7.27795     4.8620    24.6980   13.03598 2.9795e+01 0.0000e+00
        129  11.554965    0.00889     0.5333     32.000      1.012  50326.036    31.2157     4.8662      1.003    7.27801     4.8530    24.6904   13.03619 2.9778e+01 0.0000e+00
        130  11.554968    0.00896     0.5375     32.250      1.006  50327.108    31.2155     4.8620      0.997    7.27875     4.8431    24.6907   13.03741 2.9593e+01 0.0000e+00
        131  11.554971    0.00903     0.5417     32.500      1.003  50341.080    31.2231     4.8530      0.994    7.27994     4.8358    24.6977   13.03929 2.9399e+01 0.0000e+00
        132  11.554974    0.00910     0.5458     32.750      1.006  50359.995    31.2340     4.8431      0.997    7.28115     4.8323    24.7073   13.04113 2.9156e+01 0.0000e+00
        133  11.554977    0.00917     0.5500     33.000      1.012  50374.258    31.2422     4.8358      1.003    7.28203     4.8316    24.7146   13.04249 2.8901e+01 0.0000e+00
        134  11.554980    0.00924     0.5542     33.250      1.017  50377.628    31.2437     4.8323      1.007    7.28256     4.8317    24.7162   13.04335 2.8724e+01 0.0000e+00
        135  11.554983    0.00931     0.5583     33.500      1.015  50371.669    31.2395     4.8317      1.006    7.28288     4.8308    24.7129   13.04393 2.8540e+01 0.0000e+00
        136  11.554986    0.00937     0.5625     33.750      1.006  50364.265    31.2344     4.8318      0.997    7.28312     4.8287    24.7089   13.04438 2.8282e+01 0.0000e+00
        137  11.554988    0.00944     0.5667     34.000      0.995  50362.210    31.2329     4.8309      0.986    7.28334     4.8262    24.7078   13.04477 2.8084e+01 0.0000e+00
        138  11.554991    0.00951     0.5708     34.250      0.986  50367.869    31.2363     4.8288      0.977    7.28356     4.8250    24.7107   13.04508 2.8064e+01 0.0000e+00
        139  11.554994    0.00958     0.5750     34.500      0.984  50379.306    31.2436     4.8263      0.974    7.28364     4.8265    24.7167   13.04512 2.8210e+01 0.0000e+00
        140  11.554997    0.00965     0.5792     34.750      0.988  50390.601    31.2510     4.8251      0.978    7.28348     4.8313    24.7228   13.04476 2.8429e+01 0.0000e+00
        141  11.555000    0.00972     0.5833     35.000      0.995  50394.334    31.2539     4.8266      0.986    7.28307     4.8382    24.7249   13.04405 2.8595e+01 0.0000e+00
        142  11.555003    0.00979     0.5875     35.250      1.002  50386.038    31.2493     4.8314      0.993    7.28246     4.8449    24.7207   13.04311 2.8744e+01 0.0000e+00
        143  11.555006    0.00986     0.5917     35.500      1.005  50367.831    31.2383     4.8383      0.996    7.28180     4.8500    24.7113   13.04215 2.8884e+01 0.0000e+00
        144  11.555009    0.00993     0.5958     35.750      1.004  50346.645    31.2252     4.8449      0.995    7.28127     4.8539    24.7002   13.04145 2.8910e+01 0.0000e+00
        145  11.555012    0.01000     0.6000     36.000      1.000  50328.487    31.2139     4.8501      0.991    7.28092     4.8570    24.6907   13.04102 2.8825e+01 0.0000e+00
        146  11.555014    0.01007     0.6042     36.250      0.996  50315.436    31.2058     4.8539      0.987    7.28064     4.8598    24.6839   13.04066 2.8654e+01 0.0000e+00
        147  11.555017    0.01014     0.6083     36.500      0.993  50307.250    31.2008     4.8570      0.984    7.28033     4.8627    24.6797   13.04022 2.8432e+01 0.0000e+00
        148  11.555020    0.01021     0.6125     36.750      0.994  50303.030    31.1985     4.8599      0.984    7.27995     4.8659    24.6776   13.03962 2.8173e+01 0.0000e+00
        149  11.555023    0.01028     0.6167     37.000      0.997  50300.776    31.1976     4.8628      0.988    7.27949     4.8694    24.6765   13.03886 2.7926e+01 0.0000e+00
        150  11.555026    0.01035     0.6208     37.250      1.002  50297.125    31.1958     4.8660      0.992    7.27902     4.8728    24.6748   13.03811 2.7794e+01 0.0000e+00
        151  11.555029    0.01042     0.6250     37.500      1.005  50289.117    31.1911     4.8694      0.996    7.27864     4.8756    24.6706   13.03755 2.7744e+01 0.0000e+00
        152  11.555032    0.01049     0.6292     37.750      1.007  50276.797    31.1834     4.8728      0.997    7.27842     4.8775    24.6641   13.03729 2.7682e+01 0.0000e+00
        153  11.555035    0.01056     0.6333     38.000      1.005  50263.455    31.1748     4.8757      0.996    7.27835     4.8787    24.6571   13.03728 2.7544e+01 0.0000e+00
        154  11.555038    0.01063     0.6375     38.250      1.002  50252.569    31.1678     4.8776      0.993    7.27835     4.8795    24.6513   13.03738 2.7332e+01 0.0000e+00
        155  11.555041    0.01069     0.6417     38.500      0.997  50245.126    31.1629     4.8788      0.988    7.27838     4.8798    24.6473   13.03748 2.7245e+01 0.0000e+00
        156  11.555043    0.01076     0.6458     38.750      0.991  50240.572    31.1600     4.8796      0.982    7.27840     4.8798    24.6449   13.03755 2.7431e+01 0.0000e+00
        157  11.555046    0.01083     0.6500     39.000      0.983  50239.316    31.1592     4.8799      0.974    7.27837     4.8796    24.6442   13.03752 2.7777e+01 0.0000e+00
        158  11.555049    0.01090     0.6542     39.250      0.975  50242.895    31.1616     4.8799      0.966    7.27826     4.8802    24.6462   13.03730 2.8133e+01 0.0000e+00
        159  11.555052    0.01097     0.6583     39.500      0.972  50252.581    31.1683     4.8797      0.963    7.27796     4.8826    24.6514   13.03672 2.8476e+01 0.0000e+00
        160  11.555055    0.01104     0.6625     39.750      0.979  50268.078    31.1790     4.8802      0.970    7.27735     4.8877    24.6599   13.03557 2.8774e+01 0.0000e+00
        161  11.555058    0.01111     0.6667     40.000      0.995  50283.853    31.1903     4.8827      0.986    7.27636     4.8942    24.6686   13.03379 2.8904e+01 0.0000e+00
        162  11.555061    0.01118     0.6708     40.250      1.012  50288.213    31.1944     4.8878      1.003    7.27527     4.8986    24.6713   13.03194 2.8864e+01 0.0000e+00
        163  11.555064    0.01125     0.6750     40.500      1.021  50275.138    31.1868     4.8943      1.012    7.27451     4.8963    24.6646   13.03078 2.8710e+01 0.0000e+00
        164  11.555067    0.01132     0.6792     40.750      1.015  50255.678    31.1744     4.8986      1.005    7.27436     4.8855    24.6543   13.03069 2.8478e+01 0.0000e+00
        165  11.555069    0.01139     0.6833     41.000      0.996  50250.404    31.1703     4.8964      0.986    7.27495     4.8699    24.6513   13.03172 2.8395e+01 0.0000e+00
        166  11.555072    0.01146     0.6875     41.250      0.975  50272.595    31.1832     4.8855      0.966    7.27622     4.8572    24.6627   13.03365 2.8516e+01 0.0000e+00
        167  11.555075    0.01153     0.6917     41.500      0.963  50316.995    31.2103     4.8699      0.954    7.27763     4.8531    24.6858   13.03563 2.8462e+01 0.0000e+00
        168  11.555078    0.01160     0.6958     41.750      0.968  50362.999    31.2391     4.8572      0.959    7.27844     4.8589    24.7099   13.03660 2.8087e+01 0.0000e+00
        169  11.555081    0.01167     0.7000     42.000      0.985  50390.067    31.2567     4.8531      0.975    7.27830     4.8712    24.7243   13.03614 2.7689e+01 0.0000e+00
        170  11.555084    0.01174     0.7042     42.250      1.003  50387.576    31.2562     4.8590      0.994    7.27730     4.8837    24.7233   13.03449 2.7477e+01 0.0000e+00
        171  11.555087    0.01181     0.7083     42.500      1.014  50358.631    31.2391     4.8713      1.004    7.27598     4.8914    24.7084   13.03254 2.7488e+01 0.0000e+00
        172  11.555090    0.01188     0.7125     42.750      1.012  50320.942    31.2159     4.8838      1.002    7.27492     4.8923    24.6888   13.03108 2.7677e+01 0.0000e+00
        173  11.555093    0.01194     0.7167     43.000      0.999  50296.332    31.2007     4.8915      0.990    7.27432     4.8885    24.6759   13.03029 2.7916e+01 0.0000e+00
        174  11.555095    0.01201     0.7208     43.250      0.987  50297.690    31.2019     4.8923      0.978    7.27412     4.8854    24.6767   13.02994 2.8078e+01 0.0000e+00
        175  11.555098    0.01208     0.7250     43.500      0.984  50321.996    31.2177     4.8886      0.974    7.27400     4.8872    24.6897   13.02955 2.8162e+01 0.0000e+00
        176  11.555101    0.01215     0.7292     43.750      0.993  50351.957    31.2375     4.8855      0.983    7.27358     4.8945    24.7058   13.02859 2.8348e+01 0.0000e+00
        177  11.555104    0.01222     0.7333     44.000      1.009  50367.808    31.2488     4.8873      1.000    7.27272     4.9045    24.7145   13.02702 2.8661e+01 0.0000e+00
        178  11.555107    0.01229     0.7375     44.250      1.023  50358.224    31.2438     4.8946      1.014    7.27168     4.9123    24.7098   13.02537 2.8940e+01 0.0000e+00
        179  11.555110    0.01236     0.7417     44.500      1.027  50327.663    31.2250     4.9046      1.017    7.27086     4.9139    24.6938   13.02425 2.9186e+01 0.0000e+00
        180  11.555113    0.01243     0.7458     44.750      1.018  50294.573    31.2040     4.9124      1.008    7.27051     4.9079    24.6763   13.02395 2.9470e+01 0.0000e+00
