CTD-processing/allCTD/CNV--turbid/2017_04-18_t6_s22_cast091.cnv
* Sea-Bird SBE19plus Data File:
* FileName = P:\My Documents\kasitsna\Research-KBL\Oceanography-AK\CTD-Data-ALL-to-2017-02\2017-CTD-KachemakBay-CookInlet\2017-04-18-CookInlet-Tran6-Douglas\2017-04-18-CookInlet-Tran6-cast091.hex
* Software Version 1.59
* Temperature SN =  4141
* Conductivity SN =  4141
* System UpLoad Time = Apr 18 2017 23:10:30
** Cook Inlet LTM Transect 6 Douglas east to west
** Date: (YYYY-MM-DD): 2017-04-18
** Station: (eg. 9-01): 6-22
** Start time (AKDT): 19:59
** Depth (m): 169.2
** Comment: R/V Alaska Dreamcatcher
** Comment:
# nquan = 16
# nvalues = 1100                        
# units = specified
# name 0 = scan: Scan Count
# name 1 = timeJ: Julian Days
# name 2 = timeH: Time, Elapsed [hours]
# name 3 = timeM: Time, Elapsed [minutes]
# name 4 = timeS: Time, Elapsed [seconds]
# name 5 = prdM: Pressure, Strain Gauge [db]
# name 6 = specc: Specific Conductance [uS/cm]
# name 7 = sal00: Salinity, Practical [PSU]
# name 8 = tv290C: Temperature [ITS-90, deg C]
# name 9 = depSM: Depth [salt water, m], lat = 59.00
# name 10 = oxsolML/L: Oxygen Saturation, Garcia & Gordon [ml/l]
# name 11 = potemp090C: Potential Temperature [ITS-90, deg C]
# name 12 = sigma-é00: Density [sigma-theta, kg/m^3]
# name 13 = n2satML/L: Nitrogen Saturation [ml/l]
# name 14 = par: PAR/Irradiance, Biospherical/Licor
# name 15 = flag:  0.000e+00
# span 0 =          1,       1100       
# span 1 = 108.833368, 108.836548       
# span 2 =    0.00000,    0.07632       
# span 3 =     0.0000,     4.5792       
# span 4 =      0.000,    274.750       
# span 5 =     -0.078,    166.475       
# span 6 =   1526.126,  52218.366       
# span 7 =     0.7454,    32.5229       
# span 8 =     4.5535,     5.3197       
# span 9 =     -0.077,    164.853       
# span 10 =    7.13993,    8.99218      
# span 11 =     4.5535,     5.3107      
# span 12 =     0.5707,    25.6835      
# span 13 =   12.79221,   16.33633      
# span 14 = 3.6382e-02, 8.2133e+01      
# span 15 = 0.0000e+00, 0.0000e+00      
# interval = seconds: 0.25
# start_time = Apr 18 2017 20:00:03 [Instrument's time stamp, header]
# bad_flag = -9.990e-29
*END*
[from data line 1085]
       1086 108.836508    0.07535     4.5208    271.250    166.470  52208.012    32.5153     5.2657    164.848    7.14645     5.2531    25.6775   12.80227 3.6382e-02 0.0000e+00
       1087 108.836510    0.07542     4.5250    271.500    166.471  52208.878    32.5159     5.2657    164.848    7.14642     5.2531    25.6780   12.80222 3.6382e-02 0.0000e+00
       1088 108.836513    0.07549     4.5292    271.750    166.472  52209.743    32.5165     5.2657    164.849    7.14640     5.2530    25.6784   12.80216 3.6382e-02 0.0000e+00
       1089 108.836516    0.07556     4.5333    272.000    166.472  52210.458    32.5170     5.2657    164.849    7.14637     5.2530    25.6788   12.80212 3.6382e-02 0.0000e+00
       1090 108.836519    0.07562     4.5375    272.250    166.473  52211.093    32.5175     5.2657    164.850    7.14636     5.2530    25.6792   12.80208 3.6382e-02 0.0000e+00
       1091 108.836522    0.07569     4.5417    272.500    166.473  52211.747    32.5179     5.2657    164.851    7.14634     5.2530    25.6795   12.80205 3.6382e-02 0.0000e+00
       1092 108.836525    0.07576     4.5458    272.750    166.474  52212.438    32.5184     5.2657    164.852    7.14632     5.2529    25.6799   12.80202 3.6382e-02 0.0000e+00
       1093 108.836528    0.07583     4.5500    273.000    166.474  52213.109    32.5188     5.2656    164.852    7.14630     5.2529    25.6803   12.80198 3.6382e-02 0.0000e+00
       1094 108.836531    0.07590     4.5542    273.250    166.474  52213.599    32.5191     5.2656    164.852    7.14629     5.2529    25.6806   12.80195 3.6382e-02 0.0000e+00
       1095 108.836534    0.07597     4.5583    273.500    166.474  52213.867    32.5193     5.2656    164.852    7.14628     5.2529    25.6807   12.80194 3.6382e-02 0.0000e+00
       1096 108.836536    0.07604     4.5625    273.750    166.474  52214.072    32.5194     5.2656    164.852    7.14628     5.2529    25.6808   12.80192 3.6382e-02 0.0000e+00
       1097 108.836539    0.07611     4.5667    274.000    166.475  52214.243    32.5196     5.2656    164.853    7.14627     5.2530    25.6809   12.80191 3.6382e-02 0.0000e+00
       1098 108.836542    0.07618     4.5708    274.250    166.475  52214.250    32.5196     5.2656    164.853    7.14627     5.2530    25.6809   12.80191 3.6382e-02 0.0000e+00
       1099 108.836545    0.07625     4.5750    274.500    166.475  52214.155    32.5195     5.2656    164.853    7.14627 -9.990e-29    25.6808   12.80191 3.6382e-02 0.0000e+00
       1100 108.836548    0.07632     4.5792    274.750    166.475  52214.108    32.5195     5.2656    164.853    7.14627 -9.990e-29    25.6808   12.80191 3.6382e-02 0.0000e+00
