CTD-processing/allCTD/CNV--turbid/2017_04-20_alongbay_skb01_cast148.cnv
* Sea-Bird SBE19plus Data File:
* FileName = P:\My Documents\kasitsna\Research-KBL\Oceanography-AK\CTD-Data-ALL-to-2017-02\2017-CTD-KachemakBay-CookInlet\2017-04-20-CookInlet-AlongKachemakBay\2017-04-20-CookInlet-AlongKachemakBay-cast148.hex
* Software Version 1.59
* Temperature SN =  4141
* Conductivity SN =  4141
* System UpLoad Time = Apr 24 2017 17:20:19
** Cook Inlet Along Kachemak Bay Line west to east
** Date: 2017-04-20
** Station: (eg. 9-01): KB01
** Start time (AKDT): 16:57
** Depth (m): 70.1
** Comment: R/V Alaska Dreamcatcher
** Comment:
# nquan = 16
# nvalues = 525                         
# units = specified
# name 0 = scan: Scan Count
# name 1 = timeJ: Julian Days
# name 2 = timeH: Time, Elapsed [hours]
# name 3 = timeM: Time, Elapsed [minutes]
# name 4 = timeS: Time, Elapsed [seconds]
# name 5 = prdM: Pressure, Strain Gauge [db]
# name 6 = specc: Specific Conductance [uS/cm]
# name 7 = sal00: Salinity, Practical [PSU]
# name 8 = tv290C: Temperature [ITS-90, deg C]
# name 9 = depSM: Depth [salt water, m], lat = 59.00
# name 10 = oxsolML/L: Oxygen Saturation, Garcia & Gordon [ml/l]
# name 11 = potemp090C: Potential Temperature [ITS-90, deg C]
# name 12 = sigma-é00: Density [sigma-theta, kg/m^3]
# name 13 = n2satML/L: Nitrogen Saturation [ml/l]
# name 14 = par: PAR/Irradiance, Biospherical/Licor
# name 15 = flag:  0.000e+00
# span 0 =          1,        525       
# span 1 = 110.706910, 110.708426       
# span 2 =    0.00000,    0.03639       
# span 3 =     0.0000,     2.1833       
# span 4 =      0.000,    131.000       
# span 5 =      0.033,     70.193       
# span 6 =   1641.314,  51818.210       
# span 7 =     0.8092,    32.0649       
# span 8 =     4.1738,     5.9593       
# span 9 =      0.033,     69.525       
# span 10 =    7.06236,    8.67352      
# span 11 =     4.1709,     5.9593      
# span 12 =     0.5902,    25.4236      
# span 13 =   12.66960,   15.80092      
# span 14 = 3.6382e-02, 1.3308e+02      
# span 15 = 0.0000e+00, 0.0000e+00      
# interval = seconds: 0.25
# start_time = Apr 20 2017 16:57:57 [Instrument's time stamp, header]
# bad_flag = -9.990e-29
*END*
[from data line 362]
        363 110.707957    0.02514     1.5083     90.500     25.206  51755.767    32.0364     4.2198     24.970    7.35181     4.2133    25.4079   13.14739 2.0491e-01 0.0000e+00
        364 110.707960    0.02521     1.5125     90.750     25.485  51758.690    32.0376     4.2172     25.246    7.35222     4.2115    25.4091   13.14805 1.9821e-01 0.0000e+00
        365 110.707963    0.02528     1.5167     91.000     25.762  51761.109    32.0386     4.2150     25.520    7.35256     4.2100    25.4101   13.14859 1.9174e-01 0.0000e+00
        366 110.707966    0.02535     1.5208     91.250     26.040  51762.933    32.0393     4.2132     25.796    7.35284     4.2087    25.4109   13.14905 1.8533e-01 0.0000e+00
        367 110.707969    0.02542     1.5250     91.500     26.323  51764.195    32.0397     4.2118     26.076    7.35308     4.2073    25.4113   13.14945 1.7895e-01 0.0000e+00
        368 110.707972    0.02549     1.5292     91.750     26.611  51765.034    32.0398     4.2104     26.361    7.35332     4.2057    25.4115   13.14984 1.7273e-01 0.0000e+00
        369 110.707975    0.02556     1.5333     92.000     26.903  51765.534    32.0397     4.2090     26.649    7.35358     4.2040    25.4115   13.15026 1.6667e-01 0.0000e+00
        370 110.707977    0.02562     1.5375     92.250     27.195  51765.735    32.0393     4.2075     26.938    7.35386     4.2018    25.4114   13.15073 1.6052e-01 0.0000e+00
        371 110.707980    0.02569     1.5417     92.500     27.486  51765.805    32.0388     4.2058     27.227    7.35420     4.1993    25.4112   13.15130 1.5432e-01 0.0000e+00
        372 110.707983    0.02576     1.5458     92.750     27.775  51766.159    32.0384     4.2037     27.514    7.35460     4.1966    25.4110   13.15196 1.4847e-01 0.0000e+00
        373 110.707986    0.02583     1.5500     93.000     28.062  51767.313    32.0384     4.2012     27.798    7.35504     4.1940    25.4113   13.15270 1.4315e-01 0.0000e+00
        374 110.707989    0.02590     1.5542     93.250     28.346  51769.407    32.0391     4.1985     28.079    7.35549     4.1918    25.4121   13.15343 1.3829e-01 0.0000e+00
        375 110.707992    0.02597     1.5583     93.500     28.628  51772.053    32.0401     4.1959     28.358    7.35590     4.1900    25.4132   13.15408 1.3381e-01 0.0000e+00
        376 110.707995    0.02604     1.5625     93.750     28.908  51774.687    32.0412     4.1937     28.635    7.35624     4.1885    25.4144   13.15463 1.2952e-01 0.0000e+00
        377 110.707998    0.02611     1.5667     94.000     29.190  51776.853    32.0421     4.1919     28.915    7.35651     4.1873    25.4153   13.15507 1.2522e-01 0.0000e+00
        378 110.708001    0.02618     1.5708     94.250     29.478  51778.379    32.0427     4.1904     29.200    7.35674     4.1862    25.4158   13.15544 1.2095e-01 0.0000e+00
        379 110.708003    0.02625     1.5750     94.500     29.773  51779.450    32.0430     4.1892     29.492    7.35694     4.1852    25.4162   13.15577 1.1680e-01 0.0000e+00
        380 110.708006    0.02632     1.5792     94.750     30.072  51780.260    32.0432     4.1882     29.789    7.35713     4.1841    25.4164   13.15607 1.1274e-01 0.0000e+00
        381 110.708009    0.02639     1.5833     95.000     30.373  51780.895    32.0432     4.1871     30.086    7.35731     4.1830    25.4165   13.15637 1.0880e-01 0.0000e+00
        382 110.708012    0.02646     1.5875     95.250     30.671  51781.434    32.0432     4.1861     30.382    7.35749     4.1817    25.4166   13.15668 1.0501e-01 0.0000e+00
        383 110.708015    0.02653     1.5917     95.500     30.966  51782.067    32.0432     4.1850     30.674    7.35769     4.1805    25.4167   13.15700 1.0140e-01 0.0000e+00
        384 110.708018    0.02660     1.5958     95.750     31.258  51783.093    32.0434     4.1838     30.963    7.35789     4.1793    25.4171   13.15733 9.8004e-02 0.0000e+00
        385 110.708021    0.02667     1.6000     96.000     31.546  51784.478    32.0439     4.1826     31.249    7.35809     4.1783    25.4176   13.15765 9.4796e-02 0.0000e+00
        386 110.708024    0.02674     1.6042     96.250     31.832  51785.864    32.0445     4.1814     31.532    7.35827     4.1775    25.4181   13.15793 9.1757e-02 0.0000e+00
        387 110.708027    0.02681     1.6083     96.500     32.117  51787.065    32.0449     4.1804     31.814    7.35842     4.1768    25.4186   13.15818 8.8912e-02 0.0000e+00
        388 110.708030    0.02688     1.6125     96.750     32.403  51788.106    32.0453     4.1796     32.098    7.35855     4.1761    25.4190   13.15839 8.6222e-02 0.0000e+00
        389 110.708032    0.02694     1.6167     97.000     32.692  51788.968    32.0456     4.1789     32.384    7.35866     4.1755    25.4193   13.15857 8.3629e-02 0.0000e+00
        390 110.708035    0.02701     1.6208     97.250     32.986  51789.589    32.0457     4.1783     32.676    7.35876     4.1750    25.4194   13.15873 8.1135e-02 0.0000e+00
        391 110.708038    0.02708     1.6250     97.500     33.283  51790.148    32.0458     4.1777     32.970    7.35886     4.1744    25.4196   13.15889 7.8648e-02 0.0000e+00
        392 110.708041    0.02715     1.6292     97.750     33.580  51790.910    32.0460     4.1771     33.265    7.35895     4.1740    25.4198   13.15904 7.6190e-02 0.0000e+00
        393 110.708044    0.02722     1.6333     98.000     33.873  51791.806    32.0464     4.1766     33.555    7.35903     4.1737    25.4202   13.15916 7.3985e-02 0.0000e+00
        394 110.708047    0.02729     1.6375     98.250     34.161  51792.589    32.0467     4.1762     33.839    7.35909     4.1734    25.4204   13.15926 7.2025e-02 0.0000e+00
        395 110.708050    0.02736     1.6417     98.500     34.444  51793.202    32.0469     4.1759     34.120    7.35913     4.1733    25.4206   13.15933 7.0204e-02 0.0000e+00
        396 110.708053    0.02743     1.6458     98.750     34.725  51793.697    32.0470     4.1757     34.398    7.35917     4.1731    25.4207   13.15938 6.8471e-02 0.0000e+00
        397 110.708056    0.02750     1.6500     99.000     35.005  51794.108    32.0471     4.1755     34.675    7.35919     4.1729    25.4208   13.15942 6.6720e-02 0.0000e+00
        398 110.708058    0.02757     1.6542     99.250     35.286  51794.438    32.0472     4.1754     34.953    7.35921     4.1727    25.4209   13.15946 6.4941e-02 0.0000e+00
        399 110.708061    0.02764     1.6583     99.500     35.567  51794.680    32.0472     4.1752     35.232    7.35924     4.1726    25.4209   13.15951 6.3214e-02 0.0000e+00
        400 110.708064    0.02771     1.6625     99.750     35.852  51794.887    32.0471     4.1751     35.514    7.35927     4.1725    25.4209   13.15956 6.1600e-02 0.0000e+00
        401 110.708067    0.02778     1.6667    100.000     36.141  51795.094    32.0471     4.1749     35.800    7.35929     4.1724    25.4209   13.15960 6.0125e-02 0.0000e+00
        402 110.708070    0.02785     1.6708    100.250     36.433  51795.340    32.0471     4.1748     36.089    7.35931     4.1725    25.4209   13.15963 5.8749e-02 0.0000e+00
        403 110.708073    0.02792     1.6750    100.500     36.725  51795.591    32.0471     4.1748     36.378    7.35932     4.1725    25.4209   13.15963 5.7420e-02 0.0000e+00
        404 110.708076    0.02799     1.6792    100.750     37.014  51795.772    32.0471     4.1749     36.664    7.35931     4.1725    25.4209   13.15962 5.6129e-02 0.0000e+00
        405 110.708079    0.02806     1.6833    101.000     37.300  51795.921    32.0470     4.1749     36.947    7.35930     4.1725    25.4208   13.15960 5.4869e-02 0.0000e+00
        406 110.708082    0.02813     1.6875    101.250     37.585  51796.104    32.0470     4.1750     37.230    7.35929     4.1726    25.4208   13.15959 5.3601e-02 0.0000e+00
        407 110.708084    0.02819     1.6917    101.500     37.870  51796.397    32.0471     4.1750     37.512    7.35928     4.1726    25.4209   13.15957 5.2357e-02 0.0000e+00
        408 110.708087    0.02826     1.6958    101.750     38.156  51796.749    32.0472     4.1751     37.796    7.35926     4.1726    25.4210   13.15954 5.1177e-02 0.0000e+00
        409 110.708090    0.02833     1.7000    102.000     38.443  51797.030    32.0473     4.1751     38.080    7.35925     4.1726    25.4210   13.15952 5.0093e-02 0.0000e+00
        410 110.708093    0.02840     1.7042    102.250     38.727  51797.227    32.0473     4.1751     38.362    7.35925     4.1726    25.4210   13.15951 4.9173e-02 0.0000e+00
        411 110.708096    0.02847     1.7083    102.500     39.009  51797.365    32.0472     4.1751     38.640    7.35925     4.1725    25.4210   13.15952 4.8388e-02 0.0000e+00
        412 110.708099    0.02854     1.7125    102.750     39.287  51797.431    32.0471     4.1751     38.916    7.35926     4.1724    25.4209   13.15953 4.7637e-02 0.0000e+00
        413 110.708102    0.02861     1.7167    103.000     39.562  51797.477    32.0470     4.1751     39.188    7.35927     4.1722    25.4208   13.15957 4.6896e-02 0.0000e+00
        414 110.708105    0.02868     1.7208    103.250     39.836  51797.614    32.0469     4.1750     39.459    7.35929     4.1721    25.4208   13.15961 4.6194e-02 0.0000e+00
        415 110.708108    0.02875     1.7250    103.500     40.108  51797.874    32.0469     4.1748     39.729    7.35932     4.1719    25.4208   13.15964 4.5532e-02 0.0000e+00
        416 110.708111    0.02882     1.7292    103.750     40.382  51798.313    32.0471     4.1747     40.001    7.35934     4.1717    25.4209   13.15967 4.4910e-02 0.0000e+00
        417 110.708113    0.02889     1.7333    104.000     40.659  51798.910    32.0473     4.1745     40.275    7.35936     4.1714    25.4211   13.15970 4.4291e-02 0.0000e+00
        418 110.708116    0.02896     1.7375    104.250     40.942  51799.480    32.0475     4.1743     40.555    7.35938     4.1712    25.4213   13.15974 4.3649e-02 0.0000e+00
        419 110.708119    0.02903     1.7417    104.500     41.227  51800.028    32.0477     4.1741     40.837    7.35941     4.1711    25.4215   13.15978 4.3037e-02 0.0000e+00
        420 110.708122    0.02910     1.7458    104.750     41.512  51800.607    32.0479     4.1739     41.119    7.35943     4.1710    25.4216   13.15981 4.2496e-02 0.0000e+00
        421 110.708125    0.02917     1.7500    105.000     41.793  51801.146    32.0481     4.1738     41.398    7.35944     4.1709    25.4218   13.15983 4.1994e-02 0.0000e+00
        422 110.708128    0.02924     1.7542    105.250     42.071  51801.724    32.0483     4.1738     41.673    7.35944     4.1710    25.4220   13.15983 4.1529e-02 0.0000e+00
        423 110.708131    0.02931     1.7583    105.500     42.347  51802.370    32.0486     4.1738     41.947    7.35943     4.1711    25.4222   13.15981 4.1091e-02 0.0000e+00
        424 110.708134    0.02937     1.7625    105.750     42.625  51802.869    32.0488     4.1738     42.222    7.35941     4.1713    25.4224   13.15977 4.0631e-02 0.0000e+00
        425 110.708137    0.02944     1.7667    106.000     42.907  51803.101    32.0489     4.1740     42.501    7.35938     4.1715    25.4224   13.15972 4.0186e-02 0.0000e+00
        426 110.708139    0.02951     1.7708    106.250     43.193  51803.094    32.0488     4.1742     42.785    7.35935     4.1716    25.4223   13.15967 3.9781e-02 0.0000e+00
        427 110.708142    0.02958     1.7750    106.500     43.483  51802.891    32.0485     4.1743     43.072    7.35933     4.1716    25.4221   13.15964 3.9376e-02 0.0000e+00
        428 110.708145    0.02965     1.7792    106.750     43.775  51802.714    32.0483     4.1745     43.361    7.35932     4.1716    25.4219   13.15962 3.8963e-02 0.0000e+00
        429 110.708148    0.02972     1.7833    107.000     44.068  51802.770    32.0482     4.1745     43.651    7.35931     4.1717    25.4219   13.15961 3.8561e-02 0.0000e+00
        430 110.708151    0.02979     1.7875    107.250     44.360  51803.168    32.0483     4.1745     43.940    7.35930     4.1718    25.4220   13.15959 3.8234e-02 0.0000e+00
        431 110.708154    0.02986     1.7917    107.500     44.647  51803.981    32.0488     4.1746     44.224    7.35927     4.1722    25.4223   13.15953 3.7986e-02 0.0000e+00
        432 110.708157    0.02993     1.7958    107.750     44.927  51805.018    32.0494     4.1748     44.502    7.35921     4.1727    25.4228   13.15942 3.7763e-02 0.0000e+00
        433 110.708160    0.03000     1.8000    108.000     45.202  51805.916    32.0499     4.1751     44.774    7.35912     4.1734    25.4232   13.15927 3.7548e-02 0.0000e+00
        434 110.708163    0.03007     1.8042    108.250     45.473  51806.510    32.0503     4.1757     45.043    7.35900     4.1741    25.4234   13.15907 3.7318e-02 0.0000e+00
        435 110.708166    0.03014     1.8083    108.500     45.746  51806.864    32.0506     4.1764     45.313    7.35886     4.1749    25.4236   13.15884 3.7074e-02 0.0000e+00
        436 110.708168    0.03021     1.8125    108.750     46.021  51806.923    32.0507     4.1772     45.586    7.35872     4.1756    25.4235   13.15861 3.6844e-02 0.0000e+00
        437 110.708171    0.03028     1.8167    109.000     46.300  51806.667    32.0505     4.1780     45.862    7.35859     4.1761    25.4233   13.15839 3.6672e-02 0.0000e+00
        438 110.708174    0.03035     1.8208    109.250     46.581  51806.295    32.0503     4.1787     46.140    7.35848     4.1766    25.4231   13.15820 3.6568e-02 0.0000e+00
        439 110.708177    0.03042     1.8250    109.500     46.863  51806.010    32.0501     4.1792     46.420    7.35838     4.1770    25.4229   13.15805 3.6502e-02 0.0000e+00
        440 110.708180    0.03049     1.8292    109.750     47.146  51805.840    32.0500     4.1797     46.700    7.35830     4.1773    25.4227   13.15792 3.6456e-02 0.0000e+00
        441 110.708183    0.03056     1.8333    110.000     47.430  51805.605    32.0498     4.1801     46.981    7.35824     4.1775    25.4225   13.15782 3.6427e-02 0.0000e+00
        442 110.708186    0.03062     1.8375    110.250     47.712  51805.411    32.0496     4.1805     47.261    7.35819     4.1778    25.4224   13.15775 3.6409e-02 0.0000e+00
        443 110.708189    0.03069     1.8417    110.500     47.992  51805.535    32.0496     4.1807     47.538    7.35814     4.1781    25.4223   13.15767 3.6398e-02 0.0000e+00
        444 110.708192    0.03076     1.8458    110.750     48.272  51806.010    32.0498     4.1810     47.815    7.35809     4.1786    25.4225   13.15757 3.6392e-02 0.0000e+00
        445 110.708194    0.03083     1.8500    111.000     48.553  51806.853    32.0503     4.1813     48.093    7.35800     4.1792    25.4229   13.15742 3.6388e-02 0.0000e+00
        446 110.708197    0.03090     1.8542    111.250     48.839  51807.733    32.0509     4.1818     48.376    7.35789     4.1800    25.4233   13.15722 3.6386e-02 0.0000e+00
        447 110.708200    0.03097     1.8583    111.500     49.130  51808.083    32.0512     4.1825     48.665    7.35775     4.1807    25.4234   13.15700 3.6384e-02 0.0000e+00
        448 110.708203    0.03104     1.8625    111.750     49.424  51807.735    32.0510     4.1832     48.956    7.35762     4.1813    25.4232   13.15678 3.6384e-02 0.0000e+00
        449 110.708206    0.03111     1.8667    112.000     49.719  51806.965    32.0505     4.1840     49.248    7.35751     4.1816    25.4227   13.15661 3.6383e-02 0.0000e+00
        450 110.708209    0.03118     1.8708    112.250     50.011  51806.270    32.0500     4.1845     49.538    7.35744     4.1818    25.4223   13.15649 3.6383e-02 0.0000e+00
        451 110.708212    0.03125     1.8750    112.500     50.300  51805.845    32.0496     4.1849     49.824    7.35739     4.1819    25.4220   13.15642 3.6382e-02 0.0000e+00
