CTD-processing/allCTD/CNV--turbid/2017_09-22_alongbay_skb11_cast024.cnv
* Sea-Bird SBE19plus Data File:
* FileName = C:\Users\Kim.Powell\Desktop\Not Processed\2017\2017_09-22\2017_09-22_TRANSECT_STATION_cast024.hex
* Software Version 1.59
* Temperature SN =  4141
* Conductivity SN =  4141
* System UpLoad Time = Oct 11 2017 10:32:47
** 2017_09-22
** Station: KB11
** Start Time: 11:12
** Depth (m): 51.5
** Comment:
** Comment:
# nquan = 16
# nvalues = 530                         
# units = specified
# name 0 = scan: Scan Count
# name 1 = timeJ: Julian Days
# name 2 = timeH: Time, Elapsed [hours]
# name 3 = timeM: Time, Elapsed [minutes]
# name 4 = timeS: Time, Elapsed [seconds]
# name 5 = prdM: Pressure, Strain Gauge [db]
# name 6 = specc: Specific Conductance [uS/cm]
# name 7 = sal00: Salinity, Practical [PSU]
# name 8 = tv290C: Temperature [ITS-90, deg C]
# name 9 = depSM: Depth [salt water, m], lat = 59.00
# name 10 = oxsolML/L: Oxygen Saturation, Garcia & Gordon [ml/l]
# name 11 = potemp090C: Potential Temperature [ITS-90, deg C]
# name 12 = sigma-é00: Density [sigma-theta, kg/m^3]
# name 13 = n2satML/L: Nitrogen Saturation [ml/l]
# name 14 = par: PAR/Irradiance, Biospherical/Licor
# name 15 = flag:  0.000e+00
# span 0 =          1,        530       
# span 1 = 265.466632, 265.468163       
# span 2 =    0.00000,    0.03674       
# span 3 =     0.0000,     2.2042       
# span 4 =      0.000,    132.250       
# span 5 =     -0.121,     43.915       
# span 6 =    840.624,  47532.603       
# span 7 =     0.4073,    30.2377       
# span 8 =    10.0038,    11.3116       
# span 9 =     -0.120,     43.500       
# span 10 =    6.34346,    7.81482      
# span 11 =    10.0038,    11.3105      
# span 12 =    -0.0089,    23.0368      
# span 13 =   11.50176,   14.35986      
# span 14 = 4.8664e-02, 7.3454e+01      
# span 15 = 0.0000e+00, 0.0000e+00      
# interval = seconds: 0.25
# start_time = Sep 22 2017 11:11:57 [Instrument's time stamp, header]
# bad_flag = -9.990e-29
*END*
          1 265.466632    0.00000     0.0000      0.000     -0.120    978.976     0.4768    10.3431     -0.119    7.81159    10.3434     0.0458   14.35339 7.3292e+01 0.0000e+00
          2 265.466635    0.00007     0.0042      0.250     -0.120    954.543     0.4645    10.3433     -0.119    7.81218    10.3436     0.0361   14.35457 7.3387e+01 0.0000e+00
          3 265.466638    0.00014     0.0083      0.500     -0.120    926.974     0.4505    10.3434     -0.119    7.81284    10.3438     0.0251   14.35589 7.3399e+01 0.0000e+00
          4 265.466641    0.00021     0.0125      0.750     -0.120    900.802     0.4373    10.3436     -0.119    7.81347    10.3440     0.0148   14.35714 7.3377e+01 0.0000e+00
          5 265.466644    0.00028     0.0167      1.000     -0.120    877.929     0.4258    10.3438     -0.119    7.81400    10.3442     0.0057   14.35821 7.3209e+01 0.0000e+00
          6 265.466646    0.00035     0.0208      1.250     -0.120    859.485     0.4166    10.3440     -0.119    7.81442    10.3444    -0.0016   14.35906 7.2693e+01 0.0000e+00
          7 265.466649    0.00042     0.0250      1.500     -0.121    846.700     0.4102    10.3442     -0.120    7.81470    10.3445    -0.0066   14.35963 7.1717e+01 0.0000e+00
          8 265.466652    0.00049     0.0292      1.750     -0.121    840.624     0.4073    10.3444     -0.120    7.81482    10.3447    -0.0089   14.35986 7.0243e+01 0.0000e+00
          9 265.466655    0.00056     0.0333      2.000     -0.121    841.510     0.4079    10.3445     -0.120    7.81475    10.3449    -0.0085   14.35975 6.8718e+01 0.0000e+00
         10 265.466658    0.00063     0.0375      2.250     -0.121    851.363     0.4132    10.3447     -0.120    7.81446    10.3451    -0.0043   14.35918 6.7705e+01 0.0000e+00
         11 265.466661    0.00069     0.0417      2.500     -0.120    876.645     0.4264    10.3449     -0.119    7.81378    10.3453     0.0060   14.35783 6.7301e+01 0.0000e+00
         12 265.466664    0.00076     0.0458      2.750     -0.120    928.369     0.4533    10.3451     -0.119    7.81241    10.3454     0.0271   14.35514 6.7430e+01 0.0000e+00
         13 265.466667    0.00083     0.0500      3.000     -0.120   1024.966     0.5033    10.3453     -0.119    7.80990    10.3456     0.0662   14.35016 6.7951e+01 0.0000e+00
         14 265.466670    0.00090     0.0542      3.250     -0.120   1194.665     0.5909    10.3454     -0.119    7.80553    10.3457     0.1350   14.34148 6.8695e+01 0.0000e+00
         15 265.466672    0.00097     0.0583      3.500     -0.120   1441.487     0.7187    10.3456     -0.119    7.79917    10.3457     0.2351   14.32886 6.9462e+01 0.0000e+00
         16 265.466675    0.00104     0.0625      3.750     -0.120   1698.345     0.8523    10.3457     -0.119    7.79253    10.3457     0.3399   14.31570 7.0074e+01 0.0000e+00
         17 265.466678    0.00111     0.0667      4.000     -0.120   1900.720     0.9585    10.3457     -0.119    7.78728    10.3455     0.4231   14.30526 7.0512e+01 0.0000e+00
         18 265.466681    0.00118     0.0708      4.250     -0.120   2062.205     1.0446    10.3457     -0.118    7.78305    10.3451     0.4905   14.29687 7.0881e+01 0.0000e+00
         19 265.466684    0.00125     0.0750      4.500     -0.119   2208.997     1.1245    10.3455     -0.118    7.77917    10.3443     0.5530   14.28918 7.1509e+01 0.0000e+00
         20 265.466687    0.00132     0.0792      4.750     -0.119   2344.126     1.2004    10.3451     -0.118    7.77557    10.3428     0.6123   14.28202 7.2511e+01 0.0000e+00
         21 265.466690    0.00139     0.0833      5.000     -0.118   2473.109     1.2763    10.3443     -0.117    7.77208    10.3403     0.6715   14.27510 7.3370e+01 0.0000e+00
         22 265.466693    0.00146     0.0875      5.250     -0.116   2621.082     1.3675    10.3428     -0.115    7.76804    10.3359     0.7426   14.26706 7.3454e+01 0.0000e+00
         23 265.466696    0.00153     0.0917      5.500     -0.113   2845.850     1.5081    10.3403     -0.112    7.76190    10.3285     0.8522   14.25482 7.2652e+01 0.0000e+00
         24 265.466698    0.00160     0.0958      5.750     -0.108   3234.536     1.7500    10.3359     -0.107    7.75130    10.3160     1.0408   14.23372 7.1408e+01 0.0000e+00
         25 265.466701    0.00167     0.1000      6.000     -0.100   3913.594     2.1700    10.3285     -0.099    7.73284    10.2949     1.3682   14.19696 6.9961e+01 0.0000e+00
         26 265.466704    0.00174     0.1042      6.250     -0.086   5100.768     2.8993    10.3160     -0.086    7.70066    10.2595     1.9369   14.13285 6.8188e+01 0.0000e+00
         27 265.466707    0.00181     0.1083      6.500     -0.063   7137.206     4.1453    10.2949     -0.063    7.64556    10.2002     2.9087   14.02309 6.6439e+01 0.0000e+00
         28 265.466710    0.00187     0.1125      6.750     -0.025  10536.915     6.2250    10.2595     -0.025    7.55361    10.1131     4.5307   13.83993 6.4748e+01 0.0000e+00
         29 265.466713    0.00194     0.1167      7.000      0.037  15742.500     9.4332    10.2002      0.036    7.41305    10.0282     7.0328   13.55980 6.2157e+01 0.0000e+00
         30 265.466716    0.00201     0.1208      7.250      0.125  22099.020    13.4044    10.1131      0.124    7.24262    10.0038    10.1307   13.21974 5.7789e+01 0.0000e+00
         31 265.466719    0.00208     0.1250      7.500      0.235  28044.817    17.1787    10.0282      0.232    7.08278    10.0639    13.0750   12.90111 5.0923e+01 0.0000e+00
         32 265.466722    0.00215     0.1292      7.750      0.353  32604.672    20.1134    10.0038      0.349    6.95335    10.1752    15.3586   12.64550 4.2903e+01 0.0000e+00
         33 265.466725    0.00222     0.1333      8.000      0.463  35607.400    22.0619    10.0640      0.459    6.85624    10.2936    16.8637   12.45736 3.6792e+01 0.0000e+00
         34 265.466727    0.00229     0.1375      8.250      0.560  37401.685    23.2332    10.1753      0.555    6.78668    10.3967    17.7571   12.32567 3.2885e+01 0.0000e+00
         35 265.466730    0.00236     0.1417      8.500      0.647  38504.587    23.9588    10.2937      0.641    6.73634    10.4781    18.3031   12.23207 3.0129e+01 0.0000e+00
         36 265.466733    0.00243     0.1458      8.750      0.722  39173.316    24.4019    10.3968      0.716    6.70109    10.5370    18.6317   12.16741 2.8617e+01 0.0000e+00
         37 265.466736    0.00250     0.1500      9.000      0.776  39556.813    24.6573    10.4782      0.769    6.67753    10.5782    18.8177   12.12473 2.8195e+01 0.0000e+00
         38 265.466739    0.00257     0.1542      9.250      0.807  39807.649    24.8258    10.5371      0.800    6.66127    10.6098    18.9396   12.09542 2.8339e+01 0.0000e+00
         39 265.466742    0.00264     0.1583      9.500      0.825  40016.087    24.9672    10.5783      0.817    6.64896    10.6376    19.0432   12.07307 2.8775e+01 0.0000e+00
         40 265.466745    0.00271     0.1625      9.750      0.835  40213.641    25.1026    10.6099      0.827    6.63845    10.6641    19.1434   12.05385 2.9393e+01 0.0000e+00
         41 265.466748    0.00278     0.1667     10.000      0.842  40394.341    25.2274    10.6377      0.834    6.62902    10.6896    19.2361   12.03657 2.9991e+01 0.0000e+00
         42 265.466751    0.00285     0.1708     10.250      0.846  40542.219    25.3304    10.6642      0.838    6.62076    10.7141    19.3119   12.02154 3.0320e+01 0.0000e+00
         43 265.466753    0.00292     0.1750     10.500      0.849  40661.708    25.4142    10.6897      0.841    6.61348    10.7373    19.3730   12.00838 3.0351e+01 0.0000e+00
         44 265.466756    0.00299     0.1792     10.750      0.852  40762.304    25.4853    10.7142      0.844    6.60690    10.7583    19.4244   11.99655 3.0341e+01 0.0000e+00
         45 265.466759    0.00306     0.1833     11.000      0.854  40843.849    25.5433    10.7374      0.846    6.60109    10.7761    19.4658   11.98617 3.0446e+01 0.0000e+00
         46 265.466762    0.00313     0.1875     11.250      0.857  40902.567    25.5855    10.7584      0.849    6.59628    10.7906    19.4952   11.97764 3.0451e+01 0.0000e+00
         47 265.466765    0.00319     0.1917     11.500      0.860  40941.754    25.6140    10.7762      0.852    6.59250    10.8021    19.5146   11.97100 3.0184e+01 0.0000e+00
         48 265.466768    0.00326     0.1958     11.750      0.862  40972.205    25.6362    10.7907      0.854    6.58947    10.8115    19.5296   11.96570 2.9831e+01 0.0000e+00
         49 265.466771    0.00333     0.2000     12.000      0.864  41001.339    25.6573    10.8022      0.856    6.58693    10.8196    19.5441   11.96120 2.9612e+01 0.0000e+00
         50 265.466774    0.00340     0.2042     12.250      0.865  41029.218    25.6774    10.8116      0.857    6.58473    10.8266    19.5582   11.95729 2.9463e+01 0.0000e+00
         51 265.466777    0.00347     0.2083     12.500      0.866  41053.556    25.6949    10.8197      0.858    6.58283    10.8326    19.5705   11.95392 2.9244e+01 0.0000e+00
         52 265.466780    0.00354     0.2125     12.750      0.869  41072.063    25.7083    10.8267      0.861    6.58125    10.8373    19.5798   11.95113 2.9025e+01 0.0000e+00
         53 265.466782    0.00361     0.2167     13.000      0.872  41083.515    25.7168    10.8327      0.864    6.58004    10.8407    19.5854   11.94901 2.8963e+01 0.0000e+00
         54 265.466785    0.00368     0.2208     13.250      0.877  41088.913    25.7209    10.8374      0.869    6.57919    10.8430    19.5879   11.94755 2.9039e+01 0.0000e+00
         55 265.466788    0.00375     0.2250     13.500      0.882  41090.717    25.7225    10.8408      0.874    6.57864    10.8446    19.5885   11.94662 2.9092e+01 0.0000e+00
         56 265.466791    0.00382     0.2292     13.750      0.886  41091.417    25.7232    10.8431      0.878    6.57827    10.8456    19.5887   11.94600 2.9079e+01 0.0000e+00
         57 265.466794    0.00389     0.2333     14.000      0.888  41092.682    25.7242    10.8447      0.880    6.57801    10.8464    19.5892   11.94554 2.9133e+01 0.0000e+00
         58 265.466797    0.00396     0.2375     14.250      0.889  41095.338    25.7261    10.8457      0.881    6.57777    10.8469    19.5905   11.94513 2.9324e+01 0.0000e+00
         59 265.466800    0.00403     0.2417     14.500      0.889  41099.173    25.7288    10.8465      0.881    6.57755    10.8473    19.5925   11.94473 2.9542e+01 0.0000e+00
         60 265.466803    0.00410     0.2458     14.750      0.889  41102.886    25.7314    10.8470      0.881    6.57736    10.8474    19.5945   11.94438 2.9690e+01 0.0000e+00
         61 265.466806    0.00417     0.2500     15.000      0.889  41104.916    25.7329    10.8474      0.881    6.57725    10.8471    19.5955   11.94418 2.9823e+01 0.0000e+00
         62 265.466808    0.00424     0.2542     15.250      0.889  41104.409    25.7325    10.8475      0.881    6.57726    10.8465    19.5952   11.94419 2.9999e+01 0.0000e+00
         63 265.466811    0.00431     0.2583     15.500      0.891  41102.065    25.7309    10.8472      0.883    6.57737    10.8459    19.5940   11.94439 3.0163e+01 0.0000e+00
         64 265.466814    0.00438     0.2625     15.750      0.893  41099.642    25.7291    10.8466      0.885    6.57752    10.8454    19.5928   11.94466 3.0290e+01 0.0000e+00
         65 265.466817    0.00444     0.2667     16.000      0.894  41098.371    25.7282    10.8460      0.886    6.57764    10.8451    19.5921   11.94488 3.0450e+01 0.0000e+00
         66 265.466820    0.00451     0.2708     16.250      0.895  41098.622    25.7283    10.8455      0.886    6.57771    10.8450    19.5923   11.94499 3.0617e+01 0.0000e+00
         67 265.466823    0.00458     0.2750     16.500      0.894  41100.302    25.7295    10.8452      0.886    6.57771    10.8449    19.5932   11.94498 3.0660e+01 0.0000e+00
         68 265.466826    0.00465     0.2792     16.750      0.893  41102.789    25.7312    10.8450      0.884    6.57766    10.8449    19.5946   11.94487 3.0609e+01 0.0000e+00
         69 265.466829    0.00472     0.2833     17.000      0.891  41105.169    25.7328    10.8450      0.883    6.57759    10.8448    19.5959   11.94475 3.0595e+01 0.0000e+00
         70 265.466832    0.00479     0.2875     17.250      0.891  41106.575    25.7338    10.8450      0.882    6.57755    10.8445    19.5966   11.94467 3.0583e+01 0.0000e+00
         71 265.466834    0.00486     0.2917     17.500      0.892  41106.369    25.7336    10.8449      0.883    6.57758    10.8439    19.5965   11.94472 3.0462e+01 0.0000e+00
         72 265.466837    0.00493     0.2958     17.750      0.893  41104.592    25.7324    10.8445      0.884    6.57768    10.8431    19.5956   11.94490 3.0297e+01 0.0000e+00
         73 265.466840    0.00500     0.3000     18.000      0.894  41101.777    25.7304    10.8440      0.886    6.57784    10.8423    19.5941   11.94519 3.0241e+01 0.0000e+00
         74 265.466843    0.00507     0.3042     18.250      0.895  41098.350    25.7280    10.8432      0.887    6.57805    10.8415    19.5924   11.94557 3.0289e+01 0.0000e+00
         75 265.466846    0.00514     0.3083     18.500      0.896  41094.734    25.7254    10.8424      0.888    6.57828    10.8410    19.5905   11.94598 3.0300e+01 0.0000e+00
         76 265.466849    0.00521     0.3125     18.750      0.896  41091.665    25.7232    10.8416      0.888    6.57848    10.8407    19.5890   11.94635 3.0226e+01 0.0000e+00
         77 265.466852    0.00528     0.3167     19.000      0.897  41089.929    25.7219    10.8411      0.888    6.57862    10.8405    19.5881   11.94658 3.0196e+01 0.0000e+00
         78 265.466855    0.00535     0.3208     19.250      0.897  41089.691    25.7217    10.8408      0.889    6.57867    10.8405    19.5880   11.94667 3.0285e+01 0.0000e+00
         79 265.466858    0.00542     0.3250     19.500      0.897  41090.240    25.7221    10.8406      0.889    6.57867    10.8404    19.5883   11.94668 3.0396e+01 0.0000e+00
         80 265.466861    0.00549     0.3292     19.750      0.898  41090.548    25.7223    10.8406      0.890    6.57867    10.8401    19.5884   11.94668 3.0488e+01 0.0000e+00
         81 265.466863    0.00556     0.3333     20.000      0.900  41090.019    25.7219    10.8404      0.891    6.57871    10.8398    19.5882   11.94674 3.0660e+01 0.0000e+00
         82 265.466866    0.00562     0.3375     20.250      0.901  41088.575    25.7209    10.8402      0.893    6.57878    10.8393    19.5874   11.94688 3.0942e+01 0.0000e+00
         83 265.466869    0.00569     0.3417     20.500      0.902  41086.265    25.7193    10.8398      0.894    6.57890    10.8388    19.5862   11.94709 3.1210e+01 0.0000e+00
         84 265.466872    0.00576     0.3458     20.750      0.903  41083.163    25.7171    10.8394      0.895    6.57906    10.8384    19.5846   11.94738 3.1370e+01 0.0000e+00
         85 265.466875    0.00583     0.3500     21.000      0.903  41079.524    25.7146    10.8389      0.895    6.57924    10.8380    19.5827   11.94771 3.1481e+01 0.0000e+00
         86 265.466878    0.00590     0.3542     21.250      0.903  41075.810    25.7120    10.8384      0.894    6.57941    10.8378    19.5807   11.94803 3.1612e+01 0.0000e+00
         87 265.466881    0.00597     0.3583     21.500      0.901  41072.482    25.7096    10.8381      0.893    6.57956    10.8377    19.5790   11.94831 3.1682e+01 0.0000e+00
         88 265.466884    0.00604     0.3625     21.750      0.900  41069.809    25.7078    10.8379      0.892    6.57967    10.8377    19.5775   11.94851 3.1587e+01 0.0000e+00
         89 265.466887    0.00611     0.3667     22.000      0.900  41067.921    25.7065    10.8378      0.892    6.57974    10.8377    19.5765   11.94864 3.1407e+01 0.0000e+00
         90 265.466889    0.00618     0.3708     22.250      0.900  41066.877    25.7057    10.8378      0.892    6.57977    10.8379    19.5760   11.94870 3.1280e+01 0.0000e+00
