CTD-processing/allCTD/CNV--turbid/2017_08-24_t9_s03_cast014.cnv
* Sea-Bird SBE19plus Data File:
* FileName = C:\Users\Kim.Powell\Desktop\Not Processed\2017\2017_08\2017_08-24_TRANSECT_STATION_cast014.hex
* Software Version 1.59
* Temperature SN =  4141
* Conductivity SN =  4141
* System UpLoad Time = Sep 22 2017 08:36:05
** 2017_08-24
** Station: 9-03
** Start Time: 17:21
** Depth (m): 94
** Comment: Edgecumbe
** Comment:
# nquan = 16
# nvalues = 683                         
# units = specified
# name 0 = scan: Scan Count
# name 1 = timeJ: Julian Days
# name 2 = timeH: Time, Elapsed [hours]
# name 3 = timeM: Time, Elapsed [minutes]
# name 4 = timeS: Time, Elapsed [seconds]
# name 5 = prdM: Pressure, Strain Gauge [db]
# name 6 = specc: Specific Conductance [uS/cm]
# name 7 = sal00: Salinity, Practical [PSU]
# name 8 = tv290C: Temperature [ITS-90, deg C]
# name 9 = depSM: Depth [salt water, m], lat = 59.00
# name 10 = oxsolML/L: Oxygen Saturation, Garcia & Gordon [ml/l]
# name 11 = potemp090C: Potential Temperature [ITS-90, deg C]
# name 12 = sigma-é00: Density [sigma-theta, kg/m^3]
# name 13 = n2satML/L: Nitrogen Saturation [ml/l]
# name 14 = par: PAR/Irradiance, Biospherical/Licor
# name 15 = flag:  0.000e+00
# span 0 =          1,        683       
# span 1 = 236.723356, 236.725330       
# span 2 =    0.00000,    0.04736       
# span 3 =     0.0000,     2.8417       
# span 4 =      0.000,    170.500       
# span 5 =      0.778,     93.363       
# span 6 =  46786.525,  49701.137       
# span 7 =    29.7068,    31.5223       
# span 8 =     9.3586,    10.9885       
# span 9 =      0.771,     92.470       
# span 10 =    6.39360,    6.54888      
# span 11 =     9.3488,    10.9598      
# span 12 =    22.6592,    24.3419      
# span 13 =   11.59117,   11.82680      
# span 14 = 4.9687e-02, 1.8492e+02      
# span 15 = 0.0000e+00, 0.0000e+00      
# interval = seconds: 0.25
# start_time = Aug 24 2017 17:21:38 [Instrument's time stamp, header]
# bad_flag = -9.990e-29
*END*
[from data line 272]
        273 236.724144    0.01889     1.1333     68.000      1.128  47774.294    30.3611    10.6146      1.118    6.41875    10.6121    23.2311   11.62509 1.4328e+02 0.0000e+00
        274 236.724146    0.01896     1.1375     68.250      1.132  47778.747    30.3641    10.6137      1.122    6.41874    10.6089    23.2337   11.62504 1.4336e+02 0.0000e+00
        275 236.724149    0.01903     1.1417     68.500      1.137  47789.074    30.3712    10.6122      1.127    6.41865    10.6031    23.2394   11.62481 1.4395e+02 0.0000e+00
        276 236.724152    0.01910     1.1458     68.750      1.140  47807.206    30.3836    10.6090      1.130    6.41859    10.5943    23.2496   11.62456 1.4531e+02 0.0000e+00
        277 236.724155    0.01917     1.1500     69.000      1.139  47833.600    30.4015    10.6032      1.129    6.41867    10.5828    23.2646   11.62448 1.4666e+02 0.0000e+00
        278 236.724158    0.01924     1.1542     69.250      1.132  47866.296    30.4236    10.5944      1.122    6.41900    10.5703    23.2832   11.62476 1.4720e+02 0.0000e+00
        279 236.724161    0.01931     1.1583     69.500      1.121  47899.963    30.4460    10.5829      1.111    6.41968    10.5585    23.3026   11.62563 1.4689e+02 0.0000e+00
        280 236.724164    0.01938     1.1625     69.750      1.107  47930.722    30.4662    10.5704      1.097    6.42060    10.5480    23.3204   11.62690 1.4681e+02 0.0000e+00
        281 236.724167    0.01944     1.1667     70.000      1.092  47958.658    30.4846    10.5586      1.082    6.42148    10.5388    23.3367   11.62815 1.4793e+02 0.0000e+00
        282 236.724170    0.01951     1.1708     70.250      1.076  47983.029    30.5005    10.5481      1.066    6.42229    10.5314    23.3508   11.62931 1.4933e+02 0.0000e+00
        283 236.724172    0.01958     1.1750     70.500      1.067  48002.089    30.5129    10.5389      1.057    6.42307    10.5255    23.3620   11.63044 1.4952e+02 0.0000e+00
        284 236.724175    0.01965     1.1792     70.750      1.070  48017.434    30.5229    10.5315      1.060    6.42370    10.5204    23.3710   11.63137 1.4869e+02 0.0000e+00
        285 236.724178    0.01972     1.1833     71.000      1.087  48031.379    30.5321    10.5256      1.077    6.42414    10.5156    23.3791   11.63200 1.4765e+02 0.0000e+00
        286 236.724181    0.01979     1.1875     71.250      1.116  48043.879    30.5403    10.5205      1.105    6.42452    10.5112    23.3864   11.63253 1.4581e+02 0.0000e+00
        287 236.724184    0.01986     1.1917     71.500      1.160  48055.891    30.5482    10.5157      1.149    6.42486    10.5063    23.3933   11.63300 1.4180e+02 0.0000e+00
        288 236.724187    0.01993     1.1958     71.750      1.228  48070.271    30.5578    10.5113      1.216    6.42509    10.5001    23.4015   11.63326 1.3510e+02 0.0000e+00
        289 236.724190    0.02000     1.2000     72.000      1.329  48089.498    30.5707    10.5065      1.316    6.42523    10.4918    23.4124   11.63334 1.2660e+02 0.0000e+00
        290 236.724193    0.02007     1.2042     72.250      1.468  48115.436    30.5882    10.5002      1.454    6.42538    10.4813    23.4271   11.63338 1.1747e+02 0.0000e+00
        291 236.724196    0.02014     1.2083     72.500      1.647  48150.098    30.6116    10.4920      1.632    6.42557    10.4683    23.4467   11.63341 1.0838e+02 0.0000e+00
        292 236.724198    0.02021     1.2125     72.750      1.858  48194.173    30.6414    10.4815      1.840    6.42581    10.4533    23.4716   11.63347 9.9617e+01 0.0000e+00
        293 236.724201    0.02028     1.2167     73.000      2.089  48245.587    30.6760    10.4686      2.069    6.42620    10.4363    23.5007   11.63369 9.1484e+01 0.0000e+00
        294 236.724204    0.02035     1.2208     73.250      2.331  48302.408    30.7142    10.4536      2.309    6.42672    10.4164    23.5330   11.63411 8.4298e+01 0.0000e+00
        295 236.724207    0.02042     1.2250     73.500      2.579  48365.720    30.7568    10.4367      2.554    6.42734    10.3919    23.5690   11.63462 7.8009e+01 0.0000e+00
        296 236.724210    0.02049     1.2292     73.750      2.832  48437.399    30.8049    10.4168      2.805    6.42815    10.3630    23.6098   11.63539 7.2351e+01 0.0000e+00
        297 236.724213    0.02056     1.2333     74.000      3.087  48514.898    30.8565    10.3923      3.058    6.42946    10.3329    23.6541   11.63694 6.7237e+01 0.0000e+00
        298 236.724216    0.02063     1.2375     74.250      3.337  48590.709    30.9065    10.3634      3.306    6.43144    10.3050    23.6978   11.63963 6.2647e+01 0.0000e+00
        299 236.724219    0.02069     1.2417     74.500      3.581  48658.483    30.9506    10.3333      3.548    6.43384    10.2814    23.7371   11.64309 5.8480e+01 0.0000e+00
        300 236.724222    0.02076     1.2458     74.750      3.820  48715.577    30.9874    10.3054      3.785    6.43623    10.2628    23.7705   11.64662 5.4663e+01 0.0000e+00
        301 236.724225    0.02083     1.2500     75.000      4.056  48761.005    31.0165    10.2819      4.018    6.43833    10.2489    23.7970   11.64975 5.1175e+01 0.0000e+00
        302 236.724227    0.02090     1.2542     75.250      4.293  48795.021    31.0382    10.2633      4.253    6.44005    10.2390    23.8170   11.65233 4.7989e+01 0.0000e+00
        303 236.724230    0.02097     1.2583     75.500      4.533  48819.219    31.0535    10.2495      4.490    6.44136    10.2321    23.8312   11.65432 4.5109e+01 0.0000e+00
        304 236.724233    0.02104     1.2625     75.750      4.771  48836.070    31.0641    10.2395      4.727    6.44232    10.2272    23.8411   11.65578 4.2537e+01 0.0000e+00
        305 236.724236    0.02111     1.2667     76.000      5.005  48847.954    31.0715    10.2326      4.959    6.44298    10.2239    23.8480   11.65679 4.0225e+01 0.0000e+00
        306 236.724239    0.02118     1.2708     76.250      5.232  48856.733    31.0770    10.2278      5.184    6.44343    10.2216    23.8531   11.65746 3.8124e+01 0.0000e+00
        307 236.724242    0.02125     1.2750     76.500      5.451  48863.861    31.0816    10.2245      5.401    6.44371    10.2205    23.8572   11.65788 3.6178e+01 0.0000e+00
        308 236.724245    0.02132     1.2792     76.750      5.669  48870.185    31.0857    10.2223      5.616    6.44386    10.2203    23.8608   11.65807 3.4293e+01 0.0000e+00
        309 236.724248    0.02139     1.2833     77.000      5.894  48875.827    31.0894    10.2211      5.839    6.44386    10.2210    23.8639   11.65803 3.2412e+01 0.0000e+00
        310 236.724251    0.02146     1.2875     77.250      6.131  48880.470    31.0926    10.2210      6.074    6.44374    10.2222    23.8664   11.65780 3.0565e+01 0.0000e+00
        311 236.724253    0.02153     1.2917     77.500      6.378  48884.047    31.0951    10.2217      6.319    6.44354    10.2237    23.8683   11.65744 2.8806e+01 0.0000e+00
        312 236.724256    0.02160     1.2958     77.750      6.630  48886.685    31.0970    10.2229      6.568    6.44329    10.2252    23.8696   11.65701 2.7169e+01 0.0000e+00
        313 236.724259    0.02167     1.3000     78.000      6.884  48888.432    31.0983    10.2244      6.819    6.44302    10.2267    23.8703   11.65655 2.5664e+01 0.0000e+00
        314 236.724262    0.02174     1.3042     78.250      7.136  48889.401    31.0991    10.2260      7.068    6.44277    10.2280    23.8707   11.65612 2.4286e+01 0.0000e+00
        315 236.724265    0.02181     1.3083     78.500      7.380  48889.763    31.0994    10.2275      7.310    6.44254    10.2291    23.8707   11.65573 2.3031e+01 0.0000e+00
        316 236.724268    0.02187     1.3125     78.750      7.613  48889.596    31.0994    10.2289      7.541    6.44235    10.2297    23.8704   11.65542 2.1889e+01 0.0000e+00
        317 236.724271    0.02194     1.3167     79.000      7.833  48888.932    31.0990    10.2299      7.759    6.44222    10.2300    23.8699   11.65521 2.0840e+01 0.0000e+00
        318 236.724274    0.02201     1.3208     79.250      8.044  48888.351    31.0985    10.2306      7.969    6.44214    10.2301    23.8695   11.65508 1.9851e+01 0.0000e+00
        319 236.724277    0.02208     1.3250     79.500      8.256  48888.812    31.0988    10.2309      8.179    6.44209    10.2304    23.8696   11.65499 1.8874e+01 0.0000e+00
        320 236.724280    0.02215     1.3292     79.750      8.480  48890.822    31.1002    10.2311      8.400    6.44202    10.2312    23.8707   11.65485 1.7877e+01 0.0000e+00
        321 236.724282    0.02222     1.3333     80.000      8.720  48894.499    31.1027    10.2314      8.639    6.44187    10.2327    23.8726   11.65458 1.6875e+01 0.0000e+00
        322 236.724285    0.02229     1.3375     80.250      8.974  48900.126    31.1067    10.2322      8.890    6.44160    10.2353    23.8756   11.65408 1.5901e+01 0.0000e+00
        323 236.724288    0.02236     1.3417     80.500      9.234  48908.214    31.1125    10.2338      9.147    6.44114    10.2392    23.8798   11.65325 1.4982e+01 0.0000e+00
        324 236.724291    0.02243     1.3458     80.750      9.492  48918.790    31.1202    10.2364      9.403    6.44045    10.2441    23.8854   11.65202 1.4133e+01 0.0000e+00
        325 236.724294    0.02250     1.3500     81.000      9.745  48929.882    31.1284    10.2403      9.654    6.43957    10.2496    23.8912   11.65046 1.3352e+01 0.0000e+00
        326 236.724297    0.02257     1.3542     81.250      9.995  48939.125    31.1354    10.2452      9.901    6.43858    10.2554    23.8958   11.64874 1.2633e+01 0.0000e+00
        327 236.724300    0.02264     1.3583     81.500     10.240  48945.650    31.1405    10.2508     10.144    6.43759    10.2608    23.8990   11.64703 1.1977e+01 0.0000e+00
        328 236.724303    0.02271     1.3625     81.750     10.482  48948.557    31.1432    10.2565     10.383    6.43667    10.2656    23.9001   11.64548 1.1382e+01 0.0000e+00
        329 236.724306    0.02278     1.3667     82.000     10.721  48948.380    31.1436    10.2620     10.620    6.43588    10.2696    23.8995   11.64418 1.0833e+01 0.0000e+00
        330 236.724308    0.02285     1.3708     82.250     10.963  48947.020    31.1431    10.2668     10.860    6.43523    10.2728    23.8984   11.64311 1.0308e+01 0.0000e+00
        331 236.724311    0.02292     1.3750     82.500     11.213  48945.156    31.1422    10.2708     11.108    6.43471    10.2753    23.8970   11.64225 9.7944e+00 0.0000e+00
        332 236.724314    0.02299     1.3792     82.750     11.474  48942.535    31.1407    10.2741     11.366    6.43432    10.2768    23.8952   11.64161 9.2877e+00 0.0000e+00
        333 236.724317    0.02306     1.3833     83.000     11.739  48939.707    31.1389    10.2765     11.629    6.43405    10.2779    23.8934   11.64118 8.8009e+00 0.0000e+00
        334 236.724320    0.02313     1.3875     83.250     11.998  48938.336    31.1380    10.2782     11.886    6.43386    10.2788    23.8924   11.64088 8.3516e+00 0.0000e+00
        335 236.724323    0.02319     1.3917     83.500     12.244  48938.598    31.1382    10.2792     12.129    6.43370    10.2798    23.8924   11.64062 7.9486e+00 0.0000e+00
        336 236.724326    0.02326     1.3958     83.750     12.472  48939.290    31.1387    10.2802     12.355    6.43355    10.2808    23.8927   11.64036 7.5869e+00 0.0000e+00
        337 236.724329    0.02333     1.4000     84.000     12.686  48939.998    31.1392    10.2812     12.567    6.43339    10.2818    23.8929   11.64008 7.2549e+00 0.0000e+00
        338 236.724332    0.02340     1.4042     84.250     12.894  48940.601    31.1397    10.2822     12.772    6.43322    10.2827    23.8931   11.63980 6.9432e+00 0.0000e+00
        339 236.724334    0.02347     1.4083     84.500     13.101  48940.876    31.1399    10.2833     12.977    6.43306    10.2835    23.8931   11.63954 6.6426e+00 0.0000e+00
        340 236.724337    0.02354     1.4125     84.750     13.314  48940.891    31.1400    10.2843     13.189    6.43293    10.2842    23.8930   11.63931 6.3429e+00 0.0000e+00
        341 236.724340    0.02361     1.4167     85.000     13.539  48940.936    31.1400    10.2851     13.412    6.43281    10.2848    23.8929   11.63912 6.0399e+00 0.0000e+00
        342 236.724343    0.02368     1.4208     85.250     13.777  48941.138    31.1401    10.2858     13.647    6.43270    10.2854    23.8929   11.63894 5.7366e+00 0.0000e+00
        343 236.724346    0.02375     1.4250     85.500     14.025  48941.324    31.1403    10.2864     13.893    6.43261    10.2859    23.8929   11.63879 5.4418e+00 0.0000e+00
        344 236.724349    0.02382     1.4292     85.750     14.275  48941.504    31.1404    10.2870     14.140    6.43252    10.2864    23.8929   11.63864 5.1655e+00 0.0000e+00
        345 236.724352    0.02389     1.4333     86.000     14.520  48941.762    31.1405    10.2876     14.384    6.43243    10.2869    23.8929   11.63849 4.9122e+00 0.0000e+00
        346 236.724355    0.02396     1.4375     86.250     14.759  48942.034    31.1407    10.2881     14.621    6.43236    10.2873    23.8929   11.63836 4.6800e+00 0.0000e+00
        347 236.724358    0.02403     1.4417     86.500     14.995  48942.558    31.1410    10.2885     14.854    6.43228    10.2878    23.8931   11.63823 4.4625e+00 0.0000e+00
        348 236.724361    0.02410     1.4458     86.750     15.233  48943.810    31.1418    10.2890     15.090    6.43218    10.2886    23.8937   11.63806 4.2521e+00 0.0000e+00
        349 236.724363    0.02417     1.4500     87.000     15.479  48946.000    31.1433    10.2895     15.334    6.43204    10.2895    23.8948   11.63781 4.0455e+00 0.0000e+00
        350 236.724366    0.02424     1.4542     87.250     15.733  48948.418    31.1450    10.2903     15.586    6.43186    10.2905    23.8960   11.63749 3.8458e+00 0.0000e+00
        351 236.724369    0.02431     1.4583     87.500     15.988  48949.764    31.1460    10.2913     15.838    6.43168    10.2914    23.8966   11.63719 3.6566e+00 0.0000e+00
        352 236.724372    0.02438     1.4625     87.750     16.239  48949.489    31.1458    10.2923     16.086    6.43155    10.2918    23.8963   11.63696 3.4806e+00 0.0000e+00
        353 236.724375    0.02444     1.4667     88.000     16.482  48948.105    31.1448    10.2932     16.328    6.43147    10.2920    23.8954   11.63684 3.3164e+00 0.0000e+00
        354 236.724378    0.02451     1.4708     88.250     16.721  48946.827    31.1439    10.2937     16.565    6.43144    10.2921    23.8946   11.63681 3.1592e+00 0.0000e+00
        355 236.724381    0.02458     1.4750     88.500     16.959  48946.725    31.1437    10.2938     16.800    6.43142    10.2924    23.8944   11.63678 3.0077e+00 0.0000e+00
        356 236.724384    0.02465     1.4792     88.750     17.197  48947.962    31.1445    10.2939     17.035    6.43137    10.2931    23.8950   11.63669 2.8634e+00 0.0000e+00
        357 236.724387    0.02472     1.4833     89.000     17.432  48950.003    31.1459    10.2943     17.269    6.43126    10.2943    23.8961   11.63649 2.7267e+00 0.0000e+00
        358 236.724389    0.02479     1.4875     89.250     17.666  48952.511    31.1477    10.2951     17.500    6.43109    10.2958    23.8973   11.63618 2.5973e+00 0.0000e+00
        359 236.724392    0.02486     1.4917     89.500     17.900  48954.919    31.1494    10.2963     17.732    6.43085    10.2973    23.8985   11.63576 2.4735e+00 0.0000e+00
        360 236.724395    0.02493     1.4958     89.750     18.138  48956.039    31.1503    10.2978     17.968    6.43060    10.2986    23.8989   11.63534 2.3531e+00 0.0000e+00
        361 236.724398    0.02500     1.5000     90.000     18.382  48956.147    31.1505    10.2994     18.210    6.43037    10.2997    23.8988   11.63496 2.2357e+00 0.0000e+00
