CTD-processing/allCTD/CNV--turbid/2017_12-14_alongbay_skb04_cast128.cnv
* Sea-Bird SBE19plus Data File:
* FileName = C:\Users\Kim.Powell\Desktop\Not Processed\2017\2017_12-XX_4141\2017_12-14_TANSECT_STATION_cast128.hex
* Software Version 1.59
* Temperature SN =  4141
* Conductivity SN =  4141
* System UpLoad Time = Dec 18 2017 08:26:07
** 2017_12-14
** Station: KB04
** Start Time: 13:19
** Depth (m): 155.4
** Comment:**CTD recorded date as April 18
** Comment:
# nquan = 16
# nvalues = 915                         
# units = specified
# name 0 = scan: Scan Count
# name 1 = timeJ: Julian Days
# name 2 = timeH: Time, Elapsed [hours]
# name 3 = timeM: Time, Elapsed [minutes]
# name 4 = timeS: Time, Elapsed [seconds]
# name 5 = prdM: Pressure, Strain Gauge [db]
# name 6 = specc: Specific Conductance [uS/cm]
# name 7 = sal00: Salinity, Practical [PSU]
# name 8 = tv290C: Temperature [ITS-90, deg C]
# name 9 = depSM: Depth [salt water, m], lat = 59.00
# name 10 = oxsolML/L: Oxygen Saturation, Garcia & Gordon [ml/l]
# name 11 = potemp090C: Potential Temperature [ITS-90, deg C]
# name 12 = sigma-é00: Density [sigma-theta, kg/m^3]
# name 13 = n2satML/L: Nitrogen Saturation [ml/l]
# name 14 = par: PAR/Irradiance, Biospherical/Licor
# name 15 = flag:  0.000e+00
# span 0 =          1,        915       
# span 1 = 108.555069, 108.557714       
# span 2 =    0.00000,    0.06347       
# span 3 =     0.0000,     3.8083       
# span 4 =      0.000,    228.500       
# span 5 =      0.445,    124.104       
# span 6 =  48708.975,  50157.427       
# span 7 =    30.3174,    31.4417       
# span 8 =     5.7042,     6.9271       
# span 9 =      0.441,    122.907       
# span 10 =    6.92330,    7.17077      
# span 11 =     5.7042,     6.9197      
# span 12 =    23.8639,    24.6307      
# span 13 =   12.44738,   12.86902      
# span 14 = 3.6382e-02, 4.7291e+01      
# span 15 = 0.0000e+00, 0.0000e+00      
# interval = seconds: 0.25
# start_time = Apr 18 2017 13:19:18 [Instrument's time stamp, header]
# bad_flag = -9.990e-29
*END*
[from data line 633]
        634 108.556901    0.04396     2.6375    158.250     70.762  50072.877    31.4084     6.9127     70.088    6.92641     6.9073    24.6029   12.45276 4.8065e-02 0.0000e+00
        635 108.556904    0.04403     2.6417    158.500     70.973  50073.556    31.4089     6.9131     70.298    6.92633     6.9077    24.6032   12.45262 4.7710e-02 0.0000e+00
        636 108.556907    0.04410     2.6458    158.750     71.189  50073.982    31.4091     6.9134     70.512    6.92626     6.9080    24.6033   12.45249 4.7349e-02 0.0000e+00
        637 108.556910    0.04417     2.6500    159.000     71.402  50074.229    31.4093     6.9138     70.722    6.92620     6.9082    24.6034   12.45238 4.6937e-02 0.0000e+00
        638 108.556913    0.04424     2.6542    159.250     71.601  50074.395    31.4093     6.9141     70.919    6.92615     6.9084    24.6034   12.45230 4.6517e-02 0.0000e+00
        639 108.556916    0.04431     2.6583    159.500     71.784  50074.525    31.4094     6.9144     71.101    6.92610     6.9085    24.6034   12.45223 4.6122e-02 0.0000e+00
        640 108.556918    0.04437     2.6625    159.750     71.957  50074.646    31.4094     6.9146     71.272    6.92607     6.9086    24.6035   12.45217 4.5742e-02 0.0000e+00
        641 108.556921    0.04444     2.6667    160.000     72.130  50074.798    31.4094     6.9147     71.443    6.92604     6.9087    24.6035   12.45213 4.5392e-02 0.0000e+00
        642 108.556924    0.04451     2.6708    160.250     72.316  50075.025    31.4095     6.9149     71.628    6.92602     6.9087    24.6035   12.45209 4.5086e-02 0.0000e+00
        643 108.556927    0.04458     2.6750    160.500     72.520  50075.256    31.4096     6.9150     71.829    6.92599     6.9088    24.6036   12.45205 4.4775e-02 0.0000e+00
        644 108.556930    0.04465     2.6792    160.750     72.736  50075.376    31.4096     6.9150     72.044    6.92598     6.9088    24.6036   12.45203 4.4391e-02 0.0000e+00
        645 108.556933    0.04472     2.6833    161.000     72.960  50075.413    31.4096     6.9151     72.265    6.92597     6.9088    24.6036   12.45201 4.3965e-02 0.0000e+00
        646 108.556936    0.04479     2.6875    161.250     73.183  50075.451    31.4095     6.9151     72.486    6.92597     6.9089    24.6035   12.45201 4.3564e-02 0.0000e+00
        647 108.556939    0.04486     2.6917    161.500     73.402  50075.533    31.4095     6.9152     72.703    6.92596     6.9089    24.6034   12.45200 4.3210e-02 0.0000e+00
        648 108.556942    0.04493     2.6958    161.750     73.613  50075.656    31.4095     6.9152     72.912    6.92595     6.9088    24.6034   12.45199 4.2891e-02 0.0000e+00
        649 108.556944    0.04500     2.7000    162.000     73.816  50075.763    31.4095     6.9153     73.113    6.92595     6.9088    24.6034   12.45198 4.2600e-02 0.0000e+00
        650 108.556947    0.04507     2.7042    162.250     74.009  50075.816    31.4094     6.9153     73.304    6.92596     6.9087    24.6034   12.45199 4.2339e-02 0.0000e+00
        651 108.556950    0.04514     2.7083    162.500     74.195  50075.833    31.4093     6.9152     73.488    6.92597     6.9086    24.6033   12.45200 4.2090e-02 0.0000e+00
        652 108.556953    0.04521     2.7125    162.750     74.377  50075.845    31.4092     6.9151     73.668    6.92598     6.9083    24.6033   12.45203 4.1837e-02 0.0000e+00
        653 108.556956    0.04528     2.7167    163.000     74.563  50075.874    31.4091     6.9150     73.853    6.92601     6.9080    24.6032   12.45208 4.1577e-02 0.0000e+00
        654 108.556959    0.04535     2.7208    163.250     74.760  50076.045    31.4091     6.9147     74.047    6.92605     6.9077    24.6033   12.45214 4.1311e-02 0.0000e+00
        655 108.556962    0.04542     2.7250    163.500     74.969  50076.399    31.4092     6.9145     74.254    6.92609     6.9075    24.6034   12.45221 4.1032e-02 0.0000e+00
        656 108.556965    0.04549     2.7292    163.750     75.191  50076.837    31.4094     6.9142     74.475    6.92613     6.9073    24.6035   12.45227 4.0766e-02 0.0000e+00
        657 108.556968    0.04556     2.7333    164.000     75.424  50077.315    31.4096     6.9140     74.706    6.92616     6.9071    24.6037   12.45231 4.0518e-02 0.0000e+00
        658 108.556970    0.04562     2.7375    164.250     75.657  50077.771    31.4097     6.9138     74.936    6.92618     6.9071    24.6039   12.45234 4.0260e-02 0.0000e+00
        659 108.556973    0.04569     2.7417    164.500     75.878  50078.111    31.4099     6.9137     75.155    6.92619     6.9070    24.6040   12.45236 4.0020e-02 0.0000e+00
        660 108.556976    0.04576     2.7458    164.750     76.081  50078.354    31.4099     6.9136     75.356    6.92619     6.9070    24.6040   12.45237 3.9805e-02 0.0000e+00
        661 108.556979    0.04583     2.7500    165.000     76.266  50078.602    31.4100     6.9136     75.539    6.92619     6.9070    24.6041   12.45237 3.9583e-02 0.0000e+00
        662 108.556982    0.04590     2.7542    165.250     76.437  50078.881    31.4101     6.9136     75.708    6.92619     6.9070    24.6042   12.45237 3.9340e-02 0.0000e+00
        663 108.556985    0.04597     2.7583    165.500     76.609  50079.118    31.4102     6.9136     75.878    6.92618     6.9069    24.6043   12.45236 3.9086e-02 0.0000e+00
        664 108.556988    0.04604     2.7625    165.750     76.794  50079.251    31.4102     6.9136     76.062    6.92618     6.9069    24.6043   12.45236 3.8845e-02 0.0000e+00
        665 108.556991    0.04611     2.7667    166.000     77.002  50079.404    31.4102     6.9136     76.268    6.92618     6.9069    24.6043   12.45236 3.8626e-02 0.0000e+00
        666 108.556994    0.04618     2.7708    166.250     77.232  50079.674    31.4103     6.9136     76.495    6.92618     6.9069    24.6044   12.45235 3.8423e-02 0.0000e+00
        667 108.556997    0.04625     2.7750    166.500     77.474  50079.926    31.4104     6.9136     76.735    6.92618     6.9069    24.6044   12.45234 3.8254e-02 0.0000e+00
        668 108.556999    0.04632     2.7792    166.750     77.714  50080.147    31.4104     6.9136     76.972    6.92617     6.9069    24.6044   12.45233 3.8107e-02 0.0000e+00
        669 108.557002    0.04639     2.7833    167.000     77.935  50080.430    31.4105     6.9136     77.192    6.92617     6.9069    24.6045   12.45232 3.7942e-02 0.0000e+00
        670 108.557005    0.04646     2.7875    167.250     78.132  50080.744    31.4106     6.9137     77.387    6.92616     6.9070    24.6046   12.45231 3.7759e-02 0.0000e+00
        671 108.557008    0.04653     2.7917    167.500     78.303  50081.037    31.4108     6.9137     77.557    6.92614     6.9070    24.6047   12.45228 3.7575e-02 0.0000e+00
        672 108.557011    0.04660     2.7958    167.750     78.459  50081.281    31.4109     6.9138     77.711    6.92613     6.9071    24.6048   12.45226 3.7393e-02 0.0000e+00
        673 108.557014    0.04667     2.8000    168.000     78.612  50081.533    31.4110     6.9138     77.863    6.92611     6.9071    24.6049   12.45223 3.7216e-02 0.0000e+00
        674 108.557017    0.04674     2.8042    168.250     78.779  50081.894    31.4112     6.9139     78.028    6.92609     6.9072    24.6050   12.45220 3.7052e-02 0.0000e+00
        675 108.557020    0.04681     2.8083    168.500     78.969  50082.403    31.4115     6.9140     78.216    6.92607     6.9073    24.6052   12.45216 3.6895e-02 0.0000e+00
        676 108.557023    0.04688     2.8125    168.750     79.182  50082.976    31.4118     6.9141     78.427    6.92604     6.9074    24.6055   12.45211 3.6761e-02 0.0000e+00
        677 108.557025    0.04694     2.8167    169.000     79.411  50083.456    31.4121     6.9142     78.653    6.92601     6.9076    24.6057   12.45205 3.6679e-02 0.0000e+00
        678 108.557028    0.04701     2.8208    169.250     79.643  50083.730    31.4122     6.9144     78.883    6.92597     6.9077    24.6057   12.45199 3.6621e-02 0.0000e+00
        679 108.557031    0.04708     2.8250    169.500     79.862  50083.874    31.4122     6.9145     79.100    6.92594     6.9078    24.6057   12.45194 3.6547e-02 0.0000e+00
        680 108.557034    0.04715     2.8292    169.750     80.059  50084.103    31.4123     6.9147     79.295    6.92592     6.9079    24.6058   12.45189 3.6481e-02 0.0000e+00
        681 108.557037    0.04722     2.8333    170.000     80.235  50084.603    31.4126     6.9148     79.469    6.92589     6.9079    24.6060   12.45183 3.6441e-02 0.0000e+00
        682 108.557040    0.04729     2.8375    170.250     80.400  50085.343    31.4131     6.9149     79.633    6.92586     6.9079    24.6063   12.45178 3.6418e-02 0.0000e+00
        683 108.557043    0.04736     2.8417    170.500     80.566  50086.103    31.4135     6.9149     79.797    6.92583     6.9079    24.6067   12.45173 3.6403e-02 0.0000e+00
        684 108.557046    0.04743     2.8458    170.750     80.742  50086.932    31.4140     6.9149     79.972    6.92581     6.9079    24.6071   12.45169 3.6395e-02 0.0000e+00
        685 108.557049    0.04750     2.8500    171.000     80.936  50088.067    31.4147     6.9149     80.163    6.92578     6.9081    24.6076   12.45163 3.6390e-02 0.0000e+00
        686 108.557052    0.04757     2.8542    171.250     81.144  50089.456    31.4156     6.9150     80.370    6.92573     6.9084    24.6083   12.45154 3.6387e-02 0.0000e+00
        687 108.557054    0.04764     2.8583    171.500     81.364  50091.045    31.4166     6.9152     80.587    6.92565     6.9090    24.6091   12.45139 3.6385e-02 0.0000e+00
        688 108.557057    0.04771     2.8625    171.750     81.587  50092.835    31.4178     6.9155     80.808    6.92553     6.9097    24.6100   12.45119 3.6384e-02 0.0000e+00
        689 108.557060    0.04778     2.8667    172.000     81.808  50094.548    31.4190     6.9161     81.027    6.92539     6.9106    24.6109   12.45094 3.6383e-02 0.0000e+00
        690 108.557063    0.04785     2.8708    172.250     82.022  50096.158    31.4201     6.9168     81.239    6.92522     6.9115    24.6117   12.45064 3.6383e-02 0.0000e+00
        691 108.557066    0.04792     2.8750    172.500     82.226  50097.958    31.4214     6.9177     81.441    6.92502     6.9126    24.6126   12.45030 3.6382e-02 0.0000e+00
        692 108.557069    0.04799     2.8792    172.750     82.420  50099.803    31.4228     6.9187     81.634    6.92480     6.9137    24.6136   12.44991 3.6382e-02 0.0000e+00
        693 108.557072    0.04806     2.8833    173.000     82.607  50101.204    31.4239     6.9197     81.818    6.92458     6.9147    24.6143   12.44953 3.6382e-02 0.0000e+00
        694 108.557075    0.04813     2.8875    173.250     82.788  50102.131    31.4246     6.9208     81.998    6.92436     6.9157    24.6148   12.44917 3.6382e-02 0.0000e+00
        695 108.557078    0.04819     2.8917    173.500     82.968  50102.902    31.4253     6.9219     82.176    6.92416     6.9166    24.6151   12.44883 3.6382e-02 0.0000e+00
        696 108.557080    0.04826     2.8958    173.750     83.151  50103.430    31.4257     6.9230     82.357    6.92398     6.9174    24.6154   12.44852 3.6382e-02 0.0000e+00
        697 108.557083    0.04833     2.9000    174.000     83.343  50103.605    31.4259     6.9239     82.547    6.92382     6.9181    24.6154   12.44826 3.6382e-02 0.0000e+00
        698 108.557086    0.04840     2.9042    174.250     83.544  50103.678    31.4260     6.9247     82.747    6.92369     6.9186    24.6154   12.44803 3.6382e-02 0.0000e+00
        699 108.557089    0.04847     2.9083    174.500     83.753  50103.850    31.4262     6.9254     82.953    6.92357     6.9190    24.6154   12.44784 3.6382e-02 0.0000e+00
        700 108.557092    0.04854     2.9125    174.750     83.958  50104.121    31.4264     6.9259     83.156    6.92348     6.9193    24.6155   12.44769 3.6382e-02 0.0000e+00
        701 108.557095    0.04861     2.9167    175.000     84.150  50104.413    31.4266     6.9263     83.346    6.92341     6.9195    24.6155   12.44757 3.6382e-02 0.0000e+00
        702 108.557098    0.04868     2.9208    175.250     84.328  50104.667    31.4267     6.9266     83.523    6.92336     6.9196    24.6156   12.44748 3.6382e-02 0.0000e+00
        703 108.557101    0.04875     2.9250    175.500     84.500  50104.731    31.4267     6.9268     83.693    6.92332     6.9196    24.6156   12.44742 3.6382e-02 0.0000e+00
        704 108.557104    0.04882     2.9292    175.750     84.678  50104.557    31.4265     6.9269     83.869    6.92331     6.9197    24.6155   12.44740 3.6382e-02 0.0000e+00
        705 108.557106    0.04889     2.9333    176.000     84.871  50104.360    31.4263     6.9270     84.060    6.92330     6.9197    24.6153   12.44739 3.6382e-02 0.0000e+00
        706 108.557109    0.04896     2.9375    176.250     85.078  50104.292    31.4262     6.9271     84.265    6.92330     6.9197    24.6152   12.44738 3.6382e-02 0.0000e+00
        707 108.557112    0.04903     2.9417    176.500     85.290  50104.342    31.4261     6.9271     84.475    6.92330     6.9196    24.6151   12.44738 3.6382e-02 0.0000e+00
        708 108.557115    0.04910     2.9458    176.750     85.493  50104.470    31.4261     6.9271     84.676    6.92330     6.9195    24.6151   12.44739 3.6382e-02 0.0000e+00
        709 108.557118    0.04917     2.9500    177.000     85.682  50104.757    31.4262     6.9270     84.863    6.92330     6.9193    24.6152   12.44739 3.6382e-02 0.0000e+00
        710 108.557121    0.04924     2.9542    177.250     85.859  50105.254    31.4265     6.9269     85.038    6.92331     6.9192    24.6154   12.44740 3.6382e-02 0.0000e+00
        711 108.557124    0.04931     2.9583    177.500     86.033  50105.844    31.4268     6.9268     85.210    6.92332     6.9191    24.6156   12.44741 3.6382e-02 0.0000e+00
        712 108.557127    0.04938     2.9625    177.750     86.212  50106.377    31.4270     6.9267     85.388    6.92333     6.9190    24.6159   12.44742 3.6382e-02 0.0000e+00
        713 108.557130    0.04944     2.9667    178.000     86.405  50106.768    31.4272     6.9266     85.579    6.92333     6.9190    24.6160   12.44743 3.6382e-02 0.0000e+00
        714 108.557133    0.04951     2.9708    178.250     86.609  50107.020    31.4273     6.9265     85.781    6.92334     6.9189    24.6161   12.44744 3.6382e-02 0.0000e+00
        715 108.557135    0.04958     2.9750    178.500     86.820  50107.160    31.4273     6.9265     85.991    6.92334     6.9187    24.6161   12.44745 3.6382e-02 0.0000e+00
        716 108.557138    0.04965     2.9792    178.750     87.030  50107.222    31.4272     6.9264     86.198    6.92336     6.9184    24.6161   12.44747 3.6382e-02 0.0000e+00
        717 108.557141    0.04972     2.9833    179.000     87.230  50107.289    31.4272     6.9262     86.396    6.92339     6.9180    24.6160   12.44753 3.6382e-02 0.0000e+00
        718 108.557144    0.04979     2.9875    179.250     87.415  50107.523    31.4272     6.9259     86.580    6.92343     6.9175    24.6161   12.44760 3.6382e-02 0.0000e+00
        719 108.557147    0.04986     2.9917    179.500     87.589  50107.935    31.4273     6.9256     86.752    6.92349     6.9170    24.6163   12.44769 3.6382e-02 0.0000e+00
        720 108.557150    0.04993     2.9958    179.750     87.760  50108.204    31.4274     6.9251     86.921    6.92356     6.9163    24.6163   12.44780 3.6382e-02 0.0000e+00
        721 108.557153    0.05000     3.0000    180.000     87.937  50108.263    31.4272     6.9246     87.096    6.92365     6.9153    24.6163   12.44796 3.6382e-02 0.0000e+00
        722 108.557156    0.05007     3.0042    180.250     88.125  50108.391    31.4271     6.9239     87.282    6.92377     6.9142    24.6163   12.44815 3.6382e-02 0.0000e+00
        723 108.557159    0.05014     3.0083    180.500     88.324  50108.775    31.4271     6.9230     87.480    6.92391     6.9129    24.6165   12.44839 3.6382e-02 0.0000e+00
