CTD-processing/allCTD/CNV--turbid/2017_06-28_alongbay_skb05_cast199.cnv
* Sea-Bird SBE19plus Data File:
* FileName = C:\Users\Kim.Powell\Desktop\2017_06-28_4141\AlongBay\2017_06-28_AlongBay199.hex
* Software Version 1.59
* Temperature SN =  4141
* Conductivity SN =  4141
* System UpLoad Time = Jul 21 2017 10:36:13
** CookInlet LTM AlongBay
** 2017_06-28
** Station: KB05
** Start Time: 14:47
** Depth: 168m
** Comment:
** Comment:
# nquan = 16
# nvalues = 1086                        
# units = specified
# name 0 = scan: Scan Count
# name 1 = timeJ: Julian Days
# name 2 = timeH: Time, Elapsed [hours]
# name 3 = timeM: Time, Elapsed [minutes]
# name 4 = timeS: Time, Elapsed [seconds]
# name 5 = prdM: Pressure, Strain Gauge [db]
# name 6 = specc: Specific Conductance [uS/cm]
# name 7 = sal00: Salinity, Practical [PSU]
# name 8 = tv290C: Temperature [ITS-90, deg C]
# name 9 = depSM: Depth [salt water, m], lat = 59.00
# name 10 = oxsolML/L: Oxygen Saturation, Garcia & Gordon [ml/l]
# name 11 = potemp090C: Potential Temperature [ITS-90, deg C]
# name 12 = sigma-é00: Density [sigma-theta, kg/m^3]
# name 13 = n2satML/L: Nitrogen Saturation [ml/l]
# name 14 = par: PAR/Irradiance, Biospherical/Licor
# name 15 = flag:  0.000e+00
# span 0 =          1,       1086       
# span 1 = 179.616713, 179.619852       
# span 2 =    0.00000,    0.07535       
# span 3 =     0.0000,     4.5208       
# span 4 =      0.000,    271.250       
# span 5 =     -0.024,    159.230       
# span 6 =   1223.731,  50921.164       
# span 7 =     0.6072,    31.8395       
# span 8 =     6.2320,    10.7113       
# span 9 =     -0.024,    157.681       
# span 10 =    6.45597,    7.84236      
# span 11 =     6.2189,    10.7112      
# span 12 =     0.1667,    25.0214      
# span 13 =   11.70085,   14.40351      
# span 14 = 4.2988e-02, 3.8521e+02      
# span 15 = 0.0000e+00, 0.0000e+00      
# interval = seconds: 0.25
# start_time = Jun 28 2017 14:48:04 [Instrument's time stamp, header]
# bad_flag = -9.990e-29
*END*
[from data line 362]
        363 179.617760    0.02514     1.5083     90.500      1.208  46320.374    29.3303    10.5363      1.196    6.47206    10.5386    22.4421   11.72584 1.4753e+02 0.0000e+00
        364 179.617763    0.02521     1.5125     90.750      1.202  46319.772    29.3300    10.5372      1.190    6.47196    10.5404    22.4417   11.72567 1.4769e+02 0.0000e+00
        365 179.617766    0.02528     1.5167     91.000      1.197  46317.895    29.3288    10.5387      1.186    6.47179    10.5421    22.4405   11.72540 1.4754e+02 0.0000e+00
        366 179.617769    0.02535     1.5208     91.250      1.195  46315.372    29.3273    10.5405      1.184    6.47160    10.5440    22.4390   11.72511 1.4763e+02 0.0000e+00
        367 179.617772    0.02542     1.5250     91.500      1.196  46313.062    29.3258    10.5423      1.185    6.47141    10.5463    22.4376   11.72481 1.4815e+02 0.0000e+00
        368 179.617775    0.02549     1.5292     91.750      1.198  46310.850    29.3245    10.5442      1.187    6.47120    10.5487    22.4363   11.72448 1.4887e+02 0.0000e+00
        369 179.617778    0.02556     1.5333     92.000      1.199  46307.971    29.3227    10.5465      1.188    6.47095    10.5507    22.4345   11.72408 1.4963e+02 0.0000e+00
        370 179.617781    0.02562     1.5375     92.250      1.197  46304.549    29.3206    10.5489      1.185    6.47069    10.5517    22.4324   11.72368 1.5055e+02 0.0000e+00
        371 179.617784    0.02569     1.5417     92.500      1.192  46301.498    29.3187    10.5509      1.181    6.47049    10.5516    22.4306   11.72338 1.5211e+02 0.0000e+00
        372 179.617786    0.02576     1.5458     92.750      1.188  46299.568    29.3174    10.5518      1.177    6.47041    10.5505    22.4295   11.72325 1.5389e+02 0.0000e+00
        373 179.617789    0.02583     1.5500     93.000      1.189  46298.794    29.3169    10.5517      1.178    6.47044    10.5485    22.4291   11.72332 1.5444e+02 0.0000e+00
        374 179.617792    0.02590     1.5542     93.250      1.198  46299.055    29.3169    10.5506      1.187    6.47060    10.5461    22.4293   11.72358 1.5335e+02 0.0000e+00
        375 179.617795    0.02597     1.5583     93.500      1.210  46300.332    29.3176    10.5486      1.199    6.47086    10.5441    22.4301   11.72399 1.5190e+02 0.0000e+00
        376 179.617798    0.02604     1.5625     93.750      1.219  46302.310    29.3187    10.5463      1.207    6.47114    10.5431    22.4314   11.72444 1.5149e+02 0.0000e+00
        377 179.617801    0.02611     1.5667     94.000      1.214  46304.771    29.3202    10.5442      1.203    6.47137    10.5440    22.4329   11.72480 1.5237e+02 0.0000e+00
        378 179.617804    0.02618     1.5708     94.250      1.190  46307.080    29.3217    10.5432      1.180    6.47144    10.5473    22.4343   11.72491 1.5428e+02 0.0000e+00
        379 179.617807    0.02625     1.5750     94.500      1.146  46307.965    29.3225    10.5442      1.136    6.47128    10.5527    22.4347   11.72463 1.5720e+02 0.0000e+00
        380 179.617810    0.02632     1.5792     94.750      1.089  46306.586    29.3219    10.5474      1.079    6.47085    10.5598    22.4337   11.72393 1.6034e+02 0.0000e+00
        381 179.617813    0.02639     1.5833     95.000      1.033  46302.746    29.3198    10.5528      1.024    6.47018    10.5679    22.4312   11.72284 1.6310e+02 0.0000e+00
        382 179.617815    0.02646     1.5875     95.250      0.994  46296.506    29.3162    10.5599      0.984    6.46932    10.5759    22.4272   11.72146 1.6625e+02 0.0000e+00
        383 179.617818    0.02653     1.5917     95.500      0.976  46288.358    29.3114    10.5680      0.967    6.46838    10.5827    22.4221   11.71996 1.6905e+02 0.0000e+00
        384 179.617821    0.02660     1.5958     95.750      0.976  46279.614    29.3061    10.5760      0.966    6.46748    10.5878    22.4167   11.71852 1.6939e+02 0.0000e+00
        385 179.617824    0.02667     1.6000     96.000      0.982  46271.780    29.3014    10.5828      0.973    6.46672    10.5913    22.4119   11.71731 1.6769e+02 0.0000e+00
        386 179.617827    0.02674     1.6042     96.250      0.987  46265.542    29.2976    10.5879      0.977    6.46615    10.5932    22.4081   11.71641 1.6661e+02 0.0000e+00
        387 179.617830    0.02681     1.6083     96.500      0.983  46261.025    29.2948    10.5914      0.974    6.46577    10.5943    22.4054   11.71583 1.6697e+02 0.0000e+00
        388 179.617833    0.02688     1.6125     96.750      0.969  46258.605    29.2933    10.5933      0.960    6.46556    10.5958    22.4039   11.71550 1.6738e+02 0.0000e+00
        389 179.617836    0.02694     1.6167     97.000      0.949  46258.127    29.2931    10.5944      0.940    6.46542    10.5988    22.4035   11.71526 1.6791e+02 0.0000e+00
        390 179.617839    0.02701     1.6208     97.250      0.931  46258.146    29.2933    10.5959      0.922    6.46520    10.6038    22.4034   11.71491 1.6991e+02 0.0000e+00
        391 179.617841    0.02708     1.6250     97.500      0.925  46257.169    29.2929    10.5989      0.916    6.46480    10.6103    22.4027   11.71424 1.7159e+02 0.0000e+00
        392 179.617844    0.02715     1.6292     97.750      0.940  46253.904    29.2912    10.6039      0.931    6.46417    10.6160    22.4005   11.71321 1.7052e+02 0.0000e+00
        393 179.617847    0.02722     1.6333     98.000      0.979  46247.005    29.2871    10.6104      0.970    6.46342    10.6168    22.3962   11.71201 1.6823e+02 0.0000e+00
        394 179.617850    0.02729     1.6375     98.250      1.032  46238.091    29.2814    10.6161      1.022    6.46285    10.6105    22.3908   11.71115 1.6655e+02 0.0000e+00
        395 179.617853    0.02736     1.6417     98.500      1.079  46232.842    29.2778    10.6169      1.069    6.46289    10.6003    22.3879   11.71125 1.6535e+02 0.0000e+00
        396 179.617856    0.02743     1.6458     98.750      1.103  46237.224    29.2802    10.6106      1.092    6.46367    10.5934    22.3908   11.71252 1.6488e+02 0.0000e+00
        397 179.617859    0.02750     1.6500     99.000      1.093  46250.499    29.2884    10.6004      1.082    6.46478    10.5941    22.3988   11.71426 1.6504e+02 0.0000e+00
        398 179.617862    0.02757     1.6542     99.250      1.056  46262.392    29.2960    10.5935      1.046    6.46544    10.6005    22.4059   11.71525 1.6477e+02 0.0000e+00
        399 179.617865    0.02764     1.6583     99.500      1.010  46264.854    29.2978    10.5942      1.000    6.46526    10.6094    22.4072   11.71494 1.6385e+02 0.0000e+00
        400 179.617867    0.02771     1.6625     99.750      0.975  46259.583    29.2948    10.6007      0.966    6.46447    10.6184    22.4038   11.71367 1.6246e+02 0.0000e+00
        401 179.617870    0.02778     1.6667    100.000      0.965  46250.645    29.2895    10.6095      0.956    6.46344    10.6254    22.3983   11.71202 1.6060e+02 0.0000e+00
        402 179.617873    0.02785     1.6708    100.250      0.984  46240.199    29.2832    10.6185      0.974    6.46244    10.6286    22.3919   11.71044 1.5875e+02 0.0000e+00
        403 179.617876    0.02792     1.6750    100.500      1.024  46230.665    29.2772    10.6255      1.014    6.46171    10.6281    22.3861   11.70930 1.5753e+02 0.0000e+00
        404 179.617879    0.02799     1.6792    100.750      1.070  46225.122    29.2736    10.6287      1.060    6.46141    10.6256    22.3828   11.70883 1.5722e+02 0.0000e+00
        405 179.617882    0.02806     1.6833    101.000      1.108  46224.658    29.2732    10.6282      1.098    6.46149    10.6229    22.3826   11.70897 1.5786e+02 0.0000e+00
        406 179.617885    0.02813     1.6875    101.250      1.126  46227.446    29.2749    10.6257      1.116    6.46177    10.6210    22.3843   11.70942 1.5945e+02 0.0000e+00
        407 179.617888    0.02819     1.6917    101.500      1.123  46230.810    29.2770    10.6230      1.112    6.46207    10.6197    22.3863   11.70989 1.6168e+02 0.0000e+00
        408 179.617891    0.02826     1.6958    101.750      1.106  46233.058    29.2784    10.6211      1.096    6.46228    10.6180    22.3877   11.71022 1.6308e+02 0.0000e+00
        409 179.617894    0.02833     1.7000    102.000      1.090  46233.887    29.2788    10.6198      1.080    6.46244    10.6144    22.3882   11.71049 1.6180e+02 0.0000e+00
        410 179.617896    0.02840     1.7042    102.250      1.086  46234.224    29.2789    10.6181      1.076    6.46268    10.6077    22.3886   11.71089 1.5769e+02 0.0000e+00
        411 179.617899    0.02847     1.7083    102.500      1.106  46235.631    29.2795    10.6145      1.095    6.46316    10.5971    22.3896   11.71167 1.5207e+02 0.0000e+00
        412 179.617902    0.02854     1.7125    102.750      1.154  46239.773    29.2816    10.6078      1.143    6.46402    10.5825    22.3924   11.71306 1.4575e+02 0.0000e+00
        413 179.617905    0.02861     1.7167    103.000      1.234  46247.898    29.2861    10.5972      1.223    6.46532    10.5633    22.3976   11.71518 1.3885e+02 0.0000e+00
        414 179.617908    0.02868     1.7208    103.250      1.348  46260.013    29.2929    10.5826      1.336    6.46710    10.5375    22.4053   11.71805 1.3118e+02 0.0000e+00
        415 179.617911    0.02875     1.7250    103.500      1.491  46275.714    29.3018    10.5634      1.477    6.46944    10.5023    22.4154   11.72183 1.2204e+02 0.0000e+00
        416 179.617914    0.02882     1.7292    103.750      1.657  46297.164    29.3139    10.5377      1.641    6.47257    10.4554    22.4290   11.72688 1.1161e+02 0.0000e+00
        417 179.617917    0.02889     1.7333    104.000      1.837  46329.282    29.3324    10.5025      1.820    6.47679    10.3965    22.4492   11.73364 1.0104e+02 0.0000e+00
        418 179.617920    0.02896     1.7375    104.250      2.024  46377.677    29.3610    10.4556      2.005    6.48225    10.3280    22.4791   11.74236 9.1152e+01 0.0000e+00
        419 179.617922    0.02903     1.7417    104.500      2.207  46448.712    29.4040    10.3967      2.187    6.48881    10.2528    22.5222   11.75272 8.2439e+01 0.0000e+00
        420 179.617925    0.02910     1.7458    104.750      2.386  46544.744    29.4635    10.3282      2.363    6.49606    10.1704    22.5796   11.76404 7.5098e+01 0.0000e+00
        421 179.617928    0.02917     1.7500    105.000      2.566  46661.398    29.5365    10.2530      2.542    6.50373    10.0762    22.6487   11.77588 6.8908e+01 0.0000e+00
        422 179.617931    0.02924     1.7542    105.250      2.762  46796.023    29.6212    10.1707      2.735    6.51197     9.9660    22.7279   11.78851 6.3494e+01 0.0000e+00
        423 179.617934    0.02931     1.7583    105.500      2.980  46946.225    29.7153    10.0766      2.951    6.52152     9.8408    22.8163   11.80321 5.8630e+01 0.0000e+00
        424 179.617937    0.02937     1.7625    105.750      3.221  47104.943    29.8132     9.9663      3.190    6.53325     9.7070    22.9102   11.82149 5.4169e+01 0.0000e+00
        425 179.617940    0.02944     1.7667    106.000      3.479  47265.755    29.9106     9.8411      3.446    6.54720     9.5729    23.0060   11.84343 4.9988e+01 0.0000e+00
        426 179.617943    0.02951     1.7708    106.250      3.750  47425.736    30.0061     9.7074      3.714    6.56250     9.4482    23.1016   11.86765 4.6064e+01 0.0000e+00
        427 179.617946    0.02958     1.7750    106.500      4.024  47583.825    30.1001     9.5733      3.986    6.57798     9.3412    23.1959   11.89216 4.2489e+01 0.0000e+00
        428 179.617948    0.02965     1.7792    106.750      4.290  47733.323    30.1889     9.4486      4.250    6.59237     9.2549    23.2847   11.91492 3.9378e+01 0.0000e+00
        429 179.617951    0.02972     1.7833    107.000      4.541  47863.098    30.2660     9.3417      4.498    6.60470     9.1867    23.3615   11.93442 3.6737e+01 0.0000e+00
        430 179.617954    0.02979     1.7875    107.250      4.778  47967.749    30.3280     9.2554      4.733    6.61469     9.1310    23.4233   11.95022 3.4430e+01 0.0000e+00
        431 179.617957    0.02986     1.7917    107.500      5.012  48048.785    30.3758     9.1872      4.965    6.62266     9.0811    23.4711   11.96285 3.2276e+01 0.0000e+00
        432 179.617960    0.02993     1.7958    107.750      5.257  48111.533    30.4123     9.1316      5.207    6.62928     9.0285    23.5081   11.97338 3.0163e+01 0.0000e+00
        433 179.617963    0.03000     1.8000    108.000      5.517  48163.243    30.4417     9.0816      5.465    6.63540     8.9633    23.5386   11.98315 2.8051e+01 0.0000e+00
        434 179.617966    0.03007     1.8042    108.250      5.793  48212.579    30.4689     9.0291      5.739    6.64202     8.8791    23.5679   11.99377 2.5929e+01 0.0000e+00
        435 179.617969    0.03014     1.8083    108.500      6.085  48274.597    30.5032     8.9639      6.028    6.65022     8.7837    23.6045   12.00694 2.3796e+01 0.0000e+00
        436 179.617972    0.03021     1.8125    108.750      6.389  48366.425    30.5557     8.8798      6.329    6.66048     8.6945    23.6582   12.02330 2.1690e+01 0.0000e+00
        437 179.617975    0.03028     1.8167    109.000      6.698  48483.740    30.6243     8.7843      6.636    6.67176     8.6227    23.7261   12.04113 1.9696e+01 0.0000e+00
        438 179.617977    0.03035     1.8208    109.250      7.000  48601.146    30.6938     8.6951      6.935    6.68208     8.5685    23.7937   12.05737 1.7907e+01 0.0000e+00
        439 179.617980    0.03042     1.8250    109.500      7.287  48700.799    30.7533     8.6234      7.219    6.69025     8.5268    23.8509   12.07017 1.6363e+01 0.0000e+00
        440 179.617983    0.03049     1.8292    109.750      7.556  48782.163    30.8023     8.5692      7.485    6.69625     8.4930    23.8973   12.07951 1.5039e+01 0.0000e+00
        441 179.617986    0.03056     1.8333    110.000      7.811  48852.833    30.8457     8.5276      7.738    6.70061     8.4648    23.9373   12.08620 1.3877e+01 0.0000e+00
        442 179.617989    0.03062     1.8375    110.250      8.059  48920.112    30.8878     8.4938      7.984    6.70386     8.4418    23.9753   12.09106 1.2818e+01 0.0000e+00
        443 179.617992    0.03069     1.8417    110.500      8.308  48988.035    30.9311     8.4656      8.230    6.70622     8.4232    24.0133   12.09443 1.1811e+01 0.0000e+00
        444 179.617995    0.03076     1.8458    110.750      8.567  49058.872    30.9772     8.4426      8.486    6.70768     8.4079    24.0528   12.09629 1.0822e+01 0.0000e+00
        445 179.617998    0.03083     1.8500    111.000      8.839  49133.382    31.0265     8.4240      8.756    6.70834     8.3948    24.0941   12.09677 9.8545e+00 0.0000e+00
        446 179.618001    0.03090     1.8542    111.250      9.120  49209.392    31.0773     8.4087      9.034    6.70843     8.3835    24.1362   12.09629 8.9478e+00 0.0000e+00
        447 179.618003    0.03097     1.8583    111.500      9.399  49281.224    31.1255     8.3957      9.311    6.70829     8.3737    24.1758   12.09548 8.1348e+00 0.0000e+00
        448 179.618006    0.03104     1.8625    111.750      9.671  49342.566    31.1666     8.3844      9.581    6.70821     8.3654    24.2097   12.09483 7.4197e+00 0.0000e+00
        449 179.618009    0.03111     1.8667    112.000      9.936  49392.793    31.2002     8.3746      9.843    6.70823     8.3587    24.2375   12.09445 6.7860e+00 0.0000e+00
        450 179.618012    0.03118     1.8708    112.250     10.198  49436.941    31.2297     8.3663     10.103    6.70819     8.3533    24.2618   12.09403 6.2165e+00 0.0000e+00
        451 179.618015    0.03125     1.8750    112.500     10.459  49477.738    31.2572     8.3597     10.361    6.70800     8.3477    24.2843   12.09338 5.7002e+00 0.0000e+00
