CTD-processing/allCTD/CNV--turbid/2017_07-24_t9_s05_cast207.cnv
* Sea-Bird SBE19plus Data File:
* FileName = P:\My Documents\kasitsna\Research-KBL\Oceanography-AK\CTD-Data-ALL-to-2017-02\2017-CTD-KachemakBay-CookInlet\2017-07-24-CookInlet-Tran9-HomerSpit\2017-07-24-CookInlet-Tran9-cast207.hex
* Software Version 1.59
* Temperature SN =  4141
* Conductivity SN =  4141
* System UpLoad Time = Jul 24 2017 19:45:23
** Cook Inlet LTM Transect 9 Homer Spit north to south
** Date: 2017-07-24
** Station: (eg. 9-01): 9-05
** Start time (AKDT): 10:24
** Depth (m): 91.7
** Comment: R/V Edgecumbe.  Quarterly survey.
** Comment:
# nquan = 16
# nvalues = 824                         
# units = specified
# name 0 = scan: Scan Count
# name 1 = timeJ: Julian Days
# name 2 = timeH: Time, Elapsed [hours]
# name 3 = timeM: Time, Elapsed [minutes]
# name 4 = timeS: Time, Elapsed [seconds]
# name 5 = prdM: Pressure, Strain Gauge [db]
# name 6 = specc: Specific Conductance [uS/cm]
# name 7 = sal00: Salinity, Practical [PSU]
# name 8 = tv290C: Temperature [ITS-90, deg C]
# name 9 = depSM: Depth [salt water, m], lat = 59.00
# name 10 = oxsolML/L: Oxygen Saturation, Garcia & Gordon [ml/l]
# name 11 = potemp090C: Potential Temperature [ITS-90, deg C]
# name 12 = sigma-é00: Density [sigma-theta, kg/m^3]
# name 13 = n2satML/L: Nitrogen Saturation [ml/l]
# name 14 = par: PAR/Irradiance, Biospherical/Licor
# name 15 = flag:  0.000e+00
# span 0 =          1,        824       
# span 1 = 205.434282, 205.436664       
# span 2 =    0.00000,    0.05715       
# span 3 =     0.0000,     3.4292       
# span 4 =      0.000,    205.750       
# span 5 =      0.404,     78.820       
# span 6 =  39759.001,  50146.965       
# span 7 =    24.9041,    31.6561       
# span 8 =     8.1023,    11.9789       
# span 9 =      0.400,     78.069       
# span 10 =    6.37531,    6.72965      
# span 11 =     8.0947,    11.9769      
# span 12 =    18.7696,    24.6348      
# span 13 =   11.56738,   12.12431      
# span 14 = 4.7304e-02, 4.3174e+02      
# span 15 = 0.0000e+00, 0.0000e+00      
# interval = seconds: 0.25
# start_time = Jul 24 2017 10:25:22 [Instrument's time stamp, header]
# bad_flag = -9.990e-29
*END*
[from data line 91]
         92 205.434546    0.00632     0.3792     22.750      0.953  44815.528    28.3593    11.3449      0.944    6.39916    11.3501    21.5519   11.61643 2.4209e+02 0.0000e+00
         93 205.434549    0.00639     0.3833     23.000      0.943  44815.435    28.3595    11.3470      0.935    6.39886    11.3553    21.5516   11.61593 2.4526e+02 0.0000e+00
         94 205.434552    0.00646     0.3875     23.250      0.922  44814.198    28.3589    11.3503      0.914    6.39844    11.3627    21.5506   11.61523 2.5185e+02 0.0000e+00
         95 205.434554    0.00653     0.3917     23.500      0.888  44807.500    28.3547    11.3554      0.880    6.39790    11.3705    21.5465   11.61439 2.6114e+02 0.0000e+00
         96 205.434557    0.00660     0.3958     23.750      0.850  44793.211    28.3455    11.3628      0.843    6.39726    11.3754    21.5380   11.61344 2.7019e+02 0.0000e+00
         97 205.434560    0.00667     0.4000     24.000      0.823  44774.934    28.3334    11.3706      0.816    6.39668    11.3759    21.5273   11.61261 2.7715e+02 0.0000e+00
         98 205.434563    0.00674     0.4042     24.250      0.812  44758.021    28.3221    11.3755      0.805    6.39645    11.3726    21.5177   11.61237 2.8038e+02 0.0000e+00
         99 205.434566    0.00681     0.4083     24.500      0.816  44745.836    28.3136    11.3760      0.809    6.39673    11.3673    21.5110   11.61294 2.8017e+02 0.0000e+00
        100 205.434569    0.00688     0.4125     24.750      0.827  44741.500    28.3102    11.3727      0.819    6.39733    11.3622    21.5090   11.61397 2.7952e+02 0.0000e+00
        101 205.434572    0.00694     0.4167     25.000      0.834  44746.758    28.3134    11.3674      0.826    6.39792    11.3585    21.5124   11.61491 2.8058e+02 0.0000e+00
        102 205.434575    0.00701     0.4208     25.250      0.829  44758.159    28.3209    11.3623      0.822    6.39832    11.3570    21.5191   11.61549 2.8315e+02 0.0000e+00
        103 205.434578    0.00708     0.4250     25.500      0.813  44768.038    28.3275    11.3586      0.806    6.39856    11.3572    21.5248   11.61581 2.8633e+02 0.0000e+00
        104 205.434580    0.00715     0.4292     25.750      0.794  44770.220    28.3288    11.3571      0.787    6.39871    11.3579    21.5261   11.61605 2.8764e+02 0.0000e+00
        105 205.434583    0.00722     0.4333     26.000      0.785  44764.108    28.3246    11.3573      0.777    6.39885    11.3575    21.5228   11.61633 2.8428e+02 0.0000e+00
        106 205.434586    0.00729     0.4375     26.250      0.792  44754.668    28.3180    11.3580      0.784    6.39903    11.3556    21.5176   11.61670 2.7824e+02 0.0000e+00
        107 205.434589    0.00736     0.4417     26.500      0.812  44748.360    28.3135    11.3576      0.804    6.39927    11.3533    21.5142   11.61716 2.7326e+02 0.0000e+00
        108 205.434592    0.00743     0.4458     26.750      0.834  44749.467    28.3141    11.3557      0.826    6.39950    11.3517    21.5150   11.61753 2.7030e+02 0.0000e+00
        109 205.434595    0.00750     0.4500     27.000      0.847  44757.991    28.3199    11.3534      0.839    6.39958    11.3520    21.5198   11.61761 2.6900e+02 0.0000e+00
        110 205.434598    0.00757     0.4542     27.250      0.847  44768.095    28.3268    11.3518      0.839    6.39951    11.3543    21.5254   11.61741 2.6880e+02 0.0000e+00
        111 205.434601    0.00764     0.4583     27.500      0.840  44772.241    28.3297    11.3521      0.832    6.39935    11.3572    21.5277   11.61711 2.6794e+02 0.0000e+00
        112 205.434604    0.00771     0.4625     27.750      0.838  44766.454    28.3259    11.3544      0.831    6.39920    11.3585    21.5243   11.61689 2.6375e+02 0.0000e+00
        113 205.434606    0.00778     0.4667     28.000      0.852  44754.432    28.3177    11.3573      0.844    6.39913    11.3573    21.5175   11.61688 2.5766e+02 0.0000e+00
        114 205.434609    0.00785     0.4708     28.250      0.878  44745.159    28.3114    11.3586      0.870    6.39921    11.3543    21.5123   11.61708 2.5360e+02 0.0000e+00
        115 205.434612    0.00792     0.4750     28.500      0.909  44742.072    28.3091    11.3574      0.900    6.39947    11.3509    21.5107   11.61754 2.5138e+02 0.0000e+00
        116 205.434615    0.00799     0.4792     28.750      0.938  44743.712    28.3099    11.3544      0.929    6.39985    11.3483    21.5119   11.61816 2.4951e+02 0.0000e+00
        117 205.434618    0.00806     0.4833     29.000      0.962  44750.122    28.3141    11.3510      0.953    6.40014    11.3470    21.5157   11.61860 2.4802e+02 0.0000e+00
        118 205.434621    0.00813     0.4875     29.250      0.976  44759.987    28.3207    11.3484      0.966    6.40023    11.3476    21.5213   11.61868 2.4667e+02 0.0000e+00
        119 205.434624    0.00819     0.4917     29.500      0.979  44769.505    28.3273    11.3471      0.969    6.40015    11.3504    21.5266   11.61846 2.4523e+02 0.0000e+00
        120 205.434627    0.00826     0.4958     29.750      0.973  44775.241    28.3314    11.3477      0.963    6.39991    11.3553    21.5297   11.61801 2.4450e+02 0.0000e+00
        121 205.434630    0.00833     0.5000     30.000      0.962  44775.169    28.3316    11.3505      0.952    6.39950    11.3611    21.5294   11.61733 2.4445e+02 0.0000e+00
        122 205.434633    0.00840     0.5042     30.250      0.951  44768.775    28.3276    11.3554      0.942    6.39899    11.3662    21.5254   11.61653 2.4399e+02 0.0000e+00
        123 205.434635    0.00847     0.5083     30.500      0.946  44757.048    28.3199    11.3612      0.938    6.39851    11.3696    21.5185   11.61583 2.4272e+02 0.0000e+00
        124 205.434638    0.00854     0.5125     30.750      0.951  44742.834    28.3105    11.3663      0.942    6.39820    11.3711    21.5103   11.61542 2.4083e+02 0.0000e+00
        125 205.434641    0.00861     0.5167     31.000      0.963  44731.161    28.3026    11.3697      0.954    6.39804    11.3711    21.5036   11.61525 2.3898e+02 0.0000e+00
        126 205.434644    0.00868     0.5208     31.250      0.973  44727.076    28.2999    11.3712      0.964    6.39795    11.3708    21.5012   11.61512 2.3875e+02 0.0000e+00
        127 205.434647    0.00875     0.5250     31.500      0.974  44731.002    28.3026    11.3712      0.965    6.39783    11.3714    21.5034   11.61489 2.4088e+02 0.0000e+00
        128 205.434650    0.00882     0.5292     31.750      0.964  44737.647    28.3073    11.3709      0.955    6.39768    11.3734    21.5070   11.61459 2.4406e+02 0.0000e+00
        129 205.434653    0.00889     0.5333     32.000      0.946  44740.319    28.3092    11.3715      0.938    6.39752    11.3759    21.5084   11.61430 2.4661e+02 0.0000e+00
        130 205.434656    0.00896     0.5375     32.250      0.932  44735.151    28.3058    11.3735      0.924    6.39739    11.3774    21.5054   11.61412 2.4712e+02 0.0000e+00
        131 205.434659    0.00903     0.5417     32.500      0.931  44723.916    28.2981    11.3760      0.922    6.39735    11.3770    21.4991   11.61416 2.4634e+02 0.0000e+00
        132 205.434661    0.00910     0.5458     32.750      0.942  44713.088    28.2907    11.3775      0.934    6.39745    11.3748    21.4931   11.61440 2.4555e+02 0.0000e+00
        133 205.434664    0.00917     0.5500     33.000      0.960  44708.164    28.2872    11.3771      0.951    6.39765    11.3719    21.4904   11.61478 2.4418e+02 0.0000e+00
        134 205.434667    0.00924     0.5542     33.250      0.975  44710.705    28.2888    11.3749      0.967    6.39788    11.3691    21.4920   11.61514 2.4206e+02 0.0000e+00
        135 205.434670    0.00931     0.5583     33.500      0.983  44719.315    28.2945    11.3720      0.974    6.39805    11.3670    21.4970   11.61535 2.4047e+02 0.0000e+00
        136 205.434673    0.00937     0.5625     33.750      0.982  44730.343    28.3020    11.3692      0.973    6.39813    11.3661    21.5032   11.61540 2.4071e+02 0.0000e+00
        137 205.434676    0.00944     0.5667     34.000      0.975  44739.858    28.3085    11.3671      0.966    6.39815    11.3664    21.5086   11.61536 2.4187e+02 0.0000e+00
        138 205.434679    0.00951     0.5708     34.250      0.966  44745.591    28.3124    11.3662      0.957    6.39812    11.3674    21.5119   11.61526 2.4159e+02 0.0000e+00
        139 205.434682    0.00958     0.5750     34.500      0.961  44746.389    28.3130    11.3665      0.952    6.39806    11.3685    21.5123   11.61515 2.3950e+02 0.0000e+00
        140 205.434685    0.00965     0.5792     34.750      0.962  44742.368    28.3103    11.3675      0.954    6.39803    11.3693    21.5100   11.61514 2.3767e+02 0.0000e+00
        141 205.434688    0.00972     0.5833     35.000      0.971  44735.590    28.3056    11.3686      0.962    6.39807    11.3699    21.5062   11.61526 2.3733e+02 0.0000e+00
        142 205.434690    0.00979     0.5875     35.250      0.983  44729.548    28.3015    11.3695      0.974    6.39812    11.3700    21.5028   11.61540 2.3773e+02 0.0000e+00
        143 205.434693    0.00986     0.5917     35.500      0.993  44727.836    28.3003    11.3700      0.984    6.39810    11.3701    21.5018   11.61537 2.3834e+02 0.0000e+00
        144 205.434696    0.00993     0.5958     35.750      0.995  44731.809    28.3031    11.3701      0.986    6.39797    11.3711    21.5040   11.61512 2.3930e+02 0.0000e+00
        145 205.434699    0.01000     0.6000     36.000      0.987  44738.918    28.3081    11.3702      0.978    6.39775    11.3734    21.5078   11.61469 2.4039e+02 0.0000e+00
        146 205.434702    0.01007     0.6042     36.250      0.970  44744.360    28.3120    11.3712      0.962    6.39746    11.3771    21.5107   11.61417 2.4151e+02 0.0000e+00
        147 205.434705    0.01014     0.6083     36.500      0.953  44744.376    28.3122    11.3735      0.944    6.39712    11.3810    21.5104   11.61361 2.4228e+02 0.0000e+00
        148 205.434708    0.01021     0.6125     36.750      0.941  44738.133    28.3082    11.3772      0.933    6.39678    11.3838    21.5067   11.61308 2.4282e+02 0.0000e+00
        149 205.434711    0.01028     0.6167     37.000      0.941  44728.208    28.3016    11.3811      0.932    6.39652    11.3851    21.5009   11.61272 2.4383e+02 0.0000e+00
        150 205.434714    0.01035     0.6208     37.250      0.950  44719.176    28.2956    11.3839      0.941    6.39637    11.3849    21.4957   11.61256 2.4524e+02 0.0000e+00
        151 205.434716    0.01042     0.6250     37.500      0.963  44714.700    28.2926    11.3852      0.954    6.39632    11.3837    21.4932   11.61251 2.4749e+02 0.0000e+00
        152 205.434719    0.01049     0.6292     37.750      0.973  44715.745    28.2933    11.3850      0.964    6.39632    11.3823    21.4938   11.61249 2.5076e+02 0.0000e+00
        153 205.434722    0.01056     0.6333     38.000      0.977  44720.138    28.2963    11.3839      0.968    6.39635    11.3810    21.4963   11.61251 2.5350e+02 0.0000e+00
        154 205.434725    0.01063     0.6375     38.250      0.978  44724.103    28.2989    11.3824      0.969    6.39644    11.3800    21.4986   11.61264 2.5420e+02 0.0000e+00
        155 205.434728    0.01069     0.6417     38.500      0.981  44725.112    28.2995    11.3811      0.971    6.39660    11.3791    21.4993   11.61289 2.5282e+02 0.0000e+00
        156 205.434731    0.01076     0.6458     38.750      0.987  44723.314    28.2981    11.3801      0.978    6.39679    11.3780    21.4984   11.61322 2.5002e+02 0.0000e+00
        157 205.434734    0.01083     0.6500     39.000      0.997  44721.246    28.2966    11.3792      0.987    6.39697    11.3766    21.4973   11.61355 2.4699e+02 0.0000e+00
        158 205.434737    0.01090     0.6542     39.250      1.005  44721.745    28.2968    11.3781      0.996    6.39712    11.3754    21.4977   11.61379 2.4408e+02 0.0000e+00
        159 205.434740    0.01097     0.6583     39.500      1.008  44725.889    28.2996    11.3768      0.998    6.39719    11.3745    21.5001   11.61387 2.4062e+02 0.0000e+00
        160 205.434742    0.01104     0.6625     39.750      1.004  44732.555    28.3041    11.3755      0.994    6.39718    11.3745    21.5038   11.61380 2.3775e+02 0.0000e+00
        161 205.434745    0.01111     0.6667     40.000      0.994  44739.453    28.3089    11.3746      0.985    6.39711    11.3755    21.5077   11.61362 2.3756e+02 0.0000e+00
        162 205.434748    0.01118     0.6708     40.250      0.982  44744.546    28.3124    11.3746      0.973    6.39697    11.3772    21.5104   11.61335 2.3948e+02 0.0000e+00
        163 205.434751    0.01125     0.6750     40.500      0.971  44746.634    28.3140    11.3756      0.962    6.39677    11.3791    21.5115   11.61300 2.4017e+02 0.0000e+00
        164 205.434754    0.01132     0.6792     40.750      0.963  44745.968    28.3137    11.3773      0.954    6.39655    11.3809    21.5110   11.61264 2.3868e+02 0.0000e+00
        165 205.434757    0.01139     0.6833     41.000      0.959  44744.249    28.3127    11.3792      0.950    6.39633    11.3824    21.5099   11.61228 2.3855e+02 0.0000e+00
        166 205.434760    0.01146     0.6875     41.250      0.957  44743.369    28.3123    11.3810      0.948    6.39610    11.3836    21.5092   11.61190 2.4052e+02 0.0000e+00
        167 205.434763    0.01153     0.6917     41.500      0.956  44744.079    28.3129    11.3825      0.947    6.39586    11.3845    21.5095   11.61149 2.4201e+02 0.0000e+00
        168 205.434766    0.01160     0.6958     41.750      0.955  44745.654    28.3141    11.3837      0.946    6.39564    11.3852    21.5102   11.61112 2.4369e+02 0.0000e+00
        169 205.434769    0.01167     0.7000     42.000      0.955  44746.936    28.3151    11.3846      0.946    6.39549    11.3859    21.5108   11.61085 2.4673e+02 0.0000e+00
        170 205.434771    0.01174     0.7042     42.250      0.957  44747.465    28.3155    11.3853      0.948    6.39537    11.3869    21.5110   11.61066 2.4969e+02 0.0000e+00
        171 205.434774    0.01181     0.7083     42.500      0.961  44747.524    28.3156    11.3860      0.952    6.39526    11.3883    21.5110   11.61047 2.5148e+02 0.0000e+00
        172 205.434777    0.01188     0.7125     42.750      0.966  44747.497    28.3157    11.3870      0.957    6.39512    11.3900    21.5108   11.61024 2.5210e+02 0.0000e+00
        173 205.434780    0.01194     0.7167     43.000      0.971  44747.188    28.3156    11.3884      0.962    6.39494    11.3918    21.5105   11.60993 2.5223e+02 0.0000e+00
        174 205.434783    0.01201     0.7208     43.250      0.976  44745.973    28.3149    11.3901      0.966    6.39474    11.3937    21.5097   11.60961 2.5216e+02 0.0000e+00
        175 205.434786    0.01208     0.7250     43.500      0.981  44743.506    28.3134    11.3919      0.971    6.39455    11.3957    21.5082   11.60931 2.5075e+02 0.0000e+00
        176 205.434789    0.01215     0.7292     43.750      0.986  44740.072    28.3111    11.3939      0.977    6.39437    11.3977    21.5061   11.60905 2.4764e+02 0.0000e+00
        177 205.434792    0.01222     0.7333     44.000      0.992  44736.684    28.3089    11.3958      0.983    6.39419    11.3999    21.5041   11.60878 2.4394e+02 0.0000e+00
        178 205.434795    0.01229     0.7375     44.250      0.994  44734.497    28.3076    11.3978      0.985    6.39397    11.4027    21.5027   11.60843 2.3981e+02 0.0000e+00
        179 205.434797    0.01236     0.7417     44.500      0.989  44733.480    28.3071    11.4001      0.980    6.39368    11.4062    21.5019   11.60795 2.3567e+02 0.0000e+00
        180 205.434800    0.01243     0.7458     44.750      0.978  44732.018    28.3064    11.4029      0.968    6.39333    11.4103    21.5009   11.60737 2.3322e+02 0.0000e+00
