CTD-processing/allCTD/CNV--turbid/2017_10-17_t4_s09_cast046.cnv
* Sea-Bird SBE19plus Data File:
* FileName = C:\Users\Kim.Powell\Desktop\Not Processed\2017\2017_10-17\2017_10-17_TRANSECT_STATION_cast046.hex
* Software Version 1.59
* Temperature SN =  4141
* Conductivity SN =  4141
* System UpLoad Time = Oct 20 2017 08:44:09
** Transect:
** 2017_10-17
** Station: 4-09
** Start Time: 11:39
** Depth (m): 28.3
** Comment: Edgecumbe
** Comment:
# nquan = 16
# nvalues = 421                         
# units = specified
# name 0 = scan: Scan Count
# name 1 = timeJ: Julian Days
# name 2 = timeH: Time, Elapsed [hours]
# name 3 = timeM: Time, Elapsed [minutes]
# name 4 = timeS: Time, Elapsed [seconds]
# name 5 = prdM: Pressure, Strain Gauge [db]
# name 6 = specc: Specific Conductance [uS/cm]
# name 7 = sal00: Salinity, Practical [PSU]
# name 8 = tv290C: Temperature [ITS-90, deg C]
# name 9 = depSM: Depth [salt water, m], lat = 59.00
# name 10 = oxsolML/L: Oxygen Saturation, Garcia & Gordon [ml/l]
# name 11 = potemp090C: Potential Temperature [ITS-90, deg C]
# name 12 = sigma-é00: Density [sigma-theta, kg/m^3]
# name 13 = n2satML/L: Nitrogen Saturation [ml/l]
# name 14 = par: PAR/Irradiance, Biospherical/Licor
# name 15 = flag:  0.000e+00
# span 0 =          1,        421       
# span 1 = 290.485613, 290.486829       
# span 2 =    0.00000,    0.02917       
# span 3 =     0.0000,     1.7500       
# span 4 =      0.000,    105.000       
# span 5 =     -0.235,     26.628       
# span 6 =   2897.528,  48140.830       
# span 7 =     1.4719,    30.5288       
# span 8 =     5.8127,     9.9445       
# span 9 =     -0.233,     26.378       
# span 10 =    6.50630,    8.66699      
# span 11 =     5.8127,     9.9418      
# span 12 =     1.1218,    23.4728      
# span 13 =   11.76823,   15.77951      
# span 14 = 6.9472e-01, 6.3287e+02      
# span 15 = 0.0000e+00, 0.0000e+00      
# interval = seconds: 0.25
# start_time = Oct 17 2017 11:39:17 [Instrument's time stamp, header]
# bad_flag = -9.990e-29
*END*
          1 290.485613    0.00000     0.0000      0.000     -0.234   3207.414     1.6272     5.8241     -0.232    8.65563     5.8210     1.2455   15.75780 6.3287e+02 0.0000e+00
          2 290.485616    0.00007     0.0042      0.250     -0.235   3137.560     1.5905     5.8228     -0.233    8.65806     5.8189     1.2163   15.76247 6.2088e+02 0.0000e+00
          3 290.485619    0.00014     0.0083      0.500     -0.235   3048.599     1.5440     5.8210     -0.233    8.66115     5.8168     1.1794   15.76843 6.0475e+02 0.0000e+00
          4 290.485622    0.00021     0.0125      0.750     -0.234   2964.910     1.5009     5.8189     -0.232    8.66413     5.8148     1.1451   15.77414 5.8664e+02 0.0000e+00
          5 290.485625    0.00028     0.0167      1.000     -0.234   2907.096     1.4727     5.8168     -0.232    8.66633     5.8133     1.1227   15.77831 5.7297e+02 0.0000e+00
          6 290.485628    0.00035     0.0208      1.250     -0.233   2897.528     1.4719     5.8148     -0.231    8.66699     5.8127     1.1218   15.77951 5.6559e+02 0.0000e+00
          7 290.485631    0.00042     0.0250      1.500     -0.233   2956.686     1.5104     5.8133     -0.231    8.66543     5.8138     1.1520   15.77637 5.6041e+02 0.0000e+00
          8 290.485634    0.00049     0.0292      1.750     -0.232   3090.863     1.5934     5.8127     -0.230    8.66130     5.8179     1.2173   15.76828 5.4966e+02 0.0000e+00
          9 290.485637    0.00056     0.0333      2.000     -0.230   3324.357     1.7372     5.8138     -0.228    8.65367     5.8272     1.3303   15.75344 5.2085e+02 0.0000e+00
         10 290.485639    0.00063     0.0375      2.250     -0.227   3726.752     1.9838     5.8179     -0.226    8.64004     5.8454     1.5242   15.72708 4.8735e+02 0.0000e+00
         11 290.485642    0.00069     0.0417      2.500     -0.223   4406.400     2.3996     5.8272     -0.221    8.61651     5.8790     1.8512   15.68170 4.7150e+02 0.0000e+00
         12 290.485645    0.00076     0.0458      2.750     -0.215   5505.769     3.0749     5.8454     -0.213    8.57767     5.9381     2.3819   15.60700 4.5577e+02 0.0000e+00
         13 290.485648    0.00083     0.0500      3.000     -0.201   7251.457     4.1544     5.8790     -0.199    8.51492     6.0398     3.2297   15.48652 4.1984e+02 0.0000e+00
         14 290.485651    0.00090     0.0542      3.250     -0.178  10064.989     5.9026     5.9382     -0.177    8.41255     6.2123     4.6020   15.29029 3.5972e+02 0.0000e+00
         15 290.485654    0.00097     0.0583      3.500     -0.141  14659.175     8.7655     6.0399     -0.139    8.24416     6.4904     6.8487   14.96779 2.8520e+02 0.0000e+00
         16 290.485657    0.00104     0.0625      3.750     -0.081  21771.307    13.2326     6.2123     -0.080    7.98011     6.8740    10.3520   14.46296 2.2145e+02 0.0000e+00
         17 290.485660    0.00111     0.0667      4.000     -0.000  30113.249    18.5298     6.4904     -0.000    7.65663     7.3012    14.4962   13.84799 1.7667e+02 0.0000e+00
         18 290.485663    0.00118     0.0708      4.250      0.090  36671.592    22.7401     6.8740      0.089    7.37394     7.6965    17.7693   13.31728 1.4400e+02 0.0000e+00
         19 290.485666    0.00125     0.0750      4.500      0.179  40517.061    25.2339     7.3012      0.177    7.17395     8.0181    19.6827   12.94895 1.1825e+02 0.0000e+00
         20 290.485668    0.00132     0.0792      4.750      0.261  42626.213    26.6136     7.6966      0.258    7.03727     8.2573    20.7206   12.70177 9.8242e+01 0.0000e+00
         21 290.485671    0.00139     0.0833      5.000      0.333  43761.658    27.3632     8.0182      0.330    6.94561     8.4239    21.2704   12.53844 8.5177e+01 0.0000e+00
         22 290.485674    0.00146     0.0875      5.250      0.398  44364.792    27.7650     8.2574      0.394    6.88559     8.5343    21.5564   12.43273 7.6935e+01 0.0000e+00
         23 290.485677    0.00153     0.0917      5.500      0.458  44682.186    27.9784     8.4240      0.453    6.84724     8.6043    21.7030   12.36578 7.1102e+01 0.0000e+00
         24 290.485680    0.00160     0.0958      5.750      0.517  44847.239    28.0901     8.5343      0.512    6.82337     8.6480    21.7768   12.32437 6.7268e+01 0.0000e+00
         25 290.485683    0.00167     0.1000      6.000      0.573  44936.181    28.1507     8.6043      0.568    6.80875     8.6771    21.8154   12.29911 6.4975e+01 0.0000e+00
         26 290.485686    0.00174     0.1042      6.250      0.624  44997.535    28.1928     8.6481      0.618    6.79945     8.6987    21.8429   12.28302 6.3720e+01 0.0000e+00
         27 290.485689    0.00181     0.1083      6.500      0.667  45050.869    28.2298     8.6772      0.661    6.79293     8.7165    21.8681   12.27164 6.3033e+01 0.0000e+00
         28 290.485692    0.00187     0.1125      6.750      0.704  45096.069    28.2617     8.6988      0.697    6.78795     8.7324    21.8903   12.26293 6.2104e+01 0.0000e+00
         29 290.485694    0.00194     0.1167      7.000      0.734  45130.671    28.2867     8.7165      0.726    6.78397     8.7473    21.9074   12.25600 6.0408e+01 0.0000e+00
         30 290.485697    0.00201     0.1208      7.250      0.759  45156.365    28.3057     8.7324      0.751    6.78061     8.7616    21.9201   12.25016 5.8540e+01 0.0000e+00
         31 290.485700    0.00208     0.1250      7.500      0.782  45175.214    28.3202     8.7474      0.774    6.77762     8.7749    21.9294   12.24502 5.7320e+01 0.0000e+00
         32 290.485703    0.00215     0.1292      7.750      0.805  45181.479    28.3261     8.7617      0.797    6.77515     8.7861    21.9319   12.24084 5.6937e+01 0.0000e+00
         33 290.485706    0.00222     0.1333      8.000      0.825  45171.143    28.3205     8.7750      0.817    6.77335     8.7947    21.9257   12.23792 5.6997e+01 0.0000e+00
         34 290.485709    0.00229     0.1375      8.250      0.836  45161.705    28.3153     8.7862      0.828    6.77186     8.8009    21.9200   12.23550 5.6999e+01 0.0000e+00
         35 290.485712    0.00236     0.1417      8.500      0.838  45171.931    28.3234     8.7947      0.830    6.77019     8.8053    21.9252   12.23264 5.7127e+01 0.0000e+00
         36 290.485715    0.00243     0.1458      8.750      0.836  45191.830    28.3379     8.8009      0.828    6.76860     8.8082    21.9356   12.22982 5.7751e+01 0.0000e+00
         37 290.485718    0.00250     0.1500      9.000      0.833  45206.451    28.3486     8.8053      0.825    6.76747     8.8102    21.9433   12.22781 5.8334e+01 0.0000e+00
         38 290.485720    0.00257     0.1542      9.250      0.832  45214.258    28.3543     8.8082      0.824    6.76677     8.8121    21.9474   12.22658 5.8061e+01 0.0000e+00
         39 290.485723    0.00264     0.1583      9.500      0.834  45217.921    28.3571     8.8103      0.826    6.76632     8.8142    21.9493   12.22581 5.6964e+01 0.0000e+00
         40 290.485726    0.00271     0.1625      9.750      0.837  45220.418    28.3591     8.8122      0.829    6.76596     8.8171    21.9506   12.22517 5.5817e+01 0.0000e+00
         41 290.485729    0.00278     0.1667     10.000      0.839  45224.089    28.3619     8.8143      0.831    6.76551     8.8207    21.9525   12.22439 5.5288e+01 0.0000e+00
         42 290.485732    0.00285     0.1708     10.250      0.840  45229.749    28.3662     8.8172      0.832    6.76488     8.8248    21.9554   12.22330 5.5380e+01 0.0000e+00
         43 290.485735    0.00292     0.1750     10.500      0.840  45235.936    28.3709     8.8208      0.832    6.76412     8.8289    21.9586   12.22198 5.5856e+01 0.0000e+00
         44 290.485738    0.00299     0.1792     10.750      0.840  45240.491    28.3746     8.8249      0.832    6.76334     8.8325    21.9609   12.22064 5.6901e+01 0.0000e+00
         45 290.485741    0.00306     0.1833     11.000      0.842  45241.830    28.3761     8.8290      0.834    6.76265     8.8353    21.9614   12.21948 5.8388e+01 0.0000e+00
         46 290.485744    0.00313     0.1875     11.250      0.843  45239.479    28.3749     8.8326      0.835    6.76214     8.8369    21.9600   12.21866 5.9569e+01 0.0000e+00
         47 290.485747    0.00319     0.1917     11.500      0.843  45234.272    28.3716     8.8353      0.835    6.76187     8.8377    21.9571   12.21825 6.0039e+01 0.0000e+00
         48 290.485749    0.00326     0.1958     11.750      0.841  45227.814    28.3673     8.8370      0.833    6.76181     8.8378    21.9535   12.21819 5.9825e+01 0.0000e+00
         49 290.485752    0.00333     0.2000     12.000      0.838  45221.703    28.3632     8.8378      0.830    6.76187     8.8376    21.9501   12.21835 5.8932e+01 0.0000e+00
         50 290.485755    0.00340     0.2042     12.250      0.832  45217.773    28.3605     8.8379      0.824    6.76197     8.8372    21.9480   12.21855 5.7407e+01 0.0000e+00
         51 290.485758    0.00347     0.2083     12.500      0.824  45218.454    28.3610     8.8377      0.816    6.76198     8.8366    21.9484   12.21857 5.5920e+01 0.0000e+00
         52 290.485761    0.00354     0.2125     12.750      0.817  45224.358    28.3650     8.8373      0.809    6.76187     8.8358    21.9516   12.21833 5.5363e+01 0.0000e+00
         53 290.485764    0.00361     0.2167     13.000      0.812  45232.387    28.3705     8.8366      0.804    6.76173     8.8351    21.9560   12.21802 5.5604e+01 0.0000e+00
         54 290.485767    0.00368     0.2208     13.250      0.812  45238.613    28.3747     8.8359      0.805    6.76166     8.8347    21.9594   12.21785 5.5949e+01 0.0000e+00
         55 290.485770    0.00375     0.2250     13.500      0.816  45241.276    28.3765     8.8352      0.809    6.76169     8.8344    21.9609   12.21788 5.6479e+01 0.0000e+00
         56 290.485773    0.00382     0.2292     13.750      0.821  45240.447    28.3758     8.8347      0.814    6.76179     8.8343    21.9604   12.21805 5.7389e+01 0.0000e+00
         57 290.485775    0.00389     0.2333     14.000      0.825  45236.998    28.3734     8.8345      0.818    6.76193     8.8343    21.9586   12.21832 5.7983e+01 0.0000e+00
         58 290.485778    0.00396     0.2375     14.250      0.827  45232.720    28.3704     8.8343      0.820    6.76208     8.8346    21.9563   12.21861 5.7728e+01 0.0000e+00
         59 290.485781    0.00403     0.2417     14.500      0.827  45229.621    28.3683     8.8344      0.820    6.76217     8.8350    21.9546   12.21878 5.7100e+01 0.0000e+00
         60 290.485784    0.00410     0.2458     14.750      0.826  45228.228    28.3674     8.8346      0.818    6.76217     8.8355    21.9538   12.21880 5.6696e+01 0.0000e+00
         61 290.485787    0.00417     0.2500     15.000      0.823  45227.651    28.3670     8.8351      0.815    6.76212     8.8359    21.9535   12.21871 5.6423e+01 0.0000e+00
         62 290.485790    0.00424     0.2542     15.250      0.819  45227.274    28.3668     8.8356      0.811    6.76205     8.8360    21.9532   12.21860 5.6261e+01 0.0000e+00
         63 290.485793    0.00431     0.2583     15.500      0.814  45227.545    28.3671     8.8360      0.806    6.76198     8.8357    21.9534   12.21848 5.6660e+01 0.0000e+00
         64 290.485796    0.00438     0.2625     15.750      0.810  45228.860    28.3680     8.8361      0.802    6.76193     8.8351    21.9541   12.21838 5.7641e+01 0.0000e+00
         65 290.485799    0.00444     0.2667     16.000      0.808  45230.521    28.3691     8.8358      0.801    6.76192     8.8342    21.9550   12.21835 5.8640e+01 0.0000e+00
         66 290.485802    0.00451     0.2708     16.250      0.810  45230.938    28.3693     8.8352      0.803    6.76200     8.8332    21.9553   12.21849 5.9248e+01 0.0000e+00
         67 290.485804    0.00458     0.2750     16.500      0.816  45228.333    28.3674     8.8343      0.808    6.76222     8.8321    21.9539   12.21888 5.9440e+01 0.0000e+00
         68 290.485807    0.00465     0.2792     16.750      0.825  45221.656    28.3626     8.8332      0.817    6.76259     8.8311    21.9503   12.21955 5.9378e+01 0.0000e+00
         69 290.485810    0.00472     0.2833     17.000      0.835  45211.083    28.3552     8.8321      0.827    6.76308     8.8303    21.9447   12.22046 5.9417e+01 0.0000e+00
         70 290.485813    0.00479     0.2875     17.250      0.843  45197.778    28.3458     8.8312      0.835    6.76364     8.8294    21.9375   12.22150 5.9706e+01 0.0000e+00
         71 290.485816    0.00486     0.2917     17.500      0.844  45183.689    28.3359     8.8303      0.836    6.76420     8.8283    21.9299   12.22255 5.9933e+01 0.0000e+00
         72 290.485819    0.00493     0.2958     17.750      0.838  45172.049    28.3278     8.8295      0.830    6.76470     8.8274    21.9236   12.22347 5.9691e+01 0.0000e+00
         73 290.485822    0.00500     0.3000     18.000      0.826  45166.888    28.3241     8.8284      0.818    6.76502     8.8267    21.9209   12.22405 5.9100e+01 0.0000e+00
         74 290.485825    0.00507     0.3042     18.250      0.813  45171.285    28.3270     8.8275      0.806    6.76503     8.8257    21.9233   12.22404 5.8942e+01 0.0000e+00
         75 290.485828    0.00514     0.3083     18.500      0.805  45181.468    28.3340     8.8267      0.798    6.76484     8.8238    21.9289   12.22363 5.9424e+01 0.0000e+00
         76 290.485830    0.00521     0.3125     18.750      0.803  45185.829    28.3369     8.8258      0.796    6.76486     8.8208    21.9313   12.22363 5.9751e+01 0.0000e+00
         77 290.485833    0.00528     0.3167     19.000      0.809  45174.895    28.3291     8.8239      0.801    6.76549     8.8167    21.9254   12.22477 5.9539e+01 0.0000e+00
         78 290.485836    0.00535     0.3208     19.250      0.817  45143.699    28.3071     8.8208      0.809    6.76691     8.8115    21.9087   12.22741 5.9286e+01 0.0000e+00
         79 290.485839    0.00542     0.3250     19.500      0.823  45095.608    28.2733     8.8167      0.816    6.76902     8.8052    21.8828   12.23132 5.9474e+01 0.0000e+00
         80 290.485842    0.00549     0.3292     19.750      0.825  45050.668    28.2415     8.8116      0.817    6.77120     8.7972    21.8587   12.23533 5.9951e+01 0.0000e+00
         81 290.485845    0.00556     0.3333     20.000      0.822  45031.011    28.2271     8.8052      0.815    6.77280     8.7885    21.8484   12.23815 6.0294e+01 0.0000e+00
         82 290.485848    0.00562     0.3375     20.250      0.819  45043.220    28.2345     8.7973      0.811    6.77369     8.7816    21.8553   12.23954 6.0429e+01 0.0000e+00
         83 290.485851    0.00569     0.3417     20.500      0.817  45077.062    28.2568     8.7886      0.809    6.77404     8.7776    21.8740   12.23985 6.0503e+01 0.0000e+00
         84 290.485854    0.00576     0.3458     20.750      0.819  45109.740    28.2785     8.7817      0.811    6.77413     8.7755    21.8920   12.23974 6.0519e+01 0.0000e+00
         85 290.485856    0.00583     0.3500     21.000      0.824  45120.156    28.2852     8.7777      0.816    6.77444     8.7732    21.8978   12.24016 6.0609e+01 0.0000e+00
         86 290.485859    0.00590     0.3542     21.250      0.831  45100.082    28.2711     8.7756      0.823    6.77539     8.7693    21.8870   12.24191 6.1001e+01 0.0000e+00
         87 290.485862    0.00597     0.3583     21.500      0.835  45059.684    28.2428     8.7733      0.827    6.77699     8.7626    21.8653   12.24491 6.1438e+01 0.0000e+00
         88 290.485865    0.00604     0.3625     21.750      0.835  45022.632    28.2167     8.7694      0.827    6.77873     8.7527    21.8454   12.24811 6.1590e+01 0.0000e+00
         89 290.485868    0.00611     0.3667     22.000      0.831  45007.342    28.2053     8.7627      0.824    6.78025     8.7416    21.8374   12.25079 6.1733e+01 0.0000e+00
         90 290.485871    0.00618     0.3708     22.250      0.827  45020.613    28.2132     8.7528      0.819    6.78141     8.7317    21.8450   12.25261 6.2432e+01 0.0000e+00
