CTD-processing/allCTD/CNV--turbid/2017_04-20_alongbay_skb02_cast149.cnv
* Sea-Bird SBE19plus Data File:
* FileName = P:\My Documents\kasitsna\Research-KBL\Oceanography-AK\CTD-Data-ALL-to-2017-02\2017-CTD-KachemakBay-CookInlet\2017-04-20-CookInlet-AlongKachemakBay\2017-04-20-CookInlet-AlongKachemakBay-cast149.hex
* Software Version 1.59
* Temperature SN =  4141
* Conductivity SN =  4141
* System UpLoad Time = Apr 24 2017 17:21:00
** Cook Inlet Along Kachemak Bay Line west to east
** Date: 2017-04-20
** Station: (eg. 9-01): KB02
** Start time (AKDT): 17:48
** Depth (m): 120.1
** Comment: R/V Alaska Dreamcatcher
** Comment:
# nquan = 16
# nvalues = 657                         
# units = specified
# name 0 = scan: Scan Count
# name 1 = timeJ: Julian Days
# name 2 = timeH: Time, Elapsed [hours]
# name 3 = timeM: Time, Elapsed [minutes]
# name 4 = timeS: Time, Elapsed [seconds]
# name 5 = prdM: Pressure, Strain Gauge [db]
# name 6 = specc: Specific Conductance [uS/cm]
# name 7 = sal00: Salinity, Practical [PSU]
# name 8 = tv290C: Temperature [ITS-90, deg C]
# name 9 = depSM: Depth [salt water, m], lat = 59.00
# name 10 = oxsolML/L: Oxygen Saturation, Garcia & Gordon [ml/l]
# name 11 = potemp090C: Potential Temperature [ITS-90, deg C]
# name 12 = sigma-é00: Density [sigma-theta, kg/m^3]
# name 13 = n2satML/L: Nitrogen Saturation [ml/l]
# name 14 = par: PAR/Irradiance, Biospherical/Licor
# name 15 = flag:  0.000e+00
# span 0 =          1,        657       
# span 1 = 110.741667, 110.743565       
# span 2 =    0.00000,    0.04556       
# span 3 =     0.0000,     2.7333       
# span 4 =      0.000,    164.000       
# span 5 =      0.041,    119.147       
# span 6 =    143.770,  52001.377       
# span 7 =     0.0661,    32.2943       
# span 8 =     3.8687,     7.8287       
# span 9 =      0.041,    117.999       
# span 10 =    6.99813,    8.32014      
# span 11 =     3.8611,     7.8264      
# span 12 =    -0.0864,    25.4707      
# span 13 =   12.56143,   15.21772      
# span 14 = 4.1799e-02, 4.3449e+02      
# span 15 = 0.0000e+00, 0.0000e+00      
# interval = seconds: 0.25
# start_time = Apr 20 2017 17:48:00 [Instrument's time stamp, header]
# bad_flag = -9.990e-29
*END*
[from data line 91]
         92 110.741930    0.00632     0.3792     22.750      1.153  51396.452    32.2060     6.0883      1.143    7.02351     6.0926    25.3347   12.60318 5.6809e+01 0.0000e+00
         93 110.741933    0.00639     0.3833     23.000      1.159  51425.194    32.2263     6.0902      1.149    7.02225     6.0951    25.3505   12.60084 5.8169e+01 0.0000e+00
         94 110.741936    0.00646     0.3875     23.250      1.162  51454.881    32.2474     6.0927      1.151    7.02086     6.0976    25.3668   12.59827 5.8901e+01 0.0000e+00
         95 110.741939    0.00653     0.3917     23.500      1.162  51469.368    32.2580     6.0951      1.151    7.01996     6.1007    25.3748   12.59667 5.8509e+01 0.0000e+00
         96 110.741942    0.00660     0.3958     23.750      1.162  51463.966    32.2547     6.0977      1.151    7.01969     6.1041    25.3719   12.59626 5.8102e+01 0.0000e+00
         97 110.741944    0.00667     0.4000     24.000      1.163  51446.688    32.2433     6.1008      1.153    7.01971     6.1072    25.3626   12.59644 5.8962e+01 0.0000e+00
         98 110.741947    0.00674     0.4042     24.250      1.167  51434.999    32.2359     6.1041      1.156    7.01951     6.1099    25.3563   12.59620 6.0636e+01 0.0000e+00
         99 110.741950    0.00681     0.4083     24.500      1.169  51441.035    32.2407     6.1072      1.159    7.01878     6.1124    25.3597   12.59493 6.1747e+01 0.0000e+00
        100 110.741953    0.00688     0.4125     24.750      1.167  51457.649    32.2527     6.1100      1.156    7.01776     6.1152    25.3689   12.59310 6.1729e+01 0.0000e+00
        101 110.741956    0.00694     0.4167     25.000      1.160  51465.547    32.2587     6.1125      1.149    7.01707     6.1182    25.3733   12.59188 6.1374e+01 0.0000e+00
        102 110.741959    0.00701     0.4208     25.250      1.153  51451.053    32.2492     6.1153      1.142    7.01705     6.1200    25.3654   12.59197 6.1512e+01 0.0000e+00
        103 110.741962    0.00708     0.4250     25.500      1.151  51417.209    32.2263     6.1183      1.140    7.01763     6.1196    25.3470   12.59321 6.1876e+01 0.0000e+00
        104 110.741965    0.00715     0.4292     25.750      1.159  51383.614    32.2033     6.1201      1.148    7.01840     6.1178    25.3287   12.59477 6.2094e+01 0.0000e+00
        105 110.741968    0.00722     0.4333     26.000      1.173  51370.939    32.1945     6.1197      1.162    7.01888     6.1166    25.3217   12.59568 6.2272e+01 0.0000e+00
        106 110.741970    0.00729     0.4375     26.250      1.185  51387.558    32.2056     6.1179      1.174    7.01866     6.1184    25.3307   12.59518 6.2584e+01 0.0000e+00
        107 110.741973    0.00736     0.4417     26.500      1.189  51426.374    32.2324     6.1167      1.178    7.01762     6.1251    25.3520   12.59311 6.2952e+01 0.0000e+00
        108 110.741976    0.00743     0.4458     26.750      1.181  51466.555    32.2606     6.1185      1.170    7.01602     6.1378    25.3740   12.59012 6.3082e+01 0.0000e+00
        109 110.741979    0.00750     0.4500     27.000      1.163  51483.950    32.2740     6.1252      1.152    7.01428     6.1531    25.3838   12.58708 6.2692e+01 0.0000e+00
        110 110.741982    0.00757     0.4542     27.250      1.142  51462.154    32.2613     6.1379      1.131    7.01278     6.1642    25.3723   12.58477 6.1779e+01 0.0000e+00
        111 110.741985    0.00764     0.4583     27.500      1.129  51404.579    32.2244     6.1532      1.118    7.01199     6.1660    25.3412   12.58392 6.1010e+01 0.0000e+00
        112 110.741988    0.00771     0.4625     27.750      1.134  51338.642    32.1808     6.1643      1.123    7.01220     6.1588    25.3054   12.58482 6.0740e+01 0.0000e+00
        113 110.741991    0.00778     0.4667     28.000      1.154  51295.394    32.1511     6.1661      1.143    7.01328     6.1468    25.2818   12.58698 6.0885e+01 0.0000e+00
        114 110.741994    0.00785     0.4708     28.250      1.181  51290.234    32.1461     6.1589      1.170    7.01470     6.1356    25.2787   12.58938 6.1537e+01 0.0000e+00
        115 110.741997    0.00792     0.4750     28.500      1.200  51324.487    32.1675     6.1469      1.189    7.01567     6.1301    25.2971   12.59071 6.2165e+01 0.0000e+00
        116 110.741999    0.00799     0.4792     28.750      1.201  51381.595    32.2049     6.1357      1.190    7.01576     6.1336    25.3280   12.59040 6.2402e+01 0.0000e+00
        117 110.742002    0.00806     0.4833     29.000      1.181  51427.586    32.2358     6.1302      1.170    7.01523     6.1450    25.3531   12.58912 6.2682e+01 0.0000e+00
        118 110.742005    0.00813     0.4875     29.250      1.148  51433.769    32.2408     6.1337      1.137    7.01442     6.1574    25.3566   12.58773 6.3033e+01 0.0000e+00
        119 110.742008    0.00819     0.4917     29.500      1.115  51394.013    32.2155     6.1451      1.105    7.01373     6.1627    25.3352   12.58691 6.3148e+01 0.0000e+00
        120 110.742011    0.00826     0.4958     29.750      1.100  51328.546    32.1725     6.1575      1.090    7.01370     6.1573    25.2997   12.58740 6.3337e+01 0.0000e+00
        121 110.742014    0.00833     0.5000     30.000      1.111  51270.461    32.1332     6.1628      1.100    7.01465     6.1434    25.2680   12.58947 6.3705e+01 0.0000e+00
        122 110.742017    0.00840     0.5042     30.250      1.137  51244.486    32.1141     6.1574      1.127    7.01644     6.1274    25.2536   12.59265 6.3776e+01 0.0000e+00
        123 110.742020    0.00847     0.5083     30.500      1.164  51261.042    32.1229     6.1435      1.153    7.01830     6.1150    25.2623   12.59562 6.3744e+01 0.0000e+00
        124 110.742023    0.00854     0.5125     30.750      1.178  51313.812    32.1563     6.1275      1.167    7.01937     6.1096    25.2906   12.59697 6.4323e+01 0.0000e+00
        125 110.742025    0.00861     0.5167     31.000      1.176  51378.473    32.1988     6.1151      1.165    7.01944     6.1128    25.3256   12.59656 6.5828e+01 0.0000e+00
        126 110.742028    0.00868     0.5208     31.250      1.158  51423.891    32.2293     6.1097      1.147    7.01891     6.1222    25.3504   12.59529 6.7372e+01 0.0000e+00
        127 110.742031    0.00875     0.5250     31.500      1.131  51429.300    32.2337     6.1129      1.120    7.01818     6.1314    25.3535   12.59403 6.7405e+01 0.0000e+00
        128 110.742034    0.00882     0.5292     31.750      1.108  51393.596    32.2107     6.1223      1.097    7.01770     6.1348    25.3342   12.59352 6.6240e+01 0.0000e+00
        129 110.742037    0.00889     0.5333     32.000      1.098  51336.029    32.1726     6.1315      1.088    7.01795     6.1305    25.3030   12.59442 6.5654e+01 0.0000e+00
        130 110.742040    0.00896     0.5375     32.250      1.108  51285.076    32.1379     6.1349      1.098    7.01901     6.1204    25.2751   12.59660 6.5885e+01 0.0000e+00
        131 110.742043    0.00903     0.5417     32.500      1.131  51260.940    32.1203     6.1306      1.121    7.02054     6.1084    25.2618   12.59936 6.5746e+01 0.0000e+00
        132 110.742046    0.00910     0.5458     32.750      1.156  51270.141    32.1247     6.1205      1.146    7.02201     6.0978    25.2665   12.60173 6.4699e+01 0.0000e+00
        133 110.742049    0.00917     0.5500     33.000      1.173  51308.421    32.1489     6.1085      1.163    7.02285     6.0900    25.2871   12.60282 6.3489e+01 0.0000e+00
        134 110.742052    0.00924     0.5542     33.250      1.179  51361.859    32.1839     6.0979      1.169    7.02296     6.0854    25.3160   12.60256 6.3182e+01 0.0000e+00
        135 110.742054    0.00931     0.5583     33.500      1.175  51411.720    32.2169     6.0901      1.164    7.02271     6.0837    25.3431   12.60172 6.3943e+01 0.0000e+00
        136 110.742057    0.00937     0.5625     33.750      1.162  51444.427    32.2387     6.0855      1.152    7.02244     6.0833    25.3608   12.60101 6.5114e+01 0.0000e+00
        137 110.742060    0.00944     0.5667     34.000      1.147  51453.203    32.2445     6.0838      1.136    7.02244     6.0825    25.3656   12.60094 6.6016e+01 0.0000e+00
        138 110.742063    0.00951     0.5708     34.250      1.133  51435.182    32.2319     6.0834      1.123    7.02310     6.0802    25.3557   12.60218 6.6280e+01 0.0000e+00
        139 110.742066    0.00958     0.5750     34.500      1.128  51393.382    32.2028     6.0826      1.117    7.02460     6.0756    25.3328   12.60503 6.5937e+01 0.0000e+00
        140 110.742069    0.00965     0.5792     34.750      1.135  51339.301    32.1648     6.0803      1.124    7.02674     6.0683    25.3031   12.60904 6.5624e+01 0.0000e+00
        141 110.742072    0.00972     0.5833     35.000      1.153  51287.630    32.1280     6.0757      1.143    7.02922     6.0602    25.2746   12.61360 6.5717e+01 0.0000e+00
        142 110.742075    0.00979     0.5875     35.250      1.177  51254.079    32.1033     6.0684      1.167    7.03158     6.0544    25.2560   12.61782 6.5831e+01 0.0000e+00
        143 110.742078    0.00986     0.5917     35.500      1.198  51255.161    32.1025     6.0603      1.187    7.03296     6.0539    25.2563   12.62011 6.5538e+01 0.0000e+00
        144 110.742080    0.00993     0.5958     35.750      1.207  51291.636    32.1266     6.0545      1.196    7.03279     6.0613    25.2761   12.61951 6.4984e+01 0.0000e+00
        145 110.742083    0.01000     0.6000     36.000      1.203  51343.313    32.1623     6.0540      1.192    7.03120     6.0776    25.3044   12.61643 6.5161e+01 0.0000e+00
        146 110.742086    0.01007     0.6042     36.250      1.188  51385.613    32.1931     6.0614      1.177    7.02855     6.0991    25.3278   12.61166 6.6265e+01 0.0000e+00
        147 110.742089    0.01014     0.6083     36.500      1.170  51401.773    32.2076     6.0777      1.159    7.02519     6.1183    25.3372   12.60594 6.6619e+01 0.0000e+00
        148 110.742092    0.01021     0.6125     36.750      1.159  51385.802    32.2007     6.0992      1.148    7.02198     6.1300    25.3291   12.60071 6.5702e+01 0.0000e+00
        149 110.742095    0.01028     0.6167     37.000      1.159  51347.768    32.1781     6.1184      1.148    7.01986     6.1334    25.3089   12.59751 6.5076e+01 0.0000e+00
        150 110.742098    0.01035     0.6208     37.250      1.170  51311.621    32.1553     6.1301      1.158    7.01899     6.1305    25.2895   12.59636 6.5690e+01 0.0000e+00
        151 110.742101    0.01042     0.6250     37.500      1.185  51296.162    32.1452     6.1335      1.173    7.01890     6.1246    25.2811   12.59634 6.6906e+01 0.0000e+00
        152 110.742104    0.01049     0.6292     37.750      1.196  51305.653    32.1513     6.1306      1.185    7.01909     6.1184    25.2863   12.59658 6.7181e+01 0.0000e+00
        153 110.742106    0.01056     0.6333     38.000      1.201  51334.471    32.1701     6.1247      1.189    7.01919     6.1135    25.3019   12.59650 6.6334e+01 0.0000e+00
        154 110.742109    0.01063     0.6375     38.250      1.197  51369.680    32.1934     6.1185      1.186    7.01912     6.1108    25.3210   12.59609 6.5983e+01 0.0000e+00
        155 110.742112    0.01069     0.6417     38.500      1.188  51397.059    32.2114     6.1136      1.177    7.01909     6.1108    25.3358   12.59581 6.6790e+01 0.0000e+00
        156 110.742115    0.01076     0.6458     38.750      1.179  51408.926    32.2191     6.1109      1.168    7.01917     6.1122    25.3422   12.59585 6.7612e+01 0.0000e+00
        157 110.742118    0.01083     0.6500     39.000      1.172  51405.673    32.2168     6.1109      1.161    7.01929     6.1138    25.3404   12.59608 6.7810e+01 0.0000e+00
        158 110.742121    0.01090     0.6542     39.250      1.170  51395.602    32.2101     6.1123      1.159    7.01936     6.1148    25.3350   12.59628 6.8000e+01 0.0000e+00
        159 110.742124    0.01097     0.6583     39.500      1.170  51390.637    32.2070     6.1139      1.159    7.01925     6.1154    25.3323   12.59613 6.8308e+01 0.0000e+00
        160 110.742127    0.01104     0.6625     39.750      1.170  51397.620    32.2120     6.1149      1.159    7.01885     6.1159    25.3362   12.59540 6.8327e+01 0.0000e+00
        161 110.742130    0.01111     0.6667     40.000      1.168  51414.232    32.2236     6.1154      1.157    7.01822     6.1165    25.3453   12.59422 6.8534e+01 0.0000e+00
        162 110.742133    0.01118     0.6708     40.250      1.166  51434.393    32.2377     6.1159      1.156    7.01749     6.1176    25.3563   12.59283 6.9822e+01 0.0000e+00
        163 110.742135    0.01125     0.6750     40.500      1.165  51455.463    32.2525     6.1165      1.154    7.01670     6.1202    25.3679   12.59135 7.1354e+01 0.0000e+00
        164 110.742138    0.01132     0.6792     40.750      1.163  51476.503    32.2673     6.1177      1.152    7.01583     6.1259    25.3795   12.58971 7.1619e+01 0.0000e+00
        165 110.742141    0.01139     0.6833     41.000      1.163  51494.835    32.2805     6.1203      1.152    7.01477     6.1351    25.3896   12.58780 7.1090e+01 0.0000e+00
        166 110.742144    0.01146     0.6875     41.250      1.163  51506.482    32.2897     6.1260      1.152    7.01342     6.1471    25.3962   12.58546 7.1380e+01 0.0000e+00
        167 110.742147    0.01153     0.6917     41.500      1.164  51508.453    32.2929     6.1352      1.153    7.01175     6.1603    25.3976   12.58266 7.2660e+01 0.0000e+00
        168 110.742150    0.01160     0.6958     41.750      1.167  51501.794    32.2907     6.1472      1.156    7.00988     6.1732    25.3943   12.57961 7.3522e+01 0.0000e+00
        169 110.742153    0.01167     0.7000     42.000      1.168  51489.904    32.2850     6.1604      1.157    7.00799     6.1849    25.3882   12.57655 7.3096e+01 0.0000e+00
        170 110.742156    0.01174     0.7042     42.250      1.170  51475.356    32.2774     6.1732      1.159    7.00623     6.1949    25.3806   12.57374 7.1912e+01 0.0000e+00
        171 110.742159    0.01181     0.7083     42.500      1.173  51459.966    32.2690     6.1849      1.162    7.00471     6.2034    25.3725   12.57133 7.1213e+01 0.0000e+00
        172 110.742161    0.01188     0.7125     42.750      1.176  51445.618    32.2610     6.1950      1.165    7.00344     6.2112    25.3650   12.56933 7.1801e+01 0.0000e+00
        173 110.742164    0.01194     0.7167     43.000      1.178  51433.914    32.2546     6.2035      1.167    7.00235     6.2193    25.3588   12.56761 7.3188e+01 0.0000e+00
        174 110.742167    0.01201     0.7208     43.250      1.176  51423.680    32.2490     6.2112      1.165    7.00133     6.2284    25.3534   12.56600 7.4313e+01 0.0000e+00
        175 110.742170    0.01208     0.7250     43.500      1.167  51410.785    32.2416     6.2194      1.156    7.00034     6.2382    25.3466   12.56446 7.4876e+01 0.0000e+00
        176 110.742173    0.01215     0.7292     43.750      1.154  51391.326    32.2299     6.2285      1.143    6.99940     6.2468    25.3362   12.56305 7.5154e+01 0.0000e+00
        177 110.742176    0.01222     0.7333     44.000      1.141  51363.992    32.2128     6.2382      1.130    6.99860     6.2519    25.3216   12.56194 7.5064e+01 0.0000e+00
        178 110.742179    0.01229     0.7375     44.250      1.133  51332.102    32.1923     6.2469      1.123    6.99813     6.2512    25.3044   12.56143 7.4614e+01 0.0000e+00
        179 110.742182    0.01236     0.7417     44.500      1.135  51303.662    32.1736     6.2520      1.124    6.99817     6.2436    25.2889   12.56172 7.4104e+01 0.0000e+00
        180 110.742185    0.01243     0.7458     44.750      1.145  51288.617    32.1630     6.2513      1.134    6.99876     6.2311    25.2806   12.56284 7.3703e+01 0.0000e+00
