CTD-processing/allCTD/CNV--turbid/2017_07-24_alongbay_skb03_cast212.cnv
* Sea-Bird SBE19plus Data File:
* FileName = P:\My Documents\kasitsna\Research-KBL\Oceanography-AK\CTD-Data-ALL-to-2017-02\2017-CTD-KachemakBay-CookInlet\2017-07-24-CookInlet-AlongBay-KB03toKB13\2017-07-24-KachemakBay-AlongBay-cast212.hex
* Software Version 1.59
* Temperature SN =  4141
* Conductivity SN =  4141
* System UpLoad Time = Jul 24 2017 19:56:54
** Cook Inlet Along Kachemak Bay Transect (KB03 to KB13)
** Date: 2017-07-24
** Station: (eg. 9-01): KB03
** Start time (AKDT): 12:12
** Depth (m): 105.8
** Comment: R/V Edgecumbe.  Quarterly survey.
** Comment:
# nquan = 16
# nvalues = 794                         
# units = specified
# name 0 = scan: Scan Count
# name 1 = timeJ: Julian Days
# name 2 = timeH: Time, Elapsed [hours]
# name 3 = timeM: Time, Elapsed [minutes]
# name 4 = timeS: Time, Elapsed [seconds]
# name 5 = prdM: Pressure, Strain Gauge [db]
# name 6 = specc: Specific Conductance [uS/cm]
# name 7 = sal00: Salinity, Practical [PSU]
# name 8 = tv290C: Temperature [ITS-90, deg C]
# name 9 = depSM: Depth [salt water, m], lat = 59.00
# name 10 = oxsolML/L: Oxygen Saturation, Garcia & Gordon [ml/l]
# name 11 = potemp090C: Potential Temperature [ITS-90, deg C]
# name 12 = sigma-é00: Density [sigma-theta, kg/m^3]
# name 13 = n2satML/L: Nitrogen Saturation [ml/l]
# name 14 = par: PAR/Irradiance, Biospherical/Licor
# name 15 = flag:  0.000e+00
# span 0 =          1,        794       
# span 1 = 205.509144, 205.511438       
# span 2 =    0.00000,    0.05507       
# span 3 =     0.0000,     3.3042       
# span 4 =      0.000,    198.250       
# span 5 =      0.056,     91.173       
# span 6 =   1155.016,  50273.686       
# span 7 =     0.5692,    31.8028       
# span 8 =     7.8795,    12.6106       
# span 9 =      0.056,     90.301       
# span 10 =    6.36207,    7.41580      
# span 11 =     7.8729,    12.6106      
# span 12 =    -0.1254,    24.7096      
# span 13 =   11.51581,   13.68222      
# span 14 = 5.1632e-02, 1.0480e+03      
# span 15 = 0.0000e+00, 0.0000e+00      
# interval = seconds: 0.25
# start_time = Jul 24 2017 12:13:10 [Instrument's time stamp, header]
# bad_flag = -9.990e-29
*END*
[from data line 272]
        273 205.509931    0.01889     1.1333     68.000      1.038  49571.188    31.5871    10.2565      1.029    6.41844    10.2455    24.2459   11.61000 5.8992e+02 0.0000e+00
        274 205.509933    0.01896     1.1375     68.250      1.066  49576.591    31.5902    10.2500      1.056    6.41922    10.2426    24.2493   11.61125 5.6676e+02 0.0000e+00
        275 205.509936    0.01903     1.1417     68.500      1.086  49580.422    31.5923    10.2457      1.076    6.41974    10.2408    24.2517   11.61208 5.4155e+02 0.0000e+00
        276 205.509939    0.01910     1.1458     68.750      1.095  49583.213    31.5939    10.2428      1.084    6.42008    10.2397    24.2534   11.61262 5.1494e+02 0.0000e+00
        277 205.509942    0.01917     1.1500     69.000      1.094  49585.082    31.5950    10.2409      1.083    6.42029    10.2390    24.2546   11.61296 4.9899e+02 0.0000e+00
        278 205.509945    0.01924     1.1542     69.250      1.090  49585.966    31.5955    10.2398      1.080    6.42042    10.2385    24.2552   11.61317 5.0372e+02 0.0000e+00
        279 205.509948    0.01931     1.1583     69.500      1.089  49586.134    31.5956    10.2392      1.079    6.42051    10.2381    24.2553   11.61332 5.2140e+02 0.0000e+00
        280 205.509951    0.01938     1.1625     69.750      1.091  49586.150    31.5955    10.2387      1.080    6.42058    10.2378    24.2554   11.61344 5.3803e+02 0.0000e+00
        281 205.509954    0.01944     1.1667     70.000      1.090  49586.312    31.5956    10.2382      1.080    6.42063    10.2376    24.2555   11.61354 5.5134e+02 0.0000e+00
        282 205.509957    0.01951     1.1708     70.250      1.082  49586.627    31.5957    10.2379      1.072    6.42067    10.2376    24.2557   11.61360 5.6502e+02 0.0000e+00
        283 205.509959    0.01958     1.1750     70.500      1.064  49586.991    31.5960    10.2377      1.054    6.42069    10.2376    24.2559   11.61362 5.8070e+02 0.0000e+00
        284 205.509962    0.01965     1.1792     70.750      1.039  49586.987    31.5960    10.2377      1.029    6.42069    10.2375    24.2559   11.61363 6.0056e+02 0.0000e+00
        285 205.509965    0.01972     1.1833     71.000      1.019  49586.269    31.5955    10.2378      1.009    6.42071    10.2371    24.2555   11.61365 6.2360e+02 0.0000e+00
        286 205.509968    0.01979     1.1875     71.250      1.015  49585.173    31.5948    10.2377      1.005    6.42075    10.2364    24.2549   11.61374 6.4659e+02 0.0000e+00
        287 205.509971    0.01986     1.1917     71.500      1.034  49584.426    31.5942    10.2372      1.025    6.42083    10.2355    24.2545   11.61388 6.6823e+02 0.0000e+00
        288 205.509974    0.01993     1.1958     71.750      1.072  49584.321    31.5940    10.2365      1.062    6.42094    10.2347    24.2545   11.61406 6.8497e+02 0.0000e+00
        289 205.509977    0.02000     1.2000     72.000      1.113  49584.641    31.5941    10.2357      1.102    6.42105    10.2342    24.2547   11.61425 6.7879e+02 0.0000e+00
        290 205.509980    0.02007     1.2042     72.250      1.137  49585.406    31.5945    10.2349      1.126    6.42115    10.2340    24.2552   11.61440 6.4423e+02 0.0000e+00
        291 205.509983    0.02014     1.2083     72.500      1.136  49586.575    31.5952    10.2343      1.125    6.42120    10.2342    24.2559   11.61448 6.1097e+02 0.0000e+00
        292 205.509986    0.02021     1.2125     72.750      1.110  49587.552    31.5959    10.2341      1.100    6.42120    10.2346    24.2565   11.61447 5.9865e+02 0.0000e+00
        293 205.509988    0.02028     1.2167     73.000      1.072  49587.866    31.5962    10.2343      1.062    6.42116    10.2349    24.2567   11.61440 5.9915e+02 0.0000e+00
        294 205.509991    0.02035     1.2208     73.250      1.037  49587.525    31.5960    10.2347      1.027    6.42112    10.2350    24.2565   11.61432 5.9821e+02 0.0000e+00
        295 205.509994    0.02042     1.2250     73.500      1.015  49586.731    31.5955    10.2350      1.005    6.42109    10.2348    24.2560   11.61428 5.8780e+02 0.0000e+00
        296 205.509997    0.02049     1.2292     73.750      1.011  49585.719    31.5948    10.2351      1.002    6.42110    10.2342    24.2554   11.61431 5.7291e+02 0.0000e+00
        297 205.510000    0.02056     1.2333     74.000      1.026  49584.682    31.5940    10.2349      1.016    6.42116    10.2333    24.2549   11.61442 5.5946e+02 0.0000e+00
        298 205.510003    0.02063     1.2375     74.250      1.052  49583.735    31.5933    10.2343      1.042    6.42127    10.2320    24.2544   11.61462 5.4817e+02 0.0000e+00
        299 205.510006    0.02069     1.2417     74.500      1.083  49582.969    31.5926    10.2334      1.072    6.42143    10.2305    24.2540   11.61489 5.4431e+02 0.0000e+00
        300 205.510009    0.02076     1.2458     74.750      1.109  49582.581    31.5921    10.2321      1.099    6.42163    10.2289    24.2539   11.61523 5.5023e+02 0.0000e+00
        301 205.510012    0.02083     1.2500     75.000      1.127  49582.856    31.5921    10.2306      1.116    6.42185    10.2276    24.2541   11.61558 5.5785e+02 0.0000e+00
        302 205.510014    0.02090     1.2542     75.250      1.132  49583.872    31.5927    10.2290      1.122    6.42204    10.2266    24.2548   11.61590 5.6150e+02 0.0000e+00
        303 205.510017    0.02097     1.2583     75.500      1.129  49585.142    31.5934    10.2277      1.119    6.42220    10.2259    24.2556   11.61615 5.6184e+02 0.0000e+00
        304 205.510020    0.02104     1.2625     75.750      1.125  49585.911    31.5938    10.2267      1.114    6.42232    10.2252    24.2561   11.61634 5.5400e+02 0.0000e+00
        305 205.510023    0.02111     1.2667     76.000      1.131  49586.004    31.5938    10.2260      1.120    6.42242    10.2243    24.2562   11.61651 5.3974e+02 0.0000e+00
        306 205.510026    0.02118     1.2708     76.250      1.160  49585.736    31.5935    10.2253      1.149    6.42253    10.2235    24.2561   11.61669 5.2901e+02 0.0000e+00
        307 205.510029    0.02125     1.2750     76.500      1.225  49585.865    31.5935    10.2245      1.213    6.42264    10.2230    24.2562   11.61688 5.2025e+02 0.0000e+00
        308 205.510032    0.02132     1.2792     76.750      1.333  49587.064    31.5942    10.2237      1.320    6.42272    10.2230    24.2569   11.61701 5.0838e+02 0.0000e+00
        309 205.510035    0.02139     1.2833     77.000      1.474  49588.491    31.5951    10.2232      1.461    6.42275    10.2232    24.2576   11.61705 4.9498e+02 0.0000e+00
        310 205.510038    0.02146     1.2875     77.250      1.637  49589.025    31.5954    10.2232      1.622    6.42274    10.2234    24.2579   11.61704 4.8125e+02 0.0000e+00
        311 205.510041    0.02153     1.2917     77.500      1.811  49589.002    31.5953    10.2234      1.794    6.42272    10.2237    24.2578   11.61699 4.6204e+02 0.0000e+00
        312 205.510043    0.02160     1.2958     77.750      1.992  49589.246    31.5954    10.2237      1.973    6.42268    10.2240    24.2578   11.61692 4.3630e+02 0.0000e+00
        313 205.510046    0.02167     1.3000     78.000      2.178  49589.690    31.5957    10.2239      2.158    6.42263    10.2243    24.2580   11.61684 4.1153e+02 0.0000e+00
        314 205.510049    0.02174     1.3042     78.250      2.370  49589.676    31.5957    10.2243      2.348    6.42258    10.2243    24.2579   11.61676 3.9065e+02 0.0000e+00
        315 205.510052    0.02181     1.3083     78.500      2.565  49588.946    31.5951    10.2246      2.542    6.42257    10.2237    24.2574   11.61674 3.7212e+02 0.0000e+00
        316 205.510055    0.02187     1.3125     78.750      2.762  49587.503    31.5940    10.2246      2.736    6.42261    10.2223    24.2566   11.61682 3.5695e+02 0.0000e+00
        317 205.510058    0.02194     1.3167     79.000      2.955  49585.300    31.5923    10.2241      2.928    6.42275    10.2197    24.2553   11.61708 3.4391e+02 0.0000e+00
        318 205.510061    0.02201     1.3208     79.250      3.143  49582.183    31.5898    10.2227      3.113    6.42304    10.2152    24.2536   11.61759 3.3239e+02 0.0000e+00
        319 205.510064    0.02208     1.3250     79.500      3.323  49577.589    31.5862    10.2201      3.292    6.42356    10.2077    24.2512   11.61849 3.2535e+02 0.0000e+00
        320 205.510067    0.02215     1.3292     79.750      3.498  49570.657    31.5807    10.2156      3.466    6.42443    10.1964    24.2477   11.61999 3.2116e+02 0.0000e+00
        321 205.510069    0.02222     1.3333     80.000      3.670  49561.817    31.5734    10.2081      3.636    6.42577    10.1812    24.2432   11.62230 3.1497e+02 0.0000e+00
        322 205.510072    0.02229     1.3375     80.250      3.844  49554.643    31.5668    10.1968      3.808    6.42762    10.1633    24.2400   11.62545 3.0650e+02 0.0000e+00
        323 205.510075    0.02236     1.3417     80.500      4.021  49551.867    31.5629    10.1817      3.984    6.42991    10.1435    24.2394   11.62928 2.9781e+02 0.0000e+00
        324 205.510078    0.02243     1.3458     80.750      4.205  49552.075    31.5607    10.1638      4.166    6.43251    10.1225    24.2407   11.63361 2.8878e+02 0.0000e+00
        325 205.510081    0.02250     1.3500     81.000      4.395  49554.080    31.5596    10.1440      4.354    6.43532    10.1003    24.2431   11.63829 2.7834e+02 0.0000e+00
        326 205.510084    0.02257     1.3542     81.250      4.591  49556.974    31.5589    10.1230      4.549    6.43830    10.0770    24.2460   11.64323 2.6731e+02 0.0000e+00
        327 205.510087    0.02264     1.3583     81.500      4.793  49560.125    31.5582    10.1008      4.748    6.44144    10.0529    24.2492   11.64844 2.5730e+02 0.0000e+00
        328 205.510090    0.02271     1.3625     81.750      4.997  49564.631    31.5584    10.0776      4.950    6.44471    10.0278    24.2531   11.65385 2.4772e+02 0.0000e+00
        329 205.510093    0.02278     1.3667     82.000      5.201  49568.903    31.5582    10.0535      5.153    6.44811    10.0014    24.2570   11.65948 2.3729e+02 0.0000e+00
        330 205.510095    0.02285     1.3708     82.250      5.403  49572.363    31.5574    10.0284      5.352    6.45167     9.9744    24.2605   11.66540 2.2673e+02 0.0000e+00
        331 205.510098    0.02292     1.3750     82.500      5.600  49578.809    31.5585    10.0020      5.548    6.45535     9.9488    24.2657   11.67147 2.1763e+02 0.0000e+00
        332 205.510101    0.02299     1.3792     82.750      5.797  49590.625    31.5633     9.9751      5.743    6.45895     9.9261    24.2738   11.67738 2.1042e+02 0.0000e+00
        333 205.510104    0.02306     1.3833     83.000      5.998  49605.721    31.5706     9.9495      5.942    6.46227     9.9066    24.2837   11.68279 2.0442e+02 0.0000e+00
        334 205.510107    0.02313     1.3875     83.250      6.204  49619.916    31.5777     9.9268      6.146    6.46518     9.8901    24.2929   11.68753 1.9898e+02 0.0000e+00
        335 205.510110    0.02319     1.3917     83.500      6.411  49632.597    31.5840     9.9074      6.351    6.46767     9.8768    24.3010   11.69158 1.9393e+02 0.0000e+00
        336 205.510113    0.02326     1.3958     83.750      6.610  49645.053    31.5906     9.8909      6.548    6.46972     9.8665    24.3089   11.69490 1.8885e+02 0.0000e+00
        337 205.510116    0.02333     1.4000     84.000      6.796  49656.285    31.5967     9.8776      6.733    6.47136     9.8588    24.3158   11.69752 1.8326e+02 0.0000e+00
        338 205.510119    0.02340     1.4042     84.250      6.967  49665.237    31.6017     9.8673      6.902    6.47261     9.8530    24.3213   11.69953 1.7719e+02 0.0000e+00
        339 205.510122    0.02347     1.4083     84.500      7.125  49671.713    31.6052     9.8596      7.058    6.47355     9.8482    24.3253   11.70106 1.7138e+02 0.0000e+00
        340 205.510124    0.02354     1.4125     84.750      7.276  49675.491    31.6070     9.8538      7.208    6.47431     9.8439    24.3277   11.70229 1.6654e+02 0.0000e+00
        341 205.510127    0.02361     1.4167     85.000      7.429  49676.965    31.6074     9.8490      7.360    6.47496     9.8395    24.3288   11.70337 1.6234e+02 0.0000e+00
        342 205.510130    0.02368     1.4208     85.250      7.593  49677.466    31.6071     9.8446      7.522    6.47559     9.8352    24.3293   11.70442 1.5803e+02 0.0000e+00
        343 205.510133    0.02375     1.4250     85.500      7.772  49678.179    31.6070     9.8403      7.700    6.47620     9.8310    24.3299   11.70544 1.5347e+02 0.0000e+00
        344 205.510136    0.02382     1.4292     85.750      7.968  49679.376    31.6072     9.8360      7.893    6.47681     9.8271    24.3308   11.70643 1.4909e+02 0.0000e+00
        345 205.510139    0.02389     1.4333     86.000      8.176  49681.045    31.6077     9.8319      8.099    6.47738     9.8236    24.3319   11.70737 1.4519e+02 0.0000e+00
        346 205.510142    0.02396     1.4375     86.250      8.389  49683.125    31.6085     9.8280      8.310    6.47790     9.8205    24.3332   11.70822 1.4167e+02 0.0000e+00
        347 205.510145    0.02403     1.4417     86.500      8.602  49685.215    31.6095     9.8245      8.521    6.47835     9.8179    24.3345   11.70897 1.3842e+02 0.0000e+00
        348 205.510148    0.02410     1.4458     86.750      8.810  49686.991    31.6103     9.8215      8.727    6.47875     9.8157    24.3356   11.70961 1.3540e+02 0.0000e+00
        349 205.510150    0.02417     1.4500     87.000      9.011  49688.270    31.6107     9.8189      8.927    6.47909     9.8136    24.3364   11.71018 1.3246e+02 0.0000e+00
        350 205.510153    0.02424     1.4542     87.250      9.207  49688.821    31.6107     9.8167      9.121    6.47941     9.8115    24.3367   11.71069 1.2955e+02 0.0000e+00
        351 205.510156    0.02431     1.4583     87.500      9.403  49688.610    31.6102     9.8147      9.315    6.47972     9.8091    24.3367   11.71121 1.2662e+02 0.0000e+00
        352 205.510159    0.02438     1.4625     87.750      9.600  49687.828    31.6093     9.8126      9.510    6.48005     9.8063    24.3363   11.71178 1.2355e+02 0.0000e+00
        353 205.510162    0.02444     1.4667     88.000      9.796  49686.728    31.6082     9.8102      9.704    6.48044     9.8030    24.3357   11.71243 1.2033e+02 0.0000e+00
        354 205.510165    0.02451     1.4708     88.250      9.986  49685.929    31.6072     9.8074      9.892    6.48088     9.7995    24.3354   11.71318 1.1723e+02 0.0000e+00
        355 205.510168    0.02458     1.4750     88.500     10.166  49686.217    31.6069     9.8041     10.070    6.48136     9.7962    24.3357   11.71398 1.1455e+02 0.0000e+00
        356 205.510171    0.02465     1.4792     88.750     10.332  49687.743    31.6074     9.8006     10.235    6.48183     9.7934    24.3367   11.71475 1.1227e+02 0.0000e+00
        357 205.510174    0.02472     1.4833     89.000     10.487  49689.762    31.6084     9.7974     10.388    6.48226     9.7908    24.3380   11.71544 1.0994e+02 0.0000e+00
        358 205.510177    0.02479     1.4875     89.250     10.634  49691.274    31.6090     9.7945     10.535    6.48264     9.7883    24.3389   11.71606 1.0702e+02 0.0000e+00
        359 205.510179    0.02486     1.4917     89.500     10.783  49691.877    31.6090     9.7920     10.682    6.48300     9.7857    24.3394   11.71666 1.0337e+02 0.0000e+00
        360 205.510182    0.02493     1.4958     89.750     10.939  49691.726    31.6085     9.7895     10.837    6.48337     9.7827    24.3394   11.71728 9.9361e+01 0.0000e+00
        361 205.510185    0.02500     1.5000     90.000     11.107  49691.531    31.6080     9.7868     11.003    6.48377     9.7796    24.3394   11.71795 9.5485e+01 0.0000e+00
