CTD-processing/allCTD/CNV--turbid/2017_11-07_t9_s03_cast108.cnv
* Sea-Bird SBE19plus Data File:
* FileName = C:\Users\Kim.Powell\Desktop\Not Processed\2017\2017_11-07_AlongBay,T9_4141\2017_11-07_TRANSECT_STATION_cast108.hex
* Software Version 1.59
* Temperature SN =  4141
* Conductivity SN =  4141
* System UpLoad Time = Nov 09 2017 10:41:21
** 2017_11-07
** Station: 9-03
** Start Time: 15:11
** Depth (m): 96
** Comment: Edgecumbe
** Comment: CTD time 1 hr off for daylight savings time
# nquan = 16
# nvalues = 817                         
# units = specified
# name 0 = scan: Scan Count
# name 1 = timeJ: Julian Days
# name 2 = timeH: Time, Elapsed [hours]
# name 3 = timeM: Time, Elapsed [minutes]
# name 4 = timeS: Time, Elapsed [seconds]
# name 5 = prdM: Pressure, Strain Gauge [db]
# name 6 = specc: Specific Conductance [uS/cm]
# name 7 = sal00: Salinity, Practical [PSU]
# name 8 = tv290C: Temperature [ITS-90, deg C]
# name 9 = depSM: Depth [salt water, m], lat = 59.00
# name 10 = oxsolML/L: Oxygen Saturation, Garcia & Gordon [ml/l]
# name 11 = potemp090C: Potential Temperature [ITS-90, deg C]
# name 12 = sigma-é00: Density [sigma-theta, kg/m^3]
# name 13 = n2satML/L: Nitrogen Saturation [ml/l]
# name 14 = par: PAR/Irradiance, Biospherical/Licor
# name 15 = flag:  0.000e+00
# span 0 =          1,        817       
# span 1 = 311.674248, 311.676609       
# span 2 =    0.00000,    0.05667       
# span 3 =     0.0000,     3.4000       
# span 4 =      0.000,    204.000       
# span 5 =      0.716,     94.925       
# span 6 =  48232.412,  48916.255       
# span 7 =    30.3833,    30.9073       
# span 8 =     7.9800,     8.9474       
# span 9 =      0.710,     94.016       
# span 10 =    6.63717,    6.79862      
# span 11 =     7.9799,     8.9415      
# span 12 =    23.6070,    23.9305      
# span 13 =   11.98097,   12.25250      
# span 14 = 8.1221e-02, 3.0514e+02      
# span 15 = 0.0000e+00, 0.0000e+00      
# interval = seconds: 0.25
# start_time = Nov 07 2017 16:10:55 [Instrument's time stamp, header]
# bad_flag = -9.990e-29
*END*
[from data line 452]
        453 311.675556    0.03139     1.8833    113.000     18.724  48676.814    30.7643     8.8513     18.548    6.65562     8.8482    23.8259   12.01270 2.2081e+00 0.0000e+00
        454 311.675558    0.03146     1.8875    113.250     18.926  48676.535    30.7640     8.8508     18.748    6.65571     8.8478    23.8257   12.01286 2.1257e+00 0.0000e+00
        455 311.675561    0.03153     1.8917    113.500     19.134  48678.106    30.7649     8.8502     18.955    6.65577     8.8477    23.8266   12.01295 2.0636e+00 0.0000e+00
        456 311.675564    0.03160     1.8958    113.750     19.350  48680.376    30.7663     8.8497     19.168    6.65577     8.8482    23.8278   12.01293 2.0062e+00 0.0000e+00
        457 311.675567    0.03167     1.9000    114.000     19.570  48683.406    30.7683     8.8497     19.386    6.65569     8.8493    23.8294   12.01277 1.9586e+00 0.0000e+00
        458 311.675570    0.03174     1.9042    114.250     19.793  48687.467    30.7711     8.8502     19.607    6.65550     8.8510    23.8315   12.01242 1.9324e+00 0.0000e+00
        459 311.675573    0.03181     1.9083    114.500     20.013  48692.228    30.7745     8.8513     19.825    6.65519     8.8532    23.8340   12.01187 1.9391e+00 0.0000e+00
        460 311.675576    0.03188     1.9125    114.750     20.229  48696.183    30.7774     8.8530     20.039    6.65480     8.8555    23.8360   12.01119 1.9588e+00 0.0000e+00
        461 311.675579    0.03194     1.9167    115.000     20.440  48697.547    30.7786     8.8552     20.248    6.65442     8.8573    23.8366   12.01054 1.9728e+00 0.0000e+00
        462 311.675582    0.03201     1.9208    115.250     20.647  48696.757    30.7783     8.8575     20.453    6.65410     8.8587    23.8360   12.01001 1.9732e+00 0.0000e+00
        463 311.675584    0.03208     1.9250    115.500     20.853  48695.627    30.7777     8.8594     20.657    6.65384     8.8597    23.8352   12.00959 1.9442e+00 0.0000e+00
        464 311.675587    0.03215     1.9292    115.750     21.062  48695.004    30.7774     8.8608     20.864    6.65364     8.8605    23.8348   12.00927 1.8817e+00 0.0000e+00
        465 311.675590    0.03222     1.9333    116.000     21.276  48695.290    30.7776     8.8618     21.077    6.65348     8.8614    23.8348   12.00900 1.7746e+00 0.0000e+00
        466 311.675593    0.03229     1.9375    116.250     21.496  48697.150    30.7789     8.8627     21.295    6.65330     8.8625    23.8357   12.00869 1.6373e+00 0.0000e+00
        467 311.675596    0.03236     1.9417    116.500     21.720  48700.263    30.7811     8.8636     21.516    6.65308     8.8639    23.8373   12.00829 1.4868e+00 0.0000e+00
        468 311.675599    0.03243     1.9458    116.750     21.945  48702.773    30.7829     8.8647     21.739    6.65282     8.8653    23.8386   12.00785 1.3277e+00 0.0000e+00
        469 311.675602    0.03250     1.9500    117.000     22.168  48703.453    30.7835     8.8661     21.959    6.65259     8.8665    23.8389   12.00745 1.1923e+00 0.0000e+00
        470 311.675605    0.03257     1.9542    117.250     22.386  48703.414    30.7836     8.8675     22.176    6.65238     8.8676    23.8387   12.00710 1.0925e+00 0.0000e+00
        471 311.675608    0.03264     1.9583    117.500     22.601  48704.592    30.7845     8.8687     22.389    6.65216     8.8691    23.8392   12.00673 1.0176e+00 0.0000e+00
        472 311.675611    0.03271     1.9625    117.750     22.815  48708.128    30.7871     8.8699     22.600    6.65188     8.8711    23.8410   12.00623 9.5891e-01 0.0000e+00
        473 311.675613    0.03278     1.9667    118.000     23.028  48713.744    30.7911     8.8713     22.812    6.65148     8.8739    23.8440   12.00553 8.9955e-01 0.0000e+00
        474 311.675616    0.03285     1.9708    118.250     23.244  48719.652    30.7955     8.8734     23.025    6.65098     8.8769    23.8471   12.00465 8.1848e-01 0.0000e+00
        475 311.675619    0.03292     1.9750    118.500     23.463  48724.069    30.7988     8.8762     23.242    6.65043     8.8799    23.8493   12.00369 7.1943e-01 0.0000e+00
        476 311.675622    0.03299     1.9792    118.750     23.685  48727.054    30.8013     8.8793     23.462    6.64987     8.8827    23.8508   12.00273 6.3677e-01 0.0000e+00
        477 311.675625    0.03306     1.9833    119.000     23.908  48729.683    30.8034     8.8823     23.683    6.64932     8.8851    23.8520   12.00180 5.8315e-01 0.0000e+00
        478 311.675628    0.03313     1.9875    119.250     24.131  48731.856    30.8053     8.8851     23.904    6.64883     8.8871    23.8530   12.00097 5.4723e-01 0.0000e+00
        479 311.675631    0.03319     1.9917    119.500     24.350  48732.922    30.8063     8.8875     24.121    6.64843     8.8886    23.8534   12.00028 5.2247e-01 0.0000e+00
        480 311.675634    0.03326     1.9958    119.750     24.565  48732.877    30.8064     8.8896     24.334    6.64813     8.8896    23.8532   11.99978 5.0492e-01 0.0000e+00
        481 311.675637    0.03333     2.0000    120.000     24.776  48731.930    30.8059     8.8911     24.543    6.64792     8.8901    23.8526   11.99945 4.9167e-01 0.0000e+00
        482 311.675639    0.03340     2.0042    120.250     24.986  48730.605    30.8050     8.8921     24.751    6.64781     8.8901    23.8518   11.99927 4.8083e-01 0.0000e+00
        483 311.675642    0.03347     2.0083    120.500     25.199  48729.641    30.8043     8.8926     24.962    6.64776     8.8900    23.8511   11.99920 4.7136e-01 0.0000e+00
        484 311.675645    0.03354     2.0125    120.750     25.417  48729.210    30.8039     8.8927     25.178    6.64776     8.8898    23.8508   11.99921 4.6292e-01 0.0000e+00
        485 311.675648    0.03361     2.0167    121.000     25.638  48729.037    30.8037     8.8926     25.397    6.64779     8.8895    23.8507   11.99925 4.5527e-01 0.0000e+00
        486 311.675651    0.03368     2.0208    121.250     25.859  48728.983    30.8035     8.8924     25.616    6.64783     8.8893    23.8506   11.99932 4.4864e-01 0.0000e+00
        487 311.675654    0.03375     2.0250    121.500     26.078  48729.016    30.8034     8.8922     25.833    6.64787     8.8891    23.8505   11.99939 4.4403e-01 0.0000e+00
        488 311.675657    0.03382     2.0292    121.750     26.293  48729.000    30.8033     8.8920     26.045    6.64791     8.8889    23.8505   11.99945 4.4124e-01 0.0000e+00
        489 311.675660    0.03389     2.0333    122.000     26.506  48728.919    30.8031     8.8918     26.256    6.64794     8.8888    23.8504   11.99951 4.3881e-01 0.0000e+00
        490 311.675663    0.03396     2.0375    122.250     26.720  48728.797    30.8029     8.8916     26.469    6.64797     8.8886    23.8502   11.99957 4.3708e-01 0.0000e+00
        491 311.675666    0.03403     2.0417    122.500     26.938  48728.519    30.8026     8.8915     26.685    6.64800     8.8884    23.8500   11.99962 4.3784e-01 0.0000e+00
        492 311.675668    0.03410     2.0458    122.750     27.161  48728.052    30.8022     8.8914     26.905    6.64804     8.8881    23.8497   11.99970 4.4182e-01 0.0000e+00
        493 311.675671    0.03417     2.0500    123.000     27.386  48727.339    30.8015     8.8912     27.128    6.64810     8.8876    23.8492   11.99980 4.4931e-01 0.0000e+00
        494 311.675674    0.03424     2.0542    123.250     27.610  48726.043    30.8005     8.8909     27.350    6.64819     8.8870    23.8485   11.99996 4.6240e-01 0.0000e+00
        495 311.675677    0.03431     2.0583    123.500     27.832  48724.359    30.7992     8.8904     27.570    6.64831     8.8862    23.8475   12.00017 4.8637e-01 0.0000e+00
        496 311.675680    0.03438     2.0625    123.750     28.052  48723.333    30.7983     8.8898     27.788    6.64843     8.8856    23.8469   12.00039 5.2729e-01 0.0000e+00
        497 311.675683    0.03444     2.0667    124.000     28.272  48723.464    30.7982     8.8891     28.006    6.64854     8.8851    23.8469   12.00058 5.9568e-01 0.0000e+00
        498 311.675686    0.03451     2.0708    124.250     28.494  48724.492    30.7987     8.8885     28.225    6.64862     8.8848    23.8474   12.00069 6.7971e-01 0.0000e+00
        499 311.675689    0.03458     2.0750    124.500     28.718  48725.895    30.7995     8.8880     28.447    6.64865     8.8848    23.8482   12.00074 7.3874e-01 0.0000e+00
        500 311.675692    0.03465     2.0792    124.750     28.943  48726.826    30.8000     8.8878     28.670    6.64866     8.8847    23.8486   12.00075 7.5344e-01 0.0000e+00
        501 311.675694    0.03472     2.0833    125.000     29.166  48726.711    30.7999     8.8877     28.891    6.64868     8.8846    23.8485   12.00078 7.2583e-01 0.0000e+00
        502 311.675697    0.03479     2.0875    125.250     29.388  48725.921    30.7992     8.8877     29.111    6.64871     8.8844    23.8480   12.00084 6.7553e-01 0.0000e+00
        503 311.675700    0.03486     2.0917    125.500     29.607  48725.340    30.7987     8.8876     29.328    6.64875     8.8841    23.8476   12.00091 6.3326e-01 0.0000e+00
        504 311.675703    0.03493     2.0958    125.750     29.826  48725.250    30.7985     8.8874     29.545    6.64879     8.8839    23.8475   12.00098 6.0454e-01 0.0000e+00
        505 311.675706    0.03500     2.1000    126.000     30.044  48725.374    30.7985     8.8872     29.761    6.64882     8.8838    23.8475   12.00104 5.8075e-01 0.0000e+00
        506 311.675709    0.03507     2.1042    126.250     30.264  48725.657    30.7986     8.8870     29.979    6.64885     8.8837    23.8476   12.00107 5.6418e-01 0.0000e+00
        507 311.675712    0.03514     2.1083    126.500     30.486  48726.009    30.7987     8.8869     30.199    6.64886     8.8835    23.8477   12.00109 5.5874e-01 0.0000e+00
        508 311.675715    0.03521     2.1125    126.750     30.707  48725.981    30.7985     8.8867     30.418    6.64888     8.8832    23.8476   12.00112 5.5571e-01 0.0000e+00
        509 311.675718    0.03528     2.1167    127.000     30.928  48725.818    30.7983     8.8866     30.636    6.64891     8.8829    23.8475   12.00118 5.4643e-01 0.0000e+00
        510 311.675720    0.03535     2.1208    127.250     31.147  48726.594    30.7987     8.8863     30.853    6.64893     8.8828    23.8478   12.00121 5.3153e-01 0.0000e+00
        511 311.675723    0.03542     2.1250    127.500     31.364  48728.668    30.8000     8.8861     31.068    6.64891     8.8829    23.8489   12.00116 5.1405e-01 0.0000e+00
        512 311.675726    0.03549     2.1292    127.750     31.580  48732.086    30.8023     8.8859     31.283    6.64883     8.8834    23.8507   12.00100 4.9331e-01 0.0000e+00
        513 311.675729    0.03556     2.1333    128.000     31.796  48737.945    30.8063     8.8860     31.496    6.64864     8.8844    23.8539   12.00064 4.6479e-01 0.0000e+00
        514 311.675732    0.03562     2.1375    128.250     32.010  48745.765    30.8118     8.8866     31.708    6.64833     8.8860    23.8581   12.00006 4.2619e-01 0.0000e+00
        515 311.675735    0.03569     2.1417    128.500     32.222  48752.671    30.8167     8.8877     31.918    6.64796     8.8879    23.8617   11.99938 3.8660e-01 0.0000e+00
        516 311.675738    0.03576     2.1458    128.750     32.435  48757.055    30.8199     8.8893     32.130    6.64759     8.8897    23.8640   11.99872 3.6230e-01 0.0000e+00
        517 311.675741    0.03583     2.1500    129.000     32.652  48758.857    30.8214     8.8912     32.345    6.64724     8.8913    23.8648   11.99813 3.5486e-01 0.0000e+00
        518 311.675744    0.03590     2.1542    129.250     32.874  48759.066    30.8217     8.8931     32.564    6.64695     8.8926    23.8648   11.99764 3.5042e-01 0.0000e+00
        519 311.675747    0.03597     2.1583    129.500     33.099  48759.119    30.8218     8.8947     32.787    6.64670     8.8937    23.8647   11.99723 3.4127e-01 0.0000e+00
        520 311.675749    0.03604     2.1625    129.750     33.327  48759.437    30.8222     8.8960     33.012    6.64649     8.8948    23.8647   11.99689 3.3117e-01 0.0000e+00
        521 311.675752    0.03611     2.1667    130.000     33.551  48760.066    30.8227     8.8971     33.234    6.64630     8.8959    23.8650   11.99657 3.2451e-01 0.0000e+00
        522 311.675755    0.03618     2.1708    130.250     33.768  48760.897    30.8233     8.8982     33.449    6.64612     8.8970    23.8653   11.99625 3.2092e-01 0.0000e+00
        523 311.675758    0.03625     2.1750    130.500     33.977  48761.796    30.8240     8.8993     33.656    6.64592     8.8984    23.8657   11.99592 3.1397e-01 0.0000e+00
        524 311.675761    0.03632     2.1792    130.750     34.178  48763.111    30.8250     8.9005     33.856    6.64570     8.9001    23.8663   11.99554 2.9918e-01 0.0000e+00
        525 311.675764    0.03639     2.1833    131.000     34.377  48764.986    30.8264     8.9019     34.053    6.64543     8.9020    23.8672   11.99508 2.8148e-01 0.0000e+00
        526 311.675767    0.03646     2.1875    131.250     34.578  48766.725    30.8278     8.9036     34.252    6.64512     8.9042    23.8680   11.99455 2.6620e-01 0.0000e+00
        527 311.675770    0.03653     2.1917    131.500     34.787  48768.077    30.8289     8.9056     34.460    6.64478     8.9064    23.8686   11.99396 2.5367e-01 0.0000e+00
        528 311.675773    0.03660     2.1958    131.750     35.006  48769.659    30.8302     8.9077     34.676    6.64440     8.9088    23.8693   11.99332 2.4268e-01 0.0000e+00
        529 311.675775    0.03667     2.2000    132.000     35.229  48771.289    30.8316     8.9100     34.897    6.64401     8.9111    23.8700   11.99265 2.3286e-01 0.0000e+00
        530 311.675778    0.03674     2.2042    132.250     35.453  48772.164    30.8324     8.9124     35.119    6.64362     8.9132    23.8704   11.99200 2.2254e-01 0.0000e+00
        531 311.675781    0.03681     2.2083    132.500     35.672  48772.069    30.8326     8.9147     35.335    6.64326     8.9148    23.8701   11.99141 2.1112e-01 0.0000e+00
        532 311.675784    0.03687     2.2125    132.750     35.883  48771.377    30.8323     8.9168     35.545    6.64297     8.9161    23.8696   11.99093 2.0217e-01 0.0000e+00
        533 311.675787    0.03694     2.2167    133.000     36.089  48770.525    30.8319     8.9184     35.749    6.64274     8.9171    23.8690   11.99055 1.9685e-01 0.0000e+00
        534 311.675790    0.03701     2.2208    133.250     36.294  48769.851    30.8315     8.9197     35.951    6.64257     8.9178    23.8685   11.99027 1.9359e-01 0.0000e+00
        535 311.675793    0.03708     2.2250    133.500     36.500  48769.525    30.8313     8.9207     36.156    6.64243     8.9184    23.8682   11.99005 1.9088e-01 0.0000e+00
        536 311.675796    0.03715     2.2292    133.750     36.711  48769.485    30.8313     8.9215     36.365    6.64232     8.9189    23.8681   11.98987 1.8725e-01 0.0000e+00
        537 311.675799    0.03722     2.2333    134.000     36.926  48769.780    30.8315     8.9221     36.578    6.64222     8.9194    23.8682   11.98970 1.8295e-01 0.0000e+00
        538 311.675802    0.03729     2.2375    134.250     37.143  48770.478    30.8320     8.9226     36.792    6.64212     8.9200    23.8685   11.98953 1.7807e-01 0.0000e+00
        539 311.675804    0.03736     2.2417    134.500     37.357  48771.522    30.8327     8.9232     37.004    6.64201     8.9207    23.8690   11.98933 1.7295e-01 0.0000e+00
        540 311.675807    0.03743     2.2458    134.750     37.568  48772.581    30.8334     8.9238     37.213    6.64188     8.9215    23.8695   11.98911 1.6964e-01 0.0000e+00
        541 311.675810    0.03750     2.2500    135.000     37.778  48773.165    30.8339     8.9245     37.421    6.64175     8.9222    23.8697   11.98890 1.6871e-01 0.0000e+00
        542 311.675813    0.03757     2.2542    135.250     37.990  48773.341    30.8340     8.9253     37.631    6.64163     8.9229    23.8697   11.98869 1.6883e-01 0.0000e+00
