CTD-processing/allCTD/CNV--turbid/2017_02-07_t9_s03_cast033.cnv
* Sea-Bird SBE19plus Data File:
* FileName = C:\Users\jwschloemer\Documents\CTD Data\2017_02_07_T9\2017_02_07_T9_cast033.hex
* Software Version 1.59
* Temperature SN =  4141
* Conductivity SN =  4141
* System UpLoad Time = Mar 06 2017 11:20:35
** Cook Inlet LTM Homer Along Bay
** Date: 2017-01-11
** Station:03
** Start Time (AKST):11:53
** Depth (m):95
** Comment: R/V Edgecumbe
# nquan = 16
# nvalues = 719                         
# units = specified
# name 0 = scan: Scan Count
# name 1 = timeJ: Julian Days
# name 2 = timeH: Time, Elapsed [hours]
# name 3 = timeM: Time, Elapsed [minutes]
# name 4 = timeS: Time, Elapsed [seconds]
# name 5 = prdM: Pressure, Strain Gauge [db]
# name 6 = specc: Specific Conductance [uS/cm]
# name 7 = sal00: Salinity, Practical [PSU]
# name 8 = tv290C: Temperature [ITS-90, deg C]
# name 9 = depSM: Depth [salt water, m], lat = 59.00
# name 10 = oxsolML/L: Oxygen Saturation, Garcia & Gordon [ml/l]
# name 11 = potemp090C: Potential Temperature [ITS-90, deg C]
# name 12 = sigma-é00: Density [sigma-theta, kg/m^3]
# name 13 = n2satML/L: Nitrogen Saturation [ml/l]
# name 14 = par: PAR/Irradiance, Biospherical/Licor
# name 15 = flag:  0.000e+00
# span 0 =          1,        719       
# span 1 =  38.495799,  38.497876       
# span 2 =    0.00000,    0.04986       
# span 3 =     0.0000,     2.9917       
# span 4 =      0.000,    179.500       
# span 5 =      0.432,     94.127       
# span 6 =  47360.435,  51319.204       
# span 7 =    28.9091,    31.6885       
# span 8 =     3.4614,     4.6146       
# span 9 =      0.428,     93.226       
# span 10 =    7.29914,    7.64333      
# span 11 =     3.4614,     4.6081      
# span 12 =    22.9879,    25.1264      
# span 13 =   13.06499,   13.67040      
# span 14 = 3.6382e-02, 8.1201e+01      
# span 15 = 0.0000e+00, 0.0000e+00      
# interval = seconds: 0.25
# start_time = Feb 07 2017 11:53:57 [Instrument's time stamp, header]
# bad_flag = -9.990e-29
*END*
          1  38.495799    0.00000     0.0000      0.000      0.432  47360.435    28.9091     3.4989      0.428    7.64333     3.4614    22.9879   13.67040 8.1201e+01 0.0000e+00
          2  38.495802    0.00007     0.0042      0.250      0.555  48586.513    29.7288     3.4765      0.550    7.60519     3.4630    23.6419   13.59640 6.8354e+01 0.0000e+00
          3  38.495804    0.00014     0.0083      0.500      0.690  49591.030    30.4012     3.4614      0.684    7.57329     3.4783    24.1782   13.53469 5.8514e+01 0.0000e+00
          4  38.495807    0.00021     0.0125      0.750      0.806  50192.392    30.8064     3.4631      0.798    7.55208     3.4971    24.5005   13.49423 5.5546e+01 0.0000e+00
          5  38.495810    0.00028     0.0167      1.000      0.880  50526.278    31.0348     3.4783      0.872    7.53746     3.5131    24.6808   13.46701 5.7668e+01 0.0000e+00
          6  38.495813    0.00035     0.0208      1.250      0.915  50714.758    31.1662     3.4972      0.906    7.52718     3.5269    24.7837   13.44827 6.1321e+01 0.0000e+00
          7  38.495816    0.00042     0.0250      1.500      0.921  50835.810    31.2517     3.5132      0.912    7.51981     3.5412    24.8502   13.43495 6.4417e+01 0.0000e+00
          8  38.495819    0.00049     0.0292      1.750      0.915  50922.238    31.3133     3.5270      0.907    7.51407     3.5565    24.8981   13.42466 6.6357e+01 0.0000e+00
          9  38.495822    0.00056     0.0333      2.000      0.910  50983.014    31.3579     3.5412      0.902    7.50915     3.5726    24.9322   13.41595 6.7083e+01 0.0000e+00
         10  38.495825    0.00063     0.0375      2.250      0.914  51020.747    31.3871     3.5566      0.905    7.50481     3.5889    24.9542   13.40839 6.6985e+01 0.0000e+00
         11  38.495828    0.00069     0.0417      2.500      0.925  51044.978    31.4075     3.5727      0.916    7.50080     3.6050    24.9689   13.40151 6.6553e+01 0.0000e+00
         12  38.495830    0.00076     0.0458      2.750      0.940  51061.916    31.4229     3.5890      0.931    7.49700     3.6202    24.9797   13.39503 6.6053e+01 0.0000e+00
         13  38.495833    0.00083     0.0500      3.000      0.949  51069.955    31.4323     3.6050      0.940    7.49356     3.6339    24.9858   13.38922 6.5818e+01 0.0000e+00
         14  38.495836    0.00090     0.0542      3.250      0.947  51070.592    31.4365     3.6202      0.938    7.49055     3.6461    24.9877   13.38421 6.6018e+01 0.0000e+00
         15  38.495839    0.00097     0.0583      3.500      0.933  51068.762    31.4386     3.6340      0.925    7.48791     3.6565    24.9882   13.37982 6.6348e+01 0.0000e+00
         16  38.495842    0.00104     0.0625      3.750      0.913  51066.540    31.4401     3.6462      0.905    7.48559     3.6643    24.9883   13.37597 6.6337e+01 0.0000e+00
         17  38.495845    0.00111     0.0667      4.000      0.896  51062.163    31.4397     3.6565      0.888    7.48371     3.6690    24.9870   13.37286 6.5747e+01 0.0000e+00
         18  38.495848    0.00118     0.0708      4.250      0.889  51054.907    31.4367     3.6643      0.881    7.48243     3.6713    24.9839   13.37079 6.4763e+01 0.0000e+00
         19  38.495851    0.00125     0.0750      4.500      0.894  51047.511    31.4328     3.6691      0.886    7.48174     3.6721    24.9804   13.36971 6.3751e+01 0.0000e+00
         20  38.495854    0.00132     0.0792      4.750      0.908  51042.414    31.4299     3.6714      0.899    7.48147     3.6725    24.9778   13.36931 6.3049e+01 0.0000e+00
         21  38.495856    0.00139     0.0833      5.000      0.922  51040.301    31.4287     3.6722      0.913    7.48138     3.6727    24.9768   13.36917 6.2795e+01 0.0000e+00
         22  38.495859    0.00146     0.0875      5.250      0.929  51040.800    31.4291     3.6726      0.921    7.48130     3.6727    24.9771   13.36902 6.2965e+01 0.0000e+00
         23  38.495862    0.00153     0.0917      5.500      0.927  51042.513    31.4303     3.6728      0.918    7.48119     3.6715    24.9781   13.36883 6.3527e+01 0.0000e+00
         24  38.495865    0.00160     0.0958      5.750      0.916  51043.374    31.4309     3.6727      0.907    7.48118     3.6685    24.9785   13.36880 6.4092e+01 0.0000e+00
         25  38.495868    0.00167     0.1000      6.000      0.902  51041.574    31.4294     3.6716      0.894    7.48146     3.6634    24.9775   13.36928 6.4177e+01 0.0000e+00
         26  38.495871    0.00174     0.1042      6.250      0.894  51037.605    31.4260     3.6686      0.886    7.48218     3.6567    24.9750   13.37052 6.3749e+01 0.0000e+00
         27  38.495874    0.00181     0.1083      6.500      0.895  51034.310    31.4225     3.6635      0.886    7.48331     3.6499    24.9727   13.37243 6.3015e+01 0.0000e+00
         28  38.495877    0.00187     0.1125      6.750      0.904  51034.146    31.4207     3.6568      0.895    7.48463     3.6442    24.9719   13.37463 6.2304e+01 0.0000e+00
         29  38.495880    0.00194     0.1167      7.000      0.918  51037.651    31.4214     3.6499      0.909    7.48585     3.6401    24.9730   13.37663 6.1968e+01 0.0000e+00
         30  38.495883    0.00201     0.1208      7.250      0.928  51043.525    31.4240     3.6443      0.919    7.48676     3.6373    24.9756   13.37810 6.2098e+01 0.0000e+00
         31  38.495885    0.00208     0.1250      7.500      0.932  51049.739    31.4272     3.6402      0.923    7.48735     3.6353    24.9785   13.37903 6.2574e+01 0.0000e+00
         32  38.495888    0.00215     0.1292      7.750      0.928  51054.886    31.4301     3.6374      0.919    7.48771     3.6330    24.9810   13.37960 6.3094e+01 0.0000e+00
         33  38.495891    0.00222     0.1333      8.000      0.922  51057.734    31.4315     3.6354      0.913    7.48802     3.6296    24.9824   13.38008 6.3273e+01 0.0000e+00
         34  38.495894    0.00229     0.1375      8.250      0.918  51057.061    31.4305     3.6331      0.909    7.48848     3.6247    24.9818   13.38086 6.3047e+01 0.0000e+00
         35  38.495897    0.00236     0.1417      8.500      0.921  51053.898    31.4275     3.6297      0.912    7.48927     3.6194    24.9797   13.38220 6.2517e+01 0.0000e+00
         36  38.495900    0.00243     0.1458      8.750      0.930  51051.589    31.4247     3.6248      0.921    7.49031     3.6151    24.9779   13.38396 6.1748e+01 0.0000e+00
         37  38.495903    0.00250     0.1500      9.000      0.943  51052.300    31.4239     3.6195      0.934    7.49133     3.6126    24.9777   13.38564 6.1064e+01 0.0000e+00
         38  38.495906    0.00257     0.1542      9.250      0.954  51055.797    31.4252     3.6152      0.945    7.49205     3.6120    24.9792   13.38682 6.0900e+01 0.0000e+00
         39  38.495909    0.00264     0.1583      9.500      0.960  51060.918    31.4280     3.6127      0.951    7.49236     3.6123    24.9817   13.38729 6.1326e+01 0.0000e+00
         40  38.495911    0.00271     0.1625      9.750      0.962  51066.151    31.4314     3.6120      0.953    7.49231     3.6126    24.9845   13.38717 6.2023e+01 0.0000e+00
         41  38.495914    0.00278     0.1667     10.000      0.959  51069.897    31.4340     3.6124      0.950    7.49211     3.6116    24.9865   13.38680 6.2551e+01 0.0000e+00
         42  38.495917    0.00285     0.1708     10.250      0.957  51071.098    31.4349     3.6127      0.948    7.49202     3.6083    24.9872   13.38663 6.2589e+01 0.0000e+00
         43  38.495920    0.00292     0.1750     10.500      0.956  51069.544    31.4336     3.6116      0.947    7.49228     3.6027    24.9863   13.38708 6.2078e+01 0.0000e+00
         44  38.495923    0.00299     0.1792     10.750      0.959  51066.341    31.4306     3.6083      0.950    7.49304     3.5960    24.9842   13.38837 6.1182e+01 0.0000e+00
         45  38.495926    0.00306     0.1833     11.000      0.964  51063.668    31.4275     3.6028      0.955    7.49421     3.5892    24.9821   13.39035 6.0329e+01 0.0000e+00
         46  38.495929    0.00313     0.1875     11.250      0.971  51063.214    31.4255     3.5961      0.962    7.49555     3.5831    24.9811   13.39260 5.9983e+01 0.0000e+00
         47  38.495932    0.00319     0.1917     11.500      0.976  51065.116    31.4251     3.5893      0.967    7.49683     3.5784    24.9814   13.39471 6.0210e+01 0.0000e+00
         48  38.495935    0.00326     0.1958     11.750      0.978  51068.504    31.4259     3.5832      0.969    7.49790     3.5750    24.9826   13.39646 6.0709e+01 0.0000e+00
         49  38.495937    0.00333     0.2000     12.000      0.976  51072.431    31.4274     3.5785      0.967    7.49871     3.5726    24.9843   13.39777 6.1122e+01 0.0000e+00
         50  38.495940    0.00340     0.2042     12.250      0.972  51076.210    31.4291     3.5751      0.963    7.49925     3.5708    24.9860   13.39864 6.1294e+01 0.0000e+00
         51  38.495943    0.00347     0.2083     12.500      0.967  51079.343    31.4307     3.5727      0.958    7.49960     3.5690    24.9874   13.39920 6.1175e+01 0.0000e+00
         52  38.495946    0.00354     0.2125     12.750      0.965  51081.492    31.4317     3.5709      0.956    7.49988     3.5668    24.9883   13.39966 6.0619e+01 0.0000e+00
         53  38.495949    0.00361     0.2167     13.000      0.967  51082.767    31.4321     3.5690      0.958    7.50020     3.5642    24.9888   13.40018 5.9667e+01 0.0000e+00
         54  38.495952    0.00368     0.2208     13.250      0.971  51083.671    31.4321     3.5668      0.962    7.50061     3.5615    24.9891   13.40085 5.8746e+01 0.0000e+00
         55  38.495955    0.00375     0.2250     13.500      0.975  51084.659    31.4322     3.5642      0.966    7.50108     3.5589    24.9893   13.40163 5.8325e+01 0.0000e+00
         56  38.495958    0.00382     0.2292     13.750      0.978  51085.856    31.4323     3.5616      0.969    7.50157     3.5566    24.9897   13.40243 5.8663e+01 0.0000e+00
         57  38.495961    0.00389     0.2333     14.000      0.977  51087.121    31.4326     3.5590      0.968    7.50203     3.5545    24.9901   13.40320 5.9596e+01 0.0000e+00
         58  38.495964    0.00396     0.2375     14.250      0.972  51088.277    31.4328     3.5566      0.963    7.50246     3.5526    24.9905   13.40390 6.0476e+01 0.0000e+00
         59  38.495966    0.00403     0.2417     14.500      0.966  51089.162    31.4328     3.5545      0.957    7.50284     3.5508    24.9907   13.40453 6.0766e+01 0.0000e+00
         60  38.495969    0.00410     0.2458     14.750      0.964  51089.733    31.4327     3.5526      0.955    7.50319     3.5491    24.9908   13.40511 6.0444e+01 0.0000e+00
         61  38.495972    0.00417     0.2500     15.000      0.967  51090.144    31.4326     3.5508      0.958    7.50353     3.5475    24.9909   13.40567 5.9791e+01 0.0000e+00
         62  38.495975    0.00424     0.2542     15.250      0.974  51090.579    31.4325     3.5491      0.965    7.50385     3.5461    24.9909   13.40620 5.9122e+01 0.0000e+00
         63  38.495978    0.00431     0.2583     15.500      0.981  51091.062    31.4324     3.5475      0.972    7.50415     3.5449    24.9910   13.40670 5.8738e+01 0.0000e+00
         64  38.495981    0.00438     0.2625     15.750      0.985  51091.469    31.4323     3.5461      0.976    7.50442     3.5438    24.9911   13.40713 5.8877e+01 0.0000e+00
         65  38.495984    0.00444     0.2667     16.000      0.984  51091.837    31.4323     3.5449      0.975    7.50464     3.5426    24.9911   13.40750 5.9490e+01 0.0000e+00
         66  38.495987    0.00451     0.2708     16.250      0.979  51092.362    31.4323     3.5438      0.970    7.50484     3.5412    24.9913   13.40783 6.0211e+01 0.0000e+00
         67  38.495990    0.00458     0.2750     16.500      0.973  51092.992    31.4325     3.5426      0.964    7.50506     3.5399    24.9915   13.40819 6.0668e+01 0.0000e+00
         68  38.495992    0.00465     0.2792     16.750      0.970  51093.488    31.4325     3.5413      0.961    7.50531     3.5389    24.9916   13.40860 6.0615e+01 0.0000e+00
         69  38.495995    0.00472     0.2833     17.000      0.969  51093.686    31.4323     3.5400      0.960    7.50556     3.5383    24.9916   13.40902 6.0060e+01 0.0000e+00
         70  38.495998    0.00479     0.2875     17.250      0.971  51093.448    31.4319     3.5389      0.962    7.50577     3.5380    24.9913   13.40937 5.9261e+01 0.0000e+00
         71  38.496001    0.00486     0.2917     17.500      0.974  51092.712    31.4312     3.5383      0.965    7.50592     3.5381    24.9909   13.40962 5.8475e+01 0.0000e+00
         72  38.496004    0.00493     0.2958     17.750      0.977  51091.557    31.4304     3.5381      0.968    7.50600     3.5383    24.9902   13.40978 5.7973e+01 0.0000e+00
         73  38.496007    0.00500     0.3000     18.000      0.978  51090.084    31.4294     3.5381      0.969    7.50605     3.5386    24.9894   13.40986 5.8009e+01 0.0000e+00
         74  38.496010    0.00507     0.3042     18.250      0.977  51088.349    31.4283     3.5383      0.968    7.50607     3.5390    24.9885   13.40991 5.8441e+01 0.0000e+00
         75  38.496013    0.00514     0.3083     18.500      0.973  51086.415    31.4271     3.5387      0.964    7.50606     3.5395    24.9875   13.40992 5.8863e+01 0.0000e+00
         76  38.496016    0.00521     0.3125     18.750      0.969  51084.412    31.4258     3.5391      0.960    7.50605     3.5399    24.9865   13.40991 5.9049e+01 0.0000e+00
         77  38.496019    0.00528     0.3167     19.000      0.966  51082.569    31.4247     3.5395      0.957    7.50602     3.5403    24.9855   13.40988 5.8794e+01 0.0000e+00
         78  38.496021    0.00535     0.3208     19.250      0.966  51081.118    31.4238     3.5400      0.957    7.50598     3.5406    24.9848   13.40983 5.7954e+01 0.0000e+00
         79  38.496024    0.00542     0.3250     19.500      0.970  51080.029    31.4231     3.5404      0.961    7.50594     3.5408    24.9842   13.40978 5.6862e+01 0.0000e+00
         80  38.496027    0.00549     0.3292     19.750      0.977  51078.944    31.4225     3.5407      0.968    7.50592     3.5410    24.9837   13.40975 5.6112e+01 0.0000e+00
         81  38.496030    0.00556     0.3333     20.000      0.984  51077.488    31.4215     3.5409      0.975    7.50593     3.5410    24.9829   13.40978 5.6069e+01 0.0000e+00
         82  38.496033    0.00562     0.3375     20.250      0.986  51075.584    31.4203     3.5410      0.977    7.50598     3.5410    24.9819   13.40987 5.6696e+01 0.0000e+00
         83  38.496036    0.00569     0.3417     20.500      0.983  51073.593    31.4189     3.5411      0.974    7.50603     3.5410    24.9808   13.40998 5.7657e+01 0.0000e+00
         84  38.496039    0.00576     0.3458     20.750      0.975  51072.112    31.4179     3.5411      0.966    7.50608     3.5408    24.9800   13.41007 5.8363e+01 0.0000e+00
         85  38.496042    0.00583     0.3500     21.000      0.967  51071.482    31.4175     3.5410      0.958    7.50612     3.5407    24.9797   13.41014 5.8216e+01 0.0000e+00
         86  38.496045    0.00590     0.3542     21.250      0.963  51071.628    31.4176     3.5409      0.954    7.50613     3.5406    24.9798   13.41016 5.7232e+01 0.0000e+00
         87  38.496047    0.00597     0.3583     21.500      0.965  51072.172    31.4179     3.5408      0.956    7.50613     3.5406    24.9801   13.41016 5.5959e+01 0.0000e+00
         88  38.496050    0.00604     0.3625     21.750      0.970  51072.566    31.4182     3.5407      0.961    7.50614     3.5405    24.9803   13.41016 5.4915e+01 0.0000e+00
         89  38.496053    0.00611     0.3667     22.000      0.976  51072.384    31.4180     3.5407      0.967    7.50616     3.5405    24.9801   13.41020 5.4460e+01 0.0000e+00
         90  38.496056    0.00618     0.3708     22.250      0.980  51071.549    31.4174     3.5406      0.971    7.50620     3.5405    24.9797   13.41028 5.4738e+01 0.0000e+00
