CTD-processing/allCTD/CNV--turbid/2017_12-14_t9_s04south_cast123.cnv
* Sea-Bird SBE19plus Data File:
* FileName = C:\Users\Kim.Powell\Desktop\Not Processed\2017\2017_12-XX_4141\2017_12-14_TANSECT_STATION_cast123.hex
* Software Version 1.59
* Temperature SN =  4141
* Conductivity SN =  4141
* System UpLoad Time = Dec 18 2017 08:18:46
** 2017_12-14
** Station: 9-04south
** Start Time: 11:48
** Depth (m):97.5
** Comment: This cast was done on the other side of a convergence
** Comment:**CTD recorded date as April 18
# nquan = 16
# nvalues = 716                         
# units = specified
# name 0 = scan: Scan Count
# name 1 = timeJ: Julian Days
# name 2 = timeH: Time, Elapsed [hours]
# name 3 = timeM: Time, Elapsed [minutes]
# name 4 = timeS: Time, Elapsed [seconds]
# name 5 = prdM: Pressure, Strain Gauge [db]
# name 6 = specc: Specific Conductance [uS/cm]
# name 7 = sal00: Salinity, Practical [PSU]
# name 8 = tv290C: Temperature [ITS-90, deg C]
# name 9 = depSM: Depth [salt water, m], lat = 59.00
# name 10 = oxsolML/L: Oxygen Saturation, Garcia & Gordon [ml/l]
# name 11 = potemp090C: Potential Temperature [ITS-90, deg C]
# name 12 = sigma-é00: Density [sigma-theta, kg/m^3]
# name 13 = n2satML/L: Nitrogen Saturation [ml/l]
# name 14 = par: PAR/Irradiance, Biospherical/Licor
# name 15 = flag:  0.000e+00
# span 0 =          1,        716       
# span 1 = 108.492130, 108.494198       
# span 2 =    0.00000,    0.04965       
# span 3 =     0.0000,     2.9792       
# span 4 =      0.000,    178.750       
# span 5 =     -0.149,     87.026       
# span 6 =   6275.151,  50120.102       
# span 7 =     3.3689,    31.4024       
# span 8 =     4.4684,     6.7398       
# span 9 =     -0.148,     86.194       
# span 10 =    6.95449,    8.66177      
# span 11 =     4.4684,     6.7324      
# span 12 =     2.6428,    24.6210      
# span 13 =   12.49925,   15.74125      
# span 14 = 3.6382e-02, 9.1852e+01      
# span 15 = 0.0000e+00, 0.0000e+00      
# interval = seconds: 0.25
# start_time = Apr 18 2017 11:48:40 [Instrument's time stamp, header]
# bad_flag = -9.990e-29
*END*
[from data line 543]
        544 108.493701    0.03771     2.2625    135.750     51.388  50018.685    31.3305     6.6380     50.901    6.97425     6.6364    24.5765   12.53283 3.6382e-02 0.0000e+00
        545 108.493704    0.03778     2.2667    136.000     51.624  50020.491    31.3319     6.6393     51.135    6.97397     6.6378    24.5774   12.53234 3.6382e-02 0.0000e+00
        546 108.493707    0.03785     2.2708    136.250     51.861  50021.572    31.3328     6.6408     51.370    6.97369     6.6389    24.5779   12.53187 3.6382e-02 0.0000e+00
        547 108.493709    0.03792     2.2750    136.500     52.093  50021.811    31.3331     6.6422     51.600    6.97344     6.6398    24.5780   12.53146 3.6382e-02 0.0000e+00
        548 108.493712    0.03799     2.2792    136.750     52.315  50021.519    31.3330     6.6434     51.820    6.97325     6.6402    24.5778   12.53115 3.6382e-02 0.0000e+00
        549 108.493715    0.03806     2.2833    137.000     52.527  50020.976    31.3327     6.6442     52.029    6.97313     6.6402    24.5774   12.53095 3.6382e-02 0.0000e+00
        550 108.493718    0.03812     2.2875    137.250     52.731  50020.525    31.3324     6.6447     52.231    6.97308     6.6400    24.5771   12.53086 3.6382e-02 0.0000e+00
        551 108.493721    0.03819     2.2917    137.500     52.932  50020.491    31.3323     6.6447     52.431    6.97308     6.6396    24.5770   12.53086 3.6382e-02 0.0000e+00
        552 108.493724    0.03826     2.2958    137.750     53.137  50020.942    31.3325     6.6445     52.633    6.97311     6.6392    24.5772   12.53091 3.6382e-02 0.0000e+00
        553 108.493727    0.03833     2.3000    138.000     53.348  50021.720    31.3328     6.6441     52.842    6.97315     6.6390    24.5775   12.53097 3.6382e-02 0.0000e+00
        554 108.493730    0.03840     2.3042    138.250     53.568  50022.686    31.3334     6.6438     53.060    6.97318     6.6388    24.5780   12.53102 3.6382e-02 0.0000e+00
        555 108.493733    0.03847     2.3083    138.500     53.796  50023.660    31.3339     6.6435     53.286    6.97320     6.6387    24.5784   12.53104 3.6382e-02 0.0000e+00
        556 108.493736    0.03854     2.3125    138.750     54.031  50024.491    31.3344     6.6434     53.519    6.97320     6.6387    24.5788   12.53104 3.6382e-02 0.0000e+00
        557 108.493738    0.03861     2.3167    139.000     54.266  50025.121    31.3347     6.6433     53.752    6.97320     6.6387    24.5790   12.53102 3.6382e-02 0.0000e+00
        558 108.493741    0.03868     2.3208    139.250     54.495  50025.533    31.3349     6.6433     53.978    6.97319     6.6388    24.5792   12.53101 3.6382e-02 0.0000e+00
        559 108.493744    0.03875     2.3250    139.500     54.713  50025.775    31.3349     6.6433     54.194    6.97318     6.6388    24.5792   12.53099 3.6382e-02 0.0000e+00
        560 108.493747    0.03882     2.3292    139.750     54.920  50025.958    31.3350     6.6434     54.399    6.97317     6.6388    24.5793   12.53097 3.6382e-02 0.0000e+00
        561 108.493750    0.03889     2.3333    140.000     55.119  50026.289    31.3351     6.6434     54.596    6.97315     6.6388    24.5794   12.53095 3.6382e-02 0.0000e+00
        562 108.493753    0.03896     2.3375    140.250     55.316  50026.839    31.3354     6.6435     54.792    6.97313     6.6389    24.5796   12.53092 3.6382e-02 0.0000e+00
        563 108.493756    0.03903     2.3417    140.500     55.516  50027.575    31.3358     6.6435     54.990    6.97311     6.6390    24.5800   12.53087 3.6382e-02 0.0000e+00
        564 108.493759    0.03910     2.3458    140.750     55.724  50028.650    31.3365     6.6435     55.196    6.97307     6.6392    24.5805   12.53079 3.6382e-02 0.0000e+00
        565 108.493762    0.03917     2.3500    141.000     55.943  50030.328    31.3376     6.6437     55.412    6.97300     6.6396    24.5813   12.53066 3.6382e-02 0.0000e+00
        566 108.493764    0.03924     2.3542    141.250     56.170  50032.749    31.3392     6.6439     55.638    6.97289     6.6401    24.5825   12.53046 3.6382e-02 0.0000e+00
        567 108.493767    0.03931     2.3583    141.500     56.403  50035.967    31.3413     6.6443     55.868    6.97273     6.6407    24.5842   12.53017 3.6382e-02 0.0000e+00
        568 108.493770    0.03938     2.3625    141.750     56.633  50039.739    31.3439     6.6448     56.096    6.97252     6.6416    24.5862   12.52980 3.6382e-02 0.0000e+00
        569 108.493773    0.03944     2.3667    142.000     56.856  50043.501    31.3466     6.6455     56.317    6.97229     6.6426    24.5882   12.52938 3.6382e-02 0.0000e+00
        570 108.493776    0.03951     2.3708    142.250     57.071  50046.943    31.3490     6.6464     56.530    6.97203     6.6437    24.5900   12.52892 3.6382e-02 0.0000e+00
        571 108.493779    0.03958     2.3750    142.500     57.282  50050.206    31.3514     6.6474     56.739    6.97176     6.6450    24.5918   12.52844 3.6382e-02 0.0000e+00
        572 108.493782    0.03965     2.3792    142.750     57.492  50053.340    31.3537     6.6486     56.946    6.97147     6.6463    24.5934   12.52793 3.6382e-02 0.0000e+00
        573 108.493785    0.03972     2.3833    143.000     57.702  50055.810    31.3555     6.6498     57.154    6.97118     6.6476    24.5947   12.52743 3.6382e-02 0.0000e+00
        574 108.493788    0.03979     2.3875    143.250     57.914  50057.529    31.3569     6.6511     57.364    6.97091     6.6488    24.5956   12.52696 3.6382e-02 0.0000e+00
        575 108.493791    0.03986     2.3917    143.500     58.130  50058.946    31.3580     6.6524     57.578    6.97064     6.6500    24.5963   12.52651 3.6382e-02 0.0000e+00
        576 108.493793    0.03993     2.3958    143.750     58.350  50059.817    31.3587     6.6537     57.796    6.97040     6.6510    24.5968   12.52610 3.6382e-02 0.0000e+00
        577 108.493796    0.04000     2.4000    144.000     58.573  50059.949    31.3589     6.6549     58.017    6.97020     6.6518    24.5968   12.52576 3.6382e-02 0.0000e+00
        578 108.493799    0.04007     2.4042    144.250     58.797  50059.683    31.3588     6.6559     58.239    6.97004     6.6523    24.5965   12.52550 3.6382e-02 0.0000e+00
        579 108.493802    0.04014     2.4083    144.500     59.017  50059.292    31.3586     6.6567     58.457    6.96992     6.6527    24.5963   12.52531 3.6382e-02 0.0000e+00
        580 108.493805    0.04021     2.4125    144.750     59.231  50058.913    31.3583     6.6573     58.669    6.96984     6.6530    24.5960   12.52518 3.6382e-02 0.0000e+00
        581 108.493808    0.04028     2.4167    145.000     59.441  50058.639    31.3581     6.6577     58.877    6.96978     6.6532    24.5958   12.52509 3.6382e-02 0.0000e+00
        582 108.493811    0.04035     2.4208    145.250     59.647  50058.476    31.3579     6.6580     59.081    6.96974     6.6533    24.5956   12.52502 3.6382e-02 0.0000e+00
        583 108.493814    0.04042     2.4250    145.500     59.850  50058.408    31.3578     6.6582     59.282    6.96972     6.6533    24.5955   12.52498 3.6382e-02 0.0000e+00
        584 108.493817    0.04049     2.4292    145.750     60.055  50058.416    31.3578     6.6584     59.485    6.96970     6.6534    24.5955   12.52495 3.6382e-02 0.0000e+00
        585 108.493819    0.04056     2.4333    146.000     60.264  50058.450    31.3577     6.6585     59.691    6.96969     6.6534    24.5954   12.52493 3.6382e-02 0.0000e+00
        586 108.493822    0.04063     2.4375    146.250     60.479  50058.538    31.3577     6.6585     59.905    6.96967     6.6535    24.5954   12.52491 3.6382e-02 0.0000e+00
        587 108.493825    0.04069     2.4417    146.500     60.701  50058.727    31.3577     6.6586     60.125    6.96966     6.6535    24.5954   12.52489 3.6382e-02 0.0000e+00
        588 108.493828    0.04076     2.4458    146.750     60.927  50058.935    31.3578     6.6586     60.349    6.96965     6.6535    24.5954   12.52488 3.6382e-02 0.0000e+00
        589 108.493831    0.04083     2.4500    147.000     61.151  50059.075    31.3578     6.6587     60.570    6.96965     6.6535    24.5954   12.52487 3.6382e-02 0.0000e+00
        590 108.493834    0.04090     2.4542    147.250     61.366  50059.236    31.3578     6.6587     60.784    6.96964     6.6534    24.5954   12.52486 3.6382e-02 0.0000e+00
        591 108.493837    0.04097     2.4583    147.500     61.573  50059.500    31.3579     6.6587     60.988    6.96964     6.6534    24.5955   12.52485 3.6382e-02 0.0000e+00
        592 108.493840    0.04104     2.4625    147.750     61.773  50059.826    31.3580     6.6587     61.186    6.96963     6.6534    24.5956   12.52484 3.6382e-02 0.0000e+00
        593 108.493843    0.04111     2.4667    148.000     61.974  50060.195    31.3582     6.6587     61.385    6.96962     6.6534    24.5957   12.52482 3.6382e-02 0.0000e+00
        594 108.493845    0.04118     2.4708    148.250     62.181  50060.585    31.3584     6.6587     61.591    6.96961     6.6534    24.5959   12.52480 3.6382e-02 0.0000e+00
        595 108.493848    0.04125     2.4750    148.500     62.397  50060.939    31.3585     6.6587     61.804    6.96960     6.6535    24.5960   12.52479 3.6382e-02 0.0000e+00
        596 108.493851    0.04132     2.4792    148.750     62.618  50061.284    31.3587     6.6587     62.024    6.96959     6.6535    24.5961   12.52477 3.6382e-02 0.0000e+00
        597 108.493854    0.04139     2.4833    149.000     62.842  50061.565    31.3587     6.6588     62.245    6.96958     6.6535    24.5962   12.52475 3.6382e-02 0.0000e+00
        598 108.493857    0.04146     2.4875    149.250     63.062  50061.651    31.3587     6.6588     62.463    6.96958     6.6535    24.5961   12.52475 3.6382e-02 0.0000e+00
        599 108.493860    0.04153     2.4917    149.500     63.275  50061.652    31.3586     6.6588     62.674    6.96958     6.6535    24.5961   12.52474 3.6382e-02 0.0000e+00
        600 108.493863    0.04160     2.4958    149.750     63.480  50061.746    31.3586     6.6588     62.877    6.96957     6.6535    24.5961   12.52474 3.6382e-02 0.0000e+00
        601 108.493866    0.04167     2.5000    150.000     63.681  50061.912    31.3586     6.6589     63.076    6.96957     6.6536    24.5961   12.52472 3.6382e-02 0.0000e+00
        602 108.493869    0.04174     2.5042    150.250     63.883  50062.030    31.3586     6.6589     63.276    6.96956     6.6536    24.5961   12.52471 3.6382e-02 0.0000e+00
        603 108.493872    0.04181     2.5083    150.500     64.089  50062.039    31.3585     6.6590     63.480    6.96956     6.6536    24.5960   12.52471 3.6382e-02 0.0000e+00
        604 108.493874    0.04188     2.5125    150.750     64.299  50062.021    31.3584     6.6590     63.688    6.96956     6.6536    24.5959   12.52471 3.6382e-02 0.0000e+00
        605 108.493877    0.04194     2.5167    151.000     64.512  50062.094    31.3584     6.6590     63.899    6.96955     6.6536    24.5959   12.52471 3.6382e-02 0.0000e+00
        606 108.493880    0.04201     2.5208    151.250     64.725  50062.264    31.3584     6.6590     64.110    6.96955     6.6536    24.5959   12.52471 3.6382e-02 0.0000e+00
        607 108.493883    0.04208     2.5250    151.500     64.936  50062.516    31.3585     6.6590     64.319    6.96955     6.6536    24.5960   12.52469 3.6382e-02 0.0000e+00
        608 108.493886    0.04215     2.5292    151.750     65.144  50062.870    31.3586     6.6591     64.525    6.96954     6.6536    24.5961   12.52467 3.6382e-02 0.0000e+00
        609 108.493889    0.04222     2.5333    152.000     65.355  50063.315    31.3588     6.6591     64.734    6.96952     6.6537    24.5963   12.52464 3.6382e-02 0.0000e+00
        610 108.493892    0.04229     2.5375    152.250     65.570  50063.795    31.3591     6.6591     64.947    6.96950     6.6537    24.5964   12.52461 3.6382e-02 0.0000e+00
        611 108.493895    0.04236     2.5417    152.500     65.790  50064.194    31.3593     6.6592     65.165    6.96948     6.6537    24.5966   12.52458 3.6382e-02 0.0000e+00
        612 108.493898    0.04243     2.5458    152.750     66.012  50064.426    31.3593     6.6592     65.384    6.96947     6.6538    24.5966   12.52456 3.6382e-02 0.0000e+00
        613 108.493900    0.04250     2.5500    153.000     66.231  50064.576    31.3594     6.6593     65.601    6.96947     6.6538    24.5966   12.52455 3.6382e-02 0.0000e+00
        614 108.493903    0.04257     2.5542    153.250     66.442  50064.767    31.3594     6.6593     65.811    6.96946     6.6538    24.5966   12.52453 3.6382e-02 0.0000e+00
        615 108.493906    0.04264     2.5583    153.500     66.646  50064.979    31.3595     6.6594     66.012    6.96945     6.6539    24.5967   12.52451 3.6382e-02 0.0000e+00
        616 108.493909    0.04271     2.5625    153.750     66.843  50065.160    31.3595     6.6595     66.207    6.96943     6.6540    24.5967   12.52449 3.6382e-02 0.0000e+00
        617 108.493912    0.04278     2.5667    154.000     67.037  50065.441    31.3596     6.6595     66.400    6.96941     6.6541    24.5968   12.52446 3.6382e-02 0.0000e+00
        618 108.493915    0.04285     2.5708    154.250     67.235  50066.003    31.3599     6.6596     66.596    6.96938     6.6542    24.5971   12.52441 3.6382e-02 0.0000e+00
        619 108.493918    0.04292     2.5750    154.500     67.440  50066.684    31.3603     6.6598     66.799    6.96934     6.6544    24.5974   12.52434 3.6382e-02 0.0000e+00
        620 108.493921    0.04299     2.5792    154.750     67.654  50067.055    31.3605     6.6600     67.011    6.96931     6.6545    24.5975   12.52427 3.6382e-02 0.0000e+00
        621 108.493924    0.04306     2.5833    155.000     67.874  50067.132    31.3605     6.6601     67.229    6.96928     6.6547    24.5975   12.52422 3.6382e-02 0.0000e+00
        622 108.493927    0.04312     2.5875    155.250     68.096  50067.433    31.3606     6.6603     67.448    6.96925     6.6549    24.5975   12.52417 3.6382e-02 0.0000e+00
        623 108.493929    0.04319     2.5917    155.500     68.311  50068.102    31.3610     6.6604     67.662    6.96921     6.6551    24.5978   12.52410 3.6382e-02 0.0000e+00
        624 108.493932    0.04326     2.5958    155.750     68.517  50068.788    31.3615     6.6606     67.865    6.96916     6.6555    24.5981   12.52401 3.6382e-02 0.0000e+00
        625 108.493935    0.04333     2.6000    156.000     68.712  50069.400    31.3619     6.6609     68.059    6.96909     6.6559    24.5984   12.52390 3.6382e-02 0.0000e+00
        626 108.493938    0.04340     2.6042    156.250     68.902  50070.146    31.3624     6.6613     68.247    6.96901     6.6565    24.5988   12.52375 3.6382e-02 0.0000e+00
        627 108.493941    0.04347     2.6083    156.500     69.094  50071.139    31.3630     6.6617     68.437    6.96890     6.6572    24.5993   12.52357 3.6382e-02 0.0000e+00
        628 108.493944    0.04354     2.6125    156.750     69.295  50072.291    31.3638     6.6623     68.635    6.96877     6.6580    24.5998   12.52334 3.6382e-02 0.0000e+00
        629 108.493947    0.04361     2.6167    157.000     69.507  50073.168    31.3645     6.6631     68.845    6.96862     6.6589    24.6003   12.52309 3.6382e-02 0.0000e+00
        630 108.493950    0.04368     2.6208    157.250     69.730  50073.593    31.3648     6.6639     69.066    6.96847     6.6597    24.6004   12.52283 3.6382e-02 0.0000e+00
        631 108.493953    0.04375     2.6250    157.500     69.958  50073.974    31.3651     6.6648     69.292    6.96831     6.6605    24.6006   12.52258 3.6382e-02 0.0000e+00
        632 108.493955    0.04382     2.6292    157.750     70.185  50074.782    31.3657     6.6656     69.517    6.96815     6.6614    24.6009   12.52230 3.6382e-02 0.0000e+00
