CTD-processing/allCTD/CNV--turbid/2017_12-14_t9_s01_cast126.cnv
* Sea-Bird SBE19plus Data File:
* FileName = C:\Users\Kim.Powell\Desktop\Not Processed\2017\2017_12-XX_4141\2017_12-14_TANSECT_STATION_cast126.hex
* Software Version 1.59
* Temperature SN =  4141
* Conductivity SN =  4141
* System UpLoad Time = Dec 18 2017 08:21:45
** 2017_12-14
** Station: 9-01
** Start Time: 12:07
** Depth (m): 64.3
** Comment:**CTD recorded date as April 18
** Comment:
# nquan = 16
# nvalues = 495                         
# units = specified
# name 0 = scan: Scan Count
# name 1 = timeJ: Julian Days
# name 2 = timeH: Time, Elapsed [hours]
# name 3 = timeM: Time, Elapsed [minutes]
# name 4 = timeS: Time, Elapsed [seconds]
# name 5 = prdM: Pressure, Strain Gauge [db]
# name 6 = specc: Specific Conductance [uS/cm]
# name 7 = sal00: Salinity, Practical [PSU]
# name 8 = tv290C: Temperature [ITS-90, deg C]
# name 9 = depSM: Depth [salt water, m], lat = 59.00
# name 10 = oxsolML/L: Oxygen Saturation, Garcia & Gordon [ml/l]
# name 11 = potemp090C: Potential Temperature [ITS-90, deg C]
# name 12 = sigma-é00: Density [sigma-theta, kg/m^3]
# name 13 = n2satML/L: Nitrogen Saturation [ml/l]
# name 14 = par: PAR/Irradiance, Biospherical/Licor
# name 15 = flag:  0.000e+00
# span 0 =          1,        495       
# span 1 = 108.505486, 108.506916       
# span 2 =    0.00000,    0.03431       
# span 3 =     0.0000,     2.0583       
# span 4 =      0.000,    123.500       
# span 5 =     -0.085,     51.611       
# span 6 =   9619.968,  50007.178       
# span 7 =     5.6267,    31.3125       
# span 8 =     4.7479,     6.5833       
# span 9 =     -0.084,     51.122       
# span 10 =    6.98396,    8.57199      
# span 11 =     4.7478,     6.5789      
# span 12 =     4.4260,    24.5692      
# span 13 =   12.54910,   15.56104      
# span 14 = 3.6566e-02, 9.6093e+01      
# span 15 = 0.0000e+00, 0.0000e+00      
# interval = seconds: 0.25
# start_time = Apr 18 2017 12:07:54 [Instrument's time stamp, header]
# bad_flag = -9.990e-29
*END*
[from data line 272]
        273 108.506273    0.01889     1.1333     68.000      3.179  48572.545    30.0940     5.2516      3.149    7.26541     5.2786    23.7615   13.02992 9.3334e+00 0.0000e+00
        274 108.506276    0.01896     1.1375     68.250      3.413  48589.448    30.1082     5.2659      3.381    7.26224     5.2917    23.7713   13.02449 8.3390e+00 0.0000e+00
        275 108.506279    0.01903     1.1417     68.500      3.655  48613.655    30.1272     5.2789      3.621    7.25906     5.3057    23.7849   13.01899 7.4341e+00 0.0000e+00
        276 108.506282    0.01910     1.1458     68.750      3.897  48642.200    30.1493     5.2920      3.861    7.25571     5.3204    23.8010   13.01316 6.6359e+00 0.0000e+00
        277 108.506285    0.01917     1.1500     69.000      4.130  48674.507    30.1741     5.3059      4.091    7.25210     5.3364    23.8191   13.00687 5.9526e+00 0.0000e+00
        278 108.506288    0.01924     1.1542     69.250      4.352  48716.383    30.2056     5.3207      4.311    7.24803     5.3551    23.8424   12.99973 5.3687e+00 0.0000e+00
        279 108.506291    0.01931     1.1583     69.500      4.568  48775.756    30.2493     5.3367      4.525    7.24314     5.3781    23.8752   12.99109 4.8554e+00 0.0000e+00
        280 108.506293    0.01938     1.1625     69.750      4.787  48860.326    30.3109     5.3554      4.742    7.23696     5.4073    23.9219   12.98008 4.3920e+00 0.0000e+00
        281 108.506296    0.01944     1.1667     70.000      5.011  48970.404    30.3908     5.3785      4.964    7.22913     5.4427    23.9825   12.96611 3.9742e+00 0.0000e+00
        282 108.506299    0.01951     1.1708     70.250      5.238  49094.973    30.4818     5.4076      5.189    7.21973     5.4826    24.0513   12.94940 3.6053e+00 0.0000e+00
        283 108.506302    0.01958     1.1750     70.500      5.463  49215.178    30.5712     5.4431      5.412    7.20934     5.5236    24.1181   12.93108 3.2855e+00 0.0000e+00
        284 108.506305    0.01965     1.1792     70.750      5.684  49312.917    30.6461     5.4831      5.631    7.19890     5.5623    24.1728   12.91286 3.0094e+00 0.0000e+00
        285 108.506308    0.01972     1.1833     71.000      5.902  49383.834    30.7027     5.5241      5.847    7.18917     5.5975    24.2131   12.89606 2.7679e+00 0.0000e+00
        286 108.506311    0.01979     1.1875     71.250      6.121  49438.140    30.7476     5.5628      6.064    7.18040     5.6294    24.2442   12.88099 2.5528e+00 0.0000e+00
        287 108.506314    0.01986     1.1917     71.500      6.344  49488.061    30.7887     5.5979      6.284    7.17245     5.6593    24.2728   12.86731 2.3594e+00 0.0000e+00
        288 108.506317    0.01993     1.1958     71.750      6.572  49534.591    30.8268     5.6299      6.510    7.16519     5.6885    24.2993   12.85482 2.1849e+00 0.0000e+00
        289 108.506319    0.02000     1.2000     72.000      6.803  49573.942    30.8596     5.6599      6.739    7.15853     5.7186    24.3219   12.84340 2.0282e+00 0.0000e+00
        290 108.506322    0.02007     1.2042     72.250      7.036  49612.080    30.8915     5.6890      6.970    7.15207     5.7517    24.3437   12.83231 1.8890e+00 0.0000e+00
        291 108.506325    0.02014     1.2083     72.500      7.268  49651.848    30.9246     5.7192      7.199    7.14539     5.7872    24.3665   12.82084 1.7664e+00 0.0000e+00
        292 108.506328    0.02021     1.2125     72.750      7.495  49681.340    30.9513     5.7523      7.424    7.13852     5.8219    24.3837   12.80915 1.6587e+00 0.0000e+00
        293 108.506331    0.02028     1.2167     73.000      7.717  49692.675    30.9659     5.7878      7.645    7.13185     5.8531    24.3912   12.79794 1.5631e+00 0.0000e+00
        294 108.506334    0.02035     1.2208     73.250      7.937  49690.855    30.9713     5.8225      7.863    7.12575     5.8794    24.3914   12.78778 1.4763e+00 0.0000e+00
        295 108.506337    0.02042     1.2250     73.500      8.160  49681.446    30.9708     5.8537      8.083    7.12051     5.9005    24.3874   12.77914 1.3957e+00 0.0000e+00
        296 108.506340    0.02049     1.2292     73.750      8.388  49668.698    30.9670     5.8801      8.310    7.11626     5.9172    24.3813   12.77215 1.3194e+00 0.0000e+00
        297 108.506343    0.02056     1.2333     74.000      8.623  49659.027    30.9643     5.9011      8.542    7.11284     5.9318    24.3767   12.76654 1.2470e+00 0.0000e+00
        298 108.506345    0.02063     1.2375     74.250      8.861  49657.011    30.9660     5.9179      8.779    7.10994     5.9462    24.3761   12.76174 1.1781e+00 0.0000e+00
        299 108.506348    0.02069     1.2417     74.500      9.100  49662.047    30.9721     5.9325      9.015    7.10721     5.9616    24.3793   12.75714 1.1131e+00 0.0000e+00
        300 108.506351    0.02076     1.2458     74.750      9.336  49669.840    30.9802     5.9469      9.248    7.10442     5.9783    24.3839   12.75242 1.0526e+00 0.0000e+00
        301 108.506354    0.02083     1.2500     75.000      9.566  49677.278    30.9882     5.9624      9.476    7.10146     5.9961    24.3884   12.74743 9.9685e-01 0.0000e+00
        302 108.506357    0.02090     1.2542     75.250      9.791  49684.144    30.9960     5.9791      9.699    7.09830     6.0147    24.3926   12.74211 9.4571e-01 0.0000e+00
        303 108.506360    0.02097     1.2583     75.500     10.012  49689.232    31.0028     5.9969      9.918    7.09500     6.0331    24.3959   12.73657 8.9848e-01 0.0000e+00
        304 108.506363    0.02104     1.2625     75.750     10.231  49690.346    31.0070     6.0155     10.135    7.09170     6.0507    24.3970   12.73105 8.5441e-01 0.0000e+00
        305 108.506366    0.02111     1.2667     76.000     10.451  49689.794    31.0100     6.0339     10.353    7.08848     6.0681    24.3972   12.72570 8.1280e-01 0.0000e+00
        306 108.506369    0.02118     1.2708     76.250     10.674  49694.139    31.0163     6.0515     10.574    7.08525     6.0870    24.4001   12.72028 7.7286e-01 0.0000e+00
        307 108.506372    0.02125     1.2750     76.500     10.901  49707.818    31.0289     6.0690     10.798    7.08175     6.1086    24.4080   12.71434 7.3381e-01 0.0000e+00
        308 108.506374    0.02132     1.2792     76.750     11.132  49728.311    31.0465     6.0879     11.027    7.07778     6.1324    24.4196   12.70755 6.9544e-01 0.0000e+00
        309 108.506377    0.02139     1.2833     77.000     11.368  49746.180    31.0628     6.1095     11.261    7.07342     6.1559    24.4299   12.70013 6.5808e-01 0.0000e+00
        310 108.506380    0.02146     1.2875     77.250     11.608  49754.212    31.0727     6.1333     11.500    7.06901     6.1770    24.4349   12.69272 6.2213e-01 0.0000e+00
        311 108.506383    0.02153     1.2917     77.500     11.851  49753.188    31.0763     6.1568     11.740    7.06494     6.1942    24.4349   12.68594 5.8786e-01 0.0000e+00
        312 108.506386    0.02160     1.2958     77.750     12.089  49746.206    31.0754     6.1779     11.976    7.06149     6.2072    24.4316   12.68025 5.5607e-01 0.0000e+00
        313 108.506389    0.02167     1.3000     78.000     12.317  49736.429    31.0717     6.1951     12.202    7.05881     6.2163    24.4267   12.67586 5.2767e-01 0.0000e+00
        314 108.506392    0.02174     1.3042     78.250     12.533  49727.008    31.0676     6.2081     12.415    7.05684     6.2224    24.4219   12.67267 5.0262e-01 0.0000e+00
        315 108.506395    0.02181     1.3083     78.500     12.739  49719.643    31.0641     6.2173     12.619    7.05548     6.2262    24.4180   12.67047 4.7996e-01 0.0000e+00
        316 108.506398    0.02187     1.3125     78.750     12.943  49714.862    31.0619     6.2234     12.821    7.05458     6.2285    24.4155   12.66900 4.5850e-01 0.0000e+00
        317 108.506400    0.02194     1.3167     79.000     13.153  49712.542    31.0609     6.2273     13.030    7.05399     6.2298    24.4143   12.66804 4.3742e-01 0.0000e+00
        318 108.506403    0.02201     1.3208     79.250     13.376  49712.263    31.0610     6.2295     13.250    7.05361     6.2307    24.4141   12.66741 4.1653e-01 0.0000e+00
        319 108.506406    0.02208     1.3250     79.500     13.611  49713.337    31.0619     6.2309     13.483    7.05334     6.2315    24.4146   12.66696 3.9593e-01 0.0000e+00
        320 108.506409    0.02215     1.3292     79.750     13.855  49715.373    31.0633     6.2318     13.724    7.05312     6.2327    24.4157   12.66658 3.7576e-01 0.0000e+00
        321 108.506412    0.02222     1.3333     80.000     14.102  49718.447    31.0655     6.2327     13.970    7.05288     6.2347    24.4173   12.66615 3.5639e-01 0.0000e+00
        322 108.506415    0.02229     1.3375     80.250     14.348  49723.313    31.0690     6.2339     14.213    7.05252     6.2378    24.4199   12.66551 3.3825e-01 0.0000e+00
        323 108.506418    0.02236     1.3417     80.500     14.584  49730.526    31.0742     6.2358     14.447    7.05195     6.2426    24.4238   12.66450 3.2183e-01 0.0000e+00
        324 108.506421    0.02243     1.3458     80.750     14.807  49739.714    31.0811     6.2390     14.668    7.05110     6.2496    24.4288   12.66301 3.0734e-01 0.0000e+00
        325 108.506424    0.02250     1.3500     81.000     15.018  49752.040    31.0904     6.2438     14.876    7.04987     6.2592    24.4355   12.66086 2.9437e-01 0.0000e+00
        326 108.506427    0.02257     1.3542     81.250     15.222  49766.955    31.1019     6.2508     15.079    7.04818     6.2707    24.4438   12.65792 2.8225e-01 0.0000e+00
        327 108.506429    0.02264     1.3583     81.500     15.429  49777.291    31.1107     6.2604     15.284    7.04618     6.2822    24.4496   12.65451 2.7045e-01 0.0000e+00
        328 108.506432    0.02271     1.3625     81.750     15.646  49779.393    31.1142     6.2719     15.499    7.04412     6.2930    24.4509   12.65106 2.5881e-01 0.0000e+00
        329 108.506435    0.02278     1.3667     82.000     15.875  49779.603    31.1164     6.2835     15.726    7.04211     6.3032    24.4513   12.64770 2.4734e-01 0.0000e+00
        330 108.506438    0.02285     1.3708     82.250     16.114  49781.650    31.1197     6.2943     15.962    7.04017     6.3129    24.4526   12.64446 2.3620e-01 0.0000e+00
        331 108.506441    0.02292     1.3750     82.500     16.357  49782.911    31.1224     6.3046     16.203    7.03836     6.3216    24.4534   12.64143 2.2557e-01 0.0000e+00
        332 108.506444    0.02299     1.3792     82.750     16.597  49782.353    31.1237     6.3142     16.441    7.03671     6.3291    24.4533   12.63868 2.1552e-01 0.0000e+00
        333 108.506447    0.02306     1.3833     83.000     16.831  49780.785    31.1241     6.3230     16.673    7.03525     6.3352    24.4525   12.63627 2.0617e-01 0.0000e+00
        334 108.506450    0.02313     1.3875     83.250     17.054  49778.625    31.1239     6.3305     16.894    7.03403     6.3399    24.4515   12.63424 1.9766e-01 0.0000e+00
        335 108.506453    0.02319     1.3917     83.500     17.266  49776.177    31.1232     6.3366     17.104    7.03305     6.3435    24.4502   12.63264 1.8992e-01 0.0000e+00
        336 108.506455    0.02326     1.3958     83.750     17.470  49773.811    31.1224     6.3414     17.306    7.03230     6.3459    24.4490   12.63141 1.8272e-01 0.0000e+00
        337 108.506458    0.02333     1.4000     84.000     17.673  49771.799    31.1216     6.3449     17.507    7.03176     6.3476    24.4479   12.63053 1.7585e-01 0.0000e+00
        338 108.506461    0.02340     1.4042     84.250     17.882  49770.407    31.1210     6.3474     17.714    7.03138     6.3488    24.4471   12.62990 1.6912e-01 0.0000e+00
        339 108.506464    0.02347     1.4083     84.500     18.099  49769.751    31.1207     6.3491     17.929    7.03111     6.3495    24.4467   12.62946 1.6251e-01 0.0000e+00
        340 108.506467    0.02354     1.4125     84.750     18.323  49769.419    31.1206     6.3503     18.151    7.03093     6.3499    24.4465   12.62916 1.5617e-01 0.0000e+00
        341 108.506470    0.02361     1.4167     85.000     18.548  49769.113    31.1204     6.3510     18.374    7.03081     6.3498    24.4462   12.62897 1.5020e-01 0.0000e+00
        342 108.506473    0.02368     1.4208     85.250     18.767  49769.103    31.1204     6.3514     18.591    7.03075     6.3495    24.4462   12.62887 1.4462e-01 0.0000e+00
        343 108.506476    0.02375     1.4250     85.500     18.979  49769.974    31.1209     6.3513     18.800    7.03073     6.3490    24.4466   12.62883 1.3942e-01 0.0000e+00
        344 108.506479    0.02382     1.4292     85.750     19.184  49772.076    31.1222     6.3510     19.004    7.03073     6.3484    24.4476   12.62881 1.3452e-01 0.0000e+00
        345 108.506481    0.02389     1.4333     86.000     19.390  49775.338    31.1243     6.3505     19.208    7.03071     6.3479    24.4493   12.62876 1.2983e-01 0.0000e+00
        346 108.506484    0.02396     1.4375     86.250     19.601  49779.941    31.1273     6.3500     19.417    7.03066     6.3480    24.4517   12.62864 1.2527e-01 0.0000e+00
        347 108.506487    0.02403     1.4417     86.500     19.819  49786.592    31.1317     6.3495     19.633    7.03053     6.3491    24.4553   12.62837 1.2083e-01 0.0000e+00
        348 108.506490    0.02410     1.4458     86.750     20.042  49796.400    31.1384     6.3495     19.854    7.03021     6.3520    24.4605   12.62776 1.1660e-01 0.0000e+00
        349 108.506493    0.02417     1.4500     87.000     20.265  49810.409    31.1482     6.3507     20.075    7.02957     6.3570    24.4681   12.62657 1.1262e-01 0.0000e+00
        350 108.506496    0.02424     1.4542     87.250     20.484  49826.146    31.1595     6.3536     20.292    7.02856     6.3636    24.4767   12.62476 1.0887e-01 0.0000e+00
        351 108.506499    0.02431     1.4583     87.500     20.697  49838.837    31.1691     6.3587     20.503    7.02729     6.3708    24.4837   12.62253 1.0534e-01 0.0000e+00
        352 108.506502    0.02438     1.4625     87.750     20.906  49847.531    31.1762     6.3653     20.709    7.02588     6.3781    24.4885   12.62011 1.0198e-01 0.0000e+00
        353 108.506505    0.02444     1.4667     88.000     21.115  49853.209    31.1814     6.3725     20.916    7.02445     6.3849    24.4917   12.61768 9.8760e-02 0.0000e+00
        354 108.506508    0.02451     1.4708     88.250     21.329  49856.177    31.1847     6.3798     21.128    7.02309     6.3910    24.4934   12.61540 9.5684e-02 0.0000e+00
        355 108.506510    0.02458     1.4750     88.500     21.548  49857.255    31.1866     6.3867     21.346    7.02188     6.3963    24.4940   12.61337 9.2704e-02 0.0000e+00
        356 108.506513    0.02465     1.4792     88.750     21.771  49857.567    31.1879     6.3928     21.567    7.02081     6.4011    24.4943   12.61160 8.9799e-02 0.0000e+00
        357 108.506516    0.02472     1.4833     89.000     21.994  49858.853    31.1897     6.3981     21.787    7.01986     6.4058    24.4950   12.61000 8.7017e-02 0.0000e+00
        358 108.506519    0.02479     1.4875     89.250     22.214  49862.648    31.1931     6.4029     22.006    7.01892     6.4108    24.4971   12.60840 8.4405e-02 0.0000e+00
        359 108.506522    0.02486     1.4917     89.500     22.434  49868.510    31.1979     6.4076     22.223    7.01792     6.4162    24.5003   12.60669 8.1960e-02 0.0000e+00
        360 108.506525    0.02493     1.4958     89.750     22.652  49874.806    31.2031     6.4126     22.439    7.01686     6.4220    24.5038   12.60487 7.9645e-02 0.0000e+00
        361 108.506528    0.02500     1.5000     90.000     22.868  49881.301    31.2085     6.4180     22.653    7.01572     6.4283    24.5074   12.60292 7.7434e-02 0.0000e+00
