CTD-processing/allCTD/CNV--turbid/2017_08-24_t9_s06_cast017.cnv
* Sea-Bird SBE19plus Data File:
* FileName = C:\Users\Kim.Powell\Desktop\Not Processed\2017\2017_08\2017_08-24_TRANSECT_STATION_cast017.hex
* Software Version 1.59
* Temperature SN =  4141
* Conductivity SN =  4141
* System UpLoad Time = Sep 22 2017 08:39:27
** 2017_08-24
** Station: 9-06
** Start Time: 17:44
** Depth (m): 103
** Comment: Edgecumbe
** Comment:
# nquan = 16
# nvalues = 728                         
# units = specified
# name 0 = scan: Scan Count
# name 1 = timeJ: Julian Days
# name 2 = timeH: Time, Elapsed [hours]
# name 3 = timeM: Time, Elapsed [minutes]
# name 4 = timeS: Time, Elapsed [seconds]
# name 5 = prdM: Pressure, Strain Gauge [db]
# name 6 = specc: Specific Conductance [uS/cm]
# name 7 = sal00: Salinity, Practical [PSU]
# name 8 = tv290C: Temperature [ITS-90, deg C]
# name 9 = depSM: Depth [salt water, m], lat = 59.00
# name 10 = oxsolML/L: Oxygen Saturation, Garcia & Gordon [ml/l]
# name 11 = potemp090C: Potential Temperature [ITS-90, deg C]
# name 12 = sigma-é00: Density [sigma-theta, kg/m^3]
# name 13 = n2satML/L: Nitrogen Saturation [ml/l]
# name 14 = par: PAR/Irradiance, Biospherical/Licor
# name 15 = flag:  0.000e+00
# span 0 =          1,        728       
# span 1 = 236.739294, 236.741398       
# span 2 =    0.00000,    0.05049       
# span 3 =     0.0000,     3.0292       
# span 4 =      0.000,    181.750       
# span 5 =      0.643,    102.140       
# span 6 =  46869.534,  49723.465       
# span 7 =    29.7716,    31.5291       
# span 8 =     9.3250,    11.0485       
# span 9 =      0.637,    101.160       
# span 10 =    6.38270,    6.55341      
# span 11 =     9.3143,    11.0199      
# span 12 =    22.6993,    24.3528      
# span 13 =   11.57231,   11.83420      
# span 14 = 5.1897e-02, 1.8882e+02      
# span 15 = 0.0000e+00, 0.0000e+00      
# interval = seconds: 0.25
# start_time = Aug 24 2017 17:44:35 [Instrument's time stamp, header]
# bad_flag = -9.990e-29
*END*
[from data line 181]
        182 236.739818    0.01257     0.7542     45.250      0.793  47421.826    30.1377    10.8373      0.786    6.39696    10.8378    23.0199   11.59161 1.7989e+02 0.0000e+00
        183 236.739821    0.01264     0.7583     45.500      0.783  47424.708    30.1398    10.8379      0.776    6.39679    10.8369    23.0215   11.59131 1.8214e+02 0.0000e+00
        184 236.739823    0.01271     0.7625     45.750      0.765  47428.167    30.1423    10.8379      0.758    6.39669    10.8351    23.0234   11.59111 1.8469e+02 0.0000e+00
        185 236.739826    0.01278     0.7667     46.000      0.747  47431.067    30.1442    10.8370      0.740    6.39674    10.8331    23.0250   11.59118 1.8610e+02 0.0000e+00
        186 236.739829    0.01285     0.7708     46.250      0.736  47432.298    30.1449    10.8352      0.729    6.39696    10.8318    23.0259   11.59154 1.8557e+02 0.0000e+00
        187 236.739832    0.01292     0.7750     46.500      0.736  47431.410    30.1441    10.8332      0.729    6.39727    10.8313    23.0255   11.59205 1.8329e+02 0.0000e+00
        188 236.739835    0.01299     0.7792     46.750      0.747  47429.087    30.1423    10.8318      0.740    6.39753    10.8318    23.0244   11.59251 1.7997e+02 0.0000e+00
        189 236.739838    0.01306     0.7833     47.000      0.765  47426.348    30.1403    10.8314      0.757    6.39767    10.8330    23.0229   11.59276 1.7736e+02 0.0000e+00
        190 236.739841    0.01313     0.7875     47.250      0.782  47424.193    30.1388    10.8319      0.775    6.39766    10.8344    23.0217   11.59276 1.7645e+02 0.0000e+00
        191 236.739844    0.01319     0.7917     47.500      0.793  47423.360    30.1384    10.8331      0.785    6.39752    10.8356    23.0211   11.59253 1.7689e+02 0.0000e+00
        192 236.739847    0.01326     0.7958     47.750      0.791  47423.652    30.1387    10.8345      0.784    6.39731    10.8364    23.0212   11.59219 1.7848e+02 0.0000e+00
        193 236.739850    0.01333     0.8000     48.000      0.780  47423.979    30.1391    10.8357      0.772    6.39713    10.8367    23.0212   11.59188 1.8041e+02 0.0000e+00
        194 236.739852    0.01340     0.8042     48.250      0.764  47423.418    30.1388    10.8365      0.756    6.39703    10.8369    23.0209   11.59172 1.8112e+02 0.0000e+00
        195 236.739855    0.01347     0.8083     48.500      0.750  47421.565    30.1376    10.8368      0.743    6.39703    10.8372    23.0198   11.59174 1.8016e+02 0.0000e+00
        196 236.739858    0.01354     0.8125     48.750      0.744  47418.362    30.1353    10.8370      0.737    6.39710    10.8375    23.0180   11.59188 1.7809e+02 0.0000e+00
        197 236.739861    0.01361     0.8167     49.000      0.748  47414.688    30.1328    10.8373      0.741    6.39717    10.8376    23.0160   11.59202 1.7523e+02 0.0000e+00
        198 236.739864    0.01368     0.8208     49.250      0.760  47412.041    30.1309    10.8376      0.753    6.39720    10.8372    23.0145   11.59210 1.7239e+02 0.0000e+00
        199 236.739867    0.01375     0.8250     49.500      0.774  47411.501    30.1306    10.8377      0.767    6.39720    10.8365    23.0142   11.59210 1.7083e+02 0.0000e+00
        200 236.739870    0.01382     0.8292     49.750      0.783  47413.516    30.1319    10.8373      0.775    6.39719    10.8356    23.0154   11.59206 1.7123e+02 0.0000e+00
        201 236.739873    0.01389     0.8333     50.000      0.780  47417.563    30.1347    10.8366      0.772    6.39718    10.8346    23.0176   11.59201 1.7333e+02 0.0000e+00
        202 236.739876    0.01396     0.8375     50.250      0.765  47422.234    30.1379    10.8357      0.757    6.39718    10.8336    23.0203   11.59197 1.7582e+02 0.0000e+00
        203 236.739878    0.01403     0.8417     50.500      0.742  47426.121    30.1405    10.8347      0.735    6.39721    10.8327    23.0225   11.59199 1.7757e+02 0.0000e+00
        204 236.739881    0.01410     0.8458     50.750      0.721  47428.155    30.1419    10.8337      0.714    6.39729    10.8319    23.0237   11.59211 1.7834e+02 0.0000e+00
        205 236.739884    0.01417     0.8500     51.000      0.710  47428.469    30.1420    10.8328      0.703    6.39740    10.8310    23.0239   11.59230 1.7815e+02 0.0000e+00
        206 236.739887    0.01424     0.8542     51.250      0.714  47428.879    30.1422    10.8320      0.707    6.39751    10.8298    23.0242   11.59248 1.7774e+02 0.0000e+00
        207 236.739890    0.01431     0.8583     51.500      0.732  47431.158    30.1437    10.8311      0.725    6.39758    10.8283    23.0255   11.59257 1.7718e+02 0.0000e+00
        208 236.739893    0.01438     0.8625     51.750      0.757  47435.290    30.1464    10.8299      0.750    6.39763    10.8266    23.0279   11.59263 1.7610e+02 0.0000e+00
        209 236.739896    0.01444     0.8667     52.000      0.780  47439.902    30.1495    10.8284      0.772    6.39771    10.8251    23.0305   11.59273 1.7544e+02 0.0000e+00
        210 236.739899    0.01451     0.8708     52.250      0.790  47444.006    30.1522    10.8267      0.783    6.39783    10.8237    23.0329   11.59288 1.7636e+02 0.0000e+00
        211 236.739902    0.01458     0.8750     52.500      0.785  47447.546    30.1546    10.8252      0.778    6.39795    10.8224    23.0350   11.59306 1.7814e+02 0.0000e+00
        212 236.739905    0.01465     0.8792     52.750      0.767  47450.580    30.1566    10.8237      0.760    6.39807    10.8214    23.0368   11.59323 1.7872e+02 0.0000e+00
        213 236.739907    0.01472     0.8833     53.000      0.743  47452.987    30.1581    10.8225      0.736    6.39818    10.8205    23.0382   11.59339 1.7740e+02 0.0000e+00
        214 236.739910    0.01479     0.8875     53.250      0.723  47454.822    30.1593    10.8214      0.717    6.39828    10.8199    23.0393   11.59354 1.7560e+02 0.0000e+00
        215 236.739913    0.01486     0.8917     53.500      0.714  47456.368    30.1603    10.8206      0.708    6.39836    10.8197    23.0402   11.59366 1.7420e+02 0.0000e+00
        216 236.739916    0.01493     0.8958     53.750      0.717  47457.792    30.1612    10.8200      0.710    6.39840    10.8195    23.0411   11.59371 1.7305e+02 0.0000e+00
        217 236.739919    0.01500     0.9000     54.000      0.728  47459.042    30.1621    10.8197      0.721    6.39840    10.8195    23.0418   11.59371 1.7261e+02 0.0000e+00
        218 236.739922    0.01507     0.9042     54.250      0.741  47460.014    30.1627    10.8196      0.734    6.39839    10.8194    23.0423   11.59368 1.7326e+02 0.0000e+00
        219 236.739925    0.01514     0.9083     54.500      0.753  47460.661    30.1632    10.8195      0.746    6.39838    10.8194    23.0427   11.59366 1.7455e+02 0.0000e+00
        220 236.739928    0.01521     0.9125     54.750      0.761  47460.957    30.1634    10.8195      0.754    6.39838    10.8193    23.0428   11.59366 1.7635e+02 0.0000e+00
        221 236.739931    0.01528     0.9167     55.000      0.761  47460.901    30.1633    10.8194      0.754    6.39839    10.8192    23.0428   11.59367 1.7834e+02 0.0000e+00
        222 236.739933    0.01535     0.9208     55.250      0.752  47460.683    30.1632    10.8194      0.745    6.39841    10.8191    23.0427   11.59370 1.7924e+02 0.0000e+00
        223 236.739936    0.01542     0.9250     55.500      0.735  47460.568    30.1631    10.8193      0.728    6.39842    10.8189    23.0427   11.59373 1.7841e+02 0.0000e+00
        224 236.739939    0.01549     0.9292     55.750      0.717  47460.747    30.1632    10.8191      0.711    6.39844    10.8188    23.0428   11.59375 1.7737e+02 0.0000e+00
        225 236.739942    0.01556     0.9333     56.000      0.707  47461.437    30.1637    10.8190      0.700    6.39844    10.8187    23.0432   11.59375 1.7732e+02 0.0000e+00
        226 236.739945    0.01563     0.9375     56.250      0.707  47462.694    30.1646    10.8189      0.700    6.39842    10.8186    23.0439   11.59371 1.7762e+02 0.0000e+00
        227 236.739948    0.01569     0.9417     56.500      0.717  47464.249    30.1656    10.8187      0.710    6.39839    10.8185    23.0447   11.59365 1.7800e+02 0.0000e+00
        228 236.739951    0.01576     0.9458     56.750      0.732  47465.612    30.1666    10.8186      0.725    6.39836    10.8185    23.0455   11.59359 1.7907e+02 0.0000e+00
        229 236.739954    0.01583     0.9500     57.000      0.745  47466.298    30.1671    10.8186      0.738    6.39835    10.8184    23.0458   11.59357 1.8091e+02 0.0000e+00
        230 236.739957    0.01590     0.9542     57.250      0.754  47466.168    30.1670    10.8185      0.747    6.39836    10.8184    23.0458   11.59359 1.8212e+02 0.0000e+00
        231 236.739959    0.01597     0.9583     57.500      0.758  47465.557    30.1665    10.8185      0.751    6.39839    10.8183    23.0454   11.59364 1.8152e+02 0.0000e+00
        232 236.739962    0.01604     0.9625     57.750      0.759  47464.967    30.1661    10.8184      0.752    6.39842    10.8181    23.0451   11.59369 1.7960e+02 0.0000e+00
        233 236.739965    0.01611     0.9667     58.000      0.759  47464.653    30.1659    10.8183      0.752    6.39844    10.8179    23.0450   11.59372 1.7743e+02 0.0000e+00
        234 236.739968    0.01618     0.9708     58.250      0.755  47464.643    30.1658    10.8182      0.748    6.39846    10.8175    23.0450   11.59376 1.7633e+02 0.0000e+00
        235 236.739971    0.01625     0.9750     58.500      0.748  47464.957    30.1660    10.8180      0.741    6.39848    10.8169    23.0452   11.59380 1.7670e+02 0.0000e+00
        236 236.739974    0.01632     0.9792     58.750      0.736  47465.698    30.1665    10.8176      0.729    6.39852    10.8160    23.0456   11.59385 1.7804e+02 0.0000e+00
        237 236.739977    0.01639     0.9833     59.000      0.722  47467.204    30.1675    10.8170      0.715    6.39856    10.8148    23.0465   11.59391 1.7954e+02 0.0000e+00
        238 236.739980    0.01646     0.9875     59.250      0.710  47470.108    30.1695    10.8161      0.703    6.39860    10.8130    23.0481   11.59395 1.7962e+02 0.0000e+00
        239 236.739983    0.01653     0.9917     59.500      0.707  47475.279    30.1730    10.8148      0.700    6.39863    10.8102    23.0511   11.59396 1.7815e+02 0.0000e+00
        240 236.739986    0.01660     0.9958     59.750      0.715  47483.831    30.1788    10.8130      0.708    6.39864    10.8058    23.0559   11.59392 1.7662e+02 0.0000e+00
        241 236.739988    0.01667     1.0000     60.000      0.733  47497.313    30.1880    10.8103      0.726    6.39865    10.7993    23.0635   11.59382 1.7582e+02 0.0000e+00
        242 236.739991    0.01674     1.0042     60.250      0.754  47516.019    30.2007    10.8059      0.747    6.39873    10.7916    23.0741   11.59381 1.7567e+02 0.0000e+00
        243 236.739994    0.01681     1.0083     60.500      0.770  47536.431    30.2143    10.7994      0.763    6.39908    10.7849    23.0859   11.59422 1.7614e+02 0.0000e+00
        244 236.739997    0.01688     1.0125     60.750      0.774  47553.439    30.2255    10.7917      0.767    6.39970    10.7815    23.0958   11.59512 1.7753e+02 0.0000e+00
        245 236.740000    0.01694     1.0167     61.000      0.763  47563.951    30.2322    10.7850      0.756    6.40035    10.7816    23.1021   11.59611 1.7887e+02 0.0000e+00
        246 236.740003    0.01701     1.0208     61.250      0.743  47567.382    30.2342    10.7816      0.736    6.40074    10.7838    23.1043   11.59673 1.7904e+02 0.0000e+00
        247 236.740006    0.01708     1.0250     61.500      0.722  47565.792    30.2331    10.7817      0.715    6.40077    10.7864    23.1034   11.59681 1.7839e+02 0.0000e+00
        248 236.740009    0.01715     1.0292     61.750      0.708  47562.628    30.2311    10.7839      0.702    6.40054    10.7877    23.1015   11.59645 1.7692e+02 0.0000e+00
        249 236.740012    0.01722     1.0333     62.000      0.709  47561.033    30.2303    10.7865      0.702    6.40022    10.7865    23.1004   11.59592 1.7579e+02 0.0000e+00
        250 236.740014    0.01729     1.0375     62.250      0.722  47563.551    30.2322    10.7878      0.715    6.39997    10.7830    23.1017   11.59548 1.7638e+02 0.0000e+00
        251 236.740017    0.01736     1.0417     62.500      0.743  47570.160    30.2367    10.7866      0.735    6.39995    10.7787    23.1054   11.59539 1.7737e+02 0.0000e+00
        252 236.740020    0.01743     1.0458     62.750      0.760  47577.912    30.2418    10.7831      0.753    6.40023    10.7755    23.1099   11.59580 1.7791e+02 0.0000e+00
        253 236.740023    0.01750     1.0500     63.000      0.766  47583.689    30.2454    10.7788      0.758    6.40068    10.7751    23.1135   11.59650 1.7915e+02 0.0000e+00
        254 236.740026    0.01757     1.0542     63.250      0.755  47585.109    30.2460    10.7756      0.747    6.40109    10.7778    23.1145   11.59716 1.8014e+02 0.0000e+00
        255 236.740029    0.01764     1.0583     63.500      0.731  47580.514    30.2427    10.7752      0.724    6.40128    10.7833    23.1120   11.59753 1.7899e+02 0.0000e+00
        256 236.740032    0.01771     1.0625     63.750      0.704  47569.901    30.2356    10.7779      0.697    6.40119    10.7899    23.1060   11.59747 1.7719e+02 0.0000e+00
        257 236.740035    0.01778     1.0667     64.000      0.685  47556.238    30.2266    10.7834      0.678    6.40080    10.7948    23.0981   11.59693 1.7652e+02 0.0000e+00
        258 236.740038    0.01785     1.0708     64.250      0.682  47546.001    30.2201    10.7900      0.675    6.40015    10.7952    23.0920   11.59593 1.7618e+02 0.0000e+00
        259 236.740041    0.01792     1.0750     64.500      0.695  47544.534    30.2196    10.7949      0.688    6.39950    10.7905    23.0907   11.59485 1.7604e+02 0.0000e+00
        260 236.740043    0.01799     1.0792     64.750      0.720  47552.137    30.2249    10.7952      0.713    6.39923    10.7829    23.0948   11.59434 1.7733e+02 0.0000e+00
        261 236.740046    0.01806     1.0833     65.000      0.743  47565.465    30.2338    10.7905      0.736    6.39952    10.7759    23.1025   11.59471 1.7978e+02 0.0000e+00
        262 236.740049    0.01812     1.0875     65.250      0.755  47578.730    30.2423    10.7830      0.748    6.40022    10.7724    23.1104   11.59578 1.8223e+02 0.0000e+00
        263 236.740052    0.01819     1.0917     65.500      0.751  47586.318    30.2469    10.7759      0.744    6.40101    10.7733    23.1152   11.59703 1.8353e+02 0.0000e+00
        264 236.740055    0.01826     1.0958     65.750      0.734  47585.832    30.2462    10.7724      0.727    6.40152    10.7774    23.1152   11.59789 1.8239e+02 0.0000e+00
        265 236.740058    0.01833     1.1000     66.000      0.713  47579.122    30.2416    10.7734      0.707    6.40158    10.7819    23.1114   11.59804 1.7907e+02 0.0000e+00
        266 236.740061    0.01840     1.1042     66.250      0.700  47570.862    30.2362    10.7774      0.694    6.40124    10.7840    23.1066   11.59754 1.7557e+02 0.0000e+00
        267 236.740064    0.01847     1.1083     66.500      0.700  47566.458    30.2336    10.7819      0.694    6.40072    10.7821    23.1038   11.59671 1.7400e+02 0.0000e+00
        268 236.740067    0.01854     1.1125     66.750      0.713  47569.570    30.2360    10.7841      0.706    6.40032    10.7766    23.1053   11.59601 1.7509e+02 0.0000e+00
        269 236.740069    0.01861     1.1167     67.000      0.732  47579.177    30.2426    10.7822      0.726    6.40032    10.7699    23.1108   11.59594 1.7781e+02 0.0000e+00
        270 236.740072    0.01868     1.1208     67.250      0.750  47591.178    30.2504    10.7767      0.743    6.40077    10.7648    23.1178   11.59659 1.8079e+02 0.0000e+00
        271 236.740075    0.01875     1.1250     67.500      0.760  47601.481    30.2569    10.7700      0.753    6.40142    10.7625    23.1240   11.59760 1.8300e+02 0.0000e+00
