CTD-processing/allCTD/CNV--turbid/2017_07-24_alongbay_skb11_cast221.cnv
* Sea-Bird SBE19plus Data File:
* FileName = P:\My Documents\kasitsna\Research-KBL\Oceanography-AK\CTD-Data-ALL-to-2017-02\2017-CTD-KachemakBay-CookInlet\2017-07-24-CookInlet-AlongBay-KB03toKB13\2017-07-24-KachemakBay-AlongBay-cast221.hex
* Software Version 1.59
* Temperature SN =  4141
* Conductivity SN =  4141
* System UpLoad Time = Jul 24 2017 20:09:09
** Cook Inlet Along Kachemak Bay Transect (KB03 to KB13)
** Date: 2017-07-24
** Station: (eg. 9-01): KB11
** Start time (AKDT): 14:37
** Depth (m): 57.3
** Comment: R/V Edgecumbe.  Quarterly survey.
** Comment:
# nquan = 16
# nvalues = 528                         
# units = specified
# name 0 = scan: Scan Count
# name 1 = timeJ: Julian Days
# name 2 = timeH: Time, Elapsed [hours]
# name 3 = timeM: Time, Elapsed [minutes]
# name 4 = timeS: Time, Elapsed [seconds]
# name 5 = prdM: Pressure, Strain Gauge [db]
# name 6 = specc: Specific Conductance [uS/cm]
# name 7 = sal00: Salinity, Practical [PSU]
# name 8 = tv290C: Temperature [ITS-90, deg C]
# name 9 = depSM: Depth [salt water, m], lat = 59.00
# name 10 = oxsolML/L: Oxygen Saturation, Garcia & Gordon [ml/l]
# name 11 = potemp090C: Potential Temperature [ITS-90, deg C]
# name 12 = sigma-é00: Density [sigma-theta, kg/m^3]
# name 13 = n2satML/L: Nitrogen Saturation [ml/l]
# name 14 = par: PAR/Irradiance, Biospherical/Licor
# name 15 = flag:  0.000e+00
# span 0 =          1,        528       
# span 1 = 205.609363, 205.610888       
# span 2 =    0.00000,    0.03660       
# span 3 =     0.0000,     2.1958       
# span 4 =      0.000,    131.750       
# span 5 =      0.597,     49.021       
# span 6 =  35282.598,  50193.012       
# span 7 =    21.8430,    31.6191       
# span 8 =     7.5435,    12.1536       
# span 9 =      0.591,     48.557       
# span 10 =    6.46229,    6.81796      
# span 11 =     7.5390,    11.9836      
# span 12 =    16.3698,    24.6775      
# span 13 =   11.74807,   12.27101      
# span 14 = 5.2202e-02, 6.7546e+02      
# span 15 = 0.0000e+00, 0.0000e+00      
# interval = seconds: 0.25
# start_time = Jul 24 2017 14:37:29 [Instrument's time stamp, header]
# bad_flag = -9.990e-29
*END*
          1 205.609363    0.00000     0.0000      0.000      0.597  35282.598    21.8430    12.1536      0.591    6.55269    11.9836    16.3698   11.95094 6.7546e+02 0.0000e+00
          2 205.609366    0.00007     0.0042      0.250      0.676  35380.704    21.9042    12.0697      0.669    6.56204    11.9150    16.4310   11.96579 5.4228e+02 0.0000e+00
          3 205.609369    0.00014     0.0083      0.500      0.757  35488.658    21.9720    11.9837      0.749    6.57142    11.8691    16.4976   11.98062 4.2517e+02 0.0000e+00
          4 205.609372    0.00021     0.0125      0.750      0.819  35584.881    22.0330    11.9151      0.811    6.57863    11.8427    16.5560   11.99190 3.5188e+02 0.0000e+00
          5 205.609375    0.00028     0.0167      1.000      0.858  35662.182    22.0825    11.8692      0.850    6.58310    11.8286    16.6019   11.99875 3.1541e+02 0.0000e+00
          6 205.609378    0.00035     0.0208      1.250      0.879  35721.250    22.1210    11.8428      0.871    6.58525    11.8199    16.6360   12.00186 3.0459e+02 0.0000e+00
          7 205.609381    0.00042     0.0250      1.500      0.890  35766.872    22.1511    11.8287      0.882    6.58600    11.8126    16.6616   12.00274 3.0867e+02 0.0000e+00
          8 205.609384    0.00049     0.0292      1.750      0.894  35806.591    22.1776    11.8200      0.886    6.58614    11.8049    16.6835   12.00265 3.1754e+02 0.0000e+00
          9 205.609387    0.00056     0.0333      2.000      0.895  35846.840    22.2045    11.8127      0.886    6.58606    11.7964    16.7055   12.00218 3.2351e+02 0.0000e+00
         10 205.609389    0.00063     0.0375      2.250      0.893  35889.279    22.2329    11.8050      0.885    6.58598    11.7873    16.7287   12.00170 3.2471e+02 0.0000e+00
         11 205.609392    0.00069     0.0417      2.500      0.891  35929.685    22.2598    11.7965      0.882    6.58607    11.7778    16.7509   12.00152 3.2355e+02 0.0000e+00
         12 205.609395    0.00076     0.0458      2.750      0.889  35962.642    22.2816    11.7874      0.880    6.58646    11.7681    16.7692   12.00191 3.2166e+02 0.0000e+00
         13 205.609398    0.00083     0.0500      3.000      0.885  35987.202    22.2977    11.7778      0.877    6.58716    11.7591    16.7832   12.00287 3.2195e+02 0.0000e+00
         14 205.609401    0.00090     0.0542      3.250      0.880  36005.042    22.3092    11.7682      0.872    6.58806    11.7514    16.7937   12.00424 3.3000e+02 0.0000e+00
         15 205.609404    0.00097     0.0583      3.500      0.869  36016.548    22.3164    11.7592      0.861    6.58904    11.7451    16.8008   12.00579 3.4925e+02 0.0000e+00
         16 205.609407    0.00104     0.0625      3.750      0.849  36020.977    22.3189    11.7515      0.841    6.59004    11.7397    16.8039   12.00742 3.7652e+02 0.0000e+00
         17 205.609410    0.00111     0.0667      4.000      0.822  36016.652    22.3155    11.7452      0.814    6.59109    11.7348    16.8023   12.00921 4.0051e+02 0.0000e+00
         18 205.609413    0.00118     0.0708      4.250      0.796  36003.938    22.3065    11.7398      0.788    6.59223    11.7306    16.7962   12.01123 4.1245e+02 0.0000e+00
         19 205.609416    0.00125     0.0750      4.500      0.778  35988.812    22.2959    11.7349      0.771    6.59336    11.7272    16.7888   12.01325 4.1430e+02 0.0000e+00
         20 205.609418    0.00132     0.0792      4.750      0.771  35974.290    22.2857    11.7307      0.764    6.59439    11.7246    16.7816   12.01508 4.0990e+02 0.0000e+00
         21 205.609421    0.00139     0.0833      5.000      0.769  35957.426    22.2740    11.7273      0.762    6.59536    11.7226    16.7731   12.01684 4.0322e+02 0.0000e+00
         22 205.609424    0.00146     0.0875      5.250      0.768  35937.186    22.2600    11.7247      0.761    6.59631    11.7208    16.7627   12.01860 3.9805e+02 0.0000e+00
         23 205.609427    0.00153     0.0917      5.500      0.765  35913.898    22.2440    11.7227      0.758    6.59727    11.7191    16.7507   12.02040 3.9660e+02 0.0000e+00
         24 205.609430    0.00160     0.0958      5.750      0.760  35888.538    22.2266    11.7209      0.753    6.59825    11.7175    16.7375   12.02224 4.0144e+02 0.0000e+00
         25 205.609433    0.00167     0.1000      6.000      0.752  35863.572    22.2095    11.7192      0.746    6.59920    11.7164    16.7246   12.02405 4.1442e+02 0.0000e+00
         26 205.609436    0.00174     0.1042      6.250      0.744  35840.422    22.1937    11.7176      0.738    6.60009    11.7158    16.7126   12.02572 4.3510e+02 0.0000e+00
         27 205.609439    0.00181     0.1083      6.500      0.738  35818.583    22.1788    11.7164      0.731    6.60087    11.7157    16.7012   12.02722 4.5687e+02 0.0000e+00
         28 205.609442    0.00187     0.1125      6.750      0.734  35796.894    22.1640    11.7158      0.727    6.60158    11.7161    16.6899   12.02858 4.6995e+02 0.0000e+00
         29 205.609444    0.00194     0.1167      7.000      0.733  35775.486    22.1494    11.7158      0.726    6.60219    11.7166    16.6786   12.02978 4.7022e+02 0.0000e+00
         30 205.609447    0.00201     0.1208      7.250      0.736  35756.635    22.1366    11.7161      0.729    6.60268    11.7171    16.6686   12.03075 4.6206e+02 0.0000e+00
         31 205.609450    0.00208     0.1250      7.500      0.741  35742.406    22.1269    11.7166      0.734    6.60301    11.7177    16.6611   12.03142 4.5396e+02 0.0000e+00
         32 205.609453    0.00215     0.1292      7.750      0.746  35732.150    22.1200    11.7171      0.739    6.60322    11.7182    16.6557   12.03186 4.5044e+02 0.0000e+00
         33 205.609456    0.00222     0.1333      8.000      0.749  35724.216    22.1147    11.7177      0.742    6.60336    11.7186    16.6514   12.03217 4.5146e+02 0.0000e+00
         34 205.609459    0.00229     0.1375      8.250      0.749  35718.035    22.1105    11.7182      0.742    6.60346    11.7189    16.6481   12.03238 4.5396e+02 0.0000e+00
         35 205.609462    0.00236     0.1417      8.500      0.750  35713.215    22.1073    11.7187      0.743    6.60353    11.7189    16.6455   12.03253 4.5180e+02 0.0000e+00
         36 205.609465    0.00243     0.1458      8.750      0.753  35708.836    22.1043    11.7190      0.746    6.60362    11.7187    16.6432   12.03271 4.4170e+02 0.0000e+00
         37 205.609468    0.00250     0.1500      9.000      0.759  35704.630    22.1014    11.7190      0.751    6.60373    11.7185    16.6410   12.03295 4.2653e+02 0.0000e+00
         38 205.609470    0.00257     0.1542      9.250      0.765  35701.118    22.0990    11.7188      0.757    6.60386    11.7185    16.6391   12.03319 4.1358e+02 0.0000e+00
         39 205.609473    0.00264     0.1583      9.500      0.770  35698.275    22.0971    11.7185      0.762    6.60398    11.7187    16.6377   12.03340 4.0985e+02 0.0000e+00
         40 205.609476    0.00271     0.1625      9.750      0.771  35695.324    22.0951    11.7185      0.764    6.60407    11.7193    16.6361   12.03358 4.1777e+02 0.0000e+00
         41 205.609479    0.00278     0.1667     10.000      0.770  35692.309    22.0931    11.7188      0.763    6.60411    11.7201    16.6345   12.03368 4.3341e+02 0.0000e+00
         42 205.609482    0.00285     0.1708     10.250      0.769  35690.803    22.0921    11.7194      0.762    6.60407    11.7210    16.6336   12.03362 4.4914e+02 0.0000e+00
         43 205.609485    0.00292     0.1750     10.500      0.768  35691.918    22.0929    11.7202      0.761    6.60392    11.7217    16.6341   12.03336 4.5774e+02 0.0000e+00
         44 205.609488    0.00299     0.1792     10.750      0.769  35695.092    22.0951    11.7211      0.762    6.60371    11.7223    16.6357   12.03298 4.5533e+02 0.0000e+00
         45 205.609491    0.00306     0.1833     11.000      0.772  35699.053    22.0978    11.7218      0.764    6.60349    11.7229    16.6377   12.03258 4.4317e+02 0.0000e+00
         46 205.609494    0.00313     0.1875     11.250      0.776  35702.393    22.1001    11.7224      0.769    6.60331    11.7236    16.6394   12.03225 4.2629e+02 0.0000e+00
         47 205.609497    0.00319     0.1917     11.500      0.783  35704.069    22.1013    11.7230      0.775    6.60317    11.7247    16.6402   12.03201 4.0882e+02 0.0000e+00
         48 205.609499    0.00326     0.1958     11.750      0.791  35704.541    22.1017    11.7237      0.784    6.60305    11.7260    16.6404   12.03179 3.9043e+02 0.0000e+00
         49 205.609502    0.00333     0.2000     12.000      0.802  35705.540    22.1024    11.7248      0.795    6.60287    11.7276    16.6408   12.03148 3.7222e+02 0.0000e+00
         50 205.609505    0.00340     0.2042     12.250      0.817  35708.445    22.1045    11.7261      0.810    6.60259    11.7297    16.6422   12.03099 3.5738e+02 0.0000e+00
         51 205.609508    0.00347     0.2083     12.500      0.839  35713.692    22.1082    11.7277      0.831    6.60220    11.7325    16.6448   12.03030 3.4427e+02 0.0000e+00
         52 205.609511    0.00354     0.2125     12.750      0.868  35723.289    22.1148    11.7298      0.860    6.60163    11.7370    16.6496   12.02927 3.3234e+02 0.0000e+00
         53 205.609514    0.00361     0.2167     13.000      0.899  35738.344    22.1253    11.7326      0.890    6.60079    11.7435    16.6572   12.02773 3.2523e+02 0.0000e+00
         54 205.609517    0.00368     0.2208     13.250      0.922  35750.984    22.1342    11.7371      0.913    6.59977    11.7497    16.6634   12.02592 3.2060e+02 0.0000e+00
         55 205.609520    0.00375     0.2250     13.500      0.936  35753.252    22.1361    11.7436      0.927    6.59877    11.7529    16.6638   12.02423 3.1456e+02 0.0000e+00
         56 205.609523    0.00382     0.2292     13.750      0.946  35749.491    22.1340    11.7498      0.937    6.59796    11.7524    16.6612   12.02292 3.0902e+02 0.0000e+00
         57 205.609525    0.00389     0.2333     14.000      0.952  35748.286    22.1334    11.7530      0.942    6.59753    11.7493    16.6602   12.02220 3.0656e+02 0.0000e+00
         58 205.609528    0.00396     0.2375     14.250      0.954  35753.755    22.1370    11.7525      0.945    6.59745    11.7451    16.6631   12.02203 3.0848e+02 0.0000e+00
         59 205.609531    0.00403     0.2417     14.500      0.952  35765.603    22.1449    11.7494      0.943    6.59758    11.7411    16.6697   12.02213 3.1613e+02 0.0000e+00
         60 205.609534    0.00410     0.2458     14.750      0.945  35781.548    22.1555    11.7452      0.936    6.59773    11.7383    16.6785   12.02227 3.3205e+02 0.0000e+00
         61 205.609537    0.00417     0.2500     15.000      0.930  35799.075    22.1671    11.7412      0.921    6.59782    11.7375    16.6882   12.02227 3.6055e+02 0.0000e+00
         62 205.609540    0.00424     0.2542     15.250      0.901  35814.975    22.1777    11.7383      0.893    6.59778    11.7397    16.6969   12.02207 4.0713e+02 0.0000e+00
         63 205.609543    0.00431     0.2583     15.500      0.853  35826.142    22.1853    11.7376      0.846    6.59757    11.7444    16.7028   12.02163 4.7391e+02 0.0000e+00
         64 205.609546    0.00438     0.2625     15.750      0.793  35831.976    22.1894    11.7397      0.786    6.59710    11.7496    16.7057   12.02079 5.4956e+02 0.0000e+00
         65 205.609549    0.00444     0.2667     16.000      0.738  35834.121    22.1912    11.7444      0.731    6.59635    11.7535    16.7063   12.01952 6.0240e+02 0.0000e+00
         66 205.609552    0.00451     0.2708     16.250      0.700  35835.222    22.1924    11.7496      0.693    6.59556    11.7573    16.7064   12.01819 6.1431e+02 0.0000e+00
         67 205.609554    0.00458     0.2750     16.500      0.682  35837.382    22.1941    11.7536      0.675    6.59492    11.7633    16.7071   12.01711 6.0402e+02 0.0000e+00
         68 205.609557    0.00465     0.2792     16.750      0.683  35839.334    22.1957    11.7574      0.676    6.59432    11.7719    16.7077   12.01607 5.8024e+02 0.0000e+00
         69 205.609560    0.00472     0.2833     17.000      0.701  35838.415    22.1955    11.7633      0.694    6.59347    11.7817    16.7065   12.01467 5.4121e+02 0.0000e+00
         70 205.609563    0.00479     0.2875     17.250      0.728  35834.503    22.1934    11.7720      0.721    6.59232    11.7914    16.7035   12.01278 5.0325e+02 0.0000e+00
         71 205.609566    0.00486     0.2917     17.500      0.752  35829.518    22.1906    11.7818      0.745    6.59104    11.8005    16.6998   12.01066 4.7740e+02 0.0000e+00
         72 205.609569    0.00493     0.2958     17.750      0.766  35824.516    22.1879    11.7915      0.759    6.58977    11.8082    16.6961   12.00858 4.6322e+02 0.0000e+00
         73 205.609572    0.00500     0.3000     18.000      0.772  35819.536    22.1851    11.8006      0.765    6.58858    11.8137    16.6925   12.00663 4.5942e+02 0.0000e+00
         74 205.609575    0.00507     0.3042     18.250      0.773  35814.974    22.1825    11.8083      0.766    6.58759    11.8166    16.6892   12.00501 4.6347e+02 0.0000e+00
         75 205.609578    0.00514     0.3083     18.500      0.772  35811.360    22.1804    11.8138      0.764    6.58689    11.8169    16.6867   12.00388 4.7016e+02 0.0000e+00
         76 205.609580    0.00521     0.3125     18.750      0.771  35809.494    22.1794    11.8166      0.764    6.58653    11.8156    16.6854   12.00328 4.7212e+02 0.0000e+00
         77 205.609583    0.00528     0.3167     19.000      0.773  35810.496    22.1801    11.8170      0.766    6.58645    11.8140    16.6859   12.00314 4.6558e+02 0.0000e+00
         78 205.609586    0.00535     0.3208     19.250      0.778  35814.405    22.1827    11.8157      0.771    6.58653    11.8133    16.6881   12.00324 4.5160e+02 0.0000e+00
         79 205.609589    0.00542     0.3250     19.500      0.784  35819.000    22.1857    11.8141      0.777    6.58663    11.8140    16.6907   12.00337 4.3253e+02 0.0000e+00
         80 205.609592    0.00549     0.3292     19.750      0.790  35821.703    22.1875    11.8134      0.783    6.58667    11.8164    16.6922   12.00341 4.1224e+02 0.0000e+00
         81 205.609595    0.00556     0.3333     20.000      0.794  35821.756    22.1876    11.8141      0.786    6.58656    11.8192    16.6921   12.00323 3.9587e+02 0.0000e+00
         82 205.609598    0.00562     0.3375     20.250      0.795  35819.271    22.1860    11.8165      0.787    6.58629    11.8208    16.6906   12.00279 3.8780e+02 0.0000e+00
         83 205.609601    0.00569     0.3417     20.500      0.794  35814.507    22.1830    11.8193      0.786    6.58600    11.8197    16.6877   12.00235 3.8722e+02 0.0000e+00
         84 205.609604    0.00576     0.3458     20.750      0.790  35808.115    22.1787    11.8208      0.783    6.58596    11.8156    16.6842   12.00234 3.8978e+02 0.0000e+00
         85 205.609606    0.00583     0.3500     21.000      0.786  35800.689    22.1736    11.8197      0.778    6.58633    11.8090    16.6804   12.00302 3.9400e+02 0.0000e+00
         86 205.609609    0.00590     0.3542     21.250      0.780  35792.509    22.1678    11.8157      0.773    6.58715    11.8011    16.6766   12.00446 3.9957e+02 0.0000e+00
         87 205.609612    0.00597     0.3583     21.500      0.776  35784.163    22.1616    11.8091      0.769    6.58835    11.7934    16.6729   12.00653 4.0472e+02 0.0000e+00
         88 205.609615    0.00604     0.3625     21.750      0.775  35777.593    22.1566    11.8012      0.768    6.58969    11.7872    16.6704   12.00882 4.0872e+02 0.0000e+00
         89 205.609618    0.00611     0.3667     22.000      0.777  35775.792    22.1549    11.7935      0.770    6.59086    11.7832    16.6703   12.01080 4.1067e+02 0.0000e+00
         90 205.609621    0.00618     0.3708     22.250      0.783  35781.077    22.1581    11.7872      0.776    6.59161    11.7818    16.6737   12.01202 4.0721e+02 0.0000e+00
