CTD-processing/allCTD/CNV--turbid/2017_11-02_t6_s01_cast077.cnv
* Sea-Bird SBE19plus Data File:
* FileName = C:\Users\Kim.Powell\Desktop\Not Processed\2017\2017_11-02_\2017_11-02_TRANSECT_STATION_cast077.hex
* Software Version 1.59
* Temperature SN =  4141
* Conductivity SN =  4141
* System UpLoad Time = Nov 07 2017 08:11:19
** 2017_11-02
** Station: 6-01
** Start Time: 12:25
** Depth (m): 36.6
** Comment: Edgecumbe
** Comment:
# nquan = 16
# nvalues = 460                         
# units = specified
# name 0 = scan: Scan Count
# name 1 = timeJ: Julian Days
# name 2 = timeH: Time, Elapsed [hours]
# name 3 = timeM: Time, Elapsed [minutes]
# name 4 = timeS: Time, Elapsed [seconds]
# name 5 = prdM: Pressure, Strain Gauge [db]
# name 6 = specc: Specific Conductance [uS/cm]
# name 7 = sal00: Salinity, Practical [PSU]
# name 8 = tv290C: Temperature [ITS-90, deg C]
# name 9 = depSM: Depth [salt water, m], lat = 59.00
# name 10 = oxsolML/L: Oxygen Saturation, Garcia & Gordon [ml/l]
# name 11 = potemp090C: Potential Temperature [ITS-90, deg C]
# name 12 = sigma-é00: Density [sigma-theta, kg/m^3]
# name 13 = n2satML/L: Nitrogen Saturation [ml/l]
# name 14 = par: PAR/Irradiance, Biospherical/Licor
# name 15 = flag:  0.000e+00
# span 0 =          1,        460       
# span 1 = 306.517280, 306.518608       
# span 2 =    0.00000,    0.03188       
# span 3 =     0.0000,     1.9125       
# span 4 =      0.000,    114.750       
# span 5 =      0.214,     36.870       
# span 6 =   2106.862,  48473.445       
# span 7 =     1.3460,    30.6676       
# span 8 =     7.6598,     9.2591       
# span 9 =      0.212,     36.522       
# span 10 =    6.60130,    8.29085      
# span 11 =     7.7147,     9.2589      
# span 12 =     0.9238,    23.7081      
# span 13 =   11.92443,   15.15156      
# span 14 = 2.1778e+00, 4.9352e+02      
# span 15 = 0.0000e+00, 0.0000e+00      
# interval = seconds: 0.25
# start_time = Nov 02 2017 12:24:53 [Instrument's time stamp, header]
# bad_flag = -9.990e-29
*END*
          1 306.517280    0.00000     0.0000      0.000      0.214   2106.862     1.3460     7.6598      0.212    8.29085     7.7147     0.9238   15.15156 4.4688e+02 0.0000e+00
          2 306.517283    0.00007     0.0042      0.250      0.227   3509.185     2.2403     7.6804      0.224    8.24293     7.7718     1.6224   15.05883 4.7719e+02 0.0000e+00
          3 306.517286    0.00014     0.0083      0.500      0.248   5845.487     3.7305     7.7147      0.246    8.16309     7.8667     2.7866   14.90434 4.9247e+02 0.0000e+00
          4 306.517289    0.00021     0.0125      0.750      0.284   9738.501     6.2140     7.7718      0.281    8.03006     8.0184     4.7266   14.64693 4.9352e+02 0.0000e+00
          5 306.517292    0.00028     0.0167      1.000      0.342  16330.160    10.3533     7.8668      0.339    7.80837     8.2249     7.9601   14.21794 4.7821e+02 0.0000e+00
          6 306.517295    0.00035     0.0208      1.250      0.426  25382.218    15.9880     8.0185      0.422    7.50486     8.4490    12.3583   13.63191 4.5389e+02 0.0000e+00
          7 306.517297    0.00042     0.0250      1.500      0.523  33876.067    21.3220     8.2250      0.518    7.21074     8.6489    16.5120   13.06719 4.1618e+02 0.0000e+00
          8 306.517300    0.00049     0.0292      1.750      0.613  39599.530    24.9603     8.4491      0.608    6.99870     8.8061    19.3328   12.66366 3.6563e+02 0.0000e+00
          9 306.517303    0.00056     0.0333      2.000      0.685  42974.624    27.1113     8.6490      0.678    6.86303     8.9202    20.9906   12.40796 3.2386e+02 0.0000e+00
         10 306.517306    0.00063     0.0375      2.250      0.741  44968.890    28.3854     8.8062      0.734    6.77680     8.9980    21.9669   12.24673 3.0340e+02 0.0000e+00
         11 306.517309    0.00069     0.0417      2.500      0.788  46139.213    29.1342     8.9203      0.781    6.72278     9.0486    22.5374   12.14641 2.9568e+02 0.0000e+00
         12 306.517312    0.00076     0.0458      2.750      0.831  46830.582    29.5772     8.9981      0.823    6.68926     9.0811    22.8734   12.08446 2.8321e+02 0.0000e+00
         13 306.517315    0.00083     0.0500      3.000      0.875  47273.791    29.8633     9.0487      0.867    6.66770     9.1010    23.0903   12.04464 2.6775e+02 0.0000e+00
         14 306.517318    0.00090     0.0542      3.250      0.920  47570.524    30.0568     9.0812      0.911    6.65351     9.1106    23.2372   12.01841 2.5691e+02 0.0000e+00
         15 306.517321    0.00097     0.0583      3.500      0.956  47753.014    30.1761     9.1011      0.947    6.64479     9.1127    23.3277   12.00229 2.4734e+02 0.0000e+00
         16 306.517323    0.00104     0.0625      3.750      0.977  47866.542    30.2502     9.1107      0.968    6.63982     9.1136    23.3843   11.99302 2.3557e+02 0.0000e+00
         17 306.517326    0.00111     0.0667      4.000      0.983  47961.151    30.3127     9.1128      0.974    6.63659     9.1185    23.4330   11.98683 2.2611e+02 0.0000e+00
         18 306.517329    0.00118     0.0708      4.250      0.983  48052.644    30.3744     9.1137      0.973    6.63368     9.1283    23.4812   11.98120 2.2184e+02 0.0000e+00
         19 306.517332    0.00125     0.0750      4.500      0.982  48130.008    30.4278     9.1186      0.973    6.63058     9.1407    23.5222   11.97538 2.1635e+02 0.0000e+00
         20 306.517335    0.00132     0.0792      4.750      0.986  48188.600    30.4693     9.1284      0.977    6.62730     9.1533    23.5532   11.96944 2.0709e+02 0.0000e+00
         21 306.517338    0.00139     0.0833      5.000      0.997  48234.464    30.5026     9.1408      0.988    6.62402     9.1645    23.5773   11.96358 2.0098e+02 0.0000e+00
         22 306.517341    0.00146     0.0875      5.250      1.010  48263.502    30.5243     9.1534      1.001    6.62123     9.1739    23.5924   11.95868 2.0061e+02 0.0000e+00
         23 306.517344    0.00153     0.0917      5.500      1.021  48275.890    30.5343     9.1646      1.012    6.61913     9.1814    23.5985   11.95509 2.0635e+02 0.0000e+00
         24 306.517347    0.00160     0.0958      5.750      1.027  48279.927    30.5383     9.1740      1.017    6.61756     9.1870    23.6001   11.95244 2.2429e+02 0.0000e+00
         25 306.517350    0.00167     0.1000      6.000      1.026  48280.425    30.5396     9.1815      1.016    6.61640     9.1908    23.6000   11.95049 2.5534e+02 0.0000e+00
         26 306.517352    0.00174     0.1042      6.250      1.022  48279.972    30.5400     9.1871      1.012    6.61555     9.1928    23.5995   11.94909 2.9779e+02 0.0000e+00
         27 306.517355    0.00181     0.1083      6.500      1.018  48280.292    30.5407     9.1909      1.008    6.61497     9.1933    23.5994   11.94811 3.3804e+02 0.0000e+00
         28 306.517358    0.00187     0.1125      6.750      1.021  48280.877    30.5413     9.1929      1.012    6.61465     9.1929    23.5997   11.94757 3.4258e+02 0.0000e+00
         29 306.517361    0.00194     0.1167      7.000      1.037  48278.929    30.5400     9.1934      1.028    6.61463     9.1916    23.5986   11.94755 3.1066e+02 0.0000e+00
         30 306.517364    0.00201     0.1208      7.250      1.068  48270.176    30.5338     9.1930      1.059    6.61496     9.1888    23.5938   11.94818 2.7871e+02 0.0000e+00
         31 306.517367    0.00208     0.1250      7.500      1.105  48253.147    30.5217     9.1917      1.095    6.61566     9.1845    23.5845   11.94949 2.6278e+02 0.0000e+00
         32 306.517370    0.00215     0.1292      7.750      1.133  48240.793    30.5126     9.1890      1.123    6.61645     9.1810    23.5778   11.95091 2.5790e+02 0.0000e+00
         33 306.517373    0.00222     0.1333      8.000      1.148  48250.208    30.5187     9.1847      1.138    6.61683     9.1809    23.5832   11.95145 2.5911e+02 0.0000e+00
         34 306.517376    0.00229     0.1375      8.250      1.155  48277.743    30.5375     9.1812      1.145    6.61654     9.1841    23.5985   11.95074 2.6730e+02 0.0000e+00
         35 306.517378    0.00236     0.1417      8.500      1.160  48305.396    30.5568     9.1810      1.149    6.61573     9.1887    23.6136   11.94918 2.7810e+02 0.0000e+00
         36 306.517381    0.00243     0.1458      8.750      1.166  48321.377    30.5685     9.1842      1.155    6.61477     9.1930    23.6222   11.94744 2.7055e+02 0.0000e+00
         37 306.517384    0.00250     0.1500      9.000      1.176  48325.581    30.5720     9.1888      1.165    6.61394     9.1964    23.6243   11.94602 2.4495e+02 0.0000e+00
         38 306.517387    0.00257     0.1542      9.250      1.188  48323.491    30.5711     9.1931      1.177    6.61333     9.1986    23.6229   11.94503 2.3207e+02 0.0000e+00
         39 306.517390    0.00264     0.1583      9.500      1.196  48319.863    30.5690     9.1965      1.185    6.61294     9.1999    23.6208   11.94440 2.4098e+02 0.0000e+00
         40 306.517393    0.00271     0.1625      9.750      1.198  48318.189    30.5682     9.1987      1.187    6.61265     9.2005    23.6198   11.94393 2.5562e+02 0.0000e+00
         41 306.517396    0.00278     0.1667     10.000      1.195  48319.584    30.5693     9.2000      1.184    6.61241     9.2007    23.6205   11.94352 2.6682e+02 0.0000e+00
         42 306.517399    0.00285     0.1708     10.250      1.189  48321.977    30.5711     9.2006      1.178    6.61224     9.2005    23.6218   11.94322 2.6854e+02 0.0000e+00
         43 306.517402    0.00292     0.1750     10.500      1.184  48322.834    30.5717     9.2008      1.173    6.61219     9.2002    23.6222   11.94312 2.5547e+02 0.0000e+00
         44 306.517405    0.00299     0.1792     10.750      1.182  48321.027    30.5704     9.2006      1.171    6.61226     9.1998    23.6212   11.94327 2.4000e+02 0.0000e+00
         45 306.517407    0.00306     0.1833     11.000      1.181  48316.916    30.5675     9.2003      1.170    6.61244     9.1994    23.6190   11.94359 2.2600e+02 0.0000e+00
         46 306.517410    0.00313     0.1875     11.250      1.177  48312.112    30.5641     9.1999      1.166    6.61265     9.1991    23.6164   11.94398 2.0227e+02 0.0000e+00
         47 306.517413    0.00319     0.1917     11.500      1.167  48309.381    30.5621     9.1995      1.156    6.61279     9.1989    23.6149   11.94424 1.8121e+02 0.0000e+00
         48 306.517416    0.00326     0.1958     11.750      1.152  48310.607    30.5629     9.1992      1.142    6.61280     9.1988    23.6156   11.94424 1.7746e+02 0.0000e+00
         49 306.517419    0.00333     0.2000     12.000      1.138  48314.127    30.5653     9.1990      1.127    6.61272     9.1989    23.6175   11.94409 1.7794e+02 0.0000e+00
         50 306.517422    0.00340     0.2042     12.250      1.129  48316.776    30.5672     9.1989      1.119    6.61265     9.1993    23.6190   11.94396 1.7084e+02 0.0000e+00
         51 306.517425    0.00347     0.2083     12.500      1.130  48316.650    30.5671     9.1990      1.120    6.61264     9.1999    23.6189   11.94394 1.6381e+02 0.0000e+00
         52 306.517428    0.00354     0.2125     12.750      1.141  48313.234    30.5648     9.1994      1.131    6.61268     9.2006    23.6170   11.94404 1.6113e+02 0.0000e+00
         53 306.517431    0.00361     0.2167     13.000      1.157  48307.262    30.5607     9.2000      1.146    6.61277     9.2012    23.6137   11.94422 1.6069e+02 0.0000e+00
         54 306.517433    0.00368     0.2208     13.250      1.170  48300.562    30.5561     9.2007      1.159    6.61287     9.2020    23.6100   11.94444 1.6241e+02 0.0000e+00
         55 306.517436    0.00375     0.2250     13.500      1.179  48295.955    30.5529     9.2013      1.168    6.61291     9.2029    23.6075   11.94455 1.6475e+02 0.0000e+00
         56 306.517439    0.00382     0.2292     13.750      1.184  48295.367    30.5526     9.2021      1.173    6.61282     9.2039    23.6071   11.94440 1.6581e+02 0.0000e+00
         57 306.517442    0.00389     0.2333     14.000      1.185  48297.221    30.5540     9.2030      1.174    6.61262     9.2048    23.6081   11.94406 1.6930e+02 0.0000e+00
         58 306.517445    0.00396     0.2375     14.250      1.184  48298.306    30.5549     9.2040      1.173    6.61243     9.2059    23.6086   11.94374 1.7819e+02 0.0000e+00
         59 306.517448    0.00403     0.2417     14.500      1.182  48297.090    30.5542     9.2050      1.171    6.61232     9.2070    23.6079   11.94356 1.8651e+02 0.0000e+00
         60 306.517451    0.00410     0.2458     14.750      1.178  48293.925    30.5521     9.2060      1.167    6.61226     9.2083    23.6061   11.94348 1.9142e+02 0.0000e+00
         61 306.517454    0.00417     0.2500     15.000      1.172  48290.515    30.5499     9.2072      1.161    6.61219     9.2096    23.6042   11.94339 1.9108e+02 0.0000e+00
         62 306.517457    0.00424     0.2542     15.250      1.166  48288.694    30.5488     9.2084      1.155    6.61205     9.2107    23.6032   11.94317 1.8335e+02 0.0000e+00
         63 306.517459    0.00431     0.2583     15.500      1.161  48287.868    30.5484     9.2097      1.151    6.61187     9.2117    23.6026   11.94289 1.7734e+02 0.0000e+00
         64 306.517462    0.00438     0.2625     15.750      1.159  48285.664    30.5470     9.2109      1.148    6.61176     9.2127    23.6014   11.94272 1.7889e+02 0.0000e+00
         65 306.517465    0.00444     0.2667     16.000      1.158  48280.930    30.5438     9.2118      1.147    6.61176     9.2137    23.5987   11.94275 1.8684e+02 0.0000e+00
         66 306.517468    0.00451     0.2708     16.250      1.155  48274.228    30.5393     9.2128      1.145    6.61181     9.2149    23.5950   11.94290 2.0147e+02 0.0000e+00
         67 306.517471    0.00458     0.2750     16.500      1.152  48267.016    30.5343     9.2138      1.141    6.61187     9.2162    23.5910   11.94306 2.1260e+02 0.0000e+00
         68 306.517474    0.00465     0.2792     16.750      1.147  48260.789    30.5301     9.2150      1.136    6.61187     9.2176    23.5875   11.94311 2.1426e+02 0.0000e+00
         69 306.517477    0.00472     0.2833     17.000      1.143  48256.019    30.5270     9.2163      1.132    6.61181     9.2185    23.5848   11.94304 2.1958e+02 0.0000e+00
         70 306.517480    0.00479     0.2875     17.250      1.143  48251.572    30.5240     9.2177      1.132    6.61174     9.2185    23.5823   11.94296 2.2283e+02 0.0000e+00
         71 306.517483    0.00486     0.2917     17.500      1.148  48244.652    30.5193     9.2186      1.137    6.61181     9.2174    23.5785   11.94313 2.0983e+02 0.0000e+00
         72 306.517486    0.00493     0.2958     17.750      1.157  48231.469    30.5101     9.2187      1.146    6.61219     9.2149    23.5713   11.94388 1.9598e+02 0.0000e+00
         73 306.517488    0.00500     0.3000     18.000      1.166  48209.465    30.4945     9.2175      1.155    6.61303     9.2112    23.5593   11.94545 1.9341e+02 0.0000e+00
         74 306.517491    0.00507     0.3042     18.250      1.171  48183.926    30.4763     9.2150      1.160    6.61417     9.2063    23.5454   11.94756 1.9559e+02 0.0000e+00
         75 306.517494    0.00514     0.3083     18.500      1.171  48166.863    30.4638     9.2113      1.159    6.61524     9.2003    23.5362   11.94948 1.9863e+02 0.0000e+00
         76 306.517497    0.00521     0.3125     18.750      1.166  48165.384    30.4621     9.2064      1.155    6.61604     9.1948    23.5357   11.95083 2.0679e+02 0.0000e+00
         77 306.517500    0.00528     0.3167     19.000      1.158  48178.756    30.4707     9.2004      1.147    6.61655     9.1916    23.5433   11.95159 2.2744e+02 0.0000e+00
         78 306.517503    0.00535     0.3208     19.250      1.150  48200.022    30.4849     9.1949      1.139    6.61675     9.1914    23.5552   11.95175 2.4161e+02 0.0000e+00
         79 306.517506    0.00542     0.3250     19.500      1.144  48219.461    30.4981     9.1917      1.133    6.61666     9.1937    23.5660   11.95143 2.2583e+02 0.0000e+00
         80 306.517509    0.00549     0.3292     19.750      1.141  48231.266    30.5063     9.1915      1.131    6.61634     9.1970    23.5725   11.95079 2.0438e+02 0.0000e+00
         81 306.517512    0.00556     0.3333     20.000      1.143  48234.251    30.5087     9.1938      1.133    6.61591     9.2001    23.5740   11.95005 1.9472e+02 0.0000e+00
         82 306.517514    0.00562     0.3375     20.250      1.149  48229.040    30.5055     9.1971      1.139    6.61556     9.2021    23.5710   11.94951 1.8278e+02 0.0000e+00
         83 306.517517    0.00569     0.3417     20.500      1.158  48216.388    30.4970     9.2002      1.147    6.61546     9.2028    23.5639   11.94946 1.6989e+02 0.0000e+00
         84 306.517520    0.00576     0.3458     20.750      1.165  48197.025    30.4837     9.2022      1.154    6.61573     9.2023    23.5532   11.95006 1.7047e+02 0.0000e+00
         85 306.517523    0.00583     0.3500     21.000      1.167  48175.170    30.4685     9.2029      1.156    6.61628     9.2010    23.5412   11.95116 1.8836e+02 0.0000e+00
         86 306.517526    0.00590     0.3542     21.250      1.162  48159.235    30.4573     9.2024      1.151    6.61683     9.1990    23.5325   11.95221 2.1192e+02 0.0000e+00
         87 306.517529    0.00597     0.3583     21.500      1.151  48155.107    30.4542     9.2011      1.141    6.61715     9.1969    23.5303   11.95278 2.2054e+02 0.0000e+00
         88 306.517532    0.00604     0.3625     21.750      1.138  48164.741    30.4607     9.1991      1.127    6.61717     9.1961    23.5357   11.95273 2.1244e+02 0.0000e+00
         89 306.517535    0.00611     0.3667     22.000      1.127  48186.213    30.4755     9.1970      1.117    6.61685     9.1974    23.5476   11.95202 2.0114e+02 0.0000e+00
         90 306.517538    0.00618     0.3708     22.250      1.124  48210.570    30.4924     9.1962      1.114    6.61624     9.2002    23.5610   11.95080 1.8530e+02 0.0000e+00
