CTD-processing/allCTD/CNV--turbid/2017_04-19_t7_s06_cast104.cnv
* Sea-Bird SBE19plus Data File:
* FileName = P:\My Documents\kasitsna\Research-KBL\Oceanography-AK\CTD-Data-ALL-to-2017-02\2017-CTD-KachemakBay-CookInlet\2017-04-19-CookInlet-Tran7-Augustine\2017-04-19-CookInlet-Tran7-cast104.hex
* Software Version 1.59
* Temperature SN =  4141
* Conductivity SN =  4141
* System UpLoad Time = Apr 19 2017 16:37:08
** Cook Inlet LTM Transect 7 Augustine west to east
** Date: 2017-04-19
** Station: (eg. 9-01): 7-06
** Start time (AKDT): 09:50
** Depth (m): 57.9
** Comment: R/V Alaska Dreamcatcher
** Comment: Minke whale!
# nquan = 16
# nvalues = 481                         
# units = specified
# name 0 = scan: Scan Count
# name 1 = timeJ: Julian Days
# name 2 = timeH: Time, Elapsed [hours]
# name 3 = timeM: Time, Elapsed [minutes]
# name 4 = timeS: Time, Elapsed [seconds]
# name 5 = prdM: Pressure, Strain Gauge [db]
# name 6 = specc: Specific Conductance [uS/cm]
# name 7 = sal00: Salinity, Practical [PSU]
# name 8 = tv290C: Temperature [ITS-90, deg C]
# name 9 = depSM: Depth [salt water, m], lat = 59.00
# name 10 = oxsolML/L: Oxygen Saturation, Garcia & Gordon [ml/l]
# name 11 = potemp090C: Potential Temperature [ITS-90, deg C]
# name 12 = sigma-é00: Density [sigma-theta, kg/m^3]
# name 13 = n2satML/L: Nitrogen Saturation [ml/l]
# name 14 = par: PAR/Irradiance, Biospherical/Licor
# name 15 = flag:  0.000e+00
# span 0 =          1,        481       
# span 1 = 109.410127, 109.411516       
# span 2 =    0.00000,    0.03333       
# span 3 =     0.0000,     2.0000       
# span 4 =      0.000,    120.000       
# span 5 =     -0.065,     57.799       
# span 6 =    504.856,  51578.939       
# span 7 =     0.2342,    31.7112       
# span 8 =     3.4487,     4.5584       
# span 9 =     -0.065,     57.251       
# span 10 =    7.45646,    9.02572      
# span 11 =     3.4459,     4.5584      
# span 12 =     0.1609,    25.2221      
# span 13 =   13.32535,   16.40187      
# span 14 = 3.8563e-02, 8.4789e+02      
# span 15 = 0.0000e+00, 0.0000e+00      
# interval = seconds: 0.25
# start_time = Apr 19 2017 09:50:35 [Instrument's time stamp, header]
# bad_flag = -9.990e-29
*END*
[from data line 452]
        453 109.411435    0.03139     1.8833    113.000     55.319  51578.231    31.7109     3.4502     54.794    7.50797     3.4470    25.2217   13.40932 4.2848e-02 0.0000e+00
        454 109.411438    0.03146     1.8875    113.250     55.585  51578.331    31.7108     3.4502     55.058    7.50796     3.4470    25.2217   13.40930 4.2303e-02 0.0000e+00
        455 109.411441    0.03153     1.8917    113.500     55.845  51578.389    31.7108     3.4503     55.316    7.50795     3.4471    25.2216   13.40929 4.1785e-02 0.0000e+00
        456 109.411444    0.03160     1.8958    113.750     56.100  51578.441    31.7107     3.4503     55.568    7.50794     3.4472    25.2215   13.40928 4.1266e-02 0.0000e+00
        457 109.411447    0.03167     1.9000    114.000     56.350  51578.417    31.7106     3.4504     55.815    7.50793     3.4473    25.2214   13.40927 4.0763e-02 0.0000e+00
        458 109.411450    0.03174     1.9042    114.250     56.594  51578.388    31.7104     3.4505     56.057    7.50792     3.4474    25.2213   13.40926 4.0308e-02 0.0000e+00
        459 109.411453    0.03181     1.9083    114.500     56.830  51578.499    31.7104     3.4506     56.291    7.50790     3.4476    25.2213   13.40922 3.9908e-02 0.0000e+00
        460 109.411455    0.03188     1.9125    114.750     57.051  51578.771    31.7105     3.4508     56.510    7.50787     3.4478    25.2214   13.40916 3.9524e-02 0.0000e+00
        461 109.411458    0.03194     1.9167    115.000     57.250  51578.939    31.7106     3.4510     56.707    7.50783     3.4480    25.2214   13.40909 3.9150e-02 0.0000e+00
        462 109.411461    0.03201     1.9208    115.250     57.417  51578.830    31.7105     3.4512     56.872    7.50779     3.4482    25.2213   13.40904 3.8896e-02 0.0000e+00
        463 109.411464    0.03208     1.9250    115.500     57.540  51578.534    31.7103     3.4514     56.994    7.50777     3.4484    25.2211   13.40900 3.8809e-02 0.0000e+00
        464 109.411467    0.03215     1.9292    115.750     57.623  51578.359    31.7102     3.4516     57.076    7.50774     3.4486    25.2210   13.40895 3.8757e-02 0.0000e+00
        465 109.411470    0.03222     1.9333    116.000     57.676  51578.568    31.7103     3.4518     57.129    7.50769     3.4487    25.2211   13.40888 3.8682e-02 0.0000e+00
        466 109.411473    0.03229     1.9375    116.250     57.710  51578.855    31.7105     3.4520     57.163    7.50765     3.4489    25.2213   13.40880 3.8627e-02 0.0000e+00
        467 109.411476    0.03236     1.9417    116.500     57.733  51578.816    31.7105     3.4521     57.185    7.50761     3.4492    25.2213   13.40875 3.8590e-02 0.0000e+00
        468 109.411479    0.03243     1.9458    116.750     57.748  51578.578    31.7104     3.4523     57.200    7.50758     3.4494    25.2212   13.40870 3.8570e-02 0.0000e+00
        469 109.411481    0.03250     1.9500    117.000     57.759  51578.397    31.7104     3.4526     57.211    7.50755     3.4496    25.2211   13.40864 3.8563e-02 0.0000e+00
        470 109.411484    0.03257     1.9542    117.250     57.767  51578.269    31.7103     3.4528     57.219    7.50751     3.4497    25.2211   13.40858 3.8566e-02 0.0000e+00
        471 109.411487    0.03264     1.9583    117.500     57.774  51578.001    31.7102     3.4530     57.226    7.50748     3.4498    25.2209   13.40853 3.8570e-02 0.0000e+00
        472 109.411490    0.03271     1.9625    117.750     57.780  51577.436    31.7098     3.4531     57.232    7.50748     3.4498    25.2206   13.40853 3.8569e-02 0.0000e+00
        473 109.411493    0.03278     1.9667    118.000     57.784  51576.912    31.7095     3.4532     57.236    7.50748     3.4497    25.2204   13.40854 3.8571e-02 0.0000e+00
        474 109.411496    0.03285     1.9708    118.250     57.788  51576.809    31.7094     3.4532     57.240    7.50748     3.4496    25.2203   13.40854 3.8578e-02 0.0000e+00
        475 109.411499    0.03292     1.9750    118.500     57.792  51576.900    31.7095     3.4531     57.244    7.50749     3.4495    25.2203   13.40855 3.8587e-02 0.0000e+00
        476 109.411502    0.03299     1.9792    118.750     57.794  51576.756    31.7094     3.4530     57.246    7.50752     3.4494    25.2202   13.40860 3.8595e-02 0.0000e+00
        477 109.411505    0.03306     1.9833    119.000     57.796  51576.311    31.7090     3.4529     57.248    7.50755     3.4493    25.2200   13.40866 3.8599e-02 0.0000e+00
        478 109.411508    0.03313     1.9875    119.250     57.797  51575.831    31.7087     3.4528     57.249    7.50758     3.4492    25.2197   13.40872 3.8602e-02 0.0000e+00
        479 109.411510    0.03319     1.9917    119.500     57.798  51575.528    31.7085     3.4528     57.250    7.50761     3.4492    25.2196   13.40876 3.8609e-02 0.0000e+00
        480 109.411513    0.03326     1.9958    119.750     57.799  51575.510    31.7084     3.4527     57.251    7.50762 -9.990e-29    25.2196   13.40878 3.8619e-02 0.0000e+00
        481 109.411516    0.03333     2.0000    120.000     57.799  51575.589    31.7085     3.4527     57.251    7.50762 -9.990e-29    25.2196   13.40878 3.8624e-02 0.0000e+00
