CTD-processing/allCTD/CNV--turbid/2017_03-28_alongbay_skb08_cast054.cnv
* Sea-Bird SBE19plus Data File:
* FileName = C:\Users\jwschloemer\Documents\CTD Data\2017_03_28_alongbay\2017_03_28_alongbay_cast054.hex
* Software Version 1.59
* Temperature SN =  4141
* Conductivity SN =  4141
* System UpLoad Time = Apr 03 2017 16:20:30
** Cook Inlet LTM Kbay Along Bay
** Date: 2017-03-28
** Station:KB08
** Start Time (AKST):13:51
** Depth (m):85
** Comment: R/V Edgecumbe
# nquan = 16
# nvalues = 688                         
# units = specified
# name 0 = scan: Scan Count
# name 1 = timeJ: Julian Days
# name 2 = timeH: Time, Elapsed [hours]
# name 3 = timeM: Time, Elapsed [minutes]
# name 4 = timeS: Time, Elapsed [seconds]
# name 5 = prdM: Pressure, Strain Gauge [db]
# name 6 = specc: Specific Conductance [uS/cm]
# name 7 = sal00: Salinity, Practical [PSU]
# name 8 = tv290C: Temperature [ITS-90, deg C]
# name 9 = depSM: Depth [salt water, m], lat = 59.00
# name 10 = oxsolML/L: Oxygen Saturation, Garcia & Gordon [ml/l]
# name 11 = potemp090C: Potential Temperature [ITS-90, deg C]
# name 12 = sigma-é00: Density [sigma-theta, kg/m^3]
# name 13 = n2satML/L: Nitrogen Saturation [ml/l]
# name 14 = par: PAR/Irradiance, Biospherical/Licor
# name 15 = flag:  0.000e+00
# span 0 =          1,        688       
# span 1 =  87.535995,  87.537983       
# span 2 =    0.00000,    0.04771       
# span 3 =     0.0000,     2.8625       
# span 4 =      0.000,    171.750       
# span 5 =      0.195,     74.141       
# span 6 =  51112.287,  52286.414       
# span 7 =    30.9496,    31.9879       
# span 8 =     1.6955,     3.0954       
# span 9 =      0.194,     73.435       
# span 10 =    7.55993,    7.88826      
# span 11 =     2.0706,     3.0918      
# span 12 =    24.7458,    25.5015      
# span 13 =   13.49142,   14.04696      
# span 14 = 4.3397e-02, 5.9223e+02      
# span 15 = 0.0000e+00, 0.0000e+00      
# interval = seconds: 0.25
# start_time = Mar 28 2017 12:51:50 [Instrument's time stamp, header]
# bad_flag = -9.990e-29
*END*
[from data line 633]
        634  87.537827    0.04396     2.6375    158.250     63.530  52125.189    31.9854     3.0954     62.926    7.55993     3.0917    25.4714   13.49143 4.4000e-02 0.0000e+00
        635  87.537830    0.04403     2.6417    158.500     63.749  52125.278    31.9853     3.0954     63.143    7.55994     3.0916    25.4714   13.49145 4.4004e-02 0.0000e+00
        636  87.537833    0.04410     2.6458    158.750     63.955  52125.578    31.9854     3.0953     63.347    7.55995     3.0915    25.4714   13.49146 4.3973e-02 0.0000e+00
        637  87.537836    0.04417     2.6500    159.000     64.150  52126.051    31.9856     3.0952     63.540    7.55996     3.0915    25.4716   13.49147 4.3936e-02 0.0000e+00
        638  87.537839    0.04424     2.6542    159.250     64.340  52126.506    31.9858     3.0952     63.729    7.55996     3.0914    25.4718   13.49147 4.3909e-02 0.0000e+00
        639  87.537841    0.04431     2.6583    159.500     64.535  52126.692    31.9858     3.0951     63.922    7.55996     3.0913    25.4718   13.49147 4.3896e-02 0.0000e+00
        640  87.537844    0.04437     2.6625    159.750     64.739  52126.566    31.9856     3.0951     64.124    7.55998     3.0912    25.4717   13.49150 4.3881e-02 0.0000e+00
        641  87.537847    0.04444     2.6667    160.000     64.952  52126.327    31.9853     3.0950     64.334    7.56001     3.0909    25.4714   13.49156 4.3860e-02 0.0000e+00
        642  87.537850    0.04451     2.6708    160.250     65.169  52126.157    31.9851     3.0949     64.549    7.56006     3.0906    25.4712   13.49164 4.3859e-02 0.0000e+00
        643  87.537853    0.04458     2.6750    160.500     65.383  52126.166    31.9849     3.0946     64.761    7.56011     3.0903    25.4711   13.49173 4.3879e-02 0.0000e+00
        644  87.537856    0.04465     2.6792    160.750     65.587  52126.446    31.9849     3.0943     64.963    7.56017     3.0900    25.4711   13.49182 4.3890e-02 0.0000e+00
        645  87.537859    0.04472     2.6833    161.000     65.781  52126.927    31.9850     3.0940     65.156    7.56022     3.0898    25.4712   13.49190 4.3881e-02 0.0000e+00
        646  87.537862    0.04479     2.6875    161.250     65.972  52127.495    31.9852     3.0938     65.345    7.56026     3.0897    25.4714   13.49196 4.3864e-02 0.0000e+00
        647  87.537865    0.04486     2.6917    161.500     66.165  52128.096    31.9855     3.0936     65.536    7.56028     3.0896    25.4717   13.49199 4.3865e-02 0.0000e+00
        648  87.537867    0.04493     2.6958    161.750     66.367  52128.568    31.9857     3.0935     65.735    7.56029     3.0896    25.4718   13.49201 4.3874e-02 0.0000e+00
        649  87.537870    0.04500     2.7000    162.000     66.577  52128.837    31.9857     3.0934     65.943    7.56030     3.0896    25.4719   13.49203 4.3851e-02 0.0000e+00
        650  87.537873    0.04507     2.7042    162.250     66.792  52129.031    31.9858     3.0934     66.157    7.56030     3.0896    25.4719   13.49204 4.3832e-02 0.0000e+00
        651  87.537876    0.04514     2.7083    162.500     67.009  52129.253    31.9858     3.0934     66.372    7.56030     3.0896    25.4719   13.49203 4.3850e-02 0.0000e+00
        652  87.537879    0.04521     2.7125    162.750     67.223  52129.461    31.9859     3.0934     66.583    7.56029     3.0896    25.4719   13.49202 4.3850e-02 0.0000e+00
        653  87.537882    0.04528     2.7167    163.000     67.431  52129.652    31.9859     3.0934     66.789    7.56028     3.0896    25.4720   13.49201 4.3830e-02 0.0000e+00
        654  87.537885    0.04535     2.7208    163.250     67.633  52129.876    31.9859     3.0935     66.990    7.56027     3.0897    25.4720   13.49199 4.3826e-02 0.0000e+00
        655  87.537888    0.04542     2.7250    163.500     67.833  52130.106    31.9860     3.0935     67.187    7.56026     3.0897    25.4721   13.49196 4.3817e-02 0.0000e+00
        656  87.537891    0.04549     2.7292    163.750     68.032  52130.320    31.9861     3.0936     67.385    7.56025     3.0898    25.4721   13.49194 4.3796e-02 0.0000e+00
        657  87.537894    0.04556     2.7333    164.000     68.236  52130.447    31.9860     3.0936     67.587    7.56024     3.0898    25.4721   13.49193 4.3781e-02 0.0000e+00
        658  87.537896    0.04562     2.7375    164.250     68.446  52130.428    31.9859     3.0937     67.795    7.56023     3.0899    25.4720   13.49192 4.3788e-02 0.0000e+00
        659  87.537899    0.04569     2.7417    164.500     68.661  52130.394    31.9858     3.0937     68.008    7.56022     3.0899    25.4719   13.49191 4.3835e-02 0.0000e+00
        660  87.537902    0.04576     2.7458    164.750     68.879  52130.466    31.9857     3.0938     68.224    7.56022     3.0899    25.4719   13.49190 4.3892e-02 0.0000e+00
        661  87.537905    0.04583     2.7500    165.000     69.094  52130.612    31.9857     3.0938     68.437    7.56021     3.0899    25.4719   13.49189 4.3923e-02 0.0000e+00
        662  87.537908    0.04590     2.7542    165.250     69.302  52130.792    31.9857     3.0938     68.643    7.56021     3.0898    25.4719   13.49189 4.3926e-02 0.0000e+00
        663  87.537911    0.04597     2.7583    165.500     69.501  52130.945    31.9857     3.0938     68.840    7.56021     3.0898    25.4719   13.49189 4.3901e-02 0.0000e+00
        664  87.537914    0.04604     2.7625    165.750     69.691  52131.117    31.9857     3.0938     69.028    7.56022     3.0898    25.4719   13.49190 4.3864e-02 0.0000e+00
        665  87.537917    0.04611     2.7667    166.000     69.876  52131.271    31.9857     3.0938     69.212    7.56022     3.0897    25.4719   13.49191 4.3829e-02 0.0000e+00
        666  87.537920    0.04618     2.7708    166.250     70.063  52131.246    31.9856     3.0938     69.396    7.56023     3.0895    25.4718   13.49193 4.3812e-02 0.0000e+00
        667  87.537922    0.04625     2.7750    166.500     70.256  52131.101    31.9854     3.0937     69.587    7.56026     3.0893    25.4717   13.49197 4.3832e-02 0.0000e+00
        668  87.537925    0.04632     2.7792    166.750     70.457  52130.924    31.9852     3.0936     69.787    7.56030     3.0890    25.4715   13.49204 4.3852e-02 0.0000e+00
        669  87.537928    0.04639     2.7833    167.000     70.666  52130.890    31.9850     3.0933     69.993    7.56035     3.0886    25.4713   13.49212 4.3836e-02 0.0000e+00
        670  87.537931    0.04646     2.7875    167.250     70.877  52131.201    31.9850     3.0930     70.203    7.56040     3.0884    25.4714   13.49222 4.3815e-02 0.0000e+00
        671  87.537934    0.04653     2.7917    167.500     71.089  52131.719    31.9852     3.0927     70.412    7.56046     3.0882    25.4715   13.49230 4.3792e-02 0.0000e+00
        672  87.537937    0.04660     2.7958    167.750     71.300  52132.192    31.9853     3.0925     70.621    7.56050     3.0881    25.4717   13.49237 4.3767e-02 0.0000e+00
        673  87.537940    0.04667     2.8000    168.000     71.511  52132.516    31.9854     3.0923     70.830    7.56052     3.0881    25.4717   13.49241 4.3764e-02 0.0000e+00
        674  87.537943    0.04674     2.8042    168.250     71.725  52132.698    31.9854     3.0922     71.042    7.56054     3.0881    25.4717   13.49243 4.3721e-02 0.0000e+00
        675  87.537946    0.04681     2.8083    168.500     71.941  52132.875    31.9854     3.0922     71.256    7.56054     3.0882    25.4717   13.49243 4.3630e-02 0.0000e+00
        676  87.537948    0.04688     2.8125    168.750     72.157  52133.087    31.9854     3.0923     71.470    7.56052     3.0884    25.4718   13.49240 4.3574e-02 0.0000e+00
        677  87.537951    0.04694     2.8167    169.000     72.370  52133.191    31.9854     3.0924     71.681    7.56050     3.0885    25.4717   13.49237 4.3543e-02 0.0000e+00
        678  87.537954    0.04701     2.8208    169.250     72.577  52133.177    31.9853     3.0926     71.885    7.56048     3.0886    25.4716   13.49234 4.3498e-02 0.0000e+00
        679  87.537957    0.04708     2.8250    169.500     72.775  52133.164    31.9852     3.0927     72.081    7.56046     3.0886    25.4716   13.49231 4.3464e-02 0.0000e+00
        680  87.537960    0.04715     2.8292    169.750     72.967  52133.190    31.9852     3.0927     72.272    7.56045     3.0884    25.4715   13.49229 4.3433e-02 0.0000e+00
        681  87.537963    0.04722     2.8333    170.000     73.156  52133.163    31.9851     3.0927     72.459    7.56046     3.0882    25.4714   13.49231 4.3397e-02 0.0000e+00
        682  87.537966    0.04729     2.8375    170.250     73.344  52133.121    31.9849     3.0926     72.645    7.56049     3.0880    25.4713   13.49236 4.3408e-02 0.0000e+00
        683  87.537969    0.04736     2.8417    170.500     73.530  52133.247    31.9848     3.0924     72.829    7.56053     3.0878    25.4713   13.49242 4.3465e-02 0.0000e+00
        684  87.537972    0.04743     2.8458    170.750     73.709  52133.550    31.9849     3.0922     73.007    7.56057     3.0877    25.4714   13.49248 4.3541e-02 0.0000e+00
        685  87.537975    0.04750     2.8500    171.000     73.874  52133.869    31.9849     3.0920     73.170    7.56060     3.0876    25.4715   13.49253 4.3638e-02 0.0000e+00
        686  87.537977    0.04757     2.8542    171.250     74.012  52134.107    31.9850     3.0919     73.307    7.56061     3.0876    25.4715   13.49256 4.3729e-02 0.0000e+00
        687  87.537980    0.04764     2.8583    171.500     74.107  52134.286    31.9851     3.0918     73.401    7.56062 -9.990e-29    25.4716   13.49257 4.3774e-02 0.0000e+00
        688  87.537983    0.04771     2.8625    171.750     74.141  52134.369    31.9851     3.0918     73.435    7.56062 -9.990e-29    25.4716   13.49257 4.3781e-02 0.0000e+00
