CTD-processing/allCTD/CNV--turbid/2017_05-30_alongbay_skb08_cast179.cnv
* Sea-Bird SBE19plus Data File:
* FileName = C:\Users\jwschloemer\Documents\CTD Data\2017_05_30_alongbay\2017_05_30_AlongBay_cast179.hex
* Software Version 1.59
* Temperature SN =  4141
* Conductivity SN =  4141
* System UpLoad Time = Jun 22 2017 13:52:39
** Cook Inlet LTM Kbay Along Bay
** Date: 2017-05-30
** Station:KB08
** Start Time (AKST):15:05
** Depth (m):80
** Comment: R/V Edgecumbe
# nquan = 16
# nvalues = 727                         
# units = specified
# name 0 = scan: Scan Count
# name 1 = timeJ: Julian Days
# name 2 = timeH: Time, Elapsed [hours]
# name 3 = timeM: Time, Elapsed [minutes]
# name 4 = timeS: Time, Elapsed [seconds]
# name 5 = prdM: Pressure, Strain Gauge [db]
# name 6 = specc: Specific Conductance [uS/cm]
# name 7 = sal00: Salinity, Practical [PSU]
# name 8 = tv290C: Temperature [ITS-90, deg C]
# name 9 = depSM: Depth [salt water, m], lat = 59.00
# name 10 = oxsolML/L: Oxygen Saturation, Garcia & Gordon [ml/l]
# name 11 = potemp090C: Potential Temperature [ITS-90, deg C]
# name 12 = sigma-é00: Density [sigma-theta, kg/m^3]
# name 13 = n2satML/L: Nitrogen Saturation [ml/l]
# name 14 = par: PAR/Irradiance, Biospherical/Licor
# name 15 = flag:  0.000e+00
# span 0 =          1,        727       
# span 1 = 150.629178, 150.631279       
# span 2 =    0.00000,    0.05042       
# span 3 =     0.0000,     3.0250       
# span 4 =      0.000,    181.500       
# span 5 =      0.003,     70.723       
# span 6 =    831.619,  51126.336       
# span 7 =     0.3994,    31.8033       
# span 8 =     5.1262,     8.9598       
# span 9 =      0.003,     70.050       
# span 10 =    6.66229,    8.28023      
# span 11 =     5.1224,     8.9597      
# span 12 =     0.1720,    25.1200      
# span 13 =   12.03021,   15.14549      
# span 14 = 4.0306e-02, 2.2815e+03      
# span 15 = 0.0000e+00, 0.0000e+00      
# interval = seconds: 0.25
# start_time = May 30 2017 15:06:01 [Instrument's time stamp, header]
# bad_flag = -9.990e-29
*END*
[from data line 452]
        453 150.630486    0.03139     1.8833    113.000     16.259  48876.113    30.7140     7.5827     16.106    6.85163     7.5249    23.9675   12.33776 9.1247e+00 0.0000e+00
        454 150.630489    0.03146     1.8875    113.250     16.470  48897.367    30.7244     7.5556     16.315    6.85542     7.4968    23.9793   12.34389 8.5970e+00 0.0000e+00
        455 150.630492    0.03153     1.8917    113.500     16.665  48928.254    30.7411     7.5264     16.509    6.85927     7.4720    23.9964   12.35005 8.1423e+00 0.0000e+00
        456 150.630495    0.03160     1.8958    113.750     16.843  48961.687    30.7597     7.4983     16.685    6.86285     7.4515    24.0148   12.35574 7.7545e+00 0.0000e+00
        457 150.630498    0.03167     1.9000    114.000     17.006  48991.826    30.7766     7.4736     16.847    6.86597     7.4344    24.0314   12.36071 7.4126e+00 0.0000e+00
        458 150.630501    0.03174     1.9042    114.250     17.167  49015.232    30.7895     7.4531     17.005    6.86862     7.4190    24.0442   12.36492 7.0882e+00 0.0000e+00
        459 150.630503    0.03181     1.9083    114.500     17.338  49032.388    30.7985     7.4360     17.175    6.87090     7.4042    24.0537   12.36857 6.7546e+00 0.0000e+00
        460 150.630506    0.03188     1.9125    114.750     17.533  49047.434    30.8064     7.4206     17.368    6.87296     7.3902    24.0619   12.37189 6.3963e+00 0.0000e+00
        461 150.630509    0.03194     1.9167    115.000     17.754  49065.058    30.8162     7.4058     17.587    6.87485     7.3775    24.0716   12.37490 6.0186e+00 0.0000e+00
        462 150.630512    0.03201     1.9208    115.250     17.991  49087.932    30.8297     7.3918     17.822    6.87646     7.3660    24.0840   12.37739 5.6445e+00 0.0000e+00
        463 150.630515    0.03208     1.9250    115.500     18.229  49113.910    30.8455     7.3791     18.058    6.87775     7.3549    24.0982   12.37933 5.2995e+00 0.0000e+00
        464 150.630518    0.03215     1.9292    115.750     18.449  49137.945    30.8603     7.3676     18.276    6.87889     7.3442    24.1113   12.38104 5.0016e+00 0.0000e+00
        465 150.630521    0.03222     1.9333    116.000     18.640  49158.778    30.8728     7.3566     18.465    6.88007     7.3343    24.1227   12.38283 4.7558e+00 0.0000e+00
        466 150.630524    0.03229     1.9375    116.250     18.804  49176.725    30.8834     7.3458     18.628    6.88129     7.3252    24.1325   12.38471 4.5504e+00 0.0000e+00
        467 150.630527    0.03236     1.9417    116.500     18.954  49190.780    30.8915     7.3360     18.776    6.88249     7.3156    24.1401   12.38660 4.3620e+00 0.0000e+00
        468 150.630530    0.03243     1.9458    116.750     19.109  49200.773    30.8969     7.3268     18.929    6.88370     7.3037    24.1455   12.38853 4.1665e+00 0.0000e+00
        469 150.630532    0.03250     1.9500    117.000     19.286  49207.665    30.9000     7.3173     19.105    6.88508     7.2870    24.1493   12.39076 3.9503e+00 0.0000e+00
        470 150.630535    0.03257     1.9542    117.250     19.493  49211.737    30.9008     7.3054     19.310    6.88693     7.2625    24.1514   12.39381 3.7147e+00 0.0000e+00
        471 150.630538    0.03264     1.9583    117.500     19.723  49212.803    30.8986     7.2887     19.538    6.88967     7.2281    24.1519   12.39837 3.4720e+00 0.0000e+00
        472 150.630541    0.03271     1.9625    117.750     19.962  49214.836    30.8958     7.2643     19.775    6.89368     7.1844    24.1530   12.40504 3.2391e+00 0.0000e+00
        473 150.630544    0.03278     1.9667    118.000     20.193  49224.914    30.8969     7.2298     20.003    6.89910     7.1341    24.1584   12.41400 3.0303e+00 0.0000e+00
        474 150.630547    0.03285     1.9708    118.250     20.403  49245.289    30.9036     7.1862     20.212    6.90575     7.0814    24.1694   12.42491 2.8529e+00 0.0000e+00
        475 150.630550    0.03292     1.9750    118.500     20.593  49276.883    30.9169     7.1359     20.400    6.91314     7.0308    24.1865   12.43697 2.7041e+00 0.0000e+00
        476 150.630553    0.03299     1.9792    118.750     20.767  49319.882    30.9377     7.0832     20.572    6.92062     6.9842    24.2097   12.44907 2.5742e+00 0.0000e+00
        477 150.630556    0.03306     1.9833    119.000     20.935  49364.606    30.9601     7.0326     20.738    6.92769     6.9396    24.2339   12.46049 2.4530e+00 0.0000e+00
        478 150.630558    0.03313     1.9875    119.250     21.107  49402.971    30.9786     6.9860     20.909    6.93430     6.8942    24.2545   12.47120 2.3331e+00 0.0000e+00
        479 150.630561    0.03319     1.9917    119.500     21.292  49438.326    30.9954     6.9414     21.092    6.94069     6.8457    24.2735   12.48155 2.2105e+00 0.0000e+00
        480 150.630564    0.03326     1.9958    119.750     21.493  49476.043    31.0136     6.8960     21.291    6.94717     6.7939    24.2936   12.49203 2.0848e+00 0.0000e+00
        481 150.630567    0.03333     2.0000    120.000     21.709  49520.877    31.0361     6.8476     21.504    6.95393     6.7415    24.3176   12.50293 1.9584e+00 0.0000e+00
        482 150.630570    0.03340     2.0042    120.250     21.934  49576.408    31.0654     6.7957     21.728    6.96095     6.6931    24.3473   12.51417 1.8358e+00 0.0000e+00
        483 150.630573    0.03347     2.0083    120.500     22.162  49638.816    31.0994     6.7434     21.953    6.96785     6.6511    24.3806   12.52515 1.7214e+00 0.0000e+00
        484 150.630576    0.03354     2.0125    120.750     22.383  49699.418    31.1327     6.6950     22.172    6.97415     6.6155    24.4130   12.53515 1.6180e+00 0.0000e+00
        485 150.630579    0.03361     2.0167    121.000     22.592  49752.538    31.1619     6.6530     22.380    6.97961     6.5854    24.4414   12.54380 1.5267e+00 0.0000e+00
        486 150.630582    0.03368     2.0208    121.250     22.790  49797.069    31.1863     6.6174     22.575    6.98424     6.5593    24.4651   12.55116 1.4462e+00 0.0000e+00
        487 150.630584    0.03375     2.0250    121.500     22.978  49834.102    31.2065     6.5873     22.762    6.98821     6.5357    24.4848   12.55746 1.3736e+00 0.0000e+00
        488 150.630587    0.03382     2.0292    121.750     23.163  49864.704    31.2229     6.5613     22.945    6.99169     6.5121    24.5010   12.56300 1.3058e+00 0.0000e+00
        489 150.630590    0.03389     2.0333    122.000     23.351  49889.727    31.2358     6.5376     23.131    6.99494     6.4858    24.5142   12.56821 1.2402e+00 0.0000e+00
        490 150.630593    0.03396     2.0375    122.250     23.546  49911.613    31.2466     6.5140     23.325    6.99829     6.4548    24.5256   12.57361 1.1754e+00 0.0000e+00
        491 150.630596    0.03403     2.0417    122.500     23.749  49934.442    31.2575     6.4877     23.526    7.00208     6.4179    24.5374   12.57974 1.1115e+00 0.0000e+00
        492 150.630599    0.03410     2.0458    122.750     23.959  49961.111    31.2702     6.4567     23.733    7.00657     6.3742    24.5512   12.58700 1.0494e+00 0.0000e+00
        493 150.630602    0.03417     2.0500    123.000     24.172  49992.502    31.2850     6.4199     23.944    7.01191     6.3235    24.5675   12.59565 9.9000e-01 0.0000e+00
        494 150.630605    0.03424     2.0542    123.250     24.384  50031.276    31.3036     6.3761     24.155    7.01822     6.2694    24.5875   12.60584 9.3439e-01 0.0000e+00
        495 150.630608    0.03431     2.0583    123.500     24.596  50081.604    31.3289     6.3255     24.364    7.02535     6.2168    24.6137   12.61731 8.8292e-01 0.0000e+00
        496 150.630611    0.03438     2.0625    123.750     24.807  50141.263    31.3600     6.2714     24.573    7.03280     6.1691    24.6448   12.62923 8.3524e-01 0.0000e+00
        497 150.630613    0.03444     2.0667    124.000     25.017  50203.163    31.3928     6.2188     24.781    7.03995     6.1287    24.6771   12.64062 7.9094e-01 0.0000e+00
        498 150.630616    0.03451     2.0708    124.250     25.224  50262.709    31.4248     6.1712     24.987    7.04630     6.0964    24.7082   12.65072 7.4976e-01 0.0000e+00
        499 150.630619    0.03458     2.0750    124.500     25.429  50316.264    31.4541     6.1308     25.190    7.05161     6.0715    24.7362   12.65911 7.1157e-01 0.0000e+00
        500 150.630622    0.03465     2.0792    124.750     25.631  50360.655    31.4785     6.0985     25.389    7.05580     6.0519    24.7594   12.66574 6.7616e-01 0.0000e+00
        501 150.630625    0.03472     2.0833    125.000     25.831  50395.726    31.4979     6.0735     25.588    7.05902     6.0351    24.7777   12.67081 6.4289e-01 0.0000e+00
        502 150.630628    0.03479     2.0875    125.250     26.034  50423.999    31.5136     6.0540     25.789    7.06152     6.0185    24.7925   12.67474 6.1107e-01 0.0000e+00
        503 150.630631    0.03486     2.0917    125.500     26.240  50449.871    31.5282     6.0372     25.993    7.06362     6.0002    24.8060   12.67803 5.8031e-01 0.0000e+00
        504 150.630634    0.03493     2.0958    125.750     26.451  50478.560    31.5447     6.0206     26.202    7.06560     5.9805    24.8210   12.68110 5.5072e-01 0.0000e+00
        505 150.630637    0.03500     2.1000    126.000     26.664  50511.839    31.5641     6.0024     26.413    7.06772     5.9599    24.8385   12.68435 5.2268e-01 0.0000e+00
        506 150.630639    0.03507     2.1042    126.250     26.876  50545.256    31.5832     5.9826     26.623    7.07011     5.9382    24.8560   12.68805 4.9649e-01 0.0000e+00
        507 150.630642    0.03514     2.1083    126.500     27.084  50572.407    31.5979     5.9621     26.829    7.07284     5.9126    24.8700   12.69237 4.7216e-01 0.0000e+00
        508 150.630645    0.03521     2.1125    126.750     27.291  50589.173    31.6051     5.9403     27.034    7.07612     5.8793    24.8782   12.69770 4.4940e-01 0.0000e+00
        509 150.630648    0.03528     2.1167    127.000     27.497  50595.539    31.6043     5.9148     27.238    7.08042     5.8374    24.8807   12.70482 4.2790e-01 0.0000e+00
        510 150.630651    0.03535     2.1208    127.250     27.707  50601.970    31.6021     5.8815     27.446    7.08609     5.7905    24.8828   12.71421 4.0752e-01 0.0000e+00
        511 150.630654    0.03542     2.1250    127.500     27.920  50619.204    31.6056     5.8395     27.658    7.09294     5.7430    24.8905   12.72549 3.8820e-01 0.0000e+00
        512 150.630657    0.03549     2.1292    127.750     28.136  50644.179    31.6134     5.7926     27.872    7.10042     5.6983    24.9022   12.73775 3.6987e-01 0.0000e+00
        513 150.630660    0.03556     2.1333    128.000     28.352  50675.198    31.6252     5.7452     28.085    7.10782     5.6595    24.9171   12.74982 3.5273e-01 0.0000e+00
        514 150.630663    0.03562     2.1375    128.250     28.563  50713.975    31.6429     5.7005     28.295    7.11449     5.6286    24.9363   12.76061 3.3712e-01 0.0000e+00
        515 150.630666    0.03569     2.1417    128.500     28.767  50754.750    31.6631     5.6617     28.496    7.12004     5.6054    24.9568   12.76952 3.2283e-01 0.0000e+00
        516 150.630668    0.03576     2.1458    128.750     28.962  50791.178    31.6819     5.6308     28.690    7.12435     5.5887    24.9753   12.77639 3.0950e-01 0.0000e+00
        517 150.630671    0.03583     2.1500    129.000     29.154  50820.672    31.6975     5.6076     28.879    7.12752     5.5768    24.9903   12.78143 2.9682e-01 0.0000e+00
        518 150.630674    0.03590     2.1542    129.250     29.347  50842.634    31.7092     5.5909     29.071    7.12978     5.5682    25.0014   12.78502 2.8430e-01 0.0000e+00
        519 150.630677    0.03597     2.1583    129.500     29.549  50857.907    31.7172     5.5790     29.271    7.13139     5.5613    25.0092   12.78759 2.7164e-01 0.0000e+00
        520 150.630680    0.03604     2.1625    129.750     29.760  50867.961    31.7223     5.5704     29.481    7.13261     5.5549    25.0142   12.78953 2.5897e-01 0.0000e+00
        521 150.630683    0.03611     2.1667    130.000     29.978  50873.767    31.7248     5.5635     29.696    7.13364     5.5480    25.0169   12.79121 2.4662e-01 0.0000e+00
        522 150.630686    0.03618     2.1708    130.250     30.196  50876.383    31.7252     5.5572     29.912    7.13470     5.5403    25.0180   12.79295 2.3493e-01 0.0000e+00
        523 150.630689    0.03625     2.1750    130.500     30.411  50878.762    31.7253     5.5503     30.124    7.13586     5.5325    25.0189   12.79486 2.2403e-01 0.0000e+00
        524 150.630692    0.03632     2.1792    130.750     30.621  50883.642    31.7270     5.5426     30.332    7.13708     5.5255    25.0211   12.79685 2.1384e-01 0.0000e+00
        525 150.630694    0.03639     2.1833    131.000     30.827  50890.702    31.7302     5.5349     30.536    7.13824     5.5198    25.0245   12.79872 2.0431e-01 0.0000e+00
        526 150.630697    0.03646     2.1875    131.250     31.029  50898.210    31.7339     5.5279     30.736    7.13924     5.5154    25.0282   12.80033 1.9539e-01 0.0000e+00
        527 150.630700    0.03653     2.1917    131.500     31.228  50904.983    31.7373     5.5222     30.934    7.14005     5.5121    25.0315   12.80162 1.8702e-01 0.0000e+00
        528 150.630703    0.03660     2.1958    131.750     31.426  50910.571    31.7401     5.5177     31.129    7.14066     5.5098    25.0343   12.80260 1.7915e-01 0.0000e+00
        529 150.630706    0.03667     2.2000    132.000     31.622  50915.061    31.7424     5.5145     31.323    7.14110     5.5083    25.0365   12.80330 1.7166e-01 0.0000e+00
        530 150.630709    0.03674     2.2042    132.250     31.819  50918.815    31.7444     5.5122     31.519    7.14140     5.5075    25.0384   12.80376 1.6440e-01 0.0000e+00
        531 150.630712    0.03681     2.2083    132.500     32.021  50922.441    31.7465     5.5107     31.719    7.14155     5.5076    25.0402   12.80399 1.5733e-01 0.0000e+00
        532 150.630715    0.03687     2.2125    132.750     32.229  50926.851    31.7493     5.5099     31.925    7.14155     5.5089    25.0425   12.80394 1.5049e-01 0.0000e+00
        533 150.630718    0.03694     2.2167    133.000     32.443  50932.260    31.7530     5.5101     32.137    7.14135     5.5112    25.0454   12.80357 1.4387e-01 0.0000e+00
        534 150.630720    0.03701     2.2208    133.250     32.659  50937.049    31.7564     5.5113     32.351    7.14097     5.5142    25.0480   12.80290 1.3748e-01 0.0000e+00
        535 150.630723    0.03708     2.2250    133.500     32.871  50939.410    31.7584     5.5137     32.561    7.14048     5.5171    25.0493   12.80206 1.3149e-01 0.0000e+00
        536 150.630726    0.03715     2.2292    133.750     33.075  50939.434    31.7589     5.5167     32.763    7.13995     5.5197    25.0493   12.80118 1.2610e-01 0.0000e+00
        537 150.630729    0.03722     2.2333    134.000     33.268  50938.326    31.7587     5.5196     32.954    7.13947     5.5218    25.0488   12.80038 1.2128e-01 0.0000e+00
        538 150.630732    0.03729     2.2375    134.250     33.451  50936.945    31.7582     5.5222     33.136    7.13905     5.5234    25.0481   12.79970 1.1695e-01 0.0000e+00
        539 150.630735    0.03736     2.2417    134.500     33.632  50935.518    31.7576     5.5243     33.314    7.13872     5.5246    25.0474   12.79916 1.1291e-01 0.0000e+00
        540 150.630738    0.03743     2.2458    134.750     33.818  50934.054    31.7568     5.5260     33.499    7.13847     5.5254    25.0466   12.79876 1.0893e-01 0.0000e+00
        541 150.630741    0.03750     2.2500    135.000     34.015  50933.058    31.7563     5.5272     33.694    7.13829     5.5261    25.0460   12.79847 1.0496e-01 0.0000e+00
        542 150.630744    0.03757     2.2542    135.250     34.223  50933.637    31.7568     5.5280     33.900    7.13813     5.5273    25.0463   12.79820 1.0105e-01 0.0000e+00
