CTD-processing/allCTD/CNV--turbid/2017_04-20_t4_s01_cast147.cnv
* Sea-Bird SBE19plus Data File:
* FileName = P:\My Documents\kasitsna\Research-KBL\Oceanography-AK\CTD-Data-ALL-to-2017-02\2017-CTD-KachemakBay-CookInlet\2017-04-20-CookInlet-Tran4-Barabara\2017-04-20-CookInlet-Tran4-cast147.hex
* Software Version 1.59
* Temperature SN =  4141
* Conductivity SN =  4141
* System UpLoad Time = Apr 24 2017 16:30:31
** Cook Inlet LTM Transect 4 Barabara north to south
** Date: 2017-04-20
** Station: (eg. 9-01): 4-01
** Start time (AKDT): 15:56
** Depth (m): 15.5
** Comment: R/V Alaska Dreamcatcher
** Comment:
# nquan = 16
# nvalues = 325                         
# units = specified
# name 0 = scan: Scan Count
# name 1 = timeJ: Julian Days
# name 2 = timeH: Time, Elapsed [hours]
# name 3 = timeM: Time, Elapsed [minutes]
# name 4 = timeS: Time, Elapsed [seconds]
# name 5 = prdM: Pressure, Strain Gauge [db]
# name 6 = specc: Specific Conductance [uS/cm]
# name 7 = sal00: Salinity, Practical [PSU]
# name 8 = tv290C: Temperature [ITS-90, deg C]
# name 9 = depSM: Depth [salt water, m], lat = 59.00
# name 10 = oxsolML/L: Oxygen Saturation, Garcia & Gordon [ml/l]
# name 11 = potemp090C: Potential Temperature [ITS-90, deg C]
# name 12 = sigma-é00: Density [sigma-theta, kg/m^3]
# name 13 = n2satML/L: Nitrogen Saturation [ml/l]
# name 14 = par: PAR/Irradiance, Biospherical/Licor
# name 15 = flag:  0.000e+00
# span 0 =          1,        325       
# span 1 = 110.664572, 110.665509       
# span 2 =    0.00000,    0.02250       
# span 3 =     0.0000,     1.3500       
# span 4 =      0.000,     81.000       
# span 5 =      0.041,     16.149       
# span 6 =    255.510,  51398.118       
# span 7 =     0.1172,    32.0020       
# span 8 =     5.1315,     6.2441       
# span 9 =      0.041,     15.997       
# span 10 =    7.05449,    8.65194      
# span 11 =     5.1303,     6.2441      
# span 12 =     0.0290,    25.2849      
# span 13 =   12.65816,   15.77577      
# span 14 = 1.9493e+01, 1.4445e+03      
# span 15 = 0.0000e+00, 0.0000e+00      
# interval = seconds: 0.25
# start_time = Apr 20 2017 15:56:59 [Instrument's time stamp, header]
# bad_flag = -9.990e-29
*END*
[from data line 272]
        273 110.665359    0.01889     1.1333     68.000      4.236  50959.549    31.8698     5.9271      4.196    7.06588     5.9264    25.0887   12.67742 3.1131e+02 0.0000e+00
        274 110.665362    0.01896     1.1375     68.250      4.464  50959.007    31.8693     5.9270      4.422    7.06591     5.9259    25.0883   12.67748 2.8960e+02 0.0000e+00
        275 110.665365    0.01903     1.1417     68.500      4.692  50958.319    31.8687     5.9268      4.648    7.06598     5.9252    25.0878   12.67761 2.7113e+02 0.0000e+00
        276 110.665367    0.01910     1.1458     68.750      4.919  50958.135    31.8684     5.9263      4.873    7.06608     5.9246    25.0876   12.67777 2.5827e+02 0.0000e+00
        277 110.665370    0.01917     1.1500     69.000      5.147  50958.642    31.8685     5.9256      5.099    7.06619     5.9240    25.0878   12.67794 2.4831e+02 0.0000e+00
        278 110.665373    0.01924     1.1542     69.250      5.376  50959.401    31.8688     5.9250      5.326    7.06628     5.9236    25.0881   12.67809 2.3858e+02 0.0000e+00
        279 110.665376    0.01931     1.1583     69.500      5.608  50959.924    31.8689     5.9245      5.556    7.06636     5.9232    25.0883   12.67822 2.2728e+02 0.0000e+00
        280 110.665379    0.01938     1.1625     69.750      5.841  50959.818    31.8687     5.9241      5.787    7.06644     5.9226    25.0882   12.67835 2.1482e+02 0.0000e+00
        281 110.665382    0.01944     1.1667     70.000      6.074  50959.172    31.8680     5.9237      6.017    7.06653     5.9218    25.0877   12.67852 2.0267e+02 0.0000e+00
        282 110.665385    0.01951     1.1708     70.250      6.304  50958.657    31.8675     5.9231      6.245    7.06666     5.9208    25.0873   12.67873 1.9093e+02 0.0000e+00
        283 110.665388    0.01958     1.1750     70.500      6.531  50958.972    31.8674     5.9223      6.470    7.06679     5.9200    25.0873   12.67896 1.7963e+02 0.0000e+00
        284 110.665391    0.01965     1.1792     70.750      6.756  50960.125    31.8679     5.9214      6.693    7.06692     5.9193    25.0879   12.67916 1.7016e+02 0.0000e+00
        285 110.665394    0.01972     1.1833     71.000      6.982  50961.473    31.8685     5.9206      6.916    7.06703     5.9185    25.0885   12.67933 1.6347e+02 0.0000e+00
        286 110.665396    0.01979     1.1875     71.250      7.209  50962.424    31.8689     5.9198      7.141    7.06713     5.9174    25.0889   12.67949 1.5792e+02 0.0000e+00
        287 110.665399    0.01986     1.1917     71.500      7.439  50962.589    31.8688     5.9191      7.369    7.06726     5.9156    25.0889   12.67971 1.5105e+02 0.0000e+00
        288 110.665402    0.01993     1.1958     71.750      7.673  50961.665    31.8678     5.9180      7.601    7.06748     5.9122    25.0882   12.68009 1.4231e+02 0.0000e+00
        289 110.665405    0.02000     1.2000     72.000      7.911  50959.459    31.8658     5.9162      7.837    7.06789     5.9062    25.0868   12.68079 1.3323e+02 0.0000e+00
        290 110.665408    0.02007     1.2042     72.250      8.151  50955.611    31.8623     5.9128      8.075    7.06862     5.8959    25.0845   12.68204 1.2524e+02 0.0000e+00
        291 110.665411    0.02014     1.2083     72.500      8.394  50949.284    31.8566     5.9068      8.315    7.06988     5.8790    25.0807   12.68420 1.1837e+02 0.0000e+00
        292 110.665414    0.02021     1.2125     72.750      8.638  50938.551    31.8470     5.8966      8.557    7.07204     5.8522    25.0743   12.68789 1.1239e+02 0.0000e+00
        293 110.665417    0.02028     1.2167     73.000      8.882  50922.484    31.8324     5.8797      8.799    7.07556     5.8126    25.0648   12.69389 1.0708e+02 0.0000e+00
        294 110.665420    0.02035     1.2208     73.250      9.126  50902.721    31.8132     5.8529      9.040    7.08094     5.7580    25.0528   12.70302 1.0181e+02 0.0000e+00
        295 110.665422    0.02042     1.2250     73.500      9.368  50881.354    31.7903     5.8134      9.281    7.08865     5.6884    25.0394   12.71603 9.6092e+01 0.0000e+00
        296 110.665425    0.02049     1.2292     73.750      9.609  50867.767    31.7698     5.7588      9.519    7.09877     5.6084    25.0295   12.73303 9.0007e+01 0.0000e+00
        297 110.665428    0.02056     1.2333     74.000      9.849  50878.543    31.7630     5.6891      9.757    7.11080     5.5265    25.0322   12.75298 8.3959e+01 0.0000e+00
        298 110.665431    0.02063     1.2375     74.250     10.090  50920.450    31.7755     5.6091      9.996    7.12367     5.4506    25.0514   12.77408 7.8199e+01 0.0000e+00
        299 110.665434    0.02069     1.2417     74.500     10.333  50985.507    31.8035     5.5272     10.236    7.13616     5.3855    25.0829   12.79436 7.2927e+01 0.0000e+00
        300 110.665437    0.02076     1.2458     74.750     10.576  51059.342    31.8386     5.4513     10.477    7.14733     5.3327    25.1194   12.81234 6.8295e+01 0.0000e+00
        301 110.665440    0.02083     1.2500     75.000     10.821  51129.327    31.8733     5.3863     10.719    7.15669     5.2911    25.1543   12.82737 6.4298e+01 0.0000e+00
        302 110.665443    0.02090     1.2542     75.250     11.064  51188.116    31.9027     5.3336     10.960    7.16424     5.2582    25.1835   12.83946 6.0775e+01 0.0000e+00
        303 110.665446    0.02097     1.2583     75.500     11.306  51233.240    31.9250     5.2919     11.200    7.17026     5.2317    25.2059   12.84911 5.7497e+01 0.0000e+00
        304 110.665448    0.02104     1.2625     75.750     11.548  51267.272    31.9414     5.2590     11.439    7.17508     5.2105    25.2226   12.85686 5.4319e+01 0.0000e+00
        305 110.665451    0.02111     1.2667     76.000     11.790  51295.390    31.9551     5.2326     11.680    7.17893     5.1941    25.2364   12.86305 5.1174e+01 0.0000e+00
        306 110.665454    0.02118     1.2708     76.250     12.034  51319.857    31.9673     5.2114     11.921    7.18196     5.1818    25.2484   12.86789 4.8082e+01 0.0000e+00
        307 110.665457    0.02125     1.2750     76.500     12.278  51339.774    31.9774     5.1950     12.163    7.18428     5.1729    25.2583   12.87159 4.5146e+01 0.0000e+00
        308 110.665460    0.02132     1.2792     76.750     12.521  51355.110    31.9853     5.1828     12.404    7.18599     5.1666    25.2658   12.87433 4.2457e+01 0.0000e+00
        309 110.665463    0.02139     1.2833     77.000     12.764  51366.732    31.9912     5.1739     12.644    7.18723     5.1624    25.2716   12.87629 4.0036e+01 0.0000e+00
        310 110.665466    0.02146     1.2875     77.250     13.005  51375.226    31.9956     5.1676     12.883    7.18808     5.1597    25.2757   12.87764 3.7862e+01 0.0000e+00
        311 110.665469    0.02153     1.2917     77.500     13.247  51381.032    31.9986     5.1634     13.122    7.18865     5.1579    25.2786   12.87855 3.5891e+01 0.0000e+00
        312 110.665472    0.02160     1.2958     77.750     13.490  51384.359    32.0002     5.1607     13.364    7.18904     5.1563    25.2801   12.87917 3.4061e+01 0.0000e+00
        313 110.665475    0.02167     1.3000     78.000     13.736  51385.687    32.0006     5.1589     13.607    7.18934     5.1547    25.2806   12.87965 3.2321e+01 0.0000e+00
        314 110.665477    0.02174     1.3042     78.250     13.983  51385.933    32.0003     5.1573     13.852    7.18961     5.1529    25.2806   12.88011 3.0644e+01 0.0000e+00
        315 110.665480    0.02181     1.3083     78.500     14.230  51385.848    31.9998     5.1558     14.097    7.18991     5.1509    25.2804   12.88060 2.9026e+01 0.0000e+00
        316 110.665483    0.02187     1.3125     78.750     14.476  51385.739    31.9992     5.1540     14.340    7.19024     5.1485    25.2801   12.88116 2.7478e+01 0.0000e+00
        317 110.665486    0.02194     1.3167     79.000     14.720  51385.459    31.9985     5.1520     14.582    7.19063     5.1457    25.2797   12.88181 2.6018e+01 0.0000e+00
        318 110.665489    0.02201     1.3208     79.250     14.962  51384.813    31.9974     5.1496     14.822    7.19108     5.1423    25.2791   12.88258 2.4657e+01 0.0000e+00
        319 110.665492    0.02208     1.3250     79.500     15.202  51384.488    31.9965     5.1468     15.059    7.19161     5.1387    25.2787   12.88346 2.3403e+01 0.0000e+00
        320 110.665495    0.02215     1.3292     79.750     15.435  51385.595    31.9964     5.1435     15.290    7.19219     5.1354    25.2790   12.88441 2.2267e+01 0.0000e+00
        321 110.665498    0.02222     1.3333     80.000     15.653  51388.164    31.9973     5.1399     15.507    7.19276     5.1327    25.2801   12.88534 2.1276e+01 0.0000e+00
        322 110.665501    0.02229     1.3375     80.250     15.848  51391.436    31.9987     5.1366     15.700    7.19326     5.1309    25.2816   12.88615 2.0470e+01 0.0000e+00
        323 110.665503    0.02236     1.3417     80.500     16.007  51394.680    32.0002     5.1339     15.857    7.19365     5.1303    25.2832   12.88677 1.9900e+01 0.0000e+00
        324 110.665506    0.02243     1.3458     80.750     16.112  51397.162    32.0015     5.1321     15.961    7.19389 -9.990e-29    25.2844   12.88714 1.9586e+01 0.0000e+00
        325 110.665509    0.02250     1.3500     81.000     16.149  51398.118    32.0020     5.1315     15.997    7.19397 -9.990e-29    25.2849   12.88727 1.9493e+01 0.0000e+00
