CTD-processing/allCTD/CNV--turbid/2017_07-24_t9_s08_cast204.cnv
* Sea-Bird SBE19plus Data File:
* FileName = P:\My Documents\kasitsna\Research-KBL\Oceanography-AK\CTD-Data-ALL-to-2017-02\2017-CTD-KachemakBay-CookInlet\2017-07-24-CookInlet-Tran9-HomerSpit\2017-07-24-CookInlet-Tran9-cast204.hex
* Software Version 1.59
* Temperature SN =  4141
* Conductivity SN =  4141
* System UpLoad Time = Jul 24 2017 19:41:20
** Cook Inlet LTM Transect 9 Homer Spit north to south
** Date: 2017-07-24
** Station: (eg. 9-01): 9-08
** Start time (AKDT): 09:42
** Depth (m): 88.4
** Comment: R/V Edgecumbe.  Quarterly survey.
** Comment:
# nquan = 16
# nvalues = 823                         
# units = specified
# name 0 = scan: Scan Count
# name 1 = timeJ: Julian Days
# name 2 = timeH: Time, Elapsed [hours]
# name 3 = timeM: Time, Elapsed [minutes]
# name 4 = timeS: Time, Elapsed [seconds]
# name 5 = prdM: Pressure, Strain Gauge [db]
# name 6 = specc: Specific Conductance [uS/cm]
# name 7 = sal00: Salinity, Practical [PSU]
# name 8 = tv290C: Temperature [ITS-90, deg C]
# name 9 = depSM: Depth [salt water, m], lat = 59.00
# name 10 = oxsolML/L: Oxygen Saturation, Garcia & Gordon [ml/l]
# name 11 = potemp090C: Potential Temperature [ITS-90, deg C]
# name 12 = sigma-é00: Density [sigma-theta, kg/m^3]
# name 13 = n2satML/L: Nitrogen Saturation [ml/l]
# name 14 = par: PAR/Irradiance, Biospherical/Licor
# name 15 = flag:  0.000e+00
# span 0 =          1,        823       
# span 1 = 205.405336, 205.407714       
# span 2 =    0.00000,    0.05708       
# span 3 =     0.0000,     3.4250       
# span 4 =      0.000,    205.500       
# span 5 =      0.592,     78.794       
# span 6 =  43964.914,  50055.919       
# span 7 =    27.7655,    31.6447       
# span 8 =     8.4157,    11.3912       
# span 9 =      0.587,     78.043       
# span 10 =    6.41456,    6.68287      
# span 11 =     8.4081,    11.3911      
# span 12 =    21.0894,    24.5790      
# span 13 =   11.64342,   12.04711      
# span 14 = 5.1282e-02, 1.9674e+02      
# span 15 = 0.0000e+00, 0.0000e+00      
# interval = seconds: 0.25
# start_time = Jul 24 2017 09:43:41 [Instrument's time stamp, header]
# bad_flag = -9.990e-29
*END*
[from data line 633]
        634 205.407167    0.04396     2.6375    158.250     47.567  49894.220    31.5958     8.7836     47.117    6.62993     8.7696    24.4872   11.96004 5.1487e-02 0.0000e+00
        635 205.407170    0.04403     2.6417    158.500     47.765  49898.175    31.5978     8.7786     47.313    6.63057     8.7662    24.4895   11.96109 5.1480e-02 0.0000e+00
        636 205.407173    0.04410     2.6458    158.750     47.958  49901.577    31.5995     8.7745     47.504    6.63112     8.7634    24.4915   11.96197 5.1493e-02 0.0000e+00
        637 205.407176    0.04417     2.6500    159.000     48.138  49904.687    31.6011     8.7710     47.682    6.63156     8.7611    24.4933   11.96268 5.1497e-02 0.0000e+00
        638 205.407179    0.04424     2.6542    159.250     48.299  49907.239    31.6024     8.7683     47.842    6.63192     8.7592    24.4947   11.96325 5.1473e-02 0.0000e+00
        639 205.407182    0.04431     2.6583    159.500     48.443  49908.949    31.6032     8.7660     47.985    6.63222     8.7573    24.4957   11.96374 5.1440e-02 0.0000e+00
        640 205.407185    0.04437     2.6625    159.750     48.578  49909.853    31.6035     8.7641     48.119    6.63249     8.7553    24.4962   11.96419 5.1410e-02 0.0000e+00
        641 205.407187    0.04444     2.6667    160.000     48.715  49910.154    31.6034     8.7622     48.254    6.63277     8.7529    24.4964   11.96464 5.1399e-02 0.0000e+00
        642 205.407190    0.04451     2.6708    160.250     48.860  49910.426    31.6032     8.7602     48.398    6.63307     8.7504    24.4966   11.96515 5.1419e-02 0.0000e+00
        643 205.407193    0.04458     2.6750    160.500     49.017  49911.345    31.6035     8.7579     48.553    6.63341     8.7480    24.4971   11.96570 5.1449e-02 0.0000e+00
        644 205.407196    0.04465     2.6792    160.750     49.180  49913.119    31.6043     8.7554     48.715    6.63374     8.7461    24.4981   11.96625 5.1468e-02 0.0000e+00
        645 205.407199    0.04472     2.6833    161.000     49.345  49915.393    31.6054     8.7530     48.878    6.63404     8.7447    24.4994   11.96673 5.1469e-02 0.0000e+00
        646 205.407202    0.04479     2.6875    161.250     49.507  49917.561    31.6066     8.7511     49.038    6.63427     8.7438    24.5006   11.96710 5.1458e-02 0.0000e+00
        647 205.407205    0.04486     2.6917    161.500     49.661  49919.134    31.6074     8.7498     49.191    6.63444     8.7431    24.5015   11.96736 5.1446e-02 0.0000e+00
        648 205.407208    0.04493     2.6958    161.750     49.808  49920.064    31.6079     8.7488     49.337    6.63456     8.7426    24.5020   11.96756 5.1429e-02 0.0000e+00
        649 205.407211    0.04500     2.7000    162.000     49.952  49920.548    31.6080     8.7482     49.480    6.63465     8.7421    24.5022   11.96770 5.1402e-02 0.0000e+00
        650 205.407214    0.04507     2.7042    162.250     50.096  49920.812    31.6081     8.7477     49.622    6.63472     8.7417    24.5023   11.96783 5.1380e-02 0.0000e+00
        651 205.407216    0.04514     2.7083    162.500     50.239  49921.117    31.6082     8.7472     49.764    6.63479     8.7414    24.5025   11.96793 5.1377e-02 0.0000e+00
        652 205.407219    0.04521     2.7125    162.750     50.382  49921.506    31.6083     8.7468     49.905    6.63484     8.7411    24.5026   11.96802 5.1395e-02 0.0000e+00
        653 205.407222    0.04528     2.7167    163.000     50.520  49921.848    31.6085     8.7464     50.042    6.63489     8.7409    24.5028   11.96809 5.1413e-02 0.0000e+00
        654 205.407225    0.04535     2.7208    163.250     50.652  49922.098    31.6085     8.7462     50.173    6.63492     8.7406    24.5029   11.96815 5.1405e-02 0.0000e+00
        655 205.407228    0.04542     2.7250    163.500     50.782  49922.203    31.6085     8.7460     50.302    6.63495     8.7403    24.5029   11.96820 5.1373e-02 0.0000e+00
        656 205.407231    0.04549     2.7292    163.750     50.916  49922.173    31.6084     8.7458     50.434    6.63498     8.7400    24.5029   11.96826 5.1358e-02 0.0000e+00
        657 205.407234    0.04556     2.7333    164.000     51.062  49922.066    31.6082     8.7455     50.578    6.63503     8.7395    24.5028   11.96834 5.1383e-02 0.0000e+00
        658 205.407237    0.04562     2.7375    164.250     51.222  49921.809    31.6079     8.7452     50.737    6.63510     8.7388    24.5026   11.96845 5.1408e-02 0.0000e+00
        659 205.407240    0.04569     2.7417    164.500     51.395  49921.439    31.6075     8.7447     50.909    6.63519     8.7379    24.5023   11.96861 5.1406e-02 0.0000e+00
        660 205.407242    0.04576     2.7458    164.750     51.576  49921.204    31.6072     8.7440     51.088    6.63531     8.7369    24.5022   11.96881 5.1404e-02 0.0000e+00
        661 205.407245    0.04583     2.7500    165.000     51.757  49921.402    31.6071     8.7431     51.268    6.63545     8.7360    24.5023   11.96904 5.1421e-02 0.0000e+00
        662 205.407248    0.04590     2.7542    165.250     51.933  49922.090    31.6074     8.7421     51.442    6.63558     8.7353    24.5026   11.96925 5.1446e-02 0.0000e+00
        663 205.407251    0.04597     2.7583    165.500     52.102  49922.969    31.6078     8.7412     51.609    6.63569     8.7348    24.5031   11.96943 5.1466e-02 0.0000e+00
        664 205.407254    0.04604     2.7625    165.750     52.265  49923.728    31.6082     8.7405     51.770    6.63577     8.7344    24.5035   11.96956 5.1473e-02 0.0000e+00
        665 205.407257    0.04611     2.7667    166.000     52.426  49924.263    31.6084     8.7400     51.930    6.63584     8.7341    24.5037   11.96967 5.1459e-02 0.0000e+00
        666 205.407260    0.04618     2.7708    166.250     52.587  49924.516    31.6085     8.7397     52.090    6.63589     8.7337    24.5038   11.96975 5.1434e-02 0.0000e+00
        667 205.407263    0.04625     2.7750    166.500     52.752  49924.508    31.6083     8.7394     52.252    6.63594     8.7332    24.5038   11.96984 5.1395e-02 0.0000e+00
        668 205.407266    0.04632     2.7792    166.750     52.918  49924.416    31.6081     8.7390     52.417    6.63600     8.7327    24.5037   11.96995 5.1353e-02 0.0000e+00
        669 205.407269    0.04639     2.7833    167.000     53.085  49924.438    31.6080     8.7386     52.582    6.63607     8.7321    24.5036   11.97006 5.1330e-02 0.0000e+00
        670 205.407271    0.04646     2.7875    167.250     53.250  49924.575    31.6080     8.7381     52.746    6.63615     8.7314    24.5037   11.97019 5.1333e-02 0.0000e+00
        671 205.407274    0.04653     2.7917    167.500     53.414  49924.475    31.6077     8.7375     52.908    6.63624     8.7303    24.5036   11.97035 5.1352e-02 0.0000e+00
        672 205.407277    0.04660     2.7958    167.750     53.577  49923.835    31.6071     8.7368     53.069    6.63638     8.7288    24.5032   11.97058 5.1374e-02 0.0000e+00
        673 205.407280    0.04667     2.8000    168.000     53.738  49923.031    31.6063     8.7357     53.228    6.63657     8.7268    24.5028   11.97091 5.1400e-02 0.0000e+00
        674 205.407283    0.04674     2.8042    168.250     53.897  49922.668    31.6058     8.7342     53.386    6.63683     8.7246    24.5026   11.97133 5.1409e-02 0.0000e+00
        675 205.407286    0.04681     2.8083    168.500     54.055  49922.825    31.6055     8.7322     53.542    6.63712     8.7222    24.5027   11.97183 5.1385e-02 0.0000e+00
        676 205.407289    0.04688     2.8125    168.750     54.211  49923.337    31.6055     8.7300     53.697    6.63745     8.7197    24.5030   11.97237 5.1347e-02 0.0000e+00
        677 205.407292    0.04694     2.8167    169.000     54.365  49924.168    31.6056     8.7277     53.849    6.63779     8.7172    24.5035   11.97293 5.1316e-02 0.0000e+00
        678 205.407295    0.04701     2.8208    169.250     54.516  49925.345    31.6060     8.7252     53.999    6.63814     8.7146    24.5041   11.97351 5.1314e-02 0.0000e+00
        679 205.407297    0.04708     2.8250    169.500     54.662  49926.614    31.6065     8.7227     54.144    6.63850     8.7119    24.5049   11.97410 5.1327e-02 0.0000e+00
        680 205.407300    0.04715     2.8292    169.750     54.802  49927.397    31.6066     8.7201     54.282    6.63888     8.7089    24.5054   11.97472 5.1323e-02 0.0000e+00
        681 205.407303    0.04722     2.8333    170.000     54.936  49927.255    31.6060     8.7174     54.415    6.63929     8.7050    24.5053   11.97542 5.1303e-02 0.0000e+00
        682 205.407306    0.04729     2.8375    170.250     55.070  49925.814    31.6045     8.7144     54.548    6.63981     8.6993    24.5046   11.97629 5.1287e-02 0.0000e+00
        683 205.407309    0.04736     2.8417    170.500     55.211  49922.446    31.6015     8.7106     54.687    6.64051     8.6907    24.5028   11.97749 5.1289e-02 0.0000e+00
        684 205.407312    0.04743     2.8458    170.750     55.360  49916.481    31.5965     8.7049     54.834    6.64157     8.6783    24.4997   11.97930 5.1301e-02 0.0000e+00
        685 205.407315    0.04750     2.8500    171.000     55.516  49909.497    31.5902     8.6963     54.989    6.64312     8.6626    24.4961   11.98194 5.1312e-02 0.0000e+00
        686 205.407318    0.04757     2.8542    171.250     55.677  49906.607    31.5863     8.6838     55.149    6.64514     8.6461    24.4949   11.98534 5.1324e-02 0.0000e+00
        687 205.407321    0.04764     2.8583    171.500     55.838  49911.490    31.5873     8.6682     55.309    6.64743     8.6312    24.4980   11.98911 5.1349e-02 0.0000e+00
        688 205.407323    0.04771     2.8625    171.750     56.000  49922.385    31.5924     8.6517     55.469    6.64966     8.6190    24.5045   11.99274 5.1383e-02 0.0000e+00
        689 205.407326    0.04778     2.8667    172.000     56.164  49934.899    31.5989     8.6368     55.632    6.65160     8.6096    24.5118   11.99587 5.1410e-02 0.0000e+00
        690 205.407329    0.04785     2.8708    172.250     56.333  49945.689    31.6046     8.6246     55.799    6.65316     8.6022    24.5181   11.99839 5.1422e-02 0.0000e+00
        691 205.407332    0.04792     2.8750    172.500     56.507  49953.457    31.6086     8.6152     55.971    6.65440     8.5960    24.5226   12.00038 5.1426e-02 0.0000e+00
        692 205.407335    0.04799     2.8792    172.750     56.685  49958.616    31.6110     8.6078     56.147    6.65540     8.5906    24.5256   12.00200 5.1432e-02 0.0000e+00
        693 205.407338    0.04806     2.8833    173.000     56.865  49962.265    31.6126     8.6017     56.326    6.65624     8.5856    24.5278   12.00338 5.1429e-02 0.0000e+00
        694 205.407341    0.04813     2.8875    173.250     57.047  49965.139    31.6137     8.5963     56.506    6.65700     8.5809    24.5295   12.00462 5.1409e-02 0.0000e+00
        695 205.407344    0.04819     2.8917    173.500     57.227  49967.753    31.6147     8.5913     56.684    6.65770     8.5767    24.5310   12.00577 5.1393e-02 0.0000e+00
        696 205.407347    0.04826     2.8958    173.750     57.404  49970.671    31.6160     8.5866     56.859    6.65834     8.5731    24.5327   12.00682 5.1392e-02 0.0000e+00
        697 205.407350    0.04833     2.9000    174.000     57.574  49973.917    31.6175     8.5824     57.027    6.65891     8.5701    24.5345   12.00773 5.1396e-02 0.0000e+00
        698 205.407352    0.04840     2.9042    174.250     57.734  49976.992    31.6191     8.5788     57.186    6.65938     8.5678    24.5363   12.00849 5.1405e-02 0.0000e+00
        699 205.407355    0.04847     2.9083    174.500     57.882  49979.478    31.6204     8.5759     57.333    6.65976     8.5659    24.5377   12.00911 5.1403e-02 0.0000e+00
        700 205.407358    0.04854     2.9125    174.750     58.021  49981.300    31.6212     8.5736     57.470    6.66007     8.5643    24.5387   12.00961 5.1380e-02 0.0000e+00
        701 205.407361    0.04861     2.9167    175.000     58.157  49982.656    31.6218     8.5717     57.605    6.66033     8.5629    24.5395   12.01003 5.1363e-02 0.0000e+00
        702 205.407364    0.04868     2.9208    175.250     58.299  49983.685    31.6223     8.5701     57.746    6.66054     8.5617    24.5401   12.01038 5.1366e-02 0.0000e+00
        703 205.407367    0.04875     2.9250    175.500     58.454  49984.529    31.6226     8.5687     57.900    6.66073     8.5607    24.5406   12.01069 5.1372e-02 0.0000e+00
        704 205.407370    0.04882     2.9292    175.750     58.624  49985.661    31.6231     8.5675     58.068    6.66089     8.5600    24.5412   12.01094 5.1379e-02 0.0000e+00
        705 205.407373    0.04889     2.9333    176.000     58.806  49987.065    31.6239     8.5665     58.248    6.66100     8.5595    24.5419   12.01112 5.1397e-02 0.0000e+00
        706 205.407376    0.04896     2.9375    176.250     58.993  49987.923    31.6243     8.5658     58.433    6.66109     8.5591    24.5423   12.01126 5.1414e-02 0.0000e+00
        707 205.407378    0.04903     2.9417    176.500     59.176  49988.127    31.6243     8.5654     58.615    6.66116     8.5587    24.5424   12.01138 5.1423e-02 0.0000e+00
        708 205.407381    0.04910     2.9458    176.750     59.347  49988.290    31.6243     8.5649     58.784    6.66122     8.5583    24.5424   12.01148 5.1434e-02 0.0000e+00
        709 205.407384    0.04917     2.9500    177.000     59.496  49988.643    31.6244     8.5645     58.932    6.66128     8.5581    24.5426   12.01157 5.1446e-02 0.0000e+00
        710 205.407387    0.04924     2.9542    177.250     59.623  49989.110    31.6246     8.5642     59.057    6.66131     8.5581    24.5428   12.01163 5.1440e-02 0.0000e+00
        711 205.407390    0.04931     2.9583    177.500     59.731  49989.543    31.6249     8.5641     59.163    6.66133     8.5580    24.5430   12.01165 5.1417e-02 0.0000e+00
        712 205.407393    0.04938     2.9625    177.750     59.832  49989.801    31.6250     8.5640     59.264    6.66133     8.5580    24.5431   12.01166 5.1396e-02 0.0000e+00
        713 205.407396    0.04944     2.9667    178.000     59.943  49989.748    31.6249     8.5640     59.374    6.66134     8.5578    24.5431   12.01167 5.1382e-02 0.0000e+00
        714 205.407399    0.04951     2.9708    178.250     60.078  49989.283    31.6245     8.5639     59.507    6.66136     8.5573    24.5428   12.01171 5.1372e-02 0.0000e+00
        715 205.407402    0.04958     2.9750    178.500     60.241  49988.677    31.6240     8.5637     59.669    6.66141     8.5566    24.5424   12.01180 5.1370e-02 0.0000e+00
        716 205.407405    0.04965     2.9792    178.750     60.429  49988.252    31.6235     8.5633     59.855    6.66150     8.5558    24.5421   12.01195 5.1396e-02 0.0000e+00
        717 205.407407    0.04972     2.9833    179.000     60.629  49988.108    31.6232     8.5626     60.053    6.66161     8.5550    24.5419   12.01214 5.1438e-02 0.0000e+00
        718 205.407410    0.04979     2.9875    179.250     60.833  49988.492    31.6233     8.5618     60.255    6.66174     8.5544    24.5421   12.01235 5.1457e-02 0.0000e+00
        719 205.407413    0.04986     2.9917    179.500     61.034  49989.455    31.6237     8.5610     60.455    6.66184     8.5541    24.5426   12.01250 5.1458e-02 0.0000e+00
        720 205.407416    0.04993     2.9958    179.750     61.232  49990.520    31.6243     8.5605     60.651    6.66189     8.5540    24.5431   12.01259 5.1457e-02 0.0000e+00
        721 205.407419    0.05000     3.0000    180.000     61.427  49991.136    31.6246     8.5602     60.843    6.66192     8.5540    24.5434   12.01263 5.1452e-02 0.0000e+00
        722 205.407422    0.05007     3.0042    180.250     61.617  49991.235    31.6246     8.5602     61.031    6.66193     8.5539    24.5434   12.01264 5.1450e-02 0.0000e+00
        723 205.407425    0.05014     3.0083    180.500     61.800  49991.066    31.6244     8.5601     61.213    6.66194     8.5536    24.5432   12.01266 5.1448e-02 0.0000e+00
