CTD-processing/allCTD/CNV--turbid/2017_04-20_alongbay_skb08_cast155.cnv
* Sea-Bird SBE19plus Data File:
* FileName = P:\My Documents\kasitsna\Research-KBL\Oceanography-AK\CTD-Data-ALL-to-2017-02\2017-CTD-KachemakBay-CookInlet\2017-04-20-CookInlet-AlongKachemakBay\2017-04-20-CookInlet-AlongKachemakBay-cast155.hex
* Software Version 1.59
* Temperature SN =  4141
* Conductivity SN =  4141
* System UpLoad Time = Apr 24 2017 17:26:59
** Cook Inlet Along Kachemak Bay Line west to east
** Date: 2017-04-20
** Station: (eg. 9-01): KB08
** Start time (AKDT): 20:20
** Depth (m): 80.5
** Comment: R/V Alaska Dreamcatcher
** Comment:
# nquan = 16
# nvalues = 533                         
# units = specified
# name 0 = scan: Scan Count
# name 1 = timeJ: Julian Days
# name 2 = timeH: Time, Elapsed [hours]
# name 3 = timeM: Time, Elapsed [minutes]
# name 4 = timeS: Time, Elapsed [seconds]
# name 5 = prdM: Pressure, Strain Gauge [db]
# name 6 = specc: Specific Conductance [uS/cm]
# name 7 = sal00: Salinity, Practical [PSU]
# name 8 = tv290C: Temperature [ITS-90, deg C]
# name 9 = depSM: Depth [salt water, m], lat = 59.00
# name 10 = oxsolML/L: Oxygen Saturation, Garcia & Gordon [ml/l]
# name 11 = potemp090C: Potential Temperature [ITS-90, deg C]
# name 12 = sigma-é00: Density [sigma-theta, kg/m^3]
# name 13 = n2satML/L: Nitrogen Saturation [ml/l]
# name 14 = par: PAR/Irradiance, Biospherical/Licor
# name 15 = flag:  0.000e+00
# span 0 =          1,        533       
# span 1 = 110.847500, 110.849039       
# span 2 =    0.00000,    0.03694       
# span 3 =     0.0000,     2.2167       
# span 4 =      0.000,    133.000       
# span 5 =      0.041,     80.060       
# span 6 =    807.929,  51986.072       
# span 7 =     0.3829,    31.9351       
# span 8 =     3.2326,     5.9652       
# span 9 =      0.040,     79.296       
# span 10 =    7.10417,    8.88825      
# span 11 =     3.2279,     5.9651      
# span 12 =     0.2721,    25.4065      
# span 13 =   12.75212,   16.16862      
# span 14 = 3.6382e-02, 8.9904e+01      
# span 15 = 0.0000e+00, 0.0000e+00      
# interval = seconds: 0.25
# start_time = Apr 20 2017 20:20:24 [Instrument's time stamp, header]
# bad_flag = -9.990e-29
*END*
[from data line 272]
        273 110.848287    0.01889     1.1333     68.000     10.239  51100.319    31.6654     4.5226     10.143    7.31642     4.4583    25.0827   13.09377 4.5616e+00 0.0000e+00
        274 110.848290    0.01896     1.1375     68.250     10.526  51134.772    31.6812     4.4887     10.427    7.32163     4.4317    25.0986   13.10216 4.1265e+00 0.0000e+00
        275 110.848293    0.01903     1.1417     68.500     10.811  51163.787    31.6941     4.4590     10.710    7.32625     4.4062    25.1119   13.10962 3.6824e+00 0.0000e+00
        276 110.848296    0.01910     1.1458     68.750     11.097  51185.521    31.7028     4.4324     10.993    7.33052     4.3792    25.1215   13.11657 3.2292e+00 0.0000e+00
        277 110.848299    0.01917     1.1500     69.000     11.382  51201.898    31.7080     4.4069     11.275    7.33479     4.3506    25.1282   13.12354 2.7730e+00 0.0000e+00
        278 110.848302    0.01924     1.1542     69.250     11.665  51221.559    31.7151     4.3800     11.556    7.33921     4.3228    25.1366   13.13076 2.3249e+00 0.0000e+00
        279 110.848304    0.01931     1.1583     69.500     11.949  51251.262    31.7287     4.3514     11.837    7.34362     4.2986    25.1502   13.13787 1.9045e+00 0.0000e+00
        280 110.848307    0.01938     1.1625     69.750     12.234  51286.940    31.7465     4.3236     12.120    7.34768     4.2786    25.1672   13.14433 1.5381e+00 0.0000e+00
        281 110.848310    0.01944     1.1667     70.000     12.521  51319.681    31.7631     4.2994     12.404    7.35116     4.2612    25.1828   13.14986 1.2422e+00 0.0000e+00
        282 110.848313    0.01951     1.1708     70.250     12.809  51344.811    31.7755     4.2794     12.689    7.35413     4.2451    25.1947   13.15459 1.0134e+00 0.0000e+00
        283 110.848316    0.01958     1.1750     70.500     13.097  51363.311    31.7840     4.2621     12.974    7.35679     4.2295    25.2031   13.15888 8.3791e-01 0.0000e+00
        284 110.848319    0.01965     1.1792     70.750     13.384  51378.744    31.7906     4.2459     13.259    7.35934     4.2145    25.2100   13.16301 7.0266e-01 0.0000e+00
        285 110.848322    0.01972     1.1833     71.000     13.672  51393.105    31.7966     4.2304     13.544    7.36182     4.2002    25.2163   13.16702 5.9768e-01 0.0000e+00
        286 110.848325    0.01979     1.1875     71.250     13.961  51405.753    31.8016     4.2155     13.830    7.36424     4.1861    25.2218   13.17095 5.1530e-01 0.0000e+00
        287 110.848328    0.01986     1.1917     71.500     14.250  51416.087    31.8052     4.2012     14.116    7.36663     4.1718    25.2260   13.17484 4.4949e-01 0.0000e+00
        288 110.848330    0.01993     1.1958     71.750     14.536  51424.564    31.8075     4.1870     14.400    7.36904     4.1566    25.2292   13.17879 3.9567e-01 0.0000e+00
        289 110.848333    0.02000     1.2000     72.000     14.821  51431.025    31.8084     4.1727     14.681    7.37156     4.1393    25.2313   13.18293 3.5077e-01 0.0000e+00
        290 110.848336    0.02007     1.2042     72.250     15.104  51433.943    31.8067     4.1575     14.962    7.37436     4.1191    25.2314   13.18759 3.1301e-01 0.0000e+00
        291 110.848339    0.02014     1.2083     72.500     15.388  51435.840    31.8037     4.1402     15.244    7.37761     4.0973    25.2308   13.19299 2.8123e-01 0.0000e+00
        292 110.848342    0.02021     1.2125     72.750     15.673  51444.356    31.8046     4.1201     15.526    7.38119     4.0766    25.2334   13.19889 2.5442e-01 0.0000e+00
        293 110.848345    0.02028     1.2167     73.000     15.958  51461.933    31.8113     4.0983     15.808    7.38477     4.0591    25.2409   13.20471 2.3179e-01 0.0000e+00
        294 110.848348    0.02035     1.2208     73.250     16.243  51483.819    31.8212     4.0777     16.090    7.38798     4.0449    25.2507   13.20988 2.1243e-01 0.0000e+00
        295 110.848351    0.02042     1.2250     73.500     16.527  51504.562    31.8310     4.0601     16.371    7.39064     4.0336    25.2603   13.21415 1.9555e-01 0.0000e+00
        296 110.848354    0.02049     1.2292     73.750     16.810  51521.997    31.8394     4.0460     16.652    7.39276     4.0247    25.2683   13.21754 1.8073e-01 0.0000e+00
        297 110.848356    0.02056     1.2333     74.000     17.093  51537.642    31.8472     4.0348     16.932    7.39440     4.0180    25.2756   13.22014 1.6754e-01 0.0000e+00
        298 110.848359    0.02063     1.2375     74.250     17.375  51552.640    31.8552     4.0258     17.212    7.39561     4.0134    25.2828   13.22203 1.5557e-01 0.0000e+00
        299 110.848362    0.02069     1.2417     74.500     17.656  51565.859    31.8624     4.0192     17.491    7.39644     4.0104    25.2893   13.22331 1.4474e-01 0.0000e+00
        300 110.848365    0.02076     1.2458     74.750     17.936  51576.315    31.8683     4.0146     17.768    7.39697     4.0083    25.2944   13.22410 1.3513e-01 0.0000e+00
        301 110.848368    0.02083     1.2500     75.000     18.215  51583.664    31.8725     4.0116     18.044    7.39730     4.0067    25.2980   13.22460 1.2662e-01 0.0000e+00
        302 110.848371    0.02090     1.2542     75.250     18.495  51587.950    31.8748     4.0096     18.321    7.39756     4.0051    25.3000   13.22498 1.1900e-01 0.0000e+00
        303 110.848374    0.02097     1.2583     75.500     18.776  51590.594    31.8761     4.0079     18.599    7.39779     4.0035    25.3012   13.22536 1.1212e-01 0.0000e+00
        304 110.848377    0.02104     1.2625     75.750     19.057  51593.192    31.8773     4.0063     18.878    7.39802     4.0023    25.3023   13.22571 1.0586e-01 0.0000e+00
        305 110.848380    0.02111     1.2667     76.000     19.339  51596.463    31.8790     4.0048     19.157    7.39821     4.0017    25.3038   13.22600 1.0018e-01 0.0000e+00
        306 110.848383    0.02118     1.2708     76.250     19.619  51600.508    31.8814     4.0036     19.435    7.39831     4.0018    25.3058   13.22614 9.5063e-02 0.0000e+00
        307 110.848385    0.02125     1.2750     76.500     19.900  51605.064    31.8842     4.0030     19.713    7.39828     4.0029    25.3081   13.22605 9.0409e-02 0.0000e+00
        308 110.848388    0.02132     1.2792     76.750     20.182  51609.769    31.8873     4.0032     19.992    7.39809     4.0046    25.3106   13.22570 8.6023e-02 0.0000e+00
        309 110.848391    0.02139     1.2833     77.000     20.464  51613.691    31.8901     4.0042     20.272    7.39776     4.0067    25.3127   13.22512 8.1830e-02 0.0000e+00
        310 110.848394    0.02146     1.2875     77.250     20.747  51615.826    31.8918     4.0060     20.552    7.39735     4.0086    25.3139   13.22442 7.7843e-02 0.0000e+00
        311 110.848397    0.02153     1.2917     77.500     21.028  51616.144    31.8924     4.0081     20.831    7.39695     4.0100    25.3142   13.22374 7.4110e-02 0.0000e+00
        312 110.848400    0.02160     1.2958     77.750     21.307  51615.580    31.8923     4.0100     21.107    7.39661     4.0110    25.3140   13.22318 7.0733e-02 0.0000e+00
        313 110.848403    0.02167     1.3000     78.000     21.585  51615.599    31.8926     4.0114     21.382    7.39634     4.0118    25.3140   13.22274 6.7676e-02 0.0000e+00
        314 110.848406    0.02174     1.3042     78.250     21.861  51617.031    31.8936     4.0123     21.655    7.39611     4.0128    25.3147   13.22235 6.4852e-02 0.0000e+00
        315 110.848409    0.02181     1.3083     78.500     22.135  51619.347    31.8953     4.0132     21.927    7.39588     4.0140    25.3160   13.22194 6.2272e-02 0.0000e+00
        316 110.848411    0.02187     1.3125     78.750     22.407  51621.557    31.8969     4.0142     22.196    7.39561     4.0152    25.3172   13.22148 5.9949e-02 0.0000e+00
        317 110.848414    0.02194     1.3167     79.000     22.677  51623.185    31.8981     4.0154     22.464    7.39534     4.0163    25.3180   13.22101 5.7823e-02 0.0000e+00
        318 110.848417    0.02201     1.3208     79.250     22.947  51624.379    31.8991     4.0166     22.732    7.39507     4.0172    25.3187   13.22056 5.5829e-02 0.0000e+00
        319 110.848420    0.02208     1.3250     79.500     23.219  51625.432    31.9000     4.0177     23.001    7.39482     4.0178    25.3193   13.22015 5.3967e-02 0.0000e+00
        320 110.848423    0.02215     1.3292     79.750     23.492  51626.358    31.9007     4.0186     23.272    7.39462     4.0182    25.3197   13.21981 5.2263e-02 0.0000e+00
        321 110.848426    0.02222     1.3333     80.000     23.767  51627.132    31.9013     4.0193     23.544    7.39448     4.0183    25.3201   13.21956 5.0727e-02 0.0000e+00
        322 110.848429    0.02229     1.3375     80.250     24.042  51627.956    31.9018     4.0197     23.816    7.39438     4.0182    25.3205   13.21940 4.9287e-02 0.0000e+00
        323 110.848432    0.02236     1.3417     80.500     24.316  51628.933    31.9023     4.0198     24.087    7.39434     4.0180    25.3209   13.21931 4.7911e-02 0.0000e+00
        324 110.848435    0.02243     1.3458     80.750     24.589  51629.964    31.9028     4.0197     24.357    7.39432     4.0177    25.3214   13.21928 4.6656e-02 0.0000e+00
        325 110.848438    0.02250     1.3500     81.000     24.861  51630.804    31.9032     4.0195     24.627    7.39434     4.0172    25.3217   13.21930 4.5534e-02 0.0000e+00
        326 110.848440    0.02257     1.3542     81.250     25.132  51631.284    31.9034     4.0193     24.896    7.39438     4.0166    25.3218   13.21937 4.4518e-02 0.0000e+00
        327 110.848443    0.02264     1.3583     81.500     25.404  51631.415    31.9032     4.0188     25.164    7.39447     4.0156    25.3218   13.21951 4.3563e-02 0.0000e+00
        328 110.848446    0.02271     1.3625     81.750     25.674  51631.231    31.9028     4.0182     25.432    7.39460     4.0145    25.3215   13.21974 4.2640e-02 0.0000e+00
        329 110.848449    0.02278     1.3667     82.000     25.944  51631.167    31.9024     4.0173     25.700    7.39479     4.0132    25.3213   13.22005 4.1771e-02 0.0000e+00
        330 110.848452    0.02285     1.3708     82.250     26.213  51631.555    31.9023     4.0161     25.967    7.39501     4.0119    25.3213   13.22041 4.0990e-02 0.0000e+00
        331 110.848455    0.02292     1.3750     82.500     26.484  51632.261    31.9023     4.0148     26.235    7.39523     4.0107    25.3214   13.22079 4.0312e-02 0.0000e+00
        332 110.848458    0.02299     1.3792     82.750     26.758  51633.322    31.9026     4.0136     26.506    7.39545     4.0098    25.3218   13.22114 3.9702e-02 0.0000e+00
        333 110.848461    0.02306     1.3833     83.000     27.032  51635.078    31.9033     4.0124     26.778    7.39562     4.0093    25.3225   13.22141 3.9104e-02 0.0000e+00
        334 110.848464    0.02313     1.3875     83.250     27.306  51637.644    31.9047     4.0115     27.049    7.39571     4.0093    25.3237   13.22155 3.8538e-02 0.0000e+00
        335 110.848466    0.02319     1.3917     83.500     27.577  51640.209    31.9062     4.0111     27.318    7.39572     4.0097    25.3249   13.22153 3.8043e-02 0.0000e+00
        336 110.848469    0.02326     1.3958     83.750     27.848  51642.008    31.9073     4.0111     27.585    7.39565     4.0103    25.3258   13.22141 3.7634e-02 0.0000e+00
        337 110.848472    0.02333     1.4000     84.000     28.119  51643.075    31.9080     4.0115     27.854    7.39555     4.0108    25.3263   13.22123 3.7293e-02 0.0000e+00
        338 110.848475    0.02340     1.4042     84.250     28.392  51643.436    31.9083     4.0121     28.124    7.39543     4.0111    25.3265   13.22104 3.6993e-02 0.0000e+00
        339 110.848478    0.02347     1.4083     84.500     28.665  51643.126    31.9081     4.0126     28.395    7.39534     4.0112    25.3262   13.22090 3.6759e-02 0.0000e+00
        340 110.848481    0.02354     1.4125     84.750     28.938  51642.517    31.9076     4.0130     28.665    7.39530     4.0109    25.3258   13.22084 3.6608e-02 0.0000e+00
        341 110.848484    0.02361     1.4167     85.000     29.209  51642.197    31.9073     4.0130     28.934    7.39531     4.0105    25.3255   13.22086 3.6518e-02 0.0000e+00
        342 110.848487    0.02368     1.4208     85.250     29.478  51642.748    31.9074     4.0128     29.200    7.39535     4.0101    25.3257   13.22091 3.6464e-02 0.0000e+00
        343 110.848490    0.02375     1.4250     85.500     29.747  51644.475    31.9084     4.0124     29.467    7.39537     4.0098    25.3265   13.22094 3.6431e-02 0.0000e+00
        344 110.848492    0.02382     1.4292     85.750     30.018  51646.787    31.9097     4.0120     29.735    7.39537     4.0094    25.3276   13.22092 3.6411e-02 0.0000e+00
        345 110.848495    0.02389     1.4333     86.000     30.290  51648.174    31.9105     4.0118     30.004    7.39538     4.0081    25.3282   13.22093 3.6400e-02 0.0000e+00
        346 110.848498    0.02396     1.4375     86.250     30.561  51647.525    31.9098     4.0113     30.274    7.39549     4.0052    25.3277   13.22112 3.6393e-02 0.0000e+00
        347 110.848501    0.02403     1.4417     86.500     30.832  51644.070    31.9070     4.0101     30.542    7.39586     3.9995    25.3256   13.22176 3.6389e-02 0.0000e+00
        348 110.848504    0.02410     1.4458     86.750     31.103  51636.944    31.9013     4.0071     30.810    7.39668     3.9904    25.3214   13.22318 3.6386e-02 0.0000e+00
        349 110.848507    0.02417     1.4500     87.000     31.374  51628.001    31.8937     4.0015     31.078    7.39807     3.9784    25.3158   13.22558 3.6385e-02 0.0000e+00
        350 110.848510    0.02424     1.4542     87.250     31.645  51622.691    31.8877     3.9924     31.348    7.40001     3.9652    25.3120   13.22886 3.6384e-02 0.0000e+00
        351 110.848513    0.02431     1.4583     87.500     31.917  51624.630    31.8860     3.9804     31.617    7.40226     3.9525    25.3118   13.23259 3.6383e-02 0.0000e+00
        352 110.848516    0.02438     1.4625     87.750     32.188  51632.423    31.8880     3.9672     31.885    7.40454     3.9412    25.3146   13.23634 3.6383e-02 0.0000e+00
        353 110.848519    0.02444     1.4667     88.000     32.458  51642.248    31.8915     3.9545     32.152    7.40666     3.9311    25.3186   13.23979 3.6382e-02 0.0000e+00
        354 110.848521    0.02451     1.4708     88.250     32.728  51650.577    31.8943     3.9432     32.419    7.40856     3.9215    25.3220   13.24289 3.6382e-02 0.0000e+00
        355 110.848524    0.02458     1.4750     88.500     33.000  51655.986    31.8954     3.9332     32.689    7.41032     3.9116    25.3238   13.24577 3.6382e-02 0.0000e+00
        356 110.848527    0.02465     1.4792     88.750     33.275  51659.194    31.8951     3.9236     32.961    7.41206     3.9008    25.3245   13.24866 3.6382e-02 0.0000e+00
        357 110.848530    0.02472     1.4833     89.000     33.552  51661.220    31.8939     3.9137     33.235    7.41391     3.8886    25.3245   13.25172 3.6382e-02 0.0000e+00
        358 110.848533    0.02479     1.4875     89.250     33.828  51661.868    31.8916     3.9030     33.508    7.41598     3.8739    25.3237   13.25516 3.6382e-02 0.0000e+00
        359 110.848536    0.02486     1.4917     89.500     34.102  51660.191    31.8873     3.8907     33.780    7.41842     3.8563    25.3214   13.25924 3.6382e-02 0.0000e+00
        360 110.848539    0.02493     1.4958     89.750     34.374  51658.244    31.8822     3.8761     34.049    7.42133     3.8368    25.3188   13.26411 3.6382e-02 0.0000e+00
        361 110.848542    0.02500     1.5000     90.000     34.646  51661.414    31.8799     3.8585     34.319    7.42463     3.8176    25.3186   13.26960 3.6382e-02 0.0000e+00
