CTD-processing/allCTD/CNV--turbid/2017_09-22_alongbay_skb12_cast023.cnv
* Sea-Bird SBE19plus Data File:
* FileName = C:\Users\Kim.Powell\Desktop\Not Processed\2017\2017_09-22\2017_09-22_TRANSECT_STATION_cast023.hex
* Software Version 1.59
* Temperature SN =  4141
* Conductivity SN =  4141
* System UpLoad Time = Oct 11 2017 10:31:42
** 2017_09-22
** Station: KB12
** Start Time: 10:59
** Depth (m):74.7
** Comment:
** Comment:
# nquan = 16
# nvalues = 662                         
# units = specified
# name 0 = scan: Scan Count
# name 1 = timeJ: Julian Days
# name 2 = timeH: Time, Elapsed [hours]
# name 3 = timeM: Time, Elapsed [minutes]
# name 4 = timeS: Time, Elapsed [seconds]
# name 5 = prdM: Pressure, Strain Gauge [db]
# name 6 = specc: Specific Conductance [uS/cm]
# name 7 = sal00: Salinity, Practical [PSU]
# name 8 = tv290C: Temperature [ITS-90, deg C]
# name 9 = depSM: Depth [salt water, m], lat = 59.00
# name 10 = oxsolML/L: Oxygen Saturation, Garcia & Gordon [ml/l]
# name 11 = potemp090C: Potential Temperature [ITS-90, deg C]
# name 12 = sigma-é00: Density [sigma-theta, kg/m^3]
# name 13 = n2satML/L: Nitrogen Saturation [ml/l]
# name 14 = par: PAR/Irradiance, Biospherical/Licor
# name 15 = flag:  0.000e+00
# span 0 =          1,        662       
# span 1 = 265.457766, 265.459679       
# span 2 =    0.00000,    0.04590       
# span 3 =     0.0000,     2.7542       
# span 4 =      0.000,    165.250       
# span 5 =      0.040,     73.488       
# span 6 =  17277.666,  47653.283       
# span 7 =    10.5722,    30.3062       
# span 8 =    10.3022,    11.3019       
# span 9 =      0.039,     72.788       
# span 10 =    6.34137,    7.35141      
# span 11 =    10.3472,    11.2983      
# span 12 =     7.8989,    23.0989      
# span 13 =   11.50163,   13.44399      
# span 14 = 4.4905e-02, 6.1216e+01      
# span 15 = 0.0000e+00, 0.0000e+00      
# interval = seconds: 0.25
# start_time = Sep 22 2017 10:59:11 [Instrument's time stamp, header]
# bad_flag = -9.990e-29
*END*
[from data line 181]
        182 265.458290    0.01257     0.7542     45.250      0.807  40915.852    25.5814    10.6176      0.800    6.61680    10.6158    19.5144   12.01182 2.8841e+01 0.0000e+00
        183 265.458293    0.01264     0.7583     45.500      0.805  40918.545    25.5832    10.6168      0.797    6.61683    10.6149    19.5159   12.01185 2.8890e+01 0.0000e+00
        184 265.458296    0.01271     0.7625     45.750      0.804  40920.379    25.5844    10.6159      0.796    6.61691    10.6139    19.5169   12.01197 2.8932e+01 0.0000e+00
        185 265.458299    0.01278     0.7667     46.000      0.804  40921.411    25.5850    10.6150      0.796    6.61702    10.6131    19.5176   12.01215 2.8977e+01 0.0000e+00
        186 265.458302    0.01285     0.7708     46.250      0.806  40922.015    25.5854    10.6140      0.798    6.61714    10.6123    19.5180   12.01235 2.9015e+01 0.0000e+00
        187 265.458304    0.01292     0.7750     46.500      0.807  40922.786    25.5858    10.6132      0.800    6.61725    10.6115    19.5184   12.01252 2.9053e+01 0.0000e+00
        188 265.458307    0.01299     0.7792     46.750      0.809  40924.242    25.5867    10.6124      0.802    6.61732    10.6106    19.5193   12.01263 2.9101e+01 0.0000e+00
        189 265.458310    0.01306     0.7833     47.000      0.810  40926.554    25.5882    10.6116      0.803    6.61737    10.6096    19.5206   12.01270 2.9155e+01 0.0000e+00
        190 265.458313    0.01313     0.7875     47.250      0.810  40929.488    25.5902    10.6107      0.803    6.61742    10.6085    19.5223   12.01274 2.9203e+01 0.0000e+00
        191 265.458316    0.01319     0.7917     47.500      0.809  40932.639    25.5923    10.6097      0.802    6.61748    10.6072    19.5240   12.01281 2.9228e+01 0.0000e+00
        192 265.458319    0.01326     0.7958     47.750      0.808  40935.696    25.5943    10.6085      0.801    6.61756    10.6058    19.5258   12.01293 2.9216e+01 0.0000e+00
        193 265.458322    0.01333     0.8000     48.000      0.808  40938.573    25.5961    10.6072      0.800    6.61767    10.6045    19.5274   12.01309 2.9196e+01 0.0000e+00
        194 265.458325    0.01340     0.8042     48.250      0.808  40941.455    25.5980    10.6059      0.801    6.61779    10.6032    19.5291   12.01327 2.9195e+01 0.0000e+00
        195 265.458328    0.01347     0.8083     48.500      0.808  40944.657    25.6001    10.6046      0.801    6.61789    10.6018    19.5309   12.01342 2.9210e+01 0.0000e+00
        196 265.458330    0.01354     0.8125     48.750      0.808  40948.307    25.6025    10.6033      0.801    6.61799    10.6003    19.5330   12.01354 2.9238e+01 0.0000e+00
        197 265.458333    0.01361     0.8167     49.000      0.807  40952.119    25.6050    10.6019      0.800    6.61808    10.5989    19.5352   12.01367 2.9265e+01 0.0000e+00
        198 265.458336    0.01368     0.8208     49.250      0.805  40955.494    25.6072    10.6004      0.798    6.61820    10.5976    19.5371   12.01383 2.9274e+01 0.0000e+00
        199 265.458339    0.01375     0.8250     49.500      0.804  40957.912    25.6087    10.5990      0.797    6.61834    10.5965    19.5385   12.01405 2.9263e+01 0.0000e+00
        200 265.458342    0.01382     0.8292     49.750      0.803  40959.168    25.6095    10.5977      0.796    6.61851    10.5956    19.5393   12.01431 2.9257e+01 0.0000e+00
        201 265.458345    0.01389     0.8333     50.000      0.804  40959.355    25.6095    10.5966      0.797    6.61867    10.5950    19.5395   12.01458 2.9287e+01 0.0000e+00
        202 265.458348    0.01396     0.8375     50.250      0.805  40958.899    25.6091    10.5957      0.798    6.61881    10.5946    19.5393   12.01482 2.9363e+01 0.0000e+00
        203 265.458351    0.01403     0.8417     50.500      0.808  40958.450    25.6087    10.5951      0.800    6.61891    10.5943    19.5391   12.01499 2.9481e+01 0.0000e+00
        204 265.458354    0.01410     0.8458     50.750      0.810  40958.587    25.6088    10.5947      0.802    6.61896    10.5939    19.5392   12.01508 2.9606e+01 0.0000e+00
        205 265.458356    0.01417     0.8500     51.000      0.811  40959.605    25.6095    10.5944      0.803    6.61898    10.5935    19.5398   12.01511 2.9699e+01 0.0000e+00
        206 265.458359    0.01424     0.8542     51.250      0.810  40961.447    25.6107    10.5940      0.803    6.61899    10.5929    19.5408   12.01510 2.9763e+01 0.0000e+00
        207 265.458362    0.01431     0.8583     51.500      0.808  40963.724    25.6122    10.5936      0.801    6.61899    10.5921    19.5421   12.01509 2.9788e+01 0.0000e+00
        208 265.458365    0.01438     0.8625     51.750      0.805  40965.885    25.6137    10.5930      0.798    6.61902    10.5914    19.5433   12.01512 2.9776e+01 0.0000e+00
        209 265.458368    0.01444     0.8667     52.000      0.803  40967.473    25.6147    10.5922      0.795    6.61908    10.5907    19.5442   12.01521 2.9767e+01 0.0000e+00
        210 265.458371    0.01451     0.8708     52.250      0.801  40968.249    25.6151    10.5915      0.794    6.61917    10.5901    19.5447   12.01535 2.9779e+01 0.0000e+00
        211 265.458374    0.01458     0.8750     52.500      0.801  40968.233    25.6151    10.5908      0.794    6.61928    10.5897    19.5447   12.01553 2.9809e+01 0.0000e+00
        212 265.458377    0.01465     0.8792     52.750      0.803  40967.757    25.6147    10.5902      0.796    6.61938    10.5894    19.5445   12.01570 2.9859e+01 0.0000e+00
        213 265.458380    0.01472     0.8833     53.000      0.805  40967.335    25.6144    10.5898      0.798    6.61945    10.5892    19.5443   12.01582 2.9908e+01 0.0000e+00
        214 265.458383    0.01479     0.8875     53.250      0.806  40967.380    25.6144    10.5895      0.799    6.61949    10.5890    19.5444   12.01589 2.9935e+01 0.0000e+00
        215 265.458385    0.01486     0.8917     53.500      0.807  40968.077    25.6148    10.5893      0.800    6.61950    10.5887    19.5447   12.01590 2.9941e+01 0.0000e+00
        216 265.458388    0.01493     0.8958     53.750      0.807  40969.396    25.6157    10.5891      0.799    6.61949    10.5882    19.5455   12.01588 2.9937e+01 0.0000e+00
        217 265.458391    0.01500     0.9000     54.000      0.806  40971.101    25.6169    10.5888      0.798    6.61949    10.5877    19.5464   12.01586 2.9938e+01 0.0000e+00
        218 265.458394    0.01507     0.9042     54.250      0.804  40972.855    25.6180    10.5883      0.797    6.61950    10.5871    19.5474   12.01587 2.9943e+01 0.0000e+00
        219 265.458397    0.01514     0.9083     54.500      0.803  40974.388    25.6190    10.5878      0.795    6.61954    10.5864    19.5483   12.01592 2.9958e+01 0.0000e+00
        220 265.458400    0.01521     0.9125     54.750      0.802  40975.559    25.6198    10.5872      0.794    6.61960    10.5858    19.5490   12.01600 2.9997e+01 0.0000e+00
        221 265.458403    0.01528     0.9167     55.000      0.801  40976.336    25.6203    10.5865      0.793    6.61967    10.5853    19.5494   12.01611 3.0030e+01 0.0000e+00
        222 265.458406    0.01535     0.9208     55.250      0.801  40976.726    25.6205    10.5859      0.794    6.61975    10.5850    19.5497   12.01624 3.0046e+01 0.0000e+00
        223 265.458409    0.01542     0.9250     55.500      0.802  40976.744    25.6204    10.5854      0.795    6.61983    10.5847    19.5497   12.01637 3.0071e+01 0.0000e+00
        224 265.458411    0.01549     0.9292     55.750      0.804  40976.524    25.6203    10.5851      0.797    6.61989    10.5845    19.5497   12.01648 3.0101e+01 0.0000e+00
        225 265.458414    0.01556     0.9333     56.000      0.806  40976.358    25.6201    10.5848      0.799    6.61993    10.5844    19.5496   12.01655 3.0127e+01 0.0000e+00
        226 265.458417    0.01563     0.9375     56.250      0.808  40976.544    25.6202    10.5846      0.801    6.61995    10.5842    19.5497   12.01659 3.0165e+01 0.0000e+00
        227 265.458420    0.01569     0.9417     56.500      0.809  40977.188    25.6207    10.5845      0.802    6.61996    10.5838    19.5501   12.01659 3.0210e+01 0.0000e+00
        228 265.458423    0.01576     0.9458     56.750      0.808  40978.130    25.6213    10.5843      0.801    6.61996    10.5834    19.5506   12.01659 3.0243e+01 0.0000e+00
        229 265.458426    0.01583     0.9500     57.000      0.807  40979.061    25.6219    10.5839      0.800    6.61998    10.5828    19.5511   12.01661 3.0264e+01 0.0000e+00
        230 265.458429    0.01590     0.9542     57.250      0.806  40979.809    25.6224    10.5835      0.799    6.62003    10.5821    19.5515   12.01668 3.0277e+01 0.0000e+00
        231 265.458432    0.01597     0.9583     57.500      0.805  40980.349    25.6227    10.5829      0.797    6.62010    10.5815    19.5519   12.01680 3.0284e+01 0.0000e+00
        232 265.458435    0.01604     0.9625     57.750      0.804  40980.588    25.6228    10.5822      0.796    6.62019    10.5809    19.5521   12.01695 3.0274e+01 0.0000e+00
        233 265.458438    0.01611     0.9667     58.000      0.803  40980.336    25.6226    10.5816      0.796    6.62030    10.5804    19.5520   12.01713 3.0254e+01 0.0000e+00
        234 265.458440    0.01618     0.9708     58.250      0.804  40979.348    25.6218    10.5810      0.796    6.62041    10.5801    19.5515   12.01733 3.0248e+01 0.0000e+00
        235 265.458443    0.01625     0.9750     58.500      0.805  40977.276    25.6204    10.5805      0.797    6.62054    10.5800    19.5504   12.01756 3.0256e+01 0.0000e+00
        236 265.458446    0.01632     0.9792     58.750      0.806  40973.543    25.6178    10.5802      0.799    6.62069    10.5799    19.5485   12.01785 3.0276e+01 0.0000e+00
        237 265.458449    0.01639     0.9833     59.000      0.807  40967.133    25.6133    10.5801      0.800    6.62091    10.5799    19.5451   12.01826 3.0300e+01 0.0000e+00
        238 265.458452    0.01646     0.9875     59.250      0.807  40956.336    25.6059    10.5800      0.800    6.62123    10.5800    19.5393   12.01889 3.0312e+01 0.0000e+00
        239 265.458455    0.01653     0.9917     59.500      0.807  40938.250    25.5934    10.5800      0.800    6.62176    10.5804    19.5296   12.01992 3.0307e+01 0.0000e+00
        240 265.458458    0.01660     0.9958     59.750      0.807  40907.875    25.5725    10.5801      0.800    6.62262    10.5811    19.5134   12.02161 3.0294e+01 0.0000e+00
        241 265.458461    0.01667     1.0000     60.000      0.806  40856.897    25.5374    10.5805      0.799    6.62404    10.5826    19.4861   12.02441 3.0276e+01 0.0000e+00
        242 265.458464    0.01674     1.0042     60.250      0.806  40771.739    25.4789    10.5812      0.799    6.62641    10.5851    19.4404   12.02907 3.0259e+01 0.0000e+00
        243 265.458466    0.01681     1.0083     60.500      0.806  40654.660    25.3984    10.5827      0.799    6.62960    10.5891    19.3777   12.03536 3.0261e+01 0.0000e+00
        244 265.458469    0.01688     1.0125     60.750      0.807  40548.726    25.3257    10.5852      0.800    6.63230    10.5947    19.3208   12.04076 3.0284e+01 0.0000e+00
        245 265.458472    0.01694     1.0167     61.000      0.808  40497.268    25.2906    10.5892      0.801    6.63320    10.6019    19.2929   12.04270 3.0324e+01 0.0000e+00
        246 265.458475    0.01701     1.0208     61.250      0.808  40492.753    25.2880    10.5948      0.801    6.63249    10.6102    19.2900   12.04155 3.0358e+01 0.0000e+00
        247 265.458478    0.01708     1.0250     61.500      0.809  40502.011    25.2950    10.6020      0.802    6.63114    10.6180    19.2944   12.03921 3.0363e+01 0.0000e+00
        248 265.458481    0.01715     1.0292     61.750      0.809  40503.841    25.2970    10.6102      0.802    6.62986    10.6240    19.2946   12.03705 3.0350e+01 0.0000e+00
        249 265.458484    0.01722     1.0333     62.000      0.809  40488.128    25.2869    10.6181      0.802    6.62914    10.6274    19.2855   12.03599 3.0333e+01 0.0000e+00
        250 265.458487    0.01729     1.0375     62.250      0.808  40455.832    25.2652    10.6241      0.801    6.62918    10.6282    19.2678   12.03632 3.0322e+01 0.0000e+00
        251 265.458490    0.01736     1.0417     62.500      0.807  40414.962    25.2374    10.6275      0.799    6.62986    10.6270    19.2456   12.03779 3.0329e+01 0.0000e+00
        252 265.458492    0.01743     1.0458     62.750      0.806  40370.845    25.2072    10.6283      0.798    6.63102    10.6245    19.2220   12.04009 3.0350e+01 0.0000e+00
        253 265.458495    0.01750     1.0500     63.000      0.805  40327.574    25.1773    10.6271      0.797    6.63246    10.6210    19.1989   12.04286 3.0381e+01 0.0000e+00
        254 265.458498    0.01757     1.0542     63.250      0.805  40285.417    25.1481    10.6245      0.797    6.63407    10.6168    19.1766   12.04590 3.0416e+01 0.0000e+00
        255 265.458501    0.01764     1.0583     63.500      0.806  40242.044    25.1179    10.6211      0.798    6.63585    10.6121    19.1538   12.04923 3.0439e+01 0.0000e+00
        256 265.458504    0.01771     1.0625     63.750      0.806  40200.577    25.0890    10.6169      0.798    6.63768    10.6073    19.1320   12.05263 3.0445e+01 0.0000e+00
        257 265.458507    0.01778     1.0667     64.000      0.807  40165.159    25.0643    10.6122      0.799    6.63941    10.6028    19.1135   12.05581 3.0447e+01 0.0000e+00
        258 265.458510    0.01785     1.0708     64.250      0.807  40136.312    25.0440    10.6074      0.799    6.64097    10.5989    19.0985   12.05865 3.0458e+01 0.0000e+00
        259 265.458513    0.01792     1.0750     64.500      0.807  40115.101    25.0290    10.6029      0.799    6.64226    10.5957    19.0875   12.06099 3.0453e+01 0.0000e+00
        260 265.458516    0.01799     1.0792     64.750      0.807  40101.226    25.0191    10.5990      0.800    6.64326    10.5932    19.0804   12.06277 3.0422e+01 0.0000e+00
        261 265.458519    0.01806     1.0833     65.000      0.807  40092.387    25.0127    10.5958      0.800    6.64400    10.5913    19.0760   12.06408 3.0379e+01 0.0000e+00
        262 265.458521    0.01812     1.0875     65.250      0.807  40088.658    25.0100    10.5933      0.800    6.64448    10.5902    19.0742   12.06491 3.0330e+01 0.0000e+00
        263 265.458524    0.01819     1.0917     65.500      0.807  40088.930    25.0100    10.5914      0.800    6.64475    10.5895    19.0745   12.06535 3.0294e+01 0.0000e+00
        264 265.458527    0.01826     1.0958     65.750      0.807  40088.876    25.0099    10.5903      0.799    6.64492    10.5891    19.0746   12.06564 3.0288e+01 0.0000e+00
        265 265.458530    0.01833     1.1000     66.000      0.806  40086.155    25.0079    10.5896      0.799    6.64510    10.5887    19.0732   12.06596 3.0305e+01 0.0000e+00
        266 265.458533    0.01840     1.1042     66.250      0.805  40081.236    25.0045    10.5892      0.798    6.64530    10.5882    19.0706   12.06634 3.0333e+01 0.0000e+00
        267 265.458536    0.01847     1.1083     66.500      0.804  40076.358    25.0011    10.5888      0.796    6.64551    10.5877    19.0681   12.06673 3.0354e+01 0.0000e+00
        268 265.458539    0.01854     1.1125     66.750      0.803  40074.608    24.9999    10.5883      0.795    6.64564    10.5875    19.0672   12.06696 3.0353e+01 0.0000e+00
        269 265.458542    0.01861     1.1167     67.000      0.802  40076.439    25.0011    10.5878      0.795    6.64565    10.5875    19.0682   12.06696 3.0327e+01 0.0000e+00
        270 265.458545    0.01868     1.1208     67.250      0.803  40080.340    25.0037    10.5876      0.795    6.64557    10.5877    19.0703   12.06680 3.0301e+01 0.0000e+00
        271 265.458547    0.01875     1.1250     67.500      0.804  40085.992    25.0076    10.5875      0.796    6.64541    10.5882    19.0733   12.06649 3.0304e+01 0.0000e+00
