CTD-processing/allCTD/CNV--turbid/2017_07-25_t4_s02_cast225.cnv
* Sea-Bird SBE19plus Data File:
* FileName = P:\My Documents\kasitsna\Research-KBL\Oceanography-AK\CTD-Data-ALL-to-2017-02\2017-CTD-KachemakBay-CookInlet\2017-07-25-CookInlet-Tran4-Barabara\2017-07-25-CookInlet-Tran4-cast225.hex
* Software Version 1.59
* Temperature SN =  4141
* Conductivity SN =  4141
* System UpLoad Time = Jul 25 2017 19:40:26
** Cook Inlet LTM Transect 4 Barabara south to north
** Date: 2017-07-25
** Station: (eg. 9-01): 4-02
** Start time (AKDT): 09:54
** Depth (m): 96.6
** Comment: R/V Edgecumbe.  Quarterly survey.
** Comment:
# nquan = 16
# nvalues = 1277                        
# units = specified
# name 0 = scan: Scan Count
# name 1 = timeJ: Julian Days
# name 2 = timeH: Time, Elapsed [hours]
# name 3 = timeM: Time, Elapsed [minutes]
# name 4 = timeS: Time, Elapsed [seconds]
# name 5 = prdM: Pressure, Strain Gauge [db]
# name 6 = specc: Specific Conductance [uS/cm]
# name 7 = sal00: Salinity, Practical [PSU]
# name 8 = tv290C: Temperature [ITS-90, deg C]
# name 9 = depSM: Depth [salt water, m], lat = 59.00
# name 10 = oxsolML/L: Oxygen Saturation, Garcia & Gordon [ml/l]
# name 11 = potemp090C: Potential Temperature [ITS-90, deg C]
# name 12 = sigma-é00: Density [sigma-theta, kg/m^3]
# name 13 = n2satML/L: Nitrogen Saturation [ml/l]
# name 14 = par: PAR/Irradiance, Biospherical/Licor
# name 15 = flag:  0.000e+00
# span 0 =          1,       1277       
# span 1 = 206.413530, 206.417222       
# span 2 =    0.00000,    0.08861       
# span 3 =     0.0000,     5.3167       
# span 4 =      0.000,    319.000       
# span 5 =      0.117,     82.631       
# span 6 =  10916.533,  50304.969       
# span 7 =     6.7889,    31.7116       
# span 8 =     7.7526,    10.8094       
# span 9 =      0.116,     81.842       
# span 10 =    6.45174,    7.44131      
# span 11 =     7.7448,    10.6929      
# span 12 =     4.9033,    24.7259      
# span 13 =   11.66448,   13.64761      
# span 14 = 5.1355e-02, 4.7329e+02      
# span 15 = 0.0000e+00, 0.0000e+00      
# interval = seconds: 0.25
# start_time = Jul 25 2017 09:55:29 [Instrument's time stamp, header]
# bad_flag = -9.990e-29
*END*
[from data line 272]
        273 206.414317    0.01889     1.1333     68.000      0.932  49642.028    31.5810     9.8147      0.923    6.48094     9.8148    24.3137   11.71358 2.8831e+02 0.0000e+00
        274 206.414320    0.01896     1.1375     68.250      0.937  49641.974    31.5810     9.8148      0.928    6.48092     9.8150    24.3137   11.71354 2.8874e+02 0.0000e+00
        275 206.414323    0.01903     1.1417     68.500      0.934  49642.143    31.5812     9.8149      0.926    6.48089     9.8153    24.3137   11.71350 2.8947e+02 0.0000e+00
        276 206.414326    0.01910     1.1458     68.750      0.925  49642.477    31.5814     9.8151      0.916    6.48085     9.8158    24.3139   11.71344 2.9015e+02 0.0000e+00
        277 206.414329    0.01917     1.1500     69.000      0.912  49642.859    31.5817     9.8154      0.904    6.48079     9.8164    24.3141   11.71334 2.9069e+02 0.0000e+00
        278 206.414332    0.01924     1.1542     69.250      0.902  49642.901    31.5818     9.8159      0.893    6.48072     9.8169    24.3141   11.71321 2.9071e+02 0.0000e+00
        279 206.414334    0.01931     1.1583     69.500      0.899  49642.182    31.5814     9.8165      0.890    6.48065     9.8170    24.3136   11.71310 2.9062e+02 0.0000e+00
        280 206.414337    0.01938     1.1625     69.750      0.904  49640.933    31.5806     9.8170      0.895    6.48062     9.8168    24.3129   11.71306 2.9022e+02 0.0000e+00
        281 206.414340    0.01944     1.1667     70.000      0.915  49639.923    31.5799     9.8171      0.906    6.48064     9.8163    24.3124   11.71309 2.8938e+02 0.0000e+00
        282 206.414343    0.01951     1.1708     70.250      0.927  49639.542    31.5795     9.8169      0.918    6.48069     9.8158    24.3122   11.71318 2.8945e+02 0.0000e+00
        283 206.414346    0.01958     1.1750     70.500      0.934  49639.681    31.5796     9.8164      0.925    6.48075     9.8154    24.3123   11.71329 2.9023e+02 0.0000e+00
        284 206.414349    0.01965     1.1792     70.750      0.932  49640.239    31.5799     9.8159      0.923    6.48081     9.8153    24.3126   11.71338 2.8954e+02 0.0000e+00
        285 206.414352    0.01972     1.1833     71.000      0.923  49641.050    31.5805     9.8155      0.914    6.48084     9.8154    24.3131   11.71342 2.8681e+02 0.0000e+00
        286 206.414355    0.01979     1.1875     71.250      0.910  49641.787    31.5810     9.8154      0.902    6.48083     9.8158    24.3135   11.71341 2.8416e+02 0.0000e+00
        287 206.414358    0.01986     1.1917     71.500      0.899  49642.132    31.5812     9.8155      0.891    6.48080     9.8161    24.3137   11.71335 2.8287e+02 0.0000e+00
        288 206.414361    0.01993     1.1958     71.750      0.895  49641.944    31.5811     9.8159      0.886    6.48076     9.8164    24.3136   11.71328 2.8214e+02 0.0000e+00
        289 206.414363    0.02000     1.2000     72.000      0.896  49641.460    31.5808     9.8162      0.887    6.48072     9.8164    24.3133   11.71322 2.8158e+02 0.0000e+00
        290 206.414366    0.02007     1.2042     72.250      0.902  49640.968    31.5805     9.8165      0.893    6.48070     9.8163    24.3130   11.71320 2.8162e+02 0.0000e+00
        291 206.414369    0.02014     1.2083     72.500      0.910  49640.590    31.5802     9.8165      0.901    6.48071     9.8162    24.3128   11.71321 2.8351e+02 0.0000e+00
        292 206.414372    0.02021     1.2125     72.750      0.919  49640.508    31.5802     9.8164      0.910    6.48073     9.8161    24.3127   11.71324 2.8811e+02 0.0000e+00
        293 206.414375    0.02028     1.2167     73.000      0.927  49640.738    31.5803     9.8163      0.918    6.48074     9.8161    24.3129   11.71325 2.9387e+02 0.0000e+00
        294 206.414378    0.02035     1.2208     73.250      0.934  49641.059    31.5805     9.8162      0.925    6.48074     9.8162    24.3131   11.71325 2.9878e+02 0.0000e+00
        295 206.414381    0.02042     1.2250     73.500      0.937  49641.365    31.5808     9.8162      0.928    6.48073     9.8165    24.3132   11.71323 3.0288e+02 0.0000e+00
        296 206.414384    0.02049     1.2292     73.750      0.934  49641.705    31.5810     9.8163      0.925    6.48070     9.8169    24.3134   11.71318 3.0615e+02 0.0000e+00
        297 206.414387    0.02056     1.2333     74.000      0.924  49642.090    31.5813     9.8166      0.915    6.48065     9.8175    24.3136   11.71310 3.0753e+02 0.0000e+00
        298 206.414389    0.02063     1.2375     74.250      0.910  49642.332    31.5816     9.8170      0.902    6.48058     9.8181    24.3137   11.71298 3.0757e+02 0.0000e+00
        299 206.414392    0.02069     1.2417     74.500      0.897  49642.135    31.5815     9.8176      0.888    6.48050     9.8186    24.3136   11.71285 3.0739e+02 0.0000e+00
        300 206.414395    0.02076     1.2458     74.750      0.889  49641.461    31.5811     9.8182      0.880    6.48043     9.8188    24.3131   11.71273 3.0758e+02 0.0000e+00
        301 206.414398    0.02083     1.2500     75.000      0.890  49640.542    31.5805     9.8187      0.882    6.48039     9.8187    24.3126   11.71267 3.0984e+02 0.0000e+00
        302 206.414401    0.02090     1.2542     75.250      0.901  49639.636    31.5799     9.8189      0.892    6.48038     9.8183    24.3121   11.71267 3.1363e+02 0.0000e+00
        303 206.414404    0.02097     1.2583     75.500      0.916  49638.953    31.5794     9.8188      0.907    6.48042     9.8178    24.3117   11.71274 3.1639e+02 0.0000e+00
        304 206.414407    0.02104     1.2625     75.750      0.928  49638.769    31.5792     9.8184      0.920    6.48048     9.8174    24.3116   11.71284 3.1850e+02 0.0000e+00
        305 206.414410    0.02111     1.2667     76.000      0.932  49639.315    31.5795     9.8179      0.924    6.48054     9.8174    24.3120   11.71293 3.2105e+02 0.0000e+00
        306 206.414413    0.02118     1.2708     76.250      0.926  49640.394    31.5803     9.8175      0.917    6.48056     9.8177    24.3126   11.71297 3.2241e+02 0.0000e+00
        307 206.414416    0.02125     1.2750     76.500      0.911  49641.410    31.5810     9.8175      0.903    6.48054     9.8181    24.3132   11.71292 3.2118e+02 0.0000e+00
        308 206.414418    0.02132     1.2792     76.750      0.896  49641.806    31.5813     9.8178      0.888    6.48048     9.8186    24.3134   11.71283 3.1883e+02 0.0000e+00
        309 206.414421    0.02139     1.2833     77.000      0.888  49641.509    31.5811     9.8182      0.880    6.48042     9.8189    24.3132   11.71273 3.1742e+02 0.0000e+00
        310 206.414424    0.02146     1.2875     77.250      0.890  49640.856    31.5807     9.8187      0.882    6.48038     9.8190    24.3128   11.71266 3.1753e+02 0.0000e+00
        311 206.414427    0.02153     1.2917     77.500      0.899  49640.147    31.5803     9.8190      0.891    6.48036     9.8189    24.3124   11.71262 3.1799e+02 0.0000e+00
        312 206.414430    0.02160     1.2958     77.750      0.908  49639.622    31.5799     9.8191      0.900    6.48036     9.8188    24.3121   11.71263 3.1774e+02 0.0000e+00
        313 206.414433    0.02167     1.3000     78.000      0.911  49639.483    31.5798     9.8190      0.902    6.48038     9.8187    24.3120   11.71266 3.1758e+02 0.0000e+00
        314 206.414436    0.02174     1.3042     78.250      0.905  49639.719    31.5799     9.8189      0.897    6.48039     9.8188    24.3122   11.71267 3.1769e+02 0.0000e+00
        315 206.414439    0.02181     1.3083     78.500      0.894  49640.078    31.5802     9.8188      0.886    6.48038     9.8190    24.3124   11.71267 3.1685e+02 0.0000e+00
        316 206.414442    0.02187     1.3125     78.750      0.884  49640.231    31.5803     9.8189      0.875    6.48036     9.8191    24.3125   11.71264 3.1532e+02 0.0000e+00
        317 206.414444    0.02194     1.3167     79.000      0.880  49639.966    31.5802     9.8190      0.872    6.48035     9.8190    24.3123   11.71262 3.1514e+02 0.0000e+00
        318 206.414447    0.02201     1.3208     79.250      0.887  49639.401    31.5798     9.8191      0.878    6.48035     9.8186    24.3120   11.71263 3.1662e+02 0.0000e+00
        319 206.414450    0.02208     1.3250     79.500      0.901  49638.900    31.5794     9.8190      0.893    6.48038     9.8181    24.3117   11.71268 3.1778e+02 0.0000e+00
        320 206.414453    0.02215     1.3292     79.750      0.918  49638.632    31.5791     9.8187      0.910    6.48044     9.8176    24.3115   11.71277 3.1750e+02 0.0000e+00
        321 206.414456    0.02222     1.3333     80.000      0.929  49638.675    31.5791     9.8182      0.920    6.48051     9.8171    24.3116   11.71289 3.1718e+02 0.0000e+00
        322 206.414459    0.02229     1.3375     80.250      0.928  49639.204    31.5794     9.8177      0.919    6.48057     9.8170    24.3119   11.71300 3.1691e+02 0.0000e+00
        323 206.414462    0.02236     1.3417     80.500      0.917  49640.217    31.5800     9.8172      0.908    6.48061     9.8172    24.3125   11.71305 3.1366e+02 0.0000e+00
        324 206.414465    0.02243     1.3458     80.750      0.900  49641.349    31.5808     9.8171      0.892    6.48060     9.8177    24.3131   11.71302 3.0785e+02 0.0000e+00
        325 206.414468    0.02250     1.3500     81.000      0.886  49642.020    31.5814     9.8173      0.877    6.48054     9.8183    24.3135   11.71292 3.0348e+02 0.0000e+00
        326 206.414470    0.02257     1.3542     81.250      0.880  49641.938    31.5814     9.8178      0.871    6.48047     9.8187    24.3134   11.71280 3.0222e+02 0.0000e+00
        327 206.414473    0.02264     1.3583     81.500      0.884  49641.280    31.5810     9.8183      0.875    6.48041     9.8188    24.3130   11.71270 3.0383e+02 0.0000e+00
        328 206.414476    0.02271     1.3625     81.750      0.895  49640.411    31.5804     9.8187      0.886    6.48038     9.8187    24.3125   11.71266 3.0751e+02 0.0000e+00
        329 206.414479    0.02278     1.3667     82.000      0.907  49639.698    31.5800     9.8189      0.899    6.48038     9.8185    24.3121   11.71267 3.1222e+02 0.0000e+00
        330 206.414482    0.02285     1.3708     82.250      0.915  49639.382    31.5797     9.8188      0.907    6.48040     9.8184    24.3120   11.71271 3.1711e+02 0.0000e+00
        331 206.414485    0.02292     1.3750     82.500      0.917  49639.494    31.5798     9.8186      0.908    6.48042     9.8184    24.3120   11.71275 3.2060e+02 0.0000e+00
        332 206.414488    0.02299     1.3792     82.750      0.913  49639.868    31.5800     9.8185      0.904    6.48043     9.8186    24.3122   11.71275 3.2159e+02 0.0000e+00
        333 206.414491    0.02306     1.3833     83.000      0.906  49640.259    31.5803     9.8185      0.898    6.48041     9.8189    24.3125   11.71272 3.2071e+02 0.0000e+00
        334 206.414494    0.02313     1.3875     83.250      0.901  49640.402    31.5804     9.8187      0.893    6.48039     9.8191    24.3125   11.71267 3.1892e+02 0.0000e+00
        335 206.414497    0.02319     1.3917     83.500      0.898  49640.160    31.5803     9.8190      0.890    6.48036     9.8192    24.3124   11.71262 3.1705e+02 0.0000e+00
        336 206.414499    0.02326     1.3958     83.750      0.897  49639.658    31.5800     9.8192      0.889    6.48034     9.8191    24.3121   11.71260 3.1572e+02 0.0000e+00
        337 206.414502    0.02333     1.4000     84.000      0.897  49639.199    31.5797     9.8193      0.889    6.48034     9.8189    24.3119   11.71261 3.1526e+02 0.0000e+00
        338 206.414505    0.02340     1.4042     84.250      0.896  49639.067    31.5796     9.8192      0.888    6.48036     9.8188    24.3118   11.71263 3.1557e+02 0.0000e+00
        339 206.414508    0.02347     1.4083     84.500      0.893  49639.305    31.5797     9.8190      0.885    6.48038     9.8187    24.3119   11.71266 3.1619e+02 0.0000e+00
        340 206.414511    0.02354     1.4125     84.750      0.890  49639.690    31.5799     9.8189      0.881    6.48039     9.8187    24.3122   11.71267 3.1651e+02 0.0000e+00
        341 206.414514    0.02361     1.4167     85.000      0.886  49640.004    31.5802     9.8188      0.878    6.48039     9.8188    24.3123   11.71267 3.1557e+02 0.0000e+00
        342 206.414517    0.02368     1.4208     85.250      0.884  49640.121    31.5802     9.8188      0.876    6.48038     9.8188    24.3124   11.71266 3.1327e+02 0.0000e+00
        343 206.414520    0.02375     1.4250     85.500      0.882  49640.023    31.5802     9.8189      0.874    6.48038     9.8187    24.3123   11.71266 3.1141e+02 0.0000e+00
        344 206.414523    0.02382     1.4292     85.750      0.881  49639.931    31.5801     9.8189      0.873    6.48038     9.8186    24.3123   11.71267 3.1074e+02 0.0000e+00
        345 206.414525    0.02389     1.4333     86.000      0.882  49639.907    31.5801     9.8188      0.874    6.48039     9.8185    24.3122   11.71268 3.1068e+02 0.0000e+00
        346 206.414528    0.02396     1.4375     86.250      0.886  49639.763    31.5800     9.8187      0.878    6.48041     9.8182    24.3122   11.71271 3.1182e+02 0.0000e+00
        347 206.414531    0.02403     1.4417     86.500      0.893  49639.532    31.5798     9.8186      0.884    6.48044     9.8179    24.3121   11.71276 3.1406e+02 0.0000e+00
        348 206.414534    0.02410     1.4458     86.750      0.901  49639.487    31.5797     9.8183      0.892    6.48048     9.8176    24.3120   11.71283 3.1606e+02 0.0000e+00
        349 206.414537    0.02417     1.4500     87.000      0.907  49639.754    31.5799     9.8180      0.898    6.48051     9.8175    24.3122   11.71289 3.1676e+02 0.0000e+00
        350 206.414540    0.02424     1.4542     87.250      0.908  49640.134    31.5801     9.8177      0.900    6.48054     9.8174    24.3124   11.71293 3.1521e+02 0.0000e+00
        351 206.414543    0.02431     1.4583     87.500      0.904  49640.424    31.5803     9.8176      0.896    6.48056     9.8174    24.3126   11.71296 3.1186e+02 0.0000e+00
        352 206.414546    0.02438     1.4625     87.750      0.896  49640.593    31.5804     9.8175      0.888    6.48056     9.8175    24.3127   11.71296 3.0937e+02 0.0000e+00
        353 206.414549    0.02444     1.4667     88.000      0.888  49640.655    31.5805     9.8175      0.880    6.48056     9.8176    24.3128   11.71295 3.0831e+02 0.0000e+00
        354 206.414552    0.02451     1.4708     88.250      0.882  49640.645    31.5805     9.8176      0.874    6.48054     9.8176    24.3128   11.71293 3.0754e+02 0.0000e+00
        355 206.414554    0.02458     1.4750     88.500      0.881  49640.598    31.5804     9.8177      0.873    6.48053     9.8176    24.3127   11.71291 3.0764e+02 0.0000e+00
        356 206.414557    0.02465     1.4792     88.750      0.883  49640.474    31.5803     9.8177      0.875    6.48053     9.8174    24.3127   11.71291 3.0838e+02 0.0000e+00
        357 206.414560    0.02472     1.4833     89.000      0.888  49640.247    31.5802     9.8177      0.880    6.48054     9.8172    24.3125   11.71294 3.0851e+02 0.0000e+00
        358 206.414563    0.02479     1.4875     89.250      0.894  49640.095    31.5800     9.8175      0.885    6.48057     9.8171    24.3125   11.71298 3.0822e+02 0.0000e+00
        359 206.414566    0.02486     1.4917     89.500      0.898  49640.147    31.5800     9.8173      0.889    6.48059     9.8170    24.3125   11.71302 3.0770e+02 0.0000e+00
        360 206.414569    0.02493     1.4958     89.750      0.900  49640.311    31.5801     9.8172      0.892    6.48062     9.8169    24.3126   11.71306 3.0726e+02 0.0000e+00
        361 206.414572    0.02500     1.5000     90.000      0.901  49640.532    31.5803     9.8171      0.892    6.48063     9.8170    24.3127   11.71307 3.0837e+02 0.0000e+00
