CTD-processing/allCTD/CNV--turbid/2017_04-19_t3_s02_cast136.cnv
* Sea-Bird SBE19plus Data File:
* FileName = P:\My Documents\kasitsna\Research-KBL\Oceanography-AK\CTD-Data-ALL-to-2017-02\2017-CTD-KachemakBay-CookInlet\2017-04-19-CookInlet-Tran3-AnchorPt\2017-04-19-CookInlet-Tran3-cast136.hex
* Software Version 1.59
* Temperature SN =  4141
* Conductivity SN =  4141
* System UpLoad Time = Apr 20 2017 00:41:01
** Cook Inlet LTM Transect 3 Anchor Pt east to west
** Date: 2017-04-19
** Station: (eg. 9-01): 3-02
** Start time (AKDT): 23:59
** Depth (m): 29.9
** Comment: R/V Alaska Dreamcatcher
** Comment:
# nquan = 16
# nvalues = 378                         
# units = specified
# name 0 = scan: Scan Count
# name 1 = timeJ: Julian Days
# name 2 = timeH: Time, Elapsed [hours]
# name 3 = timeM: Time, Elapsed [minutes]
# name 4 = timeS: Time, Elapsed [seconds]
# name 5 = prdM: Pressure, Strain Gauge [db]
# name 6 = specc: Specific Conductance [uS/cm]
# name 7 = sal00: Salinity, Practical [PSU]
# name 8 = tv290C: Temperature [ITS-90, deg C]
# name 9 = depSM: Depth [salt water, m], lat = 59.00
# name 10 = oxsolML/L: Oxygen Saturation, Garcia & Gordon [ml/l]
# name 11 = potemp090C: Potential Temperature [ITS-90, deg C]
# name 12 = sigma-é00: Density [sigma-theta, kg/m^3]
# name 13 = n2satML/L: Nitrogen Saturation [ml/l]
# name 14 = par: PAR/Irradiance, Biospherical/Licor
# name 15 = flag:  0.000e+00
# span 0 =          1,        378       
# span 1 = 109.999988, 110.001079       
# span 2 =    0.00000,    0.02618       
# span 3 =     0.0000,     1.5708       
# span 4 =      0.000,     94.250       
# span 5 =     -0.023,     30.231       
# span 6 =    731.839,  50456.784       
# span 7 =     0.3578,    30.6980       
# span 8 =     2.3564,     2.5277       
# span 9 =     -0.023,     29.946       
# span 10 =    7.75643,    9.51676      
# span 11 =     2.3550,     2.5276      
# span 12 =     0.2472,    24.5002      
# span 13 =   13.83308,   17.22305      
# span 14 = 3.6382e-02, 1.8004e-01      
# span 15 = 0.0000e+00, 0.0000e+00      
# interval = seconds: 0.25
# start_time = Apr 19 2017 23:59:59 [Instrument's time stamp, header]
# bad_flag = -9.990e-29
*END*
[from data line 181]
        182 110.000512    0.01257     0.7542     45.250      0.950  50402.669    30.6758     2.4203      0.942    7.75757     2.4208    24.4792   13.83495 3.6382e-02 0.0000e+00
        183 110.000515    0.01264     0.7583     45.500      0.948  50401.813    30.6753     2.4206      0.939    7.75754     2.4210    24.4788   13.83490 3.6382e-02 0.0000e+00
        184 110.000518    0.01271     0.7625     45.750      0.947  50400.968    30.6748     2.4208      0.939    7.75752     2.4211    24.4784   13.83488 3.6382e-02 0.0000e+00
        185 110.000521    0.01278     0.7667     46.000      0.950  50400.270    30.6744     2.4210      0.941    7.75751     2.4212    24.4780   13.83487 3.6382e-02 0.0000e+00
        186 110.000524    0.01285     0.7708     46.250      0.955  50399.828    30.6741     2.4211      0.946    7.75750     2.4213    24.4778   13.83486 3.6382e-02 0.0000e+00
        187 110.000527    0.01292     0.7750     46.500      0.960  50399.664    30.6740     2.4212      0.952    7.75749     2.4213    24.4778   13.83484 3.6382e-02 0.0000e+00
        188 110.000530    0.01299     0.7792     46.750      0.966  50399.776    30.6741     2.4213      0.957    7.75747     2.4214    24.4778   13.83480 3.6382e-02 0.0000e+00
        189 110.000532    0.01306     0.7833     47.000      0.971  50400.101    30.6744     2.4214      0.962    7.75744     2.4215    24.4780   13.83475 3.6382e-02 0.0000e+00
        190 110.000535    0.01313     0.7875     47.250      0.975  50400.545    30.6747     2.4215      0.966    7.75740     2.4216    24.4783   13.83469 3.6382e-02 0.0000e+00
        191 110.000538    0.01319     0.7917     47.500      0.978  50401.036    30.6750     2.4216      0.969    7.75736     2.4218    24.4785   13.83462 3.6382e-02 0.0000e+00
        192 110.000541    0.01326     0.7958     47.750      0.979  50401.485    30.6753     2.4217      0.970    7.75732     2.4221    24.4788   13.83454 3.6382e-02 0.0000e+00
        193 110.000544    0.01333     0.8000     48.000      0.978  50401.824    30.6756     2.4219      0.969    7.75727     2.4224    24.4790   13.83445 3.6382e-02 0.0000e+00
        194 110.000547    0.01340     0.8042     48.250      0.977  50401.968    30.6758     2.4222      0.968    7.75721     2.4228    24.4791   13.83435 3.6382e-02 0.0000e+00
        195 110.000550    0.01347     0.8083     48.500      0.976  50401.849    30.6758     2.4225      0.966    7.75715     2.4231    24.4791   13.83425 3.6382e-02 0.0000e+00
        196 110.000553    0.01354     0.8125     48.750      0.974  50401.556    30.6757     2.4228      0.964    7.75708     2.4235    24.4790   13.83415 3.6382e-02 0.0000e+00
        197 110.000556    0.01361     0.8167     49.000      0.972  50401.215    30.6756     2.4232      0.962    7.75702     2.4237    24.4788   13.83405 3.6382e-02 0.0000e+00
        198 110.000558    0.01368     0.8208     49.250      0.970  50400.864    30.6754     2.4235      0.960    7.75697     2.4239    24.4787   13.83396 3.6382e-02 0.0000e+00
        199 110.000561    0.01375     0.8250     49.500      0.968  50400.548    30.6753     2.4237      0.958    7.75693     2.4240    24.4785   13.83389 3.6382e-02 0.0000e+00
        200 110.000564    0.01382     0.8292     49.750      0.966  50400.300    30.6752     2.4239      0.957    7.75690     2.4241    24.4784   13.83384 3.6382e-02 0.0000e+00
        201 110.000567    0.01389     0.8333     50.000      0.964  50400.109    30.6751     2.4241      0.955    7.75687     2.4242    24.4784   13.83381 3.6382e-02 0.0000e+00
        202 110.000570    0.01396     0.8375     50.250      0.963  50399.983    30.6750     2.4242      0.954    7.75686     2.4243    24.4783   13.83378 3.6382e-02 0.0000e+00
        203 110.000573    0.01403     0.8417     50.500      0.961  50399.902    30.6750     2.4243      0.952    7.75684     2.4243    24.4783   13.83375 3.6382e-02 0.0000e+00
        204 110.000576    0.01410     0.8458     50.750      0.959  50399.842    30.6750     2.4243      0.950    7.75683     2.4243    24.4783   13.83374 3.6382e-02 0.0000e+00
        205 110.000579    0.01417     0.8500     51.000      0.957  50399.818    30.6750     2.4244      0.948    7.75682     2.4243    24.4783   13.83373 3.6382e-02 0.0000e+00
        206 110.000582    0.01424     0.8542     51.250      0.955  50399.795    30.6749     2.4244      0.947    7.75682     2.4243    24.4783   13.83373 3.6382e-02 0.0000e+00
        207 110.000584    0.01431     0.8583     51.500      0.954  50399.679    30.6748     2.4244      0.946    7.75683     2.4242    24.4782   13.83374 3.6382e-02 0.0000e+00
        208 110.000587    0.01438     0.8625     51.750      0.955  50399.420    30.6747     2.4244      0.946    7.75684     2.4242    24.4781   13.83377 3.6382e-02 0.0000e+00
        209 110.000590    0.01444     0.8667     52.000      0.958  50399.083    30.6745     2.4243      0.949    7.75686     2.4242    24.4779   13.83380 3.6382e-02 0.0000e+00
        210 110.000593    0.01451     0.8708     52.250      0.963  50398.801    30.6743     2.4243      0.954    7.75688     2.4241    24.4777   13.83383 3.6382e-02 0.0000e+00
        211 110.000596    0.01458     0.8750     52.500      0.969  50398.701    30.6742     2.4242      0.960    7.75689     2.4241    24.4777   13.83385 3.6382e-02 0.0000e+00
        212 110.000599    0.01465     0.8792     52.750      0.976  50398.855    30.6743     2.4242      0.967    7.75689     2.4241    24.4777   13.83385 3.6382e-02 0.0000e+00
        213 110.000602    0.01472     0.8833     53.000      0.981  50399.278    30.6746     2.4242      0.972    7.75688     2.4242    24.4780   13.83382 3.6382e-02 0.0000e+00
        214 110.000605    0.01479     0.8875     53.250      0.986  50399.939    30.6750     2.4242      0.977    7.75685     2.4242    24.4783   13.83377 3.6382e-02 0.0000e+00
        215 110.000608    0.01486     0.8917     53.500      0.989  50400.732    30.6755     2.4242      0.980    7.75682     2.4244    24.4787   13.83371 3.6382e-02 0.0000e+00
        216 110.000611    0.01493     0.8958     53.750      0.990  50401.498    30.6761     2.4243      0.981    7.75677     2.4246    24.4791   13.83362 3.6382e-02 0.0000e+00
        217 110.000613    0.01500     0.9000     54.000      0.990  50402.094    30.6765     2.4245      0.981    7.75672     2.4249    24.4795   13.83353 3.6382e-02 0.0000e+00
        218 110.000616    0.01507     0.9042     54.250      0.987  50402.414    30.6768     2.4247      0.978    7.75666     2.4253    24.4797   13.83344 3.6382e-02 0.0000e+00
        219 110.000619    0.01514     0.9083     54.500      0.984  50402.360    30.6768     2.4250      0.975    7.75660     2.4257    24.4797   13.83334 3.6382e-02 0.0000e+00
        220 110.000622    0.01521     0.9125     54.750      0.980  50401.882    30.6766     2.4254      0.971    7.75654     2.4260    24.4795   13.83324 3.6382e-02 0.0000e+00
        221 110.000625    0.01528     0.9167     55.000      0.975  50401.072    30.6762     2.4258      0.966    7.75649     2.4263    24.4791   13.83316 3.6382e-02 0.0000e+00
        222 110.000628    0.01535     0.9208     55.250      0.971  50400.078    30.6756     2.4261      0.962    7.75645     2.4265    24.4786   13.83310 3.6382e-02 0.0000e+00
        223 110.000631    0.01542     0.9250     55.500      0.968  50399.001    30.6750     2.4263      0.959    7.75643     2.4265    24.4781   13.83308 3.6382e-02 0.0000e+00
        224 110.000634    0.01549     0.9292     55.750      0.965  50397.930    30.6743     2.4265      0.956    7.75644     2.4265    24.4775   13.83310 3.6382e-02 0.0000e+00
        225 110.000637    0.01556     0.9333     56.000      0.962  50396.996    30.6737     2.4266      0.953    7.75646     2.4265    24.4771   13.83314 3.6382e-02 0.0000e+00
        226 110.000639    0.01563     0.9375     56.250      0.961  50396.320    30.6732     2.4266      0.952    7.75648     2.4263    24.4767   13.83319 3.6382e-02 0.0000e+00
        227 110.000642    0.01569     0.9417     56.500      0.961  50395.909    30.6729     2.4265      0.952    7.75651     2.4262    24.4765   13.83324 3.6382e-02 0.0000e+00
        228 110.000645    0.01576     0.9458     56.750      0.961  50395.656    30.6727     2.4264      0.952    7.75655     2.4261    24.4763   13.83330 3.6382e-02 0.0000e+00
        229 110.000648    0.01583     0.9500     57.000      0.961  50395.455    30.6726     2.4263      0.952    7.75658     2.4260    24.4762   13.83335 3.6382e-02 0.0000e+00
        230 110.000651    0.01590     0.9542     57.250      0.963  50395.275    30.6724     2.4262      0.954    7.75660     2.4259    24.4761   13.83340 3.6382e-02 0.0000e+00
        231 110.000654    0.01597     0.9583     57.500      0.966  50395.118    30.6723     2.4261      0.957    7.75663     2.4259    24.4760   13.83345 3.6382e-02 0.0000e+00
        232 110.000657    0.01604     0.9625     57.750      0.970  50394.984    30.6722     2.4260      0.961    7.75665     2.4258    24.4759   13.83348 3.6382e-02 0.0000e+00
        233 110.000660    0.01611     0.9667     58.000      0.976  50394.871    30.6721     2.4259      0.967    7.75667     2.4257    24.4758   13.83352 3.6382e-02 0.0000e+00
        234 110.000663    0.01618     0.9708     58.250      0.982  50394.817    30.6720     2.4258      0.973    7.75669     2.4255    24.4758   13.83355 3.6382e-02 0.0000e+00
        235 110.000666    0.01625     0.9750     58.500      0.990  50394.907    30.6720     2.4257      0.981    7.75671     2.4253    24.4758   13.83358 3.6382e-02 0.0000e+00
        236 110.000668    0.01632     0.9792     58.750      1.000  50395.129    30.6721     2.4256      0.990    7.75673     2.4251    24.4759   13.83362 3.6382e-02 0.0000e+00
        237 110.000671    0.01639     0.9833     59.000      1.012  50395.355    30.6722     2.4254      1.002    7.75677     2.4246    24.4760   13.83367 3.6382e-02 0.0000e+00
        238 110.000674    0.01646     0.9875     59.250      1.029  50395.390    30.6722     2.4251      1.019    7.75682     2.4239    24.4760   13.83376 3.6382e-02 0.0000e+00
        239 110.000677    0.01653     0.9917     59.500      1.056  50394.911    30.6718     2.4247      1.046    7.75693     2.4227    24.4756   13.83394 3.6382e-02 0.0000e+00
        240 110.000680    0.01660     0.9958     59.750      1.099  50393.699    30.6707     2.4240      1.088    7.75712     2.4208    24.4749   13.83428 3.6382e-02 0.0000e+00
        241 110.000683    0.01667     1.0000     60.000      1.164  50391.983    30.6692     2.4228      1.153    7.75743     2.4176    24.4737   13.83482 3.6382e-02 0.0000e+00
        242 110.000686    0.01674     1.0042     60.250      1.254  50390.134    30.6674     2.4208      1.242    7.75792     2.4131    24.4724   13.83564 3.6382e-02 0.0000e+00
        243 110.000689    0.01681     1.0083     60.500      1.368  50388.451    30.6653     2.4176      1.356    7.75864     2.4077    24.4710   13.83686 3.6382e-02 0.0000e+00
        244 110.000692    0.01688     1.0125     60.750      1.505  50387.972    30.6637     2.4131      1.491    7.75961     2.4022    24.4701   13.83848 3.6382e-02 0.0000e+00
        245 110.000694    0.01694     1.0167     61.000      1.659  50389.858    30.6635     2.4078      1.644    7.76067     2.3972    24.4703   13.84024 3.6382e-02 0.0000e+00
        246 110.000697    0.01701     1.0208     61.250      1.831  50393.672    30.6644     2.4023      1.813    7.76169     2.3930    24.4715   13.84190 3.6382e-02 0.0000e+00
        247 110.000700    0.01708     1.0250     61.500      2.017  50398.194    30.6660     2.3973      1.997    7.76259     2.3895    24.4731   13.84336 3.6382e-02 0.0000e+00
        248 110.000703    0.01715     1.0292     61.750      2.214  50402.707    30.6678     2.3930      2.193    7.76333     2.3870    24.4748   13.84456 3.6382e-02 0.0000e+00
        249 110.000706    0.01722     1.0333     62.000      2.419  50406.809    30.6695     2.3896      2.396    7.76390     2.3852    24.4764   13.84548 3.6382e-02 0.0000e+00
        250 110.000709    0.01729     1.0375     62.250      2.628  50410.100    30.6709     2.3871      2.603    7.76432     2.3840    24.4777   13.84615 3.6382e-02 0.0000e+00
        251 110.000712    0.01736     1.0417     62.500      2.840  50412.245    30.6718     2.3853      2.813    7.76462     2.3832    24.4786   13.84663 3.6382e-02 0.0000e+00
        252 110.000715    0.01743     1.0458     62.750      3.053  50413.361    30.6721     2.3841      3.024    7.76483     2.3826    24.4789   13.84698 3.6382e-02 0.0000e+00
        253 110.000718    0.01750     1.0500     63.000      3.265  50413.832    30.6721     2.3833      3.234    7.76499     2.3822    24.4790   13.84725 3.6382e-02 0.0000e+00
        254 110.000720    0.01757     1.0542     63.250      3.480  50414.032    30.6720     2.3828      3.447    7.76511     2.3819    24.4789   13.84744 3.6382e-02 0.0000e+00
        255 110.000723    0.01764     1.0583     63.500      3.695  50414.233    30.6719     2.3824      3.660    7.76519     2.3817    24.4789   13.84757 3.6382e-02 0.0000e+00
        256 110.000726    0.01771     1.0625     63.750      3.911  50414.493    30.6719     2.3821      3.874    7.76525     2.3815    24.4789   13.84767 3.6382e-02 0.0000e+00
        257 110.000729    0.01778     1.0667     64.000      4.126  50415.110    30.6721     2.3819      4.087    7.76528     2.3814    24.4791   13.84772 3.6382e-02 0.0000e+00
        258 110.000732    0.01785     1.0708     64.250      4.338  50416.050    30.6726     2.3818      4.298    7.76529     2.3813    24.4795   13.84772 3.6382e-02 0.0000e+00
        259 110.000735    0.01792     1.0750     64.500      4.548  50416.591    30.6728     2.3817      4.505    7.76529     2.3813    24.4797   13.84773 3.6382e-02 0.0000e+00
        260 110.000738    0.01799     1.0792     64.750      4.755  50416.714    30.6728     2.3816      4.710    7.76531     2.3812    24.4796   13.84775 3.6382e-02 0.0000e+00
        261 110.000741    0.01806     1.0833     65.000      4.960  50416.970    30.6728     2.3815      4.913    7.76531     2.3811    24.4797   13.84776 3.6382e-02 0.0000e+00
        262 110.000744    0.01812     1.0875     65.250      5.165  50417.213    30.6728     2.3815      5.117    7.76532     2.3810    24.4797   13.84778 3.6382e-02 0.0000e+00
        263 110.000747    0.01819     1.0917     65.500      5.372  50417.153    30.6727     2.3814      5.321    7.76535     2.3809    24.4796   13.84782 3.6382e-02 0.0000e+00
        264 110.000749    0.01826     1.0958     65.750      5.579  50417.032    30.6724     2.3813      5.526    7.76537     2.3808    24.4794   13.84787 3.6382e-02 0.0000e+00
        265 110.000752    0.01833     1.1000     66.000      5.788  50417.143    30.6724     2.3812      5.733    7.76540     2.3806    24.4794   13.84791 3.6382e-02 0.0000e+00
        266 110.000755    0.01840     1.1042     66.250      5.997  50417.493    30.6725     2.3811      5.941    7.76542     2.3805    24.4794   13.84795 3.6382e-02 0.0000e+00
        267 110.000758    0.01847     1.1083     66.500      6.207  50417.817    30.6725     2.3809      6.149    7.76544     2.3804    24.4795   13.84798 3.6382e-02 0.0000e+00
        268 110.000761    0.01854     1.1125     66.750      6.417  50417.913    30.6725     2.3808      6.357    7.76547     2.3801    24.4795   13.84803 3.6382e-02 0.0000e+00
        269 110.000764    0.01861     1.1167     67.000      6.628  50417.744    30.6722     2.3807      6.567    7.76551     2.3798    24.4793   13.84810 3.6382e-02 0.0000e+00
        270 110.000767    0.01868     1.1208     67.250      6.844  50417.469    30.6719     2.3805      6.780    7.76557     2.3793    24.4790   13.84821 3.6382e-02 0.0000e+00
        271 110.000770    0.01875     1.1250     67.500      7.063  50417.396    30.6716     2.3801      6.997    7.76565     2.3787    24.4788   13.84834 3.6382e-02 0.0000e+00
