CTD-processing/allCTD/CNV--turbid/2017_05-30_alongbay_skb07_cast180.cnv
* Sea-Bird SBE19plus Data File:
* FileName = C:\Users\jwschloemer\Documents\CTD Data\2017_05_30_alongbay\2017_05_30_AlongBay_cast180.hex
* Software Version 1.59
* Temperature SN =  4141
* Conductivity SN =  4141
* System UpLoad Time = Jun 22 2017 13:54:26
** Cook Inlet LTM Kbay Along Bay
** Date: 2017-05-30
** Station:KB07
** Start Time (AKST):15:20
** Depth (m):145
** Comment: R/V Edgecumbe
# nquan = 16
# nvalues = 1032                        
# units = specified
# name 0 = scan: Scan Count
# name 1 = timeJ: Julian Days
# name 2 = timeH: Time, Elapsed [hours]
# name 3 = timeM: Time, Elapsed [minutes]
# name 4 = timeS: Time, Elapsed [seconds]
# name 5 = prdM: Pressure, Strain Gauge [db]
# name 6 = specc: Specific Conductance [uS/cm]
# name 7 = sal00: Salinity, Practical [PSU]
# name 8 = tv290C: Temperature [ITS-90, deg C]
# name 9 = depSM: Depth [salt water, m], lat = 59.00
# name 10 = oxsolML/L: Oxygen Saturation, Garcia & Gordon [ml/l]
# name 11 = potemp090C: Potential Temperature [ITS-90, deg C]
# name 12 = sigma-é00: Density [sigma-theta, kg/m^3]
# name 13 = n2satML/L: Nitrogen Saturation [ml/l]
# name 14 = par: PAR/Irradiance, Biospherical/Licor
# name 15 = flag:  0.000e+00
# span 0 =          1,       1032       
# span 1 = 150.640081, 150.643064       
# span 2 =    0.00000,    0.07160       
# span 3 =     0.0000,     4.2958       
# span 4 =      0.000,    257.750       
# span 5 =     -0.011,    128.857       
# span 6 =   1130.386,  51177.753       
# span 7 =     0.5500,    31.8848       
# span 8 =     5.5350,     8.3895       
# span 9 =     -0.010,    127.613       
# span 10 =    6.73967,    8.24415      
# span 11 =     5.5306,     8.3894      
# span 12 =     0.2826,    25.1456      
# span 13 =   12.15599,   15.08236      
# span 14 = 3.8813e-02, 2.0923e+03      
# span 15 = 0.0000e+00, 0.0000e+00      
# interval = seconds: 0.25
# start_time = May 30 2017 15:21:43 [Instrument's time stamp, header]
# bad_flag = -9.990e-29
*END*
[from data line 91]
         92 150.640344    0.00632     0.3792     22.750      0.070  10278.211     5.7338     8.3221      0.069    7.92462     8.3328     4.3358   14.46734 1.1549e+03 0.0000e+00
         93 150.640347    0.00639     0.3833     23.000      0.074  10424.432     5.8355     8.3282      0.073    7.91886     8.3349     4.4146   14.45644 1.2326e+03 0.0000e+00
         94 150.640350    0.00646     0.3875     23.250      0.076  11229.634     6.3422     8.3328      0.076    7.89313     8.3349     4.8103   14.40626 1.1881e+03 0.0000e+00
         95 150.640353    0.00653     0.3917     23.500      0.080  13136.894     7.5223     8.3349      0.080    7.83411     8.3337     5.7328   14.29059 1.0643e+03 0.0000e+00
         96 150.640356    0.00660     0.3958     23.750      0.088  15852.862     9.2131     8.3349      0.087    7.75048     8.3319     7.0546   14.12660 9.6622e+02 0.0000e+00
         97 150.640359    0.00667     0.4000     24.000      0.100  18256.048    10.7420     8.3337      0.099    7.67635     8.3293     8.2497   13.98143 9.9168e+02 0.0000e+00
         98 150.640362    0.00674     0.4042     24.250      0.120  19852.279    11.8176     8.3319      0.119    7.62678     8.3264     9.0899   13.88477 1.0883e+03 0.0000e+00
         99 150.640365    0.00681     0.4083     24.500      0.156  22548.295    13.6180     8.3293      0.155    7.54344     8.3261    10.4971   13.72223 1.1905e+03 0.0000e+00
        100 150.640367    0.00688     0.4125     24.750      0.218  28274.265    17.3457     8.3264      0.216    7.36719     8.3305    13.4117   13.37796 1.3054e+03 0.0000e+00
        101 150.640370    0.00694     0.4167     25.000      0.301  35228.075    21.8758     8.3262      0.298    7.15272     8.3379    16.9534   12.95923 1.3292e+03 0.0000e+00
        102 150.640373    0.00701     0.4208     25.250      0.389  40454.550    25.2979     8.3305      0.386    6.99065     8.3453    19.6282   12.64314 1.2757e+03 0.0000e+00
        103 150.640376    0.00708     0.4250     25.500      0.477  43583.837    27.3473     8.3379      0.473    6.89286     8.3513    21.2292   12.45263 1.2604e+03 0.0000e+00
        104 150.640379    0.00715     0.4292     25.750      0.567  45455.024    28.5729     8.3454      0.562    6.83390     8.3550    22.1863   12.33788 1.2220e+03 0.0000e+00
        105 150.640382    0.00722     0.4333     26.000      0.650  46572.215    29.3046     8.3513      0.644    6.79845     8.3568    22.7575   12.26897 1.1595e+03 0.0000e+00
        106 150.640385    0.00729     0.4375     26.250      0.715  47240.579    29.7423     8.3551      0.708    6.77722     8.3576    23.0991   12.22770 1.1446e+03 0.0000e+00
        107 150.640388    0.00736     0.4417     26.500      0.762  47643.114    30.0059     8.3568      0.755    6.76451     8.3586    23.3049   12.20298 1.1650e+03 0.0000e+00
        108 150.640391    0.00743     0.4458     26.750      0.797  47886.966    30.1656     8.3577      0.789    6.75685     8.3601    23.4296   12.18807 1.2178e+03 0.0000e+00
        109 150.640394    0.00750     0.4500     27.000      0.819  48034.731    30.2625     8.3587      0.811    6.75213     8.3618    23.5053   12.17889 1.2598e+03 0.0000e+00
        110 150.640396    0.00757     0.4542     27.250      0.829  48123.977    30.3212     8.3602      0.821    6.74913     8.3635    23.5510   12.17312 1.2249e+03 0.0000e+00
        111 150.640399    0.00764     0.4583     27.500      0.830  48177.799    30.3568     8.3619      0.822    6.74720     8.3650    23.5785   12.16943 1.1502e+03 0.0000e+00
        112 150.640402    0.00771     0.4625     27.750      0.826  48210.261    30.3783     8.3636      0.818    6.74592     8.3663    23.5951   12.16702 1.1399e+03 0.0000e+00
        113 150.640405    0.00778     0.4667     28.000      0.823  48229.605    30.3912     8.3651      0.815    6.74509     8.3672    23.6050   12.16546 1.1977e+03 0.0000e+00
        114 150.640408    0.00785     0.4708     28.250      0.823  48240.640    30.3986     8.3664      0.815    6.74455     8.3677    23.6106   12.16447 1.1850e+03 0.0000e+00
        115 150.640411    0.00792     0.4750     28.500      0.827  48246.253    30.4023     8.3672      0.820    6.74424     8.3679    23.6134   12.16390 1.0805e+03 0.0000e+00
        116 150.640414    0.00799     0.4792     28.750      0.835  48248.382    30.4037     8.3677      0.827    6.74410     8.3679    23.6144   12.16363 1.0079e+03 0.0000e+00
        117 150.640417    0.00806     0.4833     29.000      0.843  48248.546    30.4037     8.3679      0.835    6.74406     8.3678    23.6144   12.16356 9.7484e+02 0.0000e+00
        118 150.640420    0.00813     0.4875     29.250      0.848  48248.168    30.4034     8.3679      0.840    6.74406     8.3676    23.6141   12.16358 9.3950e+02 0.0000e+00
        119 150.640422    0.00819     0.4917     29.500      0.850  48248.690    30.4038     8.3678      0.842    6.74406     8.3673    23.6144   12.16357 9.3651e+02 0.0000e+00
        120 150.640425    0.00826     0.4958     29.750      0.850  48250.578    30.4050     8.3677      0.842    6.74403     8.3669    23.6154   12.16351 9.8510e+02 0.0000e+00
        121 150.640428    0.00833     0.5000     30.000      0.850  48252.973    30.4066     8.3674      0.842    6.74401     8.3665    23.6167   12.16344 1.0180e+03 0.0000e+00
        122 150.640431    0.00840     0.5042     30.250      0.853  48255.112    30.4081     8.3670      0.846    6.74400     8.3661    23.6178   12.16342 9.4894e+02 0.0000e+00
        123 150.640434    0.00847     0.5083     30.500      0.866  48256.616    30.4090     8.3666      0.858    6.74402     8.3657    23.6187   12.16343 8.0959e+02 0.0000e+00
        124 150.640437    0.00854     0.5125     30.750      0.891  48256.380    30.4088     8.3662      0.882    6.74408     8.3652    23.6185   12.16354 6.9196e+02 0.0000e+00
        125 150.640440    0.00861     0.5167     31.000      0.922  48254.453    30.4074     8.3658      0.913    6.74421     8.3647    23.6175   12.16376 6.2336e+02 0.0000e+00
        126 150.640443    0.00868     0.5208     31.250      0.949  48254.100    30.4071     8.3653      0.940    6.74431     8.3649    23.6173   12.16393 5.5630e+02 0.0000e+00
        127 150.640446    0.00875     0.5250     31.500      0.967  48257.703    30.4095     8.3648      0.958    6.74428     8.3665    23.6193   12.16386 4.6040e+02 0.0000e+00
        128 150.640448    0.00882     0.5292     31.750      0.978  48263.357    30.4135     8.3650      0.969    6.74407     8.3693    23.6224   12.16347 3.6834e+02 0.0000e+00
        129 150.640451    0.00889     0.5333     32.000      0.983  48267.637    30.4167     8.3666      0.974    6.74369     8.3725    23.6247   12.16279 3.0007e+02 0.0000e+00
        130 150.640454    0.00896     0.5375     32.250      0.983  48269.071    30.4181     8.3693      0.974    6.74321     8.3757    23.6254   12.16198 2.4451e+02 0.0000e+00
        131 150.640457    0.00903     0.5417     32.500      0.981  48268.281    30.4180     8.3726      0.972    6.74271     8.3786    23.6248   12.16116 1.9836e+02 0.0000e+00
        132 150.640460    0.00910     0.5458     32.750      0.981  48266.299    30.4171     8.3758      0.971    6.74227     8.3810    23.6237   12.16044 1.6396e+02 0.0000e+00
        133 150.640463    0.00917     0.5500     33.000      0.981  48263.850    30.4158     8.3786      0.972    6.74190     8.3829    23.6222   12.15984 1.3782e+02 0.0000e+00
        134 150.640466    0.00924     0.5542     33.250      0.984  48261.446    30.4144     8.3810      0.974    6.74159     8.3845    23.6208   12.15934 1.1791e+02 0.0000e+00
        135 150.640469    0.00931     0.5583     33.500      0.987  48259.441    30.4133     8.3830      0.977    6.74133     8.3857    23.6197   12.15894 1.0438e+02 0.0000e+00
        136 150.640472    0.00937     0.5625     33.750      0.990  48257.928    30.4125     8.3846      0.980    6.74113     8.3865    23.6188   12.15861 9.6211e+01 0.0000e+00
        137 150.640475    0.00944     0.5667     34.000      0.992  48256.757    30.4119     8.3858      0.982    6.74098     8.3870    23.6181   12.15836 9.1077e+01 0.0000e+00
        138 150.640477    0.00951     0.5708     34.250      0.992  48255.874    30.4114     8.3866      0.983    6.74088     8.3871    23.6176   12.15820 8.7075e+01 0.0000e+00
        139 150.640480    0.00958     0.5750     34.500      0.991  48255.426    30.4111     8.3871      0.981    6.74082     8.3870    23.6174   12.15810 8.3265e+01 0.0000e+00
        140 150.640483    0.00965     0.5792     34.750      0.989  48255.349    30.4110     8.3872      0.980    6.74079     8.3867    23.6173   12.15807 7.9955e+01 0.0000e+00
        141 150.640486    0.00972     0.5833     35.000      0.990  48255.214    30.4109     8.3871      0.981    6.74081     8.3864    23.6173   12.15810 7.7411e+01 0.0000e+00
        142 150.640489    0.00979     0.5875     35.250      0.994  48254.624    30.4105     8.3868      0.984    6.74087     8.3861    23.6169   12.15820 7.5670e+01 0.0000e+00
        143 150.640492    0.00986     0.5917     35.500      0.999  48253.510    30.4097     8.3865      0.989    6.74095     8.3859    23.6163   12.15835 7.4371e+01 0.0000e+00
        144 150.640495    0.00993     0.5958     35.750      1.001  48252.277    30.4088     8.3862      0.992    6.74104     8.3858    23.6157   12.15850 7.2863e+01 0.0000e+00
        145 150.640498    0.01000     0.6000     36.000      0.999  48251.756    30.4084     8.3860      0.989    6.74109     8.3858    23.6154   12.15860 7.1387e+01 0.0000e+00
        146 150.640501    0.01007     0.6042     36.250      0.992  48252.423    30.4088     8.3859      0.983    6.74109     8.3860    23.6158   12.15860 7.0249e+01 0.0000e+00
        147 150.640503    0.01014     0.6083     36.500      0.986  48253.642    30.4097     8.3859      0.976    6.74105     8.3864    23.6164   12.15851 6.8919e+01 0.0000e+00
        148 150.640506    0.01021     0.6125     36.750      0.983  48254.257    30.4101     8.3861      0.974    6.74100     8.3869    23.6168   12.15842 6.7212e+01 0.0000e+00
        149 150.640509    0.01028     0.6167     37.000      0.987  48253.358    30.4096     8.3865      0.978    6.74097     8.3873    23.6163   12.15838 6.5718e+01 0.0000e+00
        150 150.640512    0.01035     0.6208     37.250      0.997  48250.178    30.4074     8.3870      0.988    6.74100     8.3876    23.6145   12.15844 6.5008e+01 0.0000e+00
        151 150.640515    0.01042     0.6250     37.500      1.011  48244.034    30.4032     8.3874      1.001    6.74111     8.3877    23.6111   12.15868 6.4871e+01 0.0000e+00
        152 150.640518    0.01049     0.6292     37.750      1.019  48235.816    30.3975     8.3877      1.009    6.74131     8.3874    23.6066   12.15908 6.4573e+01 0.0000e+00
        153 150.640521    0.01056     0.6333     38.000      1.016  48229.307    30.3930     8.3878      1.006    6.74150     8.3869    23.6031   12.15945 6.3847e+01 0.0000e+00
        154 150.640524    0.01063     0.6375     38.250      1.002  48228.558    30.3924     8.3875      0.992    6.74157     8.3864    23.6027   12.15958 6.3170e+01 0.0000e+00
        155 150.640527    0.01069     0.6417     38.500      0.984  48233.958    30.3961     8.3870      0.975    6.74149     8.3863    23.6056   12.15941 6.3294e+01 0.0000e+00
        156 150.640530    0.01076     0.6458     38.750      0.973  48241.516    30.4013     8.3865      0.964    6.74133     8.3865    23.6098   12.15908 6.4128e+01 0.0000e+00
        157 150.640532    0.01083     0.6500     39.000      0.976  48245.948    30.4044     8.3864      0.967    6.74120     8.3864    23.6122   12.15883 6.4522e+01 0.0000e+00
        158 150.640535    0.01090     0.6542     39.250      0.993  48244.310    30.4033     8.3866      0.984    6.74122     8.3853    23.6113   12.15888 6.3695e+01 0.0000e+00
        159 150.640538    0.01097     0.6583     39.500      1.012  48237.363    30.3984     8.3865      1.003    6.74145     8.3827    23.6075   12.15932 6.2167e+01 0.0000e+00
        160 150.640541    0.01104     0.6625     39.750      1.025  48229.636    30.3929     8.3854      1.016    6.74186     8.3784    23.6033   12.16006 6.0886e+01 0.0000e+00
        161 150.640544    0.01111     0.6667     40.000      1.026  48226.785    30.3905     8.3828      1.017    6.74237     8.3734    23.6018   12.16093 6.0031e+01 0.0000e+00
        162 150.640547    0.01118     0.6708     40.250      1.015  48231.103    30.3929     8.3785      1.006    6.74292     8.3694    23.6043   12.16181 5.8990e+01 0.0000e+00
        163 150.640550    0.01125     0.6750     40.500      0.996  48240.643    30.3988     8.3735      0.987    6.74342     8.3674    23.6097   12.16256 5.7212e+01 0.0000e+00
        164 150.640553    0.01132     0.6792     40.750      0.978  48251.504    30.4058     8.3695      0.969    6.74372     8.3677    23.6158   12.16297 5.5051e+01 0.0000e+00
        165 150.640556    0.01139     0.6833     41.000      0.970  48260.194    30.4116     8.3675      0.961    6.74376     8.3696    23.6206   12.16298 5.3255e+01 0.0000e+00
        166 150.640558    0.01146     0.6875     41.250      0.975  48264.434    30.4146     8.3678      0.966    6.74359     8.3720    23.6229   12.16265 5.2120e+01 0.0000e+00
        167 150.640561    0.01153     0.6917     41.500      0.991  48262.863    30.4138     8.3697      0.982    6.74333     8.3737    23.6220   12.16223 5.1640e+01 0.0000e+00
        168 150.640564    0.01160     0.6958     41.750      1.011  48255.656    30.4091     8.3721      1.002    6.74318     8.3740    23.6179   12.16204 5.1621e+01 0.0000e+00
        169 150.640567    0.01167     0.7000     42.000      1.025  48246.027    30.4026     8.3738      1.016    6.74320     8.3724    23.6126   12.16216 5.1726e+01 0.0000e+00
        170 150.640570    0.01174     0.7042     42.250      1.027  48239.305    30.3980     8.3741      1.017    6.74336     8.3693    23.6089   12.16248 5.1554e+01 0.0000e+00
        171 150.640573    0.01181     0.7083     42.500      1.014  48238.855    30.3974     8.3725      1.005    6.74363     8.3660    23.6087   12.16293 5.0983e+01 0.0000e+00
        172 150.640576    0.01188     0.7125     42.750      0.992  48244.409    30.4008     8.3694      0.983    6.74395     8.3639    23.6119   12.16342 5.0569e+01 0.0000e+00
        173 150.640579    0.01194     0.7167     43.000      0.971  48252.993    30.4063     8.3661      0.962    6.74421     8.3637    23.6167   12.16378 5.0751e+01 0.0000e+00
        174 150.640582    0.01201     0.7208     43.250      0.962  48260.638    30.4114     8.3640      0.953    6.74431     8.3651    23.6209   12.16388 5.1340e+01 0.0000e+00
        175 150.640584    0.01208     0.7250     43.500      0.969  48264.163    30.4138     8.3638      0.960    6.74423     8.3671    23.6229   12.16373 5.2102e+01 0.0000e+00
        176 150.640587    0.01215     0.7292     43.750      0.986  48261.738    30.4123     8.3652      0.977    6.74408     8.3687    23.6215   12.16349 5.3052e+01 0.0000e+00
        177 150.640590    0.01222     0.7333     44.000      1.006  48254.388    30.4075     8.3672      0.996    6.74399     8.3691    23.6174   12.16340 5.4383e+01 0.0000e+00
        178 150.640593    0.01229     0.7375     44.250      1.019  48246.079    30.4019     8.3688      1.010    6.74399     8.3678    23.6128   12.16348 5.5937e+01 0.0000e+00
        179 150.640596    0.01236     0.7417     44.500      1.024  48240.649    30.3982     8.3692      1.014    6.74411     8.3655    23.6098   12.16371 5.6894e+01 0.0000e+00
        180 150.640599    0.01243     0.7458     44.750      1.020  48239.759    30.3974     8.3679      1.010    6.74433     8.3633    23.6094   12.16409 5.6882e+01 0.0000e+00
