CTD-processing/allCTD/CNV--turbid/2017_12-14_alongbay_skb05_cast129.cnv
* Sea-Bird SBE19plus Data File:
* FileName = C:\Users\Kim.Powell\Desktop\Not Processed\2017\2017_12-XX_4141\2017_12-14_TANSECT_STATION_cast129.hex
* Software Version 1.59
* Temperature SN =  4141
* Conductivity SN =  4141
* System UpLoad Time = Dec 18 2017 08:27:35
** 2017_12-14
** Station: KB05
** Start Time: 13:36
** Depth (m): 172.8
** Comment:**CTD recorded date as April 18
** Comment:
# nquan = 16
# nvalues = 935                         
# units = specified
# name 0 = scan: Scan Count
# name 1 = timeJ: Julian Days
# name 2 = timeH: Time, Elapsed [hours]
# name 3 = timeM: Time, Elapsed [minutes]
# name 4 = timeS: Time, Elapsed [seconds]
# name 5 = prdM: Pressure, Strain Gauge [db]
# name 6 = specc: Specific Conductance [uS/cm]
# name 7 = sal00: Salinity, Practical [PSU]
# name 8 = tv290C: Temperature [ITS-90, deg C]
# name 9 = depSM: Depth [salt water, m], lat = 59.00
# name 10 = oxsolML/L: Oxygen Saturation, Garcia & Gordon [ml/l]
# name 11 = potemp090C: Potential Temperature [ITS-90, deg C]
# name 12 = sigma-é00: Density [sigma-theta, kg/m^3]
# name 13 = n2satML/L: Nitrogen Saturation [ml/l]
# name 14 = par: PAR/Irradiance, Biospherical/Licor
# name 15 = flag:  0.000e+00
# span 0 =          1,        935       
# span 1 = 108.567581, 108.570284       
# span 2 =    0.00000,    0.06486       
# span 3 =     0.0000,     3.8917       
# span 4 =      0.000,    233.500       
# span 5 =      0.521,    133.522       
# span 6 =  49002.210,  50169.790       
# span 7 =    30.5246,    31.4338       
# span 8 =     5.6543,     6.8502       
# span 9 =      0.516,    132.231       
# span 10 =    6.93630,    7.16837      
# span 11 =     5.6543,     6.8436      
# span 12 =    24.0240,    24.6334      
# span 13 =   12.46907,   12.86207      
# span 14 = 3.6382e-02, 1.9504e+01      
# span 15 = 0.0000e+00, 0.0000e+00      
# interval = seconds: 0.25
# start_time = Apr 18 2017 13:37:19 [Instrument's time stamp, header]
# bad_flag = -9.990e-29
*END*
[from data line 904]
        905 108.570197    0.06278     3.7667    226.000    128.035  50161.825    31.4292     6.8308    126.799    6.93860     6.8199    24.6305   12.47265 3.6382e-02 0.0000e+00
        906 108.570200    0.06285     3.7708    226.250    128.189  50161.899    31.4292     6.8309    126.951    6.93859     6.8200    24.6305   12.47263 3.6382e-02 0.0000e+00
        907 108.570203    0.06292     3.7750    226.500    128.362  50162.074    31.4293     6.8310    127.122    6.93857     6.8200    24.6305   12.47260 3.6382e-02 0.0000e+00
        908 108.570205    0.06299     3.7792    226.750    128.560  50162.354    31.4294     6.8310    127.318    6.93855     6.8201    24.6306   12.47257 3.6382e-02 0.0000e+00
        909 108.570208    0.06306     3.7833    227.000    128.780  50162.673    31.4296     6.8311    127.536    6.93853     6.8203    24.6307   12.47253 3.6382e-02 0.0000e+00
        910 108.570211    0.06313     3.7875    227.250    129.010  50163.030    31.4297     6.8312    127.764    6.93850     6.8205    24.6308   12.47248 3.6382e-02 0.0000e+00
        911 108.570214    0.06319     3.7917    227.500    129.236  50163.474    31.4300     6.8314    127.987    6.93847     6.8207    24.6309   12.47242 3.6382e-02 0.0000e+00
        912 108.570217    0.06326     3.7958    227.750    129.447  50164.061    31.4303     6.8316    128.197    6.93842     6.8210    24.6312   12.47234 3.6382e-02 0.0000e+00
        913 108.570220    0.06333     3.8000    228.000    129.643  50164.570    31.4306     6.8319    128.391    6.93836     6.8213    24.6314   12.47224 3.6382e-02 0.0000e+00
        914 108.570223    0.06340     3.8042    228.250    129.828  50164.784    31.4307     6.8322    128.573    6.93831     6.8216    24.6315   12.47215 3.6382e-02 0.0000e+00
        915 108.570226    0.06347     3.8083    228.500    130.007  50164.768    31.4307     6.8325    128.751    6.93826     6.8218    24.6314   12.47207 3.6382e-02 0.0000e+00
        916 108.570229    0.06354     3.8125    228.750    130.186  50164.626    31.4306     6.8328    128.928    6.93822     6.8220    24.6313   12.47200 3.6382e-02 0.0000e+00
        917 108.570231    0.06361     3.8167    229.000    130.368  50164.619    31.4305     6.8331    129.108    6.93818     6.8222    24.6312   12.47193 3.6382e-02 0.0000e+00
        918 108.570234    0.06368     3.8208    229.250    130.554  50164.880    31.4307     6.8333    129.292    6.93813     6.8224    24.6313   12.47186 3.6382e-02 0.0000e+00
        919 108.570237    0.06375     3.8250    229.500    130.745  50165.308    31.4309     6.8335    129.482    6.93809     6.8226    24.6315   12.47179 3.6382e-02 0.0000e+00
        920 108.570240    0.06382     3.8292    229.750    130.946  50165.924    31.4313     6.8337    129.680    6.93804     6.8229    24.6317   12.47170 3.6382e-02 0.0000e+00
        921 108.570243    0.06389     3.8333    230.000    131.159  50166.600    31.4317     6.8339    129.891    6.93799     6.8232    24.6320   12.47160 3.6382e-02 0.0000e+00
        922 108.570246    0.06396     3.8375    230.250    131.385  50167.232    31.4321     6.8342    130.115    6.93792     6.8236    24.6323   12.47149 3.6382e-02 0.0000e+00
        923 108.570249    0.06403     3.8417    230.500    131.618  50168.006    31.4326     6.8346    130.346    6.93784     6.8242    24.6326   12.47135 3.6382e-02 0.0000e+00
        924 108.570252    0.06410     3.8458    230.750    131.846  50168.923    31.4332     6.8350    130.571    6.93775     6.8248    24.6331   12.47118 3.6382e-02 0.0000e+00
        925 108.570255    0.06417     3.8500    231.000    132.055  50169.602    31.4336     6.8356    130.778    6.93763     6.8255    24.6334   12.47099 3.6382e-02 0.0000e+00
        926 108.570258    0.06424     3.8542    231.250    132.237  50169.790    31.4338     6.8363    130.959    6.93752     6.8262    24.6334   12.47080 3.6382e-02 0.0000e+00
        927 108.570260    0.06431     3.8583    231.500    132.394  50169.624    31.4337     6.8370    131.114    6.93740     6.8267    24.6333   12.47061 3.6382e-02 0.0000e+00
        928 108.570263    0.06438     3.8625    231.750    132.536  50169.318    31.4336     6.8376    131.255    6.93731     6.8270    24.6331   12.47046 3.6382e-02 0.0000e+00
        929 108.570266    0.06444     3.8667    232.000    132.681  50169.027    31.4334     6.8381    131.398    6.93723     6.8273    24.6329   12.47033 3.6382e-02 0.0000e+00
        930 108.570269    0.06451     3.8708    232.250    132.844  50168.777    31.4332     6.8385    131.560    6.93718     6.8274    24.6327   12.47025 3.6382e-02 0.0000e+00
        931 108.570272    0.06458     3.8750    232.500    133.030  50168.568    31.4331     6.8388    131.744    6.93714     6.8275    24.6325   12.47019 3.6382e-02 0.0000e+00
        932 108.570275    0.06465     3.8792    232.750    133.219  50168.471    31.4329     6.8390    131.931    6.93712     6.8276    24.6324   12.47015 3.6382e-02 0.0000e+00
        933 108.570278    0.06472     3.8833    233.000    133.381  50168.521    31.4329     6.8391    132.091    6.93710     6.8276    24.6323   12.47012 3.6382e-02 0.0000e+00
        934 108.570281    0.06479     3.8875    233.250    133.486  50168.625    31.4330     6.8392    132.196    6.93709 -9.990e-29    24.6324   12.47010 3.6382e-02 0.0000e+00
        935 108.570284    0.06486     3.8917    233.500    133.522  50168.668    31.4330     6.8392    132.231    6.93708 -9.990e-29    24.6324   12.47009 3.6382e-02 0.0000e+00
