CTD-processing/allCTD/CNV--turbid/2017_05-30_t9_s06_cast170.cnv
* Sea-Bird SBE19plus Data File:
* FileName = C:\Users\jwschloemer\Documents\CTD Data\2017_05_30_T9\2017_05_30_T9_cast166170.hex
* Software Version 1.59
* Temperature SN =  4141
* Conductivity SN =  4141
* System UpLoad Time = Jun 21 2017 14:35:51
** Cook Inlet LTM Kbay Transect 9
** Date: 2017-05-30
** Station:9-06
** Start Time (AKST):12:57
** Depth (m):98
** Comment: R/V Edgecumbe
# nquan = 16
# nvalues = 770                         
# units = specified
# name 0 = scan: Scan Count
# name 1 = timeJ: Julian Days
# name 2 = timeH: Time, Elapsed [hours]
# name 3 = timeM: Time, Elapsed [minutes]
# name 4 = timeS: Time, Elapsed [seconds]
# name 5 = prdM: Pressure, Strain Gauge [db]
# name 6 = specc: Specific Conductance [uS/cm]
# name 7 = sal00: Salinity, Practical [PSU]
# name 8 = tv290C: Temperature [ITS-90, deg C]
# name 9 = depSM: Depth [salt water, m], lat = 59.00
# name 10 = oxsolML/L: Oxygen Saturation, Garcia & Gordon [ml/l]
# name 11 = potemp090C: Potential Temperature [ITS-90, deg C]
# name 12 = sigma-é00: Density [sigma-theta, kg/m^3]
# name 13 = n2satML/L: Nitrogen Saturation [ml/l]
# name 14 = par: PAR/Irradiance, Biospherical/Licor
# name 15 = flag:  0.000e+00
# span 0 =          1,        770       
# span 1 = 150.540463, 150.542688       
# span 2 =    0.00000,    0.05340       
# span 3 =     0.0000,     3.2042       
# span 4 =      0.000,    192.250       
# span 5 =      0.017,     89.743       
# span 6 =   1062.623,  51138.982       
# span 7 =     0.5154,    31.8950       
# span 8 =     5.4853,     8.4834       
# span 9 =      0.017,     88.885       
# span 10 =    6.72705,    8.32591      
# span 11 =     5.4806,     8.4833      
# span 12 =     0.2790,    25.1493      
# span 13 =   12.13487,   15.22068      
# span 14 = 4.3627e-02, 2.4813e+03      
# span 15 = 0.0000e+00, 0.0000e+00      
# interval = seconds: 0.25
# start_time = May 30 2017 12:58:16 [Instrument's time stamp, header]
# bad_flag = -9.990e-29
*END*
[from data line 91]
         92 150.540726    0.00632     0.3792     22.750      0.964  48364.679    30.4845     8.3677      0.955    6.74054     8.3700    23.6777   12.15675 1.1814e+03 0.0000e+00
         93 150.540729    0.00639     0.3833     23.000      0.963  48365.159    30.4849     8.3678      0.954    6.74051     8.3750    23.6779   12.15669 1.2112e+03 0.0000e+00
         94 150.540732    0.00646     0.3875     23.250      0.960  48363.728    30.4842     8.3701      0.951    6.74019     8.3829    23.6771   12.15617 1.2231e+03 0.0000e+00
         95 150.540735    0.00653     0.3917     23.500      0.958  48359.434    30.4819     8.3751      0.949    6.73954     8.3930    23.6746   12.15511 1.2398e+03 0.0000e+00
         96 150.540738    0.00660     0.3958     23.750      0.956  48351.343    30.4774     8.3829      0.947    6.73854     8.4039    23.6700   12.15352 1.2486e+03 0.0000e+00
         97 150.540741    0.00667     0.4000     24.000      0.955  48339.899    30.4709     8.3930      0.946    6.73729     8.4148    23.6634   12.15153 1.2435e+03 0.0000e+00
         98 150.540744    0.00674     0.4042     24.250      0.953  48327.355    30.4638     8.4040      0.944    6.73594     8.4250    23.6562   12.14937 1.2578e+03 0.0000e+00
         99 150.540747    0.00681     0.4083     24.500      0.950  48316.223    30.4576     8.4148      0.941    6.73456     8.4343    23.6498   12.14717 1.2897e+03 0.0000e+00
        100 150.540749    0.00688     0.4125     24.750      0.947  48307.273    30.4528     8.4251      0.938    6.73322     8.4420    23.6446   12.14500 1.2875e+03 0.0000e+00
        101 150.540752    0.00694     0.4167     25.000      0.946  48299.637    30.4488     8.4344      0.937    6.73197     8.4469    23.6401   12.14299 1.2671e+03 0.0000e+00
        102 150.540755    0.00701     0.4208     25.250      0.946  48292.839    30.4452     8.4421      0.937    6.73097     8.4487    23.6361   12.14137 1.2742e+03 0.0000e+00
        103 150.540758    0.00708     0.4250     25.500      0.949  48287.547    30.4422     8.4470      0.940    6.73034     8.4479    23.6331   12.14038 1.2713e+03 0.0000e+00
        104 150.540761    0.00715     0.4292     25.750      0.953  48284.422    30.4403     8.4488      0.944    6.73015     8.4453    23.6313   12.14008 1.2473e+03 0.0000e+00
        105 150.540764    0.00722     0.4333     26.000      0.957  48283.281    30.4394     8.4480      0.948    6.73032     8.4421    23.6307   12.14038 1.2214e+03 0.0000e+00
        106 150.540767    0.00729     0.4375     26.250      0.960  48283.423    30.4391     8.4454      0.951    6.73071     8.4386    23.6309   12.14103 1.1931e+03 0.0000e+00
        107 150.540770    0.00736     0.4417     26.500      0.960  48284.447    30.4393     8.4422      0.951    6.73120     8.4350    23.6315   12.14183 1.1768e+03 0.0000e+00
        108 150.540773    0.00743     0.4458     26.750      0.957  48286.441    30.4402     8.4387      0.948    6.73170     8.4313    23.6327   12.14264 1.1724e+03 0.0000e+00
        109 150.540775    0.00750     0.4500     27.000      0.953  48289.366    30.4417     8.4351      0.944    6.73218     8.4275    23.6345   12.14342 1.1705e+03 0.0000e+00
        110 150.540778    0.00757     0.4542     27.250      0.952  48292.660    30.4435     8.4314      0.943    6.73266     8.4239    23.6364   12.14420 1.1793e+03 0.0000e+00
        111 150.540781    0.00764     0.4583     27.500      0.955  48295.484    30.4449     8.4276      0.946    6.73317     8.4208    23.6380   12.14502 1.2098e+03 0.0000e+00
        112 150.540784    0.00771     0.4625     27.750      0.960  48297.005    30.4455     8.4240      0.951    6.73369     8.4182    23.6390   12.14588 1.2345e+03 0.0000e+00
        113 150.540787    0.00778     0.4667     28.000      0.966  48296.535    30.4447     8.4209      0.957    6.73420     8.4160    23.6388   12.14673 1.2235e+03 0.0000e+00
        114 150.540790    0.00785     0.4708     28.250      0.969  48294.607    30.4430     8.4183      0.959    6.73467     8.4141    23.6378   12.14754 1.1858e+03 0.0000e+00
        115 150.540793    0.00792     0.4750     28.500      0.968  48293.093    30.4416     8.4161      0.958    6.73507     8.4123    23.6371   12.14821 1.1499e+03 0.0000e+00
        116 150.540796    0.00799     0.4792     28.750      0.962  48293.492    30.4416     8.4142      0.953    6.73536     8.4107    23.6374   12.14869 1.1707e+03 0.0000e+00
        117 150.540799    0.00806     0.4833     29.000      0.956  48296.271    30.4433     8.4124      0.946    6.73555     8.4092    23.6389   12.14899 1.2483e+03 0.0000e+00
        118 150.540802    0.00813     0.4875     29.250      0.952  48300.467    30.4460     8.4108      0.942    6.73568     8.4078    23.6413   12.14917 1.3056e+03 0.0000e+00
        119 150.540804    0.00819     0.4917     29.500      0.952  48304.120    30.4484     8.4093      0.943    6.73580     8.4063    23.6433   12.14934 1.2889e+03 0.0000e+00
        120 150.540807    0.00826     0.4958     29.750      0.955  48305.807    30.4493     8.4079      0.946    6.73597     8.4049    23.6443   12.14962 1.2240e+03 0.0000e+00
        121 150.540810    0.00833     0.5000     30.000      0.960  48305.017    30.4485     8.4064      0.951    6.73623     8.4037    23.6439   12.15006 1.1849e+03 0.0000e+00
        122 150.540813    0.00840     0.5042     30.250      0.964  48302.204    30.4464     8.4050      0.955    6.73655     8.4027    23.6424   12.15061 1.1927e+03 0.0000e+00
        123 150.540816    0.00847     0.5083     30.500      0.965  48298.634    30.4437     8.4038      0.956    6.73685     8.4017    23.6405   12.15113 1.2502e+03 0.0000e+00
        124 150.540819    0.00854     0.5125     30.750      0.964  48295.580    30.4414     8.4028      0.955    6.73709     8.4005    23.6389   12.15156 1.3126e+03 0.0000e+00
        125 150.540822    0.00861     0.5167     31.000      0.961  48293.980    30.4402     8.4018      0.952    6.73730     8.3992    23.6380   12.15193 1.3067e+03 0.0000e+00
        126 150.540825    0.00868     0.5208     31.250      0.959  48294.125    30.4401     8.4006      0.950    6.73750     8.3983    23.6381   12.15225 1.3139e+03 0.0000e+00
        127 150.540828    0.00875     0.5250     31.500      0.958  48295.315    30.4407     8.3993      0.949    6.73766     8.3975    23.6388   12.15251 1.3930e+03 0.0000e+00
        128 150.540830    0.00882     0.5292     31.750      0.961  48296.560    30.4415     8.3983      0.952    6.73777     8.3967    23.6395   12.15269 1.4199e+03 0.0000e+00
        129 150.540833    0.00889     0.5333     32.000      0.965  48297.174    30.4418     8.3976      0.956    6.73787     8.3957    23.6399   12.15285 1.3285e+03 0.0000e+00
        130 150.540836    0.00896     0.5375     32.250      0.970  48296.745    30.4414     8.3968      0.961    6.73800     8.3942    23.6397   12.15308 1.2204e+03 0.0000e+00
        131 150.540839    0.00903     0.5417     32.500      0.972  48295.595    30.4404     8.3958      0.963    6.73821     8.3921    23.6391   12.15342 1.1534e+03 0.0000e+00
        132 150.540842    0.00910     0.5458     32.750      0.972  48294.805    30.4397     8.3943      0.963    6.73847     8.3891    23.6387   12.15386 1.0899e+03 0.0000e+00
        133 150.540845    0.00917     0.5500     33.000      0.969  48295.460    30.4398     8.3922      0.959    6.73878     8.3855    23.6391   12.15438 1.0244e+03 0.0000e+00
        134 150.540848    0.00924     0.5542     33.250      0.964  48298.152    30.4412     8.3892      0.954    6.73917     8.3820    23.6407   12.15500 9.8870e+02 0.0000e+00
        135 150.540851    0.00931     0.5583     33.500      0.960  48302.486    30.4437     8.3856      0.951    6.73961     8.3791    23.6431   12.15570 1.0111e+03 0.0000e+00
        136 150.540854    0.00937     0.5625     33.750      0.960  48307.178    30.4465     8.3820      0.951    6.74003     8.3770    23.6458   12.15636 1.0688e+03 0.0000e+00
        137 150.540856    0.00944     0.5667     34.000      0.964  48311.058    30.4488     8.3792      0.955    6.74036     8.3754    23.6480   12.15688 1.1241e+03 0.0000e+00
        138 150.540859    0.00951     0.5708     34.250      0.970  48313.644    30.4503     8.3771      0.961    6.74062     8.3740    23.6495   12.15728 1.1833e+03 0.0000e+00
        139 150.540862    0.00958     0.5750     34.500      0.976  48315.047    30.4510     8.3755      0.966    6.74083     8.3725    23.6503   12.15763 1.2290e+03 0.0000e+00
        140 150.540865    0.00965     0.5792     34.750      0.979  48315.801    30.4513     8.3740      0.969    6.74103     8.3709    23.6508   12.15797 1.2542e+03 0.0000e+00
        141 150.540868    0.00972     0.5833     35.000      0.977  48316.709    30.4518     8.3726      0.968    6.74123     8.3688    23.6513   12.15829 1.2746e+03 0.0000e+00
        142 150.540871    0.00979     0.5875     35.250      0.972  48318.432    30.4527     8.3709      0.962    6.74144     8.3664    23.6523   12.15863 1.3099e+03 0.0000e+00
        143 150.540874    0.00986     0.5917     35.500      0.963  48321.184    30.4544     8.3688      0.954    6.74169     8.3642    23.6539   12.15902 1.3530e+03 0.0000e+00
        144 150.540877    0.00993     0.5958     35.750      0.957  48324.517    30.4563     8.3664      0.948    6.74197     8.3631    23.6557   12.15946 1.3642e+03 0.0000e+00
        145 150.540880    0.01000     0.6000     36.000      0.957  48327.379    30.4580     8.3643      0.948    6.74222     8.3630    23.6574   12.15985 1.3612e+03 0.0000e+00
        146 150.540883    0.01007     0.6042     36.250      0.964  48328.952    30.4589     8.3632      0.955    6.74236     8.3638    23.6583   12.16006 1.3388e+03 0.0000e+00
        147 150.540885    0.01014     0.6083     36.500      0.975  48328.989    30.4589     8.3631      0.966    6.74237     8.3651    23.6583   12.16009 1.2891e+03 0.0000e+00
        148 150.540888    0.01021     0.6125     36.750      0.984  48327.473    30.4580     8.3638      0.975    6.74230     8.3663    23.6575   12.15997 1.2724e+03 0.0000e+00
        149 150.540891    0.01028     0.6167     37.000      0.988  48325.058    30.4565     8.3651      0.978    6.74217     8.3669    23.6561   12.15977 1.3044e+03 0.0000e+00
        150 150.540894    0.01035     0.6208     37.250      0.983  48322.963    30.4552     8.3663      0.974    6.74204     8.3668    23.6549   12.15957 1.3516e+03 0.0000e+00
        151 150.540897    0.01042     0.6250     37.500      0.974  48321.907    30.4546     8.3669      0.965    6.74197     8.3664    23.6543   12.15947 1.3995e+03 0.0000e+00
        152 150.540900    0.01049     0.6292     37.750      0.965  48321.797    30.4545     8.3668      0.956    6.74199     8.3665    23.6542   12.15951 1.3801e+03 0.0000e+00
        153 150.540903    0.01056     0.6333     38.000      0.963  48321.891    30.4545     8.3665      0.954    6.74204     8.3674    23.6543   12.15960 1.2722e+03 0.0000e+00
        154 150.540906    0.01063     0.6375     38.250      0.967  48321.337    30.4541     8.3666      0.958    6.74204     8.3686    23.6540   12.15960 1.1777e+03 0.0000e+00
        155 150.540909    0.01069     0.6417     38.500      0.975  48319.710    30.4531     8.3675      0.966    6.74195     8.3697    23.6531   12.15947 1.1369e+03 0.0000e+00
        156 150.540911    0.01076     0.6458     38.750      0.982  48317.236    30.4516     8.3687      0.973    6.74183     8.3702    23.6517   12.15928 1.1222e+03 0.0000e+00
        157 150.540914    0.01083     0.6500     39.000      0.984  48314.817    30.4500     8.3698      0.975    6.74174     8.3700    23.6503   12.15914 1.1209e+03 0.0000e+00
        158 150.540917    0.01090     0.6542     39.250      0.978  48313.380    30.4491     8.3703      0.970    6.74169     8.3692    23.6495   12.15909 1.1241e+03 0.0000e+00
        159 150.540920    0.01097     0.6583     39.500      0.970  48313.269    30.4490     8.3701      0.961    6.74173     8.3683    23.6495   12.15915 1.1345e+03 0.0000e+00
        160 150.540923    0.01104     0.6625     39.750      0.964  48314.202    30.4495     8.3693      0.956    6.74183     8.3676    23.6500   12.15931 1.1655e+03 0.0000e+00
        161 150.540926    0.01111     0.6667     40.000      0.965  48315.428    30.4503     8.3683      0.956    6.74195     8.3674    23.6507   12.15949 1.2141e+03 0.0000e+00
        162 150.540929    0.01118     0.6708     40.250      0.972  48316.228    30.4507     8.3677      0.963    6.74203     8.3674    23.6512   12.15962 1.2343e+03 0.0000e+00
        163 150.540932    0.01125     0.6750     40.500      0.981  48316.156    30.4506     8.3674      0.971    6.74207     8.3674    23.6511   12.15969 1.2031e+03 0.0000e+00
        164 150.540935    0.01132     0.6792     40.750      0.988  48315.175    30.4499     8.3675      0.978    6.74209     8.3670    23.6506   12.15973 1.1541e+03 0.0000e+00
        165 150.540938    0.01139     0.6833     41.000      0.991  48313.964    30.4491     8.3675      0.981    6.74212     8.3659    23.6500   12.15980 1.1143e+03 0.0000e+00
        166 150.540940    0.01146     0.6875     41.250      0.987  48313.466    30.4487     8.3671      0.977    6.74220     8.3640    23.6497   12.15993 1.1119e+03 0.0000e+00
        167 150.540943    0.01153     0.6917     41.500      0.979  48314.247    30.4491     8.3660      0.969    6.74236     8.3619    23.6502   12.16018 1.1386e+03 0.0000e+00
        168 150.540946    0.01160     0.6958     41.750      0.971  48316.328    30.4503     8.3641      0.962    6.74259     8.3600    23.6514   12.16055 1.1547e+03 0.0000e+00
        169 150.540949    0.01167     0.7000     42.000      0.966  48318.952    30.4518     8.3620      0.957    6.74285     8.3586    23.6529   12.16096 1.1169e+03 0.0000e+00
        170 150.540952    0.01174     0.7042     42.250      0.965  48321.119    30.4531     8.3601      0.956    6.74308     8.3575    23.6541   12.16133 1.0386e+03 0.0000e+00
        171 150.540955    0.01181     0.7083     42.500      0.967  48322.490    30.4538     8.3587      0.957    6.74327     8.3567    23.6549   12.16163 9.9233e+02 0.0000e+00
        172 150.540958    0.01188     0.7125     42.750      0.969  48323.234    30.4541     8.3576      0.959    6.74342     8.3561    23.6553   12.16187 9.8059e+02 0.0000e+00
        173 150.540961    0.01194     0.7167     43.000      0.970  48323.579    30.4543     8.3568      0.961    6.74353     8.3557    23.6556   12.16206 9.9262e+02 0.0000e+00
        174 150.540964    0.01201     0.7208     43.250      0.972  48323.679    30.4543     8.3562      0.963    6.74362     8.3555    23.6556   12.16221 1.0543e+03 0.0000e+00
        175 150.540966    0.01208     0.7250     43.500      0.973  48323.615    30.4542     8.3558      0.964    6.74368     8.3553    23.6556   12.16231 1.1299e+03 0.0000e+00
        176 150.540969    0.01215     0.7292     43.750      0.974  48323.481    30.4540     8.3556      0.965    6.74372     8.3551    23.6555   12.16238 1.1727e+03 0.0000e+00
        177 150.540972    0.01222     0.7333     44.000      0.973  48323.415    30.4540     8.3554      0.964    6.74375     8.3546    23.6555   12.16244 1.1984e+03 0.0000e+00
        178 150.540975    0.01229     0.7375     44.250      0.971  48323.558    30.4540     8.3552      0.962    6.74379     8.3538    23.6556   12.16250 1.2354e+03 0.0000e+00
        179 150.540978    0.01236     0.7417     44.500      0.968  48324.021    30.4543     8.3547      0.959    6.74385     8.3525    23.6558   12.16259 1.2798e+03 0.0000e+00
        180 150.540981    0.01243     0.7458     44.750      0.965  48324.932    30.4548     8.3539      0.956    6.74395     8.3509    23.6564   12.16276 1.3030e+03 0.0000e+00
