CTD-processing/allCTD/CNV--turbid/2017_04-20_t9_s02_cast157.cnv
* Sea-Bird SBE19plus Data File:
* FileName = P:\My Documents\kasitsna\Research-KBL\Oceanography-AK\CTD-Data-ALL-to-2017-02\2017-CTD-KachemakBay-CookInlet\2017-04-20-CookInlet-Tran9-HomerSpit\2017-04-20-CookInlet-Tran9-cast157.hex
* Software Version 1.59
* Temperature SN =  4141
* Conductivity SN =  4141
* System UpLoad Time = Apr 24 2017 21:46:21
** Cook Inlet LTM Transect 9 Homer Spit south to north
** Date: 2017-04-20
** Station: (eg. 9-01): 9-02
** Start time (AKDT): 21:31
** Depth (m): N/A
** Comment: R/V Alaska Dreamcatcher
** Comment:
# nquan = 16
# nvalues = 522                         
# units = specified
# name 0 = scan: Scan Count
# name 1 = timeJ: Julian Days
# name 2 = timeH: Time, Elapsed [hours]
# name 3 = timeM: Time, Elapsed [minutes]
# name 4 = timeS: Time, Elapsed [seconds]
# name 5 = prdM: Pressure, Strain Gauge [db]
# name 6 = specc: Specific Conductance [uS/cm]
# name 7 = sal00: Salinity, Practical [PSU]
# name 8 = tv290C: Temperature [ITS-90, deg C]
# name 9 = depSM: Depth [salt water, m], lat = 59.00
# name 10 = oxsolML/L: Oxygen Saturation, Garcia & Gordon [ml/l]
# name 11 = potemp090C: Potential Temperature [ITS-90, deg C]
# name 12 = sigma-é00: Density [sigma-theta, kg/m^3]
# name 13 = n2satML/L: Nitrogen Saturation [ml/l]
# name 14 = par: PAR/Irradiance, Biospherical/Licor
# name 15 = flag:  0.000e+00
# span 0 =          1,        522       
# span 1 = 110.896944, 110.898452       
# span 2 =    0.00000,    0.03618       
# span 3 =     0.0000,     2.1708       
# span 4 =      0.000,    130.250       
# span 5 =      0.050,     75.117       
# span 6 =   1919.808,  51927.779       
# span 7 =     1.0124,    32.0348       
# span 8 =     3.8278,     6.0712       
# span 9 =      0.050,     74.401       
# span 10 =    7.08119,    8.76663      
# span 11 =     3.8230,     6.0710      
# span 12 =     0.7632,    25.4449      
# span 13 =   12.71336,   15.95494      
# span 14 = 3.6382e-02, 6.6767e+00      
# span 15 = 0.0000e+00, 0.0000e+00      
# interval = seconds: 0.25
# start_time = Apr 20 2017 21:31:36 [Instrument's time stamp, header]
# bad_flag = -9.990e-29
*END*
[from data line 181]
        182 110.897468    0.01257     0.7542     45.250      1.070  49911.095    31.1394     5.8892      1.060    7.10657     5.8867    24.5163   12.75394 3.5247e+00 0.0000e+00
        183 110.897471    0.01264     0.7583     45.500      1.070  49911.795    31.1396     5.8879      1.060    7.10678     5.8859    24.5167   12.75428 3.5367e+00 0.0000e+00
        184 110.897474    0.01271     0.7625     45.750      1.070  49912.142    31.1397     5.8868      1.060    7.10695     5.8854    24.5168   12.75457 3.5553e+00 0.0000e+00
        185 110.897477    0.01278     0.7667     46.000      1.069  49912.458    31.1397     5.8860      1.059    7.10708     5.8850    24.5170   12.75479 3.5533e+00 0.0000e+00
        186 110.897480    0.01285     0.7708     46.250      1.068  49912.946    31.1399     5.8855      1.058    7.10717     5.8849    24.5172   12.75493 3.5505e+00 0.0000e+00
        187 110.897483    0.01292     0.7750     46.500      1.066  49913.771    31.1404     5.8851      1.056    7.10721     5.8852    24.5177   12.75499 3.5670e+00 0.0000e+00
        188 110.897486    0.01299     0.7792     46.750      1.064  49915.109    31.1413     5.8850      1.054    7.10718     5.8862    24.5184   12.75493 3.5892e+00 0.0000e+00
        189 110.897488    0.01306     0.7833     47.000      1.060  49917.208    31.1429     5.8853      1.050    7.10706     5.8881    24.5196   12.75471 3.5944e+00 0.0000e+00
        190 110.897491    0.01313     0.7875     47.250      1.057  49920.329    31.1452     5.8862      1.047    7.10679     5.8917    24.5213   12.75424 3.5935e+00 0.0000e+00
        191 110.897494    0.01319     0.7917     47.500      1.055  49924.184    31.1482     5.8882      1.045    7.10632     5.8975    24.5235   12.75342 3.5902e+00 0.0000e+00
        192 110.897497    0.01326     0.7958     47.750      1.053  49927.392    31.1511     5.8917      1.043    7.10559     5.9063    24.5253   12.75218 3.5784e+00 0.0000e+00
        193 110.897500    0.01333     0.8000     48.000      1.053  49927.747    31.1525     5.8976      1.043    7.10455     5.9176    24.5257   12.75043 3.5854e+00 0.0000e+00
        194 110.897503    0.01340     0.8042     48.250      1.054  49923.069    31.1509     5.9063      1.044    7.10316     5.9305    24.5235   12.74815 3.6039e+00 0.0000e+00
        195 110.897506    0.01347     0.8083     48.500      1.057  49912.394    31.1458     5.9177      1.047    7.10149     5.9436    24.5181   12.74547 3.5986e+00 0.0000e+00
        196 110.897509    0.01354     0.8125     48.750      1.060  49896.823    31.1375     5.9306      1.050    7.09972     5.9558    24.5100   12.74266 3.5742e+00 0.0000e+00
        197 110.897512    0.01361     0.8167     49.000      1.063  49878.804    31.1276     5.9436      1.053    7.09802     5.9667    24.5007   12.73996 3.5540e+00 0.0000e+00
        198 110.897514    0.01368     0.8208     49.250      1.065  49860.492    31.1173     5.9558      1.055    7.09646     5.9764    24.4911   12.73752 3.5554e+00 0.0000e+00
        199 110.897517    0.01375     0.8250     49.500      1.067  49843.071    31.1074     5.9668      1.057    7.09509     5.9847    24.4820   12.73539 3.5750e+00 0.0000e+00
        200 110.897520    0.01382     0.8292     49.750      1.067  49827.047    31.0982     5.9765      1.057    7.09391     5.9918    24.4736   12.73355 3.5885e+00 0.0000e+00
        201 110.897523    0.01389     0.8333     50.000      1.067  49812.641    31.0898     5.9848      1.057    7.09291     5.9976    24.4660   12.73201 3.5873e+00 0.0000e+00
        202 110.897526    0.01396     0.8375     50.250      1.066  49800.023    31.0825     5.9919      1.056    7.09208     6.0024    24.4594   12.73072 3.5886e+00 0.0000e+00
        203 110.897529    0.01403     0.8417     50.500      1.064  49789.260    31.0762     5.9977      1.054    7.09140     6.0062    24.4537   12.72968 3.5902e+00 0.0000e+00
        204 110.897532    0.01410     0.8458     50.750      1.062  49780.224    31.0708     6.0025      1.052    7.09085     6.0094    24.4489   12.72885 3.5803e+00 0.0000e+00
        205 110.897535    0.01417     0.8500     51.000      1.061  49772.579    31.0663     6.0063      1.051    7.09043     6.0120    24.4449   12.72820 3.5764e+00 0.0000e+00
        206 110.897538    0.01424     0.8542     51.250      1.061  49765.893    31.0623     6.0095      1.051    7.09009     6.0142    24.4414   12.72769 3.5824e+00 0.0000e+00
        207 110.897541    0.01431     0.8583     51.500      1.062  49759.854    31.0586     6.0121      1.052    7.08982     6.0159    24.4382   12.72728 3.5764e+00 0.0000e+00
        208 110.897543    0.01438     0.8625     51.750      1.063  49754.428    31.0553     6.0143      1.053    7.08961     6.0170    24.4353   12.72698 3.5557e+00 0.0000e+00
        209 110.897546    0.01444     0.8667     52.000      1.064  49749.818    31.0524     6.0160      1.054    7.08946     6.0175    24.4328   12.72678 3.5447e+00 0.0000e+00
        210 110.897549    0.01451     0.8708     52.250      1.063  49746.252    31.0502     6.0171      1.053    7.08939     6.0177    24.4309   12.72669 3.5505e+00 0.0000e+00
        211 110.897552    0.01458     0.8750     52.500      1.062  49743.819    31.0486     6.0176      1.052    7.08937     6.0178    24.4296   12.72667 3.5614e+00 0.0000e+00
        212 110.897555    0.01465     0.8792     52.750      1.060  49742.338    31.0476     6.0178      1.050    7.08938     6.0180    24.4288   12.72671 3.5697e+00 0.0000e+00
        213 110.897558    0.01472     0.8833     53.000      1.059  49741.363    31.0470     6.0179      1.049    7.08940     6.0185    24.4283   12.72675 3.5697e+00 0.0000e+00
        214 110.897561    0.01479     0.8875     53.250      1.060  49740.459    31.0464     6.0181      1.050    7.08940     6.0192    24.4278   12.72676 3.5557e+00 0.0000e+00
        215 110.897564    0.01486     0.8917     53.500      1.061  49739.238    31.0456     6.0186      1.051    7.08936     6.0202    24.4271   12.72670 3.5416e+00 0.0000e+00
        216 110.897567    0.01493     0.8958     53.750      1.064  49737.308    31.0444     6.0193      1.054    7.08929     6.0212    24.4261   12.72660 3.5433e+00 0.0000e+00
        217 110.897569    0.01500     0.9000     54.000      1.067  49734.731    31.0428     6.0203      1.057    7.08920     6.0222    24.4247   12.72647 3.5411e+00 0.0000e+00
        218 110.897572    0.01507     0.9042     54.250      1.069  49732.026    31.0411     6.0213      1.059    7.08910     6.0230    24.4232   12.72633 3.5308e+00 0.0000e+00
        219 110.897575    0.01514     0.9083     54.500      1.070  49729.635    31.0397     6.0223      1.060    7.08901     6.0236    24.4220   12.72621 3.5280e+00 0.0000e+00
        220 110.897578    0.01521     0.9125     54.750      1.071  49727.782    31.0386     6.0231      1.061    7.08894     6.0241    24.4210   12.72609 3.5329e+00 0.0000e+00
        221 110.897581    0.01528     0.9167     55.000      1.070  49726.463    31.0378     6.0237      1.060    7.08887     6.0244    24.4203   12.72599 3.5416e+00 0.0000e+00
        222 110.897584    0.01535     0.9208     55.250      1.069  49725.394    31.0371     6.0242      1.059    7.08882     6.0246    24.4197   12.72592 3.5468e+00 0.0000e+00
        223 110.897587    0.01542     0.9250     55.500      1.068  49724.297    31.0364     6.0245      1.058    7.08880     6.0246    24.4191   12.72589 3.5562e+00 0.0000e+00
        224 110.897590    0.01549     0.9292     55.750      1.067  49723.179    31.0357     6.0247      1.057    7.08881     6.0245    24.4185   12.72591 3.5664e+00 0.0000e+00
        225 110.897593    0.01556     0.9333     56.000      1.066  49722.276    31.0351     6.0247      1.056    7.08883     6.0243    24.4181   12.72596 3.5578e+00 0.0000e+00
        226 110.897595    0.01563     0.9375     56.250      1.067  49721.904    31.0348     6.0246      1.057    7.08886     6.0241    24.4179   12.72601 3.5350e+00 0.0000e+00
        227 110.897598    0.01569     0.9417     56.500      1.068  49722.123    31.0349     6.0244      1.058    7.08889     6.0239    24.4180   12.72605 3.5158e+00 0.0000e+00
        228 110.897601    0.01576     0.9458     56.750      1.070  49722.458    31.0351     6.0242      1.060    7.08891     6.0238    24.4181   12.72609 3.5182e+00 0.0000e+00
        229 110.897604    0.01583     0.9500     57.000      1.073  49722.189    31.0349     6.0240      1.063    7.08895     6.0236    24.4180   12.72615 3.5366e+00 0.0000e+00
        230 110.897607    0.01590     0.9542     57.250      1.077  49721.090    31.0341     6.0239      1.066    7.08901     6.0234    24.4174   12.72626 3.5419e+00 0.0000e+00
        231 110.897610    0.01597     0.9583     57.500      1.081  49719.761    31.0332     6.0237      1.070    7.08908     6.0233    24.4167   12.72640 3.5196e+00 0.0000e+00
        232 110.897613    0.01604     0.9625     57.750      1.087  49719.256    31.0328     6.0235      1.077    7.08914     6.0235    24.4164   12.72649 3.4964e+00 0.0000e+00
        233 110.897616    0.01611     0.9667     58.000      1.100  49720.505    31.0336     6.0234      1.089    7.08911     6.0244    24.4170   12.72645 3.4853e+00 0.0000e+00
        234 110.897619    0.01618     0.9708     58.250      1.122  49724.014    31.0361     6.0236      1.111    7.08896     6.0263    24.4189   12.72617 3.4609e+00 0.0000e+00
        235 110.897622    0.01625     0.9750     58.500      1.162  49729.904    31.0403     6.0245      1.151    7.08862     6.0302    24.4222   12.72555 3.4098e+00 0.0000e+00
        236 110.897624    0.01632     0.9792     58.750      1.228  49737.986    31.0462     6.0264      1.217    7.08802     6.0366    24.4266   12.72447 3.3215e+00 0.0000e+00
        237 110.897627    0.01639     0.9833     59.000      1.332  49745.783    31.0522     6.0303      1.320    7.08709     6.0455    24.4310   12.72287 3.1853e+00 0.0000e+00
        238 110.897630    0.01646     0.9875     59.250      1.478  49747.346    31.0545     6.0367      1.465    7.08592     6.0555    24.4320   12.72090 3.0083e+00 0.0000e+00
        239 110.897633    0.01653     0.9917     59.500      1.662  49739.364    31.0506     6.0456      1.646    7.08462     6.0644    24.4278   12.71880 2.8099e+00 0.0000e+00
        240 110.897636    0.01660     0.9958     59.750      1.874  49725.705    31.0429     6.0557      1.856    7.08331     6.0701    24.4206   12.71672 2.6052e+00 0.0000e+00
        241 110.897639    0.01667     1.0000     60.000      2.106  49712.931    31.0357     6.0646      2.086    7.08216     6.0710    24.4138   12.71493 2.4046e+00 0.0000e+00
        242 110.897642    0.01674     1.0042     60.250      2.353  49705.835    31.0317     6.0703      2.331    7.08140     6.0652    24.4100   12.71372 2.2135e+00 0.0000e+00
        243 110.897645    0.01681     1.0083     60.500      2.609  49707.557    31.0330     6.0712      2.585    7.08119     6.0497    24.4109   12.71336 2.0326e+00 0.0000e+00
        244 110.897648    0.01688     1.0125     60.750      2.871  49721.914    31.0417     6.0655      2.844    7.08174     6.0210    24.4184   12.71416 1.8649e+00 0.0000e+00
        245 110.897650    0.01694     1.0167     61.000      3.135  49754.007    31.0607     6.0500      3.106    7.08343     5.9783    24.4353   12.71671 1.7137e+00 0.0000e+00
        246 110.897653    0.01701     1.0208     61.250      3.400  49806.056    31.0910     6.0213      3.368    7.08680     5.9254    24.4626   12.72189 1.5803e+00 0.0000e+00
        247 110.897656    0.01708     1.0250     61.500      3.666  49875.626    31.1307     5.9786      3.632    7.09206     5.8684    24.4989   12.73008 1.4626e+00 0.0000e+00
        248 110.897659    0.01715     1.0292     61.750      3.935  49958.627    31.1776     5.9257      3.899    7.09869     5.8127    24.5422   12.74044 1.3580e+00 0.0000e+00
        249 110.897662    0.01722     1.0333     62.000      4.205  50051.315    31.2304     5.8687      4.166    7.10575     5.7628    24.5906   12.75143 1.2641e+00 0.0000e+00
        250 110.897665    0.01729     1.0375     62.250      4.472  50151.815    31.2887     5.8131      4.431    7.11232     5.7217    24.6432   12.76154 1.1789e+00 0.0000e+00
        251 110.897668    0.01736     1.0417     62.500      4.737  50258.732    31.3526     5.7632      4.693    7.11768     5.6897    24.6994   12.76958 1.1014e+00 0.0000e+00
        252 110.897671    0.01743     1.0458     62.750      5.000  50366.700    31.4189     5.7221      4.954    7.12144     5.6639    24.7566   12.77495 1.0302e+00 0.0000e+00
        253 110.897674    0.01750     1.0500     63.000      5.264  50467.811    31.4821     5.6901      5.215    7.12383     5.6412    24.8103   12.77809 9.6414e-01 0.0000e+00
        254 110.897677    0.01757     1.0542     63.250      5.529  50556.136    31.5378     5.6643      5.478    7.12553     5.6205    24.8573   12.78019 9.0196e-01 0.0000e+00
        255 110.897679    0.01764     1.0583     63.500      5.798  50630.930    31.5847     5.6416      5.744    7.12711     5.6027    24.8970   12.78221 8.4283e-01 0.0000e+00
        256 110.897682    0.01771     1.0625     63.750      6.069  50696.996    31.6260     5.6210      6.012    7.12863     5.5889    24.9320   12.78419 7.8656e-01 0.0000e+00
        257 110.897685    0.01778     1.0667     64.000      6.340  50757.036    31.6637     5.6032      6.281    7.12985     5.5792    24.9639   12.78572 7.3309e-01 0.0000e+00
        258 110.897688    0.01785     1.0708     64.250      6.612  50810.713    31.6979     5.5894      6.550    7.13056     5.5715    24.9924   12.78645 6.8246e-01 0.0000e+00
        259 110.897691    0.01792     1.0750     64.500      6.884  50855.988    31.7270     5.5797      6.819    7.13081     5.5631    25.0166   12.78650 6.3473e-01 0.0000e+00
        260 110.897694    0.01799     1.0792     64.750      7.156  50889.814    31.7486     5.5720      7.089    7.13108     5.5530    25.0346   12.78666 5.8986e-01 0.0000e+00
        261 110.897697    0.01806     1.0833     65.000      7.428  50915.197    31.7643     5.5637      7.358    7.13174     5.5416    25.0480   12.78756 5.4792e-01 0.0000e+00
        262 110.897700    0.01812     1.0875     65.250      7.699  50936.593    31.7769     5.5536      7.627    7.13285     5.5291    25.0591   12.78923 5.0862e-01 0.0000e+00
        263 110.897703    0.01819     1.0917     65.500      7.968  50954.240    31.7866     5.5422      7.894    7.13432     5.5148    25.0681   12.79152 4.7191e-01 0.0000e+00
        264 110.897705    0.01826     1.0958     65.750      8.237  50967.903    31.7934     5.5297      8.160    7.13611     5.4978    25.0748   12.79439 4.3803e-01 0.0000e+00
        265 110.897708    0.01833     1.1000     66.000      8.504  50979.712    31.7984     5.5154      8.424    7.13829     5.4787    25.0804   12.79793 4.0673e-01 0.0000e+00
        266 110.897711    0.01840     1.1042     66.250      8.772  50993.885    31.8046     5.4985      8.690    7.14085     5.4591    25.0872   12.80210 3.7778e-01 0.0000e+00
        267 110.897714    0.01847     1.1083     66.500      9.042  51013.994    31.8143     5.4795      8.957    7.14362     5.4405    25.0972   12.80654 3.5125e-01 0.0000e+00
        268 110.897717    0.01854     1.1125     66.750      9.312  51038.094    31.8268     5.4599      9.225    7.14635     5.4224    25.1092   12.81089 3.2706e-01 0.0000e+00
        269 110.897720    0.01861     1.1167     67.000      9.583  51058.362    31.8367     5.4412      9.493    7.14904     5.4038    25.1193   12.81520 3.0486e-01 0.0000e+00
        270 110.897723    0.01868     1.1208     67.250      9.852  51072.455    31.8426     5.4231      9.760    7.15183     5.3850    25.1259   12.81973 2.8449e-01 0.0000e+00
        271 110.897726    0.01875     1.1250     67.500     10.122  51085.605    31.8477     5.4046     10.027    7.15473     5.3667    25.1320   12.82446 2.6580e-01 0.0000e+00
