CTD-processing/allCTD/CNV--turbid/2017_04-19_t7_s08_cast106.cnv
* Sea-Bird SBE19plus Data File:
* FileName = P:\My Documents\kasitsna\Research-KBL\Oceanography-AK\CTD-Data-ALL-to-2017-02\2017-CTD-KachemakBay-CookInlet\2017-04-19-CookInlet-Tran7-Augustine\2017-04-19-CookInlet-Tran7-cast106.hex
* Software Version 1.59
* Temperature SN =  4141
* Conductivity SN =  4141
* System UpLoad Time = Apr 19 2017 16:38:32
** Cook Inlet LTM Transect 7 Augustine west to east
** Date: 2017-04-19
** Station: (eg. 9-01): 7-08
** Start time (AKDT): 10:29
** Depth (m): 76.5
** Comment: R/V Alaska Dreamcatcher
** Comment:
# nquan = 16
# nvalues = 558                         
# units = specified
# name 0 = scan: Scan Count
# name 1 = timeJ: Julian Days
# name 2 = timeH: Time, Elapsed [hours]
# name 3 = timeM: Time, Elapsed [minutes]
# name 4 = timeS: Time, Elapsed [seconds]
# name 5 = prdM: Pressure, Strain Gauge [db]
# name 6 = specc: Specific Conductance [uS/cm]
# name 7 = sal00: Salinity, Practical [PSU]
# name 8 = tv290C: Temperature [ITS-90, deg C]
# name 9 = depSM: Depth [salt water, m], lat = 59.00
# name 10 = oxsolML/L: Oxygen Saturation, Garcia & Gordon [ml/l]
# name 11 = potemp090C: Potential Temperature [ITS-90, deg C]
# name 12 = sigma-é00: Density [sigma-theta, kg/m^3]
# name 13 = n2satML/L: Nitrogen Saturation [ml/l]
# name 14 = par: PAR/Irradiance, Biospherical/Licor
# name 15 = flag:  0.000e+00
# span 0 =          1,        558       
# span 1 = 109.437037, 109.438649       
# span 2 =    0.00000,    0.03868       
# span 3 =     0.0000,     2.3208       
# span 4 =      0.000,    139.250       
# span 5 =     -0.069,     76.351       
# span 6 =    336.175,  51948.111       
# span 7 =     0.1548,    32.2458       
# span 8 =     4.0761,     5.6871       
# span 9 =     -0.068,     75.623       
# span 10 =    7.23850,    8.77090      
# span 11 =     4.0741,     5.6868      
# span 12 =     0.0761,    25.5457      
# span 13 =   12.95875,   15.97515      
# span 14 = 3.6382e-02, 1.0046e+03      
# span 15 = 0.0000e+00, 0.0000e+00      
# interval = seconds: 0.25
# start_time = Apr 19 2017 10:29:20 [Instrument's time stamp, header]
# bad_flag = -9.990e-29
*END*
          1 109.437037    0.00000     0.0000      0.000     -0.069    336.175     0.1548     5.6871     -0.068    8.77084     5.6868     0.0761   15.97506 9.8130e+02 0.0000e+00
          2 109.437040    0.00007     0.0042      0.250     -0.068    336.567     0.1550     5.6870     -0.067    8.77086     5.6867     0.0763   15.97510 8.2397e+02 0.0000e+00
          3 109.437043    0.00014     0.0083      0.500     -0.068    337.083     0.1553     5.6868     -0.067    8.77088     5.6866     0.0765   15.97514 6.4699e+02 0.0000e+00
          4 109.437046    0.00021     0.0125      0.750     -0.067    337.703     0.1556     5.6867     -0.066    8.77090     5.6865     0.0768   15.97515 5.1461e+02 0.0000e+00
          5 109.437049    0.00028     0.0167      1.000     -0.067    338.425     0.1560     5.6866     -0.066    8.77090     5.6863     0.0771   15.97515 4.3401e+02 0.0000e+00
          6 109.437052    0.00035     0.0208      1.250     -0.067    339.340     0.1566     5.6865     -0.066    8.77090     5.6862     0.0776   15.97513 3.9468e+02 0.0000e+00
          7 109.437054    0.00042     0.0250      1.500     -0.066    340.732     0.1575     5.6863     -0.065    8.77087     5.6862     0.0783   15.97508 3.9740e+02 0.0000e+00
          8 109.437057    0.00049     0.0292      1.750     -0.066    343.065     0.1589     5.6862     -0.065    8.77082     5.6861     0.0794   15.97497 4.5227e+02 0.0000e+00
          9 109.437060    0.00056     0.0333      2.000     -0.066    346.942     0.1612     5.6862     -0.065    8.77070     5.6860     0.0813   15.97475 5.7847e+02 0.0000e+00
         10 109.437063    0.00063     0.0375      2.250     -0.066    353.288     0.1651     5.6861     -0.065    8.77051     5.6858     0.0844   15.97436 7.4654e+02 0.0000e+00
         11 109.437066    0.00069     0.0417      2.500     -0.066    363.739     0.1715     5.6860     -0.065    8.77019     5.6855     0.0894   15.97373 8.8076e+02 0.0000e+00
         12 109.437069    0.00076     0.0458      2.750     -0.066    381.090     0.1822     5.6858     -0.065    8.76966     5.6851     0.0978   15.97269 9.4422e+02 0.0000e+00
         13 109.437072    0.00083     0.0500      3.000     -0.066    409.942     0.1999     5.6855     -0.065    8.76877     5.6844     0.1119   15.97095 9.4401e+02 0.0000e+00
         14 109.437075    0.00090     0.0542      3.250     -0.065    457.896     0.2294     5.6851     -0.064    8.76728     5.6832     0.1352   15.96804 8.8571e+02 0.0000e+00
         15 109.437078    0.00097     0.0583      3.500     -0.065    537.630     0.2784     5.6844     -0.064    8.76480     5.6811     0.1741   15.96319 7.8616e+02 0.0000e+00
         16 109.437080    0.00104     0.0625      3.750     -0.063    670.312     0.3600     5.6832     -0.063    8.76068     5.6777     0.2387   15.95512 7.0914e+02 0.0000e+00
         17 109.437083    0.00111     0.0667      4.000     -0.062    891.238     0.4960     5.6811     -0.061    8.75381     5.6719     0.3463   15.94168 7.2824e+02 0.0000e+00
         18 109.437086    0.00118     0.0708      4.250     -0.059   1259.235     0.7225     5.6777     -0.058    8.74238     5.6622     0.5255   15.91930 8.2060e+02 0.0000e+00
         19 109.437089    0.00125     0.0750      4.500     -0.054   1872.315     1.0998     5.6719     -0.053    8.72335     5.6456     0.8242   15.88205 8.9733e+02 0.0000e+00
         20 109.437092    0.00132     0.0792      4.750     -0.046   2893.845     1.7286     5.6622     -0.046    8.69168     5.6177     1.3220   15.82005 9.4056e+02 0.0000e+00
         21 109.437095    0.00139     0.0833      5.000     -0.033   4596.137     2.7765     5.6456     -0.033    8.63897     5.5707     2.1515   15.71681 9.7652e+02 0.0000e+00
         22 109.437098    0.00146     0.0875      5.250     -0.012   7433.071     4.5229     5.6177     -0.012    8.55119     5.4918     3.5339   15.54490 1.0001e+03 0.0000e+00
         23 109.437101    0.00153     0.0917      5.500      0.024  12161.128     7.4335     5.5707      0.024    8.40500     5.3680     5.8378   15.25854 1.0046e+03 0.0000e+00
         24 109.437104    0.00160     0.0958      5.750      0.082  19860.020    12.1919     5.4918      0.081    8.16681     5.2055     9.6039   14.79196 9.9193e+02 0.0000e+00
         25 109.437106    0.00167     0.1000      6.000      0.167  29552.313    18.2234     5.3680      0.165    7.87057     5.0341    14.3793   14.21068 9.5888e+02 0.0000e+00
         26 109.437109    0.00174     0.1042      6.250      0.272  37812.963    23.3958     5.2055      0.269    7.62812     4.8817    18.4807   13.73229 8.9633e+02 0.0000e+00
         27 109.437112    0.00181     0.1083      6.500      0.387  43164.417    26.7532     5.0341      0.384    7.48316     4.7605    21.1501   13.44277 7.8388e+02 0.0000e+00
         28 109.437115    0.00187     0.1125      6.750      0.505  46463.169    28.8171     4.8818      0.500    7.40242     4.6713    22.7962   13.27870 6.3185e+02 0.0000e+00
         29 109.437118    0.00194     0.1167      7.000      0.620  48502.016    30.0896     4.7606      0.614    7.35751     4.6094    23.8141   13.18566 4.9886e+02 0.0000e+00
         30 109.437121    0.00201     0.1208      7.250      0.732  49765.300    30.8767     4.6714      0.725    7.33231     4.5684    24.4453   13.13240 4.1817e+02 0.0000e+00
         31 109.437124    0.00208     0.1250      7.500      0.837  50549.593    31.3651     4.6095      0.830    7.31786     4.5418    24.8377   13.10136 3.7758e+02 0.0000e+00
         32 109.437127    0.00215     0.1292      7.750      0.934  51033.538    31.6664     4.5685      0.925    7.30947     4.5241    25.0801   13.08308 3.6041e+02 0.0000e+00
         33 109.437130    0.00222     0.1333      8.000      1.015  51328.658    31.8500     4.5419      1.005    7.30465     4.5120    25.2280   13.07244 3.6145e+02 0.0000e+00
         34 109.437133    0.00229     0.1375      8.250      1.075  51503.083    31.9580     4.5242      1.065    7.30217     4.5032    25.3151   13.06675 3.8164e+02 0.0000e+00
         35 109.437135    0.00236     0.1417      8.500      1.114  51594.277    32.0131     4.5120      1.103    7.30142     4.4965    25.3599   13.06470 4.1434e+02 0.0000e+00
         36 109.437138    0.00243     0.1458      8.750      1.137  51633.186    32.0350     4.5033      1.126    7.30178     4.4909    25.3781   13.06493 4.4158e+02 0.0000e+00
         37 109.437141    0.00250     0.1500      9.000      1.149  51648.403    32.0423     4.4966      1.138    7.30255     4.4860    25.3844   13.06606 4.6226e+02 0.0000e+00
         38 109.437144    0.00257     0.1542      9.250      1.155  51655.714    32.0450     4.4910      1.144    7.30337     4.4816    25.3871   13.06735 4.8339e+02 0.0000e+00
         39 109.437147    0.00264     0.1583      9.500      1.158  51660.806    32.0467     4.4860      1.148    7.30413     4.4781    25.3890   13.06857 5.0373e+02 0.0000e+00
         40 109.437150    0.00271     0.1625      9.750      1.160  51666.000    32.0490     4.4817      1.149    7.30476     4.4754    25.3912   13.06958 5.1806e+02 0.0000e+00
         41 109.437153    0.00278     0.1667     10.000      1.161  51672.033    32.0521     4.4782      1.150    7.30523     4.4734    25.3940   13.07030 5.1547e+02 0.0000e+00
         42 109.437156    0.00285     0.1708     10.250      1.161  51677.206    32.0549     4.4754      1.151    7.30557     4.4718    25.3965   13.07082 5.1189e+02 0.0000e+00
         43 109.437159    0.00292     0.1750     10.500      1.162  51678.798    32.0554     4.4734      1.152    7.30589     4.4702    25.3972   13.07135 5.1875e+02 0.0000e+00
         44 109.437161    0.00299     0.1792     10.750      1.164  51676.269    32.0533     4.4718      1.154    7.30627     4.4679    25.3956   13.07200 5.1516e+02 0.0000e+00
         45 109.437164    0.00306     0.1833     11.000      1.167  51671.330    32.0495     4.4702      1.157    7.30675     4.4649    25.3928   13.07284 5.0528e+02 0.0000e+00
         46 109.437167    0.00313     0.1875     11.250      1.170  51666.606    32.0457     4.4679      1.160    7.30733     4.4614    25.3900   13.07385 5.1506e+02 0.0000e+00
         47 109.437170    0.00319     0.1917     11.500      1.174  51663.977    32.0432     4.4649      1.164    7.30799     4.4581    25.3883   13.07497 5.4696e+02 0.0000e+00
         48 109.437173    0.00326     0.1958     11.750      1.178  51662.986    32.0417     4.4615      1.167    7.30866     4.4552    25.3875   13.07610 5.8808e+02 0.0000e+00
         49 109.437176    0.00333     0.2000     12.000      1.182  51662.722    32.0407     4.4582      1.171    7.30929     4.4527    25.3871   13.07715 6.2578e+02 0.0000e+00
         50 109.437179    0.00340     0.2042     12.250      1.185  51662.870    32.0402     4.4553      1.174    7.30984     4.4505    25.3869   13.07806 6.4926e+02 0.0000e+00
         51 109.437182    0.00347     0.2083     12.500      1.187  51663.154    32.0398     4.4528      1.176    7.31030     4.4487    25.3869   13.07883 6.6813e+02 0.0000e+00
         52 109.437185    0.00354     0.2125     12.750      1.188  51663.525    32.0395     4.4506      1.177    7.31070     4.4473    25.3869   13.07949 6.6542e+02 0.0000e+00
         53 109.437187    0.00361     0.2167     13.000      1.187  51663.951    32.0394     4.4488      1.176    7.31102     4.4464    25.3870   13.08002 6.1830e+02 0.0000e+00
         54 109.437190    0.00368     0.2208     13.250      1.185  51664.409    32.0394     4.4474      1.174    7.31126     4.4458    25.3871   13.08043 5.6320e+02 0.0000e+00
         55 109.437193    0.00375     0.2250     13.500      1.180  51664.786    32.0394     4.4465      1.169    7.31143     4.4455    25.3873   13.08071 5.2257e+02 0.0000e+00
         56 109.437196    0.00382     0.2292     13.750      1.174  51664.760    32.0393     4.4459      1.163    7.31154     4.4455    25.3872   13.08090 5.1239e+02 0.0000e+00
         57 109.437199    0.00389     0.2333     14.000      1.168  51664.234    32.0388     4.4456      1.157    7.31161     4.4458    25.3869   13.08101 5.3094e+02 0.0000e+00
         58 109.437202    0.00396     0.2375     14.250      1.163  51663.477    32.0383     4.4456      1.152    7.31163     4.4462    25.3865   13.08105 5.2551e+02 0.0000e+00
         59 109.437205    0.00403     0.2417     14.500      1.160  51662.878    32.0380     4.4458      1.149    7.31161     4.4466    25.3862   13.08102 4.9669e+02 0.0000e+00
         60 109.437208    0.00410     0.2458     14.750      1.159  51662.735    32.0380     4.4462      1.148    7.31154     4.4470    25.3861   13.08091 4.9190e+02 0.0000e+00
         61 109.437211    0.00417     0.2500     15.000      1.159  51663.036    32.0383     4.4466      1.148    7.31145     4.4471    25.3863   13.08075 5.1532e+02 0.0000e+00
         62 109.437214    0.00424     0.2542     15.250      1.159  51663.351    32.0386     4.4470      1.148    7.31137     4.4469    25.3865   13.08062 5.5060e+02 0.0000e+00
         63 109.437216    0.00431     0.2583     15.500      1.159  51663.194    32.0385     4.4472      1.148    7.31135     4.4465    25.3865   13.08058 5.7321e+02 0.0000e+00
         64 109.437219    0.00438     0.2625     15.750      1.160  51662.463    32.0380     4.4470      1.149    7.31140     4.4458    25.3860   13.08067 5.4540e+02 0.0000e+00
         65 109.437222    0.00444     0.2667     16.000      1.161  51661.545    32.0373     4.4466      1.150    7.31152     4.4449    25.3855   13.08088 4.9223e+02 0.0000e+00
         66 109.437225    0.00451     0.2708     16.250      1.163  51661.012    32.0367     4.4459      1.152    7.31167     4.4440    25.3851   13.08113 4.6516e+02 0.0000e+00
         67 109.437228    0.00458     0.2750     16.500      1.164  51661.214    32.0367     4.4450      1.154    7.31183     4.4430    25.3852   13.08139 4.7661e+02 0.0000e+00
         68 109.437231    0.00465     0.2792     16.750      1.166  51662.079    32.0371     4.4441      1.155    7.31197     4.4422    25.3856   13.08163 4.9031e+02 0.0000e+00
         69 109.437234    0.00472     0.2833     17.000      1.167  51663.150    32.0376     4.4431      1.156    7.31211     4.4416    25.3861   13.08185 4.6568e+02 0.0000e+00
         70 109.437237    0.00479     0.2875     17.250      1.167  51664.087    32.0380     4.4423      1.156    7.31224     4.4414    25.3865   13.08205 4.3392e+02 0.0000e+00
         71 109.437240    0.00486     0.2917     17.500      1.168  51664.906    32.0384     4.4417      1.157    7.31232     4.4414    25.3869   13.08217 4.0390e+02 0.0000e+00
         72 109.437242    0.00493     0.2958     17.750      1.169  51665.680    32.0389     4.4415      1.158    7.31234     4.4416    25.3873   13.08221 3.6621e+02 0.0000e+00
         73 109.437245    0.00500     0.3000     18.000      1.172  51666.468    32.0394     4.4415      1.161    7.31231     4.4418    25.3877   13.08215 3.4085e+02 0.0000e+00
         74 109.437248    0.00507     0.3042     18.250      1.177  51667.501    32.0402     4.4417      1.166    7.31224     4.4419    25.3883   13.08203 3.1385e+02 0.0000e+00
         75 109.437251    0.00514     0.3083     18.500      1.181  51669.203    32.0414     4.4419      1.170    7.31215     4.4418    25.3893   13.08186 2.8191e+02 0.0000e+00
         76 109.437254    0.00521     0.3125     18.750      1.185  51671.850    32.0433     4.4420      1.174    7.31204     4.4415    25.3908   13.08165 2.6257e+02 0.0000e+00
         77 109.437257    0.00528     0.3167     19.000      1.186  51675.082    32.0455     4.4419      1.175    7.31194     4.4411    25.3925   13.08146 2.5495e+02 0.0000e+00
         78 109.437260    0.00535     0.3208     19.250      1.183  51677.968    32.0474     4.4416      1.172    7.31189     4.4404    25.3941   13.08136 2.6256e+02 0.0000e+00
         79 109.437263    0.00542     0.3250     19.500      1.176  51679.748    32.0485     4.4411      1.165    7.31193     4.4396    25.3950   13.08140 2.9081e+02 0.0000e+00
         80 109.437266    0.00549     0.3292     19.750      1.167  51680.487    32.0488     4.4405      1.156    7.31203     4.4388    25.3953   13.08157 3.0015e+02 0.0000e+00
         81 109.437269    0.00556     0.3333     20.000      1.159  51680.978    32.0490     4.4397      1.148    7.31216     4.4380    25.3955   13.08179 2.5831e+02 0.0000e+00
         82 109.437271    0.00562     0.3375     20.250      1.153  51682.234    32.0497     4.4388      1.142    7.31228     4.4372    25.3961   13.08197 2.0461e+02 0.0000e+00
         83 109.437274    0.00569     0.3417     20.500      1.150  51684.924    32.0513     4.4380      1.139    7.31234     4.4366    25.3975   13.08204 1.6697e+02 0.0000e+00
         84 109.437277    0.00576     0.3458     20.750      1.150  51689.102    32.0540     4.4373      1.139    7.31233     4.4361    25.3997   13.08200 1.3988e+02 0.0000e+00
         85 109.437280    0.00583     0.3500     21.000      1.153  51694.523    32.0576     4.4367      1.142    7.31226     4.4359    25.4026   13.08184 1.2238e+02 0.0000e+00
         86 109.437283    0.00590     0.3542     21.250      1.159  51700.961    32.0619     4.4362      1.148    7.31213     4.4358    25.4061   13.08157 1.1150e+02 0.0000e+00
         87 109.437286    0.00597     0.3583     21.500      1.166  51707.960    32.0666     4.4360      1.155    7.31195     4.4360    25.4099   13.08120 1.0427e+02 0.0000e+00
         88 109.437289    0.00604     0.3625     21.750      1.171  51714.536    32.0711     4.4359      1.161    7.31174     4.4362    25.4134   13.08080 9.8680e+01 0.0000e+00
         89 109.437292    0.00611     0.3667     22.000      1.176  51719.480    32.0745     4.4361      1.165    7.31155     4.4364    25.4161   13.08044 9.4200e+01 0.0000e+00
         90 109.437295    0.00618     0.3708     22.250      1.178  51721.501    32.0759     4.4363      1.167    7.31144     4.4367    25.4173   13.08024 9.1251e+01 0.0000e+00
