CTD-processing/allCTD/CNV--turbid/2017_11-02_alongbay_skb05_cast090.cnv
* Sea-Bird SBE19plus Data File:
* FileName = C:\Users\Kim.Powell\Desktop\Not Processed\2017\2017_11-02_\2017_11-02_TRANSECT_STATION_cast090.hex
* Software Version 1.59
* Temperature SN =  4141
* Conductivity SN =  4141
* System UpLoad Time = Nov 07 2017 08:28:46
** 2017_11-02
** Station: KB05
** Start Time: 16:55
** Depth (m): 170.7
** Comment: Edgecumbe
** Comment:
# nquan = 16
# nvalues = 1155                        
# units = specified
# name 0 = scan: Scan Count
# name 1 = timeJ: Julian Days
# name 2 = timeH: Time, Elapsed [hours]
# name 3 = timeM: Time, Elapsed [minutes]
# name 4 = timeS: Time, Elapsed [seconds]
# name 5 = prdM: Pressure, Strain Gauge [db]
# name 6 = specc: Specific Conductance [uS/cm]
# name 7 = sal00: Salinity, Practical [PSU]
# name 8 = tv290C: Temperature [ITS-90, deg C]
# name 9 = depSM: Depth [salt water, m], lat = 59.00
# name 10 = oxsolML/L: Oxygen Saturation, Garcia & Gordon [ml/l]
# name 11 = potemp090C: Potential Temperature [ITS-90, deg C]
# name 12 = sigma-é00: Density [sigma-theta, kg/m^3]
# name 13 = n2satML/L: Nitrogen Saturation [ml/l]
# name 14 = par: PAR/Irradiance, Biospherical/Licor
# name 15 = flag:  0.000e+00
# span 0 =          1,       1155       
# span 1 = 306.703912, 306.707251       
# span 2 =    0.00000,    0.08014       
# span 3 =     0.0000,     4.8083       
# span 4 =      0.000,    288.500       
# span 5 =      0.275,    164.028       
# span 6 =  11949.905,  48933.197       
# span 7 =     7.2565,    30.9381       
# span 8 =     7.6704,     9.2506       
# span 9 =      0.273,    162.431       
# span 10 =    6.58932,    7.99175      
# span 11 =     7.7743,     9.2340      
# span 12 =     5.5632,    23.9034      
# span 13 =   11.90080,   14.56672      
# span 14 = 4.0052e-02, 1.3513e+02      
# span 15 = 0.0000e+00, 0.0000e+00      
# interval = seconds: 0.25
# start_time = Nov 02 2017 16:53:38 [Instrument's time stamp, header]
# bad_flag = -9.990e-29
*END*
[from data line 91]
         92 306.704175    0.00632     0.3792     22.750      1.367  47668.771    30.0045     8.4047      1.354    6.75595     8.4068    23.2964   12.18819 6.4915e+01 0.0000e+00
         93 306.704178    0.00639     0.3833     23.000      1.358  47676.506    30.0101     8.4061      1.345    6.75550     8.4070    23.3006   12.18737 6.7311e+01 0.0000e+00
         94 306.704181    0.00646     0.3875     23.250      1.352  47681.770    30.0139     8.4069      1.339    6.75519     8.4066    23.3034   12.18682 7.1122e+01 0.0000e+00
         95 306.704184    0.00653     0.3917     23.500      1.349  47683.387    30.0151     8.4072      1.336    6.75511     8.4057    23.3043   12.18666 7.4218e+01 0.0000e+00
         96 306.704187    0.00660     0.3958     23.750      1.349  47681.340    30.0136     8.4068      1.337    6.75524     8.4045    23.3032   12.18689 7.5236e+01 0.0000e+00
         97 306.704190    0.00667     0.4000     24.000      1.352  47675.786    30.0096     8.4059      1.339    6.75555     8.4031    23.3002   12.18746 7.4410e+01 0.0000e+00
         98 306.704193    0.00674     0.4042     24.250      1.355  47666.783    30.0032     8.4047      1.342    6.75601     8.4015    23.2953   12.18831 7.2834e+01 0.0000e+00
         99 306.704196    0.00681     0.4083     24.500      1.358  47655.300    29.9950     8.4032      1.345    6.75660     8.4001    23.2891   12.18938 7.3440e+01 0.0000e+00
        100 306.704198    0.00688     0.4125     24.750      1.359  47643.517    29.9865     8.4016      1.346    6.75720     8.3989    23.2828   12.19049 7.6058e+01 0.0000e+00
        101 306.704201    0.00694     0.4167     25.000      1.359  47633.128    29.9791     8.4002      1.346    6.75775     8.3981    23.2771   12.19149 7.7020e+01 0.0000e+00
        102 306.704204    0.00701     0.4208     25.250      1.358  47624.486    29.9729     8.3990      1.346    6.75820     8.3974    23.2725   12.19231 7.6762e+01 0.0000e+00
        103 306.704207    0.00708     0.4250     25.500      1.357  47617.485    29.9679     8.3982      1.345    6.75854     8.3969    23.2687   12.19294 7.6895e+01 0.0000e+00
        104 306.704210    0.00715     0.4292     25.750      1.355  47612.035    29.9640     8.3976      1.343    6.75881     8.3963    23.2657   12.19343 7.5329e+01 0.0000e+00
        105 306.704213    0.00722     0.4333     26.000      1.354  47607.974    29.9611     8.3970      1.342    6.75903     8.3956    23.2635   12.19382 7.2577e+01 0.0000e+00
        106 306.704216    0.00729     0.4375     26.250      1.354  47604.995    29.9590     8.3964      1.342    6.75922     8.3949    23.2619   12.19416 7.3584e+01 0.0000e+00
        107 306.704219    0.00736     0.4417     26.500      1.355  47602.227    29.9569     8.3957      1.343    6.75941     8.3942    23.2604   12.19450 7.8118e+01 0.0000e+00
        108 306.704222    0.00743     0.4458     26.750      1.357  47598.342    29.9541     8.3950      1.345    6.75964     8.3936    23.2583   12.19491 7.9720e+01 0.0000e+00
        109 306.704225    0.00750     0.4500     27.000      1.360  47593.429    29.9506     8.3943      1.347    6.75990     8.3931    23.2557   12.19539 7.6395e+01 0.0000e+00
        110 306.704227    0.00757     0.4542     27.250      1.363  47589.243    29.9476     8.3937      1.350    6.76012     8.3925    23.2534   12.19580 7.2345e+01 0.0000e+00
        111 306.704230    0.00764     0.4583     27.500      1.367  47586.930    29.9459     8.3932      1.354    6.76028     8.3915    23.2522   12.19608 7.0661e+01 0.0000e+00
        112 306.704233    0.00771     0.4625     27.750      1.373  47586.644    29.9456     8.3926      1.361    6.76038     8.3901    23.2520   12.19626 7.0421e+01 0.0000e+00
        113 306.704236    0.00778     0.4667     28.000      1.381  47588.080    29.9465     8.3917      1.368    6.76049     8.3878    23.2528   12.19642 7.0271e+01 0.0000e+00
        114 306.704239    0.00785     0.4708     28.250      1.388  47589.195    29.9471     8.3902      1.375    6.76069     8.3841    23.2535   12.19675 7.1260e+01 0.0000e+00
        115 306.704242    0.00792     0.4750     28.500      1.390  47587.994    29.9459     8.3879      1.377    6.76109     8.3784    23.2529   12.19743 7.4813e+01 0.0000e+00
        116 306.704245    0.00799     0.4792     28.750      1.384  47587.009    29.9447     8.3843      1.371    6.76170     8.3703    23.2525   12.19844 8.1681e+01 0.0000e+00
        117 306.704248    0.00806     0.4833     29.000      1.372  47591.607    29.9471     8.3786      1.359    6.76246     8.3606    23.2552   12.19968 9.0063e+01 0.0000e+00
        118 306.704251    0.00813     0.4875     29.250      1.359  47605.118    29.9553     8.3704      1.346    6.76335     8.3518    23.2628   12.20105 9.5799e+01 0.0000e+00
        119 306.704253    0.00819     0.4917     29.500      1.351  47626.854    29.9691     8.3607      1.338    6.76422     8.3461    23.2749   12.20233 9.6291e+01 0.0000e+00
        120 306.704256    0.00826     0.4958     29.750      1.353  47651.859    29.9852     8.3519      1.340    6.76486     8.3449    23.2888   12.20318 9.1099e+01 0.0000e+00
        121 306.704259    0.00833     0.5000     30.000      1.362  47672.822    29.9990     8.3463      1.349    6.76512     8.3477    23.3004   12.20345 8.3504e+01 0.0000e+00
        122 306.704262    0.00840     0.5042     30.250      1.376  47683.727    30.0064     8.3450      1.363    6.76499     8.3529    23.3064   12.20314 7.7868e+01 0.0000e+00
        123 306.704265    0.00847     0.5083     30.500      1.387  47682.628    30.0060     8.3478      1.374    6.76457     8.3588    23.3057   12.20245 7.3827e+01 0.0000e+00
        124 306.704268    0.00854     0.5125     30.750      1.391  47672.305    29.9996     8.3530      1.378    6.76406     8.3644    23.2999   12.20168 6.9236e+01 0.0000e+00
        125 306.704271    0.00861     0.5167     31.000      1.387  47659.033    29.9912     8.3589      1.374    6.76353     8.3697    23.2925   12.20091 6.4660e+01 0.0000e+00
        126 306.704274    0.00868     0.5208     31.250      1.375  47649.204    29.9852     8.3645      1.362    6.76293     8.3745    23.2870   12.19999 6.2913e+01 0.0000e+00
        127 306.704277    0.00875     0.5250     31.500      1.363  47646.296    29.9839     8.3698      1.350    6.76218     8.3788    23.2853   12.19877 6.4855e+01 0.0000e+00
        128 306.704280    0.00882     0.5292     31.750      1.354  47649.688    29.9870     8.3746      1.341    6.76132     8.3831    23.2870   12.19730 6.9017e+01 0.0000e+00
        129 306.704282    0.00889     0.5333     32.000      1.350  47655.386    29.9916     8.3789      1.338    6.76045     8.3875    23.2899   12.19581 7.2766e+01 0.0000e+00
        130 306.704285    0.00896     0.5375     32.250      1.352  47659.200    29.9948     8.3832      1.339    6.75966     8.3919    23.2919   12.19445 7.2699e+01 0.0000e+00
        131 306.704288    0.00903     0.5417     32.500      1.356  47659.129    29.9954     8.3876      1.343    6.75896     8.3961    23.2917   12.19329 6.8945e+01 0.0000e+00
        132 306.704291    0.00910     0.5458     32.750      1.361  47655.479    29.9935     8.3920      1.349    6.75837     8.3997    23.2896   12.19233 6.4035e+01 0.0000e+00
        133 306.704294    0.00917     0.5500     33.000      1.367  47649.355    29.9898     8.3962      1.354    6.75790     8.4026    23.2861   12.19160 6.0277e+01 0.0000e+00
        134 306.704297    0.00924     0.5542     33.250      1.371  47641.055    29.9845     8.3998      1.358    6.75757     8.4045    23.2815   12.19112 5.9278e+01 0.0000e+00
        135 306.704300    0.00931     0.5583     33.500      1.373  47630.064    29.9773     8.4028      1.360    6.75744     8.4050    23.2754   12.19099 6.1008e+01 0.0000e+00
        136 306.704303    0.00937     0.5625     33.750      1.373  47616.722    29.9683     8.4046      1.360    6.75755     8.4038    23.2681   12.19129 6.3170e+01 0.0000e+00
        137 306.704306    0.00944     0.5667     34.000      1.369  47603.516    29.9592     8.4051      1.356    6.75789     8.4009    23.2609   12.19196 6.3120e+01 0.0000e+00
        138 306.704308    0.00951     0.5708     34.250      1.362  47593.511    29.9520     8.4039      1.349    6.75838     8.3968    23.2554   12.19286 6.1777e+01 0.0000e+00
        139 306.704311    0.00958     0.5750     34.500      1.355  47588.950    29.9484     8.4010      1.342    6.75897     8.3920    23.2530   12.19388 6.1595e+01 0.0000e+00
        140 306.704314    0.00965     0.5792     34.750      1.348  47590.898    29.9492     8.3969      1.336    6.75957     8.3874    23.2542   12.19486 6.2951e+01 0.0000e+00
        141 306.704317    0.00972     0.5833     35.000      1.345  47598.035    29.9535     8.3921      1.332    6.76011     8.3835    23.2582   12.19570 6.5769e+01 0.0000e+00
        142 306.704320    0.00979     0.5875     35.250      1.345  47607.049    29.9591     8.3876      1.332    6.76056     8.3805    23.2633   12.19638 6.9799e+01 0.0000e+00
        143 306.704323    0.00986     0.5917     35.500      1.348  47614.440    29.9637     8.3837      1.336    6.76095     8.3782    23.2674   12.19698 7.3021e+01 0.0000e+00
        144 306.704326    0.00993     0.5958     35.750      1.354  47617.846    29.9656     8.3806      1.341    6.76133     8.3764    23.2694   12.19759 7.3262e+01 0.0000e+00
        145 306.704329    0.01000     0.6000     36.000      1.361  47616.795    29.9646     8.3784      1.348    6.76173     8.3747    23.2689   12.19825 7.0870e+01 0.0000e+00
        146 306.704332    0.01007     0.6042     36.250      1.367  47612.563    29.9614     8.3765      1.354    6.76215     8.3731    23.2667   12.19899 6.8451e+01 0.0000e+00
        147 306.704334    0.01014     0.6083     36.500      1.370  47607.209    29.9574     8.3749      1.357    6.76258     8.3717    23.2638   12.19975 6.6514e+01 0.0000e+00
        148 306.704337    0.01021     0.6125     36.750      1.371  47602.323    29.9538     8.3733      1.358    6.76298     8.3704    23.2612   12.20046 6.4450e+01 0.0000e+00
        149 306.704340    0.01028     0.6167     37.000      1.368  47598.481    29.9509     8.3718      1.355    6.76333     8.3693    23.2591   12.20107 6.3050e+01 0.0000e+00
        150 306.704343    0.01035     0.6208     37.250      1.363  47595.693    29.9488     8.3705      1.350    6.76362     8.3684    23.2576   12.20157 6.3511e+01 0.0000e+00
        151 306.704346    0.01042     0.6250     37.500      1.355  47593.855    29.9473     8.3694      1.343    6.76385     8.3676    23.2567   12.20196 6.7838e+01 0.0000e+00
        152 306.704349    0.01049     0.6292     37.750      1.348  47592.902    29.9465     8.3685      1.335    6.76402     8.3669    23.2562   12.20226 7.6952e+01 0.0000e+00
        153 306.704352    0.01056     0.6333     38.000      1.342  47592.814    29.9464     8.3677      1.330    6.76415     8.3662    23.2561   12.20248 8.7425e+01 0.0000e+00
        154 306.704355    0.01063     0.6375     38.250      1.339  47593.449    29.9467     8.3670      1.327    6.76425     8.3655    23.2565   12.20264 9.1797e+01 0.0000e+00
        155 306.704358    0.01069     0.6417     38.500      1.340  47594.538    29.9474     8.3663      1.327    6.76433     8.3649    23.2571   12.20276 8.7810e+01 0.0000e+00
        156 306.704361    0.01076     0.6458     38.750      1.344  47595.928    29.9482     8.3656      1.331    6.76439     8.3644    23.2579   12.20286 8.1810e+01 0.0000e+00
        157 306.704363    0.01083     0.6500     39.000      1.351  47597.542    29.9493     8.3650      1.338    6.76444     8.3639    23.2588   12.20292 7.7914e+01 0.0000e+00
        158 306.704366    0.01090     0.6542     39.250      1.361  47599.069    29.9502     8.3645      1.348    6.76447     8.3635    23.2597   12.20297 7.4293e+01 0.0000e+00
        159 306.704369    0.01097     0.6583     39.500      1.370  47599.627    29.9506     8.3641      1.357    6.76453     8.3631    23.2600   12.20306 6.9667e+01 0.0000e+00
        160 306.704372    0.01104     0.6625     39.750      1.376  47597.994    29.9494     8.3636      1.363    6.76464     8.3625    23.2591   12.20326 6.5300e+01 0.0000e+00
        161 306.704375    0.01111     0.6667     40.000      1.377  47593.989    29.9466     8.3632      1.364    6.76483     8.3618    23.2569   12.20362 6.2317e+01 0.0000e+00
        162 306.704378    0.01118     0.6708     40.250      1.372  47589.173    29.9431     8.3626      1.359    6.76507     8.3608    23.2543   12.20405 6.1461e+01 0.0000e+00
        163 306.704381    0.01125     0.6750     40.500      1.364  47585.254    29.9403     8.3619      1.352    6.76531     8.3593    23.2522   12.20448 6.3140e+01 0.0000e+00
        164 306.704384    0.01132     0.6792     40.750      1.356  47582.842    29.9385     8.3609      1.343    6.76554     8.3573    23.2509   12.20489 6.7313e+01 0.0000e+00
        165 306.704387    0.01139     0.6833     41.000      1.348  47582.041    29.9377     8.3595      1.336    6.76579     8.3544    23.2505   12.20532 7.1769e+01 0.0000e+00
        166 306.704389    0.01146     0.6875     41.250      1.343  47583.149    29.9382     8.3574      1.331    6.76609     8.3509    23.2512   12.20580 7.3744e+01 0.0000e+00
        167 306.704392    0.01153     0.6917     41.500      1.341  47586.724    29.9403     8.3545      1.329    6.76644     8.3474    23.2533   12.20635 7.2898e+01 0.0000e+00
        168 306.704395    0.01160     0.6958     41.750      1.343  47593.115    29.9442     8.3510      1.330    6.76681     8.3446    23.2569   12.20691 7.0018e+01 0.0000e+00
        169 306.704398    0.01167     0.7000     42.000      1.349  47601.728    29.9497     8.3475      1.336    6.76710     8.3429    23.2617   12.20733 6.8140e+01 0.0000e+00
        170 306.704401    0.01174     0.7042     42.250      1.359  47610.906    29.9557     8.3447      1.346    6.76725     8.3418    23.2668   12.20751 6.8502e+01 0.0000e+00
        171 306.704404    0.01181     0.7083     42.500      1.371  47618.373    29.9606     8.3430      1.358    6.76730     8.3406    23.2709   12.20752 6.8871e+01 0.0000e+00
        172 306.704407    0.01188     0.7125     42.750      1.382  47621.854    29.9629     8.3419      1.369    6.76737     8.3385    23.2728   12.20761 6.9318e+01 0.0000e+00
        173 306.704410    0.01194     0.7167     43.000      1.388  47621.010    29.9621     8.3407      1.375    6.76759     8.3347    23.2724   12.20798 6.9550e+01 0.0000e+00
        174 306.704413    0.01201     0.7208     43.250      1.386  47619.158    29.9606     8.3386      1.374    6.76798     8.3287    23.2714   12.20865 6.7654e+01 0.0000e+00
        175 306.704416    0.01208     0.7250     43.500      1.378  47621.515    29.9617     8.3349      1.366    6.76851     8.3210    23.2728   12.20951 6.4966e+01 0.0000e+00
        176 306.704418    0.01215     0.7292     43.750      1.366  47632.087    29.9682     8.3289      1.354    6.76914     8.3136    23.2787   12.21048 6.3216e+01 0.0000e+00
        177 306.704421    0.01222     0.7333     44.000      1.356  47651.869    29.9808     8.3211      1.344    6.76976     8.3089    23.2898   12.21136 6.2657e+01 0.0000e+00
        178 306.704424    0.01229     0.7375     44.250      1.352  47677.603    29.9977     8.3137      1.339    6.77016     8.3086    23.3040   12.21180 6.4799e+01 0.0000e+00
        179 306.704427    0.01236     0.7417     44.500      1.355  47702.852    30.0146     8.3090      1.342    6.77014     8.3136    23.3179   12.21156 6.9689e+01 0.0000e+00
        180 306.704430    0.01243     0.7458     44.750      1.363  47721.585    30.0276     8.3088      1.351    6.76961     8.3231    23.3281   12.21052 7.3077e+01 0.0000e+00
