CTD-processing/allCTD/CNV--turbid/2017_07-25_t4_s08_cast231.cnv
* Sea-Bird SBE19plus Data File:
* FileName = P:\My Documents\kasitsna\Research-KBL\Oceanography-AK\CTD-Data-ALL-to-2017-02\2017-CTD-KachemakBay-CookInlet\2017-07-25-CookInlet-Tran4-Barabara\2017-07-25-CookInlet-Tran4-cast231.hex
* Software Version 1.59
* Temperature SN =  4141
* Conductivity SN =  4141
* System UpLoad Time = Jul 25 2017 19:47:00
** Cook Inlet LTM Transect 4 Barabara south to north
** Date: 2017-07-25
** Station: (eg. 9-01): 4-08
** Start time (AKDT): 11:41
** Depth (m): 25
** Comment: R/V Edgecumbe.  Quarterly survey.
** Comment:
# nquan = 16
# nvalues = 386                         
# units = specified
# name 0 = scan: Scan Count
# name 1 = timeJ: Julian Days
# name 2 = timeH: Time, Elapsed [hours]
# name 3 = timeM: Time, Elapsed [minutes]
# name 4 = timeS: Time, Elapsed [seconds]
# name 5 = prdM: Pressure, Strain Gauge [db]
# name 6 = specc: Specific Conductance [uS/cm]
# name 7 = sal00: Salinity, Practical [PSU]
# name 8 = tv290C: Temperature [ITS-90, deg C]
# name 9 = depSM: Depth [salt water, m], lat = 59.00
# name 10 = oxsolML/L: Oxygen Saturation, Garcia & Gordon [ml/l]
# name 11 = potemp090C: Potential Temperature [ITS-90, deg C]
# name 12 = sigma-é00: Density [sigma-theta, kg/m^3]
# name 13 = n2satML/L: Nitrogen Saturation [ml/l]
# name 14 = par: PAR/Irradiance, Biospherical/Licor
# name 15 = flag:  0.000e+00
# span 0 =          1,        386       
# span 1 = 206.487164, 206.488278       
# span 2 =    0.00000,    0.02674       
# span 3 =     0.0000,     1.6042       
# span 4 =      0.000,     96.250       
# span 5 =      0.751,     23.579       
# span 6 =  44996.083,  49837.671       
# span 7 =    28.5222,    31.6711       
# span 8 =     9.5267,    11.7283       
# span 9 =      0.744,     23.357       
# span 10 =    6.33195,    6.51833      
# span 11 =     9.5242,    11.6993      
# span 12 =    21.6119,    24.4306      
# span 13 =   11.49776,   11.77440      
# span 14 = 5.6804e-01, 2.3489e+02      
# span 15 = 0.0000e+00, 0.0000e+00      
# interval = seconds: 0.25
# start_time = Jul 25 2017 11:41:31 [Instrument's time stamp, header]
# bad_flag = -9.990e-29
*END*
[from data line 91]
         92 206.487428    0.00632     0.3792     22.750      0.766  45638.642    28.9632    11.6179      0.760    6.33755    11.6198    21.9731   11.50692 2.0685e+02 0.0000e+00
         93 206.487431    0.00639     0.3833     23.000      0.766  45634.437    28.9604    11.6198      0.759    6.33740    11.6189    21.9706   11.50671 2.0521e+02 0.0000e+00
         94 206.487433    0.00646     0.3875     23.250      0.773  45635.407    28.9611    11.6199      0.766    6.33736    11.6183    21.9711   11.50665 2.0401e+02 0.0000e+00
         95 206.487436    0.00653     0.3917     23.500      0.781  45640.124    28.9643    11.6190      0.774    6.33735    11.6190    21.9738   11.50659 2.0352e+02 0.0000e+00
         96 206.487439    0.00660     0.3958     23.750      0.788  45645.270    28.9678    11.6184      0.780    6.33729    11.6214    21.9766   11.50645 2.0401e+02 0.0000e+00
         97 206.487442    0.00667     0.4000     24.000      0.790  45647.687    28.9696    11.6191      0.782    6.33712    11.6249    21.9779   11.50615 2.0563e+02 0.0000e+00
         98 206.487445    0.00674     0.4042     24.250      0.788  45645.905    28.9686    11.6215      0.781    6.33684    11.6282    21.9767   11.50569 2.0697e+02 0.0000e+00
         99 206.487448    0.00681     0.4083     24.500      0.785  45640.596    28.9652    11.6250      0.778    6.33650    11.6304    21.9734   11.50517 2.0706e+02 0.0000e+00
        100 206.487451    0.00688     0.4125     24.750      0.783  45634.149    28.9610    11.6283      0.775    6.33623    11.6314    21.9696   11.50476 2.0685e+02 0.0000e+00
        101 206.487454    0.00694     0.4167     25.000      0.783  45629.245    28.9577    11.6305      0.775    6.33605    11.6316    21.9667   11.50451 2.0704e+02 0.0000e+00
        102 206.487457    0.00701     0.4208     25.250      0.784  45627.490    28.9566    11.6315      0.776    6.33596    11.6314    21.9657   11.50437 2.0756e+02 0.0000e+00
        103 206.487459    0.00708     0.4250     25.500      0.785  45628.868    28.9576    11.6317      0.778    6.33589    11.6311    21.9664   11.50425 2.0845e+02 0.0000e+00
        104 206.487462    0.00715     0.4292     25.750      0.785  45632.024    28.9598    11.6315      0.778    6.33583    11.6309    21.9681   11.50413 2.0945e+02 0.0000e+00
        105 206.487465    0.00722     0.4333     26.000      0.785  45635.244    28.9620    11.6312      0.777    6.33579    11.6312    21.9699   11.50402 2.0934e+02 0.0000e+00
        106 206.487468    0.00729     0.4375     26.250      0.784  45637.354    28.9635    11.6310      0.777    6.33575    11.6318    21.9711   11.50394 2.0876e+02 0.0000e+00
        107 206.487471    0.00736     0.4417     26.500      0.785  45637.822    28.9638    11.6313      0.778    6.33570    11.6326    21.9713   11.50386 2.0954e+02 0.0000e+00
        108 206.487474    0.00743     0.4458     26.750      0.787  45636.808    28.9632    11.6319      0.780    6.33565    11.6334    21.9707   11.50378 2.1107e+02 0.0000e+00
        109 206.487477    0.00750     0.4500     27.000      0.791  45635.149    28.9621    11.6327      0.784    6.33558    11.6343    21.9697   11.50368 2.1245e+02 0.0000e+00
        110 206.487480    0.00757     0.4542     27.250      0.796  45633.868    28.9613    11.6335      0.789    6.33550    11.6351    21.9689   11.50356 2.1359e+02 0.0000e+00
        111 206.487483    0.00764     0.4583     27.500      0.799  45633.676    28.9612    11.6344      0.792    6.33539    11.6358    21.9687   11.50337 2.1503e+02 0.0000e+00
        112 206.487486    0.00771     0.4625     27.750      0.797  45634.436    28.9618    11.6352      0.790    6.33526    11.6365    21.9691   11.50314 2.1829e+02 0.0000e+00
        113 206.487488    0.00778     0.4667     28.000      0.791  45635.057    28.9623    11.6359      0.784    6.33514    11.6372    21.9693   11.50293 2.2371e+02 0.0000e+00
        114 206.487491    0.00785     0.4708     28.250      0.782  45634.510    28.9620    11.6366      0.775    6.33505    11.6378    21.9690   11.50280 2.2953e+02 0.0000e+00
        115 206.487494    0.00792     0.4750     28.500      0.776  45632.699    28.9608    11.6373      0.769    6.33501    11.6381    21.9679   11.50274 2.3360e+02 0.0000e+00
        116 206.487497    0.00799     0.4792     28.750      0.775  45630.468    28.9593    11.6379      0.768    6.33499    11.6382    21.9666   11.50273 2.3489e+02 0.0000e+00
        117 206.487500    0.00806     0.4833     29.000      0.781  45629.393    28.9586    11.6382      0.774    6.33498    11.6383    21.9660   11.50271 2.3375e+02 0.0000e+00
        118 206.487503    0.00813     0.4875     29.250      0.790  45630.758    28.9595    11.6383      0.782    6.33493    11.6389    21.9667   11.50261 2.3177e+02 0.0000e+00
        119 206.487506    0.00819     0.4917     29.500      0.795  45633.869    28.9617    11.6384      0.787    6.33483    11.6403    21.9684   11.50242 2.3116e+02 0.0000e+00
        120 206.487509    0.00826     0.4958     29.750      0.793  45636.254    28.9635    11.6390      0.786    6.33468    11.6426    21.9697   11.50216 2.3211e+02 0.0000e+00
        121 206.487512    0.00833     0.5000     30.000      0.786  45635.773    28.9633    11.6404      0.779    6.33449    11.6449    21.9693   11.50185 2.3186e+02 0.0000e+00
        122 206.487514    0.00840     0.5042     30.250      0.778  45631.948    28.9608    11.6427      0.771    6.33429    11.6464    21.9670   11.50154 2.2834e+02 0.0000e+00
        123 206.487517    0.00847     0.5083     30.500      0.774  45626.269    28.9570    11.6450      0.766    6.33412    11.6466    21.9636   11.50132 2.2162e+02 0.0000e+00
        124 206.487520    0.00854     0.5125     30.750      0.776  45621.529    28.9538    11.6465      0.769    6.33405    11.6457    21.9609   11.50123 2.1313e+02 0.0000e+00
        125 206.487523    0.00861     0.5167     31.000      0.784  45620.083    28.9528    11.6467      0.776    6.33406    11.6442    21.9601   11.50125 2.0504e+02 0.0000e+00
        126 206.487526    0.00868     0.5208     31.250      0.791  45622.487    28.9544    11.6458      0.784    6.33412    11.6431    21.9615   11.50134 1.9896e+02 0.0000e+00
        127 206.487529    0.00875     0.5250     31.500      0.795  45627.117    28.9575    11.6443      0.788    6.33419    11.6430    21.9641   11.50142 1.9554e+02 0.0000e+00
        128 206.487532    0.00882     0.5292     31.750      0.793  45631.177    28.9603    11.6432      0.785    6.33423    11.6442    21.9665   11.50145 1.9393e+02 0.0000e+00
        129 206.487535    0.00889     0.5333     32.000      0.786  45632.313    28.9611    11.6431      0.779    6.33421    11.6458    21.9671   11.50140 1.9276e+02 0.0000e+00
        130 206.487538    0.00896     0.5375     32.250      0.780  45629.934    28.9595    11.6443      0.772    6.33411    11.6470    21.9657   11.50127 1.9154e+02 0.0000e+00
        131 206.487541    0.00903     0.5417     32.500      0.776  45625.811    28.9568    11.6459      0.768    6.33400    11.6475    21.9633   11.50112 1.9098e+02 0.0000e+00
        132 206.487543    0.00910     0.5458     32.750      0.774  45622.486    28.9546    11.6471      0.767    6.33393    11.6474    21.9613   11.50102 1.9270e+02 0.0000e+00
        133 206.487546    0.00917     0.5500     33.000      0.775  45621.323    28.9538    11.6476      0.768    6.33389    11.6470    21.9606   11.50097 1.9647e+02 0.0000e+00
        134 206.487549    0.00924     0.5542     33.250      0.778  45622.380    28.9545    11.6475      0.771    6.33388    11.6465    21.9612   11.50094 2.0127e+02 0.0000e+00
        135 206.487552    0.00931     0.5583     33.500      0.783  45624.898    28.9563    11.6471      0.776    6.33387    11.6462    21.9627   11.50090 2.0677e+02 0.0000e+00
        136 206.487555    0.00937     0.5625     33.750      0.789  45627.843    28.9583    11.6466      0.781    6.33385    11.6460    21.9643   11.50084 2.1187e+02 0.0000e+00
        137 206.487558    0.00944     0.5667     34.000      0.795  45630.495    28.9601    11.6463      0.787    6.33382    11.6461    21.9658   11.50078 2.1591e+02 0.0000e+00
        138 206.487561    0.00951     0.5708     34.250      0.799  45632.492    28.9615    11.6461      0.791    6.33379    11.6465    21.9669   11.50071 2.1897e+02 0.0000e+00
        139 206.487564    0.00958     0.5750     34.500      0.800  45633.437    28.9622    11.6462      0.792    6.33376    11.6471    21.9674   11.50064 2.2132e+02 0.0000e+00
        140 206.487567    0.00965     0.5792     34.750      0.799  45632.965    28.9619    11.6466      0.791    6.33371    11.6477    21.9671   11.50057 2.2260e+02 0.0000e+00
        141 206.487569    0.00972     0.5833     35.000      0.796  45631.255    28.9607    11.6472      0.789    6.33367    11.6480    21.9661   11.50052 2.2251e+02 0.0000e+00
        142 206.487572    0.00979     0.5875     35.250      0.794  45629.195    28.9593    11.6478      0.786    6.33365    11.6481    21.9649   11.50051 2.2144e+02 0.0000e+00
        143 206.487575    0.00986     0.5917     35.500      0.791  45627.870    28.9584    11.6481      0.783    6.33365    11.6481    21.9642   11.50051 2.1961e+02 0.0000e+00
        144 206.487578    0.00993     0.5958     35.750      0.787  45627.793    28.9584    11.6482      0.780    6.33363    11.6482    21.9641   11.50048 2.1755e+02 0.0000e+00
        145 206.487581    0.01000     0.6000     36.000      0.782  45628.494    28.9589    11.6482      0.775    6.33360    11.6481    21.9645   11.50044 2.1554e+02 0.0000e+00
        146 206.487584    0.01007     0.6042     36.250      0.778  45628.960    28.9592    11.6483      0.771    6.33359    11.6480    21.9648   11.50040 2.1385e+02 0.0000e+00
        147 206.487587    0.01014     0.6083     36.500      0.777  45628.719    28.9591    11.6482      0.769    6.33360    11.6478    21.9646   11.50042 2.1285e+02 0.0000e+00
        148 206.487590    0.01021     0.6125     36.750      0.778  45628.376    28.9588    11.6481      0.770    6.33362    11.6475    21.9645   11.50047 2.1207e+02 0.0000e+00
        149 206.487593    0.01028     0.6167     37.000      0.780  45628.944    28.9592    11.6479      0.773    6.33364    11.6474    21.9648   11.50049 2.1130e+02 0.0000e+00
        150 206.487595    0.01035     0.6208     37.250      0.782  45630.583    28.9603    11.6476      0.774    6.33363    11.6474    21.9657   11.50045 2.1074e+02 0.0000e+00
        151 206.487598    0.01042     0.6250     37.500      0.782  45632.285    28.9615    11.6475      0.775    6.33360    11.6475    21.9667   11.50039 2.1072e+02 0.0000e+00
        152 206.487601    0.01049     0.6292     37.750      0.783  45632.890    28.9619    11.6475      0.775    6.33358    11.6477    21.9670   11.50036 2.1204e+02 0.0000e+00
        153 206.487604    0.01056     0.6333     38.000      0.785  45632.100    28.9614    11.6476      0.778    6.33359    11.6480    21.9665   11.50038 2.1392e+02 0.0000e+00
        154 206.487607    0.01063     0.6375     38.250      0.790  45630.637    28.9604    11.6478      0.783    6.33361    11.6483    21.9657   11.50041 2.1477e+02 0.0000e+00
        155 206.487610    0.01069     0.6417     38.500      0.797  45629.688    28.9597    11.6481      0.789    6.33360    11.6488    21.9652   11.50040 2.1468e+02 0.0000e+00
        156 206.487613    0.01076     0.6458     38.750      0.802  45630.059    28.9600    11.6484      0.795    6.33354    11.6496    21.9654   11.50030 2.1453e+02 0.0000e+00
        157 206.487616    0.01083     0.6500     39.000      0.804  45631.505    28.9611    11.6489      0.797    6.33343    11.6506    21.9661   11.50011 2.1453e+02 0.0000e+00
        158 206.487619    0.01090     0.6542     39.250      0.801  45632.842    28.9621    11.6497      0.794    6.33329    11.6519    21.9667   11.49987 2.1404e+02 0.0000e+00
        159 206.487622    0.01097     0.6583     39.500      0.793  45632.649    28.9620    11.6507      0.786    6.33315    11.6534    21.9665   11.49964 2.1323e+02 0.0000e+00
        160 206.487624    0.01104     0.6625     39.750      0.783  45630.023    28.9603    11.6520      0.776    6.33303    11.6545    21.9650   11.49947 2.1317e+02 0.0000e+00
        161 206.487627    0.01111     0.6667     40.000      0.776  45625.543    28.9573    11.6535      0.769    6.33296    11.6551    21.9624   11.49939 2.1355e+02 0.0000e+00
        162 206.487630    0.01118     0.6708     40.250      0.773  45621.177    28.9544    11.6546      0.766    6.33293    11.6551    21.9599   11.49937 2.1324e+02 0.0000e+00
        163 206.487633    0.01125     0.6750     40.500      0.776  45618.911    28.9528    11.6552      0.769    6.33291    11.6546    21.9586   11.49936 2.1280e+02 0.0000e+00
        164 206.487636    0.01132     0.6792     40.750      0.782  45619.703    28.9534    11.6551      0.775    6.33290    11.6542    21.9590   11.49932 2.1320e+02 0.0000e+00
        165 206.487639    0.01139     0.6833     41.000      0.787  45622.908    28.9556    11.6547      0.780    6.33287    11.6540    21.9608   11.49925 2.1361e+02 0.0000e+00
        166 206.487642    0.01146     0.6875     41.250      0.790  45626.706    28.9582    11.6542      0.783    6.33282    11.6544    21.9629   11.49914 2.1340e+02 0.0000e+00
        167 206.487645    0.01153     0.6917     41.500      0.790  45629.263    28.9600    11.6541      0.783    6.33277    11.6551    21.9643   11.49903 2.1316e+02 0.0000e+00
        168 206.487648    0.01160     0.6958     41.750      0.788  45629.330    28.9601    11.6545      0.780    6.33271    11.6559    21.9643   11.49894 2.1316e+02 0.0000e+00
        169 206.487650    0.01167     0.7000     42.000      0.784  45626.830    28.9584    11.6552      0.777    6.33268    11.6563    21.9629   11.49891 2.1318e+02 0.0000e+00
        170 206.487653    0.01174     0.7042     42.250      0.783  45623.134    28.9559    11.6560      0.776    6.33268    11.6561    21.9608   11.49893 2.1308e+02 0.0000e+00
        171 206.487656    0.01181     0.7083     42.500      0.785  45620.061    28.9537    11.6563      0.778    6.33271    11.6557    21.9591   11.49901 2.1293e+02 0.0000e+00
        172 206.487659    0.01188     0.7125     42.750      0.791  45618.845    28.9529    11.6562      0.784    6.33277    11.6552    21.9584   11.49911 2.1249e+02 0.0000e+00
        173 206.487662    0.01194     0.7167     43.000      0.798  45619.986    28.9536    11.6558      0.791    6.33280    11.6551    21.9591   11.49915 2.1132e+02 0.0000e+00
        174 206.487665    0.01201     0.7208     43.250      0.804  45623.040    28.9557    11.6553      0.797    6.33278    11.6554    21.9608   11.49909 2.0981e+02 0.0000e+00
        175 206.487668    0.01208     0.7250     43.500      0.805  45626.612    28.9582    11.6552      0.797    6.33270    11.6564    21.9628   11.49893 2.0904e+02 0.0000e+00
        176 206.487671    0.01215     0.7292     43.750      0.798  45628.837    28.9598    11.6555      0.790    6.33259    11.6579    21.9640   11.49873 2.0910e+02 0.0000e+00
        177 206.487674    0.01222     0.7333     44.000      0.786  45627.971    28.9593    11.6565      0.778    6.33247    11.6593    21.9634   11.49855 2.0928e+02 0.0000e+00
        178 206.487677    0.01229     0.7375     44.250      0.773  45623.787    28.9565    11.6580      0.766    6.33238    11.6600    21.9609   11.49842 2.0938e+02 0.0000e+00
        179 206.487679    0.01236     0.7417     44.500      0.767  45618.421    28.9529    11.6594      0.760    6.33233    11.6597    21.9579   11.49838 2.0917e+02 0.0000e+00
        180 206.487682    0.01243     0.7458     44.750      0.769  45614.899    28.9505    11.6601      0.761    6.33234    11.6587    21.9559   11.49843 2.0831e+02 0.0000e+00
