CTD-processing/allCTD/CNV--turbid/2018_10-17_alongbay_skb02_cast063.cnv
* Sea-Bird SBE19plus Data File:
* FileName = C:\Users\Kim.Powell\Desktop\Not Processed\2018\2018_10-17_AlongBay, T9_5028\2018_10-17_TRANSECT_STATION_cast063.hex
* Software Version 1.59
* Temperature SN =  5028
* Conductivity SN =  5028
* System UpLoad Time = Oct 25 2018 17:06:25
** 2018_10-17
** Station: KB02
** Start Time: 13:16
** Depth (m): 122
** Comment:
** Comment:
# nquan = 16
# nvalues = 809                         
# units = specified
# name 0 = scan: Scan Count
# name 1 = timeJ: Julian Days
# name 2 = timeH: Time, Elapsed [hours]
# name 3 = timeM: Time, Elapsed [minutes]
# name 4 = timeS: Time, Elapsed [seconds]
# name 5 = prdM: Pressure, Strain Gauge [db]
# name 6 = specc: Specific Conductance [uS/cm]
# name 7 = sal00: Salinity, Practical [PSU]
# name 8 = tv290C: Temperature [ITS-90, deg C]
# name 9 = depSM: Depth [salt water, m], lat = 59.00
# name 10 = oxsolML/L: Oxygen Saturation, Garcia & Gordon [ml/l]
# name 11 = potemp090C: Potential Temperature [ITS-90, deg C]
# name 12 = sigma-é00: Density [sigma-theta, kg/m^3]
# name 13 = n2satML/L: Nitrogen Saturation [ml/l]
# name 14 = par: PAR/Irradiance, Biospherical/Licor
# name 15 = flag:  0.000e+00
# span 0 =          1,        809       
# span 1 = 290.553831, 290.556169       
# span 2 =    0.00000,    0.05611       
# span 3 =     0.0000,     3.3667       
# span 4 =      0.000,    202.000       
# span 5 =      0.436,    120.627       
# span 6 =  47493.612,  48967.060       
# span 7 =    30.0685,    30.9762       
# span 8 =     9.2252,     9.8299       
# span 9 =      0.432,    119.464       
# span 10 =    6.53888,    6.59138      
# span 11 =     9.2128,     9.8298      
# span 12 =    23.1348,    23.9364      
# span 13 =   11.82646,   11.90375      
# span 14 = 4.7443e-02, 7.7928e+01      
# span 15 = 0.0000e+00, 0.0000e+00      
# interval = seconds: 0.25
# start_time = Oct 17 2018 13:17:31 [Instrument's time stamp, header]
# bad_flag = -9.990e-29
*END*
[from data line 91]
         92 290.554094    0.00632     0.3792     22.750      0.462  47567.890    30.1149     9.7613      0.458    6.54990     9.7698    23.1783   11.84546 6.8184e+01 0.0000e+00
         93 290.554097    0.00639     0.3833     23.000      0.486  47573.642    30.1193     9.7640      0.481    6.54931     9.7754    23.1813   11.84444 6.7228e+01 0.0000e+00
         94 290.554100    0.00646     0.3875     23.250      0.510  47565.573    30.1143     9.7698      0.505    6.54869     9.7781    23.1765   11.84347 6.5964e+01 0.0000e+00
         95 290.554103    0.00653     0.3917     23.500      0.523  47548.638    30.1031     9.7754      0.518    6.54835     9.7769    23.1669   11.84304 6.4892e+01 0.0000e+00
         96 290.554106    0.00660     0.3958     23.750      0.520  47533.923    30.0931     9.7782      0.516    6.54837     9.7725    23.1587   11.84319 6.4686e+01 0.0000e+00
         97 290.554109    0.00667     0.4000     24.000      0.505  47528.507    30.0892     9.7770      0.501    6.54872     9.7668    23.1558   11.84381 6.5292e+01 0.0000e+00
         98 290.554112    0.00674     0.4042     24.250      0.484  47531.855    30.0910     9.7725      0.480    6.54929     9.7616    23.1579   11.84473 6.6496e+01 0.0000e+00
         99 290.554115    0.00681     0.4083     24.500      0.463  47540.165    30.0961     9.7668      0.459    6.54989     9.7578    23.1628   11.84566 6.8154e+01 0.0000e+00
        100 290.554117    0.00688     0.4125     24.750      0.447  47550.712    30.1029     9.7617      0.443    6.55036     9.7563    23.1689   11.84635 7.0159e+01 0.0000e+00
        101 290.554120    0.00694     0.4167     25.000      0.441  47562.669    30.1108     9.7579      0.437    6.55057     9.7579    23.1756   11.84661 7.1381e+01 0.0000e+00
        102 290.554123    0.00701     0.4208     25.250      0.452  47574.928    30.1192     9.7564      0.448    6.55043     9.7624    23.1824   11.84628 7.0370e+01 0.0000e+00
        103 290.554126    0.00708     0.4250     25.500      0.478  47583.685    30.1255     9.7580      0.474    6.54993     9.7681    23.1871   11.84538 6.8081e+01 0.0000e+00
        104 290.554129    0.00715     0.4292     25.750      0.511  47583.337    30.1258     9.7625      0.506    6.54926     9.7720    23.1867   11.84427 6.6818e+01 0.0000e+00
        105 290.554132    0.00722     0.4333     26.000      0.533  47572.938    30.1192     9.7681      0.528    6.54873     9.7721    23.1806   11.84346 6.7057e+01 0.0000e+00
        106 290.554135    0.00729     0.4375     26.250      0.533  47560.633    30.1111     9.7720      0.528    6.54851     9.7688    23.1737   11.84320 6.8781e+01 0.0000e+00
        107 290.554138    0.00736     0.4417     26.500      0.512  47555.952    30.1078     9.7722      0.508    6.54863     9.7644    23.1711   11.84343 7.2303e+01 0.0000e+00
        108 290.554141    0.00743     0.4458     26.750      0.481  47560.830    30.1108     9.7688      0.477    6.54898     9.7619    23.1740   11.84398 7.5424e+01 0.0000e+00
        109 290.554144    0.00750     0.4500     27.000      0.455  47570.955    30.1174     9.7645      0.451    6.54933     9.7628    23.1798   11.84449 7.5547e+01 0.0000e+00
        110 290.554146    0.00757     0.4542     27.250      0.446  47580.826    30.1240     9.7619      0.442    6.54943     9.7672    23.1853   11.84457 7.3426e+01 0.0000e+00
        111 290.554149    0.00764     0.4583     27.500      0.455  47586.620    30.1282     9.7628      0.451    6.54913     9.7733    23.1884   11.84401 7.0728e+01 0.0000e+00
        112 290.554152    0.00771     0.4625     27.750      0.477  47585.789    30.1281     9.7672      0.473    6.54849     9.7787    23.1877   11.84296 6.7991e+01 0.0000e+00
        113 290.554155    0.00778     0.4667     28.000      0.501  47576.871    30.1226     9.7733      0.497    6.54784     9.7813    23.1825   11.84195 6.5936e+01 0.0000e+00
        114 290.554158    0.00785     0.4708     28.250      0.518  47563.090    30.1136     9.7787      0.513    6.54744     9.7803    23.1746   11.84140 6.5643e+01 0.0000e+00
        115 290.554161    0.00792     0.4750     28.500      0.520  47551.903    30.1061     9.7813      0.516    6.54737     9.7763    23.1683   11.84138 6.6408e+01 0.0000e+00
        116 290.554164    0.00799     0.4792     28.750      0.509  47548.599    30.1036     9.7804      0.505    6.54762     9.7715    23.1666   11.84182 6.6651e+01 0.0000e+00
        117 290.554167    0.00806     0.4833     29.000      0.491  47553.419    30.1065     9.7764      0.487    6.54807     9.7680    23.1695   11.84253 6.6473e+01 0.0000e+00
        118 290.554170    0.00813     0.4875     29.250      0.473  47562.937    30.1126     9.7716      0.469    6.54851     9.7674    23.1750   11.84319 6.6694e+01 0.0000e+00
        119 290.554172    0.00819     0.4917     29.500      0.461  47572.155    30.1187     9.7681      0.456    6.54876     9.7699    23.1802   11.84352 6.7195e+01 0.0000e+00
        120 290.554175    0.00826     0.4958     29.750      0.457  47577.561    30.1224     9.7674      0.452    6.54870     9.7749    23.1832   11.84338 6.7174e+01 0.0000e+00
        121 290.554178    0.00833     0.5000     30.000      0.462  47578.713    30.1236     9.7700      0.457    6.54829     9.7809    23.1837   11.84269 6.6589e+01 0.0000e+00
        122 290.554181    0.00840     0.5042     30.250      0.475  47576.399    30.1225     9.7749      0.470    6.54762     9.7867    23.1821   11.84158 6.5616e+01 0.0000e+00
        123 290.554184    0.00847     0.5083     30.500      0.493  47570.705    30.1193     9.7810      0.488    6.54688     9.7914    23.1786   11.84040 6.3924e+01 0.0000e+00
        124 290.554187    0.00854     0.5125     30.750      0.510  47561.331    30.1134     9.7868      0.505    6.54629     9.7944    23.1732   11.83950 6.2635e+01 0.0000e+00
        125 290.554190    0.00861     0.5167     31.000      0.520  47549.551    30.1057     9.7914      0.515    6.54595     9.7956    23.1664   11.83902 6.2894e+01 0.0000e+00
        126 290.554193    0.00868     0.5208     31.250      0.519  47538.733    30.0985     9.7944      0.514    6.54581     9.7948    23.1603   11.83888 6.4148e+01 0.0000e+00
        127 290.554196    0.00875     0.5250     31.500      0.505  47532.023    30.0939     9.7956      0.500    6.54583     9.7923    23.1566   11.83896 6.5893e+01 0.0000e+00
        128 290.554198    0.00882     0.5292     31.750      0.481  47531.228    30.0933     9.7949      0.477    6.54597     9.7892    23.1562   11.83920 6.7732e+01 0.0000e+00
        129 290.554201    0.00889     0.5333     32.000      0.457  47537.301    30.0973     9.7924      0.452    6.54616     9.7871    23.1597   11.83947 6.8966e+01 0.0000e+00
        130 290.554204    0.00896     0.5375     32.250      0.442  47549.337    30.1053     9.7892      0.438    6.54627     9.7873    23.1665   11.83955 6.8477e+01 0.0000e+00
        131 290.554207    0.00903     0.5417     32.500      0.446  47563.158    30.1148     9.7872      0.442    6.54617     9.7896    23.1741   11.83927 6.6811e+01 0.0000e+00
        132 290.554210    0.00910     0.5458     32.750      0.468  47572.387    30.1213     9.7874      0.464    6.54586     9.7923    23.1792   11.83870 6.5746e+01 0.0000e+00
        133 290.554213    0.00917     0.5500     33.000      0.497  47572.272    30.1214     9.7896      0.493    6.54553     9.7936    23.1790   11.83815 6.4844e+01 0.0000e+00
        134 290.554216    0.00924     0.5542     33.250      0.520  47563.563    30.1157     9.7923      0.515    6.54539     9.7924    23.1740   11.83797 6.3924e+01 0.0000e+00
        135 290.554219    0.00931     0.5583     33.500      0.526  47552.745    30.1082     9.7937      0.522    6.54550     9.7885    23.1680   11.83825 6.4075e+01 0.0000e+00
        136 290.554222    0.00937     0.5625     33.750      0.514  47547.290    30.1042     9.7925      0.510    6.54584     9.7833    23.1651   11.83887 6.5668e+01 0.0000e+00
        137 290.554225    0.00944     0.5667     34.000      0.490  47550.232    30.1058     9.7886      0.486    6.54634     9.7789    23.1670   11.83967 6.8454e+01 0.0000e+00
        138 290.554227    0.00951     0.5708     34.250      0.466  47559.750    30.1119     9.7834      0.462    6.54684     9.7769    23.1725   11.84042 7.1193e+01 0.0000e+00
        139 290.554230    0.00958     0.5750     34.500      0.453  47571.550    30.1196     9.7790      0.449    6.54715     9.7779    23.1792   11.84084 7.2157e+01 0.0000e+00
        140 290.554233    0.00965     0.5792     34.750      0.457  47581.154    30.1261     9.7770      0.453    6.54716     9.7810    23.1846   11.84079 7.1285e+01 0.0000e+00
        141 290.554236    0.00972     0.5833     35.000      0.473  47585.571    30.1293     9.7779      0.469    6.54689     9.7846    23.1870   11.84031 7.0517e+01 0.0000e+00
        142 290.554239    0.00979     0.5875     35.250      0.492  47582.900    30.1278     9.7810      0.488    6.54650     9.7871    23.1853   11.83968 7.0981e+01 0.0000e+00
        143 290.554242    0.00986     0.5917     35.500      0.500  47574.593    30.1224     9.7847      0.496    6.54621     9.7874    23.1806   11.83925 7.2198e+01 0.0000e+00
        144 290.554245    0.00993     0.5958     35.750      0.493  47566.960    30.1174     9.7871      0.489    6.54607     9.7863    23.1762   11.83908 7.3637e+01 0.0000e+00
        145 290.554248    0.01000     0.6000     36.000      0.476  47565.705    30.1165     9.7875      0.472    6.54605     9.7853    23.1755   11.83906 7.4186e+01 0.0000e+00
        146 290.554251    0.01007     0.6042     36.250      0.460  47570.880    30.1200     9.7864      0.456    6.54607     9.7859    23.1784   11.83905 7.2780e+01 0.0000e+00
        147 290.554253    0.01014     0.6083     36.500      0.455  47577.860    30.1248     9.7854      0.451    6.54601     9.7885    23.1823   11.83890 7.0314e+01 0.0000e+00
        148 290.554256    0.01021     0.6125     36.750      0.462  47581.850    30.1277     9.7860      0.457    6.54579     9.7920    23.1844   11.83850 6.8647e+01 0.0000e+00
        149 290.554259    0.01028     0.6167     37.000      0.472  47580.235    30.1269     9.7886      0.468    6.54546     9.7952    23.1834   11.83795 6.8154e+01 0.0000e+00
        150 290.554262    0.01035     0.6208     37.250      0.478  47573.169    30.1224     9.7921      0.474    6.54515     9.7974    23.1793   11.83749 6.7943e+01 0.0000e+00
        151 290.554265    0.01042     0.6250     37.500      0.478  47564.384    30.1166     9.7953      0.474    6.54493     9.7986    23.1743   11.83720 6.7771e+01 0.0000e+00
        152 290.554268    0.01049     0.6292     37.750      0.473  47558.735    30.1129     9.7975      0.469    6.54476     9.7991    23.1711   11.83696 6.7819e+01 0.0000e+00
        153 290.554271    0.01056     0.6333     38.000      0.470  47558.135    30.1126     9.7987      0.466    6.54460     9.7995    23.1707   11.83671 6.7886e+01 0.0000e+00
        154 290.554274    0.01063     0.6375     38.250      0.471  47560.695    30.1145     9.7991      0.467    6.54446     9.8005    23.1720   11.83645 6.7797e+01 0.0000e+00
        155 290.554277    0.01069     0.6417     38.500      0.475  47563.147    30.1162     9.7996      0.471    6.54432     9.8017    23.1733   11.83619 6.8085e+01 0.0000e+00
        156 290.554280    0.01076     0.6458     38.750      0.479  47563.581    30.1167     9.8005      0.475    6.54417     9.8030    23.1735   11.83594 6.8388e+01 0.0000e+00
        157 290.554282    0.01083     0.6500     39.000      0.482  47561.975    30.1157     9.8018      0.477    6.54402     9.8041    23.1725   11.83571 6.8314e+01 0.0000e+00
        158 290.554285    0.01090     0.6542     39.250      0.482  47558.813    30.1136     9.8031      0.477    6.54392     9.8046    23.1707   11.83557 6.8719e+01 0.0000e+00
        159 290.554288    0.01097     0.6583     39.500      0.479  47554.545    30.1108     9.8042      0.474    6.54389     9.8044    23.1684   11.83555 6.8917e+01 0.0000e+00
        160 290.554291    0.01104     0.6625     39.750      0.472  47550.659    30.1081     9.8047      0.468    6.54393     9.8036    23.1662   11.83565 6.8494e+01 0.0000e+00
        161 290.554294    0.01111     0.6667     40.000      0.464  47549.616    30.1073     9.8045      0.459    6.54399     9.8028    23.1657   11.83576 6.8139e+01 0.0000e+00
        162 290.554297    0.01118     0.6708     40.250      0.459  47552.651    30.1094     9.8037      0.454    6.54402     9.8024    23.1674   11.83577 6.7989e+01 0.0000e+00
        163 290.554300    0.01125     0.6750     40.500      0.459  47557.702    30.1128     9.8028      0.454    6.54400     9.8028    23.1702   11.83570 6.7963e+01 0.0000e+00
        164 290.554303    0.01132     0.6792     40.750      0.465  47560.395    30.1147     9.8025      0.460    6.54397     9.8034    23.1717   11.83563 6.7907e+01 0.0000e+00
        165 290.554306    0.01139     0.6833     41.000      0.470  47558.218    30.1132     9.8029      0.466    6.54398     9.8038    23.1705   11.83566 6.7998e+01 0.0000e+00
        166 290.554308    0.01146     0.6875     41.250      0.472  47553.047    30.1096     9.8035      0.468    6.54404     9.8037    23.1676   11.83580 6.7766e+01 0.0000e+00
        167 290.554311    0.01153     0.6917     41.500      0.472  47548.921    30.1068     9.8038      0.467    6.54410     9.8030    23.1653   11.83595 6.7536e+01 0.0000e+00
        168 290.554314    0.01160     0.6958     41.750      0.471  47548.322    30.1064     9.8037      0.466    6.54414     9.8023    23.1650   11.83602 6.7805e+01 0.0000e+00
        169 290.554317    0.01167     0.7000     42.000      0.471  47550.830    30.1081     9.8031      0.467    6.54416     9.8020    23.1664   11.83603 6.7295e+01 0.0000e+00
        170 290.554320    0.01174     0.7042     42.250      0.472  47554.066    30.1103     9.8024      0.468    6.54417     9.8020    23.1682   11.83601 6.6306e+01 0.0000e+00
        171 290.554323    0.01181     0.7083     42.500      0.473  47555.900    30.1115     9.8020      0.468    6.54417     9.8023    23.1693   11.83600 6.6339e+01 0.0000e+00
        172 290.554326    0.01188     0.7125     42.750      0.472  47555.855    30.1115     9.8020      0.467    6.54416     9.8028    23.1692   11.83600 6.7045e+01 0.0000e+00
        173 290.554329    0.01194     0.7167     43.000      0.470  47554.264    30.1104     9.8024      0.465    6.54416     9.8033    23.1683   11.83601 6.7926e+01 0.0000e+00
        174 290.554332    0.01201     0.7208     43.250      0.467  47551.687    30.1086     9.8028      0.462    6.54417     9.8039    23.1669   11.83604 6.8719e+01 0.0000e+00
        175 290.554334    0.01208     0.7250     43.500      0.464  47549.670    30.1073     9.8034      0.459    6.54415     9.8045    23.1657   11.83602 6.9255e+01 0.0000e+00
        176 290.554337    0.01215     0.7292     43.750      0.464  47550.215    30.1078     9.8040      0.459    6.54404     9.8050    23.1660   11.83584 6.9794e+01 0.0000e+00
        177 290.554340    0.01222     0.7333     44.000      0.468  47553.389    30.1101     9.8046      0.464    6.54386     9.8053    23.1677   11.83551 6.9758e+01 0.0000e+00
        178 290.554343    0.01229     0.7375     44.250      0.477  47556.564    30.1123     9.8051      0.472    6.54369     9.8051    23.1694   11.83520 6.9492e+01 0.0000e+00
        179 290.554346    0.01236     0.7417     44.500      0.485  47556.761    30.1125     9.8054      0.480    6.54364     9.8038    23.1695   11.83511 6.9960e+01 0.0000e+00
        180 290.554349    0.01243     0.7458     44.750      0.487  47553.779    30.1104     9.8051      0.482    6.54377     9.8010    23.1679   11.83535 7.0784e+01 0.0000e+00
