CTD-processing/allCTD/CNV--turbid/2018_12-06_t9_s04_cast038.cnv
* Sea-Bird SBE19plus Data File:
* FileName = C:\Users\Kim.Powell\Desktop\Not Processed\2018\2018_12-06_AlongBay, T9_4141\2018_12-06_TRANSECT_STATION_cast038.hex
* Software Version 1.59
* Temperature SN =  4141
* Conductivity SN =  4141
* System UpLoad Time = Jan 10 2019 10:00:15
** 2018_12-06
** Station: 9-04
** Start Time: 14:54
** Depth (m): 98
** Comment:
** Comment:
# nquan = 16
# nvalues = 870                         
# units = specified
# name 0 = scan: Scan Count
# name 1 = timeJ: Julian Days
# name 2 = timeH: Time, Elapsed [hours]
# name 3 = timeM: Time, Elapsed [minutes]
# name 4 = timeS: Time, Elapsed [seconds]
# name 5 = prdM: Pressure, Strain Gauge [db]
# name 6 = specc: Specific Conductance [uS/cm]
# name 7 = sal00: Salinity, Practical [PSU]
# name 8 = tv290C: Temperature [ITS-90, deg C]
# name 9 = depSM: Depth [salt water, m], lat = 59.00
# name 10 = oxsolML/L: Oxygen Saturation, Garcia & Gordon [ml/l]
# name 11 = potemp090C: Potential Temperature [ITS-90, deg C]
# name 12 = sigma-é00: Density [sigma-theta, kg/m^3]
# name 13 = n2satML/L: Nitrogen Saturation [ml/l]
# name 14 = par: PAR/Irradiance, Biospherical/Licor
# name 15 = flag:  0.000e+00
# span 0 =          1,        870       
# span 1 = 340.620810, 340.623325       
# span 2 =    0.00000,    0.06035       
# span 3 =     0.0000,     3.6208       
# span 4 =      0.000,    217.250       
# span 5 =     -0.197,     94.707       
# span 6 =   3690.629,  49506.525       
# span 7 =     1.9815,    31.1755       
# span 8 =     6.9601,     7.9413       
# span 9 =     -0.195,     93.800       
# span 10 =    6.77539,    8.34733      
# span 11 =     6.9600,     7.9323      
# span 12 =     1.4624,    24.2813      
# span 13 =   12.20590,   15.23513      
# span 14 = 3.8017e-02, 7.0710e+01      
# span 15 = 0.0000e+00, 0.0000e+00      
# interval = seconds: 0.25
# start_time = Dec 06 2018 14:53:58 [Instrument's time stamp, header]
# bad_flag = -9.990e-29
*END*
[from data line 543]
        544 340.622381    0.03771     2.2625    135.750     27.389  49145.775    30.8852     7.5117     27.131    6.85508     7.5134    24.1117   12.34133 2.7540e-01 0.0000e+00
        545 340.622384    0.03778     2.2667    136.000     27.592  49151.644    30.8895     7.5135     27.332    6.85460     7.5165    24.1148   12.34048 2.6750e-01 0.0000e+00
        546 340.622387    0.03785     2.2708    136.250     27.796  49159.784    30.8955     7.5159     27.534    6.85397     7.5204    24.1192   12.33936 2.5979e-01 0.0000e+00
        547 340.622390    0.03792     2.2750    136.500     28.002  49168.597    30.9021     7.5190     27.739    6.85319     7.5248    24.1240   12.33799 2.5224e-01 0.0000e+00
        548 340.622393    0.03799     2.2792    136.750     28.211  49176.287    30.9080     7.5229     27.945    6.85231     7.5294    24.1281   12.33647 2.4488e-01 0.0000e+00
        549 340.622396    0.03806     2.2833    137.000     28.420  49182.974    30.9132     7.5273     28.153    6.85138     7.5342    24.1316   12.33486 2.3775e-01 0.0000e+00
        550 340.622399    0.03812     2.2875    137.250     28.630  49189.218    30.9182     7.5320     28.360    6.85042     7.5390    24.1349   12.33321 2.3083e-01 0.0000e+00
        551 340.622402    0.03819     2.2917    137.500     28.839  49194.885    30.9229     7.5368     28.567    6.84946     7.5436    24.1379   12.33157 2.2417e-01 0.0000e+00
        552 340.622405    0.03826     2.2958    137.750     29.046  49200.628    30.9276     7.5416     28.773    6.84850     7.5483    24.1409   12.32992 2.1782e-01 0.0000e+00
        553 340.622407    0.03833     2.3000    138.000     29.252  49207.025    30.9327     7.5463     28.976    6.84754     7.5529    24.1443   12.32826 2.1180e-01 0.0000e+00
        554 340.622410    0.03840     2.3042    138.250     29.456  49213.516    30.9379     7.5509     29.178    6.84657     7.5576    24.1478   12.32660 2.0604e-01 0.0000e+00
        555 340.622413    0.03847     2.3083    138.500     29.658  49220.085    30.9431     7.5556     29.378    6.84561     7.5622    24.1512   12.32494 2.0051e-01 0.0000e+00
        556 340.622416    0.03854     2.3125    138.750     29.859  49226.313    30.9481     7.5603     29.578    6.84465     7.5666    24.1545   12.32329 1.9516e-01 0.0000e+00
        557 340.622419    0.03861     2.3167    139.000     30.061  49230.349    30.9516     7.5649     29.778    6.84377     7.5704    24.1566   12.32179 1.8997e-01 0.0000e+00
        558 340.622422    0.03868     2.3208    139.250     30.265  49231.965    30.9533     7.5693     29.980    6.84300     7.5736    24.1574   12.32050 1.8491e-01 0.0000e+00
        559 340.622425    0.03875     2.3250    139.500     30.472  49233.185    30.9547     7.5731     30.185    6.84234     7.5765    24.1580   12.31939 1.7997e-01 0.0000e+00
        560 340.622428    0.03882     2.3292    139.750     30.683  49235.615    30.9568     7.5764     30.394    6.84173     7.5794    24.1592   12.31836 1.7510e-01 0.0000e+00
        561 340.622431    0.03889     2.3333    140.000     30.898  49239.171    30.9597     7.5793     30.606    6.84115     7.5823    24.1611   12.31735 1.7031e-01 0.0000e+00
        562 340.622433    0.03896     2.3375    140.250     31.116  49243.642    30.9632     7.5822     30.822    6.84055     7.5855    24.1634   12.31632 1.6568e-01 0.0000e+00
        563 340.622436    0.03903     2.3417    140.500     31.335  49248.655    30.9670     7.5851     31.040    6.83991     7.5887    24.1660   12.31522 1.6121e-01 0.0000e+00
        564 340.622439    0.03910     2.3458    140.750     31.556  49252.388    30.9700     7.5883     31.258    6.83928     7.5917    24.1680   12.31413 1.5689e-01 0.0000e+00
        565 340.622442    0.03917     2.3500    141.000     31.775  49253.918    30.9715     7.5916     31.475    6.83870     7.5943    24.1687   12.31316 1.5277e-01 0.0000e+00
        566 340.622445    0.03924     2.3542    141.250     31.992  49254.569    30.9724     7.5946     31.690    6.83820     7.5965    24.1689   12.31231 1.4885e-01 0.0000e+00
        567 340.622448    0.03931     2.3583    141.500     32.206  49255.888    30.9736     7.5972     31.902    6.83773     7.5987    24.1695   12.31153 1.4512e-01 0.0000e+00
        568 340.622451    0.03938     2.3625    141.750     32.419  49258.445    30.9757     7.5995     32.113    6.83728     7.6012    24.1708   12.31076 1.4156e-01 0.0000e+00
        569 340.622454    0.03944     2.3667    142.000     32.633  49262.604    30.9788     7.6017     32.326    6.83679     7.6042    24.1730   12.30991 1.3808e-01 0.0000e+00
        570 340.622457    0.03951     2.3708    142.250     32.853  49269.190    30.9837     7.6042     32.544    6.83619     7.6082    24.1765   12.30885 1.3462e-01 0.0000e+00
        571 340.622459    0.03958     2.3750    142.500     33.079  49278.428    30.9905     7.6072     32.767    6.83541     7.6134    24.1815   12.30747 1.3118e-01 0.0000e+00
        572 340.622462    0.03965     2.3792    142.750     33.309  49288.505    30.9981     7.6113     32.995    6.83443     7.6191    24.1869   12.30577 1.2781e-01 0.0000e+00
        573 340.622465    0.03972     2.3833    143.000     33.539  49296.000    31.0041     7.6164     33.223    6.83336     7.6245    24.1909   12.30392 1.2458e-01 0.0000e+00
        574 340.622468    0.03979     2.3875    143.250     33.764  49298.940    31.0069     7.6222     33.445    6.83234     7.6289    24.1923   12.30220 1.2157e-01 0.0000e+00
        575 340.622471    0.03986     2.3917    143.500     33.983  49298.601    31.0075     7.6276     33.662    6.83147     7.6323    24.1920   12.30075 1.1876e-01 0.0000e+00
        576 340.622474    0.03993     2.3958    143.750     34.198  49297.016    31.0070     7.6320     33.875    6.83080     7.6346    24.1911   12.29964 1.1610e-01 0.0000e+00
        577 340.622477    0.04000     2.4000    144.000     34.412  49295.202    31.0062     7.6354     34.087    6.83031     7.6362    24.1900   12.29885 1.1355e-01 0.0000e+00
        578 340.622480    0.04007     2.4042    144.250     34.629  49293.690    31.0054     7.6378     34.303    6.82998     7.6372    24.1890   12.29831 1.1108e-01 0.0000e+00
        579 340.622483    0.04014     2.4083    144.500     34.851  49292.628    31.0048     7.6394     34.522    6.82975     7.6379    24.1883   12.29794 1.0866e-01 0.0000e+00
        580 340.622486    0.04021     2.4125    144.750     35.075  49291.816    31.0043     7.6404     34.744    6.82961     7.6383    24.1878   12.29771 1.0630e-01 0.0000e+00
        581 340.622488    0.04028     2.4167    145.000     35.299  49291.115    31.0038     7.6411     34.966    6.82952     7.6385    24.1873   12.29757 1.0403e-01 0.0000e+00
        582 340.622491    0.04035     2.4208    145.250     35.521  49290.622    31.0034     7.6415     35.186    6.82948     7.6385    24.1870   12.29750 1.0182e-01 0.0000e+00
        583 340.622494    0.04042     2.4250    145.500     35.740  49290.415    31.0032     7.6417     35.403    6.82945     7.6385    24.1868   12.29746 9.9676e-02 0.0000e+00
        584 340.622497    0.04049     2.4292    145.750     35.956  49290.423    31.0032     7.6418     35.617    6.82945     7.6385    24.1867   12.29745 9.7616e-02 0.0000e+00
        585 340.622500    0.04056     2.4333    146.000     36.168  49290.594    31.0032     7.6418     35.826    6.82944     7.6386    24.1868   12.29745 9.5661e-02 0.0000e+00
        586 340.622503    0.04063     2.4375    146.250     36.377  49290.884    31.0033     7.6418     36.034    6.82944     7.6386    24.1869   12.29743 9.3810e-02 0.0000e+00
        587 340.622506    0.04069     2.4417    146.500     36.587  49291.249    31.0035     7.6418     36.242    6.82942     7.6386    24.1870   12.29741 9.1991e-02 0.0000e+00
        588 340.622509    0.04076     2.4458    146.750     36.801  49291.603    31.0036     7.6419     36.454    6.82940     7.6387    24.1871   12.29738 9.0195e-02 0.0000e+00
        589 340.622512    0.04083     2.4500    147.000     37.021  49291.852    31.0037     7.6420     36.671    6.82938     7.6389    24.1872   12.29735 8.8478e-02 0.0000e+00
        590 340.622514    0.04090     2.4542    147.250     37.244  49292.075    31.0038     7.6422     36.892    6.82936     7.6390    24.1872   12.29731 8.6843e-02 0.0000e+00
        591 340.622517    0.04097     2.4583    147.500     37.467  49292.427    31.0040     7.6423     37.113    6.82933     7.6392    24.1873   12.29726 8.5241e-02 0.0000e+00
        592 340.622520    0.04104     2.4625    147.750     37.686  49292.858    31.0042     7.6425     37.330    6.82929     7.6394    24.1875   12.29719 8.3669e-02 0.0000e+00
        593 340.622523    0.04111     2.4667    148.000     37.899  49293.173    31.0044     7.6427     37.541    6.82926     7.6395    24.1876   12.29713 8.2182e-02 0.0000e+00
        594 340.622526    0.04118     2.4708    148.250     38.104  49293.380    31.0044     7.6429     37.744    6.82922     7.6397    24.1877   12.29707 8.0788e-02 0.0000e+00
        595 340.622529    0.04125     2.4750    148.500     38.304  49293.547    31.0045     7.6430     37.942    6.82919     7.6398    24.1877   12.29702 7.9470e-02 0.0000e+00
        596 340.622532    0.04132     2.4792    148.750     38.500  49293.575    31.0045     7.6432     38.137    6.82917     7.6399    24.1876   12.29698 7.8200e-02 0.0000e+00
        597 340.622535    0.04139     2.4833    149.000     38.695  49293.445    31.0043     7.6433     38.330    6.82915     7.6399    24.1875   12.29696 7.6960e-02 0.0000e+00
        598 340.622538    0.04146     2.4875    149.250     38.888  49293.300    31.0041     7.6434     38.521    6.82915     7.6399    24.1873   12.29695 7.5775e-02 0.0000e+00
        599 340.622541    0.04153     2.4917    149.500     39.079  49293.220    31.0040     7.6434     38.710    6.82915     7.6398    24.1872   12.29696 7.4667e-02 0.0000e+00
        600 340.622543    0.04160     2.4958    149.750     39.269  49293.247    31.0039     7.6434     38.898    6.82915     7.6396    24.1872   12.29697 7.3617e-02 0.0000e+00
        601 340.622546    0.04167     2.5000    150.000     39.461  49293.333    31.0039     7.6433     39.088    6.82917     7.6394    24.1872   12.29699 7.2578e-02 0.0000e+00
        602 340.622549    0.04174     2.5042    150.250     39.657  49293.345    31.0038     7.6432     39.282    6.82919     7.6393    24.1871   12.29703 7.1520e-02 0.0000e+00
        603 340.622552    0.04181     2.5083    150.500     39.857  49293.436    31.0038     7.6431     39.481    6.82922     7.6391    24.1871   12.29707 7.0449e-02 0.0000e+00
        604 340.622555    0.04188     2.5125    150.750     40.063  49293.717    31.0039     7.6429     39.685    6.82924     7.6390    24.1871   12.29711 6.9383e-02 0.0000e+00
        605 340.622558    0.04194     2.5167    151.000     40.275  49293.828    31.0038     7.6428     39.894    6.82926     7.6388    24.1871   12.29715 6.8335e-02 0.0000e+00
        606 340.622561    0.04201     2.5208    151.250     40.489  49293.731    31.0036     7.6427     40.106    6.82929     7.6386    24.1870   12.29719 6.7314e-02 0.0000e+00
        607 340.622564    0.04208     2.5250    151.500     40.702  49293.864    31.0036     7.6425     40.318    6.82932     7.6385    24.1870   12.29724 6.6350e-02 0.0000e+00
        608 340.622567    0.04215     2.5292    151.750     40.913  49294.339    31.0038     7.6424     40.527    6.82933     7.6385    24.1872   12.29726 6.5479e-02 0.0000e+00
        609 340.622569    0.04222     2.5333    152.000     41.120  49294.984    31.0042     7.6423     40.732    6.82933     7.6386    24.1875   12.29725 6.4658e-02 0.0000e+00
        610 340.622572    0.04229     2.5375    152.250     41.323  49295.611    31.0045     7.6423     40.933    6.82931     7.6388    24.1878   12.29721 6.3835e-02 0.0000e+00
        611 340.622575    0.04236     2.5417    152.500     41.524  49295.972    31.0047     7.6424     41.132    6.82928     7.6390    24.1879   12.29716 6.3037e-02 0.0000e+00
        612 340.622578    0.04243     2.5458    152.750     41.728  49295.970    31.0046     7.6426     41.333    6.82926     7.6390    24.1878   12.29712 6.2282e-02 0.0000e+00
        613 340.622581    0.04250     2.5500    153.000     41.936  49295.604    31.0043     7.6428     41.539    6.82925     7.6388    24.1876   12.29711 6.1550e-02 0.0000e+00
        614 340.622584    0.04257     2.5542    153.250     42.149  49295.043    31.0038     7.6428     41.751    6.82927     7.6386    24.1872   12.29715 6.0818e-02 0.0000e+00
        615 340.622587    0.04264     2.5583    153.500     42.368  49294.729    31.0034     7.6427     41.967    6.82930     7.6385    24.1870   12.29720 6.0077e-02 0.0000e+00
        616 340.622590    0.04271     2.5625    153.750     42.590  49294.755    31.0033     7.6425     42.187    6.82933     7.6383    24.1869   12.29725 5.9346e-02 0.0000e+00
        617 340.622593    0.04278     2.5667    154.000     42.813  49294.760    31.0032     7.6424     42.408    6.82936     7.6382    24.1868   12.29730 5.8652e-02 0.0000e+00
        618 340.622595    0.04285     2.5708    154.250     43.036  49294.742    31.0031     7.6423     42.629    6.82938     7.6380    24.1867   12.29735 5.7978e-02 0.0000e+00
        619 340.622598    0.04292     2.5750    154.500     43.258  49294.933    31.0031     7.6421     42.849    6.82940     7.6379    24.1868   12.29738 5.7327e-02 0.0000e+00
        620 340.622601    0.04299     2.5792    154.750     43.476  49295.219    31.0032     7.6420     43.065    6.82941     7.6378    24.1868   12.29741 5.6712e-02 0.0000e+00
        621 340.622604    0.04306     2.5833    155.000     43.690  49295.477    31.0032     7.6419     43.277    6.82943     7.6377    24.1869   12.29743 5.6126e-02 0.0000e+00
        622 340.622607    0.04312     2.5875    155.250     43.902  49295.674    31.0033     7.6418     43.487    6.82944     7.6376    24.1869   12.29745 5.5562e-02 0.0000e+00
        623 340.622610    0.04319     2.5917    155.500     44.115  49296.076    31.0034     7.6417     43.698    6.82945     7.6377    24.1871   12.29746 5.5001e-02 0.0000e+00
        624 340.622613    0.04326     2.5958    155.750     44.332  49297.041    31.0040     7.6416     43.913    6.82943     7.6379    24.1875   12.29742 5.4438e-02 0.0000e+00
        625 340.622616    0.04333     2.6000    156.000     44.554  49298.206    31.0047     7.6417     44.133    6.82938     7.6382    24.1881   12.29734 5.3890e-02 0.0000e+00
        626 340.622619    0.04340     2.6042    156.250     44.783  49299.024    31.0052     7.6419     44.359    6.82932     7.6386    24.1885   12.29723 5.3373e-02 0.0000e+00
        627 340.622622    0.04347     2.6083    156.500     45.016  49299.558    31.0056     7.6423     44.590    6.82926     7.6389    24.1887   12.29712 5.2899e-02 0.0000e+00
        628 340.622624    0.04354     2.6125    156.750     45.250  49300.001    31.0058     7.6427     44.821    6.82918     7.6393    24.1889   12.29699 5.2441e-02 0.0000e+00
        629 340.622627    0.04361     2.6167    157.000     45.478  49300.299    31.0060     7.6431     45.047    6.82912     7.6396    24.1889   12.29688 5.1967e-02 0.0000e+00
        630 340.622630    0.04368     2.6208    157.250     45.697  49300.491    31.0061     7.6434     45.265    6.82906     7.6398    24.1890   12.29678 5.1508e-02 0.0000e+00
        631 340.622633    0.04375     2.6250    157.500     45.907  49300.706    31.0062     7.6437     45.473    6.82900     7.6401    24.1890   12.29669 5.1087e-02 0.0000e+00
        632 340.622636    0.04382     2.6292    157.750     46.109  49300.946    31.0063     7.6440     45.673    6.82895     7.6404    24.1891   12.29660 5.0702e-02 0.0000e+00
