CTD-processing/allCTD/CNV--turbid/2018_01-17_t9_s07_cast150.cnv
* Sea-Bird SBE19plus Data File:
* FileName = C:\Users\Kim.Powell\Desktop\Not Processed\2018\2018_01-XX_TRANSECT_4141\2018_01-18_TRANSECT_STATION_cast150.hex
* Software Version 1.59
* Temperature SN =  4141
* Conductivity SN =  4141
* System UpLoad Time = Feb 16 2018 09:03:58
** 2018_01-17
** Station: 9-07
** Start Time: 14:32
** Depth (m): 104.5
** Comment: CTD incorrectly recorded date as May 22
** Comment:
# nquan = 16
# nvalues = 387                         
# units = specified
# name 0 = scan: Scan Count
# name 1 = timeJ: Julian Days
# name 2 = timeH: Time, Elapsed [hours]
# name 3 = timeM: Time, Elapsed [minutes]
# name 4 = timeS: Time, Elapsed [seconds]
# name 5 = prdM: Pressure, Strain Gauge [db]
# name 6 = specc: Specific Conductance [uS/cm]
# name 7 = sal00: Salinity, Practical [PSU]
# name 8 = tv290C: Temperature [ITS-90, deg C]
# name 9 = depSM: Depth [salt water, m], lat = 59.00
# name 10 = oxsolML/L: Oxygen Saturation, Garcia & Gordon [ml/l]
# name 11 = potemp090C: Potential Temperature [ITS-90, deg C]
# name 12 = sigma-é00: Density [sigma-theta, kg/m^3]
# name 13 = n2satML/L: Nitrogen Saturation [ml/l]
# name 14 = par: PAR/Irradiance, Biospherical/Licor
# name 15 = flag:  0.000e+00
# span 0 =          1,        387       
# span 1 = 142.605544, 142.606661       
# span 2 =    0.00000,    0.02681       
# span 3 =     0.0000,     1.6083       
# span 4 =      0.000,     96.500       
# span 5 =     -0.175,     14.178       
# span 6 =   7545.831,  50232.341       
# span 7 =     4.3707,    31.1912       
# span 8 =     4.8548,     5.1326       
# span 9 =     -0.174,     14.045       
# span 10 =    7.23380,    8.72536      
# span 11 =     4.8623,     5.1316      
# span 12 =     3.4408,    24.6487      
# span 13 =   12.96371,   15.83695      
# span 14 = 1.4863e+00, 1.0238e+02      
# span 15 = 0.0000e+00, 0.0000e+00      
# interval = seconds: 0.25
# start_time = May 22 2017 14:31:59 [Instrument's time stamp, header]
# bad_flag = -9.990e-29
*END*
          1 142.605544    0.00000     0.0000      0.000     -0.175   7545.831     4.3707     4.8548     -0.174    8.72536     4.8623     3.4408   15.83695 1.0238e+02 0.0000e+00
          2 142.605547    0.00007     0.0042      0.250     -0.139  10978.540     6.4906     4.8577     -0.138    8.60916     4.8700     5.1193   15.61189 9.7827e+01 0.0000e+00
          3 142.605550    0.00014     0.0083      0.500     -0.078  16712.889    10.0306     4.8624     -0.078    8.41509     4.8819     7.9223   15.23601 9.0998e+01 0.0000e+00
          4 142.605553    0.00021     0.0125      0.750      0.017  25081.560    15.2400     4.8701      0.016    8.13133     4.8971    12.0461   14.68680 8.1249e+01 0.0000e+00
          5 142.605556    0.00028     0.0167      1.000      0.144  33927.453    20.8137     4.8819      0.142    7.83007     4.9126    16.4567   14.10448 6.8302e+01 0.0000e+00
          6 142.605558    0.00035     0.0208      1.250      0.280  40422.320    24.9349     4.8972      0.277    7.60741     4.9255    19.7166   13.67465 5.5159e+01 0.0000e+00
          7 142.605561    0.00042     0.0250      1.500      0.401  44307.549    27.4010     4.9127      0.397    7.47303     4.9348    21.6666   13.41554 4.6478e+01 0.0000e+00
          8 142.605564    0.00049     0.0292      1.750      0.494  46630.870    28.8761     4.9255      0.489    7.39200     4.9408    22.8326   13.25947 4.2704e+01 0.0000e+00
          9 142.605567    0.00056     0.0333      2.000      0.559  48021.197    29.7589     4.9348      0.554    7.34323     4.9448    23.5302   13.16560 4.1307e+01 0.0000e+00
         10 142.605570    0.00063     0.0375      2.250      0.606  48853.912    30.2877     4.9408      0.600    7.31392     4.9475    23.9481   13.10922 4.1010e+01 0.0000e+00
         11 142.605573    0.00069     0.0417      2.500      0.641  49352.152    30.6041     4.9448      0.635    7.29632     4.9493    24.1980   13.07537 4.1739e+01 0.0000e+00
         12 142.605576    0.00076     0.0458      2.750      0.664  49649.681    30.7930     4.9475      0.659    7.28575     4.9504    24.3472   13.05505 4.3092e+01 0.0000e+00
         13 142.605579    0.00083     0.0500      3.000      0.674  49828.335    30.9065     4.9493      0.668    7.27936     4.9512    24.4369   13.04278 4.4585e+01 0.0000e+00
         14 142.605582    0.00090     0.0542      3.250      0.672  49937.533    30.9760     4.9505      0.666    7.27546     4.9523    24.4918   13.03529 4.6453e+01 0.0000e+00
         15 142.605584    0.00097     0.0583      3.500      0.664  50005.507    31.0194     4.9513      0.657    7.27300     4.9537    24.5260   13.03059 4.8903e+01 0.0000e+00
         16 142.605587    0.00104     0.0625      3.750      0.654  50047.564    31.0465     4.9523      0.648    7.27139     4.9554    24.5473   13.02752 5.1366e+01 0.0000e+00
         17 142.605590    0.00111     0.0667      4.000      0.645  50072.533    31.0627     4.9538      0.639    7.27027     4.9571    24.5600   13.02544 5.3128e+01 0.0000e+00
         18 142.605593    0.00118     0.0708      4.250      0.639  50086.753    31.0721     4.9555      0.633    7.26948     4.9587    24.5673   13.02399 5.4135e+01 0.0000e+00
         19 142.605596    0.00125     0.0750      4.500      0.637  50094.772    31.0775     4.9572      0.631    7.26889     4.9602    24.5714   13.02294 5.4857e+01 0.0000e+00
         20 142.605599    0.00132     0.0792      4.750      0.643  50099.180    31.0806     4.9588      0.637    7.26845     4.9615    24.5737   13.02216 5.5529e+01 0.0000e+00
         21 142.605602    0.00139     0.0833      5.000      0.654  50101.249    31.0821     4.9603      0.647    7.26811     4.9626    24.5747   13.02157 5.5679e+01 0.0000e+00
         22 142.605605    0.00146     0.0875      5.250      0.665  50101.681    31.0826     4.9616      0.659    7.26785     4.9635    24.5749   13.02114 5.4919e+01 0.0000e+00
         23 142.605608    0.00153     0.0917      5.500      0.673  50101.205    31.0824     4.9627      0.666    7.26766     4.9642    24.5747   13.02082 5.3576e+01 0.0000e+00
         24 142.605611    0.00160     0.0958      5.750      0.675  50100.769    31.0823     4.9636      0.668    7.26750     4.9648    24.5745   13.02056 5.2241e+01 0.0000e+00
         25 142.605613    0.00167     0.1000      6.000      0.673  50101.035    31.0826     4.9643      0.666    7.26736     4.9653    24.5747   13.02033 5.1292e+01 0.0000e+00
         26 142.605616    0.00174     0.1042      6.250      0.670  50101.837    31.0833     4.9649      0.664    7.26723     4.9656    24.5752   13.02010 5.0676e+01 0.0000e+00
         27 142.605619    0.00181     0.1083      6.500      0.671  50102.547    31.0839     4.9653      0.665    7.26713     4.9658    24.5756   13.01993 5.0144e+01 0.0000e+00
         28 142.605622    0.00187     0.1125      6.750      0.675  50102.822    31.0841     4.9656      0.669    7.26706     4.9659    24.5758   13.01981 4.9602e+01 0.0000e+00
         29 142.605625    0.00194     0.1167      7.000      0.682  50102.766    31.0841     4.9659      0.675    7.26703     4.9660    24.5758   13.01975 4.9240e+01 0.0000e+00
         30 142.605628    0.00201     0.1208      7.250      0.687  50102.636    31.0840     4.9660      0.681    7.26700     4.9660    24.5757   13.01972 4.9170e+01 0.0000e+00
         31 142.605631    0.00208     0.1250      7.500      0.689  50102.572    31.0840     4.9661      0.683    7.26699     4.9660    24.5757   13.01969 4.9157e+01 0.0000e+00
         32 142.605634    0.00215     0.1292      7.750      0.687  50102.539    31.0840     4.9661      0.681    7.26699     4.9659    24.5756   13.01969 4.9286e+01 0.0000e+00
         33 142.605637    0.00222     0.1333      8.000      0.683  50102.471    31.0839     4.9661      0.677    7.26700     4.9658    24.5756   13.01970 4.9649e+01 0.0000e+00
         34 142.605639    0.00229     0.1375      8.250      0.679  50102.378    31.0838     4.9660      0.673    7.26701     4.9658    24.5755   13.01973 4.9835e+01 0.0000e+00
         35 142.605642    0.00236     0.1417      8.500      0.677  50102.282    31.0838     4.9659      0.670    7.26703     4.9657    24.5755   13.01977 4.9856e+01 0.0000e+00
         36 142.605645    0.00243     0.1458      8.750      0.678  50102.142    31.0837     4.9658      0.671    7.26705     4.9656    24.5754   13.01980 4.9981e+01 0.0000e+00
         37 142.605648    0.00250     0.1500      9.000      0.681  50101.933    31.0835     4.9657      0.675    7.26708     4.9654    24.5752   13.01984 4.9969e+01 0.0000e+00
         38 142.605651    0.00257     0.1542      9.250      0.685  50101.717    31.0833     4.9656      0.678    7.26710     4.9653    24.5751   13.01988 4.9520e+01 0.0000e+00
         39 142.605654    0.00264     0.1583      9.500      0.686  50101.612    31.0832     4.9655      0.680    7.26713     4.9651    24.5750   13.01993 4.8815e+01 0.0000e+00
         40 142.605657    0.00271     0.1625      9.750      0.686  50101.670    31.0832     4.9654      0.680    7.26715     4.9649    24.5751   13.01997 4.8468e+01 0.0000e+00
         41 142.605660    0.00278     0.1667     10.000      0.685  50101.751    31.0832     4.9652      0.679    7.26719     4.9646    24.5751   13.02003 4.8711e+01 0.0000e+00
         42 142.605663    0.00285     0.1708     10.250      0.684  50101.712    31.0832     4.9649      0.678    7.26723     4.9644    24.5750   13.02010 4.8978e+01 0.0000e+00
         43 142.605666    0.00292     0.1750     10.500      0.681  50101.604    31.0831     4.9647      0.675    7.26728     4.9642    24.5750   13.02018 4.8872e+01 0.0000e+00
         44 142.605668    0.00299     0.1792     10.750      0.679  50101.583    31.0830     4.9645      0.672    7.26732     4.9640    24.5750   13.02025 4.8690e+01 0.0000e+00
         45 142.605671    0.00306     0.1833     11.000      0.677  50101.721    31.0831     4.9643      0.671    7.26735     4.9639    24.5750   13.02031 4.8634e+01 0.0000e+00
         46 142.605674    0.00313     0.1875     11.250      0.680  50101.882    31.0831     4.9641      0.673    7.26738     4.9637    24.5751   13.02035 4.8554e+01 0.0000e+00
         47 142.605677    0.00319     0.1917     11.500      0.684  50101.842    31.0831     4.9639      0.678    7.26741     4.9636    24.5751   13.02041 4.8570e+01 0.0000e+00
         48 142.605680    0.00326     0.1958     11.750      0.688  50101.558    31.0829     4.9638      0.682    7.26745     4.9635    24.5749   13.02047 4.8834e+01 0.0000e+00
         49 142.605683    0.00333     0.2000     12.000      0.687  50101.264    31.0826     4.9636      0.681    7.26748     4.9634    24.5747   13.02052 4.9143e+01 0.0000e+00
         50 142.605686    0.00340     0.2042     12.250      0.683  50101.280    31.0826     4.9635      0.677    7.26750     4.9634    24.5747   13.02055 4.9364e+01 0.0000e+00
         51 142.605689    0.00347     0.2083     12.500      0.679  50101.606    31.0828     4.9635      0.673    7.26750     4.9633    24.5749   13.02055 4.9385e+01 0.0000e+00
         52 142.605692    0.00354     0.2125     12.750      0.678  50101.893    31.0830     4.9634      0.671    7.26751     4.9633    24.5751   13.02056 4.9098e+01 0.0000e+00
         53 142.605694    0.00361     0.2167     13.000      0.680  50101.904    31.0830     4.9633      0.673    7.26752     4.9632    24.5751   13.02057 4.8777e+01 0.0000e+00
         54 142.605697    0.00368     0.2208     13.250      0.683  50101.667    31.0828     4.9633      0.676    7.26753     4.9632    24.5749   13.02060 4.8629e+01 0.0000e+00
         55 142.605700    0.00375     0.2250     13.500      0.684  50101.390    31.0826     4.9633      0.678    7.26755     4.9632    24.5748   13.02063 4.8707e+01 0.0000e+00
         56 142.605703    0.00382     0.2292     13.750      0.684  50101.327    31.0826     4.9633      0.677    7.26755     4.9632    24.5748   13.02064 4.8828e+01 0.0000e+00
         57 142.605706    0.00389     0.2333     14.000      0.682  50101.506    31.0827     4.9633      0.675    7.26755     4.9633    24.5749   13.02062 4.8867e+01 0.0000e+00
         58 142.605709    0.00396     0.2375     14.250      0.680  50101.703    31.0828     4.9633      0.673    7.26753     4.9633    24.5750   13.02060 4.9136e+01 0.0000e+00
         59 142.605712    0.00403     0.2417     14.500      0.679  50101.724    31.0829     4.9633      0.672    7.26752     4.9634    24.5750   13.02059 4.9511e+01 0.0000e+00
         60 142.605715    0.00410     0.2458     14.750      0.679  50101.538    31.0828     4.9634      0.673    7.26752     4.9634    24.5749   13.02059 4.9751e+01 0.0000e+00
         61 142.605718    0.00417     0.2500     15.000      0.681  50101.230    31.0826     4.9634      0.675    7.26753     4.9634    24.5747   13.02060 5.0104e+01 0.0000e+00
         62 142.605720    0.00424     0.2542     15.250      0.683  50100.892    31.0823     4.9635      0.677    7.26753     4.9634    24.5746   13.02061 5.0501e+01 0.0000e+00
         63 142.605723    0.00431     0.2583     15.500      0.685  50100.531    31.0821     4.9635      0.678    7.26754     4.9634    24.5744   13.02062 5.0498e+01 0.0000e+00
         64 142.605726    0.00438     0.2625     15.750      0.684  50100.071    31.0818     4.9635      0.678    7.26755     4.9633    24.5741   13.02065 5.0482e+01 0.0000e+00
         65 142.605729    0.00444     0.2667     16.000      0.680  50099.515    31.0814     4.9635      0.673    7.26757     4.9632    24.5738   13.02070 5.0787e+01 0.0000e+00
         66 142.605732    0.00451     0.2708     16.250      0.672  50099.109    31.0811     4.9634      0.666    7.26760     4.9632    24.5736   13.02074 5.0903e+01 0.0000e+00
         67 142.605735    0.00458     0.2750     16.500      0.665  50099.126    31.0811     4.9633      0.659    7.26762     4.9631    24.5736   13.02077 5.0741e+01 0.0000e+00
         68 142.605738    0.00465     0.2792     16.750      0.662  50099.376    31.0813     4.9632      0.656    7.26762     4.9630    24.5737   13.02077 5.0491e+01 0.0000e+00
         69 142.605741    0.00472     0.2833     17.000      0.665  50099.317    31.0812     4.9632      0.659    7.26764     4.9629    24.5737   13.02080 5.0163e+01 0.0000e+00
         70 142.605744    0.00479     0.2875     17.250      0.672  50098.666    31.0807     4.9631      0.666    7.26768     4.9627    24.5733   13.02087 4.9749e+01 0.0000e+00
         71 142.605747    0.00486     0.2917     17.500      0.678  50097.509    31.0799     4.9629      0.672    7.26774     4.9626    24.5727   13.02098 4.9465e+01 0.0000e+00
         72 142.605749    0.00493     0.2958     17.750      0.681  50096.325    31.0791     4.9628      0.675    7.26780     4.9626    24.5720   13.02110 4.9631e+01 0.0000e+00
         73 142.605752    0.00500     0.3000     18.000      0.681  50095.749    31.0787     4.9627      0.674    7.26784     4.9625    24.5717   13.02117 4.9954e+01 0.0000e+00
         74 142.605755    0.00507     0.3042     18.250      0.678  50095.940    31.0788     4.9626      0.672    7.26785     4.9625    24.5718   13.02118 4.9864e+01 0.0000e+00
         75 142.605758    0.00514     0.3083     18.500      0.676  50096.599    31.0792     4.9626      0.670    7.26784     4.9624    24.5722   13.02116 4.9550e+01 0.0000e+00
         76 142.605761    0.00521     0.3125     18.750      0.676  50097.243    31.0796     4.9625      0.670    7.26783     4.9622    24.5725   13.02114 4.9586e+01 0.0000e+00
         77 142.605764    0.00528     0.3167     19.000      0.679  50097.363    31.0797     4.9624      0.673    7.26784     4.9620    24.5726   13.02115 4.9740e+01 0.0000e+00
         78 142.605767    0.00535     0.3208     19.250      0.684  50096.676    31.0792     4.9623      0.677    7.26789     4.9618    24.5722   13.02124 4.9641e+01 0.0000e+00
         79 142.605770    0.00542     0.3250     19.500      0.689  50095.153    31.0781     4.9621      0.682    7.26797     4.9615    24.5713   13.02139 4.9553e+01 0.0000e+00
         80 142.605773    0.00549     0.3292     19.750      0.692  50093.047    31.0766     4.9618      0.685    7.26809     4.9613    24.5702   13.02160 4.9592e+01 0.0000e+00
         81 142.605775    0.00556     0.3333     20.000      0.693  50090.879    31.0751     4.9615      0.686    7.26821     4.9611    24.5690   13.02182 4.9620e+01 0.0000e+00
         82 142.605778    0.00562     0.3375     20.250      0.691  50089.083    31.0738     4.9613      0.685    7.26831     4.9610    24.5680   13.02201 4.9638e+01 0.0000e+00
         83 142.605781    0.00569     0.3417     20.500      0.688  50087.846    31.0729     4.9612      0.682    7.26838     4.9609    24.5673   13.02213 4.9884e+01 0.0000e+00
         84 142.605784    0.00576     0.3458     20.750      0.684  50087.390    31.0726     4.9611      0.677    7.26842     4.9609    24.5671   13.02219 5.0390e+01 0.0000e+00
         85 142.605787    0.00583     0.3500     21.000      0.680  50087.991    31.0730     4.9610      0.674    7.26841     4.9608    24.5674   13.02217 5.0594e+01 0.0000e+00
         86 142.605790    0.00590     0.3542     21.250      0.679  50089.344    31.0739     4.9610      0.673    7.26837     4.9608    24.5681   13.02210 5.0229e+01 0.0000e+00
         87 142.605793    0.00597     0.3583     21.500      0.680  50090.358    31.0746     4.9609      0.674    7.26834     4.9607    24.5687   13.02205 4.9786e+01 0.0000e+00
         88 142.605796    0.00604     0.3625     21.750      0.682  50090.043    31.0743     4.9609      0.676    7.26836     4.9606    24.5685   13.02209 4.9833e+01 0.0000e+00
         89 142.605799    0.00611     0.3667     22.000      0.683  50088.328    31.0731     4.9608      0.677    7.26843     4.9606    24.5676   13.02222 5.0311e+01 0.0000e+00
         90 142.605802    0.00618     0.3708     22.250      0.683  50086.103    31.0716     4.9607      0.677    7.26852     4.9605    24.5663   13.02239 5.0595e+01 0.0000e+00
