CTD-processing/allCTD/CNV--turbid/2018_07-18_t7_s23_cast152.cnv
* Sea-Bird SBE19plus Data File:
* FileName = C:\Users\Kim.Powell\Desktop\Not Processed\2018\2018_07-18_AlongBay,T6,T7_5028\2018_07-18_TRANSECT_STATION_cast152.hex
* Software Version 1.59
* Temperature SN =  5028
* Conductivity SN =  5028
* System UpLoad Time = Jul 19 2018 13:17:05
** 2018_07-18
** Station: 7-23
** Start Time: 13:05
** Depth (m): 51.7
** Comment:
** Comment:
# nquan = 16
# nvalues = 615                         
# units = specified
# name 0 = scan: Scan Count
# name 1 = timeJ: Julian Days
# name 2 = timeH: Time, Elapsed [hours]
# name 3 = timeM: Time, Elapsed [minutes]
# name 4 = timeS: Time, Elapsed [seconds]
# name 5 = prdM: Pressure, Strain Gauge [db]
# name 6 = specc: Specific Conductance [uS/cm]
# name 7 = sal00: Salinity, Practical [PSU]
# name 8 = tv290C: Temperature [ITS-90, deg C]
# name 9 = depSM: Depth [salt water, m], lat = 59.00
# name 10 = oxsolML/L: Oxygen Saturation, Garcia & Gordon [ml/l]
# name 11 = potemp090C: Potential Temperature [ITS-90, deg C]
# name 12 = sigma-é00: Density [sigma-theta, kg/m^3]
# name 13 = n2satML/L: Nitrogen Saturation [ml/l]
# name 14 = par: PAR/Irradiance, Biospherical/Licor
# name 15 = flag:  0.000e+00
# span 0 =          1,        615       
# span 1 = 199.543912, 199.545689       
# span 2 =    0.00000,    0.04264       
# span 3 =     0.0000,     2.5583       
# span 4 =      0.000,    153.500       
# span 5 =     -0.002,     49.413       
# span 6 =    886.167,  50317.388       
# span 7 =     0.4360,    31.9403       
# span 8 =     8.6589,    10.6619       
# span 9 =     -0.002,     48.945       
# span 10 =    6.50953,    7.75788      
# span 11 =     8.6540,    10.6619      
# span 12 =    -0.0168,    24.7286      
# span 13 =   11.76054,   14.26255      
# span 14 = 5.1494e-01, 2.1166e+03      
# span 15 = 0.0000e+00, 0.0000e+00      
# interval = seconds: 0.25
# start_time = Jul 18 2018 13:03:14 [Instrument's time stamp, header]
# bad_flag = -9.990e-29
*END*
[from data line 452]
        453 199.545220    0.03139     1.8833    113.000     13.946  49833.648    31.5653     8.7645     13.815    6.63406     8.7627    24.4657   11.96726 8.0871e+01 0.0000e+00
        454 199.545223    0.03146     1.8875    113.250     14.195  49832.669    31.5645     8.7646     14.062    6.63408     8.7611    24.4651   11.96730 7.7458e+01 0.0000e+00
        455 199.545226    0.03153     1.8917    113.500     14.452  49831.518    31.5635     8.7642     14.316    6.63420     8.7588    24.4644   11.96750 7.4201e+01 0.0000e+00
        456 199.545229    0.03160     1.8958    113.750     14.712  49831.703    31.5633     8.7626     14.574    6.63443     8.7563    24.4644   11.96789 7.1223e+01 0.0000e+00
        457 199.545231    0.03167     1.9000    114.000     14.975  49833.614    31.5642     8.7603     14.834    6.63474     8.7542    24.4655   11.96839 6.8529e+01 0.0000e+00
        458 199.545234    0.03174     1.9042    114.250     15.236  49836.317    31.5656     8.7579     15.093    6.63504     8.7527    24.4670   11.96886 6.6023e+01 0.0000e+00
        459 199.545237    0.03181     1.9083    114.500     15.493  49838.873    31.5670     8.7558     15.348    6.63528     8.7518    24.4684   11.96925 6.3646e+01 0.0000e+00
        460 199.545240    0.03188     1.9125    114.750     15.742  49840.951    31.5681     8.7543     15.594    6.63545     8.7513    24.4695   11.96952 6.1409e+01 0.0000e+00
        461 199.545243    0.03194     1.9167    115.000     15.978  49842.492    31.5690     8.7534     15.827    6.63556     8.7511    24.4703   11.96968 5.9345e+01 0.0000e+00
        462 199.545246    0.03201     1.9208    115.250     16.195  49843.455    31.5695     8.7529     16.043    6.63560     8.7512    24.4708   11.96975 5.7454e+01 0.0000e+00
        463 199.545249    0.03208     1.9250    115.500     16.395  49843.866    31.5697     8.7528     16.241    6.63561     8.7512    24.4709   11.96977 5.5692e+01 0.0000e+00
        464 199.545252    0.03215     1.9292    115.750     16.583  49843.940    31.5696     8.7529     16.427    6.63561     8.7512    24.4709   11.96976 5.3994e+01 0.0000e+00
        465 199.545255    0.03222     1.9333    116.000     16.769  49843.926    31.5695     8.7529     16.611    6.63560     8.7510    24.4708   11.96975 5.2311e+01 0.0000e+00
        466 199.545258    0.03229     1.9375    116.250     16.966  49843.888    31.5694     8.7529     16.806    6.63561     8.7506    24.4707   11.96977 5.0619e+01 0.0000e+00
        467 199.545260    0.03236     1.9417    116.500     17.179  49843.884    31.5693     8.7527     17.018    6.63564     8.7501    24.4707   11.96983 4.8917e+01 0.0000e+00
        468 199.545263    0.03243     1.9458    116.750     17.410  49844.129    31.5693     8.7524     17.247    6.63569     8.7497    24.4707   11.96991 4.7227e+01 0.0000e+00
        469 199.545266    0.03250     1.9500    117.000     17.653  49844.705    31.5696     8.7519     17.487    6.63575     8.7493    24.4710   11.97000 4.5582e+01 0.0000e+00
        470 199.545269    0.03257     1.9542    117.250     17.897  49845.435    31.5699     8.7515     17.729    6.63580     8.7491    24.4713   11.97008 4.4013e+01 0.0000e+00
        471 199.545272    0.03264     1.9583    117.500     18.134  49846.099    31.5702     8.7511     17.964    6.63583     8.7490    24.4716   11.97013 4.2542e+01 0.0000e+00
        472 199.545275    0.03271     1.9625    117.750     18.363  49846.533    31.5704     8.7510     18.191    6.63585     8.7490    24.4718   11.97016 4.1154e+01 0.0000e+00
        473 199.545278    0.03278     1.9667    118.000     18.589  49846.738    31.5704     8.7509     18.414    6.63586     8.7489    24.4718   11.97018 3.9820e+01 0.0000e+00
        474 199.545281    0.03285     1.9708    118.250     18.816  49846.877    31.5704     8.7508     18.639    6.63587     8.7488    24.4718   11.97019 3.8505e+01 0.0000e+00
        475 199.545284    0.03292     1.9750    118.500     19.050  49847.067    31.5704     8.7508     18.871    6.63588     8.7487    24.4719   11.97020 3.7188e+01 0.0000e+00
        476 199.545286    0.03299     1.9792    118.750     19.290  49847.284    31.5705     8.7507     19.109    6.63589     8.7485    24.4719   11.97021 3.5864e+01 0.0000e+00
        477 199.545289    0.03306     1.9833    119.000     19.534  49847.432    31.5705     8.7506     19.351    6.63590     8.7483    24.4719   11.97023 3.4548e+01 0.0000e+00
        478 199.545292    0.03313     1.9875    119.250     19.778  49847.563    31.5704     8.7505     19.592    6.63592     8.7481    24.4719   11.97026 3.3287e+01 0.0000e+00
        479 199.545295    0.03319     1.9917    119.500     20.014  49847.851    31.5705     8.7504     19.826    6.63594     8.7480    24.4720   11.97030 3.2129e+01 0.0000e+00
        480 199.545298    0.03326     1.9958    119.750     20.241  49848.333    31.5707     8.7502     20.051    6.63596     8.7482    24.4722   11.97033 3.1082e+01 0.0000e+00
        481 199.545301    0.03333     2.0000    120.000     20.459  49848.867    31.5710     8.7501     20.267    6.63595     8.7487    24.4725   11.97032 3.0119e+01 0.0000e+00
        482 199.545304    0.03340     2.0042    120.250     20.672  49849.255    31.5712     8.7503     20.477    6.63592     8.7495    24.4726   11.97025 2.9193e+01 0.0000e+00
        483 199.545307    0.03347     2.0083    120.500     20.886  49849.455    31.5713     8.7508     20.689    6.63584     8.7507    24.4726   11.97012 2.8252e+01 0.0000e+00
        484 199.545310    0.03354     2.0125    120.750     21.107  49849.433    31.5713     8.7516     20.909    6.63571     8.7521    24.4725   11.96992 2.7276e+01 0.0000e+00
        485 199.545312    0.03361     2.0167    121.000     21.338  49848.939    31.5711     8.7528     21.138    6.63554     8.7535    24.4721   11.96964 2.6279e+01 0.0000e+00
        486 199.545315    0.03368     2.0208    121.250     21.577  49847.754    31.5703     8.7543     21.375    6.63536     8.7543    24.4713   11.96934 2.5289e+01 0.0000e+00
        487 199.545318    0.03375     2.0250    121.500     21.820  49845.903    31.5691     8.7556     21.615    6.63521     8.7541    24.4702   11.96911 2.4339e+01 0.0000e+00
        488 199.545321    0.03382     2.0292    121.750     22.061  49844.118    31.5679     8.7564     21.853    6.63515     8.7533    24.4691   11.96902 2.3460e+01 0.0000e+00
        489 199.545324    0.03389     2.0333    122.000     22.292  49843.391    31.5673     8.7563     22.082    6.63519     8.7520    24.4686   11.96910 2.2670e+01 0.0000e+00
        490 199.545327    0.03396     2.0375    122.250     22.510  49843.797    31.5673     8.7555     22.298    6.63531     8.7507    24.4688   11.96930 2.1969e+01 0.0000e+00
        491 199.545330    0.03403     2.0417    122.500     22.717  49844.856    31.5678     8.7543     22.503    6.63547     8.7494    24.4693   11.96956 2.1345e+01 0.0000e+00
        492 199.545333    0.03410     2.0458    122.750     22.914  49846.204    31.5684     8.7530     22.699    6.63564     8.7482    24.4700   11.96983 2.0767e+01 0.0000e+00
        493 199.545336    0.03417     2.0500    123.000     23.111  49847.539    31.5691     8.7517     22.893    6.63580     8.7470    24.4708   11.97008 2.0196e+01 0.0000e+00
        494 199.545339    0.03424     2.0542    123.250     23.315  49848.586    31.5696     8.7505     23.096    6.63595     8.7458    24.4713   11.97033 1.9604e+01 0.0000e+00
        495 199.545341    0.03431     2.0583    123.500     23.533  49849.401    31.5699     8.7494     23.312    6.63611     8.7445    24.4717   11.97058 1.8982e+01 0.0000e+00
        496 199.545344    0.03438     2.0625    123.750     23.763  49850.428    31.5703     8.7482     23.540    6.63627     8.7435    24.4723   11.97084 1.8335e+01 0.0000e+00
        497 199.545347    0.03444     2.0667    124.000     24.001  49851.747    31.5710     8.7470     23.776    6.63642     8.7425    24.4730   11.97109 1.7682e+01 0.0000e+00
        498 199.545350    0.03451     2.0708    124.250     24.239  49852.946    31.5716     8.7459     24.011    6.63655     8.7416    24.4736   11.97130 1.7048e+01 0.0000e+00
        499 199.545353    0.03458     2.0750    124.500     24.471  49853.799    31.5719     8.7450     24.241    6.63667     8.7407    24.4740   11.97149 1.6451e+01 0.0000e+00
        500 199.545356    0.03465     2.0792    124.750     24.694  49854.416    31.5721     8.7441     24.462    6.63679     8.7395    24.4743   11.97169 1.5903e+01 0.0000e+00
        501 199.545359    0.03472     2.0833    125.000     24.908  49854.969    31.5723     8.7432     24.674    6.63692     8.7378    24.4746   11.97191 1.5409e+01 0.0000e+00
        502 199.545362    0.03479     2.0875    125.250     25.115  49855.551    31.5725     8.7419     24.879    6.63710     8.7356    24.4749   11.97220 1.4958e+01 0.0000e+00
        503 199.545365    0.03486     2.0917    125.500     25.319  49856.150    31.5726     8.7403     25.080    6.63734     8.7323    24.4752   11.97258 1.4533e+01 0.0000e+00
        504 199.545367    0.03493     2.0958    125.750     25.526  49856.874    31.5727     8.7381     25.285    6.63767     8.7282    24.4756   11.97313 1.4115e+01 0.0000e+00
        505 199.545370    0.03500     2.1000    126.000     25.743  49858.493    31.5732     8.7349     25.500    6.63812     8.7238    24.4765   11.97387 1.3690e+01 0.0000e+00
        506 199.545373    0.03507     2.1042    126.250     25.972  49861.861    31.5749     8.7308     25.727    6.63866     8.7198    24.4785   11.97474 1.3250e+01 0.0000e+00
        507 199.545376    0.03514     2.1083    126.500     26.213  49866.479    31.5773     8.7264     25.966    6.63921     8.7165    24.4811   11.97561 1.2798e+01 0.0000e+00
        508 199.545379    0.03521     2.1125    126.750     26.463  49870.930    31.5798     8.7224     26.214    6.63969     8.7139    24.4836   11.97638 1.2343e+01 0.0000e+00
        509 199.545382    0.03528     2.1167    127.000     26.719  49874.546    31.5817     8.7192     26.468    6.64008     8.7117    24.4856   11.97701 1.1892e+01 0.0000e+00
        510 199.545385    0.03535     2.1208    127.250     26.976  49877.553    31.5833     8.7166     26.723    6.64040     8.7099    24.4872   11.97752 1.1452e+01 0.0000e+00
        511 199.545388    0.03542     2.1250    127.500     27.230  49880.182    31.5848     8.7144     26.974    6.64066     8.7087    24.4887   11.97794 1.1036e+01 0.0000e+00
        512 199.545391    0.03549     2.1292    127.750     27.471  49882.405    31.5860     8.7126     27.213    6.64087     8.7078    24.4899   11.97826 1.0659e+01 0.0000e+00
        513 199.545394    0.03556     2.1333    128.000     27.695  49884.126    31.5869     8.7114     27.435    6.64101     8.7074    24.4908   11.97849 1.0326e+01 0.0000e+00
        514 199.545396    0.03562     2.1375    128.250     27.898  49885.341    31.5876     8.7106     27.636    6.64110     8.7072    24.4914   11.97864 1.0034e+01 0.0000e+00
        515 199.545399    0.03569     2.1417    128.500     28.084  49886.109    31.5880     8.7102     27.820    6.64115     8.7071    24.4918   11.97871 9.7711e+00 0.0000e+00
        516 199.545402    0.03576     2.1458    128.750     28.262  49886.510    31.5882     8.7100     27.996    6.64117     8.7070    24.4920   11.97874 9.5199e+00 0.0000e+00
        517 199.545405    0.03583     2.1500    129.000     28.442  49886.646    31.5882     8.7099     28.175    6.64118     8.7068    24.4920   11.97876 9.2682e+00 0.0000e+00
        518 199.545408    0.03590     2.1542    129.250     28.634  49886.610    31.5880     8.7099     28.364    6.64119     8.7064    24.4919   11.97879 9.0102e+00 0.0000e+00
        519 199.545411    0.03597     2.1583    129.500     28.838  49886.541    31.5879     8.7097     28.567    6.64123     8.7060    24.4918   11.97884 8.7458e+00 0.0000e+00
        520 199.545414    0.03604     2.1625    129.750     29.054  49886.688    31.5878     8.7094     28.781    6.64128     8.7055    24.4919   11.97893 8.4797e+00 0.0000e+00
        521 199.545417    0.03611     2.1667    130.000     29.276  49887.181    31.5880     8.7089     29.000    6.64134     8.7051    24.4921   11.97903 8.2173e+00 0.0000e+00
        522 199.545420    0.03618     2.1708    130.250     29.499  49887.922    31.5883     8.7084     29.221    6.64140     8.7049    24.4924   11.97912 7.9591e+00 0.0000e+00
        523 199.545422    0.03625     2.1750    130.500     29.725  49888.779    31.5888     8.7081     29.445    6.64144     8.7050    24.4928   11.97917 7.7020e+00 0.0000e+00
        524 199.545425    0.03632     2.1792    130.750     29.956  49889.471    31.5891     8.7079     29.673    6.64144     8.7053    24.4931   11.97917 7.4448e+00 0.0000e+00
        525 199.545428    0.03639     2.1833    131.000     30.193  49889.598    31.5892     8.7081     29.909    6.64141     8.7055    24.4931   11.97913 7.1888e+00 0.0000e+00
        526 199.545431    0.03646     2.1875    131.250     30.436  49889.170    31.5888     8.7083     30.149    6.64139     8.7053    24.4928   11.97909 6.9382e+00 0.0000e+00
        527 199.545434    0.03653     2.1917    131.500     30.679  49888.635    31.5883     8.7085     30.390    6.64138     8.7048    24.4924   11.97909 6.7001e+00 0.0000e+00
        528 199.545437    0.03660     2.1958    131.750     30.915  49888.311    31.5880     8.7084     30.624    6.64141     8.7040    24.4922   11.97915 6.4799e+00 0.0000e+00
        529 199.545440    0.03667     2.2000    132.000     31.140  49888.378    31.5879     8.7079     30.847    6.64149     8.7031    24.4921   11.97927 6.2783e+00 0.0000e+00
        530 199.545443    0.03674     2.2042    132.250     31.352  49889.098    31.5882     8.7071     31.057    6.64159     8.7026    24.4925   11.97944 6.0948e+00 0.0000e+00
        531 199.545446    0.03681     2.2083    132.500     31.551  49890.579    31.5890     8.7063     31.254    6.64168     8.7027    24.4933   11.97959 5.9283e+00 0.0000e+00
        532 199.545448    0.03687     2.2125    132.750     31.739  49892.315    31.5901     8.7058     31.440    6.64172     8.7035    24.4942   11.97963 5.7746e+00 0.0000e+00
        533 199.545451    0.03694     2.2167    133.000     31.922  49893.156    31.5906     8.7059     31.622    6.64167     8.7042    24.4946   11.97954 5.6278e+00 0.0000e+00
        534 199.545454    0.03701     2.2208    133.250     32.107  49892.493    31.5902     8.7067     31.805    6.64157     8.7044    24.4941   11.97939 5.4817e+00 0.0000e+00
        535 199.545457    0.03708     2.2250    133.500     32.302  49890.944    31.5891     8.7075     31.998    6.64150     8.7038    24.4932   11.97928 5.3304e+00 0.0000e+00
        536 199.545460    0.03715     2.2292    133.750     32.512  49889.754    31.5882     8.7077     32.206    6.64151     8.7026    24.4924   11.97931 5.1708e+00 0.0000e+00
        537 199.545463    0.03722     2.2333    134.000     32.740  49889.654    31.5879     8.7071     32.431    6.64161     8.7011    24.4923   11.97947 5.0047e+00 0.0000e+00
        538 199.545466    0.03729     2.2375    134.250     32.980  49890.285    31.5881     8.7059     32.669    6.64178     8.6993    24.4926   11.97974 4.8363e+00 0.0000e+00
        539 199.545469    0.03736     2.2417    134.500     33.225  49891.159    31.5884     8.7044     32.911    6.64199     8.6970    24.4931   11.98009 4.6712e+00 0.0000e+00
        540 199.545472    0.03743     2.2458    134.750     33.466  49892.088    31.5887     8.7026     33.150    6.64225     8.6943    24.4936   11.98052 4.5154e+00 0.0000e+00
        541 199.545475    0.03750     2.2500    135.000     33.698  49893.387    31.5891     8.7004     33.380    6.64256     8.6916    24.4943   11.98103 4.3718e+00 0.0000e+00
        542 199.545477    0.03757     2.2542    135.250     33.918  49895.678    31.5903     8.6977     33.598    6.64291     8.6893    24.4956   11.98159 4.2387e+00 0.0000e+00
