CTD-processing/allCTD/CNV--turbid/2018_08-23_t9_s10_cast217.cnv
* Sea-Bird SBE19plus Data File:
* FileName = C:\Users\Kim.Powell\Desktop\Not Processed\2018\2018_08-23_AlongBay, T9_5028\2018_08-23_TRANSECT_STATION_cast217.hex
* Software Version 1.59
* Temperature SN =  5028
* Conductivity SN =  5028
* System UpLoad Time = Aug 31 2018 10:39:25
** 2018_08-23
** Station: 9-10
** Start Time: 16:00
** Depth (m): 62
** Comment: Foraging flocks of kittiwakes
** Comment:larval flatfish!!
# nquan = 16
# nvalues = 543                         
# units = specified
# name 0 = scan: Scan Count
# name 1 = timeJ: Julian Days
# name 2 = timeH: Time, Elapsed [hours]
# name 3 = timeM: Time, Elapsed [minutes]
# name 4 = timeS: Time, Elapsed [seconds]
# name 5 = prdM: Pressure, Strain Gauge [db]
# name 6 = specc: Specific Conductance [uS/cm]
# name 7 = sal00: Salinity, Practical [PSU]
# name 8 = tv290C: Temperature [ITS-90, deg C]
# name 9 = depSM: Depth [salt water, m], lat = 59.00
# name 10 = oxsolML/L: Oxygen Saturation, Garcia & Gordon [ml/l]
# name 11 = potemp090C: Potential Temperature [ITS-90, deg C]
# name 12 = sigma-é00: Density [sigma-theta, kg/m^3]
# name 13 = n2satML/L: Nitrogen Saturation [ml/l]
# name 14 = par: PAR/Irradiance, Biospherical/Licor
# name 15 = flag:  0.000e+00
# span 0 =          1,        543       
# span 1 = 235.666539, 235.668108       
# span 2 =    0.00000,    0.03764       
# span 3 =     0.0000,     2.2583       
# span 4 =      0.000,    135.500       
# span 5 =      0.506,     61.176       
# span 6 =  41170.682,  49290.158       
# span 7 =    25.8543,    31.2444       
# span 8 =     9.3421,    11.7236       
# span 9 =      0.501,     60.595       
# span 10 =    6.38707,    6.56297      
# span 11 =     9.3357,    11.7077      
# span 12 =    19.5453,    24.1270      
# span 13 =   11.57101,   11.85346      
# span 14 = 5.7852e-02, 1.7913e+02      
# span 15 = 0.0000e+00, 0.0000e+00      
# interval = seconds: 0.25
# start_time = Aug 23 2018 15:59:49 [Instrument's time stamp, header]
# bad_flag = -9.990e-29
*END*
[from data line 272]
        273 235.667326    0.01889     1.1333     68.000      0.561  42732.907    26.9339    11.6581      0.556    6.41378    11.6565    20.3928   11.65776 1.6254e+02 0.0000e+00
        274 235.667329    0.01896     1.1375     68.250      0.567  42739.231    26.9382    11.6573      0.562    6.41372    11.6561    20.3963   11.65761 1.6294e+02 0.0000e+00
        275 235.667332    0.01903     1.1417     68.500      0.567  42739.920    26.9386    11.6566      0.562    6.41380    11.6559    20.3968   11.65774 1.6358e+02 0.0000e+00
        276 235.667335    0.01910     1.1458     68.750      0.565  42736.655    26.9363    11.6561      0.560    6.41396    11.6558    20.3951   11.65803 1.6428e+02 0.0000e+00
        277 235.667338    0.01917     1.1500     69.000      0.564  42733.004    26.9337    11.6559      0.559    6.41409    11.6558    20.3931   11.65828 1.6432e+02 0.0000e+00
        278 235.667341    0.01924     1.1542     69.250      0.566  42732.385    26.9333    11.6559      0.561    6.41411    11.6556    20.3928   11.65832 1.6364e+02 0.0000e+00
        279 235.667344    0.01931     1.1583     69.500      0.571  42734.316    26.9346    11.6559      0.566    6.41407    11.6553    20.3938   11.65822 1.6367e+02 0.0000e+00
        280 235.667347    0.01938     1.1625     69.750      0.575  42735.225    26.9352    11.6557      0.570    6.41407    11.6551    20.3943   11.65822 1.6483e+02 0.0000e+00
        281 235.667350    0.01944     1.1667     70.000      0.575  42732.169    26.9331    11.6554      0.570    6.41419    11.6549    20.3927   11.65845 1.6694e+02 0.0000e+00
        282 235.667352    0.01951     1.1708     70.250      0.576  42725.887    26.9287    11.6551      0.571    6.41440    11.6544    20.3894   11.65885 1.6864e+02 0.0000e+00
        283 235.667355    0.01958     1.1750     70.500      0.585  42724.055    26.9274    11.6550      0.580    6.41448    11.6527    20.3884   11.65900 1.6720e+02 0.0000e+00
        284 235.667358    0.01965     1.1792     70.750      0.616  42739.185    26.9379    11.6545      0.611    6.41413    11.6487    20.3966   11.65828 1.6031e+02 0.0000e+00
        285 235.667361    0.01972     1.1833     71.000      0.680  42784.500    26.9694    11.6528      0.674    6.41308    11.6409    20.4213   11.65617 1.4805e+02 0.0000e+00
        286 235.667364    0.01979     1.1875     71.250      0.786  42868.329    27.0274    11.6488      0.779    6.41128    11.6277    20.4669   11.65248 1.3319e+02 0.0000e+00
        287 235.667367    0.01986     1.1917     71.500      0.934  42988.325    27.1103    11.6410      0.926    6.40900    11.6074    20.5325   11.64770 1.1796e+02 0.0000e+00
        288 235.667370    0.01993     1.1958     71.750      1.111  43127.996    27.2064    11.6278      1.101    6.40692    11.5801    20.6093   11.64309 1.0363e+02 0.0000e+00
        289 235.667373    0.02000     1.2000     72.000      1.300  43267.183    27.3016    11.6076      1.288    6.40585    11.5485    20.6865   11.64018 9.0717e+01 0.0000e+00
        290 235.667376    0.02007     1.2042     72.250      1.495  43402.398    27.3934    11.5803      1.481    6.40590    11.5155    20.7624   11.63916 7.8976e+01 0.0000e+00
        291 235.667378    0.02014     1.2083     72.500      1.699  43540.469    27.4868    11.5487      1.683    6.40646    11.4816    20.8402   11.63898 6.8310e+01 0.0000e+00
        292 235.667381    0.02021     1.2125     72.750      1.917  43688.191    27.5868    11.5157      1.899    6.40695    11.4453    20.9234   11.63859 5.8765e+01 0.0000e+00
        293 235.667384    0.02028     1.2167     73.000      2.154  43849.364    27.6962    11.4818      2.134    6.40719    11.4049    21.0140   11.63768 5.0410e+01 0.0000e+00
        294 235.667387    0.02035     1.2208     73.250      2.405  44016.468    27.8094    11.4456      2.382    6.40759    11.3596    21.1081   11.63698 4.3322e+01 0.0000e+00
        295 235.667390    0.02042     1.2250     73.500      2.662  44179.435    27.9194    11.4052      2.637    6.40869    11.3103    21.2003   11.63750 3.7494e+01 0.0000e+00
        296 235.667393    0.02049     1.2292     73.750      2.917  44340.118    28.0274    11.3599      2.890    6.41056    11.2591    21.2918   11.63932 3.2773e+01 0.0000e+00
        297 235.667396    0.02056     1.2333     74.000      3.165  44512.271    28.1430    11.3106      3.135    6.41267    11.2080    21.3899   11.64145 2.8903e+01 0.0000e+00
        298 235.667399    0.02063     1.2375     74.250      3.404  44712.907    28.2783    11.2595      3.373    6.41423    11.1576    21.5037   11.64242 2.5632e+01 0.0000e+00
        299 235.667402    0.02069     1.2417     74.500      3.640  44940.843    28.4328    11.2084      3.606    6.41501    11.1096    21.6323   11.64188 2.2783e+01 0.0000e+00
        300 235.667405    0.02076     1.2458     74.750      3.875  45166.003    28.5854    11.1580      3.839    6.41577    11.0667    21.7593   11.64132 2.0264e+01 0.0000e+00
        301 235.667407    0.02083     1.2500     75.000      4.112  45360.902    28.7171    11.1101      4.074    6.41705    11.0298    21.8696   11.64187 1.8053e+01 0.0000e+00
        302 235.667410    0.02090     1.2542     75.250      4.348  45528.371    28.8300    11.0672      4.307    6.41839    10.9978    21.9646   11.64275 1.6141e+01 0.0000e+00
        303 235.667413    0.02097     1.2583     75.500      4.580  45677.962    28.9310    11.0303      4.538    6.41939    10.9704    22.0493   11.64320 1.4500e+01 0.0000e+00
        304 235.667416    0.02104     1.2625     75.750      4.809  45805.700    29.0172    10.9984      4.764    6.42030    10.9475    22.1217   11.64369 1.3084e+01 0.0000e+00
        305 235.667419    0.02111     1.2667     76.000      5.036  45912.778    29.0894    10.9709      4.989    6.42116    10.9282    22.1824   11.64425 1.1840e+01 0.0000e+00
        306 235.667422    0.02118     1.2708     76.250      5.264  46010.858    29.1558    10.9480      5.215    6.42163    10.9111    22.2379   11.64424 1.0717e+01 0.0000e+00
        307 235.667425    0.02125     1.2750     76.500      5.500  46110.697    29.2238    10.9288      5.448    6.42153    10.8946    22.2940   11.64326 9.6815e+00 0.0000e+00
        308 235.667428    0.02132     1.2792     76.750      5.745  46222.893    29.3007    10.9118      5.691    6.42076    10.8771    22.3566   11.64107 8.7278e+00 0.0000e+00
        309 235.667431    0.02139     1.2833     77.000      6.000  46359.331    29.3947    10.8953      5.943    6.41922    10.8579    22.4325   11.63738 7.8655e+00 0.0000e+00
        310 235.667433    0.02146     1.2875     77.250      6.259  46520.902    29.5062    10.8778      6.201    6.41709    10.8380    22.5221   11.63253 7.1062e+00 0.0000e+00
        311 235.667436    0.02153     1.2917     77.500      6.518  46691.596    29.6240    10.8586      6.457    6.41494    10.8194    22.6170   11.62756 6.4516e+00 0.0000e+00
        312 235.667439    0.02160     1.2958     77.750      6.771  46848.031    29.7318    10.8388      6.707    6.41330    10.8038    22.7041   11.62355 5.8907e+00 0.0000e+00
        313 235.667442    0.02167     1.3000     78.000      7.017  46974.680    29.8187    10.8202      6.952    6.41233    10.7917    22.7748   11.62090 5.4047e+00 0.0000e+00
        314 235.667445    0.02174     1.3042     78.250      7.258  47076.051    29.8882    10.8046      7.190    6.41166    10.7828    22.8315   11.61896 4.9746e+00 0.0000e+00
        315 235.667448    0.02181     1.3083     78.500      7.495  47156.829    29.9436    10.7926      7.425    6.41107    10.7764    22.8766   11.61732 4.5870e+00 0.0000e+00
        316 235.667451    0.02187     1.3125     78.750      7.730  47207.505    29.9782    10.7837      7.658    6.41089    10.7720    22.9050   11.61661 4.2340e+00 0.0000e+00
        317 235.667454    0.02194     1.3167     79.000      7.964  47231.082    29.9940    10.7774      7.890    6.41113    10.7691    22.9184   11.61682 3.9111e+00 0.0000e+00
        318 235.667457    0.02201     1.3208     79.250      8.199  47245.025    30.0032    10.7730      8.122    6.41136    10.7674    22.9263   11.61709 3.6153e+00 0.0000e+00
        319 235.667459    0.02208     1.3250     79.500      8.432  47258.286    30.0122    10.7701      8.353    6.41139    10.7666    22.9337   11.61704 3.3432e+00 0.0000e+00
        320 235.667462    0.02215     1.3292     79.750      8.667  47274.049    30.0230    10.7684      8.585    6.41119    10.7665    22.9424   11.61657 3.0904e+00 0.0000e+00
        321 235.667465    0.02222     1.3333     80.000      8.904  47298.854    30.0402    10.7676      8.820    6.41059    10.7672    22.9560   11.61538 2.8536e+00 0.0000e+00
        322 235.667468    0.02229     1.3375     80.250      9.147  47338.753    30.0682    10.7676      9.061    6.40945    10.7688    22.9778   11.61316 2.6311e+00 0.0000e+00
        323 235.667471    0.02236     1.3417     80.500      9.398  47390.582    30.1047    10.7683      9.310    6.40786    10.7714    23.0060   11.61009 2.4223e+00 0.0000e+00
        324 235.667474    0.02243     1.3458     80.750      9.658  47444.144    30.1425    10.7699      9.567    6.40610    10.7755    23.0351   11.60672 2.2283e+00 0.0000e+00
        325 235.667477    0.02250     1.3500     81.000      9.922  47493.989    30.1778    10.7726      9.828    6.40428    10.7809    23.0622   11.60329 2.0520e+00 0.0000e+00
        326 235.667480    0.02257     1.3542     81.250     10.185  47540.489    30.2109    10.7767     10.090    6.40237    10.7873    23.0872   11.59972 1.8955e+00 0.0000e+00
        327 235.667483    0.02264     1.3583     81.500     10.445  47584.562    30.2425    10.7821     10.347    6.40033    10.7942    23.1109   11.59596 1.7576e+00 0.0000e+00
        328 235.667486    0.02271     1.3625     81.750     10.697  47629.786    30.2750    10.7886     10.597    6.39812    10.8010    23.1351   11.59191 1.6355e+00 0.0000e+00
        329 235.667488    0.02278     1.3667     82.000     10.943  47681.243    30.3119    10.7954     10.840    6.39567    10.8070    23.1626   11.58740 1.5251e+00 0.0000e+00
        330 235.667491    0.02285     1.3708     82.250     11.185  47737.689    30.3524    10.8023     11.080    6.39308    10.8108    23.1929   11.58262 1.4232e+00 0.0000e+00
        331 235.667494    0.02292     1.3750     82.500     11.426  47794.581    30.3930    10.8083     11.319    6.39059    10.8105    23.2236   11.57801 1.3281e+00 0.0000e+00
        332 235.667497    0.02299     1.3792     82.750     11.671  47848.701    30.4315    10.8121     11.561    6.38849    10.8035    23.2529   11.57408 1.2391e+00 0.0000e+00
        333 235.667500    0.02306     1.3833     83.000     11.918  47896.036    30.4648    10.8119     11.806    6.38718    10.7874    23.2788   11.57151 1.1564e+00 0.0000e+00
        334 235.667503    0.02313     1.3875     83.250     12.166  47934.643    30.4911    10.8049     12.051    6.38707    10.7614    23.3004   11.57101 1.0808e+00 0.0000e+00
        335 235.667506    0.02319     1.3917     83.500     12.411  47969.135    30.5136    10.7889     12.295    6.38838    10.7278    23.3206   11.57291 1.0124e+00 0.0000e+00
        336 235.667509    0.02326     1.3958     83.750     12.653  48007.525    30.5376    10.7629     12.535    6.39099    10.6909    23.3437   11.57696 9.5040e-01 0.0000e+00
        337 235.667512    0.02333     1.4000     84.000     12.891  48053.040    30.5658    10.7293     12.770    6.39448    10.6534    23.3713   11.58242 8.9437e-01 0.0000e+00
        338 235.667514    0.02340     1.4042     84.250     13.127  48102.377    30.5963    10.6924     13.004    6.39835    10.6164    23.4013   11.58848 8.4337e-01 0.0000e+00
        339 235.667517    0.02347     1.4083     84.500     13.362  48152.074    30.6270    10.6549     13.237    6.40230    10.5818    23.4315   11.59466 7.9658e-01 0.0000e+00
        340 235.667520    0.02354     1.4125     84.750     13.598  48201.105    30.6572    10.6179     13.471    6.40619    10.5519    23.4613   11.60076 7.5364e-01 0.0000e+00
        341 235.667523    0.02361     1.4167     85.000     13.836  48247.606    30.6859    10.5834     13.707    6.40982    10.5273    23.4895   11.60642 7.1418e-01 0.0000e+00
        342 235.667526    0.02368     1.4208     85.250     14.076  48289.386    30.7119    10.5535     13.944    6.41290    10.5067    23.5147   11.61123 6.7789e-01 0.0000e+00
        343 235.667529    0.02375     1.4250     85.500     14.315  48326.989    30.7355    10.5289     14.181    6.41536    10.4886    23.5372   11.61503 6.4458e-01 0.0000e+00
        344 235.667532    0.02382     1.4292     85.750     14.553  48362.948    30.7583    10.5083     14.417    6.41729    10.4715    23.5584   11.61795 6.1386e-01 0.0000e+00
        345 235.667535    0.02389     1.4333     86.000     14.790  48398.207    30.7810    10.4902     14.652    6.41888    10.4541    23.5791   11.62031 5.8520e-01 0.0000e+00
        346 235.667538    0.02396     1.4375     86.250     15.027  48431.388    30.8023    10.4732     14.887    6.42038    10.4353    23.5986   11.62254 5.5819e-01 0.0000e+00
        347 235.667541    0.02403     1.4417     86.500     15.266  48461.689    30.8215    10.4558     15.123    6.42201    10.4153    23.6164   11.62502 5.3256e-01 0.0000e+00
        348 235.667543    0.02410     1.4458     86.750     15.508  48489.328    30.8387    10.4370     15.362    6.42393    10.3951    23.6329   11.62799 5.0813e-01 0.0000e+00
        349 235.667546    0.02417     1.4500     87.000     15.752  48514.763    30.8542    10.4170     15.605    6.42609    10.3757    23.6483   11.63139 4.8486e-01 0.0000e+00
        350 235.667549    0.02424     1.4542     87.250     15.998  48537.098    30.8674    10.3969     15.848    6.42835    10.3567    23.6620   11.63499 4.6286e-01 0.0000e+00
        351 235.667552    0.02431     1.4583     87.500     16.243  48555.042    30.8777    10.3776     16.090    6.43064    10.3378    23.6732   11.63865 4.4217e-01 0.0000e+00
        352 235.667555    0.02438     1.4625     87.750     16.485  48570.271    30.8860    10.3586     16.331    6.43295    10.3190    23.6829   11.64239 4.2272e-01 0.0000e+00
        353 235.667558    0.02444     1.4667     88.000     16.725  48584.068    30.8934    10.3397     16.568    6.43530    10.3000    23.6918   11.64619 4.0435e-01 0.0000e+00
        354 235.667561    0.02451     1.4708     88.250     16.963  48595.253    30.8990    10.3210     16.804    6.43770    10.2791    23.6992   11.65009 3.8684e-01 0.0000e+00
        355 235.667564    0.02458     1.4750     88.500     17.200  48602.462    30.9017    10.3019     17.038    6.44026    10.2555    23.7044   11.65431 3.7005e-01 0.0000e+00
        356 235.667567    0.02465     1.4792     88.750     17.436  48607.470    30.9026    10.2811     17.272    6.44315    10.2305    23.7086   11.65908 3.5393e-01 0.0000e+00
        357 235.667569    0.02472     1.4833     89.000     17.671  48616.403    30.9059    10.2575     17.504    6.44632    10.2066    23.7151   11.66430 3.3844e-01 0.0000e+00
        358 235.667572    0.02479     1.4875     89.250     17.903  48630.916    30.9130    10.2325     17.735    6.44954    10.1835    23.7248   11.66955 3.2359e-01 0.0000e+00
        359 235.667575    0.02486     1.4917     89.500     18.132  48642.842    30.9184    10.2086     17.962    6.45269    10.1587    23.7329   11.67470 3.0938e-01 0.0000e+00
        360 235.667578    0.02493     1.4958     89.750     18.360  48648.181    30.9193    10.1855     18.188    6.45590    10.1324    23.7374   11.68002 2.9571e-01 0.0000e+00
        361 235.667581    0.02500     1.5000     90.000     18.588  48655.891    30.9216    10.1608     18.414    6.45929    10.1078    23.7432   11.68560 2.8245e-01 0.0000e+00
