CTD-processing/allCTD/CNV--turbid/2018_03-02_t9_s05_cast015.cnv
* Sea-Bird SBE19plus Data File:
* FileName = C:\Users\Kim.Powell\Desktop\Not Processed\2018\2018_03-02_AlongBay,T9_5028\2018_03-02_TRANSECT_STATION_cast015.hex
* Software Version 1.59
* Temperature SN =  5028
* Conductivity SN =  5028
* System UpLoad Time = Mar 05 2018 11:35:12
** 2018_03-02
** Station: 9-05
** Start Time: 14:21
** Depth (m): 101.8
** Comment:**CTD time 1 hour off
** Comment:
# nquan = 16
# nvalues = 744                         
# units = specified
# name 0 = scan: Scan Count
# name 1 = timeJ: Julian Days
# name 2 = timeH: Time, Elapsed [hours]
# name 3 = timeM: Time, Elapsed [minutes]
# name 4 = timeS: Time, Elapsed [seconds]
# name 5 = prdM: Pressure, Strain Gauge [db]
# name 6 = specc: Specific Conductance [uS/cm]
# name 7 = sal00: Salinity, Practical [PSU]
# name 8 = tv290C: Temperature [ITS-90, deg C]
# name 9 = depSM: Depth [salt water, m], lat = 59.00
# name 10 = oxsolML/L: Oxygen Saturation, Garcia & Gordon [ml/l]
# name 11 = potemp090C: Potential Temperature [ITS-90, deg C]
# name 12 = sigma-é00: Density [sigma-theta, kg/m^3]
# name 13 = n2satML/L: Nitrogen Saturation [ml/l]
# name 14 = par: PAR/Irradiance, Biospherical/Licor
# name 15 = flag:  0.000e+00
# span 0 =          1,        744       
# span 1 =  61.639896,  61.642046       
# span 2 =    0.00000,    0.05160       
# span 3 =     0.0000,     3.0958       
# span 4 =      0.000,    185.750       
# span 5 =      0.042,     98.878       
# span 6 =   5116.277,  51473.853       
# span 7 =     2.8524,    31.7368       
# span 8 =     1.8155,     3.9585       
# span 9 =      0.042,     97.930       
# span 10 =    7.41367,    9.54973      
# span 11 =     1.8753,     3.9522      
# span 12 =     2.2303,    25.1982      
# span 13 =   13.25338,   17.23942      
# span 14 = 3.7976e-02, 3.0911e+02      
# span 15 = 0.0000e+00, 0.0000e+00      
# interval = seconds: 0.25
# start_time = Mar 02 2018 15:21:27 [Instrument's time stamp, header]
# bad_flag = -9.990e-29
*END*
          1  61.639896    0.00000     0.0000      0.000      0.042   5116.277     2.8524     1.8155      0.042    9.54973     1.8753     2.2303   17.23942 3.0911e+02 0.0000e+00
          2  61.639899    0.00007     0.0042      0.250      0.057   7235.790     4.1312     1.8386      0.056    9.46726     1.9330     3.2544   17.08238 2.9797e+02 0.0000e+00
          3  61.639902    0.00014     0.0083      0.500      0.083  10746.524     6.2516     1.8753      0.081    9.33108     2.0251     4.9521   16.82296 2.8143e+02 0.0000e+00
          4  61.639905    0.00021     0.0125      0.750      0.125  16506.178     9.7389     1.9330      0.124    9.10809     2.1656     7.7437   16.39805 2.5989e+02 0.0000e+00
          5  61.639907    0.00028     0.0167      1.000      0.195  25028.442    14.9533     2.0251      0.193    8.77616     2.3471    11.9153   15.76626 2.3422e+02 0.0000e+00
          6  61.639910    0.00035     0.0208      1.250      0.297  34376.258    20.7514     2.1656      0.295    8.40318     2.5356    16.5487   15.05883 2.0233e+02 0.0000e+00
          7  61.639913    0.00042     0.0250      1.500      0.423  41398.369    25.1536     2.3471      0.420    8.10688     2.6986    20.0601   14.50071 1.6449e+02 0.0000e+00
          8  61.639916    0.00049     0.0292      1.750      0.560  45536.923    27.7664     2.5357      0.555    7.91526     2.8231    22.1380   14.14338 1.2993e+02 0.0000e+00
          9  61.639919    0.00056     0.0333      2.000      0.695  47922.834    29.2820     2.6986      0.688    7.79351     2.9102    23.3392   13.91850 1.0732e+02 0.0000e+00
         10  61.639922    0.00063     0.0375      2.250      0.817  49294.527    30.1580     2.8231      0.809    7.71713     2.9672    24.0310   13.77852 9.5858e+01 0.0000e+00
         11  61.639925    0.00069     0.0417      2.500      0.915  50084.110    30.6642     2.9102      0.906    7.66995     3.0034    24.4297   13.69257 9.0434e+01 0.0000e+00
         12  61.639928    0.00076     0.0458      2.750      0.988  50542.046    30.9585     2.9673      0.978    7.64123     3.0264    24.6610   13.64043 8.7974e+01 0.0000e+00
         13  61.639931    0.00083     0.0500      3.000      1.038  50809.838    31.1309     3.0035      1.028    7.62385     3.0411    24.7962   13.60896 8.7143e+01 0.0000e+00
         14  61.639933    0.00090     0.0542      3.250      1.069  50968.366    31.2332     3.0264      1.059    7.61324     3.0508    24.8764   13.58979 8.6953e+01 0.0000e+00
         15  61.639936    0.00097     0.0583      3.500      1.083  51068.496    31.2982     3.0412      1.073    7.60650     3.0576    24.9273   13.57763 8.7781e+01 0.0000e+00
         16  61.639939    0.00104     0.0625      3.750      1.087  51136.660    31.3429     3.0509      1.076    7.60200     3.0626    24.9623   13.56950 9.0251e+01 0.0000e+00
         17  61.639942    0.00111     0.0667      4.000      1.084  51181.824    31.3729     3.0577      1.073    7.59897     3.0665    24.9857   13.56403 9.3136e+01 0.0000e+00
         18  61.639945    0.00118     0.0708      4.250      1.081  51209.023    31.3912     3.0626      1.070    7.59696     3.0697    25.0000   13.56044 9.5062e+01 0.0000e+00
         19  61.639948    0.00125     0.0750      4.500      1.082  51221.900    31.4001     3.0665      1.072    7.59569     3.0723    25.0068   13.55820 9.5644e+01 0.0000e+00
         20  61.639951    0.00132     0.0792      4.750      1.092  51221.500    31.4001     3.0698      1.082    7.59502     3.0737    25.0066   13.55708 9.4448e+01 0.0000e+00
         21  61.639954    0.00139     0.0833      5.000      1.108  51208.561    31.3917     3.0724      1.098    7.59494     3.0734    24.9997   13.55706 9.1306e+01 0.0000e+00
         22  61.639957    0.00146     0.0875      5.250      1.127  51187.327    31.3775     3.0738      1.116    7.59540     3.0713    24.9882   13.55799 8.6976e+01 0.0000e+00
         23  61.639959    0.00153     0.0917      5.500      1.139  51167.795    31.3641     3.0735      1.128    7.59613     3.0678    24.9776   13.55938 8.3362e+01 0.0000e+00
         24  61.639962    0.00160     0.0958      5.750      1.140  51159.367    31.3578     3.0713      1.129    7.59686     3.0640    24.9728   13.56065 8.2508e+01 0.0000e+00
         25  61.639965    0.00167     0.1000      6.000      1.129  51165.428    31.3610     3.0678      1.118    7.59736     3.0618    24.9756   13.56144 8.4711e+01 0.0000e+00
         26  61.639968    0.00174     0.1042      6.250      1.109  51184.149    31.3726     3.0641      1.098    7.59746     3.0622    24.9852   13.56146 8.8237e+01 0.0000e+00
         27  61.639971    0.00181     0.1083      6.500      1.089  51207.861    31.3881     3.0619      1.078    7.59708     3.0648    24.9977   13.56062 9.1293e+01 0.0000e+00
         28  61.639974    0.00187     0.1125      6.750      1.076  51225.961    31.4004     3.0623      1.066    7.59635     3.0678    25.0075   13.55926 9.3490e+01 0.0000e+00
         29  61.639977    0.00194     0.1167      7.000      1.076  51230.821    31.4044     3.0648      1.065    7.59567     3.0695    25.0104   13.55808 9.4356e+01 0.0000e+00
         30  61.639980    0.00201     0.1208      7.250      1.087  51220.104    31.3979     3.0679      1.077    7.59543     3.0682    25.0050   13.55777 9.3152e+01 0.0000e+00
         31  61.639983    0.00208     0.1250      7.500      1.105  51197.691    31.3832     3.0696      1.095    7.59586     3.0626    24.9931   13.55868 9.0884e+01 0.0000e+00
         32  61.639986    0.00215     0.1292      7.750      1.122  51175.354    31.3678     3.0683      1.111    7.59691     3.0531    24.9809   13.56061 8.9096e+01 0.0000e+00
         33  61.639988    0.00222     0.1333      8.000      1.133  51166.911    31.3606     3.0626      1.122    7.59834     3.0431    24.9757   13.56307 8.8118e+01 0.0000e+00
         34  61.639991    0.00229     0.1375      8.250      1.136  51177.094    31.3650     3.0532      1.125    7.59990     3.0366    24.9800   13.56559 8.7730e+01 0.0000e+00
         35  61.639994    0.00236     0.1417      8.500      1.132  51199.558    31.3775     3.0432      1.121    7.60114     3.0356    24.9908   13.56746 8.7738e+01 0.0000e+00
         36  61.639997    0.00243     0.1458      8.750      1.122  51223.704    31.3922     3.0366      1.112    7.60162     3.0399    25.0030   13.56806 8.8045e+01 0.0000e+00
         37  61.640000    0.00250     0.1500      9.000      1.111  51242.767    31.4048     3.0357      1.100    7.60115     3.0476    25.0132   13.56711 8.8591e+01 0.0000e+00
         38  61.640003    0.00257     0.1542      9.250      1.103  51255.034    31.4143     3.0400      1.092    7.59984     3.0561    25.0203   13.56483 8.9656e+01 0.0000e+00
         39  61.640006    0.00264     0.1583      9.500      1.102  51258.989    31.4190     3.0477      1.091    7.59815     3.0636    25.0234   13.56198 9.0989e+01 0.0000e+00
         40  61.640009    0.00271     0.1625      9.750      1.109  51252.214    31.4166     3.0562      1.099    7.59666     3.0685    25.0208   13.55955 9.0986e+01 0.0000e+00
         41  61.640012    0.00278     0.1667     10.000      1.122  51233.609    31.4059     3.0637      1.112    7.59580     3.0698    25.0117   13.55828 8.9147e+01 0.0000e+00
         42  61.640014    0.00285     0.1708     10.250      1.136  51206.083    31.3886     3.0686      1.125    7.59577     3.0666    24.9975   13.55846 8.6643e+01 0.0000e+00
         43  61.640017    0.00292     0.1750     10.500      1.143  51180.222    31.3715     3.0699      1.132    7.59642     3.0587    24.9837   13.55975 8.4650e+01 0.0000e+00
         44  61.640020    0.00299     0.1792     10.750      1.139  51169.832    31.3636     3.0666      1.128    7.59744     3.0489    24.9777   13.56154 8.3971e+01 0.0000e+00
         45  61.640023    0.00306     0.1833     11.000      1.125  51181.708    31.3696     3.0588      1.115    7.59861     3.0415    24.9832   13.56340 8.4577e+01 0.0000e+00
         46  61.640026    0.00313     0.1875     11.250      1.109  51211.661    31.3873     3.0489      1.098    7.59956     3.0397    24.9981   13.56472 8.5555e+01 0.0000e+00
         47  61.640029    0.00319     0.1917     11.500      1.099  51246.414    31.4089     3.0416      1.088    7.59982     3.0426    25.0159   13.56487 8.5564e+01 0.0000e+00
         48  61.640032    0.00326     0.1958     11.750      1.101  51269.341    31.4239     3.0397      1.091    7.59940     3.0469    25.0280   13.56396 8.3666e+01 0.0000e+00
         49  61.640035    0.00333     0.2000     12.000      1.115  51268.518    31.4241     3.0427      1.104    7.59883     3.0485    25.0280   13.56302 8.0155e+01 0.0000e+00
         50  61.640038    0.00340     0.2042     12.250      1.131  51246.310    31.4102     3.0470      1.120    7.59874     3.0447    25.0165   13.56306 7.6616e+01 0.0000e+00
         51  61.640041    0.00347     0.2083     12.500      1.140  51221.245    31.3936     3.0486      1.129    7.59929     3.0359    25.0032   13.56420 7.4702e+01 0.0000e+00
         52  61.640043    0.00354     0.2125     12.750      1.136  51213.510    31.3874     3.0448      1.126    7.60032     3.0260    24.9986   13.56598 7.4918e+01 0.0000e+00
         53  61.640046    0.00361     0.2167     13.000      1.123  51229.052    31.3957     3.0360      1.113    7.60156     3.0200    25.0058   13.56791 7.6897e+01 0.0000e+00
         54  61.640049    0.00368     0.2208     13.250      1.109  51257.730    31.4125     3.0261      1.098    7.60256     3.0205    25.0201   13.56934 7.9697e+01 0.0000e+00
         55  61.640052    0.00375     0.2250     13.500      1.102  51283.444    31.4283     3.0201      1.092    7.60288     3.0260    25.0332   13.56965 8.1744e+01 0.0000e+00
         56  61.640055    0.00382     0.2292     13.750      1.108  51293.174    31.4350     3.0206      1.098    7.60243     3.0322    25.0385   13.56882 8.1907e+01 0.0000e+00
         57  61.640058    0.00389     0.2333     14.000      1.125  51280.450    31.4278     3.0261      1.114    7.60176     3.0350    25.0323   13.56782 8.0634e+01 0.0000e+00
         58  61.640061    0.00396     0.2375     14.250      1.143  51252.788    31.4107     3.0323      1.133    7.60149     3.0322    25.0182   13.56759 7.9200e+01 0.0000e+00
         59  61.640064    0.00403     0.2417     14.500      1.154  51228.991    31.3953     3.0350      1.143    7.60176     3.0246    25.0057   13.56825 7.8541e+01 0.0000e+00
         60  61.640067    0.00410     0.2458     14.750      1.151  51222.037    31.3899     3.0322      1.140    7.60257     3.0156    25.0016   13.56966 7.9017e+01 0.0000e+00
         61  61.640069    0.00417     0.2500     15.000      1.135  51232.379    31.3949     3.0246      1.124    7.60375     3.0087    25.0062   13.57153 8.0581e+01 0.0000e+00
         62  61.640072    0.00424     0.2542     15.250      1.113  51253.401    31.4068     3.0156      1.103    7.60484     3.0064    25.0164   13.57317 8.2698e+01 0.0000e+00
         63  61.640075    0.00431     0.2583     15.500      1.096  51275.807    31.4201     3.0087      1.086    7.60545     3.0095    25.0276   13.57400 8.4208e+01 0.0000e+00
         64  61.640078    0.00438     0.2625     15.750      1.091  51290.320    31.4293     3.0064      1.081    7.60540     3.0163    25.0352   13.57380 8.4273e+01 0.0000e+00
         65  61.640081    0.00444     0.2667     16.000      1.099  51290.400    31.4302     3.0096      1.089    7.60476     3.0235    25.0356   13.57274 8.3324e+01 0.0000e+00
         66  61.640084    0.00451     0.2708     16.250      1.117  51273.540    31.4205     3.0163      1.107    7.60399     3.0286    25.0274   13.57159 8.2197e+01 0.0000e+00
         67  61.640087    0.00458     0.2750     16.500      1.137  51245.795    31.4037     3.0235      1.127    7.60350     3.0303    25.0133   13.57101 8.1482e+01 0.0000e+00
         68  61.640090    0.00465     0.2792     16.750      1.153  51219.376    31.3871     3.0287      1.142    7.60338     3.0276    24.9997   13.57103 8.1625e+01 0.0000e+00
         69  61.640093    0.00472     0.2833     17.000      1.160  51202.223    31.3760     3.0303      1.149    7.60365     3.0208    24.9906   13.57162 8.2340e+01 0.0000e+00
         70  61.640095    0.00479     0.2875     17.250      1.158  51196.579    31.3715     3.0276      1.148    7.60440     3.0116    24.9872   13.57291 8.3023e+01 0.0000e+00
         71  61.640098    0.00486     0.2917     17.500      1.150  51201.362    31.3729     3.0208      1.139    7.60560     3.0022    24.9890   13.57488 8.3704e+01 0.0000e+00
         72  61.640101    0.00493     0.2958     17.750      1.138  51212.986    31.3784     3.0116      1.127    7.60707     2.9948    24.9941   13.57722 8.4491e+01 0.0000e+00
         73  61.640104    0.00500     0.3000     18.000      1.126  51227.160    31.3855     3.0022      1.115    7.60847     2.9904    25.0006   13.57944 8.5056e+01 0.0000e+00
         74  61.640107    0.00507     0.3042     18.250      1.118  51241.242    31.3931     2.9949      1.108    7.60947     2.9895    25.0072   13.58100 8.5065e+01 0.0000e+00
         75  61.640110    0.00514     0.3083     18.500      1.117  51253.396    31.4002     2.9905      1.107    7.60993     2.9924    25.0132   13.58166 8.4428e+01 0.0000e+00
         76  61.640113    0.00521     0.3125     18.750      1.123  51259.050    31.4038     2.9896      1.112    7.60991     2.9980    25.0162   13.58159 8.3314e+01 0.0000e+00
         77  61.640116    0.00528     0.3167     19.000      1.131  51253.085    31.4005     2.9925      1.121    7.60955     3.0037    25.0133   13.58102 8.2270e+01 0.0000e+00
         78  61.640119    0.00535     0.3208     19.250      1.138  51235.740    31.3902     2.9980      1.128    7.60903     3.0076    25.0046   13.58030 8.2019e+01 0.0000e+00
         79  61.640122    0.00542     0.3250     19.500      1.142  51214.520    31.3774     3.0038      1.131    7.60860     3.0085    24.9939   13.57977 8.2606e+01 0.0000e+00
         80  61.640124    0.00549     0.3292     19.750      1.140  51197.852    31.3671     3.0076      1.130    7.60840     3.0064    24.9854   13.57958 8.3178e+01 0.0000e+00
         81  61.640127    0.00556     0.3333     20.000      1.136  51188.895    31.3613     3.0085      1.126    7.60853     3.0026    24.9807   13.57987 8.3308e+01 0.0000e+00
         82  61.640130    0.00562     0.3375     20.250      1.131  51187.212    31.3596     3.0065      1.120    7.60901     2.9984    24.9796   13.58067 8.3626e+01 0.0000e+00
         83  61.640133    0.00569     0.3417     20.500      1.125  51190.953    31.3612     3.0026      1.114    7.60966     2.9952    24.9811   13.58173 8.4342e+01 0.0000e+00
         84  61.640136    0.00576     0.3458     20.750      1.118  51197.924    31.3648     2.9985      1.107    7.61025     2.9935    24.9843   13.58265 8.4773e+01 0.0000e+00
         85  61.640139    0.00583     0.3500     21.000      1.113  51206.594    31.3698     2.9952      1.102    7.61060     2.9939    24.9886   13.58318 8.4512e+01 0.0000e+00
         86  61.640142    0.00590     0.3542     21.250      1.113  51217.297    31.3766     2.9936      1.102    7.61057     2.9966    24.9942   13.58303 8.3705e+01 0.0000e+00
         87  61.640145    0.00597     0.3583     21.500      1.121  51230.921    31.3859     2.9940      1.111    7.61002     3.0018    25.0016   13.58200 8.2334e+01 0.0000e+00
         88  61.640148    0.00604     0.3625     21.750      1.137  51243.088    31.3948     2.9967      1.127    7.60903     3.0077    25.0085   13.58025 8.0049e+01 0.0000e+00
         89  61.640150    0.00611     0.3667     22.000      1.156  51244.546    31.3971     3.0019      1.145    7.60794     3.0111    25.0099   13.57842 7.7445e+01 0.0000e+00
         90  61.640153    0.00618     0.3708     22.250      1.168  51232.158    31.3903     3.0078      1.158    7.60717     3.0086    25.0039   13.57724 7.5863e+01 0.0000e+00
