CTD-processing/allCTD/CNV--turbid/2018_07-24_t9_s10_cast188.cnv
* Sea-Bird SBE19plus Data File:
* FileName = C:\Users\Kim.Powell\Desktop\Not Processed\2018\2018_08-24_T4, T9_5028\2018_07-24_TRANSECT_STATION_cast188.hex
* Software Version 1.59
* Temperature SN =  5028
* Conductivity SN =  5028
* System UpLoad Time = Jul 26 2018 09:39:05
** 2018_07-24
** Station: 9-10
** Start Time: 14:13
** Depth (m): 62
** Comment:
** Comment:
# nquan = 16
# nvalues = 522                         
# units = specified
# name 0 = scan: Scan Count
# name 1 = timeJ: Julian Days
# name 2 = timeH: Time, Elapsed [hours]
# name 3 = timeM: Time, Elapsed [minutes]
# name 4 = timeS: Time, Elapsed [seconds]
# name 5 = prdM: Pressure, Strain Gauge [db]
# name 6 = specc: Specific Conductance [uS/cm]
# name 7 = sal00: Salinity, Practical [PSU]
# name 8 = tv290C: Temperature [ITS-90, deg C]
# name 9 = depSM: Depth [salt water, m], lat = 59.00
# name 10 = oxsolML/L: Oxygen Saturation, Garcia & Gordon [ml/l]
# name 11 = potemp090C: Potential Temperature [ITS-90, deg C]
# name 12 = sigma-é00: Density [sigma-theta, kg/m^3]
# name 13 = n2satML/L: Nitrogen Saturation [ml/l]
# name 14 = par: PAR/Irradiance, Biospherical/Licor
# name 15 = flag:  0.000e+00
# span 0 =          1,        522       
# span 1 = 205.593183, 205.594690       
# span 2 =    0.00000,    0.03618       
# span 3 =     0.0000,     2.1708       
# span 4 =      0.000,    130.250       
# span 5 =      0.739,     60.678       
# span 6 =  35991.611,  49976.783       
# span 7 =    22.4399,    31.5283       
# span 8 =     7.9986,    14.3125       
# span 9 =      0.732,     60.101       
# span 10 =    6.18804,    6.75104      
# span 11 =     7.9929,    14.3123      
# span 12 =    16.4848,    24.5494      
# span 13 =   11.29443,   12.16126      
# span 14 = 6.2349e-02, 2.2911e+02      
# span 15 = 0.0000e+00, 0.0000e+00      
# interval = seconds: 0.25
# start_time = Jul 24 2018 14:14:11 [Instrument's time stamp, header]
# bad_flag = -9.990e-29
*END*
[from data line 181]
        182 205.593707    0.01257     0.7542     45.250      0.743  36770.090    22.9630    13.8935      0.736    6.27138    13.9038    16.9272   11.46771 1.8387e+02 0.0000e+00
        183 205.593709    0.01264     0.7583     45.500      0.745  36801.401    22.9844    13.8909      0.737    6.27089    13.9329    16.9441   11.46664 1.8476e+02 0.0000e+00
        184 205.593712    0.01271     0.7625     45.750      0.762  36826.041    23.0021    13.9039      0.755    6.26852    13.9706    16.9553   11.46246 1.8506e+02 0.0000e+00
        185 205.593715    0.01278     0.7667     46.000      0.789  36832.540    23.0081    13.9330      0.781    6.26449    14.0048    16.9545   11.45565 1.8144e+02 0.0000e+00
        186 205.593718    0.01285     0.7708     46.250      0.815  36808.495    22.9936    13.9707      0.807    6.26013    14.0261    16.9363   11.44855 1.7532e+02 0.0000e+00
        187 205.593721    0.01292     0.7750     46.500      0.830  36759.085    22.9615    14.0049      0.822    6.25691    14.0293    16.9052   11.44356 1.6951e+02 0.0000e+00
        188 205.593724    0.01299     0.7792     46.750      0.828  36710.072    22.9289    14.0262      0.821    6.25540    14.0152    16.8762   11.44142 1.6479e+02 0.0000e+00
        189 205.593727    0.01306     0.7833     47.000      0.812  36687.745    22.9137    14.0294      0.804    6.25558    13.9935    16.8639   11.44188 1.6146e+02 0.0000e+00
        190 205.593730    0.01313     0.7875     47.250      0.788  36700.989    22.9221    14.0153      0.780    6.25709    13.9774    16.8730   11.44431 1.5989e+02 0.0000e+00
        191 205.593733    0.01319     0.7917     47.500      0.767  36737.943    22.9463    13.9936      0.760    6.25898    13.9763    16.8957   11.44717 1.6104e+02 0.0000e+00
        192 205.593736    0.01326     0.7958     47.750      0.759  36776.489    22.9720    13.9775      0.752    6.26008    13.9923    16.9184   11.44871 1.6546e+02 0.0000e+00
        193 205.593738    0.01333     0.8000     48.000      0.765  36801.223    22.9889    13.9763      0.758    6.25957    14.0194    16.9317   11.44766 1.7058e+02 0.0000e+00
        194 205.593741    0.01340     0.8042     48.250      0.781  36805.548    22.9928    13.9924      0.773    6.25733    14.0473    16.9316   11.44387 1.7355e+02 0.0000e+00
        195 205.593744    0.01347     0.8083     48.500      0.798  36783.377    22.9790    14.0195      0.790    6.25434    14.0687    16.9159   11.43904 1.7378e+02 0.0000e+00
        196 205.593747    0.01354     0.8125     48.750      0.809  36739.344    22.9502    14.0474      0.801    6.25182    14.0792    16.8886   11.43517 1.7186e+02 0.0000e+00
        197 205.593750    0.01361     0.8167     49.000      0.811  36692.093    22.9188    14.0688      0.803    6.25026    14.0769    16.8604   11.43293 1.6965e+02 0.0000e+00
        198 205.593753    0.01368     0.8208     49.250      0.806  36658.791    22.8965    14.0793      0.798    6.24975    14.0645    16.8413   11.43235 1.6889e+02 0.0000e+00
        199 205.593756    0.01375     0.8250     49.500      0.795  36647.772    22.8888    14.0770      0.788    6.25035    14.0492    16.8358   11.43344 1.6971e+02 0.0000e+00
        200 205.593759    0.01382     0.8292     49.750      0.783  36658.038    22.8952    14.0646      0.776    6.25170    14.0373    16.8431   11.43563 1.7160e+02 0.0000e+00
        201 205.593762    0.01389     0.8333     50.000      0.773  36683.144    22.9116    14.0493      0.766    6.25306    14.0323    16.8586   11.43771 1.7388e+02 0.0000e+00
        202 205.593764    0.01396     0.8375     50.250      0.769  36715.490    22.9332    14.0374      0.761    6.25378    14.0354    16.8775   11.43864 1.7689e+02 0.0000e+00
        203 205.593767    0.01403     0.8417     50.500      0.772  36745.697    22.9537    14.0324      0.764    6.25363    14.0459    16.8942   11.43815 1.8099e+02 0.0000e+00
        204 205.593770    0.01410     0.8458     50.750      0.781  36764.060    22.9665    14.0355      0.774    6.25273    14.0615    16.9034   11.43651 1.8451e+02 0.0000e+00
        205 205.593773    0.01417     0.8500     51.000      0.795  36765.000    22.9677    14.0460      0.787    6.25132    14.0789    16.9024   11.43414 1.8665e+02 0.0000e+00
        206 205.593776    0.01424     0.8542     51.250      0.807  36748.553    22.9573    14.0616      0.799    6.24969    14.0947    16.8914   11.43153 1.8763e+02 0.0000e+00
        207 205.593779    0.01431     0.8583     51.500      0.814  36720.471    22.9389    14.0790      0.806    6.24815    14.1066    16.8740   11.42917 1.8712e+02 0.0000e+00
        208 205.593782    0.01438     0.8625     51.750      0.814  36691.374    22.9197    14.0948      0.807    6.24684    14.1129    16.8562   11.42721 1.8616e+02 0.0000e+00
        209 205.593785    0.01444     0.8667     52.000      0.810  36670.470    22.9059    14.1067      0.802    6.24583    14.1144    16.8434   11.42568 1.8571e+02 0.0000e+00
        210 205.593788    0.01451     0.8708     52.250      0.802  36661.812    22.9003    14.1130      0.795    6.24523    14.1143    16.8379   11.42474 1.8518e+02 0.0000e+00
        211 205.593791    0.01458     0.8750     52.500      0.795  36665.071    22.9027    14.1145      0.788    6.24494    14.1157    16.8394   11.42424 1.8473e+02 0.0000e+00
        212 205.593793    0.01465     0.8792     52.750      0.789  36676.455    22.9105    14.1144      0.782    6.24464    14.1196    16.8454   11.42365 1.8575e+02 0.0000e+00
        213 205.593796    0.01472     0.8833     53.000      0.787  36691.875    22.9212    14.1158      0.780    6.24406    14.1268    16.8534   11.42254 1.8843e+02 0.0000e+00
        214 205.593799    0.01479     0.8875     53.250      0.790  36708.909    22.9331    14.1197      0.783    6.24309    14.1376    16.8618   11.42079 1.9010e+02 0.0000e+00
        215 205.593802    0.01486     0.8917     53.500      0.797  36724.628    22.9443    14.1269      0.790    6.24173    14.1507    16.8691   11.41838 1.8968e+02 0.0000e+00
        216 205.593805    0.01493     0.8958     53.750      0.808  36733.481    22.9509    14.1377      0.800    6.24006    14.1623    16.8721   11.41553 1.8949e+02 0.0000e+00
        217 205.593808    0.01500     0.9000     54.000      0.818  36728.424    22.9481    14.1508      0.810    6.23848    14.1689    16.8675   11.41291 1.8967e+02 0.0000e+00
        218 205.593811    0.01507     0.9042     54.250      0.822  36706.580    22.9337    14.1624      0.815    6.23753    14.1680    16.8543   11.41149 1.8914e+02 0.0000e+00
        219 205.593814    0.01514     0.9083     54.500      0.817  36677.833    22.9143    14.1690      0.810    6.23742    14.1591    16.8381   11.41155 1.8837e+02 0.0000e+00
        220 205.593817    0.01521     0.9125     54.750      0.804  36662.826    22.9039    14.1681      0.796    6.23793    14.1461    16.8303   11.41252 1.8683e+02 0.0000e+00
        221 205.593819    0.01528     0.9167     55.000      0.787  36676.917    22.9132    14.1592      0.779    6.23873    14.1369    16.8391   11.41375 1.8457e+02 0.0000e+00
        222 205.593822    0.01535     0.9208     55.250      0.774  36715.619    22.9391    14.1462      0.767    6.23943    14.1370    16.8615   11.41460 1.8394e+02 0.0000e+00
        223 205.593825    0.01542     0.9250     55.500      0.771  36758.071    22.9678    14.1370      0.764    6.23951    14.1460    16.8853   11.41440 1.8464e+02 0.0000e+00
        224 205.593828    0.01549     0.9292     55.750      0.775  36787.032    22.9878    14.1371      0.768    6.23872    14.1592    16.9006   11.41284 1.8473e+02 0.0000e+00
        225 205.593831    0.01556     0.9333     56.000      0.785  36798.374    22.9960    14.1461      0.778    6.23724    14.1723    16.9053   11.41027 1.8459e+02 0.0000e+00
        226 205.593834    0.01563     0.9375     56.250      0.795  36795.027    22.9944    14.1593      0.788    6.23558    14.1830    16.9015   11.40752 1.8406e+02 0.0000e+00
        227 205.593837    0.01569     0.9417     56.500      0.802  36782.362    22.9864    14.1724      0.795    6.23421    14.1911    16.8929   11.40532 1.8172e+02 0.0000e+00
        228 205.593840    0.01576     0.9458     56.750      0.805  36764.417    22.9746    14.1831      0.798    6.23327    14.1964    16.8818   11.40390 1.7870e+02 0.0000e+00
        229 205.593843    0.01583     0.9500     57.000      0.804  36740.623    22.9587    14.1912      0.797    6.23284    14.1981    16.8680   11.40336 1.7823e+02 0.0000e+00
        230 205.593845    0.01590     0.9542     57.250      0.798  36712.351    22.9395    14.1965      0.790    6.23289    14.1951    16.8522   11.40367 1.8079e+02 0.0000e+00
        231 205.593848    0.01597     0.9583     57.500      0.787  36690.099    22.9243    14.1982      0.780    6.23325    14.1877    16.8402   11.40446 1.8440e+02 0.0000e+00
        232 205.593851    0.01604     0.9625     57.750      0.774  36688.240    22.9229    14.1952      0.767    6.23370    14.1800    16.8397   11.40522 1.8792e+02 0.0000e+00
        233 205.593854    0.01611     0.9667     58.000      0.767  36713.120    22.9396    14.1878      0.759    6.23401    14.1778    16.8540   11.40555 1.9051e+02 0.0000e+00
        234 205.593857    0.01618     0.9708     58.250      0.769  36753.366    22.9669    14.1801      0.762    6.23395    14.1823    16.8764   11.40513 1.9222e+02 0.0000e+00
        235 205.593860    0.01625     0.9750     58.500      0.781  36786.075    22.9893    14.1779      0.774    6.23338    14.1899    16.8940   11.40391 1.9342e+02 0.0000e+00
        236 205.593863    0.01632     0.9792     58.750      0.796  36793.411    22.9946    14.1824      0.789    6.23259    14.1952    16.8972   11.40253 1.9293e+02 0.0000e+00
        237 205.593866    0.01639     0.9833     59.000      0.806  36774.555    22.9820    14.1899      0.798    6.23211    14.1948    16.8861   11.40186 1.9125e+02 0.0000e+00
        238 205.593869    0.01646     0.9875     59.250      0.804  36749.986    22.9654    14.1953      0.796    6.23205    14.1885    16.8723   11.40197 1.8994e+02 0.0000e+00
        239 205.593872    0.01653     0.9917     59.500      0.793  36747.406    22.9636    14.1949      0.785    6.23217    14.1815    16.8710   11.40219 1.8912e+02 0.0000e+00
        240 205.593874    0.01660     0.9958     59.750      0.779  36781.792    22.9869    14.1885      0.772    6.23210    14.1825    16.8902   11.40180 1.8817e+02 0.0000e+00
        241 205.593877    0.01667     1.0000     60.000      0.769  36849.936    23.0334    14.1816      0.762    6.23120    14.1964    16.9273   11.39976 1.8656e+02 0.0000e+00
        242 205.593880    0.01674     1.0042     60.250      0.768  36931.732    23.0898    14.1826      0.760    6.22890    14.2203    16.9704   11.39525 1.8443e+02 0.0000e+00
        243 205.593883    0.01681     1.0083     60.500      0.773  36999.130    23.1369    14.1964      0.766    6.22530    14.2464    17.0040   11.38869 1.8226e+02 0.0000e+00
        244 205.593886    0.01688     1.0125     60.750      0.783  37037.471    23.1646    14.2203      0.776    6.22116    14.2685    17.0207   11.38144 1.8122e+02 0.0000e+00
        245 205.593889    0.01694     1.0167     61.000      0.793  37052.891    23.1766    14.2465      0.785    6.21733    14.2849    17.0250   11.37490 1.8191e+02 0.0000e+00
        246 205.593892    0.01701     1.0208     61.250      0.799  37056.831    23.1805    14.2686      0.791    6.21433    14.2960    17.0238   11.36984 1.8324e+02 0.0000e+00
        247 205.593895    0.01708     1.0250     61.500      0.801  37055.768    23.1806    14.2850      0.793    6.21222    14.3032    17.0208   11.36631 1.8524e+02 0.0000e+00
        248 205.593898    0.01715     1.0292     61.750      0.800  37053.554    23.1796    14.2961      0.792    6.21082    14.3076    17.0179   11.36399 1.8816e+02 0.0000e+00
        249 205.593900    0.01722     1.0333     62.000      0.798  37053.198    23.1798    14.3033      0.790    6.20990    14.3102    17.0167   11.36244 1.8985e+02 0.0000e+00
        250 205.593903    0.01729     1.0375     62.250      0.800  37056.110    23.1820    14.3077      0.792    6.20924    14.3117    17.0175   11.36132 1.8951e+02 0.0000e+00
        251 205.593906    0.01736     1.0417     62.500      0.804  37062.381    23.1865    14.3103      0.797    6.20873    14.3123    17.0205   11.36042 1.8904e+02 0.0000e+00
        252 205.593909    0.01743     1.0458     62.750      0.809  37070.988    23.1925    14.3118      0.801    6.20832    14.3123    17.0248   11.35966 1.8966e+02 0.0000e+00
        253 205.593912    0.01750     1.0500     63.000      0.810  37078.240    23.1975    14.3124      0.802    6.20805    14.3121    17.0285   11.35914 1.9117e+02 0.0000e+00
        254 205.593915    0.01757     1.0542     63.250      0.806  37080.080    23.1988    14.3125      0.799    6.20799    14.3115    17.0295   11.35903 1.9309e+02 0.0000e+00
        255 205.593918    0.01764     1.0583     63.500      0.799  37078.583    23.1977    14.3122      0.792    6.20806    14.3108    17.0288   11.35917 1.9556e+02 0.0000e+00
        256 205.593921    0.01771     1.0625     63.750      0.795  37080.261    23.1989    14.3116      0.788    6.20809    14.3098    17.0297   11.35920 1.9787e+02 0.0000e+00
        257 205.593924    0.01778     1.0667     64.000      0.798  37089.992    23.2056    14.3109      0.791    6.20793    14.3083    17.0350   11.35885 1.9760e+02 0.0000e+00
        258 205.593927    0.01785     1.0708     64.250      0.810  37109.652    23.2191    14.3099      0.802    6.20754    14.3061    17.0456   11.35805 1.9532e+02 0.0000e+00
        259 205.593929    0.01792     1.0750     64.500      0.826  37138.819    23.2391    14.3085      0.819    6.20695    14.3026    17.0613   11.35683 1.9391e+02 0.0000e+00
        260 205.593932    0.01799     1.0792     64.750      0.846  37176.365    23.2649    14.3063      0.838    6.20625    14.2968    17.0815   11.35535 1.9253e+02 0.0000e+00
        261 205.593935    0.01806     1.0833     65.000      0.872  37224.869    23.2982    14.3027      0.864    6.20543    14.2874    17.1078   11.35359 1.8844e+02 0.0000e+00
        262 205.593938    0.01812     1.0875     65.250      0.915  37297.307    23.3480    14.2969      0.906    6.20426    14.2719    17.1471   11.35106 1.8099e+02 0.0000e+00
        263 205.593941    0.01819     1.0917     65.500      0.990  37418.709    23.4313    14.2875      0.981    6.20228    14.2466    17.2130   11.34677 1.7004e+02 0.0000e+00
        264 205.593944    0.01826     1.0958     65.750      1.110  37618.927    23.5687    14.2721      1.100    6.19900    14.2078    17.3217   11.33969 1.5628e+02 0.0000e+00
        265 205.593947    0.01833     1.1000     66.000      1.271  37905.140    23.7651    14.2468      1.259    6.19472    14.1550    17.4775   11.33025 1.4204e+02 0.0000e+00
        266 205.593950    0.01840     1.1042     66.250      1.457  38241.156    23.9953    14.2080      1.443    6.19089    14.0918    17.6620   11.32116 1.2890e+02 0.0000e+00
        267 205.593953    0.01847     1.1083     66.500      1.654  38581.643    24.2280    14.1552      1.638    6.18875    14.0222    17.8510   11.31487 1.1716e+02 0.0000e+00
        268 205.593955    0.01854     1.1125     66.750      1.853  38910.327    24.4520    14.0921      1.835    6.18828    13.9464    18.0354   11.31146 1.0681e+02 0.0000e+00
        269 205.593958    0.01861     1.1167     67.000      2.054  39238.248    24.6753    14.0225      2.035    6.18867    13.8587    18.2205   11.30951 9.7644e+01 0.0000e+00
        270 205.593961    0.01868     1.1208     67.250      2.263  39597.992    24.9205    13.9467      2.242    6.18904    13.7461    18.4236   11.30725 8.9174e+01 0.0000e+00
        271 205.593964    0.01875     1.1250     67.500      2.486  40041.199    25.2231    13.8590      2.463    6.18876    13.5882    18.6732   11.30325 8.0986e+01 0.0000e+00
