CTD-processing/allCTD/CNV--turbid/2018_09-13_t9_s04_cast019.cnv
* Sea-Bird SBE19plus Data File:
* FileName = C:\Users\Kim.Powell\Desktop\Not Processed\2018\2018_09-13_T3, T4, T9_5028\2018_09-13_TRANSECT_STATION_cast019.hex
* Software Version 1.59
* Temperature SN =  5028
* Conductivity SN =  5028
* System UpLoad Time = Sep 14 2018 16:05:26
** 2018_09-13
** Station: 9-04
** Start Time: 14:39
** Depth (m): 94
** Comment:
** Comment:
# nquan = 16
# nvalues = 785                         
# units = specified
# name 0 = scan: Scan Count
# name 1 = timeJ: Julian Days
# name 2 = timeH: Time, Elapsed [hours]
# name 3 = timeM: Time, Elapsed [minutes]
# name 4 = timeS: Time, Elapsed [seconds]
# name 5 = prdM: Pressure, Strain Gauge [db]
# name 6 = specc: Specific Conductance [uS/cm]
# name 7 = sal00: Salinity, Practical [PSU]
# name 8 = tv290C: Temperature [ITS-90, deg C]
# name 9 = depSM: Depth [salt water, m], lat = 59.00
# name 10 = oxsolML/L: Oxygen Saturation, Garcia & Gordon [ml/l]
# name 11 = potemp090C: Potential Temperature [ITS-90, deg C]
# name 12 = sigma-é00: Density [sigma-theta, kg/m^3]
# name 13 = n2satML/L: Nitrogen Saturation [ml/l]
# name 14 = par: PAR/Irradiance, Biospherical/Licor
# name 15 = flag:  0.000e+00
# span 0 =          1,        785       
# span 1 = 256.612176, 256.614444       
# span 2 =    0.00000,    0.05444       
# span 3 =     0.0000,     3.2667       
# span 4 =      0.000,    196.000       
# span 5 =     -0.055,     94.407       
# span 6 =   1958.888,  49112.645       
# span 7 =     0.9856,    31.1297       
# span 8 =     9.5182,    11.4799       
# span 9 =     -0.054,     93.504       
# span 10 =    6.33784,    7.67227      
# span 11 =     9.5084,    11.4799      
# span 12 =     0.3815,    24.0101      
# span 13 =   11.50082,   14.11044      
# span 14 = 5.9708e-02, 1.7887e+03      
# span 15 = 0.0000e+00, 0.0000e+00      
# interval = seconds: 0.25
# start_time = Sep 13 2018 14:41:32 [Instrument's time stamp, header]
# bad_flag = -9.990e-29
*END*
[from data line 272]
        273 256.612963    0.01889     1.1333     68.000      0.653  46589.025    29.6069    11.3644      0.646    6.34614    11.3704    22.5169   11.51358 6.8158e+02 0.0000e+00
        274 256.612966    0.01896     1.1375     68.250      0.658  46583.610    29.6033    11.3668      0.651    6.34596    11.3751    22.5137   11.51333 6.7862e+02 0.0000e+00
        275 256.612969    0.01903     1.1417     68.500      0.664  46578.590    29.6001    11.3705      0.657    6.34559    11.3797    22.5106   11.51274 6.5978e+02 0.0000e+00
        276 256.612972    0.01910     1.1458     68.750      0.668  46574.442    29.5977    11.3752      0.661    6.34504    11.3831    22.5079   11.51186 6.3257e+02 0.0000e+00
        277 256.612975    0.01917     1.1500     69.000      0.667  46571.967    29.5964    11.3798      0.661    6.34446    11.3848    22.5061   11.51093 6.5071e+02 0.0000e+00
        278 256.612977    0.01924     1.1542     69.250      0.662  46570.984    29.5960    11.3831      0.656    6.34402    11.3851    22.5052   11.51020 7.1594e+02 0.0000e+00
        279 256.612980    0.01931     1.1583     69.500      0.655  46570.332    29.5957    11.3849      0.649    6.34379    11.3847    22.5047   11.50983 7.7560e+02 0.0000e+00
        280 256.612983    0.01938     1.1625     69.750      0.649  46569.102    29.5949    11.3852      0.643    6.34378    11.3847    22.5040   11.50982 8.0729e+02 0.0000e+00
        281 256.612986    0.01944     1.1667     70.000      0.648  46567.109    29.5935    11.3848      0.642    6.34389    11.3856    22.5030   11.51002 7.9186e+02 0.0000e+00
        282 256.612989    0.01951     1.1708     70.250      0.651  46564.799    29.5919    11.3848      0.645    6.34397    11.3875    22.5017   11.51016 7.5368e+02 0.0000e+00
        283 256.612992    0.01958     1.1750     70.500      0.657  46562.691    29.5905    11.3857      0.651    6.34390    11.3896    22.5005   11.51006 7.5152e+02 0.0000e+00
        284 256.612995    0.01965     1.1792     70.750      0.662  46561.241    29.5896    11.3876      0.656    6.34368    11.3912    22.4995   11.50970 7.8530e+02 0.0000e+00
        285 256.612998    0.01972     1.1833     71.000      0.664  46560.846    29.5896    11.3897      0.658    6.34339    11.3918    22.4991   11.50923 8.3162e+02 0.0000e+00
        286 256.613001    0.01979     1.1875     71.250      0.662  46561.201    29.5900    11.3913      0.656    6.34316    11.3913    22.4991   11.50884 8.8277e+02 0.0000e+00
        287 256.613003    0.01986     1.1917     71.500      0.657  46561.477    29.5903    11.3919      0.650    6.34306    11.3897    22.4992   11.50868 9.0967e+02 0.0000e+00
        288 256.613006    0.01993     1.1958     71.750      0.651  46561.226    29.5900    11.3914      0.645    6.34314    11.3876    22.4991   11.50882 8.8995e+02 0.0000e+00
        289 256.613009    0.02000     1.2000     72.000      0.649  46560.665    29.5895    11.3898      0.643    6.34338    11.3848    22.4990   11.50921 8.8566e+02 0.0000e+00
        290 256.613012    0.02007     1.2042     72.250      0.650  46560.485    29.5891    11.3877      0.644    6.34369    11.3808    22.4991   11.50972 9.3836e+02 0.0000e+00
        291 256.613015    0.02014     1.2083     72.500      0.654  46561.477    29.5896    11.3849      0.648    6.34404    11.3736    22.4999   11.51030 1.0247e+03 0.0000e+00
        292 256.613018    0.02021     1.2125     72.750      0.659  46564.566    29.5913    11.3809      0.652    6.34452    11.3615    22.5019   11.51108 1.1903e+03 0.0000e+00
        293 256.613021    0.02028     1.2167     73.000      0.662  46570.877    29.5950    11.3737      0.655    6.34535    11.3458    22.5061   11.51241 1.5417e+03 0.0000e+00
        294 256.613024    0.02035     1.2208     73.250      0.662  46582.940    29.6023    11.3615      0.656    6.34671    11.3317    22.5138   11.51459 1.7887e+03 0.0000e+00
        295 256.613027    0.02042     1.2250     73.500      0.659  46601.515    29.6138    11.3458      0.653    6.34839    11.3228    22.5255   11.51723 1.5828e+03 0.0000e+00
        296 256.613030    0.02049     1.2292     73.750      0.655  46620.354    29.6256    11.3317      0.649    6.34983    11.3194    22.5371   11.51949 1.2530e+03 0.0000e+00
        297 256.613032    0.02056     1.2333     74.000      0.651  46633.311    29.6338    11.3229      0.645    6.35070    11.3213    22.5450   11.52084 1.0680e+03 0.0000e+00
        298 256.613035    0.02063     1.2375     74.250      0.649  46640.652    29.6386    11.3195      0.643    6.35098    11.3289    22.5494   11.52124 9.5906e+02 0.0000e+00
        299 256.613038    0.02069     1.2417     74.500      0.651  46643.562    29.6409    11.3214      0.644    6.35063    11.3413    22.5508   11.52064 9.0757e+02 0.0000e+00
        300 256.613041    0.02076     1.2458     74.750      0.654  46640.825    29.6397    11.3290      0.647    6.34964    11.3555    22.5485   11.51900 8.8422e+02 0.0000e+00
        301 256.613044    0.02083     1.2500     75.000      0.656  46632.125    29.6349    11.3414      0.650    6.34814    11.3679    22.5426   11.51658 8.7339e+02 0.0000e+00
        302 256.613047    0.02090     1.2542     75.250      0.658  46618.919    29.6270    11.3556      0.652    6.34653    11.3756    22.5341   11.51399 8.5807e+02 0.0000e+00
        303 256.613050    0.02097     1.2583     75.500      0.657  46603.574    29.6175    11.3680      0.651    6.34523    11.3782    22.5245   11.51195 8.3078e+02 0.0000e+00
        304 256.613053    0.02104     1.2625     75.750      0.654  46590.401    29.6090    11.3757      0.648    6.34452    11.3770    22.5166   11.51088 8.1754e+02 0.0000e+00
        305 256.613056    0.02111     1.2667     76.000      0.652  46582.318    29.6035    11.3783      0.646    6.34439    11.3739    22.5119   11.51072 8.6303e+02 0.0000e+00
        306 256.613058    0.02118     1.2708     76.250      0.650  46579.091    29.6011    11.3771      0.644    6.34463    11.3693    22.5102   11.51115 9.6483e+02 0.0000e+00
        307 256.613061    0.02125     1.2750     76.500      0.650  46579.199    29.6009    11.3740      0.644    6.34507    11.3627    22.5106   11.51189 1.0606e+03 0.0000e+00
        308 256.613064    0.02132     1.2792     76.750      0.652  46580.676    29.6015    11.3694      0.646    6.34567    11.3532    22.5118   11.51288 1.1229e+03 0.0000e+00
        309 256.613067    0.02139     1.2833     77.000      0.655  46583.558    29.6029    11.3628      0.649    6.34651    11.3407    22.5140   11.51425 1.1493e+03 0.0000e+00
        310 256.613070    0.02146     1.2875     77.250      0.658  46590.360    29.6067    11.3533      0.652    6.34766    11.3273    22.5187   11.51611 1.1204e+03 0.0000e+00
        311 256.613073    0.02153     1.2917     77.500      0.659  46602.715    29.6141    11.3408      0.653    6.34906    11.3159    22.5266   11.51834 1.0685e+03 0.0000e+00
        312 256.613076    0.02160     1.2958     77.750      0.659  46618.280    29.6237    11.3274      0.653    6.35049    11.3080    22.5364   11.52061 1.0542e+03 0.0000e+00
        313 256.613079    0.02167     1.3000     78.000      0.657  46632.600    29.6326    11.3159      0.651    6.35170    11.3047    22.5453   11.52251 1.0465e+03 0.0000e+00
        314 256.613082    0.02174     1.3042     78.250      0.655  46643.609    29.6396    11.3081      0.649    6.35249    11.3074    22.5520   11.52374 9.9633e+02 0.0000e+00
        315 256.613084    0.02181     1.3083     78.500      0.653  46651.186    29.6446    11.3048      0.647    6.35274    11.3164    22.5565   11.52409 9.2038e+02 0.0000e+00
        316 256.613087    0.02187     1.3125     78.750      0.653  46654.325    29.6470    11.3074      0.647    6.35228    11.3302    22.5580   11.52330 8.5902e+02 0.0000e+00
        317 256.613090    0.02194     1.3167     79.000      0.654  46651.041    29.6456    11.3165      0.648    6.35111    11.3458    22.5553   11.52137 8.2138e+02 0.0000e+00
        318 256.613093    0.02201     1.3208     79.250      0.655  46641.400    29.6402    11.3303      0.649    6.34944    11.3609    22.5488   11.51867 7.7067e+02 0.0000e+00
        319 256.613096    0.02208     1.3250     79.500      0.652  46628.597    29.6328    11.3459      0.646    6.34761    11.3742    22.5403   11.51571 7.1060e+02 0.0000e+00
        320 256.613099    0.02215     1.3292     79.750      0.647  46616.497    29.6259    11.3609      0.641    6.34585    11.3864    22.5322   11.51287 6.8598e+02 0.0000e+00
        321 256.613102    0.02222     1.3333     80.000      0.641  46607.807    29.6211    11.3743      0.635    6.34423    11.3980    22.5262   11.51024 7.1080e+02 0.0000e+00
        322 256.613105    0.02229     1.3375     80.250      0.636  46601.339    29.6178    11.3865      0.630    6.34270    11.4069    22.5215   11.50775 7.5419e+02 0.0000e+00
        323 256.613108    0.02236     1.3417     80.500      0.636  46592.719    29.6129    11.3981      0.630    6.34132    11.4087    22.5157   11.50552 7.6950e+02 0.0000e+00
        324 256.613111    0.02243     1.3458     80.750      0.642  46580.467    29.6052    11.4070      0.636    6.34042    11.3983    22.5081   11.50411 7.3929e+02 0.0000e+00
        325 256.613113    0.02250     1.3500     81.000      0.651  46567.928    29.5965    11.4087      0.645    6.34053    11.3750    22.5011   11.50440 6.8869e+02 0.0000e+00
        326 256.613116    0.02257     1.3542     81.250      0.661  46563.829    29.5925    11.3983      0.654    6.34210    11.3457    22.4998   11.50705 6.6219e+02 0.0000e+00
        327 256.613119    0.02264     1.3583     81.500      0.666  46577.889    29.6001    11.3751      0.660    6.34497    11.3198    22.5097   11.51172 6.7288e+02 0.0000e+00
        328 256.613122    0.02271     1.3625     81.750      0.665  46606.072    29.6169    11.3458      0.659    6.34827    11.3014    22.5279   11.51700 7.0572e+02 0.0000e+00
        329 256.613125    0.02278     1.3667     82.000      0.660  46634.634    29.6344    11.3199      0.654    6.35109    11.2901    22.5460   11.52148 7.4995e+02 0.0000e+00
        330 256.613128    0.02285     1.3708     82.250      0.654  46656.336    29.6478    11.3015      0.647    6.35306    11.2837    22.5596   11.52459 7.9676e+02 0.0000e+00
        331 256.613131    0.02292     1.3750     82.500      0.649  46670.102    29.6564    11.2902      0.643    6.35426    11.2799    22.5682   11.52647 8.3553e+02 0.0000e+00
        332 256.613134    0.02299     1.3792     82.750      0.649  46677.461    29.6609    11.2838      0.643    6.35495    11.2772    22.5729   11.52756 8.3232e+02 0.0000e+00
        333 256.613137    0.02306     1.3833     83.000      0.652  46681.513    29.6633    11.2799      0.646    6.35537    11.2749    22.5754   11.52823 7.7242e+02 0.0000e+00
        334 256.613139    0.02313     1.3875     83.250      0.655  46684.206    29.6650    11.2772      0.649    6.35567    11.2728    22.5772   11.52872 7.3089e+02 0.0000e+00
        335 256.613142    0.02319     1.3917     83.500      0.654  46686.323    29.6662    11.2750      0.648    6.35593    11.2711    22.5785   11.52913 7.6722e+02 0.0000e+00
        336 256.613145    0.02326     1.3958     83.750      0.649  46688.633    29.6677    11.2728      0.643    6.35616    11.2705    22.5800   11.52950 8.2962e+02 0.0000e+00
        337 256.613148    0.02333     1.4000     84.000      0.642  46691.169    29.6693    11.2711      0.636    6.35633    11.2713    22.5816   11.52976 8.6834e+02 0.0000e+00
        338 256.613151    0.02340     1.4042     84.250      0.636  46692.664    29.6703    11.2705      0.630    6.35638    11.2734    22.5824   11.52983 9.0162e+02 0.0000e+00
        339 256.613154    0.02347     1.4083     84.500      0.635  46692.196    29.6700    11.2714      0.629    6.35627    11.2764    22.5821   11.52966 9.0664e+02 0.0000e+00
        340 256.613157    0.02354     1.4125     84.750      0.640  46690.246    29.6689    11.2735      0.634    6.35603    11.2787    22.5808   11.52928 8.6426e+02 0.0000e+00
        341 256.613160    0.02361     1.4167     85.000      0.649  46685.759    29.6660    11.2765      0.643    6.35574    11.2776    22.5781   11.52882 8.2335e+02 0.0000e+00
        342 256.613163    0.02368     1.4208     85.250      0.657  46679.193    29.6616    11.2788      0.650    6.35560    11.2726    22.5743   11.52865 8.0872e+02 0.0000e+00
        343 256.613166    0.02375     1.4250     85.500      0.660  46675.493    29.6589    11.2777      0.654    6.35586    11.2651    22.5723   11.52910 8.5001e+02 0.0000e+00
        344 256.613168    0.02382     1.4292     85.750      0.659  46677.320    29.6597    11.2727      0.653    6.35652    11.2577    22.5738   11.53018 9.3272e+02 0.0000e+00
        345 256.613171    0.02389     1.4333     86.000      0.655  46683.874    29.6635    11.2652      0.648    6.35738    11.2527    22.5781   11.53157 1.0059e+03 0.0000e+00
        346 256.613174    0.02396     1.4375     86.250      0.650  46692.812    29.6691    11.2578      0.644    6.35817    11.2513    22.5837   11.53282 1.0686e+03 0.0000e+00
        347 256.613177    0.02403     1.4417     86.500      0.649  46700.637    29.6741    11.2528      0.643    6.35865    11.2527    22.5884   11.53356 1.0818e+03 0.0000e+00
        348 256.613180    0.02410     1.4458     86.750      0.652  46704.418    29.6766    11.2514      0.646    6.35874    11.2545    22.5906   11.53368 1.0424e+03 0.0000e+00
        349 256.613183    0.02417     1.4500     87.000      0.659  46703.179    29.6758    11.2528      0.653    6.35858    11.2545    22.5898   11.53341 1.0295e+03 0.0000e+00
        350 256.613186    0.02424     1.4542     87.250      0.667  46699.675    29.6735    11.2546      0.660    6.35842    11.2528    22.5877   11.53319 1.0407e+03 0.0000e+00
        351 256.613189    0.02431     1.4583     87.500      0.672  46698.216    29.6725    11.2546      0.665    6.35846    11.2509    22.5869   11.53326 1.0255e+03 0.0000e+00
        352 256.613192    0.02438     1.4625     87.750      0.673  46700.030    29.6736    11.2529      0.666    6.35864    11.2504    22.5881   11.53355 9.8975e+02 0.0000e+00
        353 256.613194    0.02444     1.4667     88.000      0.670  46703.568    29.6759    11.2510      0.664    6.35881    11.2519    22.5902   11.53381 9.6575e+02 0.0000e+00
        354 256.613197    0.02451     1.4708     88.250      0.668  46706.822    29.6781    11.2505      0.662    6.35880    11.2545    22.5920   11.53375 9.5713e+02 0.0000e+00
        355 256.613200    0.02458     1.4750     88.500      0.671  46707.596    29.6788    11.2520      0.665    6.35856    11.2557    22.5923   11.53335 9.2248e+02 0.0000e+00
        356 256.613203    0.02465     1.4792     88.750      0.685  46705.465    29.6776    11.2546      0.679    6.35826    11.2531    22.5908   11.53286 8.5911e+02 0.0000e+00
        357 256.613206    0.02472     1.4833     89.000      0.713  46703.641    29.6764    11.2558      0.706    6.35815    11.2442    22.5897   11.53269 8.0148e+02 0.0000e+00
        358 256.613209    0.02479     1.4875     89.250      0.757  46705.335    29.6773    11.2532      0.749    6.35846    11.2255    22.5908   11.53321 7.5844e+02 0.0000e+00
        359 256.613212    0.02486     1.4917     89.500      0.823  46713.406    29.6821    11.2443      0.815    6.35949    11.1938    22.5960   11.53485 7.1393e+02 0.0000e+00
        360 256.613215    0.02493     1.4958     89.750      0.921  46734.358    29.6948    11.2256      0.912    6.36155    11.1475    22.6092   11.53811 6.5760e+02 0.0000e+00
        361 256.613218    0.02500     1.5000     90.000      1.058  46776.610    29.7212    11.1939      1.048    6.36483    11.0874    22.6351   11.54324 5.9791e+02 0.0000e+00
