CTD-processing/allCTD/CNV--turbid/2018_06-22_alongbay_skb02_cast106.cnv
* Sea-Bird SBE19plus Data File:
* FileName = C:\Users\Kim.Powell\Desktop\Not Processed\2018\2018_06-XX\2018_06-XX_TRANSECT_STATION_cast106.hex
* Software Version 1.59
* Temperature SN =  5028
* Conductivity SN =  5028
* System UpLoad Time = Jul 05 2018 09:20:09
** 2018_06-22
** Station: KB02
** Start Time: 10:29
** Depth (m): 123.7
** Comment:
** Comment:
# nquan = 16
# nvalues = 1006                        
# units = specified
# name 0 = scan: Scan Count
# name 1 = timeJ: Julian Days
# name 2 = timeH: Time, Elapsed [hours]
# name 3 = timeM: Time, Elapsed [minutes]
# name 4 = timeS: Time, Elapsed [seconds]
# name 5 = prdM: Pressure, Strain Gauge [db]
# name 6 = specc: Specific Conductance [uS/cm]
# name 7 = sal00: Salinity, Practical [PSU]
# name 8 = tv290C: Temperature [ITS-90, deg C]
# name 9 = depSM: Depth [salt water, m], lat = 59.00
# name 10 = oxsolML/L: Oxygen Saturation, Garcia & Gordon [ml/l]
# name 11 = potemp090C: Potential Temperature [ITS-90, deg C]
# name 12 = sigma-é00: Density [sigma-theta, kg/m^3]
# name 13 = n2satML/L: Nitrogen Saturation [ml/l]
# name 14 = par: PAR/Irradiance, Biospherical/Licor
# name 15 = flag:  0.000e+00
# span 0 =          1,       1006       
# span 1 = 173.437639, 173.440547       
# span 2 =    0.00000,    0.06979       
# span 3 =     0.0000,     4.1875       
# span 4 =      0.000,    251.250       
# span 5 =      0.747,    122.291       
# span 6 =  49727.264,  50745.774       
# span 7 =    31.4425,    31.8339       
# span 8 =     6.6725,     8.4550       
# span 9 =      0.741,    121.112       
# span 10 =    6.67759,    6.94676      
# span 11 =     6.6620,     8.4528      
# span 12 =    24.4233,    24.9493      
# span 13 =   12.03844,   12.48140      
# span 14 = 4.8953e-02, 3.4072e+02      
# span 15 = 0.0000e+00, 0.0000e+00      
# interval = seconds: 0.25
# start_time = Jun 22 2018 10:30:12 [Instrument's time stamp, header]
# bad_flag = -9.990e-29
*END*
[from data line 814]
        815 173.439994    0.05653     3.3917    203.500     85.093  50653.849    31.8068     6.9196     84.280    6.90717     6.9009    24.9158   12.41595 5.1679e-02 0.0000e+00
        816 173.439997    0.05660     3.3958    203.750     85.287  50656.766    31.8077     6.9137     84.473    6.90807     6.8962    24.9173   12.41743 5.1614e-02 0.0000e+00
        817 173.440000    0.05667     3.4000    204.000     85.476  50660.262    31.8091     6.9083     84.660    6.90887     6.8924    24.9191   12.41873 5.1550e-02 0.0000e+00
        818 173.440003    0.05674     3.4042    204.250     85.662  50663.646    31.8105     6.9037     84.844    6.90954     6.8891    24.9208   12.41983 5.1480e-02 0.0000e+00
        819 173.440006    0.05681     3.4083    204.500     85.850  50666.208    31.8115     6.8999     85.030    6.91011     6.8861    24.9221   12.42076 5.1411e-02 0.0000e+00
        820 173.440009    0.05688     3.4125    204.750     86.042  50667.548    31.8118     6.8967     85.220    6.91062     6.8832    24.9227   12.42159 5.1344e-02 0.0000e+00
        821 173.440012    0.05694     3.4167    205.000     86.238  50668.347    31.8117     6.8937     85.414    6.91110     6.8804    24.9230   12.42239 5.1273e-02 0.0000e+00
        822 173.440014    0.05701     3.4208    205.250     86.436  50669.361    31.8118     6.8907     85.610    6.91156     6.8776    24.9235   12.42315 5.1200e-02 0.0000e+00
        823 173.440017    0.05708     3.4250    205.500     86.633  50670.233    31.8118     6.8879     85.806    6.91201     6.8747    24.9239   12.42390 5.1135e-02 0.0000e+00
        824 173.440020    0.05715     3.4292    205.750     86.828  50670.460    31.8114     6.8852     85.999    6.91246     6.8715    24.9239   12.42466 5.1079e-02 0.0000e+00
        825 173.440023    0.05722     3.4333    206.000     87.021  50669.899    31.8104     6.8823     86.190    6.91296     6.8676    24.9235   12.42550 5.1025e-02 0.0000e+00
        826 173.440026    0.05729     3.4375    206.250     87.217  50669.154    31.8092     6.8790     86.384    6.91354     6.8637    24.9229   12.42646 5.0969e-02 0.0000e+00
        827 173.440029    0.05736     3.4417    206.500     87.419  50669.867    31.8089     6.8752     86.584    6.91416     6.8602    24.9232   12.42749 5.0910e-02 0.0000e+00
        828 173.440032    0.05743     3.4458    206.750     87.627  50672.538    31.8100     6.8713     86.789    6.91474     6.8576    24.9246   12.42844 5.0851e-02 0.0000e+00
        829 173.440035    0.05750     3.4500    207.000     87.836  50675.796    31.8115     6.8678     86.996    6.91522     6.8557    24.9263   12.42922 5.0795e-02 0.0000e+00
        830 173.440038    0.05757     3.4542    207.250     88.041  50678.577    31.8129     6.8652     87.199    6.91558     6.8544    24.9277   12.42980 5.0743e-02 0.0000e+00
        831 173.440041    0.05764     3.4583    207.500     88.239  50680.631    31.8139     6.8633     87.396    6.91583     6.8535    24.9287   12.43020 5.0691e-02 0.0000e+00
        832 173.440043    0.05771     3.4625    207.750     88.433  50682.043    31.8145     6.8621     87.587    6.91600     6.8529    24.9294   12.43047 5.0641e-02 0.0000e+00
        833 173.440046    0.05778     3.4667    208.000     88.628  50683.068    31.8150     6.8612     87.780    6.91612     6.8525    24.9299   12.43066 5.0593e-02 0.0000e+00
        834 173.440049    0.05785     3.4708    208.250     88.830  50683.693    31.8152     6.8606     87.981    6.91620     6.8520    24.9301   12.43079 5.0550e-02 0.0000e+00
        835 173.440052    0.05792     3.4750    208.500     89.045  50683.814    31.8151     6.8602     88.194    6.91628     6.8514    24.9301   12.43092 5.0516e-02 0.0000e+00
        836 173.440055    0.05799     3.4792    208.750     89.272  50683.615    31.8148     6.8598     88.418    6.91637     6.8507    24.9299   12.43106 5.0483e-02 0.0000e+00
        837 173.440058    0.05806     3.4833    209.000     89.506  50683.401    31.8144     6.8592     88.650    6.91647     6.8499    24.9297   12.43124 5.0449e-02 0.0000e+00
        838 173.440061    0.05813     3.4875    209.250     89.743  50683.247    31.8141     6.8585     88.886    6.91660     6.8489    24.9295   12.43145 5.0415e-02 0.0000e+00
        839 173.440064    0.05819     3.4917    209.500     89.980  50683.038    31.8137     6.8577     89.120    6.91675     6.8476    24.9293   12.43170 5.0372e-02 0.0000e+00
        840 173.440067    0.05826     3.4958    209.750     90.214  50682.665    31.8132     6.8567     89.351    6.91693     6.8461    24.9290   12.43201 5.0318e-02 0.0000e+00
        841 173.440069    0.05833     3.5000    210.000     90.442  50682.154    31.8125     6.8555     89.577    6.91715     6.8442    24.9286   12.43240 5.0265e-02 0.0000e+00
        842 173.440072    0.05840     3.5042    210.250     90.664  50681.568    31.8117     6.8540     89.797    6.91743     6.8418    24.9282   12.43287 5.0226e-02 0.0000e+00
        843 173.440075    0.05847     3.5083    210.500     90.877  50680.888    31.8108     6.8521     90.008    6.91778     6.8391    24.9278   12.43346 5.0197e-02 0.0000e+00
        844 173.440078    0.05854     3.5125    210.750     91.086  50680.572    31.8100     6.8497     90.215    6.91819     6.8362    24.9275   12.43415 5.0168e-02 0.0000e+00
        845 173.440081    0.05861     3.5167    211.000     91.292  50680.978    31.8097     6.8470     90.419    6.91864     6.8333    24.9276   12.43489 5.0146e-02 0.0000e+00
        846 173.440084    0.05868     3.5208    211.250     91.500  50681.662    31.8096     6.8441     90.624    6.91910     6.8304    24.9279   12.43566 5.0132e-02 0.0000e+00
        847 173.440087    0.05875     3.5250    211.500     91.710  50682.636    31.8096     6.8412     90.832    6.91956     6.8279    24.9283   12.43642 5.0112e-02 0.0000e+00
        848 173.440090    0.05882     3.5292    211.750     91.919  50684.318    31.8102     6.8384     91.039    6.91999     6.8259    24.9291   12.43712 5.0082e-02 0.0000e+00
        849 173.440093    0.05889     3.5333    212.000     92.123  50686.497    31.8112     6.8359     91.241    6.92035     6.8245    24.9302   12.43770 5.0045e-02 0.0000e+00
        850 173.440095    0.05896     3.5375    212.250     92.316  50688.579    31.8122     6.8339     91.433    6.92063     6.8235    24.9312   12.43814 5.0009e-02 0.0000e+00
        851 173.440098    0.05903     3.5417    212.500     92.499  50690.123    31.8129     6.8325     91.614    6.92082     6.8227    24.9320   12.43845 4.9977e-02 0.0000e+00
        852 173.440101    0.05910     3.5458    212.750     92.675  50690.841    31.8132     6.8315     91.788    6.92096     6.8218    24.9323   12.43869 4.9949e-02 0.0000e+00
        853 173.440104    0.05917     3.5500    213.000     92.848  50690.647    31.8128     6.8307     91.959    6.92110     6.8207    24.9321   12.43892 4.9928e-02 0.0000e+00
        854 173.440107    0.05924     3.5542    213.250     93.025  50690.187    31.8122     6.8299     92.135    6.92127     6.8193    24.9318   12.43920 4.9915e-02 0.0000e+00
        855 173.440110    0.05931     3.5583    213.500     93.210  50690.005    31.8118     6.8288     92.317    6.92146     6.8178    24.9316   12.43953 4.9899e-02 0.0000e+00
        856 173.440113    0.05937     3.5625    213.750     93.402  50690.052    31.8115     6.8274     92.508    6.92169     6.8164    24.9315   12.43991 4.9878e-02 0.0000e+00
        857 173.440116    0.05944     3.5667    214.000     93.602  50690.830    31.8117     6.8260     92.706    6.92192     6.8154    24.9319   12.44028 4.9853e-02 0.0000e+00
        858 173.440119    0.05951     3.5708    214.250     93.805  50692.361    31.8124     6.8246     92.907    6.92211     6.8146    24.9326   12.44059 4.9822e-02 0.0000e+00
        859 173.440122    0.05958     3.5750    214.500     94.009  50693.537    31.8129     6.8235     93.109    6.92226     6.8139    24.9332   12.44082 4.9788e-02 0.0000e+00
        860 173.440124    0.05965     3.5792    214.750     94.217  50693.682    31.8128     6.8228     93.314    6.92238     6.8127    24.9332   12.44103 4.9758e-02 0.0000e+00
        861 173.440127    0.05972     3.5833    215.000     94.431  50692.627    31.8119     6.8221     93.526    6.92254     6.8107    24.9326   12.44130 4.9741e-02 0.0000e+00
        862 173.440130    0.05979     3.5875    215.250     94.653  50690.137    31.8098     6.8209     93.747    6.92281     6.8076    24.9311   12.44178 4.9742e-02 0.0000e+00
        863 173.440133    0.05986     3.5917    215.500     94.884  50687.487    31.8075     6.8189     93.975    6.92324     6.8043    24.9295   12.44252 4.9739e-02 0.0000e+00
        864 173.440136    0.05993     3.5958    215.750     95.121  50688.286    31.8074     6.8158     94.210    6.92374     6.8023    24.9298   12.44335 4.9723e-02 0.0000e+00
        865 173.440139    0.06000     3.6000    216.000     95.359  50693.578    31.8103     6.8126     94.446    6.92413     6.8021    24.9326   12.44395 4.9700e-02 0.0000e+00
        866 173.440142    0.06007     3.6042    216.250     95.593  50699.272    31.8138     6.8106     94.677    6.92428     6.8029    24.9356   12.44415 4.9683e-02 0.0000e+00
        867 173.440145    0.06014     3.6083    216.500     95.817  50701.710    31.8154     6.8105     94.899    6.92424     6.8036    24.9368   12.44406 4.9674e-02 0.0000e+00
        868 173.440148    0.06021     3.6125    216.750     96.029  50701.020    31.8150     6.8112     95.109    6.92413     6.8035    24.9364   12.44390 4.9668e-02 0.0000e+00
        869 173.440150    0.06028     3.6167    217.000     96.226  50698.561    31.8133     6.8119     95.304    6.92410     6.8022    24.9350   12.44386 4.9664e-02 0.0000e+00
        870 173.440153    0.06035     3.6208    217.250     96.410  50694.884    31.8106     6.8119     95.486    6.92423     6.7991    24.9329   12.44410 4.9657e-02 0.0000e+00
        871 173.440156    0.06042     3.6250    217.500     96.585  50689.826    31.8068     6.8106     95.659    6.92461     6.7938    24.9301   12.44478 4.9644e-02 0.0000e+00
        872 173.440159    0.06049     3.6292    217.750     96.757  50684.059    31.8021     6.8075     95.830    6.92532     6.7868    24.9268   12.44601 4.9630e-02 0.0000e+00
        873 173.440162    0.06056     3.6333    218.000     96.933  50680.719    31.7988     6.8022     96.003    6.92633     6.7794    24.9248   12.44772 4.9618e-02 0.0000e+00
        874 173.440165    0.06062     3.6375    218.250     97.113  50682.223    31.7985     6.7951     96.182    6.92747     6.7731    24.9255   12.44961 4.9604e-02 0.0000e+00
        875 173.440168    0.06069     3.6417    218.500     97.297  50687.227    31.8005     6.7878     96.365    6.92854     6.7683    24.9280   12.45137 4.9583e-02 0.0000e+00
        876 173.440171    0.06076     3.6458    218.750     97.482  50693.462    31.8036     6.7814     96.547    6.92942     6.7654    24.9313   12.45278 4.9561e-02 0.0000e+00
        877 173.440174    0.06083     3.6500    219.000     97.665  50699.885    31.8071     6.7767     96.729    6.93003     6.7643    24.9347   12.45374 4.9545e-02 0.0000e+00
        878 173.440177    0.06090     3.6542    219.250     97.849  50705.916    31.8107     6.7738     96.911    6.93033     6.7648    24.9379   12.45420 4.9534e-02 0.0000e+00
        879 173.440179    0.06097     3.6583    219.500     98.039  50710.335    31.8135     6.7728     97.099    6.93036     6.7661    24.9402   12.45422 4.9525e-02 0.0000e+00
        880 173.440182    0.06104     3.6625    219.750     98.239  50712.518    31.8150     6.7733     97.298    6.93021     6.7679    24.9413   12.45395 4.9516e-02 0.0000e+00
        881 173.440185    0.06111     3.6667    220.000     98.452  50713.622    31.8159     6.7746     97.508    6.92995     6.7697    24.9419   12.45351 4.9510e-02 0.0000e+00
        882 173.440188    0.06118     3.6708    220.250     98.671  50713.339    31.8159     6.7764     97.726    6.92967     6.7708    24.9417   12.45304 4.9510e-02 0.0000e+00
        883 173.440191    0.06125     3.6750    220.500     98.890  50710.204    31.8140     6.7783     97.942    6.92946     6.7704    24.9399   12.45271 4.9508e-02 0.0000e+00
        884 173.440194    0.06132     3.6792    220.750     99.100  50705.502    31.8108     6.7793     98.149    6.92943     6.7685    24.9373   12.45270 4.9498e-02 0.0000e+00
        885 173.440197    0.06139     3.6833    221.000     99.295  50701.700    31.8080     6.7789     98.343    6.92962     6.7659    24.9351   12.45306 4.9481e-02 0.0000e+00
        886 173.440200    0.06146     3.6875    221.250     99.477  50700.066    31.8065     6.7771     98.523    6.92998     6.7631    24.9341   12.45368 4.9459e-02 0.0000e+00
        887 173.440203    0.06153     3.6917    221.500     99.652  50700.581    31.8063     6.7745     98.697    6.93041     6.7606    24.9343   12.45439 4.9434e-02 0.0000e+00
        888 173.440205    0.06160     3.6958    221.750     99.828  50702.071    31.8068     6.7718     98.871    6.93084     6.7584    24.9351   12.45508 4.9416e-02 0.0000e+00
        889 173.440208    0.06167     3.7000    222.000    100.012  50703.776    31.8074     6.7692     99.053    6.93122     6.7565    24.9359   12.45570 4.9413e-02 0.0000e+00
        890 173.440211    0.06174     3.7042    222.250    100.205  50705.534    31.8081     6.7670     99.244    6.93154     6.7549    24.9368   12.45622 4.9413e-02 0.0000e+00
        891 173.440214    0.06181     3.7083    222.500    100.407  50706.806    31.8086     6.7651     99.444    6.93181     6.7533    24.9374   12.45667 4.9405e-02 0.0000e+00
        892 173.440217    0.06187     3.7125    222.750    100.614  50707.276    31.8085     6.7636     99.649    6.93207     6.7517    24.9375   12.45709 4.9393e-02 0.0000e+00
        893 173.440220    0.06194     3.7167    223.000    100.819  50707.401    31.8082     6.7621     99.852    6.93232     6.7501    24.9375   12.45752 4.9386e-02 0.0000e+00
        894 173.440223    0.06201     3.7208    223.250    101.017  50707.986    31.8082     6.7604    100.048    6.93258     6.7487    24.9377   12.45796 4.9382e-02 0.0000e+00
        895 173.440226    0.06208     3.7250    223.500    101.206  50709.294    31.8087     6.7588    100.235    6.93282     6.7477    24.9384   12.45834 4.9375e-02 0.0000e+00
        896 173.440229    0.06215     3.7292    223.750    101.387  50710.690    31.8094     6.7575    100.414    6.93301     6.7469    24.9390   12.45864 4.9367e-02 0.0000e+00
        897 173.440231    0.06222     3.7333    224.000    101.566  50711.615    31.8097     6.7565    100.591    6.93315     6.7463    24.9395   12.45887 4.9362e-02 0.0000e+00
        898 173.440234    0.06229     3.7375    224.250    101.748  50712.199    31.8099     6.7557    100.771    6.93327     6.7458    24.9397   12.45906 4.9361e-02 0.0000e+00
        899 173.440237    0.06236     3.7417    224.500    101.937  50712.777    31.8101     6.7551    100.958    6.93336     6.7453    24.9399   12.45921 4.9359e-02 0.0000e+00
        900 173.440240    0.06243     3.7458    224.750    102.137  50713.346    31.8103     6.7546    101.156    6.93344     6.7450    24.9401   12.45933 4.9357e-02 0.0000e+00
        901 173.440243    0.06250     3.7500    225.000    102.350  50713.656    31.8104     6.7541    101.368    6.93350     6.7445    24.9402   12.45944 4.9353e-02 0.0000e+00
        902 173.440246    0.06257     3.7542    225.250    102.573  50713.609    31.8102     6.7538    101.588    6.93357     6.7439    24.9401   12.45955 4.9346e-02 0.0000e+00
        903 173.440249    0.06264     3.7583    225.500    102.798  50713.277    31.8098     6.7534    101.811    6.93365     6.7431    24.9398   12.45970 4.9337e-02 0.0000e+00
