CTD-processing/allCTD/CNV--turbid/2018_12-06_alongbay_skb04_cast025.cnv
* Sea-Bird SBE19plus Data File:
* FileName = C:\Users\Kim.Powell\Desktop\Not Processed\2018\2018_12-06_AlongBay, T9_4141\2018_12-06_TRANSECT_STATION_cast025.hex
* Software Version 1.59
* Temperature SN =  4141
* Conductivity SN =  4141
* System UpLoad Time = Jan 10 2019 09:45:36
** 2018_12-06
** Station: KB04
** Start Time: 11:56
** Depth (m): 159
** Comment:
** Comment:
# nquan = 16
# nvalues = 1007                        
# units = specified
# name 0 = scan: Scan Count
# name 1 = timeJ: Julian Days
# name 2 = timeH: Time, Elapsed [hours]
# name 3 = timeM: Time, Elapsed [minutes]
# name 4 = timeS: Time, Elapsed [seconds]
# name 5 = prdM: Pressure, Strain Gauge [db]
# name 6 = specc: Specific Conductance [uS/cm]
# name 7 = sal00: Salinity, Practical [PSU]
# name 8 = tv290C: Temperature [ITS-90, deg C]
# name 9 = depSM: Depth [salt water, m], lat = 59.00
# name 10 = oxsolML/L: Oxygen Saturation, Garcia & Gordon [ml/l]
# name 11 = potemp090C: Potential Temperature [ITS-90, deg C]
# name 12 = sigma-é00: Density [sigma-theta, kg/m^3]
# name 13 = n2satML/L: Nitrogen Saturation [ml/l]
# name 14 = par: PAR/Irradiance, Biospherical/Licor
# name 15 = flag:  0.000e+00
# span 0 =          1,       1007       
# span 1 = 340.497130, 340.500041       
# span 2 =    0.00000,    0.06986       
# span 3 =     0.0000,     4.1917       
# span 4 =      0.000,    251.500       
# span 5 =      0.509,    156.818       
# span 6 =  48658.392,  49615.441       
# span 7 =    30.5590,    31.2396       
# span 8 =     7.3997,     8.0405       
# span 9 =      0.504,    155.293       
# span 10 =    6.75734,    6.88079      
# span 11 =     7.4215,     8.0255      
# span 12 =    23.8545,    24.3185      
# span 13 =   12.17524,   12.38609      
# span 14 = 3.6170e-02, 6.3222e+01      
# span 15 = 0.0000e+00, 0.0000e+00      
# interval = seconds: 0.25
# start_time = Dec 06 2018 11:55:52 [Instrument's time stamp, header]
# bad_flag = -9.990e-29
*END*
[from data line 181]
        182 340.497653    0.01257     0.7542     45.250      0.890  48855.647    30.6965     7.5188      0.882    6.86244     7.5186    23.9621   12.35586 5.0619e+01 0.0000e+00
        183 340.497656    0.01264     0.7583     45.500      0.892  48874.612    30.7096     7.5187      0.884    6.86188     7.5186    23.9725   12.35476 5.0171e+01 0.0000e+00
        184 340.497659    0.01271     0.7625     45.750      0.894  48884.010    30.7162     7.5187      0.886    6.86158     7.5182    23.9777   12.35418 5.0457e+01 0.0000e+00
        185 340.497662    0.01278     0.7667     46.000      0.895  48880.601    30.7138     7.5187      0.887    6.86168     7.5175    23.9758   12.35438 5.0771e+01 0.0000e+00
        186 340.497665    0.01285     0.7708     46.250      0.895  48868.633    30.7054     7.5183      0.886    6.86212     7.5172    23.9693   12.35522 5.0517e+01 0.0000e+00
        187 340.497668    0.01292     0.7750     46.500      0.893  48857.327    30.6975     7.5176      0.885    6.86258     7.5174    23.9631   12.35609 5.0282e+01 0.0000e+00
        188 340.497671    0.01299     0.7792     46.750      0.891  48854.631    30.6955     7.5173      0.883    6.86272     7.5180    23.9616   12.35634 5.0372e+01 0.0000e+00
        189 340.497674    0.01306     0.7833     47.000      0.890  48863.541    30.7017     7.5175      0.881    6.86241     7.5189    23.9665   12.35575 5.0529e+01 0.0000e+00
        190 340.497677    0.01313     0.7875     47.250      0.889  48881.759    30.7145     7.5181      0.881    6.86174     7.5201    23.9764   12.35449 5.0627e+01 0.0000e+00
        191 340.497679    0.01319     0.7917     47.500      0.890  48902.931    30.7294     7.5190      0.882    6.86094     7.5217    23.9880   12.35297 5.0179e+01 0.0000e+00
        192 340.497682    0.01326     0.7958     47.750      0.892  48921.030    30.7421     7.5202      0.884    6.86017     7.5235    23.9978   12.35154 4.9499e+01 0.0000e+00
        193 340.497685    0.01333     0.8000     48.000      0.895  48932.961    30.7507     7.5218      0.887    6.85953     7.5251    24.0043   12.35037 4.9398e+01 0.0000e+00
        194 340.497688    0.01340     0.8042     48.250      0.898  48937.368    30.7541     7.5236      0.889    6.85910     7.5261    24.0067   12.34961 4.9690e+01 0.0000e+00
        195 340.497691    0.01347     0.8083     48.500      0.900  48933.661    30.7518     7.5252      0.891    6.85895     7.5261    24.0047   12.34940 4.9760e+01 0.0000e+00
        196 340.497694    0.01354     0.8125     48.750      0.900  48921.994    30.7438     7.5261      0.891    6.85916     7.5254    23.9983   12.34985 4.9315e+01 0.0000e+00
        197 340.497697    0.01361     0.8167     49.000      0.898  48904.380    30.7315     7.5262      0.889    6.85970     7.5246    23.9887   12.35089 4.8874e+01 0.0000e+00
        198 340.497700    0.01368     0.8208     49.250      0.894  48885.690    30.7184     7.5255      0.885    6.86040     7.5242    23.9785   12.35221 4.9066e+01 0.0000e+00
        199 340.497703    0.01375     0.8250     49.500      0.888  48871.498    30.7084     7.5247      0.879    6.86097     7.5242    23.9708   12.35329 4.9742e+01 0.0000e+00
        200 340.497705    0.01382     0.8292     49.750      0.880  48865.261    30.7040     7.5243      0.872    6.86123     7.5242    23.9674   12.35378 5.0581e+01 0.0000e+00
        201 340.497708    0.01389     0.8333     50.000      0.873  48868.432    30.7062     7.5243      0.865    6.86114     7.5243    23.9691   12.35360 5.1472e+01 0.0000e+00
        202 340.497711    0.01396     0.8375     50.250      0.869  48880.895    30.7149     7.5243      0.860    6.86075     7.5247    23.9759   12.35284 5.1832e+01 0.0000e+00
        203 340.497714    0.01403     0.8417     50.500      0.869  48898.900    30.7274     7.5243      0.861    6.86018     7.5256    23.9857   12.35174 5.1263e+01 0.0000e+00
        204 340.497717    0.01410     0.8458     50.750      0.874  48915.319    30.7389     7.5247      0.866    6.85960     7.5267    23.9947   12.35063 5.0826e+01 0.0000e+00
        205 340.497720    0.01417     0.8500     51.000      0.881  48924.057    30.7452     7.5256      0.873    6.85918     7.5276    23.9995   12.34986 5.1183e+01 0.0000e+00
        206 340.497723    0.01424     0.8542     51.250      0.888  48922.292    30.7441     7.5268      0.880    6.85905     7.5279    23.9985   12.34966 5.1307e+01 0.0000e+00
        207 340.497726    0.01431     0.8583     51.500      0.893  48911.417    30.7367     7.5276      0.885    6.85925     7.5279    23.9925   12.35007 5.0893e+01 0.0000e+00
        208 340.497729    0.01438     0.8625     51.750      0.894  48898.000    30.7274     7.5279      0.886    6.85962     7.5281    23.9852   12.35080 5.0578e+01 0.0000e+00
        209 340.497731    0.01444     0.8667     52.000      0.894  48889.897    30.7218     7.5280      0.885    6.85987     7.5286    23.9808   12.35129 5.0571e+01 0.0000e+00
        210 340.497734    0.01451     0.8708     52.250      0.892  48891.420    30.7229     7.5282      0.884    6.85979     7.5293    23.9816   12.35114 5.0805e+01 0.0000e+00
        211 340.497737    0.01458     0.8750     52.500      0.892  48902.129    30.7304     7.5287      0.883    6.85937     7.5301    23.9874   12.35036 5.0770e+01 0.0000e+00
        212 340.497740    0.01465     0.8792     52.750      0.892  48916.629    30.7406     7.5294      0.883    6.85881     7.5311    23.9953   12.34930 5.0509e+01 0.0000e+00
        213 340.497743    0.01472     0.8833     53.000      0.892  48927.479    30.7483     7.5302      0.884    6.85833     7.5320    24.0013   12.34841 5.0774e+01 0.0000e+00
        214 340.497746    0.01479     0.8875     53.250      0.892  48930.192    30.7503     7.5312      0.884    6.85808     7.5323    24.0028   12.34798 5.1174e+01 0.0000e+00
        215 340.497749    0.01486     0.8917     53.500      0.891  48924.699    30.7466     7.5320      0.883    6.85811     7.5323    23.9998   12.34807 5.0802e+01 0.0000e+00
        216 340.497752    0.01493     0.8958     53.750      0.889  48915.323    30.7402     7.5324      0.880    6.85834     7.5323    23.9947   12.34853 4.9904e+01 0.0000e+00
        217 340.497755    0.01500     0.9000     54.000      0.885  48909.000    30.7358     7.5324      0.877    6.85854     7.5327    23.9912   12.34893 4.9462e+01 0.0000e+00
        218 340.497758    0.01507     0.9042     54.250      0.881  48910.892    30.7371     7.5324      0.873    6.85848     7.5338    23.9922   12.34881 4.9463e+01 0.0000e+00
        219 340.497760    0.01514     0.9083     54.500      0.879  48921.474    30.7445     7.5328      0.871    6.85807     7.5356    23.9980   12.34804 4.9462e+01 0.0000e+00
        220 340.497763    0.01521     0.9125     54.750      0.882  48935.942    30.7547     7.5339      0.874    6.85744     7.5379    24.0059   12.34687 4.9854e+01 0.0000e+00
        221 340.497766    0.01528     0.9167     55.000      0.890  48947.077    30.7628     7.5357      0.882    6.85681     7.5401    24.0120   12.34571 5.0315e+01 0.0000e+00
        222 340.497769    0.01535     0.9208     55.250      0.900  48949.574    30.7649     7.5380      0.892    6.85636     7.5416    24.0133   12.34494 5.0089e+01 0.0000e+00
        223 340.497772    0.01542     0.9250     55.500      0.908  48941.131    30.7593     7.5402      0.899    6.85626     7.5422    24.0087   12.34485 4.9664e+01 0.0000e+00
        224 340.497775    0.01549     0.9292     55.750      0.910  48922.649    30.7467     7.5417      0.902    6.85659     7.5422    23.9986   12.34555 4.9913e+01 0.0000e+00
        225 340.497778    0.01556     0.9333     56.000      0.907  48899.144    30.7305     7.5423      0.898    6.85722     7.5420    23.9857   12.34681 5.0479e+01 0.0000e+00
        226 340.497781    0.01563     0.9375     56.250      0.898  48877.511    30.7155     7.5423      0.890    6.85789     7.5410    23.9739   12.34810 5.0760e+01 0.0000e+00
        227 340.497784    0.01569     0.9417     56.500      0.888  48863.000    30.7053     7.5421      0.880    6.85839     7.5391    23.9659   12.34905 5.0823e+01 0.0000e+00
        228 340.497786    0.01576     0.9458     56.750      0.878  48859.020    30.7024     7.5411      0.870    6.85867     7.5372    23.9638   12.34956 5.0878e+01 0.0000e+00
        229 340.497789    0.01583     0.9500     57.000      0.870  48866.477    30.7073     7.5392      0.862    6.85875     7.5361    23.9679   12.34962 5.0771e+01 0.0000e+00
        230 340.497792    0.01590     0.9542     57.250      0.866  48882.138    30.7179     7.5372      0.858    6.85858     7.5364    23.9765   12.34921 5.0309e+01 0.0000e+00
        231 340.497795    0.01597     0.9583     57.500      0.866  48900.660    30.7306     7.5362      0.858    6.85818     7.5376    23.9866   12.34838 5.0066e+01 0.0000e+00
        232 340.497798    0.01604     0.9625     57.750      0.870  48917.035    30.7420     7.5365      0.862    6.85762     7.5392    23.9955   12.34732 5.0197e+01 0.0000e+00
        233 340.497801    0.01611     0.9667     58.000      0.876  48927.536    30.7495     7.5377      0.868    6.85709     7.5407    24.0013   12.34635 5.0058e+01 0.0000e+00
        234 340.497804    0.01618     0.9708     58.250      0.884  48930.724    30.7520     7.5393      0.876    6.85673     7.5417    24.0030   12.34572 4.9673e+01 0.0000e+00
        235 340.497807    0.01625     0.9750     58.500      0.891  48926.912    30.7495     7.5408      0.883    6.85661     7.5421    24.0009   12.34555 4.9842e+01 0.0000e+00
        236 340.497810    0.01632     0.9792     58.750      0.896  48917.687    30.7433     7.5417      0.888    6.85673     7.5425    23.9958   12.34584 5.0226e+01 0.0000e+00
        237 340.497813    0.01639     0.9833     59.000      0.898  48907.439    30.7362     7.5422      0.890    6.85698     7.5433    23.9902   12.34633 5.0082e+01 0.0000e+00
        238 340.497815    0.01646     0.9875     59.250      0.897  48903.057    30.7332     7.5425      0.889    6.85706     7.5450    23.9878   12.34651 5.0244e+01 0.0000e+00
        239 340.497818    0.01653     0.9917     59.500      0.895  48910.694    30.7387     7.5434      0.887    6.85668     7.5477    23.9920   12.34582 5.1001e+01 0.0000e+00
        240 340.497821    0.01660     0.9958     59.750      0.894  48934.032    30.7552     7.5451      0.886    6.85568     7.5522    24.0047   12.34395 5.1384e+01 0.0000e+00
        241 340.497824    0.01667     1.0000     60.000      0.895  48974.413    30.7837     7.5478      0.887    6.85397     7.5589    24.0268   12.34076 5.1194e+01 0.0000e+00
        242 340.497827    0.01674     1.0042     60.250      0.897  49022.040    30.8176     7.5523      0.889    6.85175     7.5672    24.0528   12.33667 5.0822e+01 0.0000e+00
        243 340.497830    0.01681     1.0083     60.500      0.899  49057.777    30.8435     7.5590      0.890    6.84953     7.5752    24.0722   12.33267 5.0726e+01 0.0000e+00
        244 340.497833    0.01688     1.0125     60.750      0.898  49075.170    30.8570     7.5673      0.890    6.84764     7.5818    24.0817   12.32937 5.0963e+01 0.0000e+00
        245 340.497836    0.01694     1.0167     61.000      0.894  49081.228    30.8625     7.5753      0.886    6.84613     7.5867    24.0849   12.32681 5.0983e+01 0.0000e+00
        246 340.497839    0.01701     1.0208     61.250      0.889  49082.532    30.8644     7.5819      0.881    6.84501     7.5903    24.0856   12.32492 5.1059e+01 0.0000e+00
        247 340.497841    0.01708     1.0250     61.500      0.884  49082.420    30.8652     7.5868      0.876    6.84420     7.5929    24.0854   12.32358 5.1755e+01 0.0000e+00
        248 340.497844    0.01715     1.0292     61.750      0.881  49082.282    30.8656     7.5904      0.873    6.84363     7.5949    24.0853   12.32263 5.1973e+01 0.0000e+00
        249 340.497847    0.01722     1.0333     62.000      0.882  49082.544    30.8662     7.5930      0.874    6.84320     7.5966    24.0855   12.32191 5.0936e+01 0.0000e+00
        250 340.497850    0.01729     1.0375     62.250      0.887  49082.740    30.8667     7.5950      0.878    6.84286     7.5980    24.0855   12.32134 4.9870e+01 0.0000e+00
        251 340.497853    0.01736     1.0417     62.500      0.893  49082.282    30.8666     7.5967      0.885    6.84260     7.5990    24.0853   12.32091 4.9382e+01 0.0000e+00
        252 340.497856    0.01743     1.0458     62.750      0.900  49081.665    30.8664     7.5981      0.892    6.84239     7.5998    24.0849   12.32057 4.8776e+01 0.0000e+00
        253 340.497859    0.01750     1.0500     63.000      0.908  49081.320    30.8663     7.5991      0.900    6.84223     7.6004    24.0847   12.32031 4.8102e+01 0.0000e+00
        254 340.497862    0.01757     1.0542     63.250      0.919  49080.954    30.8662     7.5999      0.910    6.84211     7.6008    24.0845   12.32011 4.8065e+01 0.0000e+00
        255 340.497865    0.01764     1.0583     63.500      0.933  49081.021    30.8663     7.6005      0.925    6.84202     7.6013    24.0845   12.31996 4.8457e+01 0.0000e+00
        256 340.497867    0.01771     1.0625     63.750      0.956  49081.926    30.8670     7.6009      0.947    6.84193     7.6021    24.0850   12.31979 4.8306e+01 0.0000e+00
        257 340.497870    0.01778     1.0667     64.000      0.992  49083.648    30.8683     7.6014      0.983    6.84179     7.6037    24.0859   12.31955 4.7300e+01 0.0000e+00
        258 340.497873    0.01785     1.0708     64.250      1.053  49086.798    30.8706     7.6023      1.044    6.84155     7.6064    24.0876   12.31913 4.5944e+01 0.0000e+00
        259 340.497876    0.01792     1.0750     64.500      1.150  49091.422    30.8740     7.6038      1.140    6.84115     7.6103    24.0901   12.31842 4.4470e+01 0.0000e+00
        260 340.497879    0.01799     1.0792     64.750      1.285  49095.946    30.8776     7.6066      1.274    6.84057     7.6150    24.0925   12.31742 4.3007e+01 0.0000e+00
        261 340.497882    0.01806     1.0833     65.000      1.450  49098.455    30.8799     7.6105      1.437    6.83985     7.6197    24.0938   12.31619 4.1672e+01 0.0000e+00
        262 340.497885    0.01812     1.0875     65.250      1.633  49098.042    30.8803     7.6152      1.618    6.83909     7.6237    24.0934   12.31494 4.0117e+01 0.0000e+00
        263 340.497888    0.01819     1.0917     65.500      1.825  49096.075    30.8796     7.6199      1.808    6.83839     7.6273    24.0922   12.31379 3.8209e+01 0.0000e+00
        264 340.497891    0.01826     1.0958     65.750      2.019  49096.223    30.8802     7.6239      2.000    6.83773     7.6313    24.0922   12.31269 3.6367e+01 0.0000e+00
        265 340.497894    0.01833     1.1000     66.000      2.210  49101.409    30.8843     7.6275      2.189    6.83700     7.6369    24.0949   12.31142 3.4920e+01 0.0000e+00
        266 340.497896    0.01840     1.1042     66.250      2.400  49110.406    30.8912     7.6315      2.377    6.83606     7.6440    24.0997   12.30978 3.3640e+01 0.0000e+00
        267 340.497899    0.01847     1.1083     66.500      2.594  49118.643    30.8977     7.6371      2.570    6.83489     7.6520    24.1041   12.30777 3.2205e+01 0.0000e+00
        268 340.497902    0.01854     1.1125     66.750      2.797  49123.724    30.9023     7.6443      2.771    6.83357     7.6601    24.1068   12.30552 3.0750e+01 0.0000e+00
        269 340.497905    0.01861     1.1167     67.000      3.014  49126.450    30.9054     7.6523      2.986    6.83218     7.6677    24.1081   12.30319 2.9517e+01 0.0000e+00
        270 340.497908    0.01868     1.1208     67.250      3.243  49126.949    30.9069     7.6604      3.213    6.83084     7.6743    24.1082   12.30095 2.8495e+01 0.0000e+00
        271 340.497911    0.01875     1.1250     67.500      3.479  49124.802    30.9065     7.6681      3.447    6.82967     7.6794    24.1069   12.29902 2.7639e+01 0.0000e+00
