CTD-processing/allCTD/CNV--turbid/2018_04-23_t9_s06_cast054.cnv
* Sea-Bird SBE19plus Data File:
* FileName = C:\Users\Kim.Powell\Desktop\Not Processed\2018\2018_04-23_AlongBay, T4, T9_5028\2018_04-23_TRANSECT_STATION_cast054.hex
* Software Version 1.59
* Temperature SN =  5028
* Conductivity SN =  5028
* System UpLoad Time = Apr 24 2018 09:45:29
** 2018_04-24
** Station: 9-06
** Start Time: 11:36
** Depth (m): 104
** Comment:
** Comment:
# nquan = 16
# nvalues = 738                         
# units = specified
# name 0 = scan: Scan Count
# name 1 = timeJ: Julian Days
# name 2 = timeH: Time, Elapsed [hours]
# name 3 = timeM: Time, Elapsed [minutes]
# name 4 = timeS: Time, Elapsed [seconds]
# name 5 = prdM: Pressure, Strain Gauge [db]
# name 6 = specc: Specific Conductance [uS/cm]
# name 7 = sal00: Salinity, Practical [PSU]
# name 8 = tv290C: Temperature [ITS-90, deg C]
# name 9 = depSM: Depth [salt water, m], lat = 59.00
# name 10 = oxsolML/L: Oxygen Saturation, Garcia & Gordon [ml/l]
# name 11 = potemp090C: Potential Temperature [ITS-90, deg C]
# name 12 = sigma-é00: Density [sigma-theta, kg/m^3]
# name 13 = n2satML/L: Nitrogen Saturation [ml/l]
# name 14 = par: PAR/Irradiance, Biospherical/Licor
# name 15 = flag:  0.000e+00
# span 0 =          1,        738       
# span 1 = 113.486586, 113.488718       
# span 2 =    0.00000,    0.05118       
# span 3 =     0.0000,     3.0708       
# span 4 =      0.000,    184.250       
# span 5 =     -0.187,    100.432       
# span 6 =   1918.680,  51335.632       
# span 7 =     0.9960,    31.7959       
# span 8 =     4.5759,     5.0773       
# span 9 =     -0.185,     99.469       
# span 10 =    7.23129,    8.86553      
# span 11 =     4.5729,     5.0773      
# span 12 =     0.7611,    25.1808      
# span 13 =   12.95599,   16.12113      
# span 14 = 3.8112e-02, 5.0604e+02      
# span 15 = 0.0000e+00, 0.0000e+00      
# interval = seconds: 0.25
# start_time = Apr 23 2018 11:40:41 [Instrument's time stamp, header]
# bad_flag = -9.990e-29
*END*
[from data line 724]
        725 113.488681    0.05028     3.0167    181.000     99.077  51335.632    31.7958     4.5813     98.127    7.29961     4.5746    25.1808   13.06435 3.8158e-02 0.0000e+00
        726 113.488683    0.05035     3.0208    181.250     99.265  51335.627    31.7958     4.5814     98.313    7.29960     4.5746    25.1807   13.06434 3.8157e-02 0.0000e+00
        727 113.488686    0.05042     3.0250    181.500     99.449  51335.508    31.7956     4.5815     98.495    7.29960     4.5746    25.1806   13.06433 3.8159e-02 0.0000e+00
        728 113.488689    0.05049     3.0292    181.750     99.625  51335.301    31.7954     4.5815     98.670    7.29960     4.5746    25.1804   13.06434 3.8162e-02 0.0000e+00
        729 113.488692    0.05056     3.0333    182.000     99.790  51334.960    31.7951     4.5815     98.833    7.29962     4.5744    25.1802   13.06437 3.8159e-02 0.0000e+00
        730 113.488695    0.05063     3.0375    182.250     99.942  51334.413    31.7946     4.5815     98.984    7.29966     4.5742    25.1798   13.06443 3.8150e-02 0.0000e+00
        731 113.488698    0.05069     3.0417    182.500    100.082  51333.627    31.7940     4.5813     99.122    7.29971     4.5740    25.1793   13.06454 3.8148e-02 0.0000e+00
        732 113.488701    0.05076     3.0458    182.750    100.202  51332.412    31.7931     4.5811     99.242    7.29979     4.5738    25.1786   13.06468 3.8147e-02 0.0000e+00
        733 113.488704    0.05083     3.0500    183.000    100.295  51331.092    31.7921     4.5809     99.333    7.29988     4.5737    25.1778   13.06484 3.8141e-02 0.0000e+00
        734 113.488707    0.05090     3.0542    183.250    100.357  51330.693    31.7917     4.5807     99.394    7.29993     4.5736    25.1776   13.06493 3.8130e-02 0.0000e+00
        735 113.488709    0.05097     3.0583    183.500    100.395  51331.340    31.7921     4.5806     99.432    7.29993     4.5736    25.1779   13.06493 3.8118e-02 0.0000e+00
        736 113.488712    0.05104     3.0625    183.750    100.417  51332.236    31.7927     4.5805     99.454    7.29991     4.5736    25.1784   13.06489 3.8112e-02 0.0000e+00
        737 113.488715    0.05111     3.0667    184.000    100.428  51332.845    31.7931     4.5805     99.465    7.29990 -9.990e-29    25.1787   13.06486 3.8113e-02 0.0000e+00
        738 113.488718    0.05118     3.0708    184.250    100.432  51333.042    31.7932     4.5805     99.469    7.29989 -9.990e-29    25.1788   13.06485 3.8114e-02 0.0000e+00
