CTD-processing/allCTD/CNV--turbid/2018_06-22_t9_s05_cast122.cnv
* Sea-Bird SBE19plus Data File:
* FileName = C:\Users\Kim.Powell\Desktop\Not Processed\2018\2018_06-XX\2018_06-XX_TRANSECT_STATION_cast122.hex
* Software Version 1.59
* Temperature SN =  5028
* Conductivity SN =  5028
* System UpLoad Time = Jul 05 2018 09:40:32
** 2018_06-22
** Station: 9-05
** Start Time: 14:16
** Depth (m): 100
** Comment:
** Comment:
# nquan = 16
# nvalues = 736                         
# units = specified
# name 0 = scan: Scan Count
# name 1 = timeJ: Julian Days
# name 2 = timeH: Time, Elapsed [hours]
# name 3 = timeM: Time, Elapsed [minutes]
# name 4 = timeS: Time, Elapsed [seconds]
# name 5 = prdM: Pressure, Strain Gauge [db]
# name 6 = specc: Specific Conductance [uS/cm]
# name 7 = sal00: Salinity, Practical [PSU]
# name 8 = tv290C: Temperature [ITS-90, deg C]
# name 9 = depSM: Depth [salt water, m], lat = 59.00
# name 10 = oxsolML/L: Oxygen Saturation, Garcia & Gordon [ml/l]
# name 11 = potemp090C: Potential Temperature [ITS-90, deg C]
# name 12 = sigma-é00: Density [sigma-theta, kg/m^3]
# name 13 = n2satML/L: Nitrogen Saturation [ml/l]
# name 14 = par: PAR/Irradiance, Biospherical/Licor
# name 15 = flag:  0.000e+00
# span 0 =          1,        736       
# span 1 = 173.594572, 173.596698       
# span 2 =    0.00000,    0.05104       
# span 3 =     0.0000,     3.0625       
# span 4 =      0.000,    183.750       
# span 5 =      0.381,     94.091       
# span 6 =  35136.541,  50712.861       
# span 7 =    21.6060,    31.7565       
# span 8 =     6.4461,    10.9077       
# span 9 =      0.377,     93.190       
# span 10 =    6.52903,    6.98580      
# span 11 =     6.4382,    10.9077      
# span 12 =    16.5713,    24.9367      
# span 13 =   11.84242,   12.62310      
# span 14 = 5.0867e-02, 1.1414e+03      
# span 15 = 0.0000e+00, 0.0000e+00      
# interval = seconds: 0.25
# start_time = Jun 22 2018 14:16:11 [Instrument's time stamp, header]
# bad_flag = -9.990e-29
*END*
[from data line 272]
        273 173.595359    0.01889     1.1333     68.000      0.636  42046.099    26.3858    10.8706      0.630    6.54669    10.8711    20.0988   11.88539 4.8755e+02 0.0000e+00
        274 173.595362    0.01896     1.1375     68.250      0.646  42058.414    26.3944    10.8714      0.639    6.54621    10.8697    20.1053   11.88449 4.7245e+02 0.0000e+00
        275 173.595365    0.01903     1.1417     68.500      0.658  42078.022    26.4080    10.8712      0.652    6.54568    10.8676    20.1159   11.88345 4.5864e+02 0.0000e+00
        276 173.595367    0.01910     1.1458     68.750      0.670  42096.056    26.4203    10.8698      0.663    6.54537    10.8657    20.1257   11.88278 4.4975e+02 0.0000e+00
        277 173.595370    0.01917     1.1500     69.000      0.677  42107.164    26.4278    10.8677      0.670    6.54536    10.8643    20.1319   11.88266 4.4610e+02 0.0000e+00
        278 173.595373    0.01924     1.1542     69.250      0.677  42111.352    26.4306    10.8658      0.670    6.54552    10.8637    20.1343   11.88290 4.5124e+02 0.0000e+00
        279 173.595376    0.01931     1.1583     69.500      0.671  42110.323    26.4297    10.8644      0.664    6.54574    10.8636    20.1339   11.88328 4.6268e+02 0.0000e+00
        280 173.595379    0.01938     1.1625     69.750      0.662  42105.926    26.4266    10.8638      0.655    6.54597    10.8640    20.1316   11.88370 4.7314e+02 0.0000e+00
        281 173.595382    0.01944     1.1667     70.000      0.654  42099.056    26.4219    10.8637      0.648    6.54618    10.8651    20.1279   11.88411 4.8180e+02 0.0000e+00
        282 173.595385    0.01951     1.1708     70.250      0.651  42089.354    26.4152    10.8641      0.645    6.54639    10.8669    20.1226   11.88454 4.8705e+02 0.0000e+00
        283 173.595388    0.01958     1.1750     70.500      0.652  42075.816    26.4059    10.8652      0.646    6.54663    10.8695    20.1153   11.88504 4.8958e+02 0.0000e+00
        284 173.595391    0.01965     1.1792     70.750      0.655  42057.934    26.3937    10.8670      0.649    6.54688    10.8727    20.1055   11.88560 4.9522e+02 0.0000e+00
        285 173.595394    0.01972     1.1833     71.000      0.656  42039.097    26.3809    10.8696      0.650    6.54703    10.8754    20.0951   11.88602 5.0512e+02 0.0000e+00
        286 173.595396    0.01979     1.1875     71.250      0.654  42027.817    26.3733    10.8728      0.648    6.54690    10.8767    20.0888   11.88589 5.1805e+02 0.0000e+00
        287 173.595399    0.01986     1.1917     71.500      0.651  42029.714    26.3749    10.8755      0.645    6.54645    10.8764    20.0896   11.88512 5.2786e+02 0.0000e+00
        288 173.595402    0.01993     1.1958     71.750      0.650  42041.768    26.3834    10.8768      0.644    6.54591    10.8753    20.0959   11.88412 5.2777e+02 0.0000e+00
        289 173.595405    0.02000     1.2000     72.000      0.654  42055.995    26.3932    10.8765      0.648    6.54554    10.8742    20.1036   11.88338 5.2204e+02 0.0000e+00
        290 173.595408    0.02007     1.2042     72.250      0.662  42062.854    26.3978    10.8754      0.656    6.54551    10.8740    20.1074   11.88328 5.1542e+02 0.0000e+00
        291 173.595411    0.02014     1.2083     72.500      0.669  42057.409    26.3940    10.8743      0.663    6.54582    10.8749    20.1046   11.88386 5.1055e+02 0.0000e+00
        292 173.595414    0.02021     1.2125     72.750      0.672  42046.134    26.3862    10.8741      0.666    6.54617    10.8759    20.0985   11.88452 5.0939e+02 0.0000e+00
        293 173.595417    0.02028     1.2167     73.000      0.671  42039.286    26.3815    10.8750      0.665    6.54624    10.8766    20.0948   11.88470 5.1004e+02 0.0000e+00
        294 173.595420    0.02035     1.2208     73.250      0.668  42036.846    26.3799    10.8760      0.662    6.54616    10.8774    20.0934   11.88459 5.0979e+02 0.0000e+00
        295 173.595422    0.02042     1.2250     73.500      0.665  42031.144    26.3760    10.8767      0.659    6.54622    10.8789    20.0902   11.88474 5.0972e+02 0.0000e+00
        296 173.595425    0.02049     1.2292     73.750      0.662  42019.218    26.3678    10.8775      0.656    6.54645    10.8809    20.0837   11.88521 5.1203e+02 0.0000e+00
        297 173.595428    0.02056     1.2333     74.000      0.659  42005.811    26.3587    10.8790      0.653    6.54662    10.8828    20.0764   11.88560 5.1225e+02 0.0000e+00
        298 173.595431    0.02063     1.2375     74.250      0.656  41996.816    26.3526    10.8810      0.649    6.54659    10.8839    20.0714   11.88562 5.0889e+02 0.0000e+00
        299 173.595434    0.02069     1.2417     74.500      0.652  41992.965    26.3501    10.8828      0.645    6.54643    10.8846    20.0691   11.88538 5.0615e+02 0.0000e+00
        300 173.595437    0.02076     1.2458     74.750      0.649  41989.526    26.3479    10.8840      0.642    6.54635    10.8855    20.0672   11.88528 5.0405e+02 0.0000e+00
        301 173.595440    0.02083     1.2500     75.000      0.649  41980.796    26.3419    10.8847      0.642    6.54650    10.8869    20.0624   11.88560 4.9997e+02 0.0000e+00
        302 173.595443    0.02090     1.2542     75.250      0.652  41967.852    26.3330    10.8856      0.646    6.54674    10.8884    20.0554   11.88612 4.9623e+02 0.0000e+00
        303 173.595446    0.02097     1.2583     75.500      0.659  41957.408    26.3259    10.8870      0.653    6.54684    10.8896    20.0496   11.88637 4.9763e+02 0.0000e+00
        304 173.595448    0.02104     1.2625     75.750      0.669  41952.293    26.3225    10.8885      0.663    6.54677    10.8901    20.0467   11.88629 5.0252e+02 0.0000e+00
        305 173.595451    0.02111     1.2667     76.000      0.679  41951.320    26.3219    10.8896      0.673    6.54663    10.8901    20.0461   11.88607 5.0608e+02 0.0000e+00
        306 173.595454    0.02118     1.2708     76.250      0.684  41953.019    26.3232    10.8902      0.678    6.54651    10.8897    20.0470   11.88584 5.0861e+02 0.0000e+00
        307 173.595457    0.02125     1.2750     76.500      0.683  41956.080    26.3253    10.8902      0.677    6.54642    10.8891    20.0486   11.88567 5.1054e+02 0.0000e+00
        308 173.595460    0.02132     1.2792     76.750      0.677  41959.778    26.3278    10.8898      0.671    6.54637    10.8885    20.0506   11.88555 5.0929e+02 0.0000e+00
        309 173.595463    0.02139     1.2833     77.000      0.668  41963.802    26.3306    10.8892      0.662    6.54633    10.8878    20.0529   11.88546 5.0697e+02 0.0000e+00
        310 173.595466    0.02146     1.2875     77.250      0.659  41968.088    26.3335    10.8886      0.653    6.54630    10.8872    20.0552   11.88538 5.0540e+02 0.0000e+00
        311 173.595469    0.02153     1.2917     77.500      0.651  41972.255    26.3363    10.8879      0.645    6.54628    10.8867    20.0575   11.88531 5.0226e+02 0.0000e+00
        312 173.595472    0.02160     1.2958     77.750      0.646  41975.266    26.3383    10.8873      0.640    6.54628    10.8863    20.0592   11.88528 5.0334e+02 0.0000e+00
        313 173.595475    0.02167     1.3000     78.000      0.646  41976.175    26.3389    10.8868      0.640    6.54633    10.8860    20.0598   11.88536 5.0952e+02 0.0000e+00
        314 173.595477    0.02174     1.3042     78.250      0.651  41974.883    26.3380    10.8864      0.645    6.54643    10.8858    20.0591   11.88554 5.1186e+02 0.0000e+00
        315 173.595480    0.02181     1.3083     78.500      0.661  41973.558    26.3370    10.8861      0.655    6.54651    10.8855    20.0584   11.88568 5.1164e+02 0.0000e+00
        316 173.595483    0.02187     1.3125     78.750      0.673  41974.485    26.3376    10.8859      0.667    6.54651    10.8849    20.0589   11.88567 5.1108e+02 0.0000e+00
        317 173.595486    0.02194     1.3167     79.000      0.683  41976.884    26.3393    10.8856      0.677    6.54649    10.8840    20.0602   11.88561 5.0968e+02 0.0000e+00
        318 173.595489    0.02201     1.3208     79.250      0.689  41981.160    26.3422    10.8850      0.683    6.54645    10.8823    20.0626   11.88551 5.0721e+02 0.0000e+00
        319 173.595492    0.02208     1.3250     79.500      0.694  41990.234    26.3484    10.8840      0.688    6.54633    10.8795    20.0675   11.88524 5.0057e+02 0.0000e+00
        320 173.595495    0.02215     1.3292     79.750      0.706  42006.831    26.3598    10.8824      0.699    6.54609    10.8750    20.0766   11.88471 4.9167e+02 0.0000e+00
        321 173.595498    0.02222     1.3333     80.000      0.732  42035.191    26.3792    10.8796      0.725    6.54569    10.8677    20.0922   11.88380 4.7770e+02 0.0000e+00
        322 173.595501    0.02229     1.3375     80.250      0.782  42083.421    26.4122    10.8751      0.775    6.54495    10.8555    20.1185   11.88218 4.4938e+02 0.0000e+00
        323 173.595503    0.02236     1.3417     80.500      0.869  42166.069    26.4688    10.8678      0.861    6.54364    10.8346    20.1637   11.87931 4.0964e+02 0.0000e+00
        324 173.595506    0.02243     1.3458     80.750      1.001  42307.644    26.5658    10.8556      0.992    6.54135    10.7998    20.2410   11.87433 3.6891e+02 0.0000e+00
        325 173.595509    0.02250     1.3500     81.000      1.173  42537.042    26.7229    10.8347      1.162    6.53781    10.7455    20.3665   11.86652 3.3056e+02 0.0000e+00
        326 173.595512    0.02257     1.3542     81.250      1.373  42872.060    26.9520    10.7999      1.360    6.53325    10.6678    20.5501   11.85616 2.9400e+02 0.0000e+00
        327 173.595515    0.02264     1.3583     81.500      1.588  43283.092    27.2321    10.7457      1.573    6.52935    10.5684    20.7764   11.84628 2.5973e+02 0.0000e+00
        328 173.595518    0.02271     1.3625     81.750      1.812  43689.363    27.5065    10.6680      1.795    6.52903    10.4571    21.0023   11.84242 2.2820e+02 0.0000e+00
        329 173.595521    0.02278     1.3667     82.000      2.041  44033.588    27.7356    10.5686      2.022    6.53369    10.3472    21.1964   11.84736 2.0005e+02 0.0000e+00
        330 173.595524    0.02285     1.3708     82.250      2.274  44314.698    27.9195    10.4574      2.253    6.54193    10.2471    21.3573   11.85882 1.7597e+02 0.0000e+00
        331 173.595527    0.02292     1.3750     82.500      2.510  44550.958    28.0723    10.3475      2.486    6.55130    10.1560    21.4937   11.87252 1.5558e+02 0.0000e+00
        332 173.595530    0.02299     1.3792     82.750      2.744  44763.891    28.2098    10.2474      2.718    6.55993    10.0665    21.6167   11.88517 1.3811e+02 0.0000e+00
        333 173.595532    0.02306     1.3833     83.000      2.974  44982.627    28.3521    10.1563      2.946    6.56708     9.9710    21.7419   11.89531 1.2309e+02 0.0000e+00
        334 173.595535    0.02313     1.3875     83.250      3.197  45222.301    28.5091    10.0668      3.167    6.57341     9.8674    21.8783   11.90390 1.1022e+02 0.0000e+00
        335 173.595538    0.02319     1.3917     83.500      3.417  45473.121    28.6730     9.9713      3.385    6.58034     9.7562    22.0211   11.91342 9.9099e+01 0.0000e+00
        336 173.595541    0.02326     1.3958     83.750      3.640  45734.124    28.8429     9.8678      3.606    6.58822     9.6334    22.1697   11.92442 8.9335e+01 0.0000e+00
        337 173.595544    0.02333     1.4000     84.000      3.873  46022.331    29.0307     9.7566      3.837    6.59648     9.4952    22.3334   11.93583 8.0559e+01 0.0000e+00
        338 173.595547    0.02340     1.4042     84.250      4.118  46338.625    29.2365     9.6338      4.080    6.60570     9.3487    22.5129   11.94861 7.2474e+01 0.0000e+00
        339 173.595550    0.02347     1.4083     84.500      4.376  46655.442    29.4405     9.4956      4.335    6.61730     9.2087    22.6934   11.96535 6.4987e+01 0.0000e+00
        340 173.595553    0.02354     1.4125     84.750      4.639  46946.039    29.6249     9.3492      4.596    6.63098     9.0831    22.8597   11.98578 5.8218e+01 0.0000e+00
        341 173.595556    0.02361     1.4167     85.000      4.903  47200.774    29.7848     9.2092      4.857    6.64482     8.9694    23.0058   12.00676 5.2287e+01 0.0000e+00
        342 173.595558    0.02368     1.4208     85.250      5.161  47422.998    29.9235     9.0837      5.113    6.65747     8.8576    23.1331   12.02602 4.7186e+01 0.0000e+00
        343 173.595561    0.02375     1.4250     85.500      5.410  47625.701    30.0498     8.9700      5.359    6.66895     8.7350    23.2489   12.04351 4.2835e+01 0.0000e+00
        344 173.595564    0.02382     1.4292     85.750      5.649  47825.170    30.1738     8.8582      5.596    6.68031     8.5925    23.3625   12.06080 3.9128e+01 0.0000e+00
        345 173.595567    0.02389     1.4333     86.000      5.879  48034.044    30.3025     8.7355      5.824    6.69316     8.4339    23.4812   12.08050 3.5962e+01 0.0000e+00
        346 173.595570    0.02396     1.4375     86.250      6.105  48257.076    30.4380     8.5931      6.048    6.70875     8.2752    23.6081   12.10465 3.3253e+01 0.0000e+00
        347 173.595573    0.02403     1.4417     86.500      6.332  48486.712    30.5754     8.4345      6.272    6.72677     8.1318    23.7387   12.13279 3.0925e+01 0.0000e+00
        348 173.595576    0.02410     1.4458     86.750      6.564  48701.170    30.7017     8.2759      6.503    6.74534     8.0073    23.8605   12.16198 2.8895e+01 0.0000e+00
        349 173.595579    0.02417     1.4500     87.000      6.807  48879.952    30.8051     8.1325      6.744    6.76267     7.8982    23.9620   12.18940 2.7083e+01 0.0000e+00
        350 173.595582    0.02424     1.4542     87.250      7.061  49020.729    30.8845     8.0080      6.995    6.77824     7.8015    24.0419   12.21419 2.5431e+01 0.0000e+00
        351 173.595584    0.02431     1.4583     87.500      7.321  49135.183    30.9475     7.8989      7.252    6.79222     7.7166    24.1067   12.23655 2.3917e+01 0.0000e+00
        352 173.595587    0.02438     1.4625     87.750      7.579  49234.904    31.0019     7.8022      7.508    6.80473     7.6443    24.1630   12.25658 2.2534e+01 0.0000e+00
        353 173.595590    0.02444     1.4667     88.000      7.828  49325.789    31.0518     7.7173      7.755    6.81565     7.5854    24.2140   12.27403 2.1283e+01 0.0000e+00
        354 173.595593    0.02451     1.4708     88.250      8.066  49408.917    31.0982     7.6451      7.990    6.82480     7.5387    24.2604   12.28858 2.0156e+01 0.0000e+00
        355 173.595596    0.02458     1.4750     88.500      8.295  49481.085    31.1390     7.5861      8.217    6.83214     7.5014    24.3006   12.30021 1.9135e+01 0.0000e+00
        356 173.595599    0.02465     1.4792     88.750      8.521  49539.679    31.1723     7.5395      8.442    6.83792     7.4703    24.3331   12.30936 1.8192e+01 0.0000e+00
        357 173.595602    0.02472     1.4833     89.000      8.753  49586.982    31.1991     7.5022      8.671    6.84253     7.4435    24.3592   12.31667 1.7302e+01 0.0000e+00
        358 173.595605    0.02479     1.4875     89.250      8.993  49627.661    31.2222     7.4711      8.909    6.84636     7.4206    24.3817   12.32271 1.6458e+01 0.0000e+00
        359 173.595608    0.02486     1.4917     89.500      9.242  49663.869    31.2430     7.4444      9.156    6.84962     7.4009    24.4016   12.32783 1.5663e+01 0.0000e+00
        360 173.595611    0.02493     1.4958     89.750      9.495  49695.382    31.2610     7.4215      9.407    6.85240     7.3843    24.4189   12.33222 1.4919e+01 0.0000e+00
        361 173.595613    0.02500     1.5000     90.000      9.749  49722.871    31.2768     7.4019      9.658    6.85477     7.3703    24.4340   12.33594 1.4220e+01 0.0000e+00
