CTD-processing/allCTD/CNV--turbid/2018_07-29_t3_s15_cast190.cnv
* Sea-Bird SBE19plus Data File:
* FileName = C:\Users\Kim.Powell\Desktop\Not Processed\2018\2018_07-26_T3_5028\2018_07-29_T3_STATION_cast190.hex
* Software Version 1.59
* Temperature SN =  5028
* Conductivity SN =  5028
* System UpLoad Time = Aug 22 2018 09:52:56
** 2018_07-26
** Station: 3-15
** Start Time: 12:06
** Depth (m): 20
** Comment:
** Comment:
# nquan = 16
# nvalues = 403                         
# units = specified
# name 0 = scan: Scan Count
# name 1 = timeJ: Julian Days
# name 2 = timeH: Time, Elapsed [hours]
# name 3 = timeM: Time, Elapsed [minutes]
# name 4 = timeS: Time, Elapsed [seconds]
# name 5 = prdM: Pressure, Strain Gauge [db]
# name 6 = specc: Specific Conductance [uS/cm]
# name 7 = sal00: Salinity, Practical [PSU]
# name 8 = tv290C: Temperature [ITS-90, deg C]
# name 9 = depSM: Depth [salt water, m], lat = 59.00
# name 10 = oxsolML/L: Oxygen Saturation, Garcia & Gordon [ml/l]
# name 11 = potemp090C: Potential Temperature [ITS-90, deg C]
# name 12 = sigma-é00: Density [sigma-theta, kg/m^3]
# name 13 = n2satML/L: Nitrogen Saturation [ml/l]
# name 14 = par: PAR/Irradiance, Biospherical/Licor
# name 15 = flag:  0.000e+00
# span 0 =          1,        403       
# span 1 = 207.504873, 207.506036       
# span 2 =    0.00000,    0.02792       
# span 3 =     0.0000,     1.6750       
# span 4 =      0.000,    100.500       
# span 5 =      0.711,     20.675       
# span 6 =  47941.556,  48077.635       
# span 7 =    30.5257,    30.6023       
# span 8 =    10.8407,    11.0374       
# span 9 =      0.704,     20.481       
# span 10 =    6.35327,    6.37800      
# span 11 =    10.8383,    11.0373      
# span 12 =    23.2884,    23.3736      
# span 13 =   11.51443,   11.55478      
# span 14 = 1.4258e+00, 2.7838e+02      
# span 15 = 0.0000e+00, 0.0000e+00      
# interval = seconds: 0.25
# start_time = Jul 26 2018 12:07:01 [Instrument's time stamp, header]
# bad_flag = -9.990e-29
*END*
[from data line 362]
        363 207.505920    0.02514     1.5083     90.500     13.308  48029.587    30.5665    10.8831     13.184    6.37323    10.8836    23.3457   11.54717 1.1193e+01 0.0000e+00
        364 207.505923    0.02521     1.5125     90.750     13.509  48030.158    30.5669    10.8834     13.383    6.37318    10.8859    23.3460   11.54708 1.0725e+01 0.0000e+00
        365 207.505926    0.02528     1.5167     91.000     13.713  48028.499    30.5658    10.8852     13.584    6.37297    10.8877    23.3448   11.54676 1.0269e+01 0.0000e+00
        366 207.505929    0.02535     1.5208     91.250     13.922  48025.917    30.5641    10.8875     13.791    6.37273    10.8888    23.3432   11.54637 9.8212e+00 0.0000e+00
        367 207.505932    0.02542     1.5250     91.500     14.134  48023.604    30.5626    10.8893     14.001    6.37254    10.8890    23.3417   11.54607 9.3900e+00 0.0000e+00
        368 207.505935    0.02549     1.5292     91.750     14.343  48022.126    30.5616    10.8904     14.208    6.37243    10.8884    23.3407   11.54590 8.9870e+00 0.0000e+00
        369 207.505937    0.02556     1.5333     92.000     14.545  48021.592    30.5612    10.8907     14.408    6.37241    10.8871    23.3404   11.54587 8.6152e+00 0.0000e+00
        370 207.505940    0.02562     1.5375     92.250     14.740  48022.010    30.5613    10.8901     14.601    6.37248    10.8856    23.3406   11.54599 8.2672e+00 0.0000e+00
        371 207.505943    0.02569     1.5417     92.500     14.933  48023.418    30.5621    10.8889     14.792    6.37262    10.8843    23.3414   11.54622 7.9276e+00 0.0000e+00
        372 207.505946    0.02576     1.5458     92.750     15.130  48025.374    30.5632    10.8874     14.988    6.37278    10.8833    23.3426   11.54647 7.5841e+00 0.0000e+00
        373 207.505949    0.02583     1.5500     93.000     15.338  48027.064    30.5642    10.8861     15.194    6.37292    10.8825    23.3435   11.54668 7.2355e+00 0.0000e+00
        374 207.505952    0.02590     1.5542     93.250     15.555  48028.262    30.5648    10.8851     15.409    6.37302    10.8816    23.3442   11.54684 6.8923e+00 0.0000e+00
        375 207.505955    0.02597     1.5583     93.500     15.776  48029.232    30.5653    10.8843     15.628    6.37311    10.8805    23.3447   11.54699 6.5682e+00 0.0000e+00
        376 207.505958    0.02604     1.5625     93.750     15.991  48030.226    30.5658    10.8834     15.840    6.37322    10.8794    23.3453   11.54716 6.2731e+00 0.0000e+00
        377 207.505961    0.02611     1.5667     94.000     16.194  48031.346    30.5664    10.8824     16.041    6.37333    10.8781    23.3459   11.54734 6.0095e+00 0.0000e+00
        378 207.505964    0.02618     1.5708     94.250     16.384  48032.419    30.5670    10.8813     16.230    6.37346    10.8760    23.3466   11.54754 5.7726e+00 0.0000e+00
        379 207.505966    0.02625     1.5750     94.500     16.565  48033.482    30.5675    10.8800     16.410    6.37362    10.8728    23.3472   11.54781 5.5531e+00 0.0000e+00
        380 207.505969    0.02632     1.5792     94.750     16.744  48035.109    30.5684    10.8779     16.587    6.37387    10.8686    23.3482   11.54821 5.3405e+00 0.0000e+00
        381 207.505972    0.02639     1.5833     95.000     16.927  48038.102    30.5701    10.8747     16.769    6.37424    10.8643    23.3501   11.54880 5.1256e+00 0.0000e+00
        382 207.505975    0.02646     1.5875     95.250     17.121  48042.531    30.5727    10.8706     16.961    6.37470    10.8603    23.3528   11.54953 4.9035e+00 0.0000e+00
        383 207.505978    0.02653     1.5917     95.500     17.330  48047.405    30.5755    10.8663     17.167    6.37517    10.8569    23.3558   11.55029 4.6750e+00 0.0000e+00
        384 207.505981    0.02660     1.5958     95.750     17.552  48052.021    30.5783    10.8624     17.387    6.37561    10.8542    23.3586   11.55098 4.4447e+00 0.0000e+00
        385 207.505984    0.02667     1.6000     96.000     17.782  48056.207    30.5808    10.8590     17.615    6.37598    10.8523    23.3611   11.55156 4.2179e+00 0.0000e+00
        386 207.505987    0.02674     1.6042     96.250     18.018  48059.584    30.5828    10.8563     17.849    6.37626    10.8508    23.3631   11.55201 3.9987e+00 0.0000e+00
        387 207.505990    0.02681     1.6083     96.500     18.254  48061.921    30.5841    10.8544     18.082    6.37647    10.8494    23.3645   11.55233 3.7907e+00 0.0000e+00
        388 207.505992    0.02688     1.6125     96.750     18.484  48063.496    30.5849    10.8530     18.310    6.37663    10.8479    23.3654   11.55260 3.5985e+00 0.0000e+00
        389 207.505995    0.02694     1.6167     97.000     18.703  48064.940    30.5857    10.8516     18.528    6.37679    10.8463    23.3662   11.55285 3.4253e+00 0.0000e+00
        390 207.505998    0.02701     1.6208     97.250     18.909  48066.637    30.5867    10.8500     18.732    6.37696    10.8449    23.3672   11.55313 3.2713e+00 0.0000e+00
        391 207.506001    0.02708     1.6250     97.500     19.101  48068.399    30.5877    10.8485     18.922    6.37713    10.8437    23.3683   11.55340 3.1329e+00 0.0000e+00
        392 207.506004    0.02715     1.6292     97.750     19.282  48069.951    30.5885    10.8471     19.102    6.37729    10.8423    23.3692   11.55364 3.0030e+00 0.0000e+00
        393 207.506007    0.02722     1.6333     98.000     19.459  48071.265    30.5892    10.8459     19.276    6.37743    10.8409    23.3699   11.55387 2.8751e+00 0.0000e+00
        394 207.506010    0.02729     1.6375     98.250     19.636  48072.551    30.5899    10.8446     19.451    6.37758    10.8397    23.3707   11.55411 2.7452e+00 0.0000e+00
        395 207.506013    0.02736     1.6417     98.500     19.814  48074.036    30.5907    10.8433     19.628    6.37773    10.8389    23.3716   11.55435 2.6108e+00 0.0000e+00
        396 207.506016    0.02743     1.6458     98.750     19.991  48075.577    30.5916    10.8420     19.804    6.37786    10.8384    23.3725   11.55456 2.4699e+00 0.0000e+00
        397 207.506019    0.02750     1.6500     99.000     20.164  48076.757    30.5923    10.8412     19.974    6.37795    10.8383    23.3731   11.55470 2.3198e+00 0.0000e+00
        398 207.506021    0.02757     1.6542     99.250     20.323  48077.400    30.5926    10.8408     20.132    6.37799    10.8384    23.3735   11.55476 2.1586e+00 0.0000e+00
        399 207.506024    0.02764     1.6583     99.500     20.459  48077.635    30.5927    10.8407     20.267    6.37800    10.8385    23.3736   11.55478 1.9854e+00 0.0000e+00
        400 207.506027    0.02771     1.6625     99.750     20.561  48077.627    30.5927    10.8408     20.367    6.37799    10.8387    23.3735   11.55476 1.8008e+00 0.0000e+00
        401 207.506030    0.02778     1.6667    100.000     20.626  48077.525    30.5926    10.8409     20.432    6.37797    10.8387    23.3734   11.55473 1.6175e+00 0.0000e+00
        402 207.506033    0.02785     1.6708    100.250     20.663  48077.435    30.5925    10.8411     20.469    6.37796 -9.990e-29    23.3733   11.55471 1.4775e+00 0.0000e+00
        403 207.506036    0.02792     1.6750    100.500     20.675  48077.400    30.5925    10.8411     20.481    6.37795 -9.990e-29    23.3733   11.55470 1.4258e+00 0.0000e+00
