CTD-processing/allCTD/CNV--turbid/2018_09-17_alongbay_skb01_cast039.cnv
* Sea-Bird SBE19plus Data File:
* FileName = C:\Users\Kim.Powell\Desktop\Not Processed\2018\2018_09-17_AlongBay, T6, T7_5028\2018_09-17_TRANSECT_STATION_cast039.hex
* Software Version 1.59
* Temperature SN =  5028
* Conductivity SN =  5028
* System UpLoad Time = Sep 18 2018 16:17:21
** 2018_09-17
** Station: KB01
** Start Time: 14:41
** Depth (m): 73
** Comment:
** Comment:
# nquan = 16
# nvalues = 582                         
# units = specified
# name 0 = scan: Scan Count
# name 1 = timeJ: Julian Days
# name 2 = timeH: Time, Elapsed [hours]
# name 3 = timeM: Time, Elapsed [minutes]
# name 4 = timeS: Time, Elapsed [seconds]
# name 5 = prdM: Pressure, Strain Gauge [db]
# name 6 = specc: Specific Conductance [uS/cm]
# name 7 = sal00: Salinity, Practical [PSU]
# name 8 = tv290C: Temperature [ITS-90, deg C]
# name 9 = depSM: Depth [salt water, m], lat = 59.00
# name 10 = oxsolML/L: Oxygen Saturation, Garcia & Gordon [ml/l]
# name 11 = potemp090C: Potential Temperature [ITS-90, deg C]
# name 12 = sigma-é00: Density [sigma-theta, kg/m^3]
# name 13 = n2satML/L: Nitrogen Saturation [ml/l]
# name 14 = par: PAR/Irradiance, Biospherical/Licor
# name 15 = flag:  0.000e+00
# span 0 =          1,        582       
# span 1 = 260.613171, 260.614852       
# span 2 =    0.00000,    0.04035       
# span 3 =     0.0000,     2.4208       
# span 4 =      0.000,    145.250       
# span 5 =      0.453,     69.557       
# span 6 =  48088.520,  49196.773       
# span 7 =    30.5073,    31.1277       
# span 8 =     8.9981,     9.9808       
# span 9 =      0.448,     68.895       
# span 10 =    6.49171,    6.61829      
# span 11 =     8.9910,     9.9743      
# span 12 =    23.4492,    24.0888      
# span 13 =   11.74106,   11.94648      
# span 14 = 1.3637e-01, 2.2379e+02      
# span 15 = 0.0000e+00, 0.0000e+00      
# interval = seconds: 0.25
# start_time = Sep 17 2018 14:42:58 [Instrument's time stamp, header]
# bad_flag = -9.990e-29
*END*
[from data line 91]
         92 260.613435    0.00632     0.3792     22.750      0.758  48639.866    30.8777     9.8388      0.751    6.50680     9.8369    23.7610   11.76485 2.1176e+02 0.0000e+00
         93 260.613437    0.00639     0.3833     23.000      0.759  48645.674    30.8817     9.8381      0.752    6.50675     9.8369    23.7642   11.76471 2.1142e+02 0.0000e+00
         94 260.613440    0.00646     0.3875     23.250      0.759  48653.602    30.8871     9.8370      0.752    6.50668     9.8387    23.7687   11.76452 2.1116e+02 0.0000e+00
         95 260.613443    0.00653     0.3917     23.500      0.757  48659.510    30.8913     9.8369      0.750    6.50651     9.8427    23.7719   11.76420 2.1088e+02 0.0000e+00
         96 260.613446    0.00660     0.3958     23.750      0.755  48661.040    30.8926     9.8387      0.748    6.50620     9.8484    23.7726   11.76367 2.1045e+02 0.0000e+00
         97 260.613449    0.00667     0.4000     24.000      0.752  48658.137    30.8910     9.8427      0.745    6.50569     9.8545    23.7708   11.76285 2.1031e+02 0.0000e+00
         98 260.613452    0.00674     0.4042     24.250      0.752  48651.972    30.8874     9.8485      0.745    6.50502     9.8597    23.7671   11.76178 2.1063e+02 0.0000e+00
         99 260.613455    0.00681     0.4083     24.500      0.753  48644.643    30.8830     9.8546      0.746    6.50433     9.8636    23.7627   11.76069 2.1111e+02 0.0000e+00
        100 260.613458    0.00688     0.4125     24.750      0.756  48638.317    30.8792     9.8598      0.749    6.50375     9.8670    23.7589   11.75978 2.1140e+02 0.0000e+00
        101 260.613461    0.00694     0.4167     25.000      0.760  48634.197    30.8768     9.8637      0.753    6.50329     9.8705    23.7564   11.75904 2.1144e+02 0.0000e+00
        102 260.613464    0.00701     0.4208     25.250      0.763  48632.085    30.8757     9.8671      0.756    6.50285     9.8745    23.7550   11.75833 2.1157e+02 0.0000e+00
        103 260.613466    0.00708     0.4250     25.500      0.765  48630.489    30.8751     9.8706      0.757    6.50238     9.8791    23.7539   11.75756 2.1153e+02 0.0000e+00
        104 260.613469    0.00715     0.4292     25.750      0.766  48627.655    30.8736     9.8746      0.758    6.50187     9.8842    23.7521   11.75673 2.1102e+02 0.0000e+00
        105 260.613472    0.00722     0.4333     26.000      0.767  48622.627    30.8706     9.8791      0.759    6.50135     9.8899    23.7490   11.75589 2.1042e+02 0.0000e+00
        106 260.613475    0.00729     0.4375     26.250      0.767  48615.392    30.8662     9.8842      0.759    6.50080     9.8965    23.7447   11.75505 2.1026e+02 0.0000e+00
        107 260.613478    0.00736     0.4417     26.500      0.767  48606.359    30.8605     9.8899      0.759    6.50022     9.9039    23.7394   11.75415 2.1087e+02 0.0000e+00
        108 260.613481    0.00743     0.4458     26.750      0.767  48595.968    30.8540     9.8966      0.760    6.49954     9.9112    23.7333   11.75311 2.1162e+02 0.0000e+00
        109 260.613484    0.00750     0.4500     27.000      0.768  48585.174    30.8474     9.9040      0.761    6.49877     9.9175    23.7269   11.75191 2.1165e+02 0.0000e+00
        110 260.613487    0.00757     0.4542     27.250      0.770  48575.560    30.8415     9.9113      0.762    6.49796     9.9223    23.7211   11.75065 2.1122e+02 0.0000e+00
        111 260.613490    0.00764     0.4583     27.500      0.773  48568.073    30.8370     9.9176      0.765    6.49726     9.9261    23.7166   11.74953 2.1093e+02 0.0000e+00
        112 260.613492    0.00771     0.4625     27.750      0.776  48562.469    30.8337     9.9224      0.769    6.49672     9.9298    23.7132   11.74867 2.1076e+02 0.0000e+00
        113 260.613495    0.00778     0.4667     28.000      0.779  48557.771    30.8309     9.9262      0.772    6.49629     9.9339    23.7104   11.74799 2.1046e+02 0.0000e+00
        114 260.613498    0.00785     0.4708     28.250      0.780  48552.249    30.8274     9.9299      0.773    6.49590     9.9385    23.7071   11.74740 2.1020e+02 0.0000e+00
        115 260.613501    0.00792     0.4750     28.500      0.779  48544.579    30.8225     9.9340      0.772    6.49552     9.9431    23.7026   11.74682 2.1020e+02 0.0000e+00
        116 260.613504    0.00799     0.4792     28.750      0.777  48535.602    30.8168     9.9386      0.769    6.49511     9.9472    23.6974   11.74621 2.1035e+02 0.0000e+00
        117 260.613507    0.00806     0.4833     29.000      0.775  48527.055    30.8114     9.9432      0.768    6.49469     9.9502    23.6925   11.74557 2.1032e+02 0.0000e+00
        118 260.613510    0.00813     0.4875     29.250      0.776  48519.528    30.8066     9.9472      0.769    6.49431     9.9519    23.6881   11.74500 2.1003e+02 0.0000e+00
        119 260.613513    0.00819     0.4917     29.500      0.778  48513.521    30.8027     9.9502      0.771    6.49404     9.9524    23.6846   11.74461 2.0974e+02 0.0000e+00
        120 260.613516    0.00826     0.4958     29.750      0.781  48510.322    30.8007     9.9519      0.774    6.49388     9.9522    23.6827   11.74437 2.0976e+02 0.0000e+00
        121 260.613519    0.00833     0.5000     30.000      0.781  48509.953    30.8005     9.9525      0.774    6.49382     9.9516    23.6825   11.74426 2.1021e+02 0.0000e+00
        122 260.613521    0.00840     0.5042     30.250      0.778  48510.744    30.8010     9.9522      0.771    6.49383     9.9512    23.6829   11.74427 2.1066e+02 0.0000e+00
        123 260.613524    0.00847     0.5083     30.500      0.774  48511.430    30.8014     9.9517      0.767    6.49389     9.9510    23.6833   11.74437 2.1082e+02 0.0000e+00
        124 260.613527    0.00854     0.5125     30.750      0.771  48511.692    30.8015     9.9513      0.764    6.49393     9.9508    23.6835   11.74445 2.1091e+02 0.0000e+00
        125 260.613530    0.00861     0.5167     31.000      0.771  48511.497    30.8014     9.9511      0.764    6.49397     9.9503    23.6834   11.74450 2.1104e+02 0.0000e+00
        126 260.613533    0.00868     0.5208     31.250      0.774  48511.190    30.8011     9.9509      0.767    6.49401     9.9496    23.6833   11.74458 2.1109e+02 0.0000e+00
        127 260.613536    0.00875     0.5250     31.500      0.779  48511.506    30.8013     9.9504      0.772    6.49408     9.9490    23.6835   11.74469 2.1105e+02 0.0000e+00
        128 260.613539    0.00882     0.5292     31.750      0.784  48512.811    30.8021     9.9497      0.777    6.49414     9.9488    23.6842   11.74478 2.1120e+02 0.0000e+00
        129 260.613542    0.00889     0.5333     32.000      0.786  48514.361    30.8031     9.9491      0.779    6.49418     9.9490    23.6851   11.74484 2.1155e+02 0.0000e+00
        130 260.613545    0.00896     0.5375     32.250      0.786  48514.706    30.8033     9.9489      0.779    6.49420     9.9499    23.6853   11.74487 2.1166e+02 0.0000e+00
        131 260.613547    0.00903     0.5417     32.500      0.784  48513.018    30.8022     9.9491      0.777    6.49422     9.9516    23.6843   11.74491 2.1137e+02 0.0000e+00
        132 260.613550    0.00910     0.5458     32.750      0.779  48509.597    30.7999     9.9500      0.772    6.49419     9.9538    23.6824   11.74489 2.1123e+02 0.0000e+00
        133 260.613553    0.00917     0.5500     33.000      0.774  48505.427    30.7972     9.9516      0.767    6.49407     9.9560    23.6800   11.74472 2.1158e+02 0.0000e+00
        134 260.613556    0.00924     0.5542     33.250      0.769  48501.769    30.7949     9.9539      0.762    6.49385     9.9577    23.6779   11.74438 2.1175e+02 0.0000e+00
        135 260.613559    0.00931     0.5583     33.500      0.768  48499.518    30.7936     9.9561      0.760    6.49358     9.9587    23.6765   11.74396 2.1092e+02 0.0000e+00
        136 260.613562    0.00937     0.5625     33.750      0.769  48498.704    30.7932     9.9578      0.762    6.49336     9.9592    23.6760   11.74359 2.0964e+02 0.0000e+00
        137 260.613565    0.00944     0.5667     34.000      0.773  48498.744    30.7934     9.9588      0.766    6.49321     9.9597    23.6759   11.74334 2.0911e+02 0.0000e+00
        138 260.613568    0.00951     0.5708     34.250      0.779  48499.071    30.7937     9.9593      0.772    6.49312     9.9603    23.6761   11.74319 2.0936e+02 0.0000e+00
        139 260.613571    0.00958     0.5750     34.500      0.784  48499.374    30.7939     9.9598      0.777    6.49304     9.9611    23.6762   11.74306 2.0960e+02 0.0000e+00
        140 260.613573    0.00965     0.5792     34.750      0.787  48499.085    30.7938     9.9604      0.779    6.49297     9.9622    23.6760   11.74293 2.0976e+02 0.0000e+00
        141 260.613576    0.00972     0.5833     35.000      0.787  48497.563    30.7928     9.9612      0.779    6.49289     9.9637    23.6751   11.74282 2.1005e+02 0.0000e+00
        142 260.613579    0.00979     0.5875     35.250      0.784  48495.049    30.7912     9.9623      0.776    6.49280     9.9654    23.6737   11.74270 2.1047e+02 0.0000e+00
        143 260.613582    0.00986     0.5917     35.500      0.781  48492.277    30.7894     9.9637      0.773    6.49266     9.9669    23.6720   11.74249 2.1085e+02 0.0000e+00
        144 260.613585    0.00993     0.5958     35.750      0.779  48489.737    30.7878     9.9654      0.772    6.49249     9.9681    23.6705   11.74222 2.1050e+02 0.0000e+00
        145 260.613588    0.01000     0.6000     36.000      0.781  48487.663    30.7866     9.9670      0.773    6.49232     9.9690    23.6693   11.74196 2.0952e+02 0.0000e+00
        146 260.613591    0.01007     0.6042     36.250      0.783  48486.046    30.7856     9.9682      0.775    6.49220     9.9699    23.6683   11.74176 2.0939e+02 0.0000e+00
        147 260.613594    0.01014     0.6083     36.500      0.785  48484.637    30.7847     9.9691      0.778    6.49210     9.9708    23.6675   11.74161 2.1050e+02 0.0000e+00
        148 260.613597    0.01021     0.6125     36.750      0.784  48482.838    30.7836     9.9700      0.777    6.49203     9.9718    23.6665   11.74150 2.1164e+02 0.0000e+00
        149 260.613600    0.01028     0.6167     37.000      0.779  48480.215    30.7818     9.9708      0.772    6.49198     9.9729    23.6650   11.74144 2.1199e+02 0.0000e+00
        150 260.613602    0.01035     0.6208     37.250      0.773  48477.188    30.7798     9.9718      0.765    6.49192     9.9738    23.6632   11.74136 2.1199e+02 0.0000e+00
        151 260.613605    0.01042     0.6250     37.500      0.768  48474.489    30.7781     9.9729      0.760    6.49184     9.9742    23.6617   11.74125 2.1225e+02 0.0000e+00
        152 260.613608    0.01049     0.6292     37.750      0.766  48472.527    30.7768     9.9739      0.759    6.49176     9.9743    23.6605   11.74114 2.1202e+02 0.0000e+00
        153 260.613611    0.01056     0.6333     38.000      0.768  48471.566    30.7762     9.9743      0.761    6.49172     9.9740    23.6600   11.74108 2.1074e+02 0.0000e+00
        154 260.613614    0.01063     0.6375     38.250      0.771  48471.753    30.7763     9.9743      0.764    6.49171     9.9735    23.6601   11.74106 2.0958e+02 0.0000e+00
        155 260.613617    0.01069     0.6417     38.500      0.772  48472.857    30.7771     9.9740      0.765    6.49172     9.9728    23.6607   11.74107 2.0919e+02 0.0000e+00
        156 260.613620    0.01076     0.6458     38.750      0.771  48474.468    30.7782     9.9735      0.764    6.49175     9.9717    23.6616   11.74110 2.0915e+02 0.0000e+00
        157 260.613623    0.01083     0.6500     39.000      0.769  48476.261    30.7793     9.9728      0.762    6.49180     9.9702    23.6627   11.74118 2.0925e+02 0.0000e+00
        158 260.613626    0.01090     0.6542     39.250      0.765  48478.001    30.7804     9.9718      0.758    6.49190     9.9678    23.6637   11.74134 2.0926e+02 0.0000e+00
        159 260.613628    0.01097     0.6583     39.500      0.763  48479.729    30.7814     9.9702      0.756    6.49208     9.9643    23.6647   11.74162 2.0919e+02 0.0000e+00
        160 260.613631    0.01104     0.6625     39.750      0.763  48482.156    30.7828     9.9679      0.756    6.49236     9.9593    23.6662   11.74205 2.0920e+02 0.0000e+00
        161 260.613634    0.01111     0.6667     40.000      0.766  48486.668    30.7856     9.9643      0.759    6.49275     9.9536    23.6689   11.74267 2.0934e+02 0.0000e+00
        162 260.613637    0.01118     0.6708     40.250      0.769  48494.177    30.7902     9.9593      0.762    6.49326     9.9485    23.6734   11.74347 2.0958e+02 0.0000e+00
        163 260.613640    0.01125     0.6750     40.500      0.772  48503.517    30.7961     9.9536      0.765    6.49383     9.9447    23.6789   11.74434 2.0972e+02 0.0000e+00
        164 260.613643    0.01132     0.6792     40.750      0.774  48512.194    30.8016     9.9486      0.767    6.49432     9.9420    23.6839   11.74508 2.0975e+02 0.0000e+00
        165 260.613646    0.01139     0.6833     41.000      0.774  48518.855    30.8058     9.9448      0.767    6.49468     9.9403    23.6878   11.74564 2.0979e+02 0.0000e+00
        166 260.613649    0.01146     0.6875     41.250      0.774  48523.554    30.8087     9.9421      0.767    6.49495     9.9398    23.6906   11.74604 2.0975e+02 0.0000e+00
        167 260.613652    0.01153     0.6917     41.500      0.773  48526.366    30.8105     9.9404      0.766    6.49512     9.9405    23.6922   11.74630 2.0974e+02 0.0000e+00
        168 260.613655    0.01160     0.6958     41.750      0.770  48527.014    30.8109     9.9398      0.763    6.49518     9.9423    23.6926   11.74640 2.1027e+02 0.0000e+00
        169 260.613657    0.01167     0.7000     42.000      0.766  48525.516    30.8099     9.9406      0.759    6.49511     9.9446    23.6918   11.74629 2.1111e+02 0.0000e+00
        170 260.613660    0.01174     0.7042     42.250      0.762  48522.555    30.8081     9.9424      0.755    6.49493     9.9469    23.6900   11.74601 2.1165e+02 0.0000e+00
        171 260.613663    0.01181     0.7083     42.500      0.760  48519.099    30.8059     9.9447      0.753    6.49470     9.9488    23.6880   11.74565 2.1167e+02 0.0000e+00
        172 260.613666    0.01188     0.7125     42.750      0.760  48515.774    30.8039     9.9469      0.753    6.49446     9.9504    23.6860   11.74529 2.1115e+02 0.0000e+00
        173 260.613669    0.01194     0.7167     43.000      0.763  48512.759    30.8020     9.9489      0.756    6.49426     9.9517    23.6842   11.74499 2.1038e+02 0.0000e+00
        174 260.613672    0.01201     0.7208     43.250      0.768  48510.176    30.8004     9.9505      0.760    6.49410     9.9529    23.6827   11.74474 2.0992e+02 0.0000e+00
        175 260.613675    0.01208     0.7250     43.500      0.772  48508.119    30.7991     9.9518      0.764    6.49397     9.9543    23.6815   11.74453 2.0983e+02 0.0000e+00
        176 260.613678    0.01215     0.7292     43.750      0.774  48506.296    30.7980     9.9530      0.766    6.49384     9.9558    23.6804   11.74433 2.0976e+02 0.0000e+00
        177 260.613681    0.01222     0.7333     44.000      0.772  48504.034    30.7966     9.9543      0.765    6.49371     9.9577    23.6791   11.74414 2.1000e+02 0.0000e+00
        178 260.613683    0.01229     0.7375     44.250      0.768  48500.893    30.7945     9.9559      0.760    6.49357     9.9597    23.6773   11.74393 2.1037e+02 0.0000e+00
        179 260.613686    0.01236     0.7417     44.500      0.762  48496.996    30.7920     9.9578      0.755    6.49341     9.9613    23.6750   11.74369 2.1057e+02 0.0000e+00
        180 260.613689    0.01243     0.7458     44.750      0.758  48492.765    30.7893     9.9597      0.751    6.49324     9.9622    23.6726   11.74345 2.1092e+02 0.0000e+00
