CTD-processing/allCTD/CNV--turbid/2018_11-08_alongbay_skb04_cast010.cnv
* Sea-Bird SBE19plus Data File:
* FileName = C:\Users\Kim.Powell\Desktop\Not Processed\2018\2018_11-08_AlongBay, T9_4141\2018_11-08_TRANSECT_STATION_cast010.hex
* Software Version 1.59
* Temperature SN =  4141
* Conductivity SN =  4141
* System UpLoad Time = Nov 13 2018 09:15:14
** 2018_11-08
** Station: KB04
** Start Time: 12:53
** Depth (m): 158
** Comment:
** Comment:
# nquan = 16
# nvalues = 1015                        
# units = specified
# name 0 = scan: Scan Count
# name 1 = timeJ: Julian Days
# name 2 = timeH: Time, Elapsed [hours]
# name 3 = timeM: Time, Elapsed [minutes]
# name 4 = timeS: Time, Elapsed [seconds]
# name 5 = prdM: Pressure, Strain Gauge [db]
# name 6 = specc: Specific Conductance [uS/cm]
# name 7 = sal00: Salinity, Practical [PSU]
# name 8 = tv290C: Temperature [ITS-90, deg C]
# name 9 = depSM: Depth [salt water, m], lat = 59.00
# name 10 = oxsolML/L: Oxygen Saturation, Garcia & Gordon [ml/l]
# name 11 = potemp090C: Potential Temperature [ITS-90, deg C]
# name 12 = sigma-é00: Density [sigma-theta, kg/m^3]
# name 13 = n2satML/L: Nitrogen Saturation [ml/l]
# name 14 = par: PAR/Irradiance, Biospherical/Licor
# name 15 = flag:  0.000e+00
# span 0 =          1,       1015       
# span 1 = 312.536910, 312.539844       
# span 2 =    0.00000,    0.07042       
# span 3 =     0.0000,     4.2250       
# span 4 =      0.000,    253.500       
# span 5 =      0.489,    156.044       
# span 6 =  47728.369,  49190.630       
# span 7 =    29.9835,    30.8704       
# span 8 =     7.1694,     8.5360       
# span 9 =      0.485,    154.527       
# span 10 =    6.70101,    6.91012      
# span 11 =     7.4714,     8.5206      
# span 12 =    23.3405,    24.1450      
# span 13 =   12.08732,   12.43253      
# span 14 = 3.7056e-02, 5.8298e+01      
# span 15 = 0.0000e+00, 0.0000e+00      
# interval = seconds: 0.25
# start_time = Nov 08 2018 12:53:09 [Instrument's time stamp, header]
# bad_flag = -9.990e-29
*END*
[from data line 633]
        634 312.538741    0.04396     2.6375    158.250     79.393  48627.242    30.6517     8.4894     78.635    6.71477     8.4825    23.7921   12.11202 4.2264e-02 0.0000e+00
        635 312.538744    0.04403     2.6417    158.500     79.582  48626.694    30.6513     8.4899     78.822    6.71472     8.4826    23.7917   12.11194 4.2122e-02 0.0000e+00
        636 312.538747    0.04410     2.6458    158.750     79.776  48626.326    30.6510     8.4902     79.015    6.71469     8.4827    23.7915   12.11189 4.2002e-02 0.0000e+00
        637 312.538750    0.04417     2.6500    159.000     79.978  48626.494    30.6511     8.4904     79.215    6.71466     8.4828    23.7915   12.11184 4.1888e-02 0.0000e+00
        638 312.538753    0.04424     2.6542    159.250     80.184  48627.287    30.6516     8.4905     79.419    6.71462     8.4829    23.7919   12.11177 4.1769e-02 0.0000e+00
        639 312.538756    0.04431     2.6583    159.500     80.391  48628.601    30.6524     8.4906     79.624    6.71457     8.4831    23.7925   12.11167 4.1651e-02 0.0000e+00
        640 312.538759    0.04437     2.6625    159.750     80.596  48630.454    30.6537     8.4908     79.827    6.71450     8.4833    23.7934   12.11153 4.1533e-02 0.0000e+00
        641 312.538762    0.04444     2.6667    160.000     80.801  48632.878    30.6553     8.4910     80.030    6.71440     8.4835    23.7947   12.11135 4.1411e-02 0.0000e+00
        642 312.538764    0.04451     2.6708    160.250     81.009  48635.793    30.6573     8.4912     80.236    6.71427     8.4839    23.7962   12.11112 4.1291e-02 0.0000e+00
        643 312.538767    0.04458     2.6750    160.500     81.226  48638.944    30.6594     8.4915     80.451    6.71413     8.4844    23.7979   12.11087 4.1177e-02 0.0000e+00
        644 312.538770    0.04465     2.6792    160.750     81.455  48641.757    30.6614     8.4919     80.678    6.71399     8.4848    23.7993   12.11061 4.1077e-02 0.0000e+00
        645 312.538773    0.04472     2.6833    161.000     81.701  48644.055    30.6629     8.4923     80.921    6.71385     8.4853    23.8005   12.11036 4.1005e-02 0.0000e+00
        646 312.538776    0.04479     2.6875    161.250     81.959  48646.385    30.6645     8.4928     81.176    6.71371     8.4858    23.8017   12.11010 4.0968e-02 0.0000e+00
        647 312.538779    0.04486     2.6917    161.500     82.217  48649.081    30.6663     8.4933     81.432    6.71356     8.4863    23.8031   12.10982 4.0926e-02 0.0000e+00
        648 312.538782    0.04493     2.6958    161.750     82.463  48652.013    30.6683     8.4938     81.675    6.71339     8.4868    23.8046   12.10953 4.0830e-02 0.0000e+00
        649 312.538785    0.04500     2.7000    162.000     82.684  48655.273    30.6706     8.4943     81.894    6.71321     8.4873    23.8063   12.10921 4.0688e-02 0.0000e+00
        650 312.538788    0.04507     2.7042    162.250     82.878  48658.734    30.6730     8.4949     82.087    6.71303     8.4878    23.8081   12.10887 4.0527e-02 0.0000e+00
        651 312.538791    0.04514     2.7083    162.500     83.053  48661.560    30.6750     8.4954     82.259    6.71286     8.4883    23.8095   12.10857 4.0364e-02 0.0000e+00
        652 312.538793    0.04521     2.7125    162.750     83.224  48663.561    30.6764     8.4959     82.429    6.71272     8.4886    23.8106   12.10832 4.0217e-02 0.0000e+00
        653 312.538796    0.04528     2.7167    163.000     83.410  48665.255    30.6776     8.4964     82.613    6.71261     8.4888    23.8114   12.10812 4.0109e-02 0.0000e+00
        654 312.538799    0.04535     2.7208    163.250     83.624  48666.721    30.6786     8.4967     82.825    6.71251     8.4890    23.8121   12.10794 4.0053e-02 0.0000e+00
        655 312.538802    0.04542     2.7250    163.500     83.870  48667.882    30.6793     8.4970     83.069    6.71243     8.4892    23.8127   12.10781 4.0051e-02 0.0000e+00
        656 312.538805    0.04549     2.7292    163.750     84.139  48668.902    30.6799     8.4972     83.335    6.71237     8.4893    23.8131   12.10770 4.0063e-02 0.0000e+00
        657 312.538808    0.04556     2.7333    164.000     84.414  48669.829    30.6805     8.4974     83.608    6.71232     8.4894    23.8135   12.10761 4.0023e-02 0.0000e+00
        658 312.538811    0.04562     2.7375    164.250     84.677  48670.570    30.6809     8.4975     83.868    6.71228     8.4895    23.8139   12.10753 3.9926e-02 0.0000e+00
        659 312.538814    0.04569     2.7417    164.500     84.912  48671.149    30.6812     8.4977     84.101    6.71224     8.4896    23.8141   12.10747 3.9803e-02 0.0000e+00
        660 312.538817    0.04576     2.7458    164.750     85.115  48671.550    30.6814     8.4978     84.302    6.71222     8.4896    23.8143   12.10743 3.9670e-02 0.0000e+00
        661 312.538819    0.04583     2.7500    165.000     85.290  48671.772    30.6815     8.4978     84.475    6.71220     8.4896    23.8144   12.10740 3.9538e-02 0.0000e+00
        662 312.538822    0.04590     2.7542    165.250     85.451  48672.015    30.6816     8.4979     84.634    6.71219     8.4896    23.8144   12.10738 3.9421e-02 0.0000e+00
        663 312.538825    0.04597     2.7583    165.500     85.617  48672.416    30.6818     8.4980     84.799    6.71217     8.4896    23.8146   12.10735 3.9332e-02 0.0000e+00
        664 312.538828    0.04604     2.7625    165.750     85.802  48672.900    30.6821     8.4980     84.982    6.71216     8.4897    23.8147   12.10732 3.9273e-02 0.0000e+00
        665 312.538831    0.04611     2.7667    166.000     86.010  48673.598    30.6825     8.4980     85.188    6.71213     8.4897    23.8150   12.10727 3.9243e-02 0.0000e+00
        666 312.538834    0.04618     2.7708    166.250     86.238  48674.692    30.6832     8.4981     85.414    6.71210     8.4898    23.8156   12.10720 3.9231e-02 0.0000e+00
        667 312.538837    0.04625     2.7750    166.500     86.478  48675.904    30.6839     8.4982     85.651    6.71205     8.4898    23.8162   12.10712 3.9207e-02 0.0000e+00
        668 312.538840    0.04632     2.7792    166.750     86.717  48676.922    30.6846     8.4983     85.889    6.71201     8.4899    23.8167   12.10705 3.9159e-02 0.0000e+00
        669 312.538843    0.04639     2.7833    167.000     86.947  48677.763    30.6851     8.4984     86.116    6.71198     8.4900    23.8171   12.10699 3.9102e-02 0.0000e+00
        670 312.538845    0.04646     2.7875    167.250     87.160  48678.486    30.6855     8.4984     86.328    6.71195     8.4900    23.8174   12.10693 3.9035e-02 0.0000e+00
        671 312.538848    0.04653     2.7917    167.500     87.356  48679.252    30.6860     8.4985     86.521    6.71192     8.4900    23.8177   12.10688 3.8953e-02 0.0000e+00
        672 312.538851    0.04660     2.7958    167.750     87.540  48680.262    30.6866     8.4985     86.704    6.71188     8.4900    23.8182   12.10681 3.8875e-02 0.0000e+00
        673 312.538854    0.04667     2.8000    168.000     87.722  48681.404    30.6873     8.4986     86.884    6.71184     8.4901    23.8188   12.10674 3.8811e-02 0.0000e+00
        674 312.538857    0.04674     2.8042    168.250     87.911  48682.558    30.6881     8.4986     87.071    6.71181     8.4901    23.8193   12.10666 3.8748e-02 0.0000e+00
        675 312.538860    0.04681     2.8083    168.500     88.113  48683.756    30.6888     8.4987     87.270    6.71177     8.4902    23.8199   12.10659 3.8692e-02 0.0000e+00
        676 312.538863    0.04688     2.8125    168.750     88.329  48685.020    30.6896     8.4988     87.485    6.71172     8.4902    23.8206   12.10650 3.8668e-02 0.0000e+00
        677 312.538866    0.04694     2.8167    169.000     88.561  48686.407    30.6905     8.4988     87.714    6.71167     8.4903    23.8213   12.10641 3.8666e-02 0.0000e+00
        678 312.538869    0.04701     2.8208    169.250     88.802  48687.902    30.6914     8.4989     87.953    6.71162     8.4904    23.8220   12.10631 3.8666e-02 0.0000e+00
        679 312.538872    0.04708     2.8250    169.500     89.045  48689.457    30.6924     8.4990     88.194    6.71156     8.4905    23.8227   12.10620 3.8670e-02 0.0000e+00
        680 312.538874    0.04715     2.8292    169.750     89.278  48691.133    30.6935     8.4991     88.424    6.71150     8.4906    23.8236   12.10609 3.8660e-02 0.0000e+00
        681 312.538877    0.04722     2.8333    170.000     89.487  48692.819    30.6946     8.4992     88.632    6.71143     8.4907    23.8244   12.10597 3.8613e-02 0.0000e+00
        682 312.538880    0.04729     2.8375    170.250     89.669  48694.325    30.6956     8.4993     88.811    6.71137     8.4907    23.8252   12.10586 3.8538e-02 0.0000e+00
        683 312.538883    0.04736     2.8417    170.500     89.826  48695.642    30.6965     8.4994     88.967    6.71132     8.4908    23.8259   12.10576 3.8457e-02 0.0000e+00
        684 312.538886    0.04743     2.8458    170.750     89.973  48696.728    30.6972     8.4995     89.112    6.71127     8.4909    23.8264   12.10567 3.8385e-02 0.0000e+00
        685 312.538889    0.04750     2.8500    171.000     90.124  48697.745    30.6978     8.4996     89.262    6.71123     8.4910    23.8269   12.10559 3.8331e-02 0.0000e+00
        686 312.538892    0.04757     2.8542    171.250     90.292  48698.936    30.6986     8.4997     89.428    6.71118     8.4912    23.8275   12.10550 3.8301e-02 0.0000e+00
        687 312.538895    0.04764     2.8583    171.500     90.479  48700.276    30.6995     8.4999     89.613    6.71112     8.4914    23.8282   12.10539 3.8290e-02 0.0000e+00
        688 312.538898    0.04771     2.8625    171.750     90.679  48701.910    30.7006     8.5001     89.811    6.71104     8.4917    23.8290   12.10525 3.8284e-02 0.0000e+00
        689 312.538900    0.04778     2.8667    172.000     90.882  48703.899    30.7019     8.5004     90.013    6.71095     8.4921    23.8300   12.10507 3.8264e-02 0.0000e+00
        690 312.538903    0.04785     2.8708    172.250     91.082  48705.681    30.7031     8.5007     90.211    6.71085     8.4924    23.8309   12.10490 3.8220e-02 0.0000e+00
        691 312.538906    0.04792     2.8750    172.500     91.277  48706.792    30.7039     8.5010     90.404    6.71077     8.4926    23.8314   12.10475 3.8168e-02 0.0000e+00
        692 312.538909    0.04799     2.8792    172.750     91.472  48707.486    30.7043     8.5013     90.597    6.71070     8.4928    23.8317   12.10462 3.8131e-02 0.0000e+00
        693 312.538912    0.04806     2.8833    173.000     91.674  48708.159    30.7047     8.5016     90.797    6.71063     8.4930    23.8320   12.10452 3.8109e-02 0.0000e+00
        694 312.538915    0.04813     2.8875    173.250     91.888  48708.883    30.7052     8.5018     91.009    6.71058     8.4932    23.8323   12.10442 3.8101e-02 0.0000e+00
        695 312.538918    0.04819     2.8917    173.500     92.112  48709.741    30.7057     8.5020     91.231    6.71053     8.4933    23.8327   12.10432 3.8105e-02 0.0000e+00
        696 312.538921    0.04826     2.8958    173.750     92.342  48710.932    30.7064     8.5022     91.458    6.71047     8.4935    23.8333   12.10421 3.8098e-02 0.0000e+00
        697 312.538924    0.04833     2.9000    174.000     92.569  48712.592    30.7075     8.5024     91.683    6.71039     8.4936    23.8341   12.10408 3.8071e-02 0.0000e+00
        698 312.538927    0.04840     2.9042    174.250     92.789  48714.678    30.7089     8.5026     91.901    6.71030     8.4938    23.8352   12.10392 3.8036e-02 0.0000e+00
        699 312.538929    0.04847     2.9083    174.500     93.001  48716.706    30.7103     8.5028     92.111    6.71022     8.4939    23.8363   12.10376 3.8006e-02 0.0000e+00
        700 312.538932    0.04854     2.9125    174.750     93.204  48718.129    30.7112     8.5029     92.312    6.71015     8.4940    23.8370   12.10364 3.7979e-02 0.0000e+00
        701 312.538935    0.04861     2.9167    175.000     93.400  48718.823    30.7117     8.5031     92.506    6.71011     8.4941    23.8373   12.10356 3.7947e-02 0.0000e+00
        702 312.538938    0.04868     2.9208    175.250     93.595  48719.023    30.7117     8.5032     92.699    6.71008     8.4942    23.8373   12.10352 3.7918e-02 0.0000e+00
        703 312.538941    0.04875     2.9250    175.500     93.792  48719.184    30.7118     8.5033     92.894    6.71006     8.4942    23.8373   12.10349 3.7897e-02 0.0000e+00
        704 312.538944    0.04882     2.9292    175.750     93.995  48719.493    30.7119     8.5034     93.095    6.71005     8.4943    23.8374   12.10345 3.7885e-02 0.0000e+00
        705 312.538947    0.04889     2.9333    176.000     94.203  48719.857    30.7121     8.5035     93.301    6.71003     8.4943    23.8375   12.10342 3.7882e-02 0.0000e+00
        706 312.538950    0.04896     2.9375    176.250     94.411  48720.279    30.7123     8.5035     93.507    6.71001     8.4943    23.8377   12.10339 3.7881e-02 0.0000e+00
        707 312.538953    0.04903     2.9417    176.500     94.609  48720.869    30.7126     8.5036     93.703    6.70999     8.4943    23.8380   12.10335 3.7871e-02 0.0000e+00
        708 312.538955    0.04910     2.9458    176.750     94.791  48721.588    30.7130     8.5036     93.883    6.70997     8.4943    23.8383   12.10331 3.7841e-02 0.0000e+00
        709 312.538958    0.04917     2.9500    177.000     94.955  48722.207    30.7134     8.5036     94.046    6.70995     8.4943    23.8386   12.10328 3.7796e-02 0.0000e+00
        710 312.538961    0.04924     2.9542    177.250     95.102  48722.637    30.7136     8.5036     94.191    6.70994     8.4943    23.8388   12.10326 3.7745e-02 0.0000e+00
        711 312.538964    0.04931     2.9583    177.500     95.236  48723.013    30.7138     8.5035     94.324    6.70994     8.4943    23.8389   12.10325 3.7699e-02 0.0000e+00
        712 312.538967    0.04938     2.9625    177.750     95.363  48723.514    30.7141     8.5035     94.450    6.70992     8.4943    23.8392   12.10322 3.7664e-02 0.0000e+00
        713 312.538970    0.04944     2.9667    178.000     95.491  48724.286    30.7146     8.5036     94.576    6.70990     8.4944    23.8396   12.10318 3.7639e-02 0.0000e+00
        714 312.538973    0.04951     2.9708    178.250     95.625  48725.515    30.7154     8.5036     94.710    6.70986     8.4945    23.8402   12.10310 3.7622e-02 0.0000e+00
        715 312.538976    0.04958     2.9750    178.500     95.775  48727.425    30.7167     8.5037     94.858    6.70979     8.4947    23.8412   12.10297 3.7616e-02 0.0000e+00
        716 312.538979    0.04965     2.9792    178.750     95.948  48730.291    30.7187     8.5039     95.030    6.70968     8.4950    23.8427   12.10277 3.7630e-02 0.0000e+00
        717 312.538981    0.04972     2.9833    179.000     96.151  48734.405    30.7215     8.5041     95.230    6.70952     8.4955    23.8449   12.10247 3.7651e-02 0.0000e+00
        718 312.538984    0.04979     2.9875    179.250     96.382  48739.172    30.7248     8.5045     95.458    6.70932     8.4961    23.8474   12.10209 3.7662e-02 0.0000e+00
        719 312.538987    0.04986     2.9917    179.500     96.637  48743.192    30.7276     8.5051     95.711    6.70911     8.4966    23.8495   12.10173 3.7667e-02 0.0000e+00
        720 312.538990    0.04993     2.9958    179.750     96.911  48746.067    30.7295     8.5056     95.983    6.70894     8.4970    23.8509   12.10141 3.7668e-02 0.0000e+00
        721 312.538993    0.05000     3.0000    180.000     97.202  48748.315    30.7311     8.5062     96.271    6.70879     8.4973    23.8521   12.10115 3.7649e-02 0.0000e+00
        722 312.538996    0.05007     3.0042    180.250     97.505  48750.353    30.7324     8.5066     96.571    6.70867     8.4976    23.8531   12.10093 3.7609e-02 0.0000e+00
        723 312.538999    0.05014     3.0083    180.500     97.817  48752.365    30.7337     8.5070     96.880    6.70856     8.4978    23.8541   12.10072 3.7573e-02 0.0000e+00
