CTD-processing/allCTD/CNV--turbid/2018_03-02_t9_s06_cast016.cnv
* Sea-Bird SBE19plus Data File:
* FileName = C:\Users\Kim.Powell\Desktop\Not Processed\2018\2018_03-02_AlongBay,T9_5028\2018_03-02_TRANSECT_STATION_cast016.hex
* Software Version 1.59
* Temperature SN =  5028
* Conductivity SN =  5028
* System UpLoad Time = Mar 05 2018 11:36:27
** 2018_03-02
** Station: 9-06
** Start Time: 14:29
** Depth (m): 105.5
** Comment:**CTD time 1 hour off
** Comment:
# nquan = 16
# nvalues = 859                         
# units = specified
# name 0 = scan: Scan Count
# name 1 = timeJ: Julian Days
# name 2 = timeH: Time, Elapsed [hours]
# name 3 = timeM: Time, Elapsed [minutes]
# name 4 = timeS: Time, Elapsed [seconds]
# name 5 = prdM: Pressure, Strain Gauge [db]
# name 6 = specc: Specific Conductance [uS/cm]
# name 7 = sal00: Salinity, Practical [PSU]
# name 8 = tv290C: Temperature [ITS-90, deg C]
# name 9 = depSM: Depth [salt water, m], lat = 59.00
# name 10 = oxsolML/L: Oxygen Saturation, Garcia & Gordon [ml/l]
# name 11 = potemp090C: Potential Temperature [ITS-90, deg C]
# name 12 = sigma-é00: Density [sigma-theta, kg/m^3]
# name 13 = n2satML/L: Nitrogen Saturation [ml/l]
# name 14 = par: PAR/Irradiance, Biospherical/Licor
# name 15 = flag:  0.000e+00
# span 0 =          1,        859       
# span 1 =  61.645428,  61.647911       
# span 2 =    0.00000,    0.05958       
# span 3 =     0.0000,     3.5750       
# span 4 =      0.000,    214.500       
# span 5 =      0.015,    103.407       
# span 6 =   2238.052,  51495.298       
# span 7 =     1.0867,    31.7359       
# span 8 =     1.5797,     3.9392       
# span 9 =      0.015,    102.414       
# span 10 =    7.41769,    9.71675      
# span 11 =     1.5880,     3.9327      
# span 12 =     0.8109,    25.2067      
# span 13 =   13.26014,   17.54477      
# span 14 = 3.7976e-02, 3.2298e+02      
# span 15 = 0.0000e+00, 0.0000e+00      
# interval = seconds: 0.25
# start_time = Mar 02 2018 15:29:25 [Instrument's time stamp, header]
# bad_flag = -9.990e-29
*END*
[from data line 543]
        544  61.646999    0.03771     2.2625    135.750     37.261  51364.815    31.5523     3.3592     36.909    7.53293     3.3562    25.1033   13.45260 3.7976e-02 0.0000e+00
        545  61.647002    0.03778     2.2667    136.000     37.500  51364.854    31.5521     3.3588     37.146    7.53301     3.3558    25.1032   13.45274 3.7976e-02 0.0000e+00
        546  61.647005    0.03785     2.2708    136.250     37.736  51365.600    31.5523     3.3584     37.379    7.53308     3.3558    25.1034   13.45285 3.7976e-02 0.0000e+00
        547  61.647008    0.03792     2.2750    136.500     37.966  51367.100    31.5531     3.3581     37.608    7.53310     3.3562    25.1041   13.45288 3.7976e-02 0.0000e+00
        548  61.647011    0.03799     2.2792    136.750     38.191  51368.817    31.5542     3.3580     37.830    7.53305     3.3569    25.1049   13.45278 3.7976e-02 0.0000e+00
        549  61.647014    0.03806     2.2833    137.000     38.411  51370.243    31.5551     3.3584     38.048    7.53293     3.3580    25.1057   13.45257 3.7976e-02 0.0000e+00
        550  61.647017    0.03812     2.2875    137.250     38.626  51371.419    31.5560     3.3591     38.261    7.53275     3.3593    25.1063   13.45226 3.7976e-02 0.0000e+00
        551  61.647020    0.03819     2.2917    137.500     38.836  51372.866    31.5572     3.3602     38.469    7.53250     3.3611    25.1071   13.45183 3.7976e-02 0.0000e+00
        552  61.647023    0.03826     2.2958    137.750     39.041  51374.214    31.5583     3.3616     38.672    7.53218     3.3629    25.1079   13.45129 3.7976e-02 0.0000e+00
        553  61.647025    0.03833     2.3000    138.000     39.244  51374.134    31.5586     3.3633     38.873    7.53184     3.3644    25.1080   13.45072 3.7976e-02 0.0000e+00
        554  61.647028    0.03840     2.3042    138.250     39.447  51372.843    31.5581     3.3651     39.075    7.53153     3.3657    25.1074   13.45022 3.7976e-02 0.0000e+00
        555  61.647031    0.03847     2.3083    138.500     39.654  51371.957    31.5578     3.3667     39.280    7.53126     3.3669    25.1070   13.44977 3.7976e-02 0.0000e+00
        556  61.647034    0.03854     2.3125    138.750     39.866  51371.884    31.5579     3.3680     39.489    7.53101     3.3683    25.1071   13.44935 3.7976e-02 0.0000e+00
        557  61.647037    0.03861     2.3167    139.000     40.082  51372.162    31.5583     3.3692     39.704    7.53075     3.3698    25.1073   13.44893 3.7976e-02 0.0000e+00
        558  61.647040    0.03868     2.3208    139.250     40.303  51373.228    31.5593     3.3706     39.923    7.53046     3.3721    25.1079   13.44843 3.7976e-02 0.0000e+00
        559  61.647043    0.03875     2.3250    139.500     40.527  51376.127    31.5615     3.3722     40.145    7.53005     3.3758    25.1096   13.44773 3.7976e-02 0.0000e+00
        560  61.647046    0.03882     2.3292    139.750     40.753  51381.737    31.5658     3.3744     40.368    7.52941     3.3815    25.1128   13.44661 3.7976e-02 0.0000e+00
        561  61.647049    0.03889     2.3333    140.000     40.979  51389.312    31.5718     3.3781     40.592    7.52842     3.3888    25.1172   13.44490 3.7976e-02 0.0000e+00
        562  61.647052    0.03896     2.3375    140.250     41.204  51394.789    31.5768     3.3838     40.814    7.52710     3.3963    25.1207   13.44265 3.7976e-02 0.0000e+00
        563  61.647054    0.03903     2.3417    140.500     41.428  51394.615    31.5785     3.3912     41.036    7.52565     3.4029    25.1214   13.44025 3.7976e-02 0.0000e+00
        564  61.647057    0.03910     2.3458    140.750     41.654  51390.176    31.5773     3.3987     41.260    7.52431     3.4081    25.1198   13.43804 3.7976e-02 0.0000e+00
        565  61.647060    0.03917     2.3500    141.000     41.882  51384.820    31.5752     3.4053     41.486    7.52319     3.4121    25.1175   13.43622 3.7976e-02 0.0000e+00
        566  61.647063    0.03924     2.3542    141.250     42.112  51380.242    31.5733     3.4106     41.714    7.52231     3.4151    25.1156   13.43481 3.7976e-02 0.0000e+00
        567  61.647066    0.03931     2.3583    141.500     42.341  51377.023    31.5720     3.4145     41.941    7.52165     3.4176    25.1142   13.43373 3.7976e-02 0.0000e+00
        568  61.647069    0.03938     2.3625    141.750     42.566  51375.501    31.5716     3.4176     42.164    7.52111     3.4199    25.1136   13.43284 3.7976e-02 0.0000e+00
        569  61.647072    0.03944     2.3667    142.000     42.786  51375.071    31.5718     3.4201     42.381    7.52063     3.4220    25.1136   13.43205 3.7976e-02 0.0000e+00
        570  61.647075    0.03951     2.3708    142.250     43.001  51374.580    31.5720     3.4224     42.595    7.52019     3.4239    25.1135   13.43132 3.7976e-02 0.0000e+00
        571  61.647078    0.03958     2.3750    142.500     43.215  51373.744    31.5718     3.4246     42.807    7.51980     3.4255    25.1132   13.43067 3.7976e-02 0.0000e+00
        572  61.647080    0.03965     2.3792    142.750     43.431  51372.730    31.5715     3.4265     43.020    7.51946     3.4267    25.1128   13.43012 3.7976e-02 0.0000e+00
        573  61.647083    0.03972     2.3833    143.000     43.650  51371.624    31.5710     3.4280     43.238    7.51919     3.4275    25.1123   13.42969 3.7976e-02 0.0000e+00
        574  61.647086    0.03979     2.3875    143.250     43.874  51370.605    31.5705     3.4293     43.459    7.51899     3.4281    25.1118   13.42936 3.7976e-02 0.0000e+00
        575  61.647089    0.03986     2.3917    143.500     44.101  51369.892    31.5701     3.4301     43.684    7.51885     3.4284    25.1114   13.42914 3.7976e-02 0.0000e+00
        576  61.647092    0.03993     2.3958    143.750     44.328  51369.469    31.5699     3.4307     43.910    7.51876     3.4286    25.1111   13.42898 3.7976e-02 0.0000e+00
        577  61.647095    0.04000     2.4000    144.000     44.555  51369.211    31.5697     3.4311     44.134    7.51870     3.4287    25.1109   13.42889 3.7976e-02 0.0000e+00
        578  61.647098    0.04007     2.4042    144.250     44.780  51369.097    31.5696     3.4313     44.357    7.51867     3.4287    25.1108   13.42884 3.7976e-02 0.0000e+00
        579  61.647101    0.04014     2.4083    144.500     45.004  51369.032    31.5694     3.4314     44.579    7.51866     3.4287    25.1107   13.42882 3.7976e-02 0.0000e+00
        580  61.647104    0.04021     2.4125    144.750     45.228  51368.990    31.5693     3.4314     44.800    7.51866     3.4286    25.1106   13.42882 3.7976e-02 0.0000e+00
        581  61.647106    0.04028     2.4167    145.000     45.451  51369.072    31.5692     3.4314     45.022    7.51867     3.4284    25.1105   13.42885 3.7976e-02 0.0000e+00
        582  61.647109    0.04035     2.4208    145.250     45.674  51369.329    31.5693     3.4312     45.242    7.51869     3.4283    25.1105   13.42889 3.7976e-02 0.0000e+00
        583  61.647112    0.04042     2.4250    145.500     45.895  51369.786    31.5694     3.4311     45.461    7.51871     3.4284    25.1107   13.42891 3.7976e-02 0.0000e+00
        584  61.647115    0.04049     2.4292    145.750     46.117  51370.378    31.5697     3.4310     45.680    7.51871     3.4285    25.1109   13.42890 3.7976e-02 0.0000e+00
        585  61.647118    0.04056     2.4333    146.000     46.339  51370.916    31.5699     3.4311     45.901    7.51869     3.4286    25.1111   13.42887 3.7976e-02 0.0000e+00
        586  61.647121    0.04063     2.4375    146.250     46.563  51371.318    31.5701     3.4312     46.123    7.51866     3.4288    25.1112   13.42881 3.7976e-02 0.0000e+00
        587  61.647124    0.04069     2.4417    146.500     46.785  51371.673    31.5703     3.4313     46.343    7.51862     3.4290    25.1114   13.42875 3.7976e-02 0.0000e+00
        588  61.647127    0.04076     2.4458    146.750     47.003  51371.980    31.5705     3.4315     46.558    7.51858     3.4291    25.1115   13.42868 3.7976e-02 0.0000e+00
        589  61.647130    0.04083     2.4500    147.000     47.213  51372.140    31.5705     3.4317     46.766    7.51854     3.4293    25.1115   13.42862 3.7976e-02 0.0000e+00
        590  61.647133    0.04090     2.4542    147.250     47.415  51372.148    31.5705     3.4319     46.967    7.51851     3.4294    25.1115   13.42856 3.7976e-02 0.0000e+00
        591  61.647135    0.04097     2.4583    147.500     47.615  51372.084    31.5704     3.4321     47.165    7.51848     3.4294    25.1114   13.42852 3.7976e-02 0.0000e+00
        592  61.647138    0.04104     2.4625    147.750     47.819  51372.055    31.5703     3.4322     47.366    7.51847     3.4294    25.1113   13.42850 3.7976e-02 0.0000e+00
        593  61.647141    0.04111     2.4667    148.000     48.030  51372.129    31.5702     3.4322     47.576    7.51846     3.4293    25.1112   13.42849 3.7976e-02 0.0000e+00
        594  61.647144    0.04118     2.4708    148.250     48.249  51372.226    31.5701     3.4322     47.793    7.51847     3.4292    25.1112   13.42850 3.7976e-02 0.0000e+00
        595  61.647147    0.04125     2.4750    148.500     48.471  51372.199    31.5700     3.4322     48.013    7.51848     3.4290    25.1111   13.42853 3.7976e-02 0.0000e+00
        596  61.647150    0.04132     2.4792    148.750     48.688  51372.183    31.5699     3.4321     48.227    7.51851     3.4288    25.1110   13.42858 3.7976e-02 0.0000e+00
        597  61.647153    0.04139     2.4833    149.000     48.893  51372.395    31.5699     3.4319     48.430    7.51854     3.4287    25.1110   13.42863 3.7976e-02 0.0000e+00
        598  61.647156    0.04146     2.4875    149.250     49.087  51372.706    31.5699     3.4317     48.623    7.51857     3.4286    25.1111   13.42867 3.7976e-02 0.0000e+00
        599  61.647159    0.04153     2.4917    149.500     49.275  51372.834    31.5699     3.4316     48.809    7.51860     3.4283    25.1111   13.42872 3.7976e-02 0.0000e+00
        600  61.647161    0.04160     2.4958    149.750     49.465  51372.612    31.5696     3.4315     48.997    7.51864     3.4279    25.1108   13.42879 3.7976e-02 0.0000e+00
        601  61.647164    0.04167     2.5000    150.000     49.667  51372.130    31.5691     3.4312     49.197    7.51870     3.4273    25.1105   13.42890 3.7976e-02 0.0000e+00
        602  61.647167    0.04174     2.5042    150.250     49.882  51371.555    31.5685     3.4309     49.410    7.51880     3.4264    25.1100   13.42908 3.7976e-02 0.0000e+00
        603  61.647170    0.04181     2.5083    150.500     50.110  51370.851    31.5678     3.4303     49.636    7.51895     3.4253    25.1095   13.42933 3.7976e-02 0.0000e+00
        604  61.647173    0.04188     2.5125    150.750     50.341  51370.267    31.5671     3.4294     49.865    7.51915     3.4241    25.1090   13.42967 3.7976e-02 0.0000e+00
        605  61.647176    0.04194     2.5167    151.000     50.568  51370.572    31.5669     3.4283     50.089    7.51937     3.4230    25.1089   13.43003 3.7976e-02 0.0000e+00
        606  61.647179    0.04201     2.5208    151.250     50.784  51371.840    31.5673     3.4271     50.304    7.51957     3.4223    25.1094   13.43036 3.7976e-02 0.0000e+00
        607  61.647182    0.04208     2.5250    151.500     50.988  51373.251    31.5679     3.4260     50.506    7.51972     3.4218    25.1099   13.43061 3.7976e-02 0.0000e+00
        608  61.647185    0.04215     2.5292    151.750     51.181  51374.280    31.5683     3.4253     50.696    7.51983     3.4215    25.1103   13.43078 3.7976e-02 0.0000e+00
        609  61.647188    0.04222     2.5333    152.000     51.365  51374.897    31.5685     3.4248     50.879    7.51991     3.4212    25.1105   13.43091 3.7976e-02 0.0000e+00
        610  61.647190    0.04229     2.5375    152.250     51.547  51375.247    31.5685     3.4245     51.059    7.51998     3.4209    25.1106   13.43102 3.7976e-02 0.0000e+00
        611  61.647193    0.04236     2.5417    152.500     51.730  51375.572    31.5686     3.4242     51.240    7.52003     3.4207    25.1107   13.43110 3.7976e-02 0.0000e+00
        612  61.647196    0.04243     2.5458    152.750     51.919  51376.011    31.5688     3.4240     51.427    7.52007     3.4206    25.1108   13.43116 3.7976e-02 0.0000e+00
        613  61.647199    0.04250     2.5500    153.000     52.116  51376.510    31.5690     3.4238     51.623    7.52009     3.4206    25.1110   13.43119 3.7976e-02 0.0000e+00
        614  61.647202    0.04257     2.5542    153.250     52.322  51376.917    31.5691     3.4237     51.827    7.52009     3.4206    25.1111   13.43120 3.7976e-02 0.0000e+00
        615  61.647205    0.04264     2.5583    153.500     52.537  51377.199    31.5692     3.4237     52.039    7.52009     3.4207    25.1112   13.43120 3.7976e-02 0.0000e+00
        616  61.647208    0.04271     2.5625    153.750     52.756  51377.391    31.5692     3.4237     52.257    7.52009     3.4207    25.1112   13.43119 3.7976e-02 0.0000e+00
        617  61.647211    0.04278     2.5667    154.000     52.978  51377.460    31.5692     3.4238     52.476    7.52008     3.4206    25.1112   13.43118 3.7976e-02 0.0000e+00
        618  61.647214    0.04285     2.5708    154.250     53.199  51377.453    31.5691     3.4238     52.695    7.52008     3.4206    25.1111   13.43119 3.7976e-02 0.0000e+00
        619  61.647216    0.04292     2.5750    154.500     53.417  51377.450    31.5689     3.4237     52.911    7.52009     3.4205    25.1110   13.43120 3.7976e-02 0.0000e+00
        620  61.647219    0.04299     2.5792    154.750     53.630  51377.445    31.5688     3.4237     53.122    7.52010     3.4204    25.1109   13.43123 3.7976e-02 0.0000e+00
        621  61.647222    0.04306     2.5833    155.000     53.839  51377.479    31.5687     3.4236     53.329    7.52012     3.4203    25.1108   13.43126 3.7976e-02 0.0000e+00
        622  61.647225    0.04312     2.5875    155.250     54.043  51377.652    31.5687     3.4235     53.531    7.52014     3.4202    25.1108   13.43129 3.7976e-02 0.0000e+00
        623  61.647228    0.04319     2.5917    155.500     54.247  51377.917    31.5687     3.4234     53.733    7.52016     3.4201    25.1109   13.43132 3.7976e-02 0.0000e+00
        624  61.647231    0.04326     2.5958    155.750     54.452  51378.130    31.5688     3.4233     53.936    7.52017     3.4200    25.1109   13.43134 3.7976e-02 0.0000e+00
        625  61.647234    0.04333     2.6000    156.000     54.662  51378.273    31.5687     3.4233     54.143    7.52019     3.4200    25.1109   13.43136 3.7976e-02 0.0000e+00
        626  61.647237    0.04340     2.6042    156.250     54.878  51378.323    31.5686     3.4232     54.358    7.52020     3.4199    25.1108   13.43139 3.7976e-02 0.0000e+00
        627  61.647240    0.04347     2.6083    156.500     55.101  51378.198    31.5684     3.4232     54.579    7.52023     3.4197    25.1107   13.43143 3.7976e-02 0.0000e+00
        628  61.647242    0.04354     2.6125    156.750     55.330  51377.992    31.5682     3.4231     54.806    7.52026     3.4195    25.1105   13.43148 3.7976e-02 0.0000e+00
        629  61.647245    0.04361     2.6167    157.000     55.564  51377.900    31.5679     3.4229     55.037    7.52029     3.4192    25.1103   13.43155 3.7976e-02 0.0000e+00
        630  61.647248    0.04368     2.6208    157.250     55.799  51378.019    31.5678     3.4227     55.270    7.52034     3.4190    25.1102   13.43162 3.7976e-02 0.0000e+00
        631  61.647251    0.04375     2.6250    157.500     56.034  51378.349    31.5679     3.4225     55.502    7.52038     3.4188    25.1103   13.43168 3.7976e-02 0.0000e+00
        632  61.647254    0.04382     2.6292    157.750     56.263  51378.865    31.5680     3.4223     55.730    7.52041     3.4187    25.1105   13.43173 3.7976e-02 0.0000e+00
