CTD-processing/allCTD/CNV--turbid/2018_08-23_alongbay_skb02_cast195.cnv
* Sea-Bird SBE19plus Data File:
* FileName = C:\Users\Kim.Powell\Desktop\Not Processed\2018\2018_08-23_AlongBay, T9_5028\2018_08-23_TRANSECT_STATION_cast195.hex
* Software Version 1.59
* Temperature SN =  5028
* Conductivity SN =  5028
* System UpLoad Time = Aug 31 2018 10:13:16
** 2018_08-23
** Station: KB02
** Start Time: 10:47
** Depth (m): 119
** Comment:
** Comment:
# nquan = 16
# nvalues = 841                         
# units = specified
# name 0 = scan: Scan Count
# name 1 = timeJ: Julian Days
# name 2 = timeH: Time, Elapsed [hours]
# name 3 = timeM: Time, Elapsed [minutes]
# name 4 = timeS: Time, Elapsed [seconds]
# name 5 = prdM: Pressure, Strain Gauge [db]
# name 6 = specc: Specific Conductance [uS/cm]
# name 7 = sal00: Salinity, Practical [PSU]
# name 8 = tv290C: Temperature [ITS-90, deg C]
# name 9 = depSM: Depth [salt water, m], lat = 59.00
# name 10 = oxsolML/L: Oxygen Saturation, Garcia & Gordon [ml/l]
# name 11 = potemp090C: Potential Temperature [ITS-90, deg C]
# name 12 = sigma-é00: Density [sigma-theta, kg/m^3]
# name 13 = n2satML/L: Nitrogen Saturation [ml/l]
# name 14 = par: PAR/Irradiance, Biospherical/Licor
# name 15 = flag:  0.000e+00
# span 0 =          1,        841       
# span 1 = 235.449132, 235.451562       
# span 2 =    0.00000,    0.05833       
# span 3 =     0.0000,     3.5000       
# span 4 =      0.000,    210.000       
# span 5 =      0.625,    115.442       
# span 6 =  48413.198,  49480.148       
# span 7 =    30.8319,    31.3572       
# span 8 =     9.3603,    10.7951       
# span 9 =      0.619,    114.330       
# span 10 =    6.37400,    6.55556      
# span 11 =     9.3481,    10.7950      
# span 12 =    23.5681,    24.2132      
# span 13 =   11.54514,   11.83983      
# span 14 = 5.4473e-02, 6.4407e+01      
# span 15 = 0.0000e+00, 0.0000e+00      
# interval = seconds: 0.25
# start_time = Aug 23 2018 10:46:45 [Instrument's time stamp, header]
# bad_flag = -9.990e-29
*END*
[from data line 724]
        725 235.451227    0.05028     3.0167    181.000     92.460  49438.619    31.3456     9.4173     91.575    6.54779     9.4072    24.1948   11.82711 5.5213e-02 0.0000e+00
        726 235.451230    0.05035     3.0208    181.250     92.643  49438.744    31.3456     9.4172     91.756    6.54781     9.4071    24.1948   11.82714 5.5200e-02 0.0000e+00
        727 235.451233    0.05042     3.0250    181.500     92.819  49438.877    31.3456     9.4170     91.931    6.54782     9.4070    24.1948   11.82717 5.5185e-02 0.0000e+00
        728 235.451236    0.05049     3.0292    181.750     93.003  49439.068    31.3456     9.4169     92.113    6.54784     9.4069    24.1948   11.82719 5.5178e-02 0.0000e+00
        729 235.451238    0.05056     3.0333    182.000     93.205  49439.298    31.3457     9.4168     92.313    6.54785     9.4068    24.1949   11.82721 5.5171e-02 0.0000e+00
        730 235.451241    0.05063     3.0375    182.250     93.424  49439.549    31.3458     9.4168     92.529    6.54786     9.4067    24.1950   11.82722 5.5158e-02 0.0000e+00
        731 235.451244    0.05069     3.0417    182.500     93.654  49439.780    31.3458     9.4167     92.757    6.54787     9.4066    24.1950   11.82723 5.5142e-02 0.0000e+00
        732 235.451247    0.05076     3.0458    182.750     93.883  49439.971    31.3458     9.4166     92.984    6.54788     9.4065    24.1951   11.82724 5.5126e-02 0.0000e+00
        733 235.451250    0.05083     3.0500    183.000     94.100  49440.154    31.3458     9.4166     93.199    6.54788     9.4065    24.1951   11.82725 5.5112e-02 0.0000e+00
        734 235.451253    0.05090     3.0542    183.250     94.300  49440.322    31.3459     9.4165     93.397    6.54789     9.4064    24.1952   11.82726 5.5100e-02 0.0000e+00
        735 235.451256    0.05097     3.0583    183.500     94.485  49440.475    31.3459     9.4165     93.581    6.54789     9.4064    24.1952   11.82727 5.5091e-02 0.0000e+00
        736 235.451259    0.05104     3.0625    183.750     94.665  49440.612    31.3459     9.4164     93.758    6.54790     9.4064    24.1952   11.82728 5.5088e-02 0.0000e+00
        737 235.451262    0.05111     3.0667    184.000     94.848  49440.729    31.3459     9.4164     93.940    6.54791     9.4063    24.1952   11.82729 5.5087e-02 0.0000e+00
        738 235.451264    0.05118     3.0708    184.250     95.048  49440.866    31.3459     9.4164     94.138    6.54791     9.4063    24.1952   11.82729 5.5082e-02 0.0000e+00
        739 235.451267    0.05125     3.0750    184.500     95.270  49441.039    31.3460     9.4164     94.358    6.54790     9.4063    24.1952   11.82728 5.5070e-02 0.0000e+00
        740 235.451270    0.05132     3.0792    184.750     95.512  49441.244    31.3460     9.4164     94.598    6.54790     9.4063    24.1953   11.82728 5.5055e-02 0.0000e+00
        741 235.451273    0.05139     3.0833    185.000     95.764  49441.455    31.3460     9.4164     94.847    6.54789     9.4063    24.1953   11.82727 5.5038e-02 0.0000e+00
        742 235.451276    0.05146     3.0875    185.250     96.009  49441.651    31.3461     9.4165     95.089    6.54789     9.4063    24.1953   11.82727 5.5020e-02 0.0000e+00
        743 235.451279    0.05153     3.0917    185.500     96.229  49441.829    31.3461     9.4165     95.307    6.54789     9.4062    24.1953   11.82726 5.5008e-02 0.0000e+00
        744 235.451282    0.05160     3.0958    185.750     96.415  49441.972    31.3461     9.4165     95.491    6.54789     9.4062    24.1954   11.82726 5.5007e-02 0.0000e+00
        745 235.451285    0.05167     3.1000    186.000     96.571  49442.112    31.3462     9.4165     95.646    6.54788     9.4062    24.1954   11.82725 5.5006e-02 0.0000e+00
        746 235.451288    0.05174     3.1042    186.250     96.712  49442.299    31.3462     9.4165     95.785    6.54788     9.4063    24.1955   11.82725 5.4996e-02 0.0000e+00
        747 235.451291    0.05181     3.1083    186.500     96.858  49442.440    31.3463     9.4165     95.930    6.54788     9.4063    24.1955   11.82724 5.4981e-02 0.0000e+00
        748 235.451293    0.05187     3.1125    186.750     97.032  49442.408    31.3462     9.4165     96.102    6.54787     9.4061    24.1954   11.82723 5.4963e-02 0.0000e+00
        749 235.451296    0.05194     3.1167    187.000     97.245  49442.313    31.3460     9.4165     96.313    6.54788     9.4059    24.1953   11.82725 5.4942e-02 0.0000e+00
        750 235.451299    0.05201     3.1208    187.250     97.493  49442.379    31.3460     9.4164     96.559    6.54790     9.4057    24.1953   11.82728 5.4927e-02 0.0000e+00
        751 235.451302    0.05208     3.1250    187.500     97.760  49442.600    31.3460     9.4163     96.823    6.54792     9.4055    24.1953   11.82732 5.4923e-02 0.0000e+00
        752 235.451305    0.05215     3.1292    187.750     98.019  49442.808    31.3460     9.4161     97.079    6.54795     9.4051    24.1954   11.82736 5.4915e-02 0.0000e+00
        753 235.451308    0.05222     3.1333    188.000     98.249  49443.017    31.3460     9.4159     97.308    6.54798     9.4047    24.1954   11.82742 5.4900e-02 0.0000e+00
        754 235.451311    0.05229     3.1375    188.250     98.444  49443.350    31.3461     9.4155     97.501    6.54803     9.4044    24.1956   11.82749 5.4891e-02 0.0000e+00
        755 235.451314    0.05236     3.1417    188.500     98.611  49443.805    31.3463     9.4152     97.666    6.54807     9.4041    24.1958   11.82756 5.4894e-02 0.0000e+00
        756 235.451317    0.05243     3.1458    188.750     98.769  49444.223    31.3465     9.4148     97.823    6.54811     9.4038    24.1960   11.82762 5.4903e-02 0.0000e+00
        757 235.451319    0.05250     3.1500    189.000     98.939  49444.428    31.3465     9.4146     97.991    6.54814     9.4034    24.1961   11.82768 5.4910e-02 0.0000e+00
        758 235.451322    0.05257     3.1542    189.250     99.133  49444.499    31.3465     9.4143     98.183    6.54819     9.4029    24.1960   11.82776 5.4911e-02 0.0000e+00
        759 235.451325    0.05264     3.1583    189.500     99.349  49444.739    31.3465     9.4139     98.397    6.54824     9.4025    24.1961   11.82785 5.4902e-02 0.0000e+00
        760 235.451328    0.05271     3.1625    189.750     99.577  49445.230    31.3467     9.4134     98.623    6.54830     9.4022    24.1963   11.82794 5.4887e-02 0.0000e+00
        761 235.451331    0.05278     3.1667    190.000     99.800  49445.769    31.3469     9.4131     98.844    6.54835     9.4019    24.1966   11.82801 5.4878e-02 0.0000e+00
        762 235.451334    0.05285     3.1708    190.250    100.006  49446.137    31.3470     9.4128     99.048    6.54838     9.4017    24.1967   11.82807 5.4879e-02 0.0000e+00
        763 235.451337    0.05292     3.1750    190.500    100.191  49446.315    31.3471     9.4125     99.231    6.54842     9.4014    24.1968   11.82813 5.4888e-02 0.0000e+00
        764 235.451340    0.05299     3.1792    190.750    100.362  49446.474    31.3471     9.4123     99.400    6.54845     9.4010    24.1968   11.82819 5.4893e-02 0.0000e+00
        765 235.451343    0.05306     3.1833    191.000    100.535  49446.683    31.3471     9.4120     99.571    6.54849     9.4006    24.1969   11.82825 5.4889e-02 0.0000e+00
        766 235.451345    0.05312     3.1875    191.250    100.723  49446.860    31.3471     9.4117     99.757    6.54854     9.4002    24.1969   11.82833 5.4878e-02 0.0000e+00
        767 235.451348    0.05319     3.1917    191.500    100.935  49447.010    31.3470     9.4113     99.967    6.54859     9.3996    24.1970   11.82842 5.4863e-02 0.0000e+00
        768 235.451351    0.05326     3.1958    191.750    101.167  49447.235    31.3470     9.4109    100.197    6.54866     9.3990    24.1970   11.82853 5.4847e-02 0.0000e+00
        769 235.451354    0.05333     3.2000    192.000    101.410  49447.641    31.3471     9.4103    100.437    6.54873     9.3985    24.1972   11.82865 5.4838e-02 0.0000e+00
        770 235.451357    0.05340     3.2042    192.250    101.650  49448.188    31.3473     9.4098    100.675    6.54881     9.3980    24.1975   11.82877 5.4836e-02 0.0000e+00
        771 235.451360    0.05347     3.2083    192.500    101.875  49448.704    31.3475     9.4093    100.898    6.54887     9.3976    24.1977   11.82887 5.4832e-02 0.0000e+00
        772 235.451363    0.05354     3.2125    192.750    102.081  49449.168    31.3477     9.4088    101.102    6.54893     9.3972    24.1979   11.82897 5.4826e-02 0.0000e+00
        773 235.451366    0.05361     3.2167    193.000    102.271  49449.634    31.3479     9.4084    101.289    6.54898     9.3970    24.1982   11.82905 5.4822e-02 0.0000e+00
        774 235.451369    0.05368     3.2208    193.250    102.450  49450.053    31.3481     9.4080    101.467    6.54902     9.3968    24.1984   11.82911 5.4817e-02 0.0000e+00
        775 235.451372    0.05375     3.2250    193.500    102.628  49450.425    31.3483     9.4078    101.643    6.54905     9.3966    24.1985   11.82916 5.4809e-02 0.0000e+00
        776 235.451374    0.05382     3.2292    193.750    102.813  49450.744    31.3484     9.4076    101.826    6.54907     9.3965    24.1987   11.82920 5.4794e-02 0.0000e+00
        777 235.451377    0.05389     3.2333    194.000    103.008  49450.933    31.3484     9.4075    102.020    6.54909     9.3963    24.1987   11.82923 5.4781e-02 0.0000e+00
        778 235.451380    0.05396     3.2375    194.250    103.215  49451.004    31.3484     9.4074    102.224    6.54911     9.3960    24.1987   11.82926 5.4770e-02 0.0000e+00
        779 235.451383    0.05403     3.2417    194.500    103.431  49450.987    31.3482     9.4072    102.438    6.54914     9.3956    24.1986   11.82931 5.4754e-02 0.0000e+00
        780 235.451386    0.05410     3.2458    194.750    103.653  49450.934    31.3481     9.4070    102.658    6.54918     9.3950    24.1985   11.82938 5.4732e-02 0.0000e+00
        781 235.451389    0.05417     3.2500    195.000    103.876  49450.982    31.3480     9.4066    102.879    6.54925     9.3942    24.1985   11.82949 5.4714e-02 0.0000e+00
        782 235.451392    0.05424     3.2542    195.250    104.094  49451.150    31.3479     9.4060    103.095    6.54933     9.3934    24.1985   11.82963 5.4712e-02 0.0000e+00
        783 235.451395    0.05431     3.2583    195.500    104.304  49451.391    31.3479     9.4052    103.303    6.54944     9.3924    24.1986   11.82981 5.4714e-02 0.0000e+00
        784 235.451398    0.05438     3.2625    195.750    104.501  49451.828    31.3480     9.4044    103.498    6.54956     9.3915    24.1988   11.83000 5.4707e-02 0.0000e+00
        785 235.451400    0.05444     3.2667    196.000    104.685  49452.480    31.3482     9.4035    103.681    6.54968     9.3906    24.1992   11.83020 5.4697e-02 0.0000e+00
        786 235.451403    0.05451     3.2708    196.250    104.861  49453.096    31.3485     9.4026    103.854    6.54980     9.3897    24.1995   11.83040 5.4693e-02 0.0000e+00
        787 235.451406    0.05458     3.2750    196.500    105.032  49453.640    31.3487     9.4017    104.024    6.54992     9.3889    24.1998   11.83059 5.4695e-02 0.0000e+00
        788 235.451409    0.05465     3.2792    196.750    105.206  49454.356    31.3490     9.4008    104.196    6.55003     9.3882    24.2002   11.83077 5.4696e-02 0.0000e+00
        789 235.451412    0.05472     3.2833    197.000    105.393  49455.236    31.3494     9.4000    104.381    6.55013     9.3877    24.2007   11.83093 5.4691e-02 0.0000e+00
        790 235.451415    0.05479     3.2875    197.250    105.599  49456.031    31.3498     9.3994    104.585    6.55021     9.3873    24.2011   11.83105 5.4682e-02 0.0000e+00
        791 235.451418    0.05486     3.2917    197.500    105.825  49456.618    31.3501     9.3989    104.809    6.55026     9.3870    24.2014   11.83115 5.4672e-02 0.0000e+00
        792 235.451421    0.05493     3.2958    197.750    106.066  49457.036    31.3502     9.3986    105.048    6.55030     9.3868    24.2015   11.83122 5.4667e-02 0.0000e+00
        793 235.451424    0.05500     3.3000    198.000    106.309  49457.332    31.3503     9.3983    105.288    6.55034     9.3865    24.2016   11.83128 5.4669e-02 0.0000e+00
        794 235.451427    0.05507     3.3042    198.250    106.539  49457.623    31.3503     9.3981    105.516    6.55037     9.3863    24.2017   11.83133 5.4674e-02 0.0000e+00
        795 235.451429    0.05514     3.3083    198.500    106.745  49457.968    31.3504     9.3978    105.720    6.55040     9.3861    24.2019   11.83137 5.4677e-02 0.0000e+00
        796 235.451432    0.05521     3.3125    198.750    106.925  49458.211    31.3505     9.3976    105.897    6.55043     9.3859    24.2019   11.83142 5.4676e-02 0.0000e+00
        797 235.451435    0.05528     3.3167    199.000    107.086  49458.265    31.3504     9.3974    106.058    6.55046     9.3854    24.2019   11.83147 5.4674e-02 0.0000e+00
        798 235.451438    0.05535     3.3208    199.250    107.245  49458.208    31.3503     9.3971    106.215    6.55050     9.3848    24.2018   11.83154 5.4673e-02 0.0000e+00
        799 235.451441    0.05542     3.3250    199.500    107.414  49458.086    31.3501     9.3967    106.382    6.55057     9.3839    24.2017   11.83165 5.4673e-02 0.0000e+00
        800 235.451444    0.05549     3.3292    199.750    107.604  49457.891    31.3498     9.3961    106.570    6.55067     9.3825    24.2016   11.83183 5.4674e-02 0.0000e+00
        801 235.451447    0.05556     3.3333    200.000    107.815  49457.555    31.3493     9.3952    106.779    6.55082     9.3806    24.2014   11.83208 5.4675e-02 0.0000e+00
        802 235.451450    0.05563     3.3375    200.250    108.043  49457.202    31.3488     9.3939    107.004    6.55104     9.3783    24.2012   11.83245 5.4678e-02 0.0000e+00
        803 235.451453    0.05569     3.3417    200.500    108.278  49457.417    31.3486     9.3920    107.238    6.55132     9.3758    24.2013   11.83292 5.4679e-02 0.0000e+00
        804 235.451455    0.05576     3.3458    200.750    108.514  49458.516    31.3489     9.3897    107.471    6.55164     9.3734    24.2020   11.83344 5.4671e-02 0.0000e+00
        805 235.451458    0.05583     3.3500    201.000    108.745  49460.127    31.3496     9.3872    107.699    6.55196     9.3713    24.2029   11.83397 5.4653e-02 0.0000e+00
        806 235.451461    0.05590     3.3542    201.250    108.970  49461.990    31.3505     9.3849    107.922    6.55226     9.3697    24.2040   11.83446 5.4634e-02 0.0000e+00
        807 235.451464    0.05597     3.3583    201.500    109.190  49464.032    31.3516     9.3828    108.141    6.55252     9.3684    24.2052   11.83487 5.4614e-02 0.0000e+00
        808 235.451467    0.05604     3.3625    201.750    109.407  49465.897    31.3526     9.3812    108.356    6.55272     9.3676    24.2062   11.83518 5.4598e-02 0.0000e+00
        809 235.451470    0.05611     3.3667    202.000    109.618  49467.324    31.3534     9.3800    108.565    6.55286     9.3670    24.2070   11.83541 5.4594e-02 0.0000e+00
        810 235.451473    0.05618     3.3708    202.250    109.820  49468.372    31.3539     9.3791    108.764    6.55297     9.3666    24.2075   11.83557 5.4601e-02 0.0000e+00
        811 235.451476    0.05625     3.3750    202.500    110.007  49469.121    31.3543     9.3786    108.950    6.55303     9.3663    24.2079   11.83568 5.4605e-02 0.0000e+00
        812 235.451479    0.05632     3.3792    202.750    110.180  49469.621    31.3545     9.3782    109.122    6.55307     9.3662    24.2081   11.83575 5.4603e-02 0.0000e+00
        813 235.451481    0.05639     3.3833    203.000    110.344  49469.981    31.3546     9.3779    109.283    6.55310     9.3661    24.2083   11.83579 5.4596e-02 0.0000e+00
