CTD-processing/allCTD/CNV--turbid/2018_10-17_t9_s04_cast068.cnv
* Sea-Bird SBE19plus Data File:
* FileName = C:\Users\Kim.Powell\Desktop\Not Processed\2018\2018_10-17_AlongBay, T9_5028\2018_10-17_TRANSECT_STATION_cast068.hex
* Software Version 1.59
* Temperature SN =  5028
* Conductivity SN =  5028
* System UpLoad Time = Oct 25 2018 17:11:20
** 2018_10-17
** Station: 9-04
** Start Time: 14:54
** Depth (m): 95
** Comment: Turbid
** Comment:
# nquan = 16
# nvalues = 706                         
# units = specified
# name 0 = scan: Scan Count
# name 1 = timeJ: Julian Days
# name 2 = timeH: Time, Elapsed [hours]
# name 3 = timeM: Time, Elapsed [minutes]
# name 4 = timeS: Time, Elapsed [seconds]
# name 5 = prdM: Pressure, Strain Gauge [db]
# name 6 = specc: Specific Conductance [uS/cm]
# name 7 = sal00: Salinity, Practical [PSU]
# name 8 = tv290C: Temperature [ITS-90, deg C]
# name 9 = depSM: Depth [salt water, m], lat = 59.00
# name 10 = oxsolML/L: Oxygen Saturation, Garcia & Gordon [ml/l]
# name 11 = potemp090C: Potential Temperature [ITS-90, deg C]
# name 12 = sigma-é00: Density [sigma-theta, kg/m^3]
# name 13 = n2satML/L: Nitrogen Saturation [ml/l]
# name 14 = par: PAR/Irradiance, Biospherical/Licor
# name 15 = flag:  0.000e+00
# span 0 =          1,        706       
# span 1 = 290.621979, 290.624019       
# span 2 =    0.00000,    0.04896       
# span 3 =     0.0000,     2.9375       
# span 4 =      0.000,    176.250       
# span 5 =     -0.157,     92.199       
# span 6 =   6311.998,  48877.031       
# span 7 =     3.5936,    30.9314       
# span 8 =     7.9256,     9.4693       
# span 9 =     -0.155,     91.317       
# span 10 =    6.56903,    7.89608      
# span 11 =     7.9255,     9.4687      
# span 12 =     2.5958,    23.8938      
# span 13 =   11.86916,   14.45252      
# span 14 = 5.0912e-02, 6.0032e+02      
# span 15 = 0.0000e+00, 0.0000e+00      
# interval = seconds: 0.25
# start_time = Oct 17 2018 14:55:39 [Instrument's time stamp, header]
# bad_flag = -9.990e-29
*END*
          1 290.621979    0.00000     0.0000      0.000     -0.157   6311.998     3.5936     9.0626     -0.155    7.89608     8.9508     2.5958   14.45252 6.0032e+02 0.0000e+00
          2 290.621982    0.00007     0.0042      0.250     -0.127   8826.252     5.1303     9.0207     -0.126    7.82809     8.8349     3.8003   14.31672 5.5477e+02 0.0000e+00
          3 290.621985    0.00014     0.0083      0.500     -0.078  12991.464     7.6780     8.9508     -0.077    7.71546     8.6632     5.7972   14.09174 4.8173e+02 0.0000e+00
          4 290.621988    0.00021     0.0125      0.750      0.002  18845.931    11.2831     8.8349      0.001    7.55963     8.4621     8.6245   13.77969 3.8861e+02 0.0000e+00
          5 290.621991    0.00028     0.0167      1.000      0.114  24956.852    15.0926     8.6632      0.112    7.40459     8.2815    11.6175   13.46684 2.9982e+02 0.0000e+00
          6 290.621994    0.00035     0.0208      1.250      0.244  29845.028    18.1735     8.4621      0.242    7.29058     8.1510    14.0457   13.23348 2.2831e+02 0.0000e+00
          7 290.621997    0.00042     0.0250      1.500      0.370  33188.762    20.2913     8.2815      0.366    7.21958     8.0691    15.7204   13.08559 1.7765e+02 0.0000e+00
          8 290.621999    0.00049     0.0292      1.750      0.469  35302.011    21.6315     8.1510      0.464    7.17739     8.0214    16.7824   12.99664 1.4711e+02 0.0000e+00
          9 290.622002    0.00056     0.0333      2.000      0.537  36615.282    22.4659     8.0691      0.531    7.15128     7.9947    17.4436   12.94154 1.3083e+02 0.0000e+00
         10 290.622005    0.00063     0.0375      2.250      0.579  37454.780    23.0014     8.0215      0.573    7.13375     7.9801    17.8675   12.90494 1.2382e+02 0.0000e+00
         11 290.622008    0.00069     0.0417      2.500      0.603  38005.529    23.3547     7.9948      0.597    7.12143     7.9723    18.1467   12.87957 1.2223e+02 0.0000e+00
         12 290.622011    0.00076     0.0458      2.750      0.615  38371.804    23.5910     7.9802      0.609    7.11268     7.9682    18.3330   12.86176 1.2346e+02 0.0000e+00
         13 290.622014    0.00083     0.0500      3.000      0.622  38606.529    23.7431     7.9724      0.616    7.10680     7.9662    18.4527   12.84990 1.2577e+02 0.0000e+00
         14 290.622017    0.00090     0.0542      3.250      0.626  38748.797    23.8353     7.9683      0.620    7.10313     7.9656    18.5253   12.84253 1.2840e+02 0.0000e+00
         15 290.622020    0.00097     0.0583      3.500      0.629  38835.908    23.8919     7.9662      0.623    7.10080     7.9661    18.5697   12.83789 1.3111e+02 0.0000e+00
         16 290.622023    0.00104     0.0625      3.750      0.632  38896.435    23.9315     7.9656      0.626    7.09904     7.9673    18.6007   12.83443 1.3357e+02 0.0000e+00
         17 290.622025    0.00111     0.0667      4.000      0.634  38947.459    23.9653     7.9661      0.628    7.09739     7.9690    18.6271   12.83123 1.3541e+02 0.0000e+00
         18 290.622028    0.00118     0.0708      4.250      0.634  38996.508    23.9982     7.9673      0.628    7.09567     7.9713    18.6527   12.82793 1.3665e+02 0.0000e+00
         19 290.622031    0.00125     0.0750      4.500      0.634  39044.993    24.0309     7.9690      0.628    7.09386     7.9737    18.6780   12.82450 1.3758e+02 0.0000e+00
         20 290.622034    0.00132     0.0792      4.750      0.633  39089.909    24.0613     7.9713      0.627    7.09208     7.9759    18.7016   12.82115 1.3831e+02 0.0000e+00
         21 290.622037    0.00139     0.0833      5.000      0.631  39127.745    24.0871     7.9737      0.625    7.09049     7.9778    18.7214   12.81817 1.3899e+02 0.0000e+00
         22 290.622040    0.00146     0.0875      5.250      0.627  39157.876    24.1077     7.9760      0.621    7.08917     7.9793    18.7373   12.81571 1.3988e+02 0.0000e+00
         23 290.622043    0.00153     0.0917      5.500      0.621  39182.240    24.1243     7.9779      0.616    7.08809     7.9803    18.7501   12.81369 1.4070e+02 0.0000e+00
         24 290.622046    0.00160     0.0958      5.750      0.617  39203.223    24.1387     7.9794      0.611    7.08718     7.9807    18.7611   12.81199 1.4118e+02 0.0000e+00
         25 290.622049    0.00167     0.1000      6.000      0.615  39221.576    24.1512     7.9803      0.609    7.08644     7.9806    18.7708   12.81061 1.4144e+02 0.0000e+00
         26 290.622052    0.00174     0.1042      6.250      0.615  39236.686    24.1614     7.9807      0.609    7.08590     7.9800    18.7788   12.80958 1.4163e+02 0.0000e+00
         27 290.622054    0.00181     0.1083      6.500      0.616  39247.747    24.1689     7.9806      0.610    7.08558     7.9791    18.7846   12.80894 1.4184e+02 0.0000e+00
         28 290.622057    0.00187     0.1125      6.750      0.616  39253.775    24.1729     7.9801      0.610    7.08548     7.9779    18.7878   12.80874 1.4208e+02 0.0000e+00
         29 290.622060    0.00194     0.1167      7.000      0.616  39254.508    24.1733     7.9791      0.610    7.08562     7.9767    18.7883   12.80896 1.4223e+02 0.0000e+00
         30 290.622063    0.00201     0.1208      7.250      0.615  39251.474    24.1711     7.9779      0.609    7.08592     7.9758    18.7867   12.80948 1.4226e+02 0.0000e+00
         31 290.622066    0.00208     0.1250      7.500      0.615  39247.343    24.1681     7.9768      0.609    7.08624     7.9752    18.7845   12.81006 1.4218e+02 0.0000e+00
         32 290.622069    0.00215     0.1292      7.750      0.615  39244.659    24.1662     7.9759      0.609    7.08647     7.9746    18.7831   12.81046 1.4202e+02 0.0000e+00
         33 290.622072    0.00222     0.1333      8.000      0.615  39244.250    24.1659     7.9753      0.609    7.08658     7.9739    18.7829   12.81066 1.4200e+02 0.0000e+00
         34 290.622075    0.00229     0.1375      8.250      0.614  39245.294    24.1666     7.9747      0.608    7.08665     7.9729    18.7835   12.81076 1.4218e+02 0.0000e+00
         35 290.622078    0.00236     0.1417      8.500      0.612  39247.006    24.1676     7.9740      0.606    7.08673     7.9718    18.7844   12.81087 1.4238e+02 0.0000e+00
         36 290.622080    0.00243     0.1458      8.750      0.610  39249.162    24.1690     7.9730      0.604    7.08682     7.9707    18.7856   12.81101 1.4255e+02 0.0000e+00
         37 290.622083    0.00250     0.1500      9.000      0.609  39251.456    24.1704     7.9719      0.603    7.08693     7.9696    18.7869   12.81118 1.4285e+02 0.0000e+00
         38 290.622086    0.00257     0.1542      9.250      0.608  39253.188    24.1714     7.9708      0.603    7.08707     7.9686    18.7878   12.81140 1.4311e+02 0.0000e+00
         39 290.622089    0.00264     0.1583      9.500      0.609  39254.013    24.1719     7.9696      0.604    7.08724     7.9677    18.7883   12.81166 1.4306e+02 0.0000e+00
         40 290.622092    0.00271     0.1625      9.750      0.611  39254.447    24.1720     7.9686      0.605    7.08739     7.9671    18.7886   12.81192 1.4284e+02 0.0000e+00
         41 290.622095    0.00278     0.1667     10.000      0.613  39255.121    24.1724     7.9678      0.607    7.08751     7.9666    18.7890   12.81211 1.4256e+02 0.0000e+00
         42 290.622098    0.00285     0.1708     10.250      0.614  39255.925    24.1729     7.9671      0.608    7.08760     7.9662    18.7894   12.81225 1.4231e+02 0.0000e+00
         43 290.622101    0.00292     0.1750     10.500      0.613  39256.146    24.1730     7.9666      0.608    7.08767     7.9658    18.7895   12.81237 1.4211e+02 0.0000e+00
         44 290.622104    0.00299     0.1792     10.750      0.611  39255.482    24.1725     7.9662      0.606    7.08776     7.9656    18.7892   12.81253 1.4195e+02 0.0000e+00
         45 290.622106    0.00306     0.1833     11.000      0.609  39254.705    24.1719     7.9658      0.604    7.08785     7.9656    18.7888   12.81268 1.4173e+02 0.0000e+00
         46 290.622109    0.00313     0.1875     11.250      0.607  39254.862    24.1720     7.9656      0.602    7.08789     7.9659    18.7889   12.81274 1.4131e+02 0.0000e+00
         47 290.622112    0.00319     0.1917     11.500      0.605  39256.200    24.1729     7.9656      0.600    7.08785     7.9665    18.7896   12.81266 1.4088e+02 0.0000e+00
         48 290.622115    0.00326     0.1958     11.750      0.604  39258.152    24.1742     7.9659      0.599    7.08773     7.9673    18.7906   12.81245 1.4053e+02 0.0000e+00
         49 290.622118    0.00333     0.2000     12.000      0.605  39260.229    24.1757     7.9666      0.599    7.08756     7.9682    18.7917   12.81215 1.4010e+02 0.0000e+00
         50 290.622121    0.00340     0.2042     12.250      0.606  39262.685    24.1775     7.9674      0.600    7.08735     7.9693    18.7930   12.81178 1.3955e+02 0.0000e+00
         51 290.622124    0.00347     0.2083     12.500      0.608  39266.034    24.1798     7.9683      0.602    7.08709     7.9707    18.7948   12.81131 1.3915e+02 0.0000e+00
         52 290.622127    0.00354     0.2125     12.750      0.610  39270.283    24.1828     7.9694      0.604    7.08677     7.9724    18.7970   12.81074 1.3895e+02 0.0000e+00
         53 290.622130    0.00361     0.2167     13.000      0.609  39274.805    24.1861     7.9708      0.603    7.08639     7.9740    18.7993   12.81007 1.3889e+02 0.0000e+00
         54 290.622133    0.00368     0.2208     13.250      0.606  39278.636    24.1889     7.9724      0.600    7.08599     7.9752    18.8012   12.80938 1.3868e+02 0.0000e+00
         55 290.622135    0.00375     0.2250     13.500      0.603  39280.758    24.1905     7.9740      0.597    7.08566     7.9760    18.8023   12.80880 1.3829e+02 0.0000e+00
         56 290.622138    0.00382     0.2292     13.750      0.601  39281.384    24.1910     7.9752      0.595    7.08543     7.9769    18.8026   12.80842 1.3809e+02 0.0000e+00
         57 290.622141    0.00389     0.2333     14.000      0.601  39282.445    24.1919     7.9760      0.595    7.08526     7.9780    18.8032   12.80813 1.3777e+02 0.0000e+00
         58 290.622144    0.00396     0.2375     14.250      0.603  39285.504    24.1940     7.9769      0.597    7.08503     7.9795    18.8048   12.80771 1.3709e+02 0.0000e+00
         59 290.622147    0.00403     0.2417     14.500      0.606  39290.494    24.1975     7.9781      0.600    7.08467     7.9808    18.8074   12.80707 1.3662e+02 0.0000e+00
         60 290.622150    0.00410     0.2458     14.750      0.608  39296.126    24.2015     7.9796      0.602    7.08425     7.9816    18.8103   12.80631 1.3655e+02 0.0000e+00
         61 290.622153    0.00417     0.2500     15.000      0.609  39300.947    24.2049     7.9809      0.603    7.08387     7.9822    18.8128   12.80564 1.3644e+02 0.0000e+00
         62 290.622156    0.00424     0.2542     15.250      0.609  39304.020    24.2071     7.9817      0.603    7.08363     7.9834    18.8144   12.80522 1.3615e+02 0.0000e+00
         63 290.622159    0.00431     0.2583     15.500      0.610  39305.240    24.2080     7.9823      0.604    7.08349     7.9862    18.8150   12.80497 1.3602e+02 0.0000e+00
         64 290.622161    0.00438     0.2625     15.750      0.611  39304.975    24.2079     7.9835      0.605    7.08330     7.9917    18.8148   12.80465 1.3590e+02 0.0000e+00
         65 290.622164    0.00444     0.2667     16.000      0.611  39301.778    24.2061     7.9863      0.605    7.08293     8.0008    18.8130   12.80406 1.3571e+02 0.0000e+00
         66 290.622167    0.00451     0.2708     16.250      0.608  39293.274    24.2010     7.9918      0.603    7.08228     8.0141    18.8083   12.80305 1.3563e+02 0.0000e+00
         67 290.622170    0.00458     0.2750     16.500      0.604  39279.123    24.1924     8.0009      0.599    7.08118     8.0306    18.8005   12.80134 1.3565e+02 0.0000e+00
         68 290.622173    0.00465     0.2792     16.750      0.601  39260.431    24.1813     8.0142      0.596    7.07952     8.0478    18.7902   12.79871 1.3585e+02 0.0000e+00
         69 290.622176    0.00472     0.2833     17.000      0.600  39238.910    24.1687     8.0307      0.594    7.07741     8.0641    18.7782   12.79538 1.3586e+02 0.0000e+00
         70 290.622179    0.00479     0.2875     17.250      0.600  39216.642    24.1556     8.0479      0.594    7.07520     8.0789    18.7658   12.79188 1.3553e+02 0.0000e+00
         71 290.622182    0.00486     0.2917     17.500      0.601  39194.965    24.1428     8.0642      0.595    7.07314     8.0924    18.7537   12.78861 1.3531e+02 0.0000e+00
         72 290.622185    0.00493     0.2958     17.750      0.603  39174.241    24.1304     8.0790      0.597    7.07129     8.1046    18.7422   12.78570 1.3527e+02 0.0000e+00
         73 290.622188    0.00500     0.3000     18.000      0.605  39154.512    24.1186     8.0925      0.599    7.06964     8.1158    18.7313   12.78312 1.3532e+02 0.0000e+00
         74 290.622190    0.00507     0.3042     18.250      0.607  39135.599    24.1072     8.1047      0.601    7.06818     8.1261    18.7208   12.78083 1.3563e+02 0.0000e+00
         75 290.622193    0.00514     0.3083     18.500      0.608  39117.158    24.0960     8.1159      0.603    7.06687     8.1355    18.7107   12.77880 1.3613e+02 0.0000e+00
         76 290.622196    0.00521     0.3125     18.750      0.608  39099.338    24.0851     8.1262      0.603    7.06569     8.1438    18.7009   12.77698 1.3641e+02 0.0000e+00
         77 290.622199    0.00528     0.3167     19.000      0.607  39083.187    24.0752     8.1356      0.601    7.06462     8.1511    18.6920   12.77533 1.3625e+02 0.0000e+00
         78 290.622202    0.00535     0.3208     19.250      0.605  39069.976    24.0672     8.1439      0.599    7.06363     8.1576    18.6847   12.77380 1.3573e+02 0.0000e+00
         79 290.622205    0.00542     0.3250     19.500      0.604  39059.947    24.0613     8.1512      0.598    7.06272     8.1636    18.6791   12.77236 1.3522e+02 0.0000e+00
         80 290.622208    0.00549     0.3292     19.750      0.603  39052.021    24.0567     8.1577      0.597    7.06187     8.1694    18.6746   12.77101 1.3511e+02 0.0000e+00
         81 290.622211    0.00556     0.3333     20.000      0.602  39044.919    24.0525     8.1637      0.597    7.06108     8.1750    18.6707   12.76976 1.3522e+02 0.0000e+00
         82 290.622214    0.00562     0.3375     20.250      0.601  39038.217    24.0486     8.1695      0.595    7.06032     8.1802    18.6669   12.76854 1.3529e+02 0.0000e+00
         83 290.622216    0.00569     0.3417     20.500      0.599  39032.406    24.0453     8.1750      0.593    7.05957     8.1847    18.6636   12.76733 1.3524e+02 0.0000e+00
         84 290.622219    0.00576     0.3458     20.750      0.598  39028.390    24.0432     8.1802      0.592    7.05882     8.1885    18.6613   12.76612 1.3501e+02 0.0000e+00
         85 290.622222    0.00583     0.3500     21.000      0.600  39026.366    24.0424     8.1847      0.594    7.05813     8.1918    18.6600   12.76498 1.3482e+02 0.0000e+00
         86 290.622225    0.00590     0.3542     21.250      0.604  39024.916    24.0418     8.1885      0.598    7.05754     8.1947    18.6591   12.76400 1.3494e+02 0.0000e+00
         87 290.622228    0.00597     0.3583     21.500      0.609  39021.804    24.0401     8.1918      0.603    7.05709     8.1974    18.6573   12.76327 1.3526e+02 0.0000e+00
         88 290.622231    0.00604     0.3625     21.750      0.612  39016.134    24.0366     8.1948      0.606    7.05677     8.1995    18.6542   12.76279 1.3577e+02 0.0000e+00
         89 290.622234    0.00611     0.3667     22.000      0.611  39009.202    24.0322     8.1974      0.605    7.05654     8.2005    18.6505   12.76247 1.3641e+02 0.0000e+00
         90 290.622237    0.00618     0.3708     22.250      0.607  39003.284    24.0284     8.1995      0.601    7.05637     8.2003    18.6472   12.76223 1.3663e+02 0.0000e+00
