CTD-processing/allCTD/CNV--turbid/2018_07-18_t6_s03_cast145.cnv
* Sea-Bird SBE19plus Data File:
* FileName = C:\Users\Kim.Powell\Desktop\Not Processed\2018\2018_07-18_AlongBay,T6,T7_5028\2018_07-18_TRANSECT_STATION_cast145.hex
* Software Version 1.59
* Temperature SN =  5028
* Conductivity SN =  5028
* System UpLoad Time = Jul 19 2018 13:04:40
** 2018_07-18
** Station: 6-03
** Start Time: 10:34
** Depth (m): 102.7
** Comment:
** Comment:
# nquan = 16
# nvalues = 2016                        
# units = specified
# name 0 = scan: Scan Count
# name 1 = timeJ: Julian Days
# name 2 = timeH: Time, Elapsed [hours]
# name 3 = timeM: Time, Elapsed [minutes]
# name 4 = timeS: Time, Elapsed [seconds]
# name 5 = prdM: Pressure, Strain Gauge [db]
# name 6 = specc: Specific Conductance [uS/cm]
# name 7 = sal00: Salinity, Practical [PSU]
# name 8 = tv290C: Temperature [ITS-90, deg C]
# name 9 = depSM: Depth [salt water, m], lat = 59.00
# name 10 = oxsolML/L: Oxygen Saturation, Garcia & Gordon [ml/l]
# name 11 = potemp090C: Potential Temperature [ITS-90, deg C]
# name 12 = sigma-é00: Density [sigma-theta, kg/m^3]
# name 13 = n2satML/L: Nitrogen Saturation [ml/l]
# name 14 = par: PAR/Irradiance, Biospherical/Licor
# name 15 = flag:  0.000e+00
# span 0 =          1,       2016       
# span 1 = 199.440532, 199.446363       
# span 2 =    0.00000,    0.13993       
# span 3 =     0.0000,     8.3958       
# span 4 =      0.000,    503.750       
# span 5 =      0.003,     95.420       
# span 6 =    731.174,  50263.558       
# span 7 =     0.3520,    31.7395       
# span 8 =     8.1635,    10.0203       
# span 9 =      0.003,     94.506       
# span 10 =    6.54762,    7.87812      
# span 11 =     8.1544,    10.0203      
# span 12 =    -0.0222,    24.6920      
# span 13 =   11.82449,   14.46766      
# span 14 = 5.6839e-02, 1.7435e+03      
# span 15 = 0.0000e+00, 0.0000e+00      
# interval = seconds: 0.25
# start_time = Jul 18 2018 10:34:22 [Instrument's time stamp, header]
# bad_flag = -9.990e-29
*END*
[from data line 633]
        634 199.442364    0.04396     2.6375    158.250      0.703  49545.572    31.4264     9.1710      0.697    6.58018     9.1574    24.2949   11.87976 6.1824e+02 0.0000e+00
        635 199.442367    0.04403     2.6417    158.500      0.713  49543.455    31.4241     9.1652      0.706    6.58113     9.1499    24.2940   11.88135 6.0219e+02 0.0000e+00
        636 199.442370    0.04410     2.6458    158.750      0.723  49547.175    31.4257     9.1575      0.716    6.58218     9.1439    24.2964   11.88308 5.7188e+02 0.0000e+00
        637 199.442373    0.04417     2.6500    159.000      0.730  49554.046    31.4295     9.1499      0.724    6.58312     9.1399    24.3005   11.88459 5.5343e+02 0.0000e+00
        638 199.442376    0.04424     2.6542    159.250      0.733  49560.619    31.4333     9.1440      0.727    6.58383     9.1375    24.3043   11.88572 5.6516e+02 0.0000e+00
        639 199.442378    0.04431     2.6583    159.500      0.731  49565.705    31.4363     9.1400      0.724    6.58429     9.1362    24.3073   11.88644 5.8566e+02 0.0000e+00
        640 199.442381    0.04437     2.6625    159.750      0.727  49568.843    31.4382     9.1376      0.720    6.58456     9.1352    24.3091   11.88686 5.7643e+02 0.0000e+00
        641 199.442384    0.04444     2.6667    160.000      0.722  49569.549    31.4385     9.1363      0.715    6.58473     9.1337    24.3096   11.88714 5.6160e+02 0.0000e+00
        642 199.442387    0.04451     2.6708    160.250      0.719  49568.486    31.4376     9.1353      0.712    6.58492     9.1315    24.3091   11.88747 5.9066e+02 0.0000e+00
        643 199.442390    0.04458     2.6750    160.500      0.719  49567.446    31.4367     9.1337      0.713    6.58518     9.1289    24.3086   11.88792 6.4804e+02 0.0000e+00
        644 199.442393    0.04465     2.6792    160.750      0.722  49567.656    31.4365     9.1315      0.716    6.58551     9.1265    24.3088   11.88846 6.9277e+02 0.0000e+00
        645 199.442396    0.04472     2.6833    161.000      0.727  49568.880    31.4370     9.1290      0.721    6.58586     9.1243    24.3096   11.88903 7.0724e+02 0.0000e+00
        646 199.442399    0.04479     2.6875    161.250      0.733  49570.269    31.4376     9.1266      0.726    6.58619     9.1225    24.3104   11.88957 6.9365e+02 0.0000e+00
        647 199.442402    0.04486     2.6917    161.500      0.738  49571.555    31.4382     9.1244      0.731    6.58649     9.1209    24.3112   11.89005 6.8125e+02 0.0000e+00
        648 199.442405    0.04493     2.6958    161.750      0.742  49572.997    31.4390     9.1225      0.735    6.58673     9.1199    24.3121   11.89044 6.9966e+02 0.0000e+00
        649 199.442407    0.04500     2.7000    162.000      0.743  49574.701    31.4400     9.1210      0.736    6.58691     9.1194    24.3131   11.89073 7.5025e+02 0.0000e+00
        650 199.442410    0.04507     2.7042    162.250      0.741  49576.635    31.4412     9.1199      0.734    6.58702     9.1197    24.3142   11.89089 8.0298e+02 0.0000e+00
        651 199.442413    0.04514     2.7083    162.500      0.735  49578.636    31.4425     9.1195      0.728    6.58702     9.1208    24.3154   11.89088 8.2782e+02 0.0000e+00
        652 199.442416    0.04521     2.7125    162.750      0.728  49580.108    31.4436     9.1198      0.721    6.58692     9.1222    24.3162   11.89071 8.3513e+02 0.0000e+00
        653 199.442419    0.04528     2.7167    163.000      0.722  49580.459    31.4440     9.1209      0.715    6.58675     9.1236    24.3163   11.89043 8.5755e+02 0.0000e+00
        654 199.442422    0.04535     2.7208    163.250      0.721  49579.971    31.4439     9.1223      0.714    6.58655     9.1252    24.3160   11.89010 9.1563e+02 0.0000e+00
        655 199.442425    0.04542     2.7250    163.500      0.726  49579.824    31.4440     9.1237      0.719    6.58634     9.1272    24.3158   11.88973 1.0259e+03 0.0000e+00
        656 199.442428    0.04549     2.7292    163.750      0.733  49580.514    31.4447     9.1253      0.726    6.58608     9.1295    24.3162   11.88930 1.1270e+03 0.0000e+00
        657 199.442431    0.04556     2.7333    164.000      0.738  49580.353    31.4448     9.1273      0.731    6.58578     9.1313    24.3160   11.88880 1.1184e+03 0.0000e+00
        658 199.442433    0.04562     2.7375    164.250      0.737  49577.800    31.4434     9.1296      0.730    6.58550     9.1318    24.3145   11.88836 1.0578e+03 0.0000e+00
        659 199.442436    0.04569     2.7417    164.500      0.732  49574.066    31.4410     9.1314      0.725    6.58535     9.1312    24.3123   11.88813 1.0416e+03 0.0000e+00
        660 199.442439    0.04576     2.7458    164.750      0.727  49571.294    31.4391     9.1319      0.720    6.58535     9.1301    24.3108   11.88815 1.0655e+03 0.0000e+00
        661 199.442442    0.04583     2.7500    165.000      0.725  49570.257    31.4383     9.1313      0.718    6.58547     9.1288    24.3102   11.88836 1.0747e+03 0.0000e+00
        662 199.442445    0.04590     2.7542    165.250      0.728  49570.331    31.4382     9.1302      0.721    6.58565     9.1276    24.3103   11.88866 1.0404e+03 0.0000e+00
        663 199.442448    0.04597     2.7583    165.500      0.732  49571.030    31.4385     9.1289      0.725    6.58583     9.1266    24.3108   11.88895 1.0127e+03 0.0000e+00
        664 199.442451    0.04604     2.7625    165.750      0.733  49572.034    31.4390     9.1277      0.726    6.58598     9.1258    24.3114   11.88919 9.9341e+02 0.0000e+00
        665 199.442454    0.04611     2.7667    166.000      0.729  49572.260    31.4391     9.1267      0.722    6.58611     9.1247    24.3116   11.88941 9.4592e+02 0.0000e+00
        666 199.442457    0.04618     2.7708    166.250      0.722  49571.749    31.4386     9.1259      0.715    6.58626     9.1234    24.3113   11.88966 9.0277e+02 0.0000e+00
        667 199.442459    0.04625     2.7750    166.500      0.716  49571.738    31.4385     9.1248      0.709    6.58643     9.1222    24.3114   11.88995 8.8523e+02 0.0000e+00
        668 199.442462    0.04632     2.7792    166.750      0.719  49572.514    31.4388     9.1235      0.712    6.58660     9.1215    24.3119   11.89023 8.8605e+02 0.0000e+00
        669 199.442465    0.04639     2.7833    167.000      0.728  49573.837    31.4396     9.1223      0.721    6.58674     9.1214    24.3126   11.89045 9.0249e+02 0.0000e+00
        670 199.442468    0.04646     2.7875    167.250      0.739  49575.328    31.4405     9.1216      0.732    6.58680     9.1218    24.3135   11.89054 8.9705e+02 0.0000e+00
        671 199.442471    0.04653     2.7917    167.500      0.743  49576.188    31.4411     9.1215      0.736    6.58679     9.1223    24.3140   11.89052 8.3784e+02 0.0000e+00
        672 199.442474    0.04660     2.7958    167.750      0.738  49576.209    31.4411     9.1218      0.731    6.58673     9.1229    24.3140   11.89043 7.5168e+02 0.0000e+00
        673 199.442477    0.04667     2.8000    168.000      0.727  49576.252    31.4412     9.1223      0.720    6.58666     9.1239    24.3140   11.89030 6.9134e+02 0.0000e+00
        674 199.442480    0.04674     2.8042    168.250      0.715  49576.730    31.4417     9.1230      0.709    6.58655     9.1252    24.3142   11.89011 6.7621e+02 0.0000e+00
        675 199.442483    0.04681     2.8083    168.500      0.708  49576.913    31.4419     9.1239      0.701    6.58639     9.1265    24.3143   11.88985 6.7483e+02 0.0000e+00
        676 199.442486    0.04688     2.8125    168.750      0.705  49576.304    31.4417     9.1252      0.699    6.58621     9.1277    24.3139   11.88956 6.6245e+02 0.0000e+00
        677 199.442488    0.04694     2.8167    169.000      0.704  49575.233    31.4411     9.1266      0.697    6.58604     9.1286    24.3132   11.88928 6.4358e+02 0.0000e+00
        678 199.442491    0.04701     2.8208    169.250      0.702  49574.095    31.4405     9.1278      0.696    6.58589     9.1292    24.3125   11.88904 6.3041e+02 0.0000e+00
        679 199.442494    0.04708     2.8250    169.500      0.702  49573.026    31.4399     9.1287      0.696    6.58579     9.1295    24.3119   11.88888 6.3485e+02 0.0000e+00
        680 199.442497    0.04715     2.8292    169.750      0.705  49572.202    31.4394     9.1292      0.699    6.58573     9.1296    24.3114   11.88878 6.6028e+02 0.0000e+00
        681 199.442500    0.04722     2.8333    170.000      0.715  49571.709    31.4391     9.1295      0.708    6.58570     9.1296    24.3111   11.88874 7.2341e+02 0.0000e+00
        682 199.442503    0.04729     2.8375    170.250      0.729  49571.535    31.4390     9.1296      0.722    6.58569     9.1297    24.3110   11.88872 8.2305e+02 0.0000e+00
        683 199.442506    0.04736     2.8417    170.500      0.742  49571.680    31.4391     9.1296      0.735    6.58568     9.1298    24.3111   11.88871 9.1696e+02 0.0000e+00
        684 199.442509    0.04743     2.8458    170.750      0.748  49571.978    31.4393     9.1297      0.741    6.58567     9.1301    24.3113   11.88868 9.8106e+02 0.0000e+00
        685 199.442512    0.04750     2.8500    171.000      0.745  49572.262    31.4395     9.1298      0.738    6.58563     9.1306    24.3114   11.88862 9.8597e+02 0.0000e+00
        686 199.442514    0.04757     2.8542    171.250      0.733  49572.476    31.4397     9.1301      0.726    6.58558     9.1311    24.3115   11.88853 9.1648e+02 0.0000e+00
        687 199.442517    0.04764     2.8583    171.500      0.717  49572.644    31.4399     9.1306      0.710    6.58551     9.1318    24.3116   11.88841 8.5039e+02 0.0000e+00
        688 199.442520    0.04771     2.8625    171.750      0.702  49573.017    31.4402     9.1311      0.696    6.58542     9.1332    24.3118   11.88825 8.4884e+02 0.0000e+00
        689 199.442523    0.04778     2.8667    172.000      0.694  49574.272    31.4412     9.1319      0.687    6.58526     9.1358    24.3124   11.88798 8.6235e+02 0.0000e+00
        690 199.442526    0.04785     2.8708    172.250      0.693  49576.992    31.4433     9.1333      0.687    6.58497     9.1398    24.3139   11.88748 8.5203e+02 0.0000e+00
        691 199.442529    0.04792     2.8750    172.500      0.701  49579.390    31.4453     9.1359      0.695    6.58450     9.1442    24.3151   11.88668 8.4892e+02 0.0000e+00
        692 199.442532    0.04799     2.8792    172.750      0.714  49577.825    31.4448     9.1399      0.707    6.58394     9.1478    24.3140   11.88575 8.5652e+02 0.0000e+00
        693 199.442535    0.04806     2.8833    173.000      0.727  49572.934    31.4420     9.1443      0.720    6.58342     9.1507    24.3111   11.88493 8.6433e+02 0.0000e+00
        694 199.442538    0.04813     2.8875    173.250      0.732  49569.788    31.4403     9.1479      0.725    6.58297     9.1536    24.3092   11.88420 8.8383e+02 0.0000e+00
        695 199.442541    0.04819     2.8917    173.500      0.729  49569.539    31.4405     9.1508      0.722    6.58253     9.1565    24.3089   11.88347 9.1045e+02 0.0000e+00
        696 199.442543    0.04826     2.8958    173.750      0.717  49569.438    31.4409     9.1537      0.711    6.58209     9.1596    24.3087   11.88275 9.2454e+02 0.0000e+00
        697 199.442546    0.04833     2.9000    174.000      0.705  49569.197    31.4411     9.1566      0.698    6.58166     9.1635    24.3085   11.88203 8.9864e+02 0.0000e+00
        698 199.442549    0.04840     2.9042    174.250      0.698  49569.921    31.4420     9.1597      0.692    6.58116     9.1685    24.3087   11.88120 8.5077e+02 0.0000e+00
        699 199.442552    0.04847     2.9083    174.500      0.700  49570.839    31.4432     9.1636      0.694    6.58055     9.1743    24.3091   11.88016 8.3061e+02 0.0000e+00
        700 199.442555    0.04854     2.9125    174.750      0.708  49570.247    31.4435     9.1686      0.701    6.57980     9.1798    24.3085   11.87892 8.2711e+02 0.0000e+00
        701 199.442558    0.04861     2.9167    175.000      0.714  49567.446    31.4423     9.1744      0.708    6.57901     9.1842    24.3067   11.87762 8.0855e+02 0.0000e+00
        702 199.442561    0.04868     2.9208    175.250      0.717  49562.938    31.4399     9.1799      0.710    6.57831     9.1873    24.3040   11.87649 7.8600e+02 0.0000e+00
        703 199.442564    0.04875     2.9250    175.500      0.716  49558.607    31.4375     9.1842      0.709    6.57777     9.1896    24.3014   11.87564 7.6227e+02 0.0000e+00
        704 199.442567    0.04882     2.9292    175.750      0.714  49555.975    31.4361     9.1873      0.707    6.57738     9.1914    24.2998   11.87501 7.3591e+02 0.0000e+00
        705 199.442569    0.04889     2.9333    176.000      0.712  49554.056    31.4351     9.1897      0.705    6.57709     9.1929    24.2986   11.87453 7.1904e+02 0.0000e+00
        706 199.442572    0.04896     2.9375    176.250      0.711  49551.937    31.4338     9.1915      0.704    6.57687     9.1938    24.2974   11.87418 7.1445e+02 0.0000e+00
        707 199.442575    0.04903     2.9417    176.500      0.712  49549.989    31.4327     9.1930      0.706    6.57671     9.1944    24.2962   11.87393 7.1212e+02 0.0000e+00
        708 199.442578    0.04910     2.9458    176.750      0.715  49548.388    31.4317     9.1939      0.708    6.57661     9.1945    24.2953   11.87378 6.7539e+02 0.0000e+00
        709 199.442581    0.04917     2.9500    177.000      0.717  49547.119    31.4308     9.1945      0.711    6.57656     9.1942    24.2946   11.87371 6.2901e+02 0.0000e+00
        710 199.442584    0.04924     2.9542    177.250      0.718  49546.376    31.4303     9.1946      0.711    6.57656     9.1937    24.2942   11.87372 6.1934e+02 0.0000e+00
        711 199.442587    0.04931     2.9583    177.500      0.716  49546.884    31.4306     9.1943      0.709    6.57660     9.1936    24.2945   11.87377 6.4404e+02 0.0000e+00
        712 199.442590    0.04938     2.9625    177.750      0.711  49549.357    31.4323     9.1938      0.704    6.57660     9.1944    24.2959   11.87376 6.7332e+02 0.0000e+00
        713 199.442593    0.04944     2.9667    178.000      0.707  49552.788    31.4347     9.1937      0.700    6.57651     9.1962    24.2978   11.87358 6.7596e+02 0.0000e+00
        714 199.442595    0.04951     2.9708    178.250      0.705  49555.422    31.4367     9.1945      0.698    6.57631     9.1986    24.2992   11.87322 6.9951e+02 0.0000e+00
        715 199.442598    0.04958     2.9750    178.500      0.706  49556.725    31.4378     9.1963      0.699    6.57600     9.2011    24.2998   11.87270 7.9230e+02 0.0000e+00
        716 199.442601    0.04965     2.9792    178.750      0.709  49556.760    31.4382     9.1987      0.702    6.57564     9.2036    24.2997   11.87210 8.8105e+02 0.0000e+00
        717 199.442604    0.04972     2.9833    179.000      0.714  49555.984    31.4380     9.2012      0.707    6.57528     9.2059    24.2992   11.87149 8.8639e+02 0.0000e+00
        718 199.442607    0.04979     2.9875    179.250      0.721  49555.066    31.4377     9.2037      0.714    6.57493     9.2081    24.2985   11.87092 8.4938e+02 0.0000e+00
        719 199.442610    0.04986     2.9917    179.500      0.728  49553.950    31.4372     9.2060      0.721    6.57461     9.2098    24.2978   11.87040 8.1420e+02 0.0000e+00
        720 199.442613    0.04993     2.9958    179.750      0.733  49552.302    31.4363     9.2082      0.726    6.57433     9.2109    24.2968   11.86996 8.0518e+02 0.0000e+00
        721 199.442616    0.05000     3.0000    180.000      0.733  49550.317    31.4352     9.2099      0.726    6.57413     9.2114    24.2957   11.86965 8.6111e+02 0.0000e+00
        722 199.442619    0.05007     3.0042    180.250      0.726  49548.429    31.4340     9.2110      0.719    6.57402     9.2113    24.2946   11.86947 9.4554e+02 0.0000e+00
        723 199.442622    0.05014     3.0083    180.500      0.713  49546.940    31.4331     9.2115      0.707    6.57399     9.2110    24.2937   11.86943 1.0150e+03 0.0000e+00
