CTD-processing/allCTD/CNV--turbid/2018_07-18_alongbay_skb08_cast162.cnv
* Sea-Bird SBE19plus Data File:
* FileName = C:\Users\Kim.Powell\Desktop\Not Processed\2018\2018_07-18_AlongBay,T6,T7_5028\2018_07-18_TRANSECT_STATION_cast162.hex
* Software Version 1.59
* Temperature SN =  5028
* Conductivity SN =  5028
* System UpLoad Time = Jul 19 2018 13:33:51
** 2018_07-18
** Station: KB08
** Start Time: 15:34
** Depth (m): 79.8
** Comment:
** Comment:
# nquan = 16
# nvalues = 581                         
# units = specified
# name 0 = scan: Scan Count
# name 1 = timeJ: Julian Days
# name 2 = timeH: Time, Elapsed [hours]
# name 3 = timeM: Time, Elapsed [minutes]
# name 4 = timeS: Time, Elapsed [seconds]
# name 5 = prdM: Pressure, Strain Gauge [db]
# name 6 = specc: Specific Conductance [uS/cm]
# name 7 = sal00: Salinity, Practical [PSU]
# name 8 = tv290C: Temperature [ITS-90, deg C]
# name 9 = depSM: Depth [salt water, m], lat = 59.00
# name 10 = oxsolML/L: Oxygen Saturation, Garcia & Gordon [ml/l]
# name 11 = potemp090C: Potential Temperature [ITS-90, deg C]
# name 12 = sigma-é00: Density [sigma-theta, kg/m^3]
# name 13 = n2satML/L: Nitrogen Saturation [ml/l]
# name 14 = par: PAR/Irradiance, Biospherical/Licor
# name 15 = flag:  0.000e+00
# span 0 =          1,        581       
# span 1 = 199.649699, 199.651377       
# span 2 =    0.00000,    0.04028       
# span 3 =     0.0000,     2.4167       
# span 4 =      0.000,    145.000       
# span 5 =     -0.012,     77.546       
# span 6 =   1531.398,  50001.322       
# span 7 =     0.7628,    31.5099       
# span 8 =     7.8249,    11.5830       
# span 9 =     -0.012,     76.807       
# span 10 =    6.36859,    7.58928      
# span 11 =     7.8176,    11.5829      
# span 12 =     0.1505,    24.5598      
# span 13 =   11.56624,   13.97327      
# span 14 = 5.8006e-02, 1.7675e+03      
# span 15 = 0.0000e+00, 0.0000e+00      
# interval = seconds: 0.25
# start_time = Jul 18 2018 15:35:34 [Instrument's time stamp, header]
# bad_flag = -9.990e-29
*END*
[from data line 91]
         92 199.649962    0.00632     0.3792     22.750      0.896  44652.582    28.2708    11.5749      0.887    6.37134    11.5751    21.4437   11.57134 3.7938e+02 0.0000e+00
         93 199.649965    0.00639     0.3833     23.000      0.894  44679.990    28.2885    11.5750      0.885    6.37056    11.5754    21.4574   11.56981 3.7857e+02 0.0000e+00
         94 199.649968    0.00646     0.3875     23.250      0.899  44696.822    28.2994    11.5752      0.891    6.37006    11.5759    21.4658   11.56883 3.8867e+02 0.0000e+00
         95 199.649971    0.00653     0.3917     23.500      0.911  44706.957    28.3060    11.5755      0.902    6.36973    11.5764    21.4708   11.56819 4.0326e+02 0.0000e+00
         96 199.649974    0.00660     0.3958     23.750      0.924  44712.768    28.3098    11.5760      0.915    6.36950    11.5767    21.4737   11.56776 4.1209e+02 0.0000e+00
         97 199.649977    0.00667     0.4000     24.000      0.933  44715.861    28.3118    11.5765      0.924    6.36935    11.5769    21.4752   11.56748 4.2060e+02 0.0000e+00
         98 199.649980    0.00674     0.4042     24.250      0.937  44717.390    28.3128    11.5768      0.928    6.36925    11.5769    21.4759   11.56731 4.3157e+02 0.0000e+00
         99 199.649983    0.00681     0.4083     24.500      0.936  44718.185    28.3133    11.5770      0.927    6.36921    11.5767    21.4762   11.56722 4.3659e+02 0.0000e+00
        100 199.649986    0.00688     0.4125     24.750      0.931  44718.722    28.3137    11.5770      0.922    6.36920    11.5765    21.4765   11.56719 4.3302e+02 0.0000e+00
        101 199.649988    0.00694     0.4167     25.000      0.923  44719.135    28.3139    11.5768      0.914    6.36921    11.5764    21.4767   11.56721 4.2861e+02 0.0000e+00
        102 199.649991    0.00701     0.4208     25.250      0.914  44719.337    28.3140    11.5766      0.906    6.36923    11.5763    21.4769   11.56724 4.3605e+02 0.0000e+00
        103 199.649994    0.00708     0.4250     25.500      0.908  44719.241    28.3139    11.5765      0.900    6.36925    11.5762    21.4768   11.56728 4.6349e+02 0.0000e+00
        104 199.649997    0.00715     0.4292     25.750      0.908  44718.984    28.3137    11.5764      0.899    6.36927    11.5761    21.4767   11.56732 4.9128e+02 0.0000e+00
        105 199.650000    0.00722     0.4333     26.000      0.915  44718.806    28.3136    11.5763      0.906    6.36929    11.5759    21.4766   11.56735 4.9834e+02 0.0000e+00
        106 199.650003    0.00729     0.4375     26.250      0.926  44718.781    28.3135    11.5762      0.917    6.36931    11.5758    21.4766   11.56738 5.0598e+02 0.0000e+00
        107 199.650006    0.00736     0.4417     26.500      0.936  44718.862    28.3136    11.5760      0.927    6.36932    11.5755    21.4766   11.56740 5.2592e+02 0.0000e+00
        108 199.650009    0.00743     0.4458     26.750      0.940  44718.978    28.3136    11.5759      0.932    6.36934    11.5754    21.4767   11.56744 5.5150e+02 0.0000e+00
        109 199.650012    0.00750     0.4500     27.000      0.938  44719.080    28.3137    11.5756      0.930    6.36937    11.5753    21.4768   11.56748 5.8985e+02 0.0000e+00
        110 199.650014    0.00757     0.4542     27.250      0.931  44719.196    28.3138    11.5755      0.923    6.36939    11.5751    21.4769   11.56752 6.1846e+02 0.0000e+00
        111 199.650017    0.00764     0.4583     27.500      0.923  44719.374    28.3139    11.5754      0.915    6.36940    11.5749    21.4770   11.56754 5.9723e+02 0.0000e+00
        112 199.650020    0.00771     0.4625     27.750      0.917  44719.620    28.3140    11.5752      0.909    6.36942    11.5747    21.4771   11.56756 5.5053e+02 0.0000e+00
        113 199.650023    0.00778     0.4667     28.000      0.918  44719.833    28.3142    11.5750      0.910    6.36945    11.5745    21.4772   11.56760 5.3716e+02 0.0000e+00
        114 199.650026    0.00785     0.4708     28.250      0.927  44719.900    28.3142    11.5748      0.919    6.36947    11.5743    21.4773   11.56765 5.6175e+02 0.0000e+00
        115 199.650029    0.00792     0.4750     28.500      0.941  44719.748    28.3141    11.5746      0.932    6.36950    11.5742    21.4772   11.56770 5.8822e+02 0.0000e+00
        116 199.650032    0.00799     0.4792     28.750      0.952  44719.211    28.3137    11.5744      0.943    6.36954    11.5743    21.4770   11.56776 5.9081e+02 0.0000e+00
        117 199.650035    0.00806     0.4833     29.000      0.955  44718.334    28.3131    11.5743      0.946    6.36957    11.5744    21.4765   11.56783 5.8268e+02 0.0000e+00
        118 199.650038    0.00813     0.4875     29.250      0.949  44717.708    28.3126    11.5744      0.940    6.36958    11.5746    21.4762   11.56785 6.0012e+02 0.0000e+00
        119 199.650041    0.00819     0.4917     29.500      0.935  44717.831    28.3127    11.5745      0.927    6.36956    11.5749    21.4762   11.56782 6.2843e+02 0.0000e+00
        120 199.650043    0.00826     0.4958     29.750      0.922  44718.481    28.3132    11.5747      0.913    6.36952    11.5753    21.4765   11.56774 6.2388e+02 0.0000e+00
        121 199.650046    0.00833     0.5000     30.000      0.914  44719.030    28.3136    11.5750      0.905    6.36946    11.5758    21.4768   11.56764 6.1381e+02 0.0000e+00
        122 199.650049    0.00840     0.5042     30.250      0.914  44719.030    28.3137    11.5754      0.905    6.36940    11.5763    21.4768   11.56754 6.1793e+02 0.0000e+00
        123 199.650052    0.00847     0.5083     30.500      0.920  44718.336    28.3132    11.5759      0.912    6.36936    11.5767    21.4763   11.56746 6.1363e+02 0.0000e+00
        124 199.650055    0.00854     0.5125     30.750      0.929  44716.995    28.3123    11.5764      0.921    6.36933    11.5768    21.4755   11.56742 6.1414e+02 0.0000e+00
        125 199.650058    0.00861     0.5167     31.000      0.935  44715.399    28.3113    11.5768      0.926    6.36932    11.5767    21.4746   11.56743 6.0549e+02 0.0000e+00
        126 199.650061    0.00868     0.5208     31.250      0.933  44714.307    28.3105    11.5769      0.925    6.36933    11.5766    21.4740   11.56745 5.6120e+02 0.0000e+00
        127 199.650064    0.00875     0.5250     31.500      0.924  44714.220    28.3104    11.5768      0.916    6.36934    11.5768    21.4740   11.56748 5.0797e+02 0.0000e+00
        128 199.650067    0.00882     0.5292     31.750      0.911  44714.918    28.3109    11.5767      0.903    6.36934    11.5773    21.4744   11.56747 4.8026e+02 0.0000e+00
        129 199.650069    0.00889     0.5333     32.000      0.899  44715.851    28.3116    11.5769      0.891    6.36930    11.5782    21.4749   11.56738 4.8519e+02 0.0000e+00
        130 199.650072    0.00896     0.5375     32.250      0.893  44716.528    28.3121    11.5774      0.885    6.36920    11.5793    21.4752   11.56722 5.0303e+02 0.0000e+00
        131 199.650075    0.00903     0.5417     32.500      0.894  44716.534    28.3122    11.5783      0.886    6.36907    11.5803    21.4751   11.56700 5.2348e+02 0.0000e+00
        132 199.650078    0.00910     0.5458     32.750      0.901  44715.635    28.3117    11.5794      0.892    6.36894    11.5810    21.4745   11.56679 5.4919e+02 0.0000e+00
        133 199.650081    0.00917     0.5500     33.000      0.908  44713.961    28.3106    11.5804      0.899    6.36884    11.5813    21.4735   11.56664 5.7059e+02 0.0000e+00
        134 199.650084    0.00924     0.5542     33.250      0.911  44712.138    28.3094    11.5811      0.902    6.36879    11.5813    21.4724   11.56657 5.8491e+02 0.0000e+00
        135 199.650087    0.00931     0.5583     33.500      0.907  44711.149    28.3087    11.5814      0.899    6.36878    11.5811    21.4719   11.56656 5.9703e+02 0.0000e+00
        136 199.650090    0.00937     0.5625     33.750      0.897  44711.523    28.3090    11.5814      0.889    6.36878    11.5812    21.4721   11.56656 6.0674e+02 0.0000e+00
        137 199.650093    0.00944     0.5667     34.000      0.885  44712.768    28.3098    11.5812      0.877    6.36877    11.5816    21.4728   11.56652 6.0716e+02 0.0000e+00
        138 199.650095    0.00951     0.5708     34.250      0.877  44713.895    28.3106    11.5813      0.868    6.36872    11.5823    21.4734   11.56644 6.1269e+02 0.0000e+00
        139 199.650098    0.00958     0.5750     34.500      0.874  44714.064    28.3108    11.5817      0.866    6.36865    11.5828    21.4734   11.56632 6.5222e+02 0.0000e+00
        140 199.650101    0.00965     0.5792     34.750      0.878  44712.876    28.3100    11.5824      0.870    6.36860    11.5829    21.4727   11.56624 6.9347e+02 0.0000e+00
        141 199.650104    0.00972     0.5833     35.000      0.886  44710.670    28.3085    11.5829      0.878    6.36859    11.5825    21.4715   11.56624 6.7686e+02 0.0000e+00
        142 199.650107    0.00979     0.5875     35.250      0.893  44708.563    28.3070    11.5830      0.885    6.36863    11.5817    21.4703   11.56633 6.1094e+02 0.0000e+00
        143 199.650110    0.00986     0.5917     35.500      0.896  44707.654    28.3064    11.5826      0.888    6.36871    11.5807    21.4699   11.56647 5.4508e+02 0.0000e+00
        144 199.650113    0.00993     0.5958     35.750      0.894  44707.975    28.3065    11.5818      0.885    6.36882    11.5800    21.4702   11.56666 5.0470e+02 0.0000e+00
        145 199.650116    0.01000     0.6000     36.000      0.887  44708.535    28.3068    11.5808      0.878    6.36894    11.5797    21.4706   11.56685 4.8257e+02 0.0000e+00
        146 199.650119    0.01007     0.6042     36.250      0.877  44708.187    28.3065    11.5801      0.869    6.36905    11.5797    21.4704   11.56704 4.6515e+02 0.0000e+00
        147 199.650122    0.01014     0.6083     36.500      0.869  44707.007    28.3057    11.5798      0.860    6.36913    11.5800    21.4698   11.56718 4.5329e+02 0.0000e+00
        148 199.650124    0.01021     0.6125     36.750      0.864  44705.923    28.3049    11.5798      0.856    6.36916    11.5803    21.4692   11.56723 4.5376e+02 0.0000e+00
        149 199.650127    0.01028     0.6167     37.000      0.865  44705.511    28.3047    11.5801      0.857    6.36913    11.5804    21.4690   11.56719 4.6094e+02 0.0000e+00
        150 199.650130    0.01035     0.6208     37.250      0.871  44706.258    28.3052    11.5804      0.863    6.36907    11.5804    21.4694   11.56708 4.6015e+02 0.0000e+00
        151 199.650133    0.01042     0.6250     37.500      0.880  44707.651    28.3062    11.5805      0.872    6.36901    11.5801    21.4701   11.56697 4.5713e+02 0.0000e+00
        152 199.650136    0.01049     0.6292     37.750      0.887  44708.695    28.3069    11.5805      0.879    6.36898    11.5796    21.4707   11.56692 4.5714e+02 0.0000e+00
        153 199.650139    0.01056     0.6333     38.000      0.891  44709.475    28.3074    11.5802      0.882    6.36900    11.5790    21.4711   11.56694 4.4904e+02 0.0000e+00
        154 199.650142    0.01063     0.6375     38.250      0.889  44710.440    28.3080    11.5797      0.880    6.36904    11.5783    21.4717   11.56700 4.3745e+02 0.0000e+00
        155 199.650145    0.01069     0.6417     38.500      0.883  44711.697    28.3088    11.5791      0.874    6.36910    11.5779    21.4725   11.56709 4.2896e+02 0.0000e+00
        156 199.650148    0.01076     0.6458     38.750      0.878  44713.219    28.3099    11.5784      0.870    6.36914    11.5775    21.4734   11.56715 4.2387e+02 0.0000e+00
        157 199.650150    0.01083     0.6500     39.000      0.879  44714.909    28.3110    11.5780      0.871    6.36916    11.5771    21.4743   11.56716 4.2631e+02 0.0000e+00
        158 199.650153    0.01090     0.6542     39.250      0.889  44716.368    28.3120    11.5776      0.881    6.36917    11.5765    21.4751   11.56717 4.3372e+02 0.0000e+00
        159 199.650156    0.01097     0.6583     39.500      0.905  44717.095    28.3125    11.5772      0.897    6.36921    11.5759    21.4756   11.56723 4.3824e+02 0.0000e+00
        160 199.650159    0.01104     0.6625     39.750      0.921  44716.950    28.3123    11.5766      0.912    6.36929    11.5752    21.4755   11.56737 4.3620e+02 0.0000e+00
        161 199.650162    0.01111     0.6667     40.000      0.929  44716.395    28.3119    11.5760      0.920    6.36939    11.5745    21.4753   11.56755 4.2413e+02 0.0000e+00
        162 199.650165    0.01118     0.6708     40.250      0.926  44716.186    28.3117    11.5753      0.917    6.36949    11.5737    21.4752   11.56771 4.0243e+02 0.0000e+00
        163 199.650168    0.01125     0.6750     40.500      0.917  44716.737    28.3120    11.5746      0.908    6.36957    11.5727    21.4756   11.56785 3.8202e+02 0.0000e+00
        164 199.650171    0.01132     0.6792     40.750      0.909  44718.044    28.3128    11.5738      0.901    6.36965    11.5715    21.4764   11.56797 3.7194e+02 0.0000e+00
        165 199.650174    0.01139     0.6833     41.000      0.910  44719.793    28.3140    11.5728      0.901    6.36974    11.5699    21.4774   11.56809 3.7785e+02 0.0000e+00
        166 199.650177    0.01146     0.6875     41.250      0.920  44721.557    28.3151    11.5716      0.912    6.36986    11.5683    21.4785   11.56828 3.9192e+02 0.0000e+00
        167 199.650179    0.01153     0.6917     41.500      0.937  44723.136    28.3160    11.5701      0.928    6.37004    11.5670    21.4795   11.56856 3.9941e+02 0.0000e+00
        168 199.650182    0.01160     0.6958     41.750      0.952  44724.342    28.3167    11.5685      0.943    6.37023    11.5662    21.4804   11.56887 3.9948e+02 0.0000e+00
        169 199.650185    0.01167     0.7000     42.000      0.959  44724.908    28.3170    11.5672      0.950    6.37039    11.5658    21.4808   11.56914 3.9523e+02 0.0000e+00
        170 199.650188    0.01174     0.7042     42.250      0.957  44724.928    28.3169    11.5664      0.948    6.37051    11.5657    21.4809   11.56934 3.9050e+02 0.0000e+00
        171 199.650191    0.01181     0.7083     42.500      0.948  44724.824    28.3168    11.5660      0.939    6.37057    11.5657    21.4809   11.56944 3.8900e+02 0.0000e+00
        172 199.650194    0.01188     0.7125     42.750      0.937  44724.876    28.3168    11.5658      0.928    6.37059    11.5655    21.4809   11.56947 3.9340e+02 0.0000e+00
        173 199.650197    0.01194     0.7167     43.000      0.930  44725.120    28.3170    11.5658      0.921    6.37058    11.5652    21.4810   11.56946 4.0104e+02 0.0000e+00
        174 199.650200    0.01201     0.7208     43.250      0.931  44725.518    28.3172    11.5657      0.923    6.37059    11.5649    21.4813   11.56947 3.9996e+02 0.0000e+00
        175 199.650203    0.01208     0.7250     43.500      0.941  44726.000    28.3175    11.5654      0.933    6.37062    11.5646    21.4816   11.56951 3.8883e+02 0.0000e+00
        176 199.650205    0.01215     0.7292     43.750      0.955  44726.421    28.3178    11.5650      0.946    6.37066    11.5644    21.4818   11.56957 3.8194e+02 0.0000e+00
        177 199.650208    0.01222     0.7333     44.000      0.967  44726.553    28.3179    11.5647      0.958    6.37070    11.5644    21.4819   11.56964 3.8360e+02 0.0000e+00
        178 199.650211    0.01229     0.7375     44.250      0.971  44726.299    28.3177    11.5645      0.962    6.37073    11.5646    21.4818   11.56969 3.9152e+02 0.0000e+00
        179 199.650214    0.01236     0.7417     44.500      0.967  44725.833    28.3174    11.5646      0.958    6.37074    11.5648    21.4815   11.56971 4.1576e+02 0.0000e+00
        180 199.650217    0.01243     0.7458     44.750      0.956  44725.339    28.3170    11.5647      0.947    6.37073    11.5651    21.4813   11.56969 4.6628e+02 0.0000e+00
