CTD-processing/allCTD/CNV--turbid/2018_04-23_t9_s05_cast055.cnv
* Sea-Bird SBE19plus Data File:
* FileName = C:\Users\Kim.Powell\Desktop\Not Processed\2018\2018_04-23_AlongBay, T4, T9_5028\2018_04-23_TRANSECT_STATION_cast055.hex
* Software Version 1.59
* Temperature SN =  5028
* Conductivity SN =  5028
* System UpLoad Time = Apr 24 2018 09:46:42
** 2018_04-24
** Station: 9-05
** Start Time: 12:05
** Depth (m): 97.9
** Comment:
** Comment:
# nquan = 16
# nvalues = 684                         
# units = specified
# name 0 = scan: Scan Count
# name 1 = timeJ: Julian Days
# name 2 = timeH: Time, Elapsed [hours]
# name 3 = timeM: Time, Elapsed [minutes]
# name 4 = timeS: Time, Elapsed [seconds]
# name 5 = prdM: Pressure, Strain Gauge [db]
# name 6 = specc: Specific Conductance [uS/cm]
# name 7 = sal00: Salinity, Practical [PSU]
# name 8 = tv290C: Temperature [ITS-90, deg C]
# name 9 = depSM: Depth [salt water, m], lat = 59.00
# name 10 = oxsolML/L: Oxygen Saturation, Garcia & Gordon [ml/l]
# name 11 = potemp090C: Potential Temperature [ITS-90, deg C]
# name 12 = sigma-é00: Density [sigma-theta, kg/m^3]
# name 13 = n2satML/L: Nitrogen Saturation [ml/l]
# name 14 = par: PAR/Irradiance, Biospherical/Licor
# name 15 = flag:  0.000e+00
# span 0 =          1,        684       
# span 1 = 113.503981, 113.505958       
# span 2 =    0.00000,    0.04743       
# span 3 =     0.0000,     2.8458       
# span 4 =      0.000,    170.750       
# span 5 =      0.445,     95.628       
# span 6 =  50349.696,  51306.988       
# span 7 =    31.3093,    31.7888       
# span 8 =     4.5793,     5.2304       
# span 9 =      0.441,     94.712       
# span 10 =    7.21034,    7.30600      
# span 11 =     4.5774,     5.1634      
# span 12 =    24.7254,    25.1709      
# span 13 =   12.92321,   13.07650      
# span 14 = 3.7976e-02, 2.4286e+02      
# span 15 = 0.0000e+00, 0.0000e+00      
# interval = seconds: 0.25
# start_time = Apr 23 2018 12:05:44 [Instrument's time stamp, header]
# bad_flag = -9.990e-29
*END*
[from data line 91]
         92 113.504245    0.00632     0.3792     22.750      0.692  50679.685    31.5069     5.0917      0.685    7.22470     5.0901    24.8969   12.94438 2.2934e+02 0.0000e+00
         93 113.504248    0.00639     0.3833     23.000      0.688  50680.307    31.5071     5.0909      0.681    7.22481     5.0891    24.8972   12.94456 2.3031e+02 0.0000e+00
         94 113.504251    0.00646     0.3875     23.250      0.685  50676.036    31.5040     5.0901      0.679    7.22511     5.0881    24.8949   12.94509 2.3111e+02 0.0000e+00
         95 113.504253    0.00653     0.3917     23.500      0.686  50670.039    31.4997     5.0891      0.679    7.22548     5.0873    24.8916   12.94576 2.3115e+02 0.0000e+00
         96 113.504256    0.00660     0.3958     23.750      0.689  50666.047    31.4967     5.0881      0.682    7.22579     5.0867    24.8893   12.94632 2.3057e+02 0.0000e+00
         97 113.504259    0.00667     0.4000     24.000      0.693  50664.339    31.4954     5.0873      0.687    7.22600     5.0864    24.8883   12.94669 2.3076e+02 0.0000e+00
         98 113.504262    0.00674     0.4042     24.250      0.699  50663.117    31.4944     5.0867      0.692    7.22615     5.0865    24.8876   12.94694 2.3148e+02 0.0000e+00
         99 113.504265    0.00681     0.4083     24.500      0.705  50662.843    31.4942     5.0864      0.699    7.22621     5.0872    24.8875   12.94705 2.3143e+02 0.0000e+00
        100 113.504268    0.00688     0.4125     24.750      0.711  50666.435    31.4966     5.0865      0.705    7.22608     5.0891    24.8894   12.94681 2.3106e+02 0.0000e+00
        101 113.504271    0.00694     0.4167     25.000      0.713  50674.760    31.5025     5.0872      0.706    7.22568     5.0931    24.8940   12.94606 2.3122e+02 0.0000e+00
        102 113.504274    0.00701     0.4208     25.250      0.707  50683.641    31.5090     5.0891      0.700    7.22503     5.0994    24.8990   12.94490 2.3217e+02 0.0000e+00
        103 113.504277    0.00708     0.4250     25.500      0.694  50686.216    31.5116     5.0931      0.688    7.22422     5.1070    24.9006   12.94353 2.3345e+02 0.0000e+00
        104 113.504280    0.00715     0.4292     25.750      0.678  50677.273    31.5068     5.0994      0.672    7.22336     5.1137    24.8961   12.94217 2.3543e+02 0.0000e+00
        105 113.504282    0.00722     0.4333     26.000      0.664  50656.963    31.4945     5.1071      0.658    7.22263     5.1175    24.8855   12.94113 2.3749e+02 0.0000e+00
        106 113.504285    0.00729     0.4375     26.250      0.660  50631.615    31.4785     5.1137      0.654    7.22226     5.1180    24.8721   12.94072 2.3704e+02 0.0000e+00
        107 113.504288    0.00736     0.4417     26.500      0.668  50610.047    31.4644     5.1175      0.662    7.22228     5.1162    24.8606   12.94094 2.3552e+02 0.0000e+00
        108 113.504291    0.00743     0.4458     26.750      0.685  50598.677    31.4567     5.1181      0.679    7.22255     5.1136    24.8544   12.94149 2.3464e+02 0.0000e+00
        109 113.504294    0.00750     0.4500     27.000      0.706  50599.986    31.4572     5.1162      0.700    7.22285     5.1118    24.8550   12.94197 2.3295e+02 0.0000e+00
        110 113.504297    0.00757     0.4542     27.250      0.722  50613.052    31.4657     5.1136      0.716    7.22289     5.1122    24.8620   12.94194 2.3216e+02 0.0000e+00
        111 113.504300    0.00764     0.4583     27.500      0.727  50632.031    31.4783     5.1118      0.720    7.22258     5.1155    24.8722   12.94126 2.3388e+02 0.0000e+00
        112 113.504303    0.00771     0.4625     27.750      0.718  50646.983    31.4887     5.1122      0.711    7.22202     5.1213    24.8804   12.94019 2.3576e+02 0.0000e+00
        113 113.504306    0.00778     0.4667     28.000      0.699  50649.734    31.4913     5.1155      0.692    7.22133     5.1276    24.8821   12.93901 2.3713e+02 0.0000e+00
        114 113.504308    0.00785     0.4708     28.250      0.678  50637.980    31.4844     5.1213      0.671    7.22066     5.1320    24.8760   12.93799 2.3892e+02 0.0000e+00
        115 113.504311    0.00792     0.4750     28.500      0.662  50616.372    31.4709     5.1276      0.656    7.22022     5.1330    24.8646   12.93745 2.3950e+02 0.0000e+00
        116 113.504314    0.00799     0.4792     28.750      0.658  50594.718    31.4570     5.1320      0.652    7.22013     5.1306    24.8531   12.93748 2.3843e+02 0.0000e+00
        117 113.504317    0.00806     0.4833     29.000      0.667  50581.567    31.4482     5.1331      0.661    7.22038     5.1263    24.8460   12.93801 2.3719e+02 0.0000e+00
        118 113.504320    0.00813     0.4875     29.250      0.685  50580.805    31.4471     5.1306      0.679    7.22085     5.1223    24.8454   12.93880 2.3546e+02 0.0000e+00
        119 113.504323    0.00819     0.4917     29.500      0.705  50592.671    31.4544     5.1263      0.698    7.22125     5.1204    24.8516   12.93936 2.3349e+02 0.0000e+00
        120 113.504326    0.00826     0.4958     29.750      0.719  50612.153    31.4669     5.1224      0.713    7.22132     5.1215    24.8620   12.93933 2.3239e+02 0.0000e+00
        121 113.504329    0.00833     0.5000     30.000      0.723  50630.251    31.4789     5.1205      0.717    7.22107     5.1261    24.8717   12.93876 2.3285e+02 0.0000e+00
        122 113.504332    0.00840     0.5042     30.250      0.717  50639.777    31.4857     5.1216      0.711    7.22055     5.1328    24.8770   12.93780 2.3505e+02 0.0000e+00
        123 113.504334    0.00847     0.5083     30.500      0.704  50638.074    31.4855     5.1261      0.698    7.21978     5.1395    24.8763   12.93653 2.3672e+02 0.0000e+00
        124 113.504337    0.00854     0.5125     30.750      0.688  50626.479    31.4790     5.1328      0.682    7.21894     5.1446    24.8704   12.93523 2.3678e+02 0.0000e+00
        125 113.504340    0.00861     0.5167     31.000      0.674  50608.946    31.4684     5.1396      0.668    7.21829     5.1471    24.8613   12.93429 2.3683e+02 0.0000e+00
        126 113.504343    0.00868     0.5208     31.250      0.667  50591.043    31.4571     5.1446      0.661    7.21796     5.1469    24.8519   12.93389 2.3712e+02 0.0000e+00
        127 113.504346    0.00875     0.5250     31.500      0.668  50578.359    31.4489     5.1471      0.662    7.21792     5.1445    24.8451   12.93393 2.3675e+02 0.0000e+00
        128 113.504349    0.00882     0.5292     31.750      0.676  50574.026    31.4459     5.1469      0.670    7.21810     5.1410    24.8427   12.93426 2.3570e+02 0.0000e+00
        129 113.504352    0.00889     0.5333     32.000      0.689  50577.955    31.4481     5.1445      0.683    7.21840     5.1377    24.8447   12.93475 2.3467e+02 0.0000e+00
        130 113.504355    0.00896     0.5375     32.250      0.703  50588.045    31.4543     5.1410      0.696    7.21871     5.1356    24.8500   12.93518 2.3366e+02 0.0000e+00
        131 113.504358    0.00903     0.5417     32.500      0.713  50601.056    31.4626     5.1377      0.707    7.21889     5.1351    24.8569   12.93536 2.3222e+02 0.0000e+00
        132 113.504361    0.00910     0.5458     32.750      0.717  50613.118    31.4704     5.1356      0.711    7.21887     5.1365    24.8633   12.93523 2.3156e+02 0.0000e+00
        133 113.504363    0.00917     0.5500     33.000      0.713  50621.215    31.4759     5.1351      0.707    7.21869     5.1397    24.8677   12.93486 2.3302e+02 0.0000e+00
        134 113.504366    0.00924     0.5542     33.250      0.702  50623.427    31.4777     5.1365      0.696    7.21837     5.1441    24.8690   12.93431 2.3492e+02 0.0000e+00
        135 113.504369    0.00931     0.5583     33.500      0.687  50618.310    31.4748     5.1397      0.681    7.21794     5.1479    24.8664   12.93364 2.3567e+02 0.0000e+00
        136 113.504372    0.00937     0.5625     33.750      0.674  50606.352    31.4675     5.1441      0.668    7.21754     5.1495    24.8601   12.93307 2.3612e+02 0.0000e+00
        137 113.504375    0.00944     0.5667     34.000      0.666  50591.287    31.4580     5.1479      0.660    7.21735     5.1482    24.8521   12.93288 2.3760e+02 0.0000e+00
        138 113.504378    0.00951     0.5708     34.250      0.669  50578.768    31.4497     5.1495      0.662    7.21747     5.1443    24.8454   12.93318 2.3880e+02 0.0000e+00
        139 113.504381    0.00958     0.5750     34.500      0.680  50573.206    31.4456     5.1482      0.673    7.21790     5.1392    24.8423   12.93393 2.3675e+02 0.0000e+00
        140 113.504384    0.00965     0.5792     34.750      0.696  50575.692    31.4465     5.1443      0.689    7.21852     5.1347    24.8434   12.93496 2.3348e+02 0.0000e+00
        141 113.504387    0.00972     0.5833     35.000      0.712  50584.686    31.4516     5.1393      0.705    7.21915     5.1317    24.8480   12.93593 2.3259e+02 0.0000e+00
        142 113.504389    0.00979     0.5875     35.250      0.725  50597.675    31.4596     5.1348      0.718    7.21955     5.1307    24.8548   12.93648 2.3262e+02 0.0000e+00
        143 113.504392    0.00986     0.5917     35.500      0.731  50611.612    31.4685     5.1318      0.724    7.21963     5.1324    24.8622   12.93651 2.3284e+02 0.0000e+00
        144 113.504395    0.00993     0.5958     35.750      0.727  50622.578    31.4759     5.1308      0.720    7.21944     5.1369    24.8682   12.93609 2.3511e+02 0.0000e+00
        145 113.504398    0.01000     0.6000     36.000      0.714  50626.274    31.4788     5.1325      0.707    7.21900     5.1430    24.8703   12.93534 2.3861e+02 0.0000e+00
        146 113.504401    0.01007     0.6042     36.250      0.696  50619.856    31.4753     5.1370      0.689    7.21839     5.1484    24.8670   12.93438 2.4022e+02 0.0000e+00
        147 113.504404    0.01014     0.6083     36.500      0.679  50604.442    31.4660     5.1431      0.673    7.21779     5.1510    24.8590   12.93351 2.3969e+02 0.0000e+00
        148 113.504407    0.01021     0.6125     36.750      0.671  50585.975    31.4544     5.1484      0.665    7.21743     5.1502    24.8493   12.93306 2.3931e+02 0.0000e+00
        149 113.504410    0.01028     0.6167     37.000      0.675  50572.342    31.4456     5.1511      0.669    7.21740     5.1469    24.8420   12.93312 2.3921e+02 0.0000e+00
        150 113.504413    0.01035     0.6208     37.250      0.688  50569.297    31.4434     5.1503      0.682    7.21764     5.1432    24.8403   12.93355 2.3784e+02 0.0000e+00
        151 113.504416    0.01042     0.6250     37.500      0.702  50577.951    31.4486     5.1469      0.696    7.21796     5.1414    24.8448   12.93401 2.3509e+02 0.0000e+00
        152 113.504418    0.01049     0.6292     37.750      0.709  50592.507    31.4578     5.1433      0.703    7.21815     5.1425    24.8525   12.93420 2.3376e+02 0.0000e+00
        153 113.504421    0.01056     0.6333     38.000      0.707  50603.014    31.4647     5.1414      0.700    7.21813     5.1456    24.8581   12.93408 2.3537e+02 0.0000e+00
        154 113.504424    0.01063     0.6375     38.250      0.699  50603.124    31.4650     5.1425      0.693    7.21793     5.1488    24.8583   12.93375 2.3762e+02 0.0000e+00
        155 113.504427    0.01069     0.6417     38.500      0.692  50593.914    31.4593     5.1456      0.686    7.21767     5.1505    24.8534   12.93339 2.3897e+02 0.0000e+00
        156 113.504430    0.01076     0.6458     38.750      0.690  50581.632    31.4516     5.1488      0.684    7.21750     5.1501    24.8469   12.93321 2.3854e+02 0.0000e+00
        157 113.504433    0.01083     0.6500     39.000      0.694  50572.825    31.4459     5.1505      0.688    7.21748     5.1481    24.8422   12.93325 2.3617e+02 0.0000e+00
        158 113.504436    0.01090     0.6542     39.250      0.702  50571.015    31.4445     5.1501      0.695    7.21761     5.1457    24.8412   12.93348 2.3444e+02 0.0000e+00
        159 113.504439    0.01097     0.6583     39.500      0.709  50576.294    31.4477     5.1481      0.702    7.21781     5.1442    24.8440   12.93377 2.3426e+02 0.0000e+00
        160 113.504442    0.01104     0.6625     39.750      0.712  50585.905    31.4538     5.1457      0.705    7.21793     5.1446    24.8491   12.93389 2.3442e+02 0.0000e+00
        161 113.504444    0.01111     0.6667     40.000      0.708  50595.390    31.4600     5.1442      0.701    7.21788     5.1470    24.8542   12.93373 2.3495e+02 0.0000e+00
        162 113.504447    0.01118     0.6708     40.250      0.699  50600.453    31.4636     5.1446      0.692    7.21765     5.1508    24.8570   12.93330 2.3602e+02 0.0000e+00
        163 113.504450    0.01125     0.6750     40.500      0.687  50598.321    31.4626     5.1470      0.681    7.21728     5.1545    24.8559   12.93270 2.3652e+02 0.0000e+00
        164 113.504453    0.01132     0.6792     40.750      0.678  50589.105    31.4571     5.1509      0.672    7.21689     5.1566    24.8511   12.93212 2.3636e+02 0.0000e+00
        165 113.504456    0.01139     0.6833     41.000      0.678  50576.812    31.4495     5.1546      0.672    7.21662     5.1562    24.8447   12.93178 2.3524e+02 0.0000e+00
        166 113.504459    0.01146     0.6875     41.250      0.688  50567.466    31.4435     5.1567      0.682    7.21655     5.1537    24.8397   12.93174 2.3321e+02 0.0000e+00
        167 113.504462    0.01153     0.6917     41.500      0.706  50565.738    31.4422     5.1563      0.700    7.21667     5.1504    24.8387   12.93195 2.3285e+02 0.0000e+00
        168 113.504465    0.01160     0.6958     41.750      0.723  50572.925    31.4466     5.1538      0.717    7.21690     5.1485    24.8425   12.93227 2.3362e+02 0.0000e+00
        169 113.504468    0.01167     0.7000     42.000      0.732  50585.061    31.4542     5.1505      0.726    7.21709     5.1488    24.8489   12.93249 2.3387e+02 0.0000e+00
        170 113.504470    0.01174     0.7042     42.250      0.731  50594.302    31.4602     5.1486      0.725    7.21714     5.1506    24.8538   12.93250 2.3446e+02 0.0000e+00
        171 113.504473    0.01181     0.7083     42.500      0.725  50595.207    31.4609     5.1489      0.719    7.21704     5.1515    24.8544   12.93233 2.3481e+02 0.0000e+00
        172 113.504476    0.01188     0.7125     42.750      0.724  50588.731    31.4568     5.1506      0.718    7.21694     5.1499    24.8509   12.93221 2.3380e+02 0.0000e+00
        173 113.504479    0.01194     0.7167     43.000      0.734  50582.330    31.4526     5.1515      0.727    7.21698     5.1461    24.8475   12.93234 2.3111e+02 0.0000e+00
        174 113.504482    0.01201     0.7208     43.250      0.752  50582.122    31.4521     5.1500      0.745    7.21727     5.1412    24.8473   12.93283 2.2700e+02 0.0000e+00
        175 113.504485    0.01208     0.7250     43.500      0.772  50586.548    31.4543     5.1461      0.764    7.21783     5.1363    24.8495   12.93372 2.2381e+02 0.0000e+00
        176 113.504488    0.01215     0.7292     43.750      0.788  50593.113    31.4578     5.1413      0.781    7.21851     5.1318    24.8527   12.93479 2.2326e+02 0.0000e+00
        177 113.504491    0.01222     0.7333     44.000      0.800  50601.191    31.4623     5.1364      0.792    7.21913     5.1283    24.8568   12.93577 2.2368e+02 0.0000e+00
        178 113.504494    0.01229     0.7375     44.250      0.806  50609.981    31.4674     5.1319      0.799    7.21965     5.1260    24.8613   12.93656 2.2328e+02 0.0000e+00
        179 113.504497    0.01236     0.7417     44.500      0.807  50618.472    31.4725     5.1283      0.799    7.22002     5.1253    24.8657   12.93711 2.2217e+02 0.0000e+00
        180 113.504499    0.01243     0.7458     44.750      0.803  50624.751    31.4763     5.1260      0.796    7.22023     5.1260    24.8690   12.93740 2.2086e+02 0.0000e+00
