CTD-processing/allCTD/CNV--turbid/2018_07-24_t9_s01_cast179.cnv
* Sea-Bird SBE19plus Data File:
* FileName = C:\Users\Kim.Powell\Desktop\Not Processed\2018\2018_08-24_T4, T9_5028\2018_07-24_TRANSECT_STATION_cast179.hex
* Software Version 1.59
* Temperature SN =  5028
* Conductivity SN =  5028
* System UpLoad Time = Jul 26 2018 09:28:36
** 2018_07-24
** Station: 9-01
** Start Time: 12:41
** Depth (m): 63
** Comment:
** Comment:
# nquan = 16
# nvalues = 691                         
# units = specified
# name 0 = scan: Scan Count
# name 1 = timeJ: Julian Days
# name 2 = timeH: Time, Elapsed [hours]
# name 3 = timeM: Time, Elapsed [minutes]
# name 4 = timeS: Time, Elapsed [seconds]
# name 5 = prdM: Pressure, Strain Gauge [db]
# name 6 = specc: Specific Conductance [uS/cm]
# name 7 = sal00: Salinity, Practical [PSU]
# name 8 = tv290C: Temperature [ITS-90, deg C]
# name 9 = depSM: Depth [salt water, m], lat = 59.00
# name 10 = oxsolML/L: Oxygen Saturation, Garcia & Gordon [ml/l]
# name 11 = potemp090C: Potential Temperature [ITS-90, deg C]
# name 12 = sigma-é00: Density [sigma-theta, kg/m^3]
# name 13 = n2satML/L: Nitrogen Saturation [ml/l]
# name 14 = par: PAR/Irradiance, Biospherical/Licor
# name 15 = flag:  0.000e+00
# span 0 =          1,        691       
# span 1 = 205.529873, 205.531869       
# span 2 =    0.00000,    0.04792       
# span 3 =     0.0000,     2.8750       
# span 4 =      0.000,    172.500       
# span 5 =      0.391,     64.051       
# span 6 =  40425.581,  50030.504       
# span 7 =    25.4502,    31.5587       
# span 8 =     7.9624,    13.5691       
# span 9 =      0.387,     63.443       
# span 10 =    6.21069,    6.75530      
# span 11 =     7.9565,    13.4987      
# span 12 =    18.9641,    24.5783      
# span 13 =   11.33519,   12.16794      
# span 14 = 6.6738e-02, 2.5096e+02      
# span 15 = 0.0000e+00, 0.0000e+00      
# interval = seconds: 0.25
# start_time = Jul 24 2018 12:43:01 [Instrument's time stamp, header]
# bad_flag = -9.990e-29
*END*
[from data line 633]
        634 205.531704    0.04396     2.6375    158.250     52.165  49923.209    31.5284     8.2149     51.670    6.71808     8.1969    24.5185   12.10673 8.2618e-02 0.0000e+00
        635 205.531707    0.04403     2.6417    158.500     52.372  49929.546    31.5316     8.2075     51.876    6.71905     8.1927    24.5220   12.10830 8.2030e-02 0.0000e+00
        636 205.531710    0.04410     2.6458    158.750     52.578  49934.740    31.5343     8.2019     52.080    6.71979     8.1897    24.5249   12.10948 8.1465e-02 0.0000e+00
        637 205.531713    0.04417     2.6500    159.000     52.786  49938.714    31.5363     8.1978     52.286    6.72032     8.1875    24.5271   12.11035 8.0911e-02 0.0000e+00
        638 205.531716    0.04424     2.6542    159.250     52.998  49941.370    31.5376     8.1948     52.496    6.72072     8.1856    24.5286   12.11099 8.0361e-02 0.0000e+00
        639 205.531719    0.04431     2.6583    159.500     53.216  49942.726    31.5381     8.1926     52.712    6.72104     8.1835    24.5293   12.11150 7.9817e-02 0.0000e+00
        640 205.531722    0.04437     2.6625    159.750     53.441  49942.854    31.5378     8.1907     52.934    6.72134     8.1811    24.5294   12.11201 7.9286e-02 0.0000e+00
        641 205.531725    0.04444     2.6667    160.000     53.669  49942.561    31.5372     8.1887     53.160    6.72167     8.1784    24.5292   12.11257 7.8768e-02 0.0000e+00
        642 205.531727    0.04451     2.6708    160.250     53.897  49942.917    31.5370     8.1863     53.387    6.72204     8.1758    24.5294   12.11318 7.8268e-02 0.0000e+00
        643 205.531730    0.04458     2.6750    160.500     54.118  49943.811    31.5371     8.1837     53.606    6.72244     8.1730    24.5299   12.11383 7.7804e-02 0.0000e+00
        644 205.531733    0.04465     2.6792    160.750     54.327  49944.345    31.5370     8.1811     53.813    6.72285     8.1697    24.5301   12.11451 7.7383e-02 0.0000e+00
        645 205.531736    0.04472     2.6833    161.000     54.526  49943.968    31.5362     8.1783     54.009    6.72330     8.1657    24.5299   12.11527 7.6991e-02 0.0000e+00
        646 205.531739    0.04479     2.6875    161.250     54.720  49942.621    31.5347     8.1750     54.201    6.72386     8.1602    24.5292   12.11622 7.6604e-02 0.0000e+00
        647 205.531742    0.04486     2.6917    161.500     54.920  49940.003    31.5321     8.1710     54.399    6.72459     8.1524    24.5278   12.11745 7.6204e-02 0.0000e+00
        648 205.531745    0.04493     2.6958    161.750     55.132  49935.101    31.5277     8.1656     54.609    6.72561     8.1406    24.5251   12.11919 7.5797e-02 0.0000e+00
        649 205.531748    0.04500     2.7000    162.000     55.358  49926.479    31.5204     8.1577     54.833    6.72712     8.1241    24.5205   12.12178 7.5398e-02 0.0000e+00
        650 205.531751    0.04507     2.7042    162.250     55.594  49916.910    31.5117     8.1460     55.067    6.72928     8.1045    24.5154   12.12547 7.5007e-02 0.0000e+00
        651 205.531753    0.04514     2.7083    162.500     55.830  49914.574    31.5074     8.1295     55.301    6.73199     8.0850    24.5144   12.12999 7.4631e-02 0.0000e+00
        652 205.531756    0.04521     2.7125    162.750     56.054  49922.636    31.5099     8.1099     55.523    6.73487     8.0679    24.5191   12.13473 7.4294e-02 0.0000e+00
        653 205.531759    0.04528     2.7167    163.000     56.259  49936.020    31.5161     8.0904     55.726    6.73757     8.0540    24.5268   12.13912 7.4009e-02 0.0000e+00
        654 205.531762    0.04535     2.7208    163.250     56.444  49949.641    31.5229     8.0733     55.909    6.73987     8.0430    24.5345   12.14284 7.3759e-02 0.0000e+00
        655 205.531765    0.04542     2.7250    163.500     56.618  49961.513    31.5289     8.0594     56.082    6.74173     8.0342    24.5413   12.14584 7.3513e-02 0.0000e+00
        656 205.531768    0.04549     2.7292    163.750     56.795  49970.303    31.5333     8.0484     56.257    6.74321     8.0265    24.5462   12.14824 7.3253e-02 0.0000e+00
        657 205.531771    0.04556     2.7333    164.000     56.990  49975.832    31.5357     8.0396     56.449    6.74445     8.0194    24.5494   12.15027 7.2977e-02 0.0000e+00
        658 205.531774    0.04562     2.7375    164.250     57.208  49979.781    31.5371     8.0320     56.665    6.74555     8.0126    24.5516   12.15207 7.2684e-02 0.0000e+00
        659 205.531777    0.04569     2.7417    164.500     57.446  49983.428    31.5384     8.0249     56.901    6.74658     8.0061    24.5536   12.15375 7.2379e-02 0.0000e+00
        660 205.531780    0.04576     2.7458    164.750     57.692  49986.895    31.5397     8.0181     57.145    6.74756     7.9998    24.5556   12.15535 7.2083e-02 0.0000e+00
        661 205.531782    0.04583     2.7500    165.000     57.932  49990.389    31.5410     8.0116     57.382    6.74849     7.9941    24.5575   12.15688 7.1820e-02 0.0000e+00
        662 205.531785    0.04590     2.7542    165.250     58.155  49994.454    31.5428     8.0054     57.603    6.74937     7.9892    24.5598   12.15831 7.1584e-02 0.0000e+00
        663 205.531788    0.04597     2.7583    165.500     58.361  49998.687    31.5447     7.9997     57.807    6.75015     7.9848    24.5622   12.15958 7.1365e-02 0.0000e+00
        664 205.531791    0.04604     2.7625    165.750     58.554  50001.834    31.5460     7.9947     57.998    6.75084     7.9803    24.5639   12.16072 7.1162e-02 0.0000e+00
        665 205.531794    0.04611     2.7667    166.000     58.744  50003.540    31.5464     7.9903     58.186    6.75150     7.9756    24.5648   12.16180 7.0960e-02 0.0000e+00
        666 205.531797    0.04618     2.7708    166.250     58.940  50004.938    31.5466     7.9859     58.381    6.75217     7.9710    24.5656   12.16290 7.0741e-02 0.0000e+00
        667 205.531800    0.04625     2.7750    166.500     59.147  50007.442    31.5476     7.9812     58.585    6.75285     7.9670    24.5670   12.16401 7.0507e-02 0.0000e+00
        668 205.531803    0.04632     2.7792    166.750     59.363  50011.158    31.5493     7.9766     58.800    6.75348     7.9638    24.5691   12.16502 7.0268e-02 0.0000e+00
        669 205.531806    0.04639     2.7833    167.000     59.587  50015.059    31.5513     7.9726     59.022    6.75400     7.9615    24.5712   12.16587 7.0029e-02 0.0000e+00
        670 205.531808    0.04646     2.7875    167.250     59.817  50018.321    31.5530     7.9695     59.249    6.75441     7.9599    24.5729   12.16652 6.9789e-02 0.0000e+00
        671 205.531811    0.04653     2.7917    167.500     60.049  50020.735    31.5542     7.9672     59.479    6.75470     7.9587    24.5742   12.16699 6.9553e-02 0.0000e+00
        672 205.531814    0.04660     2.7958    167.750     60.283  50022.419    31.5550     7.9656     59.711    6.75491     7.9579    24.5751   12.16733 6.9329e-02 0.0000e+00
        673 205.531817    0.04667     2.8000    168.000     60.516  50023.604    31.5556     7.9645     59.941    6.75506     7.9573    24.5757   12.16757 6.9118e-02 0.0000e+00
        674 205.531820    0.04674     2.8042    168.250     60.743  50024.479    31.5559     7.9637     60.166    6.75517     7.9568    24.5761   12.16774 6.8918e-02 0.0000e+00
        675 205.531823    0.04681     2.8083    168.500     60.962  50025.367    31.5564     7.9631     60.383    6.75524     7.9566    24.5766   12.16785 6.8733e-02 0.0000e+00
        676 205.531826    0.04688     2.8125    168.750     61.175  50026.431    31.5569     7.9627     60.594    6.75528     7.9565    24.5771   12.16792 6.8571e-02 0.0000e+00
        677 205.531829    0.04694     2.8167    169.000     61.384  50027.267    31.5574     7.9624     60.801    6.75530     7.9566    24.5775   12.16794 6.8417e-02 0.0000e+00
        678 205.531832    0.04701     2.8208    169.250     61.596  50027.614    31.5575     7.9624     61.011    6.75529     7.9567    24.5776   12.16793 6.8261e-02 0.0000e+00
        679 205.531834    0.04708     2.8250    169.500     61.814  50027.683    31.5575     7.9625     61.227    6.75528     7.9568    24.5776   12.16791 6.8101e-02 0.0000e+00
        680 205.531837    0.04715     2.8292    169.750     62.041  50027.681    31.5574     7.9626     61.452    6.75527     7.9568    24.5775   12.16789 6.7938e-02 0.0000e+00
        681 205.531840    0.04722     2.8333    170.000     62.275  50027.676    31.5573     7.9627     61.684    6.75526     7.9568    24.5774   12.16788 6.7774e-02 0.0000e+00
        682 205.531843    0.04729     2.8375    170.250     62.513  50027.723    31.5573     7.9627     61.920    6.75526     7.9568    24.5773   12.16787 6.7611e-02 0.0000e+00
        683 205.531846    0.04736     2.8417    170.500     62.751  50027.884    31.5573     7.9627     62.156    6.75525     7.9568    24.5773   12.16786 6.7459e-02 0.0000e+00
        684 205.531849    0.04743     2.8458    170.750     62.984  50028.118    31.5573     7.9627     62.386    6.75525     7.9568    24.5774   12.16786 6.7324e-02 0.0000e+00
        685 205.531852    0.04750     2.8500    171.000     63.210  50028.387    31.5574     7.9628     62.609    6.75524     7.9569    24.5774   12.16785 6.7199e-02 0.0000e+00
        686 205.531855    0.04757     2.8542    171.250     63.423  50028.820    31.5576     7.9628     62.821    6.75523     7.9572    24.5776   12.16781 6.7083e-02 0.0000e+00
        687 205.531858    0.04764     2.8583    171.500     63.619  50029.503    31.5580     7.9630     63.015    6.75518     7.9577    24.5779   12.16774 6.6975e-02 0.0000e+00
        688 205.531861    0.04771     2.8625    171.750     63.790  50030.172    31.5585     7.9633     63.184    6.75511     7.9581    24.5782   12.16762 6.6883e-02 0.0000e+00
        689 205.531863    0.04778     2.8667    172.000     63.926  50030.504    31.5587     7.9638     63.319    6.75503     7.9583    24.5783   12.16748 6.6812e-02 0.0000e+00
        690 205.531866    0.04785     2.8708    172.250     64.018  50030.502    31.5587     7.9642     63.410    6.75497 -9.990e-29    24.5783   12.16736 6.6759e-02 0.0000e+00
        691 205.531869    0.04792     2.8750    172.500     64.051  50030.443    31.5587     7.9644     63.443    6.75494 -9.990e-29    24.5782   12.16732 6.6738e-02 0.0000e+00
