CTD-processing/allCTD/CNV--turbid/2018_07-18_t6_s01_cast143.cnv
* Sea-Bird SBE19plus Data File:
* FileName = C:\Users\Kim.Powell\Desktop\Not Processed\2018\2018_07-18_AlongBay,T6,T7_5028\2018_07-18_TRANSECT_STATION_cast143.hex
* Software Version 1.59
* Temperature SN =  5028
* Conductivity SN =  5028
* System UpLoad Time = Jul 19 2018 13:02:38
** 2018_07-18
** Station: 6-01
** Start Time: 10:16
** Depth (m): 35.7
** Comment:
** Comment:
# nquan = 16
# nvalues = 651                         
# units = specified
# name 0 = scan: Scan Count
# name 1 = timeJ: Julian Days
# name 2 = timeH: Time, Elapsed [hours]
# name 3 = timeM: Time, Elapsed [minutes]
# name 4 = timeS: Time, Elapsed [seconds]
# name 5 = prdM: Pressure, Strain Gauge [db]
# name 6 = specc: Specific Conductance [uS/cm]
# name 7 = sal00: Salinity, Practical [PSU]
# name 8 = tv290C: Temperature [ITS-90, deg C]
# name 9 = depSM: Depth [salt water, m], lat = 59.00
# name 10 = oxsolML/L: Oxygen Saturation, Garcia & Gordon [ml/l]
# name 11 = potemp090C: Potential Temperature [ITS-90, deg C]
# name 12 = sigma-é00: Density [sigma-theta, kg/m^3]
# name 13 = n2satML/L: Nitrogen Saturation [ml/l]
# name 14 = par: PAR/Irradiance, Biospherical/Licor
# name 15 = flag:  0.000e+00
# span 0 =          1,        651       
# span 1 = 199.427836, 199.429716       
# span 2 =    0.00000,    0.04514       
# span 3 =     0.0000,     2.7083       
# span 4 =      0.000,    162.500       
# span 5 =     -0.002,     36.521       
# span 6 =      0.970,  50065.531       
# span 7 =     0.0060,    31.7409       
# span 8 =     8.6575,    11.5725       
# span 9 =     -0.002,     36.177       
# span 10 =    6.54715,    7.62056      
# span 11 =     8.6564,    11.5725      
# span 12 =    -0.4464,    24.5960      
# span 13 =   11.82612,   14.03707      
# span 14 = 1.9198e+00, 1.7109e+03      
# span 15 = 0.0000e+00, 0.0000e+00      
# interval = seconds: 0.25
# start_time = Jul 18 2018 10:16:05 [Instrument's time stamp, header]
# bad_flag = -9.990e-29
*END*
          1 199.427836    0.00000     0.0000      0.000     -0.002      1.028     0.0060    11.5405     -0.002    7.62056    11.5405    -0.4448   14.03707 1.5435e+03 0.0000e+00
          2 199.427839    0.00007     0.0042      0.250     -0.001      1.028     0.0060    11.5405     -0.001    7.62056    11.5405    -0.4448   14.03707 1.5480e+03 0.0000e+00
          3 199.427841    0.00014     0.0083      0.500     -0.001      1.033     0.0060    11.5405     -0.001    7.62056    11.5406    -0.4448   14.03706 1.5545e+03 0.0000e+00
          4 199.427844    0.00021     0.0125      0.750     -0.001      1.042     0.0060    11.5405     -0.001    7.62055    11.5407    -0.4448   14.03705 1.5627e+03 0.0000e+00
          5 199.427847    0.00028     0.0167      1.000     -0.001      1.043     0.0060    11.5406     -0.001    7.62054    11.5409    -0.4448   14.03703 1.5723e+03 0.0000e+00
          6 199.427850    0.00035     0.0208      1.250     -0.001      1.039     0.0060    11.5407     -0.001    7.62052    11.5412    -0.4449   14.03699 1.5808e+03 0.0000e+00
          7 199.427853    0.00042     0.0250      1.500     -0.001      1.037     0.0060    11.5409     -0.001    7.62048    11.5415    -0.4449   14.03693 1.5860e+03 0.0000e+00
          8 199.427856    0.00049     0.0292      1.750     -0.001      1.032     0.0060    11.5412     -0.001    7.62043    11.5418    -0.4449   14.03684 1.5865e+03 0.0000e+00
          9 199.427859    0.00056     0.0333      2.000     -0.001      1.023     0.0060    11.5415     -0.001    7.62038    11.5419    -0.4449   14.03676 1.5821e+03 0.0000e+00
         10 199.427862    0.00063     0.0375      2.250     -0.001      1.017     0.0060    11.5418     -0.001    7.62034    11.5420    -0.4450   14.03669 1.5763e+03 0.0000e+00
         11 199.427865    0.00069     0.0417      2.500     -0.001      1.013     0.0060    11.5419     -0.001    7.62031    11.5420    -0.4450   14.03664 1.5756e+03 0.0000e+00
         12 199.427867    0.00076     0.0458      2.750     -0.001      1.006     0.0060    11.5420     -0.001    7.62029    11.5419    -0.4450   14.03662 1.5844e+03 0.0000e+00
         13 199.427870    0.00083     0.0500      3.000     -0.001      0.997     0.0060    11.5420     -0.001    7.62030    11.5418    -0.4450   14.03662 1.6037e+03 0.0000e+00
         14 199.427873    0.00090     0.0542      3.250     -0.001      0.991     0.0060    11.5419     -0.001    7.62031    11.5418    -0.4450   14.03664 1.6264e+03 0.0000e+00
         15 199.427876    0.00097     0.0583      3.500     -0.001      0.986     0.0060    11.5418     -0.001    7.62032    11.5420    -0.4450   14.03666 1.6342e+03 0.0000e+00
         16 199.427879    0.00104     0.0625      3.750     -0.001      0.981     0.0060    11.5418     -0.001    7.62032    11.5423    -0.4450   14.03666 1.6076e+03 0.0000e+00
         17 199.427882    0.00111     0.0667      4.000     -0.001      0.974     0.0060    11.5420     -0.001    7.62030    11.5428    -0.4450   14.03662 1.5288e+03 0.0000e+00
         18 199.427885    0.00118     0.0708      4.250     -0.001      0.970     0.0060    11.5423     -0.001    7.62024    11.5434    -0.4451   14.03653 1.4644e+03 0.0000e+00
         19 199.427888    0.00125     0.0750      4.500     -0.001      0.971     0.0060    11.5428     -0.001    7.62016    11.5439    -0.4451   14.03638 1.5157e+03 0.0000e+00
         20 199.427891    0.00132     0.0792      4.750     -0.001      0.980     0.0060    11.5434     -0.001    7.62006    11.5443    -0.4452   14.03622 1.6260e+03 0.0000e+00
         21 199.427894    0.00139     0.0833      5.000     -0.001      0.992     0.0060    11.5439     -0.001    7.61998    11.5448    -0.4452   14.03607 1.6948e+03 0.0000e+00
         22 199.427896    0.00146     0.0875      5.250     -0.002      1.002     0.0060    11.5443     -0.002    7.61989    11.5451    -0.4453   14.03594 1.7109e+03 0.0000e+00
         23 199.427899    0.00153     0.0917      5.500     -0.002      1.011     0.0060    11.5448     -0.002    7.61982    11.5455    -0.4453   14.03581 1.6932e+03 0.0000e+00
         24 199.427902    0.00160     0.0958      5.750     -0.001      1.018     0.0060    11.5451     -0.001    7.61975    11.5458    -0.4454   14.03569 1.6640e+03 0.0000e+00
         25 199.427905    0.00167     0.1000      6.000     -0.001      1.022     0.0060    11.5455     -0.001    7.61968    11.5462    -0.4454   14.03558 1.6399e+03 0.0000e+00
         26 199.427908    0.00174     0.1042      6.250     -0.001      1.024     0.0060    11.5458     -0.001    7.61962    11.5467    -0.4454   14.03548 1.6281e+03 0.0000e+00
         27 199.427911    0.00181     0.1083      6.500     -0.001      1.025     0.0060    11.5462     -0.001    7.61955    11.5471    -0.4455   14.03536 1.6233e+03 0.0000e+00
         28 199.427914    0.00187     0.1125      6.750     -0.001      1.025     0.0060    11.5467     -0.001    7.61948    11.5475    -0.4455   14.03524 1.6113e+03 0.0000e+00
         29 199.427917    0.00194     0.1167      7.000     -0.000      1.025     0.0060    11.5471     -0.000    7.61941    11.5480    -0.4456   14.03512 1.5779e+03 0.0000e+00
         30 199.427920    0.00201     0.1208      7.250     -0.000      1.023     0.0060    11.5475     -0.000    7.61934    11.5484    -0.4456   14.03499 1.5110e+03 0.0000e+00
         31 199.427922    0.00208     0.1250      7.500     -0.001      1.019     0.0060    11.5480     -0.001    7.61925    11.5489    -0.4456   14.03485 1.4054e+03 0.0000e+00
         32 199.427925    0.00215     0.1292      7.750     -0.001      1.018     0.0060    11.5484     -0.001    7.61917    11.5494    -0.4457   14.03471 1.2579e+03 0.0000e+00
         33 199.427928    0.00222     0.1333      8.000     -0.001      1.026     0.0060    11.5489     -0.001    7.61910    11.5502    -0.4457   14.03459 1.1211e+03 0.0000e+00
         34 199.427931    0.00229     0.1375      8.250     -0.001      1.044     0.0060    11.5494     -0.001    7.61901    11.5514    -0.4458   14.03444 1.0740e+03 0.0000e+00
         35 199.427934    0.00236     0.1417      8.500     -0.000      1.079     0.0060    11.5502     -0.000    7.61887    11.5530    -0.4459   14.03420 1.0769e+03 0.0000e+00
         36 199.427937    0.00243     0.1458      8.750     -0.000      1.139     0.0061    11.5514     -0.000    7.61865    11.5550    -0.4460   14.03384 1.0279e+03 0.0000e+00
         37 199.427940    0.00250     0.1500      9.000     -0.001      1.237     0.0061    11.5530     -0.001    7.61836    11.5571    -0.4461   14.03335 9.4316e+02 0.0000e+00
         38 199.427943    0.00257     0.1542      9.250     -0.001      1.394     0.0062    11.5550     -0.001    7.61802    11.5591    -0.4462   14.03276 9.2546e+02 0.0000e+00
         39 199.427946    0.00264     0.1583      9.500     -0.001      1.636     0.0064    11.5571     -0.001    7.61764    11.5611    -0.4463   14.03212 1.0010e+03 0.0000e+00
         40 199.427948    0.00271     0.1625      9.750     -0.001      2.031     0.0066    11.5591     -0.001    7.61727    11.5630    -0.4464   14.03148 1.1336e+03 0.0000e+00
         41 199.427951    0.00278     0.1667     10.000     -0.001      2.694     0.0071    11.5611     -0.001    7.61690    11.5649    -0.4463   14.03086 1.2779e+03 0.0000e+00
         42 199.427954    0.00285     0.1708     10.250     -0.001      3.807     0.0078    11.5630     -0.001    7.61655    11.5669    -0.4459   14.03025 1.3783e+03 0.0000e+00
         43 199.427957    0.00292     0.1750     10.500     -0.001      5.672     0.0089    11.5649     -0.001    7.61616    11.5687    -0.4452   14.02958 1.4134e+03 0.0000e+00
         44 199.427960    0.00299     0.1792     10.750     -0.001      8.781     0.0109    11.5669     -0.001    7.61573    11.5703    -0.4439   14.02883 1.3841e+03 0.0000e+00
         45 199.427963    0.00306     0.1833     11.000     -0.001     13.962     0.0141    11.5687     -0.001    7.61526    11.5715    -0.4416   14.02799 1.2835e+03 0.0000e+00
         46 199.427966    0.00313     0.1875     11.250     -0.001     22.595     0.0195    11.5703     -0.001    7.61474    11.5722    -0.4375   14.02703 1.1789e+03 0.0000e+00
         47 199.427969    0.00319     0.1917     11.500     -0.001     36.973     0.0285    11.5715     -0.001    7.61412    11.5725    -0.4307   14.02588 1.1371e+03 0.0000e+00
         48 199.427972    0.00326     0.1958     11.750     -0.000     60.939     0.0435    11.5722     -0.000    7.61331    11.5724    -0.4191   14.02432 1.1439e+03 0.0000e+00
         49 199.427975    0.00333     0.2000     12.000      0.000    100.890     0.0686    11.5725      0.000    7.61211    11.5713    -0.3997   14.02196 1.1955e+03 0.0000e+00
         50 199.427977    0.00340     0.2042     12.250      0.001    167.476     0.1103    11.5724      0.001    7.61023    11.5682    -0.3673   14.01824 1.2428e+03 0.0000e+00
         51 199.427980    0.00347     0.2083     12.500      0.002    278.451     0.1798    11.5713      0.002    7.60725    11.5619    -0.3131   14.01233 1.2636e+03 0.0000e+00
         52 199.427983    0.00354     0.2125     12.750      0.003    463.397     0.2957    11.5682      0.003    7.60250    11.5500    -0.2227   14.00282 1.2933e+03 0.0000e+00
         53 199.427986    0.00361     0.2167     13.000      0.006    771.629     0.4888    11.5619      0.006    7.59480    11.5287    -0.0720   13.98732 1.3200e+03 0.0000e+00
         54 199.427989    0.00368     0.2208     13.250      0.010   1285.359     0.8107    11.5500      0.010    7.58220    11.4920     0.1795   13.96190 1.3343e+03 0.0000e+00
         55 199.427992    0.00375     0.2250     13.500      0.016   2141.582     1.3472    11.5287      0.016    7.56144    11.4302     0.5986   13.91995 1.3397e+03 0.0000e+00
         56 199.427995    0.00382     0.2292     13.750      0.027   3568.619     2.2414    11.4920      0.027    7.52706    11.3267     1.2974   13.85039 1.3353e+03 0.0000e+00
         57 199.427998    0.00389     0.2333     14.000      0.046   5947.015     3.7316    11.4302      0.045    7.46989    11.1542     2.4621   13.73468 1.3249e+03 0.0000e+00
         58 199.428001    0.00396     0.2375     14.250      0.077   9910.998     6.2154    11.3267      0.076    7.37467    10.8765     4.4033   13.54193 1.3074e+03 0.0000e+00
         59 199.428003    0.00403     0.2417     14.500      0.129  16517.615    10.3550    11.1542      0.128    7.21598    10.4939     7.6386   13.22069 1.2690e+03 0.0000e+00
         60 199.428006    0.00410     0.2458     14.750      0.209  25413.989    15.9617    10.8765      0.207    7.00843    10.0762    12.0281   12.79851 1.1892e+03 0.0000e+00
         61 199.428009    0.00417     0.2500     15.000      0.314  33770.133    21.2826    10.4939      0.311    6.83040     9.7050    16.2138   12.43048 1.0394e+03 0.0000e+00
         62 199.428012    0.00424     0.2542     15.250      0.428  39651.264    25.0526    10.0763      0.424    6.72642     9.4178    19.2040   12.20720 8.5427e+02 0.0000e+00
         63 199.428015    0.00431     0.2583     15.500      0.527  43400.971    27.4544     9.7051      0.522    6.67559     9.2141    21.1262   12.09070 7.2213e+02 0.0000e+00
         64 199.428018    0.00438     0.2625     15.750      0.598  45786.062    28.9817     9.4179      0.592    6.65084     9.0768    22.3568   12.02928 6.5691e+02 0.0000e+00
         65 199.428021    0.00444     0.2667     16.000      0.642  47302.232    29.9535     9.2142      0.635    6.63825     8.9873    23.1434   11.99549 6.3240e+02 0.0000e+00
         66 199.428024    0.00451     0.2708     16.250      0.667  48263.704    30.5708     9.0769      0.660    6.63144     8.9304    23.6443   11.97603 6.2751e+02 0.0000e+00
         67 199.428027    0.00458     0.2750     16.500      0.680  48873.518    30.9633     8.9874      0.673    6.62747     8.8953    23.9633   11.96429 6.2445e+02 0.0000e+00
         68 199.428030    0.00465     0.2792     16.750      0.685  49261.846    31.2141     8.9304      0.678    6.62491     8.8749    24.1672   11.95675 6.3043e+02 0.0000e+00
         69 199.428032    0.00472     0.2833     17.000      0.686  49509.246    31.3746     8.8954      0.679    6.62307     8.8645    24.2975   11.95161 6.4985e+02 0.0000e+00
         70 199.428035    0.00479     0.2875     17.250      0.686  49665.924    31.4768     8.8749      0.679    6.62164     8.8608    24.3801   11.94790 6.7810e+02 0.0000e+00
         71 199.428038    0.00486     0.2917     17.500      0.687  49765.372    31.5422     8.8646      0.680    6.62032     8.8601    24.4326   11.94487 7.1718e+02 0.0000e+00
         72 199.428041    0.00493     0.2958     17.750      0.689  49828.561    31.5842     8.8608      0.683    6.61904     8.8596    24.4660   11.94222 7.4442e+02 0.0000e+00
         73 199.428044    0.00500     0.3000     18.000      0.693  49867.649    31.6105     8.8602      0.687    6.61800     8.8574    24.4866   11.94014 7.4300e+02 0.0000e+00
         74 199.428047    0.00507     0.3042     18.250      0.698  49890.297    31.6257     8.8597      0.692    6.61741     8.8530    24.4985   11.93898 7.3704e+02 0.0000e+00
         75 199.428050    0.00514     0.3083     18.500      0.702  49902.487    31.6336     8.8575      0.696    6.61738     8.8464    24.5050   11.93883 7.3310e+02 0.0000e+00
         76 199.428053    0.00521     0.3125     18.750      0.703  49908.864    31.6372     8.8531      0.697    6.61788     8.8381    24.5084   11.93960 7.2707e+02 0.0000e+00
         77 199.428056    0.00528     0.3167     19.000      0.700  49911.963    31.6383     8.8464      0.694    6.61881     8.8294    24.5103   11.94113 7.1164e+02 0.0000e+00
         78 199.428058    0.00535     0.3208     19.250      0.696  49914.047    31.6384     8.8382      0.690    6.62002     8.8212    24.5117   11.94314 7.0515e+02 0.0000e+00
         79 199.428061    0.00542     0.3250     19.500      0.692  49920.317    31.6415     8.8294      0.685    6.62118     8.8145    24.5154   11.94502 7.3458e+02 0.0000e+00
         80 199.428064    0.00549     0.3292     19.750      0.688  49937.713    31.6525     8.8213      0.681    6.62191     8.8095    24.5253   11.94608 7.5474e+02 0.0000e+00
         81 199.428067    0.00556     0.3333     20.000      0.685  49968.607    31.6733     8.8146      0.678    6.62201     8.8060    24.5425   11.94600 7.2478e+02 0.0000e+00
         82 199.428070    0.00562     0.3375     20.250      0.682  50003.218    31.6969     8.8096      0.675    6.62174     8.8034    24.5617   11.94526 6.7209e+02 0.0000e+00
         83 199.428073    0.00569     0.3417     20.500      0.678  50023.568    31.7107     8.8061      0.672    6.62167     8.8015    24.5730   11.94498 6.3754e+02 0.0000e+00
         84 199.428076    0.00576     0.3458     20.750      0.677  50022.234    31.7094     8.8035      0.671    6.62211     8.8004    24.5724   11.94573 6.2978e+02 0.0000e+00
         85 199.428079    0.00583     0.3500     21.000      0.681  50010.040    31.7005     8.8015      0.674    6.62278     8.8005    24.5657   11.94694 6.2839e+02 0.0000e+00
         86 199.428082    0.00590     0.3542     21.250      0.687  50001.750    31.6945     8.8005      0.681    6.62319     8.8014    24.5612   11.94770 6.2017e+02 0.0000e+00
         87 199.428084    0.00597     0.3583     21.500      0.694  50001.425    31.6943     8.8006      0.688    6.62319     8.8021    24.5610   11.94770 6.2444e+02 0.0000e+00
         88 199.428087    0.00604     0.3625     21.750      0.698  50003.341    31.6958     8.8015      0.692    6.62299     8.8016    24.5620   11.94735 6.6375e+02 0.0000e+00
         89 199.428090    0.00611     0.3667     22.000      0.698  50000.667    31.6940     8.8022      0.692    6.62296     8.7999    24.5605   11.94733 7.1488e+02 0.0000e+00
         90 199.428093    0.00618     0.3708     22.250      0.694  49992.913    31.6885     8.8017      0.688    6.62326     8.7979    24.5563   11.94790 7.4764e+02 0.0000e+00
