CTD-processing/allCTD/CNV--turbid/2018_08-23_t9_s03_cast210.cnv
* Sea-Bird SBE19plus Data File:
* FileName = C:\Users\Kim.Powell\Desktop\Not Processed\2018\2018_08-23_AlongBay, T9_5028\2018_08-23_TRANSECT_STATION_cast210.hex
* Software Version 1.59
* Temperature SN =  5028
* Conductivity SN =  5028
* System UpLoad Time = Aug 31 2018 10:31:09
** 2018_08-23
** Station: 9-03
** Start Time: 14:43
** Depth (m): 94
** Comment: 3 tufted puffins - not foraging
** Comment: out of order in field notes
# nquan = 16
# nvalues = 753                         
# units = specified
# name 0 = scan: Scan Count
# name 1 = timeJ: Julian Days
# name 2 = timeH: Time, Elapsed [hours]
# name 3 = timeM: Time, Elapsed [minutes]
# name 4 = timeS: Time, Elapsed [seconds]
# name 5 = prdM: Pressure, Strain Gauge [db]
# name 6 = specc: Specific Conductance [uS/cm]
# name 7 = sal00: Salinity, Practical [PSU]
# name 8 = tv290C: Temperature [ITS-90, deg C]
# name 9 = depSM: Depth [salt water, m], lat = 59.00
# name 10 = oxsolML/L: Oxygen Saturation, Garcia & Gordon [ml/l]
# name 11 = potemp090C: Potential Temperature [ITS-90, deg C]
# name 12 = sigma-é00: Density [sigma-theta, kg/m^3]
# name 13 = n2satML/L: Nitrogen Saturation [ml/l]
# name 14 = par: PAR/Irradiance, Biospherical/Licor
# name 15 = flag:  0.000e+00
# span 0 =          1,        753       
# span 1 = 235.612928, 235.615104       
# span 2 =    0.00000,    0.05222       
# span 3 =     0.0000,     3.1333       
# span 4 =      0.000,    188.000       
# span 5 =     -0.100,     92.288       
# span 6 =   3855.885,  49498.075       
# span 7 =     2.2047,    31.3570       
# span 8 =     9.1964,    11.5548       
# span 9 =     -0.099,     91.405       
# span 10 =    6.36409,    7.57968      
# span 11 =     9.1868,    11.5547      
# span 12 =     1.3025,    24.2381      
# span 13 =   11.53701,   13.93864      
# span 14 = 5.7812e-02, 2.0370e+02      
# span 15 = 0.0000e+00, 0.0000e+00      
# interval = seconds: 0.25
# start_time = Aug 23 2018 14:42:37 [Instrument's time stamp, header]
# bad_flag = -9.990e-29
*END*
          1 235.612928    0.00000     0.0000      0.000     -0.100   3855.885     2.2047    11.1974     -0.099    7.57968    11.2103     1.3025   13.93864 2.0370e+02 0.0000e+00
          2 235.612931    0.00007     0.0042      0.250     -0.087   5213.429     3.0662    11.2022     -0.086    7.54054    11.2235     1.9694   13.86161 1.9847e+02 0.0000e+00
          3 235.612934    0.00014     0.0083      0.500     -0.067   7484.604     4.5065    11.2103     -0.066    7.47511    11.2456     3.0844   13.73280 1.9135e+02 0.0000e+00
          4 235.612937    0.00021     0.0125      0.750     -0.033  11281.549     6.9131    11.2236     -0.032    7.36578    11.2815     4.9475   13.51756 1.8268e+02 0.0000e+00
          5 235.612940    0.00028     0.0167      1.000      0.023  17624.905    10.9320    11.2456      0.023    7.18318    11.3321     8.0588   13.15809 1.7234e+02 0.0000e+00
          6 235.612943    0.00035     0.0208      1.250      0.111  25763.513    16.0992    11.2815      0.110    6.94780    11.3883    12.0581   12.69511 1.5912e+02 0.0000e+00
          7 235.612946    0.00042     0.0250      1.500      0.225  32632.037    20.4815    11.3321      0.223    6.74616    11.4389    15.4465   12.29953 1.4063e+02 0.0000e+00
          8 235.612948    0.00049     0.0292      1.750      0.350  36938.785    23.2415    11.3883      0.347    6.61618    11.4784    17.5765   12.04562 1.1903e+02 0.0000e+00
          9 235.612951    0.00056     0.0333      2.000      0.462  39502.831    24.8850    11.4390      0.458    6.53636    11.5064    18.8419   11.89038 1.0153e+02 0.0000e+00
         10 235.612954    0.00063     0.0375      2.250      0.546  41027.618    25.8625    11.4785      0.541    6.48756    11.5247    19.5929   11.79583 9.0283e+01 0.0000e+00
         11 235.612957    0.00069     0.0417      2.500      0.602  41937.424    26.4458    11.5065      0.597    6.45782    11.5359    20.0404   11.73837 8.3059e+01 0.0000e+00
         12 235.612960    0.00076     0.0458      2.750      0.639  42484.027    26.7964    11.5248      0.633    6.43974    11.5420    20.3091   11.70349 7.9253e+01 0.0000e+00
         13 235.612963    0.00083     0.0500      3.000      0.662  42817.856    27.0109    11.5360      0.655    6.42870    11.5447    20.4734   11.68220 7.8670e+01 0.0000e+00
         14 235.612966    0.00090     0.0542      3.250      0.675  43026.334    27.1453    11.5421      0.669    6.42193    11.5456    20.5765   11.66912 7.9869e+01 0.0000e+00
         15 235.612969    0.00097     0.0583      3.500      0.681  43160.457    27.2321    11.5448      0.675    6.41774    11.5457    20.6434   11.66098 8.1573e+01 0.0000e+00
         16 235.612972    0.00104     0.0625      3.750      0.681  43250.675    27.2909    11.5457      0.675    6.41506    11.5457    20.6889   11.65574 8.3450e+01 0.0000e+00
         17 235.612975    0.00111     0.0667      4.000      0.679  43310.596    27.3302    11.5458      0.673    6.41335    11.5459    20.7193   11.65238 8.4939e+01 0.0000e+00
         18 235.612977    0.00118     0.0708      4.250      0.679  43343.119    27.3514    11.5458      0.673    6.41243    11.5465    20.7357   11.65057 8.5586e+01 0.0000e+00
         19 235.612980    0.00125     0.0750      4.500      0.683  43354.512    27.3585    11.5460      0.676    6.41208    11.5472    20.7411   11.64987 8.5350e+01 0.0000e+00
         20 235.612983    0.00132     0.0792      4.750      0.692  43355.887    27.3589    11.5465      0.685    6.41196    11.5478    20.7414   11.64966 8.4567e+01 0.0000e+00
         21 235.612986    0.00139     0.0833      5.000      0.703  43354.744    27.3579    11.5472      0.696    6.41189    11.5481    20.7405   11.64956 8.4189e+01 0.0000e+00
         22 235.612989    0.00146     0.0875      5.250      0.711  43353.957    27.3572    11.5478      0.704    6.41183    11.5482    20.7398   11.64947 8.4692e+01 0.0000e+00
         23 235.612992    0.00153     0.0917      5.500      0.713  43355.926    27.3585    11.5482      0.706    6.41173    11.5481    20.7408   11.64928 8.6005e+01 0.0000e+00
         24 235.612995    0.00160     0.0958      5.750      0.706  43362.731    27.3632    11.5483      0.700    6.41152    11.5477    20.7444   11.64887 8.7969e+01 0.0000e+00
         25 235.612998    0.00167     0.1000      6.000      0.695  43373.525    27.3706    11.5482      0.689    6.41123    11.5469    20.7502   11.64830 8.9836e+01 0.0000e+00
         26 235.613001    0.00174     0.1042      6.250      0.684  43384.684    27.3783    11.5478      0.678    6.41098    11.5458    20.7563   11.64778 9.0943e+01 0.0000e+00
         27 235.613003    0.00181     0.1083      6.500      0.677  43394.198    27.3849    11.5470      0.671    6.41082    11.5445    20.7615   11.64743 9.1078e+01 0.0000e+00
         28 235.613006    0.00187     0.1125      6.750      0.678  43402.897    27.3909    11.5459      0.672    6.41073    11.5430    20.7663   11.64721 9.0260e+01 0.0000e+00
         29 235.613009    0.00194     0.1167      7.000      0.686  43409.795    27.3955    11.5445      0.680    6.41072    11.5415    20.7701   11.64715 8.8992e+01 0.0000e+00
         30 235.613012    0.00201     0.1208      7.250      0.698  43412.418    27.3972    11.5431      0.691    6.41085    11.5400    20.7717   11.64735 8.7756e+01 0.0000e+00
         31 235.613015    0.00208     0.1250      7.500      0.708  43412.305    27.3970    11.5416      0.701    6.41107    11.5386    20.7718   11.64771 8.6854e+01 0.0000e+00
         32 235.613018    0.00215     0.1292      7.750      0.712  43414.997    27.3988    11.5401      0.705    6.41120    11.5370    20.7734   11.64791 8.6406e+01 0.0000e+00
         33 235.613021    0.00222     0.1333      8.000      0.707  43425.754    27.4062    11.5387      0.701    6.41111    11.5349    20.7794   11.64766 8.6184e+01 0.0000e+00
         34 235.613024    0.00229     0.1375      8.250      0.697  43449.519    27.4226    11.5371      0.691    6.41066    11.5319    20.7924   11.64672 8.6010e+01 0.0000e+00
         35 235.613027    0.00236     0.1417      8.500      0.686  43487.329    27.4488    11.5350      0.680    6.40988    11.5278    20.8131   11.64512 8.5717e+01 0.0000e+00
         36 235.613030    0.00243     0.1458      8.750      0.677  43533.808    27.4809    11.5320      0.671    6.40899    11.5232    20.8385   11.64326 8.5326e+01 0.0000e+00
         37 235.613032    0.00250     0.1500      9.000      0.674  43582.063    27.5142    11.5279      0.668    6.40820    11.5184    20.8650   11.64154 8.5273e+01 0.0000e+00
         38 235.613035    0.00257     0.1542      9.250      0.677  43625.367    27.5440    11.5233      0.671    6.40764    11.5139    20.8889   11.64025 8.5704e+01 0.0000e+00
         39 235.613038    0.00264     0.1583      9.500      0.685  43661.371    27.5687    11.5185      0.679    6.40729    11.5098    20.9089   11.63938 8.6126e+01 0.0000e+00
         40 235.613041    0.00271     0.1625      9.750      0.696  43692.098    27.5898    11.5140      0.690    6.40706    11.5062    20.9260   11.63874 8.6089e+01 0.0000e+00
         41 235.613044    0.00278     0.1667     10.000      0.708  43716.601    27.6065    11.5099      0.701    6.40694    11.5031    20.9396   11.63834 8.5783e+01 0.0000e+00
         42 235.613047    0.00285     0.1708     10.250      0.715  43730.378    27.6158    11.5063      0.708    6.40706    11.5005    20.9474   11.63843 8.5764e+01 0.0000e+00
         43 235.613050    0.00292     0.1750     10.500      0.714  43733.283    27.6176    11.5032      0.707    6.40742    11.4982    20.9493   11.63900 8.6364e+01 0.0000e+00
         44 235.613053    0.00299     0.1792     10.750      0.704  43736.791    27.6198    11.5006      0.698    6.40770    11.4962    20.9515   11.63944 8.7732e+01 0.0000e+00
         45 235.613056    0.00306     0.1833     11.000      0.690  43757.187    27.6338    11.4983      0.684    6.40744    11.4943    20.9628   11.63885 8.9874e+01 0.0000e+00
         46 235.613058    0.00313     0.1875     11.250      0.676  43796.576    27.6611    11.4962      0.670    6.40661    11.4924    20.9843   11.63714 9.1806e+01 0.0000e+00
         47 235.613061    0.00319     0.1917     11.500      0.669  43837.798    27.6898    11.4943      0.663    6.40571    11.4907    21.0069   11.63531 9.2352e+01 0.0000e+00
         48 235.613064    0.00326     0.1958     11.750      0.672  43861.953    27.7065    11.4925      0.666    6.40529    11.4893    21.0201   11.63441 9.1926e+01 0.0000e+00
         49 235.613067    0.00333     0.2000     12.000      0.679  43859.902    27.7049    11.4908      0.673    6.40559    11.4881    21.0192   11.63492 9.1696e+01 0.0000e+00
         50 235.613070    0.00340     0.2042     12.250      0.684  43834.869    27.6872    11.4894      0.678    6.40650    11.4869    21.0057   11.63664 9.2367e+01 0.0000e+00
         51 235.613073    0.00347     0.2083     12.500      0.676  43806.012    27.6670    11.4882      0.670    6.40749    11.4859    20.9902   11.63852 9.3801e+01 0.0000e+00
         52 235.613076    0.00354     0.2125     12.750      0.656  43790.949    27.6563    11.4870      0.650    6.40807    11.4852    20.9822   11.63963 9.5765e+01 0.0000e+00
         53 235.613079    0.00361     0.2167     13.000      0.631  43788.296    27.6544    11.4860      0.625    6.40830    11.4849    20.9809   11.64002 9.7602e+01 0.0000e+00
         54 235.613082    0.00368     0.2208     13.250      0.607  43792.231    27.6571    11.4853      0.602    6.40829    11.4850    20.9831   11.63998 9.8139e+01 0.0000e+00
         55 235.613084    0.00375     0.2250     13.500      0.590  43802.674    27.6644    11.4850      0.585    6.40803    11.4853    20.9888   11.63947 9.8093e+01 0.0000e+00
         56 235.613087    0.00382     0.2292     13.750      0.582  43815.979    27.6737    11.4850      0.577    6.40765    11.4856    20.9960   11.63871 9.8168e+01 0.0000e+00
         57 235.613090    0.00389     0.2333     14.000      0.582  43824.020    27.6793    11.4853      0.577    6.40738    11.4858    21.0003   11.63820 9.7959e+01 0.0000e+00
         58 235.613093    0.00396     0.2375     14.250      0.587  43823.993    27.6793    11.4857      0.581    6.40733    11.4857    21.0003   11.63813 9.8113e+01 0.0000e+00
         59 235.613096    0.00403     0.2417     14.500      0.592  43819.788    27.6764    11.4859      0.586    6.40743    11.4853    20.9980   11.63831 9.8979e+01 0.0000e+00
         60 235.613099    0.00410     0.2458     14.750      0.595  43816.336    27.6740    11.4858      0.590    6.40754    11.4847    20.9961   11.63852 9.9770e+01 0.0000e+00
         61 235.613102    0.00417     0.2500     15.000      0.597  43817.719    27.6749    11.4853      0.592    6.40755    11.4841    20.9969   11.63854 1.0007e+02 0.0000e+00
         62 235.613105    0.00424     0.2542     15.250      0.599  43825.645    27.6804    11.4847      0.593    6.40741    11.4836    21.0012   11.63825 1.0013e+02 0.0000e+00
         63 235.613108    0.00431     0.2583     15.500      0.600  43836.304    27.6878    11.4841      0.595    6.40720    11.4831    21.0071   11.63781 1.0010e+02 0.0000e+00
         64 235.613111    0.00438     0.2625     15.750      0.601  43843.367    27.6926    11.4836      0.596    6.40707    11.4828    21.0110   11.63753 1.0002e+02 0.0000e+00
         65 235.613113    0.00444     0.2667     16.000      0.598  43846.626    27.6949    11.4832      0.593    6.40704    11.4825    21.0128   11.63745 1.0013e+02 0.0000e+00
         66 235.613116    0.00451     0.2708     16.250      0.591  43851.611    27.6983    11.4828      0.586    6.40695    11.4822    21.0155   11.63726 1.0052e+02 0.0000e+00
         67 235.613119    0.00458     0.2750     16.500      0.582  43863.922    27.7069    11.4826      0.577    6.40664    11.4817    21.0222   11.63664 1.0095e+02 0.0000e+00
         68 235.613122    0.00465     0.2792     16.750      0.575  43884.310    27.7211    11.4823      0.569    6.40610    11.4810    21.0333   11.63559 1.0122e+02 0.0000e+00
         69 235.613125    0.00472     0.2833     17.000      0.573  43905.757    27.7361    11.4818      0.567    6.40556    11.4798    21.0449   11.63451 1.0097e+02 0.0000e+00
         70 235.613128    0.00479     0.2875     17.250      0.579  43918.953    27.7452    11.4810      0.573    6.40530    11.4784    21.0522   11.63396 1.0048e+02 0.0000e+00
         71 235.613131    0.00486     0.2917     17.500      0.588  43918.700    27.7449    11.4799      0.583    6.40547    11.4770    21.0521   11.63425 1.0031e+02 0.0000e+00
         72 235.613134    0.00493     0.2958     17.750      0.597  43907.914    27.7372    11.4784      0.592    6.40598    11.4756    21.0464   11.63518 1.0002e+02 0.0000e+00
         73 235.613137    0.00500     0.3000     18.000      0.601  43896.599    27.7292    11.4770      0.595    6.40650    11.4744    21.0405   11.63615 9.9837e+01 0.0000e+00
         74 235.613139    0.00507     0.3042     18.250      0.597  43893.769    27.7271    11.4757      0.591    6.40677    11.4734    21.0391   11.63662 1.0000e+02 0.0000e+00
         75 235.613142    0.00514     0.3083     18.500      0.587  43902.039    27.7328    11.4745      0.582    6.40671    11.4726    21.0437   11.63644 9.9661e+01 0.0000e+00
         76 235.613145    0.00521     0.3125     18.750      0.578  43917.428    27.7435    11.4735      0.572    6.40641    11.4720    21.0521   11.63583 9.9044e+01 0.0000e+00
         77 235.613148    0.00528     0.3167     19.000      0.572  43931.419    27.7532    11.4727      0.566    6.40613    11.4715    21.0598   11.63524 9.9196e+01 0.0000e+00
         78 235.613151    0.00535     0.3208     19.250      0.572  43935.220    27.7558    11.4721      0.566    6.40610    11.4710    21.0619   11.63517 9.9858e+01 0.0000e+00
         79 235.613154    0.00542     0.3250     19.500      0.576  43927.239    27.7501    11.4716      0.570    6.40640    11.4704    21.0576   11.63573 1.0030e+02 0.0000e+00
         80 235.613157    0.00549     0.3292     19.750      0.581  43914.704    27.7413    11.4711      0.576    6.40683    11.4695    21.0509   11.63655 1.0061e+02 0.0000e+00
         81 235.613160    0.00556     0.3333     20.000      0.586  43905.419    27.7348    11.4705      0.580    6.40718    11.4686    21.0459   11.63722 1.0096e+02 0.0000e+00
         82 235.613163    0.00562     0.3375     20.250      0.589  43901.728    27.7321    11.4696      0.584    6.40740    11.4677    21.0440   11.63762 1.0101e+02 0.0000e+00
         83 235.613166    0.00569     0.3417     20.500      0.590  43900.892    27.7314    11.4687      0.585    6.40756    11.4671    21.0436   11.63788 1.0077e+02 0.0000e+00
         84 235.613168    0.00576     0.3458     20.750      0.589  43899.134    27.7301    11.4678      0.584    6.40773    11.4665    21.0427   11.63818 1.0122e+02 0.0000e+00
         85 235.613171    0.00583     0.3500     21.000      0.586  43896.296    27.7281    11.4671      0.581    6.40791    11.4661    21.0413   11.63850 1.0234e+02 0.0000e+00
         86 235.613174    0.00590     0.3542     21.250      0.581  43896.346    27.7281    11.4665      0.576    6.40798    11.4657    21.0413   11.63863 1.0325e+02 0.0000e+00
         87 235.613177    0.00597     0.3583     21.500      0.575  43903.086    27.7328    11.4661      0.570    6.40786    11.4655    21.0450   11.63836 1.0389e+02 0.0000e+00
         88 235.613180    0.00604     0.3625     21.750      0.572  43915.329    27.7413    11.4657      0.567    6.40756    11.4656    21.0517   11.63777 1.0400e+02 0.0000e+00
         89 235.613183    0.00611     0.3667     22.000      0.574  43926.043    27.7487    11.4655      0.568    6.40729    11.4658    21.0575   11.63722 1.0313e+02 0.0000e+00
         90 235.613186    0.00618     0.3708     22.250      0.579  43928.184    27.7502    11.4656      0.574    6.40722    11.4661    21.0587   11.63709 1.0175e+02 0.0000e+00
