CTD-processing/allCTD/CNV--turbid/2018_09-13_t4_s02_cast014.cnv
* Sea-Bird SBE19plus Data File:
* FileName = C:\Users\Kim.Powell\Desktop\Not Processed\2018\2018_09-13_T3, T4, T9_5028\2018_09-13_TRANSECT_STATION_cast014.hex
* Software Version 1.59
* Temperature SN =  5028
* Conductivity SN =  5028
* System UpLoad Time = Sep 14 2018 16:00:59
** 2018_09-13
** Station: 4-02
** Start Time: 13:23
** Depth (m): 100
** Comment:
** Comment:
# nquan = 16
# nvalues = 746                         
# units = specified
# name 0 = scan: Scan Count
# name 1 = timeJ: Julian Days
# name 2 = timeH: Time, Elapsed [hours]
# name 3 = timeM: Time, Elapsed [minutes]
# name 4 = timeS: Time, Elapsed [seconds]
# name 5 = prdM: Pressure, Strain Gauge [db]
# name 6 = specc: Specific Conductance [uS/cm]
# name 7 = sal00: Salinity, Practical [PSU]
# name 8 = tv290C: Temperature [ITS-90, deg C]
# name 9 = depSM: Depth [salt water, m], lat = 59.00
# name 10 = oxsolML/L: Oxygen Saturation, Garcia & Gordon [ml/l]
# name 11 = potemp090C: Potential Temperature [ITS-90, deg C]
# name 12 = sigma-é00: Density [sigma-theta, kg/m^3]
# name 13 = n2satML/L: Nitrogen Saturation [ml/l]
# name 14 = par: PAR/Irradiance, Biospherical/Licor
# name 15 = flag:  0.000e+00
# span 0 =          1,        746       
# span 1 = 256.558264, 256.560420       
# span 2 =    0.00000,    0.05174       
# span 3 =     0.0000,     3.1042       
# span 4 =      0.000,    186.250       
# span 5 =      0.595,     98.301       
# span 6 =  48661.333,  49155.518       
# span 7 =    30.9240,    31.1501       
# span 8 =     9.4053,    10.1567       
# span 9 =      0.590,     97.359       
# span 10 =    6.45940,    6.56069      
# span 11 =     9.3971,    10.1330      
# span 12 =    23.7521,    24.0353      
# span 13 =   11.68566,   11.85168      
# span 14 = 5.3989e-02, 1.1252e+03      
# span 15 = 0.0000e+00, 0.0000e+00      
# interval = seconds: 0.25
# start_time = Sep 13 2018 13:23:54 [Instrument's time stamp, header]
# bad_flag = -9.990e-29
*END*
[from data line 724]
        725 256.560359    0.05028     3.0167    181.000     94.182  49150.150    31.1482     9.4632     93.281    6.54946     9.4522    24.0334   11.83226 5.4113e-02 0.0000e+00
        726 256.560362    0.05035     3.0208    181.250     94.404  49150.821    31.1485     9.4628     93.501    6.54952     9.4518    24.0337   11.83234 5.4109e-02 0.0000e+00
        727 256.560365    0.05042     3.0250    181.500     94.628  49151.581    31.1489     9.4623     93.722    6.54958     9.4514    24.0341   11.83243 5.4092e-02 0.0000e+00
        728 256.560367    0.05049     3.0292    181.750     94.851  49152.291    31.1493     9.4618     93.944    6.54963     9.4512    24.0345   11.83251 5.4070e-02 0.0000e+00
        729 256.560370    0.05056     3.0333    182.000     95.073  49152.865    31.1495     9.4615     94.163    6.54966     9.4510    24.0347   11.83257 5.4064e-02 0.0000e+00
        730 256.560373    0.05063     3.0375    182.250     95.292  49153.318    31.1497     9.4612     94.380    6.54969     9.4509    24.0349   11.83261 5.4068e-02 0.0000e+00
        731 256.560376    0.05069     3.0417    182.500     95.509  49153.685    31.1498     9.4611     94.594    6.54971     9.4508    24.0351   11.83264 5.4070e-02 0.0000e+00
        732 256.560379    0.05076     3.0458    182.750     95.727  49153.994    31.1500     9.4610     94.811    6.54972     9.4508    24.0352   11.83265 5.4074e-02 0.0000e+00
        733 256.560382    0.05083     3.0500    183.000     95.950  49154.267    31.1501     9.4609     95.031    6.54972     9.4507    24.0352   11.83265 5.4078e-02 0.0000e+00
        734 256.560385    0.05090     3.0542    183.250     96.177  49154.475    31.1501     9.4609     95.256    6.54972     9.4507    24.0353   11.83265 5.4078e-02 0.0000e+00
        735 256.560388    0.05097     3.0583    183.500     96.408  49154.610    31.1501     9.4610     95.484    6.54972     9.4507    24.0353   11.83265 5.4076e-02 0.0000e+00
        736 256.560391    0.05104     3.0625    183.750     96.636  49154.715    31.1501     9.4610     95.711    6.54972     9.4507    24.0353   11.83265 5.4072e-02 0.0000e+00
        737 256.560394    0.05111     3.0667    184.000     96.855  49154.805    31.1500     9.4610     95.927    6.54971     9.4507    24.0353   11.83265 5.4062e-02 0.0000e+00
        738 256.560396    0.05118     3.0708    184.250     97.059  49154.890    31.1500     9.4610     96.129    6.54971     9.4507    24.0353   11.83264 5.4049e-02 0.0000e+00
        739 256.560399    0.05125     3.0750    184.500     97.250  49155.019    31.1501     9.4610     96.318    6.54971     9.4507    24.0353   11.83264 5.4036e-02 0.0000e+00
        740 256.560402    0.05132     3.0792    184.750     97.431  49155.156    31.1501     9.4610     96.497    6.54971     9.4507    24.0353   11.83263 5.4025e-02 0.0000e+00
        741 256.560405    0.05139     3.0833    185.000     97.607  49155.244    31.1500     9.4611     96.672    6.54970     9.4508    24.0353   11.83263 5.4013e-02 0.0000e+00
        742 256.560408    0.05146     3.0875    185.250     97.784  49155.320    31.1500     9.4611     96.847    6.54970     9.4508    24.0353   11.83262 5.4006e-02 0.0000e+00
        743 256.560411    0.05153     3.0917    185.500     97.961  49155.390    31.1500     9.4611     97.022    6.54969     9.4507    24.0352   11.83261 5.4003e-02 0.0000e+00
        744 256.560414    0.05160     3.0958    185.750     98.126  49155.440    31.1500     9.4612     97.186    6.54969     9.4507    24.0352   11.83261 5.4000e-02 0.0000e+00
        745 256.560417    0.05167     3.1000    186.000     98.252  49155.491    31.1500     9.4612     97.311    6.54969 -9.990e-29    24.0352   11.83262 5.3993e-02 0.0000e+00
        746 256.560420    0.05174     3.1042    186.250     98.301  49155.518    31.1500     9.4612     97.359    6.54969 -9.990e-29    24.0352   11.83262 5.3989e-02 0.0000e+00
