CTD-processing/allCTD/CNV--turbid/2018_08-23_t9_s09_cast216.cnv
* Sea-Bird SBE19plus Data File:
* FileName = C:\Users\Kim.Powell\Desktop\Not Processed\2018\2018_08-23_AlongBay, T9_5028\2018_08-23_TRANSECT_STATION_cast216.hex
* Software Version 1.59
* Temperature SN =  5028
* Conductivity SN =  5028
* System UpLoad Time = Aug 31 2018 10:38:28
** 2018_08-23
** Station: 9-09
** Start Time: 15:51
** Depth (m): 83
** Comment:
** Comment:
# nquan = 16
# nvalues = 648                         
# units = specified
# name 0 = scan: Scan Count
# name 1 = timeJ: Julian Days
# name 2 = timeH: Time, Elapsed [hours]
# name 3 = timeM: Time, Elapsed [minutes]
# name 4 = timeS: Time, Elapsed [seconds]
# name 5 = prdM: Pressure, Strain Gauge [db]
# name 6 = specc: Specific Conductance [uS/cm]
# name 7 = sal00: Salinity, Practical [PSU]
# name 8 = tv290C: Temperature [ITS-90, deg C]
# name 9 = depSM: Depth [salt water, m], lat = 59.00
# name 10 = oxsolML/L: Oxygen Saturation, Garcia & Gordon [ml/l]
# name 11 = potemp090C: Potential Temperature [ITS-90, deg C]
# name 12 = sigma-é00: Density [sigma-theta, kg/m^3]
# name 13 = n2satML/L: Nitrogen Saturation [ml/l]
# name 14 = par: PAR/Irradiance, Biospherical/Licor
# name 15 = flag:  0.000e+00
# span 0 =          1,        648       
# span 1 = 235.661435, 235.663307       
# span 2 =    0.00000,    0.04493       
# span 3 =     0.0000,     2.6958       
# span 4 =      0.000,    161.750       
# span 5 =      0.540,     81.627       
# span 6 =  41025.451,  49348.594       
# span 7 =    25.7621,    31.2706       
# span 8 =     9.2971,    11.8497       
# span 9 =      0.535,     80.848       
# span 10 =    6.36999,    6.56841      
# span 11 =     9.2887,    11.8433      
# span 12 =    19.4560,    24.1546      
# span 13 =   11.53950,   11.86216      
# span 14 = 5.7779e-02, 2.2781e+02      
# span 15 = 0.0000e+00, 0.0000e+00      
# interval = seconds: 0.25
# start_time = Aug 23 2018 15:52:28 [Instrument's time stamp, header]
# bad_flag = -9.990e-29
*END*
[from data line 181]
        182 235.661959    0.01257     0.7542     45.250      0.641  41559.843    26.1267    11.7562      0.635    6.43298    11.7554    19.7507   11.69937 1.9285e+02 0.0000e+00
        183 235.661962    0.01264     0.7583     45.500      0.653  41548.779    26.1190    11.7559      0.647    6.43334    11.7551    19.7448   11.70007 1.9210e+02 0.0000e+00
        184 235.661965    0.01271     0.7625     45.750      0.659  41526.779    26.1037    11.7555      0.652    6.43401    11.7549    19.7330   11.70137 1.9238e+02 0.0000e+00
        185 235.661968    0.01278     0.7667     46.000      0.656  41506.941    26.0900    11.7552      0.649    6.43462    11.7548    19.7224   11.70254 1.9338e+02 0.0000e+00
        186 235.661970    0.01285     0.7708     46.250      0.644  41499.662    26.0849    11.7550      0.638    6.43485    11.7548    19.7185   11.70299 1.9441e+02 0.0000e+00
        187 235.661973    0.01292     0.7750     46.500      0.629  41511.297    26.0930    11.7549      0.624    6.43454    11.7548    19.7248   11.70238 1.9506e+02 0.0000e+00
        188 235.661976    0.01299     0.7792     46.750      0.618  41540.825    26.1134    11.7549      0.613    6.43371    11.7549    19.7407   11.70075 1.9432e+02 0.0000e+00
        189 235.661979    0.01306     0.7833     47.000      0.616  41577.777    26.1391    11.7549      0.610    6.43266    11.7548    19.7605   11.69870 1.9277e+02 0.0000e+00
        190 235.661982    0.01313     0.7875     47.250      0.625  41609.309    26.1610    11.7550      0.619    6.43177    11.7547    19.7774   11.69695 1.9166e+02 0.0000e+00
        191 235.661985    0.01319     0.7917     47.500      0.642  41625.110    26.1719    11.7549      0.635    6.43133    11.7545    19.7859   11.69609 1.9092e+02 0.0000e+00
        192 235.661988    0.01326     0.7958     47.750      0.660  41618.128    26.1671    11.7548      0.654    6.43154    11.7544    19.7822   11.69650 1.9042e+02 0.0000e+00
        193 235.661991    0.01333     0.8000     48.000      0.673  41592.300    26.1491    11.7546      0.667    6.43229    11.7544    19.7683   11.69796 1.9051e+02 0.0000e+00
        194 235.661994    0.01340     0.8042     48.250      0.677  41563.811    26.1293    11.7545      0.670    6.43311    11.7544    19.7530   11.69957 1.9142e+02 0.0000e+00
        195 235.661997    0.01347     0.8083     48.500      0.670  41547.832    26.1182    11.7545      0.663    6.43357    11.7544    19.7444   11.70047 1.9273e+02 0.0000e+00
        196 235.661999    0.01354     0.8125     48.750      0.657  41553.180    26.1220    11.7545      0.650    6.43342    11.7545    19.7473   11.70017 1.9335e+02 0.0000e+00
        197 235.662002    0.01361     0.8167     49.000      0.644  41579.509    26.1403    11.7545      0.638    6.43267    11.7545    19.7615   11.69871 1.9292e+02 0.0000e+00
        198 235.662005    0.01368     0.8208     49.250      0.637  41616.027    26.1656    11.7546      0.631    6.43163    11.7546    19.7811   11.69668 1.9154e+02 0.0000e+00
        199 235.662008    0.01375     0.8250     49.500      0.639  41648.499    26.1882    11.7546      0.633    6.43071    11.7545    19.7986   11.69487 1.8980e+02 0.0000e+00
        200 235.662011    0.01382     0.8292     49.750      0.649  41664.251    26.1991    11.7546      0.643    6.43027    11.7544    19.8070   11.69400 1.8882e+02 0.0000e+00
        201 235.662014    0.01389     0.8333     50.000      0.660  41657.090    26.1941    11.7546      0.654    6.43048    11.7542    19.8032   11.69441 1.8897e+02 0.0000e+00
        202 235.662017    0.01396     0.8375     50.250      0.669  41634.688    26.1786    11.7544      0.662    6.43113    11.7541    19.7911   11.69567 1.8994e+02 0.0000e+00
        203 235.662020    0.01403     0.8417     50.500      0.670  41615.493    26.1652    11.7543      0.664    6.43169    11.7541    19.7808   11.69677 1.9095e+02 0.0000e+00
        204 235.662023    0.01410     0.8458     50.750      0.667  41614.463    26.1645    11.7542      0.661    6.43173    11.7541    19.7803   11.69684 1.9164e+02 0.0000e+00
        205 235.662025    0.01417     0.8500     51.000      0.661  41633.827    26.1779    11.7542      0.655    6.43119    11.7542    19.7907   11.69578 1.9197e+02 0.0000e+00
        206 235.662028    0.01424     0.8542     51.250      0.659  41662.933    26.1981    11.7542      0.653    6.43036    11.7542    19.8064   11.69417 1.9119e+02 0.0000e+00
        207 235.662031    0.01431     0.8583     51.500      0.661  41686.254    26.2143    11.7543      0.655    6.42970    11.7541    19.8189   11.69287 1.8918e+02 0.0000e+00
        208 235.662034    0.01438     0.8625     51.750      0.667  41691.379    26.2179    11.7543      0.661    6.42956    11.7540    19.8216   11.69259 1.8733e+02 0.0000e+00
        209 235.662037    0.01444     0.8667     52.000      0.672  41676.069    26.2072    11.7542      0.666    6.42999    11.7540    19.8134   11.69344 1.8696e+02 0.0000e+00
        210 235.662040    0.01451     0.8708     52.250      0.675  41652.276    26.1907    11.7541      0.668    6.43067    11.7539    19.8006   11.69477 1.8792e+02 0.0000e+00
        211 235.662043    0.01458     0.8750     52.500      0.672  41637.403    26.1804    11.7540      0.666    6.43110    11.7539    19.7926   11.69561 1.8927e+02 0.0000e+00
        212 235.662046    0.01465     0.8792     52.750      0.666  41641.950    26.1835    11.7540      0.660    6.43098    11.7539    19.7951   11.69537 1.9038e+02 0.0000e+00
        213 235.662049    0.01472     0.8833     53.000      0.659  41663.627    26.1986    11.7539      0.653    6.43037    11.7539    19.8068   11.69418 1.9088e+02 0.0000e+00
        214 235.662052    0.01479     0.8875     53.250      0.655  41691.373    26.2178    11.7539      0.649    6.42959    11.7539    19.8217   11.69265 1.9066e+02 0.0000e+00
        215 235.662054    0.01486     0.8917     53.500      0.654  41713.892    26.2335    11.7539      0.648    6.42896    11.7539    19.8338   11.69141 1.8971e+02 0.0000e+00
        216 235.662057    0.01493     0.8958     53.750      0.656  41723.480    26.2401    11.7539      0.650    6.42869    11.7538    19.8389   11.69088 1.8845e+02 0.0000e+00
        217 235.662060    0.01500     0.9000     54.000      0.660  41719.483    26.2373    11.7539      0.653    6.42880    11.7537    19.8368   11.69111 1.8732e+02 0.0000e+00
        218 235.662063    0.01507     0.9042     54.250      0.664  41709.494    26.2304    11.7538      0.658    6.42910    11.7536    19.8314   11.69167 1.8656e+02 0.0000e+00
        219 235.662066    0.01514     0.9083     54.500      0.668  41703.072    26.2259    11.7538      0.662    6.42929    11.7536    19.8280   11.69205 1.8659e+02 0.0000e+00
        220 235.662069    0.01521     0.9125     54.750      0.671  41702.821    26.2258    11.7537      0.665    6.42931    11.7535    19.8278   11.69208 1.8751e+02 0.0000e+00
        221 235.662072    0.01528     0.9167     55.000      0.671  41701.546    26.2249    11.7537      0.665    6.42935    11.7535    19.8272   11.69216 1.8882e+02 0.0000e+00
        222 235.662075    0.01535     0.9208     55.250      0.667  41693.615    26.2194    11.7536      0.661    6.42958    11.7534    19.8229   11.69261 1.8999e+02 0.0000e+00
        223 235.662078    0.01542     0.9250     55.500      0.659  41685.730    26.2139    11.7536      0.653    6.42981    11.7533    19.8187   11.69306 1.9100e+02 0.0000e+00
        224 235.662080    0.01549     0.9292     55.750      0.649  41689.320    26.2164    11.7535      0.643    6.42972    11.7533    19.8206   11.69288 1.9185e+02 0.0000e+00
        225 235.662083    0.01556     0.9333     56.000      0.640  41707.516    26.2290    11.7534      0.634    6.42922    11.7534    19.8304   11.69190 1.9199e+02 0.0000e+00
        226 235.662086    0.01563     0.9375     56.250      0.637  41732.468    26.2463    11.7533      0.631    6.42852    11.7536    19.8438   11.69053 1.9106e+02 0.0000e+00
        227 235.662089    0.01569     0.9417     56.500      0.642  41752.173    26.2600    11.7534      0.636    6.42796    11.7540    19.8544   11.68942 1.8989e+02 0.0000e+00
        228 235.662092    0.01576     0.9458     56.750      0.652  41757.645    26.2638    11.7537      0.646    6.42777    11.7544    19.8573   11.68905 1.8924e+02 0.0000e+00
        229 235.662095    0.01583     0.9500     57.000      0.663  41745.812    26.2556    11.7540      0.657    6.42805    11.7547    19.8509   11.68962 1.8889e+02 0.0000e+00
        230 235.662098    0.01590     0.9542     57.250      0.669  41722.489    26.2395    11.7544      0.663    6.42865    11.7548    19.8383   11.69083 1.8873e+02 0.0000e+00
        231 235.662101    0.01597     0.9583     57.500      0.668  41699.501    26.2235    11.7547      0.662    6.42926    11.7549    19.8259   11.69203 1.8886e+02 0.0000e+00
        232 235.662104    0.01604     0.9625     57.750      0.659  41686.680    26.2147    11.7549      0.652    6.42960    11.7549    19.8190   11.69269 1.8905e+02 0.0000e+00
        233 235.662106    0.01611     0.9667     58.000      0.644  41691.225    26.2178    11.7549      0.638    6.42946    11.7550    19.8215   11.69243 1.8893e+02 0.0000e+00
        234 235.662109    0.01618     0.9708     58.250      0.629  41716.109    26.2351    11.7549      0.623    6.42877    11.7554    19.8349   11.69106 1.8829e+02 0.0000e+00
        235 235.662112    0.01625     0.9750     58.500      0.621  41754.791    26.2620    11.7550      0.615    6.42766    11.7563    19.8557   11.68890 1.8720e+02 0.0000e+00
        236 235.662115    0.01632     0.9792     58.750      0.623  41793.217    26.2887    11.7555      0.617    6.42651    11.7578    19.8763   11.68667 1.8630e+02 0.0000e+00
        237 235.662118    0.01639     0.9833     59.000      0.634  41818.148    26.3061    11.7564      0.628    6.42568    11.7595    19.8896   11.68508 1.8614e+02 0.0000e+00
        238 235.662121    0.01646     0.9875     59.250      0.650  41822.778    26.3094    11.7578      0.645    6.42535    11.7612    19.8919   11.68449 1.8642e+02 0.0000e+00
        239 235.662124    0.01653     0.9917     59.500      0.664  41811.276    26.3016    11.7595      0.658    6.42543    11.7627    19.8856   11.68471 1.8729e+02 0.0000e+00
        240 235.662127    0.01660     0.9958     59.750      0.670  41802.385    26.2956    11.7612      0.664    6.42543    11.7640    19.8806   11.68480 1.8918e+02 0.0000e+00
        241 235.662130    0.01667     1.0000     60.000      0.667  41821.096    26.3087    11.7627      0.661    6.42470    11.7655    19.8905   11.68342 1.9150e+02 0.0000e+00
        242 235.662133    0.01674     1.0042     60.250      0.658  41870.484    26.3431    11.7641      0.652    6.42312    11.7674    19.9169   11.68038 1.9254e+02 0.0000e+00
        243 235.662135    0.01681     1.0083     60.500      0.649  41923.295    26.3799    11.7656      0.643    6.42142    11.7693    19.9452   11.67711 1.9160e+02 0.0000e+00
        244 235.662138    0.01688     1.0125     60.750      0.642  41960.479    26.4059    11.7675      0.636    6.42011    11.7706    19.9650   11.67462 1.9009e+02 0.0000e+00
        245 235.662141    0.01694     1.0167     61.000      0.640  41985.900    26.4237    11.7693      0.634    6.41913    11.7709    19.9785   11.67277 1.8873e+02 0.0000e+00
        246 235.662144    0.01701     1.0208     61.250      0.642  42006.456    26.4381    11.7706      0.636    6.41836    11.7703    19.9894   11.67133 1.8774e+02 0.0000e+00
        247 235.662147    0.01708     1.0250     61.500      0.646  42025.259    26.4512    11.7710      0.640    6.41779    11.7690    19.9995   11.67021 1.8755e+02 0.0000e+00
        248 235.662150    0.01715     1.0292     61.750      0.652  42042.853    26.4634    11.7704      0.646    6.41738    11.7673    20.0091   11.66938 1.8767e+02 0.0000e+00
        249 235.662153    0.01722     1.0333     62.000      0.658  42057.843    26.4737    11.7690      0.652    6.41714    11.7656    20.0173   11.66887 1.8785e+02 0.0000e+00
        250 235.662156    0.01729     1.0375     62.250      0.664  42068.739    26.4811    11.7673      0.658    6.41708    11.7644    20.0233   11.66867 1.8805e+02 0.0000e+00
        251 235.662159    0.01736     1.0417     62.500      0.668  42074.667    26.4851    11.7657      0.662    6.41715    11.7639    20.0267   11.66874 1.8812e+02 0.0000e+00
        252 235.662161    0.01743     1.0458     62.750      0.668  42074.805    26.4851    11.7645      0.662    6.41732    11.7643    20.0269   11.66902 1.8825e+02 0.0000e+00
        253 235.662164    0.01750     1.0500     63.000      0.662  42068.924    26.4809    11.7640      0.656    6.41755    11.7657    20.0238   11.66946 1.8907e+02 0.0000e+00
        254 235.662167    0.01757     1.0542     63.250      0.654  42057.811    26.4733    11.7644      0.648    6.41780    11.7676    20.0177   11.66997 1.9017e+02 0.0000e+00
        255 235.662170    0.01764     1.0583     63.500      0.647  42045.992    26.4652    11.7658      0.641    6.41794    11.7692    20.0112   11.67029 1.9024e+02 0.0000e+00
        256 235.662173    0.01771     1.0625     63.750      0.646  42040.570    26.4616    11.7677      0.640    6.41782    11.7698    20.0081   11.67014 1.8932e+02 0.0000e+00
        257 235.662176    0.01778     1.0667     64.000      0.654  42042.676    26.4632    11.7692      0.648    6.41754    11.7695    20.0091   11.66966 1.8823e+02 0.0000e+00
        258 235.662179    0.01785     1.0708     64.250      0.666  42048.459    26.4673    11.7698      0.660    6.41730    11.7685    20.0121   11.66920 1.8735e+02 0.0000e+00
        259 235.662182    0.01792     1.0750     64.500      0.675  42055.288    26.4720    11.7695      0.669    6.41716    11.7675    20.0158   11.66890 1.8748e+02 0.0000e+00
        260 235.662185    0.01799     1.0792     64.750      0.676  42059.796    26.4750    11.7685      0.670    6.41716    11.7671    20.0183   11.66888 1.8884e+02 0.0000e+00
        261 235.662187    0.01806     1.0833     65.000      0.666  42058.200    26.4738    11.7675      0.660    6.41735    11.7677    20.0176   11.66921 1.9030e+02 0.0000e+00
        262 235.662190    0.01812     1.0875     65.250      0.650  42050.486    26.4684    11.7671      0.644    6.41763    11.7692    20.0135   11.66973 1.9146e+02 0.0000e+00
        263 235.662193    0.01819     1.0917     65.500      0.637  42040.110    26.4613    11.7678      0.631    6.41782    11.7710    20.0079   11.67014 1.9225e+02 0.0000e+00
        264 235.662196    0.01826     1.0958     65.750      0.633  42030.493    26.4547    11.7693      0.627    6.41788    11.7725    20.0025   11.67031 1.9212e+02 0.0000e+00
        265 235.662199    0.01833     1.1000     66.000      0.641  42024.274    26.4505    11.7711      0.635    6.41780    11.7734    19.9990   11.67023 1.9088e+02 0.0000e+00
        266 235.662202    0.01840     1.1042     66.250      0.657  42022.992    26.4498    11.7726      0.651    6.41763    11.7735    19.9981   11.66995 1.8892e+02 0.0000e+00
        267 235.662205    0.01847     1.1083     66.500      0.675  42025.636    26.4517    11.7734      0.668    6.41744    11.7731    19.9995   11.66962 1.8739e+02 0.0000e+00
        268 235.662208    0.01854     1.1125     66.750      0.684  42029.738    26.4545    11.7735      0.677    6.41730    11.7726    20.0017   11.66937 1.8736e+02 0.0000e+00
        269 235.662211    0.01861     1.1167     67.000      0.679  42031.579    26.4558    11.7731      0.672    6.41730    11.7726    20.0027   11.66936 1.8875e+02 0.0000e+00
        270 235.662214    0.01868     1.1208     67.250      0.661  42029.186    26.4541    11.7727      0.654    6.41743    11.7730    20.0014   11.66959 1.9050e+02 0.0000e+00
        271 235.662216    0.01875     1.1250     67.500      0.639  42024.585    26.4509    11.7726      0.633    6.41757    11.7737    19.9990   11.66986 1.9162e+02 0.0000e+00
