CTD-processing/allCTD/CNV--turbid/2018_05-24_t9_s02_cast096.cnv
* Sea-Bird SBE19plus Data File:
* FileName = C:\Users\Kim.Powell\Desktop\Not Processed\2018\2018_05-24_AlongBay, T9_5028\2018_05-24_TRANSECT_STATION_cast096.hex
* Software Version 1.59
* Temperature SN =  5028
* Conductivity SN =  5028
* System UpLoad Time = May 25 2018 13:33:24
** 2018_05-24
** Station: 9-02
** Start Time: 14:22
** Depth (m): 74
** Comment:
** Comment:
# nquan = 16
# nvalues = 620                         
# units = specified
# name 0 = scan: Scan Count
# name 1 = timeJ: Julian Days
# name 2 = timeH: Time, Elapsed [hours]
# name 3 = timeM: Time, Elapsed [minutes]
# name 4 = timeS: Time, Elapsed [seconds]
# name 5 = prdM: Pressure, Strain Gauge [db]
# name 6 = specc: Specific Conductance [uS/cm]
# name 7 = sal00: Salinity, Practical [PSU]
# name 8 = tv290C: Temperature [ITS-90, deg C]
# name 9 = depSM: Depth [salt water, m], lat = 59.00
# name 10 = oxsolML/L: Oxygen Saturation, Garcia & Gordon [ml/l]
# name 11 = potemp090C: Potential Temperature [ITS-90, deg C]
# name 12 = sigma-é00: Density [sigma-theta, kg/m^3]
# name 13 = n2satML/L: Nitrogen Saturation [ml/l]
# name 14 = par: PAR/Irradiance, Biospherical/Licor
# name 15 = flag:  0.000e+00
# span 0 =          1,        620       
# span 1 = 144.598565, 144.600356       
# span 2 =    0.00000,    0.04299       
# span 3 =     0.0000,     2.5792       
# span 4 =      0.000,    154.750       
# span 5 =      0.491,     74.259       
# span 6 =  49038.795,  51099.496       
# span 7 =    30.7762,    31.8733       
# span 8 =     5.6314,     7.2864       
# span 9 =      0.486,     73.552       
# span 10 =    6.89443,    7.11516      
# span 11 =     5.6257,     7.2864      
# span 12 =    24.0634,    25.1269      
# span 13 =   12.40749,   12.75879      
# span 14 = 4.2872e-02, 3.9416e+02      
# span 15 = 0.0000e+00, 0.0000e+00      
# interval = seconds: 0.25
# start_time = May 24 2018 14:21:56 [Instrument's time stamp, header]
# bad_flag = -9.990e-29
*END*
[from data line 362]
        363 144.599612    0.02514     1.5083     90.500     18.491  50865.579    31.7492     5.6840     18.317    7.11218     5.6812    25.0222   12.75544 1.9825e+00 0.0000e+00
        364 144.599615    0.02521     1.5125     90.750     18.718  50869.833    31.7519     5.6832     18.542    7.11220     5.6810    25.0244   12.75543 1.8973e+00 0.0000e+00
        365 144.599618    0.02528     1.5167     91.000     18.937  50875.249    31.7554     5.6827     18.759    7.11211     5.6813    25.0273   12.75524 1.8197e+00 0.0000e+00
        366 144.599621    0.02535     1.5208     91.250     19.148  50882.031    31.7600     5.6825     18.968    7.11192     5.6818    25.0309   12.75487 1.7476e+00 0.0000e+00
        367 144.599624    0.02542     1.5250     91.500     19.355  50888.586    31.7645     5.6828     19.174    7.11167     5.6824    25.0344   12.75440 1.6779e+00 0.0000e+00
        368 144.599627    0.02549     1.5292     91.750     19.568  50892.947    31.7675     5.6833     19.384    7.11144     5.6830    25.0368   12.75397 1.6081e+00 0.0000e+00
        369 144.599630    0.02556     1.5333     92.000     19.791  50895.211    31.7691     5.6840     19.605    7.11125     5.6834    25.0380   12.75365 1.5373e+00 0.0000e+00
        370 144.599633    0.02562     1.5375     92.250     20.027  50896.522    31.7700     5.6845     19.839    7.11112     5.6837    25.0386   12.75341 1.4664e+00 0.0000e+00
        371 144.599635    0.02569     1.5417     92.500     20.272  50897.460    31.7706     5.6850     20.081    7.11101     5.6839    25.0390   12.75323 1.3974e+00 0.0000e+00
        372 144.599638    0.02576     1.5458     92.750     20.519  50898.127    31.7710     5.6853     20.326    7.11094     5.6842    25.0393   12.75311 1.3321e+00 0.0000e+00
        373 144.599641    0.02583     1.5500     93.000     20.764  50898.550    31.7712     5.6855     20.569    7.11089     5.6844    25.0394   12.75301 1.2709e+00 0.0000e+00
        374 144.599644    0.02590     1.5542     93.250     21.007  50898.750    31.7713     5.6858     20.809    7.11084     5.6845    25.0394   12.75294 1.2134e+00 0.0000e+00
        375 144.599647    0.02597     1.5583     93.500     21.248  50898.764    31.7712     5.6860     21.048    7.11081     5.6845    25.0394   12.75289 1.1591e+00 0.0000e+00
        376 144.599650    0.02604     1.5625     93.750     21.488  50898.698    31.7711     5.6861     21.286    7.11079     5.6845    25.0393   12.75286 1.1078e+00 0.0000e+00
        377 144.599653    0.02611     1.5667     94.000     21.728  50898.676    31.7710     5.6862     21.524    7.11078     5.6846    25.0392   12.75285 1.0589e+00 0.0000e+00
        378 144.599656    0.02618     1.5708     94.250     21.966  50898.805    31.7710     5.6862     21.760    7.11078     5.6847    25.0392   12.75285 1.0126e+00 0.0000e+00
        379 144.599659    0.02625     1.5750     94.500     22.202  50899.058    31.7710     5.6862     21.994    7.11077     5.6850    25.0392   12.75284 9.6875e-01 0.0000e+00
        380 144.599661    0.02632     1.5792     94.750     22.434  50899.300    31.7711     5.6864     22.224    7.11074     5.6854    25.0393   12.75278 9.2726e-01 0.0000e+00
        381 144.599664    0.02639     1.5833     95.000     22.664  50899.539    31.7712     5.6867     22.452    7.11068     5.6860    25.0393   12.75269 8.8781e-01 0.0000e+00
        382 144.599667    0.02646     1.5875     95.250     22.892  50899.960    31.7715     5.6872     22.677    7.11059     5.6869    25.0395   12.75253 8.5029e-01 0.0000e+00
        383 144.599670    0.02653     1.5917     95.500     23.119  50900.734    31.7721     5.6878     22.901    7.11046     5.6880    25.0399   12.75230 8.1459e-01 0.0000e+00
        384 144.599673    0.02660     1.5958     95.750     23.344  50901.952    31.7730     5.6887     23.124    7.11027     5.6895    25.0405   12.75198 7.8065e-01 0.0000e+00
        385 144.599676    0.02667     1.6000     96.000     23.567  50903.386    31.7741     5.6899     23.345    7.11002     5.6911    25.0412   12.75156 7.4843e-01 0.0000e+00
        386 144.599679    0.02674     1.6042     96.250     23.790  50904.660    31.7752     5.6913     23.566    7.10973     5.6928    25.0419   12.75106 7.1773e-01 0.0000e+00
        387 144.599682    0.02681     1.6083     96.500     24.012  50905.856    31.7762     5.6929     23.786    7.10941     5.6947    25.0426   12.75052 6.8839e-01 0.0000e+00
        388 144.599685    0.02688     1.6125     96.750     24.236  50907.279    31.7774     5.6947     24.008    7.10905     5.6969    25.0433   12.74991 6.6024e-01 0.0000e+00
        389 144.599687    0.02694     1.6167     97.000     24.461  50909.014    31.7789     5.6966     24.231    7.10866     5.6992    25.0443   12.74924 6.3319e-01 0.0000e+00
        390 144.599690    0.02701     1.6208     97.250     24.688  50910.520    31.7803     5.6988     24.456    7.10823     5.7015    25.0451   12.74852 6.0732e-01 0.0000e+00
        391 144.599693    0.02708     1.6250     97.500     24.914  50910.844    31.7809     5.7011     24.680    7.10781     5.7035    25.0453   12.74782 5.8285e-01 0.0000e+00
        392 144.599696    0.02715     1.6292     97.750     25.138  50909.940    31.7806     5.7035     24.902    7.10743     5.7050    25.0448   12.74720 5.5978e-01 0.0000e+00
        393 144.599699    0.02722     1.6333     98.000     25.362  50908.679    31.7801     5.7055     25.124    7.10713     5.7063    25.0442   12.74670 5.3784e-01 0.0000e+00
        394 144.599702    0.02729     1.6375     98.250     25.588  50907.709    31.7796     5.7070     25.347    7.10688     5.7073    25.0436   12.74630 5.1670e-01 0.0000e+00
        395 144.599705    0.02736     1.6417     98.500     25.816  50907.139    31.7793     5.7083     25.573    7.10669     5.7081    25.0432   12.74599 4.9633e-01 0.0000e+00
        396 144.599708    0.02743     1.6458     98.750     26.042  50906.796    31.7792     5.7093     25.797    7.10653     5.7089    25.0430   12.74572 4.7705e-01 0.0000e+00
        397 144.599711    0.02750     1.6500     99.000     26.263  50906.571    31.7791     5.7102     26.016    7.10638     5.7097    25.0429   12.74548 4.5918e-01 0.0000e+00
        398 144.599714    0.02757     1.6542     99.250     26.476  50906.655    31.7792     5.7110     26.227    7.10624     5.7107    25.0429   12.74524 4.4270e-01 0.0000e+00
        399 144.599716    0.02764     1.6583     99.500     26.682  50907.776    31.7800     5.7118     26.431    7.10607     5.7124    25.0434   12.74494 4.2724e-01 0.0000e+00
        400 144.599719    0.02771     1.6625     99.750     26.886  50910.368    31.7819     5.7128     26.633    7.10580     5.7149    25.0448   12.74448 4.1236e-01 0.0000e+00
        401 144.599722    0.02778     1.6667    100.000     27.092  50913.028    31.7840     5.7145     26.837    7.10541     5.7178    25.0463   12.74381 3.9777e-01 0.0000e+00
        402 144.599725    0.02785     1.6708    100.250     27.302  50914.639    31.7856     5.7170     27.045    7.10493     5.7210    25.0472   12.74299 3.8345e-01 0.0000e+00
        403 144.599728    0.02792     1.6750    100.500     27.515  50915.460    31.7866     5.7200     27.256    7.10438     5.7240    25.0477   12.74207 3.6960e-01 0.0000e+00
        404 144.599731    0.02799     1.6792    100.750     27.727  50914.904    31.7868     5.7231     27.466    7.10384     5.7266    25.0474   12.74118 3.5649e-01 0.0000e+00
        405 144.599734    0.02806     1.6833    101.000     27.933  50913.371    31.7862     5.7262     27.670    7.10336     5.7288    25.0467   12.74039 3.4419e-01 0.0000e+00
        406 144.599737    0.02813     1.6875    101.250     28.135  50912.397    31.7860     5.7288     27.870    7.10294     5.7308    25.0462   12.73970 3.3264e-01 0.0000e+00
        407 144.599740    0.02819     1.6917    101.500     28.334  50912.001    31.7861     5.7310     28.067    7.10256     5.7327    25.0460   12.73908 3.2167e-01 0.0000e+00
        408 144.599742    0.02826     1.6958    101.750     28.533  50911.834    31.7863     5.7330     28.264    7.10220     5.7346    25.0459   12.73849 3.1113e-01 0.0000e+00
        409 144.599745    0.02833     1.7000    102.000     28.734  50912.150    31.7868     5.7350     28.463    7.10185     5.7365    25.0461   12.73791 3.0089e-01 0.0000e+00
        410 144.599748    0.02840     1.7042    102.250     28.938  50912.941    31.7876     5.7369     28.665    7.10150     5.7384    25.0465   12.73730 2.9096e-01 0.0000e+00
        411 144.599751    0.02847     1.7083    102.500     29.143  50913.854    31.7885     5.7388     28.869    7.10113     5.7402    25.0470   12.73669 2.8139e-01 0.0000e+00
        412 144.599754    0.02854     1.7125    102.750     29.350  50914.645    31.7894     5.7407     29.073    7.10078     5.7419    25.0474   12.73609 2.7219e-01 0.0000e+00
        413 144.599757    0.02861     1.7167    103.000     29.556  50915.354    31.7901     5.7425     29.278    7.10043     5.7435    25.0478   12.73551 2.6340e-01 0.0000e+00
        414 144.599760    0.02868     1.7208    103.250     29.761  50916.126    31.7909     5.7442     29.481    7.10011     5.7452    25.0482   12.73497 2.5504e-01 0.0000e+00
        415 144.599763    0.02875     1.7250    103.500     29.965  50916.855    31.7916     5.7459     29.683    7.09980     5.7468    25.0486   12.73444 2.4713e-01 0.0000e+00
        416 144.599766    0.02882     1.7292    103.750     30.166  50917.312    31.7922     5.7475     29.882    7.09950     5.7483    25.0489   12.73394 2.3967e-01 0.0000e+00
        417 144.599769    0.02889     1.7333    104.000     30.363  50917.469    31.7925     5.7492     30.076    7.09921     5.7498    25.0490   12.73345 2.3260e-01 0.0000e+00
        418 144.599771    0.02896     1.7375    104.250     30.558  50917.306    31.7927     5.7507     30.270    7.09894     5.7510    25.0489   12.73301 2.2576e-01 0.0000e+00
        419 144.599774    0.02903     1.7417    104.500     30.759  50916.881    31.7926     5.7522     30.469    7.09870     5.7520    25.0486   12.73262 2.1897e-01 0.0000e+00
        420 144.599777    0.02910     1.7458    104.750     30.968  50916.761    31.7926     5.7534     30.677    7.09849     5.7531    25.0485   12.73228 2.1213e-01 0.0000e+00
        421 144.599780    0.02917     1.7500    105.000     31.188  50917.544    31.7933     5.7544     30.894    7.09829     5.7543    25.0489   12.73193 2.0525e-01 0.0000e+00
        422 144.599783    0.02924     1.7542    105.250     31.416  50918.904    31.7943     5.7555     31.119    7.09805     5.7557    25.0496   12.73153 1.9844e-01 0.0000e+00
        423 144.599786    0.02931     1.7583    105.500     31.647  50919.880    31.7951     5.7568     31.349    7.09780     5.7570    25.0501   12.73111 1.9184e-01 0.0000e+00
        424 144.599789    0.02937     1.7625    105.750     31.879  50920.014    31.7954     5.7582     31.579    7.09756     5.7581    25.0502   12.73070 1.8556e-01 0.0000e+00
        425 144.599792    0.02944     1.7667    106.000     32.108  50919.911    31.7955     5.7595     31.805    7.09734     5.7591    25.0501   12.73034 1.7963e-01 0.0000e+00
        426 144.599795    0.02951     1.7708    106.250     32.332  50920.398    31.7959     5.7606     32.027    7.09713     5.7601    25.0503   12.72999 1.7403e-01 0.0000e+00
        427 144.599797    0.02958     1.7750    106.500     32.554  50921.582    31.7968     5.7616     32.247    7.09692     5.7613    25.0509   12.72962 1.6869e-01 0.0000e+00
        428 144.599800    0.02965     1.7792    106.750     32.778  50923.433    31.7982     5.7627     32.469    7.09668     5.7626    25.0519   12.72921 1.6347e-01 0.0000e+00
        429 144.599803    0.02972     1.7833    107.000     33.009  50926.041    31.8001     5.7638     32.698    7.09639     5.7643    25.0533   12.72871 1.5830e-01 0.0000e+00
        430 144.599806    0.02979     1.7875    107.250     33.248  50929.327    31.8026     5.7652     32.935    7.09604     5.7662    25.0550   12.72810 1.5317e-01 0.0000e+00
        431 144.599809    0.02986     1.7917    107.500     33.495  50932.956    31.8053     5.7669     33.179    7.09563     5.7682    25.0570   12.72739 1.4816e-01 0.0000e+00
        432 144.599812    0.02993     1.7958    107.750     33.743  50936.089    31.8078     5.7688     33.425    7.09520     5.7701    25.0587   12.72664 1.4340e-01 0.0000e+00
        433 144.599815    0.03000     1.8000    108.000     33.986  50937.941    31.8093     5.7709     33.665    7.09478     5.7717    25.0597   12.72593 1.3900e-01 0.0000e+00
        434 144.599818    0.03007     1.8042    108.250     34.219  50938.489    31.8100     5.7728     33.897    7.09442     5.7727    25.0600   12.72534 1.3499e-01 0.0000e+00
        435 144.599821    0.03014     1.8083    108.500     34.442  50938.232    31.8100     5.7744     34.117    7.09416     5.7732    25.0598   12.72490 1.3136e-01 0.0000e+00
        436 144.599823    0.03021     1.8125    108.750     34.655  50937.767    31.8098     5.7754     34.328    7.09400     5.7732    25.0595   12.72463 1.2800e-01 0.0000e+00
        437 144.599826    0.03028     1.8167    109.000     34.867  50937.477    31.8096     5.7759     34.538    7.09392     5.7728    25.0593   12.72452 1.2479e-01 0.0000e+00
        438 144.599829    0.03035     1.8208    109.250     35.084  50937.467    31.8095     5.7759     34.753    7.09393     5.7722    25.0593   12.72452 1.2160e-01 0.0000e+00
        439 144.599832    0.03042     1.8250    109.500     35.312  50937.738    31.8095     5.7756     34.978    7.09398     5.7715    25.0593   12.72462 1.1838e-01 0.0000e+00
        440 144.599835    0.03049     1.8292    109.750     35.550  50938.248    31.8096     5.7750     35.215    7.09407     5.7707    25.0595   12.72476 1.1514e-01 0.0000e+00
        441 144.599838    0.03056     1.8333    110.000     35.796  50938.887    31.8098     5.7743     35.459    7.09418     5.7699    25.0597   12.72494 1.1193e-01 0.0000e+00
        442 144.599841    0.03062     1.8375    110.250     36.045  50939.525    31.8100     5.7735     35.705    7.09430     5.7692    25.0599   12.72513 1.0883e-01 0.0000e+00
        443 144.599844    0.03069     1.8417    110.500     36.292  50940.155    31.8101     5.7728     35.949    7.09442     5.7684    25.0601   12.72532 1.0588e-01 0.0000e+00
        444 144.599847    0.03076     1.8458    110.750     36.534  50940.859    31.8103     5.7720     36.190    7.09453     5.7677    25.0604   12.72551 1.0310e-01 0.0000e+00
        445 144.599850    0.03083     1.8500    111.000     36.772  50941.626    31.8106     5.7713     36.425    7.09464     5.7670    25.0607   12.72569 1.0050e-01 0.0000e+00
        446 144.599852    0.03090     1.8542    111.250     37.004  50942.391    31.8109     5.7706     36.654    7.09475     5.7663    25.0610   12.72586 9.8056e-02 0.0000e+00
        447 144.599855    0.03097     1.8583    111.500     37.232  50943.142    31.8111     5.7699     36.880    7.09485     5.7656    25.0613   12.72602 9.5747e-02 0.0000e+00
        448 144.599858    0.03104     1.8625    111.750     37.457  50943.913    31.8114     5.7692     37.104    7.09495     5.7649    25.0616   12.72619 9.3553e-02 0.0000e+00
        449 144.599861    0.03111     1.8667    112.000     37.683  50944.753    31.8118     5.7685     37.327    7.09506     5.7642    25.0620   12.72635 9.1464e-02 0.0000e+00
        450 144.599864    0.03118     1.8708    112.250     37.908  50945.636    31.8121     5.7678     37.550    7.09516     5.7636    25.0624   12.72651 8.9481e-02 0.0000e+00
        451 144.599867    0.03125     1.8750    112.500     38.133  50946.454    31.8125     5.7672     37.773    7.09525     5.7631    25.0627   12.72666 8.7589e-02 0.0000e+00
