CTD-processing/allCTD/CNV--turbid/2018_04-23_t4_s06_cast064.cnv
* Sea-Bird SBE19plus Data File:
* FileName = C:\Users\Kim.Powell\Desktop\Not Processed\2018\2018_04-23_AlongBay, T4, T9_5028\2018_04-23_TRANSECT_STATION_cast064.hex
* Software Version 1.59
* Temperature SN =  5028
* Conductivity SN =  5028
* System UpLoad Time = Apr 24 2018 09:57:21
** 2018_04-24
** Station: 4-06
** Start Time: 14:27
** Depth (m): 61
** Comment:
** Comment:
# nquan = 16
# nvalues = 652                         
# units = specified
# name 0 = scan: Scan Count
# name 1 = timeJ: Julian Days
# name 2 = timeH: Time, Elapsed [hours]
# name 3 = timeM: Time, Elapsed [minutes]
# name 4 = timeS: Time, Elapsed [seconds]
# name 5 = prdM: Pressure, Strain Gauge [db]
# name 6 = specc: Specific Conductance [uS/cm]
# name 7 = sal00: Salinity, Practical [PSU]
# name 8 = tv290C: Temperature [ITS-90, deg C]
# name 9 = depSM: Depth [salt water, m], lat = 59.00
# name 10 = oxsolML/L: Oxygen Saturation, Garcia & Gordon [ml/l]
# name 11 = potemp090C: Potential Temperature [ITS-90, deg C]
# name 12 = sigma-é00: Density [sigma-theta, kg/m^3]
# name 13 = n2satML/L: Nitrogen Saturation [ml/l]
# name 14 = par: PAR/Irradiance, Biospherical/Licor
# name 15 = flag:  0.000e+00
# span 0 =          1,        652       
# span 1 = 113.602222, 113.604106       
# span 2 =    0.00000,    0.04521       
# span 3 =     0.0000,     2.7125       
# span 4 =      0.000,    162.750       
# span 5 =     -0.025,     58.575       
# span 6 =  26291.903,  51267.344       
# span 7 =    15.8991,    31.7786       
# span 8 =     4.6172,     5.4927       
# span 9 =     -0.024,     58.020       
# span 10 =    7.14713,    8.00279      
# span 11 =     4.6133,     5.4927      
# span 12 =    12.5447,    25.1631      
# span 13 =   12.81388,   14.46140      
# span 14 = 3.9403e-02, 4.2940e+02      
# span 15 = 0.0000e+00, 0.0000e+00      
# interval = seconds: 0.25
# start_time = Apr 23 2018 14:27:12 [Instrument's time stamp, header]
# bad_flag = -9.990e-29
*END*
[from data line 452]
        453 113.603530    0.03139     1.8833    113.000     17.043  51111.642    31.7519     4.8897     16.883    7.24782     4.8712    25.1130   12.97942 6.6097e+00 0.0000e+00
        454 113.603533    0.03146     1.8875    113.250     17.253  51116.285    31.7530     4.8810     17.091    7.24928     4.8628    25.1148   12.98180 6.3321e+00 0.0000e+00
        455 113.603536    0.03153     1.8917    113.500     17.470  51120.396    31.7539     4.8725     17.306    7.25072     4.8544    25.1164   12.98417 6.0573e+00 0.0000e+00
        456 113.603539    0.03160     1.8958    113.750     17.693  51124.165    31.7545     4.8640     17.527    7.25216     4.8462    25.1178   12.98653 5.7878e+00 0.0000e+00
        457 113.603542    0.03167     1.9000    114.000     17.921  51128.420    31.7555     4.8556     17.753    7.25357     4.8385    25.1195   12.98886 5.5278e+00 0.0000e+00
        458 113.603545    0.03174     1.9042    114.250     18.152  51133.459    31.7570     4.8474     17.981    7.25492     4.8316    25.1216   12.99106 5.2800e+00 0.0000e+00
        459 113.603547    0.03181     1.9083    114.500     18.382  51138.972    31.7590     4.8398     18.209    7.25615     4.8256    25.1240   12.99308 5.0452e+00 0.0000e+00
        460 113.603550    0.03188     1.9125    114.750     18.611  51144.160    31.7609     4.8330     18.436    7.25725     4.8201    25.1262   12.99487 4.8222e+00 0.0000e+00
        461 113.603553    0.03194     1.9167    115.000     18.842  51148.098    31.7622     4.8269     18.665    7.25824     4.8148    25.1279   12.99648 4.6078e+00 0.0000e+00
        462 113.603556    0.03201     1.9208    115.250     19.077  51150.954    31.7629     4.8214     18.897    7.25917     4.8097    25.1289   12.99800 4.3983e+00 0.0000e+00
        463 113.603559    0.03208     1.9250    115.500     19.317  51153.443    31.7633     4.8162     19.135    7.26006     4.8046    25.1298   12.99947 4.1938e+00 0.0000e+00
        464 113.603562    0.03215     1.9292    115.750     19.560  51155.662    31.7635     4.8111     19.376    7.26094     4.7995    25.1306   13.00091 3.9993e+00 0.0000e+00
        465 113.603565    0.03222     1.9333    116.000     19.799  51157.770    31.7637     4.8060     19.613    7.26182     4.7945    25.1313   13.00236 3.8217e+00 0.0000e+00
        466 113.603568    0.03229     1.9375    116.250     20.025  51160.329    31.7643     4.8009     19.836    7.26268     4.7899    25.1322   13.00378 3.6661e+00 0.0000e+00
        467 113.603571    0.03236     1.9417    116.500     20.230  51163.505    31.7652     4.7959     20.040    7.26350     4.7858    25.1335   13.00512 3.5338e+00 0.0000e+00
        468 113.603573    0.03243     1.9458    116.750     20.414  51166.874    31.7664     4.7913     20.223    7.26424     4.7823    25.1350   13.00634 3.4199e+00 0.0000e+00
        469 113.603576    0.03250     1.9500    117.000     20.584  51169.946    31.7676     4.7872     20.391    7.26490     4.7792    25.1363   13.00741 3.3152e+00 0.0000e+00
        470 113.603579    0.03257     1.9542    117.250     20.754  51172.317    31.7683     4.7837     20.558    7.26548     4.7762    25.1373   13.00835 3.2095e+00 0.0000e+00
        471 113.603582    0.03264     1.9583    117.500     20.937  51173.651    31.7685     4.7806     20.740    7.26601     4.7730    25.1377   13.00923 3.0953e+00 0.0000e+00
        472 113.603585    0.03271     1.9625    117.750     21.145  51173.876    31.7679     4.7777     20.946    7.26656     4.7691    25.1375   13.01014 2.9699e+00 0.0000e+00
        473 113.603588    0.03278     1.9667    118.000     21.379  51173.109    31.7665     4.7745     21.178    7.26718     4.7643    25.1368   13.01119 2.8358e+00 0.0000e+00
        474 113.603591    0.03285     1.9708    118.250     21.631  51172.204    31.7649     4.7706     21.428    7.26794     4.7590    25.1359   13.01246 2.7005e+00 0.0000e+00
        475 113.603594    0.03292     1.9750    118.500     21.887  51172.571    31.7640     4.7659     21.682    7.26881     4.7535    25.1357   13.01390 2.5724e+00 0.0000e+00
        476 113.603597    0.03299     1.9792    118.750     22.134  51174.485    31.7640     4.7606     21.926    7.26974     4.7482    25.1363   13.01544 2.4568e+00 0.0000e+00
        477 113.603600    0.03306     1.9833    119.000     22.365  51177.345    31.7646     4.7551     22.155    7.27067     4.7433    25.1374   13.01696 2.3542e+00 0.0000e+00
        478 113.603602    0.03313     1.9875    119.250     22.582  51180.594    31.7656     4.7498     22.370    7.27155     4.7388    25.1387   13.01840 2.2606e+00 0.0000e+00
        479 113.603605    0.03319     1.9917    119.500     22.793  51183.492    31.7664     4.7449     22.579    7.27236     4.7344    25.1398   13.01974 2.1710e+00 0.0000e+00
        480 113.603608    0.03326     1.9958    119.750     23.007  51185.546    31.7667     4.7404     22.790    7.27314     4.7300    25.1405   13.02101 2.0823e+00 0.0000e+00
        481 113.603611    0.03333     2.0000    120.000     23.227  51186.882    31.7665     4.7360     23.008    7.27390     4.7253    25.1408   13.02228 1.9947e+00 0.0000e+00
        482 113.603614    0.03340     2.0042    120.250     23.450  51187.807    31.7660     4.7316     23.229    7.27470     4.7203    25.1409   13.02360 1.9105e+00 0.0000e+00
        483 113.603617    0.03347     2.0083    120.500     23.669  51188.904    31.7656     4.7270     23.446    7.27554     4.7153    25.1411   13.02499 1.8330e+00 0.0000e+00
        484 113.603620    0.03354     2.0125    120.750     23.876  51191.102    31.7659     4.7220     23.651    7.27640     4.7107    25.1419   13.02641 1.7643e+00 0.0000e+00
        485 113.603623    0.03361     2.0167    121.000     24.068  51194.428    31.7670     4.7170     23.841    7.27722     4.7067    25.1433   13.02775 1.7034e+00 0.0000e+00
        486 113.603626    0.03368     2.0208    121.250     24.249  51197.800    31.7682     4.7124     24.021    7.27796     4.7031    25.1447   13.02895 1.6466e+00 0.0000e+00
        487 113.603628    0.03375     2.0250    121.500     24.432  51200.368    31.7690     4.7084     24.202    7.27862     4.6997    25.1457   13.03004 1.5897e+00 0.0000e+00
        488 113.603631    0.03382     2.0292    121.750     24.627  51202.155    31.7693     4.7048     24.396    7.27923     4.6964    25.1463   13.03104 1.5297e+00 0.0000e+00
        489 113.603634    0.03389     2.0333    122.000     24.842  51203.523    31.7694     4.7015     24.609    7.27981     4.6930    25.1467   13.03200 1.4662e+00 0.0000e+00
        490 113.603637    0.03396     2.0375    122.250     25.075  51204.374    31.7691     4.6982     24.838    7.28040     4.6893    25.1469   13.03298 1.4019e+00 0.0000e+00
        491 113.603640    0.03403     2.0417    122.500     25.313  51204.845    31.7685     4.6948     25.074    7.28103     4.6853    25.1468   13.03401 1.3408e+00 0.0000e+00
        492 113.603643    0.03410     2.0458    122.750     25.543  51206.002    31.7684     4.6910     25.303    7.28169     4.6816    25.1471   13.03511 1.2861e+00 0.0000e+00
        493 113.603646    0.03417     2.0500    123.000     25.758  51208.358    31.7690     4.6871     25.515    7.28234     4.6783    25.1480   13.03619 1.2382e+00 0.0000e+00
        494 113.603649    0.03424     2.0542    123.250     25.957  51211.059    31.7699     4.6834     25.712    7.28295     4.6752    25.1491   13.03718 1.1953e+00 0.0000e+00
        495 113.603652    0.03431     2.0583    123.500     26.147  51213.186    31.7705     4.6801     25.901    7.28350     4.6723    25.1500   13.03808 1.1547e+00 0.0000e+00
        496 113.603655    0.03438     2.0625    123.750     26.340  51214.479    31.7706     4.6771     26.091    7.28402     4.6692    25.1504   13.03894 1.1141e+00 0.0000e+00
        497 113.603657    0.03444     2.0667    124.000     26.542  51214.973    31.7702     4.6742     26.292    7.28455     4.6657    25.1503   13.03982 1.0728e+00 0.0000e+00
        498 113.603660    0.03451     2.0708    124.250     26.756  51215.063    31.7695     4.6711     26.504    7.28513     4.6620    25.1501   13.04078 1.0317e+00 0.0000e+00
        499 113.603663    0.03458     2.0750    124.500     26.974  51215.830    31.7691     4.6676     26.720    7.28576     4.6585    25.1502   13.04182 9.9258e-01 0.0000e+00
        500 113.603666    0.03465     2.0792    124.750     27.188  51218.097    31.7698     4.6639     26.931    7.28638     4.6555    25.1510   13.04284 9.5671e-01 0.0000e+00
        501 113.603669    0.03472     2.0833    125.000     27.390  51221.206    31.7710     4.6604     27.132    7.28694     4.6531    25.1524   13.04375 9.2448e-01 0.0000e+00
        502 113.603672    0.03479     2.0875    125.250     27.581  51223.930    31.7721     4.6574     27.321    7.28740     4.6512    25.1536   13.04450 8.9524e-01 0.0000e+00
        503 113.603675    0.03486     2.0917    125.500     27.764  51226.084    31.7730     4.6550     27.502    7.28778     4.6498    25.1545   13.04511 8.6735e-01 0.0000e+00
        504 113.603678    0.03493     2.0958    125.750     27.948  51228.011    31.7738     4.6532     27.685    7.28807     4.6488    25.1553   13.04557 8.3933e-01 0.0000e+00
        505 113.603681    0.03500     2.1000    126.000     28.141  51229.586    31.7744     4.6518     27.876    7.28828     4.6480    25.1560   13.04592 8.1069e-01 0.0000e+00
        506 113.603683    0.03507     2.1042    126.250     28.343  51230.588    31.7748     4.6508     28.076    7.28844     4.6474    25.1564   13.04618 7.8188e-01 0.0000e+00
        507 113.603686    0.03514     2.1083    126.500     28.552  51231.132    31.7749     4.6500     28.283    7.28857     4.6468    25.1565   13.04639 7.5376e-01 0.0000e+00
        508 113.603689    0.03521     2.1125    126.750     28.761  51231.545    31.7749     4.6494     28.490    7.28868     4.6462    25.1566   13.04657 7.2700e-01 0.0000e+00
        509 113.603692    0.03528     2.1167    127.000     28.967  51232.035    31.7750     4.6488     28.694    7.28878     4.6458    25.1568   13.04673 7.0174e-01 0.0000e+00
        510 113.603695    0.03535     2.1208    127.250     29.171  51232.593    31.7752     4.6482     28.896    7.28886     4.6454    25.1570   13.04687 6.7772e-01 0.0000e+00
        511 113.603698    0.03542     2.1250    127.500     29.374  51233.177    31.7754     4.6478     29.097    7.28893     4.6451    25.1572   13.04698 6.5445e-01 0.0000e+00
        512 113.603701    0.03549     2.1292    127.750     29.582  51233.744    31.7756     4.6474     29.303    7.28899     4.6448    25.1574   13.04707 6.3151e-01 0.0000e+00
        513 113.603704    0.03556     2.1333    128.000     29.795  51234.187    31.7757     4.6471     29.514    7.28903     4.6446    25.1575   13.04714 6.0878e-01 0.0000e+00
        514 113.603707    0.03562     2.1375    128.250     30.012  51234.442    31.7757     4.6469     29.729    7.28907     4.6445    25.1575   13.04720 5.8664e-01 0.0000e+00
        515 113.603709    0.03569     2.1417    128.500     30.228  51234.614    31.7757     4.6467     29.943    7.28910     4.6443    25.1575   13.04726 5.6571e-01 0.0000e+00
        516 113.603712    0.03576     2.1458    128.750     30.439  51234.874    31.7758     4.6466     30.152    7.28913     4.6443    25.1576   13.04730 5.4637e-01 0.0000e+00
        517 113.603715    0.03583     2.1500    129.000     30.641  51235.234    31.7759     4.6464     30.352    7.28915     4.6443    25.1577   13.04732 5.2855e-01 0.0000e+00
        518 113.603718    0.03590     2.1542    129.250     30.834  51235.626    31.7760     4.6464     30.544    7.28915     4.6445    25.1578   13.04732 5.1198e-01 0.0000e+00
        519 113.603721    0.03597     2.1583    129.500     31.023  51236.100    31.7763     4.6464     30.731    7.28913     4.6448    25.1580   13.04729 4.9623e-01 0.0000e+00
        520 113.603724    0.03604     2.1625    129.750     31.211  51236.682    31.7766     4.6466     30.917    7.28908     4.6452    25.1583   13.04721 4.8076e-01 0.0000e+00
        521 113.603727    0.03611     2.1667    130.000     31.404  51237.184    31.7769     4.6469     31.109    7.28901     4.6456    25.1585   13.04709 4.6518e-01 0.0000e+00
        522 113.603730    0.03618     2.1708    130.250     31.606  51237.476    31.7771     4.6473     31.308    7.28892     4.6461    25.1586   13.04695 4.4929e-01 0.0000e+00
        523 113.603733    0.03625     2.1750    130.500     31.817  51237.597    31.7772     4.6478     31.517    7.28884     4.6465    25.1586   13.04680 4.3317e-01 0.0000e+00
        524 113.603736    0.03632     2.1792    130.750     32.035  51237.654    31.7773     4.6483     31.734    7.28875     4.6469    25.1586   13.04666 4.1712e-01 0.0000e+00
        525 113.603738    0.03639     2.1833    131.000     32.257  51237.791    31.7773     4.6488     31.953    7.28867     4.6474    25.1586   13.04652 4.0161e-01 0.0000e+00
        526 113.603741    0.03646     2.1875    131.250     32.475  51238.017    31.7775     4.6492     32.169    7.28858     4.6480    25.1587   13.04637 3.8704e-01 0.0000e+00
        527 113.603744    0.03653     2.1917    131.500     32.685  51238.298    31.7777     4.6497     32.377    7.28848     4.6486    25.1588   13.04621 3.7351e-01 0.0000e+00
        528 113.603747    0.03660     2.1958    131.750     32.888  51238.633    31.7779     4.6503     32.578    7.28837     4.6493    25.1590   13.04603 3.6085e-01 0.0000e+00
        529 113.603750    0.03667     2.2000    132.000     33.086  51238.838    31.7781     4.6509     32.774    7.28825     4.6499    25.1591   13.04582 3.4865e-01 0.0000e+00
        530 113.603753    0.03674     2.2042    132.250     33.284  51238.685    31.7781     4.6516     32.970    7.28813     4.6505    25.1590   13.04562 3.3657e-01 0.0000e+00
        531 113.603756    0.03681     2.2083    132.500     33.486  51238.281    31.7779     4.6523     33.170    7.28802     4.6510    25.1587   13.04545 3.2456e-01 0.0000e+00
        532 113.603759    0.03687     2.2125    132.750     33.692  51237.832    31.7776     4.6529     33.374    7.28793     4.6513    25.1584   13.04530 3.1274e-01 0.0000e+00
        533 113.603762    0.03694     2.2167    133.000     33.900  51237.404    31.7773     4.6533     33.580    7.28787     4.6514    25.1582   13.04520 3.0133e-01 0.0000e+00
        534 113.603764    0.03701     2.2208    133.250     34.107  51237.082    31.7770     4.6537     33.785    7.28782     4.6515    25.1579   13.04513 2.9041e-01 0.0000e+00
        535 113.603767    0.03708     2.2250    133.500     34.314  51236.915    31.7769     4.6538     33.990    7.28780     4.6516    25.1578   13.04509 2.7992e-01 0.0000e+00
        536 113.603770    0.03715     2.2292    133.750     34.523  51236.877    31.7768     4.6539     34.197    7.28779     4.6516    25.1577   13.04507 2.6969e-01 0.0000e+00
        537 113.603773    0.03722     2.2333    134.000     34.737  51236.941    31.7767     4.6540     34.409    7.28778     4.6515    25.1576   13.04506 2.5954e-01 0.0000e+00
        538 113.603776    0.03729     2.2375    134.250     34.957  51237.039    31.7767     4.6540     34.627    7.28778     4.6515    25.1576   13.04506 2.4960e-01 0.0000e+00
        539 113.603779    0.03736     2.2417    134.500     35.178  51237.093    31.7766     4.6539     34.846    7.28779     4.6514    25.1575   13.04507 2.4015e-01 0.0000e+00
        540 113.603782    0.03743     2.2458    134.750     35.396  51237.145    31.7765     4.6539     35.062    7.28780     4.6513    25.1575   13.04509 2.3140e-01 0.0000e+00
        541 113.603785    0.03750     2.2500    135.000     35.605  51237.231    31.7765     4.6538     35.269    7.28781     4.6512    25.1574   13.04512 2.2337e-01 0.0000e+00
        542 113.603788    0.03757     2.2542    135.250     35.808  51237.354    31.7764     4.6537     35.470    7.28783     4.6510    25.1574   13.04515 2.1592e-01 0.0000e+00
