CTD-processing/allCTD/CNV--turbid/2018_03-02_t9_s09_cast019.cnv
* Sea-Bird SBE19plus Data File:
* FileName = C:\Users\Kim.Powell\Desktop\Not Processed\2018\2018_03-02_AlongBay,T9_5028\2018_03-02_TRANSECT_STATION_cast019.hex
* Software Version 1.59
* Temperature SN =  5028
* Conductivity SN =  5028
* System UpLoad Time = Mar 05 2018 11:40:10
** 2018_03-02
** Station: 9-09
** Start Time: 15:04
** Depth (m): 85.3
** Comment:**CTD time 1 hour off
** Comment:
# nquan = 16
# nvalues = 719                         
# units = specified
# name 0 = scan: Scan Count
# name 1 = timeJ: Julian Days
# name 2 = timeH: Time, Elapsed [hours]
# name 3 = timeM: Time, Elapsed [minutes]
# name 4 = timeS: Time, Elapsed [seconds]
# name 5 = prdM: Pressure, Strain Gauge [db]
# name 6 = specc: Specific Conductance [uS/cm]
# name 7 = sal00: Salinity, Practical [PSU]
# name 8 = tv290C: Temperature [ITS-90, deg C]
# name 9 = depSM: Depth [salt water, m], lat = 59.00
# name 10 = oxsolML/L: Oxygen Saturation, Garcia & Gordon [ml/l]
# name 11 = potemp090C: Potential Temperature [ITS-90, deg C]
# name 12 = sigma-é00: Density [sigma-theta, kg/m^3]
# name 13 = n2satML/L: Nitrogen Saturation [ml/l]
# name 14 = par: PAR/Irradiance, Biospherical/Licor
# name 15 = flag:  0.000e+00
# span 0 =          1,        719       
# span 1 =  61.669653,  61.671730       
# span 2 =    0.00000,    0.04986       
# span 3 =     0.0000,     2.9917       
# span 4 =      0.000,    179.500       
# span 5 =      0.378,     82.963       
# span 6 =  51219.640,  51513.083       
# span 7 =    31.0570,    31.7034       
# span 8 =     1.6258,     3.8854       
# span 9 =      0.374,     82.171       
# span 10 =    7.42861,    7.89474      
# span 11 =     1.7087,     3.8801      
# span 12 =    24.8374,    25.1898      
# span 13 =   13.27847,   14.05606      
# span 14 = 3.7976e-02, 8.6732e+01      
# span 15 = 0.0000e+00, 0.0000e+00      
# interval = seconds: 0.25
# start_time = Mar 02 2018 16:04:18 [Instrument's time stamp, header]
# bad_flag = -9.990e-29
*END*
[from data line 181]
        182  61.670177    0.01257     0.7542     45.250      1.048  51284.620    31.1236     1.9100      1.038    7.83417     1.9051    24.8732   13.95527 4.1831e+01 0.0000e+00
        183  61.670179    0.01264     0.7583     45.500      1.035  51281.999    31.1214     1.9084      1.026    7.83462     1.9010    24.8716   13.95604 4.2551e+01 0.0000e+00
        184  61.670182    0.01271     0.7625     45.750      1.021  51287.466    31.1241     1.9052      1.011    7.83512     1.8977    24.8740   13.95682 4.3203e+01 0.0000e+00
        185  61.670185    0.01278     0.7667     46.000      1.009  51300.652    31.1317     1.9011      0.999    7.83552     1.8962    24.8804   13.95737 4.3697e+01 0.0000e+00
        186  61.670188    0.01285     0.7708     46.250      1.006  51316.827    31.1416     1.8977      0.997    7.83566     1.8970    24.8885   13.95748 4.3896e+01 0.0000e+00
        187  61.670191    0.01292     0.7750     46.500      1.014  51329.963    31.1499     1.8962      1.005    7.83550     1.8997    24.8953   13.95710 4.3552e+01 0.0000e+00
        188  61.670194    0.01299     0.7792     46.750      1.031  51336.443    31.1545     1.8971      1.021    7.83509     1.9028    24.8989   13.95636 4.2670e+01 0.0000e+00
        189  61.670197    0.01306     0.7833     47.000      1.051  51335.094    31.1543     1.8997      1.041    7.83458     1.9051    24.8986   13.95551 4.1696e+01 0.0000e+00
        190  61.670200    0.01313     0.7875     47.250      1.067  51325.923    31.1491     1.9029      1.056    7.83423     1.9055    24.8942   13.95501 4.1170e+01 0.0000e+00
        191  61.670203    0.01319     0.7917     47.500      1.072  51312.033    31.1405     1.9052      1.061    7.83423     1.9032    24.8871   13.95513 4.1479e+01 0.0000e+00
        192  61.670205    0.01326     0.7958     47.750      1.063  51300.603    31.1329     1.9055      1.053    7.83457     1.8985    24.8810   13.95579 4.2599e+01 0.0000e+00
        193  61.670208    0.01333     0.8000     48.000      1.043  51298.425    31.1308     1.9032      1.033    7.83514     1.8932    24.8795   13.95677 4.4043e+01 0.0000e+00
        194  61.670211    0.01340     0.8042     48.250      1.019  51307.318    31.1354     1.8986      1.010    7.83582     1.8893    24.8835   13.95782 4.5202e+01 0.0000e+00
        195  61.670214    0.01347     0.8083     48.500      1.003  51323.481    31.1447     1.8933      0.994    7.83637     1.8879    24.8913   13.95860 4.5275e+01 0.0000e+00
        196  61.670217    0.01354     0.8125     48.750      1.002  51339.865    31.1545     1.8893      0.993    7.83663     1.8894    24.8994   13.95890 4.3817e+01 0.0000e+00
        197  61.670220    0.01361     0.8167     49.000      1.017  51350.522    31.1612     1.8880      1.008    7.83653     1.8927    24.9049   13.95865 4.1629e+01 0.0000e+00
        198  61.670223    0.01368     0.8208     49.250      1.041  51352.423    31.1629     1.8895      1.032    7.83614     1.8959    24.9061   13.95798 3.9891e+01 0.0000e+00
        199  61.670226    0.01375     0.8250     49.500      1.062  51344.734    31.1587     1.8928      1.052    7.83572     1.8973    24.9026   13.95734 3.8950e+01 0.0000e+00
        200  61.670229    0.01382     0.8292     49.750      1.070  51331.944    31.1511     1.8959      1.060    7.83550     1.8965    24.8963   13.95708 3.8595e+01 0.0000e+00
        201  61.670231    0.01389     0.8333     50.000      1.060  51323.165    31.1456     1.8974      1.050    7.83551     1.8942    24.8918   13.95717 3.8889e+01 0.0000e+00
        202  61.670234    0.01396     0.8375     50.250      1.038  51324.099    31.1460     1.8965      1.029    7.83565     1.8923    24.8922   13.95740 4.0163e+01 0.0000e+00
        203  61.670237    0.01403     0.8417     50.500      1.015  51333.577    31.1517     1.8943      1.005    7.83580     1.8922    24.8969   13.95756 4.1945e+01 0.0000e+00
        204  61.670240    0.01410     0.8458     50.750      1.001  51345.888    31.1594     1.8923      0.992    7.83577     1.8945    24.9031   13.95741 4.3003e+01 0.0000e+00
        205  61.670243    0.01417     0.8500     51.000      1.003  51355.101    31.1656     1.8923      0.994    7.83544     1.8984    24.9081   13.95679 4.2722e+01 0.0000e+00
        206  61.670246    0.01424     0.8542     51.250      1.019  51357.982    31.1682     1.8946      1.009    7.83484     1.9024    24.9100   13.95576 4.1574e+01 0.0000e+00
        207  61.670249    0.01431     0.8583     51.500      1.041  51353.563    31.1663     1.8985      1.031    7.83417     1.9054    24.9082   13.95468 4.0313e+01 0.0000e+00
        208  61.670252    0.01438     0.8625     51.750      1.060  51342.780    31.1603     1.9025      1.051    7.83369     1.9066    24.9031   13.95399 3.9295e+01 0.0000e+00
        209  61.670255    0.01444     0.8667     52.000      1.070  51329.136    31.1520     1.9055      1.061    7.83355     1.9057    24.8963   13.95386 3.8661e+01 0.0000e+00
        210  61.670258    0.01451     0.8708     52.250      1.067  51318.256    31.1451     1.9067      1.057    7.83368     1.9030    24.8907   13.95417 3.8555e+01 0.0000e+00
        211  61.670260    0.01458     0.8750     52.500      1.053  51314.402    31.1422     1.9058      1.043    7.83402     1.8998    24.8885   13.95476 3.8994e+01 0.0000e+00
        212  61.670263    0.01465     0.8792     52.750      1.034  51317.719    31.1437     1.9031      1.024    7.83447     1.8971    24.8898   13.95549 3.9924e+01 0.0000e+00
        213  61.670266    0.01472     0.8833     53.000      1.016  51325.357    31.1478     1.8999      1.006    7.83490     1.8957    24.8934   13.95613 4.1311e+01 0.0000e+00
        214  61.670269    0.01479     0.8875     53.250      1.004  51334.204    31.1530     1.8972      0.994    7.83514     1.8955    24.8977   13.95647 4.2779e+01 0.0000e+00
        215  61.670272    0.01486     0.8917     53.500      0.999  51342.310    31.1580     1.8957      0.990    7.83517     1.8967    24.9018   13.95644 4.3692e+01 0.0000e+00
        216  61.670275    0.01493     0.8958     53.750      1.005  51348.166    31.1619     1.8955      0.995    7.83499     1.8991    24.9049   13.95610 4.3623e+01 0.0000e+00
        217  61.670278    0.01500     0.9000     54.000      1.019  51350.322    31.1636     1.8967      1.010    7.83466     1.9022    24.9063   13.95553 4.2579e+01 0.0000e+00
        218  61.670281    0.01507     0.9042     54.250      1.039  51347.890    31.1627     1.8991      1.029    7.83423     1.9049    24.9053   13.95483 4.1034e+01 0.0000e+00
        219  61.670284    0.01514     0.9083     54.500      1.057  51340.564    31.1587     1.9022      1.047    7.83384     1.9064    24.9019   13.95425 3.9545e+01 0.0000e+00
        220  61.670286    0.01521     0.9125     54.750      1.067  51330.089    31.1524     1.9049      1.056    7.83364     1.9064    24.8967   13.95400 3.8539e+01 0.0000e+00
        221  61.670289    0.01528     0.9167     55.000      1.065  51320.785    31.1467     1.9064      1.055    7.83364     1.9047    24.8920   13.95407 3.8326e+01 0.0000e+00
        222  61.670292    0.01535     0.9208     55.250      1.054  51316.422    31.1438     1.9064      1.044    7.83380     1.9020    24.8897   13.95438 3.9002e+01 0.0000e+00
        223  61.670295    0.01542     0.9250     55.500      1.038  51318.201    31.1445     1.9047      1.028    7.83411     1.8996    24.8904   13.95488 4.0267e+01 0.0000e+00
        224  61.670298    0.01549     0.9292     55.750      1.023  51324.958    31.1482     1.9020      1.014    7.83444     1.8983    24.8936   13.95537 4.1401e+01 0.0000e+00
        225  61.670301    0.01556     0.9333     56.000      1.015  51334.058    31.1536     1.8996      1.006    7.83463     1.8986    24.8980   13.95561 4.1760e+01 0.0000e+00
        226  61.670304    0.01563     0.9375     56.250      1.018  51342.203    31.1587     1.8983      1.008    7.83461     1.9004    24.9022   13.95552 4.1280e+01 0.0000e+00
        227  61.670307    0.01569     0.9417     56.500      1.030  51346.436    31.1616     1.8986      1.020    7.83439     1.9029    24.9045   13.95512 4.0384e+01 0.0000e+00
        228  61.670310    0.01576     0.9458     56.750      1.046  51345.260    31.1613     1.9004      1.036    7.83405     1.9052    24.9041   13.95455 3.9610e+01 0.0000e+00
        229  61.670313    0.01583     0.9500     57.000      1.060  51338.887    31.1578     1.9030      1.050    7.83373     1.9064    24.9011   13.95408 3.9395e+01 0.0000e+00
        230  61.670315    0.01590     0.9542     57.250      1.066  51329.895    31.1524     1.9053      1.056    7.83357     1.9061    24.8967   13.95388 3.9860e+01 0.0000e+00
        231  61.670318    0.01597     0.9583     57.500      1.063  51322.642    31.1479     1.9065      1.053    7.83357     1.9044    24.8930   13.95395 4.0747e+01 0.0000e+00
        232  61.670321    0.01604     0.9625     57.750      1.052  51320.521    31.1464     1.9061      1.042    7.83372     1.9022    24.8918   13.95421 4.1707e+01 0.0000e+00
        233  61.670324    0.01611     0.9667     58.000      1.040  51324.367    31.1485     1.9044      1.030    7.83395     1.9005    24.8936   13.95456 4.2516e+01 0.0000e+00
        234  61.670327    0.01618     0.9708     58.250      1.031  51332.177    31.1531     1.9022      1.021    7.83414     1.9000    24.8974   13.95482 4.3024e+01 0.0000e+00
        235  61.670330    0.01625     0.9750     58.500      1.028  51340.373    31.1581     1.9005      1.018    7.83420     1.9007    24.9015   13.95485 4.3176e+01 0.0000e+00
        236  61.670333    0.01632     0.9792     58.750      1.030  51346.262    31.1619     1.9000      1.020    7.83410     1.9025    24.9046   13.95462 4.3106e+01 0.0000e+00
        237  61.670336    0.01639     0.9833     59.000      1.036  51349.003    31.1639     1.9008      1.027    7.83384     1.9048    24.9062   13.95417 4.2841e+01 0.0000e+00
        238  61.670339    0.01646     0.9875     59.250      1.043  51349.212    31.1646     1.9025      1.034    7.83346     1.9073    24.9066   13.95353 4.2180e+01 0.0000e+00
        239  61.670341    0.01653     0.9917     59.500      1.049  51348.421    31.1647     1.9049      1.040    7.83299     1.9099    24.9065   13.95275 4.1296e+01 0.0000e+00
        240  61.670344    0.01660     0.9958     59.750      1.054  51348.606    31.1656     1.9074      1.044    7.83244     1.9128    24.9071   13.95183 4.0702e+01 0.0000e+00
        241  61.670347    0.01667     1.0000     60.000      1.057  51351.932    31.1686     1.9100      1.047    7.83176     1.9162    24.9093   13.95068 4.0473e+01 0.0000e+00
        242  61.670350    0.01674     1.0042     60.250      1.058  51358.118    31.1736     1.9129      1.049    7.83092     1.9199    24.9131   13.94923 4.0311e+01 0.0000e+00
        243  61.670353    0.01681     1.0083     60.500      1.057  51363.129    31.1779     1.9163      1.048    7.83001     1.9234    24.9163   13.94768 4.0194e+01 0.0000e+00
        244  61.670356    0.01688     1.0125     60.750      1.054  51364.499    31.1799     1.9200      1.044    7.82917     1.9263    24.9176   13.94626 4.0383e+01 0.0000e+00
        245  61.670359    0.01694     1.0167     61.000      1.049  51363.613    31.1803     1.9234      1.039    7.82846     1.9285    24.9177   13.94508 4.0956e+01 0.0000e+00
        246  61.670362    0.01701     1.0208     61.250      1.042  51362.103    31.1801     1.9263      1.032    7.82790     1.9302    24.9174   13.94416 4.1719e+01 0.0000e+00
        247  61.670365    0.01708     1.0250     61.500      1.035  51360.450    31.1797     1.9286      1.026    7.82747     1.9314    24.9169   13.94346 4.2480e+01 0.0000e+00
        248  61.670367    0.01715     1.0292     61.750      1.032  51358.740    31.1790     1.9303      1.022    7.82717     1.9320    24.9162   13.94298 4.3132e+01 0.0000e+00
        249  61.670370    0.01722     1.0333     62.000      1.034  51357.001    31.1782     1.9315      1.024    7.82698     1.9322    24.9155   13.94267 4.3328e+01 0.0000e+00
        250  61.670373    0.01729     1.0375     62.250      1.042  51355.323    31.1772     1.9321      1.032    7.82690     1.9320    24.9147   13.94255 4.2694e+01 0.0000e+00
        251  61.670376    0.01736     1.0417     62.500      1.055  51353.866    31.1763     1.9323      1.045    7.82691     1.9315    24.9139   13.94258 4.1403e+01 0.0000e+00
        252  61.670379    0.01743     1.0458     62.750      1.069  51352.887    31.1756     1.9321      1.059    7.82699     1.9308    24.9134   13.94273 3.9877e+01 0.0000e+00
        253  61.670382    0.01750     1.0500     63.000      1.076  51352.593    31.1752     1.9315      1.066    7.82712     1.9303    24.9131   13.94294 3.8521e+01 0.0000e+00
        254  61.670385    0.01757     1.0542     63.250      1.072  51353.076    31.1754     1.9309      1.062    7.82724     1.9300    24.9133   13.94313 3.7945e+01 0.0000e+00
        255  61.670388    0.01764     1.0583     63.500      1.057  51354.208    31.1760     1.9303      1.047    7.82732     1.9299    24.9138   13.94325 3.8477e+01 0.0000e+00
        256  61.670391    0.01771     1.0625     63.750      1.035  51355.227    31.1766     1.9300      1.025    7.82735     1.9299    24.9143   13.94329 3.9641e+01 0.0000e+00
        257  61.670394    0.01778     1.0667     64.000      1.016  51355.523    31.1768     1.9300      1.006    7.82735     1.9299    24.9145   13.94329 4.0428e+01 0.0000e+00
        258  61.670396    0.01785     1.0708     64.250      1.009  51355.193    31.1766     1.9300      0.999    7.82735     1.9298    24.9143   13.94330 4.0182e+01 0.0000e+00
        259  61.670399    0.01792     1.0750     64.500      1.018  51354.674    31.1762     1.9300      1.008    7.82738     1.9295    24.9140   13.94335 3.9374e+01 0.0000e+00
        260  61.670402    0.01799     1.0792     64.750      1.037  51354.535    31.1761     1.9298      1.027    7.82742     1.9293    24.9139   13.94342 3.8871e+01 0.0000e+00
        261  61.670405    0.01806     1.0833     65.000      1.057  51354.830    31.1762     1.9296      1.047    7.82745     1.9293    24.9140   13.94348 3.9024e+01 0.0000e+00
        262  61.670408    0.01812     1.0875     65.250      1.068  51355.259    31.1764     1.9294      1.058    7.82748     1.9293    24.9142   13.94352 3.9736e+01 0.0000e+00
        263  61.670411    0.01819     1.0917     65.500      1.064  51355.855    31.1768     1.9293      1.055    7.82747     1.9296    24.9145   13.94350 4.0702e+01 0.0000e+00
        264  61.670414    0.01826     1.0958     65.750      1.050  51356.680    31.1774     1.9294      1.041    7.82743     1.9302    24.9150   13.94342 4.1800e+01 0.0000e+00
        265  61.670417    0.01833     1.1000     66.000      1.034  51357.660    31.1781     1.9297      1.024    7.82733     1.9309    24.9156   13.94325 4.2699e+01 0.0000e+00
        266  61.670420    0.01840     1.1042     66.250      1.024  51358.629    31.1789     1.9302      1.015    7.82718     1.9319    24.9162   13.94300 4.2623e+01 0.0000e+00
        267  61.670422    0.01847     1.1083     66.500      1.027  51359.564    31.1797     1.9309      1.017    7.82699     1.9331    24.9168   13.94266 4.1577e+01 0.0000e+00
        268  61.670425    0.01854     1.1125     66.750      1.039  51360.512    31.1806     1.9319      1.029    7.82674     1.9344    24.9174   13.94225 4.0473e+01 0.0000e+00
        269  61.670428    0.01861     1.1167     67.000      1.055  51360.757    31.1811     1.9331      1.045    7.82647     1.9355    24.9178   13.94180 3.9878e+01 0.0000e+00
        270  61.670431    0.01868     1.1208     67.250      1.067  51359.776    31.1808     1.9344      1.057    7.82623     1.9361    24.9175   13.94141 3.9911e+01 0.0000e+00
        271  61.670434    0.01875     1.1250     67.500      1.070  51358.222    31.1801     1.9355      1.060    7.82606     1.9364    24.9168   13.94113 4.0648e+01 0.0000e+00
