CTD-processing/allCTD/CNV--turbid/2018_05-24_alongbay_skb07_cast088.cnv
* Sea-Bird SBE19plus Data File:
* FileName = C:\Users\Kim.Powell\Desktop\Not Processed\2018\2018_05-24_AlongBay, T9_5028\2018_05-24_TRANSECT_STATION_cast088.hex
* Software Version 1.59
* Temperature SN =  5028
* Conductivity SN =  5028
* System UpLoad Time = May 25 2018 13:21:17
** 2018_05-24
** Station: KB07
** Start Time: 11:42
** Depth (m): 149
** Comment:
** Comment:
# nquan = 16
# nvalues = 975                         
# units = specified
# name 0 = scan: Scan Count
# name 1 = timeJ: Julian Days
# name 2 = timeH: Time, Elapsed [hours]
# name 3 = timeM: Time, Elapsed [minutes]
# name 4 = timeS: Time, Elapsed [seconds]
# name 5 = prdM: Pressure, Strain Gauge [db]
# name 6 = specc: Specific Conductance [uS/cm]
# name 7 = sal00: Salinity, Practical [PSU]
# name 8 = tv290C: Temperature [ITS-90, deg C]
# name 9 = depSM: Depth [salt water, m], lat = 59.00
# name 10 = oxsolML/L: Oxygen Saturation, Garcia & Gordon [ml/l]
# name 11 = potemp090C: Potential Temperature [ITS-90, deg C]
# name 12 = sigma-é00: Density [sigma-theta, kg/m^3]
# name 13 = n2satML/L: Nitrogen Saturation [ml/l]
# name 14 = par: PAR/Irradiance, Biospherical/Licor
# name 15 = flag:  0.000e+00
# span 0 =          1,        975       
# span 1 = 144.488113, 144.490932       
# span 2 =    0.00000,    0.06764       
# span 3 =     0.0000,     4.0583       
# span 4 =      0.000,    243.500       
# span 5 =      0.674,    145.304       
# span 6 =  48171.589,  51145.938       
# span 7 =    30.2809,    31.8707       
# span 8 =     5.6301,     7.9721       
# span 9 =      0.668,    143.895       
# span 10 =    6.80655,    7.11668      
# span 11 =     5.6188,     7.9720      
# span 12 =    23.5836,    25.1256      
# span 13 =   12.26752,   12.76287      
# span 14 = 4.2896e-02, 2.3462e+02      
# span 15 = 0.0000e+00, 0.0000e+00      
# interval = seconds: 0.25
# start_time = May 24 2018 11:42:53 [Instrument's time stamp, header]
# bad_flag = -9.990e-29
*END*
[from data line 272]
        273 144.488900    0.01889     1.1333     68.000      0.731  48287.517    30.3699     7.9582      0.724    6.80846     7.9650    23.6458   12.27059 1.8850e+02 0.0000e+00
        274 144.488903    0.01896     1.1375     68.250      0.735  48285.109    30.3688     7.9620      0.728    6.80792     7.9673    23.6444   12.26973 1.9025e+02 0.0000e+00
        275 144.488906    0.01903     1.1417     68.500      0.732  48282.604    30.3676     7.9651      0.725    6.80750     7.9687    23.6429   12.26904 1.9366e+02 0.0000e+00
        276 144.488909    0.01910     1.1458     68.750      0.722  48280.087    30.3662     7.9674      0.715    6.80721     7.9694    23.6415   12.26858 1.9698e+02 0.0000e+00
        277 144.488912    0.01917     1.1500     69.000      0.710  48277.856    30.3648     7.9688      0.703    6.80705     7.9697    23.6403   12.26832 1.9910e+02 0.0000e+00
        278 144.488915    0.01924     1.1542     69.250      0.704  48277.206    30.3645     7.9694      0.697    6.80697     7.9702    23.6399   12.26819 1.9958e+02 0.0000e+00
        279 144.488918    0.01931     1.1583     69.500      0.708  48278.216    30.3652     7.9697      0.701    6.80689     7.9711    23.6404   12.26805 2.0125e+02 0.0000e+00
        280 144.488921    0.01938     1.1625     69.750      0.724  48279.753    30.3664     7.9703      0.718    6.80675     7.9720    23.6413   12.26782 2.0358e+02 0.0000e+00
        281 144.488924    0.01944     1.1667     70.000      0.749  48279.999    30.3667     7.9712      0.743    6.80659     7.9715    23.6414   12.26755 2.0197e+02 0.0000e+00
        282 144.488927    0.01951     1.1708     70.250      0.778  48276.493    30.3643     7.9721      0.770    6.80655     7.9676    23.6394   12.26752 1.9697e+02 0.0000e+00
        283 144.488929    0.01958     1.1750     70.500      0.808  48268.412    30.3586     7.9716      0.800    6.80689     7.9579    23.6350   12.26814 1.9085e+02 0.0000e+00
        284 144.488932    0.01965     1.1792     70.750      0.846  48256.074    30.3494     7.9677      0.838    6.80792     7.9396    23.6283   12.26995 1.8231e+02 0.0000e+00
        285 144.488935    0.01972     1.1833     71.000      0.906  48238.538    30.3357     7.9580      0.898    6.81003     7.9082    23.6188   12.27362 1.6906e+02 0.0000e+00
        286 144.488938    0.01979     1.1875     71.250      1.006  48213.304    30.3153     7.9397      0.996    6.81379     7.8613    23.6054   12.28010 1.5166e+02 0.0000e+00
        287 144.488941    0.01986     1.1917     71.500      1.149  48189.463    30.2938     7.9083      1.138    6.81962     7.8039    23.5929   12.29002 1.3318e+02 0.0000e+00
        288 144.488944    0.01993     1.1958     71.750      1.330  48192.403    30.2886     7.8614      1.318    6.82715     7.7450    23.5952   12.30255 1.1616e+02 0.0000e+00
        289 144.488947    0.02000     1.2000     72.000      1.539  48228.779    30.3050     7.8041      1.525    6.83536     7.6883    23.6159   12.31593 1.0178e+02 0.0000e+00
        290 144.488950    0.02007     1.2042     72.250      1.767  48275.154    30.3280     7.7452      1.750    6.84353     7.6344    23.6421   12.32916 8.9579e+01 0.0000e+00
        291 144.488953    0.02014     1.2083     72.500      2.003  48319.376    30.3498     7.6884      1.984    6.85142     7.5870    23.6669   12.34195 7.8736e+01 0.0000e+00
        292 144.488955    0.02021     1.2125     72.750      2.242  48369.319    30.3760     7.6346      2.221    6.85868     7.5495    23.6948   12.35364 6.9382e+01 0.0000e+00
        293 144.488958    0.02028     1.2167     73.000      2.479  48422.297    30.4053     7.5872      2.456    6.86480     7.5212    23.7242   12.36341 6.1803e+01 0.0000e+00
        294 144.488961    0.02035     1.2208     73.250      2.712  48465.723    30.4295     7.5498      2.687    6.86960     7.4986    23.7483   12.37104 5.5944e+01 0.0000e+00
        295 144.488964    0.02042     1.2250     73.500      2.940  48495.038    30.4453     7.5215      2.913    6.87334     7.4787    23.7645   12.37703 5.1475e+01 0.0000e+00
        296 144.488967    0.02049     1.2292     73.750      3.165  48513.892    30.4547     7.4989      3.136    6.87647     7.4599    23.7749   12.38209 4.7932e+01 0.0000e+00
        297 144.488970    0.02056     1.2333     74.000      3.390  48527.585    30.4610     7.4790      3.359    6.87932     7.4421    23.7825   12.38674 4.4894e+01 0.0000e+00
        298 144.488973    0.02063     1.2375     74.250      3.620  48541.299    30.4674     7.4603      3.586    6.88200     7.4258    23.7901   12.39108 4.2151e+01 0.0000e+00
        299 144.488976    0.02069     1.2417     74.500      3.856  48558.043    30.4760     7.4425      3.820    6.88441     7.4108    23.7993   12.39496 3.9661e+01 0.0000e+00
        300 144.488979    0.02076     1.2458     74.750      4.098  48577.654    30.4869     7.4262      4.059    6.88649     7.3961    23.8100   12.39827 3.7397e+01 0.0000e+00
        301 144.488981    0.02083     1.2500     75.000      4.340  48601.977    30.5013     7.4112      4.299    6.88822     7.3805    23.8233   12.40095 3.5301e+01 0.0000e+00
        302 144.488984    0.02090     1.2542     75.250      4.576  48634.005    30.5210     7.3965      4.534    6.88966     7.3619    23.8407   12.40308 3.3333e+01 0.0000e+00
        303 144.488987    0.02097     1.2583     75.500      4.803  48675.538    30.5471     7.3810      4.758    6.89095     7.3353    23.8633   12.40489 3.1508e+01 0.0000e+00
        304 144.488990    0.02104     1.2625     75.750      5.020  48724.154    30.5777     7.3623      4.974    6.89254     7.2924    23.8897   12.40714 2.9840e+01 0.0000e+00
        305 144.488993    0.02111     1.2667     76.000      5.233  48771.709    30.6061     7.3358      5.184    6.89549     7.2233    23.9156   12.41167 2.8306e+01 0.0000e+00
        306 144.488996    0.02118     1.2708     76.250      5.448  48816.767    30.6301     7.2929      5.397    6.90125     7.1234    23.9400   12.42089 2.6850e+01 0.0000e+00
        307 144.488999    0.02125     1.2750     76.500      5.670  48875.433    30.6591     7.2238      5.617    6.91097     7.0010    23.9718   12.43660 2.5415e+01 0.0000e+00
        308 144.489002    0.02132     1.2792     76.750      5.901  48970.807    30.7083     7.1240      5.846    6.92471     6.8735    24.0235   12.45871 2.3964e+01 0.0000e+00
        309 144.489005    0.02139     1.2833     77.000      6.138  49106.174    30.7813     7.0015      6.081    6.94101     6.7563    24.0968   12.48477 2.2496e+01 0.0000e+00
        310 144.489008    0.02146     1.2875     77.250      6.377  49260.732    30.8664     6.8740      6.318    6.95763     6.6574    24.1802   12.51117 2.1045e+01 0.0000e+00
        311 144.489010    0.02153     1.2917     77.500      6.613  49410.635    30.9499     6.7568      6.552    6.97270     6.5781    24.2608   12.53503 1.9669e+01 0.0000e+00
        312 144.489013    0.02160     1.2958     77.750      6.842  49540.668    31.0226     6.6580      6.778    6.98534     6.5156    24.3306   12.55503 1.8404e+01 0.0000e+00
        313 144.489016    0.02167     1.3000     78.000      7.063  49645.666    31.0812     6.5787      6.997    6.99550     6.4654    24.3868   12.57109 1.7252e+01 0.0000e+00
        314 144.489019    0.02174     1.3042     78.250      7.280  49727.329    31.1265     6.5162      7.212    7.00357     6.4221    24.4304   12.58385 1.6191e+01 0.0000e+00
        315 144.489022    0.02181     1.3083     78.500      7.498  49789.636    31.1605     6.4660      7.427    7.01017     6.3793    24.4634   12.59433 1.5184e+01 0.0000e+00
        316 144.489025    0.02187     1.3125     78.750      7.719  49838.185    31.1861     6.4227      7.647    7.01606     6.3307    24.4890   12.60375 1.4207e+01 0.0000e+00
        317 144.489028    0.02194     1.3167     79.000      7.945  49880.352    31.2073     6.3799      7.871    7.02208     6.2730    24.5110   12.61345 1.3247e+01 0.0000e+00
        318 144.489031    0.02201     1.3208     79.250      8.172  49926.309    31.2300     6.3313      8.096    7.02901     6.2098    24.5349   12.62461 1.2308e+01 0.0000e+00
        319 144.489034    0.02208     1.3250     79.500      8.396  49986.267    31.2607     6.2736      8.317    7.03708     6.1497    24.5661   12.63756 1.1413e+01 0.0000e+00
        320 144.489036    0.02215     1.3292     79.750      8.616  50060.245    31.2999     6.2105      8.534    7.04566     6.0993    24.6047   12.65124 1.0581e+01 0.0000e+00
        321 144.489039    0.02222     1.3333     80.000      8.833  50136.361    31.3411     6.1504      8.749    7.05366     6.0597    24.6445   12.66393 9.8088e+00 0.0000e+00
        322 144.489042    0.02229     1.3375     80.250      9.052  50202.132    31.3769     6.1000      8.967    7.06032     6.0284    24.6789   12.67449 9.0863e+00 0.0000e+00
        323 144.489045    0.02236     1.3417     80.500      9.278  50252.647    31.4042     6.0604      9.190    7.06559     6.0011    24.7052   12.68286 8.4072e+00 0.0000e+00
        324 144.489048    0.02243     1.3458     80.750      9.510  50290.032    31.4240     6.0291      9.421    7.06987     5.9745    24.7245   12.68967 7.7751e+00 0.0000e+00
        325 144.489051    0.02250     1.3500     81.000      9.745  50320.403    31.4396     6.0019      9.653    7.07365     5.9474    24.7401   12.69572 7.2000e+00 0.0000e+00
        326 144.489054    0.02257     1.3542     81.250      9.975  50350.887    31.4554     5.9753      9.882    7.07733     5.9209    24.7558   12.70160 6.6872e+00 0.0000e+00
        327 144.489057    0.02264     1.3583     81.500     10.199  50385.116    31.4737     5.9481     10.103    7.08099     5.8974    24.7735   12.70741 6.2314e+00 0.0000e+00
        328 144.489060    0.02271     1.3625     81.750     10.416  50421.035    31.4933     5.9217     10.318    7.08447     5.8780    24.7920   12.71292 5.8200e+00 0.0000e+00
        329 144.489062    0.02278     1.3667     82.000     10.634  50454.239    31.5115     5.8982     10.534    7.08754     5.8630    24.8092   12.71775 5.4371e+00 0.0000e+00
        330 144.489065    0.02285     1.3708     82.250     10.860  50481.972    31.5268     5.8789     10.759    7.09004     5.8518    24.8236   12.72169 5.0700e+00 0.0000e+00
        331 144.489068    0.02292     1.3750     82.500     11.100  50503.753    31.5388     5.8639     10.996    7.09198     5.8436    24.8348   12.72474 4.7149e+00 0.0000e+00
        332 144.489071    0.02299     1.3792     82.750     11.350  50520.279    31.5479     5.8527     11.244    7.09342     5.8376    24.8433   12.72701 4.3788e+00 0.0000e+00
        333 144.489074    0.02306     1.3833     83.000     11.603  50532.603    31.5546     5.8445     11.494    7.09447     5.8333    24.8497   12.72866 4.0714e+00 0.0000e+00
        334 144.489077    0.02313     1.3875     83.250     11.848  50541.747    31.5597     5.8386     11.737    7.09522     5.8301    24.8544   12.72984 3.7992e+00 0.0000e+00
        335 144.489080    0.02319     1.3917     83.500     12.076  50548.642    31.5635     5.8343     11.963    7.09576     5.8273    24.8579   12.73068 3.5641e+00 0.0000e+00
        336 144.489083    0.02326     1.3958     83.750     12.287  50554.252    31.5666     5.8310     12.172    7.09616     5.8249    24.8607   12.73129 3.3606e+00 0.0000e+00
        337 144.489086    0.02333     1.4000     84.000     12.488  50559.435    31.5696     5.8283     12.371    7.09647     5.8227    24.8633   12.73177 3.1770e+00 0.0000e+00
        338 144.489089    0.02340     1.4042     84.250     12.688  50564.624    31.5726     5.8259     12.569    7.09674     5.8210    24.8660   12.73218 3.0003e+00 0.0000e+00
        339 144.489091    0.02347     1.4083     84.500     12.902  50569.695    31.5756     5.8237     12.781    7.09696     5.8198    24.8686   12.73251 2.8215e+00 0.0000e+00
        340 144.489094    0.02354     1.4125     84.750     13.137  50574.147    31.5782     5.8220     13.014    7.09713     5.8192    24.8709   12.73274 2.6390e+00 0.0000e+00
        341 144.489097    0.02361     1.4167     85.000     13.393  50577.784    31.5804     5.8208     13.267    7.09721     5.8190    24.8727   12.73286 2.4583e+00 0.0000e+00
        342 144.489100    0.02368     1.4208     85.250     13.656  50580.907    31.5823     5.8202     13.528    7.09722     5.8190    24.8743   12.73285 2.2891e+00 0.0000e+00
        343 144.489103    0.02375     1.4250     85.500     13.911  50583.785    31.5841     5.8200     13.780    7.09717     5.8193    24.8758   12.73274 2.1395e+00 0.0000e+00
        344 144.489106    0.02382     1.4292     85.750     14.145  50586.576    31.5860     5.8201     14.012    7.09707     5.8197    24.8773   12.73255 2.0125e+00 0.0000e+00
        345 144.489109    0.02389     1.4333     86.000     14.358  50589.343    31.5878     5.8204     14.223    7.09693     5.8203    24.8787   12.73231 1.9049e+00 0.0000e+00
        346 144.489112    0.02396     1.4375     86.250     14.556  50592.038    31.5897     5.8208     14.419    7.09677     5.8208    24.8801   12.73202 1.8097e+00 0.0000e+00
        347 144.489115    0.02403     1.4417     86.500     14.750  50594.572    31.5914     5.8214     14.611    7.09660     5.8211    24.8815   12.73171 1.7197e+00 0.0000e+00
        348 144.489117    0.02410     1.4458     86.750     14.951  50596.758    31.5930     5.8220     14.811    7.09643     5.8208    24.8826   12.73141 1.6306e+00 0.0000e+00
        349 144.489120    0.02417     1.4500     87.000     15.165  50598.671    31.5943     5.8223     15.023    7.09631     5.8192    24.8836   12.73120 1.5411e+00 0.0000e+00
        350 144.489123    0.02424     1.4542     87.250     15.393  50601.143    31.5958     5.8220     15.249    7.09630     5.8156    24.8848   12.73115 1.4520e+00 0.0000e+00
        351 144.489126    0.02431     1.4583     87.500     15.631  50605.191    31.5981     5.8204     15.485    7.09646     5.8092    24.8869   12.73138 1.3653e+00 0.0000e+00
        352 144.489129    0.02438     1.4625     87.750     15.874  50611.594    31.6017     5.8168     15.725    7.09689     5.7995    24.8901   12.73205 1.2832e+00 0.0000e+00
        353 144.489132    0.02444     1.4667     88.000     16.114  50621.777    31.6074     5.8105     15.963    7.09768     5.7869    24.8953   12.73328 1.2083e+00 0.0000e+00
        354 144.489135    0.02451     1.4708     88.250     16.345  50637.617    31.6163     5.8008     16.192    7.09888     5.7725    24.9035   12.73515 1.1419e+00 0.0000e+00
        355 144.489138    0.02458     1.4750     88.500     16.563  50658.383    31.6280     5.7882     16.407    7.10045     5.7576    24.9142   12.73759 1.0842e+00 0.0000e+00
        356 144.489141    0.02465     1.4792     88.750     16.769  50680.800    31.6405     5.7738     16.611    7.10226     5.7430    24.9258   12.74043 1.0334e+00 0.0000e+00
        357 144.489144    0.02472     1.4833     89.000     16.970  50703.039    31.6528     5.7589     16.810    7.10417     5.7296    24.9373   12.74344 9.8651e-01 0.0000e+00
        358 144.489146    0.02479     1.4875     89.250     17.175  50724.545    31.6646     5.7444     17.014    7.10605     5.7177    24.9483   12.74638 9.4072e-01 0.0000e+00
        359 144.489149    0.02486     1.4917     89.500     17.394  50744.580    31.6757     5.7309     17.231    7.10778     5.7075    24.9586   12.74911 8.9450e-01 0.0000e+00
        360 144.489152    0.02493     1.4958     89.750     17.630  50762.578    31.6856     5.7190     17.464    7.10931     5.6986    24.9678   12.75150 8.4808e-01 0.0000e+00
        361 144.489155    0.02500     1.5000     90.000     17.876  50778.314    31.6943     5.7088     17.709    7.11061     5.6909    24.9759   12.75355 8.0312e-01 0.0000e+00
