CTD-processing/allCTD/CNV--turbid/2018_05-24_t9_s06_cast100.cnv
* Sea-Bird SBE19plus Data File:
* FileName = C:\Users\Kim.Powell\Desktop\Not Processed\2018\2018_05-24_AlongBay, T9_5028\2018_05-24_TRANSECT_STATION_cast100.hex
* Software Version 1.59
* Temperature SN =  5028
* Conductivity SN =  5028
* System UpLoad Time = May 25 2018 13:37:42
** 2018_05-24
** Station: 9-06
** Start Time: 14:50
** Depth (m): 103
** Comment:
** Comment:
# nquan = 16
# nvalues = 820                         
# units = specified
# name 0 = scan: Scan Count
# name 1 = timeJ: Julian Days
# name 2 = timeH: Time, Elapsed [hours]
# name 3 = timeM: Time, Elapsed [minutes]
# name 4 = timeS: Time, Elapsed [seconds]
# name 5 = prdM: Pressure, Strain Gauge [db]
# name 6 = specc: Specific Conductance [uS/cm]
# name 7 = sal00: Salinity, Practical [PSU]
# name 8 = tv290C: Temperature [ITS-90, deg C]
# name 9 = depSM: Depth [salt water, m], lat = 59.00
# name 10 = oxsolML/L: Oxygen Saturation, Garcia & Gordon [ml/l]
# name 11 = potemp090C: Potential Temperature [ITS-90, deg C]
# name 12 = sigma-é00: Density [sigma-theta, kg/m^3]
# name 13 = n2satML/L: Nitrogen Saturation [ml/l]
# name 14 = par: PAR/Irradiance, Biospherical/Licor
# name 15 = flag:  0.000e+00
# span 0 =          1,        820       
# span 1 = 144.617604, 144.619974       
# span 2 =    0.00000,    0.05688       
# span 3 =     0.0000,     3.4125       
# span 4 =      0.000,    204.750       
# span 5 =      0.724,     97.581       
# span 6 =  48353.263,  51151.212       
# span 7 =    30.4118,    31.8850       
# span 8 =     5.5706,     7.9329       
# span 9 =      0.716,     96.646       
# span 10 =    6.80799,    7.12484      
# span 11 =     5.5631,     7.9328      
# span 12 =    23.6821,    25.1434      
# span 13 =   12.26792,   12.77462      
# span 14 = 4.3375e-02, 8.7794e+02      
# span 15 = 0.0000e+00, 0.0000e+00      
# interval = seconds: 0.25
# start_time = May 24 2018 14:49:21 [Instrument's time stamp, header]
# bad_flag = -9.990e-29
*END*
[from data line 633]
        634 144.619436    0.04396     2.6375    158.250     54.560  51002.450    31.8289     5.6965     54.043    7.10632     5.6930    25.0841   12.74474 4.4812e-02 0.0000e+00
        635 144.619439    0.04403     2.6417    158.500     54.778  51003.918    31.8299     5.6967     54.259    7.10624     5.6939    25.0848   12.74460 4.4781e-02 0.0000e+00
        636 144.619442    0.04410     2.6458    158.750     54.994  51004.832    31.8305     5.6973     54.473    7.10611     5.6947    25.0852   12.74437 4.4757e-02 0.0000e+00
        637 144.619444    0.04417     2.6500    159.000     55.219  51004.754    31.8305     5.6982     54.696    7.10596     5.6952    25.0852   12.74413 4.4735e-02 0.0000e+00
        638 144.619447    0.04424     2.6542    159.250     55.459  51003.431    31.8297     5.6990     54.934    7.10585     5.6953    25.0844   12.74397 4.4710e-02 0.0000e+00
        639 144.619450    0.04431     2.6583    159.500     55.714  51001.740    31.8285     5.6995     55.186    7.10582     5.6950    25.0834   12.74393 4.4682e-02 0.0000e+00
        640 144.619453    0.04437     2.6625    159.750     55.976  51001.137    31.8279     5.6996     55.445    7.10584     5.6948    25.0830   12.74397 4.4658e-02 0.0000e+00
        641 144.619456    0.04444     2.6667    160.000     56.234  51002.091    31.8284     5.6993     55.701    7.10586     5.6950    25.0834   12.74400 4.4637e-02 0.0000e+00
        642 144.619459    0.04451     2.6708    160.250     56.480  51003.531    31.8293     5.6992     55.945    7.10584     5.6952    25.0841   12.74395 4.4618e-02 0.0000e+00
        643 144.619462    0.04458     2.6750    160.500     56.713  51003.686    31.8293     5.6994     56.175    7.10581     5.6951    25.0841   12.74390 4.4599e-02 0.0000e+00
        644 144.619465    0.04465     2.6792    160.750     56.937  51002.392    31.8283     5.6996     56.397    7.10582     5.6945    25.0833   12.74393 4.4579e-02 0.0000e+00
        645 144.619468    0.04472     2.6833    161.000     57.162  51001.425    31.8275     5.6995     56.620    7.10588     5.6940    25.0827   12.74404 4.4562e-02 0.0000e+00
        646 144.619470    0.04479     2.6875    161.250     57.395  51001.861    31.8276     5.6990     56.851    7.10596     5.6937    25.0828   12.74417 4.4545e-02 0.0000e+00
        647 144.619473    0.04486     2.6917    161.500     57.640  51003.162    31.8283     5.6985     57.093    7.10602     5.6936    25.0834   12.74426 4.4529e-02 0.0000e+00
        648 144.619476    0.04493     2.6958    161.750     57.897  51004.328    31.8289     5.6982     57.348    7.10604     5.6935    25.0839   12.74429 4.4511e-02 0.0000e+00
        649 144.619479    0.04500     2.7000    162.000     58.161  51004.733    31.8291     5.6981     57.609    7.10605     5.6933    25.0840   12.74430 4.4490e-02 0.0000e+00
        650 144.619482    0.04507     2.7042    162.250     58.428  51004.483    31.8288     5.6981     57.873    7.10607     5.6930    25.0838   12.74433 4.4463e-02 0.0000e+00
        651 144.619485    0.04514     2.7083    162.500     58.691  51004.105    31.8283     5.6979     58.134    7.10611     5.6925    25.0835   12.74441 4.4432e-02 0.0000e+00
        652 144.619488    0.04521     2.7125    162.750     58.947  51003.974    31.8281     5.6975     58.388    7.10618     5.6919    25.0833   12.74453 4.4402e-02 0.0000e+00
        653 144.619491    0.04528     2.7167    163.000     59.193  51004.161    31.8280     5.6971     58.632    7.10627     5.6914    25.0833   12.74467 4.4381e-02 0.0000e+00
        654 144.619494    0.04535     2.7208    163.250     59.431  51004.434    31.8279     5.6965     58.867    7.10636     5.6909    25.0833   12.74482 4.4366e-02 0.0000e+00
        655 144.619497    0.04542     2.7250    163.500     59.662  51004.596    31.8278     5.6960     59.096    7.10645     5.6904    25.0833   12.74497 4.4350e-02 0.0000e+00
        656 144.619499    0.04549     2.7292    163.750     59.893  51004.812    31.8278     5.6955     59.324    7.10653     5.6899    25.0833   12.74511 4.4336e-02 0.0000e+00
        657 144.619502    0.04556     2.7333    164.000     60.128  51005.436    31.8280     5.6950     59.557    7.10661     5.6896    25.0836   12.74523 4.4324e-02 0.0000e+00
        658 144.619505    0.04562     2.7375    164.250     60.369  51006.282    31.8284     5.6946     59.796    7.10666     5.6894    25.0839   12.74531 4.4308e-02 0.0000e+00
        659 144.619508    0.04569     2.7417    164.500     60.615  51006.811    31.8285     5.6943     60.040    7.10670     5.6892    25.0841   12.74537 4.4289e-02 0.0000e+00
        660 144.619511    0.04576     2.7458    164.750     60.863  51007.125    31.8286     5.6942     60.285    7.10673     5.6891    25.0842   12.74542 4.4276e-02 0.0000e+00
        661 144.619514    0.04583     2.7500    165.000     61.110  51007.514    31.8287     5.6940     60.530    7.10675     5.6890    25.0843   12.74546 4.4266e-02 0.0000e+00
        662 144.619517    0.04590     2.7542    165.250     61.351  51007.965    31.8289     5.6939     60.769    7.10677     5.6889    25.0844   12.74548 4.4257e-02 0.0000e+00
        663 144.619520    0.04597     2.7583    165.500     61.586  51008.482    31.8291     5.6938     61.001    7.10678     5.6890    25.0846   12.74549 4.4251e-02 0.0000e+00
        664 144.619523    0.04604     2.7625    165.750     61.813  51009.121    31.8294     5.6937     61.227    7.10676     5.6892    25.0849   12.74547 4.4245e-02 0.0000e+00
        665 144.619525    0.04611     2.7667    166.000     62.037  51009.886    31.8299     5.6938     61.448    7.10673     5.6896    25.0852   12.74540 4.4232e-02 0.0000e+00
        666 144.619528    0.04618     2.7708    166.250     62.260  51010.663    31.8303     5.6941     61.668    7.10666     5.6901    25.0856   12.74529 4.4211e-02 0.0000e+00
        667 144.619531    0.04625     2.7750    166.500     62.487  51011.156    31.8307     5.6945     61.894    7.10658     5.6907    25.0858   12.74515 4.4190e-02 0.0000e+00
        668 144.619534    0.04632     2.7792    166.750     62.720  51011.353    31.8308     5.6950     62.124    7.10648     5.6912    25.0858   12.74499 4.4175e-02 0.0000e+00
        669 144.619537    0.04639     2.7833    167.000     62.958  51011.455    31.8309     5.6956     62.360    7.10639     5.6916    25.0858   12.74482 4.4162e-02 0.0000e+00
        670 144.619540    0.04646     2.7875    167.250     63.199  51011.331    31.8308     5.6961     62.599    7.10630     5.6918    25.0857   12.74469 4.4151e-02 0.0000e+00
        671 144.619543    0.04653     2.7917    167.500     63.439  51010.949    31.8305     5.6965     62.837    7.10624     5.6919    25.0854   12.74459 4.4139e-02 0.0000e+00
        672 144.619546    0.04660     2.7958    167.750     63.673  51010.645    31.8302     5.6968     63.068    7.10621     5.6919    25.0852   12.74454 4.4126e-02 0.0000e+00
        673 144.619549    0.04667     2.8000    168.000     63.902  51010.594    31.8301     5.6969     63.294    7.10619     5.6919    25.0851   12.74452 4.4113e-02 0.0000e+00
        674 144.619552    0.04674     2.8042    168.250     64.126  51010.617    31.8300     5.6969     63.517    7.10620     5.6917    25.0850   12.74453 4.4101e-02 0.0000e+00
        675 144.619554    0.04681     2.8083    168.500     64.347  51010.646    31.8299     5.6969     63.735    7.10621     5.6915    25.0849   12.74455 4.4085e-02 0.0000e+00
        676 144.619557    0.04688     2.8125    168.750     64.567  51010.813    31.8299     5.6967     63.953    7.10624     5.6913    25.0849   12.74459 4.4071e-02 0.0000e+00
        677 144.619560    0.04694     2.8167    169.000     64.791  51011.168    31.8300     5.6965     64.175    7.10627     5.6911    25.0850   12.74463 4.4060e-02 0.0000e+00
        678 144.619563    0.04701     2.8208    169.250     65.023  51011.704    31.8302     5.6963     64.405    7.10629     5.6910    25.0852   12.74467 4.4042e-02 0.0000e+00
        679 144.619566    0.04708     2.8250    169.500     65.264  51012.407    31.8305     5.6962     64.644    7.10630     5.6911    25.0855   12.74469 4.4025e-02 0.0000e+00
        680 144.619569    0.04715     2.8292    169.750     65.514  51013.268    31.8310     5.6961     64.891    7.10629     5.6914    25.0859   12.74466 4.4026e-02 0.0000e+00
        681 144.619572    0.04722     2.8333    170.000     65.768  51014.320    31.8316     5.6962     65.142    7.10624     5.6919    25.0864   12.74458 4.4029e-02 0.0000e+00
        682 144.619575    0.04729     2.8375    170.250     66.019  51015.599    31.8325     5.6965     65.391    7.10615     5.6928    25.0870   12.74442 4.4023e-02 0.0000e+00
        683 144.619578    0.04736     2.8417    170.500     66.262  51016.984    31.8334     5.6970     65.632    7.10601     5.6938    25.0877   12.74418 4.4016e-02 0.0000e+00
        684 144.619580    0.04743     2.8458    170.750     66.492  51017.920    31.8341     5.6979     65.859    7.10584     5.6948    25.0882   12.74388 4.4015e-02 0.0000e+00
        685 144.619583    0.04750     2.8500    171.000     66.713  51017.953    31.8342     5.6989     66.079    7.10566     5.6955    25.0881   12.74358 4.4016e-02 0.0000e+00
        686 144.619586    0.04757     2.8542    171.250     66.935  51017.411    31.8340     5.6999     66.298    7.10551     5.6961    25.0878   12.74333 4.4012e-02 0.0000e+00
        687 144.619589    0.04764     2.8583    171.500     67.167  51016.841    31.8336     5.7007     66.528    7.10539     5.6965    25.0874   12.74315 4.4004e-02 0.0000e+00
        688 144.619592    0.04771     2.8625    171.750     67.415  51016.564    31.8334     5.7013     66.773    7.10531     5.6968    25.0872   12.74301 4.3993e-02 0.0000e+00
        689 144.619595    0.04778     2.8667    172.000     67.675  51016.900    31.8336     5.7017     67.031    7.10523     5.6974    25.0873   12.74288 4.3981e-02 0.0000e+00
        690 144.619598    0.04785     2.8708    172.250     67.939  51018.078    31.8344     5.7021     67.293    7.10513     5.6983    25.0879   12.74270 4.3968e-02 0.0000e+00
        691 144.619601    0.04792     2.8750    172.500     68.200  51019.601    31.8354     5.7027     67.551    7.10497     5.6994    25.0886   12.74244 4.3956e-02 0.0000e+00
        692 144.619604    0.04799     2.8792    172.750     68.449  51020.462    31.8361     5.7036     67.798    7.10478     5.7005    25.0890   12.74212 4.3939e-02 0.0000e+00
        693 144.619606    0.04806     2.8833    173.000     68.683  51020.394    31.8362     5.7048     68.030    7.10459     5.7014    25.0890   12.74180 4.3916e-02 0.0000e+00
        694 144.619609    0.04813     2.8875    173.250     68.907  51019.789    31.8359     5.7059     68.251    7.10442     5.7020    25.0886   12.74152 4.3895e-02 0.0000e+00
        695 144.619612    0.04819     2.8917    173.500     69.131  51018.964    31.8354     5.7068     68.473    7.10429     5.7023    25.0881   12.74131 4.3885e-02 0.0000e+00
        696 144.619615    0.04826     2.8958    173.750     69.363  51018.191    31.8349     5.7074     68.703    7.10421     5.7023    25.0876   12.74118 4.3889e-02 0.0000e+00
        697 144.619618    0.04833     2.9000    174.000     69.612  51017.646    31.8344     5.7077     68.949    7.10417     5.7020    25.0873   12.74113 4.3898e-02 0.0000e+00
        698 144.619621    0.04840     2.9042    174.250     69.874  51017.163    31.8340     5.7078     69.209    7.10419     5.7014    25.0869   12.74116 4.3907e-02 0.0000e+00
        699 144.619624    0.04847     2.9083    174.500     70.142  51016.632    31.8334     5.7075     69.474    7.10425     5.7006    25.0865   12.74128 4.3914e-02 0.0000e+00
        700 144.619627    0.04854     2.9125    174.750     70.404  51016.395    31.8330     5.7069     69.734    7.10437     5.6996    25.0862   12.74148 4.3916e-02 0.0000e+00
        701 144.619630    0.04861     2.9167    175.000     70.653  51016.798    31.8330     5.7061     69.980    7.10452     5.6988    25.0863   12.74171 4.3909e-02 0.0000e+00
        702 144.619633    0.04868     2.9208    175.250     70.885  51017.620    31.8333     5.7052     70.210    7.10466     5.6980    25.0866   12.74195 4.3898e-02 0.0000e+00
        703 144.619635    0.04875     2.9250    175.500     71.105  51018.277    31.8334     5.7043     70.428    7.10480     5.6972    25.0869   12.74217 4.3889e-02 0.0000e+00
        704 144.619638    0.04882     2.9292    175.750     71.321  51018.543    31.8334     5.7035     70.642    7.10493     5.6962    25.0869   12.74240 4.3880e-02 0.0000e+00
        705 144.619641    0.04889     2.9333    176.000     71.543  51018.554    31.8331     5.7027     70.862    7.10508     5.6951    25.0868   12.74265 4.3868e-02 0.0000e+00
        706 144.619644    0.04896     2.9375    176.250     71.777  51018.630    31.8328     5.7017     71.093    7.10525     5.6939    25.0867   12.74293 4.3856e-02 0.0000e+00
        707 144.619647    0.04903     2.9417    176.500     72.025  51019.140    31.8328     5.7006     71.339    7.10543     5.6928    25.0869   12.74323 4.3849e-02 0.0000e+00
        708 144.619650    0.04910     2.9458    176.750     72.281  51019.829    31.8330     5.6995     71.593    7.10562     5.6917    25.0871   12.74353 4.3843e-02 0.0000e+00
        709 144.619653    0.04917     2.9500    177.000     72.536  51020.141    31.8329     5.6984     71.845    7.10580     5.6904    25.0871   12.74384 4.3834e-02 0.0000e+00
        710 144.619656    0.04924     2.9542    177.250     72.779  51020.167    31.8325     5.6973     72.086    7.10601     5.6888    25.0870   12.74419 4.3828e-02 0.0000e+00
        711 144.619659    0.04931     2.9583    177.500     73.007  51020.200    31.8322     5.6960     72.312    7.10625     5.6870    25.0868   12.74458 4.3823e-02 0.0000e+00
        712 144.619661    0.04938     2.9625    177.750     73.222  51020.109    31.8317     5.6944     72.525    7.10653     5.6848    25.0866   12.74505 4.3818e-02 0.0000e+00
        713 144.619664    0.04944     2.9667    178.000     73.430  51019.594    31.8309     5.6927     72.731    7.10687     5.6819    25.0862   12.74562 4.3819e-02 0.0000e+00
        714 144.619667    0.04951     2.9708    178.250     73.639  51018.399    31.8295     5.6905     72.938    7.10730     5.6783    25.0854   12.74635 4.3822e-02 0.0000e+00
        715 144.619670    0.04958     2.9750    178.500     73.858  51017.370    31.8281     5.6876     73.155    7.10785     5.6745    25.0846   12.74727 4.3820e-02 0.0000e+00
        716 144.619673    0.04965     2.9792    178.750     74.090  51018.148    31.8278     5.6841     73.384    7.10846     5.6709    25.0848   12.74829 4.3819e-02 0.0000e+00
        717 144.619676    0.04972     2.9833    179.000     74.336  51020.829    31.8287     5.6802     73.628    7.10906     5.6679    25.0860   12.74928 4.3815e-02 0.0000e+00
        718 144.619679    0.04979     2.9875    179.250     74.594  51024.238    31.8302     5.6767     73.883    7.10959     5.6657    25.0876   12.75013 4.3805e-02 0.0000e+00
        719 144.619682    0.04986     2.9917    179.500     74.857  51027.400    31.8317     5.6738     74.143    7.11001     5.6641    25.0891   12.75080 4.3796e-02 0.0000e+00
        720 144.619685    0.04993     2.9958    179.750     75.118  51029.870    31.8328     5.6716     74.402    7.11033     5.6628    25.0902   12.75131 4.3788e-02 0.0000e+00
        721 144.619688    0.05000     3.0000    180.000     75.372  51031.670    31.8336     5.6699     74.653    7.11056     5.6618    25.0911   12.75169 4.3779e-02 0.0000e+00
        722 144.619690    0.05007     3.0042    180.250     75.615  51032.917    31.8341     5.6687     74.894    7.11074     5.6610    25.0916   12.75198 4.3768e-02 0.0000e+00
        723 144.619693    0.05014     3.0083    180.500     75.849  51033.711    31.8343     5.6677     75.126    7.11089     5.6602    25.0919   12.75223 4.3758e-02 0.0000e+00
