CTD-processing/allCTD/CNV--turbid/2018_07-24_t4_s05_cast174.cnv
* Sea-Bird SBE19plus Data File:
* FileName = C:\Users\Kim.Powell\Desktop\Not Processed\2018\2018_08-24_T4, T9_5028\2018_07-24_TRANSECT_STATION_cast174.hex
* Software Version 1.59
* Temperature SN =  5028
* Conductivity SN =  5028
* System UpLoad Time = Jul 26 2018 09:19:37
** 2018_07-24
** Station: 4-05
** Start Time: 11:07
** Depth (m): 79
** Comment:
** Comment:
# nquan = 16
# nvalues = 658                         
# units = specified
# name 0 = scan: Scan Count
# name 1 = timeJ: Julian Days
# name 2 = timeH: Time, Elapsed [hours]
# name 3 = timeM: Time, Elapsed [minutes]
# name 4 = timeS: Time, Elapsed [seconds]
# name 5 = prdM: Pressure, Strain Gauge [db]
# name 6 = specc: Specific Conductance [uS/cm]
# name 7 = sal00: Salinity, Practical [PSU]
# name 8 = tv290C: Temperature [ITS-90, deg C]
# name 9 = depSM: Depth [salt water, m], lat = 59.00
# name 10 = oxsolML/L: Oxygen Saturation, Garcia & Gordon [ml/l]
# name 11 = potemp090C: Potential Temperature [ITS-90, deg C]
# name 12 = sigma-é00: Density [sigma-theta, kg/m^3]
# name 13 = n2satML/L: Nitrogen Saturation [ml/l]
# name 14 = par: PAR/Irradiance, Biospherical/Licor
# name 15 = flag:  0.000e+00
# span 0 =          1,        658       
# span 1 = 205.463657, 205.465558       
# span 2 =    0.00000,    0.04562       
# span 3 =     0.0000,     2.7375       
# span 4 =      0.000,    164.250       
# span 5 =      0.803,     76.708       
# span 6 =  48111.869,  50109.189       
# span 7 =    30.7446,    31.6007       
# span 8 =     7.9137,    12.0086       
# span 9 =      0.796,     75.977       
# span 10 =    6.21325,    6.76089      
# span 11 =     7.9064,    12.0085      
# span 12 =    23.2909,    24.6180      
# span 13 =   11.27926,   12.17666      
# span 14 = 6.1731e-02, 1.0507e+02      
# span 15 = 0.0000e+00, 0.0000e+00      
# interval = seconds: 0.25
# start_time = Jul 24 2018 11:07:40 [Instrument's time stamp, header]
# bad_flag = -9.990e-29
*END*
[from data line 362]
        363 205.464705    0.02514     1.5083     90.500      9.983  49411.558    31.4535    10.1207      9.889    6.44296    10.0961    24.1644   11.65221 2.6555e+01 0.0000e+00
        364 205.464708    0.02521     1.5125     90.750     10.212  49410.506    31.4514    10.1100     10.117    6.44456    10.0788    24.1645   11.65488 2.5920e+01 0.0000e+00
        365 205.464711    0.02528     1.5167     91.000     10.441  49404.141    31.4452    10.0973     10.344    6.44661    10.0553    24.1617   11.65835 2.5302e+01 0.0000e+00
        366 205.464714    0.02535     1.5208     91.250     10.666  49395.373    31.4367    10.0800     10.566    6.44939    10.0261    24.1579   11.66307 2.4705e+01 0.0000e+00
        367 205.464716    0.02542     1.5250     91.500     10.886  49389.447    31.4294    10.0566     10.784    6.45300     9.9928    24.1561   11.66912 2.4131e+01 0.0000e+00
        368 205.464719    0.02549     1.5292     91.750     11.104  49389.595    31.4257    10.0273     10.999    6.45728     9.9576    24.1580   11.67627 2.3574e+01 0.0000e+00
        369 205.464722    0.02556     1.5333     92.000     11.322  49394.952    31.4252     9.9941     11.216    6.46200     9.9215    24.1630   11.68408 2.3024e+01 0.0000e+00
        370 205.464725    0.02562     1.5375     92.250     11.545  49402.039    31.4256     9.9589     11.437    6.46696     9.8839    24.1691   11.69229 2.2477e+01 0.0000e+00
        371 205.464728    0.02569     1.5417     92.500     11.773  49406.537    31.4241     9.9228     11.663    6.47214     9.8437    24.1738   11.70090 2.1931e+01 0.0000e+00
        372 205.464731    0.02576     1.5458     92.750     12.007  49406.685    31.4193     9.8852     11.895    6.47767     9.8011    24.1761   11.71010 2.1389e+01 0.0000e+00
        373 205.464734    0.02583     1.5500     93.000     12.244  49408.369    31.4151     9.8450     12.129    6.48355     9.7594    24.1794   11.71990 2.0858e+01 0.0000e+00
        374 205.464737    0.02590     1.5542     93.250     12.479  49419.979    31.4177     9.8025     12.363    6.48950     9.7223    24.1883   11.72972 2.0344e+01 0.0000e+00
        375 205.464740    0.02597     1.5583     93.500     12.711  49441.201    31.4271     9.7608     12.592    6.49505     9.6916    24.2024   11.73879 1.9846e+01 0.0000e+00
        376 205.464742    0.02604     1.5625     93.750     12.940  49465.555    31.4394     9.7237     12.818    6.49982     9.6671    24.2180   11.74655 1.9358e+01 0.0000e+00
        377 205.464745    0.02611     1.5667     94.000     13.166  49487.759    31.4509     9.6930     13.043    6.50372     9.6473    24.2319   11.75287 1.8873e+01 0.0000e+00
        378 205.464748    0.02618     1.5708     94.250     13.394  49505.223    31.4599     9.6685     13.268    6.50685     9.6306    24.2429   11.75794 1.8393e+01 0.0000e+00
        379 205.464751    0.02625     1.5750     94.500     13.622  49517.611    31.4660     9.6488     13.495    6.50941     9.6153    24.2507   11.76212 1.7920e+01 0.0000e+00
        380 205.464754    0.02632     1.5792     94.750     13.853  49525.776    31.4694     9.6321     13.723    6.51166     9.6002    24.2561   11.76579 1.7456e+01 0.0000e+00
        381 205.464757    0.02639     1.5833     95.000     14.086  49530.741    31.4708     9.6169     13.954    6.51378     9.5842    24.2596   11.76929 1.7002e+01 0.0000e+00
        382 205.464760    0.02646     1.5875     95.250     14.322  49532.881    31.4702     9.6018     14.187    6.51597     9.5658    24.2615   11.77293 1.6553e+01 0.0000e+00
        383 205.464763    0.02653     1.5917     95.500     14.561  49531.378    31.4669     9.5858     14.424    6.51841     9.5432    24.2615   11.77700 1.6109e+01 0.0000e+00
        384 205.464766    0.02660     1.5958     95.750     14.803  49525.468    31.4602     9.5674     14.664    6.52134     9.5151    24.2592   11.78192 1.5670e+01 0.0000e+00
        385 205.464769    0.02667     1.6000     96.000     15.046  49517.655    31.4516     9.5448     14.904    6.52495     9.4817    24.2560   11.78800 1.5241e+01 0.0000e+00
        386 205.464771    0.02674     1.6042     96.250     15.288  49512.686    31.4442     9.5167     15.144    6.52931     9.4446    24.2547   11.79531 1.4826e+01 0.0000e+00
        387 205.464774    0.02681     1.6083     96.500     15.527  49513.363    31.4401     9.4833     15.381    6.53429     9.4062    24.2568   11.80362 1.4424e+01 0.0000e+00
        388 205.464777    0.02688     1.6125     96.750     15.763  49521.638    31.4408     9.4462     15.615    6.53962     9.3698    24.2632   11.81243 1.4032e+01 0.0000e+00
        389 205.464780    0.02694     1.6167     97.000     16.000  49538.290    31.4472     9.4079     15.850    6.54488     9.3376    24.2743   11.82107 1.3644e+01 0.0000e+00
        390 205.464783    0.02701     1.6208     97.250     16.243  49559.412    31.4570     9.3715     16.090    6.54974     9.3103    24.2877   11.82899 1.3257e+01 0.0000e+00
        391 205.464786    0.02708     1.6250     97.500     16.493  49580.101    31.4671     9.3393     16.338    6.55398     9.2874    24.3006   11.83589 1.2871e+01 0.0000e+00
        392 205.464789    0.02715     1.6292     97.750     16.751  49598.146    31.4759     9.3120     16.593    6.55755     9.2681    24.3118   11.84170 1.2488e+01 0.0000e+00
        393 205.464792    0.02722     1.6333     98.000     17.012  49612.417    31.4828     9.2892     16.852    6.56057     9.2512    24.3207   11.84662 1.2114e+01 0.0000e+00
        394 205.464795    0.02729     1.6375     98.250     17.269  49623.229    31.4876     9.2699     17.107    6.56317     9.2360    24.3275   11.85086 1.1758e+01 0.0000e+00
        395 205.464797    0.02736     1.6417     98.500     17.517  49632.163    31.4915     9.2530     17.352    6.56547     9.2221    24.3332   11.85462 1.1428e+01 0.0000e+00
        396 205.464800    0.02743     1.6458     98.750     17.752  49639.753    31.4946     9.2378     17.585    6.56754     9.2093    24.3380   11.85801 1.1125e+01 0.0000e+00
        397 205.464803    0.02750     1.6500     99.000     17.978  49646.052    31.4971     9.2240     17.809    6.56945     9.1973    24.3421   11.86114 1.0842e+01 0.0000e+00
        398 205.464806    0.02757     1.6542     99.250     18.202  49651.381    31.4989     9.2113     18.031    6.57123     9.1857    24.3455   11.86406 1.0568e+01 0.0000e+00
        399 205.464809    0.02764     1.6583     99.500     18.434  49655.490    31.5000     9.1993     18.261    6.57293     9.1739    24.3483   11.86686 1.0292e+01 0.0000e+00
        400 205.464812    0.02771     1.6625     99.750     18.679  49658.027    31.5001     9.1877     18.503    6.57462     9.1613    24.3501   11.86965 1.0008e+01 0.0000e+00
        401 205.464815    0.02778     1.6667    100.000     18.938  49659.412    31.4993     9.1759     18.760    6.57637     9.1475    24.3514   11.87257 9.7187e+00 0.0000e+00
        402 205.464818    0.02785     1.6708    100.250     19.205  49660.495    31.4982     9.1633     19.024    6.57826     9.1328    24.3524   11.87570 9.4320e+00 0.0000e+00
        403 205.464821    0.02792     1.6750    100.500     19.472  49662.634    31.4977     9.1496     19.289    6.58028     9.1176    24.3541   11.87907 9.1569e+00 0.0000e+00
        404 205.464823    0.02799     1.6792    100.750     19.728  49666.916    31.4985     9.1348     19.543    6.58240     9.1027    24.3571   11.88256 8.9023e+00 0.0000e+00
        405 205.464826    0.02806     1.6833    101.000     19.969  49672.695    31.5004     9.1197     19.781    6.58453     9.0886    24.3609   11.88606 8.6723e+00 0.0000e+00
        406 205.464829    0.02813     1.6875    101.250     20.194  49679.489    31.5030     9.1048     20.004    6.58660     9.0759    24.3652   11.88945 8.4638e+00 0.0000e+00
        407 205.464832    0.02819     1.6917    101.500     20.411  49687.575    31.5066     9.0907     20.219    6.58851     9.0651    24.3702   11.89258 8.2678e+00 0.0000e+00
        408 205.464835    0.02826     1.6958    101.750     20.631  49696.056    31.5107     9.0780     20.437    6.59020     9.0560    24.3753   11.89532 8.0729e+00 0.0000e+00
        409 205.464838    0.02833     1.7000    102.000     20.862  49703.364    31.5142     9.0672     20.666    6.59163     9.0482    24.3797   11.89765 7.8705e+00 0.0000e+00
        410 205.464841    0.02840     1.7042    102.250     21.110  49708.754    31.5166     9.0582     20.911    6.59285     9.0410    24.3830   11.89964 7.6591e+00 0.0000e+00
        411 205.464844    0.02847     1.7083    102.500     21.369  49712.473    31.5180     9.0503     21.168    6.59394     9.0340    24.3853   11.90143 7.4451e+00 0.0000e+00
        412 205.464847    0.02854     1.7125    102.750     21.631  49715.301    31.5188     9.0432     21.427    6.59495     9.0273    24.3871   11.90310 7.2377e+00 0.0000e+00
        413 205.464850    0.02861     1.7167    103.000     21.883  49718.046    31.5197     9.0363     21.677    6.59593     9.0207    24.3888   11.90470 7.0458e+00 0.0000e+00
        414 205.464852    0.02868     1.7208    103.250     22.118  49720.760    31.5205     9.0296     21.910    6.59688     9.0142    24.3905   11.90626 6.8734e+00 0.0000e+00
        415 205.464855    0.02875     1.7250    103.500     22.335  49722.748    31.5209     9.0231     22.125    6.59782     9.0073    24.3918   11.90781 6.7174e+00 0.0000e+00
        416 205.464858    0.02882     1.7292    103.750     22.544  49723.817    31.5206     9.0165     22.332    6.59880     9.0001    24.3926   11.90943 6.5696e+00 0.0000e+00
        417 205.464861    0.02889     1.7333    104.000     22.753  49725.147    31.5205     9.0096     22.539    6.59981     8.9931    24.3936   11.91111 6.4219e+00 0.0000e+00
        418 205.464864    0.02896     1.7375    104.250     22.971  49728.132    31.5215     9.0025     22.755    6.60082     8.9869    24.3954   11.91277 6.2697e+00 0.0000e+00
        419 205.464867    0.02903     1.7417    104.500     23.203  49732.554    31.5235     8.9955     22.985    6.60175     8.9816    24.3981   11.91429 6.1122e+00 0.0000e+00
        420 205.464870    0.02910     1.7458    104.750     23.447  49737.153    31.5257     8.9893     23.226    6.60257     8.9772    24.4008   11.91561 5.9529e+00 0.0000e+00
        421 205.464873    0.02917     1.7500    105.000     23.695  49741.116    31.5277     8.9841     23.473    6.60326     8.9733    24.4031   11.91673 5.7965e+00 0.0000e+00
        422 205.464876    0.02924     1.7542    105.250     23.941  49744.193    31.5291     8.9796     23.716    6.60385     8.9697    24.4049   11.91769 5.6470e+00 0.0000e+00
        423 205.464878    0.02931     1.7583    105.500     24.177  49746.413    31.5300     8.9758     23.950    6.60438     8.9663    24.4062   11.91855 5.5076e+00 0.0000e+00
        424 205.464881    0.02937     1.7625    105.750     24.401  49748.111    31.5306     8.9722     24.171    6.60487     8.9629    24.4072   11.91937 5.3794e+00 0.0000e+00
        425 205.464884    0.02944     1.7667    106.000     24.611  49749.604    31.5310     8.9688     24.379    6.60536     8.9596    24.4081   11.92017 5.2619e+00 0.0000e+00
        426 205.464887    0.02951     1.7708    106.250     24.811  49750.903    31.5314     8.9655     24.577    6.60583     8.9562    24.4088   11.92095 5.1525e+00 0.0000e+00
        427 205.464890    0.02958     1.7750    106.500     25.006  49751.960    31.5316     8.9622     24.770    6.60631     8.9527    24.4095   11.92174 5.0466e+00 0.0000e+00
        428 205.464893    0.02965     1.7792    106.750     25.204  49752.720    31.5315     8.9588     24.967    6.60681     8.9487    24.4100   11.92256 4.9391e+00 0.0000e+00
        429 205.464896    0.02972     1.7833    107.000     25.413  49753.032    31.5312     8.9553     25.174    6.60735     8.9439    24.4103   11.92346 4.8266e+00 0.0000e+00
        430 205.464899    0.02979     1.7875    107.250     25.639  49752.605    31.5302     8.9513     25.398    6.60797     8.9376    24.4101   11.92450 4.7081e+00 0.0000e+00
        431 205.464902    0.02986     1.7917    107.500     25.881  49750.937    31.5282     8.9466     25.637    6.60876     8.9291    24.4093   11.92583 4.5866e+00 0.0000e+00
        432 205.464905    0.02993     1.7958    107.750     26.130  49748.412    31.5254     8.9403     25.884    6.60980     8.9185    24.4081   11.92759 4.4666e+00 0.0000e+00
        433 205.464907    0.03000     1.8000    108.000     26.377  49747.066    31.5232     8.9318     26.128    6.61115     8.9066    24.4076   11.92984 4.3521e+00 0.0000e+00
        434 205.464910    0.03007     1.8042    108.250     26.615  49748.752    31.5227     8.9212     26.365    6.61273     8.8946    24.4089   11.93247 4.2448e+00 0.0000e+00
        435 205.464913    0.03014     1.8083    108.500     26.845  49753.099    31.5240     8.9094     26.592    6.61442     8.8828    24.4117   11.93524 4.1429e+00 0.0000e+00
        436 205.464916    0.03021     1.8125    108.750     27.070  49757.995    31.5256     8.8974     26.816    6.61612     8.8708    24.4147   11.93803 4.0432e+00 0.0000e+00
        437 205.464919    0.03028     1.8167    109.000     27.297  49761.715    31.5264     8.8856     27.040    6.61782     8.8582    24.4172   11.94084 3.9437e+00 0.0000e+00
        438 205.464922    0.03035     1.8208    109.250     27.528  49764.522    31.5266     8.8736     27.269    6.61958     8.8452    24.4191   11.94376 3.8438e+00 0.0000e+00
        439 205.464925    0.03042     1.8250    109.500     27.763  49768.008    31.5271     8.8611     27.502    6.62142     8.8326    24.4214   11.94679 3.7440e+00 0.0000e+00
        440 205.464928    0.03049     1.8292    109.750     28.001  49773.064    31.5287     8.8481     27.737    6.62326     8.8207    24.4246   11.94983 3.6452e+00 0.0000e+00
        441 205.464931    0.03056     1.8333    110.000     28.237  49779.138    31.5310     8.8355     27.971    6.62503     8.8098    24.4284   11.95272 3.5485e+00 0.0000e+00
        442 205.464933    0.03062     1.8375    110.250     28.469  49784.988    31.5333     8.8236     28.201    6.62668     8.7997    24.4320   11.95543 3.4545e+00 0.0000e+00
        443 205.464936    0.03069     1.8417    110.500     28.699  49790.108    31.5352     8.8127     28.429    6.62821     8.7904    24.4351   11.95794 3.3624e+00 0.0000e+00
        444 205.464939    0.03076     1.8458    110.750     28.930  49795.138    31.5372     8.8026     28.657    6.62963     8.7821    24.4382   11.96026 3.2708e+00 0.0000e+00
        445 205.464942    0.03083     1.8500    111.000     29.166  49800.590    31.5395     8.7932     28.891    6.63090     8.7750    24.4415   11.96234 3.1784e+00 0.0000e+00
        446 205.464945    0.03090     1.8542    111.250     29.409  49806.100    31.5421     8.7850     29.133    6.63202     8.7690    24.4447   11.96416 3.0853e+00 0.0000e+00
        447 205.464948    0.03097     1.8583    111.500     29.658  49811.134    31.5445     8.7779     29.380    6.63296     8.7641    24.4477   11.96569 2.9930e+00 0.0000e+00
        448 205.464951    0.03104     1.8625    111.750     29.907  49815.357    31.5465     8.7721     29.626    6.63375     8.7599    24.4501   11.96697 2.9038e+00 0.0000e+00
        449 205.464954    0.03111     1.8667    112.000     30.151  49818.573    31.5479     8.7672     29.868    6.63441     8.7561    24.4520   11.96805 2.8185e+00 0.0000e+00
        450 205.464957    0.03118     1.8708    112.250     30.391  49821.040    31.5489     8.7630     30.105    6.63499     8.7527    24.4534   11.96900 2.7368e+00 0.0000e+00
        451 205.464959    0.03125     1.8750    112.500     30.626  49823.123    31.5497     8.7592     30.338    6.63551     8.7496    24.4546   11.96985 2.6583e+00 0.0000e+00
