CTD-processing/allCTD/CNV--turbid/2018_09-13_t4_s07_cast009.cnv
* Sea-Bird SBE19plus Data File:
* FileName = C:\Users\Kim.Powell\Desktop\Not Processed\2018\2018_09-13_T3, T4, T9_5028\2018_09-13_TRANSECT_STATION_cast009.hex
* Software Version 1.59
* Temperature SN =  5028
* Conductivity SN =  5028
* System UpLoad Time = Sep 14 2018 15:56:24
** 2018_09-13
** Station: 4-07
** Start Time: 12:21
** Depth (m): 32
** Comment:
** Comment:
# nquan = 16
# nvalues = 439                         
# units = specified
# name 0 = scan: Scan Count
# name 1 = timeJ: Julian Days
# name 2 = timeH: Time, Elapsed [hours]
# name 3 = timeM: Time, Elapsed [minutes]
# name 4 = timeS: Time, Elapsed [seconds]
# name 5 = prdM: Pressure, Strain Gauge [db]
# name 6 = specc: Specific Conductance [uS/cm]
# name 7 = sal00: Salinity, Practical [PSU]
# name 8 = tv290C: Temperature [ITS-90, deg C]
# name 9 = depSM: Depth [salt water, m], lat = 59.00
# name 10 = oxsolML/L: Oxygen Saturation, Garcia & Gordon [ml/l]
# name 11 = potemp090C: Potential Temperature [ITS-90, deg C]
# name 12 = sigma-é00: Density [sigma-theta, kg/m^3]
# name 13 = n2satML/L: Nitrogen Saturation [ml/l]
# name 14 = par: PAR/Irradiance, Biospherical/Licor
# name 15 = flag:  0.000e+00
# span 0 =          1,        439       
# span 1 = 256.515856, 256.517124       
# span 2 =    0.00000,    0.03042       
# span 3 =     0.0000,     1.8250       
# span 4 =      0.000,    109.500       
# span 5 =      0.638,     32.760       
# span 6 =  48218.995,  48778.885       
# span 7 =    30.6443,    30.9560       
# span 8 =     9.7905,    10.3539       
# span 9 =      0.632,     32.451       
# span 10 =    6.44355,    6.51044      
# span 11 =     9.7870,    10.2967      
# span 12 =    23.4951,    23.8304      
# span 13 =   11.66283,   11.76994      
# span 14 = 2.2012e+00, 9.9748e+02      
# span 15 = 0.0000e+00, 0.0000e+00      
# interval = seconds: 0.25
# start_time = Sep 13 2018 12:22:50 [Instrument's time stamp, header]
# bad_flag = -9.990e-29
*END*
[from data line 362]
        363 256.516904    0.02514     1.5083     90.500     18.385  48671.157    30.8921     9.8377     18.212    6.50637     9.8330    23.7728   11.76396 1.9701e+01 0.0000e+00
        364 256.516907    0.02521     1.5125     90.750     18.570  48673.209    30.8933     9.8361     18.396    6.50655     9.8324    23.7739   11.76424 1.9068e+01 0.0000e+00
        365 256.516910    0.02528     1.5167     91.000     18.753  48674.505    30.8940     9.8350     18.577    6.50666     9.8319    23.7747   11.76442 1.8427e+01 0.0000e+00
        366 256.516913    0.02535     1.5208     91.250     18.937  48675.281    30.8944     9.8344     18.758    6.50674     9.8316    23.7751   11.76453 1.7815e+01 0.0000e+00
        367 256.516916    0.02542     1.5250     91.500     19.124  48675.824    30.8947     9.8340     18.944    6.50679     9.8313    23.7754   11.76462 1.7253e+01 0.0000e+00
        368 256.516918    0.02549     1.5292     91.750     19.318  48676.345    30.8949     9.8337     19.137    6.50683     9.8310    23.7756   11.76468 1.6742e+01 0.0000e+00
        369 256.516921    0.02556     1.5333     92.000     19.519  48676.954    30.8952     9.8334     19.336    6.50686     9.8309    23.7759   11.76473 1.6277e+01 0.0000e+00
        370 256.516924    0.02562     1.5375     92.250     19.726  48677.636    30.8956     9.8331     19.541    6.50687     9.8309    23.7762   11.76475 1.5847e+01 0.0000e+00
        371 256.516927    0.02569     1.5417     92.500     19.938  48678.263    30.8959     9.8330     19.751    6.50687     9.8310    23.7765   11.76474 1.5432e+01 0.0000e+00
        372 256.516930    0.02576     1.5458     92.750     20.153  48678.739    30.8962     9.8330     19.964    6.50686     9.8311    23.7767   11.76472 1.5014e+01 0.0000e+00
        373 256.516933    0.02583     1.5500     93.000     20.370  48679.141    30.8964     9.8331     20.179    6.50684     9.8312    23.7768   11.76469 1.4586e+01 0.0000e+00
        374 256.516936    0.02590     1.5542     93.250     20.588  48679.481    30.8966     9.8333     20.394    6.50681     9.8314    23.7770   11.76464 1.4140e+01 0.0000e+00
        375 256.516939    0.02597     1.5583     93.500     20.805  48679.632    30.8966     9.8335     20.610    6.50678     9.8315    23.7770   11.76459 1.3676e+01 0.0000e+00
        376 256.516942    0.02604     1.5625     93.750     21.020  48679.640    30.8965     9.8336     20.823    6.50676     9.8315    23.7769   11.76456 1.3198e+01 0.0000e+00
        377 256.516944    0.02611     1.5667     94.000     21.230  48679.672    30.8965     9.8337     21.031    6.50675     9.8314    23.7768   11.76454 1.2720e+01 0.0000e+00
        378 256.516947    0.02618     1.5708     94.250     21.434  48679.804    30.8965     9.8338     21.232    6.50674     9.8314    23.7768   11.76453 1.2264e+01 0.0000e+00
        379 256.516950    0.02625     1.5750     94.500     21.628  48680.021    30.8966     9.8338     21.425    6.50674     9.8313    23.7769   11.76452 1.1856e+01 0.0000e+00
        380 256.516953    0.02632     1.5792     94.750     21.812  48680.257    30.8966     9.8337     21.607    6.50674     9.8312    23.7770   11.76453 1.1513e+01 0.0000e+00
        381 256.516956    0.02639     1.5833     95.000     21.986  48680.508    30.8967     9.8337     21.779    6.50674     9.8312    23.7771   11.76453 1.1227e+01 0.0000e+00
        382 256.516959    0.02646     1.5875     95.250     22.154  48680.915    30.8969     9.8336     21.946    6.50674     9.8311    23.7773   11.76452 1.0977e+01 0.0000e+00
        383 256.516962    0.02653     1.5917     95.500     22.321  48681.593    30.8973     9.8336     22.111    6.50673     9.8312    23.7776   11.76450 1.0734e+01 0.0000e+00
        384 256.516965    0.02660     1.5958     95.750     22.492  48682.519    30.8979     9.8336     22.280    6.50671     9.8315    23.7780   11.76445 1.0478e+01 0.0000e+00
        385 256.516968    0.02667     1.6000     96.000     22.671  48683.503    30.8985     9.8337     22.458    6.50667     9.8318    23.7785   11.76437 1.0203e+01 0.0000e+00
        386 256.516970    0.02674     1.6042     96.250     22.862  48684.343    30.8991     9.8339     22.647    6.50661     9.8322    23.7789   11.76427 9.9107e+00 0.0000e+00
        387 256.516973    0.02681     1.6083     96.500     23.063  48685.090    30.8996     9.8343     22.846    6.50654     9.8326    23.7792   11.76415 9.6112e+00 0.0000e+00
        388 256.516976    0.02688     1.6125     96.750     23.270  48686.032    30.9002     9.8347     23.051    6.50646     9.8331    23.7796   11.76401 9.3126e+00 0.0000e+00
        389 256.516979    0.02694     1.6167     97.000     23.480  48687.566    30.9012     9.8351     23.259    6.50635     9.8337    23.7804   11.76382 9.0227e+00 0.0000e+00
        390 256.516982    0.02701     1.6208     97.250     23.688  48689.855    30.9028     9.8356     23.465    6.50621     9.8345    23.7815   11.76357 8.7485e+00 0.0000e+00
        391 256.516985    0.02708     1.6250     97.500     23.890  48692.253    30.9045     9.8363     23.665    6.50604     9.8353    23.7827   11.76327 8.4939e+00 0.0000e+00
        392 256.516988    0.02715     1.6292     97.750     24.087  48693.890    30.9057     9.8371     23.860    6.50587     9.8358    23.7835   11.76298 8.2575e+00 0.0000e+00
        393 256.516991    0.02722     1.6333     98.000     24.280  48694.880    30.9064     9.8379     24.052    6.50573     9.8360    23.7840   11.76273 8.0336e+00 0.0000e+00
        394 256.516994    0.02729     1.6375     98.250     24.474  48695.845    30.9071     9.8385     24.244    6.50563     9.8359    23.7844   11.76255 7.8139e+00 0.0000e+00
        395 256.516997    0.02736     1.6417     98.500     24.674  48697.147    30.9079     9.8387     24.442    6.50556     9.8357    23.7850   11.76243 7.5892e+00 0.0000e+00
        396 256.516999    0.02743     1.6458     98.750     24.882  48698.876    30.9091     9.8386     24.648    6.50552     9.8352    23.7859   11.76235 7.3552e+00 0.0000e+00
        397 256.517002    0.02750     1.6500     99.000     25.098  48700.910    30.9104     9.8384     24.862    6.50550     9.8347    23.7870   11.76230 7.1156e+00 0.0000e+00
        398 256.517005    0.02757     1.6542     99.250     25.317  48703.075    30.9117     9.8380     25.079    6.50550     9.8342    23.7881   11.76229 6.8794e+00 0.0000e+00
        399 256.517008    0.02764     1.6583     99.500     25.530  48705.178    30.9131     9.8375     25.290    6.50552     9.8338    23.7893   11.76230 6.6570e+00 0.0000e+00
        400 256.517011    0.02771     1.6625     99.750     25.730  48707.075    30.9143     9.8370     25.488    6.50554     9.8334    23.7903   11.76232 6.4569e+00 0.0000e+00
        401 256.517014    0.02778     1.6667    100.000     25.912  48708.752    30.9153     9.8366     25.668    6.50555     9.8329    23.7912   11.76233 6.2838e+00 0.0000e+00
        402 256.517017    0.02785     1.6708    100.250     26.076  48710.296    30.9163     9.8362     25.831    6.50557     9.8323    23.7920   11.76235 6.1354e+00 0.0000e+00
        403 256.517020    0.02792     1.6750    100.500     26.227  48711.894    30.9173     9.8357     25.980    6.50559     9.8314    23.7929   11.76238 6.0032e+00 0.0000e+00
        404 256.517023    0.02799     1.6792    100.750     26.374  48713.787    30.9185     9.8351     26.126    6.50563     9.8303    23.7939   11.76242 5.8756e+00 0.0000e+00
        405 256.517025    0.02806     1.6833    101.000     26.526  48716.143    30.9200     9.8343     26.277    6.50569     9.8288    23.7952   11.76249 5.7438e+00 0.0000e+00
        406 256.517028    0.02813     1.6875    101.250     26.689  48719.059    30.9218     9.8331     26.438    6.50577     9.8270    23.7968   11.76261 5.6037e+00 0.0000e+00
        407 256.517031    0.02819     1.6917    101.500     26.865  48722.571    30.9240     9.8317     26.612    6.50589     9.8249    23.7988   11.76278 5.4552e+00 0.0000e+00
        408 256.517034    0.02826     1.6958    101.750     27.053  48726.525    30.9265     9.8299     26.798    6.50604     9.8229    23.8010   11.76300 5.3007e+00 0.0000e+00
        409 256.517037    0.02833     1.7000    102.000     27.250  48730.594    30.9290     9.8279     26.993    6.50622     9.8210    23.8033   11.76327 5.1433e+00 0.0000e+00
        410 256.517040    0.02840     1.7042    102.250     27.454  48734.404    30.9314     9.8259     27.196    6.50642     9.8193    23.8055   11.76357 4.9837e+00 0.0000e+00
        411 256.517043    0.02847     1.7083    102.500     27.666  48737.677    30.9334     9.8240     27.405    6.50660     9.8179    23.8073   11.76385 4.8227e+00 0.0000e+00
        412 256.517046    0.02854     1.7125    102.750     27.885  48740.427    30.9350     9.8223     27.622    6.50677     9.8167    23.8088   11.76410 4.6614e+00 0.0000e+00
        413 256.517049    0.02861     1.7167    103.000     28.110  48742.807    30.9364     9.8209     27.845    6.50691     9.8155    23.8101   11.76432 4.5024e+00 0.0000e+00
        414 256.517052    0.02868     1.7208    103.250     28.337  48744.851    30.9376     9.8197     28.070    6.50703     9.8144    23.8113   11.76451 4.3492e+00 0.0000e+00
        415 256.517054    0.02875     1.7250    103.500     28.559  48746.654    30.9386     9.8186     28.290    6.50715     9.8130    23.8123   11.76468 4.2047e+00 0.0000e+00
        416 256.517057    0.02882     1.7292    103.750     28.772  48748.459    30.9396     9.8175     28.501    6.50727     9.8116    23.8133   11.76487 4.0702e+00 0.0000e+00
        417 256.517060    0.02889     1.7333    104.000     28.973  48750.472    30.9408     9.8162     28.699    6.50741     9.8101    23.8144   11.76509 3.9464e+00 0.0000e+00
        418 256.517063    0.02896     1.7375    104.250     29.161  48752.659    30.9421     9.8147     28.886    6.50756     9.8088    23.8156   11.76533 3.8327e+00 0.0000e+00
        419 256.517066    0.02903     1.7417    104.500     29.339  48754.757    30.9433     9.8133     29.062    6.50771     9.8077    23.8168   11.76557 3.7273e+00 0.0000e+00
        420 256.517069    0.02910     1.7458    104.750     29.512  48756.548    30.9443     9.8120     29.234    6.50785     9.8067    23.8178   11.76578 3.6281e+00 0.0000e+00
        421 256.517072    0.02917     1.7500    105.000     29.684  48758.014    30.9452     9.8109     29.405    6.50797     9.8056    23.8186   11.76598 3.5330e+00 0.0000e+00
        422 256.517075    0.02924     1.7542    105.250     29.860  48759.283    30.9459     9.8099     29.579    6.50809     9.8043    23.8193   11.76617 3.4387e+00 0.0000e+00
        423 256.517078    0.02931     1.7583    105.500     30.043  48760.522    30.9465     9.8088     29.760    6.50822     9.8029    23.8200   11.76638 3.3429e+00 0.0000e+00
        424 256.517080    0.02937     1.7625    105.750     30.234  48761.902    30.9472     9.8076     29.949    6.50837     9.8014    23.8208   11.76661 3.2450e+00 0.0000e+00
        425 256.517083    0.02944     1.7667    106.000     30.435  48763.525    30.9481     9.8062     30.148    6.50853     9.7999    23.8217   11.76687 3.1451e+00 0.0000e+00
        426 256.517086    0.02951     1.7708    106.250     30.645  48765.341    30.9491     9.8047     30.356    6.50870     9.7986    23.8227   11.76714 3.0436e+00 0.0000e+00
        427 256.517089    0.02958     1.7750    106.500     30.861  48767.166    30.9501     9.8032     30.571    6.50887     9.7975    23.8237   11.76740 2.9409e+00 0.0000e+00
        428 256.517092    0.02965     1.7792    106.750     31.083  48768.753    30.9510     9.8019     30.790    6.50901     9.7966    23.8246   11.76763 2.8387e+00 0.0000e+00
        429 256.517095    0.02972     1.7833    107.000     31.307  48770.004    30.9516     9.8009     31.012    6.50914     9.7957    23.8253   11.76783 2.7384e+00 0.0000e+00
        430 256.517098    0.02979     1.7875    107.250     31.532  48770.984    30.9521     9.8000     31.236    6.50925     9.7947    23.8258   11.76802 2.6411e+00 0.0000e+00
        431 256.517101    0.02986     1.7917    107.500     31.755  48771.702    30.9524     9.7991     31.456    6.50937     9.7935    23.8262   11.76821 2.5486e+00 0.0000e+00
        432 256.517104    0.02993     1.7958    107.750     31.970  48772.209    30.9526     9.7981     31.669    6.50950     9.7920    23.8265   11.76842 2.4638e+00 0.0000e+00
        433 256.517106    0.03000     1.8000    108.000     32.170  48772.754    30.9527     9.7969     31.868    6.50966     9.7905    23.8268   11.76869 2.3889e+00 0.0000e+00
        434 256.517109    0.03007     1.8042    108.250     32.350  48773.613    30.9531     9.7955     32.045    6.50985     9.7890    23.8273   11.76899 2.3255e+00 0.0000e+00
        435 256.517112    0.03014     1.8083    108.500     32.502  48774.870    30.9537     9.7940     32.196    6.51004     9.7879    23.8280   11.76931 2.2747e+00 0.0000e+00
        436 256.517115    0.03021     1.8125    108.750     32.621  48776.330    30.9545     9.7925     32.313    6.51022     9.7872    23.8289   11.76959 2.2379e+00 0.0000e+00
        437 256.517118    0.03028     1.8167    109.000     32.701  48777.642    30.9553     9.7914     32.393    6.51034     9.7870    23.8297   11.76979 2.2150e+00 0.0000e+00
        438 256.517121    0.03035     1.8208    109.250     32.746  48778.550    30.9558     9.7907     32.437    6.51042 -9.990e-29    23.8302   11.76990 2.2041e+00 0.0000e+00
        439 256.517124    0.03042     1.8250    109.500     32.760  48778.885    30.9560     9.7905     32.451    6.51044 -9.990e-29    23.8304   11.76994 2.2012e+00 0.0000e+00
