CTD-processing/allCTD/CNV--turbid/2018_06-25_t4_s04_cast139.cnv
* Sea-Bird SBE19plus Data File:
* FileName = C:\Users\Kim.Powell\Desktop\Not Processed\2018\2018_06-XX\2018_06-XX_TRANSECT_STATION_cast139.hex
* Software Version 1.59
* Temperature SN =  5028
* Conductivity SN =  5028
* System UpLoad Time = Jul 05 2018 09:55:57
** 2018_06-25
** Station: 4-04
** Start Time: 13:39
** Depth (m): 90
** Comment:
** Comment:
# nquan = 16
# nvalues = 727                         
# units = specified
# name 0 = scan: Scan Count
# name 1 = timeJ: Julian Days
# name 2 = timeH: Time, Elapsed [hours]
# name 3 = timeM: Time, Elapsed [minutes]
# name 4 = timeS: Time, Elapsed [seconds]
# name 5 = prdM: Pressure, Strain Gauge [db]
# name 6 = specc: Specific Conductance [uS/cm]
# name 7 = sal00: Salinity, Practical [PSU]
# name 8 = tv290C: Temperature [ITS-90, deg C]
# name 9 = depSM: Depth [salt water, m], lat = 59.00
# name 10 = oxsolML/L: Oxygen Saturation, Garcia & Gordon [ml/l]
# name 11 = potemp090C: Potential Temperature [ITS-90, deg C]
# name 12 = sigma-é00: Density [sigma-theta, kg/m^3]
# name 13 = n2satML/L: Nitrogen Saturation [ml/l]
# name 14 = par: PAR/Irradiance, Biospherical/Licor
# name 15 = flag:  0.000e+00
# span 0 =          1,        727       
# span 1 = 176.568704, 176.570804       
# span 2 =    0.00000,    0.05042       
# span 3 =     0.0000,     3.0250       
# span 4 =      0.000,    181.500       
# span 5 =      0.828,     88.505       
# span 6 =  48638.120,  50653.779       
# span 7 =    30.8522,    31.8053       
# span 8 =     6.9092,     9.6951       
# span 9 =      0.820,     87.659       
# span 10 =    6.52495,    6.90895      
# span 11 =     6.9028,     9.6951      
# span 12 =    23.7713,    24.9156      
# span 13 =   11.79422,   12.41893      
# span 14 = 4.9402e-02, 4.5541e+02      
# span 15 = 0.0000e+00, 0.0000e+00      
# interval = seconds: 0.25
# start_time = Jun 25 2018 13:38:56 [Instrument's time stamp, header]
# bad_flag = -9.990e-29
*END*
[from data line 181]
        182 176.569227    0.01257     0.7542     45.250      0.865  48680.895    30.8749     9.5922      0.857    6.54235     9.5997    23.7981   11.82377 3.9622e+02 0.0000e+00
        183 176.569230    0.01264     0.7583     45.500      0.866  48675.637    30.8717     9.5960      0.858    6.54192     9.6033    23.7950   11.82311 3.9944e+02 0.0000e+00
        184 176.569233    0.01271     0.7625     45.750      0.867  48671.068    30.8689     9.5998      0.859    6.54150     9.6069    23.7923   11.82244 3.9743e+02 0.0000e+00
        185 176.569236    0.01278     0.7667     46.000      0.868  48666.910    30.8665     9.6034      0.860    6.54107     9.6104    23.7898   11.82176 3.9095e+02 0.0000e+00
        186 176.569239    0.01285     0.7708     46.250      0.868  48663.031    30.8642     9.6070      0.860    6.54065     9.6142    23.7875   11.82109 3.8524e+02 0.0000e+00
        187 176.569242    0.01292     0.7750     46.500      0.868  48659.487    30.8622     9.6105      0.860    6.54023     9.6183    23.7853   11.82040 3.8521e+02 0.0000e+00
        188 176.569245    0.01299     0.7792     46.750      0.866  48656.439    30.8605     9.6143      0.858    6.53976     9.6230    23.7834   11.81965 3.8687e+02 0.0000e+00
        189 176.569248    0.01306     0.7833     47.000      0.864  48653.666    30.8591     9.6184      0.856    6.53922     9.6278    23.7817   11.81877 3.8726e+02 0.0000e+00
        190 176.569251    0.01313     0.7875     47.250      0.861  48650.511    30.8575     9.6231      0.853    6.53861     9.6321    23.7797   11.81778 3.8967e+02 0.0000e+00
        191 176.569253    0.01319     0.7917     47.500      0.858  48647.264    30.8558     9.6279      0.850    6.53799     9.6361    23.7776   11.81678 3.9383e+02 0.0000e+00
        192 176.569256    0.01326     0.7958     47.750      0.857  48646.043    30.8555     9.6322      0.849    6.53738     9.6400    23.7766   11.81577 3.9545e+02 0.0000e+00
        193 176.569259    0.01333     0.8000     48.000      0.857  48648.172    30.8575     9.6362      0.849    6.53672     9.6437    23.7776   11.81466 3.9413e+02 0.0000e+00
        194 176.569262    0.01340     0.8042     48.250      0.860  48651.385    30.8603     9.6401      0.852    6.53605     9.6467    23.7791   11.81351 3.9184e+02 0.0000e+00
        195 176.569265    0.01347     0.8083     48.500      0.865  48651.535    30.8609     9.6438      0.857    6.53549     9.6486    23.7790   11.81257 3.8691e+02 0.0000e+00
        196 176.569268    0.01354     0.8125     48.750      0.868  48647.191    30.8583     9.6468      0.860    6.53517     9.6494    23.7765   11.81207 3.8136e+02 0.0000e+00
        197 176.569271    0.01361     0.8167     49.000      0.869  48641.415    30.8544     9.6487      0.861    6.53506     9.6492    23.7732   11.81194 3.7977e+02 0.0000e+00
        198 176.569274    0.01368     0.8208     49.250      0.866  48638.120    30.8522     9.6495      0.858    6.53503     9.6482    23.7713   11.81192 3.8126e+02 0.0000e+00
        199 176.569277    0.01375     0.8250     49.500      0.859  48639.130    30.8529     9.6493      0.851    6.53503     9.6473    23.7719   11.81191 3.8369e+02 0.0000e+00
        200 176.569280    0.01382     0.8292     49.750      0.851  48644.175    30.8563     9.6483      0.843    6.53503     9.6472    23.7747   11.81187 3.8694e+02 0.0000e+00
        201 176.569282    0.01389     0.8333     50.000      0.844  48651.117    30.8611     9.6473      0.836    6.53497     9.6479    23.7786   11.81171 3.9071e+02 0.0000e+00
        202 176.569285    0.01396     0.8375     50.250      0.840  48657.234    30.8654     9.6472      0.833    6.53481     9.6492    23.7820   11.81139 3.9370e+02 0.0000e+00
        203 176.569288    0.01403     0.8417     50.500      0.841  48660.548    30.8678     9.6480      0.833    6.53459     9.6504    23.7837   11.81100 3.9370e+02 0.0000e+00
        204 176.569291    0.01410     0.8458     50.750      0.845  48660.442    30.8679     9.6493      0.837    6.53441     9.6511    23.7836   11.81069 3.9033e+02 0.0000e+00
        205 176.569294    0.01417     0.8500     51.000      0.850  48657.706    30.8661     9.6505      0.842    6.53431     9.6513    23.7820   11.81055 3.8786e+02 0.0000e+00
        206 176.569297    0.01424     0.8542     51.250      0.856  48653.616    30.8633     9.6512      0.848    6.53433     9.6512    23.7798   11.81061 3.8938e+02 0.0000e+00
        207 176.569300    0.01431     0.8583     51.500      0.860  48649.212    30.8602     9.6514      0.852    6.53443     9.6513    23.7773   11.81082 3.9302e+02 0.0000e+00
        208 176.569303    0.01438     0.8625     51.750      0.861  48645.290    30.8575     9.6513      0.853    6.53455     9.6517    23.7752   11.81106 3.9613e+02 0.0000e+00
        209 176.569306    0.01444     0.8667     52.000      0.860  48642.353    30.8554     9.6514      0.852    6.53462     9.6522    23.7736   11.81120 3.9663e+02 0.0000e+00
        210 176.569308    0.01451     0.8708     52.250      0.858  48640.711    30.8543     9.6518      0.851    6.53462     9.6526    23.7726   11.81121 3.9538e+02 0.0000e+00
        211 176.569311    0.01458     0.8750     52.500      0.858  48640.646    30.8544     9.6523      0.850    6.53454     9.6530    23.7726   11.81109 3.9396e+02 0.0000e+00
        212 176.569314    0.01465     0.8792     52.750      0.859  48642.115    30.8555     9.6527      0.851    6.53443     9.6534    23.7733   11.81089 3.9113e+02 0.0000e+00
        213 176.569317    0.01472     0.8833     53.000      0.862  48643.995    30.8568     9.6531      0.854    6.53432     9.6537    23.7744   11.81068 3.8961e+02 0.0000e+00
        214 176.569320    0.01479     0.8875     53.250      0.867  48644.347    30.8571     9.6535      0.859    6.53425     9.6536    23.7745   11.81057 3.9289e+02 0.0000e+00
        215 176.569323    0.01486     0.8917     53.500      0.870  48642.418    30.8558     9.6538      0.863    6.53427     9.6529    23.7734   11.81061 3.9722e+02 0.0000e+00
        216 176.569326    0.01493     0.8958     53.750      0.871  48639.682    30.8538     9.6537      0.863    6.53436     9.6513    23.7719   11.81079 3.9777e+02 0.0000e+00
        217 176.569329    0.01500     0.9000     54.000      0.867  48638.520    30.8529     9.6530      0.859    6.53450     9.6489    23.7713   11.81103 3.9535e+02 0.0000e+00
        218 176.569332    0.01507     0.9042     54.250      0.861  48640.774    30.8543     9.6514      0.853    6.53466     9.6465    23.7727   11.81128 3.9394e+02 0.0000e+00
        219 176.569334    0.01514     0.9083     54.500      0.855  48647.049    30.8584     9.6490      0.847    6.53484     9.6451    23.7763   11.81152 3.9456e+02 0.0000e+00
        220 176.569337    0.01521     0.9125     54.750      0.851  48655.790    30.8643     9.6466      0.844    6.53494     9.6449    23.7812   11.81163 3.9491e+02 0.0000e+00
        221 176.569340    0.01528     0.9167     55.000      0.852  48663.769    30.8697     9.6452      0.844    6.53492     9.6456    23.7856   11.81153 3.9680e+02 0.0000e+00
        222 176.569343    0.01535     0.9208     55.250      0.856  48668.185    30.8728     9.6450      0.848    6.53481     9.6463    23.7881   11.81131 4.0434e+02 0.0000e+00
        223 176.569346    0.01542     0.9250     55.500      0.861  48667.882    30.8727     9.6457      0.853    6.53472     9.6463    23.7879   11.81116 4.1345e+02 0.0000e+00
        224 176.569349    0.01549     0.9292     55.750      0.864  48663.905    30.8699     9.6464      0.856    6.53474     9.6451    23.7856   11.81122 4.1953e+02 0.0000e+00
        225 176.569352    0.01556     0.9333     56.000      0.864  48659.359    30.8667     9.6464      0.855    6.53488     9.6428    23.7832   11.81149 4.2275e+02 0.0000e+00
        226 176.569355    0.01563     0.9375     56.250      0.860  48657.786    30.8655     9.6452      0.851    6.53509     9.6396    23.7824   11.81185 4.2304e+02 0.0000e+00
        227 176.569358    0.01569     0.9417     56.500      0.855  48661.534    30.8678     9.6429      0.847    6.53533     9.6366    23.7846   11.81222 4.2230e+02 0.0000e+00
        228 176.569361    0.01576     0.9458     56.750      0.852  48669.949    30.8733     9.6397      0.844    6.53555     9.6345    23.7894   11.81253 4.1953e+02 0.0000e+00
        229 176.569363    0.01583     0.9500     57.000      0.854  48679.297    30.8795     9.6367      0.846    6.53573     9.6336    23.7947   11.81275 4.1463e+02 0.0000e+00
        230 176.569366    0.01590     0.9542     57.250      0.858  48685.729    30.8838     9.6346      0.850    6.53585     9.6335    23.7983   11.81289 4.1315e+02 0.0000e+00
        231 176.569369    0.01597     0.9583     57.500      0.864  48687.385    30.8848     9.6337      0.855    6.53594     9.6339    23.7993   11.81303 4.1848e+02 0.0000e+00
        232 176.569372    0.01604     0.9625     57.750      0.868  48684.942    30.8830     9.6336      0.859    6.53602     9.6346    23.7979   11.81319 4.2840e+02 0.0000e+00
        233 176.569375    0.01611     0.9667     58.000      0.870  48680.884    30.8802     9.6340      0.861    6.53609     9.6354    23.7957   11.81333 4.4261e+02 0.0000e+00
        234 176.569378    0.01618     0.9708     58.250      0.870  48677.321    30.8778     9.6347      0.861    6.53609     9.6363    23.7937   11.81337 4.5541e+02 0.0000e+00
        235 176.569381    0.01625     0.9750     58.500      0.868  48674.964    30.8763     9.6355      0.860    6.53603     9.6368    23.7924   11.81328 4.5351e+02 0.0000e+00
        236 176.569384    0.01632     0.9792     58.750      0.867  48673.801    30.8756     9.6364      0.859    6.53594     9.6370    23.7917   11.81314 4.4266e+02 0.0000e+00
        237 176.569387    0.01639     0.9833     59.000      0.866  48673.952    30.8758     9.6369      0.858    6.53585     9.6370    23.7917   11.81299 4.3560e+02 0.0000e+00
        238 176.569389    0.01646     0.9875     59.250      0.865  48676.222    30.8774     9.6371      0.857    6.53576     9.6373    23.7930   11.81282 4.3367e+02 0.0000e+00
        239 176.569392    0.01653     0.9917     59.500      0.862  48682.091    30.8815     9.6371      0.854    6.53559     9.6388    23.7962   11.81249 4.3584e+02 0.0000e+00
        240 176.569395    0.01660     0.9958     59.750      0.858  48693.526    30.8896     9.6374      0.849    6.53521     9.6427    23.8025   11.81176 4.3781e+02 0.0000e+00
        241 176.569398    0.01667     1.0000     60.000      0.853  48712.881    30.9034     9.6389      0.844    6.53441     9.6497    23.8130   11.81027 4.3757e+02 0.0000e+00
        242 176.569401    0.01674     1.0042     60.250      0.849  48737.570    30.9212     9.6428      0.841    6.53311     9.6591    23.8263   11.80789 4.3411e+02 0.0000e+00
        243 176.569404    0.01681     1.0083     60.500      0.849  48757.043    30.9358     9.6498      0.841    6.53148     9.6687    23.8366   11.80503 4.2278e+02 0.0000e+00
        244 176.569407    0.01688     1.0125     60.750      0.852  48764.549    30.9423     9.6592      0.844    6.52985     9.6766    23.8402   11.80225 4.0668e+02 0.0000e+00
        245 176.569410    0.01694     1.0167     61.000      0.857  48763.730    30.9430     9.6688      0.849    6.52845     9.6824    23.8392   11.79992 3.9468e+02 0.0000e+00
        246 176.569413    0.01701     1.0208     61.250      0.861  48760.186    30.9416     9.6767      0.852    6.52737     9.6863    23.8368   11.79816 3.9040e+02 0.0000e+00
        247 176.569416    0.01708     1.0250     61.500      0.861  48756.569    30.9398     9.6825      0.853    6.52661     9.6888    23.8344   11.79693 3.8714e+02 0.0000e+00
        248 176.569418    0.01715     1.0292     61.750      0.857  48753.769    30.9383     9.6864      0.849    6.52611     9.6904    23.8327   11.79611 3.7882e+02 0.0000e+00
        249 176.569421    0.01722     1.0333     62.000      0.852  48751.899    30.9373     9.6889      0.844    6.52579     9.6914    23.8315   11.79559 3.6997e+02 0.0000e+00
        250 176.569424    0.01729     1.0375     62.250      0.849  48750.825    30.9368     9.6905      0.841    6.52558     9.6920    23.8308   11.79526 3.6576e+02 0.0000e+00
        251 176.569427    0.01736     1.0417     62.500      0.851  48750.311    30.9365     9.6915      0.843    6.52545     9.6925    23.8305   11.79504 3.6622e+02 0.0000e+00
        252 176.569430    0.01743     1.0458     62.750      0.855  48750.015    30.9364     9.6921      0.847    6.52536     9.6929    23.8303   11.79489 3.6991e+02 0.0000e+00
        253 176.569433    0.01750     1.0500     63.000      0.860  48749.691    30.9362     9.6926      0.852    6.52530     9.6932    23.8301   11.79479 3.7586e+02 0.0000e+00
        254 176.569436    0.01757     1.0542     63.250      0.862  48749.343    30.9360     9.6930      0.854    6.52525     9.6933    23.8299   11.79472 3.8165e+02 0.0000e+00
        255 176.569439    0.01764     1.0583     63.500      0.860  48749.094    30.9359     9.6933      0.853    6.52522     9.6935    23.8297   11.79467 3.8884e+02 0.0000e+00
        256 176.569442    0.01771     1.0625     63.750      0.856  48748.951    30.9358     9.6934      0.848    6.52520     9.6936    23.8296   11.79463 3.9667e+02 0.0000e+00
        257 176.569444    0.01778     1.0667     64.000      0.851  48748.876    30.9358     9.6936      0.843    6.52519     9.6937    23.8296   11.79460 3.9843e+02 0.0000e+00
        258 176.569447    0.01785     1.0708     64.250      0.847  48748.861    30.9358     9.6937      0.839    6.52517     9.6938    23.8296   11.79458 3.9623e+02 0.0000e+00
        259 176.569450    0.01792     1.0750     64.500      0.846  48748.870    30.9358     9.6938      0.838    6.52515     9.6940    23.8296   11.79455 3.9311e+02 0.0000e+00
        260 176.569453    0.01799     1.0792     64.750      0.847  48748.864    30.9358     9.6939      0.839    6.52513     9.6941    23.8295   11.79452 3.8842e+02 0.0000e+00
        261 176.569456    0.01806     1.0833     65.000      0.849  48748.846    30.9358     9.6941      0.842    6.52511     9.6943    23.8295   11.79448 3.8474e+02 0.0000e+00
        262 176.569459    0.01812     1.0875     65.250      0.853  48748.859    30.9359     9.6942      0.845    6.52509     9.6945    23.8295   11.79445 3.8222e+02 0.0000e+00
        263 176.569462    0.01819     1.0917     65.500      0.855  48748.888    30.9359     9.6944      0.847    6.52506     9.6947    23.8295   11.79440 3.7895e+02 0.0000e+00
        264 176.569465    0.01826     1.0958     65.750      0.856  48748.878    30.9359     9.6946      0.848    6.52503     9.6949    23.8295   11.79435 3.7407e+02 0.0000e+00
        265 176.569468    0.01833     1.1000     66.000      0.855  48748.819    30.9359     9.6948      0.847    6.52500     9.6950    23.8295   11.79430 3.6763e+02 0.0000e+00
        266 176.569470    0.01840     1.1042     66.250      0.855  48748.731    30.9359     9.6950      0.847    6.52498     9.6951    23.8294   11.79426 3.6379e+02 0.0000e+00
        267 176.569473    0.01847     1.1083     66.500      0.856  48748.663    30.9359     9.6951      0.848    6.52496     9.6951    23.8294   11.79423 3.6508e+02 0.0000e+00
        268 176.569476    0.01854     1.1125     66.750      0.858  48748.670    30.9359     9.6951      0.850    6.52495     9.6950    23.8294   11.79422 3.6642e+02 0.0000e+00
        269 176.569479    0.01861     1.1167     67.000      0.861  48748.731    30.9359     9.6951      0.853    6.52495     9.6949    23.8294   11.79422 3.6560e+02 0.0000e+00
        270 176.569482    0.01868     1.1208     67.250      0.863  48748.743    30.9359     9.6950      0.855    6.52496     9.6947    23.8295   11.79424 3.6412e+02 0.0000e+00
        271 176.569485    0.01875     1.1250     67.500      0.865  48748.691    30.9358     9.6949      0.857    6.52498     9.6944    23.8294   11.79427 3.6167e+02 0.0000e+00
