CTD-processing/allCTD/CNV--turbid/2018_09-13_t9_s02_cast017.cnv
* Sea-Bird SBE19plus Data File:
* FileName = C:\Users\Kim.Powell\Desktop\Not Processed\2018\2018_09-13_T3, T4, T9_5028\2018_09-13_TRANSECT_STATION_cast017.hex
* Software Version 1.59
* Temperature SN =  5028
* Conductivity SN =  5028
* System UpLoad Time = Sep 14 2018 16:03:30
** 2018_09-13
** Station: 9-02
** Start Time: 14:26
** Depth (m): 74
** Comment:
** Comment:
# nquan = 16
# nvalues = 572                         
# units = specified
# name 0 = scan: Scan Count
# name 1 = timeJ: Julian Days
# name 2 = timeH: Time, Elapsed [hours]
# name 3 = timeM: Time, Elapsed [minutes]
# name 4 = timeS: Time, Elapsed [seconds]
# name 5 = prdM: Pressure, Strain Gauge [db]
# name 6 = specc: Specific Conductance [uS/cm]
# name 7 = sal00: Salinity, Practical [PSU]
# name 8 = tv290C: Temperature [ITS-90, deg C]
# name 9 = depSM: Depth [salt water, m], lat = 59.00
# name 10 = oxsolML/L: Oxygen Saturation, Garcia & Gordon [ml/l]
# name 11 = potemp090C: Potential Temperature [ITS-90, deg C]
# name 12 = sigma-é00: Density [sigma-theta, kg/m^3]
# name 13 = n2satML/L: Nitrogen Saturation [ml/l]
# name 14 = par: PAR/Irradiance, Biospherical/Licor
# name 15 = flag:  0.000e+00
# span 0 =          1,        572       
# span 1 = 256.602488, 256.604141       
# span 2 =    0.00000,    0.03965       
# span 3 =     0.0000,     2.3792       
# span 4 =      0.000,    142.750       
# span 5 =      0.583,     72.626       
# span 6 =  46563.983,  49036.860       
# span 7 =    29.6052,    31.0956       
# span 8 =     9.5849,    11.5264       
# span 9 =      0.577,     71.935       
# span 10 =    6.32429,    6.53413      
# span 11 =     9.5776,    11.4137      
# span 12 =    22.4873,    23.9727      
# span 13 =   11.47734,   11.80751      
# span 14 = 6.0402e-02, 9.3239e+02      
# span 15 = 0.0000e+00, 0.0000e+00      
# interval = seconds: 0.25
# start_time = Sep 13 2018 14:27:35 [Instrument's time stamp, header]
# bad_flag = -9.990e-29
*END*
[from data line 362]
        363 256.603536    0.02514     1.5083     90.500     27.187  48705.934    30.9137     9.8436     26.932    6.50462     9.8398    23.7888   11.76080 9.0000e-01 0.0000e+00
        364 256.603539    0.02521     1.5125     90.750     27.418  48706.592    30.9140     9.8431     27.160    6.50467     9.8395    23.7891   11.76089 8.5662e-01 0.0000e+00
        365 256.603542    0.02528     1.5167     91.000     27.652  48707.150    30.9143     9.8427     27.392    6.50472     9.8392    23.7894   11.76096 8.1512e-01 0.0000e+00
        366 256.603545    0.02535     1.5208     91.250     27.886  48707.639    30.9145     9.8424     27.623    6.50475     9.8389    23.7896   11.76101 7.7612e-01 0.0000e+00
        367 256.603547    0.02542     1.5250     91.500     28.114  48708.057    30.9146     9.8422     27.849    6.50478     9.8388    23.7898   11.76106 7.4006e-01 0.0000e+00
        368 256.603550    0.02549     1.5292     91.750     28.335  48708.390    30.9148     9.8420     28.068    6.50480     9.8386    23.7899   11.76109 7.0704e-01 0.0000e+00
        369 256.603553    0.02556     1.5333     92.000     28.548  48708.678    30.9149     9.8419     28.279    6.50482     9.8383    23.7900   11.76112 6.7674e-01 0.0000e+00
        370 256.603556    0.02562     1.5375     92.250     28.754  48709.004    30.9150     9.8417     28.484    6.50484     9.8379    23.7901   11.76116 6.4849e-01 0.0000e+00
        371 256.603559    0.02569     1.5417     92.500     28.959  48709.437    30.9151     9.8414     28.686    6.50487     9.8374    23.7903   11.76121 6.2151e-01 0.0000e+00
        372 256.603562    0.02576     1.5458     92.750     29.166  48710.030    30.9154     9.8410     28.891    6.50491     9.8367    23.7906   11.76127 5.9510e-01 0.0000e+00
        373 256.603565    0.02583     1.5500     93.000     29.381  48710.874    30.9158     9.8405     29.104    6.50496     9.8356    23.7910   11.76135 5.6867e-01 0.0000e+00
        374 256.603568    0.02590     1.5542     93.250     29.607  48712.077    30.9165     9.8398     29.328    6.50504     9.8340    23.7916   11.76146 5.4205e-01 0.0000e+00
        375 256.603571    0.02597     1.5583     93.500     29.845  48713.751    30.9175     9.8388     29.564    6.50515     9.8321    23.7925   11.76163 5.1562e-01 0.0000e+00
        376 256.603573    0.02604     1.5625     93.750     30.090  48716.010    30.9188     9.8373     29.807    6.50531     9.8298    23.7938   11.76189 4.9005e-01 0.0000e+00
        377 256.603576    0.02611     1.5667     94.000     30.336  48718.851    30.9204     9.8353     30.050    6.50552     9.8271    23.7954   11.76221 4.6603e-01 0.0000e+00
        378 256.603579    0.02618     1.5708     94.250     30.574  48722.170    30.9224     9.8331     30.286    6.50576     9.8241    23.7973   11.76259 4.4411e-01 0.0000e+00
        379 256.603582    0.02625     1.5750     94.500     30.799  48725.926    30.9246     9.8305     30.509    6.50604     9.8207    23.7994   11.76303 4.2455e-01 0.0000e+00
        380 256.603585    0.02632     1.5792     94.750     31.009  48730.196    30.9271     9.8275     30.717    6.50636     9.8166    23.8019   11.76352 4.0720e-01 0.0000e+00
        381 256.603588    0.02639     1.5833     95.000     31.206  48735.185    30.9301     9.8240     30.912    6.50673     9.8121    23.8048   11.76410 3.9160e-01 0.0000e+00
        382 256.603591    0.02646     1.5875     95.250     31.394  48741.040    30.9337     9.8200     31.098    6.50716     9.8073    23.8082   11.76478 3.7718e-01 0.0000e+00
        383 256.603594    0.02653     1.5917     95.500     31.579  48747.592    30.9376     9.8155     31.281    6.50764     9.8022    23.8120   11.76552 3.6336e-01 0.0000e+00
        384 256.603597    0.02660     1.5958     95.750     31.766  48754.575    30.9418     9.8107     31.466    6.50815     9.7965    23.8161   11.76630 3.4965e-01 0.0000e+00
        385 256.603600    0.02667     1.6000     96.000     31.960  48762.142    30.9464     9.8056     31.658    6.50868     9.7902    23.8205   11.76713 3.3591e-01 0.0000e+00
        386 256.603602    0.02674     1.6042     96.250     32.161  48770.668    30.9516     9.7999     31.858    6.50928     9.7842    23.8255   11.76807 3.2225e-01 0.0000e+00
        387 256.603605    0.02681     1.6083     96.500     32.369  48779.797    30.9571     9.7936     32.064    6.50994     9.7792    23.8308   11.76910 3.0879e-01 0.0000e+00
        388 256.603608    0.02688     1.6125     96.750     32.583  48788.363    30.9623     9.7877     32.276    6.51058     9.7752    23.8358   11.77010 2.9567e-01 0.0000e+00
        389 256.603611    0.02694     1.6167     97.000     32.800  48795.478    30.9666     9.7827     32.491    6.51112     9.7722    23.8399   11.77093 2.8304e-01 0.0000e+00
        390 256.603614    0.02701     1.6208     97.250     33.021  48801.055    30.9699     9.7788     32.710    6.51154     9.7702    23.8431   11.77159 2.7085e-01 0.0000e+00
        391 256.603617    0.02708     1.6250     97.500     33.248  48805.257    30.9724     9.7758     32.934    6.51186     9.7693    23.8456   11.77209 2.5896e-01 0.0000e+00
        392 256.603620    0.02715     1.6292     97.750     33.481  48807.985    30.9740     9.7739     33.165    6.51208     9.7689    23.8471   11.77243 2.4733e-01 0.0000e+00
        393 256.603623    0.02722     1.6333     98.000     33.720  48809.232    30.9746     9.7730     33.402    6.51218     9.7681    23.8478   11.77259 2.3606e-01 0.0000e+00
        394 256.603626    0.02729     1.6375     98.250     33.960  48809.858    30.9749     9.7726     33.639    6.51222     9.7665    23.8481   11.77265 2.2543e-01 0.0000e+00
        395 256.603628    0.02736     1.6417     98.500     34.193  48811.180    30.9757     9.7718     33.871    6.51230     9.7645    23.8488   11.77278 2.1574e-01 0.0000e+00
        396 256.603631    0.02743     1.6458     98.750     34.414  48813.587    30.9771     9.7702     34.090    6.51247     9.7623    23.8501   11.77304 2.0719e-01 0.0000e+00
        397 256.603634    0.02750     1.6500     99.000     34.619  48816.510    30.9788     9.7682     34.292    6.51269     9.7602    23.8518   11.77338 1.9975e-01 0.0000e+00
        398 256.603637    0.02757     1.6542     99.250     34.809  48819.475    30.9805     9.7661     34.480    6.51291     9.7578    23.8535   11.77373 1.9310e-01 0.0000e+00
        399 256.603640    0.02764     1.6583     99.500     34.993  48822.424    30.9823     9.7639     34.662    6.51315     9.7552    23.8552   11.77410 1.8681e-01 0.0000e+00
        400 256.603643    0.02771     1.6625     99.750     35.181  48825.532    30.9841     9.7616     34.849    6.51341     9.7521    23.8570   11.77451 1.8047e-01 0.0000e+00
        401 256.603646    0.02778     1.6667    100.000     35.384  48829.040    30.9861     9.7590     35.050    6.51370     9.7489    23.8590   11.77497 1.7386e-01 0.0000e+00
        402 256.603649    0.02785     1.6708    100.250     35.608  48833.125    30.9885     9.7560     35.272    6.51403     9.7462    23.8613   11.77549 1.6696e-01 0.0000e+00
        403 256.603652    0.02792     1.6750    100.500     35.852  48837.479    30.9910     9.7528     35.514    6.51437     9.7442    23.8638   11.77603 1.5997e-01 0.0000e+00
        404 256.603655    0.02799     1.6792    100.750     36.108  48841.271    30.9933     9.7501     35.767    6.51466     9.7428    23.8660   11.77649 1.5323e-01 0.0000e+00
        405 256.603657    0.02806     1.6833    101.000     36.361  48844.045    30.9949     9.7482     36.018    6.51488     9.7417    23.8676   11.77682 1.4704e-01 0.0000e+00
        406 256.603660    0.02813     1.6875    101.250     36.603  48846.039    30.9960     9.7467     36.258    6.51503     9.7406    23.8687   11.77707 1.4155e-01 0.0000e+00
        407 256.603663    0.02819     1.6917    101.500     36.830  48847.594    30.9968     9.7456     36.482    6.51516     9.7395    23.8695   11.77727 1.3675e-01 0.0000e+00
        408 256.603666    0.02826     1.6958    101.750     37.043  48848.889    30.9975     9.7445     36.693    6.51528     9.7384    23.8702   11.77747 1.3248e-01 0.0000e+00
        409 256.603669    0.02833     1.7000    102.000     37.248  48850.032    30.9981     9.7435     36.896    6.51541     9.7369    23.8708   11.77767 1.2856e-01 0.0000e+00
        410 256.603672    0.02840     1.7042    102.250     37.454  48851.180    30.9986     9.7424     37.101    6.51555     9.7352    23.8715   11.77789 1.2480e-01 0.0000e+00
        411 256.603675    0.02847     1.7083    102.500     37.669  48852.618    30.9994     9.7410     37.314    6.51572     9.7331    23.8723   11.77817 1.2107e-01 0.0000e+00
        412 256.603678    0.02854     1.7125    102.750     37.898  48854.595    31.0005     9.7392     37.540    6.51593     9.7310    23.8734   11.77850 1.1731e-01 0.0000e+00
        413 256.603681    0.02861     1.7167    103.000     38.140  48857.103    31.0019     9.7372     37.780    6.51617     9.7291    23.8748   11.77887 1.1360e-01 0.0000e+00
        414 256.603683    0.02868     1.7208    103.250     38.391  48859.829    31.0034     9.7351     38.029    6.51640     9.7274    23.8763   11.77923 1.1005e-01 0.0000e+00
        415 256.603686    0.02875     1.7250    103.500     38.645  48862.421    31.0049     9.7332     38.280    6.51661     9.7261    23.8778   11.77956 1.0673e-01 0.0000e+00
        416 256.603689    0.02882     1.7292    103.750     38.895  48864.667    31.0061     9.7316     38.528    6.51678     9.7249    23.8790   11.77983 1.0365e-01 0.0000e+00
        417 256.603692    0.02889     1.7333    104.000     39.137  48866.522    31.0072     9.7303     38.767    6.51692     9.7237    23.8801   11.78006 1.0087e-01 0.0000e+00
        418 256.603695    0.02896     1.7375    104.250     39.368  48868.137    31.0081     9.7291     38.997    6.51705     9.7223    23.8810   11.78026 9.8379e-02 0.0000e+00
        419 256.603698    0.02903     1.7417    104.500     39.591  48869.732    31.0089     9.7280     39.217    6.51718     9.7206    23.8818   11.78047 9.6154e-02 0.0000e+00
        420 256.603701    0.02910     1.7458    104.750     39.807  48871.549    31.0100     9.7266     39.431    6.51734     9.7183    23.8829   11.78071 9.4142e-02 0.0000e+00
        421 256.603704    0.02917     1.7500    105.000     40.019  48873.846    31.0113     9.7249     39.641    6.51753     9.7154    23.8842   11.78102 9.2280e-02 0.0000e+00
        422 256.603707    0.02924     1.7542    105.250     40.233  48876.763    31.0129     9.7226     39.853    6.51779     9.7117    23.8858   11.78142 9.0506e-02 0.0000e+00
        423 256.603709    0.02931     1.7583    105.500     40.452  48880.446    31.0151     9.7197     40.070    6.51811     9.7076    23.8880   11.78193 8.8780e-02 0.0000e+00
        424 256.603712    0.02937     1.7625    105.750     40.677  48885.173    31.0178     9.7160     40.293    6.51852     9.7035    23.8907   11.78257 8.7097e-02 0.0000e+00
        425 256.603715    0.02944     1.7667    106.000     40.908  48890.674    31.0211     9.7119     40.521    6.51898     9.6999    23.8939   11.78330 8.5479e-02 0.0000e+00
        426 256.603718    0.02951     1.7708    106.250     41.142  48896.058    31.0242     9.7079     40.754    6.51943     9.6966    23.8970   11.78400 8.3946e-02 0.0000e+00
        427 256.603721    0.02958     1.7750    106.500     41.378  48900.861    31.0271     9.7043     40.987    6.51983     9.6932    23.8998   11.78463 8.2506e-02 0.0000e+00
        428 256.603724    0.02965     1.7792    106.750     41.613  48905.184    31.0296     9.7010     41.220    6.52019     9.6893    23.9022   11.78520 8.1159e-02 0.0000e+00
        429 256.603727    0.02972     1.7833    107.000     41.846  48909.579    31.0321     9.6976     41.450    6.52056     9.6852    23.9048   11.78579 7.9908e-02 0.0000e+00
        430 256.603730    0.02979     1.7875    107.250     42.076  48914.686    31.0351     9.6938     41.679    6.52098     9.6814    23.9077   11.78645 7.8750e-02 0.0000e+00
        431 256.603733    0.02986     1.7917    107.500     42.307  48920.203    31.0384     9.6897     41.907    6.52144     9.6783    23.9109   11.78717 7.7671e-02 0.0000e+00
        432 256.603736    0.02993     1.7958    107.750     42.539  48925.183    31.0413     9.6859     42.137    6.52186     9.6759    23.9138   11.78783 7.6652e-02 0.0000e+00
        433 256.603738    0.03000     1.8000    108.000     42.775  48929.106    31.0435     9.6829     42.370    6.52221     9.6741    23.9161   11.78837 7.5688e-02 0.0000e+00
        434 256.603741    0.03007     1.8042    108.250     43.012  48931.974    31.0452     9.6805     42.605    6.52248     9.6726    23.9177   11.78880 7.4773e-02 0.0000e+00
        435 256.603744    0.03014     1.8083    108.500     43.249  48933.965    31.0462     9.6787     42.840    6.52269     9.6715    23.9189   11.78914 7.3905e-02 0.0000e+00
        436 256.603747    0.03021     1.8125    108.750     43.482  48935.359    31.0469     9.6773     43.071    6.52287     9.6705    23.9196   11.78942 7.3097e-02 0.0000e+00
        437 256.603750    0.03028     1.8167    109.000     43.707  48936.288    31.0473     9.6762     43.294    6.52301     9.6697    23.9201   11.78966 7.2358e-02 0.0000e+00
        438 256.603753    0.03035     1.8208    109.250     43.923  48936.755    31.0474     9.6752     43.508    6.52314     9.6690    23.9204   11.78988 7.1687e-02 0.0000e+00
        439 256.603756    0.03042     1.8250    109.500     44.129  48937.007    31.0474     9.6745     43.712    6.52326     9.6684    23.9205   11.79006 7.1076e-02 0.0000e+00
        440 256.603759    0.03049     1.8292    109.750     44.330  48937.193    31.0474     9.6738     43.911    6.52335     9.6678    23.9206   11.79022 7.0519e-02 0.0000e+00
        441 256.603762    0.03056     1.8333    110.000     44.531  48937.098    31.0472     9.6732     44.110    6.52344     9.6670    23.9205   11.79037 7.0001e-02 0.0000e+00
        442 256.603764    0.03062     1.8375    110.250     44.736  48936.733    31.0467     9.6726     44.313    6.52355     9.6659    23.9203   11.79055 6.9495e-02 0.0000e+00
        443 256.603767    0.03069     1.8417    110.500     44.950  48936.639    31.0465     9.6718     44.525    6.52368     9.6648    23.9202   11.79077 6.8993e-02 0.0000e+00
        444 256.603770    0.03076     1.8458    110.750     45.174  48937.193    31.0466     9.6707     44.747    6.52382     9.6639    23.9205   11.79101 6.8497e-02 0.0000e+00
        445 256.603773    0.03083     1.8500    111.000     45.406  48938.220    31.0471     9.6697     44.976    6.52395     9.6631    23.9210   11.79122 6.8014e-02 0.0000e+00
        446 256.603776    0.03090     1.8542    111.250     45.640  48939.386    31.0477     9.6687     45.208    6.52406     9.6626    23.9217   11.79139 6.7559e-02 0.0000e+00
        447 256.603779    0.03097     1.8583    111.500     45.871  48940.484    31.0483     9.6680     45.437    6.52413     9.6624    23.9222   11.79150 6.7140e-02 0.0000e+00
        448 256.603782    0.03104     1.8625    111.750     46.095  48941.463    31.0488     9.6676     45.659    6.52417     9.6623    23.9227   11.79157 6.6755e-02 0.0000e+00
        449 256.603785    0.03111     1.8667    112.000     46.309  48942.255    31.0493     9.6673     45.871    6.52419     9.6623    23.9231   11.79159 6.6410e-02 0.0000e+00
        450 256.603788    0.03118     1.8708    112.250     46.515  48942.769    31.0495     9.6672     46.075    6.52419     9.6624    23.9233   11.79159 6.6104e-02 0.0000e+00
        451 256.603791    0.03125     1.8750    112.500     46.717  48943.003    31.0496     9.6673     46.275    6.52418     9.6625    23.9234   11.79157 6.5817e-02 0.0000e+00
