CTD-processing/allCTD/CNV--turbid/2018_07-18_alongbay_skb03_cast157.cnv
* Sea-Bird SBE19plus Data File:
* FileName = C:\Users\Kim.Powell\Desktop\Not Processed\2018\2018_07-18_AlongBay,T6,T7_5028\2018_07-18_TRANSECT_STATION_cast157.hex
* Software Version 1.59
* Temperature SN =  5028
* Conductivity SN =  5028
* System UpLoad Time = Jul 19 2018 13:24:26
** 2018_07-18
** Station: KB03
** Start Time: 14:19
** Depth (m): 105.9
** Comment:
** Comment:
# nquan = 16
# nvalues = 766                         
# units = specified
# name 0 = scan: Scan Count
# name 1 = timeJ: Julian Days
# name 2 = timeH: Time, Elapsed [hours]
# name 3 = timeM: Time, Elapsed [minutes]
# name 4 = timeS: Time, Elapsed [seconds]
# name 5 = prdM: Pressure, Strain Gauge [db]
# name 6 = specc: Specific Conductance [uS/cm]
# name 7 = sal00: Salinity, Practical [PSU]
# name 8 = tv290C: Temperature [ITS-90, deg C]
# name 9 = depSM: Depth [salt water, m], lat = 59.00
# name 10 = oxsolML/L: Oxygen Saturation, Garcia & Gordon [ml/l]
# name 11 = potemp090C: Potential Temperature [ITS-90, deg C]
# name 12 = sigma-é00: Density [sigma-theta, kg/m^3]
# name 13 = n2satML/L: Nitrogen Saturation [ml/l]
# name 14 = par: PAR/Irradiance, Biospherical/Licor
# name 15 = flag:  0.000e+00
# span 0 =          1,        766       
# span 1 = 199.597535, 199.599748       
# span 2 =    0.00000,    0.05312       
# span 3 =     0.0000,     3.1875       
# span 4 =      0.000,    191.250       
# span 5 =     -0.008,    103.072       
# span 6 =    879.110,  50220.511       
# span 7 =     0.4328,    31.7481       
# span 8 =     7.5965,    11.0673       
# span 9 =     -0.008,    102.083       
# span 10 =    6.44899,    7.69000      
# span 11 =     7.5870,    11.0673      
# span 12 =    -0.0602,    24.6735      
# span 13 =   11.66059,   14.14805      
# span 14 = 5.4438e-02, 2.0180e+03      
# span 15 = 0.0000e+00, 0.0000e+00      
# interval = seconds: 0.25
# start_time = Jul 18 2018 14:20:27 [Instrument's time stamp, header]
# bad_flag = -9.990e-29
*END*
[from data line 181]
        182 199.598058    0.01257     0.7542     45.250      0.784  49645.620    31.6044     9.9752      0.777    6.45723     9.9504    24.3057   11.67403 6.5766e+02 0.0000e+00
        183 199.598061    0.01264     0.7583     45.500      0.797  49696.162    31.6380     9.9593      0.790    6.45808     9.9524    24.3346   11.67505 7.3296e+02 0.0000e+00
        184 199.598064    0.01271     0.7625     45.750      0.794  49742.607    31.6697     9.9505      0.787    6.45802     9.9647    24.3608   11.67456 8.5947e+02 0.0000e+00
        185 199.598067    0.01278     0.7667     46.000      0.778  49763.889    31.6850     9.9525      0.770    6.45710     9.9820    24.3724   11.67286 9.4898e+02 0.0000e+00
        186 199.598070    0.01285     0.7708     46.250      0.755  49756.603    31.6815     9.9648      0.747    6.45550     9.9976    24.3676   11.67026 9.2949e+02 0.0000e+00
        187 199.598073    0.01292     0.7750     46.500      0.734  49729.041    31.6642     9.9821      0.727    6.45378    10.0073    24.3513   11.66761 8.2722e+02 0.0000e+00
        188 199.598076    0.01299     0.7792     46.750      0.722  49691.398    31.6396     9.9977      0.715    6.45259    10.0085    24.3296   11.66593 7.2543e+02 0.0000e+00
        189 199.598079    0.01306     0.7833     47.000      0.724  49654.553    31.6148    10.0074      0.717    6.45225    10.0004    24.3086   11.66566 6.8974e+02 0.0000e+00
        190 199.598082    0.01313     0.7875     47.250      0.740  49630.993    31.5983    10.0086      0.733    6.45276     9.9853    24.2956   11.66671 7.1443e+02 0.0000e+00
        191 199.598084    0.01319     0.7917     47.500      0.763  49629.225    31.5960    10.0004      0.756    6.45401     9.9695    24.2951   11.66881 7.2114e+02 0.0000e+00
        192 199.598087    0.01326     0.7958     47.750      0.784  49652.966    31.6109     9.9854      0.776    6.45551     9.9588    24.3092   11.67112 6.8517e+02 0.0000e+00
        193 199.598090    0.01333     0.8000     48.000      0.794  49695.299    31.6387     9.9696      0.786    6.45660     9.9572    24.3335   11.67259 6.6784e+02 0.0000e+00
        194 199.598093    0.01340     0.8042     48.250      0.789  49735.134    31.6655     9.9589      0.781    6.45699     9.9646    24.3561   11.67292 7.0268e+02 0.0000e+00
        195 199.598096    0.01347     0.8083     48.500      0.773  49753.084    31.6780     9.9573      0.766    6.45670     9.9759    24.3661   11.67228 7.7128e+02 0.0000e+00
        196 199.598099    0.01354     0.8125     48.750      0.755  49743.684    31.6723     9.9647      0.747    6.45590     9.9850    24.3605   11.67102 8.0375e+02 0.0000e+00
        197 199.598102    0.01361     0.8167     49.000      0.740  49715.751    31.6540     9.9760      0.733    6.45506     9.9887    24.3444   11.66986 7.9459e+02 0.0000e+00
        198 199.598105    0.01368     0.8208     49.250      0.733  49687.240    31.6351     9.9851      0.726    6.45455     9.9865    24.3281   11.66924 7.9727e+02 0.0000e+00
        199 199.598108    0.01375     0.8250     49.500      0.734  49673.442    31.6258     9.9888      0.727    6.45442     9.9805    24.3202   11.66913 8.0158e+02 0.0000e+00
        200 199.598111    0.01382     0.8292     49.750      0.738  49678.065    31.6288     9.9866      0.731    6.45460     9.9732    24.3229   11.66941 7.9789e+02 0.0000e+00
        201 199.598113    0.01389     0.8333     50.000      0.744  49693.183    31.6387     9.9806      0.737    6.45504     9.9656    24.3316   11.67001 7.9756e+02 0.0000e+00
        202 199.598116    0.01396     0.8375     50.250      0.752  49706.194    31.6470     9.9733      0.745    6.45573     9.9582    24.3393   11.67106 8.1287e+02 0.0000e+00
        203 199.598119    0.01403     0.8417     50.500      0.763  49711.700    31.6499     9.9657      0.756    6.45669     9.9517    24.3428   11.67260 8.4069e+02 0.0000e+00
        204 199.598122    0.01410     0.8458     50.750      0.776  49715.673    31.6517     9.9583      0.769    6.45766     9.9479    24.3454   11.67419 8.9296e+02 0.0000e+00
        205 199.598125    0.01417     0.8500     51.000      0.786  49727.986    31.6596     9.9518      0.779    6.45824     9.9493    24.3526   11.67505 9.6153e+02 0.0000e+00
        206 199.598128    0.01424     0.8542     51.250      0.789  49749.983    31.6746     9.9480      0.782    6.45815     9.9581    24.3650   11.67474 9.7837e+02 0.0000e+00
        207 199.598131    0.01431     0.8583     51.500      0.780  49768.562    31.6879     9.9494      0.773    6.45741     9.9736    24.3751   11.67336 9.6225e+02 0.0000e+00
        208 199.598134    0.01438     0.8625     51.750      0.762  49768.218    31.6888     9.9582      0.755    6.45614     9.9904    24.3744   11.67123 9.5688e+02 0.0000e+00
        209 199.598137    0.01444     0.8667     52.000      0.742  49744.529    31.6741     9.9737      0.736    6.45456    10.0022    24.3604   11.66879 9.1635e+02 0.0000e+00
        210 199.598139    0.01451     0.8708     52.250      0.729  49705.823    31.6489     9.9905      0.722    6.45323    10.0052    24.3380   11.66688 8.0955e+02 0.0000e+00
        211 199.598142    0.01458     0.8750     52.500      0.726  49667.539    31.6233    10.0023      0.719    6.45261     9.9987    24.3161   11.66617 6.6458e+02 0.0000e+00
        212 199.598145    0.01465     0.8792     52.750      0.734  49643.238    31.6065    10.0053      0.727    6.45288     9.9854    24.3025   11.66682 5.5183e+02 0.0000e+00
        213 199.598148    0.01472     0.8833     53.000      0.750  49638.352    31.6022     9.9988      0.743    6.45399     9.9704    24.3002   11.66870 4.9676e+02 0.0000e+00
        214 199.598151    0.01479     0.8875     53.250      0.768  49651.517    31.6098     9.9855      0.761    6.45554     9.9579    24.3083   11.67118 4.6827e+02 0.0000e+00
        215 199.598154    0.01486     0.8917     53.500      0.783  49680.125    31.6281     9.9705      0.776    6.45690     9.9505    24.3251   11.67322 4.5743e+02 0.0000e+00
        216 199.598157    0.01493     0.8958     53.750      0.791  49718.770    31.6538     9.9580      0.784    6.45760     9.9498    24.3472   11.67407 4.6290e+02 0.0000e+00
        217 199.598160    0.01500     0.9000     54.000      0.791  49756.174    31.6793     9.9506      0.783    6.45759     9.9564    24.3682   11.67375 4.7022e+02 0.0000e+00
        218 199.598163    0.01507     0.9042     54.250      0.783  49781.059    31.6968     9.9499      0.776    6.45698     9.9690    24.3820   11.67252 4.7195e+02 0.0000e+00
        219 199.598166    0.01514     0.9083     54.500      0.773  49787.526    31.7023     9.9565      0.766    6.45582     9.9831    24.3851   11.67053 4.9322e+02 0.0000e+00
        220 199.598168    0.01521     0.9125     54.750      0.765  49776.635    31.6962     9.9690      0.758    6.45430     9.9942    24.3783   11.66808 5.4045e+02 0.0000e+00
        221 199.598171    0.01528     0.9167     55.000      0.762  49755.081    31.6828     9.9831      0.755    6.45287    10.0001    24.3656   11.66587 5.7879e+02 0.0000e+00
        222 199.598174    0.01535     0.9208     55.250      0.767  49729.213    31.6659     9.9942      0.760    6.45200    10.0003    24.3506   11.66464 5.9822e+02 0.0000e+00
        223 199.598177    0.01542     0.9250     55.500      0.779  49700.744    31.6465    10.0001      0.772    6.45196     9.9942    24.3345   11.66481 5.9277e+02 0.0000e+00
        224 199.598180    0.01549     0.9292     55.750      0.803  49668.593    31.6238    10.0003      0.795    6.45287     9.9822    24.3168   11.66659 5.4937e+02 0.0000e+00
        225 199.598183    0.01556     0.9333     56.000      0.839  49643.859    31.6056     9.9942      0.831    6.45449     9.9681    24.3035   11.66949 4.9937e+02 0.0000e+00
        226 199.598186    0.01563     0.9375     56.250      0.883  49642.046    31.6027     9.9823      0.874    6.45630     9.9569    24.3033   11.67252 4.7694e+02 0.0000e+00
        227 199.598189    0.01569     0.9417     56.500      0.925  49658.109    31.6123     9.9682      0.916    6.45789     9.9507    24.3130   11.67504 4.7078e+02 0.0000e+00
        228 199.598192    0.01576     0.9458     56.750      0.960  49679.902    31.6262     9.9570      0.951    6.45890     9.9510    24.3257   11.67655 4.6403e+02 0.0000e+00
        229 199.598194    0.01583     0.9500     57.000      0.985  49701.366    31.6406     9.9508      0.975    6.45917     9.9592    24.3379   11.67683 4.7281e+02 0.0000e+00
        230 199.598197    0.01590     0.9542     57.250      0.996  49716.835    31.6515     9.9511      0.986    6.45868     9.9752    24.3464   11.67588 5.0341e+02 0.0000e+00
        231 199.598200    0.01597     0.9583     57.500      0.992  49720.668    31.6553     9.9593      0.983    6.45736     9.9954    24.3480   11.67365 5.1907e+02 0.0000e+00
        232 199.598203    0.01604     0.9625     57.750      0.978  49710.645    31.6502     9.9753      0.969    6.45531    10.0149    24.3415   11.67032 5.0382e+02 0.0000e+00
        233 199.598206    0.01611     0.9667     58.000      0.960  49689.271    31.6377     9.9955      0.951    6.45297    10.0298    24.3284   11.66660 4.8390e+02 0.0000e+00
        234 199.598209    0.01618     0.9708     58.250      0.944  49661.372    31.6205    10.0150      0.935    6.45094    10.0383    24.3118   11.66343 4.6041e+02 0.0000e+00
        235 199.598212    0.01625     0.9750     58.500      0.935  49633.141    31.6025    10.0299      0.926    6.44958    10.0396    24.2953   11.66140 4.3136e+02 0.0000e+00
        236 199.598215    0.01632     0.9792     58.750      0.935  49611.129    31.5880    10.0384      0.926    6.44899    10.0336    24.2826   11.66059 4.2704e+02 0.0000e+00
        237 199.598218    0.01639     0.9833     59.000      0.941  49600.315    31.5805    10.0397      0.932    6.44912    10.0220    24.2766   11.66089 4.5958e+02 0.0000e+00
        238 199.598220    0.01646     0.9875     59.250      0.951  49602.662    31.5814    10.0337      0.942    6.44992    10.0082    24.2783   11.66221 5.0979e+02 0.0000e+00
        239 199.598223    0.01653     0.9917     59.500      0.962  49617.853    31.5907    10.0221      0.953    6.45118     9.9966    24.2874   11.66418 5.5067e+02 0.0000e+00
        240 199.598226    0.01660     0.9958     59.750      0.968  49643.436    31.6070    10.0084      0.959    6.45244     9.9897    24.3024   11.66607 5.6650e+02 0.0000e+00
        241 199.598229    0.01667     1.0000     60.000      0.969  49672.358    31.6259     9.9967      0.960    6.45330     9.9889    24.3191   11.66728 5.5780e+02 0.0000e+00
        242 199.598232    0.01674     1.0042     60.250      0.961  49693.388    31.6399     9.9898      0.953    6.45369     9.9933    24.3311   11.66776 5.2124e+02 0.0000e+00
        243 199.598235    0.01681     1.0083     60.500      0.949  49695.743    31.6415     9.9890      0.941    6.45374     9.9983    24.3325   11.66781 4.5999e+02 0.0000e+00
        244 199.598238    0.01688     1.0125     60.750      0.937  49675.757    31.6280     9.9934      0.929    6.45368     9.9985    24.3212   11.66788 4.0110e+02 0.0000e+00
        245 199.598241    0.01694     1.0167     61.000      0.929  49642.813    31.6054     9.9984      0.921    6.45392     9.9913    24.3027   11.66854 3.6926e+02 0.0000e+00
        246 199.598244    0.01701     1.0208     61.250      0.926  49612.990    31.5843     9.9986      0.918    6.45476     9.9778    24.2862   11.67019 3.5889e+02 0.0000e+00
        247 199.598247    0.01708     1.0250     61.500      0.925  49596.436    31.5716     9.9914      0.917    6.45630     9.9614    24.2776   11.67289 3.5038e+02 0.0000e+00
        248 199.598249    0.01715     1.0292     61.750      0.924  49594.146    31.5683     9.9779      0.916    6.45834     9.9454    24.2772   11.67631 3.3828e+02 0.0000e+00
        249 199.598252    0.01722     1.0333     62.000      0.923  49600.591    31.5707     9.9615      0.914    6.46055     9.9308    24.2818   11.67994 3.2839e+02 0.0000e+00
        250 199.598255    0.01729     1.0375     62.250      0.922  49608.470    31.5742     9.9455      0.914    6.46267     9.9178    24.2871   11.68342 3.2903e+02 0.0000e+00
        251 199.598258    0.01736     1.0417     62.500      0.926  49613.311    31.5758     9.9309      0.918    6.46467     9.9063    24.2907   11.68671 3.4633e+02 0.0000e+00
        252 199.598261    0.01743     1.0458     62.750      0.934  49615.604    31.5757     9.9179      0.926    6.46652     9.8966    24.2928   11.68977 3.7295e+02 0.0000e+00
        253 199.598264    0.01750     1.0500     63.000      0.944  49619.633    31.5771     9.9064      0.935    6.46809     9.8890    24.2957   11.69235 3.9811e+02 0.0000e+00
        254 199.598267    0.01757     1.0542     63.250      0.951  49628.804    31.5823     9.8967      0.942    6.46924     9.8834    24.3014   11.69421 4.2776e+02 0.0000e+00
        255 199.598270    0.01764     1.0583     63.500      0.952  49644.057    31.5921     9.8891      0.943    6.46992     9.8795    24.3102   11.69521 4.6797e+02 0.0000e+00
        256 199.598273    0.01771     1.0625     63.750      0.944  49663.787    31.6053     9.8835      0.935    6.47016     9.8767    24.3214   11.69545 4.9704e+02 0.0000e+00
        257 199.598275    0.01778     1.0667     64.000      0.930  49681.375    31.6172     9.8797      0.921    6.47021     9.8743    24.3314   11.69538 5.0215e+02 0.0000e+00
        258 199.598278    0.01785     1.0708     64.250      0.914  49687.590    31.6213     9.8768      0.905    6.47044     9.8720    24.3350   11.69572 4.9860e+02 0.0000e+00
        259 199.598281    0.01792     1.0750     64.500      0.902  49679.070    31.6150     9.8744      0.894    6.47105     9.8698    24.3304   11.69680 4.9843e+02 0.0000e+00
        260 199.598284    0.01799     1.0792     64.750      0.901  49662.264    31.6028     9.8721      0.893    6.47188     9.8681    24.3213   11.69832 5.3008e+02 0.0000e+00
        261 199.598287    0.01806     1.0833     65.000      0.913  49647.606    31.5922     9.8699      0.904    6.47262     9.8672    24.3134   11.69968 5.7924e+02 0.0000e+00
        262 199.598290    0.01812     1.0875     65.250      0.934  49641.803    31.5878     9.8682      0.925    6.47305     9.8678    24.3103   11.70044 6.1087e+02 0.0000e+00
        263 199.598293    0.01819     1.0917     65.500      0.959  49647.199    31.5915     9.8673      0.950    6.47302     9.8707    24.3133   11.70035 6.6732e+02 0.0000e+00
        264 199.598296    0.01826     1.0958     65.750      0.981  49665.167    31.6043     9.8679      0.972    6.47241     9.8774    24.3232   11.69918 7.4891e+02 0.0000e+00
        265 199.598299    0.01833     1.1000     66.000      0.993  49693.637    31.6247     9.8709      0.984    6.47114     9.8893    24.3387   11.69684 8.1635e+02 0.0000e+00
        266 199.598302    0.01840     1.1042     66.250      0.991  49721.119    31.6450     9.8775      0.982    6.46936     9.9063    24.3534   11.69364 8.2891e+02 0.0000e+00
        267 199.598304    0.01847     1.1083     66.500      0.976  49730.277    31.6530     9.8894      0.967    6.46734     9.9244    24.3577   11.69020 7.4983e+02 0.0000e+00
        268 199.598307    0.01854     1.1125     66.750      0.954  49711.547    31.6420     9.9065      0.945    6.46538     9.9380    24.3464   11.68709 6.4517e+02 0.0000e+00
        269 199.598310    0.01861     1.1167     67.000      0.933  49672.475    31.6167     9.9245      0.925    6.46388     9.9440    24.3237   11.68490 5.8325e+02 0.0000e+00
        270 199.598313    0.01868     1.1208     67.250      0.922  49631.385    31.5895     9.9381      0.913    6.46308     9.9418    24.3002   11.68391 5.7162e+02 0.0000e+00
        271 199.598316    0.01875     1.1250     67.500      0.922  49601.522    31.5692     9.9441      0.913    6.46307     9.9332    24.2834   11.68414 6.1231e+02 0.0000e+00
