CTD-processing/allCTD/CNV--turbid/2018_11-08_t9_s10_cast021.cnv
* Sea-Bird SBE19plus Data File:
* FileName = C:\Users\Kim.Powell\Desktop\Not Processed\2018\2018_11-08_AlongBay, T9_4141\2018_11-08_TRANSECT_STATION_cast021.hex
* Software Version 1.59
* Temperature SN =  4141
* Conductivity SN =  4141
* System UpLoad Time = Nov 13 2018 09:28:17
** 2018_11-08
** Station: 9-10
** Start Time: 15:08
** Depth (m): 65
** Comment: Near convergence zone
** Comment: ** out of order in field notes
# nquan = 16
# nvalues = 536                         
# units = specified
# name 0 = scan: Scan Count
# name 1 = timeJ: Julian Days
# name 2 = timeH: Time, Elapsed [hours]
# name 3 = timeM: Time, Elapsed [minutes]
# name 4 = timeS: Time, Elapsed [seconds]
# name 5 = prdM: Pressure, Strain Gauge [db]
# name 6 = specc: Specific Conductance [uS/cm]
# name 7 = sal00: Salinity, Practical [PSU]
# name 8 = tv290C: Temperature [ITS-90, deg C]
# name 9 = depSM: Depth [salt water, m], lat = 59.00
# name 10 = oxsolML/L: Oxygen Saturation, Garcia & Gordon [ml/l]
# name 11 = potemp090C: Potential Temperature [ITS-90, deg C]
# name 12 = sigma-é00: Density [sigma-theta, kg/m^3]
# name 13 = n2satML/L: Nitrogen Saturation [ml/l]
# name 14 = par: PAR/Irradiance, Biospherical/Licor
# name 15 = flag:  0.000e+00
# span 0 =          1,        536       
# span 1 = 312.630787, 312.632335       
# span 2 =    0.00000,    0.03715       
# span 3 =     0.0000,     2.2292       
# span 4 =      0.000,    133.750       
# span 5 =      0.643,     62.560       
# span 6 =  48024.013,  48491.477       
# span 7 =    30.0907,    30.5242       
# span 8 =     7.2798,     8.2820       
# span 9 =      0.636,     61.966       
# span 10 =    6.75192,    6.92633      
# span 11 =     7.2788,     8.2760      
# span 12 =    23.5100,    23.7315      
# span 13 =   12.17511,   12.46881      
# span 14 = 4.1702e-02, 4.3329e+01      
# span 15 = 0.0000e+00, 0.0000e+00      
# interval = seconds: 0.25
# start_time = Nov 08 2018 15:08:20 [Instrument's time stamp, header]
# bad_flag = -9.990e-29
*END*
[from data line 181]
        182 312.631311    0.01257     0.7542     45.250      1.027  48079.392    30.1254     7.3184      1.017    6.91995     7.3173    23.5402   12.45817 3.3335e+01 0.0000e+00
        183 312.631314    0.01264     0.7583     45.500      1.014  48078.457    30.1247     7.3180      1.005    6.92004     7.3166    23.5397   12.45834 3.3331e+01 0.0000e+00
        184 312.631317    0.01271     0.7625     45.750      0.994  48078.256    30.1245     7.3174      0.985    6.92014     7.3158    23.5396   12.45850 3.3574e+01 0.0000e+00
        185 312.631319    0.01278     0.7667     46.000      0.972  48079.241    30.1251     7.3167      0.964    6.92022     7.3150    23.5401   12.45864 3.3777e+01 0.0000e+00
        186 312.631322    0.01285     0.7708     46.250      0.957  48081.454    30.1265     7.3159      0.949    6.92029     7.3144    23.5413   12.45873 3.3669e+01 0.0000e+00
        187 312.631325    0.01292     0.7750     46.500      0.954  48084.478    30.1284     7.3151      0.946    6.92033     7.3141    23.5430   12.45878 3.3348e+01 0.0000e+00
        188 312.631328    0.01299     0.7792     46.750      0.966  48087.423    30.1303     7.3145      0.957    6.92035     7.3143    23.5446   12.45877 3.3123e+01 0.0000e+00
        189 312.631331    0.01306     0.7833     47.000      0.990  48089.422    30.1317     7.3142      0.981    6.92033     7.3147    23.5456   12.45873 3.3147e+01 0.0000e+00
        190 312.631334    0.01313     0.7875     47.250      1.018  48089.926    30.1321     7.3144      1.008    6.92028     7.3152    23.5459   12.45865 3.3363e+01 0.0000e+00
        191 312.631337    0.01319     0.7917     47.500      1.039  48088.772    30.1313     7.3148      1.029    6.92024     7.3154    23.5453   12.45859 3.3742e+01 0.0000e+00
        192 312.631340    0.01326     0.7958     47.750      1.044  48086.641    30.1299     7.3153      1.034    6.92023     7.3153    23.5441   12.45858 3.4265e+01 0.0000e+00
        193 312.631343    0.01333     0.8000     48.000      1.031  48084.871    30.1287     7.3155      1.021    6.92025     7.3148    23.5432   12.45862 3.4640e+01 0.0000e+00
        194 312.631345    0.01340     0.8042     48.250      1.006  48084.425    30.1284     7.3154      0.997    6.92028     7.3141    23.5429   12.45869 3.4394e+01 0.0000e+00
        195 312.631348    0.01347     0.8083     48.500      0.978  48085.542    30.1291     7.3149      0.969    6.92033     7.3136    23.5436   12.45877 3.3564e+01 0.0000e+00
        196 312.631351    0.01354     0.8125     48.750      0.956  48087.795    30.1306     7.3142      0.947    6.92037     7.3135    23.5448   12.45881 3.2730e+01 0.0000e+00
        197 312.631354    0.01361     0.8167     49.000      0.947  48090.221    30.1322     7.3137      0.938    6.92038     7.3136    23.5461   12.45880 3.2257e+01 0.0000e+00
        198 312.631357    0.01368     0.8208     49.250      0.954  48091.948    30.1333     7.3136      0.945    6.92035     7.3141    23.5471   12.45875 3.2109e+01 0.0000e+00
        199 312.631360    0.01375     0.8250     49.500      0.974  48092.635    30.1338     7.3137      0.965    6.92030     7.3146    23.5475   12.45866 3.2221e+01 0.0000e+00
        200 312.631363    0.01382     0.8292     49.750      1.000  48092.283    30.1336     7.3141      0.991    6.92024     7.3150    23.5473   12.45856 3.2673e+01 0.0000e+00
        201 312.631366    0.01389     0.8333     50.000      1.023  48090.965    30.1328     7.3147      1.013    6.92020     7.3152    23.5465   12.45850 3.3440e+01 0.0000e+00
        202 312.631369    0.01396     0.8375     50.250      1.033  48089.010    30.1315     7.3151      1.023    6.92019     7.3151    23.5455   12.45851 3.4251e+01 0.0000e+00
        203 312.631372    0.01403     0.8417     50.500      1.027  48087.173    30.1303     7.3153      1.017    6.92022     7.3147    23.5445   12.45856 3.4799e+01 0.0000e+00
        204 312.631374    0.01410     0.8458     50.750      1.007  48086.231    30.1296     7.3152      0.997    6.92026     7.3141    23.5440   12.45865 3.4772e+01 0.0000e+00
        205 312.631377    0.01417     0.8500     51.000      0.980  48086.527    30.1298     7.3147      0.971    6.92032     7.3136    23.5441   12.45874 3.4038e+01 0.0000e+00
        206 312.631380    0.01424     0.8542     51.250      0.955  48087.853    30.1306     7.3141      0.947    6.92038     7.3132    23.5449   12.45882 3.2902e+01 0.0000e+00
        207 312.631383    0.01431     0.8583     51.500      0.941  48089.602    30.1318     7.3136      0.933    6.92042     7.3130    23.5458   12.45887 3.1807e+01 0.0000e+00
        208 312.631386    0.01438     0.8625     51.750      0.939  48091.077    30.1327     7.3133      0.930    6.92043     7.3131    23.5466   12.45887 3.1035e+01 0.0000e+00
        209 312.631389    0.01444     0.8667     52.000      0.944  48091.779    30.1332     7.3131      0.936    6.92043     7.3133    23.5470   12.45887 3.0682e+01 0.0000e+00
        210 312.631392    0.01451     0.8708     52.250      0.952  48091.548    30.1330     7.3132      0.943    6.92042     7.3134    23.5468   12.45886 3.0654e+01 0.0000e+00
        211 312.631395    0.01458     0.8750     52.500      0.958  48090.681    30.1325     7.3134      0.949    6.92042     7.3135    23.5464   12.45887 3.0840e+01 0.0000e+00
        212 312.631398    0.01465     0.8792     52.750      0.961  48089.835    30.1319     7.3135      0.952    6.92043     7.3134    23.5459   12.45888 3.1188e+01 0.0000e+00
        213 312.631400    0.01472     0.8833     53.000      0.964  48089.550    30.1317     7.3136      0.955    6.92043     7.3133    23.5458   12.45888 3.1610e+01 0.0000e+00
        214 312.631403    0.01479     0.8875     53.250      0.972  48089.967    30.1320     7.3135      0.963    6.92042     7.3134    23.5460   12.45887 3.2033e+01 0.0000e+00
        215 312.631406    0.01486     0.8917     53.500      0.987  48090.766    30.1325     7.3134      0.978    6.92041     7.3136    23.5464   12.45884 3.2486e+01 0.0000e+00
        216 312.631409    0.01493     0.8958     53.750      1.009  48091.379    30.1329     7.3135      1.000    6.92038     7.3140    23.5468   12.45879 3.3049e+01 0.0000e+00
        217 312.631412    0.01500     0.9000     54.000      1.034  48091.375    30.1330     7.3137      1.024    6.92035     7.3143    23.5468   12.45874 3.3688e+01 0.0000e+00
        218 312.631415    0.01507     0.9042     54.250      1.052  48090.552    30.1324     7.3140      1.043    6.92032     7.3145    23.5463   12.45870 3.4342e+01 0.0000e+00
        219 312.631418    0.01514     0.9083     54.500      1.057  48089.115    30.1315     7.3144      1.048    6.92031     7.3144    23.5455   12.45869 3.4964e+01 0.0000e+00
        220 312.631421    0.01521     0.9125     54.750      1.044  48087.753    30.1306     7.3146      1.034    6.92032     7.3140    23.5448   12.45872 3.5320e+01 0.0000e+00
        221 312.631424    0.01528     0.9167     55.000      1.014  48087.139    30.1301     7.3145      1.005    6.92035     7.3135    23.5444   12.45878 3.5092e+01 0.0000e+00
        222 312.631427    0.01535     0.9208     55.250      0.976  48087.554    30.1304     7.3141      0.967    6.92040     7.3130    23.5447   12.45886 3.4327e+01 0.0000e+00
        223 312.631429    0.01542     0.9250     55.500      0.938  48088.831    30.1312     7.3136      0.930    6.92045     7.3127    23.5454   12.45893 3.3393e+01 0.0000e+00
        224 312.631432    0.01549     0.9292     55.750      0.909  48090.456    30.1322     7.3131      0.901    6.92047     7.3127    23.5463   12.45897 3.2491e+01 0.0000e+00
        225 312.631435    0.01556     0.9333     56.000      0.893  48092.001    30.1333     7.3128      0.885    6.92047     7.3131    23.5471   12.45895 3.1813e+01 0.0000e+00
        226 312.631438    0.01563     0.9375     56.250      0.890  48093.100    30.1340     7.3128      0.882    6.92043     7.3137    23.5477   12.45888 3.1574e+01 0.0000e+00
        227 312.631441    0.01569     0.9417     56.500      0.894  48093.305    30.1342     7.3131      0.886    6.92037     7.3145    23.5478   12.45877 3.1780e+01 0.0000e+00
        228 312.631444    0.01576     0.9458     56.750      0.897  48092.566    30.1338     7.3138      0.888    6.92029     7.3152    23.5474   12.45864 3.2412e+01 0.0000e+00
        229 312.631447    0.01583     0.9500     57.000      0.895  48091.270    30.1331     7.3146      0.887    6.92020     7.3159    23.5467   12.45850 3.3265e+01 0.0000e+00
        230 312.631450    0.01590     0.9542     57.250      0.889  48089.995    30.1323     7.3153      0.880    6.92012     7.3163    23.5460   12.45837 3.3997e+01 0.0000e+00
        231 312.631453    0.01597     0.9583     57.500      0.881  48089.354    30.1320     7.3159      0.873    6.92003     7.3166    23.5457   12.45823 3.4544e+01 0.0000e+00
        232 312.631455    0.01604     0.9625     57.750      0.876  48089.561    30.1322     7.3164      0.868    6.91996     7.3168    23.5458   12.45810 3.5051e+01 0.0000e+00
        233 312.631458    0.01611     0.9667     58.000      0.875  48090.265    30.1327     7.3166      0.867    6.91989     7.3170    23.5462   12.45798 3.5754e+01 0.0000e+00
        234 312.631461    0.01618     0.9708     58.250      0.874  48090.846    30.1332     7.3169      0.866    6.91983     7.3172    23.5465   12.45788 3.6839e+01 0.0000e+00
        235 312.631464    0.01625     0.9750     58.500      0.867  48090.845    30.1332     7.3171      0.859    6.91980     7.3172    23.5465   12.45782 3.8229e+01 0.0000e+00
        236 312.631467    0.01632     0.9792     58.750      0.850  48090.721    30.1331     7.3172      0.842    6.91977     7.3173    23.5464   12.45779 3.9588e+01 0.0000e+00
        237 312.631470    0.01639     0.9833     59.000      0.828  48091.290    30.1336     7.3173      0.821    6.91974     7.3174    23.5467   12.45774 4.0596e+01 0.0000e+00
        238 312.631473    0.01646     0.9875     59.250      0.808  48092.401    30.1344     7.3173      0.800    6.91971     7.3177    23.5473   12.45766 4.1322e+01 0.0000e+00
        239 312.631476    0.01653     0.9917     59.500      0.788  48093.567    30.1352     7.3175      0.781    6.91965     7.3183    23.5480   12.45755 4.1970e+01 0.0000e+00
        240 312.631479    0.01660     0.9958     59.750      0.769  48094.746    30.1361     7.3178      0.762    6.91955     7.3189    23.5486   12.45738 4.2604e+01 0.0000e+00
        241 312.631481    0.01667     1.0000     60.000      0.749  48096.110    30.1371     7.3183      0.742    6.91942     7.3196    23.5494   12.45715 4.3177e+01 0.0000e+00
        242 312.631484    0.01674     1.0042     60.250      0.732  48097.426    30.1382     7.3190      0.725    6.91927     7.3202    23.5501   12.45690 4.3329e+01 0.0000e+00
        243 312.631487    0.01681     1.0083     60.500      0.717  48098.191    30.1388     7.3196      0.710    6.91914     7.3207    23.5505   12.45667 4.2929e+01 0.0000e+00
        244 312.631490    0.01688     1.0125     60.750      0.705  48098.373    30.1390     7.3203      0.699    6.91903     7.3211    23.5506   12.45648 4.2328e+01 0.0000e+00
        245 312.631493    0.01694     1.0167     61.000      0.699  48098.267    30.1390     7.3208      0.693    6.91894     7.3213    23.5506   12.45635 4.1733e+01 0.0000e+00
        246 312.631496    0.01701     1.0208     61.250      0.697  48098.119    30.1390     7.3212      0.691    6.91889     7.3215    23.5505   12.45625 4.1122e+01 0.0000e+00
        247 312.631499    0.01708     1.0250     61.500      0.698  48098.007    30.1389     7.3214      0.692    6.91885     7.3217    23.5504   12.45618 4.0550e+01 0.0000e+00
        248 312.631502    0.01715     1.0292     61.750      0.698  48097.852    30.1388     7.3216      0.692    6.91882     7.3218    23.5503   12.45614 4.0121e+01 0.0000e+00
        249 312.631505    0.01722     1.0333     62.000      0.693  48097.408    30.1386     7.3218      0.687    6.91881     7.3217    23.5501   12.45613 3.9917e+01 0.0000e+00
        250 312.631508    0.01729     1.0375     62.250      0.682  48096.414    30.1379     7.3218      0.676    6.91883     7.3213    23.5495   12.45616 4.0039e+01 0.0000e+00
        251 312.631510    0.01736     1.0417     62.500      0.667  48095.063    30.1370     7.3217      0.661    6.91889     7.3207    23.5488   12.45627 4.0374e+01 0.0000e+00
        252 312.631513    0.01743     1.0458     62.750      0.655  48094.021    30.1362     7.3214      0.649    6.91898     7.3201    23.5483   12.45643 4.0793e+01 0.0000e+00
        253 312.631516    0.01750     1.0500     63.000      0.652  48093.764    30.1359     7.3208      0.646    6.91909     7.3194    23.5481   12.45661 4.1170e+01 0.0000e+00
        254 312.631519    0.01757     1.0542     63.250      0.663  48093.953    30.1359     7.3201      0.657    6.91919     7.3188    23.5482   12.45679 4.1294e+01 0.0000e+00
        255 312.631522    0.01764     1.0583     63.500      0.692  48093.711    30.1356     7.3195      0.685    6.91931     7.3181    23.5481   12.45698 4.1262e+01 0.0000e+00
        256 312.631525    0.01771     1.0625     63.750      0.732  48093.202    30.1351     7.3188      0.726    6.91943     7.3174    23.5478   12.45719 4.1205e+01 0.0000e+00
        257 312.631528    0.01778     1.0667     64.000      0.775  48093.149    30.1350     7.3182      0.767    6.91954     7.3168    23.5478   12.45738 4.1235e+01 0.0000e+00
        258 312.631531    0.01785     1.0708     64.250      0.805  48093.277    30.1350     7.3175      0.798    6.91965     7.3163    23.5478   12.45755 4.1565e+01 0.0000e+00
        259 312.631534    0.01792     1.0750     64.500      0.814  48093.420    30.1350     7.3169      0.807    6.91974     7.3160    23.5479   12.45771 4.2166e+01 0.0000e+00
        260 312.631536    0.01799     1.0792     64.750      0.799  48093.789    30.1352     7.3164      0.792    6.91982     7.3158    23.5481   12.45784 4.2774e+01 0.0000e+00
        261 312.631539    0.01806     1.0833     65.000      0.766  48094.242    30.1354     7.3160      0.759    6.91986     7.3157    23.5484   12.45791 4.3093e+01 0.0000e+00
        262 312.631542    0.01812     1.0875     65.250      0.727  48094.482    30.1356     7.3159      0.720    6.91989     7.3156    23.5485   12.45794 4.3065e+01 0.0000e+00
        263 312.631545    0.01819     1.0917     65.500      0.691  48094.293    30.1355     7.3158      0.685    6.91990     7.3154    23.5484   12.45797 4.2487e+01 0.0000e+00
        264 312.631548    0.01826     1.0958     65.750      0.669  48093.713    30.1351     7.3157      0.663    6.91994     7.3150    23.5481   12.45803 4.1124e+01 0.0000e+00
        265 312.631551    0.01833     1.1000     66.000      0.666  48093.006    30.1345     7.3155      0.659    6.91999     7.3145    23.5477   12.45814 3.9460e+01 0.0000e+00
        266 312.631554    0.01840     1.1042     66.250      0.683  48092.223    30.1339     7.3151      0.677    6.92008     7.3137    23.5473   12.45829 3.8142e+01 0.0000e+00
        267 312.631557    0.01847     1.1083     66.500      0.719  48091.100    30.1331     7.3146      0.713    6.92020     7.3127    23.5467   12.45850 3.7498e+01 0.0000e+00
        268 312.631560    0.01854     1.1125     66.750      0.771  48089.755    30.1320     7.3138      0.764    6.92037     7.3115    23.5459   12.45880 3.7232e+01 0.0000e+00
        269 312.631562    0.01861     1.1167     67.000      0.833  48088.940    30.1312     7.3128      0.826    6.92057     7.3104    23.5455   12.45914 3.6872e+01 0.0000e+00
        270 312.631565    0.01868     1.1208     67.250      0.909  48089.023    30.1311     7.3116      0.900    6.92077     7.3093    23.5455   12.45946 3.6086e+01 0.0000e+00
        271 312.631568    0.01875     1.1250     67.500      1.010  48088.997    30.1308     7.3105      1.000    6.92096     7.3082    23.5455   12.45978 3.4295e+01 0.0000e+00
