CTD-processing/allCTD/CNV--turbid/2018_07-24_t4_s01_cast178.cnv
* Sea-Bird SBE19plus Data File:
* FileName = C:\Users\Kim.Powell\Desktop\Not Processed\2018\2018_08-24_T4, T9_5028\2018_07-24_TRANSECT_STATION_cast178.hex
* Software Version 1.59
* Temperature SN =  5028
* Conductivity SN =  5028
* System UpLoad Time = Jul 26 2018 09:26:15
** 2018_07-24
** Station: 4-01
** Start Time: 12:08
** Depth (m): 20
** Comment:
** Comment:
# nquan = 16
# nvalues = 360                         
# units = specified
# name 0 = scan: Scan Count
# name 1 = timeJ: Julian Days
# name 2 = timeH: Time, Elapsed [hours]
# name 3 = timeM: Time, Elapsed [minutes]
# name 4 = timeS: Time, Elapsed [seconds]
# name 5 = prdM: Pressure, Strain Gauge [db]
# name 6 = specc: Specific Conductance [uS/cm]
# name 7 = sal00: Salinity, Practical [PSU]
# name 8 = tv290C: Temperature [ITS-90, deg C]
# name 9 = depSM: Depth [salt water, m], lat = 59.00
# name 10 = oxsolML/L: Oxygen Saturation, Garcia & Gordon [ml/l]
# name 11 = potemp090C: Potential Temperature [ITS-90, deg C]
# name 12 = sigma-é00: Density [sigma-theta, kg/m^3]
# name 13 = n2satML/L: Nitrogen Saturation [ml/l]
# name 14 = par: PAR/Irradiance, Biospherical/Licor
# name 15 = flag:  0.000e+00
# span 0 =          1,        360       
# span 1 = 205.506134, 205.507173       
# span 2 =    0.00000,    0.02493       
# span 3 =     0.0000,     1.4958       
# span 4 =      0.000,     89.750       
# span 5 =      0.242,     18.470       
# span 6 =  47282.309,  50100.264       
# span 7 =    30.0572,    31.8795       
# span 8 =     9.3263,    11.0309       
# span 9 =      0.240,     18.297       
# span 10 =    6.37418,    6.55421      
# span 11 =     9.3245,    10.4483      
# span 12 =    22.9233,    24.5774      
# span 13 =   11.55471,   11.83580      
# span 14 = 3.0597e+00, 1.4053e+02      
# span 15 = 0.0000e+00, 0.0000e+00      
# interval = seconds: 0.25
# start_time = Jul 24 2018 12:08:50 [Instrument's time stamp, header]
# bad_flag = -9.990e-29
*END*
          1 205.506134    0.00000     0.0000      0.000      0.242  47282.309    30.0572    11.0309      0.240    6.37418    10.4483    22.9233   11.55471 1.4053e+02 0.0000e+00
          2 205.506137    0.00007     0.0042      0.250      0.332  47839.704    30.4184    10.7471      0.329    6.39874    10.2004    23.2523   11.59114 1.1651e+02 0.0000e+00
          3 205.506140    0.00014     0.0083      0.500      0.433  48403.520    30.7818    10.4483      0.430    6.42537    10.0211    23.5853   11.63098 9.9764e+01 0.0000e+00
          4 205.506143    0.00021     0.0125      0.750      0.521  48861.779    31.0760    10.2005      0.517    6.44788     9.9001    23.8558   11.66479 9.0987e+01 0.0000e+00
          5 205.506146    0.00028     0.0167      1.000      0.580  49192.055    31.2876    10.0211      0.575    6.46427     9.8186    24.0505   11.68943 8.4518e+01 0.0000e+00
          6 205.506149    0.00035     0.0208      1.250      0.608  49408.011    31.4253     9.9001      0.602    6.47555     9.7617    24.1779   11.70649 8.0277e+01 0.0000e+00
          7 205.506152    0.00042     0.0250      1.500      0.614  49546.087    31.5128     9.8186      0.608    6.48339     9.7215    24.2595   11.71844 7.8687e+01 0.0000e+00
          8 205.506155    0.00049     0.0292      1.750      0.610  49644.793    31.5754     9.7617      0.604    6.48881     9.6939    24.3177   11.72668 7.7610e+01 0.0000e+00
          9 205.506157    0.00056     0.0333      2.000      0.605  49728.393    31.6294     9.7215      0.599    6.49225     9.6762    24.3664   11.73173 7.5483e+01 0.0000e+00
         10 205.506160    0.00063     0.0375      2.250      0.601  49806.714    31.6813     9.6939      0.595    6.49400     9.6657    24.4113   11.73400 7.2848e+01 0.0000e+00
         11 205.506163    0.00069     0.0417      2.500      0.598  49881.331    31.7317     9.6762      0.592    6.49440     9.6592    24.4536   11.73407 7.0599e+01 0.0000e+00
         12 205.506166    0.00076     0.0458      2.750      0.595  49940.278    31.7720     9.6658      0.589    6.49421     9.6538    24.4868   11.73326 6.8420e+01 0.0000e+00
         13 205.506169    0.00083     0.0500      3.000      0.589  49962.963    31.7872     9.6592      0.584    6.49450     9.6481    24.4997   11.73356 6.6088e+01 0.0000e+00
         14 205.506172    0.00090     0.0542      3.250      0.582  49946.079    31.7746     9.6539      0.576    6.49579     9.6416    24.4907   11.73585 6.4482e+01 0.0000e+00
         15 205.506175    0.00097     0.0583      3.500      0.573  49910.377    31.7486     9.6481      0.568    6.49769     9.6348    24.4714   11.73931 6.4340e+01 0.0000e+00
         16 205.506178    0.00104     0.0625      3.750      0.565  49877.305    31.7244     9.6417      0.559    6.49962     9.6281    24.4535   11.74280 6.4995e+01 0.0000e+00
         17 205.506181    0.00111     0.0667      4.000      0.559  49856.459    31.7088     9.6349      0.554    6.50124     9.6218    24.4424   11.74567 6.4949e+01 0.0000e+00
         18 205.506183    0.00118     0.0708      4.250      0.557  49850.079    31.7034     9.6282      0.551    6.50242     9.6164    24.4393   11.74769 6.3804e+01 0.0000e+00
         19 205.506186    0.00125     0.0750      4.500      0.558  49857.472    31.7078     9.6219      0.552    6.50314     9.6125    24.4437   11.74884 6.2328e+01 0.0000e+00
         20 205.506189    0.00132     0.0792      4.750      0.561  49875.858    31.7201     9.6165      0.556    6.50341     9.6102    24.4541   11.74912 6.1513e+01 0.0000e+00
         21 205.506192    0.00139     0.0833      5.000      0.564  49899.077    31.7359     9.6126      0.559    6.50330     9.6083    24.4671   11.74874 6.2211e+01 0.0000e+00
         22 205.506195    0.00146     0.0875      5.250      0.568  49919.701    31.7502     9.6103      0.563    6.50304     9.6059    24.4786   11.74814 6.4385e+01 0.0000e+00
         23 205.506198    0.00153     0.0917      5.500      0.569  49930.869    31.7578     9.6084      0.564    6.50298     9.6031    24.4849   11.74796 6.6997e+01 0.0000e+00
         24 205.506201    0.00160     0.0958      5.750      0.570  49930.467    31.7572     9.6060      0.565    6.50335     9.6006    24.4848   11.74858 6.8831e+01 0.0000e+00
         25 205.506204    0.00167     0.1000      6.000      0.572  49926.010    31.7537     9.6032      0.566    6.50391     9.5996    24.4825   11.74955 7.0494e+01 0.0000e+00
         26 205.506207    0.00174     0.1042      6.250      0.578  49927.982    31.7547     9.6007      0.573    6.50422     9.6009    24.4837   11.75005 7.2944e+01 0.0000e+00
         27 205.506209    0.00181     0.1083      6.500      0.591  49945.325    31.7668     9.5997      0.586    6.50386     9.6054    24.4933   11.74931 7.4711e+01 0.0000e+00
         28 205.506212    0.00187     0.1125      6.750      0.612  49986.176    31.7958     9.6010      0.607    6.50245     9.6131    24.5158   11.74663 7.5237e+01 0.0000e+00
         29 205.506215    0.00194     0.1167      7.000      0.636  50045.133    31.8381     9.6054      0.630    6.50005     9.6240    24.5480   11.74215 7.5492e+01 0.0000e+00
         30 205.506218    0.00201     0.1208      7.250      0.658  50093.538    31.8733     9.6131      0.652    6.49748     9.6370    24.5743   11.73748 7.5520e+01 0.0000e+00
         31 205.506221    0.00208     0.1250      7.500      0.675  50100.264    31.8795     9.6241      0.669    6.49566     9.6478    24.5774   11.73439 7.5322e+01 0.0000e+00
         32 205.506224    0.00215     0.1292      7.750      0.683  50055.570    31.8497     9.6370      0.677    6.49505     9.6512    24.5520   11.73374 7.5323e+01 0.0000e+00
         33 205.506227    0.00222     0.1333      8.000      0.685  49976.743    31.7955     9.6478      0.679    6.49578     9.6462    24.5079   11.73559 7.5834e+01 0.0000e+00
         34 205.506230    0.00229     0.1375      8.250      0.685  49897.407    31.7399     9.6513      0.679    6.49760     9.6357    24.4640   11.73927 7.6999e+01 0.0000e+00
         35 205.506233    0.00236     0.1417      8.500      0.688  49843.515    31.7012     9.6462      0.682    6.49994     9.6242    24.4346   11.74360 7.9185e+01 0.0000e+00
         36 205.506236    0.00243     0.1458      8.750      0.697  49824.051    31.6860     9.6358      0.690    6.50206     9.6150    24.4244   11.74730 8.2356e+01 0.0000e+00
         37 205.506238    0.00250     0.1500      9.000      0.714  49838.792    31.6949     9.6243      0.707    6.50333     9.6106    24.4332   11.74930 8.5726e+01 0.0000e+00
         38 205.506241    0.00257     0.1542      9.250      0.737  49885.889    31.7269     9.6151      0.730    6.50331     9.6128    24.4597   11.74888 8.8791e+01 0.0000e+00
         39 205.506244    0.00264     0.1583      9.500      0.762  49960.059    31.7787     9.6107      0.754    6.50178     9.6225    24.5008   11.74572 9.1218e+01 0.0000e+00
         40 205.506247    0.00271     0.1625      9.750      0.782  50038.773    31.8345     9.6129      0.774    6.49914     9.6404    24.5441   11.74069 9.2690e+01 0.0000e+00
         41 205.506250    0.00278     0.1667     10.000      0.792  50085.972    31.8692     9.6226      0.784    6.49630     9.6635    24.5696   11.73557 9.3536e+01 0.0000e+00
         42 205.506253    0.00285     0.1708     10.250      0.790  50075.974    31.8645     9.6405      0.782    6.49394     9.6838    24.5630   11.73172 9.4176e+01 0.0000e+00
         43 205.506256    0.00292     0.1750     10.500      0.778  50006.488    31.8186     9.6636      0.770    6.49256     9.6927    24.5234   11.72999 9.5170e+01 0.0000e+00
         44 205.506259    0.00299     0.1792     10.750      0.762  49905.104    31.7497     9.6839      0.755    6.49254     9.6881    24.4664   11.73078 9.7270e+01 0.0000e+00
         45 205.506262    0.00306     0.1833     11.000      0.751  49815.259    31.6874     9.6927      0.744    6.49387     9.6755    24.4163   11.73373 9.9764e+01 0.0000e+00
         46 205.506264    0.00313     0.1875     11.250      0.748  49767.221    31.6529     9.6882      0.741    6.49596     9.6630    24.3901   11.73760 1.0132e+02 0.0000e+00
         47 205.506267    0.00319     0.1917     11.500      0.756  49771.502    31.6542     9.6756      0.749    6.49771     9.6579    24.3932   11.74047 1.0174e+02 0.0000e+00
         48 205.506270    0.00326     0.1958     11.750      0.772  49826.030    31.6910     9.6631      0.764    6.49796     9.6661    24.4239   11.74045 1.0140e+02 0.0000e+00
         49 205.506273    0.00333     0.2000     12.000      0.788  49911.317    31.7506     9.6580      0.780    6.49621     9.6916    24.4712   11.73683 1.0074e+02 0.0000e+00
         50 205.506276    0.00340     0.2042     12.250      0.796  49981.269    31.8010     9.6661      0.789    6.49294     9.7315    24.5093   11.73082 1.0019e+02 0.0000e+00
         51 205.506279    0.00347     0.2083     12.500      0.793  49989.503    31.8102     9.6916      0.786    6.48892     9.7722    24.5124   11.72405 9.9996e+01 0.0000e+00
         52 205.506282    0.00354     0.2125     12.750      0.779  49927.608    31.7718     9.7315      0.772    6.48484     9.7977    24.4759   11.71776 1.0007e+02 0.0000e+00
         53 205.506285    0.00361     0.2167     13.000      0.762  49830.553    31.7086     9.7723      0.755    6.48167     9.8003    24.4200   11.71326 9.9941e+01 0.0000e+00
         54 205.506288    0.00368     0.2208     13.250      0.751  49746.164    31.6524     9.7978      0.744    6.48038     9.7852    24.3720   11.71181 9.9569e+01 0.0000e+00
         55 205.506291    0.00375     0.2250     13.500      0.751  49706.087    31.6244     9.8003      0.744    6.48118     9.7659    24.3498   11.71346 9.9570e+01 0.0000e+00
         56 205.506293    0.00382     0.2292     13.750      0.761  49726.787    31.6371     9.7853      0.754    6.48279     9.7548    24.3622   11.71597 1.0001e+02 0.0000e+00
         57 205.506296    0.00389     0.2333     14.000      0.775  49796.868    31.6840     9.7660      0.767    6.48358     9.7593    24.4019   11.71672 1.0036e+02 0.0000e+00
         58 205.506299    0.00396     0.2375     14.250      0.783  49869.399    31.7338     9.7548      0.776    6.48310     9.7796    24.4426   11.71533 9.9944e+01 0.0000e+00
         59 205.506302    0.00403     0.2417     14.500      0.781  49897.536    31.7543     9.7594      0.774    6.48160     9.8053    24.4578   11.71260 9.8786e+01 0.0000e+00
         60 205.506305    0.00410     0.2458     14.750      0.770  49867.996    31.7361     9.7796      0.763    6.47948     9.8228    24.4403   11.70930 9.7829e+01 0.0000e+00
         61 205.506308    0.00417     0.2500     15.000      0.755  49805.732    31.6955     9.8054      0.748    6.47750     9.8243    24.4045   11.70652 9.7431e+01 0.0000e+00
         62 205.506311    0.00424     0.2542     15.250      0.746  49752.555    31.6602     9.8229      0.740    6.47648     9.8134    24.3741   11.70525 9.6847e+01 0.0000e+00
         63 205.506314    0.00431     0.2583     15.500      0.748  49738.301    31.6503     9.8244      0.741    6.47668     9.8012    24.3662   11.70569 9.5927e+01 0.0000e+00
         64 205.506317    0.00438     0.2625     15.750      0.758  49770.116    31.6714     9.8135      0.751    6.47735     9.7985    24.3844   11.70655 9.5534e+01 0.0000e+00
         65 205.506319    0.00444     0.2667     16.000      0.769  49824.196    31.7080     9.8013      0.762    6.47756     9.8094    24.4149   11.70646 9.6114e+01 0.0000e+00
         66 205.506322    0.00451     0.2708     16.250      0.775  49857.427    31.7311     9.7985      0.768    6.47699     9.8287    24.4334   11.70525 9.7141e+01 0.0000e+00
         67 205.506325    0.00458     0.2750     16.500      0.772  49846.409    31.7247     9.8094      0.764    6.47570     9.8456    24.4267   11.70320 9.7642e+01 0.0000e+00
         68 205.506328    0.00465     0.2792     16.750      0.762  49801.729    31.6957     9.8288      0.755    6.47416     9.8516    24.4009   11.70100 9.6845e+01 0.0000e+00
         69 205.506331    0.00472     0.2833     17.000      0.752  49754.315    31.6644     9.8456      0.745    6.47307     9.8456    24.3737   11.69955 9.5144e+01 0.0000e+00
         70 205.506334    0.00479     0.2875     17.250      0.747  49733.307    31.6504     9.8516      0.740    6.47280     9.8346    24.3618   11.69928 9.3581e+01 0.0000e+00
         71 205.506337    0.00486     0.2917     17.500      0.749  49751.033    31.6621     9.8457      0.742    6.47315     9.8278    24.3719   11.69972 9.2428e+01 0.0000e+00
         72 205.506340    0.00493     0.2958     17.750      0.753  49795.670    31.6922     9.8347      0.746    6.47346     9.8308    24.3972   11.69987 9.1794e+01 0.0000e+00
         73 205.506343    0.00500     0.3000     18.000      0.755  49834.683    31.7189     9.8279      0.748    6.47332     9.8419    24.4191   11.69932 9.1607e+01 0.0000e+00
         74 205.506345    0.00507     0.3042     18.250      0.752  49841.694    31.7242     9.8309      0.745    6.47267     9.8525    24.4228   11.69818 9.1392e+01 0.0000e+00
         75 205.506348    0.00514     0.3083     18.500      0.746  49815.881    31.7074     9.8420      0.739    6.47179     9.8536    24.4079   11.69693 9.0565e+01 0.0000e+00
         76 205.506351    0.00521     0.3125     18.750      0.743  49781.047    31.6842     9.8525      0.736    6.47127     9.8436    24.3880   11.69634 8.9369e+01 0.0000e+00
         77 205.506354    0.00528     0.3167     19.000      0.743  49768.274    31.6753     9.8537      0.736    6.47147     9.8287    24.3809   11.69679 8.8978e+01 0.0000e+00
         78 205.506357    0.00535     0.3208     19.250      0.747  49792.300    31.6910     9.8436      0.740    6.47225     9.8181    24.3948   11.69789 8.9138e+01 0.0000e+00
         79 205.506360    0.00542     0.3250     19.500      0.750  49840.094    31.7228     9.8288      0.743    6.47304     9.8175    24.4220   11.69881 8.9199e+01 0.0000e+00
         80 205.506363    0.00549     0.3292     19.750      0.748  49881.120    31.7504     9.8181      0.741    6.47340     9.8265    24.4453   11.69908 8.9559e+01 0.0000e+00
         81 205.506366    0.00556     0.3333     20.000      0.741  49892.487    31.7584     9.8175      0.734    6.47316     9.8377    24.4516   11.69858 8.9796e+01 0.0000e+00
         82 205.506369    0.00562     0.3375     20.250      0.732  49871.964    31.7450     9.8266      0.725    6.47243     9.8429    24.4397   11.69753 8.9091e+01 0.0000e+00
         83 205.506372    0.00569     0.3417     20.500      0.725  49839.039    31.7232     9.8378      0.718    6.47174     9.8395    24.4209   11.69664 8.7737e+01 0.0000e+00
         84 205.506374    0.00576     0.3458     20.750      0.724  49822.458    31.7122     9.8429      0.717    6.47147     9.8318    24.4114   11.69633 8.6044e+01 0.0000e+00
         85 205.506377    0.00583     0.3500     21.000      0.726  49837.046    31.7221     9.8396      0.719    6.47154     9.8254    24.4197   11.69633 8.4347e+01 0.0000e+00
         86 205.506380    0.00590     0.3542     21.250      0.730  49872.113    31.7458     9.8319      0.723    6.47165     9.8239    24.4395   11.69622 8.3681e+01 0.0000e+00
         87 205.506383    0.00597     0.3583     21.500      0.731  49904.946    31.7682     9.8255      0.724    6.47162     9.8279    24.4580   11.69591 8.4234e+01 0.0000e+00
         88 205.506386    0.00604     0.3625     21.750      0.730  49922.402    31.7803     9.8240      0.723    6.47134     9.8357    24.4677   11.69530 8.4968e+01 0.0000e+00
         89 205.506389    0.00611     0.3667     22.000      0.728  49925.057    31.7827     9.8279      0.722    6.47068     9.8451    24.4689   11.69417 8.5121e+01 0.0000e+00
         90 205.506392    0.00618     0.3708     22.250      0.729  49922.313    31.7818     9.8357      0.722    6.46961     9.8552    24.4670   11.69241 8.4601e+01 0.0000e+00
