CTD-processing/allCTD/CNV--turbid/2018_07-24_t9_s03_cast181.cnv
* Sea-Bird SBE19plus Data File:
* FileName = C:\Users\Kim.Powell\Desktop\Not Processed\2018\2018_08-24_T4, T9_5028\2018_07-24_TRANSECT_STATION_cast181.hex
* Software Version 1.59
* Temperature SN =  5028
* Conductivity SN =  5028
* System UpLoad Time = Jul 26 2018 09:30:42
** 2018_07-24
** Station: 9-03
** Start Time: 13:09
** Depth (m): 96
** Comment:
** Comment:
# nquan = 16
# nvalues = 804                         
# units = specified
# name 0 = scan: Scan Count
# name 1 = timeJ: Julian Days
# name 2 = timeH: Time, Elapsed [hours]
# name 3 = timeM: Time, Elapsed [minutes]
# name 4 = timeS: Time, Elapsed [seconds]
# name 5 = prdM: Pressure, Strain Gauge [db]
# name 6 = specc: Specific Conductance [uS/cm]
# name 7 = sal00: Salinity, Practical [PSU]
# name 8 = tv290C: Temperature [ITS-90, deg C]
# name 9 = depSM: Depth [salt water, m], lat = 59.00
# name 10 = oxsolML/L: Oxygen Saturation, Garcia & Gordon [ml/l]
# name 11 = potemp090C: Potential Temperature [ITS-90, deg C]
# name 12 = sigma-é00: Density [sigma-theta, kg/m^3]
# name 13 = n2satML/L: Nitrogen Saturation [ml/l]
# name 14 = par: PAR/Irradiance, Biospherical/Licor
# name 15 = flag:  0.000e+00
# span 0 =          1,        804       
# span 1 = 205.548704, 205.551027       
# span 2 =    0.00000,    0.05576       
# span 3 =     0.0000,     3.3458       
# span 4 =      0.000,    200.750       
# span 5 =      0.451,     93.522       
# span 6 =  40184.530,  50105.415       
# span 7 =    25.2314,    31.5758       
# span 8 =     7.8199,    13.4744       
# span 9 =      0.447,     92.626       
# span 10 =    6.17399,    6.77643      
# span 11 =     7.8113,    13.4743      
# span 12 =    18.9265,    24.6115      
# span 13 =   11.25758,   12.20268      
# span 14 = 6.1046e-02, 2.8526e+02      
# span 15 = 0.0000e+00, 0.0000e+00      
# interval = seconds: 0.25
# start_time = Jul 24 2018 13:10:08 [Instrument's time stamp, header]
# bad_flag = -9.990e-29
*END*
[from data line 362]
        363 205.549751    0.02514     1.5083     90.500      0.908  42484.114    26.8995    13.4317      0.900    6.17912    13.3996    20.0463   11.26768 2.4664e+02 0.0000e+00
        364 205.549754    0.02521     1.5125     90.750      0.922  42507.523    26.9150    13.4200      0.913    6.18007    13.3650    20.0604   11.26906 2.4501e+02 0.0000e+00
        365 205.549757    0.02528     1.5167     91.000      0.949  42556.347    26.9475    13.3997      0.940    6.18148    13.3068    20.0892   11.27103 2.4154e+02 0.0000e+00
        366 205.549760    0.02535     1.5208     91.250      0.997  42639.082    27.0027    13.3651      0.988    6.18388    13.2096    20.1382   11.27438 2.3450e+02 0.0000e+00
        367 205.549763    0.02542     1.5250     91.500      1.074  42770.077    27.0899    13.3070      1.064    6.18815    13.0493    20.2162   11.28046 2.2269e+02 0.0000e+00
        368 205.549766    0.02549     1.5292     91.750      1.186  42964.060    27.2180    13.2097      1.174    6.19595    12.8060    20.3330   11.29194 2.0761e+02 0.0000e+00
        369 205.549769    0.02556     1.5333     92.000      1.332  43228.621    27.3906    13.0495      1.319    6.21029    12.4914    20.4958   11.31378 1.9088e+02 0.0000e+00
        370 205.549771    0.02562     1.5375     92.250      1.504  43567.420    27.6084    12.8062      1.490    6.23382    12.1458    20.7086   11.35036 1.7349e+02 0.0000e+00
        371 205.549774    0.02569     1.5417     92.500      1.695  43967.266    27.8626    12.4916      1.678    6.26546    11.8086    20.9625   11.39998 1.5718e+02 0.0000e+00
        372 205.549777    0.02576     1.5458     92.750      1.896  44391.300    28.1304    12.1460      1.878    6.30091    11.5091    21.2318   11.45577 1.4314e+02 0.0000e+00
        373 205.549780    0.02583     1.5500     93.000      2.102  44801.799    28.3883    11.8088      2.082    6.33592    11.2629    21.4916   11.51091 1.3149e+02 0.0000e+00
        374 205.549783    0.02590     1.5542     93.250      2.309  45169.109    28.6183    11.5094      2.287    6.36721    11.0647    21.7225   11.56018 1.2163e+02 0.0000e+00
        375 205.549786    0.02597     1.5583     93.500      2.517  45476.612    28.8106    11.2632      2.493    6.39299    10.8942    21.9145   11.60072 1.1296e+02 0.0000e+00
        376 205.549789    0.02604     1.5625     93.750      2.728  45732.257    28.9704    11.0650      2.703    6.41368    10.7278    22.0727   11.63319 1.0504e+02 0.0000e+00
        377 205.549792    0.02611     1.5667     94.000      2.947  45965.877    29.1168    10.8946      2.919    6.43126    10.5470    22.2155   11.66062 9.7569e+01 0.0000e+00
        378 205.549795    0.02618     1.5708     94.250      3.177  46218.113    29.2761    10.7282      3.148    6.44790    10.3399    22.3672   11.68634 9.0365e+01 0.0000e+00
        379 205.549797    0.02625     1.5750     94.500      3.421  46530.624    29.4753    10.5474      3.389    6.46507    10.1065    22.5522   11.71243 8.3483e+01 0.0000e+00
        380 205.549800    0.02632     1.5792     94.750      3.676  46921.420    29.7259    10.3403      3.642    6.48395     9.8655    22.7813   11.74074 7.7123e+01 0.0000e+00
        381 205.549803    0.02639     1.5833     95.000      3.935  47368.985    30.0126    10.1069      3.898    6.50518     9.6459    23.0425   11.77250 7.1526e+01 0.0000e+00
        382 205.549806    0.02646     1.5875     95.250      4.186  47831.898    30.3085     9.8660      4.147    6.52724     9.4706    23.3119   11.80551 6.6865e+01 0.0000e+00
        383 205.549809    0.02653     1.5917     95.500      4.422  48257.370    30.5800     9.6464      4.380    6.54737     9.3459    23.5588   11.83560 6.3155e+01 0.0000e+00
        384 205.549812    0.02660     1.5958     95.750      4.638  48597.115    30.7964     9.4710      4.594    6.56352     9.2643    23.7555   11.85975 6.0253e+01 0.0000e+00
        385 205.549815    0.02667     1.6000     96.000      4.839  48839.179    30.9505     9.3464      4.794    6.57502     9.2140    23.8954   11.87694 5.7923e+01 0.0000e+00
        386 205.549818    0.02674     1.6042     96.250      5.035  49003.372    31.0553     9.2649      4.988    6.58239     9.1853    23.9901   11.88788 5.5940e+01 0.0000e+00
        387 205.549821    0.02681     1.6083     96.500      5.239  49116.651    31.1283     9.2146      5.189    6.58657     9.1715    24.0550   11.89394 5.4133e+01 0.0000e+00
        388 205.549823    0.02688     1.6125     96.750      5.458  49200.079    31.1832     9.1859      5.407    6.58839     9.1674    24.1023   11.89629 5.2386e+01 0.0000e+00
        389 205.549826    0.02694     1.6167     97.000      5.697  49264.448    31.2265     9.1721      5.643    6.58855     9.1692    24.1384   11.89603 5.0642e+01 0.0000e+00
        390 205.549829    0.02701     1.6208     97.250      5.952  49313.068    31.2601     9.1681      5.897    6.58769     9.1739    24.1654   11.89421 4.8894e+01 0.0000e+00
        391 205.549832    0.02708     1.6250     97.500      6.216  49348.106    31.2850     9.1699      6.158    6.58636     9.1795    24.1845   11.89171 4.7165e+01 0.0000e+00
        392 205.549835    0.02715     1.6292     97.750      6.477  49372.386    31.3026     9.1746      6.416    6.58492     9.1848    24.1976   11.88910 4.5491e+01 0.0000e+00
        393 205.549838    0.02722     1.6333     98.000      6.726  49388.957    31.3150     9.1802      6.663    6.58358     9.1893    24.2064   11.88673 4.3914e+01 0.0000e+00
        394 205.549841    0.02729     1.6375     98.250      6.958  49400.423    31.3237     9.1855      6.893    6.58243     9.1928    24.2123   11.88472 4.2476e+01 0.0000e+00
        395 205.549844    0.02736     1.6417     98.500      7.174  49408.346    31.3298     9.1900      7.106    6.58151     9.1953    24.2164   11.88312 4.1197e+01 0.0000e+00
        396 205.549847    0.02743     1.6458     98.750      7.377  49413.622    31.3339     9.1936      7.308    6.58082     9.1969    24.2191   11.88192 4.0058e+01 0.0000e+00
        397 205.549850    0.02750     1.6500     99.000      7.573  49417.317    31.3367     9.1961      7.503    6.58033     9.1977    24.2210   11.88108 3.9023e+01 0.0000e+00
        398 205.549852    0.02757     1.6542     99.250      7.771  49420.342    31.3390     9.1977      7.699    6.58000     9.1981    24.2225   11.88051 3.8043e+01 0.0000e+00
        399 205.549855    0.02764     1.6583     99.500      7.977  49423.468    31.3412     9.1985      7.902    6.57978     9.1985    24.2241   11.88012 3.7060e+01 0.0000e+00
        400 205.549858    0.02771     1.6625     99.750      8.195  49427.242    31.3439     9.1990      8.118    6.57960     9.1991    24.2261   11.87980 3.6027e+01 0.0000e+00
        401 205.549861    0.02778     1.6667    100.000      8.429  49431.228    31.3466     9.1994      8.350    6.57942     9.2001    24.2282   11.87947 3.4921e+01 0.0000e+00
        402 205.549864    0.02785     1.6708    100.250      8.678  49435.759    31.3498     9.2000      8.596    6.57920     9.2018    24.2305   11.87905 3.3753e+01 0.0000e+00
        403 205.549867    0.02792     1.6750    100.500      8.933  49441.218    31.3536     9.2011      8.849    6.57888     9.2040    24.2334   11.87848 3.2572e+01 0.0000e+00
        404 205.549870    0.02799     1.6792    100.750      9.184  49446.259    31.3573     9.2028      9.098    6.57847     9.2065    24.2360   11.87776 3.1433e+01 0.0000e+00
        405 205.549873    0.02806     1.6833    101.000      9.423  49450.435    31.3605     9.2050      9.335    6.57801     9.2090    24.2381   11.87696 3.0384e+01 0.0000e+00
        406 205.549876    0.02813     1.6875    101.250      9.644  49454.404    31.3635     9.2075      9.553    6.57752     9.2115    24.2401   11.87612 2.9442e+01 0.0000e+00
        407 205.549878    0.02819     1.6917    101.500      9.848  49457.638    31.3661     9.2100      9.755    6.57704     9.2136    24.2417   11.87529 2.8597e+01 0.0000e+00
        408 205.549881    0.02826     1.6958    101.750     10.043  49459.343    31.3675     9.2125      9.949    6.57662     9.2151    24.2425   11.87457 2.7826e+01 0.0000e+00
        409 205.549884    0.02833     1.7000    102.000     10.238  49460.169    31.3683     9.2146     10.142    6.57627     9.2162    24.2428   11.87398 2.7102e+01 0.0000e+00
        410 205.549887    0.02840     1.7042    102.250     10.440  49461.278    31.3692     9.2162     10.342    6.57600     9.2169    24.2432   11.87353 2.6406e+01 0.0000e+00
        411 205.549890    0.02847     1.7083    102.500     10.652  49463.045    31.3705     9.2173     10.552    6.57579     9.2173    24.2441   11.87316 2.5724e+01 0.0000e+00
        412 205.549893    0.02854     1.7125    102.750     10.874  49465.617    31.3723     9.2180     10.772    6.57561     9.2175    24.2454   11.87284 2.5043e+01 0.0000e+00
        413 205.549896    0.02861     1.7167    103.000     11.106  49469.290    31.3749     9.2184     11.002    6.57544     9.2176    24.2473   11.87253 2.4354e+01 0.0000e+00
        414 205.549899    0.02868     1.7208    103.250     11.343  49474.358    31.3783     9.2186     11.237    6.57526     9.2175    24.2500   11.87219 2.3652e+01 0.0000e+00
        415 205.549902    0.02875     1.7250    103.500     11.582  49480.119    31.3823     9.2188     11.474    6.57507     9.2169    24.2531   11.87184 2.2947e+01 0.0000e+00
        416 205.549905    0.02882     1.7292    103.750     11.818  49484.524    31.3853     9.2188     11.707    6.57495     9.2149    24.2555   11.87159 2.2260e+01 0.0000e+00
        417 205.549907    0.02889     1.7333    104.000     12.047  49486.655    31.3866     9.2181     11.934    6.57498     9.2115    24.2566   11.87163 2.1606e+01 0.0000e+00
        418 205.549910    0.02896     1.7375    104.250     12.267  49488.790    31.3878     9.2162     12.152    6.57522     9.2074    24.2578   11.87201 2.0996e+01 0.0000e+00
        419 205.549913    0.02903     1.7417    104.500     12.477  49494.051    31.3909     9.2128     12.360    6.57558     9.2033    24.2608   11.87257 2.0436e+01 0.0000e+00
        420 205.549916    0.02910     1.7458    104.750     12.678  49501.564    31.3956     9.2087     12.559    6.57598     9.1986    24.2650   11.87317 1.9923e+01 0.0000e+00
        421 205.549919    0.02917     1.7500    105.000     12.873  49507.186    31.3989     9.2046     12.752    6.57644     9.1924    24.2682   11.87390 1.9444e+01 0.0000e+00
        422 205.549922    0.02924     1.7542    105.250     13.068  49510.184    31.4002     9.2000     12.945    6.57705     9.1841    24.2700   11.87490 1.8978e+01 0.0000e+00
        423 205.549925    0.02931     1.7583    105.500     13.269  49514.697    31.4025     9.1938     13.145    6.57787     9.1735    24.2727   11.87621 1.8508e+01 0.0000e+00
        424 205.549928    0.02937     1.7625    105.750     13.480  49521.553    31.4060     9.1855     13.354    6.57892     9.1596    24.2768   11.87792 1.8028e+01 0.0000e+00
        425 205.549931    0.02944     1.7667    106.000     13.703  49528.146    31.4091     9.1749     13.574    6.58034     9.1423    24.2809   11.88023 1.7539e+01 0.0000e+00
        426 205.549933    0.02951     1.7708    106.250     13.934  49536.427    31.4129     9.1610     13.803    6.58221     9.1234    24.2860   11.88327 1.7050e+01 0.0000e+00
        427 205.549936    0.02958     1.7750    106.500     14.168  49549.742    31.4198     9.1437     14.035    6.58445     9.1058    24.2940   11.88690 1.6571e+01 0.0000e+00
        428 205.549939    0.02965     1.7792    106.750     14.399  49567.212    31.4293     9.1249     14.264    6.58680     9.0910    24.3044   11.89068 1.6111e+01 0.0000e+00
        429 205.549942    0.02972     1.7833    107.000     14.621  49584.932    31.4392     9.1073     14.484    6.58896     9.0789    24.3149   11.89413 1.5679e+01 0.0000e+00
        430 205.549945    0.02979     1.7875    107.250     14.832  49599.571    31.4474     9.0925     14.693    6.59077     9.0687    24.3235   11.89704 1.5279e+01 0.0000e+00
        431 205.549948    0.02986     1.7917    107.500     15.032  49610.010    31.4529     9.0804     14.891    6.59230     9.0590    24.3297   11.89950 1.4913e+01 0.0000e+00
        432 205.549951    0.02993     1.7958    107.750     15.222  49616.429    31.4559     9.0702     15.080    6.59367     9.0486    24.3336   11.90173 1.4573e+01 0.0000e+00
        433 205.549954    0.03000     1.8000    108.000     15.409  49619.629    31.4567     9.0605     15.265    6.59505     9.0364    24.3357   11.90401 1.4248e+01 0.0000e+00
        434 205.549957    0.03007     1.8042    108.250     15.598  49620.696    31.4559     9.0501     15.452    6.59661     9.0221    24.3367   11.90660 1.3926e+01 0.0000e+00
        435 205.549959    0.03014     1.8083    108.500     15.796  49621.655    31.4548     9.0380     15.648    6.59844     9.0064    24.3377   11.90965 1.3597e+01 0.0000e+00
        436 205.549962    0.03021     1.8125    108.750     16.006  49625.463    31.4553     9.0237     15.856    6.60051     8.9907    24.3403   11.91307 1.3257e+01 0.0000e+00
        437 205.549965    0.03028     1.8167    109.000     16.225  49634.168    31.4591     9.0080     16.073    6.60266     8.9770    24.3457   11.91658 1.2914e+01 0.0000e+00
        438 205.549968    0.03035     1.8208    109.250     16.446  49647.457    31.4661     8.9924     16.291    6.60466     8.9665    24.3536   11.91980 1.2577e+01 0.0000e+00
        439 205.549971    0.03042     1.8250    109.500     16.663  49663.107    31.4751     8.9787     16.506    6.60629     8.9594    24.3627   11.92239 1.2255e+01 0.0000e+00
        440 205.549974    0.03049     1.8292    109.750     16.870  49679.388    31.4850     8.9681     16.712    6.60742     8.9558    24.3720   11.92414 1.1953e+01 0.0000e+00
        441 205.549977    0.03056     1.8333    110.000     17.068  49695.549    31.4952     8.9611     16.908    6.60802     8.9549    24.3811   11.92500 1.1671e+01 0.0000e+00
        442 205.549980    0.03062     1.8375    110.250     17.260  49709.285    31.5043     8.9575     17.098    6.60816     8.9555    24.3888   11.92513 1.1403e+01 0.0000e+00
        443 205.549983    0.03069     1.8417    110.500     17.451  49718.143    31.5103     8.9567     17.288    6.60803     8.9562    24.3936   11.92484 1.1141e+01 0.0000e+00
        444 205.549986    0.03076     1.8458    110.750     17.646  49722.653    31.5135     8.9572     17.481    6.60781     8.9560    24.3960   11.92443 1.0884e+01 0.0000e+00
        445 205.549988    0.03083     1.8500    111.000     17.846  49724.618    31.5149     8.9579     17.679    6.60764     8.9545    24.3970   11.92414 1.0630e+01 0.0000e+00
        446 205.549991    0.03090     1.8542    111.250     18.050  49725.418    31.5153     8.9578     17.881    6.60764     8.9515    24.3974   11.92413 1.0380e+01 0.0000e+00
        447 205.549994    0.03097     1.8583    111.500     18.253  49726.146    31.5155     8.9564     18.082    6.60785     8.9471    24.3978   11.92447 1.0138e+01 0.0000e+00
        448 205.549997    0.03104     1.8625    111.750     18.456  49727.265    31.5158     8.9533     18.283    6.60828     8.9421    24.3984   11.92518 9.9004e+00 0.0000e+00
        449 205.550000    0.03111     1.8667    112.000     18.658  49728.939    31.5163     8.9490     18.483    6.60890     8.9368    24.3995   11.92620 9.6633e+00 0.0000e+00
        450 205.550003    0.03118     1.8708    112.250     18.864  49731.132    31.5170     8.9440     18.687    6.60961     8.9315    24.4008   11.92737 9.4225e+00 0.0000e+00
        451 205.550006    0.03125     1.8750    112.500     19.078  49733.298    31.5177     8.9387     18.899    6.61036     8.9264    24.4022   11.92860 9.1788e+00 0.0000e+00
