CTD-processing/allCTD/CNV--turbid/2018_07-24_t4_s04_cast175.cnv
* Sea-Bird SBE19plus Data File:
* FileName = C:\Users\Kim.Powell\Desktop\Not Processed\2018\2018_08-24_T4, T9_5028\2018_07-24_TRANSECT_STATION_cast175.hex
* Software Version 1.59
* Temperature SN =  5028
* Conductivity SN =  5028
* System UpLoad Time = Jul 26 2018 09:20:34
** 2018_07-24
** Station: 4-04
** Start Time: 11:16
** Depth (m): 89
** Comment:
** Comment:
# nquan = 16
# nvalues = 677                         
# units = specified
# name 0 = scan: Scan Count
# name 1 = timeJ: Julian Days
# name 2 = timeH: Time, Elapsed [hours]
# name 3 = timeM: Time, Elapsed [minutes]
# name 4 = timeS: Time, Elapsed [seconds]
# name 5 = prdM: Pressure, Strain Gauge [db]
# name 6 = specc: Specific Conductance [uS/cm]
# name 7 = sal00: Salinity, Practical [PSU]
# name 8 = tv290C: Temperature [ITS-90, deg C]
# name 9 = depSM: Depth [salt water, m], lat = 59.00
# name 10 = oxsolML/L: Oxygen Saturation, Garcia & Gordon [ml/l]
# name 11 = potemp090C: Potential Temperature [ITS-90, deg C]
# name 12 = sigma-é00: Density [sigma-theta, kg/m^3]
# name 13 = n2satML/L: Nitrogen Saturation [ml/l]
# name 14 = par: PAR/Irradiance, Biospherical/Licor
# name 15 = flag:  0.000e+00
# span 0 =          1,        677       
# span 1 = 205.469931, 205.471887       
# span 2 =    0.00000,    0.04694       
# span 3 =     0.0000,     2.8167       
# span 4 =      0.000,    169.000       
# span 5 =      0.643,     86.121       
# span 6 =  47593.977,  50139.533       
# span 7 =    30.3743,    31.6052       
# span 8 =     7.8404,    11.9669       
# span 9 =      0.636,     85.299       
# span 10 =    6.23332,    6.77195      
# span 11 =     7.8324,    11.9668      
# span 12 =    23.0097,    24.6325      
# span 13 =   11.31685,   12.19491      
# span 14 = 5.7515e-02, 8.9069e+01      
# span 15 = 0.0000e+00, 0.0000e+00      
# interval = seconds: 0.25
# start_time = Jul 24 2018 11:16:42 [Instrument's time stamp, header]
# bad_flag = -9.990e-29
*END*
          1 205.469931    0.00000     0.0000      0.000      0.643  47733.909    30.4669    11.8755      0.636    6.24332    11.9053    23.0936   11.33287 6.0563e+01 0.0000e+00
          2 205.469933    0.00007     0.0042      0.250      0.677  47707.334    30.4496    11.8909      0.670    6.24197    11.9158    23.0774   11.33083 6.7658e+01 0.0000e+00
          3 205.469936    0.00014     0.0083      0.500      0.701  47681.192    30.4325    11.9054      0.694    6.24073    11.9229    23.0615   11.32897 7.3622e+01 0.0000e+00
          4 205.469939    0.00021     0.0125      0.750      0.705  47662.115    30.4200    11.9159      0.699    6.23983    11.9278    23.0499   11.32763 7.7037e+01 0.0000e+00
          5 205.469942    0.00028     0.0167      1.000      0.696  47650.674    30.4126    11.9230      0.689    6.23919    11.9314    23.0429   11.32664 7.8699e+01 0.0000e+00
          6 205.469945    0.00035     0.0208      1.250      0.679  47644.384    30.4086    11.9279      0.673    6.23869    11.9342    23.0389   11.32586 7.9328e+01 0.0000e+00
          7 205.469948    0.00042     0.0250      1.500      0.661  47640.497    30.4062    11.9315      0.655    6.23831    11.9363    23.0364   11.32525 7.9275e+01 0.0000e+00
          8 205.469951    0.00049     0.0292      1.750      0.650  47637.298    30.4042    11.9343      0.644    6.23802    11.9380    23.0344   11.32480 7.8195e+01 0.0000e+00
          9 205.469954    0.00056     0.0333      2.000      0.648  47633.833    30.4020    11.9364      0.642    6.23782    11.9392    23.0323   11.32450 7.6266e+01 0.0000e+00
         10 205.469957    0.00063     0.0375      2.250      0.655  47629.490    30.3991    11.9381      0.648    6.23772    11.9400    23.0297   11.32436 7.5041e+01 0.0000e+00
         11 205.469959    0.00069     0.0417      2.500      0.666  47624.155    30.3954    11.9393      0.660    6.23770    11.9404    23.0266   11.32437 7.5379e+01 0.0000e+00
         12 205.469962    0.00076     0.0458      2.750      0.678  47618.830    30.3917    11.9401      0.672    6.23774    11.9408    23.0236   11.32449 7.6599e+01 0.0000e+00
         13 205.469965    0.00083     0.0500      3.000      0.686  47615.210    30.3892    11.9405      0.680    6.23779    11.9413    23.0216   11.32458 7.7967e+01 0.0000e+00
         14 205.469968    0.00090     0.0542      3.250      0.689  47614.158    30.3885    11.9409      0.682    6.23776    11.9420    23.0210   11.32455 7.9095e+01 0.0000e+00
         15 205.469971    0.00097     0.0583      3.500      0.687  47615.037    30.3892    11.9414      0.680    6.23766    11.9425    23.0214   11.32438 7.9976e+01 0.0000e+00
         16 205.469974    0.00104     0.0625      3.750      0.684  47616.206    30.3901    11.9420      0.678    6.23754    11.9427    23.0220   11.32417 8.0687e+01 0.0000e+00
         17 205.469977    0.00111     0.0667      4.000      0.685  47616.044    30.3900    11.9425      0.679    6.23748    11.9427    23.0218   11.32407 8.0713e+01 0.0000e+00
         18 205.469980    0.00118     0.0708      4.250      0.692  47613.479    30.3882    11.9428      0.686    6.23752    11.9425    23.0204   11.32415 8.0339e+01 0.0000e+00
         19 205.469983    0.00125     0.0750      4.500      0.706  47608.491    30.3846    11.9428      0.700    6.23766    11.9422    23.0176   11.32442 8.0512e+01 0.0000e+00
         20 205.469986    0.00132     0.0792      4.750      0.724  47603.039    30.3807    11.9426      0.717    6.23784    11.9419    23.0147   11.32477 8.1521e+01 0.0000e+00
         21 205.469988    0.00139     0.0833      5.000      0.740  47599.853    30.3784    11.9423      0.734    6.23797    11.9417    23.0130   11.32501 8.3035e+01 0.0000e+00
         22 205.469991    0.00146     0.0875      5.250      0.752  47600.355    30.3788    11.9420      0.745    6.23800    11.9420    23.0133   11.32506 8.4566e+01 0.0000e+00
         23 205.469994    0.00153     0.0917      5.500      0.758  47604.247    30.3815    11.9418      0.751    6.23792    11.9430    23.0154   11.32488 8.5983e+01 0.0000e+00
         24 205.469997    0.00160     0.0958      5.750      0.760  47609.475    30.3852    11.9421      0.753    6.23773    11.9442    23.0182   11.32453 8.7131e+01 0.0000e+00
         25 205.470000    0.00167     0.1000      6.000      0.763  47613.515    30.3882    11.9430      0.756    6.23749    11.9454    23.0204   11.32411 8.7905e+01 0.0000e+00
         26 205.470003    0.00174     0.1042      6.250      0.769  47614.920    30.3893    11.9442      0.762    6.23728    11.9464    23.0210   11.32375 8.8514e+01 0.0000e+00
         27 205.470006    0.00181     0.1083      6.500      0.780  47613.310    30.3883    11.9455      0.773    6.23716    11.9469    23.0200   11.32356 8.8937e+01 0.0000e+00
         28 205.470009    0.00187     0.1125      6.750      0.792  47609.138    30.3855    11.9464      0.784    6.23715    11.9472    23.0176   11.32357 8.9069e+01 0.0000e+00
         29 205.470012    0.00194     0.1167      7.000      0.802  47604.318    30.3821    11.9470      0.794    6.23721    11.9475    23.0149   11.32372 8.8811e+01 0.0000e+00
         30 205.470014    0.00201     0.1208      7.250      0.807  47601.966    30.3805    11.9473      0.800    6.23724    11.9480    23.0136   11.32378 8.8186e+01 0.0000e+00
         31 205.470017    0.00208     0.1250      7.500      0.809  47603.656    30.3817    11.9476      0.801    6.23715    11.9486    23.0144   11.32361 8.7369e+01 0.0000e+00
         32 205.470020    0.00215     0.1292      7.750      0.809  47607.879    30.3847    11.9481      0.801    6.23696    11.9491    23.0167   11.32326 8.6663e+01 0.0000e+00
         33 205.470023    0.00222     0.1333      8.000      0.810  47611.886    30.3876    11.9487      0.802    6.23677    11.9493    23.0189   11.32290 8.6682e+01 0.0000e+00
         34 205.470026    0.00229     0.1375      8.250      0.813  47614.090    30.3892    11.9492      0.805    6.23665    11.9494    23.0200   11.32269 8.7401e+01 0.0000e+00
         35 205.470029    0.00236     0.1417      8.500      0.817  47614.404    30.3894    11.9494      0.809    6.23661    11.9495    23.0202   11.32262 8.8147e+01 0.0000e+00
         36 205.470032    0.00243     0.1458      8.750      0.820  47613.437    30.3888    11.9495      0.812    6.23661    11.9498    23.0196   11.32264 8.8635e+01 0.0000e+00
         37 205.470035    0.00250     0.1500      9.000      0.821  47612.044    30.3878    11.9497      0.813    6.23663    11.9503    23.0189   11.32268 8.8739e+01 0.0000e+00
         38 205.470038    0.00257     0.1542      9.250      0.821  47611.117    30.3872    11.9499      0.814    6.23662    11.9508    23.0183   11.32267 8.8103e+01 0.0000e+00
         39 205.470041    0.00264     0.1583      9.500      0.823  47610.935    30.3871    11.9504      0.815    6.23656    11.9511    23.0182   11.32258 8.6794e+01 0.0000e+00
         40 205.470043    0.00271     0.1625      9.750      0.826  47610.860    30.3871    11.9509      0.819    6.23650    11.9510    23.0181   11.32247 8.5674e+01 0.0000e+00
         41 205.470046    0.00278     0.1667     10.000      0.831  47610.418    30.3868    11.9512      0.823    6.23647    11.9506    23.0178   11.32242 8.5546e+01 0.0000e+00
         42 205.470049    0.00285     0.1708     10.250      0.835  47610.174    30.3866    11.9511      0.827    6.23648    11.9501    23.0177   11.32245 8.6424e+01 0.0000e+00
         43 205.470052    0.00292     0.1750     10.500      0.837  47611.151    30.3873    11.9507      0.829    6.23651    11.9499    23.0182   11.32249 8.7719e+01 0.0000e+00
         44 205.470055    0.00299     0.1792     10.750      0.835  47613.448    30.3889    11.9502      0.827    6.23651    11.9498    23.0195   11.32247 8.8720e+01 0.0000e+00
         45 205.470058    0.00306     0.1833     11.000      0.831  47615.635    30.3904    11.9500      0.823    6.23648    11.9496    23.0207   11.32240 8.9013e+01 0.0000e+00
         46 205.470061    0.00313     0.1875     11.250      0.827  47616.112    30.3907    11.9499      0.819    6.23648    11.9493    23.0210   11.32239 8.8519e+01 0.0000e+00
         47 205.470064    0.00319     0.1917     11.500      0.824  47614.324    30.3894    11.9497      0.816    6.23655    11.9489    23.0201   11.32253 8.7399e+01 0.0000e+00
         48 205.470067    0.00326     0.1958     11.750      0.823  47610.428    30.3866    11.9494      0.815    6.23670    11.9485    23.0180   11.32281 8.6535e+01 0.0000e+00
         49 205.470069    0.00333     0.2000     12.000      0.825  47605.437    30.3831    11.9490      0.817    6.23690    11.9482    23.0153   11.32318 8.6758e+01 0.0000e+00
         50 205.470072    0.00340     0.2042     12.250      0.826  47601.535    30.3803    11.9486      0.818    6.23706    11.9481    23.0132   11.32349 8.7672e+01 0.0000e+00
         51 205.470075    0.00347     0.2083     12.500      0.827  47600.842    30.3797    11.9483      0.819    6.23712    11.9481    23.0128   11.32359 8.8495e+01 0.0000e+00
         52 205.470078    0.00354     0.2125     12.750      0.828  47603.378    30.3815    11.9482      0.820    6.23706    11.9481    23.0142   11.32347 8.8725e+01 0.0000e+00
         53 205.470081    0.00361     0.2167     13.000      0.830  47606.688    30.3839    11.9482      0.823    6.23697    11.9477    23.0160   11.32329 8.8080e+01 0.0000e+00
         54 205.470084    0.00368     0.2208     13.250      0.834  47608.141    30.3849    11.9482      0.826    6.23694    11.9471    23.0168   11.32323 8.6971e+01 0.0000e+00
         55 205.470087    0.00375     0.2250     13.500      0.837  47606.631    30.3838    11.9478      0.830    6.23702    11.9462    23.0160   11.32339 8.5942e+01 0.0000e+00
         56 205.470090    0.00382     0.2292     13.750      0.839  47603.157    30.3813    11.9472      0.831    6.23721    11.9450    23.0142   11.32372 8.5004e+01 0.0000e+00
         57 205.470093    0.00389     0.2333     14.000      0.835  47600.229    30.3791    11.9463      0.828    6.23742    11.9437    23.0127   11.32409 8.4497e+01 0.0000e+00
         58 205.470095    0.00396     0.2375     14.250      0.827  47599.726    30.3786    11.9451      0.820    6.23759    11.9425    23.0126   11.32438 8.4930e+01 0.0000e+00
         59 205.470098    0.00403     0.2417     14.500      0.818  47602.094    30.3802    11.9438      0.810    6.23771    11.9418    23.0140   11.32456 8.5820e+01 0.0000e+00
         60 205.470101    0.00410     0.2458     14.750      0.812  47606.282    30.3830    11.9426      0.804    6.23775    11.9414    23.0165   11.32460 8.6210e+01 0.0000e+00
         61 205.470104    0.00417     0.2500     15.000      0.813  47610.056    30.3856    11.9419      0.805    6.23774    11.9410    23.0186   11.32455 8.5911e+01 0.0000e+00
         62 205.470107    0.00424     0.2542     15.250      0.822  47611.483    30.3866    11.9415      0.814    6.23775    11.9401    23.0194   11.32455 8.5392e+01 0.0000e+00
         63 205.470110    0.00431     0.2583     15.500      0.836  47609.876    30.3854    11.9411      0.828    6.23785    11.9383    23.0186   11.32473 8.4970e+01 0.0000e+00
         64 205.470113    0.00438     0.2625     15.750      0.849  47606.642    30.3830    11.9402      0.841    6.23807    11.9353    23.0169   11.32512 8.4415e+01 0.0000e+00
         65 205.470116    0.00444     0.2667     16.000      0.856  47604.612    30.3814    11.9384      0.848    6.23838    11.9311    23.0159   11.32565 8.3309e+01 0.0000e+00
         66 205.470119    0.00451     0.2708     16.250      0.852  47605.603    30.3818    11.9354      0.844    6.23876    11.9268    23.0168   11.32627 8.1884e+01 0.0000e+00
         67 205.470122    0.00458     0.2750     16.500      0.838  47609.754    30.3843    11.9312      0.831    6.23920    11.9236    23.0195   11.32698 8.0807e+01 0.0000e+00
         68 205.470124    0.00465     0.2792     16.750      0.820  47615.937    30.3883    11.9269      0.813    6.23962    11.9221    23.0234   11.32762 8.0193e+01 0.0000e+00
         69 205.470127    0.00472     0.2833     17.000      0.806  47622.170    30.3924    11.9237      0.798    6.23988    11.9224    23.0271   11.32802 7.9885e+01 0.0000e+00
         70 205.470130    0.00479     0.2875     17.250      0.802  47626.313    30.3952    11.9222      0.794    6.23997    11.9240    23.0296   11.32813 7.9945e+01 0.0000e+00
         71 205.470133    0.00486     0.2917     17.500      0.808  47626.930    30.3957    11.9225      0.800    6.23990    11.9261    23.0299   11.32802 8.0492e+01 0.0000e+00
         72 205.470136    0.00493     0.2958     17.750      0.821  47623.872    30.3937    11.9241      0.813    6.23977    11.9279    23.0280   11.32782 8.1375e+01 0.0000e+00
         73 205.470139    0.00500     0.3000     18.000      0.833  47618.532    30.3901    11.9262      0.825    6.23964    11.9293    23.0249   11.32765 8.2269e+01 0.0000e+00
         74 205.470142    0.00507     0.3042     18.250      0.839  47613.220    30.3865    11.9280      0.831    6.23954    11.9298    23.0217   11.32752 8.2903e+01 0.0000e+00
         75 205.470145    0.00514     0.3083     18.500      0.837  47609.642    30.3841    11.9294      0.829    6.23946    11.9297    23.0196   11.32742 8.2844e+01 0.0000e+00
         76 205.470148    0.00521     0.3125     18.750      0.830  47608.547    30.3834    11.9299      0.822    6.23941    11.9296    23.0190   11.32736 8.2028e+01 0.0000e+00
         77 205.470150    0.00528     0.3167     19.000      0.821  47609.743    30.3842    11.9298      0.813    6.23939    11.9299    23.0197   11.32731 8.1119e+01 0.0000e+00
         78 205.470153    0.00535     0.3208     19.250      0.816  47611.829    30.3857    11.9297      0.808    6.23935    11.9307    23.0208   11.32722 8.0683e+01 0.0000e+00
         79 205.470156    0.00542     0.3250     19.500      0.818  47612.966    30.3866    11.9300      0.810    6.23928    11.9318    23.0214   11.32709 8.0813e+01 0.0000e+00
         80 205.470159    0.00549     0.3292     19.750      0.826  47612.051    30.3860    11.9308      0.818    6.23919    11.9325    23.0208   11.32695 8.1336e+01 0.0000e+00
         81 205.470162    0.00556     0.3333     20.000      0.837  47609.208    30.3841    11.9319      0.829    6.23913    11.9327    23.0191   11.32687 8.1868e+01 0.0000e+00
         82 205.470165    0.00562     0.3375     20.250      0.843  47605.849    30.3818    11.9326      0.835    6.23913    11.9324    23.0172   11.32689 8.2175e+01 0.0000e+00
         83 205.470168    0.00569     0.3417     20.500      0.841  47603.692    30.3802    11.9328      0.834    6.23916    11.9316    23.0160   11.32697 8.2027e+01 0.0000e+00
         84 205.470171    0.00576     0.3458     20.750      0.831  47603.781    30.3803    11.9325      0.823    6.23920    11.9309    23.0161   11.32704 8.1487e+01 0.0000e+00
         85 205.470174    0.00583     0.3500     21.000      0.816  47606.622    30.3822    11.9317      0.809    6.23922    11.9308    23.0178   11.32705 8.1268e+01 0.0000e+00
         86 205.470177    0.00590     0.3542     21.250      0.805  47611.557    30.3857    11.9310      0.798    6.23918    11.9317    23.0206   11.32694 8.1267e+01 0.0000e+00
         87 205.470179    0.00597     0.3583     21.500      0.804  47616.331    30.3890    11.9309      0.796    6.23906    11.9331    23.0232   11.32670 8.1067e+01 0.0000e+00
         88 205.470182    0.00604     0.3625     21.750      0.813  47618.499    30.3907    11.9318      0.805    6.23888    11.9345    23.0243   11.32639 8.1043e+01 0.0000e+00
         89 205.470185    0.00611     0.3667     22.000      0.829  47616.909    30.3897    11.9332      0.821    6.23873    11.9357    23.0232   11.32615 8.1242e+01 0.0000e+00
         90 205.470188    0.00618     0.3708     22.250      0.846  47612.519    30.3867    11.9346      0.838    6.23866    11.9365    23.0207   11.32606 8.1434e+01 0.0000e+00
