CTD-processing/allCTD/CNV--turbid/2018_03-02_alongbay_skb08_cast008.cnv
* Sea-Bird SBE19plus Data File:
* FileName = C:\Users\Kim.Powell\Desktop\Not Processed\2018\2018_03-02_AlongBay,T9_5028\2018_03-02_TRANSECT_STATION_cast008.hex
* Software Version 1.59
* Temperature SN =  5028
* Conductivity SN =  5028
* System UpLoad Time = Mar 05 2018 11:27:20
** 2018_03-02
** Station: KB08
** Start Time: 12:46
** Depth (m): 88.4
** Comment:**CTD time 1 hour off
** Comment:
# nquan = 16
# nvalues = 688                         
# units = specified
# name 0 = scan: Scan Count
# name 1 = timeJ: Julian Days
# name 2 = timeH: Time, Elapsed [hours]
# name 3 = timeM: Time, Elapsed [minutes]
# name 4 = timeS: Time, Elapsed [seconds]
# name 5 = prdM: Pressure, Strain Gauge [db]
# name 6 = specc: Specific Conductance [uS/cm]
# name 7 = sal00: Salinity, Practical [PSU]
# name 8 = tv290C: Temperature [ITS-90, deg C]
# name 9 = depSM: Depth [salt water, m], lat = 59.00
# name 10 = oxsolML/L: Oxygen Saturation, Garcia & Gordon [ml/l]
# name 11 = potemp090C: Potential Temperature [ITS-90, deg C]
# name 12 = sigma-é00: Density [sigma-theta, kg/m^3]
# name 13 = n2satML/L: Nitrogen Saturation [ml/l]
# name 14 = par: PAR/Irradiance, Biospherical/Licor
# name 15 = flag:  0.000e+00
# span 0 =          1,        688       
# span 1 =  61.574259,  61.576247       
# span 2 =    0.00000,    0.04771       
# span 3 =     0.0000,     2.8625       
# span 4 =      0.000,    171.750       
# span 5 =      0.041,     82.417       
# span 6 =   3266.718,  51432.619       
# span 7 =     1.6795,    31.5954       
# span 8 =    -0.8461,     3.4862       
# span 9 =      0.040,     81.630       
# span 10 =    7.50778,   10.36541      
# span 11 =    -0.7925,     3.4816      
# span 12 =     1.1493,    25.1337      
# span 13 =   13.41069,   18.61854      
# span 14 = 3.7976e-02, 3.8275e+02      
# span 15 = 0.0000e+00, 0.0000e+00      
# interval = seconds: 0.25
# start_time = Mar 02 2018 13:46:56 [Instrument's time stamp, header]
# bad_flag = -9.990e-29
*END*
[from data line 362]
        363  61.575307    0.02514     1.5083     90.500     15.414  51362.588    31.4069     2.7657     15.269    7.65232     2.7619    25.0368   13.65150 5.6943e-01 0.0000e+00
        364  61.575310    0.02521     1.5125     90.750     15.625  51365.273    31.4081     2.7640     15.478    7.65259     2.7613    25.0380   13.65193 5.2919e-01 0.0000e+00
        365  61.575313    0.02528     1.5167     91.000     15.838  51367.559    31.4092     2.7628     15.689    7.65275     2.7611    25.0389   13.65219 4.9140e-01 0.0000e+00
        366  61.575315    0.02535     1.5208     91.250     16.052  51369.288    31.4101     2.7621     15.902    7.65283     2.7611    25.0397   13.65231 4.5606e-01 0.0000e+00
        367  61.575318    0.02542     1.5250     91.500     16.267  51370.535    31.4108     2.7619     16.114    7.65284     2.7613    25.0403   13.65231 4.2342e-01 0.0000e+00
        368  61.575321    0.02549     1.5292     91.750     16.478  51371.431    31.4113     2.7620     16.323    7.65280     2.7617    25.0407   13.65224 3.9352e-01 0.0000e+00
        369  61.575324    0.02556     1.5333     92.000     16.687  51372.101    31.4117     2.7622     16.530    7.65273     2.7623    25.0410   13.65212 3.6599e-01 0.0000e+00
        370  61.575327    0.02562     1.5375     92.250     16.896  51372.793    31.4122     2.7626     16.737    7.65263     2.7630    25.0413   13.65195 3.4023e-01 0.0000e+00
        371  61.575330    0.02569     1.5417     92.500     17.109  51373.657    31.4128     2.7632     16.948    7.65249     2.7640    25.0418   13.65171 3.1580e-01 0.0000e+00
        372  61.575333    0.02576     1.5458     92.750     17.329  51374.566    31.4134     2.7639     17.166    7.65231     2.7652    25.0423   13.65141 2.9257e-01 0.0000e+00
        373  61.575336    0.02583     1.5500     93.000     17.553  51375.303    31.4141     2.7649     17.389    7.65209     2.7665    25.0427   13.65104 2.7071e-01 0.0000e+00
        374  61.575339    0.02590     1.5542     93.250     17.780  51375.910    31.4147     2.7661     17.614    7.65184     2.7680    25.0431   13.65061 2.5051e-01 0.0000e+00
        375  61.575341    0.02597     1.5583     93.500     18.006  51376.665    31.4155     2.7674     17.837    7.65154     2.7699    25.0436   13.65011 2.3215e-01 0.0000e+00
        376  61.575344    0.02604     1.5625     93.750     18.228  51377.692    31.4165     2.7690     18.057    7.65119     2.7720    25.0443   13.64952 2.1563e-01 0.0000e+00
        377  61.575347    0.02611     1.5667     94.000     18.443  51379.000    31.4177     2.7708     18.270    7.65077     2.7745    25.0451   13.64882 2.0076e-01 0.0000e+00
        378  61.575350    0.02618     1.5708     94.250     18.653  51380.152    31.4190     2.7730     18.478    7.65029     2.7772    25.0459   13.64800 1.8734e-01 0.0000e+00
        379  61.575353    0.02625     1.5750     94.500     18.859  51380.333    31.4197     2.7755     18.682    7.64977     2.7797    25.0463   13.64713 1.7517e-01 0.0000e+00
        380  61.575356    0.02632     1.5792     94.750     19.061  51379.455    31.4197     2.7782     18.882    7.64927     2.7818    25.0460   13.64630 1.6401e-01 0.0000e+00
        381  61.575359    0.02639     1.5833     95.000     19.264  51378.131    31.4193     2.7807     19.083    7.64881     2.7837    25.0456   13.64554 1.5361e-01 0.0000e+00
        382  61.575362    0.02646     1.5875     95.250     19.470  51377.038    31.4191     2.7829     19.287    7.64840     2.7855    25.0452   13.64488 1.4379e-01 0.0000e+00
        383  61.575365    0.02653     1.5917     95.500     19.681  51376.584    31.4192     2.7848     19.496    7.64803     2.7873    25.0451   13.64427 1.3444e-01 0.0000e+00
        384  61.575367    0.02660     1.5958     95.750     19.900  51376.806    31.4197     2.7866     19.713    7.64767     2.7892    25.0454   13.64366 1.2554e-01 0.0000e+00
        385  61.575370    0.02667     1.6000     96.000     20.126  51377.345    31.4205     2.7884     19.937    7.64728     2.7913    25.0458   13.64301 1.1713e-01 0.0000e+00
        386  61.575373    0.02674     1.6042     96.250     20.357  51377.776    31.4212     2.7903     20.166    7.64687     2.7935    25.0463   13.64233 1.0930e-01 0.0000e+00
        387  61.575376    0.02681     1.6083     96.500     20.587  51377.766    31.4216     2.7925     20.394    7.64645     2.7955    25.0465   13.64162 1.0214e-01 0.0000e+00
        388  61.575379    0.02688     1.6125     96.750     20.812  51377.035    31.4216     2.7946     20.616    7.64604     2.7973    25.0463   13.64094 9.5744e-02 0.0000e+00
        389  61.575382    0.02694     1.6167     97.000     21.028  51375.942    31.4212     2.7967     20.830    7.64566     2.7989    25.0459   13.64032 9.0140e-02 0.0000e+00
        390  61.575385    0.02701     1.6208     97.250     21.231  51375.013    31.4210     2.7985     21.031    7.64533     2.8003    25.0455   13.63978 8.5267e-02 0.0000e+00
        391  61.575388    0.02708     1.6250     97.500     21.422  51374.367    31.4208     2.8000     21.221    7.64503     2.8016    25.0453   13.63929 8.0958e-02 0.0000e+00
        392  61.575391    0.02715     1.6292     97.750     21.609  51374.173    31.4210     2.8014     21.405    7.64476     2.8030    25.0453   13.63884 7.7002e-02 0.0000e+00
        393  61.575394    0.02722     1.6333     98.000     21.797  51374.403    31.4214     2.8028     21.592    7.64448     2.8044    25.0455   13.63838 7.3190e-02 0.0000e+00
        394  61.575396    0.02729     1.6375     98.250     21.994  51374.615    31.4219     2.8042     21.788    7.64419     2.8059    25.0457   13.63790 6.9325e-02 0.0000e+00
        395  61.575399    0.02736     1.6417     98.500     22.204  51374.662    31.4222     2.8056     21.995    7.64390     2.8073    25.0459   13.63741 6.5285e-02 0.0000e+00
        396  61.575402    0.02743     1.6458     98.750     22.425  51374.880    31.4226     2.8070     22.214    7.64360     2.8089    25.0461   13.63692 6.1444e-02 0.0000e+00
        397  61.575405    0.02750     1.6500     99.000     22.650  51375.404    31.4232     2.8085     22.437    7.64329     2.8105    25.0465   13.63639 5.8353e-02 0.0000e+00
        398  61.575408    0.02757     1.6542     99.250     22.871  51375.806    31.4238     2.8101     22.656    7.64296     2.8121    25.0468   13.63585 5.5923e-02 0.0000e+00
        399  61.575411    0.02764     1.6583     99.500     23.084  51375.612    31.4240     2.8117     22.867    7.64264     2.8136    25.0468   13.63531 5.3858e-02 0.0000e+00
        400  61.575414    0.02771     1.6625     99.750     23.287  51374.976    31.4239     2.8133     23.068    7.64234     2.8148    25.0466   13.63482 5.2044e-02 0.0000e+00
        401  61.575417    0.02778     1.6667    100.000     23.481  51374.464    31.4238     2.8148     23.260    7.64207     2.8160    25.0465   13.63437 5.0405e-02 0.0000e+00
        402  61.575420    0.02785     1.6708    100.250     23.670  51374.279    31.4239     2.8161     23.447    7.64182     2.8171    25.0465   13.63396 4.8906e-02 0.0000e+00
        403  61.575422    0.02792     1.6750    100.500     23.859  51374.286    31.4241     2.8172     23.634    7.64159     2.8182    25.0465   13.63358 4.7510e-02 0.0000e+00
        404  61.575425    0.02799     1.6792    100.750     24.050  51374.487    31.4244     2.8183     23.823    7.64136     2.8194    25.0467   13.63319 4.6195e-02 0.0000e+00
        405  61.575428    0.02806     1.6833    101.000     24.245  51374.834    31.4249     2.8195     24.017    7.64112     2.8206    25.0470   13.63279 4.4945e-02 0.0000e+00
        406  61.575431    0.02813     1.6875    101.250     24.446  51375.076    31.4252     2.8207     24.216    7.64087     2.8219    25.0472   13.63238 4.3746e-02 0.0000e+00
        407  61.575434    0.02819     1.6917    101.500     24.653  51375.144    31.4255     2.8219     24.421    7.64062     2.8233    25.0473   13.63195 4.2615e-02 0.0000e+00
        408  61.575437    0.02826     1.6958    101.750     24.866  51375.521    31.4260     2.8232     24.632    7.64035     2.8249    25.0476   13.63150 4.1579e-02 0.0000e+00
        409  61.575440    0.02833     1.7000    102.000     25.081  51376.788    31.4271     2.8246     24.845    7.64002     2.8270    25.0484   13.63095 4.0644e-02 0.0000e+00
        410  61.575443    0.02840     1.7042    102.250     25.297  51378.555    31.4287     2.8263     25.059    7.63962     2.8296    25.0495   13.63027 3.9829e-02 0.0000e+00
        411  61.575446    0.02847     1.7083    102.500     25.511  51380.087    31.4302     2.8284     25.271    7.63914     2.8325    25.0505   13.62945 3.9178e-02 0.0000e+00
        412  61.575448    0.02854     1.7125    102.750     25.724  51381.560    31.4318     2.8310     25.482    7.63857     2.8361    25.0515   13.62849 3.8714e-02 0.0000e+00
        413  61.575451    0.02861     1.7167    103.000     25.936  51383.373    31.4337     2.8339     25.692    7.63790     2.8402    25.0528   13.62736 3.8419e-02 0.0000e+00
        414  61.575454    0.02868     1.7208    103.250     26.146  51385.290    31.4358     2.8375     25.900    7.63712     2.8449    25.0542   13.62604 3.8242e-02 0.0000e+00
        415  61.575457    0.02875     1.7250    103.500     26.351  51386.670    31.4377     2.8416     26.103    7.63623     2.8499    25.0554   13.62455 3.8135e-02 0.0000e+00
        416  61.575460    0.02882     1.7292    103.750     26.549  51386.979    31.4391     2.8463     26.300    7.63527     2.8548    25.0561   13.62295 3.8072e-02 0.0000e+00
        417  61.575463    0.02889     1.7333    104.000     26.741  51385.945    31.4396     2.8513     26.489    7.63429     2.8594    25.0562   13.62133 3.8033e-02 0.0000e+00
        418  61.575466    0.02896     1.7375    104.250     26.929  51383.948    31.4395     2.8562     26.675    7.63336     2.8635    25.0556   13.61980 3.8010e-02 0.0000e+00
        419  61.575469    0.02903     1.7417    104.500     27.120  51381.999    31.4393     2.8608     26.865    7.63250     2.8674    25.0551   13.61838 3.7997e-02 0.0000e+00
        420  61.575472    0.02910     1.7458    104.750     27.323  51380.496    31.4392     2.8649     27.065    7.63171     2.8709    25.0548   13.61707 3.7988e-02 0.0000e+00
        421  61.575475    0.02917     1.7500    105.000     27.541  51379.002    31.4391     2.8688     27.282    7.63098     2.8740    25.0544   13.61588 3.7983e-02 0.0000e+00
        422  61.575477    0.02924     1.7542    105.250     27.777  51377.190    31.4387     2.8723     27.516    7.63033     2.8766    25.0538   13.61481 3.7980e-02 0.0000e+00
        423  61.575480    0.02931     1.7583    105.500     28.023  51375.400    31.4382     2.8754     27.760    7.62977     2.8788    25.0531   13.61389 3.7979e-02 0.0000e+00
        424  61.575483    0.02937     1.7625    105.750     28.269  51374.065    31.4379     2.8781     28.003    7.62929     2.8807    25.0526   13.61309 3.7978e-02 0.0000e+00
        425  61.575486    0.02944     1.7667    106.000     28.503  51373.074    31.4377     2.8803     28.234    7.62887     2.8823    25.0523   13.61241 3.7977e-02 0.0000e+00
        426  61.575489    0.02951     1.7708    106.250     28.718  51372.236    31.4375     2.8822     28.447    7.62852     2.8837    25.0520   13.61183 3.7977e-02 0.0000e+00
        427  61.575492    0.02958     1.7750    106.500     28.913  51371.597    31.4374     2.8838     28.641    7.62822     2.8849    25.0518   13.61133 3.7976e-02 0.0000e+00
        428  61.575495    0.02965     1.7792    106.750     29.098  51371.262    31.4375     2.8852     28.824    7.62795     2.8861    25.0517   13.61089 3.7976e-02 0.0000e+00
        429  61.575498    0.02972     1.7833    107.000     29.283  51371.349    31.4378     2.8865     29.007    7.62770     2.8874    25.0518   13.61048 3.7976e-02 0.0000e+00
        430  61.575501    0.02979     1.7875    107.250     29.480  51371.973    31.4384     2.8877     29.203    7.62744     2.8890    25.0523   13.61004 3.7976e-02 0.0000e+00
        431  61.575503    0.02986     1.7917    107.500     29.696  51373.255    31.4395     2.8890     29.416    7.62713     2.8911    25.0530   13.60951 3.7976e-02 0.0000e+00
        432  61.575506    0.02993     1.7958    107.750     29.926  51375.370    31.4413     2.8906     29.644    7.62673     2.8940    25.0543   13.60883 3.7976e-02 0.0000e+00
        433  61.575509    0.03000     1.8000    108.000     30.162  51378.089    31.4436     2.8928     29.877    7.62620     2.8975    25.0560   13.60793 3.7976e-02 0.0000e+00
        434  61.575512    0.03007     1.8042    108.250     30.393  51380.489    31.4458     2.8956     30.107    7.62554     2.9015    25.0576   13.60681 3.7976e-02 0.0000e+00
        435  61.575515    0.03014     1.8083    108.500     30.615  51381.775    31.4475     2.8992     30.326    7.62478     2.9056    25.0586   13.60553 3.7976e-02 0.0000e+00
        436  61.575518    0.03021     1.8125    108.750     30.825  51381.999    31.4486     2.9032     30.534    7.62397     2.9097    25.0592   13.60417 3.7976e-02 0.0000e+00
        437  61.575521    0.03028     1.8167    109.000     31.026  51381.403    31.4492     2.9073     30.733    7.62315     2.9134    25.0593   13.60282 3.7976e-02 0.0000e+00
        438  61.575524    0.03035     1.8208    109.250     31.223  51380.024    31.4492     2.9114     30.929    7.62238     2.9168    25.0590   13.60155 3.7976e-02 0.0000e+00
        439  61.575527    0.03042     1.8250    109.500     31.423  51378.336    31.4490     2.9151     31.128    7.62168     2.9198    25.0585   13.60040 3.7976e-02 0.0000e+00
        440  61.575530    0.03049     1.8292    109.750     31.631  51377.080    31.4490     2.9185     31.333    7.62105     2.9227    25.0582   13.59935 3.7976e-02 0.0000e+00
        441  61.575532    0.03056     1.8333    110.000     31.849  51376.681    31.4494     2.9215     31.549    7.62045     2.9257    25.0583   13.59836 3.7976e-02 0.0000e+00
        442  61.575535    0.03062     1.8375    110.250     32.075  51377.329    31.4504     2.9244     31.773    7.61984     2.9293    25.0589   13.59735 3.7976e-02 0.0000e+00
        443  61.575538    0.03069     1.8417    110.500     32.304  51379.463    31.4526     2.9274     32.000    7.61915     2.9338    25.0603   13.59618 3.7976e-02 0.0000e+00
        444  61.575541    0.03076     1.8458    110.750     32.530  51382.834    31.4557     2.9310     32.223    7.61830     2.9392    25.0625   13.59474 3.7976e-02 0.0000e+00
        445  61.575544    0.03083     1.8500    111.000     32.747  51385.690    31.4587     2.9356     32.438    7.61729     2.9451    25.0646   13.59302 3.7976e-02 0.0000e+00
        446  61.575547    0.03090     1.8542    111.250     32.953  51387.146    31.4610     2.9409     32.643    7.61615     2.9512    25.0660   13.59111 3.7976e-02 0.0000e+00
        447  61.575550    0.03097     1.8583    111.500     33.151  51387.318    31.4626     2.9469     32.839    7.61494     2.9571    25.0667   13.58910 3.7976e-02 0.0000e+00
        448  61.575553    0.03104     1.8625    111.750     33.344  51385.813    31.4631     2.9530     33.030    7.61375     2.9623    25.0666   13.58714 3.7976e-02 0.0000e+00
        449  61.575556    0.03111     1.8667    112.000     33.538  51382.788    31.4625     2.9589     33.222    7.61267     2.9666    25.0657   13.58535 3.7976e-02 0.0000e+00
        450  61.575558    0.03118     1.8708    112.250     33.737  51379.091    31.4613     2.9642     33.419    7.61174     2.9700    25.0643   13.58384 3.7976e-02 0.0000e+00
        451  61.575561    0.03125     1.8750    112.500     33.944  51375.643    31.4600     2.9685     33.624    7.61099     2.9727    25.0629   13.58261 3.7976e-02 0.0000e+00
