CTD-processing/allCTD/CNV--turbid/2018_05-24_alongbay_skb13_cast082.cnv
* Sea-Bird SBE19plus Data File:
* FileName = C:\Users\Kim.Powell\Desktop\Not Processed\2018\2018_05-24_AlongBay, T9_5028\2018_05-24_TRANSECT_STATION_cast082.hex
* Software Version 1.59
* Temperature SN =  5028
* Conductivity SN =  5028
* System UpLoad Time = May 25 2018 13:15:37
** 2018_05-24
** Station: KB13
** Start Time: 10:33
** Depth (m): 28
** Comment:
** Comment:
# nquan = 16
# nvalues = 545                         
# units = specified
# name 0 = scan: Scan Count
# name 1 = timeJ: Julian Days
# name 2 = timeH: Time, Elapsed [hours]
# name 3 = timeM: Time, Elapsed [minutes]
# name 4 = timeS: Time, Elapsed [seconds]
# name 5 = prdM: Pressure, Strain Gauge [db]
# name 6 = specc: Specific Conductance [uS/cm]
# name 7 = sal00: Salinity, Practical [PSU]
# name 8 = tv290C: Temperature [ITS-90, deg C]
# name 9 = depSM: Depth [salt water, m], lat = 59.00
# name 10 = oxsolML/L: Oxygen Saturation, Garcia & Gordon [ml/l]
# name 11 = potemp090C: Potential Temperature [ITS-90, deg C]
# name 12 = sigma-é00: Density [sigma-theta, kg/m^3]
# name 13 = n2satML/L: Nitrogen Saturation [ml/l]
# name 14 = par: PAR/Irradiance, Biospherical/Licor
# name 15 = flag:  0.000e+00
# span 0 =          1,        545       
# span 1 = 144.438600, 144.440174       
# span 2 =    0.00000,    0.03778       
# span 3 =     0.0000,     2.2667       
# span 4 =      0.000,    136.000       
# span 5 =      0.563,     27.398       
# span 6 =  47948.821,  50882.074       
# span 7 =    30.1418,    31.6204       
# span 8 =     5.0300,     8.2156       
# span 9 =      0.558,     27.140       
# span 10 =    6.76786,    7.22986      
# span 11 =     5.0282,     8.2155      
# span 12 =    23.4593,    24.9938      
# span 13 =   12.20312,   12.95145      
# span 14 = 8.5223e-02, 1.6768e+02      
# span 15 = 0.0000e+00, 0.0000e+00      
# interval = seconds: 0.25
# start_time = May 24 2018 10:31:35 [Instrument's time stamp, header]
# bad_flag = -9.990e-29
*END*
[from data line 362]
        363 144.439647    0.02514     1.5083     90.500      0.608  48283.301    30.3055     7.5600      0.602    6.87353     7.5576    23.6495   12.37909 1.6748e+02 0.0000e+00
        364 144.439650    0.02521     1.5125     90.750      0.608  48284.228    30.3059     7.5588      0.602    6.87371     7.5566    23.6501   12.37938 1.6661e+02 0.0000e+00
        365 144.439653    0.02528     1.5167     91.000      0.609  48285.141    30.3064     7.5577      0.603    6.87386     7.5560    23.6506   12.37964 1.6557e+02 0.0000e+00
        366 144.439656    0.02535     1.5208     91.250      0.609  48286.170    30.3069     7.5567      0.603    6.87399     7.5556    23.6511   12.37983 1.6483e+02 0.0000e+00
        367 144.439659    0.02542     1.5250     91.500      0.609  48287.112    30.3075     7.5560      0.603    6.87407     7.5555    23.6517   12.37996 1.6404e+02 0.0000e+00
        368 144.439661    0.02549     1.5292     91.750      0.608  48287.727    30.3078     7.5557      0.602    6.87411     7.5556    23.6520   12.38002 1.6335e+02 0.0000e+00
        369 144.439664    0.02556     1.5333     92.000      0.608  48288.067    30.3081     7.5556      0.602    6.87411     7.5559    23.6522   12.38003 1.6268e+02 0.0000e+00
        370 144.439667    0.02562     1.5375     92.250      0.607  48288.369    30.3083     7.5557      0.601    6.87409     7.5564    23.6524   12.37998 1.6273e+02 0.0000e+00
        371 144.439670    0.02569     1.5417     92.500      0.607  48288.571    30.3085     7.5559      0.601    6.87404     7.5569    23.6525   12.37990 1.6381e+02 0.0000e+00
        372 144.439673    0.02576     1.5458     92.750      0.607  48288.490    30.3085     7.5564      0.602    6.87397     7.5575    23.6524   12.37978 1.6430e+02 0.0000e+00
        373 144.439676    0.02583     1.5500     93.000      0.608  48288.097    30.3083     7.5570      0.602    6.87388     7.5580    23.6522   12.37965 1.6315e+02 0.0000e+00
        374 144.439679    0.02590     1.5542     93.250      0.610  48287.467    30.3080     7.5575      0.604    6.87381     7.5583    23.6519   12.37953 1.6159e+02 0.0000e+00
        375 144.439682    0.02597     1.5583     93.500      0.611  48286.882    30.3076     7.5580      0.605    6.87375     7.5587    23.6515   12.37943 1.6076e+02 0.0000e+00
        376 144.439685    0.02604     1.5625     93.750      0.610  48286.611    30.3075     7.5584      0.604    6.87370     7.5591    23.6514   12.37935 1.6019e+02 0.0000e+00
        377 144.439687    0.02611     1.5667     94.000      0.609  48286.564    30.3075     7.5587      0.603    6.87364     7.5597    23.6514   12.37926 1.6043e+02 0.0000e+00
        378 144.439690    0.02618     1.5708     94.250      0.606  48286.489    30.3075     7.5591      0.600    6.87357     7.5602    23.6513   12.37914 1.6161e+02 0.0000e+00
        379 144.439693    0.02625     1.5750     94.500      0.604  48286.225    30.3074     7.5597      0.598    6.87349     7.5606    23.6512   12.37901 1.6218e+02 0.0000e+00
        380 144.439696    0.02632     1.5792     94.750      0.603  48285.589    30.3071     7.5603      0.597    6.87342     7.5608    23.6508   12.37889 1.6274e+02 0.0000e+00
        381 144.439699    0.02639     1.5833     95.000      0.604  48284.718    30.3066     7.5607      0.598    6.87338     7.5607    23.6503   12.37883 1.6350e+02 0.0000e+00
        382 144.439702    0.02646     1.5875     95.250      0.607  48284.197    30.3062     7.5608      0.601    6.87337     7.5605    23.6500   12.37882 1.6283e+02 0.0000e+00
        383 144.439705    0.02653     1.5917     95.500      0.610  48284.364    30.3063     7.5607      0.604    6.87339     7.5606    23.6501   12.37884 1.6130e+02 0.0000e+00
        384 144.439708    0.02660     1.5958     95.750      0.610  48285.070    30.3068     7.5606      0.605    6.87338     7.5610    23.6505   12.37883 1.6033e+02 0.0000e+00
        385 144.439711    0.02667     1.6000     96.000      0.608  48285.857    30.3073     7.5607      0.603    6.87334     7.5617    23.6509   12.37876 1.6010e+02 0.0000e+00
        386 144.439714    0.02674     1.6042     96.250      0.605  48286.242    30.3077     7.5611      0.599    6.87326     7.5624    23.6511   12.37863 1.6010e+02 0.0000e+00
        387 144.439716    0.02681     1.6083     96.500      0.602  48285.936    30.3076     7.5618      0.597    6.87317     7.5630    23.6510   12.37847 1.5976e+02 0.0000e+00
        388 144.439719    0.02688     1.6125     96.750      0.602  48285.017    30.3070     7.5625      0.597    6.87308     7.5633    23.6505   12.37833 1.5901e+02 0.0000e+00
        389 144.439722    0.02694     1.6167     97.000      0.604  48283.951    30.3064     7.5630      0.599    6.87301     7.5635    23.6499   12.37823 1.5846e+02 0.0000e+00
        390 144.439725    0.02701     1.6208     97.250      0.608  48283.269    30.3060     7.5634      0.602    6.87298     7.5637    23.6495   12.37818 1.5816e+02 0.0000e+00
        391 144.439728    0.02708     1.6250     97.500      0.610  48283.166    30.3059     7.5635      0.605    6.87295     7.5641    23.6494   12.37813 1.5836e+02 0.0000e+00
        392 144.439731    0.02715     1.6292     97.750      0.611  48283.396    30.3061     7.5637      0.606    6.87291     7.5646    23.6496   12.37807 1.5951e+02 0.0000e+00
        393 144.439734    0.02722     1.6333     98.000      0.610  48283.707    30.3064     7.5641      0.604    6.87284     7.5654    23.6497   12.37795 1.6144e+02 0.0000e+00
        394 144.439737    0.02729     1.6375     98.250      0.608  48284.050    30.3067     7.5647      0.602    6.87274     7.5664    23.6499   12.37778 1.6353e+02 0.0000e+00
        395 144.439740    0.02736     1.6417     98.500      0.606  48284.295    30.3070     7.5655      0.600    6.87261     7.5676    23.6501   12.37755 1.6413e+02 0.0000e+00
        396 144.439742    0.02743     1.6458     98.750      0.606  48284.015    30.3070     7.5665      0.600    6.87245     7.5687    23.6499   12.37728 1.6343e+02 0.0000e+00
        397 144.439745    0.02750     1.6500     99.000      0.607  48283.067    30.3065     7.5677      0.601    6.87229     7.5695    23.6493   12.37702 1.6300e+02 0.0000e+00
        398 144.439748    0.02757     1.6542     99.250      0.609  48281.999    30.3059     7.5687      0.603    6.87214     7.5701    23.6487   12.37679 1.6287e+02 0.0000e+00
        399 144.439751    0.02764     1.6583     99.500      0.610  48281.277    30.3056     7.5696      0.604    6.87203     7.5706    23.6483   12.37660 1.6256e+02 0.0000e+00
        400 144.439754    0.02771     1.6625     99.750      0.611  48280.832    30.3054     7.5702      0.605    6.87193     7.5711    23.6481   12.37646 1.6205e+02 0.0000e+00
        401 144.439757    0.02778     1.6667    100.000      0.611  48280.532    30.3052     7.5707      0.606    6.87186     7.5715    23.6479   12.37634 1.6189e+02 0.0000e+00
        402 144.439760    0.02785     1.6708    100.250      0.613  48280.330    30.3052     7.5712      0.608    6.87179     7.5719    23.6478   12.37622 1.6231e+02 0.0000e+00
        403 144.439763    0.02792     1.6750    100.500      0.617  48280.062    30.3050     7.5716      0.611    6.87172     7.5722    23.6477   12.37612 1.6253e+02 0.0000e+00
        404 144.439766    0.02799     1.6792    100.750      0.620  48279.715    30.3048     7.5720      0.615    6.87167     7.5725    23.6475   12.37602 1.6233e+02 0.0000e+00
        405 144.439769    0.02806     1.6833    101.000      0.624  48279.481    30.3047     7.5723      0.618    6.87162     7.5726    23.6473   12.37595 1.6227e+02 0.0000e+00
        406 144.439771    0.02813     1.6875    101.250      0.626  48279.375    30.3047     7.5725      0.620    6.87159     7.5726    23.6473   12.37590 1.6123e+02 0.0000e+00
        407 144.439774    0.02819     1.6917    101.500      0.630  48279.224    30.3046     7.5727      0.624    6.87157     7.5724    23.6472   12.37587 1.5964e+02 0.0000e+00
        408 144.439777    0.02826     1.6958    101.750      0.638  48278.904    30.3044     7.5727      0.632    6.87158     7.5716    23.6470   12.37589 1.5906e+02 0.0000e+00
        409 144.439780    0.02833     1.7000    102.000      0.651  48278.453    30.3040     7.5724      0.645    6.87164     7.5700    23.6468   12.37600 1.5790e+02 0.0000e+00
        410 144.439783    0.02840     1.7042    102.250      0.674  48278.098    30.3036     7.5716      0.668    6.87179     7.5672    23.6466   12.37624 1.5453e+02 0.0000e+00
        411 144.439786    0.02847     1.7083    102.500      0.712  48277.881    30.3032     7.5701      0.705    6.87206     7.5625    23.6464   12.37669 1.4807e+02 0.0000e+00
        412 144.439789    0.02854     1.7125    102.750      0.773  48277.521    30.3025     7.5673      0.766    6.87253     7.5544    23.6462   12.37748 1.3790e+02 0.0000e+00
        413 144.439792    0.02861     1.7167    103.000      0.866  48276.891    30.3012     7.5626      0.858    6.87335     7.5408    23.6458   12.37884 1.2540e+02 0.0000e+00
        414 144.439795    0.02868     1.7208    103.250      0.988  48276.607    30.2996     7.5545      0.979    6.87471     7.5191    23.6457   12.38112 1.1279e+02 0.0000e+00
        415 144.439797    0.02875     1.7250    103.500      1.134  48278.750    30.2988     7.5409      1.123    6.87690     7.4856    23.6468   12.38476 1.0121e+02 0.0000e+00
        416 144.439800    0.02882     1.7292    103.750      1.295  48285.783    30.3000     7.5192      1.283    6.88031     7.4342    23.6506   12.39039 9.0693e+01 0.0000e+00
        417 144.439803    0.02889     1.7333    104.000      1.467  48298.292    30.3031     7.4857      1.453    6.88551     7.3543    23.6574   12.39896 8.1140e+01 0.0000e+00
        418 144.439806    0.02896     1.7375    104.250      1.648  48317.954    30.3081     7.4343      1.632    6.89351     7.2319    23.6680   12.41211 7.2376e+01 0.0000e+00
        419 144.439809    0.02903     1.7417    104.500      1.837  48351.473    30.3180     7.3544      1.820    6.90584     7.0613    23.6861   12.43239 6.4325e+01 0.0000e+00
        420 144.439812    0.02910     1.7458    104.750      2.035  48422.528    30.3467     7.2321      2.016    6.92414     6.8603    23.7246   12.46231 5.7076e+01 0.0000e+00
        421 144.439815    0.02917     1.7500    105.000      2.239  48563.452    30.4155     7.0616      2.218    6.94841     6.6617    23.8007   12.50158 5.0644e+01 0.0000e+00
        422 144.439818    0.02924     1.7542    105.250      2.446  48771.323    30.5251     6.8605      2.424    6.97583     6.4921    23.9126   12.54556 4.5023e+01 0.0000e+00
        423 144.439821    0.02931     1.7583    105.500      2.654  49003.826    30.6517     6.6620      2.629    7.00219     6.3610    24.0373   12.58756 4.0214e+01 0.0000e+00
        424 144.439823    0.02937     1.7625    105.750      2.858  49216.179    30.7688     6.4923      2.832    7.02441     6.2653    24.1507   12.62282 3.6156e+01 0.0000e+00
        425 144.439826    0.02944     1.7667    106.000      3.060  49384.561    30.8619     6.3613      3.031    7.04151     6.1957    24.2404   12.64992 3.2728e+01 0.0000e+00
        426 144.439829    0.02951     1.7708    106.250      3.261  49506.616    30.9290     6.2655      3.231    7.05407     6.1421    24.3051   12.66984 2.9776e+01 0.0000e+00
        427 144.439832    0.02958     1.7750    106.500      3.465  49590.780    30.9745     6.1960      3.433    7.06338     6.0945    24.3495   12.68465 2.7164e+01 0.0000e+00
        428 144.439835    0.02965     1.7792    106.750      3.675  49648.262    31.0043     6.1424      3.640    7.07083     6.0429    24.3795   12.69659 2.4813e+01 0.0000e+00
        429 144.439838    0.02972     1.7833    107.000      3.888  49689.552    31.0239     6.0948      3.852    7.07781     5.9787    24.4007   12.70788 2.2698e+01 0.0000e+00
        430 144.439841    0.02979     1.7875    107.250      4.103  49726.451    31.0395     6.0432      4.065    7.08566     5.8988    24.4191   12.72066 2.0818e+01 0.0000e+00
        431 144.439844    0.02986     1.7917    107.500      4.317  49775.130    31.0607     5.9790      4.277    7.09539     5.8079    24.4435   12.73646 1.9171e+01 0.0000e+00
        432 144.439847    0.02993     1.7958    107.750      4.528  49847.270    31.0949     5.8991      4.485    7.10716     5.7145    24.4799   12.75548 1.7736e+01 0.0000e+00
        433 144.439850    0.03000     1.8000    108.000      4.735  49940.664    31.1415     5.8082      4.690    7.12021     5.6264    24.5273   12.77646 1.6473e+01 0.0000e+00
        434 144.439852    0.03007     1.8042    108.250      4.940  50045.343    31.1952     5.7148      4.893    7.13339     5.5485    24.5805   12.79754 1.5341e+01 0.0000e+00
        435 144.439855    0.03014     1.8083    108.500      5.147  50149.251    31.2493     5.6268      5.098    7.14569     5.4819    24.6334   12.81716 1.4308e+01 0.0000e+00
        436 144.439858    0.03021     1.8125    108.750      5.356  50242.180    31.2977     5.5489      5.306    7.15657     5.4252    24.6806   12.83451 1.3356e+01 0.0000e+00
        437 144.439861    0.03028     1.8167    109.000      5.568  50319.681    31.3376     5.4823      5.516    7.16597     5.3762    24.7197   12.84954 1.2481e+01 0.0000e+00
        438 144.439864    0.03035     1.8208    109.250      5.783  50380.440    31.3679     5.4256      5.729    7.17415     5.3325    24.7500   12.86268 1.1686e+01 0.0000e+00
        439 144.439867    0.03042     1.8250    109.500      5.998  50426.291    31.3893     5.3766      5.941    7.18147     5.2932    24.7725   12.87449 1.0973e+01 0.0000e+00
        440 144.439870    0.03049     1.8292    109.750      6.212  50463.367    31.4058     5.3330      6.154    7.18813     5.2590    24.7904   12.88528 1.0336e+01 0.0000e+00
        441 144.439873    0.03056     1.8333    110.000      6.426  50497.915    31.4214     5.2937      6.366    7.19410     5.2308    24.8071   12.89493 9.7668e+00 0.0000e+00
        442 144.439876    0.03062     1.8375    110.250      6.639  50532.597    31.4381     5.2595      6.577    7.19916     5.2092    24.8241   12.90308 9.2554e+00 0.0000e+00
        443 144.439878    0.03069     1.8417    110.500      6.851  50566.164    31.4552     5.2313      6.786    7.20317     5.1938    24.8408   12.90948 8.7923e+00 0.0000e+00
        444 144.439881    0.03076     1.8458    110.750      7.062  50595.717    31.4709     5.2097      6.996    7.20611     5.1836    24.8556   12.91414 8.3658e+00 0.0000e+00
        445 144.439884    0.03083     1.8500    111.000      7.274  50620.401    31.4846     5.1943      7.205    7.20809     5.1778    24.8682   12.91725 7.9648e+00 0.0000e+00
        446 144.439887    0.03090     1.8542    111.250      7.487  50641.842    31.4971     5.1841      7.416    7.20924     5.1760    24.8792   12.91898 7.5837e+00 0.0000e+00
        447 144.439890    0.03097     1.8583    111.500      7.701  50661.362    31.5092     5.1784      7.628    7.20964     5.1776    24.8894   12.91948 7.2200e+00 0.0000e+00
        448 144.439893    0.03104     1.8625    111.750      7.915  50678.334    31.5204     5.1766      7.840    7.20941     5.1813    24.8985   12.91895 6.8734e+00 0.0000e+00
        449 144.439896    0.03111     1.8667    112.000      8.127  50690.190    31.5287     5.1782      8.051    7.20873     5.1855    24.9049   12.91773 6.5453e+00 0.0000e+00
        450 144.439899    0.03118     1.8708    112.250      8.337  50695.062    31.5328     5.1819      8.258    7.20789     5.1889    24.9077   12.91630 6.2360e+00 0.0000e+00
        451 144.439902    0.03125     1.8750    112.500      8.543  50694.703    31.5333     5.1861      8.462    7.20714     5.1907    24.9077   12.91505 5.9419e+00 0.0000e+00
