CTD-processing/allCTD/CNV--turbid/2018_09-13_t4_s01_cast015.cnv
* Sea-Bird SBE19plus Data File:
* FileName = C:\Users\Kim.Powell\Desktop\Not Processed\2018\2018_09-13_T3, T4, T9_5028\2018_09-13_TRANSECT_STATION_cast015.hex
* Software Version 1.59
* Temperature SN =  5028
* Conductivity SN =  5028
* System UpLoad Time = Sep 14 2018 16:02:06
** 2018_09-13
** Station: 4-01
** Start Time: 13:41
** Depth (m): 17
** Comment:
** Comment:
# nquan = 16
# nvalues = 454                         
# units = specified
# name 0 = scan: Scan Count
# name 1 = timeJ: Julian Days
# name 2 = timeH: Time, Elapsed [hours]
# name 3 = timeM: Time, Elapsed [minutes]
# name 4 = timeS: Time, Elapsed [seconds]
# name 5 = prdM: Pressure, Strain Gauge [db]
# name 6 = specc: Specific Conductance [uS/cm]
# name 7 = sal00: Salinity, Practical [PSU]
# name 8 = tv290C: Temperature [ITS-90, deg C]
# name 9 = depSM: Depth [salt water, m], lat = 59.00
# name 10 = oxsolML/L: Oxygen Saturation, Garcia & Gordon [ml/l]
# name 11 = potemp090C: Potential Temperature [ITS-90, deg C]
# name 12 = sigma-é00: Density [sigma-theta, kg/m^3]
# name 13 = n2satML/L: Nitrogen Saturation [ml/l]
# name 14 = par: PAR/Irradiance, Biospherical/Licor
# name 15 = flag:  0.000e+00
# span 0 =          1,        454       
# span 1 = 256.571204, 256.572514       
# span 2 =    0.00000,    0.03146       
# span 3 =     0.0000,     1.8875       
# span 4 =      0.000,    113.250       
# span 5 =     -0.060,     16.809       
# span 6 =   1917.667,  49010.109       
# span 7 =     0.9643,    31.1450       
# span 8 =     9.6732,    10.7926       
# span 9 =     -0.060,     16.651       
# span 10 =    6.45558,    7.70649      
# span 11 =     9.6714,    10.7924      
# span 12 =     0.3840,    23.9613      
# span 13 =   11.67828,   14.16862      
# span 14 = 2.4130e+01, 1.3690e+03      
# span 15 = 0.0000e+00, 0.0000e+00      
# interval = seconds: 0.25
# start_time = Sep 13 2018 13:42:32 [Instrument's time stamp, header]
# bad_flag = -9.990e-29
*END*
[from data line 362]
        363 256.572251    0.02514     1.5083     90.500      0.691  48781.985    30.9783     9.8428      0.684    6.50204     9.8366    23.8388   11.75576 5.6021e+01 0.0000e+00
        364 256.572254    0.02521     1.5125     90.750      0.700  48777.639    30.9749     9.8407      0.693    6.50248     9.8310    23.8366   11.75652 5.6090e+01 0.0000e+00
        365 256.572257    0.02528     1.5167     91.000      0.711  48775.090    30.9726     9.8367      0.704    6.50316     9.8257    23.8354   11.75767 5.6089e+01 0.0000e+00
        366 256.572260    0.02535     1.5208     91.250      0.718  48777.154    30.9734     9.8311      0.711    6.50392     9.8226    23.8369   11.75892 5.6021e+01 0.0000e+00
        367 256.572263    0.02542     1.5250     91.500      0.720  48783.613    30.9772     9.8258      0.713    6.50451     9.8220    23.8408   11.75986 5.5958e+01 0.0000e+00
        368 256.572266    0.02549     1.5292     91.750      0.716  48790.681    30.9818     9.8227      0.709    6.50477     9.8231    23.8448   11.76023 5.6091e+01 0.0000e+00
        369 256.572269    0.02556     1.5333     92.000      0.708  48794.538    30.9845     9.8221      0.702    6.50474     9.8242    23.8470   11.76014 5.6198e+01 0.0000e+00
        370 256.572271    0.02562     1.5375     92.250      0.701  48794.239    30.9844     9.8232      0.694    6.50459     9.8245    23.8468   11.75990 5.5937e+01 0.0000e+00
        371 256.572274    0.02569     1.5417     92.500      0.697  48791.987    30.9829     9.8242      0.690    6.50450     9.8240    23.8455   11.75977 5.5592e+01 0.0000e+00
        372 256.572277    0.02576     1.5458     92.750      0.696  48790.246    30.9818     9.8245      0.690    6.50450     9.8233    23.8445   11.75979 5.5526e+01 0.0000e+00
        373 256.572280    0.02583     1.5500     93.000      0.699  48789.856    30.9815     9.8241      0.693    6.50458     9.8226    23.8443   11.75991 5.5791e+01 0.0000e+00
        374 256.572283    0.02590     1.5542     93.250      0.703  48790.430    30.9818     9.8234      0.697    6.50467     9.8221    23.8447   11.76006 5.6303e+01 0.0000e+00
        375 256.572286    0.02597     1.5583     93.500      0.706  48790.935    30.9820     9.8227      0.700    6.50475     9.8213    23.8450   11.76020 5.6718e+01 0.0000e+00
        376 256.572289    0.02604     1.5625     93.750      0.708  48790.310    30.9815     9.8222      0.701    6.50485     9.8198    23.8447   11.76037 5.6748e+01 0.0000e+00
        377 256.572292    0.02611     1.5667     94.000      0.709  48788.001    30.9798     9.8214      0.703    6.50503     9.8171    23.8435   11.76068 5.6494e+01 0.0000e+00
        378 256.572295    0.02618     1.5708     94.250      0.713  48785.070    30.9775     9.8199      0.706    6.50534     9.8136    23.8419   11.76123 5.6131e+01 0.0000e+00
        379 256.572297    0.02625     1.5750     94.500      0.720  48783.815    30.9763     9.8172      0.713    6.50578     9.8103    23.8414   11.76198 5.5799e+01 0.0000e+00
        380 256.572300    0.02632     1.5792     94.750      0.729  48785.275    30.9769     9.8137      0.722    6.50625     9.8079    23.8424   11.76275 5.5578e+01 0.0000e+00
        381 256.572303    0.02639     1.5833     95.000      0.741  48788.437    30.9787     9.8104      0.734    6.50665     9.8065    23.8444   11.76338 5.5430e+01 0.0000e+00
        382 256.572306    0.02646     1.5875     95.250      0.758  48791.334    30.9804     9.8080      0.751    6.50692     9.8053    23.8461   11.76381 5.5215e+01 0.0000e+00
        383 256.572309    0.02653     1.5917     95.500      0.787  48792.213    30.9808     9.8066      0.780    6.50711     9.8033    23.8467   11.76412 5.4453e+01 0.0000e+00
        384 256.572312    0.02660     1.5958     95.750      0.841  48790.332    30.9793     9.8054      0.833    6.50734     9.7993    23.8457   11.76452 5.2655e+01 0.0000e+00
        385 256.572315    0.02667     1.6000     96.000      0.934  48785.693    30.9758     9.8034      0.925    6.50777     9.7929    23.8432   11.76528 4.9864e+01 0.0000e+00
        386 256.572318    0.02674     1.6042     96.250      1.077  48780.354    30.9714     9.7994      1.066    6.50852     9.7849    23.8405   11.76657 4.6801e+01 0.0000e+00
        387 256.572321    0.02681     1.6083     96.500      1.259  48778.721    30.9694     9.7930      1.246    6.50953     9.7774    23.8399   11.76826 4.4151e+01 0.0000e+00
        388 256.572323    0.02688     1.6125     96.750      1.462  48782.469    30.9710     9.7851      1.448    6.51060     9.7716    23.8424   11.77001 4.1999e+01 0.0000e+00
        389 256.572326    0.02694     1.6167     97.000      1.674  48788.716    30.9743     9.7776      1.658    6.51153     9.7673    23.8462   11.77152 4.0308e+01 0.0000e+00
        390 256.572329    0.02701     1.6208     97.250      1.892  48794.126    30.9773     9.7717      1.874    6.51224     9.7641    23.8494   11.77266 3.9106e+01 0.0000e+00
        391 256.572332    0.02708     1.6250     97.500      2.120  48797.361    30.9789     9.7675      2.100    6.51278     9.7611    23.8514   11.77353 3.8355e+01 0.0000e+00
        392 256.572335    0.02715     1.6292     97.750      2.362  48798.725    30.9793     9.7643      2.340    6.51322     9.7580    23.8523   11.77425 3.7991e+01 0.0000e+00
        393 256.572338    0.02722     1.6333     98.000      2.619  48799.452    30.9793     9.7613      2.595    6.51364     9.7548    23.8528   11.77495 3.8012e+01 0.0000e+00
        394 256.572341    0.02729     1.6375     98.250      2.888  48800.528    30.9796     9.7583      2.861    6.51407     9.7516    23.8535   11.77566 3.8552e+01 0.0000e+00
        395 256.572344    0.02736     1.6417     98.500      3.160  48801.652    30.9799     9.7552      3.131    6.51450     9.7481    23.8542   11.77637 3.9832e+01 0.0000e+00
        396 256.572347    0.02743     1.6458     98.750      3.425  48802.249    30.9798     9.7520      3.394    6.51496     9.7442    23.8546   11.77713 4.2053e+01 0.0000e+00
        397 256.572350    0.02750     1.6500     99.000      3.678  48802.884    30.9797     9.7485      3.644    6.51547     9.7403    23.8551   11.77797 4.5435e+01 0.0000e+00
        398 256.572352    0.02757     1.6542     99.250      3.917  48804.588    30.9803     9.7447      3.881    6.51599     9.7369    23.8562   11.77884 5.0337e+01 0.0000e+00
        399 256.572355    0.02764     1.6583     99.500      4.148  48807.308    30.9816     9.7408      4.109    6.51649     9.7342    23.8578   11.77965 5.7092e+01 0.0000e+00
        400 256.572358    0.02771     1.6625     99.750      4.377  48810.121    30.9830     9.7374      4.336    6.51691     9.7320    23.8595   11.78033 6.5775e+01 0.0000e+00
        401 256.572361    0.02778     1.6667    100.000      4.610  48812.425    30.9842     9.7347      4.567    6.51725     9.7301    23.8608   11.78088 7.6815e+01 0.0000e+00
        402 256.572364    0.02785     1.6708    100.250      4.853  48813.988    30.9850     9.7325      4.808    6.51753     9.7283    23.8618   11.78134 9.1043e+01 0.0000e+00
        403 256.572367    0.02792     1.6750    100.500      5.104  48814.899    30.9853     9.7307      5.056    6.51779     9.7264    23.8623   11.78175 1.0780e+02 0.0000e+00
        404 256.572370    0.02799     1.6792    100.750      5.360  48815.552    30.9854     9.7289      5.309    6.51804     9.7243    23.8627   11.78217 1.2411e+02 0.0000e+00
        405 256.572373    0.02806     1.6833    101.000      5.617  48816.305    30.9856     9.7270      5.564    6.51830     9.7222    23.8632   11.78261 1.3612e+02 0.0000e+00
        406 256.572376    0.02813     1.6875    101.250      5.872  48817.379    30.9860     9.7249      5.817    6.51858     9.7203    23.8638   11.78306 1.4157e+02 0.0000e+00
        407 256.572378    0.02819     1.6917    101.500      6.121  48818.765    30.9866     9.7229      6.064    6.51884     9.7185    23.8646   11.78350 1.4163e+02 0.0000e+00
        408 256.572381    0.02826     1.6958    101.750      6.366  48820.207    30.9872     9.7209      6.306    6.51909     9.7169    23.8654   11.78390 1.3942e+02 0.0000e+00
        409 256.572384    0.02833     1.7000    102.000      6.606  48821.384    30.9877     9.7192      6.545    6.51932     9.7151    23.8661   11.78428 1.3648e+02 0.0000e+00
        410 256.572387    0.02840     1.7042    102.250      6.846  48822.276    30.9880     9.7176      6.782    6.51955     9.7133    23.8666   11.78464 1.3229e+02 0.0000e+00
        411 256.572390    0.02847     1.7083    102.500      7.085  48823.099    30.9883     9.7159      7.019    6.51978     9.7114    23.8671   11.78502 1.2719e+02 0.0000e+00
        412 256.572393    0.02854     1.7125    102.750      7.326  48824.068    30.9886     9.7141      7.258    6.52002     9.7094    23.8677   11.78542 1.2233e+02 0.0000e+00
        413 256.572396    0.02861     1.7167    103.000      7.570  48825.360    30.9892     9.7122      7.499    6.52027     9.7076    23.8684   11.78583 1.1780e+02 0.0000e+00
        414 256.572399    0.02868     1.7208    103.250      7.813  48826.760    30.9898     9.7103      7.740    6.52052     9.7059    23.8692   11.78622 1.1335e+02 0.0000e+00
        415 256.572402    0.02875     1.7250    103.500      8.054  48827.882    30.9903     9.7085      7.979    6.52075     9.7042    23.8698   11.78660 1.0920e+02 0.0000e+00
        416 256.572405    0.02882     1.7292    103.750      8.289  48828.944    30.9907     9.7068      8.212    6.52098     9.7026    23.8704   11.78698 1.0610e+02 0.0000e+00
        417 256.572407    0.02889     1.7333    104.000      8.515  48830.266    30.9913     9.7051      8.436    6.52120     9.7012    23.8712   11.78733 1.0442e+02 0.0000e+00
        418 256.572410    0.02896     1.7375    104.250      8.735  48831.654    30.9920     9.7035      8.653    6.52140     9.6999    23.8720   11.78766 1.0332e+02 0.0000e+00
        419 256.572413    0.02903     1.7417    104.500      8.951  48832.851    30.9926     9.7021      8.867    6.52158     9.6987    23.8727   11.78795 1.0089e+02 0.0000e+00
        420 256.572416    0.02910     1.7458    104.750      9.170  48833.872    30.9931     9.7008      9.084    6.52174     9.6976    23.8732   11.78821 9.6119e+01 0.0000e+00
        421 256.572419    0.02917     1.7500    105.000      9.396  48834.758    30.9934     9.6997      9.308    6.52189     9.6963    23.8737   11.78845 8.9965e+01 0.0000e+00
        422 256.572422    0.02924     1.7542    105.250      9.633  48835.452    30.9937     9.6986      9.542    6.52204     9.6946    23.8741   11.78870 8.4045e+01 0.0000e+00
        423 256.572425    0.02931     1.7583    105.500      9.877  48836.072    30.9938     9.6973      9.785    6.52222     9.6926    23.8744   11.78899 7.9451e+01 0.0000e+00
        424 256.572428    0.02937     1.7625    105.750     10.125  48836.983    30.9942     9.6957     10.030    6.52244     9.6904    23.8749   11.78935 7.6150e+01 0.0000e+00
        425 256.572431    0.02944     1.7667    106.000     10.371  48838.498    30.9949     9.6937     10.274    6.52270     9.6883    23.8758   11.78976 7.3243e+01 0.0000e+00
        426 256.572433    0.02951     1.7708    106.250     10.612  48840.497    30.9959     9.6915     10.513    6.52296     9.6865    23.8769   11.79019 7.0259e+01 0.0000e+00
        427 256.572436    0.02958     1.7750    106.500     10.852  48842.586    30.9970     9.6895     10.750    6.52321     9.6851    23.8781   11.79059 6.7442e+01 0.0000e+00
        428 256.572439    0.02965     1.7792    106.750     11.092  48844.563    30.9981     9.6877     10.988    6.52341     9.6839    23.8793   11.79092 6.4959e+01 0.0000e+00
        429 256.572442    0.02972     1.7833    107.000     11.337  48846.326    30.9990     9.6862     11.231    6.52358     9.6831    23.8802   11.79119 6.2725e+01 0.0000e+00
        430 256.572445    0.02979     1.7875    107.250     11.588  48847.755    30.9998     9.6851     11.479    6.52371     9.6824    23.8810   11.79139 6.0603e+01 0.0000e+00
        431 256.572448    0.02986     1.7917    107.500     11.839  48848.864    31.0003     9.6843     11.728    6.52380     9.6819    23.8816   11.79154 5.8319e+01 0.0000e+00
        432 256.572451    0.02993     1.7958    107.750     12.088  48849.713    31.0007     9.6837     11.974    6.52387     9.6816    23.8820   11.79165 5.5667e+01 0.0000e+00
        433 256.572454    0.03000     1.8000    108.000     12.329  48850.382    31.0010     9.6832     12.213    6.52393     9.6813    23.8823   11.79173 5.2833e+01 0.0000e+00
        434 256.572457    0.03007     1.8042    108.250     12.562  48850.914    31.0013     9.6829     12.444    6.52397     9.6809    23.8826   11.79180 5.0135e+01 0.0000e+00
        435 256.572459    0.03014     1.8083    108.500     12.789  48851.210    31.0013     9.6826     12.669    6.52401     9.6805    23.8827   11.79186 4.7689e+01 0.0000e+00
        436 256.572462    0.03021     1.8125    108.750     13.016  48851.311    31.0013     9.6823     12.894    6.52405     9.6798    23.8827   11.79194 4.5463e+01 0.0000e+00
        437 256.572465    0.03028     1.8167    109.000     13.250  48851.473    31.0012     9.6818     13.125    6.52412     9.6789    23.8827   11.79205 4.3451e+01 0.0000e+00
        438 256.572468    0.03035     1.8208    109.250     13.494  48851.899    31.0013     9.6812     13.367    6.52421     9.6779    23.8829   11.79221 4.1636e+01 0.0000e+00
        439 256.572471    0.03042     1.8250    109.500     13.747  48852.676    31.0017     9.6803     13.618    6.52433     9.6769    23.8833   11.79239 3.9962e+01 0.0000e+00
        440 256.572474    0.03049     1.8292    109.750     14.005  48853.607    31.0021     9.6794     13.874    6.52444     9.6759    23.8838   11.79258 3.8428e+01 0.0000e+00
        441 256.572477    0.03056     1.8333    110.000     14.261  48854.518    31.0025     9.6784     14.127    6.52456     9.6749    23.8843   11.79277 3.7012e+01 0.0000e+00
        442 256.572480    0.03062     1.8375    110.250     14.510  48855.549    31.0030     9.6775     14.373    6.52468     9.6740    23.8848   11.79297 3.5623e+01 0.0000e+00
        443 256.572483    0.03069     1.8417    110.500     14.749  48856.707    31.0036     9.6765     14.611    6.52480     9.6733    23.8854   11.79315 3.4190e+01 0.0000e+00
        444 256.572486    0.03076     1.8458    110.750     14.981  48857.842    31.0042     9.6756     14.841    6.52490     9.6728    23.8860   11.79331 3.2713e+01 0.0000e+00
        445 256.572488    0.03083     1.8500    111.000     15.211  48858.850    31.0047     9.6750     15.068    6.52497     9.6726    23.8865   11.79342 3.1265e+01 0.0000e+00
        446 256.572491    0.03090     1.8542    111.250     15.442  48859.632    31.0051     9.6745     15.297    6.52502     9.6725    23.8869   11.79349 2.9929e+01 0.0000e+00
        447 256.572494    0.03097     1.8583    111.500     15.679  48860.101    31.0053     9.6743     15.532    6.52504     9.6724    23.8871   11.79353 2.8724e+01 0.0000e+00
        448 256.572497    0.03104     1.8625    111.750     15.919  48860.282    31.0053     9.6742     15.769    6.52506     9.6722    23.8871   11.79355 2.7615e+01 0.0000e+00
        449 256.572500    0.03111     1.8667    112.000     16.153  48860.388    31.0053     9.6741     16.001    6.52507     9.6720    23.8871   11.79357 2.6582e+01 0.0000e+00
        450 256.572503    0.03118     1.8708    112.250     16.371  48860.583    31.0053     9.6740     16.216    6.52509     9.6717    23.8872   11.79361 2.5669e+01 0.0000e+00
        451 256.572506    0.03125     1.8750    112.500     16.557  48860.863    31.0054     9.6738     16.401    6.52511     9.6715    23.8873   11.79365 2.4955e+01 0.0000e+00
