CTD-processing/allCTD/CNV--turbid/2018_06-25_t4_s05_cast138.cnv
* Sea-Bird SBE19plus Data File:
* FileName = C:\Users\Kim.Powell\Desktop\Not Processed\2018\2018_06-XX\2018_06-XX_TRANSECT_STATION_cast138.hex
* Software Version 1.59
* Temperature SN =  5028
* Conductivity SN =  5028
* System UpLoad Time = Jul 05 2018 09:54:38
** 2018_06-25
** Station: 4-05
** Start Time: 13:28
** Depth (m): 81
** Comment:
** Comment:
# nquan = 16
# nvalues = 769                         
# units = specified
# name 0 = scan: Scan Count
# name 1 = timeJ: Julian Days
# name 2 = timeH: Time, Elapsed [hours]
# name 3 = timeM: Time, Elapsed [minutes]
# name 4 = timeS: Time, Elapsed [seconds]
# name 5 = prdM: Pressure, Strain Gauge [db]
# name 6 = specc: Specific Conductance [uS/cm]
# name 7 = sal00: Salinity, Practical [PSU]
# name 8 = tv290C: Temperature [ITS-90, deg C]
# name 9 = depSM: Depth [salt water, m], lat = 59.00
# name 10 = oxsolML/L: Oxygen Saturation, Garcia & Gordon [ml/l]
# name 11 = potemp090C: Potential Temperature [ITS-90, deg C]
# name 12 = sigma-é00: Density [sigma-theta, kg/m^3]
# name 13 = n2satML/L: Nitrogen Saturation [ml/l]
# name 14 = par: PAR/Irradiance, Biospherical/Licor
# name 15 = flag:  0.000e+00
# span 0 =          1,        769       
# span 1 = 176.561088, 176.563310       
# span 2 =    0.00000,    0.05333       
# span 3 =     0.0000,     3.2000       
# span 4 =      0.000,    192.000       
# span 5 =      0.834,     79.750       
# span 6 =  48217.529,  50654.405       
# span 7 =    30.5760,    31.8052       
# span 8 =     6.8875,     9.8139       
# span 9 =      0.826,     78.990       
# span 10 =    6.52101,    6.91243      
# span 11 =     6.8805,     9.8138      
# span 12 =    23.5314,    24.9177      
# span 13 =   11.79082,   12.42470      
# span 14 = 5.0314e-02, 4.1397e+02      
# span 15 = 0.0000e+00, 0.0000e+00      
# interval = seconds: 0.25
# start_time = Jun 25 2018 13:27:58 [Instrument's time stamp, header]
# bad_flag = -9.990e-29
*END*
[from data line 633]
        634 176.562920    0.04396     2.6375    158.250     50.921  50542.403    31.7909     7.1781     50.439    6.86687     7.1678    24.8687   12.34954 1.8683e-01 0.0000e+00
        635 176.562922    0.04403     2.6417    158.500     51.090  50544.245    31.7915     7.1750     50.607    6.86732     7.1653    24.8696   12.35029 1.8349e-01 0.0000e+00
        636 176.562925    0.04410     2.6458    158.750     51.264  50545.296    31.7917     7.1724     50.779    6.86773     7.1628    24.8701   12.35097 1.8016e-01 0.0000e+00
        637 176.562928    0.04417     2.6500    159.000     51.443  50545.831    31.7916     7.1699     50.956    6.86813     7.1601    24.8704   12.35163 1.7682e-01 0.0000e+00
        638 176.562931    0.04424     2.6542    159.250     51.627  50545.975    31.7911     7.1674     51.138    6.86855     7.1571    24.8704   12.35232 1.7346e-01 0.0000e+00
        639 176.562934    0.04431     2.6583    159.500     51.818  50545.868    31.7905     7.1647     51.327    6.86900     7.1537    24.8702   12.35307 1.7006e-01 0.0000e+00
        640 176.562937    0.04437     2.6625    159.750     52.016  50545.890    31.7899     7.1617     51.523    6.86950     7.1501    24.8702   12.35390 1.6658e-01 0.0000e+00
        641 176.562940    0.04444     2.6667    160.000     52.223  50546.199    31.7895     7.1584     51.728    6.87004     7.1461    24.8702   12.35481 1.6302e-01 0.0000e+00
        642 176.562943    0.04451     2.6708    160.250     52.439  50546.403    31.7889     7.1548     51.942    6.87064     7.1414    24.8702   12.35581 1.5942e-01 0.0000e+00
        643 176.562946    0.04458     2.6750    160.500     52.661  50546.118    31.7879     7.1508     52.162    6.87132     7.1359    24.8700   12.35694 1.5586e-01 0.0000e+00
        644 176.562948    0.04465     2.6792    160.750     52.882  50545.369    31.7864     7.1461     52.381    6.87212     7.1291    24.8695   12.35827 1.5244e-01 0.0000e+00
        645 176.562951    0.04472     2.6833    161.000     53.095  50544.117    31.7845     7.1406     52.591    6.87308     7.1209    24.8687   12.35989 1.4928e-01 0.0000e+00
        646 176.562954    0.04479     2.6875    161.250     53.294  50542.666    31.7822     7.1338     52.788    6.87425     7.1117    24.8678   12.36185 1.4641e-01 0.0000e+00
        647 176.562957    0.04486     2.6917    161.500     53.478  50543.084    31.7810     7.1256     52.971    6.87560     7.1025    24.8679   12.36410 1.4383e-01 0.0000e+00
        648 176.562960    0.04493     2.6958    161.750     53.649  50547.323    31.7823     7.1164     53.141    6.87701     7.0945    24.8701   12.36641 1.4149e-01 0.0000e+00
        649 176.562963    0.04500     2.7000    162.000     53.812  50554.336    31.7855     7.1073     53.302    6.87832     7.0881    24.8739   12.36854 1.3928e-01 0.0000e+00
        650 176.562966    0.04507     2.7042    162.250     53.973  50561.625    31.7890     7.0993     53.462    6.87942     7.0831    24.8778   12.37032 1.3709e-01 0.0000e+00
        651 176.562969    0.04514     2.7083    162.500     54.141  50567.851    31.7922     7.0929     53.628    6.88029     7.0794    24.8811   12.37172 1.3481e-01 0.0000e+00
        652 176.562972    0.04521     2.7125    162.750     54.323  50572.907    31.7947     7.0880     53.809    6.88096     7.0768    24.8838   12.37278 1.3238e-01 0.0000e+00
        653 176.562975    0.04528     2.7167    163.000     54.524  50576.949    31.7968     7.0843     54.007    6.88144     7.0749    24.8859   12.37356 1.2981e-01 0.0000e+00
        654 176.562977    0.04535     2.7208    163.250     54.739  50580.038    31.7984     7.0816     54.220    6.88179     7.0734    24.8875   12.37411 1.2717e-01 0.0000e+00
        655 176.562980    0.04542     2.7250    163.500     54.962  50582.333    31.7995     7.0797     54.441    6.88204     7.0723    24.8887   12.37451 1.2457e-01 0.0000e+00
        656 176.562983    0.04549     2.7292    163.750     55.183  50584.136    31.8004     7.0783     54.660    6.88222     7.0714    24.8896   12.37480 1.2212e-01 0.0000e+00
        657 176.562986    0.04556     2.7333    164.000     55.392  50585.691    31.8012     7.0772     54.867    6.88236     7.0706    24.8903   12.37502 1.1989e-01 0.0000e+00
        658 176.562989    0.04562     2.7375    164.250     55.588  50587.093    31.8020     7.0763     55.061    6.88247     7.0700    24.8910   12.37520 1.1791e-01 0.0000e+00
        659 176.562992    0.04569     2.7417    164.500     55.772  50588.366    31.8026     7.0755     55.243    6.88256     7.0696    24.8916   12.37534 1.1612e-01 0.0000e+00
        660 176.562995    0.04576     2.7458    164.750     55.949  50589.433    31.8032     7.0749     55.418    6.88263     7.0692    24.8922   12.37545 1.1445e-01 0.0000e+00
        661 176.562998    0.04583     2.7500    165.000     56.124  50590.197    31.8036     7.0745     55.592    6.88269     7.0688    24.8925   12.37554 1.1282e-01 0.0000e+00
        662 176.563001    0.04590     2.7542    165.250     56.305  50590.702    31.8038     7.0741     55.770    6.88274     7.0684    24.8927   12.37562 1.1119e-01 0.0000e+00
        663 176.563003    0.04597     2.7583    165.500     56.494  50591.106    31.8039     7.0738     55.958    6.88278     7.0680    24.8929   12.37569 1.0955e-01 0.0000e+00
        664 176.563006    0.04604     2.7625    165.750     56.694  50591.512    31.8041     7.0734     56.156    6.88283     7.0676    24.8930   12.37577 1.0791e-01 0.0000e+00
        665 176.563009    0.04611     2.7667    166.000     56.904  50591.947    31.8042     7.0731     56.364    6.88288     7.0670    24.8932   12.37585 1.0625e-01 0.0000e+00
        666 176.563012    0.04618     2.7708    166.250     57.126  50592.248    31.8042     7.0726     56.584    6.88295     7.0661    24.8933   12.37596 1.0457e-01 0.0000e+00
        667 176.563015    0.04625     2.7750    166.500     57.362  50591.993    31.8038     7.0721     56.817    6.88305     7.0647    24.8931   12.37614 1.0287e-01 0.0000e+00
        668 176.563018    0.04632     2.7792    166.750     57.612  50591.120    31.8030     7.0712     57.065    6.88323     7.0626    24.8925   12.37645 1.0114e-01 0.0000e+00
        669 176.563021    0.04639     2.7833    167.000     57.873  50589.990    31.8018     7.0698     57.324    6.88351     7.0598    24.8918   12.37692 9.9414e-02 0.0000e+00
        670 176.563024    0.04646     2.7875    167.250     58.140  50588.689    31.8004     7.0678     57.588    6.88390     7.0564    24.8910   12.37758 9.7734e-02 0.0000e+00
        671 176.563027    0.04653     2.7917    167.500     58.403  50587.601    31.7990     7.0650     57.848    6.88440     7.0524    24.8902   12.37842 9.6150e-02 0.0000e+00
        672 176.563030    0.04660     2.7958    167.750     58.652  50587.184    31.7980     7.0616     58.096    6.88499     7.0480    24.8899   12.37941 9.4696e-02 0.0000e+00
        673 176.563032    0.04667     2.8000    168.000     58.885  50586.821    31.7969     7.0576     58.326    6.88566     7.0430    24.8896   12.38053 9.3385e-02 0.0000e+00
        674 176.563035    0.04674     2.8042    168.250     59.101  50585.901    31.7954     7.0532     58.540    6.88642     7.0375    24.8890   12.38181 9.2208e-02 0.0000e+00
        675 176.563038    0.04681     2.8083    168.500     59.306  50585.178    31.7940     7.0483     58.744    6.88728     7.0316    24.8885   12.38324 9.1124e-02 0.0000e+00
        676 176.563041    0.04688     2.8125    168.750     59.510  50585.795    31.7933     7.0427     58.945    6.88819     7.0257    24.8887   12.38476 9.0061e-02 0.0000e+00
        677 176.563044    0.04694     2.8167    169.000     59.720  50587.204    31.7932     7.0369     59.153    6.88912     7.0193    24.8893   12.38630 8.8964e-02 0.0000e+00
        678 176.563047    0.04701     2.8208    169.250     59.940  50587.691    31.7924     7.0310     59.372    6.89010     7.0117    24.8895   12.38793 8.7820e-02 0.0000e+00
        679 176.563050    0.04708     2.8250    169.500     60.174  50586.203    31.7901     7.0246     59.603    6.89121     7.0021    24.8885   12.38980 8.6639e-02 0.0000e+00
        680 176.563053    0.04715     2.8292    169.750     60.418  50583.061    31.7864     7.0170     59.845    6.89258     6.9906    24.8867   12.39211 8.5445e-02 0.0000e+00
        681 176.563056    0.04722     2.8333    170.000     60.668  50581.073    31.7832     7.0075     60.092    6.89425     6.9785    24.8854   12.39490 8.4259e-02 0.0000e+00
        682 176.563058    0.04729     2.8375    170.250     60.919  50583.499    31.7828     6.9960     60.340    6.89610     6.9671    24.8865   12.39797 8.3084e-02 0.0000e+00
        683 176.563061    0.04736     2.8417    170.500     61.166  50590.098    31.7851     6.9838     60.585    6.89793     6.9574    24.8900   12.40096 8.1939e-02 0.0000e+00
        684 176.563064    0.04743     2.8458    170.750     61.406  50598.515    31.7888     6.9724     60.822    6.89957     6.9497    24.8944   12.40362 8.0839e-02 0.0000e+00
        685 176.563067    0.04750     2.8500    171.000     61.636  50606.840    31.7928     6.9628     61.050    6.90092     6.9438    24.8988   12.40582 7.9777e-02 0.0000e+00
        686 176.563070    0.04757     2.8542    171.250     61.858  50613.763    31.7962     6.9551     61.270    6.90199     6.9392    24.9024   12.40754 7.8744e-02 0.0000e+00
        687 176.563073    0.04764     2.8583    171.500     62.075  50618.783    31.7985     6.9492     61.485    6.90283     6.9355    24.9051   12.40889 7.7736e-02 0.0000e+00
        688 176.563076    0.04771     2.8625    171.750     62.291  50622.275    31.8000     6.9446     61.699    6.90349     6.9324    24.9069   12.40997 7.6746e-02 0.0000e+00
        689 176.563079    0.04778     2.8667    172.000     62.507  50624.876    31.8010     6.9409     61.913    6.90403     6.9297    24.9082   12.41086 7.5760e-02 0.0000e+00
        690 176.563082    0.04785     2.8708    172.250     62.726  50626.917    31.8018     6.9379     62.130    6.90449     6.9275    24.9092   12.41160 7.4776e-02 0.0000e+00
        691 176.563084    0.04792     2.8750    172.500     62.947  50628.561    31.8024     6.9352     62.350    6.90488     6.9254    24.9100   12.41224 7.3810e-02 0.0000e+00
        692 176.563087    0.04799     2.8792    172.750     63.173  50629.769    31.8027     6.9330     62.573    6.90522     6.9234    24.9105   12.41280 7.2867e-02 0.0000e+00
        693 176.563090    0.04806     2.8833    173.000     63.403  50630.317    31.8026     6.9309     62.801    6.90555     6.9213    24.9107   12.41335 7.1935e-02 0.0000e+00
        694 176.563093    0.04813     2.8875    173.250     63.638  50630.631    31.8024     6.9289     63.033    6.90589     6.9192    24.9108   12.41391 7.1008e-02 0.0000e+00
        695 176.563096    0.04819     2.8917    173.500     63.876  50631.500    31.8025     6.9268     63.270    6.90622     6.9174    24.9112   12.41445 7.0092e-02 0.0000e+00
        696 176.563099    0.04826     2.8958    173.750     64.117  50632.917    31.8030     6.9248     63.508    6.90652     6.9160    24.9118   12.41494 6.9196e-02 0.0000e+00
        697 176.563102    0.04833     2.9000    174.000     64.356  50634.326    31.8036     6.9230     63.745    6.90677     6.9148    24.9125   12.41535 6.8332e-02 0.0000e+00
        698 176.563105    0.04840     2.9042    174.250     64.590  50635.389    31.8039     6.9216     63.976    6.90699     6.9137    24.9130   12.41570 6.7506e-02 0.0000e+00
        699 176.563108    0.04847     2.9083    174.500     64.818  50636.311    31.8042     6.9203     64.202    6.90717     6.9129    24.9134   12.41599 6.6720e-02 0.0000e+00
        700 176.563111    0.04854     2.9125    174.750     65.039  50637.118    31.8045     6.9193     64.421    6.90731     6.9119    24.9137   12.41624 6.5976e-02 0.0000e+00
        701 176.563113    0.04861     2.9167    175.000     65.253  50637.180    31.8043     6.9185     64.633    6.90746     6.9107    24.9137   12.41648 6.5275e-02 0.0000e+00
        702 176.563116    0.04868     2.9208    175.250     65.463  50636.672    31.8036     6.9176     64.841    6.90763     6.9094    24.9133   12.41677 6.4626e-02 0.0000e+00
        703 176.563119    0.04875     2.9250    175.500     65.672  50636.707    31.8034     6.9165     65.048    6.90783     6.9081    24.9132   12.41710 6.4013e-02 0.0000e+00
        704 176.563122    0.04882     2.9292    175.750     65.884  50637.464    31.8036     6.9152     65.257    6.90803     6.9069    24.9136   12.41743 6.3409e-02 0.0000e+00
        705 176.563125    0.04889     2.9333    176.000     66.099  50638.062    31.8037     6.9139     65.471    6.90823     6.9055    24.9138   12.41775 6.2806e-02 0.0000e+00
        706 176.563128    0.04896     2.9375    176.250     66.321  50637.812    31.8032     6.9127     65.690    6.90844     6.9037    24.9136   12.41811 6.2205e-02 0.0000e+00
        707 176.563131    0.04903     2.9417    176.500     66.551  50636.658    31.8020     6.9113     65.918    6.90871     6.9013    24.9129   12.41857 6.1613e-02 0.0000e+00
        708 176.563134    0.04910     2.9458    176.750     66.790  50635.534    31.8008     6.9095     66.155    6.90906     6.8987    24.9121   12.41916 6.1032e-02 0.0000e+00
        709 176.563137    0.04917     2.9500    177.000     67.036  50635.795    31.8005     6.9072     66.398    6.90945     6.8964    24.9122   12.41982 6.0464e-02 0.0000e+00
        710 176.563139    0.04924     2.9542    177.250     67.283  50637.514    31.8011     6.9046     66.643    6.90983     6.8945    24.9130   12.42044 5.9915e-02 0.0000e+00
        711 176.563142    0.04931     2.9583    177.500     67.526  50639.607    31.8020     6.9023     66.884    6.91016     6.8930    24.9140   12.42097 5.9390e-02 0.0000e+00
        712 176.563145    0.04938     2.9625    177.750     67.762  50641.310    31.8028     6.9004     67.117    6.91043     6.8918    24.9148   12.42140 5.8891e-02 0.0000e+00
        713 176.563148    0.04944     2.9667    178.000     67.989  50642.716    31.8034     6.8989     67.342    6.91064     6.8909    24.9155   12.42174 5.8430e-02 0.0000e+00
        714 176.563151    0.04951     2.9708    178.250     68.208  50643.991    31.8039     6.8977     67.559    6.91080     6.8903    24.9161   12.42200 5.8010e-02 0.0000e+00
        715 176.563154    0.04958     2.9750    178.500     68.423  50645.009    31.8044     6.8969     67.773    6.91091     6.8899    24.9166   12.42218 5.7619e-02 0.0000e+00
        716 176.563157    0.04965     2.9792    178.750     68.641  50645.744    31.8047     6.8963     67.988    6.91099     6.8896    24.9169   12.42231 5.7243e-02 0.0000e+00
        717 176.563160    0.04972     2.9833    179.000     68.861  50646.270    31.8049     6.8959     68.206    6.91104     6.8894    24.9171   12.42240 5.6875e-02 0.0000e+00
        718 176.563163    0.04979     2.9875    179.250     69.084  50646.683    31.8050     6.8956     68.427    6.91108     6.8892    24.9173   12.42245 5.6515e-02 0.0000e+00
        719 176.563166    0.04986     2.9917    179.500     69.308  50647.015    31.8051     6.8954     68.649    6.91111     6.8891    24.9174   12.42249 5.6173e-02 0.0000e+00
        720 176.563168    0.04993     2.9958    179.750     69.530  50647.277    31.8052     6.8953     68.869    6.91113     6.8891    24.9174   12.42253 5.5859e-02 0.0000e+00
        721 176.563171    0.05000     3.0000    180.000     69.750  50647.461    31.8052     6.8952     69.086    6.91114     6.8890    24.9175   12.42255 5.5571e-02 0.0000e+00
        722 176.563174    0.05007     3.0042    180.250     69.969  50647.523    31.8051     6.8951     69.303    6.91115     6.8889    24.9174   12.42257 5.5298e-02 0.0000e+00
        723 176.563177    0.05014     3.0083    180.500     70.189  50647.447    31.8049     6.8951     69.521    6.91117     6.8887    24.9173   12.42260 5.5037e-02 0.0000e+00
