CTD-processing/allCTD/CNV--turbid/2018_07-24_t4_s07_cast172.cnv
* Sea-Bird SBE19plus Data File:
* FileName = C:\Users\Kim.Powell\Desktop\Not Processed\2018\2018_08-24_T4, T9_5028\2018_07-24_TRANSECT_STATION_cast172.hex
* Software Version 1.59
* Temperature SN =  5028
* Conductivity SN =  5028
* System UpLoad Time = Jul 26 2018 09:17:07
** 2018_07-24
** Station: 4-07
** Start Time: 36
** Depth (m): 10:42
** Comment:
** Comment:
# nquan = 16
# nvalues = 414                         
# units = specified
# name 0 = scan: Scan Count
# name 1 = timeJ: Julian Days
# name 2 = timeH: Time, Elapsed [hours]
# name 3 = timeM: Time, Elapsed [minutes]
# name 4 = timeS: Time, Elapsed [seconds]
# name 5 = prdM: Pressure, Strain Gauge [db]
# name 6 = specc: Specific Conductance [uS/cm]
# name 7 = sal00: Salinity, Practical [PSU]
# name 8 = tv290C: Temperature [ITS-90, deg C]
# name 9 = depSM: Depth [salt water, m], lat = 59.00
# name 10 = oxsolML/L: Oxygen Saturation, Garcia & Gordon [ml/l]
# name 11 = potemp090C: Potential Temperature [ITS-90, deg C]
# name 12 = sigma-é00: Density [sigma-theta, kg/m^3]
# name 13 = n2satML/L: Nitrogen Saturation [ml/l]
# name 14 = par: PAR/Irradiance, Biospherical/Licor
# name 15 = flag:  0.000e+00
# span 0 =          1,        414       
# span 1 = 205.447037, 205.448232       
# span 2 =    0.00000,    0.02868       
# span 3 =     0.0000,     1.7208       
# span 4 =      0.000,    103.250       
# span 5 =      0.654,     33.909       
# span 6 =  45951.775,  49828.847       
# span 7 =    29.1413,    31.5661       
# span 8 =     8.7666,    11.2484       
# span 9 =      0.648,     33.589       
# span 10 =    6.32260,    6.63427      
# span 11 =     8.7634,    11.2483      
# span 12 =    22.1849,    24.4564      
# span 13 =   11.45719,   11.96776      
# span 14 = 1.2642e-01, 8.5968e+01      
# span 15 = 0.0000e+00, 0.0000e+00      
# interval = seconds: 0.25
# start_time = Jul 24 2018 10:43:44 [Instrument's time stamp, header]
# bad_flag = -9.990e-29
*END*
[from data line 272]
        273 205.447824    0.01889     1.1333     68.000      2.695  47130.300    29.9550    11.0508      2.670    6.37496    10.9935    22.8415   11.55730 2.7068e+01 0.0000e+00
        274 205.447827    0.01896     1.1375     68.250      2.918  47346.988    30.1046    11.0231      2.891    6.37271    10.9650    22.9626   11.55179 2.5182e+01 0.0000e+00
        275 205.447830    0.01903     1.1417     68.500      3.147  47563.955    30.2544    10.9939      3.118    6.37066    10.9427    23.0840   11.54662 2.3614e+01 0.0000e+00
        276 205.447833    0.01910     1.1458     68.750      3.383  47782.877    30.4056    10.9654      3.352    6.36845    10.9339    23.2065   11.54116 2.2323e+01 0.0000e+00
        277 205.447836    0.01917     1.1500     69.000      3.624  48008.093    30.5621    10.9431      3.590    6.36519    10.9437    23.3319   11.53390 2.1255e+01 0.0000e+00
        278 205.447839    0.01924     1.1542     69.250      3.866  48231.775    30.7191    10.9343      3.830    6.36006    10.9716    23.4554   11.52354 2.0359e+01 0.0000e+00
        279 205.447841    0.01931     1.1583     69.500      4.104  48425.127    30.8567    10.9442      4.066    6.35316    11.0108    23.5608   11.51048 1.9613e+01 0.0000e+00
        280 205.447844    0.01938     1.1625     69.750      4.337  48564.249    30.9580    10.9721      4.297    6.34526    11.0511    23.6348   11.49619 1.9003e+01 0.0000e+00
        281 205.447847    0.01944     1.1667     70.000      4.564  48646.137    31.0202    11.0113      4.521    6.33741    11.0837    23.6763   11.48245 1.8502e+01 0.0000e+00
        282 205.447850    0.01951     1.1708     70.250      4.785  48687.604    31.0539    11.0516      4.741    6.33057    11.1023    23.6955   11.47069 1.8072e+01 0.0000e+00
        283 205.447853    0.01958     1.1750     70.500      5.004  48708.317    31.0721    11.0843      4.958    6.32541    11.1010    23.7039   11.46193 1.7678e+01 0.0000e+00
        284 205.447856    0.01965     1.1792     70.750      5.223  48715.913    31.0794    11.1030      5.174    6.32260    11.0714    23.7063   11.45719 1.7291e+01 0.0000e+00
        285 205.447859    0.01972     1.1833     71.000      5.443  48713.182    31.0771    11.1016      5.393    6.32291    11.0041    23.7047   11.45773 1.6896e+01 0.0000e+00
        286 205.447862    0.01979     1.1875     71.250      5.666  48703.771    31.0668    11.0721      5.613    6.32739    10.8928    23.7018   11.46526 1.6487e+01 0.0000e+00
        287 205.447865    0.01986     1.1917     71.500      5.891  48696.730    31.0540    11.0048      5.836    6.33713    10.7438    23.7033   11.48156 1.6073e+01 0.0000e+00
        288 205.447867    0.01993     1.1958     71.750      6.116  48713.089    31.0527    10.8935      6.059    6.35245    10.5784    23.7214   11.50697 1.5672e+01 0.0000e+00
        289 205.447870    0.02000     1.2000     72.000      6.341  48775.525    31.0795    10.7445      6.281    6.37186    10.4210    23.7677   11.53882 1.5299e+01 0.0000e+00
        290 205.447873    0.02007     1.2042     72.250      6.563  48881.884    31.1352    10.5791      6.501    6.39243    10.2851    23.8391   11.57224 1.4963e+01 0.0000e+00
        291 205.447876    0.02014     1.2083     72.500      6.781  49001.576    31.2010    10.4217      6.718    6.41155    10.1722    23.9169   11.60316 1.4667e+01 0.0000e+00
        292 205.447879    0.02021     1.2125     72.750      6.996  49107.695    31.2596    10.2859      6.930    6.42806    10.0779    23.9853   11.62981 1.4402e+01 0.0000e+00
        293 205.447882    0.02028     1.2167     73.000      7.208  49191.927    31.3053    10.1731      7.140    6.44195     9.9955    24.0397   11.65229 1.4152e+01 0.0000e+00
        294 205.447885    0.02035     1.2208     73.250      7.420  49253.475    31.3370    10.0787      7.350    6.45388     9.9179    24.0801   11.67166 1.3887e+01 0.0000e+00
        295 205.447888    0.02042     1.2250     73.500      7.635  49293.872    31.3552     9.9964      7.564    6.46472     9.8397    24.1078   11.68940 1.3593e+01 0.0000e+00
        296 205.447891    0.02049     1.2292     73.750      7.856  49322.126    31.3652     9.9187      7.783    6.47528     9.7614    24.1283   11.70677 1.3272e+01 0.0000e+00
        297 205.447894    0.02056     1.2333     74.000      8.081  49353.222    31.3771     9.8406      8.005    6.48587     9.6878    24.1502   11.72418 1.2932e+01 0.0000e+00
        298 205.447896    0.02063     1.2375     74.250      8.305  49394.888    31.3963     9.7623      8.228    6.49621     9.6235    24.1778   11.74107 1.2584e+01 0.0000e+00
        299 205.447899    0.02069     1.2417     74.500      8.525  49443.297    31.4207     9.6887      8.445    6.50568     9.5694    24.2088   11.75646 1.2238e+01 0.0000e+00
        300 205.447902    0.02076     1.2458     74.750      8.737  49487.989    31.4437     9.6244      8.655    6.51391     9.5225    24.2370   11.76981 1.1908e+01 0.0000e+00
        301 205.447905    0.02083     1.2500     75.000      8.942  49520.575    31.4595     9.5703      8.859    6.52100     9.4794    24.2580   11.78138 1.1598e+01 0.0000e+00
        302 205.447908    0.02090     1.2542     75.250      9.143  49541.861    31.4682     9.5234      9.058    6.52736     9.4384    24.2722   11.79180 1.1304e+01 0.0000e+00
        303 205.447911    0.02097     1.2583     75.500      9.346  49558.659    31.4742     9.4804      9.259    6.53331     9.4002    24.2838   11.80158 1.1018e+01 0.0000e+00
        304 205.447914    0.02104     1.2625     75.750      9.554  49577.410    31.4818     9.4394      9.465    6.53889     9.3666    24.2962   11.81073 1.0729e+01 0.0000e+00
        305 205.447917    0.02111     1.2667     76.000      9.766  49601.140    31.4932     9.4012      9.675    6.54392     9.3391    24.3112   11.81892 1.0432e+01 0.0000e+00
        306 205.447920    0.02118     1.2708     76.250      9.983  49627.616    31.5072     9.3677      9.889    6.54817     9.3172    24.3274   11.82579 1.0125e+01 0.0000e+00
        307 205.447922    0.02125     1.2750     76.500     10.200  49651.087    31.5199     9.3402     10.104    6.55162     9.2995    24.3417   11.83135 9.8117e+00 0.0000e+00
        308 205.447925    0.02132     1.2792     76.750     10.415  49668.555    31.5291     9.3183     10.318    6.55440     9.2847    24.3523   11.83584 9.4931e+00 0.0000e+00
        309 205.447928    0.02139     1.2833     77.000     10.628  49681.123    31.5355     9.3006     10.528    6.55669     9.2718    24.3601   11.83955 9.1710e+00 0.0000e+00
        310 205.447931    0.02146     1.2875     77.250     10.839  49690.338    31.5398     9.2858     10.737    6.55865     9.2600    24.3658   11.84275 8.8452e+00 0.0000e+00
        311 205.447934    0.02153     1.2917     77.500     11.050  49697.003    31.5427     9.2729     10.947    6.56041     9.2488    24.3700   11.84562 8.5142e+00 0.0000e+00
        312 205.447937    0.02160     1.2958     77.750     11.265  49701.438    31.5441     9.2612     11.159    6.56205     9.2373    24.3730   11.84832 8.1749e+00 0.0000e+00
        313 205.447940    0.02167     1.3000     78.000     11.486  49703.895    31.5441     9.2500     11.378    6.56368     9.2253    24.3748   11.85102 7.8249e+00 0.0000e+00
        314 205.447943    0.02174     1.3042     78.250     11.711  49704.986    31.5432     9.2386     11.601    6.56538     9.2123    24.3759   11.85384 7.4660e+00 0.0000e+00
        315 205.447946    0.02181     1.3083     78.500     11.940  49705.154    31.5416     9.2266     11.828    6.56719     9.1979    24.3764   11.85686 7.1029e+00 0.0000e+00
        316 205.447948    0.02187     1.3125     78.750     12.171  49704.809    31.5395     9.2136     12.057    6.56918     9.1821    24.3768   11.86018 6.7408e+00 0.0000e+00
        317 205.447951    0.02194     1.3167     79.000     12.403  49704.307    31.5370     9.1992     12.287    6.57137     9.1651    24.3771   11.86383 6.3863e+00 0.0000e+00
        318 205.447954    0.02201     1.3208     79.250     12.634  49704.901    31.5351     9.1834     12.515    6.57375     9.1478    24.3781   11.86780 6.0460e+00 0.0000e+00
        319 205.447957    0.02208     1.3250     79.500     12.862  49708.668    31.5353     9.1664     12.742    6.57623     9.1316    24.3808   11.87190 5.7250e+00 0.0000e+00
        320 205.447960    0.02215     1.3292     79.750     13.089  49715.892    31.5378     9.1492     12.966    6.57863     9.1172    24.3855   11.87584 5.4260e+00 0.0000e+00
        321 205.447963    0.02222     1.3333     80.000     13.312  49724.936    31.5418     9.1330     13.187    6.58082     9.1043    24.3911   11.87942 5.1485e+00 0.0000e+00
        322 205.447966    0.02229     1.3375     80.250     13.532  49732.526    31.5451     9.1186     13.405    6.58279     9.0918    24.3959   11.88264 4.8908e+00 0.0000e+00
        323 205.447969    0.02236     1.3417     80.500     13.749  49736.531    31.5460     9.1057     13.620    6.58464     9.0791    24.3986   11.88569 4.6503e+00 0.0000e+00
        324 205.447972    0.02243     1.3458     80.750     13.966  49739.101    31.5459     9.0932     13.835    6.58647     9.0663    24.4005   11.88872 4.4243e+00 0.0000e+00
        325 205.447975    0.02250     1.3500     81.000     14.185  49742.399    31.5464     9.0806     14.051    6.58830     9.0538    24.4028   11.89175 4.2113e+00 0.0000e+00
        326 205.447977    0.02257     1.3542     81.250     14.405  49746.519    31.5474     9.0678     14.270    6.59012     9.0420    24.4055   11.89475 4.0110e+00 0.0000e+00
        327 205.447980    0.02264     1.3583     81.500     14.628  49752.345    31.5496     9.0553     14.491    6.59186     9.0317    24.4092   11.89760 3.8237e+00 0.0000e+00
        328 205.447983    0.02271     1.3625     81.750     14.853  49760.082    31.5533     9.0435     14.713    6.59343     9.0233    24.4139   11.90016 3.6490e+00 0.0000e+00
        329 205.447986    0.02278     1.3667     82.000     15.078  49767.739    31.5572     9.0333     14.936    6.59477     9.0164    24.4184   11.90232 3.4853e+00 0.0000e+00
        330 205.447989    0.02285     1.3708     82.250     15.305  49773.485    31.5599     9.0250     15.161    6.59588     9.0104    24.4219   11.90413 3.3304e+00 0.0000e+00
        331 205.447992    0.02292     1.3750     82.500     15.532  49777.337    31.5616     9.0181     15.386    6.59682     9.0050    24.4242   11.90567 3.1825e+00 0.0000e+00
        332 205.447995    0.02299     1.3792     82.750     15.762  49780.523    31.5628     9.0121     15.614    6.59765     9.0002    24.4262   11.90702 3.0403e+00 0.0000e+00
        333 205.447998    0.02306     1.3833     83.000     15.996  49783.355    31.5639     9.0067     15.846    6.59839     8.9957    24.4279   11.90823 2.9028e+00 0.0000e+00
        334 205.448001    0.02313     1.3875     83.250     16.233  49785.133    31.5644     9.0019     16.080    6.59907     8.9910    24.4290   11.90935 2.7695e+00 0.0000e+00
        335 205.448003    0.02319     1.3917     83.500     16.473  49785.971    31.5642     8.9974     16.318    6.59974     8.9862    24.4296   11.91046 2.6406e+00 0.0000e+00
        336 205.448006    0.02326     1.3958     83.750     16.714  49786.897    31.5641     8.9927     16.557    6.60042     8.9814    24.4302   11.91160 2.5173e+00 0.0000e+00
        337 205.448009    0.02333     1.4000     84.000     16.955  49788.283    31.5643     8.9880     16.795    6.60112     8.9762    24.4311   11.91274 2.4012e+00 0.0000e+00
        338 205.448012    0.02340     1.4042     84.250     17.192  49788.987    31.5640     8.9831     17.030    6.60184     8.9702    24.4316   11.91394 2.2929e+00 0.0000e+00
        339 205.448015    0.02347     1.4083     84.500     17.425  49788.168    31.5626     8.9780     17.261    6.60266     8.9632    24.4313   11.91531 2.1915e+00 0.0000e+00
        340 205.448018    0.02354     1.4125     84.750     17.656  49787.406    31.5611     8.9720     17.490    6.60360     8.9556    24.4310   11.91689 2.0950e+00 0.0000e+00
        341 205.448021    0.02361     1.4167     85.000     17.886  49788.800    31.5610     8.9650     17.718    6.60464     8.9482    24.4320   11.91861 2.0019e+00 0.0000e+00
        342 205.448024    0.02368     1.4208     85.250     18.119  49791.975    31.5621     8.9574     17.949    6.60570     8.9412    24.4340   11.92036 1.9108e+00 0.0000e+00
        343 205.448027    0.02375     1.4250     85.500     18.358  49795.161    31.5631     8.9501     18.186    6.60674     8.9343    24.4359   11.92207 1.8210e+00 0.0000e+00
        344 205.448030    0.02382     1.4292     85.750     18.604  49797.580    31.5637     8.9430     18.429    6.60775     8.9275    24.4375   11.92374 1.7325e+00 0.0000e+00
        345 205.448032    0.02389     1.4333     86.000     18.856  49798.950    31.5636     8.9362     18.678    6.60876     8.9202    24.4384   11.92540 1.6469e+00 0.0000e+00
        346 205.448035    0.02396     1.4375     86.250     19.108  49798.573    31.5623     8.9294     18.928    6.60982     8.9116    24.4384   11.92717 1.5656e+00 0.0000e+00
        347 205.448038    0.02403     1.4417     86.500     19.357  49795.837    31.5592     8.9221     19.175    6.61103     8.9013    24.4371   11.92921 1.4894e+00 0.0000e+00
        348 205.448041    0.02410     1.4458     86.750     19.602  49791.020    31.5545     8.9136     19.418    6.61249     8.8894    24.4347   11.93168 1.4185e+00 0.0000e+00
        349 205.448044    0.02417     1.4500     87.000     19.840  49786.929    31.5500     8.9033     19.654    6.61420     8.8774    24.4328   11.93457 1.3525e+00 0.0000e+00
        350 205.448047    0.02424     1.4542     87.250     20.075  49787.967    31.5489     8.8914     19.887    6.61600     8.8674    24.4338   11.93756 1.2905e+00 0.0000e+00
        351 205.448050    0.02431     1.4583     87.500     20.311  49794.856    31.5519     8.8795     20.120    6.61762     8.8598    24.4379   11.94022 1.2311e+00 0.0000e+00
        352 205.448053    0.02438     1.4625     87.750     20.551  49802.650    31.5558     8.8695     20.359    6.61893     8.8535    24.4425   11.94234 1.1733e+00 0.0000e+00
        353 205.448056    0.02444     1.4667     88.000     20.799  49806.301    31.5572     8.8619     20.604    6.62000     8.8477    24.4448   11.94408 1.1168e+00 0.0000e+00
        354 205.448058    0.02451     1.4708     88.250     21.054  49807.082    31.5567     8.8556     20.856    6.62094     8.8425    24.4453   11.94565 1.0623e+00 0.0000e+00
        355 205.448061    0.02458     1.4750     88.500     21.311  49809.633    31.5576     8.8498     21.110    6.62177     8.8389    24.4469   11.94700 1.0105e+00 0.0000e+00
        356 205.448064    0.02465     1.4792     88.750     21.563  49814.852    31.5604     8.8447     21.360    6.62240     8.8370    24.4498   11.94801 9.6231e-01 0.0000e+00
        357 205.448067    0.02472     1.4833     89.000     21.807  49820.243    31.5636     8.8412     21.602    6.62279     8.8362    24.4529   11.94863 9.1805e-01 0.0000e+00
        358 205.448070    0.02479     1.4875     89.250     22.041  49823.590    31.5655     8.8393     21.834    6.62299     8.8360    24.4547   11.94893 8.7777e-01 0.0000e+00
        359 205.448073    0.02486     1.4917     89.500     22.264  49824.675    31.5661     8.8385     22.054    6.62307     8.8357    24.4553   11.94906 8.4106e-01 0.0000e+00
        360 205.448076    0.02493     1.4958     89.750     22.478  49824.176    31.5656     8.8383     22.266    6.62313     8.8350    24.4550   11.94916 8.0713e-01 0.0000e+00
        361 205.448079    0.02500     1.5000     90.000     22.688  49822.582    31.5643     8.8380     22.474    6.62323     8.8338    24.4540   11.94933 7.7502e-01 0.0000e+00
