CTD-processing/allCTD/CNV--turbid/2018_07-24_t4_s02_cast177.cnv
* Sea-Bird SBE19plus Data File:
* FileName = C:\Users\Kim.Powell\Desktop\Not Processed\2018\2018_08-24_T4, T9_5028\2018_07-24_TRANSECT_STATION_cast177.hex
* Software Version 1.59
* Temperature SN =  5028
* Conductivity SN =  5028
* System UpLoad Time = Jul 26 2018 09:23:14
** 2018_07-24
** Station: 4-02
** Start Time: 11:43
** Depth (m): 102
** Comment:
** Comment:
# nquan = 16
# nvalues = 981                         
# units = specified
# name 0 = scan: Scan Count
# name 1 = timeJ: Julian Days
# name 2 = timeH: Time, Elapsed [hours]
# name 3 = timeM: Time, Elapsed [minutes]
# name 4 = timeS: Time, Elapsed [seconds]
# name 5 = prdM: Pressure, Strain Gauge [db]
# name 6 = specc: Specific Conductance [uS/cm]
# name 7 = sal00: Salinity, Practical [PSU]
# name 8 = tv290C: Temperature [ITS-90, deg C]
# name 9 = depSM: Depth [salt water, m], lat = 59.00
# name 10 = oxsolML/L: Oxygen Saturation, Garcia & Gordon [ml/l]
# name 11 = potemp090C: Potential Temperature [ITS-90, deg C]
# name 12 = sigma-é00: Density [sigma-theta, kg/m^3]
# name 13 = n2satML/L: Nitrogen Saturation [ml/l]
# name 14 = par: PAR/Irradiance, Biospherical/Licor
# name 15 = flag:  0.000e+00
# span 0 =          1,        981       
# span 1 = 205.489699, 205.492535       
# span 2 =    0.00000,    0.06806       
# span 3 =     0.0000,     4.0833       
# span 4 =      0.000,    245.000       
# span 5 =      0.412,     93.130       
# span 6 =  47840.110,  50135.465       
# span 7 =    30.4932,    31.6082       
# span 8 =     7.8743,    11.4594       
# span 9 =      0.408,     92.238       
# span 10 =    6.27607,    6.76674      
# span 11 =     7.8656,    11.4594      
# span 12 =    23.2004,    24.6286      
# span 13 =   11.38039,   12.18628      
# span 14 = 5.3781e-02, 1.7695e+02      
# span 15 = 0.0000e+00, 0.0000e+00      
# interval = seconds: 0.25
# start_time = Jul 24 2018 11:45:10 [Instrument's time stamp, header]
# bad_flag = -9.990e-29
*END*
[from data line 814]
        815 205.492054    0.05653     3.3917    203.500     92.113  50134.121    31.6048     7.8788     91.232    6.76603     7.8711    24.6269   12.18510 5.4497e-02 0.0000e+00
        816 205.492057    0.05660     3.3958    203.750     92.101  50133.641    31.6046     7.8794     91.220    6.76596     7.8714    24.6267   12.18498 5.4498e-02 0.0000e+00
        817 205.492060    0.05667     3.4000    204.000     92.098  50132.905    31.6042     7.8798     91.217    6.76590     7.8716    24.6263   12.18490 5.4504e-02 0.0000e+00
        818 205.492063    0.05674     3.4042    204.250     92.103  50132.242    31.6038     7.8801     91.222    6.76587     7.8717    24.6259   12.18486 5.4516e-02 0.0000e+00
        819 205.492066    0.05681     3.4083    204.500     92.116  50131.803    31.6035     7.8803     91.235    6.76586     7.8717    24.6257   12.18484 5.4526e-02 0.0000e+00
        820 205.492069    0.05688     3.4125    204.750     92.136  50131.445    31.6032     7.8804     91.254    6.76586     7.8717    24.6255   12.18485 5.4524e-02 0.0000e+00
        821 205.492072    0.05694     3.4167    205.000     92.158  50131.223    31.6031     7.8804     91.276    6.76587     7.8717    24.6253   12.18486 5.4512e-02 0.0000e+00
        822 205.492075    0.05701     3.4208    205.250     92.180  50131.383    31.6032     7.8804     91.298    6.76586     7.8718    24.6254   12.18485 5.4502e-02 0.0000e+00
        823 205.492078    0.05708     3.4250    205.500     92.197  50131.795    31.6034     7.8804     91.315    6.76585     7.8720    24.6256   12.18482 5.4493e-02 0.0000e+00
        824 205.492080    0.05715     3.4292    205.750     92.204  50132.265    31.6038     7.8805     91.322    6.76583     7.8723    24.6259   12.18478 5.4480e-02 0.0000e+00
        825 205.492083    0.05722     3.4333    206.000     92.201  50132.719    31.6041     7.8807     91.319    6.76578     7.8727    24.6261   12.18470 5.4465e-02 0.0000e+00
        826 205.492086    0.05729     3.4375    206.250     92.191  50132.930    31.6043     7.8810     91.308    6.76573     7.8731    24.6262   12.18461 5.4452e-02 0.0000e+00
        827 205.492089    0.05736     3.4417    206.500     92.179  50132.708    31.6043     7.8814     91.297    6.76567     7.8733    24.6261   12.18451 5.4440e-02 0.0000e+00
        828 205.492092    0.05743     3.4458    206.750     92.173  50132.093    31.6039     7.8818     91.291    6.76562     7.8732    24.6257   12.18444 5.4431e-02 0.0000e+00
        829 205.492095    0.05750     3.4500    207.000     92.176  50131.299    31.6034     7.8820     91.294    6.76561     7.8729    24.6253   12.18444 5.4431e-02 0.0000e+00
        830 205.492098    0.05757     3.4542    207.250     92.185  50130.716    31.6030     7.8819     91.303    6.76564     7.8725    24.6250   12.18449 5.4441e-02 0.0000e+00
        831 205.492101    0.05764     3.4583    207.500     92.198  50130.649    31.6029     7.8816     91.316    6.76570     7.8721    24.6249   12.18458 5.4452e-02 0.0000e+00
        832 205.492104    0.05771     3.4625    207.750     92.210  50130.987    31.6030     7.8812     91.327    6.76575     7.8719    24.6251   12.18467 5.4455e-02 0.0000e+00
        833 205.492106    0.05778     3.4667    208.000     92.220  50131.424    31.6033     7.8808     91.337    6.76579     7.8717    24.6254   12.18474 5.4454e-02 0.0000e+00
        834 205.492109    0.05785     3.4708    208.250     92.230  50131.742    31.6035     7.8806     91.348    6.76582     7.8717    24.6255   12.18478 5.4455e-02 0.0000e+00
        835 205.492112    0.05792     3.4750    208.500     92.243  50131.872    31.6035     7.8804     91.361    6.76584     7.8716    24.6256   12.18481 5.4449e-02 0.0000e+00
        836 205.492115    0.05799     3.4792    208.750     92.259  50131.938    31.6035     7.8804     91.376    6.76585     7.8716    24.6256   12.18482 5.4437e-02 0.0000e+00
        837 205.492118    0.05806     3.4833    209.000     92.272  50132.151    31.6037     7.8803     91.389    6.76585     7.8718    24.6257   12.18483 5.4425e-02 0.0000e+00
        838 205.492121    0.05813     3.4875    209.250     92.277  50132.579    31.6040     7.8803     91.394    6.76584     7.8722    24.6260   12.18480 5.4416e-02 0.0000e+00
        839 205.492124    0.05819     3.4917    209.500     92.271  50133.026    31.6043     7.8805     91.388    6.76580     7.8726    24.6262   12.18472 5.4409e-02 0.0000e+00
        840 205.492127    0.05826     3.4958    209.750     92.257  50133.251    31.6045     7.8809     91.375    6.76573     7.8731    24.6263   12.18461 5.4406e-02 0.0000e+00
        841 205.492130    0.05833     3.5000    210.000     92.243  50133.137    31.6045     7.8813     91.361    6.76566     7.8735    24.6263   12.18449 5.4404e-02 0.0000e+00
        842 205.492133    0.05840     3.5042    210.250     92.238  50132.573    31.6042     7.8819     91.356    6.76559     7.8736    24.6260   12.18438 5.4404e-02 0.0000e+00
        843 205.492135    0.05847     3.5083    210.500     92.249  50131.629    31.6036     7.8823     91.366    6.76556     7.8734    24.6254   12.18434 5.4402e-02 0.0000e+00
        844 205.492138    0.05854     3.5125    210.750     92.273  50130.764    31.6030     7.8824     91.390    6.76557     7.8730    24.6250   12.18436 5.4399e-02 0.0000e+00
        845 205.492141    0.05861     3.5167    211.000     92.300  50130.483    31.6027     7.8821     91.417    6.76562     7.8726    24.6248   12.18444 5.4394e-02 0.0000e+00
        846 205.492144    0.05868     3.5208    211.250     92.318  50130.849    31.6029     7.8817     91.435    6.76567     7.8724    24.6250   12.18453 5.4388e-02 0.0000e+00
        847 205.492147    0.05875     3.5250    211.500     92.318  50131.555    31.6034     7.8813     91.435    6.76571     7.8725    24.6254   12.18459 5.4382e-02 0.0000e+00
        848 205.492150    0.05882     3.5292    211.750     92.300  50132.291    31.6039     7.8812     91.417    6.76571     7.8728    24.6258   12.18458 5.4373e-02 0.0000e+00
        849 205.492153    0.05889     3.5333    212.000     92.277  50132.738    31.6042     7.8813     91.394    6.76568     7.8731    24.6261   12.18453 5.4361e-02 0.0000e+00
        850 205.492156    0.05896     3.5375    212.250     92.264  50132.591    31.6042     7.8816     91.381    6.76564     7.8733    24.6260   12.18446 5.4349e-02 0.0000e+00
        851 205.492159    0.05903     3.5417    212.500     92.274  50131.845    31.6037     7.8819     91.391    6.76561     7.8731    24.6256   12.18442 5.4337e-02 0.0000e+00
        852 205.492161    0.05910     3.5458    212.750     92.306  50131.058    31.6032     7.8820     91.422    6.76562     7.8728    24.6252   12.18444 5.4322e-02 0.0000e+00
        853 205.492164    0.05917     3.5500    213.000     92.347  50130.881    31.6030     7.8818     91.463    6.76565     7.8726    24.6251   12.18450 5.4305e-02 0.0000e+00
        854 205.492167    0.05924     3.5542    213.250     92.380  50131.251    31.6032     7.8815     91.495    6.76568     7.8725    24.6253   12.18455 5.4288e-02 0.0000e+00
        855 205.492170    0.05931     3.5583    213.500     92.389  50131.746    31.6035     7.8813     91.504    6.76570     7.8726    24.6255   12.18458 5.4275e-02 0.0000e+00
        856 205.492173    0.05937     3.5625    213.750     92.369  50132.215    31.6038     7.8813     91.484    6.76570     7.8728    24.6258   12.18457 5.4273e-02 0.0000e+00
        857 205.492176    0.05944     3.5667    214.000     92.330  50132.565    31.6041     7.8813     91.446    6.76567     7.8731    24.6260   12.18453 5.4276e-02 0.0000e+00
        858 205.492179    0.05951     3.5708    214.250     92.290  50132.588    31.6042     7.8816     91.407    6.76564     7.8733    24.6260   12.18446 5.4282e-02 0.0000e+00
        859 205.492182    0.05958     3.5750    214.500     92.268  50132.161    31.6039     7.8818     91.385    6.76561     7.8733    24.6258   12.18442 5.4289e-02 0.0000e+00
        860 205.492185    0.05965     3.5792    214.750     92.273  50131.478    31.6035     7.8820     91.390    6.76560     7.8731    24.6254   12.18441 5.4294e-02 0.0000e+00
        861 205.492188    0.05972     3.5833    215.000     92.302  50130.972    31.6031     7.8820     91.419    6.76562     7.8728    24.6251   12.18444 5.4299e-02 0.0000e+00
        862 205.492190    0.05979     3.5875    215.250     92.344  50130.910    31.6030     7.8818     91.461    6.76565     7.8726    24.6251   12.18450 5.4302e-02 0.0000e+00
        863 205.492193    0.05986     3.5917    215.500     92.384  50131.183    31.6031     7.8815     91.500    6.76568     7.8724    24.6252   12.18456 5.4301e-02 0.0000e+00
        864 205.492196    0.05993     3.5958    215.750     92.409  50131.577    31.6033     7.8813     91.525    6.76571     7.8724    24.6254   12.18460 5.4297e-02 0.0000e+00
        865 205.492199    0.06000     3.6000    216.000     92.415  50131.994    31.6036     7.8812     91.530    6.76572     7.8726    24.6256   12.18461 5.4295e-02 0.0000e+00
        866 205.492202    0.06007     3.6042    216.250     92.403  50132.369    31.6039     7.8812     91.518    6.76571     7.8729    24.6258   12.18459 5.4294e-02 0.0000e+00
        867 205.492205    0.06014     3.6083    216.500     92.381  50132.530    31.6040     7.8814     91.497    6.76568     7.8731    24.6259   12.18453 5.4289e-02 0.0000e+00
        868 205.492208    0.06021     3.6125    216.750     92.360  50132.276    31.6039     7.8816     91.476    6.76564     7.8730    24.6258   12.18448 5.4277e-02 0.0000e+00
        869 205.492211    0.06028     3.6167    217.000     92.348  50131.555    31.6034     7.8818     91.464    6.76563     7.8727    24.6254   12.18447 5.4264e-02 0.0000e+00
        870 205.492214    0.06035     3.6208    217.250     92.347  50130.508    31.6027     7.8818     91.463    6.76567     7.8719    24.6248   12.18454 5.4251e-02 0.0000e+00
        871 205.492216    0.06042     3.6250    217.500     92.356  50129.582    31.6020     7.8814     91.471    6.76576     7.8709    24.6243   12.18469 5.4240e-02 0.0000e+00
        872 205.492219    0.06049     3.6292    217.750     92.369  50129.238    31.6016     7.8807     91.484    6.76589     7.8699    24.6241   12.18491 5.4237e-02 0.0000e+00
        873 205.492222    0.06056     3.6333    218.000     92.380  50129.575    31.6017     7.8797     91.496    6.76604     7.8692    24.6243   12.18516 5.4236e-02 0.0000e+00
        874 205.492225    0.06062     3.6375    218.250     92.387  50130.498    31.6022     7.8787     91.503    6.76617     7.8687    24.6248   12.18537 5.4230e-02 0.0000e+00
        875 205.492228    0.06069     3.6417    218.500     92.390  50131.692    31.6029     7.8779     91.505    6.76626     7.8686    24.6255   12.18551 5.4224e-02 0.0000e+00
        876 205.492231    0.06076     3.6458    218.750     92.393  50132.604    31.6035     7.8775     91.508    6.76630     7.8686    24.6260   12.18557 5.4220e-02 0.0000e+00
        877 205.492234    0.06083     3.6500    219.000     92.402  50132.785    31.6036     7.8774     91.517    6.76631     7.8685    24.6261   12.18559 5.4214e-02 0.0000e+00
        878 205.492237    0.06090     3.6542    219.250     92.424  50132.272    31.6032     7.8774     91.539    6.76633     7.8681    24.6258   12.18562 5.4200e-02 0.0000e+00
        879 205.492240    0.06097     3.6583    219.500     92.456  50131.748    31.6028     7.8772     91.571    6.76636     7.8678    24.6255   12.18568 5.4181e-02 0.0000e+00
        880 205.492242    0.06104     3.6625    219.750     92.492  50131.955    31.6029     7.8769     91.606    6.76641     7.8677    24.6257   12.18576 5.4163e-02 0.0000e+00
        881 205.492245    0.06111     3.6667    220.000     92.519  50132.776    31.6034     7.8766     91.633    6.76644     7.8678    24.6261   12.18581 5.4148e-02 0.0000e+00
        882 205.492248    0.06118     3.6708    220.250     92.528  50133.512    31.6039     7.8764     91.642    6.76644     7.8681    24.6265   12.18579 5.4138e-02 0.0000e+00
        883 205.492251    0.06125     3.6750    220.500     92.516  50133.922    31.6042     7.8765     91.630    6.76641     7.8686    24.6267   12.18573 5.4145e-02 0.0000e+00
        884 205.492254    0.06132     3.6792    220.750     92.488  50134.167    31.6044     7.8768     91.602    6.76635     7.8691    24.6268   12.18564 5.4157e-02 0.0000e+00
        885 205.492257    0.06139     3.6833    221.000     92.460  50134.211    31.6045     7.8773     91.574    6.76628     7.8695    24.6269   12.18552 5.4160e-02 0.0000e+00
        886 205.492260    0.06146     3.6875    221.250     92.448  50133.812    31.6043     7.8778     91.563    6.76621     7.8696    24.6266   12.18542 5.4157e-02 0.0000e+00
        887 205.492263    0.06153     3.6917    221.500     92.463  50133.026    31.6038     7.8782     91.577    6.76617     7.8696    24.6262   12.18535 5.4156e-02 0.0000e+00
        888 205.492266    0.06160     3.6958    221.750     92.503  50132.331    31.6034     7.8783     91.618    6.76617     7.8694    24.6258   12.18535 5.4153e-02 0.0000e+00
        889 205.492269    0.06167     3.7000    222.000     92.557  50132.087    31.6031     7.8783     91.672    6.76619     7.8692    24.6257   12.18538 5.4147e-02 0.0000e+00
        890 205.492271    0.06174     3.7042    222.250     92.607  50132.242    31.6032     7.8781     91.721    6.76621     7.8691    24.6257   12.18542 5.4140e-02 0.0000e+00
        891 205.492274    0.06181     3.7083    222.500     92.638  50132.580    31.6034     7.8779     91.752    6.76623     7.8692    24.6259   12.18545 5.4132e-02 0.0000e+00
        892 205.492277    0.06187     3.7125    222.750     92.645  50132.947    31.6036     7.8779     91.758    6.76623     7.8694    24.6261   12.18545 5.4124e-02 0.0000e+00
        893 205.492280    0.06194     3.7167    223.000     92.631  50133.261    31.6039     7.8779     91.744    6.76621     7.8696    24.6263   12.18542 5.4116e-02 0.0000e+00
        894 205.492283    0.06201     3.7208    223.250     92.612  50133.397    31.6040     7.8781     91.725    6.76618     7.8698    24.6263   12.18536 5.4108e-02 0.0000e+00
        895 205.492286    0.06208     3.7250    223.500     92.600  50133.187    31.6039     7.8784     91.713    6.76614     7.8698    24.6262   12.18530 5.4106e-02 0.0000e+00
        896 205.492289    0.06215     3.7292    223.750     92.603  50132.662    31.6036     7.8786     91.716    6.76613     7.8697    24.6259   12.18528 5.4109e-02 0.0000e+00
        897 205.492292    0.06222     3.7333    224.000     92.618  50132.129    31.6032     7.8786     91.731    6.76614     7.8695    24.6256   12.18530 5.4111e-02 0.0000e+00
        898 205.492295    0.06229     3.7375    224.250     92.639  50131.922    31.6031     7.8784     91.752    6.76617     7.8693    24.6255   12.18535 5.4110e-02 0.0000e+00
        899 205.492297    0.06236     3.7417    224.500     92.658  50132.123    31.6032     7.8782     91.771    6.76620     7.8692    24.6257   12.18541 5.4109e-02 0.0000e+00
        900 205.492300    0.06243     3.7458    224.750     92.670  50132.560    31.6034     7.8780     91.783    6.76621     7.8693    24.6259   12.18543 5.4106e-02 0.0000e+00
        901 205.492303    0.06250     3.7500    225.000     92.675  50133.013    31.6037     7.8780     91.788    6.76621     7.8696    24.6261   12.18542 5.4101e-02 0.0000e+00
        902 205.492306    0.06257     3.7542    225.250     92.677  50133.289    31.6040     7.8781     91.790    6.76618     7.8698    24.6263   12.18537 5.4092e-02 0.0000e+00
        903 205.492309    0.06264     3.7583    225.500     92.680  50133.211    31.6039     7.8783     91.793    6.76615     7.8699    24.6262   12.18531 5.4081e-02 0.0000e+00
