CTD-processing/allCTD/CNV--turbid/2018_07-18_alongbay_skb09_cast163.cnv
* Sea-Bird SBE19plus Data File:
* FileName = C:\Users\Kim.Powell\Desktop\Not Processed\2018\2018_07-18_AlongBay,T6,T7_5028\2018_07-18_TRANSECT_STATION_cast163.hex
* Software Version 1.59
* Temperature SN =  5028
* Conductivity SN =  5028
* System UpLoad Time = Jul 19 2018 13:34:57
** 2018_07-18
** Station: KB09
** Start Time: 15:44
** Depth (m): 66.4
** Comment:
** Comment:
# nquan = 16
# nvalues = 801                         
# units = specified
# name 0 = scan: Scan Count
# name 1 = timeJ: Julian Days
# name 2 = timeH: Time, Elapsed [hours]
# name 3 = timeM: Time, Elapsed [minutes]
# name 4 = timeS: Time, Elapsed [seconds]
# name 5 = prdM: Pressure, Strain Gauge [db]
# name 6 = specc: Specific Conductance [uS/cm]
# name 7 = sal00: Salinity, Practical [PSU]
# name 8 = tv290C: Temperature [ITS-90, deg C]
# name 9 = depSM: Depth [salt water, m], lat = 59.00
# name 10 = oxsolML/L: Oxygen Saturation, Garcia & Gordon [ml/l]
# name 11 = potemp090C: Potential Temperature [ITS-90, deg C]
# name 12 = sigma-é00: Density [sigma-theta, kg/m^3]
# name 13 = n2satML/L: Nitrogen Saturation [ml/l]
# name 14 = par: PAR/Irradiance, Biospherical/Licor
# name 15 = flag:  0.000e+00
# span 0 =          1,        801       
# span 1 = 199.656285, 199.658600       
# span 2 =    0.00000,    0.05556       
# span 3 =     0.0000,     3.3333       
# span 4 =      0.000,    200.000       
# span 5 =     -0.009,     61.923       
# span 6 =    884.998,  50005.767       
# span 7 =     0.4319,    31.5215       
# span 8 =     7.8248,    11.9198       
# span 9 =     -0.009,     61.335       
# span 10 =    6.37904,    7.57043      
# span 11 =     7.8190,    11.9198      
# span 12 =    -0.1532,    24.5675      
# span 13 =   11.58929,   13.93961      
# span 14 = 5.9031e-02, 1.6930e+03      
# span 15 = 0.0000e+00, 0.0000e+00      
# interval = seconds: 0.25
# start_time = Jul 18 2018 15:45:03 [Instrument's time stamp, header]
# bad_flag = -9.990e-29
*END*
[from data line 633]
        634 199.658116    0.04396     2.6375    158.250     23.398  49594.863    31.3512     8.4781     23.178    6.68607     8.4694    24.3409   12.05592 1.1991e+00 0.0000e+00
        635 199.658119    0.04403     2.6417    158.500     23.608  49598.322    31.3531     8.4747     23.386    6.68649     8.4667    24.3428   12.05660 1.1619e+00 0.0000e+00
        636 199.658122    0.04410     2.6458    158.750     23.825  49601.080    31.3545     8.4718     23.601    6.68687     8.4643    24.3443   12.05722 1.1247e+00 0.0000e+00
        637 199.658125    0.04417     2.6500    159.000     24.053  49603.540    31.3557     8.4691     23.827    6.68722     8.4620    24.3457   12.05778 1.0869e+00 0.0000e+00
        638 199.658128    0.04424     2.6542    159.250     24.292  49605.846    31.3569     8.4667     24.063    6.68754     8.4600    24.3470   12.05830 1.0492e+00 0.0000e+00
        639 199.658131    0.04431     2.6583    159.500     24.537  49608.013    31.3580     8.4644     24.306    6.68783     8.4580    24.3481   12.05876 1.0122e+00 0.0000e+00
        640 199.658134    0.04437     2.6625    159.750     24.783  49609.952    31.3589     8.4624     24.550    6.68809     8.4559    24.3492   12.05920 9.7668e-01 0.0000e+00
        641 199.658137    0.04444     2.6667    160.000     25.026  49611.622    31.3596     8.4604     24.791    6.68836     8.4538    24.3501   12.05962 9.4314e-01 0.0000e+00
        642 199.658139    0.04451     2.6708    160.250     25.264  49613.146    31.3603     8.4584     25.027    6.68863     8.4514    24.3509   12.06006 9.1170e-01 0.0000e+00
        643 199.658142    0.04458     2.6750    160.500     25.496  49614.596    31.3609     8.4563     25.257    6.68892     8.4487    24.3516   12.06054 8.8225e-01 0.0000e+00
        644 199.658145    0.04465     2.6792    160.750     25.722  49615.776    31.3613     8.4540     25.480    6.68926     8.4451    24.3523   12.06109 8.5446e-01 0.0000e+00
        645 199.658148    0.04472     2.6833    161.000     25.944  49616.368    31.3612     8.4512     25.700    6.68967     8.4400    24.3526   12.06178 8.2789e-01 0.0000e+00
        646 199.658151    0.04479     2.6875    161.250     26.164  49616.094    31.3604     8.4477     25.918    6.69024     8.4322    24.3525   12.06273 8.0203e-01 0.0000e+00
        647 199.658154    0.04486     2.6917    161.500     26.388  49614.647    31.3585     8.4426     26.140    6.69109     8.4200    24.3518   12.06416 7.7643e-01 0.0000e+00
        648 199.658157    0.04493     2.6958    161.750     26.620  49611.660    31.3551     8.4348     26.369    6.69241     8.4020    24.3503   12.06638 7.5076e-01 0.0000e+00
        649 199.658160    0.04500     2.7000    162.000     26.859  49608.559    31.3510     8.4226     26.606    6.69442     8.3790    24.3488   12.06976 7.2508e-01 0.0000e+00
        650 199.658163    0.04507     2.7042    162.250     27.103  49611.186    31.3500     8.4046     26.848    6.69718     8.3549    24.3507   12.07433 6.9993e-01 0.0000e+00
        651 199.658166    0.04514     2.7083    162.500     27.341  49624.116    31.3555     8.3817     27.084    6.70040     8.3331    24.3584   12.07959 6.7626e-01 0.0000e+00
        652 199.658168    0.04521     2.7125    162.750     27.566  49643.791    31.3655     8.3576     27.307    6.70361     8.3149    24.3697   12.08477 6.5465e-01 0.0000e+00
        653 199.658171    0.04528     2.7167    163.000     27.776  49663.608    31.3760     8.3357     27.514    6.70645     8.3002    24.3811   12.08935 6.3489e-01 0.0000e+00
        654 199.658174    0.04535     2.7208    163.250     27.974  49679.842    31.3845     8.3176     27.711    6.70882     8.2880    24.3904   12.09317 6.1622e-01 0.0000e+00
        655 199.658177    0.04542     2.7250    163.500     28.170  49691.805    31.3906     8.3029     27.905    6.71078     8.2775    24.3973   12.09634 5.9755e-01 0.0000e+00
        656 199.658180    0.04549     2.7292    163.750     28.376  49700.410    31.3947     8.2907     28.108    6.71244     8.2681    24.4023   12.09903 5.7793e-01 0.0000e+00
        657 199.658183    0.04556     2.7333    164.000     28.597  49706.719    31.3974     8.2803     28.328    6.71390     8.2593    24.4059   12.10141 5.5720e-01 0.0000e+00
        658 199.658186    0.04562     2.7375    164.250     28.834  49711.604    31.3993     8.2709     28.562    6.71524     8.2506    24.4088   12.10361 5.3601e-01 0.0000e+00
        659 199.658189    0.04569     2.7417    164.500     29.077  49715.382    31.4005     8.2621     28.803    6.71652     8.2415    24.4110   12.10571 5.1526e-01 0.0000e+00
        660 199.658192    0.04576     2.7458    164.750     29.315  49717.719    31.4007     8.2534     29.039    6.71782     8.2311    24.4124   12.10787 4.9579e-01 0.0000e+00
        661 199.658194    0.04583     2.7500    165.000     29.542  49718.572    31.3998     8.2443     29.264    6.71925     8.2192    24.4130   12.11024 4.7802e-01 0.0000e+00
        662 199.658197    0.04590     2.7542    165.250     29.756  49719.065    31.3984     8.2340     29.476    6.72087     8.2060    24.4135   12.11295 4.6165e-01 0.0000e+00
        663 199.658200    0.04597     2.7583    165.500     29.963  49720.993    31.3978     8.2221     29.681    6.72271     8.1922    24.4148   12.11599 4.4593e-01 0.0000e+00
        664 199.658203    0.04604     2.7625    165.750     30.173  49725.141    31.3986     8.2089     29.889    6.72468     8.1783    24.4173   12.11924 4.3008e-01 0.0000e+00
        665 199.658206    0.04611     2.7667    166.000     30.395  49730.334    31.4001     8.1951     30.108    6.72670     8.1646    24.4204   12.12257 4.1352e-01 0.0000e+00
        666 199.658209    0.04618     2.7708    166.250     30.631  49735.981    31.4018     8.1813     30.342    6.72874     8.1518    24.4237   12.12591 3.9623e-01 0.0000e+00
        667 199.658212    0.04625     2.7750    166.500     30.879  49743.665    31.4049     8.1676     30.588    6.73068     8.1411    24.4282   12.12909 3.7863e-01 0.0000e+00
        668 199.658215    0.04632     2.7792    166.750     31.129  49753.916    31.4100     8.1548     30.835    6.73240     8.1327    24.4340   12.13187 3.6141e-01 0.0000e+00
        669 199.658218    0.04639     2.7833    167.000     31.372  49764.626    31.4158     8.1441     31.076    6.73378     8.1263    24.4400   12.13409 3.4520e-01 0.0000e+00
        670 199.658220    0.04646     2.7875    167.250     31.603  49773.208    31.4204     8.1357     31.306    6.73485     8.1211    24.4448   12.13580 3.3019e-01 0.0000e+00
        671 199.658223    0.04653     2.7917    167.500     31.826  49779.256    31.4235     8.1293     31.526    6.73569     8.1169    24.4482   12.13715 3.1615e-01 0.0000e+00
        672 199.658226    0.04660     2.7958    167.750     32.045  49784.013    31.4259     8.1242     31.743    6.73637     8.1136    24.4509   12.13824 3.0265e-01 0.0000e+00
        673 199.658229    0.04667     2.8000    168.000     32.270  49788.010    31.4280     8.1200     31.965    6.73691     8.1109    24.4531   12.13911 2.8940e-01 0.0000e+00
        674 199.658232    0.04674     2.8042    168.250     32.502  49791.256    31.4296     8.1166     32.196    6.73734     8.1087    24.4548   12.13981 2.7635e-01 0.0000e+00
        675 199.658235    0.04681     2.8083    168.500     32.742  49794.200    31.4311     8.1140     32.433    6.73768     8.1073    24.4564   12.14036 2.6363e-01 0.0000e+00
        676 199.658238    0.04688     2.8125    168.750     32.985  49797.577    31.4330     8.1119     32.674    6.73792     8.1068    24.4582   12.14072 2.5147e-01 0.0000e+00
        677 199.658241    0.04694     2.8167    169.000     33.226  49801.899    31.4357     8.1105     32.912    6.73802     8.1074    24.4605   12.14085 2.4004e-01 0.0000e+00
        678 199.658244    0.04701     2.8208    169.250     33.464  49807.119    31.4392     8.1100     33.148    6.73794     8.1091    24.4633   12.14069 2.2941e-01 0.0000e+00
        679 199.658247    0.04708     2.8250    169.500     33.699  49811.907    31.4426     8.1106     33.381    6.73770     8.1112    24.4659   12.14025 2.1951e-01 0.0000e+00
        680 199.658249    0.04715     2.8292    169.750     33.935  49814.276    31.4444     8.1123     33.615    6.73736     8.1130    24.4670   12.13966 2.1017e-01 0.0000e+00
        681 199.658252    0.04722     2.8333    170.000     34.175  49813.877    31.4443     8.1145     33.853    6.73704     8.1140    24.4667   12.13912 2.0125e-01 0.0000e+00
        682 199.658255    0.04729     2.8375    170.250     34.421  49812.005    31.4432     8.1163     34.096    6.73681     8.1141    24.4656   12.13876 1.9274e-01 0.0000e+00
        683 199.658258    0.04736     2.8417    170.500     34.671  49809.968    31.4418     8.1173     34.344    6.73671     8.1135    24.4644   12.13862 1.8470e-01 0.0000e+00
        684 199.658261    0.04743     2.8458    170.750     34.923  49808.453    31.4407     8.1175     34.593    6.73674     8.1123    24.4634   12.13868 1.7718e-01 0.0000e+00
        685 199.658264    0.04750     2.8500    171.000     35.172  49807.991    31.4401     8.1168     34.840    6.73686     8.1111    24.4631   12.13888 1.7021e-01 0.0000e+00
        686 199.658267    0.04757     2.8542    171.250     35.416  49809.767    31.4411     8.1157     35.082    6.73699     8.1109    24.4640   12.13908 1.6375e-01 0.0000e+00
        687 199.658270    0.04764     2.8583    171.500     35.657  49815.282    31.4447     8.1145     35.321    6.73701     8.1125    24.4670   12.13907 1.5772e-01 0.0000e+00
        688 199.658273    0.04771     2.8625    171.750     35.897  49824.903    31.4512     8.1143     35.559    6.73676     8.1166    24.4722   12.13858 1.5203e-01 0.0000e+00
        689 199.658275    0.04778     2.8667    172.000     36.139  49836.500    31.4595     8.1160     35.798    6.73614     8.1225    24.4784   12.13745 1.4664e-01 0.0000e+00
        690 199.658278    0.04785     2.8708    172.250     36.383  49845.922    31.4666     8.1200     36.040    6.73520     8.1289    24.4834   12.13582 1.4159e-01 0.0000e+00
        691 199.658281    0.04792     2.8750    172.500     36.627  49850.338    31.4705     8.1260     36.282    6.73413     8.1348    24.4856   12.13399 1.3696e-01 0.0000e+00
        692 199.658284    0.04799     2.8792    172.750     36.872  49850.866    31.4718     8.1325     36.524    6.73309     8.1396    24.4857   12.13225 1.3278e-01 0.0000e+00
        693 199.658287    0.04806     2.8833    173.000     37.116  49850.473    31.4723     8.1383     36.765    6.73217     8.1435    24.4853   12.13073 1.2902e-01 0.0000e+00
        694 199.658290    0.04813     2.8875    173.250     37.359  49850.413    31.4729     8.1432     37.007    6.73141     8.1465    24.4851   12.12945 1.2560e-01 0.0000e+00
        695 199.658293    0.04819     2.8917    173.500     37.604  49850.208    31.4733     8.1471     37.249    6.73079     8.1483    24.4848   12.12843 1.2247e-01 0.0000e+00
        696 199.658296    0.04826     2.8958    173.750     37.850  49848.872    31.4727     8.1502     37.492    6.73036     8.1480    24.4839   12.12772 1.1960e-01 0.0000e+00
        697 199.658299    0.04833     2.9000    174.000     38.093  49845.161    31.4703     8.1519     37.734    6.73020     8.1449    24.4818   12.12748 1.1696e-01 0.0000e+00
        698 199.658302    0.04840     2.9042    174.250     38.333  49838.758    31.4657     8.1517     37.972    6.73043     8.1383    24.4782   12.12793 1.1451e-01 0.0000e+00
        699 199.658304    0.04847     2.9083    174.500     38.569  49830.931    31.4596     8.1486     38.205    6.73116     8.1283    24.4739   12.12922 1.1223e-01 0.0000e+00
        700 199.658307    0.04854     2.9125    174.750     38.803  49824.264    31.4538     8.1420     38.437    6.73242     8.1161    24.4703   12.13137 1.1008e-01 0.0000e+00
        701 199.658310    0.04861     2.9167    175.000     39.040  49821.885    31.4505     8.1321     38.671    6.73408     8.1033    24.4691   12.13416 1.0799e-01 0.0000e+00
        702 199.658313    0.04868     2.9208    175.250     39.283  49825.368    31.4509     8.1198     38.912    6.73593     8.0915    24.4712   12.13721 1.0591e-01 0.0000e+00
        703 199.658316    0.04875     2.9250    175.500     39.534  49833.746    31.4547     8.1070     39.161    6.73772     8.0816    24.4759   12.14012 1.0381e-01 0.0000e+00
        704 199.658319    0.04882     2.9292    175.750     39.791  49844.373    31.4601     8.0952     39.415    6.73927     8.0736    24.4819   12.14263 1.0172e-01 0.0000e+00
        705 199.658322    0.04889     2.9333    176.000     40.047  49854.743    31.4657     8.0854     39.668    6.74053     8.0671    24.4878   12.14465 9.9714e-02 0.0000e+00
        706 199.658325    0.04896     2.9375    176.250     40.295  49863.413    31.4705     8.0775     39.914    6.74153     8.0610    24.4926   12.14624 9.7840e-02 0.0000e+00
        707 199.658328    0.04903     2.9417    176.500     40.534  49868.912    31.4732     8.0710     40.151    6.74240     8.0538    24.4956   12.14764 9.6114e-02 0.0000e+00
        708 199.658330    0.04910     2.9458    176.750     40.765  49869.338    31.4724     8.0650     40.379    6.74336     8.0437    24.4959   12.14924 9.4509e-02 0.0000e+00
        709 199.658333    0.04917     2.9500    177.000     40.991  49865.005    31.4682     8.0577     40.604    6.74465     8.0310    24.4936   12.15143 9.2994e-02 0.0000e+00
        710 199.658336    0.04924     2.9542    177.250     41.218  49861.476    31.4640     8.0476     40.829    6.74637     8.0175    24.4918   12.15433 9.1530e-02 0.0000e+00
        711 199.658339    0.04931     2.9583    177.500     41.450  49863.903    31.4636     8.0349     41.059    6.74833     8.0052    24.4933   12.15757 9.0082e-02 0.0000e+00
        712 199.658342    0.04938     2.9625    177.750     41.687  49870.973    31.4663     8.0215     41.293    6.75027     7.9947    24.4973   12.16074 8.8639e-02 0.0000e+00
        713 199.658345    0.04944     2.9667    178.000     41.929  49879.342    31.4701     8.0092     41.532    6.75199     7.9861    24.5020   12.16353 8.7199e-02 0.0000e+00
        714 199.658348    0.04951     2.9708    178.250     42.173  49886.708    31.4735     7.9987     41.775    6.75343     7.9790    24.5062   12.16589 8.5777e-02 0.0000e+00
        715 199.658351    0.04958     2.9750    178.500     42.417  49892.302    31.4760     7.9902     42.017    6.75464     7.9731    24.5093   12.16785 8.4405e-02 0.0000e+00
        716 199.658354    0.04965     2.9792    178.750     42.660  49897.047    31.4781     7.9831     42.257    6.75563     7.9683    24.5120   12.16947 8.3104e-02 0.0000e+00
        717 199.658356    0.04972     2.9833    179.000     42.899  49901.521    31.4801     7.9772     42.494    6.75644     7.9645    24.5145   12.17078 8.1870e-02 0.0000e+00
        718 199.658359    0.04979     2.9875    179.250     43.136  49905.750    31.4822     7.9724     42.729    6.75709     7.9618    24.5168   12.17182 8.0698e-02 0.0000e+00
        719 199.658362    0.04986     2.9917    179.500     43.371  49909.602    31.4842     7.9686     42.961    6.75757     7.9598    24.5189   12.17260 7.9584e-02 0.0000e+00
        720 199.658365    0.04993     2.9958    179.750     43.604  49912.819    31.4859     7.9659     43.192    6.75792     7.9585    24.5207   12.17315 7.8525e-02 0.0000e+00
        721 199.658368    0.05000     3.0000    180.000     43.837  49915.280    31.4872     7.9639     43.423    6.75816     7.9576    24.5220   12.17354 7.7523e-02 0.0000e+00
        722 199.658371    0.05007     3.0042    180.250     44.072  49917.044    31.4882     7.9626     43.655    6.75832     7.9570    24.5229   12.17379 7.6576e-02 0.0000e+00
        723 199.658374    0.05014     3.0083    180.500     44.309  49918.228    31.4887     7.9618     43.890    6.75843     7.9566    24.5234   12.17396 7.5675e-02 0.0000e+00
