CTD-processing/allCTD/CNV--turbid/2018_04-23_t4_s03_cast062.cnv
* Sea-Bird SBE19plus Data File:
* FileName = C:\Users\Kim.Powell\Desktop\Not Processed\2018\2018_04-23_AlongBay, T4, T9_5028\2018_04-23_TRANSECT_STATION_cast062.hex
* Software Version 1.59
* Temperature SN =  5028
* Conductivity SN =  5028
* System UpLoad Time = Apr 24 2018 09:53:30
** 2018_04-24
** Station: 4-03
** Start Time: 13:47
** Depth (m): 108
** Comment:
** Comment:
# nquan = 16
# nvalues = 756                         
# units = specified
# name 0 = scan: Scan Count
# name 1 = timeJ: Julian Days
# name 2 = timeH: Time, Elapsed [hours]
# name 3 = timeM: Time, Elapsed [minutes]
# name 4 = timeS: Time, Elapsed [seconds]
# name 5 = prdM: Pressure, Strain Gauge [db]
# name 6 = specc: Specific Conductance [uS/cm]
# name 7 = sal00: Salinity, Practical [PSU]
# name 8 = tv290C: Temperature [ITS-90, deg C]
# name 9 = depSM: Depth [salt water, m], lat = 59.00
# name 10 = oxsolML/L: Oxygen Saturation, Garcia & Gordon [ml/l]
# name 11 = potemp090C: Potential Temperature [ITS-90, deg C]
# name 12 = sigma-é00: Density [sigma-theta, kg/m^3]
# name 13 = n2satML/L: Nitrogen Saturation [ml/l]
# name 14 = par: PAR/Irradiance, Biospherical/Licor
# name 15 = flag:  0.000e+00
# span 0 =          1,        756       
# span 1 = 113.574421, 113.576606       
# span 2 =    0.00000,    0.05243       
# span 3 =     0.0000,     3.1458       
# span 4 =      0.000,    188.750       
# span 5 =      0.113,    105.485       
# span 6 =  44041.044,  51478.315       
# span 7 =    27.1470,    32.0511       
# span 8 =     4.4985,     5.8962       
# span 9 =      0.111,    104.472       
# span 10 =    7.15529,    7.31441      
# span 11 =     4.4917,     5.6026      
# span 12 =    21.3688,    25.3306      
# span 13 =   12.82585,   13.12126      
# span 14 = 3.7976e-02, 3.0513e+02      
# span 15 = 0.0000e+00, 0.0000e+00      
# interval = seconds: 0.25
# start_time = Apr 23 2018 13:47:10 [Instrument's time stamp, header]
# bad_flag = -9.990e-29
*END*
[from data line 91]
         92 113.574685    0.00632     0.3792     22.750      0.704  51386.222    31.9995     5.1222      0.697    7.19568     5.1342    25.2837   12.89013 2.2348e+02 0.0000e+00
         93 113.574688    0.00639     0.3833     23.000      0.704  51353.260    31.9785     5.1299      0.698    7.19537     5.1351    25.2662   12.88989 2.2354e+02 0.0000e+00
         94 113.574690    0.00646     0.3875     23.250      0.707  51331.473    31.9644     5.1343      0.700    7.19530     5.1341    25.2546   12.88995 2.2414e+02 0.0000e+00
         95 113.574693    0.00653     0.3917     23.500      0.710  51328.941    31.9629     5.1352      0.703    7.19521     5.1332    25.2533   12.88983 2.2420e+02 0.0000e+00
         96 113.574696    0.00660     0.3958     23.750      0.711  51343.543    31.9727     5.1341      0.704    7.19493     5.1338    25.2612   12.88923 2.2380e+02 0.0000e+00
         97 113.574699    0.00667     0.4000     24.000      0.709  51362.688    31.9857     5.1332      0.702    7.19446     5.1362    25.2716   12.88829 2.2333e+02 0.0000e+00
         98 113.574702    0.00674     0.4042     24.250      0.706  51372.974    31.9929     5.1338      0.699    7.19401     5.1396    25.2772   12.88746 2.2278e+02 0.0000e+00
         99 113.574705    0.00681     0.4083     24.500      0.703  51367.550    31.9897     5.1362      0.696    7.19375     5.1427    25.2744   12.88708 2.2262e+02 0.0000e+00
        100 113.574708    0.00688     0.4125     24.750      0.703  51348.590    31.9774     5.1397      0.696    7.19375     5.1440    25.2643   12.88723 2.2293e+02 0.0000e+00
        101 113.574711    0.00694     0.4167     25.000      0.705  51327.458    31.9635     5.1427      0.698    7.19389     5.1430    25.2529   12.88765 2.2315e+02 0.0000e+00
        102 113.574714    0.00701     0.4208     25.250      0.709  51317.786    31.9571     5.1440      0.702    7.19399     5.1405    25.2477   12.88788 2.2326e+02 0.0000e+00
        103 113.574716    0.00708     0.4250     25.500      0.710  51324.721    31.9617     5.1430      0.703    7.19393     5.1372    25.2514   12.88773 2.2330e+02 0.0000e+00
        104 113.574719    0.00715     0.4292     25.750      0.710  51340.896    31.9723     5.1406      0.703    7.19384     5.1331    25.2601   12.88745 2.2302e+02 0.0000e+00
        105 113.574722    0.00722     0.4333     26.000      0.708  51354.658    31.9810     5.1373      0.702    7.19398     5.1286    25.2674   12.88758 2.2309e+02 0.0000e+00
        106 113.574725    0.00729     0.4375     26.250      0.707  51359.630    31.9836     5.1332      0.701    7.19456     5.1241    25.2699   12.88849 2.2408e+02 0.0000e+00
        107 113.574728    0.00736     0.4417     26.500      0.708  51356.054    31.9801     5.1287      0.701    7.19550     5.1195    25.2677   12.89009 2.2497e+02 0.0000e+00
        108 113.574731    0.00743     0.4458     26.750      0.711  51349.959    31.9749     5.1241      0.704    7.19653     5.1151    25.2641   12.89186 2.2515e+02 0.0000e+00
        109 113.574734    0.00750     0.4500     27.000      0.714  51349.574    31.9737     5.1196      0.708    7.19738     5.1116    25.2636   12.89328 2.2514e+02 0.0000e+00
        110 113.574737    0.00757     0.4542     27.250      0.718  51358.715    31.9790     5.1151      0.711    7.19788     5.1095    25.2683   12.89404 2.2509e+02 0.0000e+00
        111 113.574740    0.00764     0.4583     27.500      0.720  51374.939    31.9894     5.1116      0.713    7.19799     5.1088    25.2769   12.89408 2.2495e+02 0.0000e+00
        112 113.574742    0.00771     0.4625     27.750      0.722  51392.904    32.0014     5.1096      0.715    7.19776     5.1089    25.2866   12.89356 2.2467e+02 0.0000e+00
        113 113.574745    0.00778     0.4667     28.000      0.724  51409.068    32.0123     5.1089      0.717    7.19736     5.1094    25.2954   12.89275 2.2399e+02 0.0000e+00
        114 113.574748    0.00785     0.4708     28.250      0.725  51423.413    32.0222     5.1090      0.718    7.19687     5.1106    25.3032   12.89181 2.2290e+02 0.0000e+00
        115 113.574751    0.00792     0.4750     28.500      0.725  51436.348    32.0313     5.1095      0.718    7.19634     5.1130    25.3103   12.89082 2.2190e+02 0.0000e+00
        116 113.574754    0.00799     0.4792     28.750      0.724  51446.095    32.0382     5.1107      0.717    7.19580     5.1175    25.3157   12.88984 2.2141e+02 0.0000e+00
        117 113.574757    0.00806     0.4833     29.000      0.721  51448.776    32.0406     5.1131      0.714    7.19527     5.1235    25.3173   12.88893 2.2148e+02 0.0000e+00
        118 113.574760    0.00813     0.4875     29.250      0.718  51439.167    32.0350     5.1176      0.711    7.19477     5.1289    25.3123   12.88818 2.2172e+02 0.0000e+00
        119 113.574763    0.00819     0.4917     29.500      0.717  51414.941    32.0196     5.1236      0.710    7.19448     5.1315    25.2994   12.88789 2.2185e+02 0.0000e+00
        120 113.574766    0.00826     0.4958     29.750      0.720  51381.987    31.9981     5.1290      0.713    7.19459     5.1313    25.2818   12.88836 2.2199e+02 0.0000e+00
        121 113.574769    0.00833     0.5000     30.000      0.727  51352.961    31.9786     5.1316      0.720    7.19507     5.1299    25.2662   12.88941 2.2228e+02 0.0000e+00
        122 113.574771    0.00840     0.5042     30.250      0.736  51340.533    31.9700     5.1314      0.729    7.19553     5.1300    25.2594   12.89027 2.2295e+02 0.0000e+00
        123 113.574774    0.00847     0.5083     30.500      0.742  51350.008    31.9762     5.1300      0.735    7.19546     5.1337    25.2644   12.89008 2.2411e+02 0.0000e+00
        124 113.574777    0.00854     0.5125     30.750      0.742  51372.971    31.9921     5.1301      0.735    7.19469     5.1431    25.2769   12.88860 2.2537e+02 0.0000e+00
        125 113.574780    0.00861     0.5167     31.000      0.737  51391.642    32.0057     5.1338      0.730    7.19339     5.1581    25.2873   12.88628 2.2631e+02 0.0000e+00
        126 113.574783    0.00868     0.5208     31.250      0.730  51390.864    32.0072     5.1431      0.723    7.19172     5.1752    25.2875   12.88351 2.2692e+02 0.0000e+00
        127 113.574786    0.00875     0.5250     31.500      0.724  51364.537    31.9923     5.1581      0.717    7.18986     5.1895    25.2740   12.88063 2.2716e+02 0.0000e+00
        128 113.574789    0.00882     0.5292     31.750      0.723  51320.401    31.9656     5.1753      0.716    7.18821     5.1988    25.2510   12.87824 2.2678e+02 0.0000e+00
        129 113.574792    0.00889     0.5333     32.000      0.727  51277.222    31.9389     5.1896      0.720    7.18704     5.2040    25.2283   12.87665 2.2630e+02 0.0000e+00
        130 113.574795    0.00896     0.5375     32.250      0.734  51252.120    31.9236     5.1988      0.727    7.18619     5.2075    25.2151   12.87544 2.2639e+02 0.0000e+00
        131 113.574797    0.00903     0.5417     32.500      0.740  51251.388    31.9242     5.2040      0.733    7.18527     5.2120    25.2150   12.87392 2.2662e+02 0.0000e+00
        132 113.574800    0.00910     0.5458     32.750      0.741  51267.054    31.9357     5.2075      0.734    7.18412     5.2198    25.2238   12.87186 2.2647e+02 0.0000e+00
        133 113.574803    0.00917     0.5500     33.000      0.737  51282.139    31.9471     5.2120      0.730    7.18280     5.2313    25.2323   12.86954 2.2598e+02 0.0000e+00
        134 113.574806    0.00924     0.5542     33.250      0.730  51281.808    31.9485     5.2198      0.723    7.18140     5.2438    25.2325   12.86721 2.2551e+02 0.0000e+00
        135 113.574809    0.00931     0.5583     33.500      0.725  51260.437    31.9362     5.2313      0.718    7.18002     5.2534    25.2215   12.86510 2.2526e+02 0.0000e+00
        136 113.574812    0.00937     0.5625     33.750      0.723  51225.302    31.9147     5.2438      0.716    7.17892     5.2585    25.2031   12.86356 2.2501e+02 0.0000e+00
        137 113.574815    0.00944     0.5667     34.000      0.726  51192.145    31.8939     5.2534      0.719    7.17828     5.2599    25.1855   12.86276 2.2494e+02 0.0000e+00
        138 113.574818    0.00951     0.5708     34.250      0.731  51173.391    31.8820     5.2585      0.724    7.17798     5.2593    25.1756   12.86242 2.2523e+02 0.0000e+00
        139 113.574821    0.00958     0.5750     34.500      0.735  51172.565    31.8818     5.2599      0.728    7.17775     5.2583    25.1752   12.86204 2.2549e+02 0.0000e+00
        140 113.574823    0.00965     0.5792     34.750      0.736  51184.597    31.8899     5.2593      0.729    7.17746     5.2576    25.1818   12.86145 2.2553e+02 0.0000e+00
        141 113.574826    0.00972     0.5833     35.000      0.735  51199.897    31.9003     5.2584      0.728    7.17713     5.2576    25.1901   12.86078 2.2542e+02 0.0000e+00
        142 113.574829    0.00979     0.5875     35.250      0.733  51211.771    31.9084     5.2577      0.726    7.17685     5.2581    25.1965   12.86022 2.2542e+02 0.0000e+00
        143 113.574832    0.00986     0.5917     35.500      0.730  51218.336    31.9129     5.2576      0.723    7.17665     5.2590    25.2001   12.85982 2.2569e+02 0.0000e+00
        144 113.574835    0.00993     0.5958     35.750      0.729  51219.756    31.9139     5.2581      0.722    7.17651     5.2599    25.2009   12.85958 2.2590e+02 0.0000e+00
        145 113.574838    0.01000     0.6000     36.000      0.729  51217.794    31.9127     5.2590      0.723    7.17642     5.2607    25.1998   12.85944 2.2591e+02 0.0000e+00
        146 113.574841    0.01007     0.6042     36.250      0.731  51215.313    31.9112     5.2599      0.724    7.17634     5.2613    25.1985   12.85932 2.2591e+02 0.0000e+00
        147 113.574844    0.01014     0.6083     36.500      0.733  51213.941    31.9104     5.2607      0.726    7.17624     5.2619    25.1978   12.85918 2.2579e+02 0.0000e+00
        148 113.574847    0.01021     0.6125     36.750      0.734  51213.073    31.9100     5.2613      0.727    7.17615     5.2623    25.1974   12.85904 2.2563e+02 0.0000e+00
        149 113.574850    0.01028     0.6167     37.000      0.735  51211.253    31.9089     5.2619      0.728    7.17611     5.2625    25.1964   12.85898 2.2598e+02 0.0000e+00
        150 113.574852    0.01035     0.6208     37.250      0.736  51208.688    31.9072     5.2624      0.729    7.17611     5.2623    25.1951   12.85900 2.2678e+02 0.0000e+00
        151 113.574855    0.01042     0.6250     37.500      0.736  51207.972    31.9067     5.2625      0.729    7.17611     5.2621    25.1947   12.85901 2.2697e+02 0.0000e+00
        152 113.574858    0.01049     0.6292     37.750      0.735  51211.485    31.9091     5.2623      0.728    7.17603     5.2622    25.1966   12.85884 2.2654e+02 0.0000e+00
        153 113.574861    0.01056     0.6333     38.000      0.734  51218.582    31.9140     5.2621      0.727    7.17583     5.2628    25.2005   12.85845 2.2648e+02 0.0000e+00
        154 113.574864    0.01063     0.6375     38.250      0.731  51226.042    31.9191     5.2623      0.724    7.17556     5.2638    25.2045   12.85794 2.2687e+02 0.0000e+00
        155 113.574867    0.01069     0.6417     38.500      0.730  51230.689    31.9225     5.2629      0.723    7.17529     5.2648    25.2071   12.85745 2.2738e+02 0.0000e+00
        156 113.574870    0.01076     0.6458     38.750      0.730  51230.915    31.9228     5.2638      0.723    7.17511     5.2655    25.2073   12.85715 2.2788e+02 0.0000e+00
        157 113.574873    0.01083     0.6500     39.000      0.732  51226.970    31.9203     5.2648      0.725    7.17506     5.2661    25.2052   12.85710 2.2824e+02 0.0000e+00
        158 113.574876    0.01090     0.6542     39.250      0.737  51220.929    31.9163     5.2656      0.730    7.17512     5.2666    25.2019   12.85725 2.2821e+02 0.0000e+00
        159 113.574878    0.01097     0.6583     39.500      0.743  51216.280    31.9132     5.2661      0.736    7.17518     5.2675    25.1994   12.85739 2.2768e+02 0.0000e+00
        160 113.574881    0.01104     0.6625     39.750      0.749  51216.496    31.9135     5.2666      0.742    7.17508     5.2696    25.1996   12.85723 2.2696e+02 0.0000e+00
        161 113.574884    0.01111     0.6667     40.000      0.752  51222.344    31.9177     5.2676      0.745    7.17471     5.2735    25.2028   12.85657 2.2665e+02 0.0000e+00
        162 113.574887    0.01118     0.6708     40.250      0.751  51230.315    31.9236     5.2697      0.744    7.17407     5.2801    25.2073   12.85543 2.2681e+02 0.0000e+00
        163 113.574890    0.01125     0.6750     40.500      0.746  51234.674    31.9275     5.2736      0.739    7.17322     5.2895    25.2099   12.85397 2.2691e+02 0.0000e+00
        164 113.574893    0.01132     0.6792     40.750      0.738  51230.354    31.9259     5.2802      0.731    7.17218     5.3006    25.2079   12.85227 2.2700e+02 0.0000e+00
        165 113.574896    0.01139     0.6833     41.000      0.729  51214.669    31.9171     5.2896      0.722    7.17099     5.3110    25.1999   12.85042 2.2745e+02 0.0000e+00
        166 113.574899    0.01146     0.6875     41.250      0.722  51188.983    31.9017     5.3007      0.715    7.16983     5.3186    25.1865   12.84869 2.2769e+02 0.0000e+00
        167 113.574902    0.01153     0.6917     41.500      0.720  51159.026    31.8833     5.3110      0.713    7.16894     5.3231    25.1707   12.84748 2.2738e+02 0.0000e+00
        168 113.574905    0.01160     0.6958     41.750      0.723  51132.355    31.8665     5.3186      0.716    7.16845     5.3251    25.1566   12.84688 2.2702e+02 0.0000e+00
        169 113.574907    0.01167     0.7000     42.000      0.730  51115.133    31.8556     5.3231      0.723    7.16821     5.3259    25.1474   12.84663 2.2683e+02 0.0000e+00
        170 113.574910    0.01174     0.7042     42.250      0.738  51110.595    31.8529     5.3252      0.731    7.16799     5.3265    25.1450   12.84630 2.2678e+02 0.0000e+00
        171 113.574913    0.01181     0.7083     42.500      0.743  51117.450    31.8577     5.3259      0.736    7.16763     5.3280    25.1488   12.84563 2.2675e+02 0.0000e+00
        172 113.574916    0.01188     0.7125     42.750      0.743  51129.564    31.8662     5.3266      0.736    7.16712     5.3313    25.1555   12.84467 2.2656e+02 0.0000e+00
        173 113.574919    0.01194     0.7167     43.000      0.739  51138.771    31.8729     5.3281      0.733    7.16654     5.3363    25.1606   12.84363 2.2664e+02 0.0000e+00
        174 113.574922    0.01201     0.7208     43.250      0.733  51138.087    31.8731     5.3314      0.726    7.16597     5.3416    25.1604   12.84269 2.2730e+02 0.0000e+00
        175 113.574925    0.01208     0.7250     43.500      0.727  51125.162    31.8652     5.3364      0.720    7.16550     5.3455    25.1536   12.84201 2.2805e+02 0.0000e+00
        176 113.574928    0.01215     0.7292     43.750      0.724  51104.841    31.8523     5.3417      0.717    7.16521     5.3474    25.1428   12.84170 2.2834e+02 0.0000e+00
        177 113.574931    0.01222     0.7333     44.000      0.724  51085.717    31.8400     5.3455      0.717    7.16514     5.3479    25.1326   12.84175 2.2801e+02 0.0000e+00
        178 113.574933    0.01229     0.7375     44.250      0.727  51073.707    31.8321     5.3474      0.720    7.16519     5.3479    25.1261   12.84194 2.2703e+02 0.0000e+00
        179 113.574936    0.01236     0.7417     44.500      0.731  51070.665    31.8301     5.3479      0.724    7.16520     5.3480    25.1245   12.84197 2.2568e+02 0.0000e+00
        180 113.574939    0.01243     0.7458     44.750      0.736  51075.853    31.8337     5.3480      0.729    7.16503     5.3486    25.1273   12.84164 2.2473e+02 0.0000e+00
