CTD-processing/allCTD/CNV--turbid/2018_09-13_t3_testbluff_cast005.cnv
* Sea-Bird SBE19plus Data File:
* FileName = C:\Users\Kim.Powell\Desktop\Not Processed\2018\2018_09-13_T3, T4, T9_5028\2018_09-13_TRANSECT_STATION_cast005.hex
* Software Version 1.59
* Temperature SN =  5028
* Conductivity SN =  5028
* System UpLoad Time = Sep 14 2018 15:52:42
** 2018_09-13
** Station: TestBluff
** Start Time: 11:38
** Depth (m): 22
** Comment: **Wanted to test productivity in this location
** Comment:
# nquan = 16
# nvalues = 359                         
# units = specified
# name 0 = scan: Scan Count
# name 1 = timeJ: Julian Days
# name 2 = timeH: Time, Elapsed [hours]
# name 3 = timeM: Time, Elapsed [minutes]
# name 4 = timeS: Time, Elapsed [seconds]
# name 5 = prdM: Pressure, Strain Gauge [db]
# name 6 = specc: Specific Conductance [uS/cm]
# name 7 = sal00: Salinity, Practical [PSU]
# name 8 = tv290C: Temperature [ITS-90, deg C]
# name 9 = depSM: Depth [salt water, m], lat = 59.00
# name 10 = oxsolML/L: Oxygen Saturation, Garcia & Gordon [ml/l]
# name 11 = potemp090C: Potential Temperature [ITS-90, deg C]
# name 12 = sigma-é00: Density [sigma-theta, kg/m^3]
# name 13 = n2satML/L: Nitrogen Saturation [ml/l]
# name 14 = par: PAR/Irradiance, Biospherical/Licor
# name 15 = flag:  0.000e+00
# span 0 =          1,        359       
# span 1 = 256.485903, 256.486939       
# span 2 =    0.00000,    0.02486       
# span 3 =     0.0000,     1.4917       
# span 4 =      0.000,     89.500       
# span 5 =      0.490,     21.929       
# span 6 =  47733.926,  48280.606       
# span 7 =    30.3629,    30.6816       
# span 8 =    10.3755,    10.8827       
# span 9 =      0.486,     21.723       
# span 10 =    6.38155,    6.43899      
# span 11 =    10.3730,    10.8361      
# span 12 =    23.1872,    23.5210      
# span 13 =   11.56339,   11.65483      
# span 14 = 7.0253e+00, 8.7334e+02      
# span 15 = 0.0000e+00, 0.0000e+00      
# interval = seconds: 0.25
# start_time = Sep 13 2018 11:39:42 [Instrument's time stamp, header]
# bad_flag = -9.990e-29
*END*
          1 256.485903    0.00000     0.0000      0.000      0.490  47733.926    30.3629    10.8827      0.486    6.38155    10.8361    23.1872   11.56339 3.9643e+02 0.0000e+00
          2 256.485906    0.00007     0.0042      0.250      0.533  47767.470    30.3840    10.8596      0.529    6.38388    10.8174    23.2076   11.56699 4.7932e+02 0.0000e+00
          3 256.485909    0.00014     0.0083      0.500      0.568  47800.240    30.4045    10.8362      0.563    6.38627    10.8041    23.2275   11.57072 5.1770e+02 0.0000e+00
          4 256.485911    0.00021     0.0125      0.750      0.589  47824.528    30.4196    10.8174      0.584    6.38825    10.7957    23.2424   11.57382 5.4108e+02 0.0000e+00
          5 256.485914    0.00028     0.0167      1.000      0.606  47839.587    30.4287    10.8041      0.601    6.38972    10.7918    23.2518   11.57614 5.6155e+02 0.0000e+00
          6 256.485917    0.00035     0.0208      1.250      0.628  47850.418    30.4354    10.7958      0.623    6.39059    10.7913    23.2584   11.57752 5.5152e+02 0.0000e+00
          7 256.485920    0.00042     0.0250      1.500      0.655  47861.639    30.4429    10.7918      0.649    6.39083    10.7930    23.2649   11.57783 5.2230e+02 0.0000e+00
          8 256.485923    0.00049     0.0292      1.750      0.678  47870.297    30.4489    10.7914      0.672    6.39064    10.7953    23.2697   11.57744 4.9219e+02 0.0000e+00
          9 256.485926    0.00056     0.0333      2.000      0.695  47873.316    30.4512    10.7931      0.689    6.39031    10.7969    23.2712   11.57687 4.7455e+02 0.0000e+00
         10 256.485929    0.00063     0.0375      2.250      0.709  47872.751    30.4511    10.7954      0.702    6.39001    10.7975    23.2707   11.57637 4.7803e+02 0.0000e+00
         11 256.485932    0.00069     0.0417      2.500      0.721  47870.338    30.4495    10.7970      0.715    6.38984    10.7969    23.2692   11.57611 4.9784e+02 0.0000e+00
         12 256.485935    0.00076     0.0458      2.750      0.734  47863.783    30.4450    10.7976      0.728    6.38995    10.7954    23.2656   11.57634 5.1962e+02 0.0000e+00
         13 256.485937    0.00083     0.0500      3.000      0.748  47854.735    30.4385    10.7970      0.741    6.39029    10.7934    23.2606   11.57699 5.3276e+02 0.0000e+00
         14 256.485940    0.00090     0.0542      3.250      0.757  47852.099    30.4365    10.7955      0.751    6.39058    10.7915    23.2593   11.57749 5.2140e+02 0.0000e+00
         15 256.485943    0.00097     0.0583      3.500      0.759  47857.497    30.4401    10.7935      0.752    6.39070    10.7897    23.2624   11.57765 4.8336e+02 0.0000e+00
         16 256.485946    0.00104     0.0625      3.750      0.753  47862.428    30.4434    10.7916      0.746    6.39085    10.7883    23.2653   11.57785 4.5041e+02 0.0000e+00
         17 256.485949    0.00111     0.0667      4.000      0.743  47862.580    30.4433    10.7898      0.737    6.39110    10.7876    23.2655   11.57826 4.2649e+02 0.0000e+00
         18 256.485952    0.00118     0.0708      4.250      0.735  47861.954    30.4427    10.7884      0.728    6.39131    10.7875    23.2653   11.57862 4.1082e+02 0.0000e+00
         19 256.485955    0.00125     0.0750      4.500      0.732  47864.240    30.4442    10.7877      0.725    6.39135    10.7877    23.2666   11.57867 4.2690e+02 0.0000e+00
         20 256.485958    0.00132     0.0792      4.750      0.734  47868.107    30.4469    10.7875      0.727    6.39126    10.7882    23.2688   11.57849 4.7205e+02 0.0000e+00
         21 256.485961    0.00139     0.0833      5.000      0.739  47873.209    30.4505    10.7878      0.733    6.39108    10.7888    23.2715   11.57814 5.1240e+02 0.0000e+00
         22 256.485964    0.00146     0.0875      5.250      0.745  47880.929    30.4560    10.7883      0.739    6.39079    10.7893    23.2757   11.57759 5.3161e+02 0.0000e+00
         23 256.485966    0.00153     0.0917      5.500      0.748  47889.191    30.4619    10.7888      0.742    6.39047    10.7896    23.2802   11.57700 5.4013e+02 0.0000e+00
         24 256.485969    0.00160     0.0958      5.750      0.747  47894.282    30.4656    10.7893      0.740    6.39025    10.7899    23.2830   11.57660 5.4013e+02 0.0000e+00
         25 256.485972    0.00167     0.1000      6.000      0.742  47894.784    30.4660    10.7897      0.735    6.39018    10.7901    23.2832   11.57648 5.3849e+02 0.0000e+00
         26 256.485975    0.00174     0.1042      6.250      0.739  47892.628    30.4645    10.7899      0.733    6.39021    10.7903    23.2820   11.57655 5.5192e+02 0.0000e+00
         27 256.485978    0.00181     0.1083      6.500      0.743  47891.066    30.4634    10.7901      0.736    6.39023    10.7907    23.2811   11.57659 5.6669e+02 0.0000e+00
         28 256.485981    0.00187     0.1125      6.750      0.751  47892.694    30.4646    10.7904      0.744    6.39015    10.7916    23.2820   11.57644 5.5647e+02 0.0000e+00
         29 256.485984    0.00194     0.1167      7.000      0.758  47898.183    30.4685    10.7908      0.751    6.38993    10.7934    23.2850   11.57603 5.3443e+02 0.0000e+00
         30 256.485987    0.00201     0.1208      7.250      0.759  47904.565    30.4731    10.7917      0.752    6.38962    10.7961    23.2884   11.57546 5.0767e+02 0.0000e+00
         31 256.485990    0.00208     0.1250      7.500      0.752  47906.708    30.4748    10.7935      0.745    6.38930    10.7986    23.2894   11.57491 4.7476e+02 0.0000e+00
         32 256.485992    0.00215     0.1292      7.750      0.739  47901.602    30.4715    10.7961      0.732    6.38907    10.7998    23.2864   11.57457 4.6198e+02 0.0000e+00
         33 256.485995    0.00222     0.1333      8.000      0.728  47891.767    30.4649    10.7987      0.721    6.38899    10.7991    23.2808   11.57451 4.5809e+02 0.0000e+00
         34 256.485998    0.00229     0.1375      8.250      0.724  47883.273    30.4590    10.7998      0.717    6.38907    10.7973    23.2761   11.57471 4.4255e+02 0.0000e+00
         35 256.486001    0.00236     0.1417      8.500      0.730  47880.661    30.4571    10.7991      0.724    6.38924    10.7955    23.2747   11.57503 4.3811e+02 0.0000e+00
         36 256.486004    0.00243     0.1458      8.750      0.744  47885.160    30.4600    10.7973      0.737    6.38937    10.7945    23.2773   11.57520 4.6275e+02 0.0000e+00
         37 256.486007    0.00250     0.1500      9.000      0.758  47894.318    30.4663    10.7956      0.750    6.38936    10.7948    23.2825   11.57511 4.9544e+02 0.0000e+00
         38 256.486010    0.00257     0.1542      9.250      0.766  47902.938    30.4722    10.7946      0.758    6.38925    10.7961    23.2873   11.57486 5.1488e+02 0.0000e+00
         39 256.486013    0.00264     0.1583      9.500      0.765  47906.004    30.4744    10.7949      0.758    6.38912    10.7975    23.2889   11.57462 5.4296e+02 0.0000e+00
         40 256.486016    0.00271     0.1625      9.750      0.759  47901.948    30.4717    10.7962      0.752    6.38905    10.7974    23.2866   11.57453 5.8798e+02 0.0000e+00
         41 256.486019    0.00278     0.1667     10.000      0.752  47894.245    30.4665    10.7976      0.745    6.38908    10.7955    23.2823   11.57464 6.4420e+02 0.0000e+00
         42 256.486021    0.00285     0.1708     10.250      0.747  47888.454    30.4624    10.7975      0.740    6.38925    10.7922    23.2791   11.57498 6.7892e+02 0.0000e+00
         43 256.486024    0.00292     0.1750     10.500      0.745  47888.184    30.4619    10.7956      0.738    6.38954    10.7886    23.2791   11.57546 6.4016e+02 0.0000e+00
         44 256.486027    0.00299     0.1792     10.750      0.745  47893.721    30.4655    10.7923      0.738    6.38985    10.7852    23.2824   11.57593 5.7650e+02 0.0000e+00
         45 256.486030    0.00306     0.1833     11.000      0.746  47901.542    30.4706    10.7887      0.739    6.39014    10.7822    23.2870   11.57635 5.6004e+02 0.0000e+00
         46 256.486033    0.00313     0.1875     11.250      0.747  47906.402    30.4737    10.7853      0.740    6.39048    10.7795    23.2899   11.57688 5.8448e+02 0.0000e+00
         47 256.486036    0.00319     0.1917     11.500      0.750  47906.687    30.4735    10.7823      0.743    6.39091    10.7772    23.2904   11.57758 6.3200e+02 0.0000e+00
         48 256.486039    0.00326     0.1958     11.750      0.755  47905.967    30.4727    10.7796      0.748    6.39131    10.7754    23.2902   11.57826 6.8526e+02 0.0000e+00
         49 256.486042    0.00333     0.2000     12.000      0.760  47908.759    30.4744    10.7773      0.753    6.39156    10.7744    23.2919   11.57866 7.1617e+02 0.0000e+00
         50 256.486045    0.00340     0.2042     12.250      0.762  47915.839    30.4792    10.7755      0.755    6.39161    10.7747    23.2959   11.57869 7.3743e+02 0.0000e+00
         51 256.486047    0.00347     0.2083     12.500      0.757  47922.836    30.4841    10.7745      0.750    6.39154    10.7761    23.2999   11.57852 7.4346e+02 0.0000e+00
         52 256.486050    0.00354     0.2125     12.750      0.746  47923.637    30.4847    10.7748      0.739    6.39148    10.7772    23.3003   11.57840 6.9337e+02 0.0000e+00
         53 256.486053    0.00361     0.2167     13.000      0.734  47916.488    30.4798    10.7762      0.727    6.39150    10.7770    23.2963   11.57849 6.2098e+02 0.0000e+00
         54 256.486056    0.00368     0.2208     13.250      0.727  47906.386    30.4728    10.7773      0.720    6.39162    10.7754    23.2906   11.57878 5.6249e+02 0.0000e+00
         55 256.486059    0.00375     0.2250     13.500      0.728  47900.480    30.4686    10.7771      0.721    6.39183    10.7738    23.2874   11.57917 5.1204e+02 0.0000e+00
         56 256.486062    0.00382     0.2292     13.750      0.738  47902.603    30.4699    10.7755      0.731    6.39199    10.7732    23.2887   11.57942 4.9147e+02 0.0000e+00
         57 256.486065    0.00389     0.2333     14.000      0.752  47912.087    30.4764    10.7739      0.744    6.39196    10.7745    23.2940   11.57929 4.9867e+02 0.0000e+00
         58 256.486068    0.00396     0.2375     14.250      0.763  47924.294    30.4849    10.7733      0.756    6.39169    10.7782    23.3008   11.57875 4.9948e+02 0.0000e+00
         59 256.486071    0.00403     0.2417     14.500      0.768  47932.585    30.4909    10.7746      0.760    6.39126    10.7834    23.3052   11.57796 4.8498e+02 0.0000e+00
         60 256.486073    0.00410     0.2458     14.750      0.765  47932.414    30.4912    10.7783      0.758    6.39073    10.7883    23.3048   11.57709 4.8396e+02 0.0000e+00
         61 256.486076    0.00417     0.2500     15.000      0.757  47924.190    30.4860    10.7835      0.750    6.39022    10.7914    23.2999   11.57630 5.0599e+02 0.0000e+00
         62 256.486079    0.00424     0.2542     15.250      0.749  47912.849    30.4786    10.7884      0.742    6.38984    10.7922    23.2933   11.57577 5.1374e+02 0.0000e+00
         63 256.486082    0.00431     0.2583     15.500      0.743  47904.540    30.4731    10.7915      0.736    6.38965    10.7913    23.2885   11.57551 5.1081e+02 0.0000e+00
         64 256.486085    0.00438     0.2625     15.750      0.740  47902.804    30.4719    10.7923      0.734    6.38958    10.7898    23.2874   11.57541 5.2814e+02 0.0000e+00
         65 256.486088    0.00444     0.2667     16.000      0.740  47907.046    30.4748    10.7914      0.733    6.38958    10.7884    23.2898   11.57538 5.5249e+02 0.0000e+00
         66 256.486091    0.00451     0.2708     16.250      0.739  47913.389    30.4791    10.7899      0.732    6.38962    10.7874    23.2934   11.57540 5.7018e+02 0.0000e+00
         67 256.486094    0.00458     0.2750     16.500      0.738  47917.611    30.4819    10.7885      0.731    6.38970    10.7868    23.2958   11.57550 5.8679e+02 0.0000e+00
         68 256.486097    0.00465     0.2792     16.750      0.738  47917.808    30.4820    10.7875      0.731    6.38983    10.7858    23.2960   11.57571 5.8906e+02 0.0000e+00
         69 256.486100    0.00472     0.2833     17.000      0.741  47914.944    30.4799    10.7869      0.734    6.39001    10.7839    23.2945   11.57602 5.7631e+02 0.0000e+00
         70 256.486102    0.00479     0.2875     17.250      0.747  47912.595    30.4781    10.7859      0.740    6.39022    10.7812    23.2933   11.57639 5.6129e+02 0.0000e+00
         71 256.486105    0.00486     0.2917     17.500      0.755  47914.820    30.4795    10.7840      0.747    6.39043    10.7788    23.2947   11.57672 5.3697e+02 0.0000e+00
         72 256.486108    0.00493     0.2958     17.750      0.759  47922.431    30.4845    10.7813      0.751    6.39059    10.7777    23.2991   11.57693 5.1648e+02 0.0000e+00
         73 256.486111    0.00500     0.3000     18.000      0.758  47931.813    30.4909    10.7789      0.750    6.39066    10.7786    23.3044   11.57697 5.1626e+02 0.0000e+00
         74 256.486114    0.00507     0.3042     18.250      0.752  47938.039    30.4952    10.7778      0.744    6.39064    10.7808    23.3079   11.57687 5.3018e+02 0.0000e+00
         75 256.486117    0.00514     0.3083     18.500      0.744  47938.312    30.4954    10.7787      0.736    6.39051    10.7829    23.3080   11.57666 5.4875e+02 0.0000e+00
         76 256.486120    0.00521     0.3125     18.750      0.738  47933.332    30.4922    10.7809      0.731    6.39033    10.7838    23.3051   11.57642 5.6542e+02 0.0000e+00
         77 256.486123    0.00528     0.3167     19.000      0.736  47926.497    30.4876    10.7830      0.729    6.39022    10.7828    23.3012   11.57629 5.9603e+02 0.0000e+00
         78 256.486126    0.00535     0.3208     19.250      0.738  47920.861    30.4837    10.7839      0.731    6.39027    10.7802    23.2980   11.57640 6.2304e+02 0.0000e+00
         79 256.486128    0.00542     0.3250     19.500      0.744  47917.735    30.4814    10.7829      0.737    6.39049    10.7764    23.2964   11.57680 6.1625e+02 0.0000e+00
         80 256.486131    0.00549     0.3292     19.750      0.752  47917.952    30.4812    10.7803      0.745    6.39086    10.7724    23.2967   11.57741 6.1154e+02 0.0000e+00
         81 256.486134    0.00556     0.3333     20.000      0.760  47922.140    30.4838    10.7765      0.753    6.39127    10.7692    23.2993   11.57808 6.2730e+02 0.0000e+00
         82 256.486137    0.00562     0.3375     20.250      0.766  47929.902    30.4888    10.7725      0.759    6.39162    10.7672    23.3039   11.57859 6.6250e+02 0.0000e+00
         83 256.486140    0.00569     0.3417     20.500      0.767  47939.551    30.4952    10.7693      0.760    6.39180    10.7664    23.3094   11.57882 7.1255e+02 0.0000e+00
         84 256.486143    0.00576     0.3458     20.750      0.763  47948.636    30.5014    10.7673      0.756    6.39183    10.7666    23.3146   11.57879 7.2679e+02 0.0000e+00
         85 256.486146    0.00583     0.3500     21.000      0.755  47955.364    30.5061    10.7665      0.748    6.39176    10.7680    23.3184   11.57861 7.0510e+02 0.0000e+00
         86 256.486149    0.00590     0.3542     21.250      0.745  47958.871    30.5086    10.7667      0.738    6.39163    10.7702    23.3203   11.57836 6.8909e+02 0.0000e+00
         87 256.486152    0.00597     0.3583     21.500      0.737  47958.370    30.5084    10.7681      0.730    6.39144    10.7721    23.3199   11.57806 6.9186e+02 0.0000e+00
         88 256.486155    0.00604     0.3625     21.750      0.733  47953.979    30.5055    10.7703      0.726    6.39125    10.7732    23.3173   11.57779 7.1614e+02 0.0000e+00
         89 256.486157    0.00611     0.3667     22.000      0.733  47947.379    30.5011    10.7722      0.726    6.39116    10.7733    23.3135   11.57769 7.3923e+02 0.0000e+00
         90 256.486160    0.00618     0.3708     22.250      0.738  47940.661    30.4965    10.7733      0.731    6.39120    10.7724    23.3098   11.57781 7.6559e+02 0.0000e+00
