CTD-processing/allCTD/CNV--turbid/2018_11-08_alongbay_skb10_cast004.cnv
* Sea-Bird SBE19plus Data File:
* FileName = C:\Users\Kim.Powell\Desktop\Not Processed\2018\2018_11-08_AlongBay, T9_4141\2018_11-08_TRANSECT_STATION_cast004.hex
* Software Version 1.59
* Temperature SN =  4141
* Conductivity SN =  4141
* System UpLoad Time = Nov 13 2018 09:07:38
** 2018_11-08
** Station: KB10
** Start Time: 11:21
** Depth (m): 63
** Comment:
** Comment:
# nquan = 16
# nvalues = 728                         
# units = specified
# name 0 = scan: Scan Count
# name 1 = timeJ: Julian Days
# name 2 = timeH: Time, Elapsed [hours]
# name 3 = timeM: Time, Elapsed [minutes]
# name 4 = timeS: Time, Elapsed [seconds]
# name 5 = prdM: Pressure, Strain Gauge [db]
# name 6 = specc: Specific Conductance [uS/cm]
# name 7 = sal00: Salinity, Practical [PSU]
# name 8 = tv290C: Temperature [ITS-90, deg C]
# name 9 = depSM: Depth [salt water, m], lat = 59.00
# name 10 = oxsolML/L: Oxygen Saturation, Garcia & Gordon [ml/l]
# name 11 = potemp090C: Potential Temperature [ITS-90, deg C]
# name 12 = sigma-é00: Density [sigma-theta, kg/m^3]
# name 13 = n2satML/L: Nitrogen Saturation [ml/l]
# name 14 = par: PAR/Irradiance, Biospherical/Licor
# name 15 = flag:  0.000e+00
# span 0 =          1,        728       
# span 1 = 312.472245, 312.474349       
# span 2 =    0.00000,    0.05049       
# span 3 =     0.0000,     3.0292       
# span 4 =      0.000,    181.750       
# span 5 =      0.568,     59.589       
# span 6 =  47725.202,  48611.694       
# span 7 =    30.0116,    30.6727       
# span 8 =     8.0178,     8.6438       
# span 9 =      0.563,     59.024       
# span 10 =    6.69066,    6.80745      
# span 11 =     8.0607,     8.6379      
# span 12 =    23.3339,    23.7875      
# span 13 =   12.07185,   12.27123      
# span 14 = 3.6477e-02, 1.0149e+02      
# span 15 = 0.0000e+00, 0.0000e+00      
# interval = seconds: 0.25
# start_time = Nov 08 2018 11:20:02 [Instrument's time stamp, header]
# bad_flag = -9.990e-29
*END*
[from data line 181]
        182 312.472769    0.01257     0.7542     45.250      0.771  48034.516    30.2381     8.2563      0.763    6.76838     8.2530    23.5006   12.20588 3.9772e+01 0.0000e+00
        183 312.472772    0.01264     0.7583     45.500      0.771  48034.658    30.2380     8.2548      0.763    6.76861     8.2512    23.5007   12.20626 3.9488e+01 0.0000e+00
        184 312.472775    0.01271     0.7625     45.750      0.770  48034.189    30.2375     8.2531      0.763    6.76889     8.2493    23.5005   12.20673 3.9082e+01 0.0000e+00
        185 312.472778    0.01278     0.7667     46.000      0.770  48033.444    30.2367     8.2513      0.763    6.76920     8.2473    23.5001   12.20725 3.8729e+01 0.0000e+00
        186 312.472781    0.01285     0.7708     46.250      0.770  48032.556    30.2358     8.2494      0.763    6.76953     8.2451    23.4997   12.20782 3.8549e+01 0.0000e+00
        187 312.472784    0.01292     0.7750     46.500      0.769  48031.488    30.2347     8.2474      0.762    6.76989     8.2428    23.4991   12.20843 3.8419e+01 0.0000e+00
        188 312.472786    0.01299     0.7792     46.750      0.769  48030.492    30.2337     8.2452      0.762    6.77027     8.2405    23.4986   12.20906 3.8352e+01 0.0000e+00
        189 312.472789    0.01306     0.7833     47.000      0.769  48030.304    30.2332     8.2429      0.761    6.77064     8.2382    23.4986   12.20968 3.8544e+01 0.0000e+00
        190 312.472792    0.01313     0.7875     47.250      0.769  48031.175    30.2335     8.2405      0.761    6.77099     8.2359    23.4992   12.21026 3.8711e+01 0.0000e+00
        191 312.472795    0.01319     0.7917     47.500      0.770  48032.181    30.2339     8.2382      0.762    6.77133     8.2337    23.4998   12.21081 3.8570e+01 0.0000e+00
        192 312.472798    0.01326     0.7958     47.750      0.770  48031.709    30.2332     8.2360      0.763    6.77170     8.2315    23.4996   12.21144 3.8376e+01 0.0000e+00
        193 312.472801    0.01333     0.8000     48.000      0.771  48028.257    30.2305     8.2338      0.764    6.77216     8.2292    23.4977   12.21223 3.8250e+01 0.0000e+00
        194 312.472804    0.01340     0.8042     48.250      0.771  48021.352    30.2254     8.2315      0.764    6.77273     8.2267    23.4940   12.21323 3.8062e+01 0.0000e+00
        195 312.472807    0.01347     0.8083     48.500      0.770  48012.812    30.2191     8.2292      0.763    6.77336     8.2241    23.4894   12.21436 3.7881e+01 0.0000e+00
        196 312.472810    0.01354     0.8125     48.750      0.768  48006.444    30.2143     8.2267      0.761    6.77395     8.2218    23.4860   12.21540 3.7780e+01 0.0000e+00
        197 312.472812    0.01361     0.8167     49.000      0.766  48005.552    30.2133     8.2242      0.759    6.77438     8.2197    23.4856   12.21613 3.7602e+01 0.0000e+00
        198 312.472815    0.01368     0.8208     49.250      0.764  48010.889    30.2166     8.2218      0.757    6.77460     8.2181    23.4886   12.21645 3.7335e+01 0.0000e+00
        199 312.472818    0.01375     0.8250     49.500      0.764  48019.638    30.2224     8.2197      0.757    6.77466     8.2170    23.4934   12.21648 3.7148e+01 0.0000e+00
        200 312.472821    0.01382     0.8292     49.750      0.764  48027.187    30.2274     8.2181      0.757    6.77469     8.2160    23.4976   12.21645 3.6990e+01 0.0000e+00
        201 312.472824    0.01389     0.8333     50.000      0.764  48031.059    30.2300     8.2170      0.757    6.77475     8.2151    23.4997   12.21653 3.6811e+01 0.0000e+00
        202 312.472827    0.01396     0.8375     50.250      0.764  48031.617    30.2302     8.2161      0.757    6.77488     8.2140    23.5000   12.21674 3.6751e+01 0.0000e+00
        203 312.472830    0.01403     0.8417     50.500      0.764  48030.769    30.2295     8.2152      0.757    6.77506     8.2129    23.4996   12.21704 3.6792e+01 0.0000e+00
        204 312.472833    0.01410     0.8458     50.750      0.763  48030.992    30.2295     8.2141      0.756    6.77523     8.2119    23.4998   12.21732 3.6769e+01 0.0000e+00
        205 312.472836    0.01417     0.8500     51.000      0.763  48033.649    30.2312     8.2130      0.756    6.77533     8.2113    23.5012   12.21747 3.6688e+01 0.0000e+00
        206 312.472839    0.01424     0.8542     51.250      0.763  48037.862    30.2340     8.2120      0.756    6.77535     8.2113    23.5036   12.21747 3.6576e+01 0.0000e+00
        207 312.472841    0.01431     0.8583     51.500      0.764  48040.981    30.2361     8.2114      0.757    6.77534     8.2114    23.5053   12.21743 3.6359e+01 0.0000e+00
        208 312.472844    0.01438     0.8625     51.750      0.766  48040.452    30.2357     8.2114      0.759    6.77537     8.2114    23.5050   12.21748 3.6197e+01 0.0000e+00
        209 312.472847    0.01444     0.8667     52.000      0.768  48035.115    30.2320     8.2115      0.761    6.77551     8.2108    23.5021   12.21776 3.6149e+01 0.0000e+00
        210 312.472850    0.01451     0.8708     52.250      0.769  48025.581    30.2253     8.2115      0.762    6.77581     8.2095    23.4969   12.21833 3.6071e+01 0.0000e+00
        211 312.472853    0.01458     0.8750     52.500      0.770  48014.538    30.2176     8.2109      0.763    6.77624     8.2076    23.4908   12.21915 3.6070e+01 0.0000e+00
        212 312.472856    0.01465     0.8792     52.750      0.771  48004.591    30.2105     8.2096      0.764    6.77676     8.2056    23.4854   12.22009 3.6190e+01 0.0000e+00
        213 312.472859    0.01472     0.8833     53.000      0.771  47995.995    30.2042     8.2077      0.764    6.77731     8.2035    23.4808   12.22108 3.6274e+01 0.0000e+00
        214 312.472862    0.01479     0.8875     53.250      0.771  47987.718    30.1981     8.2057      0.764    6.77790     8.2015    23.4764   12.22213 3.6375e+01 0.0000e+00
        215 312.472865    0.01486     0.8917     53.500      0.771  47979.204    30.1919     8.2036      0.764    6.77849     8.1998    23.4718   12.22319 3.6517e+01 0.0000e+00
        216 312.472867    0.01493     0.8958     53.750      0.770  47970.948    30.1859     8.2016      0.763    6.77906     8.1983    23.4673   12.22420 3.6556e+01 0.0000e+00
        217 312.472870    0.01500     0.9000     54.000      0.770  47963.681    30.1805     8.1999      0.763    6.77956     8.1970    23.4634   12.22509 3.6518e+01 0.0000e+00
        218 312.472873    0.01507     0.9042     54.250      0.769  47957.307    30.1759     8.1984      0.762    6.77999     8.1958    23.4599   12.22588 3.6513e+01 0.0000e+00
        219 312.472876    0.01514     0.9083     54.500      0.769  47951.312    30.1715     8.1971      0.762    6.78039     8.1946    23.4567   12.22659 3.6601e+01 0.0000e+00
        220 312.472879    0.01521     0.9125     54.750      0.768  47945.636    30.1674     8.1958      0.761    6.78077     8.1934    23.4536   12.22726 3.6772e+01 0.0000e+00
        221 312.472882    0.01528     0.9167     55.000      0.768  47940.737    30.1638     8.1947      0.761    6.78110     8.1922    23.4510   12.22786 3.6947e+01 0.0000e+00
        222 312.472885    0.01535     0.9208     55.250      0.768  47937.061    30.1610     8.1935      0.760    6.78140     8.1907    23.4490   12.22839 3.7052e+01 0.0000e+00
        223 312.472888    0.01542     0.9250     55.500      0.768  47934.460    30.1590     8.1922      0.760    6.78168     8.1891    23.4476   12.22888 3.7011e+01 0.0000e+00
        224 312.472891    0.01549     0.9292     55.750      0.768  47932.355    30.1574     8.1908      0.761    6.78198     8.1875    23.4465   12.22939 3.6870e+01 0.0000e+00
        225 312.472894    0.01556     0.9333     56.000      0.769  47930.340    30.1557     8.1892      0.762    6.78229     8.1858    23.4455   12.22994 3.6788e+01 0.0000e+00
        226 312.472896    0.01563     0.9375     56.250      0.770  47928.284    30.1541     8.1875      0.763    6.78263     8.1842    23.4444   12.23051 3.6781e+01 0.0000e+00
        227 312.472899    0.01569     0.9417     56.500      0.771  47925.866    30.1521     8.1859      0.764    6.78297     8.1827    23.4431   12.23110 3.6714e+01 0.0000e+00
        228 312.472902    0.01576     0.9458     56.750      0.772  47922.650    30.1497     8.1843      0.764    6.78333     8.1815    23.4414   12.23172 3.6553e+01 0.0000e+00
        229 312.472905    0.01583     0.9500     57.000      0.772  47918.852    30.1468     8.1828      0.765    6.78368     8.1805    23.4394   12.23234 3.6475e+01 0.0000e+00
        230 312.472908    0.01590     0.9542     57.250      0.771  47915.325    30.1442     8.1815      0.764    6.78398     8.1795    23.4375   12.23288 3.6583e+01 0.0000e+00
        231 312.472911    0.01597     0.9583     57.500      0.771  47912.882    30.1423     8.1805      0.764    6.78422     8.1785    23.4362   12.23330 3.6727e+01 0.0000e+00
        232 312.472914    0.01604     0.9625     57.750      0.770  47912.233    30.1417     8.1796      0.763    6.78439     8.1773    23.4358   12.23359 3.6818e+01 0.0000e+00
        233 312.472917    0.01611     0.9667     58.000      0.770  47913.918    30.1428     8.1786      0.762    6.78450     8.1758    23.4368   12.23376 3.6938e+01 0.0000e+00
        234 312.472920    0.01618     0.9708     58.250      0.770  47918.010    30.1454     8.1773      0.763    6.78457     8.1743    23.4391   12.23384 3.7155e+01 0.0000e+00
        235 312.472922    0.01625     0.9750     58.500      0.771  47924.457    30.1497     8.1759      0.764    6.78461     8.1730    23.4426   12.23385 3.7418e+01 0.0000e+00
        236 312.472925    0.01632     0.9792     58.750      0.772  47933.255    30.1556     8.1744      0.765    6.78458     8.1724    23.4474   12.23373 3.7604e+01 0.0000e+00
        237 312.472928    0.01639     0.9833     59.000      0.773  47944.497    30.1633     8.1731      0.766    6.78444     8.1729    23.4536   12.23340 3.7816e+01 0.0000e+00
        238 312.472931    0.01646     0.9875     59.250      0.774  47959.141    30.1734     8.1725      0.767    6.78409     8.1751    23.4616   12.23270 3.8139e+01 0.0000e+00
        239 312.472934    0.01653     0.9917     59.500      0.774  47980.854    30.1886     8.1729      0.767    6.78335     8.1799    23.4735   12.23128 3.8426e+01 0.0000e+00
        240 312.472937    0.01660     0.9958     59.750      0.773  48018.202    30.2149     8.1751      0.766    6.78185     8.1890    23.4938   12.22847 3.8811e+01 0.0000e+00
        241 312.472940    0.01667     1.0000     60.000      0.771  48084.388    30.2617     8.1800      0.764    6.77904     8.2031    23.5298   12.22323 3.9416e+01 0.0000e+00
        242 312.472943    0.01674     1.0042     60.250      0.770  48171.138    30.3235     8.1891      0.763    6.77493     8.2209    23.5769   12.21567 3.9882e+01 0.0000e+00
        243 312.472946    0.01681     1.0083     60.500      0.770  48240.976    30.3742     8.2032      0.762    6.77053     8.2385    23.6147   12.20775 4.0110e+01 0.0000e+00
        244 312.472948    0.01688     1.0125     60.750      0.770  48275.499    30.4009     8.2209      0.763    6.76663     8.2531    23.6331   12.20097 4.0367e+01 0.0000e+00
        245 312.472951    0.01694     1.0167     61.000      0.772  48286.542    30.4112     8.2385      0.764    6.76349     8.2639    23.6386   12.19563 4.0584e+01 0.0000e+00
        246 312.472954    0.01701     1.0208     61.250      0.773  48287.305    30.4139     8.2531      0.766    6.76113     8.2713    23.6387   12.19171 4.0644e+01 0.0000e+00
        247 312.472957    0.01708     1.0250     61.500      0.773  48284.462    30.4135     8.2639      0.766    6.75949     8.2759    23.6368   12.18900 4.0708e+01 0.0000e+00
        248 312.472960    0.01715     1.0292     61.750      0.771  48280.807    30.4120     8.2714      0.764    6.75842     8.2785    23.6346   12.18724 4.0847e+01 0.0000e+00
        249 312.472963    0.01722     1.0333     62.000      0.768  48277.440    30.4103     8.2760      0.761    6.75778     8.2796    23.6327   12.18620 4.0944e+01 0.0000e+00
        250 312.472966    0.01729     1.0375     62.250      0.765  48274.713    30.4088     8.2786      0.758    6.75745     8.2797    23.6311   12.18567 4.0969e+01 0.0000e+00
        251 312.472969    0.01736     1.0417     62.500      0.763  48272.667    30.4076     8.2797      0.756    6.75734     8.2790    23.6300   12.18550 4.1025e+01 0.0000e+00
        252 312.472972    0.01743     1.0458     62.750      0.763  48271.432    30.4067     8.2797      0.756    6.75737     8.2781    23.6293   12.18556 4.1114e+01 0.0000e+00
        253 312.472975    0.01750     1.0500     63.000      0.765  48271.167    30.4064     8.2791      0.758    6.75748     8.2771    23.6291   12.18575 4.1159e+01 0.0000e+00
        254 312.472977    0.01757     1.0542     63.250      0.768  48271.809    30.4067     8.2781      0.761    6.75762     8.2764    23.6295   12.18597 4.1188e+01 0.0000e+00
        255 312.472980    0.01764     1.0583     63.500      0.772  48273.108    30.4075     8.2772      0.765    6.75773     8.2760    23.6302   12.18614 4.1207e+01 0.0000e+00
        256 312.472983    0.01771     1.0625     63.750      0.774  48274.383    30.4083     8.2765      0.767    6.75780     8.2756    23.6309   12.18625 4.1164e+01 0.0000e+00
        257 312.472986    0.01778     1.0667     64.000      0.774  48275.004    30.4086     8.2760      0.767    6.75786     8.2752    23.6313   12.18634 4.1130e+01 0.0000e+00
        258 312.472989    0.01785     1.0708     64.250      0.773  48275.089    30.4086     8.2757      0.766    6.75791     8.2748    23.6314   12.18643 4.1232e+01 0.0000e+00
        259 312.472992    0.01792     1.0750     64.500      0.770  48275.099    30.4086     8.2753      0.763    6.75797     8.2746    23.6314   12.18653 4.1460e+01 0.0000e+00
        260 312.472995    0.01799     1.0792     64.750      0.767  48275.417    30.4088     8.2749      0.760    6.75802     8.2745    23.6316   12.18661 4.1607e+01 0.0000e+00
        261 312.472998    0.01806     1.0833     65.000      0.765  48276.009    30.4091     8.2747      0.758    6.75804     8.2748    23.6319   12.18665 4.1620e+01 0.0000e+00
        262 312.473001    0.01812     1.0875     65.250      0.766  48276.405    30.4094     8.2746      0.759    6.75803     8.2752    23.6321   12.18663 4.1645e+01 0.0000e+00
        263 312.473003    0.01819     1.0917     65.500      0.769  48276.423    30.4094     8.2748      0.762    6.75800     8.2756    23.6321   12.18657 4.1725e+01 0.0000e+00
        264 312.473006    0.01826     1.0958     65.750      0.773  48276.175    30.4093     8.2752      0.766    6.75794     8.2759    23.6320   12.18648 4.1960e+01 0.0000e+00
        265 312.473009    0.01833     1.1000     66.000      0.775  48275.490    30.4089     8.2756      0.768    6.75790     8.2759    23.6316   12.18642 4.2356e+01 0.0000e+00
        266 312.473012    0.01840     1.1042     66.250      0.775  48274.251    30.4081     8.2759      0.768    6.75790     8.2755    23.6309   12.18642 4.2686e+01 0.0000e+00
        267 312.473015    0.01847     1.1083     66.500      0.774  48272.775    30.4071     8.2759      0.766    6.75794     8.2750    23.6301   12.18650 4.2862e+01 0.0000e+00
        268 312.473018    0.01854     1.1125     66.750      0.771  48271.515    30.4062     8.2756      0.763    6.75803     8.2742    23.6294   12.18666 4.3035e+01 0.0000e+00
        269 312.473021    0.01861     1.1167     67.000      0.769  48270.466    30.4054     8.2751      0.762    6.75815     8.2734    23.6289   12.18687 4.3342e+01 0.0000e+00
        270 312.473024    0.01868     1.1208     67.250      0.769  48269.219    30.4044     8.2743      0.761    6.75830     8.2725    23.6282   12.18714 4.3841e+01 0.0000e+00
        271 312.473027    0.01875     1.1250     67.500      0.770  48267.267    30.4029     8.2735      0.763    6.75849     8.2713    23.6272   12.18747 4.4565e+01 0.0000e+00
