CTD-processing/allCTD/CNV--turbid/2018_12-06_alongbay_skb10_cast031.cnv
* Sea-Bird SBE19plus Data File:
* FileName = C:\Users\Kim.Powell\Desktop\Not Processed\2018\2018_12-06_AlongBay, T9_4141\2018_12-06_TRANSECT_STATION_cast031.hex
* Software Version 1.59
* Temperature SN =  4141
* Conductivity SN =  4141
* System UpLoad Time = Jan 10 2019 09:53:33
** 2018_12-06
** Station: KB10
** Start Time: 13:16
** Depth (m): 68
** Comment:
** Comment:
# nquan = 16
# nvalues = 699                         
# units = specified
# name 0 = scan: Scan Count
# name 1 = timeJ: Julian Days
# name 2 = timeH: Time, Elapsed [hours]
# name 3 = timeM: Time, Elapsed [minutes]
# name 4 = timeS: Time, Elapsed [seconds]
# name 5 = prdM: Pressure, Strain Gauge [db]
# name 6 = specc: Specific Conductance [uS/cm]
# name 7 = sal00: Salinity, Practical [PSU]
# name 8 = tv290C: Temperature [ITS-90, deg C]
# name 9 = depSM: Depth [salt water, m], lat = 59.00
# name 10 = oxsolML/L: Oxygen Saturation, Garcia & Gordon [ml/l]
# name 11 = potemp090C: Potential Temperature [ITS-90, deg C]
# name 12 = sigma-é00: Density [sigma-theta, kg/m^3]
# name 13 = n2satML/L: Nitrogen Saturation [ml/l]
# name 14 = par: PAR/Irradiance, Biospherical/Licor
# name 15 = flag:  0.000e+00
# span 0 =          1,        699       
# span 1 = 340.552975, 340.554994       
# span 2 =    0.00000,    0.04847       
# span 3 =     0.0000,     2.9083       
# span 4 =      0.000,    174.500       
# span 5 =      0.449,     66.616       
# span 6 =  47958.287,  49383.119       
# span 7 =    29.9141,    31.0954       
# span 8 =     6.4904,     7.9008       
# span 9 =      0.445,     65.982       
# span 10 =    6.78517,    7.06125      
# span 11 =     6.5060,     7.8946      
# span 12 =    23.4710,    24.2237      
# span 13 =   12.22305,   12.69389      
# span 14 = 3.6170e-02, 8.2414e+01      
# span 15 = 0.0000e+00, 0.0000e+00      
# interval = seconds: 0.25
# start_time = Dec 06 2018 13:16:17 [Instrument's time stamp, header]
# bad_flag = -9.990e-29
*END*
          1 340.552975    0.00000     0.0000      0.000      0.669  48059.489    29.9733     6.4904      0.662    7.06125     6.5060    23.5250   12.69389 5.4332e+01 0.0000e+00
          2 340.552977    0.00007     0.0042      0.250      0.651  48063.208    29.9772     6.4979      0.645    7.05984     6.5145    23.5271   12.69150 5.5730e+01 0.0000e+00
          3 340.552980    0.00014     0.0083      0.500      0.629  48073.468    29.9857     6.5060      0.623    7.05810     6.5236    23.5328   12.68852 5.6972e+01 0.0000e+00
          4 340.552983    0.00021     0.0125      0.750      0.604  48085.402    29.9954     6.5145      0.598    7.05624     6.5327    23.5395   12.68533 5.7691e+01 0.0000e+00
          5 340.552986    0.00028     0.0167      1.000      0.579  48092.580    30.0019     6.5236      0.574    7.05445     6.5412    23.5435   12.68227 5.8758e+01 0.0000e+00
          6 340.552989    0.00035     0.0208      1.250      0.556  48093.946    30.0045     6.5327      0.551    7.05283     6.5489    23.5444   12.67957 6.0510e+01 0.0000e+00
          7 340.552992    0.00042     0.0250      1.500      0.533  48090.797    30.0038     6.5412      0.528    7.05145     6.5555    23.5429   12.67730 6.2633e+01 0.0000e+00
          8 340.552995    0.00049     0.0292      1.750      0.512  48083.833    30.0003     6.5489      0.507    7.05035     6.5609    23.5392   12.67552 6.4521e+01 0.0000e+00
          9 340.552998    0.00056     0.0333      2.000      0.491  48072.699    29.9938     6.5555      0.486    7.04957     6.5651    23.5332   12.67430 6.5428e+01 0.0000e+00
         10 340.553001    0.00063     0.0375      2.250      0.472  48057.622    29.9843     6.5609      0.468    7.04911     6.5680    23.5251   12.67367 6.4970e+01 0.0000e+00
         11 340.553003    0.00069     0.0417      2.500      0.458  48041.396    29.9739     6.5651      0.453    7.04890     6.5696    23.5164   12.67346 6.3324e+01 0.0000e+00
         12 340.553006    0.00076     0.0458      2.750      0.450  48024.717    29.9629     6.5680      0.446    7.04893     6.5700    23.5074   12.67365 6.1043e+01 0.0000e+00
         13 340.553009    0.00083     0.0500      3.000      0.449  48003.730    29.9487     6.5696      0.445    7.04934     6.5702    23.4960   12.67450 5.8492e+01 0.0000e+00
         14 340.553012    0.00090     0.0542      3.250      0.453  47984.400    29.9355     6.5700      0.449    7.04988     6.5710    23.4855   12.67556 5.6201e+01 0.0000e+00
         15 340.553015    0.00097     0.0583      3.500      0.459  47981.457    29.9335     6.5702      0.455    7.04995     6.5731    23.4839   12.67571 5.4864e+01 0.0000e+00
         16 340.553018    0.00104     0.0625      3.750      0.466  47996.790    29.9442     6.5710      0.462    7.04932     6.5766    23.4923   12.67452 5.4879e+01 0.0000e+00
         17 340.553021    0.00111     0.0667      4.000      0.473  48020.058    29.9606     6.5731      0.469    7.04820     6.5810    23.5049   12.67247 5.5920e+01 0.0000e+00
         18 340.553024    0.00118     0.0708      4.250      0.482  48043.074    29.9771     6.5766      0.477    7.04687     6.5859    23.5174   12.67006 5.6950e+01 0.0000e+00
         19 340.553027    0.00125     0.0750      4.500      0.492  48061.439    29.9905     6.5810      0.487    7.04552     6.5911    23.5275   12.66766 5.7200e+01 0.0000e+00
         20 340.553030    0.00132     0.0792      4.750      0.504  48072.049    29.9986     6.5860      0.500    7.04433     6.5962    23.5333   12.66558 5.6854e+01 0.0000e+00
         21 340.553032    0.00139     0.0833      5.000      0.518  48075.634    30.0020     6.5912      0.513    7.04332     6.6006    23.5353   12.66386 5.6478e+01 0.0000e+00
         22 340.553035    0.00146     0.0875      5.250      0.529  48077.083    30.0038     6.5963      0.524    7.04240     6.6042    23.5361   12.66232 5.6657e+01 0.0000e+00
         23 340.553038    0.00153     0.0917      5.500      0.538  48080.344    30.0068     6.6007      0.533    7.04153     6.6070    23.5380   12.66085 5.7258e+01 0.0000e+00
         24 340.553041    0.00160     0.0958      5.750      0.546  48084.810    30.0105     6.6043      0.541    7.04077     6.6091    23.5404   12.65954 5.7060e+01 0.0000e+00
         25 340.553044    0.00167     0.1000      6.000      0.554  48087.435    30.0128     6.6071      0.549    7.04021     6.6105    23.5419   12.65857 5.5906e+01 0.0000e+00
         26 340.553047    0.00174     0.1042      6.250      0.563  48087.575    30.0133     6.6091      0.558    7.03984     6.6113    23.5420   12.65797 5.5243e+01 0.0000e+00
         27 340.553050    0.00181     0.1083      6.500      0.572  48087.739    30.0136     6.6105      0.567    7.03960     6.6116    23.5421   12.65756 5.5457e+01 0.0000e+00
         28 340.553053    0.00187     0.1125      6.750      0.581  48089.606    30.0150     6.6113      0.576    7.03941     6.6116    23.5432   12.65722 5.6109e+01 0.0000e+00
         29 340.553056    0.00194     0.1167      7.000      0.590  48092.392    30.0170     6.6116      0.585    7.03926     6.6112    23.5447   12.65695 5.7100e+01 0.0000e+00
         30 340.553058    0.00201     0.1208      7.250      0.599  48095.011    30.0188     6.6116      0.593    7.03918     6.6106    23.5461   12.65679 5.7670e+01 0.0000e+00
         31 340.553061    0.00208     0.1250      7.500      0.607  48097.674    30.0206     6.6113      0.601    7.03915     6.6097    23.5475   12.65672 5.8141e+01 0.0000e+00
         32 340.553064    0.00215     0.1292      7.750      0.615  48101.327    30.0230     6.6106      0.609    7.03914     6.6087    23.5495   12.65668 5.9297e+01 0.0000e+00
         33 340.553067    0.00222     0.1333      8.000      0.624  48105.845    30.0260     6.6098      0.618    7.03915     6.6079    23.5519   12.65665 6.0098e+01 0.0000e+00
         34 340.553070    0.00229     0.1375      8.250      0.633  48109.946    30.0286     6.6088      0.627    7.03918     6.6072    23.5541   12.65668 6.0094e+01 0.0000e+00
         35 340.553073    0.00236     0.1417      8.500      0.642  48112.827    30.0304     6.6079      0.636    7.03924     6.6067    23.5557   12.65675 6.0173e+01 0.0000e+00
         36 340.553076    0.00243     0.1458      8.750      0.651  48114.936    30.0318     6.6073      0.645    7.03929     6.6064    23.5568   12.65682 6.0288e+01 0.0000e+00
         37 340.553079    0.00250     0.1500      9.000      0.658  48117.221    30.0333     6.6068      0.652    7.03930     6.6063    23.5581   12.65681 6.0036e+01 0.0000e+00
         38 340.553082    0.00257     0.1542      9.250      0.665  48119.724    30.0349     6.6065      0.659    7.03927     6.6063    23.5594   12.65675 5.9678e+01 0.0000e+00
         39 340.553084    0.00264     0.1583      9.500      0.671  48121.642    30.0362     6.6063      0.665    7.03924     6.6063    23.5604   12.65667 5.9002e+01 0.0000e+00
         40 340.553087    0.00271     0.1625      9.750      0.677  48122.727    30.0370     6.6064      0.670    7.03920     6.6062    23.5610   12.65660 5.7868e+01 0.0000e+00
         41 340.553090    0.00278     0.1667     10.000      0.682  48123.392    30.0375     6.6064      0.676    7.03917     6.6058    23.5614   12.65655 5.6766e+01 0.0000e+00
         42 340.553093    0.00285     0.1708     10.250      0.688  48123.813    30.0377     6.6063      0.681    7.03918     6.6052    23.5616   12.65655 5.6111e+01 0.0000e+00
         43 340.553096    0.00292     0.1750     10.500      0.693  48123.886    30.0377     6.6059      0.686    7.03924     6.6044    23.5617   12.65665 5.5763e+01 0.0000e+00
         44 340.553099    0.00299     0.1792     10.750      0.698  48124.060    30.0377     6.6053      0.691    7.03934     6.6034    23.5618   12.65683 5.5315e+01 0.0000e+00
         45 340.553102    0.00306     0.1833     11.000      0.702  48125.209    30.0384     6.6045      0.695    7.03945     6.6024    23.5624   12.65700 5.4564e+01 0.0000e+00
         46 340.553105    0.00313     0.1875     11.250      0.705  48127.229    30.0396     6.6035      0.698    7.03955     6.6014    23.5635   12.65714 5.3339e+01 0.0000e+00
         47 340.553108    0.00319     0.1917     11.500      0.708  48129.068    30.0407     6.6025      0.701    7.03967     6.6004    23.5644   12.65732 5.1846e+01 0.0000e+00
         48 340.553111    0.00326     0.1958     11.750      0.712  48130.188    30.0413     6.6014      0.706    7.03981     6.5996    23.5650   12.65755 5.0666e+01 0.0000e+00
         49 340.553113    0.00333     0.2000     12.000      0.718  48130.683    30.0415     6.6004      0.711    7.03996     6.5992    23.5653   12.65781 5.0091e+01 0.0000e+00
         50 340.553116    0.00340     0.2042     12.250      0.724  48130.720    30.0413     6.5996      0.717    7.04010     6.5991    23.5653   12.65803 5.0190e+01 0.0000e+00
         51 340.553119    0.00347     0.2083     12.500      0.730  48130.646    30.0412     6.5992      0.723    7.04018     6.5994    23.5652   12.65817 5.1012e+01 0.0000e+00
         52 340.553122    0.00354     0.2125     12.750      0.735  48131.000    30.0414     6.5991      0.728    7.04018     6.6000    23.5654   12.65816 5.2542e+01 0.0000e+00
         53 340.553125    0.00361     0.2167     13.000      0.741  48132.142    30.0423     6.5994      0.734    7.04009     6.6008    23.5661   12.65799 5.5205e+01 0.0000e+00
         54 340.553128    0.00368     0.2208     13.250      0.748  48133.414    30.0433     6.6001      0.741    7.03994     6.6016    23.5668   12.65774 5.9833e+01 0.0000e+00
         55 340.553131    0.00375     0.2250     13.500      0.755  48133.350    30.0433     6.6008      0.748    7.03981     6.6023    23.5667   12.65753 6.5332e+01 0.0000e+00
         56 340.553134    0.00382     0.2292     13.750      0.761  48131.409    30.0421     6.6016      0.754    7.03974     6.6030    23.5657   12.65742 6.8748e+01 0.0000e+00
         57 340.553137    0.00389     0.2333     14.000      0.765  48128.815    30.0405     6.6023      0.758    7.03969     6.6035    23.5643   12.65737 6.9512e+01 0.0000e+00
         58 340.553139    0.00396     0.2375     14.250      0.767  48127.634    30.0398     6.6030      0.760    7.03962     6.6040    23.5636   12.65726 6.9061e+01 0.0000e+00
         59 340.553142    0.00403     0.2417     14.500      0.768  48128.536    30.0405     6.6036      0.761    7.03949     6.6042    23.5641   12.65704 6.7637e+01 0.0000e+00
         60 340.553145    0.00410     0.2458     14.750      0.770  48129.984    30.0416     6.6040      0.763    7.03937     6.6042    23.5649   12.65683 6.5236e+01 0.0000e+00
         61 340.553148    0.00417     0.2500     15.000      0.773  48130.329    30.0418     6.6042      0.766    7.03932     6.6040    23.5651   12.65674 6.2955e+01 0.0000e+00
         62 340.553151    0.00424     0.2542     15.250      0.777  48128.903    30.0409     6.6042      0.770    7.03936     6.6037    23.5643   12.65682 6.1617e+01 0.0000e+00
         63 340.553154    0.00431     0.2583     15.500      0.782  48125.252    30.0383     6.6041      0.775    7.03951     6.6030    23.5623   12.65709 6.0919e+01 0.0000e+00
         64 340.553157    0.00438     0.2625     15.750      0.787  48119.108    30.0340     6.6037      0.779    7.03977     6.6020    23.5590   12.65758 6.0159e+01 0.0000e+00
         65 340.553160    0.00444     0.2667     16.000      0.790  48111.302    30.0285     6.6031      0.782    7.04013     6.6007    23.5547   12.65825 5.8963e+01 0.0000e+00
         66 340.553163    0.00451     0.2708     16.250      0.791  48105.045    30.0240     6.6021      0.784    7.04051     6.5995    23.5513   12.65893 5.7780e+01 0.0000e+00
         67 340.553166    0.00458     0.2750     16.500      0.791  48103.325    30.0226     6.6008      0.783    7.04079     6.5988    23.5504   12.65941 5.7074e+01 0.0000e+00
         68 340.553168    0.00465     0.2792     16.750      0.790  48106.216    30.0244     6.5996      0.783    7.04089     6.5984    23.5519   12.65956 5.6571e+01 0.0000e+00
         69 340.553171    0.00472     0.2833     17.000      0.791  48111.513    30.0279     6.5989      0.784    7.04085     6.5979    23.5548   12.65944 5.5932e+01 0.0000e+00
         70 340.553174    0.00479     0.2875     17.250      0.793  48115.088    30.0303     6.5984      0.786    7.04081     6.5969    23.5567   12.65934 5.5135e+01 0.0000e+00
         71 340.553177    0.00486     0.2917     17.500      0.796  48114.518    30.0298     6.5979      0.789    7.04092     6.5954    23.5564   12.65953 5.4331e+01 0.0000e+00
         72 340.553180    0.00493     0.2958     17.750      0.798  48110.627    30.0270     6.5969      0.791    7.04121     6.5934    23.5543   12.66005 5.3844e+01 0.0000e+00
         73 340.553183    0.00500     0.3000     18.000      0.801  48105.113    30.0229     6.5954      0.794    7.04165     6.5913    23.5513   12.66083 5.3730e+01 0.0000e+00
         74 340.553186    0.00507     0.3042     18.250      0.803  48099.464    30.0187     6.5934      0.796    7.04217     6.5893    23.5482   12.66175 5.3953e+01 0.0000e+00
         75 340.553189    0.00514     0.3083     18.500      0.805  48094.472    30.0149     6.5913      0.798    7.04269     6.5879    23.5454   12.66266 5.4478e+01 0.0000e+00
         76 340.553192    0.00521     0.3125     18.750      0.806  48090.781    30.0120     6.5894      0.799    7.04314     6.5869    23.5434   12.66345 5.4969e+01 0.0000e+00
         77 340.553194    0.00528     0.3167     19.000      0.808  48088.890    30.0104     6.5879      0.801    7.04346     6.5863    23.5424   12.66399 5.5683e+01 0.0000e+00
         78 340.553197    0.00535     0.3208     19.250      0.810  48087.781    30.0095     6.5870      0.802    7.04366     6.5858    23.5418   12.66432 5.7412e+01 0.0000e+00
         79 340.553200    0.00542     0.3250     19.500      0.812  48085.080    30.0075     6.5864      0.804    7.04384     6.5849    23.5403   12.66465 5.9267e+01 0.0000e+00
         80 340.553203    0.00549     0.3292     19.750      0.813  48080.505    30.0043     6.5859      0.805    7.04408     6.5838    23.5378   12.66510 6.0189e+01 0.0000e+00
         81 340.553206    0.00556     0.3333     20.000      0.814  48077.998    30.0024     6.5850      0.806    7.04431     6.5826    23.5364   12.66550 6.1638e+01 0.0000e+00
         82 340.553209    0.00562     0.3375     20.250      0.815  48080.144    30.0037     6.5839      0.808    7.04444     6.5816    23.5376   12.66570 6.4420e+01 0.0000e+00
         83 340.553212    0.00569     0.3417     20.500      0.818  48084.395    30.0064     6.5826      0.811    7.04451     6.5807    23.5399   12.66578 6.7677e+01 0.0000e+00
         84 340.553215    0.00576     0.3458     20.750      0.822  48087.707    30.0085     6.5816      0.815    7.04458     6.5799    23.5416   12.66587 7.0828e+01 0.0000e+00
         85 340.553218    0.00583     0.3500     21.000      0.826  48088.632    30.0090     6.5808      0.819    7.04470     6.5786    23.5421   12.66605 7.2561e+01 0.0000e+00
         86 340.553220    0.00590     0.3542     21.250      0.829  48086.908    30.0077     6.5799      0.821    7.04490     6.5769    23.5412   12.66641 7.2555e+01 0.0000e+00
         87 340.553223    0.00597     0.3583     21.500      0.831  48083.741    30.0053     6.5787      0.823    7.04522     6.5749    23.5394   12.66696 7.2066e+01 0.0000e+00
         88 340.553226    0.00604     0.3625     21.750      0.832  48080.602    30.0028     6.5770      0.824    7.04561     6.5729    23.5377   12.66764 7.0857e+01 0.0000e+00
         89 340.553229    0.00611     0.3667     22.000      0.832  48077.958    30.0007     6.5750      0.825    7.04604     6.5710    23.5363   12.66839 6.8682e+01 0.0000e+00
         90 340.553232    0.00618     0.3708     22.250      0.833  48075.422    29.9986     6.5729      0.825    7.04647     6.5694    23.5349   12.66913 6.6458e+01 0.0000e+00
