CTD-processing/allCTD/CNV--turbid/2018_07-18_alongbay_ptgrm_cast153.cnv
* Sea-Bird SBE19plus Data File:
* FileName = C:\Users\Kim.Powell\Desktop\Not Processed\2018\2018_07-18_AlongBay,T6,T7_5028\2018_07-18_TRANSECT_STATION_cast153.hex
* Software Version 1.59
* Temperature SN =  5028
* Conductivity SN =  5028
* System UpLoad Time = Jul 19 2018 13:18:09
** 2018_07-18
** Station: PTGRM
** Start Time: 13:18
** Depth (m): 65.5
** Comment:
** Comment:
# nquan = 16
# nvalues = 632                         
# units = specified
# name 0 = scan: Scan Count
# name 1 = timeJ: Julian Days
# name 2 = timeH: Time, Elapsed [hours]
# name 3 = timeM: Time, Elapsed [minutes]
# name 4 = timeS: Time, Elapsed [seconds]
# name 5 = prdM: Pressure, Strain Gauge [db]
# name 6 = specc: Specific Conductance [uS/cm]
# name 7 = sal00: Salinity, Practical [PSU]
# name 8 = tv290C: Temperature [ITS-90, deg C]
# name 9 = depSM: Depth [salt water, m], lat = 59.00
# name 10 = oxsolML/L: Oxygen Saturation, Garcia & Gordon [ml/l]
# name 11 = potemp090C: Potential Temperature [ITS-90, deg C]
# name 12 = sigma-é00: Density [sigma-theta, kg/m^3]
# name 13 = n2satML/L: Nitrogen Saturation [ml/l]
# name 14 = par: PAR/Irradiance, Biospherical/Licor
# name 15 = flag:  0.000e+00
# span 0 =          1,        632       
# span 1 = 199.555093, 199.556918       
# span 2 =    0.00000,    0.04382       
# span 3 =     0.0000,     2.6292       
# span 4 =      0.000,    157.750       
# span 5 =     -0.008,     61.291       
# span 6 =   1705.977,  50413.013       
# span 7 =     0.8533,    32.0114       
# span 8 =     8.6107,    11.2972       
# span 9 =     -0.008,     60.709       
# span 10 =    6.55405,    7.62971      
# span 11 =     8.6095,    11.2972      
# span 12 =     0.2486,    24.7804      
# span 13 =   11.83274,   14.04020      
# span 14 = 9.2027e-02, 1.8833e+03      
# span 15 = 0.0000e+00, 0.0000e+00      
# interval = seconds: 0.25
# start_time = Jul 18 2018 13:19:20 [Instrument's time stamp, header]
# bad_flag = -9.990e-29
*END*
          1 199.555093    0.00000     0.0000      0.000     -0.001   4120.161     2.1597    11.0372     -0.001    7.60516    11.0728     1.2913   13.98010 1.6655e+03 0.0000e+00
          2 199.555095    0.00007     0.0042      0.250     -0.001   3883.410     2.0289    11.0519     -0.001    7.60886    11.0985     1.1878   13.98824 1.6586e+03 0.0000e+00
          3 199.555098    0.00014     0.0083      0.500     -0.002   3660.953     1.9062    11.0728     -0.002    7.61111    11.1252     1.0899   13.99380 1.6561e+03 0.0000e+00
          4 199.555101    0.00021     0.0125      0.750     -0.002   3475.561     1.8043    11.0985     -0.002    7.61151    11.1494     1.0078   13.99594 1.6588e+03 0.0000e+00
          5 199.555104    0.00028     0.0167      1.000     -0.003   3302.378     1.7096    11.1252     -0.003    7.61138    11.1700     0.9311   13.99708 1.6666e+03 0.0000e+00
          6 199.555107    0.00035     0.0208      1.250     -0.003   3125.471     1.6132    11.1494     -0.003    7.61178    11.1870     0.8533   13.99913 1.6820e+03 0.0000e+00
          7 199.555110    0.00042     0.0250      1.500     -0.002   2945.926     1.5156    11.1700     -0.002    7.61287    11.2008     0.7751   14.00237 1.7078e+03 0.0000e+00
          8 199.555113    0.00049     0.0292      1.750     -0.002   2781.396     1.4265    11.1870     -0.002    7.61417    11.2117     0.7037   14.00584 1.7433e+03 0.0000e+00
          9 199.555116    0.00056     0.0333      2.000     -0.002   2641.001     1.3507    11.2008     -0.002    7.61540    11.2202     0.6431   14.00901 1.7822e+03 0.0000e+00
         10 199.555119    0.00063     0.0375      2.250     -0.002   2515.894     1.2834    11.2117     -0.002    7.61673    11.2272     0.5894   14.01223 1.8156e+03 0.0000e+00
         11 199.555122    0.00069     0.0417      2.500     -0.002   2399.153     1.2208    11.2202     -0.002    7.61824    11.2331     0.5397   14.01568 1.8411e+03 0.0000e+00
         12 199.555124    0.00076     0.0458      2.750     -0.002   2290.255     1.1625    11.2272     -0.002    7.61982    11.2381     0.4935   14.01919 1.8602e+03 0.0000e+00
         13 199.555127    0.00083     0.0500      3.000     -0.002   2190.396     1.1093    11.2331     -0.002    7.62135    11.2421     0.4513   14.02254 1.8723e+03 0.0000e+00
         14 199.555130    0.00090     0.0542      3.250     -0.002   2109.563     1.0663    11.2381     -0.002    7.62255    11.2453     0.4172   14.02520 1.8744e+03 0.0000e+00
         15 199.555133    0.00097     0.0583      3.500     -0.002   2067.154     1.0438    11.2421     -0.002    7.62293    11.2475     0.3991   14.02616 1.8672e+03 0.0000e+00
         16 199.555136    0.00104     0.0625      3.750     -0.002   2078.557     1.0498    11.2453     -0.002    7.62209    11.2490     0.4035   14.02465 1.8594e+03 0.0000e+00
         17 199.555139    0.00111     0.0667      4.000     -0.002   2134.877     1.0796    11.2475     -0.002    7.62025    11.2498     0.4265   14.02112 1.8592e+03 0.0000e+00
         18 199.555142    0.00118     0.0708      4.250     -0.002   2201.411     1.1149    11.2490     -0.002    7.61829    11.2499     0.4539   14.01729 1.8673e+03 0.0000e+00
         19 199.555145    0.00125     0.0750      4.500     -0.002   2251.999     1.1418    11.2498     -0.002    7.61686    11.2496     0.4748   14.01449 1.8781e+03 0.0000e+00
         20 199.555148    0.00132     0.0792      4.750     -0.003   2279.775     1.1566    11.2499     -0.003    7.61613    11.2488     0.4863   14.01304 1.8833e+03 0.0000e+00
         21 199.555150    0.00139     0.0833      5.000     -0.003   2276.086     1.1546    11.2496     -0.003    7.61629    11.2477     0.4848   14.01334 1.8769e+03 0.0000e+00
         22 199.555153    0.00146     0.0875      5.250     -0.003   2245.208     1.1381    11.2488     -0.003    7.61721    11.2463     0.4721   14.01514 1.8504e+03 0.0000e+00
         23 199.555156    0.00153     0.0917      5.500     -0.003   2216.763     1.1230    11.2477     -0.003    7.61814    11.2446     0.4604   14.01692 1.7885e+03 0.0000e+00
         24 199.555159    0.00160     0.0958      5.750     -0.004   2222.480     1.1261    11.2463     -0.004    7.61824    11.2428     0.4630   14.01704 1.6727e+03 0.0000e+00
         25 199.555162    0.00167     0.1000      6.000     -0.004   2271.008     1.1520    11.2446     -0.004    7.61729    11.2411     0.4834   14.01506 1.4946e+03 0.0000e+00
         26 199.555165    0.00174     0.1042      6.250     -0.005   2343.993     1.1910    11.2428     -0.005    7.61573    11.2394     0.5140   14.01186 1.3177e+03 0.0000e+00
         27 199.555168    0.00181     0.1083      6.500     -0.005   2425.103     1.2344    11.2411     -0.005    7.61394    11.2378     0.5480   14.00822 1.2512e+03 0.0000e+00
         28 199.555171    0.00187     0.1125      6.750     -0.005   2510.878     1.2804    11.2394     -0.005    7.61203    11.2365     0.5841   14.00432 1.3055e+03 0.0000e+00
         29 199.555174    0.00194     0.1167      7.000     -0.005   2576.516     1.3157    11.2378     -0.005    7.61061    11.2360     0.6118   14.00141 1.3912e+03 0.0000e+00
         30 199.555177    0.00201     0.1208      7.250     -0.005   2598.251     1.3274    11.2365     -0.005    7.61026    11.2368     0.6211   14.00066 1.4348e+03 0.0000e+00
         31 199.555179    0.00208     0.1250      7.500     -0.005   2571.161     1.3129    11.2360     -0.005    7.61106    11.2400     0.6099   14.00222 1.4150e+03 0.0000e+00
         32 199.555182    0.00215     0.1292      7.750     -0.006   2485.833     1.2672    11.2368     -0.006    7.61311    11.2462     0.5741   14.00635 1.3888e+03 0.0000e+00
         33 199.555185    0.00222     0.1333      8.000     -0.006   2365.008     1.2025    11.2400     -0.006    7.61565    11.2540     0.5233   14.01157 1.4143e+03 0.0000e+00
         34 199.555188    0.00229     0.1375      8.250     -0.007   2243.305     1.1376    11.2462     -0.007    7.61770    11.2609     0.4720   14.01596 1.4308e+03 0.0000e+00
         35 199.555191    0.00236     0.1417      8.500     -0.007   2132.924     1.0788    11.2540     -0.007    7.61916    11.2652     0.4253   14.01927 1.4078e+03 0.0000e+00
         36 199.555194    0.00243     0.1458      8.750     -0.007   2038.613     1.0288    11.2609     -0.007    7.62036    11.2668     0.3855   14.02202 1.3736e+03 0.0000e+00
         37 199.555197    0.00250     0.1500      9.000     -0.006   1953.600     0.9838    11.2652     -0.006    7.62177    11.2665     0.3499   14.02506 1.3559e+03 0.0000e+00
         38 199.555200    0.00257     0.1542      9.250     -0.006   1870.601     0.9400    11.2668     -0.006    7.62359    11.2649     0.3155   14.02878 1.3854e+03 0.0000e+00
         39 199.555203    0.00264     0.1583      9.500     -0.005   1794.135     0.8997    11.2665     -0.005    7.62559    11.2625     0.2840   14.03273 1.4008e+03 0.0000e+00
         40 199.555205    0.00271     0.1625      9.750     -0.005   1736.478     0.8694    11.2649     -0.005    7.62732    11.2596     0.2605   14.03610 1.4056e+03 0.0000e+00
         41 199.555208    0.00278     0.1667     10.000     -0.005   1707.109     0.8539    11.2625     -0.005    7.62849    11.2565     0.2487   14.03829 1.4694e+03 0.0000e+00
         42 199.555211    0.00285     0.1708     10.250     -0.006   1705.977     0.8533    11.2596     -0.006    7.62903    11.2538     0.2486   14.03921 1.5360e+03 0.0000e+00
         43 199.555214    0.00292     0.1750     10.500     -0.006   1722.765     0.8622    11.2565     -0.006    7.62915    11.2521     0.2558   14.03928 1.5511e+03 0.0000e+00
         44 199.555217    0.00299     0.1792     10.750     -0.007   1739.153     0.8709    11.2538     -0.007    7.62921    11.2525     0.2629   14.03926 1.5335e+03 0.0000e+00
         45 199.555220    0.00306     0.1833     11.000     -0.007   1740.068     0.8716    11.2521     -0.007    7.62947    11.2565     0.2636   14.03970 1.5050e+03 0.0000e+00
         46 199.555223    0.00313     0.1875     11.250     -0.007   1727.012     0.8652    11.2525     -0.007    7.62971    11.2647     0.2585   14.04020 1.4782e+03 0.0000e+00
         47 199.555226    0.00319     0.1917     11.500     -0.007   1715.926     0.8601    11.2565     -0.007    7.62927    11.2756     0.2541   14.03954 1.4844e+03 0.0000e+00
         48 199.555229    0.00326     0.1958     11.750     -0.007   1725.896     0.8666    11.2647     -0.007    7.62755    11.2863     0.2583   14.03654 1.5369e+03 0.0000e+00
         49 199.555231    0.00333     0.2000     12.000     -0.008   1775.951     0.8949    11.2756     -0.008    7.62431    11.2941     0.2791   14.03068 1.5838e+03 0.0000e+00
         50 199.555234    0.00340     0.2042     12.250     -0.008   1877.052     0.9511    11.2863     -0.008    7.61977    11.2972     0.3219   14.02223 1.5995e+03 0.0000e+00
         51 199.555237    0.00347     0.2083     12.500     -0.008   2006.361     1.0243    11.2941     -0.008    7.61496    11.2951     0.3780   14.01309 1.5996e+03 0.0000e+00
         52 199.555240    0.00354     0.2125     12.750     -0.007   2133.953     1.0999    11.2972     -0.007    7.61091    11.2882     0.4366   14.00524 1.5871e+03 0.0000e+00
         53 199.555243    0.00361     0.2167     13.000     -0.005   2276.365     1.1891    11.2951     -0.005    7.60722    11.2771     0.5061   13.99788 1.5611e+03 0.0000e+00
         54 199.555246    0.00368     0.2208     13.250     -0.002   2483.333     1.3217    11.2882     -0.002    7.60243    11.2615     0.6099   13.98811 1.5099e+03 0.0000e+00
         55 199.555249    0.00375     0.2250     13.500      0.002   2830.110     1.5437    11.2771      0.002    7.59433    11.2399     0.7836   13.97163 1.4679e+03 0.0000e+00
         56 199.555252    0.00382     0.2292     13.750      0.007   3431.543     1.9261    11.2615      0.007    7.57971    11.2068     1.0825   13.94209 1.4878e+03 0.0000e+00
         57 199.555255    0.00389     0.2333     14.000      0.015   4455.427     2.5749    11.2399      0.015    7.55404    11.1511     1.5890   13.89047 1.5287e+03 0.0000e+00
         58 199.555258    0.00396     0.2375     14.250      0.029   6179.104     3.6653    11.2068      0.028    7.51029    11.0551     2.4400   13.80270 1.5480e+03 0.0000e+00
         59 199.555260    0.00403     0.2417     14.500      0.050   9058.724     5.4862    11.1511      0.050    7.43732    10.8928     3.8612   13.65627 1.5525e+03 0.0000e+00
         60 199.555263    0.00410     0.2458     14.750      0.087  13839.220     8.5112    11.0552      0.086    7.31672    10.6389     6.2225   13.41407 1.5357e+03 0.0000e+00
         61 199.555266    0.00417     0.2500     15.000      0.148  21368.090    13.3072    10.8928      0.147    7.12780    10.3101     9.9672   13.03433 1.4858e+03 0.0000e+00
         62 199.555269    0.00424     0.2542     15.250      0.241  30370.340    19.0891    10.6389      0.239    6.90967     9.9717    14.4907   12.59326 1.3935e+03 0.0000e+00
         63 199.555272    0.00431     0.2583     15.500      0.364  37703.537    23.8202    10.3101      0.361    6.74932     9.6824    18.2122   12.26300 1.2338e+03 0.0000e+00
         64 199.555275    0.00438     0.2625     15.750      0.505  42392.161    26.8443     9.9718      0.501    6.66549     9.4654    20.6124   12.08315 1.0063e+03 0.0000e+00
         65 199.555278    0.00444     0.2667     16.000      0.642  45352.673    28.7511     9.6825      0.636    6.62373     9.3201    22.1383   11.98826 7.8403e+02 0.0000e+00
         66 199.555281    0.00451     0.2708     16.250      0.752  47232.156    29.9619     9.4654      0.745    6.60216     9.2320    23.1128   11.93629 6.2683e+02 0.0000e+00
         67 199.555284    0.00458     0.2750     16.500      0.826  48417.086    30.7266     9.3202      0.818    6.58979     9.1816    23.7297   11.90559 5.2797e+02 0.0000e+00
         68 199.555286    0.00465     0.2792     16.750      0.867  49151.287    31.2016     9.2321      0.859    6.58181     9.1524    24.1127   11.88605 4.7342e+02 0.0000e+00
         69 199.555289    0.00472     0.2833     17.000      0.885  49593.883    31.4885     9.1817      0.877    6.57659     9.1333    24.3436   11.87359 4.5287e+02 0.0000e+00
         70 199.555292    0.00479     0.2875     17.250      0.889  49846.358    31.6515     9.1525      0.881    6.57368     9.1173    24.4748   11.86660 4.5248e+02 0.0000e+00
         71 199.555295    0.00486     0.2917     17.500      0.889  49976.563    31.7341     9.1334      0.881    6.57282     9.1016    24.5419   11.86405 4.6190e+02 0.0000e+00
         72 199.555298    0.00493     0.2958     17.750      0.890  50033.496    31.7681     9.1174      0.882    6.57363     9.0860    24.5707   11.86490 4.7331e+02 0.0000e+00
         73 199.555301    0.00500     0.3000     18.000      0.897  50055.431    31.7790     9.1016      0.889    6.57542     9.0708    24.5815   11.86768 4.8757e+02 0.0000e+00
         74 199.555304    0.00507     0.3042     18.250      0.911  50069.059    31.7850     9.0860      0.902    6.57741     9.0560    24.5885   11.87087 5.0550e+02 0.0000e+00
         75 199.555307    0.00514     0.3083     18.500      0.927  50084.828    31.7931     9.0709      0.918    6.57925     9.0412    24.5971   11.87381 5.2062e+02 0.0000e+00
         76 199.555310    0.00521     0.3125     18.750      0.941  50103.273    31.8035     9.0561      0.933    6.58098     9.0271    24.6075   11.87653 5.2759e+02 0.0000e+00
         77 199.555313    0.00528     0.3167     19.000      0.950  50122.740    31.8148     9.0413      0.941    6.58264     9.0146    24.6186   11.87914 5.2828e+02 0.0000e+00
         78 199.555315    0.00535     0.3208     19.250      0.950  50139.695    31.8245     9.0272      0.941    6.58428     9.0045    24.6283   11.88174 5.3378e+02 0.0000e+00
         79 199.555318    0.00542     0.3250     19.500      0.943  50153.172    31.8321     9.0147      0.934    6.58579     8.9970    24.6362   11.88414 5.5711e+02 0.0000e+00
         80 199.555321    0.00549     0.3292     19.750      0.933  50168.114    31.8411     9.0046      0.924    6.58688     8.9921    24.6448   11.88585 5.8995e+02 0.0000e+00
         81 199.555324    0.00556     0.3333     20.000      0.924  50191.771    31.8567     8.9971      0.915    6.58731     8.9892    24.6581   11.88636 6.0737e+02 0.0000e+00
         82 199.555327    0.00562     0.3375     20.250      0.918  50229.701    31.8827     8.9922      0.910    6.58693     8.9881    24.6792   11.88541 6.1349e+02 0.0000e+00
         83 199.555330    0.00569     0.3417     20.500      0.918  50284.862    31.9211     8.9893      0.909    6.58572     8.9884    24.7098   11.88294 6.2970e+02 0.0000e+00
         84 199.555333    0.00576     0.3458     20.750      0.920  50351.492    31.9679     8.9882      0.911    6.58389     8.9892    24.7465   11.87936 6.5939e+02 0.0000e+00
         85 199.555336    0.00583     0.3500     21.000      0.922  50404.665    32.0054     8.9885      0.914    6.58225     8.9901    24.7758   11.87619 6.5883e+02 0.0000e+00
         86 199.555339    0.00590     0.3542     21.250      0.923  50413.013    32.0114     8.9893      0.914    6.58187     8.9909    24.7804   11.87549 5.9152e+02 0.0000e+00
         87 199.555341    0.00597     0.3583     21.500      0.922  50369.896    31.9812     8.9902      0.914    6.58304     8.9918    24.7566   11.87778 5.1547e+02 0.0000e+00
         88 199.555344    0.00604     0.3625     21.750      0.923  50303.550    31.9345     8.9910      0.915    6.58490     8.9921    24.7199   11.88142 4.6721e+02 0.0000e+00
         89 199.555347    0.00611     0.3667     22.000      0.926  50250.434    31.8972     8.9919      0.917    6.58637     8.9917    24.6906   11.88430 4.2572e+02 0.0000e+00
         90 199.555350    0.00618     0.3708     22.250      0.929  50225.937    31.8800     8.9922      0.921    6.58705     8.9909    24.6771   11.88565 3.9651e+02 0.0000e+00
