CTD-processing/allCTD/CNV--turbid/2018_01-17_alongbay_skb08_cast138.cnv
* Sea-Bird SBE19plus Data File:
* FileName = C:\Users\Kim.Powell\Desktop\Not Processed\2018\2018_01-XX_TRANSECT_4141\2018_01-18_TRANSECT_STATION_cast138.hex
* Software Version 1.59
* Temperature SN =  4141
* Conductivity SN =  4141
* System UpLoad Time = Feb 16 2018 08:52:20
** 2018_01-17
** Station: KB08
** Start Time: 11:29
** Depth (m): 84.4
** Comment: CTD incorrectly recorded date as May 22
** Comment:
# nquan = 16
# nvalues = 676                         
# units = specified
# name 0 = scan: Scan Count
# name 1 = timeJ: Julian Days
# name 2 = timeH: Time, Elapsed [hours]
# name 3 = timeM: Time, Elapsed [minutes]
# name 4 = timeS: Time, Elapsed [seconds]
# name 5 = prdM: Pressure, Strain Gauge [db]
# name 6 = specc: Specific Conductance [uS/cm]
# name 7 = sal00: Salinity, Practical [PSU]
# name 8 = tv290C: Temperature [ITS-90, deg C]
# name 9 = depSM: Depth [salt water, m], lat = 59.00
# name 10 = oxsolML/L: Oxygen Saturation, Garcia & Gordon [ml/l]
# name 11 = potemp090C: Potential Temperature [ITS-90, deg C]
# name 12 = sigma-é00: Density [sigma-theta, kg/m^3]
# name 13 = n2satML/L: Nitrogen Saturation [ml/l]
# name 14 = par: PAR/Irradiance, Biospherical/Licor
# name 15 = flag:  0.000e+00
# span 0 =          1,        676       
# span 1 = 142.478970, 142.480923       
# span 2 =    0.00000,    0.04688       
# span 3 =     0.0000,     2.8125       
# span 4 =      0.000,    168.750       
# span 5 =     -0.089,     80.987       
# span 6 =  17002.963,  50533.105       
# span 7 =    10.2322,    31.4881       
# span 8 =     4.7471,     5.6733       
# span 9 =     -0.088,     80.214       
# span 10 =    7.12646,    8.43229      
# span 11 =     4.8824,     5.6671      
# span 12 =     8.0820,    24.8178      
# span 13 =   12.78238,   15.26240      
# span 14 = 3.6382e-02, 1.3776e+02      
# span 15 = 0.0000e+00, 0.0000e+00      
# interval = seconds: 0.25
# start_time = May 22 2017 11:29:43 [Instrument's time stamp, header]
# bad_flag = -9.990e-29
*END*
[from data line 362]
        363 142.480017    0.02514     1.5083     90.500     13.626  50323.770    31.3130     5.3648     13.498    7.18709     5.3608    24.7136   12.88476 7.4528e+00 0.0000e+00
        364 142.480020    0.02521     1.5125     90.750     13.836  50325.062    31.3134     5.3632     13.706    7.18734     5.3599    24.7141   12.88516 7.1952e+00 0.0000e+00
        365 142.480023    0.02528     1.5167     91.000     14.044  50327.734    31.3149     5.3618     13.912    7.18750     5.3597    24.7154   12.88541 6.9488e+00 0.0000e+00
        366 142.480026    0.02535     1.5208     91.250     14.251  50330.430    31.3165     5.3610     14.118    7.18756     5.3597    24.7167   12.88550 6.7110e+00 0.0000e+00
        367 142.480029    0.02542     1.5250     91.500     14.459  50331.074    31.3168     5.3608     14.324    7.18758     5.3595    24.7170   12.88553 6.4792e+00 0.0000e+00
        368 142.480032    0.02549     1.5292     91.750     14.669  50329.937    31.3159     5.3608     14.531    7.18762     5.3589    24.7163   12.88560 6.2536e+00 0.0000e+00
        369 142.480035    0.02556     1.5333     92.000     14.879  50328.537    31.3147     5.3606     14.739    7.18771     5.3580    24.7155   12.88576 6.0355e+00 0.0000e+00
        370 142.480038    0.02562     1.5375     92.250     15.089  50327.293    31.3137     5.3600     14.948    7.18786     5.3566    24.7147   12.88602 5.8241e+00 0.0000e+00
        371 142.480041    0.02569     1.5417     92.500     15.301  50325.594    31.3122     5.3591     15.158    7.18809     5.3547    24.7137   12.88642 5.6189e+00 0.0000e+00
        372 142.480043    0.02576     1.5458     92.750     15.514  50323.934    31.3107     5.3577     15.369    7.18840     5.3526    24.7126   12.88695 5.4198e+00 0.0000e+00
        373 142.480046    0.02583     1.5500     93.000     15.727  50323.959    31.3103     5.3559     15.580    7.18875     5.3509    24.7125   12.88753 5.2272e+00 0.0000e+00
        374 142.480049    0.02590     1.5542     93.250     15.941  50325.847    31.3110     5.3538     15.791    7.18906     5.3498    24.7133   12.88803 5.0413e+00 0.0000e+00
        375 142.480052    0.02597     1.5583     93.500     16.154  50328.688    31.3125     5.3521     16.002    7.18928     5.3494    24.7147   12.88838 4.8627e+00 0.0000e+00
        376 142.480055    0.02604     1.5625     93.750     16.364  50331.535    31.3142     5.3510     16.210    7.18938     5.3496    24.7161   12.88853 4.6930e+00 0.0000e+00
        377 142.480058    0.02611     1.5667     94.000     16.570  50333.621    31.3154     5.3506     16.414    7.18939     5.3501    24.7171   12.88853 4.5329e+00 0.0000e+00
        378 142.480061    0.02618     1.5708     94.250     16.772  50335.240    31.3165     5.3508     16.614    7.18931     5.3512    24.7180   12.88838 4.3820e+00 0.0000e+00
        379 142.480064    0.02625     1.5750     94.500     16.969  50337.188    31.3178     5.3514     16.810    7.18914     5.3528    24.7190   12.88809 4.2387e+00 0.0000e+00
        380 142.480067    0.02632     1.5792     94.750     17.163  50339.413    31.3195     5.3525     17.003    7.18888     5.3548    24.7202   12.88763 4.1012e+00 0.0000e+00
        381 142.480069    0.02639     1.5833     95.000     17.357  50340.726    31.3207     5.3541     17.194    7.18855     5.3569    24.7209   12.88707 3.9686e+00 0.0000e+00
        382 142.480072    0.02646     1.5875     95.250     17.550  50340.642    31.3209     5.3561     17.385    7.18819     5.3587    24.7209   12.88648 3.8401e+00 0.0000e+00
        383 142.480075    0.02653     1.5917     95.500     17.744  50339.912    31.3208     5.3581     17.578    7.18785     5.3603    24.7205   12.88591 3.7148e+00 0.0000e+00
        384 142.480078    0.02660     1.5958     95.750     17.941  50338.706    31.3202     5.3600     17.773    7.18755     5.3614    24.7199   12.88542 3.5917e+00 0.0000e+00
        385 142.480081    0.02667     1.6000     96.000     18.141  50336.921    31.3192     5.3616     17.971    7.18732     5.3620    24.7189   12.88507 3.4705e+00 0.0000e+00
        386 142.480084    0.02674     1.6042     96.250     18.345  50334.974    31.3180     5.3628     18.173    7.18719     5.3621    24.7178   12.88486 3.3509e+00 0.0000e+00
        387 142.480087    0.02681     1.6083     96.500     18.553  50333.346    31.3169     5.3634     18.379    7.18714     5.3619    24.7169   12.88478 3.2335e+00 0.0000e+00
        388 142.480090    0.02688     1.6125     96.750     18.762  50332.435    31.3162     5.3635     18.586    7.18715     5.3615    24.7163   12.88481 3.1192e+00 0.0000e+00
        389 142.480093    0.02694     1.6167     97.000     18.973  50332.022    31.3158     5.3633     18.795    7.18720     5.3608    24.7160   12.88491 3.0088e+00 0.0000e+00
        390 142.480095    0.02701     1.6208     97.250     19.184  50331.296    31.3151     5.3629     19.004    7.18731     5.3598    24.7155   12.88509 2.9024e+00 0.0000e+00
        391 142.480098    0.02708     1.6250     97.500     19.396  50330.296    31.3142     5.3622     19.213    7.18747     5.3586    24.7149   12.88536 2.7997e+00 0.0000e+00
        392 142.480101    0.02715     1.6292     97.750     19.608  50329.442    31.3133     5.3613     19.423    7.18767     5.3571    24.7143   12.88572 2.6999e+00 0.0000e+00
        393 142.480104    0.02722     1.6333     98.000     19.821  50328.370    31.3122     5.3600     19.634    7.18794     5.3552    24.7135   12.88617 2.6028e+00 0.0000e+00
        394 142.480107    0.02729     1.6375     98.250     20.035  50327.216    31.3110     5.3585     19.847    7.18825     5.3530    24.7127   12.88671 2.5086e+00 0.0000e+00
        395 142.480110    0.02736     1.6417     98.500     20.252  50326.736    31.3102     5.3567     20.062    7.18861     5.3509    24.7123   12.88731 2.4173e+00 0.0000e+00
        396 142.480113    0.02743     1.6458     98.750     20.470  50327.144    31.3099     5.3545     20.278    7.18898     5.3491    24.7123   12.88792 2.3284e+00 0.0000e+00
        397 142.480116    0.02750     1.6500     99.000     20.690  50328.267    31.3101     5.3524     20.495    7.18933     5.3475    24.7127   12.88849 2.2422e+00 0.0000e+00
        398 142.480119    0.02757     1.6542     99.250     20.909  50329.818    31.3107     5.3506     20.713    7.18962     5.3463    24.7134   12.88897 2.1590e+00 0.0000e+00
        399 142.480122    0.02764     1.6583     99.500     21.130  50331.430    31.3114     5.3491     20.931    7.18985     5.3454    24.7142   12.88934 2.0792e+00 0.0000e+00
        400 142.480124    0.02771     1.6625     99.750     21.352  50332.880    31.3120     5.3479     21.151    7.19002     5.3447    24.7148   12.88961 2.0024e+00 0.0000e+00
        401 142.480127    0.02778     1.6667    100.000     21.576  50334.189    31.3126     5.3470     21.373    7.19014     5.3442    24.7154   12.88980 1.9276e+00 0.0000e+00
        402 142.480130    0.02785     1.6708    100.250     21.803  50335.478    31.3133     5.3464     21.598    7.19022     5.3440    24.7160   12.88993 1.8543e+00 0.0000e+00
        403 142.480133    0.02792     1.6750    100.500     22.034  50336.827    31.3140     5.3459     21.827    7.19027     5.3439    24.7166   12.88999 1.7826e+00 0.0000e+00
        404 142.480136    0.02799     1.6792    100.750     22.270  50338.194    31.3148     5.3457     22.060    7.19027     5.3440    24.7172   12.88999 1.7128e+00 0.0000e+00
        405 142.480139    0.02806     1.6833    101.000     22.508  50339.337    31.3154     5.3456     22.296    7.19025     5.3442    24.7178   12.88994 1.6449e+00 0.0000e+00
        406 142.480142    0.02813     1.6875    101.250     22.748  50340.056    31.3158     5.3457     22.534    7.19021     5.3444    24.7181   12.88987 1.5791e+00 0.0000e+00
        407 142.480145    0.02819     1.6917    101.500     22.989  50340.462    31.3160     5.3459     22.773    7.19016     5.3445    24.7182   12.88980 1.5157e+00 0.0000e+00
        408 142.480148    0.02826     1.6958    101.750     23.230  50340.717    31.3162     5.3461     23.011    7.19012     5.3445    24.7183   12.88974 1.4549e+00 0.0000e+00
        409 142.480150    0.02833     1.7000    102.000     23.471  50341.024    31.3163     5.3462     23.250    7.19010     5.3446    24.7184   12.88969 1.3966e+00 0.0000e+00
        410 142.480153    0.02840     1.7042    102.250     23.710  50341.661    31.3166     5.3463     23.487    7.19008     5.3446    24.7186   12.88965 1.3412e+00 0.0000e+00
        411 142.480156    0.02847     1.7083    102.500     23.947  50342.644    31.3172     5.3463     23.722    7.19004     5.3448    24.7191   12.88959 1.2890e+00 0.0000e+00
        412 142.480159    0.02854     1.7125    102.750     24.180  50343.892    31.3179     5.3464     23.952    7.18999     5.3453    24.7197   12.88949 1.2400e+00 0.0000e+00
        413 142.480162    0.02861     1.7167    103.000     24.407  50345.307    31.3189     5.3467     24.177    7.18991     5.3459    24.7204   12.88934 1.1939e+00 0.0000e+00
        414 142.480165    0.02868     1.7208    103.250     24.628  50346.476    31.3197     5.3471     24.396    7.18980     5.3466    24.7209   12.88914 1.1505e+00 0.0000e+00
        415 142.480168    0.02875     1.7250    103.500     24.846  50347.180    31.3202     5.3477     24.612    7.18966     5.3474    24.7213   12.88892 1.1093e+00 0.0000e+00
        416 142.480171    0.02882     1.7292    103.750     25.061  50347.786    31.3206     5.3485     24.825    7.18952     5.3482    24.7215   12.88867 1.0699e+00 0.0000e+00
        417 142.480174    0.02889     1.7333    104.000     25.275  50348.579    31.3212     5.3492     25.037    7.18936     5.3491    24.7219   12.88839 1.0323e+00 0.0000e+00
        418 142.480177    0.02896     1.7375    104.250     25.488  50349.283    31.3218     5.3501     25.249    7.18918     5.3501    24.7223   12.88809 9.9597e-01 0.0000e+00
        419 142.480179    0.02903     1.7417    104.500     25.702  50349.370    31.3220     5.3511     25.461    7.18901     5.3509    24.7223   12.88781 9.6058e-01 0.0000e+00
        420 142.480182    0.02910     1.7458    104.750     25.918  50348.729    31.3216     5.3520     25.674    7.18886     5.3514    24.7219   12.88758 9.2606e-01 0.0000e+00
        421 142.480185    0.02917     1.7500    105.000     26.135  50347.688    31.3210     5.3528     25.889    7.18876     5.3515    24.7213   12.88741 8.9239e-01 0.0000e+00
        422 142.480188    0.02924     1.7542    105.250     26.354  50346.708    31.3203     5.3533     26.106    7.18870     5.3514    24.7207   12.88733 8.5953e-01 0.0000e+00
        423 142.480191    0.02931     1.7583    105.500     26.577  50346.157    31.3198     5.3535     26.326    7.18869     5.3512    24.7204   12.88732 8.2753e-01 0.0000e+00
        424 142.480194    0.02937     1.7625    105.750     26.802  50346.113    31.3197     5.3534     26.549    7.18871     5.3510    24.7203   12.88735 7.9659e-01 0.0000e+00
        425 142.480197    0.02944     1.7667    106.000     27.027  50346.420    31.3197     5.3532     26.772    7.18874     5.3507    24.7203   12.88740 7.6699e-01 0.0000e+00
        426 142.480200    0.02951     1.7708    106.250     27.249  50346.896    31.3199     5.3530     26.993    7.18877     5.3505    24.7205   12.88746 7.3903e-01 0.0000e+00
        427 142.480203    0.02958     1.7750    106.500     27.468  50347.320    31.3200     5.3528     27.209    7.18881     5.3503    24.7206   12.88751 7.1278e-01 0.0000e+00
        428 142.480205    0.02965     1.7792    106.750     27.681  50347.531    31.3200     5.3526     27.421    7.18884     5.3500    24.7206   12.88756 6.8809e-01 0.0000e+00
        429 142.480208    0.02972     1.7833    107.000     27.891  50347.695    31.3200     5.3524     27.629    7.18888     5.3498    24.7206   12.88762 6.6458e-01 0.0000e+00
        430 142.480211    0.02979     1.7875    107.250     28.101  50347.844    31.3200     5.3521     27.837    7.18892     5.3496    24.7206   12.88769 6.4163e-01 0.0000e+00
        431 142.480214    0.02986     1.7917    107.500     28.314  50347.887    31.3199     5.3519     28.048    7.18896     5.3494    24.7206   12.88776 6.1902e-01 0.0000e+00
        432 142.480217    0.02993     1.7958    107.750     28.529  50347.799    31.3197     5.3517     28.261    7.18901     5.3491    24.7204   12.88784 5.9705e-01 0.0000e+00
        433 142.480220    0.03000     1.8000    108.000     28.745  50347.653    31.3194     5.3515     28.474    7.18906     5.3487    24.7203   12.88792 5.7617e-01 0.0000e+00
        434 142.480223    0.03007     1.8042    108.250     28.958  50347.790    31.3193     5.3512     28.685    7.18911     5.3484    24.7203   12.88801 5.5654e-01 0.0000e+00
        435 142.480226    0.03014     1.8083    108.500     29.165  50348.281    31.3195     5.3509     28.891    7.18915     5.3482    24.7204   12.88809 5.3806e-01 0.0000e+00
        436 142.480229    0.03021     1.8125    108.750     29.367  50348.891    31.3198     5.3506     29.091    7.18919     5.3481    24.7207   12.88814 5.2051e-01 0.0000e+00
        437 142.480231    0.03028     1.8167    109.000     29.564  50349.466    31.3200     5.3504     29.286    7.18921     5.3480    24.7209   12.88818 5.0378e-01 0.0000e+00
        438 142.480234    0.03035     1.8208    109.250     29.760  50349.783    31.3201     5.3503     29.480    7.18923     5.3480    24.7210   12.88820 4.8766e-01 0.0000e+00
        439 142.480237    0.03042     1.8250    109.500     29.956  50349.760    31.3200     5.3503     29.674    7.18924     5.3479    24.7209   12.88822 4.7197e-01 0.0000e+00
        440 142.480240    0.03049     1.8292    109.750     30.154  50349.817    31.3200     5.3502     29.870    7.18924     5.3479    24.7208   12.88823 4.5665e-01 0.0000e+00
        441 142.480243    0.03056     1.8333    110.000     30.356  50350.353    31.3202     5.3502     30.070    7.18923     5.3480    24.7211   12.88821 4.4161e-01 0.0000e+00
        442 142.480246    0.03062     1.8375    110.250     30.561  50351.163    31.3207     5.3502     30.273    7.18922     5.3481    24.7214   12.88818 4.2683e-01 0.0000e+00
        443 142.480249    0.03069     1.8417    110.500     30.768  50351.653    31.3209     5.3503     30.478    7.18919     5.3482    24.7216   12.88814 4.1228e-01 0.0000e+00
        444 142.480252    0.03076     1.8458    110.750     30.979  50351.710    31.3209     5.3504     30.687    7.18917     5.3484    24.7216   12.88810 3.9800e-01 0.0000e+00
        445 142.480255    0.03083     1.8500    111.000     31.191  50351.866    31.3209     5.3505     30.897    7.18914     5.3485    24.7216   12.88806 3.8400e-01 0.0000e+00
        446 142.480258    0.03090     1.8542    111.250     31.404  50352.288    31.3211     5.3507     31.108    7.18911     5.3488    24.7218   12.88800 3.7041e-01 0.0000e+00
        447 142.480260    0.03097     1.8583    111.500     31.618  50352.753    31.3214     5.3509     31.320    7.18906     5.3491    24.7219   12.88791 3.5737e-01 0.0000e+00
        448 142.480263    0.03104     1.8625    111.750     31.834  50353.099    31.3216     5.3511     31.533    7.18900     5.3494    24.7220   12.88782 3.4493e-01 0.0000e+00
        449 142.480266    0.03111     1.8667    112.000     32.050  50353.138    31.3216     5.3515     31.748    7.18895     5.3496    24.7220   12.88772 3.3283e-01 0.0000e+00
        450 142.480269    0.03118     1.8708    112.250     32.268  50352.923    31.3214     5.3518     31.964    7.18890     5.3497    24.7219   12.88765 3.2087e-01 0.0000e+00
        451 142.480272    0.03125     1.8750    112.500     32.490  50352.709    31.3212     5.3520     32.183    7.18888     5.3497    24.7217   12.88761 3.0926e-01 0.0000e+00
