CTD-processing/allCTD/CNV--turbid/2018_03-02_alongbay_skb07_cast007.cnv
* Sea-Bird SBE19plus Data File:
* FileName = C:\Users\Kim.Powell\Desktop\Not Processed\2018\2018_03-02_AlongBay,T9_5028\2018_03-02_TRANSECT_STATION_cast007.hex
* Software Version 1.59
* Temperature SN =  5028
* Conductivity SN =  5028
* System UpLoad Time = Mar 05 2018 11:25:43
** 2018_03-02
** Station: KB07
** Start Time: 12:32
** Depth (m): 149.7
** Comment:**CTD time 1 hour off
** Comment:
# nquan = 16
# nvalues = 1061                        
# units = specified
# name 0 = scan: Scan Count
# name 1 = timeJ: Julian Days
# name 2 = timeH: Time, Elapsed [hours]
# name 3 = timeM: Time, Elapsed [minutes]
# name 4 = timeS: Time, Elapsed [seconds]
# name 5 = prdM: Pressure, Strain Gauge [db]
# name 6 = specc: Specific Conductance [uS/cm]
# name 7 = sal00: Salinity, Practical [PSU]
# name 8 = tv290C: Temperature [ITS-90, deg C]
# name 9 = depSM: Depth [salt water, m], lat = 59.00
# name 10 = oxsolML/L: Oxygen Saturation, Garcia & Gordon [ml/l]
# name 11 = potemp090C: Potential Temperature [ITS-90, deg C]
# name 12 = sigma-é00: Density [sigma-theta, kg/m^3]
# name 13 = n2satML/L: Nitrogen Saturation [ml/l]
# name 14 = par: PAR/Irradiance, Biospherical/Licor
# name 15 = flag:  0.000e+00
# span 0 =          1,       1061       
# span 1 =  61.563611,  61.566678       
# span 2 =    0.00000,    0.07361       
# span 3 =     0.0000,     4.4167       
# span 4 =      0.000,    265.000       
# span 5 =      0.160,    146.043       
# span 6 =  25376.534,  51543.606       
# span 7 =    14.9044,    31.6990       
# span 8 =    -0.0640,     3.8752       
# span 9 =      0.158,    144.626       
# span 10 =    7.43072,    9.30519      
# span 11 =     0.6789,     3.8660      
# span 12 =    11.8578,    25.1796      
# span 13 =   13.28202,   16.64748      
# span 14 = 3.7976e-02, 2.5379e+02      
# span 15 = 0.0000e+00, 0.0000e+00      
# interval = seconds: 0.25
# start_time = Mar 02 2018 13:31:36 [Instrument's time stamp, header]
# bad_flag = -9.990e-29
*END*
[from data line 272]
        273  61.564398    0.01889     1.1333     68.000      0.952  51353.275    31.3669     2.6133      0.943    7.68365     2.6127    25.0169   13.70371 1.2417e+02 0.0000e+00
        274  61.564401    0.01896     1.1375     68.250      0.960  51353.075    31.3667     2.6130      0.951    7.68370     2.6125    25.0167   13.70380 1.2528e+02 0.0000e+00
        275  61.564404    0.01903     1.1417     68.500      0.964  51353.422    31.3669     2.6128      0.955    7.68374     2.6124    25.0169   13.70387 1.2698e+02 0.0000e+00
        276  61.564407    0.01910     1.1458     68.750      0.967  51354.052    31.3673     2.6125      0.958    7.68377     2.6124    25.0172   13.70390 1.2873e+02 0.0000e+00
        277  61.564410    0.01917     1.1500     69.000      0.969  51354.546    31.3676     2.6124      0.959    7.68377     2.6124    25.0175   13.70391 1.2965e+02 0.0000e+00
        278  61.564413    0.01924     1.1542     69.250      0.970  51354.768    31.3677     2.6124      0.960    7.68376     2.6124    25.0176   13.70390 1.2982e+02 0.0000e+00
        279  61.564416    0.01931     1.1583     69.500      0.968  51354.803    31.3678     2.6125      0.959    7.68376     2.6124    25.0176   13.70389 1.2988e+02 0.0000e+00
        280  61.564418    0.01938     1.1625     69.750      0.964  51354.848    31.3678     2.6125      0.955    7.68375     2.6124    25.0176   13.70388 1.3034e+02 0.0000e+00
        281  61.564421    0.01944     1.1667     70.000      0.958  51355.043    31.3679     2.6125      0.949    7.68374     2.6125    25.0177   13.70387 1.3071e+02 0.0000e+00
        282  61.564424    0.01951     1.1708     70.250      0.952  51355.476    31.3682     2.6125      0.943    7.68373     2.6128    25.0179   13.70383 1.3032e+02 0.0000e+00
        283  61.564427    0.01958     1.1750     70.500      0.946  51356.209    31.3688     2.6126      0.937    7.68368     2.6134    25.0183   13.70375 1.2958e+02 0.0000e+00
        284  61.564430    0.01965     1.1792     70.750      0.943  51357.282    31.3696     2.6128      0.934    7.68359     2.6142    25.0190   13.70358 1.2950e+02 0.0000e+00
        285  61.564433    0.01972     1.1833     71.000      0.944  51358.471    31.3705     2.6134      0.935    7.68343     2.6153    25.0197   13.70331 1.3020e+02 0.0000e+00
        286  61.564436    0.01979     1.1875     71.250      0.949  51359.164    31.3712     2.6143      0.940    7.68323     2.6164    25.0202   13.70296 1.3069e+02 0.0000e+00
        287  61.564439    0.01986     1.1917     71.500      0.957  51359.072    31.3714     2.6154      0.948    7.68301     2.6173    25.0203   13.70259 1.3078e+02 0.0000e+00
        288  61.564442    0.01993     1.1958     71.750      0.965  51358.294    31.3712     2.6165      0.955    7.68281     2.6179    25.0200   13.70227 1.3167e+02 0.0000e+00
        289  61.564444    0.02000     1.2000     72.000      0.969  51356.967    31.3705     2.6174      0.959    7.68267     2.6180    25.0194   13.70205 1.3403e+02 0.0000e+00
        290  61.564447    0.02007     1.2042     72.250      0.968  51355.477    31.3697     2.6179      0.959    7.68260     2.6178    25.0187   13.70196 1.3594e+02 0.0000e+00
        291  61.564450    0.02014     1.2083     72.500      0.965  51354.250    31.3689     2.6181      0.956    7.68261     2.6173    25.0181   13.70199 1.3540e+02 0.0000e+00
        292  61.564453    0.02021     1.2125     72.750      0.962  51353.574    31.3684     2.6179      0.953    7.68268     2.6168    25.0177   13.70212 1.3383e+02 0.0000e+00
        293  61.564456    0.02028     1.2167     73.000      0.960  51353.576    31.3683     2.6174      0.951    7.68278     2.6164    25.0176   13.70228 1.3267e+02 0.0000e+00
        294  61.564459    0.02035     1.2208     73.250      0.959  51354.192    31.3685     2.6168      0.950    7.68287     2.6162    25.0179   13.70241 1.3135e+02 0.0000e+00
        295  61.564462    0.02042     1.2250     73.500      0.957  51355.130    31.3691     2.6164      0.948    7.68292     2.6161    25.0184   13.70249 1.2992e+02 0.0000e+00
        296  61.564465    0.02049     1.2292     73.750      0.953  51355.825    31.3695     2.6162      0.944    7.68294     2.6160    25.0187   13.70253 1.2971e+02 0.0000e+00
        297  61.564468    0.02056     1.2333     74.000      0.947  51356.107    31.3696     2.6161      0.938    7.68295     2.6160    25.0188   13.70254 1.3124e+02 0.0000e+00
        298  61.564470    0.02063     1.2375     74.250      0.945  51356.460    31.3698     2.6160      0.936    7.68295     2.6161    25.0190   13.70253 1.3293e+02 0.0000e+00
        299  61.564473    0.02069     1.2417     74.500      0.947  51357.148    31.3703     2.6160      0.938    7.68293     2.6164    25.0194   13.70249 1.3351e+02 0.0000e+00
        300  61.564476    0.02076     1.2458     74.750      0.954  51357.899    31.3708     2.6161      0.945    7.68288     2.6168    25.0198   13.70240 1.3380e+02 0.0000e+00
        301  61.564479    0.02083     1.2500     75.000      0.961  51358.406    31.3713     2.6164      0.952    7.68280     2.6172    25.0201   13.70227 1.3482e+02 0.0000e+00
        302  61.564482    0.02090     1.2542     75.250      0.966  51358.479    31.3714     2.6168      0.957    7.68272     2.6175    25.0202   13.70212 1.3608e+02 0.0000e+00
        303  61.564485    0.02097     1.2583     75.500      0.969  51358.065    31.3713     2.6173      0.960    7.68264     2.6177    25.0200   13.70200 1.3636e+02 0.0000e+00
        304  61.564488    0.02104     1.2625     75.750      0.968  51357.306    31.3709     2.6176      0.959    7.68260     2.6176    25.0196   13.70194 1.3551e+02 0.0000e+00
        305  61.564491    0.02111     1.2667     76.000      0.965  51356.713    31.3705     2.6178      0.956    7.68259     2.6175    25.0193   13.70193 1.3426e+02 0.0000e+00
        306  61.564494    0.02118     1.2708     76.250      0.959  51356.897    31.3706     2.6177      0.951    7.68260     2.6176    25.0194   13.70194 1.3348e+02 0.0000e+00
        307  61.564497    0.02125     1.2750     76.500      0.952  51357.784    31.3712     2.6176      0.943    7.68259     2.6179    25.0199   13.70191 1.3335e+02 0.0000e+00
        308  61.564499    0.02132     1.2792     76.750      0.944  51358.855    31.3719     2.6177      0.936    7.68254     2.6184    25.0205   13.70182 1.3313e+02 0.0000e+00
        309  61.564502    0.02139     1.2833     77.000      0.937  51359.497    31.3724     2.6180      0.929    7.68245     2.6188    25.0209   13.70166 1.3327e+02 0.0000e+00
        310  61.564505    0.02146     1.2875     77.250      0.932  51359.210    31.3724     2.6185      0.924    7.68236     2.6191    25.0208   13.70152 1.3487e+02 0.0000e+00
        311  61.564508    0.02153     1.2917     77.500      0.929  51358.273    31.3719     2.6189      0.921    7.68230     2.6191    25.0203   13.70143 1.3709e+02 0.0000e+00
        312  61.564511    0.02160     1.2958     77.750      0.931  51357.407    31.3713     2.6191      0.922    7.68228     2.6190    25.0199   13.70141 1.3865e+02 0.0000e+00
        313  61.564514    0.02167     1.3000     78.000      0.937  51356.836    31.3709     2.6191      0.929    7.68230     2.6188    25.0196   13.70144 1.3899e+02 0.0000e+00
        314  61.564517    0.02174     1.3042     78.250      0.948  51356.282    31.3705     2.6190      0.939    7.68234     2.6186    25.0193   13.70152 1.3782e+02 0.0000e+00
        315  61.564520    0.02181     1.3083     78.500      0.959  51355.742    31.3701     2.6188      0.951    7.68240     2.6184    25.0190   13.70161 1.3553e+02 0.0000e+00
        316  61.564523    0.02187     1.3125     78.750      0.967  51355.505    31.3699     2.6186      0.958    7.68245     2.6181    25.0188   13.70170 1.3251e+02 0.0000e+00
        317  61.564525    0.02194     1.3167     79.000      0.967  51355.513    31.3699     2.6184      0.957    7.68250     2.6178    25.0188   13.70178 1.2954e+02 0.0000e+00
        318  61.564528    0.02201     1.3208     79.250      0.956  51355.529    31.3698     2.6181      0.946    7.68256     2.6174    25.0187   13.70188 1.2821e+02 0.0000e+00
        319  61.564531    0.02208     1.3250     79.500      0.937  51355.479    31.3697     2.6178      0.928    7.68263     2.6169    25.0187   13.70199 1.2939e+02 0.0000e+00
        320  61.564534    0.02215     1.3292     79.750      0.919  51355.495    31.3696     2.6174      0.910    7.68271     2.6165    25.0187   13.70213 1.3255e+02 0.0000e+00
        321  61.564537    0.02222     1.3333     80.000      0.910  51355.663    31.3696     2.6170      0.901    7.68279     2.6161    25.0187   13.70226 1.3586e+02 0.0000e+00
        322  61.564540    0.02229     1.3375     80.250      0.917  51355.745    31.3696     2.6166      0.908    7.68287     2.6156    25.0187   13.70240 1.3722e+02 0.0000e+00
        323  61.564543    0.02236     1.3417     80.500      0.941  51355.468    31.3692     2.6161      0.932    7.68297     2.6150    25.0184   13.70257 1.3575e+02 0.0000e+00
        324  61.564546    0.02243     1.3458     80.750      0.980  51354.919    31.3687     2.6157      0.970    7.68309     2.6143    25.0181   13.70277 1.3224e+02 0.0000e+00
        325  61.564549    0.02250     1.3500     81.000      1.030  51354.385    31.3681     2.6151      1.020    7.68323     2.6134    25.0177   13.70301 1.2757e+02 0.0000e+00
        326  61.564552    0.02257     1.3542     81.250      1.094  51353.954    31.3676     2.6143      1.083    7.68340     2.6124    25.0173   13.70330 1.2105e+02 0.0000e+00
        327  61.564554    0.02264     1.3583     81.500      1.179  51353.516    31.3670     2.6135      1.168    7.68359     2.6113    25.0169   13.70363 1.1248e+02 0.0000e+00
        328  61.564557    0.02271     1.3625     81.750      1.287  51352.983    31.3663     2.6125      1.275    7.68382     2.6100    25.0165   13.70400 1.0345e+02 0.0000e+00
        329  61.564560    0.02278     1.3667     82.000      1.413  51352.419    31.3656     2.6114      1.400    7.68407     2.6086    25.0160   13.70443 9.4804e+01 0.0000e+00
        330  61.564563    0.02285     1.3708     82.250      1.554  51351.884    31.3648     2.6101      1.539    7.68436     2.6069    25.0154   13.70492 8.6413e+01 0.0000e+00
        331  61.564566    0.02292     1.3750     82.500      1.708  51351.509    31.3641     2.6086      1.692    7.68468     2.6053    25.0150   13.70546 7.8439e+01 0.0000e+00
        332  61.564569    0.02299     1.3792     82.750      1.875  51351.779    31.3637     2.6070      1.858    7.68501     2.6039    25.0148   13.70600 7.1172e+01 0.0000e+00
        333  61.564572    0.02306     1.3833     83.000      2.056  51352.660    31.3638     2.6054      2.037    7.68531     2.6028    25.0150   13.70650 6.4658e+01 0.0000e+00
        334  61.564575    0.02313     1.3875     83.250      2.250  51353.789    31.3641     2.6040      2.229    7.68557     2.6020    25.0153   13.70693 5.8778e+01 0.0000e+00
        335  61.564578    0.02319     1.3917     83.500      2.454  51355.480    31.3648     2.6029      2.431    7.68576     2.6017    25.0160   13.70722 5.3464e+01 0.0000e+00
        336  61.564580    0.02326     1.3958     83.750      2.664  51357.596    31.3659     2.6021      2.639    7.68585     2.6018    25.0169   13.70736 4.8716e+01 0.0000e+00
        337  61.564583    0.02333     1.4000     84.000      2.874  51359.393    31.3670     2.6018      2.847    7.68585     2.6023    25.0178   13.70735 4.4552e+01 0.0000e+00
        338  61.564586    0.02340     1.4042     84.250      3.080  51361.129    31.3681     2.6019      3.051    7.68577     2.6035    25.0186   13.70720 4.0965e+01 0.0000e+00
        339  61.564589    0.02347     1.4083     84.500      3.278  51364.090    31.3701     2.6025      3.248    7.68556     2.6059    25.0202   13.70683 3.7873e+01 0.0000e+00
        340  61.564592    0.02354     1.4125     84.750      3.468  51368.807    31.3735     2.6037      3.436    7.68514     2.6101    25.0228   13.70609 3.5137e+01 0.0000e+00
        341  61.564595    0.02361     1.4167     85.000      3.651  51375.747    31.3787     2.6061      3.617    7.68440     2.6169    25.0268   13.70481 3.2615e+01 0.0000e+00
        342  61.564598    0.02368     1.4208     85.250      3.828  51386.138    31.3868     2.6103      3.792    7.68318     2.6269    25.0329   13.70268 3.0207e+01 0.0000e+00
        343  61.564601    0.02375     1.4250     85.500      4.005  51397.723    31.3963     2.6171      3.967    7.68136     2.6388    25.0400   13.69955 2.7884e+01 0.0000e+00
        344  61.564604    0.02382     1.4292     85.750      4.187  51404.344    31.4034     2.6271      4.147    7.67908     2.6507    25.0449   13.69569 2.5662e+01 0.0000e+00
        345  61.564606    0.02389     1.4333     86.000      4.379  51402.424    31.4052     2.6391      4.338    7.67668     2.6607    25.0454   13.69171 2.3557e+01 0.0000e+00
        346  61.564609    0.02396     1.4375     86.250      4.586  51394.101    31.4027     2.6509      4.543    7.67453     2.6683    25.0425   13.68820 2.1574e+01 0.0000e+00
        347  61.564612    0.02403     1.4417     86.500      4.810  51384.336    31.3988     2.6610      4.765    7.67281     2.6732    25.0386   13.68541 1.9716e+01 0.0000e+00
        348  61.564615    0.02410     1.4458     86.750      5.048  51374.295    31.3939     2.6686      5.000    7.67160     2.6746    25.0341   13.68349 1.8006e+01 0.0000e+00
        349  61.564618    0.02417     1.4500     87.000      5.292  51360.254    31.3857     2.6735      5.242    7.67109     2.6721    25.0272   13.68275 1.6470e+01 0.0000e+00
        350  61.564621    0.02424     1.4542     87.250      5.533  51344.777    31.3755     2.6749      5.481    7.67135     2.6675    25.0189   13.68332 1.5122e+01 0.0000e+00
        351  61.564624    0.02431     1.4583     87.500      5.765  51338.705    31.3706     2.6724      5.711    7.67209     2.6642    25.0152   13.68461 1.3946e+01 0.0000e+00
        352  61.564627    0.02438     1.4625     87.750      5.985  51345.794    31.3741     2.6678      5.929    7.67279     2.6647    25.0183   13.68571 1.2914e+01 0.0000e+00
        353  61.564630    0.02444     1.4667     88.000      6.194  51361.838    31.3839     2.6645      6.136    7.67292     2.6714    25.0264   13.68580 1.1993e+01 0.0000e+00
        354  61.564633    0.02451     1.4708     88.250      6.393  51387.038    31.4009     2.6650      6.334    7.67194     2.6880    25.0399   13.68395 1.1159e+01 0.0000e+00
        355  61.564635    0.02458     1.4750     88.500      6.586  51426.142    31.4290     2.6718      6.525    7.66917     2.7185    25.0618   13.67902 1.0394e+01 0.0000e+00
        356  61.564638    0.02465     1.4792     88.750      6.775  51481.080    31.4704     2.6884      6.712    7.66383     2.7623    25.0935   13.66965 9.6850e+00 0.0000e+00
        357  61.564641    0.02472     1.4833     89.000      6.965  51531.261    31.5123     2.7189      6.900    7.65581     2.8109    25.1246   13.65587 9.0140e+00 0.0000e+00
        358  61.564644    0.02479     1.4875     89.250      7.161  51543.606    31.5323     2.7627      7.094    7.64641     2.8547    25.1371   13.64008 8.3673e+00 0.0000e+00
        359  61.564647    0.02486     1.4917     89.500      7.368  51517.940    31.5279     2.8113      7.299    7.63736     2.8893    25.1297   13.62521 7.7381e+00 0.0000e+00
        360  61.564650    0.02493     1.4958     89.750      7.591  51479.943    31.5139     2.8551      7.520    7.62974     2.9153    25.1150   13.61283 7.1286e+00 0.0000e+00
        361  61.564653    0.02500     1.5000     90.000      7.830  51447.119    31.5008     2.8898      7.757    7.62383     2.9350    25.1018   13.60325 6.5478e+00 0.0000e+00
