CTD-processing/allCTD/CNV--turbid/2018_03-02_t9_s08_cast018.cnv
* Sea-Bird SBE19plus Data File:
* FileName = C:\Users\Kim.Powell\Desktop\Not Processed\2018\2018_03-02_AlongBay,T9_5028\2018_03-02_TRANSECT_STATION_cast018.hex
* Software Version 1.59
* Temperature SN =  5028
* Conductivity SN =  5028
* System UpLoad Time = Mar 05 2018 11:39:03
** 2018_03-02
** Station: 9-08
** Start Time: 14:57
** Depth (m): 97.8
** Comment:**CTD time 1 hour off
** Comment:
# nquan = 16
# nvalues = 729                         
# units = specified
# name 0 = scan: Scan Count
# name 1 = timeJ: Julian Days
# name 2 = timeH: Time, Elapsed [hours]
# name 3 = timeM: Time, Elapsed [minutes]
# name 4 = timeS: Time, Elapsed [seconds]
# name 5 = prdM: Pressure, Strain Gauge [db]
# name 6 = specc: Specific Conductance [uS/cm]
# name 7 = sal00: Salinity, Practical [PSU]
# name 8 = tv290C: Temperature [ITS-90, deg C]
# name 9 = depSM: Depth [salt water, m], lat = 59.00
# name 10 = oxsolML/L: Oxygen Saturation, Garcia & Gordon [ml/l]
# name 11 = potemp090C: Potential Temperature [ITS-90, deg C]
# name 12 = sigma-é00: Density [sigma-theta, kg/m^3]
# name 13 = n2satML/L: Nitrogen Saturation [ml/l]
# name 14 = par: PAR/Irradiance, Biospherical/Licor
# name 15 = flag:  0.000e+00
# span 0 =          1,        729       
# span 1 =  61.664271,  61.666377       
# span 2 =    0.00000,    0.05056       
# span 3 =     0.0000,     3.0333       
# span 4 =      0.000,    182.000       
# span 5 =      0.671,     95.599       
# span 6 =  51127.576,  51593.491       
# span 7 =    31.1711,    31.7172       
# span 8 =     2.2842,     3.9031       
# span 9 =      0.664,     94.683       
# span 10 =    7.42473,    7.74369      
# span 11 =     2.3626,     3.8972      
# span 12 =    24.8726,    25.1918      
# span 13 =   13.27189,   13.80181      
# span 14 = 3.7976e-02, 5.7490e+01      
# span 15 = 0.0000e+00, 0.0000e+00      
# interval = seconds: 0.25
# start_time = Mar 02 2018 15:56:33 [Instrument's time stamp, header]
# bad_flag = -9.990e-29
*END*
[from data line 272]
        273  61.665058    0.01889     1.1333     68.000      1.015  51336.504    31.3122     2.4547      1.005    7.71716     2.4516    24.9853   13.75972 5.4823e+01 0.0000e+00
        274  61.665061    0.01896     1.1375     68.250      1.027  51337.083    31.3121     2.4531      1.017    7.71746     2.4506    24.9853   13.76023 5.5248e+01 0.0000e+00
        275  61.665064    0.01903     1.1417     68.500      1.036  51338.499    31.3127     2.4517      1.027    7.71770     2.4499    24.9859   13.76062 5.5547e+01 0.0000e+00
        276  61.665067    0.01910     1.1458     68.750      1.042  51340.189    31.3135     2.4506      1.032    7.71787     2.4497    24.9866   13.76088 5.5609e+01 0.0000e+00
        277  61.665069    0.01917     1.1500     69.000      1.045  51341.718    31.3144     2.4500      1.035    7.71795     2.4497    24.9874   13.76100 5.5359e+01 0.0000e+00
        278  61.665072    0.01924     1.1542     69.250      1.048  51342.917    31.3151     2.4497      1.039    7.71797     2.4499    24.9880   13.76102 5.4769e+01 0.0000e+00
        279  61.665075    0.01931     1.1583     69.500      1.058  51343.601    31.3156     2.4497      1.048    7.71794     2.4502    24.9883   13.76096 5.3887e+01 0.0000e+00
        280  61.665078    0.01938     1.1625     69.750      1.078  51343.833    31.3158     2.4499      1.068    7.71789     2.4505    24.9885   13.76088 5.2653e+01 0.0000e+00
        281  61.665081    0.01944     1.1667     70.000      1.115  51343.997    31.3160     2.4502      1.105    7.71782     2.4508    24.9886   13.76077 5.0937e+01 0.0000e+00
        282  61.665084    0.01951     1.1708     70.250      1.178  51344.494    31.3163     2.4505      1.168    7.71775     2.4514    24.9889   13.76064 4.8495e+01 0.0000e+00
        283  61.665087    0.01958     1.1750     70.500      1.277  51345.864    31.3173     2.4509      1.265    7.71763     2.4524    24.9896   13.76043 4.5117e+01 0.0000e+00
        284  61.665090    0.01965     1.1792     70.750      1.413  51348.342    31.3190     2.4514      1.400    7.71742     2.4542    24.9910   13.76007 4.1217e+01 0.0000e+00
        285  61.665093    0.01972     1.1833     71.000      1.578  51351.337    31.3213     2.4525      1.563    7.71710     2.4565    24.9927   13.75950 3.7368e+01 0.0000e+00
        286  61.665095    0.01979     1.1875     71.250      1.762  51353.538    31.3232     2.4543      1.745    7.71665     2.4590    24.9941   13.75874 3.3759e+01 0.0000e+00
        287  61.665098    0.01986     1.1917     71.500      1.959  51353.813    31.3239     2.4567      1.940    7.71616     2.4611    24.9945   13.75792 3.0415e+01 0.0000e+00
        288  61.665101    0.01993     1.1958     71.750      2.163  51352.656    31.3237     2.4591      2.143    7.71570     2.4629    24.9941   13.75716 2.7343e+01 0.0000e+00
        289  61.665104    0.02000     1.2000     72.000      2.374  51351.264    31.3232     2.4612      2.352    7.71530     2.4643    24.9936   13.75652 2.4569e+01 0.0000e+00
        290  61.665107    0.02007     1.2042     72.250      2.588  51350.118    31.3228     2.4630      2.564    7.71498     2.4656    24.9931   13.75598 2.2120e+01 0.0000e+00
        291  61.665110    0.02014     1.2083     72.500      2.803  51348.929    31.3223     2.4645      2.777    7.71471     2.4665    24.9926   13.75556 2.0012e+01 0.0000e+00
        292  61.665113    0.02021     1.2125     72.750      3.017  51347.765    31.3218     2.4658      2.989    7.71450     2.4674    24.9921   13.75522 1.8234e+01 0.0000e+00
        293  61.665116    0.02028     1.2167     73.000      3.229  51347.518    31.3217     2.4667      3.199    7.71432     2.4683    24.9920   13.75492 1.6743e+01 0.0000e+00
        294  61.665119    0.02035     1.2208     73.250      3.435  51348.272    31.3224     2.4676      3.403    7.71413     2.4695    24.9924   13.75460 1.5469e+01 0.0000e+00
        295  61.665122    0.02042     1.2250     73.500      3.636  51349.256    31.3232     2.4685      3.602    7.71390     2.4708    24.9930   13.75421 1.4344e+01 0.0000e+00
        296  61.665124    0.02049     1.2292     73.750      3.832  51350.008    31.3239     2.4697      3.797    7.71364     2.4724    24.9935   13.75376 1.3307e+01 0.0000e+00
        297  61.665127    0.02056     1.2333     74.000      4.027  51350.519    31.3245     2.4711      3.990    7.71333     2.4740    24.9939   13.75325 1.2319e+01 0.0000e+00
        298  61.665130    0.02063     1.2375     74.250      4.226  51350.846    31.3251     2.4726      4.186    7.71300     2.4758    24.9942   13.75270 1.1362e+01 0.0000e+00
        299  61.665133    0.02069     1.2417     74.500      4.430  51351.595    31.3259     2.4742      4.389    7.71264     2.4778    24.9948   13.75210 1.0435e+01 0.0000e+00
        300  61.665136    0.02076     1.2458     74.750      4.643  51352.929    31.3272     2.4760      4.599    7.71223     2.4802    24.9957   13.75140 9.5553e+00 0.0000e+00
        301  61.665139    0.02083     1.2500     75.000      4.861  51353.804    31.3283     2.4781      4.816    7.71177     2.4825    24.9963   13.75063 8.7461e+00 0.0000e+00
        302  61.665142    0.02090     1.2542     75.250      5.080  51353.574    31.3286     2.4804      5.032    7.71129     2.4846    24.9964   13.74983 8.0252e+00 0.0000e+00
        303  61.665145    0.02097     1.2583     75.500      5.293  51352.097    31.3282     2.4828      5.243    7.71086     2.4862    24.9959   13.74912 7.3972e+00 0.0000e+00
        304  61.665148    0.02104     1.2625     75.750      5.498  51350.461    31.3275     2.4849      5.447    7.71050     2.4875    24.9952   13.74853 6.8528e+00 0.0000e+00
        305  61.665150    0.02111     1.2667     76.000      5.696  51349.967    31.3275     2.4865      5.643    7.71019     2.4887    24.9951   13.74803 6.3704e+00 0.0000e+00
        306  61.665153    0.02118     1.2708     76.250      5.892  51349.721    31.3276     2.4878      5.837    7.70993     2.4894    24.9951   13.74759 5.9255e+00 0.0000e+00
        307  61.665156    0.02125     1.2750     76.500      6.090  51347.894    31.3266     2.4890      6.033    7.70975     2.4893    24.9942   13.74731 5.5000e+00 0.0000e+00
        308  61.665159    0.02132     1.2792     76.750      6.295  51344.760    31.3246     2.4897      6.236    7.70971     2.4886    24.9925   13.74728 5.0855e+00 0.0000e+00
        309  61.665162    0.02139     1.2833     77.000      6.509  51343.089    31.3234     2.4896      6.448    7.70980     2.4879    24.9915   13.74744 4.6817e+00 0.0000e+00
        310  61.665165    0.02146     1.2875     77.250      6.730  51344.003    31.3237     2.4889      6.667    7.70991     2.4876    24.9918   13.74762 4.2956e+00 0.0000e+00
        311  61.665168    0.02153     1.2917     77.500      6.951  51345.763    31.3246     2.4883      6.886    7.71000     2.4876    24.9926   13.74775 3.9376e+00 0.0000e+00
        312  61.665171    0.02160     1.2958     77.750      7.165  51347.143    31.3253     2.4880      7.098    7.71002     2.4878    24.9932   13.74777 3.6167e+00 0.0000e+00
        313  61.665174    0.02167     1.3000     78.000      7.366  51348.312    31.3260     2.4880      7.297    7.70998     2.4883    24.9937   13.74770 3.3356e+00 0.0000e+00
        314  61.665177    0.02174     1.3042     78.250      7.555  51349.227    31.3266     2.4882      7.484    7.70989     2.4889    24.9942   13.74755 3.0896e+00 0.0000e+00
        315  61.665179    0.02181     1.3083     78.500      7.737  51349.666    31.3269     2.4887      7.664    7.70978     2.4895    24.9944   13.74736 2.8700e+00 0.0000e+00
        316  61.665182    0.02187     1.3125     78.750      7.920  51349.809    31.3271     2.4893      7.845    7.70966     2.4901    24.9945   13.74716 2.6676e+00 0.0000e+00
        317  61.665185    0.02194     1.3167     79.000      8.110  51349.879    31.3272     2.4899      8.034    7.70954     2.4907    24.9946   13.74696 2.4751e+00 0.0000e+00
        318  61.665188    0.02201     1.3208     79.250      8.312  51350.041    31.3273     2.4905      8.234    7.70941     2.4913    24.9947   13.74675 2.2892e+00 0.0000e+00
        319  61.665191    0.02208     1.3250     79.500      8.526  51350.354    31.3276     2.4911      8.446    7.70929     2.4919    24.9948   13.74653 2.1094e+00 0.0000e+00
        320  61.665194    0.02215     1.3292     79.750      8.753  51350.629    31.3279     2.4918      8.670    7.70915     2.4925    24.9950   13.74631 1.9356e+00 0.0000e+00
        321  61.665197    0.02222     1.3333     80.000      8.989  51350.465    31.3278     2.4924      8.904    7.70903     2.4928    24.9949   13.74611 1.7685e+00 0.0000e+00
        322  61.665200    0.02229     1.3375     80.250      9.234  51349.424    31.3271     2.4930      9.147    7.70895     2.4926    24.9943   13.74599 1.6100e+00 0.0000e+00
        323  61.665203    0.02236     1.3417     80.500      9.483  51347.715    31.3259     2.4933      9.394    7.70895     2.4922    24.9933   13.74601 1.4627e+00 0.0000e+00
        324  61.665205    0.02243     1.3458     80.750      9.733  51346.712    31.3251     2.4931      9.642    7.70902     2.4918    24.9927   13.74614 1.3299e+00 0.0000e+00
        325  61.665208    0.02250     1.3500     81.000      9.979  51347.787    31.3256     2.4927      9.885    7.70909     2.4919    24.9931   13.74624 1.2120e+00 0.0000e+00
        326  61.665211    0.02257     1.3542     81.250     10.214  51350.005    31.3268     2.4923     10.118    7.70909     2.4922    24.9941   13.74622 1.1070e+00 0.0000e+00
        327  61.665214    0.02264     1.3583     81.500     10.436  51351.002    31.3274     2.4924     10.338    7.70904     2.4923    24.9946   13.74614 1.0151e+00 0.0000e+00
        328  61.665217    0.02271     1.3625     81.750     10.647  51350.101    31.3268     2.4927     10.547    7.70902     2.4917    24.9940   13.74610 9.3479e-01 0.0000e+00
        329  61.665220    0.02278     1.3667     82.000     10.855  51347.845    31.3252     2.4928     10.753    7.70909     2.4905    24.9928   13.74624 8.6102e-01 0.0000e+00
        330  61.665223    0.02285     1.3708     82.250     11.069  51345.283    31.3232     2.4923     10.965    7.70929     2.4888    24.9912   13.74660 7.8989e-01 0.0000e+00
        331  61.665226    0.02292     1.3750     82.500     11.298  51344.143    31.3220     2.4910     11.192    7.70960     2.4873    24.9903   13.74713 7.1971e-01 0.0000e+00
        332  61.665229    0.02299     1.3792     82.750     11.543  51344.886    31.3219     2.4894     11.435    7.70992     2.4860    24.9904   13.74766 6.5145e-01 0.0000e+00
        333  61.665231    0.02306     1.3833     83.000     11.797  51346.388    31.3223     2.4878     11.687    7.71020     2.4851    24.9909   13.74811 5.8772e-01 0.0000e+00
        334  61.665234    0.02313     1.3875     83.250     12.051  51347.676    31.3227     2.4866     11.938    7.71041     2.4844    24.9913   13.74846 5.3083e-01 0.0000e+00
        335  61.665237    0.02319     1.3917     83.500     12.294  51348.474    31.3229     2.4857     12.178    7.71058     2.4837    24.9914   13.74873 4.8194e-01 0.0000e+00
        336  61.665240    0.02326     1.3958     83.750     12.521  51349.029    31.3230     2.4850     12.403    7.71071     2.4832    24.9915   13.74895 4.4086e-01 0.0000e+00
        337  61.665243    0.02333     1.4000     84.000     12.731  51349.639    31.3231     2.4844     12.612    7.71083     2.4829    24.9917   13.74913 4.0617e-01 0.0000e+00
        338  61.665246    0.02340     1.4042     84.250     12.932  51350.273    31.3233     2.4839     12.810    7.71091     2.4826    24.9919   13.74927 3.7574e-01 0.0000e+00
        339  61.665249    0.02347     1.4083     84.500     13.133  51350.909    31.3235     2.4836     13.010    7.71097     2.4826    24.9921   13.74936 3.4734e-01 0.0000e+00
        340  61.665252    0.02354     1.4125     84.750     13.347  51351.777    31.3239     2.4833     13.222    7.71099     2.4828    24.9924   13.74939 3.1938e-01 0.0000e+00
        341  61.665255    0.02361     1.4167     85.000     13.582  51353.288    31.3248     2.4832     13.455    7.71096     2.4836    24.9931   13.74932 2.9150e-01 0.0000e+00
        342  61.665258    0.02368     1.4208     85.250     13.837  51355.672    31.3263     2.4835     13.707    7.71083     2.4850    24.9943   13.74909 2.6450e-01 0.0000e+00
        343  61.665260    0.02375     1.4250     85.500     14.100  51358.879    31.3285     2.4842     13.968    7.71056     2.4872    24.9961   13.74863 2.3967e-01 0.0000e+00
        344  61.665263    0.02382     1.4292     85.750     14.358  51361.847    31.3308     2.4857     14.223    7.71015     2.4897    24.9978   13.74792 2.1795e-01 0.0000e+00
        345  61.665266    0.02389     1.4333     86.000     14.602  51362.771    31.3319     2.4879     14.464    7.70966     2.4921    24.9985   13.74710 1.9955e-01 0.0000e+00
        346  61.665269    0.02396     1.4375     86.250     14.828  51361.787    31.3318     2.4905     14.689    7.70918     2.4940    24.9983   13.74631 1.8403e-01 0.0000e+00
        347  61.665272    0.02403     1.4417     86.500     15.042  51360.283    31.3314     2.4928     14.901    7.70875     2.4955    24.9977   13.74561 1.7055e-01 0.0000e+00
        348  61.665275    0.02410     1.4458     86.750     15.254  51358.599    31.3307     2.4948     15.111    7.70841     2.4966    24.9970   13.74505 1.5817e-01 0.0000e+00
        349  61.665278    0.02417     1.4500     87.000     15.473  51356.967    31.3299     2.4963     15.328    7.70816     2.4974    24.9962   13.74464 1.4628e-01 0.0000e+00
        350  61.665281    0.02424     1.4542     87.250     15.705  51356.427    31.3297     2.4974     15.558    7.70796     2.4986    24.9960   13.74432 1.3481e-01 0.0000e+00
        351  61.665284    0.02431     1.4583     87.500     15.946  51358.320    31.3310     2.4982     15.797    7.70772     2.5006    24.9970   13.74391 1.2399e-01 0.0000e+00
        352  61.665286    0.02438     1.4625     87.750     16.188  51362.016    31.3337     2.4994     16.037    7.70736     2.5031    24.9991   13.74327 1.1414e-01 0.0000e+00
        353  61.665289    0.02444     1.4667     88.000     16.423  51363.207    31.3350     2.5014     16.270    7.70690     2.5048    24.9999   13.74250 1.0552e-01 0.0000e+00
        354  61.665292    0.02451     1.4708     88.250     16.648  51359.971    31.3333     2.5039     16.492    7.70651     2.5056    24.9984   13.74188 9.8070e-02 0.0000e+00
        355  61.665295    0.02458     1.4750     88.500     16.863  51356.438    31.3313     2.5057     16.705    7.70627     2.5061    24.9967   13.74152 9.1543e-02 0.0000e+00
        356  61.665298    0.02465     1.4792     88.750     17.071  51356.169    31.3313     2.5065     16.911    7.70612     2.5074    24.9966   13.74126 8.5739e-02 0.0000e+00
        357  61.665301    0.02472     1.4833     89.000     17.275  51359.932    31.3338     2.5070     17.113    7.70588     2.5101    24.9986   13.74084 8.0476e-02 0.0000e+00
        358  61.665304    0.02479     1.4875     89.250     17.480  51366.618    31.3385     2.5082     17.316    7.70539     2.5148    25.0023   13.73997 7.5583e-02 0.0000e+00
        359  61.665307    0.02486     1.4917     89.500     17.689  51373.597    31.3439     2.5110     17.523    7.70457     2.5209    25.0063   13.73854 7.0879e-02 0.0000e+00
        360  61.665310    0.02493     1.4958     89.750     17.905  51378.977    31.3487     2.5157     17.737    7.70342     2.5276    25.0098   13.73658 6.6581e-02 0.0000e+00
        361  61.665312    0.02500     1.5000     90.000     18.130  51380.660    31.3514     2.5218     17.960    7.70210     2.5339    25.0115   13.73436 6.3061e-02 0.0000e+00
