CTD-processing/allCTD/CNV--turbid/2018_03-02_t9_s10_cast020.cnv
* Sea-Bird SBE19plus Data File:
* FileName = C:\Users\Kim.Powell\Desktop\Not Processed\2018\2018_03-02_AlongBay,T9_5028\2018_03-02_TRANSECT_STATION_cast020.hex
* Software Version 1.59
* Temperature SN =  5028
* Conductivity SN =  5028
* System UpLoad Time = Mar 05 2018 11:41:14
** 2018_03-02
** Station: 9-10
** Start Time: 15:11
** Depth (m): 65.2
** Comment:**CTD time 1 hour off
** Comment:
# nquan = 16
# nvalues = 676                         
# units = specified
# name 0 = scan: Scan Count
# name 1 = timeJ: Julian Days
# name 2 = timeH: Time, Elapsed [hours]
# name 3 = timeM: Time, Elapsed [minutes]
# name 4 = timeS: Time, Elapsed [seconds]
# name 5 = prdM: Pressure, Strain Gauge [db]
# name 6 = specc: Specific Conductance [uS/cm]
# name 7 = sal00: Salinity, Practical [PSU]
# name 8 = tv290C: Temperature [ITS-90, deg C]
# name 9 = depSM: Depth [salt water, m], lat = 59.00
# name 10 = oxsolML/L: Oxygen Saturation, Garcia & Gordon [ml/l]
# name 11 = potemp090C: Potential Temperature [ITS-90, deg C]
# name 12 = sigma-é00: Density [sigma-theta, kg/m^3]
# name 13 = n2satML/L: Nitrogen Saturation [ml/l]
# name 14 = par: PAR/Irradiance, Biospherical/Licor
# name 15 = flag:  0.000e+00
# span 0 =          1,        676       
# span 1 =  61.674699,  61.676652       
# span 2 =    0.00000,    0.04688       
# span 3 =     0.0000,     2.8125       
# span 4 =      0.000,    168.750       
# span 5 =      0.044,     63.529       
# span 6 =   5956.155,  51543.997       
# span 7 =     3.3761,    31.6650       
# span 8 =     1.1109,     3.7129       
# span 9 =      0.044,     62.925       
# span 10 =    7.46298,    9.70518      
# span 11 =     1.1776,     3.7090      
# span 12 =     2.6264,    25.1747      
# span 13 =   13.33596,   17.49167      
# span 14 = 3.7976e-02, 1.4794e+02      
# span 15 = 0.0000e+00, 0.0000e+00      
# interval = seconds: 0.25
# start_time = Mar 02 2018 16:11:34 [Instrument's time stamp, header]
# bad_flag = -9.990e-29
*END*
[from data line 362]
        363  61.675747    0.02514     1.5083     90.500      0.934  51355.229    31.2378     2.1437      0.925    7.78182     2.1429    24.9485   13.86738 6.5252e+01 0.0000e+00
        364  61.675749    0.02521     1.5125     90.750      0.924  51356.213    31.2384     2.1433      0.916    7.78187     2.1425    24.9490   13.86746 6.5326e+01 0.0000e+00
        365  61.675752    0.02528     1.5167     91.000      0.919  51357.055    31.2388     2.1429      0.911    7.78192     2.1422    24.9494   13.86754 6.5034e+01 0.0000e+00
        366  61.675755    0.02535     1.5208     91.250      0.920  51357.532    31.2390     2.1426      0.911    7.78198     2.1419    24.9496   13.86764 6.4368e+01 0.0000e+00
        367  61.675758    0.02542     1.5250     91.500      0.924  51357.671    31.2391     2.1423      0.915    7.78204     2.1416    24.9496   13.86774 6.3652e+01 0.0000e+00
        368  61.675761    0.02549     1.5292     91.750      0.928  51357.188    31.2387     2.1420      0.919    7.78212     2.1412    24.9493   13.86788 6.3285e+01 0.0000e+00
        369  61.675764    0.02556     1.5333     92.000      0.930  51355.716    31.2376     2.1417      0.921    7.78224     2.1405    24.9484   13.86808 6.3330e+01 0.0000e+00
        370  61.675767    0.02562     1.5375     92.250      0.927  51354.391    31.2366     2.1412      0.919    7.78238     2.1397    24.9477   13.86833 6.3613e+01 0.0000e+00
        371  61.675770    0.02569     1.5417     92.500      0.922  51354.317    31.2363     2.1405      0.914    7.78254     2.1390    24.9475   13.86858 6.4091e+01 0.0000e+00
        372  61.675773    0.02576     1.5458     92.750      0.917  51354.938    31.2365     2.1397      0.908    7.78268     2.1385    24.9477   13.86881 6.4725e+01 0.0000e+00
        373  61.675775    0.02583     1.5500     93.000      0.916  51354.863    31.2363     2.1391      0.907    7.78282     2.1377    24.9476   13.86905 6.5201e+01 0.0000e+00
        374  61.675778    0.02590     1.5542     93.250      0.922  51353.020    31.2349     2.1386      0.913    7.78300     2.1366    24.9465   13.86937 6.5141e+01 0.0000e+00
        375  61.675781    0.02597     1.5583     93.500      0.934  51350.085    31.2327     2.1378      0.925    7.78326     2.1353    24.9448   13.86983 6.4657e+01 0.0000e+00
        376  61.675784    0.02604     1.5625     93.750      0.946  51349.227    31.2318     2.1367      0.937    7.78354     2.1345    24.9442   13.87029 6.4116e+01 0.0000e+00
        377  61.675787    0.02611     1.5667     94.000      0.953  51352.248    31.2335     2.1354      0.944    7.78370     2.1344    24.9456   13.87053 6.3909e+01 0.0000e+00
        378  61.675790    0.02618     1.5708     94.250      0.954  51356.723    31.2363     2.1346      0.945    7.78371     2.1350    24.9479   13.87051 6.4115e+01 0.0000e+00
        379  61.675793    0.02625     1.5750     94.500      0.951  51360.156    31.2385     2.1345      0.943    7.78360     2.1358    24.9497   13.87031 6.4252e+01 0.0000e+00
        380  61.675796    0.02632     1.5792     94.750      0.952  51361.591    31.2396     2.1351      0.943    7.78344     2.1363    24.9505   13.87002 6.3874e+01 0.0000e+00
        381  61.675799    0.02639     1.5833     95.000      0.964  51360.337    31.2390     2.1359      0.955    7.78331     2.1360    24.9500   13.86981 6.2740e+01 0.0000e+00
        382  61.675802    0.02646     1.5875     95.250      0.996  51356.548    31.2366     2.1364      0.987    7.78333     2.1343    24.9480   13.86989 6.0691e+01 0.0000e+00
        383  61.675804    0.02653     1.5917     95.500      1.056  51350.884    31.2327     2.1360      1.046    7.78361     2.1308    24.9449   13.87040 5.7410e+01 0.0000e+00
        384  61.675807    0.02660     1.5958     95.750      1.152  51343.244    31.2270     2.1343      1.141    7.78425     2.1246    24.9405   13.87153 5.2786e+01 0.0000e+00
        385  61.675810    0.02667     1.6000     96.000      1.284  51331.464    31.2181     2.1308      1.272    7.78542     2.1158    24.9336   13.87358 4.7511e+01 0.0000e+00
        386  61.675813    0.02674     1.6042     96.250      1.443  51319.639    31.2083     2.1247      1.430    7.78714     2.1060    24.9262   13.87655 4.2385e+01 0.0000e+00
        387  61.675816    0.02681     1.6083     96.500      1.619  51317.425    31.2042     2.1159      1.604    7.78910     2.0979    24.9236   13.87985 3.7661e+01 0.0000e+00
        388  61.675819    0.02688     1.6125     96.750      1.806  51326.396    31.2074     2.1061      1.789    7.79086     2.0933    24.9268   13.88271 3.3371e+01 0.0000e+00
        389  61.675822    0.02694     1.6167     97.000      1.998  51340.786    31.2146     2.0980      1.979    7.79206     2.0919    24.9331   13.88458 2.9570e+01 0.0000e+00
        390  61.675825    0.02701     1.6208     97.250      2.194  51353.269    31.2216     2.0934      2.174    7.79260     2.0923    24.9390   13.88538 2.6265e+01 0.0000e+00
        391  61.675828    0.02708     1.6250     97.500      2.395  51359.161    31.2250     2.0921      2.372    7.79268     2.0927    24.9419   13.88547 2.3387e+01 0.0000e+00
        392  61.675830    0.02715     1.6292     97.750      2.599  51358.501    31.2245     2.0924      2.575    7.79264     2.0923    24.9415   13.88540 2.0843e+01 0.0000e+00
        393  61.675833    0.02722     1.6333     98.000      2.809  51354.899    31.2221     2.0928      2.783    7.79269     2.0910    24.9395   13.88552 1.8552e+01 0.0000e+00
        394  61.675836    0.02729     1.6375     98.250      3.025  51351.598    31.2197     2.0924      2.996    7.79289     2.0893    24.9376   13.88589 1.6464e+01 0.0000e+00
        395  61.675839    0.02736     1.6417     98.500      3.245  51349.979    31.2181     2.0912      3.215    7.79322     2.0876    24.9365   13.88645 1.4562e+01 0.0000e+00
        396  61.675842    0.02743     1.6458     98.750      3.470  51350.687    31.2180     2.0894      3.437    7.79357     2.0866    24.9365   13.88703 1.2846e+01 0.0000e+00
        397  61.675845    0.02750     1.6500     99.000      3.695  51353.599    31.2194     2.0878      3.660    7.79382     2.0868    24.9377   13.88743 1.1325e+01 0.0000e+00
        398  61.675848    0.02757     1.6542     99.250      3.918  51358.696    31.2224     2.0868      3.881    7.79386     2.0883    24.9402   13.88744 1.0001e+01 0.0000e+00
        399  61.675851    0.02764     1.6583     99.500      4.136  51364.714    31.2263     2.0870      4.097    7.79362     2.0913    24.9433   13.88699 8.8540e+00 0.0000e+00
        400  61.675854    0.02771     1.6625     99.750      4.350  51370.266    31.2304     2.0885      4.309    7.79309     2.0956    24.9465   13.88607 7.8593e+00 0.0000e+00
        401  61.675856    0.02778     1.6667    100.000      4.564  51376.065    31.2350     2.0915      4.521    7.79226     2.1016    24.9500   13.88464 6.9914e+00 0.0000e+00
        402  61.675859    0.02785     1.6708    100.250      4.779  51383.508    31.2411     2.0958      4.734    7.79108     2.1100    24.9545   13.88261 6.2287e+00 0.0000e+00
        403  61.675862    0.02792     1.6750    100.500      4.998  51393.389    31.2494     2.1019      4.951    7.78945     2.1219    24.9607   13.87981 5.5563e+00 0.0000e+00
        404  61.675865    0.02799     1.6792    100.750      5.222  51408.331    31.2616     2.1102      5.173    7.78715     2.1380    24.9699   13.87584 4.9615e+00 0.0000e+00
        405  61.675868    0.02806     1.6833    101.000      5.451  51426.080    31.2768     2.1221      5.400    7.78400     2.1567    24.9812   13.87044 4.4317e+00 0.0000e+00
        406  61.675871    0.02813     1.6875    101.250      5.684  51435.523    31.2876     2.1383      5.631    7.78025     2.1750    24.9887   13.86411 3.9555e+00 0.0000e+00
        407  61.675874    0.02819     1.6917    101.500      5.922  51432.000    31.2904     2.1570      5.866    7.77642     2.1908    24.9897   13.85776 3.5236e+00 0.0000e+00
        408  61.675877    0.02826     1.6958    101.750      6.162  51421.191    31.2882     2.1753      6.105    7.77294     2.2032    24.9866   13.85205 3.1317e+00 0.0000e+00
        409  61.675880    0.02833     1.7000    102.000      6.404  51408.334    31.2839     2.1911      6.344    7.77007     2.2124    24.9820   13.84738 2.7806e+00 0.0000e+00
        410  61.675883    0.02840     1.7042    102.250      6.642  51395.627    31.2788     2.2036      6.580    7.76789     2.2187    24.9770   13.84386 2.4727e+00 0.0000e+00
        411  61.675885    0.02847     1.7083    102.500      6.871  51384.775    31.2740     2.2128      6.807    7.76634     2.2228    24.9725   13.84137 2.2076e+00 0.0000e+00
        412  61.675888    0.02854     1.7125    102.750      7.092  51376.667    31.2703     2.2191      7.026    7.76530     2.2253    24.9691   13.83970 1.9812e+00 0.0000e+00
        413  61.675891    0.02861     1.7167    103.000      7.307  51370.877    31.2674     2.2232      7.239    7.76464     2.2267    24.9665   13.83865 1.7868e+00 0.0000e+00
        414  61.675894    0.02868     1.7208    103.250      7.522  51366.860    31.2653     2.2257      7.452    7.76427     2.2273    24.9646   13.83806 1.6177e+00 0.0000e+00
        415  61.675897    0.02875     1.7250    103.500      7.742  51364.564    31.2641     2.2270      7.670    7.76407     2.2276    24.9635   13.83775 1.4693e+00 0.0000e+00
        416  61.675900    0.02882     1.7292    103.750      7.971  51363.844    31.2636     2.2277      7.897    7.76397     2.2278    24.9632   13.83759 1.3303e+00 0.0000e+00
        417  61.675903    0.02889     1.7333    104.000      8.211  51363.708    31.2635     2.2280      8.134    7.76392     2.2277    24.9630   13.83750 1.1907e+00 0.0000e+00
        418  61.675906    0.02896     1.7375    104.250      8.457  51363.218    31.2631     2.2281      8.378    7.76391     2.2274    24.9627   13.83749 1.0551e+00 0.0000e+00
        419  61.675909    0.02903     1.7417    104.500      8.705  51362.454    31.2624     2.2281      8.624    7.76395     2.2269    24.9622   13.83757 9.2979e-01 0.0000e+00
        420  61.675911    0.02910     1.7458    104.750      8.949  51361.713    31.2617     2.2278      8.865    7.76404     2.2262    24.9616   13.83773 8.2029e-01 0.0000e+00
        421  61.675914    0.02917     1.7500    105.000      9.185  51361.338    31.2612     2.2273      9.099    7.76417     2.2256    24.9612   13.83795 7.2916e-01 0.0000e+00
        422  61.675917    0.02924     1.7542    105.250      9.411  51362.210    31.2615     2.2266      9.323    7.76429     2.2254    24.9615   13.83815 6.5258e-01 0.0000e+00
        423  61.675920    0.02931     1.7583    105.500      9.630  51364.505    31.2627     2.2260      9.540    7.76433     2.2259    24.9626   13.83821 5.8659e-01 0.0000e+00
        424  61.675923    0.02937     1.7625    105.750      9.849  51367.429    31.2645     2.2259      9.757    7.76426     2.2272    24.9640   13.83806 5.2783e-01 0.0000e+00
        425  61.675926    0.02944     1.7667    106.000     10.073  51370.539    31.2667     2.2264      9.979    7.76404     2.2292    24.9657   13.83767 4.7403e-01 0.0000e+00
        426  61.675929    0.02951     1.7708    106.250     10.306  51374.091    31.2693     2.2277     10.210    7.76366     2.2319    24.9677   13.83701 4.2435e-01 0.0000e+00
        427  61.675932    0.02958     1.7750    106.500     10.548  51377.759    31.2722     2.2297     10.449    7.76312     2.2354    24.9699   13.83608 3.7907e-01 0.0000e+00
        428  61.675935    0.02965     1.7792    106.750     10.794  51381.142    31.2751     2.2324     10.693    7.76242     2.2401    24.9720   13.83489 3.3860e-01 0.0000e+00
        429  61.675938    0.02972     1.7833    107.000     11.039  51387.559    31.2802     2.2359     10.936    7.76146     2.2474    24.9759   13.83324 3.0287e-01 0.0000e+00
        430  61.675940    0.02979     1.7875    107.250     11.283  51400.806    31.2903     2.2406     11.177    7.76001     2.2580    24.9836   13.83070 2.7150e-01 0.0000e+00
        431  61.675943    0.02986     1.7917    107.500     11.523  51416.262    31.3026     2.2480     11.415    7.75792     2.2707    24.9929   13.82709 2.4400e-01 0.0000e+00
        432  61.675946    0.02993     1.7958    107.750     11.760  51426.308    31.3122     2.2586     11.649    7.75533     2.2839    24.9998   13.82270 2.1986e-01 0.0000e+00
        433  61.675949    0.03000     1.8000    108.000     11.993  51429.135    31.3176     2.2713     11.880    7.75256     2.2960    25.0032   13.81805 1.9875e-01 0.0000e+00
        434  61.675952    0.03007     1.8042    108.250     12.219  51425.315    31.3186     2.2845     12.104    7.74993     2.3059    25.0030   13.81370 1.8044e-01 0.0000e+00
        435  61.675955    0.03014     1.8083    108.500     12.438  51417.261    31.3165     2.2966     12.321    7.74768     2.3133    25.0004   13.81002 1.6463e-01 0.0000e+00
        436  61.675958    0.03021     1.8125    108.750     12.650  51408.663    31.3134     2.3065     12.532    7.74591     2.3183    24.9972   13.80714 1.5093e-01 0.0000e+00
        437  61.675961    0.03028     1.8167    109.000     12.859  51400.448    31.3098     2.3140     12.738    7.74465     2.3209    24.9938   13.80510 1.3889e-01 0.0000e+00
        438  61.675964    0.03035     1.8208    109.250     13.068  51391.750    31.3053     2.3190     12.946    7.74390     2.3209    24.9898   13.80393 1.2798e-01 0.0000e+00
        439  61.675966    0.03042     1.8250    109.500     13.284  51382.493    31.2997     2.3216     13.160    7.74370     2.3186    24.9852   13.80367 1.1791e-01 0.0000e+00
        440  61.675969    0.03049     1.8292    109.750     13.510  51373.242    31.2934     2.3216     13.384    7.74402     2.3142    24.9801   13.80429 1.0862e-01 0.0000e+00
        441  61.675972    0.03056     1.8333    110.000     13.744  51364.139    31.2865     2.3193     13.615    7.74484     2.3080    24.9748   13.80572 1.0005e-01 0.0000e+00
        442  61.675975    0.03062     1.8375    110.250     13.981  51356.650    31.2801     2.3149     13.850    7.74605     2.3012    24.9700   13.80781 9.2291e-02 0.0000e+00
        443  61.675978    0.03069     1.8417    110.500     14.215  51354.566    31.2769     2.3087     14.082    7.74743     2.2953    24.9679   13.81013 8.5456e-02 0.0000e+00
        444  61.675981    0.03076     1.8458    110.750     14.446  51358.607    31.2776     2.3020     14.310    7.74871     2.2905    24.9689   13.81223 7.9521e-02 0.0000e+00
        445  61.675984    0.03083     1.8500    111.000     14.673  51362.828    31.2786     2.2960     14.535    7.74981     2.2856    24.9702   13.81403 7.4339e-02 0.0000e+00
        446  61.675987    0.03090     1.8542    111.250     14.902  51360.764    31.2758     2.2912     14.762    7.75090     2.2781    24.9683   13.81587 6.9705e-02 0.0000e+00
        447  61.675990    0.03097     1.8583    111.500     15.138  51346.718    31.2648     2.2863     14.996    7.75244     2.2650    24.9599   13.81855 6.5498e-02 0.0000e+00
        448  61.675992    0.03104     1.8625    111.750     15.384  51320.305    31.2449     2.2788     15.240    7.75498     2.2468    24.9445   13.82301 6.1628e-02 0.0000e+00
        449  61.675995    0.03111     1.8667    112.000     15.638  51298.077    31.2262     2.2657     15.492    7.75852     2.2277    24.9304   13.82911 5.8068e-02 0.0000e+00
        450  61.675998    0.03118     1.8708    112.250     15.893  51296.341    31.2198     2.2476     15.744    7.76242     2.2119    24.9266   13.83562 5.4849e-02 0.0000e+00
        451  61.676001    0.03125     1.8750    112.500     16.140  51310.633    31.2239     2.2285     15.989    7.76593     2.2006    24.9313   13.84136 5.2014e-02 0.0000e+00
