CTD-processing/allCTD/CNV--turbid/2018_10-17_t9_s10_cast074.cnv
* Sea-Bird SBE19plus Data File:
* FileName = C:\Users\Kim.Powell\Desktop\Not Processed\2018\2018_10-17_AlongBay, T9_5028\2018_10-17_TRANSECT_STATION_cast074.hex
* Software Version 1.59
* Temperature SN =  5028
* Conductivity SN =  5028
* System UpLoad Time = Oct 25 2018 17:17:43
** 2018_10-17
** Station: 9-10
** Start Time: 15:50
** Depth (m): 61
** Comment: Turbid
** Comment:
# nquan = 16
# nvalues = 479                         
# units = specified
# name 0 = scan: Scan Count
# name 1 = timeJ: Julian Days
# name 2 = timeH: Time, Elapsed [hours]
# name 3 = timeM: Time, Elapsed [minutes]
# name 4 = timeS: Time, Elapsed [seconds]
# name 5 = prdM: Pressure, Strain Gauge [db]
# name 6 = specc: Specific Conductance [uS/cm]
# name 7 = sal00: Salinity, Practical [PSU]
# name 8 = tv290C: Temperature [ITS-90, deg C]
# name 9 = depSM: Depth [salt water, m], lat = 59.00
# name 10 = oxsolML/L: Oxygen Saturation, Garcia & Gordon [ml/l]
# name 11 = potemp090C: Potential Temperature [ITS-90, deg C]
# name 12 = sigma-é00: Density [sigma-theta, kg/m^3]
# name 13 = n2satML/L: Nitrogen Saturation [ml/l]
# name 14 = par: PAR/Irradiance, Biospherical/Licor
# name 15 = flag:  0.000e+00
# span 0 =          1,        479       
# span 1 = 290.661088, 290.662471       
# span 2 =    0.00000,    0.03319       
# span 3 =     0.0000,     1.9917       
# span 4 =      0.000,    119.500       
# span 5 =      0.104,     58.968       
# span 6 =  24100.429,  48602.818       
# span 7 =    14.2989,    30.7744       
# span 8 =     8.4034,     9.6093       
# span 9 =      0.103,     58.408       
# span 10 =    6.56942,    7.37829      
# span 11 =     8.4033,     9.6086      
# span 12 =    10.9590,    23.7458      
# span 13 =   11.87006,   13.42959      
# span 14 = 5.2583e-02, 1.4476e+02      
# span 15 = 0.0000e+00, 0.0000e+00      
# interval = seconds: 0.25
# start_time = Oct 17 2018 15:51:58 [Instrument's time stamp, header]
# bad_flag = -9.990e-29
*END*
[from data line 362]
        363 290.662135    0.02514     1.5083     90.500     32.813  48541.710    30.7437     9.4403     32.504    6.56988     9.4367    23.7200   11.87096 1.1667e-01 0.0000e+00
        364 290.662138    0.02521     1.5125     90.750     33.050  48542.159    30.7439     9.4403     32.739    6.56987     9.4366    23.7202   11.87094 1.1372e-01 0.0000e+00
        365 290.662141    0.02528     1.5167     91.000     33.294  48542.634    30.7441     9.4402     32.980    6.56987     9.4366    23.7204   11.87094 1.1080e-01 0.0000e+00
        366 290.662144    0.02535     1.5208     91.250     33.543  48543.302    30.7445     9.4402     33.227    6.56986     9.4365    23.7207   11.87092 1.0797e-01 0.0000e+00
        367 290.662147    0.02542     1.5250     91.500     33.795  48544.304    30.7451     9.4401     33.477    6.56984     9.4365    23.7212   11.87088 1.0525e-01 0.0000e+00
        368 290.662150    0.02549     1.5292     91.750     34.049  48545.765    30.7460     9.4401     33.728    6.56981     9.4365    23.7219   11.87081 1.0268e-01 0.0000e+00
        369 290.662153    0.02556     1.5333     92.000     34.301  48547.713    30.7473     9.4401     33.977    6.56975     9.4364    23.7229   11.87070 1.0027e-01 0.0000e+00
        370 290.662156    0.02562     1.5375     92.250     34.549  48549.953    30.7487     9.4401     34.223    6.56969     9.4363    23.7241   11.87058 9.7996e-02 0.0000e+00
        371 290.662159    0.02569     1.5417     92.500     34.793  48551.937    30.7500     9.4401     34.464    6.56964     9.4362    23.7251   11.87048 9.5870e-02 0.0000e+00
        372 290.662161    0.02576     1.5458     92.750     35.033  48553.249    30.7508     9.4400     34.702    6.56962     9.4360    23.7257   11.87043 9.3877e-02 0.0000e+00
        373 290.662164    0.02583     1.5500     93.000     35.270  48554.081    30.7513     9.4399     34.937    6.56961     9.4359    23.7261   11.87042 9.2005e-02 0.0000e+00
        374 290.662167    0.02590     1.5542     93.250     35.507  48554.895    30.7517     9.4398     35.172    6.56961     9.4357    23.7265   11.87040 9.0213e-02 0.0000e+00
        375 290.662170    0.02597     1.5583     93.500     35.747  48555.917    30.7523     9.4397     35.409    6.56960     9.4356    23.7270   11.87038 8.8461e-02 0.0000e+00
        376 290.662173    0.02604     1.5625     93.750     35.991  48557.077    30.7530     9.4396     35.652    6.56959     9.4354    23.7275   11.87036 8.6752e-02 0.0000e+00
        377 290.662176    0.02611     1.5667     94.000     36.240  48558.232    30.7537     9.4394     35.898    6.56958     9.4354    23.7281   11.87034 8.5102e-02 0.0000e+00
        378 290.662179    0.02618     1.5708     94.250     36.491  48559.431    30.7545     9.4393     36.146    6.56957     9.4355    23.7287   11.87031 8.3514e-02 0.0000e+00
        379 290.662182    0.02625     1.5750     94.500     36.741  48560.741    30.7553     9.4393     36.395    6.56954     9.4356    23.7293   11.87024 8.2001e-02 0.0000e+00
        380 290.662185    0.02632     1.5792     94.750     36.990  48561.855    30.7560     9.4394     36.641    6.56950     9.4357    23.7298   11.87017 8.0575e-02 0.0000e+00
        381 290.662188    0.02639     1.5833     95.000     37.235  48562.462    30.7563     9.4395     36.884    6.56946     9.4358    23.7301   11.87010 7.9238e-02 0.0000e+00
        382 290.662190    0.02646     1.5875     95.250     37.476  48562.624    30.7563     9.4396     37.123    6.56943     9.4358    23.7301   11.87006 7.7980e-02 0.0000e+00
        383 290.662193    0.02653     1.5917     95.500     37.715  48562.491    30.7561     9.4397     37.359    6.56943     9.4357    23.7300   11.87006 7.6792e-02 0.0000e+00
        384 290.662196    0.02660     1.5958     95.750     37.950  48562.233    30.7558     9.4398     37.592    6.56944     9.4356    23.7297   11.87008 7.5675e-02 0.0000e+00
        385 290.662199    0.02667     1.6000     96.000     38.184  48562.121    30.7556     9.4397     37.823    6.56945     9.4355    23.7296   11.87010 7.4623e-02 0.0000e+00
        386 290.662202    0.02674     1.6042     96.250     38.416  48562.257    30.7556     9.4396     38.053    6.56946     9.4354    23.7296   11.87013 7.3630e-02 0.0000e+00
        387 290.662205    0.02681     1.6083     96.500     38.648  48562.530    30.7557     9.4395     38.283    6.56947     9.4354    23.7297   11.87014 7.2679e-02 0.0000e+00
        388 290.662208    0.02688     1.6125     96.750     38.884  48562.853    30.7559     9.4395     38.516    6.56947     9.4355    23.7298   11.87014 7.1762e-02 0.0000e+00
        389 290.662211    0.02694     1.6167     97.000     39.123  48563.163    30.7560     9.4395     38.754    6.56947     9.4355    23.7299   11.87013 7.0877e-02 0.0000e+00
        390 290.662214    0.02701     1.6208     97.250     39.366  48563.375    30.7560     9.4395     38.994    6.56945     9.4356    23.7299   11.87011 7.0023e-02 0.0000e+00
        391 290.662216    0.02708     1.6250     97.500     39.606  48563.431    30.7560     9.4396     39.232    6.56944     9.4356    23.7299   11.87009 6.9205e-02 0.0000e+00
        392 290.662219    0.02715     1.6292     97.750     39.843  48563.383    30.7559     9.4397     39.467    6.56944     9.4356    23.7298   11.87008 6.8430e-02 0.0000e+00
        393 290.662222    0.02722     1.6333     98.000     40.075  48563.308    30.7557     9.4398     39.697    6.56944     9.4356    23.7297   11.87008 6.7706e-02 0.0000e+00
        394 290.662225    0.02729     1.6375     98.250     40.305  48563.229    30.7556     9.4398     39.924    6.56944     9.4355    23.7295   11.87008 6.7040e-02 0.0000e+00
        395 290.662228    0.02736     1.6417     98.500     40.533  48563.187    30.7554     9.4398     40.150    6.56945     9.4355    23.7294   11.87009 6.6427e-02 0.0000e+00
        396 290.662231    0.02743     1.6458     98.750     40.760  48563.234    30.7554     9.4398     40.375    6.56945     9.4354    23.7294   11.87011 6.5845e-02 0.0000e+00
        397 290.662234    0.02750     1.6500     99.000     40.987  48563.327    30.7553     9.4398     40.599    6.56946     9.4354    23.7294   11.87012 6.5284e-02 0.0000e+00
        398 290.662237    0.02757     1.6542     99.250     41.212  48563.415    30.7553     9.4398     40.822    6.56946     9.4353    23.7294   11.87012 6.4743e-02 0.0000e+00
        399 290.662240    0.02764     1.6583     99.500     41.434  48563.503    30.7553     9.4397     41.042    6.56947     9.4353    23.7293   11.87013 6.4222e-02 0.0000e+00
        400 290.662242    0.02771     1.6625     99.750     41.654  48563.571    30.7553     9.4397     41.260    6.56947     9.4353    23.7293   11.87014 6.3733e-02 0.0000e+00
        401 290.662245    0.02778     1.6667    100.000     41.872  48563.606    30.7552     9.4397     41.476    6.56947     9.4353    23.7292   11.87014 6.3279e-02 0.0000e+00
        402 290.662248    0.02785     1.6708    100.250     42.089  48563.618    30.7551     9.4397     41.692    6.56947     9.4353    23.7292   11.87015 6.2846e-02 0.0000e+00
        403 290.662251    0.02792     1.6750    100.500     42.306  48563.620    30.7550     9.4397     41.906    6.56948     9.4353    23.7291   11.87015 6.2429e-02 0.0000e+00
        404 290.662254    0.02799     1.6792    100.750     42.523  48563.633    30.7549     9.4397     42.122    6.56948     9.4353    23.7291   11.87015 6.2028e-02 0.0000e+00
        405 290.662257    0.02806     1.6833    101.000     42.743  48563.690    30.7549     9.4398     42.339    6.56948     9.4353    23.7290   11.87015 6.1642e-02 0.0000e+00
        406 290.662260    0.02813     1.6875    101.250     42.966  48563.849    30.7549     9.4398     42.560    6.56947     9.4353    23.7290   11.87014 6.1268e-02 0.0000e+00
        407 290.662263    0.02819     1.6917    101.500     43.193  48564.098    30.7550     9.4398     42.785    6.56946     9.4353    23.7291   11.87013 6.0902e-02 0.0000e+00
        408 290.662266    0.02826     1.6958    101.750     43.423  48564.369    30.7551     9.4398     43.012    6.56945     9.4353    23.7292   11.87011 6.0542e-02 0.0000e+00
        409 290.662269    0.02833     1.7000    102.000     43.652  48564.612    30.7551     9.4399     43.239    6.56944     9.4354    23.7292   11.87010 6.0194e-02 0.0000e+00
        410 290.662271    0.02840     1.7042    102.250     43.880  48564.767    30.7552     9.4399     43.466    6.56944     9.4354    23.7292   11.87009 5.9864e-02 0.0000e+00
        411 290.662274    0.02847     1.7083    102.500     44.107  48564.836    30.7551     9.4400     43.690    6.56943     9.4354    23.7292   11.87008 5.9549e-02 0.0000e+00
        412 290.662277    0.02854     1.7125    102.750     44.332  48564.825    30.7550     9.4401     43.913    6.56943     9.4355    23.7291   11.87007 5.9247e-02 0.0000e+00
        413 290.662280    0.02861     1.7167    103.000     44.560  48564.749    30.7549     9.4401     44.138    6.56943     9.4355    23.7290   11.87007 5.8952e-02 0.0000e+00
        414 290.662283    0.02868     1.7208    103.250     44.793  48564.681    30.7547     9.4402     44.369    6.56942     9.4355    23.7289   11.87007 5.8667e-02 0.0000e+00
        415 290.662286    0.02875     1.7250    103.500     45.032  48564.657    30.7546     9.4402     44.606    6.56942     9.4355    23.7288   11.87007 5.8392e-02 0.0000e+00
        416 290.662289    0.02882     1.7292    103.750     45.274  48564.695    30.7546     9.4402     44.846    6.56942     9.4355    23.7287   11.87007 5.8123e-02 0.0000e+00
        417 290.662292    0.02889     1.7333    104.000     45.516  48564.817    30.7546     9.4403     45.085    6.56942     9.4354    23.7287   11.87006 5.7863e-02 0.0000e+00
        418 290.662295    0.02896     1.7375    104.250     45.755  48565.011    30.7546     9.4403     45.322    6.56942     9.4354    23.7288   11.87006 5.7618e-02 0.0000e+00
        419 290.662297    0.02903     1.7417    104.500     45.993  48565.125    30.7546     9.4403     45.557    6.56942     9.4353    23.7288   11.87007 5.7389e-02 0.0000e+00
        420 290.662300    0.02910     1.7458    104.750     46.230  48564.889    30.7543     9.4402     45.793    6.56944     9.4352    23.7286   11.87010 5.7170e-02 0.0000e+00
        421 290.662303    0.02917     1.7500    105.000     46.469  48564.204    30.7537     9.4402     46.029    6.56947     9.4350    23.7281   11.87016 5.6960e-02 0.0000e+00
        422 290.662306    0.02924     1.7542    105.250     46.707  48563.384    30.7530     9.4401     46.265    6.56951     9.4348    23.7276   11.87023 5.6764e-02 0.0000e+00
        423 290.662309    0.02931     1.7583    105.500     46.944  48562.854    30.7525     9.4399     46.500    6.56955     9.4346    23.7272   11.87031 5.6573e-02 0.0000e+00
        424 290.662312    0.02937     1.7625    105.750     47.182  48562.663    30.7523     9.4397     46.736    6.56959     9.4344    23.7271   11.87038 5.6392e-02 0.0000e+00
        425 290.662315    0.02944     1.7667    106.000     47.423  48562.692    30.7522     9.4395     46.974    6.56962     9.4342    23.7270   11.87043 5.6225e-02 0.0000e+00
        426 290.662318    0.02951     1.7708    106.250     47.667  48562.902    30.7522     9.4394     47.216    6.56965     9.4341    23.7271   11.87047 5.6064e-02 0.0000e+00
        427 290.662321    0.02958     1.7750    106.500     47.914  48563.165    30.7523     9.4393     47.461    6.56966     9.4341    23.7271   11.87049 5.5909e-02 0.0000e+00
        428 290.662323    0.02965     1.7792    106.750     48.163  48563.327    30.7523     9.4392     47.707    6.56967     9.4340    23.7271   11.87051 5.5758e-02 0.0000e+00
        429 290.662326    0.02972     1.7833    107.000     48.410  48563.399    30.7522     9.4392     47.952    6.56968     9.4339    23.7271   11.87052 5.5608e-02 0.0000e+00
        430 290.662329    0.02979     1.7875    107.250     48.654  48563.474    30.7521     9.4391     48.193    6.56969     9.4338    23.7271   11.87054 5.5463e-02 0.0000e+00
        431 290.662332    0.02986     1.7917    107.500     48.895  48563.541    30.7521     9.4390     48.431    6.56970     9.4337    23.7270   11.87056 5.5330e-02 0.0000e+00
        432 290.662335    0.02993     1.7958    107.750     49.133  48563.589    30.7520     9.4389     48.668    6.56972     9.4336    23.7270   11.87059 5.5208e-02 0.0000e+00
        433 290.662338    0.03000     1.8000    108.000     49.371  48563.641    30.7520     9.4389     48.903    6.56973     9.4336    23.7269   11.87061 5.5090e-02 0.0000e+00
        434 290.662341    0.03007     1.8042    108.250     49.608  48563.746    30.7519     9.4388     49.138    6.56974     9.4336    23.7269   11.87062 5.4972e-02 0.0000e+00
        435 290.662344    0.03014     1.8083    108.500     49.845  48563.979    30.7520     9.4388     49.373    6.56974     9.4336    23.7270   11.87062 5.4857e-02 0.0000e+00
        436 290.662347    0.03021     1.8125    108.750     50.080  48564.279    30.7521     9.4389     49.606    6.56973     9.4337    23.7271   11.87061 5.4749e-02 0.0000e+00
        437 290.662350    0.03028     1.8167    109.000     50.315  48564.607    30.7522     9.4389     49.839    6.56972     9.4337    23.7272   11.87058 5.4651e-02 0.0000e+00
        438 290.662352    0.03035     1.8208    109.250     50.552  48565.025    30.7524     9.4389     50.073    6.56970     9.4337    23.7273   11.87055 5.4553e-02 0.0000e+00
        439 290.662355    0.03042     1.8250    109.500     50.792  48565.407    30.7526     9.4390     50.311    6.56968     9.4338    23.7275   11.87052 5.4451e-02 0.0000e+00
        440 290.662358    0.03049     1.8292    109.750     51.037  48565.557    30.7526     9.4391     50.553    6.56967     9.4338    23.7275   11.87050 5.4345e-02 0.0000e+00
        441 290.662361    0.03056     1.8333    110.000     51.284  48565.407    30.7524     9.4392     50.798    6.56967     9.4337    23.7273   11.87050 5.4237e-02 0.0000e+00
        442 290.662364    0.03062     1.8375    110.250     51.534  48565.071    30.7521     9.4392     51.045    6.56968     9.4336    23.7271   11.87053 5.4135e-02 0.0000e+00
        443 290.662367    0.03069     1.8417    110.500     51.782  48564.780    30.7517     9.4392     51.291    6.56970     9.4335    23.7268   11.87056 5.4046e-02 0.0000e+00
        444 290.662370    0.03076     1.8458    110.750     52.027  48564.694    30.7515     9.4391     51.534    6.56972     9.4333    23.7267   11.87060 5.3966e-02 0.0000e+00
        445 290.662373    0.03083     1.8500    111.000     52.267  48564.741    30.7515     9.4389     51.772    6.56974     9.4331    23.7267   11.87064 5.3887e-02 0.0000e+00
        446 290.662376    0.03090     1.8542    111.250     52.501  48564.743    30.7513     9.4388     52.004    6.56977     9.4328    23.7266   11.87068 5.3809e-02 0.0000e+00
        447 290.662378    0.03097     1.8583    111.500     52.731  48564.731    30.7512     9.4386     52.232    6.56980     9.4325    23.7265   11.87074 5.3731e-02 0.0000e+00
        448 290.662381    0.03104     1.8625    111.750     52.959  48564.733    30.7511     9.4384     52.458    6.56984     9.4321    23.7265   11.87080 5.3657e-02 0.0000e+00
        449 290.662384    0.03111     1.8667    112.000     53.188  48564.627    30.7509     9.4381     52.684    6.56989     9.4315    23.7264   11.87089 5.3600e-02 0.0000e+00
        450 290.662387    0.03118     1.8708    112.250     53.419  48564.411    30.7506     9.4377     52.913    6.56996     9.4307    23.7262   11.87101 5.3559e-02 0.0000e+00
        451 290.662390    0.03125     1.8750    112.500     53.653  48564.338    30.7504     9.4371     53.144    6.57005     9.4299    23.7261   11.87115 5.3515e-02 0.0000e+00
