CTD-processing/allCTD/CNV--turbid/2018_04-23_alongbay_skb02_cast070.cnv
* Sea-Bird SBE19plus Data File:
* FileName = C:\Users\Kim.Powell\Desktop\Not Processed\2018\2018_04-23_AlongBay, T4, T9_5028\2018_04-23_TRANSECT_STATION_cast070.hex
* Software Version 1.59
* Temperature SN =  5028
* Conductivity SN =  5028
* System UpLoad Time = Apr 24 2018 10:01:40
** 2018_04-24
** Station: KB02
** Start Time: 16:00
** Depth (m): 122
** Comment:
** Comment:
# nquan = 16
# nvalues = 875                         
# units = specified
# name 0 = scan: Scan Count
# name 1 = timeJ: Julian Days
# name 2 = timeH: Time, Elapsed [hours]
# name 3 = timeM: Time, Elapsed [minutes]
# name 4 = timeS: Time, Elapsed [seconds]
# name 5 = prdM: Pressure, Strain Gauge [db]
# name 6 = specc: Specific Conductance [uS/cm]
# name 7 = sal00: Salinity, Practical [PSU]
# name 8 = tv290C: Temperature [ITS-90, deg C]
# name 9 = depSM: Depth [salt water, m], lat = 59.00
# name 10 = oxsolML/L: Oxygen Saturation, Garcia & Gordon [ml/l]
# name 11 = potemp090C: Potential Temperature [ITS-90, deg C]
# name 12 = sigma-é00: Density [sigma-theta, kg/m^3]
# name 13 = n2satML/L: Nitrogen Saturation [ml/l]
# name 14 = par: PAR/Irradiance, Biospherical/Licor
# name 15 = flag:  0.000e+00
# span 0 =          1,        875       
# span 1 = 113.666944, 113.669473       
# span 2 =    0.00000,    0.06069       
# span 3 =     0.0000,     3.6417       
# span 4 =      0.000,    218.500       
# span 5 =      0.381,    117.119       
# span 6 =  50963.345,  51302.098       
# span 7 =    31.7171,    31.8010       
# span 8 =     4.7199,     5.3052       
# span 9 =      0.377,    115.991       
# span 10 =    7.17500,    7.27534      
# span 11 =     4.7118,     5.3051      
# span 12 =    25.0587,    25.1668      
# span 13 =   12.85880,   13.02429      
# span 14 = 3.7976e-02, 1.0088e+02      
# span 15 = 0.0000e+00, 0.0000e+00      
# interval = seconds: 0.25
# start_time = Apr 23 2018 16:00:24 [Instrument's time stamp, header]
# bad_flag = -9.990e-29
*END*
[from data line 543]
        544 113.668516    0.03771     2.2625    135.750     52.323  51241.782    31.7961     4.7646     51.827    7.26746     4.7609    25.1615   13.01127 3.8159e-02 0.0000e+00
        545 113.668519    0.03778     2.2667    136.000     52.543  51241.607    31.7959     4.7646     52.045    7.26747     4.7607    25.1614   13.01128 3.8130e-02 0.0000e+00
        546 113.668521    0.03785     2.2708    136.250     52.771  51241.555    31.7957     4.7646     52.272    7.26749     4.7604    25.1612   13.01132 3.8101e-02 0.0000e+00
        547 113.668524    0.03792     2.2750    136.500     52.999  51241.604    31.7956     4.7644     52.497    7.26753     4.7601    25.1612   13.01138 3.8072e-02 0.0000e+00
        548 113.668527    0.03799     2.2792    136.750     53.218  51241.627    31.7954     4.7642     52.713    7.26758     4.7598    25.1611   13.01146 3.8046e-02 0.0000e+00
        549 113.668530    0.03806     2.2833    137.000     53.419  51241.703    31.7953     4.7639     52.913    7.26763     4.7595    25.1610   13.01155 3.8024e-02 0.0000e+00
        550 113.668533    0.03812     2.2875    137.250     53.602  51241.858    31.7953     4.7635     53.094    7.26769     4.7592    25.1610   13.01165 3.8008e-02 0.0000e+00
        551 113.668536    0.03819     2.2917    137.500     53.770  51242.035    31.7952     4.7632     53.261    7.26774     4.7590    25.1610   13.01174 3.7999e-02 0.0000e+00
        552 113.668539    0.03826     2.2958    137.750     53.933  51242.361    31.7953     4.7630     53.422    7.26778     4.7588    25.1611   13.01181 3.7992e-02 0.0000e+00
        553 113.668542    0.03833     2.3000    138.000     54.102  51242.927    31.7956     4.7627     53.589    7.26781     4.7588    25.1613   13.01185 3.7987e-02 0.0000e+00
        554 113.668545    0.03840     2.3042    138.250     54.287  51243.713    31.7960     4.7626     53.773    7.26781     4.7590    25.1617   13.01185 3.7983e-02 0.0000e+00
        555 113.668547    0.03847     2.3083    138.500     54.492  51244.440    31.7964     4.7627     53.975    7.26778     4.7593    25.1620   13.01179 3.7980e-02 0.0000e+00
        556 113.668550    0.03854     2.3125    138.750     54.709  51244.780    31.7966     4.7629     54.191    7.26774     4.7596    25.1621   13.01172 3.7979e-02 0.0000e+00
        557 113.668553    0.03861     2.3167    139.000     54.929  51244.846    31.7966     4.7631     54.408    7.26769     4.7598    25.1621   13.01164 3.7978e-02 0.0000e+00
        558 113.668556    0.03868     2.3208    139.250     55.139  51244.932    31.7966     4.7634     54.616    7.26765     4.7600    25.1621   13.01157 3.7977e-02 0.0000e+00
        559 113.668559    0.03875     2.3250    139.500     55.334  51245.123    31.7967     4.7636     54.810    7.26760     4.7602    25.1621   13.01149 3.7977e-02 0.0000e+00
        560 113.668562    0.03882     2.3292    139.750     55.516  51245.320    31.7968     4.7639     54.990    7.26756     4.7604    25.1622   13.01142 3.7976e-02 0.0000e+00
        561 113.668565    0.03889     2.3333    140.000     55.692  51245.409    31.7968     4.7641     55.164    7.26752     4.7606    25.1622   13.01135 3.7976e-02 0.0000e+00
        562 113.668568    0.03896     2.3375    140.250     55.873  51245.507    31.7968     4.7643     55.343    7.26748     4.7607    25.1622   13.01128 3.7976e-02 0.0000e+00
        563 113.668571    0.03903     2.3417    140.500     56.065  51245.887    31.7970     4.7645     55.534    7.26744     4.7610    25.1623   13.01121 3.7976e-02 0.0000e+00
        564 113.668573    0.03910     2.3458    140.750     56.269  51246.416    31.7973     4.7647     55.736    7.26739     4.7614    25.1626   13.01113 3.7976e-02 0.0000e+00
        565 113.668576    0.03917     2.3500    141.000     56.480  51246.683    31.7975     4.7650     55.945    7.26733     4.7617    25.1626   13.01103 3.7976e-02 0.0000e+00
        566 113.668579    0.03924     2.3542    141.250     56.687  51246.660    31.7974     4.7654     56.150    7.26727     4.7619    25.1625   13.01093 3.7976e-02 0.0000e+00
        567 113.668582    0.03931     2.3583    141.500     56.884  51246.515    31.7973     4.7657     56.345    7.26722     4.7621    25.1624   13.01084 3.7976e-02 0.0000e+00
        568 113.668585    0.03938     2.3625    141.750     57.070  51246.345    31.7972     4.7660     56.529    7.26718     4.7622    25.1623   13.01078 3.7976e-02 0.0000e+00
        569 113.668588    0.03944     2.3667    142.000     57.247  51246.343    31.7971     4.7661     56.704    7.26715     4.7623    25.1622   13.01073 3.7976e-02 0.0000e+00
        570 113.668591    0.03951     2.3708    142.250     57.425  51246.575    31.7973     4.7663     56.880    7.26712     4.7625    25.1623   13.01069 3.7976e-02 0.0000e+00
        571 113.668594    0.03958     2.3750    142.500     57.614  51246.761    31.7973     4.7664     57.067    7.26710     4.7626    25.1623   13.01065 3.7976e-02 0.0000e+00
        572 113.668597    0.03965     2.3792    142.750     57.819  51246.657    31.7972     4.7666     57.271    7.26707     4.7626    25.1622   13.01061 3.7976e-02 0.0000e+00
        573 113.668600    0.03972     2.3833    143.000     58.040  51246.414    31.7969     4.7667     57.489    7.26706     4.7626    25.1620   13.01060 3.7976e-02 0.0000e+00
        574 113.668602    0.03979     2.3875    143.250     58.268  51246.354    31.7968     4.7667     57.715    7.26707     4.7625    25.1619   13.01061 3.7976e-02 0.0000e+00
        575 113.668605    0.03986     2.3917    143.500     58.494  51246.656    31.7969     4.7667     57.939    7.26707     4.7626    25.1620   13.01061 3.7976e-02 0.0000e+00
        576 113.668608    0.03993     2.3958    143.750     58.710  51247.225    31.7971     4.7666     58.152    7.26706     4.7628    25.1622   13.01059 3.7976e-02 0.0000e+00
        577 113.668611    0.04000     2.4000    144.000     58.913  51247.778    31.7974     4.7667     58.354    7.26703     4.7631    25.1624   13.01053 3.7976e-02 0.0000e+00
        578 113.668614    0.04007     2.4042    144.250     59.109  51248.185    31.7977     4.7669     58.548    7.26699     4.7634    25.1626   13.01046 3.7976e-02 0.0000e+00
        579 113.668617    0.04014     2.4083    144.500     59.306  51248.654    31.7979     4.7672     58.743    7.26692     4.7639    25.1628   13.01035 3.7976e-02 0.0000e+00
        580 113.668620    0.04021     2.4125    144.750     59.509  51249.324    31.7984     4.7676     58.944    7.26683     4.7646    25.1631   13.01020 3.7976e-02 0.0000e+00
        581 113.668623    0.04028     2.4167    145.000     59.719  51249.875    31.7988     4.7681     59.152    7.26672     4.7652    25.1633   13.01001 3.7976e-02 0.0000e+00
        582 113.668626    0.04035     2.4208    145.250     59.934  51250.016    31.7989     4.7687     59.365    7.26660     4.7658    25.1634   13.00981 3.7976e-02 0.0000e+00
        583 113.668628    0.04042     2.4250    145.500     60.147  51249.945    31.7989     4.7694     59.576    7.26649     4.7663    25.1633   13.00962 3.7976e-02 0.0000e+00
        584 113.668631    0.04049     2.4292    145.750     60.355  51249.944    31.7989     4.7700     59.782    7.26639     4.7667    25.1633   13.00945 3.7976e-02 0.0000e+00
        585 113.668634    0.04056     2.4333    146.000     60.555  51249.987    31.7990     4.7705     59.980    7.26629     4.7671    25.1632   13.00930 3.7976e-02 0.0000e+00
        586 113.668637    0.04063     2.4375    146.250     60.752  51249.996    31.7990     4.7710     60.175    7.26621     4.7675    25.1632   13.00916 3.7976e-02 0.0000e+00
        587 113.668640    0.04069     2.4417    146.500     60.951  51249.990    31.7990     4.7714     60.372    7.26613     4.7678    25.1631   13.00903 3.7976e-02 0.0000e+00
        588 113.668643    0.04076     2.4458    146.750     61.156  51249.963    31.7990     4.7718     60.575    7.26607     4.7681    25.1631   13.00892 3.7976e-02 0.0000e+00
        589 113.668646    0.04083     2.4500    147.000     61.368  51249.942    31.7989     4.7722     60.785    7.26601     4.7684    25.1630   13.00883 3.7976e-02 0.0000e+00
        590 113.668649    0.04090     2.4542    147.250     61.585  51250.022    31.7989     4.7725     61.000    7.26595     4.7687    25.1630   13.00874 3.7976e-02 0.0000e+00
        591 113.668652    0.04097     2.4583    147.500     61.802  51250.117    31.7989     4.7728     61.215    7.26590     4.7689    25.1630   13.00865 3.7976e-02 0.0000e+00
        592 113.668655    0.04104     2.4625    147.750     62.017  51250.084    31.7989     4.7730     61.428    7.26586     4.7690    25.1629   13.00858 3.7976e-02 0.0000e+00
        593 113.668657    0.04111     2.4667    148.000     62.227  51250.140    31.7988     4.7732     61.636    7.26582     4.7692    25.1629   13.00852 3.7976e-02 0.0000e+00
        594 113.668660    0.04118     2.4708    148.250     62.435  51250.563    31.7991     4.7734     61.842    7.26578     4.7696    25.1630   13.00845 3.7976e-02 0.0000e+00
        595 113.668663    0.04125     2.4750    148.500     62.638  51251.221    31.7995     4.7736     62.043    7.26572     4.7700    25.1633   13.00835 3.7976e-02 0.0000e+00
        596 113.668666    0.04132     2.4792    148.750     62.836  51251.795    31.7998     4.7739     62.239    7.26565     4.7704    25.1636   13.00822 3.7976e-02 0.0000e+00
        597 113.668669    0.04139     2.4833    149.000     63.027  51252.228    31.8001     4.7744     62.428    7.26556     4.7710    25.1638   13.00807 3.7976e-02 0.0000e+00
        598 113.668672    0.04146     2.4875    149.250     63.211  51252.736    31.8005     4.7749     62.611    7.26545     4.7717    25.1640   13.00789 3.7976e-02 0.0000e+00
        599 113.668675    0.04153     2.4917    149.500     63.392  51253.225    31.8009     4.7755     62.790    7.26533     4.7725    25.1643   13.00769 3.7976e-02 0.0000e+00
        600 113.668678    0.04160     2.4958    149.750     63.575  51253.281    31.8010     4.7762     62.971    7.26521     4.7731    25.1643   13.00748 3.7976e-02 0.0000e+00
        601 113.668681    0.04167     2.5000    150.000     63.767  51252.886    31.8008     4.7769     63.161    7.26509     4.7736    25.1640   13.00728 3.7976e-02 0.0000e+00
        602 113.668683    0.04174     2.5042    150.250     63.970  51252.332    31.8004     4.7775     63.362    7.26499     4.7738    25.1637   13.00713 3.7976e-02 0.0000e+00
        603 113.668686    0.04181     2.5083    150.500     64.182  51251.850    31.8001     4.7780     63.572    7.26492     4.7739    25.1634   13.00703 3.7976e-02 0.0000e+00
        604 113.668689    0.04188     2.5125    150.750     64.397  51251.509    31.7998     4.7783     63.785    7.26489     4.7739    25.1632   13.00697 3.7976e-02 0.0000e+00
        605 113.668692    0.04194     2.5167    151.000     64.610  51251.236    31.7996     4.7784     63.996    7.26488     4.7738    25.1629   13.00696 3.7976e-02 0.0000e+00
        606 113.668695    0.04201     2.5208    151.250     64.815  51251.053    31.7994     4.7784     64.199    7.26489     4.7736    25.1627   13.00698 3.7976e-02 0.0000e+00
        607 113.668698    0.04208     2.5250    151.500     65.007  51251.047    31.7993     4.7783     64.390    7.26491     4.7735    25.1627   13.00701 3.7976e-02 0.0000e+00
        608 113.668701    0.04215     2.5292    151.750     65.187  51251.202    31.7993     4.7782     64.568    7.26494     4.7733    25.1627   13.00706 3.7976e-02 0.0000e+00
        609 113.668704    0.04222     2.5333    152.000     65.358  51251.492    31.7994     4.7780     64.737    7.26496     4.7732    25.1628   13.00710 3.7976e-02 0.0000e+00
        610 113.668707    0.04229     2.5375    152.250     65.527  51251.865    31.7995     4.7779     64.904    7.26498     4.7732    25.1629   13.00712 3.7976e-02 0.0000e+00
        611 113.668709    0.04236     2.5417    152.500     65.700  51252.215    31.7996     4.7778     65.076    7.26499     4.7732    25.1630   13.00714 3.7976e-02 0.0000e+00
        612 113.668712    0.04243     2.5458    152.750     65.885  51252.529    31.7997     4.7778     65.258    7.26498     4.7733    25.1631   13.00713 3.7976e-02 0.0000e+00
        613 113.668715    0.04250     2.5500    153.000     66.084  51252.749    31.7998     4.7779     65.455    7.26497     4.7733    25.1632   13.00711 3.7976e-02 0.0000e+00
        614 113.668718    0.04257     2.5542    153.250     66.296  51252.707    31.7996     4.7779     65.665    7.26496     4.7732    25.1631   13.00710 3.7976e-02 0.0000e+00
        615 113.668721    0.04264     2.5583    153.500     66.516  51252.642    31.7995     4.7780     65.883    7.26497     4.7731    25.1629   13.00711 3.7976e-02 0.0000e+00
        616 113.668724    0.04271     2.5625    153.750     66.737  51252.847    31.7995     4.7779     66.102    7.26498     4.7730    25.1630   13.00712 3.7976e-02 0.0000e+00
        617 113.668727    0.04278     2.5667    154.000     66.954  51252.870    31.7994     4.7778     66.317    7.26500     4.7727    25.1629   13.00716 3.7976e-02 0.0000e+00
        618 113.668730    0.04285     2.5708    154.250     67.164  51252.455    31.7990     4.7777     66.525    7.26504     4.7723    25.1625   13.00723 3.7976e-02 0.0000e+00
        619 113.668733    0.04292     2.5750    154.500     67.367  51252.107    31.7986     4.7775     66.726    7.26510     4.7719    25.1622   13.00734 3.7976e-02 0.0000e+00
        620 113.668736    0.04299     2.5792    154.750     67.564  51252.166    31.7985     4.7771     66.921    7.26517     4.7716    25.1622   13.00745 3.7976e-02 0.0000e+00
        621 113.668738    0.04306     2.5833    155.000     67.757  51252.510    31.7985     4.7767     67.112    7.26524     4.7713    25.1623   13.00756 3.7976e-02 0.0000e+00
        622 113.668741    0.04312     2.5875    155.250     67.947  51252.997    31.7987     4.7764     67.301    7.26529     4.7712    25.1624   13.00765 3.7976e-02 0.0000e+00
        623 113.668744    0.04319     2.5917    155.500     68.138  51253.553    31.7989     4.7761     67.490    7.26532     4.7712    25.1627   13.00769 3.7976e-02 0.0000e+00
        624 113.668747    0.04326     2.5958    155.750     68.333  51254.057    31.7991     4.7760     67.683    7.26532     4.7713    25.1629   13.00770 3.7976e-02 0.0000e+00
        625 113.668750    0.04333     2.6000    156.000     68.532  51254.446    31.7993     4.7760     67.880    7.26531     4.7714    25.1630   13.00768 3.7976e-02 0.0000e+00
        626 113.668753    0.04340     2.6042    156.250     68.738  51254.700    31.7994     4.7761     68.084    7.26529     4.7715    25.1630   13.00764 3.7976e-02 0.0000e+00
        627 113.668756    0.04347     2.6083    156.500     68.947  51254.806    31.7994     4.7762     68.291    7.26527     4.7715    25.1630   13.00761 3.7976e-02 0.0000e+00
        628 113.668759    0.04354     2.6125    156.750     69.158  51254.866    31.7994     4.7763     68.500    7.26526     4.7716    25.1630   13.00758 3.7976e-02 0.0000e+00
        629 113.668762    0.04361     2.6167    157.000     69.371  51254.954    31.7993     4.7764     68.711    7.26525     4.7716    25.1630   13.00757 3.7976e-02 0.0000e+00
        630 113.668764    0.04368     2.6208    157.250     69.583  51255.070    31.7993     4.7764     68.921    7.26524     4.7716    25.1629   13.00756 3.7976e-02 0.0000e+00
        631 113.668767    0.04375     2.6250    157.500     69.796  51255.287    31.7994     4.7765     69.132    7.26524     4.7716    25.1630   13.00755 3.7976e-02 0.0000e+00
        632 113.668770    0.04382     2.6292    157.750     70.010  51255.566    31.7994     4.7765     69.344    7.26523     4.7717    25.1631   13.00753 3.7976e-02 0.0000e+00
