CTD-processing/allCTD/CNV--turbid/2018_10-17_alongbay_skb11_cast054.cnv
* Sea-Bird SBE19plus Data File:
* FileName = C:\Users\Kim.Powell\Desktop\Not Processed\2018\2018_10-17_AlongBay, T9_5028\2018_10-17_TRANSECT_STATION_cast054.hex
* Software Version 1.59
* Temperature SN =  5028
* Conductivity SN =  5028
* System UpLoad Time = Oct 25 2018 16:54:58
** 2018_10-17
** Station: KB11
** Start Time: 10:53
** Depth (m): 57
** Comment:
** Comment:
# nquan = 16
# nvalues = 547                         
# units = specified
# name 0 = scan: Scan Count
# name 1 = timeJ: Julian Days
# name 2 = timeH: Time, Elapsed [hours]
# name 3 = timeM: Time, Elapsed [minutes]
# name 4 = timeS: Time, Elapsed [seconds]
# name 5 = prdM: Pressure, Strain Gauge [db]
# name 6 = specc: Specific Conductance [uS/cm]
# name 7 = sal00: Salinity, Practical [PSU]
# name 8 = tv290C: Temperature [ITS-90, deg C]
# name 9 = depSM: Depth [salt water, m], lat = 59.00
# name 10 = oxsolML/L: Oxygen Saturation, Garcia & Gordon [ml/l]
# name 11 = potemp090C: Potential Temperature [ITS-90, deg C]
# name 12 = sigma-é00: Density [sigma-theta, kg/m^3]
# name 13 = n2satML/L: Nitrogen Saturation [ml/l]
# name 14 = par: PAR/Irradiance, Biospherical/Licor
# name 15 = flag:  0.000e+00
# span 0 =          1,        547       
# span 1 = 290.454954, 290.456534       
# span 2 =    0.00000,    0.03792       
# span 3 =     0.0000,     2.2750       
# span 4 =      0.000,    136.500       
# span 5 =     -0.194,     54.651       
# span 6 =   1234.441,  48734.884       
# span 7 =     0.6013,    30.8722       
# span 8 =     7.0505,     9.6593       
# span 9 =     -0.192,     54.133       
# span 10 =    6.54464,    8.38738      
# span 11 =     7.0505,     9.6576      
# span 12 =     0.3649,    23.8210      
# span 13 =   11.83044,   15.32285      
# span 14 = 4.7440e-02, 1.2104e+02      
# span 15 = 0.0000e+00, 0.0000e+00      
# interval = seconds: 0.25
# start_time = Oct 17 2018 10:55:08 [Instrument's time stamp, header]
# bad_flag = -9.990e-29
*END*
[from data line 181]
        182 290.455477    0.01257     0.7542     45.250      0.370  37866.097    23.2343     7.9608      0.367    7.13210     7.9612    18.0556   12.89844 6.9993e+01 0.0000e+00
        183 290.455480    0.01264     0.7583     45.500      0.371  37878.432    23.2426     7.9606      0.368    7.13175     7.9623    18.0621   12.89775 6.9929e+01 0.0000e+00
        184 290.455483    0.01271     0.7625     45.750      0.373  37882.289    23.2452     7.9612      0.369    7.13152     7.9634    18.0641   12.89734 6.9351e+01 0.0000e+00
        185 290.455486    0.01278     0.7667     46.000      0.374  37873.358    23.2393     7.9623      0.370    7.13162     7.9641    18.0593   12.89758 6.8993e+01 0.0000e+00
        186 290.455489    0.01285     0.7708     46.250      0.373  37855.413    23.2274     7.9634      0.370    7.13200     7.9644    18.0499   12.89837 6.9003e+01 0.0000e+00
        187 290.455492    0.01292     0.7750     46.500      0.372  37837.539    23.2154     7.9641      0.369    7.13244     7.9646    18.0404   12.89926 6.9145e+01 0.0000e+00
        188 290.455495    0.01299     0.7792     46.750      0.370  37827.558    23.2087     7.9644      0.367    7.13270     7.9649    18.0352   12.89977 6.9359e+01 0.0000e+00
        189 290.455498    0.01306     0.7833     47.000      0.370  37827.341    23.2086     7.9646      0.366    7.13267     7.9655    18.0350   12.89973 6.9380e+01 0.0000e+00
        190 290.455501    0.01313     0.7875     47.250      0.370  37832.779    23.2123     7.9649      0.366    7.13245     7.9663    18.0379   12.89931 6.8972e+01 0.0000e+00
        191 290.455503    0.01319     0.7917     47.500      0.370  37838.461    23.2162     7.9655      0.367    7.13217     7.9672    18.0409   12.89880 6.8481e+01 0.0000e+00
        192 290.455506    0.01326     0.7958     47.750      0.371  37841.843    23.2186     7.9663      0.368    7.13193     7.9681    18.0426   12.89837 6.8253e+01 0.0000e+00
        193 290.455509    0.01333     0.8000     48.000      0.372  37842.573    23.2192     7.9672      0.368    7.13176     7.9690    18.0430   12.89807 6.8325e+01 0.0000e+00
        194 290.455512    0.01340     0.8042     48.250      0.373  37839.923    23.2175     7.9681      0.369    7.13168     7.9698    18.0415   12.89795 6.8557e+01 0.0000e+00
        195 290.455515    0.01347     0.8083     48.500      0.373  37832.924    23.2129     7.9691      0.369    7.13174     7.9703    18.0378   12.89812 6.8955e+01 0.0000e+00
        196 290.455518    0.01354     0.8125     48.750      0.372  37822.896    23.2062     7.9698      0.368    7.13192     7.9707    18.0325   12.89851 6.9546e+01 0.0000e+00
        197 290.455521    0.01361     0.8167     49.000      0.372  37814.234    23.2004     7.9704      0.368    7.13210     7.9709    18.0279   12.89888 7.0187e+01 0.0000e+00
        198 290.455524    0.01368     0.8208     49.250      0.371  37810.855    23.1982     7.9707      0.367    7.13215     7.9712    18.0261   12.89899 7.0456e+01 0.0000e+00
        199 290.455527    0.01375     0.8250     49.500      0.371  37812.288    23.1992     7.9710      0.367    7.13206     7.9716    18.0269   12.89883 7.0206e+01 0.0000e+00
        200 290.455530    0.01382     0.8292     49.750      0.371  37814.834    23.2009     7.9713      0.367    7.13193     7.9721    18.0282   12.89860 7.0024e+01 0.0000e+00
        201 290.455532    0.01389     0.8333     50.000      0.372  37815.739    23.2016     7.9716      0.368    7.13184     7.9726    18.0287   12.89843 7.0251e+01 0.0000e+00
        202 290.455535    0.01396     0.8375     50.250      0.372  37815.178    23.2012     7.9721      0.368    7.13178     7.9731    18.0284   12.89833 7.0819e+01 0.0000e+00
        203 290.455538    0.01403     0.8417     50.500      0.372  37814.718    23.2010     7.9726      0.368    7.13171     7.9737    18.0281   12.89822 7.1248e+01 0.0000e+00
        204 290.455541    0.01410     0.8458     50.750      0.372  37814.360    23.2008     7.9731      0.368    7.13163     7.9742    18.0279   12.89809 7.1149e+01 0.0000e+00
        205 290.455544    0.01417     0.8500     51.000      0.372  37811.992    23.1993     7.9737      0.368    7.13161     7.9746    18.0266   12.89808 7.0981e+01 0.0000e+00
        206 290.455547    0.01424     0.8542     51.250      0.371  37806.646    23.1957     7.9742      0.367    7.13169     7.9750    18.0238   12.89826 7.1101e+01 0.0000e+00
        207 290.455550    0.01431     0.8583     51.500      0.371  37801.056    23.1920     7.9746      0.367    7.13178     7.9753    18.0208   12.89847 7.1347e+01 0.0000e+00
        208 290.455553    0.01438     0.8625     51.750      0.370  37799.040    23.1907     7.9750      0.366    7.13178     7.9756    18.0197   12.89849 7.1387e+01 0.0000e+00
        209 290.455556    0.01444     0.8667     52.000      0.370  37800.987    23.1920     7.9753      0.366    7.13167     7.9760    18.0208   12.89829 7.1093e+01 0.0000e+00
        210 290.455558    0.01451     0.8708     52.250      0.370  37803.616    23.1938     7.9757      0.366    7.13153     7.9765    18.0221   12.89803 7.0800e+01 0.0000e+00
        211 290.455561    0.01458     0.8750     52.500      0.370  37803.756    23.1940     7.9761      0.366    7.13146     7.9769    18.0222   12.89791 7.0873e+01 0.0000e+00
        212 290.455564    0.01465     0.8792     52.750      0.370  37801.758    23.1927     7.9765      0.366    7.13144     7.9774    18.0211   12.89790 7.1449e+01 0.0000e+00
        213 290.455567    0.01472     0.8833     53.000      0.371  37800.988    23.1922     7.9770      0.367    7.13139     7.9779    18.0207   12.89781 7.2145e+01 0.0000e+00
        214 290.455570    0.01479     0.8875     53.250      0.371  37803.898    23.1942     7.9775      0.367    7.13122     7.9784    18.0222   12.89750 7.2106e+01 0.0000e+00
        215 290.455573    0.01486     0.8917     53.500      0.372  37809.367    23.1980     7.9780      0.368    7.13096     7.9791    18.0251   12.89703 7.1289e+01 0.0000e+00
        216 290.455576    0.01493     0.8958     53.750      0.372  37813.939    23.2011     7.9785      0.368    7.13072     7.9798    18.0275   12.89659 7.0555e+01 0.0000e+00
        217 290.455579    0.01500     0.9000     54.000      0.373  37814.884    23.2018     7.9792      0.369    7.13058     7.9805    18.0279   12.89634 7.0263e+01 0.0000e+00
        218 290.455582    0.01507     0.9042     54.250      0.373  37811.648    23.1997     7.9799      0.369    7.13056     7.9811    18.0262   12.89634 7.0240e+01 0.0000e+00
        219 290.455584    0.01514     0.9083     54.500      0.372  37804.804    23.1952     7.9806      0.368    7.13066     7.9815    18.0226   12.89656 7.0340e+01 0.0000e+00
        220 290.455587    0.01521     0.9125     54.750      0.371  37795.517    23.1890     7.9811      0.367    7.13085     7.9818    18.0177   12.89696 7.0506e+01 0.0000e+00
        221 290.455590    0.01528     0.9167     55.000      0.370  37786.432    23.1829     7.9816      0.366    7.13107     7.9820    18.0129   12.89740 7.0852e+01 0.0000e+00
        222 290.455593    0.01535     0.9208     55.250      0.370  37781.082    23.1794     7.9818      0.366    7.13119     7.9822    18.0101   12.89764 7.1460e+01 0.0000e+00
        223 290.455596    0.01542     0.9250     55.500      0.370  37781.408    23.1796     7.9820      0.366    7.13114     7.9825    18.0102   12.89756 7.1710e+01 0.0000e+00
        224 290.455599    0.01549     0.9292     55.750      0.370  37785.455    23.1823     7.9822      0.366    7.13098     7.9829    18.0123   12.89726 7.1124e+01 0.0000e+00
        225 290.455602    0.01556     0.9333     56.000      0.370  37787.870    23.1840     7.9825      0.367    7.13085     7.9833    18.0136   12.89702 7.0446e+01 0.0000e+00
        226 290.455605    0.01563     0.9375     56.250      0.370  37784.829    23.1820     7.9829      0.367    7.13088     7.9836    18.0120   12.89710 7.0145e+01 0.0000e+00
        227 290.455608    0.01569     0.9417     56.500      0.370  37778.605    23.1778     7.9833      0.366    7.13101     7.9839    18.0087   12.89737 7.0102e+01 0.0000e+00
        228 290.455611    0.01576     0.9458     56.750      0.370  37775.580    23.1758     7.9837      0.366    7.13105     7.9842    18.0071   12.89746 7.0339e+01 0.0000e+00
        229 290.455613    0.01583     0.9500     57.000      0.370  37780.284    23.1790     7.9839      0.367    7.13086     7.9847    18.0096   12.89709 7.0552e+01 0.0000e+00
        230 290.455616    0.01590     0.9542     57.250      0.371  37791.277    23.1865     7.9843      0.368    7.13045     7.9853    18.0154   12.89633 7.0484e+01 0.0000e+00
        231 290.455619    0.01597     0.9583     57.500      0.372  37800.991    23.1931     7.9847      0.369    7.13006     7.9859    18.0205   12.89560 7.0432e+01 0.0000e+00
        232 290.455622    0.01604     0.9625     57.750      0.373  37800.544    23.1928     7.9853      0.370    7.12997     7.9864    18.0202   12.89545 7.0599e+01 0.0000e+00
        233 290.455625    0.01611     0.9667     58.000      0.372  37787.169    23.1839     7.9860      0.369    7.13029     7.9865    18.0131   12.89609 7.0958e+01 0.0000e+00
        234 290.455628    0.01618     0.9708     58.250      0.370  37766.651    23.1701     7.9864      0.367    7.13086     7.9865    18.0023   12.89722 7.1437e+01 0.0000e+00
        235 290.455631    0.01625     0.9750     58.500      0.368  37748.326    23.1578     7.9866      0.364    7.13140     7.9863    17.9926   12.89828 7.1775e+01 0.0000e+00
        236 290.455634    0.01632     0.9792     58.750      0.365  37739.389    23.1518     7.9866      0.362    7.13169     7.9860    17.9879   12.89884 7.1862e+01 0.0000e+00
        237 290.455637    0.01639     0.9833     59.000      0.365  37743.527    23.1546     7.9863      0.361    7.13160     7.9860    17.9901   12.89865 7.1847e+01 0.0000e+00
        238 290.455639    0.01646     0.9875     59.250      0.366  37760.470    23.1659     7.9861      0.362    7.13111     7.9861    17.9991   12.89769 7.1861e+01 0.0000e+00
        239 290.455642    0.01653     0.9917     59.500      0.368  37784.629    23.1822     7.9860      0.365    7.13037     7.9864    18.0118   12.89624 7.1779e+01 0.0000e+00
        240 290.455645    0.01660     0.9958     59.750      0.372  37805.713    23.1964     7.9861      0.368    7.12968     7.9868    18.0229   12.89492 7.1563e+01 0.0000e+00
        241 290.455648    0.01667     1.0000     60.000      0.375  37812.270    23.2008     7.9865      0.371    7.12942     7.9869    18.0263   12.89443 7.1548e+01 0.0000e+00
        242 290.455651    0.01674     1.0042     60.250      0.376  37799.592    23.1923     7.9868      0.373    7.12976     7.9866    18.0196   12.89510 7.1937e+01 0.0000e+00
        243 290.455654    0.01681     1.0083     60.500      0.375  37774.741    23.1756     7.9869      0.372    7.13052     7.9859    18.0065   12.89658 7.2613e+01 0.0000e+00
        244 290.455657    0.01688     1.0125     60.750      0.373  37750.295    23.1592     7.9867      0.369    7.13132     7.9846    17.9937   12.89813 7.3404e+01 0.0000e+00
        245 290.455660    0.01694     1.0167     61.000      0.370  37735.499    23.1491     7.9860      0.367    7.13191     7.9828    17.9859   12.89924 7.4405e+01 0.0000e+00
        246 290.455663    0.01701     1.0208     61.250      0.368  37734.001    23.1480     7.9847      0.365    7.13218     7.9809    17.9851   12.89970 7.5440e+01 0.0000e+00
        247 290.455666    0.01708     1.0250     61.500      0.367  37744.442    23.1548     7.9828      0.364    7.13216     7.9794    17.9907   12.89958 7.5673e+01 0.0000e+00
        248 290.455668    0.01715     1.0292     61.750      0.368  37760.782    23.1656     7.9809      0.364    7.13198     7.9786    17.9994   12.89913 7.4757e+01 0.0000e+00
        249 290.455671    0.01722     1.0333     62.000      0.369  37774.913    23.1750     7.9795      0.366    7.13178     7.9781    18.0069   12.89868 7.3220e+01 0.0000e+00
        250 290.455674    0.01729     1.0375     62.250      0.370  37780.552    23.1787     7.9787      0.367    7.13175     7.9776    18.0099   12.89858 7.1968e+01 0.0000e+00
        251 290.455677    0.01736     1.0417     62.500      0.371  37775.381    23.1751     7.9782      0.367    7.13199     7.9768    18.0071   12.89902 7.1644e+01 0.0000e+00
        252 290.455680    0.01743     1.0458     62.750      0.370  37761.738    23.1659     7.9777      0.366    7.13249     7.9757    18.0000   12.89999 7.1762e+01 0.0000e+00
        253 290.455683    0.01750     1.0500     63.000      0.369  37747.019    23.1559     7.9769      0.365    7.13309     7.9746    17.9923   12.90112 7.1681e+01 0.0000e+00
        254 290.455686    0.01757     1.0542     63.250      0.368  37740.590    23.1514     7.9757      0.364    7.13349     7.9743    17.9889   12.90184 7.1562e+01 0.0000e+00
        255 290.455689    0.01764     1.0583     63.500      0.368  37747.426    23.1559     7.9747      0.364    7.13346     7.9753    17.9926   12.90174 7.1304e+01 0.0000e+00
        256 290.455692    0.01771     1.0625     63.750      0.368  37765.497    23.1680     7.9743      0.365    7.13295     7.9782    18.0021   12.90073 7.0356e+01 0.0000e+00
        257 290.455694    0.01778     1.0667     64.000      0.370  37789.395    23.1842     7.9754      0.367    7.13203     7.9833    18.0147   12.89898 6.9342e+01 0.0000e+00
        258 290.455697    0.01785     1.0708     64.250      0.372  37815.197    23.2019     7.9782      0.369    7.13074     7.9915    18.0282   12.89661 6.9358e+01 0.0000e+00
        259 290.455700    0.01792     1.0750     64.500      0.374  37841.921    23.2205     7.9834      0.371    7.12904     8.0043    18.0421   12.89353 7.0053e+01 0.0000e+00
        260 290.455703    0.01799     1.0792     64.750      0.376  37871.482    23.2413     7.9916      0.373    7.12673     8.0244    18.0573   12.88942 7.0809e+01 0.0000e+00
        261 290.455706    0.01806     1.0833     65.000      0.378  37911.018    23.2694     8.0043      0.375    7.12333     8.0568    18.0777   12.88341 7.1576e+01 0.0000e+00
        262 290.455709    0.01812     1.0875     65.250      0.378  37977.498    23.3164     8.0245      0.375    7.11785     8.1058    18.1120   12.87368 7.2429e+01 0.0000e+00
        263 290.455712    0.01819     1.0917     65.500      0.377  38044.455    23.3650     8.0569      0.374    7.11028     8.1665    18.1460   12.86046 7.3306e+01 0.0000e+00
        264 290.455715    0.01826     1.0958     65.750      0.375  38046.585    23.3718     8.1058      0.372    7.10193     8.2247    18.1453   12.84650 7.3632e+01 0.0000e+00
        265 290.455718    0.01833     1.1000     66.000      0.375  37988.719    23.3393     8.1665      0.371    7.09350     8.2706    18.1124   12.83291 7.3190e+01 0.0000e+00
        266 290.455720    0.01840     1.1042     66.250      0.375  37927.731    23.3045     8.2247      0.372    7.08559     8.3037    18.0779   12.82020 7.2617e+01 0.0000e+00
        267 290.455723    0.01847     1.1083     66.500      0.377  37899.961    23.2908     8.2707      0.373    7.07872     8.3273    18.0614   12.80896 7.2156e+01 0.0000e+00
        268 290.455726    0.01854     1.1125     66.750      0.378  37912.491    23.3028     8.3038      0.375    7.07277     8.3442    18.0667   12.79892 7.1868e+01 0.0000e+00
        269 290.455729    0.01861     1.1167     67.000      0.380  37950.033    23.3307     8.3274      0.377    7.06766     8.3564    18.0856   12.79005 7.1876e+01 0.0000e+00
        270 290.455732    0.01868     1.1208     67.250      0.382  37995.584    23.3634     8.3443      0.378    7.06341     8.3655    18.1089   12.78257 7.1742e+01 0.0000e+00
        271 290.455735    0.01875     1.1250     67.500      0.383  38046.552    23.3992     8.3564      0.380    7.05981     8.3735    18.1354   12.77612 7.1334e+01 0.0000e+00
