CTD-processing/allCTD/CNV--turbid/2018_06-25_t3_s14_cast130.cnv
* Sea-Bird SBE19plus Data File:
* FileName = C:\Users\Kim.Powell\Desktop\Not Processed\2018\2018_06-XX\2018_06-XX_TRANSECT_STATION_cast130.hex
* Software Version 1.59
* Temperature SN =  5028
* Conductivity SN =  5028
* System UpLoad Time = Jul 05 2018 09:48:07
** 2018_06-25
** Station: 3-14
** Start Time: 10:55
** Depth (m): 27
** Comment:
** Comment:
# nquan = 16
# nvalues = 390                         
# units = specified
# name 0 = scan: Scan Count
# name 1 = timeJ: Julian Days
# name 2 = timeH: Time, Elapsed [hours]
# name 3 = timeM: Time, Elapsed [minutes]
# name 4 = timeS: Time, Elapsed [seconds]
# name 5 = prdM: Pressure, Strain Gauge [db]
# name 6 = specc: Specific Conductance [uS/cm]
# name 7 = sal00: Salinity, Practical [PSU]
# name 8 = tv290C: Temperature [ITS-90, deg C]
# name 9 = depSM: Depth [salt water, m], lat = 59.00
# name 10 = oxsolML/L: Oxygen Saturation, Garcia & Gordon [ml/l]
# name 11 = potemp090C: Potential Temperature [ITS-90, deg C]
# name 12 = sigma-é00: Density [sigma-theta, kg/m^3]
# name 13 = n2satML/L: Nitrogen Saturation [ml/l]
# name 14 = par: PAR/Irradiance, Biospherical/Licor
# name 15 = flag:  0.000e+00
# span 0 =          1,        390       
# span 1 = 176.455278, 176.456403       
# span 2 =    0.00000,    0.02701       
# span 3 =     0.0000,     1.6208       
# span 4 =      0.000,     97.250       
# span 5 =     -0.027,     27.088       
# span 6 =  11099.553,  49462.667       
# span 7 =     6.7606,    31.3042       
# span 8 =     8.6828,     8.9988       
# span 9 =     -0.027,     26.833       
# span 10 =    6.65042,    7.76239      
# span 11 =     8.6806,     8.9548      
# span 12 =     5.0694,    24.2678      
# span 13 =   11.99777,   14.18773      
# span 14 = 3.9744e-01, 3.1142e+02      
# span 15 = 0.0000e+00, 0.0000e+00      
# interval = seconds: 0.25
# start_time = Jun 25 2018 10:55:36 [Instrument's time stamp, header]
# bad_flag = -9.990e-29
*END*
[from data line 272]
        273 176.456065    0.01889     1.1333     68.000      3.738  49429.333    31.2749     8.6889      3.703    6.65780     8.6879    24.2496   12.01008 5.8994e+01 0.0000e+00
        274 176.456068    0.01896     1.1375     68.250      3.971  49430.214    31.2754     8.6885      3.934    6.65785     8.6878    24.2500   12.01015 5.6524e+01 0.0000e+00
        275 176.456071    0.01903     1.1417     68.500      4.192  49430.703    31.2756     8.6883      4.153    6.65787     8.6880    24.2502   12.01018 5.4251e+01 0.0000e+00
        276 176.456073    0.01910     1.1458     68.750      4.399  49430.952    31.2757     8.6883      4.357    6.65787     8.6883    24.2503   12.01018 5.2186e+01 0.0000e+00
        277 176.456076    0.01917     1.1500     69.000      4.591  49431.002    31.2757     8.6884      4.548    6.65785     8.6888    24.2503   12.01014 5.0293e+01 0.0000e+00
        278 176.456079    0.01924     1.1542     69.250      4.776  49430.683    31.2754     8.6888      4.731    6.65780     8.6893    24.2501   12.01007 4.8497e+01 0.0000e+00
        279 176.456082    0.01931     1.1583     69.500      4.961  49430.056    31.2750     8.6893      4.915    6.65774     8.6896    24.2496   12.00997 4.6713e+01 0.0000e+00
        280 176.456085    0.01938     1.1625     69.750      5.155  49429.424    31.2745     8.6898      5.107    6.65768     8.6897    24.2492   12.00989 4.4877e+01 0.0000e+00
        281 176.456088    0.01944     1.1667     70.000      5.363  49429.008    31.2742     8.6901      5.313    6.65765     8.6895    24.2489   12.00984 4.2968e+01 0.0000e+00
        282 176.456091    0.01951     1.1708     70.250      5.583  49428.908    31.2741     8.6902      5.531    6.65764     8.6892    24.2487   12.00983 4.1039e+01 0.0000e+00
        283 176.456094    0.01958     1.1750     70.500      5.807  49429.116    31.2741     8.6901      5.753    6.65766     8.6890    24.2488   12.00987 3.9175e+01 0.0000e+00
        284 176.456097    0.01965     1.1792     70.750      6.026  49429.507    31.2742     8.6898      5.970    6.65770     8.6888    24.2489   12.00992 3.7454e+01 0.0000e+00
        285 176.456100    0.01972     1.1833     71.000      6.234  49429.919    31.2744     8.6896      6.176    6.65773     8.6888    24.2491   12.00997 3.5918e+01 0.0000e+00
        286 176.456102    0.01979     1.1875     71.250      6.432  49430.214    31.2745     8.6895      6.372    6.65774     8.6888    24.2492   12.01000 3.4558e+01 0.0000e+00
        287 176.456105    0.01986     1.1917     71.500      6.627  49430.384    31.2745     8.6894      6.565    6.65774     8.6889    24.2492   12.01000 3.3324e+01 0.0000e+00
        288 176.456108    0.01993     1.1958     71.750      6.829  49430.511    31.2745     8.6895      6.765    6.65773     8.6890    24.2492   12.00998 3.2149e+01 0.0000e+00
        289 176.456111    0.02000     1.2000     72.000      7.046  49430.608    31.2745     8.6896      6.979    6.65772     8.6891    24.2492   12.00996 3.0965e+01 0.0000e+00
        290 176.456114    0.02007     1.2042     72.250      7.282  49430.640    31.2744     8.6897      7.214    6.65771     8.6892    24.2491   12.00994 2.9723e+01 0.0000e+00
        291 176.456117    0.02014     1.2083     72.500      7.537  49430.628    31.2743     8.6898      7.467    6.65770     8.6892    24.2490   12.00992 2.8417e+01 0.0000e+00
        292 176.456120    0.02021     1.2125     72.750      7.801  49430.648    31.2742     8.6899      7.728    6.65769     8.6893    24.2490   12.00990 2.7092e+01 0.0000e+00
        293 176.456123    0.02028     1.2167     73.000      8.059  49430.712    31.2742     8.6900      7.984    6.65767     8.6895    24.2489   12.00988 2.5821e+01 0.0000e+00
        294 176.456126    0.02035     1.2208     73.250      8.300  49430.723    31.2741     8.6901      8.222    6.65766     8.6896    24.2488   12.00985 2.4661e+01 0.0000e+00
        295 176.456128    0.02042     1.2250     73.500      8.516  49430.637    31.2740     8.6903      8.436    6.65764     8.6896    24.2487   12.00982 2.3629e+01 0.0000e+00
        296 176.456131    0.02049     1.2292     73.750      8.710  49430.535    31.2738     8.6905      8.628    6.65762     8.6896    24.2486   12.00980 2.2706e+01 0.0000e+00
        297 176.456134    0.02056     1.2333     74.000      8.893  49430.540    31.2738     8.6905      8.809    6.65761     8.6894    24.2486   12.00978 2.1853e+01 0.0000e+00
        298 176.456137    0.02063     1.2375     74.250      9.077  49430.727    31.2738     8.6905      8.992    6.65762     8.6892    24.2486   12.00979 2.1028e+01 0.0000e+00
        299 176.456140    0.02069     1.2417     74.500      9.274  49431.088    31.2740     8.6903      9.187    6.65763     8.6888    24.2487   12.00981 2.0204e+01 0.0000e+00
        300 176.456143    0.02076     1.2458     74.750      9.489  49431.577    31.2742     8.6901      9.400    6.65766     8.6884    24.2489   12.00985 1.9368e+01 0.0000e+00
        301 176.456146    0.02083     1.2500     75.000      9.721  49432.198    31.2745     8.6898      9.629    6.65769     8.6879    24.2492   12.00991 1.8524e+01 0.0000e+00
        302 176.456149    0.02090     1.2542     75.250      9.960  49432.986    31.2749     8.6894      9.867    6.65774     8.6874    24.2496   12.00997 1.7696e+01 0.0000e+00
        303 176.456152    0.02097     1.2583     75.500     10.198  49433.902    31.2753     8.6889     10.102    6.65779     8.6869    24.2500   12.01006 1.6915e+01 0.0000e+00
        304 176.456155    0.02104     1.2625     75.750     10.425  49434.835    31.2758     8.6884     10.328    6.65784     8.6866    24.2505   12.01014 1.6193e+01 0.0000e+00
        305 176.456157    0.02111     1.2667     76.000     10.640  49435.698    31.2763     8.6880     10.541    6.65789     8.6861    24.2509   12.01020 1.5521e+01 0.0000e+00
        306 176.456160    0.02118     1.2708     76.250     10.847  49436.542    31.2767     8.6876     10.746    6.65792     8.6856    24.2513   12.01026 1.4878e+01 0.0000e+00
        307 176.456163    0.02125     1.2750     76.500     11.053  49437.520    31.2772     8.6872     10.950    6.65796     8.6848    24.2518   12.01031 1.4246e+01 0.0000e+00
        308 176.456166    0.02132     1.2792     76.750     11.262  49438.741    31.2779     8.6867     11.157    6.65801     8.6841    24.2524   12.01039 1.3624e+01 0.0000e+00
        309 176.456169    0.02139     1.2833     77.000     11.475  49440.137    31.2787     8.6860     11.367    6.65808     8.6834    24.2531   12.01049 1.3021e+01 0.0000e+00
        310 176.456172    0.02146     1.2875     77.250     11.686  49441.517    31.2795     8.6852     11.576    6.65816     8.6829    24.2538   12.01061 1.2448e+01 0.0000e+00
        311 176.456175    0.02153     1.2917     77.500     11.895  49442.715    31.2802     8.6846     11.784    6.65823     8.6826    24.2544   12.01072 1.1899e+01 0.0000e+00
        312 176.456178    0.02160     1.2958     77.750     12.106  49443.630    31.2806     8.6841     11.993    6.65828     8.6824    24.2549   12.01080 1.1355e+01 0.0000e+00
        313 176.456181    0.02167     1.3000     78.000     12.325  49444.242    31.2809     8.6838     12.210    6.65832     8.6824    24.2552   12.01086 1.0799e+01 0.0000e+00
        314 176.456183    0.02174     1.3042     78.250     12.557  49444.571    31.2810     8.6836     12.439    6.65833     8.6824    24.2553   12.01088 1.0236e+01 0.0000e+00
        315 176.456186    0.02181     1.3083     78.500     12.799  49444.681    31.2810     8.6836     12.679    6.65833     8.6825    24.2553   12.01088 9.6885e+00 0.0000e+00
        316 176.456189    0.02187     1.3125     78.750     13.039  49444.693    31.2809     8.6837     12.916    6.65832     8.6825    24.2552   12.01087 9.1882e+00 0.0000e+00
        317 176.456192    0.02194     1.3167     79.000     13.263  49444.720    31.2808     8.6838     13.138    6.65832     8.6824    24.2551   12.01086 8.7602e+00 0.0000e+00
        318 176.456195    0.02201     1.3208     79.250     13.464  49444.805    31.2808     8.6838     13.337    6.65831     8.6824    24.2551   12.01086 8.4084e+00 0.0000e+00
        319 176.456198    0.02208     1.3250     79.500     13.643  49444.938    31.2808     8.6838     13.515    6.65832     8.6823    24.2551   12.01086 8.1122e+00 0.0000e+00
        320 176.456201    0.02215     1.3292     79.750     13.812  49445.119    31.2809     8.6837     13.683    6.65832     8.6822    24.2552   12.01087 7.8386e+00 0.0000e+00
        321 176.456204    0.02222     1.3333     80.000     13.988  49445.343    31.2809     8.6837     13.857    6.65833     8.6821    24.2552   12.01088 7.5573e+00 0.0000e+00
        322 176.456207    0.02229     1.3375     80.250     14.186  49445.578    31.2810     8.6836     14.053    6.65834     8.6821    24.2553   12.01089 7.2491e+00 0.0000e+00
        323 176.456209    0.02236     1.3417     80.500     14.414  49445.742    31.2810     8.6836     14.279    6.65834     8.6822    24.2553   12.01090 6.9134e+00 0.0000e+00
        324 176.456212    0.02243     1.3458     80.750     14.668  49445.791    31.2809     8.6836     14.530    6.65834     8.6823    24.2553   12.01090 6.5666e+00 0.0000e+00
        325 176.456215    0.02250     1.3500     81.000     14.932  49445.743    31.2808     8.6837     14.791    6.65834     8.6824    24.2552   12.01089 6.2315e+00 0.0000e+00
        326 176.456218    0.02257     1.3542     81.250     15.189  49445.603    31.2806     8.6838     15.046    6.65833     8.6825    24.2550   12.01088 5.9259e+00 0.0000e+00
        327 176.456221    0.02264     1.3583     81.500     15.429  49445.409    31.2804     8.6839     15.284    6.65831     8.6827    24.2548   12.01086 5.6564e+00 0.0000e+00
        328 176.456224    0.02271     1.3625     81.750     15.650  49445.238    31.2802     8.6841     15.503    6.65830     8.6828    24.2546   12.01084 5.4194e+00 0.0000e+00
        329 176.456227    0.02278     1.3667     82.000     15.855  49445.113    31.2801     8.6842     15.706    6.65828     8.6829    24.2545   12.01082 5.2045e+00 0.0000e+00
        330 176.456230    0.02285     1.3708     82.250     16.051  49445.012    31.2799     8.6844     15.900    6.65827     8.6830    24.2544   12.01079 4.9996e+00 0.0000e+00
        331 176.456233    0.02292     1.3750     82.500     16.248  49444.914    31.2798     8.6846     16.096    6.65825     8.6831    24.2542   12.01077 4.7965e+00 0.0000e+00
        332 176.456236    0.02299     1.3792     82.750     16.453  49444.795    31.2796     8.6847     16.298    6.65824     8.6832    24.2541   12.01075 4.5926e+00 0.0000e+00
        333 176.456238    0.02306     1.3833     83.000     16.663  49444.680    31.2795     8.6848     16.507    6.65823     8.6832    24.2540   12.01073 4.3907e+00 0.0000e+00
        334 176.456241    0.02313     1.3875     83.250     16.875  49444.638    31.2794     8.6849     16.717    6.65821     8.6832    24.2539   12.01071 4.1978e+00 0.0000e+00
        335 176.456244    0.02319     1.3917     83.500     17.080  49444.719    31.2793     8.6850     16.920    6.65820     8.6832    24.2538   12.01069 4.0221e+00 0.0000e+00
        336 176.456247    0.02326     1.3958     83.750     17.270  49444.964    31.2794     8.6850     17.108    6.65820     8.6830    24.2539   12.01068 3.8687e+00 0.0000e+00
        337 176.456250    0.02333     1.4000     84.000     17.441  49445.447    31.2797     8.6850     17.277    6.65819     8.6827    24.2541   12.01068 3.7373e+00 0.0000e+00
        338 176.456253    0.02340     1.4042     84.250     17.595  49446.183    31.2801     8.6848     17.429    6.65820     8.6824    24.2545   12.01068 3.6231e+00 0.0000e+00
        339 176.456256    0.02347     1.4083     84.500     17.739  49447.022    31.2806     8.6845     17.572    6.65822     8.6821    24.2549   12.01071 3.5173e+00 0.0000e+00
        340 176.456259    0.02354     1.4125     84.750     17.885  49447.791    31.2810     8.6842     17.716    6.65825     8.6818    24.2553   12.01076 3.4082e+00 0.0000e+00
        341 176.456262    0.02361     1.4167     85.000     18.047  49448.430    31.2814     8.6839     17.877    6.65828     8.6816    24.2556   12.01080 3.2863e+00 0.0000e+00
        342 176.456264    0.02368     1.4208     85.250     18.236  49448.953    31.2816     8.6836     18.064    6.65830     8.6815    24.2558   12.01084 3.1483e+00 0.0000e+00
        343 176.456267    0.02375     1.4250     85.500     18.454  49449.380    31.2818     8.6835     18.281    6.65832     8.6814    24.2560   12.01086 2.9982e+00 0.0000e+00
        344 176.456270    0.02382     1.4292     85.750     18.694  49449.707    31.2819     8.6834     18.518    6.65834     8.6814    24.2561   12.01088 2.8461e+00 0.0000e+00
        345 176.456273    0.02389     1.4333     86.000     18.939  49449.945    31.2819     8.6833     18.761    6.65834     8.6814    24.2562   12.01089 2.7041e+00 0.0000e+00
        346 176.456276    0.02396     1.4375     86.250     19.171  49450.145    31.2820     8.6833     18.991    6.65834     8.6813    24.2562   12.01089 2.5803e+00 0.0000e+00
        347 176.456279    0.02403     1.4417     86.500     19.381  49450.377    31.2821     8.6833     19.199    6.65833     8.6813    24.2562   12.01088 2.4744e+00 0.0000e+00
        348 176.456282    0.02410     1.4458     86.750     19.573  49450.665    31.2822     8.6833     19.389    6.65833     8.6812    24.2563   12.01088 2.3803e+00 0.0000e+00
        349 176.456285    0.02417     1.4500     87.000     19.755  49450.952    31.2823     8.6832     19.569    6.65834     8.6812    24.2564   12.01088 2.2909e+00 0.0000e+00
        350 176.456288    0.02424     1.4542     87.250     19.938  49451.187    31.2824     8.6832     19.750    6.65834     8.6811    24.2565   12.01088 2.2022e+00 0.0000e+00
        351 176.456291    0.02431     1.4583     87.500     20.127  49451.365    31.2824     8.6832     19.938    6.65834     8.6810    24.2565   12.01088 2.1132e+00 0.0000e+00
        352 176.456293    0.02438     1.4625     87.750     20.323  49451.514    31.2824     8.6831     20.132    6.65835     8.6810    24.2565   12.01089 2.0251e+00 0.0000e+00
        353 176.456296    0.02444     1.4667     88.000     20.521  49451.698    31.2825     8.6831     20.328    6.65835     8.6809    24.2566   12.01090 1.9393e+00 0.0000e+00
        354 176.456299    0.02451     1.4708     88.250     20.717  49451.929    31.2825     8.6830     20.522    6.65835     8.6808    24.2566   12.01091 1.8573e+00 0.0000e+00
        355 176.456302    0.02458     1.4750     88.500     20.907  49452.154    31.2826     8.6830     20.710    6.65836     8.6808    24.2567   12.01091 1.7803e+00 0.0000e+00
        356 176.456305    0.02465     1.4792     88.750     21.087  49452.371    31.2826     8.6829     20.889    6.65836     8.6807    24.2568   12.01092 1.7093e+00 0.0000e+00
        357 176.456308    0.02472     1.4833     89.000     21.255  49452.580    31.2827     8.6829     21.056    6.65837     8.6807    24.2568   12.01092 1.6439e+00 0.0000e+00
        358 176.456311    0.02479     1.4875     89.250     21.415  49452.750    31.2827     8.6829     21.214    6.65837     8.6807    24.2569   12.01093 1.5825e+00 0.0000e+00
        359 176.456314    0.02486     1.4917     89.500     21.573  49452.893    31.2828     8.6829     21.370    6.65837     8.6806    24.2569   12.01093 1.5228e+00 0.0000e+00
        360 176.456317    0.02493     1.4958     89.750     21.737  49453.054    31.2828     8.6829     21.533    6.65837     8.6806    24.2569   12.01093 1.4630e+00 0.0000e+00
        361 176.456319    0.02500     1.5000     90.000     21.911  49453.211    31.2828     8.6828     21.706    6.65837     8.6806    24.2570   12.01093 1.4026e+00 0.0000e+00
