CTD-processing/allCTD/CNV--turbid/2018_03-02_alongbay_skb06_cast006.cnv
* Sea-Bird SBE19plus Data File:
* FileName = C:\Users\Kim.Powell\Desktop\Not Processed\2018\2018_03-02_AlongBay,T9_5028\2018_03-02_TRANSECT_STATION_cast006.hex
* Software Version 1.59
* Temperature SN =  5028
* Conductivity SN =  5028
* System UpLoad Time = Mar 05 2018 11:24:33
** 2018_03-02
** Station: KB06
** Start Time: 12:21
** Depth (m): 103
** Comment:**CTD time 1 hour off
** Comment:
# nquan = 16
# nvalues = 753                         
# units = specified
# name 0 = scan: Scan Count
# name 1 = timeJ: Julian Days
# name 2 = timeH: Time, Elapsed [hours]
# name 3 = timeM: Time, Elapsed [minutes]
# name 4 = timeS: Time, Elapsed [seconds]
# name 5 = prdM: Pressure, Strain Gauge [db]
# name 6 = specc: Specific Conductance [uS/cm]
# name 7 = sal00: Salinity, Practical [PSU]
# name 8 = tv290C: Temperature [ITS-90, deg C]
# name 9 = depSM: Depth [salt water, m], lat = 59.00
# name 10 = oxsolML/L: Oxygen Saturation, Garcia & Gordon [ml/l]
# name 11 = potemp090C: Potential Temperature [ITS-90, deg C]
# name 12 = sigma-é00: Density [sigma-theta, kg/m^3]
# name 13 = n2satML/L: Nitrogen Saturation [ml/l]
# name 14 = par: PAR/Irradiance, Biospherical/Licor
# name 15 = flag:  0.000e+00
# span 0 =          1,        753       
# span 1 =  61.556157,  61.558333       
# span 2 =    0.00000,    0.05222       
# span 3 =     0.0000,     3.1333       
# span 4 =      0.000,    188.000       
# span 5 =      0.274,    100.637       
# span 6 =  44727.471,  51482.238       
# span 7 =    26.3795,    31.6982       
# span 8 =     0.1214,     3.8862       
# span 9 =      0.272,     99.671       
# span 10 =    7.42876,    8.49788      
# span 11 =     0.9313,     3.8800      
# span 12 =    21.1331,    25.1729      
# span 13 =   13.27880,   15.11917      
# span 14 = 3.7976e-02, 2.6395e+02      
# span 15 = 0.0000e+00, 0.0000e+00      
# interval = seconds: 0.25
# start_time = Mar 02 2018 13:20:52 [Instrument's time stamp, header]
# bad_flag = -9.990e-29
*END*
[from data line 452]
        453  61.557465    0.03139     1.8833    113.000     39.614  51366.535    31.5759     3.4527     39.240    7.51438     3.4561    25.1139   13.42168 3.7976e-02 0.0000e+00
        454  61.557468    0.03146     1.8875    113.250     39.837  51371.232    31.5795     3.4549     39.461    7.51378     3.4594    25.1166   13.42065 3.7976e-02 0.0000e+00
        455  61.557471    0.03153     1.8917    113.500     40.056  51370.092    31.5795     3.4584     39.678    7.51313     3.4617    25.1163   13.41958 3.7976e-02 0.0000e+00
        456  61.557474    0.03160     1.8958    113.750     40.265  51365.892    31.5774     3.4618     39.885    7.51262     3.4627    25.1143   13.41876 3.7976e-02 0.0000e+00
        457  61.557477    0.03167     1.9000    114.000     40.459  51361.606    31.5750     3.4640     40.077    7.51232     3.4625    25.1122   13.41830 3.7976e-02 0.0000e+00
        458  61.557480    0.03174     1.9042    114.250     40.637  51357.467    31.5723     3.4651     40.253    7.51227     3.4610    25.1100   13.41824 3.7976e-02 0.0000e+00
        459  61.557483    0.03181     1.9083    114.500     40.802  51352.845    31.5691     3.4649     40.417    7.51247     3.4588    25.1074   13.41861 3.7976e-02 0.0000e+00
        460  61.557486    0.03188     1.9125    114.750     40.963  51350.440    31.5670     3.4635     40.576    7.51284     3.4571    25.1059   13.41925 3.7976e-02 0.0000e+00
        461  61.557488    0.03194     1.9167    115.000     41.131  51353.377    31.5684     3.4613     40.742    7.51318     3.4571    25.1072   13.41979 3.7976e-02 0.0000e+00
        462  61.557491    0.03201     1.9208    115.250     41.316  51359.940    31.5723     3.4596     40.925    7.51329     3.4589    25.1105   13.41992 3.7976e-02 0.0000e+00
        463  61.557494    0.03208     1.9250    115.500     41.522  51366.891    31.5769     3.4595     41.130    7.51307     3.4623    25.1141   13.41949 3.7976e-02 0.0000e+00
        464  61.557497    0.03215     1.9292    115.750     41.745  51372.491    31.5811     3.4614     41.351    7.51252     3.4662    25.1173   13.41853 3.7976e-02 0.0000e+00
        465  61.557500    0.03222     1.9333    116.000     41.973  51374.505    31.5832     3.4647     41.576    7.51178     3.4698    25.1186   13.41730 3.7976e-02 0.0000e+00
        466  61.557503    0.03229     1.9375    116.250     42.193  51372.781    31.5829     3.4687     41.794    7.51106     3.4728    25.1181   13.41610 3.7976e-02 0.0000e+00
        467  61.557506    0.03236     1.9417    116.500     42.397  51370.390    31.5821     3.4724     41.996    7.51042     3.4753    25.1171   13.41507 3.7976e-02 0.0000e+00
        468  61.557509    0.03243     1.9458    116.750     42.583  51368.806    31.5817     3.4753     42.180    7.50990     3.4773    25.1165   13.41421 3.7976e-02 0.0000e+00
        469  61.557512    0.03250     1.9500    117.000     42.758  51367.453    31.5813     3.4778     42.354    7.50946     3.4790    25.1160   13.41349 3.7976e-02 0.0000e+00
        470  61.557514    0.03257     1.9542    117.250     42.933  51366.281    31.5809     3.4798     42.527    7.50910     3.4804    25.1155   13.41290 3.7976e-02 0.0000e+00
        471  61.557517    0.03264     1.9583    117.500     43.117  51365.742    31.5808     3.4815     42.710    7.50880     3.4818    25.1153   13.41240 3.7976e-02 0.0000e+00
        472  61.557520    0.03271     1.9625    117.750     43.319  51366.084    31.5813     3.4829     42.909    7.50851     3.4833    25.1155   13.41192 3.7976e-02 0.0000e+00
        473  61.557523    0.03278     1.9667    118.000     43.538  51366.871    31.5821     3.4844     43.127    7.50820     3.4851    25.1160   13.41141 3.7976e-02 0.0000e+00
        474  61.557526    0.03285     1.9708    118.250     43.771  51367.698    31.5830     3.4859     43.357    7.50787     3.4872    25.1165   13.41084 3.7976e-02 0.0000e+00
        475  61.557529    0.03292     1.9750    118.500     44.008  51369.021    31.5842     3.4877     43.592    7.50748     3.4897    25.1174   13.41018 3.7976e-02 0.0000e+00
        476  61.557532    0.03299     1.9792    118.750     44.242  51370.891    31.5859     3.4898     43.823    7.50701     3.4925    25.1185   13.40939 3.7976e-02 0.0000e+00
        477  61.557535    0.03306     1.9833    119.000     44.467  51371.996    31.5871     3.4923     44.046    7.50648     3.4953    25.1193   13.40850 3.7976e-02 0.0000e+00
        478  61.557538    0.03313     1.9875    119.250     44.679  51371.497    31.5874     3.4952     44.256    7.50594     3.4978    25.1193   13.40760 3.7976e-02 0.0000e+00
        479  61.557541    0.03319     1.9917    119.500     44.876  51370.454    31.5873     3.4979     44.452    7.50543     3.5002    25.1190   13.40676 3.7976e-02 0.0000e+00
        480  61.557543    0.03326     1.9958    119.750     45.060  51370.059    31.5876     3.5005     44.634    7.50495     3.5026    25.1190   13.40597 3.7976e-02 0.0000e+00
        481  61.557546    0.03333     2.0000    120.000     45.237  51370.327    31.5883     3.5029     44.809    7.50447     3.5052    25.1193   13.40517 3.7976e-02 0.0000e+00
        482  61.557549    0.03340     2.0042    120.250     45.415  51370.962    31.5892     3.5053     44.985    7.50397     3.5080    25.1199   13.40433 3.7976e-02 0.0000e+00
        483  61.557552    0.03347     2.0083    120.500     45.605  51371.816    31.5903     3.5079     45.174    7.50343     3.5108    25.1205   13.40343 3.7976e-02 0.0000e+00
        484  61.557555    0.03354     2.0125    120.750     45.816  51372.197    31.5912     3.5107     45.383    7.50288     3.5132    25.1210   13.40250 3.7976e-02 0.0000e+00
        485  61.557558    0.03361     2.0167    121.000     46.049  51370.818    31.5908     3.5135     45.614    7.50238     3.5150    25.1204   13.40167 3.7976e-02 0.0000e+00
        486  61.557561    0.03368     2.0208    121.250     46.300  51367.986    31.5894     3.5160     45.862    7.50199     3.5161    25.1191   13.40105 3.7976e-02 0.0000e+00
        487  61.557564    0.03375     2.0250    121.500     46.558  51365.740    31.5882     3.5178     46.118    7.50172     3.5168    25.1180   13.40063 3.7976e-02 0.0000e+00
        488  61.557567    0.03382     2.0292    121.750     46.812  51365.058    31.5879     3.5189     46.369    7.50154     3.5176    25.1176   13.40033 3.7976e-02 0.0000e+00
        489  61.557569    0.03389     2.0333    122.000     47.054  51365.570    31.5883     3.5196     46.609    7.50137     3.5185    25.1178   13.40006 3.7976e-02 0.0000e+00
        490  61.557572    0.03396     2.0375    122.250     47.282  51366.301    31.5889     3.5204     46.835    7.50120     3.5194    25.1182   13.39976 3.7976e-02 0.0000e+00
        491  61.557575    0.03403     2.0417    122.500     47.499  51366.248    31.5890     3.5214     47.050    7.50102     3.5201    25.1182   13.39947 3.7976e-02 0.0000e+00
        492  61.557578    0.03410     2.0458    122.750     47.710  51365.439    31.5885     3.5223     47.258    7.50088     3.5204    25.1178   13.39923 3.7976e-02 0.0000e+00
        493  61.557581    0.03417     2.0500    123.000     47.919  51364.310    31.5878     3.5230     47.465    7.50079     3.5204    25.1172   13.39909 3.7976e-02 0.0000e+00
        494  61.557584    0.03424     2.0542    123.250     48.129  51363.222    31.5871     3.5233     47.673    7.50076     3.5201    25.1166   13.39906 3.7976e-02 0.0000e+00
        495  61.557587    0.03431     2.0583    123.500     48.339  51362.707    31.5866     3.5233     47.882    7.50078     3.5199    25.1162   13.39910 3.7976e-02 0.0000e+00
        496  61.557590    0.03438     2.0625    123.750     48.552  51363.151    31.5868     3.5231     48.092    7.50082     3.5198    25.1163   13.39916 3.7976e-02 0.0000e+00
        497  61.557593    0.03444     2.0667    124.000     48.766  51364.341    31.5874     3.5228     48.305    7.50083     3.5201    25.1169   13.39918 3.7976e-02 0.0000e+00
        498  61.557595    0.03451     2.0708    124.250     48.983  51365.608    31.5881     3.5228     48.519    7.50080     3.5206    25.1175   13.39912 3.7976e-02 0.0000e+00
        499  61.557598    0.03458     2.0750    124.500     49.202  51366.622    31.5888     3.5230     48.737    7.50072     3.5212    25.1180   13.39898 3.7976e-02 0.0000e+00
        500  61.557601    0.03465     2.0792    124.750     49.426  51367.182    31.5892     3.5236     48.958    7.50061     3.5217    25.1182   13.39878 3.7976e-02 0.0000e+00
        501  61.557604    0.03472     2.0833    125.000     49.656  51366.884    31.5890     3.5242     49.186    7.50050     3.5220    25.1180   13.39860 3.7976e-02 0.0000e+00
        502  61.557607    0.03479     2.0875    125.250     49.891  51365.776    31.5883     3.5247     49.419    7.50043     3.5218    25.1174   13.39850 3.7976e-02 0.0000e+00
        503  61.557610    0.03486     2.0917    125.500     50.129  51364.488    31.5873     3.5250     49.655    7.50044     3.5213    25.1166   13.39852 3.7976e-02 0.0000e+00
        504  61.557613    0.03493     2.0958    125.750     50.363  51363.724    31.5866     3.5248     49.887    7.50050     3.5208    25.1161   13.39864 3.7976e-02 0.0000e+00
        505  61.557616    0.03500     2.1000    126.000     50.588  51364.057    31.5866     3.5244     50.109    7.50059     3.5206    25.1161   13.39877 3.7976e-02 0.0000e+00
        506  61.557619    0.03507     2.1042    126.250     50.800  51365.310    31.5872     3.5239     50.319    7.50064     3.5206    25.1167   13.39886 3.7976e-02 0.0000e+00
        507  61.557622    0.03514     2.1083    126.500     50.999  51366.658    31.5880     3.5236     50.516    7.50065     3.5209    25.1173   13.39886 3.7976e-02 0.0000e+00
        508  61.557624    0.03521     2.1125    126.750     51.190  51367.665    31.5886     3.5237     50.705    7.50061     3.5214    25.1178   13.39879 3.7976e-02 0.0000e+00
        509  61.557627    0.03528     2.1167    127.000     51.379  51368.248    31.5890     3.5240     50.892    7.50053     3.5219    25.1180   13.39865 3.7976e-02 0.0000e+00
        510  61.557630    0.03535     2.1208    127.250     51.575  51368.446    31.5891     3.5245     51.086    7.50044     3.5223    25.1181   13.39850 3.7976e-02 0.0000e+00
        511  61.557633    0.03542     2.1250    127.500     51.786  51368.386    31.5891     3.5250     51.295    7.50035     3.5226    25.1181   13.39835 3.7976e-02 0.0000e+00
        512  61.557636    0.03549     2.1292    127.750     52.013  51368.194    31.5890     3.5254     51.521    7.50027     3.5229    25.1179   13.39823 3.7976e-02 0.0000e+00
        513  61.557639    0.03556     2.1333    128.000     52.255  51367.953    31.5888     3.5257     51.760    7.50021     3.5231    25.1177   13.39814 3.7976e-02 0.0000e+00
        514  61.557642    0.03562     2.1375    128.250     52.502  51367.793    31.5886     3.5260     52.004    7.50017     3.5232    25.1176   13.39807 3.7976e-02 0.0000e+00
        515  61.557645    0.03569     2.1417    128.500     52.746  51367.903    31.5886     3.5262     52.246    7.50014     3.5233    25.1175   13.39802 3.7976e-02 0.0000e+00
        516  61.557648    0.03576     2.1458    128.750     52.979  51368.248    31.5888     3.5263     52.477    7.50011     3.5235    25.1176   13.39797 3.7976e-02 0.0000e+00
        517  61.557650    0.03583     2.1500    129.000     53.201  51368.658    31.5890     3.5265     52.697    7.50007     3.5239    25.1178   13.39790 3.7976e-02 0.0000e+00
        518  61.557653    0.03590     2.1542    129.250     53.412  51369.107    31.5892     3.5267     52.906    7.50002     3.5243    25.1180   13.39781 3.7976e-02 0.0000e+00
        519  61.557656    0.03597     2.1583    129.500     53.617  51369.649    31.5896     3.5271     53.108    7.49994     3.5248    25.1182   13.39767 3.7976e-02 0.0000e+00
        520  61.557659    0.03604     2.1625    129.750     53.821  51370.132    31.5899     3.5275     53.311    7.49984     3.5254    25.1184   13.39750 3.7976e-02 0.0000e+00
        521  61.557662    0.03611     2.1667    130.000     54.031  51370.347    31.5901     3.5280     53.519    7.49973     3.5258    25.1185   13.39732 3.7976e-02 0.0000e+00
        522  61.557665    0.03618     2.1708    130.250     54.247  51370.316    31.5901     3.5286     53.733    7.49963     3.5262    25.1185   13.39715 3.7976e-02 0.0000e+00
        523  61.557668    0.03625     2.1750    130.500     54.465  51370.176    31.5900     3.5291     53.949    7.49955     3.5265    25.1184   13.39701 3.7976e-02 0.0000e+00
        524  61.557671    0.03632     2.1792    130.750     54.680  51370.025    31.5899     3.5295     54.162    7.49948     3.5267    25.1183   13.39690 3.7976e-02 0.0000e+00
        525  61.557674    0.03639     2.1833    131.000     54.891  51369.929    31.5898     3.5298     54.371    7.49942     3.5269    25.1182   13.39681 3.7976e-02 0.0000e+00
        526  61.557677    0.03646     2.1875    131.250     55.098  51370.005    31.5898     3.5300     54.575    7.49938     3.5272    25.1182   13.39674 3.7976e-02 0.0000e+00
        527  61.557679    0.03653     2.1917    131.500     55.304  51370.336    31.5900     3.5302     54.780    7.49933     3.5275    25.1183   13.39665 3.7976e-02 0.0000e+00
        528  61.557682    0.03660     2.1958    131.750     55.515  51370.778    31.5902     3.5305     54.989    7.49926     3.5279    25.1185   13.39655 3.7976e-02 0.0000e+00
        529  61.557685    0.03667     2.2000    132.000     55.731  51371.170    31.5905     3.5308     55.202    7.49919     3.5283    25.1187   13.39642 3.7976e-02 0.0000e+00
        530  61.557688    0.03674     2.2042    132.250     55.950  51371.472    31.5907     3.5312     55.419    7.49911     3.5287    25.1188   13.39628 3.7976e-02 0.0000e+00
        531  61.557691    0.03681     2.2083    132.500     56.169  51371.546    31.5907     3.5317     55.637    7.49903     3.5289    25.1188   13.39615 3.7976e-02 0.0000e+00
        532  61.557694    0.03687     2.2125    132.750     56.388  51371.321    31.5905     3.5321     55.853    7.49897     3.5291    25.1186   13.39606 3.7976e-02 0.0000e+00
        533  61.557697    0.03694     2.2167    133.000     56.606  51370.960    31.5902     3.5323     56.069    7.49893     3.5290    25.1183   13.39600 3.7976e-02 0.0000e+00
        534  61.557700    0.03701     2.2208    133.250     56.823  51370.634    31.5899     3.5325     56.285    7.49892     3.5289    25.1181   13.39599 3.7976e-02 0.0000e+00
        535  61.557703    0.03708     2.2250    133.500     57.040  51370.379    31.5896     3.5325     56.499    7.49893     3.5287    25.1179   13.39601 3.7976e-02 0.0000e+00
        536  61.557705    0.03715     2.2292    133.750     57.255  51370.280    31.5894     3.5324     56.713    7.49897     3.5285    25.1177   13.39607 3.7976e-02 0.0000e+00
        537  61.557708    0.03722     2.2333    134.000     57.469  51370.605    31.5895     3.5322     56.924    7.49900     3.5285    25.1178   13.39612 3.7976e-02 0.0000e+00
        538  61.557711    0.03729     2.2375    134.250     57.681  51371.579    31.5900     3.5320     57.133    7.49901     3.5288    25.1182   13.39613 3.7976e-02 0.0000e+00
        539  61.557714    0.03736     2.2417    134.500     57.888  51373.026    31.5909     3.5320     57.339    7.49897     3.5295    25.1189   13.39605 3.7976e-02 0.0000e+00
        540  61.557717    0.03743     2.2458    134.750     58.091  51374.492    31.5919     3.5323     57.540    7.49886     3.5304    25.1196   13.39586 3.7976e-02 0.0000e+00
        541  61.557720    0.03750     2.2500    135.000     58.290  51375.561    31.5927     3.5329     57.736    7.49870     3.5314    25.1202   13.39558 3.7976e-02 0.0000e+00
        542  61.557723    0.03757     2.2542    135.250     58.487  51375.876    31.5930     3.5339     57.932    7.49851     3.5322    25.1204   13.39527 3.7976e-02 0.0000e+00
