CTD-processing/allCTD/CNV--turbid/2018_11-08_t9_s02_cast013.cnv
* Sea-Bird SBE19plus Data File:
* FileName = C:\Users\Kim.Powell\Desktop\Not Processed\2018\2018_11-08_AlongBay, T9_4141\2018_11-08_TRANSECT_STATION_cast013.hex
* Software Version 1.59
* Temperature SN =  4141
* Conductivity SN =  4141
* System UpLoad Time = Nov 13 2018 09:19:07
** 2018_11-08
** Station: 9-02
** Start Time: 13:57
** Depth (m): 79
** Comment:
** Comment:
# nquan = 16
# nvalues = 635                         
# units = specified
# name 0 = scan: Scan Count
# name 1 = timeJ: Julian Days
# name 2 = timeH: Time, Elapsed [hours]
# name 3 = timeM: Time, Elapsed [minutes]
# name 4 = timeS: Time, Elapsed [seconds]
# name 5 = prdM: Pressure, Strain Gauge [db]
# name 6 = specc: Specific Conductance [uS/cm]
# name 7 = sal00: Salinity, Practical [PSU]
# name 8 = tv290C: Temperature [ITS-90, deg C]
# name 9 = depSM: Depth [salt water, m], lat = 59.00
# name 10 = oxsolML/L: Oxygen Saturation, Garcia & Gordon [ml/l]
# name 11 = potemp090C: Potential Temperature [ITS-90, deg C]
# name 12 = sigma-é00: Density [sigma-theta, kg/m^3]
# name 13 = n2satML/L: Nitrogen Saturation [ml/l]
# name 14 = par: PAR/Irradiance, Biospherical/Licor
# name 15 = flag:  0.000e+00
# span 0 =          1,        635       
# span 1 = 312.580972, 312.582807       
# span 2 =    0.00000,    0.04403       
# span 3 =     0.0000,     2.6417       
# span 4 =      0.000,    158.500       
# span 5 =      0.526,     78.828       
# span 6 =  47743.009,  48687.553       
# span 7 =    29.9083,    30.6941       
# span 8 =     7.3782,     8.4899       
# span 9 =      0.521,     78.076       
# span 10 =    6.71286,    6.91677      
# span 11 =     7.3928,     8.4822      
# span 12 =    23.3567,    23.8253      
# span 13 =   12.10834,   12.45468      
# span 14 = 3.6170e-02, 5.9606e+01      
# span 15 = 0.0000e+00, 0.0000e+00      
# interval = seconds: 0.25
# start_time = Nov 08 2018 13:56:36 [Instrument's time stamp, header]
# bad_flag = -9.990e-29
*END*
[from data line 452]
        453 312.582280    0.03139     1.8833    113.000     41.781  48430.215    30.5093     8.3453     41.387    6.74287     8.3430    23.7009   12.16030 4.0252e-02 0.0000e+00
        454 312.582283    0.03146     1.8875    113.250     41.960  48429.997    30.5092     8.3462     41.564    6.74273     8.3435    23.7007   12.16006 3.9950e-02 0.0000e+00
        455 312.582286    0.03153     1.8917    113.500     42.144  48429.621    30.5090     8.3470     41.746    6.74262     8.3438    23.7004   12.15989 3.9664e-02 0.0000e+00
        456 312.582289    0.03160     1.8958    113.750     42.341  48429.378    30.5088     8.3475     41.941    6.74255     8.3440    23.7002   12.15977 3.9391e-02 0.0000e+00
        457 312.582292    0.03167     1.9000    114.000     42.554  48429.595    30.5090     8.3479     42.152    6.74250     8.3443    23.7002   12.15968 3.9127e-02 0.0000e+00
        458 312.582295    0.03174     1.9042    114.250     42.782  48430.543    30.5096     8.3481     42.378    6.74243     8.3448    23.7006   12.15956 3.8885e-02 0.0000e+00
        459 312.582297    0.03181     1.9083    114.500     43.020  48432.088    30.5106     8.3485     42.613    6.74234     8.3454    23.7014   12.15939 3.8669e-02 0.0000e+00
        460 312.582300    0.03188     1.9125    114.750     43.260  48433.929    30.5118     8.3489     42.851    6.74221     8.3463    23.7023   12.15916 3.8454e-02 0.0000e+00
        461 312.582303    0.03194     1.9167    115.000     43.495  48435.969    30.5132     8.3496     43.084    6.74204     8.3473    23.7033   12.15887 3.8234e-02 0.0000e+00
        462 312.582306    0.03201     1.9208    115.250     43.723  48437.600    30.5144     8.3505     43.309    6.74185     8.3482    23.7041   12.15855 3.8020e-02 0.0000e+00
        463 312.582309    0.03208     1.9250    115.500     43.940  48438.185    30.5149     8.3515     43.525    6.74168     8.3489    23.7043   12.15825 3.7808e-02 0.0000e+00
        464 312.582312    0.03215     1.9292    115.750     44.148  48437.986    30.5148     8.3525     43.731    6.74154     8.3494    23.7041   12.15802 3.7596e-02 0.0000e+00
        465 312.582315    0.03222     1.9333    116.000     44.351  48437.534    30.5145     8.3532     43.932    6.74144     8.3497    23.7038   12.15786 3.7393e-02 0.0000e+00
        466 312.582318    0.03229     1.9375    116.250     44.552  48437.125    30.5142     8.3537     44.131    6.74138     8.3499    23.7035   12.15776 3.7208e-02 0.0000e+00
        467 312.582321    0.03236     1.9417    116.500     44.755  48436.846    30.5140     8.3540     44.332    6.74134     8.3500    23.7033   12.15770 3.7051e-02 0.0000e+00
        468 312.582323    0.03243     1.9458    116.750     44.962  48436.622    30.5138     8.3542     44.537    6.74132     8.3500    23.7031   12.15767 3.6919e-02 0.0000e+00
        469 312.582326    0.03250     1.9500    117.000     45.171  48436.299    30.5135     8.3543     44.744    6.74132     8.3498    23.7028   12.15767 3.6800e-02 0.0000e+00
        470 312.582329    0.03257     1.9542    117.250     45.380  48435.806    30.5130     8.3543     44.951    6.74133     8.3496    23.7025   12.15770 3.6688e-02 0.0000e+00
        471 312.582332    0.03264     1.9583    117.500     45.586  48435.469    30.5127     8.3542     45.155    6.74136     8.3495    23.7023   12.15775 3.6583e-02 0.0000e+00
        472 312.582335    0.03271     1.9625    117.750     45.786  48435.701    30.5127     8.3540     45.353    6.74139     8.3495    23.7023   12.15779 3.6488e-02 0.0000e+00
        473 312.582338    0.03278     1.9667    118.000     45.979  48436.392    30.5131     8.3539     45.544    6.74139     8.3496    23.7026   12.15780 3.6402e-02 0.0000e+00
        474 312.582341    0.03285     1.9708    118.250     46.164  48437.270    30.5136     8.3539     45.727    6.74137     8.3498    23.7031   12.15776 3.6326e-02 0.0000e+00
        475 312.582344    0.03292     1.9750    118.500     46.346  48438.250    30.5142     8.3540     45.907    6.74133     8.3502    23.7035   12.15768 3.6270e-02 0.0000e+00
        476 312.582347    0.03299     1.9792    118.750     46.529  48439.107    30.5148     8.3543     46.089    6.74126     8.3505    23.7039   12.15756 3.6233e-02 0.0000e+00
        477 312.582350    0.03306     1.9833    119.000     46.720  48439.758    30.5152     8.3546     46.278    6.74119     8.3509    23.7042   12.15744 3.6209e-02 0.0000e+00
        478 312.582352    0.03313     1.9875    119.250     46.920  48440.404    30.5156     8.3550     46.476    6.74111     8.3513    23.7045   12.15730 3.6193e-02 0.0000e+00
        479 312.582355    0.03319     1.9917    119.500     47.132  48441.083    30.5161     8.3554     46.686    6.74103     8.3518    23.7048   12.15716 3.6184e-02 0.0000e+00
        480 312.582358    0.03326     1.9958    119.750     47.354  48441.903    30.5167     8.3559     46.906    6.74094     8.3524    23.7052   12.15700 3.6178e-02 0.0000e+00
        481 312.582361    0.03333     2.0000    120.000     47.582  48442.978    30.5174     8.3564     47.132    6.74083     8.3530    23.7057   12.15682 3.6175e-02 0.0000e+00
        482 312.582364    0.03340     2.0042    120.250     47.809  48444.201    30.5182     8.3569     47.357    6.74071     8.3537    23.7062   12.15660 3.6173e-02 0.0000e+00
        483 312.582367    0.03347     2.0083    120.500     48.030  48445.062    30.5188     8.3576     47.576    6.74058     8.3542    23.7066   12.15638 3.6172e-02 0.0000e+00
        484 312.582370    0.03354     2.0125    120.750     48.243  48444.953    30.5188     8.3583     47.786    6.74048     8.3545    23.7065   12.15622 3.6171e-02 0.0000e+00
        485 312.582373    0.03361     2.0167    121.000     48.449  48444.505    30.5185     8.3588     47.990    6.74041     8.3548    23.7062   12.15611 3.6171e-02 0.0000e+00
        486 312.582376    0.03368     2.0208    121.250     48.650  48444.748    30.5186     8.3592     48.189    6.74035     8.3552    23.7062   12.15600 3.6170e-02 0.0000e+00
        487 312.582378    0.03375     2.0250    121.500     48.852  48445.727    30.5192     8.3595     48.390    6.74027     8.3556    23.7067   12.15587 3.6170e-02 0.0000e+00
        488 312.582381    0.03382     2.0292    121.750     49.061  48447.025    30.5201     8.3599     48.596    6.74018     8.3562    23.7073   12.15570 3.6170e-02 0.0000e+00
        489 312.582384    0.03389     2.0333    122.000     49.278  48448.139    30.5208     8.3604     48.811    6.74007     8.3567    23.7078   12.15552 3.6170e-02 0.0000e+00
        490 312.582387    0.03396     2.0375    122.250     49.501  48448.727    30.5212     8.3610     49.032    6.73997     8.3572    23.7080   12.15534 3.6170e-02 0.0000e+00
        491 312.582390    0.03403     2.0417    122.500     49.726  48449.051    30.5214     8.3615     49.255    6.73988     8.3577    23.7081   12.15518 3.6170e-02 0.0000e+00
        492 312.582393    0.03410     2.0458    122.750     49.945  48450.129    30.5222     8.3620     49.472    6.73977     8.3584    23.7086   12.15499 3.6170e-02 0.0000e+00
        493 312.582396    0.03417     2.0500    123.000     50.152  48452.107    30.5235     8.3625     49.678    6.73963     8.3592    23.7096   12.15474 3.6170e-02 0.0000e+00
        494 312.582399    0.03424     2.0542    123.250     50.345  48453.855    30.5248     8.3632     49.868    6.73947     8.3600    23.7105   12.15447 3.6170e-02 0.0000e+00
        495 312.582402    0.03431     2.0583    123.500     50.522  48455.059    30.5257     8.3640     50.044    6.73931     8.3608    23.7111   12.15419 3.6170e-02 0.0000e+00
        496 312.582405    0.03438     2.0625    123.750     50.688  48455.890    30.5263     8.3649     50.208    6.73915     8.3615    23.7115   12.15392 3.6170e-02 0.0000e+00
        497 312.582407    0.03444     2.0667    124.000     50.848  48456.286    30.5266     8.3657     50.367    6.73901     8.3621    23.7116   12.15368 3.6170e-02 0.0000e+00
        498 312.582410    0.03451     2.0708    124.250     51.008  48456.296    30.5267     8.3664     50.525    6.73890     8.3625    23.7115   12.15350 3.6170e-02 0.0000e+00
        499 312.582413    0.03458     2.0750    124.500     51.172  48455.924    30.5264     8.3670     50.687    6.73882     8.3627    23.7112   12.15337 3.6170e-02 0.0000e+00
        500 312.582416    0.03465     2.0792    124.750     51.343  48455.674    30.5262     8.3674     50.856    6.73876     8.3630    23.7110   12.15328 3.6170e-02 0.0000e+00
        501 312.582419    0.03472     2.0833    125.000     51.525  48456.326    30.5267     8.3677     51.037    6.73870     8.3634    23.7113   12.15318 3.6170e-02 0.0000e+00
        502 312.582422    0.03479     2.0875    125.250     51.720  48458.079    30.5278     8.3679     51.230    6.73861     8.3643    23.7122   12.15302 3.6170e-02 0.0000e+00
        503 312.582425    0.03486     2.0917    125.500     51.929  48461.104    30.5299     8.3684     51.437    6.73845     8.3657    23.7138   12.15272 3.6170e-02 0.0000e+00
        504 312.582428    0.03493     2.0958    125.750     52.151  48466.109    30.5334     8.3693     51.657    6.73817     8.3681    23.7164   12.15221 3.6170e-02 0.0000e+00
        505 312.582431    0.03500     2.1000    126.000     52.383  48473.661    30.5388     8.3708     51.886    6.73770     8.3717    23.7205   12.15137 3.6170e-02 0.0000e+00
        506 312.582433    0.03507     2.1042    126.250     52.619  48483.945    30.5462     8.3732     52.121    6.73701     8.3765    23.7259   12.15013 3.6170e-02 0.0000e+00
        507 312.582436    0.03514     2.1083    126.500     52.854  48495.180    30.5545     8.3768     52.353    6.73610     8.3819    23.7319   12.14853 3.6170e-02 0.0000e+00
        508 312.582439    0.03521     2.1125    126.750     53.082  48503.439    30.5609     8.3816     52.579    6.73509     8.3872    23.7362   12.14678 3.6170e-02 0.0000e+00
        509 312.582442    0.03528     2.1167    127.000     53.302  48507.664    30.5645     8.3871     52.797    6.73410     8.3920    23.7383   12.14510 3.6170e-02 0.0000e+00
        510 312.582445    0.03535     2.1208    127.250     53.513  48510.597    30.5672     8.3923     53.005    6.73318     8.3963    23.7396   12.14354 3.6170e-02 0.0000e+00
        511 312.582448    0.03542     2.1250    127.500     53.716  48513.200    30.5697     8.3971     53.207    6.73235     8.4001    23.7409   12.14212 3.6170e-02 0.0000e+00
        512 312.582451    0.03549     2.1292    127.750     53.916  48514.551    30.5712     8.4015     53.405    6.73162     8.4033    23.7414   12.14090 3.6170e-02 0.0000e+00
        513 312.582454    0.03556     2.1333    128.000     54.115  48515.589    30.5724     8.4053     53.603    6.73098     8.4062    23.7418   12.13983 3.6170e-02 0.0000e+00
        514 312.582457    0.03562     2.1375    128.250     54.319  48517.169    30.5739     8.4086     53.804    6.73042     8.4087    23.7425   12.13889 3.6170e-02 0.0000e+00
        515 312.582459    0.03569     2.1417    128.500     54.528  48518.861    30.5754     8.4115     54.012    6.72992     8.4109    23.7433   12.13804 3.6170e-02 0.0000e+00
        516 312.582462    0.03576     2.1458    128.750     54.743  48520.184    30.5766     8.4140     54.224    6.72949     8.4127    23.7439   12.13731 3.6170e-02 0.0000e+00
        517 312.582465    0.03583     2.1500    129.000     54.956  48520.800    30.5773     8.4162     54.435    6.72912     8.4142    23.7441   12.13669 3.6170e-02 0.0000e+00
        518 312.582468    0.03590     2.1542    129.250     55.161  48520.835    30.5775     8.4181     54.638    6.72882     8.4154    23.7440   12.13619 3.6170e-02 0.0000e+00
        519 312.582471    0.03597     2.1583    129.500     55.354  48520.630    30.5775     8.4196     54.829    6.72859     8.4163    23.7437   12.13581 3.6170e-02 0.0000e+00
        520 312.582474    0.03604     2.1625    129.750     55.533  48520.633    30.5776     8.4208     55.006    6.72841     8.4170    23.7436   12.13551 3.6170e-02 0.0000e+00
        521 312.582477    0.03611     2.1667    130.000     55.705  48521.113    30.5780     8.4217     55.177    6.72825     8.4177    23.7438   12.13525 3.6170e-02 0.0000e+00
        522 312.582480    0.03618     2.1708    130.250     55.881  48522.003    30.5786     8.4224     55.351    6.72811     8.4183    23.7442   12.13500 3.6170e-02 0.0000e+00
        523 312.582483    0.03625     2.1750    130.500     56.072  48523.382    30.5796     8.4231     55.540    6.72796     8.4191    23.7449   12.13475 3.6170e-02 0.0000e+00
        524 312.582486    0.03632     2.1792    130.750     56.286  48525.360    30.5810     8.4238     55.752    6.72780     8.4200    23.7459   12.13446 3.6170e-02 0.0000e+00
        525 312.582488    0.03639     2.1833    131.000     56.525  48527.636    30.5826     8.4246     55.989    6.72761     8.4210    23.7470   12.13412 3.6170e-02 0.0000e+00
        526 312.582491    0.03646     2.1875    131.250     56.783  48529.256    30.5838     8.4256     56.245    6.72742     8.4217    23.7478   12.13379 3.6170e-02 0.0000e+00
        527 312.582494    0.03653     2.1917    131.500     57.048  48529.379    30.5839     8.4265     56.507    6.72727     8.4222    23.7478   12.13354 3.6170e-02 0.0000e+00
        528 312.582497    0.03660     2.1958    131.750     57.304  48528.541    30.5833     8.4273     56.760    6.72718     8.4225    23.7472   12.13339 3.6170e-02 0.0000e+00
        529 312.582500    0.03667     2.2000    132.000     57.539  48527.772    30.5827     8.4278     56.993    6.72712     8.4225    23.7467   12.13331 3.6170e-02 0.0000e+00
        530 312.582503    0.03674     2.2042    132.250     57.750  48527.387    30.5824     8.4281     57.202    6.72710     8.4225    23.7464   12.13328 3.6170e-02 0.0000e+00
        531 312.582506    0.03681     2.2083    132.500     57.944  48527.279    30.5822     8.4281     57.395    6.72709     8.4225    23.7463   12.13327 3.6170e-02 0.0000e+00
        532 312.582509    0.03687     2.2125    132.750     58.133  48527.414    30.5822     8.4281     57.581    6.72709     8.4225    23.7463   12.13327 3.6170e-02 0.0000e+00
        533 312.582512    0.03694     2.2167    133.000     58.327  48527.954    30.5825     8.4281     57.773    6.72708     8.4225    23.7465   12.13325 3.6170e-02 0.0000e+00
        534 312.582514    0.03701     2.2208    133.250     58.534  48528.807    30.5830     8.4281     57.978    6.72706     8.4227    23.7469   12.13320 3.6170e-02 0.0000e+00
        535 312.582517    0.03708     2.2250    133.500     58.756  48529.593    30.5835     8.4282     58.198    6.72702     8.4229    23.7473   12.13314 3.6170e-02 0.0000e+00
        536 312.582520    0.03715     2.2292    133.750     58.990  48530.257    30.5839     8.4284     58.429    6.72698     8.4231    23.7475   12.13306 3.6170e-02 0.0000e+00
        537 312.582523    0.03722     2.2333    134.000     59.226  48531.009    30.5844     8.4286     58.664    6.72692     8.4234    23.7479   12.13297 3.6170e-02 0.0000e+00
        538 312.582526    0.03729     2.2375    134.250     59.458  48531.973    30.5850     8.4288     58.893    6.72686     8.4237    23.7483   12.13286 3.6170e-02 0.0000e+00
        539 312.582529    0.03736     2.2417    134.500     59.680  48533.173    30.5857     8.4291     59.114    6.72678     8.4241    23.7489   12.13272 3.6170e-02 0.0000e+00
        540 312.582532    0.03743     2.2458    134.750     59.892  48534.611    30.5867     8.4295     59.324    6.72669     8.4246    23.7496   12.13256 3.6170e-02 0.0000e+00
        541 312.582535    0.03750     2.2500    135.000     60.098  48536.555    30.5880     8.4299     59.527    6.72657     8.4252    23.7506   12.13234 3.6170e-02 0.0000e+00
        542 312.582538    0.03757     2.2542    135.250     60.299  48539.330    30.5900     8.4304     59.727    6.72641     8.4261    23.7520   12.13205 3.6170e-02 0.0000e+00
