CTD-processing/allCTD/CNV--turbid/2018_04-23_t4_s02_cast061.cnv
* Sea-Bird SBE19plus Data File:
* FileName = C:\Users\Kim.Powell\Desktop\Not Processed\2018\2018_04-23_AlongBay, T4, T9_5028\2018_04-23_TRANSECT_STATION_cast061.hex
* Software Version 1.59
* Temperature SN =  5028
* Conductivity SN =  5028
* System UpLoad Time = Apr 24 2018 09:52:19
** 2018_04-24
** Station: 4-02
** Start Time: 13:24
** Depth (m): 102
** Comment:
** Comment:
# nquan = 16
# nvalues = 776                         
# units = specified
# name 0 = scan: Scan Count
# name 1 = timeJ: Julian Days
# name 2 = timeH: Time, Elapsed [hours]
# name 3 = timeM: Time, Elapsed [minutes]
# name 4 = timeS: Time, Elapsed [seconds]
# name 5 = prdM: Pressure, Strain Gauge [db]
# name 6 = specc: Specific Conductance [uS/cm]
# name 7 = sal00: Salinity, Practical [PSU]
# name 8 = tv290C: Temperature [ITS-90, deg C]
# name 9 = depSM: Depth [salt water, m], lat = 59.00
# name 10 = oxsolML/L: Oxygen Saturation, Garcia & Gordon [ml/l]
# name 11 = potemp090C: Potential Temperature [ITS-90, deg C]
# name 12 = sigma-é00: Density [sigma-theta, kg/m^3]
# name 13 = n2satML/L: Nitrogen Saturation [ml/l]
# name 14 = par: PAR/Irradiance, Biospherical/Licor
# name 15 = flag:  0.000e+00
# span 0 =          1,        776       
# span 1 = 113.559051, 113.561293       
# span 2 =    0.00000,    0.05382       
# span 3 =     0.0000,     3.2292       
# span 4 =      0.000,    193.750       
# span 5 =      0.258,     99.883       
# span 6 =  50716.476,  51246.889       
# span 7 =    31.6095,    31.8303       
# span 8 =     4.8460,     5.4602       
# span 9 =      0.255,     98.925       
# span 10 =    7.15665,    7.25336      
# span 11 =     4.8389,     5.4147      
# span 12 =    24.9372,    25.1518      
# span 13 =   12.83067,   12.98801      
# span 14 = 3.9382e-02, 4.4295e+02      
# span 15 = 0.0000e+00, 0.0000e+00      
# interval = seconds: 0.25
# start_time = Apr 23 2018 13:25:02 [Instrument's time stamp, header]
# bad_flag = -9.990e-29
*END*
[from data line 543]
        544 113.560622    0.03771     2.2625    135.750     54.259  51194.348    31.7954     4.9126     53.745    7.24172     4.9087    25.1452   12.96878 1.6334e-01 0.0000e+00
        545 113.560625    0.03778     2.2667    136.000     54.452  51194.623    31.7955     4.9126     53.936    7.24173     4.9087    25.1453   12.96879 1.5983e-01 0.0000e+00
        546 113.560628    0.03785     2.2708    136.250     54.643  51194.785    31.7955     4.9126     54.125    7.24174     4.9086    25.1454   12.96879 1.5646e-01 0.0000e+00
        547 113.560631    0.03792     2.2750    136.500     54.829  51194.901    31.7955     4.9126     54.309    7.24174     4.9086    25.1454   12.96879 1.5324e-01 0.0000e+00
        548 113.560634    0.03799     2.2792    136.750     55.011  51195.075    31.7955     4.9125     54.490    7.24173     4.9087    25.1454   12.96879 1.5022e-01 0.0000e+00
        549 113.560637    0.03806     2.2833    137.000     55.190  51195.284    31.7956     4.9125     54.666    7.24173     4.9087    25.1454   12.96878 1.4735e-01 0.0000e+00
        550 113.560639    0.03812     2.2875    137.250     55.368  51195.433    31.7956     4.9126     54.843    7.24172     4.9086    25.1454   12.96878 1.4454e-01 0.0000e+00
        551 113.560642    0.03819     2.2917    137.500     55.550  51195.539    31.7956     4.9126     55.023    7.24172     4.9086    25.1454   12.96877 1.4171e-01 0.0000e+00
        552 113.560645    0.03826     2.2958    137.750     55.739  51195.653    31.7956     4.9126     55.210    7.24172     4.9086    25.1454   12.96878 1.3879e-01 0.0000e+00
        553 113.560648    0.03833     2.3000    138.000     55.938  51195.776    31.7955     4.9126     55.407    7.24172     4.9086    25.1453   12.96879 1.3579e-01 0.0000e+00
        554 113.560651    0.03840     2.3042    138.250     56.147  51195.933    31.7955     4.9126     55.614    7.24172     4.9087    25.1453   12.96879 1.3274e-01 0.0000e+00
        555 113.560654    0.03847     2.3083    138.500     56.363  51196.137    31.7956     4.9126     55.829    7.24172     4.9088    25.1454   12.96877 1.2968e-01 0.0000e+00
        556 113.560657    0.03854     2.3125    138.750     56.586  51196.350    31.7956     4.9127     56.049    7.24170     4.9089    25.1454   12.96874 1.2665e-01 0.0000e+00
        557 113.560660    0.03861     2.3167    139.000     56.813  51196.528    31.7956     4.9128     56.274    7.24168     4.9090    25.1454   12.96871 1.2368e-01 0.0000e+00
        558 113.560663    0.03868     2.3208    139.250     57.042  51196.643    31.7956     4.9129     56.501    7.24166     4.9091    25.1454   12.96867 1.2080e-01 0.0000e+00
        559 113.560666    0.03875     2.3250    139.500     57.270  51196.746    31.7956     4.9130     56.727    7.24164     4.9091    25.1454   12.96864 1.1802e-01 0.0000e+00
        560 113.560668    0.03882     2.3292    139.750     57.496  51196.849    31.7956     4.9131     56.950    7.24163     4.9092    25.1454   12.96862 1.1539e-01 0.0000e+00
        561 113.560671    0.03889     2.3333    140.000     57.716  51196.886    31.7955     4.9132     57.168    7.24161     4.9092    25.1453   12.96860 1.1291e-01 0.0000e+00
        562 113.560674    0.03896     2.3375    140.250     57.930  51196.847    31.7954     4.9133     57.380    7.24161     4.9091    25.1452   12.96859 1.1059e-01 0.0000e+00
        563 113.560677    0.03903     2.3417    140.500     58.136  51196.791    31.7953     4.9133     57.584    7.24161     4.9090    25.1451   12.96860 1.0845e-01 0.0000e+00
        564 113.560680    0.03910     2.3458    140.750     58.333  51196.781    31.7952     4.9133     57.779    7.24162     4.9089    25.1451   12.96862 1.0648e-01 0.0000e+00
        565 113.560683    0.03917     2.3500    141.000     58.522  51196.835    31.7951     4.9132     57.966    7.24164     4.9087    25.1450   12.96865 1.0463e-01 0.0000e+00
        566 113.560686    0.03924     2.3542    141.250     58.704  51196.966    31.7950     4.9130     58.146    7.24167     4.9086    25.1450   12.96869 1.0289e-01 0.0000e+00
        567 113.560689    0.03931     2.3583    141.500     58.882  51197.157    31.7950     4.9129     58.322    7.24169     4.9084    25.1450   12.96873 1.0121e-01 0.0000e+00
        568 113.560692    0.03938     2.3625    141.750     59.061  51197.364    31.7951     4.9128     58.500    7.24171     4.9083    25.1451   12.96877 9.9547e-02 0.0000e+00
        569 113.560694    0.03944     2.3667    142.000     59.247  51197.542    31.7951     4.9126     58.684    7.24174     4.9081    25.1451   12.96881 9.7832e-02 0.0000e+00
        570 113.560697    0.03951     2.3708    142.250     59.446  51197.677    31.7951     4.9125     58.881    7.24176     4.9080    25.1450   12.96884 9.6025e-02 0.0000e+00
        571 113.560700    0.03958     2.3750    142.500     59.660  51197.749    31.7950     4.9124     59.093    7.24178     4.9078    25.1450   12.96888 9.4136e-02 0.0000e+00
        572 113.560703    0.03965     2.3792    142.750     59.886  51197.799    31.7949     4.9123     59.318    7.24181     4.9076    25.1449   12.96893 9.2209e-02 0.0000e+00
        573 113.560706    0.03972     2.3833    143.000     60.120  51197.946    31.7948     4.9121     59.549    7.24184     4.9073    25.1449   12.96898 9.0306e-02 0.0000e+00
        574 113.560709    0.03979     2.3875    143.250     60.355  51198.246    31.7949     4.9119     59.782    7.24188     4.9070    25.1450   12.96905 8.8492e-02 0.0000e+00
        575 113.560712    0.03986     2.3917    143.500     60.584  51198.684    31.7950     4.9116     60.009    7.24193     4.9067    25.1451   12.96912 8.6811e-02 0.0000e+00
        576 113.560715    0.03993     2.3958    143.750     60.806  51199.190    31.7952     4.9113     60.228    7.24196     4.9066    25.1453   12.96918 8.5262e-02 0.0000e+00
        577 113.560718    0.04000     2.4000    144.000     61.016  51199.700    31.7954     4.9111     60.437    7.24199     4.9065    25.1454   12.96922 8.3838e-02 0.0000e+00
        578 113.560720    0.04007     2.4042    144.250     61.216  51200.156    31.7956     4.9110     60.635    7.24200     4.9065    25.1456   12.96924 8.2522e-02 0.0000e+00
        579 113.560723    0.04014     2.4083    144.500     61.409  51200.512    31.7957     4.9109     60.826    7.24201     4.9065    25.1457   12.96925 8.1285e-02 0.0000e+00
        580 113.560726    0.04021     2.4125    144.750     61.597  51200.822    31.7958     4.9109     61.012    7.24201     4.9066    25.1458   12.96924 8.0102e-02 0.0000e+00
        581 113.560729    0.04028     2.4167    145.000     61.783  51201.124    31.7959     4.9109     61.196    7.24199     4.9068    25.1459   12.96921 7.8958e-02 0.0000e+00
        582 113.560732    0.04035     2.4208    145.250     61.969  51201.394    31.7960     4.9110     61.381    7.24197     4.9069    25.1460   12.96918 7.7844e-02 0.0000e+00
        583 113.560735    0.04042     2.4250    145.500     62.158  51201.550    31.7961     4.9112     61.567    7.24195     4.9070    25.1460   12.96914 7.6754e-02 0.0000e+00
        584 113.560738    0.04049     2.4292    145.750     62.349  51201.466    31.7960     4.9113     61.757    7.24192     4.9070    25.1459   12.96910 7.5680e-02 0.0000e+00
        585 113.560741    0.04056     2.4333    146.000     62.545  51201.148    31.7957     4.9114     61.951    7.24192     4.9068    25.1457   12.96909 7.4619e-02 0.0000e+00
        586 113.560744    0.04063     2.4375    146.250     62.748  51200.622    31.7952     4.9114     62.152    7.24194     4.9062    25.1453   12.96914 7.3557e-02 0.0000e+00
        587 113.560747    0.04069     2.4417    146.500     62.959  51199.950    31.7946     4.9112     62.361    7.24201     4.9054    25.1449   12.96926 7.2477e-02 0.0000e+00
        588 113.560749    0.04076     2.4458    146.750     63.179  51199.258    31.7939     4.9107     62.579    7.24213     4.9042    25.1444   12.96947 7.1383e-02 0.0000e+00
        589 113.560752    0.04083     2.4500    147.000     63.405  51198.634    31.7932     4.9099     62.802    7.24231     4.9027    25.1439   12.96977 7.0302e-02 0.0000e+00
        590 113.560755    0.04090     2.4542    147.250     63.632  51198.342    31.7926     4.9087     63.027    7.24255     4.9011    25.1436   12.97017 6.9257e-02 0.0000e+00
        591 113.560758    0.04097     2.4583    147.500     63.855  51198.812    31.7925     4.9072     63.248    7.24281     4.8998    25.1436   12.97061 6.8267e-02 0.0000e+00
        592 113.560761    0.04104     2.4625    147.750     64.072  51200.105    31.7930     4.9057     63.463    7.24305     4.8987    25.1441   12.97100 6.7334e-02 0.0000e+00
        593 113.560764    0.04111     2.4667    148.000     64.282  51201.457    31.7935     4.9044     63.671    7.24325     4.8978    25.1447   12.97133 6.6458e-02 0.0000e+00
        594 113.560767    0.04118     2.4708    148.250     64.485  51202.156    31.7936     4.9033     63.872    7.24343     4.8967    25.1449   12.97161 6.5637e-02 0.0000e+00
        595 113.560770    0.04125     2.4750    148.500     64.684  51201.994    31.7932     4.9024     64.069    7.24361     4.8953    25.1447   12.97192 6.4856e-02 0.0000e+00
        596 113.560773    0.04132     2.4792    148.750     64.878  51201.243    31.7924     4.9013     64.262    7.24384     4.8935    25.1442   12.97231 6.4111e-02 0.0000e+00
        597 113.560775    0.04139     2.4833    149.000     65.071  51200.758    31.7917     4.8999     64.452    7.24412     4.8916    25.1437   12.97279 6.3406e-02 0.0000e+00
        598 113.560778    0.04146     2.4875    149.250     65.261  51201.080    31.7914     4.8981     64.641    7.24444     4.8898    25.1437   12.97332 6.2729e-02 0.0000e+00
        599 113.560781    0.04153     2.4917    149.500     65.450  51202.166    31.7916     4.8962     64.829    7.24475     4.8883    25.1441   12.97383 6.2068e-02 0.0000e+00
        600 113.560784    0.04160     2.4958    149.750     65.639  51203.640    31.7921     4.8945     65.015    7.24503     4.8871    25.1447   12.97428 6.1420e-02 0.0000e+00
        601 113.560787    0.04167     2.5000    150.000     65.827  51204.930    31.7926     4.8930     65.201    7.24526     4.8861    25.1452   12.97466 6.0792e-02 0.0000e+00
        602 113.560790    0.04174     2.5042    150.250     66.016  51205.790    31.7928     4.8918     65.388    7.24546     4.8852    25.1455   12.97498 6.0190e-02 0.0000e+00
        603 113.560793    0.04181     2.5083    150.500     66.206  51206.628    31.7931     4.8908     65.576    7.24562     4.8846    25.1459   12.97525 5.9611e-02 0.0000e+00
        604 113.560796    0.04188     2.5125    150.750     66.397  51207.771    31.7936     4.8900     65.766    7.24575     4.8842    25.1464   12.97545 5.9042e-02 0.0000e+00
        605 113.560799    0.04194     2.5167    151.000     66.590  51208.937    31.7941     4.8894     65.957    7.24583     4.8840    25.1469   12.97558 5.8482e-02 0.0000e+00
        606 113.560802    0.04201     2.5208    151.250     66.786  51209.653    31.7944     4.8890     66.150    7.24588     4.8837    25.1472   12.97566 5.7938e-02 0.0000e+00
        607 113.560804    0.04208     2.5250    151.500     66.985  51209.786    31.7944     4.8887     66.347    7.24592     4.8834    25.1472   12.97572 5.7414e-02 0.0000e+00
        608 113.560807    0.04215     2.5292    151.750     67.189  51209.730    31.7942     4.8885     66.550    7.24596     4.8831    25.1470   12.97580 5.6891e-02 0.0000e+00
        609 113.560810    0.04222     2.5333    152.000     67.402  51209.860    31.7941     4.8883     66.761    7.24601     4.8828    25.1470   12.97589 5.6341e-02 0.0000e+00
        610 113.560813    0.04229     2.5375    152.250     67.621  51210.176    31.7942     4.8879     66.978    7.24607     4.8825    25.1471   12.97598 5.5786e-02 0.0000e+00
        611 113.560816    0.04236     2.5417    152.500     67.846  51210.586    31.7943     4.8876     67.201    7.24612     4.8823    25.1472   12.97606 5.5255e-02 0.0000e+00
        612 113.560819    0.04243     2.5458    152.750     68.074  51211.031    31.7944     4.8873     67.426    7.24616     4.8822    25.1474   12.97612 5.4744e-02 0.0000e+00
        613 113.560822    0.04250     2.5500    153.000     68.298  51211.436    31.7946     4.8871     67.649    7.24619     4.8821    25.1475   12.97617 5.4257e-02 0.0000e+00
        614 113.560825    0.04257     2.5542    153.250     68.515  51211.774    31.7947     4.8870     67.864    7.24621     4.8820    25.1476   12.97620 5.3804e-02 0.0000e+00
        615 113.560828    0.04264     2.5583    153.500     68.722  51212.092    31.7948     4.8869     68.068    7.24622     4.8821    25.1477   12.97621 5.3384e-02 0.0000e+00
        616 113.560830    0.04271     2.5625    153.750     68.919  51212.454    31.7949     4.8869     68.263    7.24621     4.8822    25.1478   12.97620 5.2988e-02 0.0000e+00
        617 113.560833    0.04278     2.5667    154.000     69.109  51212.882    31.7951     4.8870     68.452    7.24619     4.8825    25.1479   12.97616 5.2607e-02 0.0000e+00
        618 113.560836    0.04285     2.5708    154.250     69.298  51213.205    31.7953     4.8872     68.639    7.24616     4.8828    25.1480   12.97610 5.2236e-02 0.0000e+00
        619 113.560839    0.04292     2.5750    154.500     69.492  51213.066    31.7951     4.8875     68.831    7.24611     4.8829    25.1479   12.97602 5.1871e-02 0.0000e+00
        620 113.560842    0.04299     2.5792    154.750     69.696  51212.466    31.7947     4.8878     69.033    7.24608     4.8828    25.1475   12.97598 5.1504e-02 0.0000e+00
        621 113.560845    0.04306     2.5833    155.000     69.909  51211.949    31.7943     4.8879     69.244    7.24608     4.8826    25.1471   12.97599 5.1132e-02 0.0000e+00
        622 113.560848    0.04312     2.5875    155.250     70.131  51211.812    31.7940     4.8878     69.463    7.24611     4.8825    25.1469   12.97605 5.0765e-02 0.0000e+00
        623 113.560851    0.04319     2.5917    155.500     70.356  51211.852    31.7939     4.8876     69.686    7.24615     4.8824    25.1469   12.97610 5.0408e-02 0.0000e+00
        624 113.560854    0.04326     2.5958    155.750     70.579  51211.740    31.7937     4.8875     69.907    7.24617     4.8824    25.1467   12.97615 5.0065e-02 0.0000e+00
        625 113.560856    0.04333     2.6000    156.000     70.793  51211.125    31.7932     4.8874     70.119    7.24621     4.8823    25.1463   12.97621 4.9737e-02 0.0000e+00
        626 113.560859    0.04340     2.6042    156.250     70.996  51209.800    31.7921     4.8874     70.320    7.24626     4.8821    25.1455   12.97632 4.9431e-02 0.0000e+00
        627 113.560862    0.04347     2.6083    156.500     71.186  51207.731    31.7906     4.8873     70.508    7.24636     4.8819    25.1443   12.97649 4.9145e-02 0.0000e+00
        628 113.560865    0.04354     2.6125    156.750     71.365  51206.719    31.7898     4.8871     70.685    7.24643     4.8817    25.1437   12.97662 4.8885e-02 0.0000e+00
        629 113.560868    0.04361     2.6167    157.000     71.537  51208.405    31.7908     4.8870     70.856    7.24641     4.8817    25.1445   12.97657 4.8654e-02 0.0000e+00
        630 113.560871    0.04368     2.6208    157.250     71.712  51210.803    31.7924     4.8868     71.029    7.24635     4.8817    25.1458   12.97646 4.8433e-02 0.0000e+00
        631 113.560874    0.04375     2.6250    157.500     71.895  51212.323    31.7933     4.8868     71.211    7.24631     4.8817    25.1465   12.97638 4.8202e-02 0.0000e+00
        632 113.560877    0.04382     2.6292    157.750     72.092  51213.297    31.7939     4.8868     71.406    7.24628     4.8818    25.1470   12.97632 4.7952e-02 0.0000e+00
