CTD-processing/allCTD/CNV--turbid/2018_05-24_t9_s01_cast095.cnv
* Sea-Bird SBE19plus Data File:
* FileName = C:\Users\Kim.Powell\Desktop\Not Processed\2018\2018_05-24_AlongBay, T9_5028\2018_05-24_TRANSECT_STATION_cast095.hex
* Software Version 1.59
* Temperature SN =  5028
* Conductivity SN =  5028
* System UpLoad Time = May 25 2018 13:32:31
** 2018_05-24
** Station: 9-01
** Start Time: 14:08
** Depth (m): 65
** Comment: fewer jellies
** Comment:
# nquan = 16
# nvalues = 566                         
# units = specified
# name 0 = scan: Scan Count
# name 1 = timeJ: Julian Days
# name 2 = timeH: Time, Elapsed [hours]
# name 3 = timeM: Time, Elapsed [minutes]
# name 4 = timeS: Time, Elapsed [seconds]
# name 5 = prdM: Pressure, Strain Gauge [db]
# name 6 = specc: Specific Conductance [uS/cm]
# name 7 = sal00: Salinity, Practical [PSU]
# name 8 = tv290C: Temperature [ITS-90, deg C]
# name 9 = depSM: Depth [salt water, m], lat = 59.00
# name 10 = oxsolML/L: Oxygen Saturation, Garcia & Gordon [ml/l]
# name 11 = potemp090C: Potential Temperature [ITS-90, deg C]
# name 12 = sigma-é00: Density [sigma-theta, kg/m^3]
# name 13 = n2satML/L: Nitrogen Saturation [ml/l]
# name 14 = par: PAR/Irradiance, Biospherical/Licor
# name 15 = flag:  0.000e+00
# span 0 =          1,        566       
# span 1 = 144.588461, 144.590095       
# span 2 =    0.00000,    0.03924       
# span 3 =     0.0000,     2.3542       
# span 4 =      0.000,    141.250       
# span 5 =     -0.156,     64.634       
# span 6 =   2888.623,  51064.116       
# span 7 =     1.5833,    31.8606       
# span 8 =     5.6658,     8.8311       
# span 9 =     -0.154,     64.020       
# span 10 =    6.83930,    8.04136      
# span 11 =     5.6608,     8.7925      
# span 12 =     1.0410,    25.1127      
# span 13 =   12.31173,   14.72604      
# span 14 = 4.4706e-02, 9.4961e+02      
# span 15 = 0.0000e+00, 0.0000e+00      
# interval = seconds: 0.25
# start_time = May 24 2018 14:07:23 [Instrument's time stamp, header]
# bad_flag = -9.990e-29
*END*
[from data line 543]
        544 144.590032    0.03771     2.2625    135.750     60.683  51029.189    31.8447     5.6978     60.106    7.10535     5.6905    25.0965   12.74294 4.5478e-02 0.0000e+00
        545 144.590035    0.03778     2.2667    136.000     60.878  51030.172    31.8450     5.6966     60.300    7.10553     5.6887    25.0969   12.74324 4.5428e-02 0.0000e+00
        546 144.590038    0.03785     2.2708    136.250     61.079  51031.189    31.8453     5.6952     60.499    7.10576     5.6864    25.0973   12.74361 4.5380e-02 0.0000e+00
        547 144.590041    0.03792     2.2750    136.500     61.283  51032.197    31.8456     5.6934     60.701    7.10605     5.6834    25.0977   12.74408 4.5326e-02 0.0000e+00
        548 144.590043    0.03799     2.2792    136.750     61.487  51033.493    31.8459     5.6911     60.903    7.10642     5.6799    25.0982   12.74468 4.5269e-02 0.0000e+00
        549 144.590046    0.03806     2.2833    137.000     61.687  51035.503    31.8466     5.6882     61.101    7.10688     5.6761    25.0991   12.74543 4.5216e-02 0.0000e+00
        550 144.590049    0.03812     2.2875    137.250     61.880  51038.564    31.8479     5.6847     61.293    7.10740     5.6725    25.1005   12.74628 4.5166e-02 0.0000e+00
        551 144.590052    0.03819     2.2917    137.500     62.070  51042.646    31.8498     5.6809     61.481    7.10795     5.6694    25.1025   12.74716 4.5117e-02 0.0000e+00
        552 144.590055    0.03826     2.2958    137.750     62.260  51047.068    31.8521     5.6773     61.669    7.10845     5.6669    25.1047   12.74796 4.5075e-02 0.0000e+00
        553 144.590058    0.03833     2.3000    138.000     62.453  51051.097    31.8541     5.6742     61.860    7.10887     5.6651    25.1067   12.74863 4.5042e-02 0.0000e+00
        554 144.590061    0.03840     2.3042    138.250     62.647  51054.440    31.8558     5.6718     62.052    7.10920     5.6637    25.1083   12.74915 4.5016e-02 0.0000e+00
        555 144.590064    0.03847     2.3083    138.500     62.843  51057.063    31.8572     5.6699     62.246    7.10944     5.6628    25.1096   12.74954 4.4990e-02 0.0000e+00
        556 144.590067    0.03854     2.3125    138.750     63.039  51059.022    31.8582     5.6686     62.441    7.10962     5.6621    25.1105   12.74982 4.4952e-02 0.0000e+00
        557 144.590069    0.03861     2.3167    139.000     63.235  51060.388    31.8588     5.6677     62.634    7.10975     5.6616    25.1111   12.75002 4.4909e-02 0.0000e+00
        558 144.590072    0.03868     2.3208    139.250     63.431  51061.257    31.8592     5.6670     62.829    7.10984     5.6611    25.1115   12.75016 4.4875e-02 0.0000e+00
        559 144.590075    0.03875     2.3250    139.500     63.629  51061.898    31.8595     5.6665     63.024    7.10991     5.6608    25.1118   12.75028 4.4849e-02 0.0000e+00
        560 144.590078    0.03882     2.3292    139.750     63.827  51062.703    31.8598     5.6661     63.221    7.10997     5.6608    25.1121   12.75038 4.4825e-02 0.0000e+00
        561 144.590081    0.03889     2.3333    140.000     64.023  51063.632    31.8603     5.6658     63.415    7.11000     5.6612    25.1125   12.75042 4.4799e-02 0.0000e+00
        562 144.590084    0.03896     2.3375    140.250     64.209  51064.116    31.8606     5.6658     63.599    7.10997     5.6617    25.1127   12.75038 4.4773e-02 0.0000e+00
        563 144.590087    0.03903     2.3417    140.500     64.375  51063.851    31.8604     5.6662     63.764    7.10991     5.6620    25.1126   12.75028 4.4745e-02 0.0000e+00
        564 144.590090    0.03910     2.3458    140.750     64.510  51063.199    31.8600     5.6667     63.897    7.10985     5.6621    25.1122   12.75018 4.4719e-02 0.0000e+00
        565 144.590093    0.03917     2.3500    141.000     64.601  51062.711    31.8597     5.6670     63.987    7.10981 -9.990e-29    25.1119   12.75012 4.4708e-02 0.0000e+00
        566 144.590095    0.03924     2.3542    141.250     64.634  51062.564    31.8596     5.6671     64.020    7.10980 -9.990e-29    25.1118   12.75010 4.4706e-02 0.0000e+00
