CTD-processing/allCTD/CNV--turbid/2018_01-17_t9_s06_cast149.cnv
* Sea-Bird SBE19plus Data File:
* FileName = C:\Users\Kim.Powell\Desktop\Not Processed\2018\2018_01-XX_TRANSECT_4141\2018_01-18_TRANSECT_STATION_cast149.hex
* Software Version 1.59
* Temperature SN =  4141
* Conductivity SN =  4141
* System UpLoad Time = Feb 16 2018 09:03:32
** 2018_01-17
** Station: 9-06
** Start Time: 14:10
** Depth (m): 105.2
** Comment: CTD incorrectly recorded date as May 22
** Comment:
# nquan = 16
# nvalues = 366                         
# units = specified
# name 0 = scan: Scan Count
# name 1 = timeJ: Julian Days
# name 2 = timeH: Time, Elapsed [hours]
# name 3 = timeM: Time, Elapsed [minutes]
# name 4 = timeS: Time, Elapsed [seconds]
# name 5 = prdM: Pressure, Strain Gauge [db]
# name 6 = specc: Specific Conductance [uS/cm]
# name 7 = sal00: Salinity, Practical [PSU]
# name 8 = tv290C: Temperature [ITS-90, deg C]
# name 9 = depSM: Depth [salt water, m], lat = 59.00
# name 10 = oxsolML/L: Oxygen Saturation, Garcia & Gordon [ml/l]
# name 11 = potemp090C: Potential Temperature [ITS-90, deg C]
# name 12 = sigma-é00: Density [sigma-theta, kg/m^3]
# name 13 = n2satML/L: Nitrogen Saturation [ml/l]
# name 14 = par: PAR/Irradiance, Biospherical/Licor
# name 15 = flag:  0.000e+00
# span 0 =          1,        366       
# span 1 = 142.592512, 142.593568       
# span 2 =    0.00000,    0.02535       
# span 3 =     0.0000,     1.5208       
# span 4 =      0.000,     91.250       
# span 5 =     -0.234,     14.008       
# span 6 =    601.798,  50237.948       
# span 7 =     0.3094,    31.1924       
# span 8 =     4.9141,     5.1013       
# span 9 =     -0.231,     13.876       
# span 10 =    7.23839,    8.93796      
# span 11 =     4.9141,     5.1003      
# span 12 =     0.2153,    24.6508      
# span 13 =   12.97109,   16.25361      
# span 14 = 1.9264e+00, 8.8149e+01      
# span 15 = 0.0000e+00, 0.0000e+00      
# interval = seconds: 0.25
# start_time = May 22 2017 14:13:13 [Instrument's time stamp, header]
# bad_flag = -9.990e-29
*END*
          1 142.592512    0.00000     0.0000      0.000     -0.234    601.798     0.3094     4.9149     -0.231    8.93796     4.9146     0.2153   16.25361 8.4759e+01 0.0000e+00
          2 142.592514    0.00007     0.0042      0.250     -0.233    735.695     0.3924     4.9148     -0.230    8.93350     4.9143     0.2810   16.24496 8.5113e+01 0.0000e+00
          3 142.592517    0.00014     0.0083      0.500     -0.231    959.557     0.5311     4.9146     -0.228    8.92604     4.9141     0.3908   16.23051 8.5287e+01 0.0000e+00
          4 142.592520    0.00021     0.0125      0.750     -0.229   1333.857     0.7629     4.9143     -0.226    8.91356     4.9141     0.5744   16.20632 8.5681e+01 0.0000e+00
          5 142.592523    0.00028     0.0167      1.000     -0.225   1958.789     1.1497     4.9141     -0.222    8.89269     4.9145     0.8806   16.16586 8.6488e+01 0.0000e+00
          6 142.592526    0.00035     0.0208      1.250     -0.218   3000.628     1.7945     4.9141     -0.216    8.85781     4.9153     1.3912   16.09828 8.7422e+01 0.0000e+00
          7 142.592529    0.00042     0.0250      1.500     -0.207   4736.068     2.8687     4.9145     -0.205    8.79962     4.9168     2.2418   15.98557 8.8149e+01 0.0000e+00
          8 142.592532    0.00049     0.0292      1.750     -0.187   7626.629     4.6582     4.9153     -0.186    8.70263     4.9194     3.6587   15.79772 8.8051e+01 0.0000e+00
          9 142.592535    0.00056     0.0333      2.000     -0.156  12442.915     7.6400     4.9168     -0.154    8.54099     4.9237     6.0198   15.48467 8.6463e+01 0.0000e+00
         10 142.592538    0.00063     0.0375      2.250     -0.105  20389.250    12.5695     4.9194     -0.104    8.27396     4.9298     9.9227   14.96753 8.3493e+01 0.0000e+00
         11 142.592541    0.00069     0.0417      2.500     -0.037  30249.006    18.7021     4.9237     -0.036    7.94200     4.9367    14.7775   14.32477 8.0051e+01 0.0000e+00
         12 142.592543    0.00076     0.0458      2.750      0.037  38160.503    23.6322     4.9299      0.037    7.67498     4.9429    18.6799   13.80797 7.7020e+01 0.0000e+00
         13 142.592546    0.00083     0.0500      3.000      0.100  42938.358    26.6121     4.9367      0.100    7.51315     4.9478    21.0383   13.49493 7.4777e+01 0.0000e+00
         14 142.592549    0.00090     0.0542      3.250      0.147  45800.126    28.3971     4.9429      0.146    7.41583     4.9512    22.4508   13.30678 7.3390e+01 0.0000e+00
         15 142.592552    0.00097     0.0583      3.500      0.174  47514.131    29.4663     4.9478      0.172    7.35733     4.9533    23.2967   13.19373 7.2683e+01 0.0000e+00
         16 142.592555    0.00104     0.0625      3.750      0.185  48540.753    30.1066     4.9512      0.183    7.32221     4.9545    23.8033   13.12587 7.2304e+01 0.0000e+00
         17 142.592558    0.00111     0.0667      4.000      0.187  49155.667    30.4901     4.9533      0.186    7.30115     4.9551    24.1067   13.08520 7.1704e+01 0.0000e+00
         18 142.592561    0.00118     0.0708      4.250      0.195  49524.762    30.7203     4.9545      0.193    7.28852     4.9554    24.2889   13.06081 6.9865e+01 0.0000e+00
         19 142.592564    0.00125     0.0750      4.500      0.225  49748.204    30.8598     4.9551      0.223    7.28091     4.9558    24.3992   13.04609 6.5428e+01 0.0000e+00
         20 142.592567    0.00132     0.0792      4.750      0.297  49885.252    30.9455     4.9554      0.294    7.27624     4.9563    24.4670   13.03707 5.6881e+01 0.0000e+00
         21 142.592569    0.00139     0.0833      5.000      0.412  49969.188    30.9980     4.9558      0.407    7.27335     4.9566    24.5086   13.03149 4.4899e+01 0.0000e+00
         22 142.592572    0.00146     0.0875      5.250      0.549  50018.324    31.0288     4.9563      0.544    7.27161     4.9561    24.5329   13.02814 3.3879e+01 0.0000e+00
         23 142.592575    0.00153     0.0917      5.500      0.679  50044.989    31.0453     4.9567      0.672    7.27066     4.9544    24.5459   13.02631 2.6920e+01 0.0000e+00
         24 142.592578    0.00160     0.0958      5.750      0.785  50059.905    31.0542     4.9562      0.777    7.27025     4.9521    24.5531   13.02550 2.3084e+01 0.0000e+00
         25 142.592581    0.00167     0.1000      6.000      0.860  50070.078    31.0602     4.9545      0.852    7.27022     4.9498    24.5580   13.02535 2.0880e+01 0.0000e+00
         26 142.592584    0.00174     0.1042      6.250      0.905  50078.401    31.0650     4.9522      0.896    7.27037     4.9483    24.5620   13.02554 1.9682e+01 0.0000e+00
         27 142.592587    0.00181     0.1083      6.500      0.926  50086.504    31.0698     4.9498      0.917    7.27053     4.9486    24.5661   13.02573 1.9117e+01 0.0000e+00
         28 142.592590    0.00187     0.1125      6.750      0.940  50094.674    31.0749     4.9484      0.931    7.27052     4.9506    24.5703   13.02565 1.9002e+01 0.0000e+00
         29 142.592593    0.00194     0.1167      7.000      0.958  50101.030    31.0793     4.9486      0.949    7.27027     4.9538    24.5737   13.02517 1.9047e+01 0.0000e+00
         30 142.592595    0.00201     0.1208      7.250      0.984  50103.330    31.0812     4.9506      0.974    7.26981     4.9572    24.5750   13.02440 1.8928e+01 0.0000e+00
         31 142.592598    0.00208     0.1250      7.500      1.013  50101.388    31.0805     4.9538      1.003    7.26929     4.9602    24.5741   13.02355 1.8686e+01 0.0000e+00
         32 142.592601    0.00215     0.1292      7.750      1.039  50096.889    31.0781     4.9572      1.029    7.26882     4.9626    24.5719   13.02279 1.8552e+01 0.0000e+00
         33 142.592604    0.00222     0.1333      8.000      1.057  50092.466    31.0757     4.9602      1.047    7.26841     4.9646    24.5696   13.02215 1.8734e+01 0.0000e+00
         34 142.592607    0.00229     0.1375      8.250      1.066  50090.260    31.0747     4.9627      1.056    7.26803     4.9661    24.5686   13.02154 1.9286e+01 0.0000e+00
         35 142.592610    0.00236     0.1417      8.500      1.074  50090.047    31.0750     4.9646      1.064    7.26768     4.9674    24.5686   13.02096 2.0023e+01 0.0000e+00
         36 142.592613    0.00243     0.1458      8.750      1.096  50090.398    31.0755     4.9662      1.086    7.26738     4.9684    24.5688   13.02045 2.0724e+01 0.0000e+00
         37 142.592616    0.00250     0.1500      9.000      1.145  50090.297    31.0757     4.9675      1.134    7.26714     4.9691    24.5689   13.02005 2.1190e+01 0.0000e+00
         38 142.592619    0.00257     0.1542      9.250      1.221  50088.827    31.0749     4.9685      1.210    7.26701     4.9692    24.5681   13.01984 2.1298e+01 0.0000e+00
         39 142.592622    0.00264     0.1583      9.500      1.307  50086.273    31.0732     4.9692      1.295    7.26698     4.9690    24.5667   13.01981 2.1085e+01 0.0000e+00
         40 142.592624    0.00271     0.1625      9.750      1.383  50084.808    31.0722     4.9693      1.370    7.26700     4.9688    24.5659   13.01986 2.0692e+01 0.0000e+00
         41 142.592627    0.00278     0.1667     10.000      1.439  50085.638    31.0727     4.9691      1.426    7.26701     4.9689    24.5663   13.01987 2.0282e+01 0.0000e+00
         42 142.592630    0.00285     0.1708     10.250      1.471  50087.720    31.0741     4.9689      1.457    7.26698     4.9693    24.5674   13.01981 2.0058e+01 0.0000e+00
         43 142.592633    0.00292     0.1750     10.500      1.478  50089.660    31.0754     4.9690      1.465    7.26690     4.9699    24.5685   13.01966 2.0228e+01 0.0000e+00
         44 142.592636    0.00299     0.1792     10.750      1.468  50090.777    31.0763     4.9694      1.454    7.26678     4.9706    24.5691   13.01945 2.0782e+01 0.0000e+00
         45 142.592639    0.00306     0.1833     11.000      1.450  50091.010    31.0766     4.9700      1.437    7.26665     4.9712    24.5693   13.01923 2.1467e+01 0.0000e+00
         46 142.592642    0.00313     0.1875     11.250      1.437  50090.619    31.0765     4.9707      1.424    7.26654     4.9717    24.5691   13.01905 2.2035e+01 0.0000e+00
         47 142.592645    0.00319     0.1917     11.500      1.436  50089.858    31.0761     4.9713      1.422    7.26646     4.9722    24.5687   13.01892 2.2350e+01 0.0000e+00
         48 142.592648    0.00326     0.1958     11.750      1.446  50088.895    31.0755     4.9718      1.433    7.26640     4.9725    24.5682   13.01882 2.2359e+01 0.0000e+00
         49 142.592650    0.00333     0.2000     12.000      1.464  50087.859    31.0749     4.9723      1.451    7.26636     4.9728    24.5677   13.01876 2.2133e+01 0.0000e+00
         50 142.592653    0.00340     0.2042     12.250      1.483  50086.776    31.0742     4.9726      1.470    7.26634     4.9730    24.5671   13.01873 2.1808e+01 0.0000e+00
         51 142.592656    0.00347     0.2083     12.500      1.495  50085.719    31.0735     4.9729      1.481    7.26632     4.9732    24.5666   13.01872 2.1538e+01 0.0000e+00
         52 142.592659    0.00354     0.2125     12.750      1.495  50084.986    31.0731     4.9731      1.481    7.26630     4.9734    24.5662   13.01869 2.1419e+01 0.0000e+00
         53 142.592662    0.00361     0.2167     13.000      1.484  50084.828    31.0730     4.9733      1.471    7.26626     4.9735    24.5661   13.01863 2.1465e+01 0.0000e+00
         54 142.592665    0.00368     0.2208     13.250      1.468  50085.082    31.0732     4.9735      1.454    7.26622     4.9737    24.5662   13.01856 2.1670e+01 0.0000e+00
         55 142.592668    0.00375     0.2250     13.500      1.452  50085.326    31.0735     4.9736      1.439    7.26618     4.9738    24.5664   13.01849 2.2010e+01 0.0000e+00
         56 142.592671    0.00382     0.2292     13.750      1.443  50085.301    31.0735     4.9738      1.430    7.26616     4.9739    24.5664   13.01845 2.2385e+01 0.0000e+00
         57 142.592674    0.00389     0.2333     14.000      1.443  50084.988    31.0733     4.9739      1.430    7.26614     4.9740    24.5662   13.01843 2.2623e+01 0.0000e+00
         58 142.592677    0.00396     0.2375     14.250      1.453  50084.515    31.0730     4.9740      1.439    7.26614     4.9741    24.5660   13.01843 2.2641e+01 0.0000e+00
         59 142.592679    0.00403     0.2417     14.500      1.470  50083.956    31.0726     4.9741      1.457    7.26614     4.9742    24.5657   13.01843 2.2464e+01 0.0000e+00
         60 142.592682    0.00410     0.2458     14.750      1.492  50083.059    31.0720     4.9742      1.478    7.26615     4.9743    24.5652   13.01846 2.2146e+01 0.0000e+00
         61 142.592685    0.00417     0.2500     15.000      1.511  50081.381    31.0708     4.9743      1.497    7.26619     4.9744    24.5643   13.01854 2.1805e+01 0.0000e+00
         62 142.592688    0.00424     0.2542     15.250      1.518  50078.765    31.0691     4.9744      1.504    7.26626     4.9744    24.5629   13.01869 2.1625e+01 0.0000e+00
         63 142.592691    0.00431     0.2583     15.500      1.508  50076.299    31.0674     4.9745      1.494    7.26633     4.9744    24.5615   13.01883 2.1742e+01 0.0000e+00
         64 142.592694    0.00438     0.2625     15.750      1.482  50075.969    31.0672     4.9745      1.468    7.26634     4.9744    24.5614   13.01884 2.2182e+01 0.0000e+00
         65 142.592697    0.00444     0.2667     16.000      1.450  50077.933    31.0686     4.9745      1.436    7.26627     4.9743    24.5625   13.01871 2.2813e+01 0.0000e+00
         66 142.592700    0.00451     0.2708     16.250      1.425  50080.222    31.0702     4.9745      1.411    7.26619     4.9741    24.5637   13.01856 2.3391e+01 0.0000e+00
         67 142.592703    0.00458     0.2750     16.500      1.416  50081.292    31.0709     4.9744      1.403    7.26617     4.9737    24.5643   13.01852 2.3716e+01 0.0000e+00
         68 142.592705    0.00465     0.2792     16.750      1.427  50080.620    31.0703     4.9742      1.413    7.26624     4.9731    24.5639   13.01862 2.3754e+01 0.0000e+00
         69 142.592708    0.00472     0.2833     17.000      1.450  50077.912    31.0684     4.9738      1.436    7.26640     4.9721    24.5624   13.01891 2.3592e+01 0.0000e+00
         70 142.592711    0.00479     0.2875     17.250      1.474  50073.767    31.0654     4.9732      1.460    7.26665     4.9706    24.5601   13.01937 2.3332e+01 0.0000e+00
         71 142.592714    0.00486     0.2917     17.500      1.488  50070.436    31.0629     4.9722      1.474    7.26694     4.9686    24.5583   13.01988 2.3062e+01 0.0000e+00
         72 142.592717    0.00493     0.2958     17.750      1.487  50070.382    31.0626     4.9707      1.473    7.26722     4.9667    24.5581   13.02035 2.2861e+01 0.0000e+00
         73 142.592720    0.00500     0.3000     18.000      1.473  50074.406    31.0649     4.9687      1.459    7.26745     4.9656    24.5602   13.02070 2.2802e+01 0.0000e+00
         74 142.592723    0.00507     0.3042     18.250      1.453  50080.933    31.0690     4.9668      1.439    7.26759     4.9655    24.5636   13.02088 2.2949e+01 0.0000e+00
         75 142.592726    0.00514     0.3083     18.500      1.436  50087.058    31.0730     4.9657      1.423    7.26760     4.9662    24.5669   13.02084 2.3283e+01 0.0000e+00
         76 142.592729    0.00521     0.3125     18.750      1.428  50090.755    31.0755     4.9656      1.415    7.26749     4.9673    24.5689   13.02064 2.3648e+01 0.0000e+00
         77 142.592731    0.00528     0.3167     19.000      1.427  50091.661    31.0762     4.9663      1.414    7.26733     4.9685    24.5694   13.02035 2.3903e+01 0.0000e+00
         78 142.592734    0.00535     0.3208     19.250      1.434  50090.458    31.0756     4.9674      1.421    7.26716     4.9694    24.5688   13.02008 2.4057e+01 0.0000e+00
         79 142.592737    0.00542     0.3250     19.500      1.447  50088.157    31.0743     4.9686      1.434    7.26703     4.9701    24.5676   13.01988 2.4169e+01 0.0000e+00
         80 142.592740    0.00549     0.3292     19.750      1.465  50085.528    31.0727     4.9695      1.451    7.26694     4.9705    24.5663   13.01976 2.4164e+01 0.0000e+00
         81 142.592743    0.00556     0.3333     20.000      1.484  50082.653    31.0709     4.9702      1.470    7.26691     4.9705    24.5647   13.01973 2.3893e+01 0.0000e+00
         82 142.592746    0.00562     0.3375     20.250      1.500  50078.919    31.0684     4.9706      1.486    7.26696     4.9701    24.5627   13.01985 2.3405e+01 0.0000e+00
         83 142.592749    0.00569     0.3417     20.500      1.505  50074.264    31.0652     4.9707      1.491    7.26711     4.9692    24.5602   13.02013 2.2972e+01 0.0000e+00
         84 142.592752    0.00576     0.3458     20.750      1.496  50070.277    31.0624     4.9703      1.482    7.26731     4.9676    24.5580   13.02050 2.2865e+01 0.0000e+00
         85 142.592755    0.00583     0.3500     21.000      1.474  50069.174    31.0615     4.9693      1.460    7.26753     4.9659    24.5574   13.02087 2.3150e+01 0.0000e+00
         86 142.592758    0.00590     0.3542     21.250      1.448  50072.098    31.0632     4.9677      1.434    7.26772     4.9647    24.5589   13.02116 2.3638e+01 0.0000e+00
         87 142.592760    0.00597     0.3583     21.500      1.429  50077.965    31.0668     4.9660      1.416    7.26784     4.9642    24.5620   13.02132 2.4052e+01 0.0000e+00
         88 142.592763    0.00604     0.3625     21.750      1.426  50083.785    31.0705     4.9647      1.413    7.26788     4.9642    24.5650   13.02133 2.4210e+01 0.0000e+00
         89 142.592766    0.00611     0.3667     22.000      1.442  50086.901    31.0725     4.9642      1.428    7.26787     4.9643    24.5667   13.02129 2.4038e+01 0.0000e+00
         90 142.592769    0.00618     0.3708     22.250      1.468  50086.318    31.0721     4.9643      1.454    7.26788     4.9638    24.5664   13.02131 2.3614e+01 0.0000e+00
