CTD-processing/allCTD/CNV--turbid/2018_03-02_t9_s07_cast017.cnv
* Sea-Bird SBE19plus Data File:
* FileName = C:\Users\Kim.Powell\Desktop\Not Processed\2018\2018_03-02_AlongBay,T9_5028\2018_03-02_TRANSECT_STATION_cast017.hex
* Software Version 1.59
* Temperature SN =  5028
* Conductivity SN =  5028
* System UpLoad Time = Mar 05 2018 11:37:42
** 2018_03-02
** Station: 9-07
** Start Time: 14:47
** Depth (m): 105.2
** Comment:**CTD time 1 hour off
** Comment:
# nquan = 16
# nvalues = 1011                        
# units = specified
# name 0 = scan: Scan Count
# name 1 = timeJ: Julian Days
# name 2 = timeH: Time, Elapsed [hours]
# name 3 = timeM: Time, Elapsed [minutes]
# name 4 = timeS: Time, Elapsed [seconds]
# name 5 = prdM: Pressure, Strain Gauge [db]
# name 6 = specc: Specific Conductance [uS/cm]
# name 7 = sal00: Salinity, Practical [PSU]
# name 8 = tv290C: Temperature [ITS-90, deg C]
# name 9 = depSM: Depth [salt water, m], lat = 59.00
# name 10 = oxsolML/L: Oxygen Saturation, Garcia & Gordon [ml/l]
# name 11 = potemp090C: Potential Temperature [ITS-90, deg C]
# name 12 = sigma-é00: Density [sigma-theta, kg/m^3]
# name 13 = n2satML/L: Nitrogen Saturation [ml/l]
# name 14 = par: PAR/Irradiance, Biospherical/Licor
# name 15 = flag:  0.000e+00
# span 0 =          1,       1011       
# span 1 =  61.657812,  61.660735       
# span 2 =    0.00000,    0.07014       
# span 3 =     0.0000,     4.2083       
# span 4 =      0.000,    252.500       
# span 5 =      0.481,    102.636       
# span 6 =  50817.292,  52042.739       
# span 7 =    30.9639,    31.7356       
# span 8 =     1.8139,     3.9605       
# span 9 =      0.476,    101.651       
# span 10 =    7.41341,    7.82782      
# span 11 =     2.0679,     3.9540      
# span 12 =    24.7079,    25.2617      
# span 13 =   13.25297,   13.93833      
# span 14 = 3.7976e-02, 8.7651e+01      
# span 15 = 0.0000e+00, 0.0000e+00      
# interval = seconds: 0.25
# start_time = Mar 02 2018 15:47:15 [Instrument's time stamp, header]
# bad_flag = -9.990e-29
*END*
[from data line 181]
        182  61.658336    0.01257     0.7542     45.250      1.062  51027.961    31.0825     2.3736      1.052    7.74509     2.3668    24.8077   13.80889 6.9422e+01 0.0000e+00
        183  61.658339    0.01264     0.7583     45.500      1.063  51057.757    31.1013     2.3692      1.053    7.74494     2.3669    24.8230   13.80838 6.9411e+01 0.0000e+00
        184  61.658342    0.01271     0.7625     45.750      1.069  51088.711    31.1214     2.3669      1.058    7.74433     2.3688    24.8393   13.80710 6.8967e+01 0.0000e+00
        185  61.658345    0.01278     0.7667     46.000      1.077  51109.551    31.1354     2.3670      1.067    7.74356     2.3707    24.8505   13.80566 6.8334e+01 0.0000e+00
        186  61.658348    0.01285     0.7708     46.250      1.085  51110.606    31.1366     2.3689      1.075    7.74313     2.3698    24.8513   13.80492 6.7915e+01 0.0000e+00
        187  61.658351    0.01292     0.7750     46.500      1.089  51091.605    31.1244     2.3707      1.078    7.74342     2.3638    24.8414   13.80557 6.8000e+01 0.0000e+00
        188  61.658354    0.01299     0.7792     46.750      1.086  51066.820    31.1075     2.3698      1.075    7.74449     2.3516    24.8280   13.80756 6.8627e+01 0.0000e+00
        189  61.658356    0.01306     0.7833     47.000      1.076  51057.997    31.0999     2.3638      1.066    7.74606     2.3359    24.8223   13.81026 6.9395e+01 0.0000e+00
        190  61.658359    0.01313     0.7875     47.250      1.065  51081.578    31.1124     2.3517      1.055    7.74777     2.3225    24.8332   13.81290 6.9940e+01 0.0000e+00
        191  61.658362    0.01319     0.7917     47.500      1.057  51135.191    31.1440     2.3360      1.048    7.74915     2.3160    24.8597   13.81476 7.0218e+01 0.0000e+00
        192  61.658365    0.01326     0.7958     47.750      1.056  51194.895    31.1804     2.3226      1.047    7.74984     2.3168    24.8897   13.81540 6.9975e+01 0.0000e+00
        193  61.658368    0.01333     0.8000     48.000      1.062  51233.993    31.2048     2.3160      1.052    7.74982     2.3227    24.9097   13.81505 6.9161e+01 0.0000e+00
        194  61.658371    0.01340     0.8042     48.250      1.070  51240.592    31.2095     2.3169      1.060    7.74941     2.3304    24.9134   13.81431 6.8506e+01 0.0000e+00
        195  61.658374    0.01347     0.8083     48.500      1.076  51218.691    31.1964     2.3227      1.066    7.74896     2.3378    24.9025   13.81374 6.8550e+01 0.0000e+00
        196  61.658377    0.01354     0.8125     48.750      1.080  51183.113    31.1747     2.3305      1.070    7.74860     2.3439    24.8846   13.81344 6.8860e+01 0.0000e+00
        197  61.658380    0.01361     0.8167     49.000      1.080  51149.422    31.1541     2.3379      1.070    7.74825     2.3479    24.8676   13.81313 6.9039e+01 0.0000e+00
        198  61.658383    0.01368     0.8208     49.250      1.078  51125.201    31.1396     2.3440      1.068    7.74783     2.3495    24.8555   13.81264 6.9340e+01 0.0000e+00
        199  61.658385    0.01375     0.8250     49.500      1.073  51112.376    31.1321     2.3479      1.063    7.74746     2.3499    24.8492   13.81213 6.9862e+01 0.0000e+00
        200  61.658388    0.01382     0.8292     49.750      1.068  51110.874    31.1315     2.3495      1.058    7.74718     2.3507    24.8486   13.81167 7.0517e+01 0.0000e+00
        201  61.658391    0.01389     0.8333     50.000      1.063  51118.914    31.1370     2.3499      1.053    7.74681     2.3534    24.8530   13.81099 7.1379e+01 0.0000e+00
        202  61.658394    0.01396     0.8375     50.250      1.060  51134.046    31.1474     2.3507      1.050    7.74610     2.3588    24.8612   13.80968 7.2159e+01 0.0000e+00
        203  61.658397    0.01403     0.8417     50.500      1.060  51153.276    31.1611     2.3534      1.050    7.74485     2.3670    24.8719   13.80743 7.2189e+01 0.0000e+00
        204  61.658400    0.01410     0.8458     50.750      1.064  51171.678    31.1749     2.3588      1.054    7.74306     2.3772    24.8826   13.80429 7.1324e+01 0.0000e+00
        205  61.658403    0.01417     0.8500     51.000      1.070  51182.249    31.1843     2.3670      1.060    7.74097     2.3878    24.8895   13.80072 7.0031e+01 0.0000e+00
        206  61.658406    0.01424     0.8542     51.250      1.078  51178.109    31.1843     2.3773      1.068    7.73897     2.3966    24.8888   13.79742 6.8704e+01 0.0000e+00
        207  61.658409    0.01431     0.8583     51.500      1.082  51155.227    31.1719     2.3879      1.073    7.73756     2.4021    24.8781   13.79527 6.7604e+01 0.0000e+00
        208  61.658411    0.01438     0.8625     51.750      1.082  51117.533    31.1490     2.3967      1.073    7.73706     2.4038    24.8591   13.79475 6.7099e+01 0.0000e+00
        209  61.658414    0.01444     0.8667     52.000      1.077  51078.237    31.1241     2.4022      1.067    7.73731     2.4016    24.8389   13.79549 6.7459e+01 0.0000e+00
        210  61.658417    0.01451     0.8708     52.250      1.067  51051.796    31.1068     2.4038      1.057    7.73791     2.3968    24.8249   13.79671 6.8447e+01 0.0000e+00
        211  61.658420    0.01458     0.8750     52.500      1.057  51047.151    31.1031     2.4016      1.047    7.73853     2.3920    24.8221   13.79779 6.9403e+01 0.0000e+00
        212  61.658423    0.01465     0.8792     52.750      1.050  51065.090    31.1139     2.3969      1.040    7.73889     2.3889    24.8310   13.79823 6.9853e+01 0.0000e+00
        213  61.658426    0.01472     0.8833     53.000      1.049  51098.061    31.1347     2.3920      1.039    7.73873     2.3885    24.8480   13.79769 6.9847e+01 0.0000e+00
        214  61.658429    0.01479     0.8875     53.250      1.054  51134.522    31.1583     2.3889      1.044    7.73808     2.3908    24.8672   13.79629 6.9521e+01 0.0000e+00
        215  61.658432    0.01486     0.8917     53.500      1.064  51162.334    31.1769     2.3885      1.054    7.73717     2.3947    24.8820   13.79454 6.8821e+01 0.0000e+00
        216  61.658435    0.01493     0.8958     53.750      1.076  51170.436    31.1829     2.3908      1.066    7.73640     2.3978    24.8867   13.79319 6.7947e+01 0.0000e+00
        217  61.658437    0.01500     0.9000     54.000      1.085  51153.401    31.1725     2.3947      1.075    7.73620     2.3981    24.8781   13.79300 6.7421e+01 0.0000e+00
        218  61.658440    0.01507     0.9042     54.250      1.089  51117.821    31.1495     2.3979      1.079    7.73680     2.3937    24.8595   13.79430 6.7592e+01 0.0000e+00
        219  61.658443    0.01514     0.9083     54.500      1.087  51080.758    31.1247     2.3981      1.077    7.73807     2.3840    24.8396   13.79674 6.8217e+01 0.0000e+00
        220  61.658446    0.01521     0.9125     54.750      1.079  51060.081    31.1096     2.3937      1.069    7.73973     2.3709    24.8279   13.79967 6.8651e+01 0.0000e+00
        221  61.658449    0.01528     0.9167     55.000      1.069  51067.791    31.1121     2.3841      1.059    7.74148     2.3588    24.8306   13.80253 6.8762e+01 0.0000e+00
        222  61.658452    0.01535     0.9208     55.250      1.061  51103.267    31.1323     2.3710      1.051    7.74295     2.3512    24.8477   13.80469 6.8825e+01 0.0000e+00
        223  61.658455    0.01542     0.9250     55.500      1.059  51151.136    31.1611     2.3589      1.049    7.74379     2.3490    24.8717   13.80568 6.8486e+01 0.0000e+00
        224  61.658458    0.01549     0.9292     55.750      1.061  51192.103    31.1865     2.3513      1.051    7.74391     2.3506    24.8925   13.80554 6.7431e+01 0.0000e+00
        225  61.658461    0.01556     0.9333     56.000      1.066  51214.161    31.2007     2.3491      1.056    7.74360     2.3538    24.9040   13.80483 6.6391e+01 0.0000e+00
        226  61.658464    0.01563     0.9375     56.250      1.070  51214.859    31.2017     2.3507      1.060    7.74324     2.3573    24.9046   13.80422 6.6099e+01 0.0000e+00
        227  61.658466    0.01569     0.9417     56.500      1.072  51201.432    31.1935     2.3539      1.062    7.74304     2.3611    24.8979   13.80400 6.6388e+01 0.0000e+00
        228  61.658469    0.01576     0.9458     56.750      1.072  51187.219    31.1849     2.3574      1.062    7.74281     2.3655    24.8908   13.80374 6.7009e+01 0.0000e+00
        229  61.658472    0.01583     0.9500     57.000      1.072  51182.338    31.1827     2.3612      1.062    7.74219     2.3707    24.8887   13.80276 6.7918e+01 0.0000e+00
        230  61.658475    0.01590     0.9542     57.250      1.074  51187.073    31.1871     2.3656      1.064    7.74110     2.3766    24.8919   13.80090 6.8769e+01 0.0000e+00
        231  61.658478    0.01597     0.9583     57.500      1.080  51190.915    31.1911     2.3708      1.070    7.73987     2.3821    24.8947   13.79882 6.9091e+01 0.0000e+00
        232  61.658481    0.01604     0.9625     57.750      1.087  51180.323    31.1856     2.3767      1.077    7.73901     2.3851    24.8899   13.79748 6.8701e+01 0.0000e+00
        233  61.658484    0.01611     0.9667     58.000      1.090  51152.199    31.1683     2.3822      1.080    7.73887     2.3836    24.8756   13.79747 6.7857e+01 0.0000e+00
        234  61.658487    0.01618     0.9708     58.250      1.087  51118.314    31.1463     2.3852      1.077    7.73945     2.3766    24.8579   13.79872 6.7143e+01 0.0000e+00
        235  61.658490    0.01625     0.9750     58.500      1.077  51097.067    31.1317     2.3837      1.067    7.74052     2.3657    24.8462   13.80069 6.6883e+01 0.0000e+00
        236  61.658492    0.01632     0.9792     58.750      1.065  51103.510    31.1341     2.3766      1.055    7.74176     2.3555    24.8487   13.80271 6.6860e+01 0.0000e+00
        237  61.658495    0.01639     0.9833     59.000      1.056  51141.209    31.1564     2.3658      1.046    7.74270     2.3505    24.8673   13.80395 6.6970e+01 0.0000e+00
        238  61.658498    0.01646     0.9875     59.250      1.053  51198.597    31.1921     2.3556      1.043    7.74278     2.3531    24.8966   13.80361 6.7211e+01 0.0000e+00
        239  61.658501    0.01653     0.9917     59.500      1.056  51257.851    31.2305     2.3506      1.046    7.74172     2.3639    24.9277   13.80134 6.7363e+01 0.0000e+00
        240  61.658504    0.01660     0.9958     59.750      1.065  51308.367    31.2652     2.3532      1.055    7.73938     2.3822    24.9552   13.79701 6.7243e+01 0.0000e+00
        241  61.658507    0.01667     1.0000     60.000      1.074  51351.768    31.2973     2.3640      1.064    7.73557     2.4061    24.9801   13.79031 6.6879e+01 0.0000e+00
        242  61.658510    0.01674     1.0042     60.250      1.080  51389.510    31.3278     2.3823      1.070    7.73040     2.4317    25.0030   13.78137 6.6543e+01 0.0000e+00
        243  61.658513    0.01681     1.0083     60.500      1.081  51410.711    31.3486     2.4061      1.071    7.72466     2.4548    25.0179   13.77163 6.6602e+01 0.0000e+00
        244  61.658516    0.01688     1.0125     60.750      1.077  51409.364    31.3548     2.4318      1.067    7.71936     2.4729    25.0210   13.76279 6.7293e+01 0.0000e+00
        245  61.658519    0.01694     1.0167     61.000      1.070  51395.373    31.3518     2.4548      1.060    7.71504     2.4859    25.0168   13.75570 6.8533e+01 0.0000e+00
        246  61.658521    0.01701     1.0208     61.250      1.063  51379.567    31.3462     2.4729      1.053    7.71183     2.4946    25.0110   13.75048 6.9813e+01 0.0000e+00
        247  61.658524    0.01708     1.0250     61.500      1.059  51366.308    31.3408     2.4859      1.049    7.70960     2.5002    25.0057   13.74688 7.0631e+01 0.0000e+00
        248  61.658527    0.01715     1.0292     61.750      1.061  51356.473    31.3366     2.4947      1.051    7.70813     2.5037    25.0017   13.74451 7.0990e+01 0.0000e+00
        249  61.658530    0.01722     1.0333     62.000      1.067  51349.694    31.3336     2.5003      1.058    7.70720     2.5058    24.9989   13.74301 7.0998e+01 0.0000e+00
        250  61.658533    0.01729     1.0375     62.250      1.075  51345.379    31.3317     2.5038      1.065    7.70662     2.5070    24.9971   13.74209 7.0833e+01 0.0000e+00
        251  61.658536    0.01736     1.0417     62.500      1.078  51342.923    31.3306     2.5059      1.068    7.70627     2.5079    24.9960   13.74153 7.0897e+01 0.0000e+00
        252  61.658539    0.01743     1.0458     62.750      1.076  51341.749    31.3301     2.5071      1.066    7.70605     2.5085    24.9956   13.74117 7.1169e+01 0.0000e+00
        253  61.658542    0.01750     1.0500     63.000      1.069  51341.352    31.3301     2.5079      1.059    7.70590     2.5089    24.9955   13.74091 7.1321e+01 0.0000e+00
        254  61.658545    0.01757     1.0542     63.250      1.061  51341.284    31.3302     2.5085      1.051    7.70578     2.5093    24.9956   13.74072 7.1327e+01 0.0000e+00
        255  61.658547    0.01764     1.0583     63.500      1.056  51341.301    31.3304     2.5090      1.046    7.70569     2.5097    24.9956   13.74056 7.1180e+01 0.0000e+00
        256  61.658550    0.01771     1.0625     63.750      1.056  51341.473    31.3306     2.5094      1.046    7.70560     2.5102    24.9958   13.74041 7.0799e+01 0.0000e+00
        257  61.658553    0.01778     1.0667     64.000      1.059  51341.941    31.3310     2.5098      1.049    7.70550     2.5108    24.9961   13.74024 7.0253e+01 0.0000e+00
        258  61.658556    0.01785     1.0708     64.250      1.063  51342.677    31.3316     2.5103      1.053    7.70537     2.5117    24.9966   13.74002 6.9633e+01 0.0000e+00
        259  61.658559    0.01792     1.0750     64.500      1.065  51343.729    31.3325     2.5109      1.055    7.70520     2.5129    24.9972   13.73973 6.9158e+01 0.0000e+00
        260  61.658562    0.01799     1.0792     64.750      1.062  51345.488    31.3339     2.5117      1.052    7.70497     2.5147    24.9983   13.73932 6.8956e+01 0.0000e+00
        261  61.658565    0.01806     1.0833     65.000      1.057  51348.097    31.3360     2.5129      1.047    7.70462     2.5173    24.9998   13.73873 6.8761e+01 0.0000e+00
        262  61.658568    0.01812     1.0875     65.250      1.052  51351.269    31.3387     2.5147      1.042    7.70414     2.5208    25.0018   13.73789 6.8682e+01 0.0000e+00
        263  61.658571    0.01819     1.0917     65.500      1.052  51355.335    31.3421     2.5173      1.042    7.70346     2.5257    25.0044   13.73673 6.9185e+01 0.0000e+00
        264  61.658573    0.01826     1.0958     65.750      1.057  51360.752    31.3467     2.5208      1.047    7.70253     2.5319    25.0078   13.73514 7.0012e+01 0.0000e+00
        265  61.658576    0.01833     1.1000     66.000      1.066  51366.358    31.3518     2.5257      1.056    7.70133     2.5389    25.0115   13.73309 7.0614e+01 0.0000e+00
        266  61.658579    0.01840     1.1042     66.250      1.075  51368.108    31.3547     2.5319      1.065    7.69996     2.5447    25.0133   13.73079 7.0998e+01 0.0000e+00
        267  61.658582    0.01847     1.1083     66.500      1.080  51362.103    31.3526     2.5389      1.070    7.69873     2.5477    25.0111   13.72879 7.1312e+01 0.0000e+00
        268  61.658585    0.01854     1.1125     66.750      1.079  51349.982    31.3460     2.5447      1.069    7.69795     2.5477    25.0054   13.72759 7.1482e+01 0.0000e+00
        269  61.658588    0.01861     1.1167     67.000      1.073  51338.271    31.3389     2.5478      1.063    7.69774     2.5461    24.9996   13.72734 7.1478e+01 0.0000e+00
        270  61.658591    0.01868     1.1208     67.250      1.065  51333.606    31.3358     2.5477      1.055    7.69791     2.5451    24.9971   13.72766 7.1475e+01 0.0000e+00
        271  61.658594    0.01875     1.1250     67.500      1.059  51337.638    31.3381     2.5461      1.048    7.69810     2.5459    24.9990   13.72794 7.1620e+01 0.0000e+00
