CTD-processing/allCTD/CNV--turbid/2018_06-22_t9_s09_cast126.cnv
* Sea-Bird SBE19plus Data File:
* FileName = C:\Users\Kim.Powell\Desktop\Not Processed\2018\2018_06-XX\2018_06-XX_TRANSECT_STATION_cast126.hex
* Software Version 1.59
* Temperature SN =  5028
* Conductivity SN =  5028
* System UpLoad Time = Jul 05 2018 09:44:56
** 2018_06-22
** Station: 9-09
** Start Time: 14:57
** Depth (m): 84.8
** Comment:
** Comment:
# nquan = 16
# nvalues = 714                         
# units = specified
# name 0 = scan: Scan Count
# name 1 = timeJ: Julian Days
# name 2 = timeH: Time, Elapsed [hours]
# name 3 = timeM: Time, Elapsed [minutes]
# name 4 = timeS: Time, Elapsed [seconds]
# name 5 = prdM: Pressure, Strain Gauge [db]
# name 6 = specc: Specific Conductance [uS/cm]
# name 7 = sal00: Salinity, Practical [PSU]
# name 8 = tv290C: Temperature [ITS-90, deg C]
# name 9 = depSM: Depth [salt water, m], lat = 59.00
# name 10 = oxsolML/L: Oxygen Saturation, Garcia & Gordon [ml/l]
# name 11 = potemp090C: Potential Temperature [ITS-90, deg C]
# name 12 = sigma-é00: Density [sigma-theta, kg/m^3]
# name 13 = n2satML/L: Nitrogen Saturation [ml/l]
# name 14 = par: PAR/Irradiance, Biospherical/Licor
# name 15 = flag:  0.000e+00
# span 0 =          1,        714       
# span 1 = 173.624051, 173.626114       
# span 2 =    0.00000,    0.04951       
# span 3 =     0.0000,     2.9708       
# span 4 =      0.000,    178.250       
# span 5 =      0.578,     84.611       
# span 6 =  43086.779,  50637.555       
# span 7 =    27.0811,    31.7558       
# span 8 =     6.6227,    10.5984       
# span 9 =      0.573,     83.803       
# span 10 =    6.54768,    6.95782      
# span 11 =     6.6156,    10.5983      
# span 12 =    20.6829,    24.9028      
# span 13 =   11.86927,   12.50050      
# span 14 = 5.1357e-02, 9.0515e+02      
# span 15 = 0.0000e+00, 0.0000e+00      
# interval = seconds: 0.25
# start_time = Jun 22 2018 14:58:38 [Instrument's time stamp, header]
# bad_flag = -9.990e-29
*END*
[from data line 633]
        634 173.625883    0.04396     2.6375    158.250     70.518  50602.682    31.7286     6.6479     69.847    6.95434     6.6410    24.8891   12.49491 5.2800e-02 0.0000e+00
        635 173.625885    0.04403     2.6417    158.500     70.732  50603.472    31.7290     6.6475     70.059    6.95440     6.6406    24.8894   12.49501 5.2764e-02 0.0000e+00
        636 173.625888    0.04410     2.6458    158.750     70.933  50604.290    31.7294     6.6470     70.258    6.95445     6.6403    24.8898   12.49509 5.2733e-02 0.0000e+00
        637 173.625891    0.04417     2.6500    159.000     71.121  50605.052    31.7298     6.6467     70.444    6.95450     6.6401    24.8902   12.49515 5.2698e-02 0.0000e+00
        638 173.625894    0.04424     2.6542    159.250     71.301  50605.655    31.7301     6.6464     70.622    6.95453     6.6399    24.8904   12.49520 5.2664e-02 0.0000e+00
        639 173.625897    0.04431     2.6583    159.500     71.477  50606.066    31.7302     6.6461     70.797    6.95456     6.6397    24.8906   12.49525 5.2631e-02 0.0000e+00
        640 173.625900    0.04437     2.6625    159.750     71.652  50606.355    31.7303     6.6459     70.970    6.95459     6.6394    24.8907   12.49530 5.2592e-02 0.0000e+00
        641 173.625903    0.04444     2.6667    160.000     71.830  50606.569    31.7304     6.6457     71.146    6.95462     6.6391    24.8907   12.49535 5.2548e-02 0.0000e+00
        642 173.625906    0.04451     2.6708    160.250     72.014  50606.681    31.7303     6.6455     71.328    6.95465     6.6388    24.8907   12.49541 5.2505e-02 0.0000e+00
        643 173.625909    0.04458     2.6750    160.500     72.208  50606.702    31.7302     6.6453     71.521    6.95470     6.6383    24.8906   12.49549 5.2463e-02 0.0000e+00
        644 173.625911    0.04465     2.6792    160.750     72.412  50606.653    31.7300     6.6449     71.723    6.95477     6.6377    24.8905   12.49560 5.2419e-02 0.0000e+00
        645 173.625914    0.04472     2.6833    161.000     72.625  50606.585    31.7298     6.6445     71.934    6.95485     6.6370    24.8904   12.49575 5.2374e-02 0.0000e+00
        646 173.625917    0.04479     2.6875    161.250     72.845  50606.654    31.7296     6.6439     72.151    6.95496     6.6363    24.8903   12.49592 5.2317e-02 0.0000e+00
        647 173.625920    0.04486     2.6917    161.500     73.068  50607.173    31.7297     6.6432     72.372    6.95507     6.6356    24.8905   12.49609 5.2258e-02 0.0000e+00
        648 173.625923    0.04493     2.6958    161.750     73.286  50608.201    31.7302     6.6425     72.588    6.95515     6.6351    24.8910   12.49623 5.2219e-02 0.0000e+00
        649 173.625926    0.04500     2.7000    162.000     73.491  50609.279    31.7307     6.6419     72.790    6.95523     6.6346    24.8915   12.49635 5.2205e-02 0.0000e+00
        650 173.625929    0.04507     2.7042    162.250     73.675  50610.187    31.7312     6.6413     72.972    6.95529     6.6342    24.8919   12.49645 5.2201e-02 0.0000e+00
        651 173.625932    0.04514     2.7083    162.500     73.839  50610.972    31.7316     6.6409     73.135    6.95535     6.6339    24.8923   12.49654 5.2194e-02 0.0000e+00
        652 173.625935    0.04521     2.7125    162.750     73.991  50611.554    31.7319     6.6405     73.286    6.95540     6.6337    24.8926   12.49661 5.2186e-02 0.0000e+00
        653 173.625937    0.04528     2.7167    163.000     74.147  50611.956    31.7320     6.6402     73.440    6.95544     6.6334    24.8927   12.49667 5.2177e-02 0.0000e+00
        654 173.625940    0.04535     2.7208    163.250     74.319  50612.280    31.7321     6.6400     73.610    6.95547     6.6331    24.8928   12.49673 5.2166e-02 0.0000e+00
        655 173.625943    0.04542     2.7250    163.500     74.511  50612.593    31.7322     6.6397     73.801    6.95551     6.6328    24.8929   12.49680 5.2154e-02 0.0000e+00
        656 173.625946    0.04549     2.7292    163.750     74.721  50612.925    31.7323     6.6394     74.009    6.95555     6.6325    24.8930   12.49686 5.2140e-02 0.0000e+00
        657 173.625949    0.04556     2.7333    164.000     74.941  50613.268    31.7324     6.6392     74.227    6.95559     6.6321    24.8932   12.49693 5.2122e-02 0.0000e+00
        658 173.625952    0.04562     2.7375    164.250     75.160  50613.606    31.7324     6.6389     74.444    6.95564     6.6318    24.8933   12.49701 5.2102e-02 0.0000e+00
        659 173.625955    0.04569     2.7417    164.500     75.371  50613.924    31.7325     6.6385     74.653    6.95569     6.6315    24.8933   12.49709 5.2087e-02 0.0000e+00
        660 173.625958    0.04576     2.7458    164.750     75.567  50614.239    31.7325     6.6382     74.847    6.95574     6.6312    24.8934   12.49717 5.2077e-02 0.0000e+00
        661 173.625961    0.04583     2.7500    165.000     75.746  50614.575    31.7326     6.6379     75.024    6.95578     6.6309    24.8935   12.49724 5.2061e-02 0.0000e+00
        662 173.625964    0.04590     2.7542    165.250     75.910  50614.950    31.7328     6.6376     75.187    6.95582     6.6307    24.8937   12.49731 5.2040e-02 0.0000e+00
        663 173.625966    0.04597     2.7583    165.500     76.070  50615.343    31.7329     6.6374     75.345    6.95586     6.6305    24.8938   12.49736 5.2017e-02 0.0000e+00
        664 173.625969    0.04604     2.7625    165.750     76.235  50615.646    31.7330     6.6372     75.508    6.95588     6.6303    24.8939   12.49741 5.1994e-02 0.0000e+00
        665 173.625972    0.04611     2.7667    166.000     76.416  50615.822    31.7330     6.6370     75.688    6.95591     6.6301    24.8940   12.49745 5.1973e-02 0.0000e+00
        666 173.625975    0.04618     2.7708    166.250     76.617  50615.953    31.7330     6.6368     75.887    6.95594     6.6299    24.8940   12.49750 5.1956e-02 0.0000e+00
        667 173.625978    0.04625     2.7750    166.500     76.835  50616.040    31.7329     6.6366     76.103    6.95598     6.6295    24.8939   12.49756 5.1939e-02 0.0000e+00
        668 173.625981    0.04632     2.7792    166.750     77.058  50615.995    31.7327     6.6363     76.324    6.95603     6.6289    24.8938   12.49764 5.1918e-02 0.0000e+00
        669 173.625984    0.04639     2.7833    167.000     77.274  50615.809    31.7324     6.6360     76.537    6.95610     6.6282    24.8937   12.49776 5.1892e-02 0.0000e+00
        670 173.625987    0.04646     2.7875    167.250     77.469  50615.744    31.7322     6.6355     76.731    6.95619     6.6275    24.8936   12.49792 5.1865e-02 0.0000e+00
        671 173.625990    0.04653     2.7917    167.500     77.640  50616.147    31.7323     6.6348     76.900    6.95630     6.6269    24.8937   12.49810 5.1846e-02 0.0000e+00
        672 173.625992    0.04660     2.7958    167.750     77.794  50616.903    31.7326     6.6341     77.052    6.95640     6.6263    24.8940   12.49826 5.1833e-02 0.0000e+00
        673 173.625995    0.04667     2.8000    168.000     77.947  50617.498    31.7328     6.6335     77.204    6.95649     6.6258    24.8943   12.49840 5.1816e-02 0.0000e+00
        674 173.625998    0.04674     2.8042    168.250     78.119  50617.744    31.7328     6.6329     77.374    6.95657     6.6252    24.8944   12.49854 5.1791e-02 0.0000e+00
        675 173.626001    0.04681     2.8083    168.500     78.319  50617.975    31.7328     6.6324     77.572    6.95665     6.6246    24.8944   12.49868 5.1766e-02 0.0000e+00
        676 173.626004    0.04688     2.8125    168.750     78.544  50618.441    31.7329     6.6319     77.795    6.95674     6.6241    24.8946   12.49882 5.1754e-02 0.0000e+00
        677 173.626007    0.04694     2.8167    169.000     78.779  50619.110    31.7331     6.6314     78.028    6.95682     6.6235    24.8948   12.49895 5.1743e-02 0.0000e+00
        678 173.626010    0.04701     2.8208    169.250     79.004  50619.935    31.7335     6.6308     78.251    6.95689     6.6231    24.8952   12.49907 5.1726e-02 0.0000e+00
        679 173.626013    0.04708     2.8250    169.500     79.201  50620.848    31.7340     6.6303     78.445    6.95696     6.6228    24.8956   12.49917 5.1710e-02 0.0000e+00
        680 173.626016    0.04715     2.8292    169.750     79.360  50621.723    31.7344     6.6298     78.603    6.95701     6.6226    24.8960   12.49924 5.1698e-02 0.0000e+00
        681 173.626019    0.04722     2.8333    170.000     79.486  50622.411    31.7348     6.6295     78.727    6.95704     6.6224    24.8963   12.49929 5.1691e-02 0.0000e+00
        682 173.626021    0.04729     2.8375    170.250     79.598  50622.822    31.7350     6.6293     78.838    6.95706     6.6221    24.8965   12.49932 5.1691e-02 0.0000e+00
        683 173.626024    0.04736     2.8417    170.500     79.720  50623.040    31.7351     6.6291     78.959    6.95708     6.6217    24.8966   12.49937 5.1689e-02 0.0000e+00
        684 173.626027    0.04743     2.8458    170.750     79.872  50623.360    31.7352     6.6288     79.110    6.95712     6.6211    24.8967   12.49943 5.1681e-02 0.0000e+00
        685 173.626030    0.04750     2.8500    171.000     80.065  50624.061    31.7355     6.6284     79.300    6.95718     6.6205    24.8970   12.49952 5.1671e-02 0.0000e+00
        686 173.626033    0.04757     2.8542    171.250     80.291  50625.173    31.7360     6.6279     79.524    6.95724     6.6198    24.8975   12.49961 5.1661e-02 0.0000e+00
        687 173.626036    0.04764     2.8583    171.500     80.533  50626.548    31.7367     6.6273     79.764    6.95731     6.6191    24.8982   12.49971 5.1645e-02 0.0000e+00
        688 173.626039    0.04771     2.8625    171.750     80.767  50628.021    31.7375     6.6266     79.996    6.95738     6.6185    24.8989   12.49982 5.1626e-02 0.0000e+00
        689 173.626042    0.04778     2.8667    172.000     80.973  50629.463    31.7383     6.6259     80.200    6.95745     6.6181    24.8996   12.49993 5.1603e-02 0.0000e+00
        690 173.626045    0.04785     2.8708    172.250     81.144  50630.752    31.7390     6.6254     80.369    6.95751     6.6178    24.9002   12.50002 5.1580e-02 0.0000e+00
        691 173.626047    0.04792     2.8750    172.500     81.285  50631.717    31.7396     6.6250     80.509    6.95755     6.6177    24.9007   12.50008 5.1561e-02 0.0000e+00
        692 173.626050    0.04799     2.8792    172.750     81.416  50632.211    31.7398     6.6247     80.639    6.95758     6.6176    24.9009   12.50012 5.1551e-02 0.0000e+00
        693 173.626053    0.04806     2.8833    173.000     81.558  50632.319    31.7398     6.6246     80.780    6.95760     6.6174    24.9009   12.50015 5.1543e-02 0.0000e+00
        694 173.626056    0.04813     2.8875    173.250     81.726  50632.342    31.7397     6.6245     80.946    6.95762     6.6172    24.9008   12.50019 5.1533e-02 0.0000e+00
        695 173.626059    0.04819     2.8917    173.500     81.920  50632.527    31.7397     6.6244     81.138    6.95764     6.6170    24.9009   12.50022 5.1528e-02 0.0000e+00
        696 173.626062    0.04826     2.8958    173.750     82.130  50632.905    31.7399     6.6242     81.346    6.95766     6.6169    24.9010   12.50026 5.1527e-02 0.0000e+00
        697 173.626065    0.04833     2.9000    174.000     82.342  50633.355    31.7401     6.6240     81.557    6.95769     6.6167    24.9012   12.50029 5.1516e-02 0.0000e+00
        698 173.626068    0.04840     2.9042    174.250     82.546  50633.790    31.7402     6.6239     81.758    6.95771     6.6166    24.9013   12.50032 5.1494e-02 0.0000e+00
        699 173.626071    0.04847     2.9083    174.500     82.736  50634.183    31.7404     6.6237     81.947    6.95773     6.6164    24.9015   12.50035 5.1474e-02 0.0000e+00
        700 173.626073    0.04854     2.9125    174.750     82.919  50634.510    31.7405     6.6236     82.128    6.95774     6.6163    24.9016   12.50037 5.1458e-02 0.0000e+00
        701 173.626076    0.04861     2.9167    175.000     83.102  50634.804    31.7406     6.6235     82.309    6.95775     6.6161    24.9017   12.50038 5.1440e-02 0.0000e+00
        702 173.626079    0.04868     2.9208    175.250     83.292  50635.124    31.7407     6.6233     82.497    6.95776     6.6159    24.9018   12.50041 5.1422e-02 0.0000e+00
        703 173.626082    0.04875     2.9250    175.500     83.488  50635.502    31.7408     6.6232     82.690    6.95778     6.6157    24.9019   12.50044 5.1418e-02 0.0000e+00
        704 173.626085    0.04882     2.9292    175.750     83.681  50635.957    31.7410     6.6230     82.881    6.95780     6.6156    24.9021   12.50047 5.1422e-02 0.0000e+00
        705 173.626088    0.04889     2.9333    176.000     83.857  50636.482    31.7413     6.6228     83.056    6.95781     6.6156    24.9024   12.50049 5.1419e-02 0.0000e+00
        706 173.626091    0.04896     2.9375    176.250     84.005  50637.012    31.7415     6.6227     83.202    6.95782     6.6157    24.9026   12.50050 5.1406e-02 0.0000e+00
        707 173.626094    0.04903     2.9417    176.500     84.122  50637.414    31.7418     6.6227     83.318    6.95781     6.6158    24.9028   12.50048 5.1394e-02 0.0000e+00
        708 173.626097    0.04910     2.9458    176.750     84.218  50637.555    31.7418     6.6228     83.414    6.95780     6.6159    24.9028   12.50045 5.1387e-02 0.0000e+00
        709 173.626100    0.04917     2.9500    177.000     84.306  50637.401    31.7417     6.6229     83.500    6.95778     6.6159    24.9027   12.50043 5.1381e-02 0.0000e+00
        710 173.626102    0.04924     2.9542    177.250     84.392  50637.122    31.7415     6.6230     83.586    6.95777     6.6159    24.9025   12.50041 5.1371e-02 0.0000e+00
        711 173.626105    0.04931     2.9583    177.500     84.476  50636.969    31.7414     6.6231     83.668    6.95777     6.6158    24.9024   12.50042 5.1361e-02 0.0000e+00
        712 173.626108    0.04938     2.9625    177.750     84.547  50637.015    31.7414     6.6230     83.739    6.95778     6.6158    24.9024   12.50043 5.1357e-02 0.0000e+00
        713 173.626111    0.04944     2.9667    178.000     84.594  50637.163    31.7415     6.6229     83.786    6.95779 -9.990e-29    24.9025   12.50044 5.1357e-02 0.0000e+00
        714 173.626114    0.04951     2.9708    178.250     84.611  50637.246    31.7415     6.6229     83.803    6.95779 -9.990e-29    24.9025   12.50045 5.1357e-02 0.0000e+00
