CTD-processing/allCTD/CNV--turbid/2018_05-24_alongbay_skb06_cast089.cnv
* Sea-Bird SBE19plus Data File:
* FileName = C:\Users\Kim.Powell\Desktop\Not Processed\2018\2018_05-24_AlongBay, T9_5028\2018_05-24_TRANSECT_STATION_cast089.hex
* Software Version 1.59
* Temperature SN =  5028
* Conductivity SN =  5028
* System UpLoad Time = May 25 2018 13:22:48
** 2018_05-24
** Station: KB06
** Start Time: 11:53
** Depth (m): 106
** Comment:
** Comment:
# nquan = 16
# nvalues = 806                         
# units = specified
# name 0 = scan: Scan Count
# name 1 = timeJ: Julian Days
# name 2 = timeH: Time, Elapsed [hours]
# name 3 = timeM: Time, Elapsed [minutes]
# name 4 = timeS: Time, Elapsed [seconds]
# name 5 = prdM: Pressure, Strain Gauge [db]
# name 6 = specc: Specific Conductance [uS/cm]
# name 7 = sal00: Salinity, Practical [PSU]
# name 8 = tv290C: Temperature [ITS-90, deg C]
# name 9 = depSM: Depth [salt water, m], lat = 59.00
# name 10 = oxsolML/L: Oxygen Saturation, Garcia & Gordon [ml/l]
# name 11 = potemp090C: Potential Temperature [ITS-90, deg C]
# name 12 = sigma-é00: Density [sigma-theta, kg/m^3]
# name 13 = n2satML/L: Nitrogen Saturation [ml/l]
# name 14 = par: PAR/Irradiance, Biospherical/Licor
# name 15 = flag:  0.000e+00
# span 0 =          1,        806       
# span 1 = 144.495764, 144.498093       
# span 2 =    0.00000,    0.05590       
# span 3 =     0.0000,     3.3542       
# span 4 =      0.000,    201.250       
# span 5 =      0.709,    101.145       
# span 6 =  47775.999,  51170.281       
# span 7 =    30.0770,    31.8927       
# span 8 =     5.5528,     8.3921       
# span 9 =      0.702,    100.175       
# span 10 =    6.75209,    7.12748      
# span 11 =     5.5451,     8.3920      
# span 12 =    23.3557,    25.1515      
# span 13 =   12.18008,   12.77887      
# span 14 = 4.3337e-02, 2.0144e+02      
# span 15 = 0.0000e+00, 0.0000e+00      
# interval = seconds: 0.25
# start_time = May 24 2018 11:53:54 [Instrument's time stamp, header]
# bad_flag = -9.990e-29
*END*
[from data line 91]
         92 144.496027    0.00632     0.3792     22.750      0.742  47859.098    30.1265     8.3284      0.735    6.76225     8.3263    23.4028   12.19710 1.6263e+02 0.0000e+00
         93 144.496030    0.00639     0.3833     23.000      0.743  47850.116    30.1201     8.3276      0.736    6.76266     8.3248    23.3979   12.19787 1.6312e+02 0.0000e+00
         94 144.496033    0.00646     0.3875     23.250      0.741  47843.888    30.1155     8.3264      0.734    6.76304     8.3227    23.3946   12.19855 1.6402e+02 0.0000e+00
         95 144.496036    0.00653     0.3917     23.500      0.737  47843.632    30.1151     8.3249      0.730    6.76329     8.3203    23.3945   12.19897 1.6372e+02 0.0000e+00
         96 144.496039    0.00660     0.3958     23.750      0.734  47851.263    30.1202     8.3228      0.727    6.76339     8.3185    23.3987   12.19908 1.6239e+02 0.0000e+00
         97 144.496042    0.00667     0.4000     24.000      0.735  47867.022    30.1308     8.3204      0.728    6.76329     8.3175    23.4074   12.19878 1.6085e+02 0.0000e+00
         98 144.496045    0.00674     0.4042     24.250      0.741  47886.072    30.1438     8.3186      0.734    6.76299     8.3166    23.4178   12.19813 1.5947e+02 0.0000e+00
         99 144.496047    0.00681     0.4083     24.500      0.751  47900.002    30.1533     8.3176      0.744    6.76272     8.3146    23.4254   12.19755 1.5902e+02 0.0000e+00
        100 144.496050    0.00688     0.4125     24.750      0.759  47902.425    30.1549     8.3167      0.752    6.76280     8.3114    23.4268   12.19767 1.5932e+02 0.0000e+00
        101 144.496053    0.00694     0.4167     25.000      0.761  47895.988    30.1501     8.3147      0.754    6.76330     8.3066    23.4233   12.19856 1.5958e+02 0.0000e+00
        102 144.496056    0.00701     0.4208     25.250      0.757  47891.299    30.1464     8.3115      0.750    6.76396     8.3007    23.4208   12.19970 1.5996e+02 0.0000e+00
        103 144.496059    0.00708     0.4250     25.500      0.748  47897.501    30.1500     8.3067      0.741    6.76453     8.2952    23.4243   12.20059 1.6126e+02 0.0000e+00
        104 144.496062    0.00715     0.4292     25.750      0.740  47917.010    30.1628     8.3008      0.733    6.76487     8.2917    23.4352   12.20100 1.6314e+02 0.0000e+00
        105 144.496065    0.00722     0.4333     26.000      0.739  47943.286    30.1803     8.2953      0.732    6.76495     8.2903    23.4497   12.20091 1.6405e+02 0.0000e+00
        106 144.496068    0.00729     0.4375     26.250      0.748  47965.058    30.1949     8.2918      0.740    6.76484     8.2899    23.4617   12.20056 1.6403e+02 0.0000e+00
        107 144.496071    0.00736     0.4417     26.500      0.762  47975.105    30.2017     8.2904      0.755    6.76475     8.2892    23.4672   12.20033 1.6457e+02 0.0000e+00
        108 144.496073    0.00743     0.4458     26.750      0.776  47971.184    30.1989     8.2900      0.769    6.76493     8.2869    23.4650   12.20066 1.6579e+02 0.0000e+00
        109 144.496076    0.00750     0.4500     27.000      0.781  47957.502    30.1893     8.2893      0.774    6.76547     8.2823    23.4576   12.20167 1.6631e+02 0.0000e+00
        110 144.496079    0.00757     0.4542     27.250      0.775  47946.317    30.1812     8.2870      0.768    6.76618     8.2755    23.4515   12.20294 1.6598e+02 0.0000e+00
        111 144.496082    0.00764     0.4583     27.500      0.762  47947.979    30.1817     8.2824      0.754    6.76687     8.2680    23.4526   12.20407 1.6502e+02 0.0000e+00
        112 144.496085    0.00771     0.4625     27.750      0.748  47963.788    30.1917     8.2756      0.741    6.76746     8.2607    23.4614   12.20494 1.6378e+02 0.0000e+00
        113 144.496088    0.00778     0.4667     28.000      0.741  47987.894    30.2074     8.2681      0.734    6.76792     8.2529    23.4748   12.20550 1.6327e+02 0.0000e+00
        114 144.496091    0.00785     0.4708     28.250      0.745  48012.343    30.2233     8.2608      0.738    6.76834     8.2439    23.4883   12.20600 1.6249e+02 0.0000e+00
        115 144.496094    0.00792     0.4750     28.500      0.756  48032.484    30.2362     8.2530      0.749    6.76896     8.2346    23.4995   12.20687 1.6134e+02 0.0000e+00
        116 144.496097    0.00799     0.4792     28.750      0.769  48045.555    30.2440     8.2440      0.762    6.77001     8.2269    23.5069   12.20850 1.6077e+02 0.0000e+00
        117 144.496100    0.00806     0.4833     29.000      0.778  48049.862    30.2457     8.2347      0.771    6.77135     8.2214    23.5095   12.21071 1.5951e+02 0.0000e+00
        118 144.496102    0.00813     0.4875     29.250      0.780  48048.230    30.2434     8.2270      0.773    6.77264     8.2181    23.5089   12.21287 1.5696e+02 0.0000e+00
        119 144.496105    0.00819     0.4917     29.500      0.775  48045.629    30.2408     8.2215      0.768    6.77360     8.2166    23.5076   12.21449 1.5434e+02 0.0000e+00
        120 144.496108    0.00826     0.4958     29.750      0.766  48045.045    30.2399     8.2182      0.759    6.77414     8.2161    23.5074   12.21539 1.5319e+02 0.0000e+00
        121 144.496111    0.00833     0.5000     30.000      0.757  48048.201    30.2419     8.2167      0.750    6.77428     8.2158    23.5091   12.21560 1.5313e+02 0.0000e+00
        122 144.496114    0.00840     0.5042     30.250      0.751  48055.331    30.2468     8.2161      0.744    6.77414     8.2152    23.5130   12.21532 1.5270e+02 0.0000e+00
        123 144.496117    0.00847     0.5083     30.500      0.750  48063.971    30.2527     8.2158      0.743    6.77393     8.2138    23.5177   12.21489 1.5169e+02 0.0000e+00
        124 144.496120    0.00854     0.5125     30.750      0.753  48070.323    30.2571     8.2152      0.746    6.77383     8.2119    23.5212   12.21468 1.4969e+02 0.0000e+00
        125 144.496123    0.00861     0.5167     31.000      0.758  48071.846    30.2579     8.2139      0.751    6.77400     8.2098    23.5221   12.21494 1.4668e+02 0.0000e+00
        126 144.496126    0.00868     0.5208     31.250      0.762  48069.753    30.2562     8.2119      0.755    6.77437     8.2079    23.5210   12.21558 1.4391e+02 0.0000e+00
        127 144.496128    0.00875     0.5250     31.500      0.763  48068.304    30.2549     8.2098      0.756    6.77475     8.2063    23.5202   12.21622 1.4276e+02 0.0000e+00
        128 144.496131    0.00882     0.5292     31.750      0.763  48070.242    30.2559     8.2080      0.756    6.77499     8.2047    23.5214   12.21661 1.4353e+02 0.0000e+00
        129 144.496134    0.00889     0.5333     32.000      0.764  48073.631    30.2580     8.2063      0.757    6.77516     8.2032    23.5233   12.21685 1.4493e+02 0.0000e+00
        130 144.496137    0.00896     0.5375     32.250      0.763  48074.363    30.2583     8.2047      0.756    6.77538     8.2018    23.5237   12.21723 1.4536e+02 0.0000e+00
        131 144.496140    0.00903     0.5417     32.500      0.762  48071.316    30.2560     8.2033      0.755    6.77571     8.2006    23.5221   12.21781 1.4501e+02 0.0000e+00
        132 144.496143    0.00910     0.5458     32.750      0.759  48067.312    30.2530     8.2019      0.752    6.77605     8.1994    23.5199   12.21840 1.4494e+02 0.0000e+00
        133 144.496146    0.00917     0.5500     33.000      0.756  48066.047    30.2520     8.2007      0.749    6.77628     8.1977    23.5192   12.21879 1.4517e+02 0.0000e+00
        134 144.496149    0.00924     0.5542     33.250      0.754  48069.755    30.2544     8.1995      0.747    6.77637     8.1953    23.5213   12.21891 1.4564e+02 0.0000e+00
        135 144.496152    0.00931     0.5583     33.500      0.755  48078.197    30.2600     8.1978      0.749    6.77638     8.1917    23.5260   12.21885 1.4623e+02 0.0000e+00
        136 144.496155    0.00937     0.5625     33.750      0.761  48088.364    30.2667     8.1954      0.754    6.77646     8.1871    23.5316   12.21890 1.4622e+02 0.0000e+00
        137 144.496157    0.00944     0.5667     34.000      0.769  48096.183    30.2716     8.1918      0.762    6.77679     8.1824    23.5360   12.21940 1.4619e+02 0.0000e+00
        138 144.496160    0.00951     0.5708     34.250      0.774  48099.220    30.2731     8.1872      0.767    6.77744     8.1786    23.5377   12.22045 1.4638e+02 0.0000e+00
        139 144.496163    0.00958     0.5750     34.500      0.773  48098.865    30.2721     8.1825      0.766    6.77820     8.1760    23.5376   12.22172 1.4624e+02 0.0000e+00
        140 144.496166    0.00965     0.5792     34.750      0.766  48099.588    30.2721     8.1787      0.759    6.77878     8.1745    23.5381   12.22268 1.4613e+02 0.0000e+00
        141 144.496169    0.00972     0.5833     35.000      0.755  48105.409    30.2757     8.1761      0.749    6.77901     8.1739    23.5414   12.22302 1.4669e+02 0.0000e+00
        142 144.496172    0.00979     0.5875     35.250      0.748  48117.341    30.2838     8.1746      0.741    6.77889     8.1736    23.5479   12.22271 1.4744e+02 0.0000e+00
        143 144.496175    0.00986     0.5917     35.500      0.749  48132.310    30.2941     8.1739      0.742    6.77853     8.1731    23.5561   12.22200 1.4703e+02 0.0000e+00
        144 144.496178    0.00993     0.5958     35.750      0.760  48144.908    30.3029     8.1736      0.753    6.77819     8.1726    23.5630   12.22133 1.4579e+02 0.0000e+00
        145 144.496181    0.01000     0.6000     36.000      0.776  48150.125    30.3065     8.1732      0.769    6.77810     8.1721    23.5659   12.22114 1.4452e+02 0.0000e+00
        146 144.496183    0.01007     0.6042     36.250      0.790  48145.839    30.3034     8.1727      0.782    6.77832     8.1713    23.5635   12.22153 1.4331e+02 0.0000e+00
        147 144.496186    0.01014     0.6083     36.500      0.795  48135.771    30.2963     8.1721      0.787    6.77872     8.1704    23.5580   12.22228 1.4240e+02 0.0000e+00
        148 144.496189    0.01021     0.6125     36.750      0.790  48127.125    30.2902     8.1714      0.783    6.77910     8.1695    23.5533   12.22298 1.4197e+02 0.0000e+00
        149 144.496192    0.01028     0.6167     37.000      0.779  48124.560    30.2882     8.1705      0.772    6.77932     8.1689    23.5520   12.22337 1.4222e+02 0.0000e+00
        150 144.496195    0.01035     0.6208     37.250      0.767  48128.360    30.2908     8.1696      0.760    6.77935     8.1688    23.5541   12.22340 1.4314e+02 0.0000e+00
        151 144.496198    0.01042     0.6250     37.500      0.759  48135.647    30.2958     8.1690      0.752    6.77923     8.1695    23.5581   12.22313 1.4400e+02 0.0000e+00
        152 144.496201    0.01049     0.6292     37.750      0.755  48143.121    30.3010     8.1689      0.748    6.77901     8.1712    23.5622   12.22270 1.4401e+02 0.0000e+00
        153 144.496204    0.01056     0.6333     38.000      0.757  48149.411    30.3054     8.1696      0.750    6.77870     8.1740    23.5656   12.22214 1.4352e+02 0.0000e+00
        154 144.496207    0.01063     0.6375     38.250      0.764  48153.708    30.3087     8.1713      0.757    6.77831     8.1780    23.5679   12.22145 1.4272e+02 0.0000e+00
        155 144.496209    0.01069     0.6417     38.500      0.775  48154.142    30.3094     8.1740      0.768    6.77785     8.1826    23.5680   12.22068 1.4185e+02 0.0000e+00
        156 144.496212    0.01076     0.6458     38.750      0.787  48148.513    30.3060     8.1781      0.780    6.77737     8.1863    23.5649   12.21993 1.4217e+02 0.0000e+00
        157 144.496215    0.01083     0.6500     39.000      0.795  48136.041    30.2980     8.1827      0.788    6.77702     8.1877    23.5579   12.21943 1.4347e+02 0.0000e+00
        158 144.496218    0.01090     0.6542     39.250      0.795  48120.091    30.2874     8.1864      0.788    6.77692     8.1866    23.5491   12.21941 1.4412e+02 0.0000e+00
        159 144.496221    0.01097     0.6583     39.500      0.785  48107.616    30.2790     8.1878      0.778    6.77707     8.1839    23.5423   12.21977 1.4344e+02 0.0000e+00
        160 144.496224    0.01104     0.6625     39.750      0.769  48104.298    30.2765     8.1867      0.762    6.77735     8.1816    23.5405   12.22025 1.4182e+02 0.0000e+00
        161 144.496227    0.01111     0.6667     40.000      0.754  48111.516    30.2812     8.1840      0.747    6.77756     8.1811    23.5445   12.22054 1.4052e+02 0.0000e+00
        162 144.496230    0.01118     0.6708     40.250      0.749  48125.231    30.2904     8.1816      0.742    6.77752     8.1827    23.5521   12.22036 1.4035e+02 0.0000e+00
        163 144.496233    0.01125     0.6750     40.500      0.755  48138.334    30.2994     8.1811      0.748    6.77720     8.1855    23.5592   12.21972 1.4038e+02 0.0000e+00
        164 144.496236    0.01132     0.6792     40.750      0.770  48144.835    30.3042     8.1828      0.763    6.77674     8.1883    23.5627   12.21890 1.3988e+02 0.0000e+00
        165 144.496238    0.01139     0.6833     41.000      0.786  48141.126    30.3020     8.1856      0.779    6.77640     8.1899    23.5606   12.21836 1.3918e+02 0.0000e+00
        166 144.496241    0.01146     0.6875     41.250      0.794  48129.367    30.2943     8.1883      0.787    6.77632     8.1899    23.5541   12.21834 1.3851e+02 0.0000e+00
        167 144.496244    0.01153     0.6917     41.500      0.791  48117.825    30.2865     8.1900      0.784    6.77642     8.1883    23.5478   12.21859 1.3782e+02 0.0000e+00
        168 144.496247    0.01160     0.6958     41.750      0.779  48113.097    30.2832     8.1900      0.772    6.77656     8.1861    23.5452   12.21887 1.3673e+02 0.0000e+00
        169 144.496250    0.01167     0.7000     42.000      0.765  48116.257    30.2851     8.1884      0.758    6.77671     8.1839    23.5470   12.21909 1.3555e+02 0.0000e+00
        170 144.496253    0.01174     0.7042     42.250      0.756  48124.744    30.2907     8.1862      0.749    6.77681     8.1822    23.5517   12.21919 1.3553e+02 0.0000e+00
        171 144.496256    0.01181     0.7083     42.500      0.757  48134.103    30.2969     8.1840      0.750    6.77687     8.1804    23.5568   12.21920 1.3654e+02 0.0000e+00
        172 144.496259    0.01188     0.7125     42.750      0.767  48141.167    30.3015     8.1822      0.760    6.77693     8.1782    23.5607   12.21925 1.3707e+02 0.0000e+00
        173 144.496262    0.01194     0.7167     43.000      0.782  48145.285    30.3041     8.1805      0.775    6.77709     8.1755    23.5630   12.21948 1.3721e+02 0.0000e+00
        174 144.496264    0.01201     0.7208     43.250      0.793  48146.159    30.3044     8.1783      0.786    6.77742     8.1727    23.5635   12.22002 1.3822e+02 0.0000e+00
        175 144.496267    0.01208     0.7250     43.500      0.794  48145.161    30.3033     8.1756      0.786    6.77787     8.1700    23.5631   12.22079 1.3996e+02 0.0000e+00
        176 144.496270    0.01215     0.7292     43.750      0.784  48145.580    30.3032     8.1728      0.776    6.77831     8.1670    23.5634   12.22150 1.4041e+02 0.0000e+00
        177 144.496273    0.01222     0.7333     44.000      0.767  48149.262    30.3054     8.1701      0.760    6.77864     8.1630    23.5654   12.22202 1.3915e+02 0.0000e+00
        178 144.496276    0.01229     0.7375     44.250      0.754  48156.437    30.3100     8.1670      0.747    6.77890     8.1568    23.5694   12.22240 1.3820e+02 0.0000e+00
        179 144.496279    0.01236     0.7417     44.500      0.750  48166.308    30.3162     8.1630      0.742    6.77924     8.1474    23.5749   12.22288 1.3791e+02 0.0000e+00
        180 144.496282    0.01243     0.7458     44.750      0.756  48178.207    30.3236     8.1568      0.749    6.77987     8.1357    23.5816   12.22383 1.3752e+02 0.0000e+00
