CTD-processing/allCTD/CNV--turbid/2018_05-24_t9_s03_cast097.cnv
* Sea-Bird SBE19plus Data File:
* FileName = C:\Users\Kim.Powell\Desktop\Not Processed\2018\2018_05-24_AlongBay, T9_5028\2018_05-24_TRANSECT_STATION_cast097.hex
* Software Version 1.59
* Temperature SN =  5028
* Conductivity SN =  5028
* System UpLoad Time = May 25 2018 13:34:20
** 2018_05-24
** Station: 9-03
** Start Time: 14:30
** Depth (m): 94
** Comment:
** Comment:
# nquan = 16
# nvalues = 716                         
# units = specified
# name 0 = scan: Scan Count
# name 1 = timeJ: Julian Days
# name 2 = timeH: Time, Elapsed [hours]
# name 3 = timeM: Time, Elapsed [minutes]
# name 4 = timeS: Time, Elapsed [seconds]
# name 5 = prdM: Pressure, Strain Gauge [db]
# name 6 = specc: Specific Conductance [uS/cm]
# name 7 = sal00: Salinity, Practical [PSU]
# name 8 = tv290C: Temperature [ITS-90, deg C]
# name 9 = depSM: Depth [salt water, m], lat = 59.00
# name 10 = oxsolML/L: Oxygen Saturation, Garcia & Gordon [ml/l]
# name 11 = potemp090C: Potential Temperature [ITS-90, deg C]
# name 12 = sigma-é00: Density [sigma-theta, kg/m^3]
# name 13 = n2satML/L: Nitrogen Saturation [ml/l]
# name 14 = par: PAR/Irradiance, Biospherical/Licor
# name 15 = flag:  0.000e+00
# span 0 =          1,        716       
# span 1 = 144.603044, 144.605113       
# span 2 =    0.00000,    0.04965       
# span 3 =     0.0000,     2.9792       
# span 4 =      0.000,    178.750       
# span 5 =      0.837,     90.397       
# span 6 =  48805.048,  51136.125       
# span 7 =    30.6565,    31.8831       
# span 8 =     5.5937,     7.5625       
# span 9 =      0.829,     89.533       
# span 10 =    6.85435,    7.12106      
# span 11 =     5.5867,     7.5624      
# span 12 =    23.9347,    25.1391      
# span 13 =   12.34215,   12.76840      
# span 14 = 4.3580e-02, 3.7259e+02      
# span 15 = 0.0000e+00, 0.0000e+00      
# interval = seconds: 0.25
# start_time = May 24 2018 14:28:23 [Instrument's time stamp, header]
# bad_flag = -9.990e-29
*END*
          1 144.603044    0.00000     0.0000      0.000      0.837  48892.697    30.7160     7.4802      0.829    6.86764     7.4839    23.9827   12.36422 2.3463e+02 0.0000e+00
          2 144.603047    0.00007     0.0042      0.250      0.858  48875.634    30.7045     7.4826      0.849    6.86778     7.4842    23.9734   12.36460 2.5226e+02 0.0000e+00
          3 144.603050    0.00014     0.0083      0.500      0.876  48859.702    30.6937     7.4840      0.867    6.86805     7.4844    23.9647   12.36518 2.7418e+02 0.0000e+00
          4 144.603053    0.00021     0.0125      0.750      0.887  48848.182    30.6857     7.4843      0.878    6.86835     7.4847    23.9584   12.36578 2.9706e+02 0.0000e+00
          5 144.603056    0.00028     0.0167      1.000      0.891  48841.758    30.6813     7.4844      0.882    6.86853     7.4853    23.9549   12.36614 3.1892e+02 0.0000e+00
          6 144.603058    0.00035     0.0208      1.250      0.890  48841.235    30.6810     7.4848      0.881    6.86849     7.4860    23.9546   12.36607 3.3765e+02 0.0000e+00
          7 144.603061    0.00042     0.0250      1.500      0.887  48845.483    30.6840     7.4854      0.878    6.86826     7.4867    23.9569   12.36565 3.4926e+02 0.0000e+00
          8 144.603064    0.00049     0.0292      1.750      0.887  48851.068    30.6880     7.4861      0.878    6.86797     7.4875    23.9599   12.36512 3.5430e+02 0.0000e+00
          9 144.603067    0.00056     0.0333      2.000      0.891  48854.974    30.6908     7.4867      0.882    6.86774     7.4885    23.9621   12.36471 3.5684e+02 0.0000e+00
         10 144.603070    0.00063     0.0375      2.250      0.897  48855.637    30.6914     7.4876      0.889    6.86759     7.4896    23.9624   12.36444 3.5771e+02 0.0000e+00
         11 144.603073    0.00069     0.0417      2.500      0.902  48852.774    30.6896     7.4886      0.894    6.86750     7.4903    23.9608   12.36432 3.5939e+02 0.0000e+00
         12 144.603076    0.00076     0.0458      2.750      0.903  48847.484    30.6861     7.4897      0.895    6.86750     7.4907    23.9579   12.36436 3.6398e+02 0.0000e+00
         13 144.603079    0.00083     0.0500      3.000      0.899  48841.831    30.6823     7.4904      0.891    6.86756     7.4909    23.9548   12.36450 3.6653e+02 0.0000e+00
         14 144.603082    0.00090     0.0542      3.250      0.893  48838.053    30.6797     7.4907      0.884    6.86761     7.4909    23.9528   12.36463 3.6393e+02 0.0000e+00
         15 144.603084    0.00097     0.0583      3.500      0.887  48836.503    30.6787     7.4909      0.879    6.86763     7.4907    23.9519   12.36467 3.5935e+02 0.0000e+00
         16 144.603087    0.00104     0.0625      3.750      0.885  48835.324    30.6779     7.4910      0.877    6.86766     7.4900    23.9513   12.36472 3.5538e+02 0.0000e+00
         17 144.603090    0.00111     0.0667      4.000      0.889  48832.954    30.6762     7.4908      0.881    6.86777     7.4888    23.9500   12.36493 3.5100e+02 0.0000e+00
         18 144.603093    0.00118     0.0708      4.250      0.896  48829.117    30.6734     7.4901      0.887    6.86800     7.4873    23.9479   12.36535 3.4453e+02 0.0000e+00
         19 144.603096    0.00125     0.0750      4.500      0.902  48825.029    30.6703     7.4889      0.894    6.86833     7.4863    23.9457   12.36593 3.3766e+02 0.0000e+00
         20 144.603099    0.00132     0.0792      4.750      0.906  48823.918    30.6693     7.4874      0.897    6.86860     7.4863    23.9451   12.36639 3.3243e+02 0.0000e+00
         21 144.603102    0.00139     0.0833      5.000      0.906  48827.790    30.6719     7.4864      0.897    6.86865     7.4873    23.9472   12.36644 3.2967e+02 0.0000e+00
         22 144.603105    0.00146     0.0875      5.250      0.903  48834.197    30.6763     7.4864      0.894    6.86844     7.4887    23.9507   12.36605 3.3050e+02 0.0000e+00
         23 144.603108    0.00153     0.0917      5.500      0.899  48839.444    30.6801     7.4874      0.891    6.86811     7.4903    23.9535   12.36545 3.3257e+02 0.0000e+00
         24 144.603111    0.00160     0.0958      5.750      0.895  48842.133    30.6822     7.4888      0.887    6.86779     7.4920    23.9550   12.36490 3.3242e+02 0.0000e+00
         25 144.603113    0.00167     0.1000      6.000      0.892  48842.646    30.6828     7.4904      0.883    6.86753     7.4937    23.9553   12.36444 3.3181e+02 0.0000e+00
         26 144.603116    0.00174     0.1042      6.250      0.890  48842.288    30.6829     7.4921      0.881    6.86726     7.4953    23.9551   12.36400 3.3562e+02 0.0000e+00
         27 144.603119    0.00181     0.1083      6.500      0.892  48841.694    30.6828     7.4938      0.883    6.86699     7.4962    23.9547   12.36356 3.4406e+02 0.0000e+00
         28 144.603122    0.00187     0.1125      6.750      0.898  48839.119    30.6812     7.4954      0.889    6.86682     7.4961    23.9533   12.36329 3.5290e+02 0.0000e+00
         29 144.603125    0.00194     0.1167      7.000      0.906  48831.944    30.6764     7.4963      0.898    6.86690     7.4952    23.9494   12.36348 3.5946e+02 0.0000e+00
         30 144.603128    0.00201     0.1208      7.250      0.913  48820.014    30.6681     7.4962      0.904    6.86728     7.4935    23.9429   12.36421 3.6434e+02 0.0000e+00
         31 144.603131    0.00208     0.1250      7.500      0.913  48808.574    30.6599     7.4953      0.904    6.86779     7.4912    23.9366   12.36517 3.6829e+02 0.0000e+00
         32 144.603134    0.00215     0.1292      7.750      0.905  48805.048    30.6572     7.4935      0.896    6.86818     7.4890    23.9347   12.36585 3.7124e+02 0.0000e+00
         33 144.603137    0.00222     0.1333      8.000      0.892  48812.443    30.6620     7.4913      0.883    6.86832     7.4877    23.9388   12.36603 3.7259e+02 0.0000e+00
         34 144.603139    0.00229     0.1375      8.250      0.882  48827.436    30.6720     7.4891      0.873    6.86822     7.4875    23.9470   12.36572 3.7035e+02 0.0000e+00
         35 144.603142    0.00236     0.1417      8.500      0.880  48841.650    30.6817     7.4878      0.872    6.86799     7.4876    23.9548   12.36522 3.6698e+02 0.0000e+00
         36 144.603145    0.00243     0.1458      8.750      0.889  48847.301    30.6856     7.4875      0.881    6.86785     7.4870    23.9579   12.36494 3.6518e+02 0.0000e+00
         37 144.603148    0.00250     0.1500      9.000      0.904  48841.961    30.6819     7.4877      0.895    6.86799     7.4847    23.9549   12.36523 3.6342e+02 0.0000e+00
         38 144.603151    0.00257     0.1542      9.250      0.916  48830.033    30.6735     7.4871      0.908    6.86846     7.4801    23.9484   12.36612 3.6209e+02 0.0000e+00
         39 144.603154    0.00264     0.1583      9.500      0.919  48820.915    30.6668     7.4848      0.911    6.86913     7.4740    23.9434   12.36730 3.6183e+02 0.0000e+00
         40 144.603157    0.00271     0.1625      9.750      0.910  48821.815    30.6667     7.4802      0.902    6.86985     7.4686    23.9440   12.36850 3.6003e+02 0.0000e+00
         41 144.603160    0.00278     0.1667     10.000      0.895  48833.451    30.6738     7.4741      0.887    6.87050     7.4659    23.9504   12.36948 3.5561e+02 0.0000e+00
         42 144.603163    0.00285     0.1708     10.250      0.881  48850.086    30.6845     7.4687      0.873    6.87087     7.4663    23.9595   12.36996 3.5223e+02 0.0000e+00
         43 144.603166    0.00292     0.1750     10.500      0.875  48863.548    30.6934     7.4660      0.867    6.87089     7.4688    23.9669   12.36989 3.5142e+02 0.0000e+00
         44 144.603168    0.00299     0.1792     10.750      0.880  48868.092    30.6967     7.4664      0.872    6.87068     7.4715    23.9694   12.36950 3.5100e+02 0.0000e+00
         45 144.603171    0.00306     0.1833     11.000      0.892  48861.484    30.6925     7.4688      0.884    6.87049     7.4731    23.9657   12.36923 3.5126e+02 0.0000e+00
         46 144.603174    0.00313     0.1875     11.250      0.905  48847.083    30.6829     7.4715      0.897    6.87049     7.4730    23.9579   12.36936 3.5321e+02 0.0000e+00
         47 144.603177    0.00319     0.1917     11.500      0.915  48832.654    30.6731     7.4731      0.906    6.87067     7.4709    23.9500   12.36978 3.5461e+02 0.0000e+00
         48 144.603180    0.00326     0.1958     11.750      0.917  48824.194    30.6672     7.4730      0.908    6.87096     7.4676    23.9453   12.37032 3.5191e+02 0.0000e+00
         49 144.603183    0.00333     0.2000     12.000      0.911  48823.963    30.6667     7.4709      0.902    6.87132     7.4650    23.9452   12.37092 3.4590e+02 0.0000e+00
         50 144.603186    0.00340     0.2042     12.250      0.899  48831.066    30.6711     7.4676      0.891    6.87163     7.4643    23.9491   12.37139 3.4028e+02 0.0000e+00
         51 144.603189    0.00347     0.2083     12.500      0.887  48841.167    30.6777     7.4651      0.878    6.87174     7.4653    23.9547   12.37148 3.3681e+02 0.0000e+00
         52 144.603192    0.00354     0.2125     12.750      0.879  48847.975    30.6824     7.4644      0.870    6.87164     7.4670    23.9584   12.37126 3.3743e+02 0.0000e+00
         53 144.603194    0.00361     0.2167     13.000      0.879  48846.671    30.6816     7.4654      0.870    6.87151     7.4680    23.9577   12.37106 3.4094e+02 0.0000e+00
         54 144.603197    0.00368     0.2208     13.250      0.885  48837.289    30.6754     7.4671      0.877    6.87153     7.4676    23.9526   12.37117 3.4188e+02 0.0000e+00
         55 144.603200    0.00375     0.2250     13.500      0.895  48824.999    30.6670     7.4681      0.887    6.87175     7.4652    23.9458   12.37164 3.3973e+02 0.0000e+00
         56 144.603203    0.00382     0.2292     13.750      0.903  48815.644    30.6604     7.4677      0.895    6.87212     7.4612    23.9407   12.37232 3.3787e+02 0.0000e+00
         57 144.603206    0.00389     0.2333     14.000      0.908  48811.630    30.6572     7.4653      0.900    6.87263     7.4568    23.9385   12.37321 3.3628e+02 0.0000e+00
         58 144.603209    0.00396     0.2375     14.250      0.910  48811.822    30.6567     7.4613      0.902    6.87328     7.4529    23.9387   12.37429 3.3432e+02 0.0000e+00
         59 144.603212    0.00403     0.2417     14.500      0.908  48813.231    30.6570     7.4569      0.900    6.87396     7.4495    23.9395   12.37542 3.3117e+02 0.0000e+00
         60 144.603215    0.00410     0.2458     14.750      0.904  48813.913    30.6568     7.4530      0.896    6.87460     7.4467    23.9399   12.37647 3.2640e+02 0.0000e+00
         61 144.603218    0.00417     0.2500     15.000      0.899  48814.301    30.6565     7.4496      0.890    6.87513     7.4444    23.9401   12.37736 3.2287e+02 0.0000e+00
         62 144.603220    0.00424     0.2542     15.250      0.893  48815.288    30.6568     7.4468      0.885    6.87556     7.4426    23.9406   12.37806 3.2142e+02 0.0000e+00
         63 144.603223    0.00431     0.2583     15.500      0.889  48816.959    30.6576     7.4445      0.881    6.87589     7.4412    23.9416   12.37860 3.2037e+02 0.0000e+00
         64 144.603226    0.00438     0.2625     15.750      0.890  48819.558    30.6591     7.4427      0.882    6.87612     7.4401    23.9430   12.37895 3.1903e+02 0.0000e+00
         65 144.603229    0.00444     0.2667     16.000      0.895  48822.923    30.6612     7.4413      0.887    6.87624     7.4391    23.9448   12.37913 3.1745e+02 0.0000e+00
         66 144.603232    0.00451     0.2708     16.250      0.901  48825.133    30.6626     7.4402      0.893    6.87634     7.4376    23.9461   12.37928 3.1610e+02 0.0000e+00
         67 144.603235    0.00458     0.2750     16.500      0.907  48824.543    30.6620     7.4392      0.899    6.87652     7.4349    23.9457   12.37959 3.1609e+02 0.0000e+00
         68 144.603238    0.00465     0.2792     16.750      0.909  48822.588    30.6603     7.4377      0.901    6.87684     7.4306    23.9447   12.38014 3.1788e+02 0.0000e+00
         69 144.603241    0.00472     0.2833     17.000      0.906  48822.623    30.6599     7.4350      0.897    6.87729     7.4245    23.9447   12.38088 3.2030e+02 0.0000e+00
         70 144.603244    0.00479     0.2875     17.250      0.899  48826.655    30.6620     7.4307      0.891    6.87787     7.4176    23.9470   12.38183 3.2209e+02 0.0000e+00
         71 144.603247    0.00486     0.2917     17.500      0.893  48834.621    30.6666     7.4246      0.884    6.87863     7.4112    23.9514   12.38302 3.2338e+02 0.0000e+00
         72 144.603249    0.00493     0.2958     17.750      0.891  48845.081    30.6728     7.4177      0.882    6.87945     7.4062    23.9571   12.38429 3.2605e+02 0.0000e+00
         73 144.603252    0.00500     0.3000     18.000      0.894  48855.571    30.6790     7.4113      0.885    6.88017     7.4025    23.9629   12.38541 3.3050e+02 0.0000e+00
         74 144.603255    0.00507     0.3042     18.250      0.900  48863.332    30.6836     7.4062      0.891    6.88076     7.3998    23.9672   12.38634 3.3540e+02 0.0000e+00
         75 144.603258    0.00514     0.3083     18.500      0.907  48866.747    30.6853     7.4026      0.898    6.88126     7.3978    23.9690   12.38714 3.4040e+02 0.0000e+00
         76 144.603261    0.00521     0.3125     18.750      0.912  48866.740    30.6849     7.3999      0.903    6.88170     7.3959    23.9690   12.38787 3.4287e+02 0.0000e+00
         77 144.603264    0.00528     0.3167     19.000      0.914  48865.731    30.6839     7.3979      0.905    6.88207     7.3937    23.9685   12.38850 3.4046e+02 0.0000e+00
         78 144.603267    0.00535     0.3208     19.250      0.915  48865.362    30.6833     7.3960      0.906    6.88240     7.3910    23.9683   12.38904 3.3640e+02 0.0000e+00
         79 144.603270    0.00542     0.3250     19.500      0.913  48866.306    30.6836     7.3938      0.905    6.88273     7.3879    23.9688   12.38958 3.3396e+02 0.0000e+00
         80 144.603273    0.00549     0.3292     19.750      0.911  48868.767    30.6849     7.3911      0.902    6.88310     7.3843    23.9702   12.39018 3.3177e+02 0.0000e+00
         81 144.603275    0.00556     0.3333     20.000      0.905  48872.822    30.6872     7.3879      0.897    6.88349     7.3802    23.9724   12.39080 3.2724e+02 0.0000e+00
         82 144.603278    0.00562     0.3375     20.250      0.897  48878.608    30.6907     7.3844      0.889    6.88389     7.3754    23.9756   12.39143 3.2084e+02 0.0000e+00
         83 144.603281    0.00569     0.3417     20.500      0.889  48885.764    30.6950     7.3802      0.881    6.88436     7.3706    23.9795   12.39214 3.1655e+02 0.0000e+00
         84 144.603284    0.00576     0.3458     20.750      0.885  48893.626    30.6996     7.3754      0.877    6.88491     7.3669    23.9839   12.39299 3.1701e+02 0.0000e+00
         85 144.603287    0.00583     0.3500     21.000      0.888  48901.552    30.7043     7.3707      0.880    6.88545     7.3648    23.9882   12.39382 3.2104e+02 0.0000e+00
         86 144.603290    0.00590     0.3542     21.250      0.899  48908.408    30.7085     7.3670      0.891    6.88584     7.3642    23.9920   12.39443 3.2709e+02 0.0000e+00
         87 144.603293    0.00597     0.3583     21.500      0.912  48912.453    30.7110     7.3649      0.904    6.88606     7.3642    23.9942   12.39476 3.3565e+02 0.0000e+00
         88 144.603296    0.00604     0.3625     21.750      0.922  48912.971    30.7112     7.3642      0.913    6.88615     7.3639    23.9944   12.39491 3.4464e+02 0.0000e+00
         89 144.603299    0.00611     0.3667     22.000      0.923  48911.890    30.7105     7.3643      0.914    6.88617     7.3623    23.9938   12.39495 3.4900e+02 0.0000e+00
         90 144.603302    0.00618     0.3708     22.250      0.915  48912.245    30.7107     7.3640      0.906    6.88622     7.3598    23.9940   12.39503 3.4690e+02 0.0000e+00
