CTD-processing/allCTD/CNV--turbid/2018_08-23_t9_s02_cast209.cnv
* Sea-Bird SBE19plus Data File:
* FileName = C:\Users\Kim.Powell\Desktop\Not Processed\2018\2018_08-23_AlongBay, T9_5028\2018_08-23_TRANSECT_STATION_cast209.hex
* Software Version 1.59
* Temperature SN =  5028
* Conductivity SN =  5028
* System UpLoad Time = Aug 31 2018 10:29:53
** 2018_08-23
** Station: 9-02
** Start Time: NA
** Depth (m): 76
** Comment: Out of order in field notes
** Comment:
# nquan = 16
# nvalues = 631                         
# units = specified
# name 0 = scan: Scan Count
# name 1 = timeJ: Julian Days
# name 2 = timeH: Time, Elapsed [hours]
# name 3 = timeM: Time, Elapsed [minutes]
# name 4 = timeS: Time, Elapsed [seconds]
# name 5 = prdM: Pressure, Strain Gauge [db]
# name 6 = specc: Specific Conductance [uS/cm]
# name 7 = sal00: Salinity, Practical [PSU]
# name 8 = tv290C: Temperature [ITS-90, deg C]
# name 9 = depSM: Depth [salt water, m], lat = 59.00
# name 10 = oxsolML/L: Oxygen Saturation, Garcia & Gordon [ml/l]
# name 11 = potemp090C: Potential Temperature [ITS-90, deg C]
# name 12 = sigma-é00: Density [sigma-theta, kg/m^3]
# name 13 = n2satML/L: Nitrogen Saturation [ml/l]
# name 14 = par: PAR/Irradiance, Biospherical/Licor
# name 15 = flag:  0.000e+00
# span 0 =          1,        631       
# span 1 = 235.607407, 235.609230       
# span 2 =    0.00000,    0.04375       
# span 3 =     0.0000,     2.6250       
# span 4 =      0.000,    157.500       
# span 5 =      0.496,     74.155       
# span 6 =  39565.913,  48972.736       
# span 7 =    24.7642,    31.1029       
# span 8 =    10.0095,    11.9700       
# span 9 =      0.491,     73.449       
# span 10 =    6.36069,    6.47315      
# span 11 =    10.0013,    11.9700      
# span 12 =    18.6595,    23.9104      
# span 13 =   11.53760,   11.76171      
# span 14 = 5.7863e-02, 1.1866e+02      
# span 15 = 0.0000e+00, 0.0000e+00      
# interval = seconds: 0.25
# start_time = Aug 23 2018 14:34:40 [Instrument's time stamp, header]
# bad_flag = -9.990e-29
*END*
[from data line 272]
        273 235.608194    0.01889     1.1333     68.000      0.525  39608.236    24.7933    11.9681      0.520    6.45783    11.9678    18.6823   11.75682 1.1439e+02 0.0000e+00
        274 235.608197    0.01896     1.1375     68.250      0.516  39602.556    24.7893    11.9679      0.511    6.45802    11.9681    18.6793   11.75719 1.1613e+02 0.0000e+00
        275 235.608200    0.01903     1.1417     68.500      0.504  39594.930    24.7841    11.9679      0.499    6.45823    11.9684    18.6753   11.75760 1.1779e+02 0.0000e+00
        276 235.608203    0.01910     1.1458     68.750      0.496  39593.725    24.7833    11.9682      0.491    6.45822    11.9683    18.6746   11.75760 1.1776e+02 0.0000e+00
        277 235.608206    0.01917     1.1500     69.000      0.496  39600.549    24.7880    11.9685      0.491    6.45800    11.9679    18.6782   11.75717 1.1636e+02 0.0000e+00
        278 235.608209    0.01924     1.1542     69.250      0.505  39609.890    24.7944    11.9684      0.500    6.45775    11.9673    18.6832   11.75668 1.1478e+02 0.0000e+00
        279 235.608212    0.01931     1.1583     69.500      0.519  39620.326    24.8016    11.9680      0.514    6.45751    11.9665    18.6888   11.75619 1.1375e+02 0.0000e+00
        280 235.608215    0.01938     1.1625     69.750      0.533  39632.711    24.8101    11.9674      0.528    6.45725    11.9655    18.6955   11.75565 1.1358e+02 0.0000e+00
        281 235.608218    0.01944     1.1667     70.000      0.542  39644.632    24.8183    11.9665      0.537    6.45704    11.9644    18.7020   11.75520 1.1430e+02 0.0000e+00
        282 235.608220    0.01951     1.1708     70.250      0.543  39655.773    24.8259    11.9655      0.538    6.45686    11.9631    18.7081   11.75482 1.1570e+02 0.0000e+00
        283 235.608223    0.01958     1.1750     70.500      0.538  39668.701    24.8348    11.9644      0.533    6.45666    11.9613    18.7151   11.75437 1.1692e+02 0.0000e+00
        284 235.608226    0.01965     1.1792     70.750      0.531  39688.236    24.8482    11.9631      0.526    6.45629    11.9585    18.7258   11.75360 1.1634e+02 0.0000e+00
        285 235.608229    0.01972     1.1833     71.000      0.529  39721.765    24.8714    11.9613      0.524    6.45560    11.9540    18.7440   11.75217 1.1329e+02 0.0000e+00
        286 235.608232    0.01979     1.1875     71.250      0.540  39778.377    24.9104    11.9586      0.535    6.45439    11.9465    18.7747   11.74970 1.0852e+02 0.0000e+00
        287 235.608235    0.01986     1.1917     71.500      0.572  39873.075    24.9758    11.9541      0.566    6.45237    11.9340    18.8261   11.74555 1.0297e+02 0.0000e+00
        288 235.608238    0.01993     1.1958     71.750      0.634  40032.544    25.0858    11.9466      0.628    6.44895    11.9129    18.9125   11.73853 9.6938e+01 0.0000e+00
        289 235.608241    0.02000     1.2000     72.000      0.735  40301.798    25.2715    11.9341      0.728    6.44315    11.8782    19.0585   11.72665 8.9416e+01 0.0000e+00
        290 235.608244    0.02007     1.2042     72.250      0.877  40738.702    25.5729    11.9130      0.869    6.43385    11.8259    19.2955   11.70755 8.0236e+01 0.0000e+00
        291 235.608247    0.02014     1.2083     72.500      1.052  41358.707    26.0005    11.8783      1.042    6.42131    11.7560    19.6326   11.68156 7.0648e+01 0.0000e+00
        292 235.608249    0.02021     1.2125     72.750      1.244  42117.989    26.5240    11.8260      1.232    6.40732    11.6712    20.0472   11.65202 6.1484e+01 0.0000e+00
        293 235.608252    0.02028     1.2167     73.000      1.443  42970.110    27.1116    11.7562      1.430    6.39317    11.5722    20.5145   11.62146 5.3177e+01 0.0000e+00
        294 235.608255    0.02035     1.2208     73.250      1.646  43880.336    27.7393    11.6714      1.630    6.37946    11.4600    21.0156   11.59118 4.5971e+01 0.0000e+00
        295 235.608258    0.02042     1.2250     73.500      1.854  44784.329    28.3623    11.5724      1.837    6.36789    11.3439    21.5158   11.56453 3.9866e+01 0.0000e+00
        296 235.608261    0.02049     1.2292     73.750      2.070  45572.089    28.9032    11.4603      2.050    6.36141    11.2384    21.9547   11.54732 3.4753e+01 0.0000e+00
        297 235.608264    0.02056     1.2333     74.000      2.294  46175.133    29.3146    11.3441      2.273    6.36069    11.1523    22.2939   11.54123 3.0518e+01 0.0000e+00
        298 235.608267    0.02063     1.2375     74.250      2.527  46618.101    29.6148    11.2387      2.503    6.36299    11.0852    22.5451   11.54147 2.7055e+01 0.0000e+00
        299 235.608270    0.02069     1.2417     74.500      2.765  46954.980    29.8426    11.1526      2.739    6.36557    11.0331    22.7368   11.54305 2.4259e+01 0.0000e+00
        300 235.608273    0.02076     1.2458     74.750      3.005  47226.520    30.0265    11.0856      2.977    6.36731    10.9918    22.8912   11.54376 2.2022e+01 0.0000e+00
        301 235.608275    0.02083     1.2500     75.000      3.241  47458.516    30.1843    11.0335      3.211    6.36806    10.9586    23.0227   11.54314 2.0242e+01 0.0000e+00
        302 235.608278    0.02090     1.2542     75.250      3.472  47658.496    30.3207    10.9923      3.439    6.36820    10.9323    23.1358   11.54175 1.8807e+01 0.0000e+00
        303 235.608281    0.02097     1.2583     75.500      3.696  47820.303    30.4311    10.9590      3.661    6.36829    10.9124    23.2273   11.54059 1.7620e+01 0.0000e+00
        304 235.608284    0.02104     1.2625     75.750      3.917  47943.736    30.5152    10.9328      3.880    6.36849    10.8974    23.2972   11.53992 1.6608e+01 0.0000e+00
        305 235.608287    0.02111     1.2667     76.000      4.140  48038.708    30.5800    10.9129      4.101    6.36860    10.8858    23.3510   11.53934 1.5721e+01 0.0000e+00
        306 235.608290    0.02118     1.2708     76.250      4.370  48114.841    30.6320    10.8980      4.329    6.36854    10.8759    23.3940   11.53862 1.4933e+01 0.0000e+00
        307 235.608293    0.02125     1.2750     76.500      4.607  48176.575    30.6742    10.8863      4.564    6.36843    10.8672    23.4288   11.53794 1.4231e+01 0.0000e+00
        308 235.608296    0.02132     1.2792     76.750      4.850  48224.468    30.7068    10.8765      4.805    6.36846    10.8593    23.4558   11.53760 1.3611e+01 0.0000e+00
        309 235.608299    0.02139     1.2833     77.000      5.093  48259.667    30.7306    10.8678      5.045    6.36870    10.8524    23.4758   11.53771 1.3066e+01 0.0000e+00
        310 235.608302    0.02146     1.2875     77.250      5.331  48285.333    30.7477    10.8599      5.281    6.36908    10.8463    23.4905   11.53814 1.2580e+01 0.0000e+00
        311 235.608304    0.02153     1.2917     77.500      5.561  48304.859    30.7607    10.8530      5.509    6.36950    10.8410    23.5018   11.53869 1.2133e+01 0.0000e+00
        312 235.608307    0.02160     1.2958     77.750      5.782  48320.324    30.7708    10.8470      5.728    6.36992    10.8365    23.5107   11.53927 1.1714e+01 0.0000e+00
        313 235.608310    0.02167     1.3000     78.000      6.000  48332.489    30.7787    10.8417      5.944    6.37033    10.8328    23.5178   11.53985 1.1313e+01 0.0000e+00
        314 235.608313    0.02174     1.3042     78.250      6.218  48341.778    30.7847    10.8373      6.160    6.37070    10.8297    23.5232   11.54039 1.0922e+01 0.0000e+00
        315 235.608316    0.02181     1.3083     78.500      6.443  48348.940    30.7892    10.8336      6.383    6.37101    10.8267    23.5274   11.54086 1.0538e+01 0.0000e+00
        316 235.608319    0.02187     1.3125     78.750      6.678  48354.846    30.7929    10.8305      6.616    6.37129    10.8235    23.5308   11.54128 1.0161e+01 0.0000e+00
        317 235.608322    0.02194     1.3167     79.000      6.923  48360.285    30.7963    10.8275      6.858    6.37156    10.8196    23.5340   11.54169 9.7908e+00 0.0000e+00
        318 235.608325    0.02201     1.3208     79.250      7.175  48366.274    30.8001    10.8243      7.107    6.37185    10.8150    23.5375   11.54212 9.4311e+00 0.0000e+00
        319 235.608328    0.02208     1.3250     79.500      7.426  48373.729    30.8048    10.8205      7.357    6.37218    10.8098    23.5418   11.54262 9.0859e+00 0.0000e+00
        320 235.608330    0.02215     1.3292     79.750      7.670  48382.627    30.8105    10.8159      7.599    6.37259    10.8046    23.5470   11.54321 8.7607e+00 0.0000e+00
        321 235.608333    0.02222     1.3333     80.000      7.902  48392.047    30.8165    10.8107      7.828    6.37305    10.8000    23.5525   11.54391 8.4585e+00 0.0000e+00
        322 235.608336    0.02229     1.3375     80.250      8.123  48400.804    30.8220    10.8056      8.046    6.37354    10.7963    23.5577   11.54465 8.1776e+00 0.0000e+00
        323 235.608339    0.02236     1.3417     80.500      8.336  48408.140    30.8266    10.8010      8.257    6.37398    10.7933    23.5620   11.54534 7.9130e+00 0.0000e+00
        324 235.608342    0.02243     1.3458     80.750      8.548  48414.038    30.8302    10.7972      8.468    6.37435    10.7907    23.5655   11.54590 7.6582e+00 0.0000e+00
        325 235.608345    0.02250     1.3500     81.000      8.768  48418.881    30.8332    10.7943      8.686    6.37463    10.7884    23.5683   11.54634 7.4070e+00 0.0000e+00
        326 235.608348    0.02257     1.3542     81.250      8.998  48423.102    30.8358    10.7918      8.914    6.37487    10.7862    23.5708   11.54671 7.1564e+00 0.0000e+00
        327 235.608351    0.02264     1.3583     81.500      9.239  48427.000    30.8382    10.7895      9.152    6.37509    10.7842    23.5730   11.54704 6.9065e+00 0.0000e+00
        328 235.608354    0.02271     1.3625     81.750      9.486  48430.683    30.8405    10.7873      9.398    6.37529    10.7821    23.5751   11.54735 6.6605e+00 0.0000e+00
        329 235.608356    0.02278     1.3667     82.000      9.734  48434.248    30.8427    10.7853      9.643    6.37549    10.7800    23.5772   11.54765 6.4240e+00 0.0000e+00
        330 235.608359    0.02285     1.3708     82.250      9.974  48437.975    30.8450    10.7833      9.881    6.37567    10.7774    23.5794   11.54792 6.2010e+00 0.0000e+00
        331 235.608362    0.02292     1.3750     82.500     10.206  48442.239    30.8477    10.7812     10.111    6.37585    10.7742    23.5818   11.54820 5.9914e+00 0.0000e+00
        332 235.608365    0.02299     1.3792     82.750     10.431  48447.250    30.8508    10.7786     10.333    6.37608    10.7704    23.5847   11.54854 5.7924e+00 0.0000e+00
        333 235.608368    0.02306     1.3833     83.000     10.652  48453.051    30.8545    10.7754     10.553    6.37637    10.7661    23.5881   11.54897 5.6009e+00 0.0000e+00
        334 235.608371    0.02313     1.3875     83.250     10.877  48459.586    30.8586    10.7717     10.775    6.37672    10.7614    23.5919   11.54951 5.4129e+00 0.0000e+00
        335 235.608374    0.02319     1.3917     83.500     11.109  48466.613    30.8629    10.7674     11.005    6.37714    10.7568    23.5961   11.55014 5.2273e+00 0.0000e+00
        336 235.608377    0.02326     1.3958     83.750     11.349  48473.685    30.8673    10.7628     11.243    6.37759    10.7525    23.6003   11.55085 5.0454e+00 0.0000e+00
        337 235.608380    0.02333     1.4000     84.000     11.593  48480.339    30.8714    10.7582     11.485    6.37806    10.7485    23.6042   11.55157 4.8693e+00 0.0000e+00
        338 235.608383    0.02340     1.4042     84.250     11.836  48486.349    30.8751    10.7539     11.725    6.37850    10.7443    23.6078   11.55225 4.7019e+00 0.0000e+00
        339 235.608385    0.02347     1.4083     84.500     12.072  48491.791    30.8783    10.7499     11.958    6.37892    10.7398    23.6110   11.55291 4.5451e+00 0.0000e+00
        340 235.608388    0.02354     1.4125     84.750     12.298  48496.965    30.8814    10.7457     12.182    6.37937    10.7347    23.6142   11.55362 4.3983e+00 0.0000e+00
        341 235.608391    0.02361     1.4167     85.000     12.516  48502.176    30.8845    10.7412     12.399    6.37987    10.7290    23.6173   11.55441 4.2590e+00 0.0000e+00
        342 235.608394    0.02368     1.4208     85.250     12.730  48507.494    30.8876    10.7361     12.611    6.38044    10.7229    23.6206   11.55533 4.1245e+00 0.0000e+00
        343 235.608397    0.02375     1.4250     85.500     12.944  48512.925    30.8907    10.7305     12.822    6.38109    10.7165    23.6239   11.55636 3.9936e+00 0.0000e+00
        344 235.608400    0.02382     1.4292     85.750     13.160  48518.460    30.8938    10.7244     13.036    6.38180    10.7095    23.6274   11.55750 3.8656e+00 0.0000e+00
        345 235.608403    0.02389     1.4333     86.000     13.381  48523.985    30.8969    10.7180     13.255    6.38256    10.7015    23.6309   11.55873 3.7411e+00 0.0000e+00
        346 235.608406    0.02396     1.4375     86.250     13.606  48529.782    30.9001    10.7110     13.478    6.38339    10.6923    23.6346   11.56007 3.6207e+00 0.0000e+00
        347 235.608409    0.02403     1.4417     86.500     13.835  48536.465    30.9038    10.7031     13.705    6.38434    10.6820    23.6388   11.56160 3.5043e+00 0.0000e+00
        348 235.608411    0.02410     1.4458     86.750     14.067  48544.327    30.9082    10.6939     13.935    6.38543    10.6715    23.6438   11.56336 3.3918e+00 0.0000e+00
        349 235.608414    0.02417     1.4500     87.000     14.300  48553.161    30.9132    10.6836     14.165    6.38664    10.6614    23.6494   11.56531 3.2840e+00 0.0000e+00
        350 235.608417    0.02424     1.4542     87.250     14.533  48562.077    30.9181    10.6731     14.396    6.38789    10.6519    23.6551   11.56732 3.1810e+00 0.0000e+00
        351 235.608420    0.02431     1.4583     87.500     14.764  48570.209    30.9226    10.6631     14.625    6.38910    10.6431    23.6603   11.56927 3.0823e+00 0.0000e+00
        352 235.608423    0.02438     1.4625     87.750     14.993  48577.662    30.9267    10.6536     14.852    6.39024    10.6354    23.6651   11.57111 2.9874e+00 0.0000e+00
        353 235.608426    0.02444     1.4667     88.000     15.221  48585.052    30.9308    10.6449     15.078    6.39128    10.6289    23.6698   11.57279 2.8959e+00 0.0000e+00
        354 235.608429    0.02451     1.4708     88.250     15.447  48592.393    30.9350    10.6371     15.302    6.39218    10.6239    23.6744   11.57423 2.8074e+00 0.0000e+00
        355 235.608432    0.02458     1.4750     88.500     15.672  48598.961    30.9388    10.6307     15.525    6.39291    10.6202    23.6784   11.57540 2.7215e+00 0.0000e+00
        356 235.608435    0.02465     1.4792     88.750     15.896  48604.271    30.9419    10.6257     15.747    6.39348    10.6175    23.6816   11.57631 2.6383e+00 0.0000e+00
        357 235.608438    0.02472     1.4833     89.000     16.120  48608.415    30.9443    10.6220     15.968    6.39390    10.6157    23.6841   11.57697 2.5579e+00 0.0000e+00
        358 235.608440    0.02479     1.4875     89.250     16.343  48611.642    30.9462    10.6193     16.190    6.39419    10.6144    23.6860   11.57743 2.4802e+00 0.0000e+00
        359 235.608443    0.02486     1.4917     89.500     16.566  48614.023    30.9475    10.6175     16.410    6.39439    10.6136    23.6874   11.57774 2.4051e+00 0.0000e+00
        360 235.608446    0.02493     1.4958     89.750     16.787  48615.645    30.9485    10.6163     16.629    6.39452    10.6130    23.6884   11.57795 2.3323e+00 0.0000e+00
        361 235.608449    0.02500     1.5000     90.000     17.008  48616.803    30.9491    10.6155     16.848    6.39461    10.6124    23.6890   11.57808 2.2622e+00 0.0000e+00
