CTD-processing/allCTD/CNV--turbid/2018_06-25_t4_s08_cast135.cnv
* Sea-Bird SBE19plus Data File:
* FileName = C:\Users\Kim.Powell\Desktop\Not Processed\2018\2018_06-XX\2018_06-XX_TRANSECT_STATION_cast135.hex
* Software Version 1.59
* Temperature SN =  5028
* Conductivity SN =  5028
* System UpLoad Time = Jul 05 2018 09:52:23
** 2018_06-25
** Station: 4-08
** Start Time: 12:46
** Depth (m): 30
** Comment:
** Comment:
# nquan = 16
# nvalues = 534                         
# units = specified
# name 0 = scan: Scan Count
# name 1 = timeJ: Julian Days
# name 2 = timeH: Time, Elapsed [hours]
# name 3 = timeM: Time, Elapsed [minutes]
# name 4 = timeS: Time, Elapsed [seconds]
# name 5 = prdM: Pressure, Strain Gauge [db]
# name 6 = specc: Specific Conductance [uS/cm]
# name 7 = sal00: Salinity, Practical [PSU]
# name 8 = tv290C: Temperature [ITS-90, deg C]
# name 9 = depSM: Depth [salt water, m], lat = 59.00
# name 10 = oxsolML/L: Oxygen Saturation, Garcia & Gordon [ml/l]
# name 11 = potemp090C: Potential Temperature [ITS-90, deg C]
# name 12 = sigma-é00: Density [sigma-theta, kg/m^3]
# name 13 = n2satML/L: Nitrogen Saturation [ml/l]
# name 14 = par: PAR/Irradiance, Biospherical/Licor
# name 15 = flag:  0.000e+00
# span 0 =          1,        534       
# span 1 = 176.531354, 176.532896       
# span 2 =    0.00000,    0.03701       
# span 3 =     0.0000,     2.2208       
# span 4 =      0.000,    133.250       
# span 5 =      0.055,     28.980       
# span 6 =  20099.022,  50374.673       
# span 7 =    12.3218,    31.7409       
# span 8 =     7.4956,    10.9850       
# span 9 =      0.055,     28.707       
# span 10 =    6.46815,    7.35679      
# span 11 =     7.4930,    10.9849      
# span 12 =     9.3110,    24.7858      
# span 13 =   11.73660,   13.43064      
# span 14 = 2.9431e-01, 5.0193e+02      
# span 15 = 0.0000e+00, 0.0000e+00      
# interval = seconds: 0.25
# start_time = Jun 25 2018 12:45:09 [Instrument's time stamp, header]
# bad_flag = -9.990e-29
*END*
[from data line 91]
         92 176.531617    0.00632     0.3792     22.750      0.822  44075.214    27.7968    10.8816      0.815    6.48668    10.8906    21.1929   11.76855 1.4727e+02 0.0000e+00
         93 176.531620    0.00639     0.3833     23.000      0.821  44088.500    27.8065    10.8860      0.813    6.48566    10.8953    21.1997   11.76674 1.4985e+02 0.0000e+00
         94 176.531623    0.00646     0.3875     23.250      0.825  44103.824    27.8176    10.8907      0.818    6.48454    10.8993    21.2076   11.76475 1.5147e+02 0.0000e+00
         95 176.531626    0.00653     0.3917     23.500      0.837  44111.979    27.8238    10.8954      0.829    6.48362    10.9020    21.2116   11.76314 1.5193e+02 0.0000e+00
         96 176.531629    0.00660     0.3958     23.750      0.852  44108.425    27.8217    10.8994      0.844    6.48314    10.9032    21.2093   11.76238 1.5155e+02 0.0000e+00
         97 176.531632    0.00667     0.4000     24.000      0.865  44093.774    27.8117    10.9021      0.857    6.48318    10.9032    21.2011   11.76257 1.5180e+02 0.0000e+00
         98 176.531635    0.00674     0.4042     24.250      0.873  44074.962    27.7987    10.9033      0.865    6.48355    10.9022    21.1908   11.76333 1.5261e+02 0.0000e+00
         99 176.531638    0.00681     0.4083     24.500      0.873  44061.865    27.7896    10.9033      0.865    6.48392    10.9002    21.1837   11.76405 1.5236e+02 0.0000e+00
        100 176.531641    0.00688     0.4125     24.750      0.866  44060.298    27.7884    10.9023      0.858    6.48412    10.8985    21.1830   11.76440 1.5086e+02 0.0000e+00
        101 176.531644    0.00694     0.4167     25.000      0.856  44070.240    27.7952    10.9003      0.848    6.48411    10.8980    21.1885   11.76431 1.4929e+02 0.0000e+00
        102 176.531646    0.00701     0.4208     25.250      0.846  44085.964    27.8060    10.8986      0.838    6.48391    10.8992    21.1972   11.76385 1.4814e+02 0.0000e+00
        103 176.531649    0.00708     0.4250     25.500      0.840  44099.714    27.8155    10.8981      0.832    6.48359    10.9017    21.2047   11.76320 1.4715e+02 0.0000e+00
        104 176.531652    0.00715     0.4292     25.750      0.839  44107.303    27.8209    10.8993      0.831    6.48320    10.9049    21.2087   11.76249 1.4685e+02 0.0000e+00
        105 176.531655    0.00722     0.4333     26.000      0.844  44108.347    27.8219    10.9018      0.836    6.48280    10.9080    21.2091   11.76181 1.4770e+02 0.0000e+00
        106 176.531658    0.00729     0.4375     26.250      0.852  44103.552    27.8188    10.9050      0.844    6.48248    10.9103    21.2062   11.76131 1.4932e+02 0.0000e+00
        107 176.531661    0.00736     0.4417     26.500      0.862  44093.121    27.8118    10.9081      0.854    6.48233    10.9114    21.2003   11.76115 1.5147e+02 0.0000e+00
        108 176.531664    0.00743     0.4458     26.750      0.871  44077.917    27.8015    10.9104      0.863    6.48244    10.9116    21.1918   11.76145 1.5342e+02 0.0000e+00
        109 176.531667    0.00750     0.4500     27.000      0.875  44062.066    27.7905    10.9115      0.867    6.48273    10.9115    21.1831   11.76208 1.5405e+02 0.0000e+00
        110 176.531670    0.00757     0.4542     27.250      0.873  44051.130    27.7829    10.9117      0.865    6.48302    10.9116    21.1772   11.76264 1.5340e+02 0.0000e+00
        111 176.531672    0.00764     0.4583     27.500      0.866  44047.315    27.7803    10.9116      0.858    6.48313    10.9117    21.1751   11.76286 1.5218e+02 0.0000e+00
        112 176.531675    0.00771     0.4625     27.750      0.856  44050.251    27.7823    10.9117      0.848    6.48305    10.9122    21.1767   11.76269 1.5108e+02 0.0000e+00
        113 176.531678    0.00778     0.4667     28.000      0.846  44059.296    27.7886    10.9118      0.838    6.48277    10.9135    21.1816   11.76216 1.5044e+02 0.0000e+00
        114 176.531681    0.00785     0.4708     28.250      0.839  44071.692    27.7973    10.9123      0.831    6.48234    10.9155    21.1883   11.76134 1.4981e+02 0.0000e+00
        115 176.531684    0.00792     0.4750     28.500      0.839  44082.343    27.8049    10.9136      0.831    6.48184    10.9175    21.1939   11.76042 1.4917e+02 0.0000e+00
        116 176.531687    0.00799     0.4792     28.750      0.845  44087.094    27.8084    10.9155      0.837    6.48142    10.9188    21.1963   11.75968 1.4909e+02 0.0000e+00
        117 176.531690    0.00806     0.4833     29.000      0.856  44084.180    27.8066    10.9175      0.848    6.48121    10.9191    21.1946   11.75935 1.4938e+02 0.0000e+00
        118 176.531693    0.00813     0.4875     29.250      0.868  44074.559    27.8000    10.9188      0.860    6.48130    10.9192    21.1892   11.75958 1.4973e+02 0.0000e+00
        119 176.531696    0.00819     0.4917     29.500      0.877  44062.810    27.7918    10.9192      0.869    6.48159    10.9197    21.1828   11.76016 1.5037e+02 0.0000e+00
        120 176.531698    0.00826     0.4958     29.750      0.880  44055.079    27.7865    10.9193      0.872    6.48180    10.9210    21.1787   11.76058 1.5082e+02 0.0000e+00
        121 176.531701    0.00833     0.5000     30.000      0.875  44055.685    27.7869    10.9198      0.867    6.48170    10.9229    21.1789   11.76040 1.5110e+02 0.0000e+00
        122 176.531704    0.00840     0.5042     30.250      0.865  44065.925    27.7942    10.9211      0.857    6.48122    10.9252    21.1844   11.75952 1.5225e+02 0.0000e+00
        123 176.531707    0.00847     0.5083     30.500      0.855  44082.654    27.8060    10.9230      0.847    6.48048    10.9278    21.1933   11.75813 1.5382e+02 0.0000e+00
        124 176.531710    0.00854     0.5125     30.750      0.850  44099.520    27.8180    10.9253      0.842    6.47966    10.9302    21.2022   11.75663 1.5495e+02 0.0000e+00
        125 176.531713    0.00861     0.5167     31.000      0.852  44111.334    27.8265    10.9279      0.844    6.47894    10.9319    21.2083   11.75534 1.5601e+02 0.0000e+00
        126 176.531716    0.00868     0.5208     31.250      0.860  44115.428    27.8296    10.9303      0.852    6.47847    10.9324    21.2103   11.75452 1.5680e+02 0.0000e+00
        127 176.531719    0.00875     0.5250     31.500      0.872  44111.016    27.8267    10.9320      0.864    6.47835    10.9318    21.2078   11.75436 1.5674e+02 0.0000e+00
        128 176.531722    0.00882     0.5292     31.750      0.882  44098.325    27.8179    10.9325      0.874    6.47864    10.9302    21.2009   11.75495 1.5593e+02 0.0000e+00
        129 176.531725    0.00889     0.5333     32.000      0.888  44080.227    27.8052    10.9319      0.879    6.47926    10.9280    21.1911   11.75612 1.5459e+02 0.0000e+00
        130 176.531727    0.00896     0.5375     32.250      0.886  44063.278    27.7933    10.9303      0.877    6.47997    10.9254    21.1821   11.75745 1.5264e+02 0.0000e+00
        131 176.531730    0.00903     0.5417     32.500      0.876  44054.680    27.7871    10.9281      0.868    6.48054    10.9229    21.1777   11.75846 1.5044e+02 0.0000e+00
        132 176.531733    0.00910     0.5458     32.750      0.863  44059.368    27.7901    10.9255      0.855    6.48078    10.9211    21.1804   11.75883 1.4943e+02 0.0000e+00
        133 176.531736    0.00917     0.5500     33.000      0.851  44076.107    27.8015    10.9230      0.843    6.48067    10.9207    21.1897   11.75850 1.5044e+02 0.0000e+00
        134 176.531739    0.00924     0.5542     33.250      0.842  44097.009    27.8159    10.9212      0.834    6.48032    10.9218    21.2012   11.75775 1.5294e+02 0.0000e+00
        135 176.531742    0.00931     0.5583     33.500      0.840  44113.663    27.8275    10.9208      0.832    6.47989    10.9238    21.2103   11.75691 1.5575e+02 0.0000e+00
        136 176.531745    0.00937     0.5625     33.750      0.843  44122.038    27.8334    10.9219      0.835    6.47949    10.9257    21.2147   11.75618 1.5814e+02 0.0000e+00
        137 176.531748    0.00944     0.5667     34.000      0.850  44122.155    27.8337    10.9239      0.842    6.47921    10.9268    21.2146   11.75570 1.6059e+02 0.0000e+00
        138 176.531751    0.00951     0.5708     34.250      0.861  44115.109    27.8289    10.9258      0.853    6.47913    10.9263    21.2106   11.75563 1.6307e+02 0.0000e+00
        139 176.531753    0.00958     0.5750     34.500      0.874  44101.163    27.8193    10.9269      0.866    6.47937    10.9236    21.2029   11.75614 1.6511e+02 0.0000e+00
        140 176.531756    0.00965     0.5792     34.750      0.884  44081.940    27.8059    10.9264      0.876    6.47999    10.9181    21.1926   11.75734 1.6609e+02 0.0000e+00
        141 176.531759    0.00972     0.5833     35.000      0.888  44062.880    27.7923    10.9237      0.880    6.48094    10.9095    21.1825   11.75907 1.6493e+02 0.0000e+00
        142 176.531762    0.00979     0.5875     35.250      0.883  44051.782    27.7840    10.9182      0.875    6.48205    10.8990    21.1770   11.76102 1.6142e+02 0.0000e+00
        143 176.531765    0.00986     0.5917     35.500      0.871  44055.356    27.7857    10.9096      0.863    6.48320    10.8897    21.1797   11.76290 1.5694e+02 0.0000e+00
        144 176.531768    0.00993     0.5958     35.750      0.858  44073.823    27.7975    10.8991      0.850    6.48419    10.8845    21.1906   11.76441 1.5347e+02 0.0000e+00
        145 176.531771    0.01000     0.6000     36.000      0.847  44099.024    27.8142    10.8898      0.839    6.48481    10.8839    21.2050   11.76524 1.5150e+02 0.0000e+00
        146 176.531774    0.01007     0.6042     36.250      0.844  44120.239    27.8284    10.8846      0.836    6.48496    10.8868    21.2170   11.76531 1.4982e+02 0.0000e+00
        147 176.531777    0.01014     0.6083     36.500      0.847  44130.776    27.8357    10.8840      0.839    6.48474    10.8912    21.2228   11.76487 1.4778e+02 0.0000e+00
        148 176.531780    0.01021     0.6125     36.750      0.855  44129.153    27.8349    10.8869      0.847    6.48437    10.8952    21.2216   11.76425 1.4596e+02 0.0000e+00
        149 176.531782    0.01028     0.6167     37.000      0.863  44117.084    27.8269    10.8913      0.855    6.48407    10.8979    21.2147   11.76386 1.4507e+02 0.0000e+00
        150 176.531785    0.01035     0.6208     37.250      0.869  44099.262    27.8149    10.8953      0.860    6.48400    10.8989    21.2047   11.76388 1.4464e+02 0.0000e+00
        151 176.531788    0.01042     0.6250     37.500      0.870  44082.522    27.8035    10.8980      0.861    6.48409    10.8978    21.1954   11.76416 1.4384e+02 0.0000e+00
        152 176.531791    0.01049     0.6292     37.750      0.866  44072.258    27.7964    10.8990      0.857    6.48425    10.8955    21.1897   11.76451 1.4287e+02 0.0000e+00
        153 176.531794    0.01056     0.6333     38.000      0.859  44070.929    27.7954    10.8979      0.851    6.48443    10.8933    21.1891   11.76484 1.4258e+02 0.0000e+00
        154 176.531797    0.01063     0.6375     38.250      0.853  44077.381    27.7997    10.8956      0.845    6.48458    10.8919    21.1928   11.76503 1.4412e+02 0.0000e+00
        155 176.531800    0.01069     0.6417     38.500      0.848  44086.825    27.8060    10.8934      0.840    6.48463    10.8912    21.1981   11.76504 1.4793e+02 0.0000e+00
        156 176.531803    0.01076     0.6458     38.750      0.847  44094.289    27.8111    10.8920      0.839    6.48462    10.8911    21.2023   11.76497 1.5254e+02 0.0000e+00
        157 176.531806    0.01083     0.6500     39.000      0.847  44098.070    27.8136    10.8913      0.839    6.48462    10.8916    21.2044   11.76493 1.5594e+02 0.0000e+00
        158 176.531808    0.01090     0.6542     39.250      0.849  44100.502    27.8153    10.8911      0.841    6.48457    10.8931    21.2057   11.76483 1.5784e+02 0.0000e+00
        159 176.531811    0.01097     0.6583     39.500      0.852  44103.808    27.8177    10.8916      0.844    6.48440    10.8956    21.2075   11.76452 1.5936e+02 0.0000e+00
        160 176.531814    0.01104     0.6625     39.750      0.857  44105.987    27.8194    10.8932      0.849    6.48411    10.8980    21.2085   11.76403 1.6136e+02 0.0000e+00
        161 176.531817    0.01111     0.6667     40.000      0.864  44103.325    27.8178    10.8957      0.856    6.48383    10.8988    21.2069   11.76357 1.6276e+02 0.0000e+00
        162 176.531820    0.01118     0.6708     40.250      0.872  44094.024    27.8115    10.8981      0.864    6.48374    10.8967    21.2016   11.76350 1.6235e+02 0.0000e+00
        163 176.531823    0.01125     0.6750     40.500      0.878  44080.095    27.8019    10.8989      0.869    6.48403    10.8904    21.1940   11.76409 1.6114e+02 0.0000e+00
        164 176.531826    0.01132     0.6792     40.750      0.879  44067.639    27.7930    10.8968      0.871    6.48470    10.8794    21.1874   11.76531 1.5966e+02 0.0000e+00
        165 176.531829    0.01139     0.6833     41.000      0.874  44063.947    27.7898    10.8905      0.865    6.48572    10.8659    21.1860   11.76705 1.5693e+02 0.0000e+00
        166 176.531832    0.01146     0.6875     41.250      0.862  44073.902    27.7956    10.8795      0.854    6.48703    10.8543    21.1923   11.76914 1.5423e+02 0.0000e+00
        167 176.531834    0.01153     0.6917     41.500      0.847  44097.089    27.8105    10.8660      0.839    6.48832    10.8486    21.2061   11.77111 1.5455e+02 0.0000e+00
        168 176.531837    0.01160     0.6958     41.750      0.833  44127.270    27.8304    10.8544      0.825    6.48914    10.8502    21.2235   11.77223 1.5714e+02 0.0000e+00
        169 176.531840    0.01167     0.7000     42.000      0.828  44155.041    27.8491    10.8486      0.820    6.48918    10.8582    21.2390   11.77207 1.5894e+02 0.0000e+00
        170 176.531843    0.01174     0.7042     42.250      0.834  44172.137    27.8612    10.8502      0.826    6.48845    10.8697    21.2481   11.77071 1.6000e+02 0.0000e+00
        171 176.531846    0.01181     0.7083     42.500      0.850  44173.765    27.8632    10.8583      0.842    6.48723    10.8807    21.2483   11.76866 1.6245e+02 0.0000e+00
        172 176.531849    0.01188     0.7125     42.750      0.871  44158.473    27.8536    10.8697      0.863    6.48601    10.8886    21.2390   11.76675 1.6652e+02 0.0000e+00
        173 176.531852    0.01194     0.7167     43.000      0.891  44130.697    27.8353    10.8808      0.883    6.48520    10.8917    21.2230   11.76563 1.7052e+02 0.0000e+00
        174 176.531855    0.01201     0.7208     43.250      0.906  44100.582    27.8151    10.8887      0.898    6.48492    10.8890    21.2060   11.76542 1.7335e+02 0.0000e+00
        175 176.531858    0.01208     0.7250     43.500      0.912  44077.751    27.7995    10.8918      0.904    6.48513    10.8811    21.1933   11.76595 1.7556e+02 0.0000e+00
        176 176.531861    0.01215     0.7292     43.750      0.912  44067.249    27.7919    10.8891      0.904    6.48582    10.8703    21.1879   11.76719 1.7729e+02 0.0000e+00
        177 176.531863    0.01222     0.7333     44.000      0.906  44068.919    27.7923    10.8812      0.898    6.48693    10.8602    21.1895   11.76902 1.7686e+02 0.0000e+00
        178 176.531866    0.01229     0.7375     44.250      0.898  44078.808    27.7981    10.8704      0.890    6.48820    10.8531    21.1958   11.77106 1.7316e+02 0.0000e+00
        179 176.531869    0.01236     0.7417     44.500      0.887  44092.583    27.8067    10.8603      0.879    6.48927    10.8501    21.2042   11.77273 1.6700e+02 0.0000e+00
        180 176.531872    0.01243     0.7458     44.750      0.876  44107.980    27.8167    10.8532      0.868    6.48985    10.8512    21.2131   11.77359 1.6025e+02 0.0000e+00
