CTD-processing/allCTD/CNV--turbid/2018_07-18_alongbay_skb11_cast165.cnv
* Sea-Bird SBE19plus Data File:
* FileName = C:\Users\Kim.Powell\Desktop\Not Processed\2018\2018_07-18_AlongBay,T6,T7_5028\2018_07-18_TRANSECT_STATION_cast165.hex
* Software Version 1.59
* Temperature SN =  5028
* Conductivity SN =  5028
* System UpLoad Time = Jul 19 2018 13:38:17
** 2018_07-18
** Station: KB11
** Start Time: 16:18
** Depth (m): 57.3
** Comment: Turbid
** Comment:
# nquan = 16
# nvalues = 607                         
# units = specified
# name 0 = scan: Scan Count
# name 1 = timeJ: Julian Days
# name 2 = timeH: Time, Elapsed [hours]
# name 3 = timeM: Time, Elapsed [minutes]
# name 4 = timeS: Time, Elapsed [seconds]
# name 5 = prdM: Pressure, Strain Gauge [db]
# name 6 = specc: Specific Conductance [uS/cm]
# name 7 = sal00: Salinity, Practical [PSU]
# name 8 = tv290C: Temperature [ITS-90, deg C]
# name 9 = depSM: Depth [salt water, m], lat = 59.00
# name 10 = oxsolML/L: Oxygen Saturation, Garcia & Gordon [ml/l]
# name 11 = potemp090C: Potential Temperature [ITS-90, deg C]
# name 12 = sigma-é00: Density [sigma-theta, kg/m^3]
# name 13 = n2satML/L: Nitrogen Saturation [ml/l]
# name 14 = par: PAR/Irradiance, Biospherical/Licor
# name 15 = flag:  0.000e+00
# span 0 =          1,        607       
# span 1 = 199.679699, 199.681453       
# span 2 =    0.00000,    0.04208       
# span 3 =     0.0000,     2.5250       
# span 4 =      0.000,    151.500       
# span 5 =     -0.018,     52.120       
# span 6 =    403.375,  49993.302       
# span 7 =     0.1925,    31.4987       
# span 8 =     7.7005,    14.0498       
# span 9 =     -0.017,     51.626       
# span 10 =    6.37121,    7.29086      
# span 11 =     7.6957,    14.0499      
# span 12 =    -0.5295,    24.5655      
# span 13 =   11.61733,   13.47559      
# span 14 = 6.4021e-02, 1.5942e+03      
# span 15 = 0.0000e+00, 0.0000e+00      
# interval = seconds: 0.25
# start_time = Jul 18 2018 16:18:46 [Instrument's time stamp, header]
# bad_flag = -9.990e-29
*END*
[from data line 272]
        273 199.680486    0.01889     1.1333     68.000      0.695  39576.828    24.8095    12.4838      0.689    6.38641    12.4837    18.6059   11.63764 7.3464e+02 0.0000e+00
        274 199.680489    0.01896     1.1375     68.250      0.693  39582.877    24.8137    12.4828      0.687    6.38639    12.4853    18.6092   11.63754 7.7779e+02 0.0000e+00
        275 199.680492    0.01903     1.1417     68.500      0.693  39585.877    24.8158    12.4838      0.687    6.38617    12.4867    18.6107   11.63716 8.1385e+02 0.0000e+00
        276 199.680495    0.01910     1.1458     68.750      0.694  39589.102    24.8182    12.4854      0.688    6.38585    12.4878    18.6122   11.63660 8.4852e+02 0.0000e+00
        277 199.680498    0.01917     1.1500     69.000      0.696  39594.517    24.8220    12.4868      0.689    6.38551    12.4890    18.6150   11.63599 8.7921e+02 0.0000e+00
        278 199.680501    0.01924     1.1542     69.250      0.697  39600.499    24.8262    12.4879      0.690    6.38519    12.4907    18.6180   11.63541 8.8965e+02 0.0000e+00
        279 199.680503    0.01931     1.1583     69.500      0.697  39605.059    24.8295    12.4891      0.690    6.38489    12.4927    18.6203   11.63486 8.8937e+02 0.0000e+00
        280 199.680506    0.01938     1.1625     69.750      0.697  39608.185    24.8318    12.4907      0.690    6.38457    12.4954    18.6218   11.63431 8.7815e+02 0.0000e+00
        281 199.680509    0.01944     1.1667     70.000      0.699  39609.728    24.8330    12.4928      0.693    6.38425    12.4988    18.6224   11.63375 8.3411e+02 0.0000e+00
        282 199.680512    0.01951     1.1708     70.250      0.705  39608.901    24.8326    12.4954      0.699    6.38390    12.5028    18.6216   11.63318 7.8076e+02 0.0000e+00
        283 199.680515    0.01958     1.1750     70.500      0.711  39606.305    24.8310    12.4989      0.705    6.38350    12.5073    18.6198   11.63253 7.3541e+02 0.0000e+00
        284 199.680518    0.01965     1.1792     70.750      0.716  39602.932    24.8290    12.5029      0.709    6.38304    12.5121    18.6175   11.63178 7.0371e+02 0.0000e+00
        285 199.680521    0.01972     1.1833     71.000      0.716  39598.264    24.8261    12.5074      0.709    6.38255    12.5173    18.6145   11.63100 6.8942e+02 0.0000e+00
        286 199.680524    0.01979     1.1875     71.250      0.712  39590.545    24.8211    12.5122      0.705    6.38209    12.5229    18.6098   11.63030 6.7401e+02 0.0000e+00
        287 199.680527    0.01986     1.1917     71.500      0.708  39578.361    24.8130    12.5174      0.701    6.38171    12.5288    18.6026   11.62975 6.6172e+02 0.0000e+00
        288 199.680530    0.01993     1.1958     71.750      0.703  39562.052    24.8022    12.5230      0.696    6.38138    12.5350    18.5932   11.62934 6.6325e+02 0.0000e+00
        289 199.680532    0.02000     1.2000     72.000      0.699  39543.472    24.7897    12.5289      0.692    6.38108    12.5413    18.5826   11.62899 6.5931e+02 0.0000e+00
        290 199.680535    0.02007     1.2042     72.250      0.694  39523.074    24.7761    12.5351      0.687    6.38079    12.5480    18.5710   11.62867 6.4008e+02 0.0000e+00
        291 199.680538    0.02014     1.2083     72.500      0.691  39497.615    24.7590    12.5414      0.684    6.38062    12.5553    18.5566   11.62859 6.1848e+02 0.0000e+00
        292 199.680541    0.02021     1.2125     72.750      0.691  39464.770    24.7367    12.5481      0.684    6.38060    12.5630    18.5383   11.62882 5.9163e+02 0.0000e+00
        293 199.680544    0.02028     1.2167     73.000      0.695  39430.507    24.7136    12.5554      0.688    6.38053    12.5703    18.5191   11.62898 5.6454e+02 0.0000e+00
        294 199.680547    0.02035     1.2208     73.250      0.703  39407.745    24.6984    12.5631      0.697    6.38009    12.5766    18.5060   11.62843 5.5347e+02 0.0000e+00
        295 199.680550    0.02042     1.2250     73.500      0.712  39402.470    24.6952    12.5704      0.705    6.37923    12.5817    18.5023   11.62703 5.5544e+02 0.0000e+00
        296 199.680553    0.02049     1.2292     73.750      0.718  39404.161    24.6968    12.5767      0.711    6.37832    12.5858    18.5024   11.62549 5.6066e+02 0.0000e+00
        297 199.680556    0.02056     1.2333     74.000      0.718  39397.194    24.6924    12.5818      0.711    6.37781    12.5891    18.4981   11.62469 5.6868e+02 0.0000e+00
        298 199.680558    0.02063     1.2375     74.250      0.714  39375.493    24.6777    12.5859      0.707    6.37784    12.5921    18.4860   11.62493 5.8794e+02 0.0000e+00
        299 199.680561    0.02069     1.2417     74.500      0.707  39341.652    24.6545    12.5892      0.700    6.37831    12.5954    18.4676   11.62600 6.1235e+02 0.0000e+00
        300 199.680564    0.02076     1.2458     74.750      0.699  39300.505    24.6263    12.5922      0.692    6.37903    12.5996    18.4452   11.62753 6.2949e+02 0.0000e+00
        301 199.680567    0.02083     1.2500     75.000      0.691  39255.284    24.5953    12.5955      0.684    6.37982    12.6047    18.4207   11.62922 6.4281e+02 0.0000e+00
        302 199.680570    0.02090     1.2542     75.250      0.686  39206.433    24.5619    12.5997      0.679    6.38060    12.6105    18.3942   11.63092 6.4919e+02 0.0000e+00
        303 199.680573    0.02097     1.2583     75.500      0.687  39154.472    24.5264    12.6048      0.680    6.38133    12.6165    18.3658   11.63255 6.4748e+02 0.0000e+00
        304 199.680576    0.02104     1.2625     75.750      0.695  39103.395    24.4915    12.6106      0.688    6.38194    12.6222    18.3379   11.63398 6.5391e+02 0.0000e+00
        305 199.680579    0.02111     1.2667     76.000      0.707  39061.276    24.4628    12.6166      0.700    6.38227    12.6273    18.3147   11.63488 6.7499e+02 0.0000e+00
        306 199.680582    0.02118     1.2708     76.250      0.718  39035.382    24.4453    12.6223      0.711    6.38219    12.6319    18.3002   11.63496 6.9600e+02 0.0000e+00
        307 199.680584    0.02125     1.2750     76.500      0.724  39016.580    24.4327    12.6274      0.717    6.38201    12.6365    18.2896   11.63480 7.0492e+02 0.0000e+00
        308 199.680587    0.02132     1.2792     76.750      0.722  38972.621    24.4027    12.6320      0.715    6.38258    12.6416    18.2656   11.63612 7.0517e+02 0.0000e+00
        309 199.680590    0.02139     1.2833     77.000      0.713  38890.824    24.3466    12.6366      0.706    6.38420    12.6472    18.2214   11.63950 6.9593e+02 0.0000e+00
        310 199.680593    0.02146     1.2875     77.250      0.701  38803.013    24.2864    12.6417      0.695    6.38592    12.6527    18.1740   11.64308 6.6986e+02 0.0000e+00
        311 199.680596    0.02153     1.2917     77.500      0.693  38737.163    24.2413    12.6473      0.686    6.38696    12.6572    18.1382   11.64535 6.3814e+02 0.0000e+00
        312 199.680599    0.02160     1.2958     77.750      0.691  38694.081    24.2120    12.6527      0.685    6.38739    12.6606    18.1146   11.64643 6.1865e+02 0.0000e+00
        313 199.680602    0.02167     1.3000     78.000      0.697  38666.972    24.1936    12.6573      0.690    6.38751    12.6630    18.0996   11.64685 6.1095e+02 0.0000e+00
        314 199.680605    0.02174     1.3042     78.250      0.706  38649.402    24.1817    12.6607      0.699    6.38753    12.6647    18.0898   11.64701 6.1725e+02 0.0000e+00
        315 199.680608    0.02181     1.3083     78.500      0.716  38636.364    24.1729    12.6631      0.709    6.38755    12.6661    18.0826   11.64716 6.3080e+02 0.0000e+00
        316 199.680611    0.02187     1.3125     78.750      0.722  38625.702    24.1657    12.6648      0.716    6.38761    12.6672    18.0767   11.64734 6.2337e+02 0.0000e+00
        317 199.680613    0.02194     1.3167     79.000      0.725  38617.601    24.1602    12.6662      0.718    6.38764    12.6681    18.0722   11.64746 5.9857e+02 0.0000e+00
        318 199.680616    0.02201     1.3208     79.250      0.725  38612.385    24.1566    12.6673      0.718    6.38763    12.6687    18.0693   11.64749 5.9337e+02 0.0000e+00
        319 199.680619    0.02208     1.3250     79.500      0.723  38609.307    24.1546    12.6682      0.716    6.38759    12.6691    18.0675   11.64745 6.1642e+02 0.0000e+00
        320 199.680622    0.02215     1.3292     79.750      0.720  38607.419    24.1533    12.6688      0.713    6.38756    12.6695    18.0664   11.64741 6.5409e+02 0.0000e+00
        321 199.680625    0.02222     1.3333     80.000      0.716  38606.509    24.1527    12.6692      0.709    6.38752    12.6697    18.0659   11.64736 6.9539e+02 0.0000e+00
        322 199.680628    0.02229     1.3375     80.250      0.712  38606.834    24.1530    12.6695      0.706    6.38747    12.6698    18.0661   11.64727 7.1220e+02 0.0000e+00
        323 199.680631    0.02236     1.3417     80.500      0.709  38608.449    24.1541    12.6697      0.703    6.38740    12.6697    18.0669   11.64713 7.0004e+02 0.0000e+00
        324 199.680634    0.02243     1.3458     80.750      0.709  38611.236    24.1560    12.6698      0.703    6.38731    12.6694    18.0684   11.64696 6.8291e+02 0.0000e+00
        325 199.680637    0.02250     1.3500     81.000      0.712  38615.320    24.1588    12.6698      0.706    6.38721    12.6689    18.0705   11.64676 6.7177e+02 0.0000e+00
        326 199.680639    0.02257     1.3542     81.250      0.717  38621.148    24.1628    12.6695      0.711    6.38708    12.6682    18.0737   11.64650 6.7352e+02 0.0000e+00
        327 199.680642    0.02264     1.3583     81.500      0.722  38629.326    24.1684    12.6690      0.715    6.38692    12.6670    18.0781   11.64617 6.8418e+02 0.0000e+00
        328 199.680645    0.02271     1.3625     81.750      0.725  38640.620    24.1762    12.6683      0.719    6.38672    12.6654    18.0842   11.64573 6.9490e+02 0.0000e+00
        329 199.680648    0.02278     1.3667     82.000      0.727  38656.675    24.1872    12.6671      0.720    6.38643    12.6631    18.0929   11.64511 6.9661e+02 0.0000e+00
        330 199.680651    0.02285     1.3708     82.250      0.728  38679.708    24.2030    12.6655      0.721    6.38602    12.6600    18.1053   11.64425 6.8774e+02 0.0000e+00
        331 199.680654    0.02292     1.3750     82.500      0.727  38708.019    24.2223    12.6632      0.720    6.38557    12.6565    18.1207   11.64326 6.7903e+02 0.0000e+00
        332 199.680657    0.02299     1.3792     82.750      0.724  38735.510    24.2411    12.6601      0.718    6.38524    12.6533    18.1357   11.64248 6.7551e+02 0.0000e+00
        333 199.680660    0.02306     1.3833     83.000      0.719  38757.225    24.2558    12.6566      0.713    6.38511    12.6508    18.1477   11.64210 6.7940e+02 0.0000e+00
        334 199.680663    0.02313     1.3875     83.250      0.710  38770.310    24.2646    12.6534      0.704    6.38520    12.6493    18.1551   11.64214 6.8366e+02 0.0000e+00
        335 199.680666    0.02319     1.3917     83.500      0.701  38774.750    24.2675    12.6509      0.695    6.38542    12.6487    18.1578   11.64248 6.7096e+02 0.0000e+00
        336 199.680668    0.02326     1.3958     83.750      0.693  38774.982    24.2676    12.6494      0.687    6.38562    12.6484    18.1581   11.64281 6.4550e+02 0.0000e+00
        337 199.680671    0.02333     1.4000     84.000      0.691  38777.598    24.2693    12.6488      0.685    6.38563    12.6479    18.1596   11.64281 6.3170e+02 0.0000e+00
        338 199.680674    0.02340     1.4042     84.250      0.697  38786.701    24.2756    12.6485      0.691    6.38542    12.6469    18.1645   11.64238 6.2771e+02 0.0000e+00
        339 199.680677    0.02347     1.4083     84.500      0.709  38800.282    24.2849    12.6480      0.703    6.38512    12.6455    18.1718   11.64176 6.1543e+02 0.0000e+00
        340 199.680680    0.02354     1.4125     84.750      0.723  38813.150    24.2937    12.6469      0.717    6.38491    12.6442    18.1787   11.64131 6.0095e+02 0.0000e+00
        341 199.680683    0.02361     1.4167     85.000      0.733  38822.243    24.2999    12.6456      0.727    6.38484    12.6434    18.1837   11.64113 5.9263e+02 0.0000e+00
        342 199.680686    0.02368     1.4208     85.250      0.734  38826.179    24.3025    12.6443      0.728    6.38491    12.6431    18.1860   11.64121 5.8317e+02 0.0000e+00
        343 199.680689    0.02375     1.4250     85.500      0.725  38824.398    24.3012    12.6434      0.719    6.38508    12.6434    18.1852   11.64151 5.6742e+02 0.0000e+00
        344 199.680692    0.02382     1.4292     85.750      0.712  38819.142    24.2975    12.6431      0.705    6.38526    12.6439    18.1824   11.64186 5.4839e+02 0.0000e+00
        345 199.680694    0.02389     1.4333     86.000      0.700  38815.103    24.2948    12.6434      0.693    6.38534    12.6440    18.1802   11.64201 5.4030e+02 0.0000e+00
        346 199.680697    0.02396     1.4375     86.250      0.694  38816.189    24.2956    12.6439      0.688    6.38524    12.6437    18.1807   11.64184 5.4384e+02 0.0000e+00
        347 199.680700    0.02403     1.4417     86.500      0.695  38821.874    24.2995    12.6441      0.689    6.38506    12.6429    18.1837   11.64149 5.4038e+02 0.0000e+00
        348 199.680703    0.02410     1.4458     86.750      0.701  38828.605    24.3041    12.6437      0.694    6.38493    12.6421    18.1873   11.64121 5.3472e+02 0.0000e+00
        349 199.680706    0.02417     1.4500     87.000      0.708  38834.157    24.3079    12.6430      0.701    6.38488    12.6414    18.1904   11.64108 5.3193e+02 0.0000e+00
        350 199.680709    0.02424     1.4542     87.250      0.714  38837.906    24.3104    12.6421      0.707    6.38489    12.6409    18.1925   11.64107 5.2386e+02 0.0000e+00
        351 199.680712    0.02431     1.4583     87.500      0.718  38840.458    24.3121    12.6414      0.711    6.38491    12.6405    18.1940   11.64110 5.1874e+02 0.0000e+00
        352 199.680715    0.02438     1.4625     87.750      0.719  38843.196    24.3140    12.6409      0.712    6.38491    12.6401    18.1955   11.64107 5.2020e+02 0.0000e+00
        353 199.680718    0.02444     1.4667     88.000      0.718  38846.640    24.3163    12.6405      0.711    6.38487    12.6398    18.1974   11.64098 5.1981e+02 0.0000e+00
        354 199.680720    0.02451     1.4708     88.250      0.714  38850.430    24.3189    12.6402      0.707    6.38482    12.6395    18.1994   11.64085 5.1551e+02 0.0000e+00
        355 199.680723    0.02458     1.4750     88.500      0.709  38853.684    24.3212    12.6398      0.702    6.38477    12.6393    18.2012   11.64075 5.0917e+02 0.0000e+00
        356 199.680726    0.02465     1.4792     88.750      0.704  38855.617    24.3225    12.6396      0.697    6.38476    12.6392    18.2023   11.64071 5.0555e+02 0.0000e+00
        357 199.680729    0.02472     1.4833     89.000      0.700  38856.690    24.3232    12.6394      0.693    6.38475    12.6392    18.2029   11.64069 5.0563e+02 0.0000e+00
        358 199.680732    0.02479     1.4875     89.250      0.698  38857.861    24.3240    12.6393      0.692    6.38473    12.6391    18.2035   11.64065 5.0067e+02 0.0000e+00
        359 199.680735    0.02486     1.4917     89.500      0.699  38859.426    24.3251    12.6393      0.693    6.38469    12.6389    18.2043   11.64057 4.9562e+02 0.0000e+00
        360 199.680738    0.02493     1.4958     89.750      0.700  38861.116    24.3263    12.6392      0.694    6.38466    12.6388    18.2052   11.64051 4.9497e+02 0.0000e+00
        361 199.680741    0.02500     1.5000     90.000      0.701  38861.963    24.3268    12.6390      0.695    6.38466    12.6388    18.2057   11.64050 4.9590e+02 0.0000e+00
