CTD-processing/allCTD/CNV--turbid/2018_10-17_alongbay_skb09_cast056.cnv
* Sea-Bird SBE19plus Data File:
* FileName = C:\Users\Kim.Powell\Desktop\Not Processed\2018\2018_10-17_AlongBay, T9_5028\2018_10-17_TRANSECT_STATION_cast056.hex
* Software Version 1.59
* Temperature SN =  5028
* Conductivity SN =  5028
* System UpLoad Time = Oct 25 2018 16:56:59
** 2018_10-17
** Station: KB09
** Start Time: 11:27
** Depth (m): 70
** Comment:
** Comment:
# nquan = 16
# nvalues = 582                         
# units = specified
# name 0 = scan: Scan Count
# name 1 = timeJ: Julian Days
# name 2 = timeH: Time, Elapsed [hours]
# name 3 = timeM: Time, Elapsed [minutes]
# name 4 = timeS: Time, Elapsed [seconds]
# name 5 = prdM: Pressure, Strain Gauge [db]
# name 6 = specc: Specific Conductance [uS/cm]
# name 7 = sal00: Salinity, Practical [PSU]
# name 8 = tv290C: Temperature [ITS-90, deg C]
# name 9 = depSM: Depth [salt water, m], lat = 59.00
# name 10 = oxsolML/L: Oxygen Saturation, Garcia & Gordon [ml/l]
# name 11 = potemp090C: Potential Temperature [ITS-90, deg C]
# name 12 = sigma-é00: Density [sigma-theta, kg/m^3]
# name 13 = n2satML/L: Nitrogen Saturation [ml/l]
# name 14 = par: PAR/Irradiance, Biospherical/Licor
# name 15 = flag:  0.000e+00
# span 0 =          1,        582       
# span 1 = 290.477697, 290.479378       
# span 2 =    0.00000,    0.04035       
# span 3 =     0.0000,     2.4208       
# span 4 =      0.000,    145.250       
# span 5 =     -0.170,     66.396       
# span 6 =   3861.135,  48742.472       
# span 7 =     2.2971,    30.8588       
# span 8 =     7.4862,     9.6076       
# span 9 =     -0.169,     65.764       
# span 10 =    6.56773,    8.27553      
# span 11 =     7.5246,     9.6068      
# span 12 =     1.6839,    23.8242      
# span 13 =   11.86832,   15.11174      
# span 14 = 4.5298e-02, 1.8908e+02      
# span 15 = 0.0000e+00, 0.0000e+00      
# interval = seconds: 0.25
# start_time = Oct 17 2018 11:27:53 [Instrument's time stamp, header]
# bad_flag = -9.990e-29
*END*
[from data line 91]
         92 290.477960    0.00632     0.3792     22.750      0.435  39646.023    24.4790     8.3324      0.431    7.01432     8.3235    18.9827   12.68653 1.0333e+02 0.0000e+00
         93 290.477963    0.00639     0.3833     23.000      0.434  39623.094    24.4630     8.3285      0.430    7.01567     8.3175    18.9707   12.68899 1.0369e+02 0.0000e+00
         94 290.477966    0.00646     0.3875     23.250      0.433  39606.277    24.4510     8.3236      0.428    7.01701     8.3107    18.9619   12.69136 1.0396e+02 0.0000e+00
         95 290.477969    0.00653     0.3917     23.500      0.431  39599.081    24.4455     8.3176      0.427    7.01822     8.3035    18.9583   12.69345 1.0404e+02 0.0000e+00
         96 290.477972    0.00660     0.3958     23.750      0.431  39599.140    24.4447     8.3108      0.427    7.01935     8.2958    18.9586   12.69533 1.0402e+02 0.0000e+00
         97 290.477975    0.00667     0.4000     24.000      0.432  39599.786    24.4443     8.3036      0.428    7.02053     8.2871    18.9593   12.69730 1.0396e+02 0.0000e+00
         98 290.477977    0.00674     0.4042     24.250      0.432  39595.643    24.4407     8.2959      0.428    7.02194     8.2766    18.9574   12.69969 1.0389e+02 0.0000e+00
         99 290.477980    0.00681     0.4083     24.500      0.432  39588.073    24.4345     8.2871      0.428    7.02363     8.2645    18.9537   12.70257 1.0387e+02 0.0000e+00
        100 290.477983    0.00688     0.4125     24.750      0.431  39582.716    24.4297     8.2766      0.427    7.02554     8.2515    18.9513   12.70581 1.0395e+02 0.0000e+00
        101 290.477986    0.00694     0.4167     25.000      0.430  39582.702    24.4283     8.2645      0.426    7.02756     8.2384    18.9518   12.70919 1.0414e+02 0.0000e+00
        102 290.477989    0.00701     0.4208     25.250      0.430  39587.337    24.4300     8.2515      0.426    7.02957     8.2254    18.9547   12.71252 1.0434e+02 0.0000e+00
        103 290.477992    0.00708     0.4250     25.500      0.429  39595.205    24.4339     8.2384      0.425    7.03151     8.2125    18.9594   12.71568 1.0446e+02 0.0000e+00
        104 290.477995    0.00715     0.4292     25.750      0.428  39605.754    24.4395     8.2254      0.424    7.03335     8.1999    18.9655   12.71867 1.0457e+02 0.0000e+00
        105 290.477998    0.00722     0.4333     26.000      0.427  39618.774    24.4469     8.2125      0.423    7.03510     8.1881    18.9729   12.72148 1.0460e+02 0.0000e+00
        106 290.478001    0.00729     0.4375     26.250      0.426  39633.612    24.4555     8.1999      0.422    7.03675     8.1777    18.9813   12.72410 1.0443e+02 0.0000e+00
        107 290.478003    0.00736     0.4417     26.500      0.427  39648.814    24.4645     8.1881      0.423    7.03824     8.1688    18.9898   12.72646 1.0410e+02 0.0000e+00
        108 290.478006    0.00743     0.4458     26.750      0.429  39663.154    24.4730     8.1777      0.425    7.03953     8.1611    18.9978   12.72850 1.0377e+02 0.0000e+00
        109 290.478009    0.00750     0.4500     27.000      0.431  39677.493    24.4817     8.1689      0.427    7.04057     8.1538    19.0057   12.73011 1.0363e+02 0.0000e+00
        110 290.478012    0.00757     0.4542     27.250      0.433  39694.229    24.4922     8.1612      0.429    7.04133     8.1460    19.0149   12.73125 1.0360e+02 0.0000e+00
        111 290.478015    0.00764     0.4583     27.500      0.433  39714.338    24.5050     8.1538      0.429    7.04194     8.1378    19.0258   12.73208 1.0360e+02 0.0000e+00
        112 290.478018    0.00771     0.4625     27.750      0.433  39735.632    24.5185     8.1461      0.429    7.04257     8.1293    19.0374   12.73296 1.0370e+02 0.0000e+00
        113 290.478021    0.00778     0.4667     28.000      0.432  39754.818    24.5306     8.1378      0.428    7.04336     8.1211    19.0479   12.73411 1.0381e+02 0.0000e+00
        114 290.478024    0.00785     0.4708     28.250      0.431  39770.591    24.5403     8.1293      0.427    7.04429     8.1139    19.0566   12.73554 1.0398e+02 0.0000e+00
        115 290.478027    0.00792     0.4750     28.500      0.430  39783.058    24.5478     8.1211      0.426    7.04527     8.1080    19.0635   12.73707 1.0412e+02 0.0000e+00
        116 290.478030    0.00799     0.4792     28.750      0.430  39792.290    24.5532     8.1139      0.426    7.04619     8.1033    19.0686   12.73853 1.0406e+02 0.0000e+00
        117 290.478032    0.00806     0.4833     29.000      0.430  39798.719    24.5569     8.1080      0.426    7.04698     8.0993    19.0723   12.73979 1.0409e+02 0.0000e+00
        118 290.478035    0.00813     0.4875     29.250      0.429  39803.227    24.5594     8.1033      0.425    7.04763     8.0956    19.0748   12.74083 1.0425e+02 0.0000e+00
        119 290.478038    0.00819     0.4917     29.500      0.429  39806.442    24.5611     8.0994      0.425    7.04820     8.0918    19.0767   12.74175 1.0431e+02 0.0000e+00
        120 290.478041    0.00826     0.4958     29.750      0.429  39808.524    24.5621     8.0956      0.425    7.04876     8.0879    19.0779   12.74268 1.0430e+02 0.0000e+00
        121 290.478044    0.00833     0.5000     30.000      0.430  39809.704    24.5624     8.0918      0.426    7.04936     8.0843    19.0787   12.74367 1.0428e+02 0.0000e+00
        122 290.478047    0.00840     0.5042     30.250      0.431  39810.242    24.5624     8.0880      0.427    7.04998     8.0809    19.0791   12.74471 1.0429e+02 0.0000e+00
        123 290.478050    0.00847     0.5083     30.500      0.432  39809.713    24.5616     8.0843      0.428    7.05062     8.0778    19.0790   12.74577 1.0434e+02 0.0000e+00
        124 290.478053    0.00854     0.5125     30.750      0.433  39807.113    24.5594     8.0809      0.429    7.05127     8.0749    19.0777   12.74688 1.0439e+02 0.0000e+00
        125 290.478056    0.00861     0.5167     31.000      0.433  39801.696    24.5554     8.0778      0.429    7.05195     8.0722    19.0749   12.74807 1.0443e+02 0.0000e+00
        126 290.478058    0.00868     0.5208     31.250      0.432  39793.884    24.5498     8.0749      0.428    7.05268     8.0697    19.0709   12.74935 1.0445e+02 0.0000e+00
        127 290.478061    0.00875     0.5250     31.500      0.431  39785.305    24.5436     8.0722      0.427    7.05340     8.0676    19.0664   12.75063 1.0452e+02 0.0000e+00
        128 290.478064    0.00882     0.5292     31.750      0.429  39777.645    24.5381     8.0697      0.425    7.05405     8.0659    19.0624   12.75179 1.0461e+02 0.0000e+00
        129 290.478067    0.00889     0.5333     32.000      0.428  39771.849    24.5340     8.0676      0.424    7.05459     8.0646    19.0594   12.75274 1.0467e+02 0.0000e+00
        130 290.478070    0.00896     0.5375     32.250      0.429  39767.867    24.5311     8.0659      0.425    7.05500     8.0638    19.0574   12.75345 1.0473e+02 0.0000e+00
        131 290.478073    0.00903     0.5417     32.500      0.430  39764.895    24.5289     8.0646      0.426    7.05530     8.0632    19.0559   12.75398 1.0473e+02 0.0000e+00
        132 290.478076    0.00910     0.5458     32.750      0.431  39762.035    24.5268     8.0638      0.427    7.05553     8.0628    19.0544   12.75439 1.0463e+02 0.0000e+00
        133 290.478079    0.00917     0.5500     33.000      0.432  39758.737    24.5245     8.0633      0.428    7.05572     8.0623    19.0527   12.75474 1.0448e+02 0.0000e+00
        134 290.478082    0.00924     0.5542     33.250      0.433  39754.948    24.5219     8.0629      0.429    7.05591     8.0618    19.0507   12.75509 1.0437e+02 0.0000e+00
        135 290.478084    0.00931     0.5583     33.500      0.432  39751.019    24.5192     8.0624      0.428    7.05611     8.0611    19.0486   12.75546 1.0441e+02 0.0000e+00
        136 290.478087    0.00937     0.5625     33.750      0.432  39747.484    24.5168     8.0618      0.428    7.05632     8.0605    19.0467   12.75583 1.0452e+02 0.0000e+00
        137 290.478090    0.00944     0.5667     34.000      0.431  39744.783    24.5149     8.0612      0.427    7.05651     8.0599    19.0453   12.75617 1.0457e+02 0.0000e+00
        138 290.478093    0.00951     0.5708     34.250      0.431  39743.023    24.5136     8.0606      0.427    7.05667     8.0595    19.0444   12.75646 1.0453e+02 0.0000e+00
        139 290.478096    0.00958     0.5750     34.500      0.430  39741.905    24.5128     8.0600      0.426    7.05680     8.0593    19.0438   12.75668 1.0442e+02 0.0000e+00
        140 290.478099    0.00965     0.5792     34.750      0.430  39740.916    24.5121     8.0596      0.426    7.05690     8.0592    19.0433   12.75685 1.0424e+02 0.0000e+00
        141 290.478102    0.00972     0.5833     35.000      0.430  39739.625    24.5112     8.0594      0.426    7.05698     8.0592    19.0427   12.75699 1.0416e+02 0.0000e+00
        142 290.478105    0.00979     0.5875     35.250      0.430  39737.782    24.5099     8.0593      0.426    7.05705     8.0591    19.0417   12.75713 1.0426e+02 0.0000e+00
        143 290.478108    0.00986     0.5917     35.500      0.431  39735.499    24.5083     8.0592      0.427    7.05713     8.0591    19.0405   12.75728 1.0440e+02 0.0000e+00
        144 290.478111    0.00993     0.5958     35.750      0.431  39733.384    24.5069     8.0592      0.427    7.05720     8.0590    19.0393   12.75742 1.0455e+02 0.0000e+00
        145 290.478113    0.01000     0.6000     36.000      0.431  39732.124    24.5061     8.0591      0.427    7.05725     8.0591    19.0387   12.75751 1.0469e+02 0.0000e+00
        146 290.478116    0.01007     0.6042     36.250      0.432  39731.780    24.5058     8.0591      0.428    7.05727     8.0592    19.0385   12.75754 1.0473e+02 0.0000e+00
        147 290.478119    0.01014     0.6083     36.500      0.432  39731.652    24.5058     8.0591      0.428    7.05727     8.0595    19.0384   12.75754 1.0461e+02 0.0000e+00
        148 290.478122    0.01021     0.6125     36.750      0.432  39730.893    24.5053     8.0593      0.428    7.05727     8.0597    19.0380   12.75754 1.0449e+02 0.0000e+00
        149 290.478125    0.01028     0.6167     37.000      0.431  39729.239    24.5042     8.0595      0.427    7.05728     8.0600    19.0371   12.75758 1.0461e+02 0.0000e+00
        150 290.478128    0.01035     0.6208     37.250      0.430  39727.197    24.5028     8.0598      0.426    7.05730     8.0602    19.0360   12.75763 1.0485e+02 0.0000e+00
        151 290.478131    0.01042     0.6250     37.500      0.428  39725.648    24.5017     8.0600      0.424    7.05730     8.0604    19.0352   12.75766 1.0509e+02 0.0000e+00
        152 290.478134    0.01049     0.6292     37.750      0.427  39725.232    24.5015     8.0602      0.423    7.05728     8.0607    19.0350   12.75763 1.0525e+02 0.0000e+00
        153 290.478137    0.01056     0.6333     38.000      0.427  39726.149    24.5021     8.0604      0.423    7.05722     8.0611    19.0355   12.75751 1.0519e+02 0.0000e+00
        154 290.478139    0.01063     0.6375     38.250      0.427  39728.226    24.5036     8.0607      0.423    7.05711     8.0616    19.0366   12.75730 1.0503e+02 0.0000e+00
        155 290.478142    0.01069     0.6417     38.500      0.428  39730.805    24.5054     8.0611      0.424    7.05696     8.0622    19.0379   12.75704 1.0495e+02 0.0000e+00
        156 290.478145    0.01076     0.6458     38.750      0.429  39732.894    24.5069     8.0616      0.425    7.05681     8.0628    19.0390   12.75677 1.0496e+02 0.0000e+00
        157 290.478148    0.01083     0.6500     39.000      0.429  39733.458    24.5073     8.0622      0.425    7.05669     8.0634    19.0393   12.75657 1.0496e+02 0.0000e+00
        158 290.478151    0.01090     0.6542     39.250      0.430  39731.948    24.5064     8.0628      0.426    7.05663     8.0639    19.0385   12.75648 1.0490e+02 0.0000e+00
        159 290.478154    0.01097     0.6583     39.500      0.430  39729.119    24.5045     8.0634      0.426    7.05662     8.0644    19.0370   12.75648 1.0484e+02 0.0000e+00
        160 290.478157    0.01104     0.6625     39.750      0.430  39726.875    24.5031     8.0640      0.426    7.05660     8.0648    19.0358   12.75647 1.0480e+02 0.0000e+00
        161 290.478160    0.01111     0.6667     40.000      0.430  39726.995    24.5032     8.0644      0.426    7.05652     8.0652    19.0358   12.75634 1.0483e+02 0.0000e+00
        162 290.478163    0.01118     0.6708     40.250      0.430  39730.232    24.5054     8.0648      0.426    7.05635     8.0657    19.0375   12.75603 1.0490e+02 0.0000e+00
        163 290.478166    0.01125     0.6750     40.500      0.430  39736.212    24.5095     8.0652      0.426    7.05609     8.0662    19.0406   12.75555 1.0494e+02 0.0000e+00
        164 290.478168    0.01132     0.6792     40.750      0.431  39743.801    24.5147     8.0657      0.427    7.05578     8.0669    19.0446   12.75496 1.0502e+02 0.0000e+00
        165 290.478171    0.01139     0.6833     41.000      0.431  39751.616    24.5201     8.0663      0.427    7.05544     8.0676    19.0488   12.75433 1.0515e+02 0.0000e+00
        166 290.478174    0.01146     0.6875     41.250      0.432  39758.092    24.5246     8.0669      0.428    7.05513     8.0684    19.0522   12.75375 1.0524e+02 0.0000e+00
        167 290.478177    0.01153     0.6917     41.500      0.432  39761.668    24.5271     8.0677      0.428    7.05489     8.0691    19.0540   12.75332 1.0523e+02 0.0000e+00
        168 290.478180    0.01160     0.6958     41.750      0.431  39761.965    24.5274     8.0684      0.427    7.05475     8.0698    19.0542   12.75309 1.0513e+02 0.0000e+00
        169 290.478183    0.01167     0.7000     42.000      0.430  39760.459    24.5265     8.0692      0.426    7.05468     8.0705    19.0533   12.75298 1.0507e+02 0.0000e+00
        170 290.478186    0.01174     0.7042     42.250      0.429  39759.543    24.5259     8.0698      0.425    7.05459     8.0711    19.0528   12.75284 1.0508e+02 0.0000e+00
        171 290.478189    0.01181     0.7083     42.500      0.428  39761.281    24.5272     8.0705      0.424    7.05443     8.0719    19.0537   12.75256 1.0507e+02 0.0000e+00
        172 290.478192    0.01188     0.7125     42.750      0.428  39766.196    24.5306     8.0712      0.424    7.05417     8.0727    19.0563   12.75207 1.0500e+02 0.0000e+00
        173 290.478194    0.01194     0.7167     43.000      0.428  39772.264    24.5348     8.0719      0.424    7.05386     8.0737    19.0595   12.75150 1.0496e+02 0.0000e+00
        174 290.478197    0.01201     0.7208     43.250      0.429  39775.723    24.5372     8.0727      0.425    7.05361     8.0747    19.0613   12.75106 1.0502e+02 0.0000e+00
        175 290.478200    0.01208     0.7250     43.500      0.430  39773.789    24.5360     8.0737      0.426    7.05351     8.0756    19.0603   12.75090 1.0514e+02 0.0000e+00
        176 290.478203    0.01215     0.7292     43.750      0.431  39766.896    24.5314     8.0747      0.427    7.05355     8.0763    19.0566   12.75104 1.0529e+02 0.0000e+00
        177 290.478206    0.01222     0.7333     44.000      0.430  39758.554    24.5259     8.0756      0.426    7.05366     8.0769    19.0521   12.75129 1.0551e+02 0.0000e+00
        178 290.478209    0.01229     0.7375     44.250      0.429  39752.894    24.5222     8.0764      0.425    7.05371     8.0774    19.0491   12.75143 1.0576e+02 0.0000e+00
        179 290.478212    0.01236     0.7417     44.500      0.429  39752.026    24.5216     8.0770      0.425    7.05364     8.0781    19.0486   12.75132 1.0592e+02 0.0000e+00
        180 290.478215    0.01243     0.7458     44.750      0.429  39755.114    24.5238     8.0775      0.425    7.05345     8.0788    19.0502   12.75098 1.0596e+02 0.0000e+00
