CTD-processing/allCTD/CNV--turbid/2018_03-27_alongbay_skb05_cast038.cnv
* Sea-Bird SBE19plus Data File:
* FileName = P:\My Documents\kasitsna\Research-KBL\Oceanography-AK\CTD-Data-ALL-to-2017-02\2018-CTD-KachemakBay-CookInlet\2018-03-27-CookInlet-AlongBay\2018-03-27-CookInlet-AlongBay-cast038.hex
* Software Version 1.59
* Temperature SN =  5028
* Conductivity SN =  5028
* System UpLoad Time = Mar 28 2018 11:52:12
** Cook Inlet LTM Along-Bay (T7-22 to KB12)
** Date: 2018_03-27
** Station: (eg. 9-01): KB05
** Start time (AKDT): 15:04
** Depth (m): 174.3
** Comment:  Extended to T7-22 due to calm seas.
** Comment:
# nquan = 16
# nvalues = 1129                        
# units = specified
# name 0 = scan: Scan Count
# name 1 = timeJ: Julian Days
# name 2 = timeH: Time, Elapsed [hours]
# name 3 = timeM: Time, Elapsed [minutes]
# name 4 = timeS: Time, Elapsed [seconds]
# name 5 = prdM: Pressure, Strain Gauge [db]
# name 6 = specc: Specific Conductance [uS/cm]
# name 7 = sal00: Salinity, Practical [PSU]
# name 8 = tv290C: Temperature [ITS-90, deg C]
# name 9 = depSM: Depth [salt water, m], lat = 59.00
# name 10 = oxsolML/L: Oxygen Saturation, Garcia & Gordon [ml/l]
# name 11 = potemp090C: Potential Temperature [ITS-90, deg C]
# name 12 = sigma-é00: Density [sigma-theta, kg/m^3]
# name 13 = n2satML/L: Nitrogen Saturation [ml/l]
# name 14 = par: PAR/Irradiance, Biospherical/Licor
# name 15 = flag:  0.000e+00
# span 0 =          1,       1129       
# span 1 =  86.628299,  86.631563       
# span 2 =    0.00000,    0.07833       
# span 3 =     0.0000,     4.7000       
# span 4 =      0.000,    282.000       
# span 5 =      0.578,    169.769       
# span 6 =  51089.701,  51539.073       
# span 7 =    31.5247,    31.7856       
# span 8 =     3.7012,     4.0978       
# span 9 =      0.573,    168.113       
# span 10 =    7.38633,    7.46317      
# span 11 =     3.7012,     4.0885      
# span 12 =    25.0293,    25.2276      
# span 13 =   13.20767,   13.33581      
# span 14 = 3.7976e-02, 2.5917e+02      
# span 15 = 0.0000e+00, 0.0000e+00      
# interval = seconds: 0.25
# start_time = Mar 27 2018 15:04:45 [Instrument's time stamp, header]
# bad_flag = -9.990e-29
*END*
[from data line 1085]
       1086  86.631438    0.07535     4.5208    271.250    162.268  51529.581    31.7832     4.0960    160.688    7.38657     4.0853    25.2198   13.20805 3.7976e-02 0.0000e+00
       1087  86.631441    0.07542     4.5250    271.500    162.459  51529.761    31.7832     4.0960    160.877    7.38657     4.0853    25.2198   13.20805 3.7976e-02 0.0000e+00
       1088  86.631444    0.07549     4.5292    271.750    162.647  51529.952    31.7833     4.0959    161.063    7.38657     4.0853    25.2198   13.20805 3.7976e-02 0.0000e+00
       1089  86.631447    0.07556     4.5333    272.000    162.832  51530.176    31.7833     4.0959    161.246    7.38657     4.0853    25.2199   13.20805 3.7976e-02 0.0000e+00
       1090  86.631450    0.07562     4.5375    272.250    163.015  51530.382    31.7834     4.0960    161.427    7.38656     4.0854    25.2199   13.20803 3.7976e-02 0.0000e+00
       1091  86.631453    0.07569     4.5417    272.500    163.198  51530.531    31.7834     4.0960    161.609    7.38655     4.0854    25.2199   13.20802 3.7976e-02 0.0000e+00
       1092  86.631455    0.07576     4.5458    272.750    163.381  51530.658    31.7834     4.0960    161.790    7.38654     4.0854    25.2199   13.20800 3.7976e-02 0.0000e+00
       1093  86.631458    0.07583     4.5500    273.000    163.564  51530.799    31.7834     4.0961    161.970    7.38654     4.0854    25.2199   13.20799 3.7976e-02 0.0000e+00
       1094  86.631461    0.07590     4.5542    273.250    163.747  51530.929    31.7834     4.0961    162.151    7.38653     4.0854    25.2199   13.20799 3.7976e-02 0.0000e+00
       1095  86.631464    0.07597     4.5583    273.500    163.932  51531.055    31.7834     4.0961    162.334    7.38653     4.0854    25.2199   13.20798 3.7976e-02 0.0000e+00
       1096  86.631467    0.07604     4.5625    273.750    164.119  51531.228    31.7834     4.0962    162.520    7.38652     4.0855    25.2199   13.20796 3.7976e-02 0.0000e+00
       1097  86.631470    0.07611     4.5667    274.000    164.307  51531.417    31.7835     4.0962    162.706    7.38651     4.0855    25.2200   13.20795 3.7976e-02 0.0000e+00
       1098  86.631473    0.07618     4.5708    274.250    164.494  51531.601    31.7835     4.0962    162.891    7.38651     4.0856    25.2200   13.20794 3.7976e-02 0.0000e+00
       1099  86.631476    0.07625     4.5750    274.500    164.682  51531.830    31.7836     4.0963    163.077    7.38650     4.0856    25.2201   13.20792 3.7976e-02 0.0000e+00
       1100  86.631479    0.07632     4.5792    274.750    164.870  51532.065    31.7836     4.0963    163.263    7.38649     4.0857    25.2201   13.20790 3.7976e-02 0.0000e+00
       1101  86.631481    0.07639     4.5833    275.000    165.058  51532.205    31.7837     4.0964    163.450    7.38647     4.0857    25.2201   13.20787 3.7976e-02 0.0000e+00
       1102  86.631484    0.07646     4.5875    275.250    165.245  51532.266    31.7837     4.0965    163.634    7.38646     4.0857    25.2201   13.20785 3.7976e-02 0.0000e+00
       1103  86.631487    0.07653     4.5917    275.500    165.428  51532.316    31.7836     4.0966    163.816    7.38646     4.0856    25.2200   13.20784 3.7976e-02 0.0000e+00
       1104  86.631490    0.07660     4.5958    275.750    165.607  51532.376    31.7836     4.0966    163.993    7.38646     4.0855    25.2200   13.20785 3.7976e-02 0.0000e+00
       1105  86.631493    0.07667     4.6000    276.000    165.784  51532.524    31.7836     4.0965    164.169    7.38646     4.0853    25.2200   13.20786 3.7976e-02 0.0000e+00
       1106  86.631496    0.07674     4.6042    276.250    165.961  51532.808    31.7836     4.0964    164.343    7.38648     4.0852    25.2201   13.20789 3.7976e-02 0.0000e+00
       1107  86.631499    0.07681     4.6083    276.500    166.139  51533.219    31.7838     4.0962    164.519    7.38649     4.0850    25.2202   13.20791 3.7976e-02 0.0000e+00
       1108  86.631502    0.07687     4.6125    276.750    166.320  51533.703    31.7840     4.0961    164.698    7.38651     4.0849    25.2204   13.20794 3.7976e-02 0.0000e+00
       1109  86.631505    0.07694     4.6167    277.000    166.504  51534.181    31.7842     4.0959    164.881    7.38653     4.0847    25.2206   13.20797 3.7976e-02 0.0000e+00
       1110  86.631508    0.07701     4.6208    277.250    166.691  51534.644    31.7844     4.0958    165.066    7.38655     4.0844    25.2207   13.20800 3.7976e-02 0.0000e+00
       1111  86.631510    0.07708     4.6250    277.500    166.878  51535.119    31.7846     4.0956    165.252    7.38658     4.0842    25.2209   13.20804 3.7976e-02 0.0000e+00
       1112  86.631513    0.07715     4.6292    277.750    167.065  51535.612    31.7848     4.0954    165.436    7.38661     4.0840    25.2211   13.20808 3.7976e-02 0.0000e+00
       1113  86.631516    0.07722     4.6333    278.000    167.251  51536.111    31.7850     4.0951    165.620    7.38664     4.0838    25.2213   13.20813 3.7976e-02 0.0000e+00
       1114  86.631519    0.07729     4.6375    278.250    167.436  51536.597    31.7852     4.0949    165.804    7.38666     4.0837    25.2214   13.20817 3.7976e-02 0.0000e+00
       1115  86.631522    0.07736     4.6417    278.500    167.622  51537.035    31.7853     4.0947    165.988    7.38669     4.0836    25.2216   13.20820 3.7976e-02 0.0000e+00
       1116  86.631525    0.07743     4.6458    278.750    167.807  51537.378    31.7854     4.0946    166.171    7.38670     4.0835    25.2217   13.20823 3.7976e-02 0.0000e+00
       1117  86.631528    0.07750     4.6500    279.000    167.993  51537.609    31.7855     4.0946    166.355    7.38671     4.0835    25.2218   13.20824 3.7976e-02 0.0000e+00
       1118  86.631531    0.07757     4.6542    279.250    168.178  51537.761    31.7855     4.0945    166.538    7.38672     4.0834    25.2218   13.20825 3.7976e-02 0.0000e+00
       1119  86.631534    0.07764     4.6583    279.500    168.363  51537.934    31.7855     4.0945    166.721    7.38672     4.0834    25.2218   13.20827 3.7976e-02 0.0000e+00
       1120  86.631536    0.07771     4.6625    279.750    168.546  51538.155    31.7855     4.0944    166.902    7.38673     4.0834    25.2218   13.20828 3.7976e-02 0.0000e+00
       1121  86.631539    0.07778     4.6667    280.000    168.728  51538.354    31.7856     4.0944    167.083    7.38673     4.0833    25.2219   13.20829 3.7976e-02 0.0000e+00
       1122  86.631542    0.07785     4.6708    280.250    168.908  51538.495    31.7856     4.0944    167.260    7.38673     4.0833    25.2219   13.20829 3.7976e-02 0.0000e+00
       1123  86.631545    0.07792     4.6750    280.500    169.083  51538.578    31.7855     4.0944    167.434    7.38674     4.0833    25.2218   13.20829 3.7976e-02 0.0000e+00
       1124  86.631548    0.07799     4.6792    280.750    169.251  51538.634    31.7855     4.0944    167.600    7.38674     4.0832    25.2218   13.20830 3.7976e-02 0.0000e+00
       1125  86.631551    0.07806     4.6833    281.000    169.406  51538.721    31.7855     4.0944    167.753    7.38675     4.0832    25.2218   13.20831 3.7976e-02 0.0000e+00
       1126  86.631554    0.07813     4.6875    281.250    169.543  51538.849    31.7855     4.0943    167.889    7.38676     4.0831    25.2218   13.20833 3.7976e-02 0.0000e+00
       1127  86.631557    0.07819     4.6917    281.500    169.657  51538.967    31.7855     4.0943    168.002    7.38676     4.0831    25.2218   13.20834 3.7976e-02 0.0000e+00
       1128  86.631560    0.07826     4.6958    281.750    169.738  51539.044    31.7855     4.0942    168.082    7.38677 -9.990e-29    25.2218   13.20835 3.7976e-02 0.0000e+00
       1129  86.631563    0.07833     4.7000    282.000    169.769  51539.073    31.7855     4.0942    168.113    7.38677 -9.990e-29    25.2218   13.20835 3.7976e-02 0.0000e+00
