CTD-processing/allCTD/CNV--turbid/2018_03-02_alongbay_skb10_cast010.cnv
* Sea-Bird SBE19plus Data File:
* FileName = C:\Users\Kim.Powell\Desktop\Not Processed\2018\2018_03-02_AlongBay,T9_5028\2018_03-02_TRANSECT_STATION_cast010.hex
* Software Version 1.59
* Temperature SN =  5028
* Conductivity SN =  5028
* System UpLoad Time = Mar 05 2018 11:29:29
** 2018_03-02
** Station: KB10
** Start Time: 13:14
** Depth (m): 66.8
** Comment:**CTD time 1 hour off
** Comment:
# nquan = 16
# nvalues = 600                         
# units = specified
# name 0 = scan: Scan Count
# name 1 = timeJ: Julian Days
# name 2 = timeH: Time, Elapsed [hours]
# name 3 = timeM: Time, Elapsed [minutes]
# name 4 = timeS: Time, Elapsed [seconds]
# name 5 = prdM: Pressure, Strain Gauge [db]
# name 6 = specc: Specific Conductance [uS/cm]
# name 7 = sal00: Salinity, Practical [PSU]
# name 8 = tv290C: Temperature [ITS-90, deg C]
# name 9 = depSM: Depth [salt water, m], lat = 59.00
# name 10 = oxsolML/L: Oxygen Saturation, Garcia & Gordon [ml/l]
# name 11 = potemp090C: Potential Temperature [ITS-90, deg C]
# name 12 = sigma-é00: Density [sigma-theta, kg/m^3]
# name 13 = n2satML/L: Nitrogen Saturation [ml/l]
# name 14 = par: PAR/Irradiance, Biospherical/Licor
# name 15 = flag:  0.000e+00
# span 0 =          1,        600       
# span 1 =  61.593785,  61.595518       
# span 2 =    0.00000,    0.04160       
# span 3 =     0.0000,     2.4958       
# span 4 =      0.000,    149.750       
# span 5 =      0.063,     64.857       
# span 6 =   6137.255,  51483.680       
# span 7 =     3.4588,    31.4528       
# span 8 =    -0.2383,     2.9442       
# span 9 =      0.063,     64.240       
# span 10 =    7.61717,   10.07872      
# span 11 =    -0.0374,     2.9416      
# span 12 =     2.6196,    25.0848      
# span 13 =   13.59320,   18.11377      
# span 14 = 3.7976e-02, 2.3300e+02      
# span 15 = 0.0000e+00, 0.0000e+00      
# interval = seconds: 0.25
# start_time = Mar 02 2018 14:15:03 [Instrument's time stamp, header]
# bad_flag = -9.990e-29
*END*
[from data line 543]
        544  61.595356    0.03771     2.2625    135.750     52.183  51354.724    31.4299     2.9439     51.688    7.61721     2.9408    25.0410   13.59328 3.7976e-02 0.0000e+00
        545  61.595359    0.03778     2.2667    136.000     52.435  51354.848    31.4298     2.9438     51.937    7.61723     2.9406    25.0410   13.59332 3.7976e-02 0.0000e+00
        546  61.595362    0.03785     2.2708    136.250     52.683  51354.958    31.4298     2.9437     52.183    7.61726     2.9404    25.0409   13.59336 3.7976e-02 0.0000e+00
        547  61.595365    0.03792     2.2750    136.500     52.922  51355.163    31.4298     2.9435     52.420    7.61729     2.9402    25.0409   13.59341 3.7976e-02 0.0000e+00
        548  61.595367    0.03799     2.2792    136.750     53.153  51355.523    31.4298     2.9433     52.649    7.61732     2.9400    25.0410   13.59346 3.7976e-02 0.0000e+00
        549  61.595370    0.03806     2.2833    137.000     53.381  51355.984    31.4300     2.9431     52.875    7.61736     2.9398    25.0411   13.59352 3.7976e-02 0.0000e+00
        550  61.595373    0.03812     2.2875    137.250     53.616  51356.497    31.4301     2.9429     53.107    7.61739     2.9397    25.0412   13.59357 3.7976e-02 0.0000e+00
        551  61.595376    0.03819     2.2917    137.500     53.863  51357.025    31.4303     2.9428     53.352    7.61741     2.9396    25.0414   13.59360 3.7976e-02 0.0000e+00
        552  61.595379    0.03826     2.2958    137.750     54.123  51357.489    31.4305     2.9427     53.610    7.61742     2.9397    25.0415   13.59362 3.7976e-02 0.0000e+00
        553  61.595382    0.03833     2.3000    138.000     54.388  51357.804    31.4305     2.9426     53.872    7.61742     2.9397    25.0416   13.59362 3.7976e-02 0.0000e+00
        554  61.595385    0.03840     2.3042    138.250     54.647  51357.992    31.4305     2.9426     54.128    7.61742     2.9397    25.0416   13.59361 3.7976e-02 0.0000e+00
        555  61.595388    0.03847     2.3083    138.500     54.892  51358.100    31.4305     2.9427     54.371    7.61741     2.9396    25.0416   13.59361 3.7976e-02 0.0000e+00
        556  61.595391    0.03854     2.3125    138.750     55.121  51358.172    31.4304     2.9427     54.598    7.61742     2.9396    25.0415   13.59362 3.7976e-02 0.0000e+00
        557  61.595394    0.03861     2.3167    139.000     55.337  51358.336    31.4304     2.9426     54.812    7.61743     2.9396    25.0415   13.59363 3.7976e-02 0.0000e+00
        558  61.595396    0.03868     2.3208    139.250     55.547  51358.618    31.4305     2.9426     55.020    7.61743     2.9396    25.0416   13.59364 3.7976e-02 0.0000e+00
        559  61.595399    0.03875     2.3250    139.500     55.767  51358.937    31.4306     2.9426     55.238    7.61742     2.9396    25.0416   13.59363 3.7976e-02 0.0000e+00
        560  61.595402    0.03882     2.3292    139.750     56.006  51359.243    31.4306     2.9426     55.475    7.61741     2.9396    25.0417   13.59361 3.7976e-02 0.0000e+00
        561  61.595405    0.03889     2.3333    140.000     56.268  51359.533    31.4307     2.9427     55.735    7.61740     2.9397    25.0418   13.59358 3.7976e-02 0.0000e+00
        562  61.595408    0.03896     2.3375    140.250     56.543  51359.830    31.4308     2.9427     56.007    7.61738     2.9399    25.0418   13.59355 3.7976e-02 0.0000e+00
        563  61.595411    0.03903     2.3417    140.500     56.816  51360.059    31.4308     2.9428     56.278    7.61736     2.9400    25.0419   13.59352 3.7976e-02 0.0000e+00
        564  61.595414    0.03910     2.3458    140.750     57.072  51360.138    31.4308     2.9429     56.532    7.61734     2.9401    25.0418   13.59349 3.7976e-02 0.0000e+00
        565  61.595417    0.03917     2.3500    141.000     57.305  51360.121    31.4307     2.9431     56.763    7.61732     2.9401    25.0417   13.59346 3.7976e-02 0.0000e+00
        566  61.595420    0.03924     2.3542    141.250     57.516  51360.070    31.4306     2.9432     56.971    7.61731     2.9401    25.0416   13.59344 3.7976e-02 0.0000e+00
        567  61.595422    0.03931     2.3583    141.500     57.712  51360.023    31.4305     2.9432     57.165    7.61731     2.9400    25.0415   13.59343 3.7976e-02 0.0000e+00
        568  61.595425    0.03938     2.3625    141.750     57.908  51360.000    31.4303     2.9432     57.359    7.61732     2.9398    25.0414   13.59345 3.7976e-02 0.0000e+00
        569  61.595428    0.03944     2.3667    142.000     58.120  51359.993    31.4302     2.9431     57.569    7.61734     2.9396    25.0413   13.59348 3.7976e-02 0.0000e+00
        570  61.595431    0.03951     2.3708    142.250     58.355  51360.034    31.4301     2.9430     57.801    7.61736     2.9394    25.0412   13.59353 3.7976e-02 0.0000e+00
        571  61.595434    0.03958     2.3750    142.500     58.610  51360.120    31.4300     2.9429     58.054    7.61740     2.9392    25.0412   13.59359 3.7976e-02 0.0000e+00
        572  61.595437    0.03965     2.3792    142.750     58.876  51360.235    31.4298     2.9427     58.318    7.61744     2.9388    25.0411   13.59366 3.7976e-02 0.0000e+00
        573  61.595440    0.03972     2.3833    143.000     59.140  51360.487    31.4298     2.9424     58.579    7.61750     2.9385    25.0411   13.59375 3.7976e-02 0.0000e+00
        574  61.595443    0.03979     2.3875    143.250     59.391  51360.930    31.4299     2.9421     58.828    7.61755     2.9382    25.0412   13.59384 3.7976e-02 0.0000e+00
        575  61.595446    0.03986     2.3917    143.500     59.626  51361.396    31.4300     2.9418     59.060    7.61761     2.9379    25.0413   13.59393 3.7976e-02 0.0000e+00
        576  61.595448    0.03993     2.3958    143.750     59.844  51361.678    31.4300     2.9415     59.276    7.61766     2.9376    25.0413   13.59402 3.7976e-02 0.0000e+00
        577  61.595451    0.04000     2.4000    144.000     60.053  51361.817    31.4299     2.9412     59.483    7.61772     2.9373    25.0412   13.59411 3.7976e-02 0.0000e+00
        578  61.595454    0.04007     2.4042    144.250     60.264  51362.066    31.4299     2.9409     59.692    7.61777     2.9371    25.0412   13.59420 3.7976e-02 0.0000e+00
        579  61.595457    0.04014     2.4083    144.500     60.487  51362.550    31.4300     2.9406     59.912    7.61782     2.9369    25.0414   13.59428 3.7976e-02 0.0000e+00
        580  61.595460    0.04021     2.4125    144.750     60.726  51363.179    31.4303     2.9404     60.150    7.61786     2.9369    25.0416   13.59433 3.7976e-02 0.0000e+00
        581  61.595463    0.04028     2.4167    145.000     60.980  51363.771    31.4305     2.9402     60.401    7.61787     2.9369    25.0418   13.59436 3.7976e-02 0.0000e+00
        582  61.595466    0.04035     2.4208    145.250     61.238  51364.166    31.4307     2.9402     60.657    7.61787     2.9369    25.0419   13.59436 3.7976e-02 0.0000e+00
        583  61.595469    0.04042     2.4250    145.500     61.491  51364.342    31.4307     2.9402     60.908    7.61787     2.9370    25.0419   13.59435 3.7976e-02 0.0000e+00
        584  61.595472    0.04049     2.4292    145.750     61.734  51364.423    31.4306     2.9403     61.148    7.61786     2.9370    25.0419   13.59434 3.7976e-02 0.0000e+00
        585  61.595475    0.04056     2.4333    146.000     61.965  51364.522    31.4306     2.9404     61.377    7.61785     2.9370    25.0418   13.59433 3.7976e-02 0.0000e+00
        586  61.595477    0.04063     2.4375    146.250     62.189  51364.656    31.4306     2.9404     61.599    7.61785     2.9370    25.0418   13.59433 3.7976e-02 0.0000e+00
        587  61.595480    0.04069     2.4417    146.500     62.413  51364.802    31.4305     2.9404     61.820    7.61785     2.9370    25.0418   13.59432 3.7976e-02 0.0000e+00
        588  61.595483    0.04076     2.4458    146.750     62.641  51364.934    31.4305     2.9404     62.046    7.61784     2.9370    25.0418   13.59432 3.7976e-02 0.0000e+00
        589  61.595486    0.04083     2.4500    147.000     62.875  51364.993    31.4304     2.9404     62.278    7.61784     2.9369    25.0417   13.59432 3.7976e-02 0.0000e+00
        590  61.595489    0.04090     2.4542    147.250     63.113  51364.975    31.4303     2.9404     62.514    7.61785     2.9368    25.0416   13.59433 3.7976e-02 0.0000e+00
        591  61.595492    0.04097     2.4583    147.500     63.351  51365.005    31.4302     2.9403     62.749    7.61787     2.9366    25.0415   13.59436 3.7976e-02 0.0000e+00
        592  61.595495    0.04104     2.4625    147.750     63.584  51365.172    31.4301     2.9402     62.979    7.61789     2.9365    25.0415   13.59440 3.7976e-02 0.0000e+00
        593  61.595498    0.04111     2.4667    148.000     63.808  51365.475    31.4302     2.9401     63.201    7.61792     2.9363    25.0416   13.59444 3.7976e-02 0.0000e+00
        594  61.595501    0.04118     2.4708    148.250     64.022  51365.840    31.4303     2.9400     63.413    7.61794     2.9362    25.0417   13.59448 3.7976e-02 0.0000e+00
        595  61.595503    0.04125     2.4750    148.500     64.225  51366.158    31.4304     2.9398     63.615    7.61796     2.9361    25.0417   13.59451 3.7976e-02 0.0000e+00
        596  61.595506    0.04132     2.4792    148.750     64.414  51366.440    31.4304     2.9397     63.802    7.61798     2.9361    25.0418   13.59454 3.7976e-02 0.0000e+00
        597  61.595509    0.04139     2.4833    149.000     64.584  51366.709    31.4305     2.9396     63.970    7.61799     2.9360    25.0418   13.59456 3.7976e-02 0.0000e+00
        598  61.595512    0.04146     2.4875    149.250     64.726  51366.910    31.4305     2.9396     64.110    7.61800     2.9360    25.0419   13.59457 3.7976e-02 0.0000e+00
        599  61.595515    0.04153     2.4917    149.500     64.822  51367.028    31.4305     2.9395     64.206    7.61801 -9.990e-29    25.0419   13.59459 3.7976e-02 0.0000e+00
        600  61.595518    0.04160     2.4958    149.750     64.857  51367.068    31.4305     2.9395     64.240    7.61801 -9.990e-29    25.0419   13.59459 3.7976e-02 0.0000e+00
