CTD-processing/allCTD/CNV--turbid/2018_04-23_t9_s01_cast059.cnv
* Sea-Bird SBE19plus Data File:
* FileName = C:\Users\Kim.Powell\Desktop\Not Processed\2018\2018_04-23_AlongBay, T4, T9_5028\2018_04-23_TRANSECT_STATION_cast059.hex
* Software Version 1.59
* Temperature SN =  5028
* Conductivity SN =  5028
* System UpLoad Time = Apr 24 2018 09:50:59
** 2018_04-24
** Station: 9-01
** Start Time: 12:33
** Depth (m): 54
** Comment:
** Comment:
# nquan = 16
# nvalues = 557                         
# units = specified
# name 0 = scan: Scan Count
# name 1 = timeJ: Julian Days
# name 2 = timeH: Time, Elapsed [hours]
# name 3 = timeM: Time, Elapsed [minutes]
# name 4 = timeS: Time, Elapsed [seconds]
# name 5 = prdM: Pressure, Strain Gauge [db]
# name 6 = specc: Specific Conductance [uS/cm]
# name 7 = sal00: Salinity, Practical [PSU]
# name 8 = tv290C: Temperature [ITS-90, deg C]
# name 9 = depSM: Depth [salt water, m], lat = 59.00
# name 10 = oxsolML/L: Oxygen Saturation, Garcia & Gordon [ml/l]
# name 11 = potemp090C: Potential Temperature [ITS-90, deg C]
# name 12 = sigma-é00: Density [sigma-theta, kg/m^3]
# name 13 = n2satML/L: Nitrogen Saturation [ml/l]
# name 14 = par: PAR/Irradiance, Biospherical/Licor
# name 15 = flag:  0.000e+00
# span 0 =          1,        557       
# span 1 = 113.523646, 113.525255       
# span 2 =    0.00000,    0.03861       
# span 3 =     0.0000,     2.3167       
# span 4 =      0.000,    139.000       
# span 5 =      0.603,     52.691       
# span 6 =  50637.071,  51216.072       
# span 7 =    31.4412,    31.7535       
# span 8 =     4.6085,     4.9332       
# span 9 =      0.598,     52.192       
# span 10 =    7.25387,    7.29946      
# span 11 =     4.6081,     4.9331      
# span 12 =    24.8632,    25.1417      
# span 13 =   12.99294,   13.06539      
# span 14 = 4.2704e-02, 1.0001e+03      
# span 15 = 0.0000e+00, 0.0000e+00      
# interval = seconds: 0.25
# start_time = Apr 23 2018 12:34:03 [Instrument's time stamp, header]
# bad_flag = -9.990e-29
*END*
[from data line 181]
        182 113.524170    0.01257     0.7542     45.250      0.655  50828.116    31.5560     4.8470      0.649    7.26479     4.8656    24.9621   13.00996 7.1872e+02 0.0000e+00
        183 113.524172    0.01264     0.7583     45.500      0.643  50809.272    31.5451     4.8566      0.637    7.26365     4.8717    24.9525   13.00821 7.0659e+02 0.0000e+00
        184 113.524175    0.01271     0.7625     45.750      0.636  50789.281    31.5334     4.8656      0.630    7.26263     4.8740    24.9423   13.00668 7.2904e+02 0.0000e+00
        185 113.524178    0.01278     0.7667     46.000      0.634  50775.053    31.5250     4.8717      0.628    7.26198     4.8731    24.9350   13.00571 7.8864e+02 0.0000e+00
        186 113.524181    0.01285     0.7708     46.250      0.634  50770.068    31.5220     4.8740      0.628    7.26173     4.8712    24.9324   13.00534 8.5701e+02 0.0000e+00
        187 113.524184    0.01292     0.7750     46.500      0.633  50772.747    31.5237     4.8731      0.627    7.26179     4.8701    24.9338   13.00542 8.9932e+02 0.0000e+00
        188 113.524187    0.01299     0.7792     46.750      0.629  50777.704    31.5267     4.8712      0.623    7.26197     4.8702    24.9364   13.00568 8.9231e+02 0.0000e+00
        189 113.524190    0.01306     0.7833     47.000      0.625  50779.895    31.5279     4.8701      0.619    7.26212     4.8709    24.9375   13.00590 8.5157e+02 0.0000e+00
        190 113.524193    0.01313     0.7875     47.250      0.624  50777.863    31.5266     4.8702      0.618    7.26216     4.8712    24.9364   13.00600 8.2633e+02 0.0000e+00
        191 113.524196    0.01319     0.7917     47.500      0.628  50773.964    31.5240     4.8710      0.622    7.26215     4.8704    24.9343   13.00602 8.3872e+02 0.0000e+00
        192 113.524198    0.01326     0.7958     47.750      0.635  50771.640    31.5225     4.8712      0.629    7.26218     4.8688    24.9331   13.00608 8.6184e+02 0.0000e+00
        193 113.524201    0.01333     0.8000     48.000      0.641  50772.332    31.5228     4.8704      0.635    7.26231     4.8669    24.9334   13.00630 8.8103e+02 0.0000e+00
        194 113.524204    0.01340     0.8042     48.250      0.646  50775.120    31.5244     4.8688      0.640    7.26252     4.8648    24.9348   13.00662 8.9624e+02 0.0000e+00
        195 113.524207    0.01347     0.8083     48.500      0.649  50778.596    31.5263     4.8669      0.643    7.26276     4.8624    24.9365   13.00698 8.9965e+02 0.0000e+00
        196 113.524210    0.01354     0.8125     48.750      0.652  50782.448    31.5285     4.8648      0.646    7.26302     4.8601    24.9385   13.00738 9.0808e+02 0.0000e+00
        197 113.524213    0.01361     0.8167     49.000      0.653  50787.067    31.5312     4.8624      0.647    7.26329     4.8582    24.9408   13.00780 9.1475e+02 0.0000e+00
        198 113.524216    0.01368     0.8208     49.250      0.653  50792.086    31.5341     4.8601      0.647    7.26355     4.8567    24.9434   13.00820 9.0546e+02 0.0000e+00
        199 113.524219    0.01375     0.8250     49.500      0.651  50796.256    31.5366     4.8582      0.645    7.26377     4.8557    24.9456   13.00853 8.8411e+02 0.0000e+00
        200 113.524222    0.01382     0.8292     49.750      0.649  50798.770    31.5380     4.8568      0.643    7.26395     4.8548    24.9468   13.00881 8.5732e+02 0.0000e+00
        201 113.524225    0.01389     0.8333     50.000      0.649  50799.897    31.5385     4.8557      0.643    7.26411     4.8543    24.9474   13.00906 8.3358e+02 0.0000e+00
        202 113.524227    0.01396     0.8375     50.250      0.651  50800.518    31.5387     4.8549      0.645    7.26425     4.8541    24.9477   13.00928 7.9993e+02 0.0000e+00
        203 113.524230    0.01403     0.8417     50.500      0.655  50801.221    31.5391     4.8543      0.649    7.26433     4.8543    24.9480   13.00940 7.6997e+02 0.0000e+00
        204 113.524233    0.01410     0.8458     50.750      0.658  50801.726    31.5394     4.8541      0.652    7.26434     4.8548    24.9483   13.00942 7.7443e+02 0.0000e+00
        205 113.524236    0.01417     0.8500     51.000      0.661  50801.482    31.5393     4.8543      0.655    7.26431     4.8554    24.9482   13.00938 7.9126e+02 0.0000e+00
        206 113.524239    0.01424     0.8542     51.250      0.662  50800.651    31.5388     4.8548      0.656    7.26426     4.8562    24.9477   13.00930 7.8947e+02 0.0000e+00
        207 113.524242    0.01431     0.8583     51.500      0.661  50800.044    31.5386     4.8554      0.655    7.26417     4.8574    24.9474   13.00915 8.0125e+02 0.0000e+00
        208 113.524245    0.01438     0.8625     51.750      0.659  50799.918    31.5387     4.8562      0.653    7.26402     4.8592    24.9474   13.00892 8.4498e+02 0.0000e+00
        209 113.524248    0.01444     0.8667     52.000      0.653  50799.141    31.5384     4.8574      0.647    7.26382     4.8615    24.9471   13.00859 8.6325e+02 0.0000e+00
        210 113.524251    0.01451     0.8708     52.250      0.648  50795.999    31.5366     4.8592      0.642    7.26359     4.8635    24.9455   13.00822 8.1884e+02 0.0000e+00
        211 113.524253    0.01458     0.8750     52.500      0.646  50790.163    31.5331     4.8615      0.640    7.26336     4.8644    24.9425   13.00789 7.5385e+02 0.0000e+00
        212 113.524256    0.01465     0.8792     52.750      0.649  50783.870    31.5293     4.8636      0.643    7.26319     4.8635    24.9392   13.00767 7.1594e+02 0.0000e+00
        213 113.524259    0.01472     0.8833     53.000      0.655  50780.704    31.5273     4.8644      0.649    7.26314     4.8615    24.9375   13.00761 7.0418e+02 0.0000e+00
        214 113.524262    0.01479     0.8875     53.250      0.660  50782.892    31.5286     4.8635      0.654    7.26324     4.8602    24.9387   13.00774 7.0608e+02 0.0000e+00
        215 113.524265    0.01486     0.8917     53.500      0.659  50788.886    31.5322     4.8615      0.653    7.26340     4.8609    24.9418   13.00797 7.1886e+02 0.0000e+00
        216 113.524268    0.01493     0.8958     53.750      0.653  50793.909    31.5354     4.8602      0.647    7.26347     4.8635    24.9444   13.00805 7.2456e+02 0.0000e+00
        217 113.524271    0.01500     0.9000     54.000      0.644  50793.633    31.5354     4.8609      0.638    7.26336     4.8669    24.9443   13.00785 7.1568e+02 0.0000e+00
        218 113.524274    0.01507     0.9042     54.250      0.636  50787.338    31.5316     4.8636      0.630    7.26308     4.8695    24.9411   13.00744 7.2063e+02 0.0000e+00
        219 113.524277    0.01514     0.9083     54.500      0.632  50778.305    31.5262     4.8669      0.626    7.26276     4.8705    24.9364   13.00698 7.3634e+02 0.0000e+00
        220 113.524280    0.01521     0.9125     54.750      0.631  50770.881    31.5216     4.8695      0.625    7.26253     4.8699    24.9326   13.00666 7.3307e+02 0.0000e+00
        221 113.524282    0.01528     0.9167     55.000      0.630  50767.217    31.5193     4.8706      0.624    7.26246     4.8674    24.9306   13.00657 7.1757e+02 0.0000e+00
        222 113.524285    0.01535     0.9208     55.250      0.631  50766.972    31.5190     4.8699      0.625    7.26258     4.8625    24.9304   13.00679 7.1394e+02 0.0000e+00
        223 113.524288    0.01542     0.9250     55.500      0.633  50769.350    31.5201     4.8674      0.627    7.26296     4.8550    24.9316   13.00740 7.1458e+02 0.0000e+00
        224 113.524291    0.01549     0.9292     55.750      0.640  50775.191    31.5231     4.8626      0.634    7.26367     4.8453    24.9344   13.00853 6.9672e+02 0.0000e+00
        225 113.524294    0.01556     0.9333     56.000      0.652  50786.161    31.5289     4.8550      0.646    7.26471     4.8355    24.9399   13.01017 6.7750e+02 0.0000e+00
        226 113.524297    0.01563     0.9375     56.250      0.664  50802.181    31.5378     4.8454      0.658    7.26595     4.8276    24.9479   13.01211 6.7545e+02 0.0000e+00
        227 113.524300    0.01569     0.9417     56.500      0.672  50820.477    31.5482     4.8356      0.666    7.26715     4.8228    24.9572   13.01396 6.8554e+02 0.0000e+00
        228 113.524303    0.01576     0.9458     56.750      0.673  50836.761    31.5577     4.8276      0.667    7.26808     4.8215    24.9655   13.01537 7.2147e+02 0.0000e+00
        229 113.524306    0.01583     0.9500     57.000      0.667  50847.049    31.5637     4.8228      0.661    7.26863     4.8230    24.9708   13.01620 7.6576e+02 0.0000e+00
        230 113.524308    0.01590     0.9542     57.250      0.658  50849.027    31.5648     4.8215      0.652    7.26880     4.8255    24.9718   13.01646 7.8609e+02 0.0000e+00
        231 113.524311    0.01597     0.9583     57.500      0.649  50843.973    31.5616     4.8231      0.644    7.26868     4.8272    24.9691   13.01631 8.1791e+02 0.0000e+00
        232 113.524314    0.01604     0.9625     57.750      0.643  50836.604    31.5571     4.8256      0.637    7.26847     4.8274    24.9653   13.01601 8.5555e+02 0.0000e+00
        233 113.524317    0.01611     0.9667     58.000      0.638  50831.522    31.5540     4.8273      0.632    7.26832     4.8263    24.9626   13.01581 8.5814e+02 0.0000e+00
        234 113.524320    0.01618     0.9708     58.250      0.634  50830.393    31.5533     4.8275      0.628    7.26832     4.8241    24.9620   13.01582 8.5565e+02 0.0000e+00
        235 113.524323    0.01625     0.9750     58.500      0.630  50831.719    31.5539     4.8264      0.625    7.26848     4.8205    24.9627   13.01607 8.7533e+02 0.0000e+00
        236 113.524326    0.01632     0.9792     58.750      0.629  50833.184    31.5545     4.8242      0.623    7.26883     4.8146    24.9633   13.01665 8.9627e+02 0.0000e+00
        237 113.524329    0.01639     0.9833     59.000      0.633  50834.278    31.5544     4.8206      0.627    7.26947     4.8053    24.9637   13.01771 8.9354e+02 0.0000e+00
        238 113.524332    0.01646     0.9875     59.250      0.643  50836.611    31.5547     4.8146      0.637    7.27050     4.7921    24.9646   13.01939 8.7719e+02 0.0000e+00
        239 113.524334    0.01653     0.9917     59.500      0.659  50842.770    31.5569     4.8053      0.653    7.27201     4.7758    24.9673   13.02187 8.6459e+02 0.0000e+00
        240 113.524337    0.01660     0.9958     59.750      0.674  50853.860    31.5616     4.7921      0.667    7.27410     4.7578    24.9724   13.02525 8.4806e+02 0.0000e+00
        241 113.524340    0.01667     1.0000     60.000      0.680  50866.344    31.5665     4.7759      0.673    7.27670     4.7382    24.9780   13.02948 8.2731e+02 0.0000e+00
        242 113.524343    0.01674     1.0042     60.250      0.673  50877.315    31.5701     4.7578      0.667    7.27969     4.7184    24.9827   13.03437 8.2460e+02 0.0000e+00
        243 113.524346    0.01681     1.0083     60.500      0.654  50891.300    31.5754     4.7383      0.648    7.28285     4.7010    24.9889   13.03952 8.3667e+02 0.0000e+00
        244 113.524349    0.01688     1.0125     60.750      0.629  50911.317    31.5847     4.7185      0.623    7.28586     4.6876    24.9984   13.04437 8.3234e+02 0.0000e+00
        245 113.524352    0.01694     1.0167     61.000      0.609  50932.548    31.5954     4.7011      0.603    7.28839     4.6781    25.0088   13.04841 7.9932e+02 0.0000e+00
        246 113.524355    0.01701     1.0208     61.250      0.603  50950.016    31.6044     4.6876      0.598    7.29030     4.6715    25.0173   13.05146 7.6049e+02 0.0000e+00
        247 113.524358    0.01708     1.0250     61.500      0.615  50962.646    31.6109     4.6781      0.609    7.29166     4.6670    25.0235   13.05361 7.3437e+02 0.0000e+00
        248 113.524361    0.01715     1.0292     61.750      0.636  50971.402    31.6155     4.6715      0.630    7.29259     4.6641    25.0277   13.05509 7.1130e+02 0.0000e+00
        249 113.524363    0.01722     1.0333     62.000      0.657  50977.492    31.6187     4.6671      0.650    7.29322     4.6624    25.0307   13.05609 6.9805e+02 0.0000e+00
        250 113.524366    0.01729     1.0375     62.250      0.666  50981.590    31.6208     4.6642      0.660    7.29362     4.6616    25.0327   13.05673 7.0591e+02 0.0000e+00
        251 113.524369    0.01736     1.0417     62.500      0.661  50984.049    31.6221     4.6625      0.655    7.29386     4.6615    25.0339   13.05710 7.1708e+02 0.0000e+00
        252 113.524372    0.01743     1.0458     62.750      0.647  50985.098    31.6227     4.6617      0.641    7.29396     4.6617    25.0345   13.05727 7.1832e+02 0.0000e+00
        253 113.524375    0.01750     1.0500     63.000      0.632  50985.128    31.6227     4.6616      0.625    7.29398     4.6620    25.0345   13.05730 7.1765e+02 0.0000e+00
        254 113.524378    0.01757     1.0542     63.250      0.622  50984.728    31.6225     4.6618      0.616    7.29396     4.6621    25.0343   13.05727 7.1977e+02 0.0000e+00
        255 113.524381    0.01764     1.0583     63.500      0.621  50984.271    31.6222     4.6620      0.615    7.29394     4.6622    25.0340   13.05722 7.3673e+02 0.0000e+00
        256 113.524384    0.01771     1.0625     63.750      0.626  50983.881    31.6220     4.6622      0.620    7.29392     4.6621    25.0338   13.05719 7.6768e+02 0.0000e+00
        257 113.524387    0.01778     1.0667     64.000      0.634  50983.613    31.6218     4.6622      0.628    7.29391     4.6620    25.0337   13.05719 7.6656e+02 0.0000e+00
        258 113.524389    0.01785     1.0708     64.250      0.643  50983.461    31.6217     4.6622      0.637    7.29393     4.6617    25.0336   13.05722 7.2014e+02 0.0000e+00
        259 113.524392    0.01792     1.0750     64.500      0.653  50983.413    31.6216     4.6620      0.647    7.29396     4.6613    25.0335   13.05728 6.6713e+02 0.0000e+00
        260 113.524395    0.01799     1.0792     64.750      0.662  50983.497    31.6216     4.6617      0.656    7.29401     4.6609    25.0336   13.05736 6.2778e+02 0.0000e+00
        261 113.524398    0.01806     1.0833     65.000      0.668  50983.804    31.6217     4.6614      0.661    7.29407     4.6605    25.0337   13.05745 6.1127e+02 0.0000e+00
        262 113.524401    0.01812     1.0875     65.250      0.667  50984.426    31.6220     4.6609      0.661    7.29414     4.6603    25.0340   13.05755 6.2194e+02 0.0000e+00
        263 113.524404    0.01819     1.0917     65.500      0.660  50985.237    31.6225     4.6605      0.654    7.29418     4.6604    25.0344   13.05763 6.5298e+02 0.0000e+00
        264 113.524407    0.01826     1.0958     65.750      0.651  50985.819    31.6229     4.6603      0.645    7.29419     4.6607    25.0347   13.05764 6.9291e+02 0.0000e+00
        265 113.524410    0.01833     1.1000     66.000      0.644  50985.838    31.6229     4.6605      0.638    7.29417     4.6609    25.0348   13.05760 7.1571e+02 0.0000e+00
        266 113.524413    0.01840     1.1042     66.250      0.641  50985.409    31.6227     4.6607      0.635    7.29413     4.6610    25.0346   13.05754 7.1319e+02 0.0000e+00
        267 113.524416    0.01847     1.1083     66.500      0.643  50984.881    31.6224     4.6609      0.637    7.29411     4.6608    25.0343   13.05751 7.0774e+02 0.0000e+00
        268 113.524418    0.01854     1.1125     66.750      0.648  50984.521    31.6221     4.6610      0.642    7.29412     4.6605    25.0341   13.05751 7.2001e+02 0.0000e+00
        269 113.524421    0.01861     1.1167     67.000      0.654  50984.430    31.6220     4.6609      0.648    7.29415     4.6601    25.0340   13.05757 7.4512e+02 0.0000e+00
        270 113.524424    0.01868     1.1208     67.250      0.660  50984.573    31.6221     4.6606      0.654    7.29420     4.6597    25.0341   13.05765 7.5865e+02 0.0000e+00
        271 113.524427    0.01875     1.1250     67.500      0.666  50984.876    31.6222     4.6602      0.660    7.29426     4.6592    25.0342   13.05775 7.6847e+02 0.0000e+00
