CTD-processing/allCTD/CNV--turbid/2018_06-25_t3_s15_cast129.cnv
* Sea-Bird SBE19plus Data File:
* FileName = C:\Users\Kim.Powell\Desktop\Not Processed\2018\2018_06-XX\2018_06-XX_TRANSECT_STATION_cast129.hex
* Software Version 1.59
* Temperature SN =  5028
* Conductivity SN =  5028
* System UpLoad Time = Jul 05 2018 09:47:34
** 2018_06-25
** Station: 3-15
** Start Time: 10:48
** Depth (m): 19
** Comment:
** Comment:
# nquan = 16
# nvalues = 380                         
# units = specified
# name 0 = scan: Scan Count
# name 1 = timeJ: Julian Days
# name 2 = timeH: Time, Elapsed [hours]
# name 3 = timeM: Time, Elapsed [minutes]
# name 4 = timeS: Time, Elapsed [seconds]
# name 5 = prdM: Pressure, Strain Gauge [db]
# name 6 = specc: Specific Conductance [uS/cm]
# name 7 = sal00: Salinity, Practical [PSU]
# name 8 = tv290C: Temperature [ITS-90, deg C]
# name 9 = depSM: Depth [salt water, m], lat = 59.00
# name 10 = oxsolML/L: Oxygen Saturation, Garcia & Gordon [ml/l]
# name 11 = potemp090C: Potential Temperature [ITS-90, deg C]
# name 12 = sigma-é00: Density [sigma-theta, kg/m^3]
# name 13 = n2satML/L: Nitrogen Saturation [ml/l]
# name 14 = par: PAR/Irradiance, Biospherical/Licor
# name 15 = flag:  0.000e+00
# span 0 =          1,        380       
# span 1 = 176.450660, 176.451756       
# span 2 =    0.00000,    0.02632       
# span 3 =     0.0000,     1.5792       
# span 4 =      0.000,     94.750       
# span 5 =      0.385,     19.590       
# span 6 =  48878.931,  49093.002       
# span 7 =    30.9534,    31.0809       
# span 8 =     8.9809,     9.1369       
# span 9 =      0.382,     19.406       
# span 10 =    6.60531,    6.62313      
# span 11 =     8.9789,     9.0884      
# span 12 =    23.9303,    24.0486      
# span 13 =   11.92710,   11.95513      
# span 14 = 2.5132e+00, 1.8752e+02      
# span 15 = 0.0000e+00, 0.0000e+00      
# interval = seconds: 0.25
# start_time = Jun 25 2018 10:48:57 [Instrument's time stamp, header]
# bad_flag = -9.990e-29
*END*
[from data line 181]
        182 176.451183    0.01257     0.7542     45.250      0.858  49064.540    31.0673     9.0195      0.850    6.61771     9.0179    24.0373   11.94624 1.6702e+02 0.0000e+00
        183 176.451186    0.01264     0.7583     45.500      0.866  49067.531    31.0693     9.0185      0.858    6.61776     9.0178    24.0390   11.94630 1.6696e+02 0.0000e+00
        184 176.451189    0.01271     0.7625     45.750      0.866  49071.057    31.0717     9.0180      0.857    6.61774     9.0183    24.0409   11.94624 1.6599e+02 0.0000e+00
        185 176.451192    0.01278     0.7667     46.000      0.857  49073.507    31.0734     9.0179      0.849    6.61768     9.0194    24.0423   11.94612 1.6523e+02 0.0000e+00
        186 176.451195    0.01285     0.7708     46.250      0.845  49073.610    31.0735     9.0184      0.838    6.61760     9.0205    24.0423   11.94599 1.6571e+02 0.0000e+00
        187 176.451198    0.01292     0.7750     46.500      0.836  49071.074    31.0719     9.0195      0.828    6.61752     9.0210    24.0409   11.94587 1.6584e+02 0.0000e+00
        188 176.451201    0.01299     0.7792     46.750      0.833  49067.197    31.0693     9.0206      0.825    6.61747     9.0208    24.0387   11.94582 1.6411e+02 0.0000e+00
        189 176.451204    0.01306     0.7833     47.000      0.838  49064.192    31.0673     9.0211      0.830    6.61748     9.0201    24.0370   11.94586 1.6223e+02 0.0000e+00
        190 176.451207    0.01313     0.7875     47.250      0.846  49063.629    31.0669     9.0209      0.838    6.61752     9.0195    24.0367   11.94594 1.6199e+02 0.0000e+00
        191 176.451209    0.01319     0.7917     47.500      0.851  49065.595    31.0682     9.0202      0.843    6.61757     9.0192    24.0379   11.94600 1.6324e+02 0.0000e+00
        192 176.451212    0.01326     0.7958     47.750      0.849  49068.628    31.0702     9.0196      0.841    6.61758     9.0195    24.0396   11.94599 1.6457e+02 0.0000e+00
        193 176.451215    0.01333     0.8000     48.000      0.839  49070.433    31.0714     9.0193      0.831    6.61757     9.0202    24.0406   11.94596 1.6462e+02 0.0000e+00
        194 176.451218    0.01340     0.8042     48.250      0.828  49069.305    31.0707     9.0196      0.821    6.61755     9.0206    24.0399   11.94594 1.6449e+02 0.0000e+00
        195 176.451221    0.01347     0.8083     48.500      0.824  49065.581    31.0682     9.0203      0.816    6.61755     9.0202    24.0379   11.94597 1.6538e+02 0.0000e+00
        196 176.451224    0.01354     0.8125     48.750      0.831  49061.565    31.0654     9.0207      0.823    6.61762     9.0191    24.0356   11.94611 1.6542e+02 0.0000e+00
        197 176.451227    0.01361     0.8167     49.000      0.847  49059.575    31.0639     9.0202      0.840    6.61774     9.0179    24.0346   11.94634 1.6283e+02 0.0000e+00
        198 176.451230    0.01368     0.8208     49.250      0.865  49060.609    31.0645     9.0191      0.857    6.61788     9.0171    24.0352   11.94656 1.5953e+02 0.0000e+00
        199 176.451233    0.01375     0.8250     49.500      0.876  49064.239    31.0669     9.0180      0.868    6.61795     9.0173    24.0372   11.94666 1.5781e+02 0.0000e+00
        200 176.451236    0.01382     0.8292     49.750      0.876  49068.589    31.0698     9.0172      0.868    6.61794     9.0185    24.0396   11.94659 1.5714e+02 0.0000e+00
        201 176.451238    0.01389     0.8333     50.000      0.863  49070.987    31.0715     9.0174      0.855    6.61784     9.0203    24.0409   11.94641 1.5644e+02 0.0000e+00
        202 176.451241    0.01396     0.8375     50.250      0.844  49069.750    31.0708     9.0186      0.836    6.61769     9.0218    24.0402   11.94617 1.5720e+02 0.0000e+00
        203 176.451244    0.01403     0.8417     50.500      0.828  49065.442    31.0681     9.0204      0.820    6.61755     9.0224    24.0378   11.94596 1.6146e+02 0.0000e+00
        204 176.451247    0.01410     0.8458     50.750      0.824  49060.303    31.0647     9.0219      0.816    6.61746     9.0217    24.0349   11.94586 1.6650e+02 0.0000e+00
        205 176.451250    0.01417     0.8500     51.000      0.836  49056.629    31.0622     9.0224      0.828    6.61749     9.0201    24.0328   11.94595 1.6753e+02 0.0000e+00
        206 176.451253    0.01424     0.8542     51.250      0.858  49055.847    31.0615     9.0217      0.851    6.61762     9.0187    24.0324   11.94617 1.6405e+02 0.0000e+00
        207 176.451256    0.01431     0.8583     51.500      0.880  49058.436    31.0631     9.0202      0.871    6.61778     9.0180    24.0339   11.94641 1.5909e+02 0.0000e+00
        208 176.451259    0.01438     0.8625     51.750      0.888  49063.218    31.0663     9.0188      0.880    6.61786     9.0184    24.0366   11.94651 1.5464e+02 0.0000e+00
        209 176.451262    0.01444     0.8667     52.000      0.880  49067.365    31.0691     9.0181      0.871    6.61784     9.0198    24.0389   11.94644 1.5096e+02 0.0000e+00
        210 176.451264    0.01451     0.8708     52.250      0.858  49068.247    31.0698     9.0185      0.850    6.61774     9.0212    24.0393   11.94627 1.4909e+02 0.0000e+00
        211 176.451267    0.01458     0.8750     52.500      0.833  49065.365    31.0680     9.0199      0.825    6.61762     9.0218    24.0377   11.94609 1.5033e+02 0.0000e+00
        212 176.451270    0.01465     0.8792     52.750      0.818  49060.784    31.0650     9.0213      0.810    6.61754     9.0212    24.0352   11.94599 1.5255e+02 0.0000e+00
        213 176.451273    0.01472     0.8833     53.000      0.817  49057.255    31.0626     9.0219      0.809    6.61756     9.0197    24.0332   11.94605 1.5086e+02 0.0000e+00
        214 176.451276    0.01479     0.8875     53.250      0.827  49056.363    31.0618     9.0213      0.819    6.61768     9.0181    24.0327   11.94626 1.4420e+02 0.0000e+00
        215 176.451279    0.01486     0.8917     53.500      0.839  49058.584    31.0632     9.0198      0.830    6.61784     9.0169    24.0340   11.94651 1.3792e+02 0.0000e+00
        216 176.451282    0.01493     0.8958     53.750      0.842  49062.792    31.0659     9.0182      0.834    6.61797     9.0165    24.0364   11.94668 1.3676e+02 0.0000e+00
        217 176.451285    0.01500     0.9000     54.000      0.836  49066.422    31.0683     9.0170      0.828    6.61804     9.0166    24.0384   11.94677 1.4036e+02 0.0000e+00
        218 176.451288    0.01507     0.9042     54.250      0.825  49067.394    31.0689     9.0165      0.817    6.61807     9.0168    24.0390   11.94683 1.4677e+02 0.0000e+00
        219 176.451291    0.01514     0.9083     54.500      0.818  49065.444    31.0676     9.0167      0.810    6.61810     9.0165    24.0379   11.94689 1.5461e+02 0.0000e+00
        220 176.451293    0.01521     0.9125     54.750      0.822  49062.270    31.0654     9.0169      0.814    6.61817     9.0155    24.0362   11.94702 1.6262e+02 0.0000e+00
        221 176.451296    0.01528     0.9167     55.000      0.840  49060.111    31.0638     9.0166      0.833    6.61828     9.0143    24.0350   11.94723 1.6838e+02 0.0000e+00
        222 176.451299    0.01535     0.9208     55.250      0.867  49060.200    31.0637     9.0156      0.859    6.61843     9.0131    24.0351   11.94747 1.7062e+02 0.0000e+00
        223 176.451302    0.01542     0.9250     55.500      0.892  49062.719    31.0653     9.0144      0.884    6.61855     9.0124    24.0365   11.94765 1.7147e+02 0.0000e+00
        224 176.451305    0.01549     0.9292     55.750      0.905  49066.615    31.0679     9.0132      0.897    6.61861     9.0123    24.0387   11.94772 1.7172e+02 0.0000e+00
        225 176.451308    0.01556     0.9333     56.000      0.903  49069.904    31.0701     9.0125      0.894    6.61862     9.0127    24.0405   11.94771 1.6873e+02 0.0000e+00
        226 176.451311    0.01563     0.9375     56.250      0.887  49071.112    31.0709     9.0124      0.879    6.61861     9.0133    24.0412   11.94768 1.6201e+02 0.0000e+00
        227 176.451314    0.01569     0.9417     56.500      0.865  49069.875    31.0701     9.0128      0.857    6.61858     9.0135    24.0405   11.94764 1.5543e+02 0.0000e+00
        228 176.451317    0.01576     0.9458     56.750      0.844  49066.986    31.0682     9.0133      0.836    6.61858     9.0132    24.0389   11.94767 1.5250e+02 0.0000e+00
        229 176.451319    0.01583     0.9500     57.000      0.831  49063.985    31.0661     9.0135      0.823    6.61864     9.0123    24.0373   11.94779 1.5228e+02 0.0000e+00
        230 176.451322    0.01590     0.9542     57.250      0.828  49061.993    31.0647     9.0132      0.820    6.61875     9.0112    24.0362   11.94800 1.5206e+02 0.0000e+00
        231 176.451325    0.01597     0.9583     57.500      0.835  49061.295    31.0641     9.0123      0.827    6.61890     9.0101    24.0358   11.94826 1.5252e+02 0.0000e+00
        232 176.451328    0.01604     0.9625     57.750      0.848  49061.847    31.0643     9.0112      0.840    6.61906     9.0091    24.0362   11.94851 1.5542e+02 0.0000e+00
        233 176.451331    0.01611     0.9667     58.000      0.862  49063.554    31.0653     9.0101      0.853    6.61917     9.0085    24.0371   11.94869 1.5900e+02 0.0000e+00
        234 176.451334    0.01618     0.9708     58.250      0.871  49066.170    31.0670     9.0092      0.863    6.61924     9.0081    24.0386   11.94877 1.6055e+02 0.0000e+00
        235 176.451337    0.01625     0.9750     58.500      0.873  49069.127    31.0690     9.0085      0.865    6.61925     9.0079    24.0402   11.94877 1.6022e+02 0.0000e+00
        236 176.451340    0.01632     0.9792     58.750      0.867  49071.635    31.0707     9.0081      0.859    6.61924     9.0079    24.0416   11.94873 1.5997e+02 0.0000e+00
        237 176.451343    0.01639     0.9833     59.000      0.855  49073.045    31.0717     9.0079      0.847    6.61922     9.0080    24.0424   11.94870 1.6112e+02 0.0000e+00
        238 176.451345    0.01646     0.9875     59.250      0.841  49072.904    31.0716     9.0080      0.833    6.61922     9.0081    24.0424   11.94870 1.6278e+02 0.0000e+00
        239 176.451348    0.01653     0.9917     59.500      0.831  49070.920    31.0702     9.0081      0.823    6.61926     9.0081    24.0413   11.94878 1.6388e+02 0.0000e+00
        240 176.451351    0.01660     0.9958     59.750      0.829  49067.339    31.0677     9.0082      0.822    6.61936     9.0078    24.0393   11.94896 1.6505e+02 0.0000e+00
        241 176.451354    0.01667     1.0000     60.000      0.838  49063.078    31.0647     9.0081      0.830    6.61949     9.0072    24.0370   11.94922 1.6635e+02 0.0000e+00
        242 176.451357    0.01674     1.0042     60.250      0.853  49059.352    31.0621     9.0078      0.845    6.61965     9.0066    24.0349   11.94952 1.6719e+02 0.0000e+00
        243 176.451360    0.01681     1.0083     60.500      0.867  49056.999    31.0603     9.0073      0.859    6.61981     9.0059    24.0337   11.94980 1.6672e+02 0.0000e+00
        244 176.451363    0.01688     1.0125     60.750      0.874  49055.982    31.0595     9.0067      0.866    6.61994     9.0054    24.0331   11.95002 1.6401e+02 0.0000e+00
        245 176.451366    0.01694     1.0167     61.000      0.872  49055.791    31.0593     9.0060      0.864    6.62004     9.0050    24.0331   11.95020 1.6073e+02 0.0000e+00
        246 176.451369    0.01701     1.0208     61.250      0.864  49055.935    31.0593     9.0055      0.856    6.62012     9.0048    24.0332   11.95033 1.5884e+02 0.0000e+00
        247 176.451372    0.01708     1.0250     61.500      0.855  49056.077    31.0594     9.0051      0.847    6.62017     9.0046    24.0333   11.95041 1.5784e+02 0.0000e+00
        248 176.451374    0.01715     1.0292     61.750      0.849  49056.111    31.0594     9.0049      0.842    6.62020     9.0045    24.0333   11.95047 1.5855e+02 0.0000e+00
        249 176.451377    0.01722     1.0333     62.000      0.850  49056.085    31.0593     9.0047      0.842    6.62023     9.0044    24.0333   11.95051 1.6145e+02 0.0000e+00
        250 176.451380    0.01729     1.0375     62.250      0.856  49056.078    31.0593     9.0046      0.848    6.62025     9.0043    24.0333   11.95055 1.6372e+02 0.0000e+00
        251 176.451383    0.01736     1.0417     62.500      0.865  49056.111    31.0593     9.0045      0.857    6.62027     9.0042    24.0333   11.95058 1.6378e+02 0.0000e+00
        252 176.451386    0.01743     1.0458     62.750      0.873  49056.173    31.0593     9.0044      0.864    6.62028     9.0042    24.0333   11.95060 1.6266e+02 0.0000e+00
        253 176.451389    0.01750     1.0500     63.000      0.874  49056.245    31.0594     9.0043      0.866    6.62029     9.0041    24.0334   11.95062 1.6153e+02 0.0000e+00
        254 176.451392    0.01757     1.0542     63.250      0.867  49056.264    31.0594     9.0043      0.859    6.62030     9.0040    24.0334   11.95063 1.6132e+02 0.0000e+00
        255 176.451395    0.01764     1.0583     63.500      0.854  49056.241    31.0594     9.0042      0.847    6.62031     9.0038    24.0334   11.95064 1.6232e+02 0.0000e+00
        256 176.451398    0.01771     1.0625     63.750      0.843  49056.220    31.0593     9.0041      0.836    6.62032     9.0034    24.0334   11.95066 1.6399e+02 0.0000e+00
        257 176.451400    0.01778     1.0667     64.000      0.840  49056.212    31.0593     9.0039      0.832    6.62035     9.0028    24.0334   11.95071 1.6618e+02 0.0000e+00
        258 176.451403    0.01785     1.0708     64.250      0.846  49056.315    31.0593     9.0035      0.838    6.62040     9.0021    24.0335   11.95080 1.6861e+02 0.0000e+00
        259 176.451406    0.01792     1.0750     64.500      0.858  49056.741    31.0595     9.0029      0.850    6.62048     9.0013    24.0337   11.95093 1.7014e+02 0.0000e+00
        260 176.451409    0.01799     1.0792     64.750      0.867  49057.578    31.0600     9.0022      0.859    6.62058     9.0008    24.0342   11.95108 1.7071e+02 0.0000e+00
        261 176.451412    0.01806     1.0833     65.000      0.869  49058.630    31.0606     9.0014      0.861    6.62066     9.0006    24.0349   11.95120 1.7098e+02 0.0000e+00
        262 176.451415    0.01812     1.0875     65.250      0.864  49059.566    31.0612     9.0009      0.856    6.62071     9.0007    24.0354   11.95128 1.7033e+02 0.0000e+00
        263 176.451418    0.01819     1.0917     65.500      0.858  49060.046    31.0615     9.0007      0.850    6.62072     9.0007    24.0357   11.95130 1.6799e+02 0.0000e+00
        264 176.451421    0.01826     1.0958     65.750      0.861  49059.970    31.0615     9.0008      0.853    6.62072     9.0006    24.0356   11.95130 1.6518e+02 0.0000e+00
        265 176.451424    0.01833     1.1000     66.000      0.874  49059.727    31.0613     9.0008      0.866    6.62072     9.0005    24.0355   11.95130 1.6392e+02 0.0000e+00
        266 176.451427    0.01840     1.1042     66.250      0.888  49059.725    31.0613     9.0007      0.880    6.62073     9.0005    24.0354   11.95132 1.6379e+02 0.0000e+00
        267 176.451429    0.01847     1.1083     66.500      0.893  49059.967    31.0615     9.0006      0.885    6.62074     9.0006    24.0356   11.95134 1.6327e+02 0.0000e+00
        268 176.451432    0.01854     1.1125     66.750      0.887  49060.238    31.0616     9.0006      0.878    6.62074     9.0008    24.0357   11.95133 1.6269e+02 0.0000e+00
        269 176.451435    0.01861     1.1167     67.000      0.872  49060.380    31.0618     9.0007      0.864    6.62072     9.0011    24.0358   11.95130 1.6301e+02 0.0000e+00
        270 176.451438    0.01868     1.1208     67.250      0.861  49060.336    31.0618     9.0009      0.853    6.62069     9.0015    24.0358   11.95124 1.6369e+02 0.0000e+00
        271 176.451441    0.01875     1.1250     67.500      0.864  49060.053    31.0616     9.0012      0.856    6.62065     9.0018    24.0356   11.95117 1.6272e+02 0.0000e+00
