CTD-processing/allCTD/CNV--turbid/2018_06-22_alongbay_skb03_cast107.cnv
* Sea-Bird SBE19plus Data File:
* FileName = C:\Users\Kim.Powell\Desktop\Not Processed\2018\2018_06-XX\2018_06-XX_TRANSECT_STATION_cast107.hex
* Software Version 1.59
* Temperature SN =  5028
* Conductivity SN =  5028
* System UpLoad Time = Jul 05 2018 09:21:37
** 2018_06-22
** Station: KB03
** Start Time: 10:42
** Depth (m): 110.3
** Comment: Marine Plastic
** Comment:
# nquan = 16
# nvalues = 841                         
# units = specified
# name 0 = scan: Scan Count
# name 1 = timeJ: Julian Days
# name 2 = timeH: Time, Elapsed [hours]
# name 3 = timeM: Time, Elapsed [minutes]
# name 4 = timeS: Time, Elapsed [seconds]
# name 5 = prdM: Pressure, Strain Gauge [db]
# name 6 = specc: Specific Conductance [uS/cm]
# name 7 = sal00: Salinity, Practical [PSU]
# name 8 = tv290C: Temperature [ITS-90, deg C]
# name 9 = depSM: Depth [salt water, m], lat = 59.00
# name 10 = oxsolML/L: Oxygen Saturation, Garcia & Gordon [ml/l]
# name 11 = potemp090C: Potential Temperature [ITS-90, deg C]
# name 12 = sigma-é00: Density [sigma-theta, kg/m^3]
# name 13 = n2satML/L: Nitrogen Saturation [ml/l]
# name 14 = par: PAR/Irradiance, Biospherical/Licor
# name 15 = flag:  0.000e+00
# span 0 =          1,        841       
# span 1 = 173.447373, 173.449803       
# span 2 =    0.00000,    0.05833       
# span 3 =     0.0000,     3.5000       
# span 4 =      0.000,    210.000       
# span 5 =      0.802,    108.078       
# span 6 =  49704.395,  50757.119       
# span 7 =    31.3440,    31.8252       
# span 8 =     6.5162,     7.9955       
# span 9 =      0.795,    107.040       
# span 10 =    6.74739,    6.97271      
# span 11 =     6.5071,     7.9954      
# span 12 =    24.4226,    24.9575      
# span 13 =   12.15400,   12.52445      
# span 14 = 4.6725e-02, 2.7520e+02      
# span 15 = 0.0000e+00, 0.0000e+00      
# interval = seconds: 0.25
# start_time = Jun 22 2018 10:44:13 [Instrument's time stamp, header]
# bad_flag = -9.990e-29
*END*
[from data line 272]
        273 173.448160    0.01889     1.1333     68.000      0.828  50063.918    31.5884     7.8257      0.821    6.77493     7.8262    24.6203   12.20002 2.5623e+02 0.0000e+00
        274 173.448163    0.01896     1.1375     68.250      0.823  50063.833    31.5884     7.8260      0.816    6.77488     7.8264    24.6202   12.19994 2.5679e+02 0.0000e+00
        275 173.448166    0.01903     1.1417     68.500      0.819  50063.698    31.5883     7.8263      0.811    6.77484     7.8265    24.6201   12.19988 2.5627e+02 0.0000e+00
        276 173.448168    0.01910     1.1458     68.750      0.818  50063.561    31.5883     7.8265      0.810    6.77482     7.8266    24.6201   12.19984 2.5595e+02 0.0000e+00
        277 173.448171    0.01917     1.1500     69.000      0.821  50063.418    31.5882     7.8266      0.813    6.77480     7.8268    24.6200   12.19982 2.5629e+02 0.0000e+00
        278 173.448174    0.01924     1.1542     69.250      0.826  50063.250    31.5881     7.8267      0.818    6.77478     7.8270    24.6199   12.19979 2.5671e+02 0.0000e+00
        279 173.448177    0.01931     1.1583     69.500      0.831  50063.015    31.5880     7.8269      0.823    6.77476     7.8272    24.6197   12.19976 2.5716e+02 0.0000e+00
        280 173.448180    0.01938     1.1625     69.750      0.833  50062.715    31.5878     7.8271      0.825    6.77474     7.8273    24.6196   12.19973 2.5793e+02 0.0000e+00
        281 173.448183    0.01944     1.1667     70.000      0.831  50062.564    31.5877     7.8272      0.823    6.77472     7.8274    24.6195   12.19970 2.5837e+02 0.0000e+00
        282 173.448186    0.01951     1.1708     70.250      0.824  50062.759    31.5878     7.8273      0.816    6.77470     7.8277    24.6196   12.19966 2.5798e+02 0.0000e+00
        283 173.448189    0.01958     1.1750     70.500      0.817  50063.109    31.5881     7.8275      0.809    6.77467     7.8280    24.6198   12.19960 2.5783e+02 0.0000e+00
        284 173.448192    0.01965     1.1792     70.750      0.812  50063.229    31.5882     7.8277      0.804    6.77462     7.8284    24.6198   12.19952 2.5880e+02 0.0000e+00
        285 173.448194    0.01972     1.1833     71.000      0.813  50062.959    31.5881     7.8281      0.805    6.77457     7.8288    24.6197   12.19944 2.5969e+02 0.0000e+00
        286 173.448197    0.01979     1.1875     71.250      0.820  50062.422    31.5878     7.8285      0.812    6.77453     7.8292    24.6194   12.19937 2.5944e+02 0.0000e+00
        287 173.448200    0.01986     1.1917     71.500      0.832  50061.868    31.5875     7.8288      0.824    6.77449     7.8296    24.6191   12.19931 2.5915e+02 0.0000e+00
        288 173.448203    0.01993     1.1958     71.750      0.845  50061.386    31.5872     7.8292      0.837    6.77443     7.8301    24.6188   12.19923 2.5956e+02 0.0000e+00
        289 173.448206    0.02000     1.2000     72.000      0.855  50060.878    31.5869     7.8297      0.847    6.77437     7.8305    24.6185   12.19913 2.5991e+02 0.0000e+00
        290 173.448209    0.02007     1.2042     72.250      0.861  50060.410    31.5867     7.8302      0.853    6.77431     7.8309    24.6182   12.19902 2.5979e+02 0.0000e+00
        291 173.448212    0.02014     1.2083     72.500      0.862  50060.139    31.5865     7.8306      0.854    6.77425     7.8311    24.6181   12.19893 2.5990e+02 0.0000e+00
        292 173.448215    0.02021     1.2125     72.750      0.861  50059.949    31.5865     7.8309      0.853    6.77421     7.8312    24.6180   12.19886 2.6060e+02 0.0000e+00
        293 173.448218    0.02028     1.2167     73.000      0.859  50059.714    31.5863     7.8312      0.851    6.77418     7.8313    24.6178   12.19881 2.6098e+02 0.0000e+00
        294 173.448220    0.02035     1.2208     73.250      0.858  50059.576    31.5863     7.8313      0.850    6.77416     7.8314    24.6178   12.19877 2.6076e+02 0.0000e+00
        295 173.448223    0.02042     1.2250     73.500      0.859  50059.589    31.5863     7.8314      0.851    6.77414     7.8316    24.6178   12.19875 2.6044e+02 0.0000e+00
        296 173.448226    0.02049     1.2292     73.750      0.860  50059.646    31.5864     7.8315      0.852    6.77412     7.8317    24.6178   12.19872 2.6057e+02 0.0000e+00
        297 173.448229    0.02056     1.2333     74.000      0.860  50059.697    31.5864     7.8316      0.852    6.77410     7.8320    24.6178   12.19868 2.6138e+02 0.0000e+00
        298 173.448232    0.02063     1.2375     74.250      0.858  50059.731    31.5865     7.8318      0.850    6.77407     7.8323    24.6179   12.19863 2.6222e+02 0.0000e+00
        299 173.448235    0.02069     1.2417     74.500      0.855  50059.740    31.5865     7.8321      0.847    6.77404     7.8326    24.6179   12.19857 2.6336e+02 0.0000e+00
        300 173.448238    0.02076     1.2458     74.750      0.853  50059.687    31.5865     7.8324      0.845    6.77399     7.8330    24.6178   12.19849 2.6457e+02 0.0000e+00
        301 173.448241    0.02083     1.2500     75.000      0.852  50059.534    31.5864     7.8327      0.844    6.77394     7.8334    24.6177   12.19841 2.6504e+02 0.0000e+00
        302 173.448244    0.02090     1.2542     75.250      0.852  50059.312    31.5863     7.8331      0.844    6.77389     7.8337    24.6176   12.19832 2.6558e+02 0.0000e+00
        303 173.448247    0.02097     1.2583     75.500      0.853  50059.046    31.5862     7.8335      0.845    6.77383     7.8340    24.6175   12.19823 2.6592e+02 0.0000e+00
        304 173.448249    0.02104     1.2625     75.750      0.854  50058.783    31.5861     7.8338      0.846    6.77378     7.8343    24.6173   12.19815 2.6539e+02 0.0000e+00
        305 173.448252    0.02111     1.2667     76.000      0.854  50058.593    31.5860     7.8341      0.846    6.77374     7.8346    24.6172   12.19808 2.6428e+02 0.0000e+00
        306 173.448255    0.02118     1.2708     76.250      0.853  50058.489    31.5860     7.8344      0.846    6.77370     7.8348    24.6171   12.19802 2.6371e+02 0.0000e+00
        307 173.448258    0.02125     1.2750     76.500      0.851  50058.484    31.5860     7.8346      0.844    6.77366     7.8350    24.6171   12.19796 2.6553e+02 0.0000e+00
        308 173.448261    0.02132     1.2792     76.750      0.848  50058.583    31.5861     7.8348      0.841    6.77363     7.8352    24.6172   12.19790 2.6813e+02 0.0000e+00
        309 173.448264    0.02139     1.2833     77.000      0.845  50058.667    31.5862     7.8350      0.838    6.77359     7.8353    24.6172   12.19784 2.6856e+02 0.0000e+00
        310 173.448267    0.02146     1.2875     77.250      0.843  50058.632    31.5862     7.8352      0.835    6.77356     7.8354    24.6172   12.19779 2.6752e+02 0.0000e+00
        311 173.448270    0.02153     1.2917     77.500      0.844  50058.523    31.5862     7.8354      0.836    6.77354     7.8355    24.6172   12.19775 2.6678e+02 0.0000e+00
        312 173.448273    0.02160     1.2958     77.750      0.847  50058.439    31.5861     7.8355      0.839    6.77353     7.8356    24.6171   12.19773 2.6697e+02 0.0000e+00
        313 173.448275    0.02167     1.3000     78.000      0.852  50058.421    31.5861     7.8356      0.844    6.77351     7.8357    24.6171   12.19771 2.6819e+02 0.0000e+00
        314 173.448278    0.02174     1.3042     78.250      0.854  50058.396    31.5861     7.8357      0.846    6.77349     7.8357    24.6171   12.19768 2.6977e+02 0.0000e+00
        315 173.448281    0.02181     1.3083     78.500      0.850  50058.295    31.5861     7.8358      0.842    6.77348     7.8357    24.6170   12.19766 2.7095e+02 0.0000e+00
        316 173.448284    0.02187     1.3125     78.750      0.840  50058.236    31.5861     7.8358      0.832    6.77347     7.8357    24.6170   12.19765 2.7157e+02 0.0000e+00
        317 173.448287    0.02194     1.3167     79.000      0.827  50058.326    31.5861     7.8358      0.819    6.77347     7.8357    24.6170   12.19764 2.7196e+02 0.0000e+00
        318 173.448290    0.02201     1.3208     79.250      0.818  50058.492    31.5862     7.8358      0.810    6.77347     7.8357    24.6171   12.19764 2.7314e+02 0.0000e+00
        319 173.448293    0.02208     1.3250     79.500      0.818  50058.613    31.5863     7.8358      0.810    6.77347     7.8357    24.6172   12.19764 2.7503e+02 0.0000e+00
        320 173.448296    0.02215     1.3292     79.750      0.824  50058.626    31.5863     7.8358      0.816    6.77347     7.8358    24.6172   12.19764 2.7520e+02 0.0000e+00
        321 173.448299    0.02222     1.3333     80.000      0.834  50058.567    31.5863     7.8358      0.826    6.77346     7.8358    24.6172   12.19763 2.7287e+02 0.0000e+00
        322 173.448302    0.02229     1.3375     80.250      0.843  50058.496    31.5862     7.8359      0.835    6.77346     7.8358    24.6171   12.19762 2.7066e+02 0.0000e+00
        323 173.448304    0.02236     1.3417     80.500      0.846  50058.418    31.5862     7.8359      0.838    6.77345     7.8358    24.6171   12.19761 2.6968e+02 0.0000e+00
        324 173.448307    0.02243     1.3458     80.750      0.846  50058.259    31.5861     7.8359      0.838    6.77346     7.8357    24.6170   12.19762 2.6856e+02 0.0000e+00
        325 173.448310    0.02250     1.3500     81.000      0.843  50057.976    31.5859     7.8359      0.836    6.77347     7.8355    24.6168   12.19764 2.6635e+02 0.0000e+00
        326 173.448313    0.02257     1.3542     81.250      0.840  50057.763    31.5857     7.8358      0.833    6.77350     7.8354    24.6167   12.19769 2.6413e+02 0.0000e+00
        327 173.448316    0.02264     1.3583     81.500      0.838  50057.806    31.5857     7.8356      0.830    6.77353     7.8353    24.6168   12.19774 2.6346e+02 0.0000e+00
        328 173.448319    0.02271     1.3625     81.750      0.836  50057.897    31.5858     7.8354      0.828    6.77355     7.8352    24.6168   12.19778 2.6365e+02 0.0000e+00
        329 173.448322    0.02278     1.3667     82.000      0.835  50057.734    31.5856     7.8353      0.827    6.77357     7.8351    24.6167   12.19781 2.6367e+02 0.0000e+00
        330 173.448325    0.02285     1.3708     82.250      0.837  50057.363    31.5854     7.8353      0.829    6.77359     7.8348    24.6165   12.19785 2.6378e+02 0.0000e+00
        331 173.448328    0.02292     1.3750     82.500      0.840  50057.024    31.5851     7.8351      0.833    6.77363     7.8346    24.6163   12.19791 2.6430e+02 0.0000e+00
        332 173.448330    0.02299     1.3792     82.750      0.843  50056.945    31.5850     7.8349      0.836    6.77366     7.8345    24.6163   12.19798 2.6510e+02 0.0000e+00
        333 173.448333    0.02306     1.3833     83.000      0.845  50057.293    31.5852     7.8347      0.837    6.77369     7.8345    24.6165   12.19802 2.6535e+02 0.0000e+00
        334 173.448336    0.02313     1.3875     83.250      0.847  50057.873    31.5856     7.8346      0.839    6.77369     7.8348    24.6168   12.19802 2.6501e+02 0.0000e+00
        335 173.448339    0.02319     1.3917     83.500      0.849  50058.237    31.5859     7.8346      0.841    6.77367     7.8350    24.6170   12.19797 2.6459e+02 0.0000e+00
        336 173.448342    0.02326     1.3958     83.750      0.856  50058.264    31.5859     7.8349      0.848    6.77363     7.8353    24.6170   12.19791 2.6342e+02 0.0000e+00
        337 173.448345    0.02333     1.4000     84.000      0.870  50058.115    31.5858     7.8351      0.862    6.77359     7.8354    24.6169   12.19785 2.6081e+02 0.0000e+00
        338 173.448348    0.02340     1.4042     84.250      0.893  50057.943    31.5857     7.8354      0.884    6.77356     7.8355    24.6168   12.19780 2.5624e+02 0.0000e+00
        339 173.448351    0.02347     1.4083     84.500      0.926  50057.880    31.5857     7.8355      0.917    6.77354     7.8354    24.6168   12.19776 2.4949e+02 0.0000e+00
        340 173.448354    0.02354     1.4125     84.750      0.975  50058.023    31.5858     7.8356      0.966    6.77353     7.8351    24.6169   12.19774 2.4078e+02 0.0000e+00
        341 173.448356    0.02361     1.4167     85.000      1.048  50058.452    31.5860     7.8355      1.039    6.77353     7.8345    24.6171   12.19773 2.3027e+02 0.0000e+00
        342 173.448359    0.02368     1.4208     85.250      1.159  50059.046    31.5864     7.8352      1.148    6.77355     7.8332    24.6173   12.19777 2.1806e+02 0.0000e+00
        343 173.448362    0.02375     1.4250     85.500      1.308  50059.804    31.5867     7.8346      1.296    6.77362     7.8310    24.6177   12.19789 2.0412e+02 0.0000e+00
        344 173.448365    0.02382     1.4292     85.750      1.489  50061.857    31.5879     7.8334      1.475    6.77377     7.8276    24.6188   12.19812 1.8907e+02 0.0000e+00
        345 173.448368    0.02389     1.4333     86.000      1.693  50066.831    31.5909     7.8311      1.678    6.77398     7.8232    24.6215   12.19843 1.7403e+02 0.0000e+00
        346 173.448371    0.02396     1.4375     86.250      1.914  50076.281    31.5969     7.8278      1.897    6.77423     7.8181    24.6266   12.19877 1.5999e+02 0.0000e+00
        347 173.448374    0.02403     1.4417     86.500      2.146  50090.484    31.6060     7.8234      2.126    6.77450     7.8127    24.6344   12.19911 1.4774e+02 0.0000e+00
        348 173.448377    0.02410     1.4458     86.750      2.381  50107.219    31.6168     7.8183      2.359    6.77481     7.8069    24.6436   12.19948 1.3758e+02 0.0000e+00
        349 173.448380    0.02417     1.4500     87.000      2.616  50124.148    31.6276     7.8130      2.591    6.77516     7.7999    24.6529   12.19992 1.2918e+02 0.0000e+00
        350 173.448383    0.02424     1.4542     87.250      2.848  50139.648    31.6374     7.8072      2.821    6.77562     7.7909    24.6614   12.20056 1.2205e+02 0.0000e+00
        351 173.448385    0.02431     1.4583     87.500      3.078  50152.676    31.6453     7.8002      3.049    6.77634     7.7789    24.6685   12.20167 1.1585e+02 0.0000e+00
        352 173.448388    0.02438     1.4625     87.750      3.310  50162.539    31.6506     7.7912      3.279    6.77749     7.7630    24.6740   12.20350 1.1030e+02 0.0000e+00
        353 173.448391    0.02444     1.4667     88.000      3.546  50169.306    31.6533     7.7793      3.513    6.77922     7.7434    24.6778   12.20632 1.0532e+02 0.0000e+00
        354 173.448394    0.02451     1.4708     88.250      3.788  50176.323    31.6555     7.7634      3.753    6.78157     7.7217    24.6817   12.21019 1.0094e+02 0.0000e+00
        355 173.448397    0.02458     1.4750     88.500      4.034  50186.794    31.6595     7.7437      3.997    6.78443     7.6999    24.6876   12.21486 9.7105e+01 0.0000e+00
        356 173.448400    0.02465     1.4792     88.750      4.282  50200.240    31.6653     7.7221      4.242    6.78752     7.6792    24.6952   12.21990 9.3629e+01 0.0000e+00
        357 173.448403    0.02472     1.4833     89.000      4.528  50214.840    31.6718     7.7003      4.485    6.79059     7.6599    24.7033   12.22491 9.0403e+01 0.0000e+00
        358 173.448406    0.02479     1.4875     89.250      4.771  50228.192    31.6777     7.6797      4.726    6.79353     7.6416    24.7108   12.22969 8.7425e+01 0.0000e+00
        359 173.448409    0.02486     1.4917     89.500      5.009  50240.013    31.6826     7.6603      4.962    6.79630     7.6248    24.7173   12.23421 8.4709e+01 0.0000e+00
        360 173.448411    0.02493     1.4958     89.750      5.243  50252.680    31.6884     7.6421      5.194    6.79887     7.6101    24.7244   12.23839 8.2190e+01 0.0000e+00
        361 173.448414    0.02500     1.5000     90.000      5.471  50266.413    31.6951     7.6253      5.420    6.80118     7.5976    24.7320   12.24212 7.9763e+01 0.0000e+00
