CTD-processing/allCTD/CNV--turbid/2018_09-17_alongbay_skb08_cast046.cnv
* Sea-Bird SBE19plus Data File:
* FileName = C:\Users\Kim.Powell\Desktop\Not Processed\2018\2018_09-17_AlongBay, T6, T7_5028\2018_09-17_TRANSECT_STATION_cast046.hex
* Software Version 1.59
* Temperature SN =  5028
* Conductivity SN =  5028
* System UpLoad Time = Sep 18 2018 16:27:57
** 2018_09-17
** Station: KB08
** Start Time: 16:34
** Depth (m): 80.6
** Comment:
** Comment:
# nquan = 16
# nvalues = 627                         
# units = specified
# name 0 = scan: Scan Count
# name 1 = timeJ: Julian Days
# name 2 = timeH: Time, Elapsed [hours]
# name 3 = timeM: Time, Elapsed [minutes]
# name 4 = timeS: Time, Elapsed [seconds]
# name 5 = prdM: Pressure, Strain Gauge [db]
# name 6 = specc: Specific Conductance [uS/cm]
# name 7 = sal00: Salinity, Practical [PSU]
# name 8 = tv290C: Temperature [ITS-90, deg C]
# name 9 = depSM: Depth [salt water, m], lat = 59.00
# name 10 = oxsolML/L: Oxygen Saturation, Garcia & Gordon [ml/l]
# name 11 = potemp090C: Potential Temperature [ITS-90, deg C]
# name 12 = sigma-é00: Density [sigma-theta, kg/m^3]
# name 13 = n2satML/L: Nitrogen Saturation [ml/l]
# name 14 = par: PAR/Irradiance, Biospherical/Licor
# name 15 = flag:  0.000e+00
# span 0 =          1,        627       
# span 1 = 260.691319, 260.693131       
# span 2 =    0.00000,    0.04347       
# span 3 =     0.0000,     2.6083       
# span 4 =      0.000,    156.500       
# span 5 =     -0.012,     76.789       
# span 6 =   4591.494,  49125.611       
# span 7 =     2.6740,    31.1286       
# span 8 =     9.3908,    11.4339       
# span 9 =     -0.011,     76.057       
# span 10 =    6.37621,    7.59799      
# span 11 =     9.3828,    11.4338      
# span 12 =     1.6894,    24.0291      
# span 13 =   11.57120,   13.96361      
# span 14 = 5.3298e-02, 3.1453e+02      
# span 15 = 0.0000e+00, 0.0000e+00      
# interval = seconds: 0.25
# start_time = Sep 17 2018 16:35:30 [Instrument's time stamp, header]
# bad_flag = -9.990e-29
*END*
[from data line 362]
        363 260.692367    0.02514     1.5083     90.500     19.262  48751.024    30.9492     9.8473     19.081    6.50260     9.8411    23.8158   11.75703 3.1332e+00 0.0000e+00
        364 260.692370    0.02521     1.5125     90.750     19.486  48754.383    30.9512     9.8452     19.302    6.50282     9.8392    23.8177   11.75737 3.0094e+00 0.0000e+00
        365 260.692373    0.02528     1.5167     91.000     19.709  48758.213    30.9536     9.8432     19.523    6.50301     9.8377    23.8199   11.75767 2.8902e+00 0.0000e+00
        366 260.692376    0.02535     1.5208     91.250     19.933  48762.358    30.9562     9.8414     19.745    6.50316     9.8363    23.8222   11.75789 2.7747e+00 0.0000e+00
        367 260.692378    0.02542     1.5250     91.500     20.159  48766.417    30.9587     9.8398     19.970    6.50327     9.8349    23.8244   11.75804 2.6628e+00 0.0000e+00
        368 260.692381    0.02549     1.5292     91.750     20.387  48769.765    30.9608     9.8385     20.196    6.50338     9.8332    23.8263   11.75819 2.5547e+00 0.0000e+00
        369 260.692384    0.02556     1.5333     92.000     20.614  48772.219    30.9623     9.8371     20.420    6.50352     9.8312    23.8276   11.75840 2.4507e+00 0.0000e+00
        370 260.692387    0.02562     1.5375     92.250     20.839  48774.300    30.9635     9.8354     20.644    6.50371     9.8291    23.8288   11.75870 2.3513e+00 0.0000e+00
        371 260.692390    0.02569     1.5417     92.500     21.064  48776.624    30.9648     9.8335     20.866    6.50393     9.8270    23.8301   11.75906 2.2562e+00 0.0000e+00
        372 260.692393    0.02576     1.5458     92.750     21.287  48779.448    30.9664     9.8314     21.087    6.50416     9.8251    23.8317   11.75942 2.1651e+00 0.0000e+00
        373 260.692396    0.02583     1.5500     93.000     21.510  48782.715    30.9683     9.8293     21.308    6.50437     9.8234    23.8336   11.75974 2.0781e+00 0.0000e+00
        374 260.692399    0.02590     1.5542     93.250     21.731  48786.331    30.9705     9.8275     21.526    6.50454     9.8219    23.8356   11.76000 1.9953e+00 0.0000e+00
        375 260.692402    0.02597     1.5583     93.500     21.950  48790.273    30.9730     9.8258     21.743    6.50468     9.8205    23.8378   11.76019 1.9165e+00 0.0000e+00
        376 260.692405    0.02604     1.5625     93.750     22.169  48794.446    30.9756     9.8243     21.960    6.50479     9.8193    23.8401   11.76034 1.8411e+00 0.0000e+00
        377 260.692407    0.02611     1.5667     94.000     22.388  48798.659    30.9783     9.8229     22.177    6.50488     9.8185    23.8425   11.76045 1.7681e+00 0.0000e+00
        378 260.692410    0.02618     1.5708     94.250     22.610  48802.693    30.9809     9.8218     22.398    6.50493     9.8180    23.8447   11.76051 1.6968e+00 0.0000e+00
        379 260.692413    0.02625     1.5750     94.500     22.836  48806.455    30.9834     9.8210     22.621    6.50494     9.8177    23.8467   11.76050 1.6268e+00 0.0000e+00
        380 260.692416    0.02632     1.5792     94.750     23.063  48809.706    30.9855     9.8205     22.847    6.50492     9.8174    23.8485   11.76043 1.5586e+00 0.0000e+00
        381 260.692419    0.02639     1.5833     95.000     23.292  48812.823    30.9876     9.8202     23.073    6.50488     9.8172    23.8502   11.76034 1.4930e+00 0.0000e+00
        382 260.692422    0.02646     1.5875     95.250     23.520  48816.613    30.9901     9.8199     23.299    6.50481     9.8168    23.8522   11.76020 1.4307e+00 0.0000e+00
        383 260.692425    0.02653     1.5917     95.500     23.746  48819.818    30.9923     9.8197     23.522    6.50475     9.8160    23.8538   11.76008 1.3716e+00 0.0000e+00
        384 260.692428    0.02660     1.5958     95.750     23.969  48821.485    30.9933     9.8194     23.743    6.50475     9.8149    23.8547   11.76007 1.3152e+00 0.0000e+00
        385 260.692431    0.02667     1.6000     96.000     24.191  48823.149    30.9943     9.8185     23.964    6.50483     9.8140    23.8556   11.76018 1.2605e+00 0.0000e+00
        386 260.692433    0.02674     1.6042     96.250     24.416  48825.599    30.9958     9.8175     24.187    6.50492     9.8135    23.8570   11.76032 1.2070e+00 0.0000e+00
        387 260.692436    0.02681     1.6083     96.500     24.645  48828.429    30.9976     9.8166     24.413    6.50497     9.8137    23.8585   11.76038 1.1546e+00 0.0000e+00
        388 260.692439    0.02688     1.6125     96.750     24.876  48831.316    30.9994     9.8162     24.642    6.50495     9.8145    23.8600   11.76033 1.1038e+00 0.0000e+00
        389 260.692442    0.02694     1.6167     97.000     25.108  48833.833    31.0011     9.8164     24.872    6.50485     9.8157    23.8613   11.76014 1.0551e+00 0.0000e+00
        390 260.692445    0.02701     1.6208     97.250     25.339  48835.895    31.0026     9.8172     25.100    6.50468     9.8172    23.8624   11.75983 1.0089e+00 0.0000e+00
        391 260.692448    0.02708     1.6250     97.500     25.566  48837.554    31.0038     9.8184     25.326    6.50445     9.8189    23.8631   11.75944 9.6524e-01 0.0000e+00
        392 260.692451    0.02715     1.6292     97.750     25.790  48838.442    31.0046     9.8200     25.547    6.50420     9.8204    23.8635   11.75901 9.2389e-01 0.0000e+00
        393 260.692454    0.02722     1.6333     98.000     26.011  48838.650    31.0048     9.8217     25.767    6.50395     9.8219    23.8634   11.75859 8.8454e-01 0.0000e+00
        394 260.692457    0.02729     1.6375     98.250     26.231  48838.846    31.0051     9.8233     25.984    6.50371     9.8234    23.8634   11.75819 8.4702e-01 0.0000e+00
        395 260.692459    0.02736     1.6417     98.500     26.450  48839.631    31.0057     9.8248     26.201    6.50347     9.8253    23.8636   11.75779 8.1123e-01 0.0000e+00
        396 260.692462    0.02743     1.6458     98.750     26.668  48841.404    31.0071     9.8263     26.417    6.50319     9.8277    23.8644   11.75731 7.7701e-01 0.0000e+00
        397 260.692465    0.02750     1.6500     99.000     26.885  48844.073    31.0091     9.8282     26.632    6.50284     9.8305    23.8657   11.75670 7.4415e-01 0.0000e+00
        398 260.692468    0.02757     1.6542     99.250     27.103  48847.294    31.0116     9.8306     26.848    6.50240     9.8338    23.8673   11.75594 7.1258e-01 0.0000e+00
        399 260.692471    0.02764     1.6583     99.500     27.322  48850.409    31.0141     9.8335     27.064    6.50188     9.8370    23.8687   11.75505 6.8231e-01 0.0000e+00
        400 260.692474    0.02771     1.6625     99.750     27.541  48852.573    31.0159     9.8367     27.281    6.50134     9.8398    23.8696   11.75413 6.5332e-01 0.0000e+00
        401 260.692477    0.02778     1.6667    100.000     27.760  48853.477    31.0169     9.8400     27.499    6.50083     9.8417    23.8699   11.75328 6.2563e-01 0.0000e+00
        402 260.692480    0.02785     1.6708    100.250     27.979  48853.162    31.0169     9.8428     27.716    6.50043     9.8423    23.8694   11.75262 5.9925e-01 0.0000e+00
        403 260.692483    0.02792     1.6750    100.500     28.198  48851.653    31.0160     9.8447     27.932    6.50019     9.8413    23.8684   11.75224 5.7396e-01 0.0000e+00
        404 260.692486    0.02799     1.6792    100.750     28.416  48849.124    31.0142     9.8454     28.148    6.50017     9.8384    23.8670   11.75222 5.4957e-01 0.0000e+00
        405 260.692488    0.02806     1.6833    101.000     28.636  48846.230    31.0120     9.8444     28.366    6.50040     9.8334    23.8654   11.75264 5.2595e-01 0.0000e+00
        406 260.692491    0.02813     1.6875    101.250     28.857  48842.916    31.0092     9.8415     28.585    6.50093     9.8262    23.8636   11.75355 5.0305e-01 0.0000e+00
        407 260.692494    0.02819     1.6917    101.500     29.081  48839.213    31.0058     9.8365     28.807    6.50179     9.8174    23.8618   11.75500 4.8093e-01 0.0000e+00
        408 260.692497    0.02826     1.6958    101.750     29.305  48837.307    31.0035     9.8294     29.029    6.50291     9.8082    23.8612   11.75688 4.5969e-01 0.0000e+00
        409 260.692500    0.02833     1.7000    102.000     29.528  48838.885    31.0034     9.8206     29.250    6.50416     9.7996    23.8625   11.75896 4.3930e-01 0.0000e+00
        410 260.692503    0.02840     1.7042    102.250     29.749  48843.247    31.0052     9.8114     29.469    6.50540     9.7922    23.8654   11.76099 4.1970e-01 0.0000e+00
        411 260.692506    0.02847     1.7083    102.500     29.968  48849.150    31.0081     9.8028     29.686    6.50650     9.7863    23.8691   11.76279 4.0087e-01 0.0000e+00
        412 260.692509    0.02854     1.7125    102.750     30.188  48855.738    31.0117     9.7955     29.904    6.50741     9.7819    23.8731   11.76424 3.8272e-01 0.0000e+00
        413 260.692512    0.02861     1.7167    103.000     30.409  48862.030    31.0153     9.7896     30.123    6.50809     9.7785    23.8768   11.76534 3.6509e-01 0.0000e+00
        414 260.692514    0.02868     1.7208    103.250     30.633  48867.395    31.0184     9.7852     30.344    6.50859     9.7756    23.8799   11.76612 3.4797e-01 0.0000e+00
        415 260.692517    0.02875     1.7250    103.500     30.858  48872.487    31.0215     9.7818     30.567    6.50895     9.7734    23.8829   11.76668 3.3151e-01 0.0000e+00
        416 260.692520    0.02882     1.7292    103.750     31.082  48878.379    31.0252     9.7790     30.789    6.50920     9.7721    23.8862   11.76705 3.1593e-01 0.0000e+00
        417 260.692523    0.02889     1.7333    104.000     31.302  48885.283    31.0297     9.7767     31.007    6.50933     9.7719    23.8901   11.76721 3.0140e-01 0.0000e+00
        418 260.692526    0.02896     1.7375    104.250     31.520  48892.144    31.0343     9.7755     31.223    6.50931     9.7720    23.8938   11.76713 2.8788e-01 0.0000e+00
        419 260.692529    0.02903     1.7417    104.500     31.734  48896.954    31.0375     9.7753     31.435    6.50921     9.7714    23.8964   11.76691 2.7524e-01 0.0000e+00
        420 260.692532    0.02910     1.7458    104.750     31.947  48898.438    31.0385     9.7755     31.646    6.50914     9.7691    23.8972   11.76680 2.6337e-01 0.0000e+00
        421 260.692535    0.02917     1.7500    105.000     32.158  48897.607    31.0377     9.7748     31.855    6.50926     9.7653    23.8967   11.76701 2.5219e-01 0.0000e+00
        422 260.692538    0.02924     1.7542    105.250     32.369  48896.968    31.0369     9.7726     32.064    6.50962     9.7606    23.8964   11.76761 2.4156e-01 0.0000e+00
        423 260.692541    0.02931     1.7583    105.500     32.581  48897.616    31.0368     9.7688     32.274    6.51017     9.7550    23.8969   11.76851 2.3144e-01 0.0000e+00
        424 260.692543    0.02937     1.7625    105.750     32.795  48898.426    31.0366     9.7641     32.485    6.51085     9.7484    23.8976   11.76965 2.2182e-01 0.0000e+00
        425 260.692546    0.02944     1.7667    106.000     33.010  48898.319    31.0358     9.7586     32.699    6.51168     9.7405    23.8978   11.77103 2.1265e-01 0.0000e+00
        426 260.692549    0.02951     1.7708    106.250     33.228  48898.209    31.0348     9.7520     32.915    6.51266     9.7321    23.8980   11.77267 2.0394e-01 0.0000e+00
        427 260.692552    0.02958     1.7750    106.500     33.447  48900.299    31.0351     9.7441     33.132    6.51377     9.7241    23.8996   11.77450 1.9574e-01 0.0000e+00
        428 260.692555    0.02965     1.7792    106.750     33.666  48904.868    31.0372     9.7357     33.348    6.51489     9.7172    23.9025   11.77633 1.8811e-01 0.0000e+00
        429 260.692558    0.02972     1.7833    107.000     33.883  48910.117    31.0398     9.7278     33.564    6.51592     9.7112    23.9058   11.77801 1.8100e-01 0.0000e+00
        430 260.692561    0.02979     1.7875    107.250     34.101  48914.898    31.0421     9.7208     33.779    6.51682     9.7062    23.9088   11.77946 1.7437e-01 0.0000e+00
        431 260.692564    0.02986     1.7917    107.500     34.320  48918.950    31.0441     9.7149     33.996    6.51758     9.7018    23.9113   11.78071 1.6815e-01 0.0000e+00
        432 260.692567    0.02993     1.7958    107.750     34.541  48922.082    31.0456     9.7099     34.215    6.51825     9.6977    23.9132   11.78179 1.6231e-01 0.0000e+00
        433 260.692569    0.03000     1.8000    108.000     34.764  48924.215    31.0464     9.7055     34.436    6.51884     9.6936    23.9146   11.78277 1.5686e-01 0.0000e+00
        434 260.692572    0.03007     1.8042    108.250     34.988  48925.607    31.0468     9.7014     34.658    6.51941     9.6894    23.9155   11.78371 1.5189e-01 0.0000e+00
        435 260.692575    0.03014     1.8083    108.500     35.212  48926.796    31.0470     9.6974     34.880    6.51998     9.6852    23.9164   11.78465 1.4711e-01 0.0000e+00
        436 260.692578    0.03021     1.8125    108.750     35.433  48928.006    31.0472     9.6932     35.099    6.52056     9.6810    23.9172   11.78561 1.4214e-01 0.0000e+00
        437 260.692581    0.03028     1.8167    109.000     35.652  48929.495    31.0476     9.6890     35.316    6.52115     9.6772    23.9182   11.78658 1.3728e-01 0.0000e+00
        438 260.692584    0.03035     1.8208    109.250     35.872  48931.790    31.0486     9.6849     35.533    6.52171     9.6741    23.9196   11.78749 1.3279e-01 0.0000e+00
        439 260.692587    0.03042     1.8250    109.500     36.093  48934.667    31.0501     9.6811     35.753    6.52219     9.6718    23.9213   11.78827 1.2858e-01 0.0000e+00
        440 260.692590    0.03049     1.8292    109.750     36.317  48937.430    31.0515     9.6780     35.975    6.52257     9.6701    23.9230   11.78888 1.2460e-01 0.0000e+00
        441 260.692593    0.03056     1.8333    110.000     36.543  48939.626    31.0527     9.6757     36.198    6.52285     9.6689    23.9242   11.78933 1.2085e-01 0.0000e+00
        442 260.692595    0.03062     1.8375    110.250     36.768  48941.045    31.0534     9.6741     36.421    6.52306     9.6678    23.9250   11.78966 1.1733e-01 0.0000e+00
        443 260.692598    0.03069     1.8417    110.500     36.992  48941.733    31.0536     9.6729     36.643    6.52322     9.6667    23.9254   11.78993 1.1402e-01 0.0000e+00
        444 260.692601    0.03076     1.8458    110.750     37.216  48941.937    31.0535     9.6718     36.865    6.52338     9.6654    23.9255   11.79020 1.1090e-01 0.0000e+00
        445 260.692604    0.03083     1.8500    111.000     37.439  48942.115    31.0534     9.6706     37.086    6.52355     9.6641    23.9256   11.79048 1.0796e-01 0.0000e+00
        446 260.692607    0.03090     1.8542    111.250     37.662  48942.454    31.0534     9.6694     37.307    6.52373     9.6626    23.9258   11.79077 1.0519e-01 0.0000e+00
        447 260.692610    0.03097     1.8583    111.500     37.884  48942.691    31.0533     9.6681     37.527    6.52392     9.6610    23.9259   11.79110 1.0262e-01 0.0000e+00
        448 260.692613    0.03104     1.8625    111.750     38.105  48942.880    31.0531     9.6666     37.745    6.52413     9.6592    23.9260   11.79145 1.0022e-01 0.0000e+00
        449 260.692616    0.03111     1.8667    112.000     38.325  48943.313    31.0531     9.6650     37.963    6.52436     9.6575    23.9263   11.79183 9.7954e-02 0.0000e+00
        450 260.692619    0.03118     1.8708    112.250     38.545  48943.944    31.0532     9.6633     38.181    6.52460     9.6557    23.9267   11.79222 9.5814e-02 0.0000e+00
        451 260.692622    0.03125     1.8750    112.500     38.765  48944.558    31.0533     9.6616     38.400    6.52484     9.6537    23.9270   11.79263 9.3780e-02 0.0000e+00
