CTD-processing/allCTD/CNV--turbid/2018_08-23_alongbay_skb06_cast200.cnv
* Sea-Bird SBE19plus Data File:
* FileName = C:\Users\Kim.Powell\Desktop\Not Processed\2018\2018_08-23_AlongBay, T9_5028\2018_08-23_TRANSECT_STATION_cast200.hex
* Software Version 1.59
* Temperature SN =  5028
* Conductivity SN =  5028
* System UpLoad Time = Aug 31 2018 10:20:12
** 2018_08-23
** Station: KB06
** Start Time: 12:08
** Depth (m): 103
** Comment:
** Comment:
# nquan = 16
# nvalues = 720                         
# units = specified
# name 0 = scan: Scan Count
# name 1 = timeJ: Julian Days
# name 2 = timeH: Time, Elapsed [hours]
# name 3 = timeM: Time, Elapsed [minutes]
# name 4 = timeS: Time, Elapsed [seconds]
# name 5 = prdM: Pressure, Strain Gauge [db]
# name 6 = specc: Specific Conductance [uS/cm]
# name 7 = sal00: Salinity, Practical [PSU]
# name 8 = tv290C: Temperature [ITS-90, deg C]
# name 9 = depSM: Depth [salt water, m], lat = 59.00
# name 10 = oxsolML/L: Oxygen Saturation, Garcia & Gordon [ml/l]
# name 11 = potemp090C: Potential Temperature [ITS-90, deg C]
# name 12 = sigma-é00: Density [sigma-theta, kg/m^3]
# name 13 = n2satML/L: Nitrogen Saturation [ml/l]
# name 14 = par: PAR/Irradiance, Biospherical/Licor
# name 15 = flag:  0.000e+00
# span 0 =          1,        720       
# span 1 = 235.506065, 235.508145       
# span 2 =    0.00000,    0.04993       
# span 3 =     0.0000,     2.9958       
# span 4 =      0.000,    179.750       
# span 5 =      0.538,     93.439       
# span 6 =  36782.831,  49402.487       
# span 7 =    22.8549,    31.3015       
# span 8 =     9.2842,    12.1447       
# span 9 =      0.533,     92.545       
# span 10 =    6.35760,    6.56897      
# span 11 =     9.2744,    12.1446      
# span 12 =    17.1799,    24.1812      
# span 13 =   11.52744,   11.90842      
# span 14 = 5.4495e-02, 1.3975e+02      
# span 15 = 0.0000e+00, 0.0000e+00      
# interval = seconds: 0.25
# start_time = Aug 23 2018 12:08:44 [Instrument's time stamp, header]
# bad_flag = -9.990e-29
*END*
[from data line 543]
        544 235.507636    0.03771     2.2625    135.750     58.559  49127.443    31.1849     9.7474     58.003    6.50704     9.7396    24.0164   11.76155 5.7310e-02 0.0000e+00
        545 235.507639    0.03778     2.2667    136.000     58.753  49127.737    31.1849     9.7467     58.195    6.50714     9.7385    24.0165   11.76171 5.7268e-02 0.0000e+00
        546 235.507642    0.03785     2.2708    136.250     58.945  49127.901    31.1848     9.7459     58.386    6.50726     9.7371    24.0166   11.76192 5.7221e-02 0.0000e+00
        547 235.507645    0.03792     2.2750    136.500     59.138  49128.116    31.1848     9.7448     58.577    6.50742     9.7354    24.0167   11.76218 5.7168e-02 0.0000e+00
        548 235.507648    0.03799     2.2792    136.750     59.333  49128.753    31.1850     9.7434     58.771    6.50761     9.7338    24.0171   11.76249 5.7116e-02 0.0000e+00
        549 235.507650    0.03806     2.2833    137.000     59.534  49129.874    31.1855     9.7418     58.970    6.50782     9.7322    24.0177   11.76284 5.7061e-02 0.0000e+00
        550 235.507653    0.03812     2.2875    137.250     59.743  49131.211    31.1861     9.7402     59.176    6.50802     9.7308    24.0185   11.76317 5.7015e-02 0.0000e+00
        551 235.507656    0.03819     2.2917    137.500     59.958  49132.474    31.1867     9.7386     59.390    6.50822     9.7295    24.0192   11.76348 5.6988e-02 0.0000e+00
        552 235.507659    0.03826     2.2958    137.750     60.178  49133.534    31.1872     9.7373     59.607    6.50839     9.7282    24.0198   11.76377 5.6964e-02 0.0000e+00
        553 235.507662    0.03833     2.3000    138.000     60.396  49134.432    31.1876     9.7360     59.823    6.50856     9.7268    24.0203   11.76404 5.6933e-02 0.0000e+00
        554 235.507665    0.03840     2.3042    138.250     60.606  49135.225    31.1879     9.7347     60.030    6.50873     9.7254    24.0208   11.76432 5.6900e-02 0.0000e+00
        555 235.507668    0.03847     2.3083    138.500     60.801  49136.064    31.1882     9.7334     60.224    6.50891     9.7241    24.0212   11.76461 5.6867e-02 0.0000e+00
        556 235.507671    0.03854     2.3125    138.750     60.981  49137.107    31.1887     9.7320     60.403    6.50909     9.7228    24.0218   11.76490 5.6835e-02 0.0000e+00
        557 235.507674    0.03861     2.3167    139.000     61.150  49138.309    31.1893     9.7306     60.569    6.50926     9.7219    24.0225   11.76517 5.6802e-02 0.0000e+00
        558 235.507677    0.03868     2.3208    139.250     61.314  49139.583    31.1899     9.7294     60.732    6.50940     9.7212    24.0233   11.76540 5.6769e-02 0.0000e+00
        559 235.507679    0.03875     2.3250    139.500     61.483  49140.765    31.1906     9.7285     60.899    6.50951     9.7208    24.0239   11.76558 5.6738e-02 0.0000e+00
        560 235.507682    0.03882     2.3292    139.750     61.667  49141.657    31.1911     9.7279     61.081    6.50958     9.7206    24.0244   11.76569 5.6708e-02 0.0000e+00
        561 235.507685    0.03889     2.3333    140.000     61.872  49142.232    31.1913     9.7275     61.284    6.50962     9.7205    24.0246   11.76575 5.6680e-02 0.0000e+00
        562 235.507688    0.03896     2.3375    140.250     62.095  49142.512    31.1914     9.7273     61.505    6.50964     9.7204    24.0247   11.76579 5.6655e-02 0.0000e+00
        563 235.507691    0.03903     2.3417    140.500     62.327  49142.595    31.1914     9.7273     61.735    6.50966     9.7203    24.0247   11.76581 5.6632e-02 0.0000e+00
        564 235.507694    0.03910     2.3458    140.750     62.556  49142.701    31.1913     9.7272     61.962    6.50967     9.7201    24.0247   11.76584 5.6606e-02 0.0000e+00
        565 235.507697    0.03917     2.3500    141.000     62.771  49142.946    31.1914     9.7270     62.175    6.50969     9.7201    24.0247   11.76587 5.6581e-02 0.0000e+00
        566 235.507700    0.03924     2.3542    141.250     62.965  49143.202    31.1915     9.7269     62.366    6.50970     9.7200    24.0248   11.76589 5.6561e-02 0.0000e+00
        567 235.507703    0.03931     2.3583    141.500     63.138  49143.371    31.1915     9.7268     62.538    6.50971     9.7199    24.0249   11.76590 5.6545e-02 0.0000e+00
        568 235.507705    0.03938     2.3625    141.750     63.299  49143.498    31.1915     9.7268     62.697    6.50972     9.7199    24.0249   11.76591 5.6532e-02 0.0000e+00
        569 235.507708    0.03944     2.3667    142.000     63.458  49143.572    31.1915     9.7267     62.855    6.50972     9.7199    24.0249   11.76592 5.6518e-02 0.0000e+00
        570 235.507711    0.03951     2.3708    142.250     63.626  49143.607    31.1914     9.7267     63.022    6.50973     9.7199    24.0249   11.76592 5.6506e-02 0.0000e+00
        571 235.507714    0.03958     2.3750    142.500     63.811  49143.724    31.1914     9.7267     63.205    6.50973     9.7199    24.0249   11.76592 5.6496e-02 0.0000e+00
        572 235.507717    0.03965     2.3792    142.750     64.014  49143.923    31.1915     9.7268     63.406    6.50973     9.7199    24.0249   11.76592 5.6475e-02 0.0000e+00
        573 235.507720    0.03972     2.3833    143.000     64.229  49144.002    31.1915     9.7268     63.619    6.50972     9.7199    24.0249   11.76591 5.6439e-02 0.0000e+00
        574 235.507723    0.03979     2.3875    143.250     64.450  49143.901    31.1913     9.7268     63.838    6.50972     9.7197    24.0248   11.76591 5.6399e-02 0.0000e+00
        575 235.507726    0.03986     2.3917    143.500     64.671  49143.734    31.1911     9.7268     64.057    6.50973     9.7193    24.0246   11.76593 5.6359e-02 0.0000e+00
        576 235.507729    0.03993     2.3958    143.750     64.888  49143.637    31.1909     9.7266     64.272    6.50976     9.7189    24.0245   11.76598 5.6324e-02 0.0000e+00
        577 235.507731    0.04000     2.4000    144.000     65.098  49143.781    31.1909     9.7263     64.479    6.50981     9.7185    24.0245   11.76606 5.6298e-02 0.0000e+00
        578 235.507734    0.04007     2.4042    144.250     65.298  49144.165    31.1910     9.7259     64.677    6.50986     9.7183    24.0247   11.76614 5.6282e-02 0.0000e+00
        579 235.507737    0.04014     2.4083    144.500     65.491  49144.623    31.1912     9.7256     64.869    6.50990     9.7181    24.0249   11.76621 5.6272e-02 0.0000e+00
        580 235.507740    0.04021     2.4125    144.750     65.680  49145.014    31.1914     9.7253     65.056    6.50993     9.7179    24.0251   11.76626 5.6265e-02 0.0000e+00
        581 235.507743    0.04028     2.4167    145.000     65.868  49145.262    31.1914     9.7252     65.242    6.50995     9.7178    24.0252   11.76629 5.6255e-02 0.0000e+00
        582 235.507746    0.04035     2.4208    145.250     66.057  49145.394    31.1914     9.7251     65.429    6.50996     9.7176    24.0252   11.76632 5.6243e-02 0.0000e+00
        583 235.507749    0.04042     2.4250    145.500     66.248  49145.460    31.1914     9.7250     65.618    6.50998     9.7174    24.0252   11.76635 5.6228e-02 0.0000e+00
        584 235.507752    0.04049     2.4292    145.750     66.443  49145.568    31.1914     9.7248     65.811    6.51001     9.7171    24.0252   11.76639 5.6209e-02 0.0000e+00
        585 235.507755    0.04056     2.4333    146.000     66.642  49145.829    31.1914     9.7246     66.009    6.51004     9.7169    24.0253   11.76643 5.6190e-02 0.0000e+00
        586 235.507758    0.04063     2.4375    146.250     66.846  49146.182    31.1916     9.7243     66.210    6.51006     9.7167    24.0254   11.76648 5.6168e-02 0.0000e+00
        587 235.507760    0.04069     2.4417    146.500     67.050  49146.498    31.1917     9.7241     66.412    6.51009     9.7165    24.0255   11.76652 5.6138e-02 0.0000e+00
        588 235.507763    0.04076     2.4458    146.750     67.253  49146.670    31.1917     9.7239     66.614    6.51011     9.7162    24.0256   11.76657 5.6110e-02 0.0000e+00
        589 235.507766    0.04083     2.4500    147.000     67.458  49146.726    31.1916     9.7237     66.817    6.51014     9.7159    24.0256   11.76661 5.6088e-02 0.0000e+00
        590 235.507769    0.04090     2.4542    147.250     67.667  49146.784    31.1916     9.7235     67.024    6.51018     9.7156    24.0255   11.76667 5.6062e-02 0.0000e+00
        591 235.507772    0.04097     2.4583    147.500     67.885  49146.892    31.1915     9.7233     67.239    6.51022     9.7152    24.0255   11.76674 5.6031e-02 0.0000e+00
        592 235.507775    0.04104     2.4625    147.750     68.112  49147.042    31.1915     9.7230     67.464    6.51026     9.7148    24.0256   11.76681 5.6003e-02 0.0000e+00
        593 235.507778    0.04111     2.4667    148.000     68.345  49147.238    31.1915     9.7226     67.695    6.51032     9.7144    24.0256   11.76690 5.5982e-02 0.0000e+00
        594 235.507781    0.04118     2.4708    148.250     68.575  49147.550    31.1915     9.7222     67.923    6.51037     9.7140    24.0258   11.76699 5.5964e-02 0.0000e+00
        595 235.507784    0.04125     2.4750    148.500     68.793  49148.001    31.1917     9.7218     68.139    6.51042     9.7137    24.0260   11.76708 5.5951e-02 0.0000e+00
        596 235.507786    0.04132     2.4792    148.750     68.995  49148.445    31.1919     9.7214     68.338    6.51047     9.7134    24.0262   11.76715 5.5942e-02 0.0000e+00
        597 235.507789    0.04139     2.4833    149.000     69.180  49148.697    31.1919     9.7211     68.521    6.51052     9.7130    24.0263   11.76722 5.5935e-02 0.0000e+00
        598 235.507792    0.04146     2.4875    149.250     69.352  49148.701    31.1918     9.7208     68.692    6.51056     9.7124    24.0262   11.76730 5.5924e-02 0.0000e+00
        599 235.507795    0.04153     2.4917    149.500     69.522  49148.532    31.1916     9.7204     68.860    6.51062     9.7117    24.0261   11.76741 5.5911e-02 0.0000e+00
        600 235.507798    0.04160     2.4958    149.750     69.699  49148.330    31.1913     9.7199     69.036    6.51071     9.7109    24.0260   11.76755 5.5891e-02 0.0000e+00
        601 235.507801    0.04167     2.5000    150.000     69.888  49148.399    31.1912     9.7192     69.222    6.51081     9.7102    24.0260   11.76772 5.5867e-02 0.0000e+00
        602 235.507804    0.04174     2.5042    150.250     70.088  49148.819    31.1913     9.7185     69.421    6.51091     9.7094    24.0262   11.76789 5.5847e-02 0.0000e+00
        603 235.507807    0.04181     2.5083    150.500     70.298  49149.172    31.1914     9.7177     69.629    6.51102     9.7086    24.0264   11.76806 5.5826e-02 0.0000e+00
        604 235.507810    0.04188     2.5125    150.750     70.513  49149.287    31.1913     9.7170     69.842    6.51113     9.7076    24.0264   11.76824 5.5802e-02 0.0000e+00
        605 235.507813    0.04194     2.5167    151.000     70.727  49149.418    31.1912     9.7162     70.054    6.51125     9.7066    24.0265   11.76844 5.5785e-02 0.0000e+00
        606 235.507815    0.04201     2.5208    151.250     70.935  49149.782    31.1912     9.7153     70.260    6.51138     9.7057    24.0266   11.76866 5.5775e-02 0.0000e+00
        607 235.507818    0.04208     2.5250    151.500     71.133  49150.386    31.1914     9.7143     70.456    6.51151     9.7048    24.0270   11.76887 5.5767e-02 0.0000e+00
        608 235.507821    0.04215     2.5292    151.750     71.323  49151.058    31.1917     9.7134     70.644    6.51163     9.7040    24.0273   11.76907 5.5756e-02 0.0000e+00
        609 235.507824    0.04222     2.5333    152.000     71.506  49151.626    31.1919     9.7125     70.826    6.51175     9.7032    24.0276   11.76926 5.5741e-02 0.0000e+00
        610 235.507827    0.04229     2.5375    152.250     71.688  49151.989    31.1920     9.7117     71.006    6.51186     9.7021    24.0278   11.76944 5.5728e-02 0.0000e+00
        611 235.507830    0.04236     2.5417    152.500     71.874  49152.127    31.1919     9.7109     71.190    6.51198     9.7007    24.0279   11.76965 5.5718e-02 0.0000e+00
        612 235.507833    0.04243     2.5458    152.750     72.069  49152.003    31.1916     9.7099     71.382    6.51214     9.6985    24.0278   11.76992 5.5709e-02 0.0000e+00
        613 235.507836    0.04250     2.5500    153.000     72.274  49151.471    31.1909     9.7084     71.586    6.51237     9.6953    24.0276   11.77031 5.5701e-02 0.0000e+00
        614 235.507839    0.04257     2.5542    153.250     72.492  49150.378    31.1898     9.7063     71.802    6.51272     9.6904    24.0270   11.77090 5.5699e-02 0.0000e+00
        615 235.507841    0.04264     2.5583    153.500     72.722  49148.875    31.1882     9.7031     72.029    6.51324     9.6834    24.0263   11.77179 5.5701e-02 0.0000e+00
        616 235.507844    0.04271     2.5625    153.750     72.960  49147.533    31.1866     9.6982     72.265    6.51401     9.6743    24.0258   11.77308 5.5694e-02 0.0000e+00
        617 235.507847    0.04278     2.5667    154.000     73.202  49147.569    31.1856     9.6913     72.505    6.51505     9.6639    24.0261   11.77481 5.5676e-02 0.0000e+00
        618 235.507850    0.04285     2.5708    154.250     73.440  49150.434    31.1863     9.6822     72.740    6.51632     9.6535    24.0281   11.77691 5.5651e-02 0.0000e+00
        619 235.507853    0.04292     2.5750    154.500     73.668  49156.367    31.1890     9.6718     72.966    6.51770     9.6441    24.0319   11.77916 5.5626e-02 0.0000e+00
        620 235.507856    0.04299     2.5792    154.750     73.883  49164.147    31.1930     9.6614     73.179    6.51903     9.6361    24.0367   11.78131 5.5606e-02 0.0000e+00
        621 235.507859    0.04306     2.5833    155.000     74.086  49171.870    31.1971     9.6520     73.380    6.52020     9.6296    24.0414   11.78321 5.5593e-02 0.0000e+00
        622 235.507862    0.04312     2.5875    155.250     74.284  49178.455    31.2006     9.6441     73.576    6.52119     9.6242    24.0454   11.78480 5.5582e-02 0.0000e+00
        623 235.507865    0.04319     2.5917    155.500     74.482  49183.946    31.2036     9.6376     73.773    6.52201     9.6196    24.0487   11.78612 5.5571e-02 0.0000e+00
        624 235.507867    0.04326     2.5958    155.750     74.691  49188.226    31.2058     9.6322     73.979    6.52269     9.6155    24.0513   11.78722 5.5556e-02 0.0000e+00
        625 235.507870    0.04333     2.6000    156.000     74.913  49191.110    31.2071     9.6277     74.199    6.52328     9.6112    24.0531   11.78819 5.5539e-02 0.0000e+00
        626 235.507873    0.04340     2.6042    156.250     75.148  49192.606    31.2075     9.6236     74.432    6.52385     9.6061    24.0541   11.78913 5.5520e-02 0.0000e+00
        627 235.507876    0.04347     2.6083    156.500     75.392  49192.899    31.2071     9.6193     74.673    6.52449     9.5998    24.0544   11.79018 5.5504e-02 0.0000e+00
        628 235.507879    0.04354     2.6125    156.750     75.636  49192.783    31.2062     9.6142     74.914    6.52525     9.5923    24.0545   11.79145 5.5490e-02 0.0000e+00
        629 235.507882    0.04361     2.6167    157.000     75.874  49193.457    31.2058     9.6079     75.150    6.52617     9.5839    24.0551   11.79299 5.5474e-02 0.0000e+00
        630 235.507885    0.04368     2.6208    157.250     76.104  49195.365    31.2060     9.6005     75.378    6.52724     9.5747    24.0565   11.79475 5.5451e-02 0.0000e+00
        631 235.507888    0.04375     2.6250    157.500     76.326  49198.046    31.2067     9.5920     75.598    6.52842     9.5646    24.0584   11.79670 5.5425e-02 0.0000e+00
        632 235.507891    0.04382     2.6292    157.750     76.542  49200.800    31.2073     9.5828     75.812    6.52972     9.5536    24.0603   11.79884 5.5412e-02 0.0000e+00
