CTD-processing/allCTD/CNV--turbid/2018_08-23_alongbay_skb03_cast196.cnv
* Sea-Bird SBE19plus Data File:
* FileName = C:\Users\Kim.Powell\Desktop\Not Processed\2018\2018_08-23_AlongBay, T9_5028\2018_08-23_TRANSECT_STATION_cast196.hex
* Software Version 1.59
* Temperature SN =  5028
* Conductivity SN =  5028
* System UpLoad Time = Aug 31 2018 10:14:51
** 2018_08-23
** Station: KB03
** Start Time: 11:00
** Depth (m): 108
** Comment: 1 sea otter observed
** Comment: Flow meter malfunction for corresponding zoop data
# nquan = 16
# nvalues = 769                         
# units = specified
# name 0 = scan: Scan Count
# name 1 = timeJ: Julian Days
# name 2 = timeH: Time, Elapsed [hours]
# name 3 = timeM: Time, Elapsed [minutes]
# name 4 = timeS: Time, Elapsed [seconds]
# name 5 = prdM: Pressure, Strain Gauge [db]
# name 6 = specc: Specific Conductance [uS/cm]
# name 7 = sal00: Salinity, Practical [PSU]
# name 8 = tv290C: Temperature [ITS-90, deg C]
# name 9 = depSM: Depth [salt water, m], lat = 59.00
# name 10 = oxsolML/L: Oxygen Saturation, Garcia & Gordon [ml/l]
# name 11 = potemp090C: Potential Temperature [ITS-90, deg C]
# name 12 = sigma-é00: Density [sigma-theta, kg/m^3]
# name 13 = n2satML/L: Nitrogen Saturation [ml/l]
# name 14 = par: PAR/Irradiance, Biospherical/Licor
# name 15 = flag:  0.000e+00
# span 0 =          1,        769       
# span 1 = 235.458461, 235.460683       
# span 2 =    0.00000,    0.05333       
# span 3 =     0.0000,     3.2000       
# span 4 =      0.000,    192.000       
# span 5 =     -0.053,    104.375       
# span 6 =   7097.201,  49442.984       
# span 7 =     3.9372,    31.3443       
# span 8 =     9.4212,    10.9545       
# span 9 =     -0.053,    103.373       
# span 10 =    6.35428,    7.61040      
# span 11 =     9.4102,    10.9537      
# span 12 =     2.7265,    24.1933      
# span 13 =   11.51309,   13.96501      
# span 14 = 5.4456e-02, 1.2707e+02      
# span 15 = 0.0000e+00, 0.0000e+00      
# interval = seconds: 0.25
# start_time = Aug 23 2018 11:00:11 [Instrument's time stamp, header]
# bad_flag = -9.990e-29
*END*
[from data line 633]
        634 235.460292    0.04396     2.6375    158.250     78.241  49405.604    31.3321     9.4442     77.494    6.54447     9.4359    24.1797   11.82177 5.6510e-02 0.0000e+00
        635 235.460295    0.04403     2.6417    158.500     78.452  49405.784    31.3321     9.4442     77.704    6.54446     9.4360    24.1797   11.82176 5.6463e-02 0.0000e+00
        636 235.460298    0.04410     2.6458    158.750     78.644  49405.935    31.3321     9.4443     77.894    6.54445     9.4360    24.1798   11.82174 5.6426e-02 0.0000e+00
        637 235.460301    0.04417     2.6500    159.000     78.824  49406.121    31.3322     9.4443     78.072    6.54444     9.4361    24.1798   11.82172 5.6388e-02 0.0000e+00
        638 235.460304    0.04424     2.6542    159.250     79.003  49406.360    31.3323     9.4444     78.250    6.54443     9.4361    24.1799   11.82170 5.6347e-02 0.0000e+00
        639 235.460307    0.04431     2.6583    159.500     79.190  49406.610    31.3324     9.4444     78.435    6.54442     9.4362    24.1800   11.82167 5.6307e-02 0.0000e+00
        640 235.460310    0.04437     2.6625    159.750     79.392  49406.855    31.3325     9.4445     78.635    6.54440     9.4364    24.1800   11.82164 5.6265e-02 0.0000e+00
        641 235.460312    0.04444     2.6667    160.000     79.610  49407.104    31.3326     9.4447     78.850    6.54437     9.4365    24.1801   11.82160 5.6229e-02 0.0000e+00
        642 235.460315    0.04451     2.6708    160.250     79.838  49407.303    31.3327     9.4448     79.077    6.54435     9.4366    24.1801   11.82156 5.6203e-02 0.0000e+00
        643 235.460318    0.04458     2.6750    160.500     80.070  49407.381    31.3327     9.4450     79.306    6.54433     9.4367    24.1801   11.82153 5.6187e-02 0.0000e+00
        644 235.460321    0.04465     2.6792    160.750     80.293  49407.374    31.3326     9.4451     79.528    6.54431     9.4367    24.1800   11.82151 5.6179e-02 0.0000e+00
        645 235.460324    0.04472     2.6833    161.000     80.500  49407.386    31.3325     9.4452     79.732    6.54430     9.4367    24.1799   11.82149 5.6168e-02 0.0000e+00
        646 235.460327    0.04479     2.6875    161.250     80.687  49407.458    31.3325     9.4452     79.916    6.54430     9.4366    24.1799   11.82149 5.6144e-02 0.0000e+00
        647 235.460330    0.04486     2.6917    161.500     80.857  49407.577    31.3325     9.4452     80.085    6.54430     9.4366    24.1800   11.82149 5.6118e-02 0.0000e+00
        648 235.460333    0.04493     2.6958    161.750     81.024  49407.700    31.3325     9.4452     80.250    6.54430     9.4366    24.1800   11.82149 5.6088e-02 0.0000e+00
        649 235.460336    0.04500     2.7000    162.000     81.202  49407.779    31.3324     9.4452     80.427    6.54430     9.4366    24.1799   11.82149 5.6045e-02 0.0000e+00
        650 235.460339    0.04507     2.7042    162.250     81.405  49407.828    31.3324     9.4452     80.627    6.54431     9.4365    24.1799   11.82150 5.5986e-02 0.0000e+00
        651 235.460341    0.04514     2.7083    162.500     81.633  49407.923    31.3324     9.4452     80.854    6.54431     9.4365    24.1799   11.82150 5.5928e-02 0.0000e+00
        652 235.460344    0.04521     2.7125    162.750     81.880  49408.101    31.3324     9.4452     81.098    6.54431     9.4364    24.1799   11.82151 5.5886e-02 0.0000e+00
        653 235.460347    0.04528     2.7167    163.000     82.126  49408.335    31.3325     9.4451     81.342    6.54431     9.4364    24.1800   11.82151 5.5854e-02 0.0000e+00
        654 235.460350    0.04535     2.7208    163.250     82.351  49408.574    31.3325     9.4451     81.565    6.54431     9.4364    24.1800   11.82151 5.5828e-02 0.0000e+00
        655 235.460353    0.04542     2.7250    163.500     82.541  49408.775    31.3326     9.4452     81.753    6.54431     9.4365    24.1801   11.82150 5.5813e-02 0.0000e+00
        656 235.460356    0.04549     2.7292    163.750     82.695  49408.942    31.3327     9.4452     81.906    6.54430     9.4367    24.1801   11.82148 5.5808e-02 0.0000e+00
        657 235.460359    0.04556     2.7333    164.000     82.825  49409.106    31.3328     9.4453     82.034    6.54428     9.4368    24.1802   11.82144 5.5803e-02 0.0000e+00
        658 235.460362    0.04562     2.7375    164.250     82.954  49409.218    31.3328     9.4455     82.162    6.54425     9.4370    24.1802   11.82140 5.5796e-02 0.0000e+00
        659 235.460365    0.04569     2.7417    164.500     83.112  49409.167    31.3327     9.4457     82.318    6.54423     9.4370    24.1801   11.82136 5.5784e-02 0.0000e+00
        660 235.460367    0.04576     2.7458    164.750     83.317  49409.021    31.3326     9.4458     82.521    6.54422     9.4368    24.1800   11.82134 5.5763e-02 0.0000e+00
        661 235.460370    0.04583     2.7500    165.000     83.570  49409.046    31.3325     9.4458     82.772    6.54422     9.4366    24.1799   11.82135 5.5736e-02 0.0000e+00
        662 235.460373    0.04590     2.7542    165.250     83.854  49409.377    31.3326     9.4457     83.053    6.54423     9.4365    24.1800   11.82136 5.5705e-02 0.0000e+00
        663 235.460376    0.04597     2.7583    165.500     84.140  49409.880    31.3328     9.4456     83.336    6.54425     9.4363    24.1802   11.82139 5.5667e-02 0.0000e+00
        664 235.460379    0.04604     2.7625    165.750     84.398  49410.378    31.3330     9.4454     83.592    6.54426     9.4363    24.1804   11.82141 5.5635e-02 0.0000e+00
        665 235.460382    0.04611     2.7667    166.000     84.611  49410.796    31.3332     9.4453     83.803    6.54427     9.4363    24.1805   11.82142 5.5612e-02 0.0000e+00
        666 235.460385    0.04618     2.7708    166.250     84.779  49411.153    31.3333     9.4453     83.969    6.54426     9.4364    24.1807   11.82141 5.5591e-02 0.0000e+00
        667 235.460388    0.04625     2.7750    166.500     84.920  49411.420    31.3335     9.4453     84.109    6.54425     9.4365    24.1808   11.82139 5.5565e-02 0.0000e+00
        668 235.460391    0.04632     2.7792    166.750     85.061  49411.498    31.3335     9.4454     84.248    6.54424     9.4365    24.1808   11.82137 5.5528e-02 0.0000e+00
        669 235.460394    0.04639     2.7833    167.000     85.226  49411.369    31.3334     9.4455     84.412    6.54423     9.4364    24.1807   11.82136 5.5483e-02 0.0000e+00
        670 235.460396    0.04646     2.7875    167.250     85.427  49411.128    31.3331     9.4455     84.611    6.54424     9.4362    24.1805   11.82137 5.5430e-02 0.0000e+00
        671 235.460399    0.04653     2.7917    167.500     85.663  49410.987    31.3329     9.4454     84.844    6.54426     9.4359    24.1803   11.82141 5.5368e-02 0.0000e+00
        672 235.460402    0.04660     2.7958    167.750     85.918  49411.075    31.3328     9.4452     85.098    6.54429     9.4357    24.1803   11.82146 5.5308e-02 0.0000e+00
        673 235.460405    0.04667     2.8000    168.000     86.172  49411.319    31.3328     9.4450     85.349    6.54432     9.4355    24.1804   11.82151 5.5269e-02 0.0000e+00
        674 235.460408    0.04674     2.8042    168.250     86.401  49411.632    31.3329     9.4448     85.576    6.54435     9.4354    24.1805   11.82156 5.5248e-02 0.0000e+00
        675 235.460411    0.04681     2.8083    168.500     86.596  49411.982    31.3330     9.4446     85.768    6.54436     9.4353    24.1806   11.82159 5.5231e-02 0.0000e+00
        676 235.460414    0.04688     2.8125    168.750     86.756  49412.318    31.3332     9.4445     85.927    6.54437     9.4354    24.1807   11.82159 5.5211e-02 0.0000e+00
        677 235.460417    0.04694     2.8167    169.000     86.896  49412.593    31.3333     9.4446     86.066    6.54436     9.4355    24.1808   11.82158 5.5186e-02 0.0000e+00
        678 235.460420    0.04701     2.8208    169.250     87.036  49412.729    31.3334     9.4447     86.204    6.54435     9.4356    24.1809   11.82155 5.5165e-02 0.0000e+00
        679 235.460422    0.04708     2.8250    169.500     87.194  49412.650    31.3333     9.4448     86.361    6.54434     9.4356    24.1808   11.82153 5.5157e-02 0.0000e+00
        680 235.460425    0.04715     2.8292    169.750     87.383  49412.445    31.3331     9.4449     86.548    6.54434     9.4355    24.1806   11.82153 5.5153e-02 0.0000e+00
        681 235.460428    0.04722     2.8333    170.000     87.601  49412.340    31.3329     9.4449     86.764    6.54434     9.4354    24.1804   11.82154 5.5148e-02 0.0000e+00
        682 235.460431    0.04729     2.8375    170.250     87.841  49412.431    31.3329     9.4448     87.001    6.54435     9.4353    24.1804   11.82156 5.5140e-02 0.0000e+00
        683 235.460434    0.04736     2.8417    170.500     88.087  49412.645    31.3329     9.4447     87.245    6.54436     9.4352    24.1804   11.82158 5.5132e-02 0.0000e+00
        684 235.460437    0.04743     2.8458    170.750     88.325  49412.868    31.3330     9.4446     87.480    6.54437     9.4351    24.1805   11.82159 5.5125e-02 0.0000e+00
        685 235.460440    0.04750     2.8500    171.000     88.545  49413.036    31.3330     9.4446     87.698    6.54438     9.4351    24.1805   11.82160 5.5115e-02 0.0000e+00
        686 235.460443    0.04757     2.8542    171.250     88.744  49413.163    31.3329     9.4445     87.895    6.54438     9.4350    24.1805   11.82162 5.5105e-02 0.0000e+00
        687 235.460446    0.04764     2.8583    171.500     88.924  49413.293    31.3329     9.4445     88.074    6.54439     9.4349    24.1805   11.82163 5.5103e-02 0.0000e+00
        688 235.460448    0.04771     2.8625    171.750     89.095  49413.449    31.3330     9.4444     88.243    6.54440     9.4347    24.1806   11.82165 5.5105e-02 0.0000e+00
        689 235.460451    0.04778     2.8667    172.000     89.268  49413.622    31.3330     9.4443     88.414    6.54441     9.4346    24.1806   11.82167 5.5114e-02 0.0000e+00
        690 235.460454    0.04785     2.8708    172.250     89.452  49413.804    31.3331     9.4442     88.597    6.54443     9.4345    24.1807   11.82168 5.5125e-02 0.0000e+00
        691 235.460457    0.04792     2.8750    172.500     89.654  49413.992    31.3331     9.4441     88.796    6.54444     9.4344    24.1807   11.82170 5.5132e-02 0.0000e+00
        692 235.460460    0.04799     2.8792    172.750     89.872  49414.174    31.3331     9.4440     89.013    6.54445     9.4344    24.1808   11.82171 5.5136e-02 0.0000e+00
        693 235.460463    0.04806     2.8833    173.000     90.102  49414.348    31.3331     9.4440     89.240    6.54446     9.4343    24.1808   11.82172 5.5124e-02 0.0000e+00
        694 235.460466    0.04813     2.8875    173.250     90.332  49414.524    31.3331     9.4439     89.468    6.54446     9.4341    24.1809   11.82174 5.5093e-02 0.0000e+00
        695 235.460469    0.04819     2.8917    173.500     90.552  49414.666    31.3331     9.4438     89.686    6.54447     9.4340    24.1809   11.82175 5.5059e-02 0.0000e+00
        696 235.460472    0.04826     2.8958    173.750     90.758  49414.787    31.3331     9.4437     89.890    6.54448     9.4338    24.1809   11.82178 5.5030e-02 0.0000e+00
        697 235.460475    0.04833     2.9000    174.000     90.950  49414.981    31.3332     9.4436     90.080    6.54450     9.4336    24.1809   11.82181 5.5004e-02 0.0000e+00
        698 235.460477    0.04840     2.9042    174.250     91.134  49415.252    31.3333     9.4434     90.263    6.54452     9.4335    24.1810   11.82184 5.4978e-02 0.0000e+00
        699 235.460480    0.04847     2.9083    174.500     91.322  49415.515    31.3334     9.4433     90.449    6.54454     9.4333    24.1811   11.82188 5.4955e-02 0.0000e+00
        700 235.460483    0.04854     2.9125    174.750     91.523  49415.748    31.3334     9.4431     90.647    6.54456     9.4332    24.1812   11.82191 5.4938e-02 0.0000e+00
        701 235.460486    0.04861     2.9167    175.000     91.740  49415.982    31.3335     9.4430     90.862    6.54458     9.4331    24.1812   11.82194 5.4918e-02 0.0000e+00
        702 235.460489    0.04868     2.9208    175.250     91.968  49416.253    31.3336     9.4429     91.087    6.54459     9.4330    24.1813   11.82196 5.4895e-02 0.0000e+00
        703 235.460492    0.04875     2.9250    175.500     92.189  49416.554    31.3337     9.4428     91.307    6.54460     9.4329    24.1814   11.82197 5.4873e-02 0.0000e+00
        704 235.460495    0.04882     2.9292    175.750     92.384  49416.832    31.3338     9.4427     91.500    6.54460     9.4329    24.1815   11.82198 5.4853e-02 0.0000e+00
        705 235.460498    0.04889     2.9333    176.000     92.542  49417.057    31.3338     9.4427     91.656    6.54460     9.4330    24.1816   11.82197 5.4841e-02 0.0000e+00
        706 235.460501    0.04896     2.9375    176.250     92.667  49417.244    31.3339     9.4428     91.781    6.54460     9.4331    24.1816   11.82196 5.4843e-02 0.0000e+00
        707 235.460503    0.04903     2.9417    176.500     92.782  49417.387    31.3340     9.4429     91.894    6.54458     9.4332    24.1817   11.82193 5.4849e-02 0.0000e+00
        708 235.460506    0.04910     2.9458    176.750     92.915  49417.398    31.3339     9.4430     92.026    6.54457     9.4332    24.1816   11.82190 5.4845e-02 0.0000e+00
        709 235.460509    0.04917     2.9500    177.000     93.089  49417.266    31.3338     9.4431     92.198    6.54456     9.4331    24.1815   11.82189 5.4828e-02 0.0000e+00
        710 235.460512    0.04924     2.9542    177.250     93.312  49417.155    31.3336     9.4431     92.419    6.54456     9.4328    24.1814   11.82190 5.4806e-02 0.0000e+00
        711 235.460515    0.04931     2.9583    177.500     93.575  49417.228    31.3336     9.4430     92.679    6.54458     9.4326    24.1814   11.82193 5.4790e-02 0.0000e+00
        712 235.460518    0.04938     2.9625    177.750     93.852  49417.492    31.3336     9.4428     92.953    6.54460     9.4323    24.1814   11.82197 5.4785e-02 0.0000e+00
        713 235.460521    0.04944     2.9667    178.000     94.115  49417.844    31.3337     9.4426     93.213    6.54463     9.4321    24.1815   11.82202 5.4789e-02 0.0000e+00
        714 235.460524    0.04951     2.9708    178.250     94.344  49418.191    31.3338     9.4423     93.440    6.54466     9.4319    24.1817   11.82207 5.4800e-02 0.0000e+00
        715 235.460527    0.04958     2.9750    178.500     94.536  49418.532    31.3339     9.4421     93.631    6.54469     9.4318    24.1818   11.82211 5.4814e-02 0.0000e+00
        716 235.460530    0.04965     2.9792    178.750     94.704  49418.859    31.3341     9.4419     93.798    6.54471     9.4316    24.1819   11.82214 5.4825e-02 0.0000e+00
        717 235.460532    0.04972     2.9833    179.000     94.870  49419.098    31.3342     9.4418     93.961    6.54472     9.4314    24.1820   11.82217 5.4823e-02 0.0000e+00
        718 235.460535    0.04979     2.9875    179.250     95.049  49419.223    31.3342     9.4417     94.139    6.54474     9.4311    24.1821   11.82220 5.4815e-02 0.0000e+00
        719 235.460538    0.04986     2.9917    179.500     95.251  49419.325    31.3341     9.4415     94.338    6.54477     9.4307    24.1821   11.82225 5.4813e-02 0.0000e+00
        720 235.460541    0.04993     2.9958    179.750     95.470  49419.505    31.3341     9.4412     94.556    6.54481     9.4301    24.1821   11.82231 5.4813e-02 0.0000e+00
        721 235.460544    0.05000     3.0000    180.000     95.694  49419.837    31.3342     9.4408     94.778    6.54487     9.4296    24.1822   11.82240 5.4811e-02 0.0000e+00
        722 235.460547    0.05007     3.0042    180.250     95.906  49420.366    31.3344     9.4403     94.988    6.54493     9.4292    24.1825   11.82251 5.4808e-02 0.0000e+00
        723 235.460550    0.05014     3.0083    180.500     96.095  49421.012    31.3347     9.4398     95.174    6.54499     9.4289    24.1828   11.82260 5.4805e-02 0.0000e+00
