CTD-processing/allCTD/CNV--turbid/2018_09-17_t6_s06_cast031.cnv
* Sea-Bird SBE19plus Data File:
* FileName = C:\Users\Kim.Powell\Desktop\Not Processed\2018\2018_09-17_AlongBay, T6, T7_5028\2018_09-17_TRANSECT_STATION_cast031.hex
* Software Version 1.59
* Temperature SN =  5028
* Conductivity SN =  5028
* System UpLoad Time = Sep 18 2018 16:07:57
** 2018_09-17
** Station: 6-06
** Start Time: 12:22
** Depth (m): 146.1
** Comment:
** Comment:
# nquan = 16
# nvalues = 916                         
# units = specified
# name 0 = scan: Scan Count
# name 1 = timeJ: Julian Days
# name 2 = timeH: Time, Elapsed [hours]
# name 3 = timeM: Time, Elapsed [minutes]
# name 4 = timeS: Time, Elapsed [seconds]
# name 5 = prdM: Pressure, Strain Gauge [db]
# name 6 = specc: Specific Conductance [uS/cm]
# name 7 = sal00: Salinity, Practical [PSU]
# name 8 = tv290C: Temperature [ITS-90, deg C]
# name 9 = depSM: Depth [salt water, m], lat = 59.00
# name 10 = oxsolML/L: Oxygen Saturation, Garcia & Gordon [ml/l]
# name 11 = potemp090C: Potential Temperature [ITS-90, deg C]
# name 12 = sigma-é00: Density [sigma-theta, kg/m^3]
# name 13 = n2satML/L: Nitrogen Saturation [ml/l]
# name 14 = par: PAR/Irradiance, Biospherical/Licor
# name 15 = flag:  0.000e+00
# span 0 =          1,        916       
# span 1 = 260.516586, 260.519233       
# span 2 =    0.00000,    0.06354       
# span 3 =     0.0000,     3.8125       
# span 4 =      0.000,    228.750       
# span 5 =      0.114,    143.342       
# span 6 =  20851.336,  51453.481       
# span 7 =    12.8832,    32.3355       
# span 8 =     6.9134,    11.9013       
# span 9 =      0.113,    141.953       
# span 10 =    6.29863,    7.07152      
# span 11 =     6.9007,    11.9011      
# span 12 =     9.5537,    25.3334      
# span 13 =   11.43371,   12.94463      
# span 14 = 5.1881e-02, 3.7838e+02      
# span 15 = 0.0000e+00, 0.0000e+00      
# interval = seconds: 0.25
# start_time = Sep 17 2018 12:23:53 [Instrument's time stamp, header]
# bad_flag = -9.990e-29
*END*
[from data line 91]
         92 260.516849    0.00632     0.3792     22.750      0.750  45371.425    28.7988    11.8673      0.743    6.31045    11.8657    21.8018   11.46386 2.2242e+02 0.0000e+00
         93 260.516852    0.00639     0.3833     23.000      0.758  45374.284    28.8007    11.8664      0.751    6.31049    11.8656    21.8034   11.46391 2.2537e+02 0.0000e+00
         94 260.516855    0.00646     0.3875     23.250      0.768  45375.850    28.8018    11.8658      0.761    6.31054    11.8652    21.8043   11.46397 2.2907e+02 0.0000e+00
         95 260.516858    0.00653     0.3917     23.500      0.774  45374.882    28.8011    11.8657      0.767    6.31058    11.8638    21.8038   11.46405 2.3063e+02 0.0000e+00
         96 260.516861    0.00660     0.3958     23.750      0.773  45373.745    28.8002    11.8653      0.766    6.31066    11.8615    21.8032   11.46419 2.3083e+02 0.0000e+00
         97 260.516863    0.00667     0.4000     24.000      0.768  45375.479    28.8013    11.8639      0.760    6.31080    11.8594    21.8043   11.46442 2.3058e+02 0.0000e+00
         98 260.516866    0.00674     0.4042     24.250      0.764  45380.660    28.8048    11.8616      0.757    6.31099    11.8588    21.8074   11.46468 2.3071e+02 0.0000e+00
         99 260.516869    0.00681     0.4083     24.500      0.768  45386.870    28.8089    11.8595      0.761    6.31110    11.8599    21.8110   11.46482 2.3159e+02 0.0000e+00
        100 260.516872    0.00688     0.4125     24.750      0.779  45390.356    28.8113    11.8589      0.772    6.31107    11.8613    21.8130   11.46475 2.3026e+02 0.0000e+00
        101 260.516875    0.00694     0.4167     25.000      0.790  45388.867    28.8104    11.8600      0.783    6.31097    11.8616    21.8120   11.46459 2.2625e+02 0.0000e+00
        102 260.516878    0.00701     0.4208     25.250      0.790  45384.461    28.8074    11.8614      0.783    6.31090    11.8602    21.8095   11.46451 2.2215e+02 0.0000e+00
        103 260.516881    0.00708     0.4250     25.500      0.778  45382.101    28.8058    11.8617      0.771    6.31093    11.8580    21.8082   11.46457 2.2055e+02 0.0000e+00
        104 260.516884    0.00715     0.4292     25.750      0.758  45384.493    28.8073    11.8603      0.752    6.31105    11.8567    21.8096   11.46476 2.2168e+02 0.0000e+00
        105 260.516887    0.00722     0.4333     26.000      0.742  45389.977    28.8110    11.8581      0.735    6.31120    11.8573    21.8128   11.46496 2.2217e+02 0.0000e+00
        106 260.516889    0.00729     0.4375     26.250      0.735  45394.976    28.8144    11.8568      0.728    6.31124    11.8596    21.8157   11.46499 2.2158e+02 0.0000e+00
        107 260.516892    0.00736     0.4417     26.500      0.737  45396.762    28.8157    11.8574      0.730    6.31111    11.8625    21.8166   11.46475 2.2131e+02 0.0000e+00
        108 260.516895    0.00743     0.4458     26.750      0.742  45393.942    28.8140    11.8597      0.735    6.31087    11.8646    21.8148   11.46438 2.2101e+02 0.0000e+00
        109 260.516898    0.00750     0.4500     27.000      0.745  45387.687    28.8098    11.8626      0.738    6.31065    11.8651    21.8111   11.46407 2.2056e+02 0.0000e+00
        110 260.516901    0.00757     0.4542     27.250      0.741  45381.850    28.8059    11.8647      0.735    6.31053    11.8642    21.8077   11.46391 2.1983e+02 0.0000e+00
        111 260.516904    0.00764     0.4583     27.500      0.734  45379.696    28.8044    11.8652      0.728    6.31052    11.8627    21.8065   11.46390 2.1958e+02 0.0000e+00
        112 260.516907    0.00771     0.4625     27.750      0.728  45381.444    28.8056    11.8643      0.721    6.31060    11.8618    21.8075   11.46402 2.2049e+02 0.0000e+00
        113 260.516910    0.00778     0.4667     28.000      0.724  45384.288    28.8075    11.8628      0.718    6.31071    11.8614    21.8092   11.46419 2.2159e+02 0.0000e+00
        114 260.516913    0.00785     0.4708     28.250      0.720  45385.122    28.8080    11.8619      0.714    6.31082    11.8611    21.8098   11.46437 2.2241e+02 0.0000e+00
        115 260.516916    0.00792     0.4750     28.500      0.713  45383.780    28.8070    11.8615      0.706    6.31090    11.8602    21.8091   11.46452 2.2278e+02 0.0000e+00
        116 260.516918    0.00799     0.4792     28.750      0.703  45382.760    28.8062    11.8612      0.697    6.31098    11.8590    21.8086   11.46465 2.2205e+02 0.0000e+00
        117 260.516921    0.00806     0.4833     29.000      0.696  45384.376    28.8073    11.8603      0.690    6.31106    11.8586    21.8096   11.46477 2.2029e+02 0.0000e+00
        118 260.516924    0.00813     0.4875     29.250      0.698  45388.678    28.8102    11.8591      0.691    6.31110    11.8598    21.8120   11.46482 2.1883e+02 0.0000e+00
        119 260.516927    0.00819     0.4917     29.500      0.711  45393.345    28.8134    11.8587      0.704    6.31103    11.8624    21.8146   11.46465 2.1827e+02 0.0000e+00
        120 260.516930    0.00826     0.4958     29.750      0.732  45395.201    28.8148    11.8599      0.725    6.31080    11.8649    21.8155   11.46426 2.1729e+02 0.0000e+00
        121 260.516933    0.00833     0.5000     30.000      0.751  45392.205    28.8130    11.8625      0.744    6.31054    11.8661    21.8136   11.46384 2.1641e+02 0.0000e+00
        122 260.516936    0.00840     0.5042     30.250      0.760  45385.809    28.8087    11.8650      0.753    6.31037    11.8652    21.8098   11.46361 2.1752e+02 0.0000e+00
        123 260.516939    0.00847     0.5083     30.500      0.757  45380.583    28.8052    11.8662      0.750    6.31035    11.8625    21.8069   11.46362 2.1934e+02 0.0000e+00
        124 260.516942    0.00854     0.5125     30.750      0.744  45380.045    28.8047    11.8653      0.737    6.31049    11.8598    21.8067   11.46387 2.1908e+02 0.0000e+00
        125 260.516944    0.00861     0.5167     31.000      0.729  45384.415    28.8075    11.8626      0.722    6.31073    11.8585    21.8094   11.46423 2.1705e+02 0.0000e+00
        126 260.516947    0.00868     0.5208     31.250      0.722  45391.114    28.8120    11.8599      0.715    6.31093    11.8594    21.8133   11.46450 2.1697e+02 0.0000e+00
        127 260.516950    0.00875     0.5250     31.500      0.726  45396.537    28.8157    11.8586      0.719    6.31095    11.8620    21.8164   11.46450 2.1917e+02 0.0000e+00
        128 260.516953    0.00882     0.5292     31.750      0.740  45398.027    28.8168    11.8595      0.733    6.31079    11.8650    21.8171   11.46421 2.2009e+02 0.0000e+00
        129 260.516956    0.00889     0.5333     32.000      0.755  45394.538    28.8146    11.8621      0.748    6.31052    11.8670    21.8149   11.46379 2.2047e+02 0.0000e+00
        130 260.516959    0.00896     0.5375     32.250      0.765  45387.947    28.8102    11.8651      0.758    6.31029    11.8674    21.8110   11.46347 2.2210e+02 0.0000e+00
        131 260.516962    0.00903     0.5417     32.500      0.768  45382.498    28.8066    11.8671      0.761    6.31017    11.8664    21.8078   11.46331 2.2245e+02 0.0000e+00
        132 260.516965    0.00910     0.5458     32.750      0.765  45381.142    28.8056    11.8675      0.758    6.31016    11.8651    21.8070   11.46330 2.2130e+02 0.0000e+00
        133 260.516968    0.00917     0.5500     33.000      0.763  45383.457    28.8072    11.8665      0.756    6.31023    11.8643    21.8084   11.46341 2.2127e+02 0.0000e+00
        134 260.516970    0.00924     0.5542     33.250      0.762  45386.308    28.8090    11.8652      0.755    6.31033    11.8639    21.8101   11.46355 2.2145e+02 0.0000e+00
        135 260.516973    0.00931     0.5583     33.500      0.761  45386.837    28.8093    11.8644      0.753    6.31043    11.8632    21.8105   11.46370 2.1915e+02 0.0000e+00
        136 260.516976    0.00937     0.5625     33.750      0.756  45385.176    28.8081    11.8640      0.749    6.31053    11.8618    21.8096   11.46389 2.1600e+02 0.0000e+00
        137 260.516979    0.00944     0.5667     34.000      0.748  45383.655    28.8070    11.8633      0.741    6.31067    11.8597    21.8089   11.46413 2.1566e+02 0.0000e+00
        138 260.516982    0.00951     0.5708     34.250      0.738  45384.370    28.8074    11.8619      0.731    6.31085    11.8578    21.8094   11.46442 2.1774e+02 0.0000e+00
        139 260.516985    0.00958     0.5750     34.500      0.733  45387.659    28.8095    11.8597      0.726    6.31105    11.8572    21.8114   11.46472 2.1980e+02 0.0000e+00
        140 260.516988    0.00965     0.5792     34.750      0.735  45391.711    28.8122    11.8578      0.728    6.31119    11.8582    21.8138   11.46494 2.2146e+02 0.0000e+00
        141 260.516991    0.00972     0.5833     35.000      0.745  45393.930    28.8137    11.8572      0.738    6.31121    11.8602    21.8151   11.46495 2.2336e+02 0.0000e+00
        142 260.516994    0.00979     0.5875     35.250      0.756  45392.802    28.8130    11.8583      0.750    6.31110    11.8620    21.8143   11.46477 2.2508e+02 0.0000e+00
        143 260.516997    0.00986     0.5917     35.500      0.764  45388.721    28.8103    11.8603      0.757    6.31094    11.8624    21.8119   11.46453 2.2530e+02 0.0000e+00
        144 260.516999    0.00993     0.5958     35.750      0.766  45384.061    28.8072    11.8620      0.759    6.31083    11.8612    21.8092   11.46439 2.2396e+02 0.0000e+00
        145 260.517002    0.01000     0.6000     36.000      0.762  45381.690    28.8056    11.8625      0.755    6.31083    11.8591    21.8078   11.46441 2.2321e+02 0.0000e+00
        146 260.517005    0.01007     0.6042     36.250      0.756  45382.740    28.8062    11.8613      0.749    6.31096    11.8572    21.8085   11.46463 2.2409e+02 0.0000e+00
        147 260.517008    0.01014     0.6083     36.500      0.754  45386.166    28.8084    11.8592      0.747    6.31116    11.8564    21.8106   11.46493 2.2434e+02 0.0000e+00
        148 260.517011    0.01021     0.6125     36.750      0.756  45389.823    28.8108    11.8573      0.749    6.31132    11.8569    21.8128   11.46517 2.2260e+02 0.0000e+00
        149 260.517014    0.01028     0.6167     37.000      0.762  45391.685    28.8121    11.8565      0.755    6.31138    11.8581    21.8139   11.46525 2.2153e+02 0.0000e+00
        150 260.517017    0.01035     0.6208     37.250      0.767  45390.882    28.8115    11.8570      0.760    6.31134    11.8591    21.8134   11.46518 2.2326e+02 0.0000e+00
        151 260.517020    0.01042     0.6250     37.500      0.767  45388.240    28.8098    11.8582      0.760    6.31125    11.8594    21.8119   11.46506 2.2513e+02 0.0000e+00
        152 260.517023    0.01049     0.6292     37.750      0.762  45385.756    28.8081    11.8592      0.755    6.31117    11.8588    21.8104   11.46495 2.2462e+02 0.0000e+00
        153 260.517025    0.01056     0.6333     38.000      0.755  45385.319    28.8079    11.8595      0.747    6.31114    11.8581    21.8101   11.46490 2.2280e+02 0.0000e+00
        154 260.517028    0.01063     0.6375     38.250      0.750  45387.628    28.8094    11.8589      0.743    6.31116    11.8583    21.8115   11.46491 2.2056e+02 0.0000e+00
        155 260.517031    0.01069     0.6417     38.500      0.753  45391.373    28.8120    11.8582      0.746    6.31116    11.8599    21.8136   11.46488 2.1881e+02 0.0000e+00
        156 260.517034    0.01076     0.6458     38.750      0.761  45393.740    28.8137    11.8584      0.754    6.31106    11.8625    21.8148   11.46470 2.1887e+02 0.0000e+00
        157 260.517037    0.01083     0.6500     39.000      0.769  45392.442    28.8129    11.8600      0.762    6.31087    11.8649    21.8139   11.46439 2.1897e+02 0.0000e+00
        158 260.517040    0.01090     0.6542     39.250      0.772  45387.981    28.8100    11.8626      0.764    6.31064    11.8662    21.8112   11.46403 2.1820e+02 0.0000e+00
        159 260.517043    0.01097     0.6583     39.500      0.767  45383.607    28.8072    11.8650      0.760    6.31043    11.8665    21.8086   11.46373 2.1831e+02 0.0000e+00
        160 260.517046    0.01104     0.6625     39.750      0.760  45382.252    28.8063    11.8663      0.752    6.31029    11.8666    21.8077   11.46350 2.1972e+02 0.0000e+00
        161 260.517049    0.01111     0.6667     40.000      0.756  45384.207    28.8077    11.8666      0.749    6.31020    11.8675    21.8088   11.46334 2.2071e+02 0.0000e+00
        162 260.517052    0.01118     0.6708     40.250      0.760  45387.073    28.8098    11.8667      0.753    6.31010    11.8691    21.8103   11.46315 2.2009e+02 0.0000e+00
        163 260.517054    0.01125     0.6750     40.500      0.770  45387.906    28.8104    11.8676      0.762    6.30996    11.8710    21.8107   11.46290 2.1979e+02 0.0000e+00
        164 260.517057    0.01132     0.6792     40.750      0.780  45385.505    28.8089    11.8692      0.772    6.30979    11.8722    21.8092   11.46265 2.2029e+02 0.0000e+00
        165 260.517060    0.01139     0.6833     41.000      0.787  45380.803    28.8057    11.8711      0.779    6.30967    11.8724    21.8064   11.46249 2.1941e+02 0.0000e+00
        166 260.517063    0.01146     0.6875     41.250      0.786  45375.987    28.8024    11.8723      0.778    6.30963    11.8711    21.8037   11.46246 2.1869e+02 0.0000e+00
        167 260.517066    0.01153     0.6917     41.500      0.780  45373.070    28.8004    11.8725      0.772    6.30970    11.8684    21.8021   11.46259 2.2088e+02 0.0000e+00
        168 260.517069    0.01160     0.6958     41.750      0.771  45373.164    28.8004    11.8712      0.763    6.30988    11.8652    21.8023   11.46289 2.2271e+02 0.0000e+00
        169 260.517072    0.01167     0.7000     42.000      0.762  45376.394    28.8024    11.8685      0.755    6.31015    11.8625    21.8043   11.46332 2.2130e+02 0.0000e+00
        170 260.517075    0.01174     0.7042     42.250      0.760  45382.119    28.8061    11.8653      0.753    6.31044    11.8613    21.8078   11.46375 2.1892e+02 0.0000e+00
        171 260.517078    0.01181     0.7083     42.500      0.767  45388.956    28.8107    11.8626      0.760    6.31062    11.8621    21.8118   11.46400 2.1745e+02 0.0000e+00
        172 260.517080    0.01188     0.7125     42.750      0.784  45394.500    28.8145    11.8614      0.776    6.31063    11.8643    21.8149   11.46397 2.1774e+02 0.0000e+00
        173 260.517083    0.01194     0.7167     43.000      0.802  45395.962    28.8155    11.8622      0.795    6.31047    11.8665    21.8156   11.46370 2.1929e+02 0.0000e+00
        174 260.517086    0.01201     0.7208     43.250      0.813  45392.586    28.8134    11.8644      0.805    6.31026    11.8672    21.8135   11.46337 2.2048e+02 0.0000e+00
        175 260.517089    0.01208     0.7250     43.500      0.808  45387.710    28.8101    11.8666      0.800    6.31009    11.8662    21.8106   11.46313 2.2072e+02 0.0000e+00
        176 260.517092    0.01215     0.7292     43.750      0.789  45386.080    28.8091    11.8673      0.782    6.31005    11.8648    21.8097   11.46306 2.1964e+02 0.0000e+00
        177 260.517095    0.01222     0.7333     44.000      0.767  45389.190    28.8112    11.8663      0.760    6.31010    11.8648    21.8115   11.46313 2.1844e+02 0.0000e+00
        178 260.517098    0.01229     0.7375     44.250      0.753  45394.352    28.8147    11.8649      0.746    6.31014    11.8669    21.8145   11.46317 2.1854e+02 0.0000e+00
        179 260.517101    0.01236     0.7417     44.500      0.751  45397.785    28.8171    11.8649      0.744    6.31005    11.8704    21.8164   11.46298 2.1830e+02 0.0000e+00
        180 260.517104    0.01243     0.7458     44.750      0.757  45397.261    28.8169    11.8670      0.750    6.30977    11.8741    21.8159   11.46252 2.1607e+02 0.0000e+00
