CTD-processing/allCTD/CNV--turbid/2018_06-22_t9_s03_cast120.cnv
* Sea-Bird SBE19plus Data File:
* FileName = C:\Users\Kim.Powell\Desktop\Not Processed\2018\2018_06-XX\2018_06-XX_TRANSECT_STATION_cast120.hex
* Software Version 1.59
* Temperature SN =  5028
* Conductivity SN =  5028
* System UpLoad Time = Jul 05 2018 09:38:15
** 2018_06-22
** Station: 9-03
** Start Time: 14:01
** Depth (m): 93.4
** Comment:
** Comment:
# nquan = 16
# nvalues = 800                         
# units = specified
# name 0 = scan: Scan Count
# name 1 = timeJ: Julian Days
# name 2 = timeH: Time, Elapsed [hours]
# name 3 = timeM: Time, Elapsed [minutes]
# name 4 = timeS: Time, Elapsed [seconds]
# name 5 = prdM: Pressure, Strain Gauge [db]
# name 6 = specc: Specific Conductance [uS/cm]
# name 7 = sal00: Salinity, Practical [PSU]
# name 8 = tv290C: Temperature [ITS-90, deg C]
# name 9 = depSM: Depth [salt water, m], lat = 59.00
# name 10 = oxsolML/L: Oxygen Saturation, Garcia & Gordon [ml/l]
# name 11 = potemp090C: Potential Temperature [ITS-90, deg C]
# name 12 = sigma-é00: Density [sigma-theta, kg/m^3]
# name 13 = n2satML/L: Nitrogen Saturation [ml/l]
# name 14 = par: PAR/Irradiance, Biospherical/Licor
# name 15 = flag:  0.000e+00
# span 0 =          1,        800       
# span 1 = 173.584190, 173.586502       
# span 2 =    0.00000,    0.05549       
# span 3 =     0.0000,     3.3292       
# span 4 =      0.000,    199.750       
# span 5 =      0.833,     89.721       
# span 6 =  40372.633,  50747.146       
# span 7 =    25.2226,    31.7726       
# span 8 =     6.3912,    10.7955       
# span 9 =      0.825,     88.863       
# span 10 =    6.59051,    6.99414      
# span 11 =     6.3838,    10.7954      
# span 12 =    19.2082,    24.9558      
# span 13 =   11.95453,   12.56018      
# span 14 = 5.2022e-02, 1.0646e+03      
# span 15 = 0.0000e+00, 0.0000e+00      
# interval = seconds: 0.25
# start_time = Jun 22 2018 14:01:14 [Instrument's time stamp, header]
# bad_flag = -9.990e-29
*END*
[from data line 452]
        453 173.585498    0.03139     1.8833    113.000     17.531  50365.848    31.6332     6.8932     17.367    6.91930     6.8882    24.7817   12.43817 8.2804e+00 0.0000e+00
        454 173.585501    0.03146     1.8875    113.250     17.745  50366.938    31.6336     6.8915     17.578    6.91956     6.8864    24.7822   12.43859 8.0842e+00 0.0000e+00
        455 173.585503    0.03153     1.8917    113.500     17.943  50367.842    31.6338     6.8898     17.775    6.91981     6.8845    24.7826   12.43902 7.9191e+00 0.0000e+00
        456 173.585506    0.03160     1.8958    113.750     18.127  50368.706    31.6340     6.8880     17.957    6.92009     6.8824    24.7830   12.43947 7.7745e+00 0.0000e+00
        457 173.585509    0.03167     1.9000    114.000     18.305  50369.498    31.6341     6.8861     18.132    6.92039     6.8800    24.7834   12.43997 7.6344e+00 0.0000e+00
        458 173.585512    0.03174     1.9042    114.250     18.487  50370.022    31.6340     6.8840     18.313    6.92073     6.8773    24.7836   12.44054 7.4841e+00 0.0000e+00
        459 173.585515    0.03181     1.9083    114.500     18.683  50370.498    31.6338     6.8816     18.508    6.92112     6.8743    24.7838   12.44119 7.3158e+00 0.0000e+00
        460 173.585518    0.03188     1.9125    114.750     18.898  50371.344    31.6338     6.8789     18.721    6.92155     6.8712    24.7841   12.44190 7.1323e+00 0.0000e+00
        461 173.585521    0.03194     1.9167    115.000     19.125  50372.685    31.6341     6.8760     18.946    6.92200     6.8682    24.7848   12.44265 6.9458e+00 0.0000e+00
        462 173.585524    0.03201     1.9208    115.250     19.353  50374.451    31.6347     6.8729     19.171    6.92247     6.8653    24.7856   12.44341 6.7705e+00 0.0000e+00
        463 173.585527    0.03208     1.9250    115.500     19.571  50376.574    31.6355     6.8698     19.387    6.92292     6.8627    24.7867   12.44414 6.6152e+00 0.0000e+00
        464 173.585530    0.03215     1.9292    115.750     19.774  50378.825    31.6365     6.8669     19.588    6.92334     6.8604    24.7878   12.44482 6.4805e+00 0.0000e+00
        465 173.585532    0.03222     1.9333    116.000     19.965  50380.798    31.6373     6.8644     19.777    6.92371     6.8585    24.7888   12.44543 6.3581e+00 0.0000e+00
        466 173.585535    0.03229     1.9375    116.250     20.148  50382.154    31.6378     6.8622     19.959    6.92404     6.8566    24.7894   12.44597 6.2370e+00 0.0000e+00
        467 173.585538    0.03236     1.9417    116.500     20.332  50382.805    31.6378     6.8603     20.141    6.92435     6.8546    24.7897   12.44648 6.1094e+00 0.0000e+00
        468 173.585541    0.03243     1.9458    116.750     20.523  50382.954    31.6375     6.8584     20.330    6.92467     6.8523    24.7897   12.44700 5.9723e+00 0.0000e+00
        469 173.585544    0.03250     1.9500    117.000     20.723  50382.999    31.6371     6.8564     20.528    6.92501     6.8498    24.7896   12.44758 5.8268e+00 0.0000e+00
        470 173.585547    0.03257     1.9542    117.250     20.930  50383.315    31.6368     6.8541     20.733    6.92539     6.8473    24.7897   12.44820 5.6766e+00 0.0000e+00
        471 173.585550    0.03264     1.9583    117.500     21.142  50384.111    31.6368     6.8517     20.943    6.92578     6.8449    24.7901   12.44884 5.5270e+00 0.0000e+00
        472 173.585553    0.03271     1.9625    117.750     21.354  50385.589    31.6373     6.8492     21.153    6.92615     6.8429    24.7908   12.44946 5.3825e+00 0.0000e+00
        473 173.585556    0.03278     1.9667    118.000     21.561  50387.631    31.6382     6.8468     21.358    6.92649     6.8414    24.7918   12.45001 5.2442e+00 0.0000e+00
        474 173.585558    0.03285     1.9708    118.250     21.763  50389.665    31.6391     6.8448     21.559    6.92677     6.8402    24.7928   12.45045 5.1095e+00 0.0000e+00
        475 173.585561    0.03292     1.9750    118.500     21.964  50391.312    31.6399     6.8433     21.757    6.92698     6.8394    24.7936   12.45079 4.9756e+00 0.0000e+00
        476 173.585564    0.03299     1.9792    118.750     22.166  50392.456    31.6404     6.8422     21.958    6.92714     6.8386    24.7941   12.45105 4.8400e+00 0.0000e+00
        477 173.585567    0.03306     1.9833    119.000     22.373  50393.078    31.6406     6.8413     22.163    6.92726     6.8379    24.7944   12.45126 4.7013e+00 0.0000e+00
        478 173.585570    0.03313     1.9875    119.250     22.586  50393.336    31.6405     6.8406     22.374    6.92738     6.8370    24.7944   12.45146 4.5607e+00 0.0000e+00
        479 173.585573    0.03319     1.9917    119.500     22.803  50393.374    31.6403     6.8398     22.589    6.92751     6.8359    24.7944   12.45167 4.4206e+00 0.0000e+00
        480 173.585576    0.03326     1.9958    119.750     23.021  50393.306    31.6400     6.8390     22.805    6.92766     6.8346    24.7942   12.45192 4.2823e+00 0.0000e+00
        481 173.585579    0.03333     2.0000    120.000     23.240  50393.292    31.6397     6.8379     23.022    6.92785     6.8331    24.7941   12.45224 4.1447e+00 0.0000e+00
        482 173.585582    0.03340     2.0042    120.250     23.463  50393.412    31.6395     6.8366     23.243    6.92807     6.8315    24.7941   12.45261 4.0054e+00 0.0000e+00
        483 173.585584    0.03347     2.0083    120.500     23.692  50393.694    31.6393     6.8351     23.469    6.92831     6.8298    24.7942   12.45301 3.8631e+00 0.0000e+00
        484 173.585587    0.03354     2.0125    120.750     23.926  50394.134    31.6392     6.8335     23.701    6.92857     6.8281    24.7943   12.45344 3.7188e+00 0.0000e+00
        485 173.585590    0.03361     2.0167    121.000     24.161  50394.604    31.6391     6.8318     23.934    6.92884     6.8264    24.7945   12.45389 3.5767e+00 0.0000e+00
        486 173.585593    0.03368     2.0208    121.250     24.391  50394.960    31.6390     6.8302     24.161    6.92912     6.8246    24.7946   12.45435 3.4420e+00 0.0000e+00
        487 173.585596    0.03375     2.0250    121.500     24.607  50395.383    31.6389     6.8285     24.376    6.92940     6.8230    24.7947   12.45481 3.3179e+00 0.0000e+00
        488 173.585599    0.03382     2.0292    121.750     24.808  50396.303    31.6391     6.8267     24.575    6.92967     6.8217    24.7951   12.45525 3.2050e+00 0.0000e+00
        489 173.585602    0.03389     2.0333    122.000     24.995  50397.851    31.6398     6.8251     24.760    6.92989     6.8209    24.7958   12.45561 3.1008e+00 0.0000e+00
        490 173.585605    0.03396     2.0375    122.250     25.174  50399.750    31.6408     6.8239     24.937    6.93005     6.8207    24.7968   12.45585 3.0013e+00 0.0000e+00
        491 173.585608    0.03403     2.0417    122.500     25.354  50401.722    31.6420     6.8231     25.116    6.93012     6.8209    24.7978   12.45596 2.9029e+00 0.0000e+00
        492 173.585611    0.03410     2.0458    122.750     25.543  50403.688    31.6432     6.8228     25.303    6.93010     6.8216    24.7988   12.45592 2.8027e+00 0.0000e+00
        493 173.585613    0.03417     2.0500    123.000     25.746  50405.931    31.6447     6.8231     25.504    6.92999     6.8229    24.8000   12.45572 2.6993e+00 0.0000e+00
        494 173.585616    0.03424     2.0542    123.250     25.964  50408.679    31.6466     6.8238     25.719    6.92979     6.8247    24.8014   12.45535 2.5940e+00 0.0000e+00
        495 173.585619    0.03431     2.0583    123.500     26.191  50411.281    31.6486     6.8252     25.945    6.92949     6.8269    24.8028   12.45483 2.4896e+00 0.0000e+00
        496 173.585622    0.03438     2.0625    123.750     26.422  50413.028    31.6500     6.8270     26.173    6.92912     6.8293    24.8037   12.45421 2.3894e+00 0.0000e+00
        497 173.585625    0.03444     2.0667    124.000     26.649  50414.391    31.6513     6.8292     26.398    6.92871     6.8319    24.8044   12.45352 2.2954e+00 0.0000e+00
        498 173.585628    0.03451     2.0708    124.250     26.869  50416.138    31.6528     6.8316     26.616    6.92826     6.8347    24.8053   12.45276 2.2090e+00 0.0000e+00
        499 173.585631    0.03458     2.0750    124.500     27.080  50417.470    31.6541     6.8342     26.825    6.92778     6.8373    24.8060   12.45195 2.1302e+00 0.0000e+00
        500 173.585634    0.03465     2.0792    124.750     27.282  50417.147    31.6543     6.8370     27.026    6.92733     6.8394    24.8058   12.45119 2.0576e+00 0.0000e+00
        501 173.585637    0.03472     2.0833    125.000     27.481  50415.874    31.6538     6.8396     27.222    6.92693     6.8409    24.8050   12.45054 1.9890e+00 0.0000e+00
        502 173.585639    0.03479     2.0875    125.250     27.682  50414.716    31.6533     6.8417     27.421    6.92661     6.8418    24.8044   12.45002 1.9224e+00 0.0000e+00
        503 173.585642    0.03486     2.0917    125.500     27.890  50413.316    31.6525     6.8433     27.628    6.92640     6.8416    24.8035   12.44968 1.8559e+00 0.0000e+00
        504 173.585645    0.03493     2.0958    125.750     28.109  50411.070    31.6510     6.8442     27.844    6.92633     6.8403    24.8022   12.44958 1.7893e+00 0.0000e+00
        505 173.585648    0.03500     2.1000    126.000     28.335  50408.309    31.6489     6.8441     28.068    6.92644     6.8380    24.8006   12.44979 1.7234e+00 0.0000e+00
        506 173.585651    0.03507     2.1042    126.250     28.562  50406.358    31.6472     6.8428     28.293    6.92672     6.8348    24.7995   12.45028 1.6600e+00 0.0000e+00
        507 173.585654    0.03514     2.1083    126.500     28.784  50405.585    31.6462     6.8404     28.513    6.92715     6.8309    24.7989   12.45100 1.6006e+00 0.0000e+00
        508 173.585657    0.03521     2.1125    126.750     28.996  50404.415    31.6447     6.8373     28.723    6.92771     6.8257    24.7982   12.45195 1.5462e+00 0.0000e+00
        509 173.585660    0.03528     2.1167    127.000     29.193  50402.036    31.6422     6.8334     28.918    6.92845     6.8190    24.7968   12.45320 1.4964e+00 0.0000e+00
        510 173.585663    0.03535     2.1208    127.250     29.380  50399.244    31.6393     6.8283     29.103    6.92941     6.8111    24.7951   12.45483 1.4495e+00 0.0000e+00
        511 173.585666    0.03542     2.1250    127.500     29.563  50398.352    31.6374     6.8215     29.284    6.93058     6.8035    24.7945   12.45679 1.4036e+00 0.0000e+00
        512 173.585668    0.03549     2.1292    127.750     29.750  50401.987    31.6384     6.8137     29.470    6.93179     6.7974    24.7963   12.45877 1.3572e+00 0.0000e+00
        513 173.585671    0.03556     2.1333    128.000     29.948  50408.683    31.6416     6.8062     29.666    6.93286     6.7926    24.7998   12.46049 1.3099e+00 0.0000e+00
        514 173.585674    0.03562     2.1375    128.250     30.154  50414.342    31.6444     6.8000     29.870    6.93372     6.7888    24.8027   12.46189 1.2620e+00 0.0000e+00
        515 173.585677    0.03569     2.1417    128.500     30.364  50417.879    31.6459     6.7952     30.078    6.93441     6.7856    24.8045   12.46301 1.2154e+00 0.0000e+00
        516 173.585680    0.03576     2.1458    128.750     30.570  50420.776    31.6471     6.7914     30.282    6.93497     6.7829    24.8060   12.46392 1.1715e+00 0.0000e+00
        517 173.585683    0.03583     2.1500    129.000     30.767  50423.113    31.6481     6.7883     30.477    6.93543     6.7804    24.8072   12.46467 1.1310e+00 0.0000e+00
        518 173.585686    0.03590     2.1542    129.250     30.955  50424.192    31.6483     6.7856     30.664    6.93585     6.7778    24.8077   12.46536 1.0932e+00 0.0000e+00
        519 173.585689    0.03597     2.1583    129.500     31.139  50424.598    31.6480     6.7831     30.846    6.93627     6.7750    24.8078   12.46606 1.0571e+00 0.0000e+00
        520 173.585692    0.03604     2.1625    129.750     31.326  50425.193    31.6478     6.7804     31.031    6.93670     6.7722    24.8080   12.46677 1.0213e+00 0.0000e+00
        521 173.585694    0.03611     2.1667    130.000     31.523  50425.611    31.6475     6.7777     31.226    6.93715     6.7692    24.8081   12.46751 9.8502e-01 0.0000e+00
        522 173.585697    0.03618     2.1708    130.250     31.731  50425.738    31.6470     6.7749     31.432    6.93763     6.7662    24.8081   12.46831 9.4844e-01 0.0000e+00
        523 173.585700    0.03625     2.1750    130.500     31.946  50426.623    31.6470     6.7719     31.646    6.93811     6.7635    24.8084   12.46911 9.1279e-01 0.0000e+00
        524 173.585703    0.03632     2.1792    130.750     32.160  50428.462    31.6476     6.7689     31.857    6.93857     6.7612    24.8093   12.46985 8.7964e-01 0.0000e+00
        525 173.585706    0.03639     2.1833    131.000     32.363  50430.660    31.6486     6.7662     32.058    6.93896     6.7595    24.8104   12.47048 8.4998e-01 0.0000e+00
        526 173.585709    0.03646     2.1875    131.250     32.550  50432.731    31.6495     6.7640     32.243    6.93927     6.7582    24.8115   12.47099 8.2377e-01 0.0000e+00
        527 173.585712    0.03653     2.1917    131.500     32.724  50434.431    31.6503     6.7622     32.416    6.93951     6.7572    24.8123   12.47138 7.9978e-01 0.0000e+00
        528 173.585715    0.03660     2.1958    131.750     32.895  50435.739    31.6509     6.7610     32.585    6.93969     6.7566    24.8130   12.47167 7.7599e-01 0.0000e+00
        529 173.585718    0.03667     2.2000    132.000     33.078  50436.697    31.6513     6.7601     32.767    6.93982     6.7561    24.8134   12.47188 7.5055e-01 0.0000e+00
        530 173.585720    0.03674     2.2042    132.250     33.285  50437.514    31.6517     6.7594     32.972    6.93991     6.7558    24.8137   12.47202 7.2266e-01 0.0000e+00
        531 173.585723    0.03681     2.2083    132.500     33.519  50438.501    31.6522     6.7590     33.203    6.93996     6.7558    24.8142   12.47210 6.9288e-01 0.0000e+00
        532 173.585726    0.03687     2.2125    132.750     33.769  50439.875    31.6530     6.7587     33.451    6.93997     6.7560    24.8149   12.47210 6.6281e-01 0.0000e+00
        533 173.585729    0.03694     2.2167    133.000     34.021  50441.662    31.6541     6.7587     33.700    6.93992     6.7566    24.8158   12.47200 6.3444e-01 0.0000e+00
        534 173.585732    0.03701     2.2208    133.250     34.258  50443.645    31.6554     6.7590     33.934    6.93981     6.7572    24.8168   12.47181 6.0932e-01 0.0000e+00
        535 173.585735    0.03708     2.2250    133.500     34.468  50445.544    31.6567     6.7595     34.143    6.93966     6.7578    24.8178   12.47154 5.8794e-01 0.0000e+00
        536 173.585738    0.03715     2.2292    133.750     34.650  50447.377    31.6580     6.7602     34.323    6.93950     6.7582    24.8187   12.47125 5.6971e-01 0.0000e+00
        537 173.585741    0.03722     2.2333    134.000     34.812  50449.005    31.6592     6.7608     34.484    6.93935     6.7582    24.8196   12.47099 5.5346e-01 0.0000e+00
        538 173.585744    0.03729     2.2375    134.250     34.966  50450.192    31.6600     6.7612     34.636    6.93925     6.7576    24.8202   12.47082 5.3782e-01 0.0000e+00
        539 173.585747    0.03736     2.2417    134.500     35.127  50451.359    31.6607     6.7612     34.795    6.93921     6.7563    24.8207   12.47074 5.2171e-01 0.0000e+00
        540 173.585749    0.03743     2.2458    134.750     35.302  50452.961    31.6617     6.7606     34.969    6.93925     6.7542    24.8215   12.47080 5.0471e-01 0.0000e+00
        541 173.585752    0.03750     2.2500    135.000     35.496  50454.985    31.6627     6.7593     35.162    6.93941     6.7512    24.8225   12.47105 4.8699e-01 0.0000e+00
        542 173.585755    0.03757     2.2542    135.250     35.706  50457.406    31.6639     6.7572     35.370    6.93970     6.7477    24.8238   12.47152 4.6898e-01 0.0000e+00
