CTD-processing/allCTD/CNV--turbid/2018_04-23_t9_s08_cast052.cnv
* Sea-Bird SBE19plus Data File:
* FileName = C:\Users\Kim.Powell\Desktop\Not Processed\2018\2018_04-23_AlongBay, T4, T9_5028\2018_04-23_TRANSECT_STATION_cast052.hex
* Software Version 1.59
* Temperature SN =  5028
* Conductivity SN =  5028
* System UpLoad Time = Apr 24 2018 09:43:01
** 2018_04-24
** Station: 9-08
** Start Time: 11:26
** Depth (m): 96
** Comment:
** Comment:
# nquan = 16
# nvalues = 725                         
# units = specified
# name 0 = scan: Scan Count
# name 1 = timeJ: Julian Days
# name 2 = timeH: Time, Elapsed [hours]
# name 3 = timeM: Time, Elapsed [minutes]
# name 4 = timeS: Time, Elapsed [seconds]
# name 5 = prdM: Pressure, Strain Gauge [db]
# name 6 = specc: Specific Conductance [uS/cm]
# name 7 = sal00: Salinity, Practical [PSU]
# name 8 = tv290C: Temperature [ITS-90, deg C]
# name 9 = depSM: Depth [salt water, m], lat = 59.00
# name 10 = oxsolML/L: Oxygen Saturation, Garcia & Gordon [ml/l]
# name 11 = potemp090C: Potential Temperature [ITS-90, deg C]
# name 12 = sigma-é00: Density [sigma-theta, kg/m^3]
# name 13 = n2satML/L: Nitrogen Saturation [ml/l]
# name 14 = par: PAR/Irradiance, Biospherical/Licor
# name 15 = flag:  0.000e+00
# span 0 =          1,        725       
# span 1 = 113.476134, 113.478229       
# span 2 =    0.00000,    0.05028       
# span 3 =     0.0000,     3.0167       
# span 4 =      0.000,    181.000       
# span 5 =      0.214,     93.439       
# span 6 =  50306.362,  51345.931       
# span 7 =    31.3027,    31.7949       
# span 8 =     4.5333,     5.3751       
# span 9 =      0.212,     92.545       
# span 10 =    7.18534,    7.31099      
# span 11 =     4.5269,     5.3751      
# span 12 =    24.7081,    25.1849      
# span 13 =   12.88187,   13.08446      
# span 14 = 3.8979e-02, 3.4736e+02      
# span 15 = 0.0000e+00, 0.0000e+00      
# interval = seconds: 0.25
# start_time = Apr 23 2018 11:25:38 [Instrument's time stamp, header]
# bad_flag = -9.990e-29
*END*
[from data line 91]
         92 113.476398    0.00632     0.3792     22.750      0.714  50362.516    31.3314     5.2945      0.707    7.19825     5.2946    24.7358   12.90295 2.5704e+02 0.0000e+00
         93 113.476400    0.00639     0.3833     23.000      0.711  50362.281    31.3312     5.2944      0.704    7.19827     5.2958    24.7357   12.90298 2.5564e+02 0.0000e+00
         94 113.476403    0.00646     0.3875     23.250      0.712  50361.647    31.3308     5.2947      0.705    7.19824     5.2979    24.7354   12.90294 2.5542e+02 0.0000e+00
         95 113.476406    0.00653     0.3917     23.500      0.715  50359.848    31.3298     5.2958      0.708    7.19809     5.3005    24.7344   12.90271 2.5541e+02 0.0000e+00
         96 113.476409    0.00660     0.3958     23.750      0.718  50356.412    31.3279     5.2979      0.711    7.19782     5.3031    24.7327   12.90229 2.5550e+02 0.0000e+00
         97 113.476412    0.00667     0.4000     24.000      0.718  50352.011    31.3254     5.3005      0.711    7.19749     5.3055    24.7304   12.90178 2.5648e+02 0.0000e+00
         98 113.476415    0.00674     0.4042     24.250      0.717  50347.566    31.3229     5.3032      0.711    7.19716     5.3077    24.7282   12.90127 2.5755e+02 0.0000e+00
         99 113.476418    0.00681     0.4083     24.500      0.718  50343.414    31.3205     5.3056      0.711    7.19687     5.3096    24.7260   12.90081 2.5773e+02 0.0000e+00
        100 113.476421    0.00688     0.4125     24.750      0.723  50339.749    31.3184     5.3077      0.716    7.19660     5.3115    24.7241   12.90040 2.5706e+02 0.0000e+00
        101 113.476424    0.00694     0.4167     25.000      0.730  50336.664    31.3167     5.3097      0.723    7.19635     5.3135    24.7225   12.90000 2.5649e+02 0.0000e+00
        102 113.476427    0.00701     0.4208     25.250      0.737  50333.847    31.3151     5.3116      0.730    7.19609     5.3153    24.7211   12.89960 2.5599e+02 0.0000e+00
        103 113.476429    0.00708     0.4250     25.500      0.740  50330.934    31.3135     5.3135      0.734    7.19584     5.3166    24.7196   12.89920 2.5581e+02 0.0000e+00
        104 113.476432    0.00715     0.4292     25.750      0.739  50328.068    31.3119     5.3153      0.732    7.19561     5.3172    24.7182   12.89885 2.5659e+02 0.0000e+00
        105 113.476435    0.00722     0.4333     26.000      0.733  50325.915    31.3107     5.3166      0.726    7.19544     5.3173    24.7171   12.89858 2.5779e+02 0.0000e+00
        106 113.476438    0.00729     0.4375     26.250      0.722  50324.973    31.3102     5.3173      0.715    7.19535     5.3169    24.7166   12.89844 2.5912e+02 0.0000e+00
        107 113.476441    0.00736     0.4417     26.500      0.710  50325.225    31.3104     5.3174      0.703    7.19533     5.3161    24.7168   12.89840 2.5967e+02 0.0000e+00
        108 113.476444    0.00743     0.4458     26.750      0.700  50326.581    31.3113     5.3169      0.693    7.19537     5.3156    24.7175   12.89845 2.5927e+02 0.0000e+00
        109 113.476447    0.00750     0.4500     27.000      0.697  50328.882    31.3127     5.3161      0.690    7.19543     5.3156    24.7187   12.89854 2.5875e+02 0.0000e+00
        110 113.476450    0.00757     0.4542     27.250      0.701  50331.591    31.3145     5.3156      0.695    7.19543     5.3162    24.7201   12.89852 2.5773e+02 0.0000e+00
        111 113.476453    0.00764     0.4583     27.500      0.713  50334.014    31.3161     5.3157      0.706    7.19534     5.3167    24.7214   12.89835 2.5610e+02 0.0000e+00
        112 113.476455    0.00771     0.4625     27.750      0.728  50335.635    31.3173     5.3162      0.722    7.19519     5.3170    24.7223   12.89808 2.5428e+02 0.0000e+00
        113 113.476458    0.00778     0.4667     28.000      0.743  50336.215    31.3178     5.3168      0.736    7.19506     5.3166    24.7227   12.89787 2.5338e+02 0.0000e+00
        114 113.476461    0.00785     0.4708     28.250      0.752  50335.944    31.3177     5.3170      0.745    7.19503     5.3153    24.7225   12.89782 2.5412e+02 0.0000e+00
        115 113.476464    0.00792     0.4750     28.500      0.751  50335.719    31.3175     5.3166      0.744    7.19512     5.3131    24.7224   12.89796 2.5584e+02 0.0000e+00
        116 113.476467    0.00799     0.4792     28.750      0.740  50336.889    31.3180     5.3154      0.733    7.19531     5.3102    24.7230   12.89827 2.5803e+02 0.0000e+00
        117 113.476470    0.00806     0.4833     29.000      0.721  50340.261    31.3199     5.3131      0.714    7.19560     5.3076    24.7247   12.89873 2.6021e+02 0.0000e+00
        118 113.476473    0.00813     0.4875     29.250      0.701  50345.295    31.3228     5.3102      0.694    7.19596     5.3062    24.7273   12.89929 2.6220e+02 0.0000e+00
        119 113.476476    0.00819     0.4917     29.500      0.687  50350.457    31.3258     5.3076      0.681    7.19627     5.3065    24.7300   12.89975 2.6299e+02 0.0000e+00
        120 113.476479    0.00826     0.4958     29.750      0.685  50354.147    31.3280     5.3062      0.679    7.19639     5.3086    24.7319   12.89993 2.6177e+02 0.0000e+00
        121 113.476481    0.00833     0.5000     30.000      0.695  50355.159    31.3288     5.3065      0.689    7.19630     5.3121    24.7325   12.89978 2.6014e+02 0.0000e+00
        122 113.476484    0.00840     0.5042     30.250      0.713  50352.895    31.3277     5.3086      0.706    7.19599     5.3158    24.7313   12.89928 2.5921e+02 0.0000e+00
        123 113.476487    0.00847     0.5083     30.500      0.731  50347.704    31.3248     5.3121      0.724    7.19553     5.3187    24.7287   12.89856 2.5905e+02 0.0000e+00
        124 113.476490    0.00854     0.5125     30.750      0.744  50341.168    31.3211     5.3158      0.736    7.19508     5.3202    24.7253   12.89785 2.6004e+02 0.0000e+00
        125 113.476493    0.00861     0.5167     31.000      0.748  50335.492    31.3178     5.3187      0.741    7.19475     5.3203    24.7224   12.89735 2.6121e+02 0.0000e+00
        126 113.476496    0.00868     0.5208     31.250      0.744  50332.257    31.3159     5.3202      0.737    7.19457     5.3192    24.7207   12.89709 2.6140e+02 0.0000e+00
        127 113.476499    0.00875     0.5250     31.500      0.734  50331.975    31.3157     5.3203      0.727    7.19457     5.3179    24.7206   12.89708 2.6108e+02 0.0000e+00
        128 113.476502    0.00882     0.5292     31.750      0.724  50334.157    31.3170     5.3192      0.717    7.19468     5.3170    24.7217   12.89726 2.6082e+02 0.0000e+00
        129 113.476505    0.00889     0.5333     32.000      0.718  50337.360    31.3189     5.3179      0.711    7.19482     5.3168    24.7234   12.89746 2.6073e+02 0.0000e+00
        130 113.476508    0.00896     0.5375     32.250      0.716  50339.903    31.3205     5.3170      0.709    7.19491     5.3175    24.7247   12.89758 2.6034e+02 0.0000e+00
        131 113.476510    0.00903     0.5417     32.500      0.716  50340.626    31.3209     5.3169      0.709    7.19491     5.3186    24.7251   12.89757 2.5988e+02 0.0000e+00
        132 113.476513    0.00910     0.5458     32.750      0.715  50339.361    31.3202     5.3175      0.708    7.19483     5.3198    24.7245   12.89745 2.6024e+02 0.0000e+00
        133 113.476516    0.00917     0.5500     33.000      0.712  50337.087    31.3189     5.3187      0.706    7.19470     5.3208    24.7233   12.89725 2.6100e+02 0.0000e+00
        134 113.476519    0.00924     0.5542     33.250      0.709  50335.009    31.3177     5.3198      0.702    7.19455     5.3216    24.7222   12.89703 2.6150e+02 0.0000e+00
        135 113.476522    0.00931     0.5583     33.500      0.708  50333.709    31.3170     5.3208      0.701    7.19442     5.3225    24.7216   12.89681 2.6140e+02 0.0000e+00
        136 113.476525    0.00937     0.5625     33.750      0.711  50333.096    31.3168     5.3217      0.704    7.19429     5.3236    24.7213   12.89660 2.6052e+02 0.0000e+00
        137 113.476528    0.00944     0.5667     34.000      0.717  50332.636    31.3166     5.3226      0.710    7.19414     5.3246    24.7211   12.89635 2.5920e+02 0.0000e+00
        138 113.476531    0.00951     0.5708     34.250      0.726  50331.794    31.3163     5.3236      0.719    7.19398     5.3254    24.7207   12.89609 2.5799e+02 0.0000e+00
        139 113.476534    0.00958     0.5750     34.500      0.734  50330.387    31.3155     5.3247      0.727    7.19383     5.3257    24.7200   12.89586 2.5759e+02 0.0000e+00
        140 113.476536    0.00965     0.5792     34.750      0.737  50328.640    31.3145     5.3254      0.731    7.19375     5.3254    24.7190   12.89574 2.5819e+02 0.0000e+00
        141 113.476539    0.00972     0.5833     35.000      0.736  50327.167    31.3135     5.3257      0.729    7.19375     5.3244    24.7182   12.89575 2.5916e+02 0.0000e+00
        142 113.476542    0.00979     0.5875     35.250      0.729  50326.748    31.3131     5.3254      0.722    7.19382     5.3230    24.7180   12.89587 2.5988e+02 0.0000e+00
        143 113.476545    0.00986     0.5917     35.500      0.719  50327.895    31.3137     5.3245      0.713    7.19395     5.3216    24.7186   12.89608 2.6071e+02 0.0000e+00
        144 113.476548    0.00993     0.5958     35.750      0.712  50330.591    31.3153     5.3230      0.706    7.19412     5.3207    24.7200   12.89634 2.6089e+02 0.0000e+00
        145 113.476551    0.01000     0.6000     36.000      0.712  50333.973    31.3173     5.3216      0.706    7.19427     5.3208    24.7217   12.89656 2.5996e+02 0.0000e+00
        146 113.476554    0.01007     0.6042     36.250      0.718  50336.570    31.3190     5.3208      0.712    7.19433     5.3219    24.7231   12.89665 2.5961e+02 0.0000e+00
        147 113.476557    0.01014     0.6083     36.500      0.729  50337.160    31.3194     5.3209      0.722    7.19429     5.3234    24.7234   12.89659 2.5911e+02 0.0000e+00
        148 113.476560    0.01021     0.6125     36.750      0.739  50335.379    31.3184     5.3219      0.732    7.19417     5.3247    24.7225   12.89639 2.5805e+02 0.0000e+00
        149 113.476563    0.01028     0.6167     37.000      0.745  50332.144    31.3165     5.3234      0.738    7.19400     5.3254    24.7208   12.89613 2.5821e+02 0.0000e+00
        150 113.476565    0.01035     0.6208     37.250      0.747  50329.035    31.3146     5.3248      0.739    7.19386     5.3255    24.7192   12.89592 2.5972e+02 0.0000e+00
        151 113.476568    0.01042     0.6250     37.500      0.744  50326.956    31.3133     5.3255      0.736    7.19379     5.3251    24.7181   12.89583 2.6071e+02 0.0000e+00
        152 113.476571    0.01049     0.6292     37.750      0.738  50326.082    31.3127     5.3256      0.731    7.19380     5.3244    24.7176   12.89585 2.6026e+02 0.0000e+00
        153 113.476574    0.01056     0.6333     38.000      0.731  50326.245    31.3128     5.3252      0.724    7.19387     5.3239    24.7177   12.89598 2.6022e+02 0.0000e+00
        154 113.476577    0.01063     0.6375     38.250      0.724  50326.948    31.3131     5.3245      0.717    7.19397     5.3235    24.7181   12.89613 2.6115e+02 0.0000e+00
        155 113.476580    0.01069     0.6417     38.500      0.719  50327.717    31.3135     5.3239      0.712    7.19406     5.3235    24.7185   12.89626 2.6187e+02 0.0000e+00
        156 113.476583    0.01076     0.6458     38.750      0.716  50328.355    31.3139     5.3236      0.710    7.19409     5.3239    24.7188   12.89632 2.6200e+02 0.0000e+00
        157 113.476586    0.01083     0.6500     39.000      0.717  50328.840    31.3142     5.3236      0.711    7.19408     5.3247    24.7191   12.89628 2.6168e+02 0.0000e+00
        158 113.476589    0.01090     0.6542     39.250      0.722  50329.081    31.3145     5.3240      0.716    7.19400     5.3261    24.7192   12.89616 2.6093e+02 0.0000e+00
        159 113.476591    0.01097     0.6583     39.500      0.731  50328.731    31.3144     5.3248      0.725    7.19387     5.3279    24.7190   12.89593 2.5969e+02 0.0000e+00
        160 113.476594    0.01104     0.6625     39.750      0.742  50327.239    31.3136     5.3262      0.735    7.19367     5.3297    24.7183   12.89561 2.5873e+02 0.0000e+00
        161 113.476597    0.01111     0.6667     40.000      0.750  50324.363    31.3120     5.3280      0.743    7.19343     5.3309    24.7169   12.89524 2.5880e+02 0.0000e+00
        162 113.476600    0.01118     0.6708     40.250      0.751  50320.967    31.3101     5.3298      0.744    7.19322     5.3311    24.7151   12.89492 2.5905e+02 0.0000e+00
        163 113.476603    0.01125     0.6750     40.500      0.744  50318.596    31.3087     5.3309      0.737    7.19309     5.3302    24.7138   12.89472 2.5900e+02 0.0000e+00
        164 113.476606    0.01132     0.6792     40.750      0.731  50318.341    31.3086     5.3311      0.724    7.19307     5.3291    24.7137   12.89469 2.5933e+02 0.0000e+00
        165 113.476609    0.01139     0.6833     41.000      0.717  50320.393    31.3098     5.3303      0.710    7.19315     5.3285    24.7148   12.89481 2.5964e+02 0.0000e+00
        166 113.476612    0.01146     0.6875     41.250      0.707  50323.734    31.3118     5.3291      0.700    7.19324     5.3288    24.7165   12.89494 2.5922e+02 0.0000e+00
        167 113.476615    0.01153     0.6917     41.500      0.705  50326.683    31.3137     5.3285      0.698    7.19326     5.3300    24.7181   12.89493 2.5830e+02 0.0000e+00
        168 113.476617    0.01160     0.6958     41.750      0.710  50328.035    31.3147     5.3289      0.704    7.19315     5.3315    24.7189   12.89475 2.5732e+02 0.0000e+00
        169 113.476620    0.01167     0.7000     42.000      0.720  50327.439    31.3146     5.3300      0.713    7.19296     5.3329    24.7186   12.89443 2.5687e+02 0.0000e+00
        170 113.476623    0.01174     0.7042     42.250      0.730  50325.201    31.3134     5.3316      0.723    7.19276     5.3341    24.7174   12.89411 2.5722e+02 0.0000e+00
        171 113.476626    0.01181     0.7083     42.500      0.736  50322.062    31.3115     5.3330      0.729    7.19260     5.3348    24.7158   12.89388 2.5781e+02 0.0000e+00
        172 113.476629    0.01188     0.7125     42.750      0.737  50319.015    31.3096     5.3341      0.730    7.19250     5.3351    24.7142   12.89373 2.5880e+02 0.0000e+00
        173 113.476632    0.01194     0.7167     43.000      0.734  50316.863    31.3083     5.3348      0.727    7.19244     5.3350    24.7131   12.89365 2.6031e+02 0.0000e+00
        174 113.476635    0.01201     0.7208     43.250      0.729  50315.974    31.3077     5.3351      0.722    7.19242     5.3348    24.7126   12.89363 2.6117e+02 0.0000e+00
        175 113.476638    0.01208     0.7250     43.500      0.724  50316.214    31.3079     5.3350      0.717    7.19242     5.3346    24.7128   12.89363 2.6157e+02 0.0000e+00
        176 113.476641    0.01215     0.7292     43.750      0.720  50316.948    31.3084     5.3348      0.713    7.19244     5.3346    24.7132   12.89365 2.6177e+02 0.0000e+00
        177 113.476644    0.01222     0.7333     44.000      0.717  50317.514    31.3087     5.3347      0.711    7.19245     5.3347    24.7135   12.89366 2.6129e+02 0.0000e+00
        178 113.476646    0.01229     0.7375     44.250      0.714  50317.676    31.3088     5.3347      0.708    7.19245     5.3350    24.7135   12.89366 2.6096e+02 0.0000e+00
        179 113.476649    0.01236     0.7417     44.500      0.711  50317.597    31.3088     5.3348      0.705    7.19243     5.3356    24.7135   12.89363 2.6085e+02 0.0000e+00
        180 113.476652    0.01243     0.7458     44.750      0.710  50317.443    31.3088     5.3351      0.704    7.19238     5.3364    24.7134   12.89354 2.5998e+02 0.0000e+00
