CTD-processing/allCTD/CNV--turbid/2018_03-02_alongbay_skb01_cast001.cnv
* Sea-Bird SBE19plus Data File:
* FileName = C:\Users\Kim.Powell\Desktop\Not Processed\2018\2018_03-02_AlongBay,T9_5028\2018_03-02_TRANSECT_STATION_cast.hex
* Software Version 1.59
* Temperature SN =  5028
* Conductivity SN =  5028
* System UpLoad Time = Mar 05 2018 11:13:42
** 2018_03-02
** Station: KB01
** Start Time: 10:40
** Depth (m): 72.5
** Comment: **CTD time 1 hour off
** Comment:
# nquan = 16
# nvalues = 758                         
# units = specified
# name 0 = scan: Scan Count
# name 1 = timeJ: Julian Days
# name 2 = timeH: Time, Elapsed [hours]
# name 3 = timeM: Time, Elapsed [minutes]
# name 4 = timeS: Time, Elapsed [seconds]
# name 5 = prdM: Pressure, Strain Gauge [db]
# name 6 = specc: Specific Conductance [uS/cm]
# name 7 = sal00: Salinity, Practical [PSU]
# name 8 = tv290C: Temperature [ITS-90, deg C]
# name 9 = depSM: Depth [salt water, m], lat = 59.00
# name 10 = oxsolML/L: Oxygen Saturation, Garcia & Gordon [ml/l]
# name 11 = potemp090C: Potential Temperature [ITS-90, deg C]
# name 12 = sigma-é00: Density [sigma-theta, kg/m^3]
# name 13 = n2satML/L: Nitrogen Saturation [ml/l]
# name 14 = par: PAR/Irradiance, Biospherical/Licor
# name 15 = flag:  0.000e+00
# span 0 =          1,        758       
# span 1 =  61.486644,  61.488834       
# span 2 =    0.00000,    0.05257       
# span 3 =     0.0000,     3.1542       
# span 4 =      0.000,    189.250       
# span 5 =      0.358,     69.493       
# span 6 =  50703.139,  52764.050       
# span 7 =    31.1621,    32.3401       
# span 8 =     2.7032,     3.7483       
# span 9 =      0.355,     68.832       
# span 10 =    7.45256,    7.61613      
# span 11 =     3.1031,     3.7440      
# span 12 =    24.7783,    25.7861      
# span 13 =   13.31773,   13.57938      
# span 14 = 3.7976e-02, 2.1710e+02      
# span 15 = 0.0000e+00, 0.0000e+00      
# interval = seconds: 0.25
# start_time = Mar 02 2018 11:40:46 [Instrument's time stamp, header]
# bad_flag = -9.990e-29
*END*
          1  61.486644    0.00000     0.0000      0.000      0.358  52764.050    32.3401     2.7032      0.355    7.61613     3.1031    25.7861   13.57938 2.1710e+02 0.0000e+00
          2  61.486646    0.00007     0.0042      0.250      0.448  52420.464    32.1608     2.8992      0.444    7.58840     3.2723    25.6268   13.53602 1.8294e+02 0.0000e+00
          3  61.486649    0.00014     0.0083      0.500      0.562  52048.958    31.9641     3.1032      0.557    7.56015     3.3964    25.4527   13.49203 1.5273e+02 0.0000e+00
          4  61.486652    0.00021     0.0125      0.750      0.687  51706.844    31.7771     3.2724      0.681    7.53802     3.4784    25.2892   13.45801 1.3676e+02 0.0000e+00
          5  61.486655    0.00028     0.0167      1.000      0.807  51407.948    31.6070     3.3964      0.799    7.52354     3.5264    25.1430   13.43636 1.3308e+02 0.0000e+00
          6  61.486658    0.00035     0.0208      1.250      0.902  51166.720    31.4647     3.4785      0.893    7.51548     3.5503    25.0227   13.42496 1.3492e+02 0.0000e+00
          7  61.486661    0.00042     0.0250      1.500      0.960  50994.960    31.3607     3.5265      0.951    7.51183     3.5605    24.9357   13.42030 1.3826e+02 0.0000e+00
          8  61.486664    0.00049     0.0292      1.750      0.984  50905.918    31.3067     3.5504      0.975    7.51011     3.5649    24.8906   13.41818 1.4155e+02 0.0000e+00
          9  61.486667    0.00056     0.0333      2.000      0.984  50897.227    31.3036     3.5606      0.975    7.50835     3.5669    24.8873   13.41532 1.4370e+02 0.0000e+00
         10  61.486670    0.00063     0.0375      2.250      0.974  50914.932    31.3169     3.5650      0.965    7.50685     3.5663    24.8975   13.41266 1.4456e+02 0.0000e+00
         11  61.486672    0.00069     0.0417      2.500      0.964  50903.814    31.3100     3.5670      0.955    7.50682     3.5611    24.8918   13.41271 1.4415e+02 0.0000e+00
         12  61.486675    0.00076     0.0458      2.750      0.964  50851.694    31.2745     3.5664      0.955    7.50873     3.5493    24.8636   13.41634 1.4263e+02 0.0000e+00
         13  61.486678    0.00083     0.0500      3.000      0.972  50782.001    31.2259     3.5612      0.963    7.51216     3.5298    24.8254   13.42263 1.4112e+02 0.0000e+00
         14  61.486681    0.00090     0.0542      3.250      0.982  50734.283    31.1906     3.5494      0.973    7.51613     3.5044    24.7984   13.42966 1.4028e+02 0.0000e+00
         15  61.486684    0.00097     0.0583      3.500      0.988  50729.560    31.1826     3.5298      0.979    7.52017     3.4808    24.7937   13.43642 1.3986e+02 0.0000e+00
         16  61.486687    0.00104     0.0625      3.750      0.989  50771.944    31.2051     3.5045      0.979    7.52372     3.4680    24.8139   13.44199 1.3928e+02 0.0000e+00
         17  61.486690    0.00111     0.0667      4.000      0.986  50849.262    31.2517     3.4809      0.977    7.52572     3.4685    24.8531   13.44467 1.3826e+02 0.0000e+00
         18  61.486693    0.00118     0.0708      4.250      0.987  50924.300    31.2994     3.4681      0.978    7.52565     3.4769    24.8922   13.44393 1.3709e+02 0.0000e+00
         19  61.486696    0.00125     0.0750      4.500      0.997  50958.422    31.3227     3.4685      0.988    7.52437     3.4852    24.9107   13.44151 1.3682e+02 0.0000e+00
         20  61.486698    0.00132     0.0792      4.750      1.016  50931.033    31.3062     3.4769      1.007    7.52365     3.4870    24.8968   13.44055 1.3818e+02 0.0000e+00
         21  61.486701    0.00139     0.0833      5.000      1.038  50858.456    31.2591     3.4852      1.029    7.52452     3.4783    24.8585   13.44261 1.3989e+02 0.0000e+00
         22  61.486704    0.00146     0.0875      5.250      1.054  50791.686    31.2142     3.4870      1.045    7.52648     3.4592    24.8226   13.44643 1.4043e+02 0.0000e+00
         23  61.486707    0.00153     0.0917      5.500      1.057  50772.734    31.1992     3.4783      1.048    7.52887     3.4377    24.8114   13.45057 1.3950e+02 0.0000e+00
         24  61.486710    0.00160     0.0958      5.750      1.045  50816.480    31.2241     3.4592      1.036    7.53113     3.4252    24.8330   13.45397 1.3809e+02 0.0000e+00
         25  61.486713    0.00167     0.1000      6.000      1.021  50914.666    31.2853     3.4377      1.012    7.53200     3.4291    24.8836   13.45460 1.3754e+02 0.0000e+00
         26  61.486716    0.00174     0.1042      6.250      0.992  51035.716    31.3643     3.4253      0.982    7.53029     3.4486    24.9476   13.45072 1.3796e+02 0.0000e+00
         27  61.486719    0.00181     0.1083      6.500      0.962  51139.259    31.4355     3.4291      0.953    7.52594     3.4763    25.0040   13.44260 1.3869e+02 0.0000e+00
         28  61.486722    0.00187     0.1125      6.750      0.941  51195.458    31.4786     3.4487      0.932    7.52012     3.5026    25.0365   13.43243 1.3881e+02 0.0000e+00
         29  61.486725    0.00194     0.1167      7.000      0.935  51195.200    31.4853     3.4763      0.927    7.51465     3.5197    25.0394   13.42332 1.3817e+02 0.0000e+00
         30  61.486727    0.00201     0.1208      7.250      0.950  51143.815    31.4570     3.5026      0.941    7.51123     3.5215    25.0145   13.41805 1.3738e+02 0.0000e+00
         31  61.486730    0.00208     0.1250      7.500      0.982  51048.322    31.3964     3.5197      0.972    7.51116     3.5030    24.9648   13.41874 1.3607e+02 0.0000e+00
         32  61.486733    0.00215     0.1292      7.750      1.018  50939.419    31.3228     3.5215      1.008    7.51458     3.4632    24.9061   13.42534 1.3366e+02 0.0000e+00
         33  61.486736    0.00222     0.1333      8.000      1.046  50881.472    31.2788     3.5031      1.036    7.52024     3.4115    24.8727   13.43527 1.3082e+02 0.0000e+00
         34  61.486739    0.00229     0.1375      8.250      1.057  50910.031    31.2882     3.4633      1.047    7.52714     3.3655    24.8837   13.44654 1.2874e+02 0.0000e+00
         35  61.486742    0.00236     0.1417      8.500      1.050  51001.051    31.3370     3.4115      1.040    7.53427     3.3411    24.9271   13.45765 1.2851e+02 0.0000e+00
         36  61.486745    0.00243     0.1458      8.750      1.033  51107.952    31.3979     3.3655      1.023    7.53969     3.3438    24.9796   13.46580 1.3028e+02 0.0000e+00
         37  61.486748    0.00250     0.1500      9.000      1.016  51188.181    31.4462     3.3412      1.006    7.54174     3.3654    25.0202   13.46854 1.3257e+02 0.0000e+00
         38  61.486751    0.00257     0.1542      9.250      1.006  51208.240    31.4606     3.3438      0.997    7.54051     3.3915    25.0314   13.46632 1.3373e+02 0.0000e+00
         39  61.486753    0.00264     0.1583      9.500      1.005  51153.004    31.4286     3.3655      0.996    7.53811     3.4104    25.0041   13.46279 1.3324e+02 0.0000e+00
         40  61.486756    0.00271     0.1625      9.750      1.008  51049.934    31.3654     3.3915      0.999    7.53650     3.4155    24.9515   13.46096 1.3150e+02 0.0000e+00
         41  61.486759    0.00278     0.1667     10.000      1.009  50957.281    31.3073     3.4104      0.999    7.53595     3.4074    24.9036   13.46082 1.2978e+02 0.0000e+00
         42  61.486762    0.00285     0.1708     10.250      1.003  50920.966    31.2840     3.4156      0.993    7.53618     3.3963    24.8846   13.46151 1.2914e+02 0.0000e+00
         43  61.486765    0.00292     0.1750     10.500      0.990  50964.396    31.3115     3.4074      0.981    7.53629     3.3961    24.9071   13.46134 1.2982e+02 0.0000e+00
         44  61.486768    0.00299     0.1792     10.750      0.978  51067.827    31.3788     3.3964      0.968    7.53491     3.4122    24.9617   13.45816 1.3166e+02 0.0000e+00
         45  61.486771    0.00306     0.1833     11.000      0.972  51162.890    31.4432     3.3961      0.963    7.53165     3.4385    25.0130   13.45194 1.3377e+02 0.0000e+00
         46  61.486774    0.00313     0.1875     11.250      0.979  51194.731    31.4689     3.4122      0.970    7.52736     3.4639    25.0320   13.44452 1.3515e+02 0.0000e+00
         47  61.486777    0.00319     0.1917     11.500      1.002  51150.782    31.4457     3.4386      0.992    7.52366     3.4789    25.0112   13.43872 1.3603e+02 0.0000e+00
         48  61.486780    0.00326     0.1958     11.750      1.034  51046.290    31.3811     3.4640      1.024    7.52225     3.4771    24.9576   13.43723 1.3703e+02 0.0000e+00
         49  61.486782    0.00333     0.2000     12.000      1.066  50923.697    31.3016     3.4789      1.056    7.52353     3.4552    24.8930   13.44040 1.3809e+02 0.0000e+00
         50  61.486785    0.00340     0.2042     12.250      1.089  50838.562    31.2434     3.4771      1.079    7.52684     3.4173    24.8467   13.44663 1.3875e+02 0.0000e+00
         51  61.486788    0.00347     0.2083     12.500      1.097  50826.297    31.2296     3.4553      1.086    7.53161     3.3768    24.8377   13.45468 1.3847e+02 0.0000e+00
         52  61.486791    0.00354     0.2125     12.750      1.087  50890.427    31.2636     3.4174      1.076    7.53692     3.3490    24.8681   13.46299 1.3745e+02 0.0000e+00
         53  61.486794    0.00361     0.2167     13.000      1.064  51008.075    31.3332     3.3769      1.054    7.54088     3.3429    24.9271   13.46862 1.3692e+02 0.0000e+00
         54  61.486797    0.00368     0.2208     13.250      1.037  51136.538    31.4133     3.3491      1.028    7.54196     3.3598    24.9933   13.46934 1.3692e+02 0.0000e+00
         55  61.486800    0.00375     0.2250     13.500      1.015  51236.782    31.4798     3.3429      1.006    7.53971     3.3941    25.0467   13.46474 1.3650e+02 0.0000e+00
         56  61.486803    0.00382     0.2292     13.750      1.005  51289.630    31.5199     3.3599      0.996    7.53450     3.4352    25.0772   13.45562 1.3601e+02 0.0000e+00
         57  61.486806    0.00389     0.2333     14.000      1.007  51285.944    31.5261     3.3941      0.998    7.52782     3.4738    25.0791   13.44452 1.3625e+02 0.0000e+00
         58  61.486808    0.00396     0.2375     14.250      1.018  51223.820    31.4943     3.4353      1.008    7.52180     3.5040    25.0502   13.43500 1.3656e+02 0.0000e+00
         59  61.486811    0.00403     0.2417     14.500      1.029  51116.243    31.4310     3.4738      1.019    7.51789     3.5241    24.9964   13.42938 1.3535e+02 0.0000e+00
         60  61.486814    0.00410     0.2458     14.750      1.034  51001.393    31.3606     3.5040      1.024    7.51588     3.5355    24.9377   13.42699 1.3240e+02 0.0000e+00
         61  61.486817    0.00417     0.2500     15.000      1.032  50928.747    31.3163     3.5242      1.022    7.51440     3.5417    24.9007   13.42513 1.2910e+02 0.0000e+00
         62  61.486820    0.00424     0.2542     15.250      1.027  50915.860    31.3104     3.5355      1.017    7.51259     3.5465    24.8950   13.42222 1.2643e+02 0.0000e+00
         63  61.486823    0.00431     0.2583     15.500      1.024  50935.815    31.3255     3.5417      1.014    7.51068     3.5505    24.9064   13.41887 1.2486e+02 0.0000e+00
         64  61.486826    0.00438     0.2625     15.750      1.029  50942.248    31.3311     3.5465      1.018    7.50951     3.5510    24.9104   13.41687 1.2498e+02 0.0000e+00
         65  61.486829    0.00444     0.2667     16.000      1.038  50902.065    31.3048     3.5505      1.028    7.51010     3.5448    24.8892   13.41819 1.2650e+02 0.0000e+00
         66  61.486832    0.00451     0.2708     16.250      1.049  50822.003    31.2506     3.5511      1.039    7.51276     3.5295    24.8460   13.42330 1.2856e+02 0.0000e+00
         67  61.486834    0.00458     0.2750     16.500      1.057  50744.521    31.1965     3.5449      1.047    7.51667     3.5061    24.8034   13.43047 1.3059e+02 0.0000e+00
         68  61.486837    0.00465     0.2792     16.750      1.062  50709.588    31.1690     3.5296      1.051    7.52091     3.4806    24.7829   13.43782 1.3187e+02 0.0000e+00
         69  61.486840    0.00472     0.2833     17.000      1.064  50726.156    31.1744     3.5061      1.054    7.52497     3.4596    24.7893   13.44446 1.3215e+02 0.0000e+00
         70  61.486843    0.00479     0.2875     17.250      1.064  50771.258    31.1987     3.4806      1.053    7.52847     3.4457    24.8109   13.44991 1.3207e+02 0.0000e+00
         71  61.486846    0.00486     0.2917     17.500      1.059  50815.312    31.2234     3.4596      1.049    7.53109     3.4382    24.8324   13.45391 1.3192e+02 0.0000e+00
         72  61.486849    0.00493     0.2958     17.750      1.049  50852.817    31.2454     3.4457      1.039    7.53255     3.4374    24.8511   13.45603 1.3112e+02 0.0000e+00
         73  61.486852    0.00500     0.3000     18.000      1.035  50903.489    31.2779     3.4383      1.025    7.53228     3.4452    24.8776   13.45515 1.2987e+02 0.0000e+00
         74  61.486855    0.00507     0.3042     18.250      1.023  50981.643    31.3307     3.4374      1.013    7.52974     3.4624    24.9198   13.45026 1.2926e+02 0.0000e+00
         75  61.486858    0.00514     0.3083     18.500      1.017  51069.332    31.3921     3.4452      1.008    7.52517     3.4863    24.9680   13.44190 1.2910e+02 0.0000e+00
         76  61.486861    0.00521     0.3125     18.750      1.023  51133.011    31.4397     3.4624      1.013    7.51954     3.5113    25.0043   13.43199 1.2937e+02 0.0000e+00
         77  61.486863    0.00528     0.3167     19.000      1.039  51152.280    31.4587     3.4864      1.030    7.51414     3.5322    25.0174   13.42283 1.3084e+02 0.0000e+00
         78  61.486866    0.00535     0.3208     19.250      1.062  51121.185    31.4438     3.5114      1.052    7.51027     3.5452    25.0033   13.41664 1.3239e+02 0.0000e+00
         79  61.486869    0.00542     0.3250     19.500      1.086  51041.974    31.3952     3.5322      1.076    7.50889     3.5486    24.9628   13.41500 1.3247e+02 0.0000e+00
         80  61.486872    0.00549     0.3292     19.750      1.105  50928.735    31.3216     3.5453      1.094    7.51022     3.5407    24.9030   13.41817 1.3119e+02 0.0000e+00
         81  61.486875    0.00556     0.3333     20.000      1.115  50812.081    31.2432     3.5487      1.105    7.51358     3.5194    24.8403   13.42476 1.2926e+02 0.0000e+00
         82  61.486878    0.00562     0.3375     20.250      1.115  50728.461    31.1845     3.5408      1.105    7.51805     3.4871    24.7943   13.43291 1.2666e+02 0.0000e+00
         83  61.486881    0.00569     0.3417     20.500      1.106  50703.139    31.1621     3.5195      1.095    7.52314     3.4535    24.7783   13.44161 1.2314e+02 0.0000e+00
         84  61.486884    0.00576     0.3458     20.750      1.090  50743.242    31.1813     3.4872      1.080    7.52815     3.4293    24.7964   13.44962 1.1940e+02 0.0000e+00
         85  61.486887    0.00583     0.3500     21.000      1.074  50836.244    31.2360     3.4536      1.064    7.53159     3.4195    24.8430   13.45457 1.1557e+02 0.0000e+00
         86  61.486889    0.00590     0.3542     21.250      1.061  50955.726    31.3110     3.4294      1.051    7.53225     3.4243    24.9048   13.45467 1.1172e+02 0.0000e+00
         87  61.486892    0.00597     0.3583     21.500      1.053  51069.048    31.3854     3.4196      1.043    7.53026     3.4417    24.9650   13.45041 1.0958e+02 0.0000e+00
         88  61.486895    0.00604     0.3625     21.750      1.054  51146.907    31.4395     3.4244      1.044    7.52660     3.4669    25.0076   13.44366 1.0935e+02 0.0000e+00
         89  61.486898    0.00611     0.3667     22.000      1.062  51170.870    31.4601     3.4418      1.053    7.52233     3.4925    25.0225   13.43633 1.0960e+02 0.0000e+00
         90  61.486901    0.00618     0.3708     22.250      1.077  51130.693    31.4391     3.4669      1.067    7.51874     3.5119    25.0035   13.43068 1.0988e+02 0.0000e+00
