CTD-processing/allCTD/CNV--turbid/2018_04-23_alongbay_skb03_cast071.cnv
* Sea-Bird SBE19plus Data File:
* FileName = C:\Users\Kim.Powell\Desktop\Not Processed\2018\2018_04-23_AlongBay, T4, T9_5028\2018_04-23_TRANSECT_STATION_cast071.hex
* Software Version 1.59
* Temperature SN =  5028
* Conductivity SN =  5028
* System UpLoad Time = Apr 24 2018 10:04:24
** 2018_04-24
** Station: KB03
** Start Time: 16:15
** Depth (m): 107
** Comment:
** Comment:
# nquan = 16
# nvalues = 749                         
# units = specified
# name 0 = scan: Scan Count
# name 1 = timeJ: Julian Days
# name 2 = timeH: Time, Elapsed [hours]
# name 3 = timeM: Time, Elapsed [minutes]
# name 4 = timeS: Time, Elapsed [seconds]
# name 5 = prdM: Pressure, Strain Gauge [db]
# name 6 = specc: Specific Conductance [uS/cm]
# name 7 = sal00: Salinity, Practical [PSU]
# name 8 = tv290C: Temperature [ITS-90, deg C]
# name 9 = depSM: Depth [salt water, m], lat = 59.00
# name 10 = oxsolML/L: Oxygen Saturation, Garcia & Gordon [ml/l]
# name 11 = potemp090C: Potential Temperature [ITS-90, deg C]
# name 12 = sigma-é00: Density [sigma-theta, kg/m^3]
# name 13 = n2satML/L: Nitrogen Saturation [ml/l]
# name 14 = par: PAR/Irradiance, Biospherical/Licor
# name 15 = flag:  0.000e+00
# span 0 =          1,        749       
# span 1 = 113.676782, 113.678947       
# span 2 =    0.00000,    0.05194       
# span 3 =     0.0000,     3.1167       
# span 4 =      0.000,    187.000       
# span 5 =     -0.190,    104.024       
# span 6 =   2678.939,  51360.241       
# span 7 =     1.3492,    31.7955       
# span 8 =     4.5083,     5.1847       
# span 9 =     -0.189,    103.026       
# span 10 =    7.19837,    8.81454      
# span 11 =     4.5012,     5.1847      
# span 12 =     1.0422,    25.1869      
# span 13 =   12.89735,   16.02922      
# span 14 = 3.7976e-02, 2.6016e+02      
# span 15 = 0.0000e+00, 0.0000e+00      
# interval = seconds: 0.25
# start_time = Apr 23 2018 16:14:34 [Instrument's time stamp, header]
# bad_flag = -9.990e-29
*END*
[from data line 452]
        453 113.678090    0.03139     1.8833    113.000     44.017  51250.872    31.7926     4.7029     43.601    7.27843     4.6999    25.1652   13.02941 6.3267e-02 0.0000e+00
        454 113.678093    0.03146     1.8875    113.250     44.209  51250.986    31.7926     4.7029     43.790    7.27842     4.6999    25.1652   13.02940 6.2348e-02 0.0000e+00
        455 113.678096    0.03153     1.8917    113.500     44.411  51251.091    31.7926     4.7030     43.990    7.27841     4.6999    25.1652   13.02939 6.1400e-02 0.0000e+00
        456 113.678099    0.03160     1.8958    113.750     44.627  51251.179    31.7925     4.7030     44.205    7.27841     4.6999    25.1651   13.02939 6.0421e-02 0.0000e+00
        457 113.678102    0.03167     1.9000    114.000     44.856  51251.336    31.7925     4.7030     44.431    7.27841     4.6999    25.1651   13.02938 5.9443e-02 0.0000e+00
        458 113.678105    0.03174     1.9042    114.250     45.086  51251.539    31.7926     4.7030     44.659    7.27841     4.6999    25.1652   13.02938 5.8511e-02 0.0000e+00
        459 113.678108    0.03181     1.9083    114.500     45.305  51251.733    31.7926     4.7030     44.877    7.27841     4.6998    25.1652   13.02938 5.7666e-02 0.0000e+00
        460 113.678111    0.03188     1.9125    114.750     45.504  51251.905    31.7926     4.7030     45.074    7.27841     4.6998    25.1652   13.02938 5.6931e-02 0.0000e+00
        461 113.678113    0.03194     1.9167    115.000     45.683  51252.054    31.7926     4.7030     45.251    7.27841     4.6998    25.1652   13.02938 5.6293e-02 0.0000e+00
        462 113.678116    0.03201     1.9208    115.250     45.850  51252.215    31.7927     4.7030     45.416    7.27841     4.6999    25.1652   13.02938 5.5710e-02 0.0000e+00
        463 113.678119    0.03208     1.9250    115.500     46.018  51252.389    31.7927     4.7031     45.583    7.27840     4.6999    25.1653   13.02936 5.5136e-02 0.0000e+00
        464 113.678122    0.03215     1.9292    115.750     46.200  51252.518    31.7927     4.7031     45.764    7.27839     4.7000    25.1653   13.02935 5.4531e-02 0.0000e+00
        465 113.678125    0.03222     1.9333    116.000     46.404  51252.604    31.7927     4.7032     45.965    7.27838     4.7000    25.1652   13.02933 5.3876e-02 0.0000e+00
        466 113.678128    0.03229     1.9375    116.250     46.627  51252.724    31.7927     4.7032     46.186    7.27837     4.7001    25.1652   13.02931 5.3183e-02 0.0000e+00
        467 113.678131    0.03236     1.9417    116.500     46.861  51252.905    31.7927     4.7033     46.418    7.27836     4.7002    25.1652   13.02929 5.2488e-02 0.0000e+00
        468 113.678134    0.03243     1.9458    116.750     47.096  51253.093    31.7927     4.7034     46.651    7.27834     4.7003    25.1653   13.02927 5.1826e-02 0.0000e+00
        469 113.678137    0.03250     1.9500    117.000     47.325  51253.249    31.7927     4.7035     46.877    7.27832     4.7004    25.1653   13.02923 5.1213e-02 0.0000e+00
        470 113.678139    0.03257     1.9542    117.250     47.542  51253.398    31.7928     4.7036     47.092    7.27830     4.7006    25.1653   13.02920 5.0658e-02 0.0000e+00
        471 113.678142    0.03264     1.9583    117.500     47.749  51253.582    31.7928     4.7037     47.297    7.27827     4.7008    25.1653   13.02916 5.0162e-02 0.0000e+00
        472 113.678145    0.03271     1.9625    117.750     47.947  51253.733    31.7929     4.7039     47.493    7.27824     4.7009    25.1653   13.02910 4.9702e-02 0.0000e+00
        473 113.678148    0.03278     1.9667    118.000     48.144  51253.682    31.7928     4.7041     47.688    7.27821     4.7010    25.1652   13.02905 4.9251e-02 0.0000e+00
        474 113.678151    0.03285     1.9708    118.250     48.341  51253.483    31.7926     4.7043     47.884    7.27819     4.7010    25.1651   13.02902 4.8808e-02 0.0000e+00
        475 113.678154    0.03292     1.9750    118.500     48.539  51253.365    31.7924     4.7044     48.079    7.27818     4.7010    25.1649   13.02901 4.8381e-02 0.0000e+00
        476 113.678157    0.03299     1.9792    118.750     48.735  51253.487    31.7924     4.7044     48.274    7.27818     4.7010    25.1649   13.02900 4.7971e-02 0.0000e+00
        477 113.678160    0.03306     1.9833    119.000     48.929  51253.788    31.7925     4.7044     48.466    7.27817     4.7011    25.1650   13.02899 4.7580e-02 0.0000e+00
        478 113.678163    0.03313     1.9875    119.250     49.124  51253.982    31.7926     4.7044     48.659    7.27816     4.7011    25.1651   13.02898 4.7202e-02 0.0000e+00
        479 113.678166    0.03319     1.9917    119.500     49.321  51253.979    31.7925     4.7045     48.854    7.27816     4.7011    25.1650   13.02897 4.6826e-02 0.0000e+00
        480 113.678168    0.03326     1.9958    119.750     49.525  51253.977    31.7924     4.7045     49.056    7.27815     4.7010    25.1649   13.02897 4.6451e-02 0.0000e+00
        481 113.678171    0.03333     2.0000    120.000     49.737  51254.091    31.7923     4.7045     49.266    7.27816     4.7010    25.1649   13.02897 4.6081e-02 0.0000e+00
        482 113.678174    0.03340     2.0042    120.250     49.957  51254.270    31.7923     4.7045     49.483    7.27816     4.7009    25.1649   13.02897 4.5712e-02 0.0000e+00
        483 113.678177    0.03347     2.0083    120.500     50.184  51254.418    31.7923     4.7044     49.708    7.27817     4.7009    25.1649   13.02898 4.5348e-02 0.0000e+00
        484 113.678180    0.03354     2.0125    120.750     50.416  51254.450    31.7922     4.7044     49.938    7.27818     4.7007    25.1648   13.02900 4.4997e-02 0.0000e+00
        485 113.678183    0.03361     2.0167    121.000     50.650  51254.448    31.7921     4.7043     50.170    7.27819     4.7006    25.1647   13.02903 4.4660e-02 0.0000e+00
        486 113.678186    0.03368     2.0208    121.250     50.882  51254.655    31.7921     4.7042     50.399    7.27821     4.7005    25.1647   13.02907 4.4336e-02 0.0000e+00
        487 113.678189    0.03375     2.0250    121.500     51.108  51255.053    31.7922     4.7041     50.623    7.27823     4.7005    25.1648   13.02909 4.4026e-02 0.0000e+00
        488 113.678192    0.03382     2.0292    121.750     51.325  51255.375    31.7923     4.7041     50.838    7.27823     4.7005    25.1649   13.02909 4.3747e-02 0.0000e+00
        489 113.678194    0.03389     2.0333    122.000     51.533  51255.576    31.7924     4.7041     51.044    7.27823     4.7005    25.1650   13.02909 4.3503e-02 0.0000e+00
        490 113.678197    0.03396     2.0375    122.250     51.733  51255.721    31.7924     4.7041     51.242    7.27823     4.7005    25.1650   13.02908 4.3277e-02 0.0000e+00
        491 113.678200    0.03403     2.0417    122.500     51.929  51255.789    31.7923     4.7041     51.437    7.27822     4.7004    25.1649   13.02908 4.3057e-02 0.0000e+00
        492 113.678203    0.03410     2.0458    122.750     52.127  51255.792    31.7922     4.7041     51.633    7.27823     4.7003    25.1649   13.02909 4.2834e-02 0.0000e+00
        493 113.678206    0.03417     2.0500    123.000     52.334  51255.769    31.7921     4.7041     51.838    7.27824     4.7001    25.1648   13.02912 4.2607e-02 0.0000e+00
        494 113.678209    0.03424     2.0542    123.250     52.551  51255.874    31.7920     4.7039     52.053    7.27827     4.6998    25.1647   13.02917 4.2382e-02 0.0000e+00
        495 113.678212    0.03431     2.0583    123.500     52.776  51256.168    31.7921     4.7037     52.276    7.27831     4.6996    25.1648   13.02922 4.2158e-02 0.0000e+00
        496 113.678215    0.03438     2.0625    123.750     53.003  51256.465    31.7922     4.7035     52.501    7.27834     4.6994    25.1648   13.02928 4.1938e-02 0.0000e+00
        497 113.678218    0.03444     2.0667    124.000     53.225  51256.694    31.7922     4.7033     52.721    7.27838     4.6993    25.1649   13.02934 4.1731e-02 0.0000e+00
        498 113.678220    0.03451     2.0708    124.250     53.441  51256.882    31.7921     4.7032     52.935    7.27841     4.6991    25.1649   13.02939 4.1541e-02 0.0000e+00
        499 113.678223    0.03458     2.0750    124.500     53.653  51257.055    31.7921     4.7030     53.144    7.27844     4.6989    25.1649   13.02943 4.1368e-02 0.0000e+00
        500 113.678226    0.03465     2.0792    124.750     53.864  51257.282    31.7921     4.7028     53.353    7.27846     4.6987    25.1649   13.02948 4.1205e-02 0.0000e+00
        501 113.678229    0.03472     2.0833    125.000     54.078  51257.546    31.7922     4.7026     53.566    7.27849     4.6985    25.1649   13.02953 4.1042e-02 0.0000e+00
        502 113.678232    0.03479     2.0875    125.250     54.299  51257.792    31.7922     4.7025     53.785    7.27852     4.6983    25.1650   13.02958 4.0881e-02 0.0000e+00
        503 113.678235    0.03486     2.0917    125.500     54.525  51258.023    31.7922     4.7023     54.008    7.27855     4.6982    25.1650   13.02962 4.0723e-02 0.0000e+00
        504 113.678238    0.03493     2.0958    125.750     54.751  51258.286    31.7922     4.7022     54.232    7.27857     4.6981    25.1650   13.02966 4.0569e-02 0.0000e+00
        505 113.678241    0.03500     2.1000    126.000     54.970  51258.598    31.7923     4.7021     54.449    7.27859     4.6980    25.1651   13.02969 4.0424e-02 0.0000e+00
        506 113.678244    0.03507     2.1042    126.250     55.178  51258.914    31.7924     4.7019     54.655    7.27861     4.6979    25.1652   13.02971 4.0289e-02 0.0000e+00
        507 113.678247    0.03514     2.1083    126.500     55.373  51259.212    31.7925     4.7018     54.848    7.27862     4.6979    25.1652   13.02973 4.0159e-02 0.0000e+00
        508 113.678249    0.03521     2.1125    126.750     55.558  51259.473    31.7925     4.7018     55.031    7.27863     4.6979    25.1653   13.02975 4.0037e-02 0.0000e+00
        509 113.678252    0.03528     2.1167    127.000     55.742  51259.678    31.7926     4.7017     55.213    7.27863     4.6979    25.1654   13.02975 3.9922e-02 0.0000e+00
        510 113.678255    0.03535     2.1208    127.250     55.933  51259.860    31.7926     4.7018     55.402    7.27862     4.6980    25.1654   13.02974 3.9805e-02 0.0000e+00
        511 113.678258    0.03542     2.1250    127.500     56.134  51260.011    31.7926     4.7018     55.602    7.27861     4.6980    25.1654   13.02973 3.9686e-02 0.0000e+00
        512 113.678261    0.03549     2.1292    127.750     56.345  51260.092    31.7926     4.7019     55.811    7.27860     4.6981    25.1654   13.02971 3.9568e-02 0.0000e+00
        513 113.678264    0.03556     2.1333    128.000     56.562  51260.114    31.7925     4.7019     56.025    7.27860     4.6981    25.1653   13.02970 3.9452e-02 0.0000e+00
        514 113.678267    0.03562     2.1375    128.250     56.781  51260.125    31.7924     4.7020     56.242    7.27859     4.6981    25.1652   13.02969 3.9335e-02 0.0000e+00
        515 113.678270    0.03569     2.1417    128.500     56.997  51260.202    31.7924     4.7020     56.456    7.27859     4.6980    25.1652   13.02969 3.9224e-02 0.0000e+00
        516 113.678273    0.03576     2.1458    128.750     57.210  51260.365    31.7924     4.7020     56.667    7.27859     4.6980    25.1652   13.02968 3.9129e-02 0.0000e+00
        517 113.678275    0.03583     2.1500    129.000     57.420  51260.560    31.7924     4.7020     56.875    7.27859     4.6981    25.1652   13.02968 3.9046e-02 0.0000e+00
        518 113.678278    0.03590     2.1542    129.250     57.629  51260.740    31.7924     4.7020     57.082    7.27858     4.6981    25.1652   13.02968 3.8968e-02 0.0000e+00
        519 113.678281    0.03597     2.1583    129.500     57.839  51260.880    31.7924     4.7021     57.290    7.27858     4.6982    25.1652   13.02967 3.8893e-02 0.0000e+00
        520 113.678284    0.03604     2.1625    129.750     58.050  51261.018    31.7924     4.7021     57.499    7.27857     4.6982    25.1652   13.02965 3.8816e-02 0.0000e+00
        521 113.678287    0.03611     2.1667    130.000     58.265  51261.220    31.7925     4.7022     57.712    7.27856     4.6983    25.1653   13.02964 3.8738e-02 0.0000e+00
        522 113.678290    0.03618     2.1708    130.250     58.482  51261.486    31.7926     4.7022     57.927    7.27855     4.6983    25.1653   13.02961 3.8659e-02 0.0000e+00
        523 113.678293    0.03625     2.1750    130.500     58.700  51261.657    31.7926     4.7023     58.142    7.27853     4.6983    25.1653   13.02958 3.8582e-02 0.0000e+00
        524 113.678296    0.03632     2.1792    130.750     58.915  51261.586    31.7925     4.7024     58.355    7.27852     4.6982    25.1652   13.02957 3.8503e-02 0.0000e+00
        525 113.678299    0.03639     2.1833    131.000     59.124  51261.313    31.7922     4.7025     58.563    7.27853     4.6980    25.1650   13.02958 3.8428e-02 0.0000e+00
        526 113.678302    0.03646     2.1875    131.250     59.327  51261.087    31.7919     4.7024     58.764    7.27856     4.6977    25.1648   13.02963 3.8362e-02 0.0000e+00
        527 113.678304    0.03653     2.1917    131.500     59.524  51261.160    31.7918     4.7021     58.959    7.27860     4.6973    25.1647   13.02971 3.8303e-02 0.0000e+00
        528 113.678307    0.03660     2.1958    131.750     59.720  51261.463    31.7919     4.7018     59.153    7.27865     4.6970    25.1648   13.02980 3.8250e-02 0.0000e+00
        529 113.678310    0.03667     2.2000    132.000     59.919  51261.805    31.7919     4.7015     59.350    7.27870     4.6967    25.1649   13.02988 3.8200e-02 0.0000e+00
        530 113.678313    0.03674     2.2042    132.250     60.125  51262.144    31.7920     4.7012     59.554    7.27875     4.6964    25.1650   13.02996 3.8154e-02 0.0000e+00
        531 113.678316    0.03681     2.2083    132.500     60.341  51262.509    31.7921     4.7009     59.768    7.27880     4.6962    25.1651   13.03004 3.8109e-02 0.0000e+00
        532 113.678319    0.03687     2.2125    132.750     60.565  51262.876    31.7921     4.7006     59.989    7.27884     4.6960    25.1652   13.03011 3.8069e-02 0.0000e+00
        533 113.678322    0.03694     2.2167    133.000     60.790  51263.194    31.7922     4.7004     60.213    7.27888     4.6958    25.1652   13.03017 3.8038e-02 0.0000e+00
        534 113.678325    0.03701     2.2208    133.250     61.014  51263.463    31.7922     4.7002     60.435    7.27891     4.6956    25.1653   13.03022 3.8015e-02 0.0000e+00
        535 113.678328    0.03708     2.2250    133.500     61.231  51263.675    31.7922     4.7000     60.650    7.27894     4.6953    25.1653   13.03027 3.7999e-02 0.0000e+00
        536 113.678330    0.03715     2.2292    133.750     61.441  51263.777    31.7922     4.6998     60.857    7.27898     4.6950    25.1653   13.03034 3.7990e-02 0.0000e+00
        537 113.678333    0.03722     2.2333    134.000     61.645  51263.980    31.7922     4.6996     61.059    7.27903     4.6948    25.1653   13.03041 3.7984e-02 0.0000e+00
        538 113.678336    0.03729     2.2375    134.250     61.846  51264.538    31.7924     4.6993     61.259    7.27906     4.6948    25.1655   13.03047 3.7981e-02 0.0000e+00
        539 113.678339    0.03736     2.2417    134.500     62.049  51265.170    31.7926     4.6992     61.460    7.27908     4.6948    25.1657   13.03050 3.7979e-02 0.0000e+00
        540 113.678342    0.03743     2.2458    134.750     62.253  51265.506    31.7928     4.6991     61.662    7.27908     4.6948    25.1658   13.03050 3.7978e-02 0.0000e+00
        541 113.678345    0.03750     2.2500    135.000     62.457  51265.541    31.7927     4.6991     61.863    7.27908     4.6948    25.1658   13.03049 3.7977e-02 0.0000e+00
        542 113.678348    0.03757     2.2542    135.250     62.659  51265.453    31.7925     4.6992     62.063    7.27908     4.6947    25.1657   13.03049 3.7977e-02 0.0000e+00
