CTD-processing/allCTD/CNV--turbid/2018_06-22_alongbay_skb01_cast105.cnv
* Sea-Bird SBE19plus Data File:
* FileName = C:\Users\Kim.Powell\Desktop\Not Processed\2018\2018_06-XX\2018_06-XX_TRANSECT_STATION_cast105.hex
* Software Version 1.59
* Temperature SN =  5028
* Conductivity SN =  5028
* System UpLoad Time = Jul 05 2018 09:19:11
** 2018_06-22
** Station: KB01
** Start Time: 10:14
** Depth (m): 73.8
** Comment:
** Comment:
# nquan = 16
# nvalues = 645                         
# units = specified
# name 0 = scan: Scan Count
# name 1 = timeJ: Julian Days
# name 2 = timeH: Time, Elapsed [hours]
# name 3 = timeM: Time, Elapsed [minutes]
# name 4 = timeS: Time, Elapsed [seconds]
# name 5 = prdM: Pressure, Strain Gauge [db]
# name 6 = specc: Specific Conductance [uS/cm]
# name 7 = sal00: Salinity, Practical [PSU]
# name 8 = tv290C: Temperature [ITS-90, deg C]
# name 9 = depSM: Depth [salt water, m], lat = 59.00
# name 10 = oxsolML/L: Oxygen Saturation, Garcia & Gordon [ml/l]
# name 11 = potemp090C: Potential Temperature [ITS-90, deg C]
# name 12 = sigma-é00: Density [sigma-theta, kg/m^3]
# name 13 = n2satML/L: Nitrogen Saturation [ml/l]
# name 14 = par: PAR/Irradiance, Biospherical/Licor
# name 15 = flag:  0.000e+00
# span 0 =          1,        645       
# span 1 = 173.425718, 173.427581       
# span 2 =    0.00000,    0.04472       
# span 3 =     0.0000,     2.6833       
# span 4 =      0.000,    161.000       
# span 5 =      0.452,     72.135       
# span 6 =  48882.831,  50638.395       
# span 7 =    30.8401,    31.9532       
# span 8 =     7.3243,     8.3349       
# span 9 =      0.448,     71.448       
# span 10 =    6.73025,    6.84229      
# span 11 =     7.3178,     8.0023      
# span 12 =    23.9605,    24.9380      
# span 13 =   12.13530,   12.30848      
# span 14 = 8.0875e-02, 1.0336e+03      
# span 15 = 0.0000e+00, 0.0000e+00      
# interval = seconds: 0.25
# start_time = Jun 22 2018 10:13:02 [Instrument's time stamp, header]
# bad_flag = -9.990e-29
*END*
[from data line 181]
        182 173.426241    0.01257     0.7542     45.250      1.002  50591.421    31.9208     7.6043      0.993    6.79439     7.6375    24.9122   12.22811 6.8722e+02 0.0000e+00
        183 173.426244    0.01264     0.7583     45.500      0.989  50562.364    31.9032     7.6207      0.979    6.79263     7.6490    24.8961   12.22541 6.8006e+02 0.0000e+00
        184 173.426247    0.01271     0.7625     45.750      0.975  50518.773    31.8756     7.6376      0.966    6.79125     7.6531    24.8720   12.22347 6.9105e+02 0.0000e+00
        185 173.426250    0.01278     0.7667     46.000      0.965  50481.494    31.8514     7.6491      0.956    6.79054     7.6518    24.8515   12.22261 7.1791e+02 0.0000e+00
        186 173.426253    0.01285     0.7708     46.250      0.961  50464.431    31.8402     7.6532      0.952    6.79040     7.6482    24.8421   12.22250 7.2558e+02 0.0000e+00
        187 173.426256    0.01292     0.7750     46.500      0.962  50468.669    31.8429     7.6519      0.953    6.79048     7.6446    24.8444   12.22260 7.2812e+02 0.0000e+00
        188 173.426259    0.01299     0.7792     46.750      0.966  50486.449    31.8548     7.6483      0.957    6.79052     7.6422    24.8542   12.22253 7.3644e+02 0.0000e+00
        189 173.426262    0.01306     0.7833     47.000      0.970  50505.909    31.8678     7.6447      0.961    6.79050     7.6418    24.8650   12.22233 7.1665e+02 0.0000e+00
        190 173.426264    0.01313     0.7875     47.250      0.973  50517.533    31.8755     7.6423      0.964    6.79052     7.6427    24.8714   12.22226 6.8864e+02 0.0000e+00
        191 173.426267    0.01319     0.7917     47.500      0.975  50517.297    31.8753     7.6419      0.966    6.79059     7.6431    24.8712   12.22239 6.9950e+02 0.0000e+00
        192 173.426270    0.01326     0.7958     47.750      0.977  50506.996    31.8682     7.6428      0.968    6.79077     7.6415    24.8656   12.22276 7.2098e+02 0.0000e+00
        193 173.426273    0.01333     0.8000     48.000      0.979  50493.052    31.8585     7.6432      0.970    6.79114     7.6373    24.8579   12.22350 7.0802e+02 0.0000e+00
        194 173.426276    0.01340     0.8042     48.250      0.982  50481.757    31.8504     7.6416      0.973    6.79175     7.6308    24.8517   12.22462 6.8629e+02 0.0000e+00
        195 173.426279    0.01347     0.8083     48.500      0.988  50476.394    31.8459     7.6374      0.978    6.79260     7.6233    24.8488   12.22607 6.8730e+02 0.0000e+00
        196 173.426282    0.01354     0.8125     48.750      0.996  50478.204    31.8461     7.6309      0.987    6.79360     7.6168    24.8498   12.22772 6.9664e+02 0.0000e+00
        197 173.426285    0.01361     0.8167     49.000      1.007  50488.293    31.8519     7.6233      0.998    6.79450     7.6138    24.8554   12.22915 6.9235e+02 0.0000e+00
        198 173.426288    0.01368     0.8208     49.250      1.017  50507.659    31.8644     7.6169      1.007    6.79495     7.6160    24.8661   12.22973 6.6943e+02 0.0000e+00
        199 173.426291    0.01375     0.8250     49.500      1.021  50533.024    31.8816     7.6138      1.011    6.79466     7.6254    24.8800   12.22903 6.4357e+02 0.0000e+00
        200 173.426293    0.01382     0.8292     49.750      1.018  50554.765    31.8972     7.6161      1.009    6.79362     7.6423    24.8920   12.22712 6.3412e+02 0.0000e+00
        201 173.426296    0.01389     0.8333     50.000      1.007  50560.491    31.9027     7.6254      0.998    6.79192     7.6633    24.8951   12.22425 6.4961e+02 0.0000e+00
        202 173.426299    0.01396     0.8375     50.250      0.989  50541.188    31.8921     7.6424      0.980    6.78977     7.6819    24.8843   12.22083 6.8286e+02 0.0000e+00
        203 173.426302    0.01403     0.8417     50.500      0.966  50498.996    31.8661     7.6634      0.957    6.78768     7.6924    24.8610   12.21769 7.0926e+02 0.0000e+00
        204 173.426305    0.01410     0.8458     50.750      0.947  50447.807    31.8333     7.6819      0.938    6.78627     7.6922    24.8327   12.21575 7.2624e+02 0.0000e+00
        205 173.426308    0.01417     0.8500     51.000      0.938  50405.487    31.8055     7.6925      0.929    6.78587     7.6823    24.8093   12.21543 7.4435e+02 0.0000e+00
        206 173.426311    0.01424     0.8542     51.250      0.941  50384.500    31.7908     7.6923      0.932    6.78655     7.6674    24.7978   12.21675 7.6989e+02 0.0000e+00
        207 173.426314    0.01431     0.8583     51.500      0.954  50387.604    31.7913     7.6824      0.945    6.78807     7.6529    24.7996   12.21925 8.1851e+02 0.0000e+00
        208 173.426317    0.01438     0.8625     51.750      0.972  50411.463    31.8055     7.6675      0.963    6.78973     7.6419    24.8128   12.22182 8.7766e+02 0.0000e+00
        209 173.426319    0.01444     0.8667     52.000      0.989  50447.003    31.8280     7.6530      0.980    6.79097     7.6355    24.8325   12.22360 9.4882e+02 0.0000e+00
        210 173.426322    0.01451     0.8708     52.250      1.000  50479.789    31.8491     7.6420      0.990    6.79175     7.6341    24.8506   12.22462 1.0054e+03 0.0000e+00
        211 173.426325    0.01458     0.8750     52.500      1.004  50496.976    31.8600     7.6356      0.995    6.79225     7.6359    24.8601   12.22531 9.7808e+02 0.0000e+00
        212 173.426328    0.01465     0.8792     52.750      1.004  50492.120    31.8564     7.6342      0.994    6.79262     7.6372    24.8575   12.22598 9.0403e+02 0.0000e+00
        213 173.426331    0.01472     0.8833     53.000      0.999  50469.061    31.8406     7.6360      0.990    6.79305     7.6347    24.8448   12.22687 8.5563e+02 0.0000e+00
        214 173.426334    0.01479     0.8875     53.250      0.995  50442.240    31.8220     7.6373      0.986    6.79367     7.6280    24.8300   12.22814 8.4705e+02 0.0000e+00
        215 173.426337    0.01486     0.8917     53.500      0.996  50427.638    31.8114     7.6348      0.987    6.79454     7.6199    24.8220   12.22970 8.7271e+02 0.0000e+00
        216 173.426340    0.01493     0.8958     53.750      1.003  50433.904    31.8147     7.6281      0.993    6.79543     7.6139    24.8255   12.23114 9.1236e+02 0.0000e+00
        217 173.426343    0.01500     0.9000     54.000      1.010  50460.054    31.8316     7.6200      1.001    6.79593     7.6127    24.8399   12.23176 9.3062e+02 0.0000e+00
        218 173.426345    0.01507     0.9042     54.250      1.013  50495.232    31.8552     7.6140      1.004    6.79581     7.6178    24.8593   12.23126 9.1630e+02 0.0000e+00
        219 173.426348    0.01514     0.9083     54.500      1.009  50522.086    31.8738     7.6128      0.999    6.79517     7.6283    24.8741   12.22998 8.8478e+02 0.0000e+00
        220 173.426351    0.01521     0.9125     54.750      0.996  50526.472    31.8777     7.6179      0.987    6.79420     7.6396    24.8764   12.22832 8.4078e+02 0.0000e+00
        221 173.426354    0.01528     0.9167     55.000      0.978  50505.260    31.8647     7.6284      0.969    6.79315     7.6467    24.8647   12.22676 8.0986e+02 0.0000e+00
        222 173.426357    0.01535     0.9208     55.250      0.962  50468.452    31.8408     7.6397      0.953    6.79247     7.6475    24.8444   12.22592 8.0201e+02 0.0000e+00
        223 173.426360    0.01542     0.9250     55.500      0.954  50433.903    31.8178     7.6468      0.945    6.79238     7.6426    24.8254   12.22606 7.9604e+02 0.0000e+00
        224 173.426363    0.01549     0.9292     55.750      0.957  50415.129    31.8048     7.6476      0.948    6.79283     7.6347    24.8151   12.22697 7.9037e+02 0.0000e+00
        225 173.426366    0.01556     0.9333     56.000      0.970  50415.987    31.8046     7.6427      0.961    6.79361     7.6272    24.8156   12.22825 7.9774e+02 0.0000e+00
        226 173.426369    0.01563     0.9375     56.250      0.986  50434.805    31.8164     7.6348      0.977    6.79431     7.6228    24.8260   12.22926 8.1586e+02 0.0000e+00
        227 173.426372    0.01569     0.9417     56.500      1.000  50464.748    31.8361     7.6273      0.991    6.79459     7.6230    24.8425   12.22948 8.2518e+02 0.0000e+00
        228 173.426374    0.01576     0.9458     56.750      1.009  50494.083    31.8559     7.6229      0.999    6.79439     7.6286    24.8586   12.22891 8.2486e+02 0.0000e+00
        229 173.426377    0.01583     0.9500     57.000      1.012  50511.651    31.8682     7.6231      1.002    6.79382     7.6383    24.8683   12.22781 8.1942e+02 0.0000e+00
        230 173.426380    0.01590     0.9542     57.250      1.010  50510.604    31.8684     7.6287      1.000    6.79294     7.6483    24.8676   12.22635 8.2039e+02 0.0000e+00
        231 173.426383    0.01597     0.9583     57.500      1.004  50491.379    31.8566     7.6384      0.995    6.79196     7.6552    24.8570   12.22488 8.3233e+02 0.0000e+00
        232 173.426386    0.01604     0.9625     57.750      0.997  50462.909    31.8384     7.6484      0.987    6.79122     7.6574    24.8413   12.22388 8.3365e+02 0.0000e+00
        233 173.426389    0.01611     0.9667     58.000      0.991  50437.588    31.8218     7.6553      0.982    6.79090     7.6558    24.8273   12.22355 8.2390e+02 0.0000e+00
        234 173.426392    0.01618     0.9708     58.250      0.988  50423.871    31.8126     7.6575      0.979    6.79096     7.6526    24.8198   12.22378 8.1818e+02 0.0000e+00
        235 173.426395    0.01625     0.9750     58.500      0.988  50423.505    31.8121     7.6559      0.979    6.79123     7.6495    24.8196   12.22422 8.1924e+02 0.0000e+00
        236 173.426398    0.01632     0.9792     58.750      0.990  50433.161    31.8183     7.6527      0.981    6.79145     7.6474    24.8249   12.22452 8.1867e+02 0.0000e+00
        237 173.426400    0.01639     0.9833     59.000      0.993  50446.282    31.8269     7.6496      0.984    6.79155     7.6462    24.8321   12.22457 8.1605e+02 0.0000e+00
        238 173.426403    0.01646     0.9875     59.250      0.995  50455.743    31.8332     7.6475      0.986    6.79160     7.6456    24.8373   12.22458 8.3004e+02 0.0000e+00
        239 173.426406    0.01653     0.9917     59.500      0.995  50455.873    31.8331     7.6463      0.986    6.79178     7.6435    24.8374   12.22488 8.6361e+02 0.0000e+00
        240 173.426409    0.01660     0.9958     59.750      0.995  50441.972    31.8233     7.6457      0.986    6.79232     7.6368    24.8298   12.22588 8.9576e+02 0.0000e+00
        241 173.426412    0.01667     1.0000     60.000      0.994  50410.309    31.8008     7.6436      0.985    6.79364     7.6230    24.8124   12.22835 9.1925e+02 0.0000e+00
        242 173.426415    0.01674     1.0042     60.250      0.993  50367.989    31.7700     7.6369      0.984    6.79605     7.6034    24.7893   12.23272 9.2215e+02 0.0000e+00
        243 173.426418    0.01681     1.0083     60.500      0.994  50337.743    31.7466     7.6230      0.985    6.79924     7.5830    24.7728   12.23827 9.0961e+02 0.0000e+00
        244 173.426421    0.01688     1.0125     60.750      0.999  50332.879    31.7399     7.6034      0.990    6.80258     7.5661    24.7702   12.24387 9.1048e+02 0.0000e+00
        245 173.426424    0.01694     1.0167     61.000      1.007  50344.083    31.7444     7.5830      0.997    6.80554     7.5538    24.7765   12.24872 9.0408e+02 0.0000e+00
        246 173.426427    0.01701     1.0208     61.250      1.013  50359.022    31.7520     7.5661      1.004    6.80783     7.5460    24.7848   12.25242 8.7512e+02 0.0000e+00
        247 173.426429    0.01708     1.0250     61.500      1.016  50372.445    31.7593     7.5539      1.006    6.80941     7.5415    24.7923   12.25493 8.4875e+02 0.0000e+00
        248 173.426432    0.01715     1.0292     61.750      1.014  50382.602    31.7651     7.5460      1.005    6.81037     7.5393    24.7979   12.25645 8.2712e+02 0.0000e+00
        249 173.426435    0.01722     1.0333     62.000      1.008  50389.100    31.7690     7.5416      0.999    6.81089     7.5383    24.8015   12.25727 7.9941e+02 0.0000e+00
        250 173.426438    0.01729     1.0375     62.250      0.999  50392.234    31.7708     7.5394      0.990    6.81115     7.5377    24.8033   12.25767 7.8479e+02 0.0000e+00
        251 173.426441    0.01736     1.0417     62.500      0.991  50392.866    31.7711     7.5384      0.982    6.81129     7.5369    24.8036   12.25790 8.1588e+02 0.0000e+00
        252 173.426444    0.01743     1.0458     62.750      0.988  50392.081    31.7704     7.5378      0.978    6.81142     7.5356    24.8032   12.25812 8.9251e+02 0.0000e+00
        253 173.426447    0.01750     1.0500     63.000      0.988  50391.039    31.7695     7.5370      0.978    6.81159     7.5342    24.8026   12.25842 9.8326e+02 0.0000e+00
        254 173.426450    0.01757     1.0542     63.250      0.991  50390.857    31.7692     7.5357      0.981    6.81180     7.5330    24.8025   12.25877 1.0336e+03 0.0000e+00
        255 173.426453    0.01764     1.0583     63.500      0.996  50391.961    31.7697     7.5343      0.987    6.81200     7.5323    24.8032   12.25909 1.0246e+03 0.0000e+00
        256 173.426455    0.01771     1.0625     63.750      1.000  50393.945    31.7709     7.5331      0.990    6.81213     7.5324    24.8043   12.25930 9.8571e+02 0.0000e+00
        257 173.426458    0.01778     1.0667     64.000      0.997  50396.078    31.7723     7.5324      0.988    6.81217     7.5331    24.8054   12.25934 9.3008e+02 0.0000e+00
        258 173.426461    0.01785     1.0708     64.250      0.987  50397.491    31.7733     7.5325      0.978    6.81211     7.5339    24.8062   12.25923 8.9492e+02 0.0000e+00
        259 173.426464    0.01792     1.0750     64.500      0.971  50397.423    31.7734     7.5332      0.961    6.81200     7.5344    24.8062   12.25905 8.8819e+02 0.0000e+00
        260 173.426467    0.01799     1.0792     64.750      0.955  50395.825    31.7724     7.5340      0.946    6.81191     7.5341    24.8053   12.25891 8.8454e+02 0.0000e+00
        261 173.426470    0.01806     1.0833     65.000      0.948  50393.413    31.7708     7.5345      0.939    6.81191     7.5330    24.8040   12.25893 8.9112e+02 0.0000e+00
        262 173.426473    0.01812     1.0875     65.250      0.950  50391.275    31.7693     7.5342      0.941    6.81203     7.5314    24.8028   12.25914 8.6484e+02 0.0000e+00
        263 173.426476    0.01819     1.0917     65.500      0.961  50390.388    31.7685     7.5331      0.952    6.81223     7.5298    24.8023   12.25949 7.8148e+02 0.0000e+00
        264 173.426479    0.01826     1.0958     65.750      0.980  50390.945    31.7686     7.5315      0.971    6.81247     7.5284    24.8026   12.25989 7.1431e+02 0.0000e+00
        265 173.426481    0.01833     1.1000     66.000      1.003  50392.263    31.7692     7.5299      0.994    6.81269     7.5274    24.8034   12.26025 6.9537e+02 0.0000e+00
        266 173.426484    0.01840     1.1042     66.250      1.031  50393.412    31.7698     7.5285      1.021    6.81288     7.5263    24.8040   12.26055 6.9653e+02 0.0000e+00
        267 173.426487    0.01847     1.1083     66.500      1.068  50393.571    31.7697     7.5275      1.058    6.81305     7.5246    24.8041   12.26083 7.1458e+02 0.0000e+00
        268 173.426490    0.01854     1.1125     66.750      1.126  50392.189    31.7685     7.5264      1.115    6.81328     7.5219    24.8033   12.26121 7.3750e+02 0.0000e+00
        269 173.426493    0.01861     1.1167     67.000      1.214  50389.256    31.7662     7.5247      1.203    6.81363     7.5177    24.8017   12.26183 7.3701e+02 0.0000e+00
        270 173.426496    0.01868     1.1208     67.250      1.337  50385.821    31.7633     7.5220      1.325    6.81419     7.5122    24.7998   12.26279 7.2749e+02 0.0000e+00
        271 173.426499    0.01875     1.1250     67.500      1.485  50383.957    31.7612     7.5178      1.471    6.81494     7.5064    24.7987   12.26406 7.3597e+02 0.0000e+00
