CTD-processing/allCTD/CNV--turbid/2018_03-02_alongbay_skb02_cast002.cnv
* Sea-Bird SBE19plus Data File:
* FileName = C:\Users\Kim.Powell\Desktop\Not Processed\2018\2018_03-02_AlongBay,T9_5028\2018_03-02_TRANSECT_STATION_cast002.hex
* Software Version 1.59
* Temperature SN =  5028
* Conductivity SN =  5028
* System UpLoad Time = Mar 05 2018 11:18:14
** 2018_03-02
** Station: KB02
** Start Time: 11:00
** Depth (m): 122.8
** Comment:**CTD time 1 hour off
** Comment:
# nquan = 16
# nvalues = 883                         
# units = specified
# name 0 = scan: Scan Count
# name 1 = timeJ: Julian Days
# name 2 = timeH: Time, Elapsed [hours]
# name 3 = timeM: Time, Elapsed [minutes]
# name 4 = timeS: Time, Elapsed [seconds]
# name 5 = prdM: Pressure, Strain Gauge [db]
# name 6 = specc: Specific Conductance [uS/cm]
# name 7 = sal00: Salinity, Practical [PSU]
# name 8 = tv290C: Temperature [ITS-90, deg C]
# name 9 = depSM: Depth [salt water, m], lat = 59.00
# name 10 = oxsolML/L: Oxygen Saturation, Garcia & Gordon [ml/l]
# name 11 = potemp090C: Potential Temperature [ITS-90, deg C]
# name 12 = sigma-é00: Density [sigma-theta, kg/m^3]
# name 13 = n2satML/L: Nitrogen Saturation [ml/l]
# name 14 = par: PAR/Irradiance, Biospherical/Licor
# name 15 = flag:  0.000e+00
# span 0 =          1,        883       
# span 1 =  61.500104,  61.502656       
# span 2 =    0.00000,    0.06125       
# span 3 =     0.0000,     3.6750       
# span 4 =      0.000,    220.500       
# span 5 =      0.288,    119.272       
# span 6 =  33226.197,  51521.904       
# span 7 =    19.4434,    31.7205       
# span 8 =     0.0043,     3.8529       
# span 9 =      0.286,    118.123       
# span 10 =    7.43474,    8.99920      
# span 11 =     1.2826,     3.8454      
# span 12 =    15.5061,    25.2219      
# span 13 =   13.28865,   16.06252      
# span 14 = 3.7976e-02, 2.1478e+02      
# span 15 = 0.0000e+00, 0.0000e+00      
# interval = seconds: 0.25
# start_time = Mar 02 2018 12:00:09 [Instrument's time stamp, header]
# bad_flag = -9.990e-29
*END*
          1  61.500104    0.00000     0.0000      0.000      0.288  33226.197    19.4434     0.0043      0.286    8.99920     1.2826    15.5061   16.06252 2.1478e+02 0.0000e+00
          2  61.500107    0.00007     0.0042      0.250      0.411  40312.527    24.0257     0.5912      0.408    8.58471     1.9261    19.1822   15.30770 1.8171e+02 0.0000e+00
          3  61.500110    0.00014     0.0083      0.500      0.554  45533.940    27.4625     1.2827      0.549    8.22154     2.4297    21.9238   14.65486 1.4761e+02 0.0000e+00
          4  61.500113    0.00021     0.0125      0.750      0.686  48180.297    29.2671     1.9262      0.679    7.97273     2.7807    23.3457   14.21565 1.2232e+02 0.0000e+00
          5  61.500116    0.00028     0.0167      1.000      0.786  49493.290    30.1969     2.4298      0.778    7.80905     3.0098    24.0671   13.93042 1.0954e+02 0.0000e+00
          6  61.500119    0.00035     0.0208      1.250      0.852  50166.369    30.6899     2.7808      0.844    7.70499     3.1596    24.4442   13.75048 1.0583e+02 0.0000e+00
          7  61.500122    0.00042     0.0250      1.500      0.896  50542.864    30.9720     3.0098      0.888    7.63982     3.2617    24.6579   13.63819 1.0476e+02 0.0000e+00
          8  61.500124    0.00049     0.0292      1.750      0.934  50747.612    31.1300     3.1597      0.925    7.59898     3.3312    24.7761   13.56810 1.0276e+02 0.0000e+00
          9  61.500127    0.00056     0.0333      2.000      0.969  50819.824    31.1935     3.2617      0.960    7.57383     3.3752    24.8210   13.52538 9.9405e+01 0.0000e+00
         10  61.500130    0.00063     0.0375      2.250      0.998  50796.684    31.1886     3.3313      0.989    7.55938     3.3972    24.8130   13.50138 9.5251e+01 0.0000e+00
         11  61.500133    0.00069     0.0417      2.500      1.015  50731.945    31.1518     3.3753      1.005    7.55203     3.4004    24.7810   13.48960 9.1901e+01 0.0000e+00
         12  61.500136    0.00076     0.0458      2.750      1.016  50683.253    31.1219     3.3973      1.007    7.54883     3.3912    24.7560   13.48465 9.0825e+01 0.0000e+00
         13  61.500139    0.00083     0.0500      3.000      1.004  50683.847    31.1217     3.4004      0.995    7.54787     3.3812    24.7559   13.48303 9.1854e+01 0.0000e+00
         14  61.500142    0.00090     0.0542      3.250      0.985  50744.801    31.1599     3.3912      0.976    7.54741     3.3814    24.7874   13.48174 9.3870e+01 0.0000e+00
         15  61.500145    0.00097     0.0583      3.500      0.970  50849.783    31.2281     3.3813      0.961    7.54564     3.3943    24.8427   13.47789 9.5336e+01 0.0000e+00
         16  61.500148    0.00104     0.0625      3.750      0.965  50943.879    31.2916     3.3815      0.955    7.54226     3.4145    24.8934   13.47147 9.4991e+01 0.0000e+00
         17  61.500150    0.00111     0.0667      4.000      0.974  50974.745    31.3155     3.3944      0.965    7.53860     3.4340    24.9114   13.46509 9.3461e+01 0.0000e+00
         18  61.500153    0.00118     0.0708      4.250      0.997  50929.036    31.2895     3.4145      0.988    7.53615     3.4461    24.8889   13.46139 9.2630e+01 0.0000e+00
         19  61.500156    0.00125     0.0750      4.500      1.027  50825.198    31.2239     3.4341      1.018    7.53585     3.4470    24.8350   13.46177 9.3084e+01 0.0000e+00
         20  61.500159    0.00132     0.0792      4.750      1.055  50710.960    31.1494     3.4462      1.045    7.53739     3.4365    24.7747   13.46530 9.3686e+01 0.0000e+00
         21  61.500162    0.00139     0.0833      5.000      1.070  50643.830    31.1041     3.4471      1.060    7.53953     3.4197    24.7385   13.46943 9.3508e+01 0.0000e+00
         22  61.500165    0.00146     0.0875      5.250      1.069  50651.306    31.1065     3.4366      1.059    7.54136     3.4071    24.7414   13.47242 9.3062e+01 0.0000e+00
         23  61.500168    0.00153     0.0917      5.500      1.052  50726.307    31.1532     3.4198      1.042    7.54210     3.4070    24.7800   13.47301 9.3024e+01 0.0000e+00
         24  61.500171    0.00160     0.0958      5.750      1.026  50835.258    31.2239     3.4072      1.017    7.54083     3.4190    24.8374   13.46999 9.3549e+01 0.0000e+00
         25  61.500174    0.00167     0.1000      6.000      1.003  50930.916    31.2887     3.4070      0.993    7.53754     3.4361    24.8890   13.46369 9.4806e+01 0.0000e+00
         26  61.500177    0.00174     0.1042      6.250      0.990  50975.069    31.3217     3.4190      0.981    7.53363     3.4513    24.9142   13.45680 9.6604e+01 0.0000e+00
         27  61.500179    0.00181     0.1083      6.500      0.992  50952.546    31.3107     3.4362      0.983    7.53100     3.4594    24.9040   13.45262 9.8036e+01 0.0000e+00
         28  61.500182    0.00187     0.1125      6.750      1.008  50868.613    31.2575     3.4514      0.999    7.53089     3.4564    24.8603   13.45313 9.8123e+01 0.0000e+00
         29  61.500185    0.00194     0.1167      7.000      1.030  50746.884    31.1770     3.4595      1.021    7.53350     3.4386    24.7955   13.45851 9.6912e+01 0.0000e+00
         30  61.500188    0.00201     0.1208      7.250      1.052  50632.682    31.0988     3.4565      1.043    7.53807     3.4054    24.7335   13.46709 9.5490e+01 0.0000e+00
         31  61.500191    0.00208     0.1250      7.500      1.067  50572.235    31.0534     3.4387      1.057    7.54370     3.3644    24.6989   13.47698 9.4567e+01 0.0000e+00
         32  61.500194    0.00215     0.1292      7.750      1.069  50586.763    31.0550     3.4055      1.059    7.54982     3.3296    24.7030   13.48705 9.3831e+01 0.0000e+00
         33  61.500197    0.00222     0.1333      8.000      1.060  50672.525    31.1028     3.3644      1.050    7.55502     3.3132    24.7447   13.49500 9.3469e+01 0.0000e+00
         34  61.500200    0.00229     0.1375      8.250      1.044  50808.940    31.1865     3.3297      1.034    7.55722     3.3198    24.8143   13.49752 9.4229e+01 0.0000e+00
         35  61.500203    0.00236     0.1417      8.500      1.027  50956.977    31.2827     3.3133      1.017    7.55534     3.3440    24.8923   13.49314 9.5626e+01 0.0000e+00
         36  61.500205    0.00243     0.1458      8.750      1.017  51065.184    31.3576     3.3198      1.008    7.55027     3.3741    24.9515   13.48379 9.6461e+01 0.0000e+00
         37  61.500208    0.00250     0.1500      9.000      1.020  51094.450    31.3836     3.3440      1.011    7.54443     3.3979    24.9701   13.47380 9.6135e+01 0.0000e+00
         38  61.500211    0.00257     0.1542      9.250      1.035  51040.143    31.3544     3.3742      1.025    7.54030     3.4051    24.9442   13.46739 9.4575e+01 0.0000e+00
         39  61.500214    0.00264     0.1583      9.500      1.054  50931.444    31.2866     3.3980      1.044    7.53934     3.3877    24.8881   13.46669 9.2305e+01 0.0000e+00
         40  61.500217    0.00271     0.1625      9.750      1.066  50828.002    31.2182     3.4052      1.056    7.54150     3.3470    24.8330   13.47117 9.0041e+01 0.0000e+00
         41  61.500220    0.00278     0.1667     10.000      1.065  50798.616    31.1939     3.3878      1.055    7.54600     3.3001    24.8152   13.47891 8.8716e+01 0.0000e+00
         42  61.500223    0.00285     0.1708     10.250      1.053  50866.779    31.2298     3.3470      1.043    7.55175     3.2693    24.8473   13.48792 8.9745e+01 0.0000e+00
         43  61.500226    0.00292     0.1750     10.500      1.037  50993.068    31.3036     3.3001      1.028    7.55673     3.2655    24.9101   13.49516 9.2531e+01 0.0000e+00
         44  61.500229    0.00299     0.1792     10.750      1.028  51114.536    31.3781     3.2693      1.018    7.55865     3.2827    24.9721   13.49735 9.4729e+01 0.0000e+00
         45  61.500231    0.00306     0.1833     11.000      1.030  51175.937    31.4187     3.2655      1.021    7.55726     3.3036    25.0049   13.49452 9.5654e+01 0.0000e+00
         46  61.500234    0.00313     0.1875     11.250      1.042  51141.886    31.4001     3.2827      1.033    7.55501     3.3107    24.9885   13.49105 9.5732e+01 0.0000e+00
         47  61.500237    0.00319     0.1917     11.500      1.055  51034.377    31.3325     3.3036      1.045    7.55457     3.2943    24.9329   13.49123 9.5050e+01 0.0000e+00
         48  61.500240    0.00326     0.1958     11.750      1.060  50934.899    31.2669     3.3107      1.050    7.55661     3.2586    24.8800   13.49546 9.3809e+01 0.0000e+00
         49  61.500243    0.00333     0.2000     12.000      1.053  50913.674    31.2484     3.2943      1.043    7.56063     3.2207    24.8667   13.50234 9.2362e+01 0.0000e+00
         50  61.500246    0.00340     0.2042     12.250      1.036  50981.015    31.2849     3.2586      1.027    7.56543     3.1987    24.8988   13.50977 9.1040e+01 0.0000e+00
         51  61.500249    0.00347     0.2083     12.500      1.018  51093.040    31.3512     3.2208      1.009    7.56912     3.2014    24.9548   13.51498 8.9660e+01 0.0000e+00
         52  61.500252    0.00354     0.2125     12.750      1.006  51189.712    31.4110     3.1987      0.997    7.57017     3.2239    25.0044   13.51592 8.8000e+01 0.0000e+00
         53  61.500255    0.00361     0.2167     13.000      1.005  51223.695    31.4347     3.2015      0.995    7.56843     3.2498    25.0231   13.51273 8.6683e+01 0.0000e+00
         54  61.500258    0.00368     0.2208     13.250      1.011  51169.182    31.4036     3.2239      1.002    7.56582     3.2629    24.9964   13.50884 8.6589e+01 0.0000e+00
         55  61.500260    0.00375     0.2250     13.500      1.018  51060.770    31.3368     3.2498      1.008    7.56441     3.2570    24.9409   13.50740 8.8210e+01 0.0000e+00
         56  61.500263    0.00382     0.2292     13.750      1.019  50983.114    31.2876     3.2629      1.010    7.56447     3.2396    24.9006   13.50815 9.1131e+01 0.0000e+00
         57  61.500266    0.00389     0.2333     14.000      1.014  50990.840    31.2913     3.2570      1.004    7.56540     3.2280    24.9041   13.50964 9.4630e+01 0.0000e+00
         58  61.500269    0.00396     0.2375     14.250      1.007  51070.700    31.3409     3.2396      0.997    7.56610     3.2354    24.9451   13.51014 9.8255e+01 0.0000e+00
         59  61.500272    0.00403     0.2417     14.500      1.006  51162.939    31.4004     3.2280      0.996    7.56521     3.2602    24.9935   13.50787 1.0079e+02 0.0000e+00
         60  61.500275    0.00410     0.2458     14.750      1.015  51204.697    31.4306     3.2354      1.005    7.56228     3.2883    25.0169   13.50263 1.0076e+02 0.0000e+00
         61  61.500278    0.00417     0.2500     15.000      1.031  51160.110    31.4067     3.2603      1.022    7.55886     3.3038    24.9958   13.49731 9.8051e+01 0.0000e+00
         62  61.500281    0.00424     0.2542     15.250      1.047  51044.381    31.3355     3.2884      1.037    7.55727     3.2962    24.9366   13.49563 9.3985e+01 0.0000e+00
         63  61.500284    0.00431     0.2583     15.500      1.051  50925.047    31.2585     3.3039      1.041    7.55833     3.2649    24.8739   13.49839 9.0750e+01 0.0000e+00
         64  61.500286    0.00438     0.2625     15.750      1.040  50872.157    31.2208     3.2963      1.030    7.56170     3.2227    24.8445   13.50445 8.9897e+01 0.0000e+00
         65  61.500289    0.00444     0.2667     16.000      1.015  50909.820    31.2383     3.2650      1.005    7.56665     3.1876    24.8611   13.51240 9.1089e+01 0.0000e+00
         66  61.500292    0.00451     0.2708     16.250      0.985  51017.170    31.3003     3.2228      0.975    7.57137     3.1735    24.9141   13.51936 9.3036e+01 0.0000e+00
         67  61.500295    0.00458     0.2750     16.500      0.962  51152.908    31.3832     3.1876      0.953    7.57370     3.1881    24.9832   13.52211 9.4853e+01 0.0000e+00
         68  61.500298    0.00465     0.2792     16.750      0.955  51275.640    31.4627     3.1735      0.946    7.57225     3.2273    25.0477   13.51866 9.6355e+01 0.0000e+00
         69  61.500301    0.00472     0.2833     17.000      0.967  51350.504    31.5172     3.1881      0.958    7.56671     3.2756    25.0899   13.50880 9.7120e+01 0.0000e+00
         70  61.500304    0.00479     0.2875     17.250      0.994  51346.689    31.5246     3.2273      0.985    7.55899     3.3156    25.0925   13.49597 9.6690e+01 0.0000e+00
         71  61.500307    0.00486     0.2917     17.500      1.026  51253.855    31.4741     3.2757      1.016    7.55255     3.3339    25.0480   13.48601 9.5876e+01 0.0000e+00
         72  61.500310    0.00493     0.2958     17.750      1.048  51104.346    31.3829     3.3156      1.038    7.54977     3.3233    24.9720   13.48263 9.4887e+01 0.0000e+00
         73  61.500313    0.00500     0.3000     18.000      1.052  50974.215    31.2994     3.3339      1.042    7.55063     3.2872    24.9038   13.48515 9.2525e+01 0.0000e+00
         74  61.500315    0.00507     0.3042     18.250      1.036  50931.820    31.2680     3.3233      1.026    7.55422     3.2417    24.8797   13.49150 8.9726e+01 0.0000e+00
         75  61.500318    0.00514     0.3083     18.500      1.009  50981.115    31.2923     3.2873      0.999    7.55971     3.2045    24.9022   13.50024 8.8858e+01 0.0000e+00
         76  61.500321    0.00521     0.3125     18.750      0.982  51082.349    31.3493     3.2418      0.973    7.56529     3.1871    24.9515   13.50869 9.0020e+01 0.0000e+00
         77  61.500324    0.00528     0.3167     19.000      0.967  51191.269    31.4135     3.2046      0.958    7.56896     3.1947    25.0059   13.51388 9.1925e+01 0.0000e+00
         78  61.500327    0.00535     0.3208     19.250      0.968  51271.334    31.4633     3.1871      0.959    7.56966     3.2229    25.0470   13.51438 9.3117e+01 0.0000e+00
         79  61.500330    0.00542     0.3250     19.500      0.984  51302.281    31.4862     3.1948      0.975    7.56705     3.2582    25.0647   13.50977 9.2381e+01 0.0000e+00
         80  61.500333    0.00549     0.3292     19.750      1.008  51274.239    31.4745     3.2230      0.999    7.56236     3.2860    25.0529   13.50219 9.0178e+01 0.0000e+00
         81  61.500336    0.00556     0.3333     20.000      1.030  51186.830    31.4243     3.2583      1.020    7.55833     3.2952    25.0099   13.49621 8.8260e+01 0.0000e+00
         82  61.500339    0.00562     0.3375     20.250      1.040  51073.609    31.3547     3.2861      1.030    7.55671     3.2814    24.9521   13.49446 8.7223e+01 0.0000e+00
         83  61.500341    0.00569     0.3417     20.500      1.033  51000.724    31.3076     3.2953      1.024    7.55742     3.2538    24.9138   13.49625 8.6762e+01 0.0000e+00
         84  61.500344    0.00576     0.3458     20.750      1.015  51015.634    31.3143     3.2815      1.005    7.55964     3.2309    24.9202   13.49983 8.7777e+01 0.0000e+00
         85  61.500347    0.00583     0.3500     21.000      0.995  51109.083    31.3705     3.2539      0.985    7.56192     3.2286    24.9674   13.50284 8.9542e+01 0.0000e+00
         86  61.500350    0.00590     0.3542     21.250      0.986  51227.477    31.4449     3.2310      0.976    7.56237     3.2494    25.0287   13.50260 8.9116e+01 0.0000e+00
         87  61.500353    0.00597     0.3583     21.500      0.993  51309.320    31.4997     3.2287      0.983    7.55999     3.2812    25.0726   13.49795 8.6376e+01 0.0000e+00
         88  61.500356    0.00604     0.3625     21.750      1.011  51310.551    31.5059     3.2495      1.002    7.55579     3.3059    25.0757   13.49093 8.3693e+01 0.0000e+00
         89  61.500359    0.00611     0.3667     22.000      1.030  51222.219    31.4541     3.2812      1.021    7.55251     3.3100    25.0317   13.48621 8.1841e+01 0.0000e+00
         90  61.500362    0.00618     0.3708     22.250      1.038  51094.180    31.3737     3.3060      1.028    7.55202     3.2886    24.9655   13.48645 8.0233e+01 0.0000e+00
