CTD-processing/allCTD/CNV--turbid/2018_04-23_alongbay_skb09_cast077.cnv
* Sea-Bird SBE19plus Data File:
* FileName = C:\Users\Kim.Powell\Desktop\Not Processed\2018\2018_04-23_AlongBay, T4, T9_5028\2018_04-23_TRANSECT_STATION_cast077.hex
* Software Version 1.59
* Temperature SN =  5028
* Conductivity SN =  5028
* System UpLoad Time = Apr 24 2018 10:12:34
** 2018_04-24
** Station: KB09
** Start Time: 17:39
** Depth (m): 66
** Comment:
** Comment:
# nquan = 16
# nvalues = 583                         
# units = specified
# name 0 = scan: Scan Count
# name 1 = timeJ: Julian Days
# name 2 = timeH: Time, Elapsed [hours]
# name 3 = timeM: Time, Elapsed [minutes]
# name 4 = timeS: Time, Elapsed [seconds]
# name 5 = prdM: Pressure, Strain Gauge [db]
# name 6 = specc: Specific Conductance [uS/cm]
# name 7 = sal00: Salinity, Practical [PSU]
# name 8 = tv290C: Temperature [ITS-90, deg C]
# name 9 = depSM: Depth [salt water, m], lat = 59.00
# name 10 = oxsolML/L: Oxygen Saturation, Garcia & Gordon [ml/l]
# name 11 = potemp090C: Potential Temperature [ITS-90, deg C]
# name 12 = sigma-é00: Density [sigma-theta, kg/m^3]
# name 13 = n2satML/L: Nitrogen Saturation [ml/l]
# name 14 = par: PAR/Irradiance, Biospherical/Licor
# name 15 = flag:  0.000e+00
# span 0 =          1,        583       
# span 1 = 113.735440, 113.737124       
# span 2 =    0.00000,    0.04042       
# span 3 =     0.0000,     2.4250       
# span 4 =      0.000,    145.500       
# span 5 =     -0.025,     63.507       
# span 6 =  25931.782,  51280.679       
# span 7 =    15.6469,    31.6674       
# span 8 =     4.1142,     5.6398       
# span 9 =     -0.026,     62.904       
# span 10 =    7.14183,    8.01244      
# span 11 =     4.1101,     5.6398      
# span 12 =    12.3423,    25.1253      
# span 13 =   12.81034,   14.48043      
# span 14 = 3.7976e-02, 3.3251e+02      
# span 15 = 0.0000e+00, 0.0000e+00      
# interval = seconds: 0.25
# start_time = Apr 23 2018 17:39:02 [Instrument's time stamp, header]
# bad_flag = -9.990e-29
*END*
[from data line 452]
        453 113.736748    0.03139     1.8833    113.000     35.885  51237.570    31.6594     4.1461     35.547    7.38373     4.1422    25.1157   13.20498 3.9667e-02 0.0000e+00
        454 113.736751    0.03146     1.8875    113.250     36.095  51239.702    31.6605     4.1452     35.754    7.38385     4.1418    25.1167   13.20515 3.9597e-02 0.0000e+00
        455 113.736753    0.03153     1.8917    113.500     36.305  51241.595    31.6615     4.1445     35.963    7.38391     4.1416    25.1176   13.20525 3.9531e-02 0.0000e+00
        456 113.736756    0.03160     1.8958    113.750     36.518  51243.116    31.6624     4.1442     36.173    7.38393     4.1416    25.1183   13.20527 3.9473e-02 0.0000e+00
        457 113.736759    0.03167     1.9000    114.000     36.732  51244.267    31.6630     4.1440     36.385    7.38392     4.1417    25.1188   13.20525 3.9422e-02 0.0000e+00
        458 113.736762    0.03174     1.9042    114.250     36.948  51245.078    31.6635     4.1441     36.599    7.38390     4.1419    25.1191   13.20520 3.9369e-02 0.0000e+00
        459 113.736765    0.03181     1.9083    114.500     37.166  51245.619    31.6638     4.1442     36.816    7.38387     4.1420    25.1194   13.20514 3.9314e-02 0.0000e+00
        460 113.736768    0.03188     1.9125    114.750     37.387  51245.974    31.6639     4.1443     37.034    7.38383     4.1420    25.1195   13.20508 3.9263e-02 0.0000e+00
        461 113.736771    0.03194     1.9167    115.000     37.611  51246.154    31.6640     4.1444     37.255    7.38381     4.1420    25.1195   13.20504 3.9214e-02 0.0000e+00
        462 113.736774    0.03201     1.9208    115.250     37.835  51246.191    31.6639     4.1445     37.478    7.38380     4.1419    25.1194   13.20503 3.9163e-02 0.0000e+00
        463 113.736777    0.03208     1.9250    115.500     38.060  51246.218    31.6638     4.1445     37.701    7.38381     4.1417    25.1194   13.20504 3.9110e-02 0.0000e+00
        464 113.736780    0.03215     1.9292    115.750     38.285  51246.426    31.6638     4.1444     37.923    7.38383     4.1414    25.1194   13.20508 3.9055e-02 0.0000e+00
        465 113.736782    0.03222     1.9333    116.000     38.508  51246.864    31.6640     4.1442     38.145    7.38386     4.1412    25.1195   13.20513 3.8999e-02 0.0000e+00
        466 113.736785    0.03229     1.9375    116.250     38.730  51247.424    31.6642     4.1439     38.365    7.38389     4.1411    25.1197   13.20517 3.8946e-02 0.0000e+00
        467 113.736788    0.03236     1.9417    116.500     38.951  51248.004    31.6644     4.1437     38.583    7.38391     4.1410    25.1199   13.20521 3.8897e-02 0.0000e+00
        468 113.736791    0.03243     1.9458    116.750     39.171  51248.523    31.6646     4.1436     38.801    7.38392     4.1410    25.1201   13.20523 3.8851e-02 0.0000e+00
        469 113.736794    0.03250     1.9500    117.000     39.390  51248.907    31.6648     4.1435     39.018    7.38393     4.1410    25.1203   13.20523 3.8809e-02 0.0000e+00
        470 113.736797    0.03257     1.9542    117.250     39.609  51249.148    31.6648     4.1435     39.235    7.38393     4.1410    25.1203   13.20523 3.8770e-02 0.0000e+00
        471 113.736800    0.03264     1.9583    117.500     39.829  51249.306    31.6648     4.1435     39.453    7.38393     4.1409    25.1203   13.20522 3.8731e-02 0.0000e+00
        472 113.736803    0.03271     1.9625    117.750     40.049  51249.454    31.6648     4.1435     39.670    7.38392     4.1409    25.1203   13.20522 3.8688e-02 0.0000e+00
        473 113.736806    0.03278     1.9667    118.000     40.268  51249.661    31.6648     4.1435     39.888    7.38392     4.1408    25.1203   13.20522 3.8646e-02 0.0000e+00
        474 113.736808    0.03285     1.9708    118.250     40.487  51249.925    31.6649     4.1435     40.105    7.38393     4.1407    25.1204   13.20522 3.8609e-02 0.0000e+00
        475 113.736811    0.03292     1.9750    118.500     40.704  51250.106    31.6649     4.1434     40.320    7.38394     4.1404    25.1204   13.20525 3.8577e-02 0.0000e+00
        476 113.736814    0.03299     1.9792    118.750     40.921  51250.062    31.6647     4.1433     40.534    7.38398     4.1400    25.1203   13.20531 3.8549e-02 0.0000e+00
        477 113.736817    0.03306     1.9833    119.000     41.136  51249.767    31.6643     4.1430     40.747    7.38404     4.1392    25.1200   13.20542 3.8524e-02 0.0000e+00
        478 113.736820    0.03313     1.9875    119.250     41.351  51249.281    31.6638     4.1426     40.961    7.38414     4.1382    25.1196   13.20560 3.8506e-02 0.0000e+00
        479 113.736823    0.03319     1.9917    119.500     41.566  51248.865    31.6632     4.1419     41.174    7.38430     4.1370    25.1192   13.20586 3.8488e-02 0.0000e+00
        480 113.736826    0.03326     1.9958    119.750     41.781  51248.904    31.6629     4.1409     41.386    7.38449     4.1358    25.1191   13.20618 3.8461e-02 0.0000e+00
        481 113.736829    0.03333     2.0000    120.000     41.994  51249.410    31.6629     4.1398     41.597    7.38470     4.1347    25.1192   13.20653 3.8433e-02 0.0000e+00
        482 113.736832    0.03340     2.0042    120.250     42.205  51250.137    31.6630     4.1386     41.806    7.38491     4.1336    25.1194   13.20687 3.8407e-02 0.0000e+00
        483 113.736834    0.03347     2.0083    120.500     42.414  51250.952    31.6632     4.1374     42.013    7.38511     4.1326    25.1196   13.20719 3.8378e-02 0.0000e+00
        484 113.736837    0.03354     2.0125    120.750     42.623  51251.768    31.6634     4.1364     42.220    7.38529     4.1318    25.1198   13.20749 3.8347e-02 0.0000e+00
        485 113.736840    0.03361     2.0167    121.000     42.831  51252.530    31.6635     4.1354     42.426    7.38545     4.1310    25.1201   13.20776 3.8321e-02 0.0000e+00
        486 113.736843    0.03368     2.0208    121.250     43.038  51253.216    31.6637     4.1345     42.632    7.38560     4.1303    25.1203   13.20800 3.8296e-02 0.0000e+00
        487 113.736846    0.03375     2.0250    121.500     43.246  51253.829    31.6638     4.1338     42.838    7.38573     4.1296    25.1205   13.20821 3.8271e-02 0.0000e+00
        488 113.736849    0.03382     2.0292    121.750     43.455  51254.315    31.6639     4.1331     43.044    7.38585     4.1290    25.1206   13.20841 3.8250e-02 0.0000e+00
        489 113.736852    0.03389     2.0333    122.000     43.663  51254.607    31.6638     4.1324     43.250    7.38597     4.1283    25.1207   13.20861 3.8233e-02 0.0000e+00
        490 113.736855    0.03396     2.0375    122.250     43.871  51254.822    31.6637     4.1318     43.456    7.38609     4.1276    25.1206   13.20880 3.8218e-02 0.0000e+00
        491 113.736858    0.03403     2.0417    122.500     44.080  51255.154    31.6637     4.1312     43.663    7.38621     4.1270    25.1207   13.20900 3.8201e-02 0.0000e+00
        492 113.736861    0.03410     2.0458    122.750     44.290  51255.620    31.6637     4.1305     43.871    7.38632     4.1263    25.1208   13.20920 3.8182e-02 0.0000e+00
        493 113.736863    0.03417     2.0500    123.000     44.503  51256.095    31.6638     4.1299     44.083    7.38644     4.1257    25.1209   13.20938 3.8161e-02 0.0000e+00
        494 113.736866    0.03424     2.0542    123.250     44.720  51256.559    31.6639     4.1292     44.297    7.38655     4.1252    25.1210   13.20956 3.8139e-02 0.0000e+00
        495 113.736869    0.03431     2.0583    123.500     44.940  51257.059    31.6640     4.1286     44.515    7.38665     4.1247    25.1212   13.20973 3.8116e-02 0.0000e+00
        496 113.736872    0.03438     2.0625    123.750     45.162  51257.527    31.6640     4.1281     44.734    7.38674     4.1242    25.1213   13.20988 3.8094e-02 0.0000e+00
        497 113.736875    0.03444     2.0667    124.000     45.385  51257.990    31.6641     4.1276     44.955    7.38682     4.1238    25.1214   13.21001 3.8076e-02 0.0000e+00
        498 113.736878    0.03451     2.0708    124.250     45.607  51258.530    31.6643     4.1272     45.175    7.38689     4.1235    25.1216   13.21012 3.8058e-02 0.0000e+00
        499 113.736881    0.03458     2.0750    124.500     45.827  51259.072    31.6645     4.1268     45.393    7.38695     4.1231    25.1217   13.21022 3.8041e-02 0.0000e+00
        500 113.736884    0.03465     2.0792    124.750     46.046  51259.554    31.6646     4.1264     45.610    7.38701     4.1227    25.1219   13.21032 3.8028e-02 0.0000e+00
        501 113.736887    0.03472     2.0833    125.000     46.266  51259.909    31.6646     4.1261     45.828    7.38707     4.1223    25.1220   13.21041 3.8018e-02 0.0000e+00
        502 113.736889    0.03479     2.0875    125.250     46.486  51260.142    31.6646     4.1257     46.047    7.38713     4.1219    25.1220   13.21052 3.8010e-02 0.0000e+00
        503 113.736892    0.03486     2.0917    125.500     46.710  51260.485    31.6646     4.1254     46.268    7.38720     4.1216    25.1220   13.21063 3.8004e-02 0.0000e+00
        504 113.736895    0.03493     2.0958    125.750     46.935  51261.106    31.6649     4.1250     46.491    7.38725     4.1215    25.1222   13.21072 3.7999e-02 0.0000e+00
        505 113.736898    0.03500     2.1000    126.000     47.162  51261.961    31.6653     4.1247     46.716    7.38729     4.1215    25.1226   13.21077 3.7995e-02 0.0000e+00
        506 113.736901    0.03507     2.1042    126.250     47.388  51262.810    31.6657     4.1245     46.940    7.38729     4.1216    25.1229   13.21077 3.7992e-02 0.0000e+00
        507 113.736904    0.03514     2.1083    126.500     47.613  51263.404    31.6660     4.1245     47.163    7.38728     4.1217    25.1231   13.21074 3.7990e-02 0.0000e+00
        508 113.736907    0.03521     2.1125    126.750     47.836  51263.753    31.6662     4.1246     47.383    7.38725     4.1218    25.1232   13.21070 3.7989e-02 0.0000e+00
        509 113.736910    0.03528     2.1167    127.000     48.055  51263.987    31.6663     4.1248     47.600    7.38722     4.1219    25.1233   13.21066 3.7988e-02 0.0000e+00
        510 113.736913    0.03535     2.1208    127.250     48.270  51264.161    31.6663     4.1249     47.813    7.38720     4.1221    25.1233   13.21061 3.7987e-02 0.0000e+00
        511 113.736916    0.03542     2.1250    127.500     48.484  51264.258    31.6663     4.1250     48.025    7.38717     4.1222    25.1233   13.21057 3.7984e-02 0.0000e+00
        512 113.736918    0.03549     2.1292    127.750     48.698  51264.296    31.6663     4.1252     48.237    7.38715     4.1223    25.1233   13.21053 3.7981e-02 0.0000e+00
        513 113.736921    0.03556     2.1333    128.000     48.914  51264.343    31.6662     4.1253     48.451    7.38713     4.1224    25.1232   13.21050 3.7979e-02 0.0000e+00
        514 113.736924    0.03562     2.1375    128.250     49.134  51264.440    31.6662     4.1254     48.669    7.38711     4.1224    25.1232   13.21047 3.7978e-02 0.0000e+00
        515 113.736927    0.03569     2.1417    128.500     49.356  51264.568    31.6662     4.1255     48.889    7.38710     4.1225    25.1232   13.21044 3.7977e-02 0.0000e+00
        516 113.736930    0.03576     2.1458    128.750     49.578  51264.694    31.6662     4.1256     49.109    7.38708     4.1225    25.1232   13.21041 3.7977e-02 0.0000e+00
        517 113.736933    0.03583     2.1500    129.000     49.799  51264.811    31.6661     4.1257     49.328    7.38707     4.1226    25.1232   13.21039 3.7976e-02 0.0000e+00
        518 113.736936    0.03590     2.1542    129.250     50.018  51264.920    31.6661     4.1258     49.545    7.38706     4.1226    25.1231   13.21037 3.7976e-02 0.0000e+00
        519 113.736939    0.03597     2.1583    129.500     50.235  51265.055    31.6661     4.1258     49.760    7.38705     4.1227    25.1231   13.21036 3.7976e-02 0.0000e+00
        520 113.736942    0.03604     2.1625    129.750     50.449  51265.237    31.6661     4.1259     49.972    7.38703     4.1228    25.1231   13.21034 3.7976e-02 0.0000e+00
        521 113.736944    0.03611     2.1667    130.000     50.662  51265.451    31.6662     4.1260     50.182    7.38701     4.1229    25.1232   13.21031 3.7976e-02 0.0000e+00
        522 113.736947    0.03618     2.1708    130.250     50.874  51265.740    31.6663     4.1261     50.392    7.38699     4.1231    25.1233   13.21026 3.7976e-02 0.0000e+00
        523 113.736950    0.03625     2.1750    130.500     51.088  51266.050    31.6664     4.1262     50.605    7.38695     4.1234    25.1234   13.21019 3.7976e-02 0.0000e+00
        524 113.736953    0.03632     2.1792    130.750     51.306  51266.219    31.6665     4.1265     50.820    7.38691     4.1236    25.1234   13.21012 3.7976e-02 0.0000e+00
        525 113.736956    0.03639     2.1833    131.000     51.526  51266.242    31.6665     4.1267     51.038    7.38687     4.1238    25.1234   13.21005 3.7976e-02 0.0000e+00
        526 113.736959    0.03646     2.1875    131.250     51.748  51266.267    31.6664     4.1269     51.257    7.38683     4.1239    25.1233   13.20999 3.7976e-02 0.0000e+00
        527 113.736962    0.03653     2.1917    131.500     51.968  51266.365    31.6664     4.1271     51.476    7.38679     4.1240    25.1232   13.20994 3.7976e-02 0.0000e+00
        528 113.736965    0.03660     2.1958    131.750     52.186  51266.445    31.6664     4.1273     51.692    7.38677     4.1241    25.1232   13.20990 3.7976e-02 0.0000e+00
        529 113.736968    0.03667     2.2000    132.000     52.402  51266.459    31.6663     4.1274     51.905    7.38675     4.1242    25.1232   13.20986 3.7976e-02 0.0000e+00
        530 113.736970    0.03674     2.2042    132.250     52.614  51266.475    31.6663     4.1275     52.116    7.38673     4.1242    25.1231   13.20984 3.7976e-02 0.0000e+00
        531 113.736973    0.03681     2.2083    132.500     52.824  51266.522    31.6662     4.1276     52.324    7.38672     4.1242    25.1230   13.20982 3.7976e-02 0.0000e+00
        532 113.736976    0.03687     2.2125    132.750     53.034  51266.581    31.6662     4.1276     52.532    7.38671     4.1242    25.1230   13.20981 3.7976e-02 0.0000e+00
        533 113.736979    0.03694     2.2167    133.000     53.245  51266.617    31.6661     4.1277     52.741    7.38671     4.1242    25.1229   13.20980 3.7976e-02 0.0000e+00
        534 113.736982    0.03701     2.2208    133.250     53.457  51266.629    31.6660     4.1277     52.951    7.38671     4.1241    25.1229   13.20981 3.7976e-02 0.0000e+00
        535 113.736985    0.03708     2.2250    133.500     53.670  51266.661    31.6659     4.1277     53.162    7.38672     4.1240    25.1228   13.20983 3.7976e-02 0.0000e+00
        536 113.736988    0.03715     2.2292    133.750     53.883  51266.754    31.6658     4.1276     53.372    7.38674     4.1238    25.1228   13.20986 3.7976e-02 0.0000e+00
        537 113.736991    0.03722     2.2333    134.000     54.093  51266.934    31.6658     4.1275     53.580    7.38676     4.1237    25.1228   13.20989 3.7976e-02 0.0000e+00
        538 113.736994    0.03729     2.2375    134.250     54.302  51267.178    31.6659     4.1273     53.787    7.38678     4.1236    25.1228   13.20992 3.7976e-02 0.0000e+00
        539 113.736997    0.03736     2.2417    134.500     54.509  51267.460    31.6659     4.1272     53.992    7.38680     4.1235    25.1229   13.20995 3.7976e-02 0.0000e+00
        540 113.736999    0.03743     2.2458    134.750     54.715  51267.774    31.6660     4.1271     54.197    7.38681     4.1234    25.1229   13.20996 3.7976e-02 0.0000e+00
        541 113.737002    0.03750     2.2500    135.000     54.922  51268.057    31.6661     4.1270     54.401    7.38682     4.1232    25.1230   13.20999 3.7976e-02 0.0000e+00
        542 113.737005    0.03757     2.2542    135.250     55.131  51268.228    31.6661     4.1269     54.608    7.38685     4.1228    25.1230   13.21003 3.7976e-02 0.0000e+00
