CTD-processing/allCTD/CNV--turbid/2019_03-19_alongbay_skb09_cast095.cnv
* Sea-Bird SBE19plus Data File:
* FileName = C:\Users\Kim.Powell\Desktop\Not Processed\2019\2019_03-19_AlongBay, T9_4141\2019_03-19_TRANSECT_STATION_cast095.hex
* Software Version 1.59
* Temperature SN =  4141
* Conductivity SN =  4141
* System UpLoad Time = Mar 20 2019 08:27:42
** 2018_03-19
** Station: KB09
** Start Time: 11:09
** Depth (m): 69.1
** Comment:**CTD time was 1 hour behind**
** Comment: 1 otter resting
# nquan = 16
# nvalues = 648                         
# units = specified
# name 0 = scan: Scan Count
# name 1 = timeJ: Julian Days
# name 2 = timeH: Time, Elapsed [hours]
# name 3 = timeM: Time, Elapsed [minutes]
# name 4 = timeS: Time, Elapsed [seconds]
# name 5 = prdM: Pressure, Strain Gauge [db]
# name 6 = specc: Specific Conductance [uS/cm]
# name 7 = sal00: Salinity, Practical [PSU]
# name 8 = tv290C: Temperature [ITS-90, deg C]
# name 9 = depSM: Depth [salt water, m], lat = 59.00
# name 10 = oxsolML/L: Oxygen Saturation, Garcia & Gordon [ml/l]
# name 11 = potemp090C: Potential Temperature [ITS-90, deg C]
# name 12 = sigma-é00: Density [sigma-theta, kg/m^3]
# name 13 = n2satML/L: Nitrogen Saturation [ml/l]
# name 14 = par: PAR/Irradiance, Biospherical/Licor
# name 15 = flag:  0.000e+00
# span 0 =          1,        648       
# span 1 =  78.423553,  78.425425       
# span 2 =    0.00000,    0.04493       
# span 3 =     0.0000,     2.6958       
# span 4 =      0.000,    161.750       
# span 5 =     -0.029,     66.424       
# span 6 =    992.616,  50862.898       
# span 7 =     0.4707,    31.6803       
# span 8 =     2.8544,     5.4907       
# span 9 =     -0.029,     65.792       
# span 10 =    7.14810,    9.42475      
# span 11 =     2.8544,     5.4856      
# span 12 =     0.3459,    24.9924      
# span 13 =   12.81564,   17.06685      
# span 14 = 4.0712e-02, 1.9087e+02      
# span 15 = 0.0000e+00, 0.0000e+00      
# interval = seconds: 0.25
# start_time = Mar 19 2019 10:09:55 [Instrument's time stamp, header]
# bad_flag = -9.990e-29
*END*
[from data line 633]
        634  78.425385    0.04396     2.6375    158.250     64.143  50851.135    31.6768     5.4863     63.534    7.14900     5.4817    24.9881   12.81718 4.0806e-02 0.0000e+00
        635  78.425388    0.04403     2.6417    158.500     64.329  50851.561    31.6770     5.4864     63.718    7.14897     5.4818    24.9883   12.81712 4.0812e-02 0.0000e+00
        636  78.425391    0.04410     2.6458    158.750     64.517  50852.059    31.6773     5.4866     63.904    7.14893     5.4820    24.9885   12.81706 4.0811e-02 0.0000e+00
        637  78.425394    0.04417     2.6500    159.000     64.705  50852.598    31.6776     5.4867     64.090    7.14889     5.4822    24.9887   12.81699 4.0806e-02 0.0000e+00
        638  78.425396    0.04424     2.6542    159.250     64.894  50853.142    31.6779     5.4869     64.277    7.14885     5.4825    24.9890   12.81691 4.0799e-02 0.0000e+00
        639  78.425399    0.04431     2.6583    159.500     65.086  50853.639    31.6782     5.4872     64.467    7.14879     5.4829    24.9892   12.81681 4.0777e-02 0.0000e+00
        640  78.425402    0.04437     2.6625    159.750     65.280  50854.222    31.6786     5.4875     64.659    7.14872     5.4834    24.9894   12.81669 4.0749e-02 0.0000e+00
        641  78.425405    0.04444     2.6667    160.000     65.474  50854.883    31.6790     5.4879     64.851    7.14863     5.4839    24.9897   12.81654 4.0742e-02 0.0000e+00
        642  78.425408    0.04451     2.6708    160.250     65.665  50855.293    31.6793     5.4884     65.041    7.14853     5.4844    24.9899   12.81637 4.0757e-02 0.0000e+00
        643  78.425411    0.04458     2.6750    160.500     65.851  50855.438    31.6794     5.4889     65.225    7.14844     5.4848    24.9899   12.81621 4.0772e-02 0.0000e+00
        644  78.425414    0.04465     2.6792    160.750     66.025  50855.643    31.6796     5.4894     65.397    7.14834     5.4852    24.9900   12.81605 4.0781e-02 0.0000e+00
        645  78.425417    0.04472     2.6833    161.000     66.179  50855.985    31.6799     5.4899     65.549    7.14825     5.4855    24.9901   12.81590 4.0792e-02 0.0000e+00
        646  78.425420    0.04479     2.6875    161.250     66.304  50856.284    31.6801     5.4903     65.674    7.14817     5.4856    24.9903   12.81577 4.0807e-02 0.0000e+00
        647  78.425422    0.04486     2.6917    161.500     66.392  50856.461    31.6802     5.4906     65.760    7.14812 -9.990e-29    24.9904   12.81568 4.0834e-02 0.0000e+00
        648  78.425425    0.04493     2.6958    161.750     66.424  50856.527    31.6803     5.4907     65.792    7.14810 -9.990e-29    24.9904   12.81564 4.0852e-02 0.0000e+00
