CTD-processing/allCTD/CNV--turbid/2019_02-07_t9_s02_cast066.cnv
* Sea-Bird SBE19plus Data File:
* FileName = C:\Users\Kim.Powell\Desktop\Not Processed\2019\2019_02-08\2019_02-08_TRANSECT_STATION_cast066.hex
* Software Version 1.59
* Temperature SN =  4141
* Conductivity SN =  4141
* System UpLoad Time = Mar 19 2019 08:27:54
** 2018_02-07
** Station: 9-02
** Start Time: 15:31
** Depth (m): 79
** Comment:
** Comment:
# nquan = 16
# nvalues = 654                         
# units = specified
# name 0 = scan: Scan Count
# name 1 = timeJ: Julian Days
# name 2 = timeH: Time, Elapsed [hours]
# name 3 = timeM: Time, Elapsed [minutes]
# name 4 = timeS: Time, Elapsed [seconds]
# name 5 = prdM: Pressure, Strain Gauge [db]
# name 6 = specc: Specific Conductance [uS/cm]
# name 7 = sal00: Salinity, Practical [PSU]
# name 8 = tv290C: Temperature [ITS-90, deg C]
# name 9 = depSM: Depth [salt water, m], lat = 59.00
# name 10 = oxsolML/L: Oxygen Saturation, Garcia & Gordon [ml/l]
# name 11 = potemp090C: Potential Temperature [ITS-90, deg C]
# name 12 = sigma-é00: Density [sigma-theta, kg/m^3]
# name 13 = n2satML/L: Nitrogen Saturation [ml/l]
# name 14 = par: PAR/Irradiance, Biospherical/Licor
# name 15 = flag:  0.000e+00
# span 0 =          1,        654       
# span 1 =  38.646817,  38.648707       
# span 2 =    0.00000,    0.04535       
# span 3 =     0.0000,     2.7208       
# span 4 =      0.000,    163.250       
# span 5 =      0.857,     76.785       
# span 6 =  50129.062,  50521.898       
# span 7 =    31.1872,    31.5478       
# span 8 =     5.3074,     6.0040       
# span 9 =      0.849,     76.053       
# span 10 =    7.06823,    7.20061      
# span 11 =     5.3073,     5.9978      
# span 12 =    24.6155,    24.8260      
# span 13 =   12.68540,   12.90809      
# span 14 = 3.6170e-02, 5.6273e+01      
# span 15 = 0.0000e+00, 0.0000e+00      
# interval = seconds: 0.25
# start_time = Feb 07 2019 15:31:25 [Instrument's time stamp, header]
# bad_flag = -9.990e-29
*END*
[from data line 362]
        363  38.647865    0.02514     1.5083     90.500     17.475  50348.742    31.3689     5.5635     17.311    7.15058     5.5672    24.7354   12.82374 2.2560e+00 0.0000e+00
        364  38.647867    0.02521     1.5125     90.750     17.681  50349.710    31.3699     5.5660     17.515    7.15011     5.5696    24.7360   12.82294 2.1752e+00 0.0000e+00
        365  38.647870    0.02528     1.5167     91.000     17.891  50349.542    31.3702     5.5686     17.722    7.14966     5.5717    24.7359   12.82219 2.0955e+00 0.0000e+00
        366  38.647873    0.02535     1.5208     91.250     18.104  50348.512    31.3699     5.5710     17.934    7.14927     5.5733    24.7354   12.82154 2.0172e+00 0.0000e+00
        367  38.647876    0.02542     1.5250     91.500     18.319  50347.159    31.3693     5.5731     18.147    7.14894     5.5745    24.7347   12.82102 1.9411e+00 0.0000e+00
        368  38.647879    0.02549     1.5292     91.750     18.535  50345.798    31.3686     5.5747     18.360    7.14870     5.5753    24.7339   12.82062 1.8679e+00 0.0000e+00
        369  38.647882    0.02556     1.5333     92.000     18.750  50344.645    31.3680     5.5759     18.573    7.14852     5.5759    24.7333   12.82034 1.7975e+00 0.0000e+00
        370  38.647885    0.02562     1.5375     92.250     18.965  50343.974    31.3676     5.5768     18.786    7.14840     5.5764    24.7329   12.82014 1.7300e+00 0.0000e+00
        371  38.647888    0.02569     1.5417     92.500     19.180  50344.071    31.3676     5.5774     18.999    7.14829     5.5770    24.7329   12.81997 1.6653e+00 0.0000e+00
        372  38.647891    0.02576     1.5458     92.750     19.394  50345.186    31.3684     5.5779     19.212    7.14817     5.5780    24.7334   12.81975 1.6035e+00 0.0000e+00
        373  38.647894    0.02583     1.5500     93.000     19.606  50347.462    31.3700     5.5785     19.422    7.14799     5.5795    24.7346   12.81943 1.5451e+00 0.0000e+00
        374  38.647896    0.02590     1.5542     93.250     19.812  50350.770    31.3724     5.5795     19.626    7.14771     5.5818    24.7364   12.81894 1.4906e+00 0.0000e+00
        375  38.647899    0.02597     1.5583     93.500     20.011  50354.694    31.3753     5.5810     19.823    7.14730     5.5848    24.7385   12.81823 1.4400e+00 0.0000e+00
        376  38.647902    0.02604     1.5625     93.750     20.204  50358.777    31.3785     5.5833     20.015    7.14676     5.5882    24.7408   12.81730 1.3925e+00 0.0000e+00
        377  38.647905    0.02611     1.5667     94.000     20.395  50360.619    31.3803     5.5864     20.204    7.14616     5.5906    24.7419   12.81629 1.3471e+00 0.0000e+00
        378  38.647908    0.02618     1.5708     94.250     20.587  50356.825    31.3782     5.5897     20.394    7.14570     5.5912    24.7399   12.81554 1.3030e+00 0.0000e+00
        379  38.647911    0.02625     1.5750     94.500     20.782  50347.864    31.3725     5.5922     20.587    7.14555     5.5894    24.7351   12.81537 1.2599e+00 0.0000e+00
        380  38.647914    0.02632     1.5792     94.750     20.979  50337.806    31.3656     5.5927     20.782    7.14579     5.5861    24.7295   12.81585 1.2178e+00 0.0000e+00
        381  38.647917    0.02639     1.5833     95.000     21.178  50331.413    31.3607     5.5910     20.979    7.14631     5.5826    24.7259   12.81678 1.1770e+00 0.0000e+00
        382  38.647920    0.02646     1.5875     95.250     21.376  50330.951    31.3596     5.5877     21.175    7.14692     5.5800    24.7254   12.81780 1.1373e+00 0.0000e+00
        383  38.647922    0.02653     1.5917     95.500     21.575  50334.876    31.3615     5.5842     21.372    7.14742     5.5789    24.7273   12.81859 1.0985e+00 0.0000e+00
        384  38.647925    0.02660     1.5958     95.750     21.773  50341.040    31.3651     5.5816     21.569    7.14768     5.5794    24.7304   12.81899 1.0608e+00 0.0000e+00
        385  38.647928    0.02667     1.6000     96.000     21.972  50348.352    31.3698     5.5805     21.766    7.14765     5.5815    24.7343   12.81888 1.0244e+00 0.0000e+00
        386  38.647931    0.02674     1.6042     96.250     22.172  50355.591    31.3748     5.5810     21.964    7.14732     5.5849    24.7382   12.81827 9.8906e-01 0.0000e+00
        387  38.647934    0.02681     1.6083     96.500     22.374  50360.745    31.3787     5.5832     22.163    7.14677     5.5889    24.7410   12.81731 9.5483e-01 0.0000e+00
        388  38.647937    0.02688     1.6125     96.750     22.577  50364.198    31.3817     5.5865     22.365    7.14606     5.5937    24.7430   12.81610 9.2154e-01 0.0000e+00
        389  38.647940    0.02694     1.6167     97.000     22.784  50368.941    31.3857     5.5906     22.570    7.14519     5.5994    24.7457   12.81461 8.8909e-01 0.0000e+00
        390  38.647943    0.02701     1.6208     97.250     22.993  50374.293    31.3902     5.5954     22.778    7.14416     5.6054    24.7487   12.81285 8.5767e-01 0.0000e+00
        391  38.647946    0.02708     1.6250     97.500     23.202  50377.378    31.3934     5.6011     22.985    7.14304     5.6116    24.7506   12.81097 8.2767e-01 0.0000e+00
        392  38.647948    0.02715     1.6292     97.750     23.407  50379.323    31.3959     5.6072     23.187    7.14189     5.6180    24.7518   12.80904 7.9947e-01 0.0000e+00
        393  38.647951    0.02722     1.6333     98.000     23.603  50382.773    31.3994     5.6134     23.381    7.14068     5.6248    24.7539   12.80699 7.7332e-01 0.0000e+00
        394  38.647954    0.02729     1.6375     98.250     23.791  50385.862    31.4028     5.6198     23.567    7.13943     5.6313    24.7558   12.80488 7.4933e-01 0.0000e+00
        395  38.647957    0.02736     1.6417     98.500     23.970  50385.365    31.4037     5.6266     23.745    7.13824     5.6371    24.7558   12.80289 7.2715e-01 0.0000e+00
        396  38.647960    0.02743     1.6458     98.750     24.145  50384.167    31.4041     5.6331     23.918    7.13712     5.6429    24.7554   12.80104 7.0600e-01 0.0000e+00
        397  38.647963    0.02750     1.6500     99.000     24.320  50385.846    31.4064     5.6390     24.091    7.13602     5.6486    24.7565   12.79920 6.8520e-01 0.0000e+00
        398  38.647966    0.02757     1.6542     99.250     24.500  50386.522    31.4079     5.6448     24.269    7.13497     5.6531    24.7570   12.79745 6.6425e-01 0.0000e+00
        399  38.647969    0.02764     1.6583     99.500     24.688  50382.012    31.4058     5.6505     24.456    7.13411     5.6560    24.7548   12.79605 6.4282e-01 0.0000e+00
        400  38.647972    0.02771     1.6625     99.750     24.886  50375.252    31.4020     5.6550     24.652    7.13351     5.6576    24.7512   12.79511 6.2080e-01 0.0000e+00
        401  38.647975    0.02778     1.6667    100.000     25.095  50371.187    31.3997     5.6579     24.859    7.13314     5.6589    24.7491   12.79453 5.9848e-01 0.0000e+00
        402  38.647977    0.02785     1.6708    100.250     25.311  50371.582    31.4001     5.6595     25.073    7.13285     5.6608    24.7493   12.79403 5.7644e-01 0.0000e+00
        403  38.647980    0.02792     1.6750    100.500     25.531  50375.059    31.4027     5.6609     25.291    7.13250     5.6634    24.7511   12.79342 5.5505e-01 0.0000e+00
        404  38.647983    0.02799     1.6792    100.750     25.752  50379.081    31.4058     5.6627     25.510    7.13204     5.6667    24.7533   12.79262 5.3441e-01 0.0000e+00
        405  38.647986    0.02806     1.6833    101.000     25.972  50382.149    31.4083     5.6654     25.728    7.13147     5.6702    24.7550   12.79165 5.1467e-01 0.0000e+00
        406  38.647989    0.02813     1.6875    101.250     26.188  50383.787    31.4100     5.6687     25.942    7.13084     5.6736    24.7559   12.79059 4.9604e-01 0.0000e+00
        407  38.647992    0.02819     1.6917    101.500     26.401  50383.707    31.4105     5.6722     26.153    7.13022     5.6765    24.7560   12.78956 4.7848e-01 0.0000e+00
        408  38.647995    0.02826     1.6958    101.750     26.610  50382.150    31.4100     5.6756     26.360    7.12967     5.6788    24.7552   12.78866 4.6189e-01 0.0000e+00
        409  38.647998    0.02833     1.7000    102.000     26.814  50379.659    31.4088     5.6786     26.562    7.12923     5.6804    24.7539   12.78795 4.4642e-01 0.0000e+00
        410  38.648001    0.02840     1.7042    102.250     27.012  50376.719    31.4071     5.6809     26.758    7.12892     5.6813    24.7523   12.78745 4.3206e-01 0.0000e+00
        411  38.648003    0.02847     1.7083    102.500     27.205  50374.202    31.4056     5.6825     26.950    7.12872     5.6818    24.7510   12.78714 4.1849e-01 0.0000e+00
        412  38.648006    0.02854     1.7125    102.750     27.397  50373.359    31.4052     5.6834     27.139    7.12859     5.6826    24.7505   12.78694 4.0533e-01 0.0000e+00
        413  38.648009    0.02861     1.7167    103.000     27.593  50375.414    31.4066     5.6839     27.333    7.12844     5.6844    24.7515   12.78666 3.9223e-01 0.0000e+00
        414  38.648012    0.02868     1.7208    103.250     27.797  50380.910    31.4105     5.6847     27.535    7.12812     5.6879    24.7545   12.78608 3.7896e-01 0.0000e+00
        415  38.648015    0.02875     1.7250    103.500     28.011  50389.596    31.4167     5.6865     27.747    7.12752     5.6935    24.7592   12.78501 3.6541e-01 0.0000e+00
        416  38.648018    0.02882     1.7292    103.750     28.235  50400.468    31.4248     5.6900     27.969    7.12654     5.7019    24.7652   12.78329 3.5172e-01 0.0000e+00
        417  38.648021    0.02889     1.7333    104.000     28.464  50413.558    31.4349     5.6957     28.195    7.12510     5.7133    24.7725   12.78079 3.3832e-01 0.0000e+00
        418  38.648024    0.02896     1.7375    104.250     28.693  50429.453    31.4474     5.7041     28.422    7.12310     5.7272    24.7815   12.77733 3.2562e-01 0.0000e+00
        419  38.648027    0.02903     1.7417    104.500     28.919  50441.781    31.4581     5.7156     28.647    7.12067     5.7409    24.7886   12.77317 3.1355e-01 0.0000e+00
        420  38.648030    0.02910     1.7458    104.750     29.142  50441.349    31.4604     5.7294     28.867    7.11823     5.7519    24.7888   12.76910 3.0203e-01 0.0000e+00
        421  38.648032    0.02917     1.7500    105.000     29.361  50429.698    31.4550     5.7431     29.085    7.11617     5.7592    24.7829   12.76578 2.9112e-01 0.0000e+00
        422  38.648035    0.02924     1.7542    105.250     29.579  50415.427    31.4472     5.7541     29.301    7.11468     5.7634    24.7755   12.76342 2.8085e-01 0.0000e+00
        423  38.648038    0.02931     1.7583    105.500     29.797  50403.989    31.4407     5.7615     29.516    7.11375     5.7656    24.7695   12.76198 2.7110e-01 0.0000e+00
        424  38.648041    0.02937     1.7625    105.750     30.014  50398.218    31.4375     5.7657     29.732    7.11320     5.7675    24.7665   12.76111 2.6183e-01 0.0000e+00
        425  38.648044    0.02944     1.7667    106.000     30.231  50398.817    31.4382     5.7680     29.946    7.11278     5.7707    24.7668   12.76040 2.5302e-01 0.0000e+00
        426  38.648047    0.02951     1.7708    106.250     30.446  50406.637    31.4439     5.7699     30.159    7.11219     5.7766    24.7711   12.75935 2.4459e-01 0.0000e+00
        427  38.648050    0.02958     1.7750    106.500     30.661  50420.903    31.4543     5.7730     30.373    7.11118     5.7856    24.7789   12.75754 2.3641e-01 0.0000e+00
        428  38.648053    0.02965     1.7792    106.750     30.880  50435.377    31.4654     5.7789     30.590    7.10967     5.7972    24.7869   12.75490 2.2836e-01 0.0000e+00
        429  38.648056    0.02972     1.7833    107.000     31.105  50448.033    31.4758     5.7880     30.812    7.10765     5.8107    24.7941   12.75144 2.2032e-01 0.0000e+00
        430  38.648058    0.02979     1.7875    107.250     31.335  50460.756    31.4867     5.7996     31.040    7.10519     5.8256    24.8015   12.74724 2.1234e-01 0.0000e+00
        431  38.648061    0.02986     1.7917    107.500     31.570  50470.225    31.4958     5.8131     31.272    7.10249     5.8403    24.8071   12.74266 2.0472e-01 0.0000e+00
        432  38.648064    0.02993     1.7958    107.750     31.804  50471.718    31.4997     5.8280     31.504    7.09982     5.8532    24.8084   12.73819 1.9762e-01 0.0000e+00
        433  38.648067    0.03000     1.8000    108.000     32.035  50466.205    31.4987     5.8427     31.733    7.09740     5.8637    24.8059   12.73421 1.9102e-01 0.0000e+00
        434  38.648070    0.03007     1.8042    108.250     32.259  50457.731    31.4953     5.8557     31.955    7.09538     5.8716    24.8017   12.73093 1.8484e-01 0.0000e+00
        435  38.648073    0.03014     1.8083    108.500     32.476  50448.761    31.4911     5.8662     32.170    7.09383     5.8771    24.7971   12.72841 1.7905e-01 0.0000e+00
        436  38.648076    0.03021     1.8125    108.750     32.687  50440.467    31.4868     5.8741     32.379    7.09271     5.8806    24.7928   12.72661 1.7358e-01 0.0000e+00
        437  38.648079    0.03028     1.8167    109.000     32.895  50433.658    31.4831     5.8797     32.585    7.09196     5.8828    24.7892   12.72542 1.6836e-01 0.0000e+00
        438  38.648082    0.03035     1.8208    109.250     33.103  50428.952    31.4805     5.8833     32.791    7.09149     5.8841    24.7867   12.72467 1.6333e-01 0.0000e+00
        439  38.648084    0.03042     1.8250    109.500     33.314  50426.380    31.4790     5.8854     33.000    7.09119     5.8850    24.7853   12.72420 1.5846e-01 0.0000e+00
        440  38.648087    0.03049     1.8292    109.750     33.529  50425.355    31.4785     5.8867     33.213    7.09099     5.8856    24.7847   12.72388 1.5372e-01 0.0000e+00
        441  38.648090    0.03056     1.8333    110.000     33.746  50425.092    31.4783     5.8876     33.428    7.09086     5.8860    24.7845   12.72366 1.4909e-01 0.0000e+00
        442  38.648093    0.03062     1.8375    110.250     33.965  50424.968    31.4783     5.8882     33.645    7.09076     5.8863    24.7844   12.72350 1.4456e-01 0.0000e+00
        443  38.648096    0.03069     1.8417    110.500     34.184  50424.765    31.4781     5.8887     33.862    7.09069     5.8866    24.7842   12.72338 1.4013e-01 0.0000e+00
        444  38.648099    0.03076     1.8458    110.750     34.403  50424.726    31.4781     5.8890     34.079    7.09063     5.8868    24.7841   12.72329 1.3581e-01 0.0000e+00
        445  38.648102    0.03083     1.8500    111.000     34.622  50425.061    31.4782     5.8893     34.296    7.09058     5.8871    24.7842   12.72320 1.3166e-01 0.0000e+00
        446  38.648105    0.03090     1.8542    111.250     34.840  50425.849    31.4787     5.8895     34.511    7.09051     5.8875    24.7846   12.72309 1.2772e-01 0.0000e+00
        447  38.648108    0.03097     1.8583    111.500     35.056  50426.986    31.4794     5.8899     34.725    7.09043     5.8882    24.7851   12.72294 1.2397e-01 0.0000e+00
        448  38.648111    0.03104     1.8625    111.750     35.270  50428.096    31.4802     5.8903     34.938    7.09031     5.8889    24.7857   12.72274 1.2040e-01 0.0000e+00
        449  38.648113    0.03111     1.8667    112.000     35.484  50429.133    31.4810     5.8910     35.149    7.09017     5.8898    24.7862   12.72249 1.1698e-01 0.0000e+00
        450  38.648116    0.03118     1.8708    112.250     35.698  50430.185    31.4817     5.8917     35.361    7.09000     5.8908    24.7867   12.72220 1.1369e-01 0.0000e+00
        451  38.648119    0.03125     1.8750    112.500     35.909  50431.704    31.4828     5.8926     35.570    7.08981     5.8922    24.7875   12.72187 1.1057e-01 0.0000e+00
