CTD-processing/allCTD/CNV--turbid/2019_02-07_alongbay_skb12_cast063.cnv
* Sea-Bird SBE19plus Data File:
* FileName = C:\Users\Kim.Powell\Desktop\Not Processed\2019\2019_02-08\2019_02-08_TRANSECT_STATION_cast063.hex
* Software Version 1.59
* Temperature SN =  4141
* Conductivity SN =  4141
* System UpLoad Time = Mar 19 2019 08:24:45
** 2018_02-07
** Station: KB12
** Start Time: 14:30
** Depth (m): 80.0
** Comment:
** Comment:
# nquan = 16
# nvalues = 655                         
# units = specified
# name 0 = scan: Scan Count
# name 1 = timeJ: Julian Days
# name 2 = timeH: Time, Elapsed [hours]
# name 3 = timeM: Time, Elapsed [minutes]
# name 4 = timeS: Time, Elapsed [seconds]
# name 5 = prdM: Pressure, Strain Gauge [db]
# name 6 = specc: Specific Conductance [uS/cm]
# name 7 = sal00: Salinity, Practical [PSU]
# name 8 = tv290C: Temperature [ITS-90, deg C]
# name 9 = depSM: Depth [salt water, m], lat = 59.00
# name 10 = oxsolML/L: Oxygen Saturation, Garcia & Gordon [ml/l]
# name 11 = potemp090C: Potential Temperature [ITS-90, deg C]
# name 12 = sigma-é00: Density [sigma-theta, kg/m^3]
# name 13 = n2satML/L: Nitrogen Saturation [ml/l]
# name 14 = par: PAR/Irradiance, Biospherical/Licor
# name 15 = flag:  0.000e+00
# span 0 =          1,        655       
# span 1 =  38.604282,  38.606175       
# span 2 =    0.00000,    0.04542       
# span 3 =     0.0000,     2.7250       
# span 4 =      0.000,    163.500       
# span 5 =      1.091,     77.744       
# span 6 =  50087.826,  50411.943       
# span 7 =    31.0364,    31.3456       
# span 8 =     4.7373,     5.5297       
# span 9 =      1.081,     77.003       
# span 10 =    7.15744,    7.30418      
# span 11 =     4.7368,     5.5241      
# span 12 =    24.5562,    24.7316      
# span 13 =   12.83536,   13.08089      
# span 14 = 3.6170e-02, 2.2446e+02      
# span 15 = 0.0000e+00, 0.0000e+00      
# interval = seconds: 0.25
# start_time = Feb 07 2019 14:30:10 [Instrument's time stamp, header]
# bad_flag = -9.990e-29
*END*
[from data line 452]
        453  38.605590    0.03139     1.8833    113.000     35.920  50351.497    31.3204     5.3602     35.581    7.18752     5.3663    24.7201   12.88537 2.9877e-01 0.0000e+00
        454  38.605593    0.03146     1.8875    113.250     36.127  50354.376    31.3231     5.3643     35.787    7.18669     5.3719    24.7218   12.88396 2.8786e-01 0.0000e+00
        455  38.605596    0.03153     1.8917    113.500     36.331  50358.963    31.3271     5.3689     35.988    7.18570     5.3784    24.7245   12.88228 2.7757e-01 0.0000e+00
        456  38.605599    0.03160     1.8958    113.750     36.528  50362.601    31.3307     5.3746     36.184    7.18457     5.3854    24.7267   12.88036 2.6790e-01 0.0000e+00
        457  38.605602    0.03167     1.9000    114.000     36.720  50364.070    31.3330     5.3811     36.374    7.18334     5.3925    24.7277   12.87830 2.5878e-01 0.0000e+00
        458  38.605605    0.03174     1.9042    114.250     36.908  50364.278    31.3345     5.3881     36.560    7.18207     5.3996    24.7281   12.87619 2.5009e-01 0.0000e+00
        459  38.605608    0.03181     1.9083    114.500     37.095  50364.621    31.3361     5.3952     36.745    7.18078     5.4068    24.7286   12.87404 2.4164e-01 0.0000e+00
        460  38.605611    0.03188     1.9125    114.750     37.285  50365.312    31.3379     5.4023     36.933    7.17948     5.4141    24.7293   12.87186 2.3325e-01 0.0000e+00
        461  38.605613    0.03194     1.9167    115.000     37.480  50365.487    31.3394     5.4096     37.126    7.17817     5.4212    24.7297   12.86968 2.2491e-01 0.0000e+00
        462  38.605616    0.03201     1.9208    115.250     37.681  50365.010    31.3404     5.4168     37.326    7.17688     5.4279    24.7297   12.86754 2.1673e-01 0.0000e+00
        463  38.605619    0.03208     1.9250    115.500     37.887  50363.782    31.3410     5.4239     37.529    7.17564     5.4341    24.7293   12.86549 2.0884e-01 0.0000e+00
        464  38.605622    0.03215     1.9292    115.750     38.092  50361.355    31.3406     5.4307     37.732    7.17450     5.4395    24.7283   12.86361 2.0132e-01 0.0000e+00
        465  38.605625    0.03222     1.9333    116.000     38.293  50358.133    31.3396     5.4369     37.932    7.17350     5.4441    24.7267   12.86196 1.9414e-01 0.0000e+00
        466  38.605628    0.03229     1.9375    116.250     38.494  50355.201    31.3386     5.4423     38.131    7.17262     5.4480    24.7253   12.86053 1.8716e-01 0.0000e+00
        467  38.605631    0.03236     1.9417    116.500     38.698  50353.137    31.3380     5.4469     38.333    7.17187     5.4515    24.7244   12.85929 1.8031e-01 0.0000e+00
        468  38.605634    0.03243     1.9458    116.750     38.908  50351.676    31.3377     5.4509     38.540    7.17120     5.4546    24.7237   12.85820 1.7362e-01 0.0000e+00
        469  38.605637    0.03250     1.9500    117.000     39.122  50350.312    31.3374     5.4544     38.753    7.17062     5.4573    24.7230   12.85724 1.6711e-01 0.0000e+00
        470  38.605639    0.03257     1.9542    117.250     39.338  50348.912    31.3369     5.4575     38.967    7.17011     5.4596    24.7224   12.85640 1.6075e-01 0.0000e+00
        471  38.605642    0.03264     1.9583    117.500     39.551  50347.662    31.3365     5.4602     39.178    7.16967     5.4617    24.7217   12.85568 1.5471e-01 0.0000e+00
        472  38.605645    0.03271     1.9625    117.750     39.759  50346.715    31.3362     5.4626     39.383    7.16928     5.4635    24.7213   12.85504 1.4903e-01 0.0000e+00
        473  38.605648    0.03278     1.9667    118.000     39.964  50346.101    31.3361     5.4647     39.587    7.16893     5.4651    24.7210   12.85447 1.4358e-01 0.0000e+00
        474  38.605651    0.03285     1.9708    118.250     40.173  50345.606    31.3361     5.4665     39.794    7.16862     5.4664    24.7207   12.85396 1.3825e-01 0.0000e+00
        475  38.605654    0.03292     1.9750    118.500     40.393  50345.014    31.3359     5.4681     40.012    7.16836     5.4676    24.7204   12.85353 1.3294e-01 0.0000e+00
        476  38.605657    0.03299     1.9792    118.750     40.625  50344.461    31.3357     5.4695     40.241    7.16814     5.4686    24.7200   12.85316 1.2765e-01 0.0000e+00
        477  38.605660    0.03306     1.9833    119.000     40.861  50344.149    31.3356     5.4707     40.476    7.16794     5.4696    24.7198   12.85284 1.2254e-01 0.0000e+00
        478  38.605663    0.03313     1.9875    119.250     41.093  50344.047    31.3356     5.4717     40.705    7.16777     5.4705    24.7197   12.85254 1.1779e-01 0.0000e+00
        479  38.605666    0.03319     1.9917    119.500     41.313  50344.239    31.3358     5.4727     40.923    7.16759     5.4716    24.7198   12.85225 1.1346e-01 0.0000e+00
        480  38.605668    0.03326     1.9958    119.750     41.525  50345.021    31.3365     5.4736     41.133    7.16740     5.4728    24.7202   12.85193 1.0947e-01 0.0000e+00
        481  38.605671    0.03333     2.0000    120.000     41.734  50346.373    31.3375     5.4747     41.340    7.16717     5.4744    24.7209   12.85153 1.0566e-01 0.0000e+00
        482  38.605674    0.03340     2.0042    120.250     41.948  50348.093    31.3389     5.4760     41.552    7.16688     5.4763    24.7218   12.85105 1.0193e-01 0.0000e+00
        483  38.605677    0.03347     2.0083    120.500     42.172  50349.978    31.3404     5.4776     41.773    7.16654     5.4786    24.7229   12.85046 9.8298e-02 0.0000e+00
        484  38.605680    0.03354     2.0125    120.750     42.401  50351.488    31.3417     5.4795     42.001    7.16614     5.4811    24.7237   12.84978 9.4816e-02 0.0000e+00
        485  38.605683    0.03361     2.0167    121.000     42.629  50352.161    31.3426     5.4818     42.227    7.16571     5.4835    24.7241   12.84906 9.1513e-02 0.0000e+00
        486  38.605686    0.03368     2.0208    121.250     42.853  50351.982    31.3428     5.4842     42.448    7.16528     5.4857    24.7241   12.84835 8.8428e-02 0.0000e+00
        487  38.605689    0.03375     2.0250    121.500     43.072  50351.151    31.3426     5.4867     42.665    7.16487     5.4877    24.7236   12.84768 8.5531e-02 0.0000e+00
        488  38.605692    0.03382     2.0292    121.750     43.289  50349.999    31.3422     5.4890     42.880    7.16451     5.4895    24.7230   12.84707 8.2764e-02 0.0000e+00
        489  38.605694    0.03389     2.0333    122.000     43.506  50348.959    31.3418     5.4910     43.095    7.16418     5.4911    24.7225   12.84654 8.0144e-02 0.0000e+00
        490  38.605697    0.03396     2.0375    122.250     43.721  50348.355    31.3416     5.4928     43.308    7.16389     5.4925    24.7221   12.84606 7.7690e-02 0.0000e+00
        491  38.605700    0.03403     2.0417    122.500     43.935  50348.201    31.3417     5.4944     43.520    7.16362     5.4939    24.7220   12.84561 7.5370e-02 0.0000e+00
        492  38.605703    0.03410     2.0458    122.750     44.149  50348.237    31.3420     5.4958     43.731    7.16336     5.4952    24.7221   12.84518 7.3157e-02 0.0000e+00
        493  38.605706    0.03417     2.0500    123.000     44.365  50348.148    31.3421     5.4972     43.945    7.16312     5.4963    24.7220   12.84478 7.1021e-02 0.0000e+00
        494  38.605709    0.03424     2.0542    123.250     44.588  50347.843    31.3420     5.4985     44.167    7.16289     5.4973    24.7218   12.84441 6.8931e-02 0.0000e+00
        495  38.605712    0.03431     2.0583    123.500     44.821  50347.457    31.3419     5.4997     44.397    7.16269     5.4982    24.7216   12.84408 6.6892e-02 0.0000e+00
        496  38.605715    0.03438     2.0625    123.750     45.059  50347.110    31.3418     5.5007     44.633    7.16253     5.4989    24.7214   12.84381 6.4945e-02 0.0000e+00
        497  38.605718    0.03444     2.0667    124.000     45.296  50346.832    31.3417     5.5016     44.868    7.16238     5.4996    24.7212   12.84358 6.3126e-02 0.0000e+00
        498  38.605720    0.03451     2.0708    124.250     45.522  50346.689    31.3416     5.5024     45.091    7.16226     5.5002    24.7210   12.84338 6.1465e-02 0.0000e+00
        499  38.605723    0.03458     2.0750    124.500     45.732  50346.757    31.3417     5.5030     45.299    7.16215     5.5007    24.7210   12.84319 5.9975e-02 0.0000e+00
        500  38.605726    0.03465     2.0792    124.750     45.930  50346.951    31.3418     5.5036     45.495    7.16204     5.5013    24.7211   12.84300 5.8623e-02 0.0000e+00
        501  38.605729    0.03472     2.0833    125.000     46.127  50347.076    31.3419     5.5042     45.690    7.16193     5.5019    24.7211   12.84283 5.7347e-02 0.0000e+00
        502  38.605732    0.03479     2.0875    125.250     46.333  50347.214    31.3420     5.5048     45.894    7.16183     5.5025    24.7211   12.84265 5.6104e-02 0.0000e+00
        503  38.605735    0.03486     2.0917    125.500     46.553  50347.583    31.3423     5.5053     46.113    7.16171     5.5032    24.7213   12.84246 5.4880e-02 0.0000e+00
        504  38.605738    0.03493     2.0958    125.750     46.787  50347.955    31.3426     5.5060     46.344    7.16159     5.5039    24.7214   12.84226 5.3671e-02 0.0000e+00
        505  38.605741    0.03500     2.1000    126.000     47.025  50348.031    31.3427     5.5067     46.580    7.16147     5.5046    24.7214   12.84205 5.2494e-02 0.0000e+00
        506  38.605744    0.03507     2.1042    126.250     47.260  50347.934    31.3426     5.5074     46.813    7.16134     5.5053    24.7213   12.84184 5.1375e-02 0.0000e+00
        507  38.605747    0.03514     2.1083    126.500     47.487  50347.848    31.3426     5.5082     47.038    7.16122     5.5060    24.7212   12.84164 5.0330e-02 0.0000e+00
        508  38.605749    0.03521     2.1125    126.750     47.704  50347.779    31.3426     5.5089     47.253    7.16110     5.5065    24.7211   12.84144 4.9365e-02 0.0000e+00
        509  38.605752    0.03528     2.1167    127.000     47.911  50347.641    31.3426     5.5095     47.458    7.16099     5.5070    24.7210   12.84126 4.8479e-02 0.0000e+00
        510  38.605755    0.03535     2.1208    127.250     48.112  50347.450    31.3424     5.5101     47.657    7.16090     5.5073    24.7209   12.84112 4.7655e-02 0.0000e+00
        511  38.605758    0.03542     2.1250    127.500     48.316  50347.371    31.3424     5.5106     47.859    7.16083     5.5076    24.7208   12.84099 4.6875e-02 0.0000e+00
        512  38.605761    0.03549     2.1292    127.750     48.528  50347.405    31.3424     5.5109     48.068    7.16077     5.5078    24.7207   12.84089 4.6118e-02 0.0000e+00
        513  38.605764    0.03556     2.1333    128.000     48.748  50347.382    31.3423     5.5112     48.287    7.16072     5.5080    24.7207   12.84081 4.5385e-02 0.0000e+00
        514  38.605767    0.03562     2.1375    128.250     48.975  50347.320    31.3422     5.5115     48.511    7.16068     5.5082    24.7206   12.84076 4.4692e-02 0.0000e+00
        515  38.605770    0.03569     2.1417    128.500     49.202  50347.377    31.3422     5.5117     48.736    7.16064     5.5084    24.7205   12.84070 4.4030e-02 0.0000e+00
        516  38.605773    0.03576     2.1458    128.750     49.425  50347.652    31.3423     5.5119     48.957    7.16060     5.5088    24.7206   12.84063 4.3386e-02 0.0000e+00
        517  38.605775    0.03583     2.1500    129.000     49.643  50348.197    31.3426     5.5122     49.173    7.16054     5.5093    24.7208   12.84053 4.2772e-02 0.0000e+00
        518  38.605778    0.03590     2.1542    129.250     49.859  50348.904    31.3431     5.5125     49.387    7.16046     5.5099    24.7211   12.84038 4.2202e-02 0.0000e+00
        519  38.605781    0.03597     2.1583    129.500     50.073  50349.550    31.3435     5.5130     49.599    7.16035     5.5107    24.7214   12.84020 4.1666e-02 0.0000e+00
        520  38.605784    0.03604     2.1625    129.750     50.288  50350.025    31.3439     5.5137     49.812    7.16023     5.5115    24.7217   12.83998 4.1153e-02 0.0000e+00
        521  38.605787    0.03611     2.1667    130.000     50.500  50350.416    31.3442     5.5144     50.022    7.16008     5.5124    24.7218   12.83973 4.0671e-02 0.0000e+00
        522  38.605790    0.03618     2.1708    130.250     50.708  50350.732    31.3445     5.5153     50.228    7.15992     5.5132    24.7219   12.83947 4.0228e-02 0.0000e+00
        523  38.605793    0.03625     2.1750    130.500     50.913  50350.801    31.3446     5.5162     50.430    7.15976     5.5140    24.7219   12.83920 3.9818e-02 0.0000e+00
        524  38.605796    0.03632     2.1792    130.750     51.118  50350.612    31.3446     5.5171     50.633    7.15961     5.5147    24.7218   12.83896 3.9433e-02 0.0000e+00
        525  38.605799    0.03639     2.1833    131.000     51.327  50350.321    31.3445     5.5179     50.841    7.15948     5.5152    24.7216   12.83876 3.9069e-02 0.0000e+00
        526  38.605802    0.03646     2.1875    131.250     51.544  50350.101    31.3444     5.5185     51.056    7.15938     5.5157    24.7214   12.83858 3.8728e-02 0.0000e+00
        527  38.605804    0.03653     2.1917    131.500     51.766  50349.989    31.3443     5.5191     51.275    7.15929     5.5161    24.7213   12.83843 3.8399e-02 0.0000e+00
        528  38.605807    0.03660     2.1958    131.750     51.984  50349.945    31.3442     5.5196     51.491    7.15921     5.5165    24.7212   12.83830 3.8079e-02 0.0000e+00
        529  38.605810    0.03667     2.2000    132.000     52.190  50350.099    31.3443     5.5200     51.696    7.15913     5.5170    24.7213   12.83817 3.7772e-02 0.0000e+00
        530  38.605813    0.03674     2.2042    132.250     52.384  50350.557    31.3447     5.5204     51.887    7.15904     5.5175    24.7215   12.83802 3.7484e-02 0.0000e+00
        531  38.605816    0.03681     2.2083    132.500     52.568  50351.028    31.3450     5.5209     52.070    7.15894     5.5181    24.7217   12.83785 3.7218e-02 0.0000e+00
        532  38.605819    0.03687     2.2125    132.750     52.755  50351.197    31.3451     5.5215     52.255    7.15883     5.5187    24.7218   12.83767 3.6977e-02 0.0000e+00
        533  38.605822    0.03694     2.2167    133.000     52.956  50351.161    31.3451     5.5222     52.454    7.15873     5.5193    24.7217   12.83750 3.6760e-02 0.0000e+00
        534  38.605825    0.03701     2.2208    133.250     53.174  50351.048    31.3450     5.5228     52.670    7.15863     5.5197    24.7216   12.83733 3.6570e-02 0.0000e+00
        535  38.605828    0.03708     2.2250    133.500     53.407  50350.868    31.3449     5.5233     52.901    7.15854     5.5201    24.7214   12.83719 3.6428e-02 0.0000e+00
        536  38.605830    0.03715     2.2292    133.750     53.643  50350.735    31.3448     5.5238     53.134    7.15846     5.5204    24.7213   12.83706 3.6334e-02 0.0000e+00
        537  38.605833    0.03722     2.2333    134.000     53.867  50350.750    31.3448     5.5242     53.356    7.15840     5.5207    24.7212   12.83695 3.6271e-02 0.0000e+00
        538  38.605836    0.03729     2.2375    134.250     54.074  50350.788    31.3448     5.5246     53.561    7.15834     5.5210    24.7212   12.83685 3.6231e-02 0.0000e+00
        539  38.605839    0.03736     2.2417    134.500     54.265  50350.701    31.3447     5.5249     53.751    7.15829     5.5212    24.7211   12.83677 3.6207e-02 0.0000e+00
        540  38.605842    0.03743     2.2458    134.750     54.451  50350.565    31.3446     5.5251     53.935    7.15825     5.5214    24.7209   12.83670 3.6192e-02 0.0000e+00
        541  38.605845    0.03750     2.2500    135.000     54.646  50350.543    31.3446     5.5253     54.128    7.15821     5.5215    24.7208   12.83665 3.6183e-02 0.0000e+00
        542  38.605848    0.03757     2.2542    135.250     54.859  50350.658    31.3446     5.5255     54.339    7.15818     5.5216    24.7208   12.83660 3.6178e-02 0.0000e+00
