CTD-processing/allCTD/CNV--turbid/2019_03-19_t9_s02_cast105.cnv
* Sea-Bird SBE19plus Data File:
* FileName = C:\Users\Kim.Powell\Desktop\Not Processed\2019\2019_03-19_AlongBay, T9_4141\2019_03-19_TRANSECT_STATION_cast105.hex
* Software Version 1.59
* Temperature SN =  4141
* Conductivity SN =  4141
* System UpLoad Time = Mar 20 2019 08:40:38
** 2018_03-19
** Station: 9-02
** Start Time: 14:34
** Depth (m): 81.3
** Comment:**CTD time was 1 hour behind**
** Comment:
# nquan = 16
# nvalues = 643                         
# units = specified
# name 0 = scan: Scan Count
# name 1 = timeJ: Julian Days
# name 2 = timeH: Time, Elapsed [hours]
# name 3 = timeM: Time, Elapsed [minutes]
# name 4 = timeS: Time, Elapsed [seconds]
# name 5 = prdM: Pressure, Strain Gauge [db]
# name 6 = specc: Specific Conductance [uS/cm]
# name 7 = sal00: Salinity, Practical [PSU]
# name 8 = tv290C: Temperature [ITS-90, deg C]
# name 9 = depSM: Depth [salt water, m], lat = 59.00
# name 10 = oxsolML/L: Oxygen Saturation, Garcia & Gordon [ml/l]
# name 11 = potemp090C: Potential Temperature [ITS-90, deg C]
# name 12 = sigma-é00: Density [sigma-theta, kg/m^3]
# name 13 = n2satML/L: Nitrogen Saturation [ml/l]
# name 14 = par: PAR/Irradiance, Biospherical/Licor
# name 15 = flag:  0.000e+00
# span 0 =          1,        643       
# span 1 =  78.565243,  78.567101       
# span 2 =    0.00000,    0.04458       
# span 3 =     0.0000,     2.6750       
# span 4 =      0.000,    160.500       
# span 5 =      0.258,     78.120       
# span 6 =  33057.250,  50891.980       
# span 7 =    19.8387,    31.7098       
# span 8 =     4.4509,     5.5427       
# span 9 =      0.255,     77.375       
# span 10 =    7.13788,    7.95431      
# span 11 =     4.8051,     5.5368      
# span 12 =    15.7123,    25.0079      
# span 13 =   12.79839,   14.31718      
# span 14 = 3.6170e-02, 5.1751e+02      
# span 15 = 0.0000e+00, 0.0000e+00      
# interval = seconds: 0.25
# start_time = Mar 19 2019 13:33:57 [Instrument's time stamp, header]
# bad_flag = -9.990e-29
*END*
[from data line 181]
        182  78.565767    0.01257     0.7542     45.250      1.182  50139.770    31.1644     5.2285      1.171    7.21762     5.2288    24.6110   12.93712 8.5798e+01 0.0000e+00
        183  78.565770    0.01264     0.7583     45.500      1.180  50136.162    31.1620     5.2289      1.169    7.21767     5.2286    24.6090   12.93722 8.5432e+01 0.0000e+00
        184  78.565773    0.01271     0.7625     45.750      1.178  50133.630    31.1603     5.2289      1.167    7.21774     5.2282    24.6076   12.93737 8.5167e+01 0.0000e+00
        185  78.565775    0.01278     0.7667     46.000      1.176  50132.100    31.1592     5.2287      1.165    7.21784     5.2276    24.6068   12.93754 8.5246e+01 0.0000e+00
        186  78.565778    0.01285     0.7708     46.250      1.174  50131.470    31.1586     5.2283      1.163    7.21794     5.2269    24.6064   12.93771 8.5614e+01 0.0000e+00
        187  78.565781    0.01292     0.7750     46.500      1.173  50131.841    31.1588     5.2277      1.162    7.21803     5.2263    24.6066   12.93785 8.6091e+01 0.0000e+00
        188  78.565784    0.01299     0.7792     46.750      1.171  50133.349    31.1597     5.2270      1.160    7.21810     5.2258    24.6074   12.93796 8.6707e+01 0.0000e+00
        189  78.565787    0.01306     0.7833     47.000      1.171  50135.942    31.1613     5.2264      1.160    7.21813     5.2257    24.6087   12.93799 8.7413e+01 0.0000e+00
        190  78.565790    0.01313     0.7875     47.250      1.171  50139.112    31.1634     5.2259      1.160    7.21811     5.2259    24.6104   12.93793 8.8132e+01 0.0000e+00
        191  78.565793    0.01319     0.7917     47.500      1.172  50141.785    31.1652     5.2258      1.161    7.21805     5.2266    24.6119   12.93781 8.8977e+01 0.0000e+00
        192  78.565796    0.01326     0.7958     47.750      1.173  50143.005    31.1661     5.2260      1.162    7.21797     5.2274    24.6126   12.93765 9.0135e+01 0.0000e+00
        193  78.565799    0.01333     0.8000     48.000      1.175  50142.959    31.1662     5.2266      1.164    7.21786     5.2285    24.6126   12.93747 9.1557e+01 0.0000e+00
        194  78.565802    0.01340     0.8042     48.250      1.176  50142.903    31.1663     5.2275      1.165    7.21770     5.2301    24.6126   12.93722 9.2934e+01 0.0000e+00
        195  78.565804    0.01347     0.8083     48.500      1.178  50143.765    31.1671     5.2286      1.167    7.21748     5.2322    24.6131   12.93683 9.4060e+01 0.0000e+00
        196  78.565807    0.01354     0.8125     48.750      1.181  50144.657    31.1681     5.2301      1.170    7.21717     5.2349    24.6137   12.93631 9.4893e+01 0.0000e+00
        197  78.565810    0.01361     0.8167     49.000      1.185  50143.108    31.1674     5.2323      1.174    7.21683     5.2377    24.6130   12.93575 9.5402e+01 0.0000e+00
        198  78.565813    0.01368     0.8208     49.250      1.188  50137.413    31.1641     5.2350      1.177    7.21652     5.2398    24.6100   12.93528 9.5609e+01 0.0000e+00
        199  78.565816    0.01375     0.8250     49.500      1.190  50128.575    31.1586     5.2378      1.179    7.21631     5.2409    24.6054   12.93500 9.5698e+01 0.0000e+00
        200  78.565819    0.01382     0.8292     49.750      1.189  50119.724    31.1529     5.2399      1.178    7.21622     5.2413    24.6007   12.93493 9.5751e+01 0.0000e+00
        201  78.565822    0.01389     0.8333     50.000      1.186  50113.759    31.1491     5.2410      1.175    7.21621     5.2414    24.5975   12.93497 9.5566e+01 0.0000e+00
        202  78.565825    0.01396     0.8375     50.250      1.182  50111.678    31.1477     5.2414      1.171    7.21621     5.2415    24.5964   12.93499 9.4995e+01 0.0000e+00
        203  78.565828    0.01403     0.8417     50.500      1.179  50112.978    31.1486     5.2414      1.167    7.21615     5.2420    24.5971   12.93489 9.4247e+01 0.0000e+00
        204  78.565830    0.01410     0.8458     50.750      1.177  50116.497    31.1511     5.2416      1.165    7.21601     5.2432    24.5990   12.93462 9.3819e+01 0.0000e+00
        205  78.565833    0.01417     0.8500     51.000      1.178  50120.482    31.1539     5.2421      1.167    7.21578     5.2449    24.6012   12.93421 9.4145e+01 0.0000e+00
        206  78.565836    0.01424     0.8542     51.250      1.182  50122.684    31.1556     5.2433      1.171    7.21550     5.2469    24.6025   12.93371 9.5072e+01 0.0000e+00
        207  78.565839    0.01431     0.8583     51.500      1.188  50121.210    31.1550     5.2450      1.177    7.21523     5.2483    24.6018   12.93327 9.6056e+01 0.0000e+00
        208  78.565842    0.01438     0.8625     51.750      1.194  50115.849    31.1517     5.2470      1.183    7.21505     5.2487    24.5990   12.93303 9.7043e+01 0.0000e+00
        209  78.565845    0.01444     0.8667     52.000      1.198  50108.664    31.1471     5.2484      1.187    7.21503     5.2480    24.5951   12.93305 9.8149e+01 0.0000e+00
        210  78.565848    0.01451     0.8708     52.250      1.198  50102.971    31.1433     5.2488      1.187    7.21515     5.2464    24.5920   12.93328 9.9090e+01 0.0000e+00
        211  78.565851    0.01458     0.8750     52.500      1.195  50101.426    31.1421     5.2481      1.184    7.21533     5.2445    24.5912   12.93360 9.9645e+01 0.0000e+00
        212  78.565854    0.01465     0.8792     52.750      1.189  50105.063    31.1442     5.2465      1.178    7.21549     5.2429    24.5931   12.93384 9.9960e+01 0.0000e+00
        213  78.565856    0.01472     0.8833     53.000      1.181  50113.415    31.1496     5.2446      1.170    7.21557     5.2428    24.5975   12.93391 1.0023e+02 0.0000e+00
        214  78.565859    0.01479     0.8875     53.250      1.175  50124.361    31.1568     5.2430      1.164    7.21549     5.2446    24.6033   12.93368 1.0052e+02 0.0000e+00
        215  78.565862    0.01486     0.8917     53.500      1.173  50134.299    31.1636     5.2429      1.162    7.21519     5.2484    24.6087   12.93309 1.0130e+02 0.0000e+00
        216  78.565865    0.01493     0.8958     53.750      1.175  50139.620    31.1676     5.2447      1.164    7.21468     5.2536    24.6117   12.93220 1.0333e+02 0.0000e+00
        217  78.565868    0.01500     0.9000     54.000      1.181  50138.482    31.1676     5.2485      1.170    7.21403     5.2590    24.6113   12.93112 1.0653e+02 0.0000e+00
        218  78.565871    0.01507     0.9042     54.250      1.189  50131.345    31.1638     5.2537      1.178    7.21331     5.2632    24.6077   12.93000 1.0997e+02 0.0000e+00
        219  78.565874    0.01514     0.9083     54.500      1.198  50120.482    31.1574     5.2591      1.187    7.21269     5.2655    24.6021   12.92905 1.1306e+02 0.0000e+00
        220  78.565877    0.01521     0.9125     54.750      1.205  50109.195    31.1505     5.2633      1.194    7.21230     5.2661    24.5962   12.92849 1.1556e+02 0.0000e+00
        221  78.565880    0.01528     0.9167     55.000      1.207  50100.538    31.1451     5.2656      1.196    7.21217     5.2659    24.5916   12.92835 1.1667e+02 0.0000e+00
        222  78.565883    0.01535     0.9208     55.250      1.205  50095.922    31.1420     5.2662      1.194    7.21221     5.2654    24.5892   12.92846 1.1566e+02 0.0000e+00
        223  78.565885    0.01542     0.9250     55.500      1.199  50095.097    31.1414     5.2660      1.188    7.21229     5.2651    24.5887   12.92859 1.1352e+02 0.0000e+00
        224  78.565888    0.01549     0.9292     55.750      1.192  50097.084    31.1427     5.2655      1.181    7.21230     5.2651    24.5897   12.92860 1.1159e+02 0.0000e+00
        225  78.565891    0.01556     0.9333     56.000      1.185  50100.490    31.1450     5.2652      1.174    7.21225     5.2654    24.5916   12.92848 1.0993e+02 0.0000e+00
        226  78.565894    0.01563     0.9375     56.250      1.180  50103.848    31.1473     5.2651      1.169    7.21214     5.2660    24.5934   12.92827 1.0861e+02 0.0000e+00
        227  78.565897    0.01569     0.9417     56.500      1.176  50106.269    31.1490     5.2654      1.165    7.21201     5.2669    24.5947   12.92803 1.0824e+02 0.0000e+00
        228  78.565900    0.01576     0.9458     56.750      1.175  50107.666    31.1501     5.2660      1.164    7.21185     5.2681    24.5955   12.92776 1.0899e+02 0.0000e+00
        229  78.565903    0.01583     0.9500     57.000      1.175  50108.269    31.1507     5.2669      1.164    7.21166     5.2697    24.5959   12.92744 1.1059e+02 0.0000e+00
        230  78.565906    0.01590     0.9542     57.250      1.177  50107.960    31.1507     5.2682      1.166    7.21145     5.2715    24.5958   12.92709 1.1287e+02 0.0000e+00
        231  78.565909    0.01597     0.9583     57.500      1.180  50106.467    31.1500     5.2697      1.169    7.21122     5.2733    24.5951   12.92671 1.1601e+02 0.0000e+00
        232  78.565911    0.01604     0.9625     57.750      1.183  50104.160    31.1488     5.2715      1.172    7.21097     5.2752    24.5939   12.92631 1.2014e+02 0.0000e+00
        233  78.565914    0.01611     0.9667     58.000      1.187  50102.261    31.1479     5.2734      1.176    7.21069     5.2775    24.5930   12.92587 1.2553e+02 0.0000e+00
        234  78.565917    0.01618     0.9708     58.250      1.191  50102.088    31.1481     5.2753      1.180    7.21034     5.2804    24.5930   12.92529 1.3324e+02 0.0000e+00
        235  78.565920    0.01625     0.9750     58.500      1.196  50103.897    31.1498     5.2776      1.185    7.20988     5.2845    24.5941   12.92450 1.4372e+02 0.0000e+00
        236  78.565923    0.01632     0.9792     58.750      1.202  50106.706    31.1524     5.2805      1.191    7.20925     5.2896    24.5958   12.92343 1.5548e+02 0.0000e+00
        237  78.565926    0.01639     0.9833     59.000      1.208  50109.827    31.1554     5.2846      1.197    7.20841     5.2956    24.5977   12.92200 1.6625e+02 0.0000e+00
        238  78.565929    0.01646     0.9875     59.250      1.211  50114.965    31.1600     5.2897      1.200    7.20730     5.3024    24.6008   12.92012 1.7573e+02 0.0000e+00
        239  78.565932    0.01653     0.9917     59.500      1.209  50127.523    31.1698     5.2957      1.198    7.20581     5.3115    24.6079   12.91753 1.7841e+02 0.0000e+00
        240  78.565935    0.01660     0.9958     59.750      1.203  50156.330    31.1911     5.3025      1.192    7.20362     5.3255    24.6239   12.91364 1.6863e+02 0.0000e+00
        241  78.565938    0.01667     1.0000     60.000      1.192  50212.763    31.2317     5.3116      1.181    7.20011     5.3465    24.6551   12.90732 1.5541e+02 0.0000e+00
        242  78.565940    0.01674     1.0042     60.250      1.181  50289.130    31.2871     5.3255      1.169    7.19506     5.3727    24.6974   12.89827 1.4718e+02 0.0000e+00
        243  78.565943    0.01681     1.0083     60.500      1.171  50349.265    31.3328     5.3465      1.160    7.18928     5.3990    24.7312   12.88812 1.4336e+02 0.0000e+00
        244  78.565946    0.01688     1.0125     60.750      1.167  50372.806    31.3544     5.3728      1.156    7.18375     5.4213    24.7453   12.87871 1.4398e+02 0.0000e+00
        245  78.565949    0.01694     1.0167     61.000      1.169  50372.249    31.3594     5.3991      1.158    7.17902     5.4383    24.7463   12.87082 1.5000e+02 0.0000e+00
        246  78.565952    0.01701     1.0208     61.250      1.177  50363.359    31.3578     5.4214      1.166    7.17528     5.4505    24.7426   12.86468 1.6187e+02 0.0000e+00
        247  78.565955    0.01708     1.0250     61.500      1.188  50353.118    31.3543     5.4384      1.177    7.17254     5.4589    24.7379   12.86020 1.7971e+02 0.0000e+00
        248  78.565958    0.01715     1.0292     61.750      1.199  50344.214    31.3506     5.4506      1.188    7.17063     5.4644    24.7336   12.85709 2.0329e+02 0.0000e+00
        249  78.565961    0.01722     1.0333     62.000      1.207  50337.443    31.3477     5.4590      1.195    7.16935     5.4680    24.7304   12.85501 2.2775e+02 0.0000e+00
        250  78.565964    0.01729     1.0375     62.250      1.209  50332.583    31.3455     5.4645      1.198    7.16851     5.4702    24.7280   12.85366 2.4969e+02 0.0000e+00
        251  78.565966    0.01736     1.0417     62.500      1.207  50329.179    31.3438     5.4681      1.196    7.16798     5.4716    24.7263   12.85281 2.7872e+02 0.0000e+00
        252  78.565969    0.01743     1.0458     62.750      1.203  50326.980    31.3428     5.4703      1.191    7.16766     5.4724    24.7252   12.85228 3.1514e+02 0.0000e+00
        253  78.565972    0.01750     1.0500     63.000      1.198  50326.113    31.3425     5.4717      1.186    7.16744     5.4730    24.7248   12.85193 3.4371e+02 0.0000e+00
        254  78.565975    0.01757     1.0542     63.250      1.195  50326.540    31.3429     5.4725      1.183    7.16727     5.4736    24.7251   12.85165 3.6311e+02 0.0000e+00
        255  78.565978    0.01764     1.0583     63.500      1.195  50327.764    31.3439     5.4731      1.183    7.16712     5.4741    24.7258   12.85139 3.7691e+02 0.0000e+00
        256  78.565981    0.01771     1.0625     63.750      1.198  50329.064    31.3449     5.4737      1.187    7.16698     5.4746    24.7265   12.85113 3.8173e+02 0.0000e+00
        257  78.565984    0.01778     1.0667     64.000      1.204  50329.969    31.3456     5.4742      1.192    7.16685     5.4751    24.7271   12.85091 3.7785e+02 0.0000e+00
        258  78.565987    0.01785     1.0708     64.250      1.209  50330.488    31.3461     5.4747      1.197    7.16674     5.4754    24.7274   12.85072 3.7437e+02 0.0000e+00
        259  78.565990    0.01792     1.0750     64.500      1.211  50330.546    31.3462     5.4752      1.200    7.16666     5.4755    24.7274   12.85059 3.8562e+02 0.0000e+00
        260  78.565992    0.01799     1.0792     64.750      1.210  50329.951    31.3459     5.4755      1.198    7.16663     5.4755    24.7271   12.85053 4.0464e+02 0.0000e+00
        261  78.565995    0.01806     1.0833     65.000      1.204  50328.684    31.3450     5.4756      1.192    7.16664     5.4753    24.7264   12.85057 4.2113e+02 0.0000e+00
        262  78.565998    0.01812     1.0875     65.250      1.194  50326.874    31.3438     5.4756      1.183    7.16671     5.4751    24.7254   12.85069 4.2567e+02 0.0000e+00
        263  78.566001    0.01819     1.0917     65.500      1.184  50325.217    31.3426     5.4754      1.173    7.16680     5.4748    24.7245   12.85086 4.0954e+02 0.0000e+00
        264  78.566004    0.01826     1.0958     65.750      1.177  50324.759    31.3423     5.4751      1.166    7.16686     5.4747    24.7243   12.85096 4.0607e+02 0.0000e+00
        265  78.566007    0.01833     1.1000     66.000      1.176  50326.019    31.3431     5.4749      1.165    7.16686     5.4748    24.7249   12.85095 4.2414e+02 0.0000e+00
        266  78.566010    0.01840     1.1042     66.250      1.182  50328.709    31.3449     5.4748      1.170    7.16678     5.4750    24.7264   12.85080 4.1841e+02 0.0000e+00
        267  78.566013    0.01847     1.1083     66.500      1.192  50331.862    31.3471     5.4749      1.180    7.16666     5.4753    24.7281   12.85058 3.8156e+02 0.0000e+00
        268  78.566016    0.01854     1.1125     66.750      1.204  50334.448    31.3489     5.4751      1.192    7.16654     5.4755    24.7295   12.85034 3.4936e+02 0.0000e+00
        269  78.566019    0.01861     1.1167     67.000      1.214  50335.983    31.3500     5.4754      1.202    7.16644     5.4756    24.7304   12.85017 3.3074e+02 0.0000e+00
        270  78.566021    0.01868     1.1208     67.250      1.221  50336.441    31.3504     5.4756      1.209    7.16639     5.4755    24.7306   12.85008 3.1919e+02 0.0000e+00
        271  78.566024    0.01875     1.1250     67.500      1.222  50336.290    31.3503     5.4757      1.210    7.16638     5.4754    24.7306   12.85007 3.1974e+02 0.0000e+00
