CTD-processing/allCTD/CNV--turbid/2019_03-19_alongbay_skb01_cast103.cnv
* Sea-Bird SBE19plus Data File:
* FileName = C:\Users\Kim.Powell\Desktop\Not Processed\2019\2019_03-19_AlongBay, T9_4141\2019_03-19_TRANSECT_STATION_cast103.hex
* Software Version 1.59
* Temperature SN =  4141
* Conductivity SN =  4141
* System UpLoad Time = Mar 20 2019 08:38:51
** 2018_03-19
** Station: KB01
** Start Time: 13:34
** Depth (m): 76.7
** Comment:**CTD time was 1 hour behind**
** Comment:
# nquan = 16
# nvalues = 670                         
# units = specified
# name 0 = scan: Scan Count
# name 1 = timeJ: Julian Days
# name 2 = timeH: Time, Elapsed [hours]
# name 3 = timeM: Time, Elapsed [minutes]
# name 4 = timeS: Time, Elapsed [seconds]
# name 5 = prdM: Pressure, Strain Gauge [db]
# name 6 = specc: Specific Conductance [uS/cm]
# name 7 = sal00: Salinity, Practical [PSU]
# name 8 = tv290C: Temperature [ITS-90, deg C]
# name 9 = depSM: Depth [salt water, m], lat = 59.00
# name 10 = oxsolML/L: Oxygen Saturation, Garcia & Gordon [ml/l]
# name 11 = potemp090C: Potential Temperature [ITS-90, deg C]
# name 12 = sigma-é00: Density [sigma-theta, kg/m^3]
# name 13 = n2satML/L: Nitrogen Saturation [ml/l]
# name 14 = par: PAR/Irradiance, Biospherical/Licor
# name 15 = flag:  0.000e+00
# span 0 =          1,        670       
# span 1 =  78.523993,  78.525929       
# span 2 =    0.00000,    0.04646       
# span 3 =     0.0000,     2.7875       
# span 4 =      0.000,    167.250       
# span 5 =      0.584,     73.657       
# span 6 =  50308.266,  51064.020       
# span 7 =    31.3484,    31.8212       
# span 8 =     5.0294,     5.6846       
# span 9 =      0.579,     72.956       
# span 10 =    7.11179,    7.23165      
# span 11 =     5.0293,     5.6790      
# span 12 =    24.7194,    25.1194      
# span 13 =   12.75473,   12.95488      
# span 14 = 9.6049e-02, 2.3212e+02      
# span 15 = 0.0000e+00, 0.0000e+00      
# interval = seconds: 0.25
# start_time = Mar 19 2019 12:34:33 [Instrument's time stamp, header]
# bad_flag = -9.990e-29
*END*
[from data line 362]
        363  78.525041    0.02514     1.5083     90.500      5.734  50806.995    31.7106     5.6625      5.681    7.11763     5.6624    24.9941   12.76494 8.2663e+01 0.0000e+00
        364  78.525043    0.02521     1.5125     90.750      5.995  50807.841    31.7111     5.6627      5.939    7.11758     5.6625    24.9945   12.76485 8.0708e+01 0.0000e+00
        365  78.525046    0.02528     1.5167     91.000      6.254  50808.252    31.7113     5.6628      6.195    7.11754     5.6626    24.9946   12.76478 7.8902e+01 0.0000e+00
        366  78.525049    0.02535     1.5208     91.250      6.509  50808.484    31.7114     5.6630      6.448    7.11751     5.6627    24.9947   12.76472 7.7240e+01 0.0000e+00
        367  78.525052    0.02542     1.5250     91.500      6.760  50808.774    31.7115     5.6632      6.697    7.11748     5.6628    24.9947   12.76467 7.5701e+01 0.0000e+00
        368  78.525055    0.02549     1.5292     91.750      7.010  50809.335    31.7118     5.6633      6.945    7.11745     5.6629    24.9949   12.76462 7.4254e+01 0.0000e+00
        369  78.525058    0.02556     1.5333     92.000      7.257  50810.299    31.7123     5.6633      7.190    7.11741     5.6630    24.9954   12.76455 7.2867e+01 0.0000e+00
        370  78.525061    0.02562     1.5375     92.250      7.500  50811.536    31.7131     5.6634      7.430    7.11735     5.6632    24.9960   12.76445 7.1526e+01 0.0000e+00
        371  78.525064    0.02569     1.5417     92.500      7.737  50812.545    31.7137     5.6636      7.664    7.11730     5.6633    24.9964   12.76434 7.0216e+01 0.0000e+00
        372  78.525067    0.02576     1.5458     92.750      7.965  50813.092    31.7140     5.6638      7.890    7.11725     5.6635    24.9966   12.76426 6.8912e+01 0.0000e+00
        373  78.525069    0.02583     1.5500     93.000      8.187  50813.535    31.7143     5.6640      8.110    7.11721     5.6637    24.9968   12.76419 6.7570e+01 0.0000e+00
        374  78.525072    0.02590     1.5542     93.250      8.407  50814.044    31.7145     5.6641      8.328    7.11717     5.6638    24.9970   12.76412 6.6162e+01 0.0000e+00
        375  78.525075    0.02597     1.5583     93.500      8.630  50814.469    31.7148     5.6643      8.549    7.11713     5.6640    24.9972   12.76405 6.4715e+01 0.0000e+00
        376  78.525078    0.02604     1.5625     93.750      8.860  50814.731    31.7149     5.6645      8.776    7.11709     5.6641    24.9972   12.76399 6.3254e+01 0.0000e+00
        377  78.525081    0.02611     1.5667     94.000      9.099  50814.889    31.7149     5.6647      9.014    7.11706     5.6643    24.9972   12.76394 6.1776e+01 0.0000e+00
        378  78.525084    0.02618     1.5708     94.250      9.348  50815.044    31.7149     5.6648      9.260    7.11703     5.6644    24.9972   12.76389 6.0274e+01 0.0000e+00
        379  78.525087    0.02625     1.5750     94.500      9.603  50815.121    31.7149     5.6650      9.513    7.11700     5.6645    24.9972   12.76384 5.8746e+01 0.0000e+00
        380  78.525090    0.02632     1.5792     94.750      9.859  50815.083    31.7147     5.6652      9.767    7.11698     5.6645    24.9971   12.76381 5.7215e+01 0.0000e+00
        381  78.525093    0.02639     1.5833     95.000     10.111  50815.185    31.7147     5.6653     10.017    7.11697     5.6646    24.9970   12.76379 5.5735e+01 0.0000e+00
        382  78.525095    0.02646     1.5875     95.250     10.356  50815.536    31.7148     5.6653     10.259    7.11696     5.6646    24.9971   12.76376 5.4355e+01 0.0000e+00
        383  78.525098    0.02653     1.5917     95.500     10.591  50816.024    31.7151     5.6654     10.492    7.11694     5.6647    24.9973   12.76373 5.3082e+01 0.0000e+00
        384  78.525101    0.02660     1.5958     95.750     10.821  50816.779    31.7155     5.6654     10.720    7.11691     5.6648    24.9977   12.76368 5.1893e+01 0.0000e+00
        385  78.525104    0.02667     1.6000     96.000     11.049  50817.772    31.7161     5.6655     10.946    7.11686     5.6649    24.9981   12.76360 5.0763e+01 0.0000e+00
        386  78.525107    0.02674     1.6042     96.250     11.278  50818.506    31.7165     5.6656     11.173    7.11682     5.6651    24.9984   12.76352 4.9668e+01 0.0000e+00
        387  78.525110    0.02681     1.6083     96.500     11.511  50818.887    31.7167     5.6658     11.403    7.11678     5.6653    24.9986   12.76345 4.8575e+01 0.0000e+00
        388  78.525113    0.02688     1.6125     96.750     11.748  50819.330    31.7169     5.6660     11.638    7.11674     5.6654    24.9987   12.76338 4.7467e+01 0.0000e+00
        389  78.525116    0.02694     1.6167     97.000     11.990  50820.052    31.7173     5.6662     11.878    7.11669     5.6655    24.9990   12.76329 4.6351e+01 0.0000e+00
        390  78.525119    0.02701     1.6208     97.250     12.236  50820.918    31.7179     5.6663     12.121    7.11664     5.6657    24.9994   12.76321 4.5235e+01 0.0000e+00
        391  78.525122    0.02708     1.6250     97.500     12.486  50821.825    31.7184     5.6665     12.369    7.11659     5.6659    24.9998   12.76311 4.4118e+01 0.0000e+00
        392  78.525124    0.02715     1.6292     97.750     12.741  50822.798    31.7190     5.6667     12.622    7.11653     5.6660    25.0002   12.76301 4.2997e+01 0.0000e+00
        393  78.525127    0.02722     1.6333     98.000     13.000  50823.719    31.7195     5.6669     12.879    7.11647     5.6662    25.0007   12.76291 4.1865e+01 0.0000e+00
        394  78.525130    0.02729     1.6375     98.250     13.261  50824.319    31.7199     5.6671     13.137    7.11642     5.6663    25.0009   12.76282 4.0716e+01 0.0000e+00
        395  78.525133    0.02736     1.6417     98.500     13.521  50824.463    31.7199     5.6672     13.395    7.11639     5.6664    25.0009   12.76277 3.9565e+01 0.0000e+00
        396  78.525136    0.02743     1.6458     98.750     13.776  50824.400    31.7198     5.6674     13.647    7.11637     5.6665    25.0008   12.76274 3.8455e+01 0.0000e+00
        397  78.525139    0.02750     1.6500     99.000     14.023  50824.540    31.7198     5.6675     13.892    7.11635     5.6666    25.0008   12.76271 3.7421e+01 0.0000e+00
        398  78.525142    0.02757     1.6542     99.250     14.260  50825.174    31.7201     5.6676     14.127    7.11632     5.6667    25.0010   12.76266 3.6469e+01 0.0000e+00
        399  78.525145    0.02764     1.6583     99.500     14.488  50826.273    31.7208     5.6677     14.353    7.11628     5.6668    25.0016   12.76257 3.5595e+01 0.0000e+00
        400  78.525148    0.02771     1.6625     99.750     14.709  50827.570    31.7216     5.6678     14.571    7.11622     5.6670    25.0022   12.76246 3.4790e+01 0.0000e+00
        401  78.525150    0.02778     1.6667    100.000     14.926  50828.783    31.7223     5.6680     14.786    7.11616     5.6672    25.0028   12.76234 3.4034e+01 0.0000e+00
        402  78.525153    0.02785     1.6708    100.250     15.143  50829.753    31.7229     5.6682     15.001    7.11609     5.6675    25.0033   12.76223 3.3308e+01 0.0000e+00
        403  78.525156    0.02792     1.6750    100.500     15.359  50830.547    31.7234     5.6684     15.215    7.11603     5.6677    25.0036   12.76212 3.2606e+01 0.0000e+00
        404  78.525159    0.02799     1.6792    100.750     15.576  50831.097    31.7238     5.6687     15.430    7.11597     5.6678    25.0038   12.76202 3.1930e+01 0.0000e+00
        405  78.525162    0.02806     1.6833    101.000     15.791  50831.397    31.7239     5.6689     15.643    7.11593     5.6679    25.0039   12.76194 3.1284e+01 0.0000e+00
        406  78.525165    0.02813     1.6875    101.250     16.005  50831.721    31.7241     5.6691     15.855    7.11589     5.6680    25.0040   12.76188 3.0679e+01 0.0000e+00
        407  78.525168    0.02819     1.6917    101.500     16.215  50832.125    31.7243     5.6692     16.063    7.11586     5.6681    25.0042   12.76183 3.0121e+01 0.0000e+00
        408  78.525171    0.02826     1.6958    101.750     16.425  50832.656    31.7245     5.6693     16.271    7.11583     5.6682    25.0044   12.76177 2.9566e+01 0.0000e+00
        409  78.525174    0.02833     1.7000    102.000     16.637  50833.567    31.7251     5.6694     16.481    7.11578     5.6685    25.0048   12.76169 2.8961e+01 0.0000e+00
        410  78.525177    0.02840     1.7042    102.250     16.857  50835.093    31.7261     5.6695     16.699    7.11571     5.6688    25.0056   12.76156 2.8319e+01 0.0000e+00
        411  78.525179    0.02847     1.7083    102.500     17.089  50837.162    31.7274     5.6698     16.929    7.11561     5.6692    25.0066   12.76137 2.7651e+01 0.0000e+00
        412  78.525182    0.02854     1.7125    102.750     17.336  50839.096    31.7287     5.6701     17.173    7.11549     5.6696    25.0076   12.76116 2.6956e+01 0.0000e+00
        413  78.525185    0.02861     1.7167    103.000     17.596  50840.173    31.7294     5.6706     17.431    7.11538     5.6699    25.0081   12.76097 2.6270e+01 0.0000e+00
        414  78.525188    0.02868     1.7208    103.250     17.863  50840.403    31.7295     5.6710     17.696    7.11530     5.6701    25.0082   12.76084 2.5629e+01 0.0000e+00
        415  78.525191    0.02875     1.7250    103.500     18.130  50840.458    31.7295     5.6713     17.960    7.11525     5.6703    25.0081   12.76075 2.5039e+01 0.0000e+00
        416  78.525194    0.02882     1.7292    103.750     18.387  50840.832    31.7297     5.6716     18.215    7.11520     5.6704    25.0082   12.76067 2.4471e+01 0.0000e+00
        417  78.525197    0.02889     1.7333    104.000     18.626  50841.409    31.7300     5.6717     18.452    7.11516     5.6706    25.0085   12.76060 2.3926e+01 0.0000e+00
        418  78.525200    0.02896     1.7375    104.250     18.846  50841.962    31.7303     5.6719     18.669    7.11512     5.6708    25.0087   12.76053 2.3423e+01 0.0000e+00
        419  78.525203    0.02903     1.7417    104.500     19.049  50842.558    31.7307     5.6721     18.870    7.11507     5.6710    25.0090   12.76045 2.2946e+01 0.0000e+00
        420  78.525205    0.02910     1.7458    104.750     19.245  50843.469    31.7312     5.6723     19.065    7.11501     5.6713    25.0094   12.76035 2.2466e+01 0.0000e+00
        421  78.525208    0.02917     1.7500    105.000     19.445  50845.170    31.7324     5.6725     19.262    7.11492     5.6717    25.0102   12.76018 2.1961e+01 0.0000e+00
        422  78.525211    0.02924     1.7542    105.250     19.657  50847.648    31.7340     5.6728     19.473    7.11479     5.6722    25.0115   12.75994 2.1415e+01 0.0000e+00
        423  78.525214    0.02931     1.7583    105.500     19.886  50849.897    31.7356     5.6732     19.700    7.11465     5.6728    25.0127   12.75968 2.0828e+01 0.0000e+00
        424  78.525217    0.02937     1.7625    105.750     20.130  50851.389    31.7366     5.6737     19.941    7.11451     5.6733    25.0134   12.75944 2.0229e+01 0.0000e+00
        425  78.525220    0.02944     1.7667    106.000     20.380  50852.417    31.7373     5.6743     20.189    7.11438     5.6737    25.0139   12.75922 1.9654e+01 0.0000e+00
        426  78.525223    0.02951     1.7708    106.250     20.628  50852.999    31.7377     5.6749     20.434    7.11427     5.6741    25.0142   12.75903 1.9125e+01 0.0000e+00
        427  78.525226    0.02958     1.7750    106.500     20.862  50853.112    31.7377     5.6753     20.666    7.11419     5.6743    25.0142   12.75890 1.8651e+01 0.0000e+00
        428  78.525229    0.02965     1.7792    106.750     21.077  50853.032    31.7376     5.6757     20.879    7.11413     5.6745    25.0141   12.75881 1.8231e+01 0.0000e+00
        429  78.525231    0.02972     1.7833    107.000     21.272  50852.973    31.7375     5.6759     21.072    7.11409     5.6746    25.0140   12.75874 1.7859e+01 0.0000e+00
        430  78.525234    0.02979     1.7875    107.250     21.450  50853.087    31.7376     5.6761     21.248    7.11406     5.6747    25.0140   12.75868 1.7511e+01 0.0000e+00
        431  78.525237    0.02986     1.7917    107.500     21.622  50853.308    31.7377     5.6763     21.418    7.11403     5.6747    25.0140   12.75864 1.7165e+01 0.0000e+00
        432  78.525240    0.02993     1.7958    107.750     21.802  50853.422    31.7377     5.6763     21.597    7.11402     5.6747    25.0140   12.75862 1.6810e+01 0.0000e+00
        433  78.525243    0.03000     1.8000    108.000     22.003  50853.440    31.7376     5.6764     21.795    7.11402     5.6747    25.0140   12.75862 1.6426e+01 0.0000e+00
        434  78.525246    0.03007     1.8042    108.250     22.231  50853.322    31.7375     5.6764     22.021    7.11402     5.6746    25.0138   12.75863 1.5993e+01 0.0000e+00
        435  78.525249    0.03014     1.8083    108.500     22.484  50853.073    31.7372     5.6764     22.273    7.11404     5.6745    25.0136   12.75866 1.5522e+01 0.0000e+00
        436  78.525252    0.03021     1.8125    108.750     22.754  50852.902    31.7369     5.6764     22.540    7.11405     5.6744    25.0134   12.75869 1.5055e+01 0.0000e+00
        437  78.525255    0.03028     1.8167    109.000     23.025  50852.894    31.7368     5.6763     22.808    7.11407     5.6743    25.0133   12.75872 1.4619e+01 0.0000e+00
        438  78.525258    0.03035     1.8208    109.250     23.284  50853.034    31.7367     5.6762     23.065    7.11409     5.6742    25.0133   12.75875 1.4222e+01 0.0000e+00
        439  78.525260    0.03042     1.8250    109.500     23.525  50853.243    31.7367     5.6761     23.304    7.11410     5.6742    25.0133   12.75878 1.3868e+01 0.0000e+00
        440  78.525263    0.03049     1.8292    109.750     23.745  50853.474    31.7368     5.6760     23.521    7.11411     5.6742    25.0133   12.75879 1.3557e+01 0.0000e+00
        441  78.525266    0.03056     1.8333    110.000     23.944  50853.784    31.7369     5.6760     23.719    7.11411     5.6742    25.0134   12.75878 1.3275e+01 0.0000e+00
        442  78.525269    0.03062     1.8375    110.250     24.130  50854.139    31.7370     5.6761     23.902    7.11410     5.6742    25.0136   12.75876 1.3002e+01 0.0000e+00
        443  78.525272    0.03069     1.8417    110.500     24.309  50854.508    31.7372     5.6761     24.080    7.11409     5.6741    25.0137   12.75875 1.2728e+01 0.0000e+00
        444  78.525275    0.03076     1.8458    110.750     24.488  50854.897    31.7373     5.6761     24.257    7.11408     5.6741    25.0139   12.75874 1.2464e+01 0.0000e+00
        445  78.525278    0.03083     1.8500    111.000     24.670  50855.255    31.7375     5.6760     24.437    7.11408     5.6741    25.0140   12.75873 1.2211e+01 0.0000e+00
        446  78.525281    0.03090     1.8542    111.250     24.855  50855.521    31.7376     5.6760     24.621    7.11407     5.6741    25.0141   12.75872 1.1965e+01 0.0000e+00
        447  78.525284    0.03097     1.8583    111.500     25.044  50855.691    31.7376     5.6760     24.808    7.11407     5.6741    25.0141   12.75871 1.1724e+01 0.0000e+00
        448  78.525286    0.03104     1.8625    111.750     25.238  50855.860    31.7377     5.6761     25.000    7.11406     5.6742    25.0141   12.75870 1.1487e+01 0.0000e+00
        449  78.525289    0.03111     1.8667    112.000     25.439  50856.099    31.7377     5.6761     25.199    7.11405     5.6742    25.0141   12.75868 1.1248e+01 0.0000e+00
        450  78.525292    0.03118     1.8708    112.250     25.647  50856.390    31.7379     5.6761     25.406    7.11404     5.6742    25.0142   12.75866 1.1003e+01 0.0000e+00
        451  78.525295    0.03125     1.8750    112.500     25.860  50856.669    31.7380     5.6762     25.617    7.11403     5.6742    25.0143   12.75865 1.0759e+01 0.0000e+00
