CTD-processing/allCTD/CNV--turbid/2019_02-07_alongbay_skb08_cast059.cnv
* Sea-Bird SBE19plus Data File:
* FileName = C:\Users\Kim.Powell\Desktop\Not Processed\2019\2019_02-08\2019_02-08_TRANSECT_STATION_cast059.hex
* Software Version 1.59
* Temperature SN =  4141
* Conductivity SN =  4141
* System UpLoad Time = Mar 19 2019 08:21:00
** 2018_02-07
** Station: KB08
** Start Time: 13:40
** Depth (m): 83
** Comment:
** Comment:
# nquan = 16
# nvalues = 650                         
# units = specified
# name 0 = scan: Scan Count
# name 1 = timeJ: Julian Days
# name 2 = timeH: Time, Elapsed [hours]
# name 3 = timeM: Time, Elapsed [minutes]
# name 4 = timeS: Time, Elapsed [seconds]
# name 5 = prdM: Pressure, Strain Gauge [db]
# name 6 = specc: Specific Conductance [uS/cm]
# name 7 = sal00: Salinity, Practical [PSU]
# name 8 = tv290C: Temperature [ITS-90, deg C]
# name 9 = depSM: Depth [salt water, m], lat = 59.00
# name 10 = oxsolML/L: Oxygen Saturation, Garcia & Gordon [ml/l]
# name 11 = potemp090C: Potential Temperature [ITS-90, deg C]
# name 12 = sigma-é00: Density [sigma-theta, kg/m^3]
# name 13 = n2satML/L: Nitrogen Saturation [ml/l]
# name 14 = par: PAR/Irradiance, Biospherical/Licor
# name 15 = flag:  0.000e+00
# span 0 =          1,        650       
# span 1 =  38.569803,  38.571681       
# span 2 =    0.00000,    0.04507       
# span 3 =     0.0000,     2.7042       
# span 4 =      0.000,    162.250       
# span 5 =      1.165,     80.958       
# span 6 =  50152.441,  50431.091       
# span 7 =    31.2034,    31.4186       
# span 8 =     5.2883,     5.7323       
# span 9 =      1.155,     80.185       
# span 10 =    7.11971,    7.20391      
# span 11 =     5.2882,     5.7260      
# span 12 =    24.6256,    24.7591      
# span 13 =   12.77210,   12.91355      
# span 14 = 3.6908e-02, 3.1495e+02      
# span 15 = 0.0000e+00, 0.0000e+00      
# interval = seconds: 0.25
# start_time = Feb 07 2019 13:40:31 [Instrument's time stamp, header]
# bad_flag = -9.990e-29
*END*
[from data line 181]
        182  38.570327    0.01257     0.7542     45.250      1.320  50241.302    31.2644     5.3756      1.307    7.18756     5.3775    24.6739   12.88615 2.3809e+02 0.0000e+00
        183  38.570330    0.01264     0.7583     45.500      1.330  50246.858    31.2684     5.3766      1.318    7.18719     5.3782    24.6769   12.88550 2.3412e+02 0.0000e+00
        184  38.570333    0.01271     0.7625     45.750      1.338  50249.422    31.2704     5.3776      1.325    7.18694     5.3786    24.6784   12.88505 2.3184e+02 0.0000e+00
        185  38.570336    0.01278     0.7667     46.000      1.342  50249.812    31.2708     5.3783      1.329    7.18680     5.3787    24.6786   12.88481 2.3433e+02 0.0000e+00
        186  38.570339    0.01285     0.7708     46.250      1.341  50249.371    31.2706     5.3787      1.328    7.18674     5.3787    24.6784   12.88472 2.3848e+02 0.0000e+00
        187  38.570341    0.01292     0.7750     46.500      1.336  50249.335    31.2706     5.3788      1.324    7.18672     5.3789    24.6784   12.88469 2.3833e+02 0.0000e+00
        188  38.570344    0.01299     0.7792     46.750      1.331  50250.292    31.2712     5.3788      1.319    7.18669     5.3792    24.6789   12.88463 2.3652e+02 0.0000e+00
        189  38.570347    0.01306     0.7833     47.000      1.328  50252.212    31.2726     5.3790      1.315    7.18660     5.3799    24.6800   12.88447 2.3906e+02 0.0000e+00
        190  38.570350    0.01313     0.7875     47.250      1.328  50254.865    31.2745     5.3793      1.315    7.18644     5.3806    24.6814   12.88418 2.4464e+02 0.0000e+00
        191  38.570353    0.01319     0.7917     47.500      1.331  50257.440    31.2764     5.3800      1.319    7.18624     5.3811    24.6829   12.88383 2.4747e+02 0.0000e+00
        192  38.570356    0.01326     0.7958     47.750      1.337  50258.648    31.2774     5.3807      1.324    7.18608     5.3814    24.6836   12.88354 2.4587e+02 0.0000e+00
        193  38.570359    0.01333     0.8000     48.000      1.341  50258.036    31.2771     5.3812      1.328    7.18599     5.3814    24.6833   12.88341 2.4223e+02 0.0000e+00
        194  38.570362    0.01340     0.8042     48.250      1.343  50256.390    31.2760     5.3815      1.331    7.18600     5.3811    24.6824   12.88343 2.3895e+02 0.0000e+00
        195  38.570365    0.01347     0.8083     48.500      1.344  50254.724    31.2748     5.3815      1.332    7.18607     5.3807    24.6815   12.88355 2.3584e+02 0.0000e+00
        196  38.570367    0.01354     0.8125     48.750      1.343  50253.061    31.2736     5.3812      1.331    7.18617     5.3804    24.6805   12.88374 2.2851e+02 0.0000e+00
        197  38.570370    0.01361     0.8167     49.000      1.342  50250.639    31.2719     5.3808      1.330    7.18631     5.3800    24.6792   12.88400 2.1682e+02 0.0000e+00
        198  38.570373    0.01368     0.8208     49.250      1.339  50247.377    31.2696     5.3805      1.327    7.18648     5.3796    24.6774   12.88431 2.0716e+02 0.0000e+00
        199  38.570376    0.01375     0.8250     49.500      1.334  50244.400    31.2675     5.3801      1.322    7.18664     5.3792    24.6757   12.88460 2.0146e+02 0.0000e+00
        200  38.570379    0.01382     0.8292     49.750      1.329  50243.076    31.2665     5.3797      1.316    7.18676     5.3790    24.6750   12.88481 1.9700e+02 0.0000e+00
        201  38.570382    0.01389     0.8333     50.000      1.325  50243.867    31.2669     5.3793      1.313    7.18680     5.3791    24.6754   12.88487 1.9353e+02 0.0000e+00
        202  38.570385    0.01396     0.8375     50.250      1.324  50245.986    31.2683     5.3791      1.311    7.18677     5.3794    24.6766   12.88480 1.9214e+02 0.0000e+00
        203  38.570388    0.01403     0.8417     50.500      1.324  50248.055    31.2698     5.3792      1.312    7.18669     5.3797    24.6777   12.88466 1.9264e+02 0.0000e+00
        204  38.570391    0.01410     0.8458     50.750      1.325  50249.156    31.2706     5.3795      1.313    7.18661     5.3801    24.6783   12.88451 1.9684e+02 0.0000e+00
        205  38.570394    0.01417     0.8500     51.000      1.327  50249.135    31.2706     5.3798      1.315    7.18655     5.3803    24.6783   12.88440 2.0448e+02 0.0000e+00
        206  38.570396    0.01424     0.8542     51.250      1.328  50248.269    31.2701     5.3802      1.316    7.18652     5.3803    24.6779   12.88436 2.0830e+02 0.0000e+00
        207  38.570399    0.01431     0.8583     51.500      1.330  50247.109    31.2694     5.3804      1.317    7.18652     5.3803    24.6773   12.88437 2.0732e+02 0.0000e+00
        208  38.570402    0.01438     0.8625     51.750      1.331  50246.225    31.2688     5.3804      1.319    7.18653     5.3803    24.6768   12.88441 2.1203e+02 0.0000e+00
        209  38.570405    0.01444     0.8667     52.000      1.333  50245.665    31.2684     5.3804      1.320    7.18655     5.3803    24.6765   12.88445 2.2640e+02 0.0000e+00
        210  38.570408    0.01451     0.8708     52.250      1.335  50244.996    31.2679     5.3804      1.322    7.18658     5.3802    24.6761   12.88450 2.4070e+02 0.0000e+00
        211  38.570411    0.01458     0.8750     52.500      1.337  50243.912    31.2672     5.3804      1.324    7.18662     5.3802    24.6755   12.88457 2.4678e+02 0.0000e+00
        212  38.570414    0.01465     0.8792     52.750      1.338  50242.481    31.2662     5.3803      1.326    7.18667     5.3800    24.6748   12.88467 2.4572e+02 0.0000e+00
        213  38.570417    0.01472     0.8833     53.000      1.340  50240.988    31.2652     5.3803      1.328    7.18673     5.3798    24.6740   12.88478 2.4432e+02 0.0000e+00
        214  38.570420    0.01479     0.8875     53.250      1.341  50239.577    31.2642     5.3801      1.329    7.18680     5.3796    24.6732   12.88491 2.4829e+02 0.0000e+00
        215  38.570422    0.01486     0.8917     53.500      1.342  50238.046    31.2631     5.3799      1.330    7.18689     5.3793    24.6723   12.88507 2.5421e+02 0.0000e+00
        216  38.570425    0.01493     0.8958     53.750      1.343  50236.231    31.2618     5.3797      1.330    7.18699     5.3790    24.6713   12.88526 2.5539e+02 0.0000e+00
        217  38.570428    0.01500     0.9000     54.000      1.342  50234.303    31.2604     5.3794      1.330    7.18711     5.3786    24.6703   12.88547 2.5329e+02 0.0000e+00
        218  38.570431    0.01507     0.9042     54.250      1.341  50232.472    31.2590     5.3791      1.328    7.18723     5.3781    24.6692   12.88569 2.5405e+02 0.0000e+00
        219  38.570434    0.01514     0.9083     54.500      1.339  50230.841    31.2578     5.3787      1.326    7.18736     5.3777    24.6683   12.88591 2.6063e+02 0.0000e+00
        220  38.570437    0.01521     0.9125     54.750      1.336  50229.602    31.2569     5.3782      1.324    7.18747     5.3773    24.6676   12.88612 2.6290e+02 0.0000e+00
        221  38.570440    0.01528     0.9167     55.000      1.332  50229.145    31.2565     5.3778      1.320    7.18757     5.3769    24.6673   12.88628 2.5089e+02 0.0000e+00
        222  38.570443    0.01535     0.9208     55.250      1.328  50229.944    31.2569     5.3774      1.316    7.18762     5.3767    24.6678   12.88635 2.3862e+02 0.0000e+00
        223  38.570446    0.01542     0.9250     55.500      1.325  50232.364    31.2585     5.3770      1.313    7.18760     5.3766    24.6691   12.88631 2.3682e+02 0.0000e+00
        224  38.570448    0.01549     0.9292     55.750      1.324  50236.291    31.2612     5.3768      1.312    7.18752     5.3767    24.6712   12.88613 2.4156e+02 0.0000e+00
        225  38.570451    0.01556     0.9333     56.000      1.327  50240.851    31.2643     5.3767      1.314    7.18738     5.3770    24.6737   12.88586 2.4621e+02 0.0000e+00
        226  38.570454    0.01563     0.9375     56.250      1.331  50244.810    31.2671     5.3768      1.318    7.18722     5.3774    24.6759   12.88557 2.4521e+02 0.0000e+00
        227  38.570457    0.01569     0.9417     56.500      1.336  50247.256    31.2688     5.3771      1.323    7.18709     5.3776    24.6772   12.88532 2.4658e+02 0.0000e+00
        228  38.570460    0.01576     0.9458     56.750      1.340  50247.905    31.2693     5.3775      1.328    7.18701     5.3776    24.6775   12.88518 2.5413e+02 0.0000e+00
        229  38.570463    0.01583     0.9500     57.000      1.343  50247.093    31.2688     5.3777      1.330    7.18699     5.3774    24.6771   12.88516 2.6046e+02 0.0000e+00
        230  38.570466    0.01590     0.9542     57.250      1.343  50245.748    31.2679     5.3777      1.331    7.18703     5.3771    24.6764   12.88524 2.6177e+02 0.0000e+00
        231  38.570469    0.01597     0.9583     57.500      1.342  50244.892    31.2672     5.3775      1.330    7.18709     5.3767    24.6759   12.88536 2.5793e+02 0.0000e+00
        232  38.570472    0.01604     0.9625     57.750      1.340  50244.919    31.2672     5.3772      1.328    7.18716     5.3764    24.6759   12.88546 2.5187e+02 0.0000e+00
        233  38.570475    0.01611     0.9667     58.000      1.338  50245.834    31.2678     5.3768      1.325    7.18720     5.3763    24.6764   12.88552 2.4534e+02 0.0000e+00
        234  38.570477    0.01618     0.9708     58.250      1.336  50247.760    31.2690     5.3765      1.323    7.18718     5.3764    24.6774   12.88548 2.3862e+02 0.0000e+00
        235  38.570480    0.01625     0.9750     58.500      1.335  50250.616    31.2710     5.3764      1.322    7.18711     5.3767    24.6789   12.88534 2.3426e+02 0.0000e+00
        236  38.570483    0.01632     0.9792     58.750      1.335  50253.941    31.2733     5.3765      1.323    7.18699     5.3772    24.6808   12.88510 2.3386e+02 0.0000e+00
        237  38.570486    0.01639     0.9833     59.000      1.337  50257.175    31.2756     5.3768      1.325    7.18683     5.3777    24.6826   12.88480 2.3782e+02 0.0000e+00
        238  38.570489    0.01646     0.9875     59.250      1.338  50259.996    31.2776     5.3773      1.326    7.18664     5.3783    24.6841   12.88448 2.4501e+02 0.0000e+00
        239  38.570492    0.01653     0.9917     59.500      1.337  50262.894    31.2797     5.3778      1.325    7.18644     5.3789    24.6857   12.88413 2.4702e+02 0.0000e+00
        240  38.570495    0.01660     0.9958     59.750      1.334  50267.670    31.2831     5.3784      1.321    7.18619     5.3797    24.6884   12.88366 2.4187e+02 0.0000e+00
        241  38.570498    0.01667     1.0000     60.000      1.329  50277.255    31.2898     5.3790      1.317    7.18577     5.3810    24.6936   12.88287 2.3638e+02 0.0000e+00
        242  38.570501    0.01674     1.0042     60.250      1.325  50290.783    31.2993     5.3798      1.313    7.18517     5.3828    24.7010   12.88176 2.3270e+02 0.0000e+00
        243  38.570503    0.01681     1.0083     60.500      1.324  50302.208    31.3074     5.3811      1.312    7.18456     5.3846    24.7073   12.88064 2.3606e+02 0.0000e+00
        244  38.570506    0.01688     1.0125     60.750      1.326  50308.497    31.3121     5.3829      1.314    7.18403     5.3862    24.7108   12.87972 2.4881e+02 0.0000e+00
        245  38.570509    0.01694     1.0167     61.000      1.330  50311.123    31.3143     5.3847      1.317    7.18362     5.3874    24.7123   12.87900 2.6175e+02 0.0000e+00
        246  38.570512    0.01701     1.0208     61.250      1.332  50311.755    31.3150     5.3863      1.320    7.18331     5.3882    24.7127   12.87848 2.6777e+02 0.0000e+00
        247  38.570515    0.01708     1.0250     61.500      1.330  50311.528    31.3151     5.3875      1.318    7.18310     5.3887    24.7127   12.87813 2.7160e+02 0.0000e+00
        248  38.570518    0.01715     1.0292     61.750      1.326  50311.106    31.3150     5.3883      1.314    7.18296     5.3890    24.7125   12.87791 2.8232e+02 0.0000e+00
        249  38.570521    0.01722     1.0333     62.000      1.321  50310.775    31.3149     5.3888      1.309    7.18289     5.3891    24.7123   12.87779 2.9710e+02 0.0000e+00
        250  38.570524    0.01729     1.0375     62.250      1.318  50310.634    31.3149     5.3891      1.306    7.18284     5.3892    24.7123   12.87772 3.0587e+02 0.0000e+00
        251  38.570527    0.01736     1.0417     62.500      1.318  50310.647    31.3149     5.3892      1.306    7.18281     5.3893    24.7123   12.87767 3.0954e+02 0.0000e+00
        252  38.570530    0.01743     1.0458     62.750      1.321  50310.703    31.3150     5.3893      1.308    7.18279     5.3894    24.7123   12.87763 3.0858e+02 0.0000e+00
        253  38.570532    0.01750     1.0500     63.000      1.324  50310.741    31.3150     5.3894      1.311    7.18278     5.3894    24.7123   12.87761 2.9783e+02 0.0000e+00
        254  38.570535    0.01757     1.0542     63.250      1.325  50310.769    31.3151     5.3895      1.313    7.18277     5.3894    24.7124   12.87759 2.8281e+02 0.0000e+00
        255  38.570538    0.01764     1.0583     63.500      1.324  50310.777    31.3151     5.3895      1.312    7.18276     5.3894    24.7124   12.87758 2.7250e+02 0.0000e+00
        256  38.570541    0.01771     1.0625     63.750      1.321  50310.763    31.3150     5.3895      1.309    7.18276     5.3894    24.7124   12.87757 2.6515e+02 0.0000e+00
        257  38.570544    0.01778     1.0667     64.000      1.317  50310.778    31.3150     5.3895      1.304    7.18276     5.3893    24.7124   12.87758 2.5638e+02 0.0000e+00
        258  38.570547    0.01785     1.0708     64.250      1.314  50310.875    31.3151     5.3895      1.301    7.18277     5.3892    24.7124   12.87759 2.5060e+02 0.0000e+00
        259  38.570550    0.01792     1.0750     64.500      1.314  50311.022    31.3152     5.3894      1.302    7.18277     5.3892    24.7125   12.87759 2.4905e+02 0.0000e+00
        260  38.570553    0.01799     1.0792     64.750      1.317  50311.102    31.3153     5.3893      1.305    7.18278     5.3891    24.7126   12.87760 2.4606e+02 0.0000e+00
        261  38.570556    0.01806     1.0833     65.000      1.320  50311.045    31.3152     5.3893      1.308    7.18278     5.3890    24.7125   12.87762 2.4170e+02 0.0000e+00
        262  38.570558    0.01812     1.0875     65.250      1.322  50310.900    31.3151     5.3892      1.309    7.18280     5.3889    24.7124   12.87764 2.3696e+02 0.0000e+00
        263  38.570561    0.01819     1.0917     65.500      1.320  50310.752    31.3150     5.3891      1.307    7.18282     5.3887    24.7124   12.87769 2.3337e+02 0.0000e+00
        264  38.570564    0.01826     1.0958     65.750      1.314  50310.711    31.3149     5.3890      1.302    7.18285     5.3885    24.7123   12.87773 2.3324e+02 0.0000e+00
        265  38.570567    0.01833     1.1000     66.000      1.307  50310.833    31.3150     5.3888      1.295    7.18288     5.3883    24.7124   12.87778 2.3239e+02 0.0000e+00
        266  38.570570    0.01840     1.1042     66.250      1.303  50310.974    31.3150     5.3886      1.290    7.18291     5.3881    24.7124   12.87783 2.2876e+02 0.0000e+00
        267  38.570573    0.01847     1.1083     66.500      1.303  50310.985    31.3150     5.3884      1.290    7.18295     5.3878    24.7124   12.87789 2.2640e+02 0.0000e+00
        268  38.570576    0.01854     1.1125     66.750      1.308  50310.940    31.3149     5.3882      1.295    7.18299     5.3875    24.7124   12.87796 2.2926e+02 0.0000e+00
        269  38.570579    0.01861     1.1167     67.000      1.315  50311.016    31.3149     5.3879      1.302    7.18304     5.3873    24.7124   12.87804 2.3439e+02 0.0000e+00
        270  38.570582    0.01868     1.1208     67.250      1.320  50311.287    31.3150     5.3876      1.307    7.18308     5.3870    24.7125   12.87811 2.3378e+02 0.0000e+00
        271  38.570584    0.01875     1.1250     67.500      1.321  50311.671    31.3152     5.3874      1.308    7.18312     5.3869    24.7127   12.87817 2.2981e+02 0.0000e+00
