CTD-processing/allCTD/CNV--turbid/2019_03-19_alongbay_skb08_cast096.cnv
* Sea-Bird SBE19plus Data File:
* FileName = C:\Users\Kim.Powell\Desktop\Not Processed\2019\2019_03-19_AlongBay, T9_4141\2019_03-19_TRANSECT_STATION_cast096.hex
* Software Version 1.59
* Temperature SN =  4141
* Conductivity SN =  4141
* System UpLoad Time = Mar 20 2019 08:28:38
** 2018_03-19
** Station: KB08
** Start Time: 11:20
** Depth (m): 82.7
** Comment: **CTD time was 1 hour behind**
** Comment: 6 otters resting
# nquan = 16
# nvalues = 733                         
# units = specified
# name 0 = scan: Scan Count
# name 1 = timeJ: Julian Days
# name 2 = timeH: Time, Elapsed [hours]
# name 3 = timeM: Time, Elapsed [minutes]
# name 4 = timeS: Time, Elapsed [seconds]
# name 5 = prdM: Pressure, Strain Gauge [db]
# name 6 = specc: Specific Conductance [uS/cm]
# name 7 = sal00: Salinity, Practical [PSU]
# name 8 = tv290C: Temperature [ITS-90, deg C]
# name 9 = depSM: Depth [salt water, m], lat = 59.00
# name 10 = oxsolML/L: Oxygen Saturation, Garcia & Gordon [ml/l]
# name 11 = potemp090C: Potential Temperature [ITS-90, deg C]
# name 12 = sigma-é00: Density [sigma-theta, kg/m^3]
# name 13 = n2satML/L: Nitrogen Saturation [ml/l]
# name 14 = par: PAR/Irradiance, Biospherical/Licor
# name 15 = flag:  0.000e+00
# span 0 =          1,        733       
# span 1 =  78.431400,  78.433519       
# span 2 =    0.00000,    0.05083       
# span 3 =     0.0000,     3.0500       
# span 4 =      0.000,    183.000       
# span 5 =      0.673,     81.021       
# span 6 =  50003.277,  50868.399       
# span 7 =    30.9704,    31.6865       
# span 8 =     4.5276,     5.5128       
# span 9 =      0.667,     80.248       
# span 10 =    7.14410,    7.33720      
# span 11 =     4.5870,     5.5066      
# span 12 =    24.5078,    24.9939      
# span 13 =   12.80896,   13.13382      
# span 14 = 3.6170e-02, 7.8623e+01      
# span 15 = 0.0000e+00, 0.0000e+00      
# interval = seconds: 0.25
# start_time = Mar 19 2019 10:21:13 [Instrument's time stamp, header]
# bad_flag = -9.990e-29
*END*
[from data line 452]
        453  78.432708    0.03139     1.8833    113.000     27.718  50607.049    31.4737     5.2335     27.457    7.20185     5.2331    24.8554   12.90708 9.8297e-01 0.0000e+00
        454  78.432711    0.03146     1.8875    113.250     27.923  50611.270    31.4767     5.2343     27.660    7.20158     5.2341    24.8577   12.90660 9.4882e-01 0.0000e+00
        455  78.432714    0.03153     1.8917    113.500     28.132  50616.892    31.4806     5.2351     27.867    7.20125     5.2351    24.8608   12.90599 9.1517e-01 0.0000e+00
        456  78.432717    0.03160     1.8958    113.750     28.345  50623.000    31.4849     5.2361     28.078    7.20087     5.2363    24.8641   12.90532 8.8223e-01 0.0000e+00
        457  78.432720    0.03167     1.9000    114.000     28.557  50628.853    31.4891     5.2372     28.289    7.20048     5.2374    24.8672   12.90462 8.5067e-01 0.0000e+00
        458  78.432723    0.03174     1.9042    114.250     28.765  50634.175    31.4929     5.2384     28.494    7.20010     5.2384    24.8701   12.90394 8.2117e-01 0.0000e+00
        459  78.432726    0.03181     1.9083    114.500     28.964  50638.740    31.4962     5.2395     28.691    7.19975     5.2393    24.8726   12.90332 7.9414e-01 0.0000e+00
        460  78.432729    0.03188     1.9125    114.750     29.152  50642.549    31.4989     5.2406     28.877    7.19944     5.2400    24.8746   12.90277 7.6957e-01 0.0000e+00
        461  78.432731    0.03194     1.9167    115.000     29.329  50645.538    31.5011     5.2414     29.053    7.19918     5.2405    24.8762   12.90232 7.4690e-01 0.0000e+00
        462  78.432734    0.03201     1.9208    115.250     29.499  50647.683    31.5026     5.2421     29.221    7.19899     5.2408    24.8774   12.90198 7.2533e-01 0.0000e+00
        463  78.432737    0.03208     1.9250    115.500     29.668  50649.361    31.5038     5.2426     29.389    7.19885     5.2410    24.8782   12.90173 7.0415e-01 0.0000e+00
        464  78.432740    0.03215     1.9292    115.750     29.842  50650.830    31.5048     5.2430     29.561    7.19875     5.2409    24.8790   12.90155 6.8286e-01 0.0000e+00
        465  78.432743    0.03222     1.9333    116.000     30.024  50652.266    31.5057     5.2431     29.741    7.19868     5.2408    24.8797   12.90142 6.6120e-01 0.0000e+00
        466  78.432746    0.03229     1.9375    116.250     30.216  50654.140    31.5069     5.2431     29.931    7.19862     5.2407    24.8807   12.90131 6.3914e-01 0.0000e+00
        467  78.432749    0.03236     1.9417    116.500     30.420  50656.963    31.5087     5.2430     30.133    7.19855     5.2406    24.8821   12.90116 6.1686e-01 0.0000e+00
        468  78.432752    0.03243     1.9458    116.750     30.633  50661.207    31.5115     5.2429     30.344    7.19843     5.2405    24.8844   12.90094 5.9459e-01 0.0000e+00
        469  78.432755    0.03250     1.9500    117.000     30.853  50666.961    31.5154     5.2428     30.562    7.19826     5.2405    24.8874   12.90061 5.7280e-01 0.0000e+00
        470  78.432758    0.03257     1.9542    117.250     31.074  50673.270    31.5196     5.2427     30.781    7.19807     5.2405    24.8907   12.90024 5.5216e-01 0.0000e+00
        471  78.432760    0.03264     1.9583    117.500     31.288  50678.635    31.5232     5.2427     30.993    7.19790     5.2405    24.8935   12.89991 5.3315e-01 0.0000e+00
        472  78.432763    0.03271     1.9625    117.750     31.492  50682.503    31.5257     5.2428     31.195    7.19777     5.2405    24.8956   12.89967 5.1604e-01 0.0000e+00
        473  78.432766    0.03278     1.9667    118.000     31.681  50685.566    31.5277     5.2428     31.383    7.19767     5.2407    24.8972   12.89947 5.0080e-01 0.0000e+00
        474  78.432769    0.03285     1.9708    118.250     31.857  50688.584    31.5297     5.2429     31.557    7.19757     5.2411    24.8988   12.89927 4.8710e-01 0.0000e+00
        475  78.432772    0.03292     1.9750    118.500     32.025  50691.824    31.5319     5.2430     31.723    7.19743     5.2418    24.9005   12.89903 4.7431e-01 0.0000e+00
        476  78.432775    0.03299     1.9792    118.750     32.191  50695.620    31.5345     5.2434     31.888    7.19724     5.2429    24.9025   12.89868 4.6166e-01 0.0000e+00
        477  78.432778    0.03306     1.9833    119.000     32.364  50700.020    31.5376     5.2441     32.060    7.19697     5.2446    24.9049   12.89819 4.4849e-01 0.0000e+00
        478  78.432781    0.03313     1.9875    119.250     32.551  50704.293    31.5407     5.2453     32.244    7.19662     5.2468    24.9072   12.89758 4.3456e-01 0.0000e+00
        479  78.432784    0.03319     1.9917    119.500     32.753  50708.332    31.5438     5.2470     32.444    7.19619     5.2496    24.9094   12.89682 4.1994e-01 0.0000e+00
        480  78.432786    0.03326     1.9958    119.750     32.970  50712.851    31.5472     5.2492     32.659    7.19564     5.2533    24.9119   12.89588 4.0484e-01 0.0000e+00
        481  78.432789    0.03333     2.0000    120.000     33.196  50718.305    31.5515     5.2520     32.883    7.19495     5.2581    24.9150   12.89468 3.8975e-01 0.0000e+00
        482  78.432792    0.03340     2.0042    120.250     33.422  50724.853    31.5567     5.2557     33.107    7.19406     5.2641    24.9187   12.89315 3.7532e-01 0.0000e+00
        483  78.432795    0.03347     2.0083    120.500     33.641  50731.938    31.5624     5.2605     33.324    7.19296     5.2716    24.9227   12.89126 3.6200e-01 0.0000e+00
        484  78.432798    0.03354     2.0125    120.750     33.847  50739.254    31.5686     5.2666     33.528    7.19163     5.2808    24.9269   12.88897 3.5002e-01 0.0000e+00
        485  78.432801    0.03361     2.0167    121.000     34.039  50748.051    31.5762     5.2741     33.718    7.18998     5.2918    24.9321   12.88616 3.3926e-01 0.0000e+00
        486  78.432804    0.03368     2.0208    121.250     34.221  50756.841    31.5840     5.2833     33.898    7.18803     5.3037    24.9373   12.88283 3.2930e-01 0.0000e+00
        487  78.432807    0.03375     2.0250    121.500     34.399  50761.181    31.5892     5.2943     34.074    7.18590     5.3155    24.9402   12.87924 3.1963e-01 0.0000e+00
        488  78.432810    0.03382     2.0292    121.750     34.580  50760.581    31.5912     5.3063     34.254    7.18375     5.3263    24.9405   12.87567 3.0996e-01 0.0000e+00
        489  78.432812    0.03389     2.0333    122.000     34.770  50758.419    31.5921     5.3180     34.442    7.18170     5.3363    24.9399   12.87228 3.0015e-01 0.0000e+00
        490  78.432815    0.03396     2.0375    122.250     34.969  50757.157    31.5935     5.3289     34.639    7.17979     5.3457    24.9397   12.86909 2.9027e-01 0.0000e+00
        491  78.432818    0.03403     2.0417    122.500     35.174  50756.182    31.5948     5.3390     34.842    7.17800     5.3541    24.9396   12.86613 2.8046e-01 0.0000e+00
        492  78.432821    0.03410     2.0458    122.750     35.380  50753.389    31.5947     5.3483     35.046    7.17640     5.3612    24.9385   12.86349 2.7096e-01 0.0000e+00
        493  78.432824    0.03417     2.0500    123.000     35.583  50748.631    31.5931     5.3568     35.247    7.17504     5.3668    24.9363   12.86126 2.6191e-01 0.0000e+00
        494  78.432827    0.03424     2.0542    123.250     35.783  50743.428    31.5909     5.3639     35.445    7.17393     5.3710    24.9337   12.85946 2.5325e-01 0.0000e+00
        495  78.432830    0.03431     2.0583    123.500     35.984  50738.842    31.5888     5.3694     35.645    7.17308     5.3740    24.9315   12.85808 2.4484e-01 0.0000e+00
        496  78.432833    0.03438     2.0625    123.750     36.189  50735.285    31.5871     5.3736     35.847    7.17245     5.3762    24.9297   12.85706 2.3660e-01 0.0000e+00
        497  78.432836    0.03444     2.0667    124.000     36.399  50732.752    31.5859     5.3767     36.055    7.17198     5.3778    24.9284   12.85630 2.2845e-01 0.0000e+00
        498  78.432839    0.03451     2.0708    124.250     36.614  50731.243    31.5853     5.3789     36.268    7.17164     5.3791    24.9276   12.85574 2.2035e-01 0.0000e+00
        499  78.432841    0.03458     2.0750    124.500     36.831  50730.786    31.5852     5.3805     36.484    7.17136     5.3801    24.9273   12.85528 2.1248e-01 0.0000e+00
        500  78.432844    0.03465     2.0792    124.750     37.046  50730.937    31.5854     5.3818     36.696    7.17113     5.3810    24.9274   12.85490 2.0503e-01 0.0000e+00
        501  78.432847    0.03472     2.0833    125.000     37.256  50731.165    31.5857     5.3829     36.904    7.17093     5.3819    24.9275   12.85457 1.9805e-01 0.0000e+00
        502  78.432850    0.03479     2.0875    125.250     37.459  50731.311    31.5859     5.3838     37.106    7.17076     5.3826    24.9275   12.85429 1.9154e-01 0.0000e+00
        503  78.432853    0.03486     2.0917    125.500     37.655  50731.597    31.5861     5.3846     37.300    7.17061     5.3833    24.9276   12.85404 1.8547e-01 0.0000e+00
        504  78.432856    0.03493     2.0958    125.750     37.845  50732.234    31.5866     5.3854     37.488    7.17046     5.3840    24.9280   12.85378 1.7975e-01 0.0000e+00
        505  78.432859    0.03500     2.1000    126.000     38.031  50733.193    31.5874     5.3861     37.673    7.17030     5.3848    24.9285   12.85351 1.7429e-01 0.0000e+00
        506  78.432862    0.03507     2.1042    126.250     38.216  50734.255    31.5882     5.3869     37.856    7.17014     5.3857    24.9290   12.85323 1.6902e-01 0.0000e+00
        507  78.432865    0.03514     2.1083    126.500     38.403  50735.261    31.5890     5.3877     38.040    7.16996     5.3867    24.9296   12.85293 1.6387e-01 0.0000e+00
        508  78.432867    0.03521     2.1125    126.750     38.592  50736.351    31.5898     5.3885     38.228    7.16977     5.3877    24.9301   12.85260 1.5881e-01 0.0000e+00
        509  78.432870    0.03528     2.1167    127.000     38.783  50737.174    31.5905     5.3895     38.417    7.16957     5.3888    24.9305   12.85226 1.5388e-01 0.0000e+00
        510  78.432873    0.03535     2.1208    127.250     38.975  50737.243    31.5907     5.3906     38.607    7.16938     5.3897    24.9306   12.85194 1.4913e-01 0.0000e+00
        511  78.432876    0.03542     2.1250    127.500     39.165  50737.080    31.5907     5.3917     38.796    7.16920     5.3906    24.9305   12.85165 1.4455e-01 0.0000e+00
        512  78.432879    0.03549     2.1292    127.750     39.356  50737.258    31.5909     5.3926     38.984    7.16903     5.3914    24.9306   12.85136 1.4011e-01 0.0000e+00
        513  78.432882    0.03556     2.1333    128.000     39.548  50737.869    31.5914     5.3935     39.174    7.16885     5.3925    24.9309   12.85107 1.3578e-01 0.0000e+00
        514  78.432885    0.03562     2.1375    128.250     39.744  50739.230    31.5924     5.3944     39.368    7.16865     5.3937    24.9316   12.85073 1.3156e-01 0.0000e+00
        515  78.432888    0.03569     2.1417    128.500     39.946  50740.978    31.5938     5.3954     39.568    7.16841     5.3952    24.9325   12.85031 1.2743e-01 0.0000e+00
        516  78.432891    0.03576     2.1458    128.750     40.153  50741.878    31.5946     5.3967     39.774    7.16815     5.3966    24.9330   12.84987 1.2338e-01 0.0000e+00
        517  78.432894    0.03583     2.1500    129.000     40.362  50741.863    31.5948     5.3982     39.981    7.16789     5.3979    24.9330   12.84943 1.1946e-01 0.0000e+00
        518  78.432896    0.03590     2.1542    129.250     40.570  50741.839    31.5950     5.3996     40.187    7.16764     5.3992    24.9330   12.84901 1.1573e-01 0.0000e+00
        519  78.432899    0.03597     2.1583    129.500     40.773  50742.372    31.5955     5.4010     40.387    7.16739     5.4006    24.9333   12.84859 1.1224e-01 0.0000e+00
        520  78.432902    0.03604     2.1625    129.750     40.970  50743.574    31.5965     5.4023     40.583    7.16712     5.4021    24.9339   12.84813 1.0898e-01 0.0000e+00
        521  78.432905    0.03611     2.1667    130.000     41.166  50745.057    31.5977     5.4037     40.777    7.16682     5.4037    24.9347   12.84762 1.0585e-01 0.0000e+00
        522  78.432908    0.03618     2.1708    130.250     41.367  50746.341    31.5988     5.4052     40.976    7.16650     5.4050    24.9354   12.84709 1.0278e-01 0.0000e+00
        523  78.432911    0.03625     2.1750    130.500     41.574  50747.096    31.5995     5.4068     41.181    7.16620     5.4062    24.9358   12.84658 9.9745e-02 0.0000e+00
        524  78.432914    0.03632     2.1792    130.750     41.785  50747.570    31.6000     5.4082     41.390    7.16594     5.4073    24.9361   12.84614 9.6775e-02 0.0000e+00
        525  78.432917    0.03639     2.1833    131.000     41.994  50748.850    31.6010     5.4094     41.597    7.16569     5.4087    24.9367   12.84572 9.3952e-02 0.0000e+00
        526  78.432920    0.03646     2.1875    131.250     42.195  50751.733    31.6032     5.4105     41.797    7.16540     5.4105    24.9383   12.84521 9.1346e-02 0.0000e+00
        527  78.432922    0.03653     2.1917    131.500     42.385  50755.576    31.6060     5.4119     41.984    7.16503     5.4128    24.9404   12.84456 8.8977e-02 0.0000e+00
        528  78.432925    0.03660     2.1958    131.750     42.563  50758.786    31.6085     5.4137     42.160    7.16459     5.4152    24.9422   12.84380 8.6817e-02 0.0000e+00
        529  78.432928    0.03667     2.2000    132.000     42.735  50760.340    31.6100     5.4160     42.331    7.16413     5.4173    24.9431   12.84302 8.4782e-02 0.0000e+00
        530  78.432931    0.03674     2.2042    132.250     42.907  50760.416    31.6105     5.4184     42.501    7.16370     5.4188    24.9432   12.84231 8.2788e-02 0.0000e+00
        531  78.432934    0.03681     2.2083    132.500     43.084  50760.193    31.6107     5.4205     42.677    7.16334     5.4198    24.9431   12.84171 8.0804e-02 0.0000e+00
        532  78.432937    0.03687     2.2125    132.750     43.269  50760.785    31.6113     5.4220     42.860    7.16305     5.4206    24.9434   12.84122 7.8834e-02 0.0000e+00
        533  78.432940    0.03694     2.2167    133.000     43.458  50762.147    31.6124     5.4231     43.048    7.16281     5.4212    24.9442   12.84082 7.6899e-02 0.0000e+00
        534  78.432943    0.03701     2.2208    133.250     43.649  50763.638    31.6135     5.4239     43.236    7.16263     5.4218    24.9449   12.84049 7.5019e-02 0.0000e+00
        535  78.432946    0.03708     2.2250    133.500     43.837  50765.006    31.6145     5.4245     43.422    7.16247     5.4223    24.9456   12.84022 7.3220e-02 0.0000e+00
        536  78.432948    0.03715     2.2292    133.750     44.021  50766.243    31.6153     5.4251     43.605    7.16233     5.4228    24.9463   12.83999 7.1529e-02 0.0000e+00
        537  78.432951    0.03722     2.2333    134.000     44.203  50767.281    31.6161     5.4256     43.785    7.16221     5.4231    24.9468   12.83978 6.9932e-02 0.0000e+00
        538  78.432954    0.03729     2.2375    134.250     44.384  50768.158    31.6167     5.4261     43.965    7.16210     5.4234    24.9472   12.83959 6.8390e-02 0.0000e+00
        539  78.432957    0.03736     2.2417    134.500     44.570  50769.037    31.6173     5.4265     44.149    7.16201     5.4235    24.9476   12.83943 6.6876e-02 0.0000e+00
        540  78.432960    0.03743     2.2458    134.750     44.765  50769.979    31.6179     5.4268     44.341    7.16193     5.4235    24.9481   12.83929 6.5369e-02 0.0000e+00
        541  78.432963    0.03750     2.2500    135.000     44.971  50770.888    31.6185     5.4269     44.546    7.16188     5.4233    24.9485   12.83920 6.3836e-02 0.0000e+00
        542  78.432966    0.03757     2.2542    135.250     45.190  50771.765    31.6190     5.4269     44.762    7.16186     5.4229    24.9489   12.83916 6.2277e-02 0.0000e+00
