CTD-processing/allCTD/CNV--turbid/2019_02-07_alongbay_skb10_cast061.cnv
* Sea-Bird SBE19plus Data File:
* FileName = C:\Users\Kim.Powell\Desktop\Not Processed\2019\2019_02-08\2019_02-08_TRANSECT_STATION_cast061.hex
* Software Version 1.59
* Temperature SN =  4141
* Conductivity SN =  4141
* System UpLoad Time = Mar 19 2019 08:22:58
** 2018_02-07
** Station: KB10
** Start Time: 14:01
** Depth (m): 66.0
** Comment:
** Comment:
# nquan = 16
# nvalues = 646                         
# units = specified
# name 0 = scan: Scan Count
# name 1 = timeJ: Julian Days
# name 2 = timeH: Time, Elapsed [hours]
# name 3 = timeM: Time, Elapsed [minutes]
# name 4 = timeS: Time, Elapsed [seconds]
# name 5 = prdM: Pressure, Strain Gauge [db]
# name 6 = specc: Specific Conductance [uS/cm]
# name 7 = sal00: Salinity, Practical [PSU]
# name 8 = tv290C: Temperature [ITS-90, deg C]
# name 9 = depSM: Depth [salt water, m], lat = 59.00
# name 10 = oxsolML/L: Oxygen Saturation, Garcia & Gordon [ml/l]
# name 11 = potemp090C: Potential Temperature [ITS-90, deg C]
# name 12 = sigma-é00: Density [sigma-theta, kg/m^3]
# name 13 = n2satML/L: Nitrogen Saturation [ml/l]
# name 14 = par: PAR/Irradiance, Biospherical/Licor
# name 15 = flag:  0.000e+00
# span 0 =          1,        646       
# span 1 =  38.584086,  38.585952       
# span 2 =    0.00000,    0.04479       
# span 3 =     0.0000,     2.6875       
# span 4 =      0.000,    161.250       
# span 5 =      1.085,     63.285       
# span 6 =  49936.004,  50410.344       
# span 7 =    30.9964,    31.3856       
# span 8 =     5.0684,     5.6839       
# span 9 =      1.075,     62.683       
# span 10 =    7.12955,    7.25203      
# span 11 =     5.0713,     5.6791      
# span 12 =    24.4927,    24.7495      
# span 13 =   12.78880,   12.99574      
# span 14 = 3.6170e-02, 1.5510e+02      
# span 15 = 0.0000e+00, 0.0000e+00      
# interval = seconds: 0.25
# start_time = Feb 07 2019 14:01:05 [Instrument's time stamp, header]
# bad_flag = -9.990e-29
*END*
[from data line 543]
        544  38.585657    0.03771     2.2625    135.750     41.888  50348.740    31.3738     5.6462     41.492    7.13635     5.6431    24.7301   12.80016 9.2273e-02 0.0000e+00
        545  38.585660    0.03778     2.2667    136.000     42.106  50348.926    31.3739     5.6462     41.708    7.13634     5.6431    24.7301   12.80014 8.9381e-02 0.0000e+00
        546  38.585663    0.03785     2.2708    136.250     42.324  50349.024    31.3738     5.6463     41.924    7.13634     5.6431    24.7301   12.80013 8.6600e-02 0.0000e+00
        547  38.585666    0.03792     2.2750    136.500     42.541  50349.354    31.3739     5.6463     42.139    7.13633     5.6432    24.7302   12.80012 8.3950e-02 0.0000e+00
        548  38.585668    0.03799     2.2792    136.750     42.757  50350.188    31.3744     5.6463     42.353    7.13630     5.6437    24.7306   12.80007 8.1452e-02 0.0000e+00
        549  38.585671    0.03806     2.2833    137.000     42.971  50351.630    31.3753     5.6465     42.565    7.13623     5.6446    24.7313   12.79993 7.9102e-02 0.0000e+00
        550  38.585674    0.03812     2.2875    137.250     43.184  50353.544    31.3767     5.6470     42.776    7.13608     5.6459    24.7323   12.79968 7.6883e-02 0.0000e+00
        551  38.585677    0.03819     2.2917    137.500     43.395  50355.080    31.3778     5.6479     42.985    7.13587     5.6473    24.7331   12.79932 7.4787e-02 0.0000e+00
        552  38.585680    0.03826     2.2958    137.750     43.604  50355.345    31.3781     5.6492     43.192    7.13564     5.6485    24.7332   12.79892 7.2798e-02 0.0000e+00
        553  38.585683    0.03833     2.3000    138.000     43.812  50354.721    31.3779     5.6506     43.398    7.13541     5.6496    24.7329   12.79855 7.0896e-02 0.0000e+00
        554  38.585686    0.03840     2.3042    138.250     44.020  50354.049    31.3776     5.6519     43.604    7.13521     5.6504    24.7325   12.79823 6.9090e-02 0.0000e+00
        555  38.585689    0.03847     2.3083    138.500     44.227  50353.608    31.3774     5.6529     43.808    7.13504     5.6512    24.7322   12.79795 6.7394e-02 0.0000e+00
        556  38.585692    0.03854     2.3125    138.750     44.432  50353.237    31.3772     5.6538     44.012    7.13490     5.6518    24.7320   12.79771 6.5796e-02 0.0000e+00
        557  38.585694    0.03861     2.3167    139.000     44.636  50352.861    31.3770     5.6546     44.214    7.13478     5.6523    24.7317   12.79752 6.4288e-02 0.0000e+00
        558  38.585697    0.03868     2.3208    139.250     44.838  50352.561    31.3769     5.6552     44.414    7.13468     5.6527    24.7315   12.79736 6.2861e-02 0.0000e+00
        559  38.585700    0.03875     2.3250    139.500     45.037  50352.324    31.3767     5.6557     44.612    7.13460     5.6530    24.7313   12.79723 6.1514e-02 0.0000e+00
        560  38.585703    0.03882     2.3292    139.750     45.236  50352.254    31.3767     5.6561     44.808    7.13453     5.6533    24.7312   12.79712 6.0242e-02 0.0000e+00
        561  38.585706    0.03889     2.3333    140.000     45.434  50352.386    31.3767     5.6565     45.004    7.13448     5.6535    24.7312   12.79703 5.9032e-02 0.0000e+00
        562  38.585709    0.03896     2.3375    140.250     45.633  50352.558    31.3768     5.6567     45.201    7.13443     5.6538    24.7313   12.79694 5.7876e-02 0.0000e+00
        563  38.585712    0.03903     2.3417    140.500     45.831  50352.679    31.3768     5.6570     45.398    7.13438     5.6540    24.7313   12.79687 5.6765e-02 0.0000e+00
        564  38.585715    0.03910     2.3458    140.750     46.030  50352.812    31.3769     5.6572     45.595    7.13434     5.6542    24.7313   12.79679 5.5702e-02 0.0000e+00
        565  38.585718    0.03917     2.3500    141.000     46.228  50353.004    31.3770     5.6575     45.791    7.13429     5.6544    24.7313   12.79671 5.4695e-02 0.0000e+00
        566  38.585720    0.03924     2.3542    141.250     46.427  50353.177    31.3771     5.6577     45.988    7.13425     5.6546    24.7313   12.79664 5.3741e-02 0.0000e+00
        567  38.585723    0.03931     2.3583    141.500     46.625  50353.323    31.3771     5.6579     46.184    7.13421     5.6547    24.7314   12.79658 5.2822e-02 0.0000e+00
        568  38.585726    0.03938     2.3625    141.750     46.826  50353.423    31.3771     5.6581     46.383    7.13418     5.6548    24.7314   12.79653 5.1930e-02 0.0000e+00
        569  38.585729    0.03944     2.3667    142.000     47.029  50353.418    31.3770     5.6583     46.584    7.13416     5.6548    24.7313   12.79650 5.1070e-02 0.0000e+00
        570  38.585732    0.03951     2.3708    142.250     47.233  50353.381    31.3769     5.6584     46.786    7.13415     5.6549    24.7312   12.79648 5.0241e-02 0.0000e+00
        571  38.585735    0.03958     2.3750    142.500     47.438  50353.449    31.3769     5.6584     46.989    7.13414     5.6549    24.7312   12.79646 4.9459e-02 0.0000e+00
        572  38.585738    0.03965     2.3792    142.750     47.643  50353.632    31.3769     5.6585     47.192    7.13412     5.6549    24.7312   12.79644 4.8719e-02 0.0000e+00
        573  38.585741    0.03972     2.3833    143.000     47.849  50353.785    31.3769     5.6585     47.396    7.13411     5.6550    24.7312   12.79643 4.8002e-02 0.0000e+00
        574  38.585744    0.03979     2.3875    143.250     48.056  50353.845    31.3769     5.6586     47.601    7.13411     5.6550    24.7312   12.79642 4.7316e-02 0.0000e+00
        575  38.585747    0.03986     2.3917    143.500     48.264  50353.939    31.3769     5.6586     47.807    7.13410     5.6551    24.7312   12.79640 4.6665e-02 0.0000e+00
        576  38.585749    0.03993     2.3958    143.750     48.472  50354.133    31.3769     5.6587     48.013    7.13409     5.6551    24.7312   12.79638 4.6049e-02 0.0000e+00
        577  38.585752    0.04000     2.4000    144.000     48.680  50354.250    31.3769     5.6587     48.219    7.13408     5.6551    24.7312   12.79636 4.5465e-02 0.0000e+00
        578  38.585755    0.04007     2.4042    144.250     48.888  50354.177    31.3768     5.6588     48.425    7.13408     5.6550    24.7311   12.79636 4.4907e-02 0.0000e+00
        579  38.585758    0.04014     2.4083    144.500     49.097  50353.984    31.3766     5.6588     48.632    7.13409     5.6547    24.7309   12.79639 4.4370e-02 0.0000e+00
        580  38.585761    0.04021     2.4125    144.750     49.308  50353.783    31.3763     5.6587     48.842    7.13412     5.6545    24.7307   12.79644 4.3851e-02 0.0000e+00
        581  38.585764    0.04028     2.4167    145.000     49.523  50353.803    31.3762     5.6585     49.055    7.13416     5.6542    24.7306   12.79650 4.3357e-02 0.0000e+00
        582  38.585767    0.04035     2.4208    145.250     49.743  50354.094    31.3762     5.6583     49.272    7.13420     5.6541    24.7306   12.79657 4.2882e-02 0.0000e+00
        583  38.585770    0.04042     2.4250    145.500     49.967  50354.554    31.3764     5.6580     49.494    7.13423     5.6540    24.7308   12.79662 4.2407e-02 0.0000e+00
        584  38.585773    0.04049     2.4292    145.750     50.194  50355.203    31.3767     5.6579     49.718    7.13424     5.6540    24.7311   12.79663 4.1943e-02 0.0000e+00
        585  38.585775    0.04056     2.4333    146.000     50.423  50355.875    31.3770     5.6579     49.945    7.13423     5.6542    24.7314   12.79662 4.1509e-02 0.0000e+00
        586  38.585778    0.04063     2.4375    146.250     50.652  50356.354    31.3772     5.6580     50.172    7.13420     5.6545    24.7316   12.79657 4.1101e-02 0.0000e+00
        587  38.585781    0.04069     2.4417    146.500     50.880  50356.749    31.3774     5.6581     50.398    7.13416     5.6548    24.7317   12.79650 4.0708e-02 0.0000e+00
        588  38.585784    0.04076     2.4458    146.750     51.108  50357.197    31.3777     5.6584     50.623    7.13411     5.6552    24.7319   12.79641 4.0319e-02 0.0000e+00
        589  38.585787    0.04083     2.4500    147.000     51.335  50357.632    31.3780     5.6587     50.849    7.13403     5.6557    24.7320   12.79628 3.9948e-02 0.0000e+00
        590  38.585790    0.04090     2.4542    147.250     51.564  50357.969    31.3782     5.6592     51.075    7.13395     5.6561    24.7321   12.79614 3.9599e-02 0.0000e+00
        591  38.585793    0.04097     2.4583    147.500     51.793  50358.129    31.3783     5.6596     51.302    7.13387     5.6564    24.7322   12.79601 3.9264e-02 0.0000e+00
        592  38.585796    0.04104     2.4625    147.750     52.023  50358.127    31.3783     5.6600     51.530    7.13380     5.6567    24.7321   12.79589 3.8949e-02 0.0000e+00
        593  38.585799    0.04111     2.4667    148.000     52.250  50358.014    31.3781     5.6604     51.755    7.13374     5.6569    24.7320   12.79579 3.8663e-02 0.0000e+00
        594  38.585802    0.04118     2.4708    148.250     52.474  50357.747    31.3779     5.6608     51.977    7.13370     5.6570    24.7318   12.79572 3.8391e-02 0.0000e+00
        595  38.585804    0.04125     2.4750    148.500     52.696  50357.310    31.3775     5.6610     52.196    7.13368     5.6569    24.7315   12.79570 3.8126e-02 0.0000e+00
        596  38.585807    0.04132     2.4792    148.750     52.916  50356.836    31.3771     5.6610     52.414    7.13369     5.6568    24.7311   12.79571 3.7879e-02 0.0000e+00
        597  38.585810    0.04139     2.4833    149.000     53.135  50356.698    31.3769     5.6610     52.631    7.13371     5.6566    24.7309   12.79575 3.7652e-02 0.0000e+00
        598  38.585813    0.04146     2.4875    149.250     53.355  50357.126    31.3771     5.6608     52.849    7.13373     5.6566    24.7311   12.79578 3.7436e-02 0.0000e+00
        599  38.585816    0.04153     2.4917    149.500     53.574  50357.929    31.3775     5.6607     53.066    7.13373     5.6568    24.7314   12.79577 3.7224e-02 0.0000e+00
        600  38.585819    0.04160     2.4958    149.750     53.792  50358.909    31.3781     5.6607     53.283    7.13370     5.6572    24.7319   12.79572 3.7018e-02 0.0000e+00
        601  38.585822    0.04167     2.5000    150.000     54.011  50360.103    31.3788     5.6609     53.499    7.13363     5.6578    24.7324   12.79560 3.6831e-02 0.0000e+00
        602  38.585825    0.04174     2.5042    150.250     54.231  50361.256    31.3796     5.6613     53.717    7.13352     5.6586    24.7330   12.79541 3.6659e-02 0.0000e+00
        603  38.585828    0.04181     2.5083    150.500     54.451  50361.871    31.3800     5.6620     53.935    7.13339     5.6594    24.7333   12.79519 3.6504e-02 0.0000e+00
        604  38.585830    0.04188     2.5125    150.750     54.672  50362.189    31.3803     5.6628     54.153    7.13324     5.6603    24.7334   12.79494 3.6383e-02 0.0000e+00
        605  38.585833    0.04194     2.5167    151.000     54.894  50362.794    31.3808     5.6636     54.373    7.13308     5.6614    24.7337   12.79466 3.6302e-02 0.0000e+00
        606  38.585836    0.04201     2.5208    151.250     55.116  50363.672    31.3815     5.6645     54.593    7.13289     5.6625    24.7341   12.79434 3.6250e-02 0.0000e+00
        607  38.585839    0.04208     2.5250    151.500     55.339  50364.376    31.3821     5.6656     54.814    7.13268     5.6637    24.7345   12.79400 3.6218e-02 0.0000e+00
        608  38.585842    0.04215     2.5292    151.750     55.565  50364.631    31.3824     5.6668     55.038    7.13247     5.6649    24.7346   12.79364 3.6199e-02 0.0000e+00
        609  38.585845    0.04222     2.5333    152.000     55.792  50364.547    31.3825     5.6680     55.263    7.13226     5.6659    24.7345   12.79329 3.6187e-02 0.0000e+00
        610  38.585848    0.04229     2.5375    152.250     56.017  50364.132    31.3823     5.6692     55.486    7.13207     5.6667    24.7343   12.79297 3.6180e-02 0.0000e+00
        611  38.585851    0.04236     2.5417    152.500     56.241  50363.350    31.3819     5.6702     55.708    7.13191     5.6672    24.7338   12.79273 3.6176e-02 0.0000e+00
        612  38.585854    0.04243     2.5458    152.750     56.464  50362.592    31.3814     5.6710     55.928    7.13180     5.6677    24.7334   12.79255 3.6174e-02 0.0000e+00
        613  38.585856    0.04250     2.5500    153.000     56.685  50362.195    31.3811     5.6716     56.147    7.13172     5.6680    24.7331   12.79241 3.6172e-02 0.0000e+00
        614  38.585859    0.04257     2.5542    153.250     56.906  50362.144    31.3811     5.6720     56.366    7.13165     5.6684    24.7330   12.79229 3.6172e-02 0.0000e+00
        615  38.585862    0.04264     2.5583    153.500     57.127  50362.314    31.3812     5.6724     56.585    7.13158     5.6687    24.7330   12.79218 3.6171e-02 0.0000e+00
        616  38.585865    0.04271     2.5625    153.750     57.347  50362.582    31.3813     5.6728     56.803    7.13151     5.6691    24.7331   12.79207 3.6171e-02 0.0000e+00
        617  38.585868    0.04278     2.5667    154.000     57.567  50362.852    31.3815     5.6731     57.020    7.13144     5.6694    24.7332   12.79195 3.6170e-02 0.0000e+00
        618  38.585871    0.04285     2.5708    154.250     57.786  50363.087    31.3816     5.6735     57.238    7.13138     5.6697    24.7333   12.79184 3.6170e-02 0.0000e+00
        619  38.585874    0.04292     2.5750    154.500     58.007  50363.335    31.3817     5.6738     57.457    7.13132     5.6700    24.7333   12.79174 3.6170e-02 0.0000e+00
        620  38.585877    0.04299     2.5792    154.750     58.229  50363.753    31.3820     5.6741     57.676    7.13125     5.6704    24.7335   12.79163 3.6170e-02 0.0000e+00
        621  38.585880    0.04306     2.5833    155.000     58.450  50364.373    31.3824     5.6745     57.896    7.13118     5.6710    24.7338   12.79150 3.6170e-02 0.0000e+00
        622  38.585883    0.04312     2.5875    155.250     58.671  50364.858    31.3827     5.6749     58.115    7.13108     5.6715    24.7340   12.79134 3.6170e-02 0.0000e+00
        623  38.585885    0.04319     2.5917    155.500     58.890  50364.963    31.3828     5.6755     58.331    7.13099     5.6720    24.7340   12.79117 3.6170e-02 0.0000e+00
        624  38.585888    0.04326     2.5958    155.750     59.106  50364.882    31.3827     5.6760     58.545    7.13089     5.6724    24.7339   12.79102 3.6170e-02 0.0000e+00
        625  38.585891    0.04333     2.6000    156.000     59.320  50364.900    31.3827     5.6765     58.757    7.13081     5.6728    24.7338   12.79088 3.6170e-02 0.0000e+00
        626  38.585894    0.04340     2.6042    156.250     59.533  50365.003    31.3828     5.6770     58.968    7.13073     5.6732    24.7338   12.79075 3.6170e-02 0.0000e+00
        627  38.585897    0.04347     2.6083    156.500     59.747  50365.036    31.3828     5.6774     59.179    7.13066     5.6736    24.7338   12.79063 3.6170e-02 0.0000e+00
        628  38.585900    0.04354     2.6125    156.750     59.961  50364.990    31.3828     5.6778     59.392    7.13059     5.6739    24.7337   12.79053 3.6170e-02 0.0000e+00
        629  38.585903    0.04361     2.6167    157.000     60.176  50364.891    31.3827     5.6782     59.605    7.13053     5.6741    24.7335   12.79043 3.6170e-02 0.0000e+00
        630  38.585906    0.04368     2.6208    157.250     60.391  50364.808    31.3826     5.6785     59.818    7.13048     5.6742    24.7334   12.79035 3.6170e-02 0.0000e+00
        631  38.585909    0.04375     2.6250    157.500     60.606  50364.803    31.3825     5.6787     60.031    7.13045     5.6744    24.7334   12.79029 3.6170e-02 0.0000e+00
        632  38.585911    0.04382     2.6292    157.750     60.822  50365.055    31.3826     5.6789     60.245    7.13041     5.6746    24.7334   12.79023 3.6170e-02 0.0000e+00
