CTD-processing/allCTD/CNV--turbid/2019_02-08_t3_s14_cast087.cnv
* Sea-Bird SBE19plus Data File:
* FileName = C:\Users\Kim.Powell\Desktop\Not Processed\2019\2019_02-08\2019_02-08_TRANSECT_STATION_cast087.hex
* Software Version 1.59
* Temperature SN =  4141
* Conductivity SN =  4141
* System UpLoad Time = Mar 19 2019 08:49:45
** 2018_02-08
** Station: 3-14
** Start Time: 15:35
** Depth (m): 30
** Comment:
** Comment:
# nquan = 16
# nvalues = 419                         
# units = specified
# name 0 = scan: Scan Count
# name 1 = timeJ: Julian Days
# name 2 = timeH: Time, Elapsed [hours]
# name 3 = timeM: Time, Elapsed [minutes]
# name 4 = timeS: Time, Elapsed [seconds]
# name 5 = prdM: Pressure, Strain Gauge [db]
# name 6 = specc: Specific Conductance [uS/cm]
# name 7 = sal00: Salinity, Practical [PSU]
# name 8 = tv290C: Temperature [ITS-90, deg C]
# name 9 = depSM: Depth [salt water, m], lat = 59.00
# name 10 = oxsolML/L: Oxygen Saturation, Garcia & Gordon [ml/l]
# name 11 = potemp090C: Potential Temperature [ITS-90, deg C]
# name 12 = sigma-é00: Density [sigma-theta, kg/m^3]
# name 13 = n2satML/L: Nitrogen Saturation [ml/l]
# name 14 = par: PAR/Irradiance, Biospherical/Licor
# name 15 = flag:  0.000e+00
# span 0 =          1,        419       
# span 1 =  39.649155,  39.650365       
# span 2 =    0.00000,    0.02903       
# span 3 =     0.0000,     1.7417       
# span 4 =      0.000,    104.500       
# span 5 =      0.817,     29.629       
# span 6 =  49994.516,  51200.754       
# span 7 =    31.0707,    31.7282       
# span 8 =     4.4866,     5.4588       
# span 9 =      0.810,     29.350       
# span 10 =    7.16880,    7.32010      
# span 11 =     4.8346,     5.4579      
# span 12 =    24.5342,    25.1355      
# span 13 =   12.85393,   13.09903      
# span 14 = 3.5875e-01, 7.1250e+01      
# span 15 = 0.0000e+00, 0.0000e+00      
# interval = seconds: 0.25
# start_time = Feb 08 2019 15:34:47 [Instrument's time stamp, header]
# bad_flag = -9.990e-29
*END*
          1  39.649155    0.00000     0.0000      0.000      0.817  51200.754    31.7282     4.4866      0.810    7.32010     4.8346    25.1355   13.09903 4.6000e+01 0.0000e+00
          2  39.649158    0.00007     0.0042      0.250      0.860  50982.561    31.6171     4.6581      0.852    7.29536     4.9782    25.0296   13.05962 5.0607e+01 0.0000e+00
          3  39.649161    0.00014     0.0083      0.500      0.886  50720.073    31.4764     4.8347      0.878    7.27125     5.0831    24.8997   13.02163 5.7709e+01 0.0000e+00
          4  39.649164    0.00021     0.0125      0.750      0.887  50458.114    31.3282     4.9783      0.878    7.25333     5.1574    24.7672   12.99395 6.5202e+01 0.0000e+00
          5  39.649167    0.00028     0.0167      1.000      0.875  50244.996    31.2048     5.0832      0.867    7.24101     5.2102    24.6584   12.97521 7.0484e+01 0.0000e+00
          6  39.649170    0.00035     0.0208      1.250      0.868  50105.961    31.1255     5.1574      0.860    7.23193     5.2474    24.5877   12.96124 7.1250e+01 0.0000e+00
          7  39.649172    0.00042     0.0250      1.500      0.878  50028.225    31.0834     5.2103      0.870    7.22478     5.2718    24.5488   12.94998 6.8161e+01 0.0000e+00
          8  39.649175    0.00049     0.0292      1.750      0.900  49998.134    31.0707     5.2474      0.891    7.21895     5.2865    24.5347   12.94051 6.5575e+01 0.0000e+00
          9  39.649178    0.00056     0.0333      2.000      0.922  49994.516    31.0734     5.2718      0.913    7.21460     5.2969    24.5342   12.93329 6.4497e+01 0.0000e+00
         10  39.649181    0.00063     0.0375      2.250      0.943  50015.189    31.0907     5.2866      0.934    7.21121     5.3071    24.5463   12.92746 6.3837e+01 0.0000e+00
         11  39.649184    0.00069     0.0417      2.500      0.962  50064.322    31.1267     5.2970      0.953    7.20769     5.3185    24.5736   12.92118 6.3655e+01 0.0000e+00
         12  39.649187    0.00076     0.0458      2.750      0.979  50117.254    31.1652     5.3072      0.970    7.20408     5.3308    24.6029   12.91472 6.3617e+01 0.0000e+00
         13  39.649190    0.00083     0.0500      3.000      0.989  50157.030    31.1949     5.3186      0.980    7.20068     5.3428    24.6252   12.90872 6.3503e+01 0.0000e+00
         14  39.649193    0.00090     0.0542      3.250      0.991  50183.324    31.2155     5.3309      0.982    7.19758     5.3537    24.6401   12.90334 6.3553e+01 0.0000e+00
         15  39.649196    0.00097     0.0583      3.500      0.984  50200.074    31.2295     5.3429      0.975    7.19485     5.3630    24.6499   12.89865 6.4206e+01 0.0000e+00
         16  39.649198    0.00104     0.0625      3.750      0.970  50208.958    31.2379     5.3538      0.961    7.19257     5.3707    24.6553   12.89479 6.5461e+01 0.0000e+00
         17  39.649201    0.00111     0.0667      4.000      0.956  50208.656    31.2396     5.3631      0.948    7.19090     5.3766    24.6556   12.89199 6.6469e+01 0.0000e+00
         18  39.649204    0.00118     0.0708      4.250      0.953  50198.103    31.2339     5.3708      0.944    7.18986     5.3806    24.6502   12.89035 6.6332e+01 0.0000e+00
         19  39.649207    0.00125     0.0750      4.500      0.966  50176.900    31.2205     5.3767      0.956    7.18948     5.3821    24.6390   12.88989 6.5320e+01 0.0000e+00
         20  39.649210    0.00132     0.0792      4.750      0.991  50143.301    31.1982     5.3807      0.982    7.18987     5.3808    24.6209   12.89082 6.4404e+01 0.0000e+00
         21  39.649213    0.00139     0.0833      5.000      1.019  50102.713    31.1706     5.3822      1.009    7.19093     5.3768    24.5989   12.89294 6.3854e+01 0.0000e+00
         22  39.649216    0.00146     0.0875      5.250      1.035  50077.885    31.1532     5.3809      1.025    7.19200     5.3722    24.5854   12.89492 6.3514e+01 0.0000e+00
         23  39.649219    0.00153     0.0917      5.500      1.032  50090.989    31.1614     5.3769      1.022    7.19229     5.3703    24.5923   12.89529 6.3729e+01 0.0000e+00
         24  39.649222    0.00160     0.0958      5.750      1.012  50136.836    31.1920     5.3723      1.002    7.19160     5.3726    24.6170   12.89377 6.4791e+01 0.0000e+00
         25  39.649225    0.00167     0.1000      6.000      0.986  50187.249    31.2263     5.3704      0.977    7.19029     5.3778    24.6444   12.89116 6.5896e+01 0.0000e+00
         26  39.649227    0.00174     0.1042      6.250      0.969  50220.198    31.2495     5.3727      0.960    7.18879     5.3842    24.6624   12.88839 6.5577e+01 0.0000e+00
         27  39.649230    0.00181     0.1083      6.500      0.970  50232.530    31.2590     5.3779      0.960    7.18743     5.3900    24.6693   12.88602 6.3495e+01 0.0000e+00
         28  39.649233    0.00187     0.1125      6.750      0.989  50229.394    31.2581     5.3843      0.980    7.18639     5.3945    24.6679   12.88431 6.0982e+01 0.0000e+00
         29  39.649236    0.00194     0.1167      7.000      1.021  50215.766    31.2499     5.3901      1.011    7.18579     5.3974    24.6608   12.88342 5.9236e+01 0.0000e+00
         30  39.649239    0.00201     0.1208      7.250      1.051  50196.472    31.2376     5.3946      1.041    7.18561     5.3992    24.6505   12.88328 5.8475e+01 0.0000e+00
         31  39.649242    0.00208     0.1250      7.500      1.066  50181.234    31.2277     5.3975      1.056    7.18558     5.4006    24.6424   12.88336 5.8837e+01 0.0000e+00
         32  39.649245    0.00215     0.1292      7.750      1.060  50181.388    31.2282     5.3993      1.050    7.18526     5.4019    24.6425   12.88282 5.9902e+01 0.0000e+00
         33  39.649248    0.00222     0.1333      8.000      1.035  50195.560    31.2382     5.4006      1.026    7.18455     5.4032    24.6503   12.88151 6.0668e+01 0.0000e+00
         34  39.649251    0.00229     0.1375      8.250      1.005  50211.561    31.2495     5.4020      0.996    7.18377     5.4046    24.6591   12.88009 6.0734e+01 0.0000e+00
         35  39.649253    0.00236     0.1417      8.500      0.984  50220.508    31.2560     5.4033      0.975    7.18323     5.4059    24.6641   12.87911 6.0395e+01 0.0000e+00
         36  39.649256    0.00243     0.1458      8.750      0.980  50219.695    31.2557     5.4047      0.971    7.18301     5.4067    24.6637   12.87875 6.0370e+01 0.0000e+00
         37  39.649259    0.00250     0.1500      9.000      0.990  50209.160    31.2487     5.4060      0.981    7.18313     5.4070    24.6580   12.87904 6.0876e+01 0.0000e+00
         38  39.649262    0.00257     0.1542      9.250      1.007  50192.152    31.2371     5.4068      0.998    7.18354     5.4071    24.6488   12.87987 6.1397e+01 0.0000e+00
         39  39.649265    0.00264     0.1583      9.500      1.022  50179.553    31.2285     5.4071      1.013    7.18391     5.4075    24.6420   12.88059 6.1872e+01 0.0000e+00
         40  39.649268    0.00271     0.1625      9.750      1.027  50182.210    31.2304     5.4072      1.018    7.18380     5.4082    24.6434   12.88038 6.2268e+01 0.0000e+00
         41  39.649271    0.00278     0.1667     10.000      1.021  50196.219    31.2401     5.4076      1.012    7.18326     5.4088    24.6511   12.87937 6.2478e+01 0.0000e+00
         42  39.649274    0.00285     0.1708     10.250      1.010  50209.612    31.2494     5.4083      1.000    7.18270     5.4094    24.6584   12.87833 6.2660e+01 0.0000e+00
         43  39.649277    0.00292     0.1750     10.500      1.001  50215.922    31.2539     5.4089      0.992    7.18238     5.4099    24.6619   12.87774 6.2568e+01 0.0000e+00
         44  39.649280    0.00299     0.1792     10.750      1.001  50213.634    31.2524     5.4095      0.992    7.18236     5.4102    24.6606   12.87772 6.2209e+01 0.0000e+00
         45  39.649282    0.00306     0.1833     11.000      1.010  50202.187    31.2447     5.4100      1.001    7.18264     5.4102    24.6544   12.87828 6.1641e+01 0.0000e+00
         46  39.649285    0.00313     0.1875     11.250      1.023  50180.496    31.2298     5.4103      1.013    7.18328     5.4097    24.6426   12.87954 6.0563e+01 0.0000e+00
         47  39.649288    0.00319     0.1917     11.500      1.031  50151.115    31.2096     5.4103      1.021    7.18426     5.4090    24.6267   12.88141 5.9496e+01 0.0000e+00
         48  39.649291    0.00326     0.1958     11.750      1.027  50128.066    31.1936     5.4098      1.018    7.18511     5.4083    24.6141   12.88302 5.9430e+01 0.0000e+00
         49  39.649294    0.00333     0.2000     12.000      1.011  50128.183    31.1936     5.4091      1.001    7.18523     5.4072    24.6141   12.88322 6.0499e+01 0.0000e+00
         50  39.649297    0.00340     0.2042     12.250      0.987  50149.975    31.2084     5.4084      0.978    7.18464     5.4048    24.6260   12.88206 6.2282e+01 0.0000e+00
         51  39.649300    0.00347     0.2083     12.500      0.969  50174.675    31.2252     5.4072      0.960    7.18403     5.4004    24.6394   12.88084 6.4378e+01 0.0000e+00
         52  39.649303    0.00354     0.2125     12.750      0.969  50185.994    31.2325     5.4049      0.960    7.18408     5.3925    24.6454   12.88083 6.5444e+01 0.0000e+00
         53  39.649306    0.00361     0.2167     13.000      0.989  50176.939    31.2254     5.4004      0.980    7.18519     5.3787    24.6402   12.88275 6.4085e+01 0.0000e+00
         54  39.649308    0.00368     0.2208     13.250      1.017  50151.616    31.2063     5.3925      1.008    7.18747     5.3570    24.6260   12.88675 6.1152e+01 0.0000e+00
         55  39.649311    0.00375     0.2250     13.500      1.033  50131.855    31.1899     5.3787      1.023    7.19061     5.3294    24.6146   12.89215 5.8230e+01 0.0000e+00
         56  39.649314    0.00382     0.2292     13.750      1.024  50140.866    31.1916     5.3570      1.014    7.19424     5.3030    24.6183   12.89813 5.5755e+01 0.0000e+00
         57  39.649317    0.00389     0.2333     14.000      0.990  50179.052    31.2122     5.3294      0.981    7.19799     5.2848    24.6377   12.90405 5.4148e+01 0.0000e+00
         58  39.649320    0.00396     0.2375     14.250      0.945  50229.249    31.2413     5.3030      0.936    7.20112     5.2781    24.6636   12.90885 5.4041e+01 0.0000e+00
         59  39.649323    0.00403     0.2417     14.500      0.908  50274.014    31.2684     5.2849      0.899    7.20293     5.2812    24.6870   12.91150 5.3665e+01 0.0000e+00
         60  39.649326    0.00410     0.2458     14.750      0.894  50297.514    31.2832     5.2782      0.885    7.20336     5.2874    24.6995   12.91201 5.0845e+01 0.0000e+00
         61  39.649329    0.00417     0.2500     15.000      0.906  50286.830    31.2765     5.2813      0.898    7.20315     5.2891    24.6939   12.91176 4.7460e+01 0.0000e+00
         62  39.649332    0.00424     0.2542     15.250      0.936  50252.616    31.2542     5.2874      0.927    7.20316     5.2828    24.6756   12.91206 4.6320e+01 0.0000e+00
         63  39.649334    0.00431     0.2583     15.500      0.967  50226.143    31.2364     5.2892      0.957    7.20372     5.2708    24.6612   12.91321 4.8005e+01 0.0000e+00
         64  39.649337    0.00438     0.2625     15.750      0.990  50225.617    31.2347     5.2828      0.980    7.20489     5.2592    24.6606   12.91517 5.1234e+01 0.0000e+00
         65  39.649340    0.00444     0.2667     16.000      1.000  50247.456    31.2472     5.2708      0.990    7.20635     5.2532    24.6718   12.91742 5.4045e+01 0.0000e+00
         66  39.649343    0.00451     0.2708     16.250      0.999  50278.368    31.2660     5.2592      0.989    7.20744     5.2556    24.6880   12.91898 5.5909e+01 0.0000e+00
         67  39.649346    0.00458     0.2750     16.500      0.987  50304.906    31.2831     5.2533      0.978    7.20765     5.2661    24.7021   12.91910 5.7357e+01 0.0000e+00
         68  39.649349    0.00465     0.2792     16.750      0.971  50319.179    31.2934     5.2556      0.961    7.20675     5.2822    24.7100   12.91749 5.8835e+01 0.0000e+00
         69  39.649352    0.00472     0.2833     17.000      0.956  50317.869    31.2947     5.2662      0.947    7.20488     5.3000    24.7099   12.91437 6.0384e+01 0.0000e+00
         70  39.649355    0.00479     0.2875     17.250      0.950  50301.366    31.2867     5.2823      0.941    7.20249     5.3162    24.7018   12.91054 6.1666e+01 0.0000e+00
         71  39.649358    0.00486     0.2917     17.500      0.956  50272.702    31.2706     5.3001      0.947    7.20020     5.3284    24.6871   12.90697 6.2349e+01 0.0000e+00
         72  39.649361    0.00493     0.2958     17.750      0.972  50233.187    31.2468     5.3163      0.963    7.19857     5.3352    24.6665   12.90458 6.2352e+01 0.0000e+00
         73  39.649363    0.00500     0.3000     18.000      0.990  50186.427    31.2172     5.3285      0.981    7.19790     5.3357    24.6417   12.90385 6.2045e+01 0.0000e+00
         74  39.649366    0.00507     0.3042     18.250      1.001  50145.171    31.1902     5.3353      0.991    7.19802     5.3298    24.6196   12.90440 6.1588e+01 0.0000e+00
         75  39.649369    0.00514     0.3083     18.500      0.996  50125.369    31.1767     5.3358      0.986    7.19859     5.3206    24.6089   12.90550 6.0901e+01 0.0000e+00
         76  39.649372    0.00521     0.3125     18.750      0.976  50136.144    31.1829     5.3299      0.967    7.19930     5.3135    24.6144   12.90660 6.0837e+01 0.0000e+00
         77  39.649375    0.00528     0.3167     19.000      0.950  50171.828    31.2055     5.3207      0.941    7.19980     5.3123    24.6334   12.90714 6.2149e+01 0.0000e+00
         78  39.649378    0.00535     0.3208     19.250      0.930  50211.111    31.2311     5.3136      0.921    7.19979     5.3161    24.6544   12.90679 6.3905e+01 0.0000e+00
         79  39.649381    0.00542     0.3250     19.500      0.924  50229.895    31.2437     5.3124      0.915    7.19939     5.3206    24.6645   12.90596 6.4875e+01 0.0000e+00
         80  39.649384    0.00549     0.3292     19.750      0.935  50215.841    31.2348     5.3162      0.926    7.19916     5.3208    24.6571   12.90570 6.4828e+01 0.0000e+00
         81  39.649387    0.00556     0.3333     20.000      0.959  50179.111    31.2105     5.3207      0.950    7.19956     5.3128    24.6373   12.90668 6.4179e+01 0.0000e+00
         82  39.649389    0.00562     0.3375     20.250      0.986  50146.261    31.1879     5.3209      0.976    7.20062     5.2963    24.6194   12.90872 6.3363e+01 0.0000e+00
         83  39.649392    0.00569     0.3417     20.500      1.005  50137.419    31.1802     5.3129      0.995    7.20236     5.2761    24.6142   12.91170 6.2451e+01 0.0000e+00
         84  39.649395    0.00576     0.3458     20.750      1.008  50156.820    31.1901     5.2964      0.998    7.20471     5.2588    24.6239   12.91544 6.1547e+01 0.0000e+00
         85  39.649398    0.00583     0.3500     21.000      0.995  50197.551    31.2140     5.2762      0.986    7.20703     5.2491    24.6449   12.91897 6.1625e+01 0.0000e+00
         86  39.649401    0.00590     0.3542     21.250      0.971  50246.528    31.2441     5.2589      0.961    7.20855     5.2489    24.6707   12.92110 6.3146e+01 0.0000e+00
         87  39.649404    0.00597     0.3583     21.500      0.945  50288.639    31.2710     5.2492      0.936    7.20892     5.2566    24.6931   12.92136 6.4565e+01 0.0000e+00
         88  39.649407    0.00604     0.3625     21.750      0.931  50310.397    31.2859     5.2489      0.922    7.20825     5.2673    24.7049   12.92006 6.4814e+01 0.0000e+00
         89  39.649410    0.00611     0.3667     22.000      0.935  50301.598    31.2815     5.2566      0.926    7.20715     5.2751    24.7005   12.91829 6.4474e+01 0.0000e+00
         90  39.649413    0.00618     0.3708     22.250      0.953  50265.041    31.2586     5.2674      0.944    7.20640     5.2749    24.6812   12.91735 6.4068e+01 0.0000e+00
