CTD-processing/allCTD/CNV--turbid/2019_03-19_alongbay_skb10_cast094.cnv
* Sea-Bird SBE19plus Data File:
* FileName = C:\Users\Kim.Powell\Desktop\Not Processed\2019\2019_03-19_AlongBay, T9_4141\2019_03-19_TRANSECT_STATION_cast094.hex
* Software Version 1.59
* Temperature SN =  4141
* Conductivity SN =  4141
* System UpLoad Time = Mar 20 2019 08:26:49
** 2018_03-19
** Station: KB10
** Start Time: 10:48
** Depth (m): 63.4
** Comment:**CTD time was 1 hour behind**
** Comment:
# nquan = 16
# nvalues = 586                         
# units = specified
# name 0 = scan: Scan Count
# name 1 = timeJ: Julian Days
# name 2 = timeH: Time, Elapsed [hours]
# name 3 = timeM: Time, Elapsed [minutes]
# name 4 = timeS: Time, Elapsed [seconds]
# name 5 = prdM: Pressure, Strain Gauge [db]
# name 6 = specc: Specific Conductance [uS/cm]
# name 7 = sal00: Salinity, Practical [PSU]
# name 8 = tv290C: Temperature [ITS-90, deg C]
# name 9 = depSM: Depth [salt water, m], lat = 59.00
# name 10 = oxsolML/L: Oxygen Saturation, Garcia & Gordon [ml/l]
# name 11 = potemp090C: Potential Temperature [ITS-90, deg C]
# name 12 = sigma-é00: Density [sigma-theta, kg/m^3]
# name 13 = n2satML/L: Nitrogen Saturation [ml/l]
# name 14 = par: PAR/Irradiance, Biospherical/Licor
# name 15 = flag:  0.000e+00
# span 0 =          1,        586       
# span 1 =  78.408692,  78.410385       
# span 2 =    0.00000,    0.04063       
# span 3 =     0.0000,     2.4375       
# span 4 =      0.000,    146.250       
# span 5 =      0.730,     60.984       
# span 6 =  49751.155,  50838.145       
# span 7 =    30.7913,    31.6544       
# span 8 =     4.4397,     5.4137       
# span 9 =      0.723,     60.405       
# span 10 =    7.16248,    7.36803      
# span 11 =     4.4397,     5.4091      
# span 12 =    24.3691,    24.9800      
# span 13 =   12.83976,   13.18875      
# span 14 = 3.6170e-02, 5.8323e+01      
# span 15 = 0.0000e+00, 0.0000e+00      
# interval = seconds: 0.25
# start_time = Mar 19 2019 09:48:31 [Instrument's time stamp, header]
# bad_flag = -9.990e-29
*END*
[from data line 543]
        544  78.410263    0.03771     2.2625    135.750     53.530  50826.934    31.6457     5.3920     53.023    7.16651     5.3887    24.9741   12.84650 3.6170e-02 0.0000e+00
        545  78.410266    0.03778     2.2667    136.000     53.728  50827.230    31.6458     5.3923     53.219    7.16645     5.3891    24.9742   12.84639 3.6170e-02 0.0000e+00
        546  78.410269    0.03785     2.2708    136.250     53.920  50827.778    31.6462     5.3927     53.409    7.16637     5.3897    24.9744   12.84625 3.6170e-02 0.0000e+00
        547  78.410272    0.03792     2.2750    136.500     54.106  50828.458    31.6467     5.3932     53.592    7.16626     5.3904    24.9747   12.84607 3.6170e-02 0.0000e+00
        548  78.410275    0.03799     2.2792    136.750     54.288  50829.109    31.6471     5.3938     53.773    7.16613     5.3913    24.9751   12.84586 3.6170e-02 0.0000e+00
        549  78.410278    0.03806     2.2833    137.000     54.472  50830.127    31.6479     5.3945     53.956    7.16597     5.3926    24.9756   12.84558 3.6170e-02 0.0000e+00
        550  78.410281    0.03812     2.2875    137.250     54.660  50832.125    31.6494     5.3954     54.141    7.16575     5.3943    24.9766   12.84519 3.6170e-02 0.0000e+00
        551  78.410284    0.03819     2.2917    137.500     54.850  50835.092    31.6516     5.3967     54.330    7.16543     5.3966    24.9782   12.84464 3.6170e-02 0.0000e+00
        552  78.410286    0.03826     2.2958    137.750     55.041  50837.581    31.6536     5.3985     54.519    7.16503     5.3989    24.9796   12.84396 3.6170e-02 0.0000e+00
        553  78.410289    0.03833     2.3000    138.000     55.230  50838.145    31.6544     5.4008     54.706    7.16461     5.4008    24.9800   12.84326 3.6170e-02 0.0000e+00
        554  78.410292    0.03840     2.3042    138.250     55.417  50837.061    31.6540     5.4030     54.891    7.16424     5.4023    24.9794   12.84265 3.6170e-02 0.0000e+00
        555  78.410295    0.03847     2.3083    138.500     55.602  50835.369    31.6532     5.4050     55.074    7.16395     5.4033    24.9785   12.84218 3.6170e-02 0.0000e+00
        556  78.410298    0.03854     2.3125    138.750     55.788  50833.800    31.6523     5.4065     55.258    7.16374     5.4040    24.9777   12.84184 3.6170e-02 0.0000e+00
        557  78.410301    0.03861     2.3167    139.000     55.974  50832.641    31.6517     5.4075     55.442    7.16359     5.4044    24.9771   12.84160 3.6170e-02 0.0000e+00
        558  78.410304    0.03868     2.3208    139.250     56.158  50831.933    31.6512     5.4082     55.625    7.16350     5.4046    24.9766   12.84145 3.6170e-02 0.0000e+00
        559  78.410307    0.03875     2.3250    139.500     56.341  50831.616    31.6510     5.4086     55.806    7.16344     5.4048    24.9764   12.84135 3.6170e-02 0.0000e+00
        560  78.410310    0.03882     2.3292    139.750     56.523  50831.499    31.6509     5.4089     55.987    7.16340     5.4049    24.9763   12.84129 3.6170e-02 0.0000e+00
        561  78.410313    0.03889     2.3333    140.000     56.708  50831.513    31.6508     5.4091     56.170    7.16336     5.4051    24.9762   12.84124 3.6170e-02 0.0000e+00
        562  78.410315    0.03896     2.3375    140.250     56.897  50831.617    31.6508     5.4092     56.357    7.16333     5.4052    24.9762   12.84119 3.6170e-02 0.0000e+00
        563  78.410318    0.03903     2.3417    140.500     57.092  50831.680    31.6508     5.4094     56.550    7.16331     5.4053    24.9762   12.84115 3.6170e-02 0.0000e+00
        564  78.410321    0.03910     2.3458    140.750     57.290  50831.704    31.6508     5.4095     56.747    7.16329     5.4053    24.9762   12.84112 3.6170e-02 0.0000e+00
        565  78.410324    0.03917     2.3500    141.000     57.490  50831.870    31.6508     5.4096     56.944    7.16328     5.4053    24.9762   12.84109 3.6170e-02 0.0000e+00
        566  78.410327    0.03924     2.3542    141.250     57.689  50832.464    31.6511     5.4096     57.141    7.16326     5.4055    24.9764   12.84106 3.6170e-02 0.0000e+00
        567  78.410330    0.03931     2.3583    141.500     57.887  50833.505    31.6518     5.4097     57.338    7.16322     5.4058    24.9769   12.84098 3.6170e-02 0.0000e+00
        568  78.410333    0.03938     2.3625    141.750     58.087  50834.384    31.6523     5.4098     57.537    7.16316     5.4061    24.9773   12.84088 3.6170e-02 0.0000e+00
        569  78.410336    0.03944     2.3667    142.000     58.290  50834.680    31.6525     5.4102     57.737    7.16310     5.4065    24.9774   12.84077 3.6170e-02 0.0000e+00
        570  78.410339    0.03951     2.3708    142.250     58.491  50834.748    31.6525     5.4105     57.936    7.16303     5.4068    24.9774   12.84067 3.6170e-02 0.0000e+00
        571  78.410341    0.03958     2.3750    142.500     58.688  50834.895    31.6526     5.4109     58.131    7.16297     5.4072    24.9774   12.84056 3.6170e-02 0.0000e+00
        572  78.410344    0.03965     2.3792    142.750     58.879  50834.945    31.6526     5.4112     58.320    7.16290     5.4075    24.9774   12.84045 3.6170e-02 0.0000e+00
        573  78.410347    0.03972     2.3833    143.000     59.063  50834.852    31.6525     5.4116     58.502    7.16285     5.4077    24.9773   12.84036 3.6170e-02 0.0000e+00
        574  78.410350    0.03979     2.3875    143.250     59.246  50834.742    31.6524     5.4119     58.683    7.16280     5.4080    24.9772   12.84029 3.6170e-02 0.0000e+00
        575  78.410353    0.03986     2.3917    143.500     59.429  50834.651    31.6523     5.4122     58.864    7.16276     5.4082    24.9771   12.84022 3.6170e-02 0.0000e+00
        576  78.410356    0.03993     2.3958    143.750     59.613  50834.662    31.6523     5.4124     59.047    7.16272     5.4083    24.9770   12.84016 3.6170e-02 0.0000e+00
        577  78.410359    0.04000     2.4000    144.000     59.794  50834.800    31.6523     5.4126     59.227    7.16268     5.4085    24.9770   12.84010 3.6170e-02 0.0000e+00
        578  78.410362    0.04007     2.4042    144.250     59.970  50834.999    31.6524     5.4128     59.401    7.16265     5.4086    24.9771   12.84004 3.6170e-02 0.0000e+00
        579  78.410365    0.04014     2.4083    144.500     60.140  50835.183    31.6525     5.4130     59.569    7.16261     5.4087    24.9771   12.83998 3.6170e-02 0.0000e+00
        580  78.410367    0.04021     2.4125    144.750     60.303  50835.330    31.6526     5.4132     59.730    7.16258     5.4089    24.9772   12.83992 3.6170e-02 0.0000e+00
        581  78.410370    0.04028     2.4167    145.000     60.460  50835.419    31.6526     5.4133     59.886    7.16255     5.4090    24.9772   12.83988 3.6170e-02 0.0000e+00
        582  78.410373    0.04035     2.4208    145.250     60.609  50835.383    31.6525     5.4135     60.034    7.16253     5.4090    24.9771   12.83984 3.6170e-02 0.0000e+00
        583  78.410376    0.04042     2.4250    145.500     60.747  50835.310    31.6524     5.4136     60.170    7.16252     5.4091    24.9770   12.83982 3.6170e-02 0.0000e+00
        584  78.410379    0.04049     2.4292    145.750     60.866  50835.376    31.6524     5.4136     60.288    7.16250     5.4091    24.9770   12.83980 3.6170e-02 0.0000e+00
        585  78.410382    0.04056     2.4333    146.000     60.952  50835.563    31.6525     5.4137     60.373    7.16249 -9.990e-29    24.9771   12.83977 3.6170e-02 0.0000e+00
        586  78.410385    0.04063     2.4375    146.250     60.984  50835.666    31.6526     5.4137     60.405    7.16248 -9.990e-29    24.9772   12.83976 3.6170e-02 0.0000e+00
