CTD-processing/allCTD/CNV--turbid/2019_03-19_alongbay_skb02_cast102.cnv
* Sea-Bird SBE19plus Data File:
* FileName = C:\Users\Kim.Powell\Desktop\Not Processed\2019\2019_03-19_AlongBay, T9_4141\2019_03-19_TRANSECT_STATION_cast102.hex
* Software Version 1.59
* Temperature SN =  4141
* Conductivity SN =  4141
* System UpLoad Time = Mar 20 2019 08:37:35
** 2018_03-19
** Station: KB02
** Start Time: 13:13
** Depth (m): 128.1
** Comment:**CTD time was 1 hour behind**
** Comment:
# nquan = 16
# nvalues = 827                         
# units = specified
# name 0 = scan: Scan Count
# name 1 = timeJ: Julian Days
# name 2 = timeH: Time, Elapsed [hours]
# name 3 = timeM: Time, Elapsed [minutes]
# name 4 = timeS: Time, Elapsed [seconds]
# name 5 = prdM: Pressure, Strain Gauge [db]
# name 6 = specc: Specific Conductance [uS/cm]
# name 7 = sal00: Salinity, Practical [PSU]
# name 8 = tv290C: Temperature [ITS-90, deg C]
# name 9 = depSM: Depth [salt water, m], lat = 59.00
# name 10 = oxsolML/L: Oxygen Saturation, Garcia & Gordon [ml/l]
# name 11 = potemp090C: Potential Temperature [ITS-90, deg C]
# name 12 = sigma-é00: Density [sigma-theta, kg/m^3]
# name 13 = n2satML/L: Nitrogen Saturation [ml/l]
# name 14 = par: PAR/Irradiance, Biospherical/Licor
# name 15 = flag:  0.000e+00
# span 0 =          1,        827       
# span 1 =  78.509769,  78.512159       
# span 2 =    0.00000,    0.05736       
# span 3 =     0.0000,     3.4417       
# span 4 =      0.000,    206.500       
# span 5 =      0.138,    124.135       
# span 6 =  21535.328,  51002.742       
# span 7 =    13.1582,    31.7914       
# span 8 =     3.4728,     5.6646       
# span 9 =      0.137,    122.937       
# span 10 =    7.11357,    8.56642      
# span 11 =     4.0032,     5.6562      
# span 12 =    10.4316,    25.0586      
# span 13 =   12.75723,   15.44794      
# span 14 = 3.6170e-02, 3.0541e+02      
# span 15 = 0.0000e+00, 0.0000e+00      
# interval = seconds: 0.25
# start_time = Mar 19 2019 12:14:04 [Instrument's time stamp, header]
# bad_flag = -9.990e-29
*END*
[from data line 272]
        273  78.510556    0.01889     1.1333     68.000      1.577  50879.181    31.7576     5.6386      1.562    7.11943     5.6393    25.0340   12.76731 1.1020e+02 0.0000e+00
        274  78.510558    0.01896     1.1375     68.250      1.813  50879.931    31.7581     5.6390      1.796    7.11933     5.6395    25.0343   12.76714 1.0292e+02 0.0000e+00
        275  78.510561    0.01903     1.1417     68.500      2.059  50880.359    31.7584     5.6394      2.040    7.11925     5.6397    25.0345   12.76700 9.6748e+01 0.0000e+00
        276  78.510564    0.01910     1.1458     68.750      2.309  50880.896    31.7587     5.6397      2.287    7.11919     5.6398    25.0347   12.76689 9.1634e+01 0.0000e+00
        277  78.510567    0.01917     1.1500     69.000      2.557  50882.023    31.7594     5.6399      2.533    7.11913     5.6399    25.0352   12.76678 8.7137e+01 0.0000e+00
        278  78.510570    0.01924     1.1542     69.250      2.801  50883.473    31.7603     5.6400      2.775    7.11906     5.6400    25.0359   12.76666 8.3100e+01 0.0000e+00
        279  78.510573    0.01931     1.1583     69.500      3.042  50884.829    31.7611     5.6401      3.014    7.11900     5.6401    25.0366   12.76655 7.9603e+01 0.0000e+00
        280  78.510576    0.01938     1.1625     69.750      3.284  50886.029    31.7619     5.6402      3.253    7.11895     5.6402    25.0371   12.76645 7.6844e+01 0.0000e+00
        281  78.510579    0.01944     1.1667     70.000      3.527  50887.019    31.7625     5.6404      3.494    7.11890     5.6403    25.0376   12.76637 7.4878e+01 0.0000e+00
        282  78.510582    0.01951     1.1708     70.250      3.774  50887.889    31.7630     5.6405      3.739    7.11886     5.6404    25.0380   12.76629 7.3592e+01 0.0000e+00
        283  78.510584    0.01958     1.1750     70.500      4.025  50888.813    31.7635     5.6406      3.988    7.11881     5.6405    25.0384   12.76620 7.2893e+01 0.0000e+00
        284  78.510587    0.01965     1.1792     70.750      4.281  50889.709    31.7640     5.6407      4.241    7.11876     5.6406    25.0388   12.76612 7.2611e+01 0.0000e+00
        285  78.510590    0.01972     1.1833     71.000      4.540  50890.441    31.7644     5.6408      4.498    7.11873     5.6407    25.0391   12.76606 7.2618e+01 0.0000e+00
        286  78.510593    0.01979     1.1875     71.250      4.802  50891.003    31.7647     5.6409      4.757    7.11869     5.6408    25.0394   12.76600 7.2977e+01 0.0000e+00
        287  78.510596    0.01986     1.1917     71.500      5.065  50891.625    31.7650     5.6411      5.018    7.11866     5.6409    25.0396   12.76593 7.3729e+01 0.0000e+00
        288  78.510599    0.01993     1.1958     71.750      5.328  50892.669    31.7656     5.6412      5.278    7.11861     5.6411    25.0401   12.76584 7.4683e+01 0.0000e+00
        289  78.510602    0.02000     1.2000     72.000      5.589  50894.092    31.7665     5.6414      5.536    7.11854     5.6413    25.0407   12.76572 7.5487e+01 0.0000e+00
        290  78.510605    0.02007     1.2042     72.250      5.844  50895.291    31.7673     5.6416      5.789    7.11847     5.6415    25.0413   12.76559 7.5919e+01 0.0000e+00
        291  78.510608    0.02014     1.2083     72.500      6.092  50895.820    31.7676     5.6418      6.035    7.11842     5.6415    25.0415   12.76551 7.5963e+01 0.0000e+00
        292  78.510611    0.02021     1.2125     72.750      6.333  50895.793    31.7675     5.6420      6.274    7.11839     5.6415    25.0414   12.76547 7.5710e+01 0.0000e+00
        293  78.510613    0.02028     1.2167     73.000      6.571  50895.539    31.7672     5.6421      6.510    7.11839     5.6415    25.0412   12.76547 7.5290e+01 0.0000e+00
        294  78.510616    0.02035     1.2208     73.250      6.807  50895.417    31.7670     5.6421      6.744    7.11840     5.6415    25.0410   12.76548 7.4808e+01 0.0000e+00
        295  78.510619    0.02042     1.2250     73.500      7.043  50895.563    31.7670     5.6421      6.978    7.11840     5.6415    25.0410   12.76549 7.4313e+01 0.0000e+00
        296  78.510622    0.02049     1.2292     73.750      7.281  50896.165    31.7673     5.6421      7.214    7.11839     5.6416    25.0413   12.76546 7.3817e+01 0.0000e+00
        297  78.510625    0.02056     1.2333     74.000      7.520  50897.564    31.7682     5.6421      7.450    7.11834     5.6418    25.0419   12.76538 7.3298e+01 0.0000e+00
        298  78.510628    0.02063     1.2375     74.250      7.759  50899.346    31.7693     5.6422      7.687    7.11827     5.6420    25.0428   12.76524 7.2729e+01 0.0000e+00
        299  78.510631    0.02069     1.2417     74.500      7.998  50900.995    31.7704     5.6424      7.924    7.11819     5.6423    25.0437   12.76509 7.2106e+01 0.0000e+00
        300  78.510634    0.02076     1.2458     74.750      8.237  50902.422    31.7713     5.6427      8.160    7.11809     5.6426    25.0444   12.76493 7.1426e+01 0.0000e+00
        301  78.510637    0.02083     1.2500     75.000      8.474  50903.350    31.7719     5.6430      8.394    7.11801     5.6427    25.0448   12.76479 7.0643e+01 0.0000e+00
        302  78.510639    0.02090     1.2542     75.250      8.709  50903.784    31.7721     5.6432      8.627    7.11796     5.6427    25.0449   12.76469 6.9707e+01 0.0000e+00
        303  78.510642    0.02097     1.2583     75.500      8.943  50904.163    31.7723     5.6433      8.859    7.11793     5.6428    25.0451   12.76464 6.8617e+01 0.0000e+00
        304  78.510645    0.02104     1.2625     75.750      9.178  50904.828    31.7726     5.6434      9.092    7.11790     5.6428    25.0453   12.76459 6.7419e+01 0.0000e+00
        305  78.510648    0.02111     1.2667     76.000      9.416  50905.474    31.7730     5.6435      9.328    7.11787     5.6429    25.0456   12.76454 6.6155e+01 0.0000e+00
        306  78.510651    0.02118     1.2708     76.250      9.658  50905.505    31.7729     5.6436      9.568    7.11786     5.6429    25.0456   12.76453 6.4844e+01 0.0000e+00
        307  78.510654    0.02125     1.2750     76.500      9.904  50905.367    31.7727     5.6436      9.811    7.11786     5.6430    25.0454   12.76453 6.3488e+01 0.0000e+00
        308  78.510657    0.02132     1.2792     76.750     10.150  50905.981    31.7730     5.6437     10.055    7.11784     5.6432    25.0456   12.76449 6.2124e+01 0.0000e+00
        309  78.510660    0.02139     1.2833     77.000     10.396  50906.966    31.7736     5.6438     10.298    7.11780     5.6435    25.0461   12.76441 6.0809e+01 0.0000e+00
        310  78.510663    0.02146     1.2875     77.250     10.638  50907.617    31.7739     5.6440     10.538    7.11774     5.6439    25.0463   12.76430 5.9574e+01 0.0000e+00
        311  78.510666    0.02153     1.2917     77.500     10.873  50908.092    31.7742     5.6444     10.771    7.11767     5.6443    25.0465   12.76418 5.8425e+01 0.0000e+00
        312  78.510668    0.02160     1.2958     77.750     11.096  50908.516    31.7745     5.6447     10.991    7.11759     5.6445    25.0467   12.76405 5.7360e+01 0.0000e+00
        313  78.510671    0.02167     1.3000     78.000     11.304  50908.723    31.7746     5.6451     11.198    7.11753     5.6447    25.0467   12.76394 5.6380e+01 0.0000e+00
        314  78.510674    0.02174     1.3042     78.250     11.501  50908.694    31.7746     5.6454     11.393    7.11748     5.6448    25.0467   12.76387 5.5462e+01 0.0000e+00
        315  78.510677    0.02181     1.3083     78.500     11.693  50908.630    31.7745     5.6456     11.584    7.11745     5.6449    25.0466   12.76383 5.4558e+01 0.0000e+00
        316  78.510680    0.02187     1.3125     78.750     11.890  50908.738    31.7745     5.6457     11.779    7.11743     5.6449    25.0466   12.76379 5.3615e+01 0.0000e+00
        317  78.510683    0.02194     1.3167     79.000     12.100  50909.272    31.7748     5.6458     11.986    7.11741     5.6450    25.0468   12.76374 5.2595e+01 0.0000e+00
        318  78.510686    0.02201     1.3208     79.250     12.324  50910.225    31.7753     5.6459     12.208    7.11736     5.6452    25.0472   12.76366 5.1487e+01 0.0000e+00
        319  78.510689    0.02208     1.3250     79.500     12.560  50911.191    31.7759     5.6460     12.442    7.11731     5.6453    25.0477   12.76357 5.0311e+01 0.0000e+00
        320  78.510692    0.02215     1.3292     79.750     12.801  50911.942    31.7763     5.6461     12.681    7.11727     5.6455    25.0480   12.76349 4.9100e+01 0.0000e+00
        321  78.510694    0.02222     1.3333     80.000     13.041  50912.648    31.7768     5.6463     12.919    7.11722     5.6458    25.0483   12.76341 4.7895e+01 0.0000e+00
        322  78.510697    0.02229     1.3375     80.250     13.278  50913.760    31.7775     5.6465     13.153    7.11715     5.6462    25.0489   12.76329 4.6730e+01 0.0000e+00
        323  78.510700    0.02236     1.3417     80.500     13.512  50915.979    31.7789     5.6467     13.385    7.11704     5.6468    25.0500   12.76309 4.5621e+01 0.0000e+00
        324  78.510703    0.02243     1.3458     80.750     13.747  50919.430    31.7813     5.6472     13.618    7.11686     5.6475    25.0518   12.76276 4.4561e+01 0.0000e+00
        325  78.510706    0.02250     1.3500     81.000     13.984  50922.779    31.7836     5.6478     13.853    7.11664     5.6483    25.0536   12.76237 4.3530e+01 0.0000e+00
        326  78.510709    0.02257     1.3542     81.250     14.225  50924.487    31.7848     5.6486     14.091    7.11645     5.6489    25.0545   12.76204 4.2514e+01 0.0000e+00
        327  78.510712    0.02264     1.3583     81.500     14.465  50924.368    31.7848     5.6494     14.329    7.11632     5.6492    25.0543   12.76182 4.1513e+01 0.0000e+00
        328  78.510715    0.02271     1.3625     81.750     14.700  50923.566    31.7842     5.6500     14.562    7.11625     5.6494    25.0538   12.76171 4.0543e+01 0.0000e+00
        329  78.510718    0.02278     1.3667     82.000     14.925  50923.206    31.7839     5.6503     14.784    7.11620     5.6496    25.0536   12.76164 3.9621e+01 0.0000e+00
        330  78.510720    0.02285     1.3708     82.250     15.136  50923.638    31.7842     5.6506     14.994    7.11615     5.6499    25.0537   12.76155 3.8765e+01 0.0000e+00
        331  78.510723    0.02292     1.3750     82.500     15.334  50924.765    31.7850     5.6508     15.190    7.11608     5.6502    25.0543   12.76142 3.7975e+01 0.0000e+00
        332  78.510726    0.02299     1.3792     82.750     15.523  50926.039    31.7858     5.6511     15.378    7.11600     5.6505    25.0549   12.76128 3.7237e+01 0.0000e+00
        333  78.510729    0.02306     1.3833     83.000     15.711  50927.151    31.7865     5.6514     15.563    7.11591     5.6508    25.0555   12.76113 3.6521e+01 0.0000e+00
        334  78.510732    0.02313     1.3875     83.250     15.903  50928.192    31.7872     5.6517     15.754    7.11582     5.6512    25.0560   12.76097 3.5806e+01 0.0000e+00
        335  78.510735    0.02319     1.3917     83.500     16.106  50929.074    31.7878     5.6521     15.955    7.11573     5.6516    25.0564   12.76081 3.5077e+01 0.0000e+00
        336  78.510738    0.02326     1.3958     83.750     16.319  50929.714    31.7882     5.6525     16.165    7.11564     5.6520    25.0567   12.76066 3.4337e+01 0.0000e+00
        337  78.510741    0.02333     1.4000     84.000     16.537  50930.040    31.7884     5.6529     16.381    7.11557     5.6523    25.0568   12.76053 3.3593e+01 0.0000e+00
        338  78.510744    0.02340     1.4042     84.250     16.754  50930.029    31.7883     5.6533     16.596    7.11551     5.6526    25.0567   12.76043 3.2864e+01 0.0000e+00
        339  78.510747    0.02347     1.4083     84.500     16.965  50929.768    31.7881     5.6536     16.805    7.11546     5.6528    25.0565   12.76036 3.2169e+01 0.0000e+00
        340  78.510749    0.02354     1.4125     84.750     17.169  50929.514    31.7879     5.6539     17.008    7.11542     5.6529    25.0563   12.76030 3.1513e+01 0.0000e+00
        341  78.510752    0.02361     1.4167     85.000     17.371  50929.561    31.7879     5.6541     17.208    7.11538     5.6531    25.0562   12.76023 3.0884e+01 0.0000e+00
        342  78.510755    0.02368     1.4208     85.250     17.572  50929.953    31.7881     5.6543     17.407    7.11534     5.6532    25.0564   12.76016 3.0264e+01 0.0000e+00
        343  78.510758    0.02375     1.4250     85.500     17.775  50930.598    31.7885     5.6545     17.608    7.11530     5.6533    25.0567   12.76008 2.9645e+01 0.0000e+00
        344  78.510761    0.02382     1.4292     85.750     17.978  50931.199    31.7889     5.6546     17.809    7.11526     5.6533    25.0570   12.76002 2.9023e+01 0.0000e+00
        345  78.510764    0.02389     1.4333     86.000     18.179  50931.593    31.7890     5.6547     18.008    7.11523     5.6534    25.0571   12.75997 2.8402e+01 0.0000e+00
        346  78.510767    0.02396     1.4375     86.250     18.376  50931.847    31.7891     5.6548     18.204    7.11521     5.6536    25.0572   12.75994 2.7791e+01 0.0000e+00
        347  78.510770    0.02403     1.4417     86.500     18.571  50931.913    31.7891     5.6549     18.396    7.11519     5.6537    25.0571   12.75991 2.7199e+01 0.0000e+00
        348  78.510773    0.02410     1.4458     86.750     18.765  50931.857    31.7890     5.6550     18.588    7.11518     5.6537    25.0570   12.75988 2.6627e+01 0.0000e+00
        349  78.510775    0.02417     1.4500     87.000     18.961  50931.696    31.7888     5.6551     18.783    7.11517     5.6537    25.0569   12.75987 2.6073e+01 0.0000e+00
        350  78.510778    0.02424     1.4542     87.250     19.162  50931.491    31.7886     5.6552     18.982    7.11517     5.6536    25.0567   12.75987 2.5532e+01 0.0000e+00
        351  78.510781    0.02431     1.4583     87.500     19.368  50931.645    31.7886     5.6552     19.186    7.11517     5.6536    25.0567   12.75987 2.4997e+01 0.0000e+00
        352  78.510784    0.02438     1.4625     87.750     19.576  50932.173    31.7889     5.6551     19.392    7.11517     5.6535    25.0569   12.75986 2.4465e+01 0.0000e+00
        353  78.510787    0.02444     1.4667     88.000     19.787  50932.693    31.7891     5.6551     19.601    7.11517     5.6535    25.0571   12.75986 2.3936e+01 0.0000e+00
        354  78.510790    0.02451     1.4708     88.250     19.999  50933.095    31.7893     5.6550     19.811    7.11516     5.6535    25.0573   12.75985 2.3415e+01 0.0000e+00
        355  78.510793    0.02458     1.4750     88.500     20.208  50933.330    31.7894     5.6550     20.018    7.11516     5.6534    25.0573   12.75985 2.2910e+01 0.0000e+00
        356  78.510796    0.02465     1.4792     88.750     20.413  50933.328    31.7893     5.6550     20.222    7.11516     5.6534    25.0573   12.75986 2.2426e+01 0.0000e+00
        357  78.510799    0.02472     1.4833     89.000     20.617  50933.349    31.7892     5.6550     20.424    7.11517     5.6535    25.0572   12.75986 2.1961e+01 0.0000e+00
        358  78.510802    0.02479     1.4875     89.250     20.822  50933.617    31.7892     5.6550     20.627    7.11516     5.6535    25.0573   12.75985 2.1503e+01 0.0000e+00
        359  78.510804    0.02486     1.4917     89.500     21.032  50934.031    31.7894     5.6551     20.834    7.11515     5.6535    25.0574   12.75982 2.1044e+01 0.0000e+00
        360  78.510807    0.02493     1.4958     89.750     21.248  50934.479    31.7896     5.6551     21.048    7.11513     5.6536    25.0576   12.75979 2.0579e+01 0.0000e+00
        361  78.510810    0.02500     1.5000     90.000     21.469  50934.891    31.7898     5.6552     21.267    7.11511     5.6538    25.0577   12.75975 2.0111e+01 0.0000e+00
