CTD-processing/allCTD/CNV--turbid/2019_02-08_t6_s06_cast080.cnv
* Sea-Bird SBE19plus Data File:
* FileName = C:\Users\Kim.Powell\Desktop\Not Processed\2019\2019_02-08\2019_02-08_TRANSECT_STATION_cast080.hex
* Software Version 1.59
* Temperature SN =  4141
* Conductivity SN =  4141
* System UpLoad Time = Mar 19 2019 08:42:45
** 2018_02-08
** Station: 6-06
** Start Time: 12:31
** Depth (m): 145
** Comment:
** Comment:
# nquan = 16
# nvalues = 977                         
# units = specified
# name 0 = scan: Scan Count
# name 1 = timeJ: Julian Days
# name 2 = timeH: Time, Elapsed [hours]
# name 3 = timeM: Time, Elapsed [minutes]
# name 4 = timeS: Time, Elapsed [seconds]
# name 5 = prdM: Pressure, Strain Gauge [db]
# name 6 = specc: Specific Conductance [uS/cm]
# name 7 = sal00: Salinity, Practical [PSU]
# name 8 = tv290C: Temperature [ITS-90, deg C]
# name 9 = depSM: Depth [salt water, m], lat = 59.00
# name 10 = oxsolML/L: Oxygen Saturation, Garcia & Gordon [ml/l]
# name 11 = potemp090C: Potential Temperature [ITS-90, deg C]
# name 12 = sigma-é00: Density [sigma-theta, kg/m^3]
# name 13 = n2satML/L: Nitrogen Saturation [ml/l]
# name 14 = par: PAR/Irradiance, Biospherical/Licor
# name 15 = flag:  0.000e+00
# span 0 =          1,        977       
# span 1 =  39.522326,  39.525150       
# span 2 =    0.00000,    0.06778       
# span 3 =     0.0000,     4.0667       
# span 4 =      0.000,    244.000       
# span 5 =      1.005,    142.875       
# span 6 =  50048.053,  50679.085       
# span 7 =    31.3222,    31.7313       
# span 8 =     6.2989,     6.5537       
# span 9 =      0.996,    141.490       
# span 10 =    6.96950,    7.02139      
# span 11 =     6.3031,     6.5418      
# span 12 =    24.6049,    24.9039      
# span 13 =   12.51993,   12.61082      
# span 14 = 3.6170e-02, 8.4845e+01      
# span 15 = 0.0000e+00, 0.0000e+00      
# interval = seconds: 0.25
# start_time = Feb 08 2019 12:32:09 [Instrument's time stamp, header]
# bad_flag = -9.990e-29
*END*
[from data line 724]
        725  39.524421    0.05028     3.0167    181.000     95.116  50600.043    31.6851     6.4851     94.205    6.98274     6.4778    24.8756   12.54239 3.6462e-02 0.0000e+00
        726  39.524424    0.05035     3.0208    181.250     95.370  50600.464    31.6853     6.4854     94.456    6.98267     6.4781    24.8757   12.54227 3.6385e-02 0.0000e+00
        727  39.524427    0.05042     3.0250    181.500     95.593  50600.617    31.6854     6.4858     94.677    6.98261     6.4783    24.8757   12.54217 3.6312e-02 0.0000e+00
        728  39.524430    0.05049     3.0292    181.750     95.789  50600.646    31.6854     6.4861     94.872    6.98256     6.4785    24.8757   12.54208 3.6260e-02 0.0000e+00
        729  39.524433    0.05056     3.0333    182.000     95.966  50600.555    31.6853     6.4864     95.047    6.98252     6.4786    24.8756   12.54202 3.6226e-02 0.0000e+00
        730  39.524436    0.05063     3.0375    182.250     96.133  50600.263    31.6850     6.4866     95.212    6.98250     6.4786    24.8754   12.54200 3.6204e-02 0.0000e+00
        731  39.524439    0.05069     3.0417    182.500     96.303  50599.896    31.6847     6.4867     95.381    6.98250     6.4786    24.8751   12.54199 3.6191e-02 0.0000e+00
        732  39.524442    0.05076     3.0458    182.750     96.487  50599.541    31.6844     6.4867     95.562    6.98251     6.4784    24.8749   12.54201 3.6182e-02 0.0000e+00
        733  39.524444    0.05083     3.0500    183.000     96.685  50599.269    31.6841     6.4867     95.759    6.98253     6.4782    24.8746   12.54206 3.6177e-02 0.0000e+00
        734  39.524447    0.05090     3.0542    183.250     96.889  50599.227    31.6840     6.4865     95.961    6.98256     6.4780    24.8745   12.54211 3.6174e-02 0.0000e+00
        735  39.524450    0.05097     3.0583    183.500     97.084  50599.289    31.6839     6.4863     96.154    6.98260     6.4778    24.8745   12.54217 3.6173e-02 0.0000e+00
        736  39.524453    0.05104     3.0625    183.750     97.258  50599.197    31.6837     6.4861     96.326    6.98264     6.4775    24.8744   12.54224 3.6172e-02 0.0000e+00
        737  39.524456    0.05111     3.0667    184.000     97.407  50599.128    31.6835     6.4859     96.474    6.98268     6.4773    24.8743   12.54230 3.6171e-02 0.0000e+00
        738  39.524459    0.05118     3.0708    184.250     97.539  50599.385    31.6836     6.4857     96.604    6.98271     6.4772    24.8744   12.54235 3.6171e-02 0.0000e+00
        739  39.524462    0.05125     3.0750    184.500     97.668  50599.752    31.6838     6.4855     96.733    6.98273     6.4771    24.8745   12.54239 3.6170e-02 0.0000e+00
        740  39.524465    0.05132     3.0792    184.750     97.814  50599.873    31.6837     6.4854     96.876    6.98276     6.4770    24.8745   12.54243 3.6170e-02 0.0000e+00
        741  39.524468    0.05139     3.0833    185.000     97.987  50599.914    31.6837     6.4853     97.048    6.98277     6.4770    24.8745   12.54245 3.6170e-02 0.0000e+00
        742  39.524470    0.05146     3.0875    185.250     98.192  50600.196    31.6838     6.4853     97.251    6.98278     6.4771    24.8746   12.54246 3.6170e-02 0.0000e+00
        743  39.524473    0.05153     3.0917    185.500     98.423  50600.758    31.6840     6.4853     97.479    6.98276     6.4772    24.8748   12.54243 3.6170e-02 0.0000e+00
        744  39.524476    0.05160     3.0958    185.750     98.668  50601.411    31.6844     6.4853     97.722    6.98273     6.4774    24.8751   12.54238 3.6170e-02 0.0000e+00
        745  39.524479    0.05167     3.1000    186.000     98.914  50601.987    31.6847     6.4855     97.966    6.98269     6.4776    24.8753   12.54231 3.6170e-02 0.0000e+00
        746  39.524482    0.05174     3.1042    186.250     99.143  50602.514    31.6850     6.4857     98.193    6.98264     6.4779    24.8755   12.54222 3.6170e-02 0.0000e+00
        747  39.524485    0.05181     3.1083    186.500     99.347  50602.885    31.6852     6.4860     98.395    6.98259     6.4781    24.8756   12.54213 3.6170e-02 0.0000e+00
        748  39.524488    0.05187     3.1125    186.750     99.527  50603.164    31.6854     6.4862     98.573    6.98254     6.4784    24.8757   12.54205 3.6170e-02 0.0000e+00
        749  39.524491    0.05194     3.1167    187.000     99.691  50603.739    31.6858     6.4865     98.735    6.98248     6.4788    24.8760   12.54194 3.6170e-02 0.0000e+00
        750  39.524494    0.05201     3.1208    187.250     99.852  50604.824    31.6865     6.4868     98.894    6.98240     6.4793    24.8765   12.54180 3.6170e-02 0.0000e+00
        751  39.524497    0.05208     3.1250    187.500    100.017  50606.572    31.6877     6.4871     99.058    6.98228     6.4802    24.8774   12.54160 3.6170e-02 0.0000e+00
        752  39.524499    0.05215     3.1292    187.750    100.191  50609.203    31.6895     6.4877     99.231    6.98211     6.4814    24.8788   12.54128 3.6170e-02 0.0000e+00
        753  39.524502    0.05222     3.1333    188.000    100.373  50612.496    31.6919     6.4886     99.410    6.98186     6.4830    24.8806   12.54084 3.6170e-02 0.0000e+00
        754  39.524505    0.05229     3.1375    188.250    100.557  50615.607    31.6942     6.4898     99.592    6.98155     6.4847    24.8823   12.54030 3.6170e-02 0.0000e+00
        755  39.524508    0.05236     3.1417    188.500    100.740  50617.700    31.6959     6.4914     99.774    6.98121     6.4863    24.8834   12.53972 3.6170e-02 0.0000e+00
        756  39.524511    0.05243     3.1458    188.750    100.923  50618.481    31.6966     6.4932     99.955    6.98089     6.4877    24.8838   12.53919 3.6170e-02 0.0000e+00
        757  39.524514    0.05250     3.1500    189.000    101.106  50618.350    31.6968     6.4948    100.136    6.98062     6.4888    24.8837   12.53874 3.6170e-02 0.0000e+00
        758  39.524517    0.05257     3.1542    189.250    101.293  50617.960    31.6967     6.4962    100.321    6.98040     6.4896    24.8834   12.53838 3.6170e-02 0.0000e+00
        759  39.524520    0.05264     3.1583    189.500    101.488  50617.584    31.6965     6.4973    100.515    6.98023     6.4902    24.8832   12.53809 3.6170e-02 0.0000e+00
        760  39.524523    0.05271     3.1625    189.750    101.694  50617.203    31.6963     6.4981    100.719    6.98010     6.4906    24.8829   12.53789 3.6170e-02 0.0000e+00
        761  39.524525    0.05278     3.1667    190.000    101.912  50616.863    31.6961     6.4988    100.934    6.98001     6.4910    24.8826   12.53774 3.6170e-02 0.0000e+00
        762  39.524528    0.05285     3.1708    190.250    102.139  50616.642    31.6959     6.4992    101.159    6.97994     6.4912    24.8824   12.53763 3.6170e-02 0.0000e+00
        763  39.524531    0.05292     3.1750    190.500    102.369  50616.543    31.6958     6.4996    101.386    6.97989     6.4914    24.8823   12.53755 3.6170e-02 0.0000e+00
        764  39.524534    0.05299     3.1792    190.750    102.594  50616.588    31.6958     6.4998    101.610    6.97985     6.4915    24.8822   12.53748 3.6170e-02 0.0000e+00
        765  39.524537    0.05306     3.1833    191.000    102.810  50616.742    31.6958     6.5000    101.823    6.97982     6.4916    24.8822   12.53743 3.6170e-02 0.0000e+00
        766  39.524540    0.05312     3.1875    191.250    103.014  50616.932    31.6959     6.5002    102.025    6.97979     6.4917    24.8823   12.53738 3.6170e-02 0.0000e+00
        767  39.524543    0.05319     3.1917    191.500    103.212  50617.140    31.6960     6.5003    102.221    6.97976     6.4918    24.8823   12.53734 3.6170e-02 0.0000e+00
        768  39.524546    0.05326     3.1958    191.750    103.411  50617.390    31.6961     6.5004    102.418    6.97974     6.4919    24.8824   12.53729 3.6170e-02 0.0000e+00
        769  39.524549    0.05333     3.2000    192.000    103.620  50617.612    31.6962     6.5005    102.625    6.97972     6.4920    24.8825   12.53725 3.6170e-02 0.0000e+00
        770  39.524552    0.05340     3.2042    192.250    103.842  50617.501    31.6960     6.5007    102.845    6.97970     6.4920    24.8823   12.53723 3.6170e-02 0.0000e+00
        771  39.524554    0.05347     3.2083    192.500    104.078  50617.032    31.6956     6.5008    103.079    6.97971     6.4919    24.8820   12.53725 3.6170e-02 0.0000e+00
        772  39.524557    0.05354     3.2125    192.750    104.323  50616.462    31.6951     6.5008    103.322    6.97973     6.4917    24.8816   12.53729 3.6170e-02 0.0000e+00
        773  39.524560    0.05361     3.2167    193.000    104.568  50616.138    31.6947     6.5006    103.564    6.97977     6.4915    24.8813   12.53736 3.6170e-02 0.0000e+00
        774  39.524563    0.05368     3.2208    193.250    104.801  50616.335    31.6947     6.5004    103.795    6.97980     6.4913    24.8813   12.53741 3.6170e-02 0.0000e+00
        775  39.524566    0.05375     3.2250    193.500    105.012  50616.785    31.6949     6.5003    104.004    6.97982     6.4913    24.8815   12.53744 3.6170e-02 0.0000e+00
        776  39.524569    0.05382     3.2292    193.750    105.197  50617.120    31.6950     6.5001    104.187    6.97983     6.4913    24.8816   12.53746 3.6170e-02 0.0000e+00
        777  39.524572    0.05389     3.2333    194.000    105.364  50617.368    31.6951     6.5001    104.353    6.97983     6.4913    24.8817   12.53746 3.6170e-02 0.0000e+00
        778  39.524575    0.05396     3.2375    194.250    105.528  50617.623    31.6952     6.5001    104.515    6.97983     6.4913    24.8818   12.53745 3.6170e-02 0.0000e+00
        779  39.524578    0.05403     3.2417    194.500    105.704  50617.860    31.6953     6.5001    104.689    6.97982     6.4913    24.8818   12.53743 3.6170e-02 0.0000e+00
        780  39.524580    0.05410     3.2458    194.750    105.900  50618.096    31.6954     6.5002    104.883    6.97981     6.4914    24.8819   12.53741 3.6170e-02 0.0000e+00
        781  39.524583    0.05417     3.2500    195.000    106.114  50618.416    31.6955     6.5002    105.095    6.97979     6.4916    24.8820   12.53738 3.6170e-02 0.0000e+00
        782  39.524586    0.05424     3.2542    195.250    106.332  50618.863    31.6958     6.5003    105.311    6.97977     6.4917    24.8822   12.53734 3.6170e-02 0.0000e+00
        783  39.524589    0.05431     3.2583    195.500    106.537  50619.421    31.6961     6.5005    105.514    6.97973     6.4920    24.8824   12.53727 3.6170e-02 0.0000e+00
        784  39.524592    0.05438     3.2625    195.750    106.717  50619.897    31.6964     6.5007    105.692    6.97969     6.4922    24.8826   12.53720 3.6170e-02 0.0000e+00
        785  39.524595    0.05444     3.2667    196.000    106.866  50620.004    31.6964     6.5009    105.839    6.97964     6.4924    24.8826   12.53713 3.6170e-02 0.0000e+00
        786  39.524598    0.05451     3.2708    196.250    106.990  50619.849    31.6963     6.5011    105.962    6.97961     6.4925    24.8825   12.53708 3.6170e-02 0.0000e+00
        787  39.524601    0.05458     3.2750    196.500    107.103  50619.759    31.6962     6.5013    106.075    6.97958     6.4925    24.8824   12.53704 3.6170e-02 0.0000e+00
        788  39.524604    0.05465     3.2792    196.750    107.220  50619.858    31.6962     6.5014    106.190    6.97956     6.4926    24.8824   12.53700 3.6170e-02 0.0000e+00
        789  39.524606    0.05472     3.2833    197.000    107.349  50620.219    31.6964     6.5015    106.317    6.97954     6.4927    24.8826   12.53696 3.6170e-02 0.0000e+00
        790  39.524609    0.05479     3.2875    197.250    107.496  50620.765    31.6968     6.5016    106.463    6.97952     6.4928    24.8828   12.53692 3.6170e-02 0.0000e+00
        791  39.524612    0.05486     3.2917    197.500    107.665  50621.211    31.6970     6.5017    106.631    6.97949     6.4929    24.8830   12.53687 3.6170e-02 0.0000e+00
        792  39.524615    0.05493     3.2958    197.750    107.856  50621.667    31.6972     6.5018    106.820    6.97946     6.4932    24.8832   12.53681 3.6170e-02 0.0000e+00
        793  39.524618    0.05500     3.3000    198.000    108.066  50622.445    31.6977     6.5020    107.027    6.97940     6.4935    24.8835   12.53672 3.6170e-02 0.0000e+00
        794  39.524621    0.05507     3.3042    198.250    108.287  50623.348    31.6983     6.5023    107.247    6.97934     6.4938    24.8840   12.53660 3.6170e-02 0.0000e+00
        795  39.524624    0.05514     3.3083    198.500    108.512  50624.024    31.6987     6.5026    107.470    6.97927     6.4941    24.8843   12.53648 3.6170e-02 0.0000e+00
        796  39.524627    0.05521     3.3125    198.750    108.737  50624.377    31.6989     6.5029    107.692    6.97920     6.4944    24.8844   12.53636 3.6170e-02 0.0000e+00
        797  39.524630    0.05528     3.3167    199.000    108.962  50624.435    31.6989     6.5033    107.916    6.97915     6.4947    24.8843   12.53627 3.6170e-02 0.0000e+00
        798  39.524633    0.05535     3.3208    199.250    109.193  50624.329    31.6988     6.5036    108.144    6.97910     6.4949    24.8842   12.53620 3.6170e-02 0.0000e+00
        799  39.524635    0.05542     3.3250    199.500    109.430  50624.367    31.6987     6.5039    108.379    6.97906     6.4951    24.8841   12.53613 3.6170e-02 0.0000e+00
        800  39.524638    0.05549     3.3292    199.750    109.666  50624.888    31.6990     6.5041    108.612    6.97901     6.4954    24.8843   12.53604 3.6170e-02 0.0000e+00
        801  39.524641    0.05556     3.3333    200.000    109.893  50625.765    31.6996     6.5043    108.837    6.97894     6.4958    24.8847   12.53593 3.6170e-02 0.0000e+00
        802  39.524644    0.05563     3.3375    200.250    110.104  50626.551    31.7001     6.5047    109.046    6.97886     6.4963    24.8851   12.53579 3.6170e-02 0.0000e+00
        803  39.524647    0.05569     3.3417    200.500    110.297  50627.135    31.7005     6.5051    109.237    6.97878     6.4967    24.8854   12.53565 3.6170e-02 0.0000e+00
        804  39.524650    0.05576     3.3458    200.750    110.478  50627.572    31.7008     6.5055    109.416    6.97869     6.4972    24.8856   12.53550 3.6170e-02 0.0000e+00
        805  39.524653    0.05583     3.3500    201.000    110.658  50627.810    31.7010     6.5060    109.594    6.97860     6.4975    24.8856   12.53535 3.6170e-02 0.0000e+00
        806  39.524656    0.05590     3.3542    201.250    110.843  50627.894    31.7010     6.5065    109.777    6.97853     6.4978    24.8856   12.53523 3.6170e-02 0.0000e+00
        807  39.524659    0.05597     3.3583    201.500    111.033  50627.828    31.7010     6.5068    109.966    6.97847     6.4980    24.8855   12.53513 3.6170e-02 0.0000e+00
        808  39.524661    0.05604     3.3625    201.750    111.225  50627.543    31.7007     6.5071    110.155    6.97843     6.4981    24.8853   12.53508 3.6170e-02 0.0000e+00
        809  39.524664    0.05611     3.3667    202.000    111.413  50627.159    31.7004     6.5073    110.342    6.97841     6.4981    24.8851   12.53505 3.6170e-02 0.0000e+00
        810  39.524667    0.05618     3.3708    202.250    111.595  50626.809    31.7001     6.5074    110.522    6.97841     6.4980    24.8848   12.53505 3.6170e-02 0.0000e+00
        811  39.524670    0.05625     3.3750    202.500    111.775  50626.625    31.6999     6.5075    110.700    6.97842     6.4980    24.8846   12.53507 3.6170e-02 0.0000e+00
        812  39.524673    0.05632     3.3792    202.750    111.959  50626.674    31.6998     6.5074    110.883    6.97843     6.4979    24.8846   12.53508 3.6170e-02 0.0000e+00
        813  39.524676    0.05639     3.3833    203.000    112.158  50626.797    31.6998     6.5074    111.079    6.97844     6.4979    24.8846   12.53509 3.6170e-02 0.0000e+00
