CTD-processing/allCTD/hex2test/SBE19plus_4141_Oct-2018/filter/2020_10-15_T9_S09_cast068_4141.cnv
* Sea-Bird SBE19plus Data File:
* FileName = C:\Users\steve\Desktop\GWA CTD\2020_10-15_T9\2020_10-15_T9_S0_cast068.hex
* Software Version 1.59
* Temperature SN =  4141
* Conductivity SN =  4141
* System UpLoad Time = Oct 21 2020 11:04:24
** Cook Inlet LTM Transect 9
** Date: 10-15-2020
** Station:S09
** Start Time (AKDT):15:44
** Depth (m):83
** Comment:
** Comment:
# nquan = 18
# nvalues = 598                         
# units = specified
# name 0 = scan: Scan Count
# name 1 = timeJ: Julian Days
# name 2 = timeH: Time, Elapsed [hours]
# name 3 = timeM: Time, Elapsed [minutes]
# name 4 = timeS: Time, Elapsed [seconds]
# name 5 = prdM: Pressure, Strain Gauge [db]
# name 6 = specc: Specific Conductance [uS/cm]
# name 7 = sal00: Salinity, Practical [PSU]
# name 8 = tv290C: Temperature [ITS-90, deg C]
# name 9 = depSM: Depth [salt water, m], lat = 59.00
# name 10 = sbeox0Mg/L: Oxygen, SBE 43 [mg/l]
# name 11 = oxsolMg/L: Oxygen Saturation, Garcia & Gordon [mg/l]
# name 12 = potemp090C: Potential Temperature [ITS-90, deg C]
# name 13 = sigma-é00: Density [sigma-theta, kg/m^3]
# name 14 = n2satMg/L: Nitrogen Saturation [mg/l]
# name 15 = par: PAR/Irradiance, Biospherical/Licor
# name 16 = wetStar: Fluorescence, WET Labs WETstar [mg/m^3]
# name 17 = flag:  0.000e+00
# span 0 =          1,        598       
# span 1 = 289.655394, 289.657121       
# span 2 =    0.00000,    0.04146       
# span 3 =     0.0000,     2.4875       
# span 4 =      0.000,    149.250       
# span 5 =      0.750,     79.554       
# span 6 =  46124.526,  48146.855       
# span 7 =    29.1429,    30.5819       
# span 8 =     9.8198,    10.6666       
# span 9 =      0.713,     78.818       
# span 10 =     4.9714,     5.7141      
# span 11 =    9.16404,    9.39964      
# span 12 =     9.8197,    10.6627      
# span 13 =    22.3682,    23.4192      
# span 14 =   14.52330,   14.88166      
# span 15 = 4.9362e-02, 3.7903e+02      
# span 16 =     0.3609,     7.8220      
# span 17 = 0.0000e+00, 0.0000e+00      
# interval = seconds: 0.25
# start_time = Oct 15 2020 15:43:46 [Instrument's time stamp, header]
# bad_flag = -9.990e-29
*END*
[from data line 483]
        484 289.656791    0.03354     2.0125    120.750     53.036  47992.898    30.4915    10.5927     52.532     5.1222    9.16975    10.5868    23.3374   14.52965 4.9547e-02     0.4077 0.0000e+00
        485 289.656794    0.03361     2.0167    121.000     53.268  47991.334    30.4904    10.5929     52.763     5.1115    9.16978    10.5868    23.3364   14.52973 4.9584e-02     0.4216 0.0000e+00
        486 289.656797    0.03368     2.0208    121.250     53.502  47989.383    30.4890    10.5929     52.994     5.1028    9.16985    10.5869    23.3353   14.52984 4.9493e-02     0.4543 0.0000e+00
        487 289.656800    0.03375     2.0250    121.500     53.741  47988.878    30.4885    10.5931     53.229     5.1061    9.16985    10.5870    23.3350   14.52983 4.9538e-02     0.4350 0.0000e+00
        488 289.656803    0.03382     2.0292    121.750     53.982  47990.034    30.4892    10.5933     53.472     5.1042    9.16975    10.5872    23.3356   14.52970 4.9454e-02     0.4248 0.0000e+00
        489 289.656806    0.03389     2.0333    122.000     54.217  47991.632    30.4903    10.5935     53.708     5.0926    9.16967    10.5873    23.3363   14.52956 4.9474e-02     0.4612 0.0000e+00
        490 289.656808    0.03396     2.0375    122.250     54.439  47993.217    30.4913    10.5935     53.929     5.1013    9.16961    10.5874    23.3370   14.52945 4.9597e-02     0.4510 0.0000e+00
        491 289.656811    0.03403     2.0417    122.500     54.648  47997.575    30.4942    10.5929     54.135     5.0970    9.16955    10.5867    23.3394   14.52933 4.9547e-02     0.4382 0.0000e+00
        492 289.656814    0.03410     2.0458    122.750     54.849  47998.319    30.4945    10.5919     54.326     5.0971    9.16972    10.5857    23.3399   14.52957 4.9539e-02     0.4291 0.0000e+00
        493 289.656817    0.03417     2.0500    123.000     55.058  47999.461    30.4952    10.5912     54.528     5.1086    9.16983    10.5850    23.3405   14.52972 4.9473e-02     0.4202 0.0000e+00
        494 289.656820    0.03424     2.0542    123.250     55.286  48006.682    30.5001    10.5906     54.755     5.1038    9.16965    10.5845    23.3445   14.52939 4.9493e-02     0.4060 0.0000e+00
        495 289.656823    0.03431     2.0583    123.500     55.535  48013.767    30.5049    10.5896     55.003     5.0999    9.16958    10.5834    23.3483   14.52921 4.9561e-02     0.4165 0.0000e+00
        496 289.656826    0.03438     2.0625    123.750     55.797  48017.078    30.5069    10.5872     55.269     5.0975    9.16995    10.5808    23.3503   14.52972 4.9536e-02     0.4291 0.0000e+00
        497 289.656829    0.03444     2.0667    124.000     56.057  48021.189    30.5093    10.5849     55.533     5.0934    9.17025    10.5786    23.3526   14.53012 4.9574e-02     0.4166 0.0000e+00
        498 289.656832    0.03451     2.0708    124.250     56.299  48023.187    30.5105    10.5833     55.774     5.0885    9.17051    10.5770    23.3537   14.53047 4.9574e-02     0.4458 0.0000e+00
        499 289.656834    0.03458     2.0750    124.500     56.519  48025.058    30.5116    10.5820     55.989     5.0853    9.17071    10.5756    23.3548   14.53076 4.9511e-02     0.4373 0.0000e+00
        500 289.656837    0.03465     2.0792    124.750     56.718  48024.378    30.5109    10.5816     56.186     5.0824    9.17082    10.5752    23.3544   14.53092 4.9493e-02     0.4075 0.0000e+00
        501 289.656840    0.03472     2.0833    125.000     56.903  48019.557    30.5076    10.5819     56.365     5.0791    9.17097    10.5754    23.3517   14.53119 4.9559e-02     0.4306 0.0000e+00
        502 289.656843    0.03479     2.0875    125.250     57.086  48020.959    30.5086    10.5825     56.541     5.0777    9.17079    10.5761    23.3524   14.53091 4.9552e-02     0.4475 0.0000e+00
        503 289.656846    0.03486     2.0917    125.500     57.272  48024.893    30.5113    10.5826     56.730     5.0788    9.17060    10.5762    23.3545   14.53059 4.9491e-02     0.4232 0.0000e+00
        504 289.656849    0.03493     2.0958    125.750     57.456  48025.428    30.5115    10.5824     56.912     5.0758    9.17063    10.5759    23.3547   14.53062 4.9513e-02     0.4380 0.0000e+00
        505 289.656852    0.03500     2.1000    126.000     57.640  48026.285    30.5120    10.5821     57.090     5.0761    9.17066    10.5756    23.3552   14.53066 4.9525e-02     0.4419 0.0000e+00
        506 289.656855    0.03507     2.1042    126.250     57.827  48031.380    30.5154    10.5809     57.277     5.0759    9.17069    10.5744    23.3580   14.53067 4.9501e-02     0.4131 0.0000e+00
        507 289.656858    0.03514     2.1083    126.500     58.021  48034.181    30.5171    10.5797     57.467     5.0747    9.17084    10.5732    23.3596   14.53085 4.9494e-02     0.4218 0.0000e+00
        508 289.656861    0.03521     2.1125    126.750     58.223  48032.267    30.5157    10.5794     57.666     5.0722    9.17099    10.5728    23.3585   14.53109 4.9521e-02     0.4203 0.0000e+00
        509 289.656863    0.03528     2.1167    127.000     58.438  48031.249    30.5150    10.5797     57.881     5.0673    9.17097    10.5731    23.3578   14.53108 4.9528e-02     0.4345 0.0000e+00
        510 289.656866    0.03535     2.1208    127.250     58.667  48036.164    30.5182    10.5791     58.104     5.0704    9.17089    10.5725    23.3605   14.53091 4.9533e-02     0.4629 0.0000e+00
        511 289.656869    0.03542     2.1250    127.500     58.914  48037.059    30.5186    10.5776     58.343     5.0670    9.17116    10.5710    23.3610   14.53130 4.9589e-02     0.4340 0.0000e+00
        512 289.656872    0.03549     2.1292    127.750     59.185  48037.234    30.5185    10.5766     58.618     5.0628    9.17136    10.5700    23.3611   14.53159 4.9606e-02     0.4014 0.0000e+00
        513 289.656875    0.03556     2.1333    128.000     59.473  48038.131    30.5190    10.5767     58.909     5.0630    9.17135    10.5699    23.3615   14.53156 4.9548e-02     0.4065 0.0000e+00
        514 289.656878    0.03562     2.1375    128.250     59.761  48035.994    30.5174    10.5768     59.198     5.0593    9.17143    10.5700    23.3603   14.53169 4.9551e-02     0.4201 0.0000e+00
        515 289.656881    0.03569     2.1417    128.500     60.036  48035.958    30.5173    10.5774     59.475     5.0571    9.17129    10.5706    23.3602   14.53151 4.9578e-02     0.4266 0.0000e+00
        516 289.656884    0.03576     2.1458    128.750     60.286  48031.421    30.5142    10.5790     59.724     5.0587    9.17116    10.5722    23.3574   14.53136 4.9576e-02     0.4344 0.0000e+00
        517 289.656887    0.03583     2.1500    129.000     60.511  48028.221    30.5120    10.5804     59.940     5.0593    9.17101    10.5736    23.3555   14.53117 4.9542e-02     0.4246 0.0000e+00
        518 289.656889    0.03590     2.1542    129.250     60.726  48026.110    30.5106    10.5817     60.146     5.0573    9.17084    10.5748    23.3542   14.53095 4.9498e-02     0.4175 0.0000e+00
        519 289.656892    0.03597     2.1583    129.500     60.949  48028.571    30.5124    10.5826     60.365     5.0591    9.17054    10.5757    23.3554   14.53048 4.9508e-02     0.4341 0.0000e+00
        520 289.656895    0.03604     2.1625    129.750     61.189  48031.659    30.5144    10.5824     60.600     5.0597    9.17045    10.5755    23.3570   14.53034 4.9542e-02     0.4334 0.0000e+00
        521 289.656898    0.03611     2.1667    130.000     61.447  48031.402    30.5140    10.5814     60.861     5.0584    9.17069    10.5744    23.3570   14.53069 4.9516e-02     0.4138 0.0000e+00
        522 289.656901    0.03618     2.1708    130.250     61.710  48035.984    30.5170    10.5804     61.128     5.0587    9.17070    10.5736    23.3594   14.53065 4.9428e-02     0.4147 0.0000e+00
        523 289.656904    0.03625     2.1750    130.500     61.965  48034.563    30.5159    10.5797     61.378     5.0597    9.17092    10.5728    23.3585   14.53099 4.9430e-02     0.4320 0.0000e+00
        524 289.656907    0.03632     2.1792    130.750     62.210  48030.711    30.5130    10.5797     61.621     5.0548    9.17109    10.5726    23.3564   14.53127 4.9491e-02     0.4070 0.0000e+00
        525 289.656910    0.03639     2.1833    131.000     62.450  48031.980    30.5139    10.5807     61.858     5.0506    9.17083    10.5736    23.3570   14.53090 4.9563e-02     0.4056 0.0000e+00
        526 289.656913    0.03646     2.1875    131.250     62.687  48030.711    30.5130    10.5814     62.089     5.0505    9.17074    10.5743    23.3561   14.53078 4.9671e-02     0.4191 0.0000e+00
        527 289.656916    0.03653     2.1917    131.500     62.930  48029.022    30.5117    10.5819     62.330     5.0460    9.17072    10.5748    23.3552   14.53076 4.9574e-02     0.4197 0.0000e+00
        528 289.656918    0.03660     2.1958    131.750     63.179  48028.978    30.5117    10.5824     62.580     5.0458    9.17060    10.5754    23.3549   14.53059 4.9584e-02     0.4525 0.0000e+00
        529 289.656921    0.03667     2.2000    132.000     63.428  48029.884    30.5122    10.5830     62.826     5.0445    9.17046    10.5758    23.3553   14.53038 4.9672e-02     0.4428 0.0000e+00
        530 289.656924    0.03674     2.2042    132.250     63.670  48034.639    30.5155    10.5829     63.069     5.0389    9.17030    10.5756    23.3579   14.53010 4.9514e-02     0.4384 0.0000e+00
        531 289.656927    0.03681     2.2083    132.500     63.903  48038.150    30.5178    10.5813     63.299     5.0391    9.17049    10.5741    23.3599   14.53033 4.9500e-02     0.4277 0.0000e+00
        532 289.656930    0.03687     2.2125    132.750     64.133  48043.717    30.5214    10.5793     63.518     5.0382    9.17068    10.5720    23.3631   14.53056 4.9605e-02     0.4130 0.0000e+00
        533 289.656933    0.03694     2.2167    133.000     64.376  48052.542    30.5273    10.5769     63.755     5.0369    9.17080    10.5697    23.3680   14.53065 4.9530e-02     0.4456 0.0000e+00
        534 289.656936    0.03701     2.2208    133.250     64.641  48057.361    30.5301    10.5737     64.023     5.0395    9.17126    10.5665    23.3708   14.53127 4.9433e-02     0.4282 0.0000e+00
        535 289.656939    0.03708     2.2250    133.500     64.918  48060.708    30.5320    10.5711     64.302     5.0380    9.17169    10.5637    23.3727   14.53187 4.9529e-02     0.4106 0.0000e+00
        536 289.656942    0.03715     2.2292    133.750     65.193  48063.821    30.5339    10.5689     64.579     5.0357    9.17201    10.5615    23.3746   14.53230 4.9655e-02     0.4184 0.0000e+00
        537 289.656944    0.03722     2.2333    134.000     65.453  48066.288    30.5353    10.5673     64.840     5.0326    9.17224    10.5599    23.3760   14.53262 4.9716e-02     0.4297 0.0000e+00
        538 289.656947    0.03729     2.2375    134.250     65.692  48069.818    30.5377    10.5662     65.070     5.0297    9.17233    10.5588    23.3779   14.53271 4.9527e-02     0.4344 0.0000e+00
        539 289.656950    0.03736     2.2417    134.500     65.922  48069.305    30.5371    10.5656     65.292     5.0290    9.17249    10.5581    23.3775   14.53295 4.9549e-02     0.3981 0.0000e+00
        540 289.656953    0.03743     2.2458    134.750     66.162  48067.595    30.5358    10.5654     65.525     5.0303    9.17259    10.5580    23.3765   14.53311 4.9702e-02     0.3782 0.0000e+00
        541 289.656956    0.03750     2.2500    135.000     66.420  48067.824    30.5359    10.5657     65.784     5.0280    9.17253    10.5582    23.3766   14.53303 4.9594e-02     0.3943 0.0000e+00
        542 289.656959    0.03757     2.2542    135.250     66.687  48068.311    30.5361    10.5661     66.058     5.0234    9.17244    10.5585    23.3768   14.53289 4.9670e-02     0.4004 0.0000e+00
        543 289.656962    0.03764     2.2583    135.500     66.943  48069.179    30.5366    10.5663     66.314     5.0247    9.17237    10.5587    23.3771   14.53279 4.9594e-02     0.4097 0.0000e+00
        544 289.656965    0.03771     2.2625    135.750     67.178  48068.510    30.5360    10.5663     66.546     5.0211    9.17240    10.5587    23.3766   14.53284 4.9542e-02     0.4085 0.0000e+00
        545 289.656968    0.03778     2.2667    136.000     67.395  48069.104    30.5364    10.5664     66.758     5.0203    9.17236    10.5588    23.3769   14.53278 4.9602e-02     0.4180 0.0000e+00
        546 289.656970    0.03785     2.2708    136.250     67.605  48071.120    30.5377    10.5663     66.960     5.0223    9.17232    10.5585    23.3780   14.53269 4.9459e-02     0.4541 0.0000e+00
        547 289.656973    0.03792     2.2750    136.500     67.820  48070.064    30.5368    10.5660     67.169     5.0213    9.17243    10.5582    23.3774   14.53288 4.9437e-02     0.4338 0.0000e+00
        548 289.656976    0.03799     2.2792    136.750     68.050  48065.398    30.5336    10.5664     67.396     5.0197    9.17253    10.5587    23.3748   14.53307 4.9593e-02     0.4257 0.0000e+00
        549 289.656979    0.03806     2.2833    137.000     68.293  48064.487    30.5330    10.5675     67.643     5.0186    9.17233    10.5599    23.3741   14.53279 4.9608e-02     0.4162 0.0000e+00
        550 289.656982    0.03812     2.2875    137.250     68.538  48063.481    30.5322    10.5687     67.890     5.0176    9.17214    10.5610    23.3733   14.53253 4.9551e-02     0.4065 0.0000e+00
        551 289.656985    0.03819     2.2917    137.500     68.771  48062.535    30.5316    10.5694     68.123     5.0170    9.17206    10.5616    23.3727   14.53240 4.9528e-02     0.4448 0.0000e+00
        552 289.656988    0.03826     2.2958    137.750     68.990  48063.193    30.5320    10.5697     68.337     5.0135    9.17197    10.5619    23.3731   14.53227 4.9589e-02     0.4220 0.0000e+00
        553 289.656991    0.03833     2.3000    138.000     69.198  48063.429    30.5321    10.5699     68.539     5.0037    9.17190    10.5621    23.3730   14.53218 4.9622e-02     0.4092 0.0000e+00
        554 289.656994    0.03840     2.3042    138.250     69.405  48063.633    30.5322    10.5697     68.740     5.0060    9.17194    10.5618    23.3731   14.53223 4.9510e-02     0.4282 0.0000e+00
        555 289.656997    0.03847     2.3083    138.500     69.620  48062.058    30.5309    10.5695     68.954     5.0087    9.17208    10.5616    23.3722   14.53245 4.9583e-02     0.4245 0.0000e+00
        556 289.656999    0.03854     2.3125    138.750     69.841  48061.112    30.5302    10.5699     69.179     5.0071    9.17202    10.5621    23.3716   14.53237 4.9605e-02     0.3889 0.0000e+00
        557 289.657002    0.03861     2.3167    139.000     70.057  48060.659    30.5299    10.5711     69.395     5.0081    9.17180    10.5632    23.3712   14.53206 4.9567e-02     0.3888 0.0000e+00
        558 289.657005    0.03868     2.3208    139.250     70.263  48062.075    30.5309    10.5715     69.595     5.0073    9.17166    10.5635    23.3719   14.53184 4.9533e-02     0.4433 0.0000e+00
        559 289.657008    0.03875     2.3250    139.500     70.465  48061.368    30.5303    10.5714     69.793     5.0087    9.17170    10.5634    23.3714   14.53191 4.9539e-02     0.4111 0.0000e+00
        560 289.657011    0.03882     2.3292    139.750     70.673  48059.744    30.5292    10.5715     69.995     5.0081    9.17177    10.5635    23.3705   14.53203 4.9474e-02     0.3933 0.0000e+00
        561 289.657014    0.03889     2.3333    140.000     70.895  48061.960    30.5306    10.5713     70.211     5.0063    9.17173    10.5633    23.3716   14.53195 4.9465e-02     0.4186 0.0000e+00
        562 289.657017    0.03896     2.3375    140.250     71.134  48063.853    30.5317    10.5709     70.454     5.0009    9.17174    10.5629    23.3726   14.53193 4.9575e-02     0.4535 0.0000e+00
