CTD-processing/Workspace/ADFG-BobDeCino/2007/OTF_CTD_2007/CTD Data/ctd-07141_072807_4.cnv
* Sea-Bird SBE19plus Data File:
* FileName = C:\data\otf\2007\ctd-07141.hex
* Software Version 1.55
* Temperature SN =  5061
* Conductivity SN =  5061
* System UpLoad Time = Aug 15 2007 17:34:40
* ds
* SeacatPlus V 1.6a  SERIAL NO. 5061    15 Aug 2007  15:31:53
# nquan = 10
# nvalues = 85                          
# units = specified
# name 0 = depSM: Depth [salt water, m]
# name 1 = tv290C: Temperature [ITS-90, deg C]
# name 2 = sal00: Salinity [PSU]
# name 3 = sbeox0Mg/L: Oxygen, SBE 43 [mg/l]
# name 4 = sbeox0PS: Oxygen, SBE 43 [% saturation]
# name 5 = sigma-t00: Density [sigma-t, Kg/m^3 ]
# name 6 = par: PAR/Irradiance, Biospherical/Licor
# name 7 = prdM: Pressure, Strain Gauge [db]
# name 8 = flECO-AFL: Fluorescence, Wetlab ECO-AFL/FL [mg/m^3]
# name 9 = flag: flag
# span 0 =      1.000,     45.000       
# span 1 =     9.0201,     9.0749       
# span 2 =    31.5264,    31.6348       
# span 3 =    8.45402,    9.34565       
# span 4 =   89.71865,   99.10306       
# span 5 =    24.3942,    24.4734       
# span 6 = 1.8662e+00, 1.5681e+03       
# span 7 =      1.084,     45.192       
# span 8 =     0.9559,     1.4366       
# span 9 = 0.0000e+00, 0.0000e+00       
# interval = meters: 1                  
# start_time = Jul 28 2007 10:18:44
# bad_flag = -9.990e-29
*END*
      5.000     9.0667    31.6285    8.47108   89.94791    24.4673 2.8338e+02      5.065     1.0291 0.0000e+00
      6.000     9.0652    31.6298    8.45402   89.71865    24.4703 2.4504e+02      5.976     1.0470 0.0000e+00
      7.000     9.0735    31.6348    8.54604   90.69523    24.4734 2.0645e+02      6.972     1.1077 0.0000e+00
      8.000     9.0749    31.6337    8.56804   90.90836    24.4711 1.6191e+02      8.147     1.1908 0.0000e+00
      9.000     9.0520    31.6004    8.64615   91.73227    24.4481 1.3352e+02      9.098     1.2625 0.0000e+00
     10.000     9.0554    31.6110    8.66758   91.94489    24.4573 1.0853e+02     10.153     1.3157 0.0000e+00
     11.000     9.0494    31.5915    8.72733   92.58643    24.4423 9.2574e+01     11.146     1.3509 0.0000e+00
     12.000     9.0480    31.5928    8.69858   92.28306    24.4438 7.7546e+01     12.116     1.3698 0.0000e+00
     13.000     9.0466    31.5827    8.64722   91.71522    24.4360 6.5122e+01     13.177     1.3589 0.0000e+00
     14.000     9.0415    31.5710    8.73026   92.60708    24.4272 5.5051e+01     14.071     1.3570 0.0000e+00
     15.000     9.0470    31.5906    8.70891   92.37791    24.4428 4.5478e+01     15.133     1.3280 0.0000e+00
     16.000     9.0449    31.5653    8.68590   92.11735    24.4220 3.8243e+01     16.230     1.3034 0.0000e+00
     17.000     9.0383    31.5668    8.76043   92.91194    24.4247 3.2570e+01     17.096     1.2940 0.0000e+00
     18.000     9.0458    31.5777    8.80230   93.35222    24.4329 2.7257e+01     18.191     1.2854 0.0000e+00
     19.000     9.0397    31.5616    8.83928   93.73394    24.4201 2.3173e+01     19.224     1.2857 0.0000e+00
     20.000     9.0370    31.5630    8.86077   93.96414    24.4222 1.9913e+01     20.166     1.2663 0.0000e+00
     21.000     9.0407    31.5633    8.82982   93.62947    24.4221 1.6848e+01     21.214     1.3223 0.0000e+00
     22.000     9.0367    31.5536    8.86160   93.96780    24.4144 1.4507e+01     22.219     1.3144 0.0000e+00
     23.000     9.0333    31.5585    8.86718   94.02676    24.4192 1.2463e+01     23.170     1.2555 0.0000e+00
     24.000     9.0354    31.5584    8.87351   94.08385    24.4190 1.0668e+01     24.316     1.2548 0.0000e+00
     25.000     9.0326    31.5508    8.90578   94.42841    24.4132 9.3637e+00     25.220     1.2736 0.0000e+00
     26.000     9.0348    31.5548    8.88726   94.23091    24.4165 8.1402e+00     26.221     1.2812 0.0000e+00
     27.000     9.0331    31.5479    8.88959   94.25413    24.4107 7.1238e+00     27.286     1.2459 0.0000e+00
     28.000     9.0301    31.5491    8.90539   94.42380    24.4123 6.2813e+00     28.225     1.2587 0.0000e+00
     29.000     9.0319    31.5508    8.90335   94.39694    24.4137 5.5271e+00     29.265     1.2629 0.0000e+00
     30.000     9.0303    31.5463    8.91659   94.51822    24.4101 4.9289e+00     30.274     1.2574 0.0000e+00
     31.000     9.0315    31.5483    8.99484   95.34279    24.4118 4.4081e+00     31.278     1.2496 0.0000e+00
     32.000     9.0313    31.5466    9.08643   96.31296    24.4102 3.9757e+00     32.335     1.2408 0.0000e+00
     33.000     9.0279    31.5415    9.14063   96.88552    24.4065 3.6244e+00     33.306     1.2471 0.0000e+00
     34.000     9.0234    31.5294    9.17037   97.20046    24.3978 3.3057e+00     34.287     1.2343 0.0000e+00
     35.000     9.0227    31.5297    9.19454   97.45751    24.3984 3.0341e+00     35.345     1.2258 0.0000e+00
     36.000     9.0221    31.5292    9.21223   97.64295    24.3981 2.8061e+00     36.354     1.2050 0.0000e+00
     37.000     9.0215    31.5288    9.22734   97.80095    24.3979 2.6221e+00     37.382     1.2223 0.0000e+00
     38.000     9.0221    31.5297    9.23269   97.85783    24.3985 2.4658e+00     38.387     1.2094 0.0000e+00
     39.000     9.0218    31.5286    9.23558   97.88913    24.3976 2.3346e+00     39.349     1.1914 0.0000e+00
     40.000     9.0210    31.5285    9.24184   97.95537    24.3977 2.2176e+00     40.345     1.2301 0.0000e+00
     41.000     9.0201    31.5279    9.26019   98.15078    24.3974 2.1202e+00     41.418     1.2173 0.0000e+00
     42.000     9.0208    31.5285    9.26992   98.25849    24.3978 2.0398e+00     42.354     1.1912 0.0000e+00
     43.000     9.0209    31.5282    9.27791   98.34697    24.3975 1.9655e+00     43.339     1.1787 0.0000e+00
     44.000     9.0208    31.5281    9.28535   98.42553    24.3975 1.9056e+00     44.252     1.1804 0.0000e+00
     45.000     9.0312    31.5316    9.29144   98.48889    24.3991 1.8662e+00     45.192     1.1737 0.0000e+00
     44.000     9.0302    31.5268    9.29627   98.54369    24.3948 1.8973e+00     44.377     1.1981 0.0000e+00
     43.000     9.0263    31.5279    9.29839   98.56538    24.3965 1.9584e+00     43.399     1.1503 0.0000e+00
     42.000     9.0253    31.5273    9.29657   98.54556    24.3960 2.0305e+00     42.383     1.1877 0.0000e+00
     41.000     9.0257    31.5280    9.30278   98.61162    24.3966 2.1089e+00     41.380     1.1831 0.0000e+00
     40.000     9.0255    31.5287    9.30778   98.66571    24.3973 2.2037e+00     40.392     1.2224 0.0000e+00
     39.000     9.0256    31.5279    9.30662   98.65577    24.3965 2.3181e+00     39.371     1.2528 0.0000e+00
     38.000     9.0260    31.5286    9.30567   98.65263    24.3971 2.4506e+00     38.341     1.2563 0.0000e+00
     37.000     9.0268    31.5279    9.31228   98.71974    24.3964 2.6103e+00     37.352     1.2705 0.0000e+00
     36.000     9.0300    31.5290    9.32111   98.81395    24.3969 2.8026e+00     36.368     1.2607 0.0000e+00
     35.000     9.0287    31.5281    9.31839   98.78470    24.3962 3.0234e+00     35.299     1.2880 0.0000e+00
     34.000     9.0285    31.5276    9.32366   98.83959    24.3957 3.2807e+00     34.321     1.2583 0.0000e+00
     33.000     9.0289    31.5287    9.32717   98.87106    24.3967 3.5934e+00     33.345     1.2891 0.0000e+00
     32.000     9.0278    31.5278    9.32504   98.84502    24.3961 3.9630e+00     32.274     1.3797 0.0000e+00
     31.000     9.0257    31.5282    9.31373   98.72213    24.3968 4.3821e+00     31.287     1.3253 0.0000e+00
     30.000     9.0242    31.5287    9.32089   98.79786    24.3974 4.8892e+00     30.297     1.3194 0.0000e+00
     29.000     9.0230    31.5279    9.32660   98.86868    24.3969 5.5178e+00     29.292     1.3062 0.0000e+00
     28.000     9.0227    31.5279    9.32815   98.88299    24.3969 6.2354e+00     28.199     1.3698 0.0000e+00
     27.000     9.0273    31.5307    9.32478   98.84575    24.3989 7.0990e+00     27.297     1.2636 0.0000e+00
     26.000     9.0270    31.5264    9.32695   98.87516    24.3949 8.1695e+00     26.235     1.2974 0.0000e+00
     25.000     9.0258    31.5287    9.32674   98.87717    24.3973 9.4763e+00     25.223     1.3041 0.0000e+00
     24.000     9.0284    31.5291    9.32905   98.89852    24.3972 1.1008e+01     24.243     1.2453 0.0000e+00
     23.000     9.0309    31.5283    9.33183   98.92195    24.3961 1.2817e+01     23.205     1.2251 0.0000e+00
     22.000     9.0295    31.5280    9.33249   98.93445    24.3959 1.4953e+01     22.238     1.2034 0.0000e+00
     21.000     9.0265    31.5274    9.33241   98.92762    24.3960 1.7382e+01     21.159     1.2439 0.0000e+00
     20.000     9.0289    31.5289    9.33372   98.94162    24.3969 2.0041e+01     20.219     1.2367 0.0000e+00
     19.000     9.0259    31.5270    9.33771   98.98785    24.3957 2.3259e+01     19.147     1.3266 0.0000e+00
     18.000     9.0265    31.5283    9.33926   99.00518    24.3967 2.7586e+01     18.177     1.3082 0.0000e+00
     17.000     9.0280    31.5288    9.33475   98.95986    24.3970 3.2819e+01     17.169     1.3278 0.0000e+00
     16.000     9.0285    31.5279    9.33340   98.94892    24.3961 3.9042e+01     16.148     1.3003 0.0000e+00
     15.000     9.0295    31.5288    9.33496   98.96543    24.3968 4.6447e+01     15.150     1.3200 0.0000e+00
     14.000     9.0313    31.5281    9.33186   98.93221    24.3959 5.4837e+01     14.121     1.3475 0.0000e+00
     13.000     9.0312    31.5277    9.33051   98.91467    24.3955 6.4856e+01     13.121     1.3772 0.0000e+00
     12.000     9.0313    31.5276    9.33366   98.94584    24.3954 7.7848e+01     12.108     1.4011 0.0000e+00
     11.000     9.0297    31.5273    9.33894   99.00345    24.3954 9.2905e+01     11.097     1.3646 0.0000e+00
     10.000     9.0288    31.5268    9.34203   99.03932    24.3951 1.1042e+02     10.113     1.4066 0.0000e+00
      9.000     9.0295    31.5288    9.33073   98.91811    24.3968 1.3938e+02      9.060     1.4064 0.0000e+00
      8.000     9.0304    31.5281    9.33432   98.96156    24.3961 1.7523e+02      8.088     1.4366 0.0000e+00
      7.000     9.0303    31.5271    9.34116   99.04115    24.3951 2.2337e+02      7.056     1.2932 0.0000e+00
      6.000     9.0324    31.5282    9.34292   99.06573    24.3959 2.7690e+02      6.056     1.2182 0.0000e+00
      5.000     9.0357    31.5274    9.34565   99.10306    24.3947 3.3383e+02      5.055     1.1457 0.0000e+00
      4.000     9.0382    31.5276    9.34231   99.09596    24.3946 4.0820e+02      4.031     1.1064 0.0000e+00
      3.000     9.0418    31.5282    9.33614   99.07800    24.3945 4.3289e+02      3.034     1.0905 0.0000e+00
      2.000     9.0531    31.5314    9.31170   98.84753    24.3958 6.7610e+02      2.044     1.0169 0.0000e+00
      1.000     9.0741    31.5330    9.22150   97.67843    24.3942 1.5681e+03      1.084     0.9559 0.0000e+00
