CTD-processing/Workspace/ADFG-BobDeCino/2007/OTF_CTD_2007/CTD Data/ctd-07105_072007_4.cnv
* Sea-Bird SBE19plus Data File:
* FileName = C:\data\otf\2007\ctd-07105.hex
* Software Version 1.55
* Temperature SN =  5061
* Conductivity SN =  5061
* System UpLoad Time = Aug 15 2007 16:34:48
* ds
* SeacatPlus V 1.6a  SERIAL NO. 5061    15 Aug 2007  15:31:53
# nquan = 10
# nvalues = 82                          
# units = specified
# name 0 = depSM: Depth [salt water, m]
# name 1 = tv290C: Temperature [ITS-90, deg C]
# name 2 = sal00: Salinity [PSU]
# name 3 = sbeox0Mg/L: Oxygen, SBE 43 [mg/l]
# name 4 = sbeox0PS: Oxygen, SBE 43 [% saturation]
# name 5 = sigma-t00: Density [sigma-t, Kg/m^3 ]
# name 6 = par: PAR/Irradiance, Biospherical/Licor
# name 7 = prdM: Pressure, Strain Gauge [db]
# name 8 = flECO-AFL: Fluorescence, Wetlab ECO-AFL/FL [mg/m^3]
# name 9 = flag: flag
# span 0 =      1.000,     43.000       
# span 1 =     8.4829,     8.9068       
# span 2 =    31.3825,    31.5957       
# span 3 =    8.80670,   10.14895       
# span 4 =   92.54832,  101.88927       
# span 5 =    24.3012,    24.5308       
# span 6 = 2.6907e+00, 3.5398e+02       
# span 7 =      1.933,     42.248       
# span 8 =     0.7783,     1.5405       
# span 9 = 0.0000e+00, 0.0000e+00       
# interval = meters: 1                  
# start_time = Jul 20 2007 12:30:49
# bad_flag = -9.990e-29
*END*
      4.000     8.8016    31.4122    8.80670   92.54832    24.3344 1.8435e+02      4.691     0.7888 0.0000e+00
      5.000     8.7995    31.4087    8.86682   93.21066    24.3359 2.0345e+02      5.243     0.8015 0.0000e+00
      6.000     8.7857    31.4194    8.88849   93.35025    24.3458 2.5586e+02      6.100     1.0692 0.0000e+00
      7.000     8.7534    31.4164    8.94375   93.92247    24.3431 2.5258e+02      6.957     1.0055 0.0000e+00
      8.000     8.7142    31.4348    8.92166   93.65589    24.3652 2.2621e+02      8.185     0.9888 0.0000e+00
      9.000     8.6814    31.4084    8.90459   93.43013    24.3487 2.1167e+02      9.424     1.0235 0.0000e+00
     10.000     8.6838    31.4437    8.92346   93.60616    24.3805 1.7797e+02     10.072     1.0736 0.0000e+00
     11.000     8.6815    31.4308    8.85500   92.82315    24.3711 1.5255e+02     11.082     1.1712 0.0000e+00
     12.000     8.6822    31.4421    8.93310   93.63355    24.3820 1.3196e+02     11.672     1.1506 0.0000e+00
     13.000     8.6669    31.4683    9.19100   96.33234    24.4019 1.0874e+02     12.891     1.2674 0.0000e+00
     14.000     8.6539    31.4838    9.36676   98.17777    24.4165 9.3199e+01     14.296     1.3512 0.0000e+00
     15.000     8.6214    31.4893    9.40978   98.59982    24.4226 7.9620e+01     15.548     1.2715 0.0000e+00
     16.000     8.6150    31.4790    9.41812   98.66467    24.4180 6.9874e+01     16.458     1.2234 0.0000e+00
     17.000     8.5959    31.4876    9.43690   98.85906    24.4259 5.8976e+01     17.510     1.1855 0.0000e+00
     18.000     8.5768    31.5119    9.44945   98.98894    24.4479 5.0596e+01     18.526     1.2081 0.0000e+00
     19.000     8.5548    31.5159    9.45815   99.07955    24.4531 4.3673e+01     19.381     1.1874 0.0000e+00
     20.000     8.5226    31.5544    9.46876   99.19003    24.4864 3.7595e+01     20.497     1.1350 0.0000e+00
     21.000     8.5169    31.5512    9.47959   99.30311    24.4880 3.2574e+01     21.501     1.1385 0.0000e+00
     22.000     8.5165    31.5674    9.49063   99.41856    24.5039 2.8078e+01     22.233     1.1720 0.0000e+00
     23.000     8.5172    31.5646    9.49732   99.49012    24.5019 2.4143e+01     23.368     1.1888 0.0000e+00
     24.000     8.5173    31.5644    9.50672   99.58880    24.5019 2.1162e+01     24.365     1.1404 0.0000e+00
     25.000     8.5145    31.5629    9.51240   99.64765    24.5005 1.8368e+01     25.201     1.1208 0.0000e+00
     26.000     8.4906    31.5634    9.51018   99.62451    24.5010 1.5712e+01     26.504     1.1444 0.0000e+00
     27.000     8.4829    31.5693    9.51222   99.64618    24.5064 1.4000e+01     27.470     1.1368 0.0000e+00
     28.000     8.4858    31.5865    9.51959   99.72293    24.5226 1.2280e+01     28.091     1.1477 0.0000e+00
     29.000     8.4851    31.5933    9.51192   99.64532    24.5291 1.0658e+01     29.387     1.2074 0.0000e+00
     30.000     8.4846    31.5929    9.50734   99.59662    24.5287 9.4963e+00     30.259     1.1564 0.0000e+00
     31.000     8.4841    31.5936    9.50726   99.59457    24.5294 8.3353e+00     31.371     1.1898 0.0000e+00
     32.000     8.4840    31.5942    9.51118   99.63521    24.5299 7.4688e+00     32.230     1.1887 0.0000e+00
     33.000     8.4838    31.5943    9.51312   99.65472    24.5301 6.6304e+00     33.402     1.1399 0.0000e+00
     34.000 -9.990e-29 -9.990e-29 -9.990e-29 -9.990e-29 -9.990e-29 -9.990e-29 -9.990e-29 -9.990e-29 -9.990e-29
     35.000     8.4837    31.5944    9.51430   99.66907    24.5302 5.5829e+00     34.862     1.1138 0.0000e+00
     36.000     8.4852    31.5945    9.52054   99.73686    24.5303 4.8482e+00     36.254     1.1273 0.0000e+00
     37.000     8.4844    31.5931    9.52492   99.78408    24.5290 4.4622e+00     37.082     1.1149 0.0000e+00
     38.000 -9.990e-29 -9.990e-29 -9.990e-29 -9.990e-29 -9.990e-29 -9.990e-29 -9.990e-29 -9.990e-29 -9.990e-29
     39.000     8.4843    31.5940    9.53012   99.83705    24.5298 3.6994e+00     38.634     1.1081 0.0000e+00
     40.000     8.4842    31.5942    9.53161   99.85110    24.5299 3.4476e+00     39.454     1.1173 0.0000e+00
     41.000 -9.990e-29 -9.990e-29 -9.990e-29 -9.990e-29 -9.990e-29 -9.990e-29 -9.990e-29 -9.990e-29 -9.990e-29
     42.000     8.4850    31.5940    9.53567   99.89421    24.5297 3.0511e+00     40.405     1.1130 0.0000e+00
     43.000     8.4853    31.5942    9.54017   99.94091    24.5298 2.6907e+00     42.248     1.1684 0.0000e+00
     42.000     8.4863    31.5957    9.53980   99.93856    24.5308 2.9289e+00     41.726     1.2730 0.0000e+00
     41.000     8.4850    31.5940    9.53150   99.84912    24.5295 3.1315e+00     40.886     1.0841 0.0000e+00
     40.000     8.4855    31.5941    9.55019  100.04629    24.5297 3.3686e+00     40.051     1.1184 0.0000e+00
     39.000     8.4854    31.5939    9.55035  100.04627    24.5295 3.6318e+00     39.166     1.1244 0.0000e+00
     38.000     8.4855    31.5931    9.55265  100.07125    24.5289 3.9648e+00     38.252     1.1962 0.0000e+00
     37.000     8.4862    31.5932    9.56154  100.16535    24.5290 4.3339e+00     37.141     1.1184 0.0000e+00
     36.000     8.4861    31.5930    9.56078  100.16079    24.5287 4.7766e+00     36.242     1.1330 0.0000e+00
     35.000     8.4859    31.5931    9.55872  100.14508    24.5288 5.2445e+00     35.260     1.1341 0.0000e+00
     34.000     8.4853    31.5921    9.55756  100.13804    24.5281 5.8037e+00     34.311     1.1516 0.0000e+00
     33.000     8.4856    31.5929    9.56050  100.17149    24.5288 6.4616e+00     33.343     1.1825 0.0000e+00
     32.000     8.4860    31.5929    9.56327  100.20033    24.5288 7.2229e+00     32.259     1.1777 0.0000e+00
     31.000     8.4857    31.5919    9.56795  100.25536    24.5278 8.1124e+00     31.309     1.1713 0.0000e+00
     30.000     8.4861    31.5930    9.57042  100.28392    24.5288 9.0622e+00     30.345     1.1110 0.0000e+00
     29.000     8.4877    31.5907    9.57392  100.34306    24.5269 1.0283e+01     29.231     1.1688 0.0000e+00
     28.000     8.4904    31.5914    9.57746  100.40228    24.5273 1.1549e+01     28.310     1.1211 0.0000e+00
     27.000     8.4956    31.5867    9.58061  100.47741    24.5231 1.3112e+01     27.217     1.2346 0.0000e+00
     26.000     8.4961    31.5835    9.59494  100.64581    24.5201 1.4974e+01     26.251     1.1775 0.0000e+00
     25.000     8.4967    31.5823    9.60546  100.76833    24.5189 1.7019e+01     25.259     1.1188 0.0000e+00
     24.000     8.4984    31.5805    9.61019  100.84056    24.5173 1.9581e+01     24.254     1.1952 0.0000e+00
     23.000     8.5023    31.5798    9.60291  100.79331    24.5166 2.2333e+01     23.181     1.0923 0.0000e+00
     22.000     8.5109    31.5755    9.61791  100.98282    24.5126 2.5840e+01     22.108     1.1474 0.0000e+00
     21.000     8.5260    31.5688    9.62771  101.10181    24.5063 2.9994e+01     21.252     1.1950 0.0000e+00
     20.000     8.5485    31.5513    9.62490  101.09312    24.4900 3.5059e+01     20.114     1.1193 0.0000e+00
     19.000     8.5629    31.5326    9.63147  101.19059    24.4725 4.1242e+01     19.140     1.1527 0.0000e+00
     18.000     8.5698    31.5192    9.63981  101.31787    24.4598 4.8762e+01     18.178     1.2638 0.0000e+00
     17.000     8.5819    31.5110    9.64510  101.42426    24.4521 5.7062e+01     17.094     1.3962 0.0000e+00
     16.000     8.5943    31.5015    9.65305  101.61611    24.4433 6.5998e+01     16.147     1.4014 0.0000e+00
     15.000     8.6171    31.4877    9.66144  101.77877    24.4302 7.6843e+01     15.035     1.4591 0.0000e+00
     14.000     8.6242    31.4708    9.66206  101.83563    24.4143 9.0945e+01     14.181     1.5207 0.0000e+00
     13.000     8.6379    31.4598    9.65894  101.88927    24.4039 1.0696e+02     13.090     1.5405 0.0000e+00
     12.000     8.6480    31.4480    9.64983  101.87530    24.3929 1.2567e+02     12.073     1.4676 0.0000e+00
     11.000     8.6712    31.4389    9.64609  101.87029    24.3841 1.4437e+02     11.003     1.4595 0.0000e+00
     10.000     8.6874    31.4228    9.64598  101.87563    24.3687 1.7713e+02     10.098     1.4455 0.0000e+00
      9.000     8.7120    31.4098    9.64644  101.88660    24.3559 2.1037e+02      9.140     1.3370 0.0000e+00
      8.000     8.7596    31.4095    9.58999  101.28767    24.3524 2.4664e+02      8.116     1.2353 0.0000e+00
      7.000     8.7898    31.3988   10.14895  100.35971    24.3361 2.8521e+02      7.154     1.1192 0.0000e+00
      6.000     8.8143    31.3942 -9.990e-29 -9.990e-29    24.3283 3.2049e+02      6.184     1.0498 0.0000e+00
      5.000     8.8516    31.3955 -9.990e-29 -9.990e-29    24.3255 3.3426e+02      5.183     0.9595 0.0000e+00
      4.000     8.8867    31.3960 -9.990e-29 -9.990e-29    24.3209 3.5398e+02      4.327     0.8262 0.0000e+00
      3.000     8.9035    31.3841 -9.990e-29 -9.990e-29    24.3028 2.4243e+02      3.183     0.7783 0.0000e+00
      2.000     8.9045    31.3854 -9.990e-29 -9.990e-29    24.3044 1.8937e+02      2.602     0.8039 0.0000e+00
      1.000     8.9068    31.3825 -9.990e-29 -9.990e-29    24.3012 1.8076e+02      1.933     0.8260 0.0000e+00
