CTD-processing/Workspace/ADFG-BobDeCino/2007/OTF_CTD_2007/CTD Data/ctd-07119_072307_6.cnv
* Sea-Bird SBE19plus Data File:
* FileName = C:\data\otf\2007\ctd-07119.hex
* Software Version 1.55
* Temperature SN =  5061
* Conductivity SN =  5061
* System UpLoad Time = Aug 15 2007 16:46:42
* ds
* SeacatPlus V 1.6a  SERIAL NO. 5061    15 Aug 2007  15:31:53
# nquan = 10
# nvalues = 171                         
# units = specified
# name 0 = depSM: Depth [salt water, m]
# name 1 = tv290C: Temperature [ITS-90, deg C]
# name 2 = sal00: Salinity [PSU]
# name 3 = sbeox0Mg/L: Oxygen, SBE 43 [mg/l]
# name 4 = sbeox0PS: Oxygen, SBE 43 [% saturation]
# name 5 = sigma-t00: Density [sigma-t, Kg/m^3 ]
# name 6 = par: PAR/Irradiance, Biospherical/Licor
# name 7 = prdM: Pressure, Strain Gauge [db]
# name 8 = flECO-AFL: Fluorescence, Wetlab ECO-AFL/FL [mg/m^3]
# name 9 = flag: flag
# span 0 =      1.000,     88.000       
# span 1 =     8.5071,    10.1673       
# span 2 =    30.1649,    31.5660       
# span 3 =    8.26064,   10.75986       
# span 4 =   88.75759,  101.93472       
# span 5 =    23.1498,    24.5045       
# span 6 = 1.5489e+00, 1.0264e+02       
# span 7 =      1.068,     88.580       
# span 8 =     0.9941,     1.9938       
# span 9 = 0.0000e+00, 0.0000e+00       
# interval = meters: 1                  
# start_time = Jul 23 2007 11:21:27
# bad_flag = -9.990e-29
*END*
      5.000    10.1673    30.1649    8.26064   88.75759    23.1498 4.4984e+01      5.124     1.6911 0.0000e+00
      6.000    10.0754    30.2600    8.45540   90.71496    23.2341 3.4838e+01      6.010     1.5810 0.0000e+00
      7.000    10.0225    30.3491    8.58517   92.03459    23.3168 2.6534e+01      7.194     1.5513 0.0000e+00
      8.000     9.9788    30.3810    8.54500   91.57100    23.3462 2.1039e+01      8.128     1.5442 0.0000e+00
      9.000     9.8866    30.4671    8.50743   91.08170    23.4231 1.6457e+01      9.016     1.5946 0.0000e+00
     10.000     9.8095    30.5773    8.57407   91.69612    23.5256 1.3086e+01      9.949     1.6679 0.0000e+00
     11.000     9.7721    30.6438    8.62249   92.28038    23.5872 1.0476e+01     11.005     1.7309 0.0000e+00
     12.000     9.7089    30.6875    8.54968   91.32951    23.6275 8.5089e+00     12.047     1.7475 0.0000e+00
     13.000     9.6454    30.8034    8.53217   90.96287    23.7335 7.0185e+00     13.060     1.6600 0.0000e+00
     14.000     9.5505    30.8373    8.59452   91.33394    23.7663 5.8814e+00     14.172     1.5442 0.0000e+00
     15.000     9.4433    30.9646    8.73203   92.71438    23.8877 4.9868e+00     15.271     1.4266 0.0000e+00
     16.000     9.3035    31.0062    8.83454   93.78000    23.9347 4.3827e+00     16.218     1.4067 0.0000e+00
     17.000     9.2267    31.1284    8.91946   94.66989    24.0499 3.8488e+00     17.198     1.2714 0.0000e+00
     18.000     9.2050    31.1549    8.96900   95.17188    24.0760 3.4453e+00     18.296     1.2362 0.0000e+00
     19.000     9.1920    31.1614    9.02967   95.79405    24.0835 3.1228e+00     19.218     1.2419 0.0000e+00
     20.000     9.1862    31.1736    9.05071   95.98109    24.0945 2.8470e+00     20.200     1.2350 0.0000e+00
     21.000     9.1784    31.1755    9.05649   96.02881    24.0967 2.6341e+00     21.235     1.2232 0.0000e+00
     22.000     9.1661    31.1829    9.04784   95.93374    24.1039 2.4556e+00     22.166     1.2226 0.0000e+00
     23.000     9.1505    31.1988    8.96898   95.08863    24.1185 2.2974e+00     23.124     1.2226 0.0000e+00
     24.000     9.1292    31.2209    8.92143   94.53800    24.1392 2.1662e+00     24.137     1.2126 0.0000e+00
     25.000     9.1181    31.2373    8.99182   95.15488    24.1544 2.0610e+00     25.122     1.1878 0.0000e+00
     26.000     9.1129    31.2517    9.10540   96.25663    24.1670 1.9728e+00     26.330     1.1638 0.0000e+00
     27.000     9.0849    31.2410    9.21048   97.34159    24.1599 1.9080e+00     27.212     1.1728 0.0000e+00
     28.000     8.9992    31.2835    9.29146   98.16566    24.2053 1.8471e+00     28.273     1.1370 0.0000e+00
     29.000     8.9623    31.3116    9.33689   98.61724    24.2356 1.8041e+00     29.311     1.0873 0.0000e+00
     30.000     8.9484    31.3234    9.36835   98.94410    24.2476 1.7639e+00     30.246     1.0470 0.0000e+00
     31.000     8.9285    31.3294    9.39139   99.17903    24.2546 1.7308e+00     31.375     1.0792 0.0000e+00
     32.000     8.9175    31.3425    9.40806   99.33850    24.2678 1.7047e+00     32.300     1.0505 0.0000e+00
     33.000     8.9152    31.3439    9.41879   99.40640    24.2692 1.6807e+00     33.306     1.0405 0.0000e+00
     34.000     8.9118    31.3457    9.42572   99.39513    24.2713 1.6604e+00     34.340     1.0480 0.0000e+00
     35.000     8.9033    31.3465    9.44139   99.51249    24.2726 1.6440e+00     35.257     1.0743 0.0000e+00
     36.000     8.8794    31.3504    9.44530   99.50933    24.2783 1.6321e+00     36.345     1.0500 0.0000e+00
     37.000     8.8362    31.3600    9.45404   99.57105    24.2916 1.6209e+00     37.302     1.0232 0.0000e+00
     38.000     8.8039    31.3802    9.46503   99.66153    24.3134 1.6105e+00     38.393     0.9964 0.0000e+00
     39.000     8.7830    31.3913    9.47887   99.78670    24.3254 1.6019e+00     39.391     1.0004 0.0000e+00
     40.000     8.7674    31.4028    9.48530   99.83153    24.3371 1.5941e+00     40.488     0.9941 0.0000e+00
     41.000     8.7606    31.4090    9.48996   99.84858    24.3433 1.5882e+00     41.397     0.9992 0.0000e+00
     42.000     8.7512    31.4129    9.49409   99.87935    24.3475 1.5829e+00     42.401     1.0096 0.0000e+00
     43.000     8.7414    31.4200    9.50216   99.96118    24.3547 1.5783e+00     43.486     1.0161 0.0000e+00
     44.000     8.7273    31.4218    9.51009  100.00373    24.3574 1.5748e+00     44.360     1.0223 0.0000e+00
     45.000     8.7163    31.4325    9.51443  100.03184    24.3684 1.5715e+00     45.384     1.0328 0.0000e+00
     46.000     8.7187    31.4367    9.51308  100.00695    24.3720 1.5686e+00     46.455     1.0230 0.0000e+00
     47.000     8.6957    31.4377    9.51236   99.98528    24.3745 1.5661e+00     47.340     1.1269 0.0000e+00
     48.000     8.6830    31.4509    9.51686  100.00974    24.3877 1.5638e+00     48.413     1.2377 0.0000e+00
     49.000     8.6746    31.4559    9.52685  100.09401    24.3930 1.5619e+00     49.572     1.2525 0.0000e+00
     50.000     8.6621    31.4607    9.53063  100.11629    24.3984 1.5605e+00     50.477     1.2710 0.0000e+00
     51.000     8.6539    31.4673    9.52979  100.10065    24.4050 1.5591e+00     51.555     1.2652 0.0000e+00
     52.000     8.6457    31.4699    9.53312  100.13044    24.4081 1.5578e+00     52.533     1.2690 0.0000e+00
     53.000     8.6371    31.4735    9.53476  100.11962    24.4121 1.5567e+00     53.556     1.2736 0.0000e+00
     54.000     8.6356    31.4792    9.53871  100.13049    24.4176 1.5560e+00     54.496     1.2754 0.0000e+00
     55.000     8.6347    31.4773    9.53625  100.09434    24.4158 1.5551e+00     55.463     1.2739 0.0000e+00
     56.000     8.6184    31.4808    9.53805  100.10284    24.4201 1.5546e+00     56.614     1.2773 0.0000e+00
     57.000     8.6034    31.4890    9.53956  100.11103    24.4287 1.5542e+00     57.423     1.2887 0.0000e+00
     58.000     8.5956    31.5021    9.53479  100.04224    24.4414 1.5537e+00     58.626     1.2484 0.0000e+00
     59.000     8.5911    31.5009    9.53814  100.06679    24.4404 1.5532e+00     59.481     1.2650 0.0000e+00
     60.000     8.5846    31.5069    9.53440  100.00095    24.4465 1.5520e+00     60.654     1.2970 0.0000e+00
     61.000     8.5740    31.5096    9.53886  100.00834    24.4495 1.5521e+00     61.525     1.2961 0.0000e+00
     62.000     8.5698    31.5157    9.53965  100.00423    24.4555 1.5519e+00     62.611     1.2891 0.0000e+00
     63.000     8.5489    31.5219    9.53936   99.99563    24.4623 1.5521e+00     63.624     1.3210 0.0000e+00
     64.000     8.5333    31.5375    9.54232  100.02236    24.4776 1.5516e+00     64.642     1.3169 0.0000e+00
     65.000     8.5289    31.5439    9.54367  100.03130    24.4838 1.5514e+00     65.640     1.3374 0.0000e+00
     66.000     8.5264    31.5459    9.54671  100.05584    24.4858 1.5512e+00     66.610     1.3196 0.0000e+00
     67.000     8.5238    31.5481    9.54563  100.04141    24.4878 1.5512e+00     67.739     1.3195 0.0000e+00
     68.000     8.5213    31.5501    9.54825  100.06324    24.4897 1.5507e+00     68.597     1.3220 0.0000e+00
     69.000     8.5167    31.5543    9.54478  100.02314    24.4937 1.5509e+00     69.614     1.3324 0.0000e+00
     70.000     8.5147    31.5570    9.54175   99.98892    24.4962 1.5503e+00     70.656     1.3320 0.0000e+00
     71.000     8.5106    31.5609    9.54283  100.00022    24.4998 1.5504e+00     71.573     1.3396 0.0000e+00
     72.000     8.5077    31.5646    9.54069   99.97836    24.5033 1.5500e+00     72.686     1.3232 0.0000e+00
     73.000     8.5071    31.5660    9.54646  100.04039    24.5045 1.5500e+00     73.715     1.3427 0.0000e+00
     74.000     8.5074    31.5657    9.54752  100.05230    24.5042 1.5500e+00     74.793     1.3590 0.0000e+00
     75.000     8.5081    31.5651    9.54991  100.07770    24.5037 1.5497e+00     75.772     1.3612 0.0000e+00
     76.000     8.5086    31.5645    9.54960  100.07523    24.5031 1.5498e+00     76.695     1.3473 0.0000e+00
     77.000     8.5089    31.5644    9.54679  100.04537    24.5030 1.5502e+00     77.822     1.3574 0.0000e+00
     78.000     8.5092    31.5644    9.54722  100.05026    24.5029 1.5500e+00     78.676     1.3599 0.0000e+00
     79.000     8.5093    31.5643    9.54748  100.05361    24.5028 1.5501e+00     79.790     1.3635 0.0000e+00
     80.000     8.5091    31.5646    9.54508  100.03031    24.5031 1.5497e+00     80.832     1.3499 0.0000e+00
     81.000     8.5092    31.5646    9.54630  100.04424    24.5031 1.5499e+00     81.683     1.3671 0.0000e+00
     82.000     8.5097    31.5645    9.55055  100.09007    24.5029 1.5494e+00     82.850     1.3645 0.0000e+00
     83.000     8.5107    31.5644    9.55128  100.09872    24.5028 1.5497e+00     83.748     1.3634 0.0000e+00
     84.000     8.5115    31.5633    9.54031   99.98492    24.5017 1.5496e+00     84.783     1.3578 0.0000e+00
     85.000     8.5120    31.5632    9.53944   99.97658    24.5015 1.5494e+00     85.755     1.3659 0.0000e+00
     86.000     8.5128    31.5625    9.54337  100.01900    24.5009 1.5496e+00     86.815     1.3664 0.0000e+00
     87.000     8.5137    31.5612    9.54094   99.99354    24.4998 1.5493e+00     87.775     1.3805 0.0000e+00
     88.000     8.5147    31.5613    9.52037   99.77799    24.4998 1.5492e+00     88.580     1.3750 0.0000e+00
     87.000     8.5150    31.5609    9.52703   99.84808    24.4993 1.5493e+00     87.785     1.3994 0.0000e+00
     86.000     8.5143    31.5612    9.53267   99.90696    24.4997 1.5490e+00     86.796     1.3764 0.0000e+00
     85.000     8.5144    31.5613    9.52233   99.79796    24.4997 1.5494e+00     85.780     1.3575 0.0000e+00
     84.000     8.5142    31.5612    9.52114   99.78343    24.4996 1.5495e+00     84.834     1.3935 0.0000e+00
     83.000     8.5138    31.5617    9.52302   99.79969    24.5001 1.5495e+00     83.769     1.4072 0.0000e+00
     82.000     8.5125    31.5621    9.52371   99.80453    24.5005 1.5493e+00     82.796     1.4351 0.0000e+00
     81.000     8.5108    31.5636    9.52189   99.78561    24.5020 1.5491e+00     81.780     1.4152 0.0000e+00
     80.000     8.5095    31.5643    9.52158   99.78107    24.5027 1.5495e+00     80.750     1.3939 0.0000e+00
     79.000     8.5095    31.5647    9.52801   99.84787    24.5030 1.5496e+00     79.824     1.3794 0.0000e+00
     78.000     8.5091    31.5645    9.53534   99.92390    24.5030 1.5493e+00     78.723     1.4283 0.0000e+00
     77.000     8.5086    31.5648    9.52921   99.85918    24.5033 1.5495e+00     77.708     1.3822 0.0000e+00
     76.000     8.5084    31.5647    9.53465   99.91594    24.5032 1.5492e+00     76.791     1.3783 0.0000e+00
     75.000     8.5081    31.5647    9.53870   99.95816    24.5033 1.5490e+00     75.689     1.4097 0.0000e+00
     74.000     8.5082    31.5645    9.53515   99.92160    24.5031 1.5495e+00     74.760     1.3774 0.0000e+00
     73.000     8.5081    31.5642    9.53300   99.89834    24.5030 1.5491e+00     73.651     1.3782 0.0000e+00
     72.000     8.5083    31.5642    9.53459   99.91456    24.5029 1.5490e+00     72.740     1.3847 0.0000e+00
     71.000     8.5081    31.5641    9.53460   99.91548    24.5029 1.5489e+00     71.650     1.3789 0.0000e+00
     70.000     8.5079    31.5642    9.52346   99.80160    24.5029 1.5493e+00     70.669     1.3948 0.0000e+00
     69.000     8.5091    31.5627    9.53158   99.89158    24.5017 1.5492e+00     69.663     1.3720 0.0000e+00
     68.000     8.5111    31.5598    9.53270   99.90731    24.4991 1.5496e+00     68.663     1.3470 0.0000e+00
     67.000     8.5142    31.5570    9.53344   99.92215    24.4965 1.5497e+00     67.656     1.3487 0.0000e+00
     66.000     8.5166    31.5546    9.53807   99.97968    24.4942 1.5495e+00     66.592     1.3564 0.0000e+00
     65.000     8.5209    31.5520    9.53993  100.00942    24.4917 1.5498e+00     65.636     1.3539 0.0000e+00
     64.000     8.5259    31.5481    9.53608   99.98020    24.4879 1.5500e+00     64.606     1.3269 0.0000e+00
     63.000     8.5325    31.5432    9.53093   99.94591    24.4832 1.5503e+00     63.604     1.3367 0.0000e+00
     62.000     8.5381    31.5377    9.53172   99.96355    24.4779 1.5506e+00     62.602     1.3822 0.0000e+00
     61.000     8.5500    31.5308    9.53500  100.02511    24.4709 1.5508e+00     61.572     1.3433 0.0000e+00
     60.000     8.5561    31.5277    9.53375  100.03161    24.4677 1.5511e+00     60.618     1.3249 0.0000e+00
     59.000     8.5704    31.5173    9.53768  100.09019    24.4574 1.5516e+00     59.547     1.3506 0.0000e+00
     58.000     8.5815    31.5097    9.53955  100.13315    24.4498 1.5522e+00     58.576     1.3248 0.0000e+00
     57.000     8.5903    31.5034    9.54077  100.17104    24.4434 1.5523e+00     57.516     1.3126 0.0000e+00
     56.000     8.6034    31.4963    9.54262  100.20854    24.4361 1.5530e+00     56.586     1.2957 0.0000e+00
     55.000     8.6158    31.4885    9.53352  100.12809    24.4281 1.5538e+00     55.502     1.2962 0.0000e+00
     54.000     8.6258    31.4824    9.53426  100.14935    24.4216 1.5544e+00     54.509     1.2505 0.0000e+00
     53.000     8.6330    31.4786    9.53239  100.14044    24.4177 1.5555e+00     53.505     1.1942 0.0000e+00
     52.000     8.6393    31.4750    9.53446  100.17207    24.4138 1.5564e+00     52.480     1.2087 0.0000e+00
     51.000     8.6442    31.4733    9.53409  100.18264    24.4118 1.5578e+00     51.508     1.2129 0.0000e+00
     50.000     8.6491    31.4705    9.53075  100.17286    24.4088 1.5592e+00     50.475     1.2097 0.0000e+00
     49.000     8.6593    31.4669    9.53836  100.27939    24.4047 1.5610e+00     49.487     1.1825 0.0000e+00
     48.000     8.6712    31.4599    9.54777  100.39523    24.3975 1.5629e+00     48.454     1.1489 0.0000e+00
     47.000     8.6856    31.4517    9.54376  100.36444    24.3889 1.5653e+00     47.465     1.1232 0.0000e+00
     46.000     8.6936    31.4450    9.53692  100.30726    24.3822 1.5680e+00     46.423     1.1614 0.0000e+00
     45.000     8.6991    31.4418    9.52950  100.23885    24.3789 1.5709e+00     45.446     1.1126 0.0000e+00
     44.000     8.7078    31.4383    9.53254  100.28030    24.3749 1.5746e+00     44.380     1.0999 0.0000e+00
     43.000     8.7112    31.4355    9.53158  100.28356    24.3721 1.5786e+00     43.445     1.0942 0.0000e+00
     42.000     8.7167    31.4340    9.53637  100.35185    24.3703 1.5829e+00     42.391     1.0774 0.0000e+00
     41.000     8.7235    31.4298    9.54128  100.43010    24.3657 1.5885e+00     41.380     1.0741 0.0000e+00
     40.000     8.7352    31.4254    9.54351  100.47262    24.3611 1.5956e+00     40.424     1.1083 0.0000e+00
     39.000     8.7488    31.4145    9.54124  100.49227    24.3501 1.6031e+00     39.283     1.1618 0.0000e+00
     38.000     8.7602    31.4098    9.53044  100.41861    24.3451 1.6116e+00     38.361     1.1154 0.0000e+00
     37.000     8.7782    31.4007    9.52835  100.43305    24.3353 1.6226e+00     37.384     1.0582 0.0000e+00
     36.000     8.8018    31.3901    9.52941  100.49856    24.3236 1.6339e+00     36.318     1.1080 0.0000e+00
     35.000     8.8210    31.3833    9.52573  100.50370    24.3155 1.6470e+00     35.362     1.0844 0.0000e+00
     34.000     8.8467    31.3737    9.52435  100.52875    24.3041 1.6638e+00     34.286     1.1082 0.0000e+00
     33.000     8.8684    31.3666    9.52796  100.59222    24.2952 1.6833e+00     33.306     1.1641 0.0000e+00
     32.000     8.8845    31.3577    9.52444  100.58320    24.2855 1.7037e+00     32.314     1.1629 0.0000e+00
     31.000     8.8979    31.3515    9.51418  100.50561    24.2786 1.7293e+00     31.303     1.2515 0.0000e+00
     30.000     8.9143    31.3431    9.51963  100.56757    24.2697 1.7599e+00     30.256     1.2842 0.0000e+00
     29.000     8.9294    31.3329    9.51926  100.57323    24.2591 1.7971e+00     29.304     1.1635 0.0000e+00
     28.000     8.9309    31.3312    9.51126  100.52053    24.2574 1.8374e+00     28.206     1.1909 0.0000e+00
