CTD-processing/Workspace/ADFG-BobDeCino/2007/OTF_CTD_2007/CTD Data/ctd-07025_070607_6.cnv
* Sea-Bird SBE19plus Data File:
* FileName = C:\data\otf\2007\ctd-07025.hex
* Software Version 1.55
* Temperature SN =  5061
* Conductivity SN =  5061
* System UpLoad Time = Aug 15 2007 16:00:00
* ds
* SeacatPlus V 1.6a  SERIAL NO. 5061    15 Aug 2007  15:31:53
# nquan = 10
# nvalues = 175                         
# units = specified
# name 0 = depSM: Depth [salt water, m]
# name 1 = tv290C: Temperature [ITS-90, deg C]
# name 2 = sal00: Salinity [PSU]
# name 3 = sbeox0Mg/L: Oxygen, SBE 43 [mg/l]
# name 4 = sbeox0PS: Oxygen, SBE 43 [% saturation]
# name 5 = sigma-t00: Density [sigma-t, Kg/m^3 ]
# name 6 = par: PAR/Irradiance, Biospherical/Licor
# name 7 = prdM: Pressure, Strain Gauge [db]
# name 8 = flECO-AFL: Fluorescence, Wetlab ECO-AFL/FL [mg/m^3]
# name 9 = flag: flag
# span 0 =      1.000,     90.000       
# span 1 =     7.7797,     7.9352       
# span 2 =    31.4595,    31.5802       
# span 3 =    9.16893,   12.20391       
# span 4 =   94.70601,  109.30519       
# span 5 =    24.5094,    24.6201       
# span 6 = 1.5466e+00, 3.8452e+02       
# span 7 =      1.783,     90.171       
# span 8 =     0.6658,     1.3201       
# span 9 = 0.0000e+00, 0.0000e+00       
# interval = meters: 1                  
# start_time = Jul 06 2007 09:15:10
# bad_flag = -9.990e-29
*END*
[from data line 145]
     30.000     7.8847    31.4660   10.05914  103.85601    24.5162 4.7312e+00     30.287     0.8126 0.0000e+00
     29.000     7.8861    31.4649   10.08133  104.08758    24.5150 5.3016e+00     29.193     1.1300 0.0000e+00
     28.000     7.8854    31.4637   10.07731  104.05508    24.5139 6.0073e+00     28.340     0.7486 0.0000e+00
     27.000     7.8826    31.4626   10.08302  104.12375    24.5131 6.8751e+00     27.157     1.0779 0.0000e+00
     26.000     7.8816    31.4631   10.09607  104.26845    24.5138 7.9013e+00     26.262     0.9147 0.0000e+00
     25.000     7.8822    31.4644   10.10391  104.35645    24.5151 9.0334e+00     25.163     0.8417 0.0000e+00
     24.000     7.8836    31.4636   10.11387  104.46022    24.5144 1.0457e+01     24.309     0.8109 0.0000e+00
     23.000     7.8854    31.4635   10.11367  104.45964    24.5141 1.2184e+01     23.237     0.9542 0.0000e+00
     22.000     7.8864    31.4625   10.11590  104.48289    24.5131 1.4195e+01     22.210     0.9993 0.0000e+00
     21.000     7.8876    31.4626   10.11902  104.51552    24.5130 1.6609e+01     21.206     0.7841 0.0000e+00
     20.000     7.8906    31.4624   10.14881  104.82535    24.5127 1.9495e+01     20.240     0.9066 0.0000e+00
     19.000     7.8940    31.4635   10.14713  104.80899    24.5134 2.2948e+01     19.234     0.9861 0.0000e+00
     18.000     7.8986    31.4633   10.17187  105.06716    24.5125 2.7022e+01     18.243     0.8636 0.0000e+00
     17.000     7.9024    31.4637   10.16262  104.97477    24.5122 3.2107e+01     17.215     0.9169 0.0000e+00
     16.000     7.9032    31.4626   10.16751  105.02582    24.5108 3.7962e+01     16.194     0.9081 0.0000e+00
     15.000     7.9038    31.4621   10.19236  105.28210    24.5102 4.5092e+01     15.134     0.9356 0.0000e+00
     14.000     7.9038    31.4622   10.22765  105.65179    24.5102 5.3439e+01     14.140     0.9974 0.0000e+00
     13.000     7.9041    31.4623   10.23500  105.73135    24.5103 6.2831e+01     13.094     1.0174 0.0000e+00
     12.000     7.9050    31.4623   10.36307  107.05323    24.5103 7.4138e+01     12.149     0.8378 0.0000e+00
     11.000     7.9055    31.4622   10.40519  107.49478    24.5100 8.7367e+01     11.162     0.9527 0.0000e+00
     10.000     7.9065    31.4626   10.49834  108.46438    24.5103 1.0194e+02     10.162     0.8701 0.0000e+00
      9.000     7.9078    31.4628   10.57977  109.30519    24.5103 1.1826e+02      9.104     0.9037 0.0000e+00
      8.000     7.9077    31.4625   10.48927  108.37662    24.5099 1.3294e+02      8.110     0.8986 0.0000e+00
      7.000     7.9084    31.4623   11.03813  106.42259    24.5097 1.4679e+02      7.130     0.8845 0.0000e+00
      6.000     7.9107    31.4629   11.98993  104.73935    24.5102 1.5424e+02      6.124     0.8921 0.0000e+00
      5.000     7.9110    31.4628   12.20391  104.42496    24.5097 1.5858e+02      5.190     0.8133 0.0000e+00
      4.000     7.9114    31.4625 -9.990e-29 -9.990e-29    24.5094 1.6377e+02      4.243     0.7117 0.0000e+00
      3.000     7.9153    31.4637 -9.990e-29 -9.990e-29    24.5103 1.6853e+02      3.291     0.7534 0.0000e+00
      2.000     7.9162    31.4641 -9.990e-29 -9.990e-29    24.5102 1.9108e+02      2.532     0.7665 0.0000e+00
      1.000     7.9159    31.4635 -9.990e-29 -9.990e-29    24.5095 3.8452e+02      1.783     0.7606 0.0000e+00
