CTD-processing/Workspace/ADFG-BobDeCino/2007/OTF_CTD_2007/CTD Data/ctd-07099_071907_8.cnv
* Sea-Bird SBE19plus Data File:
* FileName = C:\data\otf\2007\ctd-07099.hex
* Software Version 1.55
* Temperature SN =  5061
* Conductivity SN =  5061
* System UpLoad Time = Aug 15 2007 16:32:54
* ds
* SeacatPlus V 1.6a  SERIAL NO. 5061    15 Aug 2007  15:31:53
# nquan = 10
# nvalues = 100                         
# units = specified
# name 0 = depSM: Depth [salt water, m]
# name 1 = tv290C: Temperature [ITS-90, deg C]
# name 2 = sal00: Salinity [PSU]
# name 3 = sbeox0Mg/L: Oxygen, SBE 43 [mg/l]
# name 4 = sbeox0PS: Oxygen, SBE 43 [% saturation]
# name 5 = sigma-t00: Density [sigma-t, Kg/m^3 ]
# name 6 = par: PAR/Irradiance, Biospherical/Licor
# name 7 = prdM: Pressure, Strain Gauge [db]
# name 8 = flECO-AFL: Fluorescence, Wetlab ECO-AFL/FL [mg/m^3]
# name 9 = flag: flag
# span 0 =      1.000,     52.000       
# span 1 =     9.6285,    11.0259       
# span 2 =    30.1187,    30.6415       
# span 3 =    8.79829,   10.96392       
# span 4 =   94.62987,  103.62110       
# span 5 =    23.0447,    23.6098       
# span 6 = 1.5435e+00, 6.9671e+02       
# span 7 =      1.927,     51.314       
# span 8 =     0.8599,     1.6069       
# span 9 = 0.0000e+00, 0.0000e+00       
# interval = meters: 1                  
# start_time = Jul 19 2007 17:43:49
# bad_flag = -9.990e-29
*END*
      4.000    10.4369    30.2381    8.99535   96.84089    23.1290 1.3320e+02      5.178     1.0905 0.0000e+00
      5.000 -9.990e-29 -9.990e-29 -9.990e-29 -9.990e-29 -9.990e-29 -9.990e-29 -9.990e-29 -9.990e-29 -9.990e-29
      6.000    10.1982    30.1187    8.98849   96.75954    23.0447 6.4576e+01      6.366     1.0932 0.0000e+00
      7.000    10.1358    30.3108    8.96749   96.51529    23.2453 3.4872e+01      7.439     1.1169 0.0000e+00
      8.000    10.1007    30.3419    8.91983   95.98094    23.2883 2.0949e+01      8.552     1.1366 0.0000e+00
      9.000 -9.990e-29 -9.990e-29 -9.990e-29 -9.990e-29 -9.990e-29 -9.990e-29 -9.990e-29 -9.990e-29 -9.990e-29
     10.000    10.0882    30.4049    8.79829   94.64487    23.3513 8.2021e+00     10.347     1.2053 0.0000e+00
     11.000    10.0857    30.3973    8.79996   94.62987    23.3454 5.9531e+00     11.340     1.1870 0.0000e+00
     12.000    10.0814    30.4003    8.86269   95.26588    23.3487 4.1950e+00     12.333     1.2079 0.0000e+00
     13.000    10.0744    30.4040    8.95441   96.20803    23.3520 3.1686e+00     13.389     1.2261 0.0000e+00
     14.000    10.0615    30.4018    9.00335   96.60889    23.3509 2.5967e+00     14.364     1.2165 0.0000e+00
     15.000 -9.990e-29 -9.990e-29 -9.990e-29 -9.990e-29 -9.990e-29 -9.990e-29 -9.990e-29 -9.990e-29 -9.990e-29
     16.000    10.0388    30.4072    9.05988   97.06981    23.3564 2.0519e+00     15.672     1.2259 0.0000e+00
     17.000    10.0284    30.4341    9.11591   97.65347    23.3810 1.7758e+00     17.057     1.1877 0.0000e+00
     18.000    10.0259    30.4497    9.13487   97.84281    23.3962 1.6859e+00     18.079     1.1822 0.0000e+00
     19.000    10.0220    30.4443    9.17419   98.18749    23.3924 1.6433e+00     18.932     1.2214 0.0000e+00
     20.000    10.0189    30.4534    9.25003   98.92501    23.3999 1.6071e+00     19.905     1.2118 0.0000e+00
     21.000    10.0178    30.4497    9.29649   99.43456    23.3978 1.5862e+00     20.907     1.2049 0.0000e+00
     22.000     9.9953    30.4566    9.32287   99.72006    23.4036 1.5727e+00     21.938     1.2161 0.0000e+00
     23.000     9.9908    30.4659    9.34986  100.00513    23.4135 1.5635e+00     23.079     1.2185 0.0000e+00
     24.000     9.9765    30.4852    9.38170  100.33938    23.4309 1.5571e+00     24.546     1.1907 0.0000e+00
     25.000     9.9505    30.4677    9.38227  100.34478    23.4178 1.5536e+00     25.654     1.2159 0.0000e+00
     26.000     9.9294    30.4676    9.38540  100.37249    23.4201 1.5515e+00     26.621     1.2169 0.0000e+00
     27.000 -9.990e-29 -9.990e-29 -9.990e-29 -9.990e-29 -9.990e-29 -9.990e-29 -9.990e-29 -9.990e-29 -9.990e-29
     28.000     9.8297    30.4831    9.40133  100.53922    23.4371 1.5488e+00     28.046     1.1923 0.0000e+00
     29.000     9.7561    30.4866    9.42008  100.71896    23.4442 1.5478e+00     29.403     1.1820 0.0000e+00
     30.000     9.7658    30.5431    9.42466  100.72762    23.5044 1.5471e+00     30.260     1.1893 0.0000e+00
     31.000     9.7663    30.5708    9.42689  100.75095    23.5316 1.5472e+00     31.047     1.2542 0.0000e+00
     32.000     9.7415    30.5780    9.43146  100.80459    23.5384 1.5464e+00     31.835     1.2747 0.0000e+00
     33.000     9.7060    30.5683    9.43847  100.87714    23.5312 1.5466e+00     32.708     1.2880 0.0000e+00
     34.000 -9.990e-29 -9.990e-29 -9.990e-29 -9.990e-29 -9.990e-29 -9.990e-29 -9.990e-29 -9.990e-29 -9.990e-29
     35.000     9.6883    30.5719    9.44566  100.94194    23.5391 1.5468e+00     33.921     1.2732 0.0000e+00
     36.000     9.6878    30.6063    9.46355  101.12185    23.5726 1.5469e+00     35.797     1.4050 0.0000e+00
     37.000     9.6826    30.6102    9.49515  101.43924    23.5767 1.5459e+00     38.823     1.4530 0.0000e+00
     38.000     9.6815    30.6110    9.49154  101.40850    23.5775 1.5467e+00     38.989     1.4689 0.0000e+00
     39.000     9.6784    30.6114    9.48901  101.38082    23.5781 1.5466e+00     40.327     1.4566 0.0000e+00
     40.000     9.6731    30.6117    9.48891  101.38008    23.5787 1.5465e+00     40.965     1.4208 0.0000e+00
     41.000     9.6544    30.6143    9.48947  101.38699    23.5810 1.5463e+00     41.861     1.3884 0.0000e+00
     42.000     9.6471    30.6138    9.48940  101.38584    23.5815 1.5463e+00     42.793     1.3960 0.0000e+00
     43.000 -9.990e-29 -9.990e-29 -9.990e-29 -9.990e-29 -9.990e-29 -9.990e-29 -9.990e-29 -9.990e-29 -9.990e-29
     44.000     9.6495    30.6293    9.49046  101.39660    23.5971 1.5461e+00     43.973     1.4182 0.0000e+00
     45.000     9.6463    30.6345    9.49085  101.40511    23.6021 1.5461e+00     45.258     1.3965 0.0000e+00
     46.000     9.6403    30.6305    9.49024  101.40001    23.5982 1.5467e+00     46.120     1.4469 0.0000e+00
     47.000     9.6390    30.6314    9.49449  101.44318    23.5994 1.5468e+00     46.862     1.4532 0.0000e+00
     48.000     9.6393    30.6342    9.48987  101.39544    23.6022 1.5464e+00     47.578     1.4437 0.0000e+00
     49.000     9.6354    30.6364    9.48707  101.36632    23.6044 1.5462e+00     48.351     1.4569 0.0000e+00
     50.000 -9.990e-29 -9.990e-29 -9.990e-29 -9.990e-29 -9.990e-29 -9.990e-29 -9.990e-29 -9.990e-29 -9.990e-29
     51.000     9.6285    30.6363    9.49252  101.42421    23.6044 1.5463e+00     49.500     1.5181 0.0000e+00
     52.000     9.6298    30.6415    9.49931  101.51273    23.6098 1.5435e+00     51.314     1.6069 0.0000e+00
     51.000     9.6408    30.6391    9.51364  101.68932    23.6070 1.5461e+00     51.126     1.5195 0.0000e+00
     50.000     9.6464    30.6351    9.51659  101.72720    23.6030 1.5460e+00     50.073     1.5043 0.0000e+00
     49.000     9.6463    30.6309    9.51247  101.68519    23.5987 1.5461e+00     49.140     1.4458 0.0000e+00
     48.000     9.6459    30.6329    9.50312  101.62820    23.6007 1.5457e+00     48.230     1.5014 0.0000e+00
     47.000     9.6446    30.6327    9.51140  101.73242    23.6005 1.5467e+00     47.315     1.4760 0.0000e+00
     46.000     9.6455    30.6338    9.50573  101.68683    23.6016 1.5473e+00     46.271     1.4786 0.0000e+00
     45.000     9.6505    30.6333    9.50645  101.69616    23.6011 1.5466e+00     45.297     1.5707 0.0000e+00
     44.000     9.6563    30.6304    9.50909  101.75150    23.5981 1.5463e+00     44.282     1.5251 0.0000e+00
     43.000     9.6562    30.6264    9.51429  101.82912    23.5942 1.5462e+00     43.351     1.5143 0.0000e+00
     42.000     9.6573    30.6266    9.50326  101.71251    23.5943 1.5463e+00     41.923     1.5135 0.0000e+00
     41.000     9.6716    30.6262    9.50646  101.75233    23.5939 1.5461e+00     41.485     1.5190 0.0000e+00
     40.000     9.6841    30.6165    9.50919  101.80545    23.5835 1.5462e+00     40.232     1.4264 0.0000e+00
     39.000     9.6939    30.6099    9.50755  101.80282    23.5770 1.5462e+00     39.355     1.5032 0.0000e+00
     38.000     9.6964    30.6055    9.50544  101.94623    23.5723 1.5461e+00     38.408     1.4649 0.0000e+00
     37.000     9.6971    30.6024    9.50548  102.05399    23.5691 1.5461e+00     37.472     1.3614 0.0000e+00
     36.000     9.7156    30.6009    9.50145  102.10532    23.5676 1.5456e+00     36.213     1.4623 0.0000e+00
     35.000     9.7301    30.5992    9.49083  102.00253    23.5648 1.5455e+00     35.344     1.2891 0.0000e+00
     34.000     9.7251    30.5844    9.48890  101.99384    23.5502 1.5460e+00     34.346     1.3737 0.0000e+00
     33.000     9.7301    30.5853    9.47934  101.89878    23.5511 1.5460e+00     33.296     1.4130 0.0000e+00
     32.000     9.7423    30.5838    9.47731  101.88654    23.5493 1.5461e+00     32.192     1.3890 0.0000e+00
     31.000     9.7587    30.5784    9.46891  101.80477    23.5435 1.5462e+00     31.301     1.3649 0.0000e+00
     30.000     9.9526    30.5681    9.46931  101.86842    23.5330 1.5462e+00     29.704     1.3531 0.0000e+00
     29.000     9.9086    30.5344    9.46793  101.84712    23.4938 1.5468e+00     29.336     1.2365 0.0000e+00
     28.000     9.9356    30.4854    9.47322  101.93754    23.4444 1.5471e+00     28.190     1.2323 0.0000e+00
     27.000     9.9478    30.4704    9.47816  102.00628    23.4286 1.5482e+00     27.159     1.1923 0.0000e+00
     26.000     9.9519    30.4632    9.47848  102.02148    23.4208 1.5496e+00     26.221     1.1941 0.0000e+00
     25.000     9.9558    30.4602    9.48121  102.06486    23.4176 1.5520e+00     25.312     1.2046 0.0000e+00
     24.000     9.9589    30.4576    9.48426  102.10541    23.4146 1.5560e+00     24.101     1.2146 0.0000e+00
     23.000     9.9636    30.4571    9.48167  102.07849    23.4140 1.5611e+00     23.226     1.1890 0.0000e+00
     22.000     9.9741    30.4556    9.49322  102.20639    23.4119 1.5698e+00     22.183     1.2053 0.0000e+00
     21.000     9.9866    30.4535    9.48436  102.12983    23.4089 1.5859e+00     21.231     1.2126 0.0000e+00
     20.000    10.0101    30.4448    9.49128  102.22554    23.3995 1.6054e+00     19.868     1.2627 0.0000e+00
     19.000    10.0110    30.4427    9.49298  102.24259    23.3962 1.6394e+00     19.302     1.1560 0.0000e+00
     18.000    10.0228    30.4291    9.49359  102.26632    23.3822 1.7009e+00     17.712     1.2589 0.0000e+00
     17.000    10.0254    30.4316    9.50151  102.37622    23.3846 1.7820e+00     17.209     1.1944 0.0000e+00
     16.000    10.0333    30.4260    9.50153  102.56895    23.3789 1.9296e+00     16.183     1.2046 0.0000e+00
     15.000    10.0352    30.4202    9.47671  102.66543    23.3730 2.1564e+00     15.023     1.2165 0.0000e+00
     14.000    10.0363    30.4191    9.46943  102.88028    23.3718 2.5196e+00     14.211     1.2067 0.0000e+00
     13.000    10.0427    30.4161    9.46370  102.97711    23.3692 3.0999e+00     13.080     1.2312 0.0000e+00
     12.000    10.0577    30.4118    9.44452  102.80063    23.3654 3.9725e+00     12.073     1.2700 0.0000e+00
     11.000    10.0640    30.3967    9.41067  102.94495    23.3518 5.2370e+00     11.170     1.2006 0.0000e+00
     10.000    10.0670    30.3814    9.41779  103.62110    23.3375 7.8511e+00     10.100     1.2329 0.0000e+00
      9.000    10.0782    30.3787    9.33818  102.58155    23.3352 1.0920e+01      8.852     1.3240 0.0000e+00
      8.000    10.1220    30.3682    9.64190  100.97288    23.3260 1.8688e+01      8.143     1.1589 0.0000e+00
      7.000 -9.990e-29 -9.990e-29 -9.990e-29 -9.990e-29 -9.990e-29 -9.990e-29 -9.990e-29 -9.990e-29 -9.990e-29
      6.000    10.3257    30.3074   10.77714  100.07424    23.2629 5.1267e+01      6.289     1.2943 0.0000e+00
      5.000    10.5048    30.3206   10.84338  100.11763    23.2575 9.0979e+01      5.356     1.2221 0.0000e+00
      4.000    10.5901    30.2658   10.92220  100.07035    23.1752 1.5893e+02      4.252     1.1813 0.0000e+00
      3.000    10.6021    30.2027   10.96392  100.01678    23.1133 2.8740e+02      3.487     1.1857 0.0000e+00
      2.000    10.9369    30.1619   10.71458   99.94986    23.0788 3.4752e+02      2.501     1.1732 0.0000e+00
      1.000    11.0259    30.1970   10.71833   99.92172    23.0674 6.9671e+02      1.927     0.8599 0.0000e+00
