CTD-processing/Workspace/ADFG-BobDeCino/2007/OTF_CTD_2007/CTD Data/ctd-07093_071807_4.cnv
* Sea-Bird SBE19plus Data File:
* FileName = C:\data\otf\2007\ctd-07093.hex
* Software Version 1.55
* Temperature SN =  5061
* Conductivity SN =  5061
* System UpLoad Time = Aug 15 2007 16:25:40
* ds
* SeacatPlus V 1.6a  SERIAL NO. 5061    15 Aug 2007  15:31:53
# nquan = 10
# nvalues = 80                          
# units = specified
# name 0 = depSM: Depth [salt water, m]
# name 1 = tv290C: Temperature [ITS-90, deg C]
# name 2 = sal00: Salinity [PSU]
# name 3 = sbeox0Mg/L: Oxygen, SBE 43 [mg/l]
# name 4 = sbeox0PS: Oxygen, SBE 43 [% saturation]
# name 5 = sigma-t00: Density [sigma-t, Kg/m^3 ]
# name 6 = par: PAR/Irradiance, Biospherical/Licor
# name 7 = prdM: Pressure, Strain Gauge [db]
# name 8 = flECO-AFL: Fluorescence, Wetlab ECO-AFL/FL [mg/m^3]
# name 9 = flag: flag
# span 0 =      1.000,     42.000       
# span 1 =     8.4168,     8.4626       
# span 2 =    31.7172,    31.7336       
# span 3 =    9.78530,   11.60931       
# span 4 =   99.91183,  107.96395       
# span 5 =    24.6311,    24.6469       
# span 6 = 1.6042e+00, 3.9251e+02       
# span 7 =      1.803,     41.253       
# span 8 =     1.2557,     1.5174       
# span 9 = 0.0000e+00, 0.0000e+00       
# interval = meters: 1                  
# start_time = Jul 18 2007 12:23:15
# bad_flag = -9.990e-29
*END*
      4.000     8.4621    31.7317    9.78530  102.51499    24.6395 1.5344e+02      4.790     1.3150 0.0000e+00
      5.000     8.4621    31.7295    9.83405  103.02178    24.6388 1.2610e+02      5.598     1.4130 0.0000e+00
      6.000     8.4594    31.7336    9.84779  103.15186    24.6428 1.0243e+02      6.504     1.4060 0.0000e+00
      7.000     8.4551    31.7277    9.87725  103.45633    24.6377 8.4448e+01      7.455     1.4675 0.0000e+00
      8.000     8.4557    31.7281    9.85818  103.26048    24.6387 6.9647e+01      8.328     1.4671 0.0000e+00
      9.000     8.4553    31.7276    9.84748  103.15259    24.6386 5.6799e+01      9.331     1.4321 0.0000e+00
     10.000     8.4543    31.7271    9.84355  103.11089    24.6383 4.6257e+01     10.304     1.3987 0.0000e+00
     11.000     8.4548    31.7259    9.87038  103.39000    24.6374 3.7598e+01     11.295     1.3669 0.0000e+00
     12.000     8.4558    31.7275    9.85073  103.17610    24.6388 3.0998e+01     12.392     1.3813 0.0000e+00
     13.000     8.4555    31.7257    9.83378  102.99012    24.6371 2.5595e+01     13.518     1.3381 0.0000e+00
     14.000     8.4530    31.7250    9.84540  103.10367    24.6366 2.1165e+01     14.496     1.3405 0.0000e+00
     15.000     8.4516    31.7248    9.87979  103.46117    24.6366 1.7461e+01     15.507     1.3503 0.0000e+00
     16.000     8.4514    31.7235    9.89411  103.61268    24.6359 1.4597e+01     16.442     1.3758 0.0000e+00
     17.000     8.4503    31.7233    9.95087  104.21050    24.6358 1.2224e+01     17.289     1.3945 0.0000e+00
     18.000     8.4463    31.7241   10.01928  104.92582    24.6366 1.0193e+01     18.178     1.3984 0.0000e+00
     19.000     8.4426    31.7235   10.07439  105.49119    24.6363 8.5671e+00     19.128     1.3976 0.0000e+00
     20.000 -9.990e-29 -9.990e-29 -9.990e-29 -9.990e-29 -9.990e-29 -9.990e-29 -9.990e-29 -9.990e-29 -9.990e-29
     21.000     8.4430    31.7258   10.13019  106.07299    24.6392 6.2485e+00     21.010     1.4083 0.0000e+00
     22.000     8.4453    31.7263   10.14192  106.19169    24.6397 5.3765e+00     22.114     1.3971 0.0000e+00
     23.000     8.4450    31.7266   10.15566  106.33168    24.6396 4.6430e+00     23.234     1.3798 0.0000e+00
     24.000     8.4447    31.7238   10.16934  106.46628    24.6370 4.0786e+00     24.288     1.4001 0.0000e+00
     25.000     8.4400    31.7251   10.18166  106.59512    24.6383 3.6078e+00     25.269     1.4118 0.0000e+00
     26.000     8.4400    31.7228   10.18819  106.66166    24.6365 3.2311e+00     26.339     1.4045 0.0000e+00
     27.000     8.4363    31.7255   10.19024  106.67955    24.6394 2.9301e+00     27.236     1.4249 0.0000e+00
     28.000     8.4301    31.7273   10.19749  106.75525    24.6407 2.6639e+00     28.408     1.3860 0.0000e+00
     29.000     8.4328    31.7230   10.19753  106.75362    24.6380 2.4729e+00     29.272     1.4016 0.0000e+00
     30.000     8.4332    31.7302   10.19610  106.73813    24.6443 2.2958e+00     30.228     1.3919 0.0000e+00
     31.000     8.4353    31.7228   10.19844  106.76352    24.6383 2.1549e+00     31.364     1.3719 0.0000e+00
     32.000     8.4331    31.7261   10.20142  106.79590    24.6408 2.0528e+00     32.207     1.4379 0.0000e+00
     33.000     8.4239    31.7263   10.19307  106.71219    24.6407 1.9589e+00     33.121     1.3405 0.0000e+00
     34.000     8.4253    31.7243   10.19958  106.78010    24.6394 1.8853e+00     34.089     1.3125 0.0000e+00
     35.000     8.4287    31.7280   10.20675  106.85483    24.6436 1.8256e+00     34.898     1.3285 0.0000e+00
     36.000     8.4244    31.7319   10.20687  106.85666    24.6464 1.7715e+00     35.888     1.3696 0.0000e+00
     37.000     8.4236    31.7268   10.20913  106.88223    24.6420 1.7338e+00     36.755     1.3682 0.0000e+00
     38.000     8.4197    31.7288   10.21552  106.94967    24.6441 1.7003e+00     37.487     1.3892 0.0000e+00
     39.000     8.4195    31.7285   10.21447  106.93633    24.6441 1.6736e+00     38.202     1.3725 0.0000e+00
     40.000     8.4193    31.7298   10.21784  106.97160    24.6456 1.6512e+00     38.911     1.3530 0.0000e+00
     41.000     8.4174    31.7313   10.22572  107.05730    24.6469 1.6326e+00     39.612     1.3276 0.0000e+00
     42.000     8.4168    31.7304   10.25140  107.33889    24.6466 1.6042e+00     41.253     1.4236 0.0000e+00
     41.000     8.4202    31.7311   10.25178  107.34931    24.6468 1.6322e+00     40.704     1.4724 0.0000e+00
     40.000     8.4192    31.7307   10.26114  107.45064    24.6464 1.6483e+00     39.866     1.3713 0.0000e+00
     39.000     8.4235    31.7312   10.26209  107.46210    24.6469 1.6708e+00     39.113     1.4100 0.0000e+00
     38.000     8.4256    31.7300   10.25851  107.42039    24.6453 1.6962e+00     38.250     1.3775 0.0000e+00
     37.000     8.4231    31.7285   10.25267  107.38173    24.6438 1.7283e+00     37.249     1.3624 0.0000e+00
     36.000     8.4236    31.7295   10.24906  107.34937    24.6449 1.7694e+00     36.294     1.4031 0.0000e+00
     35.000     8.4264    31.7292   10.25780  107.44096    24.6447 1.8202e+00     35.325     1.3770 0.0000e+00
     34.000     8.4277    31.7288   10.26394  107.50873    24.6439 1.8818e+00     34.326     1.3772 0.0000e+00
     33.000     8.4318    31.7283   10.27231  107.60532    24.6433 1.9567e+00     33.285     1.3830 0.0000e+00
     32.000     8.4276    31.7270   10.27827  107.66884    24.6418 2.0492e+00     32.270     1.3329 0.0000e+00
     31.000     8.4343    31.7282   10.28208  107.70598    24.6431 2.1621e+00     31.273     1.3985 0.0000e+00
     30.000     8.4396    31.7269   10.28521  107.74413    24.6411 2.3017e+00     30.248     1.3954 0.0000e+00
     29.000     8.4413    31.7250   10.28936  107.79083    24.6390 2.4703e+00     29.235     1.4220 0.0000e+00
     28.000     8.4415    31.7244   10.29057  107.80250    24.6383 2.6772e+00     28.298     1.4268 0.0000e+00
     27.000     8.4447    31.7245   10.27599  107.65927    24.6383 2.9258e+00     27.220     1.4102 0.0000e+00
     26.000     8.4470    31.7241   10.28273  107.72959    24.6375 3.2403e+00     26.163     1.4177 0.0000e+00
     25.000     8.4467    31.7231   10.27927  107.69289    24.6365 3.6215e+00     25.174     1.4088 0.0000e+00
     24.000     8.4459    31.7227   10.28317  107.72838    24.6362 4.0762e+00     24.157     1.3772 0.0000e+00
     23.000     8.4485    31.7234   10.27773  107.67814    24.6369 4.6397e+00     23.197     1.3737 0.0000e+00
     22.000     8.4500    31.7232   10.28849  107.79213    24.6362 5.3494e+00     22.114     1.4825 0.0000e+00
     21.000     8.4492    31.7221   10.29215  107.82932    24.6352 6.2229e+00     21.207     1.4742 0.0000e+00
     20.000     8.4529    31.7227   10.29201  107.83477    24.6358 7.2747e+00     20.201     1.3722 0.0000e+00
     19.000     8.4535    31.7216   10.29448  107.86488    24.6344 8.5851e+00     19.154     1.3513 0.0000e+00
     18.000     8.4535    31.7215   10.29777  107.90057    24.6342 1.0128e+01     18.093     1.5174 0.0000e+00
     17.000     8.4524    31.7212   10.28685  107.78765    24.6340 1.2052e+01     17.111     1.3291 0.0000e+00
     16.000     8.4510    31.7208   10.29552  107.88205    24.6338 1.4401e+01     16.063     1.3454 0.0000e+00
     15.000     8.4550    31.7229   10.29889  107.91037    24.6357 1.7379e+01     15.095     1.3629 0.0000e+00
     14.000     8.4532    31.7209   10.30386  107.96395    24.6336 2.1138e+01     14.019     1.3699 0.0000e+00
     13.000     8.4555    31.7213   10.29990  107.92268    24.6341 2.5723e+01     13.033     1.4738 0.0000e+00
     12.000     8.4583    31.7217   10.29864  107.89865    24.6342 3.1085e+01     12.078     1.4035 0.0000e+00
     11.000     8.4590    31.7207   10.29400  107.83878    24.6330 3.7911e+01     11.047     1.3999 0.0000e+00
     10.000     8.4592    31.7203   10.29519  107.79705    24.6326 4.6760e+01     10.081     1.4516 0.0000e+00
      9.000     8.4599    31.7204   10.47191  107.50771    24.6325 5.7035e+01      9.105     1.4130 0.0000e+00
      8.000     8.4612    31.7203   10.12528  106.03263    24.6324 7.0002e+01      8.143     1.4141 0.0000e+00
      7.000     8.4587    31.7197   10.80314  104.41460    24.6317 8.5984e+01      7.155     1.4563 0.0000e+00
      6.000     8.4583    31.7204   11.60331  102.28755    24.6326 1.0534e+02      6.205     1.4951 0.0000e+00
      5.000     8.4601    31.7209   11.60931  101.27132    24.6330 1.2942e+02      5.195     1.5063 0.0000e+00
      4.000     8.4561    31.7205   11.52978  100.73534    24.6324 1.5869e+02      4.244     1.4545 0.0000e+00
      3.000     8.4523    31.7200   11.47382  100.39061    24.6326 1.9756e+02      3.358     1.4238 0.0000e+00
      2.000     8.4524    31.7211   11.48695  100.10848    24.6341 2.4840e+02      2.498     1.3518 0.0000e+00
      1.000     8.4626    31.7172   11.47452   99.91183    24.6311 3.9251e+02      1.803     1.2557 0.0000e+00
