CTD-processing/Workspace/ADFG-BobDeCino/2007/OTF_CTD_2007/CTD Data/ctd-07068_071307_7.cnv
* Sea-Bird SBE19plus Data File:
* FileName = C:\data\otf\2007\ctd-07068.hex
* Software Version 1.55
* Temperature SN =  5061
* Conductivity SN =  5061
* System UpLoad Time = Aug 15 2007 16:16:07
* ds
* SeacatPlus V 1.6a  SERIAL NO. 5061    15 Aug 2007  15:31:53
# nquan = 10
# nvalues = 170                         
# units = specified
# name 0 = depSM: Depth [salt water, m]
# name 1 = tv290C: Temperature [ITS-90, deg C]
# name 2 = sal00: Salinity [PSU]
# name 3 = sbeox0Mg/L: Oxygen, SBE 43 [mg/l]
# name 4 = sbeox0PS: Oxygen, SBE 43 [% saturation]
# name 5 = sigma-t00: Density [sigma-t, Kg/m^3 ]
# name 6 = par: PAR/Irradiance, Biospherical/Licor
# name 7 = prdM: Pressure, Strain Gauge [db]
# name 8 = flECO-AFL: Fluorescence, Wetlab ECO-AFL/FL [mg/m^3]
# name 9 = flag: flag
# span 0 =      1.000,     87.000       
# span 1 =     8.6144,     9.4805       
# span 2 =    30.5963,    31.1110       
# span 3 =    9.28115,    9.70507       
# span 4 =   97.99207,  101.96778       
# span 5 =    23.6158,    24.1319       
# span 6 = 1.5451e+00, 1.1086e+03       
# span 7 =      2.085,     86.608       
# span 8 =     0.2327,     0.8591       
# span 9 = 0.0000e+00, 0.0000e+00       
# interval = meters: 1                  
# start_time = Jul 13 2007 14:21:45
# bad_flag = -9.990e-29
*END*
[from data line 145]
     25.000     9.0292    30.6800    9.60310  101.40990    23.7332 1.9216e+00     25.358     0.4351 0.0000e+00
     24.000     9.0328    30.6795    9.60746  101.46437    23.7326 2.1050e+00     24.255     0.4422 0.0000e+00
     23.000     9.0421    30.6791    9.60197  101.40997    23.7318 2.3680e+00     23.271     0.4369 0.0000e+00
     22.000     9.0621    30.6776    9.60158  101.41185    23.7292 2.7107e+00     22.265     0.4566 0.0000e+00
     21.000     9.0750    30.6710    9.60546  101.45884    23.7212 3.1532e+00     21.306     0.4509 0.0000e+00
     20.000     9.0788    30.6644    9.61576  101.58389    23.7135 3.7922e+00     20.209     0.4535 0.0000e+00
     19.000     9.0927    30.6634    9.60561  101.48835    23.7125 4.6337e+00     19.225     0.4371 0.0000e+00
     18.000     9.1019    30.6593    9.60836  101.52599    23.7071 5.8216e+00     18.150     0.4724 0.0000e+00
     17.000     9.1084    30.6556    9.60343  101.49799    23.7030 7.4176e+00     17.126     0.4539 0.0000e+00
     16.000     9.1103    30.6533    9.60184  101.52843    23.7001 9.5983e+00     16.079     0.4724 0.0000e+00
     15.000     9.1123    30.6526    9.61064  101.64287    23.6992 1.2613e+01     14.983     0.4539 0.0000e+00
     14.000     9.1159    30.6524    9.61303  101.70295    23.6988 1.6853e+01     14.023     0.4548 0.0000e+00
     13.000     9.1208    30.6521    9.61073  101.75300    23.6980 2.2209e+01     13.049     0.4458 0.0000e+00
     12.000     9.1291    30.6495    9.60550  101.87705    23.6955 3.0069e+01     11.980     0.4391 0.0000e+00
     11.000     9.1340    30.6443    9.59614  101.96778    23.6901 4.1290e+01     11.004     0.4495 0.0000e+00
     10.000     9.1371    30.6387    9.57605  101.89584    23.6849 5.5877e+01     10.074     0.4551 0.0000e+00
      9.000     9.1479    30.6365    9.47820  100.68273    23.6826 7.7176e+01      9.021     0.4977 0.0000e+00
      8.000     9.1646    30.6363    9.48990  100.27768    23.6812 1.0786e+02      8.085     0.4874 0.0000e+00
      7.000     9.1760    30.6357 -9.990e-29 -9.990e-29    23.6780 1.4591e+02      7.062     0.5248 0.0000e+00
      6.000     9.1810    30.6339 -9.990e-29 -9.990e-29    23.6750 2.0156e+02      6.165     0.5117 0.0000e+00
      5.000     9.2028    30.6324 -9.990e-29 -9.990e-29    23.6730 2.7354e+02      5.269     0.4575 0.0000e+00
      4.000     9.2356    30.6382 -9.990e-29 -9.990e-29    23.6765 3.7231e+02      4.345     0.4253 0.0000e+00
      3.000     9.3129    30.6318 -9.990e-29 -9.990e-29    23.6656 4.9945e+02      3.541     0.3670 0.0000e+00
      2.000     9.3956    30.6167 -9.990e-29 -9.990e-29    23.6435 6.8719e+02      2.803     0.2875 0.0000e+00
      1.000     9.4805    30.5963 -9.990e-29 -9.990e-29    23.6158 1.1086e+03      2.085     0.2327 0.0000e+00
