CTD-processing/Workspace/ADFG-BobDeCino/2007/OTF_CTD_2007/CTD Data/ctd-07096_071907_6.cnv
* Sea-Bird SBE19plus Data File:
* FileName = C:\data\otf\2007\ctd-07096.hex
* Software Version 1.55
* Temperature SN =  5061
* Conductivity SN =  5061
* System UpLoad Time = Aug 15 2007 16:26:30
* ds
* SeacatPlus V 1.6a  SERIAL NO. 5061    15 Aug 2007  15:31:53
# nquan = 10
# nvalues = 164                         
# units = specified
# name 0 = depSM: Depth [salt water, m]
# name 1 = tv290C: Temperature [ITS-90, deg C]
# name 2 = sal00: Salinity [PSU]
# name 3 = sbeox0Mg/L: Oxygen, SBE 43 [mg/l]
# name 4 = sbeox0PS: Oxygen, SBE 43 [% saturation]
# name 5 = sigma-t00: Density [sigma-t, Kg/m^3 ]
# name 6 = par: PAR/Irradiance, Biospherical/Licor
# name 7 = prdM: Pressure, Strain Gauge [db]
# name 8 = flECO-AFL: Fluorescence, Wetlab ECO-AFL/FL [mg/m^3]
# name 9 = flag: flag
# span 0 =      1.000,     84.000       
# span 1 =     8.3311,    10.3200       
# span 2 =    30.0981,    31.6456       
# span 3 =    8.81251,   10.66163       
# span 4 =   92.24980,  103.38703       
# span 5 =    23.0907,    24.5923       
# span 6 = 1.5441e+00, 1.1402e+03       
# span 7 =      1.763,     83.291       
# span 8 =     0.4802,     1.2686       
# span 9 = 0.0000e+00, 0.0000e+00       
# interval = meters: 1                  
# start_time = Jul 19 2007 13:05:15
# bad_flag = -9.990e-29
*END*
      4.000    10.0894    30.1775    8.81251   94.07245    23.1652 2.5499e+02      4.581     0.6355 0.0000e+00
      5.000    10.0821    30.1545    8.83233   94.10647    23.1539 1.7670e+02      5.233     0.7423 0.0000e+00
      6.000    10.0674    30.2006    8.85329   94.18989    23.1937 1.2206e+02      6.134     0.8815 0.0000e+00
      7.000    10.0673    30.2290    8.91206   94.69795    23.2180 8.7855e+01      7.248     0.8809 0.0000e+00
      8.000    10.0127    30.2745    9.11173   96.65175    23.2539 6.1674e+01      8.814     0.7967 0.0000e+00
      9.000     9.9471    30.1616    9.23931   97.97145    23.1722 4.5509e+01      9.915     0.7837 0.0000e+00
     10.000     9.8551    30.2297    9.28161   98.36280    23.2323 3.4009e+01     10.857     0.7569 0.0000e+00
     11.000 -9.990e-29 -9.990e-29 -9.990e-29 -9.990e-29 -9.990e-29 -9.990e-29 -9.990e-29 -9.990e-29 -9.990e-29
     12.000     9.7972    30.3350    9.33714   98.78647    23.3328 2.0941e+01     12.188     0.7285 0.0000e+00
     13.000     9.7505    30.3747    9.37949   99.11146    23.3714 1.3151e+01     13.460     0.7200 0.0000e+00
     14.000     9.6846    30.4062    9.41849   99.50348    23.4012 9.9550e+00     14.244     0.7579 0.0000e+00
     15.000     9.6083    30.4418    9.46558   99.84385    23.4339 7.5483e+00     15.131     0.7575 0.0000e+00
     16.000     9.5034    30.5124    9.48977   99.86319    23.5000 5.8099e+00     16.089     0.7459 0.0000e+00
     17.000     9.4105    30.5997    9.51819  100.14054    23.5827 4.5783e+00     17.179     0.7566 0.0000e+00
     18.000     9.3883    30.6945    9.55950  100.49767    23.6752 3.8542e+00     18.305     0.7310 0.0000e+00
     19.000     9.3292    30.7364    9.59170  100.72550    23.7164 3.2937e+00     19.363     0.7128 0.0000e+00
     20.000     9.2796    30.7678    9.61744  100.89021    23.7476 2.8285e+00     20.443     0.7394 0.0000e+00
     21.000     9.2438    30.8015    9.63389  101.00160    23.7830 2.5199e+00     21.480     0.7610 0.0000e+00
     22.000     9.2268    30.8408    9.64547  101.11152    23.8203 2.3014e+00     22.425     0.7483 0.0000e+00
     23.000     9.2029    30.8756    9.65805  101.25987    23.8526 2.1341e+00     23.403     0.7720 0.0000e+00
     24.000     9.1762    30.8948    9.66929  101.38131    23.8704 2.0094e+00     24.350     0.7928 0.0000e+00
     25.000 -9.990e-29 -9.990e-29 -9.990e-29 -9.990e-29 -9.990e-29 -9.990e-29 -9.990e-29 -9.990e-29 -9.990e-29
     26.000     9.0747    30.9301    9.67872  101.47017    23.9035 1.8578e+00     25.804     0.8185 0.0000e+00
     27.000     8.9804    30.9760    9.69530  101.63750    23.9458 1.7550e+00     27.326     0.8710 0.0000e+00
     28.000     8.9743    31.0823    9.69902  101.64687    24.0445 1.7109e+00     28.188     0.8740 0.0000e+00
     29.000     8.8872    31.1588    9.70230  101.62147    24.1121 1.6762e+00     29.112     0.9192 0.0000e+00
     30.000     8.7610    31.1725    9.70859  101.60584    24.1254 1.6514e+00     30.023     0.9563 0.0000e+00
     31.000     8.7432    31.2301    9.71139  101.61078    24.1826 1.6295e+00     30.976     0.9658 0.0000e+00
     32.000     8.7123    31.3748    9.71803  101.65390    24.3198 1.6112e+00     32.174     0.9740 0.0000e+00
     33.000     8.6389    31.3825    9.72054  101.59261    24.3270 1.5994e+00     33.323     1.0114 0.0000e+00
     34.000     8.5900    31.4033    9.72166  101.59919    24.3466 1.5896e+00     34.184     1.0440 0.0000e+00
     35.000     8.5495    31.4558    9.72027  101.57693    24.3963 1.5819e+00     34.996     1.1044 0.0000e+00
     36.000     8.5235    31.5013    9.71498  101.51286    24.4414 1.5757e+00     36.079     1.1303 0.0000e+00
     37.000     8.5264    31.5385    9.71678  101.52606    24.4785 1.5708e+00     37.118     1.1357 0.0000e+00
     38.000     8.5460    31.5490    9.72399  101.59796    24.4890 1.5669e+00     37.985     1.1515 0.0000e+00
     39.000     8.5361    31.5428    9.72587  101.61819    24.4823 1.5634e+00     39.046     1.1680 0.0000e+00
     40.000     8.5332    31.5394    9.72627  101.62166    24.4792 1.5608e+00     40.061     1.1657 0.0000e+00
     41.000     8.5205    31.5401    9.73125  101.67294    24.4801 1.5583e+00     41.139     1.1578 0.0000e+00
     42.000     8.4687    31.5442    9.73375  101.70035    24.4846 1.5561e+00     42.429     1.1294 0.0000e+00
     43.000     8.4356    31.5572    9.73754  101.74204    24.4989 1.5546e+00     43.457     1.1533 0.0000e+00
     44.000     8.4178    31.5968    9.73844  101.75366    24.5382 1.5532e+00     44.556     1.1413 0.0000e+00
     45.000     8.3768    31.6095    9.74132  101.78326    24.5506 1.5522e+00     45.545     1.1513 0.0000e+00
     46.000     8.3659    31.6097    9.74095  101.78012    24.5523 1.5507e+00     46.479     1.1496 0.0000e+00
     47.000     8.3630    31.6322    9.74244  101.79426    24.5752 1.5499e+00     47.431     1.1742 0.0000e+00
     48.000     8.3591    31.6380    9.74773  101.84617    24.5814 1.5491e+00     48.439     1.1749 0.0000e+00
     49.000     8.3561    31.6420    9.74739  101.84048    24.5856 1.5480e+00     49.519     1.1672 0.0000e+00
     50.000     8.3557    31.6427    9.74665  101.83281    24.5865 1.5474e+00     50.428     1.2192 0.0000e+00
     51.000     8.3555    31.6439    9.75254  101.89254    24.5877 1.5472e+00     51.286     1.2387 0.0000e+00
     52.000     8.3554    31.6445    9.75884  101.95761    24.5883 1.5472e+00     52.495     1.2345 0.0000e+00
     53.000     8.3553    31.6435    9.75916  101.95790    24.5875 1.5462e+00     53.455     1.1997 0.0000e+00
     54.000     8.3557    31.6440    9.76223  101.98779    24.5880 1.5459e+00     54.462     1.2344 0.0000e+00
     55.000     8.3568    31.6433    9.76210  101.98882    24.5873 1.5458e+00     55.430     1.2138 0.0000e+00
     56.000     8.3580    31.6437    9.76179  101.98994    24.5875 1.5454e+00     56.444     1.2686 0.0000e+00
     57.000     8.3578    31.6430    9.76216  101.99212    24.5868 1.5453e+00     57.416     1.2620 0.0000e+00
     58.000     8.3578    31.6425    9.76197  101.99227    24.5864 1.5454e+00     58.537     1.2273 0.0000e+00
     59.000     8.3570    31.6417    9.76381  102.00064    24.5857 1.5451e+00     59.570     1.1954 0.0000e+00
     60.000     8.3546    31.6417    9.76607  102.00463    24.5857 1.5455e+00     60.432     1.2516 0.0000e+00
     61.000     8.3546    31.6426    9.76155  101.94487    24.5866 1.5453e+00     61.398     1.2203 0.0000e+00
     62.000     8.3538    31.6435    9.75515  101.87402    24.5876 1.5451e+00     62.532     1.2399 0.0000e+00
     63.000     8.3534    31.6436    9.75383  101.85700    24.5877 1.5450e+00     63.602     1.2309 0.0000e+00
     64.000     8.3523    31.6439    9.74788  101.79663    24.5881 1.5449e+00     64.453     1.2335 0.0000e+00
     65.000     8.3509    31.6438    9.74974  101.81499    24.5880 1.5446e+00     65.404     1.2302 0.0000e+00
     66.000     8.3521    31.6438    9.75431  101.86457    24.5883 1.5446e+00     66.380     1.2150 0.0000e+00
     67.000     8.3536    31.6451    9.75552  101.87777    24.5893 1.5444e+00     67.481     1.2137 0.0000e+00
     68.000     8.3545    31.6424    9.75933  101.91769    24.5868 1.5444e+00     68.481     1.1985 0.0000e+00
     69.000     8.3529    31.6432    9.75389  101.86027    24.5876 1.5445e+00     69.420     1.2016 0.0000e+00
     70.000     8.3444    31.6404    9.75619  101.88358    24.5851 1.5446e+00     70.313     1.1934 0.0000e+00
     71.000     8.3344    31.6414    9.75431  101.86250    24.5872 1.5441e+00     71.402     1.1831 0.0000e+00
     72.000     8.3330    31.6447    9.75833  101.90545    24.5915 1.5448e+00     72.542     1.1897 0.0000e+00
     73.000     8.3331    31.6453    9.75820  101.90467    24.5921 1.5443e+00     73.517     1.1824 0.0000e+00
     74.000     8.3329    31.6452    9.75598  101.87914    24.5921 1.5444e+00     74.571     1.1750 0.0000e+00
     75.000     8.3336    31.6454    9.75507  101.86738    24.5923 1.5445e+00     75.621     1.1636 0.0000e+00
     76.000     8.3338    31.6450    9.75221  101.83657    24.5919 1.5445e+00     76.756     1.1618 0.0000e+00
     77.000     8.3334    31.6448    9.75008  101.82236    24.5917 1.5444e+00     77.720     1.1715 0.0000e+00
     78.000     8.3328    31.6448    9.74561  101.77679    24.5917 1.5446e+00     78.597     1.1294 0.0000e+00
     79.000     8.3328    31.6448    9.74767  101.79469    24.5918 1.5445e+00     79.630     1.1635 0.0000e+00
     80.000     8.3339    31.6450    9.75202  101.84182    24.5920 1.5444e+00     80.514     1.1518 0.0000e+00
     81.000     8.3321    31.6447    9.74383  101.76000    24.5917 1.5444e+00     81.405     1.1619 0.0000e+00
     82.000     8.3315    31.6451    9.75002  101.83670    24.5921 1.5443e+00     82.157     1.1654 0.0000e+00
     83.000     8.3311    31.6445    9.75631  101.90557    24.5918 1.5446e+00     82.841     1.1422 0.0000e+00
     84.000     8.3333    31.6448    9.75412  101.87732    24.5918 1.5451e+00     83.291     1.1894 0.0000e+00
     83.000     8.3336    31.6444    9.75458  101.87078    24.5914 1.5443e+00     82.576     1.2309 0.0000e+00
     82.000     8.3354    31.6444    9.75120  101.84330    24.5914 1.5444e+00     81.724     1.1867 0.0000e+00
     81.000     8.3371    31.6447    9.74986  101.83035    24.5915 1.5445e+00     81.073     1.1389 0.0000e+00
     80.000     8.3417    31.6456    9.75394  101.87199    24.5921 1.5446e+00     80.209     1.2260 0.0000e+00
     79.000     8.3439    31.6445    9.75258  101.85698    24.5907 1.5443e+00     79.500     1.1591 0.0000e+00
     78.000     8.3433    31.6426    9.75172  101.84908    24.5886 1.5445e+00     78.550     1.2396 0.0000e+00
     77.000     8.3445    31.6432    9.75607  101.89438    24.5892 1.5447e+00     77.658     1.2155 0.0000e+00
     76.000     8.3402    31.6420    9.76312  101.96711    24.5880 1.5446e+00     76.660     1.2161 0.0000e+00
     75.000     8.3359    31.6420    9.76474  101.98347    24.5883 1.5447e+00     75.733     1.2435 0.0000e+00
     74.000     8.3340    31.6433    9.76582  101.99532    24.5899 1.5446e+00     74.838     1.2511 0.0000e+00
     73.000     8.3360    31.6452    9.76447  101.98023    24.5919 1.5445e+00     73.773     1.1956 0.0000e+00
     72.000     8.3380    31.6451    9.75789  101.91110    24.5916 1.5448e+00     72.836     1.2290 0.0000e+00
     71.000     8.3393    31.6446    9.76214  101.95571    24.5910 1.5444e+00     71.737     1.2405 0.0000e+00
     70.000     8.3388    31.6434    9.76244  101.96330    24.5898 1.5447e+00     70.784     1.2059 0.0000e+00
     69.000     8.3385    31.6434    9.76682  102.00812    24.5898 1.5445e+00     69.768     1.2093 0.0000e+00
     68.000     8.3390    31.6444    9.76435  101.98131    24.5908 1.5449e+00     68.648     1.2454 0.0000e+00
     67.000     8.3387    31.6435    9.76334  101.96986    24.5899 1.5449e+00     67.852     1.2326 0.0000e+00
     66.000     8.3379    31.6438    9.75940  101.93213    24.5902 1.5447e+00     66.767     1.2120 0.0000e+00
     65.000     8.3382    31.6441    9.75411  101.88867    24.5905 1.5449e+00     65.689     1.2125 0.0000e+00
     64.000     8.3374    31.6442    9.76097  101.96815    24.5906 1.5451e+00     64.659     1.2011 0.0000e+00
     63.000     8.3374    31.6442    9.76449  102.01528    24.5906 1.5449e+00     63.721     1.1986 0.0000e+00
     62.000     8.3385    31.6446    9.75310  101.90018    24.5910 1.5450e+00     62.663     1.2015 0.0000e+00
     61.000     8.3391    31.6451    9.76348  102.01243    24.5913 1.5450e+00     61.687     1.2171 0.0000e+00
     60.000     8.3388    31.6446    9.77260  102.12066    24.5908 1.5449e+00     60.672     1.2401 0.0000e+00
     59.000     8.3382    31.6445    9.77499  102.14049    24.5907 1.5450e+00     59.682     1.1367 0.0000e+00
     58.000     8.3401    31.6449    9.77107  102.10145    24.5911 1.5455e+00     58.571     1.2162 0.0000e+00
     57.000     8.3465    31.6455    9.77455  102.16915    24.5914 1.5454e+00     57.714     1.1819 0.0000e+00
     56.000     8.3509    31.6429    9.77615  102.21646    24.5883 1.5454e+00     56.673     1.1572 0.0000e+00
     55.000     8.3545    31.6430    9.78148  102.31181    24.5878 1.5456e+00     55.621     1.2234 0.0000e+00
     54.000     8.3568    31.6422    9.78455  102.34880    24.5866 1.5456e+00     54.572     1.2107 0.0000e+00
     53.000     8.3642    31.6418    9.79317  102.41558    24.5859 1.5459e+00     53.582     1.2073 0.0000e+00
     52.000     8.3590    31.6372    9.79362  102.37019    24.5810 1.5463e+00     52.475     1.2453 0.0000e+00
     51.000     8.3714    31.6393    9.78784  102.32857    24.5834 1.5466e+00     51.478     1.1792 0.0000e+00
     50.000     8.3870    31.6353    9.78738  102.34675    24.5785 1.5471e+00     50.517     1.1944 0.0000e+00
     49.000     8.4076    31.6280    9.78721  102.38690    24.5707 1.5477e+00     49.587     1.1812 0.0000e+00
     48.000     8.4157    31.6125    9.78736  102.45814    24.5546 1.5479e+00     48.431     1.1782 0.0000e+00
     47.000     8.4082    31.6111    9.80053  102.66413    24.5533 1.5487e+00     47.520     1.1841 0.0000e+00
     46.000     8.3828    31.6149    9.80652  102.71147    24.5579 1.5495e+00     46.514     1.2106 0.0000e+00
     45.000     8.3879    31.6280    9.81336  102.82290    24.5710 1.5495e+00     45.400     1.1540 0.0000e+00
     44.000     8.3988    31.6270    9.82276  103.04231    24.5703 1.5505e+00     44.515     1.1992 0.0000e+00
     43.000     8.4281    31.6195    9.83701  103.28241    24.5616 1.5514e+00     43.504     1.2027 0.0000e+00
     42.000     8.4717    31.6009    9.84183  103.35344    24.5419 1.5525e+00     42.419     1.2027 0.0000e+00
     41.000     8.4877    31.5779    9.84771  103.38703    24.5177 1.5542e+00     41.450     1.1722 0.0000e+00
     40.000     8.4867    31.5742    9.83699  103.32780    24.5145 1.5560e+00     40.446     1.1928 0.0000e+00
     39.000     8.5384    31.5704    9.83669  103.36186    24.5094 1.5587e+00     39.456     1.1605 0.0000e+00
     38.000     8.6106    31.5361    9.81573  103.18413    24.4719 1.5621e+00     38.444     1.1492 0.0000e+00
     37.000     8.6147    31.5022    9.81053  103.16626    24.4380 1.5658e+00     37.412     1.1120 0.0000e+00
     36.000     8.6176    31.5035    9.80915  103.23545    24.4406 1.5703e+00     36.348     1.1153 0.0000e+00
     35.000     8.6526    31.4762    9.79952  103.25047    24.4157 1.5763e+00     35.334     1.0494 0.0000e+00
     34.000     8.6793    31.4416    9.78282  103.31556    24.3841 1.5826e+00     34.310     1.0711 0.0000e+00
     33.000     8.7027    31.4154    9.76394  103.17825    24.3593 1.5914e+00     33.253     1.0294 0.0000e+00
     32.000     8.7299    31.3999    9.74385  102.98882    24.3445 1.6028e+00     32.290     1.0205 0.0000e+00
     31.000     8.7912    31.3582    9.71243  102.76791    24.3053 1.6152e+00     31.290     0.9626 0.0000e+00
     30.000     8.8936    31.3033    9.67089  102.45715    24.2532 1.6312e+00     30.269     0.9676 0.0000e+00
     29.000     8.9946    31.1732    9.64443  102.26642    24.1291 1.6549e+00     29.083     0.8611 0.0000e+00
     28.000     9.0011    31.1480    9.62558  102.09366    24.1050 1.6862e+00     28.281     0.8707 0.0000e+00
     27.000     9.0248    31.1235    9.60376  101.89617    24.0834 1.7231e+00     27.211     0.9011 0.0000e+00
     26.000     9.0988    31.0666    9.59606  101.87429    24.0331 1.7727e+00     26.258     0.8154 0.0000e+00
     25.000     9.1753    30.9818    9.56924  101.66225    23.9543 1.8331e+00     25.165     0.7989 0.0000e+00
     24.000     9.2138    30.9210    9.55883  101.64650    23.8971 1.9237e+00     24.119     0.7515 0.0000e+00
     23.000     9.2366    30.8899    9.54853  101.72555    23.8681 2.0364e+00     23.157     0.7060 0.0000e+00
     22.000     9.2586    30.8645    9.52854  101.77115    23.8446 2.1658e+00     22.073     0.7110 0.0000e+00
     21.000     9.2850    30.8414    9.51211  101.69148    23.8237 2.3623e+00     21.067     0.6657 0.0000e+00
