CTD-processing/Workspace/ADFG-BobDeCino/2007/OTF_CTD_2007/CTD Data/ctd-07117_072307_4.cnv
* Sea-Bird SBE19plus Data File:
* FileName = C:\data\otf\2007\ctd-07117.hex
* Software Version 1.55
* Temperature SN =  5061
* Conductivity SN =  5061
* System UpLoad Time = Aug 15 2007 16:45:00
* ds
* SeacatPlus V 1.6a  SERIAL NO. 5061    15 Aug 2007  15:31:53
# nquan = 10
# nvalues = 85                          
# units = specified
# name 0 = depSM: Depth [salt water, m]
# name 1 = tv290C: Temperature [ITS-90, deg C]
# name 2 = sal00: Salinity [PSU]
# name 3 = sbeox0Mg/L: Oxygen, SBE 43 [mg/l]
# name 4 = sbeox0PS: Oxygen, SBE 43 [% saturation]
# name 5 = sigma-t00: Density [sigma-t, Kg/m^3 ]
# name 6 = par: PAR/Irradiance, Biospherical/Licor
# name 7 = prdM: Pressure, Strain Gauge [db]
# name 8 = flECO-AFL: Fluorescence, Wetlab ECO-AFL/FL [mg/m^3]
# name 9 = flag: flag
# span 0 =      1.000,     45.000       
# span 1 =     8.8757,     8.9590       
# span 2 =    31.4628,    31.4949       
# span 3 =    8.84929,    9.58568       
# span 4 =   93.53450,  101.42707       
# span 5 =    24.3673,    24.3836       
# span 6 = 1.6138e+00, 7.1402e+01       
# span 7 =      1.095,     45.052       
# span 8 =     1.2476,     1.6718       
# span 9 = 0.0000e+00, 0.0000e+00       
# interval = meters: 1                  
# start_time = Jul 23 2007 09:27:16
# bad_flag = -9.990e-29
*END*
      5.000     8.9436    31.4824    8.84929   93.53450    24.3727 2.6472e+01      5.045     1.3901 0.0000e+00
      6.000     8.9422    31.4949    8.95546   94.66774    24.3836 2.1520e+01      6.022     1.4380 0.0000e+00
      7.000     8.9361    31.4841    8.91845   94.24367    24.3751 1.8915e+01      7.191     1.3578 0.0000e+00
      8.000     8.9159    31.4745    8.94052   94.44842    24.3697 1.6442e+01      8.039     1.3715 0.0000e+00
      9.000     8.9119    31.4888    9.00820   95.16450    24.3836 1.4266e+01      9.055     1.3247 0.0000e+00
     10.000     8.9063    31.4748    8.94050   94.44102    24.3717 1.2652e+01     10.362     1.3014 0.0000e+00
     11.000     8.8928    31.4714    8.98060   94.86432    24.3714 1.1278e+01     11.101     1.2924 0.0000e+00
     12.000     8.8873    31.4775    9.04829   95.58606    24.3780 9.8371e+00     12.015     1.2758 0.0000e+00
     13.000     8.8888    31.4820    9.04881   95.60241    24.3816 8.6300e+00     13.244     1.2476 0.0000e+00
     14.000     8.8855    31.4741    9.05322   95.64968    24.3754 7.7549e+00     14.291     1.2904 0.0000e+00
     15.000     8.8846    31.4744    9.09102   96.04918    24.3761 6.9440e+00     15.068     1.2712 0.0000e+00
     16.000     8.8879    31.4799    9.11456   96.30001    24.3803 6.1312e+00     16.053     1.2770 0.0000e+00
     17.000     8.8933    31.4791    9.13158   96.48357    24.3789 5.4750e+00     17.210     1.2928 0.0000e+00
     18.000     8.8935    31.4757    9.13294   96.49874    24.3758 4.9422e+00     18.130     1.3020 0.0000e+00
     19.000     8.8934    31.4777    9.09228   96.06509    24.3775 4.4455e+00     19.090     1.3219 0.0000e+00
     20.000     8.8949    31.4775    9.09737   96.12072    24.3772 4.0171e+00     20.153     1.3336 0.0000e+00
     21.000     8.8962    31.4784    9.05748   95.69540    24.3777 3.6657e+00     21.110     1.3177 0.0000e+00
     22.000     8.8953    31.4762    9.00558   95.13577    24.3759 3.3533e+00     22.194     1.3522 0.0000e+00
     23.000     8.8955    31.4778    9.02923   95.38307    24.3773 3.0937e+00     23.180     1.3477 0.0000e+00
     24.000     8.8931    31.4750    9.08978   96.01707    24.3752 2.8780e+00     24.257     1.3850 0.0000e+00
     25.000     8.8886    31.4730    9.04985   95.58214    24.3743 2.6905e+00     25.343     1.4136 0.0000e+00
     26.000     8.8879    31.4747    9.05960   95.68188    24.3760 2.5363e+00     26.267     1.3582 0.0000e+00
     27.000     8.8869    31.4737    9.11004   96.21423    24.3751 2.3961e+00     27.236     1.3590 0.0000e+00
     28.000     8.8819    31.4700    9.11225   96.23639    24.3729 2.2761e+00     28.363     1.4041 0.0000e+00
     29.000     8.8795    31.4690    9.09715   96.07990    24.3726 2.1799e+00     29.290     1.4002 0.0000e+00
     30.000     8.8796    31.4705    9.06329   95.72471    24.3739 2.0903e+00     30.243     1.3340 0.0000e+00
     31.000     8.8789    31.4676    9.10666   96.18128    24.3717 2.0134e+00     31.258     1.3352 0.0000e+00
     32.000     8.8795    31.4693    9.14153   96.54809    24.3731 1.9465e+00     32.273     1.3340 0.0000e+00
     33.000     8.8814    31.4689    9.04789   95.55035    24.3725 1.8905e+00     33.373     1.3521 0.0000e+00
     34.000     8.8812    31.4682    9.10170   96.11507    24.3719 1.8449e+00     34.308     1.3343 0.0000e+00
     35.000     8.8803    31.4689    9.21944   97.35867    24.3725 1.8031e+00     35.283     1.3196 0.0000e+00
     36.000     8.8784    31.4656    9.32454   98.46914    24.3701 1.7678e+00     36.441     1.3221 0.0000e+00
     37.000     8.8760    31.4628    9.36242   98.86850    24.3683 1.7396e+00     37.284     1.2985 0.0000e+00
     38.000     8.8758    31.4638    9.39627   99.22585    24.3692 1.7121e+00     38.355     1.3274 0.0000e+00
     39.000     8.8762    31.4640    9.42142   99.49208    24.3694 1.6901e+00     39.450     1.3003 0.0000e+00
     40.000     8.8759    31.4633    9.43206   99.60475    24.3688 1.6717e+00     40.354     1.2963 0.0000e+00
     41.000     8.8757    31.4635    9.44538   99.74623    24.3690 1.6543e+00     41.348     1.2991 0.0000e+00
     42.000     8.8761    31.4635    9.45363   99.83318    24.3690 1.6403e+00     42.423     1.3446 0.0000e+00
     43.000     8.8762    31.4636    9.45331   99.83136    24.3690 1.6285e+00     43.266     1.2895 0.0000e+00
     44.000     8.8767    31.4632    9.44693   99.76290    24.3687 1.6169e+00     44.262     1.2837 0.0000e+00
     45.000     8.8766    31.4632    9.44855   99.77922    24.3687 1.6214e+00     45.052     1.2901 0.0000e+00
     44.000     8.8769    31.4638    9.50755  100.40288    24.3691 1.6138e+00     44.235     1.2855 0.0000e+00
     43.000     8.8766    31.4634    9.51624  100.49542    24.3689 1.6220e+00     43.416     1.2908 0.0000e+00
     42.000     8.8766    31.4641    9.51626  100.49581    24.3694 1.6337e+00     42.393     1.3439 0.0000e+00
     41.000     8.8769    31.4644    9.51828  100.51613    24.3696 1.6477e+00     41.414     1.3858 0.0000e+00
     40.000     8.8765    31.4639    9.52077  100.54140    24.3692 1.6636e+00     40.321     1.4333 0.0000e+00
     39.000     8.8762    31.4639    9.52493  100.58695    24.3692 1.6820e+00     39.400     1.3996 0.0000e+00
     38.000     8.8764    31.4646    9.52116  100.54731    24.3699 1.7015e+00     38.213     1.3197 0.0000e+00
     37.000     8.8769    31.4639    9.51815  100.51520    24.3692 1.7262e+00     37.352     1.3552 0.0000e+00
     36.000     8.8768    31.4640    9.51854  100.51848    24.3693 1.7534e+00     36.388     1.3705 0.0000e+00
     35.000     8.8767    31.4641    9.50804  100.40899    24.3694 1.7861e+00     35.289     1.4298 0.0000e+00
     34.000     8.8765    31.4635    9.50653  100.39464    24.3689 1.8241e+00     34.344     1.4743 0.0000e+00
     33.000     8.8772    31.4645    9.51175  100.45118    24.3697 1.8670e+00     33.309     1.4414 0.0000e+00
     32.000     8.8775    31.4643    9.51417  100.47788    24.3694 1.9209e+00     32.310     1.4909 0.0000e+00
     31.000     8.8780    31.4654    9.51730  100.51156    24.3702 1.9798e+00     31.277     1.4699 0.0000e+00
     30.000     8.8785    31.4651    9.52129  100.55407    24.3699 2.0479e+00     30.287     1.4509 0.0000e+00
     29.000     8.8786    31.4652    9.52444  100.58659    24.3699 2.1282e+00     29.267     1.4226 0.0000e+00
     28.000     8.8788    31.4658    9.52383  100.58000    24.3703 2.2210e+00     28.271     1.4665 0.0000e+00
     27.000     8.8785    31.4650    9.53132  100.65604    24.3698 2.3322e+00     27.217     1.4625 0.0000e+00
     26.000     8.8785    31.4649    9.52791  100.62108    24.3697 2.4581e+00     26.316     1.3968 0.0000e+00
     25.000     8.8770    31.4646    9.52087  100.55350    24.3697 2.6033e+00     25.142     1.5156 0.0000e+00
     24.000     8.8776    31.4654    9.52504  100.60400    24.3703 2.7808e+00     24.234     1.6389 0.0000e+00
     23.000     8.8797    31.4671    9.52516  100.60887    24.3714 2.9720e+00     23.079     1.6718 0.0000e+00
     22.000     8.8824    31.4678    9.53078  100.66910    24.3715 3.2155e+00     22.235     1.6706 0.0000e+00
     21.000     8.8839    31.4684    9.53953  100.76500    24.3717 3.4708e+00     21.110     1.6087 0.0000e+00
     20.000     8.8844    31.4684    9.53684  100.74082    24.3716 3.7830e+00     20.227     1.5011 0.0000e+00
     19.000     8.8853    31.4685    9.53415  100.71656    24.3716 4.1190e+00     19.012     1.5236 0.0000e+00
     18.000     8.8874    31.4696    9.53973  100.77665    24.3721 4.5684e+00     18.224     1.4586 0.0000e+00
     17.000     8.8889    31.4697    9.53863  100.76437    24.3720 5.0437e+00     17.017     1.4542 0.0000e+00
     16.000     8.8900    31.4700    9.53789  100.75103    24.3720 5.5993e+00     16.196     1.5054 0.0000e+00
     15.000     8.8897    31.4694    9.54146  100.78647    24.3715 6.2084e+00     15.097     1.4219 0.0000e+00
     14.000     8.8879    31.4684    9.53474  100.71890    24.3709 6.9994e+00     14.160     1.4642 0.0000e+00
     13.000     8.8862    31.4686    9.53856  100.76392    24.3714 7.9432e+00     13.117     1.4865 0.0000e+00
     12.000     8.8874    31.4697    9.54542  100.83645    24.3722 8.9873e+00     12.031     1.4133 0.0000e+00
     11.000     8.8895    31.4707    9.54421  100.85150    24.3727 1.0198e+01     11.187     1.3652 0.0000e+00
     10.000     8.8893    31.4695    9.54855  100.95727    24.3717 1.1593e+01     10.037     1.3819 0.0000e+00
      9.000     8.8944    31.4736    9.55362  101.02997    24.3747 1.3185e+01      9.090     1.4068 0.0000e+00
      8.000     8.9185    31.4786    9.56161  101.12511    24.3752 1.5205e+01      8.090     1.4917 0.0000e+00
      7.000     8.9302    31.4796    9.56849  101.21018    24.3741 1.7379e+01      7.083     1.5381 0.0000e+00
      6.000     8.9383    31.4772    9.57243  101.26580    24.3705 2.0144e+01      6.080     1.5676 0.0000e+00
      5.000     8.9417    31.4765    9.58171  101.36744    24.3693 2.3001e+01      4.973     1.5579 0.0000e+00
      4.000     8.9495    31.4784    9.58485  101.40499    24.3698 2.6598e+01      4.089     1.5591 0.0000e+00
      3.000     8.9520    31.4761    9.58568  101.42707    24.3673 3.0815e+01      3.025     1.5657 0.0000e+00
      2.000     8.9538    31.4764    9.57677  101.33617    24.3674 3.5709e+01      2.038     1.5930 0.0000e+00
      1.000     8.9590    31.4778    9.45441  100.03909    24.3679 7.1402e+01      1.095     1.6520 0.0000e+00
