CTD-processing/Workspace/ADFG-BobDeCino/2007/OTF_CTD_2007/CTD Data/ctd-07045_070907_8.cnv
* Sea-Bird SBE19plus Data File:
* FileName = C:\data\otf\2007\ctd-07045.hex
* Software Version 1.55
* Temperature SN =  5061
* Conductivity SN =  5061
* System UpLoad Time = Aug 15 2007 16:09:00
* ds
* SeacatPlus V 1.6a  SERIAL NO. 5061    15 Aug 2007  15:31:53
# nquan = 10
# nvalues = 88                          
# units = specified
# name 0 = depSM: Depth [salt water, m]
# name 1 = tv290C: Temperature [ITS-90, deg C]
# name 2 = sal00: Salinity [PSU]
# name 3 = sbeox0Mg/L: Oxygen, SBE 43 [mg/l]
# name 4 = sbeox0PS: Oxygen, SBE 43 [% saturation]
# name 5 = sigma-t00: Density [sigma-t, Kg/m^3 ]
# name 6 = par: PAR/Irradiance, Biospherical/Licor
# name 7 = prdM: Pressure, Strain Gauge [db]
# name 8 = flECO-AFL: Fluorescence, Wetlab ECO-AFL/FL [mg/m^3]
# name 9 = flag: flag
# span 0 =      1.000,     46.000       
# span 1 =     8.8583,     9.2524       
# span 2 =    30.4880,    30.7011       
# span 3 =    9.42800,   10.45722       
# span 4 =   99.68172,  102.92777       
# span 5 =    23.5563,    23.7754       
# span 6 = 1.5476e+00, 8.9636e+02       
# span 7 =      1.865,     44.964       
# span 8 =     0.4010,     0.7339       
# span 9 = 0.0000e+00, 0.0000e+00       
# interval = meters: 1                  
# start_time = Jul 09 2007 14:33:03
# bad_flag = -9.990e-29
*END*
      4.000     8.9430    30.5994    9.58904  100.83548    23.6767 3.1606e+02      4.568     0.4010 0.0000e+00
      5.000     8.9426    30.6214    9.60411  100.98698    23.6986 2.4256e+02      5.153     0.4146 0.0000e+00
      6.000     8.9419    30.6277    9.61365  101.08771    23.7047 1.7973e+02      6.068     0.5247 0.0000e+00
      7.000 -9.990e-29 -9.990e-29 -9.990e-29 -9.990e-29 -9.990e-29 -9.990e-29 -9.990e-29 -9.990e-29 -9.990e-29
      8.000     8.9365    30.6297    9.63194  101.27754    23.7071 9.9370e+01      7.642     0.6186 0.0000e+00
      9.000     8.9307    30.6315    9.65777  101.54221    23.7094 6.7215e+01      8.936     0.6470 0.0000e+00
     10.000     8.9272    30.6327    9.66877  101.65370    23.7110 5.0477e+01      9.935     0.6199 0.0000e+00
     11.000     8.9210    30.6346    9.68382  101.81024    23.7130 3.7484e+01     11.010     0.5865 0.0000e+00
     12.000     8.9174    30.6394    9.68687  101.84143    23.7178 2.7678e+01     12.017     0.5657 0.0000e+00
     13.000     8.9184    30.6406    9.69028  101.87129    23.7188 2.1335e+01     13.310     0.5665 0.0000e+00
     14.000     8.9154    30.6414    9.69996  101.97055    23.7196 1.6909e+01     14.323     0.5752 0.0000e+00
     15.000     8.9117    30.6451    9.70566  102.02971    23.7230 1.2437e+01     15.445     0.5611 0.0000e+00
     16.000     8.9110    30.6469    9.70946  102.06955    23.7247 9.7570e+00     16.315     0.5654 0.0000e+00
     17.000     8.9099    30.6483    9.71645  102.14268    23.7260 7.4638e+00     17.493     0.5577 0.0000e+00
     18.000     8.9088    30.6495    9.71730  102.14478    23.7271 6.0000e+00     18.214     0.5598 0.0000e+00
     19.000     8.9062    30.6536    9.71475  102.11407    23.7304 4.7688e+00     19.287     0.5688 0.0000e+00
     20.000     8.9056    30.6560    9.72385  102.20611    23.7327 3.9399e+00     20.212     0.5568 0.0000e+00
     21.000     8.9023    30.6578    9.72522  102.21769    23.7343 3.2212e+00     21.321     0.5483 0.0000e+00
     22.000     8.9022    30.6607    9.72967  102.26287    23.7368 2.8151e+00     22.149     0.5491 0.0000e+00
     23.000     8.9012    30.6635    9.73630  102.33042    23.7392 2.4603e+00     23.294     0.5755 0.0000e+00
     24.000     8.9012    30.6656    9.73166  102.27803    23.7410 2.2282e+00     24.191     0.5662 0.0000e+00
     25.000     8.9008    30.6662    9.73182  102.27256    23.7415 2.0461e+00     25.290     0.5621 0.0000e+00
     26.000     8.8972    30.6668    9.74136  102.37153    23.7420 1.9129e+00     26.155     0.5644 0.0000e+00
     27.000     8.8942    30.6712    9.73233  102.27429    23.7459 1.8159e+00     27.252     0.5655 0.0000e+00
     28.000     8.8918    30.6746    9.73748  102.31643    23.7491 1.7401e+00     28.268     0.5621 0.0000e+00
     29.000     8.8902    30.6764    9.73855  102.31985    23.7508 1.6877e+00     29.253     0.5675 0.0000e+00
     30.000     8.8890    30.6790    9.73211  102.25069    23.7531 1.6483e+00     30.208     0.5807 0.0000e+00
     31.000     8.8878    30.6800    9.73534  102.28051    23.7541 1.6210e+00     31.236     0.5805 0.0000e+00
     32.000     8.8855    30.6812    9.74127  102.34246    23.7552 1.6006e+00     32.233     0.5789 0.0000e+00
     33.000     8.8806    30.6832    9.75269  102.46304    23.7571 1.5844e+00     33.388     0.5887 0.0000e+00
     34.000     8.8806    30.6863    9.75022  102.43651    23.7600 1.5747e+00     34.301     0.5866 0.0000e+00
     35.000     8.8768    30.6878    9.74811  102.41173    23.7614 1.5672e+00     35.293     0.5929 0.0000e+00
     36.000     8.8717    30.6892    9.74323  102.35736    23.7629 1.5613e+00     36.328     0.6152 0.0000e+00
     37.000     8.8682    30.6941    9.75208  102.45042    23.7678 1.5573e+00     37.320     0.5857 0.0000e+00
     38.000     8.8669    30.6964    9.74854  102.40657    23.7699 1.5541e+00     38.290     0.5861 0.0000e+00
     39.000     8.8654    30.6962    9.74134  102.32919    23.7700 1.5522e+00     39.364     0.5847 0.0000e+00
     40.000     8.8657    30.6977    9.74446  102.36299    23.7714 1.5506e+00     40.289     0.5884 0.0000e+00
     41.000     8.8660    30.6979    9.74257  102.34250    23.7716 1.5497e+00     40.992     0.5832 0.0000e+00
     42.000     8.8653    30.6979    9.74125  102.32842    23.7716 1.5488e+00     42.239     0.5772 0.0000e+00
     43.000     8.8634    30.6976    9.74383  102.35712    23.7714 1.5484e+00     42.990     0.5804 0.0000e+00
     44.000     8.8629    30.6988    9.73888  102.31072    23.7726 1.5481e+00     43.846     0.5939 0.0000e+00
     45.000     8.8606    30.6991    9.73458  102.26887    23.7730 1.5476e+00     44.402     0.5892 0.0000e+00
     46.000     8.8583    30.7011    9.74638  102.40830    23.7754 1.5476e+00     44.964     0.6331 0.0000e+00
     45.000     8.8586    30.7011    9.74737  102.41549    23.7752 1.5476e+00     44.445     0.6000 0.0000e+00
     44.000     8.8596    30.7000    9.72664  102.20239    23.7742 1.5476e+00     43.568     0.6323 0.0000e+00
     43.000     8.8605    30.7005    9.74049  102.34975    23.7746 1.5481e+00     42.940     0.6019 0.0000e+00
     42.000     8.8624    30.7008    9.73359  102.28473    23.7747 1.5486e+00     42.150     0.5855 0.0000e+00
     41.000     8.8638    30.6997    9.73769  102.33464    23.7735 1.5493e+00     41.428     0.6087 0.0000e+00
     40.000     8.8669    30.6981    9.73808  102.34669    23.7720 1.5497e+00     39.922     0.5697 0.0000e+00
     39.000     8.8672    30.6978    9.73768  102.34308    23.7715 1.5514e+00     39.340     0.5938 0.0000e+00
     38.000     8.8692    30.6973    9.73180  102.28565    23.7709 1.5534e+00     38.229     0.5754 0.0000e+00
     37.000     8.8708    30.6967    9.73502  102.32107    23.7703 1.5560e+00     37.604     0.6295 0.0000e+00
     36.000     8.8735    30.6933    9.74585  102.44225    23.7669 1.5597e+00     35.858     0.6492 0.0000e+00
     35.000     8.8741    30.6940    9.73690  102.34947    23.7676 1.5650e+00     35.413     0.5947 0.0000e+00
     34.000     8.8811    30.6937    9.72922  102.26920    23.7671 1.5724e+00     34.186     0.6012 0.0000e+00
     33.000     8.8835    30.6887    9.73197  102.29888    23.7624 1.5831e+00     33.459     0.6181 0.0000e+00
     32.000     8.8867    30.6843    9.73252  102.30633    23.7582 1.5963e+00     32.233     0.6403 0.0000e+00
     31.000     8.8882    30.6825    9.73598  102.34281    23.7565 1.6192e+00     31.282     0.6319 0.0000e+00
     30.000     8.8906    30.6796    9.73974  102.38356    23.7539 1.6488e+00     30.217     0.6052 0.0000e+00
     29.000     8.8932    30.6777    9.73951  102.38070    23.7521 1.6897e+00     29.302     0.7339 0.0000e+00
     28.000     8.8963    30.6740    9.72800  102.26060    23.7487 1.7409e+00     28.234     0.6314 0.0000e+00
     27.000     8.8969    30.6703    9.72188  102.19877    23.7454 1.8120e+00     27.234     0.6117 0.0000e+00
     26.000     8.8977    30.6692    9.72543  102.23786    23.7445 1.9133e+00     26.210     0.6002 0.0000e+00
     25.000     8.8994    30.6678    9.71849  102.16484    23.7433 2.0397e+00     25.138     0.5776 0.0000e+00
     24.000     8.8998    30.6646    9.73373  102.32479    23.7405 2.2219e+00     24.157     0.5996 0.0000e+00
     23.000     8.9002    30.6637    9.73657  102.35412    23.7398 2.4579e+00     23.430     0.5890 0.0000e+00
     22.000     8.9027    30.6556    9.73008  102.29044    23.7333 2.8012e+00     21.217     0.5394 0.0000e+00
     21.000     8.9011    30.6597    9.72926  102.28992    23.7364 3.1298e+00     21.362     0.5741 0.0000e+00
     20.000     8.9028    30.6582    9.72959  102.29390    23.7351 3.7405e+00     20.323     0.5720 0.0000e+00
     19.000     8.9044    30.6558    9.72520  102.24856    23.7331 4.5592e+00     19.311     0.5720 0.0000e+00
     18.000     8.9057    30.6527    9.71596  102.15825    23.7303 5.5249e+00     17.951     0.5594 0.0000e+00
     17.000     8.9058    30.6518    9.71677  102.17722    23.7296 7.1309e+00     17.148     0.7208 0.0000e+00
     16.000     8.9056    30.6514    9.71155  102.13076    23.7292 8.9399e+00     16.104     0.5855 0.0000e+00
     15.000     8.9059    30.6498    9.70548  102.07020    23.7279 1.1688e+01     15.236     0.5694 0.0000e+00
     14.000     8.9096    30.6487    9.70153  102.03674    23.7271 1.4441e+01     13.381     0.5276 0.0000e+00
     13.000     8.9130    30.6462    9.71754  102.20712    23.7247 1.9695e+01     13.191     0.5519 0.0000e+00
     12.000     8.9135    30.6426    9.72095  102.25050    23.7212 2.5675e+01     12.179     0.5569 0.0000e+00
     11.000     8.9142    30.6417    9.72147  102.43926    23.7204 3.3932e+01     11.196     0.5559 0.0000e+00
     10.000     8.9184    30.6413    9.72613  102.80428    23.7201 4.5167e+01     10.195     0.5662 0.0000e+00
      9.000     8.9244    30.6388    9.73970  102.92777    23.7175 5.9559e+01      9.206     0.5877 0.0000e+00
      8.000     8.9283    30.6351    9.65186  102.04497    23.7136 7.8760e+01      8.078     0.6356 0.0000e+00
      7.000     8.9302    30.6334    9.44464   99.89711    23.7118 1.0383e+02      6.981     0.6535 0.0000e+00
      6.000     8.9332    30.6325    9.42800   99.68172    23.7107 1.3378e+02      5.923     0.6664 0.0000e+00
      5.000     8.9358    30.6314   10.45722  100.45755    23.7096 1.7131e+02      5.234     0.6596 0.0000e+00
      4.000     8.9542    30.6298 -9.990e-29 -9.990e-29    23.7078 2.1874e+02      4.014     0.5263 0.0000e+00
      3.000     9.1131    30.6302 -9.990e-29 -9.990e-29    23.7064 2.6894e+02      3.447     0.5053 0.0000e+00
      2.000     9.2320    30.5476 -9.990e-29 -9.990e-29    23.6153 3.2553e+02      2.455     0.4268 0.0000e+00
      1.000     9.2524    30.4880 -9.990e-29 -9.990e-29    23.5563 8.9636e+02      1.865     0.4139 0.0000e+00
