CTD-processing/Workspace/ADFG-BobDeCino/2007/OTF_CTD_2007/CTD Data/ctd-07120_072307_6.5.cnv
* Sea-Bird SBE19plus Data File:
* FileName = C:\data\otf\2007\ctd-07120.hex
* Software Version 1.55
* Temperature SN =  5061
* Conductivity SN =  5061
* System UpLoad Time = Aug 15 2007 16:47:48
* ds
* SeacatPlus V 1.6a  SERIAL NO. 5061    15 Aug 2007  15:31:53
# nquan = 10
# nvalues = 153                         
# units = specified
# name 0 = depSM: Depth [salt water, m]
# name 1 = tv290C: Temperature [ITS-90, deg C]
# name 2 = sal00: Salinity [PSU]
# name 3 = sbeox0Mg/L: Oxygen, SBE 43 [mg/l]
# name 4 = sbeox0PS: Oxygen, SBE 43 [% saturation]
# name 5 = sigma-t00: Density [sigma-t, Kg/m^3 ]
# name 6 = par: PAR/Irradiance, Biospherical/Licor
# name 7 = prdM: Pressure, Strain Gauge [db]
# name 8 = flECO-AFL: Fluorescence, Wetlab ECO-AFL/FL [mg/m^3]
# name 9 = flag: flag
# span 0 =      1.000,     79.000       
# span 1 =     8.5155,    10.7731       
# span 2 =    29.2361,    31.5206       
# span 3 =    8.32101,    9.54071       
# span 4 =   90.09335,  101.40959       
# span 5 =    22.3327,    24.4677       
# span 6 = 1.5471e+00, 1.1642e+02       
# span 7 =      1.064,     79.305       
# span 8 =     0.6195,     1.3771       
# span 9 = 0.0000e+00, 0.0000e+00       
# interval = meters: 1                  
# start_time = Jul 23 2007 12:33:27
# bad_flag = -9.990e-29
*END*
      5.000    10.7244    29.3459    8.32101   90.09335    22.4218 3.2124e+01      4.977     1.3351 0.0000e+00
      6.000    10.6362    29.4599    8.33332   90.14402    22.5198 2.5432e+01      5.981     1.0349 0.0000e+00
      7.000    10.4890    29.7226    8.34316   90.09507    22.7497 2.0228e+01      7.027     0.8029 0.0000e+00
      8.000    10.3559    29.8795    8.35339   90.16356    22.8928 1.5879e+01      8.198     0.7652 0.0000e+00
      9.000    10.2805    30.0306    8.51467   91.74214    23.0278 1.2700e+01      9.099     0.7434 0.0000e+00
     10.000    10.2630    30.0415    8.62486   92.68101    23.0388 1.0169e+01     10.150     0.7546 0.0000e+00
     11.000    10.1940    30.0867    8.70270   93.25498    23.0814 8.1140e+00     11.119     0.7566 0.0000e+00
     12.000    10.0599    30.1885    8.78257   93.96635    23.1796 6.5923e+00     12.137     0.7190 0.0000e+00
     13.000     9.9190    30.3183    8.74767   93.51363    23.3025 5.4031e+00     13.172     0.6995 0.0000e+00
     14.000     9.7726    30.4440    8.77031   93.67007    23.4240 4.5477e+00     14.108     0.6830 0.0000e+00
     15.000     9.7077    30.5432    8.86064   94.58069    23.5179 3.8148e+00     15.126     0.6512 0.0000e+00
     16.000     9.6614    30.5771    8.80646   93.95495    23.5520 3.3064e+00     16.256     0.6528 0.0000e+00
     17.000     9.6125    30.5991    8.86802   94.60281    23.5750 2.9346e+00     17.098     0.6448 0.0000e+00
     18.000     9.5788    30.6599    8.89168   94.84590    23.6309 2.5991e+00     18.151     0.6480 0.0000e+00
     19.000     9.5566    30.6645    8.89770   94.88937    23.6381 2.3676e+00     19.278     0.6415 0.0000e+00
     20.000     9.5497    30.6749    8.93180   95.24983    23.6483 2.1894e+00     20.143     0.6465 0.0000e+00
     21.000     9.5457    30.6824    8.92501   95.15300    23.6547 2.0394e+00     21.270     0.6535 0.0000e+00
     22.000     9.5343    30.6844    8.98255   95.71438    23.6578 1.9395e+00     22.217     0.6628 0.0000e+00
     23.000     9.5301    30.6933    9.00223   95.88891    23.6659 1.8519e+00     23.209     0.6651 0.0000e+00
     24.000     9.5243    30.6972    8.99755   95.80326    23.6695 1.7856e+00     24.319     0.6640 0.0000e+00
     25.000     9.4951    30.7056    9.04164   96.25951    23.6782 1.7341e+00     25.203     0.6602 0.0000e+00
     26.000     9.4684    30.7444    8.99549   95.75020    23.7142 1.6909e+00     26.274     0.6677 0.0000e+00
     27.000     9.4505    30.7516    9.00530   95.81500    23.7226 1.6612e+00     27.294     0.6759 0.0000e+00
     28.000     9.4364    30.7661    9.06464   96.38509    23.7365 1.6371e+00     28.163     0.6773 0.0000e+00
     29.000     9.4241    30.7849    9.08486   96.49725    23.7535 1.6163e+00     29.310     0.6825 0.0000e+00
     30.000     9.4114    30.7891    9.16568   97.26447    23.7583 1.6026e+00     30.370     0.6819 0.0000e+00
     31.000     9.3721    30.8151    9.23076   97.88657    23.7819 1.5918e+00     31.176     0.6741 0.0000e+00
     32.000     9.3171    30.8694    9.29276   98.46152    23.8332 1.5818e+00     32.260     0.6785 0.0000e+00
     33.000     9.2543    30.9132    9.33473   98.81998    23.8769 1.5755e+00     33.354     0.7067 0.0000e+00
     34.000     9.1967    30.9630    9.36461   99.06706    23.9250 1.5700e+00     34.356     0.7290 0.0000e+00
     35.000     9.1515    31.0036    9.38992   99.20081    23.9636 1.5667e+00     35.341     0.7382 0.0000e+00
     36.000     9.0989    31.0656    9.40640   99.22713    24.0207 1.5633e+00     36.365     0.7737 0.0000e+00
     37.000     9.0650    31.1007    9.42208   99.30862    24.0536 1.5612e+00     37.431     0.8145 0.0000e+00
     38.000     9.0023    31.1392    9.43249   99.37534    24.0898 1.5594e+00     38.316     0.8323 0.0000e+00
     39.000     8.9304    31.2012    9.43930   99.38894    24.1496 1.5579e+00     39.311     0.8519 0.0000e+00
     40.000     8.8550    31.2657    9.44811   99.43312    24.2137 1.5570e+00     40.447     0.8732 0.0000e+00
     41.000     8.8264    31.2954    9.45624   99.46969    24.2431 1.5561e+00     41.405     0.8658 0.0000e+00
     42.000     8.7981    31.3096    9.46420   99.52911    24.2578 1.5552e+00     42.348     0.8474 0.0000e+00
     43.000     8.7690    31.3345    9.46604   99.51405    24.2825 1.5545e+00     43.362     0.8443 0.0000e+00
     44.000     8.7407    31.3515    9.46856   99.51007    24.2996 1.5538e+00     44.445     0.8551 0.0000e+00
     45.000     8.7164    31.3748    9.47634   99.56995    24.3225 1.5537e+00     45.487     0.8554 0.0000e+00
     46.000     8.7043    31.3829    9.48523   99.63464    24.3304 1.5534e+00     46.368     0.8508 0.0000e+00
     47.000     8.6845    31.3986    9.48840   99.65435    24.3460 1.5530e+00     47.422     0.8491 0.0000e+00
     48.000     8.6714    31.4066    9.50154   99.75701    24.3545 1.5525e+00     48.517     0.8588 0.0000e+00
     49.000     8.6566    31.4113    9.50048   99.73461    24.3599 1.5524e+00     49.414     0.8481 0.0000e+00
     50.000     8.6467    31.4231    9.50074   99.73022    24.3714 1.5523e+00     50.506     0.8523 0.0000e+00
     51.000     8.6328    31.4267    9.50435   99.75242    24.3754 1.5519e+00     51.503     0.8808 0.0000e+00
     52.000     8.6210    31.4368    9.50961   99.79179    24.3860 1.5519e+00     52.450     0.8633 0.0000e+00
     53.000     8.6195    31.4403    9.51319   99.81422    24.3892 1.5514e+00     53.522     0.8673 0.0000e+00
     54.000     8.6104    31.4420    9.51702   99.82517    24.3913 1.5513e+00     54.556     0.8745 0.0000e+00
     55.000     8.6040    31.4463    9.51376   99.76619    24.3958 1.5518e+00     55.408     0.8695 0.0000e+00
     56.000     8.5938    31.4505    9.51236   99.73489    24.4006 1.5511e+00     56.588     0.8614 0.0000e+00
     57.000     8.5783    31.4577    9.51913   99.78787    24.4076 1.5512e+00     57.514     0.8669 0.0000e+00
     58.000     8.5615    31.4761    9.52490   99.84067    24.4253 1.5510e+00     58.539     0.8698 0.0000e+00
     59.000     8.5524    31.4822    9.52592   99.84100    24.4315 1.5513e+00     59.600     0.8939 0.0000e+00
     60.000     8.5425    31.4919    9.52395   99.80553    24.4407 1.5509e+00     60.524     0.9119 0.0000e+00
     61.000     8.5372    31.4971    9.52356   99.79738    24.4457 1.5507e+00     61.661     0.9388 0.0000e+00
     62.000     8.5325    31.5021    9.52777   99.84391    24.4505 1.5509e+00     62.598     0.9464 0.0000e+00
     63.000     8.5227    31.5090    9.53216   99.88052    24.4569 1.5508e+00     63.577     0.9429 0.0000e+00
     64.000     8.5220    31.5148    9.53317   99.89114    24.4624 1.5508e+00     64.637     0.9444 0.0000e+00
     65.000     8.5219    31.5114    9.53276   99.88594    24.4593 1.5504e+00     65.647     0.9381 0.0000e+00
     66.000     8.5172    31.5171    9.53405   99.90044    24.4645 1.5506e+00     66.584     0.9375 0.0000e+00
     67.000     8.5171    31.5176    9.53287   99.88799    24.4651 1.5506e+00     67.622     0.9648 0.0000e+00
     68.000     8.5166    31.5188    9.53398   99.89963    24.4661 1.5506e+00     68.728     0.9621 0.0000e+00
     69.000     8.5173    31.5177    9.53391   99.89938    24.4652 1.5503e+00     69.594     0.9757 0.0000e+00
     70.000     8.5172    31.5180    9.53306   99.89144    24.4653 1.5502e+00     70.648     0.9539 0.0000e+00
     71.000     8.5172    31.5177    9.53742   99.93613    24.4651 1.5504e+00     71.731     0.9903 0.0000e+00
     72.000     8.5177    31.5175    9.53868   99.94897    24.4649 1.5501e+00     72.673     0.9967 0.0000e+00
     73.000     8.5181    31.5171    9.54071   99.97042    24.4645 1.5505e+00     73.650     0.9838 0.0000e+00
     74.000     8.5174    31.5177    9.53372   99.89770    24.4651 1.5501e+00     74.690     1.0004 0.0000e+00
     75.000     8.5173    31.5179    9.52582   99.81359    24.4653 1.5504e+00     75.712     0.9810 0.0000e+00
     76.000     8.5176    31.5173    9.52689   99.82438    24.4648 1.5501e+00     76.689     0.9902 0.0000e+00
     77.000     8.5171    31.5178    9.52442   99.79950    24.4652 1.5501e+00     77.677     0.9964 0.0000e+00
     78.000     8.5160    31.5201    9.51880   99.74115    24.4672 1.5505e+00     78.654     1.0031 0.0000e+00
     79.000     8.5155    31.5206    9.52495   99.80566    24.4677 1.5500e+00     79.305     1.0824 0.0000e+00
     78.000     8.5183    31.5206    9.51607   99.71509    24.4673 1.5496e+00     78.651     0.9722 0.0000e+00
     77.000     8.5182    31.5193    9.51886   99.74517    24.4662 1.5497e+00     77.752     0.9827 0.0000e+00
     76.000     8.5186    31.5189    9.51899   99.74441    24.4660 1.5496e+00     76.641     0.9937 0.0000e+00
     75.000     8.5190    31.5184    9.51952   99.75085    24.4654 1.5498e+00     75.761     1.0246 0.0000e+00
     74.000     8.5178    31.5186    9.51424   99.69406    24.4657 1.5492e+00     74.680     1.0711 0.0000e+00
     73.000     8.5181    31.5196    9.52021   99.75643    24.4666 1.5495e+00     73.731     1.0087 0.0000e+00
     72.000     8.5174    31.5187    9.51641   99.71532    24.4658 1.5497e+00     72.686     1.0354 0.0000e+00
     71.000     8.5176    31.5188    9.51522   99.70437    24.4660 1.5494e+00     71.684     1.0320 0.0000e+00
     70.000     8.5170    31.5185    9.50821   99.62979    24.4658 1.5496e+00     70.692     1.0223 0.0000e+00
     69.000     8.5177    31.5184    9.51189   99.66775    24.4657 1.5495e+00     69.612     1.0075 0.0000e+00
     68.000     8.5175    31.5174    9.51780   99.72901    24.4648 1.5497e+00     68.689     1.0143 0.0000e+00
     67.000     8.5170    31.5180    9.52202   99.77312    24.4654 1.5494e+00     67.603     1.0095 0.0000e+00
     66.000     8.5167    31.5178    9.52131   99.76819    24.4653 1.5493e+00     66.645     1.0008 0.0000e+00
     65.000     8.5168    31.5175    9.52196   99.77318    24.4651 1.5491e+00     65.625     1.0035 0.0000e+00
     64.000     8.5183    31.5155    9.52179   99.78068    24.4633 1.5491e+00     64.620     0.9839 0.0000e+00
     63.000     8.5174    31.5166    9.51368   99.70082    24.4643 1.5493e+00     63.629     0.9944 0.0000e+00
     62.000     8.5234    31.5116    9.51805   99.74318    24.4597 1.5492e+00     62.546     0.9792 0.0000e+00
     61.000     8.5259    31.5075    9.52402   99.80976    24.4559 1.5492e+00     61.634     0.9828 0.0000e+00
     60.000     8.5247    31.5081    9.52597   99.83694    24.4565 1.5490e+00     60.543     1.0205 0.0000e+00
     59.000     8.5271    31.5064    9.52405   99.87901    24.4550 1.5490e+00     59.566     0.9918 0.0000e+00
     58.000     8.5306    31.5053    9.52890   99.96162    24.4539 1.5494e+00     58.568     0.9801 0.0000e+00
     57.000     8.5679    31.4807    9.52405   99.93146    24.4305 1.5494e+00     57.547     0.9519 0.0000e+00
     56.000     8.5859    31.4594    9.52479   99.96028    24.4098 1.5491e+00     56.535     0.9431 0.0000e+00
     55.000     8.5977    31.4526    9.52475   99.97201    24.4028 1.5494e+00     55.554     0.9512 0.0000e+00
     54.000     8.6085    31.4440    9.52276   99.95987    24.3941 1.5496e+00     54.464     0.9529 0.0000e+00
     53.000     8.6137    31.4428    9.51874   99.92405    24.3924 1.5471e+00     53.549     0.9414 0.0000e+00
     52.000     8.6174    31.4410    9.52465  100.00097    24.3903 1.5489e+00     52.430     0.9619 0.0000e+00
     51.000     8.6212    31.4412    9.53102  100.08765    24.3901 1.5491e+00     51.558     0.9353 0.0000e+00
     50.000     8.6290    31.4370    9.53541  100.16904    24.3855 1.5496e+00     50.398     0.9443 0.0000e+00
     49.000     8.6425    31.4296    9.52939  100.11806    24.3783 1.5499e+00     49.545     0.9582 0.0000e+00
     48.000     8.6590    31.4144    9.52388  100.08497    24.3635 1.5501e+00     48.397     0.9989 0.0000e+00
     47.000     8.6671    31.4117    9.53040  100.16341    24.3604 1.5503e+00     47.474     0.9508 0.0000e+00
     46.000     8.6785    31.4038    9.53906  100.27915    24.3522 1.5504e+00     46.399     0.9719 0.0000e+00
     45.000     8.6843    31.4010    9.53655  100.29753    24.3493 1.5508e+00     45.478     0.9630 0.0000e+00
     44.000     8.7002    31.3928    9.53519  100.34415    24.3409 1.5510e+00     44.357     0.9762 0.0000e+00
     43.000     8.7287    31.3723    9.53063  100.35399    24.3211 1.5516e+00     43.438     0.9450 0.0000e+00
     42.000     8.7609    31.3484    9.52689  100.34782    24.2976 1.5518e+00     42.381     0.9806 0.0000e+00
     41.000     8.7959    31.3225    9.53322  100.44867    24.2718 1.5528e+00     41.386     0.9646 0.0000e+00
     40.000     8.8085    31.3099    9.53310  100.55830    24.2594 1.5536e+00     40.383     0.9608 0.0000e+00
     39.000     8.8303    31.2977    9.53417  100.72246    24.2471 1.5547e+00     39.374     0.9562 0.0000e+00
     38.000     8.9191    31.2568    9.52895  100.75370    24.2054 1.5556e+00     38.364     0.9503 0.0000e+00
     37.000     8.9816    31.1905    9.52254  100.76635    24.1415 1.5575e+00     37.361     0.9717 0.0000e+00
     36.000     9.0376    31.1393    9.51608  100.74867    24.0929 1.5592e+00     36.301     0.9600 0.0000e+00
     35.000     9.0782    31.0975    9.52104  100.87332    24.0534 1.5619e+00     35.345     0.9345 0.0000e+00
     34.000     9.1112    31.0640    9.52229  100.93127    24.0224 1.5651e+00     34.312     0.9399 0.0000e+00
     33.000     9.1552    31.0163    9.51937  100.97287    23.9781 1.5694e+00     33.329     0.8919 0.0000e+00
     32.000     9.1801    30.9900    9.51662  101.03782    23.9531 1.5744e+00     32.261     0.8907 0.0000e+00
     31.000     9.2274    30.9586    9.50750  101.00805    23.9228 1.5819e+00     31.300     0.8582 0.0000e+00
     30.000     9.2765    30.9118    9.49867  100.98637    23.8781 1.5908e+00     30.300     0.8368 0.0000e+00
     29.000     9.3194    30.8709    9.49071  100.95008    23.8394 1.6031e+00     29.271     0.8165 0.0000e+00
     28.000     9.3646    30.8226    9.48537  100.91609    23.7947 1.6188e+00     28.255     0.8104 0.0000e+00
     27.000     9.3914    30.7894    9.48207  100.90328    23.7637 1.6389e+00     27.250     0.8050 0.0000e+00
     26.000     9.4045    30.7741    9.47917  100.89011    23.7495 1.6659e+00     26.241     0.8005 0.0000e+00
     25.000     9.4164    30.7620    9.47085  100.82101    23.7380 1.7004e+00     25.242     0.7946 0.0000e+00
     24.000     9.4276    30.7532    9.46736  100.80871    23.7294 1.7431e+00     24.187     0.8013 0.0000e+00
     23.000     9.4370    30.7460    9.46734  100.82326    23.7224 1.7999e+00     23.255     0.8158 0.0000e+00
     22.000     9.4521    30.7345    9.46534  100.85012    23.7111 1.8714e+00     22.148     0.8027 0.0000e+00
     21.000     9.4599    30.7275    9.46348  100.85459    23.7044 1.9639e+00     21.247     0.7944 0.0000e+00
     20.000     9.4883    30.7060    9.45912  100.82564    23.6840 2.0798e+00     20.173     0.7833 0.0000e+00
     19.000     9.5068    30.6823    9.44799  100.72267    23.6617 2.2401e+00     19.189     0.7736 0.0000e+00
     18.000     9.5165    30.6710    9.44540  100.70862    23.6511 2.4383e+00     18.149     0.7786 0.0000e+00
     17.000     9.5266    30.6618    9.44983  100.76584    23.6425 2.7064e+00     17.165     0.7265 0.0000e+00
     16.000     9.5338    30.6544    9.44797  100.76151    23.6355 3.0250e+00     16.170     0.6950 0.0000e+00
     15.000     9.5407    30.6471    9.44281  100.74683    23.6286 3.4584e+00     15.124     0.6781 0.0000e+00
     14.000     9.5501    30.6419    9.44631  100.84111    23.6236 4.0092e+00     14.168     0.6819 0.0000e+00
     13.000     9.5741    30.6259    9.44840  100.92707    23.6078 4.7122e+00     13.101     0.6455 0.0000e+00
     12.000     9.6096    30.5999    9.43764  100.89852    23.5823 5.6671e+00     12.112     0.6195 0.0000e+00
     11.000     9.6421    30.5697    9.43877  101.14196    23.5530 6.9668e+00     11.107     0.6468 0.0000e+00
     10.000     9.7063    30.5399    9.43751  101.30012    23.5238 8.6622e+00     10.097     0.6432 0.0000e+00
