CTD-processing/Workspace/ADFG-BobDeCino/2007/OTF_CTD_2007/CTD Data/ctd-07016_070507_4.cnv
* Sea-Bird SBE19plus Data File:
* FileName = C:\data\otf\2007\ctd-07016.hex
* Software Version 1.55
* Temperature SN =  5061
* Conductivity SN =  5061
* System UpLoad Time = Aug 15 2007 15:57:12
* ds
* SeacatPlus V 1.6a  SERIAL NO. 5061    15 Aug 2007  15:31:53
# nquan = 10
# nvalues = 90                          
# units = specified
# name 0 = depSM: Depth [salt water, m]
# name 1 = tv290C: Temperature [ITS-90, deg C]
# name 2 = sal00: Salinity [PSU]
# name 3 = sbeox0Mg/L: Oxygen, SBE 43 [mg/l]
# name 4 = sbeox0PS: Oxygen, SBE 43 [% saturation]
# name 5 = sigma-t00: Density [sigma-t, Kg/m^3 ]
# name 6 = par: PAR/Irradiance, Biospherical/Licor
# name 7 = prdM: Pressure, Strain Gauge [db]
# name 8 = flECO-AFL: Fluorescence, Wetlab ECO-AFL/FL [mg/m^3]
# name 9 = flag: flag
# span 0 =      1.000,     47.000       
# span 1 =     7.6379,     7.6927       
# span 2 =    31.8369,    31.8884       
# span 3 =    8.70637,   10.52465       
# span 4 =   89.63599,  105.47928       
# span 5 =    24.8406,    24.8762       
# span 6 = 1.5990e+00, 3.5837e+02       
# span 7 =      1.881,     46.975       
# span 8 =     0.8409,     1.4313       
# span 9 = 0.0000e+00, 0.0000e+00       
# interval = meters: 1                  
# start_time = Jul 05 2007 09:29:10
# bad_flag = -9.990e-29
*END*
      4.000     7.6547    31.8669    8.84003   91.06867    24.8623 1.3866e+02      4.421     1.0627 0.0000e+00
      5.000     7.6507    31.8780    8.74259   90.06910    24.8718 1.1292e+02      5.199     1.2467 0.0000e+00
      6.000     7.6660    31.8623    8.70637   89.63599    24.8595 9.5892e+01      5.900     1.2543 0.0000e+00
      7.000     7.6927    31.8884    8.70984   89.65488    24.8762 7.8945e+01      6.918     1.2434 0.0000e+00
      8.000     7.6519    31.8861    8.86796   91.27223    24.8738 6.4871e+01      8.475     1.2701 0.0000e+00
      9.000     7.6461    31.8526    8.99270   92.55022    24.8512 5.4724e+01      9.372     1.2533 0.0000e+00
     10.000     7.6467    31.8566    9.12964   93.95298    24.8557 4.5623e+01     10.086     1.2473 0.0000e+00
     11.000     7.6483    31.8562    9.31069   95.81384    24.8557 3.7625e+01     10.854     1.1337 0.0000e+00
     12.000     7.6618    31.8772    9.47140   97.46715    24.8718 3.1044e+01     11.817     1.2712 0.0000e+00
     13.000     7.6679    31.8650    9.60533   98.84515    24.8586 2.5696e+01     13.261     1.2352 0.0000e+00
     14.000     7.6403    31.8578    9.68604   99.67513    24.8562 2.1748e+01     14.723     1.0805 0.0000e+00
     15.000     7.6439    31.8487    9.68144   99.62710    24.8498 1.8511e+01     15.588     1.1174 0.0000e+00
     16.000     7.6438    31.8479    9.69585   99.77502    24.8493 1.5507e+01     16.494     1.0598 0.0000e+00
     17.000     7.6413    31.8479    9.71241   99.94500    24.8495 1.3139e+01     17.471     1.2012 0.0000e+00
     18.000     7.6393    31.8482    9.73544  100.18290    24.8499 1.1227e+01     18.282     1.1708 0.0000e+00
     19.000     7.6386    31.8398    9.74856  100.32039    24.8434 9.5349e+00     19.244     1.1119 0.0000e+00
     20.000     7.6383    31.8405    9.73670  100.19844    24.8444 8.2029e+00     20.144     1.1699 0.0000e+00
     21.000     7.6382    31.8410    9.75913  100.42877    24.8448 7.1093e+00     20.955     1.1534 0.0000e+00
     22.000     7.6384    31.8402    9.77001  100.54121    24.8441 6.0913e+00     22.157     1.2019 0.0000e+00
     23.000     7.6383    31.8408    9.77319  100.57317    24.8446 5.3842e+00     22.946     1.1194 0.0000e+00
     24.000     7.6382    31.8410    9.78470  100.69224    24.8447 4.7127e+00     24.195     1.1067 0.0000e+00
     25.000     7.6381    31.8398    9.79318  100.77931    24.8438 4.1890e+00     25.129     1.1343 0.0000e+00
     26.000     7.6379    31.8395    9.79181  100.76454    24.8436 3.7324e+00     26.352     1.1913 0.0000e+00
     27.000     7.6379    31.8390    9.80352  100.88522    24.8432 3.3946e+00     27.345     1.2365 0.0000e+00
     28.000     7.6388    31.8391    9.81247  100.97802    24.8433 3.0987e+00     28.585     1.4313 0.0000e+00
     29.000     7.6388    31.8407    9.81062  100.95862    24.8445 2.8551e+00     29.508     1.1750 0.0000e+00
     30.000     7.6386    31.8408    9.82920  101.14967    24.8445 2.5910e+00     30.663     1.4199 0.0000e+00
     31.000     7.6386    31.8408    9.80739  100.92497    24.8446 2.4497e+00     31.535     1.1683 0.0000e+00
     32.000     7.6383    31.8412    9.81903  101.04404    24.8449 2.2983e+00     32.598     1.1728 0.0000e+00
     33.000     7.6383    31.8414    9.79000  100.74519    24.8451 2.1638e+00     33.506     1.1353 0.0000e+00
     34.000     7.6389    31.8417    9.79673  100.81400    24.8452 2.0699e+00     34.447     1.3059 0.0000e+00
     35.000     7.6384    31.8417    9.78439  100.68797    24.8453 1.9826e+00     35.399     1.0983 0.0000e+00
     36.000     7.6384    31.8413    9.78450  100.68944    24.8450 1.9118e+00     36.334     1.0250 0.0000e+00
     37.000     7.6383    31.8415    9.79197  100.76530    24.8451 1.8441e+00     37.295     1.2914 0.0000e+00
     38.000     7.6384    31.8414    9.78835  100.72800    24.8451 1.7975e+00     38.305     1.3143 0.0000e+00
     39.000     7.6387    31.8415    9.79175  100.76404    24.8451 1.7574e+00     39.332     1.0676 0.0000e+00
     40.000     7.6385    31.8414    9.78863  100.73197    24.8450 1.7262e+00     40.178     1.1308 0.0000e+00
     41.000     7.6384    31.8416    9.77957  100.63934    24.8452 1.6969e+00     41.034     1.1197 0.0000e+00
     42.000     7.6384    31.8413    9.78476  100.69305    24.8450 1.6709e+00     42.046     1.2331 0.0000e+00
     43.000     7.6383    31.8412    9.79092  100.75564    24.8449 1.6523e+00     42.813     1.1853 0.0000e+00
     44.000     7.6380    31.8413    9.79172  100.76477    24.8450 1.6354e+00     43.711     1.1403 0.0000e+00
     45.000     7.6379    31.8412    9.79752  100.82466    24.8449 1.6224e+00     44.393     1.0974 0.0000e+00
     46.000     7.6381    31.8412    9.80286  100.87831    24.8450 1.6103e+00     45.197     1.0553 0.0000e+00
     47.000     7.6386    31.8413    9.81620  101.01783    24.8450 1.5990e+00     46.975     1.2382 0.0000e+00
     46.000     7.6395    31.8411    9.83693  101.23131    24.8446 1.6083e+00     45.827     1.1772 0.0000e+00
     45.000     7.6394    31.8413    9.84808  101.34536    24.8449 1.6202e+00     44.966     1.2008 0.0000e+00
     44.000     7.6400    31.8415    9.83734  101.23557    24.8450 1.6343e+00     43.991     1.1467 0.0000e+00
     43.000     7.6402    31.8416    9.83736  101.23611    24.8449 1.6514e+00     43.138     1.1729 0.0000e+00
     42.000     7.6401    31.8411    9.84557  101.31998    24.8445 1.6698e+00     42.239     1.1512 0.0000e+00
     41.000     7.6397    31.8415    9.84583  101.32260    24.8449 1.6935e+00     41.320     1.2101 0.0000e+00
     40.000     7.6394    31.8414    9.83922  101.25523    24.8449 1.7242e+00     40.299     1.1468 0.0000e+00
     39.000     7.6392    31.8415    9.86154  101.48421    24.8449 1.7584e+00     39.368     1.1101 0.0000e+00
     38.000     7.6393    31.8414    9.86163  101.48471    24.8449 1.7993e+00     38.298     1.1045 0.0000e+00
     37.000     7.6393    31.8412    9.86629  101.53221    24.8448 1.8496e+00     37.322     1.1053 0.0000e+00
     36.000     7.6392    31.8415    9.87125  101.58256    24.8451 1.9086e+00     36.214     1.1659 0.0000e+00
     35.000     7.6395    31.8410    9.87923  101.66465    24.8446 1.9818e+00     35.306     1.2297 0.0000e+00
     34.000     7.6393    31.8413    9.85500  101.41498    24.8448 2.0700e+00     34.249     1.0950 0.0000e+00
     33.000     7.6392    31.8406    9.85544  101.41854    24.8443 2.1719e+00     33.182     0.9867 0.0000e+00
     32.000     7.6397    31.8413    9.86228  101.48899    24.8449 2.2974e+00     32.297     1.2539 0.0000e+00
     31.000     7.6395    31.8410    9.85861  101.45014    24.8446 2.4568e+00     31.204     1.1729 0.0000e+00
     30.000     7.6392    31.8407    9.85749  101.43919    24.8444 2.6168e+00     30.251     1.1772 0.0000e+00
     29.000     7.6387    31.8409    9.86286  101.49560    24.8445 2.8452e+00     29.297     1.2894 0.0000e+00
     28.000     7.6391    31.8405    9.89305  101.80594    24.8444 3.1116e+00     28.382     1.1076 0.0000e+00
     27.000     7.6386    31.8414    9.87995  101.67218    24.8450 3.4293e+00     27.407     1.1662 0.0000e+00
     26.000     7.6387    31.8411    9.87739  101.64540    24.8448 3.8336e+00     26.427     1.1239 0.0000e+00
     25.000     7.6387    31.8403    9.88540  101.72728    24.8442 4.3113e+00     25.258     1.1523 0.0000e+00
     24.000     7.6386    31.8393    9.88821  101.75570    24.8433 4.8808e+00     24.271     1.1917 0.0000e+00
     23.000     7.6382    31.8395    9.90480  101.92683    24.8436 5.5354e+00     23.254     1.0682 0.0000e+00
     22.000     7.6386    31.8384    9.90285  101.90732    24.8427 6.3462e+00     22.180     1.0585 0.0000e+00
     21.000     7.6388    31.8383    9.90704  101.94954    24.8427 7.3164e+00     21.257     1.1872 0.0000e+00
     20.000     7.6388    31.8390    9.91993  102.08133    24.8431 8.5462e+00     20.234     1.1335 0.0000e+00
     19.000     7.6387    31.8398    9.94338  102.32284    24.8437 1.0038e+01     19.103     1.1812 0.0000e+00
     18.000     7.6388    31.8401    9.95839  102.47765    24.8440 1.1783e+01     18.096     1.1951 0.0000e+00
     17.000     7.6390    31.8392    9.99430  102.84578    24.8432 1.3803e+01     17.103     1.2488 0.0000e+00
     16.000     7.6385    31.8384    9.99826  102.88790    24.8427 1.6336e+01     16.137     1.2456 0.0000e+00
     15.000     7.6391    31.8389   10.01968  103.11536    24.8431 1.9461e+01     15.045     1.2256 0.0000e+00
     14.000     7.6391    31.8384   10.03893  103.31827    24.8427 2.3267e+01     14.014     1.1445 0.0000e+00
     13.000     7.6387    31.8381   10.07442  103.68451    24.8424 2.7583e+01     13.002     1.0944 0.0000e+00
     12.000     7.6386    31.8380   10.12169  104.16959    24.8423 3.3031e+01     12.075     1.1316 0.0000e+00
     11.000     7.6386    31.8378   10.18718  104.84521    24.8422 3.9647e+01     11.055     1.1003 0.0000e+00
     10.000     7.6389    31.8382   10.24848  105.47928    24.8425 4.7663e+01     10.136     1.1614 0.0000e+00
      9.000     7.6385    31.8377   10.24757  105.47806    24.8421 5.7343e+01      9.092     1.3216 0.0000e+00
      8.000     7.6380    31.8379   10.07195  103.67751    24.8423 6.8841e+01      8.233     1.2338 0.0000e+00
      7.000     7.6400    31.8378   10.35229  102.00640    24.8424 8.2498e+01      7.178     1.2107 0.0000e+00
      6.000     7.6424    31.8383   10.52465  101.90508    24.8425 1.0007e+02      6.287     1.3528 0.0000e+00
      5.000     7.6445    31.8380 -9.990e-29 -9.990e-29    24.8418 1.1930e+02      5.148     1.1757 0.0000e+00
      4.000     7.6439    31.8376 -9.990e-29 -9.990e-29    24.8412 1.4273e+02      4.344     1.1379 0.0000e+00
      3.000     7.6440    31.8373 -9.990e-29 -9.990e-29    24.8411 1.7109e+02      3.417     1.0074 0.0000e+00
      2.000     7.6451    31.8371 -9.990e-29 -9.990e-29    24.8409 2.1165e+02      2.607     0.9431 0.0000e+00
      1.000     7.6478    31.8369 -9.990e-29 -9.990e-29    24.8406 3.5837e+02      1.881     0.8409 0.0000e+00
