CTD-processing/Workspace/ADFG-BobDeCino/2007/OTF_CTD_2007/CTD Data/ctd-07088_071607_4.cnv
* Sea-Bird SBE19plus Data File:
* FileName = C:\data\otf\2007\ctd-07088.hex
* Software Version 1.55
* Temperature SN =  5061
* Conductivity SN =  5061
* System UpLoad Time = Aug 15 2007 16:24:10
* ds
* SeacatPlus V 1.6a  SERIAL NO. 5061    15 Aug 2007  15:31:53
# nquan = 10
# nvalues = 79                          
# units = specified
# name 0 = depSM: Depth [salt water, m]
# name 1 = tv290C: Temperature [ITS-90, deg C]
# name 2 = sal00: Salinity [PSU]
# name 3 = sbeox0Mg/L: Oxygen, SBE 43 [mg/l]
# name 4 = sbeox0PS: Oxygen, SBE 43 [% saturation]
# name 5 = sigma-t00: Density [sigma-t, Kg/m^3 ]
# name 6 = par: PAR/Irradiance, Biospherical/Licor
# name 7 = prdM: Pressure, Strain Gauge [db]
# name 8 = flECO-AFL: Fluorescence, Wetlab ECO-AFL/FL [mg/m^3]
# name 9 = flag: flag
# span 0 =      1.000,     41.000       
# span 1 =     8.1467,     8.1883       
# span 2 =    31.7696,    31.8129       
# span 3 =    9.82569,   11.74834       
# span 4 =   99.50683,  108.30880       
# span 5 =    24.7119,    24.7414       
# span 6 = 1.6496e+00, 1.2165e+03       
# span 7 =      1.785,     40.456       
# span 8 =     0.8863,     1.7207       
# span 9 = 0.0000e+00, 0.0000e+00       
# interval = meters: 1                  
# start_time = Jul 16 2007 10:30:31
# bad_flag = -9.990e-29
*END*
      3.000     8.1883    31.8129    9.82569  102.30893    24.7414 9.2283e+01      4.723     1.1298 0.0000e+00
      4.000 -9.990e-29 -9.990e-29 -9.990e-29 -9.990e-29 -9.990e-29 -9.990e-29 -9.990e-29 -9.990e-29 -9.990e-29
      5.000     8.1826    31.7988    9.90476  103.12962    24.7331 9.6496e+01      5.953     1.2274 0.0000e+00
      6.000     8.1815    31.7933    9.89291  103.01094    24.7299 1.0071e+02      7.078     1.4532 0.0000e+00
      7.000     8.1818    31.7899    9.83885  102.44471    24.7274 1.0181e+02      7.863     1.4697 0.0000e+00
      8.000     8.1814    31.7893    9.84081  102.46363    24.7271 9.7404e+01      8.657     1.5270 0.0000e+00
      9.000 -9.990e-29 -9.990e-29 -9.990e-29 -9.990e-29 -9.990e-29 -9.990e-29 -9.990e-29 -9.990e-29 -9.990e-29
     10.000     8.1808    31.7851    9.88327  102.90154    24.7238 7.2282e+01     10.040     1.5402 0.0000e+00
     11.000     8.1799    31.7854    9.88910  102.96245    24.7241 5.7460e+01     10.995     1.4983 0.0000e+00
     12.000     8.1774    31.7848    9.89161  102.98243    24.7237 4.7645e+01     11.842     1.5130 0.0000e+00
     13.000 -9.990e-29 -9.990e-29 -9.990e-29 -9.990e-29 -9.990e-29 -9.990e-29 -9.990e-29 -9.990e-29 -9.990e-29
     14.000     8.1729    31.7861    9.89677  103.02794    24.7248 3.4491e+01     13.291     1.5669 0.0000e+00
     15.000     8.1747    31.7851    9.90453  103.09460    24.7248 2.6027e+01     14.765     1.5400 0.0000e+00
     16.000     8.1777    31.7865   10.03155  104.41724    24.7261 2.1870e+01     15.837     1.5131 0.0000e+00
     17.000     8.1755    31.7861   10.11006  105.23032    24.7255 1.8091e+01     16.861     1.4777 0.0000e+00
     18.000     8.1696    31.7854   10.17192  105.87276    24.7245 1.4745e+01     17.970     1.4745 0.0000e+00
     19.000     8.1651    31.7808   10.20901  106.25230    24.7215 1.2272e+01     19.126     1.5179 0.0000e+00
     20.000     8.1643    31.7824   10.22953  106.46735    24.7236 1.0345e+01     20.060     1.5580 0.0000e+00
     21.000     8.1657    31.7834   10.24626  106.64474    24.7249 8.7013e+00     20.980     1.5318 0.0000e+00
     22.000     8.1656    31.7853   10.25730  106.76092    24.7264 7.3378e+00     21.965     1.4815 0.0000e+00
     23.000     8.1651    31.7849   10.27632  106.95978    24.7258 6.1498e+00     23.228     1.4866 0.0000e+00
     24.000     8.1619    31.7813   10.28853  107.08814    24.7232 5.3219e+00     24.233     1.5137 0.0000e+00
     25.000     8.1646    31.7804   10.28693  107.07350    24.7224 4.5932e+00     25.142     1.4823 0.0000e+00
     26.000     8.1583    31.7818   10.30112  107.21647    24.7239 4.0754e+00     26.167     1.4671 0.0000e+00
     27.000     8.1550    31.7821   10.30753  107.28064    24.7246 3.6154e+00     27.243     1.5231 0.0000e+00
     28.000     8.1559    31.7808   10.30916  107.29646    24.7239 3.2319e+00     28.262     1.4748 0.0000e+00
     29.000     8.1514    31.7775   10.31086  107.31390    24.7218 2.9204e+00     29.153     1.4218 0.0000e+00
     30.000     8.1505    31.7744   10.31907  107.39919    24.7191 2.6533e+00     30.117     1.4088 0.0000e+00
     31.000     8.1513    31.7754   10.32742  107.48740    24.7207 2.4403e+00     31.102     1.3781 0.0000e+00
     32.000     8.1467    31.7776   10.33218  107.53773    24.7224 2.2623e+00     32.141     1.4963 0.0000e+00
     33.000     8.1493    31.7758   10.33280  107.54598    24.7211 2.1367e+00     33.088     1.4498 0.0000e+00
     34.000     8.1504    31.7774   10.32459  107.46268    24.7226 2.0273e+00     34.025     1.3865 0.0000e+00
     35.000     8.1509    31.7772   10.31758  107.38887    24.7222 1.9322e+00     34.989     1.4038 0.0000e+00
     36.000     8.1515    31.7762   10.31751  107.38565    24.7213 1.8553e+00     36.062     1.4196 0.0000e+00
     37.000     8.1525    31.7763   10.33601  107.58067    24.7214 1.7980e+00     36.924     1.4274 0.0000e+00
     38.000     8.1511    31.7762   10.33004  107.51680    24.7212 1.7520e+00     37.542     1.4250 0.0000e+00
     39.000     8.1498    31.7757   10.33101  107.52769    24.7208 1.7125e+00     38.340     1.3930 0.0000e+00
     40.000     8.1491    31.7758   10.33776  107.60023    24.7210 1.6811e+00     39.110     1.4107 0.0000e+00
     41.000     8.1497    31.7762   10.34535  107.68186    24.7215 1.6496e+00     40.456     1.3704 0.0000e+00
     40.000     8.1526    31.7761   10.37246  107.96816    24.7211 1.6767e+00     39.815     1.3366 0.0000e+00
     39.000     8.1506    31.7756   10.37345  107.97391    24.7206 1.7085e+00     38.972     1.3645 0.0000e+00
     38.000     8.1515    31.7757   10.37329  107.96911    24.7210 1.7465e+00     38.139     1.4086 0.0000e+00
     37.000     8.1536    31.7760   10.37849  108.02259    24.7211 1.7926e+00     37.227     1.5792 0.0000e+00
     36.000     8.1546    31.7753   10.37786  108.01725    24.7202 1.8497e+00     36.298     1.3783 0.0000e+00
     35.000     8.1535    31.7750   10.37302  107.96892    24.7198 1.9232e+00     35.193     1.5638 0.0000e+00
     34.000     8.1536    31.7748   10.37075  107.95092    24.7198 2.0154e+00     34.441     1.4714 0.0000e+00
     33.000     8.1547    31.7753   10.38416  108.09687    24.7202 2.1275e+00     33.311     1.3974 0.0000e+00
     32.000     8.1518    31.7744   10.38191  108.06261    24.7194 2.2744e+00     32.322     1.4481 0.0000e+00
     31.000     8.1509    31.7754   10.36817  107.92186    24.7206 2.4374e+00     31.220     1.4257 0.0000e+00
     30.000     8.1512    31.7757   10.37256  107.96846    24.7209 2.6499e+00     30.265     1.4975 0.0000e+00
     29.000     8.1520    31.7758   10.37387  107.99115    24.7209 2.9264e+00     29.186     1.4872 0.0000e+00
     28.000     8.1543    31.7757   10.37305  107.98294    24.7207 3.2606e+00     28.168     1.4924 0.0000e+00
     27.000     8.1579    31.7756   10.37261  107.97884    24.7203 3.6599e+00     27.273     1.4694 0.0000e+00
     26.000     8.1540    31.7744   10.37946  108.05173    24.7188 4.1514e+00     26.154     1.4593 0.0000e+00
     25.000     8.1529    31.7740   10.37960  108.06349    24.7190 4.7849e+00     25.270     1.4105 0.0000e+00
     24.000     8.1539    31.7756   10.38349  108.10008    24.7206 5.5522e+00     24.153     1.4478 0.0000e+00
     23.000     8.1546    31.7746   10.37925  108.06010    24.7196 6.4860e+00     23.245     1.4513 0.0000e+00
     22.000     8.1595    31.7757   10.38399  108.10959    24.7203 7.6595e+00     22.047     1.5911 0.0000e+00
     21.000     8.1584    31.7739   10.39088  108.18065    24.7184 9.2820e+00     21.028     1.4903 0.0000e+00
     20.000     8.1585    31.7738   10.39130  108.18178    24.7183 1.1088e+01     20.103     1.4852 0.0000e+00
     19.000     8.1591    31.7739   10.39107  108.18365    24.7184 1.3388e+01     19.059     1.4918 0.0000e+00
     18.000     8.1636    31.7742   10.39184  108.19804    24.7186 1.6382e+01     18.054     1.5360 0.0000e+00
     17.000     8.1622    31.7732   10.39095  108.19108    24.7171 2.0171e+01     16.970     1.5110 0.0000e+00
     16.000     8.1635    31.7728   10.38406  108.12540    24.7170 2.4563e+01     16.042     1.5371 0.0000e+00
     15.000     8.1638    31.7734   10.38371  108.13465    24.7174 3.0198e+01     15.012     1.4884 0.0000e+00
     14.000     8.1638    31.7724   10.39326  108.24103    24.7164 3.7152e+01     14.026     1.4905 0.0000e+00
     13.000     8.1636    31.7730   10.38918  108.20155    24.7169 4.6139e+01     13.145     1.4612 0.0000e+00
     12.000     8.1628    31.7727   10.39584  108.27065    24.7167 5.7104e+01     12.039     1.5720 0.0000e+00
     11.000     8.1624    31.7728   10.39503  108.26272    24.7168 7.0551e+01     11.232     1.6631 0.0000e+00
     10.000     8.1651    31.7733   10.39507  108.26381    24.7174 8.6354e+01     10.159     1.7082 0.0000e+00
      9.000     8.1670    31.7736   10.39914  108.30880    24.7172 1.0805e+02      9.195     1.7207 0.0000e+00
      8.000     8.1677    31.7727   10.30859  107.39236    24.7163 1.5260e+02      8.226     1.6022 0.0000e+00
      7.000     8.1714    31.7724   11.74834  105.27076    24.7159 2.0066e+02      7.200     1.5246 0.0000e+00
      6.000     8.1759    31.7729   11.71106  102.58575    24.7160 2.5833e+02      6.302     1.4347 0.0000e+00
      5.000     8.1791    31.7714   11.59750  100.38926    24.7139 3.2955e+02      5.255     1.3501 0.0000e+00
      4.000     8.1802    31.7704   11.52311   99.50683    24.7127 4.0935e+02      4.289     1.3227 0.0000e+00
      3.000     8.1798    31.7696 -9.990e-29 -9.990e-29    24.7119 5.4745e+02      3.374     1.0714 0.0000e+00
      2.000     8.1802    31.7699 -9.990e-29 -9.990e-29    24.7122 7.2336e+02      2.516     0.8885 0.0000e+00
      1.000     8.1836    31.7699 -9.990e-29 -9.990e-29    24.7121 1.2165e+03      1.785     0.8863 0.0000e+00
