CTD-processing/Workspace/ADFG-BobDeCino/2007/OTF_CTD_2007/CTD Data/ctd-07012_070407_6.5.cnv
* Sea-Bird SBE19plus Data File:
* FileName = C:\data\otf\2007\ctd-07012.hex
* Software Version 1.55
* Temperature SN =  5061
* Conductivity SN =  5061
* System UpLoad Time = Aug 15 2007 15:42:12
* ds
* SeacatPlus V 1.6a  SERIAL NO. 5061    15 Aug 2007  15:31:53
# nquan = 10
# nvalues = 159                         
# units = specified
# name 0 = depSM: Depth [salt water, m]
# name 1 = tv290C: Temperature [ITS-90, deg C]
# name 2 = sal00: Salinity [PSU]
# name 3 = sbeox0Mg/L: Oxygen, SBE 43 [mg/l]
# name 4 = sbeox0PS: Oxygen, SBE 43 [% saturation]
# name 5 = sigma-t00: Density [sigma-t, Kg/m^3 ]
# name 6 = par: PAR/Irradiance, Biospherical/Licor
# name 7 = prdM: Pressure, Strain Gauge [db]
# name 8 = flECO-AFL: Fluorescence, Wetlab ECO-AFL/FL [mg/m^3]
# name 9 = flag: flag
# span 0 =      1.000,     82.000       
# span 1 =     7.7312,     7.9567       
# span 2 =    31.3222,    31.4704       
# span 3 =    9.13518,   10.74108       
# span 4 =   94.24120,  107.79598       
# span 5 =    24.3930,    24.5408       
# span 6 = 1.5304e+00, 1.7753e+02       
# span 7 =      1.144,     82.496       
# span 8 =     0.7193,     1.3841       
# span 9 = 0.0000e+00, 0.0000e+00       
# interval = meters: 1                  
# start_time = Jul 04 2007 07:35:58
# bad_flag = -9.990e-29
*END*
      5.000     7.9567    31.3326    9.20942   95.13197    24.4003 5.6418e+01      5.047     0.9344 0.0000e+00
      6.000     7.9479    31.3323    9.25182   95.56284    24.4018 4.9129e+01      6.084     0.7684 0.0000e+00
      7.000     7.9453    31.3322    9.26341   95.67219    24.4023 4.0951e+01      7.032     0.7727 0.0000e+00
      8.000     7.9444    31.3333    9.26998   95.73749    24.4033 3.1970e+01      8.083     0.7563 0.0000e+00
      9.000     7.9401    31.3302    9.27943   95.82709    24.4013 2.7770e+01      9.141     0.7859 0.0000e+00
     10.000     7.9370    31.3326    9.35755   96.63486    24.4038 2.3220e+01     10.118     0.8432 0.0000e+00
     11.000     7.9370    31.3315    9.32729   96.32091    24.4029 1.9343e+01     11.271     0.8012 0.0000e+00
     12.000     7.9333    31.3288    9.37055   96.74546    24.4011 1.6511e+01     12.095     0.7594 0.0000e+00
     13.000     7.9335    31.3319    9.40883   97.11672    24.4038 1.3728e+01     13.102     0.7885 0.0000e+00
     14.000     7.9337    31.3304    9.36151   96.61909    24.4026 1.1531e+01     14.205     0.7559 0.0000e+00
     15.000     7.9287    31.3296    9.36299   96.63119    24.4020 9.7754e+00     15.135     0.7647 0.0000e+00
     16.000     7.9113    31.3399    9.36616   96.66270    24.4120 8.2915e+00     16.049     0.7808 0.0000e+00
     17.000     7.9029    31.3527    9.30200   95.99407    24.4241 7.0541e+00     17.085     0.7574 0.0000e+00
     18.000     7.8984    31.3567    9.17977   94.72884    24.4279 6.1142e+00     18.041     0.8113 0.0000e+00
     19.000     7.8956    31.3659    9.13518   94.24120    24.4357 5.2745e+00     19.175     0.7797 0.0000e+00
     20.000     7.8930    31.3617    9.20125   94.90961    24.4327 4.6106e+00     20.220     0.7864 0.0000e+00
     21.000     7.8785    31.3676    9.43006   97.27231    24.4389 4.0917e+00     21.156     0.8702 0.0000e+00
     22.000     7.8732    31.3707    9.67457   99.78814    24.4427 3.6427e+00     22.164     0.8414 0.0000e+00
     23.000     7.8742    31.3645    9.82227  101.30768    24.4377 3.2580e+00     23.228     0.8101 0.0000e+00
     24.000     7.8702    31.3665    9.88057  101.90190    24.4397 2.9655e+00     24.227     0.8843 0.0000e+00
     25.000     7.8682    31.3680    9.91699  102.26478    24.4412 2.7197e+00     25.255     0.8001 0.0000e+00
     26.000     7.8642    31.3701    9.94014  102.46928    24.4433 2.5215e+00     26.351     0.8078 0.0000e+00
     27.000     7.8596    31.3718    9.94335  102.49551    24.4451 2.3582e+00     27.287     0.9578 0.0000e+00
     28.000     7.8494    31.3757    9.96592  102.72824    24.4493 2.2170e+00     28.290     0.8181 0.0000e+00
     29.000     7.8383    31.3842    9.97641  102.81318    24.4578 2.1013e+00     29.160     0.8291 0.0000e+00
     30.000     7.8374    31.3873    9.97981  102.82728    24.4607 1.9982e+00     30.271     0.7876 0.0000e+00
     31.000     7.8230    31.3922   10.00122  103.03132    24.4659 1.9230e+00     31.343     0.8278 0.0000e+00
     32.000     7.8153    31.4009   10.00403  103.05881    24.4743 1.8585e+00     32.392     0.8856 0.0000e+00
     33.000     7.8086    31.4035   10.00977  103.10623    24.4770 1.8062e+00     33.282     0.8590 0.0000e+00
     34.000     7.8068    31.4080   10.01069  103.09609    24.4813 1.7567e+00     34.375     0.8137 0.0000e+00
     35.000     7.8053    31.4081   10.01728  103.16728    24.4815 1.7209e+00     35.313     0.8237 0.0000e+00
     36.000     7.7963    31.4096   10.02311  103.22678    24.4833 1.6896e+00     36.307     0.9268 0.0000e+00
     37.000     7.7912    31.4173   10.03196  103.30702    24.4907 1.6643e+00     37.293     0.9058 0.0000e+00
     38.000     7.7914    31.4174   10.03675  103.35883    24.4908 1.6431e+00     38.424     0.8880 0.0000e+00
     39.000     7.7900    31.4172   10.04834  103.46382    24.4906 1.6263e+00     39.404     0.9116 0.0000e+00
     40.000     7.7799    31.4250   10.05344  103.49684    24.4982 1.6125e+00     40.432     0.9392 0.0000e+00
     41.000     7.7881    31.4218   10.04582  103.40768    24.4949 1.6009e+00     41.361     0.8851 0.0000e+00
     42.000     7.7747    31.4241   10.05437  103.50332    24.4973 1.5911e+00     42.444     0.9166 0.0000e+00
     43.000     7.7679    31.4349   10.05476  103.51148    24.5076 1.5838e+00     43.421     1.0163 0.0000e+00
     44.000     7.7628    31.4402   10.05673  103.51531    24.5126 1.5768e+00     44.398     0.9041 0.0000e+00
     45.000     7.7667    31.4384   10.05584  103.50967    24.5109 1.5713e+00     45.453     0.9306 0.0000e+00
     46.000     7.7695    31.4370   10.05602  103.50432    24.5095 1.5673e+00     46.444     0.9015 0.0000e+00
     47.000     7.7589    31.4384   10.05932  103.52268    24.5110 1.5635e+00     47.434     0.9507 0.0000e+00
     48.000     7.7621    31.4443   10.06166  103.54819    24.5164 1.5612e+00     48.472     1.0143 0.0000e+00
     49.000     7.7571    31.4422   10.07381  103.67204    24.5145 1.5591e+00     49.439     1.0252 0.0000e+00
     50.000     7.7497    31.4504   10.07600  103.69397    24.5224 1.5571e+00     50.494     1.0563 0.0000e+00
     51.000     7.7502    31.4513   10.05430  103.46825    24.5232 1.5558e+00     51.511     0.9395 0.0000e+00
     52.000     7.7494    31.4515   10.03824  103.30006    24.5234 1.5546e+00     52.513     0.9555 0.0000e+00
     53.000     7.7492    31.4521   10.04266  103.34326    24.5239 1.5537e+00     53.483     0.8975 0.0000e+00
     54.000     7.7479    31.4526   10.05081  103.41766    24.5244 1.5532e+00     54.516     1.0389 0.0000e+00
     55.000     7.7462    31.4541   10.05436  103.45101    24.5258 1.5524e+00     55.505     0.8981 0.0000e+00
     56.000     7.7447    31.4560   10.02660  103.16657    24.5276 1.5518e+00     56.570     1.0143 0.0000e+00
     57.000     7.7391    31.4584   10.02257  103.13477    24.5299 1.5519e+00     57.562     0.9520 0.0000e+00
     58.000     7.7378    31.4628   10.03206  103.22632    24.5339 1.5515e+00     58.578     1.0094 0.0000e+00
     59.000     7.7386    31.4627   10.03309  103.23204    24.5339 1.5513e+00     59.579     1.1063 0.0000e+00
     60.000     7.7438    31.4587   10.04086  103.31059    24.5301 1.5510e+00     60.520     1.0531 0.0000e+00
     61.000     7.7412    31.4576   10.04939  103.39769    24.5291 1.5508e+00     61.586     1.0431 0.0000e+00
     62.000     7.7377    31.4618   10.03696  103.27031    24.5330 1.5508e+00     62.591     1.0471 0.0000e+00
     63.000     7.7369    31.4629   10.03995  103.29963    24.5341 1.5507e+00     63.579     1.0481 0.0000e+00
     64.000     7.7369    31.4633   10.05728  103.47855    24.5345 1.5506e+00     64.614     1.0426 0.0000e+00
     65.000     7.7367    31.4634   10.05110  103.41452    24.5345 1.5510e+00     65.613     1.0975 0.0000e+00
     66.000     7.7362    31.4638   10.05016  103.40448    24.5350 1.5508e+00     66.643     1.1239 0.0000e+00
     67.000     7.7363    31.4639   10.05043  103.40689    24.5350 1.5504e+00     67.673     1.0533 0.0000e+00
     68.000     7.7360    31.4644   10.04788  103.38131    24.5354 1.5503e+00     68.679     1.1319 0.0000e+00
     69.000     7.7358    31.4648   10.05021  103.40676    24.5358 1.5504e+00     69.633     1.0802 0.0000e+00
     70.000     7.7355    31.4651   10.05758  103.48066    24.5360 1.5503e+00     70.644     1.0613 0.0000e+00
     71.000     7.7359    31.4651   10.06072  103.50941    24.5361 1.5501e+00     71.662     1.0791 0.0000e+00
     72.000     7.7367    31.4644   10.05818  103.48320    24.5354 1.5501e+00     72.707     1.0150 0.0000e+00
     73.000     7.7347    31.4649   10.06652  103.56963    24.5358 1.5499e+00     73.746     1.0363 0.0000e+00
     74.000     7.7333    31.4677   10.06537  103.55744    24.5384 1.5500e+00     74.634     1.0699 0.0000e+00
     75.000     7.7335    31.4675   10.07767  103.68173    24.5382 1.5505e+00     75.739     1.2684 0.0000e+00
     76.000     7.7340    31.4674   10.06964  103.59932    24.5381 1.5501e+00     76.748     1.1004 0.0000e+00
     77.000     7.7323    31.4684   10.05329  103.43176    24.5389 1.5499e+00     77.825     1.1337 0.0000e+00
     78.000     7.7320    31.4701   10.05355  103.43463    24.5404 1.5500e+00     78.764     1.2216 0.0000e+00
     79.000     7.7320    31.4700   10.04938  103.39261    24.5405 1.5496e+00     79.686     1.2794 0.0000e+00
     80.000     7.7324    31.4697   10.05437  103.44584    24.5401 1.5495e+00     80.696     1.2702 0.0000e+00
     81.000     7.7327    31.4694   10.06703  103.57716    24.5399 1.5490e+00     81.604     1.3091 0.0000e+00
     82.000     7.7340    31.4682   10.07394  103.64702    24.5387 1.5304e+00     82.496     1.3841 0.0000e+00
     81.000     7.7337    31.4692   10.08291  103.73752    24.5395 1.5485e+00     81.717     1.3180 0.0000e+00
     80.000     7.7329    31.4700   10.08744  103.78352    24.5402 1.5500e+00     80.757     1.1540 0.0000e+00
     79.000     7.7324    31.4701   10.09100  103.81914    24.5404 1.5498e+00     79.731     1.2941 0.0000e+00
     78.000     7.7323    31.4702   10.09366  103.84596    24.5405 1.5496e+00     78.728     1.2225 0.0000e+00
     77.000     7.7320    31.4703   10.09148  103.82425    24.5406 1.5498e+00     77.768     1.2732 0.0000e+00
     76.000     7.7317    31.4702   10.09492  103.85978    24.5406 1.5497e+00     76.730     1.2475 0.0000e+00
     75.000     7.7322    31.4702   10.10035  103.91504    24.5406 1.5498e+00     75.714     1.2002 0.0000e+00
     74.000     7.7322    31.4697   10.09513  103.86045    24.5401 1.5496e+00     74.716     1.1703 0.0000e+00
     73.000     7.7320    31.4694   10.10627  103.97449    24.5399 1.5495e+00     73.711     1.1816 0.0000e+00
     72.000     7.7315    31.4699   10.11070  104.02073    24.5404 1.5496e+00     72.713     1.2092 0.0000e+00
     71.000     7.7312    31.4704   10.11275  104.04462    24.5408 1.5494e+00     71.651     1.2691 0.0000e+00
     70.000     7.7322    31.4693   10.11367  104.05483    24.5398 1.5495e+00     70.665     1.2625 0.0000e+00
     69.000     7.7336    31.4671   10.11048  104.02270    24.5379 1.5494e+00     69.678     1.1040 0.0000e+00
     68.000     7.7342    31.4664   10.10646  103.98123    24.5373 1.5489e+00     68.642     1.0426 0.0000e+00
     67.000     7.7345    31.4660   10.12509  104.17304    24.5369 1.5527e+00     67.626     1.0369 0.0000e+00
     66.000     7.7345    31.4658   10.13041  104.22680    24.5368 1.5502e+00     66.687     1.0287 0.0000e+00
     65.000     7.7346    31.4655   10.12245  104.14514    24.5366 1.5494e+00     65.600     1.0492 0.0000e+00
     64.000     7.7339    31.4660   10.13493  104.28142    24.5370 1.5495e+00     64.597     1.1193 0.0000e+00
     63.000     7.7360    31.4647   10.14687  104.40725    24.5358 1.5494e+00     63.618     0.9989 0.0000e+00
     62.000     7.7395    31.4617   10.14539  104.39313    24.5330 1.5496e+00     62.562     1.0140 0.0000e+00
     61.000     7.7406    31.4596   10.14778  104.42142    24.5310 1.5494e+00     61.598     1.0102 0.0000e+00
     60.000     7.7412    31.4597   10.14060  104.34921    24.5311 1.5495e+00     60.578     1.0716 0.0000e+00
     59.000     7.7435    31.4574   10.14591  104.40419    24.5290 1.5497e+00     59.501     0.9509 0.0000e+00
     58.000     7.7441    31.4567   10.14808  104.42818    24.5283 1.5499e+00     58.573     0.9244 0.0000e+00
     57.000     7.7441    31.4562   10.14900  104.43874    24.5279 1.5503e+00     57.529     0.9542 0.0000e+00
     56.000     7.7451    31.4556   10.15435  104.49371    24.5274 1.5506e+00     56.558     0.9793 0.0000e+00
     55.000     7.7457    31.4550   10.15461  104.49753    24.5267 1.5509e+00     55.490     0.9384 0.0000e+00
     54.000     7.7457    31.4549   10.15130  104.46760    24.5267 1.5514e+00     54.538     0.9503 0.0000e+00
     53.000     7.7463    31.4545   10.16032  104.56159    24.5262 1.5521e+00     53.508     1.0146 0.0000e+00
     52.000     7.7486    31.4528   10.16891  104.65292    24.5247 1.5530e+00     52.511     1.0488 0.0000e+00
     51.000     7.7494    31.4514   10.16956  104.66463    24.5233 1.5539e+00     51.472     0.9545 0.0000e+00
     50.000     7.7508    31.4507   10.16801  104.65087    24.5228 1.5555e+00     50.492     0.9803 0.0000e+00
     49.000     7.7537    31.4479   10.17417  104.71767    24.5201 1.5572e+00     49.485     0.9052 0.0000e+00
     48.000     7.7552    31.4465   10.18551  104.83631    24.5187 1.5593e+00     48.444     0.9254 0.0000e+00
     47.000     7.7570    31.4451   10.19513  104.93809    24.5174 1.5621e+00     47.482     0.9113 0.0000e+00
     46.000     7.7579    31.4444   10.19318  104.91942    24.5167 1.5653e+00     46.414     0.9559 0.0000e+00
     45.000     7.7597    31.4429   10.19493  104.93694    24.5153 1.5697e+00     45.413     0.8936 0.0000e+00
     44.000     7.7595    31.4423   10.19294  104.92147    24.5148 1.5752e+00     44.455     0.8693 0.0000e+00
     43.000     7.7602    31.4425   10.19840  104.98351    24.5149 1.5819e+00     43.405     0.9784 0.0000e+00
     42.000     7.7637    31.4397   10.20010  105.00294    24.5123 1.5903e+00     42.394     0.9517 0.0000e+00
     41.000     7.7662    31.4374   10.20305  105.03774    24.5101 1.6006e+00     41.412     0.9900 0.0000e+00
     40.000     7.7670    31.4362   10.19711  104.98249    24.5090 1.6126e+00     40.378     0.9343 0.0000e+00
     39.000     7.7707    31.4339   10.19487  104.96125    24.5068 1.6286e+00     39.370     0.9571 0.0000e+00
     38.000     7.7724    31.4318   10.19274  104.95076    24.5048 1.6473e+00     38.355     0.9210 0.0000e+00
     37.000     7.7745    31.4310   10.18128  104.84653    24.5040 1.6703e+00     37.362     0.8922 0.0000e+00
     36.000     7.7821    31.4261   10.17699  104.81824    24.4992 1.6980e+00     36.349     0.8561 0.0000e+00
     35.000     7.7889    31.4203   10.16921  104.76173    24.4936 1.7319e+00     35.324     0.8343 0.0000e+00
     34.000     7.7992    31.4145   10.17230  104.81266    24.4879 1.7719e+00     34.318     0.7699 0.0000e+00
     33.000     7.8092    31.4065   10.17244  104.82701    24.4800 1.8203e+00     33.332     0.8102 0.0000e+00
     32.000     7.8202    31.3996   10.17632  104.87155    24.4731 1.8810e+00     32.283     0.8156 0.0000e+00
     31.000     7.8241    31.3956   10.17805  104.89259    24.4692 1.9533e+00     31.290     0.8046 0.0000e+00
     30.000     7.8258    31.3945   10.17641  104.88680    24.4681 2.0393e+00     30.293     0.8797 0.0000e+00
     29.000     7.8275    31.3934   10.17470  104.90435    24.4670 2.1438e+00     29.270     0.8463 0.0000e+00
     28.000     7.8361    31.3906   10.17827  104.96976    24.4640 2.2745e+00     28.255     0.8391 0.0000e+00
     27.000     7.8537    31.3799   10.19775  105.18001    24.4533 2.4237e+00     27.233     0.8521 0.0000e+00
     26.000     7.8655    31.3705   10.20169  105.22363    24.4439 2.6020e+00     26.263     0.8599 0.0000e+00
     25.000     7.8693    31.3673   10.20677  105.27839    24.4407 2.8287e+00     25.260     0.7787 0.0000e+00
     24.000     7.8712    31.3659   10.21209  105.33654    24.4392 3.1063e+00     24.183     0.8388 0.0000e+00
     23.000     7.8722    31.3651   10.21798  105.39959    24.4385 3.4325e+00     23.202     0.8475 0.0000e+00
     22.000     7.8736    31.3644   10.23517  105.58156    24.4378 3.8133e+00     22.234     0.7786 0.0000e+00
     21.000     7.8749    31.3636   10.25406  105.78403    24.4370 4.2817e+00     21.184     0.8492 0.0000e+00
     20.000     7.8773    31.3624   10.27109  105.96679    24.4358 4.8916e+00     20.194     0.7729 0.0000e+00
     19.000     7.8815    31.3604   10.27869  106.05314    24.4337 5.5954e+00     19.142     0.7550 0.0000e+00
     18.000     7.8846    31.3575   10.27688  106.04161    24.4308 6.4400e+00     18.182     0.7850 0.0000e+00
     17.000     7.8879    31.3560   10.28477  106.13797    24.4293 7.4485e+00     17.186     0.7455 0.0000e+00
     16.000     7.8924    31.3526   10.29581  106.26934    24.4260 8.7493e+00     16.125     0.7599 0.0000e+00
