CTD-processing/Workspace/ADFG-BobDeCino/2007/OTF_CTD_2007/CTD Data/ctd-07069_071307_8.cnv
* Sea-Bird SBE19plus Data File:
* FileName = C:\data\otf\2007\ctd-07069.hex
* Software Version 1.55
* Temperature SN =  5061
* Conductivity SN =  5061
* System UpLoad Time = Aug 15 2007 16:16:28
* ds
* SeacatPlus V 1.6a  SERIAL NO. 5061    15 Aug 2007  15:31:53
# nquan = 10
# nvalues = 107                         
# units = specified
# name 0 = depSM: Depth [salt water, m]
# name 1 = tv290C: Temperature [ITS-90, deg C]
# name 2 = sal00: Salinity [PSU]
# name 3 = sbeox0Mg/L: Oxygen, SBE 43 [mg/l]
# name 4 = sbeox0PS: Oxygen, SBE 43 [% saturation]
# name 5 = sigma-t00: Density [sigma-t, Kg/m^3 ]
# name 6 = par: PAR/Irradiance, Biospherical/Licor
# name 7 = prdM: Pressure, Strain Gauge [db]
# name 8 = flECO-AFL: Fluorescence, Wetlab ECO-AFL/FL [mg/m^3]
# name 9 = flag: flag
# span 0 =      1.000,     55.000       
# span 1 =     9.0365,     9.5050       
# span 2 =    30.3765,    30.7460       
# span 3 =    9.19327,   10.61409       
# span 4 =   97.05485,  102.04364       
# span 5 =    23.4242,    23.7835       
# span 6 = 1.5443e+00, 5.1386e+02       
# span 7 =      2.083,     54.356       
# span 8 =     0.4702,     0.7322       
# span 9 = 0.0000e+00, 0.0000e+00       
# interval = meters: 1                  
# start_time = Jul 13 2007 15:39:33
# bad_flag = -9.990e-29
*END*
      3.000     9.2555    30.3765    9.19327   97.05485    23.4242 1.7120e+02      4.471     0.4702 0.0000e+00
      4.000     9.1849    30.4388    9.28285   98.00831    23.4905 1.2865e+02      5.227     0.5260 0.0000e+00
      5.000     9.1581    30.5474    9.33963   98.60750    23.5961 9.2786e+01      6.005     0.5604 0.0000e+00
      6.000     9.1515    30.5927    9.38159   99.04238    23.6406 6.6527e+01      6.815     0.6128 0.0000e+00
      7.000     9.1431    30.6174    9.41377   99.38152    23.6638 4.6024e+01      7.614     0.6047 0.0000e+00
      8.000     9.1353    30.6245    9.43856   99.64865    23.6708 3.1887e+01      8.528     0.5559 0.0000e+00
      9.000     9.1321    30.6306    9.45110   99.76794    23.6768 2.2870e+01      9.324     0.5416 0.0000e+00
     10.000     9.1288    30.6386    9.46557   99.91341    23.6842 1.6023e+01     10.166     0.5546 0.0000e+00
     11.000     9.1229    30.6446    9.48300  100.08781    23.6896 1.1088e+01     11.143     0.5662 0.0000e+00
     12.000     9.1184    30.6468    9.50030  100.26079    23.6919 7.9887e+00     12.146     0.5595 0.0000e+00
     13.000     9.1159    30.6506    9.51546  100.41720    23.6957 5.9744e+00     13.049     0.5565 0.0000e+00
     14.000     9.1131    30.6565    9.52993  100.56519    23.7010 4.5032e+00     13.995     0.5587 0.0000e+00
     15.000     9.1091    30.6631    9.54455  100.70828    23.7066 3.4687e+00     15.100     0.5663 0.0000e+00
     16.000     9.0949    30.6654    9.55447  100.80940    23.7090 2.8226e+00     16.211     0.5689 0.0000e+00
     17.000     9.0836    30.6603    9.56505  100.93061    23.7056 2.3989e+00     17.209     0.5720 0.0000e+00
     18.000     9.0896    30.6798    9.57406  101.03091    23.7233 2.0862e+00     18.322     0.6001 0.0000e+00
     19.000     9.0846    30.6834    9.57961  101.08717    23.7270 1.9110e+00     19.606     0.6098 0.0000e+00
     20.000 -9.990e-29 -9.990e-29 -9.990e-29 -9.990e-29 -9.990e-29 -9.990e-29 -9.990e-29 -9.990e-29 -9.990e-29
     21.000     9.0826    30.6856    9.58262  101.11517    23.7286 1.7382e+00     21.163     0.5827 0.0000e+00
     22.000     9.0849    30.6950    9.59531  101.25204    23.7371 1.6407e+00     22.652     0.5827 0.0000e+00
     23.000     9.0682    30.6865    9.59953  101.29995    23.7299 1.6088e+00     23.735     0.6163 0.0000e+00
     24.000     9.0692    30.6925    9.60091  101.30943    23.7343 1.5910e+00     24.609     0.5900 0.0000e+00
     25.000     9.0615    30.7033    9.60647  101.36076    23.7444 1.5772e+00     25.483     0.6037 0.0000e+00
     26.000     9.0574    30.7069    9.61002  101.39052    23.7478 1.5670e+00     26.497     0.6067 0.0000e+00
     27.000     9.0558    30.7152    9.61210  101.41029    23.7552 1.5606e+00     27.452     0.6067 0.0000e+00
     28.000 -9.990e-29 -9.990e-29 -9.990e-29 -9.990e-29 -9.990e-29 -9.990e-29 -9.990e-29 -9.990e-29 -9.990e-29
     29.000     9.0500    30.7225    9.61162  101.40454    23.7620 1.5535e+00     28.995     0.6079 0.0000e+00
     30.000     9.0423    30.7246    9.61279  101.41693    23.7638 1.5511e+00     30.342     0.6298 0.0000e+00
     31.000     9.0430    30.7315    9.61387  101.43014    23.7700 1.5504e+00     31.161     0.6302 0.0000e+00
     32.000     9.0474    30.7372    9.61416  101.43458    23.7753 1.5497e+00     32.134     0.6190 0.0000e+00
     33.000 -9.990e-29 -9.990e-29 -9.990e-29 -9.990e-29 -9.990e-29 -9.990e-29 -9.990e-29 -9.990e-29 -9.990e-29
     34.000     9.0516    30.7388    9.62072  101.50030    23.7768 1.5491e+00     33.672     0.6430 0.0000e+00
     35.000     9.0516    30.7288    9.62320  101.52449    23.7678 1.5486e+00     35.040     0.6121 0.0000e+00
     36.000     9.0499    30.7302    9.62460  101.53871    23.7688 1.5489e+00     36.051     0.6337 0.0000e+00
     37.000     9.0485    30.7289    9.62679  101.56209    23.7678 1.5487e+00     37.092     0.6229 0.0000e+00
     38.000     9.0497    30.7321    9.63031  101.59983    23.7705 1.5485e+00     38.108     0.6232 0.0000e+00
     39.000     9.0513    30.7328    9.63462  101.64583    23.7713 1.5485e+00     39.056     0.6238 0.0000e+00
     40.000     9.0502    30.7316    9.63433  101.64422    23.7703 1.5484e+00     40.083     0.6197 0.0000e+00
     41.000     9.0456    30.7302    9.62263  101.52021    23.7688 1.5486e+00     41.145     0.6248 0.0000e+00
     42.000     9.0405    30.7311    9.61229  101.41071    23.7697 1.5485e+00     42.130     0.6387 0.0000e+00
     43.000     9.0387    30.7354    9.61152  101.40249    23.7737 1.5483e+00     43.117     0.6565 0.0000e+00
     44.000     9.0385    30.7414    9.62551  101.55003    23.7793 1.5480e+00     44.226     0.6455 0.0000e+00
     45.000     9.0385    30.7428    9.63167  101.61485    23.7806 1.5483e+00     45.278     0.6259 0.0000e+00
     46.000     9.0395    30.7425    9.63667  101.66897    23.7804 1.5481e+00     46.204     0.6383 0.0000e+00
     47.000     9.0400    30.7423    9.64270  101.73435    23.7803 1.5479e+00     47.151     0.6494 0.0000e+00
     48.000     9.0381    30.7420    9.64553  101.76637    23.7799 1.5483e+00     48.055     0.6688 0.0000e+00
     49.000     9.0369    30.7425    9.63827  101.68980    23.7803 1.5485e+00     48.919     0.6556 0.0000e+00
     50.000     9.0365    30.7442    9.63205  101.62091    23.7819 1.5482e+00     49.809     0.6526 0.0000e+00
     51.000     9.0366    30.7456    9.62971  101.59648    23.7831 1.5481e+00     50.628     0.6669 0.0000e+00
     52.000     9.0371    30.7458    9.62914  101.59100    23.7833 1.5480e+00     51.415     0.6515 0.0000e+00
     53.000     9.0376    30.7453    9.62941  101.59174    23.7829 1.5476e+00     52.219     0.6546 0.0000e+00
     54.000     9.0385    30.7442    9.62908  101.58750    23.7820 1.5479e+00     52.899     0.6317 0.0000e+00
     55.000     9.0383    30.7431    9.63420  101.64406    23.7809 1.5479e+00     54.356     0.7189 0.0000e+00
     54.000     9.0377    30.7442    9.63721  101.67795    23.7817 1.5471e+00     53.726     0.6664 0.0000e+00
     53.000     9.0371    30.7450    9.64287  101.73768    23.7825 1.5443e+00     52.918     0.6622 0.0000e+00
     52.000     9.0366    30.7456    9.64271  101.73453    23.7831 1.5470e+00     52.118     0.6769 0.0000e+00
     51.000     9.0375    30.7460    9.64521  101.76087    23.7835 1.5475e+00     51.274     0.6481 0.0000e+00
     50.000     9.0389    30.7451    9.64846  101.79419    23.7826 1.5478e+00     50.381     0.6780 0.0000e+00
     49.000     9.0413    30.7433    9.64903  101.80013    23.7810 1.5476e+00     49.389     0.6807 0.0000e+00
     48.000     9.0413    30.7412    9.64737  101.78341    23.7790 1.5476e+00     48.508     0.6818 0.0000e+00
     47.000     9.0426    30.7403    9.64336  101.74263    23.7782 1.5477e+00     47.399     0.6761 0.0000e+00
     46.000     9.0388    30.7400    9.64421  101.74884    23.7778 1.5477e+00     46.534     0.6816 0.0000e+00
     45.000     9.0405    30.7432    9.64361  101.75057    23.7809 1.5471e+00     45.486     0.7094 0.0000e+00
     44.000     9.0398    30.7410    9.64196  101.73694    23.7789 1.5473e+00     44.468     0.6954 0.0000e+00
     43.000     9.0390    30.7416    9.64417  101.76195    23.7795 1.5473e+00     43.469     0.6847 0.0000e+00
     42.000     9.0389    30.7424    9.64261  101.75316    23.7803 1.5474e+00     42.514     0.6676 0.0000e+00
     41.000     9.0393    30.7425    9.63490  101.68150    23.7803 1.5473e+00     41.475     0.6619 0.0000e+00
     40.000     9.0403    30.7414    9.63983  101.73109    23.7794 1.5472e+00     40.526     0.6595 0.0000e+00
     39.000     9.0388    30.7404    9.63947  101.72303    23.7784 1.5471e+00     39.394     0.6385 0.0000e+00
     38.000     9.0459    30.7403    9.63959  101.71406    23.7785 1.5473e+00     38.433     0.6684 0.0000e+00
     37.000     9.0457    30.7311    9.64294  101.74576    23.7701 1.5469e+00     37.378     0.6665 0.0000e+00
     36.000     9.0511    30.7330    9.64675  101.78846    23.7719 1.5475e+00     36.305     0.6552 0.0000e+00
     35.000     9.0581    30.7247    9.64286  101.74158    23.7644 1.5473e+00     35.301     0.6626 0.0000e+00
     34.000     9.0576    30.7193    9.62904  101.60440    23.7592 1.5472e+00     34.308     0.6699 0.0000e+00
     33.000     9.0546    30.7199    9.63846  101.70888    23.7599 1.5478e+00     33.249     0.6393 0.0000e+00
     32.000     9.0485    30.7252    9.63553  101.68307    23.7646 1.5481e+00     32.237     0.6710 0.0000e+00
     31.000     9.0452    30.7313    9.64003  101.73563    23.7701 1.5484e+00     31.292     0.6454 0.0000e+00
     30.000     9.0478    30.7358    9.63856  101.72319    23.7743 1.5494e+00     30.217     0.7322 0.0000e+00
     29.000     9.0444    30.7323    9.63604  101.70410    23.7712 1.5507e+00     29.211     0.6787 0.0000e+00
     28.000     9.0455    30.7355    9.64074  101.75825    23.7741 1.5533e+00     28.192     0.6747 0.0000e+00
     27.000     9.0519    30.7334    9.63826  101.73730    23.7722 1.5568e+00     27.164     0.6641 0.0000e+00
     26.000     9.0540    30.7256    9.63593  101.71326    23.7651 1.5624e+00     26.126     0.6509 0.0000e+00
     25.000     9.0573    30.7227    9.63811  101.73827    23.7626 1.5715e+00     25.117     0.6645 0.0000e+00
     24.000     9.0602    30.7191    9.64235  101.78786    23.7593 1.5849e+00     24.185     0.6316 0.0000e+00
     23.000     9.0617    30.7147    9.64434  101.83842    23.7553 1.6054e+00     23.143     0.6689 0.0000e+00
     22.000     9.0656    30.7133    9.63427  101.74252    23.7541 1.6400e+00     22.250     0.6490 0.0000e+00
     21.000     9.0693    30.7080    9.63651  101.76941    23.7494 1.6925e+00     21.210     0.6703 0.0000e+00
     20.000     9.0717    30.7038    9.63871  101.79854    23.7455 1.7738e+00     20.198     0.6539 0.0000e+00
     19.000     9.0751    30.7000    9.63572  101.77144    23.7421 1.8956e+00     19.150     0.6727 0.0000e+00
     18.000     9.0728    30.6940    9.63567  101.77346    23.7368 2.0719e+00     18.215     0.6649 0.0000e+00
     17.000     9.0765    30.6987    9.63293  101.75380    23.7409 2.3482e+00     17.168     0.6994 0.0000e+00
     16.000     9.0861    30.6940    9.63277  101.76829    23.7368 2.7692e+00     16.179     0.6799 0.0000e+00
     15.000     9.1039    30.6792    9.62841  101.73495    23.7238 3.3819e+00     15.169     0.6807 0.0000e+00
     14.000     9.1074    30.6577    9.62505  101.71280    23.7044 4.2806e+00     14.163     0.6566 0.0000e+00
     13.000     9.1115    30.6522    9.61607  101.64859    23.6994 5.6722e+00     13.114     0.6497 0.0000e+00
     12.000     9.1160    30.6475    9.61288  101.64073    23.6951 7.5078e+00     12.100     0.6051 0.0000e+00
     11.000     9.1180    30.6410    9.61269  101.85072    23.6894 1.0603e+01     11.103     0.6022 0.0000e+00
     10.000     9.1201    30.6379    9.60638  102.04364    23.6867 1.4961e+01     10.169     0.5904 0.0000e+00
      9.000     9.1317    30.6341    9.56527  101.73936    23.6832 2.1298e+01      8.997     0.5910 0.0000e+00
      8.000     9.1406    30.6243   10.61409  100.10623    23.6740 3.0509e+01      8.037     0.5961 0.0000e+00
      7.000     9.1459    30.6143 -9.990e-29 -9.990e-29    23.6648 4.4737e+01      7.080     0.5983 0.0000e+00
      6.000     9.1603    30.6077 -9.990e-29 -9.990e-29    23.6588 6.4868e+01      6.067     0.5664 0.0000e+00
      5.000     9.1759    30.5971 -9.990e-29 -9.990e-29    23.6489 9.2808e+01      5.184     0.5922 0.0000e+00
      4.000     9.2094    30.5794 -9.990e-29 -9.990e-29    23.6322 1.3066e+02      4.230     0.6325 0.0000e+00
      3.000     9.3036    30.5539 -9.990e-29 -9.990e-29    23.6098 1.7531e+02      3.460     0.6062 0.0000e+00
      2.000     9.4675    30.5154 -9.990e-29 -9.990e-29    23.5665 2.3507e+02      2.664     0.5620 0.0000e+00
      1.000     9.5050    30.4023 -9.990e-29 -9.990e-29    23.4555 5.1386e+02      2.083     0.5118 0.0000e+00
