CTD-processing/allCTD/CNV--homogene/2012_10-29_t4_s01_cast072.cnv
* Sea-Bird SBE19plus Data File:
* FileName = C:\Documents and Settings\kris.holderied.local\My Documents\2012-CTD-DATA-new-files\2012-10-CookInlet-LTM\2012-10-29-LTM-CookInlet-Tran4-Barabara\2012-10-29-CookInlet-Tran4-Barabara-cast072.hex
* Software Version 1.54
* Temperature SN =  4141
* Conductivity SN =  4141
* System UpLoad Time = Nov 20 2012 18:50:55
** Cook Inlet EVOSTC Transect 4 Barabara north to south
** Date:  29 Oct 2012
** Station:  4-01
** Start time (AKDT-24 hr):  1743
** Depth (m):  20
** Comment: Last station on Transect Line #4
# nquan = 17
# nvalues = 631                         
# units = specified
# name 0 = scan: Scan Count
# name 1 = timeJ: Julian Days
# name 2 = timeH: Time, Elapsed [hours]
# name 3 = timeM: Time, Elapsed [minutes]
# name 4 = timeS: Time, Elapsed [seconds]
# name 5 = density00: Density [density, kg/m^3]
# name 6 = specc: Specific Conductance [uS/cm]
# name 7 = sal00: Salinity, Practical [PSU]
# name 8 = depSM: Depth [salt water, m], lat = 59.00
# name 9 = oxsolML/L: Oxygen Saturation, Garcia & Gordon [ml/l]
# name 10 = potemp090C: Potential Temperature [ITS-90, deg C]
# name 11 = tv290C: Temperature [ITS-90, deg C]
# name 12 = sigma-é00: Density [sigma-theta, kg/m^3]
# name 13 = n2satML/L: Nitrogen Saturation [ml/l]
# name 14 = par: PAR/Irradiance, Biospherical/Licor
# name 15 = prdM: Pressure, Strain Gauge [db]
# name 16 = flag:  0.000e+00
# span 0 =          1,        631       
# span 1 = 303.738437, 303.740260       
# span 2 =    0.00000,    0.04375       
# span 3 =     0.0000,     2.6250       
# span 4 =      0.000,    157.500       
# span 5 =  1000.4761,  1024.3161       
# span 6 =   1305.769,  49357.611       
# span 7 =     0.6299,    31.0218       
# span 8 =     -0.110,     18.401       
# span 9 =    6.85416,    8.96830       
# span 10 =     4.6708,     7.4814      
# span 11 =     4.6708,     7.4816      
# span 12 =     0.4767,    24.2369      
# span 13 =   12.33824,   16.29894      
# span 14 = 4.3875e+00, 9.4220e+01      
# span 15 =     -0.111,     18.576      
# span 16 = 0.0000e+00, 0.0000e+00      
# interval = seconds: 0.25
# start_time = Oct 29 2012 17:43:21 [Instrument's time stamp, header]
# bad_flag = -9.990e-29
*END*
[from data line 596]
        597 303.740162    0.04139     2.4833    149.000  1024.2922  49353.722    31.0196     13.228    6.86508     7.4103     7.4097    24.2308   12.35620 7.3805e+00     13.353 0.0000e+00
        598 303.740165    0.04146     2.4875    149.250  1024.2927  49353.540    31.0195     13.371    6.86495     7.4110     7.4106    24.2307   12.35598 7.2951e+00     13.498 0.0000e+00
        599 303.740168    0.04153     2.4917    149.500  1024.2926  49352.417    31.0188     13.511    6.86483     7.4113     7.4115    24.2300   12.35579 7.2157e+00     13.639 0.0000e+00
        600 303.740171    0.04160     2.4958    149.750  1024.2927  49351.327    31.0181     13.664    6.86475     7.4112     7.4122    24.2294   12.35568 7.1253e+00     13.794 0.0000e+00
        601 303.740174    0.04167     2.5000    150.000  1024.2927  49349.842    31.0170     13.845    6.86475     7.4103     7.4125    24.2285   12.35568 7.0117e+00     13.977 0.0000e+00
        602 303.740177    0.04174     2.5042    150.250  1024.2923  49347.502    31.0153     14.059    6.86485     7.4084     7.4124    24.2271   12.35586 6.8708e+00     14.193 0.0000e+00
        603 303.740179    0.04181     2.5083    150.500  1024.2917  49344.555    31.0130     14.301    6.86509     7.4056     7.4116    24.2254   12.35629 6.7056e+00     14.437 0.0000e+00
        604 303.740182    0.04188     2.5125    150.750  1024.2916  49342.375    31.0110     14.562    6.86547     7.4025     7.4097    24.2242   12.35694 6.5248e+00     14.700 0.0000e+00
        605 303.740185    0.04194     2.5167    151.000  1024.2927  49342.280    31.0104     14.825    6.86592     7.3995     7.4070    24.2240   12.35771 6.3394e+00     14.965 0.0000e+00
        606 303.740188    0.04201     2.5208    151.250  1024.2946  49343.749    31.0108     15.074    6.86639     7.3970     7.4039    24.2248   12.35848 6.1664e+00     15.217 0.0000e+00
        607 303.740191    0.04208     2.5250    151.500  1024.2967  49345.772    31.0116     15.299    6.86682     7.3949     7.4009    24.2258   12.35918 6.0182e+00     15.444 0.0000e+00
        608 303.740194    0.04215     2.5292    151.750  1024.2987  49347.903    31.0126     15.493    6.86718     7.3934     7.3984    24.2269   12.35977 5.8992e+00     15.640 0.0000e+00
        609 303.740197    0.04222     2.5333    152.000  1024.3004  49349.737    31.0135     15.655    6.86747     7.3923     7.3963    24.2279   12.36022 5.8102e+00     15.803 0.0000e+00
        610 303.740200    0.04229     2.5375    152.250  1024.3018  49351.134    31.0141     15.791    6.86768     7.3915     7.3948    24.2286   12.36057 5.7447e+00     15.940 0.0000e+00
        611 303.740203    0.04236     2.5417    152.500  1024.3029  49352.179    31.0146     15.912    6.86783     7.3909     7.3937    24.2291   12.36081 5.6915e+00     16.063 0.0000e+00
        612 303.740205    0.04243     2.5458    152.750  1024.3039  49352.950    31.0150     16.034    6.86794     7.3904     7.3929    24.2295   12.36098 5.6389e+00     16.186 0.0000e+00
        613 303.740208    0.04250     2.5500    153.000  1024.3048  49353.495    31.0152     16.173    6.86802     7.3901     7.3923    24.2298   12.36111 5.5746e+00     16.326 0.0000e+00
        614 303.740211    0.04257     2.5542    153.250  1024.3057  49353.877    31.0153     16.338    6.86808     7.3897     7.3919    24.2299   12.36121 5.4912e+00     16.493 0.0000e+00
        615 303.740214    0.04264     2.5583    153.500  1024.3066  49354.147    31.0154     16.534    6.86813     7.3893     7.3916    24.2300   12.36130 5.3888e+00     16.691 0.0000e+00
        616 303.740217    0.04271     2.5625    153.750  1024.3077  49354.274    31.0153     16.758    6.86818     7.3889     7.3912    24.2300   12.36139 5.2651e+00     16.917 0.0000e+00
        617 303.740220    0.04278     2.5667    154.000  1024.3087  49354.266    31.0151     17.000    6.86825     7.3884     7.3909    24.2299   12.36150 5.1191e+00     17.161 0.0000e+00
        618 303.740223    0.04285     2.5708    154.250  1024.3099  49354.406    31.0150     17.245    6.86832     7.3879     7.3904    24.2299   12.36162 4.9630e+00     17.409 0.0000e+00
        619 303.740226    0.04292     2.5750    154.500  1024.3111  49354.802    31.0151     17.478    6.86840     7.3876     7.3900    24.2300   12.36174 4.8182e+00     17.644 0.0000e+00
        620 303.740229    0.04299     2.5792    154.750  1024.3121  49355.153    31.0152     17.680    6.86846     7.3873     7.3895    24.2302   12.36184 4.7016e+00     17.848 0.0000e+00
        621 303.740231    0.04306     2.5833    155.000  1024.3129  49355.329    31.0152     17.839    6.86852     7.3872     7.3892    24.2302   12.36194 4.6194e+00     18.008 0.0000e+00
        622 303.740234    0.04312     2.5875    155.250  1024.3135  49355.467    31.0152     17.952    6.86856     7.3871     7.3889    24.2303   12.36200 4.5698e+00     18.122 0.0000e+00
        623 303.740237    0.04319     2.5917    155.500  1024.3139  49355.689    31.0153     18.025    6.86858     7.3870     7.3888    24.2304   12.36204 4.5424e+00     18.196 0.0000e+00
        624 303.740240    0.04326     2.5958    155.750  1024.3143  49356.038    31.0155     18.073    6.86858     7.3871     7.3887    24.2305   12.36204 4.5256e+00     18.245 0.0000e+00
        625 303.740243    0.04333     2.6000    156.000  1024.3147  49356.512    31.0158     18.112    6.86857     7.3872     7.3886    24.2308   12.36202 4.5122e+00     18.284 0.0000e+00
        626 303.740246    0.04340     2.6042    156.250  1024.3152  49357.061    31.0162     18.154    6.86855     7.3874     7.3887    24.2310   12.36198 4.4957e+00     18.327 0.0000e+00
        627 303.740249    0.04347     2.6083    156.500  1024.3157  49357.511    31.0165     18.208    6.86851     7.3877     7.3888    24.2313   12.36191 4.4730e+00     18.381 0.0000e+00
        628 303.740252    0.04354     2.6125    156.750  1024.3160  49357.611    31.0165     18.272    6.86847     7.3879     7.3891    24.2313   12.36184 4.4452e+00     18.445 0.0000e+00
        629 303.740255    0.04361     2.6167    157.000  1024.3161  49357.280    31.0163     18.335    6.86844     7.3880     7.3893    24.2311   12.36179 4.4170e+00     18.509 0.0000e+00
        630 303.740258    0.04368     2.6208    157.250  1024.3161  49356.867    31.0160     18.383    6.86842 -9.990e-29     7.3895    24.2309   12.36176 4.3956e+00     18.557 0.0000e+00
        631 303.740260    0.04375     2.6250    157.500  1024.3161  49356.714    31.0159     18.401    6.86841 -9.990e-29     7.3896    24.2308   12.36175 4.3875e+00     18.576 0.0000e+00
