CTD-processing/allCTD/CNV--homogene/2012_07-02_t9_s09_cast172.cnv
* Sea-Bird SBE19plus Data File:
* FileName = C:\Documents and Settings\kris.holderied.local\My Documents\CTD-data-upload-2012-07-28\CTD5028-upload-2012-07-28-cast172.hex
* Software Version 1.54
* Temperature SN =  5028
* Conductivity SN =  5028
* System UpLoad Time = Jul 28 2012 12:18:43
** Kachemak Bay - CTD data - upload all 2012-07-28
** Date:  2012-07-02   xxxx Tide (x of 2 lines)
** Station:  9.09
** Start time (AKDT-24 hr):1520
** Depth (ft):270
** Comments: None
# nquan = 17
# nvalues = 454                         
# units = specified
# name 0 = scan: Scan Count
# name 1 = timeJ: Julian Days
# name 2 = timeH: Time, Elapsed [hours]
# name 3 = timeM: Time, Elapsed [minutes]
# name 4 = timeS: Time, Elapsed [seconds]
# name 5 = density00: Density [density, kg/m^3]
# name 6 = specc: Specific Conductance [uS/cm]
# name 7 = sal00: Salinity, Practical [PSU]
# name 8 = depSM: Depth [salt water, m], lat = 59.00
# name 9 = oxsolML/L: Oxygen Saturation, Garcia & Gordon [ml/l]
# name 10 = potemp090C: Potential Temperature [ITS-90, deg C]
# name 11 = tv290C: Temperature [ITS-90, deg C]
# name 12 = sigma-é00: Density [sigma-theta, kg/m^3]
# name 13 = n2satML/L: Nitrogen Saturation [ml/l]
# name 14 = par: PAR/Irradiance, Biospherical/Licor [umol photons/m^2/sec]
# name 15 = prdM: Pressure, Strain Gauge [db]
# name 16 = flag:  0.000e+00
# span 0 =          1,        454       
# span 1 = 184.639780, 184.641091       
# span 2 =    0.00000,    0.03146       
# span 3 =     0.0000,     1.8875       
# span 4 =      0.000,    113.250       
# span 5 =  1000.5612,  1025.2098       
# span 6 =   2052.223,  50596.371       
# span 7 =     1.0392,    31.5831       
# span 8 =     -0.076,     74.094       
# span 9 =    6.33302,    7.94099       
# span 10 =     5.9107,    11.8314      
# span 11 =     5.9166,    11.8315      
# span 12 =     0.5616,    24.8640      
# span 13 =   11.50659,   14.56358      
# span 14 = 5.0361e-02, 8.5677e+02      
# span 15 =     -0.077,     74.806      
# span 16 = 0.0000e+00, 0.0000e+00      
# interval = seconds: 0.25
# start_time = Jul 02 2012 15:21:17 [Instrument's time stamp, header]
# bad_flag = -9.990e-29
*END*
[from data line 341]
        342 184.640767    0.02368     1.4208     85.250  1024.8063  50156.756    31.5341     30.592    6.87600     7.1578     7.1936    24.6644   12.36785 2.3014e-01     30.883 0.0000e+00
        343 184.640770    0.02375     1.4250     85.500  1024.8159  50171.221    31.5409     30.999    6.87851     7.1441     7.1759    24.6721   12.37190 2.1815e-01     31.294 0.0000e+00
        344 184.640773    0.02382     1.4292     85.750  1024.8235  50181.945    31.5456     31.405    6.88072     7.1314     7.1606    24.6778   12.37550 2.0705e-01     31.704 0.0000e+00
        345 184.640775    0.02389     1.4333     86.000  1024.8301  50190.955    31.5493     31.811    6.88272     7.1196     7.1468    24.6826   12.37877 1.9679e-01     32.114 0.0000e+00
        346 184.640778    0.02396     1.4375     86.250  1024.8362  50198.949    31.5525     32.216    6.88457     7.1078     7.1343    24.6868   12.38179 1.8729e-01     32.523 0.0000e+00
        347 184.640781    0.02403     1.4417     86.500  1024.8410  50204.549    31.5541     32.621    6.88637     7.0943     7.1225    24.6896   12.38473 1.7848e-01     32.931 0.0000e+00
        348 184.640784    0.02410     1.4458     86.750  1024.8429  50204.921    31.5522     33.025    6.88833     7.0768     7.1107    24.6896   12.38800 1.7028e-01     33.340 0.0000e+00
        349 184.640787    0.02417     1.4500     87.000  1024.8406  50197.681    31.5446     33.430    6.89081     7.0521     7.0973    24.6854   12.39220 1.6267e-01     33.748 0.0000e+00
        350 184.640790    0.02424     1.4542     87.250  1024.8331  50180.975    31.5297     33.836    6.89428     7.0168     7.0798    24.6760   12.39811 1.5558e-01     34.158 0.0000e+00
        351 184.640793    0.02431     1.4583     87.500  1024.8200  50154.145    31.5065     34.242    6.89926     6.9704     7.0551    24.6610   12.40664 1.4895e-01     34.568 0.0000e+00
        352 184.640796    0.02438     1.4625     87.750  1024.8070  50127.684    31.4817     34.648    6.90600     6.9172     7.0199    24.6461   12.41810 1.4271e-01     34.978 0.0000e+00
        353 184.640799    0.02444     1.4667     88.000  1024.8034  50118.588    31.4670     35.054    6.91408     6.8641     6.9735    24.6406   12.43164 1.3679e-01     35.388 0.0000e+00
        354 184.640802    0.02451     1.4708     88.250  1024.8115  50130.871    31.4660     35.459    6.92262     6.8155     6.9203    24.6467   12.44577 1.3111e-01     35.797 0.0000e+00
        355 184.640804    0.02458     1.4750     88.500  1024.8263  50155.648    31.4736     35.864    6.93079     6.7722     6.8672    24.6596   12.45918 1.2565e-01     36.206 0.0000e+00
        356 184.640807    0.02465     1.4792     88.750  1024.8409  50180.082    31.4818     36.270    6.93820     6.7316     6.8187    24.6723   12.47132 1.2044e-01     36.615 0.0000e+00
        357 184.640810    0.02472     1.4833     89.000  1024.8509  50196.119    31.4850     36.674    6.94501     6.6920     6.7754    24.6804   12.48255 1.1551e-01     37.024 0.0000e+00
        358 184.640813    0.02479     1.4875     89.250  1024.8590  50208.804    31.4863     37.078    6.95149     6.6553     6.7347    24.6866   12.49324 1.1089e-01     37.432 0.0000e+00
        359 184.640816    0.02486     1.4917     89.500  1024.8708  50228.172    31.4924     37.482    6.95758     6.6240     6.6952    24.6965   12.50322 1.0655e-01     37.839 0.0000e+00
        360 184.640819    0.02493     1.4958     89.750  1024.8864  50254.353    31.5038     37.885    6.96298     6.5992     6.6585    24.7102   12.51201 1.0248e-01     38.246 0.0000e+00
        361 184.640822    0.02500     1.5000     90.000  1024.9020  50280.705    31.5162     38.288    6.96746     6.5804     6.6273    24.7239   12.51926 9.8670e-02     38.653 0.0000e+00
        362 184.640825    0.02507     1.5042     90.250  1024.9159  50303.705    31.5274     38.691    6.97096     6.5668     6.6025    24.7360   12.52490 9.5120e-02     39.060 0.0000e+00
        363 184.640828    0.02514     1.5083     90.500  1024.9276  50322.439    31.5368     39.095    6.97357     6.5571     6.5837    24.7457   12.52909 9.1837e-02     39.468 0.0000e+00
        364 184.640830    0.02521     1.5125     90.750  1024.9370  50336.894    31.5442     39.499    6.97543     6.5505     6.5701    24.7532   12.53209 8.8797e-02     39.875 0.0000e+00
        365 184.640833    0.02528     1.5167     91.000  1024.9444  50347.529    31.5496     39.904    6.97674     6.5460     6.5605    24.7587   12.53417 8.5961e-02     40.284 0.0000e+00
        366 184.640836    0.02535     1.5208     91.250  1024.9501  50354.976    31.5534     40.310    6.97764     6.5429     6.5539    24.7625   12.53561 8.3332e-02     40.694 0.0000e+00
        367 184.640839    0.02542     1.5250     91.500  1024.9546  50360.164    31.5560     40.715    6.97825     6.5407     6.5494    24.7651   12.53659 8.0921e-02     41.104 0.0000e+00
        368 184.640842    0.02549     1.5292     91.750  1024.9582  50363.709    31.5577     41.121    6.97866     6.5392     6.5463    24.7669   12.53726 7.8717e-02     41.513 0.0000e+00
        369 184.640845    0.02556     1.5333     92.000  1024.9611  50365.859    31.5586     41.527    6.97896     6.5380     6.5442    24.7679   12.53774 7.6686e-02     41.922 0.0000e+00
        370 184.640848    0.02562     1.5375     92.250  1024.9634  50366.936    31.5589     41.932    6.97919     6.5368     6.5427    24.7683   12.53811 7.4799e-02     42.332 0.0000e+00
        371 184.640851    0.02569     1.5417     92.500  1024.9653  50367.399    31.5588     42.337    6.97939     6.5355     6.5415    24.7684   12.53844 7.3071e-02     42.741 0.0000e+00
        372 184.640854    0.02576     1.5458     92.750  1024.9671  50367.524    31.5584     42.742    6.97959     6.5339     6.5404    24.7683   12.53878 7.1512e-02     43.150 0.0000e+00
        373 184.640856    0.02583     1.5500     93.000  1024.9688  50367.448    31.5579     43.146    6.97982     6.5320     6.5391    24.7681   12.53917 7.0097e-02     43.558 0.0000e+00
        374 184.640859    0.02590     1.5542     93.250  1024.9705  50367.347    31.5574     43.550    6.98010     6.5297     6.5376    24.7679   12.53963 6.8790e-02     43.965 0.0000e+00
        375 184.640862    0.02597     1.5583     93.500  1024.9720  50367.092    31.5567     43.953    6.98043     6.5271     6.5357    24.7675   12.54019 6.7576e-02     44.372 0.0000e+00
        376 184.640865    0.02604     1.5625     93.750  1024.9736  50366.895    31.5560     44.355    6.98082     6.5243     6.5335    24.7672   12.54085 6.6457e-02     44.778 0.0000e+00
        377 184.640868    0.02611     1.5667     94.000  1024.9756  50367.435    31.5557     44.757    6.98126     6.5215     6.5309    24.7673   12.54157 6.5423e-02     45.184 0.0000e+00
        378 184.640871    0.02618     1.5708     94.250  1024.9778  50368.429    31.5557     45.159    6.98171     6.5185     6.5281    24.7677   12.54232 6.4455e-02     45.590 0.0000e+00
        379 184.640874    0.02625     1.5750     94.500  1024.9797  50368.965    31.5553     45.561    6.98218     6.5152     6.5253    24.7678   12.54311 6.3554e-02     45.996 0.0000e+00
        380 184.640877    0.02632     1.5792     94.750  1024.9814  50369.091    31.5546     45.964    6.98269     6.5116     6.5223    24.7676   12.54396 6.2721e-02     46.403 0.0000e+00
        381 184.640880    0.02639     1.5833     95.000  1024.9833  50369.465    31.5541     46.368    6.98325     6.5077     6.5191    24.7676   12.54488 6.1949e-02     46.811 0.0000e+00
        382 184.640883    0.02646     1.5875     95.250  1024.9853  50370.018    31.5536     46.771    6.98384     6.5037     6.5156    24.7677   12.54587 6.1232e-02     47.218 0.0000e+00
        383 184.640885    0.02653     1.5917     95.500  1024.9874  50370.770    31.5533     47.175    6.98448     6.4996     6.5118    24.7678   12.54693 6.0560e-02     47.626 0.0000e+00
        384 184.640888    0.02660     1.5958     95.750  1024.9900  50372.575    31.5536     47.581    6.98512     6.4957     6.5077    24.7686   12.54799 5.9922e-02     48.035 0.0000e+00
        385 184.640891    0.02667     1.6000     96.000  1024.9928  50374.625    31.5541     47.989    6.98575     6.4912     6.5037    24.7695   12.54902 5.9311e-02     48.448 0.0000e+00
        386 184.640894    0.02674     1.6042     96.250  1024.9947  50374.852    31.5533     48.402    6.98643     6.4852     6.4998    24.7694   12.55015 5.8724e-02     48.865 0.0000e+00
        387 184.640897    0.02681     1.6083     96.500  1024.9956  50373.359    31.5513     48.824    6.98726     6.4767     6.4953    24.7683   12.55153 5.8164e-02     49.290 0.0000e+00
        388 184.640900    0.02688     1.6125     96.750  1024.9961  50371.076    31.5484     49.260    6.98836     6.4658     6.4893    24.7668   12.55340 5.7639e-02     49.730 0.0000e+00
        389 184.640903    0.02694     1.6167     97.000  1024.9965  50368.626    31.5449     49.721    6.98989     6.4540     6.4809    24.7651   12.55598 5.7135e-02     50.196 0.0000e+00
        390 184.640906    0.02701     1.6208     97.250  1024.9979  50367.705    31.5420     50.198    6.99180     6.4422     6.4700    24.7642   12.55916 5.6649e-02     50.678 0.0000e+00
        391 184.640909    0.02708     1.6250     97.500  1025.0003  50368.965    31.5405     50.659    6.99380     6.4303     6.4581    24.7645   12.56249 5.6208e-02     51.143 0.0000e+00
        392 184.640911    0.02715     1.6292     97.750  1025.0023  50369.725    31.5386     51.092    6.99579     6.4175     6.4465    24.7645   12.56580 5.5818e-02     51.580 0.0000e+00
        393 184.640914    0.02722     1.6333     98.000  1025.0034  50368.844    31.5356     51.508    6.99786     6.4038     6.4346    24.7636   12.56927 5.5472e-02     52.000 0.0000e+00
        394 184.640917    0.02729     1.6375     98.250  1025.0050  50369.168    31.5332     51.915    7.00006     6.3903     6.4218    24.7633   12.57294 5.5165e-02     52.411 0.0000e+00
        395 184.640920    0.02736     1.6417     98.500  1025.0085  50373.038    31.5332     52.317    7.00230     6.3780     6.4081    24.7649   12.57664 5.4884e-02     52.818 0.0000e+00
        396 184.640923    0.02743     1.6458     98.750  1025.0136  50379.711    31.5351     52.718    7.00442     6.3668     6.3947    24.7681   12.58011 5.4616e-02     53.222 0.0000e+00
        397 184.640926    0.02750     1.6500     99.000  1025.0182  50385.476    31.5366     53.117    7.00636     6.3557     6.3824    24.7709   12.58330 5.4368e-02     53.625 0.0000e+00
        398 184.640929    0.02757     1.6542     99.250  1025.0208  50387.525    31.5357     53.513    7.00822     6.3436     6.3713    24.7716   12.58638 5.4152e-02     54.026 0.0000e+00
        399 184.640932    0.02764     1.6583     99.500  1025.0218  50386.714    31.5329     53.909    7.01016     6.3306     6.3602    24.7707   12.58962 5.3945e-02     54.425 0.0000e+00
        400 184.640935    0.02771     1.6625     99.750  1025.0234  50387.098    31.5307     54.303    7.01224     6.3180     6.3481    24.7705   12.59309 5.3729e-02     54.823 0.0000e+00
        401 184.640938    0.02778     1.6667    100.000  1025.0273  50391.828    31.5313     54.697    7.01433     6.3071     6.3352    24.7726   12.59654 5.3529e-02     55.221 0.0000e+00
        402 184.640940    0.02785     1.6708    100.250  1025.0330  50399.585    31.5341     55.090    7.01626     6.2982     6.3226    24.7763   12.59968 5.3368e-02     55.617 0.0000e+00
        403 184.640943    0.02792     1.6750    100.500  1025.0391  50408.263    31.5379     55.481    7.01787     6.2916     6.3117    24.7806   12.60231 5.3222e-02     56.013 0.0000e+00
        404 184.640946    0.02799     1.6792    100.750  1025.0452  50416.660    31.5418     55.872    7.01914     6.2868     6.3029    24.7849   12.60435 5.3065e-02     56.407 0.0000e+00
        405 184.640949    0.02806     1.6833    101.000  1025.0505  50423.696    31.5453     56.263    7.02007     6.2835     6.2962    24.7884   12.60584 5.2913e-02     56.802 0.0000e+00
        406 184.640952    0.02813     1.6875    101.250  1025.0550  50429.125    31.5480     56.655    7.02073     6.2812     6.2915    24.7911   12.60689 5.2774e-02     57.197 0.0000e+00
        407 184.640955    0.02819     1.6917    101.500  1025.0589  50433.334    31.5501     57.046    7.02117     6.2796     6.2882    24.7932   12.60759 5.2648e-02     57.592 0.0000e+00
        408 184.640958    0.02826     1.6958    101.750  1025.0622  50436.396    31.5516     57.436    7.02146     6.2782     6.2859    24.7946   12.60806 5.2546e-02     57.987 0.0000e+00
        409 184.640961    0.02833     1.7000    102.000  1025.0645  50437.609    31.5520     57.826    7.02169     6.2764     6.2844    24.7951   12.60844 5.2455e-02     58.380 0.0000e+00
        410 184.640964    0.02840     1.7042    102.250  1025.0658  50436.838    31.5510     58.215    7.02196     6.2737     6.2830    24.7945   12.60890 5.2359e-02     58.773 0.0000e+00
        411 184.640966    0.02847     1.7083    102.500  1025.0667  50435.524    31.5495     58.604    7.02233     6.2706     6.2812    24.7936   12.60953 5.2265e-02     59.165 0.0000e+00
        412 184.640969    0.02854     1.7125    102.750  1025.0682  50435.375    31.5487     58.992    7.02279     6.2674     6.2786    24.7933   12.61030 5.2175e-02     59.557 0.0000e+00
        413 184.640972    0.02861     1.7167    103.000  1025.0705  50436.859    31.5490     59.380    7.02329     6.2644     6.2755    24.7939   12.61112 5.2083e-02     59.949 0.0000e+00
        414 184.640975    0.02868     1.7208    103.250  1025.0733  50439.079    31.5498     59.768    7.02378     6.2616     6.2723    24.7949   12.61192 5.1992e-02     60.341 0.0000e+00
        415 184.640978    0.02875     1.7250    103.500  1025.0761  50441.229    31.5505     60.156    7.02424     6.2591     6.2693    24.7958   12.61267 5.1902e-02     60.733 0.0000e+00
        416 184.640981    0.02882     1.7292    103.750  1025.0789  50443.428    31.5513     60.542    7.02466     6.2569     6.2666    24.7968   12.61335 5.1815e-02     61.123 0.0000e+00
        417 184.640984    0.02889     1.7333    104.000  1025.0817  50445.617    31.5522     60.928    7.02503     6.2550     6.2641    24.7978   12.61395 5.1739e-02     61.512 0.0000e+00
        418 184.640987    0.02896     1.7375    104.250  1025.0843  50447.474    31.5529     61.313    7.02535     6.2534     6.2619    24.7986   12.61447 5.1667e-02     61.901 0.0000e+00
        419 184.640990    0.02903     1.7417    104.500  1025.0867  50449.005    31.5534     61.698    7.02562     6.2519     6.2601    24.7993   12.61492 5.1592e-02     62.290 0.0000e+00
        420 184.640992    0.02910     1.7458    104.750  1025.0891  50450.317    31.5538     62.083    7.02587     6.2506     6.2585    24.7998   12.61531 5.1514e-02     62.679 0.0000e+00
        421 184.640995    0.02917     1.7500    105.000  1025.0914  50451.540    31.5542     62.469    7.02608     6.2492     6.2571    24.8003   12.61566 5.1436e-02     63.068 0.0000e+00
        422 184.640998    0.02924     1.7542    105.250  1025.0937  50452.866    31.5547     62.855    7.02628     6.2479     6.2557    24.8008   12.61599 5.1363e-02     63.458 0.0000e+00
        423 184.641001    0.02931     1.7583    105.500  1025.0962  50454.447    31.5554     63.240    7.02647     6.2463     6.2544    24.8015   12.61629 5.1284e-02     63.847 0.0000e+00
        424 184.641004    0.02937     1.7625    105.750  1025.0987  50456.104    31.5561     63.626    7.02665     6.2442     6.2530    24.8022   12.61659 5.1215e-02     64.236 0.0000e+00
        425 184.641007    0.02944     1.7667    106.000  1025.1009  50457.246    31.5564     64.012    7.02688     6.2408     6.2515    24.8027   12.61697 5.1184e-02     64.626 0.0000e+00
