CTD-processing/allCTD/CNV--homogene/2012-10-29-cookinlet-tran3-cast056-s11.cnv
* Sea-Bird SBE19plus Data File:
* FileName = C:\Documents and Settings\kris.holderied.local\My Documents\2012-CTD-DATA-new-files\2012-10-CookInlet-LTM\2012-10-29-LTM-CookInlet-Tran3-AnchorPt\2012-10-29-CookInlet-Tran3-cast056.hex
* Software Version 1.54
* Temperature SN =  4141
* Conductivity SN =  4141
* System UpLoad Time = Nov 20 2012 18:24:23
** Cook Inlet EVOSTC Transect 3 Anchor Pt west to east
** Date:  29 Oct 2012
** Station:  3-11
** Start time (AKDT-24 hr):  1153
** Depth (m):  40
** Comment:
# nquan = 17
# nvalues = 512                         
# units = specified
# name 0 = scan: Scan Count
# name 1 = timeJ: Julian Days
# name 2 = timeH: Time, Elapsed [hours]
# name 3 = timeM: Time, Elapsed [minutes]
# name 4 = timeS: Time, Elapsed [seconds]
# name 5 = density00: Density [density, kg/m^3]
# name 6 = specc: Specific Conductance [uS/cm]
# name 7 = sal00: Salinity, Practical [PSU]
# name 8 = depSM: Depth [salt water, m], lat = 59.00
# name 9 = oxsolML/L: Oxygen Saturation, Garcia & Gordon [ml/l]
# name 10 = potemp090C: Potential Temperature [ITS-90, deg C]
# name 11 = tv290C: Temperature [ITS-90, deg C]
# name 12 = sigma-é00: Density [sigma-theta, kg/m^3]
# name 13 = n2satML/L: Nitrogen Saturation [ml/l]
# name 14 = par: PAR/Irradiance, Biospherical/Licor
# name 15 = prdM: Pressure, Strain Gauge [db]
# name 16 = flag:  0.000e+00
# span 0 =          1,        512       
# span 1 = 303.497604, 303.499083       
# span 2 =    0.00000,    0.03549       
# span 3 =     0.0000,     2.1292       
# span 4 =      0.000,    127.750       
# span 5 =  1000.4661,  1023.9704       
# span 6 =   1279.247,  48622.697       
# span 7 =     0.6120,    30.4414       
# span 8 =     -0.100,     31.629       
# span 9 =    6.94828,    9.27651       
# span 10 =     3.4022,     7.0488      
# span 11 =     3.4022,     7.0515      
# span 12 =     0.4665,    23.8347      
# span 13 =   12.50108,   16.81611      
# span 14 = 3.6807e-02, 1.7538e+02      
# span 15 =     -0.101,     31.930      
# span 16 = 0.0000e+00, 0.0000e+00      
# interval = seconds: 0.25
# start_time = Oct 29 2012 11:56:33 [Instrument's time stamp, header]
# bad_flag = -9.990e-29
*END*
[from data line 341]
        342 303.498591    0.02368     1.4208     85.250  1023.8114  48554.073    30.4021      2.834    6.95735     7.0059     7.0062    23.7982   12.51657 1.2443e+02      2.861 0.0000e+00
        343 303.498594    0.02375     1.4250     85.500  1023.8101  48552.016    30.4007      2.801    6.95742     7.0060     7.0061    23.7971   12.51671 1.2718e+02      2.828 0.0000e+00
        344 303.498597    0.02382     1.4292     85.750  1023.8110  48553.968    30.4020      2.745    6.95736     7.0065     7.0061    23.7982   12.51660 1.3013e+02      2.771 0.0000e+00
        345 303.498600    0.02389     1.4333     86.000  1023.8134  48558.959    30.4055      2.676    6.95717     7.0070     7.0062    23.8009   12.51624 1.2974e+02      2.701 0.0000e+00
        346 303.498602    0.02396     1.4375     86.250  1023.8163  48564.806    30.4097      2.611    6.95691     7.0074     7.0067    23.8041   12.51576 1.2573e+02      2.635 0.0000e+00
        347 303.498605    0.02403     1.4417     86.500  1023.8190  48570.147    30.4135      2.564    6.95666     7.0079     7.0072    23.8071   12.51529 1.2078e+02      2.588 0.0000e+00
        348 303.498608    0.02410     1.4458     86.750  1023.8214  48574.698    30.4167      2.547    6.95644     7.0086     7.0076    23.8096   12.51489 1.1403e+02      2.570 0.0000e+00
        349 303.498611    0.02417     1.4500     87.000  1023.8237  48578.731    30.4196      2.561    6.95623     7.0097     7.0081    23.8117   12.51450 1.0426e+02      2.585 0.0000e+00
        350 303.498614    0.02424     1.4542     87.250  1023.8261  48582.861    30.4226      2.601    6.95598     7.0113     7.0089    23.8140   12.51405 9.5772e+01      2.625 0.0000e+00
        351 303.498617    0.02431     1.4583     87.500  1023.8288  48587.269    30.4258      2.652    6.95565     7.0133     7.0100    23.8164   12.51347 9.2316e+01      2.678 0.0000e+00
        352 303.498620    0.02438     1.4625     87.750  1023.8308  48590.567    30.4283      2.702    6.95528     7.0152     7.0116    23.8181   12.51282 9.2685e+01      2.728 0.0000e+00
        353 303.498623    0.02444     1.4667     88.000  1023.8315  48591.608    30.4294      2.739    6.95492     7.0168     7.0135    23.8187   12.51221 9.4490e+01      2.765 0.0000e+00
        354 303.498626    0.02451     1.4708     88.250  1023.8313  48591.098    30.4294      2.754    6.95461     7.0179     7.0155    23.8184   12.51170 9.6079e+01      2.780 0.0000e+00
        355 303.498628    0.02458     1.4750     88.500  1023.8308  48590.227    30.4290      2.744    6.95438     7.0187     7.0170    23.8180   12.51132 9.5757e+01      2.770 0.0000e+00
        356 303.498631    0.02465     1.4792     88.750  1023.8303  48589.572    30.4288      2.714    6.95422     7.0193     7.0181    23.8176   12.51105 9.2219e+01      2.740 0.0000e+00
        357 303.498634    0.02472     1.4833     89.000  1023.8299  48589.181    30.4286      2.673    6.95410     7.0198     7.0189    23.8174   12.51085 8.5475e+01      2.698 0.0000e+00
        358 303.498637    0.02479     1.4875     89.250  1023.8296  48588.814    30.4285      2.635    6.95401     7.0202     7.0195    23.8173   12.51070 7.7696e+01      2.660 0.0000e+00
        359 303.498640    0.02486     1.4917     89.500  1023.8293  48588.426    30.4283      2.613    6.95393     7.0206     7.0200    23.8171   12.51058 7.1428e+01      2.637 0.0000e+00
        360 303.498643    0.02493     1.4958     89.750  1023.8292  48588.219    30.4283      2.616    6.95386     7.0211     7.0204    23.8170   12.51047 6.7372e+01      2.640 0.0000e+00
        361 303.498646    0.02500     1.5000     90.000  1023.8292  48588.145    30.4283      2.644    6.95380     7.0215     7.0208    23.8169   12.51036 6.5017e+01      2.668 0.0000e+00
        362 303.498649    0.02507     1.5042     90.250  1023.8294  48588.021    30.4282      2.690    6.95373     7.0219     7.0213    23.8169   12.51025 6.3385e+01      2.715 0.0000e+00
        363 303.498652    0.02514     1.5083     90.500  1023.8294  48587.714    30.4281      2.742    6.95366     7.0222     7.0217    23.8167   12.51014 6.1554e+01      2.768 0.0000e+00
        364 303.498655    0.02521     1.5125     90.750  1023.8294  48587.229    30.4278      2.788    6.95360     7.0224     7.0222    23.8164   12.51005 5.9301e+01      2.814 0.0000e+00
        365 303.498657    0.02528     1.5167     91.000  1023.8292  48586.703    30.4275      2.817    6.95357     7.0224     7.0225    23.8161   12.51000 5.7098e+01      2.844 0.0000e+00
        366 303.498660    0.02535     1.5208     91.250  1023.8290  48586.243    30.4272      2.822    6.95355     7.0224     7.0227    23.8158   12.50998 5.5522e+01      2.849 0.0000e+00
        367 303.498663    0.02542     1.5250     91.500  1023.8287  48586.019    30.4270      2.801    6.95356     7.0223     7.0227    23.8157   12.50998 5.4857e+01      2.828 0.0000e+00
        368 303.498666    0.02549     1.5292     91.750  1023.8286  48586.044    30.4270      2.759    6.95357     7.0222     7.0226    23.8157   12.51000 5.5021e+01      2.785 0.0000e+00
        369 303.498669    0.02556     1.5333     92.000  1023.8284  48586.172    30.4271      2.703    6.95358     7.0221     7.0225    23.8158   12.51002 5.5633e+01      2.729 0.0000e+00
        370 303.498672    0.02562     1.5375     92.250  1023.8283  48586.411    30.4273      2.645    6.95358     7.0221     7.0224    23.8160   12.51003 5.6250e+01      2.670 0.0000e+00
        371 303.498675    0.02569     1.5417     92.500  1023.8282  48586.717    30.4275      2.594    6.95358     7.0222     7.0223    23.8161   12.51003 5.6645e+01      2.619 0.0000e+00
        372 303.498678    0.02576     1.5458     92.750  1023.8282  48586.972    30.4277      2.560    6.95357     7.0223     7.0223    23.8163   12.51001 5.6866e+01      2.584 0.0000e+00
        373 303.498681    0.02583     1.5500     93.000  1023.8283  48587.220    30.4279      2.546    6.95355     7.0226     7.0224    23.8164   12.50997 5.7095e+01      2.570 0.0000e+00
        374 303.498683    0.02590     1.5542     93.250  1023.8285  48587.517    30.4281      2.552    6.95352     7.0229     7.0226    23.8166   12.50991 5.7410e+01      2.577 0.0000e+00
        375 303.498686    0.02597     1.5583     93.500  1023.8287  48587.711    30.4283      2.579    6.95347     7.0232     7.0228    23.8167   12.50983 5.7634e+01      2.603 0.0000e+00
        376 303.498689    0.02604     1.5625     93.750  1023.8288  48587.607    30.4282      2.622    6.95342     7.0234     7.0231    23.8166   12.50975 5.7525e+01      2.646 0.0000e+00
        377 303.498692    0.02611     1.5667     94.000  1023.8288  48587.170    30.4280      2.676    6.95338     7.0234     7.0235    23.8164   12.50968 5.7039e+01      2.701 0.0000e+00
        378 303.498695    0.02618     1.5708     94.250  1023.8288  48586.522    30.4276      2.735    6.95336     7.0232     7.0237    23.8160   12.50966 5.6374e+01      2.761 0.0000e+00
        379 303.498698    0.02625     1.5750     94.500  1023.8286  48585.832    30.4271      2.793    6.95339     7.0227     7.0237    23.8156   12.50971 5.5743e+01      2.820 0.0000e+00
        380 303.498701    0.02632     1.5792     94.750  1023.8285  48585.278    30.4266      2.844    6.95345     7.0221     7.0235    23.8153   12.50981 5.5190e+01      2.870 0.0000e+00
        381 303.498704    0.02639     1.5833     95.000  1023.8286  48585.082    30.4264      2.881    6.95353     7.0216     7.0230    23.8151   12.50995 5.4646e+01      2.908 0.0000e+00
        382 303.498707    0.02646     1.5875     95.250  1023.8288  48585.319    30.4264      2.904    6.95362     7.0212     7.0224    23.8153   12.51010 5.4000e+01      2.931 0.0000e+00
        383 303.498709    0.02653     1.5917     95.500  1023.8291  48585.836    30.4267      2.914    6.95370     7.0209     7.0219    23.8156   12.51023 5.3167e+01      2.942 0.0000e+00
        384 303.498712    0.02660     1.5958     95.750  1023.8295  48586.405    30.4271      2.917    6.95375     7.0209     7.0214    23.8159   12.51031 5.2210e+01      2.944 0.0000e+00
        385 303.498715    0.02667     1.6000     96.000  1023.8297  48586.801    30.4273      2.916    6.95378     7.0210     7.0212    23.8161   12.51035 5.1338e+01      2.943 0.0000e+00
        386 303.498718    0.02674     1.6042     96.250  1023.8298  48587.011    30.4274      2.916    6.95378     7.0213     7.0212    23.8162   12.51035 5.0784e+01      2.943 0.0000e+00
        387 303.498721    0.02681     1.6083     96.500  1023.8299  48587.267    30.4276      2.919    6.95375     7.0217     7.0213    23.8164   12.51031 5.0600e+01      2.947 0.0000e+00
        388 303.498724    0.02688     1.6125     96.750  1023.8302  48587.691    30.4279      2.927    6.95370     7.0222     7.0215    23.8166   12.51021 5.0627e+01      2.954 0.0000e+00
        389 303.498727    0.02694     1.6167     97.000  1023.8304  48588.007    30.4282      2.941    6.95362     7.0226     7.0219    23.8167   12.51007 5.0666e+01      2.968 0.0000e+00
        390 303.498730    0.02701     1.6208     97.250  1023.8305  48587.942    30.4282      2.969    6.95354     7.0230     7.0224    23.8167   12.50994 5.0520e+01      2.997 0.0000e+00
        391 303.498733    0.02708     1.6250     97.500  1023.8306  48587.692    30.4281      3.024    6.95347     7.0233     7.0229    23.8165   12.50983 5.0020e+01      3.052 0.0000e+00
        392 303.498736    0.02715     1.6292     97.750  1023.8309  48587.577    30.4280      3.112    6.95342     7.0235     7.0232    23.8165   12.50974 4.9173e+01      3.142 0.0000e+00
        393 303.498738    0.02722     1.6333     98.000  1023.8315  48587.719    30.4281      3.235    6.95337     7.0238     7.0235    23.8165   12.50966 4.8141e+01      3.266 0.0000e+00
        394 303.498741    0.02729     1.6375     98.250  1023.8324  48588.042    30.4283      3.391    6.95331     7.0241     7.0238    23.8166   12.50956 4.7113e+01      3.423 0.0000e+00
        395 303.498744    0.02736     1.6417     98.500  1023.8334  48588.409    30.4285      3.576    6.95325     7.0245     7.0241    23.8168   12.50946 4.6215e+01      3.610 0.0000e+00
        396 303.498747    0.02743     1.6458     98.750  1023.8345  48588.825    30.4288      3.784    6.95318     7.0249     7.0245    23.8169   12.50934 4.5417e+01      3.821 0.0000e+00
        397 303.498750    0.02750     1.6500     99.000  1023.8357  48589.173    30.4290      4.007    6.95311     7.0253     7.0248    23.8170   12.50922 4.4588e+01      4.046 0.0000e+00
        398 303.498753    0.02757     1.6542     99.250  1023.8366  48589.157    30.4290      4.233    6.95305     7.0256     7.0253    23.8169   12.50911 4.3703e+01      4.273 0.0000e+00
        399 303.498756    0.02764     1.6583     99.500  1023.8374  48588.772    30.4287      4.449    6.95299     7.0257     7.0257    23.8166   12.50903 4.2699e+01      4.491 0.0000e+00
        400 303.498759    0.02771     1.6625     99.750  1023.8379  48588.201    30.4282      4.646    6.95296     7.0257     7.0260    23.8163   12.50899 4.1460e+01      4.690 0.0000e+00
        401 303.498762    0.02778     1.6667    100.000  1023.8383  48587.674    30.4278      4.820    6.95296     7.0257     7.0262    23.8159   12.50898 4.0084e+01      4.866 0.0000e+00
        402 303.498764    0.02785     1.6708    100.250  1023.8388  48587.382    30.4276      4.972    6.95296     7.0257     7.0262    23.8157   12.50899 3.8710e+01      5.019 0.0000e+00
        403 303.498767    0.02792     1.6750    100.500  1023.8394  48587.302    30.4275      5.103    6.95298     7.0257     7.0262    23.8156   12.50901 3.7305e+01      5.151 0.0000e+00
        404 303.498770    0.02799     1.6792    100.750  1023.8399  48587.416    30.4275      5.223    6.95298     7.0257     7.0261    23.8157   12.50902 3.5868e+01      5.272 0.0000e+00
        405 303.498773    0.02806     1.6833    101.000  1023.8407  48587.867    30.4277      5.341    6.95297     7.0259     7.0261    23.8159   12.50900 3.4563e+01      5.391 0.0000e+00
        406 303.498776    0.02813     1.6875    101.250  1023.8417  48588.817    30.4283      5.469    6.95293     7.0264     7.0262    23.8163   12.50893 3.3551e+01      5.520 0.0000e+00
        407 303.498779    0.02819     1.6917    101.500  1023.8431  48590.133    30.4292      5.616    6.95285     7.0269     7.0264    23.8170   12.50879 3.2825e+01      5.669 0.0000e+00
        408 303.498782    0.02826     1.6958    101.750  1023.8444  48591.116    30.4299      5.787    6.95275     7.0274     7.0269    23.8175   12.50861 3.2237e+01      5.841 0.0000e+00
        409 303.498785    0.02833     1.7000    102.000  1023.8452  48591.101    30.4299      5.981    6.95266     7.0276     7.0274    23.8174   12.50847 3.1669e+01      6.038 0.0000e+00
        410 303.498788    0.02840     1.7042    102.250  1023.8456  48590.160    30.4292      6.196    6.95261     7.0276     7.0279    23.8168   12.50840 3.1086e+01      6.255 0.0000e+00
        411 303.498791    0.02847     1.7083    102.500  1023.8460  48589.023    30.4284      6.425    6.95261     7.0275     7.0282    23.8161   12.50840 3.0481e+01      6.486 0.0000e+00
        412 303.498793    0.02854     1.7125    102.750  1023.8467  48588.516    30.4279      6.660    6.95262     7.0273     7.0282    23.8157   12.50843 2.9875e+01      6.722 0.0000e+00
        413 303.498796    0.02861     1.7167    103.000  1023.8479  48588.794    30.4280      6.893    6.95264     7.0272     7.0281    23.8158   12.50846 2.9333e+01      6.958 0.0000e+00
        414 303.498799    0.02868     1.7208    103.250  1023.8493  48589.627    30.4284      7.122    6.95264     7.0274     7.0279    23.8162   12.50846 2.8875e+01      7.189 0.0000e+00
        415 303.498802    0.02875     1.7250    103.500  1023.8509  48590.746    30.4291      7.347    6.95262     7.0277     7.0279    23.8167   12.50842 2.8362e+01      7.416 0.0000e+00
        416 303.498805    0.02882     1.7292    103.750  1023.8523  48591.575    30.4296      7.570    6.95257     7.0280     7.0280    23.8171   12.50833 2.7693e+01      7.642 0.0000e+00
        417 303.498808    0.02889     1.7333    104.000  1023.8535  48591.950    30.4298      7.798    6.95251     7.0283     7.0284    23.8172   12.50822 2.6851e+01      7.871 0.0000e+00
        418 303.498811    0.02896     1.7375    104.250  1023.8547  48592.282    30.4300      8.033    6.95245     7.0286     7.0287    23.8173   12.50811 2.5827e+01      8.108 0.0000e+00
        419 303.498814    0.02903     1.7417    104.500  1023.8559  48592.550    30.4301      8.277    6.95239     7.0287     7.0290    23.8174   12.50802 2.4649e+01      8.355 0.0000e+00
        420 303.498817    0.02910     1.7458    104.750  1023.8569  48592.397    30.4299      8.528    6.95235     7.0287     7.0293    23.8172   12.50796 2.3361e+01      8.608 0.0000e+00
        421 303.498819    0.02917     1.7500    105.000  1023.8577  48591.838    30.4295      8.782    6.95235     7.0285     7.0295    23.8168   12.50795 2.2035e+01      8.865 0.0000e+00
        422 303.498822    0.02924     1.7542    105.250  1023.8584  48591.084    30.4288      9.035    6.95237     7.0281     7.0295    23.8163   12.50800 2.0758e+01      9.121 0.0000e+00
        423 303.498825    0.02931     1.7583    105.500  1023.8591  48590.419    30.4282      9.284    6.95243     7.0277     7.0293    23.8159   12.50811 1.9578e+01      9.372 0.0000e+00
        424 303.498828    0.02937     1.7625    105.750  1023.8601  48590.374    30.4280      9.527    6.95250     7.0274     7.0290    23.8158   12.50823 1.8529e+01      9.617 0.0000e+00
        425 303.498831    0.02944     1.7667    106.000  1023.8614  48590.933    30.4282      9.762    6.95256     7.0271     7.0286    23.8160   12.50832 1.7627e+01      9.854 0.0000e+00
