CTD-processing/allCTD/CNV--homogene/2012_09-21_t9_s04_repeat1_cast149.cnv
* Sea-Bird SBE19plus Data File:
* FileName = C:\Documents and Settings\kris.holderied.local\My Documents\2012-CTD-DATA-new-files\2012-09-21-CTD-HomerSpit-tide-time-series-KBRRctd\2012-09-21-HomerSpit-repeat1-cast149.hex
* Software Version 1.54
* Temperature SN =  4141
* Conductivity SN =  4141
* System UpLoad Time = Oct 11 2012 18:08:20
** Kachemak Bay Homer Spit Line - Tidal repeat 1
** Date:  2012-09-21
** Station: 9-04
** Start time (AKDT-24 hr): 1024
** Depth (ft): 315
** Comment:Not sure CTD went to bottom first time.  Did second drop from surface without turning it off.
# nquan = 17
# nvalues = 610                         
# units = specified
# name 0 = scan: Scan Count
# name 1 = timeJ: Julian Days
# name 2 = timeH: Time, Elapsed [hours]
# name 3 = timeM: Time, Elapsed [minutes]
# name 4 = timeS: Time, Elapsed [seconds]
# name 5 = density00: Density [density, kg/m^3]
# name 6 = specc: Specific Conductance [uS/cm]
# name 7 = sal00: Salinity, Practical [PSU]
# name 8 = depSM: Depth [salt water, m], lat = 59.00
# name 9 = oxsolML/L: Oxygen Saturation, Garcia & Gordon [ml/l]
# name 10 = potemp090C: Potential Temperature [ITS-90, deg C]
# name 11 = tv290C: Temperature [ITS-90, deg C]
# name 12 = sigma-é00: Density [sigma-theta, kg/m^3]
# name 13 = n2satML/L: Nitrogen Saturation [ml/l]
# name 14 = par: PAR/Irradiance, Biospherical/Licor
# name 15 = prdM: Pressure, Strain Gauge [db]
# name 16 = flag:  0.000e+00
# span 0 =          1,        610       
# span 1 = 265.433507, 265.435269       
# span 2 =    0.00000,    0.04229       
# span 3 =     0.0000,     2.5375       
# span 4 =      0.000,    152.250       
# span 5 =  1000.8318,  1024.2466       
# span 6 =   2716.341,  48767.496       
# span 7 =     1.3875,    30.8697       
# span 8 =     -0.088,     91.178       
# span 9 =    6.54681,    7.91421       
# span 10 =     9.3743,     9.7063      
# span 11 =     9.3840,     9.7076      
# span 12 =     0.8322,    23.8282      
# span 13 =   11.83481,   14.51328      
# span 14 = 6.6741e-02, 2.0381e+03      
# span 15 =     -0.089,     92.059      
# span 16 = 0.0000e+00, 0.0000e+00      
# interval = seconds: 0.25
# start_time = Sep 21 2012 10:24:15 [Instrument's time stamp, header]
# bad_flag = -9.990e-29
*END*
[from data line 426]
        427 265.434740    0.02958     1.7750    106.500  1023.5937  48004.384    30.3937     39.990    6.55076     9.6696     9.6741    23.4103   11.84351 7.0800e-02     40.372 0.0000e+00
        428 265.434742    0.02965     1.7792    106.750  1023.6013  48015.930    30.4017     40.283    6.55039     9.6684     9.6744    23.4165   11.84280 7.0652e-02     40.667 0.0000e+00
        429 265.434745    0.02972     1.7833    107.000  1023.6091  48027.876    30.4099     40.573    6.55010     9.6662     9.6740    23.4229   11.84222 7.0484e-02     40.959 0.0000e+00
        430 265.434748    0.02979     1.7875    107.250  1023.6171  48040.191    30.4183     40.859    6.54992     9.6631     9.6727    23.4297   11.84182 7.0307e-02     41.248 0.0000e+00
        431 265.434751    0.02986     1.7917    107.500  1023.6258  48053.659    30.4273     41.141    6.54985     9.6593     9.6706    23.4371   11.84160 7.0139e-02     41.533 0.0000e+00
        432 265.434754    0.02993     1.7958    107.750  1023.6360  48069.693    30.4380     41.420    6.54984     9.6553     9.6675    23.4460   11.84146 6.9936e-02     41.815 0.0000e+00
        433 265.434757    0.03000     1.8000    108.000  1023.6482  48089.329    30.4512     41.699    6.54983     9.6515     9.6637    23.4569   11.84128 6.9702e-02     42.097 0.0000e+00
        434 265.434760    0.03007     1.8042    108.250  1023.6622  48112.343    30.4668     41.980    6.54976     9.6486     9.6597    23.4696   11.84098 6.9509e-02     42.380 0.0000e+00
        435 265.434763    0.03014     1.8083    108.500  1023.6766  48135.987    30.4828     42.262    6.54963     9.6467     9.6560    23.4827   11.84056 6.9385e-02     42.665 0.0000e+00
        436 265.434766    0.03021     1.8125    108.750  1023.6893  48156.774    30.4969     42.543    6.54945     9.6457     9.6531    23.4942   11.84010 6.9273e-02     42.949 0.0000e+00
        437 265.434769    0.03028     1.8167    109.000  1023.6997  48173.358    30.5081     42.822    6.54924     9.6453     9.6512    23.5033   11.83962 6.9113e-02     43.231 0.0000e+00
        438 265.434771    0.03035     1.8208    109.250  1023.7078  48185.943    30.5167     43.100    6.54902     9.6451     9.6503    23.5101   11.83914 6.8926e-02     43.511 0.0000e+00
        439 265.434774    0.03042     1.8250    109.500  1023.7141  48195.212    30.5231     43.377    6.54881     9.6450     9.6499    23.5151   11.83871 6.8743e-02     43.791 0.0000e+00
        440 265.434777    0.03049     1.8292    109.750  1023.7191  48202.056    30.5278     43.658    6.54863     9.6448     9.6498    23.5188   11.83836 6.8581e-02     44.075 0.0000e+00
        441 265.434780    0.03056     1.8333    110.000  1023.7232  48207.283    30.5313     43.946    6.54849     9.6446     9.6497    23.5216   11.83809 6.8434e-02     44.366 0.0000e+00
        442 265.434783    0.03062     1.8375    110.250  1023.7268  48211.537    30.5342     44.243    6.54839     9.6443     9.6496    23.5238   11.83789 6.8321e-02     44.666 0.0000e+00
        443 265.434786    0.03069     1.8417    110.500  1023.7300  48215.098    30.5365     44.545    6.54833     9.6440     9.6493    23.5257   11.83776 6.8247e-02     44.970 0.0000e+00
        444 265.434789    0.03076     1.8458    110.750  1023.7329  48217.989    30.5383     44.844    6.54829     9.6439     9.6491    23.5272   11.83767 6.8166e-02     45.272 0.0000e+00
        445 265.434792    0.03083     1.8500    111.000  1023.7354  48220.285    30.5398     45.133    6.54825     9.6439     9.6489    23.5283   11.83760 6.8111e-02     45.564 0.0000e+00
        446 265.434795    0.03090     1.8542    111.250  1023.7376  48222.139    30.5410     45.411    6.54822     9.6441     9.6488    23.5293   11.83753 6.8110e-02     45.845 0.0000e+00
        447 265.434797    0.03097     1.8583    111.500  1023.7396  48223.770    30.5420     45.680    6.54817     9.6443     9.6488    23.5301   11.83743 6.8121e-02     46.117 0.0000e+00
        448 265.434800    0.03104     1.8625    111.750  1023.7417  48225.447    30.5431     45.949    6.54810     9.6447     9.6490    23.5309   11.83731 6.8100e-02     46.388 0.0000e+00
        449 265.434803    0.03111     1.8667    112.000  1023.7439  48227.391    30.5444     46.225    6.54801     9.6452     9.6493    23.5319   11.83714 6.8011e-02     46.667 0.0000e+00
        450 265.434806    0.03118     1.8708    112.250  1023.7464  48229.763    30.5460     46.512    6.54788     9.6458     9.6497    23.5331   11.83691 6.7863e-02     46.956 0.0000e+00
        451 265.434809    0.03125     1.8750    112.500  1023.7493  48232.737    30.5480     46.807    6.54772     9.6465     9.6502    23.5346   11.83661 6.7704e-02     47.255 0.0000e+00
        452 265.434812    0.03132     1.8792    112.750  1023.7525  48236.303    30.5505     47.104    6.54752     9.6469     9.6509    23.5364   11.83625 6.7611e-02     47.554 0.0000e+00
        453 265.434815    0.03139     1.8833    113.000  1023.7557  48240.075    30.5531     47.392    6.54731     9.6471     9.6515    23.5384   11.83588 6.7610e-02     47.845 0.0000e+00
        454 265.434818    0.03146     1.8875    113.250  1023.7588  48243.615    30.5555     47.668    6.54714     9.6471     9.6520    23.5402   11.83556 6.7638e-02     48.123 0.0000e+00
        455 265.434821    0.03153     1.8917    113.500  1023.7616  48246.679    30.5576     47.933    6.54702     9.6468     9.6522    23.5418   11.83534 6.7658e-02     48.391 0.0000e+00
        456 265.434823    0.03160     1.8958    113.750  1023.7642  48249.438    30.5594     48.194    6.54695     9.6463     9.6522    23.5432   11.83520 6.7687e-02     48.655 0.0000e+00
        457 265.434826    0.03167     1.9000    114.000  1023.7671  48252.484    30.5614     48.461    6.54690     9.6454     9.6520    23.5448   11.83509 6.7728e-02     48.924 0.0000e+00
        458 265.434829    0.03174     1.9042    114.250  1023.7705  48256.538    30.5641     48.738    6.54685     9.6440     9.6515    23.5470   11.83498 6.7749e-02     49.204 0.0000e+00
        459 265.434832    0.03181     1.9083    114.500  1023.7749  48262.261    30.5679     49.024    6.54681     9.6419     9.6507    23.5501   11.83487 6.7712e-02     49.493 0.0000e+00
        460 265.434835    0.03188     1.9125    114.750  1023.7802  48269.510    30.5727     49.312    6.54681     9.6393     9.6493    23.5540   11.83481 6.7627e-02     49.783 0.0000e+00
        461 265.434838    0.03194     1.9167    115.000  1023.7857  48277.277    30.5777     49.592    6.54689     9.6363     9.6473    23.5583   11.83488 6.7562e-02     50.065 0.0000e+00
        462 265.434841    0.03201     1.9208    115.250  1023.7913  48284.982    30.5827     49.860    6.54705     9.6327     9.6447    23.5626   11.83508 6.7568e-02     50.336 0.0000e+00
        463 265.434844    0.03208     1.9250    115.500  1023.7969  48292.863    30.5877     50.119    6.54727     9.6284     9.6417    23.5670   11.83539 6.7618e-02     50.598 0.0000e+00
        464 265.434847    0.03215     1.9292    115.750  1023.8028  48301.224    30.5930     50.380    6.54756     9.6229     9.6381    23.5717   11.83580 6.7662e-02     50.861 0.0000e+00
        465 265.434850    0.03222     1.9333    116.000  1023.8089  48309.857    30.5984     50.653    6.54796     9.6160     9.6338    23.5766   11.83640 6.7687e-02     51.137 0.0000e+00
        466 265.434852    0.03229     1.9375    116.250  1023.8151  48318.361    30.6036     50.940    6.54854     9.6076     9.6283    23.5815   11.83729 6.7740e-02     51.427 0.0000e+00
        467 265.434855    0.03236     1.9417    116.500  1023.8215  48326.972    30.6086     51.237    6.54932     9.5984     9.6214    23.5865   11.83853 6.7778e-02     51.727 0.0000e+00
        468 265.434858    0.03243     1.9458    116.750  1023.8286  48336.798    30.6143     51.533    6.55028     9.5898     9.6131    23.5923   11.84006 6.7692e-02     52.026 0.0000e+00
        469 265.434861    0.03250     1.9500    117.000  1023.8366  48348.078    30.6209     51.818    6.55133     9.5826     9.6039    23.5989   11.84171 6.7566e-02     52.313 0.0000e+00
        470 265.434864    0.03257     1.9542    117.250  1023.8443  48359.104    30.6275     52.089    6.55230     9.5772     9.5953    23.6053   11.84325 6.7480e-02     52.587 0.0000e+00
        471 265.434867    0.03264     1.9583    117.500  1023.8508  48368.161    30.6328     52.350    6.55311     9.5731     9.5882    23.6106   11.84452 6.7408e-02     52.851 0.0000e+00
        472 265.434870    0.03271     1.9625    117.750  1023.8558  48374.704    30.6366     52.608    6.55373     9.5698     9.5828    23.6144   11.84550 6.7355e-02     53.111 0.0000e+00
        473 265.434873    0.03278     1.9667    118.000  1023.8594  48378.874    30.6389     52.869    6.55422     9.5669     9.5787    23.6169   11.84629 6.7307e-02     53.375 0.0000e+00
        474 265.434876    0.03285     1.9708    118.250  1023.8620  48381.225    30.6400     53.138    6.55464     9.5639     9.5755    23.6182   11.84697 6.7241e-02     53.647 0.0000e+00
        475 265.434878    0.03292     1.9750    118.500  1023.8640  48382.419    30.6403     53.415    6.55504     9.5605     9.5726    23.6190   11.84763 6.7184e-02     53.926 0.0000e+00
        476 265.434881    0.03299     1.9792    118.750  1023.8656  48382.804    30.6401     53.695    6.55548     9.5567     9.5697    23.6193   11.84836 6.7152e-02     54.209 0.0000e+00
        477 265.434884    0.03306     1.9833    119.000  1023.8672  48383.255    30.6398     53.975    6.55598     9.5527     9.5663    23.6196   11.84919 6.7138e-02     54.492 0.0000e+00
        478 265.434887    0.03313     1.9875    119.250  1023.8696  48385.073    30.6405     54.251    6.55651     9.5494     9.5624    23.6207   11.85007 6.7140e-02     54.771 0.0000e+00
        479 265.434890    0.03319     1.9917    119.500  1023.8728  48388.272    30.6421     54.520    6.55701     9.5468     9.5585    23.6226   11.85087 6.7137e-02     55.042 0.0000e+00
        480 265.434893    0.03326     1.9958    119.750  1023.8758  48391.428    30.6438     54.781    6.55742     9.5447     9.5552    23.6244   11.85153 6.7127e-02     55.306 0.0000e+00
        481 265.434896    0.03333     2.0000    120.000  1023.8781  48393.311    30.6447     55.039    6.55775     9.5427     9.5527    23.6255   11.85207 6.7137e-02     55.566 0.0000e+00
        482 265.434899    0.03340     2.0042    120.250  1023.8800  48394.565    30.6452     55.300    6.55803     9.5408     9.5506    23.6263   11.85253 6.7179e-02     55.829 0.0000e+00
        483 265.434902    0.03347     2.0083    120.500  1023.8822  48396.292    30.6460     55.571    6.55828     9.5393     9.5486    23.6272   11.85294 6.7237e-02     56.103 0.0000e+00
        484 265.434905    0.03354     2.0125    120.750  1023.8846  48398.298    30.6471     55.855    6.55850     9.5380     9.5467    23.6283   11.85329 6.7260e-02     56.390 0.0000e+00
        485 265.434907    0.03361     2.0167    121.000  1023.8870  48400.117    30.6480     56.150    6.55868     9.5370     9.5452    23.6293   11.85357 6.7222e-02     56.688 0.0000e+00
        486 265.434910    0.03368     2.0208    121.250  1023.8892  48401.757    30.6489     56.447    6.55882     9.5363     9.5440    23.6302   11.85379 6.7155e-02     56.988 0.0000e+00
        487 265.434913    0.03375     2.0250    121.500  1023.8913  48403.280    30.6497     56.738    6.55892     9.5357     9.5431    23.6310   11.85394 6.7107e-02     57.281 0.0000e+00
        488 265.434916    0.03382     2.0292    121.750  1023.8933  48404.593    30.6505     57.014    6.55899     9.5352     9.5424    23.6317   11.85405 6.7100e-02     57.560 0.0000e+00
        489 265.434919    0.03389     2.0333    122.000  1023.8950  48405.681    30.6510     57.275    6.55905     9.5346     9.5418    23.6322   11.85414 6.7086e-02     57.824 0.0000e+00
        490 265.434922    0.03396     2.0375    122.250  1023.8966  48406.616    30.6515     57.529    6.55911     9.5337     9.5413    23.6327   11.85423 6.7063e-02     58.080 0.0000e+00
        491 265.434925    0.03403     2.0417    122.500  1023.8983  48407.608    30.6520     57.787    6.55917     9.5325     9.5407    23.6332   11.85433 6.7073e-02     58.341 0.0000e+00
        492 265.434928    0.03410     2.0458    122.750  1023.9003  48408.979    30.6528     58.056    6.55926     9.5311     9.5399    23.6339   11.85446 6.7080e-02     58.612 0.0000e+00
        493 265.434931    0.03417     2.0500    123.000  1023.9026  48410.870    30.6538     58.336    6.55938     9.5297     9.5388    23.6349   11.85465 6.7061e-02     58.895 0.0000e+00
        494 265.434933    0.03424     2.0542    123.250  1023.9051  48413.135    30.6551     58.623    6.55953     9.5284     9.5374    23.6361   11.85488 6.7043e-02     59.185 0.0000e+00
        495 265.434936    0.03431     2.0583    123.500  1023.9077  48415.426    30.6564     58.909    6.55968     9.5275     9.5360    23.6374   11.85512 6.7028e-02     59.474 0.0000e+00
        496 265.434939    0.03438     2.0625    123.750  1023.9100  48417.407    30.6575     59.189    6.55980     9.5268     9.5348    23.6384   11.85532 6.7024e-02     59.756 0.0000e+00
        497 265.434942    0.03444     2.0667    124.000  1023.9121  48418.979    30.6584     59.460    6.55990     9.5263     9.5339    23.6392   11.85546 6.7048e-02     60.030 0.0000e+00
        498 265.434945    0.03451     2.0708    124.250  1023.9139  48420.202    30.6590     59.725    6.55997     9.5258     9.5332    23.6399   11.85557 6.7082e-02     60.298 0.0000e+00
        499 265.434948    0.03458     2.0750    124.500  1023.9156  48421.180    30.6595     59.990    6.56002     9.5254     9.5327    23.6404   11.85565 6.7099e-02     60.565 0.0000e+00
        500 265.434951    0.03465     2.0792    124.750  1023.9173  48422.157    30.6601     60.263    6.56006     9.5248     9.5322    23.6408   11.85571 6.7120e-02     60.841 0.0000e+00
        501 265.434954    0.03472     2.0833    125.000  1023.9193  48423.438    30.6608     60.548    6.56010     9.5239     9.5318    23.6415   11.85576 6.7147e-02     61.129 0.0000e+00
        502 265.434957    0.03479     2.0875    125.250  1023.9215  48425.180    30.6618     60.847    6.56013     9.5227     9.5312    23.6424   11.85581 6.7158e-02     61.431 0.0000e+00
        503 265.434959    0.03486     2.0917    125.500  1023.9242  48427.593    30.6632     61.156    6.56019     9.5210     9.5304    23.6436   11.85587 6.7165e-02     61.742 0.0000e+00
        504 265.434962    0.03493     2.0958    125.750  1023.9275  48430.983    30.6653     61.465    6.56027     9.5189     9.5293    23.6455   11.85598 6.7192e-02     62.054 0.0000e+00
        505 265.434965    0.03500     2.1000    126.000  1023.9313  48435.440    30.6681     61.765    6.56039     9.5166     9.5276    23.6479   11.85615 6.7198e-02     62.358 0.0000e+00
        506 265.434968    0.03507     2.1042    126.250  1023.9354  48440.628    30.6714     62.050    6.56055     9.5143     9.5255    23.6508   11.85638 6.7139e-02     62.645 0.0000e+00
        507 265.434971    0.03514     2.1083    126.500  1023.9396  48445.905    30.6747     62.316    6.56075     9.5122     9.5232    23.6537   11.85667 6.7063e-02     62.914 0.0000e+00
        508 265.434974    0.03521     2.1125    126.750  1023.9436  48450.969    30.6778     62.567    6.56094     9.5102     9.5210    23.6565   11.85695 6.7015e-02     63.167 0.0000e+00
        509 265.434977    0.03528     2.1167    127.000  1023.9475  48456.084    30.6811     62.812    6.56111     9.5080     9.5189    23.6593   11.85718 6.7006e-02     63.414 0.0000e+00
        510 265.434980    0.03535     2.1208    127.250  1023.9518  48461.704    30.6846     63.058    6.56125     9.5054     9.5169    23.6625   11.85737 6.7021e-02     63.663 0.0000e+00
