CTD-processing/allCTD/CNV--homogene/2012_04-10_t9_s09_cast293.cnv
* Sea-Bird SBE19plus Data File:
* FileName = C:\Documents and Settings\glenn.seaman\My Documents\KHolderied-files\CTD-DATA-FILES\2011-KBay-CTD\2012-04-10-HomerSpit-CTD\2012-04-10-HomerSpit-cast293.hex
* Software Version 1.59
* Temperature SN =  5028
* Conductivity SN =  5028
* System UpLoad Time = Apr 29 2012 21:00:03
** Cruise: Homer Spit Transect
** Date: 2012-04-10
** Station: 09
** Start time (AKDT): 1907
** Depth (feet): 277
# nquan = 17
# nvalues = 510                         
# units = specified
# name 0 = scan: Scan Count
# name 1 = timeJ: Julian Days
# name 2 = timeH: Time, Elapsed [hours]
# name 3 = timeM: Time, Elapsed [minutes]
# name 4 = timeS: Time, Elapsed [seconds]
# name 5 = density00: Density [density, kg/m^3]
# name 6 = specc: Specific Conductance [uS/cm]
# name 7 = sal00: Salinity, Practical [PSU]
# name 8 = depSM: Depth [salt water, m], lat = 59.00
# name 9 = oxsolML/L: Oxygen Saturation, Garcia & Gordon [ml/l]
# name 10 = potemp090C: Potential Temperature [ITS-90, deg C]
# name 11 = tv290C: Temperature [ITS-90, deg C]
# name 12 = sigma-é00: Density [sigma-theta, kg/m^3]
# name 13 = n2satML/L: Nitrogen Saturation [ml/l]
# name 14 = par: PAR/Irradiance, Biospherical/Licor [umol photons/m^2/sec]
# name 15 = prdM: Pressure, Strain Gauge [db]
# name 16 = flag:  0.000e+00
# span 0 =          1,        510       
# span 1 = 102.131088, 102.132561       
# span 2 =    0.00000,    0.03535       
# span 3 =     0.0000,     2.1208       
# span 4 =      0.000,    127.250       
# span 5 =  1003.1112,  1025.7112       
# span 6 =   7428.739,  51961.367       
# span 7 =     3.9114,    31.8141       
# span 8 =     -0.086,     75.749       
# span 9 =    7.57316,    9.08542       
# span 10 =     2.7902,     3.3583      
# span 11 =     2.7922,     3.3610      
# span 12 =     3.1116,    25.3516      
# span 13 =   13.51654,   16.44111      
# span 14 = 3.7490e-02, 3.6172e+02      
# span 15 =     -0.087,     76.478      
# span 16 = 0.0000e+00, 0.0000e+00      
# interval = seconds: 0.25
# start_time = Apr 11 2012 03:08:46 [Instrument's time stamp, header]
# bad_flag = -9.990e-29
*END*
[from data line 426]
        427 102.132321    0.02958     1.7750    106.500  1025.4573  51737.596    31.6869     44.148    7.60794     2.9447     2.9224    25.2477   13.57458 3.7549e-02     44.570 0.0000e+00
        428 102.132323    0.02965     1.7792    106.750  1025.4658  51747.389    31.6964     44.551    7.60525     2.9601     2.9341    25.2543   13.57002 3.7526e-02     44.976 0.0000e+00
        429 102.132326    0.02972     1.7833    107.000  1025.4756  51759.175    31.7076     44.954    7.60218     2.9774     2.9472    25.2622   13.56479 3.7511e-02     45.384 0.0000e+00
        430 102.132329    0.02979     1.7875    107.250  1025.4847  51769.014    31.7182     45.359    7.59872     2.9955     2.9626    25.2694   13.55895 3.7503e-02     45.792 0.0000e+00
        431 102.132332    0.02986     1.7917    107.500  1025.4916  51774.559    31.7263     45.764    7.59503     3.0129     2.9799    25.2744   13.55276 3.7498e-02     46.201 0.0000e+00
        432 102.132335    0.02993     1.7958    107.750  1025.4953  51773.910    31.7305     46.169    7.59140     3.0284     2.9980    25.2762   13.54671 3.7495e-02     46.610 0.0000e+00
        433 102.132338    0.03000     1.8000    108.000  1025.4960  51767.862    31.7308     46.573    7.58809     3.0416     3.0155    25.2750   13.54124 3.7493e-02     47.018 0.0000e+00
        434 102.132341    0.03007     1.8042    108.250  1025.4961  51761.127    31.7302     46.977    7.58519     3.0529     3.0311    25.2732   13.53647 3.7492e-02     47.425 0.0000e+00
        435 102.132344    0.03014     1.8083    108.500  1025.4972  51756.730    31.7305     47.380    7.58268     3.0630     3.0443    25.2724   13.53233 3.7491e-02     47.832 0.0000e+00
        436 102.132347    0.03021     1.8125    108.750  1025.4994  51755.003    31.7321     47.784    7.58046     3.0720     3.0556    25.2727   13.52864 3.7491e-02     48.240 0.0000e+00
        437 102.132350    0.03028     1.8167    109.000  1025.5022  51754.650    31.7343     48.187    7.57846     3.0795     3.0657    25.2737   13.52530 3.7490e-02     48.647 0.0000e+00
        438 102.132352    0.03035     1.8208    109.250  1025.5044  51753.461    31.7357     48.590    7.57669     3.0852     3.0747    25.2740   13.52237 3.7490e-02     49.054 0.0000e+00
        439 102.132355    0.03042     1.8250    109.500  1025.5058  51751.056    31.7358     48.992    7.57525     3.0888     3.0823    25.2735   13.52000 3.7490e-02     49.460 0.0000e+00
        440 102.132358    0.03049     1.8292    109.750  1025.5070  51748.756    31.7356     49.394    7.57420     3.0904     3.0880    25.2728   13.51826 3.7490e-02     49.866 0.0000e+00
        441 102.132361    0.03056     1.8333    110.000  1025.5085  51747.483    31.7355     49.796    7.57353     3.0905     3.0916    25.2724   13.51716 3.7490e-02     50.272 0.0000e+00
        442 102.132364    0.03062     1.8375    110.250  1025.5104  51747.334    31.7356     50.198    7.57320     3.0894     3.0933    25.2723   13.51662 3.7490e-02     50.677 0.0000e+00
        443 102.132367    0.03069     1.8417    110.500  1025.5126  51748.157    31.7360     50.598    7.57316     3.0872     3.0934    25.2726   13.51654 3.7490e-02     51.082 0.0000e+00
        444 102.132370    0.03076     1.8458    110.750  1025.5151  51749.781    31.7365     50.998    7.57334     3.0838     3.0923    25.2732   13.51684 3.7490e-02     51.485 0.0000e+00
        445 102.132373    0.03083     1.8500    111.000  1025.5177  51751.899    31.7372     51.396    7.57373     3.0792     3.0901    25.2739   13.51747 3.7490e-02     51.888 0.0000e+00
        446 102.132376    0.03090     1.8542    111.250  1025.5201  51753.989    31.7375     51.793    7.57434     3.0730     3.0867    25.2745   13.51847 3.7490e-02     52.289 0.0000e+00
        447 102.132378    0.03097     1.8583    111.500  1025.5221  51755.493    31.7371     52.190    7.57522     3.0647     3.0822    25.2745   13.51992 3.7490e-02     52.689 0.0000e+00
        448 102.132381    0.03104     1.8625    111.750  1025.5232  51755.877    31.7355     52.585    7.57646     3.0538     3.0760    25.2738   13.52200 3.7490e-02     53.088 0.0000e+00
        449 102.132384    0.03111     1.8667    112.000  1025.5237  51755.591    31.7330     52.980    7.57816     3.0411     3.0677    25.2724   13.52484 3.7490e-02     53.487 0.0000e+00
        450 102.132387    0.03118     1.8708    112.250  1025.5252  51757.642    31.7313     53.375    7.58028     3.0281     3.0569    25.2720   13.52836 3.7490e-02     53.886 0.0000e+00
        451 102.132390    0.03125     1.8750    112.500  1025.5293  51765.096    31.7328     53.769    7.58261     3.0166     3.0441    25.2742   13.53218 3.7490e-02     54.284 0.0000e+00
        452 102.132393    0.03132     1.8792    112.750  1025.5360  51777.352    31.7374     54.163    7.58481     3.0075     3.0311    25.2790   13.53576 3.7490e-02     54.682 0.0000e+00
        453 102.132396    0.03139     1.8833    113.000  1025.5437  51791.148    31.7435     54.557    7.58666     3.0009     3.0196    25.2849   13.53872 3.7490e-02     55.080 0.0000e+00
        454 102.132399    0.03146     1.8875    113.250  1025.5510  51803.618    31.7493     54.952    7.58806     2.9962     3.0106    25.2903   13.54095 3.7490e-02     55.478 0.0000e+00
        455 102.132402    0.03153     1.8917    113.500  1025.5573  51813.815    31.7543     55.346    7.58905     2.9929     3.0040    25.2947   13.54251 3.7490e-02     55.876 0.0000e+00
        456 102.132405    0.03160     1.8958    113.750  1025.5628  51821.887    31.7583     55.740    7.58971     2.9905     2.9993    25.2983   13.54356 3.7490e-02     56.274 0.0000e+00
        457 102.132407    0.03167     1.9000    114.000  1025.5675  51828.187    31.7615     56.133    7.59016     2.9887     2.9961    25.3012   13.54425 3.7490e-02     56.671 0.0000e+00
        458 102.132410    0.03174     1.9042    114.250  1025.5717  51833.289    31.7641     56.527    7.59047     2.9872     2.9937    25.3034   13.54473 3.7490e-02     57.069 0.0000e+00
        459 102.132413    0.03181     1.9083    114.500  1025.5755  51837.660    31.7663     56.920    7.59070     2.9859     2.9919    25.3054   13.54508 3.7490e-02     57.466 0.0000e+00
        460 102.132416    0.03188     1.9125    114.750  1025.5791  51841.583    31.7684     57.313    7.59088     2.9849     2.9904    25.3072   13.54535 3.7490e-02     57.862 0.0000e+00
        461 102.132419    0.03194     1.9167    115.000  1025.5824  51844.805    31.7700     57.706    7.59102     2.9840     2.9892    25.3086   13.54556 3.7490e-02     58.258 0.0000e+00
        462 102.132422    0.03201     1.9208    115.250  1025.5850  51846.666    31.7708     58.099    7.59116     2.9828     2.9882    25.3093   13.54578 3.7490e-02     58.655 0.0000e+00
        463 102.132425    0.03208     1.9250    115.500  1025.5868  51847.241    31.7708     58.491    7.59134     2.9811     2.9873    25.3093   13.54608 3.7490e-02     59.051 0.0000e+00
        464 102.132428    0.03215     1.9292    115.750  1025.5884  51847.200    31.7702     58.884    7.59159     2.9791     2.9861    25.3090   13.54650 3.7490e-02     59.448 0.0000e+00
        465 102.132431    0.03222     1.9333    116.000  1025.5899  51847.210    31.7696     59.278    7.59193     2.9769     2.9845    25.3086   13.54706 3.7490e-02     59.846 0.0000e+00
        466 102.132433    0.03229     1.9375    116.250  1025.5916  51847.739    31.7692     59.672    7.59232     2.9746     2.9825    25.3085   13.54771 3.7490e-02     60.244 0.0000e+00
        467 102.132436    0.03236     1.9417    116.500  1025.5936  51848.701    31.7690     60.066    7.59274     2.9722     2.9803    25.3086   13.54842 3.7490e-02     60.642 0.0000e+00
        468 102.132439    0.03243     1.9458    116.750  1025.5956  51849.814    31.7690     60.461    7.59319     2.9697     2.9780    25.3087   13.54915 3.7490e-02     61.040 0.0000e+00
        469 102.132442    0.03250     1.9500    117.000  1025.5976  51850.993    31.7689     60.856    7.59364     2.9672     2.9756    25.3088   13.54990 3.7490e-02     61.440 0.0000e+00
        470 102.132445    0.03257     1.9542    117.250  1025.5997  51852.306    31.7689     61.251    7.59410     2.9646     2.9731    25.3091   13.55066 3.7490e-02     61.839 0.0000e+00
        471 102.132448    0.03264     1.9583    117.500  1025.6019  51853.754    31.7690     61.648    7.59457     2.9620     2.9706    25.3094   13.55143 3.7490e-02     62.239 0.0000e+00
        472 102.132451    0.03271     1.9625    117.750  1025.6039  51854.789    31.7689     62.045    7.59505     2.9589     2.9681    25.3094   13.55224 3.7490e-02     62.640 0.0000e+00
        473 102.132454    0.03278     1.9667    118.000  1025.6053  51854.954    31.7681     62.444    7.59560     2.9552     2.9655    25.3090   13.55314 3.7490e-02     63.042 0.0000e+00
        474 102.132457    0.03285     1.9708    118.250  1025.6066  51854.795    31.7669     62.843    7.59623     2.9510     2.9624    25.3084   13.55421 3.7490e-02     63.445 0.0000e+00
        475 102.132459    0.03292     1.9750    118.500  1025.6082  51855.496    31.7662     63.243    7.59696     2.9466     2.9587    25.3081   13.55542 3.7490e-02     63.849 0.0000e+00
        476 102.132462    0.03299     1.9792    118.750  1025.6106  51857.700    31.7664     63.642    7.59774     2.9423     2.9545    25.3086   13.55670 3.7490e-02     64.252 0.0000e+00
        477 102.132465    0.03306     1.9833    119.000  1025.6134  51860.651    31.7670     64.042    7.59853     2.9379     2.9502    25.3094   13.55799 3.7490e-02     64.656 0.0000e+00
        478 102.132468    0.03313     1.9875    119.250  1025.6162  51863.804    31.7678     64.442    7.59931     2.9337     2.9459    25.3104   13.55927 3.7490e-02     65.060 0.0000e+00
        479 102.132471    0.03319     1.9917    119.500  1025.6196  51867.895    31.7692     64.843    7.60006     2.9300     2.9415    25.3119   13.56049 3.7490e-02     65.465 0.0000e+00
        480 102.132474    0.03326     1.9958    119.750  1025.6236  51873.135    31.7714     65.244    7.60074     2.9271     2.9373    25.3140   13.56157 3.7490e-02     65.870 0.0000e+00
        481 102.132477    0.03333     2.0000    120.000  1025.6279  51878.651    31.7739     65.646    7.60130     2.9249     2.9337    25.3163   13.56246 3.7490e-02     66.276 0.0000e+00
        482 102.132480    0.03340     2.0042    120.250  1025.6319  51883.598    31.7762     66.048    7.60173     2.9231     2.9308    25.3184   13.56313 3.7490e-02     66.682 0.0000e+00
        483 102.132483    0.03347     2.0083    120.500  1025.6355  51887.595    31.7781     66.450    7.60205     2.9215     2.9285    25.3201   13.56364 3.7490e-02     67.088 0.0000e+00
        484 102.132486    0.03354     2.0125    120.750  1025.6388  51890.884    31.7797     66.852    7.60231     2.9201     2.9268    25.3215   13.56405 3.7490e-02     67.494 0.0000e+00
        485 102.132488    0.03361     2.0167    121.000  1025.6421  51894.105    31.7812     67.253    7.60252     2.9189     2.9252    25.3229   13.56438 3.7490e-02     67.899 0.0000e+00
        486 102.132491    0.03368     2.0208    121.250  1025.6455  51897.581    31.7830     67.655    7.60269     2.9179     2.9238    25.3244   13.56463 3.7490e-02     68.305 0.0000e+00
        487 102.132494    0.03375     2.0250    121.500  1025.6491  51901.210    31.7849     68.056    7.60281     2.9171     2.9227    25.3260   13.56481 3.7490e-02     68.710 0.0000e+00
        488 102.132497    0.03382     2.0292    121.750  1025.6526  51904.815    31.7869     68.458    7.60289     2.9163     2.9217    25.3277   13.56492 3.7490e-02     69.116 0.0000e+00
        489 102.132500    0.03389     2.0333    122.000  1025.6561  51908.304    31.7888     68.860    7.60295     2.9156     2.9209    25.3293   13.56498 3.7490e-02     69.521 0.0000e+00
        490 102.132503    0.03396     2.0375    122.250  1025.6596  51911.661    31.7907     69.261    7.60298     2.9149     2.9202    25.3308   13.56502 3.7490e-02     69.926 0.0000e+00
        491 102.132506    0.03403     2.0417    122.500  1025.6630  51914.964    31.7925     69.662    7.60301     2.9142     2.9195    25.3323   13.56504 3.7490e-02     70.331 0.0000e+00
        492 102.132509    0.03410     2.0458    122.750  1025.6664  51918.214    31.7943     70.063    7.60305     2.9133     2.9188    25.3338   13.56508 3.7490e-02     70.737 0.0000e+00
        493 102.132512    0.03417     2.0500    123.000  1025.6697  51921.317    31.7960     70.464    7.60311     2.9122     2.9180    25.3352   13.56515 3.7490e-02     71.142 0.0000e+00
        494 102.132514    0.03424     2.0542    123.250  1025.6729  51924.264    31.7975     70.865    7.60319     2.9108     2.9172    25.3365   13.56527 3.7490e-02     71.547 0.0000e+00
        495 102.132517    0.03431     2.0583    123.500  1025.6760  51927.078    31.7989     71.265    7.60332     2.9090     2.9161    25.3378   13.56547 3.7490e-02     71.950 0.0000e+00
        496 102.132520    0.03438     2.0625    123.750  1025.6790  51929.866    31.8002     71.664    7.60351     2.9070     2.9147    25.3389   13.56577 3.7490e-02     72.353 0.0000e+00
        497 102.132523    0.03444     2.0667    124.000  1025.6821  51932.778    31.8015     72.063    7.60377     2.9048     2.9130    25.3401   13.56617 3.7490e-02     72.756 0.0000e+00
        498 102.132526    0.03451     2.0708    124.250  1025.6852  51935.818    31.8028     72.460    7.60407     2.9025     2.9111    25.3413   13.56665 3.7490e-02     73.157 0.0000e+00
        499 102.132529    0.03458     2.0750    124.500  1025.6883  51938.932    31.8042     72.855    7.60441     2.9001     2.9089    25.3426   13.56720 3.7490e-02     73.556 0.0000e+00
        500 102.132532    0.03465     2.0792    124.750  1025.6915  51942.229    31.8056     73.247    7.60478     2.8978     2.9066    25.3439   13.56778 3.7490e-02     73.951 0.0000e+00
        501 102.132535    0.03472     2.0833    125.000  1025.6948  51945.851    31.8072     73.633    7.60515     2.8959     2.9042    25.3453   13.56837 3.7490e-02     74.341 0.0000e+00
        502 102.132538    0.03479     2.0875    125.250  1025.6982  51949.537    31.8089     74.010    7.60549     2.8943     2.9019    25.3469   13.56891 3.7490e-02     74.722 0.0000e+00
        503 102.132541    0.03486     2.0917    125.500  1025.7013  51952.834    31.8104     74.374    7.60578     2.8931     2.9000    25.3482   13.56937 3.7490e-02     75.089 0.0000e+00
        504 102.132543    0.03493     2.0958    125.750  1025.7040  51955.511    31.8116     74.714    7.60601     2.8923     2.8984    25.3493   13.56973 3.7490e-02     75.432 0.0000e+00
        505 102.132546    0.03500     2.1000    126.000  1025.7062  51957.519    31.8125     75.018    7.60618     2.8917     2.8973    25.3502   13.57000 3.7490e-02     75.740 0.0000e+00
        506 102.132549    0.03507     2.1042    126.250  1025.7080  51958.975    31.8131     75.277    7.60630     2.8912     2.8965    25.3507   13.57020 3.7490e-02     76.002 0.0000e+00
        507 102.132552    0.03514     2.1083    126.500  1025.7094  51960.056    31.8136     75.484    7.60639     2.8910     2.8959    25.3511   13.57034 3.7490e-02     76.210 0.0000e+00
        508 102.132555    0.03521     2.1125    126.750  1025.7104  51960.808    31.8139     75.632    7.60646     2.8909     2.8954    25.3514   13.57044 3.7490e-02     76.360 0.0000e+00
        509 102.132558    0.03528     2.1167    127.000  1025.7110  51961.232    31.8140     75.720    7.60650 -9.990e-29     2.8952    25.3516   13.57051 3.7490e-02     76.449 0.0000e+00
        510 102.132561    0.03535     2.1208    127.250  1025.7112  51961.367    31.8141     75.749    7.60651 -9.990e-29     2.8951    25.3516   13.57053 3.7490e-02     76.478 0.0000e+00
