CTD-processing/allCTD/CNV--homogene/2012-_7-29_t3_s01_cast058.cnv
* Sea-Bird SBE19plus Data File:
* FileName = C:\Documents and Settings\kris.holderied.local\My Documents\2012-07-EVOS-CookInlet-Ocean\2012-07-29-Tran3-CookInlet-LTM-cast058.hex
* Software Version 1.54
* Temperature SN =  4141
* Conductivity SN =  4141
* System UpLoad Time = Jul 29 2012 20:43:53
** Cook Inlet LTM Transect 3 from Anchor Pt west
** Date:  2012-07-29
** Station:  3-01
** Start time (AKDT-24 hr): 1934
** Depth (m): 21
** Secchi depth=1.7m.  Rain.
# nquan = 17
# nvalues = 373                         
# units = specified
# name 0 = scan: Scan Count
# name 1 = timeJ: Julian Days
# name 2 = timeH: Time, Elapsed [hours]
# name 3 = timeM: Time, Elapsed [minutes]
# name 4 = timeS: Time, Elapsed [seconds]
# name 5 = density00: Density [density, kg/m^3]
# name 6 = specc: Specific Conductance [uS/cm]
# name 7 = sal00: Salinity, Practical [PSU]
# name 8 = depSM: Depth [salt water, m], lat = 59.00
# name 9 = oxsolML/L: Oxygen Saturation, Garcia & Gordon [ml/l]
# name 10 = potemp090C: Potential Temperature [ITS-90, deg C]
# name 11 = tv290C: Temperature [ITS-90, deg C]
# name 12 = sigma-é00: Density [sigma-theta, kg/m^3]
# name 13 = n2satML/L: Nitrogen Saturation [ml/l]
# name 14 = par: PAR/Irradiance, Biospherical/Licor
# name 15 = prdM: Pressure, Strain Gauge [db]
# name 16 = flag:  0.000e+00
# span 0 =          1,        373       
# span 1 = 211.857720, 211.858796       
# span 2 =    0.00000,    0.02583       
# span 3 =     0.0000,     1.5500       
# span 4 =      0.000,     93.000       
# span 5 =   999.9018,  1022.7035       
# span 6 =    749.995,  46637.348       
# span 7 =     0.3653,    29.5244       
# span 8 =     -0.055,     17.062       
# span 9 =    6.45518,    7.71325       
# span 10 =    10.3398,    11.1143      
# span 11 =    10.3416,    11.1143      
# span 12 =    -0.0979,    22.6254      
# span 13 =   11.70650,   14.18877      
# span 14 = 4.4824e-02, 4.9157e+01      
# span 15 =     -0.055,     17.225      
# span 16 = 0.0000e+00, 0.0000e+00      
# interval = seconds: 0.25
# start_time = Jul 29 2012 20:35:07 [Instrument's time stamp, header]
# bad_flag = -9.990e-29
*END*
          1 211.857720    0.00000     0.0000      0.000   999.9179    796.516     0.3855     -0.054    7.71229    10.9176    10.9175    -0.0819   14.18681 3.7656e+01     -0.054 0.0000e+00
          2 211.857723    0.00007     0.0042      0.250   999.9143    787.314     0.3810     -0.054    7.71250    10.9176    10.9175    -0.0854   14.18724 3.8265e+01     -0.054 0.0000e+00
          3 211.857726    0.00014     0.0083      0.500   999.9104    777.116     0.3761     -0.054    7.71273    10.9177    10.9176    -0.0893   14.18771 3.8887e+01     -0.054 0.0000e+00
          4 211.857729    0.00021     0.0125      0.750   999.9070    767.858     0.3717     -0.055    7.71294    10.9178    10.9176    -0.0927   14.18812 3.9500e+01     -0.055 0.0000e+00
          5 211.857731    0.00028     0.0167      1.000   999.9040    759.486     0.3680     -0.055    7.71312    10.9179    10.9177    -0.0957   14.18848 4.0242e+01     -0.055 0.0000e+00
          6 211.857734    0.00035     0.0208      1.250   999.9019    752.567     0.3653     -0.055    7.71325    10.9180    10.9178    -0.0978   14.18875 4.1119e+01     -0.055 0.0000e+00
          7 211.857737    0.00042     0.0250      1.500   999.9018    749.995     0.3653     -0.055    7.71325    10.9182    10.9179    -0.0979   14.18877 4.2017e+01     -0.055 0.0000e+00
          8 211.857740    0.00049     0.0292      1.750   999.9050    754.257     0.3695     -0.055    7.71306    10.9184    10.9180    -0.0947   14.18841 4.3039e+01     -0.055 0.0000e+00
          9 211.857743    0.00056     0.0333      2.000   999.9136    769.463     0.3806     -0.054    7.71256    10.9187    10.9182    -0.0861   14.18743 4.4307e+01     -0.054 0.0000e+00
         10 211.857746    0.00063     0.0375      2.250   999.9321    805.738     0.4046     -0.054    7.71146    10.9191    10.9184    -0.0676   14.18528 4.5658e+01     -0.054 0.0000e+00
         11 211.857749    0.00069     0.0417      2.500   999.9679    878.770     0.4508     -0.053    7.70934    10.9198    10.9187    -0.0318   14.18110 4.6910e+01     -0.053 0.0000e+00
         12 211.857752    0.00076     0.0458      2.750  1000.0317   1010.898     0.5330     -0.051    7.70555    10.9210    10.9191     0.0319   14.17364 4.8009e+01     -0.051 0.0000e+00
         13 211.857755    0.00083     0.0500      3.000  1000.1403   1237.088     0.6730     -0.048    7.69909    10.9229    10.9198     0.1405   14.16092 4.8802e+01     -0.048 0.0000e+00
         14 211.857758    0.00090     0.0542      3.250  1000.3215   1614.599     0.9065     -0.044    7.68832    10.9261    10.9210     0.3217   14.13970 4.9157e+01     -0.043 0.0000e+00
         15 211.857760    0.00097     0.0583      3.500  1000.6213   2238.181     1.2930     -0.036    7.67050    10.9315    10.9229     0.6214   14.10461 4.9140e+01     -0.036 0.0000e+00
         16 211.857763    0.00104     0.0625      3.750  1001.1162   3265.307     1.9311     -0.023    7.64111    10.9403    10.9261     1.1163   14.04673 4.8757e+01     -0.023 0.0000e+00
         17 211.857766    0.00111     0.0667      4.000  1001.9340   4959.234     2.9856     -0.002    7.59256    10.9550    10.9315     1.9341   13.95113 4.7854e+01     -0.002 0.0000e+00
         18 211.857769    0.00118     0.0708      4.250  1003.2904   7765.452     4.7346      0.032    7.51207    10.9794    10.9403     3.2903   13.79264 4.6311e+01      0.032 0.0000e+00
         19 211.857772    0.00125     0.0750      4.500  1005.5453  12427.792     7.6423      0.088    7.37827    11.0164    10.9550     5.5449   13.52921 4.4114e+01      0.089 0.0000e+00
         20 211.857775    0.00132     0.0792      4.750  1009.0414  19595.838    12.1519      0.179    7.17147    11.0588    10.9794     9.0405   13.12232 4.1016e+01      0.180 0.0000e+00
         21 211.857778    0.00139     0.0833      5.000  1013.0847  27797.942    17.3710      0.303    6.93237    11.0921    11.0164    13.0833   12.65253 3.6600e+01      0.305 0.0000e+00
         22 211.857781    0.00146     0.0875      5.250  1016.2382  34156.854    21.4449      0.440    6.74454    11.1094    11.0589    16.2362   12.28423 3.1751e+01      0.444 0.0000e+00
         23 211.857784    0.00153     0.0917      5.500  1018.1601  38028.346    23.9290      0.567    6.62910    11.1143    11.0922    18.1575   12.05822 2.8327e+01      0.572 0.0000e+00
         24 211.857786    0.00160     0.0958      5.750  1019.3216  40365.990    25.4294      0.671    6.55982    11.1123    11.1095    19.3186   11.92246 2.6820e+01      0.677 0.0000e+00
         25 211.857789    0.00167     0.1000      6.000  1020.0252  41779.860    26.3371      0.750    6.51871    11.1070    11.1143    20.0218   11.84167 2.6550e+01      0.757 0.0000e+00
         26 211.857792    0.00174     0.1042      6.250  1020.4565  42644.106    26.8923      0.810    6.49429    11.0999    11.1124    20.4528   11.79348 2.6814e+01      0.817 0.0000e+00
         27 211.857795    0.00181     0.1083      6.500  1020.7277  43184.765    27.2404      0.859    6.47960    11.0914    11.1071    20.7238   11.76432 2.6930e+01      0.867 0.0000e+00
         28 211.857798    0.00187     0.1125      6.750  1020.9026  43530.846    27.4640      0.909    6.47073    11.0817    11.1000    20.8985   11.74657 2.6465e+01      0.918 0.0000e+00
         29 211.857801    0.00194     0.1167      7.000  1021.0183  43757.404    27.6110      0.969    6.46547    11.0706    11.0915    21.0139   11.73586 2.5459e+01      0.978 0.0000e+00
         30 211.857804    0.00201     0.1208      7.250  1021.0994  43913.704    27.7129      1.039    6.46240    11.0579    11.0818    21.0946   11.72941 2.4169e+01      1.049 0.0000e+00
         31 211.857807    0.00208     0.1250      7.500  1021.1625  44033.080    27.7914      1.114    6.46058    11.0437    11.0707    21.1574   11.72538 2.2740e+01      1.124 0.0000e+00
         32 211.857810    0.00215     0.1292      7.750  1021.2182  44136.359    27.8600      1.192    6.45944    11.0278    11.0581    21.2128   11.72262 2.1267e+01      1.203 0.0000e+00
         33 211.857812    0.00222     0.1333      8.000  1021.2713  44233.247    27.9248      1.272    6.45872    11.0105    11.0439    21.2655   11.72061 1.9907e+01      1.283 0.0000e+00
         34 211.857815    0.00229     0.1375      8.250  1021.3234  44327.202    27.9880      1.350    6.45832    10.9928    11.0279    21.3172   11.71917 1.8789e+01      1.362 0.0000e+00
         35 211.857818    0.00236     0.1417      8.500  1021.3740  44417.732    28.0490      1.420    6.45822    10.9755    11.0107    21.3675   11.71826 1.7958e+01      1.433 0.0000e+00
         36 211.857821    0.00243     0.1458      8.750  1021.4217  44502.710    28.1063      1.478    6.45833    10.9589    10.9930    21.4149   11.71775 1.7406e+01      1.491 0.0000e+00
         37 211.857824    0.00250     0.1500      9.000  1021.4671  44583.416    28.1608      1.518    6.45851    10.9429    10.9757    21.4601   11.71739 1.7113e+01      1.532 0.0000e+00
         38 211.857827    0.00257     0.1542      9.250  1021.5119  44663.220    28.2148      1.541    6.45861    10.9274    10.9591    21.5048   11.71691 1.7061e+01      1.556 0.0000e+00
         39 211.857830    0.00264     0.1583      9.500  1021.5559  44741.746    28.2680      1.547    6.45867    10.9131    10.9430    21.5488   11.71637 1.7242e+01      1.561 0.0000e+00
         40 211.857833    0.00271     0.1625      9.750  1021.5956  44812.584    28.3159      1.537    6.45886    10.9010    10.9276    21.5886   11.71611 1.7645e+01      1.551 0.0000e+00
         41 211.857836    0.00278     0.1667     10.000  1021.6274  44868.937    28.3538      1.514    6.45930    10.8917    10.9133    21.6205   11.71638 1.8237e+01      1.528 0.0000e+00
         42 211.857839    0.00285     0.1708     10.250  1021.6500  44908.861    28.3805      1.481    6.45991    10.8851    10.9012    21.6432   11.71707 1.8943e+01      1.496 0.0000e+00
         43 211.857841    0.00292     0.1750     10.500  1021.6647  44934.730    28.3976      1.443    6.46051    10.8808    10.8919    21.6581   11.71786 1.9675e+01      1.457 0.0000e+00
         44 211.857844    0.00299     0.1792     10.750  1021.6737  44950.581    28.4081      1.404    6.46100    10.8781    10.8853    21.6673   11.71855 2.0332e+01      1.417 0.0000e+00
         45 211.857847    0.00306     0.1833     11.000  1021.6787  44959.423    28.4138      1.369    6.46137    10.8768    10.8810    21.6724   11.71909 2.0797e+01      1.382 0.0000e+00
         46 211.857850    0.00313     0.1875     11.250  1021.6806  44962.693    28.4158      1.342    6.46166    10.8765    10.8783    21.6745   11.71955 2.0972e+01      1.355 0.0000e+00
         47 211.857853    0.00319     0.1917     11.500  1021.6800  44961.435    28.4148      1.330    6.46189    10.8771    10.8770    21.6739   11.71994 2.0833e+01      1.343 0.0000e+00
         48 211.857856    0.00326     0.1958     11.750  1021.6778  44957.319    28.4119      1.335    6.46204    10.8780    10.8767    21.6717   11.72023 2.0427e+01      1.348 0.0000e+00
         49 211.857859    0.00333     0.2000     12.000  1021.6755  44953.083    28.4090      1.356    6.46208    10.8784    10.8773    21.6693   11.72033 1.9851e+01      1.368 0.0000e+00
         50 211.857862    0.00340     0.2042     12.250  1021.6749  44951.765    28.4082      1.387    6.46200    10.8780    10.8782    21.6685   11.72020 1.9217e+01      1.401 0.0000e+00
         51 211.857865    0.00347     0.2083     12.500  1021.6768  44955.039    28.4105      1.424    6.46184    10.8769    10.8786    21.6702   11.71992 1.8611e+01      1.437 0.0000e+00
         52 211.857867    0.00354     0.2125     12.750  1021.6810  44962.548    28.4157      1.458    6.46168    10.8754    10.8782    21.6743   11.71959 1.8112e+01      1.472 0.0000e+00
         53 211.857870    0.00361     0.2167     13.000  1021.6869  44972.908    28.4228      1.484    6.46154    10.8735    10.8771    21.6801   11.71927 1.7790e+01      1.498 0.0000e+00
         54 211.857873    0.00368     0.2208     13.250  1021.6937  44984.995    28.4311      1.498    6.46142    10.8713    10.8756    21.6868   11.71897 1.7693e+01      1.512 0.0000e+00
         55 211.857876    0.00375     0.2250     13.500  1021.7010  44998.125    28.4401      1.501    6.46132    10.8689    10.8736    21.6941   11.71870 1.7819e+01      1.515 0.0000e+00
         56 211.857879    0.00382     0.2292     13.750  1021.7083  45011.427    28.4492      1.494    6.46126    10.8668    10.8714    21.7015   11.71848 1.8103e+01      1.508 0.0000e+00
         57 211.857882    0.00389     0.2333     14.000  1021.7150  45023.534    28.4574      1.481    6.46124    10.8651    10.8691    21.7083   11.71836 1.8418e+01      1.495 0.0000e+00
         58 211.857885    0.00396     0.2375     14.250  1021.7203  45032.983    28.4638      1.466    6.46128    10.8640    10.8670    21.7136   11.71834 1.8636e+01      1.480 0.0000e+00
         59 211.857888    0.00403     0.2417     14.500  1021.7239  45039.376    28.4681      1.453    6.46134    10.8632    10.8653    21.7173   11.71839 1.8709e+01      1.467 0.0000e+00
         60 211.857891    0.00410     0.2458     14.750  1021.7264  45043.887    28.4711      1.446    6.46137    10.8625    10.8642    21.7198   11.71841 1.8669e+01      1.460 0.0000e+00
         61 211.857894    0.00417     0.2500     15.000  1021.7287  45048.086    28.4740      1.446    6.46136    10.8619    10.8634    21.7221   11.71836 1.8554e+01      1.460 0.0000e+00
         62 211.857896    0.00424     0.2542     15.250  1021.7313  45052.710    28.4772      1.455    6.46132    10.8612    10.8627    21.7247   11.71826 1.8374e+01      1.469 0.0000e+00
         63 211.857899    0.00431     0.2583     15.500  1021.7341  45057.600    28.4805      1.470    6.46128    10.8605    10.8621    21.7274   11.71814 1.8141e+01      1.484 0.0000e+00
         64 211.857902    0.00438     0.2625     15.750  1021.7369  45062.350    28.4838      1.490    6.46124    10.8596    10.8614    21.7301   11.71804 1.7881e+01      1.504 0.0000e+00
         65 211.857905    0.00444     0.2667     16.000  1021.7394  45066.838    28.4868      1.511    6.46122    10.8585    10.8606    21.7326   11.71797 1.7614e+01      1.525 0.0000e+00
         66 211.857908    0.00451     0.2708     16.250  1021.7420  45071.192    28.4898      1.530    6.46122    10.8571    10.8597    21.7350   11.71795 1.7362e+01      1.545 0.0000e+00
         67 211.857911    0.00458     0.2750     16.500  1021.7446  45075.619    28.4928      1.546    6.46126    10.8556    10.8586    21.7375   11.71796 1.7155e+01      1.561 0.0000e+00
         68 211.857914    0.00465     0.2792     16.750  1021.7473  45080.370    28.4959      1.556    6.46131    10.8540    10.8573    21.7402   11.71801 1.7016e+01      1.570 0.0000e+00
         69 211.857917    0.00472     0.2833     17.000  1021.7503  45085.682    28.4995      1.558    6.46137    10.8522    10.8558    21.7432   11.71807 1.6970e+01      1.572 0.0000e+00
         70 211.857920    0.00479     0.2875     17.250  1021.7538  45091.848    28.5036      1.551    6.46143    10.8503    10.8542    21.7467   11.71812 1.7053e+01      1.565 0.0000e+00
         71 211.857922    0.00486     0.2917     17.500  1021.7579  45099.347    28.5087      1.535    6.46147    10.8483    10.8524    21.7509   11.71813 1.7295e+01      1.549 0.0000e+00
         72 211.857925    0.00493     0.2958     17.750  1021.7631  45108.735    28.5151      1.510    6.46148    10.8464    10.8505    21.7562   11.71806 1.7694e+01      1.524 0.0000e+00
         73 211.857928    0.00500     0.3000     18.000  1021.7693  45120.105    28.5228      1.478    6.46144    10.8447    10.8485    21.7626   11.71791 1.8208e+01      1.492 0.0000e+00
         74 211.857931    0.00507     0.3042     18.250  1021.7761  45132.538    28.5313      1.443    6.46137    10.8435    10.8465    21.7695   11.71768 1.8755e+01      1.457 0.0000e+00
         75 211.857934    0.00514     0.3083     18.500  1021.7823  45144.043    28.5392      1.411    6.46128    10.8431    10.8448    21.7759   11.71744 1.9202e+01      1.425 0.0000e+00
         76 211.857937    0.00521     0.3125     18.750  1021.7865  45151.770    28.5445      1.387    6.46123    10.8435    10.8436    21.7802   11.71729 1.9401e+01      1.401 0.0000e+00
         77 211.857940    0.00528     0.3167     19.000  1021.7871  45152.822    28.5453      1.377    6.46126    10.8446    10.8432    21.7808   11.71733 1.9306e+01      1.390 0.0000e+00
         78 211.857943    0.00535     0.3208     19.250  1021.7838  45146.658    28.5410      1.384    6.46138    10.8459    10.8436    21.7774   11.71758 1.8974e+01      1.397 0.0000e+00
         79 211.857946    0.00542     0.3250     19.500  1021.7783  45136.514    28.5340      1.410    6.46152    10.8472    10.8447    21.7718   11.71789 1.8437e+01      1.423 0.0000e+00
         80 211.857948    0.00549     0.3292     19.750  1021.7729  45126.481    28.5271      1.451    6.46161    10.8483    10.8460    21.7662   11.71813 1.7715e+01      1.465 0.0000e+00
         81 211.857951    0.00556     0.3333     20.000  1021.7685  45118.178    28.5214      1.502    6.46166    10.8494    10.8473    21.7616   11.71829 1.6916e+01      1.517 0.0000e+00
         82 211.857954    0.00562     0.3375     20.250  1021.7647  45110.965    28.5164      1.554    6.46171    10.8507    10.8485    21.7576   11.71843 1.6184e+01      1.569 0.0000e+00
         83 211.857957    0.00569     0.3417     20.500  1021.7609  45103.909    28.5116      1.599    6.46176    10.8525    10.8496    21.7536   11.71857 1.5625e+01      1.614 0.0000e+00
         84 211.857960    0.00576     0.3458     20.750  1021.7574  45097.270    28.5071      1.632    6.46176    10.8553    10.8509    21.7499   11.71863 1.5302e+01      1.647 0.0000e+00
         85 211.857963    0.00583     0.3500     21.000  1021.7544  45091.935    28.5035      1.648    6.46165    10.8588    10.8527    21.7468   11.71848 1.5255e+01      1.663 0.0000e+00
