CTD-processing/allCTD/CNV--homogene/2012_08-15_t4_s05_cast127.cnv
* Sea-Bird SBE19plus Data File:
* FileName = C:\Documents and Settings\kris.holderied.local\My Documents\2012-08-15-CTD-KBay-Transect4\2012-08-15-CookInlet-Tran4-cast127.hex
* Software Version 1.54
* Temperature SN =  4141
* Conductivity SN =  4141
* System UpLoad Time = Aug 23 2012 23:14:47
** Cook Inlet LTM Transect 4 Barabara Pt to Bluff Pt
** Date:  2012-08-15
** Station:  4-05
** Start time (AKDT-24 hr): 1512
** Depth (m): 81
** Comment:
# nquan = 17
# nvalues = 581                         
# units = specified
# name 0 = scan: Scan Count
# name 1 = timeJ: Julian Days
# name 2 = timeH: Time, Elapsed [hours]
# name 3 = timeM: Time, Elapsed [minutes]
# name 4 = timeS: Time, Elapsed [seconds]
# name 5 = density00: Density [density, kg/m^3]
# name 6 = specc: Specific Conductance [uS/cm]
# name 7 = sal00: Salinity, Practical [PSU]
# name 8 = depSM: Depth [salt water, m], lat = 59.00
# name 9 = oxsolML/L: Oxygen Saturation, Garcia & Gordon [ml/l]
# name 10 = potemp090C: Potential Temperature [ITS-90, deg C]
# name 11 = tv290C: Temperature [ITS-90, deg C]
# name 12 = sigma-é00: Density [sigma-theta, kg/m^3]
# name 13 = n2satML/L: Nitrogen Saturation [ml/l]
# name 14 = par: PAR/Irradiance, Biospherical/Licor
# name 15 = prdM: Pressure, Strain Gauge [db]
# name 16 = flag:  0.000e+00
# span 0 =          1,        581       
# span 1 = 228.635255, 228.636933       
# span 2 =    0.00000,    0.04028       
# span 3 =     0.0000,     2.4167       
# span 4 =      0.000,    145.000       
# span 5 =   999.9633,  1024.6357       
# span 6 =    943.718,  49506.435       
# span 7 =     0.4606,    31.2780       
# span 8 =      0.017,     79.199       
# span 9 =    6.19905,    7.68468       
# span 10 =     8.5605,    12.3299      
# span 11 =     8.5684,    12.3301      
# span 12 =    -0.0368,    24.2710      
# span 13 =   11.26398,   14.13903      
# span 14 = 5.1373e-02, 4.2097e+02      
# span 15 =      0.017,     79.962      
# span 16 = 0.0000e+00, 0.0000e+00      
# interval = seconds: 0.25
# start_time = Aug 15 2012 15:14:46 [Instrument's time stamp, header]
# bad_flag = -9.990e-29
*END*
[from data line 256]
        257 228.635995    0.01778     1.0667     64.000  1022.8945  47390.141    30.2371      1.022    6.23377    12.0177    12.0162    22.8899   11.31969 3.3823e+02      1.032 0.0000e+00
        258 228.635998    0.01785     1.0708     64.250  1022.8937  47388.845    30.2362      1.014    6.23373    12.0190    12.0167    22.8891   11.31963 3.3944e+02      1.023 0.0000e+00
        259 228.636001    0.01792     1.0750     64.500  1022.8926  47387.058    30.2350      1.008    6.23363    12.0200    12.0178    22.8880   11.31948 3.3966e+02      1.018 0.0000e+00
        260 228.636004    0.01799     1.0792     64.750  1022.8914  47385.073    30.2338      1.010    6.23351    12.0205    12.0191    22.8868   11.31929 3.3809e+02      1.020 0.0000e+00
        261 228.636007    0.01806     1.0833     65.000  1022.8904  47383.548    30.2328      1.017    6.23342    12.0208    12.0201    22.8859   11.31916 3.3812e+02      1.026 0.0000e+00
        262 228.636010    0.01812     1.0875     65.250  1022.8900  47382.832    30.2323      1.023    6.23337    12.0213    12.0206    22.8854   11.31909 3.3988e+02      1.032 0.0000e+00
        263 228.636013    0.01819     1.0917     65.500  1022.8899  47382.750    30.2323      1.023    6.23334    12.0225    12.0209    22.8853   11.31903 3.4057e+02      1.032 0.0000e+00
        264 228.636016    0.01826     1.0958     65.750  1022.8897  47382.550    30.2322      1.018    6.23327    12.0245    12.0214    22.8852   11.31892 3.3941e+02      1.028 0.0000e+00
        265 228.636019    0.01833     1.1000     66.000  1022.8890  47381.393    30.2315      1.014    6.23314    12.0268    12.0227    22.8844   11.31871 3.3800e+02      1.023 0.0000e+00
        266 228.636021    0.01840     1.1042     66.250  1022.8876  47379.355    30.2302      1.013    6.23292    12.0290    12.0247    22.8831   11.31836 3.3758e+02      1.023 0.0000e+00
        267 228.636024    0.01847     1.1083     66.500  1022.8864  47377.571    30.2292      1.018    6.23265    12.0311    12.0270    22.8818   11.31794 3.3851e+02      1.027 0.0000e+00
        268 228.636027    0.01854     1.1125     66.750  1022.8861  47377.266    30.2292      1.024    6.23237    12.0338    12.0291    22.8814   11.31747 3.3907e+02      1.033 0.0000e+00
        269 228.636030    0.01861     1.1167     67.000  1022.8869  47379.170    30.2307      1.026    6.23204    12.0383    12.0312    22.8823   11.31690 3.3710e+02      1.036 0.0000e+00
        270 228.636033    0.01868     1.1208     67.250  1022.8889  47383.388    30.2340      1.024    6.23155    12.0459    12.0339    22.8843   11.31605 3.3460e+02      1.034 0.0000e+00
        271 228.636036    0.01875     1.1250     67.500  1022.8918  47389.566    30.2388      1.019    6.23077    12.0580    12.0384    22.8872   11.31469 3.3482e+02      1.029 0.0000e+00
        272 228.636039    0.01882     1.1292     67.750  1022.8957  47398.280    30.2457      1.015    6.22950    12.0759    12.0460    22.8911   11.31250 3.3708e+02      1.024 0.0000e+00
        273 228.636042    0.01889     1.1333     68.000  1022.9011  47410.470    30.2555      1.014    6.22752    12.0987    12.0581    22.8965   11.30911 3.3797e+02      1.023 0.0000e+00
        274 228.636045    0.01896     1.1375     68.250  1022.9042  47419.656    30.2637      1.018    6.22484    12.1217    12.0760    22.8996   11.30456 3.3564e+02      1.028 0.0000e+00
        275 228.636047    0.01903     1.1417     68.500  1022.8999  47416.228    30.2635      1.027    6.22186    12.1405    12.0988    22.8953   11.29961 3.3230e+02      1.037 0.0000e+00
        276 228.636050    0.01910     1.1458     68.750  1022.8900  47402.630    30.2561      1.037    6.21913    12.1534    12.1218    22.8853   11.29516 3.3123e+02      1.047 0.0000e+00
        277 228.636053    0.01917     1.1500     69.000  1022.8797  47387.521    30.2472      1.043    6.21701    12.1610    12.1406    22.8750   11.29175 3.3350e+02      1.053 0.0000e+00
        278 228.636056    0.01924     1.1542     69.250  1022.8717  47375.477    30.2399      1.040    6.21559    12.1647    12.1536    22.8669   11.28948 3.3772e+02      1.050 0.0000e+00
        279 228.636059    0.01931     1.1583     69.500  1022.8668  47368.108    30.2354      1.028    6.21477    12.1665    12.1612    22.8621   11.28818 3.4126e+02      1.037 0.0000e+00
        280 228.636062    0.01938     1.1625     69.750  1022.8645  47364.829    30.2334      1.010    6.21436    12.1673    12.1649    22.8599   11.28751 3.4221e+02      1.020 0.0000e+00
        281 228.636065    0.01944     1.1667     70.000  1022.8636  47363.664    30.2328      0.998    6.21415    12.1670    12.1666    22.8591   11.28718 3.3984e+02      1.008 0.0000e+00
        282 228.636068    0.01951     1.1708     70.250  1022.8631  47363.030    30.2324      1.000    6.21407    12.1651    12.1674    22.8586   11.28704 3.3599e+02      1.009 0.0000e+00
        283 228.636071    0.01958     1.1750     70.500  1022.8629  47362.355    30.2318      1.016    6.21412    12.1610    12.1671    22.8583   11.28713 3.3342e+02      1.025 0.0000e+00
        284 228.636073    0.01965     1.1792     70.750  1022.8633  47362.470    30.2317      1.038    6.21437    12.1556    12.1652    22.8585   11.28756 3.3214e+02      1.048 0.0000e+00
        285 228.636076    0.01972     1.1833     71.000  1022.8654  47365.332    30.2334      1.056    6.21485    12.1508    12.1611    22.8606   11.28832 3.3095e+02      1.066 0.0000e+00
        286 228.636079    0.01979     1.1875     71.250  1022.8691  47371.106    30.2370      1.059    6.21541    12.1481    12.1557    22.8643   11.28922 3.3025e+02      1.069 0.0000e+00
        287 228.636082    0.01986     1.1917     71.500  1022.8731  47377.406    30.2410      1.047    6.21589    12.1478    12.1509    22.8683   11.28996 3.3064e+02      1.057 0.0000e+00
        288 228.636085    0.01993     1.1958     71.750  1022.8757  47381.779    30.2438      1.029    6.21613    12.1492    12.1482    22.8710   11.29033 3.3072e+02      1.039 0.0000e+00
        289 228.636088    0.02000     1.2000     72.000  1022.8765  47383.397    30.2449      1.016    6.21613    12.1514    12.1479    22.8720   11.29031 3.2943e+02      1.026 0.0000e+00
        290 228.636091    0.02007     1.2042     72.250  1022.8760  47382.731    30.2446      1.017    6.21595    12.1534    12.1494    22.8715   11.29003 3.2809e+02      1.026 0.0000e+00
        291 228.636094    0.02014     1.2083     72.500  1022.8746  47380.475    30.2432      1.028    6.21572    12.1544    12.1516    22.8700   11.28966 3.2753e+02      1.038 0.0000e+00
        292 228.636097    0.02021     1.2125     72.750  1022.8729  47377.661    30.2414      1.043    6.21553    12.1539    12.1536    22.8682   11.28936 3.2662e+02      1.053 0.0000e+00
        293 228.636100    0.02028     1.2167     73.000  1022.8716  47375.384    30.2399      1.054    6.21546    12.1521    12.1545    22.8668   11.28927 3.2524e+02      1.064 0.0000e+00
        294 228.636102    0.02035     1.2208     73.250  1022.8711  47374.428    30.2391      1.056    6.21556    12.1498    12.1540    22.8663   11.28943 3.2548e+02      1.066 0.0000e+00
        295 228.636105    0.02042     1.2250     73.500  1022.8718  47375.438    30.2397      1.050    6.21577    12.1482    12.1523    22.8671   11.28978 3.2800e+02      1.059 0.0000e+00
        296 228.636108    0.02049     1.2292     73.750  1022.8734  47378.008    30.2413      1.038    6.21600    12.1479    12.1500    22.8687   11.29015 3.3090e+02      1.048 0.0000e+00
        297 228.636111    0.02056     1.2333     74.000  1022.8751  47380.747    30.2431      1.025    6.21615    12.1493    12.1483    22.8704   11.29037 3.3325e+02      1.035 0.0000e+00
        298 228.636114    0.02063     1.2375     74.250  1022.8761  47382.524    30.2443      1.016    6.21613    12.1519    12.1481    22.8714   11.29033 3.3436e+02      1.026 0.0000e+00
        299 228.636117    0.02069     1.2417     74.500  1022.8760  47382.630    30.2445      1.013    6.21595    12.1550    12.1494    22.8714   11.29002 3.3325e+02      1.022 0.0000e+00
        300 228.636120    0.02076     1.2458     74.750  1022.8747  47380.819    30.2435      1.015    6.21564    12.1576    12.1521    22.8701   11.28953 3.3177e+02      1.025 0.0000e+00
        301 228.636123    0.02083     1.2500     75.000  1022.8727  47377.716    30.2416      1.022    6.21531    12.1590    12.1552    22.8680   11.28900 3.3216e+02      1.031 0.0000e+00
        302 228.636126    0.02090     1.2542     75.250  1022.8706  47374.393    30.2395      1.028    6.21505    12.1589    12.1577    22.8659   11.28860 3.3330e+02      1.037 0.0000e+00
        303 228.636128    0.02097     1.2583     75.500  1022.8690  47371.809    30.2378      1.031    6.21494    12.1577    12.1591    22.8643   11.28843 3.3314e+02      1.040 0.0000e+00
        304 228.636131    0.02104     1.2625     75.750  1022.8685  47370.807    30.2371      1.030    6.21498    12.1560    12.1590    22.8638   11.28851 3.3166e+02      1.039 0.0000e+00
        305 228.636134    0.02111     1.2667     76.000  1022.8690  47371.549    30.2375      1.027    6.21512    12.1544    12.1578    22.8643   11.28874 3.3067e+02      1.037 0.0000e+00
        306 228.636137    0.02118     1.2708     76.250  1022.8701  47373.182    30.2385      1.026    6.21531    12.1528    12.1561    22.8654   11.28903 3.3146e+02      1.035 0.0000e+00
        307 228.636140    0.02125     1.2750     76.500  1022.8711  47374.721    30.2394      1.027    6.21548    12.1510    12.1545    22.8664   11.28931 3.3305e+02      1.037 0.0000e+00
        308 228.636143    0.02132     1.2792     76.750  1022.8719  47375.839    30.2400      1.030    6.21566    12.1483    12.1529    22.8672   11.28960 3.3317e+02      1.039 0.0000e+00
        309 228.636146    0.02139     1.2833     77.000  1022.8727  47376.971    30.2406      1.034    6.21589    12.1447    12.1511    22.8680   11.28997 3.3067e+02      1.043 0.0000e+00
        310 228.636149    0.02146     1.2875     77.250  1022.8740  47378.695    30.2416      1.041    6.21620    12.1393    12.1484    22.8693   11.29047 3.2676e+02      1.051 0.0000e+00
        311 228.636152    0.02153     1.2917     77.500  1022.8757  47380.990    30.2429      1.059    6.21663    12.1307    12.1448    22.8709   11.29118 3.2270e+02      1.068 0.0000e+00
        312 228.636155    0.02160     1.2958     77.750  1022.8778  47383.609    30.2442      1.092    6.21729    12.1164    12.1394    22.8729   11.29225 3.1791e+02      1.102 0.0000e+00
        313 228.636157    0.02167     1.3000     78.000  1022.8811  47387.473    30.2461      1.146    6.21835    12.0934    12.1308    22.8759   11.29400 3.1108e+02      1.156 0.0000e+00
        314 228.636160    0.02174     1.3042     78.250  1022.8868  47394.546    30.2496      1.221    6.22010    12.0594    12.1165    22.8813   11.29686 3.0125e+02      1.232 0.0000e+00
        315 228.636163    0.02181     1.3083     78.500  1022.8968  47407.674    30.2566      1.310    6.22287    12.0134    12.0936    22.8908   11.30136 2.8917e+02      1.322 0.0000e+00
        316 228.636166    0.02187     1.3125     78.750  1022.9126  47429.192    30.2684      1.411    6.22692    11.9521    12.0596    22.9061   11.30794 2.7483e+02      1.424 0.0000e+00
        317 228.636169    0.02194     1.3167     79.000  1022.9326  47456.160    30.2829      1.538    6.23246    11.8651    12.0136    22.9256   11.31697 2.5675e+02      1.553 0.0000e+00
        318 228.636172    0.02201     1.3208     79.250  1022.9550  47484.167    30.2965      1.719    6.24008    11.7386    11.9523    22.9472   11.32946 2.3594e+02      1.735 0.0000e+00
        319 228.636175    0.02208     1.3250     79.500  1022.9828  47517.114    30.3109      1.959    6.25112    11.5687    11.8653    22.9739   11.34761 2.1490e+02      1.978 0.0000e+00
        320 228.636178    0.02215     1.3292     79.750  1023.0274  47573.402    30.3377      2.239    6.26697    11.3698    11.7390    23.0172   11.37358 1.9548e+02      2.260 0.0000e+00
        321 228.636181    0.02222     1.3333     80.000  1023.1017  47676.414    30.3929      2.528    6.28757    11.1688    11.5690    23.0902   11.40712 1.7886e+02      2.552 0.0000e+00
        322 228.636183    0.02229     1.3375     80.250  1023.2047  47827.424    30.4788      2.806    6.31094    10.9869    11.3702    23.1920   11.44487 1.6510e+02      2.832 0.0000e+00
        323 228.636186    0.02236     1.3417     80.500  1023.3180  47997.764    30.5777      3.068    6.33418    10.8310    11.1692    23.3040   11.48225 1.5359e+02      3.097 0.0000e+00
        324 228.636189    0.02243     1.3458     80.750  1023.4209  48153.445    30.6679      3.325    6.35529    10.6982    10.9874    23.4057   11.51620 1.4365e+02      3.356 0.0000e+00
        325 228.636192    0.02250     1.3500     81.000  1023.5052  48280.287    30.7403      3.588    6.37368    10.5839    10.8314    23.4889   11.54585 1.3485e+02      3.622 0.0000e+00
        326 228.636195    0.02257     1.3542     81.250  1023.5727  48380.630    30.7962      3.866    6.38964    10.4839    10.6987    23.5551   11.57164 1.2695e+02      3.902 0.0000e+00
        327 228.636198    0.02264     1.3583     81.500  1023.6274  48460.988    30.8398      4.160    6.40363    10.3969    10.5844    23.6085   11.59432 1.1977e+02      4.199 0.0000e+00
        328 228.636201    0.02271     1.3625     81.750  1023.6748  48530.354    30.8771      4.463    6.41594    10.3235    10.4844    23.6544   11.61429 1.1326e+02      4.505 0.0000e+00
        329 228.636204    0.02278     1.3667     82.000  1023.7178  48594.207    30.9119      4.763    6.42660    10.2637    10.3975    23.6961   11.63155 1.0748e+02      4.808 0.0000e+00
        330 228.636207    0.02285     1.3708     82.250  1023.7556  48650.658    30.9429      5.049    6.43556    10.2162    10.3241    23.7325   11.64602 1.0241e+02      5.097 0.0000e+00
        331 228.636209    0.02292     1.3750     82.500  1023.7869  48697.455    30.9687      5.320    6.44285    10.1792    10.2643    23.7626   11.65780 9.7848e+01      5.370 0.0000e+00
        332 228.636212    0.02299     1.3792     82.750  1023.8119  48734.624    30.9892      5.582    6.44865    10.1500    10.2168    23.7864   11.66717 9.3473e+01      5.635 0.0000e+00
        333 228.636215    0.02306     1.3833     83.000  1023.8302  48760.989    31.0032      5.850    6.45326    10.1252    10.1798    23.8035   11.67464 8.9032e+01      5.906 0.0000e+00
        334 228.636218    0.02313     1.3875     83.250  1023.8420  48776.517    31.0105      6.131    6.45706    10.1023    10.1506    23.8140   11.68085 8.4408e+01      6.189 0.0000e+00
        335 228.636221    0.02319     1.3917     83.500  1023.8495  48784.796    31.0132      6.426    6.46043    10.0796    10.1259    23.8202   11.68640 7.9630e+01      6.486 0.0000e+00
        336 228.636224    0.02326     1.3958     83.750  1023.8547  48788.952    31.0132      6.725    6.46365    10.0555    10.1031    23.8239   11.69173 7.4840e+01      6.789 0.0000e+00
        337 228.636227    0.02333     1.4000     84.000  1023.8580  48790.032    31.0110      7.020    6.46694    10.0292    10.0804    23.8259   11.69722 7.0221e+01      7.087 0.0000e+00
        338 228.636230    0.02340     1.4042     84.250  1023.8610  48790.292    31.0081      7.305    6.47046    10.0011    10.0564    23.8276   11.70309 6.5876e+01      7.374 0.0000e+00
        339 228.636233    0.02347     1.4083     84.500  1023.8655  48793.187    31.0068      7.581    6.47424     9.9720    10.0301    23.8308   11.70936 6.1759e+01      7.653 0.0000e+00
        340 228.636236    0.02354     1.4125     84.750  1023.8717  48798.967    31.0072      7.859    6.47820     9.9421    10.0020    23.8357   11.71592 5.7760e+01      7.934 0.0000e+00
