CTD-processing/allCTD/CNV--homogene/2012_10-29_t9_s07_cast079.cnv
* Sea-Bird SBE19plus Data File:
* FileName = C:\Documents and Settings\kris.holderied.local\My Documents\2012-CTD-DATA-new-files\2012-10-CookInlet-LTM\2012-10-29-LTM-CookInlet-Tran9-SpitLine\2012-10-29-CookInlet-Tran9-SpitLine-cast079.hex
* Software Version 1.54
* Temperature SN =  4141
* Conductivity SN =  4141
* System UpLoad Time = Nov 20 2012 20:54:15
** Cook Inlet EVOSTC Transect 9 Spit Line south to north
** Date:  29 Oct 2012
** Station:  9-07
** Start time (AKDT-24 hr):  2027
** Depth (m): 95
** Comment:None
# nquan = 17
# nvalues = 851                         
# units = specified
# name 0 = scan: Scan Count
# name 1 = timeJ: Julian Days
# name 2 = timeH: Time, Elapsed [hours]
# name 3 = timeM: Time, Elapsed [minutes]
# name 4 = timeS: Time, Elapsed [seconds]
# name 5 = density00: Density [density, kg/m^3]
# name 6 = specc: Specific Conductance [uS/cm]
# name 7 = sal00: Salinity, Practical [PSU]
# name 8 = depSM: Depth [salt water, m], lat = 59.00
# name 9 = oxsolML/L: Oxygen Saturation, Garcia & Gordon [ml/l]
# name 10 = potemp090C: Potential Temperature [ITS-90, deg C]
# name 11 = tv290C: Temperature [ITS-90, deg C]
# name 12 = sigma-é00: Density [sigma-theta, kg/m^3]
# name 13 = n2satML/L: Nitrogen Saturation [ml/l]
# name 14 = par: PAR/Irradiance, Biospherical/Licor
# name 15 = prdM: Pressure, Strain Gauge [db]
# name 16 = flag:  0.000e+00
# span 0 =          1,        851       
# span 1 = 303.852060, 303.854520       
# span 2 =    0.00000,    0.05903       
# span 3 =     0.0000,     3.5417       
# span 4 =      0.000,    212.500       
# span 5 =  1000.2990,  1024.5875       
# span 6 =    854.840,  49504.409       
# span 7 =     0.4043,    31.1803       
# span 8 =     -0.112,     64.198       
# span 9 =    6.77772,    9.06906       
# span 10 =     4.3273,     7.9245      
# span 11 =     4.3273,     7.9291      
# span 12 =     0.2995,    24.2909      
# span 13 =   12.20986,   16.47176      
# span 14 = 3.6382e-02, 6.5699e+00      
# span 15 =     -0.113,     64.814      
# span 16 = 0.0000e+00, 0.0000e+00      
# interval = seconds: 0.25
# start_time = Oct 29 2012 20:26:58 [Instrument's time stamp, header]
# bad_flag = -9.990e-29
*END*
          1 303.852060    0.00000     0.0000      0.000  1001.2379   3136.978     1.5786     -0.106    8.96192     4.4809     4.4815     1.2385   16.27263 1.8446e-01     -0.107 0.0000e+00
          2 303.852063    0.00007     0.0042      0.250  1001.3078   3301.275     1.6660     -0.107    8.95671     4.4799     4.4814     1.3084   16.26247 2.1589e-01     -0.108 0.0000e+00
          3 303.852066    0.00014     0.0083      0.500  1001.3739   3456.489     1.7488     -0.108    8.95186     4.4780     4.4809     1.3745   16.25297 2.7316e-01     -0.109 0.0000e+00
          4 303.852069    0.00021     0.0125      0.750  1001.4141   3550.465     1.7991     -0.109    8.94908     4.4748     4.4799     1.4147   16.24749 3.7562e-01     -0.110 0.0000e+00
          5 303.852072    0.00028     0.0167      1.000  1001.4085   3536.803     1.7920     -0.110    8.94996     4.4700     4.4780     1.4090   16.24907 5.5139e-01     -0.111 0.0000e+00
          6 303.852075    0.00035     0.0208      1.250  1001.3517   3403.200     1.7209     -0.111    8.95496     4.4636     4.4748     1.3523   16.25863 8.4243e-01     -0.112 0.0000e+00
          7 303.852078    0.00042     0.0250      1.500  1001.2626   3192.966     1.6093     -0.111    8.96277     4.4556     4.4700     1.2631   16.27355 1.3202e+00     -0.112 0.0000e+00
          8 303.852080    0.00049     0.0292      1.750  1001.1617   2954.391     1.4830     -0.111    8.97185     4.4466     4.4636     1.1623   16.29087 2.1133e+00     -0.112 0.0000e+00
          9 303.852083    0.00056     0.0333      2.000  1001.0615   2716.384     1.3576     -0.111    8.98126     4.4374     4.4556     1.0621   16.30871 3.1126e+00     -0.112 0.0000e+00
         10 303.852086    0.00063     0.0375      2.250  1000.9702   2498.664     1.2433     -0.111    8.99024     4.4287     4.4466     0.9708   16.32565 3.9112e+00     -0.112 0.0000e+00
         11 303.852089    0.00069     0.0417      2.500  1000.8923   2312.064     1.1457     -0.111    8.99827     4.4213     4.4374     0.8928   16.34073 4.3526e+00     -0.112 0.0000e+00
         12 303.852092    0.00076     0.0458      2.750  1000.8277   2156.925     1.0649     -0.110    9.00516     4.4153     4.4287     0.8282   16.35362 4.5462e+00     -0.111 0.0000e+00
         13 303.852095    0.00083     0.0500      3.000  1000.7743   2028.157     0.9980     -0.110    9.01094     4.4105     4.4213     0.7748   16.36441 4.5572e+00     -0.111 0.0000e+00
         14 303.852098    0.00090     0.0542      3.250  1000.7297   1920.444     0.9423     -0.110    9.01572     4.4070     4.4153     0.7302   16.37335 4.5336e+00     -0.111 0.0000e+00
         15 303.852101    0.00097     0.0583      3.500  1000.6920   1829.033     0.8952     -0.111    9.01967     4.4044     4.4105     0.6925   16.38076 4.5871e+00     -0.112 0.0000e+00
         16 303.852104    0.00104     0.0625      3.750  1000.6592   1749.169     0.8542     -0.111    9.02298     4.4025     4.4070     0.6597   16.38699 4.5420e+00     -0.112 0.0000e+00
         17 303.852106    0.00111     0.0667      4.000  1000.6296   1676.997     0.8172     -0.111    9.02582     4.4012     4.4044     0.6301   16.39237 4.2302e+00     -0.112 0.0000e+00
         18 303.852109    0.00118     0.0708      4.250  1000.6027   1611.255     0.7836     -0.111    9.02829     4.4003     4.4025     0.6032   16.39707 3.8972e+00     -0.112 0.0000e+00
         19 303.852112    0.00125     0.0750      4.500  1000.5791   1553.376     0.7541     -0.111    9.03039     4.3999     4.4012     0.5796   16.40108 3.7830e+00     -0.112 0.0000e+00
         20 303.852115    0.00132     0.0792      4.750  1000.5596   1505.667     0.7299     -0.111    9.03206     4.3999     4.4003     0.5602   16.40429 3.6600e+00     -0.112 0.0000e+00
         21 303.852118    0.00139     0.0833      5.000  1000.5452   1470.319     0.7119     -0.111    9.03325     4.4001     4.3999     0.5458   16.40657 3.6057e+00     -0.112 0.0000e+00
         22 303.852121    0.00146     0.0875      5.250  1000.5362   1448.030     0.7006     -0.111    9.03394     4.4005     4.3999     0.5367   16.40792 3.9115e+00     -0.112 0.0000e+00
         23 303.852124    0.00153     0.0917      5.500  1000.5315   1436.560     0.6948     -0.111    9.03423     4.4010     4.4001     0.5320   16.40851 4.3410e+00     -0.112 0.0000e+00
         24 303.852127    0.00160     0.0958      5.750  1000.5297   1432.239     0.6926     -0.111    9.03427     4.4015     4.4005     0.5302   16.40861 4.5685e+00     -0.112 0.0000e+00
         25 303.852130    0.00167     0.1000      6.000  1000.5296   1431.981     0.6924     -0.111    9.03416     4.4021     4.4010     0.5301   16.40843 4.5043e+00     -0.112 0.0000e+00
         26 303.852133    0.00174     0.1042      6.250  1000.5297   1432.105     0.6925     -0.111    9.03403     4.4026     4.4015     0.5302   16.40821 4.1343e+00     -0.112 0.0000e+00
         27 303.852135    0.00181     0.1083      6.500  1000.5277   1427.304     0.6901     -0.111    9.03406     4.4030     4.4021     0.5282   16.40829 3.5805e+00     -0.112 0.0000e+00
         28 303.852138    0.00187     0.1125      6.750  1000.5225   1414.438     0.6836     -0.111    9.03433     4.4035     4.4026     0.5230   16.40886 3.1668e+00     -0.112 0.0000e+00
         29 303.852141    0.00194     0.1167      7.000  1000.5145   1394.817     0.6737     -0.111    9.03482     4.4041     4.4030     0.5151   16.40984 3.1318e+00     -0.112 0.0000e+00
         30 303.852144    0.00201     0.1208      7.250  1000.5051   1371.476     0.6619     -0.111    9.03541     4.4047     4.4035     0.5056   16.41103 3.2941e+00     -0.112 0.0000e+00
         31 303.852147    0.00208     0.1250      7.500  1000.4953   1347.242     0.6497     -0.110    9.03602     4.4054     4.4041     0.4958   16.41226 3.2273e+00     -0.111 0.0000e+00
         32 303.852150    0.00215     0.1292      7.750  1000.4861   1324.564     0.6382     -0.110    9.03656     4.4062     4.4047     0.4867   16.41336 2.8196e+00     -0.111 0.0000e+00
         33 303.852153    0.00222     0.1333      8.000  1000.4783   1305.175     0.6285     -0.110    9.03699     4.4070     4.4054     0.4788   16.41423 2.3852e+00     -0.111 0.0000e+00
         34 303.852156    0.00229     0.1375      8.250  1000.4721   1289.887     0.6208     -0.110    9.03727     4.4079     4.4062     0.4727   16.41483 2.3075e+00     -0.111 0.0000e+00
         35 303.852159    0.00236     0.1417      8.500  1000.4675   1278.451     0.6151     -0.110    9.03743     4.4088     4.4070     0.4681   16.41519 2.7604e+00     -0.111 0.0000e+00
         36 303.852161    0.00243     0.1458      8.750  1000.4639   1269.548     0.6106     -0.110    9.03750     4.4097     4.4079     0.4645   16.41538 3.5097e+00     -0.111 0.0000e+00
         37 303.852164    0.00250     0.1500      9.000  1000.4607   1261.615     0.6066     -0.110    9.03753     4.4105     4.4088     0.4613   16.41550 4.1662e+00     -0.111 0.0000e+00
         38 303.852167    0.00257     0.1542      9.250  1000.4575   1253.539     0.6026     -0.110    9.03756     4.4114     4.4097     0.4580   16.41562 4.6128e+00     -0.111 0.0000e+00
         39 303.852170    0.00264     0.1583      9.500  1000.4538   1244.574     0.5981     -0.110    9.03762     4.4122     4.4105     0.4544   16.41580 4.8533e+00     -0.111 0.0000e+00
         40 303.852173    0.00271     0.1625      9.750  1000.4496   1234.101     0.5928     -0.110    9.03774     4.4130     4.4114     0.4502   16.41608 4.8824e+00     -0.111 0.0000e+00
         41 303.852176    0.00278     0.1667     10.000  1000.4446   1221.572     0.5866     -0.110    9.03792     4.4137     4.4122     0.4451   16.41650 4.7624e+00     -0.111 0.0000e+00
         42 303.852179    0.00285     0.1708     10.250  1000.4386   1206.768     0.5792     -0.111    9.03819     4.4143     4.4130     0.4392   16.41707 4.6622e+00     -0.112 0.0000e+00
         43 303.852182    0.00292     0.1750     10.500  1000.4317   1189.582     0.5706     -0.111    9.03855     4.4148     4.4137     0.4323   16.41781 4.6348e+00     -0.112 0.0000e+00
         44 303.852185    0.00299     0.1792     10.750  1000.4236   1169.355     0.5605     -0.111    9.03901     4.4151     4.4143     0.4242   16.41876 4.5081e+00     -0.112 0.0000e+00
         45 303.852188    0.00306     0.1833     11.000  1000.4141   1145.510     0.5486     -0.111    9.03962     4.4151     4.4148     0.4146   16.41997 4.1215e+00     -0.112 0.0000e+00
         46 303.852190    0.00313     0.1875     11.250  1000.4035   1119.035     0.5354     -0.110    9.04035     4.4147     4.4151     0.4040   16.42142 3.6226e+00     -0.111 0.0000e+00
         47 303.852193    0.00319     0.1917     11.500  1000.3926   1091.798     0.5218     -0.110    9.04117     4.4143     4.4151     0.3931   16.42303 3.3705e+00     -0.111 0.0000e+00
         48 303.852196    0.00326     0.1958     11.750  1000.3818   1064.785     0.5083     -0.110    9.04206     4.4138     4.4147     0.3823   16.42474 3.1916e+00     -0.111 0.0000e+00
         49 303.852199    0.00333     0.2000     12.000  1000.3713   1038.612     0.4953     -0.109    9.04296     4.4134     4.4143     0.3718   16.42646 2.7434e+00     -0.110 0.0000e+00
         50 303.852202    0.00340     0.2042     12.250  1000.3615   1014.092     0.4831     -0.109    9.04381     4.4132     4.4138     0.3621   16.42809 2.3193e+00     -0.110 0.0000e+00
         51 303.852205    0.00347     0.2083     12.500  1000.3526    991.713     0.4720     -0.110    9.04458     4.4131     4.4134     0.3532   16.42957 2.1403e+00     -0.111 0.0000e+00
         52 303.852208    0.00354     0.2125     12.750  1000.3447    971.811     0.4621     -0.110    9.04524     4.4132     4.4131     0.3452   16.43083 2.1338e+00     -0.111 0.0000e+00
         53 303.852211    0.00361     0.2167     13.000  1000.3380    954.886     0.4537     -0.110    9.04576     4.4134     4.4131     0.3385   16.43184 2.4720e+00     -0.111 0.0000e+00
         54 303.852214    0.00368     0.2208     13.250  1000.3327    941.568     0.4471     -0.110    9.04613     4.4134     4.4132     0.3332   16.43257 3.1268e+00     -0.111 0.0000e+00
         55 303.852216    0.00375     0.2250     13.500  1000.3289    932.168     0.4425     -0.109    9.04638     4.4132     4.4134     0.3295   16.43307 3.5939e+00     -0.110 0.0000e+00
         56 303.852219    0.00382     0.2292     13.750  1000.3266    926.353     0.4396     -0.109    9.04655     4.4126     4.4134     0.3272   16.43340 3.6158e+00     -0.110 0.0000e+00
         57 303.852222    0.00389     0.2333     14.000  1000.3255    923.621     0.4382     -0.109    9.04669     4.4117     4.4132     0.3261   16.43365 3.4490e+00     -0.110 0.0000e+00
         58 303.852225    0.00396     0.2375     14.250  1000.3255    923.655     0.4383     -0.109    9.04682     4.4106     4.4126     0.3261   16.43388 3.3218e+00     -0.110 0.0000e+00
         59 303.852228    0.00403     0.2417     14.500  1000.3265    926.094     0.4395     -0.108    9.04696     4.4092     4.4117     0.3271   16.43409 3.2192e+00     -0.109 0.0000e+00
         60 303.852231    0.00410     0.2458     14.750  1000.3282    930.401     0.4416     -0.108    9.04709     4.4070     4.4106     0.3288   16.43428 3.0703e+00     -0.109 0.0000e+00
         61 303.852234    0.00417     0.2500     15.000  1000.3304    935.789     0.4442     -0.108    9.04726     4.4038     4.4092     0.3309   16.43453 2.8717e+00     -0.109 0.0000e+00
         62 303.852237    0.00424     0.2542     15.250  1000.3324    940.804     0.4467     -0.108    9.04761     4.3994     4.4070     0.3329   16.43508 2.6585e+00     -0.109 0.0000e+00
         63 303.852240    0.00431     0.2583     15.500  1000.3335    943.645     0.4481     -0.108    9.04829     4.3939     4.4038     0.3341   16.43619 2.4514e+00     -0.109 0.0000e+00
         64 303.852242    0.00438     0.2625     15.750  1000.3335    943.366     0.4480     -0.108    9.04935     4.3877     4.3994     0.3340   16.43797 2.2691e+00     -0.109 0.0000e+00
         65 303.852245    0.00444     0.2667     16.000  1000.3323    940.306     0.4465     -0.108    9.05074     4.3812     4.3939     0.3328   16.44033 2.1102e+00     -0.109 0.0000e+00
         66 303.852248    0.00451     0.2708     16.250  1000.3303    935.327     0.4440     -0.108    9.05236     4.3746     4.3877     0.3309   16.44308 1.9544e+00     -0.109 0.0000e+00
         67 303.852251    0.00458     0.2750     16.500  1000.3278    929.022     0.4409     -0.109    9.05409     4.3680     4.3812     0.3284   16.44605 1.8888e+00     -0.110 0.0000e+00
         68 303.852254    0.00465     0.2792     16.750  1000.3250    921.815     0.4373     -0.109    9.05587     4.3616     4.3746     0.3256   16.44909 2.1132e+00     -0.110 0.0000e+00
         69 303.852257    0.00472     0.2833     17.000  1000.3221    914.237     0.4335     -0.109    9.05765     4.3555     4.3680     0.3226   16.45214 2.7902e+00     -0.110 0.0000e+00
         70 303.852260    0.00479     0.2875     17.250  1000.3192    906.803     0.4298     -0.109    9.05938     4.3497     4.3616     0.3197   16.45511 3.7826e+00     -0.110 0.0000e+00
         71 303.852263    0.00486     0.2917     17.500  1000.3165    899.997     0.4265     -0.109    9.06103     4.3442     4.3555     0.3171   16.45793 4.6369e+00     -0.110 0.0000e+00
         72 303.852266    0.00493     0.2958     17.750  1000.3143    894.353     0.4237     -0.109    9.06258     4.3391     4.3497     0.3149   16.46057 5.0963e+00     -0.110 0.0000e+00
         73 303.852269    0.00500     0.3000     18.000  1000.3125    889.841     0.4214     -0.108    9.06402     4.3347     4.3442     0.3131   16.46302 5.1619e+00     -0.109 0.0000e+00
         74 303.852271    0.00507     0.3042     18.250  1000.3106    884.978     0.4190     -0.108    9.06537     4.3312     4.3391     0.3112   16.46532 4.9605e+00     -0.109 0.0000e+00
         75 303.852274    0.00514     0.3083     18.500  1000.3081    878.352     0.4158     -0.107    9.06661     4.3287     4.3347     0.3086   16.46747 4.7069e+00     -0.108 0.0000e+00
         76 303.852277    0.00521     0.3125     18.750  1000.3050    870.526     0.4119     -0.105    9.06768     4.3274     4.3312     0.3055   16.46932 4.4868e+00     -0.106 0.0000e+00
         77 303.852280    0.00528     0.3167     19.000  1000.3020    862.865     0.4082     -0.104    9.06849     4.3273     4.3287     0.3026   16.47074 4.3744e+00     -0.105 0.0000e+00
         78 303.852283    0.00535     0.3208     19.250  1000.2997    856.848     0.4052     -0.103    9.06897     4.3281     4.3274     0.3002   16.47161 4.4377e+00     -0.104 0.0000e+00
         79 303.852286    0.00542     0.3250     19.500  1000.2990    854.840     0.4043     -0.104    9.06906     4.3295     4.3273     0.2995   16.47176 4.6157e+00     -0.105 0.0000e+00
         80 303.852289    0.00549     0.3292     19.750  1000.3011    859.919     0.4070     -0.105    9.06870     4.3311     4.3281     0.3016   16.47111 4.7940e+00     -0.106 0.0000e+00
         81 303.852292    0.00556     0.3333     20.000  1000.3073    875.383     0.4148     -0.106    9.06789     4.3328     4.3295     0.3078   16.46964 4.9327e+00     -0.107 0.0000e+00
         82 303.852295    0.00562     0.3375     20.250  1000.3195    905.590     0.4300     -0.107    9.06660     4.3346     4.3311     0.3200   16.46721 5.1881e+00     -0.108 0.0000e+00
         83 303.852297    0.00569     0.3417     20.500  1000.3408    958.214     0.4565     -0.108    9.06459     4.3365     4.3328     0.3413   16.46340 5.6395e+00     -0.109 0.0000e+00
         84 303.852300    0.00576     0.3458     20.750  1000.3767   1047.167     0.5013     -0.109    9.06143     4.3381     4.3346     0.3772   16.45736 6.0272e+00     -0.110 0.0000e+00
         85 303.852303    0.00583     0.3500     21.000  1000.4357   1193.189     0.5748     -0.109    9.05653     4.3393     4.3365     0.4362   16.44792 6.0862e+00     -0.110 0.0000e+00
