CTD-processing/allCTD/CNV--homogene/2012_06-25_subbays_sadiec_cast125.cnv
* Sea-Bird SBE19plus Data File:
* FileName = C:\Documents and Settings\glenn.seaman\My Documents\KHolderied-files\CTD-DATA-FILES\2012-CTD-KachemakBay\2012-06-25-CTD-KachemakBay-subbays\2012-06-25-KBay-subbays-cast125.hex
* Software Version 1.59
* Temperature SN =  5028
* Conductivity SN =  5028
* System UpLoad Time = Jun 27 2012 00:38:21
** KachemakBay-Subbay-Survey
** Date: 2012-06-25
** Station: Sadie Cove C - near head at approx. 100 ft depth
** Start time (AKDT-24hr): 1851
** Depth (ft): 94
** Lat: 59d 28.228m N
** Long: 151d 21.037m W
** Flat water - sheltered.
# nquan = 17
# nvalues = 407                         
# units = specified
# name 0 = scan: Scan Count
# name 1 = timeJ: Julian Days
# name 2 = timeH: Time, Elapsed [hours]
# name 3 = timeM: Time, Elapsed [minutes]
# name 4 = timeS: Time, Elapsed [seconds]
# name 5 = density00: Density [density, kg/m^3]
# name 6 = specc: Specific Conductance [uS/cm]
# name 7 = sal00: Salinity, Practical [PSU]
# name 8 = depSM: Depth [salt water, m], lat = 59.00
# name 9 = oxsolML/L: Oxygen Saturation, Garcia & Gordon [ml/l]
# name 10 = potemp090C: Potential Temperature [ITS-90, deg C]
# name 11 = tv290C: Temperature [ITS-90, deg C]
# name 12 = sigma-é00: Density [sigma-theta, kg/m^3]
# name 13 = n2satML/L: Nitrogen Saturation [ml/l]
# name 14 = par: PAR/Irradiance, Biospherical/Licor [umol photons/m^2/sec]
# name 15 = prdM: Pressure, Strain Gauge [db]
# name 16 = flag:  0.000e+00
# span 0 =          1,        407       
# span 1 = 177.786088, 177.787263       
# span 2 =    0.00000,    0.02819       
# span 3 =     0.0000,     1.6917       
# span 4 =      0.000,    101.500       
# span 5 =  1000.2161,  1024.7829       
# span 6 =   1046.835,  50158.405       
# span 7 =     0.5091,    31.4568       
# span 8 =     -0.178,     25.709       
# span 9 =    6.56788,    8.14665       
# span 10 =     6.7327,    10.1701      
# span 11 =     6.7349,    10.1703      
# span 12 =     0.2170,    24.6633      
# span 13 =   11.89367,   14.91861      
# span 14 = 4.1448e-01, 1.7168e+02      
# span 15 =     -0.180,     25.953      
# span 16 = 0.0000e+00, 0.0000e+00      
# interval = seconds: 0.25
# start_time = Jun 25 2012 18:51:58 [Instrument's time stamp, header]
# bad_flag = -9.990e-29
*END*
[from data line 256]
        257 177.786829    0.01778     1.0667     64.000  1017.4874  36961.076    22.7967      0.525    6.87328     9.6926     9.7063    17.4849   12.47350 9.0804e+01      0.530 0.0000e+00
        258 177.786832    0.01785     1.0708     64.250  1017.4901  36965.299    22.7990      0.524    6.87426     9.6867     9.6992    17.4877   12.47511 9.0738e+01      0.529 0.0000e+00
        259 177.786834    0.01792     1.0750     64.500  1017.4936  36971.050    22.8023      0.524    6.87514     9.6817     9.6926    17.4912   12.47653 9.0508e+01      0.529 0.0000e+00
        260 177.786837    0.01799     1.0792     64.750  1017.4972  36977.102    22.8058      0.525    6.87589     9.6774     9.6867    17.4948   12.47773 9.0284e+01      0.530 0.0000e+00
        261 177.786840    0.01806     1.0833     65.000  1017.5004  36982.457    22.8090      0.527    6.87652     9.6735     9.6817    17.4980   12.47875 9.0077e+01      0.532 0.0000e+00
        262 177.786843    0.01812     1.0875     65.250  1017.5026  36985.952    22.8110      0.529    6.87709     9.6693     9.6774    17.5001   12.47967 8.9861e+01      0.534 0.0000e+00
        263 177.786846    0.01819     1.0917     65.500  1017.5035  36987.277    22.8116      0.530    6.87767     9.6642     9.6736    17.5011   12.48062 8.9857e+01      0.535 0.0000e+00
        264 177.786849    0.01826     1.0958     65.750  1017.5041  36987.849    22.8116      0.531    6.87832     9.6580     9.6694    17.5017   12.48169 8.9851e+01      0.536 0.0000e+00
        265 177.786852    0.01833     1.1000     66.000  1017.5054  36989.598    22.8123      0.530    6.87907     9.6510     9.6643    17.5030   12.48294 8.9777e+01      0.535 0.0000e+00
        266 177.786855    0.01840     1.1042     66.250  1017.5079  36993.494    22.8144      0.530    6.87995     9.6441     9.6580    17.5055   12.48437 8.9850e+01      0.535 0.0000e+00
        267 177.786858    0.01847     1.1083     66.500  1017.5115  36999.495    22.8178      0.531    6.88088     9.6384     9.6511    17.5091   12.48587 8.9803e+01      0.536 0.0000e+00
        268 177.786861    0.01854     1.1125     66.750  1017.5159  37006.893    22.8222      0.533    6.88174     9.6346     9.6442    17.5135   12.48726 8.9568e+01      0.538 0.0000e+00
        269 177.786863    0.01861     1.1167     67.000  1017.5203  37014.450    22.8268      0.536    6.88242     9.6327     9.6385    17.5179   12.48834 8.9355e+01      0.541 0.0000e+00
        270 177.786866    0.01868     1.1208     67.250  1017.5240  37020.930    22.8308      0.539    6.88284     9.6324     9.6346    17.5216   12.48898 8.9197e+01      0.544 0.0000e+00
        271 177.786869    0.01875     1.1250     67.500  1017.5264  37025.143    22.8335      0.542    6.88300     9.6326     9.6328    17.5239   12.48922 8.9108e+01      0.547 0.0000e+00
        272 177.786872    0.01882     1.1292     67.750  1017.5267  37025.587    22.8338      0.545    6.88305     9.6326     9.6324    17.5242   12.48929 8.9243e+01      0.550 0.0000e+00
        273 177.786875    0.01889     1.1333     68.000  1017.5249  37022.255    22.8315      0.547    6.88311     9.6319     9.6326    17.5224   12.48943 8.9305e+01      0.552 0.0000e+00
        274 177.786878    0.01896     1.1375     68.250  1017.5227  37017.957    22.8286      0.547    6.88324     9.6308     9.6326    17.5201   12.48968 8.9309e+01      0.552 0.0000e+00
        275 177.786881    0.01903     1.1417     68.500  1017.5216  37015.823    22.8271      0.546    6.88341     9.6296     9.6320    17.5190   12.48997 8.9458e+01      0.551 0.0000e+00
        276 177.786884    0.01910     1.1458     68.750  1017.5224  37017.166    22.8279      0.545    6.88355     9.6289     9.6308    17.5198   12.49020 8.9410e+01      0.550 0.0000e+00
        277 177.786887    0.01917     1.1500     69.000  1017.5252  37022.227    22.8312      0.546    6.88359     9.6292     9.6296    17.5226   12.49023 8.9171e+01      0.551 0.0000e+00
        278 177.786889    0.01924     1.1542     69.250  1017.5300  37031.308    22.8373      0.548    6.88344     9.6309     9.6289    17.5274   12.48989 8.8933e+01      0.553 0.0000e+00
        279 177.786892    0.01931     1.1583     69.500  1017.5364  37043.524    22.8456      0.553    6.88302     9.6338     9.6292    17.5338   12.48910 8.8664e+01      0.558 0.0000e+00
        280 177.786895    0.01938     1.1625     69.750  1017.5420  37054.332    22.8531      0.559    6.88243     9.6372     9.6309    17.5394   12.48802 8.8453e+01      0.564 0.0000e+00
        281 177.786898    0.01944     1.1667     70.000  1017.5433  37057.011    22.8552      0.565    6.88188     9.6399     9.6338    17.5406   12.48708 8.8445e+01      0.570 0.0000e+00
        282 177.786901    0.01951     1.1708     70.250  1017.5383  37047.947    22.8494      0.568    6.88161     9.6411     9.6372    17.5356   12.48670 8.8454e+01      0.574 0.0000e+00
        283 177.786904    0.01958     1.1750     70.500  1017.5288  37030.419    22.8377      0.568    6.88171     9.6407     9.6399    17.5262   12.48701 8.8752e+01      0.574 0.0000e+00
        284 177.786907    0.01965     1.1792     70.750  1017.5189  37011.668    22.8251      0.565    6.88208     9.6384     9.6412    17.5162   12.48778 8.9341e+01      0.571 0.0000e+00
        285 177.786910    0.01972     1.1833     71.000  1017.5112  36997.177    22.8153      0.560    6.88258     9.6341     9.6407    17.5086   12.48874 8.9922e+01      0.566 0.0000e+00
        286 177.786913    0.01979     1.1875     71.250  1017.5077  36990.291    22.8104      0.555    6.88315     9.6286     9.6385    17.5051   12.48975 9.0472e+01      0.560 0.0000e+00
        287 177.786916    0.01986     1.1917     71.500  1017.5091  36992.475    22.8115      0.551    6.88375     9.6233     9.6342    17.5066   12.49074 9.0635e+01      0.556 0.0000e+00
        288 177.786918    0.01993     1.1958     71.750  1017.5146  37002.094    22.8176      0.549    6.88434     9.6193     9.6287    17.5120   12.49164 9.0477e+01      0.554 0.0000e+00
        289 177.786921    0.02000     1.2000     72.000  1017.5221  37015.654    22.8263      0.549    6.88478     9.6172     9.6234    17.5196   12.49227 9.0173e+01      0.555 0.0000e+00
        290 177.786924    0.02007     1.2042     72.250  1017.5294  37028.912    22.8349      0.552    6.88501     9.6163     9.6194    17.5268   12.49254 8.9912e+01      0.557 0.0000e+00
        291 177.786927    0.02014     1.2083     72.500  1017.5340  37037.380    22.8404      0.555    6.88510     9.6157     9.6173    17.5314   12.49263 8.9710e+01      0.560 0.0000e+00
        292 177.786930    0.02021     1.2125     72.750  1017.5344  37037.952    22.8407      0.558    6.88523     9.6146     9.6164    17.5318   12.49283 8.9387e+01      0.563 0.0000e+00
        293 177.786933    0.02028     1.2167     73.000  1017.5305  37030.429    22.8356      0.559    6.88555     9.6121     9.6158    17.5279   12.49342 8.9245e+01      0.564 0.0000e+00
        294 177.786936    0.02035     1.2208     73.250  1017.5242  37018.407    22.8273      0.558    6.88609     9.6083     9.6146    17.5216   12.49444 8.9207e+01      0.563 0.0000e+00
        295 177.786939    0.02042     1.2250     73.500  1017.5190  37008.191    22.8202      0.555    6.88679     9.6035     9.6121    17.5164   12.49569 8.9332e+01      0.560 0.0000e+00
        296 177.786942    0.02049     1.2292     73.750  1017.5174  37004.788    22.8176      0.551    6.88750     9.5985     9.6083    17.5149   12.49690 8.9880e+01      0.556 0.0000e+00
        297 177.786944    0.02056     1.2333     74.000  1017.5200  37008.995    22.8200      0.548    6.88813     9.5942     9.6035    17.5175   12.49793 9.0351e+01      0.553 0.0000e+00
        298 177.786947    0.02063     1.2375     74.250  1017.5256  37018.992    22.8263      0.546    6.88863     9.5911     9.5985    17.5231   12.49867 9.0597e+01      0.551 0.0000e+00
        299 177.786950    0.02069     1.2417     74.500  1017.5330  37032.459    22.8350      0.547    6.88892     9.5896     9.5942    17.5305   12.49904 9.0681e+01      0.552 0.0000e+00
        300 177.786953    0.02076     1.2458     74.750  1017.5406  37046.367    22.8442      0.549    6.88899     9.5892     9.5911    17.5380   12.49904 9.0440e+01      0.554 0.0000e+00
        301 177.786956    0.02083     1.2500     75.000  1017.5466  37057.621    22.8516      0.552    6.88890     9.5894     9.5896    17.5440   12.49880 9.0087e+01      0.557 0.0000e+00
        302 177.786959    0.02090     1.2542     75.250  1017.5506  37065.242    22.8568      0.555    6.88873     9.5900     9.5892    17.5481   12.49846 8.9927e+01      0.560 0.0000e+00
        303 177.786962    0.02097     1.2583     75.500  1017.5534  37070.390    22.8603      0.556    6.88854     9.5909     9.5894    17.5508   12.49809 8.9980e+01      0.561 0.0000e+00
        304 177.786965    0.02104     1.2625     75.750  1017.5560  37075.359    22.8637      0.556    6.88829     9.5920     9.5901    17.5534   12.49764 9.0173e+01      0.561 0.0000e+00
        305 177.786968    0.02111     1.2667     76.000  1017.5608  37084.585    22.8701      0.554    6.88789     9.5939     9.5909    17.5583   12.49688 9.0407e+01      0.559 0.0000e+00
        306 177.786970    0.02118     1.2708     76.250  1017.5710  37103.828    22.8833      0.552    6.88713     9.5970     9.5921    17.5684   12.49546 9.0640e+01      0.557 0.0000e+00
        307 177.786973    0.02125     1.2750     76.500  1017.5899  37139.735    22.9080      0.549    6.88577     9.6024     9.5939    17.5873   12.49288 9.0692e+01      0.554 0.0000e+00
        308 177.786976    0.02132     1.2792     76.750  1017.6234  37203.412    22.9517      0.547    6.88338     9.6114     9.5971    17.6209   12.48835 9.0584e+01      0.552 0.0000e+00
        309 177.786979    0.02139     1.2833     77.000  1017.6806  37311.939    23.0261      0.546    6.87930     9.6262     9.6024    17.6781   12.48062 9.0560e+01      0.551 0.0000e+00
        310 177.786982    0.02146     1.2875     77.250  1017.7740  37489.255    23.1478      0.547    6.87260     9.6500     9.6114    17.7715   12.46794 9.0369e+01      0.552 0.0000e+00
        311 177.786985    0.02153     1.2917     77.500  1017.9243  37774.443    23.3435      0.548    6.86178     9.6879     9.6262    17.9218   12.44747 9.0260e+01      0.554 0.0000e+00
        312 177.786988    0.02160     1.2958     77.750  1018.1681  38237.043    23.6611      0.550    6.84426     9.7439     9.6500    18.1656   12.41431 9.0466e+01      0.555 0.0000e+00
        313 177.786991    0.02167     1.3000     78.000  1018.5297  38923.051    24.1325      0.550    6.81788     9.8128     9.6879    18.5271   12.36449 9.0478e+01      0.556 0.0000e+00
        314 177.786994    0.02174     1.3042     78.250  1018.9279  39679.854    24.6543      0.550    6.78660     9.8802     9.7439    18.9253   12.30587 9.0490e+01      0.555 0.0000e+00
        315 177.786997    0.02181     1.3083     78.500  1019.2263  40250.503    25.0506      0.549    6.75891     9.9353     9.8128    19.2238   12.25482 9.0748e+01      0.554 0.0000e+00
        316 177.786999    0.02187     1.3125     78.750  1019.3966  40579.818    25.2821      0.547    6.73866     9.9757     9.8802    19.3940   12.21824 9.0900e+01      0.553 0.0000e+00
        317 177.787002    0.02194     1.3167     79.000  1019.4884  40760.233    25.4106      0.546    6.72478    10.0032     9.9354    19.4859   12.19353 9.0980e+01      0.551 0.0000e+00
        318 177.787005    0.02201     1.3208     79.250  1019.5374  40857.996    25.4812      0.546    6.71564    10.0211     9.9757    19.5349   12.17745 9.1110e+01      0.551 0.0000e+00
        319 177.787008    0.02208     1.3250     79.500  1019.5658  40915.190    25.5229      0.546    6.70970    10.0333    10.0033    19.5633   12.16704 9.1099e+01      0.551 0.0000e+00
        320 177.787011    0.02215     1.3292     79.750  1019.5932  40969.064    25.5615      0.547    6.70534    10.0428    10.0212    19.5907   12.15930 9.1131e+01      0.552 0.0000e+00
        321 177.787014    0.02222     1.3333     80.000  1019.6224  41025.519    25.6014      0.548    6.70179    10.0501    10.0334    19.6199   12.15291 9.1421e+01      0.553 0.0000e+00
        322 177.787017    0.02229     1.3375     80.250  1019.6413  41062.198    25.6275      0.548    6.69926    10.0548    10.0428    19.6388   12.14837 9.1543e+01      0.553 0.0000e+00
        323 177.787020    0.02236     1.3417     80.500  1019.6451  41070.352    25.6338      0.547    6.69789    10.0568    10.0501    19.6426   12.14602 9.1711e+01      0.552 0.0000e+00
        324 177.787023    0.02243     1.3458     80.750  1019.6418  41064.838    25.6304      0.544    6.69734    10.0570    10.0548    19.6393   12.14514 9.2322e+01      0.549 0.0000e+00
        325 177.787025    0.02250     1.3500     81.000  1019.6385  41058.994    25.6266      0.540    6.69720    10.0563    10.0568    19.6360   12.14496 9.2797e+01      0.545 0.0000e+00
        326 177.787028    0.02257     1.3542     81.250  1019.6328  41048.492    25.6194      0.537    6.69747    10.0551    10.0570    19.6303   12.14550 9.2976e+01      0.542 0.0000e+00
        327 177.787031    0.02264     1.3583     81.500  1019.6194  41023.276    25.6020      0.534    6.69832    10.0531    10.0564    19.6169   12.14712 9.3029e+01      0.539 0.0000e+00
        328 177.787034    0.02271     1.3625     81.750  1019.5961  40979.620    25.5718      0.533    6.69980    10.0506    10.0551    19.5936   12.14995 9.2826e+01      0.538 0.0000e+00
        329 177.787037    0.02278     1.3667     82.000  1019.5685  40927.711    25.5360      0.534    6.70163    10.0483    10.0532    19.5660   12.15344 9.2567e+01      0.539 0.0000e+00
        330 177.787040    0.02285     1.3708     82.250  1019.5403  40874.520    25.4993      0.538    6.70357    10.0464    10.0507    19.5378   12.15713 9.2376e+01      0.543 0.0000e+00
        331 177.787043    0.02292     1.3750     82.500  1019.5064  40810.713    25.4552      0.544    6.70581    10.0447    10.0484    19.5039   12.16140 9.1971e+01      0.549 0.0000e+00
        332 177.787046    0.02299     1.3792     82.750  1019.4693  40740.876    25.4071      0.553    6.70816    10.0436    10.0464    19.4667   12.16592 9.1101e+01      0.558 0.0000e+00
        333 177.787049    0.02306     1.3833     83.000  1019.4469  40698.471    25.3779      0.567    6.70968    10.0444    10.0447    19.4443   12.16881 8.9849e+01      0.572 0.0000e+00
        334 177.787052    0.02313     1.3875     83.250  1019.4625  40727.097    25.3976      0.588    6.70901    10.0488    10.0436    19.4598   12.16745 8.7977e+01      0.594 0.0000e+00
        335 177.787054    0.02319     1.3917     83.500  1019.5370  40865.921    25.4933      0.622    6.70480    10.0581    10.0444    19.5341   12.15927 8.5184e+01      0.628 0.0000e+00
        336 177.787057    0.02326     1.3958     83.750  1019.6704  41115.270    25.6654      0.672    6.69679    10.0723    10.0488    19.6674   12.14382 8.1354e+01      0.678 0.0000e+00
        337 177.787060    0.02333     1.4000     84.000  1019.8418  41435.723    25.8870      0.747    6.68594    10.0907    10.0581    19.8384   12.12304 7.6094e+01      0.754 0.0000e+00
        338 177.787063    0.02340     1.4042     84.250  1020.0372  41800.848    26.1402      0.857    6.67302    10.1108    10.0724    20.0332   12.09844 6.9442e+01      0.865 0.0000e+00
        339 177.787066    0.02347     1.4083     84.500  1020.2415  42182.632    26.4055      1.011    6.65900    10.1289    10.0908    20.2369   12.07187 6.1861e+01      1.021 0.0000e+00
        340 177.787069    0.02354     1.4125     84.750  1020.4429  42558.251    26.6670      1.211    6.64492    10.1432    10.1110    20.4374   12.04524 5.4034e+01      1.223 0.0000e+00
