CTD-processing/allCTD/CNV--homogene/2012_07-02_t9_s06_cast169.cnv
* Sea-Bird SBE19plus Data File:
* FileName = C:\Documents and Settings\kris.holderied.local\My Documents\CTD-data-upload-2012-07-28\CTD5028-upload-2012-07-28-cast169.hex
* Software Version 1.54
* Temperature SN =  5028
* Conductivity SN =  5028
* System UpLoad Time = Jul 28 2012 12:14:58
** Kachemak Bay - CTD data - upload all 2012-07-28
** Date:  2012-07-02  xxxx Tide (x of 2 lines)
** Station: 9.06
** Start time (AKDT-24 hr):1453
** Depth (ft):337
** Comments: None
# nquan = 17
# nvalues = 598                         
# units = specified
# name 0 = scan: Scan Count
# name 1 = timeJ: Julian Days
# name 2 = timeH: Time, Elapsed [hours]
# name 3 = timeM: Time, Elapsed [minutes]
# name 4 = timeS: Time, Elapsed [seconds]
# name 5 = density00: Density [density, kg/m^3]
# name 6 = specc: Specific Conductance [uS/cm]
# name 7 = sal00: Salinity, Practical [PSU]
# name 8 = depSM: Depth [salt water, m], lat = 59.00
# name 9 = oxsolML/L: Oxygen Saturation, Garcia & Gordon [ml/l]
# name 10 = potemp090C: Potential Temperature [ITS-90, deg C]
# name 11 = tv290C: Temperature [ITS-90, deg C]
# name 12 = sigma-é00: Density [sigma-theta, kg/m^3]
# name 13 = n2satML/L: Nitrogen Saturation [ml/l]
# name 14 = par: PAR/Irradiance, Biospherical/Licor [umol photons/m^2/sec]
# name 15 = prdM: Pressure, Strain Gauge [db]
# name 16 = flag:  0.000e+00
# span 0 =          1,        598       
# span 1 = 184.621331, 184.623058       
# span 2 =    0.00000,    0.04146       
# span 3 =     0.0000,     2.4875       
# span 4 =      0.000,    149.250       
# span 5 =  1000.5199,  1025.3455       
# span 6 =   1957.039,  50715.077       
# span 7 =     0.9921,    31.6124       
# span 8 =     -0.080,     93.212       
# span 9 =    6.42624,    7.93231       
# span 10 =     5.6871,    11.0839      
# span 11 =     5.6943,    11.0840      
# span 12 =     0.5203,    24.9131      
# span 13 =   11.65866,   14.54970      
# span 14 = 4.8222e-02, 6.4414e+02      
# span 15 =     -0.081,     94.113      
# span 16 = 0.0000e+00, 0.0000e+00      
# interval = seconds: 0.25
# start_time = Jul 02 2012 14:54:43 [Instrument's time stamp, header]
# bad_flag = -9.990e-29
*END*
[from data line 426]
        427 184.622564    0.02958     1.7750    106.500  1025.1016  50489.615    31.5647     60.570    7.04008     6.1593     6.1692    24.8192   12.63866 5.3121e-02     61.151 0.0000e+00
        428 184.622567    0.02965     1.7792    106.750  1025.1060  50494.980    31.5677     60.945    7.04041     6.1576     6.1663    24.8219   12.63918 5.2953e-02     61.529 0.0000e+00
        429 184.622569    0.02972     1.7833    107.000  1025.1092  50497.924    31.5691     61.319    7.04067     6.1555     6.1643    24.8233   12.63958 5.2810e-02     61.907 0.0000e+00
        430 184.622572    0.02979     1.7875    107.250  1025.1113  50498.998    31.5694     61.693    7.04093     6.1524     6.1626    24.8237   12.64001 5.2689e-02     62.285 0.0000e+00
        431 184.622575    0.02986     1.7917    107.500  1025.1125  50498.277    31.5683     62.067    7.04131     6.1470     6.1606    24.8231   12.64065 5.2571e-02     62.662 0.0000e+00
        432 184.622578    0.02993     1.7958    107.750  1025.1121  50494.751    31.5651     62.441    7.04197     6.1380     6.1575    24.8210   12.64179 5.2453e-02     63.040 0.0000e+00
        433 184.622581    0.03000     1.8000    108.000  1025.1101  50488.438    31.5595     62.816    7.04312     6.1254     6.1521    24.8172   12.64376 5.2335e-02     63.418 0.0000e+00
        434 184.622584    0.03007     1.8042    108.250  1025.1088  50483.694    31.5543     63.190    7.04485     6.1107     6.1431    24.8142   12.64667 5.2212e-02     63.796 0.0000e+00
        435 184.622587    0.03014     1.8083    108.500  1025.1106  50484.671    31.5524     63.565    7.04701     6.0954     6.1306    24.8142   12.65028 5.2088e-02     64.175 0.0000e+00
        436 184.622590    0.03021     1.8125    108.750  1025.1145  50489.726    31.5529     63.940    7.04941     6.0804     6.1159    24.8164   12.65424 5.1971e-02     64.553 0.0000e+00
        437 184.622593    0.03028     1.8167    109.000  1025.1195  50496.775    31.5546     64.314    7.05186     6.0666     6.1006    24.8196   12.65826 5.1866e-02     64.931 0.0000e+00
        438 184.622595    0.03035     1.8208    109.250  1025.1257  50505.917    31.5579     64.689    7.05419     6.0545     6.0857    24.8240   12.66206 5.1773e-02     65.309 0.0000e+00
        439 184.622598    0.03042     1.8250    109.500  1025.1324  50516.130    31.5621     65.063    7.05628     6.0443     6.0719    24.8290   12.66547 5.1687e-02     65.688 0.0000e+00
        440 184.622601    0.03049     1.8292    109.750  1025.1388  50525.505    31.5660     65.438    7.05809     6.0353     6.0598    24.8335   12.66840 5.1597e-02     66.066 0.0000e+00
        441 184.622604    0.03056     1.8333    110.000  1025.1438  50532.319    31.5686     65.812    7.05966     6.0265     6.0497    24.8368   12.67096 5.1501e-02     66.443 0.0000e+00
        442 184.622607    0.03062     1.8375    110.250  1025.1470  50535.709    31.5690     66.185    7.06112     6.0167     6.0407    24.8382   12.67337 5.1401e-02     66.820 0.0000e+00
        443 184.622610    0.03069     1.8417    110.500  1025.1485  50536.050    31.5674     66.558    7.06266     6.0047     6.0319    24.8380   12.67593 5.1304e-02     67.196 0.0000e+00
        444 184.622613    0.03076     1.8458    110.750  1025.1487  50534.137    31.5639     66.930    7.06445     5.9897     6.0221    24.8364   12.67894 5.1213e-02     67.572 0.0000e+00
        445 184.622616    0.03083     1.8500    111.000  1025.1480  50530.708    31.5590     67.302    7.06666     5.9710     6.0101    24.8340   12.68266 5.1135e-02     67.948 0.0000e+00
        446 184.622619    0.03090     1.8542    111.250  1025.1473  50527.449    31.5537     67.674    7.06941     5.9490     5.9951    24.8316   12.68727 5.1075e-02     68.323 0.0000e+00
        447 184.622622    0.03097     1.8583    111.500  1025.1479  50526.762    31.5493     68.046    7.07272     5.9250     5.9764    24.8304   12.69279 5.1026e-02     68.700 0.0000e+00
        448 184.622624    0.03104     1.8625    111.750  1025.1515  50531.788    31.5483     68.420    7.07644     5.9019     5.9544    24.8322   12.69894 5.0979e-02     69.077 0.0000e+00
        449 184.622627    0.03111     1.8667    112.000  1025.1595  50544.886    31.5525     68.796    7.08022     5.8818     5.9305    24.8383   12.70514 5.0931e-02     69.457 0.0000e+00
        450 184.622630    0.03118     1.8708    112.250  1025.1702  50563.072    31.5603     69.172    7.08370     5.8655     5.9074    24.8472   12.71079 5.0874e-02     69.838 0.0000e+00
        451 184.622633    0.03125     1.8750    112.500  1025.1809  50581.007    31.5686     69.550    7.08666     5.8525     5.8873    24.8561   12.71558 5.0809e-02     70.219 0.0000e+00
        452 184.622636    0.03132     1.8792    112.750  1025.1901  50595.987    31.5755     69.928    7.08906     5.8421     5.8710    24.8635   12.71945 5.0751e-02     70.600 0.0000e+00
        453 184.622639    0.03139     1.8833    113.000  1025.1976  50607.777    31.5809     70.307    7.09097     5.8341     5.8580    24.8693   12.72255 5.0704e-02     70.982 0.0000e+00
        454 184.622642    0.03146     1.8875    113.250  1025.2041  50617.414    31.5854     70.685    7.09248     5.8279     5.8477    24.8741   12.72499 5.0661e-02     71.364 0.0000e+00
        455 184.622645    0.03153     1.8917    113.500  1025.2097  50625.289    31.5890     71.062    7.09366     5.8231     5.8397    24.8779   12.72688 5.0608e-02     71.745 0.0000e+00
        456 184.622648    0.03160     1.8958    113.750  1025.2143  50631.193    31.5917     71.439    7.09456     5.8193     5.8335    24.8808   12.72834 5.0551e-02     72.126 0.0000e+00
        457 184.622650    0.03167     1.9000    114.000  1025.2181  50635.489    31.5935     71.815    7.09527     5.8163     5.8288    24.8828   12.72949 5.0499e-02     72.505 0.0000e+00
        458 184.622653    0.03174     1.9042    114.250  1025.2214  50638.796    31.5949     72.190    7.09583     5.8139     5.8250    24.8843   12.73040 5.0446e-02     72.885 0.0000e+00
        459 184.622656    0.03181     1.9083    114.500  1025.2244  50641.568    31.5960     72.566    7.09628     5.8120     5.8220    24.8855   12.73113 5.0388e-02     73.264 0.0000e+00
        460 184.622659    0.03188     1.9125    114.750  1025.2272  50643.860    31.5969     72.943    7.09664     5.8105     5.8196    24.8866   12.73171 5.0332e-02     73.644 0.0000e+00
        461 184.622662    0.03194     1.9167    115.000  1025.2297  50645.596    31.5976     73.319    7.09692     5.8093     5.8177    24.8873   12.73217 5.0286e-02     74.024 0.0000e+00
        462 184.622665    0.03201     1.9208    115.250  1025.2320  50646.925    31.5980     73.696    7.09714     5.8083     5.8163    24.8878   12.73253 5.0248e-02     74.405 0.0000e+00
        463 184.622668    0.03208     1.9250    115.500  1025.2341  50647.972    31.5983     74.073    7.09732     5.8075     5.8151    24.8882   12.73282 5.0208e-02     74.785 0.0000e+00
        464 184.622671    0.03215     1.9292    115.750  1025.2361  50648.719    31.5985     74.449    7.09747     5.8066     5.8142    24.8884   12.73306 5.0168e-02     75.166 0.0000e+00
        465 184.622674    0.03222     1.9333    116.000  1025.2379  50649.150    31.5984     74.826    7.09761     5.8057     5.8134    24.8885   12.73329 5.0135e-02     75.546 0.0000e+00
        466 184.622677    0.03229     1.9375    116.250  1025.2397  50649.450    31.5983     75.202    7.09775     5.8047     5.8126    24.8885   12.73353 5.0098e-02     75.925 0.0000e+00
        467 184.622679    0.03236     1.9417    116.500  1025.2415  50649.915    31.5982     75.577    7.09791     5.8038     5.8117    24.8885   12.73378 5.0062e-02     76.304 0.0000e+00
        468 184.622682    0.03243     1.9458    116.750  1025.2434  50650.569    31.5983     75.952    7.09806     5.8028     5.8107    24.8887   12.73403 5.0034e-02     76.683 0.0000e+00
        469 184.622685    0.03250     1.9500    117.000  1025.2453  50651.177    31.5984     76.327    7.09821     5.8018     5.8098    24.8889   12.73428 5.0002e-02     77.061 0.0000e+00
        470 184.622688    0.03257     1.9542    117.250  1025.2472  50651.625    31.5983     76.701    7.09836     5.8007     5.8089    24.8889   12.73453 4.9969e-02     77.438 0.0000e+00
        471 184.622691    0.03264     1.9583    117.500  1025.2489  50651.943    31.5982     77.074    7.09853     5.7994     5.8080    24.8889   12.73481 4.9951e-02     77.816 0.0000e+00
        472 184.622694    0.03271     1.9625    117.750  1025.2505  50652.050    31.5979     77.448    7.09872     5.7977     5.8069    24.8888   12.73513 4.9947e-02     78.194 0.0000e+00
        473 184.622697    0.03278     1.9667    118.000  1025.2521  50652.005    31.5974     77.821    7.09897     5.7955     5.8056    24.8886   12.73554 4.9948e-02     78.570 0.0000e+00
        474 184.622700    0.03285     1.9708    118.250  1025.2537  50652.181    31.5970     78.193    7.09927     5.7930     5.8039    24.8885   12.73605 4.9939e-02     78.946 0.0000e+00
        475 184.622703    0.03292     1.9750    118.500  1025.2555  50652.762    31.5968     78.565    7.09963     5.7902     5.8017    24.8886   12.73665 4.9922e-02     79.322 0.0000e+00
        476 184.622705    0.03299     1.9792    118.750  1025.2575  50653.563    31.5967     78.937    7.10005     5.7870     5.7992    24.8888   12.73735 4.9903e-02     79.698 0.0000e+00
        477 184.622708    0.03306     1.9833    119.000  1025.2595  50654.584    31.5966     79.310    7.10053     5.7836     5.7964    24.8891   12.73814 4.9889e-02     80.074 0.0000e+00
        478 184.622711    0.03313     1.9875    119.250  1025.2617  50655.960    31.5968     79.682    7.10105     5.7800     5.7933    24.8896   12.73900 4.9874e-02     80.450 0.0000e+00
        479 184.622714    0.03319     1.9917    119.500  1025.2640  50657.490    31.5970     80.055    7.10161     5.7761     5.7899    24.8901   12.73992 4.9851e-02     80.827 0.0000e+00
        480 184.622717    0.03326     1.9958    119.750  1025.2661  50658.637    31.5969     80.428    7.10221     5.7716     5.7863    24.8905   12.74091 4.9820e-02     81.203 0.0000e+00
        481 184.622720    0.03333     2.0000    120.000  1025.2678  50659.032    31.5962     80.802    7.10289     5.7664     5.7825    24.8904   12.74204 4.9785e-02     81.580 0.0000e+00
        482 184.622723    0.03340     2.0042    120.250  1025.2695  50659.675    31.5956     81.175    7.10367     5.7610     5.7780    24.8904   12.74333 4.9757e-02     81.957 0.0000e+00
        483 184.622726    0.03347     2.0083    120.500  1025.2722  50662.057    31.5960     81.548    7.10451     5.7559     5.7729    24.8913   12.74472 4.9735e-02     82.334 0.0000e+00
        484 184.622729    0.03354     2.0125    120.750  1025.2757  50665.920    31.5974     81.921    7.10536     5.7514     5.7674    24.8931   12.74610 4.9710e-02     82.710 0.0000e+00
        485 184.622731    0.03361     2.0167    121.000  1025.2794  50670.150    31.5991     82.292    7.10614     5.7477     5.7623    24.8950   12.74736 4.9680e-02     83.086 0.0000e+00
        486 184.622734    0.03368     2.0208    121.250  1025.2831  50674.320    31.6009     82.664    7.10680     5.7448     5.7579    24.8970   12.74844 4.9657e-02     83.460 0.0000e+00
        487 184.622737    0.03375     2.0250    121.500  1025.2867  50678.185    31.6026     83.034    7.10733     5.7426     5.7542    24.8988   12.74930 4.9640e-02     83.834 0.0000e+00
        488 184.622740    0.03382     2.0292    121.750  1025.2898  50681.228    31.6040     83.404    7.10775     5.7409     5.7513    24.9002   12.74997 4.9621e-02     84.208 0.0000e+00
        489 184.622743    0.03389     2.0333    122.000  1025.2924  50683.179    31.6047     83.772    7.10808     5.7393     5.7492    24.9011   12.75050 4.9597e-02     84.580 0.0000e+00
        490 184.622746    0.03396     2.0375    122.250  1025.2945  50684.304    31.6049     84.139    7.10836     5.7376     5.7474    24.9015   12.75095 4.9567e-02     84.950 0.0000e+00
        491 184.622749    0.03403     2.0417    122.500  1025.2963  50684.854    31.6048     84.504    7.10862     5.7358     5.7459    24.9016   12.75140 4.9543e-02     85.319 0.0000e+00
        492 184.622752    0.03410     2.0458    122.750  1025.2979  50684.911    31.6044     84.869    7.10891     5.7337     5.7443    24.9014   12.75188 4.9530e-02     85.688 0.0000e+00
        493 184.622755    0.03417     2.0500    123.000  1025.2993  50684.853    31.6038     85.234    7.10924     5.7313     5.7425    24.9011   12.75243 4.9519e-02     86.056 0.0000e+00
        494 184.622758    0.03424     2.0542    123.250  1025.3009  50685.060    31.6034     85.598    7.10961     5.7285     5.7404    24.9010   12.75306 4.9499e-02     86.423 0.0000e+00
        495 184.622760    0.03431     2.0583    123.500  1025.3025  50685.315    31.6029     85.962    7.11004     5.7255     5.7380    24.9009   12.75376 4.9473e-02     86.791 0.0000e+00
        496 184.622763    0.03438     2.0625    123.750  1025.3041  50685.450    31.6023     86.326    7.11051     5.7221     5.7353    24.9008   12.75456 4.9442e-02     87.159 0.0000e+00
        497 184.622766    0.03444     2.0667    124.000  1025.3058  50685.919    31.6018     86.692    7.11105     5.7186     5.7323    24.9008   12.75544 4.9404e-02     87.528 0.0000e+00
        498 184.622769    0.03451     2.0708    124.250  1025.3078  50687.039    31.6017     87.057    7.11162     5.7151     5.7289    24.9011   12.75638 4.9372e-02     87.897 0.0000e+00
        499 184.622772    0.03458     2.0750    124.500  1025.3102  50688.881    31.6021     87.422    7.11219     5.7120     5.7254    24.9018   12.75732 4.9361e-02     88.267 0.0000e+00
        500 184.622775    0.03465     2.0792    124.750  1025.3131  50691.489    31.6031     87.787    7.11272     5.7093     5.7220    24.9029   12.75818 4.9357e-02     88.635 0.0000e+00
        501 184.622778    0.03472     2.0833    125.000  1025.3160  50694.321    31.6042     88.152    7.11319     5.7070     5.7189    24.9042   12.75894 4.9342e-02     89.003 0.0000e+00
        502 184.622781    0.03479     2.0875    125.250  1025.3187  50696.556    31.6051     88.516    7.11359     5.7049     5.7162    24.9052   12.75960 4.9315e-02     89.370 0.0000e+00
        503 184.622784    0.03486     2.0917    125.500  1025.3210  50698.015    31.6054     88.879    7.11395     5.7029     5.7140    24.9058   12.76019 4.9290e-02     89.738 0.0000e+00
        504 184.622786    0.03493     2.0958    125.750  1025.3230  50698.929    31.6055     89.242    7.11429     5.7006     5.7119    24.9060   12.76076 4.9275e-02     90.104 0.0000e+00
        505 184.622789    0.03500     2.1000    126.000  1025.3247  50699.431    31.6052     89.604    7.11465     5.6982     5.7099    24.9061   12.76136 4.9261e-02     90.469 0.0000e+00
        506 184.622792    0.03507     2.1042    126.250  1025.3265  50700.066    31.6050     89.963    7.11503     5.6959     5.7077    24.9062   12.76199 4.9245e-02     90.832 0.0000e+00
        507 184.622795    0.03514     2.1083    126.500  1025.3288  50701.571    31.6054     90.319    7.11541     5.6939     5.7053    24.9068   12.76261 4.9229e-02     91.192 0.0000e+00
        508 184.622798    0.03521     2.1125    126.750  1025.3314  50703.763    31.6063     90.670    7.11576     5.6924     5.7030    24.9077   12.76316 4.9213e-02     91.545 0.0000e+00
        509 184.622801    0.03528     2.1167    127.000  1025.3340  50706.000    31.6073     91.011    7.11604     5.6912     5.7010    24.9087   12.76362 4.9196e-02     91.890 0.0000e+00
        510 184.622804    0.03535     2.1208    127.250  1025.3364  50708.052    31.6082     91.336    7.11625     5.6904     5.6995    24.9097   12.76396 4.9179e-02     92.218 0.0000e+00
