CTD-processing/allCTD/CNV--homogene/2012_05-03_t6_s17_cast061.cnv
* Sea-Bird SBE19plus Data File:
* FileName = C:\Documents and Settings\glenn.seaman\My Documents\KHolderied-files\CTD-DATA-FILES\2012-05-LTM-LowerCookInlet-CTD\Transect6-2012-05-Douglas\2012-05-03-04-LTM-Tran6-cast061.hex
* Software Version 1.59
* Temperature SN =  5028
* Conductivity SN =  5028
* System UpLoad Time = May 31 2012 02:43:16
** LTM Transect6- Pt Adam to Cape Douglas
** Date: 05-03
** Station: 6-17
** Start time (AKDT-24hr): 22:14
** Depth (m): 164
** check sta no, add time/z from log
# nquan = 17
# nvalues = 1157                        
# units = specified
# name 0 = scan: Scan Count
# name 1 = timeJ: Julian Days
# name 2 = timeH: Time, Elapsed [hours]
# name 3 = timeM: Time, Elapsed [minutes]
# name 4 = timeS: Time, Elapsed [seconds]
# name 5 = density00: Density [density, kg/m^3]
# name 6 = specc: Specific Conductance [uS/cm]
# name 7 = sal00: Salinity, Practical [PSU]
# name 8 = depSM: Depth [salt water, m], lat = 59.00
# name 9 = oxsolML/L: Oxygen Saturation, Garcia & Gordon [ml/l]
# name 10 = potemp090C: Potential Temperature [ITS-90, deg C]
# name 11 = tv290C: Temperature [ITS-90, deg C]
# name 12 = sigma-é00: Density [sigma-theta, kg/m^3]
# name 13 = n2satML/L: Nitrogen Saturation [ml/l]
# name 14 = par: PAR/Irradiance, Biospherical/Licor [umol photons/m^2/sec]
# name 15 = prdM: Pressure, Strain Gauge [db]
# name 16 = flag:  0.000e+00
# span 0 =          1,       1157       
# span 1 = 124.926238, 124.929583       
# span 2 =    0.00000,    0.08028       
# span 3 =     0.0000,     4.8167       
# span 4 =      0.000,    289.000       
# span 5 =  1000.2749,  1026.4228       
# span 6 =    785.395,  52334.207       
# span 7 =     0.3730,    32.4694       
# span 8 =     -0.128,    152.365       
# span 9 =    7.23108,    9.17310       
# span 10 =     3.8959,     4.8550      
# span 11 =     3.8959,     4.8605      
# span 12 =     0.2755,    25.7082      
# span 13 =   12.94588,   16.64686      
# span 14 = 3.7490e-02, 3.0845e+00      
# span 15 =     -0.129,    153.860      
# span 16 = 0.0000e+00, 0.0000e+00      
# interval = seconds: 0.25
# start_time = May 03 2012 22:13:47 [Instrument's time stamp, header]
# bad_flag = -9.990e-29
*END*
[from data line 426]
        427 124.927471    0.02958     1.7750    106.500  1025.2731  51245.306    31.7981     21.918    7.27938     4.6924     4.6959    25.1701   13.03092 5.5030e-02     22.126 0.0000e+00
        428 124.927474    0.02965     1.7792    106.750  1025.2740  51245.289    31.7978     22.145    7.27955     4.6915     4.6950    25.1700   13.03120 5.4490e-02     22.355 0.0000e+00
        429 124.927477    0.02972     1.7833    107.000  1025.2754  51246.116    31.7981     22.378    7.27972     4.6907     4.6940    25.1703   13.03148 5.3984e-02     22.591 0.0000e+00
        430 124.927480    0.02979     1.7875    107.250  1025.2770  51247.311    31.7985     22.619    7.27986     4.6901     4.6930    25.1708   13.03171 5.3524e-02     22.834 0.0000e+00
        431 124.927483    0.02986     1.7917    107.500  1025.2785  51248.099    31.7988     22.868    7.27998     4.6893     4.6923    25.1711   13.03190 5.3130e-02     23.084 0.0000e+00
        432 124.927486    0.02993     1.7958    107.750  1025.2796  51248.210    31.7986     23.122    7.28010     4.6883     4.6917    25.1710   13.03210 5.2861e-02     23.341 0.0000e+00
        433 124.927488    0.03000     1.8000    108.000  1025.2806  51248.108    31.7982     23.379    7.28025     4.6870     4.6909    25.1708   13.03235 5.2705e-02     23.601 0.0000e+00
        434 124.927491    0.03007     1.8042    108.250  1025.2819  51248.514    31.7981     23.639    7.28044     4.6854     4.6899    25.1708   13.03266 5.2535e-02     23.863 0.0000e+00
        435 124.927494    0.03014     1.8083    108.500  1025.2832  51249.083    31.7981     23.899    7.28066     4.6830     4.6886    25.1709   13.03303 5.2304e-02     24.126 0.0000e+00
        436 124.927497    0.03021     1.8125    108.750  1025.2839  51248.538    31.7972     24.157    7.28098     4.6792     4.6870    25.1704   13.03357 5.2072e-02     24.386 0.0000e+00
        437 124.927500    0.03028     1.8167    109.000  1025.2841  51247.187    31.7957     24.411    7.28147     4.6741     4.6846    25.1694   13.03440 5.1895e-02     24.643 0.0000e+00
        438 124.927503    0.03035     1.8208    109.250  1025.2850  51247.384    31.7948     24.659    7.28217     4.6684     4.6809    25.1691   13.03556 5.1768e-02     24.893 0.0000e+00
        439 124.927506    0.03042     1.8250    109.500  1025.2876  51251.017    31.7960     24.900    7.28300     4.6633     4.6758    25.1706   13.03693 5.1617e-02     25.137 0.0000e+00
        440 124.927509    0.03049     1.8292    109.750  1025.2919  51257.804    31.7993     25.136    7.28383     4.6593     4.6702    25.1738   13.03825 5.1381e-02     25.375 0.0000e+00
        441 124.927512    0.03056     1.8333    110.000  1025.2969  51265.836    31.8035     25.369    7.28452     4.6568     4.6651    25.1777   13.03934 5.1076e-02     25.610 0.0000e+00
        442 124.927514    0.03062     1.8375    110.250  1025.3017  51273.257    31.8076     25.603    7.28501     4.6554     4.6612    25.1813   13.04009 5.0731e-02     25.846 0.0000e+00
        443 124.927517    0.03069     1.8417    110.500  1025.3058  51279.404    31.8111     25.841    7.28528     4.6550     4.6586    25.1844   13.04050 5.0360e-02     26.087 0.0000e+00
        444 124.927520    0.03076     1.8458    110.750  1025.3094  51284.267    31.8140     26.085    7.28538     4.6552     4.6572    25.1868   13.04062 4.9970e-02     26.334 0.0000e+00
        445 124.927523    0.03083     1.8500    111.000  1025.3124  51287.765    31.8162     26.339    7.28534     4.6558     4.6569    25.1886   13.04052 4.9560e-02     26.590 0.0000e+00
        446 124.927526    0.03090     1.8542    111.250  1025.3149  51290.203    31.8179     26.603    7.28522     4.6565     4.6571    25.1898   13.04030 4.9129e-02     26.856 0.0000e+00
        447 124.927529    0.03097     1.8583    111.500  1025.3171  51292.089    31.8192     26.874    7.28506     4.6573     4.6577    25.1908   13.04001 4.8688e-02     27.130 0.0000e+00
        448 124.927532    0.03104     1.8625    111.750  1025.3193  51293.674    31.8203     27.152    7.28487     4.6581     4.6584    25.1916   13.03969 4.8255e-02     27.410 0.0000e+00
        449 124.927535    0.03111     1.8667    112.000  1025.3213  51295.158    31.8213     27.431    7.28468     4.6588     4.6592    25.1924   13.03937 4.7839e-02     27.692 0.0000e+00
        450 124.927538    0.03118     1.8708    112.250  1025.3235  51296.888    31.8226     27.707    7.28448     4.6596     4.6600    25.1933   13.03903 4.7443e-02     27.970 0.0000e+00
        451 124.927541    0.03125     1.8750    112.500  1025.3258  51298.893    31.8240     27.977    7.28428     4.6603     4.6607    25.1943   13.03867 4.7076e-02     28.242 0.0000e+00
        452 124.927543    0.03132     1.8792    112.750  1025.3280  51300.663    31.8252     28.238    7.28409     4.6609     4.6615    25.1952   13.03834 4.6737e-02     28.506 0.0000e+00
        453 124.927546    0.03139     1.8833    113.000  1025.3298  51301.960    31.8261     28.489    7.28391     4.6615     4.6622    25.1959   13.03804 4.6412e-02     28.760 0.0000e+00
        454 124.927549    0.03146     1.8875    113.250  1025.3314  51302.997    31.8269     28.729    7.28376     4.6620     4.6629    25.1964   13.03778 4.6093e-02     29.002 0.0000e+00
        455 124.927552    0.03153     1.8917    113.500  1025.3330  51303.973    31.8276     28.960    7.28362     4.6626     4.6635    25.1969   13.03755 4.5777e-02     29.235 0.0000e+00
        456 124.927555    0.03160     1.8958    113.750  1025.3345  51304.938    31.8282     29.185    7.28349     4.6631     4.6641    25.1974   13.03732 4.5466e-02     29.462 0.0000e+00
        457 124.927558    0.03167     1.9000    114.000  1025.3360  51305.883    31.8289     29.407    7.28336     4.6637     4.6646    25.1978   13.03710 4.5163e-02     29.686 0.0000e+00
        458 124.927561    0.03174     1.9042    114.250  1025.3376  51306.850    31.8296     29.631    7.28323     4.6643     4.6652    25.1983   13.03687 4.4870e-02     29.912 0.0000e+00
        459 124.927564    0.03181     1.9083    114.500  1025.3392  51307.863    31.8303     29.861    7.28309     4.6649     4.6658    25.1988   13.03663 4.4588e-02     30.145 0.0000e+00
        460 124.927567    0.03188     1.9125    114.750  1025.3408  51308.893    31.8310     30.101    7.28295     4.6655     4.6664    25.1993   13.03639 4.4319e-02     30.388 0.0000e+00
        461 124.927569    0.03194     1.9167    115.000  1025.3426  51310.053    31.8318     30.356    7.28281     4.6660     4.6670    25.1999   13.03614 4.4051e-02     30.644 0.0000e+00
        462 124.927572    0.03201     1.9208    115.250  1025.3446  51311.528    31.8328     30.623    7.28266     4.6666     4.6675    25.2007   13.03588 4.3770e-02     30.914 0.0000e+00
        463 124.927575    0.03208     1.9250    115.500  1025.3468  51313.295    31.8340     30.902    7.28249     4.6673     4.6681    25.2016   13.03559 4.3483e-02     31.196 0.0000e+00
        464 124.927578    0.03215     1.9292    115.750  1025.3492  51315.339    31.8354     31.188    7.28232     4.6680     4.6688    25.2026   13.03528 4.3200e-02     31.485 0.0000e+00
        465 124.927581    0.03222     1.9333    116.000  1025.3519  51317.992    31.8372     31.476    7.28211     4.6691     4.6694    25.2040   13.03491 4.2919e-02     31.776 0.0000e+00
        466 124.927584    0.03229     1.9375    116.250  1025.3554  51321.965    31.8400     31.763    7.28183     4.6705     4.6702    25.2061   13.03442 4.2642e-02     32.065 0.0000e+00
        467 124.927587    0.03236     1.9417    116.500  1025.3597  51327.550    31.8439     32.044    7.28146     4.6725     4.6713    25.2091   13.03376 4.2379e-02     32.350 0.0000e+00
        468 124.927590    0.03243     1.9458    116.750  1025.3644  51333.856    31.8485     32.317    7.28098     4.6749     4.6728    25.2125   13.03291 4.2140e-02     32.624 0.0000e+00
        469 124.927593    0.03250     1.9500    117.000  1025.3691  51340.263    31.8532     32.575    7.28040     4.6777     4.6747    25.2161   13.03190 4.1921e-02     32.885 0.0000e+00
        470 124.927595    0.03257     1.9542    117.250  1025.3745  51347.885    31.8588     32.817    7.27970     4.6813     4.6771    25.2203   13.03067 4.1714e-02     33.130 0.0000e+00
        471 124.927598    0.03264     1.9583    117.500  1025.3810  51357.560    31.8660     33.045    7.27884     4.6855     4.6800    25.2257   13.02915 4.1519e-02     33.360 0.0000e+00
        472 124.927601    0.03271     1.9625    117.750  1025.3880  51368.246    31.8740     33.262    7.27783     4.6901     4.6836    25.2317   13.02738 4.1337e-02     33.579 0.0000e+00
        473 124.927604    0.03278     1.9667    118.000  1025.3948  51378.514    31.8819     33.474    7.27672     4.6949     4.6877    25.2375   13.02543 4.1167e-02     33.792 0.0000e+00
        474 124.927607    0.03285     1.9708    118.250  1025.4008  51387.362    31.8889     33.685    7.27556     4.6997     4.6924    25.2426   13.02343 4.1008e-02     34.005 0.0000e+00
        475 124.927610    0.03292     1.9750    118.500  1025.4060  51394.450    31.8948     33.900    7.27442     4.7042     4.6973    25.2467   13.02148 4.0857e-02     34.223 0.0000e+00
        476 124.927613    0.03299     1.9792    118.750  1025.4106  51400.462    31.8998     34.127    7.27334     4.7082     4.7021    25.2502   13.01962 4.0715e-02     34.452 0.0000e+00
        477 124.927616    0.03306     1.9833    119.000  1025.4147  51405.563    31.9042     34.370    7.27233     4.7118     4.7066    25.2532   13.01791 4.0577e-02     34.697 0.0000e+00
        478 124.927619    0.03313     1.9875    119.250  1025.4181  51409.163    31.9075     34.632    7.27146     4.7149     4.7107    25.2554   13.01642 4.0440e-02     34.961 0.0000e+00
        479 124.927622    0.03319     1.9917    119.500  1025.4211  51412.056    31.9102     34.908    7.27070     4.7177     4.7143    25.2571   13.01513 4.0306e-02     35.240 0.0000e+00
        480 124.927624    0.03326     1.9958    119.750  1025.4246  51415.733    31.9132     35.191    7.27000     4.7205     4.7174    25.2592   13.01395 4.0174e-02     35.526 0.0000e+00
        481 124.927627    0.03333     2.0000    120.000  1025.4285  51420.400    31.9169     35.473    7.26933     4.7233     4.7202    25.2619   13.01278 4.0039e-02     35.811 0.0000e+00
        482 124.927630    0.03340     2.0042    120.250  1025.4325  51425.068    31.9206     35.749    7.26866     4.7260     4.7230    25.2645   13.01163 3.9912e-02     36.089 0.0000e+00
        483 124.927633    0.03347     2.0083    120.500  1025.4358  51428.811    31.9237     36.011    7.26802     4.7285     4.7258    25.2667   13.01054 3.9793e-02     36.355 0.0000e+00
        484 124.927636    0.03354     2.0125    120.750  1025.4386  51431.567    31.9261     36.257    7.26742     4.7308     4.7286    25.2683   13.00952 3.9671e-02     36.602 0.0000e+00
        485 124.927639    0.03361     2.0167    121.000  1025.4409  51433.688    31.9280     36.481    7.26688     4.7329     4.7311    25.2695   13.00860 3.9549e-02     36.829 0.0000e+00
        486 124.927642    0.03368     2.0208    121.250  1025.4430  51435.646    31.9298     36.682    7.26639     4.7347     4.7334    25.2707   13.00778 3.9451e-02     37.032 0.0000e+00
        487 124.927645    0.03375     2.0250    121.500  1025.4449  51437.505    31.9314     36.865    7.26595     4.7364     4.7355    25.2718   13.00703 3.9380e-02     37.216 0.0000e+00
        488 124.927648    0.03382     2.0292    121.750  1025.4465  51438.780    31.9326     37.034    7.26556     4.7377     4.7374    25.2725   13.00637 3.9327e-02     37.387 0.0000e+00
        489 124.927650    0.03389     2.0333    122.000  1025.4477  51439.483    31.9334     37.201    7.26524     4.7388     4.7390    25.2730   13.00583 3.9285e-02     37.556 0.0000e+00
        490 124.927653    0.03396     2.0375    122.250  1025.4489  51440.126    31.9340     37.376    7.26497     4.7398     4.7404    25.2733   13.00537 3.9257e-02     37.733 0.0000e+00
        491 124.927656    0.03403     2.0417    122.500  1025.4503  51441.009    31.9348     37.566    7.26474     4.7406     4.7415    25.2738   13.00498 3.9250e-02     37.924 0.0000e+00
        492 124.927659    0.03410     2.0458    122.750  1025.4518  51442.091    31.9356     37.771    7.26454     4.7414     4.7425    25.2744   13.00463 3.9219e-02     38.131 0.0000e+00
        493 124.927662    0.03417     2.0500    123.000  1025.4534  51443.277    31.9365     37.987    7.26434     4.7421     4.7433    25.2750   13.00430 3.9113e-02     38.349 0.0000e+00
        494 124.927665    0.03424     2.0542    123.250  1025.4551  51444.501    31.9374     38.209    7.26416     4.7428     4.7441    25.2757   13.00399 3.8979e-02     38.573 0.0000e+00
        495 124.927668    0.03431     2.0583    123.500  1025.4567  51445.551    31.9382     38.427    7.26399     4.7434     4.7448    25.2762   13.00370 3.8865e-02     38.793 0.0000e+00
        496 124.927671    0.03438     2.0625    123.750  1025.4581  51446.367    31.9388     38.637    7.26384     4.7439     4.7455    25.2766   13.00345 3.8765e-02     39.005 0.0000e+00
        497 124.927674    0.03444     2.0667    124.000  1025.4594  51447.080    31.9394     38.834    7.26371     4.7444     4.7461    25.2770   13.00323 3.8676e-02     39.205 0.0000e+00
        498 124.927677    0.03451     2.0708    124.250  1025.4605  51447.718    31.9398     39.019    7.26359     4.7448     4.7467    25.2773   13.00303 3.8597e-02     39.391 0.0000e+00
        499 124.927679    0.03458     2.0750    124.500  1025.4616  51448.211    31.9402     39.191    7.26349     4.7451     4.7471    25.2776   13.00286 3.8527e-02     39.565 0.0000e+00
        500 124.927682    0.03465     2.0792    124.750  1025.4626  51448.634    31.9405     39.355    7.26340     4.7455     4.7476    25.2778   13.00271 3.8464e-02     39.730 0.0000e+00
        501 124.927685    0.03472     2.0833    125.000  1025.4636  51449.255    31.9409     39.516    7.26332     4.7458     4.7479    25.2781   13.00256 3.8403e-02     39.892 0.0000e+00
        502 124.927688    0.03479     2.0875    125.250  1025.4649  51450.202    31.9416     39.679    7.26323     4.7462     4.7483    25.2785   13.00240 3.8343e-02     40.057 0.0000e+00
        503 124.927691    0.03486     2.0917    125.500  1025.4664  51451.542    31.9425     39.848    7.26312     4.7468     4.7486    25.2792   13.00221 3.8285e-02     40.228 0.0000e+00
        504 124.927694    0.03493     2.0958    125.750  1025.4682  51453.440    31.9438     40.026    7.26298     4.7475     4.7491    25.2802   13.00196 3.8227e-02     40.408 0.0000e+00
        505 124.927697    0.03500     2.1000    126.000  1025.4702  51455.649    31.9453     40.214    7.26281     4.7483     4.7496    25.2814   13.00165 3.8167e-02     40.598 0.0000e+00
        506 124.927700    0.03507     2.1042    126.250  1025.4721  51457.520    31.9467     40.409    7.26262     4.7490     4.7503    25.2824   13.00132 3.8104e-02     40.794 0.0000e+00
        507 124.927703    0.03514     2.1083    126.500  1025.4738  51458.846    31.9476     40.607    7.26243     4.7496     4.7511    25.2831   13.00100 3.8043e-02     40.994 0.0000e+00
        508 124.927705    0.03521     2.1125    126.750  1025.4752  51459.818    31.9484     40.803    7.26226     4.7501     4.7519    25.2836   13.00072 3.7983e-02     41.192 0.0000e+00
        509 124.927708    0.03528     2.1167    127.000  1025.4765  51460.580    31.9489     40.992    7.26213     4.7506     4.7525    25.2840   13.00049 3.7930e-02     41.383 0.0000e+00
        510 124.927711    0.03535     2.1208    127.250  1025.4777  51461.383    31.9495     41.170    7.26201     4.7510     4.7530    25.2844   13.00028 3.7893e-02     41.563 0.0000e+00
