CTD-processing/allCTD/CNV--homogene/2012-10-28_t6-s04.cnv
* Sea-Bird SBE19plus Data File:
* FileName = C:\Documents and Settings\kris.holderied.local\My Documents\2012-10-CookInlet-Ocean-LTM\2012-10-28-EVOSTC-CookInletOcean-Tran6-Douglas\2012-10-28-CookInletOcean-Tran6-cast025.hex
* Software Version 1.54
* Temperature SN =  4141
* Conductivity SN =  4141
* System UpLoad Time = Oct 28 2012 19:53:37
** Cook Inlet EVOSTC Transect 6 Douglas line west to east
** Date:   28 Oct 2012
** Station:  6-04
** Start time (AKDT-24 hr):  1812
** Depth (m):  90
** Comment:Sun starting to set.
# nquan = 17
# nvalues = 907                         
# units = specified
# name 0 = scan: Scan Count
# name 1 = timeJ: Julian Days
# name 2 = timeH: Time, Elapsed [hours]
# name 3 = timeM: Time, Elapsed [minutes]
# name 4 = timeS: Time, Elapsed [seconds]
# name 5 = density00: Density [density, kg/m^3]
# name 6 = specc: Specific Conductance [uS/cm]
# name 7 = sal00: Salinity, Practical [PSU]
# name 8 = depSM: Depth [salt water, m], lat = 59.00
# name 9 = oxsolML/L: Oxygen Saturation, Garcia & Gordon [ml/l]
# name 10 = potemp090C: Potential Temperature [ITS-90, deg C]
# name 11 = tv290C: Temperature [ITS-90, deg C]
# name 12 = sigma-é00: Density [sigma-theta, kg/m^3]
# name 13 = n2satML/L: Nitrogen Saturation [ml/l]
# name 14 = par: PAR/Irradiance, Biospherical/Licor
# name 15 = prdM: Pressure, Strain Gauge [db]
# name 16 = flag:  0.000e+00
# span 0 =          1,        907       
# span 1 = 302.758229, 302.760851       
# span 2 =    0.00000,    0.06292       
# span 3 =     0.0000,     3.7750       
# span 4 =      0.000,    226.500       
# span 5 =  1000.0207,  1024.9614       
# span 6 =    139.447,  49972.028       
# span 7 =     0.0622,    31.5136       
# span 8 =     -0.052,     92.288       
# span 9 =    6.74855,    9.00282       
# span 10 =     4.6914,     8.0728      
# span 11 =     4.6914,     8.0803      
# span 12 =     0.0209,    24.5355      
# span 13 =   12.15732,   16.36615      
# span 14 = 3.6382e-02, 3.1311e+01      
# span 15 =     -0.052,     93.180      
# span 16 = 0.0000e+00, 0.0000e+00      
# interval = seconds: 0.25
# start_time = Oct 28 2012 18:11:51 [Instrument's time stamp, header]
# bad_flag = -9.990e-29
*END*
[from data line 256]
        257 302.758970    0.01778     1.0667     64.000  1023.4601  47921.915    30.0629      1.848    6.87558     7.6156     7.6163    23.4515   12.38553 5.9265e+00      1.866 0.0000e+00
        258 302.758973    0.01785     1.0708     64.250  1023.4554  47913.009    30.0567      1.872    6.87590     7.6155     7.6160    23.4467   12.38613 5.8894e+00      1.890 0.0000e+00
        259 302.758976    0.01792     1.0750     64.500  1023.4515  47905.687    30.0516      1.896    6.87616     7.6152     7.6158    23.4427   12.38662 5.8964e+00      1.914 0.0000e+00
        260 302.758979    0.01799     1.0792     64.750  1023.4476  47898.206    30.0464      1.918    6.87641     7.6145     7.6157    23.4386   12.38711 5.9475e+00      1.936 0.0000e+00
        261 302.758981    0.01806     1.0833     65.000  1023.4420  47887.823    30.0391      1.937    6.87678     7.6129     7.6154    23.4330   12.38782 6.0189e+00      1.955 0.0000e+00
        262 302.758984    0.01812     1.0875     65.250  1023.4336  47872.420    30.0283      1.949    6.87739     7.6103     7.6146    23.4246   12.38895 6.0896e+00      1.967 0.0000e+00
        263 302.758987    0.01819     1.0917     65.500  1023.4224  47851.816    30.0138      1.951    6.87829     7.6070     7.6131    23.4134   12.39063 6.1420e+00      1.969 0.0000e+00
        264 302.758990    0.01826     1.0958     65.750  1023.4124  47833.339    30.0005      1.940    6.87930     7.6042     7.6104    23.4034   12.39247 6.1551e+00      1.958 0.0000e+00
        265 302.758993    0.01833     1.1000     66.000  1023.4110  47830.976    29.9984      1.918    6.87991     7.6029     7.6072    23.4021   12.39351 6.1316e+00      1.935 0.0000e+00
        266 302.758996    0.01840     1.1042     66.250  1023.4201  47847.744    30.0096      1.887    6.87984     7.6028     7.6044    23.4113   12.39325 6.1138e+00      1.904 0.0000e+00
        267 302.758999    0.01847     1.1083     66.500  1023.4331  47871.981    30.0262      1.855    6.87931     7.6030     7.6031    23.4245   12.39216 6.1428e+00      1.872 0.0000e+00
        268 302.759002    0.01854     1.1125     66.750  1023.4441  47892.303    30.0403      1.829    6.87868     7.6024     7.6030    23.4356   12.39094 6.2183e+00      1.846 0.0000e+00
        269 302.759005    0.01861     1.1167     67.000  1023.4492  47901.771    30.0469      1.814    6.87835     7.6003     7.6032    23.4408   12.39031 6.3080e+00      1.831 0.0000e+00
        270 302.759008    0.01868     1.1208     67.250  1023.4461  47896.074    30.0429      1.812    6.87864     7.5969     7.6026    23.4377   12.39084 6.3648e+00      1.830 0.0000e+00
        271 302.759010    0.01875     1.1250     67.500  1023.4338  47873.393    30.0268      1.823    6.87969     7.5927     7.6005    23.4254   12.39277 6.3486e+00      1.840 0.0000e+00
        272 302.759013    0.01882     1.1292     67.750  1023.4129  47834.670    29.9994      1.844    6.88145     7.5887     7.5971    23.4043   12.39604 6.2620e+00      1.861 0.0000e+00
        273 302.759016    0.01889     1.1333     68.000  1023.3871  47786.954    29.9657      1.872    6.88363     7.5855     7.5929    23.3784   12.40008 6.1487e+00      1.890 0.0000e+00
        274 302.759019    0.01896     1.1375     68.250  1023.3621  47740.712    29.9330      1.903    6.88574     7.5826     7.5889    23.3533   12.40398 6.0579e+00      1.921 0.0000e+00
        275 302.759022    0.01903     1.1417     68.500  1023.3418  47703.102    29.9064      1.932    6.88746     7.5788     7.5856    23.3328   12.40715 6.0240e+00      1.950 0.0000e+00
        276 302.759025    0.01910     1.1458     68.750  1023.3272  47676.112    29.8872      1.953    6.88878     7.5724     7.5827    23.3182   12.40957 6.0523e+00      1.971 0.0000e+00
        277 302.759028    0.01917     1.1500     69.000  1023.3174  47657.887    29.8740      1.963    6.88997     7.5632     7.5789    23.3083   12.41172 6.1119e+00      1.982 0.0000e+00
        278 302.759031    0.01924     1.1542     69.250  1023.3124  47648.572    29.8666      1.960    6.89131     7.5536     7.5726    23.3033   12.41402 6.1638e+00      1.979 0.0000e+00
        279 302.759034    0.01931     1.1583     69.500  1023.3139  47651.314    29.8670      1.944    6.89274     7.5466     7.5634    23.3049   12.41639 6.1900e+00      1.962 0.0000e+00
        280 302.759036    0.01938     1.1625     69.750  1023.3220  47666.224    29.8759      1.918    6.89387     7.5435     7.5538    23.3131   12.41814 6.1922e+00      1.936 0.0000e+00
        281 302.759039    0.01944     1.1667     70.000  1023.3349  47690.055    29.8913      1.887    6.89427     7.5435     7.5468    23.3262   12.41861 6.1767e+00      1.904 0.0000e+00
        282 302.759042    0.01951     1.1708     70.250  1023.3496  47717.219    29.9097      1.855    6.89393     7.5451     7.5437    23.3410   12.41784 6.1660e+00      1.873 0.0000e+00
        283 302.759045    0.01958     1.1750     70.500  1023.3614  47739.133    29.9249      1.828    6.89325     7.5460     7.5437    23.3529   12.41651 6.1781e+00      1.845 0.0000e+00
        284 302.759048    0.01965     1.1792     70.750  1023.3656  47746.928    29.9305      1.807    6.89275     7.5439     7.5452    23.3572   12.41561 6.1928e+00      1.825 0.0000e+00
        285 302.759051    0.01972     1.1833     71.000  1023.3587  47734.386    29.9220      1.795    6.89299     7.5372     7.5461    23.3503   12.41612 6.1878e+00      1.812 0.0000e+00
        286 302.759054    0.01979     1.1875     71.250  1023.3425  47704.760    29.9011      1.788    6.89426     7.5243     7.5441    23.3342   12.41847 6.1572e+00      1.805 0.0000e+00
        287 302.759057    0.01986     1.1917     71.500  1023.3261  47674.372    29.8790      1.786    6.89633     7.5047     7.5373    23.3177   12.42218 6.1127e+00      1.803 0.0000e+00
        288 302.759060    0.01993     1.1958     71.750  1023.3187  47660.543    29.8674      1.787    6.89889     7.4804     7.5245    23.3103   12.42656 6.0930e+00      1.804 0.0000e+00
        289 302.759063    0.02000     1.2000     72.000  1023.3246  47671.058    29.8717      1.791    6.90180     7.4566     7.5049    23.3163   12.43134 6.1203e+00      1.808 0.0000e+00
        290 302.759065    0.02007     1.2042     72.250  1023.3426  47703.717    29.8905      1.799    6.90479     7.4378     7.4806    23.3343   12.43605 6.1754e+00      1.816 0.0000e+00
        291 302.759068    0.02014     1.2083     72.500  1023.3665  47747.033    29.9168      1.811    6.90738     7.4252     7.4568    23.3581   12.44001 6.2438e+00      1.828 0.0000e+00
        292 302.759071    0.02021     1.2125     72.750  1023.3856  47781.856    29.9379      1.826    6.90941     7.4169     7.4380    23.3772   12.44310 6.3279e+00      1.843 0.0000e+00
        293 302.759074    0.02028     1.2167     73.000  1023.3917  47792.723    29.9435      1.840    6.91116     7.4094     7.4254    23.3832   12.44592 6.4065e+00      1.857 0.0000e+00
        294 302.759077    0.02035     1.2208     73.250  1023.3871  47783.998    29.9361      1.848    6.91282     7.3988     7.4171    23.3785   12.44876 6.4439e+00      1.865 0.0000e+00
        295 302.759080    0.02042     1.2250     73.500  1023.3820  47774.517    29.9284      1.848    6.91436     7.3834     7.4096    23.3734   12.45141 6.4393e+00      1.865 0.0000e+00
        296 302.759083    0.02049     1.2292     73.750  1023.3852  47780.257    29.9307      1.840    6.91594     7.3661     7.3990    23.3766   12.45399 6.4490e+00      1.857 0.0000e+00
        297 302.759086    0.02056     1.2333     74.000  1023.4003  47808.010    29.9474      1.828    6.91763     7.3516     7.3836    23.3918   12.45658 6.5309e+00      1.845 0.0000e+00
        298 302.759089    0.02063     1.2375     74.250  1023.4253  47853.745    29.9764      1.815    6.91908     7.3442     7.3663    23.4168   12.45862 6.6651e+00      1.832 0.0000e+00
        299 302.759091    0.02069     1.2417     74.500  1023.4530  47904.714    30.0094      1.804    6.91989     7.3465     7.3518    23.4447   12.45953 6.7645e+00      1.821 0.0000e+00
        300 302.759094    0.02076     1.2458     74.750  1023.4744  47943.969    30.0354      1.796    6.91990     7.3582     7.3443    23.4661   12.45922 6.7594e+00      1.813 0.0000e+00
        301 302.759097    0.02083     1.2500     75.000  1023.4810  47956.213    30.0442      1.792    6.91913     7.3746     7.3467    23.4727   12.45783 6.6453e+00      1.809 0.0000e+00
        302 302.759100    0.02090     1.2542     75.250  1023.4708  47937.656    30.0332      1.788    6.91776     7.3909     7.3584    23.4625   12.45571 6.4570e+00      1.805 0.0000e+00
        303 302.759103    0.02097     1.2583     75.500  1023.4490  47897.691    30.0082      1.785    6.91629     7.4053     7.3747    23.4407   12.45359 6.2558e+00      1.802 0.0000e+00
        304 302.759106    0.02104     1.2625     75.750  1023.4231  47850.330    29.9780      1.780    6.91507     7.4172     7.3910    23.4148   12.45194 6.1105e+00      1.797 0.0000e+00
        305 302.759109    0.02111     1.2667     76.000  1023.4000  47808.155    29.9510      1.775    6.91399     7.4255     7.4055    23.3918   12.45051 6.0534e+00      1.792 0.0000e+00
        306 302.759112    0.02118     1.2708     76.250  1023.3846  47779.941    29.9334      1.773    6.91289     7.4301     7.4174    23.3763   12.44891 6.0718e+00      1.790 0.0000e+00
        307 302.759115    0.02125     1.2750     76.500  1023.3795  47770.762    29.9283      1.774    6.91181     7.4344     7.4257    23.3713   12.44718 6.1344e+00      1.791 0.0000e+00
        308 302.759117    0.02132     1.2792     76.750  1023.3846  47780.048    29.9355      1.779    6.91074     7.4409     7.4303    23.3763   12.44533 6.2095e+00      1.796 0.0000e+00
        309 302.759120    0.02139     1.2833     77.000  1023.3935  47796.498    29.9476      1.790    6.90952     7.4490     7.4346    23.3852   12.44314 6.2692e+00      1.807 0.0000e+00
        310 302.759123    0.02146     1.2875     77.250  1023.3977  47804.210    29.9539      1.803    6.90819     7.4555     7.4411    23.3894   12.44087 6.2999e+00      1.820 0.0000e+00
        311 302.759126    0.02153     1.2917     77.500  1023.3921  47793.860    29.9480      1.814    6.90719     7.4575     7.4491    23.3837   12.43928 6.3068e+00      1.831 0.0000e+00
        312 302.759129    0.02160     1.2958     77.750  1023.3776  47767.290    29.9306      1.819    6.90693     7.4527     7.4557    23.3691   12.43908 6.3111e+00      1.837 0.0000e+00
        313 302.759132    0.02167     1.3000     78.000  1023.3619  47738.527    29.9110      1.815    6.90751     7.4396     7.4577    23.3535   12.44028 6.3358e+00      1.832 0.0000e+00
        314 302.759135    0.02174     1.3042     78.250  1023.3550  47725.911    29.9015      1.800    6.90869     7.4193     7.4529    23.3466   12.44236 6.3707e+00      1.817 0.0000e+00
        315 302.759138    0.02181     1.3083     78.500  1023.3644  47743.176    29.9114      1.776    6.91033     7.3986     7.4398    23.3561   12.44494 6.3740e+00      1.793 0.0000e+00
        316 302.759141    0.02187     1.3125     78.750  1023.3932  47796.058    29.9449      1.748    6.91205     7.3864     7.4195    23.3851   12.44736 6.3456e+00      1.764 0.0000e+00
        317 302.759144    0.02194     1.3167     79.000  1023.4368  47876.143    29.9971      1.721    6.91298     7.3882     7.3988    23.4288   12.44825 6.3433e+00      1.737 0.0000e+00
        318 302.759146    0.02201     1.3208     79.250  1023.4845  47963.865    30.0559      1.702    6.91225     7.4048     7.3866    23.4767   12.44632 6.3969e+00      1.718 0.0000e+00
        319 302.759149    0.02208     1.3250     79.500  1023.5263  48040.702    30.1094      1.696    6.90955     7.4330     7.3883    23.5185   12.44117 6.4744e+00      1.712 0.0000e+00
        320 302.759152    0.02215     1.3292     79.750  1023.5544  48092.457    30.1480      1.704    6.90517     7.4660     7.4049    23.5465   12.43344 6.5281e+00      1.720 0.0000e+00
        321 302.759155    0.02222     1.3333     80.000  1023.5636  48109.619    30.1643      1.722    6.89997     7.4977     7.4331    23.5556   12.42462 6.5357e+00      1.739 0.0000e+00
        322 302.759158    0.02229     1.3375     80.250  1023.5539  48092.007    30.1573      1.746    6.89504     7.5239     7.4662    23.5458   12.41655 6.4938e+00      1.762 0.0000e+00
        323 302.759161    0.02236     1.3417     80.500  1023.5291  48046.802    30.1310      1.768    6.89122     7.5435     7.4978    23.5209   12.41056 6.4111e+00      1.785 0.0000e+00
        324 302.759164    0.02243     1.3458     80.750  1023.4935  47981.845    30.0901      1.785    6.88890     7.5570     7.5241    23.4852   12.40724 6.3183e+00      1.802 0.0000e+00
        325 302.759167    0.02250     1.3500     81.000  1023.4539  47909.296    30.0428      1.793    6.88793     7.5652     7.5437    23.4455   12.40623 6.2567e+00      1.810 0.0000e+00
        326 302.759170    0.02257     1.3542     81.250  1023.4206  47848.434    30.0028      1.793    6.88761     7.5682     7.5572    23.4123   12.40619 6.2498e+00      1.809 0.0000e+00
        327 302.759172    0.02264     1.3583     81.500  1023.4019  47814.271    29.9804      1.787    6.88732     7.5677     7.5653    23.3936   12.40600 6.2772e+00      1.804 0.0000e+00
        328 302.759175    0.02271     1.3625     81.750  1023.4007  47812.186    29.9794      1.781    6.88689     7.5675     7.5684    23.3924   12.40529 6.3006e+00      1.798 0.0000e+00
        329 302.759178    0.02278     1.3667     82.000  1023.4153  47839.127    29.9980      1.779    6.88613     7.5700     7.5679    23.4071   12.40380 6.3238e+00      1.796 0.0000e+00
        330 302.759181    0.02285     1.3708     82.250  1023.4379  47880.536    30.0267      1.784    6.88488     7.5751     7.5676    23.4296   12.40137 6.3792e+00      1.800 0.0000e+00
        331 302.759184    0.02292     1.3750     82.500  1023.4580  47917.405    30.0526      1.795    6.88330     7.5812     7.5702    23.4497   12.39844 6.4517e+00      1.812 0.0000e+00
        332 302.759187    0.02299     1.3792     82.750  1023.4692  47938.001    30.0677      1.811    6.88182     7.5864     7.5753    23.4608   12.39579 6.4728e+00      1.828 0.0000e+00
        333 302.759190    0.02306     1.3833     83.000  1023.4694  47938.349    30.0689      1.828    6.88081     7.5896     7.5814    23.4609   12.39411 6.3913e+00      1.845 0.0000e+00
        334 302.759193    0.02313     1.3875     83.250  1023.4586  47918.402    30.0559      1.842    6.88057     7.5905     7.5866    23.4500   12.39387 6.2432e+00      1.859 0.0000e+00
        335 302.759196    0.02319     1.3917     83.500  1023.4381  47880.934    30.0304      1.850    6.88121     7.5893     7.5898    23.4296   12.39525 6.1455e+00      1.867 0.0000e+00
        336 302.759198    0.02326     1.3958     83.750  1023.4114  47831.927    29.9965      1.851    6.88261     7.5860     7.5907    23.4029   12.39799 6.1864e+00      1.869 0.0000e+00
        337 302.759201    0.02333     1.4000     84.000  1023.3829  47779.588    29.9600      1.845    6.88444     7.5792     7.5895    23.3744   12.40148 6.3292e+00      1.863 0.0000e+00
        338 302.759204    0.02340     1.4042     84.250  1023.3561  47730.354    29.9254      1.832    6.88651     7.5665     7.5862    23.3477   12.40534 6.4585e+00      1.849 0.0000e+00
        339 302.759207    0.02347     1.4083     84.500  1023.3335  47688.868    29.8956      1.811    6.88892     7.5464     7.5794    23.3252   12.40971 6.4979e+00      1.828 0.0000e+00
        340 302.759210    0.02354     1.4125     84.750  1023.3193  47662.616    29.8754      1.785    6.89184     7.5198     7.5667    23.3110   12.41480 6.4532e+00      1.801 0.0000e+00
