CTD-processing/allCTD/CNV--homogene/2012_07-02_subbays_chinapootb_cast157.cnv
* Sea-Bird SBE19plus Data File:
* FileName = C:\Documents and Settings\kris.holderied.local\My Documents\CTD-data-upload-2012-07-28\CTD5028-upload-2012-07-28-cast157.hex
* Software Version 1.54
* Temperature SN =  5028
* Conductivity SN =  5028
* System UpLoad Time = Jul 28 2012 12:03:09
** Kachemak Bay - CTD data - upload all 2012-07-28
** Date:  2012-07-02   xxxx Tide (x of 2 lines)
** Station: China Poot
** Start time (AKDT-24 hr):1059
** Depth (ft):34
** Comments: 10L horizontal plankton surfact tow-filtered. Vertical tow for visuals for 4th of July Clamming. Secchi 2.5 m. Tow 3m.
# nquan = 17
# nvalues = 315                         
# units = specified
# name 0 = scan: Scan Count
# name 1 = timeJ: Julian Days
# name 2 = timeH: Time, Elapsed [hours]
# name 3 = timeM: Time, Elapsed [minutes]
# name 4 = timeS: Time, Elapsed [seconds]
# name 5 = density00: Density [density, kg/m^3]
# name 6 = specc: Specific Conductance [uS/cm]
# name 7 = sal00: Salinity, Practical [PSU]
# name 8 = depSM: Depth [salt water, m], lat = 59.00
# name 9 = oxsolML/L: Oxygen Saturation, Garcia & Gordon [ml/l]
# name 10 = potemp090C: Potential Temperature [ITS-90, deg C]
# name 11 = tv290C: Temperature [ITS-90, deg C]
# name 12 = sigma-é00: Density [sigma-theta, kg/m^3]
# name 13 = n2satML/L: Nitrogen Saturation [ml/l]
# name 14 = par: PAR/Irradiance, Biospherical/Licor [umol photons/m^2/sec]
# name 15 = prdM: Pressure, Strain Gauge [db]
# name 16 = flag:  0.000e+00
# span 0 =          1,        315       
# span 1 = 184.459653, 184.460561       
# span 2 =    0.00000,    0.02181       
# span 3 =     0.0000,     1.3083       
# span 4 =      0.000,     78.500       
# span 5 =  1000.0042,  1023.1264       
# span 6 =   1082.344,  47357.909       
# span 7 =     0.5314,    29.9054       
# span 8 =     -0.078,      8.793       
# span 9 =    6.48825,    7.65746       
# span 10 =     9.3012,    11.1886      
# span 11 =     9.3021,    11.1886      
# span 12 =     0.0046,    23.0859      
# span 13 =   11.77120,   14.09194      
# span 14 = 2.5037e+00, 6.4784e+02      
# span 15 =     -0.079,      8.877      
# span 16 = 0.0000e+00, 0.0000e+00      
# interval = seconds: 0.25
# start_time = Jul 02 2012 11:01:54 [Instrument's time stamp, header]
# bad_flag = -9.990e-29
*END*
[from data line 256]
        257 184.460394    0.01778     1.0667     64.000  1020.2916  42432.608    26.6725      0.712    6.50606    11.0663    11.0731    20.2884   11.81434 2.0699e+02      0.719 0.0000e+00
        258 184.460396    0.01785     1.0708     64.250  1020.2758  42402.662    26.6515      0.713    6.50729    11.0601    11.0706    20.2725   11.81664 2.0643e+02      0.719 0.0000e+00
        259 184.460399    0.01792     1.0750     64.500  1020.2514  42356.707    26.6193      0.713    6.50921    11.0525    11.0664    20.2481   11.82023 2.0594e+02      0.720 0.0000e+00
        260 184.460402    0.01799     1.0792     64.750  1020.2231  42303.166    26.5816      0.715    6.51165    11.0451    11.0602    20.2199   11.82475 2.0512e+02      0.721 0.0000e+00
        261 184.460405    0.01806     1.0833     65.000  1020.2003  42259.348    26.5505      0.716    6.51401    11.0392    11.0525    20.1970   11.82906 2.0412e+02      0.722 0.0000e+00
        262 184.460408    0.01812     1.0875     65.250  1020.1858  42231.322    26.5303      0.716    6.51589    11.0349    11.0452    20.1826   11.83241 2.0328e+02      0.723 0.0000e+00
        263 184.460411    0.01819     1.0917     65.500  1020.1771  42214.102    26.5178      0.717    6.51724    11.0319    11.0392    20.1738   11.83482 2.0233e+02      0.723 0.0000e+00
        264 184.460414    0.01826     1.0958     65.750  1020.1715  42202.900    26.5097      0.717    6.51819    11.0300    11.0349    20.1682   11.83649 2.0147e+02      0.723 0.0000e+00
        265 184.460417    0.01833     1.1000     66.000  1020.1679  42195.754    26.5044      0.718    6.51882    11.0288    11.0320    20.1646   11.83760 2.0068e+02      0.724 0.0000e+00
        266 184.460420    0.01840     1.1042     66.250  1020.1657  42191.357    26.5012      0.719    6.51922    11.0280    11.0301    20.1624   11.83832 1.9916e+02      0.725 0.0000e+00
        267 184.460422    0.01847     1.1083     66.500  1020.1645  42188.818    26.4993      0.721    6.51947    11.0276    11.0289    20.1612   11.83875 1.9758e+02      0.727 0.0000e+00
        268 184.460425    0.01854     1.1125     66.750  1020.1645  42188.616    26.4991      0.723    6.51959    11.0274    11.0281    20.1611   11.83895 1.9671e+02      0.730 0.0000e+00
        269 184.460428    0.01861     1.1167     67.000  1020.1660  42191.442    26.5011      0.725    6.51957    11.0273    11.0277    20.1627   11.83890 1.9626e+02      0.732 0.0000e+00
        270 184.460431    0.01868     1.1208     67.250  1020.1696  42197.924    26.5055      0.726    6.51942    11.0274    11.0274    20.1662   11.83859 1.9616e+02      0.733 0.0000e+00
        271 184.460434    0.01875     1.1250     67.500  1020.1747  42207.447    26.5121      0.727    6.51915    11.0276    11.0274    20.1713   11.83807 1.9627e+02      0.733 0.0000e+00
        272 184.460437    0.01882     1.1292     67.750  1020.1805  42218.289    26.5196      0.726    6.51883    11.0278    11.0274    20.1772   11.83744 1.9605e+02      0.732 0.0000e+00
        273 184.460440    0.01889     1.1333     68.000  1020.1874  42231.142    26.5286      0.724    6.51844    11.0282    11.0276    20.1841   11.83667 1.9585e+02      0.731 0.0000e+00
        274 184.460443    0.01896     1.1375     68.250  1020.1958  42246.868    26.5395      0.722    6.51795    11.0286    11.0279    20.1925   11.83572 1.9580e+02      0.728 0.0000e+00
        275 184.460446    0.01903     1.1417     68.500  1020.2056  42265.113    26.5522      0.720    6.51737    11.0290    11.0282    20.2023   11.83462 1.9554e+02      0.726 0.0000e+00
        276 184.460448    0.01910     1.1458     68.750  1020.2166  42285.625    26.5664      0.719    6.51673    11.0293    11.0286    20.2133   11.83337 1.9512e+02      0.726 0.0000e+00
        277 184.460451    0.01917     1.1500     69.000  1020.2262  42303.636    26.5790      0.720    6.51616    11.0294    11.0290    20.2230   11.83227 1.9452e+02      0.726 0.0000e+00
        278 184.460454    0.01924     1.1542     69.250  1020.2309  42312.410    26.5851      0.721    6.51586    11.0294    11.0293    20.2277   11.83170 1.9375e+02      0.728 0.0000e+00
        279 184.460457    0.01931     1.1583     69.500  1020.2298  42310.342    26.5837      0.723    6.51589    11.0292    11.0295    20.2265   11.83178 1.9240e+02      0.729 0.0000e+00
        280 184.460460    0.01938     1.1625     69.750  1020.2242  42299.901    26.5764      0.724    6.51620    11.0288    11.0295    20.2209   11.83237 1.9084e+02      0.731 0.0000e+00
        281 184.460463    0.01944     1.1667     70.000  1020.2165  42285.537    26.5664      0.725    6.51664    11.0284    11.0293    20.2132   11.83323 1.8966e+02      0.732 0.0000e+00
        282 184.460466    0.01951     1.1708     70.250  1020.2100  42273.323    26.5579      0.725    6.51704    11.0280    11.0289    20.2067   11.83400 1.8837e+02      0.732 0.0000e+00
        283 184.460469    0.01958     1.1750     70.500  1020.2063  42266.447    26.5531      0.726    6.51730    11.0278    11.0285    20.2030   11.83449 1.8682e+02      0.733 0.0000e+00
        284 184.460472    0.01965     1.1792     70.750  1020.2051  42263.976    26.5514      0.728    6.51743    11.0276    11.0281    20.2017   11.83472 1.8519e+02      0.735 0.0000e+00
        285 184.460475    0.01972     1.1833     71.000  1020.2054  42264.590    26.5518      0.731    6.51745    11.0275    11.0278    20.2021   11.83475 1.8297e+02      0.738 0.0000e+00
        286 184.460477    0.01979     1.1875     71.250  1020.2068  42267.042    26.5535      0.738    6.51740    11.0274    11.0277    20.2034   11.83465 1.8013e+02      0.745 0.0000e+00
        287 184.460480    0.01986     1.1917     71.500  1020.2085  42270.116    26.5556      0.750    6.51733    11.0272    11.0276    20.2050   11.83450 1.7735e+02      0.757 0.0000e+00
        288 184.460483    0.01993     1.1958     71.750  1020.2111  42274.856    26.5588      0.770    6.51721    11.0268    11.0275    20.2076   11.83426 1.7351e+02      0.777 0.0000e+00
        289 184.460486    0.02000     1.2000     72.000  1020.2166  42284.701    26.5657      0.801    6.51695    11.0261    11.0273    20.2129   11.83375 1.6799e+02      0.809 0.0000e+00
        290 184.460489    0.02007     1.2042     72.250  1020.2269  42303.369    26.5786      0.849    6.51647    11.0250    11.0269    20.2230   11.83280 1.6125e+02      0.857 0.0000e+00
        291 184.460492    0.02014     1.2083     72.500  1020.2452  42336.637    26.6016      0.922    6.51562    11.0230    11.0262    20.2410   11.83110 1.5154e+02      0.931 0.0000e+00
        292 184.460495    0.02021     1.2125     72.750  1020.2775  42395.394    26.6423      1.037    6.51410    11.0200    11.0251    20.2727   11.82809 1.3736e+02      1.048 0.0000e+00
        293 184.460498    0.02028     1.2167     73.000  1020.3339  42498.298    26.7135      1.213    6.51143    11.0151    11.0232    20.3284   11.82279 1.1978e+02      1.225 0.0000e+00
        294 184.460501    0.02035     1.2208     73.250  1020.4245  42663.819    26.8281      1.453    6.50713    11.0063    11.0201    20.4178   11.81424 1.0144e+02      1.467 0.0000e+00
        295 184.460503    0.02042     1.2250     73.500  1020.5393  42873.403    26.9731      1.747    6.50183    10.9905    11.0152    20.5313   11.80369 8.4859e+01      1.764 0.0000e+00
        296 184.460506    0.02049     1.2292     73.750  1020.6543  43082.499    27.1175      2.080    6.49711    10.9647    11.0064    20.6448   11.79409 7.0839e+01      2.100 0.0000e+00
        297 184.460509    0.02056     1.2333     74.000  1020.7667  43285.103    27.2568      2.440    6.49359    10.9263    10.9907    20.7555   11.78656 5.8841e+01      2.463 0.0000e+00
        298 184.460512    0.02063     1.2375     74.250  1020.8920  43509.641    27.4104      2.818    6.49088    10.8713    10.9650    20.8791   11.78020 4.8269e+01      2.844 0.0000e+00
        299 184.460515    0.02069     1.2417     74.500  1021.0407  43775.296    27.5914      3.208    6.48882    10.7942    10.9267    21.0260   11.77460 3.9073e+01      3.238 0.0000e+00
        300 184.460518    0.02076     1.2458     74.750  1021.2087  44073.643    27.7936      3.606    6.48825    10.6954    10.8717    21.1921   11.77120 3.1420e+01      3.640 0.0000e+00
        301 184.460521    0.02083     1.2500     75.000  1021.3807  44375.929    27.9963      4.010    6.49077    10.5846    10.7946    21.3623   11.77294 2.5314e+01      4.048 0.0000e+00
        302 184.460524    0.02090     1.2542     75.250  1021.5457  44661.860    28.1854      4.418    6.49693    10.4729    10.6958    21.5254   11.78089 2.0555e+01      4.459 0.0000e+00
        303 184.460527    0.02097     1.2583     75.500  1021.7019  44929.901    28.3607      4.826    6.50537    10.3643    10.5851    21.6798   11.79278 1.6868e+01      4.872 0.0000e+00
        304 184.460530    0.02104     1.2625     75.750  1021.8502  45183.270    28.5255      5.235    6.51441    10.2577    10.4734    21.8261   11.80579 1.3994e+01      5.285 0.0000e+00
        305 184.460532    0.02111     1.2667     76.000  1021.9916  45424.986    28.6824      5.644    6.52335    10.1499    10.3649    21.9657   11.81874 1.1714e+01      5.697 0.0000e+00
        306 184.460535    0.02118     1.2708     76.250  1022.1302  45662.040    28.8361      6.053    6.53219    10.0382    10.2583    22.1025   11.83153 9.8585e+00      6.109 0.0000e+00
        307 184.460538    0.02125     1.2750     76.500  1022.2696  45900.579    28.9904      6.459    6.54119     9.9219    10.1505    22.2399   11.84460 8.3048e+00      6.519 0.0000e+00
        308 184.460541    0.02132     1.2792     76.750  1022.4103  46141.645    29.1459      6.860    6.55072     9.8004    10.0390    22.3788   11.85853 6.9753e+00      6.925 0.0000e+00
        309 184.460544    0.02139     1.2833     77.000  1022.5515  46383.425    29.3012      7.253    6.56099     9.6732     9.9227    22.5182   11.87368 5.8234e+00      7.322 0.0000e+00
        310 184.460547    0.02146     1.2875     77.250  1022.6892  46618.830    29.4511      7.633    6.57227     9.5433     9.8012    22.6542   11.89056 4.8292e+00      7.705 0.0000e+00
        311 184.460550    0.02153     1.2917     77.500  1022.8176  46837.024    29.5881      7.989    6.58497     9.4233     9.6740    22.7809   11.90997 3.9934e+00      8.065 0.0000e+00
        312 184.460553    0.02160     1.2958     77.750  1022.9326  47031.291    29.7078      8.309    6.59885     9.3346     9.5442    22.8944   11.93151 3.3286e+00      8.388 0.0000e+00
        313 184.460556    0.02167     1.3000     78.000  1023.0302  47195.640    29.8076      8.567    6.61217     9.3012     9.4242    22.9908   11.95237 2.8558e+00      8.649 0.0000e+00
        314 184.460558    0.02174     1.3042     78.250  1023.1002  47313.571    29.8787      8.735    6.62214 -9.990e-29     9.3355    23.0599   11.96804 2.5871e+00      8.819 0.0000e+00
        315 184.460561    0.02181     1.3083     78.500  1023.1264  47357.909    29.9054      8.793    6.62592 -9.990e-29     9.3021    23.0859   11.97397 2.5037e+00      8.877 0.0000e+00
