CTD-processing/allCTD/CNV--homogene/2012_05-02_t3_s01_cast026.cnv
* Sea-Bird SBE19plus Data File:
* FileName = C:\Documents and Settings\glenn.seaman\My Documents\KHolderied-files\CTD-DATA-FILES\2012-05-LTM-LowerCookInlet-CTD\Transect3-2012-05-02-AnchPt\2012-05-02-Transect3-AnchorPt026.hex
* Software Version 1.59
* Temperature SN =  5028
* Conductivity SN =  5028
* System UpLoad Time = May 03 2012 00:43:28
** LTM Transect3-AnchorPt
** Date: 2012-05-02
** Station:3-1
** Start time (AKDT-24hr):2358
** Depth (m, not incl. transducer):20.6
# nquan = 17
# nvalues = 359                         
# units = specified
# name 0 = scan: Scan Count
# name 1 = timeJ: Julian Days
# name 2 = timeH: Time, Elapsed [hours]
# name 3 = timeM: Time, Elapsed [minutes]
# name 4 = timeS: Time, Elapsed [seconds]
# name 5 = density00: Density [density, kg/m^3]
# name 6 = specc: Specific Conductance [uS/cm]
# name 7 = sal00: Salinity, Practical [PSU]
# name 8 = depSM: Depth [salt water, m], lat = 59.00
# name 9 = oxsolML/L: Oxygen Saturation, Garcia & Gordon [ml/l]
# name 10 = potemp090C: Potential Temperature [ITS-90, deg C]
# name 11 = tv290C: Temperature [ITS-90, deg C]
# name 12 = sigma-é00: Density [sigma-theta, kg/m^3]
# name 13 = n2satML/L: Nitrogen Saturation [ml/l]
# name 14 = par: PAR/Irradiance, Biospherical/Licor [umol photons/m^2/sec]
# name 15 = prdM: Pressure, Strain Gauge [db]
# name 16 = flag:  0.000e+00
# span 0 =          1,        359       
# span 1 = 123.997465, 123.998501       
# span 2 =    0.00000,    0.02486       
# span 3 =     0.0000,     1.4917       
# span 4 =      0.000,     89.500       
# span 5 =  1000.2570,  1024.5196       
# span 6 =    816.343,  50161.311       
# span 7 =     0.3838,    30.7162       
# span 8 =     -0.109,     20.030       
# span 9 =    7.57001,    9.62781       
# span 10 =     2.0923,     3.3927      
# span 11 =     2.0923,     3.3938      
# span 12 =     0.2576,    24.4503      
# span 13 =   13.52503,   17.40831      
# span 14 = 3.7490e-02, 7.2061e-01      
# span 15 =     -0.110,     20.221      
# span 16 = 0.0000e+00, 0.0000e+00      
# interval = seconds: 0.25
# start_time = May 02 2012 23:56:21 [Instrument's time stamp, header]
# bad_flag = -9.990e-29
*END*
[from data line 171]
        172 123.997960    0.01188     0.7125     42.750  1024.3083  49882.559    30.5322      1.203    7.61209     3.2255     3.2169    24.3026   13.59678 4.0481e-02      1.215 0.0000e+00
        173 123.997963    0.01194     0.7167     43.000  1024.3282  49919.386    30.5575      1.184    7.61048     3.2382     3.2186    24.3226   13.59378 3.9899e-02      1.195 0.0000e+00
        174 123.997966    0.01201     0.7208     43.250  1024.3455  49950.167    30.5799      1.176    7.60801     3.2550     3.2255    24.3399   13.58941 3.9705e-02      1.187 0.0000e+00
        175 123.997969    0.01208     0.7250     43.500  1024.3585  49971.678    30.5976      1.182    7.60470     3.2730     3.2382    24.3529   13.58370 3.9862e-02      1.193 0.0000e+00
        176 123.997972    0.01215     0.7292     43.750  1024.3673  49984.278    30.6103      1.202    7.60088     3.2899     3.2550    24.3616   13.57723 4.0321e-02      1.213 0.0000e+00
        177 123.997975    0.01222     0.7333     44.000  1024.3722  49989.269    30.6181      1.235    7.59709     3.3046     3.2730    24.3663   13.57087 4.1078e-02      1.246 0.0000e+00
        178 123.997977    0.01229     0.7375     44.250  1024.3728  49986.497    30.6204      1.278    7.59377     3.3165     3.2900    24.3667   13.56537 4.2138e-02      1.290 0.0000e+00
        179 123.997980    0.01236     0.7417     44.500  1024.3682  49974.443    30.6159      1.328    7.59124     3.3253     3.3047    24.3619   13.56125 4.3419e-02      1.341 0.0000e+00
        180 123.997983    0.01243     0.7458     44.750  1024.3572  49951.130    30.6030      1.381    7.58967     3.3310     3.3166    24.3507   13.55883 4.4810e-02      1.394 0.0000e+00
        181 123.997986    0.01250     0.7500     45.000  1024.3391  49915.197    30.5809      1.430    7.58916     3.3341     3.3254    24.3323   13.55828 4.6285e-02      1.444 0.0000e+00
        182 123.997989    0.01257     0.7542     45.250  1024.3159  49870.523    30.5521      1.472    7.58956     3.3352     3.3311    24.3089   13.55933 4.7901e-02      1.486 0.0000e+00
        183 123.997992    0.01264     0.7583     45.500  1024.2935  49828.010    30.5241      1.504    7.59042     3.3343     3.3342    24.2864   13.56112 4.9726e-02      1.518 0.0000e+00
        184 123.997995    0.01271     0.7625     45.750  1024.2766  49796.266    30.5029      1.524    7.59131     3.3310     3.3353    24.2694   13.56287 5.1781e-02      1.538 0.0000e+00
        185 123.997998    0.01278     0.7667     46.000  1024.2662  49776.972    30.4897      1.533    7.59217     3.3261     3.3344    24.2589   13.56447 5.3977e-02      1.547 0.0000e+00
        186 123.998001    0.01285     0.7708     46.250  1024.2618  49769.499    30.4838      1.530    7.59310     3.3213     3.3311    24.2545   13.56607 5.6152e-02      1.544 0.0000e+00
        187 123.998003    0.01292     0.7750     46.500  1024.2617  49770.354    30.4832      1.517    7.59404     3.3175     3.3262    24.2544   13.56764 5.8180e-02      1.531 0.0000e+00
        188 123.998006    0.01299     0.7792     46.750  1024.2624  49772.810    30.4837      1.496    7.59492     3.3143     3.3214    24.2552   13.56907 6.0010e-02      1.510 0.0000e+00
        189 123.998009    0.01306     0.7833     47.000  1024.2613  49771.867    30.4821      1.467    7.59572     3.3111     3.3175    24.2543   13.57043 6.1558e-02      1.480 0.0000e+00
        190 123.998012    0.01313     0.7875     47.250  1024.2583  49767.178    30.4782      1.431    7.59652     3.3077     3.3143    24.2515   13.57180 6.2671e-02      1.444 0.0000e+00
        191 123.998015    0.01319     0.7917     47.500  1024.2548  49761.706    30.4738      1.389    7.59734     3.3043     3.3112    24.2482   13.57322 6.3163e-02      1.402 0.0000e+00
        192 123.998018    0.01326     0.7958     47.750  1024.2526  49758.692    30.4709      1.343    7.59814     3.3014     3.3077    24.2462   13.57457 6.2815e-02      1.356 0.0000e+00
        193 123.998021    0.01333     0.8000     48.000  1024.2526  49759.887    30.4709      1.297    7.59879     3.2996     3.3043    24.2465   13.57564 6.1454e-02      1.309 0.0000e+00
        194 123.998024    0.01340     0.8042     48.250  1024.2553  49765.714    30.4742      1.252    7.59915     3.2991     3.3015    24.2493   13.57620 5.9093e-02      1.264 0.0000e+00
        195 123.998027    0.01347     0.8083     48.500  1024.2604  49775.944    30.4806      1.212    7.59915     3.2999     3.2997    24.2546   13.57611 5.5964e-02      1.223 0.0000e+00
        196 123.998030    0.01354     0.8125     48.750  1024.2677  49789.938    30.4899      1.181    7.59878     3.3022     3.2991    24.2621   13.57537 5.2437e-02      1.192 0.0000e+00
        197 123.998032    0.01361     0.8167     49.000  1024.2765  49806.248    30.5012      1.162    7.59804     3.3060     3.3000    24.2710   13.57400 4.8997e-02      1.173 0.0000e+00
        198 123.998035    0.01368     0.8208     49.250  1024.2854  49822.305    30.5126      1.158    7.59701     3.3106     3.3023    24.2799   13.57215 4.6099e-02      1.169 0.0000e+00
        199 123.998038    0.01375     0.8250     49.500  1024.2929  49835.481    30.5224      1.171    7.59581     3.3154     3.3060    24.2874   13.57003 4.3962e-02      1.182 0.0000e+00
        200 123.998041    0.01382     0.8292     49.750  1024.2979  49843.545    30.5290      1.199    7.59460     3.3196     3.3106    24.2922   13.56795 4.2587e-02      1.210 0.0000e+00
        201 123.998044    0.01389     0.8333     50.000  1024.2985  49843.408    30.5300      1.239    7.59364     3.3225     3.3155    24.2927   13.56635 4.1859e-02      1.251 0.0000e+00
        202 123.998047    0.01396     0.8375     50.250  1024.2929  49831.661    30.5231      1.286    7.59320     3.3235     3.3197    24.2868   13.56572 4.1617e-02      1.298 0.0000e+00
        203 123.998050    0.01403     0.8417     50.500  1024.2813  49809.083    30.5086      1.334    7.59340     3.3225     3.3226    24.2749   13.56625 4.1755e-02      1.347 0.0000e+00
        204 123.998053    0.01410     0.8458     50.750  1024.2678  49783.446    30.4915      1.378    7.59409     3.3191     3.3236    24.2612   13.56761 4.2269e-02      1.391 0.0000e+00
        205 123.998056    0.01417     0.8500     51.000  1024.2572  49763.635    30.4779      1.414    7.59499     3.3136     3.3226    24.2505   13.56928 4.3200e-02      1.428 0.0000e+00
        206 123.998058    0.01424     0.8542     51.250  1024.2520  49754.317    30.4707      1.439    7.59599     3.3070     3.3192    24.2451   13.57102 4.4577e-02      1.453 0.0000e+00
        207 123.998061    0.01431     0.8583     51.500  1024.2530  49757.306    30.4714      1.454    7.59700     3.3012     3.3136    24.2461   13.57269 4.6398e-02      1.468 0.0000e+00
        208 123.998064    0.01438     0.8625     51.750  1024.2601  49771.840    30.4796      1.458    7.59782     3.2976     3.3070    24.2532   13.57394 4.8644e-02      1.472 0.0000e+00
        209 123.998067    0.01444     0.8667     52.000  1024.2717  49794.575    30.4935      1.454    7.59819     3.2966     3.3013    24.2648   13.57436 5.1257e-02      1.468 0.0000e+00
        210 123.998070    0.01451     0.8708     52.250  1024.2852  49820.615    30.5102      1.447    7.59800     3.2975     3.2977    24.2784   13.57383 5.4105e-02      1.461 0.0000e+00
        211 123.998073    0.01458     0.8750     52.500  1024.2978  49844.216    30.5259      1.441    7.59739     3.2993     3.2967    24.2909   13.57260 5.6950e-02      1.454 0.0000e+00
        212 123.998076    0.01465     0.8792     52.750  1024.3063  49859.892    30.5367      1.437    7.59666     3.3007     3.2976    24.2994   13.57125 5.9414e-02      1.451 0.0000e+00
        213 123.998079    0.01472     0.8833     53.000  1024.3081  49862.827    30.5391      1.438    7.59619     3.2997     3.2994    24.3012   13.57045 6.1103e-02      1.451 0.0000e+00
        214 123.998082    0.01479     0.8875     53.250  1024.3014  49850.037    30.5308      1.441    7.59636     3.2942     3.3008    24.2945   13.57084 6.1889e-02      1.454 0.0000e+00
        215 123.998084    0.01486     0.8917     53.500  1024.2877  49824.760    30.5135      1.441    7.59745     3.2823     3.2998    24.2808   13.57286 6.1952e-02      1.455 0.0000e+00
        216 123.998087    0.01493     0.8958     53.750  1024.2725  49797.784    30.4939      1.435    7.59949     3.2622     3.2943    24.2656   13.57649 6.1547e-02      1.448 0.0000e+00
        217 123.998090    0.01500     0.9000     54.000  1024.2632  49783.132    30.4811      1.418    7.60241     3.2346     3.2824    24.2564   13.58148 6.0778e-02      1.432 0.0000e+00
        218 123.998093    0.01507     0.9042     54.250  1024.2661  49793.040    30.4828      1.391    7.60611     3.2038     3.2623    24.2594   13.58758 5.9546e-02      1.404 0.0000e+00
        219 123.998096    0.01514     0.9083     54.500  1024.2830  49830.585    30.5013      1.354    7.61036     3.1758     3.2347    24.2765   13.59434 5.7681e-02      1.367 0.0000e+00
        220 123.998099    0.01521     0.9125     54.750  1024.3102  49888.252    30.5326      1.311    7.61455     3.1553     3.2039    24.3040   13.60084 5.5101e-02      1.323 0.0000e+00
        221 123.998102    0.01528     0.9167     55.000  1024.3426  49954.888    30.5706      1.268    7.61788     3.1446     3.1759    24.3366   13.60582 5.1952e-02      1.280 0.0000e+00
        222 123.998105    0.01535     0.9208     55.250  1024.3746  50019.132    30.6089      1.231    7.61977     3.1442     3.1554    24.3688   13.60843 4.8672e-02      1.243 0.0000e+00
        223 123.998108    0.01542     0.9250     55.500  1024.4011  50070.953    30.6412      1.207    7.62012     3.1547     3.1447    24.3954   13.60859 4.5798e-02      1.218 0.0000e+00
        224 123.998111    0.01549     0.9292     55.750  1024.4186  50103.563    30.6631      1.200    7.61905     3.1746     3.1443    24.4129   13.60653 4.3678e-02      1.211 0.0000e+00
        225 123.998113    0.01556     0.9333     56.000  1024.4257  50114.377    30.6730      1.211    7.61656     3.1995     3.1548    24.4199   13.60228 4.2387e-02      1.222 0.0000e+00
        226 123.998116    0.01563     0.9375     56.250  1024.4228  50104.477    30.6713      1.236    7.61288     3.2239     3.1747    24.4169   13.59623 4.1782e-02      1.248 0.0000e+00
        227 123.998119    0.01569     0.9417     56.500  1024.4094  50073.828    30.6568      1.270    7.60894     3.2439     3.1996    24.4033   13.58992 4.1614e-02      1.282 0.0000e+00
        228 123.998122    0.01576     0.9458     56.750  1024.3846  50022.283    30.6281      1.305    7.60582     3.2577     3.2239    24.3784   13.58516 4.1691e-02      1.317 0.0000e+00
        229 123.998125    0.01583     0.9500     57.000  1024.3539  49960.623    30.5915      1.333    7.60393     3.2646     3.2440    24.3475   13.58253 4.1955e-02      1.346 0.0000e+00
        230 123.998128    0.01590     0.9542     57.250  1024.3275  49908.462    30.5597      1.353    7.60297     3.2648     3.2578    24.3211   13.58136 4.2418e-02      1.366 0.0000e+00
        231 123.998131    0.01597     0.9583     57.500  1024.3132  49880.357    30.5424      1.362    7.60257     3.2609     3.2647    24.3067   13.58092 4.3096e-02      1.375 0.0000e+00
        232 123.998134    0.01604     0.9625     57.750  1024.3147  49883.161    30.5444      1.363    7.60242     3.2574     3.2649    24.3083   13.58065 4.3979e-02      1.377 0.0000e+00
        233 123.998137    0.01611     0.9667     58.000  1024.3311  49914.464    30.5645      1.362    7.60211     3.2580     3.2610    24.3247   13.57988 4.5054e-02      1.376 0.0000e+00
        234 123.998139    0.01618     0.9708     58.250  1024.3556  49960.599    30.5948      1.365    7.60121     3.2639     3.2575    24.3491   13.57799 4.6339e-02      1.379 0.0000e+00
        235 123.998142    0.01625     0.9750     58.500  1024.3794  50004.594    30.6246      1.379    7.59956     3.2745     3.2581    24.3728   13.57486 4.7795e-02      1.392 0.0000e+00
        236 123.998145    0.01632     0.9792     58.750  1024.3959  50033.880    30.6459      1.405    7.59734     3.2869     3.2640    24.3893   13.57093 4.9221e-02      1.419 0.0000e+00
        237 123.998148    0.01639     0.9833     59.000  1024.4011  50041.092    30.6533      1.444    7.59498     3.2974     3.2745    24.3943   13.56692 5.0335e-02      1.457 0.0000e+00
        238 123.998151    0.01646     0.9875     59.250  1024.3930  50022.936    30.6441      1.486    7.59312     3.3027     3.2870    24.3860   13.56397 5.1016e-02      1.500 0.0000e+00
        239 123.998154    0.01653     0.9917     59.500  1024.3713  49980.128    30.6178      1.521    7.59250     3.2999     3.2975    24.3641   13.56330 5.1447e-02      1.535 0.0000e+00
        240 123.998157    0.01660     0.9958     59.750  1024.3411  49922.805    30.5804      1.539    7.59343     3.2868     3.3028    24.3338   13.56534 5.1964e-02      1.554 0.0000e+00
        241 123.998160    0.01667     1.0000     60.000  1024.3145  49874.012    30.5467      1.535    7.59569     3.2636     3.3000    24.3073   13.56952 5.2802e-02      1.549 0.0000e+00
        242 123.998163    0.01674     1.0042     60.250  1024.3035  49856.488    30.5317      1.505    7.59895     3.2353     3.2869    24.2963   13.57510 5.3926e-02      1.519 0.0000e+00
        243 123.998166    0.01681     1.0083     60.500  1024.3117  49877.153    30.5399      1.452    7.60290     3.2087     3.2637    24.3048   13.58151 5.4902e-02      1.466 0.0000e+00
        244 123.998168    0.01688     1.0125     60.750  1024.3350  49926.955    30.5665      1.383    7.60684     3.1884     3.2354    24.3284   13.58766 5.4939e-02      1.396 0.0000e+00
        245 123.998171    0.01694     1.0167     61.000  1024.3664  49991.613    30.6036      1.308    7.60995     3.1767     3.2088    24.3601   13.59229 5.3524e-02      1.320 0.0000e+00
        246 123.998174    0.01701     1.0208     61.250  1024.3990  50057.133    30.6428      1.237    7.61175     3.1747     3.1885    24.3930   13.59476 5.0996e-02      1.249 0.0000e+00
        247 123.998177    0.01708     1.0250     61.500  1024.4260  50110.428    30.6759      1.182    7.61226     3.1835     3.1768    24.4204   13.59514 4.8155e-02      1.193 0.0000e+00
        248 123.998180    0.01715     1.0292     61.750  1024.4441  50144.829    30.6986      1.151    7.61146     3.2026     3.1748    24.4386   13.59352 4.5697e-02      1.162 0.0000e+00
        249 123.998183    0.01722     1.0333     62.000  1024.4540  50161.311    30.7120      1.145    7.60910     3.2279     3.1836    24.4485   13.58946 4.3986e-02      1.156 0.0000e+00
        250 123.998186    0.01729     1.0375     62.250  1024.4559  50160.445    30.7162      1.163    7.60528     3.2538     3.2027    24.4503   13.58309 4.3025e-02      1.174 0.0000e+00
        251 123.998189    0.01736     1.0417     62.500  1024.4480  50140.113    30.7087      1.199    7.60089     3.2760     3.2280    24.4423   13.57595 4.2596e-02      1.210 0.0000e+00
        252 123.998192    0.01743     1.0458     62.750  1024.4305  50101.706    30.6892      1.245    7.59703     3.2927     3.2538    24.4246   13.56983 4.2472e-02      1.256 0.0000e+00
        253 123.998194    0.01750     1.0500     63.000  1024.4052  50049.580    30.6595      1.293    7.59437     3.3034     3.2761    24.3991   13.56583 4.2548e-02      1.305 0.0000e+00
        254 123.998197    0.01757     1.0542     63.250  1024.3760  49991.501    30.6244      1.335    7.59304     3.3083     3.2928    24.3697   13.56410 4.2781e-02      1.348 0.0000e+00
        255 123.998200    0.01764     1.0583     63.500  1024.3497  49940.010    30.5922      1.368    7.59269     3.3079     3.3035    24.3432   13.56395 4.3142e-02      1.381 0.0000e+00
