CTD-processing/allCTD/CNV--homogene/2012_10-28_t6_s13_cast016.cnv
* Sea-Bird SBE19plus Data File:
* FileName = C:\Documents and Settings\kris.holderied.local\My Documents\2012-10-CookInlet-Ocean-LTM\2012-10-28-EVOSTC-CookInletOcean-Tran6-Douglas\2012-10-28-CookInletOcean-Tran6-cast016.hex
* Software Version 1.54
* Temperature SN =  4141
* Conductivity SN =  4141
* System UpLoad Time = Oct 28 2012 19:43:14
** Cook Inlet EVOSTC Transect 6 Douglas line west to east
** Date:   28 Oct 2012
** Station:  6-13
** Start time (AKDT-24 hr):  1402
** Depth (m):  136
** Comment:Winds picked up again, NW 15kts. Some white caps, Seas ~3ft.
# nquan = 17
# nvalues = 849                         
# units = specified
# name 0 = scan: Scan Count
# name 1 = timeJ: Julian Days
# name 2 = timeH: Time, Elapsed [hours]
# name 3 = timeM: Time, Elapsed [minutes]
# name 4 = timeS: Time, Elapsed [seconds]
# name 5 = density00: Density [density, kg/m^3]
# name 6 = specc: Specific Conductance [uS/cm]
# name 7 = sal00: Salinity, Practical [PSU]
# name 8 = depSM: Depth [salt water, m], lat = 59.00
# name 9 = oxsolML/L: Oxygen Saturation, Garcia & Gordon [ml/l]
# name 10 = potemp090C: Potential Temperature [ITS-90, deg C]
# name 11 = tv290C: Temperature [ITS-90, deg C]
# name 12 = sigma-é00: Density [sigma-theta, kg/m^3]
# name 13 = n2satML/L: Nitrogen Saturation [ml/l]
# name 14 = par: PAR/Irradiance, Biospherical/Licor
# name 15 = prdM: Pressure, Strain Gauge [db]
# name 16 = flag:  0.000e+00
# span 0 =          1,        849       
# span 1 = 302.586030, 302.588484       
# span 2 =    0.00000,    0.05889       
# span 3 =     0.0000,     3.5333       
# span 4 =      0.000,    212.000       
# span 5 =  1000.5539,  1025.9775       
# span 6 =   1542.421,  51702.991       
# span 7 =     0.7576,    32.4292       
# span 8 =     -0.040,    108.891       
# span 9 =    6.75052,    8.71094       
# span 10 =     5.7826,     7.8694      
# span 11 =     5.7826,     7.8704      
# span 12 =     0.5541,    25.4715      
# span 13 =   12.15477,   15.86471      
# span 14 = 3.7421e-02, 1.6354e+03      
# span 15 =     -0.041,    109.948      
# span 16 = 0.0000e+00, 0.0000e+00      
# interval = seconds: 0.25
# start_time = Oct 28 2012 14:03:53 [Instrument's time stamp, header]
# bad_flag = -9.990e-29
*END*
[from data line 426]
        427 302.587263    0.02958     1.7750    106.500  1024.9743  50628.276    31.9862     10.385    6.75056     7.8670     7.8700    24.9264   12.15483 4.3048e+01     10.483 0.0000e+00
        428 302.587266    0.02965     1.7792    106.750  1024.9759  50629.162    31.9865     10.642    6.75066     7.8654     7.8692    24.9268   12.15499 4.2750e+01     10.743 0.0000e+00
        429 302.587269    0.02972     1.7833    107.000  1024.9779  50630.521    31.9872     10.923    6.75082     7.8637     7.8680    24.9274   12.15524 4.2451e+01     11.027 0.0000e+00
        430 302.587271    0.02979     1.7875    107.250  1024.9801  50632.122    31.9879     11.225    6.75102     7.8617     7.8665    24.9282   12.15557 4.2172e+01     11.332 0.0000e+00
        431 302.587274    0.02986     1.7917    107.500  1024.9824  50633.808    31.9887     11.539    6.75126     7.8597     7.8648    24.9291   12.15594 4.2009e+01     11.648 0.0000e+00
        432 302.587277    0.02993     1.7958    107.750  1024.9848  50635.710    31.9895     11.852    6.75151     7.8578     7.8629    24.9300   12.15636 4.1977e+01     11.964 0.0000e+00
        433 302.587280    0.03000     1.8000    108.000  1024.9872  50637.830    31.9906     12.153    6.75177     7.8561     7.8609    24.9311   12.15678 4.1869e+01     12.268 0.0000e+00
        434 302.587283    0.03007     1.8042    108.250  1024.9896  50639.848    31.9915     12.434    6.75202     7.8545     7.8590    24.9322   12.15717 4.1383e+01     12.551 0.0000e+00
        435 302.587286    0.03014     1.8083    108.500  1024.9916  50641.422    31.9922     12.691    6.75224     7.8530     7.8573    24.9330   12.15754 4.0430e+01     12.811 0.0000e+00
        436 302.587289    0.03021     1.8125    108.750  1024.9933  50642.702    31.9927     12.927    6.75246     7.8514     7.8558    24.9336   12.15789 3.9291e+01     13.049 0.0000e+00
        437 302.587292    0.03028     1.8167    109.000  1024.9950  50644.028    31.9933     13.144    6.75266     7.8499     7.8542    24.9343   12.15822 3.8316e+01     13.269 0.0000e+00
        438 302.587295    0.03035     1.8208    109.250  1024.9967  50645.391    31.9939     13.353    6.75287     7.8486     7.8527    24.9350   12.15855 3.7589e+01     13.479 0.0000e+00
        439 302.587297    0.03042     1.8250    109.500  1024.9983  50646.789    31.9946     13.561    6.75306     7.8475     7.8513    24.9357   12.15887 3.6963e+01     13.689 0.0000e+00
        440 302.587300    0.03049     1.8292    109.750  1025.0001  50648.262    31.9953     13.777    6.75324     7.8466     7.8499    24.9365   12.15914 3.6369e+01     13.907 0.0000e+00
        441 302.587303    0.03056     1.8333    110.000  1025.0019  50649.693    31.9960     14.005    6.75338     7.8459     7.8488    24.9372   12.15937 3.5877e+01     14.137 0.0000e+00
        442 302.587306    0.03062     1.8375    110.250  1025.0036  50650.910    31.9966     14.248    6.75348     7.8454     7.8479    24.9378   12.15954 3.5506e+01     14.382 0.0000e+00
        443 302.587309    0.03069     1.8417    110.500  1025.0052  50651.850    31.9970     14.502    6.75356     7.8450     7.8473    24.9382   12.15966 3.5256e+01     14.640 0.0000e+00
        444 302.587312    0.03076     1.8458    110.750  1025.0067  50652.588    31.9974     14.764    6.75362     7.8447     7.8468    24.9385   12.15975 3.5083e+01     14.904 0.0000e+00
        445 302.587315    0.03083     1.8500    111.000  1025.0082  50653.173    31.9976     15.026    6.75367     7.8444     7.8464    24.9388   12.15983 3.4867e+01     15.168 0.0000e+00
        446 302.587318    0.03090     1.8542    111.250  1025.0095  50653.719    31.9978     15.279    6.75371     7.8441     7.8461    24.9390   12.15989 3.4575e+01     15.424 0.0000e+00
        447 302.587321    0.03097     1.8583    111.500  1025.0109  50654.333    31.9981     15.515    6.75374     7.8438     7.8459    24.9392   12.15994 3.4281e+01     15.662 0.0000e+00
        448 302.587323    0.03104     1.8625    111.750  1025.0121  50654.930    31.9984     15.730    6.75377     7.8436     7.8456    24.9395   12.15998 3.4105e+01     15.879 0.0000e+00
        449 302.587326    0.03111     1.8667    112.000  1025.0132  50655.425    31.9986     15.925    6.75379     7.8433     7.8454    24.9397   12.16001 3.4121e+01     16.076 0.0000e+00
        450 302.587329    0.03118     1.8708    112.250  1025.0142  50655.839    31.9988     16.110    6.75382     7.8430     7.8452    24.9398   12.16006 3.4204e+01     16.263 0.0000e+00
        451 302.587332    0.03125     1.8750    112.500  1025.0152  50656.218    31.9989     16.296    6.75385     7.8425     7.8449    24.9400   12.16011 3.4142e+01     16.451 0.0000e+00
        452 302.587335    0.03132     1.8792    112.750  1025.0163  50656.624    31.9991     16.491    6.75389     7.8419     7.8446    24.9401   12.16018 3.3826e+01     16.648 0.0000e+00
        453 302.587338    0.03139     1.8833    113.000  1025.0175  50657.110    31.9992     16.703    6.75396     7.8411     7.8441    24.9403   12.16029 3.3213e+01     16.862 0.0000e+00
        454 302.587341    0.03146     1.8875    113.250  1025.0189  50657.742    31.9995     16.938    6.75404     7.8403     7.8435    24.9406   12.16042 3.2354e+01     17.098 0.0000e+00
        455 302.587344    0.03153     1.8917    113.500  1025.0204  50658.521    31.9998     17.194    6.75414     7.8393     7.8428    24.9410   12.16058 3.1378e+01     17.356 0.0000e+00
        456 302.587347    0.03160     1.8958    113.750  1025.0221  50659.461    32.0002     17.470    6.75425     7.8382     7.8419    24.9414   12.16075 3.0406e+01     17.635 0.0000e+00
        457 302.587350    0.03167     1.9000    114.000  1025.0241  50660.739    32.0008     17.760    6.75437     7.8371     7.8410    24.9420   12.16095 2.9539e+01     17.928 0.0000e+00
        458 302.587352    0.03174     1.9042    114.250  1025.0263  50662.377    32.0016     18.059    6.75450     7.8361     7.8399    24.9428   12.16115 2.8791e+01     18.230 0.0000e+00
        459 302.587355    0.03181     1.9083    114.500  1025.0285  50664.088    32.0025     18.361    6.75462     7.8354     7.8388    24.9437   12.16135 2.8135e+01     18.535 0.0000e+00
        460 302.587358    0.03188     1.9125    114.750  1025.0306  50665.639    32.0033     18.656    6.75473     7.8348     7.8379    24.9444   12.16151 2.7589e+01     18.833 0.0000e+00
        461 302.587361    0.03194     1.9167    115.000  1025.0326  50666.997    32.0040     18.939    6.75481     7.8343     7.8372    24.9451   12.16164 2.7097e+01     19.118 0.0000e+00
        462 302.587364    0.03201     1.9208    115.250  1025.0343  50668.107    32.0045     19.206    6.75487     7.8339     7.8366    24.9456   12.16174 2.6496e+01     19.389 0.0000e+00
        463 302.587367    0.03208     1.9250    115.500  1025.0359  50668.979    32.0050     19.459    6.75492     7.8337     7.8362    24.9460   12.16181 2.5690e+01     19.644 0.0000e+00
        464 302.587370    0.03215     1.9292    115.750  1025.0374  50669.787    32.0054     19.702    6.75496     7.8335     7.8358    24.9464   12.16186 2.4710e+01     19.889 0.0000e+00
        465 302.587373    0.03222     1.9333    116.000  1025.0389  50670.588    32.0058     19.941    6.75497     7.8333     7.8356    24.9467   12.16188 2.3656e+01     20.130 0.0000e+00
        466 302.587376    0.03229     1.9375    116.250  1025.0403  50671.351    32.0062     20.181    6.75498     7.8330     7.8354    24.9471   12.16189 2.2617e+01     20.373 0.0000e+00
        467 302.587378    0.03236     1.9417    116.500  1025.0418  50672.200    32.0067     20.427    6.75499     7.8327     7.8353    24.9475   12.16190 2.1664e+01     20.621 0.0000e+00
        468 302.587381    0.03243     1.9458    116.750  1025.0435  50673.333    32.0073     20.678    6.75500     7.8322     7.8350    24.9480   12.16190 2.0891e+01     20.874 0.0000e+00
        469 302.587384    0.03250     1.9500    117.000  1025.0453  50674.690    32.0081     20.931    6.75502     7.8317     7.8347    24.9487   12.16192 2.0320e+01     21.130 0.0000e+00
        470 302.587387    0.03257     1.9542    117.250  1025.0472  50676.085    32.0088     21.184    6.75505     7.8312     7.8342    24.9494   12.16197 1.9859e+01     21.385 0.0000e+00
        471 302.587390    0.03264     1.9583    117.500  1025.0491  50677.592    32.0097     21.433    6.75509     7.8307     7.8337    24.9501   12.16202 1.9454e+01     21.637 0.0000e+00
        472 302.587393    0.03271     1.9625    117.750  1025.0510  50679.193    32.0106     21.676    6.75512     7.8302     7.8332    24.9509   12.16207 1.9118e+01     21.882 0.0000e+00
        473 302.587396    0.03278     1.9667    118.000  1025.0529  50680.693    32.0115     21.912    6.75516     7.8298     7.8328    24.9516   12.16211 1.8842e+01     22.120 0.0000e+00
        474 302.587399    0.03285     1.9708    118.250  1025.0546  50682.131    32.0123     22.141    6.75519     7.8294     7.8323    24.9523   12.16215 1.8566e+01     22.351 0.0000e+00
        475 302.587402    0.03292     1.9750    118.500  1025.0564  50683.644    32.0132     22.363    6.75521     7.8290     7.8319    24.9531   12.16217 1.8234e+01     22.575 0.0000e+00
        476 302.587405    0.03299     1.9792    118.750  1025.0582  50685.202    32.0141     22.578    6.75523     7.8285     7.8315    24.9539   12.16219 1.7859e+01     22.793 0.0000e+00
        477 302.587407    0.03306     1.9833    119.000  1025.0600  50686.790    32.0151     22.788    6.75525     7.8280     7.8311    24.9547   12.16222 1.7505e+01     23.004 0.0000e+00
        478 302.587410    0.03313     1.9875    119.250  1025.0618  50688.470    32.0161     22.995    6.75527     7.8273     7.8307    24.9556   12.16225 1.7203e+01     23.214 0.0000e+00
        479 302.587413    0.03319     1.9917    119.500  1025.0637  50690.294    32.0171     23.206    6.75531     7.8264     7.8301    24.9565   12.16229 1.6921e+01     23.427 0.0000e+00
        480 302.587416    0.03326     1.9958    119.750  1025.0658  50692.404    32.0184     23.427    6.75535     7.8253     7.8295    24.9576   12.16235 1.6603e+01     23.650 0.0000e+00
        481 302.587419    0.03333     2.0000    120.000  1025.0682  50694.968    32.0200     23.663    6.75541     7.8240     7.8287    24.9589   12.16243 1.6222e+01     23.888 0.0000e+00
        482 302.587422    0.03340     2.0042    120.250  1025.0710  50698.040    32.0219     23.917    6.75549     7.8225     7.8276    24.9605   12.16253 1.5782e+01     24.145 0.0000e+00
        483 302.587425    0.03347     2.0083    120.500  1025.0741  50701.538    32.0240     24.189    6.75559     7.8206     7.8264    24.9624   12.16268 1.5302e+01     24.419 0.0000e+00
        484 302.587428    0.03354     2.0125    120.750  1025.0775  50705.404    32.0263     24.474    6.75572     7.8184     7.8248    24.9644   12.16287 1.4809e+01     24.707 0.0000e+00
        485 302.587431    0.03361     2.0167    121.000  1025.0812  50709.777    32.0289     24.768    6.75589     7.8158     7.8230    24.9668   12.16311 1.4332e+01     25.003 0.0000e+00
        486 302.587433    0.03368     2.0208    121.250  1025.0852  50714.782    32.0319     25.063    6.75609     7.8129     7.8208    24.9695   12.16341 1.3895e+01     25.302 0.0000e+00
        487 302.587436    0.03375     2.0250    121.500  1025.0895  50720.244    32.0352     25.356    6.75634     7.8101     7.8182    24.9724   12.16378 1.3509e+01     25.597 0.0000e+00
        488 302.587439    0.03382     2.0292    121.750  1025.0938  50725.785    32.0384     25.641    6.75663     7.8075     7.8154    24.9754   12.16422 1.3160e+01     25.885 0.0000e+00
        489 302.587442    0.03389     2.0333    122.000  1025.0979  50731.053    32.0415     25.920    6.75693     7.8053     7.8126    24.9782   12.16467 1.2810e+01     26.167 0.0000e+00
        490 302.587445    0.03396     2.0375    122.250  1025.1017  50735.804    32.0443     26.193    6.75720     7.8033     7.8100    24.9807   12.16508 1.2429e+01     26.443 0.0000e+00
        491 302.587448    0.03403     2.0417    122.500  1025.1052  50739.960    32.0468     26.464    6.75743     7.8017     7.8078    24.9830   12.16544 1.2018e+01     26.716 0.0000e+00
        492 302.587451    0.03410     2.0458    122.750  1025.1083  50743.550    32.0488     26.735    6.75763     7.8001     7.8059    24.9849   12.16575 1.1588e+01     26.990 0.0000e+00
        493 302.587454    0.03417     2.0500    123.000  1025.1112  50746.619    32.0506     27.012    6.75781     7.7987     7.8042    24.9865   12.16602 1.1147e+01     27.269 0.0000e+00
        494 302.587457    0.03424     2.0542    123.250  1025.1139  50749.269    32.0521     27.295    6.75797     7.7972     7.8027    24.9879   12.16627 1.0714e+01     27.554 0.0000e+00
        495 302.587459    0.03431     2.0583    123.500  1025.1165  50751.676    32.0534     27.578    6.75814     7.7956     7.8013    24.9891   12.16653 1.0319e+01     27.840 0.0000e+00
        496 302.587462    0.03438     2.0625    123.750  1025.1190  50754.006    32.0547     27.854    6.75831     7.7938     7.7998    24.9903   12.16679 9.9815e+00     28.119 0.0000e+00
        497 302.587465    0.03444     2.0667    124.000  1025.1214  50756.362    32.0559     28.116    6.75849     7.7919     7.7983    24.9915   12.16708 9.7042e+00     28.384 0.0000e+00
        498 302.587468    0.03451     2.0708    124.250  1025.1238  50758.842    32.0573     28.361    6.75869     7.7898     7.7965    24.9928   12.16740 9.4795e+00     28.631 0.0000e+00
        499 302.587471    0.03458     2.0750    124.500  1025.1263  50761.565    32.0587     28.589    6.75892     7.7875     7.7946    24.9943   12.16776 9.2896e+00     28.861 0.0000e+00
        500 302.587474    0.03465     2.0792    124.750  1025.1290  50764.622    32.0604     28.806    6.75917     7.7854     7.7925    24.9959   12.16815 9.1127e+00     29.080 0.0000e+00
        501 302.587477    0.03472     2.0833    125.000  1025.1317  50767.891    32.0623     29.017    6.75943     7.7834     7.7903    24.9976   12.16856 8.9311e+00     29.293 0.0000e+00
        502 302.587480    0.03479     2.0875    125.250  1025.1344  50771.068    32.0640     29.233    6.75968     7.7817     7.7882    24.9993   12.16895 8.7382e+00     29.511 0.0000e+00
        503 302.587483    0.03486     2.0917    125.500  1025.1369  50773.933    32.0656     29.457    6.75991     7.7802     7.7862    25.0009   12.16930 8.5393e+00     29.737 0.0000e+00
        504 302.587486    0.03493     2.0958    125.750  1025.1393  50776.419    32.0670     29.693    6.76011     7.7788     7.7845    25.0022   12.16962 8.3418e+00     29.975 0.0000e+00
        505 302.587488    0.03500     2.1000    126.000  1025.1416  50778.626    32.0682     29.938    6.76029     7.7776     7.7830    25.0033   12.16991 8.1498e+00     30.223 0.0000e+00
        506 302.587491    0.03507     2.1042    126.250  1025.1438  50780.642    32.0692     30.189    6.76045     7.7765     7.7816    25.0043   12.17016 7.9627e+00     30.476 0.0000e+00
        507 302.587494    0.03514     2.1083    126.500  1025.1459  50782.398    32.0702     30.442    6.76060     7.7756     7.7805    25.0052   12.17038 7.7785e+00     30.732 0.0000e+00
        508 302.587497    0.03521     2.1125    126.750  1025.1478  50783.913    32.0709     30.694    6.76072     7.7748     7.7795    25.0060   12.17057 7.5983e+00     30.986 0.0000e+00
        509 302.587500    0.03528     2.1167    127.000  1025.1496  50785.281    32.0716     30.942    6.76082     7.7739     7.7786    25.0066   12.17074 7.4253e+00     31.236 0.0000e+00
        510 302.587503    0.03535     2.1208    127.250  1025.1514  50786.569    32.0723     31.183    6.76092     7.7729     7.7777    25.0073   12.17090 7.2607e+00     31.480 0.0000e+00
