CTD-processing/allCTD/CNV--homogene/2012_08-31_t9_s10_cast142.cnv
* Sea-Bird SBE19plus Data File:
* FileName = C:\Documents and Settings\kris.holderied.local\My Documents\2012-CTD-DATA-new-files\2012-08-31-CTD-HomerSpitLine-LTM\2012-08-31-HomerSpitLine-cast142.hex
* Software Version 1.54
* Temperature SN =  4141
* Conductivity SN =  4141
* System UpLoad Time = Sep 20 2012 17:47:39
** Kachemak Bay Homer Spit Line - LTM
** Date:  2012-08-31
** Station:  9-10
** Start time (AKDT-24 hr): 16:35
** Depth (m): 62.8
** Comment:
# nquan = 17
# nvalues = 510                         
# units = specified
# name 0 = scan: Scan Count
# name 1 = timeJ: Julian Days
# name 2 = timeH: Time, Elapsed [hours]
# name 3 = timeM: Time, Elapsed [minutes]
# name 4 = timeS: Time, Elapsed [seconds]
# name 5 = density00: Density [density, kg/m^3]
# name 6 = specc: Specific Conductance [uS/cm]
# name 7 = sal00: Salinity, Practical [PSU]
# name 8 = depSM: Depth [salt water, m], lat = 59.00
# name 9 = oxsolML/L: Oxygen Saturation, Garcia & Gordon [ml/l]
# name 10 = potemp090C: Potential Temperature [ITS-90, deg C]
# name 11 = tv290C: Temperature [ITS-90, deg C]
# name 12 = sigma-é00: Density [sigma-theta, kg/m^3]
# name 13 = n2satML/L: Nitrogen Saturation [ml/l]
# name 14 = par: PAR/Irradiance, Biospherical/Licor
# name 15 = prdM: Pressure, Strain Gauge [db]
# name 16 = flag:  0.000e+00
# span 0 =          1,        510       
# span 1 = 244.691042, 244.692514       
# span 2 =    0.00000,    0.03535       
# span 3 =     0.0000,     2.1208       
# span 4 =      0.000,    127.250       
# span 5 =   999.9914,  1024.3112       
# span 6 =    796.368,  49133.289       
# span 7 =     0.3913,    31.0984       
# span 8 =     -0.117,     55.754       
# span 9 =    6.46433,    7.84283       
# span 10 =     9.0529,    10.8466      
# span 11 =     9.0587,    10.8467      
# span 12 =    -0.0081,    24.0564      
# span 13 =   11.71970,   14.40751      
# span 14 = 4.6045e-02, 1.2652e+02      
# span 15 =     -0.119,     56.287      
# span 16 = 0.0000e+00, 0.0000e+00      
# interval = seconds: 0.25
# start_time = Aug 31 2012 16:35:06 [Instrument's time stamp, header]
# bad_flag = -9.990e-29
*END*
[from data line 256]
        257 244.691782    0.01778     1.0667     64.000  1021.3923  44422.749    28.0310      0.884    6.48849    10.8255    10.8003    21.3883   11.76873 6.9918e+01      0.893 0.0000e+00
        258 244.691785    0.01785     1.0708     64.250  1021.3780  44398.653    28.0156      0.888    6.48707    10.8329    10.8148    21.3739   11.76657 7.0076e+01      0.897 0.0000e+00
        259 244.691788    0.01792     1.0750     64.500  1021.3667  44379.377    28.0032      0.889    6.48606    10.8379    10.8256    21.3626   11.76505 7.0281e+01      0.898 0.0000e+00
        260 244.691791    0.01799     1.0792     64.750  1021.3566  44361.972    27.9919      0.887    6.48548    10.8411    10.8330    21.3525   11.76421 7.0512e+01      0.896 0.0000e+00
        261 244.691794    0.01806     1.0833     65.000  1021.3457  44342.770    27.9790      0.882    6.48531    10.8431    10.8380    21.3417   11.76409 7.0682e+01      0.891 0.0000e+00
        262 244.691797    0.01812     1.0875     65.250  1021.3337  44321.132    27.9642      0.876    6.48547    10.8444    10.8412    21.3297   11.76454 7.0756e+01      0.885 0.0000e+00
        263 244.691800    0.01819     1.0917     65.500  1021.3227  44301.267    27.9506      0.871    6.48575    10.8453    10.8432    21.3187   11.76516 7.0748e+01      0.879 0.0000e+00
        264 244.691803    0.01826     1.0958     65.750  1021.3145  44286.296    27.9402      0.869    6.48599    10.8459    10.8445    21.3105   11.76568 7.0603e+01      0.877 0.0000e+00
        265 244.691806    0.01833     1.1000     66.000  1021.3094  44276.944    27.9338      0.874    6.48613    10.8463    10.8454    21.3054   11.76599 7.0204e+01      0.882 0.0000e+00
        266 244.691808    0.01840     1.1042     66.250  1021.3077  44273.886    27.9317      0.886    6.48613    10.8465    10.8460    21.3036   11.76602 6.9504e+01      0.894 0.0000e+00
        267 244.691811    0.01847     1.1083     66.500  1021.3094  44276.838    27.9338      0.906    6.48599    10.8466    10.8464    21.3052   11.76576 6.8608e+01      0.914 0.0000e+00
        268 244.691814    0.01854     1.1125     66.750  1021.3140  44285.336    27.9398      0.930    6.48571    10.8466    10.8466    21.3098   11.76523 6.7658e+01      0.939 0.0000e+00
        269 244.691817    0.01861     1.1167     67.000  1021.3210  44298.058    27.9487      0.954    6.48533    10.8465    10.8467    21.3167   11.76448 6.6763e+01      0.963 0.0000e+00
        270 244.691820    0.01868     1.1208     67.250  1021.3271  44309.162    27.9564      0.973    6.48502    10.8463    10.8467    21.3227   11.76386 6.5981e+01      0.982 0.0000e+00
        271 244.691823    0.01875     1.1250     67.500  1021.3291  44312.572    27.9588      0.987    6.48494    10.8461    10.8466    21.3245   11.76370 6.5182e+01      0.996 0.0000e+00
        272 244.691826    0.01882     1.1292     67.750  1021.3274  44309.431    27.9565      0.999    6.48505    10.8458    10.8464    21.3228   11.76392 6.4128e+01      1.008 0.0000e+00
        273 244.691829    0.01889     1.1333     68.000  1021.3261  44306.773    27.9546      1.016    6.48517    10.8454    10.8462    21.3214   11.76413 6.2642e+01      1.026 0.0000e+00
        274 244.691832    0.01896     1.1375     68.250  1021.3297  44313.060    27.9590      1.047    6.48503    10.8449    10.8459    21.3248   11.76385 6.0616e+01      1.057 0.0000e+00
        275 244.691834    0.01903     1.1417     68.500  1021.3421  44335.535    27.9746      1.098    6.48443    10.8440    10.8455    21.3370   11.76267 5.8037e+01      1.109 0.0000e+00
        276 244.691837    0.01910     1.1458     68.750  1021.3672  44381.193    28.0064      1.173    6.48319    10.8423    10.8450    21.3618   11.76024 5.5012e+01      1.185 0.0000e+00
        277 244.691840    0.01917     1.1500     69.000  1021.4055  44450.820    28.0549      1.272    6.48132    10.8396    10.8441    21.3996   11.75655 5.1670e+01      1.284 0.0000e+00
        278 244.691843    0.01924     1.1542     69.250  1021.4533  44537.778    28.1154      1.394    6.47906    10.8353    10.8425    21.4469   11.75205 4.8099e+01      1.407 0.0000e+00
        279 244.691846    0.01931     1.1583     69.500  1021.5123  44644.784    28.1898      1.539    6.47637    10.8294    10.8398    21.5052   11.74671 4.4349e+01      1.554 0.0000e+00
        280 244.691849    0.01938     1.1625     69.750  1021.5821  44771.354    28.2777      1.709    6.47335    10.8228    10.8355    21.5742   11.74063 4.0451e+01      1.725 0.0000e+00
        281 244.691852    0.01944     1.1667     70.000  1021.6522  44898.018    28.3656      1.905    6.47056    10.8161    10.8296    21.6435   11.73494 3.6470e+01      1.923 0.0000e+00
        282 244.691855    0.01951     1.1708     70.250  1021.7135  45008.111    28.4417      2.128    6.46836    10.8088    10.8230    21.7038   11.73036 3.2548e+01      2.148 0.0000e+00
        283 244.691858    0.01958     1.1750     70.500  1021.7645  45098.899    28.5044      2.378    6.46671    10.7989    10.8164    21.7536   11.72687 2.8857e+01      2.400 0.0000e+00
        284 244.691861    0.01965     1.1792     70.750  1021.8086  45176.937    28.5581      2.649    6.46552    10.7841    10.8092    21.7965   11.72424 2.5524e+01      2.674 0.0000e+00
        285 244.691863    0.01972     1.1833     71.000  1021.8526  45253.963    28.6108      2.939    6.46474    10.7621    10.7993    21.8392   11.72231 2.2606e+01      2.967 0.0000e+00
        286 244.691866    0.01979     1.1875     71.250  1021.9032  45342.235    28.6709      3.243    6.46434    10.7301    10.7845    21.8883   11.72094 2.0084e+01      3.274 0.0000e+00
        287 244.691869    0.01986     1.1917     71.500  1021.9669  45453.493    28.7463      3.559    6.46433    10.6851    10.7625    21.9506   11.72001 1.7895e+01      3.593 0.0000e+00
        288 244.691872    0.01993     1.1958     71.750  1022.0487  45596.484    28.8429      3.885    6.46484    10.6255    10.7306    22.0310   11.71970 1.5979e+01      3.922 0.0000e+00
        289 244.691875    0.02000     1.2000     72.000  1022.1482  45769.755    28.9593      4.219    6.46638    10.5532    10.6856    22.1289   11.72085 1.4296e+01      4.259 0.0000e+00
        290 244.691878    0.02007     1.2042     72.250  1022.2583  45960.300    29.0862      4.559    6.46955    10.4728    10.6260    22.2374   11.72459 1.2827e+01      4.602 0.0000e+00
        291 244.691881    0.02014     1.2083     72.500  1022.3729  46157.298    29.2162      4.902    6.47437    10.3891    10.5537    22.3504   11.73102 1.1553e+01      4.948 0.0000e+00
        292 244.691884    0.02021     1.2125     72.750  1022.4881  46354.435    29.3453      5.242    6.48038    10.3099    10.4733    22.4641   11.73945 1.0450e+01      5.292 0.0000e+00
        293 244.691887    0.02028     1.2167     73.000  1022.5957  46537.224    29.4639      5.577    6.48729    10.2427    10.3897    22.5701   11.74949 9.4935e+00      5.630 0.0000e+00
        294 244.691889    0.02035     1.2208     73.250  1022.6876  46692.241    29.5635      5.905    6.49439    10.1881    10.3105    22.6606   11.76007 8.6625e+00      5.962 0.0000e+00
        295 244.691892    0.02042     1.2250     73.500  1022.7656  46823.443    29.6478      6.225    6.50042    10.1395    10.2433    22.7371   11.76905 7.9395e+00      6.284 0.0000e+00
        296 244.691895    0.02049     1.2292     73.750  1022.8376  46945.448    29.7269      6.535    6.50488    10.0905    10.1888    22.8076   11.77550 7.3094e+00      6.597 0.0000e+00
        297 244.691898    0.02056     1.2333     74.000  1022.9106  47070.342    29.8088      6.835    6.50839    10.0401    10.1402    22.8792   11.78034 6.7593e+00      6.900 0.0000e+00
        298 244.691901    0.02063     1.2375     74.250  1022.9850  47198.063    29.8925      7.125    6.51188     9.9920    10.0913    22.9524   11.78511 6.2760e+00      7.193 0.0000e+00
        299 244.691904    0.02069     1.2417     74.500  1023.0553  47318.098    29.9707      7.406    6.51581     9.9493    10.0409    23.0214   11.79069 5.8483e+00      7.476 0.0000e+00
        300 244.691907    0.02076     1.2458     74.750  1023.1185  47425.496    30.0402      7.680    6.51978     9.9116     9.9928    23.0833   11.79643 5.4649e+00      7.752 0.0000e+00
        301 244.691910    0.02083     1.2500     75.000  1023.1755  47522.395    30.1029      7.949    6.52327     9.8782     9.9501    23.1390   11.80147 5.1123e+00      8.024 0.0000e+00
        302 244.691913    0.02090     1.2542     75.250  1023.2260  47608.004    30.1583      8.221    6.52635     9.8496     9.9124    23.1883   11.80590 4.7796e+00      8.299 0.0000e+00
        303 244.691916    0.02097     1.2583     75.500  1023.2685  47679.479    30.2043      8.502    6.52920     9.8262     9.8791    23.2295   11.81007 4.4615e+00      8.582 0.0000e+00
        304 244.691918    0.02104     1.2625     75.750  1023.3030  47737.015    30.2411      8.791    6.53175     9.8075     9.8506    23.2627   11.81387 4.1591e+00      8.874 0.0000e+00
        305 244.691921    0.02111     1.2667     76.000  1023.3308  47782.794    30.2702      9.086    6.53389     9.7924     9.8272    23.2891   11.81706 3.8747e+00      9.172 0.0000e+00
        306 244.691924    0.02118     1.2708     76.250  1023.3531  47819.070    30.2932      9.387    6.53561     9.7792     9.8085    23.3101   11.81963 3.6076e+00      9.476 0.0000e+00
        307 244.691927    0.02125     1.2750     76.500  1023.3719  47849.207    30.3124      9.691    6.53698     9.7661     9.7934    23.3274   11.82166 3.3562e+00      9.782 0.0000e+00
        308 244.691930    0.02132     1.2792     76.750  1023.3893  47877.200    30.3303      9.997    6.53813     9.7522     9.7802    23.3435   11.82334 3.1200e+00     10.092 0.0000e+00
        309 244.691933    0.02139     1.2833     77.000  1023.4074  47906.284    30.3489     10.306    6.53922     9.7377     9.7672    23.3601   11.82493 2.8982e+00     10.403 0.0000e+00
        310 244.691936    0.02146     1.2875     77.250  1023.4267  47937.598    30.3690     10.616    6.54037     9.7234     9.7533    23.3780   11.82660 2.6899e+00     10.717 0.0000e+00
        311 244.691939    0.02153     1.2917     77.500  1023.4467  47970.039    30.3899     10.928    6.54158     9.7100     9.7388    23.3966   11.82835 2.4949e+00     11.032 0.0000e+00
        312 244.691942    0.02160     1.2958     77.750  1023.4661  48001.506    30.4100     11.240    6.54279     9.6983     9.7246    23.4146   11.83010 2.3135e+00     11.346 0.0000e+00
        313 244.691944    0.02167     1.3000     78.000  1023.4835  48029.315    30.4278     11.550    6.54396     9.6891     9.7113    23.4305   11.83184 2.1445e+00     11.659 0.0000e+00
        314 244.691947    0.02174     1.3042     78.250  1023.4973  48050.796    30.4413     11.862    6.54508     9.6827     9.6996    23.4429   11.83352 1.9865e+00     11.974 0.0000e+00
        315 244.691950    0.02181     1.3083     78.500  1023.5074  48065.784    30.4505     12.174    6.54601     9.6778     9.6904    23.4516   11.83496 1.8396e+00     12.289 0.0000e+00
        316 244.691953    0.02187     1.3125     78.750  1023.5157  48077.806    30.4580     12.485    6.54662     9.6725     9.6840    23.4584   11.83588 1.7041e+00     12.603 0.0000e+00
        317 244.691956    0.02194     1.3167     79.000  1023.5243  48090.593    30.4662     12.793    6.54698     9.6659     9.6791    23.4656   11.83637 1.5795e+00     12.914 0.0000e+00
        318 244.691959    0.02201     1.3208     79.250  1023.5340  48105.451    30.4758     13.099    6.54733     9.6581     9.6739    23.4740   11.83683 1.4643e+00     13.223 0.0000e+00
        319 244.691962    0.02208     1.3250     79.500  1023.5446  48121.577    30.4862     13.402    6.54785     9.6501     9.6673    23.4831   11.83757 1.3575e+00     13.529 0.0000e+00
        320 244.691965    0.02215     1.3292     79.750  1023.5550  48137.352    30.4962     13.703    6.54855     9.6429     9.6596    23.4921   11.83861 1.2590e+00     13.833 0.0000e+00
        321 244.691968    0.02222     1.3333     80.000  1023.5649  48152.203    30.5054     14.003    6.54930     9.6369     9.6516    23.5006   11.83974 1.1684e+00     14.135 0.0000e+00
        322 244.691970    0.02229     1.3375     80.250  1023.5741  48165.993    30.5141     14.300    6.54998     9.6324     9.6444    23.5085   11.84077 1.0848e+00     14.436 0.0000e+00
        323 244.691973    0.02236     1.3417     80.500  1023.5822  48177.868    30.5215     14.597    6.55053     9.6293     9.6385    23.5152   11.84158 1.0080e+00     14.735 0.0000e+00
        324 244.691976    0.02243     1.3458     80.750  1023.5889  48187.226    30.5274     14.893    6.55092     9.6273     9.6340    23.5205   11.84216 9.3741e-01     15.034 0.0000e+00
        325 244.691979    0.02250     1.3500     81.000  1023.5943  48194.427    30.5320     15.189    6.55117     9.6262     9.6309    23.5245   11.84253 8.7230e-01     15.332 0.0000e+00
        326 244.691982    0.02257     1.3542     81.250  1023.5987  48200.002    30.5355     15.483    6.55132     9.6260     9.6289    23.5276   11.84272 8.1207e-01     15.629 0.0000e+00
        327 244.691985    0.02264     1.3583     81.500  1023.6021  48203.915    30.5380     15.775    6.55137     9.6266     9.6278    23.5298   11.84278 7.5652e-01     15.925 0.0000e+00
        328 244.691988    0.02271     1.3625     81.750  1023.6045  48205.885    30.5392     16.067    6.55134     9.6280     9.6276    23.5308   11.84272 7.0549e-01     16.219 0.0000e+00
        329 244.691991    0.02278     1.3667     82.000  1023.6057  48205.960    30.5393     16.358    6.55124     9.6298     9.6283    23.5307   11.84255 6.5852e-01     16.513 0.0000e+00
        330 244.691994    0.02285     1.3708     82.250  1023.6062  48204.638    30.5384     16.648    6.55108     9.6313     9.6297    23.5298   11.84229 6.1493e-01     16.806 0.0000e+00
        331 244.691997    0.02292     1.3750     82.500  1023.6065  48203.077    30.5374     16.939    6.55086     9.6318     9.6315    23.5287   11.84194 5.7421e-01     17.099 0.0000e+00
        332 244.691999    0.02299     1.3792     82.750  1023.6075  48202.871    30.5373     17.230    6.55064     9.6313     9.6331    23.5284   11.84158 5.3612e-01     17.393 0.0000e+00
        333 244.692002    0.02306     1.3833     83.000  1023.6097  48204.749    30.5386     17.522    6.55050     9.6302     9.6336    23.5293   11.84134 5.0057e-01     17.688 0.0000e+00
        334 244.692005    0.02313     1.3875     83.250  1023.6128  48208.117    30.5407     17.814    6.55049     9.6291     9.6331    23.5311   11.84128 4.6720e-01     17.983 0.0000e+00
        335 244.692008    0.02319     1.3917     83.500  1023.6163  48212.044    30.5433     18.106    6.55052     9.6275     9.6322    23.5332   11.84131 4.3560e-01     18.278 0.0000e+00
        336 244.692011    0.02326     1.3958     83.750  1023.6199  48216.199    30.5459     18.398    6.55058     9.6254     9.6310    23.5355   11.84137 4.0614e-01     18.573 0.0000e+00
        337 244.692014    0.02333     1.4000     84.000  1023.6237  48220.749    30.5488     18.689    6.55067     9.6228     9.6295    23.5380   11.84150 3.7905e-01     18.867 0.0000e+00
        338 244.692017    0.02340     1.4042     84.250  1023.6278  48225.677    30.5519     18.980    6.55084     9.6201     9.6274    23.5407   11.84175 3.5410e-01     19.160 0.0000e+00
        339 244.692020    0.02347     1.4083     84.500  1023.6320  48230.806    30.5550     19.270    6.55108     9.6173     9.6249    23.5436   11.84209 3.3093e-01     19.453 0.0000e+00
        340 244.692023    0.02354     1.4125     84.750  1023.6362  48235.940    30.5581     19.560    6.55134     9.6145     9.6222    23.5465   11.84250 3.0928e-01     19.746 0.0000e+00
