CTD-processing/allCTD/CNV--homogene/2012_07-02_subbays_halibutc_cast163.cnv
* Sea-Bird SBE19plus Data File:
* FileName = C:\Documents and Settings\kris.holderied.local\My Documents\CTD-data-upload-2012-07-28\CTD5028-upload-2012-07-28-cast163.hex
* Software Version 1.54
* Temperature SN =  5028
* Conductivity SN =  5028
* System UpLoad Time = Jul 28 2012 12:07:54
** Kachemak Bay - CTD data - upload all 2012-07-28
** Date:  2012-07-02   xxxx Tide (x of 2 lines)
** Station: Halibut C
** Start time (AKDT-24 hr):1329
** Depth (ft):234
** Comments: None
# nquan = 17
# nvalues = 434                         
# units = specified
# name 0 = scan: Scan Count
# name 1 = timeJ: Julian Days
# name 2 = timeH: Time, Elapsed [hours]
# name 3 = timeM: Time, Elapsed [minutes]
# name 4 = timeS: Time, Elapsed [seconds]
# name 5 = density00: Density [density, kg/m^3]
# name 6 = specc: Specific Conductance [uS/cm]
# name 7 = sal00: Salinity, Practical [PSU]
# name 8 = depSM: Depth [salt water, m], lat = 59.00
# name 9 = oxsolML/L: Oxygen Saturation, Garcia & Gordon [ml/l]
# name 10 = potemp090C: Potential Temperature [ITS-90, deg C]
# name 11 = tv290C: Temperature [ITS-90, deg C]
# name 12 = sigma-é00: Density [sigma-theta, kg/m^3]
# name 13 = n2satML/L: Nitrogen Saturation [ml/l]
# name 14 = par: PAR/Irradiance, Biospherical/Licor [umol photons/m^2/sec]
# name 15 = prdM: Pressure, Strain Gauge [db]
# name 16 = flag:  0.000e+00
# span 0 =          1,        434       
# span 1 = 184.562859, 184.564112       
# span 2 =    0.00000,    0.03007       
# span 3 =     0.0000,     1.8042       
# span 4 =      0.000,    108.250       
# span 5 =  1000.1546,  1025.2501       
# span 6 =   1292.757,  51139.763       
# span 7 =     0.6376,    31.3909       
# span 8 =     -0.076,     58.269       
# span 9 =    6.36584,    7.77192       
# span 10 =     3.3646,    12.1962      
# span 11 =     3.3680,    12.1963      
# span 12 =     0.1550,    24.9741      
# span 13 =   11.58561,   14.28356      
# span 14 = 5.7606e-02, 3.2306e+02      
# span 15 =     -0.077,     58.828      
# span 16 = 0.0000e+00, 0.0000e+00      
# interval = seconds: 0.25
# start_time = Jul 02 2012 13:30:31 [Instrument's time stamp, header]
# bad_flag = -9.990e-29
*END*
[from data line 86]
         87 184.563108    0.00597     0.3583     21.500  1019.7777  41669.819    26.2299      0.820    6.38374    12.0757    12.0847    19.7740   11.61622 2.2806e+02      0.828 0.0000e+00
         88 184.563111    0.00604     0.3625     21.750  1019.7785  41670.219    26.2298      0.823    6.38435    12.0716    12.0803    19.7747   11.61722 2.2842e+02      0.831 0.0000e+00
         89 184.563113    0.00611     0.3667     22.000  1019.7791  41670.538    26.2297      0.824    6.38496    12.0678    12.0758    19.7754   11.61823 2.2886e+02      0.832 0.0000e+00
         90 184.563116    0.00618     0.3708     22.250  1019.7802  41671.697    26.2302      0.824    6.38550    12.0645    12.0717    19.7765   11.61914 2.2939e+02      0.831 0.0000e+00
         91 184.563119    0.00625     0.3750     22.500  1019.7820  41674.315    26.2317      0.822    6.38595    12.0614    12.0679    19.7783   11.61987 2.3003e+02      0.830 0.0000e+00
         92 184.563122    0.00632     0.3792     22.750  1019.7843  41677.792    26.2339      0.820    6.38632    12.0584    12.0646    19.7806   11.62045 2.3020e+02      0.828 0.0000e+00
         93 184.563125    0.00639     0.3833     23.000  1019.7862  41680.813    26.2357      0.819    6.38667    12.0553    12.0615    19.7825   11.62101 2.3029e+02      0.827 0.0000e+00
         94 184.563128    0.00646     0.3875     23.250  1019.7876  41682.769    26.2368      0.818    6.38703    12.0518    12.0585    19.7839   11.62160 2.3043e+02      0.826 0.0000e+00
         95 184.563131    0.00653     0.3917     23.500  1019.7886  41683.935    26.2374      0.819    6.38743    12.0480    12.0554    19.7849   11.62227 2.3016e+02      0.827 0.0000e+00
         96 184.563134    0.00660     0.3958     23.750  1019.7893  41684.485    26.2375      0.820    6.38791    12.0441    12.0519    19.7855   11.62305 2.2977e+02      0.828 0.0000e+00
         97 184.563137    0.00667     0.4000     24.000  1019.7895  41684.081    26.2369      0.821    6.38846    12.0407    12.0481    19.7857   11.62397 2.2911e+02      0.829 0.0000e+00
         98 184.563139    0.00674     0.4042     24.250  1019.7889  41682.156    26.2352      0.823    6.38905    12.0376    12.0442    19.7851   11.62497 2.2824e+02      0.831 0.0000e+00
         99 184.563142    0.00681     0.4083     24.500  1019.7873  41678.498    26.2324      0.824    6.38964    12.0349    12.0408    19.7835   11.62598 2.2816e+02      0.832 0.0000e+00
        100 184.563145    0.00688     0.4125     24.750  1019.7850  41673.544    26.2287      0.824    6.39020    12.0323    12.0377    19.7812   11.62696 2.2831e+02      0.832 0.0000e+00
        101 184.563148    0.00694     0.4167     25.000  1019.7821  41667.658    26.2244      0.823    6.39075    12.0296    12.0350    19.7783   11.62793 2.2771e+02      0.831 0.0000e+00
        102 184.563151    0.00701     0.4208     25.250  1019.7790  41661.221    26.2197      0.822    6.39130    12.0270    12.0324    19.7752   11.62890 2.2735e+02      0.830 0.0000e+00
        103 184.563154    0.00708     0.4250     25.500  1019.7761  41655.436    26.2155      0.821    6.39183    12.0246    12.0297    19.7724   11.62983 2.2763e+02      0.829 0.0000e+00
        104 184.563157    0.00715     0.4292     25.750  1019.7743  41651.500    26.2125      0.820    6.39230    12.0224    12.0271    19.7705   11.63065 2.2747e+02      0.828 0.0000e+00
        105 184.563160    0.00722     0.4333     26.000  1019.7736  41649.672    26.2111      0.821    6.39270    12.0205    12.0247    19.7698   11.63133 2.2709e+02      0.829 0.0000e+00
        106 184.563163    0.00729     0.4375     26.250  1019.7735  41649.051    26.2105      0.822    6.39302    12.0190    12.0225    19.7697   11.63188 2.2692e+02      0.830 0.0000e+00
        107 184.563166    0.00736     0.4417     26.500  1019.7730  41647.762    26.2094      0.824    6.39331    12.0177    12.0206    19.7692   11.63238 2.2673e+02      0.831 0.0000e+00
        108 184.563168    0.00743     0.4458     26.750  1019.7715  41644.645    26.2071      0.825    6.39361    12.0164    12.0191    19.7677   11.63290 2.2699e+02      0.833 0.0000e+00
        109 184.563171    0.00750     0.4500     27.000  1019.7692  41640.055    26.2038      0.827    6.39391    12.0149    12.0178    19.7654   11.63345 2.2742e+02      0.834 0.0000e+00
        110 184.563174    0.00757     0.4542     27.250  1019.7663  41634.456    26.1999      0.827    6.39425    12.0132    12.0165    19.7625   11.63406 2.2737e+02      0.835 0.0000e+00
        111 184.563177    0.00764     0.4583     27.500  1019.7629  41627.768    26.1951      0.827    6.39465    12.0111    12.0150    19.7591   11.63478 2.2771e+02      0.835 0.0000e+00
        112 184.563180    0.00771     0.4625     27.750  1019.7593  41620.643    26.1900      0.827    6.39510    12.0088    12.0133    19.7555   11.63559 2.2849e+02      0.834 0.0000e+00
        113 184.563183    0.00778     0.4667     28.000  1019.7562  41614.555    26.1856      0.825    6.39556    12.0063    12.0112    19.7524   11.63641 2.2891e+02      0.833 0.0000e+00
        114 184.563186    0.00785     0.4708     28.250  1019.7542  41610.278    26.1825      0.824    6.39601    12.0039    12.0089    19.7504   11.63719 2.2908e+02      0.832 0.0000e+00
        115 184.563189    0.00792     0.4750     28.500  1019.7532  41607.939    26.1806      0.822    6.39641    12.0017    12.0064    19.7494   11.63788 2.2906e+02      0.830 0.0000e+00
        116 184.563192    0.00799     0.4792     28.750  1019.7533  41607.690    26.1802      0.821    6.39675    11.9998    12.0040    19.7495   11.63845 2.2889e+02      0.829 0.0000e+00
        117 184.563194    0.00806     0.4833     29.000  1019.7545  41609.371    26.1812      0.820    6.39702    11.9983    12.0018    19.7507   11.63888 2.2868e+02      0.828 0.0000e+00
        118 184.563197    0.00813     0.4875     29.250  1019.7562  41612.134    26.1830      0.820    6.39721    11.9971    11.9999    19.7524   11.63918 2.2828e+02      0.828 0.0000e+00
        119 184.563200    0.00819     0.4917     29.500  1019.7576  41614.530    26.1846      0.820    6.39736    11.9961    11.9984    19.7538   11.63941 2.2796e+02      0.828 0.0000e+00
        120 184.563203    0.00826     0.4958     29.750  1019.7582  41615.326    26.1850      0.820    6.39751    11.9951    11.9972    19.7544   11.63965 2.2796e+02      0.828 0.0000e+00
        121 184.563206    0.00833     0.5000     30.000  1019.7577  41614.292    26.1842      0.821    6.39767    11.9940    11.9962    19.7539   11.63993 2.2785e+02      0.829 0.0000e+00
        122 184.563209    0.00840     0.5042     30.250  1019.7565  41611.892    26.1824      0.821    6.39787    11.9925    11.9952    19.7528   11.64028 2.2738e+02      0.829 0.0000e+00
        123 184.563212    0.00847     0.5083     30.500  1019.7548  41608.504    26.1800      0.822    6.39813    11.9906    11.9941    19.7511   11.64074 2.2740e+02      0.830 0.0000e+00
        124 184.563215    0.00854     0.5125     30.750  1019.7529  41604.660    26.1772      0.822    6.39844    11.9885    11.9926    19.7492   11.64130 2.2774e+02      0.830 0.0000e+00
        125 184.563218    0.00861     0.5167     31.000  1019.7513  41601.221    26.1747      0.821    6.39880    11.9861    11.9907    19.7475   11.64192 2.2734e+02      0.829 0.0000e+00
        126 184.563220    0.00868     0.5208     31.250  1019.7501  41598.539    26.1726      0.821    6.39918    11.9835    11.9886    19.7463   11.64257 2.2715e+02      0.829 0.0000e+00
        127 184.563223    0.00875     0.5250     31.500  1019.7493  41596.649    26.1711      0.821    6.39957    11.9810    11.9862    19.7456   11.64324 2.2776e+02      0.829 0.0000e+00
        128 184.563226    0.00882     0.5292     31.750  1019.7490  41595.555    26.1702      0.821    6.39995    11.9785    11.9836    19.7453   11.64390 2.2791e+02      0.829 0.0000e+00
        129 184.563229    0.00889     0.5333     32.000  1019.7488  41594.675    26.1694      0.822    6.40033    11.9761    11.9811    19.7451   11.64454 2.2771e+02      0.830 0.0000e+00
        130 184.563232    0.00896     0.5375     32.250  1019.7485  41593.498    26.1683      0.822    6.40072    11.9736    11.9786    19.7447   11.64519 2.2794e+02      0.830 0.0000e+00
        131 184.563235    0.00903     0.5417     32.500  1019.7480  41592.087    26.1671      0.823    6.40110    11.9711    11.9762    19.7442   11.64585 2.2787e+02      0.831 0.0000e+00
        132 184.563238    0.00910     0.5458     32.750  1019.7474  41590.600    26.1659      0.823    6.40149    11.9687    11.9737    19.7437   11.64650 2.2761e+02      0.831 0.0000e+00
        133 184.563241    0.00917     0.5500     33.000  1019.7470  41589.342    26.1648      0.823    6.40186    11.9662    11.9712    19.7433   11.64715 2.2803e+02      0.831 0.0000e+00
        134 184.563244    0.00924     0.5542     33.250  1019.7468  41588.463    26.1640      0.822    6.40223    11.9639    11.9688    19.7431   11.64777 2.2841e+02      0.830 0.0000e+00
        135 184.563247    0.00931     0.5583     33.500  1019.7467  41587.695    26.1633      0.822    6.40260    11.9617    11.9663    19.7429   11.64838 2.2841e+02      0.830 0.0000e+00
        136 184.563249    0.00937     0.5625     33.750  1019.7468  41587.468    26.1629      0.821    6.40293    11.9597    11.9640    19.7431   11.64894 2.2881e+02      0.829 0.0000e+00
        137 184.563252    0.00944     0.5667     34.000  1019.7477  41588.701    26.1636      0.821    6.40321    11.9579    11.9618    19.7440   11.64939 2.2892e+02      0.829 0.0000e+00
        138 184.563255    0.00951     0.5708     34.250  1019.7491  41590.861    26.1649      0.821    6.40343    11.9563    11.9598    19.7454   11.64975 2.2802e+02      0.829 0.0000e+00
        139 184.563258    0.00958     0.5750     34.500  1019.7502  41592.512    26.1659      0.821    6.40363    11.9548    11.9580    19.7464   11.65007 2.2759e+02      0.829 0.0000e+00
        140 184.563261    0.00965     0.5792     34.750  1019.7508  41593.358    26.1664      0.822    6.40383    11.9533    11.9564    19.7471   11.65040 2.2788e+02      0.830 0.0000e+00
        141 184.563264    0.00972     0.5833     35.000  1019.7515  41594.225    26.1669      0.822    6.40402    11.9520    11.9549    19.7477   11.65071 2.2733e+02      0.830 0.0000e+00
        142 184.563267    0.00979     0.5875     35.250  1019.7527  41596.167    26.1681      0.823    6.40417    11.9511    11.9534    19.7489   11.65095 2.2634e+02      0.831 0.0000e+00
        143 184.563270    0.00986     0.5917     35.500  1019.7545  41599.171    26.1701      0.824    6.40427    11.9507    11.9521    19.7507   11.65109 2.2618e+02      0.832 0.0000e+00
        144 184.563273    0.00993     0.5958     35.750  1019.7556  41601.019    26.1713      0.826    6.40434    11.9502    11.9512    19.7518   11.65120 2.2604e+02      0.834 0.0000e+00
        145 184.563275    0.01000     0.6000     36.000  1019.7547  41599.309    26.1701      0.828    6.40446    11.9491    11.9508    19.7509   11.65140 2.2520e+02      0.836 0.0000e+00
        146 184.563278    0.01007     0.6042     36.250  1019.7521  41594.290    26.1666      0.828    6.40467    11.9475    11.9503    19.7483   11.65179 2.2515e+02      0.836 0.0000e+00
        147 184.563281    0.01014     0.6083     36.500  1019.7490  41588.357    26.1623      0.828    6.40498    11.9455    11.9492    19.7452   11.65236 2.2587e+02      0.836 0.0000e+00
        148 184.563284    0.01021     0.6125     36.750  1019.7467  41583.795    26.1590      0.826    6.40533    11.9434    11.9476    19.7429   11.65299 2.2566e+02      0.834 0.0000e+00
        149 184.563287    0.01028     0.6167     37.000  1019.7457  41581.579    26.1573      0.826    6.40568    11.9412    11.9456    19.7419   11.65358 2.2516e+02      0.834 0.0000e+00
        150 184.563290    0.01035     0.6208     37.250  1019.7459  41581.500    26.1571      0.826    6.40598    11.9390    11.9435    19.7421   11.65408 2.2521e+02      0.834 0.0000e+00
        151 184.563293    0.01042     0.6250     37.500  1019.7468  41582.721    26.1578      0.828    6.40625    11.9369    11.9413    19.7430   11.65452 2.2472e+02      0.836 0.0000e+00
        152 184.563296    0.01049     0.6292     37.750  1019.7477  41583.991    26.1585      0.830    6.40651    11.9348    11.9391    19.7439   11.65496 2.2407e+02      0.838 0.0000e+00
        153 184.563299    0.01056     0.6333     38.000  1019.7481  41584.192    26.1584      0.833    6.40681    11.9328    11.9370    19.7443   11.65545 2.2445e+02      0.841 0.0000e+00
        154 184.563302    0.01063     0.6375     38.250  1019.7478  41583.246    26.1576      0.834    6.40713    11.9311    11.9349    19.7440   11.65599 2.2489e+02      0.842 0.0000e+00
        155 184.563304    0.01069     0.6417     38.500  1019.7474  41582.071    26.1566      0.834    6.40744    11.9297    11.9329    19.7436   11.65652 2.2501e+02      0.842 0.0000e+00
        156 184.563307    0.01076     0.6458     38.750  1019.7472  41581.423    26.1560      0.833    6.40771    11.9286    11.9312    19.7434   11.65697 2.2555e+02      0.841 0.0000e+00
        157 184.563310    0.01083     0.6500     39.000  1019.7473  41581.212    26.1558      0.831    6.40791    11.9275    11.9298    19.7435   11.65731 2.2578e+02      0.839 0.0000e+00
        158 184.563313    0.01090     0.6542     39.250  1019.7474  41581.144    26.1557      0.830    6.40806    11.9260    11.9287    19.7436   11.65756 2.2536e+02      0.838 0.0000e+00
        159 184.563316    0.01097     0.6583     39.500  1019.7475  41581.263    26.1557      0.830    6.40821    11.9239    11.9276    19.7437   11.65782 2.2515e+02      0.838 0.0000e+00
        160 184.563319    0.01104     0.6625     39.750  1019.7480  41581.821    26.1559      0.831    6.40841    11.9216    11.9261    19.7442   11.65815 2.2491e+02      0.839 0.0000e+00
        161 184.563322    0.01111     0.6667     40.000  1019.7488  41582.895    26.1565      0.832    6.40867    11.9193    11.9240    19.7450   11.65856 2.2423e+02      0.840 0.0000e+00
        162 184.563325    0.01118     0.6708     40.250  1019.7498  41584.298    26.1573      0.834    6.40896    11.9172    11.9217    19.7460   11.65904 2.2391e+02      0.842 0.0000e+00
        163 184.563328    0.01125     0.6750     40.500  1019.7510  41585.991    26.1583      0.835    6.40924    11.9155    11.9194    19.7472   11.65950 2.2375e+02      0.843 0.0000e+00
        164 184.563330    0.01132     0.6792     40.750  1019.7524  41588.135    26.1596      0.835    6.40947    11.9141    11.9173    19.7485   11.65987 2.2351e+02      0.843 0.0000e+00
        165 184.563333    0.01139     0.6833     41.000  1019.7539  41590.616    26.1612      0.834    6.40964    11.9127    11.9156    19.7501   11.66013 2.2386e+02      0.841 0.0000e+00
        166 184.563336    0.01146     0.6875     41.250  1019.7553  41593.040    26.1627      0.832    6.40976    11.9108    11.9142    19.7515   11.66032 2.2397e+02      0.840 0.0000e+00
        167 184.563339    0.01153     0.6917     41.500  1019.7567  41595.374    26.1642      0.830    6.40989    11.9079    11.9128    19.7529   11.66052 2.2309e+02      0.838 0.0000e+00
        168 184.563342    0.01160     0.6958     41.750  1019.7583  41597.955    26.1659      0.829    6.41009    11.9043    11.9109    19.7545   11.66084 2.2270e+02      0.837 0.0000e+00
        169 184.563345    0.01167     0.7000     42.000  1019.7603  41600.996    26.1678      0.828    6.41040    11.8999    11.9080    19.7565   11.66133 2.2285e+02      0.836 0.0000e+00
        170 184.563348    0.01174     0.7042     42.250  1019.7626  41604.679    26.1700      0.828    6.41082    11.8948    11.9044    19.7589   11.66199 2.2204e+02      0.836 0.0000e+00
