CTD-processing/allCTD/CNV--homogene/2012_06-05b_t4_s06b_cast109.cnv
* Sea-Bird SBE19plus Data File:
* FileName = C:\Documents and Settings\glenn.seaman\My Documents\KHolderied-files\CTD-DATA-FILES\2012-CTD-KachemakBay\2012-06-05b-CTD-Tran4-Barabara-to-BluffPt\2012-06-05b-Tran4-Barabara-cast109.hex
* Software Version 1.59
* Temperature SN =  5028
* Conductivity SN =  5028
* System UpLoad Time = Jun 26 2012 23:52:51
** LTM-Transect4-BarabaraPt-to-BluffPt
** Date: 2012-06-05 High tide (2 of 2 lines)
** Station: 4-06b
** Start time (AKDT-24hr): 1640
** Depth (ft): 218
# nquan = 17
# nvalues = 555                         
# units = specified
# name 0 = scan: Scan Count
# name 1 = timeJ: Julian Days
# name 2 = timeH: Time, Elapsed [hours]
# name 3 = timeM: Time, Elapsed [minutes]
# name 4 = timeS: Time, Elapsed [seconds]
# name 5 = density00: Density [density, kg/m^3]
# name 6 = specc: Specific Conductance [uS/cm]
# name 7 = sal00: Salinity, Practical [PSU]
# name 8 = depSM: Depth [salt water, m], lat = 59.00
# name 9 = oxsolML/L: Oxygen Saturation, Garcia & Gordon [ml/l]
# name 10 = potemp090C: Potential Temperature [ITS-90, deg C]
# name 11 = tv290C: Temperature [ITS-90, deg C]
# name 12 = sigma-é00: Density [sigma-theta, kg/m^3]
# name 13 = n2satML/L: Nitrogen Saturation [ml/l]
# name 14 = par: PAR/Irradiance, Biospherical/Licor [umol photons/m^2/sec]
# name 15 = prdM: Pressure, Strain Gauge [db]
# name 16 = flag:  0.000e+00
# span 0 =          1,        555       
# span 1 = 157.694294, 157.695897       
# span 2 =    0.00000,    0.03847       
# span 3 =     0.0000,     2.3083       
# span 4 =      0.000,    138.500       
# span 5 =  1000.0351,  1025.3486       
# span 6 =    367.468,  50967.560       
# span 7 =     0.1711,    31.7905       
# span 8 =     -0.058,     64.031       
# span 9 =    6.84266,    8.46169       
# span 10 =     5.4452,     7.3642      
# span 11 =     5.4494,     7.3642      
# span 12 =     0.0354,    25.0521      
# span 13 =   12.31081,   15.45472      
# span 14 = 6.1388e-02, 1.1586e+03      
# span 15 =     -0.059,     64.646      
# span 16 = 0.0000e+00, 0.0000e+00      
# interval = seconds: 0.25
# start_time = Jun 05 2012 16:39:47 [Instrument's time stamp, header]
# bad_flag = -9.990e-29
*END*
[from data line 86]
         87 157.694543    0.00597     0.3583     21.500  1024.8543  50478.641    31.7328      0.896    6.90277     6.9652     6.9683    24.8502   12.40961 4.1529e+02      0.905 0.0000e+00
         88 157.694546    0.00604     0.3625     21.750  1024.8574  50484.444    31.7364      0.887    6.90295     6.9655     6.9661    24.8533   12.40987 4.2679e+02      0.896 0.0000e+00
         89 157.694549    0.00611     0.3667     22.000  1024.8590  50487.425    31.7384      0.871    6.90301     6.9671     6.9652    24.8550   12.40994 4.3462e+02      0.879 0.0000e+00
         90 157.694552    0.00618     0.3708     22.250  1024.8598  50488.944    31.7395      0.856    6.90291     6.9698     6.9656    24.8558   12.40976 4.3184e+02      0.864 0.0000e+00
         91 157.694554    0.00625     0.3750     22.500  1024.8619  50492.934    31.7425      0.850    6.90252     6.9734     6.9672    24.8580   12.40907 4.3374e+02      0.858 0.0000e+00
         92 157.694557    0.00632     0.3792     22.750  1024.8670  50502.167    31.7495      0.857    6.90176     6.9774     6.9699    24.8631   12.40774 4.4638e+02      0.865 0.0000e+00
         93 157.694560    0.00639     0.3833     23.000  1024.8759  50518.099    31.7612      0.874    6.90067     6.9822     6.9734    24.8718   12.40579 4.3846e+02      0.881 0.0000e+00
         94 157.694563    0.00646     0.3875     23.250  1024.8864  50537.155    31.7751      0.892    6.89939     6.9881     6.9775    24.8823   12.40350 3.9995e+02      0.900 0.0000e+00
         95 157.694566    0.00653     0.3917     23.500  1024.8929  50548.757    31.7841      0.904    6.89822     6.9944     6.9823    24.8887   12.40146 3.5787e+02      0.913 0.0000e+00
         96 157.694569    0.00660     0.3958     23.750  1024.8904  50544.141    31.7819      0.906    6.89737     6.9980     6.9882    24.8862   12.40008 3.3813e+02      0.915 0.0000e+00
         97 157.694572    0.00667     0.4000     24.000  1024.8785  50522.363    31.7679      0.899    6.89702     6.9958     6.9944    24.8743   12.39967 3.4467e+02      0.907 0.0000e+00
         98 157.694575    0.00674     0.4042     24.250  1024.8617  50491.690    31.7471      0.887    6.89738     6.9868     6.9981    24.8575   12.40053 3.6684e+02      0.895 0.0000e+00
         99 157.694578    0.00681     0.4083     24.500  1024.8473  50465.634    31.7286      0.878    6.89858     6.9739     6.9958    24.8433   12.40274 3.8886e+02      0.886 0.0000e+00
        100 157.694580    0.00688     0.4125     24.750  1024.8413  50454.808    31.7195      0.876    6.90042     6.9609     6.9869    24.8373   12.40589 4.0424e+02      0.884 0.0000e+00
        101 157.694583    0.00694     0.4167     25.000  1024.8455  50462.567    31.7226      0.880    6.90233     6.9503     6.9740    24.8414   12.40902 4.1161e+02      0.888 0.0000e+00
        102 157.694586    0.00701     0.4208     25.250  1024.8578  50485.256    31.7361      0.887    6.90379     6.9425     6.9610    24.8537   12.41126 4.1591e+02      0.896 0.0000e+00
        103 157.694589    0.00708     0.4250     25.500  1024.8736  50514.100    31.7543      0.893    6.90466     6.9370     6.9503    24.8695   12.41247 4.2774e+02      0.901 0.0000e+00
        104 157.694592    0.00715     0.4292     25.750  1024.8857  50536.268    31.7683      0.893    6.90527     6.9335     6.9425    24.8815   12.41330 4.2318e+02      0.902 0.0000e+00
        105 157.694595    0.00722     0.4333     26.000  1024.8887  50541.983    31.7713      0.889    6.90599     6.9316     6.9371    24.8846   12.41446 3.9071e+02      0.897 0.0000e+00
        106 157.694598    0.00729     0.4375     26.250  1024.8842  50533.838    31.7650      0.883    6.90684     6.9313     6.9336    24.8801   12.41593 3.6405e+02      0.891 0.0000e+00
        107 157.694601    0.00736     0.4417     26.500  1024.8784  50523.382    31.7574      0.879    6.90748     6.9324     6.9317    24.8744   12.41710 3.6013e+02      0.887 0.0000e+00
        108 157.694604    0.00743     0.4458     26.750  1024.8762  50519.232    31.7545      0.880    6.90768     6.9349     6.9314    24.8721   12.41746 3.6730e+02      0.888 0.0000e+00
        109 157.694606    0.00750     0.4500     27.000  1024.8789  50524.159    31.7582      0.885    6.90734     6.9387     6.9325    24.8748   12.41684 3.7648e+02      0.893 0.0000e+00
        110 157.694609    0.00757     0.4542     27.250  1024.8869  50538.743    31.7688      0.889    6.90645     6.9434     6.9350    24.8828   12.41524 3.9032e+02      0.897 0.0000e+00
        111 157.694612    0.00764     0.4583     27.500  1024.8968  50556.709    31.7819      0.886    6.90525     6.9489     6.9388    24.8927   12.41311 4.1019e+02      0.894 0.0000e+00
        112 157.694615    0.00771     0.4625     27.750  1024.9006  50563.556    31.7875      0.874    6.90425     6.9550     6.9435    24.8965   12.41137 4.3972e+02      0.883 0.0000e+00
        113 157.694618    0.00778     0.4667     28.000  1024.8939  50551.465    31.7801      0.859    6.90370     6.9611     6.9490    24.8899   12.41056 4.6590e+02      0.867 0.0000e+00
        114 157.694621    0.00785     0.4708     28.250  1024.8819  50529.494    31.7659      0.848    6.90339     6.9672     6.9550    24.8779   12.41022 4.5966e+02      0.856 0.0000e+00
        115 157.694624    0.00792     0.4750     28.500  1024.8733  50513.637    31.7559      0.848    6.90286     6.9737     6.9611    24.8693   12.40948 4.3527e+02      0.856 0.0000e+00
        116 157.694627    0.00799     0.4792     28.750  1024.8727  50512.520    31.7562      0.861    6.90187     6.9815     6.9673    24.8687   12.40784 4.3217e+02      0.869 0.0000e+00
        117 157.694630    0.00806     0.4833     29.000  1024.8801  50525.784    31.7666      0.880    6.90036     6.9921     6.9738    24.8760   12.40522 4.4567e+02      0.888 0.0000e+00
        118 157.694633    0.00813     0.4875     29.250  1024.8908  50545.024    31.7813      0.896    6.89845     7.0064     6.9816    24.8866   12.40187 4.4346e+02      0.904 0.0000e+00
        119 157.694635    0.00819     0.4917     29.500  1024.8966  50555.418    31.7905      0.901    6.89635     7.0225     6.9922    24.8924   12.39828 4.2540e+02      0.910 0.0000e+00
        120 157.694638    0.00826     0.4958     29.750  1024.8924  50547.550    31.7875      0.895    6.89421     7.0368     7.0065    24.8882   12.39478 4.1655e+02      0.903 0.0000e+00
        121 157.694641    0.00833     0.5000     30.000  1024.8794  50523.788    31.7738      0.882    6.89228     7.0471     7.0226    24.8753   12.39176 4.2067e+02      0.890 0.0000e+00
        122 157.694644    0.00840     0.5042     30.250  1024.8631  50493.993    31.7556      0.871    6.89082     7.0528     7.0369    24.8591   12.38958 4.2596e+02      0.879 0.0000e+00
        123 157.694647    0.00847     0.5083     30.500  1024.8503  50470.585    31.7411      0.868    6.88984     7.0548     7.0472    24.8463   12.38815 4.4020e+02      0.876 0.0000e+00
        124 157.694650    0.00854     0.5125     30.750  1024.8458  50462.136    31.7362      0.872    6.88916     7.0557     7.0529    24.8417   12.38708 4.5772e+02      0.880 0.0000e+00
        125 157.694653    0.00861     0.5167     31.000  1024.8492  50468.294    31.7408      0.881    6.88863     7.0585     7.0549    24.8451   12.38614 4.6209e+02      0.889 0.0000e+00
        126 157.694656    0.00868     0.5208     31.250  1024.8559  50480.554    31.7495      0.888    6.88810     7.0650     7.0558    24.8518   12.38515 4.5685e+02      0.896 0.0000e+00
        127 157.694659    0.00875     0.5250     31.500  1024.8603  50488.430    31.7555      0.893    6.88738     7.0743     7.0586    24.8562   12.38389 4.4491e+02      0.902 0.0000e+00
        128 157.694661    0.00882     0.5292     31.750  1024.8596  50487.043    31.7557      0.900    6.88635     7.0843     7.0651    24.8555   12.38217 4.4394e+02      0.908 0.0000e+00
        129 157.694664    0.00889     0.5333     32.000  1024.8548  50478.069    31.7511      0.912    6.88508     7.0930     7.0744    24.8506   12.38014 4.7371e+02      0.920 0.0000e+00
        130 157.694667    0.00896     0.5375     32.250  1024.8482  50465.753    31.7442      0.930    6.88381     7.0998     7.0844    24.8439   12.37813 5.2474e+02      0.938 0.0000e+00
        131 157.694670    0.00903     0.5417     32.500  1024.8415  50453.350    31.7371      0.949    6.88275     7.1050     7.0931    24.8371   12.37646 5.6355e+02      0.958 0.0000e+00
        132 157.694673    0.00910     0.5458     32.750  1024.8357  50442.659    31.7308      0.961    6.88195     7.1093     7.0999    24.8313   12.37521 5.5227e+02      0.970 0.0000e+00
        133 157.694676    0.00917     0.5500     33.000  1024.8321  50436.057    31.7271      0.958    6.88129     7.1134     7.1051    24.8277   12.37417 4.9742e+02      0.967 0.0000e+00
        134 157.694679    0.00924     0.5542     33.250  1024.8316  50435.149    31.7273      0.941    6.88061     7.1183     7.1094    24.8272   12.37305 4.4387e+02      0.951 0.0000e+00
        135 157.694682    0.00931     0.5583     33.500  1024.8329  50437.695    31.7298      0.917    6.87985     7.1244     7.1134    24.8286   12.37176 4.1552e+02      0.926 0.0000e+00
        136 157.694685    0.00937     0.5625     33.750  1024.8332  50438.492    31.7312      0.895    6.87900     7.1307     7.1184    24.8291   12.37035 4.1710e+02      0.904 0.0000e+00
        137 157.694687    0.00944     0.5667     34.000  1024.8307  50433.886    31.7291      0.883    6.87814     7.1357     7.1244    24.8266   12.36895 4.5324e+02      0.891 0.0000e+00
        138 157.694690    0.00951     0.5708     34.250  1024.8258  50424.937    31.7239      0.887    6.87738     7.1391     7.1307    24.8217   12.36776 5.0945e+02      0.895 0.0000e+00
        139 157.694693    0.00958     0.5750     34.500  1024.8212  50416.209    31.7187      0.908    6.87681     7.1414     7.1358    24.8170   12.36688 5.7978e+02      0.917 0.0000e+00
        140 157.694696    0.00965     0.5792     34.750  1024.8195  50412.826    31.7169      0.940    6.87636     7.1440     7.1392    24.8151   12.36616 6.3505e+02      0.949 0.0000e+00
        141 157.694699    0.00972     0.5833     35.000  1024.8224  50417.819    31.7208      0.972    6.87583     7.1489     7.1415    24.8178   12.36523 6.2011e+02      0.981 0.0000e+00
        142 157.694702    0.00979     0.5875     35.250  1024.8283  50428.572    31.7287      0.991    6.87506     7.1575     7.1441    24.8237   12.36385 5.6737e+02      1.000 0.0000e+00
        143 157.694705    0.00986     0.5917     35.500  1024.8332  50437.364    31.7357      0.987    6.87396     7.1689     7.1490    24.8286   12.36195 5.3433e+02      0.997 0.0000e+00
        144 157.694708    0.00993     0.5958     35.750  1024.8337  50438.431    31.7379      0.961    6.87250     7.1805     7.1576    24.8292   12.35951 5.1640e+02      0.971 0.0000e+00
        145 157.694711    0.01000     0.6000     36.000  1024.8291  50430.311    31.7343      0.922    6.87087     7.1892     7.1690    24.8248   12.35685 4.9642e+02      0.931 0.0000e+00
        146 157.694714    0.01007     0.6042     36.250  1024.8193  50412.732    31.7240      0.885    6.86950     7.1917     7.1805    24.8152   12.35472 4.8027e+02      0.894 0.0000e+00
        147 157.694716    0.01014     0.6083     36.500  1024.8063  50389.139    31.7091      0.866    6.86880     7.1858     7.1892    24.8023   12.35376 4.7258e+02      0.874 0.0000e+00
        148 157.694719    0.01021     0.6125     36.750  1024.7955  50369.344    31.6957      0.873    6.86901     7.1726     7.1917    24.7914   12.35426 4.7326e+02      0.881 0.0000e+00
        149 157.694722    0.01028     0.6167     37.000  1024.7922  50363.166    31.6904      0.904    6.87018     7.1578     7.1858    24.7880   12.35627 4.8120e+02      0.912 0.0000e+00
        150 157.694725    0.01035     0.6208     37.250  1024.8002  50377.517    31.6981      0.947    6.87192     7.1493     7.1726    24.7958   12.35905 4.9641e+02      0.955 0.0000e+00
        151 157.694728    0.01042     0.6250     37.500  1024.8195  50412.577    31.7200      0.983    6.87326     7.1524     7.1579    24.8150   12.36099 5.2654e+02      0.993 0.0000e+00
        152 157.694731    0.01049     0.6292     37.750  1024.8399  50449.693    31.7443      0.999    6.87351     7.1665     7.1494    24.8353   12.36110 5.6359e+02      1.008 0.0000e+00
        153 157.694734    0.01056     0.6333     38.000  1024.8481  50464.591    31.7553      0.988    6.87253     7.1849     7.1525    24.8435   12.35934 6.1344e+02      0.997 0.0000e+00
        154 157.694737    0.01063     0.6375     38.250  1024.8418  50453.343    31.7499      0.956    6.87054     7.2011     7.1666    24.8373   12.35613 6.7584e+02      0.965 0.0000e+00
        155 157.694740    0.01069     0.6417     38.500  1024.8278  50427.911    31.7354      0.916    6.86828     7.2118     7.1850    24.8235   12.35258 6.9249e+02      0.925 0.0000e+00
        156 157.694742    0.01076     0.6458     38.750  1024.8121  50399.574    31.7184      0.884    6.86650     7.2165     7.2012    24.8080   12.34984 6.5845e+02      0.892 0.0000e+00
        157 157.694745    0.01083     0.6500     39.000  1024.7996  50376.883    31.7045      0.869    6.86543     7.2161     7.2119    24.7956   12.34825 6.4448e+02      0.877 0.0000e+00
        158 157.694748    0.01090     0.6542     39.250  1024.7948  50368.108    31.6992      0.871    6.86493     7.2133     7.2166    24.7908   12.34748 6.5703e+02      0.879 0.0000e+00
        159 157.694751    0.01097     0.6583     39.500  1024.7994  50376.262    31.7048      0.882    6.86475     7.2128     7.2162    24.7953   12.34712 6.5564e+02      0.891 0.0000e+00
        160 157.694754    0.01104     0.6625     39.750  1024.8101  50395.837    31.7179      0.892    6.86460     7.2184     7.2134    24.8060   12.34670 6.3463e+02      0.901 0.0000e+00
        161 157.694757    0.01111     0.6667     40.000  1024.8208  50415.276    31.7314      0.893    6.86406     7.2302     7.2129    24.8166   12.34565 6.0526e+02      0.902 0.0000e+00
        162 157.694760    0.01118     0.6708     40.250  1024.8255  50423.897    31.7384      0.884    6.86287     7.2450     7.2185    24.8214   12.34358 5.7688e+02      0.893 0.0000e+00
        163 157.694763    0.01125     0.6750     40.500  1024.8232  50419.822    31.7376      0.870    6.86105     7.2597     7.2302    24.8192   12.34059 5.6561e+02      0.878 0.0000e+00
        164 157.694766    0.01132     0.6792     40.750  1024.8167  50407.992    31.7319      0.857    6.85897     7.2725     7.2450    24.8127   12.33722 5.8651e+02      0.865 0.0000e+00
        165 157.694769    0.01139     0.6833     41.000  1024.8091  50394.148    31.7248      0.853    6.85697     7.2826     7.2597    24.8051   12.33401 6.3543e+02      0.861 0.0000e+00
        166 157.694771    0.01146     0.6875     41.250  1024.8031  50383.103    31.7193      0.856    6.85520     7.2906     7.2725    24.7991   12.33116 7.0033e+02      0.864 0.0000e+00
        167 157.694774    0.01153     0.6917     41.500  1024.8000  50377.501    31.7171      0.859    6.85370     7.2981     7.2827    24.7960   12.32870 7.5437e+02      0.867 0.0000e+00
        168 157.694777    0.01160     0.6958     41.750  1024.7993  50376.095    31.7175      0.856    6.85242     7.3063     7.2907    24.7953   12.32658 7.4813e+02      0.864 0.0000e+00
        169 157.694780    0.01167     0.7000     42.000  1024.7983  50374.462    31.7177      0.848    6.85124     7.3145     7.2982    24.7944   12.32462 7.0284e+02      0.856 0.0000e+00
        170 157.694783    0.01174     0.7042     42.250  1024.7953  50368.989    31.7152      0.839    6.85007     7.3214     7.3064    24.7914   12.32272 6.7807e+02      0.847 0.0000e+00
