CTD-processing/allCTD/CNV--homogene/2012_09-21_t9_s04_repeat6_cast197.cnv
* Sea-Bird SBE19plus Data File:
* FileName = C:\Documents and Settings\kris.holderied.local\My Documents\2012-CTD-DATA-new-files\2012-09-21-CTD-HomerSpit-tide-time-series-KBRRctd\2012-09-21-CTD-HomerSpit-tide-repeat6\2012-09-21-HomerSpit-tide-repeat6-LTM-cast197.hex
* Software Version 1.54
* Temperature SN =  4141
* Conductivity SN =  4141
* System UpLoad Time = Oct 11 2012 22:20:25
** Kachemak Bay Homer Spit Line - Tidal repeat6 & LTM line
** Date:  2012-09-21
** Station: 9-04
** Start time (AKDT-24 hr): 1855
** Depth (ft): 324
** Comment:Convergence line ~100m to south.  Gusty winds and rain.
# nquan = 17
# nvalues = 664                         
# units = specified
# name 0 = scan: Scan Count
# name 1 = timeJ: Julian Days
# name 2 = timeH: Time, Elapsed [hours]
# name 3 = timeM: Time, Elapsed [minutes]
# name 4 = timeS: Time, Elapsed [seconds]
# name 5 = density00: Density [density, kg/m^3]
# name 6 = specc: Specific Conductance [uS/cm]
# name 7 = sal00: Salinity, Practical [PSU]
# name 8 = depSM: Depth [salt water, m], lat = 59.00
# name 9 = oxsolML/L: Oxygen Saturation, Garcia & Gordon [ml/l]
# name 10 = potemp090C: Potential Temperature [ITS-90, deg C]
# name 11 = tv290C: Temperature [ITS-90, deg C]
# name 12 = sigma-é00: Density [sigma-theta, kg/m^3]
# name 13 = n2satML/L: Nitrogen Saturation [ml/l]
# name 14 = par: PAR/Irradiance, Biospherical/Licor
# name 15 = prdM: Pressure, Strain Gauge [db]
# name 16 = flag:  0.000e+00
# span 0 =          1,        664       
# span 1 = 265.788160, 265.790078       
# span 2 =    0.00000,    0.04604       
# span 3 =     0.0000,     2.7625       
# span 4 =      0.000,    165.750       
# span 5 =  1000.0644,  1024.3025       
# span 6 =   1019.056,  48843.844       
# span 7 =     0.4973,    30.9167       
# span 8 =     -0.197,     95.299       
# span 9 =    6.54639,    7.81729       
# span 10 =     9.3302,    10.3056      
# span 11 =     9.3402,    10.3069      
# span 12 =     0.0653,    23.8715      
# span 13 =   11.83393,   14.36268      
# span 14 = 6.6374e-02, 6.4240e+01      
# span 15 =     -0.199,     96.221      
# span 16 = 0.0000e+00, 0.0000e+00      
# interval = seconds: 0.25
# start_time = Sep 21 2012 18:54:57 [Instrument's time stamp, header]
# bad_flag = -9.990e-29
*END*
[from data line 341]
        342 265.789146    0.02368     1.4208     85.250  1022.2500  45809.505    28.8668      4.982    6.62344     9.6045     9.6189    22.2271   11.98257 5.4121e+00      5.029 0.0000e+00
        343 265.789149    0.02375     1.4250     85.500  1022.3148  45926.156    28.9467      5.204    6.62139     9.6038     9.6097    22.2909   11.97819 4.9864e+00      5.253 0.0000e+00
        344 265.789152    0.02382     1.4292     85.750  1022.3631  46012.817    29.0064      5.417    6.61953     9.6065     9.6050    22.3382   11.97438 4.6095e+00      5.468 0.0000e+00
        345 265.789155    0.02389     1.4333     86.000  1022.4013  46081.328    29.0540      5.625    6.61759     9.6120     9.6044    22.3754   11.97058 4.2697e+00      5.678 0.0000e+00
        346 265.789158    0.02396     1.4375     86.250  1022.4358  46143.589    29.0976      5.830    6.61534     9.6205     9.6071    22.4090   11.96631 3.9549e+00      5.885 0.0000e+00
        347 265.789161    0.02403     1.4417     86.500  1022.4743  46213.248    29.1468      6.037    6.61245     9.6321     9.6126    22.4465   11.96091 3.6572e+00      6.094 0.0000e+00
        348 265.789164    0.02410     1.4458     86.750  1022.5221  46300.317    29.2086      6.249    6.60859     9.6456     9.6211    22.4934   11.95376 3.3739e+00      6.309 0.0000e+00
        349 265.789167    0.02417     1.4500     87.000  1022.5767  46400.264    29.2797      6.471    6.60386     9.6579     9.6328    22.5470   11.94506 3.1055e+00      6.533 0.0000e+00
        350 265.789170    0.02424     1.4542     87.250  1022.6314  46500.320    29.3511      6.704    6.59886     9.6663     9.6463    22.6006   11.93589 2.8545e+00      6.768 0.0000e+00
        351 265.789172    0.02431     1.4583     87.500  1022.6818  46592.223    29.4166      6.948    6.59428     9.6698     9.6586    22.6499   11.92750 2.6245e+00      7.014 0.0000e+00
        352 265.789175    0.02438     1.4625     87.750  1022.7244  46669.285    29.4714      7.198    6.59073     9.6688     9.6670    22.6913   11.92095 2.4184e+00      7.267 0.0000e+00
        353 265.789178    0.02444     1.4667     88.000  1022.7584  46730.122    29.5142      7.453    6.58839     9.6646     9.6706    22.7242   11.91656 2.2331e+00      7.524 0.0000e+00
        354 265.789181    0.02451     1.4708     88.250  1022.7889  46783.917    29.5516      7.712    6.58695     9.6591     9.6696    22.7535   11.91371 2.0640e+00      7.785 0.0000e+00
        355 265.789184    0.02458     1.4750     88.500  1022.8224  46842.682    29.5921      7.974    6.58584     9.6543     9.6655    22.7857   11.91138 1.9084e+00      8.049 0.0000e+00
        356 265.789187    0.02465     1.4792     88.750  1022.8632  46914.719    29.6417      8.237    6.58454     9.6516     9.6600    22.8252   11.90862 1.7643e+00      8.315 0.0000e+00
        357 265.789190    0.02472     1.4833     89.000  1022.9139  47005.000    29.7042      8.503    6.58259     9.6513     9.6552    22.8747   11.90463 1.6298e+00      8.583 0.0000e+00
        358 265.789193    0.02479     1.4875     89.250  1022.9722  47109.474    29.7769      8.771    6.57991     9.6526     9.6525    22.9319   11.89930 1.5038e+00      8.854 0.0000e+00
        359 265.789196    0.02486     1.4917     89.500  1023.0281  47209.758    29.8469      9.043    6.57699     9.6546     9.6522    22.9866   11.89361 1.3858e+00      9.128 0.0000e+00
        360 265.789198    0.02493     1.4958     89.750  1023.0735  47290.757    29.9037      9.318    6.57439     9.6566     9.6536    23.0307   11.88862 1.2747e+00      9.406 0.0000e+00
        361 265.789201    0.02500     1.5000     90.000  1023.1084  47352.733    29.9472      9.595    6.57226     9.6585     9.6556    23.0643   11.88455 1.1706e+00      9.685 0.0000e+00
        362 265.789204    0.02507     1.5042     90.250  1023.1361  47401.642    29.9816      9.870    6.57051     9.6602     9.6577    23.0908   11.88124 1.0750e+00      9.964 0.0000e+00
        363 265.789207    0.02514     1.5083     90.500  1023.1594  47442.370    30.0102     10.141    6.56903     9.6617     9.6596    23.1129   11.87842 9.8899e-01     10.237 0.0000e+00
        364 265.789210    0.02521     1.5125     90.750  1023.1807  47479.376    30.0363     10.402    6.56767     9.6629     9.6613    23.1329   11.87587 9.1301e-01     10.501 0.0000e+00
        365 265.789213    0.02528     1.5167     91.000  1023.2020  47516.523    30.0624     10.652    6.56635     9.6638     9.6629    23.1531   11.87335 8.4650e-01     10.754 0.0000e+00
        366 265.789216    0.02535     1.5208     91.250  1023.2240  47555.002    30.0894     10.895    6.56503     9.6641     9.6641    23.1740   11.87084 7.8676e-01     10.999 0.0000e+00
        367 265.789219    0.02542     1.5250     91.500  1023.2471  47595.544    30.1178     11.139    6.56370     9.6641     9.6649    23.1960   11.86831 7.3050e-01     11.245 0.0000e+00
        368 265.789222    0.02549     1.5292     91.750  1023.2727  47640.329    30.1492     11.393    6.56233     9.6640     9.6653    23.2204   11.86565 6.7577e-01     11.501 0.0000e+00
        369 265.789225    0.02556     1.5333     92.000  1023.3002  47688.538    30.1829     11.663    6.56091     9.6640     9.6654    23.2467   11.86288 6.2195e-01     11.773 0.0000e+00
        370 265.789227    0.02562     1.5375     92.250  1023.3264  47734.149    30.2147     11.949    6.55958     9.6642     9.6653    23.2715   11.86029 5.6943e-01     12.062 0.0000e+00
        371 265.789230    0.02569     1.5417     92.500  1023.3482  47771.693    30.2409     12.243    6.55846     9.6647     9.6653    23.2920   11.85813 5.2008e-01     12.359 0.0000e+00
        372 265.789233    0.02576     1.5458     92.750  1023.3657  47801.522    30.2618     12.532    6.55755     9.6655     9.6656    23.3082   11.85636 4.7638e-01     12.651 0.0000e+00
        373 265.789236    0.02583     1.5500     93.000  1023.3808  47826.927    30.2795     12.806    6.55673     9.6666     9.6661    23.3220   11.85478 4.3949e-01     12.927 0.0000e+00
        374 265.789239    0.02590     1.5542     93.250  1023.3935  47848.340    30.2945     13.057    6.55598     9.6679     9.6669    23.3336   11.85336 4.0912e-01     13.181 0.0000e+00
        375 265.789242    0.02597     1.5583     93.500  1023.4030  47863.850    30.3054     13.289    6.55535     9.6692     9.6680    23.3419   11.85219 3.8406e-01     13.414 0.0000e+00
        376 265.789245    0.02604     1.5625     93.750  1023.4094  47874.116    30.3127     13.506    6.55485     9.6704     9.6694    23.3474   11.85127 3.6283e-01     13.634 0.0000e+00
        377 265.789248    0.02611     1.5667     94.000  1023.4145  47881.817    30.3182     13.721    6.55443     9.6715     9.6707    23.3515   11.85050 3.4358e-01     13.851 0.0000e+00
        378 265.789251    0.02618     1.5708     94.250  1023.4193  47888.988    30.3233     13.951    6.55404     9.6726     9.6719    23.3553   11.84980 3.2429e-01     14.083 0.0000e+00
        379 265.789253    0.02625     1.5750     94.500  1023.4246  47896.801    30.3288     14.212    6.55365     9.6737     9.6730    23.3594   11.84908 3.0378e-01     14.346 0.0000e+00
        380 265.789256    0.02632     1.5792     94.750  1023.4308  47905.846    30.3352     14.507    6.55323     9.6751     9.6741    23.3642   11.84830 2.8228e-01     14.644 0.0000e+00
        381 265.789259    0.02639     1.5833     95.000  1023.4374  47915.574    30.3420     14.828    6.55277     9.6767     9.6753    23.3694   11.84745 2.6134e-01     14.968 0.0000e+00
        382 265.789262    0.02646     1.5875     95.250  1023.4434  47924.139    30.3481     15.152    6.55230     9.6782     9.6767    23.3739   11.84661 2.4294e-01     15.296 0.0000e+00
        383 265.789265    0.02653     1.5917     95.500  1023.4482  47930.560    30.3527     15.456    6.55188     9.6795     9.6783    23.3772   11.84586 2.2850e-01     15.602 0.0000e+00
        384 265.789268    0.02660     1.5958     95.750  1023.4517  47935.159    30.3560     15.726    6.55152     9.6806     9.6799    23.3795   11.84522 2.1788e-01     15.875 0.0000e+00
        385 265.789271    0.02667     1.6000     96.000  1023.4545  47938.553    30.3584     15.966    6.55122     9.6813     9.6812    23.3812   11.84469 2.0951e-01     16.118 0.0000e+00
        386 265.789274    0.02674     1.6042     96.250  1023.4571  47941.527    30.3605     16.194    6.55097     9.6818     9.6823    23.3827   11.84427 2.0176e-01     16.348 0.0000e+00
        387 265.789277    0.02681     1.6083     96.500  1023.4598  47944.825    30.3629     16.436    6.55076     9.6822     9.6831    23.3844   11.84390 1.9355e-01     16.591 0.0000e+00
        388 265.789280    0.02688     1.6125     96.750  1023.4632  47948.891    30.3657     16.715    6.55057     9.6824     9.6836    23.3865   11.84354 1.8425e-01     16.873 0.0000e+00
        389 265.789282    0.02694     1.6167     97.000  1023.4674  47953.969    30.3691     17.048    6.55036     9.6825     9.6840    23.3892   11.84315 1.7357e-01     17.210 0.0000e+00
        390 265.789285    0.02701     1.6208     97.250  1023.4724  47960.237    30.3734     17.415    6.55014     9.6824     9.6843    23.3925   11.84274 1.6274e-01     17.580 0.0000e+00
        391 265.789288    0.02708     1.6250     97.500  1023.4779  47967.451    30.3784     17.765    6.54991     9.6821     9.6844    23.3963   11.84230 1.5405e-01     17.933 0.0000e+00
        392 265.789291    0.02715     1.6292     97.750  1023.4831  47974.623    30.3833     18.072    6.54972     9.6817     9.6844    23.4002   11.84191 1.4775e-01     18.243 0.0000e+00
        393 265.789294    0.02722     1.6333     98.000  1023.4876  47980.799    30.3875     18.340    6.54958     9.6811     9.6841    23.4035   11.84163 1.4288e-01     18.514 0.0000e+00
        394 265.789297    0.02729     1.6375     98.250  1023.4914  47985.794    30.3908     18.582    6.54950     9.6805     9.6837    23.4062   11.84146 1.3883e-01     18.758 0.0000e+00
        395 265.789300    0.02736     1.6417     98.500  1023.4947  47989.851    30.3935     18.816    6.54946     9.6799     9.6831    23.4083   11.84137 1.3508e-01     18.994 0.0000e+00
        396 265.789303    0.02743     1.6458     98.750  1023.4977  47993.408    30.3958     19.059    6.54945     9.6793     9.6826    23.4102   11.84131 1.3131e-01     19.240 0.0000e+00
        397 265.789306    0.02750     1.6500     99.000  1023.5008  47997.009    30.3982     19.322    6.54943     9.6786     9.6820    23.4122   11.84126 1.2738e-01     19.505 0.0000e+00
        398 265.789308    0.02757     1.6542     99.250  1023.5044  48001.291    30.4010     19.605    6.54940     9.6777     9.6814    23.4144   11.84117 1.2336e-01     19.791 0.0000e+00
        399 265.789311    0.02764     1.6583     99.500  1023.5085  48006.490    30.4044     19.900    6.54936     9.6766     9.6807    23.4172   11.84105 1.1929e-01     20.089 0.0000e+00
        400 265.789314    0.02771     1.6625     99.750  1023.5130  48012.239    30.4082     20.194    6.54932     9.6752     9.6798    23.4203   11.84095 1.1520e-01     20.386 0.0000e+00
        401 265.789317    0.02778     1.6667    100.000  1023.5179  48018.826    30.4125     20.476    6.54930     9.6736     9.6788    23.4239   11.84086 1.1152e-01     20.670 0.0000e+00
        402 265.789320    0.02785     1.6708    100.250  1023.5234  48026.805    30.4179     20.737    6.54926     9.6718     9.6775    23.4283   11.84073 1.0857e-01     20.934 0.0000e+00
        403 265.789323    0.02792     1.6750    100.500  1023.5293  48035.445    30.4236     20.974    6.54924     9.6699     9.6759    23.4331   11.84063 1.0630e-01     21.173 0.0000e+00
        404 265.789326    0.02799     1.6792    100.750  1023.5346  48043.296    30.4288     21.195    6.54928     9.6682     9.6741    23.4374   11.84064 1.0444e-01     21.396 0.0000e+00
        405 265.789329    0.02806     1.6833    101.000  1023.5392  48049.601    30.4329     21.420    6.54938     9.6668     9.6722    23.4409   11.84075 1.0252e-01     21.623 0.0000e+00
        406 265.789332    0.02813     1.6875    101.250  1023.5430  48054.410    30.4360     21.672    6.54949     9.6657     9.6706    23.4435   11.84090 1.0026e-01     21.878 0.0000e+00
        407 265.789334    0.02819     1.6917    101.500  1023.5463  48057.997    30.4382     21.959    6.54959     9.6649     9.6692    23.4455   11.84105 9.7715e-02     22.167 0.0000e+00
        408 265.789337    0.02826     1.6958    101.750  1023.5491  48060.613    30.4398     22.266    6.54968     9.6642     9.6682    23.4469   11.84117 9.5211e-02     22.478 0.0000e+00
        409 265.789340    0.02833     1.7000    102.000  1023.5515  48062.567    30.4409     22.573    6.54975     9.6636     9.6673    23.4479   11.84127 9.3022e-02     22.788 0.0000e+00
        410 265.789343    0.02840     1.7042    102.250  1023.5537  48064.176    30.4418     22.862    6.54981     9.6632     9.6667    23.4487   11.84136 9.1111e-02     23.079 0.0000e+00
        411 265.789346    0.02847     1.7083    102.500  1023.5556  48065.590    30.4427     23.125    6.54985     9.6628     9.6661    23.4495   11.84142 8.9543e-02     23.345 0.0000e+00
        412 265.789349    0.02854     1.7125    102.750  1023.5573  48066.859    30.4434     23.367    6.54988     9.6625     9.6657    23.4501   11.84146 8.8337e-02     23.589 0.0000e+00
        413 265.789352    0.02861     1.7167    103.000  1023.5590  48068.050    30.4441     23.602    6.54990     9.6622     9.6654    23.4507   11.84148 8.7281e-02     23.827 0.0000e+00
        414 265.789355    0.02868     1.7208    103.250  1023.5608  48069.348    30.4449     23.848    6.54991     9.6619     9.6651    23.4514   11.84149 8.6202e-02     24.075 0.0000e+00
        415 265.789358    0.02875     1.7250    103.500  1023.5628  48070.884    30.4458     24.114    6.54991     9.6617     9.6648    23.4521   11.84148 8.5046e-02     24.343 0.0000e+00
        416 265.789361    0.02882     1.7292    103.750  1023.5649  48072.536    30.4468     24.401    6.54990     9.6616     9.6646    23.4530   11.84145 8.3826e-02     24.633 0.0000e+00
        417 265.789363    0.02889     1.7333    104.000  1023.5671  48074.164    30.4478     24.701    6.54989     9.6615     9.6644    23.4538   11.84142 8.2557e-02     24.936 0.0000e+00
        418 265.789366    0.02896     1.7375    104.250  1023.5692  48075.752    30.4488     25.000    6.54987     9.6617     9.6642    23.4546   11.84137 8.1313e-02     25.238 0.0000e+00
        419 265.789369    0.02903     1.7417    104.500  1023.5714  48077.360    30.4498     25.290    6.54982     9.6621     9.6642    23.4554   11.84129 8.0216e-02     25.530 0.0000e+00
        420 265.789372    0.02910     1.7458    104.750  1023.5735  48079.190    30.4509     25.565    6.54975     9.6627     9.6644    23.4563   11.84114 7.9262e-02     25.808 0.0000e+00
        421 265.789375    0.02917     1.7500    105.000  1023.5758  48081.265    30.4523     25.826    6.54963     9.6636     9.6648    23.4573   11.84093 7.8439e-02     26.071 0.0000e+00
        422 265.789378    0.02924     1.7542    105.250  1023.5779  48083.217    30.4537     26.078    6.54947     9.6647     9.6655    23.4583   11.84065 7.7754e-02     26.326 0.0000e+00
        423 265.789381    0.02931     1.7583    105.500  1023.5798  48084.832    30.4548     26.327    6.54929     9.6657     9.6665    23.4590   11.84034 7.7129e-02     26.577 0.0000e+00
        424 265.789384    0.02937     1.7625    105.750  1023.5815  48086.102    30.4558     26.576    6.54910     9.6666     9.6675    23.4595   11.84001 7.6506e-02     26.829 0.0000e+00
        425 265.789387    0.02944     1.7667    106.000  1023.5830  48086.976    30.4564     26.830    6.54891     9.6672     9.6686    23.4599   11.83969 7.5875e-02     27.085 0.0000e+00
