CTD-processing/allCTD/CNV--homogene/2012_04-10_t9_s01_cast285.cnv
* Sea-Bird SBE19plus Data File:
* FileName = C:\Documents and Settings\glenn.seaman\My Documents\KHolderied-files\CTD-DATA-FILES\2011-KBay-CTD\2012-04-10-HomerSpit-CTD\2012-04-10-HomerSpit-cast285.hex
* Software Version 1.59
* Temperature SN =  5028
* Conductivity SN =  5028
* System UpLoad Time = Apr 29 2012 20:44:27
** Cruise: Homer Spit Transect
** Date: 2012-04-10
** Station: 01
** Start time (AKDT): 1801
** Depth (feet): 227
# nquan = 17
# nvalues = 573                         
# units = specified
# name 0 = scan: Scan Count
# name 1 = timeJ: Julian Days
# name 2 = timeH: Time, Elapsed [hours]
# name 3 = timeM: Time, Elapsed [minutes]
# name 4 = timeS: Time, Elapsed [seconds]
# name 5 = density00: Density [density, kg/m^3]
# name 6 = specc: Specific Conductance [uS/cm]
# name 7 = sal00: Salinity, Practical [PSU]
# name 8 = depSM: Depth [salt water, m], lat = 59.00
# name 9 = oxsolML/L: Oxygen Saturation, Garcia & Gordon [ml/l]
# name 10 = potemp090C: Potential Temperature [ITS-90, deg C]
# name 11 = tv290C: Temperature [ITS-90, deg C]
# name 12 = sigma-é00: Density [sigma-theta, kg/m^3]
# name 13 = n2satML/L: Nitrogen Saturation [ml/l]
# name 14 = par: PAR/Irradiance, Biospherical/Licor [umol photons/m^2/sec]
# name 15 = prdM: Pressure, Strain Gauge [db]
# name 16 = flag:  0.000e+00
# span 0 =          1,        573       
# span 1 = 102.084861, 102.086516       
# span 2 =    0.00000,    0.03972       
# span 3 =     0.0000,     2.3833       
# span 4 =      0.000,    143.000       
# span 5 =   999.8601,  1025.6410       
# span 6 =      0.309,  52366.011       
# span 7 =     0.0038,    32.2030       
# span 8 =     -0.082,     60.501       
# span 9 =    7.40072,    8.76607       
# span 10 =     2.8884,     7.8907      
# span 11 =     2.8889,     7.8907      
# span 12 =    -0.1395,    25.6377      
# span 13 =   13.23542,   15.92632      
# span 14 = 5.0974e-02, 1.4453e+03      
# span 15 =     -0.083,     61.081      
# span 16 = 0.0000e+00, 0.0000e+00      
# interval = seconds: 0.25
# start_time = Apr 11 2012 02:02:12 [Instrument's time stamp, header]
# bad_flag = -9.990e-29
*END*
          1 102.084861    0.00000     0.0000      0.000   999.8603      0.365     0.0038     -0.081    8.31027     7.8860     7.8854    -0.1393   15.20224 9.7505e+02     -0.082 0.0000e+00
          2 102.084864    0.00007     0.0042      0.250   999.8603      0.339     0.0038     -0.082    8.31021     7.8864     7.8856    -0.1393   15.20215 1.0164e+03     -0.083 0.0000e+00
          3 102.084867    0.00014     0.0083      0.500   999.8603      0.319     0.0038     -0.082    8.31014     7.8869     7.8860    -0.1393   15.20203 1.0910e+03     -0.083 0.0000e+00
          4 102.084870    0.00021     0.0125      0.750   999.8602      0.310     0.0038     -0.081    8.31005     7.8874     7.8864    -0.1394   15.20189 1.1973e+03     -0.082 0.0000e+00
          5 102.084873    0.00028     0.0167      1.000   999.8602      0.309     0.0038     -0.081    8.30996     7.8879     7.8869    -0.1394   15.20173 1.3089e+03     -0.082 0.0000e+00
          6 102.084876    0.00035     0.0208      1.250   999.8602      0.316     0.0038     -0.081    8.30985     7.8884     7.8874    -0.1394   15.20155 1.3948e+03     -0.082 0.0000e+00
          7 102.084878    0.00042     0.0250      1.500   999.8602      0.333     0.0038     -0.081    8.30974     7.8890     7.8879    -0.1394   15.20137 1.4390e+03     -0.082 0.0000e+00
          8 102.084881    0.00049     0.0292      1.750   999.8601      0.354     0.0038     -0.081    8.30964     7.8895     7.8884    -0.1394   15.20119 1.4453e+03     -0.082 0.0000e+00
          9 102.084884    0.00056     0.0333      2.000   999.8601      0.377     0.0038     -0.082    8.30953     7.8899     7.8890    -0.1395   15.20101 1.4349e+03     -0.083 0.0000e+00
         10 102.084887    0.00063     0.0375      2.250   999.8601      0.408     0.0038     -0.082    8.30943     7.8903     7.8895    -0.1395   15.20084 1.4252e+03     -0.083 0.0000e+00
         11 102.084890    0.00069     0.0417      2.500   999.8601      0.454     0.0039     -0.082    8.30934     7.8906     7.8899    -0.1395   15.20069 1.4154e+03     -0.083 0.0000e+00
         12 102.084893    0.00076     0.0458      2.750   999.8601      0.538     0.0039     -0.082    8.30927     7.8907     7.8903    -0.1395   15.20055 1.3984e+03     -0.083 0.0000e+00
         13 102.084896    0.00083     0.0500      3.000   999.8602      0.679     0.0040     -0.082    8.30921     7.8905     7.8906    -0.1394   15.20045 1.3664e+03     -0.083 0.0000e+00
         14 102.084899    0.00090     0.0542      3.250   999.8603      0.901     0.0041     -0.082    8.30918     7.8899     7.8907    -0.1393   15.20041 1.3181e+03     -0.083 0.0000e+00
         15 102.084902    0.00097     0.0583      3.500   999.8604      1.277     0.0044     -0.082    8.30921     7.8885     7.8905    -0.1392   15.20046 1.2708e+03     -0.083 0.0000e+00
         16 102.084905    0.00104     0.0625      3.750   999.8608      1.919     0.0048     -0.082    8.30932     7.8860     7.8899    -0.1388   15.20064 1.2383e+03     -0.083 0.0000e+00
         17 102.084907    0.00111     0.0667      4.000   999.8613      2.998     0.0054     -0.082    8.30957     7.8816     7.8885    -0.1383   15.20105 1.2145e+03     -0.083 0.0000e+00
         18 102.084910    0.00118     0.0708      4.250   999.8623      4.793     0.0065     -0.082    8.31005     7.8743     7.8860    -0.1373   15.20185 1.1896e+03     -0.083 0.0000e+00
         19 102.084913    0.00125     0.0750      4.500   999.8639      7.764     0.0083     -0.082    8.31090     7.8621     7.8816    -0.1357   15.20324 1.1584e+03     -0.083 0.0000e+00
         20 102.084916    0.00132     0.0792      4.750   999.8666     12.703     0.0113     -0.082    8.31230     7.8421     7.8743    -0.1330   15.20557 1.1158e+03     -0.083 0.0000e+00
         21 102.084919    0.00139     0.0833      5.000   999.8711     20.946     0.0163     -0.082    8.31462     7.8089     7.8621    -0.1285   15.20940 1.0626e+03     -0.083 0.0000e+00
         22 102.084922    0.00146     0.0875      5.250   999.8785     34.700     0.0246     -0.082    8.31845     7.7534     7.8421    -0.1211   15.21571 1.0101e+03     -0.083 0.0000e+00
         23 102.084925    0.00153     0.0917      5.500   999.8909     57.624     0.0385     -0.081    8.32480     7.6607     7.8089    -0.1087   15.22620 9.6938e+02     -0.082 0.0000e+00
         24 102.084928    0.00160     0.0958      5.750   999.9116     95.820     0.0616     -0.081    8.33539     7.5059     7.7534    -0.0880   15.24370 9.4312e+02     -0.082 0.0000e+00
         25 102.084931    0.00167     0.1000      6.000   999.9460    159.476     0.1002     -0.080    8.35311     7.2477     7.6607    -0.0536   15.27297 9.2753e+02     -0.081 0.0000e+00
         26 102.084933    0.00174     0.1042      6.250  1000.0035    265.566     0.1644     -0.078    8.38271     6.8412     7.5059     0.0039   15.32187 9.1769e+02     -0.079 0.0000e+00
         27 102.084936    0.00181     0.1083      6.500  1000.0994    442.386     0.2715     -0.074    8.43208     6.3081     7.2477     0.0997   15.40343 9.1054e+02     -0.075 0.0000e+00
         28 102.084939    0.00187     0.1125      6.750  1000.2577    737.102     0.4500     -0.070    8.50946     5.7587     6.8412     0.2580   15.53110 9.0444e+02     -0.070 0.0000e+00
         29 102.084942    0.00194     0.1167      7.000  1000.5144   1228.312     0.7475     -0.066    8.60825     5.2878     6.3081     0.5147   15.69305 8.9932e+02     -0.066 0.0000e+00
         30 102.084945    0.00201     0.1208      7.250  1000.9276   2046.989     1.2437     -0.060    8.70066     4.9038     5.7587     0.9279   15.84136 8.9700e+02     -0.061 0.0000e+00
         31 102.084948    0.00208     0.1250      7.500  1001.5996   3411.410     2.0709     -0.049    8.75825     4.5689     5.2878     1.5998   15.92632 8.9840e+02     -0.049 0.0000e+00
         32 102.084951    0.00215     0.1292      7.750  1002.7066   5685.396     3.4497     -0.028    8.76607     4.2617     4.9038     2.7068   15.91961 8.9858e+02     -0.028 0.0000e+00
         33 102.084954    0.00222     0.1333      8.000  1004.5430   9475.372     5.7480      0.003    8.71119     3.9884     4.5689     4.5430   15.79428 8.8731e+02      0.003 0.0000e+00
         34 102.084957    0.00229     0.1375      8.250  1007.5980  15803.691     9.5788      0.045    8.56300     3.7578     4.2617     7.5978   15.49005 8.5267e+02      0.045 0.0000e+00
         35 102.084959    0.00236     0.1417      8.500  1012.0006  24866.811    15.1041      0.098    8.31208     3.5705     3.9884    12.0001   14.98975 7.8141e+02      0.098 0.0000e+00
         36 102.084962    0.00243     0.1458      8.750  1016.5879  34191.227    20.8619      0.157    8.04043     3.4234     3.7578    16.5871   14.45279 7.0256e+02      0.159 0.0000e+00
         37 102.084965    0.00250     0.1500      9.000  1019.9565  40985.250    25.0872      0.220    7.84524     3.3122     3.5705    19.9554   14.06627 6.8588e+02      0.222 0.0000e+00
         38 102.084968    0.00257     0.1542      9.250  1022.0164  45140.719    27.6672      0.282    7.73231     3.2316     3.4234    22.0151   13.84067 7.2506e+02      0.285 0.0000e+00
         39 102.084971    0.00264     0.1583      9.500  1023.2909  47710.093    29.2608      0.341    7.66649     3.1757     3.3123    23.2892   13.70790 7.5177e+02      0.344 0.0000e+00
         40 102.084974    0.00271     0.1625      9.750  1024.0900  49318.459    30.2586      0.395    7.62746     3.1400     3.2317    24.0881   13.62845 7.3918e+02      0.399 0.0000e+00
         41 102.084977    0.00278     0.1667     10.000  1024.6016  50344.551    30.8967      0.444    7.60343     3.1225     3.1757    24.5994   13.57926 7.0969e+02      0.449 0.0000e+00
         42 102.084980    0.00285     0.1708     10.250  1024.9399  51018.637    31.3186      0.485    7.58740     3.1198     3.1401    24.9376   13.54655 6.8360e+02      0.490 0.0000e+00
         43 102.084983    0.00292     0.1750     10.500  1025.1576  51449.446    31.5906      0.514    7.57607     3.1236     3.1226    25.1552   13.52388 6.3520e+02      0.519 0.0000e+00
         44 102.084986    0.00299     0.1792     10.750  1025.2844  51698.893    31.7497      0.533    7.56804     3.1262     3.1198    25.2818   13.50829 5.6468e+02      0.538 0.0000e+00
         45 102.084988    0.00306     0.1833     11.000  1025.3561  51839.253    31.8403      0.547    7.56244     3.1256     3.1237    25.3535   13.49770 5.1752e+02      0.552 0.0000e+00
         46 102.084991    0.00313     0.1875     11.250  1025.4026  51929.817    31.8991      0.559    7.55881     3.1227     3.1263    25.3999   13.49084 5.0304e+02      0.564 0.0000e+00
         47 102.084994    0.00319     0.1917     11.500  1025.4302  51984.072    31.9337      0.569    7.55706     3.1173     3.1257    25.4275   13.48745 5.0939e+02      0.574 0.0000e+00
         48 102.084997    0.00326     0.1958     11.750  1025.4302  51986.648    31.9335      0.577    7.55756     3.1096     3.1228    25.4275   13.48824 5.2735e+02      0.582 0.0000e+00
         49 102.085000    0.00333     0.2000     12.000  1025.4067  51945.479    31.9035      0.582    7.56010     3.1020     3.1174    25.4040   13.49281 5.4094e+02      0.588 0.0000e+00
         50 102.085003    0.00340     0.2042     12.250  1025.3740  51887.473    31.8617      0.585    7.56367     3.0964     3.1097    25.3713   13.49924 5.4567e+02      0.591 0.0000e+00
         51 102.085006    0.00347     0.2083     12.500  1025.3478  51841.068    31.8279      0.587    7.56683     3.0936     3.1020    25.3450   13.50490 5.3949e+02      0.593 0.0000e+00
         52 102.085009    0.00354     0.2125     12.750  1025.3370  51822.634    31.8138      0.588    7.56859     3.0925     3.0965    25.3342   13.50798 5.2832e+02      0.594 0.0000e+00
         53 102.085012    0.00361     0.2167     13.000  1025.3327  51815.498    31.8082      0.590    7.56941     3.0920     3.0936    25.3299   13.50941 5.2557e+02      0.595 0.0000e+00
         54 102.085014    0.00368     0.2208     13.250  1025.3274  51805.933    31.8013      0.591    7.56996     3.0914     3.0926    25.3246   13.51040 5.2785e+02      0.597 0.0000e+00
         55 102.085017    0.00375     0.2250     13.500  1025.3228  51797.545    31.7955      0.592    7.57035     3.0902     3.0921    25.3199   13.51112 5.4470e+02      0.598 0.0000e+00
         56 102.085020    0.00382     0.2292     13.750  1025.3191  51790.975    31.7908      0.593    7.57071     3.0883     3.0914    25.3163   13.51178 5.5633e+02      0.598 0.0000e+00
         57 102.085023    0.00389     0.2333     14.000  1025.3167  51786.841    31.7877      0.593    7.57110     3.0862     3.0902    25.3139   13.51246 5.2038e+02      0.598 0.0000e+00
         58 102.085026    0.00396     0.2375     14.250  1025.3169  51787.658    31.7877      0.592    7.57144     3.0842     3.0884    25.3141   13.51302 4.6646e+02      0.598 0.0000e+00
         59 102.085029    0.00403     0.2417     14.500  1025.3206  51795.039    31.7921      0.592    7.57161     3.0827     3.0862    25.3178   13.51326 4.3771e+02      0.598 0.0000e+00
         60 102.085032    0.00410     0.2458     14.750  1025.3294  51811.745    31.8029      0.593    7.57143     3.0820     3.0842    25.3266   13.51281 4.3120e+02      0.599 0.0000e+00
         61 102.085035    0.00417     0.2500     15.000  1025.3439  51838.814    31.8209      0.595    7.57079     3.0820     3.0827    25.3411   13.51151 4.3558e+02      0.600 0.0000e+00
         62 102.085038    0.00424     0.2542     15.250  1025.3604  51869.523    31.8415      0.597    7.56986     3.0814     3.0820    25.3576   13.50970 4.3754e+02      0.602 0.0000e+00
         63 102.085041    0.00431     0.2583     15.500  1025.3731  51893.092    31.8575      0.599    7.56904     3.0792     3.0820    25.3703   13.50815 4.2677e+02      0.604 0.0000e+00
         64 102.085043    0.00438     0.2625     15.750  1025.3767  51899.753    31.8618      0.602    7.56892     3.0755     3.0814    25.3739   13.50790 4.0868e+02      0.607 0.0000e+00
         65 102.085046    0.00444     0.2667     16.000  1025.3706  51889.018    31.8540      0.606    7.56975     3.0719     3.0792    25.3678   13.50936 3.8720e+02      0.611 0.0000e+00
         66 102.085049    0.00451     0.2708     16.250  1025.3621  51874.185    31.8430      0.611    7.57100     3.0691     3.0755    25.3593   13.51157 3.6363e+02      0.617 0.0000e+00
         67 102.085052    0.00458     0.2750     16.500  1025.3578  51866.956    31.8371      0.617    7.57199     3.0667     3.0719    25.3549   13.51328 3.4008e+02      0.622 0.0000e+00
         68 102.085055    0.00465     0.2792     16.750  1025.3558  51863.861    31.8343      0.621    7.57265     3.0635     3.0692    25.3528   13.51440 3.2163e+02      0.626 0.0000e+00
         69 102.085058    0.00472     0.2833     17.000  1025.3519  51857.135    31.8291      0.623    7.57337     3.0594     3.0668    25.3489   13.51566 3.1510e+02      0.629 0.0000e+00
         70 102.085061    0.00479     0.2875     17.250  1025.3473  51849.453    31.8231      0.624    7.57429     3.0555     3.0635    25.3443   13.51725 3.1395e+02      0.630 0.0000e+00
         71 102.085064    0.00486     0.2917     17.500  1025.3450  51846.186    31.8198      0.624    7.57522     3.0523     3.0595    25.3421   13.51884 3.1068e+02      0.630 0.0000e+00
         72 102.085067    0.00493     0.2958     17.750  1025.3447  51846.441    31.8189      0.624    7.57601     3.0499     3.0555    25.3417   13.52015 3.0766e+02      0.630 0.0000e+00
         73 102.085069    0.00500     0.3000     18.000  1025.3449  51847.699    31.8189      0.624    7.57661     3.0482     3.0523    25.3420   13.52114 3.0642e+02      0.630 0.0000e+00
         74 102.085072    0.00507     0.3042     18.250  1025.3453  51848.916    31.8191      0.624    7.57704     3.0471     3.0499    25.3423   13.52185 3.1423e+02      0.630 0.0000e+00
         75 102.085075    0.00514     0.3083     18.500  1025.3456  51849.843    31.8192      0.626    7.57735     3.0463     3.0482    25.3426   13.52236 3.3279e+02      0.632 0.0000e+00
         76 102.085078    0.00521     0.3125     18.750  1025.3457  51850.310    31.8192      0.630    7.57757     3.0460     3.0471    25.3427   13.52272 3.6264e+02      0.636 0.0000e+00
         77 102.085081    0.00528     0.3167     19.000  1025.3462  51851.269    31.8197      0.636    7.57769     3.0461     3.0464    25.3431   13.52290 3.9517e+02      0.642 0.0000e+00
         78 102.085084    0.00535     0.3208     19.250  1025.3484  51855.330    31.8223      0.644    7.57762     3.0466     3.0460    25.3453   13.52276 3.9992e+02      0.650 0.0000e+00
         79 102.085087    0.00542     0.3250     19.500  1025.3529  51863.560    31.8279      0.651    7.57731     3.0474     3.0461    25.3497   13.52218 3.8517e+02      0.657 0.0000e+00
         80 102.085090    0.00549     0.3292     19.750  1025.3581  51873.080    31.8345      0.657    7.57687     3.0483     3.0466    25.3550   13.52137 3.7359e+02      0.663 0.0000e+00
         81 102.085093    0.00556     0.3333     20.000  1025.3624  51880.843    31.8400      0.659    7.57644     3.0491     3.0474    25.3593   13.52058 3.5608e+02      0.666 0.0000e+00
         82 102.085095    0.00562     0.3375     20.250  1025.3652  51885.811    31.8436      0.657    7.57607     3.0495     3.0483    25.3621   13.51993 3.3292e+02      0.664 0.0000e+00
         83 102.085098    0.00569     0.3417     20.500  1025.3655  51886.271    31.8441      0.653    7.57589     3.0494     3.0492    25.3624   13.51963 3.1589e+02      0.659 0.0000e+00
         84 102.085101    0.00576     0.3458     20.750  1025.3625  51880.705    31.8405      0.647    7.57601     3.0489     3.0496    25.3595   13.51987 3.0533e+02      0.653 0.0000e+00
         85 102.085104    0.00583     0.3500     21.000  1025.3567  51869.961    31.8332      0.643    7.57641     3.0486     3.0494    25.3537   13.52063 2.9753e+02      0.649 0.0000e+00
