CTD-processing/allCTD/CNV--homogene/2012_10-28_t6_s21_cast008.cnv
* Sea-Bird SBE19plus Data File:
* FileName = C:\Documents and Settings\kris.holderied.local\My Documents\2012-10-CookInlet-Ocean-LTM\2012-10-28-EVOSTC-CookInletOcean-Tran6-Douglas\2012-10-28-CookInletOcean-Tran6-cast008.hex
* Software Version 1.54
* Temperature SN =  4141
* Conductivity SN =  4141
* System UpLoad Time = Oct 28 2012 19:32:50
** Cook Inlet EVOSTC Transect 6 Douglas line west to east
** Date:   28 Oct 2012
** Station:  6-21
** Start time (AKDT-24 hr):  1058
** Depth (m):  171
** Comment:Still pushed to South. Winds NW ~15kts. Seas 3-5ft. NW wind waves with swell from Southeast.
# nquan = 17
# nvalues = 1086                        
# units = specified
# name 0 = scan: Scan Count
# name 1 = timeJ: Julian Days
# name 2 = timeH: Time, Elapsed [hours]
# name 3 = timeM: Time, Elapsed [minutes]
# name 4 = timeS: Time, Elapsed [seconds]
# name 5 = density00: Density [density, kg/m^3]
# name 6 = specc: Specific Conductance [uS/cm]
# name 7 = sal00: Salinity, Practical [PSU]
# name 8 = depSM: Depth [salt water, m], lat = 59.00
# name 9 = oxsolML/L: Oxygen Saturation, Garcia & Gordon [ml/l]
# name 10 = potemp090C: Potential Temperature [ITS-90, deg C]
# name 11 = tv290C: Temperature [ITS-90, deg C]
# name 12 = sigma-é00: Density [sigma-theta, kg/m^3]
# name 13 = n2satML/L: Nitrogen Saturation [ml/l]
# name 14 = par: PAR/Irradiance, Biospherical/Licor
# name 15 = prdM: Pressure, Strain Gauge [db]
# name 16 = flag:  0.000e+00
# span 0 =          1,       1086       
# span 1 = 302.456736, 302.459876       
# span 2 =    0.00000,    0.07535       
# span 3 =     0.0000,     4.5208       
# span 4 =      0.000,    271.250       
# span 5 =  1000.0382,  1025.9846       
# span 6 =    181.026,  51449.179       
# span 7 =     0.0811,    32.3201       
# span 8 =     -0.029,    141.133       
# span 9 =    6.76914,    9.05602       
# span 10 =     4.3511,     7.7169      
# span 11 =     4.3511,     7.7231      
# span 12 =     0.0383,    25.3303      
# span 13 =   12.18445,   16.44813      
# span 14 = 3.6382e-02, 8.9359e+01      
# span 15 =     -0.029,    142.514      
# span 16 = 0.0000e+00, 0.0000e+00      
# interval = seconds: 0.25
# start_time = Oct 28 2012 10:57:42 [Instrument's time stamp, header]
# bad_flag = -9.990e-29
*END*
[from data line 681]
        682 302.458707    0.04729     2.8375    170.250  1025.3305  50834.842    32.0796     66.798    6.76976     7.7063     7.7182    25.0219   12.18542 1.4029e-01     67.439 0.0000e+00
        683 302.458709    0.04736     2.8417    170.500  1025.3336  50837.571    32.0810     67.166    6.77008     7.7028     7.7157    25.0233   12.18594 1.3618e-01     67.811 0.0000e+00
        684 302.458712    0.04743     2.8458    170.750  1025.3370  50840.825    32.0826     67.535    6.77047     7.6989     7.7127    25.0250   12.18657 1.3229e-01     68.183 0.0000e+00
        685 302.458715    0.04750     2.8500    171.000  1025.3409  50844.972    32.0847     67.897    6.77092     7.6949     7.7092    25.0272   12.18728 1.2882e-01     68.549 0.0000e+00
        686 302.458718    0.04757     2.8542    171.250  1025.3450  50849.714    32.0872     68.242    6.77140     7.6908     7.7053    25.0298   12.18804 1.2586e-01     68.897 0.0000e+00
        687 302.458721    0.04764     2.8583    171.500  1025.3491  50854.731    32.0899     68.558    6.77189     7.6868     7.7014    25.0325   12.18882 1.2331e-01     69.216 0.0000e+00
        688 302.458724    0.04771     2.8625    171.750  1025.3532  50859.929    32.0928     68.837    6.77239     7.6831     7.6973    25.0353   12.18961 1.2112e-01     69.498 0.0000e+00
        689 302.458727    0.04778     2.8667    172.000  1025.3571  50865.153    32.0957     69.078    6.77288     7.6800     7.6934    25.0381   12.19038 1.1932e-01     69.741 0.0000e+00
        690 302.458730    0.04785     2.8708    172.250  1025.3608  50870.131    32.0984     69.287    6.77331     7.6774     7.6897    25.0408   12.19106 1.1782e-01     69.952 0.0000e+00
        691 302.458733    0.04792     2.8750    172.500  1025.3641  50874.579    32.1009     69.480    6.77368     7.6752     7.6866    25.0432   12.19164 1.1644e-01     70.147 0.0000e+00
        692 302.458736    0.04799     2.8792    172.750  1025.3671  50878.369    32.1031     69.675    6.77398     7.6733     7.6841    25.0452   12.19212 1.1504e-01     70.344 0.0000e+00
        693 302.458738    0.04806     2.8833    173.000  1025.3698  50881.613    32.1049     69.886    6.77423     7.6715     7.6819    25.0469   12.19251 1.1354e-01     70.558 0.0000e+00
        694 302.458741    0.04813     2.8875    173.250  1025.3724  50884.557    32.1065     70.122    6.77446     7.6697     7.6800    25.0485   12.19286 1.1194e-01     70.796 0.0000e+00
        695 302.458744    0.04819     2.8917    173.500  1025.3751  50887.343    32.1080     70.382    6.77467     7.6678     7.6782    25.0499   12.19319 1.1025e-01     71.058 0.0000e+00
        696 302.458747    0.04826     2.8958    173.750  1025.3778  50890.032    32.1095     70.660    6.77487     7.6657     7.6764    25.0513   12.19351 1.0850e-01     71.339 0.0000e+00
        697 302.458750    0.04833     2.9000    174.000  1025.3805  50892.784    32.1110     70.946    6.77510     7.6634     7.6745    25.0527   12.19386 1.0677e-01     71.628 0.0000e+00
        698 302.458753    0.04840     2.9042    174.250  1025.3834  50895.794    32.1126     71.227    6.77535     7.6610     7.6724    25.0543   12.19426 1.0512e-01     71.912 0.0000e+00
        699 302.458756    0.04847     2.9083    174.500  1025.3864  50899.121    32.1144     71.489    6.77562     7.6587     7.6701    25.0560   12.19469 1.0362e-01     72.176 0.0000e+00
        700 302.458759    0.04854     2.9125    174.750  1025.3893  50902.595    32.1163     71.718    6.77590     7.6565     7.6678    25.0579   12.19513 1.0234e-01     72.408 0.0000e+00
        701 302.458762    0.04861     2.9167    175.000  1025.3920  50905.996    32.1182     71.910    6.77617     7.6546     7.6655    25.0597   12.19555 1.0130e-01     72.602 0.0000e+00
        702 302.458764    0.04868     2.9208    175.250  1025.3944  50909.155    32.1200     72.067    6.77642     7.6530     7.6633    25.0614   12.19594 1.0049e-01     72.760 0.0000e+00
        703 302.458767    0.04875     2.9250    175.500  1025.3965  50911.891    32.1216     72.202    6.77664     7.6517     7.6615    25.0628   12.19629 9.9773e-02     72.897 0.0000e+00
        704 302.458770    0.04882     2.9292    175.750  1025.3983  50914.184    32.1228     72.334    6.77683     7.6503     7.6599    25.0641   12.19658 9.9041e-02     73.030 0.0000e+00
        705 302.458773    0.04889     2.9333    176.000  1025.4000  50916.176    32.1239     72.483    6.77700     7.6488     7.6585    25.0651   12.19684 9.8165e-02     73.180 0.0000e+00
        706 302.458776    0.04896     2.9375    176.250  1025.4019  50918.136    32.1250     72.666    6.77715     7.6470     7.6571    25.0662   12.19709 9.7059e-02     73.365 0.0000e+00
        707 302.458779    0.04903     2.9417    176.500  1025.4042  50920.417    32.1263     72.892    6.77733     7.6451     7.6556    25.0674   12.19737 9.5710e-02     73.593 0.0000e+00
        708 302.458782    0.04910     2.9458    176.750  1025.4068  50923.103    32.1277     73.165    6.77754     7.6431     7.6539    25.0688   12.19769 9.4119e-02     73.869 0.0000e+00
        709 302.458785    0.04917     2.9500    177.000  1025.4098  50926.087    32.1294     73.483    6.77776     7.6412     7.6520    25.0703   12.19804 9.2289e-02     74.189 0.0000e+00
        710 302.458788    0.04924     2.9542    177.250  1025.4131  50929.206    32.1310     73.838    6.77799     7.6396     7.6500    25.0719   12.19839 9.0300e-02     74.548 0.0000e+00
        711 302.458791    0.04931     2.9583    177.500  1025.4164  50932.231    32.1326     74.223    6.77820     7.6381     7.6482    25.0735   12.19872 8.8271e-02     74.937 0.0000e+00
        712 302.458793    0.04938     2.9625    177.750  1025.4197  50935.021    32.1341     74.629    6.77838     7.6368     7.6466    25.0749   12.19901 8.6263e-02     75.347 0.0000e+00
        713 302.458796    0.04944     2.9667    178.000  1025.4229  50937.563    32.1355     75.047    6.77854     7.6355     7.6452    25.0761   12.19925 8.4288e-02     75.770 0.0000e+00
        714 302.458799    0.04951     2.9708    178.250  1025.4260  50940.027    32.1368     75.468    6.77868     7.6341     7.6439    25.0774   12.19946 8.2340e-02     76.195 0.0000e+00
        715 302.458802    0.04958     2.9750    178.500  1025.4292  50942.609    32.1382     75.884    6.77881     7.6325     7.6426    25.0786   12.19966 8.0434e-02     76.614 0.0000e+00
        716 302.458805    0.04965     2.9792    178.750  1025.4325  50945.337    32.1397     76.286    6.77896     7.6308     7.6413    25.0800   12.19989 7.8619e-02     77.020 0.0000e+00
        717 302.458808    0.04972     2.9833    179.000  1025.4357  50948.194    32.1413     76.667    6.77913     7.6292     7.6397    25.0814   12.20015 7.6924e-02     77.405 0.0000e+00
        718 302.458811    0.04979     2.9875    179.250  1025.4388  50951.080    32.1428     77.020    6.77931     7.6278     7.6381    25.0829   12.20043 7.5368e-02     77.761 0.0000e+00
        719 302.458814    0.04986     2.9917    179.500  1025.4416  50953.776    32.1443     77.342    6.77949     7.6267     7.6365    25.0843   12.20071 7.3997e-02     78.087 0.0000e+00
        720 302.458817    0.04993     2.9958    179.750  1025.4442  50956.142    32.1456     77.639    6.77964     7.6258     7.6352    25.0855   12.20095 7.2784e-02     78.386 0.0000e+00
        721 302.458819    0.05000     3.0000    180.000  1025.4465  50958.140    32.1467     77.916    6.77976     7.6251     7.6341    25.0865   12.20114 7.1671e-02     78.666 0.0000e+00
        722 302.458822    0.05007     3.0042    180.250  1025.4485  50959.749    32.1476     78.181    6.77986     7.6244     7.6332    25.0873   12.20129 7.0662e-02     78.934 0.0000e+00
        723 302.458825    0.05014     3.0083    180.500  1025.4503  50961.011    32.1482     78.438    6.77994     7.6238     7.6325    25.0879   12.20141 6.9744e-02     79.194 0.0000e+00
        724 302.458828    0.05021     3.0125    180.750  1025.4520  50962.015    32.1487     78.690    6.78002     7.6230     7.6318    25.0884   12.20153 6.8879e-02     79.448 0.0000e+00
        725 302.458831    0.05028     3.0167    181.000  1025.4534  50962.755    32.1489     78.935    6.78011     7.6219     7.6312    25.0887   12.20167 6.8063e-02     79.695 0.0000e+00
        726 302.458834    0.05035     3.0208    181.250  1025.4547  50963.211    32.1490     79.170    6.78022     7.6206     7.6304    25.0889   12.20186 6.7320e-02     79.932 0.0000e+00
        727 302.458837    0.05042     3.0250    181.500  1025.4558  50963.570    32.1490     79.389    6.78038     7.6189     7.6294    25.0890   12.20213 6.6652e-02     80.153 0.0000e+00
        728 302.458840    0.05049     3.0292    181.750  1025.4569  50964.001    32.1490     79.591    6.78059     7.6169     7.6281    25.0892   12.20247 6.6055e-02     80.357 0.0000e+00
        729 302.458843    0.05056     3.0333    182.000  1025.4580  50964.487    32.1489     79.776    6.78084     7.6146     7.6264    25.0894   12.20289 6.5527e-02     80.544 0.0000e+00
        730 302.458845    0.05063     3.0375    182.250  1025.4592  50965.311    32.1491     79.948    6.78114     7.6122     7.6244    25.0898   12.20338 6.5052e-02     80.718 0.0000e+00
        731 302.458848    0.05069     3.0417    182.500  1025.4607  50966.779    32.1497     80.114    6.78147     7.6098     7.6221    25.0905   12.20392 6.4603e-02     80.885 0.0000e+00
        732 302.458851    0.05076     3.0458    182.750  1025.4624  50968.563    32.1504     80.280    6.78181     7.6074     7.6197    25.0915   12.20447 6.4159e-02     81.053 0.0000e+00
        733 302.458854    0.05083     3.0500    183.000  1025.4640  50970.069    32.1510     80.451    6.78216     7.6048     7.6173    25.0923   12.20504 6.3713e-02     81.226 0.0000e+00
        734 302.458857    0.05090     3.0542    183.250  1025.4653  50970.907    32.1511     80.633    6.78252     7.6018     7.6149    25.0927   12.20564 6.3250e-02     81.410 0.0000e+00
        735 302.458860    0.05097     3.0583    183.500  1025.4663  50971.156    32.1508     80.830    6.78293     7.5983     7.6124    25.0928   12.20632 6.2746e-02     81.609 0.0000e+00
        736 302.458863    0.05104     3.0625    183.750  1025.4673  50971.339    32.1503     81.043    6.78341     7.5940     7.6094    25.0928   12.20711 6.2194e-02     81.824 0.0000e+00
        737 302.458866    0.05111     3.0667    184.000  1025.4686  50971.797    32.1499     81.274    6.78397     7.5888     7.6059    25.0930   12.20804 6.1600e-02     82.058 0.0000e+00
        738 302.458869    0.05118     3.0708    184.250  1025.4700  50972.439    32.1495     81.520    6.78465     7.5824     7.6017    25.0933   12.20917 6.0967e-02     82.306 0.0000e+00
        739 302.458872    0.05125     3.0750    184.500  1025.4714  50972.896    32.1489     81.776    6.78547     7.5742     7.5965    25.0934   12.21055 6.0305e-02     82.564 0.0000e+00
        740 302.458874    0.05132     3.0792    184.750  1025.4726  50972.983    32.1477     82.035    6.78652     7.5636     7.5901    25.0934   12.21228 5.9643e-02     82.827 0.0000e+00
        741 302.458877    0.05139     3.0833    185.000  1025.4738  50973.110    32.1463     82.293    6.78785     7.5503     7.5819    25.0935   12.21450 5.9019e-02     83.087 0.0000e+00
        742 302.458880    0.05146     3.0875    185.250  1025.4759  50974.723    32.1455     82.545    6.78953     7.5355     7.5713    25.0943   12.21729 5.8438e-02     83.341 0.0000e+00
        743 302.458883    0.05153     3.0917    185.500  1025.4806  50981.265    32.1477     82.786    6.79148     7.5213     7.5580    25.0979   12.22049 5.7894e-02     83.584 0.0000e+00
        744 302.458886    0.05160     3.0958    185.750  1025.4892  50994.973    32.1546     83.017    6.79346     7.5096     7.5432    25.1054   12.22368 5.7378e-02     83.818 0.0000e+00
        745 302.458889    0.05167     3.1000    186.000  1025.5003  51013.368    32.1649     83.242    6.79521     7.5011     7.5290    25.1155   12.22644 5.6874e-02     84.045 0.0000e+00
        746 302.458892    0.05174     3.1042    186.250  1025.5118  51032.492    32.1762     83.466    6.79652     7.4958     7.5173    25.1260   12.22847 5.6375e-02     84.271 0.0000e+00
        747 302.458895    0.05181     3.1083    186.500  1025.5222  51049.430    32.1865     83.695    6.79737     7.4928     7.5089    25.1352   12.22974 5.5878e-02     84.502 0.0000e+00
        748 302.458898    0.05187     3.1125    186.750  1025.5302  51062.092    32.1944     83.934    6.79785     7.4913     7.5036    25.1421   12.23043 5.5364e-02     84.744 0.0000e+00
        749 302.458900    0.05194     3.1167    187.000  1025.5357  51070.160    32.1994     84.185    6.79808     7.4907     7.5006    25.1465   12.23077 5.4816e-02     84.998 0.0000e+00
        750 302.458903    0.05201     3.1208    187.250  1025.5395  51075.114    32.2025     84.448    6.79817     7.4906     7.4992    25.1491   12.23088 5.4244e-02     85.263 0.0000e+00
        751 302.458906    0.05208     3.1250    187.500  1025.5426  51078.572    32.2047     84.718    6.79816     7.4911     7.4986    25.1509   12.23084 5.3674e-02     85.535 0.0000e+00
        752 302.458909    0.05215     3.1292    187.750  1025.5453  51081.441    32.2065     84.987    6.79808     7.4920     7.4986    25.1524   12.23067 5.3135e-02     85.807 0.0000e+00
        753 302.458912    0.05222     3.1333    188.000  1025.5478  51083.882    32.2082     85.250    6.79793     7.4932     7.4991    25.1537   12.23040 5.2637e-02     86.072 0.0000e+00
        754 302.458915    0.05229     3.1375    188.250  1025.5498  51085.556    32.2094     85.499    6.79773     7.4945     7.5000    25.1545   12.23006 5.2168e-02     86.324 0.0000e+00
        755 302.458918    0.05236     3.1417    188.500  1025.5513  51086.494    32.2102     85.731    6.79751     7.4958     7.5012    25.1549   12.22968 5.1727e-02     86.558 0.0000e+00
        756 302.458921    0.05243     3.1458    188.750  1025.5525  51087.054    32.2107     85.943    6.79728     7.4970     7.5025    25.1552   12.22930 5.1330e-02     86.772 0.0000e+00
        757 302.458924    0.05250     3.1500    189.000  1025.5536  51087.607    32.2112     86.137    6.79706     7.4982     7.5038    25.1554   12.22892 5.0982e-02     86.968 0.0000e+00
        758 302.458927    0.05257     3.1542    189.250  1025.5550  51088.690    32.2121     86.320    6.79683     7.4996     7.5051    25.1559   12.22853 5.0665e-02     87.152 0.0000e+00
        759 302.458929    0.05264     3.1583    189.500  1025.5569  51090.797    32.2137     86.499    6.79656     7.5012     7.5063    25.1570   12.22808 5.0359e-02     87.333 0.0000e+00
        760 302.458932    0.05271     3.1625    189.750  1025.5590  51093.284    32.2156     86.684    6.79626     7.5027     7.5077    25.1583   12.22756 5.0053e-02     87.520 0.0000e+00
        761 302.458935    0.05278     3.1667    190.000  1025.5607  51094.818    32.2168     86.881    6.79596     7.5040     7.5092    25.1590   12.22704 4.9736e-02     87.720 0.0000e+00
        762 302.458938    0.05285     3.1708    190.250  1025.5617  51095.065    32.2172     87.094    6.79570     7.5047     7.5108    25.1591   12.22661 4.9406e-02     87.934 0.0000e+00
        763 302.458941    0.05292     3.1750    190.500  1025.5622  51094.287    32.2167     87.320    6.79552     7.5048     7.5121    25.1586   12.22632 4.9072e-02     88.163 0.0000e+00
        764 302.458944    0.05299     3.1792    190.750  1025.5626  51093.120    32.2160     87.553    6.79544     7.5044     7.5129    25.1578   12.22620 4.8744e-02     88.398 0.0000e+00
        765 302.458947    0.05306     3.1833    191.000  1025.5632  51092.473    32.2154     87.786    6.79544     7.5038     7.5130    25.1574   12.22621 4.8436e-02     88.633 0.0000e+00
