CTD-processing/allCTD/CNV--homogene/2012-07-31-cookinlet-tran6-cast098-s28.cnv
* Sea-Bird SBE19plus Data File:
* FileName = C:\Documents and Settings\kris.holderied.local\My Documents\2012-07-EVOS-CookInlet-Ocean\2012-07-CookInlet-Tran6-Douglas\2012-07-31-CookInlet-Tran6-cast098.hex
* Software Version 1.54
* Temperature SN =  4141
* Conductivity SN =  4141
* System UpLoad Time = Jul 31 2012 08:34:26
** Cook Inlet LTM Transect 6 (Douglas line)  East to West
** Date:  2012-07-31
** Station:  6-28
** Start time (AKDT-24 hr): 0039
** Depth (m): 44.4
** Comment: Last one! Upon the shelf
# nquan = 17
# nvalues = 522                         
# units = specified
# name 0 = scan: Scan Count
# name 1 = timeJ: Julian Days
# name 2 = timeH: Time, Elapsed [hours]
# name 3 = timeM: Time, Elapsed [minutes]
# name 4 = timeS: Time, Elapsed [seconds]
# name 5 = density00: Density [density, kg/m^3]
# name 6 = specc: Specific Conductance [uS/cm]
# name 7 = sal00: Salinity, Practical [PSU]
# name 8 = depSM: Depth [salt water, m], lat = 59.00
# name 9 = oxsolML/L: Oxygen Saturation, Garcia & Gordon [ml/l]
# name 10 = potemp090C: Potential Temperature [ITS-90, deg C]
# name 11 = tv290C: Temperature [ITS-90, deg C]
# name 12 = sigma-é00: Density [sigma-theta, kg/m^3]
# name 13 = n2satML/L: Nitrogen Saturation [ml/l]
# name 14 = par: PAR/Irradiance, Biospherical/Licor
# name 15 = prdM: Pressure, Strain Gauge [db]
# name 16 = flag:  0.000e+00
# span 0 =          1,        522       
# span 1 = 213.027882, 213.029389       
# span 2 =    0.00000,    0.03618       
# span 3 =     0.0000,     2.1708       
# span 4 =      0.000,    130.250       
# span 5 =  1000.2759,  1023.8251       
# span 6 =   1437.211,  48398.383       
# span 7 =     0.7188,    30.6427       
# span 8 =     -0.065,     40.847       
# span 9 =    6.46607,    7.88159       
# span 10 =     9.4597,    10.3282      
# span 11 =     9.4640,    10.3286      
# span 12 =     0.2762,    23.6376      
# span 13 =   11.70566,   14.46816      
# span 14 = 4.4780e-02, 1.7940e+00      
# span 15 =     -0.066,     41.237      
# span 16 = 0.0000e+00, 0.0000e+00      
# interval = seconds: 0.25
# start_time = Jul 31 2012 00:40:09 [Instrument's time stamp, header]
# bad_flag = -9.990e-29
*END*
[from data line 341]
        342 213.028869    0.02368     1.4208     85.250  1023.1721  47607.393    30.2061      1.809    6.47026    10.2927    10.2926    23.1639   11.71234 5.1183e-02      1.826 0.0000e+00
        343 213.028872    0.02375     1.4250     85.500  1023.1721  47607.279    30.2060      1.809    6.47024    10.2928    10.2928    23.1638   11.71231 5.0786e-02      1.826 0.0000e+00
        344 213.028874    0.02382     1.4292     85.750  1023.1720  47607.189    30.2059      1.801    6.47022    10.2929    10.2929    23.1637   11.71228 5.0238e-02      1.818 0.0000e+00
        345 213.028877    0.02389     1.4333     86.000  1023.1719  47607.086    30.2059      1.782    6.47021    10.2931    10.2930    23.1637   11.71226 4.9550e-02      1.799 0.0000e+00
        346 213.028880    0.02396     1.4375     86.250  1023.1716  47606.903    30.2058      1.752    6.47019    10.2933    10.2932    23.1636   11.71223 4.8731e-02      1.769 0.0000e+00
        347 213.028883    0.02403     1.4417     86.500  1023.1713  47606.582    30.2056      1.714    6.47018    10.2934    10.2933    23.1634   11.71221 4.7871e-02      1.731 0.0000e+00
        348 213.028886    0.02410     1.4458     86.750  1023.1709  47606.224    30.2054      1.673    6.47016    10.2936    10.2935    23.1632   11.71219 4.7110e-02      1.689 0.0000e+00
        349 213.028889    0.02417     1.4500     87.000  1023.1706  47606.028    30.2053      1.634    6.47015    10.2938    10.2936    23.1631   11.71217 4.6545e-02      1.650 0.0000e+00
        350 213.028892    0.02424     1.4542     87.250  1023.1704  47605.993    30.2053      1.604    6.47013    10.2940    10.2937    23.1631   11.71214 4.6200e-02      1.619 0.0000e+00
        351 213.028895    0.02431     1.4583     87.500  1023.1703  47606.002    30.2053      1.584    6.47010    10.2943    10.2939    23.1631   11.71209 4.6043e-02      1.599 0.0000e+00
        352 213.028898    0.02438     1.4625     87.750  1023.1703  47605.943    30.2053      1.576    6.47007    10.2946    10.2942    23.1631   11.71204 4.6027e-02      1.591 0.0000e+00
        353 213.028900    0.02444     1.4667     88.000  1023.1702  47605.742    30.2052      1.579    6.47003    10.2949    10.2945    23.1629   11.71198 4.6128e-02      1.593 0.0000e+00
        354 213.028903    0.02451     1.4708     88.250  1023.1701  47605.479    30.2051      1.587    6.47000    10.2951    10.2948    23.1628   11.71192 4.6352e-02      1.602 0.0000e+00
        355 213.028906    0.02458     1.4750     88.500  1023.1699  47605.240    30.2049      1.596    6.46996    10.2953    10.2950    23.1626   11.71186 4.6745e-02      1.611 0.0000e+00
        356 213.028909    0.02465     1.4792     88.750  1023.1697  47604.923    30.2047      1.596    6.46993    10.2955    10.2953    23.1624   11.71181 4.7391e-02      1.611 0.0000e+00
        357 213.028912    0.02472     1.4833     89.000  1023.1694  47604.534    30.2045      1.580    6.46991    10.2955    10.2955    23.1622   11.71178 4.8417e-02      1.595 0.0000e+00
        358 213.028915    0.02479     1.4875     89.250  1023.1691  47604.222    30.2043      1.549    6.46990    10.2955    10.2956    23.1620   11.71177 4.9955e-02      1.563 0.0000e+00
        359 213.028918    0.02486     1.4917     89.500  1023.1688  47603.976    30.2041      1.503    6.46991    10.2954    10.2957    23.1619   11.71178 5.2069e-02      1.517 0.0000e+00
        360 213.028921    0.02493     1.4958     89.750  1023.1684  47603.788    30.2040      1.443    6.46992    10.2953    10.2956    23.1618   11.71180 5.4728e-02      1.457 0.0000e+00
        361 213.028924    0.02500     1.5000     90.000  1023.1680  47603.647    30.2040      1.367    6.46993    10.2952    10.2955    23.1618   11.71183 5.7872e-02      1.379 0.0000e+00
        362 213.028927    0.02507     1.5042     90.250  1023.1676  47603.572    30.2039      1.272    6.46995    10.2951    10.2954    23.1618   11.71186 6.1539e-02      1.284 0.0000e+00
        363 213.028929    0.02514     1.5083     90.500  1023.1672  47603.696    30.2041      1.161    6.46996    10.2951    10.2953    23.1619   11.71187 6.6165e-02      1.172 0.0000e+00
        364 213.028932    0.02521     1.5125     90.750  1023.1668  47603.882    30.2043      1.039    6.46996    10.2951    10.2952    23.1620   11.71187 7.1194e-02      1.049 0.0000e+00
        365 213.028935    0.02528     1.5167     91.000  1023.1662  47603.832    30.2043      0.913    6.46997    10.2950    10.2952    23.1620   11.71188 7.3019e-02      0.922 0.0000e+00
        366 213.028938    0.02535     1.5208     91.250  1023.1656  47603.632    30.2042      0.796    6.46998    10.2949    10.2951    23.1620   11.71190 6.9038e-02      0.804 0.0000e+00
        367 213.028941    0.02542     1.5250     91.500  1023.1652  47603.545    30.2041      0.702    6.46998    10.2948    10.2951    23.1620   11.71191 6.1957e-02      0.708 0.0000e+00
        368 213.028944    0.02549     1.5292     91.750  1023.1649  47603.578    30.2042      0.643    6.47000    10.2945    10.2950    23.1620   11.71193 5.5720e-02      0.649 0.0000e+00
        369 213.028947    0.02556     1.5333     92.000  1023.1649  47603.676    30.2042      0.630    6.47002    10.2940    10.2948    23.1621   11.71197 5.1564e-02      0.635 0.0000e+00
        370 213.028950    0.02562     1.5375     92.250  1023.1652  47603.820    30.2043      0.671    6.47006    10.2934    10.2945    23.1621   11.71204 4.9077e-02      0.676 0.0000e+00
        371 213.028953    0.02569     1.5417     92.500  1023.1658  47604.051    30.2043      0.763    6.47012    10.2927    10.2941    23.1623   11.71214 4.7711e-02      0.770 0.0000e+00
        372 213.028955    0.02576     1.5458     92.750  1023.1667  47604.548    30.2046      0.892    6.47019    10.2923    10.2935    23.1625   11.71226 4.7096e-02      0.900 0.0000e+00
        373 213.028958    0.02583     1.5500     93.000  1023.1679  47605.496    30.2051      1.044    6.47026    10.2922    10.2929    23.1630   11.71236 4.6892e-02      1.053 0.0000e+00
        374 213.028961    0.02590     1.5542     93.250  1023.1693  47606.711    30.2058      1.210    6.47029    10.2926    10.2924    23.1637   11.71241 4.6911e-02      1.221 0.0000e+00
        375 213.028964    0.02597     1.5583     93.500  1023.1705  47607.540    30.2063      1.387    6.47028    10.2933    10.2924    23.1641   11.71238 4.7081e-02      1.400 0.0000e+00
        376 213.028967    0.02604     1.5625     93.750  1023.1713  47607.590    30.2063      1.575    6.47021    10.2942    10.2928    23.1641   11.71227 4.7360e-02      1.590 0.0000e+00
        377 213.028970    0.02611     1.5667     94.000  1023.1718  47607.134    30.2060      1.773    6.47013    10.2952    10.2936    23.1637   11.71213 4.7815e-02      1.790 0.0000e+00
        378 213.028973    0.02618     1.5708     94.250  1023.1723  47606.440    30.2055      1.986    6.47003    10.2967    10.2944    23.1632   11.71197 4.8457e-02      2.005 0.0000e+00
        379 213.028976    0.02625     1.5750     94.500  1023.1726  47605.380    30.2048      2.215    6.46990    10.2988    10.2955    23.1625   11.71177 4.9213e-02      2.236 0.0000e+00
        380 213.028979    0.02632     1.5792     94.750  1023.1727  47603.848    30.2038      2.458    6.46973    10.3019    10.2970    23.1614   11.71150 5.0035e-02      2.481 0.0000e+00
        381 213.028981    0.02639     1.5833     95.000  1023.1724  47601.739    30.2025      2.704    6.46949    10.3060    10.2991    23.1600   11.71111 5.0805e-02      2.730 0.0000e+00
        382 213.028984    0.02646     1.5875     95.250  1023.1716  47598.818    30.2007      2.946    6.46912    10.3107    10.3022    23.1581   11.71053 5.1393e-02      2.975 0.0000e+00
        383 213.028987    0.02653     1.5917     95.500  1023.1702  47595.085    30.1984      3.175    6.46864    10.3156    10.3063    23.1557   11.70974 5.1740e-02      3.206 0.0000e+00
        384 213.028990    0.02660     1.5958     95.750  1023.1685  47590.900    30.1960      3.385    6.46806    10.3201    10.3111    23.1530   11.70882 5.1837e-02      3.417 0.0000e+00
        385 213.028993    0.02667     1.6000     96.000  1023.1665  47586.463    30.1934      3.573    6.46748    10.3237    10.3161    23.1502   11.70788 5.1764e-02      3.607 0.0000e+00
        386 213.028996    0.02674     1.6042     96.250  1023.1644  47581.884    30.1906      3.741    6.46696    10.3262    10.3206    23.1473   11.70704 5.1626e-02      3.776 0.0000e+00
        387 213.028999    0.02681     1.6083     96.500  1023.1625  47577.771    30.1881      3.894    6.46655    10.3277    10.3242    23.1447   11.70640 5.1486e-02      3.930 0.0000e+00
        388 213.029002    0.02688     1.6125     96.750  1023.1613  47574.765    30.1862      4.042    6.46627    10.3282    10.3267    23.1429   11.70597 5.1323e-02      4.080 0.0000e+00
        389 213.029005    0.02694     1.6167     97.000  1023.1609  47572.963    30.1850      4.199    6.46612    10.3278    10.3281    23.1417   11.70573 5.1084e-02      4.238 0.0000e+00
        390 213.029008    0.02701     1.6208     97.250  1023.1612  47572.075    30.1844      4.374    6.46607    10.3266    10.3286    23.1411   11.70566 5.0829e-02      4.415 0.0000e+00
        391 213.029010    0.02708     1.6250     97.500  1023.1620  47572.011    30.1842      4.568    6.46612    10.3246    10.3283    23.1411   11.70574 5.0658e-02      4.611 0.0000e+00
        392 213.029013    0.02715     1.6292     97.750  1023.1635  47572.888    30.1846      4.784    6.46627    10.3219    10.3271    23.1416   11.70599 5.0610e-02      4.829 0.0000e+00
        393 213.029016    0.02722     1.6333     98.000  1023.1655  47574.443    30.1854      5.025    6.46652    10.3182    10.3251    23.1425   11.70639 5.0666e-02      5.073 0.0000e+00
        394 213.029019    0.02729     1.6375     98.250  1023.1679  47576.361    30.1863      5.290    6.46686    10.3133    10.3224    23.1437   11.70695 5.0722e-02      5.340 0.0000e+00
        395 213.029022    0.02736     1.6417     98.500  1023.1706  47578.634    30.1874      5.572    6.46733    10.3067    10.3188    23.1451   11.70771 5.0721e-02      5.625 0.0000e+00
        396 213.029025    0.02743     1.6458     98.750  1023.1738  47581.545    30.1887      5.865    6.46797    10.2988    10.3139    23.1469   11.70875 5.0632e-02      5.921 0.0000e+00
        397 213.029028    0.02750     1.6500     99.000  1023.1781  47586.234    30.1912      6.159    6.46879    10.2908    10.3074    23.1499   11.71008 5.0368e-02      6.217 0.0000e+00
        398 213.029031    0.02757     1.6542     99.250  1023.1838  47593.434    30.1952      6.443    6.46973    10.2837    10.2996    23.1543   11.71159 4.9951e-02      6.504 0.0000e+00
        399 213.029034    0.02764     1.6583     99.500  1023.1901  47601.714    30.2000      6.709    6.47066    10.2778    10.2915    23.1594   11.71308 4.9462e-02      6.772 0.0000e+00
        400 213.029036    0.02771     1.6625     99.750  1023.1957  47609.183    30.2043      6.951    6.47148    10.2730    10.2845    23.1639   11.71439 4.8945e-02      7.017 0.0000e+00
        401 213.029039    0.02778     1.6667    100.000  1023.2003  47615.042    30.2076      7.169    6.47217    10.2688    10.2786    23.1675   11.71549 4.8464e-02      7.237 0.0000e+00
        402 213.029042    0.02785     1.6708    100.250  1023.2037  47619.229    30.2099      7.366    6.47275    10.2646    10.2738    23.1700   11.71643 4.8083e-02      7.435 0.0000e+00
        403 213.029045    0.02792     1.6750    100.500  1023.2064  47622.098    30.2114      7.548    6.47329    10.2598    10.2696    23.1718   11.71730 4.7776e-02      7.619 0.0000e+00
        404 213.029048    0.02799     1.6792    100.750  1023.2085  47623.998    30.2121      7.725    6.47385    10.2538    10.2654    23.1731   11.71822 4.7483e-02      7.798 0.0000e+00
        405 213.029051    0.02806     1.6833    101.000  1023.2104  47625.358    30.2124      7.907    6.47451    10.2465    10.2607    23.1742   11.71931 4.7196e-02      7.982 0.0000e+00
        406 213.029054    0.02813     1.6875    101.250  1023.2128  47627.464    30.2131      8.099    6.47532    10.2383    10.2547    23.1757   11.72065 4.6930e-02      8.176 0.0000e+00
        407 213.029057    0.02819     1.6917    101.500  1023.2166  47631.914    30.2153      8.308    6.47626    10.2303    10.2474    23.1786   11.72219 4.6693e-02      8.387 0.0000e+00
        408 213.029060    0.02826     1.6958    101.750  1023.2219  47638.688    30.2190      8.538    6.47726    10.2229    10.2393    23.1828   11.72379 4.6475e-02      8.619 0.0000e+00
        409 213.029063    0.02833     1.7000    102.000  1023.2277  47646.277    30.2233      8.793    6.47822    10.2162    10.2312    23.1875   11.72533 4.6263e-02      8.876 0.0000e+00
        410 213.029065    0.02840     1.7042    102.250  1023.2334  47653.506    30.2274      9.072    6.47910    10.2104    10.2239    23.1919   11.72673 4.6098e-02      9.158 0.0000e+00
        411 213.029068    0.02847     1.7083    102.500  1023.2388  47660.115    30.2311      9.372    6.47987    10.2051    10.2173    23.1959   11.72798 4.5971e-02      9.460 0.0000e+00
        412 213.029071    0.02854     1.7125    102.750  1023.2438  47666.057    30.2345      9.687    6.48056    10.2003    10.2114    23.1995   11.72908 4.5828e-02      9.778 0.0000e+00
        413 213.029074    0.02861     1.7167    103.000  1023.2483  47670.986    30.2372     10.012    6.48118    10.1953    10.2062    23.2024   11.73008 4.5684e-02     10.107 0.0000e+00
        414 213.029077    0.02868     1.7208    103.250  1023.2521  47674.651    30.2391     10.343    6.48179    10.1895    10.2014    23.2047   11.73106 4.5505e-02     10.441 0.0000e+00
        415 213.029080    0.02875     1.7250    103.500  1023.2553  47677.281    30.2402     10.674    6.48244    10.1823    10.1965    23.2063   11.73213 4.5332e-02     10.775 0.0000e+00
        416 213.029083    0.02882     1.7292    103.750  1023.2583  47679.590    30.2410     10.998    6.48322    10.1737    10.1907    23.2079   11.73342 4.5315e-02     11.102 0.0000e+00
        417 213.029086    0.02889     1.7333    104.000  1023.2620  47682.875    30.2424     11.315    6.48418    10.1640    10.1836    23.2101   11.73499 4.5413e-02     11.422 0.0000e+00
        418 213.029089    0.02896     1.7375    104.250  1023.2668  47688.233    30.2450     11.626    6.48529    10.1543    10.1749    23.2136   11.73681 4.5461e-02     11.736 0.0000e+00
        419 213.029091    0.02903     1.7417    104.500  1023.2728  47695.437    30.2488     11.933    6.48650    10.1453    10.1653    23.2181   11.73876 4.5442e-02     12.046 0.0000e+00
        420 213.029094    0.02910     1.7458    104.750  1023.2792  47703.593    30.2532     12.235    6.48768    10.1374    10.1556    23.2231   11.74067 4.5424e-02     12.351 0.0000e+00
        421 213.029097    0.02917     1.7500    105.000  1023.2857  47712.004    30.2579     12.531    6.48877    10.1308    10.1466    23.2283   11.74241 4.5450e-02     12.650 0.0000e+00
        422 213.029100    0.02924     1.7542    105.250  1023.2918  47719.821    30.2624     12.821    6.48970    10.1253    10.1388    23.2330   11.74390 4.5524e-02     12.942 0.0000e+00
        423 213.029103    0.02931     1.7583    105.500  1023.2970  47726.285    30.2660     13.103    6.49048    10.1206    10.1322    23.2369   11.74515 4.5581e-02     13.227 0.0000e+00
        424 213.029106    0.02937     1.7625    105.750  1023.3013  47731.352    30.2688     13.379    6.49114    10.1163    10.1267    23.2400   11.74621 4.5574e-02     13.505 0.0000e+00
        425 213.029109    0.02944     1.7667    106.000  1023.3051  47735.542    30.2711     13.647    6.49172    10.1123    10.1220    23.2425   11.74714 4.5522e-02     13.777 0.0000e+00
