CTD-processing/allCTD/CNV--homogene/2012_06-25_subbays_jbayb_cast118.cnv
* Sea-Bird SBE19plus Data File:
* FileName = C:\Documents and Settings\glenn.seaman\My Documents\KHolderied-files\CTD-DATA-FILES\2012-CTD-KachemakBay\2012-06-25-CTD-KachemakBay-subbays\2012-06-25-KBay-subbays-cast118.hex
* Software Version 1.59
* Temperature SN =  5028
* Conductivity SN =  5028
* System UpLoad Time = Jun 27 2012 00:17:59
** KachemakBay-Subbay-Survey
** Date: 2012-06-25
** Station: Jakolof Bay B - inside
** Start time (AKDT-24hr): 1630
** Depth (ft): 21
** Lat: 59d 27.523m N
** Long: 151d 31.371m W
# nquan = 17
# nvalues = 400                         
# units = specified
# name 0 = scan: Scan Count
# name 1 = timeJ: Julian Days
# name 2 = timeH: Time, Elapsed [hours]
# name 3 = timeM: Time, Elapsed [minutes]
# name 4 = timeS: Time, Elapsed [seconds]
# name 5 = density00: Density [density, kg/m^3]
# name 6 = specc: Specific Conductance [uS/cm]
# name 7 = sal00: Salinity, Practical [PSU]
# name 8 = depSM: Depth [salt water, m], lat = 59.00
# name 9 = oxsolML/L: Oxygen Saturation, Garcia & Gordon [ml/l]
# name 10 = potemp090C: Potential Temperature [ITS-90, deg C]
# name 11 = tv290C: Temperature [ITS-90, deg C]
# name 12 = sigma-é00: Density [sigma-theta, kg/m^3]
# name 13 = n2satML/L: Nitrogen Saturation [ml/l]
# name 14 = par: PAR/Irradiance, Biospherical/Licor [umol photons/m^2/sec]
# name 15 = prdM: Pressure, Strain Gauge [db]
# name 16 = flag:  0.000e+00
# span 0 =          1,        400       
# span 1 = 177.687662, 177.688817       
# span 2 =    0.00000,    0.02771       
# span 3 =     0.0000,     1.6625       
# span 4 =      0.000,     99.750       
# span 5 =  1000.2283,  1023.9822       
# span 6 =   1080.952,  48881.597       
# span 7 =     0.5258,    30.8636       
# span 8 =     -0.169,      6.008       
# span 9 =    6.67602,    8.14292       
# span 10 =     8.5053,     8.8652      
# span 11 =     8.5059,     8.8652      
# span 12 =     0.2291,    23.9546      
# span 13 =   12.05221,   14.91206      
# span 14 = 1.4119e+01, 1.6080e+02      
# span 15 =     -0.170,      6.065      
# span 16 = 0.0000e+00, 0.0000e+00      
# interval = seconds: 0.25
# start_time = Jun 25 2012 16:30:14 [Instrument's time stamp, header]
# bad_flag = -9.990e-29
*END*
[from data line 256]
        257 177.688403    0.01778     1.0667     64.000  1023.5639  48175.391    30.4067      0.532    6.68660     8.7473     8.7473    23.5614   12.06838 8.3203e+01      0.537 0.0000e+00
        258 177.688406    0.01785     1.0708     64.250  1023.5640  48175.629    30.4069      0.530    6.68659     8.7473     8.7473    23.5616   12.06837 8.3728e+01      0.535 0.0000e+00
        259 177.688409    0.01792     1.0750     64.500  1023.5641  48175.770    30.4070      0.529    6.68658     8.7474     8.7473    23.5616   12.06835 8.4128e+01      0.534 0.0000e+00
        260 177.688411    0.01799     1.0792     64.750  1023.5641  48175.819    30.4070      0.527    6.68657     8.7475     8.7474    23.5617   12.06833 8.4307e+01      0.532 0.0000e+00
        261 177.688414    0.01806     1.0833     65.000  1023.5641  48175.877    30.4071      0.526    6.68656     8.7476     8.7475    23.5617   12.06831 8.4312e+01      0.531 0.0000e+00
        262 177.688417    0.01812     1.0875     65.250  1023.5641  48175.837    30.4071      0.524    6.68654     8.7477     8.7476    23.5617   12.06829 8.4216e+01      0.529 0.0000e+00
        263 177.688420    0.01819     1.0917     65.500  1023.5639  48175.623    30.4069      0.523    6.68654     8.7477     8.7476    23.5615   12.06828 8.3989e+01      0.528 0.0000e+00
        264 177.688423    0.01826     1.0958     65.750  1023.5638  48175.320    30.4067      0.522    6.68654     8.7476     8.7477    23.5614   12.06829 8.3609e+01      0.527 0.0000e+00
        265 177.688426    0.01833     1.1000     66.000  1023.5637  48175.217    30.4066      0.522    6.68654     8.7475     8.7477    23.5613   12.06829 8.3158e+01      0.527 0.0000e+00
        266 177.688429    0.01840     1.1042     66.250  1023.5637  48175.292    30.4067      0.521    6.68655     8.7474     8.7476    23.5614   12.06830 8.2756e+01      0.526 0.0000e+00
        267 177.688432    0.01847     1.1083     66.500  1023.5638  48175.440    30.4068      0.521    6.68656     8.7473     8.7475    23.5614   12.06832 8.2527e+01      0.526 0.0000e+00
        268 177.688435    0.01854     1.1125     66.750  1023.5640  48175.716    30.4069      0.521    6.68657     8.7472     8.7474    23.5616   12.06833 8.2451e+01      0.526 0.0000e+00
        269 177.688437    0.01861     1.1167     67.000  1023.5642  48176.110    30.4072      0.520    6.68658     8.7471     8.7473    23.5618   12.06834 8.2440e+01      0.525 0.0000e+00
        270 177.688440    0.01868     1.1208     67.250  1023.5646  48176.746    30.4076      0.520    6.68658     8.7470     8.7472    23.5622   12.06833 8.2516e+01      0.525 0.0000e+00
        271 177.688443    0.01875     1.1250     67.500  1023.5649  48177.371    30.4081      0.519    6.68657     8.7470     8.7471    23.5625   12.06832 8.2629e+01      0.524 0.0000e+00
        272 177.688446    0.01882     1.1292     67.750  1023.5650  48177.539    30.4082      0.519    6.68658     8.7469     8.7471    23.5626   12.06832 8.2738e+01      0.524 0.0000e+00
        273 177.688449    0.01889     1.1333     68.000  1023.5649  48177.463    30.4081      0.519    6.68658     8.7469     8.7470    23.5625   12.06833 8.2835e+01      0.524 0.0000e+00
        274 177.688452    0.01896     1.1375     68.250  1023.5650  48177.530    30.4082      0.521    6.68659     8.7468     8.7470    23.5626   12.06834 8.2858e+01      0.526 0.0000e+00
        275 177.688455    0.01903     1.1417     68.500  1023.5651  48177.747    30.4083      0.524    6.68658     8.7467     8.7469    23.5627   12.06833 8.2773e+01      0.529 0.0000e+00
        276 177.688458    0.01910     1.1458     68.750  1023.5652  48177.938    30.4084      0.528    6.68658     8.7467     8.7469    23.5628   12.06834 8.2547e+01      0.533 0.0000e+00
        277 177.688461    0.01917     1.1500     69.000  1023.5653  48178.012    30.4085      0.530    6.68659     8.7466     8.7468    23.5629   12.06835 8.2170e+01      0.535 0.0000e+00
        278 177.688464    0.01924     1.1542     69.250  1023.5653  48177.995    30.4084      0.532    6.68661     8.7466     8.7468    23.5629   12.06837 8.1711e+01      0.537 0.0000e+00
        279 177.688466    0.01931     1.1583     69.500  1023.5653  48177.930    30.4084      0.531    6.68662     8.7466     8.7467    23.5628   12.06839 8.1210e+01      0.536 0.0000e+00
        280 177.688469    0.01938     1.1625     69.750  1023.5652  48177.795    30.4083      0.529    6.68662     8.7466     8.7467    23.5628   12.06840 8.0648e+01      0.534 0.0000e+00
        281 177.688472    0.01944     1.1667     70.000  1023.5651  48177.666    30.4082      0.527    6.68663     8.7467     8.7467    23.5627   12.06841 8.0052e+01      0.532 0.0000e+00
        282 177.688475    0.01951     1.1708     70.250  1023.5650  48177.516    30.4081      0.526    6.68663     8.7468     8.7467    23.5626   12.06841 7.9419e+01      0.531 0.0000e+00
        283 177.688478    0.01958     1.1750     70.500  1023.5649  48177.223    30.4079      0.526    6.68662     8.7470     8.7468    23.5624   12.06841 7.8783e+01      0.531 0.0000e+00
        284 177.688481    0.01965     1.1792     70.750  1023.5647  48176.889    30.4077      0.527    6.68662     8.7471     8.7469    23.5622   12.06840 7.8278e+01      0.532 0.0000e+00
        285 177.688484    0.01972     1.1833     71.000  1023.5646  48176.636    30.4076      0.529    6.68660     8.7472     8.7470    23.5621   12.06838 7.7952e+01      0.534 0.0000e+00
        286 177.688487    0.01979     1.1875     71.250  1023.5645  48176.494    30.4075      0.531    6.68659     8.7473     8.7471    23.5620   12.06836 7.7757e+01      0.536 0.0000e+00
        287 177.688490    0.01986     1.1917     71.500  1023.5644  48176.367    30.4074      0.531    6.68658     8.7474     8.7473    23.5620   12.06833 7.7613e+01      0.536 0.0000e+00
        288 177.688492    0.01993     1.1958     71.750  1023.5643  48176.181    30.4073      0.529    6.68657     8.7475     8.7474    23.5619   12.06832 7.7428e+01      0.534 0.0000e+00
        289 177.688495    0.02000     1.2000     72.000  1023.5642  48175.972    30.4071      0.526    6.68656     8.7476     8.7475    23.5617   12.06831 7.7149e+01      0.531 0.0000e+00
        290 177.688498    0.02007     1.2042     72.250  1023.5641  48175.842    30.4071      0.522    6.68655     8.7477     8.7476    23.5616   12.06829 7.6750e+01      0.527 0.0000e+00
        291 177.688501    0.02014     1.2083     72.500  1023.5641  48175.893    30.4071      0.519    6.68653     8.7478     8.7477    23.5617   12.06825 7.6205e+01      0.524 0.0000e+00
        292 177.688504    0.02021     1.2125     72.750  1023.5641  48175.990    30.4072      0.518    6.68651     8.7478     8.7478    23.5617   12.06822 7.5529e+01      0.523 0.0000e+00
        293 177.688507    0.02028     1.2167     73.000  1023.5642  48176.100    30.4073      0.520    6.68649     8.7478     8.7479    23.5618   12.06819 7.4847e+01      0.525 0.0000e+00
        294 177.688510    0.02035     1.2208     73.250  1023.5644  48176.426    30.4075      0.524    6.68648     8.7479     8.7479    23.5620   12.06817 7.4327e+01      0.529 0.0000e+00
        295 177.688513    0.02042     1.2250     73.500  1023.5646  48176.776    30.4077      0.529    6.68647     8.7479     8.7479    23.5622   12.06815 7.4093e+01      0.534 0.0000e+00
        296 177.688516    0.02049     1.2292     73.750  1023.5646  48176.792    30.4078      0.534    6.68646     8.7480     8.7479    23.5622   12.06814 7.4207e+01      0.539 0.0000e+00
        297 177.688519    0.02056     1.2333     74.000  1023.5645  48176.497    30.4076      0.536    6.68646     8.7481     8.7480    23.5620   12.06814 7.4670e+01      0.541 0.0000e+00
        298 177.688521    0.02063     1.2375     74.250  1023.5642  48176.043    30.4073      0.535    6.68646     8.7482     8.7480    23.5617   12.06815 7.5359e+01      0.540 0.0000e+00
        299 177.688524    0.02069     1.2417     74.500  1023.5639  48175.609    30.4070      0.533    6.68647     8.7483     8.7481    23.5615   12.06816 7.6114e+01      0.538 0.0000e+00
        300 177.688527    0.02076     1.2458     74.750  1023.5637  48175.268    30.4068      0.530    6.68646     8.7484     8.7483    23.5613   12.06815 7.6870e+01      0.535 0.0000e+00
        301 177.688530    0.02083     1.2500     75.000  1023.5636  48174.995    30.4066      0.527    6.68645     8.7485     8.7484    23.5611   12.06813 7.7540e+01      0.532 0.0000e+00
        302 177.688533    0.02090     1.2542     75.250  1023.5635  48174.828    30.4065      0.526    6.68643     8.7486     8.7485    23.5610   12.06810 7.8041e+01      0.531 0.0000e+00
        303 177.688536    0.02097     1.2583     75.500  1023.5635  48174.854    30.4066      0.528    6.68642     8.7485     8.7486    23.5610   12.06808 7.8380e+01      0.533 0.0000e+00
        304 177.688539    0.02104     1.2625     75.750  1023.5637  48175.285    30.4069      0.532    6.68640     8.7485     8.7486    23.5613   12.06805 7.8603e+01      0.537 0.0000e+00
        305 177.688542    0.02111     1.2667     76.000  1023.5641  48175.982    30.4073      0.537    6.68639     8.7486     8.7486    23.5616   12.06802 7.8801e+01      0.542 0.0000e+00
        306 177.688545    0.02118     1.2708     76.250  1023.5645  48176.531    30.4077      0.543    6.68637     8.7486     8.7486    23.5619   12.06798 7.9035e+01      0.548 0.0000e+00
        307 177.688547    0.02125     1.2750     76.500  1023.5646  48176.766    30.4079      0.547    6.68636     8.7487     8.7486    23.5621   12.06796 7.9309e+01      0.552 0.0000e+00
        308 177.688550    0.02132     1.2792     76.750  1023.5645  48176.611    30.4078      0.548    6.68635     8.7489     8.7487    23.5620   12.06796 7.9647e+01      0.553 0.0000e+00
        309 177.688553    0.02139     1.2833     77.000  1023.5643  48176.268    30.4075      0.548    6.68635     8.7490     8.7488    23.5618   12.06795 8.0070e+01      0.553 0.0000e+00
        310 177.688556    0.02146     1.2875     77.250  1023.5642  48175.985    30.4073      0.547    6.68633     8.7492     8.7489    23.5616   12.06793 8.0553e+01      0.552 0.0000e+00
        311 177.688559    0.02153     1.2917     77.500  1023.5640  48175.675    30.4071      0.546    6.68632     8.7494     8.7490    23.5615   12.06791 8.1073e+01      0.551 0.0000e+00
        312 177.688562    0.02160     1.2958     77.750  1023.5638  48175.286    30.4069      0.545    6.68630     8.7497     8.7492    23.5612   12.06788 8.1562e+01      0.550 0.0000e+00
        313 177.688565    0.02167     1.3000     78.000  1023.5635  48174.800    30.4066      0.544    6.68627     8.7502     8.7495    23.5610   12.06785 8.1933e+01      0.550 0.0000e+00
        314 177.688568    0.02174     1.3042     78.250  1023.5630  48173.934    30.4061      0.545    6.68625     8.7507     8.7498    23.5605   12.06781 8.2231e+01      0.550 0.0000e+00
        315 177.688571    0.02181     1.3083     78.500  1023.5622  48172.485    30.4051      0.546    6.68623     8.7516     8.7502    23.5597   12.06779 8.2518e+01      0.551 0.0000e+00
        316 177.688573    0.02187     1.3125     78.750  1023.5611  48170.536    30.4038      0.547    6.68620     8.7528     8.7508    23.5586   12.06776 8.2743e+01      0.552 0.0000e+00
        317 177.688576    0.02194     1.3167     79.000  1023.5595  48167.720    30.4020      0.547    6.68616     8.7548     8.7516    23.5570   12.06771 8.2922e+01      0.552 0.0000e+00
        318 177.688579    0.02201     1.3208     79.250  1023.5570  48163.108    30.3989      0.546    6.68610     8.7580     8.7529    23.5545   12.06765 8.3092e+01      0.552 0.0000e+00
        319 177.688582    0.02208     1.3250     79.500  1023.5526  48155.223    30.3937      0.545    6.68603     8.7630     8.7549    23.5501   12.06760 8.3208e+01      0.550 0.0000e+00
        320 177.688585    0.02215     1.3292     79.750  1023.5450  48141.582    30.3846      0.544    6.68595     8.7711     8.7580    23.5425   12.06757 8.3228e+01      0.549 0.0000e+00
        321 177.688588    0.02222     1.3333     80.000  1023.5322  48118.503    30.3692      0.544    6.68586     8.7834     8.7631    23.5297   12.06761 8.3148e+01      0.549 0.0000e+00
        322 177.688591    0.02229     1.3375     80.250  1023.5118  48081.837    30.3447      0.546    6.68572     8.7995     8.7711    23.5093   12.06768 8.2939e+01      0.551 0.0000e+00
        323 177.688594    0.02236     1.3417     80.500  1023.4857  48034.892    30.3136      0.549    6.68522     8.8165     8.7834    23.4832   12.06724 8.2591e+01      0.554 0.0000e+00
        324 177.688597    0.02243     1.3458     80.750  1023.4599  47988.877    30.2836      0.553    6.68411     8.8316     8.7995    23.4574   12.06576 8.2194e+01      0.558 0.0000e+00
        325 177.688600    0.02250     1.3500     81.000  1023.4377  47949.476    30.2585      0.555    6.68265     8.8435     8.8165    23.4352   12.06366 8.1786e+01      0.560 0.0000e+00
        326 177.688602    0.02257     1.3542     81.250  1023.4195  47917.276    30.2380      0.556    6.68127     8.8520     8.8316    23.4170   12.06162 8.1327e+01      0.561 0.0000e+00
        327 177.688605    0.02264     1.3583     81.500  1023.4063  47894.073    30.2235      0.553    6.68012     8.8575     8.8435    23.4038   12.05989 8.0823e+01      0.558 0.0000e+00
        328 177.688608    0.02271     1.3625     81.750  1023.3977  47879.051    30.2141      0.549    6.67925     8.8611     8.8520    23.3952   12.05858 8.0262e+01      0.554 0.0000e+00
        329 177.688611    0.02278     1.3667     82.000  1023.3911  47867.347    30.2067      0.545    6.67875     8.8637     8.8575    23.3886   12.05783 7.9610e+01      0.550 0.0000e+00
        330 177.688614    0.02285     1.3708     82.250  1023.3854  47857.115    30.2000      0.542    6.67849     8.8652     8.8611    23.3829   12.05750 7.8882e+01      0.547 0.0000e+00
        331 177.688617    0.02292     1.3750     82.500  1023.3830  47852.982    30.1975      0.542    6.67822     8.8647     8.8637    23.3805   12.05707 7.8198e+01      0.547 0.0000e+00
        332 177.688620    0.02299     1.3792     82.750  1023.3868  47860.011    30.2026      0.544    6.67777     8.8615     8.8652    23.3843   12.05627 7.7652e+01      0.549 0.0000e+00
        333 177.688623    0.02306     1.3833     83.000  1023.3980  47880.567    30.2169      0.546    6.67722     8.8556     8.8647    23.3955   12.05518 7.7220e+01      0.551 0.0000e+00
        334 177.688626    0.02313     1.3875     83.250  1023.4162  47913.466    30.2395      0.548    6.67672     8.8477     8.8616    23.4136   12.05408 7.7038e+01      0.553 0.0000e+00
        335 177.688628    0.02319     1.3917     83.500  1023.4378  47952.513    30.2659      0.548    6.67647     8.8394     8.8556    23.4352   12.05333 7.7259e+01      0.553 0.0000e+00
        336 177.688631    0.02326     1.3958     83.750  1023.4586  47990.022    30.2911      0.546    6.67656     8.8322     8.8478    23.4561   12.05317 7.7749e+01      0.551 0.0000e+00
        337 177.688634    0.02333     1.4000     84.000  1023.4750  48019.420    30.3105      0.541    6.67696     8.8273     8.8395    23.4725   12.05360 7.8323e+01      0.546 0.0000e+00
        338 177.688637    0.02340     1.4042     84.250  1023.4842  48035.840    30.3210      0.537    6.67759     8.8248     8.8323    23.4817   12.05450 7.8948e+01      0.542 0.0000e+00
        339 177.688640    0.02347     1.4083     84.500  1023.4880  48042.371    30.3249      0.534    6.67815     8.8230     8.8274    23.4855   12.05538 7.9589e+01      0.539 0.0000e+00
        340 177.688643    0.02354     1.4125     84.750  1023.4930  48051.284    30.3308      0.534    6.67827     8.8200     8.8249    23.4905   12.05552 8.0215e+01      0.539 0.0000e+00
