CTD-processing/allCTD/CNV--homogene/2012-10-29-cookinlet-tran3-cast049-s04.cnv
* Sea-Bird SBE19plus Data File:
* FileName = C:\Documents and Settings\kris.holderied.local\My Documents\2012-CTD-DATA-new-files\2012-10-CookInlet-LTM\2012-10-29-LTM-CookInlet-Tran3-AnchorPt\2012-10-29-CookInlet-Tran3-cast049.hex
* Software Version 1.54
* Temperature SN =  4141
* Conductivity SN =  4141
* System UpLoad Time = Nov 20 2012 18:18:40
** Cook Inlet EVOSTC Transect 3 Anchor Pt west to east
** Date:  29 Oct 2012
** Station:  3-04
** Start time (AKDT-24 hr):  0930
** Depth (m):  27
** Comment:0936 Sunrise! Set to south ~1.8kts No OA hear or on this line.
# nquan = 17
# nvalues = 475                         
# units = specified
# name 0 = scan: Scan Count
# name 1 = timeJ: Julian Days
# name 2 = timeH: Time, Elapsed [hours]
# name 3 = timeM: Time, Elapsed [minutes]
# name 4 = timeS: Time, Elapsed [seconds]
# name 5 = density00: Density [density, kg/m^3]
# name 6 = specc: Specific Conductance [uS/cm]
# name 7 = sal00: Salinity, Practical [PSU]
# name 8 = depSM: Depth [salt water, m], lat = 59.00
# name 9 = oxsolML/L: Oxygen Saturation, Garcia & Gordon [ml/l]
# name 10 = potemp090C: Potential Temperature [ITS-90, deg C]
# name 11 = tv290C: Temperature [ITS-90, deg C]
# name 12 = sigma-é00: Density [sigma-theta, kg/m^3]
# name 13 = n2satML/L: Nitrogen Saturation [ml/l]
# name 14 = par: PAR/Irradiance, Biospherical/Licor
# name 15 = prdM: Pressure, Strain Gauge [db]
# name 16 = flag:  0.000e+00
# span 0 =          1,        475       
# span 1 = 303.395775, 303.397147       
# span 2 =    0.00000,    0.03292       
# span 3 =     0.0000,     1.9750       
# span 4 =      0.000,    118.500       
# span 5 =  1000.3332,  1022.4245       
# span 6 =    949.163,  45839.496       
# span 7 =     0.4518,    28.5527       
# span 8 =     -0.076,     23.661       
# span 9 =    7.01042,    8.97268       
# span 10 =     4.7233,     7.2009      
# span 11 =     4.7233,     7.2027      
# span 12 =     0.3335,    22.3197      
# span 13 =   12.62787,   16.30925      
# span 14 = 3.6382e-02, 1.9542e+01      
# span 15 =     -0.076,     23.885      
# span 16 = 0.0000e+00, 0.0000e+00      
# interval = seconds: 0.25
# start_time = Oct 29 2012 09:29:55 [Instrument's time stamp, header]
# bad_flag = -9.990e-29
*END*
[from data line 341]
        342 303.396762    0.02368     1.4208     85.250  1022.1188  45439.159    28.2517      1.726    7.06090     6.9818     6.9787    22.1107   12.71531 3.7342e+00      1.742 0.0000e+00
        343 303.396765    0.02375     1.4250     85.500  1022.1195  45440.422    28.2528      1.731    7.06060     6.9836     6.9802    22.1114   12.71481 3.6409e+00      1.747 0.0000e+00
        344 303.396768    0.02382     1.4292     85.750  1022.1201  45441.559    28.2538      1.750    7.06028     6.9854     6.9819    22.1120   12.71426 3.5352e+00      1.766 0.0000e+00
        345 303.396771    0.02389     1.4333     86.000  1022.1204  45441.745    28.2542      1.789    7.05996     6.9868     6.9838    22.1121   12.71373 3.4270e+00      1.806 0.0000e+00
        346 303.396774    0.02396     1.4375     86.250  1022.1203  45441.123    28.2540      1.854    7.05968     6.9880     6.9855    22.1117   12.71327 3.3001e+00      1.871 0.0000e+00
        347 303.396777    0.02403     1.4417     86.500  1022.1204  45440.510    28.2538      1.944    7.05945     6.9890     6.9870    22.1113   12.71289 3.1368e+00      1.962 0.0000e+00
        348 303.396780    0.02410     1.4458     86.750  1022.1209  45440.526    28.2539      2.056    7.05925     6.9900     6.9881    22.1113   12.71256 2.9410e+00      2.075 0.0000e+00
        349 303.396782    0.02417     1.4500     87.000  1022.1221  45441.603    28.2548      2.185    7.05905     6.9915     6.9891    22.1118   12.71221 2.7314e+00      2.206 0.0000e+00
        350 303.396785    0.02424     1.4542     87.250  1022.1243  45444.688    28.2570      2.327    7.05877     6.9942     6.9902    22.1135   12.71172 2.5248e+00      2.349 0.0000e+00
        351 303.396788    0.02431     1.4583     87.500  1022.1286  45451.450    28.2618      2.477    7.05830     6.9988     6.9918    22.1171   12.71088 2.3251e+00      2.500 0.0000e+00
        352 303.396791    0.02438     1.4625     87.750  1022.1354  45462.781    28.2700      2.634    7.05748     7.0059     6.9945    22.1231   12.70942 2.1313e+00      2.658 0.0000e+00
        353 303.396794    0.02444     1.4667     88.000  1022.1442  45477.869    28.2810      2.794    7.05621     7.0156     6.9991    22.1312   12.70718 1.9463e+00      2.820 0.0000e+00
        354 303.396797    0.02451     1.4708     88.250  1022.1549  45496.444    28.2947      2.954    7.05441     7.0280     7.0062    22.1411   12.70402 1.7753e+00      2.981 0.0000e+00
        355 303.396800    0.02458     1.4750     88.500  1022.1676  45518.814    28.3115      3.111    7.05203     7.0428     7.0159    22.1531   12.69986 1.6201e+00      3.140 0.0000e+00
        356 303.396803    0.02465     1.4792     88.750  1022.1826  45545.449    28.3316      3.263    7.04907     7.0596     7.0283    22.1674   12.69470 1.4798e+00      3.294 0.0000e+00
        357 303.396806    0.02472     1.4833     89.000  1022.2002  45576.826    28.3554      3.413    7.04555     7.0778     7.0431    22.1843   12.68857 1.3529e+00      3.445 0.0000e+00
        358 303.396808    0.02479     1.4875     89.250  1022.2181  45609.017    28.3800      3.560    7.04165     7.0956     7.0599    22.2015   12.68179 1.2381e+00      3.593 0.0000e+00
        359 303.396811    0.02486     1.4917     89.500  1022.2321  45633.917    28.3998      3.704    7.03776     7.1114     7.0781    22.2149   12.67509 1.1346e+00      3.739 0.0000e+00
        360 303.396814    0.02493     1.4958     89.750  1022.2402  45647.814    28.4120      3.848    7.03428     7.1243     7.0960    22.2222   12.66917 1.0408e+00      3.884 0.0000e+00
        361 303.396817    0.02500     1.5000     90.000  1022.2450  45655.594    28.4197      3.993    7.03135     7.1347     7.1117    22.2263   12.66422 9.5385e-01      4.030 0.0000e+00
        362 303.396820    0.02507     1.5042     90.250  1022.2491  45662.225    28.4262      4.142    7.02893     7.1429     7.1247    22.2298   12.66014 8.7069e-01      4.181 0.0000e+00
        363 303.396823    0.02514     1.5083     90.500  1022.2525  45667.325    28.4312      4.298    7.02701     7.1491     7.1350    22.2325   12.65689 7.8934e-01      4.339 0.0000e+00
        364 303.396826    0.02521     1.5125     90.750  1022.2548  45670.195    28.4343      4.463    7.02553     7.1537     7.1432    22.2339   12.65441 7.1005e-01      4.505 0.0000e+00
        365 303.396829    0.02528     1.5167     91.000  1022.2564  45671.875    28.4364      4.634    7.02442     7.1571     7.1494    22.2348   12.65254 6.3474e-01      4.678 0.0000e+00
        366 303.396832    0.02535     1.5208     91.250  1022.2582  45673.972    28.4385      4.807    7.02357     7.1597     7.1541    22.2358   12.65110 5.6617e-01      4.853 0.0000e+00
        367 303.396834    0.02542     1.5250     91.500  1022.2604  45676.717    28.4408      4.975    7.02290     7.1617     7.1575    22.2372   12.64996 5.0691e-01      5.022 0.0000e+00
        368 303.396837    0.02549     1.5292     91.750  1022.2624  45679.147    28.4428      5.131    7.02239     7.1632     7.1601    22.2385   12.64909 4.5809e-01      5.179 0.0000e+00
        369 303.396840    0.02556     1.5333     92.000  1022.2643  45681.607    28.4447      5.273    7.02198     7.1645     7.1621    22.2397   12.64838 4.1895e-01      5.322 0.0000e+00
        370 303.396843    0.02562     1.5375     92.250  1022.2665  45684.594    28.4470      5.402    7.02162     7.1656     7.1636    22.2413   12.64776 3.8721e-01      5.452 0.0000e+00
        371 303.396846    0.02569     1.5417     92.500  1022.2688  45687.919    28.4494      5.524    7.02130     7.1666     7.1649    22.2430   12.64720 3.5992e-01      5.576 0.0000e+00
        372 303.396849    0.02576     1.5458     92.750  1022.2714  45691.682    28.4521      5.648    7.02100     7.1676     7.1660    22.2450   12.64667 3.3442e-01      5.701 0.0000e+00
        373 303.396852    0.02583     1.5500     93.000  1022.2742  45695.936    28.4551      5.782    7.02069     7.1685     7.1670    22.2473   12.64612 3.0876e-01      5.836 0.0000e+00
        374 303.396855    0.02590     1.5542     93.250  1022.2773  45700.311    28.4582      5.933    7.02039     7.1695     7.1680    22.2496   12.64557 2.8191e-01      5.988 0.0000e+00
        375 303.396858    0.02597     1.5583     93.500  1022.2803  45704.577    28.4612      6.104    7.02009     7.1704     7.1690    22.2518   12.64504 2.5397e-01      6.161 0.0000e+00
        376 303.396861    0.02604     1.5625     93.750  1022.2834  45708.759    28.4642      6.295    7.01979     7.1713     7.1700    22.2540   12.64452 2.2585e-01      6.354 0.0000e+00
        377 303.396863    0.02611     1.5667     94.000  1022.2865  45712.965    28.4671      6.500    7.01950     7.1722     7.1709    22.2562   12.64400 1.9884e-01      6.562 0.0000e+00
        378 303.396866    0.02618     1.5708     94.250  1022.2899  45717.523    28.4703      6.712    7.01921     7.1731     7.1718    22.2586   12.64347 1.7441e-01      6.775 0.0000e+00
        379 303.396869    0.02625     1.5750     94.500  1022.2934  45722.441    28.4737      6.919    7.01890     7.1740     7.1727    22.2612   12.64292 1.5355e-01      6.984 0.0000e+00
        380 303.396872    0.02632     1.5792     94.750  1022.2968  45727.175    28.4770      7.112    7.01860     7.1748     7.1737    22.2637   12.64238 1.3660e-01      7.179 0.0000e+00
        381 303.396875    0.02639     1.5833     95.000  1022.2998  45731.204    28.4799      7.283    7.01832     7.1755     7.1746    22.2658   12.64189 1.2340e-01      7.352 0.0000e+00
        382 303.396878    0.02646     1.5875     95.250  1022.3021  45734.288    28.4821      7.432    7.01808     7.1762     7.1754    22.2674   12.64146 1.1343e-01      7.502 0.0000e+00
        383 303.396881    0.02653     1.5917     95.500  1022.3039  45736.647    28.4837      7.560    7.01788     7.1767     7.1762    22.2686   12.64111 1.0590e-01      7.631 0.0000e+00
        384 303.396884    0.02660     1.5958     95.750  1022.3055  45738.744    28.4852      7.677    7.01771     7.1772     7.1768    22.2697   12.64080 9.9828e-02      7.749 0.0000e+00
        385 303.396887    0.02667     1.6000     96.000  1022.3073  45741.047    28.4869      7.794    7.01755     7.1777     7.1774    22.2709   12.64052 9.4230e-02      7.868 0.0000e+00
        386 303.396889    0.02674     1.6042     96.250  1022.3095  45744.100    28.4890      7.929    7.01738     7.1783     7.1778    22.2725   12.64020 8.8367e-02      8.004 0.0000e+00
        387 303.396892    0.02681     1.6083     96.500  1022.3124  45748.215    28.4918      8.094    7.01716     7.1791     7.1784    22.2747   12.63980 8.1865e-02      8.171 0.0000e+00
        388 303.396895    0.02688     1.6125     96.750  1022.3160  45753.272    28.4953      8.301    7.01689     7.1800     7.1790    22.2773   12.63932 7.4790e-02      8.380 0.0000e+00
        389 303.396898    0.02694     1.6167     97.000  1022.3202  45758.923    28.4992      8.554    7.01658     7.1808     7.1798    22.2803   12.63876 6.7463e-02      8.635 0.0000e+00
        390 303.396901    0.02701     1.6208     97.250  1022.3242  45764.072    28.5027      8.833    7.01627     7.1816     7.1807    22.2830   12.63819 6.0585e-02      8.916 0.0000e+00
        391 303.396904    0.02708     1.6250     97.500  1022.3269  45766.957    28.5047      9.098    7.01603     7.1821     7.1816    22.2845   12.63777 5.5026e-02      9.184 0.0000e+00
        392 303.396907    0.02715     1.6292     97.750  1022.3281  45767.360    28.5050      9.326    7.01590     7.1824     7.1823    22.2846   12.63755 5.0970e-02      9.414 0.0000e+00
        393 303.396910    0.02722     1.6333     98.000  1022.3286  45766.841    28.5047      9.517    7.01583     7.1825     7.1828    22.2843   12.63744 4.8092e-02      9.607 0.0000e+00
        394 303.396913    0.02729     1.6375     98.250  1022.3292  45766.695    28.5046      9.674    7.01579     7.1826     7.1832    22.2841   12.63737 4.6086e-02      9.766 0.0000e+00
        395 303.396916    0.02736     1.6417     98.500  1022.3301  45767.248    28.5049      9.806    7.01575     7.1827     7.1833    22.2844   12.63729 4.4667e-02      9.898 0.0000e+00
        396 303.396918    0.02743     1.6458     98.750  1022.3312  45768.329    28.5056      9.924    7.01570     7.1828     7.1834    22.2849   12.63721 4.3572e-02     10.018 0.0000e+00
        397 303.396921    0.02750     1.6500     99.000  1022.3326  45769.979    28.5067     10.044    7.01563     7.1831     7.1835    22.2858   12.63708 4.2620e-02     10.138 0.0000e+00
        398 303.396924    0.02757     1.6542     99.250  1022.3348  45772.883    28.5087     10.177    7.01552     7.1836     7.1837    22.2873   12.63687 4.1708e-02     10.273 0.0000e+00
        399 303.396927    0.02764     1.6583     99.500  1022.3381  45777.838    28.5121     10.332    7.01531     7.1843     7.1840    22.2900   12.63649 4.0795e-02     10.430 0.0000e+00
        400 303.396930    0.02771     1.6625     99.750  1022.3424  45784.429    28.5166     10.511    7.01502     7.1853     7.1845    22.2935   12.63596 3.9905e-02     10.610 0.0000e+00
        401 303.396933    0.02778     1.6667    100.000  1022.3471  45791.507    28.5215     10.712    7.01468     7.1864     7.1852    22.2972   12.63532 3.9063e-02     10.813 0.0000e+00
        402 303.396936    0.02785     1.6708    100.250  1022.3519  45798.573    28.5264     10.930    7.01430     7.1876     7.1861    22.3009   12.63463 3.8291e-02     11.033 0.0000e+00
        403 303.396939    0.02792     1.6750    100.500  1022.3565  45805.317    28.5311     11.155    7.01390     7.1889     7.1873    22.3045   12.63391 3.7647e-02     11.261 0.0000e+00
        404 303.396942    0.02799     1.6792    100.750  1022.3606  45811.115    28.5352     11.380    7.01350     7.1901     7.1885    22.3076   12.63320 3.7170e-02     11.488 0.0000e+00
        405 303.396944    0.02806     1.6833    101.000  1022.3637  45815.052    28.5380     11.598    7.01316     7.1912     7.1898    22.3096   12.63260 3.6856e-02     11.708 0.0000e+00
        406 303.396947    0.02813     1.6875    101.250  1022.3657  45817.149    28.5395     11.806    7.01289     7.1920     7.1911    22.3106   12.63212 3.6667e-02     11.918 0.0000e+00
        407 303.396950    0.02819     1.6917    101.500  1022.3672  45818.405    28.5405     12.003    7.01267     7.1927     7.1922    22.3112   12.63174 3.6553e-02     12.117 0.0000e+00
        408 303.396953    0.02826     1.6958    101.750  1022.3685  45819.337    28.5412     12.189    7.01250     7.1933     7.1930    22.3117   12.63145 3.6485e-02     12.304 0.0000e+00
        409 303.396956    0.02833     1.7000    102.000  1022.3701  45820.831    28.5422     12.366    7.01234     7.1940     7.1937    22.3124   12.63117 3.6444e-02     12.483 0.0000e+00
        410 303.396959    0.02840     1.7042    102.250  1022.3723  45823.626    28.5442     12.538    7.01215     7.1948     7.1944    22.3139   12.63083 3.6419e-02     12.656 0.0000e+00
        411 303.396962    0.02847     1.7083    102.500  1022.3747  45826.646    28.5463     12.707    7.01193     7.1956     7.1951    22.3154   12.63045 3.6404e-02     12.827 0.0000e+00
        412 303.396965    0.02854     1.7125    102.750  1022.3765  45828.576    28.5476     12.880    7.01174     7.1963     7.1959    22.3164   12.63011 3.6395e-02     13.001 0.0000e+00
        413 303.396968    0.02861     1.7167    103.000  1022.3777  45829.446    28.5483     13.060    7.01157     7.1968     7.1967    22.3169   12.62983 3.6390e-02     13.183 0.0000e+00
        414 303.396970    0.02868     1.7208    103.250  1022.3787  45829.766    28.5486     13.251    7.01145     7.1972     7.1974    22.3170   12.62962 3.6387e-02     13.376 0.0000e+00
        415 303.396973    0.02875     1.7250    103.500  1022.3797  45829.925    28.5487     13.453    7.01136     7.1974     7.1979    22.3170   12.62947 3.6385e-02     13.580 0.0000e+00
        416 303.396976    0.02882     1.7292    103.750  1022.3807  45830.078    28.5487     13.663    7.01129     7.1976     7.1983    22.3170   12.62937 3.6384e-02     13.793 0.0000e+00
        417 303.396979    0.02889     1.7333    104.000  1022.3816  45830.142    28.5487     13.875    7.01125     7.1977     7.1986    22.3170   12.62929 3.6383e-02     14.007 0.0000e+00
        418 303.396982    0.02896     1.7375    104.250  1022.3825  45830.150    28.5487     14.081    7.01122     7.1977     7.1988    22.3169   12.62924 3.6383e-02     14.215 0.0000e+00
        419 303.396985    0.02903     1.7417    104.500  1022.3833  45830.085    28.5486     14.275    7.01120     7.1977     7.1989    22.3168   12.62921 3.6382e-02     14.411 0.0000e+00
        420 303.396988    0.02910     1.7458    104.750  1022.3840  45829.888    28.5484     14.454    7.01120     7.1977     7.1990    22.3166   12.62921 3.6382e-02     14.592 0.0000e+00
        421 303.396991    0.02917     1.7500    105.000  1022.3846  45829.689    28.5482     14.620    7.01121     7.1977     7.1990    22.3165   12.62923 3.6382e-02     14.758 0.0000e+00
        422 303.396994    0.02924     1.7542    105.250  1022.3852  45829.580    28.5481     14.775    7.01122     7.1976     7.1990    22.3164   12.62925 3.6382e-02     14.915 0.0000e+00
        423 303.396997    0.02931     1.7583    105.500  1022.3859  45829.555    28.5480     14.926    7.01124     7.1976     7.1989    22.3163   12.62927 3.6382e-02     15.067 0.0000e+00
        424 303.396999    0.02937     1.7625    105.750  1022.3866  45829.591    28.5479     15.080    7.01125     7.1975     7.1989    22.3163   12.62929 3.6382e-02     15.223 0.0000e+00
        425 303.397002    0.02944     1.7667    106.000  1022.3873  45829.568    28.5478     15.244    7.01126     7.1975     7.1989    22.3162   12.62931 3.6382e-02     15.388 0.0000e+00
