CTD-processing/allCTD/CNV--homogene/2012_05-02_t4_s01_cast001.cnv
* Sea-Bird SBE19plus Data File:
* FileName = C:\Documents and Settings\glenn.seaman\My Documents\KHolderied-files\CTD-DATA-FILES\2012-05-LTM-LowerCookInlet-CTD\Transect4-2012-05-02\2012-05-02-LTM-Tran4-001.hex
* Software Version 1.59
* Temperature SN =  5028
* Conductivity SN =  5028
* System UpLoad Time = May 02 2012 16:14:21
** LTM Transect4-Barabara Pt to Bluff Pt
** Date: 2012-05-02
** Station:4-1
** Start time (AKDT-24hr):1316
** Depth (m):18
# nquan = 17
# nvalues = 392                         
# units = specified
# name 0 = scan: Scan Count
# name 1 = timeJ: Julian Days
# name 2 = timeH: Time, Elapsed [hours]
# name 3 = timeM: Time, Elapsed [minutes]
# name 4 = timeS: Time, Elapsed [seconds]
# name 5 = density00: Density [density, kg/m^3]
# name 6 = specc: Specific Conductance [uS/cm]
# name 7 = sal00: Salinity, Practical [PSU]
# name 8 = depSM: Depth [salt water, m], lat = 59.00
# name 9 = oxsolML/L: Oxygen Saturation, Garcia & Gordon [ml/l]
# name 10 = potemp090C: Potential Temperature [ITS-90, deg C]
# name 11 = tv290C: Temperature [ITS-90, deg C]
# name 12 = sigma-é00: Density [sigma-theta, kg/m^3]
# name 13 = n2satML/L: Nitrogen Saturation [ml/l]
# name 14 = par: PAR/Irradiance, Biospherical/Licor [umol photons/m^2/sec]
# name 15 = prdM: Pressure, Strain Gauge [db]
# name 16 = flag:  0.000e+00
# span 0 =          1,        392       
# span 1 = 123.552234, 123.553365       
# span 2 =    0.00000,    0.02715       
# span 3 =     0.0000,     1.6292       
# span 4 =      0.000,     97.750       
# span 5 =   999.9195,  1025.1665       
# span 6 =      1.082,  51082.797       
# span 7 =     0.0032,    31.7625       
# span 8 =     -0.100,     18.152       
# span 9 =    7.20017,    8.56164       
# span 10 =     4.8198,     6.7135      
# span 11 =     4.8211,     6.7135      
# span 12 =    -0.0800,    25.1103      
# span 13 =   12.90300,   15.62565      
# span 14 = 1.5516e+00, 1.4542e+03      
# span 15 =     -0.101,     18.324      
# span 16 = 0.0000e+00, 0.0000e+00      
# interval = seconds: 0.25
# start_time = May 02 2012 13:15:13 [Instrument's time stamp, header]
# bad_flag = -9.990e-29
*END*
[from data line 256]
        257 123.552975    0.01778     1.0667     64.000  1024.9727  50812.983    31.5972      0.765    7.22132     5.0848     5.0860    24.9691   12.93763 7.0368e+02      0.772 0.0000e+00
        258 123.552977    0.01785     1.0708     64.250  1024.9803  50827.093    31.6066      0.762    7.22112     5.0876     5.0845    24.9767   12.93720 7.3338e+02      0.769 0.0000e+00
        259 123.552980    0.01792     1.0750     64.500  1024.9853  50836.357    31.6130      0.752    7.22074     5.0927     5.0849    24.9818   12.93648 7.7497e+02      0.759 0.0000e+00
        260 123.552983    0.01799     1.0792     64.750  1024.9866  50838.482    31.6151      0.739    7.22015     5.0984     5.0877    24.9831   12.93548 7.9525e+02      0.746 0.0000e+00
        261 123.552986    0.01806     1.0833     65.000  1024.9838  50832.938    31.6124      0.725    7.21941     5.1031     5.0928    24.9804   12.93429 7.7260e+02      0.732 0.0000e+00
        262 123.552989    0.01812     1.0875     65.250  1024.9787  50823.052    31.6068      0.713    7.21869     5.1061     5.0985    24.9754   12.93317 7.4589e+02      0.720 0.0000e+00
        263 123.552992    0.01819     1.0917     65.500  1024.9736  50813.278    31.6011      0.703    7.21816     5.1076     5.1032    24.9703   12.93236 7.1107e+02      0.710 0.0000e+00
        264 123.552995    0.01826     1.0958     65.750  1024.9698  50805.875    31.5966      0.697    7.21786     5.1084     5.1061    24.9665   12.93194 6.5013e+02      0.703 0.0000e+00
        265 123.552998    0.01833     1.1000     66.000  1024.9673  50801.197    31.5937      0.693    7.21774     5.1089     5.1077    24.9640   12.93177 5.9824e+02      0.699 0.0000e+00
        266 123.553001    0.01840     1.1042     66.250  1024.9664  50799.595    31.5928      0.690    7.21765     5.1094     5.1084    24.9632   12.93164 5.7882e+02      0.697 0.0000e+00
        267 123.553003    0.01847     1.1083     66.500  1024.9674  50801.343    31.5941      0.688    7.21751     5.1101     5.1089    24.9642   12.93139 5.8572e+02      0.694 0.0000e+00
        268 123.553006    0.01854     1.1125     66.750  1024.9695  50805.126    31.5968      0.684    7.21729     5.1109     5.1094    24.9663   12.93099 6.0884e+02      0.690 0.0000e+00
        269 123.553009    0.01861     1.1167     67.000  1024.9713  50808.360    31.5992      0.679    7.21705     5.1119     5.1101    24.9681   12.93057 6.1556e+02      0.685 0.0000e+00
        270 123.553012    0.01868     1.1208     67.250  1024.9717  50809.127    31.5999      0.674    7.21687     5.1129     5.1110    24.9686   12.93026 5.8322e+02      0.680 0.0000e+00
        271 123.553015    0.01875     1.1250     67.500  1024.9703  50806.506    31.5983      0.670    7.21678     5.1134     5.1119    24.9672   12.93013 5.5115e+02      0.676 0.0000e+00
        272 123.553018    0.01882     1.1292     67.750  1024.9664  50799.263    31.5936      0.669    7.21684     5.1124     5.1129    24.9633   12.93029 5.5827e+02      0.675 0.0000e+00
        273 123.553021    0.01889     1.1333     68.000  1024.9591  50785.740    31.5844      0.675    7.21719     5.1083     5.1135    24.9560   12.93098 5.8191e+02      0.681 0.0000e+00
        274 123.553024    0.01896     1.1375     68.250  1024.9479  50765.100    31.5700      0.688    7.21806     5.1000     5.1125    24.9447   12.93260 5.8245e+02      0.695 0.0000e+00
        275 123.553027    0.01903     1.1417     68.500  1024.9353  50742.177    31.5533      0.710    7.21958     5.0888     5.1083    24.9319   12.93533 5.7417e+02      0.717 0.0000e+00
        276 123.553030    0.01910     1.1458     68.750  1024.9276  50728.705    31.5423      0.739    7.22154     5.0774     5.1000    24.9241   12.93871 5.8698e+02      0.746 0.0000e+00
        277 123.553032    0.01917     1.1500     69.000  1024.9277  50729.965    31.5407      0.770    7.22355     5.0675     5.0889    24.9241   12.94205 6.0424e+02      0.778 0.0000e+00
        278 123.553035    0.01924     1.1542     69.250  1024.9323  50739.421    31.5448      0.800    7.22532     5.0596     5.0775    24.9285   12.94493 6.1335e+02      0.808 0.0000e+00
        279 123.553038    0.01931     1.1583     69.500  1024.9376  50750.111    31.5500      0.822    7.22677     5.0536     5.0676    24.9337   12.94725 6.2354e+02      0.830 0.0000e+00
        280 123.553041    0.01938     1.1625     69.750  1024.9425  50759.953    31.5551      0.833    7.22789     5.0496     5.0597    24.9386   12.94903 6.4864e+02      0.841 0.0000e+00
        281 123.553044    0.01944     1.1667     70.000  1024.9470  50768.914    31.5600      0.829    7.22870     5.0481     5.0536    24.9431   12.95030 6.9353e+02      0.837 0.0000e+00
        282 123.553047    0.01951     1.1708     70.250  1024.9505  50775.947    31.5640      0.810    7.22918     5.0484     5.0497    24.9467   12.95106 7.3853e+02      0.817 0.0000e+00
        283 123.553050    0.01958     1.1750     70.500  1024.9522  50779.387    31.5660      0.776    7.22935     5.0496     5.0482    24.9485   12.95131 7.8150e+02      0.783 0.0000e+00
        284 123.553053    0.01965     1.1792     70.750  1024.9520  50779.428    31.5661      0.733    7.22929     5.0508     5.0485    24.9486   12.95121 8.3011e+02      0.740 0.0000e+00
        285 123.553056    0.01972     1.1833     71.000  1024.9510  50777.780    31.5652      0.687    7.22914     5.0518     5.0496    24.9478   12.95097 8.4687e+02      0.693 0.0000e+00
        286 123.553058    0.01979     1.1875     71.250  1024.9498  50775.871    31.5642      0.641    7.22898     5.0526     5.0508    24.9468   12.95071 8.1506e+02      0.647 0.0000e+00
        287 123.553061    0.01986     1.1917     71.500  1024.9489  50774.354    31.5634      0.601    7.22884     5.0533     5.0518    24.9461   12.95050 7.7779e+02      0.607 0.0000e+00
        288 123.553064    0.01993     1.1958     71.750  1024.9483  50773.319    31.5629      0.573    7.22873     5.0538     5.0526    24.9456   12.95032 7.3490e+02      0.578 0.0000e+00
        289 123.553067    0.02000     1.2000     72.000  1024.9478  50772.436    31.5625      0.560    7.22864     5.0540     5.0533    24.9451   12.95017 6.6559e+02      0.566 0.0000e+00
        290 123.553070    0.02007     1.2042     72.250  1024.9473  50771.449    31.5619      0.567    7.22858     5.0539     5.0538    24.9446   12.95009 5.9134e+02      0.572 0.0000e+00
        291 123.553073    0.02014     1.2083     72.500  1024.9469  50770.336    31.5612      0.595    7.22857     5.0534     5.0541    24.9440   12.95009 5.4020e+02      0.600 0.0000e+00
        292 123.553076    0.02021     1.2125     72.750  1024.9465  50769.317    31.5604      0.643    7.22862     5.0524     5.0540    24.9435   12.95018 5.3748e+02      0.649 0.0000e+00
        293 123.553079    0.02028     1.2167     73.000  1024.9465  50768.948    31.5600      0.710    7.22873     5.0507     5.0535    24.9432   12.95036 5.7651e+02      0.716 0.0000e+00
        294 123.553082    0.02035     1.2208     73.250  1024.9471  50769.425    31.5601      0.791    7.22890     5.0479     5.0525    24.9434   12.95063 6.2103e+02      0.798 0.0000e+00
        295 123.553084    0.02042     1.2250     73.500  1024.9479  50770.448    31.5604      0.885    7.22917     5.0430     5.0508    24.9438   12.95108 6.6030e+02      0.893 0.0000e+00
        296 123.553087    0.02049     1.2292     73.750  1024.9491  50772.017    31.5608      0.994    7.22964     5.0351     5.0480    24.9444   12.95185 6.7061e+02      1.003 0.0000e+00
        297 123.553090    0.02056     1.2333     74.000  1024.9509  50774.991    31.5617      1.119    7.23044     5.0243     5.0431    24.9457   12.95315 6.3451e+02      1.130 0.0000e+00
        298 123.553093    0.02063     1.2375     74.250  1024.9549  50782.018    31.5648      1.258    7.23166     5.0124     5.0352    24.9490   12.95513 5.9280e+02      1.269 0.0000e+00
        299 123.553096    0.02069     1.2417     74.500  1024.9618  50794.795    31.5712      1.403    7.23322     5.0008     5.0244    24.9552   12.95762 5.6264e+02      1.416 0.0000e+00
        300 123.553099    0.02076     1.2458     74.750  1024.9705  50810.925    31.5796      1.551    7.23487     4.9893     5.0125    24.9632   12.96024 5.2871e+02      1.565 0.0000e+00
        301 123.553102    0.02083     1.2500     75.000  1024.9795  50827.808    31.5887      1.696    7.23644     4.9779     5.0009    24.9716   12.96273 4.8993e+02      1.712 0.0000e+00
        302 123.553105    0.02090     1.2542     75.250  1024.9889  50845.279    31.5981      1.833    7.23797     4.9673     4.9894    24.9803   12.96513 4.5928e+02      1.850 0.0000e+00
        303 123.553108    0.02097     1.2583     75.500  1024.9986  50863.344    31.6080      1.958    7.23947     4.9585     4.9780    24.9894   12.96748 4.3673e+02      1.976 0.0000e+00
        304 123.553111    0.02104     1.2625     75.750  1025.0077  50880.555    31.6175      2.068    7.24085     4.9518     4.9674    24.9980   12.96964 4.1225e+02      2.087 0.0000e+00
        305 123.553113    0.02111     1.2667     76.000  1025.0155  50895.068    31.6255      2.163    7.24198     4.9470     4.9586    25.0053   12.97140 3.8942e+02      2.183 0.0000e+00
        306 123.553116    0.02118     1.2708     76.250  1025.0215  50906.264    31.6317      2.244    7.24284     4.9440     4.9520    25.0109   12.97273 3.6918e+02      2.265 0.0000e+00
        307 123.553119    0.02125     1.2750     76.500  1025.0260  50914.439    31.6363      2.316    7.24344     4.9423     4.9473    25.0151   12.97366 3.4931e+02      2.338 0.0000e+00
        308 123.553122    0.02132     1.2792     76.750  1025.0291  50919.938    31.6394      2.390    7.24381     4.9412     4.9443    25.0178   12.97423 3.2982e+02      2.412 0.0000e+00
        309 123.553125    0.02139     1.2833     77.000  1025.0311  50923.057    31.6411      2.482    7.24402     4.9398     4.9426    25.0194   12.97455 3.1219e+02      2.505 0.0000e+00
        310 123.553128    0.02146     1.2875     77.250  1025.0324  50924.583    31.6419      2.611    7.24417     4.9373     4.9415    25.0201   12.97480 2.9455e+02      2.636 0.0000e+00
        311 123.553131    0.02153     1.2917     77.500  1025.0340  50926.286    31.6426      2.783    7.24439     4.9338     4.9400    25.0208   12.97515 2.7443e+02      2.809 0.0000e+00
        312 123.553134    0.02160     1.2958     77.750  1025.0367  50929.984    31.6445      2.985    7.24473     4.9298     4.9375    25.0226   12.97569 2.5458e+02      3.014 0.0000e+00
        313 123.553137    0.02167     1.3000     78.000  1025.0407  50936.122    31.6478      3.204    7.24517     4.9256     4.9340    25.0256   12.97638 2.3503e+02      3.234 0.0000e+00
        314 123.553139    0.02174     1.3042     78.250  1025.0460  50944.436    31.6526      3.427    7.24564     4.9213     4.9300    25.0298   12.97708 2.1434e+02      3.459 0.0000e+00
        315 123.553142    0.02181     1.3083     78.500  1025.0524  50955.069    31.6588      3.646    7.24606     4.9173     4.9258    25.0353   12.97770 1.9348e+02      3.680 0.0000e+00
        316 123.553145    0.02187     1.3125     78.750  1025.0596  50967.041    31.6660      3.858    7.24644     4.9138     4.9216    25.0414   12.97824 1.7379e+02      3.895 0.0000e+00
        317 123.553148    0.02194     1.3167     79.000  1025.0661  50978.004    31.6726      4.063    7.24682     4.9109     4.9176    25.0471   12.97878 1.5692e+02      4.101 0.0000e+00
        318 123.553151    0.02201     1.3208     79.250  1025.0716  50986.856    31.6778      4.260    7.24718     4.9087     4.9141    25.0516   12.97931 1.4324e+02      4.301 0.0000e+00
        319 123.553154    0.02208     1.3250     79.500  1025.0760  50993.862    31.6819      4.453    7.24747     4.9069     4.9112    25.0551   12.97974 1.3156e+02      4.495 0.0000e+00
        320 123.553157    0.02215     1.3292     79.750  1025.0797  50999.389    31.6852      4.646    7.24770     4.9053     4.9090    25.0579   12.98007 1.2104e+02      4.690 0.0000e+00
        321 123.553160    0.02222     1.3333     80.000  1025.0828  51003.640    31.6876      4.844    7.24789     4.9038     4.9072    25.0600   12.98036 1.1093e+02      4.890 0.0000e+00
        322 123.553163    0.02229     1.3375     80.250  1025.0853  51006.760    31.6893      5.050    7.24808     4.9024     4.9057    25.0615   12.98064 1.0053e+02      5.098 0.0000e+00
        323 123.553166    0.02236     1.3417     80.500  1025.0873  51008.916    31.6903      5.267    7.24829     4.9008     4.9042    25.0625   12.98097 8.9789e+01      5.317 0.0000e+00
        324 123.553168    0.02243     1.3458     80.750  1025.0890  51010.370    31.6909      5.496    7.24851     4.8990     4.9027    25.0631   12.98134 7.9297e+01      5.547 0.0000e+00
        325 123.553171    0.02250     1.3500     81.000  1025.0907  51011.786    31.6914      5.735    7.24876     4.8972     4.9011    25.0637   12.98174 6.9864e+01      5.789 0.0000e+00
        326 123.553174    0.02257     1.3542     81.250  1025.0927  51013.794    31.6922      5.981    7.24902     4.8955     4.8994    25.0646   12.98216 6.1987e+01      6.037 0.0000e+00
        327 123.553177    0.02264     1.3583     81.500  1025.0950  51016.294    31.6934      6.227    7.24929     4.8941     4.8976    25.0657   12.98258 5.5656e+01      6.286 0.0000e+00
        328 123.553180    0.02271     1.3625     81.750  1025.0972  51018.637    31.6946      6.468    7.24952     4.8930     4.8959    25.0668   12.98295 5.0598e+01      6.529 0.0000e+00
        329 123.553183    0.02278     1.3667     82.000  1025.0989  51020.219    31.6952      6.698    7.24972     4.8920     4.8946    25.0675   12.98327 4.6498e+01      6.761 0.0000e+00
        330 123.553186    0.02285     1.3708     82.250  1025.1001  51020.770    31.6953      6.915    7.24991     4.8913     4.8935    25.0676   12.98359 4.3101e+01      6.980 0.0000e+00
        331 123.553189    0.02292     1.3750     82.500  1025.1010  51020.891    31.6951      7.115    7.25008     4.8908     4.8926    25.0676   12.98388 4.0237e+01      7.182 0.0000e+00
        332 123.553192    0.02299     1.3792     82.750  1025.1022  51021.814    31.6954      7.301    7.25020     4.8908     4.8918    25.0679   12.98406 3.7781e+01      7.370 0.0000e+00
        333 123.553194    0.02306     1.3833     83.000  1025.1038  51023.440    31.6964      7.477    7.25023     4.8910     4.8913    25.0687   12.98410 3.5597e+01      7.547 0.0000e+00
        334 123.553197    0.02313     1.3875     83.250  1025.1052  51024.523    31.6970      7.647    7.25021     4.8913     4.8913    25.0692   12.98405 3.3534e+01      7.719 0.0000e+00
        335 123.553200    0.02319     1.3917     83.500  1025.1061  51024.832    31.6972      7.817    7.25015     4.8916     4.8915    25.0693   12.98396 3.1486e+01      7.891 0.0000e+00
        336 123.553203    0.02326     1.3958     83.750  1025.1069  51024.906    31.6972      7.994    7.25009     4.8918     4.8919    25.0693   12.98386 2.9438e+01      8.069 0.0000e+00
        337 123.553206    0.02333     1.4000     84.000  1025.1078  51024.985    31.6973      8.181    7.25004     4.8919     4.8922    25.0693   12.98377 2.7408e+01      8.258 0.0000e+00
        338 123.553209    0.02340     1.4042     84.250  1025.1087  51025.011    31.6972      8.381    7.25000     4.8918     4.8924    25.0693   12.98371 2.5415e+01      8.460 0.0000e+00
        339 123.553212    0.02347     1.4083     84.500  1025.1095  51024.914    31.6971      8.595    7.24999     4.8916     4.8925    25.0692   12.98369 2.3485e+01      8.676 0.0000e+00
        340 123.553215    0.02354     1.4125     84.750  1025.1104  51024.751    31.6969      8.821    7.25001     4.8913     4.8925    25.0690   12.98373 2.1656e+01      8.904 0.0000e+00
