CTD-processing/allCTD/CNV--homogene/2012_06-05a_t4_s08a_cast101.cnv
* Sea-Bird SBE19plus Data File:
* FileName = C:\Documents and Settings\glenn.seaman\My Documents\KHolderied-files\CTD-DATA-FILES\2012-May-Jun-KachemakBay\Transect4-2012-06-05a-Barabara-to-Bluff\Tran4-2012-06-05a-Barabara-cast101.hex
* Software Version 1.59
* Temperature SN =  5028
* Conductivity SN =  5028
* System UpLoad Time = Jun 05 2012 14:04:37
** LTM Transect4- Barabara Pt to Bluff Pt
** Date: 2012-06-05  Low tide (1 of 2 lines)
** Station:4-08a
** Start time (AKDT-24hr):1106
** Depth (ft):84
# nquan = 17
# nvalues = 365                         
# units = specified
# name 0 = scan: Scan Count
# name 1 = timeJ: Julian Days
# name 2 = timeH: Time, Elapsed [hours]
# name 3 = timeM: Time, Elapsed [minutes]
# name 4 = timeS: Time, Elapsed [seconds]
# name 5 = density00: Density [density, kg/m^3]
# name 6 = specc: Specific Conductance [uS/cm]
# name 7 = sal00: Salinity, Practical [PSU]
# name 8 = depSM: Depth [salt water, m], lat = 59.00
# name 9 = oxsolML/L: Oxygen Saturation, Garcia & Gordon [ml/l]
# name 10 = potemp090C: Potential Temperature [ITS-90, deg C]
# name 11 = tv290C: Temperature [ITS-90, deg C]
# name 12 = sigma-é00: Density [sigma-theta, kg/m^3]
# name 13 = n2satML/L: Nitrogen Saturation [ml/l]
# name 14 = par: PAR/Irradiance, Biospherical/Licor [umol photons/m^2/sec]
# name 15 = prdM: Pressure, Strain Gauge [db]
# name 16 = flag:  0.000e+00
# span 0 =          1,        365       
# span 1 = 157.462755, 157.463808       
# span 2 =    0.00000,    0.02528       
# span 3 =     0.0000,     1.5167       
# span 4 =      0.000,     91.000       
# span 5 =   999.9718,  1025.0400       
# span 6 =    211.143,  50668.310       
# span 7 =     0.0970,    31.6889       
# span 8 =     -0.043,     24.110       
# span 9 =    6.78898,    8.44655       
# span 10 =     6.0801,     7.8173      
# span 11 =     6.0820,     7.8174      
# span 12 =    -0.0280,    24.9275      
# span 13 =   12.22678,   15.43040      
# span 14 = 7.5030e-01, 1.2861e+03      
# span 15 =     -0.044,     24.339      
# span 16 = 0.0000e+00, 0.0000e+00      
# interval = seconds: 0.25
# start_time = Jun 05 2012 11:06:22 [Instrument's time stamp, header]
# bad_flag = -9.990e-29
*END*
[from data line 256]
        257 157.463495    0.01778     1.0667     64.000  1024.4052  49663.953    31.3060      0.870    6.79015     7.8058     7.8081    24.4011   12.22869 5.8597e+02      0.878 0.0000e+00
        258 157.463498    0.01785     1.0708     64.250  1024.4101  49672.999    31.3121      0.863    6.79016     7.8069     7.8063    24.4061   12.22863 5.8625e+02      0.871 0.0000e+00
        259 157.463501    0.01792     1.0750     64.500  1024.4114  49675.347    31.3137      0.855    6.79015     7.8084     7.8059    24.4074   12.22860 6.0144e+02      0.863 0.0000e+00
        260 157.463504    0.01799     1.0792     64.750  1024.4085  49670.209    31.3102      0.849    6.79014     7.8092     7.8070    24.4046   12.22862 6.1875e+02      0.857 0.0000e+00
        261 157.463507    0.01806     1.0833     65.000  1024.4032  49660.542    31.3037      0.848    6.79019     7.8087     7.8085    24.3993   12.22878 6.3202e+02      0.856 0.0000e+00
        262 157.463510    0.01812     1.0875     65.250  1024.3987  49652.416    31.2982      0.851    6.79031     7.8072     7.8093    24.3948   12.22906 6.2611e+02      0.859 0.0000e+00
        263 157.463513    0.01819     1.0917     65.500  1024.3982  49651.362    31.2974      0.856    6.79042     7.8052     7.8088    24.3942   12.22925 6.3253e+02      0.864 0.0000e+00
        264 157.463516    0.01826     1.0958     65.750  1024.4019  49657.984    31.3018      0.861    6.79046     7.8034     7.8073    24.3979   12.22925 6.6733e+02      0.869 0.0000e+00
        265 157.463519    0.01833     1.1000     66.000  1024.4074  49668.075    31.3085      0.865    6.79048     7.8026     7.8053    24.4034   12.22920 7.0479e+02      0.873 0.0000e+00
        266 157.463521    0.01840     1.1042     66.250  1024.4123  49676.843    31.3143      0.866    6.79050     7.8031     7.8035    24.4083   12.22917 7.2198e+02      0.875 0.0000e+00
        267 157.463524    0.01847     1.1083     66.500  1024.4150  49681.850    31.3177      0.866    6.79047     7.8048     7.8027    24.4110   12.22908 7.0253e+02      0.874 0.0000e+00
        268 157.463527    0.01854     1.1125     66.750  1024.4156  49682.931    31.3185      0.864    6.79034     7.8070     7.8032    24.4116   12.22886 6.8211e+02      0.872 0.0000e+00
        269 157.463530    0.01861     1.1167     67.000  1024.4144  49680.882    31.3174      0.862    6.79013     7.8086     7.8049    24.4105   12.22852 6.8131e+02      0.870 0.0000e+00
        270 157.463533    0.01868     1.1208     67.250  1024.4120  49676.486    31.3147      0.862    6.78992     7.8092     7.8071    24.4080   12.22821 6.8292e+02      0.870 0.0000e+00
        271 157.463536    0.01875     1.1250     67.500  1024.4086  49670.233    31.3106      0.866    6.78985     7.8085     7.8087    24.4046   12.22815 6.9478e+02      0.874 0.0000e+00
        272 157.463539    0.01882     1.1292     67.750  1024.4044  49662.634    31.3053      0.876    6.78999     7.8063     7.8093    24.4004   12.22844 7.2302e+02      0.884 0.0000e+00
        273 157.463542    0.01889     1.1333     68.000  1024.4008  49655.929    31.3005      0.889    6.79032     7.8022     7.8086    24.3967   12.22903 7.4442e+02      0.897 0.0000e+00
        274 157.463545    0.01896     1.1375     68.250  1024.3993  49652.987    31.2981      0.901    6.79077     7.7957     7.8064    24.3951   12.22982 7.3130e+02      0.910 0.0000e+00
        275 157.463547    0.01903     1.1417     68.500  1024.3991  49652.411    31.2970      0.911    6.79145     7.7857     7.8023    24.3948   12.23096 7.0755e+02      0.920 0.0000e+00
        276 157.463550    0.01910     1.1458     68.750  1024.3974  49649.168    31.2937      0.921    6.79261     7.7702     7.7958    24.3931   12.23291 6.9421e+02      0.929 0.0000e+00
        277 157.463553    0.01917     1.1500     69.000  1024.3918  49638.633    31.2847      0.936    6.79456     7.7454     7.7858    24.3874   12.23625 6.7561e+02      0.944 0.0000e+00
        278 157.463556    0.01924     1.1542     69.250  1024.3800  49616.462    31.2667      0.966    6.79777     7.7063     7.7703    24.3755   12.24178 6.4855e+02      0.975 0.0000e+00
        279 157.463559    0.01931     1.1583     69.500  1024.3625  49583.611    31.2398      1.026    6.80282     7.6528     7.7455    24.3577   12.25047 6.1757e+02      1.035 0.0000e+00
        280 157.463562    0.01938     1.1625     69.750  1024.3506  49560.318    31.2171      1.127    6.80992     7.5921     7.7064    24.3453   12.26249 5.9558e+02      1.137 0.0000e+00
        281 157.463565    0.01944     1.1667     70.000  1024.3558  49567.686    31.2135      1.277    6.81840     7.5303     7.6529    24.3498   12.27657 5.7007e+02      1.289 0.0000e+00
        282 157.463568    0.01951     1.1708     70.250  1024.3743  49598.904    31.2253      1.467    6.82733     7.4684     7.5922    24.3674   12.29120 5.1809e+02      1.481 0.0000e+00
        283 157.463571    0.01958     1.1750     70.500  1024.3987  49640.928    31.2444      1.686    6.83613     7.4052     7.5305    24.3908   12.30551 4.5375e+02      1.702 0.0000e+00
        284 157.463573    0.01965     1.1792     70.750  1024.4283  49692.516    31.2700      1.925    6.84467     7.3391     7.4686    24.4194   12.31931 3.8784e+02      1.943 0.0000e+00
        285 157.463576    0.01972     1.1833     71.000  1024.4634  49754.120    31.3023      2.178    6.85313     7.2691     7.4054    24.4533   12.33291 3.2906e+02      2.199 0.0000e+00
        286 157.463579    0.01979     1.1875     71.250  1024.5034  49824.633    31.3402      2.443    6.86183     7.1970     7.3393    24.4920   12.34682 2.8699e+02      2.466 0.0000e+00
        287 157.463582    0.01986     1.1917     71.500  1024.5469  49901.887    31.3821      2.717    6.87097     7.1256     7.2694    24.5343   12.36142 2.5798e+02      2.742 0.0000e+00
        288 157.463585    0.01993     1.1958     71.750  1024.5906  49979.635    31.4238      2.996    6.88050     7.0577     7.1973    24.5767   12.37665 2.3661e+02      3.024 0.0000e+00
        289 157.463588    0.02000     1.2000     72.000  1024.6307  50051.030    31.4611      3.275    6.89011     6.9965     7.1259    24.6155   12.39208 2.1703e+02      3.306 0.0000e+00
        290 157.463591    0.02007     1.2042     72.250  1024.6681  50117.545    31.4956      3.555    6.89932     6.9456     7.0581    24.6516   12.40687 1.9663e+02      3.588 0.0000e+00
        291 157.463594    0.02014     1.2083     72.500  1024.7041  50181.742    31.5295      3.834    6.90751     6.9064     6.9969    24.6863   12.41999 1.7572e+02      3.870 0.0000e+00
        292 157.463597    0.02021     1.2125     72.750  1024.7361  50238.436    31.5599      4.113    6.91423     6.8772     6.9461    24.7170   12.43072 1.5542e+02      4.153 0.0000e+00
        293 157.463600    0.02028     1.2167     73.000  1024.7610  50282.234    31.5834      4.392    6.91942     6.8551     6.9068    24.7406   12.43901 1.3705e+02      4.434 0.0000e+00
        294 157.463602    0.02035     1.2208     73.250  1024.7788  50313.146    31.5996      4.669    6.92335     6.8374     6.8776    24.7572   12.44529 1.2154e+02      4.714 0.0000e+00
        295 157.463605    0.02042     1.2250     73.500  1024.7911  50333.702    31.6099      4.942    6.92640     6.8218     6.8555    24.7681   12.45022 1.0868e+02      4.990 0.0000e+00
        296 157.463608    0.02049     1.2292     73.750  1024.7991  50346.570    31.6156      5.213    6.92897     6.8065     6.8379    24.7749   12.45439 9.7754e+01      5.263 0.0000e+00
        297 157.463611    0.02056     1.2333     74.000  1024.8041  50353.875    31.6178      5.483    6.93136     6.7897     6.8223    24.7786   12.45832 8.8090e+01      5.536 0.0000e+00
        298 157.463614    0.02063     1.2375     74.250  1024.8066  50356.583    31.6168      5.756    6.93386     6.7698     6.8070    24.7798   12.46246 7.9147e+01      5.811 0.0000e+00
        299 157.463617    0.02069     1.2417     74.500  1024.8069  50355.370    31.6128      6.034    6.93674     6.7457     6.7903    24.7788   12.46726 7.0787e+01      6.091 0.0000e+00
        300 157.463620    0.02076     1.2458     74.750  1024.8063  50352.556    31.6071      6.315    6.94020     6.7170     6.7704    24.7769   12.47305 6.3257e+01      6.375 0.0000e+00
        301 157.463623    0.02083     1.2500     75.000  1024.8059  50350.283    31.6011      6.596    6.94436     6.6836     6.7463    24.7752   12.48001 5.6740e+01      6.659 0.0000e+00
        302 157.463626    0.02090     1.2542     75.250  1024.8061  50349.156    31.5950      6.877    6.94927     6.6472     6.7176    24.7741   12.48820 5.1212e+01      6.942 0.0000e+00
        303 157.463628    0.02097     1.2583     75.500  1024.8091  50353.479    31.5918      7.155    6.95479     6.6116     6.6843    24.7759   12.49737 4.6541e+01      7.223 0.0000e+00
        304 157.463631    0.02104     1.2625     75.750  1024.8187  50369.896    31.5964      7.433    6.96047     6.5813     6.6478    24.7842   12.50669 4.2533e+01      7.503 0.0000e+00
        305 157.463634    0.02111     1.2667     76.000  1024.8341  50396.813    31.6085      7.711    6.96566     6.5579     6.6122    24.7982   12.51512 3.8982e+01      7.784 0.0000e+00
        306 157.463637    0.02118     1.2708     76.250  1024.8504  50425.464    31.6227      7.990    6.96991     6.5412     6.5819    24.8132   12.52197 3.5759e+01      8.066 0.0000e+00
        307 157.463640    0.02125     1.2750     76.500  1024.8646  50449.908    31.6352      8.271    6.97311     6.5298     6.5586    24.8261   12.52709 3.2826e+01      8.349 0.0000e+00
        308 157.463643    0.02132     1.2792     76.750  1024.8757  50468.612    31.6450      8.551    6.97536     6.5223     6.5419    24.8359   12.53070 3.0173e+01      8.631 0.0000e+00
        309 157.463646    0.02139     1.2833     77.000  1024.8839  50481.728    31.6519      8.829    6.97689     6.5174     6.5305    24.8428   12.53313 2.7788e+01      8.912 0.0000e+00
        310 157.463649    0.02146     1.2875     77.250  1024.8895  50490.123    31.6562      9.106    6.97790     6.5139     6.5231    24.8472   12.53475 2.5655e+01      9.192 0.0000e+00
        311 157.463652    0.02153     1.2917     77.500  1024.8932  50494.923    31.6585      9.381    6.97859     6.5112     6.5182    24.8496   12.53586 2.3745e+01      9.469 0.0000e+00
        312 157.463655    0.02160     1.2958     77.750  1024.8957  50497.393    31.6595      9.654    6.97910     6.5088     6.5148    24.8508   12.53670 2.2014e+01      9.745 0.0000e+00
        313 157.463657    0.02167     1.3000     78.000  1024.8975  50498.751    31.6598      9.927    6.97952     6.5066     6.5121    24.8514   12.53740 2.0416e+01     10.021 0.0000e+00
        314 157.463660    0.02174     1.3042     78.250  1024.8992  50499.784    31.6600     10.202    6.97990     6.5044     6.5097    24.8518   12.53802 1.8920e+01     10.299 0.0000e+00
        315 157.463663    0.02181     1.3083     78.500  1024.9009  50500.704    31.6601     10.481    6.98026     6.5024     6.5075    24.8521   12.53860 1.7516e+01     10.580 0.0000e+00
        316 157.463666    0.02187     1.3125     78.750  1024.9024  50501.353    31.6600     10.763    6.98060     6.5003     6.5054    24.8523   12.53917 1.6208e+01     10.865 0.0000e+00
        317 157.463669    0.02194     1.3167     79.000  1024.9038  50501.692    31.6597     11.045    6.98095     6.4981     6.5033    24.8524   12.53975 1.5005e+01     11.150 0.0000e+00
        318 157.463672    0.02201     1.3208     79.250  1024.9052  50502.207    31.6596     11.326    6.98129     6.4962     6.5012    24.8525   12.54032 1.3910e+01     11.433 0.0000e+00
        319 157.463675    0.02208     1.3250     79.500  1024.9070  50503.335    31.6598     11.605    6.98162     6.4946     6.4991    24.8530   12.54086 1.2916e+01     11.715 0.0000e+00
        320 157.463678    0.02215     1.3292     79.750  1024.9090  50504.916    31.6604     11.882    6.98191     6.4935     6.4972    24.8537   12.54133 1.2009e+01     11.995 0.0000e+00
        321 157.463681    0.02222     1.3333     80.000  1024.9110  50506.430    31.6611     12.160    6.98213     6.4927     6.4956    24.8544   12.54169 1.1175e+01     12.275 0.0000e+00
        322 157.463683    0.02229     1.3375     80.250  1024.9128  50507.506    31.6615     12.440    6.98230     6.4922     6.4945    24.8549   12.54195 1.0399e+01     12.558 0.0000e+00
        323 157.463686    0.02236     1.3417     80.500  1024.9144  50508.203    31.6617     12.723    6.98241     6.4918     6.4938    24.8551   12.54213 9.6722e+00     12.844 0.0000e+00
        324 157.463689    0.02243     1.3458     80.750  1024.9159  50508.686    31.6618     13.010    6.98249     6.4915     6.4932    24.8553   12.54226 8.9924e+00     13.134 0.0000e+00
        325 157.463692    0.02250     1.3500     81.000  1024.9173  50509.032    31.6618     13.298    6.98254     6.4912     6.4929    24.8553   12.54236 8.3610e+00     13.424 0.0000e+00
        326 157.463695    0.02257     1.3542     81.250  1024.9186  50509.242    31.6617     13.584    6.98259     6.4909     6.4926    24.8553   12.54244 7.7806e+00     13.712 0.0000e+00
        327 157.463698    0.02264     1.3583     81.500  1024.9198  50509.282    31.6616     13.864    6.98264     6.4905     6.4924    24.8553   12.54252 7.2516e+00     13.995 0.0000e+00
        328 157.463701    0.02271     1.3625     81.750  1024.9210  50509.257    31.6614     14.139    6.98269     6.4901     6.4921    24.8552   12.54261 6.7716e+00     14.273 0.0000e+00
        329 157.463704    0.02278     1.3667     82.000  1024.9222  50509.260    31.6612     14.408    6.98276     6.4895     6.4917    24.8550   12.54272 6.3342e+00     14.545 0.0000e+00
        330 157.463707    0.02285     1.3708     82.250  1024.9232  50509.178    31.6609     14.674    6.98284     6.4888     6.4913    24.8549   12.54286 5.9291e+00     14.813 0.0000e+00
        331 157.463709    0.02292     1.3750     82.500  1024.9242  50508.860    31.6605     14.942    6.98295     6.4880     6.4908    24.8546   12.54304 5.5457e+00     15.083 0.0000e+00
        332 157.463712    0.02299     1.3792     82.750  1024.9251  50508.395    31.6599     15.216    6.98308     6.4870     6.4902    24.8542   12.54327 5.1780e+00     15.361 0.0000e+00
        333 157.463715    0.02306     1.3833     83.000  1024.9261  50508.107    31.6594     15.500    6.98323     6.4857     6.4893    24.8540   12.54353 4.8249e+00     15.647 0.0000e+00
        334 157.463718    0.02313     1.3875     83.250  1024.9273  50507.923    31.6590     15.793    6.98342     6.4841     6.4883    24.8538   12.54385 4.4890e+00     15.943 0.0000e+00
        335 157.463721    0.02319     1.3917     83.500  1024.9281  50507.163    31.6581     16.092    6.98365     6.4817     6.4871    24.8532   12.54425 4.1741e+00     16.245 0.0000e+00
        336 157.463724    0.02326     1.3958     83.750  1024.9284  50505.433    31.6564     16.392    6.98399     6.4784     6.4855    24.8521   12.54482 3.8829e+00     16.548 0.0000e+00
        337 157.463727    0.02333     1.4000     84.000  1024.9286  50503.494    31.6545     16.691    6.98446     6.4743     6.4831    24.8509   12.54563 3.6169e+00     16.849 0.0000e+00
        338 157.463730    0.02340     1.4042     84.250  1024.9294  50502.882    31.6533     16.984    6.98506     6.4699     6.4798    24.8504   12.54663 3.3745e+00     17.146 0.0000e+00
        339 157.463733    0.02347     1.4083     84.500  1024.9312  50503.941    31.6531     17.275    6.98574     6.4652     6.4757    24.8508   12.54774 3.1505e+00     17.439 0.0000e+00
        340 157.463736    0.02354     1.4125     84.750  1024.9330  50505.056    31.6530     17.567    6.98646     6.4596     6.4713    24.8512   12.54894 2.9414e+00     17.734 0.0000e+00
