CTD-processing/allCTD/CNV--homogene/2012_05-31a_t4_s04a_cast075.cnv
* Sea-Bird SBE19plus Data File:
* FileName = C:\Documents and Settings\glenn.seaman\My Documents\KHolderied-files\CTD-DATA-FILES\2012-05-LTM-LowerCookInlet-CTD\Transect4-2012-05-31-Barabara\2012-05-31-Tran4-Barabara-cast075.hex
* Software Version 1.59
* Temperature SN =  5028
* Conductivity SN =  5028
* System UpLoad Time = May 31 2012 15:19:52
** LTM Transect4- Barabara to Bluff Pt
** Date: 2012-05-31
** Station:4-04a
** Start time (AKDT-24hr):1150
** Depth (ft):298
** clear water
# nquan = 17
# nvalues = 723                         
# units = specified
# name 0 = scan: Scan Count
# name 1 = timeJ: Julian Days
# name 2 = timeH: Time, Elapsed [hours]
# name 3 = timeM: Time, Elapsed [minutes]
# name 4 = timeS: Time, Elapsed [seconds]
# name 5 = density00: Density [density, kg/m^3]
# name 6 = specc: Specific Conductance [uS/cm]
# name 7 = sal00: Salinity, Practical [PSU]
# name 8 = depSM: Depth [salt water, m], lat = 59.00
# name 9 = oxsolML/L: Oxygen Saturation, Garcia & Gordon [ml/l]
# name 10 = potemp090C: Potential Temperature [ITS-90, deg C]
# name 11 = tv290C: Temperature [ITS-90, deg C]
# name 12 = sigma-é00: Density [sigma-theta, kg/m^3]
# name 13 = n2satML/L: Nitrogen Saturation [ml/l]
# name 14 = par: PAR/Irradiance, Biospherical/Licor [umol photons/m^2/sec]
# name 15 = prdM: Pressure, Strain Gauge [db]
# name 16 = flag:  0.000e+00
# span 0 =          1,        723       
# span 1 = 152.492697, 152.494786       
# span 2 =    0.00000,    0.05014       
# span 3 =     0.0000,     3.0083       
# span 4 =      0.000,    180.500       
# span 5 =   999.9596,  1025.5691       
# span 6 =     73.112,  51283.349       
# span 7 =     0.0332,    31.7703       
# span 8 =     -0.177,     87.673       
# span 9 =    6.97891,    8.64923       
# span 10 =     4.5964,     6.5114      
# span 11 =     4.6025,     6.5118      
# span 12 =    -0.0395,    25.1583      
# span 13 =   12.53620,   15.77255      
# span 14 = 3.9020e-02, 2.7444e+02      
# span 15 =     -0.179,     88.519      
# span 16 = 0.0000e+00, 0.0000e+00      
# interval = seconds: 0.25
# start_time = May 31 2012 11:49:29 [Instrument's time stamp, header]
# bad_flag = -9.990e-29
*END*
[from data line 426]
        427 152.493929    0.02958     1.7750    106.500  1024.9504  50621.117    31.6697      9.048    7.04423     6.0534     6.1144    24.9082   12.64419 1.6512e+01      9.133 0.0000e+00
        428 152.493932    0.02965     1.7792    106.750  1024.9637  50645.269    31.6801      9.297    7.04910     6.0299     6.0820    24.9203   12.65210 1.5156e+01      9.384 0.0000e+00
        429 152.493935    0.02972     1.7833    107.000  1024.9753  50666.283    31.6891      9.546    7.05327     6.0093     6.0542    24.9308   12.65889 1.3924e+01      9.636 0.0000e+00
        430 152.493938    0.02979     1.7875    107.250  1024.9845  50682.403    31.6956      9.793    7.05687     5.9911     6.0307    24.9387   12.66475 1.2822e+01      9.885 0.0000e+00
        431 152.493941    0.02986     1.7917    107.500  1024.9924  50696.291    31.7011     10.034    7.06002     5.9754     6.0101    24.9455   12.66989 1.1845e+01     10.129 0.0000e+00
        432 152.493944    0.02993     1.7958    107.750  1025.0000  50709.558    31.7066     10.267    7.06278     5.9617     5.9919    24.9521   12.67437 1.0986e+01     10.365 0.0000e+00
        433 152.493947    0.03000     1.8000    108.000  1025.0065  50720.573    31.7110     10.494    7.06517     5.9493     5.9762    24.9575   12.67827 1.0222e+01     10.594 0.0000e+00
        434 152.493950    0.03007     1.8042    108.250  1025.0111  50728.062    31.7134     10.720    7.06732     5.9372     5.9626    24.9610   12.68179 9.5157e+00     10.821 0.0000e+00
        435 152.493953    0.03014     1.8083    108.500  1025.0144  50733.207    31.7144     10.952    7.06934     5.9252     5.9502    24.9633   12.68511 8.8329e+00     11.056 0.0000e+00
        436 152.493955    0.03021     1.8125    108.750  1025.0175  50737.698    31.7151     11.198    7.07132     5.9133     5.9381    24.9652   12.68837 8.1692e+00     11.304 0.0000e+00
        437 152.493958    0.03028     1.8167    109.000  1025.0206  50742.148    31.7157     11.454    7.07328     5.9014     5.9261    24.9671   12.69160 7.5425e+00     11.563 0.0000e+00
        438 152.493961    0.03035     1.8208    109.250  1025.0237  50746.605    31.7163     11.713    7.07523     5.8895     5.9142    24.9690   12.69481 6.9728e+00     11.824 0.0000e+00
        439 152.493964    0.03042     1.8250    109.500  1025.0266  50750.644    31.7166     11.967    7.07718     5.8771     5.9024    24.9707   12.69804 6.4711e+00     12.080 0.0000e+00
        440 152.493967    0.03049     1.8292    109.750  1025.0288  50753.584    31.7162     12.211    7.07919     5.8639     5.8905    24.9718   12.70135 6.0348e+00     12.327 0.0000e+00
        441 152.493970    0.03056     1.8333    110.000  1025.0305  50755.726    31.7151     12.444    7.08130     5.8495     5.8781    24.9724   12.70486 5.6540e+00     12.562 0.0000e+00
        442 152.493973    0.03062     1.8375    110.250  1025.0320  50757.664    31.7137     12.669    7.08357     5.8337     5.8649    24.9729   12.70863 5.3160e+00     12.789 0.0000e+00
        443 152.493976    0.03069     1.8417    110.500  1025.0329  50758.532    31.7113     12.891    7.08608     5.8155     5.8505    24.9727   12.71280 5.0063e+00     13.013 0.0000e+00
        444 152.493979    0.03076     1.8458    110.750  1025.0328  50757.752    31.7075     13.117    7.08891     5.7951     5.8347    24.9716   12.71753 4.7118e+00     13.242 0.0000e+00
        445 152.493981    0.03083     1.8500    111.000  1025.0333  50758.027    31.7040     13.355    7.09211     5.7735     5.8166    24.9709   12.72286 4.4261e+00     13.481 0.0000e+00
        446 152.493984    0.03090     1.8542    111.250  1025.0364  50763.174    31.7033     13.604    7.09556     5.7528     5.7961    24.9728   12.72857 4.1511e+00     13.733 0.0000e+00
        447 152.493987    0.03097     1.8583    111.500  1025.0424  50773.715    31.7062     13.863    7.09903     5.7342     5.7746    24.9776   12.73425 3.8904e+00     13.994 0.0000e+00
        448 152.493990    0.03104     1.8625    111.750  1025.0502  50787.510    31.7115     14.125    7.10226     5.7183     5.7539    24.9842   12.73952 3.6487e+00     14.258 0.0000e+00
        449 152.493993    0.03111     1.8667    112.000  1025.0583  50801.822    31.7175     14.384    7.10509     5.7051     5.7353    24.9911   12.74412 3.4302e+00     14.520 0.0000e+00
        450 152.493996    0.03118     1.8708    112.250  1025.0655  50814.116    31.7227     14.637    7.10749     5.6936     5.7195    24.9970   12.74803 3.2336e+00     14.775 0.0000e+00
        451 152.493999    0.03125     1.8750    112.500  1025.0710  50823.243    31.7262     14.884    7.10955     5.6828     5.7062    25.0014   12.75138 3.0536e+00     15.025 0.0000e+00
        452 152.494002    0.03132     1.8792    112.750  1025.0748  50829.156    31.7279     15.131    7.11140     5.6719     5.6947    25.0040   12.75442 2.8858e+00     15.274 0.0000e+00
        453 152.494005    0.03139     1.8833    113.000  1025.0769  50831.908    31.7275     15.378    7.11322     5.6596     5.6840    25.0050   12.75743 2.7286e+00     15.524 0.0000e+00
        454 152.494008    0.03146     1.8875    113.250  1025.0773  50831.657    31.7249     15.628    7.11518     5.6451     5.6731    25.0043   12.76071 2.5815e+00     15.775 0.0000e+00
        455 152.494010    0.03153     1.8917    113.500  1025.0768  50829.767    31.7210     15.879    7.11743     5.6286     5.6608    25.0026   12.76448 2.4436e+00     16.029 0.0000e+00
        456 152.494013    0.03160     1.8958    113.750  1025.0770  50829.267    31.7176     16.133    7.12002     5.6113     5.6464    25.0016   12.76879 2.3132e+00     16.286 0.0000e+00
        457 152.494016    0.03167     1.9000    114.000  1025.0798  50833.695    31.7172     16.391    7.12282     5.5950     5.6299    25.0031   12.77342 2.1901e+00     16.546 0.0000e+00
        458 152.494019    0.03174     1.9042    114.250  1025.0854  50843.428    31.7202     16.650    7.12558     5.5807     5.6126    25.0076   12.77794 2.0755e+00     16.808 0.0000e+00
        459 152.494022    0.03181     1.9083    114.500  1025.0921  50854.913    31.7247     16.908    7.12811     5.5684     5.5964    25.0130   12.78207 1.9701e+00     17.068 0.0000e+00
        460 152.494025    0.03188     1.9125    114.750  1025.0981  50865.211    31.7288     17.165    7.13033     5.5576     5.5821    25.0178   12.78567 1.8724e+00     17.328 0.0000e+00
        461 152.494028    0.03194     1.9167    115.000  1025.1031  50873.349    31.7318     17.424    7.13226     5.5478     5.5698    25.0216   12.78883 1.7800e+00     17.589 0.0000e+00
        462 152.494031    0.03201     1.9208    115.250  1025.1072  50879.655    31.7338     17.690    7.13399     5.5387     5.5590    25.0244   12.79167 1.6907e+00     17.857 0.0000e+00
        463 152.494034    0.03208     1.9250    115.500  1025.1109  50885.077    31.7354     17.965    7.13557     5.5303     5.5492    25.0268   12.79425 1.6035e+00     18.134 0.0000e+00
        464 152.494036    0.03215     1.9292    115.750  1025.1145  50890.267    31.7369     18.250    7.13703     5.5228     5.5401    25.0291   12.79664 1.5189e+00     18.422 0.0000e+00
        465 152.494039    0.03222     1.9333    116.000  1025.1184  50895.763    31.7389     18.544    7.13835     5.5162     5.5317    25.0316   12.79880 1.4380e+00     18.719 0.0000e+00
        466 152.494042    0.03229     1.9375    116.250  1025.1224  50901.474    31.7411     18.840    7.13952     5.5108     5.5242    25.0343   12.80070 1.3620e+00     19.018 0.0000e+00
        467 152.494045    0.03236     1.9417    116.500  1025.1263  50906.873    31.7434     19.133    7.14052     5.5062     5.5177    25.0368   12.80232 1.2913e+00     19.314 0.0000e+00
        468 152.494048    0.03243     1.9458    116.750  1025.1298  50911.500    31.7453     19.422    7.14135     5.5023     5.5122    25.0390   12.80367 1.2255e+00     19.606 0.0000e+00
        469 152.494051    0.03250     1.9500    117.000  1025.1326  50914.775    31.7465     19.707    7.14206     5.4986     5.5077    25.0404   12.80482 1.1642e+00     19.894 0.0000e+00
        470 152.494054    0.03257     1.9542    117.250  1025.1346  50916.525    31.7468     19.990    7.14270     5.4947     5.5038    25.0410   12.80588 1.1069e+00     20.179 0.0000e+00
        471 152.494057    0.03264     1.9583    117.500  1025.1361  50917.357    31.7464     20.270    7.14334     5.4904     5.5001    25.0412   12.80694 1.0531e+00     20.462 0.0000e+00
        472 152.494060    0.03271     1.9625    117.750  1025.1374  50917.828    31.7458     20.547    7.14402     5.4856     5.4963    25.0412   12.80808 1.0025e+00     20.742 0.0000e+00
        473 152.494063    0.03278     1.9667    118.000  1025.1385  50918.128    31.7450     20.824    7.14478     5.4803     5.4920    25.0411   12.80935 9.5463e-01     21.021 0.0000e+00
        474 152.494065    0.03285     1.9708    118.250  1025.1400  50919.069    31.7446     21.102    7.14562     5.4750     5.4872    25.0412   12.81074 9.0884e-01     21.303 0.0000e+00
        475 152.494068    0.03292     1.9750    118.500  1025.1422  50921.439    31.7450     21.385    7.14649     5.4699     5.4819    25.0421   12.81218 8.6493e-01     21.588 0.0000e+00
        476 152.494071    0.03299     1.9792    118.750  1025.1450  50924.688    31.7460     21.673    7.14735     5.4653     5.4766    25.0435   12.81358 8.2290e-01     21.879 0.0000e+00
        477 152.494074    0.03306     1.9833    119.000  1025.1478  50928.034    31.7471     21.964    7.14815     5.4611     5.4715    25.0450   12.81488 7.8287e-01     22.172 0.0000e+00
        478 152.494077    0.03313     1.9875    119.250  1025.1506  50931.309    31.7482     22.256    7.14888     5.4574     5.4669    25.0464   12.81607 7.4504e-01     22.467 0.0000e+00
        479 152.494080    0.03319     1.9917    119.500  1025.1534  50934.503    31.7494     22.546    7.14953     5.4542     5.4628    25.0478   12.81713 7.0947e-01     22.760 0.0000e+00
        480 152.494083    0.03326     1.9958    119.750  1025.1562  50937.610    31.7507     22.835    7.15009     5.4516     5.4591    25.0492   12.81804 6.7617e-01     23.051 0.0000e+00
        481 152.494086    0.03333     2.0000    120.000  1025.1588  50940.478    31.7519     23.122    7.15057     5.4496     5.4560    25.0505   12.81881 6.4503e-01     23.341 0.0000e+00
        482 152.494089    0.03340     2.0042    120.250  1025.1613  50942.951    31.7529     23.406    7.15095     5.4480     5.4534    25.0517   12.81943 6.1599e-01     23.628 0.0000e+00
        483 152.494091    0.03347     2.0083    120.500  1025.1634  50944.937    31.7537     23.685    7.15125     5.4467     5.4514    25.0526   12.81992 5.8900e-01     23.910 0.0000e+00
        484 152.494094    0.03354     2.0125    120.750  1025.1653  50946.270    31.7542     23.959    7.15150     5.4454     5.4498    25.0531   12.82032 5.6387e-01     24.186 0.0000e+00
        485 152.494097    0.03361     2.0167    121.000  1025.1667  50946.849    31.7542     24.228    7.15172     5.4438     5.4485    25.0532   12.82069 5.4028e-01     24.458 0.0000e+00
        486 152.494100    0.03368     2.0208    121.250  1025.1677  50946.738    31.7537     24.496    7.15197     5.4418     5.4472    25.0530   12.82110 5.1785e-01     24.729 0.0000e+00
        487 152.494103    0.03375     2.0250    121.500  1025.1686  50946.461    31.7531     24.764    7.15226     5.4395     5.4456    25.0527   12.82160 4.9624e-01     25.000 0.0000e+00
        488 152.494106    0.03382     2.0292    121.750  1025.1697  50946.602    31.7526     25.035    7.15262     5.4369     5.4437    25.0525   12.82219 4.7538e-01     25.273 0.0000e+00
        489 152.494109    0.03389     2.0333    122.000  1025.1711  50947.177    31.7524     25.307    7.15302     5.4343     5.4414    25.0526   12.82285 4.5539e-01     25.547 0.0000e+00
        490 152.494112    0.03396     2.0375    122.250  1025.1726  50948.059    31.7524     25.578    7.15345     5.4316     5.4389    25.0529   12.82356 4.3646e-01     25.821 0.0000e+00
        491 152.494115    0.03403     2.0417    122.500  1025.1742  50949.170    31.7524     25.846    7.15390     5.4288     5.4362    25.0533   12.82430 4.1877e-01     26.092 0.0000e+00
        492 152.494117    0.03410     2.0458    122.750  1025.1758  50950.219    31.7525     26.109    7.15435     5.4258     5.4335    25.0536   12.82505 4.0238e-01     26.357 0.0000e+00
        493 152.494120    0.03417     2.0500    123.000  1025.1771  50950.867    31.7522     26.368    7.15483     5.4225     5.4308    25.0537   12.82584 3.8713e-01     26.618 0.0000e+00
        494 152.494123    0.03424     2.0542    123.250  1025.1782  50951.116    31.7516     26.623    7.15535     5.4187     5.4279    25.0536   12.82672 3.7274e-01     26.875 0.0000e+00
        495 152.494126    0.03431     2.0583    123.500  1025.1791  50951.060    31.7508     26.878    7.15595     5.4141     5.4246    25.0533   12.82772 3.5892e-01     27.134 0.0000e+00
        496 152.494129    0.03438     2.0625    123.750  1025.1799  50950.759    31.7497     27.137    7.15666     5.4087     5.4207    25.0529   12.82890 3.4556e-01     27.395 0.0000e+00
        497 152.494132    0.03444     2.0667    124.000  1025.1805  50950.405    31.7483     27.397    7.15750     5.4023     5.4161    25.0523   12.83030 3.3273e-01     27.658 0.0000e+00
        498 152.494135    0.03451     2.0708    124.250  1025.1814  50950.530    31.7472     27.654    7.15848     5.3954     5.4107    25.0520   12.83193 3.2059e-01     27.917 0.0000e+00
        499 152.494138    0.03458     2.0750    124.500  1025.1828  50951.683    31.7465     27.906    7.15958     5.3881     5.4044    25.0522   12.83376 3.0919e-01     28.171 0.0000e+00
        500 152.494141    0.03465     2.0792    124.750  1025.1846  50953.665    31.7463     28.157    7.16077     5.3809     5.3975    25.0528   12.83573 2.9835e-01     28.425 0.0000e+00
        501 152.494144    0.03472     2.0833    125.000  1025.1870  50956.714    31.7468     28.413    7.16198     5.3741     5.3902    25.0540   12.83772 2.8774e-01     28.683 0.0000e+00
        502 152.494146    0.03479     2.0875    125.250  1025.1901  50960.918    31.7480     28.681    7.16315     5.3676     5.3830    25.0558   12.83964 2.7715e-01     28.953 0.0000e+00
        503 152.494149    0.03486     2.0917    125.500  1025.1929  50964.502    31.7489     28.961    7.16427     5.3610     5.3762    25.0573   12.84147 2.6671e-01     29.236 0.0000e+00
        504 152.494152    0.03493     2.0958    125.750  1025.1948  50966.352    31.7487     29.246    7.16538     5.3536     5.3698    25.0579   12.84330 2.5679e-01     29.524 0.0000e+00
        505 152.494155    0.03500     2.1000    126.000  1025.1960  50967.006    31.7476     29.525    7.16656     5.3452     5.3631    25.0578   12.84527 2.4764e-01     29.805 0.0000e+00
        506 152.494158    0.03507     2.1042    126.250  1025.1967  50966.920    31.7459     29.793    7.16789     5.3356     5.3558    25.0572   12.84749 2.3931e-01     30.076 0.0000e+00
        507 152.494161    0.03514     2.1083    126.500  1025.1974  50966.939    31.7440     30.052    7.16940     5.3254     5.3475    25.0567   12.85002 2.3167e-01     30.338 0.0000e+00
        508 152.494164    0.03521     2.1125    126.750  1025.1990  50968.879    31.7432     30.306    7.17107     5.3152     5.3379    25.0571   12.85277 2.2449e-01     30.594 0.0000e+00
        509 152.494167    0.03528     2.1167    127.000  1025.2020  50973.219    31.7439     30.561    7.17278     5.3056     5.3276    25.0588   12.85560 2.1758e-01     30.852 0.0000e+00
        510 152.494170    0.03535     2.1208    127.250  1025.2053  50978.206    31.7451     30.826    7.17446     5.2964     5.3175    25.0609   12.85835 2.1081e-01     31.119 0.0000e+00
