CTD-processing/allCTD/CNV--homogene/2012_07-02_subbays_kbaya_cast148.cnv
* Sea-Bird SBE19plus Data File:
* FileName = C:\Documents and Settings\kris.holderied.local\My Documents\CTD-data-upload-2012-07-28\CTD5028-upload-2012-07-28-cast148.hex
* Software Version 1.54
* Temperature SN =  5028
* Conductivity SN =  5028
* System UpLoad Time = Jul 28 2012 11:56:11
** Kachemak Bay - CTD data - upload all 2012-07-28
** Date:  2012-07-02   xxxx Tide (x of 2 lines)
** Station:  Kasitisna Bay A
** Start time (AKDT-24 hr):0818
** Depth (ft):150
** Comments: At mouth
# nquan = 17
# nvalues = 498                         
# units = specified
# name 0 = scan: Scan Count
# name 1 = timeJ: Julian Days
# name 2 = timeH: Time, Elapsed [hours]
# name 3 = timeM: Time, Elapsed [minutes]
# name 4 = timeS: Time, Elapsed [seconds]
# name 5 = density00: Density [density, kg/m^3]
# name 6 = specc: Specific Conductance [uS/cm]
# name 7 = sal00: Salinity, Practical [PSU]
# name 8 = depSM: Depth [salt water, m], lat = 59.00
# name 9 = oxsolML/L: Oxygen Saturation, Garcia & Gordon [ml/l]
# name 10 = potemp090C: Potential Temperature [ITS-90, deg C]
# name 11 = tv290C: Temperature [ITS-90, deg C]
# name 12 = sigma-é00: Density [sigma-theta, kg/m^3]
# name 13 = n2satML/L: Nitrogen Saturation [ml/l]
# name 14 = par: PAR/Irradiance, Biospherical/Licor [umol photons/m^2/sec]
# name 15 = prdM: Pressure, Strain Gauge [db]
# name 16 = flag:  0.000e+00
# span 0 =          1,        498       
# span 1 = 184.346424, 184.347862       
# span 2 =    0.00000,    0.03451       
# span 3 =     0.0000,     2.0708       
# span 4 =      0.000,    124.250       
# span 5 =   999.9993,  1024.8624       
# span 6 =    780.040,  50191.607       
# span 7 =     0.3764,    31.6136       
# span 8 =     -0.056,     40.433       
# span 9 =    6.61065,    7.88239       
# span 10 =     7.4760,     9.9861      
# span 11 =     7.4797,     9.9861      
# span 12 =    -0.0004,    24.6798      
# span 13 =   11.94481,   14.47452      
# span 14 = 9.9999e-02, 5.9265e+02      
# span 15 =     -0.056,     40.819      
# span 16 = 0.0000e+00, 0.0000e+00      
# interval = seconds: 0.25
# start_time = Jul 02 2012 08:18:51 [Instrument's time stamp, header]
# bad_flag = -9.990e-29
*END*
          1 184.346424    0.00000     0.0000      0.000  1000.1596   1182.247     0.5797     -0.053    7.87319     9.9812     9.9805     0.1599   14.45597 2.1983e+02     -0.053 0.0000e+00
          2 184.346427    0.00007     0.0042      0.250  1000.1472   1151.245     0.5639     -0.053    7.87394     9.9815     9.9808     0.1474   14.45746 2.7971e+02     -0.053 0.0000e+00
          3 184.346429    0.00014     0.0083      0.500  1000.1345   1119.845     0.5479     -0.053    7.87468     9.9819     9.9811     0.1348   14.45896 3.4977e+02     -0.053 0.0000e+00
          4 184.346432    0.00021     0.0125      0.750  1000.1256   1097.654     0.5366     -0.053    7.87519     9.9822     9.9815     0.1259   14.45998 3.9041e+02     -0.053 0.0000e+00
          5 184.346435    0.00028     0.0167      1.000  1000.1225   1090.049     0.5327     -0.054    7.87532     9.9824     9.9819     0.1228   14.46026 3.9725e+02     -0.054 0.0000e+00
          6 184.346438    0.00035     0.0208      1.250  1000.1250   1096.213     0.5358     -0.054    7.87511     9.9827     9.9822     0.1253   14.45985 3.8718e+02     -0.054 0.0000e+00
          7 184.346441    0.00042     0.0250      1.500  1000.1291   1106.631     0.5411     -0.054    7.87479     9.9830     9.9824     0.1294   14.45924 3.4899e+02     -0.054 0.0000e+00
          8 184.346444    0.00049     0.0292      1.750  1000.1297   1108.212     0.5419     -0.055    7.87470     9.9833     9.9827     0.1300   14.45907 2.8850e+02     -0.055 0.0000e+00
          9 184.346447    0.00056     0.0333      2.000  1000.1246   1095.309     0.5354     -0.055    7.87498     9.9836     9.9830     0.1248   14.45964 2.4250e+02     -0.055 0.0000e+00
         10 184.346450    0.00063     0.0375      2.250  1000.1154   1072.321     0.5237     -0.055    7.87551     9.9840     9.9833     0.1156   14.46071 2.2677e+02     -0.055 0.0000e+00
         11 184.346453    0.00069     0.0417      2.500  1000.1042   1044.394     0.5095     -0.055    7.87616     9.9844     9.9836     0.1045   14.46201 2.4104e+02     -0.055 0.0000e+00
         12 184.346455    0.00076     0.0458      2.750  1000.0921   1014.162     0.4942     -0.055    7.87686     9.9848     9.9840     0.0924   14.46342 2.6058e+02     -0.055 0.0000e+00
         13 184.346458    0.00083     0.0500      3.000  1000.0805    985.196     0.4795     -0.055    7.87752     9.9851     9.9844     0.0808   14.46477 2.5660e+02     -0.055 0.0000e+00
         14 184.346461    0.00090     0.0542      3.250  1000.0708    960.702     0.4671     -0.055    7.87808     9.9854     9.9848     0.0710   14.46589 2.4491e+02     -0.055 0.0000e+00
         15 184.346464    0.00097     0.0583      3.500  1000.0629    941.063     0.4572     -0.055    7.87851     9.9856     9.9851     0.0632   14.46677 2.3041e+02     -0.055 0.0000e+00
         16 184.346467    0.00104     0.0625      3.750  1000.0567    925.426     0.4493     -0.055    7.87886     9.9858     9.9854     0.0570   14.46747 2.0686e+02     -0.055 0.0000e+00
         17 184.346470    0.00111     0.0667      4.000  1000.0522    914.067     0.4436     -0.055    7.87910     9.9859     9.9856     0.0524   14.46797 1.8889e+02     -0.055 0.0000e+00
         18 184.346473    0.00118     0.0708      4.250  1000.0479    903.171     0.4381     -0.056    7.87935     9.9860     9.9858     0.0481   14.46846 1.8135e+02     -0.056 0.0000e+00
         19 184.346476    0.00125     0.0750      4.500  1000.0404    884.298     0.4286     -0.056    7.87980     9.9861     9.9859     0.0406   14.46936 1.7947e+02     -0.056 0.0000e+00
         20 184.346479    0.00132     0.0792      4.750  1000.0288    854.964     0.4138     -0.056    7.88052     9.9861     9.9860     0.0290   14.47080 1.8064e+02     -0.056 0.0000e+00
         21 184.346481    0.00139     0.0833      5.000  1000.0154    821.082     0.3969     -0.056    7.88136     9.9861     9.9861     0.0157   14.47247 1.8128e+02     -0.056 0.0000e+00
         22 184.346484    0.00146     0.0875      5.250  1000.0044    793.015     0.3828     -0.056    7.88206     9.9860     9.9861     0.0046   14.47387 1.7846e+02     -0.056 0.0000e+00
         23 184.346487    0.00153     0.0917      5.500   999.9993    780.040     0.3764     -0.056    7.88239     9.9860     9.9861    -0.0004   14.47452 1.7359e+02     -0.056 0.0000e+00
         24 184.346490    0.00160     0.0958      5.750  1000.0010    784.312     0.3786     -0.056    7.88229     9.9859     9.9860     0.0013   14.47431 1.7052e+02     -0.056 0.0000e+00
         25 184.346493    0.00167     0.1000      6.000  1000.0100    806.918     0.3900     -0.055    7.88173     9.9858     9.9860     0.0103   14.47320 1.7177e+02     -0.055 0.0000e+00
         26 184.346496    0.00174     0.1042      6.250  1000.0295    856.094     0.4148     -0.055    7.88050     9.9858     9.9859     0.0298   14.47076 1.7709e+02     -0.055 0.0000e+00
         27 184.346499    0.00181     0.1083      6.500  1000.0592    930.933     0.4526     -0.055    7.87862     9.9858     9.9858     0.0595   14.46702 1.8362e+02     -0.055 0.0000e+00
         28 184.346502    0.00187     0.1125      6.750  1000.0900   1008.450     0.4917     -0.055    7.87666     9.9859     9.9858     0.0903   14.46313 1.8794e+02     -0.055 0.0000e+00
         29 184.346505    0.00194     0.1167      7.000  1000.1141   1069.023     0.5224     -0.056    7.87511     9.9860     9.9858     0.1144   14.46006 1.8901e+02     -0.056 0.0000e+00
         30 184.346508    0.00201     0.1208      7.250  1000.1318   1113.560     0.5450     -0.056    7.87396     9.9860     9.9859     0.1321   14.45778 1.9023e+02     -0.056 0.0000e+00
         31 184.346510    0.00208     0.1250      7.500  1000.1443   1144.697     0.5609     -0.056    7.87314     9.9860     9.9860     0.1446   14.45616 1.9830e+02     -0.056 0.0000e+00
         32 184.346513    0.00215     0.1292      7.750  1000.1508   1160.726     0.5692     -0.056    7.87272     9.9860     9.9860     0.1511   14.45532 2.1841e+02     -0.056 0.0000e+00
         33 184.346516    0.00222     0.1333      8.000  1000.1534   1166.885     0.5725     -0.056    7.87255     9.9858     9.9860     0.1537   14.45500 2.5356e+02     -0.056 0.0000e+00
         34 184.346519    0.00229     0.1375      8.250  1000.1522   1163.026     0.5710     -0.056    7.87266     9.9854     9.9860     0.1525   14.45520 3.0218e+02     -0.056 0.0000e+00
         35 184.346522    0.00236     0.1417      8.500  1000.1427   1138.003     0.5588     -0.055    7.87331     9.9848     9.9858     0.1429   14.45649 3.4429e+02     -0.055 0.0000e+00
         36 184.346525    0.00243     0.1458      8.750  1000.1231   1086.994     0.5339     -0.055    7.87465     9.9840     9.9854     0.1233   14.45912 3.6896e+02     -0.055 0.0000e+00
         37 184.346528    0.00250     0.1500      9.000  1000.0991   1023.549     0.5033     -0.055    7.87632     9.9826     9.9848     0.0993   14.46241 4.0584e+02     -0.055 0.0000e+00
         38 184.346531    0.00257     0.1542      9.250  1000.0822    975.984     0.4819     -0.055    7.87760     9.9803     9.9840     0.0825   14.46491 4.6590e+02     -0.055 0.0000e+00
         39 184.346534    0.00264     0.1583      9.500  1000.0818    966.086     0.4814     -0.054    7.87795     9.9765     9.9826     0.0820   14.46555 5.1977e+02     -0.054 0.0000e+00
         40 184.346536    0.00271     0.1625      9.750  1000.1035   1006.088     0.5091     -0.054    7.87709     9.9702     9.9803     0.1037   14.46377 5.3843e+02     -0.054 0.0000e+00
         41 184.346539    0.00278     0.1667     10.000  1000.1571   1116.958     0.5775     -0.053    7.87455     9.9597     9.9765     0.1574   14.45857 5.3544e+02     -0.053 0.0000e+00
         42 184.346542    0.00285     0.1708     10.250  1000.2600   1335.814     0.7086     -0.051    7.86945     9.9421     9.9702     0.2603   14.44819 5.5262e+02     -0.051 0.0000e+00
         43 184.346545    0.00292     0.1750     10.500  1000.4380   1716.758     0.9352     -0.049    7.86054     9.9128     9.9597     0.4383   14.43010 5.8103e+02     -0.049 0.0000e+00
         44 184.346548    0.00299     0.1792     10.750  1000.7281   2335.011     1.3047     -0.045    7.84612     9.8649     9.9421     0.7283   14.40078 5.9265e+02     -0.045 0.0000e+00
         45 184.346551    0.00306     0.1833     11.000  1001.1842   3296.802     1.8857     -0.038    7.82383     9.7966     9.9128     1.1844   14.35539 5.7929e+02     -0.039 0.0000e+00
         46 184.346554    0.00313     0.1875     11.250  1001.9005   4789.979     2.7983     -0.028    7.78932     9.7179     9.8650     1.9006   14.28500 5.5507e+02     -0.028 0.0000e+00
         47 184.346557    0.00319     0.1917     11.500  1003.0461   7161.406     4.2594     -0.012    7.73268     9.6424     9.7966     3.0462   14.17006 5.3519e+02     -0.012 0.0000e+00
         48 184.346560    0.00326     0.1958     11.750  1004.8953  10972.820     6.6218      0.010    7.63540     9.5766     9.7179     4.8953   13.97471 4.9949e+02      0.010 0.0000e+00
         49 184.346563    0.00333     0.2000     12.000  1007.8154  16951.372    10.3590      0.039    7.47299     9.5211     9.6424     7.8153   13.65159 4.3033e+02      0.040 0.0000e+00
         50 184.346565    0.00340     0.2042     12.250  1011.7940  24987.502    15.4563      0.078    7.24665     9.4749     9.5766    11.7936   13.20383 3.3902e+02      0.078 0.0000e+00
         51 184.346568    0.00347     0.2083     12.500  1015.8143  32991.541    20.6085      0.127    7.01823     9.4367     9.5211    15.8137   12.75313 2.6064e+02      0.128 0.0000e+00
         52 184.346571    0.00354     0.2125     12.750  1018.7425  38774.319    24.3597      0.186    6.85376     9.4057     9.4749    18.7417   12.42858 2.1093e+02      0.188 0.0000e+00
         53 184.346574    0.00361     0.2167     13.000  1020.5185  42277.446    26.6325      0.253    6.75567     9.3813     9.4368    20.5173   12.23455 1.7912e+02      0.255 0.0000e+00
         54 184.346577    0.00368     0.2208     13.250  1021.5890  44387.451    28.0008      0.320    6.69781     9.3632     9.4057    21.5875   12.11973 1.5746e+02      0.322 0.0000e+00
         55 184.346580    0.00375     0.2250     13.500  1022.2358  45660.940    28.8263      0.379    6.66374     9.3503     9.3814    22.2341   12.05186 1.4006e+02      0.383 0.0000e+00
         56 184.346583    0.00382     0.2292     13.750  1022.6273  46430.800    29.3251      0.427    6.64367     9.3412     9.3633    22.6253   12.01170 1.2528e+02      0.431 0.0000e+00
         57 184.346586    0.00389     0.2333     14.000  1022.8647  46897.147    29.6273      0.461    6.63181     9.3350     9.3504    22.8626   11.98787 1.1586e+02      0.466 0.0000e+00
         58 184.346589    0.00396     0.2375     14.250  1023.0089  47179.860    29.8105      0.484    6.62480     9.3306     9.3413    23.0066   11.97373 1.1201e+02      0.489 0.0000e+00
         59 184.346591    0.00403     0.2417     14.500  1023.0960  47350.586    29.9210      0.502    6.62068     9.3274     9.3351    23.0937   11.96539 1.1131e+02      0.507 0.0000e+00
         60 184.346594    0.00410     0.2458     14.750  1023.1483  47452.908    29.9871      0.523    6.61832     9.3255     9.3306    23.1459   11.96056 1.1404e+02      0.528 0.0000e+00
         61 184.346597    0.00417     0.2500     15.000  1023.1799  47514.473    30.0269      0.551    6.61697     9.3245     9.3275    23.1773   11.95778 1.2130e+02      0.557 0.0000e+00
         62 184.346600    0.00424     0.2542     15.250  1023.1993  47552.158    30.0513      0.587    6.61615     9.3239     9.3256    23.1966   11.95607 1.3411e+02      0.593 0.0000e+00
         63 184.346603    0.00431     0.2583     15.500  1023.2115  47575.592    30.0665      0.628    6.61560     9.3231     9.3246    23.2086   11.95496 1.5547e+02      0.634 0.0000e+00
         64 184.346606    0.00438     0.2625     15.750  1023.2196  47591.045    30.0766      0.669    6.61524     9.3220     9.3240    23.2165   11.95423 1.8515e+02      0.675 0.0000e+00
         65 184.346609    0.00444     0.2667     16.000  1023.2260  47602.949    30.0844      0.706    6.61501     9.3206     9.3232    23.2228   11.95374 2.1765e+02      0.712 0.0000e+00
         66 184.346612    0.00451     0.2708     16.250  1023.2321  47614.173    30.0919      0.733    6.61485     9.3192     9.3220    23.2288   11.95338 2.5137e+02      0.740 0.0000e+00
         67 184.346615    0.00458     0.2750     16.500  1023.2386  47625.974    30.0998      0.746    6.61470     9.3178     9.3207    23.2352   11.95304 2.8268e+02      0.753 0.0000e+00
         68 184.346617    0.00465     0.2792     16.750  1023.2452  47637.985    30.1079      0.742    6.61456     9.3164     9.3193    23.2418   11.95269 3.0368e+02      0.749 0.0000e+00
         69 184.346620    0.00472     0.2833     17.000  1023.2514  47649.551    30.1158      0.723    6.61442     9.3150     9.3179    23.2481   11.95237 3.2140e+02      0.730 0.0000e+00
         70 184.346623    0.00479     0.2875     17.250  1023.2574  47660.579    30.1233      0.697    6.61432     9.3141     9.3164    23.2542   11.95211 3.4619e+02      0.703 0.0000e+00
         71 184.346626    0.00486     0.2917     17.500  1023.2626  47670.125    30.1298      0.674    6.61424     9.3139     9.3151    23.2595   11.95191 3.6421e+02      0.680 0.0000e+00
         72 184.346629    0.00493     0.2958     17.750  1023.2657  47675.869    30.1337      0.665    6.61421     9.3147     9.3142    23.2627   11.95180 3.5517e+02      0.671 0.0000e+00
         73 184.346632    0.00500     0.3000     18.000  1023.2665  47677.280    30.1347      0.672    6.61418     9.3163     9.3140    23.2634   11.95175 3.2835e+02      0.678 0.0000e+00
         74 184.346635    0.00507     0.3042     18.250  1023.2663  47676.834    30.1345      0.692    6.61409     9.3190     9.3147    23.2631   11.95159 3.0739e+02      0.698 0.0000e+00
         75 184.346638    0.00514     0.3083     18.500  1023.2658  47675.969    30.1341      0.713    6.61386     9.3225     9.3164    23.2626   11.95123 2.9854e+02      0.720 0.0000e+00
         76 184.346641    0.00521     0.3125     18.750  1023.2648  47674.217    30.1332      0.727    6.61351     9.3262     9.3190    23.2615   11.95066 2.9700e+02      0.733 0.0000e+00
         77 184.346644    0.00528     0.3167     19.000  1023.2632  47671.654    30.1318      0.726    6.61305     9.3288     9.3226    23.2599   11.94990 2.9604e+02      0.733 0.0000e+00
         78 184.346646    0.00535     0.3208     19.250  1023.2614  47668.771    30.1303      0.711    6.61257     9.3295     9.3263    23.2581   11.94912 2.9205e+02      0.718 0.0000e+00
         79 184.346649    0.00542     0.3250     19.500  1023.2598  47666.337    30.1289      0.689    6.61224     9.3283     9.3289    23.2567   11.94860 2.9212e+02      0.696 0.0000e+00
         80 184.346652    0.00549     0.3292     19.750  1023.2595  47665.955    30.1288      0.671    6.61215     9.3262     9.3296    23.2564   11.94845 2.9982e+02      0.677 0.0000e+00
         81 184.346655    0.00556     0.3333     20.000  1023.2610  47668.683    30.1305      0.665    6.61225     9.3239     9.3284    23.2580   11.94859 3.1055e+02      0.671 0.0000e+00
         82 184.346658    0.00562     0.3375     20.250  1023.2639  47673.608    30.1337      0.677    6.61243     9.3222     9.3262    23.2608   11.94886 3.1484e+02      0.683 0.0000e+00
         83 184.346661    0.00569     0.3417     20.500  1023.2672  47679.281    30.1374      0.702    6.61261     9.3215     9.3240    23.2640   11.94911 3.0942e+02      0.709 0.0000e+00
         84 184.346664    0.00576     0.3458     20.750  1023.2704  47684.674    30.1409      0.731    6.61271     9.3224     9.3222    23.2670   11.94924 3.0959e+02      0.738 0.0000e+00
         85 184.346667    0.00583     0.3500     21.000  1023.2726  47688.489    30.1435      0.751    6.61270     9.3248     9.3216    23.2691   11.94918 3.1549e+02      0.758 0.0000e+00
