CTD-processing/allCTD/CNV--homogene/2012_05-31_t4_s01extra_cast083.cnv
* Sea-Bird SBE19plus Data File:
* FileName = C:\Documents and Settings\glenn.seaman\My Documents\KHolderied-files\CTD-DATA-FILES\2012-05-LTM-LowerCookInlet-CTD\Transect4-2012-05-31-Barabara\2012-05-31-Tran4-Barabara-cast083.hex
* Software Version 1.59
* Temperature SN =  5028
* Conductivity SN =  5028
* System UpLoad Time = May 31 2012 15:33:56
** LTM Transect4- Barabara to Bluff Pt
** Date: 2012-05-31
** Station:4-01 extra
** Start time (AKDT-24hr):1327
** Depth (ft):139
** Repeat station 01 off Barabara in between two transect line sampling for time series
# nquan = 17
# nvalues = 429                         
# units = specified
# name 0 = scan: Scan Count
# name 1 = timeJ: Julian Days
# name 2 = timeH: Time, Elapsed [hours]
# name 3 = timeM: Time, Elapsed [minutes]
# name 4 = timeS: Time, Elapsed [seconds]
# name 5 = density00: Density [density, kg/m^3]
# name 6 = specc: Specific Conductance [uS/cm]
# name 7 = sal00: Salinity, Practical [PSU]
# name 8 = depSM: Depth [salt water, m], lat = 59.00
# name 9 = oxsolML/L: Oxygen Saturation, Garcia & Gordon [ml/l]
# name 10 = potemp090C: Potential Temperature [ITS-90, deg C]
# name 11 = tv290C: Temperature [ITS-90, deg C]
# name 12 = sigma-é00: Density [sigma-theta, kg/m^3]
# name 13 = n2satML/L: Nitrogen Saturation [ml/l]
# name 14 = par: PAR/Irradiance, Biospherical/Licor [umol photons/m^2/sec]
# name 15 = prdM: Pressure, Strain Gauge [db]
# name 16 = flag:  0.000e+00
# span 0 =          1,        429       
# span 1 = 152.559086, 152.560324       
# span 2 =    0.00000,    0.02972       
# span 3 =     0.0000,     1.7833       
# span 4 =      0.000,    107.000       
# span 5 =  1000.0139,  1024.9634       
# span 6 =    240.788,  50560.707       
# span 7 =     0.1105,    31.6322       
# span 8 =     -0.172,     19.468       
# span 9 =    6.99680,    8.60051       
# span 10 =     6.1564,     6.6782      
# span 11 =     6.1576,     6.6783      
# span 12 =     0.0147,    24.8735      
# span 13 =   12.57321,   15.68913      
# span 14 = 1.1325e+01, 5.9407e+02      
# span 15 =     -0.174,     19.652      
# span 16 = 0.0000e+00, 0.0000e+00      
# interval = seconds: 0.25
# start_time = May 31 2012 13:25:05 [Instrument's time stamp, header]
# bad_flag = -9.990e-29
*END*
[from data line 256]
        257 152.559826    0.01778     1.0667     64.000  1024.0370  48991.313    30.6438      0.634    7.00469     6.6460     6.6455    24.0340   12.59182 3.4387e+02      0.641 0.0000e+00
        258 152.559829    0.01785     1.0708     64.250  1024.0244  48968.266    30.6279      0.623    7.00536     6.6459     6.6458    24.0215   12.59314 3.4331e+02      0.629 0.0000e+00
        259 152.559832    0.01792     1.0750     64.500  1024.0052  48932.935    30.6035      0.616    7.00645     6.6456     6.6461    24.0023   12.59525 3.4310e+02      0.622 0.0000e+00
        260 152.559835    0.01799     1.0792     64.750  1023.9855  48896.905    30.5786      0.613    7.00761     6.6449     6.6460    23.9826   12.59748 3.4339e+02      0.619 0.0000e+00
        261 152.559838    0.01806     1.0833     65.000  1023.9694  48867.253    30.5580      0.614    7.00862     6.6440     6.6457    23.9665   12.59941 3.4092e+02      0.620 0.0000e+00
        262 152.559841    0.01812     1.0875     65.250  1023.9579  48846.085    30.5433      0.617    7.00941     6.6429     6.6450    23.9549   12.60090 3.3874e+02      0.623 0.0000e+00
        263 152.559844    0.01819     1.0917     65.500  1023.9506  48832.669    30.5338      0.622    7.01000     6.6417     6.6441    23.9476   12.60199 3.4004e+02      0.628 0.0000e+00
        264 152.559847    0.01826     1.0958     65.750  1023.9473  48826.744    30.5295      0.627    7.01038     6.6404     6.6430    23.9444   12.60268 3.4115e+02      0.633 0.0000e+00
        265 152.559850    0.01833     1.1000     66.000  1023.9487  48829.368    30.5311      0.631    7.01051     6.6393     6.6417    23.9458   12.60288 3.4016e+02      0.637 0.0000e+00
        266 152.559852    0.01840     1.1042     66.250  1023.9555  48841.832    30.5395      0.633    7.01033     6.6383     6.6405    23.9525   12.60247 3.4006e+02      0.639 0.0000e+00
        267 152.559855    0.01847     1.1083     66.500  1023.9658  48860.700    30.5523      0.630    7.00992     6.6376     6.6393    23.9628   12.60163 3.4255e+02      0.636 0.0000e+00
        268 152.559858    0.01854     1.1125     66.750  1023.9741  48876.012    30.5628      0.624    7.00959     6.6369     6.6384    23.9711   12.60095 3.4471e+02      0.630 0.0000e+00
        269 152.559861    0.01861     1.1167     67.000  1023.9759  48879.478    30.5650      0.619    7.00960     6.6362     6.6377    23.9730   12.60095 3.4318e+02      0.624 0.0000e+00
        270 152.559864    0.01868     1.1208     67.250  1023.9723  48872.769    30.5603      0.617    7.00993     6.6353     6.6370    23.9694   12.60155 3.4022e+02      0.623 0.0000e+00
        271 152.559867    0.01875     1.1250     67.500  1023.9688  48866.423    30.5558      0.620    7.01026     6.6341     6.6363    23.9659   12.60214 3.4148e+02      0.626 0.0000e+00
        272 152.559870    0.01882     1.1292     67.750  1023.9705  48869.449    30.5577      0.624    7.01032     6.6328     6.6353    23.9675   12.60222 3.4658e+02      0.630 0.0000e+00
        273 152.559873    0.01889     1.1333     68.000  1023.9779  48883.031    30.5669      0.626    7.01009     6.6316     6.6341    23.9749   12.60172 3.5004e+02      0.632 0.0000e+00
        274 152.559876    0.01896     1.1375     68.250  1023.9881  48901.824    30.5797      0.624    7.00971     6.6306     6.6329    23.9851   12.60093 3.5075e+02      0.630 0.0000e+00
        275 152.559878    0.01903     1.1417     68.500  1023.9966  48917.572    30.5903      0.621    7.00940     6.6296     6.6317    23.9937   12.60030 3.5045e+02      0.626 0.0000e+00
        276 152.559881    0.01910     1.1458     68.750  1024.0031  48929.605    30.5985      0.622    7.00920     6.6286     6.6307    24.0002   12.59985 3.5041e+02      0.627 0.0000e+00
        277 152.559884    0.01917     1.1500     69.000  1024.0125  48946.800    30.6102      0.629    7.00882     6.6275     6.6297    24.0096   12.59907 3.5194e+02      0.634 0.0000e+00
        278 152.559887    0.01924     1.1542     69.250  1024.0256  48970.812    30.6266      0.637    7.00823     6.6265     6.6286    24.0226   12.59789 3.5329e+02      0.643 0.0000e+00
        279 152.559890    0.01931     1.1583     69.500  1024.0373  48992.240    30.6412      0.642    7.00773     6.6257     6.6275    24.0343   12.59688 3.5186e+02      0.648 0.0000e+00
        280 152.559893    0.01938     1.1625     69.750  1024.0453  49007.076    30.6513      0.640    7.00743     6.6250     6.6265    24.0424   12.59626 3.4813e+02      0.646 0.0000e+00
        281 152.559896    0.01944     1.1667     70.000  1024.0514  49018.355    30.6590      0.631    7.00721     6.6245     6.6257    24.0485   12.59579 3.4524e+02      0.637 0.0000e+00
        282 152.559899    0.01951     1.1708     70.250  1024.0564  49027.609    30.6653      0.623    7.00702     6.6240     6.6251    24.0535   12.59540 3.4472e+02      0.629 0.0000e+00
        283 152.559902    0.01958     1.1750     70.500  1024.0610  49036.108    30.6711      0.621    7.00684     6.6233     6.6246    24.0582   12.59502 3.4479e+02      0.627 0.0000e+00
        284 152.559905    0.01965     1.1792     70.750  1024.0661  49045.387    30.6774      0.627    7.00663     6.6226     6.6240    24.0632   12.59461 3.4395e+02      0.633 0.0000e+00
        285 152.559907    0.01972     1.1833     71.000  1024.0710  49054.307    30.6834      0.637    7.00646     6.6220     6.6234    24.0681   12.59425 3.4205e+02      0.643 0.0000e+00
        286 152.559910    0.01979     1.1875     71.250  1024.0739  49059.640    30.6870      0.645    7.00642     6.6218     6.6226    24.0709   12.59413 3.4028e+02      0.651 0.0000e+00
        287 152.559913    0.01986     1.1917     71.500  1024.0745  49060.683    30.6876      0.646    7.00648     6.6221     6.6220    24.0715   12.59423 3.3955e+02      0.653 0.0000e+00
        288 152.559916    0.01993     1.1958     71.750  1024.0745  49060.800    30.6876      0.641    7.00651     6.6226     6.6218    24.0716   12.59428 3.4101e+02      0.648 0.0000e+00
        289 152.559919    0.02000     1.2000     72.000  1024.0760  49063.467    30.6895      0.634    7.00638     6.6231     6.6221    24.0730   12.59405 3.4388e+02      0.640 0.0000e+00
        290 152.559922    0.02007     1.2042     72.250  1024.0793  49069.710    30.6940      0.628    7.00609     6.6232     6.6227    24.0764   12.59350 3.4527e+02      0.634 0.0000e+00
        291 152.559925    0.02014     1.2083     72.500  1024.0840  49078.263    30.7000      0.626    7.00572     6.6229     6.6232    24.0811   12.59282 3.4534e+02      0.632 0.0000e+00
        292 152.559928    0.02021     1.2125     72.750  1024.0887  49086.893    30.7060      0.626    7.00543     6.6221     6.6233    24.0858   12.59225 3.4436e+02      0.632 0.0000e+00
        293 152.559931    0.02028     1.2167     73.000  1024.0927  49094.149    30.7109      0.627    7.00526     6.6212     6.6230    24.0898   12.59191 3.4297e+02      0.633 0.0000e+00
        294 152.559933    0.02035     1.2208     73.250  1024.0958  49099.989    30.7148      0.628    7.00520     6.6202     6.6222    24.0929   12.59177 3.4324e+02      0.634 0.0000e+00
        295 152.559936    0.02042     1.2250     73.500  1024.0985  49104.834    30.7180      0.629    7.00521     6.6191     6.6213    24.0955   12.59174 3.4468e+02      0.636 0.0000e+00
        296 152.559939    0.02049     1.2292     73.750  1024.1007  49108.845    30.7206      0.631    7.00526     6.6182     6.6202    24.0977   12.59179 3.4600e+02      0.637 0.0000e+00
        297 152.559942    0.02056     1.2333     74.000  1024.1024  49112.058    30.7226      0.633    7.00533     6.6175     6.6192    24.0994   12.59188 3.4643e+02      0.639 0.0000e+00
        298 152.559945    0.02063     1.2375     74.250  1024.1036  49114.242    30.7240      0.634    7.00542     6.6169     6.6183    24.1006   12.59201 3.4696e+02      0.640 0.0000e+00
        299 152.559948    0.02069     1.2417     74.500  1024.1043  49115.497    30.7247      0.633    7.00551     6.6164     6.6175    24.1013   12.59215 3.4924e+02      0.639 0.0000e+00
        300 152.559951    0.02076     1.2458     74.750  1024.1050  49116.913    30.7256      0.631    7.00556     6.6160     6.6169    24.1021   12.59223 3.5144e+02      0.637 0.0000e+00
        301 152.559954    0.02083     1.2500     75.000  1024.1066  49119.823    30.7275      0.630    7.00555     6.6156     6.6164    24.1037   12.59218 3.5151e+02      0.636 0.0000e+00
        302 152.559957    0.02090     1.2542     75.250  1024.1095  49125.259    30.7312      0.630    7.00545     6.6152     6.6160    24.1066   12.59196 3.5002e+02      0.636 0.0000e+00
        303 152.559959    0.02097     1.2583     75.500  1024.1139  49133.222    30.7367      0.632    7.00526     6.6147     6.6156    24.1110   12.59159 3.4817e+02      0.638 0.0000e+00
        304 152.559962    0.02104     1.2625     75.750  1024.1185  49141.708    30.7425      0.635    7.00507     6.6143     6.6152    24.1156   12.59120 3.4692e+02      0.642 0.0000e+00
        305 152.559965    0.02111     1.2667     76.000  1024.1219  49147.872    30.7466      0.637    7.00495     6.6139     6.6147    24.1189   12.59094 3.4722e+02      0.644 0.0000e+00
        306 152.559968    0.02118     1.2708     76.250  1024.1236  49151.088    30.7488      0.636    7.00492     6.6136     6.6143    24.1207   12.59086 3.4890e+02      0.643 0.0000e+00
        307 152.559971    0.02125     1.2750     76.500  1024.1256  49154.665    30.7512      0.633    7.00486     6.6133     6.6140    24.1226   12.59074 3.5127e+02      0.639 0.0000e+00
        308 152.559974    0.02132     1.2792     76.750  1024.1302  49163.288    30.7571      0.629    7.00463     6.6131     6.6137    24.1273   12.59030 3.5168e+02      0.635 0.0000e+00
        309 152.559977    0.02139     1.2833     77.000  1024.1390  49179.329    30.7682      0.628    7.00417     6.6130     6.6134    24.1360   12.58939 3.4750e+02      0.633 0.0000e+00
        310 152.559980    0.02146     1.2875     77.250  1024.1486  49196.947    30.7803      0.631    7.00365     6.6131     6.6132    24.1456   12.58837 3.4285e+02      0.636 0.0000e+00
        311 152.559983    0.02153     1.2917     77.500  1024.1542  49207.193    30.7874      0.637    7.00334     6.6133     6.6131    24.1512   12.58777 3.4141e+02      0.643 0.0000e+00
        312 152.559986    0.02160     1.2958     77.750  1024.1576  49213.431    30.7917      0.643    7.00312     6.6135     6.6132    24.1546   12.58736 3.4211e+02      0.649 0.0000e+00
        313 152.559988    0.02167     1.3000     78.000  1024.1629  49223.107    30.7984      0.647    7.00277     6.6135     6.6134    24.1599   12.58669 3.4454e+02      0.653 0.0000e+00
        314 152.559991    0.02174     1.3042     78.250  1024.1684  49233.216    30.8055      0.645    7.00242     6.6134     6.6135    24.1654   12.58602 3.4660e+02      0.651 0.0000e+00
        315 152.559994    0.02181     1.3083     78.500  1024.1707  49237.445    30.8084      0.638    7.00229     6.6134     6.6135    24.1677   12.58577 3.4647e+02      0.644 0.0000e+00
        316 152.559997    0.02187     1.3125     78.750  1024.1696  49235.571    30.8071      0.630    7.00236     6.6134     6.6135    24.1667   12.58590 3.4525e+02      0.636 0.0000e+00
        317 152.560000    0.02194     1.3167     79.000  1024.1681  49232.815    30.8052      0.625    7.00245     6.6134     6.6135    24.1652   12.58608 3.4410e+02      0.632 0.0000e+00
        318 152.560003    0.02201     1.3208     79.250  1024.1692  49234.898    30.8066      0.628    7.00238     6.6133     6.6135    24.1664   12.58593 3.4366e+02      0.634 0.0000e+00
        319 152.560006    0.02208     1.3250     79.500  1024.1742  49243.857    30.8128      0.635    7.00209     6.6129     6.6135    24.1712   12.58538 3.4412e+02      0.641 0.0000e+00
        320 152.560009    0.02215     1.3292     79.750  1024.1814  49257.068    30.8219      0.644    7.00170     6.6125     6.6134    24.1784   12.58462 3.4498e+02      0.650 0.0000e+00
        321 152.560012    0.02222     1.3333     80.000  1024.1882  49269.460    30.8304      0.650    7.00136     6.6120     6.6130    24.1852   12.58396 3.4529e+02      0.656 0.0000e+00
        322 152.560014    0.02229     1.3375     80.250  1024.1917  49275.977    30.8349      0.649    7.00123     6.6117     6.6125    24.1887   12.58369 3.4515e+02      0.655 0.0000e+00
        323 152.560017    0.02236     1.3417     80.500  1024.1920  49276.617    30.8352      0.644    7.00129     6.6113     6.6121    24.1891   12.58377 3.4415e+02      0.651 0.0000e+00
        324 152.560020    0.02243     1.3458     80.750  1024.1932  49278.789    30.8367      0.641    7.00128     6.6105     6.6118    24.1902   12.58374 3.4252e+02      0.647 0.0000e+00
        325 152.560023    0.02250     1.3500     81.000  1024.1990  49289.361    30.8439      0.644    7.00101     6.6090     6.6113    24.1960   12.58320 3.4279e+02      0.650 0.0000e+00
        326 152.560026    0.02257     1.3542     81.250  1024.2096  49308.797    30.8572      0.655    7.00052     6.6066     6.6106    24.2066   12.58223 3.4338e+02      0.661 0.0000e+00
        327 152.560029    0.02264     1.3583     81.500  1024.2233  49333.873    30.8743      0.676    6.99997     6.6026     6.6091    24.2202   12.58110 3.3999e+02      0.683 0.0000e+00
        328 152.560032    0.02271     1.3625     81.750  1024.2400  49364.345    30.8950      0.710    6.99942     6.5961     6.6066    24.2368   12.57993 3.3371e+02      0.717 0.0000e+00
        329 152.560035    0.02278     1.3667     82.000  1024.2630  49406.139    30.9232      0.765    6.99877     6.5856     6.6026    24.2595   12.57849 3.2687e+02      0.773 0.0000e+00
        330 152.560038    0.02285     1.3708     82.250  1024.2973  49468.503    30.9651      0.851    6.99788     6.5692     6.5962    24.2934   12.57650 3.1745e+02      0.859 0.0000e+00
        331 152.560041    0.02292     1.3750     82.500  1024.3433  49552.204    31.0211      0.967    6.99701     6.5464     6.5857    24.3388   12.57435 3.0463e+02      0.976 0.0000e+00
        332 152.560043    0.02299     1.3792     82.750  1024.3950  49646.502    31.0834      1.099    6.99680     6.5185     6.5693    24.3899   12.57321 2.9117e+02      1.110 0.0000e+00
        333 152.560046    0.02306     1.3833     83.000  1024.4476  49742.451    31.1457      1.236    6.99764     6.4884     6.5465    24.4418   12.57381 2.7832e+02      1.247 0.0000e+00
        334 152.560049    0.02313     1.3875     83.250  1024.4982  49835.095    31.2047      1.372    6.99946     6.4585     6.5186    24.4918   12.57608 2.6501e+02      1.385 0.0000e+00
        335 152.560052    0.02319     1.3917     83.500  1024.5460  49922.550    31.2598      1.513    7.00182     6.4297     6.4886    24.5389   12.57929 2.5120e+02      1.528 0.0000e+00
        336 152.560055    0.02326     1.3958     83.750  1024.5905  50003.990    31.3106      1.662    7.00436     6.4028     6.4586    24.5827   12.58284 2.3814e+02      1.678 0.0000e+00
        337 152.560058    0.02333     1.4000     84.000  1024.6299  50075.926    31.3551      1.821    7.00701     6.3786     6.4298    24.6214   12.58666 2.2676e+02      1.838 0.0000e+00
        338 152.560061    0.02340     1.4042     84.250  1024.6632  50136.741    31.3922      1.991    7.00968     6.3579     6.4029    24.6539   12.59062 2.1655e+02      2.010 0.0000e+00
        339 152.560064    0.02347     1.4083     84.500  1024.6911  50187.410    31.4228      2.174    7.01222     6.3407     6.3788    24.6810   12.59442 2.0642e+02      2.194 0.0000e+00
        340 152.560067    0.02354     1.4125     84.750  1024.7143  50229.212    31.4478      2.369    7.01445     6.3264     6.3581    24.7033   12.59779 1.9610e+02      2.391 0.0000e+00
