CTD-processing/allCTD/CNV--homogene/2012_09-21_t9_s05_repeat6_cast196.cnv
* Sea-Bird SBE19plus Data File:
* FileName = C:\Documents and Settings\kris.holderied.local\My Documents\2012-CTD-DATA-new-files\2012-09-21-CTD-HomerSpit-tide-time-series-KBRRctd\2012-09-21-CTD-HomerSpit-tide-repeat6\2012-09-21-HomerSpit-tide-repeat6-LTM-cast196.hex
* Software Version 1.54
* Temperature SN =  4141
* Conductivity SN =  4141
* System UpLoad Time = Oct 11 2012 22:17:37
** Kachemak Bay Homer Spit Line - Tidal repeat6 & LTM line
** Date:  2012-09-21
** Station: 9-05
** Start time (AKDT-24 hr): 1846
** Depth (ft): 330
** Comment:Gusty winds and rain.  Maybe in diffuse front area with small debris.
# nquan = 17
# nvalues = 675                         
# units = specified
# name 0 = scan: Scan Count
# name 1 = timeJ: Julian Days
# name 2 = timeH: Time, Elapsed [hours]
# name 3 = timeM: Time, Elapsed [minutes]
# name 4 = timeS: Time, Elapsed [seconds]
# name 5 = density00: Density [density, kg/m^3]
# name 6 = specc: Specific Conductance [uS/cm]
# name 7 = sal00: Salinity, Practical [PSU]
# name 8 = depSM: Depth [salt water, m], lat = 59.00
# name 9 = oxsolML/L: Oxygen Saturation, Garcia & Gordon [ml/l]
# name 10 = potemp090C: Potential Temperature [ITS-90, deg C]
# name 11 = tv290C: Temperature [ITS-90, deg C]
# name 12 = sigma-é00: Density [sigma-theta, kg/m^3]
# name 13 = n2satML/L: Nitrogen Saturation [ml/l]
# name 14 = par: PAR/Irradiance, Biospherical/Licor
# name 15 = prdM: Pressure, Strain Gauge [db]
# name 16 = flag:  0.000e+00
# span 0 =          1,        675       
# span 1 = 265.782269, 265.784219       
# span 2 =    0.00000,    0.04681       
# span 3 =     0.0000,     2.8083       
# span 4 =      0.000,    168.500       
# span 5 =   999.9465,  1024.3303       
# span 6 =    846.302,  48863.855       
# span 7 =     0.4140,    30.9275       
# span 8 =     -0.196,     97.777       
# span 9 =    6.54279,    7.72342       
# span 10 =     9.3217,    10.8488      
# span 11 =     9.3320,    10.8488      
# span 12 =    -0.0526,    23.8816      
# span 13 =   11.82774,   14.20525      
# span 14 = 6.1502e-02, 4.4024e+01      
# span 15 =     -0.198,     98.723      
# span 16 = 0.0000e+00, 0.0000e+00      
# interval = seconds: 0.25
# start_time = Sep 21 2012 18:46:28 [Instrument's time stamp, header]
# bad_flag = -9.990e-29
*END*
[from data line 511]
        512 265.783747    0.03549     2.1292    127.750  1023.8746  48402.981    30.6603     53.842    6.54778     9.6101     9.6170    23.6276   11.83536 6.1735e-02     54.357 0.0000e+00
        513 265.783750    0.03556     2.1333    128.000  1023.8759  48403.890    30.6608     54.042    6.54783     9.6093     9.6165    23.6281   11.83544 6.1724e-02     54.559 0.0000e+00
        514 265.783753    0.03562     2.1375    128.250  1023.8774  48404.922    30.6614     54.254    6.54790     9.6084     9.6159    23.6286   11.83554 6.1721e-02     54.773 0.0000e+00
        515 265.783756    0.03569     2.1417    128.500  1023.8791  48406.089    30.6620     54.490    6.54799     9.6074     9.6151    23.6292   11.83568 6.1777e-02     55.011 0.0000e+00
        516 265.783759    0.03576     2.1458    128.750  1023.8811  48407.458    30.6627     54.753    6.54809     9.6063     9.6142    23.6299   11.83584 6.1905e-02     55.277 0.0000e+00
        517 265.783762    0.03583     2.1500    129.000  1023.8832  48409.038    30.6636     55.035    6.54819     9.6053     9.6132    23.6308   11.83600 6.2041e-02     55.561 0.0000e+00
        518 265.783764    0.03590     2.1542    129.250  1023.8854  48410.773    30.6645     55.322    6.54830     9.6043     9.6122    23.6317   11.83616 6.2133e-02     55.852 0.0000e+00
        519 265.783767    0.03597     2.1583    129.500  1023.8877  48412.632    30.6656     55.602    6.54839     9.6033     9.6113    23.6327   11.83631 6.2138e-02     56.134 0.0000e+00
        520 265.783770    0.03604     2.1625    129.750  1023.8899  48414.599    30.6667     55.864    6.54849     9.6023     9.6103    23.6337   11.83645 6.2066e-02     56.399 0.0000e+00
        521 265.783773    0.03611     2.1667    130.000  1023.8921  48416.629    30.6679     56.104    6.54858     9.6013     9.6093    23.6348   11.83658 6.1983e-02     56.641 0.0000e+00
        522 265.783776    0.03618     2.1708    130.250  1023.8943  48418.713    30.6692     56.325    6.54866     9.6001     9.6083    23.6359   11.83671 6.1936e-02     56.865 0.0000e+00
        523 265.783779    0.03625     2.1750    130.500  1023.8965  48421.038    30.6706     56.540    6.54875     9.5988     9.6073    23.6372   11.83684 6.1940e-02     57.082 0.0000e+00
        524 265.783782    0.03632     2.1792    130.750  1023.8991  48423.890    30.6723     56.760    6.54884     9.5973     9.6062    23.6388   11.83697 6.1975e-02     57.303 0.0000e+00
        525 265.783785    0.03639     2.1833    131.000  1023.9021  48427.390    30.6745     56.992    6.54893     9.5957     9.6049    23.6407   11.83710 6.2020e-02     57.538 0.0000e+00
        526 265.783788    0.03646     2.1875    131.250  1023.9054  48431.423    30.6771     57.240    6.54904     9.5941     9.6035    23.6429   11.83724 6.2077e-02     57.788 0.0000e+00
        527 265.783791    0.03653     2.1917    131.500  1023.9089  48435.605    30.6797     57.501    6.54916     9.5927     9.6019    23.6452   11.83741 6.2121e-02     58.051 0.0000e+00
        528 265.783793    0.03660     2.1958    131.750  1023.9123  48439.440    30.6821     57.771    6.54928     9.5915     9.6003    23.6473   11.83759 6.2124e-02     58.324 0.0000e+00
        529 265.783796    0.03667     2.2000    132.000  1023.9153  48442.677    30.6841     58.044    6.54940     9.5904     9.5989    23.6491   11.83776 6.2110e-02     58.600 0.0000e+00
        530 265.783799    0.03674     2.2042    132.250  1023.9180  48445.316    30.6857     58.315    6.54951     9.5896     9.5977    23.6505   11.83791 6.2110e-02     58.874 0.0000e+00
        531 265.783802    0.03681     2.2083    132.500  1023.9203  48447.442    30.6869     58.581    6.54960     9.5888     9.5967    23.6516   11.83805 6.2138e-02     59.142 0.0000e+00
        532 265.783805    0.03687     2.2125    132.750  1023.9224  48449.202    30.6879     58.840    6.54967     9.5882     9.5959    23.6526   11.83816 6.2199e-02     59.403 0.0000e+00
        533 265.783808    0.03694     2.2167    133.000  1023.9244  48450.762    30.6888     59.093    6.54974     9.5876     9.5952    23.6534   11.83826 6.2269e-02     59.659 0.0000e+00
        534 265.783811    0.03701     2.2208    133.250  1023.9263  48452.197    30.6896     59.342    6.54979     9.5871     9.5945    23.6541   11.83834 6.2304e-02     59.911 0.0000e+00
        535 265.783814    0.03708     2.2250    133.500  1023.9281  48453.522    30.6904     59.587    6.54984     9.5866     9.5940    23.6548   11.83841 6.2314e-02     60.157 0.0000e+00
        536 265.783817    0.03715     2.2292    133.750  1023.9299  48454.815    30.6911     59.827    6.54988     9.5861     9.5935    23.6555   11.83847 6.2341e-02     60.400 0.0000e+00
        537 265.783819    0.03722     2.2333    134.000  1023.9316  48456.118    30.6919     60.065    6.54993     9.5856     9.5930    23.6561   11.83853 6.2376e-02     60.641 0.0000e+00
        538 265.783822    0.03729     2.2375    134.250  1023.9334  48457.356    30.6926     60.308    6.54997     9.5851     9.5925    23.6568   11.83859 6.2388e-02     60.886 0.0000e+00
        539 265.783825    0.03736     2.2417    134.500  1023.9351  48458.455    30.6932     60.560    6.55001     9.5848     9.5921    23.6573   11.83864 6.2346e-02     61.140 0.0000e+00
        540 265.783828    0.03743     2.2458    134.750  1023.9368  48459.392    30.6937     60.823    6.55004     9.5845     9.5917    23.6578   11.83869 6.2265e-02     61.406 0.0000e+00
        541 265.783831    0.03750     2.2500    135.000  1023.9383  48460.125    30.6941     61.095    6.55007     9.5843     9.5914    23.6581   11.83874 6.2184e-02     61.681 0.0000e+00
        542 265.783834    0.03757     2.2542    135.250  1023.9398  48460.679    30.6943     61.369    6.55009     9.5841     9.5911    23.6584   11.83878 6.2139e-02     61.958 0.0000e+00
        543 265.783837    0.03764     2.2583    135.500  1023.9412  48461.161    30.6945     61.635    6.55011     9.5838     9.5909    23.6586   11.83881 6.2137e-02     62.226 0.0000e+00
        544 265.783840    0.03771     2.2625    135.750  1023.9425  48461.605    30.6947     61.884    6.55014     9.5833     9.5907    23.6587   11.83885 6.2132e-02     62.478 0.0000e+00
        545 265.783843    0.03778     2.2667    136.000  1023.9438  48462.039    30.6948     62.117    6.55017     9.5826     9.5905    23.6589   11.83890 6.2114e-02     62.713 0.0000e+00
        546 265.783845    0.03785     2.2708    136.250  1023.9451  48462.607    30.6951     62.339    6.55022     9.5814     9.5900    23.6592   11.83898 6.2094e-02     62.937 0.0000e+00
        547 265.783848    0.03792     2.2750    136.500  1023.9466  48463.556    30.6956     62.564    6.55031     9.5795     9.5893    23.6596   11.83911 6.2096e-02     63.164 0.0000e+00
        548 265.783851    0.03799     2.2792    136.750  1023.9485  48465.087    30.6964     62.806    6.55044     9.5769     9.5881    23.6604   11.83933 6.2151e-02     63.408 0.0000e+00
        549 265.783854    0.03806     2.2833    137.000  1023.9510  48467.350    30.6976     63.071    6.55066     9.5739     9.5863    23.6617   11.83967 6.2235e-02     63.676 0.0000e+00
        550 265.783857    0.03812     2.2875    137.250  1023.9541  48470.435    30.6993     63.361    6.55095     9.5707     9.5838    23.6635   11.84013 6.2310e-02     63.968 0.0000e+00
        551 265.783860    0.03819     2.2917    137.500  1023.9576  48474.131    30.7014     63.668    6.55130     9.5674     9.5807    23.6656   11.84069 6.2379e-02     64.279 0.0000e+00
        552 265.783863    0.03826     2.2958    137.750  1023.9612  48477.938    30.7035     63.986    6.55167     9.5640     9.5775    23.6677   11.84128 6.2451e-02     64.600 0.0000e+00
        553 265.783866    0.03833     2.3000    138.000  1023.9648  48481.595    30.7055     64.304    6.55206     9.5606     9.5743    23.6698   11.84189 6.2481e-02     64.921 0.0000e+00
        554 265.783869    0.03840     2.3042    138.250  1023.9684  48485.369    30.7076     64.612    6.55245     9.5573     9.5709    23.6720   11.84252 6.2450e-02     65.232 0.0000e+00
        555 265.783872    0.03847     2.3083    138.500  1023.9720  48489.453    30.7099     64.904    6.55285     9.5546     9.5675    23.6743   11.84315 6.2389e-02     65.527 0.0000e+00
        556 265.783874    0.03854     2.3125    138.750  1023.9756  48493.509    30.7122     65.182    6.55321     9.5524     9.5643    23.6766   11.84373 6.2314e-02     65.807 0.0000e+00
        557 265.783877    0.03861     2.3167    139.000  1023.9789  48497.096    30.7143     65.451    6.55352     9.5505     9.5616    23.6786   11.84422 6.2269e-02     66.080 0.0000e+00
        558 265.783880    0.03868     2.3208    139.250  1023.9818  48500.041    30.7160     65.720    6.55377     9.5489     9.5594    23.6803   11.84461 6.2285e-02     66.351 0.0000e+00
        559 265.783883    0.03875     2.3250    139.500  1023.9844  48502.397    30.7173     65.996    6.55398     9.5474     9.5576    23.6816   11.84494 6.2314e-02     66.630 0.0000e+00
        560 265.783886    0.03882     2.3292    139.750  1023.9868  48504.396    30.7184     66.282    6.55416     9.5460     9.5560    23.6827   11.84522 6.2305e-02     66.919 0.0000e+00
        561 265.783889    0.03889     2.3333    140.000  1023.9891  48506.223    30.7193     66.577    6.55433     9.5447     9.5546    23.6837   11.84549 6.2237e-02     67.216 0.0000e+00
        562 265.783892    0.03896     2.3375    140.250  1023.9914  48507.875    30.7202     66.877    6.55449     9.5433     9.5532    23.6846   11.84575 6.2149e-02     67.520 0.0000e+00
        563 265.783895    0.03903     2.3417    140.500  1023.9935  48509.358    30.7209     67.177    6.55466     9.5417     9.5518    23.6854   11.84601 6.2083e-02     67.823 0.0000e+00
        564 265.783898    0.03910     2.3458    140.750  1023.9956  48510.800    30.7216     67.472    6.55483     9.5398     9.5504    23.6862   11.84629 6.2038e-02     68.120 0.0000e+00
        565 265.783900    0.03917     2.3500    141.000  1023.9978  48512.460    30.7225     67.757    6.55502     9.5379     9.5489    23.6871   11.84660 6.2014e-02     68.408 0.0000e+00
        566 265.783903    0.03924     2.3542    141.250  1024.0002  48514.533    30.7236     68.030    6.55523     9.5359     9.5471    23.6882   11.84694 6.1998e-02     68.683 0.0000e+00
        567 265.783906    0.03931     2.3583    141.500  1024.0028  48516.926    30.7249     68.292    6.55546     9.5339     9.5451    23.6896   11.84730 6.1978e-02     68.948 0.0000e+00
        568 265.783909    0.03938     2.3625    141.750  1024.0054  48519.410    30.7262     68.550    6.55569     9.5320     9.5432    23.6910   11.84766 6.1948e-02     69.208 0.0000e+00
        569 265.783912    0.03944     2.3667    142.000  1024.0080  48521.887    30.7276     68.814    6.55591     9.5301     9.5413    23.6924   11.84800 6.1901e-02     69.475 0.0000e+00
        570 265.783915    0.03951     2.3708    142.250  1024.0107  48524.376    30.7290     69.096    6.55612     9.5282     9.5394    23.6937   11.84835 6.1855e-02     69.759 0.0000e+00
        571 265.783918    0.03958     2.3750    142.500  1024.0134  48526.879    30.7304     69.399    6.55634     9.5264     9.5375    23.6951   11.84869 6.1854e-02     70.066 0.0000e+00
        572 265.783921    0.03965     2.3792    142.750  1024.0163  48529.348    30.7317     69.719    6.55655     9.5247     9.5356    23.6965   11.84902 6.1952e-02     70.389 0.0000e+00
        573 265.783924    0.03972     2.3833    143.000  1024.0191  48531.757    30.7330     70.042    6.55674     9.5233     9.5339    23.6978   11.84933 6.2106e-02     70.715 0.0000e+00
        574 265.783927    0.03979     2.3875    143.250  1024.0218  48534.052    30.7343     70.354    6.55693     9.5221     9.5322    23.6990   11.84962 6.2205e-02     71.030 0.0000e+00
        575 265.783929    0.03986     2.3917    143.500  1024.0242  48536.079    30.7354     70.642    6.55709     9.5211     9.5308    23.7001   11.84986 6.2224e-02     71.321 0.0000e+00
        576 265.783932    0.03993     2.3958    143.750  1024.0262  48537.742    30.7363     70.903    6.55722     9.5204     9.5297    23.7010   11.85007 6.2211e-02     71.585 0.0000e+00
        577 265.783935    0.04000     2.4000    144.000  1024.0281  48539.107    30.7370     71.143    6.55732     9.5198     9.5287    23.7017   11.85024 6.2206e-02     71.827 0.0000e+00
        578 265.783938    0.04007     2.4042    144.250  1024.0297  48540.223    30.7376     71.378    6.55740     9.5195     9.5280    23.7023   11.85036 6.2206e-02     72.065 0.0000e+00
        579 265.783941    0.04014     2.4083    144.500  1024.0313  48541.056    30.7381     71.624    6.55746     9.5192     9.5275    23.7027   11.85045 6.2211e-02     72.313 0.0000e+00
        580 265.783944    0.04021     2.4125    144.750  1024.0327  48541.643    30.7383     71.893    6.55750     9.5189     9.5271    23.7029   11.85052 6.2210e-02     72.584 0.0000e+00
        581 265.783947    0.04028     2.4167    145.000  1024.0343  48542.116    30.7385     72.185    6.55753     9.5187     9.5268    23.7031   11.85057 6.2215e-02     72.879 0.0000e+00
        582 265.783950    0.04035     2.4208    145.250  1024.0359  48542.599    30.7387     72.495    6.55755     9.5186     9.5266    23.7033   11.85060 6.2292e-02     73.192 0.0000e+00
        583 265.783953    0.04042     2.4250    145.500  1024.0375  48543.073    30.7388     72.809    6.55757     9.5184     9.5264    23.7035   11.85063 6.2419e-02     73.509 0.0000e+00
        584 265.783955    0.04049     2.4292    145.750  1024.0390  48543.447    30.7390     73.114    6.55758     9.5182     9.5263    23.7036   11.85065 6.2496e-02     73.817 0.0000e+00
        585 265.783958    0.04056     2.4333    146.000  1024.0404  48543.726    30.7390     73.399    6.55760     9.5179     9.5262    23.7037   11.85067 6.2501e-02     74.105 0.0000e+00
        586 265.783961    0.04063     2.4375    146.250  1024.0416  48543.961    30.7391     73.658    6.55762     9.5174     9.5261    23.7037   11.85070 6.2488e-02     74.366 0.0000e+00
        587 265.783964    0.04069     2.4417    146.500  1024.0428  48544.314    30.7392     73.895    6.55765     9.5167     9.5258    23.7039   11.85076 6.2489e-02     74.606 0.0000e+00
        588 265.783967    0.04076     2.4458    146.750  1024.0442  48544.960    30.7395     74.124    6.55771     9.5158     9.5253    23.7042   11.85085 6.2486e-02     74.838 0.0000e+00
        589 265.783970    0.04083     2.4500    147.000  1024.0457  48545.863    30.7399     74.361    6.55779     9.5147     9.5247    23.7046   11.85097 6.2455e-02     75.076 0.0000e+00
        590 265.783973    0.04090     2.4542    147.250  1024.0475  48547.004    30.7405     74.616    6.55789     9.5133     9.5238    23.7052   11.85114 6.2401e-02     75.334 0.0000e+00
        591 265.783976    0.04097     2.4583    147.500  1024.0495  48548.469    30.7412     74.893    6.55802     9.5117     9.5226    23.7060   11.85135 6.2362e-02     75.614 0.0000e+00
        592 265.783979    0.04104     2.4625    147.750  1024.0519  48550.307    30.7422     75.187    6.55818     9.5100     9.5212    23.7070   11.85160 6.2375e-02     75.911 0.0000e+00
        593 265.783981    0.04111     2.4667    148.000  1024.0544  48552.448    30.7434     75.488    6.55836     9.5083     9.5197    23.7081   11.85187 6.2441e-02     76.215 0.0000e+00
        594 265.783984    0.04118     2.4708    148.250  1024.0571  48554.731    30.7447     75.785    6.55854     9.5066     9.5181    23.7093   11.85217 6.2506e-02     76.515 0.0000e+00
        595 265.783987    0.04125     2.4750    148.500  1024.0597  48557.020    30.7459     76.072    6.55873     9.5049     9.5164    23.7106   11.85247 6.2523e-02     76.805 0.0000e+00
