CTD-processing/allCTD/CNV--homogene/2012_07-02_t9_s10_cast173.cnv
* Sea-Bird SBE19plus Data File:
* FileName = C:\Documents and Settings\kris.holderied.local\My Documents\CTD-data-upload-2012-07-28\CTD5028-upload-2012-07-28-cast173.hex
* Software Version 1.54
* Temperature SN =  5028
* Conductivity SN =  5028
* System UpLoad Time = Jul 28 2012 12:19:49
** Kachemak Bay - CTD data - upload all 2012-07-28
** Date:  2012-07-02   xxxx Tide (x of 2 lines)
** Station: 9.10
** Start time (AKDT-24 hr):1528
** Depth (ft):210
** Comments: None
# nquan = 17
# nvalues = 504                         
# units = specified
# name 0 = scan: Scan Count
# name 1 = timeJ: Julian Days
# name 2 = timeH: Time, Elapsed [hours]
# name 3 = timeM: Time, Elapsed [minutes]
# name 4 = timeS: Time, Elapsed [seconds]
# name 5 = density00: Density [density, kg/m^3]
# name 6 = specc: Specific Conductance [uS/cm]
# name 7 = sal00: Salinity, Practical [PSU]
# name 8 = depSM: Depth [salt water, m], lat = 59.00
# name 9 = oxsolML/L: Oxygen Saturation, Garcia & Gordon [ml/l]
# name 10 = potemp090C: Potential Temperature [ITS-90, deg C]
# name 11 = tv290C: Temperature [ITS-90, deg C]
# name 12 = sigma-é00: Density [sigma-theta, kg/m^3]
# name 13 = n2satML/L: Nitrogen Saturation [ml/l]
# name 14 = par: PAR/Irradiance, Biospherical/Licor [umol photons/m^2/sec]
# name 15 = prdM: Pressure, Strain Gauge [db]
# name 16 = flag:  0.000e+00
# span 0 =          1,        504       
# span 1 = 184.645069, 184.646525       
# span 2 =    0.00000,    0.03493       
# span 3 =     0.0000,     2.0958       
# span 4 =      0.000,    125.750       
# span 5 =  1000.2289,  1025.0146       
# span 6 =   1292.606,  50368.297       
# span 7 =     0.6400,    31.5622       
# span 8 =     -0.072,     54.040       
# span 9 =    6.41609,    7.91739       
# span 10 =     6.5372,    11.1261      
# span 11 =     6.5418,    11.1262      
# span 12 =     0.2293,    24.7657      
# span 13 =   11.64064,   14.52977      
# span 14 = 5.0135e-02, 5.3237e+02      
# span 15 =     -0.073,     54.558      
# span 16 = 0.0000e+00, 0.0000e+00      
# interval = seconds: 0.25
# start_time = Jul 02 2012 15:28:54 [Instrument's time stamp, header]
# bad_flag = -9.990e-29
*END*
[from data line 256]
        257 184.645810    0.01778     1.0667     64.000  1021.9703  45498.706    28.7930      1.331    6.44339    10.8933    10.8983    21.9642   11.68470 1.3771e+02      1.344 0.0000e+00
        258 184.645813    0.01785     1.0708     64.250  1021.9726  45502.419    28.7953      1.330    6.44368    10.8921    10.8955    21.9665   11.68515 1.3826e+02      1.343 0.0000e+00
        259 184.645816    0.01792     1.0750     64.500  1021.9742  45505.101    28.7970      1.334    6.44389    10.8915    10.8935    21.9681   11.68548 1.3868e+02      1.347 0.0000e+00
        260 184.645819    0.01799     1.0792     64.750  1021.9753  45506.825    28.7981      1.342    6.44402    10.8913    10.8923    21.9692   11.68568 1.3887e+02      1.355 0.0000e+00
        261 184.645822    0.01806     1.0833     65.000  1021.9760  45507.888    28.7988      1.350    6.44408    10.8917    10.8917    21.9698   11.68577 1.3887e+02      1.363 0.0000e+00
        262 184.645825    0.01812     1.0875     65.250  1021.9763  45508.526    28.7992      1.356    6.44408    10.8923    10.8915    21.9702   11.68577 1.3897e+02      1.369 0.0000e+00
        263 184.645828    0.01819     1.0917     65.500  1021.9764  45508.761    28.7994      1.357    6.44403    10.8930    10.8918    21.9703   11.68568 1.3969e+02      1.370 0.0000e+00
        264 184.645830    0.01826     1.0958     65.750  1021.9763  45508.613    28.7994      1.354    6.44394    10.8934    10.8925    21.9701   11.68554 1.4061e+02      1.367 0.0000e+00
        265 184.645833    0.01833     1.1000     66.000  1021.9760  45508.198    28.7991      1.349    6.44385    10.8932    10.8932    21.9698   11.68540 1.4121e+02      1.362 0.0000e+00
        266 184.645836    0.01840     1.1042     66.250  1021.9758  45507.887    28.7990      1.345    6.44380    10.8922    10.8936    21.9696   11.68531 1.4136e+02      1.357 0.0000e+00
        267 184.645839    0.01847     1.1083     66.500  1021.9760  45508.307    28.7992      1.342    6.44382    10.8909    10.8934    21.9699   11.68534 1.4092e+02      1.354 0.0000e+00
        268 184.645842    0.01854     1.1125     66.750  1021.9769  45509.771    28.8002      1.342    6.44392    10.8899    10.8924    21.9708   11.68549 1.4067e+02      1.354 0.0000e+00
        269 184.645845    0.01861     1.1167     67.000  1021.9781  45511.805    28.8014      1.344    6.44405    10.8896    10.8910    21.9720   11.68569 1.4106e+02      1.357 0.0000e+00
        270 184.645848    0.01868     1.1208     67.250  1021.9792  45513.656    28.8026      1.347    6.44414    10.8902    10.8901    21.9731   11.68583 1.4147e+02      1.360 0.0000e+00
        271 184.645851    0.01875     1.1250     67.500  1021.9800  45514.950    28.8035      1.349    6.44415    10.8917    10.8898    21.9738   11.68582 1.4176e+02      1.362 0.0000e+00
        272 184.645854    0.01882     1.1292     67.750  1021.9802  45515.392    28.8039      1.349    6.44405    10.8938    10.8904    21.9740   11.68566 1.4210e+02      1.362 0.0000e+00
        273 184.645856    0.01889     1.1333     68.000  1021.9797  45514.747    28.8036      1.347    6.44386    10.8964    10.8919    21.9735   11.68535 1.4238e+02      1.360 0.0000e+00
        274 184.645859    0.01896     1.1375     68.250  1021.9788  45513.375    28.8028      1.347    6.44359    10.8994    10.8940    21.9726   11.68490 1.4252e+02      1.359 0.0000e+00
        275 184.645862    0.01903     1.1417     68.500  1021.9777  45511.804    28.8020      1.349    6.44326    10.9030    10.8966    21.9715   11.68437 1.4255e+02      1.362 0.0000e+00
        276 184.645865    0.01910     1.1458     68.750  1021.9766  45510.230    28.8012      1.357    6.44288    10.9074    10.8996    21.9703   11.68374 1.4250e+02      1.370 0.0000e+00
        277 184.645868    0.01917     1.1500     69.000  1021.9754  45508.532    28.8004      1.371    6.44241    10.9120    10.9032    21.9691   11.68297 1.4236e+02      1.384 0.0000e+00
        278 184.645871    0.01924     1.1542     69.250  1021.9738  45506.117    28.7992      1.390    6.44185    10.9155    10.9076    21.9674   11.68206 1.4207e+02      1.402 0.0000e+00
        279 184.645874    0.01931     1.1583     69.500  1021.9719  45503.225    28.7976      1.411    6.44128    10.9169    10.9121    21.9654   11.68114 1.4180e+02      1.424 0.0000e+00
        280 184.645877    0.01938     1.1625     69.750  1021.9711  45502.048    28.7971      1.438    6.44082    10.9151    10.9156    21.9645   11.68037 1.4157e+02      1.451 0.0000e+00
        281 184.645880    0.01944     1.1667     70.000  1021.9724  45504.486    28.7989      1.475    6.44055    10.9074    10.9170    21.9656   11.67991 1.4062e+02      1.489 0.0000e+00
        282 184.645883    0.01951     1.1708     70.250  1021.9762  45510.845    28.8031      1.535    6.44062    10.8889    10.9153    21.9692   11.67998 1.3757e+02      1.550 0.0000e+00
        283 184.645885    0.01958     1.1750     70.500  1021.9843  45523.795    28.8113      1.632    6.44137    10.8537    10.9076    21.9768   11.68111 1.3132e+02      1.648 0.0000e+00
        284 184.645888    0.01965     1.1792     70.750  1022.0018  45552.025    28.8291      1.778    6.44325    10.7983    10.8890    21.9937   11.68402 1.2198e+02      1.795 0.0000e+00
        285 184.645891    0.01972     1.1833     71.000  1022.0357  45607.395    28.8640      1.975    6.44674    10.7211    10.8539    22.0267   11.68939 1.1097e+02      1.994 0.0000e+00
        286 184.645894    0.01979     1.1875     71.250  1022.0913  45699.185    28.9223      2.217    6.45213    10.6211    10.7985    22.0812   11.69764 9.9903e+01      2.238 0.0000e+00
        287 184.645897    0.01986     1.1917     71.500  1022.1714  45832.455    29.0072      2.495    6.45948    10.5000    10.7214    22.1600   11.70882 8.9708e+01      2.518 0.0000e+00
        288 184.645900    0.01993     1.1958     71.750  1022.2762  46007.611    29.1189      2.800    6.46896    10.3668    10.6215    22.2633   11.72321 8.0561e+01      2.826 0.0000e+00
        289 184.645903    0.02000     1.2000     72.000  1022.3994  46213.700    29.2498      3.127    6.48066    10.2329    10.5004    22.3850   11.74105 7.2297e+01      3.156 0.0000e+00
        290 184.645906    0.02007     1.2042     72.250  1022.5275  46427.446    29.3845      3.471    6.49395    10.1003    10.3673    22.5116   11.76147 6.4756e+01      3.504 0.0000e+00
        291 184.645909    0.02014     1.2083     72.500  1022.6485  46628.493    29.5100      3.830    6.50779     9.9621    10.2333    22.6310   11.78292 5.7860e+01      3.866 0.0000e+00
        292 184.645911    0.02021     1.2125     72.750  1022.7601  46812.873    29.6236      4.200    6.52200     9.8140    10.1007    22.7408   11.80511 5.1566e+01      4.240 0.0000e+00
        293 184.645914    0.02028     1.2167     73.000  1022.8678  46990.101    29.7313      4.579    6.53731     9.6621     9.9626    22.8468   11.82919 4.5860e+01      4.623 0.0000e+00
        294 184.645917    0.02035     1.2208     73.250  1022.9772  47169.892    29.8392      4.965    6.55412     9.5202     9.8145    22.9544   11.85575 4.0725e+01      5.012 0.0000e+00
        295 184.645920    0.02042     1.2250     73.500  1023.0868  47350.095    29.9466      5.356    6.57156     9.3996     9.6627    23.0622   11.88337 3.6127e+01      5.407 0.0000e+00
        296 184.645923    0.02049     1.2292     73.750  1023.1883  47517.305    30.0459      5.751    6.58795     9.3029     9.5208    23.1618   11.90934 3.2019e+01      5.805 0.0000e+00
        297 184.645926    0.02056     1.2333     74.000  1023.2740  47658.516    30.1294      6.146    6.60197     9.2261     9.4003    23.2458   11.93156 2.8350e+01      6.205 0.0000e+00
        298 184.645929    0.02063     1.2375     74.250  1023.3416  47769.280    30.1945      6.543    6.61333     9.1629     9.3036    23.3115   11.94960 2.5077e+01      6.605 0.0000e+00
        299 184.645932    0.02069     1.2417     74.500  1023.3936  47853.763    30.2436      6.940    6.62249     9.1071     9.2268    23.3617   11.96418 2.2161e+01      7.006 0.0000e+00
        300 184.645935    0.02076     1.2458     74.750  1023.4349  47920.295    30.2817      7.337    6.63014     9.0538     9.1637    23.4012   11.97639 1.9567e+01      7.406 0.0000e+00
        301 184.645938    0.02083     1.2500     75.000  1023.4718  47979.523    30.3157      7.734    6.63690     8.9998     9.1079    23.4362   11.98717 1.7268e+01      7.807 0.0000e+00
        302 184.645940    0.02090     1.2542     75.250  1023.5116  48044.552    30.3539      8.130    6.64314     8.9450     9.0546    23.4741   11.99705 1.5245e+01      8.207 0.0000e+00
        303 184.645943    0.02097     1.2583     75.500  1023.5583  48122.249    30.4008      8.526    6.64913     8.8924     9.0006    23.5190   12.00638 1.3475e+01      8.606 0.0000e+00
        304 184.645946    0.02104     1.2625     75.750  1023.6086  48206.811    30.4523      8.921    6.65503     8.8446     8.9459    23.5675   12.01554 1.1928e+01      9.005 0.0000e+00
        305 184.645949    0.02111     1.2667     76.000  1023.6572  48288.381    30.5020      9.316    6.66071     8.8009     8.8933    23.6143   12.02434 1.0576e+01      9.404 0.0000e+00
        306 184.645952    0.02118     1.2708     76.250  1023.7014  48362.500    30.5471      9.710    6.66588     8.7570     8.8456    23.6567   12.03234 9.3926e+00      9.802 0.0000e+00
        307 184.645955    0.02125     1.2750     76.500  1023.7427  48431.702    30.5892     10.104    6.67059     8.7076     8.8019    23.6961   12.03962 8.3553e+00     10.199 0.0000e+00
        308 184.645958    0.02132     1.2792     76.750  1023.7839  48500.807    30.6312     10.497    6.67533     8.6481     8.7581    23.7355   12.04697 7.4437e+00     10.597 0.0000e+00
        309 184.645961    0.02139     1.2833     77.000  1023.8264  48572.201    30.6739     10.890    6.68089     8.5752     8.7087    23.7762   12.05566 6.6442e+00     10.993 0.0000e+00
        310 184.645964    0.02146     1.2875     77.250  1023.8710  48646.800    30.7174     11.282    6.68796     8.4874     8.6492    23.8190   12.06681 5.9467e+00     11.389 0.0000e+00
        311 184.645966    0.02153     1.2917     77.500  1023.9174  48724.057    30.7606     11.672    6.69706     8.3880     8.5763    23.8635   12.08135 5.3394e+00     11.783 0.0000e+00
        312 184.645969    0.02160     1.2958     77.750  1023.9670  48806.591    30.8053     12.061    6.70836     8.2849     8.4886    23.9114   12.09951 4.8071e+00     12.176 0.0000e+00
        313 184.645972    0.02167     1.3000     78.000  1024.0229  48900.137    30.8559     12.451    6.72120     8.1870     8.3892    23.9654   12.12015 4.3328e+00     12.569 0.0000e+00
        314 184.645975    0.02174     1.3042     78.250  1024.0831  49001.833    30.9115     12.844    6.73441     8.0991     8.2862    24.0238   12.14132 3.9039e+00     12.966 0.0000e+00
        315 184.645978    0.02181     1.3083     78.500  1024.1413  49100.338    30.9654     13.239    6.74695     8.0207     8.1883    24.0801   12.16141 3.5127e+00     13.365 0.0000e+00
        316 184.645981    0.02187     1.3125     78.750  1024.1921  49186.109    31.0118     13.637    6.75832     7.9486     8.1004    24.1290   12.17966 3.1549e+00     13.767 0.0000e+00
        317 184.645984    0.02194     1.3167     79.000  1024.2356  49259.289    31.0507     14.037    6.76860     7.8811     8.0221    24.1707   12.19619 2.8278e+00     14.170 0.0000e+00
        318 184.645987    0.02201     1.3208     79.250  1024.2757  49326.759    31.0865     14.436    6.77809     7.8180     7.9500    24.2090   12.21144 2.5288e+00     14.573 0.0000e+00
        319 184.645990    0.02208     1.3250     79.500  1024.3143  49391.810    31.1212     14.836    6.78695     7.7593     7.8824    24.2457   12.22568 2.2561e+00     14.977 0.0000e+00
        320 184.645992    0.02215     1.3292     79.750  1024.3508  49453.359    31.1540     15.236    6.79522     7.7047     7.8194    24.2803   12.23895 2.0087e+00     15.380 0.0000e+00
        321 184.645995    0.02222     1.3333     80.000  1024.3856  49512.162    31.1856     15.636    6.80288     7.6548     7.7608    24.3132   12.25124 1.7857e+00     15.784 0.0000e+00
        322 184.645998    0.02229     1.3375     80.250  1024.4201  49570.855    31.2176     16.035    6.80992     7.6109     7.7062    24.3459   12.26249 1.5856e+00     16.187 0.0000e+00
        323 184.646001    0.02236     1.3417     80.500  1024.4543  49629.000    31.2500     16.435    6.81622     7.5733     7.6563    24.3782   12.27251 1.4071e+00     16.591 0.0000e+00
        324 184.646004    0.02243     1.3458     80.750  1024.4864  49683.545    31.2807     16.835    6.82166     7.5415     7.6125    24.4084   12.28113 1.2486e+00     16.995 0.0000e+00
        325 184.646007    0.02250     1.3500     81.000  1024.5157  49733.281    31.3091     17.236    6.82625     7.5151     7.5749    24.4359   12.28836 1.1086e+00     17.399 0.0000e+00
        326 184.646010    0.02257     1.3542     81.250  1024.5427  49778.998    31.3356     17.636    6.83002     7.4930     7.5431    24.4611   12.29427 9.8530e-01     17.804 0.0000e+00
        327 184.646013    0.02264     1.3583     81.500  1024.5680  49821.641    31.3609     18.037    6.83300     7.4746     7.5167    24.4845   12.29890 8.7759e-01     18.208 0.0000e+00
        328 184.646016    0.02271     1.3625     81.750  1024.5930  49863.692    31.3864     18.437    6.83530     7.4600     7.4947    24.5076   12.30237 7.8431e-01     18.612 0.0000e+00
        329 184.646019    0.02278     1.3667     82.000  1024.6181  49906.287    31.4128     18.836    6.83699     7.4487     7.4763    24.5309   12.30484 7.0403e-01     19.015 0.0000e+00
        330 184.646021    0.02285     1.3708     82.250  1024.6397  49942.450    31.4355     19.235    6.83825     7.4384     7.4618    24.5507   12.30665 6.3499e-01     19.418 0.0000e+00
        331 184.646024    0.02292     1.3750     82.500  1024.6536  49964.437    31.4487     19.635    6.83942     7.4262     7.4505    24.5626   12.30842 5.7535e-01     19.821 0.0000e+00
        332 184.646027    0.02299     1.3792     82.750  1024.6591  49971.336    31.4516     20.033    6.84090     7.4088     7.4402    24.5663   12.31083 5.2337e-01     20.223 0.0000e+00
        333 184.646030    0.02306     1.3833     83.000  1024.6566  49963.542    31.4440     20.431    6.84316     7.3835     7.4281    24.5620   12.31465 4.7748e-01     20.625 0.0000e+00
        334 184.646033    0.02313     1.3875     83.250  1024.6490  49946.376    31.4289     20.829    6.84656     7.3509     7.4107    24.5525   12.32047 4.3626e-01     21.026 0.0000e+00
        335 184.646036    0.02319     1.3917     83.500  1024.6428  49931.834    31.4143     21.226    6.85118     7.3143     7.3855    24.5444   12.32829 3.9874e-01     21.427 0.0000e+00
        336 184.646039    0.02326     1.3958     83.750  1024.6429  49928.893    31.4066     21.622    6.85666     7.2779     7.3529    24.5427   12.33744 3.6421e-01     21.827 0.0000e+00
        337 184.646042    0.02333     1.4000     84.000  1024.6496  49937.757    31.4064     22.018    6.86241     7.2445     7.3164    24.5475   12.34696 3.3221e-01     22.226 0.0000e+00
        338 184.646045    0.02340     1.4042     84.250  1024.6606  49954.739    31.4119     22.414    6.86791     7.2166     7.2799    24.5567   12.35598 3.0261e-01     22.626 0.0000e+00
        339 184.646047    0.02347     1.4083     84.500  1024.6750  49977.964    31.4222     22.811    6.87271     7.1953     7.2465    24.5693   12.36379 2.7533e-01     23.027 0.0000e+00
        340 184.646050    0.02354     1.4125     84.750  1024.6901  50002.275    31.4342     23.209    6.87657     7.1794     7.2187    24.5824   12.37002 2.5033e-01     23.429 0.0000e+00
