CTD-processing/allCTD/CNV--homogene/2012-07-30-cookinlet-tran6-cast087-s17.cnv
* Sea-Bird SBE19plus Data File:
* FileName = C:\Documents and Settings\kris.holderied.local\My Documents\2012-07-EVOS-CookInlet-Ocean\2012-07-CookInlet-Tran6-Douglas\2012-07-31-CookInlet-Tran6-cast087.hex
* Software Version 1.54
* Temperature SN =  4141
* Conductivity SN =  4141
* System UpLoad Time = Jul 31 2012 08:19:04
** Cook Inlet LTM Transect 6 (Douglas line)  East to West
** Date:  2012-07-30
** Station:  6-17
** Start time (AKDT-24 hr): 2048
** Depth (m): 163
** Comment: 506-0.2km
# nquan = 17
# nvalues = 1045                        
# units = specified
# name 0 = scan: Scan Count
# name 1 = timeJ: Julian Days
# name 2 = timeH: Time, Elapsed [hours]
# name 3 = timeM: Time, Elapsed [minutes]
# name 4 = timeS: Time, Elapsed [seconds]
# name 5 = density00: Density [density, kg/m^3]
# name 6 = specc: Specific Conductance [uS/cm]
# name 7 = sal00: Salinity, Practical [PSU]
# name 8 = depSM: Depth [salt water, m], lat = 59.00
# name 9 = oxsolML/L: Oxygen Saturation, Garcia & Gordon [ml/l]
# name 10 = potemp090C: Potential Temperature [ITS-90, deg C]
# name 11 = tv290C: Temperature [ITS-90, deg C]
# name 12 = sigma-é00: Density [sigma-theta, kg/m^3]
# name 13 = n2satML/L: Nitrogen Saturation [ml/l]
# name 14 = par: PAR/Irradiance, Biospherical/Licor
# name 15 = prdM: Pressure, Strain Gauge [db]
# name 16 = flag:  0.000e+00
# span 0 =          1,       1045       
# span 1 = 212.867546, 212.870567       
# span 2 =    0.00000,    0.07250       
# span 3 =     0.0000,     4.3500       
# span 4 =      0.000,    261.000       
# span 5 =   999.8074,  1026.0585       
# span 6 =    192.108,  51555.733       
# span 7 =     0.0895,    32.2319       
# span 8 =     -0.071,    149.121       
# span 9 =    6.53469,    7.97145       
# span 10 =     6.0096,     9.5938      
# span 11 =     6.0218,     9.5939      
# span 12 =    -0.1923,    25.3641      
# span 13 =   11.80458,   14.62924      
# span 14 = 4.2245e-02, 2.6313e+02      
# span 15 =     -0.072,    150.583      
# span 16 = 0.0000e+00, 0.0000e+00      
# interval = seconds: 0.25
# start_time = Jul 30 2012 20:49:16 [Instrument's time stamp, header]
# bad_flag = -9.990e-29
*END*
[from data line 937]
        938 212.870258    0.06507     3.9042    234.250  1025.9448  51442.556    32.2042    135.379    6.99745     6.2291     6.2477    25.3150   12.56016 4.2359e-02    136.702 0.0000e+00
        939 212.870260    0.06514     3.9083    234.500  1025.9478  51447.321    32.2067    135.508    6.99800     6.2267     6.2436    25.3174   12.56103 4.2363e-02    136.832 0.0000e+00
        940 212.870263    0.06521     3.9125    234.750  1025.9504  51451.188    32.2087    135.633    6.99842     6.2249     6.2405    25.3194   12.56171 4.2362e-02    136.958 0.0000e+00
        941 212.870266    0.06528     3.9167    235.000  1025.9521  51453.533    32.2098    135.756    6.99875     6.2234     6.2381    25.3206   12.56224 4.2353e-02    137.083 0.0000e+00
        942 212.870269    0.06535     3.9208    235.250  1025.9533  51454.854    32.2103    135.877    6.99903     6.2219     6.2363    25.3212   12.56268 4.2339e-02    137.205 0.0000e+00
        943 212.870272    0.06542     3.9250    235.500  1025.9543  51455.749    32.2105    135.995    6.99927     6.2204     6.2348    25.3216   12.56308 4.2326e-02    137.324 0.0000e+00
        944 212.870275    0.06549     3.9292    235.750  1025.9552  51456.558    32.2107    136.108    6.99950     6.2190     6.2333    25.3219   12.56346 4.2318e-02    137.439 0.0000e+00
        945 212.870278    0.06556     3.9333    236.000  1025.9560  51457.287    32.2109    136.218    6.99973     6.2174     6.2318    25.3223   12.56383 4.2312e-02    137.550 0.0000e+00
        946 212.870281    0.06563     3.9375    236.250  1025.9566  51457.680    32.2109    136.327    6.99997     6.2156     6.2304    25.3224   12.56423 4.2315e-02    137.659 0.0000e+00
        947 212.870284    0.06569     3.9417    236.500  1025.9570  51457.614    32.2105    136.438    7.00024     6.2134     6.2289    25.3223   12.56468 4.2331e-02    137.772 0.0000e+00
        948 212.870286    0.06576     3.9458    236.750  1025.9573  51457.203    32.2098    136.560    7.00056     6.2106     6.2271    25.3220   12.56523 4.2348e-02    137.895 0.0000e+00
        949 212.870289    0.06583     3.9500    237.000  1025.9578  51457.104    32.2092    136.696    7.00096     6.2076     6.2248    25.3218   12.56589 4.2361e-02    138.033 0.0000e+00
        950 212.870292    0.06590     3.9542    237.250  1025.9588  51457.992    32.2092    136.852    7.00141     6.2045     6.2220    25.3221   12.56663 4.2378e-02    138.190 0.0000e+00
        951 212.870295    0.06597     3.9583    237.500  1025.9603  51459.485    32.2095    137.031    7.00188     6.2014     6.2190    25.3227   12.56741 4.2401e-02    138.371 0.0000e+00
        952 212.870298    0.06604     3.9625    237.750  1025.9618  51460.926    32.2098    137.231    7.00237     6.1981     6.2160    25.3234   12.56821 4.2417e-02    138.572 0.0000e+00
        953 212.870301    0.06611     3.9667    238.000  1025.9634  51462.289    32.2101    137.446    7.00287     6.1947     6.2128    25.3240   12.56904 4.2422e-02    138.790 0.0000e+00
        954 212.870304    0.06618     3.9708    238.250  1025.9651  51463.862    32.2104    137.672    7.00339     6.1913     6.2096    25.3246   12.56990 4.2418e-02    139.018 0.0000e+00
        955 212.870307    0.06625     3.9750    238.500  1025.9671  51465.847    32.2110    137.898    7.00392     6.1880     6.2062    25.3255   12.57077 4.2403e-02    139.246 0.0000e+00
        956 212.870310    0.06632     3.9792    238.750  1025.9691  51467.986    32.2117    138.114    7.00445     6.1848     6.2028    25.3265   12.57162 4.2387e-02    139.464 0.0000e+00
        957 212.870313    0.06639     3.9833    239.000  1025.9709  51469.948    32.2123    138.310    7.00496     6.1816     6.1995    25.3274   12.57245 4.2371e-02    139.662 0.0000e+00
        958 212.870315    0.06646     3.9875    239.250  1025.9725  51471.729    32.2128    138.479    7.00546     6.1786     6.1963    25.3282   12.57327 4.2352e-02    139.833 0.0000e+00
        959 212.870318    0.06653     3.9917    239.500  1025.9741  51473.790    32.2136    138.617    7.00594     6.1759     6.1931    25.3292   12.57406 4.2339e-02    139.973 0.0000e+00
        960 212.870321    0.06660     3.9958    239.750  1025.9761  51476.733    32.2150    138.726    7.00638     6.1739     6.1901    25.3306   12.57476 4.2336e-02    140.083 0.0000e+00
        961 212.870324    0.06667     4.0000    240.000  1025.9782  51480.067    32.2167    138.811    7.00673     6.1725     6.1874    25.3323   12.57533 4.2332e-02    140.168 0.0000e+00
        962 212.870327    0.06674     4.0042    240.250  1025.9799  51482.759    32.2181    138.877    7.00700     6.1715     6.1854    25.3337   12.57575 4.2329e-02    140.236 0.0000e+00
        963 212.870330    0.06681     4.0083    240.500  1025.9810  51484.245    32.2189    138.935    7.00719     6.1704     6.1840    25.3345   12.57606 4.2328e-02    140.293 0.0000e+00
        964 212.870333    0.06688     4.0125    240.750  1025.9811  51484.162    32.2186    138.991    7.00737     6.1685     6.1830    25.3344   12.57636 4.2322e-02    140.350 0.0000e+00
        965 212.870336    0.06694     4.0167    241.000  1025.9805  51482.478    32.2172    139.055    7.00761     6.1656     6.1819    25.3334   12.57678 4.2322e-02    140.414 0.0000e+00
        966 212.870339    0.06701     4.0208    241.250  1025.9795  51480.247    32.2152    139.131    7.00800     6.1618     6.1801    25.3321   12.57745 4.2337e-02    140.491 0.0000e+00
        967 212.870341    0.06708     4.0250    241.500  1025.9794  51479.419    32.2141    139.223    7.00853     6.1577     6.1772    25.3315   12.57834 4.2355e-02    140.585 0.0000e+00
        968 212.870344    0.06715     4.0292    241.750  1025.9806  51480.974    32.2143    139.333    7.00914     6.1539     6.1734    25.3322   12.57934 4.2369e-02    140.696 0.0000e+00
        969 212.870347    0.06722     4.0333    242.000  1025.9828  51484.322    32.2158    139.459    7.00975     6.1508     6.1693    25.3338   12.58032 4.2384e-02    140.823 0.0000e+00
        970 212.870350    0.06729     4.0375    242.250  1025.9855  51488.344    32.2177    139.599    7.01028     6.1485     6.1655    25.3359   12.58118 4.2396e-02    140.965 0.0000e+00
        971 212.870353    0.06736     4.0417    242.500  1025.9881  51492.166    32.2197    139.753    7.01069     6.1468     6.1624    25.3378   12.58184 4.2400e-02    141.120 0.0000e+00
        972 212.870356    0.06743     4.0458    242.750  1025.9905  51495.352    32.2214    139.915    7.01099     6.1457     6.1601    25.3394   12.58232 4.2399e-02    141.283 0.0000e+00
        973 212.870359    0.06750     4.0500    243.000  1025.9925  51497.774    32.2227    140.080    7.01120     6.1451     6.1585    25.3406   12.58264 4.2396e-02    141.450 0.0000e+00
        974 212.870362    0.06757     4.0542    243.250  1025.9941  51499.509    32.2236    140.243    7.01133     6.1448     6.1574    25.3415   12.58285 4.2394e-02    141.614 0.0000e+00
        975 212.870365    0.06764     4.0583    243.500  1025.9954  51500.569    32.2241    140.399    7.01141     6.1446     6.1568    25.3420   12.58297 4.2398e-02    141.773 0.0000e+00
        976 212.870367    0.06771     4.0625    243.750  1025.9962  51500.954    32.2242    140.549    7.01146     6.1443     6.1565    25.3421   12.58305 4.2410e-02    141.924 0.0000e+00
        977 212.870370    0.06778     4.0667    244.000  1025.9967  51500.838    32.2241    140.694    7.01150     6.1439     6.1563    25.3420   12.58312 4.2420e-02    142.070 0.0000e+00
        978 212.870373    0.06785     4.0708    244.250  1025.9971  51500.437    32.2237    140.837    7.01156     6.1433     6.1560    25.3417   12.58321 4.2420e-02    142.215 0.0000e+00
        979 212.870376    0.06792     4.0750    244.500  1025.9975  51499.967    32.2232    140.986    7.01164     6.1425     6.1557    25.3414   12.58335 4.2417e-02    142.366 0.0000e+00
        980 212.870379    0.06799     4.0792    244.750  1025.9980  51499.626    32.2228    141.147    7.01175     6.1416     6.1551    25.3411   12.58355 4.2420e-02    142.528 0.0000e+00
        981 212.870382    0.06806     4.0833    245.000  1025.9987  51499.697    32.2226    141.323    7.01189     6.1406     6.1543    25.3411   12.58379 4.2436e-02    142.706 0.0000e+00
        982 212.870385    0.06813     4.0875    245.250  1025.9999  51500.368    32.2227    141.513    7.01204     6.1397     6.1533    25.3413   12.58403 4.2455e-02    142.898 0.0000e+00
        983 212.870388    0.06819     4.0917    245.500  1026.0012  51501.266    32.2231    141.711    7.01218     6.1388     6.1524    25.3417   12.58426 4.2454e-02    143.098 0.0000e+00
        984 212.870391    0.06826     4.0958    245.750  1026.0023  51501.833    32.2232    141.908    7.01232     6.1378     6.1515    25.3419   12.58449 4.2432e-02    143.297 0.0000e+00
        985 212.870394    0.06833     4.1000    246.000  1026.0032  51501.939    32.2230    142.096    7.01247     6.1366     6.1507    25.3419   12.58474 4.2414e-02    143.487 0.0000e+00
        986 212.870396    0.06840     4.1042    246.250  1026.0037  51501.617    32.2225    142.263    7.01266     6.1349     6.1497    25.3416   12.58504 4.2409e-02    143.656 0.0000e+00
        987 212.870399    0.06847     4.1083    246.500  1026.0038  51500.784    32.2216    142.403    7.01290     6.1326     6.1484    25.3410   12.58546 4.2404e-02    143.797 0.0000e+00
        988 212.870402    0.06854     4.1125    246.750  1026.0037  51500.014    32.2207    142.509    7.01323     6.1301     6.1467    25.3405   12.58600 4.2396e-02    143.904 0.0000e+00
        989 212.870405    0.06861     4.1167    247.000  1026.0044  51500.860    32.2208    142.580    7.01360     6.1283     6.1444    25.3409   12.58661 4.2383e-02    143.976 0.0000e+00
        990 212.870408    0.06868     4.1208    247.250  1026.0063  51504.101    32.2225    142.618    7.01392     6.1277     6.1420    25.3425   12.58712 4.2365e-02    144.014 0.0000e+00
        991 212.870411    0.06875     4.1250    247.500  1026.0087  51508.529    32.2253    142.628    7.01409     6.1282     6.1402    25.3449   12.58738 4.2347e-02    144.024 0.0000e+00
        992 212.870414    0.06882     4.1292    247.750  1026.0103  51511.570    32.2273    142.618    7.01410     6.1289     6.1396    25.3466   12.58736 4.2332e-02    144.014 0.0000e+00
        993 212.870417    0.06889     4.1333    248.000  1026.0103  51511.622    32.2274    142.598    7.01401     6.1292     6.1400    25.3466   12.58722 4.2323e-02    143.993 0.0000e+00
        994 212.870420    0.06896     4.1375    248.250  1026.0092  51509.686    32.2262    142.580    7.01395     6.1288     6.1407    25.3456   12.58713 4.2326e-02    143.975 0.0000e+00
        995 212.870422    0.06903     4.1417    248.500  1026.0079  51507.343    32.2246    142.578    7.01397     6.1276     6.1410    25.3443   12.58719 4.2337e-02    143.973 0.0000e+00
        996 212.870425    0.06910     4.1458    248.750  1026.0068  51505.238    32.2231    142.606    7.01412     6.1257     6.1406    25.3431   12.58745 4.2350e-02    144.001 0.0000e+00
        997 212.870428    0.06917     4.1500    249.000  1026.0064  51503.918    32.2219    142.673    7.01437     6.1235     6.1395    25.3424   12.58788 4.2368e-02    144.069 0.0000e+00
        998 212.870431    0.06924     4.1542    249.250  1026.0067  51503.754    32.2214    142.789    7.01469     6.1210     6.1376    25.3422   12.58842 4.2390e-02    144.187 0.0000e+00
        999 212.870434    0.06931     4.1583    249.500  1026.0074  51503.819    32.2209    142.956    7.01508     6.1179     6.1354    25.3420   12.58906 4.2420e-02    144.355 0.0000e+00
       1000 212.870437    0.06938     4.1625    249.750  1026.0076  51502.538    32.2194    143.170    7.01555     6.1134     6.1330    25.3412   12.58987 4.2450e-02    144.571 0.0000e+00
       1001 212.870440    0.06944     4.1667    250.000  1026.0070  51499.730    32.2167    143.421    7.01620     6.1073     6.1298    25.3394   12.59097 4.2465e-02    144.825 0.0000e+00
       1002 212.870443    0.06951     4.1708    250.250  1026.0067  51497.273    32.2139    143.697    7.01706     6.1003     6.1253    25.3378   12.59242 4.2468e-02    145.104 0.0000e+00
       1003 212.870446    0.06958     4.1750    250.500  1026.0082  51498.186    32.2132    143.983    7.01808     6.0938     6.1193    25.3380   12.59413 4.2479e-02    145.393 0.0000e+00
       1004 212.870448    0.06965     4.1792    250.750  1026.0122  51503.550    32.2154    144.267    7.01912     6.0886     6.1123    25.3406   12.59582 4.2497e-02    145.679 0.0000e+00
       1005 212.870451    0.06972     4.1833    251.000  1026.0172  51510.969    32.2191    144.535    7.02003     6.0848     6.1057    25.3443   12.59726 4.2489e-02    145.951 0.0000e+00
       1006 212.870454    0.06979     4.1875    251.250  1026.0216  51517.481    32.2225    144.778    7.02072     6.0821     6.1006    25.3476   12.59836 4.2466e-02    146.195 0.0000e+00
       1007 212.870457    0.06986     4.1917    251.500  1026.0246  51521.621    32.2245    144.983    7.02124     6.0797     6.0969    25.3497   12.59919 4.2456e-02    146.403 0.0000e+00
       1008 212.870460    0.06993     4.1958    251.750  1026.0263  51523.622    32.2253    145.146    7.02166     6.0775     6.0941    25.3506   12.59988 4.2448e-02    146.567 0.0000e+00
       1009 212.870463    0.07000     4.2000    252.000  1026.0277  51525.336    32.2260    145.264    7.02203     6.0759     6.0917    25.3514   12.60047 4.2447e-02    146.687 0.0000e+00
       1010 212.870466    0.07007     4.2042    252.250  1026.0296  51528.371    32.2276    145.343    7.02231     6.0752     6.0895    25.3530   12.60093 4.2454e-02    146.767 0.0000e+00
       1011 212.870469    0.07014     4.2083    252.500  1026.0317  51531.950    32.2297    145.391    7.02248     6.0752     6.0879    25.3549   12.60117 4.2456e-02    146.815 0.0000e+00
       1012 212.870472    0.07021     4.2125    252.750  1026.0330  51534.116    32.2311    145.420    7.02253     6.0754     6.0872    25.3560   12.60124 4.2446e-02    146.845 0.0000e+00
       1013 212.870475    0.07028     4.2167    253.000  1026.0332  51534.279    32.2312    145.446    7.02252     6.0753     6.0872    25.3561   12.60122 4.2432e-02    146.871 0.0000e+00
       1014 212.870477    0.07035     4.2208    253.250  1026.0327  51533.070    32.2304    145.481    7.02252     6.0747     6.0874    25.3555   12.60124 4.2426e-02    146.906 0.0000e+00
       1015 212.870480    0.07042     4.2250    253.500  1026.0320  51531.345    32.2291    145.535    7.02259     6.0736     6.0874    25.3545   12.60137 4.2424e-02    146.961 0.0000e+00
       1016 212.870483    0.07049     4.2292    253.750  1026.0316  51530.162    32.2281    145.613    7.02273     6.0723     6.0868    25.3538   12.60162 4.2428e-02    147.040 0.0000e+00
       1017 212.870486    0.07056     4.2333    254.000  1026.0321  51530.269    32.2279    145.715    7.02293     6.0711     6.0856    25.3538   12.60194 4.2437e-02    147.143 0.0000e+00
       1018 212.870489    0.07062     4.2375    254.250  1026.0332  51531.456    32.2284    145.835    7.02312     6.0703     6.0843    25.3543   12.60225 4.2449e-02    147.264 0.0000e+00
       1019 212.870492    0.07069     4.2417    254.500  1026.0346  51532.995    32.2292    145.963    7.02327     6.0698     6.0831    25.3551   12.60250 4.2458e-02    147.394 0.0000e+00
       1020 212.870495    0.07076     4.2458    254.750  1026.0359  51534.352    32.2300    146.095    7.02337     6.0696     6.0823    25.3557   12.60266 4.2457e-02    147.527 0.0000e+00
       1021 212.870498    0.07083     4.2500    255.000  1026.0369  51535.317    32.2305    146.228    7.02343     6.0695     6.0818    25.3562   12.60274 4.2452e-02    147.661 0.0000e+00
