CTD-processing/allCTD/CNV--homogene/2012-10-29-cookinlet-tran3-cast047-s02.cnv
* Sea-Bird SBE19plus Data File:
* FileName = C:\Documents and Settings\kris.holderied.local\My Documents\2012-CTD-DATA-new-files\2012-10-CookInlet-LTM\2012-10-29-LTM-CookInlet-Tran3-AnchorPt\2012-10-29-CookInlet-Tran3-cast047.hex
* Software Version 1.54
* Temperature SN =  4141
* Conductivity SN =  4141
* System UpLoad Time = Nov 20 2012 18:17:06
** Cook Inlet EVOSTC Transect 3 Anchor Pt west to east
** Date:  29 Oct 2012
** Station:  3-02
** Start time (AKDT-24 hr):  0907
** Depth (m):  27
** Comment:
# nquan = 17
# nvalues = 666                         
# units = specified
# name 0 = scan: Scan Count
# name 1 = timeJ: Julian Days
# name 2 = timeH: Time, Elapsed [hours]
# name 3 = timeM: Time, Elapsed [minutes]
# name 4 = timeS: Time, Elapsed [seconds]
# name 5 = density00: Density [density, kg/m^3]
# name 6 = specc: Specific Conductance [uS/cm]
# name 7 = sal00: Salinity, Practical [PSU]
# name 8 = depSM: Depth [salt water, m], lat = 59.00
# name 9 = oxsolML/L: Oxygen Saturation, Garcia & Gordon [ml/l]
# name 10 = potemp090C: Potential Temperature [ITS-90, deg C]
# name 11 = tv290C: Temperature [ITS-90, deg C]
# name 12 = sigma-é00: Density [sigma-theta, kg/m^3]
# name 13 = n2satML/L: Nitrogen Saturation [ml/l]
# name 14 = par: PAR/Irradiance, Biospherical/Licor
# name 15 = prdM: Pressure, Strain Gauge [db]
# name 16 = flag:  0.000e+00
# span 0 =          1,        666       
# span 1 = 303.379954, 303.381878       
# span 2 =    0.00000,    0.04618       
# span 3 =     0.0000,     2.7708       
# span 4 =      0.000,    166.250       
# span 5 =  1000.2147,  1022.5346       
# span 6 =    698.578,  46043.507       
# span 7 =     0.3303,    28.6977       
# span 8 =     -0.067,     22.626       
# span 9 =    6.99888,    8.74928       
# span 10 =     5.6534,     7.2309      
# span 11 =     5.6534,     7.2328      
# span 12 =     0.2151,    22.4298      
# span 13 =   12.60692,   15.93595      
# span 14 = 4.3546e-02, 9.0674e+00      
# span 15 =     -0.067,     22.841      
# span 16 = 0.0000e+00, 0.0000e+00      
# interval = seconds: 0.25
# start_time = Oct 29 2012 09:07:08 [Instrument's time stamp, header]
# bad_flag = -9.990e-29
*END*
[from data line 256]
        257 303.380694    0.01778     1.0667     64.000  1021.8928  45020.894    27.9482      1.557    7.09328     6.8402     6.8681    21.8855   12.77285 1.1605e+00      1.572 0.0000e+00
        258 303.380697    0.01785     1.0708     64.250  1021.8827  45001.654    27.9328      1.618    7.09631     6.8296     6.8542    21.8751   12.77806 1.0970e+00      1.633 0.0000e+00
        259 303.380700    0.01792     1.0750     64.500  1021.8754  44987.787    27.9212      1.674    7.09914     6.8228     6.8403    21.8676   12.78291 1.0568e+00      1.690 0.0000e+00
        260 303.380703    0.01799     1.0792     64.750  1021.8698  44977.004    27.9121      1.710    7.10132     6.8178     6.8297    21.8618   12.78663 1.0394e+00      1.726 0.0000e+00
        261 303.380706    0.01806     1.0833     65.000  1021.8639  44965.977    27.9035      1.716    7.10286     6.8119     6.8229    21.8559   12.78929 1.0497e+00      1.732 0.0000e+00
        262 303.380709    0.01812     1.0875     65.250  1021.8596  44958.327    27.8975      1.691    7.10397     6.8037     6.8179    21.8518   12.79121 1.0959e+00      1.707 0.0000e+00
        263 303.380712    0.01819     1.0917     65.500  1021.8612  44961.679    27.8989      1.639    7.10487     6.7946     6.8120    21.8536   12.79269 1.1774e+00      1.655 0.0000e+00
        264 303.380715    0.01826     1.0958     65.750  1021.8713  44981.084    27.9110      1.574    7.10567     6.7886     6.8038    21.8640   12.79386 1.2763e+00      1.589 0.0000e+00
        265 303.380718    0.01833     1.1000     66.000  1021.8900  45016.318    27.9337      1.512    7.10612     6.7890     6.7947    21.8830   12.79431 1.3509e+00      1.526 0.0000e+00
        266 303.380720    0.01840     1.1042     66.250  1021.9144  45062.057    27.9641      1.472    7.10571     6.7968     6.7887    21.9076   12.79323 1.3584e+00      1.486 0.0000e+00
        267 303.380723    0.01847     1.1083     66.500  1021.9392  45108.129    27.9957      1.467    7.10416     6.8100     6.7891    21.9324   12.79026 1.3024e+00      1.481 0.0000e+00
        268 303.380726    0.01854     1.1125     66.750  1021.9567  45140.369    28.0189      1.501    7.10177     6.8246     6.7970    21.9497   12.78601 1.2232e+00      1.515 0.0000e+00
        269 303.380729    0.01861     1.1167     67.000  1021.9614  45148.425    28.0265      1.562    7.09923     6.8374     6.8102    21.9541   12.78170 1.1438e+00      1.576 0.0000e+00
        270 303.380732    0.01868     1.1208     67.250  1021.9543  45134.771    28.0193      1.630    7.09715     6.8472     6.8247    21.9467   12.77834 1.0790e+00      1.646 0.0000e+00
        271 303.380735    0.01875     1.1250     67.500  1021.9411  45109.670    28.0041      1.688    7.09574     6.8538     6.8375    21.9332   12.77621 1.0475e+00      1.704 0.0000e+00
        272 303.380738    0.01882     1.1292     67.750  1021.9251  45079.665    27.9851      1.720    7.09500     6.8567     6.8473    21.9170   12.77523 1.0509e+00      1.737 0.0000e+00
        273 303.380741    0.01889     1.1333     68.000  1021.9092  45050.178    27.9660      1.721    7.09480     6.8554     6.8539    21.9012   12.77514 1.0817e+00      1.737 0.0000e+00
        274 303.380744    0.01896     1.1375     68.250  1021.8984  45030.350    27.9529      1.690    7.09493     6.8507     6.8568    21.8905   12.77553 1.1354e+00      1.706 0.0000e+00
        275 303.380747    0.01903     1.1417     68.500  1021.8963  45026.754    27.9502      1.635    7.09526     6.8450     6.8555    21.8886   12.77610 1.1983e+00      1.651 0.0000e+00
        276 303.380749    0.01910     1.1458     68.750  1021.9035  45040.627    27.9590      1.573    7.09564     6.8414     6.8508    21.8961   12.77661 1.2579e+00      1.588 0.0000e+00
        277 303.380752    0.01917     1.1500     69.000  1021.9178  45067.778    27.9767      1.521    7.09576     6.8415     6.8451    21.9107   12.77659 1.3009e+00      1.536 0.0000e+00
        278 303.380755    0.01924     1.1542     69.250  1021.9341  45098.318    27.9971      1.493    7.09540     6.8447     6.8415    21.9272   12.77574 1.2976e+00      1.507 0.0000e+00
        279 303.380758    0.01931     1.1583     69.500  1021.9463  45120.956    28.0126      1.494    7.09466     6.8494     6.8416    21.9394   12.77432 1.2471e+00      1.508 0.0000e+00
        280 303.380761    0.01938     1.1625     69.750  1021.9510  45129.322    28.0188      1.521    7.09384     6.8538     6.8448    21.9439   12.77287 1.1793e+00      1.535 0.0000e+00
        281 303.380764    0.01944     1.1667     70.000  1021.9485  45124.339    28.0160      1.562    7.09319     6.8575     6.8495    21.9412   12.77184 1.1188e+00      1.577 0.0000e+00
        282 303.380767    0.01951     1.1708     70.250  1021.9412  45110.404    28.0072      1.606    7.09288     6.8610     6.8539    21.9337   12.77143 1.0783e+00      1.621 0.0000e+00
        283 303.380770    0.01958     1.1750     70.500  1021.9314  45092.050    27.9952      1.641    7.09281     6.8639     6.8576    21.9238   12.77148 1.0617e+00      1.656 0.0000e+00
        284 303.380773    0.01965     1.1792     70.750  1021.9209  45072.285    27.9822      1.659    7.09285     6.8660     6.8611    21.9131   12.77171 1.0705e+00      1.675 0.0000e+00
        285 303.380775    0.01972     1.1833     71.000  1021.9114  45054.705    27.9706      1.658    7.09290     6.8669     6.8640    21.9037   12.77193 1.1058e+00      1.674 0.0000e+00
        286 303.380778    0.01979     1.1875     71.250  1021.9059  45044.709    27.9641      1.639    7.09286     6.8669     6.8661    21.8983   12.77195 1.1604e+00      1.655 0.0000e+00
        287 303.380781    0.01986     1.1917     71.500  1021.9065  45045.985    27.9652      1.610    7.09267     6.8671     6.8670    21.8990   12.77162 1.2128e+00      1.625 0.0000e+00
        288 303.380784    0.01993     1.1958     71.750  1021.9133  45058.905    27.9740      1.582    7.09225     6.8684     6.8670    21.9060   12.77081 1.2420e+00      1.597 0.0000e+00
        289 303.380787    0.02000     1.2000     72.000  1021.9248  45080.251    27.9887      1.565    7.09153     6.8706     6.8672    21.9175   12.76944 1.2460e+00      1.580 0.0000e+00
        290 303.380790    0.02007     1.2042     72.250  1021.9373  45103.458    28.0047      1.565    7.09057     6.8725     6.8685    21.9300   12.76764 1.2216e+00      1.580 0.0000e+00
        291 303.380793    0.02014     1.2083     72.500  1021.9463  45120.016    28.0164      1.581    7.08966     6.8726     6.8707    21.9389   12.76598 1.1702e+00      1.596 0.0000e+00
        292 303.380796    0.02021     1.2125     72.750  1021.9486  45124.151    28.0195      1.606    7.08920     6.8705     6.8726    21.9411   12.76518 1.1152e+00      1.621 0.0000e+00
        293 303.380799    0.02028     1.2167     73.000  1021.9446  45116.511    28.0143      1.628    7.08943     6.8669     6.8727    21.9369   12.76562 1.0720e+00      1.643 0.0000e+00
        294 303.380802    0.02035     1.2208     73.250  1021.9362  45100.943    28.0033      1.636    7.09028     6.8623     6.8706    21.9285   12.76718 1.0554e+00      1.652 0.0000e+00
        295 303.380804    0.02042     1.2250     73.500  1021.9265  45083.021    27.9905      1.626    7.09149     6.8572     6.8670    21.9189   12.76934 1.0788e+00      1.641 0.0000e+00
        296 303.380807    0.02049     1.2292     73.750  1021.9190  45069.314    27.9804      1.598    7.09271     6.8514     6.8624    21.9115   12.77150 1.1337e+00      1.613 0.0000e+00
        297 303.380810    0.02056     1.2333     74.000  1021.9157  45063.539    27.9757      1.560    7.09379     6.8446     6.8573    21.9084   12.77334 1.2010e+00      1.575 0.0000e+00
        298 303.380813    0.02063     1.2375     74.250  1021.9164  45065.002    27.9758      1.526    7.09474     6.8361     6.8515    21.9092   12.77491 1.2561e+00      1.541 0.0000e+00
        299 303.380816    0.02069     1.2417     74.500  1021.9175  45067.254    27.9763      1.510    7.09584     6.8257     6.8447    21.9104   12.77674 1.2714e+00      1.525 0.0000e+00
        300 303.380819    0.02076     1.2458     74.750  1021.9153  45063.093    27.9722      1.523    7.09744     6.8134     6.8363    21.9082   12.77943 1.2314e+00      1.538 0.0000e+00
        301 303.380822    0.02083     1.2500     75.000  1021.9110  45054.696    27.9648      1.565    7.09952     6.8003     6.8258    21.9037   12.78297 1.1488e+00      1.580 0.0000e+00
        302 303.380825    0.02090     1.2542     75.250  1021.9082  45049.081    27.9590      1.626    7.10182     6.7875     6.8136    21.9006   12.78685 1.0638e+00      1.641 0.0000e+00
        303 303.380828    0.02097     1.2583     75.500  1021.9083  45048.769    27.9567      1.685    7.10410     6.7761     6.8005    21.9004   12.79066 1.0084e+00      1.701 0.0000e+00
        304 303.380830    0.02104     1.2625     75.750  1021.9113  45054.156    27.9584      1.724    7.10615     6.7669     6.7876    21.9032   12.79404 9.8972e-01      1.741 0.0000e+00
        305 303.380833    0.02111     1.2667     76.000  1021.9165  45063.887    27.9633      1.731    7.10781     6.7597     6.7763    21.9084   12.79672 1.0084e+00      1.748 0.0000e+00
        306 303.380836    0.02118     1.2708     76.250  1021.9218  45073.935    27.9687      1.703    7.10909     6.7544     6.7670    21.9138   12.79878 1.0641e+00      1.719 0.0000e+00
        307 303.380839    0.02125     1.2750     76.500  1021.9257  45081.709    27.9729      1.645    7.11008     6.7508     6.7598    21.9180   12.80036 1.1466e+00      1.660 0.0000e+00
        308 303.380842    0.02132     1.2792     76.750  1021.9280  45086.760    27.9756      1.569    7.11085     6.7492     6.7545    21.9207   12.80160 1.2377e+00      1.584 0.0000e+00
        309 303.380845    0.02139     1.2833     77.000  1021.9293  45089.644    27.9771      1.496    7.11138     6.7500     6.7509    21.9223   12.80246 1.3044e+00      1.510 0.0000e+00
        310 303.380848    0.02146     1.2875     77.250  1021.9302  45091.868    27.9784      1.448    7.11158     6.7531     6.7493    21.9235   12.80277 1.3138e+00      1.461 0.0000e+00
        311 303.380851    0.02153     1.2917     77.500  1021.9315  45094.309    27.9802      1.442    7.11136     6.7577     6.7501    21.9248   12.80239 1.2711e+00      1.455 0.0000e+00
        312 303.380854    0.02160     1.2958     77.750  1021.9323  45095.303    27.9813      1.482    7.11079     6.7627     6.7532    21.9253   12.80143 1.2029e+00      1.495 0.0000e+00
        313 303.380856    0.02167     1.3000     78.000  1021.9310  45092.305    27.9799      1.554    7.11008     6.7671     6.7579    21.9237   12.80028 1.1250e+00      1.568 0.0000e+00
        314 303.380859    0.02174     1.3042     78.250  1021.9277  45085.637    27.9761      1.634    7.10944     6.7706     6.7628    21.9201   12.79925 1.0518e+00      1.650 0.0000e+00
        315 303.380862    0.02181     1.3083     78.500  1021.9237  45077.626    27.9713      1.701    7.10893     6.7733     6.7672    21.9158   12.79848 1.0039e+00      1.717 0.0000e+00
        316 303.380865    0.02187     1.3125     78.750  1021.9195  45069.410    27.9662      1.739    7.10859     6.7749     6.7707    21.9114   12.79797 9.9488e-01      1.756 0.0000e+00
        317 303.380868    0.02194     1.3167     79.000  1021.9153  45061.576    27.9613      1.741    7.10838     6.7754     6.7734    21.9072   12.79769 1.0259e+00      1.758 0.0000e+00
        318 303.380871    0.02201     1.3208     79.250  1021.9119  45055.453    27.9573      1.707    7.10829     6.7748     6.7750    21.9039   12.79760 1.0866e+00      1.724 0.0000e+00
        319 303.380874    0.02208     1.3250     79.500  1021.9099  45052.351    27.9553      1.646    7.10830     6.7736     6.7755    21.9022   12.79764 1.1551e+00      1.662 0.0000e+00
        320 303.380877    0.02215     1.3292     79.750  1021.9099  45052.971    27.9557      1.574    7.10838     6.7725     6.7750    21.9026   12.79776 1.2131e+00      1.589 0.0000e+00
        321 303.380880    0.02222     1.3333     80.000  1021.9119  45057.081    27.9583      1.509    7.10846     6.7718     6.7737    21.9048   12.79786 1.2499e+00      1.524 0.0000e+00
        322 303.380883    0.02229     1.3375     80.250  1021.9149  45062.958    27.9622      1.471    7.10847     6.7714     6.7726    21.9080   12.79783 1.2537e+00      1.486 0.0000e+00
        323 303.380885    0.02236     1.3417     80.500  1021.9171  45067.098    27.9649      1.470    7.10845     6.7703     6.7719    21.9102   12.79777 1.2229e+00      1.484 0.0000e+00
        324 303.380888    0.02243     1.3458     80.750  1021.9163  45065.409    27.9637      1.506    7.10857     6.7676     6.7716    21.9093   12.79799 1.1712e+00      1.520 0.0000e+00
        325 303.380891    0.02250     1.3500     81.000  1021.9121  45057.096    27.9578      1.569    7.10903     6.7633     6.7705    21.9048   12.79882 1.1100e+00      1.584 0.0000e+00
        326 303.380894    0.02257     1.3542     81.250  1021.9068  45046.670    27.9502      1.644    7.10984     6.7584     6.7677    21.8991   12.80026 1.0466e+00      1.659 0.0000e+00
        327 303.380897    0.02264     1.3583     81.500  1021.9033  45039.567    27.9447      1.711    7.11081     6.7539     6.7635    21.8953   12.80194 9.9400e-01      1.727 0.0000e+00
        328 303.380900    0.02271     1.3625     81.750  1021.9023  45037.414    27.9424      1.755    7.11173     6.7500     6.7586    21.8941   12.80348 9.7062e-01      1.772 0.0000e+00
        329 303.380903    0.02278     1.3667     82.000  1021.9031  45038.826    27.9427      1.765    7.11247     6.7468     6.7540    21.8948   12.80471 9.8698e-01      1.781 0.0000e+00
        330 303.380906    0.02285     1.3708     82.250  1021.9046  45041.846    27.9442      1.736    7.11304     6.7440     6.7502    21.8965   12.80564 1.0345e+00      1.752 0.0000e+00
        331 303.380909    0.02292     1.3750     82.500  1021.9058  45044.727    27.9457      1.673    7.11352     6.7415     6.7469    21.8980   12.80640 1.1027e+00      1.689 0.0000e+00
        332 303.380911    0.02299     1.3792     82.750  1021.9063  45046.299    27.9463      1.591    7.11396     6.7393     6.7441    21.8989   12.80712 1.1850e+00      1.606 0.0000e+00
        333 303.380914    0.02306     1.3833     83.000  1021.9060  45046.316    27.9460      1.510    7.11439     6.7373     6.7416    21.8989   12.80784 1.2653e+00      1.524 0.0000e+00
        334 303.380917    0.02313     1.3875     83.250  1021.9049  45044.909    27.9447      1.450    7.11481     6.7352     6.7394    21.8982   12.80855 1.3239e+00      1.464 0.0000e+00
        335 303.380920    0.02319     1.3917     83.500  1021.9030  45041.418    27.9420      1.430    7.11526     6.7324     6.7374    21.8963   12.80935 1.3333e+00      1.444 0.0000e+00
        336 303.380923    0.02326     1.3958     83.750  1021.8997  45035.176    27.9374      1.457    7.11584     6.7292     6.7353    21.8929   12.81036 1.2812e+00      1.471 0.0000e+00
        337 303.380926    0.02333     1.4000     84.000  1021.8962  45028.122    27.9321      1.523    7.11655     6.7262     6.7325    21.8891   12.81160 1.1928e+00      1.537 0.0000e+00
        338 303.380929    0.02340     1.4042     84.250  1021.8943  45023.875    27.9286      1.607    7.11725     6.7242     6.7293    21.8868   12.81280 1.1023e+00      1.622 0.0000e+00
        339 303.380932    0.02347     1.4083     84.500  1021.8943  45023.228    27.9277      1.686    7.11779     6.7232     6.7263    21.8864   12.81371 1.0340e+00      1.702 0.0000e+00
        340 303.380935    0.02354     1.4125     84.750  1021.8947  45023.700    27.9277      1.740    7.11813     6.7227     6.7243    21.8866   12.81427 1.0036e+00      1.756 0.0000e+00
