CTD-processing/allCTD/CNV--homogene/2012_09-21_t9_s08_repeat5_cast185.cnv
* Sea-Bird SBE19plus Data File:
* FileName = C:\Documents and Settings\kris.holderied.local\My Documents\2012-CTD-DATA-new-files\2012-09-21-CTD-HomerSpit-tide-time-series-KBRRctd\2012-09-21-CTD-HomerSpit-tide-repeat5\2012-09-21-HomerSpit-tide-repeat5-cast185.hex
* Software Version 1.54
* Temperature SN =  4141
* Conductivity SN =  4141
* System UpLoad Time = Oct 11 2012 19:40:10
** Kachemak Bay Homer Spit Line - Tidal repeat5
** Date:  2012-09-21
** Station: 9-08
** Start time (AKDT-24 hr): 1611
** Depth (ft): 320
** Comment:
# nquan = 17
# nvalues = 645                         
# units = specified
# name 0 = scan: Scan Count
# name 1 = timeJ: Julian Days
# name 2 = timeH: Time, Elapsed [hours]
# name 3 = timeM: Time, Elapsed [minutes]
# name 4 = timeS: Time, Elapsed [seconds]
# name 5 = density00: Density [density, kg/m^3]
# name 6 = specc: Specific Conductance [uS/cm]
# name 7 = sal00: Salinity, Practical [PSU]
# name 8 = depSM: Depth [salt water, m], lat = 59.00
# name 9 = oxsolML/L: Oxygen Saturation, Garcia & Gordon [ml/l]
# name 10 = potemp090C: Potential Temperature [ITS-90, deg C]
# name 11 = tv290C: Temperature [ITS-90, deg C]
# name 12 = sigma-é00: Density [sigma-theta, kg/m^3]
# name 13 = n2satML/L: Nitrogen Saturation [ml/l]
# name 14 = par: PAR/Irradiance, Biospherical/Licor
# name 15 = prdM: Pressure, Strain Gauge [db]
# name 16 = flag:  0.000e+00
# span 0 =          1,        645       
# span 1 = 265.674120, 265.675984       
# span 2 =    0.00000,    0.04472       
# span 3 =     0.0000,     2.6833       
# span 4 =      0.000,    161.000       
# span 5 =  1001.0728,  1024.2050       
# span 6 =   3325.301,  48679.686       
# span 7 =     1.7338,    30.8134       
# span 8 =     -0.152,     93.285       
# span 9 =    6.54991,    7.83534       
# span 10 =     9.2641,     9.8739      
# span 11 =     9.2642,     9.8739      
# span 12 =     1.0734,    23.7770      
# span 13 =   11.84030,   14.37511      
# span 14 = 6.3354e-02, 2.3201e+02      
# span 15 =     -0.153,     94.187      
# span 16 = 0.0000e+00, 0.0000e+00      
# interval = seconds: 0.25
# start_time = Sep 21 2012 16:10:44 [Instrument's time stamp, header]
# bad_flag = -9.990e-29
*END*
[from data line 511]
        512 265.675599    0.03549     2.1292    127.750  1023.9408  48490.202    30.7070     56.801    6.56063     9.5058     9.5146    23.6802   11.85608 6.3414e-02     57.345 0.0000e+00
        513 265.675602    0.03556     2.1333    128.000  1023.9449  48494.900    30.7100     57.133    6.56072     9.5047     9.5131    23.6827   11.85620 6.3429e-02     57.679 0.0000e+00
        514 265.675605    0.03562     2.1375    128.250  1023.9488  48499.219    30.7127     57.473    6.56079     9.5036     9.5119    23.6851   11.85627 6.3483e-02     58.023 0.0000e+00
        515 265.675608    0.03569     2.1417    128.500  1023.9521  48502.561    30.7148     57.812    6.56085     9.5023     9.5109    23.6868   11.85636 6.3551e-02     58.366 0.0000e+00
        516 265.675611    0.03576     2.1458    128.750  1023.9549  48504.975    30.7162     58.138    6.56095     9.5009     9.5098    23.6881   11.85650 6.3567e-02     58.696 0.0000e+00
        517 265.675613    0.03583     2.1500    129.000  1023.9572  48506.821    30.7172     58.442    6.56109     9.4994     9.5085    23.6891   11.85672 6.3577e-02     59.002 0.0000e+00
        518 265.675616    0.03590     2.1542    129.250  1023.9594  48508.378    30.7180     58.722    6.56126     9.4979     9.5071    23.6900   11.85699 6.3640e-02     59.285 0.0000e+00
        519 265.675619    0.03597     2.1583    129.500  1023.9614  48509.778    30.7186     58.988    6.56144     9.4966     9.5057    23.6907   11.85728 6.3717e-02     59.553 0.0000e+00
        520 265.675622    0.03604     2.1625    129.750  1023.9633  48511.031    30.7192     59.254    6.56162     9.4954     9.5042    23.6914   11.85758 6.3782e-02     59.822 0.0000e+00
        521 265.675625    0.03611     2.1667    130.000  1023.9651  48512.122    30.7197     59.533    6.56179     9.4944     9.5029    23.6920   11.85785 6.3847e-02     60.104 0.0000e+00
        522 265.675628    0.03618     2.1708    130.250  1023.9670  48513.111    30.7201     59.832    6.56195     9.4934     9.5018    23.6925   11.85810 6.3879e-02     60.405 0.0000e+00
        523 265.675631    0.03625     2.1750    130.500  1023.9689  48514.041    30.7205     60.144    6.56208     9.4926     9.5007    23.6929   11.85831 6.3858e-02     60.721 0.0000e+00
        524 265.675634    0.03632     2.1792    130.750  1023.9708  48514.903    30.7209     60.459    6.56220     9.4919     9.4998    23.6934   11.85850 6.3869e-02     61.039 0.0000e+00
        525 265.675637    0.03639     2.1833    131.000  1023.9726  48515.834    30.7213     60.764    6.56229     9.4912     9.4990    23.6938   11.85866 6.3925e-02     61.346 0.0000e+00
        526 265.675639    0.03646     2.1875    131.250  1023.9745  48516.971    30.7218     61.050    6.56237     9.4907     9.4983    23.6944   11.85878 6.3923e-02     61.635 0.0000e+00
        527 265.675642    0.03653     2.1917    131.500  1023.9764  48518.234    30.7225     61.318    6.56243     9.4902     9.4977    23.6950   11.85887 6.3858e-02     61.906 0.0000e+00
        528 265.675645    0.03660     2.1958    131.750  1023.9782  48519.518    30.7232     61.574    6.56248     9.4898     9.4972    23.6957   11.85894 6.3796e-02     62.164 0.0000e+00
        529 265.675648    0.03667     2.2000    132.000  1023.9800  48520.767    30.7239     61.828    6.56251     9.4895     9.4968    23.6963   11.85898 6.3771e-02     62.421 0.0000e+00
        530 265.675651    0.03674     2.2042    132.250  1023.9818  48521.952    30.7246     62.086    6.56254     9.4894     9.4964    23.6969   11.85902 6.3747e-02     62.681 0.0000e+00
        531 265.675654    0.03681     2.2083    132.500  1023.9835  48523.013    30.7252     62.350    6.56255     9.4893     9.4961    23.6974   11.85903 6.3704e-02     62.948 0.0000e+00
        532 265.675657    0.03687     2.2125    132.750  1023.9851  48523.907    30.7257     62.621    6.56254     9.4892     9.4960    23.6978   11.85902 6.3706e-02     63.221 0.0000e+00
        533 265.675660    0.03694     2.2167    133.000  1023.9867  48524.674    30.7262     62.898    6.56253     9.4892     9.4960    23.6982   11.85899 6.3752e-02     63.501 0.0000e+00
        534 265.675663    0.03701     2.2208    133.250  1023.9883  48525.393    30.7265     63.180    6.56251     9.4893     9.4960    23.6985   11.85896 6.3767e-02     63.786 0.0000e+00
        535 265.675666    0.03708     2.2250    133.500  1023.9900  48526.178    30.7270     63.467    6.56249     9.4893     9.4960    23.6988   11.85892 6.3747e-02     64.076 0.0000e+00
        536 265.675668    0.03715     2.2292    133.750  1023.9918  48527.125    30.7275     63.758    6.56246     9.4893     9.4961    23.6992   11.85887 6.3763e-02     64.370 0.0000e+00
        537 265.675671    0.03722     2.2333    134.000  1023.9937  48528.252    30.7282     64.054    6.56243     9.4893     9.4961    23.6997   11.85881 6.3801e-02     64.669 0.0000e+00
        538 265.675674    0.03729     2.2375    134.250  1023.9957  48529.635    30.7291     64.354    6.56238     9.4894     9.4961    23.7004   11.85872 6.3800e-02     64.971 0.0000e+00
        539 265.675677    0.03736     2.2417    134.500  1023.9979  48531.308    30.7301     64.651    6.56233     9.4896     9.4962    23.7012   11.85862 6.3745e-02     65.271 0.0000e+00
        540 265.675680    0.03743     2.2458    134.750  1024.0001  48533.135    30.7313     64.939    6.56226     9.4898     9.4963    23.7021   11.85849 6.3664e-02     65.561 0.0000e+00
        541 265.675683    0.03750     2.2500    135.000  1024.0023  48534.992    30.7325     65.209    6.56219     9.4900     9.4965    23.7031   11.85835 6.3640e-02     65.834 0.0000e+00
        542 265.675686    0.03757     2.2542    135.250  1024.0044  48536.837    30.7337     65.461    6.56210     9.4902     9.4967    23.7040   11.85819 6.3705e-02     66.090 0.0000e+00
        543 265.675689    0.03764     2.2583    135.500  1024.0064  48538.634    30.7349     65.706    6.56201     9.4904     9.4970    23.7049   11.85803 6.3796e-02     66.336 0.0000e+00
        544 265.675692    0.03771     2.2625    135.750  1024.0084  48540.359    30.7361     65.955    6.56193     9.4904     9.4972    23.7058   11.85788 6.3845e-02     66.588 0.0000e+00
        545 265.675694    0.03778     2.2667    136.000  1024.0104  48541.994    30.7371     66.222    6.56186     9.4904     9.4974    23.7066   11.85775 6.3816e-02     66.858 0.0000e+00
        546 265.675697    0.03785     2.2708    136.250  1024.0124  48543.522    30.7381     66.508    6.56180     9.4902     9.4975    23.7073   11.85764 6.3740e-02     67.146 0.0000e+00
        547 265.675700    0.03792     2.2750    136.500  1024.0145  48544.949    30.7389     66.806    6.56176     9.4899     9.4975    23.7080   11.85758 6.3691e-02     67.447 0.0000e+00
        548 265.675703    0.03799     2.2792    136.750  1024.0165  48546.275    30.7397     67.103    6.56175     9.4895     9.4973    23.7086   11.85755 6.3701e-02     67.747 0.0000e+00
        549 265.675706    0.03806     2.2833    137.000  1024.0184  48547.517    30.7404     67.390    6.56177     9.4890     9.4970    23.7092   11.85756 6.3740e-02     68.038 0.0000e+00
        550 265.675709    0.03812     2.2875    137.250  1024.0203  48548.721    30.7411     67.665    6.56180     9.4885     9.4967    23.7098   11.85760 6.3768e-02     68.315 0.0000e+00
        551 265.675712    0.03819     2.2917    137.500  1024.0221  48549.881    30.7417     67.933    6.56184     9.4880     9.4962    23.7104   11.85766 6.3787e-02     68.586 0.0000e+00
        552 265.675715    0.03826     2.2958    137.750  1024.0239  48551.001    30.7423     68.203    6.56188     9.4875     9.4957    23.7109   11.85773 6.3830e-02     68.859 0.0000e+00
        553 265.675718    0.03833     2.3000    138.000  1024.0257  48552.163    30.7430     68.483    6.56193     9.4869     9.4953    23.7115   11.85779 6.3868e-02     69.142 0.0000e+00
        554 265.675720    0.03840     2.3042    138.250  1024.0277  48553.461    30.7437     68.774    6.56197     9.4862     9.4948    23.7122   11.85785 6.3868e-02     69.435 0.0000e+00
        555 265.675723    0.03847     2.3083    138.500  1024.0299  48555.001    30.7446     69.073    6.56201     9.4853     9.4942    23.7129   11.85790 6.3871e-02     69.737 0.0000e+00
        556 265.675726    0.03854     2.3125    138.750  1024.0323  48556.955    30.7458     69.375    6.56205     9.4841     9.4936    23.7140   11.85797 6.3905e-02     70.041 0.0000e+00
        557 265.675729    0.03861     2.3167    139.000  1024.0349  48559.354    30.7472     69.674    6.56212     9.4827     9.4927    23.7152   11.85806 6.3946e-02     70.343 0.0000e+00
        558 265.675732    0.03868     2.3208    139.250  1024.0376  48562.011    30.7488     69.965    6.56222     9.4813     9.4915    23.7166   11.85821 6.3968e-02     70.638 0.0000e+00
        559 265.675735    0.03875     2.3250    139.500  1024.0404  48564.786    30.7504     70.246    6.56235     9.4800     9.4901    23.7181   11.85840 6.3972e-02     70.922 0.0000e+00
        560 265.675738    0.03882     2.3292    139.750  1024.0432  48567.580    30.7521     70.516    6.56247     9.4788     9.4888    23.7196   11.85859 6.3976e-02     71.194 0.0000e+00
        561 265.675741    0.03889     2.3333    140.000  1024.0459  48570.239    30.7537     70.776    6.56259     9.4778     9.4875    23.7211   11.85876 6.3968e-02     71.456 0.0000e+00
        562 265.675744    0.03896     2.3375    140.250  1024.0483  48572.641    30.7551     71.030    6.56270     9.4768     9.4864    23.7224   11.85893 6.3950e-02     71.713 0.0000e+00
        563 265.675747    0.03903     2.3417    140.500  1024.0506  48574.767    30.7563     71.287    6.56280     9.4760     9.4853    23.7236   11.85908 6.3940e-02     71.973 0.0000e+00
        564 265.675749    0.03910     2.3458    140.750  1024.0529  48576.669    30.7574     71.560    6.56288     9.4753     9.4844    23.7246   11.85920 6.3950e-02     72.248 0.0000e+00
        565 265.675752    0.03917     2.3500    141.000  1024.0552  48578.427    30.7584     71.855    6.56295     9.4746     9.4837    23.7255   11.85931 6.3954e-02     72.546 0.0000e+00
        566 265.675755    0.03924     2.3542    141.250  1024.0575  48580.167    30.7594     72.171    6.56301     9.4739     9.4830    23.7264   11.85939 6.3900e-02     72.866 0.0000e+00
        567 265.675758    0.03931     2.3583    141.500  1024.0599  48581.975    30.7605     72.500    6.56306     9.4732     9.4823    23.7273   11.85947 6.3816e-02     73.198 0.0000e+00
        568 265.675761    0.03938     2.3625    141.750  1024.0624  48583.869    30.7616     72.830    6.56311     9.4724     9.4816    23.7282   11.85953 6.3802e-02     73.531 0.0000e+00
        569 265.675764    0.03944     2.3667    142.000  1024.0649  48585.888    30.7628     73.149    6.56316     9.4715     9.4810    23.7293   11.85959 6.3867e-02     73.852 0.0000e+00
        570 265.675767    0.03951     2.3708    142.250  1024.0674  48588.025    30.7640     73.446    6.56321     9.4705     9.4802    23.7304   11.85967 6.3948e-02     74.152 0.0000e+00
        571 265.675770    0.03958     2.3750    142.500  1024.0698  48590.257    30.7654     73.720    6.56328     9.4692     9.4794    23.7316   11.85976 6.4000e-02     74.429 0.0000e+00
        572 265.675773    0.03965     2.3792    142.750  1024.0723  48592.699    30.7669     73.976    6.56337     9.4675     9.4784    23.7329   11.85989 6.4028e-02     74.688 0.0000e+00
        573 265.675775    0.03972     2.3833    143.000  1024.0751  48595.613    30.7687     74.227    6.56348     9.4651     9.4771    23.7345   11.86005 6.4047e-02     74.941 0.0000e+00
        574 265.675778    0.03979     2.3875    143.250  1024.0783  48599.294    30.7710     74.486    6.56363     9.4620     9.4753    23.7365   11.86028 6.4046e-02     75.202 0.0000e+00
        575 265.675781    0.03986     2.3917    143.500  1024.0821  48603.854    30.7737     74.761    6.56386     9.4584     9.4730    23.7391   11.86062 6.4026e-02     75.480 0.0000e+00
        576 265.675784    0.03993     2.3958    143.750  1024.0864  48609.111    30.7769     75.056    6.56417     9.4550     9.4699    23.7420   11.86110 6.4009e-02     75.778 0.0000e+00
        577 265.675787    0.04000     2.4000    144.000  1024.0910  48614.652    30.7802     75.368    6.56454     9.4520     9.4664    23.7451   11.86167 6.4014e-02     76.093 0.0000e+00
        578 265.675790    0.04007     2.4042    144.250  1024.0954  48619.928    30.7833     75.689    6.56491     9.4495     9.4630    23.7481   11.86224 6.4044e-02     76.418 0.0000e+00
        579 265.675793    0.04014     2.4083    144.500  1024.0995  48624.456    30.7859     76.012    6.56523     9.4474     9.4600    23.7506   11.86274 6.4061e-02     76.743 0.0000e+00
        580 265.675796    0.04021     2.4125    144.750  1024.1029  48628.065    30.7880     76.324    6.56549     9.4456     9.4576    23.7526   11.86316 6.4048e-02     77.059 0.0000e+00
        581 265.675799    0.04028     2.4167    145.000  1024.1058  48630.963    30.7896     76.618    6.56571     9.4440     9.4556    23.7543   11.86350 6.4038e-02     77.356 0.0000e+00
        582 265.675802    0.04035     2.4208    145.250  1024.1085  48633.501    30.7910     76.890    6.56591     9.4424     9.4538    23.7557   11.86381 6.4041e-02     77.630 0.0000e+00
        583 265.675804    0.04042     2.4250    145.500  1024.1109  48635.798    30.7923     77.144    6.56609     9.4410     9.4522    23.7569   11.86410 6.4057e-02     77.887 0.0000e+00
        584 265.675807    0.04049     2.4292    145.750  1024.1132  48637.854    30.7934     77.392    6.56626     9.4395     9.4507    23.7580   11.86437 6.4065e-02     78.137 0.0000e+00
        585 265.675810    0.04056     2.4333    146.000  1024.1154  48639.794    30.7945     77.649    6.56643     9.4382     9.4492    23.7591   11.86463 6.4048e-02     78.396 0.0000e+00
        586 265.675813    0.04063     2.4375    146.250  1024.1177  48641.697    30.7956     77.924    6.56659     9.4371     9.4478    23.7601   11.86488 6.4019e-02     78.674 0.0000e+00
        587 265.675816    0.04069     2.4417    146.500  1024.1200  48643.548    30.7966     78.217    6.56673     9.4363     9.4465    23.7611   11.86511 6.3966e-02     78.970 0.0000e+00
        588 265.675819    0.04076     2.4458    146.750  1024.1223  48645.228    30.7975     78.520    6.56685     9.4360     9.4454    23.7620   11.86529 6.3930e-02     79.276 0.0000e+00
        589 265.675822    0.04083     2.4500    147.000  1024.1243  48646.501    30.7981     78.824    6.56693     9.4359     9.4447    23.7627   11.86541 6.3966e-02     79.584 0.0000e+00
        590 265.675825    0.04090     2.4542    147.250  1024.1260  48647.196    30.7984     79.125    6.56697     9.4360     9.4443    23.7630   11.86547 6.4021e-02     79.887 0.0000e+00
        591 265.675828    0.04097     2.4583    147.500  1024.1274  48647.371    30.7984     79.421    6.56697     9.4360     9.4443    23.7630   11.86548 6.4064e-02     80.186 0.0000e+00
        592 265.675830    0.04104     2.4625    147.750  1024.1286  48647.315    30.7983     79.716    6.56696     9.4360     9.4444    23.7628   11.86547 6.4106e-02     80.484 0.0000e+00
        593 265.675833    0.04111     2.4667    148.000  1024.1298  48647.284    30.7982     80.011    6.56695     9.4359     9.4445    23.7627   11.86546 6.4119e-02     80.782 0.0000e+00
        594 265.675836    0.04118     2.4708    148.250  1024.1311  48647.384    30.7981     80.304    6.56695     9.4358     9.4445    23.7627   11.86546 6.4097e-02     81.077 0.0000e+00
        595 265.675839    0.04125     2.4750    148.500  1024.1324  48647.579    30.7981     80.588    6.56696     9.4356     9.4444    23.7627   11.86548 6.4085e-02     81.365 0.0000e+00
