CTD-processing/allCTD/CNV--homogene/2012_09-21_t9_s09_repeat4_cast175.cnv
* Sea-Bird SBE19plus Data File:
* FileName = C:\Documents and Settings\kris.holderied.local\My Documents\2012-CTD-DATA-new-files\2012-09-21-CTD-HomerSpit-tide-time-series-KBRRctd\2012-09-21-CTD-HomerSpit-tide-repeat4\2012-09-21-HomerSpit-tide-repeat4-cast175.hex
* Software Version 1.54
* Temperature SN =  4141
* Conductivity SN =  4141
* System UpLoad Time = Oct 11 2012 19:18:39
** Kachemak Bay Homer Spit Line - Tidal repeat4
** Date:  2012-09-21
** Station: 9-09
** Start time (AKDT-24 hr): 1447
** Depth (ft): 271
** Comment:
# nquan = 17
# nvalues = 605                         
# units = specified
# name 0 = scan: Scan Count
# name 1 = timeJ: Julian Days
# name 2 = timeH: Time, Elapsed [hours]
# name 3 = timeM: Time, Elapsed [minutes]
# name 4 = timeS: Time, Elapsed [seconds]
# name 5 = density00: Density [density, kg/m^3]
# name 6 = specc: Specific Conductance [uS/cm]
# name 7 = sal00: Salinity, Practical [PSU]
# name 8 = depSM: Depth [salt water, m], lat = 59.00
# name 9 = oxsolML/L: Oxygen Saturation, Garcia & Gordon [ml/l]
# name 10 = potemp090C: Potential Temperature [ITS-90, deg C]
# name 11 = tv290C: Temperature [ITS-90, deg C]
# name 12 = sigma-é00: Density [sigma-theta, kg/m^3]
# name 13 = n2satML/L: Nitrogen Saturation [ml/l]
# name 14 = par: PAR/Irradiance, Biospherical/Licor
# name 15 = prdM: Pressure, Strain Gauge [db]
# name 16 = flag:  0.000e+00
# span 0 =          1,        605       
# span 1 = 265.616157, 265.617905       
# span 2 =    0.00000,    0.04194       
# span 3 =     0.0000,     2.5167       
# span 4 =      0.000,    151.000       
# span 5 =  1013.1364,  1024.0536       
# span 6 =  28361.673,  48514.442       
# span 7 =    17.1916,    30.7122       
# span 8 =     -0.122,     79.906       
# span 9 =    6.55611,    7.14436       
# span 10 =     9.0014,     9.7339      
# span 11 =     9.0015,     9.7351      
# span 12 =    13.1368,    23.6870      
# span 13 =   11.85075,   13.00139      
# span 14 = 6.6608e-02, 1.8504e+02      
# span 15 =     -0.123,     80.676      
# span 16 = 0.0000e+00, 0.0000e+00      
# interval = seconds: 0.25
# start_time = Sep 21 2012 14:47:16 [Instrument's time stamp, header]
# bad_flag = -9.990e-29
*END*
[from data line 171]
        172 265.616652    0.01188     0.7125     42.750  1018.6016  38990.630    24.1138      0.705    6.91239     9.0783     9.0787    18.5983   12.52180 1.0275e+02      0.712 0.0000e+00
        173 265.616655    0.01194     0.7167     43.000  1018.5995  38986.700    24.1112      0.705    6.91251     9.0777     9.0787    18.5963   12.52202 1.0233e+02      0.712 0.0000e+00
        174 265.616658    0.01201     0.7208     43.250  1018.5980  38983.781    24.1092      0.706    6.91264     9.0770     9.0784    18.5947   12.52227 1.0179e+02      0.713 0.0000e+00
        175 265.616661    0.01208     0.7250     43.500  1018.5981  38983.745    24.1091      0.708    6.91274     9.0764     9.0778    18.5948   12.52244 1.0142e+02      0.715 0.0000e+00
        176 265.616664    0.01215     0.7292     43.750  1018.5997  38986.673    24.1110      0.710    6.91278     9.0761     9.0770    18.5964   12.52247 1.0127e+02      0.716 0.0000e+00
        177 265.616667    0.01222     0.7333     44.000  1018.6018  38990.665    24.1137      0.708    6.91275     9.0764     9.0764    18.5985   12.52239 1.0144e+02      0.715 0.0000e+00
        178 265.616670    0.01229     0.7375     44.250  1018.6031  38993.192    24.1154      0.703    6.91271     9.0772     9.0762    18.5998   12.52230 1.0205e+02      0.710 0.0000e+00
        179 265.616672    0.01236     0.7417     44.500  1018.6027  38992.491    24.1149      0.696    6.91269     9.0779     9.0765    18.5994   12.52227 1.0284e+02      0.702 0.0000e+00
        180 265.616675    0.01243     0.7458     44.750  1018.6004  38988.376    24.1122      0.689    6.91269     9.0780     9.0772    18.5972   12.52231 1.0342e+02      0.696 0.0000e+00
        181 265.616678    0.01250     0.7500     45.000  1018.5974  38982.753    24.1085      0.686    6.91275     9.0776     9.0779    18.5942   12.52245 1.0364e+02      0.692 0.0000e+00
        182 265.616681    0.01257     0.7542     45.250  1018.5952  38978.569    24.1056      0.686    6.91285     9.0768     9.0781    18.5920   12.52266 1.0346e+02      0.692 0.0000e+00
        183 265.616684    0.01264     0.7583     45.500  1018.5948  38977.773    24.1050      0.688    6.91295     9.0762     9.0776    18.5916   12.52284 1.0320e+02      0.694 0.0000e+00
        184 265.616687    0.01271     0.7625     45.750  1018.5962  38980.383    24.1067      0.690    6.91299     9.0758     9.0769    18.5930   12.52288 1.0321e+02      0.696 0.0000e+00
        185 265.616690    0.01278     0.7667     46.000  1018.5985  38984.605    24.1095      0.690    6.91297     9.0757     9.0762    18.5953   12.52280 1.0354e+02      0.697 0.0000e+00
        186 265.616693    0.01285     0.7708     46.250  1018.6002  38987.892    24.1117      0.688    6.91293     9.0761     9.0758    18.5970   12.52272 1.0394e+02      0.695 0.0000e+00
        187 265.616696    0.01292     0.7750     46.500  1018.6004  38988.185    24.1119      0.684    6.91294     9.0765     9.0757    18.5972   12.52272 1.0404e+02      0.691 0.0000e+00
        188 265.616698    0.01299     0.7792     46.750  1018.5984  38984.592    24.1095      0.682    6.91299     9.0764     9.0761    18.5953   12.52283 1.0368e+02      0.689 0.0000e+00
        189 265.616701    0.01306     0.7833     47.000  1018.5951  38978.424    24.1054      0.683    6.91310     9.0754     9.0766    18.5920   12.52307 1.0293e+02      0.690 0.0000e+00
        190 265.616704    0.01313     0.7875     47.250  1018.5924  38973.163    24.1018      0.688    6.91328     9.0740     9.0764    18.5892   12.52342 1.0198e+02      0.695 0.0000e+00
        191 265.616707    0.01319     0.7917     47.500  1018.5919  38972.124    24.1010      0.695    6.91347     9.0727     9.0755    18.5887   12.52374 1.0118e+02      0.702 0.0000e+00
        192 265.616710    0.01326     0.7958     47.750  1018.5939  38975.649    24.1032      0.700    6.91359     9.0719     9.0740    18.5907   12.52392 1.0086e+02      0.707 0.0000e+00
        193 265.616713    0.01333     0.8000     48.000  1018.5966  38980.608    24.1065      0.700    6.91365     9.0720     9.0727    18.5934   12.52398 1.0106e+02      0.707 0.0000e+00
        194 265.616716    0.01340     0.8042     48.250  1018.5979  38982.875    24.1079      0.696    6.91371     9.0728     9.0719    18.5946   12.52405 1.0156e+02      0.703 0.0000e+00
        195 265.616719    0.01347     0.8083     48.500  1018.5963  38980.064    24.1060      0.691    6.91377     9.0735     9.0721    18.5931   12.52418 1.0209e+02      0.698 0.0000e+00
        196 265.616722    0.01354     0.8125     48.750  1018.5925  38972.921    24.1013      0.688    6.91386     9.0735     9.0728    18.5893   12.52440 1.0238e+02      0.695 0.0000e+00
        197 265.616725    0.01361     0.8167     49.000  1018.5882  38964.963    24.0959      0.689    6.91399     9.0726     9.0735    18.5850   12.52469 1.0223e+02      0.696 0.0000e+00
        198 265.616727    0.01368     0.8208     49.250  1018.5857  38960.195    24.0927      0.694    6.91414     9.0714     9.0735    18.5825   12.52497 1.0168e+02      0.701 0.0000e+00
        199 265.616730    0.01375     0.8250     49.500  1018.5861  38960.795    24.0930      0.702    6.91426     9.0705     9.0727    18.5828   12.52516 1.0102e+02      0.708 0.0000e+00
        200 265.616733    0.01382     0.8292     49.750  1018.5890  38966.128    24.0965      0.708    6.91430     9.0703     9.0715    18.5857   12.52518 1.0074e+02      0.714 0.0000e+00
        201 265.616736    0.01389     0.8333     50.000  1018.5928  38973.171    24.1012      0.710    6.91423     9.0713     9.0706    18.5895   12.52501 1.0118e+02      0.716 0.0000e+00
        202 265.616739    0.01396     0.8375     50.250  1018.5955  38978.228    24.1046      0.705    6.91410     9.0733     9.0704    18.5922   12.52475 1.0210e+02      0.711 0.0000e+00
        203 265.616742    0.01403     0.8417     50.500  1018.5954  38978.098    24.1046      0.695    6.91395     9.0755     9.0713    18.5921   12.52451 1.0294e+02      0.701 0.0000e+00
        204 265.616745    0.01410     0.8458     50.750  1018.5916  38971.257    24.1002      0.684    6.91384     9.0769     9.0733    18.5883   12.52437 1.0317e+02      0.690 0.0000e+00
        205 265.616748    0.01417     0.8500     51.000  1018.5854  38959.993    24.0928      0.677    6.91382     9.0766     9.0756    18.5822   12.52444 1.0269e+02      0.683 0.0000e+00
        206 265.616751    0.01424     0.8542     51.250  1018.5800  38949.854    24.0860      0.677    6.91391     9.0747     9.0769    18.5768   12.52467 1.0204e+02      0.683 0.0000e+00
        207 265.616753    0.01431     0.8583     51.500  1018.5781  38946.201    24.0835      0.681    6.91406     9.0722     9.0767    18.5749   12.52495 1.0179e+02      0.687 0.0000e+00
        208 265.616756    0.01438     0.8625     51.750  1018.5804  38950.275    24.0861      0.684    6.91424     9.0700     9.0748    18.5771   12.52521 1.0207e+02      0.690 0.0000e+00
        209 265.616759    0.01444     0.8667     52.000  1018.5844  38957.585    24.0908      0.681    6.91443     9.0688     9.0722    18.5812   12.52547 1.0268e+02      0.687 0.0000e+00
        210 265.616762    0.01451     0.8708     52.250  1018.5866  38961.507    24.0932      0.675    6.91466     9.0683     9.0700    18.5834   12.52583 1.0327e+02      0.681 0.0000e+00
        211 265.616765    0.01458     0.8750     52.500  1018.5851  38958.569    24.0911      0.669    6.91495     9.0677     9.0688    18.5819   12.52633 1.0353e+02      0.675 0.0000e+00
        212 265.616768    0.01465     0.8792     52.750  1018.5809  38950.621    24.0856      0.668    6.91526     9.0663     9.0684    18.5777   12.52692 1.0333e+02      0.675 0.0000e+00
        213 265.616771    0.01472     0.8833     53.000  1018.5770  38943.247    24.0806      0.675    6.91558     9.0640     9.0678    18.5738   12.52752 1.0272e+02      0.682 0.0000e+00
        214 265.616774    0.01479     0.8875     53.250  1018.5766  38942.182    24.0797      0.686    6.91585     9.0616     9.0663    18.5734   12.52798 1.0197e+02      0.693 0.0000e+00
        215 265.616777    0.01486     0.8917     53.500  1018.5805  38949.232    24.0843      0.694    6.91600     9.0602     9.0640    18.5772   12.52818 1.0157e+02      0.701 0.0000e+00
        216 265.616780    0.01493     0.8958     53.750  1018.5864  38960.235    24.0915      0.696    6.91604     9.0604     9.0617    18.5832   12.52815 1.0177e+02      0.703 0.0000e+00
        217 265.616782    0.01500     0.9000     54.000  1018.5908  38968.338    24.0969      0.690    6.91602     9.0618     9.0603    18.5876   12.52805 1.0241e+02      0.697 0.0000e+00
        218 265.616785    0.01507     0.9042     54.250  1018.5909  38968.685    24.0971      0.681    6.91599     9.0635     9.0604    18.5878   12.52800 1.0307e+02      0.688 0.0000e+00
        219 265.616788    0.01514     0.9083     54.500  1018.5865  38960.591    24.0918      0.673    6.91601     9.0644     9.0619    18.5834   12.52810 1.0321e+02      0.680 0.0000e+00
        220 265.616791    0.01521     0.9125     54.750  1018.5796  38947.831    24.0833      0.671    6.91613     9.0641     9.0636    18.5765   12.52839 1.0258e+02      0.678 0.0000e+00
        221 265.616794    0.01528     0.9167     55.000  1018.5735  38936.255    24.0755      0.676    6.91633     9.0629     9.0645    18.5703   12.52882 1.0156e+02      0.683 0.0000e+00
        222 265.616797    0.01535     0.9208     55.250  1018.5706  38930.706    24.0717      0.684    6.91654     9.0614     9.0642    18.5674   12.52923 1.0078e+02      0.691 0.0000e+00
        223 265.616800    0.01542     0.9250     55.500  1018.5720  38933.237    24.0733      0.692    6.91667     9.0603     9.0630    18.5688   12.52942 1.0065e+02      0.699 0.0000e+00
        224 265.616803    0.01549     0.9292     55.750  1018.5763  38941.113    24.0785      0.695    6.91667     9.0600     9.0614    18.5730   12.52936 1.0102e+02      0.701 0.0000e+00
        225 265.616806    0.01556     0.9333     56.000  1018.5800  38947.939    24.0830      0.692    6.91664     9.0604     9.0603    18.5767   12.52925 1.0153e+02      0.698 0.0000e+00
        226 265.616808    0.01563     0.9375     56.250  1018.5803  38948.621    24.0834      0.685    6.91667     9.0610     9.0600    18.5771   12.52929 1.0203e+02      0.692 0.0000e+00
        227 265.616811    0.01569     0.9417     56.500  1018.5770  38942.509    24.0793      0.680    6.91679     9.0611     9.0604    18.5738   12.52954 1.0241e+02      0.686 0.0000e+00
        228 265.616814    0.01576     0.9458     56.750  1018.5722  38933.499    24.0732      0.678    6.91697     9.0606     9.0610    18.5690   12.52992 1.0250e+02      0.684 0.0000e+00
        229 265.616817    0.01583     0.9500     57.000  1018.5688  38927.007    24.0688      0.681    6.91713     9.0594     9.0612    18.5656   12.53025 1.0230e+02      0.687 0.0000e+00
        230 265.616820    0.01590     0.9542     57.250  1018.5686  38926.528    24.0685      0.685    6.91724     9.0580     9.0607    18.5653   12.53043 1.0191e+02      0.691 0.0000e+00
        231 265.616823    0.01597     0.9583     57.500  1018.5714  38931.719    24.0719      0.689    6.91727     9.0566     9.0595    18.5682   12.53044 1.0156e+02      0.695 0.0000e+00
        232 265.616826    0.01604     0.9625     57.750  1018.5750  38938.463    24.0763      0.691    6.91730     9.0556     9.0581    18.5718   12.53043 1.0154e+02      0.697 0.0000e+00
        233 265.616829    0.01611     0.9667     58.000  1018.5772  38942.349    24.0788      0.689    6.91739     9.0548     9.0567    18.5740   12.53056 1.0186e+02      0.696 0.0000e+00
        234 265.616832    0.01618     0.9708     58.250  1018.5767  38941.299    24.0780      0.686    6.91760     9.0539     9.0557    18.5735   12.53091 1.0225e+02      0.693 0.0000e+00
        235 265.616834    0.01625     0.9750     58.500  1018.5736  38935.351    24.0739      0.684    6.91791     9.0526     9.0548    18.5704   12.53148 1.0239e+02      0.690 0.0000e+00
        236 265.616837    0.01632     0.9792     58.750  1018.5687  38926.045    24.0675      0.683    6.91833     9.0509     9.0540    18.5655   12.53226 1.0217e+02      0.689 0.0000e+00
        237 265.616840    0.01639     0.9833     59.000  1018.5631  38915.481    24.0602      0.683    6.91885     9.0487     9.0527    18.5600   12.53322 1.0181e+02      0.690 0.0000e+00
        238 265.616843    0.01646     0.9875     59.250  1018.5574  38904.471    24.0525      0.685    6.91947     9.0458     9.0510    18.5542   12.53434 1.0161e+02      0.691 0.0000e+00
        239 265.616846    0.01653     0.9917     59.500  1018.5501  38890.469    24.0427      0.686    6.92026     9.0418     9.0487    18.5469   12.53577 1.0167e+02      0.692 0.0000e+00
        240 265.616849    0.01660     0.9958     59.750  1018.5375  38866.400    24.0261      0.684    6.92145     9.0361     9.0459    18.5343   12.53797 1.0188e+02      0.690 0.0000e+00
        241 265.616852    0.01667     1.0000     60.000  1018.5193  38831.580    24.0020      0.682    6.92316     9.0295     9.0418    18.5161   12.54112 1.0198e+02      0.688 0.0000e+00
        242 265.616855    0.01674     1.0042     60.250  1018.5024  38799.094    23.9794      0.680    6.92505     9.0231     9.0362    18.4992   12.54456 1.0179e+02      0.686 0.0000e+00
        243 265.616858    0.01681     1.0083     60.500  1018.4919  38778.706    23.9649      0.681    6.92674     9.0178     9.0296    18.4888   12.54755 1.0138e+02      0.687 0.0000e+00
        244 265.616861    0.01688     1.0125     60.750  1018.4867  38768.114    23.9570      0.685    6.92810     9.0137     9.0232    18.4835   12.54991 1.0102e+02      0.691 0.0000e+00
        245 265.616863    0.01694     1.0167     61.000  1018.4839  38762.155    23.9524      0.688    6.92914     9.0108     9.0179    18.4807   12.55170 1.0091e+02      0.694 0.0000e+00
        246 265.616866    0.01701     1.0208     61.250  1018.4818  38757.815    23.9490      0.689    6.92993     9.0088     9.0138    18.4786   12.55305 1.0107e+02      0.696 0.0000e+00
        247 265.616869    0.01708     1.0250     61.500  1018.4797  38753.601    23.9459      0.687    6.93052     9.0074     9.0109    18.4765   12.55408 1.0140e+02      0.693 0.0000e+00
        248 265.616872    0.01715     1.0292     61.750  1018.4772  38748.736    23.9424      0.682    6.93099     9.0063     9.0089    18.4740   12.55491 1.0179e+02      0.688 0.0000e+00
        249 265.616875    0.01722     1.0333     62.000  1018.4747  38743.877    23.9389      0.677    6.93137     9.0055     9.0075    18.4715   12.55559 1.0211e+02      0.684 0.0000e+00
        250 265.616878    0.01729     1.0375     62.250  1018.4732  38740.883    23.9368      0.677    6.93163     9.0050     9.0064    18.4700   12.55605 1.0200e+02      0.683 0.0000e+00
        251 265.616881    0.01736     1.0417     62.500  1018.4732  38740.722    23.9366      0.681    6.93177     9.0046     9.0056    18.4700   12.55628 1.0131e+02      0.687 0.0000e+00
        252 265.616884    0.01743     1.0458     62.750  1018.4742  38742.528    23.9378      0.688    6.93181     9.0045     9.0051    18.4710   12.55633 1.0043e+02      0.695 0.0000e+00
        253 265.616887    0.01750     1.0500     63.000  1018.4754  38744.787    23.9393      0.694    6.93179     9.0045     9.0047    18.4722   12.55628 9.9885e+01      0.701 0.0000e+00
        254 265.616889    0.01757     1.0542     63.250  1018.4760  38745.778    23.9399      0.696    6.93178     9.0045     9.0046    18.4727   12.55626 1.0001e+02      0.702 0.0000e+00
        255 265.616892    0.01764     1.0583     63.500  1018.4752  38744.224    23.9389      0.690    6.93183     9.0045     9.0045    18.4719   12.55635 1.0073e+02      0.697 0.0000e+00
