CTD-processing/allCTD/CNV--homogene/2012_06-25_subbays_halibutb_cast127.cnv
* Sea-Bird SBE19plus Data File:
* FileName = C:\Documents and Settings\glenn.seaman\My Documents\KHolderied-files\CTD-DATA-FILES\2012-CTD-KachemakBay\2012-06-25-CTD-KachemakBay-subbays\2012-06-25-KBay-subbays-cast127.hex
* Software Version 1.59
* Temperature SN =  5028
* Conductivity SN =  5028
* System UpLoad Time = Jun 27 2012 00:43:43
** KachemakBay-Subbay-Survey
** Date: 2012-06-25
** Station: Halibut Cove B - in east part of outer cove
** Start time (AKDT-24hr): 1955
** Depth (ft): 171
** Lat: 59d 35.876m N
** Long: 151d 10.897m W
** Flat water. Light wind. Rain.  Descent rate slowed with some jerking of line.
# nquan = 17
# nvalues = 554                         
# units = specified
# name 0 = scan: Scan Count
# name 1 = timeJ: Julian Days
# name 2 = timeH: Time, Elapsed [hours]
# name 3 = timeM: Time, Elapsed [minutes]
# name 4 = timeS: Time, Elapsed [seconds]
# name 5 = density00: Density [density, kg/m^3]
# name 6 = specc: Specific Conductance [uS/cm]
# name 7 = sal00: Salinity, Practical [PSU]
# name 8 = depSM: Depth [salt water, m], lat = 59.00
# name 9 = oxsolML/L: Oxygen Saturation, Garcia & Gordon [ml/l]
# name 10 = potemp090C: Potential Temperature [ITS-90, deg C]
# name 11 = tv290C: Temperature [ITS-90, deg C]
# name 12 = sigma-é00: Density [sigma-theta, kg/m^3]
# name 13 = n2satML/L: Nitrogen Saturation [ml/l]
# name 14 = par: PAR/Irradiance, Biospherical/Licor [umol photons/m^2/sec]
# name 15 = prdM: Pressure, Strain Gauge [db]
# name 16 = flag:  0.000e+00
# span 0 =          1,        554       
# span 1 = 177.830336, 177.831936       
# span 2 =    0.00000,    0.03840       
# span 3 =     0.0000,     2.3042       
# span 4 =      0.000,    138.250       
# span 5 =  1000.0390,  1025.0779       
# span 6 =    695.418,  50595.573       
# span 7 =     0.3331,    31.4627       
# span 8 =     -0.188,     50.201       
# span 9 =    6.39983,    8.05456       
# span 10 =     5.2678,    11.6189      
# span 11 =     5.2715,    11.6192      
# span 12 =     0.0399,    24.8427      
# span 13 =   11.62552,   14.76592      
# span 14 = 4.6808e-02, 5.2500e+01      
# span 15 =     -0.190,     50.681      
# span 16 = 0.0000e+00, 0.0000e+00      
# interval = seconds: 0.25
# start_time = Jun 25 2012 19:55:41 [Instrument's time stamp, header]
# bad_flag = -9.990e-29
*END*
[from data line 426]
        427 177.831568    0.02958     1.7750    106.500  1023.1220  47348.503    29.8911      8.528    6.63469     8.9330     9.2479    23.0827   11.98867 4.6340e-01      8.609 0.0000e+00
        428 177.831571    0.02965     1.7792    106.750  1023.2396  47547.067    30.0092      8.879    6.65281     8.7861     9.0914    23.1986   12.01725 4.1910e-01      8.962 0.0000e+00
        429 177.831574    0.02972     1.7833    107.000  1023.3546  47741.880    30.1241      9.229    6.67128     8.6517     8.9339    23.3121   12.04644 3.7990e-01      9.316 0.0000e+00
        430 177.831577    0.02979     1.7875    107.250  1023.4561  47913.459    30.2238      9.575    6.68892     8.5256     8.7871    23.4119   12.07444 3.4535e-01      9.665 0.0000e+00
        431 177.831580    0.02986     1.7917    107.500  1023.5399  48054.655    30.3036      9.915    6.70564     8.4012     8.6527    23.4942   12.10116 3.1516e-01     10.008 0.0000e+00
        432 177.831583    0.02993     1.7958    107.750  1023.6088  48169.960    30.3662     10.247    6.72195     8.2706     8.5266    23.5615   12.12740 2.8885e-01     10.344 0.0000e+00
        433 177.831586    0.03000     1.8000    108.000  1023.6669  48266.549    30.4155     10.574    6.73867     8.1280     8.4023    23.6181   12.15446 2.6587e-01     10.674 0.0000e+00
        434 177.831589    0.03007     1.8042    108.250  1023.7226  48359.196    30.4608     10.896    6.75661     7.9783     8.2716    23.6723   12.18360 2.4578e-01     10.999 0.0000e+00
        435 177.831591    0.03014     1.8083    108.500  1023.7895  48472.549    30.5184     11.213    6.77591     7.8347     8.1291    23.7377   12.21485 2.2824e-01     11.319 0.0000e+00
        436 177.831594    0.03021     1.8125    108.750  1023.8719  48614.790    30.5948     11.523    6.79558     7.7084     7.9794    23.8186   12.24646 2.1295e-01     11.632 0.0000e+00
        437 177.831597    0.03028     1.8167    109.000  1023.9603  48769.070    30.6801     11.828    6.81398     7.6015     7.8359    23.9055   12.27585 1.9945e-01     11.940 0.0000e+00
        438 177.831600    0.03035     1.8208    109.250  1024.0414  48911.253    30.7593     12.133    6.83005     7.5079     7.7095    23.9852   12.30147 1.8719e-01     12.248 0.0000e+00
        439 177.831603    0.03042     1.8250    109.500  1024.1057  49023.858    30.8207     12.445    6.84396     7.4187     7.6026    24.0481   12.32373 1.7574e-01     12.563 0.0000e+00
        440 177.831606    0.03049     1.8292    109.750  1024.1531  49106.026    30.8628     12.768    6.85672     7.3286     7.5090    24.0939   12.34431 1.6492e-01     12.890 0.0000e+00
        441 177.831609    0.03056     1.8333    110.000  1024.1914  49172.186    30.8942     13.104    6.86932     7.2387     7.4198    24.1306   12.36476 1.5477e-01     13.228 0.0000e+00
        442 177.831612    0.03062     1.8375    110.250  1024.2304  49240.111    30.9265     13.447    6.88206     7.1539     7.3298    24.1681   12.38544 1.4549e-01     13.575 0.0000e+00
        443 177.831615    0.03069     1.8417    110.500  1024.2745  49317.627    30.9653     13.794    6.89452     7.0773     7.2400    24.2105   12.40557 1.3709e-01     13.925 0.0000e+00
        444 177.831617    0.03076     1.8458    110.750  1024.3177  49393.742    31.0039     14.142    6.90623     7.0084     7.1552    24.2521   12.42445 1.2947e-01     14.276 0.0000e+00
        445 177.831620    0.03083     1.8500    111.000  1024.3526  49455.120    31.0334     14.489    6.91707     6.9461     7.0787    24.2854   12.44201 1.2255e-01     14.627 0.0000e+00
        446 177.831623    0.03090     1.8542    111.250  1024.3805  49503.869    31.0554     14.834    6.92707     6.8897     7.0098    24.3116   12.45826 1.1630e-01     14.974 0.0000e+00
        447 177.831626    0.03097     1.8583    111.500  1024.4039  49544.492    31.0727     15.175    6.93624     6.8383     6.9475    24.3334   12.47321 1.1062e-01     15.319 0.0000e+00
        448 177.831629    0.03104     1.8625    111.750  1024.4244  49579.954    31.0874     15.514    6.94461     6.7923     6.8911    24.3523   12.48687 1.0544e-01     15.661 0.0000e+00
        449 177.831632    0.03111     1.8667    112.000  1024.4461  49617.867    31.1046     15.849    6.95208     6.7525     6.8397    24.3724   12.49901 1.0072e-01     15.999 0.0000e+00
        450 177.831635    0.03118     1.8708    112.250  1024.4685  49656.956    31.1235     16.181    6.95861     6.7170     6.7937    24.3932   12.50956 9.6400e-02     16.335 0.0000e+00
        451 177.831638    0.03125     1.8750    112.500  1024.4862  49687.468    31.1375     16.514    6.96440     6.6834     6.7539    24.4093   12.51895 9.2429e-02     16.671 0.0000e+00
        452 177.831641    0.03132     1.8792    112.750  1024.4983  49707.827    31.1452     16.851    6.96977     6.6501     6.7184    24.4199   12.52774 8.8761e-02     17.011 0.0000e+00
        453 177.831644    0.03139     1.8833    113.000  1024.5077  49723.157    31.1497     17.192    6.97501     6.6157     6.6848    24.4277   12.53634 8.5355e-02     17.355 0.0000e+00
        454 177.831646    0.03146     1.8875    113.250  1024.5149  49734.478    31.1514     17.536    6.98033     6.5788     6.6515    24.4333   12.54512 8.2176e-02     17.702 0.0000e+00
        455 177.831649    0.03153     1.8917    113.500  1024.5197  49741.478    31.1500     17.884    6.98596     6.5393     6.6172    24.4364   12.55446 7.9204e-02     18.054 0.0000e+00
        456 177.831652    0.03160     1.8958    113.750  1024.5259  49751.229    31.1499     18.236    6.99197     6.5002     6.5803    24.4410   12.56439 7.6432e-02     18.409 0.0000e+00
        457 177.831655    0.03167     1.9000    114.000  1024.5375  49770.965    31.1562     18.591    6.99811     6.4642     6.5408    24.4509   12.57445 7.3864e-02     18.767 0.0000e+00
        458 177.831658    0.03174     1.9042    114.250  1024.5527  49797.225    31.1672     18.948    7.00397     6.4308     6.5018    24.4644   12.58401 7.1489e-02     19.129 0.0000e+00
        459 177.831661    0.03181     1.9083    114.500  1024.5662  49820.497    31.1766     19.307    7.00941     6.3972     6.4658    24.4763   12.59289 6.9311e-02     19.490 0.0000e+00
        460 177.831664    0.03188     1.9125    114.750  1024.5760  49836.808    31.1816     19.662    7.01465     6.3617     6.4324    24.4844   12.60148 6.7344e-02     19.849 0.0000e+00
        461 177.831667    0.03194     1.9167    115.000  1024.5851  49852.002    31.1857     20.013    7.01996     6.3250     6.3988    24.4918   12.61020 6.5574e-02     20.203 0.0000e+00
        462 177.831670    0.03201     1.9208    115.250  1024.5973  49873.007    31.1936     20.358    7.02541     6.2890     6.3634    24.5024   12.61912 6.3955e-02     20.552 0.0000e+00
        463 177.831672    0.03208     1.9250    115.500  1024.6130  49900.739    31.2058     20.699    7.03086     6.2549     6.3268    24.5165   12.62798 6.2458e-02     20.896 0.0000e+00
        464 177.831675    0.03215     1.9292    115.750  1024.6310  49932.604    31.2210     21.039    7.03608     6.2223     6.2907    24.5329   12.63642 6.1084e-02     21.239 0.0000e+00
        465 177.831678    0.03222     1.9333    116.000  1024.6481  49962.770    31.2353     21.379    7.04103     6.1881     6.2566    24.5483   12.64442 5.9813e-02     21.582 0.0000e+00
        466 177.831681    0.03229     1.9375    116.250  1024.6604  49984.200    31.2438     21.724    7.04601     6.1486     6.2241    24.5590   12.65254 5.8608e-02     21.931 0.0000e+00
        467 177.831684    0.03236     1.9417    116.500  1024.6680  49997.187    31.2462     22.075    7.05156     6.1031     6.1899    24.5650   12.66167 5.7465e-02     22.285 0.0000e+00
        468 177.831687    0.03243     1.9458    116.750  1024.6745  50008.475    31.2463     22.431    7.05808     6.0540     6.1504    24.5699   12.67245 5.6403e-02     22.644 0.0000e+00
        469 177.831690    0.03250     1.9500    117.000  1024.6841  50025.594    31.2493     22.789    7.06549     6.0060     6.1049    24.5777   12.68465 5.5426e-02     23.005 0.0000e+00
        470 177.831693    0.03257     1.9542    117.250  1024.6996  50054.047    31.2594     23.147    7.07316     5.9631     6.0558    24.5916   12.69720 5.4552e-02     23.367 0.0000e+00
        471 177.831696    0.03264     1.9583    117.500  1024.7200  50091.351    31.2758     23.505    7.08037     5.9275     6.0078    24.6102   12.70891 5.3818e-02     23.728 0.0000e+00
        472 177.831698    0.03271     1.9625    117.750  1024.7414  50130.285    31.2943     23.862    7.08663     5.8992     5.9650    24.6299   12.71902 5.3259e-02     24.088 0.0000e+00
        473 177.831701    0.03278     1.9667    118.000  1024.7611  50165.873    31.3118     24.217    7.09174     5.8774     5.9294    24.6480   12.72724 5.2930e-02     24.446 0.0000e+00
        474 177.831704    0.03285     1.9708    118.250  1024.7779  50195.692    31.3268     24.567    7.09575     5.8604     5.9012    24.6631   12.73368 5.2920e-02     24.800 0.0000e+00
        475 177.831707    0.03292     1.9750    118.500  1024.7911  50218.665    31.3382     24.913    7.09885     5.8466     5.8793    24.6747   12.73866 5.3197e-02     25.149 0.0000e+00
        476 177.831710    0.03299     1.9792    118.750  1024.8008  50234.792    31.3459     25.252    7.10132     5.8344     5.8624    24.6828   12.74264 5.3516e-02     25.491 0.0000e+00
        477 177.831713    0.03306     1.9833    119.000  1024.8075  50245.456    31.3504     25.584    7.10342     5.8224     5.8486    24.6880   12.74604 5.3685e-02     25.827 0.0000e+00
        478 177.831716    0.03313     1.9875    119.250  1024.8120  50251.929    31.3523     25.911    7.10537     5.8091     5.8364    24.6909   12.74924 5.3715e-02     26.158 0.0000e+00
        479 177.831719    0.03319     1.9917    119.500  1024.8146  50254.887    31.3519     26.237    7.10740     5.7933     5.8244    24.6920   12.75260 5.3715e-02     26.486 0.0000e+00
        480 177.831722    0.03326     1.9958    119.750  1024.8159  50255.626    31.3496     26.563    7.10973     5.7741     5.8112    24.6918   12.75648 5.3719e-02     26.815 0.0000e+00
        481 177.831725    0.03333     2.0000    120.000  1024.8167  50255.603    31.3463     26.889    7.11253     5.7518     5.7954    24.6910   12.76116 5.3667e-02     27.145 0.0000e+00
        482 177.831727    0.03340     2.0042    120.250  1024.8185  50257.834    31.3439     27.213    7.11587     5.7283     5.7762    24.6913   12.76670 5.3532e-02     27.471 0.0000e+00
        483 177.831730    0.03347     2.0083    120.500  1024.8239  50266.755    31.3455     27.533    7.11955     5.7063     5.7539    24.6952   12.77276 5.3349e-02     27.795 0.0000e+00
        484 177.831733    0.03354     2.0125    120.750  1024.8327  50282.183    31.3513     27.852    7.12321     5.6869     5.7305    24.7025   12.77874 5.3151e-02     28.117 0.0000e+00
        485 177.831736    0.03361     2.0167    121.000  1024.8426  50299.474    31.3587     28.173    7.12657     5.6703     5.7085    24.7109   12.78419 5.2944e-02     28.441 0.0000e+00
        486 177.831739    0.03368     2.0208    121.250  1024.8519  50315.505    31.3658     28.496    7.12949     5.6563     5.6892    24.7187   12.78893 5.2724e-02     28.767 0.0000e+00
        487 177.831742    0.03375     2.0250    121.500  1024.8604  50329.781    31.3721     28.820    7.13198     5.6445     5.6726    24.7256   12.79296 5.2495e-02     29.094 0.0000e+00
        488 177.831745    0.03382     2.0292    121.750  1024.8680  50342.289    31.3778     29.145    7.13408     5.6347     5.6586    24.7317   12.79636 5.2263e-02     29.422 0.0000e+00
        489 177.831748    0.03389     2.0333    122.000  1024.8746  50352.691    31.3825     29.470    7.13584     5.6262     5.6468    24.7368   12.79920 5.2033e-02     29.750 0.0000e+00
        490 177.831751    0.03396     2.0375    122.250  1024.8799  50360.546    31.3858     29.796    7.13734     5.6183     5.6370    24.7405   12.80163 5.1813e-02     30.080 0.0000e+00
        491 177.831753    0.03403     2.0417    122.500  1024.8840  50366.177    31.3878     30.123    7.13867     5.6105     5.6285    24.7431   12.80381 5.1602e-02     30.410 0.0000e+00
        492 177.831756    0.03410     2.0458    122.750  1024.8878  50371.244    31.3896     30.451    7.13993     5.6033     5.6206    24.7453   12.80587 5.1390e-02     30.740 0.0000e+00
        493 177.831759    0.03417     2.0500    123.000  1024.8920  50377.042    31.3918     30.778    7.14113     5.5969     5.6129    24.7480   12.80782 5.1180e-02     31.070 0.0000e+00
        494 177.831762    0.03424     2.0542    123.250  1024.8964  50382.995    31.3943     31.106    7.14223     5.5912     5.6057    24.7508   12.80960 5.0975e-02     31.402 0.0000e+00
        495 177.831765    0.03431     2.0583    123.500  1024.9002  50387.922    31.3963     31.438    7.14321     5.5857     5.5993    24.7531   12.81120 5.0784e-02     31.737 0.0000e+00
        496 177.831768    0.03438     2.0625    123.750  1024.9032  50391.289    31.3973     31.773    7.14412     5.5799     5.5936    24.7546   12.81270 5.0609e-02     32.076 0.0000e+00
        497 177.831771    0.03444     2.0667    124.000  1024.9056  50393.475    31.3975     32.111    7.14504     5.5738     5.5881    24.7554   12.81422 5.0455e-02     32.416 0.0000e+00
        498 177.831774    0.03451     2.0708    124.250  1024.9081  50395.883    31.3978     32.449    7.14600     5.5678     5.5824    24.7563   12.81579 5.0325e-02     32.758 0.0000e+00
        499 177.831777    0.03458     2.0750    124.500  1024.9113  50399.490    31.3989     32.789    7.14697     5.5621     5.5763    24.7579   12.81739 5.0204e-02     33.102 0.0000e+00
        500 177.831780    0.03465     2.0792    124.750  1024.9148  50403.730    31.4005     33.133    7.14792     5.5569     5.5703    24.7598   12.81893 5.0084e-02     33.448 0.0000e+00
        501 177.831782    0.03472     2.0833    125.000  1024.9182  50407.746    31.4019     33.478    7.14881     5.5520     5.5647    24.7616   12.82037 4.9971e-02     33.797 0.0000e+00
        502 177.831785    0.03479     2.0875    125.250  1024.9215  50411.537    31.4033     33.822    7.14963     5.5474     5.5595    24.7633   12.82171 4.9858e-02     34.144 0.0000e+00
        503 177.831788    0.03486     2.0917    125.500  1024.9248  50415.230    31.4047     34.164    7.15038     5.5431     5.5546    24.7649   12.82295 4.9737e-02     34.489 0.0000e+00
        504 177.831791    0.03493     2.0958    125.750  1024.9277  50418.347    31.4058     34.500    7.15110     5.5386     5.5501    24.7663   12.82411 4.9616e-02     34.828 0.0000e+00
        505 177.831794    0.03500     2.1000    126.000  1024.9300  50420.390    31.4062     34.831    7.15181     5.5334     5.5458    24.7671   12.82528 4.9511e-02     35.163 0.0000e+00
        506 177.831797    0.03507     2.1042    126.250  1024.9319  50421.619    31.4059     35.160    7.15259     5.5275     5.5413    24.7674   12.82657 4.9416e-02     35.495 0.0000e+00
        507 177.831800    0.03514     2.1083    126.500  1024.9341  50423.412    31.4059     35.488    7.15346     5.5215     5.5361    24.7680   12.82802 4.9318e-02     35.826 0.0000e+00
        508 177.831803    0.03521     2.1125    126.750  1024.9371  50426.778    31.4069     35.816    7.15441     5.5155     5.5303    24.7695   12.82957 4.9215e-02     36.157 0.0000e+00
        509 177.831806    0.03528     2.1167    127.000  1024.9404  50430.742    31.4082     36.142    7.15537     5.5097     5.5242    24.7712   12.83114 4.9112e-02     36.486 0.0000e+00
        510 177.831808    0.03535     2.1208    127.250  1024.9435  50434.439    31.4094     36.469    7.15632     5.5040     5.5183    24.7728   12.83269 4.9018e-02     36.816 0.0000e+00
