CTD-processing/allCTD/CNV--homogene/2012_06-25_subbays_tutkab_cast121.cnv
* Sea-Bird SBE19plus Data File:
* FileName = C:\Documents and Settings\glenn.seaman\My Documents\KHolderied-files\CTD-DATA-FILES\2012-CTD-KachemakBay\2012-06-25-CTD-KachemakBay-subbays\2012-06-25-KBay-subbays-cast121.hex
* Software Version 1.59
* Temperature SN =  5028
* Conductivity SN =  5028
* System UpLoad Time = Jun 27 2012 00:26:02
** KachemakBay-Subbay-Survey
** Date: 2012-06-25
** Station: Tutka Bay B - in deep hole
** Start time (AKDT-24hr): 1733
** Depth (ft): 502
** Lat: 59d 27.479m N
** Long: 151d 25.345m W
** Secchi disk depth 3 m. Vertical phytoplankton tow to 3.75 m.  Phytoplankton surface water grab, filtered 10 liters. Lots of crab zoea in vertical tow.
# nquan = 17
# nvalues = 759                         
# units = specified
# name 0 = scan: Scan Count
# name 1 = timeJ: Julian Days
# name 2 = timeH: Time, Elapsed [hours]
# name 3 = timeM: Time, Elapsed [minutes]
# name 4 = timeS: Time, Elapsed [seconds]
# name 5 = density00: Density [density, kg/m^3]
# name 6 = specc: Specific Conductance [uS/cm]
# name 7 = sal00: Salinity, Practical [PSU]
# name 8 = depSM: Depth [salt water, m], lat = 59.00
# name 9 = oxsolML/L: Oxygen Saturation, Garcia & Gordon [ml/l]
# name 10 = potemp090C: Potential Temperature [ITS-90, deg C]
# name 11 = tv290C: Temperature [ITS-90, deg C]
# name 12 = sigma-é00: Density [sigma-theta, kg/m^3]
# name 13 = n2satML/L: Nitrogen Saturation [ml/l]
# name 14 = par: PAR/Irradiance, Biospherical/Licor [umol photons/m^2/sec]
# name 15 = prdM: Pressure, Strain Gauge [db]
# name 16 = flag:  0.000e+00
# span 0 =          1,        759       
# span 1 = 177.731817, 177.734010       
# span 2 =    0.00000,    0.05264       
# span 3 =     0.0000,     3.1583       
# span 4 =      0.000,    189.500       
# span 5 =  1000.1494,  1025.5868       
# span 6 =    908.551,  50810.174       
# span 7 =     0.4392,    31.5603       
# span 8 =     -0.174,    141.723       
# span 9 =    6.65316,    8.11853       
# span 10 =     5.2310,     9.9822      
# span 11 =     5.2411,     9.9822      
# span 12 =     0.1503,    24.9240      
# span 13 =   12.03604,   14.87223      
# span 14 = 4.5385e-02, 2.2072e+02      
# span 15 =     -0.175,    143.110      
# span 16 = 0.0000e+00, 0.0000e+00      
# interval = seconds: 0.25
# start_time = Jun 25 2012 17:33:49 [Instrument's time stamp, header]
# bad_flag = -9.990e-29
*END*
          1 177.731817    0.00000     0.0000      0.000  1000.3000   1284.522     0.6298     -0.171    8.10927     8.7265     8.7266     0.3009   14.85372 1.5078e+02     -0.173 0.0000e+00
          2 177.731820    0.00007     0.0042      0.250  1000.2949   1271.688     0.6232     -0.172    8.10962     8.7264     8.7265     0.2957   14.85442 1.5591e+02     -0.174 0.0000e+00
          3 177.731823    0.00014     0.0083      0.500  1000.2881   1254.770     0.6146     -0.172    8.11009     8.7264     8.7265     0.2889   14.85533 1.6173e+02     -0.174 0.0000e+00
          4 177.731826    0.00021     0.0125      0.750  1000.2828   1241.366     0.6078     -0.172    8.11045     8.7264     8.7264     0.2836   14.85605 1.6657e+02     -0.174 0.0000e+00
          5 177.731829    0.00028     0.0167      1.000  1000.2830   1241.914     0.6082     -0.171    8.11044     8.7263     8.7264     0.2839   14.85603 1.7023e+02     -0.173 0.0000e+00
          6 177.731832    0.00035     0.0208      1.250  1000.2899   1258.801     0.6169     -0.171    8.10999     8.7263     8.7263     0.2908   14.85514 1.7392e+02     -0.173 0.0000e+00
          7 177.731834    0.00042     0.0250      1.500  1000.3004   1284.345     0.6302     -0.171    8.10930     8.7263     8.7263     0.3012   14.85378 1.7810e+02     -0.173 0.0000e+00
          8 177.731837    0.00049     0.0292      1.750  1000.3132   1315.244     0.6464     -0.171    8.10847     8.7263     8.7263     0.3140   14.85212 1.8184e+02     -0.173 0.0000e+00
          9 177.731840    0.00056     0.0333      2.000  1000.3331   1363.559     0.6717     -0.171    8.10715     8.7263     8.7263     0.3339   14.84952 1.8387e+02     -0.173 0.0000e+00
         10 177.731843    0.00063     0.0375      2.250  1000.3682   1448.773     0.7163     -0.172    8.10483     8.7263     8.7262     0.3690   14.84493 1.8462e+02     -0.174 0.0000e+00
         11 177.731846    0.00069     0.0417      2.500  1000.4271   1591.666     0.7910     -0.172    8.10093     8.7263     8.7262     0.4279   14.83722 1.8571e+02     -0.174 0.0000e+00
         12 177.731849    0.00076     0.0458      2.750  1000.5209   1818.805     0.9100     -0.172    8.09472     8.7263     8.7262     0.5217   14.82495 1.8750e+02     -0.174 0.0000e+00
         13 177.731852    0.00083     0.0500      3.000  1000.6445   2117.673     1.0670     -0.171    8.08653     8.7264     8.7263     0.6453   14.80876 1.8996e+02     -0.173 0.0000e+00
         14 177.731855    0.00090     0.0542      3.250  1000.7621   2401.157     1.2164     -0.171    8.07874     8.7264     8.7263     0.7629   14.79336 1.9338e+02     -0.173 0.0000e+00
         15 177.731858    0.00097     0.0583      3.500  1000.8367   2580.871     1.3111     -0.171    8.07379     8.7265     8.7263     0.8375   14.78358 1.9733e+02     -0.173 0.0000e+00
         16 177.731861    0.00104     0.0625      3.750  1000.8602   2638.185     1.3410     -0.172    8.07222     8.7266     8.7264     0.8610   14.78049 2.0079e+02     -0.174 0.0000e+00
         17 177.731863    0.00111     0.0667      4.000  1000.8463   2605.923     1.3232     -0.172    8.07313     8.7266     8.7265     0.8471   14.78228 2.0327e+02     -0.174 0.0000e+00
         18 177.731866    0.00118     0.0708      4.250  1000.8086   2516.763     1.2754     -0.172    8.07560     8.7267     8.7266     0.8095   14.78717 2.0525e+02     -0.174 0.0000e+00
         19 177.731869    0.00125     0.0750      4.500  1000.7568   2393.254     1.2096     -0.171    8.07901     8.7268     8.7266     0.7577   14.79392 2.0743e+02     -0.173 0.0000e+00
         20 177.731872    0.00132     0.0792      4.750  1000.7012   2260.143     1.1389     -0.171    8.08268     8.7269     8.7267     0.7021   14.80117 2.1056e+02     -0.173 0.0000e+00
         21 177.731875    0.00139     0.0833      5.000  1000.6502   2137.735     1.0741     -0.171    8.08604     8.7269     8.7268     0.6510   14.80782 2.1549e+02     -0.173 0.0000e+00
         22 177.731878    0.00146     0.0875      5.250  1000.6082   2036.721     1.0208     -0.171    8.08881     8.7270     8.7269     0.6090   14.81329 2.2040e+02     -0.173 0.0000e+00
         23 177.731881    0.00153     0.0917      5.500  1000.5758   1958.703     0.9796     -0.171    8.09094     8.7271     8.7269     0.5767   14.81750 2.2072e+02     -0.173 0.0000e+00
         24 177.731884    0.00160     0.0958      5.750  1000.5510   1898.850     0.9482     -0.171    8.09256     8.7272     8.7270     0.5519   14.82072 2.1545e+02     -0.173 0.0000e+00
         25 177.731887    0.00167     0.1000      6.000  1000.5310   1850.409     0.9227     -0.171    8.09387     8.7273     8.7271     0.5318   14.82331 2.0886e+02     -0.173 0.0000e+00
         26 177.731889    0.00174     0.1042      6.250  1000.5128   1806.391     0.8997     -0.171    8.09506     8.7274     8.7272     0.5137   14.82566 2.0476e+02     -0.173 0.0000e+00
         27 177.731892    0.00181     0.1083      6.500  1000.4942   1760.967     0.8760     -0.171    8.09628     8.7275     8.7273     0.4950   14.82807 2.0384e+02     -0.173 0.0000e+00
         28 177.731895    0.00187     0.1125      6.750  1000.4740   1711.925     0.8505     -0.171    8.09759     8.7275     8.7274     0.4749   14.83068 2.0508e+02     -0.173 0.0000e+00
         29 177.731898    0.00194     0.1167      7.000  1000.4525   1659.442     0.8232     -0.172    8.09900     8.7276     8.7275     0.4534   14.83347 2.0683e+02     -0.173 0.0000e+00
         30 177.731901    0.00201     0.1208      7.250  1000.4299   1604.005     0.7945     -0.172    8.10049     8.7277     8.7275     0.4307   14.83641 2.0805e+02     -0.173 0.0000e+00
         31 177.731904    0.00208     0.1250      7.500  1000.4064   1546.522     0.7647     -0.171    8.10203     8.7278     8.7276     0.4073   14.83946 2.0867e+02     -0.173 0.0000e+00
         32 177.731907    0.00215     0.1292      7.750  1000.3828   1488.506     0.7348     -0.171    8.10358     8.7278     8.7277     0.3836   14.84253 2.0876e+02     -0.173 0.0000e+00
         33 177.731910    0.00222     0.1333      8.000  1000.3596   1431.508     0.7054     -0.172    8.10510     8.7279     8.7278     0.3605   14.84554 2.0828e+02     -0.173 0.0000e+00
         34 177.731913    0.00229     0.1375      8.250  1000.3374   1376.625     0.6772     -0.172    8.10656     8.7280     8.7278     0.3382   14.84843 2.0747e+02     -0.174 0.0000e+00
         35 177.731916    0.00236     0.1417      8.500  1000.3163   1324.531     0.6504     -0.173    8.10794     8.7281     8.7279     0.3171   14.85117 2.0680e+02     -0.174 0.0000e+00
         36 177.731918    0.00243     0.1458      8.750  1000.2965   1275.786     0.6254     -0.173    8.10923     8.7282     8.7280     0.2974   14.85372 2.0651e+02     -0.175 0.0000e+00
         37 177.731921    0.00250     0.1500      9.000  1000.2784   1230.959     0.6025     -0.173    8.11041     8.7283     8.7281     0.2793   14.85607 2.0594e+02     -0.175 0.0000e+00
         38 177.731924    0.00257     0.1542      9.250  1000.2621   1190.354     0.5817     -0.173    8.11148     8.7284     8.7282     0.2629   14.85818 2.0434e+02     -0.175 0.0000e+00
         39 177.731927    0.00264     0.1583      9.500  1000.2474   1153.784     0.5631     -0.173    8.11244     8.7284     8.7283     0.2482   14.86008 2.0194e+02     -0.175 0.0000e+00
         40 177.731930    0.00271     0.1625      9.750  1000.2341   1120.740     0.5463     -0.173    8.11330     8.7285     8.7284     0.2349   14.86178 1.9908e+02     -0.175 0.0000e+00
         41 177.731933    0.00278     0.1667     10.000  1000.2220   1090.494     0.5309     -0.173    8.11408     8.7286     8.7284     0.2228   14.86334 1.9585e+02     -0.175 0.0000e+00
         42 177.731936    0.00285     0.1708     10.250  1000.2107   1062.366     0.5167     -0.173    8.11481     8.7287     8.7285     0.2115   14.86479 1.9221e+02     -0.175 0.0000e+00
         43 177.731939    0.00292     0.1750     10.500  1000.2002   1036.035     0.5033     -0.173    8.11549     8.7289     8.7286     0.2010   14.86613 1.8765e+02     -0.175 0.0000e+00
         44 177.731942    0.00299     0.1792     10.750  1000.1904   1011.537     0.4910     -0.172    8.11611     8.7290     8.7287     0.1912   14.86738 1.8158e+02     -0.174 0.0000e+00
         45 177.731944    0.00306     0.1833     11.000  1000.1815    989.228     0.4797     -0.172    8.11668     8.7291     8.7288     0.1823   14.86851 1.7387e+02     -0.174 0.0000e+00
         46 177.731947    0.00313     0.1875     11.250  1000.1736    969.497     0.4697     -0.172    8.11718     8.7291     8.7289     0.1745   14.86951 1.6542e+02     -0.174 0.0000e+00
         47 177.731950    0.00319     0.1917     11.500  1000.1670    952.764     0.4613     -0.173    8.11761     8.7292     8.7290     0.1678   14.87035 1.5792e+02     -0.174 0.0000e+00
         48 177.731953    0.00326     0.1958     11.750  1000.1620    940.351     0.4551     -0.173    8.11792     8.7293     8.7291     0.1629   14.87096 1.5202e+02     -0.174 0.0000e+00
         49 177.731956    0.00333     0.2000     12.000  1000.1597    934.597     0.4522     -0.173    8.11805     8.7295     8.7292     0.1606   14.87123 1.4690e+02     -0.174 0.0000e+00
         50 177.731959    0.00340     0.2042     12.250  1000.1600    935.230     0.4525     -0.173    8.11801     8.7296     8.7293     0.1608   14.87116 1.4176e+02     -0.174 0.0000e+00
         51 177.731962    0.00347     0.2083     12.500  1000.1625    941.633     0.4557     -0.173    8.11782     8.7296     8.7294     0.1633   14.87080 1.3790e+02     -0.174 0.0000e+00
         52 177.731965    0.00354     0.2125     12.750  1000.1675    954.125     0.4620     -0.172    8.11747     8.7297     8.7295     0.1683   14.87011 1.3804e+02     -0.174 0.0000e+00
         53 177.731968    0.00361     0.2167     13.000  1000.1716    964.497     0.4672     -0.172    8.11718     8.7298     8.7296     0.1724   14.86954 1.4336e+02     -0.174 0.0000e+00
         54 177.731970    0.00368     0.2208     13.250  1000.1710    962.987     0.4665     -0.171    8.11720     8.7300     8.7297     0.1718   14.86959 1.5311e+02     -0.173 0.0000e+00
         55 177.731973    0.00375     0.2250     13.500  1000.1670    952.822     0.4614     -0.171    8.11745     8.7301     8.7298     0.1678   14.87008 1.6479e+02     -0.173 0.0000e+00
         56 177.731976    0.00382     0.2292     13.750  1000.1611    938.071     0.4540     -0.172    8.11782     8.7302     8.7299     0.1619   14.87081 1.7500e+02     -0.174 0.0000e+00
         57 177.731979    0.00389     0.2333     14.000  1000.1536    919.027     0.4444     -0.172    8.11829     8.7304     8.7301     0.1544   14.87175 1.8235e+02     -0.174 0.0000e+00
         58 177.731982    0.00396     0.2375     14.250  1000.1494    908.551     0.4392     -0.172    8.11853     8.7307     8.7302     0.1503   14.87223 1.8756e+02     -0.174 0.0000e+00
         59 177.731985    0.00403     0.2417     14.500  1000.1530    917.497     0.4438     -0.172    8.11825     8.7309     8.7304     0.1538   14.87170 1.9153e+02     -0.174 0.0000e+00
         60 177.731988    0.00410     0.2458     14.750  1000.1626    941.514     0.4559     -0.172    8.11757     8.7311     8.7306     0.1634   14.87037 1.9510e+02     -0.174 0.0000e+00
         61 177.731991    0.00417     0.2500     15.000  1000.1788    982.259     0.4766     -0.172    8.11645     8.7313     8.7309     0.1797   14.86816 1.9863e+02     -0.174 0.0000e+00
         62 177.731994    0.00424     0.2542     15.250  1000.2048   1047.227     0.5095     -0.172    8.11468     8.7315     8.7311     0.2057   14.86469 2.0133e+02     -0.174 0.0000e+00
         63 177.731997    0.00431     0.2583     15.500  1000.2394   1133.530     0.5534     -0.172    8.11235     8.7316     8.7313     0.2403   14.86008 2.0256e+02     -0.174 0.0000e+00
         64 177.731999    0.00438     0.2625     15.750  1000.2797   1233.550     0.6044     -0.172    8.10964     8.7318     8.7315     0.2805   14.85475 2.0266e+02     -0.174 0.0000e+00
         65 177.732002    0.00444     0.2667     16.000  1000.3223   1339.183     0.6585     -0.173    8.10678     8.7320     8.7316     0.3231   14.84910 2.0233e+02     -0.174 0.0000e+00
         66 177.732005    0.00451     0.2708     16.250  1000.3628   1439.418     0.7099     -0.173    8.10406     8.7321     8.7318     0.3637   14.84373 2.0218e+02     -0.174 0.0000e+00
         67 177.732008    0.00458     0.2750     16.500  1000.3979   1525.883     0.7544     -0.173    8.10170     8.7323     8.7320     0.3988   14.83908 2.0225e+02     -0.175 0.0000e+00
         68 177.732011    0.00465     0.2792     16.750  1000.4235   1588.723     0.7868     -0.173    8.09998     8.7325     8.7321     0.4243   14.83568 2.0228e+02     -0.175 0.0000e+00
         69 177.732014    0.00472     0.2833     17.000  1000.4346   1616.298     0.8010     -0.173    8.09921     8.7326     8.7323     0.4355   14.83416 2.0215e+02     -0.175 0.0000e+00
         70 177.732017    0.00479     0.2875     17.250  1000.4321   1610.178     0.7978     -0.173    8.09935     8.7327     8.7325     0.4329   14.83445 2.0147e+02     -0.174 0.0000e+00
         71 177.732020    0.00486     0.2917     17.500  1000.4196   1579.719     0.7820     -0.173    8.10015     8.7328     8.7326     0.4205   14.83603 2.0039e+02     -0.174 0.0000e+00
         72 177.732023    0.00493     0.2958     17.750  1000.3989   1528.791     0.7557     -0.173    8.10150     8.7330     8.7327     0.3998   14.83871 1.9968e+02     -0.174 0.0000e+00
         73 177.732025    0.00500     0.3000     18.000  1000.3716   1461.732     0.7211     -0.174    8.10328     8.7331     8.7328     0.3725   14.84224 1.9879e+02     -0.175 0.0000e+00
         74 177.732028    0.00507     0.3042     18.250  1000.3426   1390.216     0.6844     -0.174    8.10518     8.7332     8.7330     0.3435   14.84600 1.9604e+02     -0.175 0.0000e+00
         75 177.732031    0.00514     0.3083     18.500  1000.3173   1327.698     0.6523     -0.174    8.10683     8.7333     8.7331     0.3182   14.84927 1.9119e+02     -0.175 0.0000e+00
         76 177.732034    0.00521     0.3125     18.750  1000.2969   1276.917     0.6264     -0.173    8.10817     8.7334     8.7332     0.2977   14.85192 1.8613e+02     -0.174 0.0000e+00
         77 177.732037    0.00528     0.3167     19.000  1000.2782   1230.342     0.6028     -0.173    8.10938     8.7336     8.7333     0.2790   14.85433 1.8210e+02     -0.174 0.0000e+00
         78 177.732040    0.00535     0.3208     19.250  1000.2622   1190.125     0.5825     -0.173    8.11042     8.7339     8.7334     0.2630   14.85639 1.7914e+02     -0.174 0.0000e+00
         79 177.732043    0.00542     0.3250     19.500  1000.2563   1174.438     0.5750     -0.172    8.11079     8.7342     8.7336     0.2571   14.85713 1.7771e+02     -0.174 0.0000e+00
         80 177.732046    0.00549     0.3292     19.750  1000.2659   1197.027     0.5873     -0.172    8.11012     8.7347     8.7338     0.2667   14.85582 1.7807e+02     -0.174 0.0000e+00
         81 177.732049    0.00556     0.3333     20.000  1000.2880   1249.648     0.6154     -0.172    8.10861     8.7355     8.7342     0.2889   14.85287 1.7969e+02     -0.174 0.0000e+00
         82 177.732052    0.00562     0.3375     20.250  1000.3146   1311.853     0.6494     -0.172    8.10679     8.7368     8.7347     0.3155   14.84930 1.8197e+02     -0.173 0.0000e+00
         83 177.732054    0.00569     0.3417     20.500  1000.3443   1378.960     0.6873     -0.172    8.10473     8.7388     8.7355     0.3452   14.84529 1.8404e+02     -0.173 0.0000e+00
         84 177.732057    0.00576     0.3458     20.750  1000.3827   1463.221     0.7365     -0.171    8.10205     8.7420     8.7368     0.3836   14.84008 1.8495e+02     -0.172 0.0000e+00
         85 177.732060    0.00583     0.3500     21.000  1000.4357   1576.193     0.8045     -0.171    8.09834     8.7472     8.7388     0.4365   14.83287 1.8425e+02     -0.172 0.0000e+00
