CTD-processing/allCTD/CNV--homogene/2012_09-21_t9_s02_repeat4_cast182.cnv
* Sea-Bird SBE19plus Data File:
* FileName = C:\Documents and Settings\kris.holderied.local\My Documents\2012-CTD-DATA-new-files\2012-09-21-CTD-HomerSpit-tide-time-series-KBRRctd\2012-09-21-CTD-HomerSpit-tide-repeat4\2012-09-21-HomerSpit-tide-repeat4-cast182.hex
* Software Version 1.54
* Temperature SN =  4141
* Conductivity SN =  4141
* System UpLoad Time = Oct 11 2012 19:31:55
** Kachemak Bay Homer Spit Line - Tidal repeat4
** Date:  2012-09-21
** Station: 9-02
** Start time (AKDT-24 hr): 1543
** Depth (ft): 247
** Comment:Convergence line immediately to south. No debris. Drifted inshore of line before cast.
# nquan = 17
# nvalues = 552                         
# units = specified
# name 0 = scan: Scan Count
# name 1 = timeJ: Julian Days
# name 2 = timeH: Time, Elapsed [hours]
# name 3 = timeM: Time, Elapsed [minutes]
# name 4 = timeS: Time, Elapsed [seconds]
# name 5 = density00: Density [density, kg/m^3]
# name 6 = specc: Specific Conductance [uS/cm]
# name 7 = sal00: Salinity, Practical [PSU]
# name 8 = depSM: Depth [salt water, m], lat = 59.00
# name 9 = oxsolML/L: Oxygen Saturation, Garcia & Gordon [ml/l]
# name 10 = potemp090C: Potential Temperature [ITS-90, deg C]
# name 11 = tv290C: Temperature [ITS-90, deg C]
# name 12 = sigma-é00: Density [sigma-theta, kg/m^3]
# name 13 = n2satML/L: Nitrogen Saturation [ml/l]
# name 14 = par: PAR/Irradiance, Biospherical/Licor
# name 15 = prdM: Pressure, Strain Gauge [db]
# name 16 = flag:  0.000e+00
# span 0 =          1,        552       
# span 1 = 265.655046, 265.656641       
# span 2 =    0.00000,    0.03826       
# span 3 =     0.0000,     2.2958       
# span 4 =      0.000,    137.750       
# span 5 =  1002.0218,  1024.1289       
# span 6 =   5474.914,  48694.877       
# span 7 =     2.9332,    30.8308       
# span 8 =     -0.146,     73.349       
# span 9 =    6.54505,    7.79807       
# span 10 =     9.4093,     9.7502      
# span 11 =     9.4171,     9.7515      
# span 12 =     2.0225,    23.7923      
# span 13 =   11.83294,   14.29477      
# span 14 = 6.8310e-02, 1.8594e+02      
# span 15 =     -0.147,     74.054      
# span 16 = 0.0000e+00, 0.0000e+00      
# interval = seconds: 0.25
# start_time = Sep 21 2012 15:43:16 [Instrument's time stamp, header]
# bad_flag = -9.990e-29
*END*
          1 265.655046    0.00000     0.0000      0.000  1002.0218   5474.914     2.9332     -0.138    7.79807     9.7502     9.7515     2.0225   14.29477 8.9089e+01     -0.140 0.0000e+00
          2 265.655049    0.00007     0.0042      0.250  1002.4208   6362.477     3.4443     -0.139    7.77290     9.7493     9.7510     2.4215   14.24495 9.4411e+01     -0.141 0.0000e+00
          3 265.655052    0.00014     0.0083      0.500  1002.9026   7424.291     4.0617     -0.141    7.74260     9.7482     9.7502     2.9032   14.18500 1.0072e+02     -0.143 0.0000e+00
          4 265.655055    0.00021     0.0125      0.750  1003.4478   8614.126     4.7608     -0.142    7.70845     9.7468     9.7493     3.4485   14.11745 1.0779e+02     -0.144 0.0000e+00
          5 265.655058    0.00028     0.0167      1.000  1004.0230   9853.482     5.4987     -0.144    7.67263     9.7450     9.7482     4.0236   14.04665 1.1576e+02     -0.146 0.0000e+00
          6 265.655061    0.00035     0.0208      1.250  1004.7569  11415.819     6.4409     -0.146    7.62714     9.7424     9.7468     4.7575   13.95678 1.2357e+02     -0.147 0.0000e+00
          7 265.655064    0.00042     0.0250      1.500  1005.5816  13164.749     7.4999     -0.146    7.57616     9.7388     9.7450     5.5823   13.85606 1.3007e+02     -0.147 0.0000e+00
          8 265.655067    0.00049     0.0292      1.750  1005.9593  13972.210     7.9844     -0.145    7.55304     9.7339     9.7424     5.9599   13.81028 1.3650e+02     -0.146 0.0000e+00
          9 265.655069    0.00056     0.0333      2.000  1005.7042  13450.653     7.6558     -0.143    7.56930     9.7272     9.7388     5.7049   13.84212 1.4453e+02     -0.144 0.0000e+00
         10 265.655072    0.00063     0.0375      2.250  1005.2054  12407.044     7.0140     -0.139    7.60106     9.7179     9.7339     5.2061   13.90450 1.5445e+02     -0.140 0.0000e+00
         11 265.655075    0.00069     0.0417      2.500  1004.7975  11542.754     6.4891     -0.135    7.62770     9.7062     9.7272     4.7982   13.95675 1.6512e+02     -0.136 0.0000e+00
         12 265.655078    0.00076     0.0458      2.750  1004.6033  11124.183     6.2385     -0.132    7.64165     9.6947     9.7179     4.6040   13.98381 1.7415e+02     -0.133 0.0000e+00
         13 265.655081    0.00083     0.0500      3.000  1004.5120  10912.452     6.1199     -0.130    7.64981     9.6858     9.7062     4.5126   13.99938 1.8044e+02     -0.131 0.0000e+00
         14 265.655084    0.00090     0.0542      3.250  1004.3980  10635.008     5.9726     -0.125    7.65967     9.6797     9.6947     4.3986   14.01838 1.8428e+02     -0.127 0.0000e+00
         15 265.655087    0.00097     0.0583      3.500  1004.4613  10720.155     6.0534     -0.115    7.65829     9.6750     9.6858     4.4619   14.01541 1.8594e+02     -0.116 0.0000e+00
         16 265.655090    0.00104     0.0625      3.750  1004.9405  11673.658     6.6687     -0.095    7.63083     9.6699     9.6797     4.9411   13.96117 1.8545e+02     -0.096 0.0000e+00
         17 265.655093    0.00111     0.0667      4.000  1005.9654  13752.986     7.9848     -0.061    7.56979     9.6626     9.6750     5.9657   13.84090 1.8262e+02     -0.062 0.0000e+00
         18 265.655095    0.00118     0.0708      4.250  1007.7581  17400.340    10.2873     -0.005    7.46223     9.6514     9.6700     7.7582   13.62911 1.7701e+02     -0.005 0.0000e+00
         19 265.655098    0.00125     0.0750      4.500  1010.3411  22621.956    13.6052      0.080    7.30798     9.6357     9.6627    10.3408   13.32554 1.6743e+02      0.081 0.0000e+00
         20 265.655101    0.00132     0.0792      4.750  1013.0419  28032.924    17.0739      0.191    7.14840     9.6164     9.6515    13.0410   13.01152 1.5204e+02      0.193 0.0000e+00
         21 265.655104    0.00139     0.0833      5.000  1015.0382  32012.374    19.6365      0.317    7.03210     9.5952     9.6358    15.0368   12.78243 1.3247e+02      0.320 0.0000e+00
         22 265.655107    0.00146     0.0875      5.250  1016.2544  34433.152    21.1956      0.442    6.96289     9.5738     9.6165    16.2524   12.64565 1.1466e+02      0.446 0.0000e+00
         23 265.655110    0.00153     0.0917      5.500  1017.0023  35918.456    22.1524      0.558    6.92191     9.5534     9.5953    16.9998   12.56421 1.0177e+02      0.563 0.0000e+00
         24 265.655113    0.00160     0.0958      5.750  1017.4681  36840.324    22.7465      0.659    6.89777     9.5343     9.5739    17.4650   12.51584 9.3365e+01      0.665 0.0000e+00
         25 265.655116    0.00167     0.1000      6.000  1017.7648  37424.981    23.1237      0.741    6.88355     9.5165     9.5535    17.7614   12.48699 8.8408e+01      0.748 0.0000e+00
         26 265.655119    0.00174     0.1042      6.250  1017.9611  37809.292    23.3721      0.806    6.87509     9.5001     9.5344    17.9574   12.46953 8.5371e+01      0.813 0.0000e+00
         27 265.655122    0.00181     0.1083      6.500  1018.0952  38069.686    23.5409      0.856    6.87012     9.4854     9.5166    18.0912   12.45898 8.3570e+01      0.864 0.0000e+00
         28 265.655124    0.00187     0.1125      6.750  1018.1865  38245.809    23.6551      0.893    6.86745     9.4728     9.5002    18.1824   12.45300 8.3064e+01      0.901 0.0000e+00
         29 265.655127    0.00194     0.1167      7.000  1018.2488  38364.998    23.7323      0.912    6.86623     9.4628     9.4855    18.2446   12.44993 8.3717e+01      0.920 0.0000e+00
         30 265.655130    0.00201     0.1208      7.250  1018.2918  38446.811    23.7853      0.913    6.86578     9.4555     9.4729    18.2876   12.44848 8.5089e+01      0.921 0.0000e+00
         31 265.655133    0.00208     0.1250      7.500  1018.3207  38501.434    23.8206      0.900    6.86573     9.4511     9.4628    18.3166   12.44794 8.6489e+01      0.908 0.0000e+00
         32 265.655136    0.00215     0.1292      7.750  1018.3370  38532.215    23.8404      0.885    6.86597     9.4491     9.4555    18.3329   12.44807 8.7223e+01      0.893 0.0000e+00
         33 265.655139    0.00222     0.1333      8.000  1018.3416  38540.844    23.8455      0.877    6.86641     9.4481     9.4511    18.3375   12.44874 8.7006e+01      0.885 0.0000e+00
         34 265.655142    0.00229     0.1375      8.250  1018.3405  38538.808    23.8437      0.882    6.86679     9.4468     9.4491    18.3364   12.44939 8.6119e+01      0.890 0.0000e+00
         35 265.655145    0.00236     0.1417      8.500  1018.3416  38540.753    23.8448      0.896    6.86689     9.4449     9.4482    18.3374   12.44953 8.5241e+01      0.904 0.0000e+00
         36 265.655148    0.00243     0.1458      8.750  1018.3461  38549.075    23.8503      0.908    6.86684     9.4428     9.4469    18.3418   12.44938 8.5082e+01      0.916 0.0000e+00
         37 265.655150    0.00250     0.1500      9.000  1018.3517  38559.511    23.8572      0.907    6.86683     9.4407     9.4450    18.3475   12.44928 8.5782e+01      0.916 0.0000e+00
         38 265.655153    0.00257     0.1542      9.250  1018.3572  38569.882    23.8640      0.892    6.86686     9.4393     9.4429    18.3531   12.44924 8.6872e+01      0.901 0.0000e+00
         39 265.655156    0.00264     0.1583      9.500  1018.3614  38577.628    23.8691      0.870    6.86695     9.4388     9.4408    18.3573   12.44933 8.7729e+01      0.878 0.0000e+00
         40 265.655159    0.00271     0.1625      9.750  1018.3613  38577.482    23.8688      0.853    6.86719     9.4395     9.4393    18.3573   12.44972 8.7870e+01      0.861 0.0000e+00
         41 265.655162    0.00278     0.1667     10.000  1018.3564  38568.238    23.8625      0.851    6.86753     9.4406     9.4389    18.3525   12.45038 8.7215e+01      0.859 0.0000e+00
         42 265.655165    0.00285     0.1708     10.250  1018.3505  38557.091    23.8550      0.866    6.86776     9.4410     9.4396    18.3465   12.45085 8.6120e+01      0.875 0.0000e+00
         43 265.655168    0.00292     0.1750     10.500  1018.3475  38551.325    23.8512      0.891    6.86776     9.4404     9.4406    18.3434   12.45090 8.5185e+01      0.900 0.0000e+00
         44 265.655171    0.00299     0.1792     10.750  1018.3485  38553.156    23.8524      0.913    6.86764     9.4388     9.4411    18.3443   12.45068 8.4906e+01      0.922 0.0000e+00
         45 265.655174    0.00306     0.1833     11.000  1018.3528  38561.032    23.8577      0.920    6.86751     9.4369     9.4405    18.3485   12.45039 8.5341e+01      0.928 0.0000e+00
         46 265.655177    0.00313     0.1875     11.250  1018.3584  38571.611    23.8648      0.910    6.86744     9.4355     9.4389    18.3542   12.45019 8.6148e+01      0.918 0.0000e+00
         47 265.655179    0.00319     0.1917     11.500  1018.3631  38580.377    23.8706      0.890    6.86747     9.4352     9.4370    18.3590   12.45017 8.6715e+01      0.898 0.0000e+00
         48 265.655182    0.00326     0.1958     11.750  1018.3639  38581.902    23.8715      0.873    6.86765     9.4361     9.4356    18.3599   12.45045 8.6328e+01      0.881 0.0000e+00
         49 265.655185    0.00333     0.2000     12.000  1018.3603  38575.050    23.8668      0.870    6.86790     9.4376     9.4353    18.3563   12.45094 8.4895e+01      0.878 0.0000e+00
         50 265.655188    0.00340     0.2042     12.250  1018.3548  38564.577    23.8597      0.886    6.86807     9.4389     9.4362    18.3507   12.45131 8.2919e+01      0.895 0.0000e+00
         51 265.655191    0.00347     0.2083     12.500  1018.3503  38556.071    23.8541      0.917    6.86808     9.4392     9.4377    18.3460   12.45141 8.0819e+01      0.926 0.0000e+00
         52 265.655194    0.00354     0.2125     12.750  1018.3489  38553.203    23.8522      0.952    6.86797     9.4384     9.4390    18.3444   12.45125 7.9191e+01      0.961 0.0000e+00
         53 265.655197    0.00361     0.2167     13.000  1018.3508  38556.643    23.8546      0.977    6.86783     9.4368     9.4392    18.3462   12.45098 7.8615e+01      0.987 0.0000e+00
         54 265.655200    0.00368     0.2208     13.250  1018.3554  38565.227    23.8603      0.985    6.86769     9.4344     9.4385    18.3508   12.45068 7.9144e+01      0.995 0.0000e+00
         55 265.655203    0.00375     0.2250     13.500  1018.3627  38578.787    23.8694      0.975    6.86754     9.4315     9.4368    18.3581   12.45031 8.0338e+01      0.985 0.0000e+00
         56 265.655205    0.00382     0.2292     13.750  1018.3723  38596.792    23.8814      0.956    6.86738     9.4287     9.4345    18.3678   12.44989 8.1437e+01      0.965 0.0000e+00
         57 265.655208    0.00389     0.2333     14.000  1018.3819  38614.751    23.8934      0.938    6.86729     9.4265     9.4316    18.3775   12.44959 8.1845e+01      0.947 0.0000e+00
         58 265.655211    0.00396     0.2375     14.250  1018.3890  38627.774    23.9020      0.931    6.86734     9.4249     9.4288    18.3846   12.44956 8.1470e+01      0.940 0.0000e+00
         59 265.655214    0.00403     0.2417     14.500  1018.3936  38636.142    23.9074      0.938    6.86745     9.4237     9.4266    18.3892   12.44967 8.0634e+01      0.947 0.0000e+00
         60 265.655217    0.00410     0.2458     14.750  1018.3968  38642.007    23.9113      0.954    6.86753     9.4227     9.4250    18.3924   12.44976 7.9812e+01      0.963 0.0000e+00
         61 265.655220    0.00417     0.2500     15.000  1018.3993  38646.340    23.9141      0.969    6.86759     9.4220     9.4238    18.3948   12.44982 7.9384e+01      0.978 0.0000e+00
         62 265.655223    0.00424     0.2542     15.250  1018.4012  38649.723    23.9163      0.976    6.86764     9.4213     9.4228    18.3966   12.44986 7.9501e+01      0.985 0.0000e+00
         63 265.655226    0.00431     0.2583     15.500  1018.4026  38652.425    23.9181      0.970    6.86768     9.4206     9.4221    18.3981   12.44991 8.0058e+01      0.979 0.0000e+00
         64 265.655229    0.00438     0.2625     15.750  1018.4039  38654.864    23.9197      0.955    6.86772     9.4199     9.4214    18.3994   12.44995 8.0756e+01      0.964 0.0000e+00
         65 265.655231    0.00444     0.2667     16.000  1018.4052  38657.515    23.9214      0.938    6.86775     9.4196     9.4207    18.4009   12.44999 8.1213e+01      0.947 0.0000e+00
         66 265.655234    0.00451     0.2708     16.250  1018.4064  38659.723    23.9229      0.927    6.86778     9.4195     9.4200    18.4021   12.45003 8.1157e+01      0.936 0.0000e+00
         67 265.655237    0.00458     0.2750     16.500  1018.4068  38660.475    23.9234      0.927    6.86782     9.4198     9.4197    18.4025   12.45008 8.0628e+01      0.936 0.0000e+00
         68 265.655240    0.00465     0.2792     16.750  1018.4068  38660.248    23.9232      0.937    6.86783     9.4202     9.4196    18.4024   12.45010 7.9936e+01      0.947 0.0000e+00
         69 265.655243    0.00472     0.2833     17.000  1018.4067  38660.038    23.9231      0.953    6.86780     9.4206     9.4199    18.4023   12.45005 7.9493e+01      0.962 0.0000e+00
         70 265.655246    0.00479     0.2875     17.250  1018.4067  38660.025    23.9231      0.965    6.86774     9.4210     9.4203    18.4022   12.44996 7.9584e+01      0.975 0.0000e+00
         71 265.655249    0.00486     0.2917     17.500  1018.4066  38659.768    23.9229      0.969    6.86768     9.4212     9.4207    18.4021   12.44986 8.0223e+01      0.978 0.0000e+00
         72 265.655252    0.00493     0.2958     17.750  1018.4060  38658.645    23.9222      0.962    6.86765     9.4213     9.4211    18.4015   12.44982 8.1173e+01      0.971 0.0000e+00
         73 265.655255    0.00500     0.3000     18.000  1018.4046  38656.227    23.9206      0.948    6.86768     9.4213     9.4213    18.4002   12.44989 8.2020e+01      0.957 0.0000e+00
         74 265.655258    0.00507     0.3042     18.250  1018.4027  38652.774    23.9183      0.933    6.86776     9.4214     9.4214    18.3983   12.45006 8.2374e+01      0.942 0.0000e+00
         75 265.655260    0.00514     0.3083     18.500  1018.4009  38649.362    23.9159      0.925    6.86787     9.4216     9.4214    18.3965   12.45026 8.2122e+01      0.934 0.0000e+00
         76 265.655263    0.00521     0.3125     18.750  1018.3996  38647.040    23.9143      0.927    6.86794     9.4221     9.4215    18.3953   12.45039 8.1430e+01      0.936 0.0000e+00
         77 265.655266    0.00528     0.3167     19.000  1018.3993  38646.461    23.9140      0.937    6.86792     9.4227     9.4217    18.3950   12.45036 8.0572e+01      0.946 0.0000e+00
         78 265.655269    0.00535     0.3208     19.250  1018.4002  38648.035    23.9151      0.950    6.86780     9.4233     9.4222    18.3958   12.45015 7.9840e+01      0.959 0.0000e+00
         79 265.655272    0.00542     0.3250     19.500  1018.4019  38651.155    23.9173      0.960    6.86761     9.4238     9.4228    18.3974   12.44981 7.9441e+01      0.969 0.0000e+00
         80 265.655275    0.00549     0.3292     19.750  1018.4033  38653.977    23.9192      0.964    6.86743     9.4243     9.4234    18.3988   12.44949 7.9406e+01      0.973 0.0000e+00
         81 265.655278    0.00556     0.3333     20.000  1018.4038  38654.927    23.9199      0.962    6.86732     9.4248     9.4239    18.3993   12.44928 7.9595e+01      0.971 0.0000e+00
         82 265.655281    0.00562     0.3375     20.250  1018.4030  38653.458    23.9190      0.955    6.86728     9.4252     9.4244    18.3985   12.44923 7.9853e+01      0.965 0.0000e+00
         83 265.655284    0.00569     0.3417     20.500  1018.4010  38649.812    23.9166      0.948    6.86731     9.4253     9.4249    18.3965   12.44932 8.0078e+01      0.957 0.0000e+00
         84 265.655286    0.00576     0.3458     20.750  1018.3985  38645.263    23.9135      0.943    6.86739     9.4250     9.4253    18.3941   12.44949 8.0182e+01      0.952 0.0000e+00
         85 265.655289    0.00583     0.3500     21.000  1018.3965  38641.585    23.9110      0.942    6.86749     9.4246     9.4254    18.3922   12.44969 8.0170e+01      0.951 0.0000e+00
