CTD-processing/allCTD/CNV--homogene/2012-08-26-cookinlet-tran9-cast036-s01.cnv
* Sea-Bird SBE19plus Data File:
* FileName = C:\Documents and Settings\kris.holderied.local\My Documents\2012-CTD-DATA-new-files\2012-08-26-CTD-HomerSpit\2012-08-26-KBay-HomerSpitLine-cast036.hex
* Software Version 1.54
* Temperature SN =  5028
* Conductivity SN =  5028
* System UpLoad Time = Aug 26 2012 13:49:05
** Kachemak Bay Homer Spit CTD Mckeon Flat to Spit
** Date:  2012-08-26
** Station: 9-01
** Start time (AKDT-24 hr): 1056
** Depth (ft): 232
** Comment:1055
# nquan = 17
# nvalues = 612                         
# units = specified
# name 0 = scan: Scan Count
# name 1 = timeJ: Julian Days
# name 2 = timeH: Time, Elapsed [hours]
# name 3 = timeM: Time, Elapsed [minutes]
# name 4 = timeS: Time, Elapsed [seconds]
# name 5 = density00: Density [density, kg/m^3]
# name 6 = specc: Specific Conductance [uS/cm]
# name 7 = sal00: Salinity, Practical [PSU]
# name 8 = depSM: Depth [salt water, m], lat = 59.00
# name 9 = oxsolML/L: Oxygen Saturation, Garcia & Gordon [ml/l]
# name 10 = potemp090C: Potential Temperature [ITS-90, deg C]
# name 11 = tv290C: Temperature [ITS-90, deg C]
# name 12 = sigma-é00: Density [sigma-theta, kg/m^3]
# name 13 = n2satML/L: Nitrogen Saturation [ml/l]
# name 14 = par: PAR/Irradiance, Biospherical/Licor [umol photons/m^2/sec]
# name 15 = prdM: Pressure, Strain Gauge [db]
# name 16 = flag:  0.000e+00
# span 0 =          1,        612       
# span 1 = 239.455023, 239.456791       
# span 2 =    0.00000,    0.04243       
# span 3 =     0.0000,     2.5458       
# span 4 =      0.000,    152.750       
# span 5 =  1003.1280,  1024.3447       
# span 6 =   7517.445,  49121.448       
# span 7 =     4.4819,    31.0823       
# span 8 =     -0.025,     65.301       
# span 9 =    6.42837,    7.57537       
# span 10 =     9.0282,    11.4629      
# span 11 =     9.0349,    11.4630      
# span 12 =     3.1281,    24.0473      
# span 13 =   11.67188,   13.90063      
# span 14 = 6.4660e-02, 1.6148e+02      
# span 15 =     -0.026,     65.928      
# span 16 = 0.0000e+00, 0.0000e+00      
# interval = seconds: 0.25
# start_time = Aug 26 2012 10:55:14 [Instrument's time stamp, header]
# bad_flag = -9.990e-29
*END*
[from data line 596]
        597 239.456748    0.04139     2.4833    149.000  1024.3393  49120.959    31.0820     63.545    6.61463     9.0300     9.0361    24.0472   11.94097 6.6910e-02     64.154 0.0000e+00
        598 239.456751    0.04146     2.4875    149.250  1024.3401  49121.278    31.0821     63.703    6.61461     9.0303     9.0362    24.0473   11.94093 6.6726e-02     64.314 0.0000e+00
        599 239.456753    0.04153     2.4917    149.500  1024.3408  49121.366    31.0822     63.842    6.61456     9.0308     9.0365    24.0473   11.94085 6.6535e-02     64.454 0.0000e+00
        600 239.456756    0.04160     2.4958    149.750  1024.3413  49121.448    31.0823     63.965    6.61450     9.0314     9.0369    24.0473   11.94075 6.6355e-02     64.578 0.0000e+00
        601 239.456759    0.04167     2.5000    150.000  1024.3417  49121.442    31.0823     64.070    6.61443     9.0320     9.0374    24.0472   11.94063 6.6200e-02     64.684 0.0000e+00
        602 239.456762    0.04174     2.5042    150.250  1024.3419  49121.117    31.0821     64.159    6.61435     9.0326     9.0380    24.0470   11.94049 6.6066e-02     64.774 0.0000e+00
        603 239.456765    0.04181     2.5083    150.500  1024.3419  49120.479    31.0817     64.238    6.61427     9.0329     9.0387    24.0466   11.94037 6.5947e-02     64.854 0.0000e+00
        604 239.456768    0.04188     2.5125    150.750  1024.3418  49119.687    31.0812     64.318    6.61421     9.0329     9.0392    24.0461   11.94028 6.5821e-02     64.935 0.0000e+00
        605 239.456771    0.04194     2.5167    151.000  1024.3417  49118.852    31.0806     64.414    6.61419     9.0326     9.0395    24.0456   11.94026 6.5673e-02     65.031 0.0000e+00
        606 239.456774    0.04201     2.5208    151.250  1024.3418  49118.084    31.0800     64.537    6.61421     9.0320     9.0395    24.0452   11.94029 6.5501e-02     65.156 0.0000e+00
        607 239.456777    0.04208     2.5250    151.500  1024.3421  49117.416    31.0794     64.690    6.61428     9.0310     9.0393    24.0448   11.94041 6.5310e-02     65.311 0.0000e+00
        608 239.456780    0.04215     2.5292    151.750  1024.3425  49116.791    31.0788     64.862    6.61439     9.0298     9.0387    24.0444   11.94061 6.5110e-02     65.485 0.0000e+00
        609 239.456782    0.04222     2.5333    152.000  1024.3431  49116.424    31.0784     65.031    6.61455     9.0287     9.0377    24.0442   11.94088 6.4926e-02     65.655 0.0000e+00
        610 239.456785    0.04229     2.5375    152.250  1024.3438  49116.527    31.0782     65.173    6.61474     9.0282     9.0365    24.0443   11.94119 6.4782e-02     65.799 0.0000e+00
        611 239.456788    0.04236     2.5417    152.500  1024.3444  49116.909    31.0782     65.268    6.61490 -9.990e-29     9.0354    24.0445   11.94146 6.4691e-02     65.894 0.0000e+00
        612 239.456791    0.04243     2.5458    152.750  1024.3447  49117.126    31.0783     65.301    6.61497 -9.990e-29     9.0349    24.0446   11.94157 6.4660e-02     65.928 0.0000e+00
